%YAML:1.0
---
pose_0: !!opencv-matrix
   rows: 1
   cols: 25
   dt: "3f"
   data: [ 1.10745984e+03, 2.74829590e+02, 8.85511488e-02,
       9.60460083e+02, 2.55184402e+02, 2.77591079e-01, 9.46763550e+02,
       3.17834869e+02, 3.04352731e-01, 8.54714905e+02, 4.98117523e+02,
       6.25342727e-01, 1.04470459e+03, 4.53028290e+02, 6.90334558e-01,
       9.68299072e+02, 2.12064850e+02, 9.04265717e-02, 8.52737732e+02,
       5.07835052e+02, 9.31334794e-02, 0., 0., 0., 0., 0., 0., 0., 0.,
       0., 0., 0., 0., 0., 0., 0., 0., 0., 0., 0., 0., 0., 0., 0., 0.,
       1.13479651e+03, 2.68902435e+02, 2.11503029e-01, 0., 0., 0.,
       1.08583594e+03, 2.33619522e+02, 1.02675386e-01, 0., 0., 0., 0.,
       0., 0., 0., 0., 0., 0., 0., 0., 0., 0., 0., 0., 0., 0., 0., 0.,
       0. ]
