%YAML:1.0
---
pose_0: !!opencv-matrix
   rows: 1
   cols: 25
   dt: "3f"
   data: [ 9.97718323e+02, 2.94362396e+02, 7.42654741e-01,
       8.82099731e+02, 2.90455200e+02, 5.72865605e-01, 8.76220215e+02,
       2.06201370e+02, 5.94755232e-01, 7.70447632e+02, 1.31704422e+02,
       7.25682735e-01, 7.13569275e+02, 1.45413818e+02, 7.90414691e-01,
       8.83999023e+02, 3.84457764e+02, 5.89282930e-01, 7.68459900e+02,
       4.62889313e+02, 7.11202204e-01, 6.48974304e+02, 4.82472351e+02,
       7.76123405e-01, 6.50921387e+02, 3.25706451e+02, 1.20324835e-01,
       6.19594543e+02, 2.74801025e+02, 1.44554704e-01, 5.49039124e+02,
       2.25762787e+02, 5.71338311e-02, 0., 0., 0., 6.82291931e+02,
       3.82498444e+02, 1.35533109e-01, 0., 0., 0., 0., 0., 0.,
       1.01133826e+03, 2.66968353e+02, 7.96148479e-01, 1.01335571e+03,
       3.11976440e+02, 7.58107960e-01, 9.89820374e+02, 2.39537689e+02,
       3.74060571e-01, 1.01138214e+03, 3.37450043e+02, 5.50276786e-02,
       0., 0., 0., 0., 0., 0., 0., 0., 0., 0., 0., 0., 0., 0., 0., 0.,
       0., 0. ]
