%YAML:1.0
---
pose_0: !!opencv-matrix
   rows: 1
   cols: 25
   dt: "3f"
   data: [ 1.01339160e+03, 2.57100464e+02, 6.80665970e-01,
       8.99753967e+02, 2.90455383e+02, 5.91930330e-01, 8.72300232e+02,
       2.08180374e+02, 4.45327580e-01, 8.21390076e+02, 1.65069427e+02,
       2.44864956e-01, 7.29331909e+02, 1.51322632e+02, 6.36691928e-01,
       9.21316589e+02, 3.66873993e+02, 6.27002895e-01, 8.07686096e+02,
       4.90257355e+02, 6.73464358e-01, 8.50724121e+02, 3.62963531e+02,
       6.85342669e-01, 6.19605835e+02, 3.47267395e+02, 6.02370799e-02,
       0., 0., 0., 0., 0., 0., 0., 0., 0., 0., 0., 0., 0., 0., 0., 0.,
       0., 0., 9.85959900e+02, 2.43504776e+02, 5.91851175e-01,
       1.02703320e+03, 2.31698013e+02, 5.89958787e-01, 9.58482910e+02,
       2.23817871e+02, 9.51935351e-02, 0., 0., 0., 0., 0., 0., 0., 0.,
       0., 0., 0., 0., 0., 0., 0., 0., 0., 0., 0., 0., 0. ]
