%YAML:1.0
---
pose_0: !!opencv-matrix
   rows: 1
   cols: 25
   dt: "3f"
   data: [ 8.54688599e+02, 4.47286133e+02, 8.05749595e-01,
       7.60685608e+02, 4.55041901e+02, 6.83403790e-01, 7.62635742e+02,
       3.90351196e+02, 5.96972287e-01, 6.52927917e+02, 3.33578217e+02,
       7.12373376e-01, 7.46974121e+02, 3.64906891e+02, 7.69125462e-01,
       7.60713684e+02, 5.25597839e+02, 6.77412450e-01, 7.13616211e+02,
       6.17636780e+02, 7.06412137e-01, 8.17437866e+02, 5.25511902e+02,
       5.60620606e-01, 5.19683167e+02, 4.62833344e+02, 3.85494351e-01,
       5.19648865e+02, 4.15897858e+02, 4.76573765e-01, 3.82496338e+02,
       4.23647339e+02, 2.70938456e-01, 3.17881195e+02, 4.35437134e+02,
       5.85755408e-02, 5.27503540e+02, 5.07859985e+02, 4.71884429e-01,
       3.62923157e+02, 5.41212952e+02, 2.79588282e-01, 0., 0., 0.,
       8.68322205e+02, 4.33479156e+02, 8.74324083e-01, 8.68342651e+02,
       4.62864075e+02, 7.71561921e-01, 8.40997986e+02, 4.15787109e+02,
       6.80985868e-01, 8.41016296e+02, 4.92171326e+02, 4.96176124e-01,
       0., 0., 0., 0., 0., 0., 0., 0., 0., 0., 0., 0., 0., 0., 0., 0.,
       0., 0. ]
