%YAML:1.0
---
pose_0: !!opencv-matrix
   rows: 1
   cols: 25
   dt: "3f"
   data: [ 8.60571167e+02, 3.17830444e+02, 7.38762021e-01,
       7.64530457e+02, 3.66838440e+02, 7.54945397e-01, 7.37115112e+02,
       3.17849152e+02, 6.47484422e-01, 6.23509033e+02, 3.15914215e+02,
       4.92872804e-01, 5.43160461e+02, 3.04126099e+02, 7.56415725e-01,
       7.91984558e+02, 4.15813354e+02, 6.37768090e-01, 8.99773865e+02,
       4.64789459e+02, 7.10597396e-01, 1.05058435e+03, 4.35460297e+02,
       6.14273489e-01, 5.33400269e+02, 3.98193085e+02, 2.92385757e-01,
       5.33383362e+02, 3.53196838e+02, 4.27666724e-01, 3.39455017e+02,
       3.15924774e+02, 3.14809531e-01, 0., 0., 0., 5.27521851e+02,
       4.43253967e+02, 2.77635992e-01, 3.53216339e+02, 5.39289063e+02,
       2.85093665e-01, 0., 0., 0., 8.68423401e+02, 3.06164978e+02,
       8.01143110e-01, 8.74246155e+02, 3.33574188e+02, 7.88864732e-01,
       0., 0., 0., 8.66419312e+02, 3.68802826e+02, 6.45036221e-01, 0.,
       0., 0., 0., 0., 0., 0., 0., 0., 0., 0., 0., 0., 0., 0., 0., 0.,
       0. ]
