%YAML:1.0
---
pose_0: !!opencv-matrix
   rows: 1
   cols: 25
   dt: "3f"
   data: [ 9.56531677e+02, 2.12171127e+02, 7.69079804e-01,
       8.52768005e+02, 2.55161591e+02, 6.36611998e-01, 8.27225037e+02,
       1.65041290e+02, 6.30669653e-01, 6.80343628e+02, 1.31691498e+02,
       4.81366873e-01, 6.78310791e+02, 1.55249054e+02, 5.53515673e-01,
       8.68438049e+02, 3.37434174e+02, 6.20713294e-01, 7.43005432e+02,
       4.49172241e+02, 7.42177606e-01, 7.60712219e+02, 3.35457642e+02,
       7.37845480e-01, 0., 0., 0., 0., 0., 0., 0., 0., 0., 0., 0., 0.,
       0., 0., 0., 0., 0., 0., 0., 0., 0., 9.62493958e+02,
       1.92497162e+02, 8.53535414e-01, 9.80017151e+02, 2.27864594e+02,
       8.78253937e-01, 9.42811340e+02, 1.70930069e+02, 5.35762489e-01,
       9.70284546e+02, 2.59092499e+02, 4.44201350e-01, 0., 0., 0., 0.,
       0., 0., 0., 0., 0., 0., 0., 0., 0., 0., 0., 0., 0., 0. ]
