%YAML:1.0
---
pose_0: !!opencv-matrix
   rows: 1
   cols: 25
   dt: "3f"
   data: [ 9.13466431e+02, 2.25824188e+02, 8.41057658e-01,
       7.92025269e+02, 2.57095551e+02, 7.03918815e-01, 7.64528870e+02,
       1.94478348e+02, 6.49022698e-01, 6.47026978e+02, 1.88600357e+02,
       4.93009686e-01, 5.52964172e+02, 1.69011246e+02, 4.77893680e-01,
       8.19406128e+02, 3.21810608e+02, 6.20785713e-01, 8.27221619e+02,
       4.62909271e+02, 7.89191246e-01, 8.99730103e+02, 5.45110901e+02,
       6.67931557e-01, 5.31422546e+02, 3.23768127e+02, 2.45674565e-01,
       5.29465027e+02, 2.82631317e+02, 2.62954772e-01, 3.53174042e+02,
       2.41475845e+02, 6.79353550e-02, 0., 0., 0., 5.33393921e+02,
       3.62943024e+02, 2.35841796e-01, 3.64882019e+02, 4.47159698e+02,
       3.24433237e-01, 2.57138428e+02, 5.43198486e+02, 1.50158048e-01,
       9.17438049e+02, 2.08143097e+02, 7.99382865e-01, 9.27190613e+02,
       2.41501419e+02, 8.34046721e-01, 8.97800598e+02, 1.90548706e+02,
       2.41695225e-01, 9.13450378e+02, 2.72822479e+02, 3.83883357e-01,
       0., 0., 0., 0., 0., 0., 0., 0., 0., 0., 0., 0., 0., 0., 0., 0.,
       0., 0. ]
