%YAML:1.0
---
pose_0: !!opencv-matrix
   rows: 1
   cols: 25
   dt: "3f"
   data: [ 8.99752502e+02, 3.53242706e+02, 8.20116043e-01,
       8.17452332e+02, 3.06167938e+02, 6.04521990e-01, 8.33080017e+02,
       2.72755188e+02, 6.86242104e-01, 7.27395203e+02, 3.06132813e+02,
       8.45094562e-01, 8.03722351e+02, 4.43280487e+02, 7.98871100e-01,
       8.01763672e+02, 3.39446869e+02, 2.84049481e-01, 6.70545349e+02,
       3.98210724e+02, 8.38446617e-01, 7.45057922e+02, 4.78461304e+02,
       8.21059406e-01, 5.31442993e+02, 3.06128784e+02, 3.82209659e-01,
       5.27545105e+02, 2.76787781e+02, 4.18702155e-01, 3.96215576e+02,
       3.66888672e+02, 1.65621877e-01, 0., 0., 0., 5.33388062e+02,
       3.35468201e+02, 2.82636583e-01, 3.33564636e+02, 3.60950836e+02,
       2.46233553e-01, 1.47399796e+02, 3.21813538e+02, 2.36735463e-01,
       9.15379700e+02, 3.31544647e+02, 6.84674561e-01, 9.17457642e+02,
       3.64916168e+02, 7.81671464e-01, 8.97805420e+02, 2.90414856e+02,
       8.20912063e-01, 0., 0., 0., 1.23930641e+02, 2.76761108e+02,
       2.20050037e-01, 1.21995338e+02, 2.88454254e+02, 2.17244416e-01,
       0., 0., 0., 0., 0., 0., 0., 0., 0., 0., 0., 0. ]
