%YAML:1.0
---
pose_0: !!opencv-matrix
   rows: 1
   cols: 25
   dt: "3f"
   data: [ 9.01748962e+02, 3.98155334e+02, 7.42497742e-01,
       7.99801819e+02, 4.15867920e+02, 6.71927333e-01, 7.90091492e+02,
       3.47243835e+02, 6.58135593e-01, 7.42974792e+02, 3.06082214e+02,
       3.44607472e-01, 0., 0., 0., 8.03759338e+02, 4.94214294e+02,
       5.86873472e-01, 6.82233582e+02, 5.68605774e+02, 6.27853751e-01,
       5.74490356e+02, 6.19688232e+02, 7.70437777e-01, 5.39234741e+02,
       4.43269501e+02, 2.51460999e-01, 5.39253662e+02, 3.96193756e+02,
       4.10386264e-01, 3.68809082e+02, 3.80557159e+02, 2.42185026e-01,
       1.78761124e+02, 3.51146515e+02, 1.00647122e-01, 5.52945801e+02,
       4.94210602e+02, 2.90030956e-01, 3.82546600e+02, 5.11862427e+02,
       1.36974335e-01, 0., 0., 0., 9.13438721e+02, 3.82445801e+02,
       7.71980286e-01, 9.15334351e+02, 4.13939606e+02, 7.92419553e-01,
       8.88015442e+02, 3.57037750e+02, 4.18915331e-01, 8.99713867e+02,
       4.31509308e+02, 3.09296191e-01, 0., 0., 0., 0., 0., 0., 0., 0.,
       0., 1.57212234e+02, 3.49194977e+02, 6.19040318e-02,
       1.59186813e+02, 3.49193787e+02, 7.03005344e-02, 0., 0., 0. ]
