%YAML:1.0
---
pose_0: !!opencv-matrix
   rows: 1
   cols: 25
   dt: "3f"
   data: [ 8.68385864e+02, 3.29614807e+02, 8.20340276e-01,
       7.74401978e+02, 2.57161346e+02, 5.02287388e-01, 7.74346924e+02,
       2.47353989e+02, 6.60393357e-01, 6.48997681e+02, 2.10185196e+02,
       8.57093215e-01, 6.05907532e+02, 3.45281311e+02, 7.28521705e-01,
       7.88052368e+02, 2.59114227e+02, 3.00498009e-01, 0., 0., 0., 0.,
       0., 0., 5.41196167e+02, 2.72804504e+02, 3.84935856e-01,
       5.33375854e+02, 2.39507172e+02, 3.74320745e-01, 3.82530579e+02,
       2.88515472e+02, 1.64037913e-01, 0., 0., 0., 5.43162598e+02,
       3.04132202e+02, 3.25642586e-01, 4.09943268e+02, 3.51195648e+02,
       9.82521623e-02, 0., 0., 0., 8.83981995e+02, 3.08100677e+02,
       8.10008824e-01, 8.84089172e+02, 3.33545319e+02, 3.92985642e-01,
       8.66408142e+02, 2.59218384e+02, 8.68247807e-01, 0., 0., 0., 0.,
       0., 0., 0., 0., 0., 0., 0., 0., 0., 0., 0., 0., 0., 0., 0., 0.,
       0. ]
