%YAML:1.0
---
pose_0: !!opencv-matrix
   rows: 1
   cols: 25
   dt: "3f"
   data: [ 9.40889771e+02, 2.41430923e+02, 7.01863527e-01,
       8.50713013e+02, 2.98283600e+02, 4.28211272e-01, 8.46839172e+02,
       2.65006134e+02, 1.26335651e-01, 0., 0., 0., 0., 0., 0.,
       8.48813416e+02, 3.29608093e+02, 5.06704032e-01, 7.58662598e+02,
       2.90411896e+02, 6.62162244e-01, 8.56604980e+02, 1.92447861e+02,
       7.70751715e-01, 6.17633362e+02, 3.33516968e+02, 2.47288048e-01,
       5.92163391e+02, 2.96354675e+02, 2.34927669e-01, 2.70858978e+02,
       3.51154999e+02, 1.08608872e-01, 1.33745819e+02, 3.53143219e+02,
       2.92526454e-01, 6.37204651e+02, 3.68810272e+02, 2.10965127e-01,
       2.76752228e+02, 3.64912598e+02, 1.50152504e-01, 1.49434265e+02,
       4.13826141e+02, 1.13270469e-01, 9.48748962e+02, 2.31716599e+02,
       6.37926519e-01, 9.58465393e+02, 2.59185150e+02, 8.02454472e-01,
       0., 0., 0., 9.35056396e+02, 3.11997131e+02, 7.90272772e-01, 0.,
       0., 0., 0., 0., 0., 0., 0., 0., 0., 0., 0., 0., 0., 0., 0., 0.,
       0. ]
