%YAML:1.0
---
pose_0: !!opencv-matrix
   rows: 1
   cols: 25
   dt: "3f"
   data: [ 8.78215149e+02, 1.80850952e+02, 8.20651293e-01,
       8.50713013e+02, 2.59156525e+02, 4.86291707e-01, 0., 0., 0., 0.,
       0., 0., 0., 0., 0., 8.58569580e+02, 2.64961151e+02,
       4.48545277e-01, 7.45005371e+02, 1.94422409e+02, 5.82735538e-01,
       6.64713379e+02, 1.49371979e+02, 7.98022568e-01, 5.37296570e+02,
       3.31589264e+02, 9.88372415e-02, 5.35333496e+02, 2.92452179e+02,
       1.51746646e-01, 1.92514847e+02, 3.19833862e+02, 1.41673729e-01,
       8.47597427e+01, 3.68873474e+02, 3.22639346e-01, 5.39247131e+02,
       3.76662201e+02, 1.02163941e-01, 3.06162506e+02, 2.61095276e+02,
       5.02917320e-02, 0., 0., 0., 8.89928040e+02, 1.78719086e+02,
       3.90219450e-01, 8.99736084e+02, 1.90565964e+02, 8.67184818e-01,
       0., 0., 0., 9.09548096e+02, 2.45416489e+02, 7.75006473e-01, 0.,
       0., 0., 0., 0., 0., 0., 0., 0., 4.94482498e+01, 4.04112915e+02,
       8.19637626e-02, 4.94822006e+01, 4.00217834e+02, 7.78832212e-02,
       6.70982590e+01, 3.84484589e+02, 1.96541637e-01 ]
