%YAML:1.0
---
pose_0: !!opencv-matrix
   rows: 1
   cols: 25
   dt: "3f"
   data: [ 9.52642822e+02, 2.92439331e+02, 7.48678982e-01,
       8.37094360e+02, 3.06066467e+02, 6.75570071e-01, 8.25320129e+02,
       2.23870850e+02, 6.57281578e-01, 6.93977417e+02, 1.53314087e+02,
       7.78374732e-01, 6.84301025e+02, 1.98414154e+02, 7.97233999e-01,
       8.48806030e+02, 3.94262054e+02, 5.53025723e-01, 7.11607971e+02,
       4.92250031e+02, 7.62579858e-01, 8.15475098e+02, 3.80603058e+02,
       7.64537454e-01, 5.39260925e+02, 2.88463013e+02, 1.71453163e-01,
       5.37292969e+02, 2.53197266e+02, 2.65373856e-01, 3.37469025e+02,
       2.59076752e+02, 2.00514212e-01, 1.67031723e+02, 2.90480774e+02,
       2.60861158e-01, 5.19667358e+02, 3.37487396e+02, 1.27868339e-01,
       3.55135193e+02, 3.66901215e+02, 1.21554658e-01, 1.10215904e+02,
       3.66801819e+02, 8.57973844e-02, 9.64367737e+02, 2.72746613e+02,
       8.83965135e-01, 9.72244751e+02, 3.13930847e+02, 7.67409742e-01,
       9.35062012e+02, 2.45410843e+02, 5.98792195e-01, 9.64341064e+02,
       3.37617188e+02, 9.39211994e-02, 0., 0., 0., 0., 0., 0., 0., 0.,
       0., 8.67297287e+01, 2.35600342e+02, 5.93747720e-02, 0., 0., 0.,
       0., 0., 0. ]
