%YAML:1.0
---
pose_0: !!opencv-matrix
   rows: 1
   cols: 25
   dt: "3f"
   data: [ 9.64364929e+02, 2.37512909e+02, 7.94268608e-01,
       8.54720947e+02, 2.43401978e+02, 5.89179158e-01, 8.48762146e+02,
       1.47466385e+02, 5.77573776e-01, 7.05810913e+02, 1.02351387e+02,
       7.39360869e-01, 6.49010681e+02, 1.31805328e+02, 7.47590780e-01,
       8.66415588e+02, 3.35455078e+02, 4.24736589e-01, 7.54720703e+02,
       4.49159943e+02, 7.52514243e-01, 8.35045532e+02, 3.53144257e+02,
       6.90086305e-01, 5.86279175e+02, 3.00246429e+02, 9.64125544e-02,
       5.72565979e+02, 2.45384750e+02, 1.12298019e-01, 0., 0., 0., 0.,
       0., 0., 6.01957275e+02, 3.51177246e+02, 8.12733918e-02, 0., 0.,
       0., 0., 0., 0., 9.74200439e+02, 2.10192078e+02, 8.46314549e-01,
       9.82096619e+02, 2.57090637e+02, 7.08902717e-01, 9.46708374e+02,
       1.88573395e+02, 3.64525467e-01, 9.89863403e+02, 2.90406128e+02,
       1.16832688e-01, 0., 0., 0., 0., 0., 0., 0., 0., 0., 0., 0., 0.,
       0., 0., 0., 0., 0., 0. ]
