%YAML:1.0
---
pose_0: !!opencv-matrix
   rows: 2
   cols: 25
   dt: "3f"
   data: [ 0., 0., 0., 0., 0., 0., 0., 0., 0., 0., 0., 0., 0., 0., 0.,
       7.97865417e+02, 2.64969910e+02, 1.09386407e-01, 7.11640320e+02,
       3.66771851e+02, 7.96688080e-01, 7.90051941e+02, 4.31538727e+02,
       5.89049995e-01, 0., 0., 0., 0., 0., 0., 0., 0., 0., 0., 0., 0.,
       0., 0., 0., 0., 0., 0., 0., 0., 0., 0., 0., 0., 0., 0., 0., 0.,
       0., 0., 0., 0., 0., 0., 0., 0., 0., 0., 0., 0., 0., 0., 0., 0.,
       0., 0., 0., 0., 0., 0., 0., 9.33096130e+02, 3.66792725e+02,
       7.22747207e-01, 8.54721924e+02, 2.66944397e+02, 2.55206466e-01,
       8.68449768e+02, 2.66926300e+02, 7.01074302e-01, 7.74364319e+02,
       3.84550903e+02, 7.99355268e-01, 8.19343445e+02, 4.47166534e+02,
       7.83336759e-01, 8.39004395e+02, 2.45391617e+02, 1.28871664e-01,
       0., 0., 0., 0., 0., 0., 5.62764587e+02, 2.63007629e+02,
       2.23098680e-01, 5.58836670e+02, 2.39491638e+02, 2.23903507e-01,
       2.98273804e+02, 3.23777618e+02, 2.75084019e-01, 1.00420975e+02,
       3.02210938e+02, 1.13174915e-01, 5.54911804e+02, 2.86529724e+02,
       1.24385543e-01, 3.06164276e+02, 3.29630127e+02, 2.50082254e-01,
       9.06242828e+01, 2.94375183e+02, 2.16054738e-01, 9.50653503e+02,
       3.53065002e+02, 7.61842310e-01, 0., 0., 0., 9.50739075e+02,
       3.06067352e+02, 8.43625546e-01, 0., 0., 0., 0., 0., 0., 0., 0.,
       0., 5.93079872e+01, 2.90446289e+02, 1.34245738e-01, 0., 0., 0.,
       0., 0., 0., 0., 0., 0. ]
