%YAML:1.0
---
pose_0: !!opencv-matrix
   rows: 1
   cols: 25
   dt: "3f"
   data: [ 9.17292542e+02, 3.51080780e+02, 7.97868729e-01,
       8.05749451e+02, 3.57035706e+02, 6.46931887e-01, 8.01768677e+02,
       2.74865417e+02, 6.94625080e-01, 6.80302063e+02, 2.41374466e+02,
       7.59931803e-01, 6.29328491e+02, 2.43543869e+02, 7.83219934e-01,
       8.05759827e+02, 4.45183167e+02, 5.70854783e-01, 6.72457153e+02,
       4.84372681e+02, 6.49816453e-01, 5.56917542e+02, 5.19699158e+02,
       7.74373412e-01, 5.60804932e+02, 3.57055023e+02, 1.74987033e-01,
       5.58846191e+02, 3.17869537e+02, 2.63675421e-01, 5.17704895e+02,
       2.96334839e+02, 6.11730963e-02, 0., 0., 0., 5.41217407e+02,
       4.23672211e+02, 1.62283435e-01, 3.74686188e+02, 4.29487885e+02,
       2.43493512e-01, 0., 0., 0., 9.27182678e+02, 3.33480164e+02,
       7.59381413e-01, 9.31041016e+02, 3.66817810e+02, 8.06849122e-01,
       9.01767822e+02, 3.06061615e+02, 5.17409623e-01, 9.17365723e+02,
       3.86459930e+02, 2.75263935e-01, 0., 0., 0., 0., 0., 0., 0., 0.,
       0., 0., 0., 0., 0., 0., 0., 0., 0., 0. ]
