%YAML:1.0
---
pose_0: !!opencv-matrix
   rows: 1
   cols: 25
   dt: "3f"
   data: [ 9.93751831e+02, 2.25733215e+02, 8.44211459e-01,
       8.44864014e+02, 2.25804825e+02, 5.16890466e-01, 8.37063171e+02,
       1.33783920e+02, 6.74134672e-01, 6.95996155e+02, 9.84196167e+01,
       6.88306808e-01, 6.21563049e+02, 1.16144409e+02, 7.72476733e-01,
       8.40961060e+02, 3.19859985e+02, 4.51682001e-01, 7.41056702e+02,
       3.70793213e+02, 2.38310322e-01, 7.05772949e+02, 3.53123871e+02,
       2.43871644e-01, 6.15657959e+02, 2.47364716e+02, 7.95695409e-02,
       5.99981262e+02, 1.90525696e+02, 8.24474767e-02, 0., 0., 0., 0.,
       0., 0., 6.29380249e+02, 2.90456848e+02, 9.91351902e-02,
       3.23754944e+02, 3.21772980e+02, 7.82407001e-02, 0., 0., 0.,
       9.93708008e+02, 1.96420670e+02, 8.87126803e-01, 1.01139075e+03,
       2.27790573e+02, 7.05297530e-01, 9.48702148e+02, 1.65130661e+02,
       4.69687253e-01, 9.83989380e+02, 2.59041077e+02, 1.21428646e-01,
       0., 0., 0., 0., 0., 0., 0., 0., 0., 0., 0., 0., 0., 0., 0., 0.,
       0., 0. ]
