%YAML:1.0
---
pose_0: !!opencv-matrix
   rows: 1
   cols: 25
   dt: "3f"
   data: [ 9.05625183e+02, 2.57122040e+02, 8.33246469e-01,
       7.93964417e+02, 2.84600525e+02, 6.85860813e-01, 7.76347290e+02,
       2.12022354e+02, 7.36221910e-01, 6.31365540e+02, 1.94379272e+02,
       7.36308992e-01, 5.05975067e+02, 1.84688766e+02, 7.31615722e-01,
       8.07640442e+02, 3.57046844e+02, 6.26457155e-01, 7.13679321e+02,
       3.82576569e+02, 6.22546613e-01, 5.54966125e+02, 3.72700317e+02,
       7.19661713e-01, 5.43174133e+02, 2.78719177e+02, 1.48433909e-01,
       5.52966003e+02, 2.45430450e+02, 1.29049033e-01, 5.23651367e+02,
       2.15991241e+02, 3.23950052e-01, 0., 0., 0., 5.51011536e+02,
       3.17879425e+02, 1.03452317e-01, 4.33473938e+02, 3.55111603e+02,
       7.82887265e-02, 3.53194733e+02, 3.64906128e+02, 1.39165178e-01,
       9.05611084e+02, 2.33662552e+02, 8.19063842e-01, 9.19365967e+02,
       2.66945374e+02, 7.62350619e-01, 8.78179321e+02, 2.17968079e+02,
       6.66929483e-01, 9.01779114e+02, 2.94414703e+02, 3.71793956e-01,
       0., 0., 0., 0., 0., 0., 0., 0., 0., 0., 0., 0., 0., 0., 0., 0.,
       0., 0. ]
