%YAML:1.0
---
pose_0: !!opencv-matrix
   rows: 1
   cols: 25
   dt: "3f"
   data: [ 8.87966003e+02, 4.11928131e+02, 8.63891721e-01,
       7.80221191e+02, 4.31449829e+02, 7.04481721e-01, 7.66525940e+02,
       3.58997498e+02, 6.05704784e-01, 7.27298340e+02, 2.45413391e+02,
       6.37564838e-01, 7.29384583e+02, 1.31723633e+02, 5.04427850e-01,
       7.90087036e+02, 5.02022369e+02, 6.36702716e-01, 6.97971985e+02,
       5.54877136e+02, 7.84875751e-01, 6.15687927e+02, 5.27571899e+02,
       7.91299820e-01, 5.41225830e+02, 4.25638458e+02, 1.64319336e-01,
       5.41206421e+02, 3.84481598e+02, 2.58762360e-01, 3.53132904e+02,
       3.35514587e+02, 1.77669376e-01, 2.10095337e+02, 2.76798309e+02,
       1.41925067e-01, 5.37275085e+02, 4.82464691e+02, 1.46645829e-01,
       0., 0., 0., 0., 0., 0., 8.87996216e+02, 3.92324554e+02,
       8.24331999e-01, 9.01691040e+02, 4.17874329e+02, 7.95548618e-01,
       8.56702515e+02, 3.80541687e+02, 5.90561628e-01, 8.72373718e+02,
       4.47123840e+02, 4.80227202e-01, 0., 0., 0., 0., 0., 0., 0., 0.,
       0., 0., 0., 0., 0., 0., 0., 0., 0., 0. ]
