%YAML:1.0
---
pose_0: !!opencv-matrix
   rows: 1
   cols: 25
   dt: "3f"
   data: [ 1.01150385e+03, 3.76621796e+02, 7.67129302e-01,
       9.01677673e+02, 3.33572083e+02, 4.98336792e-01, 9.19343018e+02,
       2.49333115e+02, 5.36378086e-01, 8.86030701e+02, 1.94393753e+02,
       4.50619996e-01, 7.93954712e+02, 1.47418076e+02, 6.43894613e-01,
       8.80118774e+02, 4.13891785e+02, 5.10148287e-01, 7.64573792e+02,
       5.05902130e+02, 6.60381734e-01, 7.58653198e+02, 5.98043518e+02,
       6.87503994e-01, 0., 0., 0., 0., 0., 0., 0., 0., 0., 0., 0., 0.,
       0., 0., 0., 0., 0., 0., 0., 0., 0., 1.03879285e+03,
       3.49156036e+02, 7.75155306e-01, 1.03103784e+03, 3.90389832e+02,
       6.58132911e-01, 1.02504028e+03, 3.02189209e+02, 6.07660949e-01,
       0., 0., 0., 0., 0., 0., 0., 0., 0., 0., 0., 0., 0., 0., 0., 0.,
       0., 0., 0., 0., 0. ]
