%YAML:1.0
---
pose_0: !!opencv-matrix
   rows: 2
   cols: 25
   dt: "3f"
   data: [ 9.01728149e+02, 3.53095551e+02, 8.03770542e-01,
       8.37095642e+02, 2.90406769e+02, 4.02251244e-01, 8.35096436e+02,
       2.88552002e+02, 6.35803699e-01, 7.35189026e+02, 3.35495697e+02,
       5.11985362e-01, 6.86232056e+02, 4.31460419e+02, 7.15912342e-01,
       8.42915955e+02, 2.84582977e+02, 2.72530586e-01, 0., 0., 0., 0.,
       0., 0., 5.05945038e+02, 2.59117188e+02, 2.67506748e-01, 0., 0.,
       0., 0., 0., 0., 0., 0., 0., 5.00084656e+02, 2.39522537e+02,
       1.77676603e-01, 3.76644012e+02, 3.82502808e+02, 5.30621111e-02,
       0., 0., 0., 9.17366394e+02, 3.35453583e+02, 8.64261389e-01,
       9.21306458e+02, 3.55080231e+02, 1.44867852e-01, 8.97770569e+02,
       2.88533661e+02, 8.86303902e-01, 0., 0., 0., 0., 0., 0., 0., 0.,
       0., 0., 0., 0., 0., 0., 0., 0., 0., 0., 0., 0., 0., 0., 0., 0.,
       7.42985840e+02, 2.78673309e+02, 7.46896714e-02, 7.74301819e+02,
       2.61089874e+02, 2.07339823e-01, 0., 0., 0., 0., 0., 0.,
       7.39096375e+02, 2.76722137e+02, 5.19671068e-02, 6.01986206e+02,
       3.23735626e+02, 4.10140395e-01, 5.84336975e+02, 4.45182098e+02,
       7.00137019e-01, 0., 0., 0., 0., 0., 0., 0., 0., 0., 0., 0., 0.,
       0., 0., 0., 0., 0., 0., 0., 0., 0., 0., 0., 0., 0., 0., 0., 0.,
       0., 0., 0., 0., 0., 0., 0., 0., 0., 0., 0., 0., 0., 0., 0., 0.,
       0., 0., 0., 0., 0., 0., 0. ]
