%YAML:1.0
---
pose_0: !!opencv-matrix
   rows: 1
   cols: 25
   dt: "3f"
   data: [ 1.02710254e+03, 3.64891388e+02, 7.50118434e-01,
       9.33012573e+02, 3.66865997e+02, 3.99669349e-01, 9.17439453e+02,
       2.92389618e+02, 5.01678288e-01, 8.39037781e+02, 1.45446808e+02,
       5.67294657e-01, 9.07604370e+02, 2.61074097e+02, 4.53840554e-01,
       9.46750427e+02, 4.39345947e+02, 2.11446673e-01, 8.52754211e+02,
       5.47133240e+02, 6.46791101e-01, 9.29108276e+02, 4.58916382e+02,
       7.35989213e-01, 0., 0., 0., 0., 0., 0., 0., 0., 0., 0., 0., 0.,
       0., 0., 0., 0., 0., 0., 0., 0., 0., 1.04082568e+03,
       3.35406586e+02, 7.97307134e-01, 1.04672400e+03, 3.82510681e+02,
       7.74331450e-01, 1.02318292e+03, 3.04118256e+02, 5.80111802e-01,
       1.04281616e+03, 4.06088989e+02, 1.17461130e-01, 0., 0., 0., 0.,
       0., 0., 0., 0., 0., 0., 0., 0., 0., 0., 0., 0., 0., 0. ]
