%YAML:1.0
---
pose_0: !!opencv-matrix
   rows: 1
   cols: 25
   dt: "3f"
   data: [ 9.30982483e+02, 2.12071518e+02, 8.35535884e-01,
       8.13550903e+02, 2.19928650e+02, 6.24358594e-01, 8.05736938e+02,
       1.33704605e+02, 6.57382309e-01, 6.76404724e+02, 9.65217590e+01,
       7.19823360e-01, 5.72587280e+02, 8.08267822e+01, 8.11936855e-01,
       8.11611938e+02, 3.06087402e+02, 6.21972919e-01, 6.94015076e+02,
       3.37419861e+02, 6.49523973e-01, 5.66715271e+02, 3.35454865e+02,
       8.12004805e-01, 5.56917664e+02, 2.12094803e+02, 1.97843716e-01,
       5.60807983e+02, 1.70948944e+02, 2.47597605e-01, 3.70776733e+02,
       1.51375900e+02, 7.48000443e-02, 0., 0., 0., 5.58851074e+02,
       2.66959534e+02, 1.39759853e-01, 4.56957642e+02, 2.94362274e+02,
       8.47237855e-02, 0., 0., 0., 9.35043396e+02, 1.90539932e+02,
       8.29036236e-01, 9.42872192e+02, 2.27731171e+02, 8.37113142e-01,
       9.11513794e+02, 1.65163025e+02, 6.75288856e-01, 9.29152588e+02,
       2.45440918e+02, 2.12261930e-01, 0., 0., 0., 0., 0., 0., 0., 0.,
       0., 0., 0., 0., 0., 0., 0., 0., 0., 0. ]
