%YAML:1.0
---
pose_0: !!opencv-matrix
   rows: 1
   cols: 25
   dt: "3f"
   data: [ 9.35041016e+02, 3.06145599e+02, 7.89476514e-01,
       8.23289612e+02, 3.55101227e+02, 6.27193868e-01, 7.95902466e+02,
       3.02226410e+02, 5.15914917e-01, 7.33206421e+02, 3.04185913e+02,
       6.91826046e-02, 0., 0., 0., 8.37109680e+02, 4.13879822e+02,
       6.65750146e-01, 7.09688354e+02, 4.62830658e+02, 7.39694893e-01,
       5.86192749e+02, 3.82439880e+02, 7.98236489e-01, 5.76503906e+02,
       3.82513214e+02, 1.44446924e-01, 5.54924500e+02, 3.47277161e+02,
       1.00003220e-01, 3.51157318e+02, 3.41392700e+02, 9.11223441e-02,
       1.65141220e+02, 4.15878906e+02, 1.60052791e-01, 5.82353821e+02,
       4.13898254e+02, 8.20876956e-02, 0., 0., 0., 0., 0., 0.,
       9.46800171e+02, 3.00221497e+02, 7.70614326e-01, 9.50755554e+02,
       3.27711060e+02, 8.10322702e-01, 0., 0., 0., 9.33069275e+02,
       3.70740021e+02, 7.45319843e-01, 0., 0., 0., 0., 0., 0., 0., 0.,
       0., 0., 0., 0., 0., 0., 0., 0., 0., 0. ]
