%YAML:1.0
---
pose_0: !!opencv-matrix
   rows: 1
   cols: 25
   dt: "3f"
   data: [ 1.06043262e+03, 2.08155350e+02, 6.06160223e-01,
       9.15367432e+02, 2.68904510e+02, 3.60568613e-01, 8.66445862e+02,
       1.76807648e+02, 1.64336711e-01, 0., 0., 0., 0., 0., 0.,
       9.23256226e+02, 3.51171692e+02, 4.48831320e-01, 7.56702026e+02,
       4.60882202e+02, 7.08428144e-01, 8.23383850e+02, 3.64906494e+02,
       7.39712238e-01, 0., 0., 0., 0., 0., 0., 0., 0., 0., 0., 0., 0.,
       0., 0., 0., 0., 0., 0., 0., 0., 0., 1.07211902e+03,
       1.78842697e+02, 7.02102900e-01, 1.08580029e+03, 2.27801590e+02,
       6.94736063e-01, 1.02514575e+03, 1.47415375e+02, 1.23082861e-01,
       1.06428149e+03, 2.61038086e+02, 1.46767408e-01, 0., 0., 0., 0.,
       0., 0., 0., 0., 0., 0., 0., 0., 0., 0., 0., 0., 0., 0. ]
