%YAML:1.0
---
pose_0: !!opencv-matrix
   rows: 1
   cols: 25
   dt: "3f"
   data: [ 9.35004333e+02, 3.86425323e+02, 7.66956508e-01,
       8.35024292e+02, 3.53171906e+02, 6.47967577e-01, 8.39021484e+02,
       2.82638519e+02, 5.95418990e-01, 7.72346191e+02, 1.69010162e+02,
       7.92103469e-01, 7.35139648e+02, 2.14028854e+02, 8.25895905e-01,
       8.21418274e+02, 4.21692047e+02, 5.24244726e-01, 7.86120728e+02,
       4.62816193e+02, 3.69985253e-01, 7.27270508e+02, 5.09919159e+02,
       7.91190565e-01, 5.72555115e+02, 3.64895691e+02, 6.43092394e-02,
       0., 0., 0., 0., 0., 0., 0., 0., 0., 5.78431152e+02,
       4.17799957e+02, 5.77166080e-02, 0., 0., 0., 0., 0., 0.,
       9.48689941e+02, 3.66834991e+02, 7.84855366e-01, 9.52661926e+02,
       3.96236633e+02, 7.44898558e-01, 9.31053833e+02, 3.31555847e+02,
       4.88337010e-01, 0., 0., 0., 0., 0., 0., 0., 0., 0., 0., 0., 0.,
       0., 0., 0., 0., 0., 0., 0., 0., 0. ]
