%YAML:1.0
---
pose_0: !!opencv-matrix
   rows: 1
   cols: 25
   dt: "3f"
   data: [ 9.50663940e+02, 1.04373123e+02, 6.75103128e-01,
       8.54647339e+02, 1.76844742e+02, 6.52930498e-01, 8.21376587e+02,
       1.14132538e+02, 5.51876605e-01, 7.07751282e+02, 1.20020927e+02,
       5.28567806e-02, 0., 0., 0., 8.82123108e+02, 2.39524857e+02,
       5.98379672e-01, 7.44918396e+02, 3.51237885e+02, 6.07858539e-01,
       5.70539978e+02, 4.29534912e+02, 7.25276828e-01, 5.52977478e+02,
       2.10141953e+02, 9.50709432e-02, 5.29475098e+02, 1.80716690e+02,
       1.21655561e-01, 3.04100494e+02, 2.59119232e+02, 2.61916429e-01,
       2.17961166e+02, 3.86457336e+02, 4.61298287e-01, 5.76478210e+02,
       2.59095734e+02, 6.90709129e-02, 3.08109680e+02, 2.63007507e+02,
       9.01046246e-02, 2.19924240e+02, 3.80554565e+02, 5.45057021e-02,
       9.70294800e+02, 8.67382202e+01, 5.34782946e-01, 9.76163574e+02,
       1.31780975e+02, 8.34559798e-01, 0., 0., 0., 9.64409119e+02,
       1.70911743e+02, 5.97278297e-01, 1.04360420e+02, 3.98233765e+02,
       5.71186021e-02, 1.16109871e+02, 4.09957642e+02, 7.00970590e-02,
       0., 0., 0., 1.59168854e+02, 3.84509918e+02, 9.04467925e-02,
       1.63101990e+02, 3.82483673e+02, 8.58251527e-02, 2.31694733e+02,
       4.02131165e+02, 3.11006278e-01 ]
