%YAML:1.0
---
pose_0: !!opencv-matrix
   rows: 1
   cols: 25
   dt: "3f"
   data: [ 9.15478699e+02, 3.84505341e+02, 8.27917814e-01,
       8.05663940e+02, 3.82535736e+02, 6.85358763e-01, 8.21372375e+02,
       3.27659851e+02, 4.68456864e-01, 9.40894897e+02, 3.06173676e+02,
       7.61957109e-01, 1.01534833e+03, 4.07969574e+02, 7.39437759e-01,
       7.82210632e+02, 4.41319794e+02, 5.10019839e-01, 6.80376099e+02,
       4.80563721e+02, 7.55407393e-01, 5.86323303e+02, 5.52974243e+02,
       6.57983601e-01, 5.51006042e+02, 3.84467407e+02, 2.59062469e-01,
       5.54925110e+02, 3.39418762e+02, 3.34532768e-01, 3.45312866e+02,
       3.31566467e+02, 3.86118799e-01, 0., 0., 0., 5.49071716e+02,
       4.33456909e+02, 2.81118900e-01, 3.90366058e+02, 5.02026031e+02,
       1.79328144e-01, 2.41436676e+02, 4.90243805e+02, 8.84101689e-02,
       9.17454041e+02, 3.66801697e+02, 8.77534389e-01, 9.31094421e+02,
       3.88446014e+02, 7.12204933e-01, 8.80160278e+02, 3.39436310e+02,
       5.76840341e-01, 9.13409119e+02, 4.13757111e+02, 9.38478038e-02,
       0., 0., 0., 0., 0., 0., 0., 0., 0., 0., 0., 0., 0., 0., 0., 0.,
       0., 0. ]
