%YAML:1.0
---
pose_0: !!opencv-matrix
   rows: 1
   cols: 25
   dt: "3f"
   data: [ 8.85976135e+02, 3.98152252e+02, 8.37217212e-01,
       7.88080750e+02, 4.13891083e+02, 6.84380770e-01, 7.76259705e+02,
       3.41374298e+02, 7.26716995e-01, 6.92039612e+02, 2.90535767e+02,
       7.24072576e-01, 6.72500366e+02, 2.57118195e+02, 7.84324050e-01,
       7.92068237e+02, 4.86376099e+02, 6.24194384e-01, 6.92067810e+02,
       5.76490479e+02, 7.63886690e-01, 7.76303589e+02, 5.53008911e+02,
       8.36189449e-01, 5.66675964e+02, 4.21702393e+02, 2.63526827e-01,
       5.62752014e+02, 3.84526733e+02, 3.36535811e-01, 3.53136719e+02,
       3.84489655e+02, 1.55396223e-01, 1.49438385e+02, 3.57045715e+02,
       1.89931303e-01, 5.56911194e+02, 4.68715332e+02, 2.31499374e-01,
       3.66876831e+02, 5.07916687e+02, 1.88814625e-01, 1.96393250e+02,
       5.60826965e+02, 7.04297051e-02, 8.97714905e+02, 3.82578278e+02,
       8.59238625e-01, 8.99745056e+02, 4.15824188e+02, 8.07408869e-01,
       8.70297668e+02, 3.66870880e+02, 4.20698941e-01, 8.80146362e+02,
       4.45193604e+02, 6.68686628e-01, 1.49409363e+02, 5.86283081e+02,
       6.01183511e-02, 1.59200836e+02, 5.94107849e+02, 6.02179095e-02,
       0., 0., 0., 0., 0., 0., 0., 0., 0., 0., 0., 0. ]
