%YAML:1.0
---
pose_0: !!opencv-matrix
   rows: 1
   cols: 25
   dt: "3f"
   data: [ 9.58468567e+02, 2.57038300e+02, 7.68032253e-01,
       8.39017517e+02, 2.59160767e+02, 5.86366773e-01, 8.35074463e+02,
       1.74834503e+02, 5.97128808e-01, 6.97950806e+02, 1.18002556e+02,
       8.37102830e-01, 6.62696594e+02, 1.61183609e+02, 8.34169149e-01,
       8.50702454e+02, 3.47230072e+02, 5.51902056e-01, 7.27317566e+02,
       4.62816803e+02, 7.76435971e-01, 7.88105286e+02, 3.31583496e+02,
       6.32755995e-01, 5.25538452e+02, 2.76756012e+02, 8.29124227e-02,
       4.98114197e+02, 2.41435135e+02, 1.45934105e-01, 3.37464691e+02,
       2.57135956e+02, 2.71555662e-01, 1.02382874e+02, 2.64987122e+02,
       6.13788776e-02, 5.07917023e+02, 3.41410461e+02, 8.70444104e-02,
       3.19824585e+02, 3.25741058e+02, 2.12077484e-01, 1.29805527e+02,
       3.19782959e+02, 1.29643857e-01, 9.62408264e+02, 2.27683929e+02,
       8.19714189e-01, 9.78175842e+02, 2.65024017e+02, 8.12013388e-01,
       9.33055786e+02, 2.06216980e+02, 5.86773634e-01, 9.72243225e+02,
       2.90370941e+02, 9.84571055e-02, 8.86716003e+01, 3.04193939e+02,
       6.87553510e-02, 0., 0., 0., 1.31747421e+02, 3.17882751e+02,
       1.14267804e-01, 9.05893936e+01, 2.90482544e+02, 8.20866376e-02,
       0., 0., 0., 0., 0., 0. ]
