%YAML:1.0
---
pose_0: !!opencv-matrix
   rows: 1
   cols: 25
   dt: "3f"
   data: [ 8.99683899e+02, 3.88417938e+02, 8.25899720e-01,
       8.05751038e+02, 4.43216248e+02, 5.77578187e-01, 7.78292297e+02,
       4.09981567e+02, 4.08009171e-01, 7.17519531e+02, 3.82569397e+02,
       1.93302929e-01, 0., 0., 0., 8.35100098e+02, 4.76575745e+02,
       6.00816369e-01, 7.17544800e+02, 3.84490021e+02, 6.50761008e-01,
       6.33255371e+02, 2.74696472e+02, 7.64596999e-01, 5.62771179e+02,
       5.07906982e+02, 7.90417790e-02, 5.66695557e+02, 4.58940063e+02,
       9.78198573e-02, 3.59010986e+02, 3.80512421e+02, 8.26417804e-02,
       3.41403534e+02, 3.80595673e+02, 1.47203401e-01, 5.72559387e+02,
       5.56881287e+02, 5.92582710e-02, 0., 0., 0., 0., 0., 0.,
       9.03713684e+02, 3.72745819e+02, 8.21440458e-01, 9.15451294e+02,
       4.02130096e+02, 8.65906835e-01, 8.86093506e+02, 3.66805389e+02,
       2.90266991e-01, 9.01724976e+02, 4.43202515e+02, 7.28115439e-01,
       0., 0., 0., 0., 0., 0., 0., 0., 0., 0., 0., 0., 0., 0., 0., 0.,
       0., 0. ]
