%YAML:1.0
---
pose_0: !!opencv-matrix
   rows: 1
   cols: 25
   dt: "3f"
   data: [ 9.29152771e+02, 3.62893890e+02, 6.81133687e-01,
       8.39056213e+02, 2.76730438e+02, 4.11706537e-01, 8.46861206e+02,
       2.59052551e+02, 6.64137542e-01, 7.56740356e+02, 3.53103271e+02,
       6.69876873e-01, 8.41004578e+02, 4.45241425e+02, 7.84670591e-01,
       8.35060730e+02, 3.06121277e+02, 1.81028828e-01, 7.41080139e+02,
       3.86510986e+02, 4.39228177e-01, 8.38999268e+02, 4.13834320e+02,
       2.76554406e-01, 5.72549133e+02, 2.80673950e+02, 3.53804976e-01,
       5.70632690e+02, 2.47367203e+02, 3.60387504e-01, 4.21724518e+02,
       2.78692474e+02, 2.04107136e-01, 1.08233727e+02, 3.33509094e+02,
       5.92716113e-02, 5.66667786e+02, 3.13930054e+02, 3.63479078e-01,
       4.49142365e+02, 3.43373901e+02, 2.56801635e-01, 3.12008606e+02,
       3.62917328e+02, 1.17736772e-01, 9.44824829e+02, 3.51127411e+02,
       7.70298958e-01, 0., 0., 0., 9.44814941e+02, 3.04163025e+02,
       8.53862941e-01, 0., 0., 0., 0., 0., 0., 0., 0., 0., 0., 0., 0.,
       0., 0., 0., 0., 0., 0., 0., 0., 0. ]
