%YAML:1.0
---
pose_0: !!opencv-matrix
   rows: 1
   cols: 25
   dt: "3f"
   data: [ 8.99711426e+02, 3.51212402e+02, 8.47535372e-01,
       8.03768616e+02, 3.15939362e+02, 6.28904045e-01, 8.19358032e+02,
       2.72783569e+02, 6.90596759e-01, 7.13550842e+02, 3.08117737e+02,
       7.69543231e-01, 8.11610962e+02, 4.25600464e+02, 7.66248107e-01,
       7.80226746e+02, 3.53122223e+02, 4.37947482e-01, 6.84247620e+02,
       4.15846283e+02, 8.49094689e-01, 7.60600891e+02, 4.47091064e+02,
       8.86407733e-01, 5.45133545e+02, 2.92434143e+02, 1.46086052e-01,
       5.43183105e+02, 2.92422028e+02, 1.47493571e-01, 3.06106506e+02,
       3.35488281e+02, 2.24095672e-01, 1.20031197e+02, 3.35545319e+02,
       2.71643758e-01, 5.45126831e+02, 2.92405853e+02, 1.13635384e-01,
       2.98293274e+02, 3.33533508e+02, 6.26911744e-02, 1.37660629e+02,
       3.33555237e+02, 1.24822371e-01, 9.15450806e+02, 3.23765564e+02,
       7.48018801e-01, 9.15458557e+02, 3.64848450e+02, 7.73262382e-01,
       8.97711914e+02, 2.90368774e+02, 8.04376066e-01, 0., 0., 0., 0.,
       0., 0., 0., 0., 0., 0., 0., 0., 8.27688599e+01, 3.49218719e+02,
       6.27899989e-02, 0., 0., 0., 9.84616928e+01, 3.37444122e+02,
       1.69356912e-01 ]
