%YAML:1.0
---
pose_0: !!opencv-matrix
   rows: 1
   cols: 25
   dt: "3f"
   data: [ 8.99778076e+02, 1.90558914e+02, 7.69367695e-01,
       8.44894775e+02, 2.86489136e+02, 4.82710719e-01, 8.54643921e+02,
       3.02168945e+02, 3.70058894e-01, 7.39073669e+02, 2.61115295e+02,
       1.74987763e-01, 0., 0., 0., 8.48757263e+02, 2.72817444e+02,
       5.14544964e-01, 7.23395569e+02, 2.27838516e+02, 6.33094609e-01,
       8.11567566e+02, 1.51362198e+02, 4.62693334e-01, 5.56924500e+02,
       3.17894043e+02, 1.62730709e-01, 5.51015198e+02, 2.90466919e+02,
       1.39150843e-01, 3.41381348e+02, 2.94391479e+02, 1.60149932e-01,
       9.64872818e+01, 3.70764435e+02, 2.82449275e-01, 5.68651672e+02,
       3.55110779e+02, 1.07562341e-01, 0., 0., 0., 0., 0., 0.,
       9.17356262e+02, 1.84701736e+02, 1.80084333e-01, 9.21299133e+02,
       1.96499481e+02, 8.20478857e-01, 0., 0., 0., 9.23245911e+02,
       2.59106476e+02, 8.17901790e-01, 0., 0., 0., 0., 0., 0., 0., 0.,
       0., 6.51351395e+01, 4.00142822e+02, 2.54849792e-01,
       6.12040558e+01, 3.92323151e+02, 2.54567981e-01, 8.47363815e+01,
       3.78629089e+02, 1.86339930e-01 ]
