%YAML:1.0
---
pose_0: !!opencv-matrix
   rows: 1
   cols: 25
   dt: "3f"
   data: [ 9.33104187e+02, 2.70844055e+02, 7.71184087e-01,
       8.35090515e+02, 3.21876923e+02, 5.98101318e-01, 8.07691589e+02,
       2.76711609e+02, 3.54321420e-01, 0., 0., 0., 0., 0., 0.,
       8.48775452e+02, 3.70811981e+02, 6.04375601e-01, 7.23424438e+02,
       3.86452118e+02, 6.34498060e-01, 5.80411560e+02, 3.37486816e+02,
       7.36411035e-01, 5.39264709e+02, 3.57080139e+02, 1.80746332e-01,
       5.39258606e+02, 3.19819702e+02, 1.66424006e-01, 3.33534912e+02,
       2.72814209e+02, 3.54538321e-01, 1.37646820e+02, 2.23816254e+02,
       1.18866771e-01, 5.41203613e+02, 3.98208252e+02, 2.00686276e-01,
       3.49205750e+02, 4.51098419e+02, 2.66820550e-01, 1.47425140e+02,
       4.94154755e+02, 2.96305746e-01, 9.46810303e+02, 2.61023102e+02,
       8.37988913e-01, 9.56560059e+02, 2.88474792e+02, 8.55836570e-01,
       9.25217529e+02, 2.57088928e+02, 6.34370297e-02, 9.35002380e+02,
       3.35561249e+02, 8.52603614e-01, 7.10117111e+01, 4.64800201e+02,
       1.64758578e-01, 7.88469772e+01, 4.78549744e+02, 1.47415444e-01,
       1.35695938e+02, 5.09851593e+02, 1.92931309e-01, 0., 0., 0., 0.,
       0., 0., 0., 0., 0. ]
