%YAML:1.0
---
pose_0: !!opencv-matrix
   rows: 1
   cols: 25
   dt: "3f"
   data: [ 9.97682861e+02, 2.39495407e+02, 8.42181683e-01,
       8.68330261e+02, 2.33616364e+02, 4.50571001e-01, 8.48785278e+02,
       1.45481705e+02, 3.36045027e-01, 7.88055847e+02, 1.25900085e+02,
       6.13588691e-02, 0., 0., 0., 8.72372986e+02, 3.27678589e+02,
       4.92077917e-01, 7.60739014e+02, 4.47241821e+02, 7.43494511e-01,
       8.37114014e+02, 3.21841766e+02, 7.47022510e-01, 6.47004517e+02,
       2.55166687e+02, 8.38585049e-02, 6.31341187e+02, 2.35604401e+02,
       7.68495277e-02, 0., 0., 0., 0., 0., 0., 0., 0., 0., 0., 0., 0.,
       0., 0., 0., 1.00554279e+03, 2.06193100e+02, 7.69646883e-01,
       1.01342535e+03, 2.49341385e+02, 6.73593879e-01, 9.66346863e+02,
       1.67010391e+02, 3.91387910e-01, 0., 0., 0., 0., 0., 0., 0., 0.,
       0., 0., 0., 0., 0., 0., 0., 0., 0., 0., 0., 0., 0. ]
