%YAML:1.0
---
pose_0: !!opencv-matrix
   rows: 1
   cols: 25
   dt: "3f"
   data: [ 9.31116089e+02, 3.51241760e+02, 7.92381346e-01,
       8.62517212e+02, 2.72846527e+02, 4.47236091e-01, 8.68436340e+02,
       2.59182434e+02, 7.53935695e-01, 7.58746948e+02, 3.17846161e+02,
       7.34847248e-01, 8.25324768e+02, 4.39342468e+02, 7.91147590e-01,
       8.54677856e+02, 3.02191437e+02, 2.19573095e-01, 7.86097839e+02,
       3.41412598e+02, 8.83832499e-02, 0., 0., 0., 5.64722046e+02,
       2.92420380e+02, 3.36017370e-01, 5.60827332e+02, 2.61048157e+02,
       3.90763581e-01, 3.47268158e+02, 3.35468903e+02, 1.41712159e-01,
       1.12174660e+02, 3.08098267e+02, 1.94616213e-01, 5.64711670e+02,
       3.25730530e+02, 2.46687368e-01, 4.09952240e+02, 3.53197327e+02,
       7.62530193e-02, 0., 0., 0., 9.48721924e+02, 3.35489288e+02,
       8.11894536e-01, 0., 0., 0., 9.38953918e+02, 2.82599731e+02,
       7.94413805e-01, 0., 0., 0., 0., 0., 0., 0., 0., 0., 0., 0., 0.,
       5.14318504e+01, 2.94391266e+02, 8.41075704e-02, 5.13918419e+01,
       2.90506012e+02, 7.50786886e-02, 0., 0., 0. ]
