%YAML:1.0
---
pose_0: !!opencv-matrix
   rows: 1
   cols: 25
   dt: "3f"
   data: [ 9.72193237e+02, 2.59183136e+02, 7.59328663e-01,
       8.68399109e+02, 2.63009003e+02, 6.14973247e-01, 8.50769226e+02,
       1.80722626e+02, 5.64315438e-01, 8.21369629e+02, 1.47399841e+02,
       4.36582506e-01, 7.64586548e+02, 1.00371017e+02, 7.45723665e-01,
       8.84041260e+02, 3.53195496e+02, 6.31941020e-01, 7.86126282e+02,
       4.92174072e+02, 5.69425941e-01, 7.91997070e+02, 4.74614319e+02,
       1.76930979e-01, 5.41231689e+02, 3.13966400e+02, 9.56910998e-02,
       5.27523438e+02, 2.68899994e+02, 1.42818585e-01, 3.23763519e+02,
       3.04122742e+02, 2.24202961e-01, 1.00358902e+02, 3.23730377e+02,
       1.11223318e-01, 5.52971619e+02, 3.76651947e+02, 1.02116816e-01,
       3.53119690e+02, 4.11880493e+02, 1.99947163e-01, 1.80737167e+02,
       4.49148346e+02, 6.32452369e-02, 9.82019714e+02, 2.27781097e+02,
       8.22617471e-01, 9.93751465e+02, 2.74695709e+02, 7.85504222e-01,
       9.62353882e+02, 1.94425186e+02, 6.46917880e-01, 0., 0., 0., 0.,
       0., 0., 0., 0., 0., 0., 0., 0., 0., 0., 0., 0., 0., 0., 0., 0.,
       0. ]
