%YAML:1.0
---
pose_0: !!opencv-matrix
   rows: 1
   cols: 25
   dt: "3f"
   data: [ 1.04864294e+03, 2.12139206e+02, 5.47571301e-01,
       9.19346191e+02, 2.37564621e+02, 4.25302356e-01, 9.01730896e+02,
       1.43503998e+02, 2.99726963e-01, 7.45015869e+02, 8.08468552e+01,
       6.56139314e-01, 7.46899780e+02, 1.33662643e+02, 7.36191452e-01,
       9.33022888e+02, 3.27675018e+02, 5.98265707e-01, 7.92049255e+02,
       4.41333405e+02, 7.56470561e-01, 8.82053467e+02, 3.06112671e+02,
       7.26067424e-01, 6.45044067e+02, 3.37477722e+02, 8.76569003e-02,
       6.13696777e+02, 2.94367828e+02, 8.71841908e-02, 0., 0., 0., 0.,
       0., 0., 6.74445801e+02, 3.74700317e+02, 7.36256838e-02, 0., 0.,
       0., 0., 0., 0., 1.07020435e+03, 1.92438095e+02, 6.73891068e-01,
       1.06430530e+03, 2.41541992e+02, 5.25766194e-01, 1.02121222e+03,
       1.53317108e+02, 2.78138012e-01, 1.03686938e+03, 2.57166687e+02,
       9.42307413e-02, 0., 0., 0., 0., 0., 0., 0., 0., 0., 0., 0., 0.,
       0., 0., 0., 0., 0., 0. ]
