%YAML:1.0
---
pose_0: !!opencv-matrix
   rows: 1
   cols: 25
   dt: "3f"
   data: [ 9.03719727e+02, 4.74609802e+02, 7.85398960e-01,
       8.05682434e+02, 4.92205505e+02, 7.05713749e-01, 7.84123901e+02,
       4.27568054e+02, 6.13717616e-01, 6.68579895e+02, 4.33490570e+02,
       1.12677090e-01, 0., 0., 0., 8.21432373e+02, 5.60792603e+02,
       6.50188506e-01, 7.13656494e+02, 6.27449402e+02, 7.18193948e-01,
       6.03985535e+02, 5.84296936e+02, 7.66642153e-01, 6.01951599e+02,
       5.35336304e+02, 1.24138243e-01, 5.90203430e+02, 4.72647430e+02,
       1.93016201e-01, 4.45228119e+02, 4.74604584e+02, 5.18616140e-02,
       0., 0., 0., 6.35229126e+02, 5.70631165e+02, 1.24557562e-01, 0.,
       0., 0., 0., 0., 0., 9.15481567e+02, 4.56921661e+02,
       8.89001787e-01, 9.21276062e+02, 4.90307892e+02, 8.00948918e-01,
       8.89946960e+02, 4.33527191e+02, 5.12337208e-01, 9.03644653e+02,
       5.09915863e+02, 1.49918020e-01, 0., 0., 0., 0., 0., 0., 0., 0.,
       0., 0., 0., 0., 0., 0., 0., 0., 0., 0. ]
