%YAML:1.0
---
pose_0: !!opencv-matrix
   rows: 1
   cols: 25
   dt: "3f"
   data: [ 8.64480591e+02, 3.39503784e+02, 7.07573473e-01,
       7.80227539e+02, 3.12023834e+02, 6.58120453e-01, 7.95939880e+02,
       2.53221298e+02, 6.77338243e-01, 6.86173828e+02, 1.78827072e+02,
       7.79808402e-01, 6.05876099e+02, 2.59057220e+02, 7.78166294e-01,
       7.58660217e+02, 3.64871765e+02, 5.31469107e-01, 7.03806091e+02,
       3.96208344e+02, 2.09460676e-01, 6.62671875e+02, 3.88415100e+02,
       4.38705772e-01, 6.01958435e+02, 3.08083984e+02, 2.87451476e-01,
       5.98035645e+02, 2.72794647e+02, 3.34471226e-01, 4.64843384e+02,
       2.72835815e+02, 8.92816931e-02, 3.66820007e+02, 3.06197632e+02,
       1.50363415e-01, 6.05851013e+02, 3.49212708e+02, 2.95673549e-01,
       4.92230743e+02, 3.59042908e+02, 1.65570915e-01, 1.33739624e+02,
       3.51171906e+02, 1.71853870e-01, 8.84099426e+02, 3.21745667e+02,
       7.09302068e-01, 8.78220764e+02, 3.53208649e+02, 7.53707230e-01,
       8.80125793e+02, 2.92470306e+02, 6.28143191e-01, 0., 0., 0.,
       7.10367889e+01, 3.23789490e+02, 1.17253512e-01, 7.30083847e+01,
       3.33539398e+02, 1.03445597e-01, 9.84194031e+01, 3.68804077e+02,
       1.23781078e-01, 3.51144775e+02, 3.04164154e+02, 1.40700147e-01,
       3.49258087e+02, 3.04083588e+02, 1.52567267e-01, 0., 0., 0. ]
