%YAML:1.0
---
pose_0: !!opencv-matrix
   rows: 1
   cols: 25
   dt: "3f"
   data: [ 8.70387512e+02, 2.29783096e+02, 7.52354562e-01,
       8.21362244e+02, 3.06174683e+02, 5.09126127e-01, 8.25335693e+02,
       3.06137390e+02, 3.50315034e-01, 7.23437378e+02, 2.78720062e+02,
       6.54618517e-02, 0., 0., 0., 8.27283081e+02, 3.11981140e+02,
       5.42922616e-01, 7.11624634e+02, 2.57120239e+02, 7.06568778e-01,
       6.03912415e+02, 1.96369644e+02, 7.56689847e-01, 5.64722473e+02,
       3.45322815e+02, 3.11249882e-01, 5.49054443e+02, 3.10065460e+02,
       2.91458994e-01, 3.23743866e+02, 2.63013733e+02, 2.47523844e-01,
       9.25658722e+01, 4.09944427e+02, 5.37280887e-02, 5.82362488e+02,
       3.76656158e+02, 2.53207207e-01, 3.08107391e+02, 2.82637634e+02,
       3.17932606e-01, 9.05966263e+01, 4.07993866e+02, 4.61604804e-01,
       8.86039734e+02, 2.27815735e+02, 4.89344329e-01, 8.95819458e+02,
       2.41549591e+02, 8.39889407e-01, 0., 0., 0., 8.91929993e+02,
       2.98298798e+02, 7.55681634e-01, 3.97358437e+01, 4.43264343e+02,
       3.66446197e-01, 5.14303474e+01, 4.45209564e+02, 3.72393608e-01,
       7.10325241e+01, 4.13816498e+02, 2.44842440e-01, 3.57768784e+01,
       4.45245880e+02, 9.96678174e-02, 3.96433144e+01, 4.41331879e+02,
       6.64198473e-02, 0., 0., 0. ]
