%YAML:1.0
---
pose_0: !!opencv-matrix
   rows: 1
   cols: 25
   dt: "3f"
   data: [ 9.29141113e+02, 3.64896057e+02, 7.16064036e-01,
       8.40975464e+02, 2.78671875e+02, 4.53842759e-01, 8.44849731e+02,
       2.59103302e+02, 6.59056365e-01, 7.43020569e+02, 3.51217865e+02,
       5.80154896e-01, 8.37011841e+02, 4.43235565e+02, 7.45413721e-01,
       8.35080627e+02, 3.06127960e+02, 1.99364349e-01, 7.21447449e+02,
       3.80578461e+02, 4.95492518e-01, 8.31143494e+02, 4.27602234e+02,
       4.08925146e-01, 5.88250610e+02, 2.84550629e+02, 1.52918831e-01,
       5.78460754e+02, 2.61069214e+02, 1.67150497e-01, 2.82613312e+02,
       3.08118652e+02, 1.82804734e-01, 1.10224632e+02, 3.35476837e+02,
       1.81519777e-01, 5.82367188e+02, 3.11988342e+02, 6.72893971e-02,
       2.76762970e+02, 3.06159912e+02, 1.33598983e-01, 1.18042198e+02,
       3.35460632e+02, 2.02066034e-01, 9.46805542e+02, 3.51269501e+02,
       8.05818558e-01, 0., 0., 0., 9.46761536e+02, 3.06209961e+02,
       8.65519106e-01, 0., 0., 0., 1.14158264e+02, 4.11869904e+02,
       8.27618390e-02, 1.16082321e+02, 4.09974976e+02, 7.28760958e-02,
       9.84433441e+01, 3.27667877e+02, 1.46954149e-01, 1.10193504e+02,
       4.11917358e+02, 1.03401989e-01, 1.14143250e+02, 4.09917664e+02,
       9.69588608e-02, 9.65088196e+01, 3.31597717e+02, 1.98752895e-01 ]
