%YAML:1.0
---
pose_0: !!opencv-matrix
   rows: 1
   cols: 25
   dt: "3f"
   data: [ 9.19319214e+02, 2.80646667e+02, 7.45653689e-01,
       8.09593201e+02, 2.72870575e+02, 5.59319079e-01, 8.25289490e+02,
       2.10136292e+02, 3.10909986e-01, 9.83955688e+02, 1.92415100e+02,
       7.98212469e-01, 1.07412842e+03, 3.08096649e+02, 5.92252970e-01,
       7.92003235e+02, 3.37527069e+02, 5.88276625e-01, 6.84271118e+02,
       3.68911011e+02, 5.34507692e-01, 5.54956421e+02, 3.74661652e+02,
       7.64227927e-01, 0., 0., 0., 0., 0., 0., 0., 0., 0., 0., 0., 0.,
       0., 0., 0., 0., 0., 0., 0., 0., 0., 9.32970581e+02,
       2.59135925e+02, 8.72124255e-01, 9.33118530e+02, 2.90491821e+02,
       7.93137312e-01, 9.17418274e+02, 2.29721085e+02, 4.97212321e-01,
       0., 0., 0., 0., 0., 0., 0., 0., 0., 0., 0., 0., 0., 0., 0., 0.,
       0., 0., 0., 0., 0. ]
