%YAML:1.0
---
pose_0: !!opencv-matrix
   rows: 1
   cols: 25
   dt: "3f"
   data: [ 9.76152161e+02, 1.96405304e+02, 7.69977450e-01,
       8.52644043e+02, 2.06180069e+02, 5.61576486e-01, 8.35072571e+02,
       1.10202408e+02, 4.86426383e-01, 7.13594604e+02, 1.16059296e+02,
       1.09689623e-01, 6.68541077e+02, 1.21945953e+02, 2.03611255e-01,
       8.56650940e+02, 3.02171997e+02, 5.76687396e-01, 7.31299438e+02,
       3.51143250e+02, 5.75989127e-01, 5.92139648e+02, 3.96282654e+02,
       7.78048813e-01, 6.09789185e+02, 2.51259125e+02, 8.54056254e-02,
       5.86272888e+02, 2.08158081e+02, 8.77015367e-02, 0., 0., 0., 0.,
       0., 0., 6.35239258e+02, 2.88482147e+02, 8.32184032e-02, 0., 0.,
       0., 0., 0., 0., 9.89883667e+02, 1.74835312e+02, 7.72062004e-01,
       9.93806335e+02, 2.14079636e+02, 7.96236515e-01, 9.62362061e+02,
       1.35729507e+02, 4.70544100e-01, 9.78055908e+02, 2.41431168e+02,
       8.44792277e-02, 0., 0., 0., 0., 0., 0., 0., 0., 0., 0., 0., 0.,
       0., 0., 0., 0., 0., 0. ]
