%YAML:1.0
---
pose_0: !!opencv-matrix
   rows: 1
   cols: 25
   dt: "3f"
   data: [ 8.93845825e+02, 4.13875031e+02, 7.06933141e-01,
       7.91947510e+02, 4.06072052e+02, 6.88550234e-01, 7.91929749e+02,
       3.29603607e+02, 6.71405435e-01, 6.60731995e+02, 2.80675323e+02,
       7.05664873e-01, 5.41192078e+02, 2.74706940e+02, 8.13923120e-01,
       7.89997864e+02, 4.78554901e+02, 6.16746724e-01, 6.80295166e+02,
       5.43164673e+02, 8.51147830e-01, 7.46932068e+02, 5.39178345e+02,
       8.41207743e-01, 5.54933838e+02, 3.86469269e+02, 1.55247852e-01,
       5.52967896e+02, 3.51209290e+02, 2.64278561e-01, 3.33525055e+02,
       3.51124298e+02, 4.21332896e-01, 0., 0., 0., 5.35350525e+02,
       4.60861725e+02, 1.77456975e-01, 3.96248840e+02, 4.94191040e+02,
       9.49968472e-02, 0., 0., 0., 9.05622925e+02, 3.92309326e+02,
       7.42842913e-01, 9.05617188e+02, 4.31419952e+02, 7.44215250e-01,
       8.84043945e+02, 3.66892548e+02, 6.59112096e-01, 8.95791382e+02,
       4.51083374e+02, 1.38060555e-01, 0., 0., 0., 0., 0., 0., 0., 0.,
       0., 0., 0., 0., 0., 0., 0., 0., 0., 0. ]
