%YAML:1.0
---
pose_0: !!opencv-matrix
   rows: 2
   cols: 25
   dt: "3f"
   data: [ 9.23235168e+02, 4.76488281e+02, 7.27330804e-01,
       8.72345398e+02, 5.09902649e+02, 2.68135041e-01, 8.70408447e+02,
       4.92215851e+02, 1.06262766e-01, 0., 0., 0., 0., 0., 0.,
       8.84082275e+02, 5.49038147e+02, 3.69281054e-01, 9.48698364e+02,
       5.84287415e+02, 7.85393834e-01, 9.72217468e+02, 4.80479431e+02,
       4.75703835e-01, 0., 0., 0., 0., 0., 0., 0., 0., 0., 0., 0., 0.,
       0., 0., 0., 0., 0., 0., 0., 0., 0., 9.19399292e+02,
       4.60848145e+02, 7.25230217e-01, 9.44742371e+02, 4.72612793e+02,
       6.57845020e-01, 9.07597717e+02, 4.55019806e+02, 5.43821789e-02,
       9.52614685e+02, 4.96147614e+02, 3.13515782e-01, 0., 0., 0., 0.,
       0., 0., 0., 0., 0., 0., 0., 0., 0., 0., 0., 0., 0., 0., 0., 0.,
       0., 6.66599976e+02, 3.90371429e+02, 7.25435242e-02,
       5.72571838e+02, 3.84493439e+02, 5.00331372e-02, 0., 0., 0., 0.,
       0., 0., 7.44983948e+02, 3.59029175e+02, 7.54133612e-02,
       8.82118408e+02, 3.64896698e+02, 5.62858522e-01, 8.86109375e+02,
       4.58958527e+02, 4.00738239e-01, 0., 0., 0., 0., 0., 0., 0., 0.,
       0., 0., 0., 0., 0., 0., 0., 0., 0., 0., 0., 0., 0., 0., 0., 0.,
       0., 0., 0., 0., 0., 0., 0., 0., 0., 0., 0., 0., 0., 0., 0., 0.,
       0., 0., 0., 0., 0., 0., 0., 0., 0., 0., 0. ]
