%YAML:1.0
---
pose_0: !!opencv-matrix
   rows: 1
   cols: 25
   dt: "3f"
   data: [ 9.03650696e+02, 2.10198364e+02, 8.02450299e-01,
       7.92079468e+02, 2.23845306e+02, 6.77369118e-01, 7.91948364e+02,
       1.39594101e+02, 6.89422071e-01, 6.48997131e+02, 1.12162392e+02,
       5.73912144e-01, 5.39304810e+02, 1.06335083e+02, 6.92651451e-01,
       7.92002991e+02, 3.06129608e+02, 6.60271466e-01, 6.66590820e+02,
       3.47291351e+02, 6.46993876e-01, 6.15607117e+02, 3.06097931e+02,
       8.01478207e-01, 5.56889404e+02, 2.08168579e+02, 2.00636953e-01,
       5.54925232e+02, 1.67026260e+02, 2.81662643e-01, 4.88319214e+02,
       1.37658585e+02, 6.16778992e-02, 0., 0., 0., 5.51010071e+02,
       2.66939850e+02, 1.71020895e-01, 4.33468567e+02, 2.84551453e+02,
       5.66684045e-02, 3.53124664e+02, 2.59125519e+02, 7.29882941e-02,
       9.15477295e+02, 1.94371124e+02, 9.22005296e-01, 9.17353638e+02,
       2.27679016e+02, 8.12767684e-01, 8.87973572e+02, 1.69000092e+02,
       6.78199828e-01, 9.01704468e+02, 2.49320282e+02, 2.99878657e-01,
       0., 0., 0., 0., 0., 0., 3.51157532e+02, 2.59075348e+02,
       5.86617589e-02, 0., 0., 0., 0., 0., 0., 0., 0., 0. ]
