%YAML:1.0
---
pose_0: !!opencv-matrix
   rows: 1
   cols: 25
   dt: "3f"
   data: [ 8.86060242e+02, 3.70833771e+02, 8.42987537e-01,
       8.15464111e+02, 4.11906677e+02, 6.70044363e-01, 7.88020081e+02,
       3.68800842e+02, 5.32407939e-01, 6.64683228e+02, 3.72775940e+02,
       5.36496282e-01, 5.70592529e+02, 3.37564026e+02, 8.00938249e-01,
       8.37074890e+02, 4.62852295e+02, 6.30586863e-01, 8.07708252e+02,
       4.82494629e+02, 7.26892769e-01, 7.78260315e+02, 3.47263489e+02,
       7.33754396e-01, 5.51005310e+02, 4.37400391e+02, 3.00995469e-01,
       5.52987793e+02, 4.00126892e+02, 4.32021052e-01, 3.49215271e+02,
       4.00234344e+02, 3.70148093e-01, 1.55292435e+02, 3.90336121e+02,
       3.75737071e-01, 5.49044312e+02, 4.78521515e+02, 2.42846474e-01,
       3.68788879e+02, 5.13786865e+02, 2.06537351e-01, 2.17933121e+02,
       6.03946411e+02, 2.85369515e-01, 8.95789856e+02, 3.57102325e+02,
       8.31993699e-01, 9.03627136e+02, 3.84496582e+02, 8.83297622e-01,
       8.74277100e+02, 3.51191498e+02, 4.94011998e-01, 8.99804810e+02,
       4.13881531e+02, 7.64541328e-01, 0., 0., 0., 0., 0., 0.,
       2.08162781e+02, 6.07839844e+02, 1.68489307e-01, 0., 0., 0., 0.,
       0., 0., 1.39571396e+02, 4.00190002e+02, 2.46025115e-01 ]
