%YAML:1.0
---
pose_0: !!opencv-matrix
   rows: 1
   cols: 25
   dt: "3f"
   data: [ 9.33073792e+02, 2.88414673e+02, 7.14662313e-01,
       8.11618530e+02, 2.88476776e+02, 6.04767263e-01, 8.07686157e+02,
       2.02258652e+02, 6.64514661e-01, 6.78377319e+02, 1.65135361e+02,
       7.71887779e-01, 5.74561035e+02, 1.84640717e+02, 7.43529916e-01,
       8.19437073e+02, 3.80531891e+02, 5.74991941e-01, 6.88183899e+02,
       4.45205444e+02, 6.73752189e-01, 6.76384766e+02, 3.55111755e+02,
       6.66818142e-01, 5.39261658e+02, 3.08075226e+02, 1.07221730e-01,
       5.64732849e+02, 2.57185181e+02, 1.53946102e-01, 3.72738678e+02,
       2.88407928e+02, 3.64348173e-01, 1.78783463e+02, 2.88468475e+02,
       2.77368933e-01, 5.11845459e+02, 3.86444550e+02, 7.05857128e-02,
       3.76640991e+02, 3.84459534e+02, 6.16267994e-02, 0., 0., 0.,
       9.46700378e+02, 2.61111053e+02, 8.20235133e-01, 9.48701782e+02,
       3.04211578e+02, 8.21193576e-01, 9.11507874e+02, 2.33616425e+02,
       5.53799272e-01, 9.35004089e+02, 3.21959229e+02, 9.56914276e-02,
       0., 0., 0., 0., 0., 0., 0., 0., 0., 1.29769897e+02,
       2.45412811e+02, 1.06846817e-01, 1.29807388e+02, 2.47322983e+02,
       9.28829759e-02, 1.63116089e+02, 2.98267029e+02, 2.34031558e-01 ]
