%YAML:1.0
---
pose_0: !!opencv-matrix
   rows: 1
   cols: 25
   dt: "3f"
   data: [ 8.78202209e+02, 2.68883209e+02, 6.78526163e-01,
       7.92018005e+02, 2.92393768e+02, 4.89124864e-01, 7.80229065e+02,
       2.59139526e+02, 3.89710188e-01, 7.52827759e+02, 1.63168121e+02,
       5.57936192e-01, 8.48800720e+02, 1.65070328e+02, 7.91427910e-01,
       8.05758728e+02, 3.17890900e+02, 5.68312705e-01, 7.82184631e+02,
       2.12125107e+02, 3.87934119e-01, 8.82139038e+02, 2.25738480e+02,
       6.19385779e-01, 5.62767700e+02, 3.62933258e+02, 1.95560664e-01,
       5.56928955e+02, 3.37474182e+02, 2.15139434e-01, 3.70824921e+02,
       4.72668121e+02, 3.27898741e-01, 2.41404633e+02, 5.88246399e+02,
       2.23239064e-01, 5.62777222e+02, 3.94296509e+02, 1.48382887e-01,
       3.70764801e+02, 4.76594421e+02, 3.69970351e-01, 2.25802155e+02,
       6.01979126e+02, 4.59748447e-01, 8.82056091e+02, 2.51278473e+02,
       6.41117215e-01, 8.87999939e+02, 2.72804718e+02, 3.82231683e-01,
       8.54639160e+02, 2.39537445e+02, 2.07953125e-01, 8.72287659e+02,
       2.90429443e+02, 1.91864043e-01, 1.45489182e+02, 5.88227905e+02,
       2.48578444e-01, 1.49431229e+02, 6.01895874e+02, 2.65296459e-01,
       2.14084869e+02, 6.29387878e+02, 3.96949887e-01, 1.92476166e+02,
       5.68619080e+02, 6.56314716e-02, 0., 0., 0., 0., 0., 0. ]
