%YAML:1.0
---
pose_0: !!opencv-matrix
   rows: 1
   cols: 25
   dt: "3f"
   data: [ 9.01687195e+02, 4.43272400e+02, 7.77718008e-01,
       8.05685303e+02, 4.47235291e+02, 7.07245529e-01, 7.97830933e+02,
       3.82487305e+02, 7.07111299e-01, 6.70558228e+02, 3.17846893e+02,
       7.49071538e-01, 7.27375488e+02, 3.27645020e+02, 7.20982909e-01,
       8.05710754e+02, 5.21636536e+02, 5.79387903e-01, 6.82230469e+02,
       5.88308777e+02, 8.38547289e-01, 7.93950134e+02, 5.62781128e+02,
       7.54076481e-01, 5.39249146e+02, 4.62874512e+02, 2.99344927e-01,
       5.47080444e+02, 4.15843048e+02, 3.65214199e-01, 3.39474670e+02,
       3.80563019e+02, 3.60933274e-01, 0., 0., 0., 5.41204468e+02,
       5.11853210e+02, 3.73126030e-01, 3.82525330e+02, 5.09840637e+02,
       1.31440729e-01, 3.55108307e+02, 4.98100586e+02, 2.09298551e-01,
       9.15395203e+02, 4.25629333e+02, 8.35393906e-01, 9.15434509e+02,
       4.60807037e+02, 7.72175789e-01, 8.88020569e+02, 4.02162231e+02,
       6.43509328e-01, 8.97747314e+02, 4.78565704e+02, 2.69700408e-01,
       0., 0., 0., 0., 0., 0., 0., 0., 0., 0., 0., 0., 0., 0., 0., 0.,
       0., 0. ]
