%YAML:1.0
---
pose_0: !!opencv-matrix
   rows: 1
   cols: 25
   dt: "3f"
   data: [ 8.70309631e+02, 2.82588196e+02, 7.86148489e-01,
       7.68457092e+02, 2.90389313e+02, 6.82815135e-01, 7.58741760e+02,
       2.21904968e+02, 6.56060338e-01, 6.39221619e+02, 1.80800323e+02,
       7.36526728e-01, 5.39160461e+02, 1.47471481e+02, 8.57855797e-01,
       7.76415955e+02, 3.60948273e+02, 6.39817595e-01, 6.95963928e+02,
       3.84541565e+02, 8.52443993e-01, 7.60681274e+02, 2.94353210e+02,
       7.98087776e-01, 5.21642883e+02, 3.17876526e+02, 2.30102643e-01,
       5.21602478e+02, 2.74760345e+02, 2.20378101e-01, 3.60959747e+02,
       2.55180939e+02, 8.09470788e-02, 0., 0., 0., 5.23595093e+02,
       3.62915527e+02, 2.52788335e-01, 3.60985626e+02, 3.92324127e+02,
       2.97379702e-01, 2.21881973e+02, 4.21730377e+02, 1.85951546e-01,
       8.78182068e+02, 2.64961334e+02, 7.66623318e-01, 8.84070313e+02,
       2.90543457e+02, 8.20651889e-01, 8.52752869e+02, 2.43520279e+02,
       4.83588308e-01, 8.70377747e+02, 3.17828918e+02, 3.26674074e-01,
       0., 0., 0., 0., 0., 0., 0., 0., 0., 0., 0., 0., 0., 0., 0., 0.,
       0., 0. ]
