%YAML:1.0
---
pose_0: !!opencv-matrix
   rows: 1
   cols: 25
   dt: "3f"
   data: [ 8.56627502e+02, 2.82578644e+02, 7.49229431e-01,
       7.60711731e+02, 2.92445587e+02, 7.00976849e-01, 7.60599426e+02,
       2.17949463e+02, 7.12814927e-01, 6.64698303e+02, 1.39572906e+02,
       8.23250890e-01, 5.88279785e+02, 1.94445541e+02, 7.60646462e-01,
       7.60609192e+02, 3.68803864e+02, 6.77806377e-01, 6.45060547e+02,
       4.13805756e+02, 7.85037398e-01, 6.50952209e+02, 3.60946259e+02,
       8.07869494e-01, 5.29470886e+02, 3.00213318e+02, 4.05667126e-01,
       5.39269775e+02, 2.57167480e+02, 3.96305531e-01, 5.00071564e+02,
       2.27810486e+02, 1.35844350e-01, 2.12093735e+02, 2.06164093e+02,
       3.95978391e-01, 5.23613281e+02, 3.31606293e+02, 4.30726856e-01,
       3.23761505e+02, 3.39453003e+02, 2.88486481e-01, 1.74853195e+02,
       3.43345917e+02, 3.72729540e-01, 8.68377380e+02, 2.66897705e+02,
       8.62135053e-01, 8.68448303e+02, 2.98286713e+02, 7.45935738e-01,
       8.44859680e+02, 2.49276108e+02, 5.80964029e-01, 8.54722412e+02,
       3.19837189e+02, 6.01264596e-01, 1.18095047e+02, 3.82476349e+02,
       2.72241712e-01, 1.29762192e+02, 3.82476135e+02, 3.09090197e-01,
       1.49437866e+02, 3.21849609e+02, 1.83649823e-01, 1.80782211e+02,
       1.65126282e+02, 2.60824233e-01, 1.80760956e+02, 1.67072525e+02,
       2.37344071e-01, 2.04231842e+02, 2.10083801e+02, 2.73431659e-01 ]
