%YAML:1.0
---
pose_0: !!opencv-matrix
   rows: 1
   cols: 25
   dt: "3f"
   data: [ 8.82065063e+02, 3.78580200e+02, 7.36812532e-01,
       7.76383667e+02, 3.80506317e+02, 7.12491274e-01, 7.64576294e+02,
       3.06077362e+02, 6.72739148e-01, 6.51029663e+02, 2.49312836e+02,
       7.69605100e-01, 7.39056519e+02, 2.59185852e+02, 8.15610945e-01,
       7.89949158e+02, 4.47255737e+02, 6.27527177e-01, 6.74443604e+02,
       5.37284668e+02, 7.83255339e-01, 7.74374329e+02, 5.09817993e+02,
       8.50850761e-01, 5.27510437e+02, 4.43238037e+02, 3.20810020e-01,
       5.23544373e+02, 3.96246735e+02, 4.00746405e-01, 3.53161285e+02,
       3.78626648e+02, 1.50575608e-01, 0., 0., 0., 5.35359436e+02,
       4.84405701e+02, 3.50072116e-01, 3.80585724e+02, 5.07955841e+02,
       4.58057225e-01, 3.68834595e+02, 5.00091034e+02, 5.34188151e-02,
       8.88048096e+02, 3.55070038e+02, 8.36017072e-01, 8.91880005e+02,
       3.96173340e+02, 7.29906559e-01, 8.68352600e+02, 3.33557678e+02,
       6.45471215e-01, 8.68412842e+02, 4.11947021e+02, 2.99078166e-01,
       0., 0., 0., 0., 0., 0., 3.66796295e+02, 5.03951233e+02,
       5.94820902e-02, 0., 0., 0., 0., 0., 0., 0., 0., 0. ]
