%YAML:1.0
---
pose_0: !!opencv-matrix
   rows: 1
   cols: 25
   dt: "3f"
   data: [ 8.87994751e+02, 4.15873016e+02, 8.20550442e-01,
       7.99832764e+02, 4.60885284e+02, 7.16467023e-01, 7.76287476e+02,
       4.29546967e+02, 5.85335851e-01, 0., 0., 0., 0., 0., 0.,
       8.23308899e+02, 4.96127350e+02, 7.26902902e-01, 7.60652710e+02,
       5.53004517e+02, 7.95333803e-01, 7.46973267e+02, 4.21704926e+02,
       6.56528771e-01, 5.86286804e+02, 4.96150909e+02, 1.86840713e-01,
       5.84295349e+02, 4.68725189e+02, 2.33458668e-01, 3.57065796e+02,
       4.33496674e+02, 1.73972815e-01, 0., 0., 0., 5.78447083e+02,
       5.33380859e+02, 9.36264992e-02, 3.55102264e+02, 4.37388428e+02,
       1.63725138e-01, 1.70961075e+02, 4.45202698e+02, 6.31992519e-02,
       8.97750427e+02, 4.04115356e+02, 8.22370768e-01, 9.01664551e+02,
       4.31511658e+02, 8.33346486e-01, 8.70384827e+02, 4.00099152e+02,
       3.07402372e-01, 8.89991943e+02, 4.60924133e+02, 6.82553470e-01,
       0., 0., 0., 0., 0., 0., 1.67014145e+02, 4.45203125e+02,
       5.98717779e-02, 0., 0., 0., 0., 0., 0., 0., 0., 0. ]
