%YAML:1.0
---
pose_0: !!opencv-matrix
   rows: 1
   cols: 25
   dt: "3f"
   data: [ 9.17357056e+02, 3.55075104e+02, 8.07615459e-01,
       8.01791260e+02, 3.29619232e+02, 6.14550948e-01, 7.93948303e+02,
       2.47338150e+02, 6.36828482e-01, 6.64620178e+02, 1.94358887e+02,
       8.21837008e-01, 7.23373413e+02, 1.86592484e+02, 7.85898149e-01,
       7.95890625e+02, 4.09971222e+02, 5.53575397e-01, 6.82338928e+02,
       4.74553772e+02, 7.90433466e-01, 7.90088135e+02, 4.90319122e+02,
       8.29087853e-01, 5.43202087e+02, 3.88426392e+02, 2.88650900e-01,
       5.45159790e+02, 3.37454895e+02, 3.48026305e-01, 3.62951508e+02,
       3.53123779e+02, 2.58239806e-01, 1.65101242e+02, 3.23811523e+02,
       4.23519999e-01, 5.54890869e+02, 4.33509155e+02, 3.10344070e-01,
       3.68782684e+02, 4.78488220e+02, 4.39211011e-01, 1.94457626e+02,
       5.23549377e+02, 4.36103970e-01, 9.33003906e+02, 3.25733734e+02,
       8.13049734e-01, 9.33078430e+02, 3.66782593e+02, 8.00741732e-01,
       9.11509155e+02, 2.90435913e+02, 8.04502547e-01, 0., 0., 0.,
       1.27847839e+02, 5.68660461e+02, 2.08883017e-01, 1.33769135e+02,
       5.70626770e+02, 2.34706551e-01, 1.74864487e+02, 5.17695435e+02,
       2.29967102e-01, 1.33711411e+02, 3.06120209e+02, 1.28872409e-01,
       1.33781921e+02, 3.08095703e+02, 1.47028908e-01, 1.51354706e+02,
       3.23735718e+02, 3.25431705e-01 ]
