%YAML:1.0
---
pose_0: !!opencv-matrix
   rows: 1
   cols: 25
   dt: "3f"
   data: [ 8.84010925e+02, 4.33438568e+02, 8.28641534e-01,
       7.78332275e+02, 4.66783051e+02, 6.83742464e-01, 7.58596375e+02,
       4.29482208e+02, 6.69879675e-01, 6.96020020e+02, 4.13867004e+02,
       3.16015661e-01, 6.17631653e+02, 3.19808807e+02, 1.11297496e-01,
       8.05738525e+02, 5.13769348e+02, 7.04218864e-01, 6.98009277e+02,
       4.17778931e+02, 5.28441966e-01, 6.17557739e+02, 3.17878632e+02,
       5.70491016e-01, 5.45124146e+02, 5.00059174e+02, 2.30018079e-01,
       5.51002014e+02, 4.58947632e+02, 3.20844173e-01, 3.82524445e+02,
       4.06040863e+02, 3.75563860e-01, 1.96441284e+02, 4.78507813e+02,
       2.04966560e-01, 5.47086182e+02, 5.47093262e+02, 2.00755358e-01,
       3.82583374e+02, 4.02093323e+02, 3.81194025e-01, 2.00344238e+02,
       4.78551086e+02, 1.59170195e-01, 8.84134094e+02, 4.17821991e+02,
       8.73857856e-01, 8.97720825e+02, 4.47223358e+02, 7.99314320e-01,
       8.54744812e+02, 4.11917755e+02, 5.37796021e-01, 8.82140930e+02,
       4.76633636e+02, 6.39737189e-01, 0., 0., 0., 0., 0., 0.,
       1.92483337e+02, 4.96190826e+02, 1.05348475e-01, 1.51361603e+02,
       4.74596436e+02, 5.19279689e-02, 0., 0., 0., 0., 0., 0. ]
