%YAML:1.0
---
pose_0: !!opencv-matrix
   rows: 1
   cols: 25
   dt: "3f"
   data: [ 8.97808960e+02, 4.45217316e+02, 8.32029104e-01,
       7.99854248e+02, 4.35458405e+02, 6.78431869e-01, 7.91934265e+02,
       3.62903748e+02, 6.49281323e-01, 7.09717407e+02, 2.72729431e+02,
       8.48758757e-01, 6.54854919e+02, 3.64833221e+02, 8.11965525e-01,
       8.05752197e+02, 5.09878448e+02, 6.73605144e-01, 7.11636230e+02,
       5.72493835e+02, 8.32438827e-01, 6.15693115e+02, 5.74601501e+02,
       7.52250433e-01, 5.56880798e+02, 4.49147095e+02, 1.27357215e-01,
       5.29467957e+02, 4.23687775e+02, 1.22633725e-01, 0., 0., 0., 0.,
       0., 0., 0., 0., 0., 0., 0., 0., 0., 0., 0., 9.07570313e+02,
       4.19783234e+02, 7.81694531e-01, 9.11465820e+02, 4.58884308e+02,
       7.81536043e-01, 8.84044128e+02, 3.98108887e+02, 6.43532872e-01,
       0., 0., 0., 0., 0., 0., 0., 0., 0., 0., 0., 0., 0., 0., 0., 0.,
       0., 0., 0., 0., 0. ]
