%YAML:1.0
---
pose_0: !!opencv-matrix
   rows: 1
   cols: 25
   dt: "3f"
   data: [ 9.01633240e+02, 3.84422485e+02, 8.27026606e-01,
       7.95884338e+02, 4.00181580e+02, 6.99309587e-01, 7.76363159e+02,
       3.29622650e+02, 7.37650454e-01, 6.66569580e+02, 2.90521759e+02,
       8.46110761e-01, 7.45071777e+02, 2.63040588e+02, 8.41020823e-01,
       8.11575012e+02, 4.74581604e+02, 6.31096125e-01, 6.78358826e+02,
       5.50982117e+02, 7.62648106e-01, 7.60707336e+02, 5.05892487e+02,
       7.96387196e-01, 5.39238708e+02, 4.09925415e+02, 3.42179239e-01,
       5.43164063e+02, 3.64850433e+02, 4.64618534e-01, 3.35529327e+02,
       3.39411285e+02, 4.42519158e-01, 1.47405457e+02, 3.19789429e+02,
       8.79883245e-02, 5.33362488e+02, 4.55020599e+02, 3.83989245e-01,
       3.47258545e+02, 4.55030029e+02, 4.95714426e-01, 1.68994751e+02,
       5.13812012e+02, 4.78531569e-01, 9.11505310e+02, 3.66811798e+02,
       8.58254552e-01, 9.15465698e+02, 3.98276581e+02, 8.28755498e-01,
       8.84072266e+02, 3.49229095e+02, 7.15326190e-01, 9.09507202e+02,
       4.23702179e+02, 4.14755017e-01, 1.06281937e+02, 5.66690369e+02,
       3.39980662e-01, 1.12176186e+02, 5.66711670e+02, 3.55317622e-01,
       1.45485519e+02, 5.09865936e+02, 2.55082428e-01, 0., 0., 0., 0.,
       0., 0., 0., 0., 0. ]
