%YAML:1.0
---
pose_0: !!opencv-matrix
   rows: 1
   cols: 25
   dt: "3f"
   data: [ 9.21261597e+02, 2.55160797e+02, 7.38842010e-01,
       8.17430420e+02, 2.86533539e+02, 6.38101399e-01, 7.99851990e+02,
       2.02322479e+02, 6.61400259e-01, 6.66626953e+02, 1.65062454e+02,
       4.43139732e-01, 6.64657654e+02, 1.80763077e+02, 7.43682981e-01,
       8.21390137e+02, 3.68849091e+02, 6.20244801e-01, 6.93964050e+02,
       4.29527191e+02, 7.91483521e-01, 6.33366455e+02, 3.62933563e+02,
       7.28951752e-01, 5.54939026e+02, 2.90477722e+02, 1.70238435e-01,
       5.49065552e+02, 2.57108612e+02, 2.62900740e-01, 3.64878265e+02,
       2.86535431e+02, 5.40881343e-02, 0., 0., 0., 5.66685059e+02,
       3.51152954e+02, 1.13687873e-01, 0., 0., 0., 0., 0., 0.,
       9.31026306e+02, 2.31711411e+02, 8.56050968e-01, 9.42859985e+02,
       2.72767273e+02, 8.39867711e-01, 9.01719177e+02, 2.15985626e+02,
       5.29450297e-01, 9.27171509e+02, 3.02183167e+02, 4.37173069e-01,
       0., 0., 0., 0., 0., 0., 0., 0., 0., 0., 0., 0., 0., 0., 0., 0.,
       0., 0. ]
