%YAML:1.0
---
pose_0: !!opencv-matrix
   rows: 1
   cols: 25
   dt: "3f"
   data: [ 8.97752808e+02, 3.55152832e+02, 8.07560563e-01,
       8.19440430e+02, 3.02200989e+02, 4.48154151e-01, 8.25346619e+02,
       2.74826324e+02, 7.06457496e-01, 7.13715942e+02, 3.04148560e+02,
       7.67137527e-01, 7.40977112e+02, 4.39366791e+02, 7.80295849e-01,
       8.13549316e+02, 3.27670013e+02, 1.82135046e-01, 0., 0., 0., 0.,
       0., 0., 4.96153168e+02, 3.31560791e+02, 2.86187887e-01,
       4.94173828e+02, 3.12021698e+02, 3.42551529e-01, 3.35469727e+02,
       3.84553497e+02, 6.68479621e-01, 1.16103958e+02, 3.51250854e+02,
       4.47214156e-01, 5.02016937e+02, 3.51161163e+02, 1.65964857e-01,
       3.43346039e+02, 3.60985840e+02, 1.74555212e-01, 1.41533905e+02,
       3.06143951e+02, 4.08077478e-01, 9.11501831e+02, 3.33571991e+02,
       6.86053693e-01, 9.15441711e+02, 3.66800079e+02, 8.26403201e-01,
       8.93869263e+02, 2.90444214e+02, 7.90818214e-01, 0., 0., 0., 0.,
       0., 0., 0., 0., 0., 1.27834900e+02, 2.92376221e+02,
       2.88964123e-01, 7.10254440e+01, 3.86467957e+02, 6.57297820e-02,
       6.71214218e+01, 3.82519073e+02, 5.76672181e-02, 8.67021332e+01,
       3.45290619e+02, 2.72947162e-01 ]
