%YAML:1.0
---
pose_0: !!opencv-matrix
   rows: 1
   cols: 25
   dt: "3f"
   data: [ 9.01662048e+02, 2.80650208e+02, 7.41117537e-01,
       8.03684448e+02, 3.10023193e+02, 7.08454370e-01, 7.86131897e+02,
       2.45360870e+02, 6.85718298e-01, 7.43013184e+02, 2.17935638e+02,
       4.37275887e-01, 6.84215149e+02, 1.68998825e+02, 6.88763440e-01,
       8.15488220e+02, 3.78573761e+02, 6.27947628e-01, 7.09693970e+02,
       4.39357086e+02, 6.30403697e-01, 5.68618103e+02, 4.90203583e+02,
       7.68988609e-01, 5.47111450e+02, 3.41367126e+02, 3.23376864e-01,
       5.51005310e+02, 2.98265625e+02, 3.43227446e-01, 3.78610901e+02,
       3.00243225e+02, 2.06164122e-01, 0., 0., 0., 5.51013550e+02,
       3.80527924e+02, 3.38218629e-01, 3.68821075e+02, 3.45319366e+02,
       1.94442958e-01, 1.33736557e+02, 3.68745178e+02, 1.84518278e-01,
       9.07589355e+02, 2.61072998e+02, 7.59543538e-01, 9.15407532e+02,
       2.94378876e+02, 8.24467778e-01, 8.84075378e+02, 2.43387650e+02,
       5.85866868e-01, 9.01659851e+02, 3.19857727e+02, 5.70588589e-01,
       0., 0., 0., 0., 0., 0., 1.06284012e+02, 3.70810760e+02,
       9.84343737e-02, 0., 0., 0., 0., 0., 0., 0., 0., 0. ]
