%YAML:1.0
---
pose_0: !!opencv-matrix
   rows: 1
   cols: 25
   dt: "3f"
   data: [ 9.03646729e+02, 2.02313858e+02, 7.69766986e-01,
       7.90056580e+02, 2.12085861e+02, 7.08212078e-01, 7.76370300e+02,
       1.31820160e+02, 7.19199896e-01, 6.60733521e+02, 8.68084183e+01,
       7.16313899e-01, 5.70641113e+02, 8.27108154e+01, 8.21389377e-01,
       7.91934509e+02, 2.98272461e+02, 6.70150518e-01, 6.68584412e+02,
       3.23806458e+02, 6.74376667e-01, 5.56893188e+02, 3.37512665e+02,
       7.01362789e-01, 5.62763489e+02, 2.27774307e+02, 1.98810518e-01,
       5.41249207e+02, 1.78778061e+02, 2.81175852e-01, 3.74699036e+02,
       1.76812927e+02, 1.06491007e-01, 0., 0., 0., 5.78443542e+02,
       2.78724121e+02, 1.99656829e-01, 3.70760620e+02, 2.51268356e+02,
       6.34171516e-02, 0., 0., 0., 9.11443848e+02, 1.80678482e+02,
       8.52925479e-01, 9.17308472e+02, 2.14045700e+02, 7.57728577e-01,
       8.76212463e+02, 1.63015305e+02, 6.50359213e-01, 8.99747375e+02,
       2.35606934e+02, 3.30526114e-01, 0., 0., 0., 0., 0., 0., 0., 0.,
       0., 0., 0., 0., 0., 0., 0., 0., 0., 0. ]
