%YAML:1.0
---
pose_0: !!opencv-matrix
   rows: 1
   cols: 25
   dt: "3f"
   data: [ 8.66417725e+02, 2.27781265e+02, 8.28606725e-01,
       8.05756226e+02, 2.88479462e+02, 6.34172380e-01, 8.05725830e+02,
       2.78695282e+02, 3.31368476e-01, 0., 0., 0., 0., 0., 0.,
       8.11592346e+02, 3.04092468e+02, 6.40280783e-01, 6.86176514e+02,
       2.76720490e+02, 7.49064803e-01, 7.50858276e+02, 1.92505905e+02,
       2.12133691e-01, 5.60816589e+02, 3.47254364e+02, 1.33176923e-01,
       5.43172913e+02, 3.15926727e+02, 1.62194848e-01, 3.33557098e+02,
       2.94387512e+02, 1.41423076e-01, 1.31767395e+02, 3.72710052e+02,
       3.38429242e-01, 5.58872131e+02, 3.82523468e+02, 1.06818594e-01,
       0., 0., 0., 0., 0., 0., 8.74249207e+02, 2.21885391e+02,
       7.40577817e-01, 8.85970215e+02, 2.45438293e+02, 8.45966995e-01,
       0., 0., 0., 8.76201416e+02, 2.90538910e+02, 8.12316716e-01, 0.,
       0., 0., 0., 0., 0., 0., 0., 0., 8.47146225e+01, 4.02153809e+02,
       1.70983061e-01, 8.47218475e+01, 3.98200378e+02, 1.54664665e-01,
       1.21972816e+02, 3.84509583e+02, 1.69888705e-01 ]
