%YAML:1.0
---
pose_0: !!opencv-matrix
   rows: 1
   cols: 25
   dt: "3f"
   data: [ 1.06239343e+03, 2.45385468e+02, 6.30520642e-01,
       9.46749390e+02, 2.53237244e+02, 3.52106422e-01, 9.29139282e+02,
       1.41549957e+02, 8.68091434e-02, 7.33224487e+02, 8.46918259e+01,
       1.50663927e-01, 6.17562012e+02, 8.87040405e+01, 6.67434633e-01,
       9.48659180e+02, 3.55100037e+02, 4.41827983e-01, 8.07734009e+02,
       4.60796753e+02, 7.24684894e-01, 7.29271790e+02, 3.90397125e+02,
       6.74236715e-01, 6.01946106e+02, 2.12102432e+02, 5.80039732e-02,
       6.05882019e+02, 1.78765244e+02, 8.78626704e-02, 0., 0., 0., 0.,
       0., 0., 0., 0., 0., 0., 0., 0., 0., 0., 0., 1.10352332e+03,
       2.19929718e+02, 6.11179471e-01, 1.08585876e+03, 2.72838226e+02,
       5.11671424e-01, 1.06039282e+03, 1.74885513e+02, 2.11502522e-01,
       1.06235754e+03, 3.04056274e+02, 1.56881705e-01, 0., 0., 0., 0.,
       0., 0., 0., 0., 0., 0., 0., 0., 0., 0., 0., 0., 0., 0. ]
