%YAML:1.0
---
pose_0: !!opencv-matrix
   rows: 2
   cols: 25
   dt: "3f"
   data: [ 9.05620544e+02, 2.45355576e+02, 7.77947068e-01,
       8.48776733e+02, 3.21830750e+02, 4.32109505e-01, 8.54629272e+02,
       3.06133911e+02, 2.97729999e-01, 7.42958069e+02, 2.86517578e+02,
       1.06139809e-01, 0., 0., 0., 8.37038330e+02, 3.59021759e+02,
       1.97997466e-01, 7.29286865e+02, 3.98234833e+02, 7.34976083e-02,
       0., 0., 0., 5.99980042e+02, 3.19854553e+02, 1.12508401e-01,
       5.72563049e+02, 3.13966766e+02, 1.11166917e-01, 3.55123840e+02,
       3.06141144e+02, 1.46892563e-01, 8.66697769e+01, 4.13852570e+02,
       6.38733655e-02, 0., 0., 0., 0., 0., 0., 0., 0., 0.,
       9.21249023e+02, 2.43377029e+02, 1.71028525e-01, 9.27196960e+02,
       2.57152252e+02, 8.63718331e-01, 0., 0., 0., 9.17450317e+02,
       3.15924744e+02, 8.13690782e-01, 0., 0., 0., 0., 0., 0., 0., 0.,
       0., 5.13757973e+01, 4.47209564e+02, 1.81748629e-01,
       4.94636803e+01, 4.41298279e+02, 1.54542729e-01, 0., 0., 0., 0.,
       0., 0., 0., 0., 0., 0., 0., 0., 0., 0., 0., 0., 0., 0.,
       8.52702576e+02, 3.04185974e+02, 3.71222079e-01, 7.40989807e+02,
       2.57091278e+02, 5.44016957e-01, 8.23410034e+02, 1.82710739e+02,
       6.63269877e-01, 0., 0., 0., 0., 0., 0., 0., 0., 0., 0., 0., 0.,
       0., 0., 0., 0., 0., 0., 0., 0., 0., 0., 0., 0., 0., 0., 0., 0.,
       0., 0., 0., 0., 0., 0., 0., 0., 0., 0., 0., 0., 0., 0., 0., 0.,
       0., 0., 0., 0., 0., 0., 0. ]
