%YAML:1.0
---
pose_0: !!opencv-matrix
   rows: 1
   cols: 25
   dt: "3f"
   data: [ 9.97708984e+02, 3.06108826e+02, 3.44482541e-01,
       8.86057434e+02, 3.10063568e+02, 6.58198714e-01, 8.84104980e+02,
       2.49335892e+02, 4.96589839e-01, 8.54619019e+02, 1.78767090e+02,
       7.92077184e-01, 9.23279785e+02, 2.59132843e+02, 7.54671097e-01,
       8.88017578e+02, 3.68792969e+02, 5.10603070e-01, 8.83985107e+02,
       4.39311554e+02, 7.11887538e-01, 9.62499146e+02, 3.55076019e+02,
       7.85609186e-01, 6.80320007e+02, 3.25730286e+02, 1.06634744e-01,
       6.66593262e+02, 2.90459778e+02, 8.73474628e-02, 0., 0., 0., 0.,
       0., 0., 6.94015808e+02, 3.66872559e+02, 8.66006166e-02, 0., 0.,
       0., 0., 0., 0., 1.00751660e+03, 2.74763336e+02, 5.29316843e-01,
       1.02118256e+03, 3.19821838e+02, 5.04579782e-01, 9.78119995e+02,
       2.57056763e+02, 3.69246423e-01, 1.02121558e+03, 3.39421722e+02,
       5.20793796e-02, 0., 0., 0., 0., 0., 0., 0., 0., 0., 0., 0., 0.,
       0., 0., 0., 0., 0., 0. ]
