%YAML:1.0
---
pose_0: !!opencv-matrix
   rows: 1
   cols: 25
   dt: "3f"
   data: [ 9.17399719e+02, 2.41400223e+02, 7.82522202e-01,
       8.48772034e+02, 3.17841736e+02, 4.89489496e-01, 8.54676758e+02,
       3.23775238e+02, 2.79478490e-01, 7.44990723e+02, 2.98309570e+02,
       2.04689503e-01, 0., 0., 0., 8.54670959e+02, 3.23738922e+02,
       5.02788782e-01, 7.29368469e+02, 2.61089813e+02, 6.44410670e-01,
       7.93935181e+02, 1.80714264e+02, 2.10177168e-01, 6.05887756e+02,
       3.55106323e+02, 1.98990002e-01, 5.76470215e+02, 3.17873871e+02,
       2.40106076e-01, 3.00247864e+02, 2.98266357e+02, 1.50987253e-01,
       7.30058746e+01, 4.27577759e+02, 1.52752563e-01, 6.33272705e+02,
       3.88401093e+02, 1.92600280e-01, 3.00249908e+02, 3.02232300e+02,
       1.14395924e-01, 6.90326004e+01, 4.29510040e+02, 1.59928203e-01,
       9.35049255e+02, 2.43356201e+02, 3.48474592e-01, 9.36950256e+02,
       2.55185394e+02, 7.99617648e-01, 0., 0., 0., 9.29111328e+02,
       3.15933990e+02, 8.10436547e-01, 6.90920181e+01, 4.62881317e+02,
       6.37150705e-02, 6.90802536e+01, 4.62906921e+02, 7.83595070e-02,
       4.55498161e+01, 4.35425323e+02, 1.36139452e-01, 4.16440773e+01,
       4.53050415e+02, 8.16444084e-02, 0., 0., 0., 0., 0., 0. ]
