%YAML:1.0
---
pose_0: !!opencv-matrix
   rows: 1
   cols: 25
   dt: "3f"
   data: [ 8.87968079e+02, 2.41471222e+02, 8.25845718e-01,
       7.88041016e+02, 2.72849854e+02, 7.41882205e-01, 7.62642883e+02,
       2.10066360e+02, 7.39784062e-01, 6.37225708e+02, 2.17957581e+02,
       2.92415589e-01, 6.93994873e+02, 2.86548889e+02, 2.21100792e-01,
       8.05606934e+02, 3.37525360e+02, 6.48254871e-01, 7.27370789e+02,
       3.41381866e+02, 7.74887919e-01, 6.80268677e+02, 2.57201111e+02,
       5.94431043e-01, 5.45152893e+02, 2.53237381e+02, 2.23902225e-01,
       5.43189697e+02, 2.25786530e+02, 2.89750278e-01, 3.39457092e+02,
       2.72809784e+02, 3.69441450e-01, 1.16101341e+02, 2.90445801e+02,
       1.88884720e-01, 5.33372009e+02, 2.90466278e+02, 1.35427773e-01,
       3.86445099e+02, 3.21744690e+02, 1.08550683e-01, 0., 0., 0.,
       8.89931702e+02, 2.23853668e+02, 8.25943410e-01, 9.01750549e+02,
       2.57081696e+02, 7.90436208e-01, 8.58596191e+02, 2.12058350e+02,
       6.12039626e-01, 8.86105042e+02, 2.88409485e+02, 5.98738313e-01,
       0., 0., 0., 0., 0., 0., 0., 0., 0., 6.31889954e+01,
       2.64975189e+02, 7.31050968e-02, 6.51286316e+01, 2.61062469e+02,
       5.04968986e-02, 0., 0., 0. ]
