%YAML:1.0
---
pose_0: !!opencv-matrix
   rows: 1
   cols: 25
   dt: "3f"
   data: [ 8.99704834e+02, 4.60948639e+02, 8.85085702e-01,
       8.09679138e+02, 4.94183777e+02, 7.06651568e-01, 7.90013367e+02,
       4.58949585e+02, 6.30633593e-01, 7.44977783e+02, 4.29498932e+02,
       3.74555051e-01, 6.82359680e+02, 3.08087250e+02, 8.96144956e-02,
       8.35073364e+02, 5.39239990e+02, 7.16630161e-01, 7.44908813e+02,
       4.15915192e+02, 6.74858153e-01, 6.82228149e+02, 3.06052856e+02,
       7.61380553e-01, 5.99991577e+02, 5.27518005e+02, 1.74657986e-01,
       5.99970032e+02, 4.92271851e+02, 2.12006181e-01, 3.86481812e+02,
       4.23676636e+02, 3.60912353e-01, 2.06206619e+02, 4.98131104e+02,
       2.90424198e-01, 5.96063110e+02, 5.82358704e+02, 1.05622426e-01,
       3.88408234e+02, 4.25656921e+02, 4.01691884e-01, 2.00339310e+02,
       5.02061707e+02, 2.82225579e-01, 9.03677246e+02, 4.45232574e+02,
       9.09924567e-01, 9.15375244e+02, 4.76619476e+02, 8.88642192e-01,
       8.84023804e+02, 4.31513367e+02, 4.87859190e-01, 8.99776489e+02,
       5.07836731e+02, 6.51426494e-01, 1.35659515e+02, 4.43247742e+02,
       1.29390240e-01, 1.35655518e+02, 4.53069031e+02, 1.41354173e-01,
       1.86613785e+02, 5.17734070e+02, 2.52256274e-01, 1.47430511e+02,
       4.51118927e+02, 1.08599819e-01, 0., 0., 0., 1.92507004e+02,
       5.19682617e+02, 2.21329927e-01 ]
