%YAML:1.0
---
pose_0: !!opencv-matrix
   rows: 1
   cols: 25
   dt: "3f"
   data: [ 1.05646411e+03, 2.59031097e+02, 6.73543811e-01,
       9.17314880e+02, 2.80670105e+02, 5.33173323e-01, 8.95831421e+02,
       1.78803345e+02, 5.56202471e-01, 8.33103882e+02, 1.45458893e+02,
       2.62199312e-01, 7.54791931e+02, 1.22004677e+02, 6.26900136e-01,
       9.33055237e+02, 3.68837463e+02, 3.09632629e-01, 7.80261230e+02,
       4.86351227e+02, 7.00773180e-01, 9.01714294e+02, 3.84463135e+02,
       5.36639035e-01, 6.35248169e+02, 3.72736938e+02, 5.35027236e-02,
       0., 0., 0., 0., 0., 0., 0., 0., 0., 0., 0., 0., 0., 0., 0., 0.,
       0., 0., 1.05839441e+03, 2.25847290e+02, 6.39385343e-01,
       1.07408398e+03, 2.78702179e+02, 6.00991488e-01, 1.00941919e+03,
       1.94447098e+02, 2.42431968e-01, 1.05650000e+03, 3.17882416e+02,
       1.02689400e-01, 0., 0., 0., 0., 0., 0., 0., 0., 0., 0., 0., 0.,
       0., 0., 0., 0., 0., 0. ]
