%YAML:1.0
---
pose_0: !!opencv-matrix
   rows: 1
   cols: 25
   dt: "3f"
   data: [ 1.01133990e+03, 2.25833557e+02, 7.39928722e-01,
       8.52751831e+02, 2.43399246e+02, 4.95088726e-01, 8.48783325e+02,
       1.49443359e+02, 5.34898579e-01, 7.05788513e+02, 9.25501785e+01,
       6.65097833e-01, 5.82384521e+02, 9.25831985e+01, 7.58766770e-01,
       8.66409302e+02, 3.45314453e+02, 5.58205009e-01, 7.11654480e+02,
       4.06025330e+02, 7.56579697e-01, 8.03725464e+02, 2.80691467e+02,
       7.02600718e-01, 5.92173035e+02, 2.39510681e+02, 2.19104558e-01,
       6.00006104e+02, 1.90543808e+02, 3.05692345e-01, 3.66880035e+02,
       1.39626328e+02, 4.22132701e-01, 1.96446259e+02, 1.94497253e+02,
       3.45488697e-01, 5.80395325e+02, 2.90461914e+02, 1.61463976e-01,
       4.68747559e+02, 3.19849884e+02, 1.51932865e-01, 1.06298630e+02,
       2.92433044e+02, 1.37852207e-01, 1.01731549e+03, 1.94452606e+02,
       6.86179042e-01, 1.02705420e+03, 2.45368576e+02, 7.18830705e-01,
       9.80062439e+02, 1.47426285e+02, 3.20159942e-01, 9.83972839e+02,
       2.78671356e+02, 1.30922541e-01, 0., 0., 0., 0., 0., 0.,
       7.10584259e+01, 2.88506989e+02, 7.56972358e-02, 1.88561707e+02,
       2.00339798e+02, 1.74444154e-01, 1.78771469e+02, 1.92510712e+02,
       1.90873444e-01, 1.88561127e+02, 2.06205261e+02, 1.67648524e-01 ]
