%YAML:1.0
---
pose_0: !!opencv-matrix
   rows: 1
   cols: 25
   dt: "3f"
   data: [ 9.31146179e+02, 2.59131775e+02, 8.01418304e-01,
       8.35056885e+02, 3.21744415e+02, 6.14223063e-01, 8.13539490e+02,
       2.74828766e+02, 3.21362346e-01, 0., 0., 0., 0., 0., 0.,
       8.37104553e+02, 3.66887939e+02, 5.84862828e-01, 7.27311707e+02,
       3.84445923e+02, 6.66793168e-01, 5.70666626e+02, 3.41374084e+02,
       7.38479316e-01, 5.39263672e+02, 3.70776398e+02, 1.74487278e-01,
       5.27500305e+02, 3.41404358e+02, 1.12483352e-01, 3.68852173e+02,
       2.74766785e+02, 1.98833346e-01, 0., 0., 0., 5.35357605e+02,
       4.00191803e+02, 2.15068668e-01, 3.53127930e+02, 4.45229614e+02,
       2.60993093e-01, 1.49424362e+02, 4.94249176e+02, 3.35134029e-01,
       9.46700500e+02, 2.57098145e+02, 7.12160707e-01, 9.52624207e+02,
       2.80653564e+02, 8.25991273e-01, 0., 0., 0., 9.31065552e+02,
       3.27707245e+02, 7.69084334e-01, 7.49470291e+01, 4.66787506e+02,
       8.95645246e-02, 0., 0., 0., 1.35685593e+02, 5.05956055e+02,
       2.33863235e-01, 0., 0., 0., 0., 0., 0., 0., 0., 0. ]
