%YAML:1.0
---
pose_0: !!opencv-matrix
   rows: 1
   cols: 25
   dt: "3f"
   data: [ 8.84073059e+02, 2.61084778e+02, 7.82849312e-01,
       8.03766113e+02, 2.51288956e+02, 5.20473361e-01, 8.19365906e+02,
       1.86650070e+02, 6.08219564e-01, 7.74317200e+02, 1.49313507e+02,
       8.47525775e-01, 7.89915649e+02, 2.88487457e+02, 7.20918775e-01,
       7.74317261e+02, 3.21862488e+02, 5.12046695e-01, 6.80309448e+02,
       3.51256866e+02, 8.19659054e-01, 5.84345642e+02, 3.82417175e+02,
       8.17865133e-01, 5.92148376e+02, 2.35596497e+02, 1.17479250e-01,
       5.74514160e+02, 2.14058929e+02, 1.49414122e-01, 3.55105988e+02,
       3.49171936e+02, 1.91570252e-01, 1.61149094e+02, 3.66865265e+02,
       2.83478051e-01, 5.90229065e+02, 3.06105347e+02, 1.20653845e-01,
       5.23622803e+02, 3.47274750e+02, 6.13287464e-02, 0., 0., 0.,
       8.97736084e+02, 2.43411987e+02, 8.29786062e-01, 8.89933655e+02,
       2.74730804e+02, 7.89503396e-01, 8.82104492e+02, 2.19927032e+02,
       6.59385145e-01, 8.78167542e+02, 2.90479492e+02, 1.89019248e-01,
       0., 0., 0., 0., 0., 0., 0., 0., 0., 1.21942833e+02,
       4.37370697e+02, 1.55813664e-01, 1.20054314e+02, 4.33480804e+02,
       1.23259723e-01, 1.35659897e+02, 3.51136566e+02, 2.34861806e-01 ]
