%YAML:1.0
---
pose_0: !!opencv-matrix
   rows: 2
   cols: 25
   dt: "3f"
   data: [ 8.50708191e+02, 3.64895966e+02, 8.06549311e-01,
       7.54779480e+02, 3.27652679e+02, 4.83693361e-01, 7.56753967e+02,
       2.82610382e+02, 5.64023852e-01, 6.29388062e+02, 2.70794037e+02,
       6.71185553e-01, 5.37302063e+02, 3.84522034e+02, 5.44850349e-01,
       7.31285889e+02, 3.68762756e+02, 2.12254241e-01, 6.21555603e+02,
       3.88378204e+02, 8.66071358e-02, 5.23614746e+02, 4.09946198e+02,
       5.68391681e-02, 5.54908752e+02, 2.90461487e+02, 1.94190830e-01,
       5.21610657e+02, 2.53227432e+02, 2.38778740e-01, 4.13844208e+02,
       3.23802338e+02, 1.33152306e-01, 0., 0., 0., 5.62758789e+02,
       3.29650757e+02, 1.08386025e-01, 3.41396362e+02, 4.15832214e+02,
       7.59945288e-02, 1.33729874e+02, 3.08099457e+02, 2.36261308e-01,
       8.68364075e+02, 3.35558960e+02, 8.27459097e-01, 8.70322449e+02,
       3.70737488e+02, 7.46951461e-01, 8.40972961e+02, 2.96366821e+02,
       7.34301269e-01, 0., 0., 0., 1.19977188e+02, 2.76732727e+02,
       1.92611977e-01, 1.18086197e+02, 2.86504883e+02, 1.97395995e-01,
       1.33711395e+02, 2.88520599e+02, 1.67172715e-01, 0., 0., 0., 0.,
       0., 0., 0., 0., 0., 0., 0., 0., 0., 0., 0., 0., 0., 0., 0., 0.,
       0., 0., 0., 0., 0., 0., 0., 0., 0., 0., 0., 0., 0., 0., 0., 0.,
       5.68637146e+02, 2.68883759e+02, 1.38193116e-01, 3.31568146e+02,
       4.06015961e+02, 3.17126632e-01, 1.65068909e+02, 3.51154694e+02,
       1.22478075e-01, 0., 0., 0., 0., 0., 0., 0., 0., 0., 0., 0., 0.,
       0., 0., 0., 0., 0., 0., 0., 0., 0., 0., 0., 0., 0., 0., 0., 0.,
       0., 0., 0., 0., 0., 0., 0., 0., 0., 0., 0. ]
