%YAML:1.0
---
pose_0: !!opencv-matrix
   rows: 1
   cols: 25
   dt: "3f"
   data: [ 8.93833862e+02, 3.23763947e+02, 7.71283031e-01,
       7.99839478e+02, 3.17866272e+02, 6.93304718e-01, 7.97878174e+02,
       2.43436523e+02, 6.41466141e-01, 6.80397278e+02, 1.80690918e+02,
       8.42208087e-01, 6.35227295e+02, 3.04129669e+02, 7.64085770e-01,
       7.92046387e+02, 3.84472015e+02, 5.78256190e-01, 7.46926270e+02,
       4.25587463e+02, 4.50593472e-01, 6.95914490e+02, 4.31596466e+02,
       6.47103250e-01, 6.07843079e+02, 3.08101776e+02, 2.80416638e-01,
       6.01911682e+02, 2.70869629e+02, 3.05797964e-01, 4.13876099e+02,
       2.59131073e+02, 7.78317302e-02, 0., 0., 0., 6.17639526e+02,
       3.49194733e+02, 2.43524745e-01, 5.54977356e+02, 4.00137909e+02,
       1.94372982e-01, 0., 0., 0., 9.01760925e+02, 3.06088470e+02,
       8.66700351e-01, 9.05649170e+02, 3.39480652e+02, 7.86690116e-01,
       8.87972290e+02, 2.86459259e+02, 6.50134683e-01, 8.97764771e+02,
       3.60974854e+02, 1.32003143e-01, 0., 0., 0., 0., 0., 0., 0., 0.,
       0., 0., 0., 0., 0., 0., 0., 0., 0., 0. ]
