%YAML:1.0
---
pose_0: !!opencv-matrix
   rows: 1
   cols: 25
   dt: "3f"
   data: [ 9.15362305e+02, 4.00186523e+02, 8.30542564e-01,
       8.05642761e+02, 3.98196320e+02, 6.53367639e-01, 8.21386414e+02,
       3.39457733e+02, 3.84758562e-01, 9.33086609e+02, 2.88438660e+02,
       8.49725485e-01, 1.02909106e+03, 3.70842529e+02, 7.14003563e-01,
       7.88072449e+02, 4.60855865e+02, 6.07387960e-01, 6.86207825e+02,
       4.92265259e+02, 6.97225809e-01, 5.72656738e+02, 5.68641052e+02,
       6.91675961e-01, 5.86275757e+02, 3.84512268e+02, 1.76943466e-01,
       5.86279053e+02, 3.49224640e+02, 2.20227897e-01, 3.74683197e+02,
       3.33515594e+02, 1.50684461e-01, 0., 0., 0., 5.82362122e+02,
       4.45206573e+02, 1.20878547e-01, 4.04112518e+02, 4.76552032e+02,
       9.23942104e-02, 0., 0., 0., 9.19322876e+02, 3.80602814e+02,
       8.39269519e-01, 9.27151001e+02, 4.13786743e+02, 7.75574565e-01,
       8.91929138e+02, 3.53099060e+02, 6.05326474e-01, 0., 0., 0., 0.,
       0., 0., 0., 0., 0., 0., 0., 0., 0., 0., 0., 0., 0., 0., 0., 0.,
       0. ]
