%YAML:1.0
---
pose_0: !!opencv-matrix
   rows: 1
   cols: 25
   dt: "3f"
   data: [ 1.00160321e+03, 1.98399551e+02, 7.06066966e-01,
       8.70343933e+02, 2.41457672e+02, 4.50766414e-01, 8.37048340e+02,
       1.39614395e+02, 2.99381137e-01, 0., 0., 0., 0., 0., 0.,
       8.80175232e+02, 3.17869293e+02, 5.14162779e-01, 7.50857056e+02,
       4.35405518e+02, 7.02630341e-01, 7.74335693e+02, 3.08091370e+02,
       7.16704786e-01, 0., 0., 0., 0., 0., 0., 0., 0., 0., 0., 0., 0.,
       0., 0., 0., 0., 0., 0., 0., 0., 0., 1.00752118e+03,
       1.70971069e+02, 8.13492179e-01, 1.01726123e+03, 2.19924881e+02,
       7.51224339e-01, 9.66321838e+02, 1.45489075e+02, 3.75461668e-01,
       9.95714294e+02, 2.53184982e+02, 6.32694736e-02, 0., 0., 0., 0.,
       0., 0., 0., 0., 0., 0., 0., 0., 0., 0., 0., 0., 0., 0. ]
