%YAML:1.0
---
pose_0: !!opencv-matrix
   rows: 1
   cols: 25
   dt: "3f"
   data: [ 8.66441956e+02, 1.49486160e+02, 7.90630043e-01,
       7.74374451e+02, 1.78750046e+02, 7.03942060e-01, 7.62585327e+02,
       1.00395645e+02, 6.06788754e-01, 6.68563782e+02, 4.94411736e+01,
       7.49788344e-01, 7.44967834e+02, 1.27851158e+02, 7.76436746e-01,
       7.78321167e+02, 2.43405930e+02, 7.15617955e-01, 6.74411743e+02,
       2.78699219e+02, 7.81699121e-01, 7.48865112e+02, 1.98335526e+02,
       7.76381016e-01, 6.03906128e+02, 1.80739349e+02, 8.19212794e-02,
       5.82354492e+02, 1.43508606e+02, 6.42546564e-02, 0., 0., 0., 0.,
       0., 0., 6.15657043e+02, 2.33657379e+02, 6.83721676e-02, 0., 0.,
       0., 0., 0., 0., 8.70368958e+02, 1.33787964e+02, 8.62546086e-01,
       8.80140686e+02, 1.65107101e+02, 8.48612666e-01, 8.52666382e+02,
       1.18029053e+02, 5.75080872e-01, 8.68418213e+02, 1.94366928e+02,
       5.83787143e-01, 0., 0., 0., 0., 0., 0., 0., 0., 0., 0., 0., 0.,
       0., 0., 0., 0., 0., 0. ]
