%YAML:1.0
---
pose_0: !!opencv-matrix
   rows: 1
   cols: 25
   dt: "3f"
   data: [ 9.01755615e+02, 3.84486298e+02, 8.27403665e-01,
       7.93960632e+02, 3.98220673e+02, 7.01944053e-01, 7.74398010e+02,
       3.27683167e+02, 7.23036408e-01, 6.56801147e+02, 2.90498016e+02,
       8.04621696e-01, 7.25395264e+02, 2.74737640e+02, 8.59624386e-01,
       8.15479370e+02, 4.72630157e+02, 5.90161502e-01, 6.76432678e+02,
       5.54965820e+02, 7.77057290e-01, 7.74271912e+02, 5.02060150e+02,
       7.50886440e-01, 5.54954041e+02, 4.04071899e+02, 2.37971321e-01,
       5.62758545e+02, 3.64888763e+02, 2.90463030e-01, 5.13791687e+02,
       3.23762848e+02, 1.89935625e-01, 0., 0., 0., 5.51017700e+02,
       4.55004120e+02, 1.82098478e-01, 3.53116547e+02, 4.62826050e+02,
       7.83142298e-02, 0., 0., 0., 9.15332886e+02, 3.66884338e+02,
       8.89333010e-01, 9.17418030e+02, 4.00149994e+02, 8.15147758e-01,
       8.86034851e+02, 3.49170074e+02, 7.02456415e-01, 9.05598877e+02,
       4.27556854e+02, 5.03972769e-01, 0., 0., 0., 0., 0., 0., 0., 0.,
       0., 0., 0., 0., 0., 0., 0., 0., 0., 0. ]
