%YAML:1.0
---
pose_0: !!opencv-matrix
   rows: 1
   cols: 25
   dt: "3f"
   data: [ 1.04664722e+03, 2.29777115e+02, 7.07382858e-01,
       8.95791565e+02, 2.82620453e+02, 3.18973899e-01, 8.48809753e+02,
       1.88578156e+02, 2.12411091e-01, 0., 0., 0., 0., 0., 0.,
       9.13427063e+02, 3.62943146e+02, 4.14061964e-01, 7.92050781e+02,
       5.07867157e+02, 7.45703399e-01, 8.41015564e+02, 3.68846558e+02,
       7.65267432e-01, 5.74532043e+02, 3.66847687e+02, 6.38881251e-02,
       5.41217773e+02, 3.39420746e+02, 5.76896183e-02, 2.63036957e+02,
       3.82480438e+02, 1.67934075e-01, 1.08261391e+02, 3.98263611e+02,
       3.65112394e-01, 5.88235229e+02, 4.02133575e+02, 5.28237000e-02,
       3.35493805e+02, 3.60996826e+02, 6.44316524e-02, 0., 0., 0.,
       1.05447778e+03, 2.08193741e+02, 7.52561927e-01, 1.06429138e+03,
       2.45391983e+02, 6.66493356e-01, 1.00554517e+03, 1.78785477e+02,
       1.48997098e-01, 1.04081763e+03, 2.76752960e+02, 8.27520415e-02,
       0., 0., 0., 0., 0., 0., 0., 0., 0., 3.96556778e+01,
       4.25661682e+02, 1.72204435e-01, 3.96837654e+01, 4.15884033e+02,
       1.91869289e-01, 0., 0., 0. ]
