%YAML:1.0
---
pose_0: !!opencv-matrix
   rows: 1
   cols: 25
   dt: "3f"
   data: [ 8.91883606e+02, 4.13824890e+02, 7.88784325e-01,
       7.78340454e+02, 4.00148132e+02, 7.01619565e-01, 7.74365601e+02,
       3.21743866e+02, 7.03337252e-01, 6.49006775e+02, 2.57147919e+02,
       8.45210195e-01, 7.13624084e+02, 2.74841064e+02, 8.44416916e-01,
       7.84115906e+02, 4.78527527e+02, 5.92260063e-01, 6.66629150e+02,
       5.45121155e+02, 7.70601809e-01, 7.72341187e+02, 5.43183044e+02,
       7.42468417e-01, 5.27516296e+02, 4.39337982e+02, 3.27208847e-01,
       5.23556519e+02, 3.94247070e+02, 4.03867871e-01, 3.33526398e+02,
       3.86463928e+02, 3.63232344e-01, 0., 0., 0., 5.39270264e+02,
       4.80499451e+02, 3.87312591e-01, 3.96255859e+02, 5.19647461e+02,
       1.65857553e-01, 3.59011414e+02, 4.98097778e+02, 9.91104022e-02,
       9.01808411e+02, 3.88397797e+02, 8.64845335e-01, 9.05598877e+02,
       4.19731506e+02, 7.53836632e-01, 8.80163086e+02, 3.51151001e+02,
       8.33787620e-01, 0., 0., 0., 0., 0., 0., 0., 0., 0., 0., 0., 0.,
       0., 0., 0., 0., 0., 0., 0., 0., 0. ]
