%YAML:1.0
---
pose_0: !!opencv-matrix
   rows: 1
   cols: 25
   dt: "3f"
   data: [ 8.48771362e+02, 1.18130333e+02, 7.74168491e-01,
       7.48928833e+02, 1.18097404e+02, 6.56311870e-01, 7.58655640e+02,
       5.14438972e+01, 5.23297310e-01, 7.42931396e+02, 5.34680223e+00,
       1.18170634e-01, 0., 0., 0., 7.50846191e+02, 1.94380447e+02,
       5.98571062e-01, 6.66558533e+02, 2.55177322e+02, 7.62161970e-01,
       7.15588013e+02, 1.65098846e+02, 8.30481589e-01, 5.13798218e+02,
       1.35682648e+02, 1.78265750e-01, 5.09896973e+02, 9.25669098e+01,
       2.53027648e-01, 3.21799316e+02, 1.00469994e+02, 2.32755125e-01,
       0., 0., 0., 5.09865814e+02, 1.84656677e+02, 2.21456334e-01,
       3.35494202e+02, 1.76795258e+02, 2.51953483e-01, 1.68979126e+02,
       1.82664841e+02, 2.11463749e-01, 8.54595642e+02, 1.00469345e+02,
       8.66751790e-01, 8.56645752e+02, 1.33717789e+02, 8.05281043e-01,
       8.37009094e+02, 8.27596207e+01, 6.04787469e-01, 8.38963135e+02,
       1.49535599e+02, 1.80790797e-01, 0., 0., 0., 0., 0., 0., 0., 0.,
       0., 0., 0., 0., 0., 0., 0., 0., 0., 0. ]
