%YAML:1.0
---
pose_0: !!opencv-matrix
   rows: 1
   cols: 25
   dt: "3f"
   data: [ 8.72320557e+02, 2.33601944e+02, 7.49983430e-01,
       8.35102478e+02, 3.08057007e+02, 5.70750535e-01, 8.35087402e+02,
       2.90490967e+02, 3.55697036e-01, 7.68470154e+02, 2.72802063e+02,
       1.73810810e-01, 7.56682251e+02, 2.23834610e+02, 8.94456357e-02,
       8.40992981e+02, 3.23743469e+02, 3.74724001e-01, 7.52785217e+02,
       2.41435364e+02, 3.81626159e-01, 7.44931152e+02, 1.92509369e+02,
       4.75706339e-01, 5.86281250e+02, 3.53125824e+02, 1.64042801e-01,
       5.74520569e+02, 3.21769592e+02, 2.13562161e-01, 3.21770538e+02,
       2.74785370e+02, 1.03914604e-01, 0., 0., 0., 5.80401489e+02,
       4.00127563e+02, 1.22850358e-01, 0., 0., 0., 0., 0., 0.,
       8.88006531e+02, 2.25868973e+02, 1.31754830e-01, 8.99679932e+02,
       2.41428574e+02, 9.00264263e-01, 0., 0., 0., 9.01706360e+02,
       3.00258698e+02, 8.17918062e-01, 0., 0., 0., 0., 0., 0., 0., 0.,
       0., 0., 0., 0., 0., 0., 0., 0., 0., 0. ]
