%YAML:1.0
---
pose_0: !!opencv-matrix
   rows: 1
   cols: 25
   dt: "3f"
   data: [ 8.68459167e+02, 2.39439850e+02, 8.55071008e-01,
       7.58636414e+02, 2.57078430e+02, 7.23638892e-01, 7.54768494e+02,
       1.84692139e+02, 6.94588482e-01, 6.62620117e+02, 1.47369110e+02,
       7.45326996e-01, 6.01989807e+02, 6.91489944e+01, 8.26659918e-01,
       7.58744141e+02, 3.29661285e+02, 6.14201605e-01, 6.70542908e+02,
       3.23744537e+02, 7.07528651e-01, 7.80243835e+02, 2.90366699e+02,
       5.39880574e-01, 5.51018616e+02, 2.39516708e+02, 2.52497584e-01,
       5.52963074e+02, 1.98405579e+02, 3.46284986e-01, 3.68845825e+02,
       1.94519760e+02, 4.82686609e-01, 2.35596512e+02, 2.08140640e+02,
       5.74226603e-02, 5.41201782e+02, 2.88448700e+02, 2.25898534e-01,
       3.62925903e+02, 2.74719208e+02, 1.13628767e-01, 3.19837250e+02,
       2.72763245e+02, 2.92286038e-01, 8.70429688e+02, 2.21909851e+02,
       8.57960641e-01, 8.82060181e+02, 2.47327087e+02, 7.93227136e-01,
       8.46824890e+02, 2.10161621e+02, 3.81324768e-01, 8.58618103e+02,
       2.72830902e+02, 5.25305927e-01, 2.59072113e+02, 2.63043915e+02,
       8.78736526e-02, 2.64993103e+02, 2.72847870e+02, 9.48055238e-02,
       2.92412354e+02, 2.64971039e+02, 1.14798069e-01, 1.98374298e+02,
       2.10182877e+02, 1.02109358e-01, 1.98375381e+02, 2.04275146e+02,
       9.66366082e-02, 0., 0., 0. ]
