%YAML:1.0
---
pose_0: !!opencv-matrix
   rows: 1
   cols: 25
   dt: "3f"
   data: [ 9.46796326e+02, 2.49316849e+02, 8.07808578e-01,
       8.31138916e+02, 2.45437927e+02, 6.03349507e-01, 8.23375366e+02,
       1.67026154e+02, 7.07267523e-01, 6.99922424e+02, 1.29756805e+02,
       7.95287967e-01, 6.54865112e+02, 1.49409958e+02, 7.58672237e-01,
       8.37070129e+02, 3.33561981e+02, 5.53779423e-01, 7.27327148e+02,
       4.51118896e+02, 7.21854806e-01, 8.03759277e+02, 3.19895203e+02,
       6.82527602e-01, 5.98034912e+02, 2.55191666e+02, 1.74996510e-01,
       5.99980774e+02, 2.12098663e+02, 2.88825750e-01, 5.09852539e+02,
       2.10116241e+02, 1.49497688e-01, 3.55099640e+02, 2.43468399e+02,
       1.19554080e-01, 6.01946899e+02, 3.13945160e+02, 1.33393630e-01,
       0., 0., 0., 0., 0., 0., 9.54613586e+02, 2.25740814e+02,
       8.15407097e-01, 9.62396423e+02, 2.66938629e+02, 8.01160932e-01,
       9.29144714e+02, 1.96476303e+02, 4.32593375e-01, 9.48785034e+02,
       2.92371765e+02, 5.03195487e-02, 0., 0., 0., 0., 0., 0., 0., 0.,
       0., 0., 0., 0., 0., 0., 0., 0., 0., 0. ]
