%YAML:1.0
---
pose_0: !!opencv-matrix
   rows: 1
   cols: 25
   dt: "3f"
   data: [ 8.84072083e+02, 2.47359070e+02, 8.25255692e-01,
       7.76282166e+02, 2.57168823e+02, 6.83977425e-01, 7.74341614e+02,
       1.78741287e+02, 7.25615203e-01, 6.39183411e+02, 1.47447281e+02,
       7.69284606e-01, 5.33356018e+02, 1.35752213e+02, 8.02439451e-01,
       7.76309875e+02, 3.37488464e+02, 6.74271047e-01, 6.62673584e+02,
       3.74729980e+02, 6.93873703e-01, 5.45119141e+02, 4.31439392e+02,
       5.88540673e-01, 5.41202759e+02, 2.59099121e+02, 2.38765165e-01,
       5.43201294e+02, 2.12136948e+02, 3.21618885e-01, 3.86460815e+02,
       2.23826035e+02, 2.23966882e-01, 3.25732605e+02, 2.35585220e+02,
       6.19386807e-02, 5.37309937e+02, 3.06153198e+02, 1.84931129e-01,
       3.51159821e+02, 2.90496826e+02, 2.64465779e-01, 1.57207504e+02,
       3.06134521e+02, 2.16356665e-01, 8.87981323e+02, 2.29793686e+02,
       8.37241173e-01, 8.99677917e+02, 2.61089600e+02, 8.08998704e-01,
       8.64502075e+02, 2.12071106e+02, 5.05275190e-01, 8.84056274e+02,
       2.90391418e+02, 5.16510904e-01, 8.87030945e+01, 3.11996490e+02,
       2.99229383e-01, 1.02396095e+02, 3.23763794e+02, 3.08611542e-01,
       1.21959686e+02, 3.33528839e+02, 6.38842806e-02, 0., 0., 0., 0.,
       0., 0., 0., 0., 0. ]
