%YAML:1.0
---
pose_0: !!opencv-matrix
   rows: 1
   cols: 25
   dt: "3f"
   data: [ 8.86026001e+02, 4.51113220e+02, 7.01464176e-01,
       8.07679932e+02, 4.45133392e+02, 6.98457897e-01, 8.15507935e+02,
       3.82562836e+02, 4.63717520e-01, 9.29110107e+02, 3.55141266e+02,
       6.64322197e-01, 9.48804321e+02, 4.37414032e+02, 4.81807262e-01,
       8.07703857e+02, 4.94142700e+02, 6.12391174e-01, 8.84038147e+02,
       5.52942749e+02, 8.48913431e-01, 8.72332825e+02, 4.78557526e+02,
       8.37358892e-01, 6.11754395e+02, 4.45228821e+02, 1.18822828e-01,
       6.13713501e+02, 4.17796082e+02, 1.13293767e-01, 4.11869171e+02,
       4.25635681e+02, 1.76988125e-01, 0., 0., 0., 0., 0., 0., 0., 0.,
       0., 0., 0., 0., 8.93842773e+02, 4.33510010e+02, 6.75251305e-01,
       9.01711365e+02, 4.56940857e+02, 6.53462887e-01, 8.64487183e+02,
       4.00251282e+02, 4.26543564e-01, 0., 0., 0., 0., 0., 0., 0., 0.,
       0., 0., 0., 0., 0., 0., 0., 0., 0., 0., 0., 0., 0. ]
