%YAML:1.0
---
pose_0: !!opencv-matrix
   rows: 1
   cols: 25
   dt: "3f"
   data: [ 8.95782959e+02, 3.98217682e+02, 7.67720699e-01,
       7.92003418e+02, 4.06029999e+02, 6.92993641e-01, 7.86059448e+02,
       3.35491028e+02, 7.00997353e-01, 7.25368530e+02, 2.94368988e+02,
       4.54508811e-01, 6.92036621e+02, 2.74754120e+02, 7.50473142e-01,
       7.97867798e+02, 4.84423645e+02, 6.04388356e-01, 6.97987061e+02,
       5.76485229e+02, 8.11728358e-01, 8.07603638e+02, 5.43177551e+02,
       7.94608414e-01, 5.68627869e+02, 4.00175842e+02, 2.41617456e-01,
       5.70611633e+02, 3.64883972e+02, 3.32083702e-01, 3.43344330e+02,
       3.66892334e+02, 2.01239392e-01, 1.61145081e+02, 3.53212921e+02,
       2.77501166e-01, 5.54934021e+02, 4.51088715e+02, 2.01912850e-01,
       0., 0., 0., 0., 0., 0., 9.01804993e+02, 3.80495605e+02,
       8.54145586e-01, 9.07582092e+02, 4.13931305e+02, 7.90471435e-01,
       8.78167175e+02, 3.55092255e+02, 6.31927848e-01, 8.95815674e+02,
       4.33527252e+02, 2.81809717e-01, 0., 0., 0., 0., 0., 0., 0., 0.,
       0., 1.47463898e+02, 3.64875793e+02, 7.54865929e-02,
       1.47464478e+02, 3.60949554e+02, 8.40139985e-02, 0., 0., 0. ]
