%YAML:1.0
---
pose_0: !!opencv-matrix
   rows: 1
   cols: 25
   dt: "3f"
   data: [ 8.91893860e+02, 2.78728058e+02, 7.76575446e-01,
       8.07708984e+02, 2.47328857e+02, 5.81787646e-01, 8.21320618e+02,
       1.92489822e+02, 7.08833456e-01, 7.56719360e+02, 1.47359344e+02,
       7.88144708e-01, 8.03683105e+02, 2.84574127e+02, 7.15972126e-01,
       7.90045837e+02, 2.90494598e+02, 3.91332150e-01, 6.66602539e+02,
       3.17905975e+02, 6.27662241e-02, 0., 0., 0., 5.39239319e+02,
       2.57165924e+02, 1.40692085e-01, 5.43196228e+02, 2.25796494e+02,
       1.73423931e-01, 3.19830444e+02, 2.17937958e+02, 2.03049451e-01,
       1.51357025e+02, 1.27858528e+02, 1.95128396e-01, 5.23617554e+02,
       3.00228424e+02, 1.69097483e-01, 3.53168274e+02, 3.59007599e+02,
       3.27947974e-01, 1.55285126e+02, 3.66805634e+02, 3.85467470e-01,
       9.01669983e+02, 2.57186493e+02, 8.89372647e-01, 9.09521545e+02,
       2.88579193e+02, 8.33023429e-01, 8.84013550e+02, 2.25813431e+02,
       7.09821582e-01, 0., 0., 0., 1.27854103e+02, 3.27679321e+02,
       2.35567197e-01, 1.29813004e+02, 3.37425507e+02, 2.54096717e-01,
       1.31786850e+02, 3.64917603e+02, 2.32990324e-01, 0., 0., 0., 0.,
       0., 0., 0., 0., 0. ]
