%YAML:1.0
---
pose_0: !!opencv-matrix
   rows: 1
   cols: 25
   dt: "3f"
   data: [ 9.15464844e+02, 3.47292938e+02, 7.49439120e-01,
       8.38969971e+02, 2.72746094e+02, 4.34385866e-01, 8.42914368e+02,
       2.55191376e+02, 6.75096035e-01, 7.74341003e+02, 2.74845764e+02,
       7.66226113e-01, 7.05781982e+02, 4.27577667e+02, 7.33579636e-01,
       8.35069336e+02, 2.94353058e+02, 1.50231734e-01, 0., 0., 0., 0.,
       0., 0., 6.45039429e+02, 2.68906342e+02, 1.10381939e-01,
       6.17639771e+02, 2.59104919e+02, 9.63845253e-02, 5.21620850e+02,
       3.21781342e+02, 6.05209060e-02, 0., 0., 0., 6.62691345e+02,
       2.86536438e+02, 9.10006389e-02, 0., 0., 0., 0., 0., 0.,
       9.31131104e+02, 3.31585846e+02, 7.86009073e-01, 9.33037476e+02,
       3.51096985e+02, 1.08394884e-01, 9.17454285e+02, 2.74862030e+02,
       8.89990509e-01, 0., 0., 0., 0., 0., 0., 0., 0., 0., 0., 0., 0.,
       0., 0., 0., 0., 0., 0., 0., 0., 0. ]
