%YAML:1.0
---
pose_0: !!opencv-matrix
   rows: 1
   cols: 25
   dt: "3f"
   data: [ 8.66424744e+02, 2.78715851e+02, 7.36760259e-01,
       7.82187866e+02, 2.68894226e+02, 6.67191625e-01, 7.78342529e+02,
       1.84690048e+02, 6.71386659e-01, 6.66550903e+02, 1.33757919e+02,
       8.56770396e-01, 6.17678528e+02, 1.96441360e+02, 8.53304982e-01,
       7.76251831e+02, 3.43321411e+02, 5.97175360e-01, 6.68598083e+02,
       3.98166870e+02, 5.40143013e-01, 6.46962891e+02, 3.80516541e+02,
       7.51617432e-01, 5.13810608e+02, 2.86515747e+02, 2.88576514e-01,
       5.25578003e+02, 2.39503448e+02, 3.84628773e-01, 3.47248871e+02,
       2.39497818e+02, 4.46638286e-01, 1.70939285e+02, 2.43391266e+02,
       4.94466782e-01, 5.07886475e+02, 3.23767273e+02, 3.31008285e-01,
       3.41381042e+02, 3.35448639e+02, 3.98056746e-01, 1.59203583e+02,
       3.25734650e+02, 4.76257712e-01, 8.86015930e+02, 2.59082306e+02,
       7.87422538e-01, 8.74306152e+02, 2.90520264e+02, 7.96146870e-01,
       8.68395142e+02, 2.27766357e+02, 7.74663150e-01, 8.54730774e+02,
       3.06134521e+02, 9.81386155e-02, 1.14121025e+02, 3.78604126e+02,
       4.35505450e-01, 1.16084389e+02, 3.76638580e+02, 4.39002782e-01,
       1.35663666e+02, 3.10036194e+02, 2.84691334e-01, 0., 0., 0., 0.,
       0., 0., 1.53318954e+02, 2.47329971e+02, 2.95914888e-01 ]
