%YAML:1.0
---
pose_0: !!opencv-matrix
   rows: 1
   cols: 25
   dt: "3f"
   data: [ 8.82103577e+02, 3.68899628e+02, 7.89930582e-01,
       7.99794861e+02, 3.11982880e+02, 5.94137788e-01, 8.05676941e+02,
       263., 7.05146432e-01, 7.80249939e+02, 3.64822449e+02,
       7.54808068e-01, 8.48818298e+02, 4.43236023e+02, 8.18636060e-01,
       7.84125488e+02, 3.53182281e+02, 3.72236580e-01, 7.19476807e+02,
       4.64839813e+02, 8.21852028e-01, 7.86075439e+02, 4.62868317e+02,
       8.61502051e-01, 5.70607605e+02, 2.74785248e+02, 1.77871123e-01,
       5.86253235e+02, 3.17886475e+02, 1.48620307e-01, 5.04002594e+02,
       3.68829498e+02, 1.20166831e-01, 0., 0., 0., 5.58865417e+02,
       2.45419266e+02, 1.26420051e-01, 4.80505280e+02, 3.64867126e+02,
       5.71097955e-02, 0., 0., 0., 8.99800293e+02, 3.47279846e+02,
       6.90567076e-01, 8.99711304e+02, 3.78633728e+02, 5.65776587e-01,
       8.86067627e+02, 3.04127747e+02, 8.46683145e-01, 0., 0., 0., 0.,
       0., 0., 0., 0., 0., 0., 0., 0., 0., 0., 0., 0., 0., 0., 0., 0.,
       0. ]
