%YAML:1.0
---
pose_0: !!opencv-matrix
   rows: 1
   cols: 25
   dt: "3f"
   data: [ 9.44760376e+02, 2.25691452e+02, 8.39811146e-01,
       8.19410156e+02, 2.27761246e+02, 6.67110443e-01, 8.19393494e+02,
       1.43529297e+02, 6.59568071e-01, 7.09699158e+02, 9.25531464e+01,
       6.99261427e-01, 6.80338684e+02, 1.25904678e+02, 8.50769877e-01,
       8.21329651e+02, 3.12000977e+02, 6.23559713e-01, 7.23377930e+02,
       3.96204041e+02, 7.95261502e-01, 6.33212341e+02, 3.98192596e+02,
       8.42447400e-01, 5.80397217e+02, 2.41470703e+02, 2.18128160e-01,
       5.88217712e+02, 1.94449921e+02, 2.92510331e-01, 4.78549591e+02,
       1.96452957e+02, 1.10148728e-01, 0., 0., 0., 5.72570618e+02,
       2.90426025e+02, 1.83857456e-01, 4.53064423e+02, 2.96311310e+02,
       8.19293037e-02, 3.47249115e+02, 2.74808838e+02, 1.04489453e-01,
       9.44723999e+02, 1.98336075e+02, 8.52390468e-01, 9.60500427e+02,
       2.27750870e+02, 7.72155821e-01, 9.01680969e+02, 1.78825943e+02,
       7.35115945e-01, 9.40875610e+02, 2.55178574e+02, 2.42922768e-01,
       0., 0., 0., 0., 0., 0., 0., 0., 0., 0., 0., 0., 0., 0., 0., 0.,
       0., 0. ]
