%YAML:1.0
---
pose_0: !!opencv-matrix
   rows: 1
   cols: 25
   dt: "3f"
   data: [ 9.66405212e+02, 2.82633881e+02, 7.03369677e-01,
       8.56646790e+02, 3.06129547e+02, 6.75594389e-01, 8.37103271e+02,
       2.25736938e+02, 6.15403831e-01, 7.62629700e+02, 1.96392746e+02,
       3.90012145e-01, 7.23368652e+02, 1.61148376e+02, 7.11406112e-01,
       8.70319153e+02, 3.86417480e+02, 6.29632294e-01, 7.74427368e+02,
       4.74585938e+02, 7.71831572e-01, 7.13577026e+02, 5.39336792e+02,
       6.96633101e-01, 5.58848145e+02, 3.64887756e+02, 1.88944653e-01,
       5.68638916e+02, 3.08100159e+02, 2.61339307e-01, 3.51164490e+02,
       3.37438110e+02, 2.92355388e-01, 0., 0., 0., 5.54938110e+02,
       4.09971771e+02, 1.71535194e-01, 3.72742218e+02, 4.62834167e+02,
       3.06085885e-01, 2.10091568e+02, 5.07880859e+02, 1.82368353e-01,
       9.78182983e+02, 2.57226654e+02, 8.79793346e-01, 9.83976379e+02,
       3.02235565e+02, 7.84284413e-01, 9.48692200e+02, 2.29782715e+02,
       6.59968436e-01, 9.68341675e+02, 3.21770508e+02, 1.80416986e-01,
       0., 0., 0., 0., 0., 0., 0., 0., 0., 0., 0., 0., 0., 0., 0., 0.,
       0., 0. ]
