%YAML:1.0
---
pose_0: !!opencv-matrix
   rows: 1
   cols: 25
   dt: "3f"
   data: [ 9.36978149e+02, 3.68756165e+02, 8.00478578e-01,
       8.50786743e+02, 2.98262085e+02, 3.59511286e-01, 8.68363220e+02,
       2.74832855e+02, 5.25846183e-01, 7.92047424e+02, 2.17960510e+02,
       6.87142491e-01, 6.39209900e+02, 3.08097382e+02, 6.57350302e-01,
       8.23318054e+02, 3.31566589e+02, 1.93330973e-01, 0., 0., 0., 0.,
       0., 0., 7.07746399e+02, 3.17890625e+02, 1.01117939e-01,
       6.92077209e+02, 3.08088104e+02, 8.74463990e-02, 6.37225281e+02,
       3.57082977e+02, 6.56804964e-02, 5.74536377e+02, 3.80590729e+02,
       1.43609837e-01, 7.31271973e+02, 3.35495850e+02, 1.01258218e-01,
       6.41143311e+02, 3.60958923e+02, 1.49137631e-01, 5.72520874e+02,
       3.82567963e+02, 3.79865229e-01, 9.50741333e+02, 3.51105743e+02,
       7.45732784e-01, 0., 0., 0., 9.40885254e+02, 3.00250824e+02,
       8.02716434e-01, 0., 0., 0., 5.23595337e+02, 3.86486755e+02,
       3.34821016e-01, 5.35343018e+02, 3.98126282e+02, 3.41665149e-01,
       5.62744080e+02, 3.84439453e+02, 2.55394280e-01, 5.37237000e+02,
       3.96178436e+02, 1.24791503e-01, 5.35350830e+02, 3.90345154e+02,
       1.14513703e-01, 5.68657410e+02, 3.80588226e+02, 8.73012245e-02 ]
