%YAML:1.0
---
pose_0: !!opencv-matrix
   rows: 1
   cols: 25
   dt: "3f"
   data: [ 8.50751160e+02, 2.41491959e+02, 1.93111315e-01,
       7.76271301e+02, 3.04123322e+02, 3.33901376e-01, 7.70421875e+02,
       2.76731232e+02, 1.30627617e-01, 7.58694824e+02, 2.16002594e+02,
       1.92154497e-01, 8.72334473e+02, 2.27773666e+02, 3.07278961e-01,
       7.89955200e+02, 3.21800232e+02, 5.35395324e-01, 7.41060730e+02,
       1.76763107e+02, 6.14715040e-01, 8.29238892e+02, 1.67068939e+02,
       6.84770465e-01, 5.09848236e+02, 3.53192902e+02, 3.01122725e-01,
       5.07920013e+02, 3.17847870e+02, 4.02421951e-01, 3.47251007e+02,
       2.92458466e+02, 4.56335992e-01, 1.51365158e+02, 3.15943237e+02,
       4.47438091e-01, 5.13795044e+02, 4.00108582e+02, 3.62539947e-01,
       3.66886810e+02, 4.90287262e+02, 5.69162190e-01, 2.23855743e+02,
       6.03968384e+02, 4.88418400e-01, 0., 0., 0., 8.68322327e+02,
       2.59085785e+02, 1.33500472e-01, 0., 0., 0., 8.54785156e+02,
       2.90552032e+02, 7.82367945e-01, 1.55265472e+02, 5.90166199e+02,
       1.53936133e-01, 1.63113281e+02, 6.01944824e+02, 1.66599765e-01,
       2.10105072e+02, 6.21530701e+02, 3.61219525e-01, 0., 0., 0., 0.,
       0., 0., 1.39583542e+02, 3.25695984e+02, 2.51104265e-01 ]
