%YAML:1.0
---
pose_0: !!opencv-matrix
   rows: 1
   cols: 25
   dt: "3f"
   data: [ 8.97784058e+02, 2.61129700e+02, 8.33742380e-01,
       8.07665527e+02, 2.90495972e+02, 7.49443412e-01, 8.01769531e+02,
       2.27702591e+02, 6.57227695e-01, 8.35038208e+02, 1.27855927e+02,
       7.72288144e-01, 9.19403015e+02, 1.84692169e+02, 7.95515120e-01,
       8.23311340e+02, 3.59003326e+02, 6.68282032e-01, 9.01650208e+02,
       4.33451019e+02, 8.49073768e-01, 9.48696533e+02, 3.23758301e+02,
       8.45648825e-01, 5.60801941e+02, 3.23746857e+02, 3.34064037e-01,
       5.70588379e+02, 2.84566467e+02, 3.41305465e-01, 3.66884583e+02,
       2.80683228e+02, 5.61984181e-01, 1.76807327e+02, 3.04127777e+02,
       5.03209829e-01, 5.58834839e+02, 3.60995209e+02, 3.50935429e-01,
       3.59014374e+02, 3.98123077e+02, 4.58694160e-01, 1.94441864e+02,
       4.19775421e+02, 4.68189180e-01, 9.01663208e+02, 2.45438797e+02,
       9.10809100e-01, 9.11521423e+02, 2.74791046e+02, 8.77310574e-01,
       8.76234802e+02, 2.27807343e+02, 4.19710457e-01, 8.99789856e+02,
       3.02210358e+02, 6.24637067e-01, 1.18027634e+02, 4.31504669e+02,
       1.98245704e-01, 1.27842941e+02, 4.39319092e+02, 1.93717793e-01,
       1.78789810e+02, 4.25613892e+02, 2.28643686e-01, 1.35688751e+02,
       2.98299652e+02, 1.36226803e-01, 1.35704742e+02, 2.92402893e+02,
       1.57265216e-01, 1.63081436e+02, 3.12021759e+02, 3.44987720e-01 ]
