%YAML:1.0
---
pose_0: !!opencv-matrix
   rows: 1
   cols: 25
   dt: "3f"
   data: [ 8.44898987e+02, 2.78678467e+02, 6.01251602e-01,
       7.64591736e+02, 2.72791656e+02, 6.20855331e-01, 7.48878113e+02,
       2.35609070e+02, 3.79709661e-01, 7.03832214e+02, 1.61123398e+02,
       7.70681739e-01, 7.99804504e+02, 1.63020905e+02, 7.59370923e-01,
       7.78328857e+02, 3.17830078e+02, 7.01264441e-01, 7.27388062e+02,
       2.61066803e+02, 5.08159697e-01, 8.21436218e+02, 2.39471497e+02,
       2.14387968e-01, 5.23575134e+02, 3.37455353e+02, 3.35054129e-01,
       5.23585815e+02, 2.94388550e+02, 4.87224460e-01, 3.47270294e+02,
       2.80662415e+02, 5.46378374e-01, 1.80742767e+02, 3.04069214e+02,
       3.01610380e-01, 5.23555786e+02, 3.82466370e+02, 3.82886767e-01,
       3.64903931e+02, 4.55004059e+02, 5.59177697e-01, 2.19932755e+02,
       5.76524292e+02, 3.45012933e-01, 8.64448425e+02, 2.57139130e+02,
       6.62019014e-01, 8.54763977e+02, 2.86479218e+02, 6.32849395e-01,
       8.56650757e+02, 2.37515305e+02, 4.57990855e-01, 8.38944641e+02,
       2.90546875e+02, 3.07209879e-01, 1.31740829e+02, 5.80417847e+02,
       2.32622236e-01, 1.37674072e+02, 5.88255920e+02, 2.36160800e-01,
       2.12058609e+02, 5.99974121e+02, 2.93462247e-01, 1.37654160e+02,
       2.78709045e+02, 1.20101780e-01, 1.37629364e+02, 2.78666504e+02,
       1.06124885e-01, 1.67010422e+02, 3.10052917e+02, 2.29902640e-01 ]
