%YAML:1.0
---
pose_0: !!opencv-matrix
   rows: 1
   cols: 25
   dt: "3f"
   data: [ 1.08192310e+03, 1.96377563e+02, 2.06986234e-01,
       9.44778076e+02, 2.55178787e+02, 1.85797527e-01, 8.89948608e+02,
       1.61151550e+02, 5.67226782e-02, 0., 0., 0., 0., 0., 0.,
       9.33038696e+02, 3.23772705e+02, 2.94589251e-01, 7.44921509e+02,
       4.17774353e+02, 6.81206226e-01, 8.23271118e+02, 3.41407196e+02,
       7.26192594e-01, 0., 0., 0., 0., 0., 0., 0., 0., 0., 0., 0., 0.,
       0., 0., 0., 0., 0., 0., 0., 0., 0., 0., 0., 0., 0., 0., 0., 0.,
       0., 0., 1.05651074e+03, 2.19938477e+02, 1.03692517e-01, 0., 0.,
       0., 0., 0., 0., 0., 0., 0., 0., 0., 0., 0., 0., 0., 0., 0., 0. ]
