%YAML:1.0
---
pose_0: !!opencv-matrix
   rows: 1
   cols: 25
   dt: "3f"
   data: [ 8.91890625e+02, 3.04208862e+02, 7.64754772e-01,
       8.13551514e+02, 3.00269684e+02, 6.53812468e-01, 8.09636414e+02,
       2.21872635e+02, 6.82403564e-01, 6.86193665e+02, 1.65139587e+02,
       8.15729737e-01, 6.64566589e+02, 2.12150574e+02, 8.22605371e-01,
       8.21416199e+02, 3.82475006e+02, 5.50917864e-01, 6.66553650e+02,
       4.45159760e+02, 7.74631977e-01, 7.76277405e+02, 3.82614960e+02,
       8.52701545e-01, 5.49070007e+02, 3.02209808e+02, 2.25960448e-01,
       5.70614929e+02, 2.57158722e+02, 2.77944177e-01, 3.37494415e+02,
       2.66937836e+02, 1.93106219e-01, 1.98398087e+02, 2.86515472e+02,
       3.01001102e-01, 5.43174927e+02, 3.51210358e+02, 2.48858541e-01,
       4.27589386e+02, 3.86428070e+02, 7.87932798e-02, 1.51367661e+02,
       3.51234497e+02, 2.95325607e-01, 9.01797241e+02, 2.82573273e+02,
       8.17432225e-01, 9.11474304e+02, 3.21752411e+02, 8.18573296e-01,
       8.93886902e+02, 2.59072510e+02, 4.51830804e-01, 9.05596863e+02,
       3.43380310e+02, 2.02961728e-01, 8.67658844e+01, 3.80553070e+02,
       2.18570724e-01, 1.00374046e+02, 3.84470642e+02, 2.61055410e-01,
       1.37642441e+02, 3.57059326e+02, 1.36833176e-01, 1.04362328e+02,
       2.27737122e+02, 1.34143144e-01, 1.06301781e+02, 2.25791779e+02,
       1.25895053e-01, 1.88562164e+02, 2.90444641e+02, 1.64887607e-01 ]
