%YAML:1.0
---
pose_0: !!opencv-matrix
   rows: 1
   cols: 25
   dt: "3f"
   data: [ 8.99664612e+02, 3.27707153e+02, 7.86553383e-01,
       7.97866272e+02, 3.68831909e+02, 5.44317067e-01, 7.48907532e+02,
       3.23787384e+02, 3.12064767e-01, 6.15673340e+02, 3.51116028e+02,
       1.36991054e-01, 5.41199158e+02, 3.39419403e+02, 1.44560844e-01,
       8.35019470e+02, 4.15818939e+02, 6.63642406e-01, 7.76330811e+02,
       4.94281281e+02, 8.54038298e-01, 8.33100708e+02, 3.70836182e+02,
       7.58108258e-01, 5.37283813e+02, 4.25621429e+02, 1.44566834e-01,
       5.37310181e+02, 3.82552002e+02, 2.08243743e-01, 3.35523193e+02,
       4.88340363e+02, 3.43015432e-01, 2.10094757e+02, 6.01887085e+02,
       3.81112039e-01, 5.47088013e+02, 4.64821289e+02, 9.31775868e-02,
       3.45294312e+02, 3.84448364e+02, 1.49100453e-01, 0., 0., 0.,
       9.03621948e+02, 3.13931335e+02, 8.00337970e-01, 9.13402344e+02,
       3.37580414e+02, 8.44993234e-01, 8.84005676e+02, 3.02192230e+02,
       3.94633055e-01, 8.99723999e+02, 3.68817688e+02, 6.57794058e-01,
       0., 0., 0., 0., 0., 0., 0., 0., 0., 1.59200211e+02,
       5.88287231e+02, 5.25420420e-02, 0., 0., 0., 2.02314209e+02,
       6.17626770e+02, 2.63913602e-01 ]
