%YAML:1.0
---
pose_0: !!opencv-matrix
   rows: 1
   cols: 25
   dt: "3f"
   data: [ 9.11485962e+02, 2.39473648e+02, 7.07440853e-01,
       8.37052551e+02, 3.19835602e+02, 4.93162274e-01, 8.46845398e+02,
       3.23756714e+02, 2.52746910e-01, 7.09673401e+02, 2.94359009e+02,
       1.03529617e-01, 0., 0., 0., 8.39032471e+02, 3.29621979e+02,
       5.64228714e-01, 7.17519287e+02, 2.92429138e+02, 6.06928766e-01,
       6.88180298e+02, 1.80671860e+02, 7.68307745e-01, 5.00065948e+02,
       3.51193329e+02, 2.03245819e-01, 5.07869507e+02, 3.19857147e+02,
       2.37431914e-01, 3.11984467e+02, 3.06165192e+02, 2.52508044e-01,
       8.86492538e+01, 4.13805115e+02, 1.74849555e-01, 4.84405212e+02,
       3.70788818e+02, 1.79887012e-01, 3.59015076e+02, 3.41403870e+02,
       7.89269432e-02, 2.55168152e+02, 3.72707489e+02, 5.20293824e-02,
       9.32949097e+02, 2.41455566e+02, 1.29780933e-01, 9.31121094e+02,
       2.51257935e+02, 8.15712810e-01, 0., 0., 0., 9.17406860e+02,
       3.08106201e+02, 8.56779337e-01, 0., 0., 0., 0., 0., 0., 0., 0.,
       0., 3.38172531e+01, 4.51091248e+02, 9.19247046e-02, 0., 0., 0.,
       0., 0., 0. ]
