%YAML:1.0
---
pose_0: !!opencv-matrix
   rows: 1
   cols: 25
   dt: "3f"
   data: [ 8.68458740e+02, 4.15827881e+02, 8.68079841e-01,
       7.66519775e+02, 4.60897919e+02, 7.01452315e-01, 7.41039795e+02,
       4.27623199e+02, 5.62198043e-01, 6.13724182e+02, 4.04071777e+02,
       6.24043643e-01, 5.41314392e+02, 3.66787964e+02, 8.65319669e-01,
       7.92019409e+02, 5.05898773e+02, 6.84807897e-01, 7.13578979e+02,
       4.02141174e+02, 6.34328187e-01, 6.49021912e+02, 3.04217773e+02,
       8.08783650e-01, 5.25520996e+02, 4.76579346e+02, 2.25036070e-01,
       5.23571472e+02, 4.47214813e+02, 3.06807518e-01, 3.72722809e+02,
       3.74678314e+02, 3.78322393e-01, 1.78745392e+02, 4.02159576e+02,
       2.71240145e-01, 5.29460083e+02, 5.23587891e+02, 1.08658776e-01,
       3.80544800e+02, 3.74713684e+02, 4.98017430e-01, 1.65055191e+02,
       4.09931061e+02, 2.95562953e-01, 8.70311462e+02, 4.04080078e+02,
       8.73534799e-01, 8.83997498e+02, 4.29569458e+02, 8.19380403e-01,
       8.38971680e+02, 3.98262695e+02, 4.94651735e-01, 8.68304443e+02,
       4.60963898e+02, 7.08020926e-01, 1.29797882e+02, 3.62951111e+02,
       1.74683571e-01, 1.29767319e+02, 3.72731201e+02, 1.66304648e-01,
       1.39620804e+02, 4.25630829e+02, 2.43372381e-01, 1.37621201e+02,
       3.55159149e+02, 1.24766096e-01, 1.39604721e+02, 3.57088776e+02,
       9.09442678e-02, 0., 0., 0. ]
