%YAML:1.0
---
pose_0: !!opencv-matrix
   rows: 1
   cols: 25
   dt: "3f"
   data: [ 9.33045166e+02, 3.21777313e+02, 7.91126728e-01,
       8.23417908e+02, 2.98292145e+02, 6.49385631e-01, 8.37093506e+02,
       2.14027817e+02, 6.61486804e-01, 7.29277466e+02, 1.33735809e+02,
       7.75895536e-01, 6.03898315e+02, 1.51341492e+02, 8.16569507e-01,
       8.09643860e+02, 3.72719696e+02, 6.38455272e-01, 7.23377319e+02,
       4.31554932e+02, 7.66750097e-01, 6.64621033e+02, 4.78621338e+02,
       8.51159692e-01, 5.88256470e+02, 2.90432343e+02, 1.44719914e-01,
       5.88251465e+02, 2.47356339e+02, 1.55693546e-01, 3.55097015e+02,
       3.04160004e+02, 1.93986520e-01, 2.04244141e+02, 3.39439728e+02,
       1.56321168e-01, 5.94114746e+02, 3.51187836e+02, 1.22894675e-01,
       4.60897675e+02, 3.96247131e+02, 6.10577911e-02, 1.49366150e+02,
       3.19879578e+02, 1.48277894e-01, 9.48757507e+02, 3.00250519e+02,
       8.23023379e-01, 9.46818420e+02, 3.35406769e+02, 8.06247532e-01,
       9.29103210e+02, 2.63040680e+02, 6.75062180e-01, 0., 0., 0., 0.,
       0., 0., 0., 0., 0., 1.27830894e+02, 3.21799744e+02,
       1.29141539e-01, 1.45476379e+02, 4.07980560e+02, 2.16134712e-01,
       1.47374420e+02, 4.00210846e+02, 1.97297305e-01, 0., 0., 0. ]
