%YAML:1.0
---
pose_0: !!opencv-matrix
   rows: 1
   cols: 25
   dt: "3f"
   data: [ 9.11517639e+02, 3.90362823e+02, 7.71507382e-01,
       8.05687805e+02, 4.02098907e+02, 6.73232198e-01, 8.03672180e+02,
       3.23801544e+02, 6.16302550e-01, 8.19368469e+02, 1.94431564e+02,
       3.20907325e-01, 0., 0., 0., 8.05742737e+02, 4.84430939e+02,
       5.53460419e-01, 6.95989441e+02, 5.31459167e+02, 6.35293365e-01,
       5.58857544e+02, 5.09800171e+02, 7.68364251e-01, 5.45148621e+02,
       3.78621216e+02, 1.92921609e-01, 5.52955261e+02, 3.39456329e+02,
       2.61598498e-01, 3.41381012e+02, 2.88466492e+02, 2.55466133e-01,
       1.78745407e+02, 2.16032806e+02, 6.95231110e-02, 5.33385681e+02,
       4.06038727e+02, 1.75528571e-01, 4.09954529e+02, 4.94230652e+02,
       6.01698309e-02, 0., 0., 0., 9.17289856e+02, 3.68866699e+02,
       9.32482064e-01, 9.29099304e+02, 4.02091034e+02, 8.50802720e-01,
       8.87996094e+02, 3.51170654e+02, 6.98428154e-01, 9.05619751e+02,
       4.29473969e+02, 4.64872003e-01, 0., 0., 0., 0., 0., 0., 0., 0.,
       0., 0., 0., 0., 0., 0., 0., 0., 0., 0. ]
