%YAML:1.0
---
pose_0: !!opencv-matrix
   rows: 1
   cols: 25
   dt: "3f"
   data: [ 9.27146423e+02, 2.78717194e+02, 7.30099738e-01,
       8.21406677e+02, 2.61047882e+02, 6.31073833e-01, 8.33123108e+02,
       1.82679855e+02, 6.39907897e-01, 7.01887329e+02, 1.10234238e+02,
       7.18626082e-01, 7.37095886e+02, 2.27761246e+02, 7.07381129e-01,
       8.05754822e+02, 3.51216522e+02, 4.86849219e-01, 6.70539001e+02,
       3.96215454e+02, 6.93454504e-01, 6.84249695e+02, 3.64909882e+02,
       7.61086047e-01, 5.56893127e+02, 2.70845154e+02, 1.48153335e-01,
       5.72551147e+02, 2.10092834e+02, 2.31285453e-01, 3.59044647e+02,
       2.31717377e+02, 3.58862460e-01, 1.70934891e+02, 2.45403946e+02,
       2.57731825e-01, 5.37293457e+02, 3.19823151e+02, 1.68124497e-01,
       3.43329010e+02, 3.19778137e+02, 3.65351915e-01, 1.47444794e+02,
       3.06173401e+02, 3.42091799e-01, 9.38892883e+02, 2.57191498e+02,
       8.24507117e-01, 9.40907837e+02, 2.98309418e+02, 7.57264793e-01,
       9.17443359e+02, 2.25826508e+02, 5.43465734e-01, 9.36975586e+02,
       3.21830261e+02, 7.04804659e-02, 8.47619858e+01, 3.47266754e+02,
       2.46192008e-01, 9.45633850e+01, 3.51146942e+02, 2.75962889e-01,
       1.18070160e+02, 3.00245728e+02, 1.85919270e-01, 1.06284447e+02,
       2.04235550e+02, 1.83536932e-01, 1.08265175e+02, 2.08160568e+02,
       1.44232452e-01, 1.65032501e+02, 2.47376694e+02, 1.06627837e-01 ]
