%YAML:1.0
---
pose_0: !!opencv-matrix
   rows: 1
   cols: 25
   dt: "3f"
   data: [ 9.17375488e+02, 2.00362640e+02, 8.27644587e-01,
       8.31151733e+02, 1.49395859e+02, 4.57603425e-01, 8.33100647e+02,
       1.08243584e+02, 6.41040504e-01, 8.03677490e+02, 2.33627914e+02,
       6.92201912e-01, 8.05713745e+02, 3.53144257e+02, 8.54259551e-01,
       8.21380249e+02, 1.78769653e+02, 2.11240053e-01, 7.91948853e+02,
       2.35564011e+02, 1.14213943e-01, 0., 0., 0., 6.90114075e+02,
       1.55287079e+02, 8.47913548e-02, 6.56800659e+02, 1.29787125e+02,
       7.62841776e-02, 0., 0., 0., 0., 0., 0., 7.17532898e+02,
       1.78774719e+02, 7.48221204e-02, 7.76377380e+02, 2.21899384e+02,
       1.37336403e-01, 0., 0., 0., 9.29154724e+02, 1.78755219e+02,
       8.77063990e-01, 9.32976440e+02, 2.08126801e+02, 7.53038406e-01,
       9.01675781e+02, 1.35650864e+02, 8.83422017e-01, 0., 0., 0., 0.,
       0., 0., 0., 0., 0., 0., 0., 0., 0., 0., 0., 0., 0., 0., 0., 0.,
       0. ]
