%YAML:1.0
---
pose_0: !!opencv-matrix
   rows: 1
   cols: 25
   dt: "3f"
   data: [ 9.62352051e+02, 1.96434097e+02, 7.89654493e-01,
       8.38950012e+02, 1.98407944e+02, 5.71346998e-01, 8.21386902e+02,
       1.12133888e+02, 5.48961341e-01, 6.82247864e+02, 8.47104721e+01,
       3.93513590e-01, 5.98044617e+02, 8.67205811e+01, 4.60754126e-01,
       8.46874329e+02, 2.94404358e+02, 6.02004528e-01, 7.39063293e+02,
       3.53107574e+02, 7.18053699e-01, 6.05921265e+02, 3.84411865e+02,
       4.34298158e-01, 5.58843506e+02, 2.06201355e+02, 9.77631360e-02,
       5.41216675e+02, 1.65106323e+02, 1.64266407e-01, 0., 0., 0., 0.,
       0., 0., 5.60825195e+02, 2.61095093e+02, 7.57232234e-02, 0., 0.,
       0., 0., 0., 0., 9.70307312e+02, 1.70912827e+02, 7.89880931e-01,
       9.79996460e+02, 2.12123245e+02, 8.09531152e-01, 9.40898804e+02,
       1.43536896e+02, 6.16678059e-01, 9.68283569e+02, 2.35583176e+02,
       1.29345179e-01, 0., 0., 0., 0., 0., 0., 0., 0., 0., 0., 0., 0.,
       0., 0., 0., 0., 0., 0. ]
