%YAML:1.0
---
pose_0: !!opencv-matrix
   rows: 1
   cols: 25
   dt: "3f"
   data: [ 8.84019592e+02, 2.31675247e+02, 7.39332318e-01,
       8.21375122e+02, 3.11977509e+02, 5.00210643e-01, 8.25281677e+02,
       3.10070984e+02, 2.73962915e-01, 7.13600830e+02, 3.04122803e+02,
       1.51828215e-01, 0., 0., 0., 8.27248108e+02, 3.21838379e+02,
       6.15349293e-01, 6.96002747e+02, 2.76709534e+02, 6.98437512e-01,
       5.70680603e+02, 2.12056244e+02, 7.86074638e-01, 5.74515808e+02,
       3.51219147e+02, 2.52595216e-01, 5.51010498e+02, 3.12002258e+02,
       1.78298831e-01, 2.98311981e+02, 2.57128723e+02, 3.81056368e-01,
       6.90553741e+01, 4.31507019e+02, 1.20675221e-01, 5.88254395e+02,
       3.86470703e+02, 2.69769162e-01, 2.90445984e+02, 2.74750244e+02,
       3.77322704e-01, 8.27784271e+01, 4.15823425e+02, 1.43973351e-01,
       9.01721619e+02, 2.29774750e+02, 1.13124542e-01, 9.05650085e+02,
       2.43389206e+02, 8.35090697e-01, 0., 0., 0., 8.99672241e+02,
       3.04222931e+02, 8.33645284e-01, 0., 0., 0., 0., 0., 0., 0., 0.,
       0., 0., 0., 0., 0., 0., 0., 0., 0., 0. ]
