%YAML:1.0
---
pose_0: !!opencv-matrix
   rows: 1
   cols: 25
   dt: "3f"
   data: [ 8.84135681e+02, 3.88443848e+02, 7.96783924e-01,
       7.76267273e+02, 4.02094421e+02, 7.01988220e-01, 7.72432922e+02,
       3.23813171e+02, 7.21165597e-01, 7.05807678e+02, 3.00253082e+02,
       3.94825339e-01, 6.66659424e+02, 2.82592407e+02, 5.58288634e-01,
       7.78254150e+02, 4.76599579e+02, 6.07756793e-01, 6.74434082e+02,
       5.68597961e+02, 7.65188098e-01, 7.72381409e+02, 5.45178284e+02,
       7.68398643e-01, 5.27517639e+02, 4.09938263e+02, 3.46052110e-01,
       5.23594849e+02, 3.66783264e+02, 4.44166481e-01, 3.51187866e+02,
       3.68802460e+02, 4.93071526e-01, 0., 0., 0., 5.39209473e+02,
       4.53040710e+02, 4.14661705e-01, 3.66816620e+02, 4.92265991e+02,
       5.16978443e-01, 1.80700974e+02, 5.25507996e+02, 4.31672424e-01,
       8.93825134e+02, 3.72778320e+02, 7.88025677e-01, 8.99653625e+02,
       4.04077759e+02, 7.83989131e-01, 8.68352844e+02, 3.59036621e+02,
       4.68414128e-01, 8.72321960e+02, 4.31595490e+02, 5.70954084e-01,
       1.23900444e+02, 5.76461670e+02, 2.77191728e-01, 0., 0., 0.,
       1.53331848e+02, 5.17716980e+02, 2.10538879e-01, 0., 0., 0., 0.,
       0., 0., 0., 0., 0. ]
