%YAML:1.0
---
pose_0: !!opencv-matrix
   rows: 1
   cols: 25
   dt: "3f"
   data: [ 9.48754211e+02, 2.74778137e+02, 8.27774823e-01,
       8.23400269e+02, 2.92399933e+02, 6.67612731e-01, 8.09636902e+02,
       2.12158005e+02, 6.75743520e-01, 6.95965759e+02, 2.02275803e+02,
       4.94607687e-01, 5.58849548e+02, 1.90528168e+02, 6.65043771e-01,
       8.39039185e+02, 3.80536865e+02, 6.17097378e-01, 7.29356628e+02,
       4.27613831e+02, 6.26851976e-01, 5.56913879e+02, 4.49118317e+02,
       5.91953099e-01, 5.82370667e+02, 3.04166748e+02, 2.07345054e-01,
       5.84301392e+02, 2.63048767e+02, 2.85314679e-01, 5.15759460e+02,
       2.45396942e+02, 1.97743088e-01, 3.51172302e+02, 3.02174622e+02,
       1.41589120e-01, 5.88232605e+02, 3.57059326e+02, 1.19069770e-01,
       0., 0., 0., 0., 0., 0., 9.50752686e+02, 2.53237686e+02,
       8.05597186e-01, 9.64428040e+02, 2.90434723e+02, 8.25260937e-01,
       9.19369202e+02, 2.27839951e+02, 6.13783479e-01, 9.46809204e+02,
       3.19765381e+02, 2.73745954e-01, 0., 0., 0., 0., 0., 0., 0., 0.,
       0., 0., 0., 0., 0., 0., 0., 0., 0., 0. ]
