%YAML:1.0
---
pose_0: !!opencv-matrix
   rows: 1
   cols: 25
   dt: "3f"
   data: [ 9.19313110e+02, 3.68772522e+02, 8.34497929e-01,
       8.15475769e+02, 3.82475464e+02, 6.36331201e-01, 8.05733704e+02,
       3.08127106e+02, 7.11177766e-01, 7.09733826e+02, 2.41392242e+02,
       7.52312779e-01, 7.42939148e+02, 3.04201721e+02, 6.88815892e-01,
       8.25325134e+02, 4.60821716e+02, 6.44975066e-01, 7.60629944e+02,
       5.19686584e+02, 7.86432505e-01, 7.78308594e+02, 4.04064575e+02,
       7.06245244e-01, 5.39259888e+02, 4.02145172e+02, 2.97390938e-01,
       5.41183167e+02, 3.60956573e+02, 4.20108080e-01, 3.33531555e+02,
       3.68765747e+02, 3.81754130e-01, 0., 0., 0., 5.41216858e+02,
       4.49173737e+02, 3.12478572e-01, 3.53172729e+02, 4.92171753e+02,
       2.16462314e-01, 1.69003662e+02, 5.25532959e+02, 1.77238017e-01,
       9.31030457e+02, 3.49250000e+02, 8.64728153e-01, 9.35053101e+02,
       3.84443970e+02, 7.88444102e-01, 8.99735596e+02, 3.27652527e+02,
       6.54983282e-01, 9.19308777e+02, 4.07984009e+02, 3.49325418e-01,
       0., 0., 0., 0., 0., 0., 0., 0., 0., 0., 0., 0., 0., 0., 0., 0.,
       0., 0. ]
