%YAML:1.0
---
pose_0: !!opencv-matrix
   rows: 1
   cols: 25
   dt: "3f"
   data: [ 8.84055115e+02, 2.33602570e+02, 8.04291248e-01,
       7.76393127e+02, 2.49336060e+02, 6.70632303e-01, 7.64581055e+02,
       1.80716995e+02, 6.48093283e-01, 6.48982117e+02, 1.65003983e+02,
       2.11206764e-01, 5.29460632e+02, 1.63080154e+02, 7.58423582e-02,
       7.90051025e+02, 3.21773895e+02, 6.30564630e-01, 7.09727783e+02,
       3.82449341e+02, 8.36279392e-01, 7.46910950e+02, 2.66923248e+02,
       7.52709985e-01, 5.37308777e+02, 2.41489288e+02, 1.16120949e-01,
       5.33387756e+02, 2.10101715e+02, 1.59602180e-01, 3.33548920e+02,
       2.41530472e+02, 1.05900392e-01, 3.35510742e+02, 2.41420685e+02,
       1.67716071e-01, 5.49058044e+02, 3.02205811e+02, 9.00702104e-02,
       3.35485596e+02, 2.43405472e+02, 7.38335177e-02, 0., 0., 0.,
       8.86114258e+02, 2.14060242e+02, 8.66249144e-01, 8.97791687e+02,
       2.45407562e+02, 8.15586925e-01, 8.58603821e+02, 1.96393188e+02,
       6.15484595e-01, 8.84103638e+02, 2.72766235e+02, 5.63557506e-01,
       0., 0., 0., 0., 0., 0., 0., 0., 0., 3.17881012e+02,
       2.55194458e+02, 6.07422367e-02, 3.13980377e+02, 2.55153519e+02,
       5.90597391e-02, 0., 0., 0. ]
