%YAML:1.0
---
pose_0: !!opencv-matrix
   rows: 1
   cols: 25
   dt: "3f"
   data: [ 9.03664673e+02, 2.90523071e+02, 7.75039613e-01,
       7.99803650e+02, 3.04145081e+02, 6.47198915e-01, 7.93977905e+02,
       2.27715149e+02, 6.89395487e-01, 6.94055664e+02, 1.63141205e+02,
       8.06734085e-01, 5.96036621e+02, 1.63023727e+02, 7.94849992e-01,
       8.01806763e+02, 3.82580139e+02, 6.69640064e-01, 6.82351685e+02,
       4.19782288e+02, 7.99147189e-01, 6.80362305e+02, 3.43315887e+02,
       8.10304463e-01, 5.76480591e+02, 3.02207489e+02, 2.09091097e-01,
       5.92149048e+02, 2.64985901e+02, 2.50132114e-01, 4.29542938e+02,
       2.72816650e+02, 7.91630894e-02, 2.21872635e+02, 2.55210861e+02,
       7.00839162e-02, 5.54925415e+02, 3.53151550e+02, 1.48461252e-01,
       3.72729492e+02, 3.62924774e+02, 1.77205890e-01, 1.49428162e+02,
       3.57037445e+02, 3.09674203e-01, 9.15461243e+02, 2.74782837e+02,
       8.76419008e-01, 9.15461609e+02, 3.10025818e+02, 7.65576839e-01,
       8.88034363e+02, 2.53239426e+02, 5.35298169e-01, 8.97767822e+02,
       3.35523499e+02, 4.96195018e-01, 1.00398506e+02, 3.96215912e+02,
       2.22147658e-01, 1.04366714e+02, 3.96269897e+02, 2.49892086e-01,
       1.23944061e+02, 3.41403931e+02, 1.57757983e-01, 0., 0., 0., 0.,
       0., 0., 0., 0., 0. ]
