%YAML:1.0
---
pose_0: !!opencv-matrix
   rows: 1
   cols: 25
   dt: "3f"
   data: [ 9.09541626e+02, 2.19905807e+02, 7.21702397e-01,
       8.31157104e+02, 2.90502686e+02, 5.64695299e-01, 8.23306396e+02,
       2.63021576e+02, 3.40640277e-01, 7.09668152e+02, 2.61051697e+02,
       1.28853500e-01, 8.37057617e+02, 1.74858536e+02, 3.42727989e-01,
       8.35109619e+02, 3.23789734e+02, 4.36799079e-01, 7.05752075e+02,
       2.59098267e+02, 5.21739185e-01, 8.31197144e+02, 1.76808517e+02,
       3.78319263e-01, 5.82356873e+02, 3.19828003e+02, 2.05019414e-01,
       5.68648865e+02, 2.80654785e+02, 2.06689164e-01, 3.37501923e+02,
       2.90422852e+02, 1.80079758e-01, 8.67027206e+01, 3.82450562e+02,
       8.36696476e-02, 5.72564087e+02, 3.55081635e+02, 1.46215141e-01,
       3.21810120e+02, 3.02234985e+02, 2.13448092e-01, 8.47759476e+01,
       3.82489227e+02, 4.48762536e-01, 9.29113953e+02, 2.19874786e+02,
       4.57519352e-01, 9.33016418e+02, 2.39461975e+02, 8.48873913e-01,
       0., 0., 0., 9.19346802e+02, 2.90547729e+02, 8.33798707e-01,
       6.70664291e+01, 4.09971344e+02, 1.59620672e-01, 6.70825195e+01,
       4.09983307e+02, 1.64649129e-01, 6.51687088e+01, 3.84522095e+02,
       3.62673789e-01, 0., 0., 0., 0., 0., 0., 0., 0., 0. ]
