%YAML:1.0
---
pose_0: !!opencv-matrix
   rows: 1
   cols: 25
   dt: "3f"
   data: [ 8.83990784e+02, 1.65034119e+02, 8.29800785e-01,
       7.86125183e+02, 1.96420044e+02, 7.12258637e-01, 7.64558289e+02,
       1.16119987e+02, 6.74162745e-01, 6.60713257e+02, 6.51590805e+01,
       7.82948911e-01, 6.21514465e+02, 9.84209747e+01, 8.06415856e-01,
       7.97855835e+02, 2.74787170e+02, 6.80344045e-01, 6.90121460e+02,
       3.33547546e+02, 6.93890929e-01, 5.70521606e+02, 3.66919159e+02,
       8.31594408e-01, 5.35331360e+02, 2.25751480e+02, 3.16726744e-01,
       5.37308594e+02, 1.78764359e+02, 3.43176425e-01, 3.66817993e+02,
       1.82720947e+02, 1.38958544e-01, 0., 0., 0., 5.39206726e+02,
       2.66907837e+02, 4.18090969e-01, 3.70792664e+02, 2.63025818e+02,
       2.51413167e-01, 1.35695786e+02, 3.04161102e+02, 2.47180358e-01,
       8.88033569e+02, 1.49372574e+02, 8.48118007e-01, 8.99707825e+02,
       1.80803665e+02, 8.43643248e-01, 8.70317688e+02, 1.33714157e+02,
       4.91778612e-01, 8.84037720e+02, 2.12044312e+02, 7.14043915e-01,
       0., 0., 0., 0., 0., 0., 1.16105034e+02, 3.06138153e+02,
       1.27364844e-01, 0., 0., 0., 0., 0., 0., 0., 0., 0. ]
