%YAML:1.0
---
pose_0: !!opencv-matrix
   rows: 1
   cols: 25
   dt: "3f"
   data: [ 9.34982056e+02, 2.17934891e+02, 6.91803455e-01,
       8.31189575e+02, 2.72799011e+02, 7.30085909e-01, 8.03760193e+02,
       2.10071182e+02, 7.00899601e-01, 6.97953857e+02, 1.61117447e+02,
       7.32446313e-01, 6.80214966e+02, 1.78699326e+02, 8.28674436e-01,
       8.56682251e+02, 3.39422913e+02, 6.77954972e-01, 7.60689270e+02,
       4.47114441e+02, 8.09641004e-01, 6.19554016e+02, 5.02045624e+02,
       7.24244833e-01, 5.98029541e+02, 3.37483765e+02, 1.66508108e-01,
       5.78443359e+02, 2.94381256e+02, 2.14830145e-01, 3.55118317e+02,
       3.19843231e+02, 1.86455905e-01, 3.31568420e+02, 3.35504974e+02,
       6.87228441e-02, 6.19575012e+02, 3.84479919e+02, 1.26916051e-01,
       0., 0., 0., 0., 0., 0., 9.44801514e+02, 2.10085831e+02,
       7.39582419e-01, 9.50731995e+02, 2.39468811e+02, 8.22491050e-01,
       9.13428101e+02, 2.02325180e+02, 9.12050605e-02, 9.31151917e+02,
       2.82578308e+02, 7.80672848e-01, 0., 0., 0., 0., 0., 0., 0., 0.,
       0., 0., 0., 0., 0., 0., 0., 0., 0., 0. ]
