%YAML:1.0
---
pose_0: !!opencv-matrix
   rows: 1
   cols: 25
   dt: "3f"
   data: [ 8.99762817e+02, 1.25915634e+02, 8.24494064e-01,
       7.89993347e+02, 1.27835373e+02, 6.40093565e-01, 7.89940674e+02,
       4.16640854e+01, 7.07977831e-01, 6.80287292e+02, 5.34493208e+00,
       4.78311956e-01, 0., 0., 0., 7.84130554e+02, 2.12168472e+02,
       6.19679213e-01, 6.64566956e+02, 2.57164093e+02, 7.81793475e-01,
       5.41217041e+02, 2.70821350e+02, 8.04683328e-01, 5.58859314e+02,
       1.16094704e+02, 1.20127954e-01, 5.37310120e+02, 8.67114487e+01,
       1.32190868e-01, 0., 0., 0., 0., 0., 0., 5.51023804e+02,
       1.78794617e+02, 9.49268118e-02, 0., 0., 0., 0., 0., 0.,
       9.07600464e+02, 1.02421471e+02, 8.47605526e-01, 9.13438416e+02,
       1.41583984e+02, 7.95755386e-01, 8.84107422e+02, 8.08205109e+01,
       6.28611684e-01, 8.97780029e+02, 1.63018707e+02, 3.66817892e-01,
       0., 0., 0., 0., 0., 0., 0., 0., 0., 0., 0., 0., 0., 0., 0., 0.,
       0., 0. ]
