%YAML:1.0
---
pose_0: !!opencv-matrix
   rows: 1
   cols: 25
   dt: "3f"
   data: [ 9.36968628e+02, 2.88466705e+02, 7.72340357e-01,
       8.21399353e+02, 3.35509369e+02, 7.22783506e-01, 7.90059631e+02,
       2.80657928e+02, 5.76113522e-01, 6.48983032e+02, 2.57194214e+02,
       4.93024230e-01, 6.05888062e+02, 2.12077271e+02, 8.35625529e-01,
       8.50792969e+02, 3.96226349e+02, 6.81918621e-01, 7.39062134e+02,
       4.53034271e+02, 7.64935434e-01, 7.27404846e+02, 3.04098541e+02,
       7.05031753e-01, 5.66692566e+02, 3.39463928e+02, 2.32565016e-01,
       5.72586426e+02, 3.08073883e+02, 2.83873826e-01, 3.70768585e+02,
       2.39494965e+02, 2.23711193e-01, 2.04269287e+02, 3.06122162e+02,
       2.77305186e-01, 5.43205994e+02, 3.74697845e+02, 1.46066979e-01,
       3.64901703e+02, 2.37541077e+02, 3.66319954e-01, 2.06188782e+02,
       3.06124725e+02, 4.13826644e-01, 9.42849426e+02, 2.74701294e+02,
       6.54200554e-01, 9.50707886e+02, 3.04200867e+02, 8.56263161e-01,
       9.01759155e+02, 2.61093689e+02, 3.51716101e-01, 9.42805237e+02,
       3.37536499e+02, 6.93409503e-01, 1.68968735e+02, 2.57196472e+02,
       1.19415022e-01, 1.63114441e+02, 2.70844696e+02, 1.24302164e-01,
       1.84693115e+02, 3.23757568e+02, 2.48304978e-01, 1.61130310e+02,
       2.59139984e+02, 1.20748788e-01, 1.63105118e+02, 2.61047668e+02,
       9.11242589e-02, 1.96401627e+02, 3.31550385e+02, 1.27637878e-01 ]
