%YAML:1.0
---
pose_0: !!opencv-matrix
   rows: 1
   cols: 25
   dt: "3f"
   data: [ 8.84061951e+02, 2.41486328e+02, 8.40349853e-01,
       7.76375183e+02, 2.61039734e+02, 7.37181306e-01, 7.54755859e+02,
       1.94434647e+02, 6.68961167e-01, 6.50895996e+02, 1.47512466e+02,
       7.50733078e-01, 5.88200745e+02, 1.20060974e+02, 8.00212562e-01,
       7.95945251e+02, 3.33502991e+02, 6.17269993e-01, 7.58661438e+02,
       4.31553009e+02, 7.83154190e-01, 7.43042419e+02, 5.45166687e+02,
       6.13082230e-01, 5.54924744e+02, 3.13959717e+02, 2.19382063e-01,
       5.52963013e+02, 2.65005432e+02, 3.06370795e-01, 4.82445313e+02,
       2.41453552e+02, 2.08552033e-01, 3.25730164e+02, 2.43504456e+02,
       1.36237890e-01, 5.52967773e+02, 3.53164978e+02, 2.66192526e-01,
       3.78605804e+02, 4.13818939e+02, 3.61545622e-01, 2.12086533e+02,
       4.92291779e+02, 3.63646567e-01, 8.87977478e+02, 2.23869034e+02,
       7.86663949e-01, 8.93845032e+02, 2.55141724e+02, 7.83247292e-01,
       8.58625977e+02, 2.08185883e+02, 4.88484621e-01, 8.82081909e+02,
       2.74774475e+02, 5.32478571e-01, 1.84664703e+02, 4.76611694e+02,
       9.60089564e-02, 1.88581772e+02, 4.84412750e+02, 9.57440361e-02,
       1.96412109e+02, 4.94248474e+02, 2.36482993e-01, 0., 0., 0., 0.,
       0., 0., 0., 0., 0. ]
