%YAML:1.0
---
pose_0: !!opencv-matrix
   rows: 1
   cols: 25
   dt: "3f"
   data: [ 1.02708948e+03, 2.61144928e+02, 7.73268700e-01,
       8.88033203e+02, 2.72834839e+02, 5.39690614e-01, 8.68356079e+02,
       1.74834396e+02, 5.42721808e-01, 7.27308411e+02, 8.08514023e+01,
       7.34278321e-01, 7.62568054e+02, 1.92453186e+02, 6.90653205e-01,
       8.97800903e+02, 3.60954376e+02, 4.24583584e-01, 7.54744019e+02,
       4.45235413e+02, 5.92764735e-01, 6.74468445e+02, 4.17812347e+02,
       5.67099869e-01, 6.03903381e+02, 2.86529877e+02, 5.27118482e-02,
       6.05864746e+02, 2.41486603e+02, 8.95436630e-02, 5.21643555e+02,
       1.98404282e+02, 1.83872566e-01, 0., 0., 0., 0., 0., 0., 0., 0.,
       0., 0., 0., 0., 1.03097583e+03, 2.29712021e+02, 8.39749575e-01,
       1.05059229e+03, 2.78689148e+02, 6.54421210e-01, 9.87897339e+02,
       1.92444595e+02, 4.14062530e-01, 1.05847705e+03, 3.08161743e+02,
       7.41018355e-02, 0., 0., 0., 0., 0., 0., 0., 0., 0., 0., 0., 0.,
       0., 0., 0., 0., 0., 0. ]
