%YAML:1.0
---
pose_0: !!opencv-matrix
   rows: 1
   cols: 25
   dt: "3f"
   data: [ 9.03642639e+02, 3.13923767e+02, 7.74418831e-01,
       8.23369324e+02, 2.70806488e+02, 5.18100262e-01, 8.31175964e+02,
       2.27727829e+02, 7.31053829e-01, 7.91994751e+02, 2.72794312e+02,
       8.05069566e-01, 8.03669800e+02, 4.00129150e+02, 7.75269866e-01,
       8.17458557e+02, 3.06167725e+02, 2.21529484e-01, 0., 0., 0., 0.,
       0., 0., 6.17627136e+02, 2.57165039e+02, 2.99645156e-01,
       6.13684204e+02, 2.74800476e+02, 1.94061518e-01, 4.60878021e+02,
       2.78727173e+02, 1.09582581e-01, 0., 0., 0., 6.31316406e+02,
       2.37553101e+02, 2.40288109e-01, 4.49141907e+02, 2.88437103e+02,
       9.03693289e-02, 3.53116241e+02, 3.80549927e+02, 6.32548630e-02,
       9.15355957e+02, 2.90430115e+02, 8.45432639e-01, 9.19322876e+02,
       3.19760681e+02, 8.00889611e-01, 8.86081909e+02, 2.57062561e+02,
       7.48992145e-01, 0., 0., 0., 0., 0., 0., 0., 0., 0., 0., 0., 0.,
       0., 0., 0., 0., 0., 0., 0., 0., 0. ]
