%YAML:1.0
---
pose_0: !!opencv-matrix
   rows: 1
   cols: 25
   dt: "3f"
   data: [ 8.68400879e+02, 4.33547424e+02, 8.47752929e-01,
       7.74316711e+02, 4.07974945e+02, 6.89006090e-01, 7.60583801e+02,
       3.41361298e+02, 6.74829662e-01, 7.48878235e+02, 2.43411163e+02,
       7.91052163e-01, 8.40985229e+02, 2.63003723e+02, 7.98456252e-01,
       7.89993286e+02, 4.76516754e+02, 6.50705516e-01, 8.03770813e+02,
       5.88175598e+02, 8.13631773e-01, 8.50695984e+02, 6.97935120e+02,
       6.96601212e-01, 5.56933838e+02, 4.33474426e+02, 3.27469707e-01,
       5.54945129e+02, 3.96228821e+02, 3.78743440e-01, 4.00170013e+02,
       4.09962219e+02, 1.07386529e-01, 3.21809845e+02, 4.15859772e+02,
       9.10876393e-02, 5.68619934e+02, 4.78505005e+02, 3.01669419e-01,
       4.00144440e+02, 5.07943329e+02, 1.43016726e-01, 0., 0., 0.,
       8.76226929e+02, 4.15779541e+02, 8.49043667e-01, 0., 0., 0.,
       8.52739014e+02, 3.78619263e+02, 8.30280840e-01, 0., 0., 0., 0.,
       0., 0., 0., 0., 0., 0., 0., 0., 0., 0., 0., 0., 0., 0., 0., 0.,
       0. ]
