%YAML:1.0
---
pose_0: !!opencv-matrix
   rows: 1
   cols: 25
   dt: "3f"
   data: [ 9.36978821e+02, 3.43351440e+02, 7.50646710e-01,
       8.37007935e+02, 3.37435333e+02, 7.02369511e-01, 8.23349854e+02,
       2.59101654e+02, 7.03922272e-01, 7.25320313e+02, 1.63093597e+02,
       7.51817465e-01, 7.68505676e+02, 2.12103745e+02, 7.92633832e-01,
       8.48806702e+02, 4.23695923e+02, 5.57713866e-01, 7.90052124e+02,
       5.49073181e+02, 8.05052400e-01, 8.52682190e+02, 4.76623260e+02,
       8.52849364e-01, 5.60824341e+02, 3.74700378e+02, 1.66771084e-01,
       5.49034546e+02, 3.37473358e+02, 2.68203676e-01, 3.29650421e+02,
       3.47272675e+02, 2.82402545e-01, 1.18067245e+02, 3.49255524e+02,
       5.07144555e-02, 5.82361633e+02, 4.25607452e+02, 1.40043154e-01,
       3.62947784e+02, 4.82466736e+02, 1.83360219e-01, 1.70934128e+02,
       5.35324280e+02, 1.19605631e-01, 9.48768555e+02, 3.17835938e+02,
       8.16792548e-01, 9.52661682e+02, 3.55176086e+02, 7.54980564e-01,
       9.21285583e+02, 2.86533813e+02, 5.96104383e-01, 0., 0., 0., 0.,
       0., 0., 0., 0., 0., 0., 0., 0., 0., 0., 0., 0., 0., 0., 0., 0.,
       0. ]
