%YAML:1.0
---
pose_0: !!opencv-matrix
   rows: 1
   cols: 25
   dt: "3f"
   data: [ 8.99707764e+02, 3.64923248e+02, 7.96034396e-01,
       8.09632019e+02, 3.21758026e+02, 6.99284494e-01, 8.31154053e+02,
       2.64967377e+02, 6.44054353e-01, 7.37131042e+02, 1.84680466e+02,
       6.71424866e-01, 6.09761230e+02, 2.27786011e+02, 7.81607091e-01,
       7.90005859e+02, 3.66902710e+02, 6.01100743e-01, 7.13624329e+02,
       3.92301575e+02, 3.11881781e-01, 6.66606628e+02, 4.13945770e+02,
       5.08006394e-01, 5.82364197e+02, 2.96345947e+02, 1.78612888e-01,
       5.82356323e+02, 2.92407410e+02, 2.13926181e-01, 3.37440735e+02,
       3.82541077e+02, 2.51338601e-01, 1.49410400e+02, 3.29619934e+02,
       1.62968338e-01, 0., 0., 0., 0., 0., 0., 0., 0., 0.,
       9.19321838e+02, 3.39438995e+02, 6.50736868e-01, 9.17377625e+02,
       3.76617767e+02, 7.47109950e-01, 8.99780701e+02, 3.04177124e+02,
       8.99680495e-01, 0., 0., 0., 0., 0., 0., 0., 0., 0., 0., 0., 0.,
       0., 0., 0., 0., 0., 0., 0., 0., 0. ]
