%YAML:1.0
---
pose_0: !!opencv-matrix
   rows: 1
   cols: 25
   dt: "3f"
   data: [ 9.31120117e+02, 2.88481781e+02, 7.91201711e-01,
       8.21390564e+02, 2.88531281e+02, 6.59564018e-01, 8.19449890e+02,
       2.02262238e+02, 6.73100293e-01, 6.97900085e+02, 1.27831459e+02,
       7.62395382e-01, 7.42935059e+02, 1.96449310e+02, 8.29439998e-01,
       8.15463196e+02, 3.74700439e+02, 5.61454475e-01, 6.99941895e+02,
       4.33532867e+02, 7.53359616e-01, 5.88209595e+02, 4.45210693e+02,
       8.30685377e-01, 5.64726685e+02, 3.06124054e+02, 1.51650950e-01,
       5.58840271e+02, 2.59111084e+02, 1.96441606e-01, 3.57073273e+02,
       2.74740234e+02, 1.80285349e-01, 0., 0., 0., 5.58865662e+02,
       3.68827545e+02, 1.47972420e-01, 3.84495483e+02, 3.37500854e+02,
       5.70926815e-02, 0., 0., 0., 9.40898438e+02, 2.63011414e+02,
       7.84744084e-01, 9.46782776e+02, 3.04183350e+02, 8.23743105e-01,
       9.15325378e+02, 2.39545456e+02, 6.20530844e-01, 9.36953857e+02,
       3.23786774e+02, 9.86979306e-02, 0., 0., 0., 0., 0., 0., 0., 0.,
       0., 0., 0., 0., 0., 0., 0., 0., 0., 0. ]
