%YAML:1.0
---
pose_0: !!opencv-matrix
   rows: 1
   cols: 25
   dt: "3f"
   data: [ 9.85941956e+02, 3.84524689e+02, 8.04229736e-01,
       8.54757324e+02, 3.96254425e+02, 6.56311274e-01, 8.39090393e+02,
       3.06140900e+02, 6.51484728e-01, 7.19522827e+02, 2.41527908e+02,
       7.17556000e-01, 6.23517273e+02, 2.84574921e+02, 6.74866199e-01,
       8.70408813e+02, 4.78509521e+02, 5.53841293e-01, 7.15597229e+02,
       5.49042419e+02, 6.56862974e-01, 5.98016052e+02, 5.90272217e+02,
       6.73656583e-01, 5.76489319e+02, 4.29564423e+02, 1.67088792e-01,
       5.72561462e+02, 3.80533844e+02, 2.19716176e-01, 3.39425720e+02,
       3.78612518e+02, 2.43788958e-01, 1.70930145e+02, 4.09937195e+02,
       3.12096864e-01, 5.72561279e+02, 4.92241272e+02, 2.12623209e-01,
       3.27675446e+02, 4.90289337e+02, 1.67452663e-01, 0., 0., 0.,
       9.93863342e+02, 3.57047302e+02, 8.69772196e-01, 1.00355505e+03,
       4.00093292e+02, 7.76158810e-01, 9.62422424e+02, 3.29608917e+02,
       5.35430133e-01, 9.97715759e+02, 4.17751221e+02, 7.63361081e-02,
       0., 0., 0., 0., 0., 0., 0., 0., 0., 1.57231888e+02,
       4.15881531e+02, 1.00092769e-01, 0., 0., 0., 1.59181351e+02,
       4.17804749e+02, 1.81982979e-01 ]
