%YAML:1.0
---
pose_0: !!opencv-matrix
   rows: 1
   cols: 25
   dt: "3f"
   data: [ 9.07551453e+02, 4.02190216e+02, 7.48710752e-01,
       7.93955139e+02, 4.11909271e+02, 6.82560265e-01, 7.82217773e+02,
       3.37456390e+02, 6.68530405e-01, 6.66655579e+02, 2.59177368e+02,
       8.18066716e-01, 7.58724060e+02, 2.74705597e+02, 8.30368638e-01,
       8.03696594e+02, 4.88335052e+02, 5.52336037e-01, 6.82236023e+02,
       5.70600586e+02, 8.26791048e-01, 7.82228333e+02, 5.66647461e+02,
       7.37491190e-01, 5.39264099e+02, 4.51099243e+02, 2.50096083e-01,
       5.41229370e+02, 4.00199280e+02, 3.30297410e-01, 4.70689697e+02,
       3.84517395e+02, 9.78062227e-02, 0., 0., 0., 5.31433411e+02,
       5.02049164e+02, 2.31251776e-01, 3.82463654e+02, 5.09867249e+02,
       4.52053696e-01, 0., 0., 0., 9.17297913e+02, 3.84433472e+02,
       9.07491386e-01, 9.21261536e+02, 4.19790802e+02, 7.62594759e-01,
       8.88043762e+02, 3.57097198e+02, 6.69115663e-01, 9.09506958e+02,
       4.41277252e+02, 2.30743632e-01, 0., 0., 0., 0., 0., 0., 0., 0.,
       0., 0., 0., 0., 0., 0., 0., 0., 0., 0. ]
