%YAML:1.0
---
pose_0: !!opencv-matrix
   rows: 1
   cols: 25
   dt: "3f"
   data: [ 1.02702380e+03, 2.43461761e+02, 8.03462029e-01,
       8.86053345e+02, 2.41480057e+02, 4.12047088e-01, 8.87975586e+02,
       1.43523132e+02, 4.82969254e-01, 7.92082764e+02, 4.36077232e+01,
       7.24894583e-01, 8.66462158e+02, 2.23794495e+02, 7.13539600e-01,
       8.68348572e+02, 3.25725433e+02, 3.56073111e-01, 7.70447815e+02,
       3.68876617e+02, 8.39069858e-02, 7.21481812e+02, 3.80596405e+02,
       2.26043910e-01, 0., 0., 0., 0., 0., 0., 0., 0., 0., 0., 0., 0.,
       0., 0., 0., 0., 0., 0., 0., 0., 0., 1.02708081e+03,
       2.12177231e+02, 8.78476381e-01, 1.04474683e+03, 2.53218552e+02,
       5.31586885e-01, 9.89848633e+02, 1.78769608e+02, 4.09733295e-01,
       0., 0., 0., 0., 0., 0., 0., 0., 0., 0., 0., 0., 0., 0., 0., 0.,
       0., 0., 0., 0., 0. ]
