%YAML:1.0
---
pose_0: !!opencv-matrix
   rows: 1
   cols: 25
   dt: "3f"
   data: [ 9.78076965e+02, 3.55097076e+02, 8.71298969e-01,
       8.50727295e+02, 3.64912872e+02, 6.31920218e-01, 8.31174805e+02,
       2.74800995e+02, 6.26783669e-01, 7.13684814e+02, 2.23795898e+02,
       6.92077518e-01, 5.96073425e+02, 2.37509995e+02, 6.09963596e-01,
       8.66393005e+02, 4.62840393e+02, 5.91718972e-01, 7.29343567e+02,
       5.25607849e+02, 6.07846797e-01, 6.03964111e+02, 5.88177612e+02,
       6.93746090e-01, 6.05878967e+02, 3.98200836e+02, 1.15319312e-01,
       6.03917725e+02, 3.49243774e+02, 1.95874363e-01, 5.23589783e+02,
       3.23783447e+02, 1.06271632e-01, 3.35545197e+02, 3.49247986e+02,
       1.91387713e-01, 6.13695740e+02, 4.64810181e+02, 1.18756436e-01,
       0., 0., 0., 0., 0., 0., 9.83987122e+02, 3.31563446e+02,
       8.00190449e-01, 9.95697144e+02, 3.70780396e+02, 8.09755027e-01,
       9.58499939e+02, 3.04065521e+02, 5.27168870e-01, 0., 0., 0., 0.,
       0., 0., 0., 0., 0., 0., 0., 0., 0., 0., 0., 0., 0., 0., 0., 0.,
       0. ]
