%YAML:1.0
---
pose_0: !!opencv-matrix
   rows: 1
   cols: 25
   dt: "3f"
   data: [ 9.33070068e+02, 3.17848572e+02, 7.51194715e-01,
       8.23413696e+02, 2.96326904e+02, 6.64211035e-01, 8.36985718e+02,
       2.12059692e+02, 6.39189541e-01, 7.27369873e+02, 1.27821861e+02,
       7.94756413e-01, 6.07806335e+02, 1.63050781e+02, 7.72094131e-01,
       8.11612671e+02, 3.72761414e+02, 6.19412005e-01, 7.13695557e+02,
       4.31528381e+02, 8.19972992e-01, 6.35293213e+02, 4.82408905e+02,
       8.13716710e-01, 5.90209167e+02, 2.84564911e+02, 1.42876297e-01,
       5.82360962e+02, 2.41505981e+02, 2.12420568e-01, 3.66853882e+02,
       2.92441467e+02, 2.46339321e-01, 1.49408096e+02, 3.19856903e+02,
       2.73859710e-01, 5.92164185e+02, 3.55121735e+02, 1.19371153e-01,
       4.15840546e+02, 3.96253265e+02, 1.50615588e-01, 2.10156616e+02,
       3.64849670e+02, 2.71565855e-01, 9.48801880e+02, 2.90480316e+02,
       8.59019697e-01, 9.48710999e+02, 3.29632996e+02, 7.49104202e-01,
       9.27166199e+02, 2.57095490e+02, 6.38156533e-01, 0., 0., 0., 0.,
       0., 0., 0., 0., 0., 1.90538040e+02, 3.53166687e+02,
       1.31651089e-01, 1.20022751e+02, 3.33470520e+02, 6.04750961e-02,
       0., 0., 0., 1.33691498e+02, 3.27662903e+02, 2.15508014e-01 ]
