%YAML:1.0
---
pose_0: !!opencv-matrix
   rows: 1
   cols: 25
   dt: "3f"
   data: [ 8.99754822e+02, 4.35479950e+02, 8.33821237e-01,
       7.93926636e+02, 4.25651428e+02, 7.31866896e-01, 7.76344910e+02,
       3.57039185e+02, 7.08576739e-01, 7.21444092e+02, 2.61046448e+02,
       7.54019141e-01, 8.27226135e+02, 2.45411285e+02, 7.80226231e-01,
       8.11584961e+02, 4.90298737e+02, 6.40884638e-01, 7.76313171e+02,
       6.09800415e+02, 8.33318770e-01, 8.68371704e+02, 6.84280029e+02,
       8.46386373e-01, 5.56904968e+02, 4.39351471e+02, 3.01013231e-01,
       5.60798218e+02, 4.00108337e+02, 4.40741509e-01, 3.84502716e+02,
       4.13894806e+02, 2.08931237e-01, 0., 0., 0., 5.64723816e+02,
       4.90257050e+02, 2.50301778e-01, 3.90399750e+02, 5.09882904e+02,
       2.73374051e-01, 0., 0., 0., 9.13425110e+02, 4.13834900e+02,
       8.15098464e-01, 9.15342773e+02, 4.43282654e+02, 8.18118334e-01,
       8.83978394e+02, 3.74711731e+02, 8.17592442e-01, 0., 0., 0., 0.,
       0., 0., 0., 0., 0., 0., 0., 0., 0., 0., 0., 0., 0., 0., 0., 0.,
       0. ]
