%YAML:1.0
---
pose_0: !!opencv-matrix
   rows: 1
   cols: 25
   dt: "3f"
   data: [ 9.15442993e+02, 1.74847794e+02, 8.11274469e-01,
       8.05663025e+02, 1.78702118e+02, 6.54511809e-01, 7.93974731e+02,
       9.25936661e+01, 6.66434348e-01, 6.80255737e+02, 4.55797348e+01,
       6.70150459e-01, 5.62740845e+02, 5.92976570e+01, 7.48184264e-01,
       8.03774231e+02, 2.61119598e+02, 6.45203173e-01, 6.76428406e+02,
       3.10016327e+02, 7.74926901e-01, 5.54922607e+02, 3.68787659e+02,
       8.22077870e-01, 5.37280090e+02, 1.96429611e+02, 2.19926849e-01,
       5.27535583e+02, 1.47440079e+02, 3.31417084e-01, 3.51150665e+02,
       1.63156921e+02, 2.98349142e-01, 0., 0., 0., 5.37310120e+02,
       2.47373932e+02, 2.78718174e-01, 3.43360474e+02, 3.06097321e+02,
       3.26065987e-01, 1.21983482e+02, 3.29645813e+02, 2.01464355e-01,
       9.27124146e+02, 1.49380280e+02, 8.70733261e-01, 9.33069580e+02,
       1.88560928e+02, 8.16953301e-01, 8.99769226e+02, 1.22004959e+02,
       6.34987056e-01, 9.29137573e+02, 2.08127808e+02, 1.59423158e-01,
       0., 0., 0., 0., 0., 0., 1.02355026e+02, 3.23751373e+02,
       1.12953424e-01, 0., 0., 0., 0., 0., 0., 0., 0., 0. ]
