%YAML:1.0
---
pose_0: !!opencv-matrix
   rows: 1
   cols: 25
   dt: "3f"
   data: [ 9.48716492e+02, 4.15766296e+02, 8.75757635e-01,
       8.41030518e+02, 4.31467407e+02, 6.80938542e-01, 8.35057312e+02,
       3.55133270e+02, 6.57206476e-01, 7.60627014e+02, 2.70887146e+02,
       6.89417362e-01, 7.03852173e+02, 1.78750946e+02, 6.24250174e-01,
       8.54662109e+02, 5.11828308e+02, 6.38342261e-01, 7.48881409e+02,
       5.70675476e+02, 7.00409055e-01, 6.17582581e+02, 5.70508728e+02,
       7.97399998e-01, 5.82342163e+02, 4.29536407e+02, 1.79919377e-01,
       5.84307068e+02, 3.84522186e+02, 2.43376926e-01, 4.17767853e+02,
       3.66872437e+02, 1.29396409e-01, 3.90355957e+02, 3.74700897e+02,
       1.23577178e-01, 5.78451111e+02, 4.80518768e+02, 1.45814538e-01,
       0., 0., 0., 0., 0., 0., 9.58463318e+02, 3.92335785e+02,
       8.15964937e-01, 9.64434998e+02, 4.29479462e+02, 8.84804010e-01,
       9.29129883e+02, 3.72776123e+02, 6.53620183e-01, 9.48773010e+02,
       4.47266724e+02, 3.18620682e-01, 0., 0., 0., 0., 0., 0., 0., 0.,
       0., 3.49219482e+02, 3.70773743e+02, 7.75131732e-02,
       3.45306458e+02, 3.60996307e+02, 7.79027641e-02, 0., 0., 0. ]
