%YAML:1.0
---
pose_0: !!opencv-matrix
   rows: 1
   cols: 25
   dt: "3f"
   data: [ 8.87995361e+02, 4.37379364e+02, 7.55373120e-01,
       7.91939697e+02, 4.25656616e+02, 6.55785859e-01, 7.91987122e+02,
       3.51122223e+02, 6.90366387e-01, 6.70564392e+02, 2.88450714e+02,
       7.94012964e-01, 5.72514099e+02, 3.21886627e+02, 7.38744199e-01,
       7.88066711e+02, 5.03984497e+02, 5.54073393e-01, 6.78292908e+02,
       5.58901978e+02, 7.64783621e-01, 7.90020691e+02, 5.41255310e+02,
       7.79401720e-01, 5.25567383e+02, 4.53046936e+02, 2.78337508e-01,
       5.37314148e+02, 3.98210602e+02, 3.42389524e-01, 3.33571075e+02,
       3.82503326e+02, 4.27125245e-01, 3.00260071e+02, 3.66922211e+02,
       8.96513313e-02, 5.27494812e+02, 4.98127899e+02, 3.76232296e-01,
       3.86476868e+02, 5.17726257e+02, 3.70238006e-01, 0., 0., 0.,
       9.01677734e+02, 4.15837311e+02, 8.72804523e-01, 9.01775330e+02,
       4.55039856e+02, 7.70919800e-01, 8.84015015e+02, 3.92302856e+02,
       6.56422317e-01, 8.99784790e+02, 4.76446106e+02, 5.34675345e-02,
       0., 0., 0., 0., 0., 0., 0., 0., 0., 0., 0., 0., 0., 0., 0., 0.,
       0., 0. ]
