%YAML:1.0
---
pose_0: !!opencv-matrix
   rows: 1
   cols: 25
   dt: "3f"
   data: [ 9.19297729e+02, 4.17828339e+02, 8.36635053e-01,
       8.11590576e+02, 4.45291809e+02, 7.51401782e-01, 7.92021301e+02,
       3.74669617e+02, 6.85563266e-01, 6.95913757e+02, 3.21843201e+02,
       7.69011199e-01, 6.23483948e+02, 2.63042358e+02, 7.52075136e-01,
       8.35063965e+02, 5.17719727e+02, 6.62692189e-01, 7.41043518e+02,
       5.58866821e+02, 7.78054476e-01, 6.64704163e+02, 4.66813446e+02,
       6.98423564e-01, 5.90200134e+02, 4.68738861e+02, 1.92246184e-01,
       5.82365417e+02, 4.47181396e+02, 1.56991050e-01, 5.49045959e+02,
       3.80546997e+02, 1.19287200e-01, 4.02118195e+02, 3.86469269e+02,
       1.22622728e-01, 5.94104675e+02, 4.96176270e+02, 1.71673536e-01,
       5.68643616e+02, 3.82565674e+02, 3.83731544e-01, 4.13889008e+02,
       3.92347198e+02, 1.31221443e-01, 9.17361511e+02, 4.02117767e+02,
       9.17479336e-01, 9.33087036e+02, 4.29589081e+02, 8.26847494e-01,
       8.84071411e+02, 3.96166992e+02, 6.50125682e-01, 9.15439758e+02,
       4.58929535e+02, 4.60271895e-01, 0., 0., 0., 0., 0., 0., 0., 0.,
       0., 0., 0., 0., 0., 0., 0., 0., 0., 0. ]
