%YAML:1.0
---
pose_0: !!opencv-matrix
   rows: 1
   cols: 25
   dt: "3f"
   data: [ 9.74152710e+02, 2.39443970e+02, 7.21873343e-01,
       8.52791931e+02, 2.90417694e+02, 7.12040424e-01, 8.19368469e+02,
       2.19898468e+02, 5.82210422e-01, 6.95973755e+02, 2.23782745e+02,
       5.47427654e-01, 5.98034607e+02, 1.92488998e+02, 7.73004770e-01,
       8.84120056e+02, 3.64926208e+02, 6.81148648e-01, 7.64599060e+02,
       4.31555664e+02, 7.40445197e-01, 6.99908142e+02, 2.88475342e+02,
       6.64890945e-01, 5.56899902e+02, 3.10057739e+02, 1.49256185e-01,
       5.66692261e+02, 2.70863434e+02, 2.03211069e-01, 3.70801910e+02,
       2.25791580e+02, 3.29847276e-01, 1.68982117e+02, 2.64953827e+02,
       4.53481138e-01, 5.29466492e+02, 3.45319763e+02, 8.25247467e-02,
       3.66904419e+02, 2.27736511e+02, 9.33318213e-02, 0., 0., 0.,
       9.80026306e+02, 2.23823196e+02, 8.20567489e-01, 9.91836853e+02,
       2.57192810e+02, 8.73394608e-01, 9.44821167e+02, 2.08113632e+02,
       5.15746437e-02, 9.76118103e+02, 3.00242767e+02, 6.42224431e-01,
       0., 0., 0., 0., 0., 0., 0., 0., 0., 1.31725601e+02,
       2.27797302e+02, 1.13104470e-01, 1.31794617e+02, 2.29713501e+02,
       1.20130368e-01, 1.59206146e+02, 2.78699005e+02, 3.53261381e-01 ]
