%YAML:1.0
---
pose_0: !!opencv-matrix
   rows: 1
   cols: 25
   dt: "3f"
   data: [ 9.33092651e+02, 2.21843491e+02, 7.09487438e-01,
       8.36960449e+02, 2.86506927e+02, 7.22103894e-01, 8.05720703e+02,
       2.27760544e+02, 6.94977343e-01, 7.21441772e+02, 2.06187729e+02,
       3.35272849e-01, 6.76415771e+02, 1.94400650e+02, 5.17923474e-01,
       8.62502625e+02, 3.43317078e+02, 6.51984990e-01, 7.58612915e+02,
       4.45291199e+02, 7.36750782e-01, 5.90243896e+02, 4.98106537e+02,
       7.31555223e-01, 5.29462219e+02, 3.15931000e+02, 2.20075786e-01,
       5.39270386e+02, 2.76724854e+02, 2.59335697e-01, 3.45321320e+02,
       2.57153717e+02, 2.74798572e-01, 1.47461090e+02, 2.88448730e+02,
       8.78627896e-02, 5.21608337e+02, 3.47274872e+02, 2.19636634e-01,
       3.19807617e+02, 3.39427948e+02, 2.36228749e-01, 7.88781815e+01,
       4.27560547e+02, 2.52763182e-01, 9.46739380e+02, 2.12119888e+02,
       7.12532222e-01, 9.50748535e+02, 2.41449387e+02, 8.59665155e-01,
       0., 0., 0., 9.35022766e+02, 2.88460846e+02, 8.48682582e-01,
       6.51481628e+01, 4.58887238e+02, 1.20282210e-01, 6.70545273e+01,
       4.56960236e+02, 1.39316633e-01, 5.53574333e+01, 4.37374023e+02,
       1.88394368e-01, 1.18036247e+02, 2.47373932e+02, 7.20931888e-02,
       1.19984337e+02, 2.47364029e+02, 5.05667143e-02, 0., 0., 0. ]
