%YAML:1.0
---
pose_0: !!opencv-matrix
   rows: 1
   cols: 25
   dt: "3f"
   data: [ 9.15397644e+02, 1.80811813e+02, 8.28404188e-01,
       8.09675232e+02, 1.68958054e+02, 6.38408720e-01, 8.21297302e+02,
       8.87021790e+01, 6.57395720e-01, 6.98013611e+02, 2.79207306e+01,
       6.74715757e-01, 5.94122375e+02, 8.46634140e+01, 7.48590827e-01,
       7.92060120e+02, 2.57109924e+02, 6.40266061e-01, 6.84214722e+02,
       2.78732422e+02, 5.37695587e-01, 5.54946777e+02, 3.04137177e+02,
       5.67564011e-01, 6.07830994e+02, 1.63107132e+02, 9.01683420e-02,
       5.92160889e+02, 1.18011826e+02, 1.11178823e-01, 0., 0., 0., 0.,
       0., 0., 6.05886597e+02, 2.37546890e+02, 1.10818863e-01, 0., 0.,
       0., 0., 0., 0., 9.29055054e+02, 1.51413834e+02, 8.03937495e-01,
       9.31121033e+02, 1.94529312e+02, 8.54760170e-01, 9.01680542e+02,
       1.29813950e+02, 5.45183778e-01, 9.29052063e+02, 2.11976501e+02,
       5.74470684e-02, 0., 0., 0., 0., 0., 0., 0., 0., 0., 0., 0., 0.,
       0., 0., 0., 0., 0., 0. ]
