%YAML:1.0
---
pose_0: !!opencv-matrix
   rows: 1
   cols: 25
   dt: "3f"
   data: [ 8.70357971e+02, 2.31689194e+02, 7.41046309e-01,
       8.05677002e+02, 3.21757782e+02, 5.47775924e-01, 8.19380615e+02,
       3.33508667e+02, 4.02337015e-01, 0., 0., 0., 0., 0., 0.,
       8.05730103e+02, 3.19863647e+02, 4.47184294e-01, 6.68610229e+02,
       2.86545166e+02, 7.35857069e-01, 5.17740723e+02, 2.25799713e+02,
       7.73816466e-01, 5.51031006e+02, 3.51175110e+02, 2.75653332e-01,
       5.43175598e+02, 3.11987549e+02, 2.38741547e-01, 3.53143890e+02,
       2.70876221e+02, 9.86955315e-02, 0., 0., 0., 5.56908875e+02,
       3.84484741e+02, 2.73243695e-01, 2.84555511e+02, 2.59113190e+02,
       4.64523822e-01, 6.90166550e+01, 4.29559540e+02, 3.27903003e-01,
       8.91931396e+02, 2.29730881e+02, 2.96482533e-01, 8.99702576e+02,
       2.47344849e+02, 7.88529277e-01, 0., 0., 0., 8.86125977e+02,
       3.10009796e+02, 8.01097214e-01, 7.88468475e+01, 4.64826874e+02,
       1.66693330e-01, 7.88361435e+01, 4.62857635e+02, 1.70265153e-01,
       4.17004852e+01, 4.43243622e+02, 2.04139456e-01, 0., 0., 0., 0.,
       0., 0., 0., 0., 0. ]
