%YAML:1.0
---
pose_0: !!opencv-matrix
   rows: 1
   cols: 25
   dt: "3f"
   data: [ 1.18971167e+03, 5.53126945e+01, 4.42965209e-01,
       9.78118896e+02, 1.06286339e+02, 2.34342411e-01, 9.33053528e+02,
       2.20325127e+01, 1.62263036e-01, 0., 0., 0., 0., 0., 0.,
       1.00357397e+03, 2.16022186e+02, 2.41946742e-01, 8.44888489e+02,
       3.31574005e+02, 5.23358643e-01, 6.21597290e+02, 3.53096039e+02,
       7.38355935e-01, 6.52898865e+02, 2.27754761e+02, 5.13229519e-02,
       6.13714722e+02, 1.88580307e+02, 5.52872047e-02, 0., 0., 0., 0.,
       0., 0., 0., 0., 0., 0., 0., 0., 0., 0., 0., 1.19557227e+03,
       5.34806919e+00, 3.31931770e-01, 1.21517334e+03, 6.91237640e+01,
       4.52240467e-01, 0., 0., 0., 1.21322021e+03, 1.10199577e+02,
       5.79669252e-02, 0., 0., 0., 0., 0., 0., 0., 0., 0., 0., 0., 0.,
       0., 0., 0., 0., 0., 0. ]
