%YAML:1.0
---
pose_0: !!opencv-matrix
   rows: 1
   cols: 25
   dt: "3f"
   data: [ 9.44790527e+02, 2.72732147e+02, 7.98125505e-01,
       8.27284607e+02, 2.74713623e+02, 6.38382852e-01, 8.27278320e+02,
       1.82743393e+02, 6.56208098e-01, 6.80295776e+02, 1.47474655e+02,
       6.81377888e-01, 5.41274963e+02, 1.49450684e+02, 7.15282619e-01,
       8.21302307e+02, 3.57044281e+02, 5.81432641e-01, 6.97932068e+02,
       3.98149933e+02, 6.82742417e-01, 5.62786987e+02, 4.58858002e+02,
       7.29579687e-01, 5.86286987e+02, 3.02184509e+02, 1.77964538e-01,
       5.74523254e+02, 2.31698761e+02, 1.85332924e-01, 3.80571808e+02,
       2.29717239e+02, 6.41933233e-02, 3.35522034e+02, 2.23805023e+02,
       2.50641584e-01, 5.90185974e+02, 3.51155396e+02, 2.21498743e-01,
       3.59024384e+02, 3.80574432e+02, 3.48873079e-01, 1.39582001e+02,
       4.11935394e+02, 3.17039847e-01, 9.52686951e+02, 2.43449539e+02,
       8.65902066e-01, 9.62420044e+02, 2.84601135e+02, 8.02328825e-01,
       9.23238037e+02, 2.17984253e+02, 6.07879281e-01, 9.46701172e+02,
       3.04080383e+02, 1.21203400e-01, 0., 0., 0., 0., 0., 0.,
       1.02382568e+02, 4.00168732e+02, 1.52241662e-01, 0., 0., 0., 0.,
       0., 0., 0., 0., 0. ]
