%YAML:1.0
---
pose_0: !!opencv-matrix
   rows: 1
   cols: 25
   dt: "3f"
   data: [ 9.15357422e+02, 1.92484222e+02, 7.64258802e-01,
       8.38963013e+02, 2.90430939e+02, 4.33496118e-01, 8.50767883e+02,
       3.06092712e+02, 3.49919379e-01, 7.46912415e+02, 2.70847260e+02,
       5.05820364e-02, 0., 0., 0., 8.40942688e+02, 2.82619568e+02,
       3.71318698e-01, 7.31240295e+02, 2.55149078e+02, 5.88147581e-01,
       6.46936340e+02, 1.63187897e+02, 8.15142632e-01, 4.90260803e+02,
       3.06110779e+02, 2.03874677e-01, 4.88312653e+02, 2.80675446e+02,
       1.51601240e-01, 3.04164795e+02, 2.68884216e+02, 1.17824443e-01,
       8.66462097e+01, 3.74671112e+02, 2.56631404e-01, 4.78529083e+02,
       3.21807129e+02, 1.51448533e-01, 3.04131104e+02, 2.70816376e+02,
       2.28356510e-01, 8.47059555e+01, 3.74686157e+02, 3.00336450e-01,
       9.35050659e+02, 1.94398087e+02, 6.70510381e-02, 9.33133545e+02,
       2.04254379e+02, 7.68786907e-01, 0., 0., 0., 9.31108521e+02,
       2.66916290e+02, 8.18604290e-01, 3.76678200e+01, 4.08001526e+02,
       2.07857311e-01, 4.36013451e+01, 4.11934509e+02, 2.33317554e-01,
       6.51448822e+01, 3.82529327e+02, 1.51224613e-01, 3.96536674e+01,
       4.09963684e+02, 2.13343278e-01, 3.96441460e+01, 4.00195068e+02,
       1.89114571e-01, 8.08188019e+01, 3.84490570e+02, 9.49036106e-02 ]
