%YAML:1.0
---
pose_0: !!opencv-matrix
   rows: 1
   cols: 25
   dt: "3f"
   data: [ 9.19382996e+02, 1.78712479e+02, 7.58589625e-01,
       8.09683960e+02, 1.90536774e+02, 6.70393586e-01, 8.05685608e+02,
       1.00395386e+02, 6.92903399e-01, 6.78347961e+02, 5.33883934e+01,
       6.94254160e-01, 5.58892822e+02, 6.71031952e+01, 7.93127418e-01,
       8.17419983e+02, 2.76708344e+02, 6.31577432e-01, 6.84246216e+02,
       3.23754456e+02, 7.86523163e-01, 5.60824951e+02, 3.76635925e+02,
       7.60046065e-01, 5.51000977e+02, 1.94408051e+02, 3.07428122e-01,
       5.52941895e+02, 1.49379822e+02, 4.03692663e-01, 3.53158020e+02,
       1.72889267e+02, 4.17263836e-01, 2.10120377e+02, 1.72874542e+02,
       1.35835379e-01, 5.49064148e+02, 2.41487213e+02, 3.15626651e-01,
       3.53122711e+02, 3.17843231e+02, 3.66684437e-01, 1.21944435e+02,
       3.41413239e+02, 3.75631541e-01, 9.31146973e+02, 1.49483948e+02,
       8.95778298e-01, 9.38929504e+02, 1.94429077e+02, 8.21457386e-01,
       9.03678955e+02, 1.31658966e+02, 6.97033405e-01, 9.25211731e+02,
       2.12081497e+02, 1.81937844e-01, 0., 0., 0., 0., 0., 0.,
       1.00453545e+02, 3.41376831e+02, 2.24078640e-01, 0., 0., 0., 0.,
       0., 0., 1.96454987e+02, 1.67031494e+02, 5.60408942e-02 ]
