%YAML:1.0
---
pose_0: !!opencv-matrix
   rows: 1
   cols: 25
   dt: "3f"
   data: [ 9.33050537e+02, 1.80769073e+02, 7.97519803e-01,
       8.66435059e+02, 2.72816040e+02, 3.41169655e-01, 8.46847900e+02,
       2.43409485e+02, 1.59390554e-01, 0., 0., 0., 0., 0., 0.,
       8.78176514e+02, 2.90455811e+02, 3.27408016e-01, 7.46929993e+02,
       3.10015839e+02, 6.99943721e-01, 6.35226746e+02, 1.90493958e+02,
       7.74982214e-01, 6.13708435e+02, 3.35499756e+02, 8.15172419e-02,
       6.31334290e+02, 2.96342926e+02, 6.00628853e-02, 0., 0., 0., 0.,
       0., 0., 5.94113037e+02, 3.66860748e+02, 6.71641976e-02,
       3.19856506e+02, 3.04181854e+02, 1.30062878e-01, 1.53312347e+02,
       3.64894409e+02, 7.36481696e-02, 9.54550781e+02, 1.78823318e+02,
       1.19006351e-01, 9.60482361e+02, 1.94373444e+02, 8.30411315e-01,
       0., 0., 0., 9.60410095e+02, 2.57154724e+02, 7.99905479e-01, 0.,
       0., 0., 0., 0., 0., 0., 0., 0., 0., 0., 0., 0., 0., 0., 0., 0.,
       0. ]
