%YAML:1.0
---
pose_0: !!opencv-matrix
   rows: 2
   cols: 25
   dt: "3f"
   data: [ 9.25211609e+02, 3.37545746e+02, 7.31839240e-01,
       8.38995178e+02, 2.61044525e+02, 3.20139140e-01, 8.52633972e+02,
       2.31685104e+02, 6.79382443e-01, 7.66507080e+02, 3.19813873e+02,
       7.16260076e-01, 8.36958313e+02, 4.11935760e+02, 8.00936460e-01,
       8.23342651e+02, 2.92400116e+02, 1.03600465e-01, 0., 0., 0., 0.,
       0., 0., 0., 0., 0., 0., 0., 0., 0., 0., 0., 0., 0., 0., 0., 0.,
       0., 0., 0., 0., 0., 0., 0., 9.42855774e+02, 3.21886200e+02,
       7.63987899e-01, 0., 0., 0., 9.36974243e+02, 2.74748932e+02,
       8.44742894e-01, 0., 0., 0., 0., 0., 0., 0., 0., 0., 0., 0., 0.,
       0., 0., 0., 0., 0., 0., 0., 0., 0., 0., 0., 0., 7.68505493e+02,
       2.72799805e+02, 9.33572128e-02, 0., 0., 0., 0., 0., 0., 0., 0.,
       0., 7.68455444e+02, 2.88475830e+02, 2.02112839e-01,
       7.29260437e+02, 3.60983002e+02, 7.83889949e-01, 8.13535889e+02,
       4.15784943e+02, 7.22250521e-01, 5.82365173e+02, 2.55196716e+02,
       1.78730160e-01, 5.82345398e+02, 2.45375259e+02, 1.79467827e-01,
       2.88509827e+02, 2.74741119e+02, 2.99678862e-01, 1.06300835e+02,
       2.45389923e+02, 6.09474927e-02, 0., 0., 0., 0., 0., 0., 0., 0.,
       0., 0., 0., 0., 0., 0., 0., 0., 0., 0., 0., 0., 0., 0., 0., 0.,
       0., 0., 0., 0., 0., 0., 0., 0., 0., 0., 0., 0., 0., 0., 0. ]
