%YAML:1.0
---
pose_0: !!opencv-matrix
   rows: 1
   cols: 25
   dt: "3f"
   data: [ 9.09511414e+02, 1.94417816e+02, 8.02075386e-01,
       7.99846436e+02, 2.19909851e+02, 6.55589402e-01, 7.86062439e+02,
       1.45435196e+02, 6.64559543e-01, 6.66544617e+02, 1.02353592e+02,
       7.77960479e-01, 5.82359253e+02, 1.02485588e+02, 7.97709823e-01,
       8.09690063e+02, 3.00256165e+02, 6.69650376e-01, 6.99893005e+02,
       3.68868011e+02, 8.03078473e-01, 6.05832214e+02, 3.66765717e+02,
       8.14404130e-01, 5.78438110e+02, 2.68909729e+02, 1.93573907e-01,
       5.70599365e+02, 2.16012375e+02, 1.93348482e-01, 4.94208252e+02,
       1.63100250e+02, 6.53690919e-02, 0., 0., 0., 5.88242676e+02,
       3.10068878e+02, 1.98041514e-01, 4.02132751e+02, 3.02170593e+02,
       7.36791641e-02, 0., 0., 0., 9.15341125e+02, 1.76742203e+02,
       8.60950649e-01, 9.19410095e+02, 2.10113815e+02, 8.19305778e-01,
       8.84055115e+02, 1.57221405e+02, 5.88555098e-01, 9.13441284e+02,
       2.35601028e+02, 5.55576444e-01, 0., 0., 0., 0., 0., 0., 0., 0.,
       0., 0., 0., 0., 0., 0., 0., 0., 0., 0. ]
