%YAML:1.0
---
pose_0: !!opencv-matrix
   rows: 1
   cols: 25
   dt: "3f"
   data: [ 9.01645935e+02, 1.94393036e+02, 8.29900265e-01,
       7.95927002e+02, 2.04224228e+02, 6.58287168e-01, 7.90009338e+02,
       1.23895508e+02, 6.96535707e-01, 6.78376648e+02, 7.11112137e+01,
       7.81467974e-01, 5.88302429e+02, 9.06156540e+01, 7.95730531e-01,
       8.03697266e+02, 2.86484894e+02, 6.78687096e-01, 6.82353149e+02,
       3.35510651e+02, 8.14725757e-01, 5.72618530e+02, 3.80553253e+02,
       8.40234220e-01, 5.43162231e+02, 2.39485382e+02, 2.41192088e-01,
       5.49037720e+02, 1.86622711e+02, 2.66088516e-01, 4.94168365e+02,
       1.47478790e+02, 2.54767448e-01, 3.66798096e+02, 1.96392578e+02,
       1.17978536e-01, 5.41247437e+02, 2.84570343e+02, 2.98410773e-01,
       3.47265778e+02, 2.84596466e+02, 1.91254422e-01, 1.51385880e+02,
       3.08087646e+02, 2.64627725e-01, 9.03639465e+02, 1.70950409e+02,
       7.64330804e-01, 9.15348633e+02, 2.06213501e+02, 8.23820472e-01,
       8.80174072e+02, 1.49433319e+02, 6.68108284e-01, 9.01658813e+02,
       2.25792740e+02, 4.43387210e-01, 0., 0., 0., 0., 0., 0.,
       1.39601563e+02, 3.15900299e+02, 1.43497854e-01, 0., 0., 0., 0.,
       0., 0., 0., 0., 0. ]
