%YAML:1.0
---
pose_0: !!opencv-matrix
   rows: 1
   cols: 25
   dt: "3f"
   data: [ 8.80114746e+02, 3.82430145e+02, 7.36984909e-01,
       7.97891785e+02, 3.08086548e+02, 5.38422644e-01, 7.97892456e+02,
       2.96347870e+02, 6.00634933e-01, 6.92072937e+02, 2.72757904e+02,
       6.60986900e-01, 5.70635071e+02, 3.84526886e+02, 5.91324031e-01,
       8.03702393e+02, 3.23754883e+02, 3.60875428e-01, 6.82289063e+02,
       3.62908234e+02, 3.42500538e-01, 5.68599976e+02, 3.96203979e+02,
       1.40652224e-01, 5.33394470e+02, 2.78710022e+02, 2.26992324e-01,
       5.25517944e+02, 2.57143127e+02, 2.54293025e-01, 3.27658813e+02,
       4.00144348e+02, 2.41476372e-01, 1.18051247e+02, 3.21751221e+02,
       1.14522889e-01, 5.27512329e+02, 3.04138611e+02, 1.67031780e-01,
       4.23653809e+02, 3.70804504e+02, 8.26623067e-02, 0., 0., 0.,
       8.97713318e+02, 3.68799896e+02, 8.06092620e-01, 0., 0., 0.,
       8.95813965e+02, 3.23741547e+02, 8.21734846e-01, 0., 0., 0., 0.,
       0., 0., 0., 0., 0., 0., 0., 0., 0., 0., 0., 0., 0., 0., 0., 0.,
       0. ]
