%YAML:1.0
---
pose_0: !!opencv-matrix
   rows: 1
   cols: 25
   dt: "3f"
   data: [ 8.83974487e+02, 3.96230682e+02, 8.38350952e-01,
       8.03700195e+02, 4.41260468e+02, 7.69957542e-01, 7.72412109e+02,
       3.98127991e+02, 6.75845027e-01, 6.54827820e+02, 3.98184387e+02,
       6.11476660e-01, 5.74579651e+02, 3.53246552e+02, 8.28320205e-01,
       8.35044434e+02, 4.80540649e+02, 6.76328421e-01, 7.93996521e+02,
       5.03992554e+02, 7.70598888e-01, 7.42961365e+02, 3.72743896e+02,
       7.73840904e-01, 5.47092590e+02, 4.70693085e+02, 3.54084998e-01,
       5.43188171e+02, 4.33434601e+02, 4.76937860e-01, 3.64887787e+02,
       4.33492615e+02, 4.20942813e-01, 1.72910355e+02, 4.33505127e+02,
       1.86975092e-01, 5.47102112e+02, 5.11809174e+02, 3.44073683e-01,
       3.62962006e+02, 5.56932861e+02, 5.33155262e-01, 2.19930344e+02,
       6.35254883e+02, 3.76153111e-01, 8.85993530e+02, 3.82549408e+02,
       9.09207940e-01, 8.97721375e+02, 4.11913086e+02, 8.44268143e-01,
       8.60590759e+02, 3.78615814e+02, 3.28578949e-01, 8.86026062e+02,
       4.43247162e+02, 7.18610525e-01, 1.49428513e+02, 6.37234924e+02,
       7.64768794e-02, 1.55247971e+02, 6.48937500e+02, 7.80096501e-02,
       2.00356583e+02, 6.37234619e+02, 1.96812406e-01, 1.27837975e+02,
       3.68814453e+02, 7.95975029e-02, 0., 0., 0., 0., 0., 0. ]
