%YAML:1.0
---
pose_0: !!opencv-matrix
   rows: 1
   cols: 25
   dt: "3f"
   data: [ 8.99750244e+02, 2.90539124e+02, 8.41112614e-01,
       7.88058411e+02, 3.17873962e+02, 6.63402319e-01, 7.88026978e+02,
       2.43423859e+02, 6.89739525e-01, 6.98053833e+02, 1.78708237e+02,
       7.86559761e-01, 6.72470459e+02, 6.70857239e+01, 6.27660513e-01,
       7.80244019e+02, 3.94282104e+02, 5.22020757e-01, 6.51002808e+02,
       4.11844940e+02, 7.40604877e-01, 7.58714966e+02, 3.94262848e+02,
       6.70480490e-01, 5.51017212e+02, 3.02191803e+02, 2.79539019e-01,
       5.54895508e+02, 2.59092438e+02, 3.21972936e-01, 3.72752136e+02,
       2.41432220e+02, 1.25720233e-01, 0., 0., 0., 5.43166992e+02,
       3.47242645e+02, 2.57580668e-01, 3.62939148e+02, 3.53137238e+02,
       3.09403032e-01, 2.57113281e+02, 3.53162842e+02, 2.27527753e-01,
       9.03730896e+02, 2.78704590e+02, 7.88329780e-01, 9.13416687e+02,
       3.08054108e+02, 8.23145449e-01, 8.84083984e+02, 2.70803741e+02,
       2.57495642e-01, 8.86035278e+02, 3.39454346e+02, 7.38104939e-01,
       2.10087326e+02, 3.41389465e+02, 1.19824335e-01, 2.14027359e+02,
       3.51131653e+02, 1.32332042e-01, 0., 0., 0., 0., 0., 0., 0., 0.,
       0., 0., 0., 0. ]
