%YAML:1.0
---
pose_0: !!opencv-matrix
   rows: 1
   cols: 25
   dt: "3f"
   data: [ 9.15340820e+02, 2.70854126e+02, 8.24426889e-01,
       7.94011780e+02, 2.84577698e+02, 6.63863063e-01, 7.95944275e+02,
       1.98388763e+02, 6.52776182e-01, 6.80275940e+02, 1.49490692e+02,
       6.84522390e-01, 5.58899231e+02, 1.55304810e+02, 7.75067270e-01,
       7.90043579e+02, 3.57093689e+02, 6.46180868e-01, 6.97890747e+02,
       4.15799927e+02, 8.05591822e-01, 5.90246765e+02, 4.72602631e+02,
       7.30962276e-01, 5.35343811e+02, 2.82616150e+02, 1.10821590e-01,
       5.27514099e+02, 2.39479355e+02, 1.46655113e-01, 3.70799438e+02,
       2.41483246e+02, 1.02906257e-01, 0., 0., 0., 5.21622620e+02,
       3.29626526e+02, 1.15738615e-01, 3.78596375e+02, 2.70850922e+02,
       5.42386621e-02, 0., 0., 0., 9.17377869e+02, 2.53215149e+02,
       8.42672646e-01, 9.25185791e+02, 2.84528168e+02, 7.47038007e-01,
       8.86027161e+02, 2.39514557e+02, 6.80778742e-01, 9.13407837e+02,
       3.04229370e+02, 2.63421178e-01, 0., 0., 0., 0., 0., 0., 0., 0.,
       0., 0., 0., 0., 0., 0., 0., 0., 0., 0. ]
