%YAML:1.0
---
pose_0: !!opencv-matrix
   rows: 1
   cols: 25
   dt: "3f"
   data: [ 9.03625366e+02, 3.68781219e+02, 7.44662166e-01,
       8.31132385e+02, 2.92421265e+02, 5.13991475e-01, 8.37043640e+02,
       2.74826141e+02, 7.76945591e-01, 7.27282410e+02, 2.98317902e+02,
       7.87675083e-01, 7.43050842e+02, 4.35441040e+02, 7.94727206e-01,
       8.21372559e+02, 3.21748962e+02, 3.34240228e-01, 0., 0., 0., 0.,
       0., 0., 5.41262817e+02, 2.88484070e+02, 2.25476250e-01,
       5.35334961e+02, 2.59080566e+02, 2.45035589e-01, 4.06060669e+02,
       3.06099091e+02, 9.10447091e-02, 3.21830536e+02, 3.64865204e+02,
       9.11304057e-02, 5.49037781e+02, 3.17893005e+02, 1.66311398e-01,
       4.58932434e+02, 3.53173553e+02, 9.02715251e-02, 3.37433350e+02,
       3.82511841e+02, 7.94177651e-02, 9.25197266e+02, 3.53081635e+02,
       7.29325891e-01, 0., 0., 0., 9.15367737e+02, 3.04070679e+02,
       8.60899627e-01, 0., 0., 0., 0., 0., 0., 0., 0., 0., 0., 0., 0.,
       0., 0., 0., 0., 0., 0., 0., 0., 0. ]
