%YAML:1.0
---
pose_0: !!opencv-matrix
   rows: 1
   cols: 25
   dt: "3f"
   data: [ 9.31016296e+02, 3.35437866e+02, 8.15484166e-01,
       8.23364258e+02, 3.39458466e+02, 6.81012630e-01, 8.19350769e+02,
       2.61079163e+02, 7.04110801e-01, 7.44996338e+02, 2.35560822e+02,
       5.15842915e-01, 6.90115173e+02, 2.15993637e+02, 5.33107400e-01,
       8.31138977e+02, 4.17844666e+02, 6.01639569e-01, 7.27317078e+02,
       4.84429596e+02, 6.57503784e-01, 5.88243408e+02, 5.19641846e+02,
       7.76184320e-01, 5.94118408e+02, 3.37471619e+02, 1.62691191e-01,
       5.92165955e+02, 2.98278870e+02, 2.30155617e-01, 3.53153748e+02,
       3.04145020e+02, 1.92671880e-01, 1.82729630e+02, 3.37515167e+02,
       3.80079985e-01, 5.86281372e+02, 3.90365082e+02, 1.09866612e-01,
       3.57084839e+02, 3.08076599e+02, 5.57670631e-02, 1.82680161e+02,
       3.41371460e+02, 8.67317021e-02, 9.33039185e+02, 3.10026947e+02,
       8.14212561e-01, 9.44767883e+02, 3.51083038e+02, 8.09723854e-01,
       9.07576965e+02, 2.90386444e+02, 4.80114281e-01, 9.35037903e+02,
       3.68844666e+02, 1.86131939e-01, 0., 0., 0., 0., 0., 0.,
       1.67021988e+02, 3.57032898e+02, 5.90469576e-02, 1.37646637e+02,
       3.21799316e+02, 1.13414958e-01, 1.43493454e+02, 3.21808990e+02,
       1.16114184e-01, 1.74832031e+02, 3.53159760e+02, 2.72278070e-01 ]
