%YAML:1.0
---
pose_0: !!opencv-matrix
   rows: 1
   cols: 25
   dt: "3f"
   data: [ 8.25341553e+02, 2.25727722e+02, 7.98434377e-01,
       7.64551697e+02, 2.98287903e+02, 4.76858974e-01, 7.76295959e+02,
       3.12009521e+02, 3.03939223e-01, 6.50977417e+02, 2.70888092e+02,
       5.43867201e-02, 0., 0., 0., 7.72342285e+02, 3.00264404e+02,
       4.83187914e-01, 6.48911865e+02, 2.68929413e+02, 7.43251204e-01,
       5.17731201e+02, 2.31652328e+02, 6.86176300e-01, 5.86314819e+02,
       3.39457123e+02, 2.93656737e-01, 5.82334778e+02, 3.08080566e+02,
       2.14161068e-01, 3.31569702e+02, 2.94359528e+02, 1.79668829e-01,
       1.33708221e+02, 3.68798584e+02, 1.71063736e-01, 5.92146423e+02,
       3.68776520e+02, 3.11530381e-01, 3.35448761e+02, 2.74768799e+02,
       3.82772565e-01, 1.29763428e+02, 3.68865601e+02, 3.48840833e-01,
       8.36989319e+02, 2.14027206e+02, 8.38533819e-01, 8.50703552e+02,
       2.41433685e+02, 8.45695198e-01, 0., 0., 0., 8.38958191e+02,
       2.90406799e+02, 8.86217892e-01, 8.27852249e+01, 4.04101898e+02,
       1.77993283e-01, 8.67038727e+01, 4.06043884e+02, 2.04123452e-01,
       9.45362091e+01, 3.82532928e+02, 2.03589499e-01, 8.47574844e+01,
       4.06050110e+02, 1.16363674e-01, 8.47462692e+01, 4.00205811e+02,
       9.52287838e-02, 0., 0., 0. ]
