%YAML:1.0
---
pose_0: !!opencv-matrix
   rows: 1
   cols: 25
   dt: "3f"
   data: [ 8.86037292e+02, 2.68892883e+02, 8.03685009e-01,
       7.97841492e+02, 2.80653687e+02, 6.34924531e-01, 7.97881348e+02,
       2.06213318e+02, 5.92866778e-01, 8.21377808e+02, 1.16148705e+02,
       8.48564267e-01, 9.15374084e+02, 1.92504913e+02, 8.19705844e-01,
       7.99787720e+02, 3.49197052e+02, 5.82242608e-01, 8.50703125e+02,
       4.11848663e+02, 8.22631896e-01, 9.17434753e+02, 3.21877869e+02,
       8.35209846e-01, 5.94109497e+02, 3.06158234e+02, 2.96588272e-01,
       6.03901978e+02, 2.68903595e+02, 2.75480360e-01, 5.39265503e+02,
       2.31705750e+02, 2.74072766e-01, 3.98179443e+02, 2.49326096e+02,
       2.32388169e-01, 5.78436646e+02, 3.47265961e+02, 3.03188950e-01,
       3.82487091e+02, 3.37438049e+02, 1.65781230e-01, 3.39433350e+02,
       3.39443024e+02, 1.47617623e-01, 8.97714233e+02, 2.45416367e+02,
       7.79740691e-01, 9.01637817e+02, 2.76788544e+02, 7.16943741e-01,
       8.56665710e+02, 2.25817825e+02, 3.07717443e-01, 8.85975037e+02,
       3.00201752e+02, 2.08819509e-01, 0., 0., 0., 0., 0., 0., 0., 0.,
       0., 0., 0., 0., 0., 0., 0., 0., 0., 0. ]
