%YAML:1.0
---
pose_0: !!opencv-matrix
   rows: 2
   cols: 25
   dt: "3f"
   data: [ 8.68380554e+02, 3.35535858e+02, 8.41438532e-01,
       8.03690613e+02, 2.59144531e+02, 4.36382532e-01, 7.99806152e+02,
       2.53236847e+02, 5.85463583e-01, 7.01876709e+02, 2.29702759e+02,
       6.23479545e-01, 6.64545654e+02, 3.94270325e+02, 5.78210115e-01,
       8.09615967e+02, 2.63015686e+02, 2.95473278e-01, 0., 0., 0., 0.,
       0., 0., 0., 0., 0., 0., 0., 0., 0., 0., 0., 0., 0., 0., 0., 0.,
       0., 0., 0., 0., 0., 0., 0., 8.84143616e+02, 3.21776062e+02,
       8.52765322e-01, 0., 0., 0., 8.82074158e+02, 2.72846954e+02,
       8.71389866e-01, 0., 0., 0., 0., 0., 0., 0., 0., 0., 0., 0., 0.,
       0., 0., 0., 0., 0., 0., 0., 0., 0., 0., 0., 0., 6.62711975e+02,
       2.88446899e+02, 7.30583817e-02, 0., 0., 0., 0., 0., 0., 0., 0.,
       0., 6.43081726e+02, 3.00260254e+02, 1.19526833e-01,
       6.01935547e+02, 3.25732452e+02, 3.54500562e-01, 5.68602051e+02,
       4.08005127e+02, 6.87208831e-01, 5.09867859e+02, 2.47348282e+02,
       2.22974986e-01, 5.09910614e+02, 2.33623230e+02, 2.49840364e-01,
       4.88316223e+02, 3.10075989e+02, 8.24424252e-02, 0., 0., 0.,
       5.11813599e+02, 2.68903259e+02, 1.66320562e-01, 4.47182953e+02,
       3.29612549e+02, 1.06203653e-01, 0., 0., 0., 0., 0., 0., 0., 0.,
       0., 0., 0., 0., 0., 0., 0., 0., 0., 0., 0., 0., 0., 0., 0., 0.,
       0., 0., 0., 0., 0., 0., 0., 0., 0. ]
