%YAML:1.0
---
pose_0: !!opencv-matrix
   rows: 1
   cols: 25
   dt: "3f"
   data: [ 9.50648132e+02, 3.04092926e+02, 7.56484985e-01,
       8.38978210e+02, 3.04227203e+02, 7.20338881e-01, 8.25307678e+02,
       2.25746674e+02, 6.30275548e-01, 6.94026062e+02, 1.49349121e+02,
       8.31853688e-01, 6.96057007e+02, 2.12065308e+02, 7.97671199e-01,
       8.52654907e+02, 3.84464935e+02, 5.64794421e-01, 6.93981201e+02,
       4.78447784e+02, 7.63061106e-01, 8.03775391e+02, 3.88381958e+02,
       7.71003902e-01, 5.33387634e+02, 2.94370636e+02, 1.48212165e-01,
       5.31423218e+02, 2.55145401e+02, 1.88043669e-01, 4.04079865e+02,
       2.63002533e+02, 6.56976923e-02, 1.86617844e+02, 2.90398743e+02,
       2.29150295e-01, 5.35337158e+02, 3.47275848e+02, 1.61404774e-01,
       3.43339355e+02, 3.66882690e+02, 1.99760050e-01, 1.25880867e+02,
       3.64895264e+02, 1.02204263e-01, 9.64365662e+02, 2.74881317e+02,
       8.74794006e-01, 9.64430847e+02, 3.21717865e+02, 8.07633221e-01,
       9.31047974e+02, 2.51257446e+02, 5.27108490e-01, 0., 0., 0., 0.,
       0., 0., 0., 0., 0., 0., 0., 0., 1.00396133e+02, 2.27782364e+02,
       1.66124657e-01, 1.00369957e+02, 2.27769943e+02, 1.32863492e-01,
       0., 0., 0. ]
