%YAML:1.0
---
pose_0: !!opencv-matrix
   rows: 1
   cols: 25
   dt: "3f"
   data: [ 9.44783813e+02, 3.00232208e+02, 6.97220862e-01,
       8.35051331e+02, 2.74804810e+02, 4.80582297e-01, 8.42953064e+02,
       1.90542953e+02, 5.34957230e-01, 7.19512329e+02, 1.16164993e+02,
       7.50641346e-01, 7.76323853e+02, 2.37505188e+02, 5.86599886e-01,
       8.07710205e+02, 3.64905457e+02, 4.05410439e-01, 6.68593567e+02,
       4.02186340e+02, 3.57323289e-01, 7.13610657e+02, 3.86474243e+02,
       4.79032129e-01, 5.43195740e+02, 2.90453125e+02, 2.20930398e-01,
       5.58843506e+02, 2.43413818e+02, 2.60677874e-01, 3.55092834e+02,
       2.39533691e+02, 2.31160000e-01, 1.84642410e+02, 2.68895905e+02,
       2.55502701e-01, 5.35338684e+02, 3.37456604e+02, 2.48283058e-01,
       3.37466461e+02, 3.33546387e+02, 2.14480311e-01, 1.33681595e+02,
       3.19862030e+02, 3.37630212e-01, 9.62470276e+02, 2.74818848e+02,
       8.53358865e-01, 9.58511536e+02, 3.19797974e+02, 7.56341577e-01,
       9.46765930e+02, 2.43448883e+02, 4.73099291e-01, 9.44774597e+02,
       3.37601807e+02, 8.83757845e-02, 6.90916443e+01, 3.35545288e+02,
       1.85947031e-01, 8.47061157e+01, 3.43343658e+02, 2.05098286e-01,
       1.27831413e+02, 3.27681885e+02, 1.64847493e-01, 1.00396523e+02,
       2.14053558e+02, 1.35056272e-01, 9.84812317e+01, 2.12079208e+02,
       1.12063557e-01, 1.76801743e+02, 2.70847687e+02, 1.19310491e-01 ]
