%YAML:1.0
---
pose_0: !!opencv-matrix
   rows: 1
   cols: 25
   dt: "3f"
   data: [ 9.46695129e+02, 3.19848480e+02, 8.30339968e-01,
       8.50771606e+02, 2.92399292e+02, 5.54879427e-01, 8.62528076e+02,
       2.10156906e+02, 6.41283453e-01, 7.54751953e+02, 1.18031281e+02,
       7.95070112e-01, 8.07730408e+02, 2.84583893e+02, 6.69383407e-01,
       8.09633362e+02, 3.90359100e+02, 3.27392757e-01, 6.68602417e+02,
       4.29617004e+02, 6.17451072e-01, 7.46961243e+02, 4.13792511e+02,
       6.95738316e-01, 5.04005280e+02, 3.29634216e+02, 5.53025976e-02,
       5.11833008e+02, 2.74775208e+02, 6.16342016e-02, 3.43366364e+02,
       2.61108368e+02, 3.43566924e-01, 1.65037109e+02, 2.84598663e+02,
       2.62249112e-01, 5.02040192e+02, 3.68838501e+02, 1.22939788e-01,
       3.31587769e+02, 3.60997192e+02, 2.29026392e-01, 1.55257141e+02,
       3.51195831e+02, 1.18599921e-01, 9.62481079e+02, 2.90522217e+02,
       8.65004957e-01, 9.62379700e+02, 3.37411133e+02, 8.34147215e-01,
       9.50731506e+02, 2.57177338e+02, 4.04624641e-01, 0., 0., 0., 0.,
       0., 0., 0., 0., 0., 0., 0., 0., 1.00385406e+02, 2.35628738e+02,
       1.30570069e-01, 9.45267487e+01, 2.37551010e+02, 9.21992138e-02,
       0., 0., 0. ]
