%YAML:1.0
---
pose_0: !!opencv-matrix
   rows: 1
   cols: 25
   dt: "3f"
   data: [ 8.88012329e+02, 3.80547119e+02, 7.56977141e-01,
       7.78253906e+02, 3.80596100e+02, 7.13850856e-01, 7.70444824e+02,
       3.04098511e+02, 6.54707611e-01, 6.46997437e+02, 2.41542328e+02,
       8.34392428e-01, 7.09711182e+02, 2.55134064e+02, 7.71727026e-01,
       7.84135498e+02, 4.47169464e+02, 5.91618419e-01, 6.72451233e+02,
       5.13828125e+02, 7.55208910e-01, 7.66536499e+02, 5.03954285e+02,
       7.50675440e-01, 5.29456238e+02, 3.82544403e+02, 2.98422158e-01,
       5.29465393e+02, 3.37473907e+02, 4.32500809e-01, 3.53094299e+02,
       3.57081329e+02, 5.40951014e-01, 0., 0., 0., 5.27537170e+02,
       4.31545410e+02, 3.56437564e-01, 3.45290253e+02, 4.92213806e+02,
       3.72092485e-01, 1.67077820e+02, 5.21644409e+02, 9.79624540e-02,
       8.99677002e+02, 3.57091370e+02, 8.27825248e-01, 9.01685059e+02,
       3.96197174e+02, 7.67082095e-01, 8.72334412e+02, 3.35464600e+02,
       6.21250689e-01, 8.87994202e+02, 4.13909454e+02, 2.38188818e-01,
       0., 0., 0., 0., 0., 0., 0., 0., 0., 0., 0., 0., 0., 0., 0., 0.,
       0., 0. ]
