%YAML:1.0
---
pose_0: !!opencv-matrix
   rows: 1
   cols: 25
   dt: "3f"
   data: [ 8.70310547e+02, 3.04228302e+02, 7.94798911e-01,
       7.64586426e+02, 3.02212311e+02, 6.82542324e-01, 7.74275452e+02,
       2.25790466e+02, 7.18922019e-01, 6.45071106e+02, 1.84645096e+02,
       7.82529354e-01, 5.68593201e+02, 2.49340225e+02, 7.58504450e-01,
       7.56681458e+02, 3.68885071e+02, 5.75124979e-01, 6.80330322e+02,
       4.45190979e+02, 2.51562268e-01, 6.64579468e+02, 4.35438416e+02,
       6.50322676e-01, 5.37278992e+02, 3.06113586e+02, 3.36327493e-01,
       5.39300903e+02, 2.65010101e+02, 4.06632483e-01, 3.37461365e+02,
       3.19887238e+02, 3.87978464e-01, 1.21977180e+02, 3.45289795e+02,
       2.42745817e-01, 5.27528015e+02, 3.51145935e+02, 3.16748053e-01,
       3.72733734e+02, 3.72747498e+02, 2.04570755e-01, 1.43528717e+02,
       3.08059204e+02, 3.34453970e-01, 8.82100891e+02, 2.86479553e+02,
       8.25910807e-01, 8.82068970e+02, 3.19771606e+02, 7.79203653e-01,
       8.54739929e+02, 2.63058746e+02, 7.10030437e-01, 8.62532349e+02,
       3.35596710e+02, 3.64848047e-01, 1.29830063e+02, 2.84569763e+02,
       9.30333436e-02, 1.31725159e+02, 2.92423859e+02, 1.34109333e-01,
       1.31779282e+02, 2.90536194e+02, 3.25308800e-01, 1.02394867e+02,
       3.66836487e+02, 1.00957595e-01, 1.02420784e+02, 3.64903473e+02,
       9.42676738e-02, 1.04350372e+02, 3.49196899e+02, 1.80218995e-01 ]
