%YAML:1.0
---
pose_0: !!opencv-matrix
   rows: 1
   cols: 25
   dt: "3f"
   data: [ 8.76215698e+02, 3.41409943e+02, 7.16564178e-01,
       7.88033813e+02, 2.72832397e+02, 5.48257232e-01, 7.92024353e+02,
       2.43495300e+02, 6.51115716e-01, 6.62712097e+02, 2.25811493e+02,
       7.14106917e-01, 6.07825928e+02, 3.49254089e+02, 7.20182657e-01,
       7.74340271e+02, 3.04217560e+02, 3.12114209e-01, 7.09698120e+02,
       3.19841034e+02, 5.92493825e-02, 0., 0., 0., 0., 0., 0., 0., 0.,
       0., 0., 0., 0., 0., 0., 0., 0., 0., 0., 0., 0., 0., 0., 0., 0.,
       8.91905334e+02, 3.27651398e+02, 7.35036671e-01, 8.99703674e+02,
       3.49204651e+02, 7.06976801e-02, 8.82090881e+02, 2.74835419e+02,
       8.58281374e-01, 0., 0., 0., 0., 0., 0., 0., 0., 0., 0., 0., 0.,
       0., 0., 0., 0., 0., 0., 0., 0., 0. ]
