%YAML:1.0
---
pose_0: !!opencv-matrix
   rows: 1
   cols: 25
   dt: "3f"
   data: [ 9.25185120e+02, 2.45468491e+02, 7.20073581e-01,
       8.19420166e+02, 2.82620514e+02, 6.51318192e-01, 8.01755737e+02,
       1.98382339e+02, 6.81226134e-01, 6.94052368e+02, 1.78798782e+02,
       4.95794326e-01, 6.54867615e+02, 1.72886703e+02, 6.92923725e-01,
       8.25305847e+02, 3.66870636e+02, 6.26725078e-01, 6.97929504e+02,
       4.31460541e+02, 8.14803600e-01, 6.62671875e+02, 3.27660309e+02,
       4.54169452e-01, 5.35343628e+02, 2.86534393e+02, 1.63671151e-01,
       5.39262817e+02, 2.51283615e+02, 2.86987334e-01, 3.21780823e+02,
       2.62997467e+02, 3.42993885e-01, 7.30072250e+01, 2.59121033e+02,
       1.01271555e-01, 5.23577087e+02, 3.37463989e+02, 8.88339430e-02,
       0., 0., 0., 0., 0., 0., 9.31039001e+02, 2.25870773e+02,
       8.62375796e-01, 9.46732239e+02, 2.61128296e+02, 8.60478997e-01,
       8.99709290e+02, 2.12114517e+02, 4.44449663e-01, 9.32993408e+02,
       2.94404419e+02, 4.31976259e-01, 0., 0., 0., 0., 0., 0., 0., 0.,
       0., 0., 0., 0., 0., 0., 0., 0., 0., 0. ]
