%YAML:1.0
---
pose_0: !!opencv-matrix
   rows: 1
   cols: 25
   dt: "3f"
   data: [ 8.48775452e+02, 2.10134903e+02, 7.67471433e-01,
       7.60676575e+02, 2.72753998e+02, 7.47352302e-01, 7.29262634e+02,
       2.19902893e+02, 6.43172979e-01, 6.98008179e+02, 1.37672089e+02,
       7.36016631e-01, 7.97872314e+02, 1.45410385e+02, 8.03277254e-01,
       7.90072693e+02, 3.19821533e+02, 7.14934587e-01, 7.37121277e+02,
       3.08080322e+02, 6.11247838e-01, 8.21349731e+02, 2.53193924e+02,
       7.78071165e-01, 5.17715515e+02, 3.17860474e+02, 3.30590993e-01,
       5.21598083e+02, 2.74827728e+02, 4.13382828e-01, 3.45320984e+02,
       2.88392365e+02, 6.12240791e-01, 1.61120392e+02, 3.00271454e+02,
       5.35686791e-01, 5.15754089e+02, 3.53098907e+02, 4.16718870e-01,
       3.53180756e+02, 3.57077423e+02, 6.45308614e-01, 2.25811798e+02,
       4.31602997e+02, 6.05706394e-01, 8.54739014e+02, 2.08109924e+02,
       2.28222996e-01, 8.60545593e+02, 2.23805557e+02, 7.14166880e-01,
       0., 0., 0., 8.52660706e+02, 2.66945618e+02, 6.95732594e-01,
       1.51363663e+02, 4.45163727e+02, 2.28927344e-01, 1.63104324e+02,
       4.49178101e+02, 2.28888243e-01, 2.10160721e+02, 4.43267242e+02,
       2.77311683e-01, 1.43496109e+02, 3.19894562e+02, 5.72607741e-02,
       0., 0., 0., 1.47408218e+02, 3.06142853e+02, 3.73089552e-01 ]
