%YAML:1.0
---
pose_0: !!opencv-matrix
   rows: 1
   cols: 25
   dt: "3f"
   data: [ 8.68427368e+02, 1.16034416e+02, 8.37339044e-01,
       7.70453186e+02, 1.22002159e+02, 6.86643541e-01, 7.60661377e+02,
       4.35971756e+01, 7.24137187e-01, 6.60724304e+02, 5.34424686e+00,
       4.00268286e-01, 6.33364746e+02, 3.97210655e+01, 7.01012611e-01,
       7.72348206e+02, 1.98427338e+02, 6.65680170e-01, 6.54829285e+02,
       2.41410263e+02, 7.47331381e-01, 6.01876526e+02, 2.10134094e+02,
       8.04298878e-01, 5.66676880e+02, 1.31722702e+02, 2.09831998e-01,
       5.56892212e+02, 8.67443619e+01, 2.66825497e-01, 3.51174103e+02,
       8.86466370e+01, 1.00867286e-01, 0., 0., 0., 5.64727539e+02,
       1.78727112e+02, 2.06608236e-01, 3.51186737e+02, 1.65087967e+02,
       2.01098278e-01, 0., 0., 0., 8.74315674e+02, 9.45488892e+01,
       7.89800644e-01, 8.80123108e+02, 1.29750076e+02, 7.58502424e-01,
       8.52693420e+02, 7.29966049e+01, 6.92179561e-01, 8.56666443e+02,
       1.49352280e+02, 4.40763831e-01, 0., 0., 0., 0., 0., 0., 0., 0.,
       0., 0., 0., 0., 0., 0., 0., 0., 0., 0. ]
