%YAML:1.0
---
pose_0: !!opencv-matrix
   rows: 1
   cols: 25
   dt: "3f"
   data: [ 9.03691589e+02, 3.94258545e+02, 7.77955174e-01,
       7.95906189e+02, 4.27533234e+02, 6.52042210e-01, 7.74395325e+02,
       3.57069427e+02, 6.34875178e-01, 6.52911194e+02, 3.15926605e+02,
       6.22901618e-01, 6.97897217e+02, 3.21884277e+02, 6.86398506e-01,
       8.21330688e+02, 4.94174530e+02, 6.83020532e-01, 7.15565430e+02,
       5.54964844e+02, 7.87079275e-01, 7.92011841e+02, 4.43242828e+02,
       6.88390255e-01, 5.68642639e+02, 4.41291412e+02, 1.84252158e-01,
       5.58836609e+02, 4.06046509e+02, 2.76648343e-01, 3.59037628e+02,
       3.98153564e+02, 2.38256395e-01, 0., 0., 0., 5.54930725e+02,
       4.96138916e+02, 1.23704165e-01, 3.72741486e+02, 5.02028778e+02,
       6.55325800e-02, 0., 0., 0., 9.11476440e+02, 3.76627563e+02,
       8.17052245e-01, 9.17451965e+02, 4.06066589e+02, 7.82945096e-01,
       8.80178589e+02, 3.66774994e+02, 5.80713272e-01, 8.97801636e+02,
       4.37396698e+02, 5.97815931e-01, 0., 0., 0., 0., 0., 0., 0., 0.,
       0., 0., 0., 0., 0., 0., 0., 0., 0., 0. ]
