%YAML:1.0
---
pose_0: !!opencv-matrix
   rows: 1
   cols: 25
   dt: "3f"
   data: [ 8.56637024e+02, 3.00269531e+02, 7.33638704e-01,
       7.58620728e+02, 3.02155792e+02, 7.04703391e-01, 7.64557190e+02,
       2.49297485e+02, 3.91721308e-01, 7.29257874e+02, 2.08190567e+02,
       7.41786480e-01, 8.21314331e+02, 3.02197235e+02, 7.58100748e-01,
       7.50849854e+02, 3.60956024e+02, 6.05557501e-01, 7.13610413e+02,
       4.60885284e+02, 8.87871027e-01, 7.88003723e+02, 4.00154266e+02,
       8.62455249e-01, 5.47110168e+02, 2.78700867e+02, 2.52160579e-01,
       5.45159424e+02, 2.41487442e+02, 3.24223995e-01, 3.78628937e+02,
       2.14033203e+02, 9.37038213e-02, 3.04195343e+02, 1.82674820e+02,
       1.76377475e-01, 5.41219910e+02, 3.23758057e+02, 2.73403615e-01,
       3.31585449e+02, 3.33550568e+02, 4.14396048e-01, 1.65125366e+02,
       3.39495605e+02, 5.03383875e-01, 8.62521851e+02, 2.74828766e+02,
       7.82809675e-01, 8.70406067e+02, 3.06095795e+02, 6.98683977e-01,
       8.39015808e+02, 2.57041962e+02, 6.65713668e-01, 0., 0., 0.,
       1.16141174e+02, 3.62912872e+02, 3.51691753e-01, 1.27860161e+02,
       3.66836761e+02, 3.92038852e-01, 1.47433548e+02, 3.35510620e+02,
       2.10219070e-01, 1.96378555e+02, 1.41534439e+02, 8.77536461e-02,
       1.96387527e+02, 1.43527542e+02, 1.07204847e-01, 2.98304077e+02,
       1.80671738e+02, 1.04941495e-01 ]
