%YAML:1.0
---
pose_0: !!opencv-matrix
   rows: 1
   cols: 25
   dt: "3f"
   data: [ 8.86060730e+02, 3.51221649e+02, 7.76752174e-01,
       8.05656494e+02, 2.72842529e+02, 4.29971486e-01, 8.09646423e+02,
       2.57190979e+02, 6.82786703e-01, 7.03838074e+02, 2.16001953e+02,
       7.08457947e-01, 6.21516663e+02, 3.53219025e+02, 6.56498492e-01,
       7.97859314e+02, 3.04130157e+02, 1.75865278e-01, 0., 0., 0., 0.,
       0., 0., 5.90198425e+02, 2.68888000e+02, 8.40002820e-02, 0., 0.,
       0., 0., 0., 0., 0., 0., 0., 6.03898804e+02, 3.06143127e+02,
       5.92634715e-02, 5.96057678e+02, 3.21762878e+02, 7.65865520e-02,
       5.23573547e+02, 3.92349823e+02, 2.44442999e-01, 9.01709106e+02,
       3.35429840e+02, 8.49541783e-01, 0., 0., 0., 8.87970215e+02,
       2.88490387e+02, 8.73947501e-01, 0., 0., 0., 5.02018005e+02,
       4.15811127e+02, 1.23233393e-01, 5.02046417e+02, 4.13900909e+02,
       1.35695383e-01, 5.13762634e+02, 4.00149475e+02, 2.22056851e-01,
       0., 0., 0., 0., 0., 0., 0., 0., 0. ]
