%YAML:1.0
---
pose_0: !!opencv-matrix
   rows: 1
   cols: 25
   dt: "3f"
   data: [ 8.95849548e+02, 2.12032990e+02, 8.52213502e-01,
       7.88073425e+02, 2.29750687e+02, 6.95009589e-01, 7.70403748e+02,
       1.51362518e+02, 6.64319932e-01, 6.45057190e+02, 1.33717514e+02,
       8.08441103e-01, 5.56887939e+02, 1.49314590e+02, 8.56250465e-01,
       8.01812805e+02, 3.13984589e+02, 6.57891035e-01, 6.95954712e+02,
       3.55175537e+02, 6.64188802e-01, 5.80368835e+02, 3.53127472e+02,
       8.16475868e-01, 5.31419800e+02, 2.49292862e+02, 3.00159842e-01,
       5.33374756e+02, 2.10066895e+02, 3.90917659e-01, 3.51184875e+02,
       2.35589050e+02, 2.01738387e-01, 0., 0., 0., 5.35340698e+02,
       2.94374542e+02, 2.74458170e-01, 3.31604675e+02, 3.19861511e+02,
       7.34351724e-02, 0., 0., 0., 9.01729614e+02, 1.90561249e+02,
       8.84482265e-01, 9.11501831e+02, 2.25815643e+02, 8.48298073e-01,
       8.80111328e+02, 1.68979050e+02, 6.82508528e-01, 8.95798218e+02,
       2.49292648e+02, 3.11624646e-01, 0., 0., 0., 0., 0., 0., 0., 0.,
       0., 0., 0., 0., 0., 0., 0., 0., 0., 0. ]
