%YAML:1.0
---
pose_0: !!opencv-matrix
   rows: 1
   cols: 25
   dt: "3f"
   data: [ 9.33112610e+02, 1.82757217e+02, 8.40685189e-01,
       8.15500549e+02, 1.67013000e+02, 6.34404063e-01, 8.25278137e+02,
       1.00469086e+02, 7.01822698e-01, 7.33183533e+02, 1.18079643e+02,
       7.64150023e-01, 6.88163574e+02, 2.86516174e+02, 6.44590855e-01,
       7.93944763e+02, 2.25772278e+02, 5.47562599e-01, 6.84255493e+02,
       2.72776917e+02, 6.09306157e-01, 6.50902039e+02, 3.49167572e+02,
       3.44727218e-01, 0., 0., 0., 0., 0., 0., 0., 0., 0., 0., 0., 0.,
       0., 0., 0., 0., 0., 0., 0., 0., 0., 9.44833740e+02,
       1.61080322e+02, 8.57037604e-01, 9.48826599e+02, 1.92427521e+02,
       8.31152558e-01, 9.11482849e+02, 1.21955170e+02, 7.73383677e-01,
       0., 0., 0., 0., 0., 0., 0., 0., 0., 0., 0., 0., 0., 0., 0., 0.,
       0., 0., 0., 0., 0. ]
