%YAML:1.0
---
pose_0: !!opencv-matrix
   rows: 1
   cols: 25
   dt: "3f"
   data: [ 9.62429565e+02, 2.92432556e+02, 8.01827252e-01,
       8.42952393e+02, 2.45436386e+02, 5.99307060e-01, 8.54638977e+02,
       1.63070175e+02, 6.27658367e-01, 7.45016174e+02, 6.12571716e+01,
       7.51006961e-01, 6.35319336e+02, 1.35666351e+02, 7.86671281e-01,
       8.35081726e+02, 3.35423950e+02, 6.08249009e-01, 7.27384521e+02,
       3.92317719e+02, 7.64370203e-01, 6.41117432e+02, 4.47273956e+02,
       7.82795727e-01, 5.60822632e+02, 2.78679443e+02, 2.63010770e-01,
       5.62772461e+02, 2.23856812e+02, 3.23982447e-01, 3.47281952e+02,
       2.43454285e+02, 2.60310799e-01, 2.25814499e+02, 2.51289581e+02,
       6.80929720e-02, 5.68655273e+02, 3.29649963e+02, 4.22547102e-01,
       3.96230713e+02, 3.66782990e+02, 2.23313645e-01, 1.96446823e+02,
       3.41382294e+02, 4.33050811e-01, 9.80012268e+02, 2.65001129e+02,
       8.06513190e-01, 9.78164429e+02, 3.04075012e+02, 7.70692945e-01,
       9.60493469e+02, 2.15984848e+02, 7.96619058e-01, 0., 0., 0.,
       1.72899780e+02, 3.06175812e+02, 1.46315902e-01, 1.68994873e+02,
       3.19823029e+02, 1.32494867e-01, 1.78761185e+02, 3.35482422e+02,
       2.74021119e-01, 0., 0., 0., 0., 0., 0., 0., 0., 0. ]
