%YAML:1.0
---
pose_0: !!opencv-matrix
   rows: 1
   cols: 25
   dt: "3f"
   data: [ 9.17335205e+02, 3.43319122e+02, 7.70863712e-01,
       8.46839661e+02, 2.80666351e+02, 3.21150869e-01, 8.52655823e+02,
       2.61087402e+02, 7.36865878e-01, 7.74411743e+02, 3.55097321e+02,
       8.35254550e-01, 8.50686279e+02, 4.39372101e+02, 7.90219665e-01,
       8.46844482e+02, 3.08099152e+02, 1.01923950e-01, 0., 0., 0., 0.,
       0., 0., 5.58865967e+02, 3.00251495e+02, 2.89906055e-01,
       5.56860962e+02, 2.70850098e+02, 2.92317599e-01, 3.39433533e+02,
       3.23784515e+02, 1.88393474e-01, 1.00436150e+02, 3.37534180e+02,
       3.60636353e-01, 5.56863464e+02, 3.33502747e+02, 2.24267378e-01,
       3.66834686e+02, 3.31579926e+02, 1.57274827e-01, 1.39591553e+02,
       3.39455658e+02, 2.33482808e-01, 9.32985168e+02, 3.21842285e+02,
       7.68152416e-01, 9.34987854e+02, 3.51089905e+02, 7.21999526e-01,
       9.17401978e+02, 2.78704193e+02, 8.38769734e-01, 0., 0., 0., 0.,
       0., 0., 0., 0., 0., 0., 0., 0., 6.31556015e+01, 3.66912354e+02,
       6.20695055e-02, 5.33180580e+01, 3.37449158e+02, 7.72360787e-02,
       8.27828979e+01, 3.37473846e+02, 2.68408090e-01 ]
