%YAML:1.0
---
pose_0: !!opencv-matrix
   rows: 1
   cols: 25
   dt: "3f"
   data: [ 9.93702087e+02, 2.33633560e+02, 7.42884159e-01,
       8.66410217e+02, 2.45366684e+02, 5.73221624e-01, 8.52681519e+02,
       1.49378601e+02, 6.56412184e-01, 7.11634766e+02, 9.64688950e+01,
       7.01610744e-01, 6.46995667e+02, 1.47384399e+02, 6.51585102e-01,
       8.70436707e+02, 3.45277344e+02, 5.70601225e-01, 7.33224792e+02,
       3.90370178e+02, 5.94491959e-01, 5.72612915e+02, 4.45136902e+02,
       7.00089455e-01, 5.54906006e+02, 2.92410736e+02, 2.46883571e-01,
       5.56883789e+02, 2.31661041e+02, 2.72697151e-01, 3.51212708e+02,
       2.55212326e+02, 2.66219616e-01, 7.88672562e+01, 2.92386230e+02,
       1.03556298e-01, 5.58857849e+02, 3.37478516e+02, 3.86591971e-01,
       4.80486115e+02, 3.64890625e+02, 7.56677166e-02, 0., 0., 0.,
       1.00158258e+03, 2.10072327e+02, 7.74122596e-01, 1.00747693e+03,
       2.55212540e+02, 7.73967624e-01, 9.68298157e+02, 1.80683655e+02,
       5.21965504e-01, 9.82007568e+02, 2.78673218e+02, 8.28815401e-02,
       0., 0., 0., 0., 0., 0., 0., 0., 0., 7.10234604e+01,
       2.90435944e+02, 9.17845219e-02, 6.90309753e+01, 2.82636444e+02,
       1.00392602e-01, 7.10223465e+01, 2.88490509e+02, 1.11920863e-01 ]
