%YAML:1.0
---
pose_0: !!opencv-matrix
   rows: 1
   cols: 25
   dt: "3f"
   data: [ 9.15358704e+02, 2.08158264e+02, 8.21386218e-01,
       8.07659912e+02, 1.74832230e+02, 6.43836617e-01, 8.15502808e+02,
       1.18016197e+02, 6.72636509e-01, 7.42961914e+02, 1.90558914e+02,
       7.34051466e-01, 7.13666382e+02, 3.39419647e+02, 7.36681581e-01,
       7.90047913e+02, 2.23843307e+02, 3.48708302e-01, 0., 0., 0., 0.,
       0., 0., 6.27427917e+02, 1.59187973e+02, 1.52867287e-01,
       6.03900024e+02, 1.37646576e+02, 1.51889682e-01, 3.06120056e+02,
       2.59115265e+02, 8.90258253e-02, 1.35663528e+02, 2.41481903e+02,
       2.61174619e-01, 6.48954102e+02, 1.82717361e+02, 9.05366093e-02,
       6.62688293e+02, 2.59079102e+02, 2.98633605e-01, 5.70574219e+02,
       3.23795227e+02, 2.39309907e-01, 9.21333557e+02, 1.80666885e+02,
       8.54125440e-01, 9.31052612e+02, 2.12032242e+02, 8.18364263e-01,
       8.89920166e+02, 1.45494644e+02, 8.07364225e-01, 0., 0., 0.,
       5.05977936e+02, 3.47279114e+02, 1.86421365e-01, 5.11801697e+02,
       3.53092285e+02, 2.02010036e-01, 5.52982910e+02, 3.31605804e+02,
       2.00587094e-01, 0., 0., 0., 0., 0., 0., 0., 0., 0. ]
