%YAML:1.0
---
pose_0: !!opencv-matrix
   rows: 1
   cols: 25
   dt: "3f"
   data: [ 9.46741882e+02, 2.41463867e+02, 7.02774704e-01,
       8.48773682e+02, 3.08084015e+02, 4.50939417e-01, 8.15483398e+02,
       2.74751007e+02, 2.76503682e-01, 6.37252502e+02, 2.80648010e+02,
       3.23066235e-01, 5.68682983e+02, 2.27734146e+02, 6.89453959e-01,
       8.68429504e+02, 3.53118683e+02, 5.53342938e-01, 7.25339722e+02,
       3.76638733e+02, 6.88666224e-01, 5.62787170e+02, 2.94379547e+02,
       6.96093082e-01, 5.96064453e+02, 3.76647888e+02, 1.06914848e-01,
       5.72587708e+02, 3.49220947e+02, 9.92103741e-02, 4.94242981e+02,
       2.90472809e+02, 8.69043693e-02, 1.51354813e+02, 3.68827179e+02,
       7.17995688e-02, 6.15661133e+02, 4.04092468e+02, 1.14491232e-01,
       5.15739685e+02, 3.33576813e+02, 2.54464090e-01, 3.06135803e+02,
       2.92450287e+02, 1.16064794e-01, 9.54609375e+02, 2.37538895e+02,
       4.53053981e-01, 9.62455627e+02, 2.59142731e+02, 8.76386702e-01,
       0., 0., 0., 9.42795532e+02, 3.08100800e+02, 7.69870698e-01, 0.,
       0., 0., 0., 0., 0., 0., 0., 0., 0., 0., 0., 0., 0., 0., 0., 0.,
       0. ]
