%YAML:1.0
---
pose_0: !!opencv-matrix
   rows: 1
   cols: 25
   dt: "3f"
   data: [ 9.48747437e+02, 2.74797699e+02, 7.99681067e-01,
       8.52632263e+02, 2.53253326e+02, 6.33163571e-01, 8.42917480e+02,
       1.74835648e+02, 6.22444391e-01, 7.13631592e+02, 8.66565704e+01,
       7.18609273e-01, 7.66487610e+02, 1.80786942e+02, 6.93395972e-01,
       8.54771667e+02, 3.45282776e+02, 6.19975924e-01, 7.92024292e+02,
       4.23669861e+02, 5.46697736e-01, 7.72318848e+02, 4.80501923e+02,
       6.47676826e-01, 6.35255188e+02, 2.86519501e+02, 1.06088325e-01,
       6.31333618e+02, 2.45382095e+02, 1.89151451e-01, 3.66845093e+02,
       2.88508850e+02, 2.23839223e-01, 1.14132477e+02, 3.23763885e+02,
       1.24878287e-01, 6.37218384e+02, 3.51181641e+02, 9.24637392e-02,
       4.76566315e+02, 3.90390747e+02, 7.62157068e-02, 1.92507782e+02,
       4.35436066e+02, 4.04396415e-01, 9.66389465e+02, 2.43401917e+02,
       8.07796121e-01, 9.74213623e+02, 2.88395264e+02, 7.85900712e-01,
       9.48791382e+02, 2.00301727e+02, 6.29699707e-01, 0., 0., 0.,
       1.21947296e+02, 4.92223938e+02, 1.47383362e-01, 1.31750916e+02,
       4.94189819e+02, 1.31467953e-01, 1.78724289e+02, 4.29552979e+02,
       3.00912052e-01, 0., 0., 0., 0., 0., 0., 1.02361870e+02,
       3.19809601e+02, 1.27213225e-01 ]
