%YAML:1.0
---
pose_0: !!opencv-matrix
   rows: 1
   cols: 25
   dt: "3f"
   data: [ 8.70332703e+02, 2.47331116e+02, 7.04445243e-01,
       7.88039734e+02, 2.51289673e+02, 6.75255656e-01, 7.89954468e+02,
       1.68965027e+02, 7.01299489e-01, 6.45054443e+02, 1.31767487e+02,
       5.75922608e-01, 5.43229736e+02, 1.29814194e+02, 7.75021672e-01,
       7.88017334e+02, 3.35449921e+02, 6.34523511e-01, 6.68572144e+02,
       3.66917847e+02, 7.78636932e-01, 5.72661560e+02, 3.41404968e+02,
       7.77859807e-01, 5.52983154e+02, 2.41485016e+02, 2.78582841e-01,
       5.56892700e+02, 1.98364166e+02, 4.31559384e-01, 4.96138489e+02,
       1.84650467e+02, 2.01957688e-01, 3.51210114e+02, 2.12134445e+02,
       2.88677186e-01, 5.39237061e+02, 3.00214111e+02, 2.86786616e-01,
       3.62931000e+02, 3.06140991e+02, 1.70900017e-01, 1.53304855e+02,
       2.88538086e+02, 2.04481035e-01, 8.87989502e+02, 2.29756256e+02,
       7.89312005e-01, 8.86066406e+02, 2.70849152e+02, 7.21314073e-01,
       8.80111816e+02, 2.08172089e+02, 5.35522223e-01, 8.70436157e+02,
       2.86503540e+02, 4.53748226e-01, 1.00417435e+02, 3.04161560e+02,
       5.82680851e-02, 0., 0., 0., 0., 0., 0., 0., 0., 0., 0., 0., 0.,
       0., 0., 0. ]
