%YAML:1.0
---
pose_0: !!opencv-matrix
   rows: 1
   cols: 25
   dt: "3f"
   data: [ 8.89930237e+02, 4.00165802e+02, 6.15060985e-01,
       7.86105164e+02, 4.60931915e+02, 3.31998795e-01, 7.56711731e+02,
       4.02147949e+02, 2.66295701e-01, 6.56803162e+02, 4.00120605e+02,
       1.99158922e-01, 6.01899536e+02, 3.74714417e+02, 2.75665492e-01,
       8.01775574e+02, 5.23582153e+02, 1.76402986e-01, 0., 0., 0., 0.,
       0., 0., 5.56920593e+02, 4.49118958e+02, 2.05594406e-01,
       5.64724731e+02, 4.09953766e+02, 2.85384178e-01, 3.80590454e+02,
       3.96232025e+02, 1.13663979e-01, 0., 0., 0., 5.45143066e+02,
       4.94218048e+02, 1.65477753e-01, 4.09950562e+02, 5.11827576e+02,
       1.59833103e-01, 3.31590027e+02, 5.56910461e+02, 6.46792501e-02,
       8.91866821e+02, 3.92325562e+02, 4.25185204e-01, 9.01768616e+02,
       4.02136627e+02, 6.51174784e-01, 0., 0., 0., 8.86034973e+02,
       4.31538330e+02, 4.42458063e-01, 0., 0., 0., 0., 0., 0., 0., 0.,
       0., 0., 0., 0., 0., 0., 0., 0., 0., 0. ]
