%YAML:1.0
---
pose_0: !!opencv-matrix
   rows: 1
   cols: 25
   dt: "3f"
   data: [ 9.19364624e+02, 2.72729828e+02, 7.97359228e-01,
       8.11561462e+02, 2.68904877e+02, 6.56684756e-01, 8.07623840e+02,
       1.82754776e+02, 7.11521506e-01, 6.90108826e+02, 1.47496765e+02,
       7.97684073e-01, 6.17587708e+02, 2.06207077e+02, 7.49297261e-01,
       8.17434448e+02, 3.41394501e+02, 4.92442518e-01, 8.05620300e+02,
       3.70781647e+02, 1.29389018e-01, 0., 0., 0., 5.54916931e+02,
       2.98298431e+02, 2.07229629e-01, 5.72581360e+02, 2.47379257e+02,
       2.18343332e-01, 5.07930725e+02, 2.04277954e+02, 4.50432152e-01,
       3.51182251e+02, 2.43475754e+02, 1.50502115e-01, 5.51024597e+02,
       3.41404297e+02, 2.36010969e-01, 4.02120605e+02, 3.66858063e+02,
       9.33073014e-02, 0., 0., 0., 9.32956177e+02, 2.55180588e+02,
       9.05812144e-01, 9.33074768e+02, 2.88500793e+02, 7.97059536e-01,
       9.11469788e+02, 2.31708893e+02, 6.11514390e-01, 9.17376892e+02,
       3.08072174e+02, 3.30515504e-01, 0., 0., 0., 0., 0., 0., 0., 0.,
       0., 0., 0., 0., 0., 0., 0., 0., 0., 0. ]
