%YAML:1.0
---
pose_0: !!opencv-matrix
   rows: 1
   cols: 25
   dt: "3f"
   data: [ 8.86005859e+02, 3.82474762e+02, 7.52433658e-01,
       7.78267578e+02, 3.82530457e+02, 7.23117650e-01, 7.74351624e+02,
       3.06088593e+02, 6.81973159e-01, 6.48914734e+02, 2.43407852e+02,
       8.48249912e-01, 7.11644775e+02, 2.57080963e+02, 7.96159208e-01,
       7.80274841e+02, 4.51079620e+02, 5.78724146e-01, 6.68578674e+02,
       5.21581848e+02, 7.87587702e-01, 7.64577759e+02, 5.03993469e+02,
       7.62229979e-01, 5.25580627e+02, 3.94295959e+02, 3.30201387e-01,
       5.27516663e+02, 3.51157959e+02, 4.71566886e-01, 3.53111969e+02,
       3.66771454e+02, 5.65422893e-01, 0., 0., 0., 5.27518005e+02,
       4.39363342e+02, 4.06349063e-01, 3.47243469e+02, 4.94135681e+02,
       6.06731713e-01, 1.78797897e+02, 5.23553223e+02, 5.00173092e-01,
       8.95846436e+02, 3.64865906e+02, 8.00727487e-01, 8.97805725e+02,
       3.98159821e+02, 7.57614970e-01, 8.70421204e+02, 3.39479828e+02,
       6.10217690e-01, 8.80161316e+02, 4.15923889e+02, 2.65790671e-01,
       1.23929558e+02, 5.72588257e+02, 2.90981025e-01, 1.27852249e+02,
       5.72563416e+02, 3.14596057e-01, 1.51372910e+02, 5.15780884e+02,
       2.98860520e-01, 0., 0., 0., 0., 0., 0., 0., 0., 0. ]
