%YAML:1.0
---
pose_0: !!opencv-matrix
   rows: 1
   cols: 25
   dt: "3f"
   data: [ 8.54694641e+02, 4.47131836e+02, 8.57891858e-01,
       7.56663940e+02, 4.51086975e+02, 6.79054558e-01, 7.48885803e+02,
       3.82558411e+02, 7.15728402e-01, 6.33280334e+02, 3.37557281e+02,
       8.21630418e-01, 7.19489380e+02, 3.53178711e+02, 7.32462645e-01,
       7.58606689e+02, 5.23523438e+02, 6.51595175e-01, 6.76406616e+02,
       6.03886475e+02, 8.16045046e-01, 7.56683533e+02, 5.62805664e+02,
       6.31790280e-01, 5.17699402e+02, 4.66801056e+02, 3.47128034e-01,
       5.19689575e+02, 4.23680542e+02, 4.39587593e-01, 3.78591736e+02,
       4.23692993e+02, 1.80415258e-01, 3.45292480e+02, 4.33473419e+02,
       5.32423332e-02, 5.23541992e+02, 5.09897491e+02, 4.10029382e-01,
       3.84492157e+02, 5.27500977e+02, 1.67713881e-01, 0., 0., 0.,
       8.68301880e+02, 4.29626404e+02, 8.72357726e-01, 8.68358459e+02,
       4.58934479e+02, 7.89694369e-01, 8.38970398e+02, 4.11944031e+02,
       7.46994138e-01, 8.40941895e+02, 4.76565765e+02, 2.48648614e-01,
       0., 0., 0., 0., 0., 0., 0., 0., 0., 0., 0., 0., 0., 0., 0., 0.,
       0., 0. ]
