%YAML:1.0
---
pose_0: !!opencv-matrix
   rows: 1
   cols: 25
   dt: "3f"
   data: [ 8.95835449e+02, 4.94160614e+02, 8.53218317e-01,
       8.07673767e+02, 5.23523621e+02, 7.28649914e-01, 7.84140625e+02,
       4.62912659e+02, 6.69702590e-01, 6.66605896e+02, 4.62833099e+02,
       5.43585479e-01, 5.74559509e+02, 4.45177612e+02, 6.62601352e-01,
       8.31135437e+02, 5.82362793e+02, 6.39195621e-01, 7.42991089e+02,
       5.72540833e+02, 7.89059818e-01, 6.52877441e+02, 4.49173645e+02,
       6.18066072e-01, 6.11753906e+02, 5.39260132e+02, 1.36413664e-01,
       5.99987915e+02, 4.96186035e+02, 1.81310445e-01, 5.15740234e+02,
       4.56972046e+02, 1.31695926e-01, 0., 0., 0., 6.31331726e+02,
       5.84331604e+02, 1.40658632e-01, 0., 0., 0., 0., 0., 0.,
       8.99734863e+02, 4.80467896e+02, 9.08589840e-01, 9.09503845e+02,
       5.09843292e+02, 8.20810795e-01, 8.74274597e+02, 4.70651428e+02,
       6.03070378e-01, 8.97786560e+02, 5.37295898e+02, 7.58353531e-01,
       0., 0., 0., 0., 0., 0., 0., 0., 0., 0., 0., 0., 0., 0., 0., 0.,
       0., 0. ]
