%YAML:1.0
---
pose_0: !!opencv-matrix
   rows: 1
   cols: 25
   dt: "3f"
   data: [ 9.35045715e+02, 1.88585251e+02, 7.54011989e-01,
       8.23380371e+02, 2.00305832e+02, 6.72271013e-01, 8.25345520e+02,
       1.16136604e+02, 6.64703727e-01, 7.46910706e+02, 2.21228065e+01,
       6.93610907e-01, 6.17645447e+02, 4.95052299e+01, 5.12841284e-01,
       8.25355225e+02, 2.86508911e+02, 6.53061152e-01, 7.25345215e+02,
       3.58991852e+02, 6.91547453e-01, 6.01930176e+02, 4.00242188e+02,
       8.19021881e-01, 5.64732056e+02, 2.31675125e+02, 1.28031105e-01,
       5.56898193e+02, 1.94422806e+02, 1.25034854e-01, 3.45290680e+02,
       3.29606232e+02, 2.04315513e-01, 1.31780075e+02, 3.90394958e+02,
       3.16107899e-01, 5.50998047e+02, 2.72808167e+02, 1.20333791e-01,
       3.49213013e+02, 3.21830231e+02, 1.36900797e-01, 1.14119606e+02,
       3.96205200e+02, 9.95003432e-02, 9.46766785e+02, 1.65126907e+02,
       8.92751336e-01, 9.50699829e+02, 2.04277298e+02, 8.09918165e-01,
       9.19347412e+02, 1.45489883e+02, 5.16986609e-01, 9.32994019e+02,
       2.27758148e+02, 3.04852217e-01, 0., 0., 0., 0., 0., 0.,
       9.25658951e+01, 3.80588104e+02, 1.00911535e-01, 8.86630402e+01,
       3.80599091e+02, 1.43241078e-01, 0., 0., 0., 1.08250687e+02,
       3.90376282e+02, 2.22472787e-01 ]
