%YAML:1.0
---
pose_0: !!opencv-matrix
   rows: 1
   cols: 25
   dt: "3f"
   data: [ 8.97794922e+02, 1.55270020e+02, 7.12697148e-01,
       8.11576538e+02, 2.25746323e+02, 7.43768096e-01, 7.88025085e+02,
       1.78716537e+02, 6.48110509e-01, 6.84253540e+02, 1.39595337e+02,
       7.12069392e-01, 6.62667419e+02, 1.74829407e+02, 8.14717710e-01,
       8.37014771e+02, 2.72785217e+02, 6.81201756e-01, 7.41069031e+02,
       3.70780548e+02, 6.49994314e-01, 5.78427063e+02, 3.98103027e+02,
       7.54416108e-01, 5.82363159e+02, 2.72806000e+02, 1.96008965e-01,
       5.62762573e+02, 2.35574097e+02, 2.57387340e-01, 3.31596069e+02,
       3.10053650e+02, 2.11135343e-01, 1.18083389e+02, 3.84434662e+02,
       3.65673929e-01, 6.01955261e+02, 3.15909821e+02, 1.34702832e-01,
       3.29647064e+02, 3.15936249e+02, 5.58271781e-02, 1.10212936e+02,
       3.82546814e+02, 1.45372257e-01, 9.17367859e+02, 1.55241730e+02,
       2.69308269e-01, 9.17358521e+02, 1.69015823e+02, 7.73430526e-01,
       0., 0., 0., 9.13390259e+02, 2.23848633e+02, 8.35703313e-01,
       8.86485596e+01, 4.11874054e+02, 6.39801845e-02, 9.25966797e+01,
       4.11908325e+02, 9.48243365e-02, 8.66921844e+01, 3.98195709e+02,
       1.19242191e-01, 9.06181259e+01, 4.11895477e+02, 1.63544416e-01,
       9.25760956e+01, 4.02099487e+02, 1.45342872e-01, 1.04326057e+02,
       3.96216827e+02, 2.14368343e-01 ]
