%YAML:1.0
---
pose_0: !!opencv-matrix
   rows: 2
   cols: 25
   dt: "3f"
   data: [ 8.93844055e+02, 3.53231079e+02, 7.83317685e-01,
       8.11557922e+02, 3.04129944e+02, 4.46569264e-01, 8.21315247e+02,
       2.76749451e+02, 6.85122609e-01, 7.01916138e+02, 2.98278412e+02,
       7.11105585e-01, 7.11699890e+02, 4.41313751e+02, 7.84599304e-01,
       8.01768311e+02, 3.31603455e+02, 2.11729959e-01, 0., 0., 0., 0.,
       0., 0., 4.92242218e+02, 3.08068390e+02, 2.46969730e-01,
       4.92232697e+02, 3.06104401e+02, 2.51903653e-01, 3.29648041e+02,
       3.86496307e+02, 6.15207851e-01, 1.06285416e+02, 3.53101013e+02,
       4.39334512e-01, 0., 0., 0., 0., 0., 0., 0., 0., 0.,
       9.09513428e+02, 3.33515442e+02, 6.61844730e-01, 9.11472961e+02,
       3.66853119e+02, 8.03246677e-01, 8.89933716e+02, 2.90383453e+02,
       8.04535210e-01, 0., 0., 0., 0., 0., 0., 0., 0., 0., 0., 0., 0.,
       6.51374207e+01, 3.92304840e+02, 9.82456878e-02, 5.72968063e+01,
       3.82548157e+02, 9.26497430e-02, 8.27641983e+01, 3.41391357e+02,
       2.80111939e-01, 0., 0., 0., 0., 0., 0., 0., 0., 0., 0., 0., 0.,
       0., 0., 0., 6.48999756e+02, 3.19870697e+02, 9.79509503e-02,
       6.46940247e+02, 3.66866669e+02, 4.24696863e-01, 6.49055908e+02,
       4.88344330e+02, 7.39567399e-01, 0., 0., 0., 0., 0., 0., 0., 0.,
       0., 0., 0., 0., 0., 0., 0., 0., 0., 0., 0., 0., 0., 0., 0., 0.,
       0., 0., 0., 0., 0., 0., 0., 0., 0., 0., 0., 0., 0., 0., 0., 0.,
       0., 0., 0., 0., 0., 0., 0., 0., 0., 0., 0. ]
