%YAML:1.0
---
pose_0: !!opencv-matrix
   rows: 1
   cols: 25
   dt: "3f"
   data: [ 8.80112366e+02, 4.45252686e+02, 8.07953060e-01,
       7.89963135e+02, 4.76600372e+02, 6.95281148e-01, 7.78245728e+02,
       4.09933044e+02, 6.86171591e-01, 7.29228271e+02, 3.33542145e+02,
       7.46401310e-01, 7.11565002e+02, 2.59172363e+02, 8.35013390e-01,
       7.89985291e+02, 5.43200195e+02, 6.59680545e-01, 7.29351746e+02,
       6.48943481e+02, 8.14181149e-01, 8.37005615e+02, 5.90202515e+02,
       7.96596527e-01, 5.74511963e+02, 4.82451233e+02, 1.90807164e-01,
       5.78451660e+02, 4.43241394e+02, 2.51179248e-01, 4.98134125e+02,
       4.29525055e+02, 1.19695276e-01, 3.84458771e+02, 4.33505737e+02,
       1.58487469e-01, 5.68651550e+02, 5.37282166e+02, 1.64705858e-01,
       3.88416656e+02, 5.49072327e+02, 9.26320553e-02, 0., 0., 0.,
       8.86126038e+02, 4.33453888e+02, 8.21669698e-01, 8.97712585e+02,
       4.62771332e+02, 8.37441862e-01, 8.62495544e+02, 4.27546051e+02,
       2.59577632e-01, 8.82058533e+02, 4.94207825e+02, 7.30462670e-01,
       0., 0., 0., 0., 0., 0., 0., 0., 0., 3.66874878e+02,
       4.55007324e+02, 5.54225333e-02, 0., 0., 0., 0., 0., 0. ]
