%YAML:1.0
---
pose_0: !!opencv-matrix
   rows: 2
   cols: 25
   dt: "3f"
   data: [ 9.09497742e+02, 3.04148682e+02, 8.19214344e-01,
       8.21357971e+02, 2.57152344e+02, 4.48448598e-01, 8.23355347e+02,
       2.35623871e+02, 7.01371193e-01, 7.58640503e+02, 3.19750397e+02,
       7.95617104e-01, 7.68440674e+02, 4.37410858e+02, 7.23277092e-01,
       8.23337830e+02, 2.84561340e+02, 1.98749214e-01, 0., 0., 0., 0.,
       0., 0., 6.33266785e+02, 2.53211914e+02, 2.78419197e-01,
       6.35283203e+02, 2.74783813e+02, 2.17197180e-01, 5.43173523e+02,
       3.39428345e+02, 1.74308240e-01, 3.53137634e+02, 3.57071228e+02,
       6.21034279e-02, 6.37226379e+02, 2.27812546e+02, 2.11766765e-01,
       5.11854309e+02, 3.29649536e+02, 5.32982275e-02, 3.55107330e+02,
       3.64857452e+02, 1.21145129e-01, 9.13490479e+02, 2.80650574e+02,
       8.09550524e-01, 9.21278198e+02, 3.04214111e+02, 6.90831542e-01,
       8.84002258e+02, 2.41464355e+02, 8.59496474e-01, 0., 0., 0., 0.,
       0., 0., 0., 0., 0., 3.49234955e+02, 3.66793304e+02,
       8.46996605e-02, 0., 0., 0., 0., 0., 0., 0., 0., 0., 0., 0., 0.,
       0., 0., 0., 0., 0., 0., 0., 0., 0., 0., 0., 0., 7.52811768e+02,
       2.84552673e+02, 8.65061358e-02, 6.72501099e+02, 3.39431488e+02,
       2.93462515e-01, 6.37260681e+02, 3.98221680e+02, 6.12962604e-01,
       0., 0., 0., 0., 0., 0., 0., 0., 0., 0., 0., 0., 0., 0., 0., 0.,
       0., 0., 0., 0., 0., 0., 0., 0., 0., 0., 0., 0., 0., 0., 0., 0.,
       0., 0., 0., 0., 0., 0., 0., 0., 0., 0., 0., 0., 0., 0., 0., 0.,
       0., 0., 0. ]
