%YAML:1.0
---
pose_0: !!opencv-matrix
   rows: 1
   cols: 25
   dt: "3f"
   data: [ 9.72238403e+02, 2.31646561e+02, 7.67684579e-01,
       8.66400696e+02, 2.25780075e+02, 5.83708405e-01, 8.54698364e+02,
       1.37611786e+02, 6.14534855e-01, 7.11709595e+02, 8.67237778e+01,
       7.80199468e-01, 6.54846069e+02, 1.31675964e+02, 7.73054361e-01,
       8.82125610e+02, 3.19829956e+02, 3.85482609e-01, 7.45060303e+02,
       4.33431519e+02, 8.17231774e-01, 8.36981079e+02, 3.55159485e+02,
       7.78537095e-01, 6.13714905e+02, 3.11996185e+02, 1.20936170e-01,
       5.84312988e+02, 2.63028809e+02, 1.28799006e-01, 3.39424469e+02,
       3.39453796e+02, 5.17219864e-02, 1.80728348e+02, 3.35501495e+02,
       1.41952738e-01, 6.56800659e+02, 3.57077240e+02, 1.09088853e-01,
       0., 0., 0., 0., 0., 0., 9.81986206e+02, 2.08173294e+02,
       8.29819202e-01, 9.93726013e+02, 2.53232986e+02, 7.40318835e-01,
       9.62354004e+02, 1.78737701e+02, 5.70793808e-01, 9.68351624e+02,
       2.86515320e+02, 1.96874231e-01, 0., 0., 0., 0., 0., 0., 0., 0.,
       0., 0., 0., 0., 0., 0., 0., 0., 0., 0. ]
