%YAML:1.0
---
pose_0: !!opencv-matrix
   rows: 1
   cols: 25
   dt: "3f"
   data: [ 9.03661438e+02, 3.74701721e+02, 6.58111513e-01,
       8.52679199e+02, 2.88483734e+02, 4.77745086e-01, 8.52656799e+02,
       2.88456635e+02, 7.01574564e-01, 7.48907776e+02, 3.27651520e+02,
       6.95879757e-01, 7.44888794e+02, 4.39315979e+02, 8.11522424e-01,
       8.56679504e+02, 2.80665527e+02, 2.97798306e-01, 0., 0., 0., 0.,
       0., 0., 5.41234619e+02, 2.72836151e+02, 2.05660060e-01,
       5.35322205e+02, 2.61049866e+02, 2.23100320e-01, 3.62919708e+02,
       3.68853607e+02, 1.52615413e-01, 0., 0., 0., 5.37310913e+02,
       2.72808960e+02, 1.11515254e-01, 3.47260651e+02, 3.68784607e+02,
       5.59500158e-02, 0., 0., 0., 9.21302307e+02, 3.66865417e+02,
       7.56886482e-01, 0., 0., 0., 9.29142029e+02, 3.21901367e+02,
       8.30395281e-01, 0., 0., 0., 0., 0., 0., 0., 0., 0., 0., 0., 0.,
       0., 0., 0., 0., 0., 0., 0., 0., 0. ]
