%YAML:1.0
---
pose_0: !!opencv-matrix
   rows: 1
   cols: 25
   dt: "3f"
   data: [ 8.91912292e+02, 2.16036575e+02, 7.85562754e-01,
       8.03681152e+02, 2.04251678e+02, 6.23302102e-01, 8.07656128e+02,
       1.35721039e+02, 6.58723176e-01, 7.58655762e+02, 1.37665680e+02,
       7.75192320e-01, 7.60635986e+02, 2.82600525e+02, 7.35748947e-01,
       7.84153259e+02, 2.59110748e+02, 4.08782959e-01, 7.43074768e+02,
       2.94395905e+02, 6.20582849e-02, 0., 0., 0., 7.13580139e+02,
       2.35615814e+02, 2.32047826e-01, 7.09712219e+02, 2.16004745e+02,
       2.31134132e-01, 6.66645569e+02, 2.90496857e+02, 4.32069093e-01,
       5.35320862e+02, 3.27641022e+02, 4.23793316e-01, 7.13654297e+02,
       2.49318680e+02, 1.51300907e-01, 6.64677246e+02, 2.90535858e+02,
       1.56866416e-01, 0., 0., 0., 8.99695374e+02, 1.96463867e+02,
       8.74027550e-01, 9.09520020e+02, 2.25829315e+02, 7.83222795e-01,
       8.74296082e+02, 1.72880280e+02, 6.50263011e-01, 8.86050354e+02,
       2.45354630e+02, 1.37219980e-01, 0., 0., 0., 0., 0., 0., 0., 0.,
       0., 5.05966156e+02, 3.35494598e+02, 1.70290157e-01,
       5.05914246e+02, 3.29598358e+02, 1.94127023e-01, 5.21649109e+02,
       3.23730164e+02, 3.49770904e-01 ]
