%YAML:1.0
---
pose_0: !!opencv-matrix
   rows: 1
   cols: 25
   dt: "3f"
   data: [ 9.15481567e+02, 3.49159821e+02, 7.47644663e-01,
       8.35115417e+02, 2.64984375e+02, 3.87671769e-01, 8.38971008e+02,
       2.57207092e+02, 7.10356295e-01, 7.60624451e+02, 3.04120667e+02,
       6.94759130e-01, 7.07770203e+02, 4.33501068e+02, 7.95024633e-01,
       0., 0., 0., 0., 0., 0., 0., 0., 0., 5.74537598e+02,
       2.51276459e+02, 1.55318409e-01, 5.64737000e+02, 2.51284302e+02,
       1.84856698e-01, 5.04001831e+02, 3.04201935e+02, 6.24411590e-02,
       3.53120880e+02, 3.51162842e+02, 5.36626354e-02, 0., 0., 0., 0.,
       0., 0., 0., 0., 0., 9.31148071e+02, 3.29634247e+02,
       7.85512626e-01, 0., 0., 0., 9.17409485e+02, 2.76815460e+02,
       8.65013719e-01, 0., 0., 0., 0., 0., 0., 0., 0., 0., 0., 0., 0.,
       0., 0., 0., 0., 0., 0., 0., 0., 0. ]
