%YAML:1.0
---
pose_0: !!opencv-matrix
   rows: 1
   cols: 25
   dt: "3f"
   data: [ 8.97777405e+02, 2.31642853e+02, 7.40642965e-01,
       8.35092468e+02, 3.04180908e+02, 4.77019608e-01, 0., 0., 0., 0.,
       0., 0., 0., 0., 0., 8.52663208e+02, 3.13952454e+02,
       4.10332590e-01, 7.41015259e+02, 2.61109589e+02, 6.48877263e-01,
       6.39157837e+02, 2.12074707e+02, 8.11583400e-01, 6.99909485e+02,
       3.55085266e+02, 8.20017755e-02, 7.13607483e+02, 3.68825165e+02,
       5.01801185e-02, 0., 0., 0., 0., 0., 0., 0., 0., 0., 0., 0., 0.,
       0., 0., 0., 9.13396118e+02, 2.25812805e+02, 6.67162299e-01,
       9.23238586e+02, 2.51243637e+02, 7.89380789e-01, 0., 0., 0.,
       9.07592346e+02, 3.04202850e+02, 8.32976937e-01, 0., 0., 0., 0.,
       0., 0., 0., 0., 0., 0., 0., 0., 0., 0., 0., 0., 0., 0. ]
