%YAML:1.0
---
pose_0: !!opencv-matrix
   rows: 1
   cols: 25
   dt: "3f"
   data: [ 9.13477966e+02, 4.66751007e+02, 8.30968559e-01,
       8.39024902e+02, 4.66782379e+02, 6.67874217e-01, 8.23310730e+02,
       4.02156708e+02, 5.57392597e-01, 8.50762512e+02, 3.35451935e+02,
       8.35165739e-01, 8.85952148e+02, 4.27557861e+02, 8.62185240e-01,
       8.60544128e+02, 5.27558899e+02, 5.51309586e-01, 9.42866943e+02,
       5.47080139e+02, 7.77909875e-01, 9.78110413e+02, 4.47251740e+02,
       8.04587185e-01, 6.35252319e+02, 4.76547119e+02, 2.82170445e-01,
       6.50902649e+02, 4.31522491e+02, 3.60673606e-01, 4.00142548e+02,
       4.51119751e+02, 1.37671769e-01, 2.23808014e+02, 4.53034088e+02,
       2.67392963e-01, 6.27408264e+02, 5.23607727e+02, 2.77977526e-01,
       4.31526245e+02, 5.31427856e+02, 2.13873371e-01, 3.86453979e+02,
       5.35317932e+02, 8.98884237e-02, 9.15426636e+02, 4.51119812e+02,
       8.31061184e-01, 9.23287048e+02, 4.76532288e+02, 8.32218766e-01,
       8.99793152e+02, 4.43272766e+02, 2.42615730e-01, 9.17358948e+02,
       4.94185974e+02, 3.09911609e-01, 0., 0., 0., 0., 0., 0., 0., 0.,
       0., 1.86621674e+02, 4.55012848e+02, 9.35277715e-02, 0., 0., 0.,
       2.12065399e+02, 4.53053101e+02, 2.07521766e-01 ]
