%YAML:1.0
---
pose_0: !!opencv-matrix
   rows: 1
   cols: 25
   dt: "3f"
   data: [ 8.66445862e+02, 4.60802490e+02, 8.06340039e-01,
       7.90086365e+02, 4.78472137e+02, 7.57202804e-01, 7.86136047e+02,
       4.17862091e+02, 6.64851248e-01, 7.86134521e+02, 3.68789886e+02,
       4.81548369e-01, 8.09599060e+02, 3.51137695e+02, 5.78032315e-01,
       8.01791382e+02, 5.39193298e+02, 6.19045198e-01, 9.17445496e+02,
       5.84250916e+02, 7.99486399e-01, 9.32998291e+02, 5.02020813e+02,
       5.99253595e-01, 5.90217957e+02, 4.72655884e+02, 2.73541987e-01,
       5.88231506e+02, 4.43228180e+02, 3.46987098e-01, 4.55011230e+02,
       4.35435822e+02, 1.17101289e-01, 0., 0., 0., 5.86285034e+02,
       5.17688965e+02, 1.35163918e-01, 4.56978851e+02, 4.47198914e+02,
       5.31585068e-02, 0., 0., 0., 8.70414612e+02, 4.47194122e+02,
       8.50182414e-01, 8.78209900e+02, 4.76476074e+02, 7.82926679e-01,
       8.58620361e+02, 4.33462952e+02, 1.73784643e-01, 8.66410767e+02,
       5.02054047e+02, 5.43698609e-01, 0., 0., 0., 0., 0., 0., 0., 0.,
       0., 0., 0., 0., 0., 0., 0., 0., 0., 0. ]
