%YAML:1.0
---
pose_0: !!opencv-matrix
   rows: 1
   cols: 25
   dt: "3f"
   data: [ 8.54630310e+02, 2.14066986e+02, 7.68729568e-01,
       8.17434021e+02, 2.92449890e+02, 3.99501145e-01, 0., 0., 0., 0.,
       0., 0., 0., 0., 0., 8.33091919e+02, 3.00234741e+02,
       5.47025204e-01, 6.99886047e+02, 2.31725922e+02, 6.24785960e-01,
       5.60841248e+02, 2.10184372e+02, 7.53081322e-01, 5.27495361e+02,
       3.62925018e+02, 1.59989059e-01, 5.23612366e+02, 3.35536499e+02,
       2.40084812e-01, 2.94358337e+02, 2.94360870e+02, 2.20212594e-01,
       8.67376709e+01, 4.13798187e+02, 3.39159280e-01, 5.39243713e+02,
       4.21693451e+02, 9.17006880e-02, 0., 0., 0., 0., 0., 0.,
       8.68433838e+02, 2.12029190e+02, 3.10863674e-01, 8.78193787e+02,
       2.23879700e+02, 8.35448503e-01, 0., 0., 0., 8.84076050e+02,
       2.76804443e+02, 8.31323683e-01, 0., 0., 0., 0., 0., 0., 0., 0.,
       0., 5.34459953e+01, 4.45217285e+02, 2.88515151e-01,
       5.33689842e+01, 4.35443329e+02, 2.60294944e-01, 0., 0., 0. ]
