%YAML:1.0
---
pose_0: !!opencv-matrix
   rows: 1
   cols: 25
   dt: "3f"
   data: [ 1.02513660e+03, 3.02234650e+02, 7.19972551e-01,
       9.07564697e+02, 3.08055450e+02, 5.45152783e-01, 8.99756042e+02,
       2.39529404e+02, 4.97785270e-01, 8.46819519e+02, 1.47444061e+02,
       2.27750331e-01, 9.01665588e+02, 2.27793915e+02, 6.09059855e-02,
       9.17304871e+02, 3.72733002e+02, 5.33455074e-01, 8.70318787e+02,
       4.94218170e+02, 7.33187973e-01, 9.62385742e+02, 3.90382416e+02,
       7.82118142e-01, 5.99987000e+02, 3.53137421e+02, 6.57460466e-02,
       0., 0., 0., 0., 0., 0., 0., 0., 0., 0., 0., 0., 0., 0., 0., 0.,
       0., 0., 1.01141321e+03, 2.66962982e+02, 7.21256375e-01,
       1.05057312e+03, 2.98312775e+02, 6.23395979e-01, 9.76091614e+02,
       2.45372787e+02, 4.92411941e-01, 1.05448413e+03, 3.19878021e+02,
       9.26659480e-02, 0., 0., 0., 0., 0., 0., 0., 0., 0., 0., 0., 0.,
       0., 0., 0., 0., 0., 0. ]
