%YAML:1.0
---
pose_0: !!opencv-matrix
   rows: 1
   cols: 25
   dt: "3f"
   data: [ 9.19342407e+02, 4.35436493e+02, 7.23287404e-01,
       8.21390137e+02, 4.39336670e+02, 6.85811043e-01, 8.17441833e+02,
       3.55105225e+02, 6.59278035e-01, 6.95950439e+02, 2.96337524e+02,
       7.36375034e-01, 5.74516052e+02, 3.39437775e+02, 7.67740846e-01,
       8.23306824e+02, 5.19693481e+02, 6.18699849e-01, 7.07753479e+02,
       5.72553345e+02, 7.31275380e-01, 6.15611328e+02, 5.84304810e+02,
       7.78501034e-01, 5.98030640e+02, 4.47205963e+02, 2.90415078e-01,
       5.88241150e+02, 3.98214233e+02, 3.73531610e-01, 4.19761871e+02,
       4.29572693e+02, 1.44939259e-01, 3.41404053e+02, 4.60822815e+02,
       1.66459531e-01, 6.03925476e+02, 4.98133118e+02, 3.31622303e-01,
       4.94192169e+02, 5.15761292e+02, 7.51031637e-02, 3.84525574e+02,
       4.76550537e+02, 7.78838396e-02, 9.38896240e+02, 4.17755371e+02,
       7.98955500e-01, 9.38894409e+02, 4.60779297e+02, 7.41003633e-01,
       9.21268311e+02, 3.94306854e+02, 5.36220849e-01, 9.21269409e+02,
       4.78491425e+02, 1.43967927e-01, 0., 0., 0., 0., 0., 0., 0., 0.,
       0., 0., 0., 0., 0., 0., 0., 3.37468109e+02, 4.60942261e+02,
       7.56957307e-02 ]
