%YAML:1.0
---
pose_0: !!opencv-matrix
   rows: 1
   cols: 25
   dt: "3f"
   data: [ 8.85988037e+02, 2.84531860e+02, 8.19359601e-01,
       7.89972046e+02, 2.82640686e+02, 6.09973371e-01, 8.09607361e+02,
       2.17971466e+02, 3.99758041e-01, 9.31043274e+02, 1.76743286e+02,
       8.10680270e-01, 1.04474768e+03, 2.43371506e+02, 5.70046961e-01,
       7.74352966e+02, 3.51170074e+02, 6.27882659e-01, 6.97965637e+02,
       4.00200409e+02, 6.86848760e-01, 5.98034424e+02, 4.64808838e+02,
       7.64739990e-01, 5.56882568e+02, 2.90426575e+02, 2.94580638e-01,
       5.56886353e+02, 2.45430161e+02, 3.75278264e-01, 3.43368225e+02,
       2.12053772e+02, 2.81144530e-01, 1.94427628e+02, 1.63078384e+02,
       8.80560130e-02, 5.60817078e+02, 3.35524902e+02, 2.88963318e-01,
       3.80591980e+02, 3.98236176e+02, 2.82235563e-01, 1.90533249e+02,
       4.78579529e+02, 4.09574270e-01, 8.95781372e+02, 2.61114624e+02,
       7.82090902e-01, 8.99789795e+02, 2.90536926e+02, 8.16340268e-01,
       8.70352661e+02, 2.39472672e+02, 5.12261271e-01, 0., 0., 0.,
       1.53344604e+02, 4.60893372e+02, 6.09808527e-02, 1.55262146e+02,
       4.64860321e+02, 6.62755519e-02, 1.69010681e+02, 4.78544006e+02,
       2.10465014e-01, 0., 0., 0., 0., 0., 0., 0., 0., 0. ]
