%YAML:1.0
---
pose_0: !!opencv-matrix
   rows: 1
   cols: 25
   dt: "3f"
   data: [ 8.56680847e+02, 2.04214813e+02, 7.57583380e-01,
       7.60668396e+02, 2.25810623e+02, 7.16001153e-01, 7.60691406e+02,
       1.49403793e+02, 6.41229570e-01, 7.62636536e+02, 4.55550499e+01,
       4.53903973e-01, 7.76396606e+02, 5.36722994e+00, 5.39069995e-02,
       7.56725647e+02, 2.90430725e+02, 5.84731102e-01, 7.80236572e+02,
       3.66758636e+02, 8.34460437e-01, 8.23276245e+02, 3.02161224e+02,
       4.37007368e-01, 5.43198181e+02, 2.10160233e+02, 2.70002902e-01,
       5.49040222e+02, 1.67048172e+02, 2.98371792e-01, 3.74699799e+02,
       1.51379318e+02, 6.19699471e-02, 0., 0., 0., 5.41190918e+02,
       2.55184341e+02, 3.16993445e-01, 3.49218781e+02, 2.57170166e+02,
       3.15296084e-01, 1.90544708e+02, 2.74719635e+02, 1.49161920e-01,
       8.68320984e+02, 1.96381088e+02, 7.77474582e-01, 8.68386902e+02,
       2.19894257e+02, 8.00162852e-01, 0., 0., 0., 8.48825195e+02,
       2.55208618e+02, 7.25481987e-01, 0., 0., 0., 0., 0., 0., 0., 0.,
       0., 0., 0., 0., 0., 0., 0., 0., 0., 0. ]
