%YAML:1.0
---
pose_0: !!opencv-matrix
   rows: 1
   cols: 25
   dt: "3f"
   data: [ 9.11471558e+02, 4.25607819e+02, 7.45958626e-01,
       7.99852356e+02, 4.27610962e+02, 6.38132632e-01, 7.90024109e+02,
       3.51143860e+02, 6.82809353e-01, 6.78305298e+02, 2.88409576e+02,
       7.82766521e-01, 7.58706665e+02, 2.72908997e+02, 8.54180098e-01,
       8.01767944e+02, 5.04008331e+02, 5.36966562e-01, 6.84246216e+02,
       5.86308167e+02, 8.34575474e-01, 7.80200256e+02, 5.72556580e+02,
       8.27388942e-01, 5.37286194e+02, 4.76561035e+02, 2.08202690e-01,
       5.39266052e+02, 4.21691681e+02, 3.18877995e-01, 3.49213104e+02,
       3.88410797e+02, 3.06627691e-01, 0., 0., 0., 5.41236389e+02,
       5.23613770e+02, 2.28170186e-01, 3.82489807e+02, 5.23564270e+02,
       2.91283965e-01, 0., 0., 0., 9.17386414e+02, 4.00195038e+02,
       8.70782673e-01, 9.21297974e+02, 4.41328156e+02, 7.30957806e-01,
       8.93878845e+02, 3.78640442e+02, 6.58448637e-01, 9.05591797e+02,
       4.60821869e+02, 1.58055246e-01, 0., 0., 0., 0., 0., 0., 0., 0.,
       0., 0., 0., 0., 0., 0., 0., 0., 0., 0. ]
