%YAML:1.0
---
pose_0: !!opencv-matrix
   rows: 1
   cols: 25
   dt: "3f"
   data: [ 1.04272815e+03, 3.55073578e+02, 7.30534852e-01,
       9.29152832e+02, 3.25705017e+02, 5.05663633e-01, 9.40868652e+02,
       2.29726364e+02, 4.58823740e-01, 7.78315491e+02, 1.49329285e+02,
       6.17287695e-01, 6.31290222e+02, 1.00457344e+02, 7.99081683e-01,
       9.13413696e+02, 4.31491516e+02, 4.96566087e-01, 7.46914978e+02,
       4.96213898e+02, 6.46223783e-01, 6.35341797e+02, 6.05897156e+02,
       6.86998606e-01, 5.74532715e+02, 2.57135345e+02, 5.02886288e-02,
       5.66690857e+02, 2.21873474e+02, 6.51909709e-02, 0., 0., 0., 0.,
       0., 0., 0., 0., 0., 0., 0., 0., 0., 0., 0., 1.07212769e+03,
       3.27670471e+02, 7.50814378e-01, 1.07011938e+03, 3.80493500e+02,
       7.70422399e-01, 1.07018225e+03, 2.90504211e+02, 5.56749821e-01,
       0., 0., 0., 0., 0., 0., 0., 0., 0., 0., 0., 0., 0., 0., 0., 0.,
       0., 0., 0., 0., 0. ]
