%YAML:1.0
---
pose_0: !!opencv-matrix
   rows: 1
   cols: 25
   dt: "3f"
   data: [ 0., 0., 0., 8.97805359e+02, 1.23900749e+02, 5.08413970e-01,
       9.31103638e+02, 2.06203705e+02, 4.35939342e-01, 7.64550354e+02,
       3.15875916e+02, 2.03575775e-01, 0., 0., 0., 8.66412170e+02,
       3.96980400e+01, 2.34002471e-01, 7.19510803e+02, 2.98882446e+01,
       5.70503213e-02, 0., 0., 0., 5.80414673e+02, 1.76822495e+02,
       6.42796010e-02, 5.51018005e+02, 1.33728241e+02, 5.06600477e-02,
       0., 0., 0., 0., 0., 0., 6.21548218e+02, 2.27767563e+02,
       5.92400357e-02, 0., 0., 0., 0., 0., 0., 0., 0., 0., 0., 0., 0.,
       1.01147040e+03, 1.31753510e+02, 2.00986058e-01, 9.58520081e+02,
       4.16406898e+01, 1.07312314e-01, 0., 0., 0., 0., 0., 0., 0., 0.,
       0., 0., 0., 0., 0., 0., 0., 0., 0., 0. ]
