%YAML:1.0
---
pose_0: !!opencv-matrix
   rows: 1
   cols: 25
   dt: "3f"
   data: [ 8.84112305e+02, 2.51282593e+02, 7.68350363e-01,
       7.78295166e+02, 2.57169434e+02, 6.66118085e-01, 7.78278015e+02,
       1.78791077e+02, 7.26991594e-01, 6.48881958e+02, 1.47493805e+02,
       7.99974501e-01, 5.41304810e+02, 1.33780426e+02, 8.30885172e-01,
       7.78262573e+02, 3.39403015e+02, 6.42464757e-01, 6.62650757e+02,
       3.84455383e+02, 6.53282702e-01, 5.52918152e+02, 4.47251190e+02,
       6.76894963e-01, 5.51020203e+02, 2.51281570e+02, 1.94074005e-01,
       5.54942017e+02, 2.10070602e+02, 3.29647660e-01, 3.82538788e+02,
       2.23854660e+02, 2.69598365e-01, 1.82707489e+02, 2.29700989e+02,
       3.32462877e-01, 5.39251465e+02, 3.19794952e+02, 1.68773726e-01,
       3.70775208e+02, 2.96347931e+02, 9.63416174e-02, 3.47255859e+02,
       2.92462616e+02, 1.18180424e-01, 8.91907471e+02, 2.35621368e+02,
       7.86632657e-01, 8.99665649e+02, 2.68868286e+02, 7.44883597e-01,
       8.70419739e+02, 2.16023346e+02, 5.04610360e-01, 8.82127014e+02,
       2.90554993e+02, 4.50110734e-01, 0., 0., 0., 0., 0., 0., 0., 0.,
       0., 0., 0., 0., 0., 0., 0., 1.65049393e+02, 2.39513077e+02,
       2.07435742e-01 ]
