%YAML:1.0
---
pose_0: !!opencv-matrix
   rows: 2
   cols: 25
   dt: "3f"
   data: [ 9.19330444e+02, 2.37543625e+02, 6.77221298e-01,
       8.64503662e+02, 3.08099304e+02, 4.24534082e-01, 8.62495789e+02,
       3.00254852e+02, 2.09477261e-01, 6.78390320e+02, 2.90443481e+02,
       3.24609667e-01, 7.13695251e+02, 2.04221207e+02, 4.14457351e-01,
       8.82105286e+02, 3.21796539e+02, 3.80402863e-01, 7.90052490e+02,
       2.57160522e+02, 3.74463379e-01, 7.68485596e+02, 1.74862076e+02,
       7.76612237e-02, 5.84331116e+02, 3.57058563e+02, 1.25814065e-01,
       5.64734009e+02, 3.13972107e+02, 9.58963931e-02, 0., 0., 0., 0.,
       0., 0., 5.78445190e+02, 3.96260651e+02, 1.31923094e-01, 0., 0.,
       0., 0., 0., 0., 9.44776978e+02, 2.37538361e+02, 5.76448515e-02,
       9.46740662e+02, 2.43465378e+02, 8.45801055e-01, 0., 0., 0.,
       9.38944031e+02, 3.06116699e+02, 8.00603628e-01, 0., 0., 0., 0.,
       0., 0., 0., 0., 0., 0., 0., 0., 0., 0., 0., 0., 0., 0., 0., 0.,
       0., 0., 0., 0., 0., 0., 0., 0., 0., 0., 0., 0., 0.,
       3.12012665e+02, 2.94371704e+02, 1.16907611e-01, 2.19940918e+02,
       3.66898102e+02, 4.15249705e-01, 1.00408684e+02, 4.19749451e+02,
       3.00484300e-01, 0., 0., 0., 0., 0., 0., 0., 0., 0., 0., 0., 0.,
       0., 0., 0., 0., 0., 0., 0., 0., 0., 0., 0., 0., 0., 0., 0., 0.,
       0., 0., 0., 0., 0., 0., 0., 0., 0., 0., 0., 0., 0., 0., 0., 0.,
       0., 0., 0., 0., 0., 0., 0. ]
