%YAML:1.0
---
pose_0: !!opencv-matrix
   rows: 1
   cols: 25
   dt: "3f"
   data: [ 9.17420715e+02, 2.64990326e+02, 8.22851539e-01,
       8.23350769e+02, 2.66907623e+02, 6.84581041e-01, 8.25263000e+02,
       1.88597290e+02, 6.84630811e-01, 7.11618835e+02, 1.20059425e+02,
       8.33902359e-01, 6.49020508e+02, 1.82697449e+02, 8.41363013e-01,
       8.29225830e+02, 3.45327393e+02, 6.65756583e-01, 7.44905579e+02,
       4.19791718e+02, 8.17522645e-01, 6.94003479e+02, 4.13931732e+02,
       8.35452020e-01, 6.07837769e+02, 2.80654022e+02, 2.41505638e-01,
       6.01950562e+02, 2.39528305e+02, 3.40704143e-01, 5.17705811e+02,
       2.41477905e+02, 5.54254428e-02, 3.98176941e+02, 2.59121948e+02,
       7.74284899e-02, 6.09793884e+02, 3.35502441e+02, 2.45995134e-01,
       5.07935089e+02, 3.62912415e+02, 1.82879299e-01, 3.66860107e+02,
       3.55135315e+02, 1.76021278e-01, 9.31035828e+02, 2.43468491e+02,
       8.74808967e-01, 9.34977234e+02, 2.78673370e+02, 8.25614154e-01,
       9.05619385e+02, 2.23767349e+02, 6.79345906e-01, 9.29082031e+02,
       2.98303192e+02, 2.50358582e-01, 0., 0., 0., 0., 0., 0.,
       3.66837891e+02, 3.53177155e+02, 7.21621439e-02, 0., 0., 0., 0.,
       0., 0., 0., 0., 0. ]
