%YAML:1.0
---
pose_0: !!opencv-matrix
   rows: 1
   cols: 25
   dt: "3f"
   data: [ 8.68375549e+02, 2.23807724e+02, 7.01895833e-01,
       7.88020020e+02, 2.74863800e+02, 7.23795772e-01, 7.58676636e+02,
       2.27732330e+02, 7.19188988e-01, 7.44938843e+02, 1.45496765e+02,
       8.14674735e-01, 8.39075562e+02, 1.51344131e+02, 8.30136418e-01,
       8.19419617e+02, 3.27683899e+02, 6.55802608e-01, 0., 0., 0., 0.,
       0., 0., 5.29448669e+02, 3.41422485e+02, 3.56900901e-01,
       5.25552490e+02, 3.06073944e+02, 4.34799612e-01, 3.39480164e+02,
       3.17912048e+02, 5.44214904e-01, 1.47487595e+02, 3.13962341e+02,
       5.42657375e-01, 5.33381653e+02, 3.82478119e+02, 3.69363934e-01,
       3.57080566e+02, 4.31540894e+02, 5.90522528e-01, 2.41475525e+02,
       5.25575195e+02, 5.90334892e-01, 8.76201233e+02, 2.25685974e+02,
       2.97473311e-01, 8.80123840e+02, 2.35568329e+02, 5.84967077e-01,
       8.38976563e+02, 2.25786499e+02, 9.65517312e-02, 8.80180481e+02,
       2.80646454e+02, 7.40750313e-01, 2.02298035e+02, 5.09894104e+02,
       1.61143050e-01, 2.10148468e+02, 5.23611755e+02, 1.93882540e-01,
       2.27757645e+02, 5.39268677e+02, 3.23355764e-01, 1.27825706e+02,
       3.37479340e+02, 1.39799461e-01, 1.18046661e+02, 3.21844910e+02,
       1.62504598e-01, 1.35679810e+02, 3.15930817e+02, 3.21210146e-01 ]
