%YAML:1.0
---
pose_0: !!opencv-matrix
   rows: 1
   cols: 25
   dt: "3f"
   data: [ 9.07548279e+02, 3.94252808e+02, 7.38892078e-01,
       8.29195862e+02, 4.29551147e+02, 5.62309086e-01, 8.09668945e+02,
       3.84503906e+02, 3.80644858e-01, 7.68486206e+02, 2.90466339e+02,
       2.83639073e-01, 7.42925781e+02, 2.23804901e+02, 4.79488343e-01,
       8.50774963e+02, 4.78557526e+02, 6.82994187e-01, 8.05746582e+02,
       4.31518188e+02, 4.87831801e-01, 7.44937378e+02, 2.27742615e+02,
       1.04462683e-01, 5.54948303e+02, 4.56983246e+02, 1.26274779e-01,
       5.49056274e+02, 4.23688904e+02, 1.41856283e-01, 3.82477081e+02,
       3.41373169e+02, 2.51783729e-01, 2.29752258e+02, 3.84492859e+02,
       7.32240453e-02, 5.60806641e+02, 4.96167694e+02, 9.35191661e-02,
       3.74681091e+02, 3.47255188e+02, 2.06340060e-01, 2.25787598e+02,
       3.84485809e+02, 7.62332976e-02, 9.15423401e+02, 3.78596313e+02,
       8.35012853e-01, 9.23233093e+02, 4.04085693e+02, 8.26851964e-01,
       8.93840698e+02, 3.68751953e+02, 3.30389291e-01, 9.15413025e+02,
       4.37416290e+02, 6.40288889e-01, 0., 0., 0., 0., 0., 0., 0., 0.,
       0., 0., 0., 0., 0., 0., 0., 0., 0., 0. ]
