%YAML:1.0
---
pose_0: !!opencv-matrix
   rows: 1
   cols: 25
   dt: "3f"
   data: [ 9.74145020e+02, 2.41526260e+02, 7.55945325e-01,
       8.44896423e+02, 2.59067963e+02, 5.92315078e-01, 8.29237244e+02,
       1.65113754e+02, 6.38292313e-01, 6.82332642e+02, 1.23916016e+02,
       7.37383127e-01, 5.70610291e+02, 1.37659424e+02, 7.74615645e-01,
       8.56608215e+02, 3.49209930e+02, 5.92102885e-01, 7.27370117e+02,
       4.17781525e+02, 7.96791971e-01, 6.03957153e+02, 3.98137268e+02,
       7.82569528e-01, 5.62780823e+02, 2.76771790e+02, 2.31480986e-01,
       5.58873291e+02, 2.39534775e+02, 2.98589349e-01, 4.21714630e+02,
       2.57151398e+02, 8.09811354e-02, 0., 0., 0., 5.56908386e+02,
       3.23754974e+02, 1.69948146e-01, 3.70771790e+02, 3.55142090e+02,
       1.51756033e-01, 3.08068512e+02, 3.62895264e+02, 1.67264074e-01,
       9.80042908e+02, 2.23772934e+02, 8.57729495e-01, 9.85944824e+02,
       2.61060577e+02, 7.59112418e-01, 9.48716248e+02, 1.96421021e+02,
       6.17471099e-01, 9.66360962e+02, 2.88486847e+02, 3.16128492e-01,
       0., 0., 0., 0., 0., 0., 3.08117310e+02, 3.64860657e+02,
       6.01799116e-02, 0., 0., 0., 0., 0., 0., 0., 0., 0. ]
