%YAML:1.0
---
pose_0: !!opencv-matrix
   rows: 1
   cols: 25
   dt: "3f"
   data: [ 1.02505298e+03, 2.39479340e+02, 7.78222919e-01,
       8.87974854e+02, 2.41475876e+02, 5.17483532e-01, 8.99749268e+02,
       1.49377731e+02, 5.39645135e-01, 9.01689636e+02, 5.33367500e+01,
       6.92036033e-01, 1.04863025e+03, 1.61160294e+02, 6.56071305e-01,
       8.78197693e+02, 3.31566345e+02, 5.05771816e-01, 8.29231934e+02,
       4.86382477e+02, 7.11809039e-01, 9.66324158e+02, 4.00181915e+02,
       7.34339714e-01, 5.56904175e+02, 1.76837097e+02, 6.14428893e-02,
       5.70594727e+02, 1.47424545e+02, 7.33920485e-02, 0., 0., 0., 0.,
       0., 0., 0., 0., 0., 0., 0., 0., 0., 0., 0., 1.03493970e+03,
       2.10118378e+02, 7.86822259e-01, 1.04080847e+03, 2.57075317e+02,
       7.38660216e-01, 1.01139612e+03, 1.80731888e+02, 4.35890615e-01,
       1.00947540e+03, 2.74739105e+02, 1.18212737e-01, 0., 0., 0., 0.,
       0., 0., 0., 0., 0., 0., 0., 0., 0., 0., 0., 0., 0., 0. ]
