%YAML:1.0
---
pose_0: !!opencv-matrix
   rows: 1
   cols: 25
   dt: "3f"
   data: [ 9.60502319e+02, 2.17995255e+02, 7.90748417e-01,
       8.39056824e+02, 2.66936493e+02, 4.55281764e-01, 8.07698303e+02,
       1.82719360e+02, 3.39106262e-01, 7.13625305e+02, 1.80714676e+02,
       6.93913102e-02, 6.68548462e+02, 1.63114319e+02, 2.58820981e-01,
       8.64499451e+02, 3.39460175e+02, 5.18445730e-01, 7.60603577e+02,
       4.47267670e+02, 7.66703367e-01, 8.01770264e+02, 3.21878967e+02,
       7.24341273e-01, 5.43179077e+02, 2.92402710e+02, 1.08174682e-01,
       5.25559326e+02, 2.49318512e+02, 8.79192352e-02, 3.12003204e+02,
       3.53140808e+02, 1.18457757e-01, 1.49388000e+02, 3.53121948e+02,
       4.06634361e-01, 5.58843384e+02, 3.39452209e+02, 1.03284098e-01,
       3.21804443e+02, 3.53218231e+02, 1.87156618e-01, 1.47447174e+02,
       3.53109344e+02, 1.09454468e-01, 9.64334045e+02, 1.94515793e+02,
       7.81830072e-01, 9.80040588e+02, 2.29796417e+02, 8.58917236e-01,
       9.36968079e+02, 1.78682449e+02, 2.51250148e-01, 9.62452759e+02,
       2.70876434e+02, 3.28413725e-01, 7.49264526e+01, 3.72750183e+02,
       1.31115094e-01, 9.06217194e+01, 3.82531982e+02, 1.57262757e-01,
       0., 0., 0., 8.67242050e+01, 3.78630066e+02, 1.97735369e-01,
       8.67205124e+01, 3.70750671e+02, 2.05037817e-01, 1.47383057e+02,
       3.51161499e+02, 1.48668572e-01 ]
