%YAML:1.0
---
pose_0: !!opencv-matrix
   rows: 1
   cols: 25
   dt: "3f"
   data: [ 8.68409851e+02, 1.96400253e+02, 8.05881262e-01,
       8.07722046e+02, 2.68887390e+02, 5.94726026e-01, 8.19379944e+02,
       2.72763275e+02, 3.90115082e-01, 7.23431641e+02, 2.61070129e+02,
       1.09273471e-01, 0., 0., 0., 8.07697632e+02, 2.68879120e+02,
       6.06651664e-01, 6.97901794e+02, 2.47354980e+02, 4.98361379e-01,
       6.56803162e+02, 1.63158264e+02, 7.48741031e-01, 5.25530518e+02,
       3.19822021e+02, 1.52287021e-01, 5.37302307e+02, 3.00230316e+02,
       1.60803020e-01, 3.39416626e+02, 2.74806152e+02, 1.63383216e-01,
       0., 0., 0., 5.11853699e+02, 3.43340576e+02, 1.44439727e-01,
       3.23755524e+02, 2.84546295e+02, 3.06132913e-01, 1.02380173e+02,
       3.84477692e+02, 2.68209755e-01, 8.86070923e+02, 1.96487411e+02,
       1.37087077e-01, 8.85977295e+02, 2.10048340e+02, 8.56230319e-01,
       0., 0., 0., 8.78197693e+02, 2.61040955e+02, 7.83271730e-01,
       7.88922577e+01, 4.13931732e+02, 1.96242154e-01, 7.88656387e+01,
       4.13895630e+02, 2.03291744e-01, 8.08506165e+01, 3.92323761e+02,
       2.01275364e-01, 0., 0., 0., 0., 0., 0., 0., 0., 0. ]
