%YAML:1.0
---
pose_0: !!opencv-matrix
   rows: 1
   cols: 25
   dt: "3f"
   data: [ 9.01749817e+02, 1.72896576e+02, 7.98998952e-01,
       7.89993408e+02, 1.76772949e+02, 6.54026806e-01, 7.78278442e+02,
       8.67788086e+01, 6.81633711e-01, 6.45054932e+02, 6.91336670e+01,
       7.07952976e-01, 5.23624146e+02, 7.49767227e+01, 7.97639787e-01,
       7.91942993e+02, 2.64980835e+02, 6.70686245e-01, 6.80316284e+02,
       3.02142426e+02, 6.80145264e-01, 5.41284790e+02, 3.19740112e+02,
       8.01361561e-01, 5.23600281e+02, 1.94471939e+02, 1.92264348e-01,
       5.17704102e+02, 1.49402313e+02, 2.94778317e-01, 3.45324829e+02,
       1.69002197e+02, 7.99568221e-02, 0., 0., 0., 5.29459290e+02,
       2.47373062e+02, 1.81615561e-01, 3.72747528e+02, 2.94354340e+02,
       6.11997955e-02, 0., 0., 0., 9.13492554e+02, 1.47364105e+02,
       8.61158967e-01, 9.19374084e+02, 1.82698685e+02, 8.42571199e-01,
       8.84101868e+02, 1.21995163e+02, 6.13175571e-01, 9.15340088e+02,
       1.98470505e+02, 7.55352825e-02, 0., 0., 0., 0., 0., 0., 0., 0.,
       0., 0., 0., 0., 0., 0., 0., 0., 0., 0. ]
