%YAML:1.0
---
pose_0: !!opencv-matrix
   rows: 1
   cols: 25
   dt: "3f"
   data: [ 1.06627124e+03, 2.39529526e+02, 7.70698726e-01,
       9.15459106e+02, 2.72787140e+02, 5.45126677e-01, 9.03687134e+02,
       1.74864868e+02, 5.11906624e-01, 7.64548706e+02, 1.25891747e+02,
       4.52956975e-01, 6.17695923e+02, 1.10197136e+02, 7.56530166e-01,
       9.33051270e+02, 3.66875549e+02, 5.28324127e-01, 7.84162842e+02,
       4.31597961e+02, 7.30675876e-01, 7.60676086e+02, 2.88546936e+02,
       6.47959650e-01, 6.17633789e+02, 3.64900330e+02, 8.94968063e-02,
       5.88219604e+02, 2.92414429e+02, 9.07152295e-02, 0., 0., 0., 0.,
       0., 0., 6.52899231e+02, 4.04085297e+02, 7.84180537e-02, 0., 0.,
       0., 0., 0., 0., 1.07605432e+03, 2.12095612e+02, 8.60894859e-01,
       1.08581531e+03, 2.59201141e+02, 7.84922302e-01, 1.03687622e+03,
       1.82667480e+02, 4.29190308e-01, 1.07611377e+03, 3.04084442e+02,
       1.34709328e-01, 0., 0., 0., 0., 0., 0., 0., 0., 0., 0., 0., 0.,
       0., 0., 0., 0., 0., 0. ]
