%YAML:1.0
---
pose_0: !!opencv-matrix
   rows: 1
   cols: 25
   dt: "3f"
   data: [ 9.44769592e+02, 1.96413223e+02, 8.16389501e-01,
       8.37063904e+02, 2.12053558e+02, 6.57649338e-01, 8.39068970e+02,
       1.27825150e+02, 6.97753847e-01, 7.46972351e+02, 3.76456833e+01,
       7.42824793e-01, 6.35312500e+02, 5.92687035e+01, 6.98439956e-01,
       8.38942810e+02, 2.96346863e+02, 6.59487545e-01, 7.27340637e+02,
       3.66866028e+02, 7.93447137e-01, 6.03940186e+02, 3.98180695e+02,
       8.17011833e-01, 5.88252625e+02, 2.45416183e+02, 1.26620606e-01,
       5.82359924e+02, 2.06197372e+02, 1.18396908e-01, 2.92405090e+02,
       3.53111664e+02, 1.14573956e-01, 1.29815338e+02, 3.84537476e+02,
       2.62729287e-01, 5.90191956e+02, 2.90454071e+02, 1.04538828e-01,
       3.53175720e+02, 3.33519897e+02, 1.55338079e-01, 1.23927429e+02,
       3.86507477e+02, 8.52064341e-02, 9.50681213e+02, 1.76831207e+02,
       8.48833442e-01, 9.56532898e+02, 2.12148087e+02, 8.26551914e-01,
       9.29138733e+02, 1.53342499e+02, 6.24344945e-01, 9.33013855e+02,
       2.39533417e+02, 4.45438772e-01, 0., 0., 0., 0., 0., 0.,
       9.06497879e+01, 3.74702240e+02, 8.29379037e-02, 8.67683411e+01,
       3.82538940e+02, 1.38787389e-01, 0., 0., 0., 1.02417847e+02,
       3.84452789e+02, 2.06706300e-01 ]
