%YAML:1.0
---
pose_0: !!opencv-matrix
   rows: 2
   cols: 25
   dt: "3f"
   data: [ 8.82057312e+02, 2.35599838e+02, 7.41527438e-01,
       8.01762207e+02, 2.10110596e+02, 6.43918812e-01, 8.03754089e+02,
       1.55247162e+02, 6.90863490e-01, 7.64564697e+02, 2.12073639e+02,
       7.78654575e-01, 7.52771545e+02, 3.37410889e+02, 7.48395920e-01,
       7.86085693e+02, 2.61066223e+02, 3.37447733e-01, 7.43036560e+02,
       3.08083221e+02, 1.09772310e-01, 7.43038513e+02, 3.45314056e+02,
       1.13676429e-01, 7.11640625e+02, 2.74763000e+02, 6.73597082e-02,
       0., 0., 0., 0., 0., 0., 0., 0., 0., 7.25383789e+02,
       2.92418213e+02, 1.18910797e-01, 6.76404724e+02, 3.21895935e+02,
       4.42958295e-01, 5.74532043e+02, 3.64879395e+02, 5.94258726e-01,
       8.86056458e+02, 2.16023682e+02, 8.06087494e-01, 8.91909912e+02,
       2.45401703e+02, 7.58159935e-01, 8.70413330e+02, 1.94405304e+02,
       6.57287121e-01, 8.80161987e+02, 2.61151733e+02, 1.96540356e-01,
       5.23627319e+02, 3.64911224e+02, 2.39804983e-01, 5.31402954e+02,
       3.68829224e+02, 2.87758172e-01, 5.60795959e+02, 3.60994598e+02,
       3.33861142e-01, 0., 0., 0., 0., 0., 0., 0., 0., 0., 0., 0., 0.,
       0., 0., 0., 0., 0., 0., 0., 0., 0., 0., 0., 0., 0., 0., 0., 0.,
       0., 0., 0., 0., 0., 5.39258301e+02, 2.59088074e+02,
       1.16428547e-01, 5.25545776e+02, 2.19924911e+02, 9.23573077e-02,
       3.49208679e+02, 3.39450439e+02, 2.54334092e-01, 1.49418533e+02,
       3.49194519e+02, 3.41541409e-01, 5.51014526e+02, 2.86516724e+02,
       1.06677167e-01, 3.51227173e+02, 3.37492432e+02, 2.34530836e-01,
       1.43495071e+02, 3.39458893e+02, 3.52992535e-01, 0., 0., 0., 0.,
       0., 0., 0., 0., 0., 0., 0., 0., 1.27848137e+02, 4.02109680e+02,
       2.29616493e-01, 1.31721756e+02, 4.00154877e+02, 2.29122013e-01,
       1.23904419e+02, 3.23743896e+02, 3.25930327e-01, 1.23905708e+02,
       4.09950500e+02, 1.96738929e-01, 1.20000198e+02, 4.02119476e+02,
       1.64748609e-01, 1.29767899e+02, 3.33536987e+02, 2.80572712e-01 ]
