%YAML:1.0
---
pose_0: !!opencv-matrix
   rows: 1
   cols: 25
   dt: "3f"
   data: [ 8.99665405e+02, 3.49221252e+02, 7.69520164e-01,
       7.90083923e+02, 3.41402222e+02, 7.01671958e-01, 7.82224976e+02,
       2.64960663e+02, 6.70338213e-01, 6.54870911e+02, 2.08123199e+02,
       7.70169020e-01, 7.25404114e+02, 2.16030014e+02, 8.02756786e-01,
       7.90039246e+02, 4.21698120e+02, 5.81473172e-01, 6.78391907e+02,
       4.78461182e+02, 8.44564617e-01, 7.70458557e+02, 4.78476654e+02,
       7.61644721e-01, 5.31437317e+02, 3.82550568e+02, 3.11475039e-01,
       5.37267700e+02, 3.37468536e+02, 3.02220702e-01, 3.82527924e+02,
       3.49184265e+02, 1.99960783e-01, 3.68808899e+02, 3.57091400e+02,
       5.39217032e-02, 5.33388306e+02, 4.21713623e+02, 3.11913669e-01,
       3.59020447e+02, 4.74563354e+02, 3.44537705e-01, 1.78750046e+02,
       5.23618835e+02, 4.14698184e-01, 9.03699280e+02, 3.23755157e+02,
       8.00423145e-01, 9.11480957e+02, 3.64848297e+02, 7.27847278e-01,
       8.82093750e+02, 2.98315857e+02, 6.22559488e-01, 9.01756042e+02,
       3.84388245e+02, 7.97615424e-02, 1.23954773e+02, 5.74505249e+02,
       3.07074100e-01, 1.27834297e+02, 5.72634583e+02, 3.17770034e-01,
       1.53292358e+02, 5.17723389e+02, 2.32694253e-01, 0., 0., 0., 0.,
       0., 0., 0., 0., 0. ]
