%YAML:1.0
---
pose_0: !!opencv-matrix
   rows: 1
   cols: 25
   dt: "3f"
   data: [ 9.64352112e+02, 2.70863831e+02, 6.61364436e-01,
       8.82076782e+02, 2.63013824e+02, 6.72383249e-01, 8.66395020e+02,
       1.90551163e+02, 5.83338141e-01, 8.23315552e+02, 6.91293793e+01,
       7.47990012e-01, 9.17420349e+02, 1.64990707e+02, 7.95367241e-01,
       8.97730896e+02, 3.35559875e+02, 5.98435760e-01, 8.40928650e+02,
       4.70696777e+02, 7.74558187e-01, 9.21269592e+02, 3.80577362e+02,
       7.50566840e-01, 5.90196289e+02, 3.15924042e+02, 9.13814679e-02,
       5.56897217e+02, 2.72828522e+02, 1.42569751e-01, 3.72753418e+02,
       3.02207550e+02, 9.00816321e-02, 0., 0., 0., 6.13712463e+02,
       3.68801086e+02, 6.71804920e-02, 5.39278015e+02, 4.02126221e+02,
       1.53796092e-01, 0., 0., 0., 9.89861084e+02, 2.39518982e+02,
       6.13660693e-01, 9.97699219e+02, 2.86463837e+02, 6.31767869e-01,
       9.66381531e+02, 2.02314240e+02, 4.61386323e-01, 0., 0., 0., 0.,
       0., 0., 0., 0., 0., 0., 0., 0., 0., 0., 0., 0., 0., 0., 0., 0.,
       0. ]
