%YAML:1.0
---
pose_0: !!opencv-matrix
   rows: 1
   cols: 25
   dt: "3f"
   data: [ 1.06237073e+03, 2.59121399e+02, 7.50423610e-01,
       9.21301331e+02, 2.59099823e+02, 4.66728747e-01, 9.17353516e+02,
       1.53287125e+02, 5.24528205e-01, 7.60675110e+02, 5.73340988e+01,
       6.93294287e-01, 7.60709106e+02, 1.18054985e+02, 7.80663013e-01,
       9.15380371e+02, 3.51184021e+02, 2.63122439e-01, 7.27292969e+02,
       4.31536316e+02, 5.27240157e-01, 8.68407776e+02, 3.82518341e+02,
       6.35423541e-01, 0., 0., 0., 0., 0., 0., 0., 0., 0., 0., 0., 0.,
       0., 0., 0., 0., 0., 0., 0., 0., 0., 1.07602563e+03,
       2.27847672e+02, 8.54969501e-01, 1.08586743e+03, 2.82609802e+02,
       7.58384109e-01, 1.04468909e+03, 1.92461960e+02, 4.79047626e-01,
       1.07411792e+03, 3.15940460e+02, 1.15804024e-01, 0., 0., 0., 0.,
       0., 0., 0., 0., 0., 0., 0., 0., 0., 0., 0., 0., 0., 0. ]
