%YAML:1.0
---
pose_0: !!opencv-matrix
   rows: 1
   cols: 25
   dt: "3f"
   data: [ 8.82068726e+02, 2.47342682e+02, 7.00042963e-01,
       7.84177063e+02, 2.80642670e+02, 6.45884514e-01, 7.89963745e+02,
       2.06191605e+02, 6.07309401e-01, 7.91913696e+02, 8.48031158e+01,
       6.83328032e-01, 8.25326782e+02, 5.35388565e+00, 2.12074384e-01,
       7.78260193e+02, 3.51177948e+02, 5.55550873e-01, 8.19400208e+02,
       4.45130646e+02, 8.27469945e-01, 8.41030273e+02, 3.66848663e+02,
       5.32740533e-01, 5.49071411e+02, 2.70857239e+02, 3.19715500e-01,
       5.54975586e+02, 2.25823090e+02, 4.13691431e-01, 3.64915161e+02,
       2.14038940e+02, 2.36123562e-01, 0., 0., 0., 5.45122864e+02,
       3.13959442e+02, 3.74185294e-01, 3.53188141e+02, 3.27706635e+02,
       3.86974990e-01, 1.86612549e+02, 3.45299408e+02, 1.83195814e-01,
       8.93859741e+02, 2.47331589e+02, 5.18735647e-01, 8.95802429e+02,
       2.63075287e+02, 7.93458223e-01, 0., 0., 0., 8.76231934e+02,
       3.06078491e+02, 7.69494951e-01, 0., 0., 0., 0., 0., 0., 0., 0.,
       0., 0., 0., 0., 0., 0., 0., 0., 0., 0. ]
