%YAML:1.0
---
pose_0: !!opencv-matrix
   rows: 1
   cols: 25
   dt: "3f"
   data: [ 8.82119934e+02, 2.90541565e+02, 7.96222210e-01,
       8.03704773e+02, 2.72802246e+02, 6.65629268e-01, 8.19365906e+02,
       1.96460495e+02, 6.80786192e-01, 7.25374695e+02, 1.02326752e+02,
       7.72573948e-01, 7.45013306e+02, 2.12112427e+02, 7.46092975e-01,
       7.92000061e+02, 3.53197266e+02, 6.50925756e-01, 7.13558289e+02,
       4.47207428e+02, 4.65937376e-01, 7.11600952e+02, 4.60899750e+02,
       3.63447458e-01, 5.35343445e+02, 2.57166321e+02, 2.27705538e-01,
       5.31423584e+02, 2.17955246e+02, 3.60803336e-01, 3.53144440e+02,
       2.39508041e+02, 2.22459346e-01, 0., 0., 0., 5.27523193e+02,
       3.08116547e+02, 1.97233766e-01, 3.35487854e+02, 3.04227448e+02,
       2.31183991e-01, 2.86504303e+02, 3.02202698e+02, 9.46093053e-02,
       8.99743591e+02, 2.72724335e+02, 7.93175280e-01, 8.99694763e+02,
       3.06177429e+02, 7.65106559e-01, 8.88046631e+02, 2.39498535e+02,
       5.70548177e-01, 0., 0., 0., 0., 0., 0., 0., 0., 0., 0., 0., 0.,
       0., 0., 0., 0., 0., 0., 0., 0., 0. ]
