%YAML:1.0
---
pose_0: !!opencv-matrix
   rows: 1
   cols: 25
   dt: "3f"
   data: [ 9.15362671e+02, 2.19889648e+02, 7.56075561e-01,
       8.40986450e+02, 3.02235687e+02, 4.46680367e-01, 8.54737244e+02,
       3.19806519e+02, 3.47094297e-01, 0., 0., 0., 0., 0., 0.,
       8.38969849e+02, 2.86542877e+02, 4.05629307e-01, 7.15552856e+02,
       2.59168213e+02, 6.62746787e-01, 8.35040161e+02, 1.76780396e+02,
       5.29254615e-01, 5.56938538e+02, 3.21792297e+02, 2.84200519e-01,
       5.64733032e+02, 3.53134430e+02, 1.94306880e-01, 3.06144928e+02,
       3.10056793e+02, 1.92418650e-01, 9.06483307e+01, 3.80511688e+02,
       7.11800307e-02, 5.56930603e+02, 2.90506073e+02, 2.86890417e-01,
       3.10046021e+02, 3.15895569e+02, 2.08580092e-01, 8.67327652e+01,
       3.78569702e+02, 3.51192176e-01, 9.31087524e+02, 2.14105865e+02,
       4.63328004e-01, 9.36933411e+02, 2.37543198e+02, 7.96987236e-01,
       0., 0., 0., 9.29100464e+02, 2.90521545e+02, 8.23211551e-01,
       5.33549423e+01, 4.02138275e+02, 2.23660037e-01, 5.54137459e+01,
       4.06014496e+02, 2.45852038e-01, 6.70899887e+01, 3.84479767e+02,
       2.39056125e-01, 5.33494720e+01, 4.04087280e+02, 7.77547210e-02,
       5.34402695e+01, 4.04101318e+02, 5.97515143e-02, 0., 0., 0. ]
