%YAML:1.0
---
pose_0: !!opencv-matrix
   rows: 1
   cols: 25
   dt: "3f"
   data: [ 9.01733826e+02, 3.82518860e+02, 8.16719294e-01,
       7.91954224e+02, 3.92317810e+02, 6.79588914e-01, 7.86104919e+02,
       3.15929718e+02, 6.45753980e-01, 6.70494385e+02, 2.72879150e+02,
       8.01617265e-01, 7.70428345e+02, 2.57210266e+02, 7.95333803e-01,
       7.93948975e+02, 4.70679871e+02, 5.81040502e-01, 6.68529602e+02,
       5.41209473e+02, 8.37560594e-01, 7.46993530e+02, 5.07911224e+02,
       7.78847039e-01, 5.37284668e+02, 4.29583130e+02, 3.44209194e-01,
       5.37300171e+02, 3.84514954e+02, 4.05444264e-01, 3.39472168e+02,
       3.51167847e+02, 4.23263490e-01, 1.63153595e+02, 3.21785156e+02,
       1.49118587e-01, 5.35329102e+02, 4.68744598e+02, 3.37483138e-01,
       3.62937164e+02, 4.80553680e+02, 5.02176464e-01, 1.76803589e+02,
       5.23590515e+02, 2.23082572e-01, 9.13476379e+02, 3.64823120e+02,
       8.36701810e-01, 9.15419189e+02, 3.96254852e+02, 8.06186616e-01,
       8.84073425e+02, 3.41392883e+02, 7.14545369e-01, 8.99782715e+02,
       4.15870422e+02, 3.52469087e-01, 0., 0., 0., 0., 0., 0., 0., 0.,
       0., 0., 0., 0., 0., 0., 0., 0., 0., 0. ]
