%YAML:1.0
---
pose_0: !!opencv-matrix
   rows: 1
   cols: 25
   dt: "3f"
   data: [ 9.05631348e+02, 3.15944031e+02, 7.07014561e-01,
       8.23306580e+02, 2.43456619e+02, 6.51490688e-01, 8.29224976e+02,
       2.14021393e+02, 7.05097795e-01, 7.29239685e+02, 2.90499115e+02,
       7.97054470e-01, 8.48825928e+02, 3.70842560e+02, 5.27865708e-01,
       8.11593872e+02, 2.72872406e+02, 3.40961069e-01, 7.29346558e+02,
       3.55135681e+02, 8.01939368e-01, 8.50754639e+02, 3.74716339e+02,
       5.75223744e-01, 5.92170166e+02, 2.41490265e+02, 1.58114463e-01,
       5.88225830e+02, 2.23842545e+02, 1.79118440e-01, 4.25624634e+02,
       2.29752319e+02, 1.13822512e-01, 3.51190033e+02, 2.41483276e+02,
       5.74812070e-02, 5.86271362e+02, 2.86545502e+02, 1.07062593e-01,
       5.23597778e+02, 3.15910645e+02, 6.05389029e-02, 0., 0., 0.,
       9.25247559e+02, 3.02179749e+02, 7.46247053e-01, 0., 0., 0.,
       9.21333679e+02, 2.51259399e+02, 8.05817008e-01, 0., 0., 0., 0.,
       0., 0., 0., 0., 0., 0., 0., 0., 0., 0., 0., 0., 0., 0., 0., 0.,
       0. ]
