%YAML:1.0
---
pose_0: !!opencv-matrix
   rows: 1
   cols: 25
   dt: "3f"
   data: [ 8.86083496e+02, 2.76810394e+02, 8.29956830e-01,
       7.86128052e+02, 2.68867126e+02, 6.42089963e-01, 8.03763855e+02,
       1.94430023e+02, 6.82336390e-01, 7.42903687e+02, 1.16015915e+02,
       8.03773999e-01, 7.72434021e+02, 2.33632141e+02, 6.49567664e-01,
       7.66526672e+02, 3.35437225e+02, 6.12389326e-01, 6.66533875e+02,
       3.66795624e+02, 8.02785993e-01, 5.70520935e+02, 3.84545532e+02,
       8.18482816e-01, 5.47107361e+02, 2.72796753e+02, 2.16546416e-01,
       5.41198914e+02, 2.35605911e+02, 2.05131784e-01, 3.55117035e+02,
       3.66804199e+02, 3.15699339e-01, 1.63106140e+02, 3.66872314e+02,
       3.53004813e-01, 5.52969910e+02, 3.10066772e+02, 1.54441506e-01,
       3.53190826e+02, 3.66788513e+02, 2.47997582e-01, 1.51341278e+02,
       3.62924408e+02, 3.36926460e-01, 8.95840576e+02, 2.59058105e+02,
       8.53902459e-01, 8.99709045e+02, 2.90399536e+02, 8.27113390e-01,
       8.70392395e+02, 2.33668060e+02, 6.66125178e-01, 8.82103333e+02,
       3.06114471e+02, 1.33716777e-01, 1.20034836e+02, 4.31526123e+02,
       2.42079780e-01, 1.20038765e+02, 4.31550140e+02, 2.04994857e-01,
       1.29825592e+02, 3.47282013e+02, 3.16382051e-01, 1.16097351e+02,
       4.39333069e+02, 1.29696891e-01, 1.18011261e+02, 4.37376587e+02,
       9.64820907e-02, 1.37612015e+02, 3.51180054e+02, 2.47757062e-01 ]
