%YAML:1.0
---
pose_0: !!opencv-matrix
   rows: 1
   cols: 25
   dt: "3f"
   data: [ 8.68339417e+02, 2.92384491e+02, 7.78057158e-01,
       7.70436462e+02, 3.08051422e+02, 6.66239858e-01, 7.58705139e+02,
       2.41519547e+02, 6.42991781e-01, 6.37238220e+02, 2.00306198e+02,
       6.94278836e-01, 5.39165344e+02, 1.63119614e+02, 8.47735345e-01,
       7.76365356e+02, 3.80557281e+02, 6.25799119e-01, 6.97882813e+02,
       4.00187622e+02, 8.38138580e-01, 7.29275940e+02, 2.78680664e+02,
       7.36999810e-01, 5.11854126e+02, 3.06103668e+02, 3.44691753e-01,
       5.17709961e+02, 2.66949280e+02, 3.73214215e-01, 3.39434601e+02,
       2.33640488e+02, 1.12586416e-01, 0., 0., 0., 5.07933289e+02,
       3.47279572e+02, 3.22493553e-01, 3.62927307e+02, 4.02162506e+02,
       2.25973025e-01, 1.69001526e+02, 4.29480865e+02, 6.94572181e-02,
       8.78181335e+02, 2.74807648e+02, 7.62994170e-01, 8.83997803e+02,
       3.06178101e+02, 8.13203514e-01, 8.52751099e+02, 2.57180084e+02,
       3.90095592e-01, 8.68397461e+02, 3.33497925e+02, 4.69660521e-01,
       0., 0., 0., 0., 0., 0., 0., 0., 0., 0., 0., 0., 0., 0., 0., 0.,
       0., 0. ]
