%YAML:1.0
---
pose_0: !!opencv-matrix
   rows: 1
   cols: 25
   dt: "3f"
   data: [ 9.42850586e+02, 3.68841278e+02, 8.06682467e-01,
       8.21445496e+02, 3.82567993e+02, 7.15435803e-01, 8.09630371e+02,
       3.06194824e+02, 7.05604851e-01, 6.88155029e+02, 3.00219482e+02,
       4.52719748e-01, 5.86236084e+02, 3.04136780e+02, 6.90600276e-01,
       8.35070251e+02, 4.62810089e+02, 6.18186712e-01, 7.17526123e+02,
       5.25602234e+02, 7.40962625e-01, 5.90179138e+02, 4.98101318e+02,
       7.69662619e-01, 5.70597900e+02, 4.06041290e+02, 1.54613957e-01,
       5.68632446e+02, 3.62937469e+02, 2.60204881e-01, 3.53150360e+02,
       3.98231049e+02, 2.45132983e-01, 1.86618652e+02, 4.45191010e+02,
       4.38717991e-01, 5.45138672e+02, 4.49157440e+02, 1.08369619e-01,
       3.92335754e+02, 4.80490326e+02, 8.57091919e-02, 0., 0., 0.,
       9.48769775e+02, 3.53207764e+02, 9.26170230e-01, 9.56580383e+02,
       3.86415222e+02, 7.93339312e-01, 9.31039734e+02, 3.37423889e+02,
       3.80792588e-01, 9.31086792e+02, 4.13886841e+02, 5.77573061e-01,
       0., 0., 0., 0., 0., 0., 0., 0., 0., 1.33731049e+02,
       4.15807922e+02, 1.76745981e-01, 1.33767029e+02, 4.13877228e+02,
       1.45113558e-01, 1.70969452e+02, 4.60849091e+02, 2.87878990e-01 ]
