%YAML:1.0
---
pose_0: !!opencv-matrix
   rows: 1
   cols: 25
   dt: "3f"
   data: [ 9.01734497e+02, 3.51236664e+02, 8.11522305e-01,
       7.92029846e+02, 3.62970520e+02, 7.21937239e-01, 7.78329529e+02,
       2.86498108e+02, 6.90048099e-01, 6.58804138e+02, 2.29776962e+02,
       7.60011375e-01, 7.23399658e+02, 2.92469421e+02, 7.41424620e-01,
       7.93972839e+02, 4.41283844e+02, 5.52735925e-01, 6.78384277e+02,
       5.15736572e+02, 7.70103991e-01, 7.78238708e+02, 5.05908630e+02,
       7.90848792e-01, 5.23616821e+02, 3.84485718e+02, 2.98193276e-01,
       5.25575928e+02, 3.35550781e+02, 4.23342824e-01, 3.39459198e+02,
       3.37469177e+02, 1.98548540e-01, 1.57252487e+02, 3.06073059e+02,
       6.14758916e-02, 5.23547363e+02, 4.33451111e+02, 3.49362999e-01,
       3.47271942e+02, 4.78508301e+02, 2.93927103e-01, 1.70951859e+02,
       5.11884613e+02, 2.16963798e-01, 9.13474243e+02, 3.33556335e+02,
       8.45161498e-01, 9.15424561e+02, 3.66916962e+02, 7.69528031e-01,
       8.82103516e+02, 3.08139252e+02, 7.04081953e-01, 9.01655273e+02,
       3.86515411e+02, 3.32472235e-01, 0., 0., 0., 0., 0., 0., 0., 0.,
       0., 0., 0., 0., 0., 0., 0., 0., 0., 0. ]
