%YAML:1.0
---
pose_0: !!opencv-matrix
   rows: 1
   cols: 25
   dt: "3f"
   data: [ 8.93832825e+02, 4.00081940e+02, 8.23156953e-01,
       7.91931458e+02, 4.25585663e+02, 7.05443859e-01, 7.70449280e+02,
       3.57077148e+02, 7.03975379e-01, 6.54888733e+02, 3.35542114e+02,
       7.94965386e-01, 6.68532043e+02, 3.06205109e+02, 8.00556779e-01,
       8.07681641e+02, 4.94161560e+02, 6.19479597e-01, 6.80330750e+02,
       5.62793823e+02, 6.77797318e-01, 7.60647827e+02, 5.11856812e+02,
       7.93491542e-01, 5.39231140e+02, 4.35436157e+02, 2.92798191e-01,
       5.45156738e+02, 3.96229980e+02, 4.30927813e-01, 3.37449585e+02,
       3.86493347e+02, 2.97137767e-01, 0., 0., 0., 5.29455261e+02,
       4.80521851e+02, 3.10398132e-01, 3.45321411e+02, 4.92179169e+02,
       2.75254816e-01, 1.80730072e+02, 5.27561890e+02, 4.24433112e-01,
       8.99721802e+02, 3.84507843e+02, 9.09512401e-01, 9.05625977e+02,
       4.15856079e+02, 7.86321759e-01, 8.68407776e+02, 3.70747681e+02,
       6.86218619e-01, 8.86062073e+02, 4.45243408e+02, 6.76072598e-01,
       1.18076500e+02, 5.60818359e+02, 3.89715672e-01, 1.29793045e+02,
       5.68636475e+02, 4.23789948e-01, 1.63093231e+02, 5.23528503e+02,
       1.63617626e-01, 0., 0., 0., 0., 0., 0., 0., 0., 0. ]
