%YAML:1.0
---
pose_0: !!opencv-matrix
   rows: 1
   cols: 25
   dt: "3f"
   data: [ 1.08780029e+03, 1.41571518e+02, 8.62974972e-02,
       9.46767700e+02, 1.82689850e+02, 2.29448393e-01, 8.93849060e+02,
       1.18084587e+02, 2.81263411e-01, 0., 0., 0., 0., 0., 0.,
       9.91842651e+02, 2.55144226e+02, 4.52522993e-01, 8.48809143e+02,
       3.02231140e+02, 1.34301066e-01, 0., 0., 0., 0., 0., 0., 0., 0.,
       0., 0., 0., 0., 0., 0., 0., 0., 0., 0., 0., 0., 0., 0., 0., 0.,
       1.06235010e+03, 1.18063934e+02, 1.10574000e-01, 0., 0., 0.,
       9.99659302e+02, 1.00419113e+02, 1.73106551e-01, 1.06428796e+03,
       2.06181564e+02, 5.27236521e-01, 0., 0., 0., 0., 0., 0., 0., 0.,
       0., 0., 0., 0., 0., 0., 0., 0., 0., 0. ]
