%YAML:1.0
---
pose_0: !!opencv-matrix
   rows: 1
   cols: 25
   dt: "3f"
   data: [ 9.31110718e+02, 2.74851166e+02, 7.68992066e-01,
       8.23383240e+02, 2.66930817e+02, 6.05666637e-01, 8.37035034e+02,
       1.80785767e+02, 6.78194821e-01, 7.09728455e+02, 1.10227867e+02,
       7.43746221e-01, 7.56673462e+02, 2.12028687e+02, 6.80043280e-01,
       8.09590881e+02, 3.60943146e+02, 5.42770267e-01, 6.90091125e+02,
       4.00077484e+02, 7.92308927e-01, 6.93972046e+02, 3.68751556e+02,
       8.16668689e-01, 5.80406677e+02, 2.66958984e+02, 1.62880987e-01,
       5.68646362e+02, 2.31696732e+02, 1.94486082e-01, 3.53152283e+02,
       2.23851028e+02, 3.45084310e-01, 1.53314377e+02, 2.37549713e+02,
       2.46600240e-01, 5.74527954e+02, 3.19850952e+02, 1.30227908e-01,
       3.57066772e+02, 3.17866608e+02, 2.10136592e-01, 1.39580582e+02,
       3.02185486e+02, 1.97293907e-01, 9.42801453e+02, 2.49288132e+02,
       7.75696814e-01, 9.46762024e+02, 2.92381744e+02, 7.64530957e-01,
       9.15413940e+02, 2.25746353e+02, 5.22151589e-01, 9.38912170e+02,
       3.19753937e+02, 7.42185116e-02, 8.66439438e+01, 3.53199768e+02,
       1.94375068e-01, 9.45143204e+01, 3.55111908e+02, 2.06446633e-01,
       1.06278297e+02, 2.80649719e+02, 1.50666341e-01, 1.04342232e+02,
       2.04235901e+02, 1.85649425e-01, 1.04369324e+02, 2.04248245e+02,
       1.46204531e-01, 0., 0., 0. ]
