%YAML:1.0
---
pose_0: !!opencv-matrix
   rows: 1
   cols: 25
   dt: "3f"
   data: [ 8.56632080e+02, 2.49324219e+02, 1.72911152e-01,
       7.78281555e+02, 3.08060638e+02, 3.29442412e-01, 7.72351746e+02,
       2.72837830e+02, 1.59890696e-01, 7.48904053e+02, 1.72871582e+02,
       4.89088833e-01, 8.39032654e+02, 1.67022812e+02, 7.75631249e-01,
       7.90058594e+02, 3.19849335e+02, 4.60682601e-01, 7.60681946e+02,
       1.96382690e+02, 4.40725207e-01, 8.74257080e+02, 2.25778198e+02,
       3.76090616e-01, 5.39243774e+02, 3.43346161e+02, 1.85636178e-01,
       0., 0., 0., 0., 0., 0., 0., 0., 0., 0., 0., 0., 0., 0., 0., 0.,
       0., 0., 0., 0., 0., 8.72330627e+02, 2.64975372e+02,
       1.36365280e-01, 0., 0., 0., 8.64506287e+02, 2.90446716e+02,
       6.28936648e-01, 0., 0., 0., 0., 0., 0., 0., 0., 0., 0., 0., 0.,
       0., 0., 0., 0., 0., 0. ]
