%YAML:1.0
---
pose_0: !!opencv-matrix
   rows: 1
   cols: 25
   dt: "3f"
   data: [ 9.11510193e+02, 1.47479156e+02, 8.02154601e-01,
       8.05762695e+02, 1.43498428e+02, 6.46594167e-01, 8.07636108e+02,
       5.54272079e+01, 7.14785278e-01, 7.17547974e+02, 5.34375238e+00,
       4.09541756e-01, 6.46990906e+02, 2.60006542e+01, 7.67370105e-01,
       7.95934631e+02, 2.31663391e+02, 5.50263464e-01, 6.66650146e+02,
       2.63056732e+02, 6.63704813e-01, 5.58905945e+02, 2.86543091e+02,
       7.94818997e-01, 5.66687317e+02, 1.82698532e+02, 1.24259584e-01,
       5.54925476e+02, 1.33698929e+02, 1.15996301e-01, 0., 0., 0., 0.,
       0., 0., 5.84306702e+02, 2.23844742e+02, 1.32005498e-01,
       3.66866974e+02, 1.67030945e+02, 5.09506054e-02, 0., 0., 0.,
       9.19384521e+02, 1.29736389e+02, 7.71935642e-01, 9.23235229e+02,
       1.65055008e+02, 7.75342405e-01, 9.05614319e+02, 1.02368149e+02,
       3.83767515e-01, 9.15418396e+02, 1.90561798e+02, 1.22454733e-01,
       0., 0., 0., 0., 0., 0., 0., 0., 0., 0., 0., 0., 0., 0., 0., 0.,
       0., 0. ]
