%YAML:1.0
---
pose_0: !!opencv-matrix
   rows: 1
   cols: 25
   dt: "3f"
   data: [ 9.38943176e+02, 2.86462219e+02, 7.49333978e-01,
       8.46829590e+02, 3.43327057e+02, 6.13697350e-01, 8.35080444e+02,
       3.06153046e+02, 3.55348170e-01, 0., 0., 0., 0., 0., 0.,
       8.52656372e+02, 3.82513550e+02, 6.40727639e-01, 7.13719482e+02,
       4.02183350e+02, 7.38525748e-01, 5.92128113e+02, 3.35567047e+02,
       7.58411407e-01, 5.76472717e+02, 3.51201080e+02, 1.31857127e-01,
       5.68653320e+02, 3.19867371e+02, 1.23595551e-01, 3.47249481e+02,
       2.76763336e+02, 3.75487924e-01, 2.12102264e+02, 2.86520416e+02,
       1.45943880e-01, 5.72534058e+02, 3.70764069e+02, 1.49133176e-01,
       3.47276154e+02, 2.82636414e+02, 1.69851363e-01, 0., 0., 0.,
       9.48719238e+02, 2.74796265e+02, 8.10184658e-01, 9.58517395e+02,
       3.04066132e+02, 8.51346970e-01, 0., 0., 0., 9.42828552e+02,
       3.49190887e+02, 7.61582732e-01, 0., 0., 0., 0., 0., 0., 0., 0.,
       0., 1.72920227e+02, 2.88469879e+02, 5.94065450e-02, 0., 0., 0.,
       0., 0., 0. ]
