%YAML:1.0
---
pose_0: !!opencv-matrix
   rows: 1
   cols: 25
   dt: "3f"
   data: [ 9.36966797e+02, 3.66873688e+02, 8.08252752e-01,
       8.46844788e+02, 3.02198181e+02, 3.93651277e-01, 8.56664673e+02,
       2.84553680e+02, 5.31103790e-01, 7.84146179e+02, 2.29692780e+02,
       6.65856898e-01, 6.33280029e+02, 3.25711670e+02, 7.17785954e-01,
       8.27270630e+02, 3.31614807e+02, 1.65975004e-01, 0., 0., 0., 0.,
       0., 0., 6.78347473e+02, 3.06093079e+02, 2.07853690e-01,
       6.74448242e+02, 2.68922821e+02, 2.18101442e-01, 4.51103363e+02,
       2.78695587e+02, 1.55235484e-01, 0., 0., 0., 6.88167908e+02,
       3.49237640e+02, 1.86734766e-01, 5.84308228e+02, 3.68763123e+02,
       1.29289329e-01, 5.70539795e+02, 3.68837463e+02, 2.92835832e-01,
       9.50702332e+02, 3.49202087e+02, 7.87565649e-01, 0., 0., 0.,
       9.35058716e+02, 3.02173523e+02, 8.28454971e-01, 0., 0., 0.,
       5.21596252e+02, 3.96178986e+02, 2.21093595e-01, 5.25557800e+02,
       3.98104675e+02, 2.00763598e-01, 5.60810120e+02, 3.66777679e+02,
       1.61977395e-01, 0., 0., 0., 0., 0., 0., 0., 0., 0. ]
