%YAML:1.0
---
pose_0: !!opencv-matrix
   rows: 1
   cols: 25
   dt: "3f"
   data: [ 9.91763672e+02, 3.02189575e+02, 7.69162536e-01,
       8.86032837e+02, 2.92449768e+02, 6.34983599e-01, 8.87986084e+02,
       2.23816620e+02, 5.72550595e-01, 8.33157532e+02, 1.64995926e+02,
       7.73348570e-01, 8.89956299e+02, 2.72744354e+02, 6.39151931e-01,
       8.82048706e+02, 3.78593414e+02, 3.94168466e-01, 8.25330688e+02,
       4.33508575e+02, 3.71813297e-01, 8.74243164e+02, 3.82496704e+02,
       5.38701117e-01, 6.35264893e+02, 3.43348602e+02, 1.05526552e-01,
       6.09790283e+02, 3.06134613e+02, 9.03052539e-02, 0., 0., 0., 0.,
       0., 0., 6.62682373e+02, 3.66862000e+02, 8.31806734e-02, 0., 0.,
       0., 0., 0., 0., 9.97682678e+02, 2.72896118e+02, 8.21165383e-01,
       1.00554230e+03, 3.15898529e+02, 7.67750859e-01, 9.76164246e+02,
       2.41456818e+02, 5.88080466e-01, 9.93761841e+02, 3.37417114e+02,
       6.67266995e-02, 0., 0., 0., 0., 0., 0., 0., 0., 0., 0., 0., 0.,
       0., 0., 0., 0., 0., 0. ]
