%YAML:1.0
---
pose_0: !!opencv-matrix
   rows: 1
   cols: 25
   dt: "3f"
   data: [ 8.99726013e+02, 2.98284027e+02, 7.90721416e-01,
       8.21309631e+02, 3.02146820e+02, 6.85035467e-01, 8.09632568e+02,
       2.25780228e+02, 6.97690725e-01, 6.95953979e+02, 1.70945877e+02,
       8.07972491e-01, 6.58749817e+02, 2.02298874e+02, 7.58798420e-01,
       8.29185913e+02, 3.78590729e+02, 5.32820702e-01, 6.78324646e+02,
       4.45244537e+02, 7.05366433e-01, 7.91978760e+02, 3.82526733e+02,
       8.16019535e-01, 5.43177002e+02, 3.15906830e+02, 1.83471337e-01,
       5.50995544e+02, 2.68910431e+02, 2.88500667e-01, 3.35470703e+02,
       2.68911041e+02, 2.96546519e-01, 1.78752716e+02, 2.86524597e+02,
       2.73622364e-01, 5.33378357e+02, 3.66864777e+02, 1.41262710e-01,
       3.59011780e+02, 3.68784210e+02, 1.75896302e-01, 1.43514511e+02,
       3.49199890e+02, 1.84644371e-01, 9.11458923e+02, 2.74819031e+02,
       8.16585183e-01, 9.15406677e+02, 3.15898163e+02, 7.93928504e-01,
       8.93829590e+02, 2.55213409e+02, 4.05993521e-01, 9.05647766e+02,
       3.39388702e+02, 2.84310848e-01, 8.87128830e+01, 3.82516815e+02,
       1.17842227e-01, 0., 0., 0., 1.27834358e+02, 3.35497864e+02,
       1.08260237e-01, 9.25705872e+01, 2.41431747e+02, 8.89667273e-02,
       9.25954056e+01, 2.39496964e+02, 7.83426315e-02, 0., 0., 0. ]
