%YAML:1.0
---
pose_0: !!opencv-matrix
   rows: 1
   cols: 25
   dt: "3f"
   data: [ 9.19298889e+02, 1.86647079e+02, 7.91281939e-01,
       8.07633545e+02, 2.04217712e+02, 6.86243415e-01, 7.93989136e+02,
       1.16149246e+02, 6.38891041e-01, 6.60742615e+02, 1.04387421e+02,
       4.50640947e-01, 5.43190002e+02, 1.16100616e+02, 6.07501507e-01,
       8.17452148e+02, 2.90450409e+02, 6.72495961e-01, 7.03829590e+02,
       3.37409424e+02, 6.66274428e-01, 5.72562500e+02, 3.51086090e+02,
       8.22104096e-01, 5.54921570e+02, 2.37557236e+02, 1.57213062e-01,
       5.39286133e+02, 1.90525909e+02, 2.34603778e-01, 0., 0., 0., 0.,
       0., 0., 5.64739441e+02, 2.94365631e+02, 1.55931577e-01, 0., 0.,
       0., 0., 0., 0., 9.29138306e+02, 1.63103012e+02, 8.79890561e-01,
       9.38937622e+02, 1.96418945e+02, 8.80302608e-01, 8.97725586e+02,
       1.45410019e+02, 6.26011968e-01, 9.31023865e+02, 2.14095779e+02,
       3.01296055e-01, 0., 0., 0., 0., 0., 0., 0., 0., 0., 0., 0., 0.,
       0., 0., 0., 0., 0., 0. ]
