%YAML:1.0
---
pose_0: !!opencv-matrix
   rows: 1
   cols: 25
   dt: "3f"
   data: [ 8.99685120e+02, 4.43267700e+02, 7.83992827e-01,
       7.99851929e+02, 4.41305145e+02, 6.29671156e-01, 7.93960022e+02,
       3.57096954e+02, 6.86353207e-01, 6.97982056e+02, 2.90500458e+02,
       7.17073143e-01, 6.84308533e+02, 3.35547424e+02, 8.13368917e-01,
       7.93924683e+02, 5.21591797e+02, 5.29787064e-01, 6.80241455e+02,
       5.88174744e+02, 8.43773425e-01, 7.89978394e+02, 5.56859131e+02,
       7.98490345e-01, 5.47096497e+02, 4.66767120e+02, 2.77431279e-01,
       5.51001709e+02, 4.15886963e+02, 4.24915045e-01, 3.55107300e+02,
       3.86478271e+02, 4.10319626e-01, 0., 0., 0., 5.54895081e+02,
       5.17706665e+02, 3.49094957e-01, 3.96224091e+02, 5.29450378e+02,
       2.04321384e-01, 3.76649292e+02, 5.23613342e+02, 8.51876736e-02,
       9.11507446e+02, 4.21714905e+02, 7.83808470e-01, 9.13408386e+02,
       4.60797852e+02, 7.76178002e-01, 8.89937195e+02, 4.00097076e+02,
       5.94371974e-01, 9.01702148e+02, 4.78429321e+02, 2.32623845e-01,
       0., 0., 0., 0., 0., 0., 0., 0., 0., 0., 0., 0., 0., 0., 0., 0.,
       0., 0. ]
