%YAML:1.0
---
pose_0: !!opencv-matrix
   rows: 1
   cols: 25
   dt: "3f"
   data: [ 9.40847229e+02, 3.47228821e+02, 6.92630470e-01,
       8.50770386e+02, 2.68911438e+02, 4.40142065e-01, 8.54688171e+02,
       2.59186707e+02, 7.21961021e-01, 7.39120178e+02, 3.06186859e+02,
       7.60583341e-01, 8.29244629e+02, 4.33457855e+02, 6.34974957e-01,
       8.42920959e+02, 3.00208221e+02, 1.64769635e-01, 7.27257019e+02,
       3.84504181e+02, 7.67657161e-01, 8.31167969e+02, 4.33436279e+02,
       4.67567384e-01, 5.74538879e+02, 2.78721069e+02, 2.71552861e-01,
       5.72554260e+02, 2.98300995e+02, 2.56821662e-01, 4.35410156e+02,
       3.35539307e+02, 1.88144103e-01, 3.33532349e+02, 3.19823212e+02,
       1.95422009e-01, 5.72600281e+02, 2.59077026e+02, 2.08764702e-01,
       4.27604584e+02, 3.08076660e+02, 8.45344365e-02, 0., 0., 0.,
       9.54590881e+02, 3.27688843e+02, 7.72568822e-01, 0., 0., 0.,
       9.35040649e+02, 2.78711945e+02, 8.33646417e-01, 0., 0., 0., 0.,
       0., 0., 0., 0., 0., 0., 0., 0., 3.06140259e+02, 3.37512756e+02,
       5.45398071e-02, 3.12011658e+02, 3.37414215e+02, 6.32674024e-02,
       0., 0., 0. ]
