%YAML:1.0
---
pose_0: !!opencv-matrix
   rows: 1
   cols: 25
   dt: "3f"
   data: [ 9.60465759e+02, 2.74763184e+02, 8.15080523e-01,
       8.29218384e+02, 2.86537140e+02, 6.18352473e-01, 8.23367554e+02,
       2.00332794e+02, 6.84566855e-01, 7.03856201e+02, 1.33750900e+02,
       7.92113662e-01, 6.68537109e+02, 1.80668396e+02, 8.14222217e-01,
       8.27258423e+02, 3.70804138e+02, 5.48360765e-01, 6.96013977e+02,
       4.31484314e+02, 7.99272478e-01, 5.82323425e+02, 4.86351471e+02,
       7.39600182e-01, 5.88241821e+02, 3.04146637e+02, 1.78850770e-01,
       5.76491821e+02, 2.55207458e+02, 2.77759820e-01, 3.72724060e+02,
       2.86556641e+02, 1.91743121e-01, 0., 0., 0., 6.17586914e+02,
       3.68814880e+02, 1.61771044e-01, 3.82498444e+02, 3.76632965e+02,
       1.68104440e-01, 0., 0., 0., 9.64434570e+02, 2.57099609e+02,
       8.58358741e-01, 9.72239441e+02, 2.90446106e+02, 7.45384037e-01,
       9.33005493e+02, 2.31676224e+02, 5.25137961e-01, 9.52617065e+02,
       3.19741699e+02, 1.47313729e-01, 0., 0., 0., 0., 0., 0., 0., 0.,
       0., 0., 0., 0., 0., 0., 0., 0., 0., 0. ]
