%YAML:1.0
---
pose_0: !!opencv-matrix
   rows: 1
   cols: 25
   dt: "3f"
   data: [ 9.33101807e+02, 2.88393829e+02, 7.73566186e-01,
       8.39033936e+02, 3.49176544e+02, 6.04070842e-01, 8.23284241e+02,
       3.12027039e+02, 3.60962272e-01, 0., 0., 0., 0., 0., 0.,
       8.50745605e+02, 3.84451569e+02, 6.36032522e-01, 7.17574158e+02,
       4.13933685e+02, 6.45519614e-01, 5.88213196e+02, 3.33558289e+02,
       7.64095306e-01, 5.84310364e+02, 3.78603912e+02, 9.41985995e-02,
       5.54925110e+02, 3.55108124e+02, 1.17831990e-01, 3.53158020e+02,
       2.84539368e+02, 4.55232829e-01, 1.84641251e+02, 3.06101318e+02,
       3.80079895e-01, 0., 0., 0., 0., 0., 0., 0., 0., 0.,
       9.46832764e+02, 2.80659790e+02, 6.62125945e-01, 9.50717957e+02,
       3.06066559e+02, 8.67955923e-01, 0., 0., 0., 9.36941406e+02,
       3.51266907e+02, 7.77116776e-01, 0., 0., 0., 0., 0., 0., 0., 0.,
       0., 1.67025177e+02, 3.21831970e+02, 9.24701318e-02,
       1.63088867e+02, 3.19768158e+02, 9.41215381e-02, 1.61167130e+02,
       3.08114227e+02, 2.55397916e-01 ]
