%YAML:1.0
---
pose_0: !!opencv-matrix
   rows: 1
   cols: 25
   dt: "3f"
   data: [ 8.99744812e+02, 4.13909363e+02, 8.32188666e-01,
       7.90066345e+02, 4.04074738e+02, 7.10210860e-01, 7.84148376e+02,
       3.33552734e+02, 6.84372783e-01, 7.39089600e+02, 3.00206421e+02,
       3.47888827e-01, 7.07767822e+02, 2.78684570e+02, 4.73627299e-01,
       7.90034424e+02, 4.82419189e+02, 5.85537136e-01, 6.78342957e+02,
       5.56960632e+02, 8.03088665e-01, 7.82201782e+02, 5.49020325e+02,
       7.00196981e-01, 5.58850159e+02, 3.98189758e+02, 2.46083319e-01,
       5.56890930e+02, 3.60967224e+02, 3.46632868e-01, 3.55135254e+02,
       3.76637390e+02, 2.28905201e-01, 0., 0., 0., 5.54929443e+02,
       4.45227417e+02, 1.81051403e-01, 3.55094604e+02, 4.84374878e+02,
       6.92894906e-02, 1.65085938e+02, 5.31421509e+02, 9.11185145e-02,
       9.05628479e+02, 3.90351807e+02, 8.16755891e-01, 9.13472168e+02,
       4.27554077e+02, 7.25609541e-01, 8.72290955e+02, 3.57075378e+02,
       7.54194915e-01, 8.68342834e+02, 4.29628326e+02, 1.89032555e-01,
       0., 0., 0., 0., 0., 0., 0., 0., 0., 0., 0., 0., 0., 0., 0., 0.,
       0., 0. ]
