%YAML:1.0
---
pose_0: !!opencv-matrix
   rows: 1
   cols: 25
   dt: "3f"
   data: [ 9.21301208e+02, 4.39321472e+02, 7.20590949e-01,
       8.23427490e+02, 4.41315186e+02, 6.91348910e-01, 8.17430542e+02,
       3.60960175e+02, 6.48632765e-01, 6.96049622e+02, 3.00263214e+02,
       8.17239523e-01, 5.86212463e+02, 3.33576721e+02, 8.05316389e-01,
       8.29217651e+02, 5.17687195e+02, 5.81857979e-01, 7.15603027e+02,
       5.90191162e+02, 7.08679438e-01, 6.45023560e+02, 5.70582336e+02,
       7.78447509e-01, 5.84328613e+02, 4.25641357e+02, 1.77165329e-01,
       5.80400330e+02, 3.86486572e+02, 2.54878163e-01, 4.06042358e+02,
       5.17686279e+02, 5.68942390e-02, 0., 0., 0., 5.78448364e+02,
       4.86368744e+02, 1.18520908e-01, 0., 0., 0., 0., 0., 0.,
       9.35073975e+02, 4.19764221e+02, 7.96351135e-01, 9.35024353e+02,
       4.60786163e+02, 7.70117283e-01, 9.17414185e+02, 3.98170074e+02,
       5.05371213e-01, 9.21301758e+02, 4.78497345e+02, 2.17373461e-01,
       0., 0., 0., 0., 0., 0., 0., 0., 0., 0., 0., 0., 0., 0., 0., 0.,
       0., 0. ]
