%YAML:1.0
---
pose_0: !!opencv-matrix
   rows: 1
   cols: 25
   dt: "3f"
   data: [ 8.99804199e+02, 3.37578857e+02, 8.68026912e-01,
       7.92046753e+02, 3.11973724e+02, 6.50304675e-01, 8.09660461e+02,
       2.57176483e+02, 6.92055047e-01, 7.29317810e+02, 1.82689255e+02,
       8.02818060e-01, 7.46967041e+02, 3.19855560e+02, 6.94870293e-01,
       7.64560730e+02, 3.59014923e+02, 4.57645833e-01, 6.60699280e+02,
       3.41402588e+02, 4.06580150e-01, 6.19629761e+02, 4.31496857e+02,
       7.14956284e-01, 5.64732971e+02, 3.19844543e+02, 2.23973677e-01,
       5.58849243e+02, 2.98290039e+02, 2.19550133e-01, 3.45300110e+02,
       3.66878418e+02, 2.42803037e-01, 1.59199844e+02, 3.11979889e+02,
       3.81908655e-01, 5.58872009e+02, 3.39434967e+02, 1.33742124e-01,
       3.80571960e+02, 4.27613007e+02, 1.35490179e-01, 3.23803772e+02,
       4.15907898e+02, 7.02564418e-02, 9.03642761e+02, 3.17843445e+02,
       8.32345843e-01, 9.15479248e+02, 3.43387604e+02, 8.05919170e-01,
       8.70411255e+02, 2.88384247e+02, 7.71242976e-01, 0., 0., 0., 0.,
       0., 0., 0., 0., 0., 0., 0., 0., 0., 0., 0., 0., 0., 0.,
       1.41557983e+02, 3.21781006e+02, 1.82133660e-01 ]
