%YAML:1.0
---
pose_0: !!opencv-matrix
   rows: 1
   cols: 25
   dt: "3f"
   data: [ 8.35108276e+02, 4.56994812e+02, 5.45974612e-01,
       8.48818970e+02, 5.23574219e+02, 1.50067762e-01, 8.23296387e+02,
       5.00066376e+02, 1.17232375e-01, 0., 0., 0., 0., 0., 0.,
       8.82112488e+02, 5.45157410e+02, 1.25154495e-01, 0., 0., 0., 0.,
       0., 0., 0., 0., 0., 0., 0., 0., 0., 0., 0., 0., 0., 0., 0., 0.,
       0., 0., 0., 0., 0., 0., 0., 8.39030334e+02, 4.33469604e+02,
       2.17173815e-01, 8.52649536e+02, 4.43270355e+02, 4.33849812e-01,
       0., 0., 0., 8.99794556e+02, 4.58884216e+02, 5.83458900e-01, 0.,
       0., 0., 0., 0., 0., 0., 0., 0., 0., 0., 0., 0., 0., 0., 0., 0.,
       0. ]
