%YAML:1.0
---
pose_0: !!opencv-matrix
   rows: 1
   cols: 25
   dt: "3f"
   data: [ 9.76096313e+02, 2.55151672e+02, 8.09941947e-01,
       8.40980530e+02, 2.74762909e+02, 5.96623957e-01, 8.33147949e+02,
       1.98392502e+02, 5.55888712e-01, 7.91999817e+02, 1.78754410e+02,
       5.04114807e-01, 7.13565735e+02, 1.55295685e+02, 7.63622046e-01,
       8.54639954e+02, 3.59005249e+02, 6.33340180e-01, 7.52806519e+02,
       4.60851013e+02, 7.96472251e-01, 8.21330688e+02, 3.43327026e+02,
       6.83846295e-01, 5.86284302e+02, 2.72825165e+02, 1.64117932e-01,
       5.76487122e+02, 2.35585251e+02, 1.99886248e-01, 3.37462860e+02,
       2.59121918e+02, 3.06835741e-01, 1.31787506e+02, 3.15927277e+02,
       1.38228700e-01, 6.01953186e+02, 3.19826447e+02, 1.37407109e-01,
       3.68767273e+02, 3.39444946e+02, 1.05465874e-01, 3.37459564e+02,
       3.31577606e+02, 6.13126010e-02, 9.78038757e+02, 2.29717728e+02,
       8.78540039e-01, 9.85963745e+02, 2.66942993e+02, 7.28720665e-01,
       9.38951050e+02, 2.10095932e+02, 4.72111881e-01, 9.72210022e+02,
       2.94342529e+02, 9.52528194e-02, 0., 0., 0., 0., 0., 0., 0., 0.,
       0., 7.69082794e+01, 3.49235382e+02, 1.24911942e-01,
       8.08314133e+01, 3.41391327e+02, 1.13873400e-01, 0., 0., 0. ]
