%YAML:1.0
---
pose_0: !!opencv-matrix
   rows: 1
   cols: 25
   dt: "3f"
   data: [ 8.99786133e+02, 4.68745422e+02, 8.35841596e-01,
       8.01754333e+02, 4.78509979e+02, 6.58942759e-01, 7.97884766e+02,
       4.04097961e+02, 6.84164226e-01, 7.44973755e+02, 3.39482941e+02,
       7.46301115e-01, 7.11662109e+02, 2.66955872e+02, 8.15911949e-01,
       7.92088928e+02, 5.52914917e+02, 6.64079726e-01, 6.97930725e+02,
       6.31275818e+02, 8.08251262e-01, 7.91944824e+02, 6.52950867e+02,
       7.10722566e-01, 5.80413757e+02, 4.84398712e+02, 3.03126663e-01,
       5.90185364e+02, 4.43278290e+02, 3.45109552e-01, 4.15828217e+02,
       4.43242676e+02, 1.76469550e-01, 2.00332001e+02, 4.17792480e+02,
       1.22484758e-01, 5.72545227e+02, 5.25542114e+02, 2.62773156e-01,
       4.00178101e+02, 5.41227356e+02, 1.39440253e-01, 1.80761139e+02,
       5.37282104e+02, 1.23660907e-01, 9.07572510e+02, 4.55047516e+02,
       8.09067130e-01, 9.13476379e+02, 4.86354370e+02, 7.91138530e-01,
       8.85968445e+02, 4.43251709e+02, 5.00513256e-01, 8.93855225e+02,
       5.09923523e+02, 5.40230393e-01, 1.29751007e+02, 5.72589478e+02,
       6.48403317e-02, 1.31782806e+02, 5.76467346e+02, 7.76967779e-02,
       1.57232620e+02, 5.23603333e+02, 7.93652460e-02, 0., 0., 0., 0.,
       0., 0., 1.94435471e+02, 4.17818665e+02, 1.47415861e-01 ]
