%YAML:1.0
---
pose_0: !!opencv-matrix
   rows: 1
   cols: 25
   dt: "3f"
   data: [ 8.84110046e+02, 3.21857483e+02, 8.08631599e-01,
       7.90097900e+02, 3.15877441e+02, 6.89401090e-01, 7.90040955e+02,
       2.35612427e+02, 6.80225015e-01, 6.70538025e+02, 1.80796707e+02,
       7.98274100e-01, 5.92166138e+02, 2.37525009e+02, 7.60244191e-01,
       7.89931641e+02, 3.90356567e+02, 6.18313849e-01, 6.82234436e+02,
       4.29603729e+02, 7.56738126e-01, 6.11779846e+02, 4.53040802e+02,
       7.56312490e-01, 5.45152710e+02, 3.21779388e+02, 2.44935870e-01,
       5.43172180e+02, 2.76765930e+02, 3.69470119e-01, 3.55126373e+02,
       3.00264893e+02, 3.90569955e-01, 1.76796982e+02, 3.21824432e+02,
       3.66727978e-01, 5.51024414e+02, 3.70788849e+02, 2.27829427e-01,
       3.78619904e+02, 3.78608124e+02, 1.82729185e-01, 1.65060852e+02,
       3.84465546e+02, 1.80546388e-01, 8.99737549e+02, 3.06084503e+02,
       8.66313815e-01, 8.99714722e+02, 3.37421875e+02, 8.04989338e-01,
       8.82066589e+02, 2.74820129e+02, 6.49118662e-01, 8.82117859e+02,
       3.53241638e+02, 9.37740281e-02, 1.12136086e+02, 4.21726563e+02,
       1.91810474e-01, 1.18035446e+02, 4.27550018e+02, 2.13941216e-01,
       1.23929977e+02, 3.98217926e+02, 8.74161348e-02, 1.33725052e+02,
       2.84565216e+02, 2.40925938e-01, 1.39587448e+02, 2.82623718e+02,
       2.06184402e-01, 0., 0., 0. ]
