%YAML:1.0
---
pose_0: !!opencv-matrix
   rows: 1
   cols: 25
   dt: "3f"
   data: [ 8.97763611e+02, 3.96189636e+02, 7.96348453e-01,
       8.05727539e+02, 3.88438354e+02, 4.89767730e-01, 8.31146484e+02,
       3.15908447e+02, 5.40364146e-01, 8.42930237e+02, 2.70818329e+02,
       2.56872892e-01, 0., 0., 0., 7.76276550e+02, 4.60937439e+02,
       4.61566716e-01, 6.72508240e+02, 4.98087860e+02, 5.86926520e-01,
       5.15773376e+02, 5.37250977e+02, 4.90877718e-01, 5.47109741e+02,
       3.80576935e+02, 1.48672283e-01, 5.58842468e+02, 3.51194977e+02,
       1.91289186e-01, 3.35527771e+02, 2.59100494e+02, 2.31015325e-01,
       0., 0., 0., 5.58863892e+02, 4.37373779e+02, 9.83331576e-02, 0.,
       0., 0., 0., 0., 0., 9.03642151e+02, 3.72745575e+02,
       8.22549462e-01, 9.09558594e+02, 4.09919983e+02, 7.43266821e-01,
       8.86059753e+02, 3.47250763e+02, 6.06267214e-01, 8.91867798e+02,
       4.29555664e+02, 1.47751480e-01, 0., 0., 0., 0., 0., 0., 0., 0.,
       0., 0., 0., 0., 0., 0., 0., 0., 0., 0. ]
