%YAML:1.0
---
pose_0: !!opencv-matrix
   rows: 1
   cols: 25
   dt: "3f"
   data: [ 1.08191284e+03, 2.88536072e+02, 7.25481153e-01,
       8.74281250e+02, 2.35604950e+02, 1.49896204e-01, 8.19421265e+02,
       1.53305206e+02, 5.06984442e-02, 0., 0., 0., 0., 0., 0.,
       9.15420288e+02, 3.37482727e+02, 4.13548052e-01, 9.21269958e+02,
       5.09864197e+02, 7.43735671e-01, 1.06233228e+03, 4.66785431e+02,
       7.35479951e-01, 0., 0., 0., 0., 0., 0., 0., 0., 0., 0., 0., 0.,
       0., 0., 0., 0., 0., 0., 0., 0., 0., 1.10737646e+03,
       2.55162170e+02, 7.56435096e-01, 1.10543372e+03, 3.04138916e+02,
       3.60540450e-01, 1.06429468e+03, 1.94378464e+02, 5.27942181e-01,
       0., 0., 0., 0., 0., 0., 0., 0., 0., 0., 0., 0., 0., 0., 0., 0.,
       0., 0., 0., 0., 0. ]
