%YAML:1.0
---
pose_0: !!opencv-matrix
   rows: 1
   cols: 25
   dt: "3f"
   data: [ 8.68326782e+02, 1.37688034e+02, 7.97135472e-01,
       7.74276062e+02, 1.14086853e+02, 6.91096187e-01, 7.60599548e+02,
       3.97024040e+01, 6.34361684e-01, 0., 0., 0., 0., 0., 0.,
       7.87997620e+02, 1.82686508e+02, 6.18560255e-01, 7.88019226e+02,
       2.86536835e+02, 7.16371059e-01, 8.35112244e+02, 3.88412598e+02,
       7.84435570e-01, 5.45162903e+02, 1.31788467e+02, 2.75253534e-01,
       5.45130005e+02, 8.86772156e+01, 3.51219863e-01, 3.53140411e+02,
       1.10234314e+02, 1.16433799e-01, 0., 0., 0., 5.49036316e+02,
       1.82726196e+02, 2.94865727e-01, 3.25724274e+02, 2.10090851e+02,
       3.10433447e-01, 1.59196167e+02, 2.23866379e+02, 2.48772353e-01,
       8.80108093e+02, 1.18043732e+02, 7.95039892e-01, 8.82138184e+02,
       1.45429871e+02, 8.17156017e-01, 8.54727722e+02, 7.68703384e+01,
       8.28396440e-01, 0., 0., 0., 0., 0., 0., 0., 0., 0.,
       1.20012024e+02, 2.10073868e+02, 8.03178698e-02, 0., 0., 0., 0.,
       0., 0., 0., 0., 0. ]
