%YAML:1.0
---
pose_0: !!opencv-matrix
   rows: 1
   cols: 25
   dt: "3f"
   data: [ 9.89829834e+02, 2.49305511e+02, 7.00224936e-01,
       8.48762695e+02, 2.64972137e+02, 5.71284235e-01, 8.41016663e+02,
       1.69007996e+02, 6.42221868e-01, 6.99950623e+02, 1.33714294e+02,
       7.31754065e-01, 6.09809204e+02, 1.51330017e+02, 7.74921775e-01,
       8.54687927e+02, 3.58989349e+02, 5.50894976e-01, 7.13690857e+02,
       4.49191162e+02, 5.82721531e-01, 7.91926514e+02, 2.96302734e+02,
       7.25548029e-01, 5.27501953e+02, 2.76727142e+02, 1.42764106e-01,
       5.25539246e+02, 2.39471970e+02, 2.60115325e-01, 3.21806274e+02,
       2.41441727e+02, 2.04150364e-01, 1.78828049e+02, 2.72869781e+02,
       3.19767356e-01, 4.98131958e+02, 3.47253693e+02, 1.26922175e-01,
       3.25699371e+02, 3.35478729e+02, 3.08249712e-01, 1.16091751e+02,
       3.45324188e+02, 3.36610109e-01, 9.97692444e+02, 2.25750977e+02,
       8.09232235e-01, 9.97740845e+02, 2.70850159e+02, 7.66060472e-01,
       9.72227539e+02, 1.96429916e+02, 3.59630853e-01, 9.80085266e+02,
       2.94357574e+02, 7.91813359e-02, 5.14538765e+01, 3.41393646e+02,
       1.56640187e-01, 6.12135391e+01, 3.53176880e+02, 1.49105132e-01,
       1.02330582e+02, 3.49211243e+02, 1.45383820e-01, 8.08290710e+01,
       2.14055786e+02, 1.52127773e-01, 8.28036270e+01, 2.12170013e+02,
       1.37709573e-01, 0., 0., 0. ]
