%YAML:1.0
---
pose_0: !!opencv-matrix
   rows: 1
   cols: 25
   dt: "3f"
   data: [ 9.50735901e+02, 1.96512985e+02, 7.62954235e-01,
       8.52677124e+02, 2.88493317e+02, 5.94673276e-01, 8.23323120e+02,
       2.45437775e+02, 3.90925825e-01, 7.11665955e+02, 2.53199295e+02,
       2.42499754e-01, 6.48892517e+02, 2.12086456e+02, 6.91673815e-01,
       8.76259583e+02, 3.35533691e+02, 6.04344606e-01, 7.60604248e+02,
       4.25641144e+02, 7.57762790e-01, 6.50954163e+02, 2.90438782e+02,
       6.43578947e-01, 5.98018372e+02, 3.21810394e+02, 1.36347771e-01,
       5.84325439e+02, 2.92421936e+02, 8.17181543e-02, 2.84576385e+02,
       3.51212036e+02, 8.31686258e-02, 0., 0., 0., 5.96082764e+02,
       3.59001556e+02, 1.44329980e-01, 2.90482483e+02, 3.51136658e+02,
       5.17908707e-02, 0., 0., 0., 9.70278381e+02, 2.06163605e+02,
       1.30266815e-01, 9.68330017e+02, 2.12165375e+02, 8.00590932e-01,
       0., 0., 0., 9.60420227e+02, 2.72886597e+02, 8.53779614e-01, 0.,
       0., 0., 0., 0., 0., 0., 0., 0., 0., 0., 0., 0., 0., 0., 0., 0.,
       0. ]
