%YAML:1.0
---
pose_0: !!opencv-matrix
   rows: 1
   cols: 25
   dt: "3f"
   data: [ 9.35010620e+02, 2.53202286e+02, 7.81762004e-01,
       8.23286682e+02, 3.02161804e+02, 6.43560886e-01, 8.03740173e+02,
       2.49289459e+02, 4.25403476e-01, 0., 0., 0., 0., 0., 0.,
       8.29185974e+02, 3.49228516e+02, 6.04578137e-01, 7.09696655e+02,
       3.82544250e+02, 7.03369379e-01, 5.54983521e+02, 3.53113342e+02,
       7.91204453e-01, 5.54924316e+02, 3.13959229e+02, 2.02350348e-01,
       5.41219421e+02, 2.76765503e+02, 3.03640604e-01, 3.35483337e+02,
       2.63052460e+02, 2.47157544e-01, 0., 0., 0., 5.41216919e+02,
       3.80532562e+02, 1.99623793e-01, 3.41396210e+02, 4.41312134e+02,
       3.59726578e-01, 1.53299942e+02, 4.92201111e+02, 4.08499360e-01,
       9.44824097e+02, 2.41490509e+02, 8.34406734e-01, 9.50675110e+02,
       2.68906006e+02, 8.16906393e-01, 9.11482483e+02, 2.37574478e+02,
       1.41249120e-01, 9.27190796e+02, 3.08054382e+02, 7.04499185e-01,
       7.88837738e+01, 4.76573517e+02, 1.11245058e-01, 8.86812744e+01,
       4.88315277e+02, 1.38564721e-01, 1.43495712e+02, 4.98118988e+02,
       2.41028607e-01, 0., 0., 0., 0., 0., 0., 0., 0., 0. ]
