%YAML:1.0
---
pose_0: !!opencv-matrix
   rows: 2
   cols: 25
   dt: "3f"
   data: [ 9.83962708e+02, 2.06227936e+02, 7.37890005e-01,
       8.66406616e+02, 2.43453537e+02, 4.14755732e-01, 8.25312073e+02,
       1.49372238e+02, 2.66907543e-01, 0., 0., 0., 0., 0., 0.,
       8.74273254e+02, 3.19872406e+02, 5.14692664e-01, 7.60732666e+02,
       4.51107727e+02, 7.31296062e-01, 7.78248596e+02, 3.19868866e+02,
       7.26231754e-01, 5.43183228e+02, 3.13980377e+02, 1.36650011e-01,
       5.31423706e+02, 2.92402954e+02, 1.12809114e-01, 3.00260040e+02,
       3.12006134e+02, 1.56110778e-01, 1.69014359e+02, 3.10039276e+02,
       3.30142617e-01, 5.49067932e+02, 3.31593842e+02, 1.43437281e-01,
       4.15816925e+02, 3.19849579e+02, 1.22863896e-01, 1.68962982e+02,
       3.08103058e+02, 2.00280249e-01, 9.95667847e+02, 1.76804916e+02,
       7.79838026e-01, 1.00553369e+03, 2.25712280e+02, 7.53368855e-01,
       9.60462585e+02, 1.41534088e+02, 3.47165346e-01, 9.82080261e+02,
       2.55196609e+02, 1.15795627e-01, 0., 0., 0., 0., 0., 0.,
       1.49423294e+02, 2.90499176e+02, 9.09866914e-02, 1.14107437e+02,
       3.35546112e+02, 7.81689957e-02, 1.12152245e+02, 3.33519623e+02,
       6.92101866e-02, 1.59173401e+02, 3.04112061e+02, 1.71019599e-01,
       6.80272156e+02, 1.47490845e+02, 4.67527986e-01, 6.48903015e+02,
       1.90499069e+02, 2.38070667e-01, 5.96045959e+02, 1.55259796e+02,
       2.18196049e-01, 0., 0., 0., 0., 0., 0., 6.97980225e+02,
       2.14051605e+02, 1.48450792e-01, 0., 0., 0., 0., 0., 0., 0., 0.,
       0., 0., 0., 0., 0., 0., 0., 0., 0., 0., 0., 0., 0., 0., 0., 0.,
       0., 0., 0., 6.68599121e+02, 1.33685364e+02, 4.49530303e-01,
       6.92040222e+02, 1.41559631e+02, 4.73431081e-01, 6.48935059e+02,
       1.33701263e+02, 4.06454414e-01, 7.03815918e+02, 1.53337402e+02,
       2.09887475e-01, 0., 0., 0., 0., 0., 0., 0., 0., 0., 0., 0., 0.,
       0., 0., 0., 0., 0., 0. ]
