%YAML:1.0
---
pose_0: !!opencv-matrix
   rows: 1
   cols: 25
   dt: "3f"
   data: [ 8.82078796e+02, 2.16008942e+02, 6.90860450e-01,
       7.84116455e+02, 2.31687469e+02, 6.76458001e-01, 7.74266479e+02,
       1.51319382e+02, 7.31716812e-01, 6.50947937e+02, 1.12199562e+02,
       7.65448093e-01, 5.54998779e+02, 1.10236725e+02, 8.19221675e-01,
       7.94012024e+02, 3.12011688e+02, 6.67669892e-01, 7.11734741e+02,
       3.98199219e+02, 8.73772800e-01, 6.60748779e+02, 3.17811920e+02,
       8.02127242e-01, 5.33376709e+02, 2.61051971e+02, 2.88451016e-01,
       5.37294067e+02, 2.14024963e+02, 3.22678119e-01, 3.66883606e+02,
       2.25755447e+02, 5.60214221e-01, 1.51357681e+02, 2.41467651e+02,
       2.15993017e-01, 5.31423706e+02, 3.06084137e+02, 2.04708621e-01,
       3.68803711e+02, 3.13947723e+02, 1.72420979e-01, 1.45475769e+02,
       2.39480423e+02, 1.87067389e-01, 8.88031738e+02, 1.98418106e+02,
       8.05988491e-01, 8.95842468e+02, 2.31713333e+02, 7.27380931e-01,
       8.68310730e+02, 1.80762299e+02, 6.43475652e-01, 8.84049438e+02,
       2.57115936e+02, 7.01628745e-01, 1.12169678e+02, 2.74736145e+02,
       5.21509647e-02, 0., 0., 0., 1.29774292e+02, 2.37548615e+02,
       1.46599799e-01, 0., 0., 0., 0., 0., 0., 0., 0., 0. ]
