%YAML:1.0
---
pose_0: !!opencv-matrix
   rows: 1
   cols: 25
   dt: "3f"
   data: [ 9.48720642e+02, 2.88540863e+02, 7.40929663e-01,
       8.42954346e+02, 2.70804260e+02, 6.00915074e-01, 8.36976501e+02,
       1.86605774e+02, 6.38184011e-01, 7.03847351e+02, 1.20022362e+02,
       7.46659100e-01, 6.37260742e+02, 1.92421173e+02, 7.88758039e-01,
       8.44857544e+02, 3.59037231e+02, 5.28806865e-01, 7.72380371e+02,
       4.02125092e+02, 1.41535163e-01, 7.27345093e+02, 4.00146667e+02,
       1.53778434e-01, 6.25458008e+02, 3.08070618e+02, 1.69130266e-01,
       6.01970703e+02, 2.55158340e+02, 2.19097704e-01, 3.64920349e+02,
       2.80654938e+02, 1.14596970e-01, 0., 0., 0., 6.52887878e+02,
       3.57085632e+02, 1.72541723e-01, 0., 0., 0., 0., 0., 0.,
       9.74132751e+02, 2.59180481e+02, 6.96155131e-01, 9.66343994e+02,
       3.06050110e+02, 8.09880555e-01, 9.62378174e+02, 2.27737717e+02,
       4.64613497e-01, 0., 0., 0., 0., 0., 0., 0., 0., 0., 0., 0., 0.,
       0., 0., 0., 0., 0., 0., 0., 0., 0. ]
