%YAML:1.0
---
pose_0: !!opencv-matrix
   rows: 1
   cols: 25
   dt: "3f"
   data: [ 8.68452209e+02, 2.00316620e+02, 7.65654683e-01,
       8.09617310e+02, 2.74769562e+02, 5.68307996e-01, 8.21321472e+02,
       2.78690826e+02, 3.74863446e-01, 7.25358337e+02, 2.63034607e+02,
       1.21489808e-01, 6.70538025e+02, 1.68961746e+02, 1.29820451e-01,
       8.09626770e+02, 2.72812653e+02, 5.66532969e-01, 6.97936035e+02,
       2.45400940e+02, 6.16524398e-01, 6.78293274e+02, 1.74814713e+02,
       7.26733506e-01, 5.25578552e+02, 3.23787048e+02, 3.36801171e-01,
       5.33372131e+02, 2.90486145e+02, 3.39690864e-01, 3.45321991e+02,
       2.86527710e+02, 1.58870801e-01, 0., 0., 0., 5.23624817e+02,
       3.58995911e+02, 3.12223196e-01, 3.27682526e+02, 2.92457428e+02,
       3.57537001e-01, 1.08264313e+02, 3.82533875e+02, 3.76033336e-01,
       8.86034912e+02, 2.04236603e+02, 2.16002002e-01, 8.85987793e+02,
       2.12076401e+02, 8.84446740e-01, 0., 0., 0., 8.80131897e+02,
       2.63072418e+02, 7.88980603e-01, 9.84141006e+01, 4.13855408e+02,
       6.08923957e-02, 0., 0., 0., 8.47292404e+01, 3.96221161e+02,
       3.34147125e-01, 0., 0., 0., 0., 0., 0., 0., 0., 0. ]
