%YAML:1.0
---
pose_0: !!opencv-matrix
   rows: 1
   cols: 25
   dt: "3f"
   data: [ 8.86030396e+02, 1.61106018e+02, 8.04704428e-01,
       7.88041870e+02, 1.80803391e+02, 7.05081046e-01, 7.74363220e+02,
       1.02438797e+02, 7.25072801e-01, 6.60746155e+02, 6.70325623e+01,
       7.34996617e-01, 6.03994385e+02, 7.11089478e+01, 8.41713965e-01,
       7.95950928e+02, 2.59125824e+02, 6.62699163e-01, 6.80383850e+02,
       3.06087036e+02, 8.12752485e-01, 5.52915527e+02, 3.37404510e+02,
       8.06152701e-01, 5.00085510e+02, 2.27761581e+02, 1.24870069e-01,
       4.98129669e+02, 1.72907288e+02, 1.21033274e-01, 3.19851593e+02,
       2.59079529e+02, 2.39739999e-01, 1.80760880e+02, 3.23725708e+02,
       4.49380428e-01, 5.15739807e+02, 2.68897400e+02, 1.39608651e-01,
       3.27692993e+02, 2.59092987e+02, 2.05774099e-01, 1.84635315e+02,
       3.21759277e+02, 1.24476261e-01, 8.95840759e+02, 1.43497147e+02,
       7.68675447e-01, 8.99800964e+02, 1.78675690e+02, 8.40555191e-01,
       8.68429321e+02, 1.25882568e+02, 3.58442366e-01, 8.93856140e+02,
       2.02270081e+02, 4.80794132e-01, 1.21956001e+02, 3.72740662e+02,
       6.96144104e-02, 0., 0., 0., 0., 0., 0., 1.33743546e+02,
       3.70768341e+02, 2.63074845e-01, 1.33691315e+02, 3.62940674e+02,
       2.45930970e-01, 1.65060913e+02, 3.21756409e+02, 2.46481851e-01 ]
