%YAML:1.0
---
pose_0: !!opencv-matrix
   rows: 1
   cols: 25
   dt: "3f"
   data: [ 9.91847656e+02, 2.29758759e+02, 8.04238617e-01,
       8.62525208e+02, 2.49306885e+02, 5.69109917e-01, 8.48758789e+02,
       1.67011963e+02, 5.36547065e-01, 7.90034485e+02, 1.49413132e+02,
       4.35482472e-01, 7.21469299e+02, 1.23912720e+02, 6.31052315e-01,
       8.70380066e+02, 3.37498993e+02, 5.94987094e-01, 7.74396118e+02,
       4.62844025e+02, 7.46892393e-01, 8.38981323e+02, 3.33507111e+02,
       7.84222782e-01, 6.48951538e+02, 2.61056702e+02, 1.79953098e-01,
       6.19620605e+02, 2.49317963e+02, 2.03339785e-01, 5.41202820e+02,
       3.57062317e+02, 6.94163814e-02, 3.23797638e+02, 3.35558868e+02,
       5.01576774e-02, 6.78368896e+02, 2.47351151e+02, 6.85024783e-02,
       0., 0., 0., 0., 0., 0., 9.93712402e+02, 2.04281723e+02,
       8.67474258e-01, 1.00748962e+03, 2.43451660e+02, 7.55259514e-01,
       9.48763855e+02, 1.80768494e+02, 6.37638390e-01, 9.89868469e+02,
       2.72785461e+02, 9.52421203e-02, 0., 0., 0., 0., 0., 0., 0., 0.,
       0., 0., 0., 0., 0., 0., 0., 0., 0., 0. ]
