%YAML:1.0
---
pose_0: !!opencv-matrix
   rows: 1
   cols: 25
   dt: "3f"
   data: [ 9.07547607e+02, 3.62955353e+02, 7.65608907e-01,
       8.27269714e+02, 3.04165253e+02, 4.32582498e-01, 8.31155945e+02,
       2.90526306e+02, 6.89797878e-01, 7.27338684e+02, 2.80669495e+02,
       7.28014588e-01, 6.62698181e+02, 4.27551056e+02, 7.15765417e-01,
       8.29213745e+02, 3.19824951e+02, 2.26793215e-01, 0., 0., 0., 0.,
       0., 0., 5.58853638e+02, 2.76741699e+02, 1.67447358e-01,
       5.45155273e+02, 2.72789459e+02, 2.16502279e-01, 3.84490021e+02,
       3.19827484e+02, 7.87073895e-02, 0., 0., 0., 0., 0., 0., 0., 0.,
       0., 0., 0., 0., 9.19403564e+02, 3.37477997e+02, 7.89503574e-01,
       9.23270752e+02, 3.66830566e+02, 7.78067350e-01, 8.99785095e+02,
       2.98254089e+02, 8.26738596e-01, 0., 0., 0., 0., 0., 0., 0., 0.,
       0., 0., 0., 0., 0., 0., 0., 0., 0., 0., 0., 0., 0. ]
