%YAML:1.0
---
pose_0: !!opencv-matrix
   rows: 1
   cols: 25
   dt: "3f"
   data: [ 9.01624023e+02, 2.12164825e+02, 8.57891917e-01,
       7.91981140e+02, 2.27786316e+02, 7.18764126e-01, 7.78268616e+02,
       1.49386902e+02, 7.15645313e-01, 6.54869812e+02, 1.17998779e+02,
       8.33352745e-01, 5.72591980e+02, 1.49346512e+02, 8.53061259e-01,
       8.03716736e+02, 3.13928040e+02, 6.75297916e-01, 6.82313782e+02,
       3.68765625e+02, 7.85595715e-01, 5.94110291e+02, 3.35436523e+02,
       7.96766162e-01, 5.56897339e+02, 2.47342163e+02, 2.01062784e-01,
       5.51011658e+02, 2.02285797e+02, 2.98627555e-01, 3.37482727e+02,
       2.27778122e+02, 1.75245553e-01, 0., 0., 0., 5.72563477e+02,
       2.96339081e+02, 1.53125048e-01, 3.41409454e+02, 2.29717300e+02,
       6.64649904e-02, 0., 0., 0., 9.13386536e+02, 1.94419983e+02,
       8.79327655e-01, 9.15383972e+02, 2.27782333e+02, 8.54706109e-01,
       8.84091553e+02, 1.70936005e+02, 6.92929327e-01, 8.99764160e+02,
       2.51304977e+02, 2.64025927e-01, 0., 0., 0., 0., 0., 0., 0., 0.,
       0., 0., 0., 0., 0., 0., 0., 0., 0., 0. ]
