%YAML:1.0
---
pose_0: !!opencv-matrix
   rows: 1
   cols: 25
   dt: "3f"
   data: [ 9.15327454e+02, 3.68913300e+02, 8.30891788e-01,
       8.03688416e+02, 3.68771210e+02, 6.17341280e-01, 8.09628662e+02,
       2.92407410e+02, 5.83923817e-01, 8.35063293e+02, 2.25725800e+02,
       3.11513305e-01, 9.58511414e+02, 1.41546860e+02, 2.12553486e-01,
       7.92044495e+02, 4.56951385e+02, 6.13029063e-01, 6.90110657e+02,
       4.92208588e+02, 6.57119155e-01, 5.56890259e+02, 4.70707001e+02,
       7.56978095e-01, 5.84321594e+02, 3.39418884e+02, 1.30186856e-01,
       5.86299072e+02, 3.06126831e+02, 1.62886351e-01, 0., 0., 0., 0.,
       0., 0., 5.66691589e+02, 3.94286255e+02, 8.83623585e-02, 0., 0.,
       0., 0., 0., 0., 9.19370239e+02, 3.49163452e+02, 8.37077320e-01,
       9.30997864e+02, 3.82514557e+02, 8.66594434e-01, 8.95831848e+02,
       3.21873810e+02, 6.46659493e-01, 9.07593811e+02, 3.98132233e+02,
       1.53235868e-01, 0., 0., 0., 0., 0., 0., 0., 0., 0., 0., 0., 0.,
       0., 0., 0., 0., 0., 0. ]
