%YAML:1.0
---
pose_0: !!opencv-matrix
   rows: 1
   cols: 25
   dt: "3f"
   data: [ 9.33015442e+02, 2.41360062e+02, 8.08946311e-01,
       8.23272888e+02, 2.90486053e+02, 6.67484522e-01, 8.05641541e+02,
       2.41453522e+02, 3.86262089e-01, 0., 0., 0., 0., 0., 0.,
       8.25351868e+02, 3.49161530e+02, 6.02905214e-01, 6.99962341e+02,
       3.80518402e+02, 7.29523182e-01, 5.52941040e+02, 3.55122711e+02,
       7.54128873e-01, 5.21612915e+02, 3.04104614e+02, 3.34933281e-01,
       5.11812225e+02, 2.68864502e+02, 4.40554500e-01, 3.15912415e+02,
       2.45392334e+02, 3.16870302e-01, 0., 0., 0., 5.23615601e+02,
       3.43373230e+02, 3.05553615e-01, 3.51179749e+02, 4.27534088e+02,
       5.05798459e-01, 1.53305008e+02, 4.92219635e+02, 4.31415051e-01,
       9.38961609e+02, 2.27733536e+02, 7.67995834e-01, 9.48688538e+02,
       2.57084290e+02, 8.68620515e-01, 9.11502136e+02, 2.23763855e+02,
       9.15024355e-02, 9.27166992e+02, 3.02179077e+02, 7.54187465e-01,
       0., 0., 0., 0., 0., 0., 1.43474854e+02, 4.94196960e+02,
       2.55742013e-01, 0., 0., 0., 0., 0., 0., 0., 0., 0. ]
