%YAML:1.0
---
pose_0: !!opencv-matrix
   rows: 1
   cols: 25
   dt: "3f"
   data: [ 8.82075378e+02, 2.59120239e+02, 7.77821898e-01,
       8.05750610e+02, 2.43409134e+02, 5.91237545e-01, 8.17438538e+02,
       1.88595795e+02, 5.44785142e-01, 7.74411499e+02, 1.61161194e+02,
       8.20018709e-01, 7.82195068e+02, 3.06230316e+02, 7.80081630e-01,
       7.84121155e+02, 2.94371887e+02, 3.80521387e-01, 6.82208679e+02,
       3.45299957e+02, 7.57004201e-01, 5.84335815e+02, 3.78589417e+02,
       7.73094296e-01, 6.15641602e+02, 2.55162643e+02, 1.06891401e-01,
       6.00002014e+02, 2.37543091e+02, 1.19702429e-01, 3.35513306e+02,
       3.47293213e+02, 2.31211185e-01, 1.61130783e+02, 3.66826965e+02,
       3.73282462e-01, 5.88249817e+02, 3.19798584e+02, 8.28705281e-02,
       3.49223450e+02, 3.49180664e+02, 1.62031338e-01, 1.53324707e+02,
       3.62943481e+02, 3.33815128e-01, 8.93863892e+02, 2.41396973e+02,
       7.77622700e-01, 8.88045837e+02, 2.72780518e+02, 7.91021347e-01,
       8.84061951e+02, 2.12097672e+02, 6.65924668e-01, 8.82081909e+02,
       2.90426483e+02, 1.20260574e-01, 1.27840324e+02, 4.25618042e+02,
       1.71257704e-01, 1.27845673e+02, 4.23663513e+02, 1.52112201e-01,
       1.31699310e+02, 3.49211304e+02, 2.70583689e-01, 1.29784088e+02,
       4.11921417e+02, 1.05454333e-01, 0., 0., 0., 1.35659012e+02,
       3.53174438e+02, 2.79093355e-01 ]
