%YAML:1.0
---
pose_0: !!opencv-matrix
   rows: 1
   cols: 25
   dt: "3f"
   data: [ 1.19746289e+03, 2.29771652e+02, 7.64752388e-01,
       1.04667651e+03, 2.27754349e+02, 2.38251492e-01, 1.04074243e+03,
       1.33687820e+02, 3.87119204e-01, 1.01143048e+03, 6.51421585e+01,
       1.00360297e-01, 0., 0., 0., 1.04275659e+03, 3.10052063e+02,
       1.09680034e-01, 8.72325867e+02, 4.98093689e+02, 5.34838200e-01,
       9.82023499e+02, 3.84571167e+02, 5.85626185e-01, 0., 0., 0., 0.,
       0., 0., 0., 0., 0., 0., 0., 0., 0., 0., 0., 0., 0., 0., 0., 0.,
       0., 1.21309424e+03, 1.96343918e+02, 8.58397663e-01,
       1.21319153e+03, 2.51262558e+02, 6.27437174e-01, 1.16226404e+03,
       1.49474136e+02, 6.66438937e-01, 0., 0., 0., 0., 0., 0., 0., 0.,
       0., 0., 0., 0., 0., 0., 0., 0., 0., 0., 0., 0., 0. ]
