%YAML:1.0
---
pose_0: !!opencv-matrix
   rows: 1
   cols: 25
   dt: "3f"
   data: [ 8.99793579e+02, 3.68853058e+02, 8.59339774e-01,
       8.21349670e+02, 3.68789673e+02, 4.89412844e-01, 8.46812561e+02,
       2.92394348e+02, 5.30315816e-01, 8.58596619e+02, 2.57220795e+02,
       8.49755704e-02, 0., 0., 0., 7.86110657e+02, 4.21710846e+02,
       3.16525459e-01, 6.68624939e+02, 4.72670746e+02, 5.34096479e-01,
       5.54884949e+02, 5.11806305e+02, 5.08810103e-01, 5.45145996e+02,
       3.64901337e+02, 1.43476874e-01, 5.56905273e+02, 3.35497101e+02,
       1.84866294e-01, 3.51223358e+02, 2.51270782e+02, 1.50055453e-01,
       0., 0., 0., 5.37296936e+02, 4.06045624e+02, 1.04772009e-01,
       3.88420349e+02, 4.86384277e+02, 1.05156302e-01, 0., 0., 0.,
       9.11451111e+02, 3.53072266e+02, 8.61074328e-01, 9.15461792e+02,
       3.84480835e+02, 7.81451762e-01, 8.88020813e+02, 3.23787567e+02,
       6.33779883e-01, 9.01698914e+02, 4.13858826e+02, 2.35404730e-01,
       0., 0., 0., 0., 0., 0., 0., 0., 0., 0., 0., 0., 0., 0., 0., 0.,
       0., 0. ]
