%YAML:1.0
---
pose_0: !!opencv-matrix
   rows: 1
   cols: 25
   dt: "3f"
   data: [ 8.84046265e+02, 3.64906891e+02, 8.04687977e-01,
       7.78243225e+02, 3.68812592e+02, 7.38414943e-01, 7.64537781e+02,
       2.92465912e+02, 6.63227797e-01, 6.50904907e+02, 2.37586212e+02,
       7.95097470e-01, 7.35205444e+02, 2.53193146e+02, 7.79987991e-01,
       7.89945251e+02, 4.45275146e+02, 6.24928832e-01, 6.80222412e+02,
       5.25471191e+02, 8.29771519e-01, 7.80209351e+02, 5.07848755e+02,
       7.86822438e-01, 5.15766296e+02, 4.08003204e+02, 2.78866380e-01,
       5.13776794e+02, 3.55132202e+02, 3.80087346e-01, 3.51158966e+02,
       3.66813538e+02, 4.35763478e-01, 1.61107941e+02, 3.55069702e+02,
       3.42365026e-01, 5.25558594e+02, 4.56946289e+02, 4.02216554e-01,
       3.49234497e+02, 4.92285370e+02, 4.38689828e-01, 1.78774765e+02,
       5.39283630e+02, 4.35672551e-01, 8.95825684e+02, 3.39486816e+02,
       8.11252475e-01, 8.97770996e+02, 3.80606659e+02, 7.73694158e-01,
       8.68439087e+02, 3.19837402e+02, 6.74727380e-01, 8.72337524e+02,
       3.98235077e+02, 2.94175744e-01, 1.25850258e+02, 5.72563538e+02,
       3.40009123e-01, 1.33706665e+02, 5.74515686e+02, 4.01643753e-01,
       1.53327545e+02, 5.27529419e+02, 1.79625034e-01, 0., 0., 0., 0.,
       0., 0., 0., 0., 0. ]
