%YAML:1.0
---
pose_0: !!opencv-matrix
   rows: 1
   cols: 25
   dt: "3f"
   data: [ 9.05598816e+02, 4.15876587e+02, 7.56993890e-01,
       8.21346008e+02, 4.62792572e+02, 7.76150584e-01, 7.92043030e+02,
       4.15809875e+02, 6.98960364e-01, 7.46906494e+02, 3.94266510e+02,
       4.00447994e-01, 6.95989319e+02, 2.82615356e+02, 4.00437832e-01,
       8.39068237e+02, 5.15737244e+02, 6.84094012e-01, 7.74391785e+02,
       4.58930786e+02, 2.23276615e-01, 0., 0., 0., 5.56858276e+02,
       4.94220856e+02, 1.53083175e-01, 5.68653259e+02, 4.66795227e+02,
       1.53352141e-01, 3.80543121e+02, 3.68852539e+02, 5.48490524e-01,
       1.78785538e+02, 4.29532288e+02, 3.03376853e-01, 5.45128296e+02,
       5.33371399e+02, 1.22776024e-01, 5.13813232e+02, 4.04100739e+02,
       1.28270358e-01, 0., 0., 0., 9.15463135e+02, 4.04073029e+02,
       8.41196060e-01, 9.27125366e+02, 4.33498505e+02, 8.27988863e-01,
       8.99709839e+02, 3.98230164e+02, 8.63865912e-02, 9.15406799e+02,
       4.76458618e+02, 7.78903365e-01, 0., 0., 0., 0., 0., 0., 0., 0.,
       0., 1.43481384e+02, 3.84487885e+02, 1.53749630e-01,
       1.45460114e+02, 3.86424805e+02, 1.20726205e-01, 1.63088974e+02,
       4.45240723e+02, 2.55352676e-01 ]
