%YAML:1.0
---
pose_0: !!opencv-matrix
   rows: 1
   cols: 25
   dt: "3f"
   data: [ 9.01721252e+02, 1.78710892e+02, 7.81783342e-01,
       8.44887085e+02, 2.57127625e+02, 4.89013255e-01, 8.56619629e+02,
       2.55198486e+02, 2.58524120e-01, 0., 0., 0., 0., 0., 0.,
       8.52698914e+02, 2.64956268e+02, 5.33287764e-01, 7.29385010e+02,
       2.74757172e+02, 7.84210265e-01, 6.39163330e+02, 1.65026169e+02,
       8.20591807e-01, 5.72544373e+02, 3.04123962e+02, 1.51783422e-01,
       5.74523315e+02, 2.72841278e+02, 1.40601873e-01, 3.49208923e+02,
       2.90481903e+02, 2.42699713e-01, 1.94470642e+02, 3.51214355e+02,
       5.15765585e-02, 5.56892639e+02, 3.23754578e+02, 1.37848973e-01,
       3.60991760e+02, 2.94393982e+02, 7.53443390e-02, 0., 0., 0.,
       9.27117554e+02, 1.80710556e+02, 1.04150072e-01, 9.17462341e+02,
       1.88562088e+02, 7.67359972e-01, 0., 0., 0., 9.15347595e+02,
       2.43377335e+02, 8.52472544e-01, 0., 0., 0., 0., 0., 0., 0., 0.,
       0., 0., 0., 0., 0., 0., 0., 0., 0., 0. ]
