%YAML:1.0
---
pose_0: !!opencv-matrix
   rows: 1
   cols: 25
   dt: "3f"
   data: [ 8.97789063e+02, 2.74768341e+02, 7.79061735e-01,
       7.97834534e+02, 3.04136871e+02, 7.22962797e-01, 7.76297791e+02,
       2.41483017e+02, 7.35114813e-01, 6.90094788e+02, 1.92482620e+02,
       5.54335594e-01, 6.52855835e+02, 1.49437531e+02, 7.60072827e-01,
       8.19383850e+02, 3.72706726e+02, 6.58889771e-01, 6.93978882e+02,
       4.45175781e+02, 7.70666420e-01, 5.56847107e+02, 4.76646332e+02,
       8.22597027e-01, 5.45157043e+02, 3.53121765e+02, 2.21613452e-01,
       5.39238647e+02, 3.08066010e+02, 2.54245818e-01, 2.63045959e+02,
       3.66853424e+02, 6.38470054e-02, 1.10225250e+02, 3.59037323e+02,
       2.53948748e-01, 5.72582458e+02, 3.94263519e+02, 1.76698819e-01,
       3.49225861e+02, 3.43331360e+02, 1.39043525e-01, 1.14127480e+02,
       3.60970001e+02, 1.81064412e-01, 9.01723694e+02, 2.57169098e+02,
       8.40500414e-01, 9.13470337e+02, 2.90485077e+02, 8.40154171e-01,
       8.78193542e+02, 2.41503052e+02, 5.70226789e-01, 9.01645081e+02,
       3.19846100e+02, 5.77329397e-01, 0., 0., 0., 0., 0., 0.,
       9.25815277e+01, 3.66886749e+02, 9.54785720e-02, 0., 0., 0., 0.,
       0., 0., 0., 0., 0. ]
