%YAML:1.0
---
pose_0: !!opencv-matrix
   rows: 1
   cols: 25
   dt: "3f"
   data: [ 9.64410034e+02, 2.63035522e+02, 5.69869161e-01,
       8.86036255e+02, 2.72759125e+02, 7.40822017e-01, 8.72287170e+02,
       1.96453995e+02, 6.03752255e-01, 8.52713867e+02, 1.00335106e+02,
       7.38690674e-01, 9.60494934e+02, 1.96397995e+02, 7.11706102e-01,
       9.01775024e+02, 3.49185486e+02, 6.28981471e-01, 8.54726440e+02,
       4.60916229e+02, 8.28015089e-01, 9.48662292e+02, 3.70739105e+02,
       8.03026140e-01, 5.76480530e+02, 3.31593658e+02, 6.56186640e-02,
       5.51013062e+02, 2.80667633e+02, 6.95687160e-02, 0., 0., 0., 0.,
       0., 0., 5.86270447e+02, 3.70802032e+02, 5.82258478e-02, 0., 0.,
       0., 0., 0., 0., 9.83973450e+02, 2.41406799e+02, 2.78583080e-01,
       9.82029297e+02, 2.74811523e+02, 4.67544645e-01, 1.00549713e+03,
       2.14056915e+02, 1.50349975e-01, 9.78111084e+02, 2.94378143e+02,
       2.40948722e-01, 0., 0., 0., 0., 0., 0., 0., 0., 0., 0., 0., 0.,
       0., 0., 0., 0., 0., 0. ]
