%YAML:1.0
---
pose_0: !!opencv-matrix
   rows: 1
   cols: 25
   dt: "3f"
   data: [ 9.13481079e+02, 3.78631714e+02, 7.86079645e-01,
       7.91966309e+02, 3.82464600e+02, 7.02273011e-01, 7.84151794e+02,
       3.02208954e+02, 6.46316230e-01, 6.62631714e+02, 2.25795334e+02,
       7.91545749e-01, 7.27396057e+02, 2.45464951e+02, 8.03665698e-01,
       7.91938904e+02, 4.56968475e+02, 6.01309478e-01, 6.78319275e+02,
       5.23584412e+02, 7.96308041e-01, 7.84159912e+02, 5.19643921e+02,
       6.62702024e-01, 5.45135925e+02, 3.82537048e+02, 1.89175293e-01,
       5.41203674e+02, 3.37449127e+02, 2.43104860e-01, 3.51193970e+02,
       3.39483612e+02, 3.07049483e-01, 0., 0., 0., 5.43171753e+02,
       4.29559113e+02, 1.59711137e-01, 3.57060425e+02, 4.74624390e+02,
       3.21581125e-01, 1.78747757e+02, 5.25517090e+02, 4.04844016e-01,
       9.19313782e+02, 3.55099030e+02, 8.32962453e-01, 9.21300598e+02,
       3.94246857e+02, 7.42849946e-01, 8.91920532e+02, 3.33579163e+02,
       6.63306355e-01, 9.05588501e+02, 4.11949829e+02, 1.76785052e-01,
       1.27851860e+02, 5.72524353e+02, 3.07667613e-01, 1.31803940e+02,
       5.72513977e+02, 3.44264627e-01, 1.51389557e+02, 5.13781494e+02,
       2.53592432e-01, 0., 0., 0., 0., 0., 0., 0., 0., 0. ]
