%YAML:1.0
---
pose_0: !!opencv-matrix
   rows: 1
   cols: 25
   dt: "3f"
   data: [ 9.17342468e+02, 3.02211517e+02, 7.91475534e-01,
       8.19396362e+02, 3.15924408e+02, 6.91534817e-01, 8.05729492e+02,
       2.41474899e+02, 7.21465528e-01, 7.58721558e+02, 2.02315552e+02,
       4.99303460e-01, 7.23373352e+02, 1.74857697e+02, 7.32104123e-01,
       8.37007263e+02, 3.90356384e+02, 6.71126604e-01, 7.29371277e+02,
       4.68766388e+02, 7.29784787e-01, 6.01915100e+02, 4.96206421e+02,
       7.82676339e-01, 5.68641602e+02, 3.53150146e+02, 2.48801127e-01,
       5.80409363e+02, 3.00232178e+02, 2.09157556e-01, 3.76662537e+02,
       3.04197998e+02, 3.34779948e-01, 1.65086578e+02, 3.96217133e+02,
       1.08555496e-01, 5.70600525e+02, 3.90346832e+02, 3.36343467e-01,
       4.60891449e+02, 3.51199219e+02, 6.34983480e-02, 1.84669464e+02,
       4.00161865e+02, 2.34163165e-01, 9.23233948e+02, 2.80640991e+02,
       7.50028968e-01, 9.31104858e+02, 3.17835785e+02, 8.55056345e-01,
       8.99800537e+02, 2.59104095e+02, 6.35534823e-01, 9.19328979e+02,
       3.37410614e+02, 4.37993556e-01, 0., 0., 0., 0., 0., 0.,
       1.78772263e+02, 4.08001892e+02, 1.53609306e-01, 0., 0., 0., 0.,
       0., 0., 0., 0., 0. ]
