%YAML:1.0
---
pose_0: !!opencv-matrix
   rows: 1
   cols: 25
   dt: "3f"
   data: [ 1.00158765e+03, 2.59177002e+02, 7.63571680e-01,
       8.84126038e+02, 2.94375732e+02, 6.89893484e-01, 8.66405396e+02,
       2.06186386e+02, 6.34212255e-01, 7.41041016e+02, 1.90562759e+02,
       6.34091794e-01, 6.88162903e+02, 1.96422455e+02, 7.77118683e-01,
       9.05640198e+02, 3.82449585e+02, 6.29896998e-01, 7.78249023e+02,
       5.05895660e+02, 7.21371889e-01, 8.31182373e+02, 3.90355438e+02,
       7.16950238e-01, 6.01929504e+02, 2.68902283e+02, 1.08580031e-01,
       5.80388184e+02, 2.47364883e+02, 1.73436105e-01, 3.21775482e+02,
       2.74730377e+02, 3.53392273e-01, 4.16509895e+01, 2.82603119e+02,
       6.22099824e-02, 0., 0., 0., 0., 0., 0., 0., 0., 0.,
       1.00946783e+03, 2.41384995e+02, 9.07176971e-01, 1.02313440e+03,
       2.80651642e+02, 7.45790601e-01, 9.74208008e+02, 2.17997253e+02,
       5.31488478e-01, 9.93743591e+02, 3.10017883e+02, 1.01195604e-01,
       0., 0., 0., 0., 0., 0., 0., 0., 0., 0., 0., 0., 0., 0., 0., 0.,
       0., 0. ]
