%YAML:1.0
---
pose_0: !!opencv-matrix
   rows: 2
   cols: 25
   dt: "3f"
   data: [ 9.58503723e+02, 2.02270630e+02, 7.15888739e-01,
       8.42966736e+02, 2.74854462e+02, 5.77727497e-01, 0., 0., 0., 0.,
       0., 0., 0., 0., 0., 8.80160828e+02, 3.29659882e+02,
       5.28676152e-01, 7.72411316e+02, 4.33531952e+02, 7.50101745e-01,
       6.78342896e+02, 3.25685699e+02, 6.92595065e-01, 5.84313232e+02,
       3.04154541e+02, 2.14611128e-01, 5.66692749e+02, 2.76734406e+02,
       1.43099695e-01, 3.17861298e+02, 3.31581238e+02, 1.57096356e-01,
       3.12034393e+02, 3.35507019e+02, 7.41548017e-02, 5.90181824e+02,
       3.33550964e+02, 1.75577044e-01, 3.66796936e+02, 2.16033813e+02,
       9.39454660e-02, 0., 0., 0., 9.70272034e+02, 2.04234375e+02,
       3.95171970e-01, 9.76126648e+02, 2.17929291e+02, 8.12764525e-01,
       0., 0., 0., 9.54623047e+02, 2.74779877e+02, 8.56993854e-01, 0.,
       0., 0., 0., 0., 0., 0., 0., 0., 0., 0., 0., 0., 0., 0., 0., 0.,
       0., 0., 0., 0., 0., 0., 0., 0., 0., 0., 0., 0., 0., 0., 0., 0.,
       8.01797791e+02, 2.25831161e+02, 3.15316200e-01, 7.07752380e+02,
       2.31678452e+02, 1.54417664e-01, 6.60715393e+02, 2.02314758e+02,
       2.26118714e-01, 0., 0., 0., 0., 0., 0., 0., 0., 0., 0., 0., 0.,
       0., 0., 0., 0., 0., 0., 0., 0., 0., 0., 0., 0., 0., 0., 0., 0.,
       0., 0., 0., 0., 0., 0., 0., 0., 0., 0., 0., 0., 0., 0., 0., 0.,
       0., 0., 0., 0., 0., 0., 0. ]
