%YAML:1.0
---
pose_0: !!opencv-matrix
   rows: 1
   cols: 25
   dt: "3f"
   data: [ 9.11482422e+02, 2.04250412e+02, 7.42968261e-01,
       8.19355469e+02, 2.12095444e+02, 7.03912079e-01, 8.09649048e+02,
       1.33723328e+02, 7.03662336e-01, 7.07708435e+02, 8.47300186e+01,
       8.04165125e-01, 6.19675842e+02, 1.00436577e+02, 8.41237545e-01,
       8.25364807e+02, 2.92390656e+02, 6.95468187e-01, 7.35169495e+02,
       3.80506866e+02, 7.68490434e-01, 6.41129333e+02, 3.55165588e+02,
       7.72662461e-01, 5.70633240e+02, 2.45379333e+02, 3.56097847e-01,
       5.70612549e+02, 1.96454773e+02, 4.08071548e-01, 3.72735046e+02,
       2.16007141e+02, 2.29695424e-01, 1.86592392e+02, 2.23802094e+02,
       3.26873094e-01, 5.72561951e+02, 2.88505127e+02, 4.25966471e-01,
       3.90370667e+02, 2.88472748e+02, 2.72461981e-01, 1.74879578e+02,
       2.88451782e+02, 1.89045876e-01, 9.17356689e+02, 1.82680222e+02,
       8.41078281e-01, 9.27164124e+02, 2.18007477e+02, 7.87594259e-01,
       8.99647278e+02, 1.63012207e+02, 6.55599773e-01, 9.15370667e+02,
       2.39544540e+02, 3.90250206e-01, 9.65035706e+01, 3.02188568e+02,
       5.35174608e-02, 1.04376205e+02, 3.10044800e+02, 6.22675233e-02,
       1.70928345e+02, 2.98282379e+02, 5.32471053e-02, 1.02378654e+02,
       1.80672791e+02, 2.13564485e-01, 1.02426079e+02, 1.78836823e+02,
       1.73549145e-01, 1.67036240e+02, 2.33639099e+02, 2.02976644e-01 ]
