%YAML:1.0
---
pose_0: !!opencv-matrix
   rows: 1
   cols: 25
   dt: "3f"
   data: [ 1.06432019e+03, 2.45396667e+02, 6.63424909e-01,
       9.31115662e+02, 2.43476501e+02, 4.73653376e-01, 9.19380676e+02,
       1.43527481e+02, 5.10870636e-01, 7.42982788e+02, 8.27664413e+01,
       5.37317693e-01, 6.21519409e+02, 8.67390747e+01, 6.60582244e-01,
       9.35007019e+02, 3.45296661e+02, 4.87084419e-01, 7.76320435e+02,
       4.60857391e+02, 5.67444026e-01, 7.52815613e+02, 3.84535797e+02,
       5.82679152e-01, 0., 0., 0., 0., 0., 0., 0., 0., 0., 0., 0., 0.,
       0., 0., 0., 0., 0., 0., 0., 0., 0., 1.10153796e+03,
       2.23868561e+02, 7.37100184e-01, 1.08785974e+03, 2.72758667e+02,
       6.90004766e-01, 1.05647937e+03, 1.82727081e+02, 3.81471217e-01,
       1.06625427e+03, 3.02195648e+02, 6.60156384e-02, 0., 0., 0., 0.,
       0., 0., 0., 0., 0., 0., 0., 0., 0., 0., 0., 0., 0., 0. ]
