%YAML:1.0
---
pose_0: !!opencv-matrix
   rows: 1
   cols: 25
   dt: "3f"
   data: [ 9.48662964e+02, 3.10058563e+02, 7.94582367e-01,
       8.36951050e+02, 3.04079865e+02, 7.07741857e-01, 8.23331177e+02,
       2.12134369e+02, 7.13239670e-01, 6.95941589e+02, 1.80664398e+02,
       8.39562356e-01, 6.46943115e+02, 2.31719193e+02, 7.79490769e-01,
       8.40935242e+02, 3.70798767e+02, 4.65024501e-01, 7.62649048e+02,
       4.47157471e+02, 8.34720492e-01, 8.68459473e+02, 3.45331512e+02,
       8.00814569e-01, 5.76472046e+02, 3.04129761e+02, 2.64538795e-01,
       5.74528625e+02, 2.63004242e+02, 3.29014719e-01, 3.66850464e+02,
       2.61090973e+02, 1.93817392e-01, 1.80753281e+02, 2.96328979e+02,
       3.73319834e-01, 5.70624817e+02, 3.51205627e+02, 2.42275745e-01,
       3.80566498e+02, 3.66894257e+02, 1.71756729e-01, 3.39428131e+02,
       3.64892517e+02, 5.53842336e-02, 9.60415161e+02, 2.90493774e+02,
       8.88194561e-01, 9.64315857e+02, 3.23739258e+02, 7.86398590e-01,
       9.29114807e+02, 2.64961334e+02, 6.47541702e-01, 9.50704468e+02,
       3.43337463e+02, 1.15898922e-01, 0., 0., 0., 0., 0., 0., 0., 0.,
       0., 1.21959999e+02, 2.53206390e+02, 9.60438177e-02,
       1.21971092e+02, 2.53228302e+02, 7.23656341e-02, 1.63126083e+02,
       3.12004578e+02, 2.21840024e-01 ]
