%YAML:1.0
---
pose_0: !!opencv-matrix
   rows: 1
   cols: 25
   dt: "3f"
   data: [ 8.58648315e+02, 1.02412560e+02, 8.03248405e-01,
       7.52780457e+02, 1.12136299e+02, 6.31742418e-01, 7.42971924e+02,
       4.16936111e+01, 7.00230300e-01, 6.52866638e+02, 5.35104370e+00,
       2.20939979e-01, 6.48975891e+02, 5.35926390e+00, 5.09329252e-02,
       7.58589111e+02, 1.80770645e+02, 6.80305302e-01, 6.84249573e+02,
       2.61099884e+02, 7.79126346e-01, 7.93936584e+02, 2.02272659e+02,
       4.08126056e-01, 5.11858002e+02, 1.14150291e+02, 3.19944620e-01,
       5.09918854e+02, 7.09834518e+01, 3.65890443e-01, 3.51199799e+02,
       7.49653702e+01, 1.32092506e-01, 0., 0., 0., 5.17694824e+02,
       1.63084625e+02, 3.43271077e-01, 3.47276398e+02, 1.74846725e+02,
       3.49506557e-01, 1.70937256e+02, 1.92474747e+02, 1.15373150e-01,
       8.68440002e+02, 8.66746140e+01, 8.86481822e-01, 8.70286438e+02,
       1.18020889e+02, 7.77132034e-01, 8.39080444e+02, 6.70474701e+01,
       5.12747943e-01, 8.40945435e+02, 1.45442459e+02, 5.77941418e-01,
       1.16131653e+02, 2.12110962e+02, 1.05563968e-01, 1.27838333e+02,
       2.15986343e+02, 1.31094560e-01, 1.21966797e+02, 2.02303696e+02,
       9.56312343e-02, 0., 0., 0., 0., 0., 0., 0., 0., 0. ]
