%YAML:1.0
---
pose_0: !!opencv-matrix
   rows: 1
   cols: 25
   dt: "3f"
   data: [ 8.99784851e+02, 1.76763962e+02, 7.81043828e-01,
       8.42927246e+02, 2.47375320e+02, 5.13255119e-01, 8.23349792e+02,
       2.33654190e+02, 2.78145969e-01, 0., 0., 0., 0., 0., 0.,
       8.58603394e+02, 2.62991730e+02, 6.63091004e-01, 7.29373413e+02,
       2.86505890e+02, 7.38191366e-01, 6.27440491e+02, 1.78685974e+02,
       7.21279800e-01, 5.96074829e+02, 3.08095551e+02, 9.76472646e-02,
       5.94124451e+02, 2.90457001e+02, 8.30587149e-02, 3.31602936e+02,
       2.88532104e+02, 1.34935647e-01, 1.20049530e+02, 3.78567322e+02,
       1.24239326e-01, 5.78452759e+02, 3.31598785e+02, 8.50577280e-02,
       3.78621399e+02, 2.63020142e+02, 7.06192851e-02, 0., 0., 0.,
       9.17380249e+02, 1.78730911e+02, 8.57998878e-02, 9.17304077e+02,
       1.86600082e+02, 8.02967429e-01, 0., 0., 0., 9.15495789e+02,
       2.41442184e+02, 8.38912010e-01, 0., 0., 0., 0., 0., 0., 0., 0.,
       0., 1.06257217e+02, 4.00205414e+02, 5.52292354e-02, 0., 0., 0.,
       1.14123680e+02, 3.90351471e+02, 1.01052634e-01 ]
