%YAML:1.0
---
pose_0: !!opencv-matrix
   rows: 1
   cols: 25
   dt: "3f"
   data: [ 8.99700562e+02, 2.59191315e+02, 8.33517611e-01,
       8.07664673e+02, 2.74862915e+02, 7.33221531e-01, 7.92050659e+02,
       2.19910965e+02, 6.00530326e-01, 8.07598694e+02, 1.14065819e+02,
       7.72996664e-01, 9.09499390e+02, 1.80666138e+02, 8.11370432e-01,
       8.17462097e+02, 3.31589996e+02, 5.65669537e-01, 8.44915955e+02,
       3.90401550e+02, 6.89302385e-01, 9.19405945e+02, 3.04152161e+02,
       6.62070811e-01, 5.56933899e+02, 3.37431274e+02, 3.42138261e-01,
       5.56919861e+02, 2.88501556e+02, 4.25487071e-01, 3.49189911e+02,
       3.02164917e+02, 5.85899234e-01, 1.49340637e+02, 3.11972961e+02,
       5.87931931e-01, 5.68611084e+02, 3.80557220e+02, 4.48386431e-01,
       3.68792511e+02, 4.11884369e+02, 4.57828224e-01, 2.10107208e+02,
       4.45200409e+02, 4.06565368e-01, 9.03623535e+02, 2.43367142e+02,
       8.46942902e-01, 9.13429504e+02, 2.74709198e+02, 8.19661438e-01,
       8.84038330e+02, 2.25820923e+02, 4.52336043e-01, 8.99710571e+02,
       3.00196167e+02, 5.49351633e-01, 1.31784439e+02, 4.60891937e+02,
       1.07252419e-01, 1.37635239e+02, 4.68725952e+02, 1.00112431e-01,
       1.94463257e+02, 4.49164246e+02, 1.94659233e-01, 1.31802582e+02,
       3.39429504e+02, 5.90556189e-02, 0., 0., 0., 1.35651031e+02,
       3.21831970e+02, 4.01437998e-01 ]
