%YAML:1.0
---
pose_0: !!opencv-matrix
   rows: 1
   cols: 25
   dt: "3f"
   data: [ 1.10350220e+03, 1.76760635e+02, 6.21280909e-01,
       9.15395813e+02, 1.84644562e+02, 3.64956379e-01, 8.93875977e+02,
       8.08341751e+01, 4.22212273e-01, 7.41026489e+02, 3.77068863e+01,
       5.98526835e-01, 6.43058899e+02, 3.97598038e+01, 5.58899939e-01,
       9.29091125e+02, 2.92387024e+02, 5.12064517e-01, 7.86109985e+02,
       3.66829865e+02, 4.89327908e-01, 5.92180969e+02, 3.98111053e+02,
       7.48369336e-01, 0., 0., 0., 0., 0., 0., 0., 0., 0., 0., 0., 0.,
       0., 0., 0., 0., 0., 0., 0., 0., 0., 1.10551355e+03,
       1.45484802e+02, 4.93450999e-01, 1.11521973e+03, 1.92496872e+02,
       2.61017144e-01, 1.07802100e+03, 1.00470749e+02, 5.37586659e-02,
       1.08391772e+03, 2.19912537e+02, 5.24708927e-02, 0., 0., 0., 0.,
       0., 0., 0., 0., 0., 0., 0., 0., 0., 0., 0., 0., 0., 0. ]
