%YAML:1.0
---
pose_0: !!opencv-matrix
   rows: 2
   cols: 25
   dt: "3f"
   data: [ 9.17389099e+02, 1.96409683e+02, 7.72340238e-01,
       8.44903992e+02, 2.86513977e+02, 5.12233078e-01, 8.52742004e+02,
       3.04135071e+02, 2.61813998e-01, 0., 0., 0., 0., 0., 0.,
       8.52733398e+02, 3.00244568e+02, 2.71212488e-01, 0., 0., 0., 0.,
       0., 0., 6.99904358e+02, 2.86494415e+02, 2.85504401e-01,
       6.99892883e+02, 2.53245193e+02, 2.36822769e-01, 2.82609894e+02,
       3.29607880e+02, 1.62392259e-01, 8.67303314e+01, 3.76660553e+02,
       1.41327456e-01, 6.99889099e+02, 3.19779541e+02, 2.25235373e-01,
       6.41149841e+02, 3.37482910e+02, 2.14454666e-01, 5.39240967e+02,
       3.84451385e+02, 6.83883354e-02, 9.35010254e+02, 1.96467850e+02,
       2.72977084e-01, 9.35034607e+02, 2.12005737e+02, 8.35901499e-01,
       0., 0., 0., 9.29159912e+02, 2.72787170e+02, 8.17251921e-01, 0.,
       0., 0., 0., 0., 0., 0., 0., 0., 6.90429459e+01, 3.98152466e+02,
       6.30070791e-02, 0., 0., 0., 7.10395126e+01, 3.80569336e+02,
       1.11334577e-01, 0., 0., 0., 0., 0., 0., 0., 0., 0., 0., 0., 0.,
       0., 0., 0., 8.50752014e+02, 2.74792603e+02, 2.88905829e-01,
       7.56745483e+02, 2.25810913e+02, 5.76875567e-01, 8.39107727e+02,
       1.49468216e+02, 5.92290819e-01, 0., 0., 0., 0., 0., 0., 0., 0.,
       0., 0., 0., 0., 0., 0., 0., 0., 0., 0., 0., 0., 0., 0., 0., 0.,
       0., 0., 0., 0., 0., 0., 0., 0., 0., 0., 0., 0., 0., 0., 0., 0.,
       0., 0., 0., 0., 0., 0., 0., 0., 0., 0., 0. ]
