%YAML:1.0
---
pose_0: !!opencv-matrix
   rows: 1
   cols: 25
   dt: "3f"
   data: [ 8.93877686e+02, 2.27807373e+02, 7.95567930e-01,
       8.23345154e+02, 1.94452698e+02, 5.43640196e-01, 8.27236755e+02,
       1.49449692e+02, 6.81830823e-01, 7.74436157e+02, 2.59076202e+02,
       7.81558037e-01, 7.29249817e+02, 3.74680359e+02, 6.98835433e-01,
       8.19387878e+02, 2.25833405e+02, 2.74787575e-01, 7.60658569e+02,
       2.72815643e+02, 1.06921487e-01, 0., 0., 0., 5.13814880e+02,
       2.25805939e+02, 1.87759116e-01, 5.09905518e+02, 1.84654037e+02,
       1.79360241e-01, 2.92466614e+02, 1.33689545e+02, 9.42955762e-02,
       0., 0., 0., 5.00103302e+02, 2.66954559e+02, 2.02388093e-01,
       3.74671844e+02, 3.60971161e+02, 3.88519794e-01, 1.78738602e+02,
       3.21879608e+02, 1.77641958e-01, 9.03716797e+02, 2.08169724e+02,
       8.52075994e-01, 9.05665649e+02, 2.43359467e+02, 8.04039896e-01,
       8.88025818e+02, 1.76762390e+02, 6.70271635e-01, 8.89992004e+02,
       2.59167145e+02, 8.91361535e-02, 0., 0., 0., 0., 0., 0., 0., 0.,
       0., 0., 0., 0., 0., 0., 0., 0., 0., 0. ]
