%YAML:1.0
---
pose_0: !!opencv-matrix
   rows: 1
   cols: 25
   dt: "3f"
   data: [ 9.36946045e+02, 2.41439301e+02, 7.01647401e-01,
       8.56684082e+02, 3.21778564e+02, 4.86340016e-01, 8.70328064e+02,
       3.41377075e+02, 3.41757447e-01, 0., 0., 0., 0., 0., 0.,
       8.54716431e+02, 3.21810028e+02, 4.92424935e-01, 7.41004272e+02,
       2.57197571e+02, 6.21842861e-01, 8.70419922e+02, 1.84702194e+02,
       6.47301018e-01, 6.17619751e+02, 3.27678864e+02, 1.40191227e-01,
       5.88251526e+02, 3.04122864e+02, 1.45487502e-01, 2.96337646e+02,
       3.51196228e+02, 1.64229184e-01, 1.31789230e+02, 3.51192596e+02,
       2.97022164e-01, 6.33301514e+02, 3.64873016e+02, 9.89407673e-02,
       4.15827393e+02, 3.51159821e+02, 6.77583516e-02, 0., 0., 0.,
       9.60416321e+02, 2.43381424e+02, 1.68657020e-01, 9.58511292e+02,
       2.53203278e+02, 7.63640344e-01, 0., 0., 0., 9.46823792e+02,
       3.15902039e+02, 8.27064693e-01, 0., 0., 0., 0., 0., 0., 0., 0.,
       0., 0., 0., 0., 0., 0., 0., 0., 0., 0. ]
