%YAML:1.0
---
pose_0: !!opencv-matrix
   rows: 1
   cols: 25
   dt: "3f"
   data: [ 9.21312073e+02, 1.96512589e+02, 7.95504928e-01,
       8.07621277e+02, 2.10071609e+02, 6.57176197e-01, 8.01743896e+02,
       1.20060524e+02, 6.38693690e-01, 6.66589966e+02, 9.84702530e+01,
       6.76292241e-01, 5.52940918e+02, 1.06262177e+02, 7.13837445e-01,
       8.09627502e+02, 2.98257385e+02, 6.40130401e-01, 6.95992554e+02,
       3.33585754e+02, 5.13294697e-01, 5.51045898e+02, 3.39487213e+02,
       7.58201480e-01, 5.51021729e+02, 2.23817627e+02, 2.31948316e-01,
       5.52937927e+02, 1.74843887e+02, 3.35958272e-01, 4.29549225e+02,
       1.80721222e+02, 7.58959427e-02, 0., 0., 0., 5.47098816e+02,
       2.74762390e+02, 2.08435938e-01, 3.80551727e+02, 3.33528931e+02,
       9.34087113e-02, 0., 0., 0., 9.31118042e+02, 1.76798889e+02,
       8.76912653e-01, 9.36999329e+02, 2.12110641e+02, 8.43478918e-01,
       9.03656921e+02, 1.53326630e+02, 6.24417841e-01, 9.31036194e+02,
       2.33658676e+02, 1.78047359e-01, 0., 0., 0., 0., 0., 0., 0., 0.,
       0., 0., 0., 0., 0., 0., 0., 0., 0., 0. ]
