%YAML:1.0
---
pose_0: !!opencv-matrix
   rows: 1
   cols: 25
   dt: "3f"
   data: [ 8.72342407e+02, 2.45412079e+02, 4.43089545e-01,
       7.95921387e+02, 2.27828262e+02, 4.49573159e-01, 8.25301086e+02,
       1.61160568e+02, 2.73881793e-01, 0., 0., 0., 0., 0., 0.,
       7.86079895e+02, 2.88490295e+02, 5.24437904e-01, 6.66593933e+02,
       3.23722900e+02, 5.69597483e-01, 5.49088135e+02, 3.33564911e+02,
       7.28055775e-01, 0., 0., 0., 0., 0., 0., 0., 0., 0., 0., 0., 0.,
       0., 0., 0., 0., 0., 0., 0., 0., 0., 8.86084778e+02,
       2.31669846e+02, 3.42590392e-01, 8.91921509e+02, 2.49281387e+02,
       2.25232780e-01, 8.95800659e+02, 2.19907974e+02, 8.45348984e-02,
       0., 0., 0., 0., 0., 0., 0., 0., 0., 0., 0., 0., 0., 0., 0., 0.,
       0., 0., 0., 0., 0. ]
