%YAML:1.0
---
pose_0: !!opencv-matrix
   rows: 1
   cols: 25
   dt: "3f"
   data: [ 1.12113464e+03, 2.84579681e+02, 2.05851123e-01,
       9.93770996e+02, 2.57172882e+02, 9.83447433e-02, 9.93762329e+02,
       2.74760529e+02, 1.28120959e-01, 9.70271912e+02, 5.07966553e+02,
       5.64358234e-01, 1.13674353e+03, 4.64788116e+02, 6.48364127e-01,
       1.00357971e+03, 2.39510681e+02, 6.13668412e-02, 9.74153015e+02,
       5.09893250e+02, 2.61144221e-01, 1.13483655e+03, 4.64796570e+02,
       1.41951516e-01, 0., 0., 0., 0., 0., 0., 0., 0., 0., 0., 0., 0.,
       0., 0., 0., 0., 0., 0., 0., 0., 0., 1.15249438e+03,
       2.86559021e+02, 1.78734928e-01, 1.16032397e+03, 2.90462769e+02,
       1.57882303e-01, 0., 0., 0., 0., 0., 0., 0., 0., 0., 0., 0., 0.,
       0., 0., 0., 0., 0., 0., 0., 0., 0., 0., 0., 0. ]
