%YAML:1.0
---
pose_0: !!opencv-matrix
   rows: 1
   cols: 25
   dt: "3f"
   data: [ 9.01789490e+02, 4.45156494e+02, 8.04988623e-01,
       8.03705017e+02, 4.49195953e+02, 6.52405739e-01, 7.88087769e+02,
       3.76629639e+02, 7.15524018e-01, 6.70528259e+02, 3.35443573e+02,
       8.14043522e-01, 7.43030334e+02, 3.19810822e+02, 8.83266985e-01,
       8.05760803e+02, 5.29462097e+02, 5.85090697e-01, 6.80378906e+02,
       5.88297974e+02, 8.47697437e-01, 8.01765137e+02, 5.72497864e+02,
       7.76667297e-01, 5.51019653e+02, 4.37385132e+02, 3.17503929e-01,
       5.60794678e+02, 3.98246124e+02, 4.76497561e-01, 3.47278534e+02,
       3.70774536e+02, 2.09191203e-01, 3.27656036e+02, 3.68822632e+02,
       7.23085105e-02, 5.37284851e+02, 4.84402893e+02, 2.45699599e-01,
       3.94265320e+02, 4.92201447e+02, 1.63032860e-01, 0., 0., 0.,
       9.15405334e+02, 4.27580902e+02, 8.73885632e-01, 9.17357910e+02,
       4.60867889e+02, 7.90538847e-01, 8.89933899e+02, 4.02143555e+02,
       6.75438821e-01, 9.05596863e+02, 4.78535614e+02, 3.76193881e-01,
       0., 0., 0., 0., 0., 0., 0., 0., 0., 0., 0., 0., 0., 0., 0., 0.,
       0., 0. ]
