%YAML:1.0
---
pose_0: !!opencv-matrix
   rows: 1
   cols: 25
   dt: "3f"
   data: [ 9.31030884e+02, 2.88513275e+02, 8.34679127e-01,
       8.29193909e+02, 3.41370453e+02, 6.28531218e-01, 8.05688599e+02,
       2.88414764e+02, 5.17754853e-01, 7.13627258e+02, 2.90507202e+02,
       6.68107718e-02, 0., 0., 0., 8.40982422e+02, 3.98250122e+02,
       6.54534340e-01, 7.03806091e+02, 4.55013733e+02, 7.05567777e-01,
       5.86286804e+02, 3.96243744e+02, 8.60621214e-01, 5.29472107e+02,
       3.78611725e+02, 2.46872321e-01, 5.52950134e+02, 3.29641235e+02,
       2.99792528e-01, 3.53139343e+02, 3.06174713e+02, 5.34508288e-01,
       1.78781036e+02, 3.76675812e+02, 5.06457508e-01, 5.39270325e+02,
       4.17822876e+02, 3.28700304e-01, 3.53132751e+02, 4.29609314e+02,
       5.48056006e-01, 1.51338928e+02, 4.66763824e+02, 3.91125709e-01,
       9.42841675e+02, 2.78676941e+02, 7.42289007e-01, 9.46809937e+02,
       3.06060822e+02, 8.87755215e-01, 0., 0., 0., 9.31135010e+02,
       3.47278503e+02, 7.09412038e-01, 6.90322113e+01, 4.66781128e+02,
       3.00835580e-01, 8.07941055e+01, 4.76595184e+02, 2.97418594e-01,
       1.43481812e+02, 4.66787170e+02, 2.05001175e-01, 1.35692169e+02,
       3.41396698e+02, 1.55007064e-01, 1.37667053e+02, 3.41394562e+02,
       1.51663691e-01, 1.67016846e+02, 3.90395691e+02, 3.95699322e-01 ]
