%YAML:1.0
---
pose_0: !!opencv-matrix
   rows: 1
   cols: 25
   dt: "3f"
   data: [ 9.01670532e+02, 3.35515747e+02, 7.76012361e-01,
       7.90076904e+02, 3.00232758e+02, 6.43399179e-01, 8.15481445e+02,
       2.41414520e+02, 6.64238811e-01, 6.99920898e+02, 1.70937790e+02,
       7.58098006e-01, 6.02012512e+02, 2.72790283e+02, 8.13534975e-01,
       7.66502258e+02, 3.49240021e+02, 5.22530258e-01, 6.94015259e+02,
       3.74701233e+02, 1.80214688e-01, 0., 0., 0., 6.29386414e+02,
       2.86547394e+02, 1.10718988e-01, 6.17626160e+02, 2.33666809e+02,
       7.94104040e-02, 4.47196716e+02, 2.39534393e+02, 6.85209185e-02,
       3.25705750e+02, 3.00212799e+02, 1.77689239e-01, 6.50918579e+02,
       3.19796112e+02, 1.34646058e-01, 6.01932251e+02, 3.51192352e+02,
       6.02524206e-02, 0., 0., 0., 9.15425171e+02, 3.06222412e+02,
       7.76293576e-01, 9.17393860e+02, 3.41400360e+02, 6.52843535e-01,
       8.86071838e+02, 2.74754822e+02, 7.08559632e-01, 0., 0., 0., 0.,
       0., 0., 0., 0., 0., 0., 0., 0., 0., 0., 0., 0., 0., 0.,
       3.19837128e+02, 3.02182404e+02, 1.82701975e-01 ]
