%YAML:1.0
---
pose_0: !!opencv-matrix
   rows: 1
   cols: 25
   dt: "3f"
   data: [ 9.97746094e+02, 2.64950653e+02, 7.36504018e-01,
       8.70356262e+02, 2.68923309e+02, 5.47785342e-01, 8.80118652e+02,
       1.70938904e+02, 5.50370216e-01, 7.39122925e+02, 1.02377823e+02,
       7.98888147e-01, 8.19364685e+02, 2.39545135e+02, 7.40867317e-01,
       8.54754700e+02, 3.64898651e+02, 5.11304915e-01, 7.43018188e+02,
       4.27584869e+02, 5.69573104e-01, 6.95929565e+02, 3.94282349e+02,
       4.54173297e-01, 5.72576843e+02, 2.86531128e+02, 1.21454775e-01,
       5.66695374e+02, 2.41474701e+02, 1.56665951e-01, 3.60968994e+02,
       2.49287369e+02, 1.86180219e-01, 1.61105438e+02, 2.86552002e+02,
       9.10864770e-02, 5.84328064e+02, 3.35491028e+02, 1.14487126e-01,
       3.51145996e+02, 3.37497925e+02, 2.18214676e-01, 3.37537872e+02,
       3.37513763e+02, 1.74652785e-01, 1.01132751e+03, 2.41439377e+02,
       9.07761812e-01, 1.01337152e+03, 2.86492828e+02, 7.62730241e-01,
       9.80098755e+02, 2.10069733e+02, 5.87961435e-01, 0., 0., 0., 0.,
       0., 0., 0., 0., 0., 3.33573395e+02, 3.37501740e+02,
       1.33007377e-01, 0., 0., 0., 0., 0., 0., 0., 0., 0. ]
