%YAML:1.0
---
pose_0: !!opencv-matrix
   rows: 1
   cols: 25
   dt: "3f"
   data: [ 8.84106567e+02, 1.84637314e+02, 7.66964614e-01,
       7.80205811e+02, 1.96432755e+02, 6.89614415e-01, 7.68442383e+02,
       1.16147530e+02, 6.70913577e-01, 6.52926697e+02, 6.90432434e+01,
       8.07466507e-01, 5.70510315e+02, 9.06247787e+01, 7.71577537e-01,
       7.90078552e+02, 2.78666901e+02, 7.01000631e-01, 6.64672424e+02,
       3.23811707e+02, 7.84519315e-01, 5.54906738e+02, 3.70808228e+02,
       8.11602175e-01, 5.35350403e+02, 2.17984589e+02, 1.84888482e-01,
       5.17725220e+02, 1.76818237e+02, 2.32928067e-01, 3.55151428e+02,
       1.82708801e+02, 7.80039802e-02, 0., 0., 0., 5.35349121e+02,
       2.63052734e+02, 1.76264048e-01, 3.47249573e+02, 2.90429871e+02,
       1.47366643e-01, 1.29753555e+02, 3.06110779e+02, 1.58718780e-01,
       8.89917419e+02, 1.63170654e+02, 8.38221431e-01, 8.99765137e+02,
       2.00354355e+02, 7.90649831e-01, 8.66368225e+02, 1.43493958e+02,
       6.42846942e-01, 8.85987793e+02, 2.23797241e+02, 5.63386679e-01,
       0., 0., 0., 0., 0., 0., 0., 0., 0., 0., 0., 0., 0., 0., 0., 0.,
       0., 0. ]
