%YAML:1.0
---
pose_0: !!opencv-matrix
   rows: 1
   cols: 25
   dt: "3f"
   data: [ 8.99635254e+02, 4.76510651e+02, 8.35600376e-01,
       7.94015320e+02, 4.94188477e+02, 7.28520930e-01, 7.68473206e+02,
       4.35420776e+02, 6.49452329e-01, 6.64649963e+02, 4.53073273e+02,
       1.74056947e-01, 5.86299988e+02, 4.21713531e+02, 9.34961364e-02,
       8.19441284e+02, 5.56928894e+02, 6.88075185e-01, 6.97955139e+02,
       5.99981873e+02, 7.72003889e-01, 6.03900818e+02, 4.78503387e+02,
       3.28214049e-01, 6.03920288e+02, 5.54930786e+02, 1.18789166e-01,
       5.74534973e+02, 5.17714905e+02, 1.10102318e-01, 3.59024170e+02,
       4.66771545e+02, 1.05754331e-01, 1.98377365e+02, 5.47064941e+02,
       1.68746769e-01, 6.15663879e+02, 5.94130066e+02, 1.05537869e-01,
       3.55099670e+02, 4.72631012e+02, 1.44764096e-01, 1.98387695e+02,
       5.45145630e+02, 2.58541375e-01, 9.01747925e+02, 4.56991394e+02,
       8.99716139e-01, 9.13407288e+02, 4.90304016e+02, 8.32635224e-01,
       8.78156250e+02, 4.41268372e+02, 6.12975240e-01, 8.93863220e+02,
       5.09983765e+02, 3.58522445e-01, 1.51333664e+02, 5.25506836e+02,
       9.09574851e-02, 1.55272644e+02, 5.37308044e+02, 9.26694870e-02,
       1.86640518e+02, 5.56876587e+02, 1.89853713e-01, 1.53297943e+02,
       5.35348816e+02, 5.51150553e-02, 0., 0., 0., 0., 0., 0. ]
