%YAML:1.0
---
pose_0: !!opencv-matrix
   rows: 1
   cols: 25
   dt: "3f"
   data: [ 9.01758972e+02, 3.33583252e+02, 8.19690108e-01,
       8.27238831e+02, 2.57178101e+02, 5.30589223e-01, 8.35036377e+02,
       2.41437073e+02, 7.10371494e-01, 7.13714722e+02, 2.45380356e+02,
       6.87993169e-01, 6.99931824e+02, 4.13898804e+02, 6.00358784e-01,
       8.21347656e+02, 2.84550201e+02, 2.65334606e-01, 0., 0., 0., 0.,
       0., 0., 6.48980103e+02, 2.74782043e+02, 8.87816548e-02, 0., 0.,
       0., 0., 0., 0., 0., 0., 0., 6.58768372e+02, 3.00235931e+02,
       9.95470136e-02, 6.60706238e+02, 3.29640625e+02, 1.37521520e-01,
       6.23494019e+02, 4.64817200e+02, 3.48162204e-01, 9.17363464e+02,
       3.17834503e+02, 8.30773830e-01, 9.21257263e+02, 3.37470581e+02,
       1.18313007e-01, 9.05655823e+02, 2.66921906e+02, 8.05747151e-01,
       0., 0., 0., 6.21577271e+02, 4.80525848e+02, 1.69032827e-01,
       6.23521240e+02, 4.80489380e+02, 1.72317132e-01, 6.13721436e+02,
       4.74550598e+02, 3.14520538e-01, 0., 0., 0., 0., 0., 0., 0., 0.,
       0. ]
