%YAML:1.0
---
pose_0: !!opencv-matrix
   rows: 1
   cols: 25
   dt: "3f"
   data: [ 9.52672485e+02, 2.88541962e+02, 7.45545506e-01,
       8.40970337e+02, 2.74808594e+02, 6.04177177e-01, 8.37021362e+02,
       1.82674118e+02, 6.51144385e-01, 7.09741089e+02, 1.18115646e+02,
       8.00916195e-01, 6.27402039e+02, 1.94388458e+02, 7.75934100e-01,
       8.37058105e+02, 3.66877930e+02, 5.83390057e-01, 7.13700317e+02,
       4.00260895e+02, 7.32053578e-01, 5.88187988e+02, 4.47122070e+02,
       7.27345169e-01, 6.15660522e+02, 3.04136841e+02, 1.68023109e-01,
       6.01953430e+02, 2.57165924e+02, 2.58327127e-01, 4.94209229e+02,
       2.47341660e+02, 5.75142466e-02, 0., 0., 0., 6.21552124e+02,
       3.53134094e+02, 1.28547639e-01, 3.27686005e+02, 3.82575470e+02,
       1.57727510e-01, 1.63108551e+02, 4.15838928e+02, 1.31517380e-01,
       9.66415100e+02, 2.63019806e+02, 8.05291891e-01, 9.66371704e+02,
       3.06154297e+02, 7.90461957e-01, 9.48731567e+02, 2.27796097e+02,
       5.20630360e-01, 0., 0., 0., 0., 0., 0., 0., 0., 0., 0., 0., 0.,
       0., 0., 0., 0., 0., 0., 0., 0., 0. ]
