%YAML:1.0
---
pose_0: !!opencv-matrix
   rows: 1
   cols: 25
   dt: "3f"
   data: [ 8.84120239e+02, 3.88455902e+02, 8.27420533e-01,
       7.74346924e+02, 4.04112427e+02, 6.96060538e-01, 7.64556824e+02,
       3.33530151e+02, 6.73731267e-01, 6.33255920e+02, 2.76760956e+02,
       7.99514413e-01, 6.76374084e+02, 2.82593781e+02, 7.40436316e-01,
       7.86094299e+02, 4.74578613e+02, 6.40439630e-01, 6.68538452e+02,
       5.70682617e+02, 8.25559497e-01, 7.64580139e+02, 5.50964844e+02,
       7.77629733e-01, 5.17716919e+02, 4.04098389e+02, 3.06392103e-01,
       5.15762207e+02, 3.62907104e+02, 4.64943558e-01, 3.49225494e+02,
       3.64912628e+02, 5.88535249e-01, 0., 0., 0., 5.19658447e+02,
       4.55012299e+02, 3.52274090e-01, 3.51159576e+02, 4.94259033e+02,
       5.36442995e-01, 1.76825455e+02, 5.25615234e+02, 4.80269790e-01,
       8.87965027e+02, 3.72719299e+02, 8.33009303e-01, 8.99664795e+02,
       4.04105988e+02, 8.09884727e-01, 8.60555725e+02, 3.55171875e+02,
       4.41346437e-01, 8.72359619e+02, 4.35447052e+02, 5.74039042e-01,
       1.25893425e+02, 5.76480652e+02, 3.17185193e-01, 1.31693024e+02,
       5.74564026e+02, 3.34628701e-01, 1.51350739e+02, 5.21612183e+02,
       2.79989839e-01, 0., 0., 0., 0., 0., 0., 0., 0., 0. ]
