%YAML:1.0
---
pose_0: !!opencv-matrix
   rows: 2
   cols: 25
   dt: "3f"
   data: [ 9.07562927e+02, 3.66862366e+02, 6.91747248e-01,
       8.48823975e+02, 2.78684296e+02, 4.32267725e-01, 8.52726563e+02,
       2.70847656e+02, 6.81114376e-01, 7.45062439e+02, 2.96323273e+02,
       7.72902191e-01, 7.76315491e+02, 4.31582855e+02, 8.53311181e-01,
       8.54722595e+02, 2.78713959e+02, 2.20757663e-01, 0., 0., 0., 0.,
       0., 0., 5.37277405e+02, 2.90457245e+02, 2.28213519e-01,
       5.35338745e+02, 2.92421173e+02, 1.94876090e-01, 3.08113342e+02,
       3.45306488e+02, 2.40032211e-01, 1.00404106e+02, 3.37552887e+02,
       2.48333663e-01, 0., 0., 0., 0., 0., 0., 0., 0., 0.,
       9.27158142e+02, 3.55171570e+02, 7.19275475e-01, 0., 0., 0.,
       9.29152893e+02, 3.06206024e+02, 8.41179013e-01, 0., 0., 0., 0.,
       0., 0., 0., 0., 0., 0., 0., 0., 3.96641197e+01, 3.12008881e+02,
       9.00360644e-02, 3.77141151e+01, 3.17854126e+02, 6.49579912e-02,
       7.10362778e+01, 3.37447235e+02, 1.53632671e-01, 0., 0., 0., 0.,
       0., 0., 0., 0., 0., 0., 0., 0., 0., 0., 0., 0., 0., 0., 0., 0.,
       0., 0., 0., 0., 0., 0., 0., 0., 0., 0., 0., 0., 0., 0., 0., 0.,
       5.37288757e+02, 2.76748291e+02, 1.73628494e-01, 3.17869080e+02,
       3.39441101e+02, 3.16733003e-01, 1.23916534e+02, 3.39444366e+02,
       2.04687551e-01, 0., 0., 0., 0., 0., 0., 0., 0., 0., 0., 0., 0.,
       0., 0., 0., 0., 0., 0., 0., 0., 0., 0., 0., 0., 0., 0., 0., 0.,
       0., 0. ]
