%YAML:1.0
---
pose_0: !!opencv-matrix
   rows: 1
   cols: 25
   dt: "3f"
   data: [ 9.15428955e+02, 2.21867294e+02, 8.15954208e-01,
       8.05776733e+02, 2.43454453e+02, 7.41896391e-01, 7.88048645e+02,
       1.68989487e+02, 6.42964303e-01, 6.58781250e+02, 1.43533844e+02,
       6.58579350e-01, 5.66655151e+02, 1.27865509e+02, 7.01525569e-01,
       8.23264282e+02, 3.19809082e+02, 6.64031029e-01, 7.68464050e+02,
       4.29570679e+02, 6.89850569e-01, 7.50871277e+02, 5.41207092e+02,
       4.32098895e-01, 5.41249451e+02, 3.02174561e+02, 3.06292117e-01,
       5.43172180e+02, 2.59082794e+02, 3.64235669e-01, 3.33550781e+02,
       2.47352509e+02, 3.21693450e-01, 1.20057365e+02, 2.27809692e+02,
       3.92986208e-01, 5.41219421e+02, 3.39445343e+02, 3.43822181e-01,
       3.55118958e+02, 4.00145966e+02, 3.88282686e-01, 2.12130966e+02,
       4.70689697e+02, 3.26912314e-01, 9.21267639e+02, 2.00372986e+02,
       8.20324838e-01, 9.31001221e+02, 2.33680237e+02, 8.15121651e-01,
       8.99698120e+02, 1.84632568e+02, 5.09407401e-01, 9.05604675e+02,
       2.59199280e+02, 5.91188669e-01, 1.61169937e+02, 4.70687836e+02,
       6.78377524e-02, 1.65128036e+02, 4.78515076e+02, 7.46370181e-02,
       1.92496887e+02, 4.80525269e+02, 1.87846884e-01, 8.47378006e+01,
       2.21858139e+02, 9.65476707e-02, 0., 0., 0., 0., 0., 0. ]
