%YAML:1.0
---
pose_0: !!opencv-matrix
   rows: 1
   cols: 25
   dt: "3f"
   data: [ 8.99801025e+02, 4.35441315e+02, 8.33981633e-01,
       7.90036438e+02, 4.27589081e+02, 7.27612138e-01, 7.74307068e+02,
       3.51224731e+02, 6.92115307e-01, 6.84208130e+02, 2.92420532e+02,
       7.65862942e-01, 7.78335266e+02, 2.57183380e+02, 7.98516750e-01,
       8.01782043e+02, 4.92269531e+02, 6.07681394e-01, 7.29374817e+02,
       5.88307617e+02, 7.98560441e-01, 8.42917969e+02, 6.33256348e+02,
       7.26026416e-01, 5.54946960e+02, 4.49154022e+02, 2.66845644e-01,
       5.56859070e+02, 4.04090363e+02, 3.85920376e-01, 3.82501709e+02,
       4.19768311e+02, 2.35226795e-01, 1.78731857e+02, 4.33486389e+02,
       7.96464607e-02, 5.56905212e+02, 5.02054779e+02, 3.25470686e-01,
       4.02099152e+02, 5.07893402e+02, 1.76410347e-01, 0., 0., 0.,
       9.13437561e+02, 4.13838898e+02, 7.75847673e-01, 9.15404480e+02,
       4.45123901e+02, 8.72825742e-01, 8.84058472e+02, 3.78558960e+02,
       8.40663612e-01, 0., 0., 0., 0., 0., 0., 0., 0., 0., 0., 0., 0.,
       0., 0., 0., 0., 0., 0., 0., 0., 0. ]
