%YAML:1.0
---
pose_0: !!opencv-matrix
   rows: 1
   cols: 25
   dt: "3f"
   data: [ 1.00939478e+03, 1.96451874e+02, 8.19926858e-01,
       8.84074402e+02, 2.37558319e+02, 2.47219741e-01, 8.35086914e+02,
       1.59198120e+02, 1.65613979e-01, 0., 0., 0., 0., 0., 0.,
       9.01703186e+02, 3.17839752e+02, 3.58641118e-01, 7.84178406e+02,
       4.45256439e+02, 7.41585851e-01, 8.74243835e+02, 2.96341644e+02,
       7.38647997e-01, 6.19577026e+02, 3.19848053e+02, 5.71195856e-02,
       0., 0., 0., 0., 0., 0., 0., 0., 0., 0., 0., 0., 0., 0., 0., 0.,
       0., 0., 1.00952887e+03, 1.70967621e+02, 8.22161198e-01,
       1.02509460e+03, 2.14069733e+02, 7.85472810e-01, 9.74178406e+02,
       1.47479492e+02, 3.57845783e-01, 1.01925610e+03, 2.45396164e+02,
       1.96402952e-01, 0., 0., 0., 0., 0., 0., 0., 0., 0., 0., 0., 0.,
       0., 0., 0., 0., 0., 0. ]
