%YAML:1.0
---
pose_0: !!opencv-matrix
   rows: 2
   cols: 25
   dt: "3f"
   data: [ 9.48747620e+02, 3.19753113e+02, 8.13133836e-01,
       8.46854736e+02, 2.94363373e+02, 5.61457336e-01, 8.56696655e+02,
       2.10179016e+02, 6.22017562e-01, 7.44956726e+02, 1.17997437e+02,
       8.38443875e-01, 8.07625000e+02, 2.84532990e+02, 7.39942312e-01,
       8.09598328e+02, 3.90355194e+02, 3.19617778e-01, 6.78336731e+02,
       4.31547638e+02, 7.49324918e-01, 7.54762512e+02, 4.09924042e+02,
       6.88842297e-01, 6.56809387e+02, 3.37478058e+02, 5.14961518e-02,
       0., 0., 0., 0., 0., 0., 0., 0., 0., 0., 0., 0., 0., 0., 0., 0.,
       0., 0., 9.66348572e+02, 2.90419006e+02, 8.13767970e-01,
       9.64398315e+02, 3.35587952e+02, 8.06116700e-01, 9.50704102e+02,
       2.55183868e+02, 3.65210176e-01, 0., 0., 0., 0., 0., 0., 0., 0.,
       0., 0., 0., 0., 0., 0., 0., 0., 0., 0., 0., 0., 0., 0., 0., 0.,
       0., 0., 0., 0., 0., 0., 0., 0., 0., 0., 0., 0., 0., 0., 0., 0.,
       0., 0., 0., 0., 0., 5.11821014e+02, 3.49206421e+02,
       7.10303709e-02, 5.13812866e+02, 3.13950958e+02, 5.70233166e-02,
       3.41409607e+02, 2.59118774e+02, 3.86207610e-01, 1.70938644e+02,
       2.90430084e+02, 3.12628508e-01, 5.05947876e+02, 3.78629974e+02,
       1.22043885e-01, 3.49192322e+02, 3.66866699e+02, 2.29788259e-01,
       1.06284531e+02, 3.68820953e+02, 8.30953494e-02, 0., 0., 0., 0.,
       0., 0., 0., 0., 0., 0., 0., 0., 5.53407936e+01, 3.92337402e+02,
       6.54427558e-02, 0., 0., 0., 0., 0., 0., 9.45442276e+01,
       2.29753891e+02, 7.04778656e-02, 0., 0., 0., 0., 0., 0. ]
