%YAML:1.0
---
pose_0: !!opencv-matrix
   rows: 1
   cols: 25
   dt: "3f"
   data: [ 1.06820239e+03, 2.43482010e+02, 7.47719109e-01,
       9.29121887e+02, 2.41449936e+02, 2.56662518e-01, 9.19309326e+02,
       1.43521378e+02, 3.10528487e-01, 7.93980164e+02, 8.08429184e+01,
       3.54137182e-01, 8.39006470e+02, 2.70863708e+02, 4.28972185e-01,
       9.09529541e+02, 3.35535492e+02, 2.63224632e-01, 7.54790588e+02,
       4.74549500e+02, 6.43194437e-01, 8.99787598e+02, 4.15912598e+02,
       6.89927399e-01, 0., 0., 0., 0., 0., 0., 0., 0., 0., 0., 0., 0.,
       0., 0., 0., 0., 0., 0., 0., 0., 0., 1.08974158e+03,
       2.16027710e+02, 8.33026052e-01, 1.08977808e+03, 2.70886566e+02,
       7.97911167e-01, 1.07211548e+03, 1.80795120e+02, 3.78416806e-01,
       0., 0., 0., 0., 0., 0., 0., 0., 0., 0., 0., 0., 0., 0., 0., 0.,
       0., 0., 0., 0., 0. ]
