%YAML:1.0
---
pose_0: !!opencv-matrix
   rows: 1
   cols: 25
   dt: "3f"
   data: [ 9.36976379e+02, 1.80778839e+02, 7.87887931e-01,
       8.25284119e+02, 1.88572235e+02, 6.40620232e-01, 8.23324585e+02,
       1.06292786e+02, 6.58526421e-01, 7.07741394e+02, 3.57790298e+01,
       6.67642832e-01, 6.05935303e+02, 2.59397259e+01, 7.84406841e-01,
       8.23350708e+02, 2.74757599e+02, 6.66939557e-01, 7.27263000e+02,
       3.39465607e+02, 7.15228558e-01, 6.17617493e+02, 4.27534424e+02,
       6.70621693e-01, 5.74560913e+02, 2.25783264e+02, 2.49083459e-01,
       5.78448120e+02, 1.68979965e+02, 3.00905913e-01, 3.68781311e+02,
       1.72876541e+02, 2.37407893e-01, 0., 0., 0., 5.86291382e+02,
       2.70875427e+02, 3.34761620e-01, 3.96219879e+02, 3.00257965e+02,
       2.01719701e-01, 3.74690979e+02, 2.84567413e+02, 7.19607621e-02,
       9.46822510e+02, 1.61131363e+02, 8.63217413e-01, 9.50677734e+02,
       1.96497635e+02, 8.32301676e-01, 9.23243042e+02, 1.33829224e+02,
       6.25741005e-01, 9.42856750e+02, 2.16031723e+02, 2.79682696e-01,
       0., 0., 0., 0., 0., 0., 0., 0., 0., 0., 0., 0., 0., 0., 0., 0.,
       0., 0. ]
