%YAML:1.0
---
pose_0: !!opencv-matrix
   rows: 1
   cols: 25
   dt: "3f"
   data: [ 9.33006531e+02, 2.88561768e+02, 7.85697937e-01,
       8.23368103e+02, 2.84588409e+02, 6.34742081e-01, 8.25290588e+02,
       2.04273010e+02, 6.73241198e-01, 7.15612549e+02, 1.16110039e+02,
       7.83055842e-01, 7.58736816e+02, 2.23827713e+02, 7.80338228e-01,
       8.17437622e+02, 3.78580627e+02, 5.56837559e-01, 6.82356445e+02,
       4.29524414e+02, 5.53566694e-01, 6.90103210e+02, 3.92305054e+02,
       6.74534082e-01, 5.80391846e+02, 2.78685455e+02, 2.52602696e-01,
       5.74534790e+02, 2.33648300e+02, 3.03229779e-01, 3.76655548e+02,
       2.47339523e+02, 2.23917484e-01, 1.76824814e+02, 2.78703033e+02,
       2.55012959e-01, 5.82356506e+02, 3.21824280e+02, 2.58449137e-01,
       3.66906433e+02, 3.68804718e+02, 4.08668935e-01, 1.68999023e+02,
       2.84570007e+02, 8.05002898e-02, 9.44762817e+02, 2.63028198e+02,
       7.86342740e-01, 9.48696350e+02, 3.06072021e+02, 8.08214545e-01,
       9.17325073e+02, 2.39502243e+02, 4.93661940e-01, 9.42815979e+02,
       3.29637238e+02, 9.56261978e-02, 0., 0., 0., 0., 0., 0., 0., 0.,
       0., 1.29800537e+02, 2.43404526e+02, 9.66360793e-02,
       1.33726730e+02, 2.41494827e+02, 7.57218003e-02, 0., 0., 0. ]
