%YAML:1.0
---
pose_0: !!opencv-matrix
   rows: 1
   cols: 25
   dt: "3f"
   data: [ 8.11549988e+02, 2.47368866e+02, 6.88255906e-01,
       7.68451416e+02, 2.90459045e+02, 5.53549588e-01, 7.58622375e+02,
       2.59102753e+02, 1.71891004e-01, 7.44900391e+02, 1.70930359e+02,
       2.94959247e-01, 8.23435669e+02, 1.67084152e+02, 4.23123688e-01,
       7.76398560e+02, 3.15942322e+02, 5.62097311e-01, 7.54760559e+02,
       2.17961029e+02, 3.83714795e-01, 8.50792297e+02, 2.25742737e+02,
       3.50432038e-01, 5.09908325e+02, 3.51202179e+02, 3.30648154e-01,
       5.09914063e+02, 3.08132233e+02, 4.21031177e-01, 3.51144012e+02,
       2.74855408e+02, 4.93434757e-01, 1.69011978e+02, 3.04090546e+02,
       3.47702801e-01, 5.09912384e+02, 3.92348297e+02, 3.65388036e-01,
       3.61010376e+02, 4.76580475e+02, 6.11326814e-01, 2.23857681e+02,
       5.92152893e+02, 4.00069058e-01, 8.19439453e+02, 2.41532562e+02,
       5.25273681e-01, 8.25343811e+02, 2.57123322e+02, 7.80390739e-01,
       0., 0., 0., 8.37035828e+02, 2.90561981e+02, 8.14622700e-01,
       1.35729019e+02, 5.82349121e+02, 8.53057057e-02, 1.47395279e+02,
       5.90247864e+02, 9.33922678e-02, 2.10169861e+02, 6.03973022e+02,
       2.86686927e-01, 1.51356628e+02, 3.15906250e+02, 1.11924224e-01,
       0., 0., 0., 1.59185684e+02, 3.04199982e+02, 2.31830820e-01 ]
