%YAML:1.0
---
pose_0: !!opencv-matrix
   rows: 1
   cols: 25
   dt: "3f"
   data: [ 8.50731628e+02, 1.31714066e+02, 1.84676468e-01,
       7.72343811e+02, 1.47411240e+02, 4.23500776e-01, 7.58633667e+02,
       8.66791840e+01, 2.19287723e-01, 0., 0., 0., 0., 0., 0.,
       7.76305115e+02, 1.92504166e+02, 4.18765485e-01, 8.70354675e+02,
       2.41379959e+02, 8.29289019e-01, 9.19338257e+02, 1.51358994e+02,
       5.05946338e-01, 5.23600830e+02, 1.76809967e+02, 1.21665262e-01,
       5.19654846e+02, 1.78765930e+02, 9.05655697e-02, 3.45295532e+02,
       1.82697113e+02, 1.68557957e-01, 1.70923050e+02, 1.86624146e+02,
       2.44583175e-01, 5.25567566e+02, 1.88558990e+02, 1.34849086e-01,
       3.51171112e+02, 1.88562515e+02, 1.27120391e-01, 1.65081894e+02,
       1.88564560e+02, 1.14137217e-01, 8.54720398e+02, 1.12186798e+02,
       2.07170948e-01, 8.68352173e+02, 1.21965614e+02, 1.26630425e-01,
       8.21326660e+02, 8.47004013e+01, 7.14882389e-02, 0., 0., 0.,
       1.06278702e+02, 1.94457123e+02, 8.15563947e-02, 0., 0., 0., 0.,
       0., 0., 1.21976837e+02, 1.90555389e+02, 8.98474157e-02, 0., 0.,
       0., 0., 0., 0. ]
