%YAML:1.0
---
pose_0: !!opencv-matrix
   rows: 1
   cols: 25
   dt: "3f"
   data: [ 9.78132874e+02, 2.59143951e+02, 7.40427375e-01,
       8.37021545e+02, 2.59090302e+02, 5.28853536e-01, 8.37013306e+02,
       1.67060028e+02, 5.69582105e-01, 6.82270264e+02, 1.31672165e+02,
       8.15760434e-01, 6.46973694e+02, 1.98349472e+02, 7.19720066e-01,
       8.27292725e+02, 3.64871094e+02, 4.92733836e-01, 6.78307861e+02,
       4.09915466e+02, 6.52806997e-01, 7.09707947e+02, 3.51121796e+02,
       7.71223366e-01, 4.84404846e+02, 3.00233917e+02, 1.28901288e-01,
       4.94174988e+02, 2.41432785e+02, 1.90557301e-01, 3.11987030e+02,
       2.57170868e+02, 3.99630249e-01, 1.47378479e+02, 2.84541473e+02,
       4.26674485e-01, 4.86357544e+02, 3.51176971e+02, 1.44613937e-01,
       3.17890808e+02, 3.41372589e+02, 3.24795157e-01, 1.27840469e+02,
       3.41417053e+02, 3.05903703e-01, 9.87906677e+02, 2.41390564e+02,
       8.19310665e-01, 9.93785706e+02, 2.78733398e+02, 7.29271531e-01,
       9.50659119e+02, 2.02310501e+02, 3.73327136e-01, 9.80027344e+02,
       3.06249878e+02, 9.70275849e-02, 4.36471825e+01, 3.57054688e+02,
       1.47557929e-01, 5.53848305e+01, 3.66887390e+02, 1.56042978e-01,
       1.08243904e+02, 3.35483337e+02, 1.73250467e-01, 1.14141457e+02,
       2.43385117e+02, 1.32518604e-01, 1.14112228e+02, 2.43473099e+02,
       1.24156281e-01, 1.29825562e+02, 2.90431641e+02, 3.25895131e-01 ]
