%YAML:1.0
---
pose_0: !!opencv-matrix
   rows: 1
   cols: 25
   dt: "3f"
   data: [ 9.36982300e+02, 2.23878876e+02, 8.16984117e-01,
       8.09683777e+02, 2.27779633e+02, 6.83434069e-01, 8.11611206e+02,
       1.43519653e+02, 6.61273658e-01, 7.03857544e+02, 8.67956238e+01,
       7.23030686e-01, 6.82293701e+02, 1.29799103e+02, 8.89418960e-01,
       8.13532104e+02, 3.11986053e+02, 6.28513753e-01, 7.15627380e+02,
       3.90375458e+02, 7.95006216e-01, 6.19657593e+02, 3.98185120e+02,
       8.53791118e-01, 5.84305054e+02, 2.47338959e+02, 1.44933298e-01,
       6.07832520e+02, 1.98387070e+02, 1.64979637e-01, 5.58856689e+02,
       1.65042786e+02, 2.62474746e-01, 3.64876373e+02, 2.12131699e+02,
       3.12089980e-01, 5.54943115e+02, 3.06102478e+02, 1.53873488e-01,
       3.53148834e+02, 2.72835022e+02, 1.27102703e-01, 1.61113129e+02,
       2.59067902e+02, 1.90969110e-01, 9.36965210e+02, 1.96530045e+02,
       8.52857411e-01, 9.50703796e+02, 2.31659348e+02, 7.21089900e-01,
       8.99702576e+02, 1.78723450e+02, 7.21583664e-01, 9.33003784e+02,
       2.53261032e+02, 2.53939569e-01, 1.00378349e+02, 2.86502686e+02,
       1.24439947e-01, 1.08236961e+02, 2.88483948e+02, 1.67111248e-01,
       1.16088432e+02, 2.57154236e+02, 5.08987643e-02, 0., 0., 0., 0.,
       0., 0., 0., 0., 0. ]
