%YAML:1.0
---
pose_0: !!opencv-matrix
   rows: 1
   cols: 25
   dt: "3f"
   data: [ 8.74308960e+02, 2.90499359e+02, 7.30017304e-01,
       7.93966370e+02, 2.76767212e+02, 6.87295139e-01, 8.05692749e+02,
       2.12056122e+02, 7.39689112e-01, 6.99883179e+02, 1.33668961e+02,
       7.77920783e-01, 7.41019470e+02, 2.10120987e+02, 7.82755256e-01,
       7.88003906e+02, 3.59005035e+02, 5.20395756e-01, 7.31312195e+02,
       4.29613098e+02, 6.70697629e-01, 6.99904419e+02, 4.96195038e+02,
       4.50194657e-01, 5.39263550e+02, 2.84558380e+02, 2.75079608e-01,
       5.41234985e+02, 2.39493332e+02, 3.66629481e-01, 3.53121155e+02,
       2.61068390e+02, 2.80129492e-01, 1.76822235e+02, 2.57151947e+02,
       2.40220934e-01, 5.31406006e+02, 3.33578247e+02, 3.26194495e-01,
       3.51129608e+02, 3.35443420e+02, 4.60766375e-01, 1.63137329e+02,
       3.25710754e+02, 3.88772964e-01, 8.91913818e+02, 2.74716156e+02,
       7.73987591e-01, 8.88033386e+02, 3.08128082e+02, 7.66583323e-01,
       8.82117859e+02, 2.45379364e+02, 5.11735559e-01, 8.84096069e+02,
       3.35476563e+02, 1.27119392e-01, 1.00391731e+02, 3.53109497e+02,
       3.97207111e-01, 1.04365005e+02, 3.53212921e+02, 3.95057440e-01,
       1.47448425e+02, 3.11996185e+02, 1.78778797e-01, 1.33768616e+02,
       2.17985626e+02, 1.03697464e-01, 1.35669342e+02, 2.19950439e+02,
       7.51490444e-02, 0., 0., 0. ]
