%YAML:1.0
---
pose_0: !!opencv-matrix
   rows: 1
   cols: 25
   dt: "3f"
   data: [ 9.76134949e+02, 2.88490021e+02, 7.97135472e-01,
       8.64434448e+02, 2.98268585e+02, 6.13206744e-01, 8.42960693e+02,
       2.14075577e+02, 5.96560299e-01, 7.62589417e+02, 1.39572281e+02,
       7.02773094e-01, 8.07649109e+02, 2.10128876e+02, 5.99611878e-01,
       8.78205444e+02, 3.80528595e+02, 6.06440663e-01, 8.07714539e+02,
       4.62838776e+02, 3.91820371e-01, 8.31192200e+02, 4.54995361e+02,
       3.07916701e-01, 5.58853027e+02, 3.10046936e+02, 1.73878059e-01,
       5.52956055e+02, 2.82627899e+02, 2.58835495e-01, 3.68850891e+02,
       3.10077179e+02, 1.01890206e-01, 0., 0., 0., 5.88239319e+02,
       3.72727844e+02, 7.93297067e-02, 3.62919861e+02, 4.35440582e+02,
       1.47174135e-01, 1.96444138e+02, 5.09901764e+02, 7.17739612e-02,
       9.80071350e+02, 2.61127899e+02, 8.02399516e-01, 9.85951355e+02,
       3.04157806e+02, 7.72911072e-01, 9.50676758e+02, 2.41380920e+02,
       6.13974929e-01, 9.76145508e+02, 3.21831604e+02, 1.23171106e-01,
       0., 0., 0., 0., 0., 0., 0., 0., 0., 0., 0., 0., 0., 0., 0., 0.,
       0., 0. ]
