%YAML:1.0
---
pose_0: !!opencv-matrix
   rows: 1
   cols: 25
   dt: "3f"
   data: [ 9.29072754e+02, 2.88552673e+02, 8.51554036e-01,
       8.07688354e+02, 2.90465302e+02, 6.87471628e-01, 8.19395081e+02,
       2.08181259e+02, 6.35191858e-01, 6.96025146e+02, 1.57262024e+02,
       7.14441180e-01, 5.72576965e+02, 1.51367538e+02, 8.22937369e-01,
       7.94010864e+02, 3.62962677e+02, 6.22027218e-01, 7.09690369e+02,
       4.11855133e+02, 7.12673128e-01, 6.17684937e+02, 4.56995728e+02,
       8.01271677e-01, 5.58835388e+02, 2.90462494e+02, 3.54666919e-01,
       5.56909485e+02, 2.55137268e+02, 3.98169458e-01, 3.86450775e+02,
       2.98286072e+02, 1.78465202e-01, 3.64902893e+02, 3.04157928e+02,
       8.30658972e-02, 5.54937866e+02, 3.33540039e+02, 3.69696081e-01,
       4.04074036e+02, 3.60957001e+02, 2.11886346e-01, 3.51185455e+02,
       3.37422089e+02, 1.71175584e-01, 9.33062134e+02, 2.70887115e+02,
       8.69675636e-01, 9.35013489e+02, 3.04057312e+02, 7.69090176e-01,
       9.03654724e+02, 2.43536179e+02, 7.00904548e-01, 9.17350342e+02,
       3.21787445e+02, 2.63820708e-01, 0., 0., 0., 0., 0., 0.,
       3.53171661e+02, 3.31594116e+02, 1.04352482e-01, 0., 0., 0., 0.,
       0., 0., 0., 0., 0. ]
