%YAML:1.0
---
pose_0: !!opencv-matrix
   rows: 1
   cols: 25
   dt: "3f"
   data: [ 9.32974304e+02, 1.80812561e+02, 7.97973275e-01,
       8.21373230e+02, 2.08152481e+02, 6.90661490e-01, 8.07668701e+02,
       1.17985619e+02, 7.08869100e-01, 6.74461914e+02, 8.46694565e+01,
       6.67065263e-01, 5.56851746e+02, 8.48175354e+01, 7.77608514e-01,
       8.29191467e+02, 2.94359100e+02, 6.21653616e-01, 6.99883362e+02,
       3.39485931e+02, 7.58426726e-01, 5.66676086e+02, 3.82579071e+02,
       7.79406369e-01, 5.78439880e+02, 2.14066528e+02, 2.16088071e-01,
       5.72548523e+02, 1.67035706e+02, 2.94015497e-01, 3.53162201e+02,
       1.80758972e+02, 2.71292090e-01, 0., 0., 0., 5.88244385e+02,
       2.70860382e+02, 1.75301567e-01, 4.62857117e+02, 2.92450134e+02,
       8.84856358e-02, 3.41372711e+02, 3.35518799e+02, 2.34493524e-01,
       9.42789185e+02, 1.61168045e+02, 8.31369519e-01, 9.48684448e+02,
       1.96467834e+02, 8.58932078e-01, 9.15391418e+02, 1.37662262e+02,
       6.82241380e-01, 9.33064819e+02, 2.23794464e+02, 3.75954241e-01,
       0., 0., 0., 0., 0., 0., 3.33564789e+02, 3.39425446e+02,
       7.59093910e-02, 0., 0., 0., 0., 0., 0., 0., 0., 0. ]
