%YAML:1.0
---
pose_0: !!opencv-matrix
   rows: 1
   cols: 25
   dt: "3f"
   data: [ 9.03623291e+02, 3.55166046e+02, 8.15370381e-01,
       8.05739807e+02, 3.25737274e+02, 5.67179859e-01, 8.23306641e+02,
       2.74853302e+02, 7.51066625e-01, 7.56746155e+02, 2.41497513e+02,
       8.30033422e-01, 7.76238098e+02, 3.86475861e+02, 6.83069348e-01,
       7.68481689e+02, 3.80558075e+02, 4.20729339e-01, 6.70541504e+02,
       4.17776733e+02, 7.10205674e-01, 6.37294067e+02, 4.82480133e+02,
       7.37465560e-01, 5.60809143e+02, 3.39440582e+02, 2.92018980e-01,
       5.51029175e+02, 3.13935547e+02, 2.90955007e-01, 3.37484131e+02,
       3.92346802e+02, 4.34586048e-01, 1.78797501e+02, 3.25726471e+02,
       5.23461163e-01, 5.60799500e+02, 3.66901184e+02, 2.11534202e-01,
       3.29644897e+02, 4.15866852e+02, 2.33734861e-01, 1.43510818e+02,
       4.53057159e+02, 2.72028327e-01, 9.13473755e+02, 3.35509003e+02,
       8.68880153e-01, 9.17436218e+02, 3.66779266e+02, 7.92148054e-01,
       8.82132568e+02, 3.04180267e+02, 7.28087664e-01, 0., 0., 0.,
       1.02355911e+02, 4.21693481e+02, 6.24358766e-02, 1.02433121e+02,
       4.31468536e+02, 6.38863519e-02, 1.20027016e+02, 4.62832825e+02,
       1.68034866e-01, 1.37628418e+02, 3.64896881e+02, 1.58990353e-01,
       1.33700943e+02, 3.53131165e+02, 1.53039500e-01, 1.67013718e+02,
       3.10057281e+02, 2.67416656e-01 ]
