%YAML:1.0
---
pose_0: !!opencv-matrix
   rows: 1
   cols: 25
   dt: "3f"
   data: [ 8.72287537e+02, 4.53070435e+02, 7.11611509e-01,
       7.99815613e+02, 4.76561371e+02, 6.94418132e-01, 7.95883606e+02,
       4.13898132e+02, 6.19044542e-01, 7.91993958e+02, 3.72708984e+02,
       2.50315607e-01, 8.09637329e+02, 3.66807251e+02, 2.87663162e-01,
       8.07663696e+02, 5.33377686e+02, 5.91695905e-01, 9.29149902e+02,
       5.68659851e+02, 8.41540396e-01, 9.50642212e+02, 4.80492584e+02,
       7.52635360e-01, 5.98031860e+02, 4.68745605e+02, 2.41963923e-01,
       5.92142761e+02, 4.41277527e+02, 3.29699039e-01, 3.96271118e+02,
       4.45239014e+02, 3.69697809e-01, 0., 0., 0., 5.88220032e+02,
       5.21609924e+02, 1.28236890e-01, 0., 0., 0., 0., 0., 0.,
       8.84040344e+02, 4.45307007e+02, 6.89572334e-01, 8.86026611e+02,
       4.74568237e+02, 7.44301438e-01, 0., 0., 0., 8.70379211e+02,
       4.96230225e+02, 2.86774427e-01, 0., 0., 0., 0., 0., 0., 0., 0.,
       0., 0., 0., 0., 0., 0., 0., 0., 0., 0. ]
