%YAML:1.0
---
pose_0: !!opencv-matrix
   rows: 2
   cols: 25
   dt: "3f"
   data: [ 0., 0., 0., 0., 0., 0., 8.80156555e+02, 7.10765686e+01,
       7.58847743e-02, 7.07739319e+02, 3.96338081e+01, 4.80703324e-01,
       5.78442993e+02, 2.40581684e+01, 7.92708695e-01, 0., 0., 0., 0.,
       0., 0., 0., 0., 0., 0., 0., 0., 0., 0., 0., 0., 0., 0., 0., 0.,
       0., 0., 0., 0., 0., 0., 0., 0., 0., 0., 0., 0., 0., 0., 0., 0.,
       0., 0., 0., 0., 0., 0., 0., 0., 0., 0., 0., 0., 0., 0., 0., 0.,
       0., 0., 0., 0., 0., 0., 0., 0., 1.08587537e+03, 1.57250549e+02,
       3.95086378e-01, 9.15416931e+02, 1.65040939e+02, 5.00820577e-01,
       9.44746643e+02, 2.41449661e+02, 3.74163896e-01, 8.86032104e+02,
       3.68780365e+02, 1.22140460e-01, 1.02317963e+03, 2.59157654e+02,
       1.95653051e-01, 8.86062622e+02, 7.69153366e+01, 2.85617024e-01,
       7.11642029e+02, 3.97742653e+01, 1.54377490e-01, 0., 0., 0.,
       6.09784119e+02, 2.90450928e+02, 6.40230030e-02, 0., 0., 0., 0.,
       0., 0., 0., 0., 0., 0., 0., 0., 0., 0., 0., 0., 0., 0.,
       1.09170972e+03, 1.27850563e+02, 4.65381920e-01, 1.11133911e+03,
       1.76807770e+02, 5.78930795e-01, 1.05646411e+03, 1.12179008e+02,
       1.58749670e-01, 1.10544775e+03, 2.12122299e+02, 1.73746467e-01,
       0., 0., 0., 0., 0., 0., 0., 0., 0., 0., 0., 0., 0., 0., 0., 0.,
       0., 0. ]
