%YAML:1.0
---
pose_0: !!opencv-matrix
   rows: 1
   cols: 25
   dt: "3f"
   data: [ 9.78153381e+02, 3.04129639e+02, 7.91282237e-01,
       8.54763855e+02, 3.13983612e+02, 6.45249307e-01, 8.40932983e+02,
       2.25810028e+02, 6.59247398e-01, 7.25357300e+02, 1.88578629e+02,
       7.05334544e-01, 6.07868225e+02, 1.63124695e+02, 8.11074615e-01,
       8.70369995e+02, 4.02111877e+02, 5.33533990e-01, 7.29227539e+02,
       4.78587524e+02, 7.58704901e-01, 5.98058044e+02, 5.54875305e+02,
       6.16084635e-01, 6.35250671e+02, 3.41399323e+02, 9.38083231e-02,
       6.13710449e+02, 2.90432434e+02, 1.20920278e-01, 0., 0., 0., 0.,
       0., 0., 6.62688721e+02, 4.04076294e+02, 8.39649513e-02, 0., 0.,
       0., 0., 0., 0., 9.83977234e+02, 2.74716827e+02, 8.47872198e-01,
       9.93832947e+02, 3.17863220e+02, 7.73220301e-01, 9.54585876e+02,
       2.45441437e+02, 6.47319794e-01, 9.82038635e+02, 3.37439545e+02,
       1.25632316e-01, 0., 0., 0., 0., 0., 0., 0., 0., 0., 0., 0., 0.,
       0., 0., 0., 0., 0., 0. ]
