%YAML:1.0
---
pose_0: !!opencv-matrix
   rows: 1
   cols: 25
   dt: "3f"
   data: [ 9.36934814e+02, 2.35575180e+02, 6.62818074e-01,
       8.74284363e+02, 3.10035858e+02, 3.86758536e-01, 0., 0., 0., 0.,
       0., 0., 0., 0., 0., 8.87974915e+02, 3.21875977e+02,
       5.45005620e-01, 7.76258484e+02, 2.57123810e+02, 5.33234715e-01,
       8.46816467e+02, 1.78804001e+02, 2.34409600e-01, 6.78355103e+02,
       3.82511719e+02, 9.47406888e-02, 6.68564758e+02, 3.51169128e+02,
       7.60114789e-02, 0., 0., 0., 0., 0., 0., 6.94034424e+02,
       4.25613434e+02, 7.50269145e-02, 0., 0., 0., 0., 0., 0.,
       9.58497620e+02, 2.41410507e+02, 5.85965365e-02, 9.60479675e+02,
       2.45378082e+02, 8.26812446e-01, 0., 0., 0., 9.48707092e+02,
       3.08162781e+02, 8.11714828e-01, 0., 0., 0., 0., 0., 0., 0., 0.,
       0., 0., 0., 0., 0., 0., 0., 0., 0., 0. ]
