%YAML:1.0
---
pose_0: !!opencv-matrix
   rows: 1
   cols: 25
   dt: "3f"
   data: [ 9.48744629e+02, 2.68903107e+02, 7.04242945e-01,
       8.25258911e+02, 2.76782288e+02, 6.43884599e-01, 8.21305725e+02,
       1.96401627e+02, 6.90022826e-01, 7.11667908e+02, 1.23909637e+02,
       7.89259195e-01, 6.88161255e+02, 1.53344604e+02, 7.66722083e-01,
       8.29245850e+02, 3.64891632e+02, 5.84448993e-01, 7.07778503e+02,
       4.47189545e+02, 8.02063704e-01, 7.93979126e+02, 3.47224731e+02,
       6.26703739e-01, 5.98016052e+02, 2.76723785e+02, 1.45908564e-01,
       6.03908386e+02, 2.27787994e+02, 1.56547934e-01, 5.23560364e+02,
       2.08194168e+02, 2.83050746e-01, 3.60982880e+02, 2.55142441e+02,
       1.26052678e-01, 6.01930237e+02, 3.39409637e+02, 1.36407226e-01,
       4.76539154e+02, 3.72748291e+02, 5.83687946e-02, 1.33718796e+02,
       2.59093933e+02, 1.22515291e-01, 9.62508362e+02, 2.51228333e+02,
       8.06062579e-01, 9.60480896e+02, 2.88548462e+02, 7.52740145e-01,
       9.38947571e+02, 2.25853134e+02, 3.74355495e-01, 9.33083313e+02,
       3.12043182e+02, 2.90221632e-01, 9.84455795e+01, 2.10163315e+02,
       9.67089459e-02, 9.84398575e+01, 2.21872696e+02, 1.03893563e-01,
       1.06281219e+02, 2.70857300e+02, 9.11594257e-02, 0., 0., 0., 0.,
       0., 0., 0., 0., 0. ]
