%YAML:1.0
---
pose_0: !!opencv-matrix
   rows: 1
   cols: 25
   dt: "3f"
   data: [ 8.15506836e+02, 2.98288574e+02, 6.36053085e-01,
       7.56745239e+02, 3.02160370e+02, 6.76569819e-01, 7.70420166e+02,
       2.57063324e+02, 4.78285104e-01, 7.35159546e+02, 1.94432022e+02,
       7.69771338e-01, 8.07587585e+02, 2.72727875e+02, 7.38067448e-01,
       7.50845398e+02, 3.59021881e+02, 6.10847175e-01, 7.13704895e+02,
       4.60804840e+02, 8.59523773e-01, 7.91998596e+02, 3.94261292e+02,
       8.51308048e-01, 5.45126831e+02, 2.74756348e+02, 2.36177132e-01,
       5.39269836e+02, 2.35610962e+02, 3.04704070e-01, 3.70783691e+02,
       2.16010208e+02, 2.71844506e-01, 0., 0., 0., 5.37286865e+02,
       3.23773346e+02, 2.37625271e-01, 3.39442200e+02, 3.25753815e+02,
       2.45632797e-01, 1.76802689e+02, 3.37465698e+02, 1.90133408e-01,
       8.35062134e+02, 2.80642700e+02, 5.94855666e-01, 8.37063904e+02,
       3.06225830e+02, 6.30503356e-01, 8.35069092e+02, 2.59088226e+02,
       5.27339101e-01, 8.38963440e+02, 3.31585297e+02, 5.65990172e-02,
       1.14097939e+02, 3.51198669e+02, 1.72764748e-01, 1.23936012e+02,
       3.60997192e+02, 2.06048489e-01, 0., 0., 0., 0., 0., 0., 0., 0.,
       0., 0., 0., 0. ]
