%YAML:1.0
---
pose_0: !!opencv-matrix
   rows: 1
   cols: 25
   dt: "3f"
   data: [ 8.80116333e+02, 2.25801956e+02, 8.38604569e-01,
       7.91924561e+02, 2.06201263e+02, 6.57832384e-01, 7.93932495e+02,
       1.49436676e+02, 6.72890782e-01, 7.60625305e+02, 2.19886993e+02,
       7.81447530e-01, 7.29391968e+02, 3.41419037e+02, 7.80079365e-01,
       7.78265808e+02, 2.45451767e+02, 3.44721705e-01, 0., 0., 0., 0.,
       0., 0., 5.56894470e+02, 2.25804855e+02, 7.14155138e-02, 0., 0.,
       0., 0., 0., 0., 0., 0., 0., 0., 0., 0., 0., 0., 0., 0., 0., 0.,
       8.84077271e+02, 2.08135361e+02, 8.73456717e-01, 8.95810303e+02,
       2.31729858e+02, 7.35671699e-01, 8.64478149e+02, 1.86587204e+02,
       6.41658843e-01, 8.78172424e+02, 2.57182983e+02, 1.88785166e-01,
       0., 0., 0., 0., 0., 0., 0., 0., 0., 0., 0., 0., 0., 0., 0., 0.,
       0., 0. ]
