%YAML:1.0
---
pose_0: !!opencv-matrix
   rows: 1
   cols: 25
   dt: "3f"
   data: [ 9.46729431e+02, 2.74786682e+02, 8.28671873e-01,
       8.29222290e+02, 2.84554871e+02, 6.39306784e-01, 8.25317505e+02,
       1.96392685e+02, 6.66126788e-01, 6.72478394e+02, 1.63085114e+02,
       6.73103034e-01, 5.43157288e+02, 1.61153061e+02, 7.27471769e-01,
       8.21406067e+02, 3.70821869e+02, 5.16286135e-01, 6.99924255e+02,
       4.02131683e+02, 7.04712093e-01, 5.58889221e+02, 4.62815491e+02,
       7.60624647e-01, 5.96074585e+02, 2.80653534e+02, 1.49509951e-01,
       5.92148804e+02, 2.35583984e+02, 2.10577518e-01, 3.72719513e+02,
       2.39497025e+02, 2.16614246e-01, 3.33506989e+02, 2.23794891e+02,
       9.68262404e-02, 6.00008606e+02, 3.51197723e+02, 1.93936154e-01,
       3.64908203e+02, 3.84558533e+02, 2.55961299e-01, 1.55279083e+02,
       4.11898102e+02, 1.90185845e-01, 9.56564880e+02, 2.53236786e+02,
       8.22073102e-01, 9.64357971e+02, 2.88551727e+02, 8.50409150e-01,
       9.31034973e+02, 2.25851807e+02, 6.28458858e-01, 9.42864502e+02,
       3.06192719e+02, 7.53583312e-02, 0., 0., 0., 0., 0., 0., 0., 0.,
       0., 0., 0., 0., 0., 0., 0., 0., 0., 0. ]
