%YAML:1.0
---
pose_0: !!opencv-matrix
   rows: 1
   cols: 25
   dt: "3f"
   data: [ 8.66442566e+02, 4.31469421e+02, 8.24455619e-01,
       7.74338562e+02, 4.78576385e+02, 6.60465419e-01, 7.48913330e+02,
       4.49141022e+02, 4.46887225e-01, 6.00027954e+02, 4.21738892e+02,
       6.65611386e-01, 5.54933105e+02, 3.72706238e+02, 7.28833914e-01,
       7.92022949e+02, 5.11816650e+02, 6.51606202e-01, 6.97923706e+02,
       4.31525696e+02, 6.68164670e-01, 6.17707764e+02, 3.33580353e+02,
       8.38664055e-01, 5.09841003e+02, 5.07915771e+02, 3.09815109e-01,
       5.11850952e+02, 4.72620911e+02, 3.33828032e-01, 3.74687744e+02,
       4.15869843e+02, 4.18258399e-01, 1.92488937e+02, 4.45145447e+02,
       4.72049743e-01, 5.13781616e+02, 5.51021973e+02, 2.30600178e-01,
       3.49222534e+02, 5.86302368e+02, 2.05277771e-01, 1.96391479e+02,
       6.48943848e+02, 1.27484575e-01, 8.68469116e+02, 4.17872742e+02,
       8.25900674e-01, 8.78170410e+02, 4.47106812e+02, 8.21273506e-01,
       8.46854919e+02, 4.13861206e+02, 2.36340046e-01, 8.66369019e+02,
       4.76599091e+02, 7.34749973e-01, 0., 0., 0., 0., 0., 0., 0., 0.,
       0., 1.67014938e+02, 4.72650238e+02, 1.17401503e-01,
       1.63099747e+02, 4.62859802e+02, 1.20866634e-01, 1.76816483e+02,
       4.49159027e+02, 2.88485169e-01 ]
