%YAML:1.0
---
pose_0: !!opencv-matrix
   rows: 1
   cols: 25
   dt: "3f"
   data: [ 1.00936157e+03, 2.10164398e+02, 7.14455724e-01,
       8.72308594e+02, 2.31721115e+02, 5.51829576e-01, 8.54743469e+02,
       1.43530350e+02, 5.92484832e-01, 7.13580688e+02, 1.00350746e+02,
       6.91366196e-01, 5.76498779e+02, 8.86618958e+01, 7.94437587e-01,
       8.84091003e+02, 3.31586334e+02, 5.56826711e-01, 7.42932800e+02,
       3.98230530e+02, 7.39810109e-01, 7.78236084e+02, 2.64994751e+02,
       7.25387216e-01, 6.01956665e+02, 2.43418243e+02, 8.09017196e-02,
       6.03911804e+02, 2.04227600e+02, 1.37342095e-01, 5.37272766e+02,
       1.67065552e+02, 1.10871941e-01, 0., 0., 0., 5.82365845e+02,
       2.74806824e+02, 7.65912309e-02, 4.92211731e+02, 3.19805359e+02,
       6.02338538e-02, 0., 0., 0., 1.01726788e+03, 1.92434296e+02,
       7.75236845e-01, 1.02318463e+03, 2.37532257e+02, 7.58512974e-01,
       9.85946960e+02, 1.63127243e+02, 2.67554820e-01, 9.97682617e+02,
       2.72768127e+02, 3.42823297e-01, 0., 0., 0., 0., 0., 0., 0., 0.,
       0., 0., 0., 0., 0., 0., 0., 0., 0., 0. ]
