%YAML:1.0
---
pose_0: !!opencv-matrix
   rows: 1
   cols: 25
   dt: "3f"
   data: [ 1.04474011e+03, 2.59131866e+02, 7.34095097e-01,
       9.13467163e+02, 2.76734589e+02, 3.79494041e-01, 9.11492188e+02,
       1.92469879e+02, 3.75382811e-01, 8.84119751e+02, 1.37621796e+02,
       9.68266279e-02, 0., 0., 0., 9.03681885e+02, 3.66873566e+02,
       2.70307511e-01, 7.25361511e+02, 4.60896118e+02, 6.19338751e-01,
       8.54641418e+02, 3.68803619e+02, 5.29386342e-01, 5.66695496e+02,
       3.51191193e+02, 5.09715341e-02, 0., 0., 0., 0., 0., 0., 0., 0.,
       0., 0., 0., 0., 0., 0., 0., 0., 0., 0., 1.06428040e+03,
       2.43413498e+02, 8.25633049e-01, 1.06233020e+03, 2.90449921e+02,
       6.94748104e-01, 1.01726923e+03, 2.12038422e+02, 1.87287569e-01,
       1.05445557e+03, 3.23736206e+02, 1.34809688e-01, 0., 0., 0., 0.,
       0., 0., 0., 0., 0., 0., 0., 0., 0., 0., 0., 0., 0., 0. ]
