%YAML:1.0
---
pose_0: !!opencv-matrix
   rows: 1
   cols: 25
   dt: "3f"
   data: [ 9.78028442e+02, 2.53249283e+02, 7.40820646e-01,
       8.37094788e+02, 2.61112518e+02, 4.93520498e-01, 8.38967407e+02,
       1.69004257e+02, 6.54572546e-01, 6.86201660e+02, 1.33747742e+02,
       6.59238338e-01, 6.01993652e+02, 1.64999756e+02, 8.37168038e-01,
       8.40932861e+02, 3.66896027e+02, 5.45044303e-01, 6.97884583e+02,
       4.31460419e+02, 7.02146530e-01, 7.78249268e+02, 3.06175446e+02,
       7.45086491e-01, 5.07899384e+02, 3.13960907e+02, 8.67113546e-02,
       5.25556152e+02, 2.29738388e+02, 1.56982124e-01, 3.39425690e+02,
       2.31673264e+02, 2.16387138e-01, 1.67054535e+02, 2.84566956e+02,
       2.28017047e-01, 5.09885620e+02, 3.60973816e+02, 1.82244614e-01,
       3.21838715e+02, 3.35441589e+02, 2.02343121e-01, 1.12164841e+02,
       3.47240417e+02, 3.30057830e-01, 9.82086731e+02, 2.27727386e+02,
       8.31152618e-01, 9.89865234e+02, 2.72745728e+02, 7.24818230e-01,
       9.50727783e+02, 2.02315567e+02, 5.39721549e-01, 9.66374329e+02,
       2.94338623e+02, 2.29527667e-01, 4.35795097e+01, 3.60966858e+02,
       1.63002014e-01, 5.33983841e+01, 3.66880585e+02, 1.76232561e-01,
       1.00366524e+02, 3.35497620e+02, 1.56412274e-01, 0., 0., 0., 0.,
       0., 0., 0., 0., 0. ]
