%YAML:1.0
---
pose_0: !!opencv-matrix
   rows: 1
   cols: 25
   dt: "3f"
   data: [ 9.32998840e+02, 2.39502655e+02, 7.25622714e-01,
       8.66419556e+02, 2.94370209e+02, 5.86866915e-01, 8.62536926e+02,
       2.76750275e+02, 3.44711602e-01, 0., 0., 0., 0., 0., 0.,
       8.68369690e+02, 3.19891083e+02, 5.66814065e-01, 7.70448669e+02,
       3.70791321e+02, 2.60187685e-01, 6.50943665e+02, 3.90384491e+02,
       1.02747902e-01, 7.11644592e+02, 2.96325226e+02, 1.77718312e-01,
       7.21446106e+02, 2.82606262e+02, 2.28099197e-01, 3.02204407e+02,
       3.10082092e+02, 1.72361687e-01, 0., 0., 0., 7.11624390e+02,
       2.92438721e+02, 1.14393070e-01, 3.00253204e+02, 3.15932007e+02,
       1.00757204e-01, 0., 0., 0., 9.44753174e+02, 2.29746704e+02,
       6.67465031e-01, 9.48757996e+02, 2.59061066e+02, 8.68135631e-01,
       0., 0., 0., 9.31060181e+02, 3.06121429e+02, 8.76417994e-01, 0.,
       0., 0., 0., 0., 0., 0., 0., 0., 0., 0., 0., 0., 0., 0., 0., 0.,
       0. ]
