%YAML:1.0
---
pose_0: !!opencv-matrix
   rows: 1
   cols: 25
   dt: "3f"
   data: [ 8.88028259e+02, 3.68921143e+02, 8.24525058e-01,
       7.97878662e+02, 4.13941437e+02, 7.26888955e-01, 7.72392517e+02,
       3.80507141e+02, 4.53374267e-01, 6.11768860e+02, 4.00181519e+02,
       9.71788019e-02, 5.78442261e+02, 4.02148804e+02, 9.00592059e-02,
       8.25339600e+02, 4.60820770e+02, 6.87304795e-01, 7.66553650e+02,
       4.92187500e+02, 7.24133968e-01, 7.62626892e+02, 3.55080017e+02,
       7.50564218e-01, 5.64740723e+02, 4.60873657e+02, 2.92912930e-01,
       5.60798035e+02, 4.19777924e+02, 3.62092197e-01, 3.59002625e+02,
       3.98260193e+02, 3.87188137e-01, 1.51335724e+02, 3.84567749e+02,
       4.54948783e-01, 5.70577637e+02, 5.02050781e+02, 2.49310166e-01,
       3.78600006e+02, 5.27519165e+02, 1.58804789e-01, 0., 0., 0.,
       8.95810242e+02, 3.55131226e+02, 8.01012576e-01, 9.03626953e+02,
       3.82608215e+02, 8.44286203e-01, 8.70350586e+02, 3.51178925e+02,
       4.19386804e-01, 8.97816589e+02, 4.11907074e+02, 6.73457563e-01,
       0., 0., 0., 0., 0., 0., 0., 0., 0., 1.23929504e+02,
       3.37501648e+02, 1.66694835e-01, 1.23931007e+02, 3.39478516e+02,
       1.29598722e-01, 1.39575043e+02, 3.98231110e+02, 3.08652341e-01 ]
