%YAML:1.0
---
pose_0: !!opencv-matrix
   rows: 1
   cols: 25
   dt: "3f"
   data: [ 8.80141785e+02, 1.98334824e+02, 7.81903982e-01,
       7.90015076e+02, 1.78817673e+02, 7.39075422e-01, 7.91996460e+02,
       1.17987320e+02, 7.56870866e-01, 7.45059143e+02, 1.82719330e+02,
       8.40295196e-01, 7.44999695e+02, 3.06180481e+02, 8.15588057e-01,
       7.78291748e+02, 2.45432419e+02, 4.67829943e-01, 7.35201355e+02,
       2.86475494e+02, 1.28715277e-01, 0., 0., 0., 5.80400635e+02,
       1.74862366e+02, 1.28688753e-01, 5.78431702e+02, 1.68980774e+02,
       1.18555680e-01, 3.59015991e+02, 3.10022491e+02, 4.10472274e-01,
       1.88594971e+02, 2.43427505e+02, 3.74098748e-01, 6.50945862e+02,
       2.12093475e+02, 9.03918445e-02, 7.27337524e+02, 2.76762604e+02,
       1.79258779e-01, 5.41199463e+02, 3.15906738e+02, 5.44373870e-01,
       8.86049133e+02, 1.78867004e+02, 8.52263272e-01, 8.97759583e+02,
       2.10097672e+02, 7.19628096e-01, 8.68325928e+02, 1.57259811e+02,
       7.03080416e-01, 8.76240173e+02, 2.27857529e+02, 2.19648287e-01,
       5.00067932e+02, 3.15948425e+02, 2.41106540e-01, 5.05919769e+02,
       3.19808685e+02, 2.72130072e-01, 5.25577087e+02, 3.11970001e+02,
       3.62259328e-01, 0., 0., 0., 0., 0., 0., 1.65085800e+02,
       2.25787552e+02, 1.96656659e-01 ]
