%YAML:1.0
---
pose_0: !!opencv-matrix
   rows: 1
   cols: 25
   dt: "3f"
   data: [ 8.84074341e+02, 2.39511734e+02, 8.14874649e-01,
       7.76345764e+02, 2.68923523e+02, 6.18155599e-01, 7.60692627e+02,
       1.98413177e+02, 5.02494633e-01, 0., 0., 0., 0., 0., 0.,
       7.90043823e+02, 3.29623138e+02, 6.67209029e-01, 7.25370911e+02,
       3.39477875e+02, 7.87745535e-01, 8.01771667e+02, 2.39462067e+02,
       5.08079171e-01, 5.29462402e+02, 2.53238281e+02, 2.21091226e-01,
       5.29470825e+02, 2.19939362e+02, 2.99945980e-01, 3.49217560e+02,
       2.57151367e+02, 2.71762788e-01, 1.47374695e+02, 2.74774536e+02,
       1.31770581e-01, 5.13807068e+02, 2.98281586e+02, 1.31950527e-01,
       3.72715088e+02, 3.06194092e+02, 1.76725000e-01, 0., 0., 0.,
       8.87992981e+02, 2.23851807e+02, 8.40462565e-01, 8.95782776e+02,
       2.53196075e+02, 7.79085875e-01, 8.64476685e+02, 2.08194153e+02,
       3.06051105e-01, 8.82088440e+02, 2.78665771e+02, 5.11827528e-01,
       0., 0., 0., 0., 0., 0., 0., 0., 0., 0., 0., 0., 0., 0., 0., 0.,
       0., 0. ]
