%YAML:1.0
---
pose_0: !!opencv-matrix
   rows: 2
   cols: 25
   dt: "3f"
   data: [ 9.15469360e+02, 4.76623749e+02, 8.46676469e-01,
       8.37075256e+02, 4.96162445e+02, 5.53162277e-01, 8.37056580e+02,
       4.47143585e+02, 2.54738778e-01, 0., 0., 0., 0., 0., 0.,
       8.42908813e+02, 5.49084412e+02, 5.62558293e-01, 9.36972595e+02,
       5.88179321e+02, 8.39896023e-01, 9.52622009e+02, 5.00068848e+02,
       5.35611629e-01, 6.62669922e+02, 4.62869537e+02, 1.18954547e-01,
       6.50929871e+02, 4.33467651e+02, 6.81778342e-02, 0., 0., 0., 0.,
       0., 0., 6.37220886e+02, 4.76555695e+02, 7.79087022e-02, 0., 0.,
       0., 0., 0., 0., 9.15455505e+02, 4.60903442e+02, 8.59665990e-01,
       9.31039429e+02, 4.86357361e+02, 7.49347270e-01, 8.99661377e+02,
       4.51069244e+02, 1.72200814e-01, 9.17400391e+02, 5.09823914e+02,
       3.57444555e-01, 0., 0., 0., 0., 0., 0., 0., 0., 0., 0., 0., 0.,
       0., 0., 0., 0., 0., 0., 0., 0., 0., 0., 0., 0., 8.09620850e+02,
       3.74682800e+02, 9.75780711e-02, 8.66390503e+02, 3.62960693e+02,
       7.78996468e-01, 8.76215454e+02, 4.47251984e+02, 7.81240702e-01,
       0., 0., 0., 0., 0., 0., 0., 0., 0., 0., 0., 0., 0., 0., 0., 0.,
       0., 0., 0., 0., 0., 0., 0., 0., 0., 0., 0., 0., 0., 0., 0., 0.,
       0., 0., 0., 0., 0., 0., 0., 0., 0., 0., 0., 0., 0., 0., 0., 0.,
       0., 0., 0., 0., 0., 0., 0., 0., 0., 0., 0., 0. ]
