%YAML:1.0
---
pose_0: !!opencv-matrix
   rows: 1
   cols: 25
   dt: "3f"
   data: [ 1.04474463e+03, 2.23815857e+02, 6.77221715e-01,
       9.15401733e+02, 2.39490265e+02, 2.90694356e-01, 9.11501953e+02,
       2.04234940e+02, 6.83154985e-02, 0., 0., 0., 0., 0., 0.,
       8.99761169e+02, 2.94368042e+02, 1.42433494e-01, 9.29133789e+02,
       4.78528564e+02, 6.77880168e-01, 1.05838196e+03, 3.55121521e+02,
       4.33576435e-01, 0., 0., 0., 0., 0., 0., 0., 0., 0., 0., 0., 0.,
       0., 0., 0., 0., 0., 0., 0., 0., 0., 1.04087695e+03,
       1.84665451e+02, 7.97219872e-01, 1.06624487e+03, 2.31697388e+02,
       5.06905437e-01, 9.93807312e+02, 1.57219208e+02, 3.04296732e-01,
       0., 0., 0., 0., 0., 0., 0., 0., 0., 0., 0., 0., 0., 0., 0., 0.,
       0., 0., 0., 0., 0. ]
