%YAML:1.0
---
pose_0: !!opencv-matrix
   rows: 1
   cols: 25
   dt: "3f"
   data: [ 8.37107239e+02, 2.14113083e+02, 8.21942687e-01,
       7.76369385e+02, 2.82613525e+02, 4.86797541e-01, 7.62618958e+02,
       2.61087952e+02, 2.12957934e-01, 6.72474182e+02, 2.55164474e+02,
       7.71888644e-02, 0., 0., 0., 7.90068848e+02, 2.94401184e+02,
       5.37108302e-01, 6.66573486e+02, 2.43499146e+02, 6.91414773e-01,
       5.54936157e+02, 2.14119644e+02, 7.93249249e-01, 5.17706787e+02,
       3.64870300e+02, 2.74006218e-01, 5.13813721e+02, 3.27668945e+02,
       2.74510562e-01, 3.37442932e+02, 2.80664063e+02, 4.65788782e-01,
       1.31701538e+02, 3.74709839e+02, 3.31170678e-01, 5.11833984e+02,
       3.96249603e+02, 2.17713699e-01, 3.33539581e+02, 2.88498230e+02,
       3.50719631e-01, 1.27838501e+02, 3.72746063e+02, 2.36807555e-01,
       8.48807251e+02, 2.10038086e+02, 7.87085712e-01, 8.64422729e+02,
       2.29778931e+02, 8.08616996e-01, 0., 0., 0., 8.52729126e+02,
       2.82638550e+02, 8.07722092e-01, 9.06201706e+01, 4.06037292e+02,
       7.55508393e-02, 9.06307983e+01, 4.09946655e+02, 9.87135917e-02,
       1.00385536e+02, 3.82569458e+02, 1.78711429e-01, 8.66799088e+01,
       4.04104279e+02, 2.22997755e-01, 8.47924042e+01, 3.98235901e+02,
       1.98926449e-01, 1.14128555e+02, 3.84485687e+02, 2.34242231e-01 ]
