%YAML:1.0
---
pose_0: !!opencv-matrix
   rows: 1
   cols: 25
   dt: "3f"
   data: [ 9.13483704e+02, 3.66848450e+02, 8.21364641e-01,
       8.03742676e+02, 3.66811096e+02, 6.26313388e-01, 7.97854919e+02,
       2.88501770e+02, 6.45236850e-01, 6.82238098e+02, 2.27729782e+02,
       8.60613942e-01, 6.19646545e+02, 2.43542175e+02, 8.20874035e-01,
       7.93945251e+02, 4.49134918e+02, 5.43573558e-01, 6.74432556e+02,
       4.88274719e+02, 5.83844185e-01, 5.54874512e+02, 5.19702942e+02,
       7.33561635e-01, 5.56893860e+02, 3.82530701e+02, 1.10189267e-01,
       5.41215454e+02, 3.49200714e+02, 1.24330558e-01, 5.07939453e+02,
       2.94344116e+02, 1.77131683e-01, 3.35531952e+02, 3.51155945e+02,
       8.62047225e-02, 5.56912781e+02, 4.45211029e+02, 1.08039230e-01,
       0., 0., 0., 0., 0., 0., 9.19354858e+02, 3.45310852e+02,
       7.60648251e-01, 9.27158020e+02, 3.82490112e+02, 7.80800998e-01,
       8.99762268e+02, 3.19767365e+02, 5.04909992e-01, 9.17386902e+02,
       4.02135712e+02, 1.87538728e-01, 0., 0., 0., 0., 0., 0., 0., 0.,
       0., 0., 0., 0., 0., 0., 0., 0., 0., 0. ]
