%YAML:1.0
---
pose_0: !!opencv-matrix
   rows: 1
   cols: 25
   dt: "3f"
   data: [ 8.74291382e+02, 1.04327263e+02, 7.48635471e-01,
       7.76320313e+02, 1.16084808e+02, 7.38879442e-01, 7.74267151e+02,
       3.57633209e+01, 6.89876556e-01, 6.80305603e+02, 5.35034752e+00,
       2.97918558e-01, 6.17526611e+02, 2.21265430e+01, 8.24703813e-01,
       7.80217651e+02, 1.96383728e+02, 6.82882905e-01, 6.66578125e+02,
       2.43471115e+02, 7.99801648e-01, 5.56834229e+02, 2.41450500e+02,
       7.98017204e-01, 5.23587708e+02, 1.33696533e+02, 1.91122904e-01,
       5.37292236e+02, 7.49740143e+01, 1.79663405e-01, 3.66859924e+02,
       7.29745560e+01, 8.33053812e-02, 0., 0., 0., 5.29454041e+02,
       1.76802383e+02, 3.03893268e-01, 4.64843628e+02, 1.67034531e+02,
       1.42131582e-01, 3.57073334e+02, 1.53304810e+02, 2.65765518e-01,
       8.86042908e+02, 8.86568451e+01, 8.67878199e-01, 8.87987732e+02,
       1.27798141e+02, 7.27630734e-01, 8.66391235e+02, 6.91003952e+01,
       5.30672669e-01, 8.66450806e+02, 1.47467209e+02, 4.94844377e-01,
       3.49210876e+02, 1.59167999e+02, 9.40619409e-02, 3.49235931e+02,
       1.61140335e+02, 8.73939022e-02, 3.47290466e+02, 1.49408127e+02,
       1.84989035e-01, 0., 0., 0., 0., 0., 0., 0., 0., 0. ]
