%YAML:1.0
---
pose_0: !!opencv-matrix
   rows: 1
   cols: 25
   dt: "3f"
   data: [ 8.70419495e+02, 3.72769501e+02, 6.58513963e-01,
       7.84159363e+02, 2.94388702e+02, 5.05300820e-01, 7.82210083e+02,
       2.76785339e+02, 5.97494721e-01, 6.66618347e+02, 2.57079376e+02,
       7.03010678e-01, 5.72498352e+02, 3.72704651e+02, 7.74279833e-01,
       7.82193359e+02, 3.21803497e+02, 3.23736072e-01, 6.92061035e+02,
       3.49175110e+02, 2.96861202e-01, 0., 0., 0., 5.43181946e+02,
       2.74758423e+02, 2.41189539e-01, 5.37274902e+02, 2.49322784e+02,
       2.51169831e-01, 4.17808502e+02, 3.04174561e+02, 1.97217226e-01,
       3.23743500e+02, 3.82549744e+02, 1.32178262e-01, 5.45152405e+02,
       3.02219177e+02, 1.83948323e-01, 4.47211884e+02, 3.62905609e+02,
       1.79093823e-01, 3.49233185e+02, 4.06063568e+02, 2.36764908e-01,
       8.88038269e+02, 3.62896454e+02, 7.34882414e-01, 0., 0., 0.,
       8.82079224e+02, 3.11977875e+02, 8.06742191e-01, 0., 0., 0., 0.,
       0., 0., 0., 0., 0., 3.39419342e+02, 4.13890961e+02,
       1.54812723e-01, 0., 0., 0., 0., 0., 0., 0., 0., 0. ]
