%YAML:1.0
---
pose_0: !!opencv-matrix
   rows: 1
   cols: 25
   dt: "3f"
   data: [ 9.01729187e+02, 4.47140472e+02, 8.09525907e-01,
       8.07718994e+02, 4.47130676e+02, 6.94127321e-01, 8.05612671e+02,
       3.70784241e+02, 6.70378208e-01, 6.80341614e+02, 3.19829926e+02,
       8.36331367e-01, 5.76496826e+02, 3.51234467e+02, 8.03800046e-01,
       8.17413269e+02, 5.25552246e+02, 5.57695031e-01, 6.88150269e+02,
       6.03973999e+02, 7.59691000e-01, 6.98016174e+02, 5.29492554e+02,
       6.67946458e-01, 5.56877625e+02, 4.70680664e+02, 2.00650752e-01,
       5.64730835e+02, 4.25609741e+02, 3.12864512e-01, 3.64907074e+02,
       4.58958557e+02, 2.82189190e-01, 0., 0., 0., 5.49052490e+02,
       5.29446838e+02, 1.75419226e-01, 3.98228760e+02, 5.37255615e+02,
       1.46412984e-01, 3.60968842e+02, 5.23552917e+02, 5.89070022e-02,
       9.19375977e+02, 4.31450592e+02, 7.93834746e-01, 9.15383728e+02,
       4.62915619e+02, 7.64586031e-01, 9.01701843e+02, 4.02145752e+02,
       6.12297058e-01, 8.97764526e+02, 4.78565796e+02, 1.62777156e-01,
       0., 0., 0., 0., 0., 0., 3.59013031e+02, 5.21602661e+02,
       5.07962443e-02, 0., 0., 0., 0., 0., 0., 0., 0., 0. ]
