%YAML:1.0
---
pose_0: !!opencv-matrix
   rows: 1
   cols: 25
   dt: "3f"
   data: [ 9.13458374e+02, 2.25793945e+02, 7.99498618e-01,
       8.05650391e+02, 2.49316849e+02, 7.11559415e-01, 7.82191956e+02,
       1.70961075e+02, 6.54307842e-01, 6.64576904e+02, 1.31751389e+02,
       8.26718271e-01, 5.99949158e+02, 1.59145538e+02, 7.25541890e-01,
       8.21320129e+02, 3.31584076e+02, 6.73855782e-01, 7.13571655e+02,
       3.92316772e+02, 7.21281111e-01, 5.88203735e+02, 4.31608551e+02,
       7.99447834e-01, 5.70583069e+02, 2.76747711e+02, 1.96646020e-01,
       5.62749390e+02, 2.25808731e+02, 2.66604841e-01, 3.17881134e+02,
       2.82625519e+02, 1.55283302e-01, 1.29794632e+02, 3.37536530e+02,
       1.43596113e-01, 5.80385620e+02, 3.25704407e+02, 2.11188450e-01,
       3.51221863e+02, 3.02179138e+02, 2.78776854e-01, 1.49401031e+02,
       3.47239319e+02, 1.99837804e-01, 9.17293457e+02, 2.06172501e+02,
       8.17308009e-01, 9.25196167e+02, 2.41433609e+02, 8.18473220e-01,
       8.86006897e+02, 1.88561386e+02, 6.50475085e-01, 9.13435425e+02,
       2.63025299e+02, 3.70231956e-01, 0., 0., 0., 0., 0., 0.,
       1.33747559e+02, 3.57032806e+02, 1.47502631e-01, 0., 0., 0., 0.,
       0., 0., 0., 0., 0. ]
