%YAML:1.0
---
pose_0: !!opencv-matrix
   rows: 1
   cols: 25
   dt: "3f"
   data: [ 9.46709106e+02, 3.10076721e+02, 7.44783878e-01,
       8.42967712e+02, 2.74797882e+02, 6.03405952e-01, 8.50790955e+02,
       1.88571152e+02, 5.97185850e-01, 7.37157166e+02, 1.04310196e+02,
       7.18752742e-01, 6.31315002e+02, 1.70973541e+02, 7.81601965e-01,
       8.33088013e+02, 3.60958771e+02, 5.67805886e-01, 7.29254700e+02,
       4.19758270e+02, 8.08889866e-01, 6.50857422e+02, 4.78550079e+02,
       8.33755970e-01, 6.03901672e+02, 2.82614990e+02, 1.21711820e-01,
       5.76493958e+02, 2.47362564e+02, 1.21431895e-01, 3.55085327e+02,
       3.84485748e+02, 7.37979785e-02, 0., 0., 0., 6.01950562e+02,
       3.49198547e+02, 1.24675527e-01, 3.60988739e+02, 3.86432709e+02,
       1.43158704e-01, 1.80792999e+02, 3.64857758e+02, 2.66545981e-01,
       9.66424194e+02, 2.80620178e+02, 7.54572570e-01, 9.62464783e+02,
       3.21880524e+02, 8.16209018e-01, 9.52647827e+02, 2.41497482e+02,
       4.51231182e-01, 0., 0., 0., 0., 0., 0., 0., 0., 0.,
       1.65072937e+02, 3.55091217e+02, 1.37936622e-01, 0., 0., 0., 0.,
       0., 0., 0., 0., 0. ]
