%YAML:1.0
---
pose_0: !!opencv-matrix
   rows: 1
   cols: 25
   dt: "3f"
   data: [ 9.46746521e+02, 2.14018372e+02, 7.63703227e-01,
       8.27236328e+02, 2.21897583e+02, 6.39801085e-01, 8.25353088e+02,
       1.33738815e+02, 6.68673158e-01, 6.97922424e+02, 7.69398270e+01,
       7.30873048e-01, 6.05932861e+02, 8.87343521e+01, 8.11310410e-01,
       8.33132263e+02, 3.06178772e+02, 6.51173234e-01, 7.13561218e+02,
       3.59054230e+02, 7.88695216e-01, 6.03917297e+02, 3.51226746e+02,
       8.20695162e-01, 5.49063293e+02, 2.45404541e+02, 2.55807251e-01,
       5.52960999e+02, 1.98360352e+02, 2.80413032e-01, 3.74711792e+02,
       2.10099792e+02, 1.48153678e-01, 0., 0., 0., 5.47097900e+02,
       2.88508759e+02, 2.59937763e-01, 3.98206573e+02, 2.96324463e+02,
       2.10764438e-01, 2.41470947e+02, 3.13941010e+02, 2.41615266e-01,
       9.58462769e+02, 1.92472610e+02, 7.82154918e-01, 9.58510925e+02,
       2.29778259e+02, 7.79783607e-01, 9.29149231e+02, 1.65016739e+02,
       5.55718601e-01, 9.44776001e+02, 2.57091797e+02, 2.47775406e-01,
       0., 0., 0., 0., 0., 0., 2.23858246e+02, 3.04198669e+02,
       1.25424445e-01, 0., 0., 0., 0., 0., 0., 0., 0., 0. ]
