%YAML:1.0
---
pose_0: !!opencv-matrix
   rows: 1
   cols: 25
   dt: "3f"
   data: [ 9.15463440e+02, 3.37572845e+02, 8.49432051e-01,
       8.09597656e+02, 3.33553558e+02, 5.09276450e-01, 8.35067505e+02,
       2.53247253e+02, 4.91104484e-01, 8.52702209e+02, 2.10165741e+02,
       1.81913793e-01, 0., 0., 0., 7.89993652e+02, 4.04079681e+02,
       4.89177912e-01, 6.90091431e+02, 4.35443268e+02, 6.08269930e-01,
       5.54969727e+02, 4.31421661e+02, 7.94932961e-01, 5.64723267e+02,
       3.19795990e+02, 1.36185095e-01, 5.74507935e+02, 2.78684875e+02,
       1.67223081e-01, 2.88495270e+02, 4.58901825e+02, 1.07727446e-01,
       1.43495377e+02, 4.88291779e+02, 3.44223201e-01, 5.66689575e+02,
       3.68794952e+02, 1.10914819e-01, 3.00256348e+02, 4.62816132e+02,
       7.06489980e-02, 1.45462524e+02, 4.92196442e+02, 1.23457357e-01,
       9.29075500e+02, 3.12019257e+02, 7.95830011e-01, 9.33009521e+02,
       3.51111389e+02, 8.53463888e-01, 9.01685120e+02, 2.86465363e+02,
       5.34900844e-01, 0., 0., 0., 0., 0., 0., 0., 0., 0.,
       1.14146622e+02, 4.76558777e+02, 6.80124238e-02, 1.16037491e+02,
       5.27515564e+02, 8.44153017e-02, 0., 0., 0., 1.21974678e+02,
       4.84392975e+02, 2.76682824e-01 ]
