%YAML:1.0
---
pose_0: !!opencv-matrix
   rows: 1
   cols: 25
   dt: "3f"
   data: [ 9.95733643e+02, 3.53202057e+02, 8.55147839e-01,
       8.86029846e+02, 3.08108643e+02, 4.00363296e-01, 9.01756226e+02,
       2.23816727e+02, 4.99309301e-01, 8.01805725e+02, 1.18103729e+02,
       7.12267876e-01, 8.52643799e+02, 2.16027496e+02, 7.27915585e-01,
       8.74299988e+02, 4.04065613e+02, 4.99056458e-01, 8.07604309e+02,
       5.27513062e+02, 4.53548372e-01, 8.54779907e+02, 5.21574585e+02,
       7.39166439e-01, 0., 0., 0., 0., 0., 0., 0., 0., 0., 0., 0., 0.,
       0., 0., 0., 0., 0., 0., 0., 0., 0., 1.02310474e+03,
       3.21829315e+02, 8.12457442e-01, 1.01144696e+03, 3.70741577e+02,
       7.06409454e-01, 9.91844299e+02, 2.62996246e+02, 4.12708730e-01,
       0., 0., 0., 0., 0., 0., 0., 0., 0., 0., 0., 0., 0., 0., 0., 0.,
       0., 0., 0., 0., 0. ]
