%YAML:1.0
---
pose_0: !!opencv-matrix
   rows: 1
   cols: 25
   dt: "3f"
   data: [ 9.01665344e+02, 3.47241241e+02, 7.62820184e-01,
       7.92053467e+02, 3.53080231e+02, 7.44144976e-01, 7.80213318e+02,
       2.72835876e+02, 6.85346127e-01, 6.64571960e+02, 2.10040939e+02,
       7.90110588e-01, 6.94007568e+02, 2.76779053e+02, 7.98135281e-01,
       7.94004639e+02, 4.25620941e+02, 5.72259367e-01, 6.82254272e+02,
       5.11829498e+02, 8.48021150e-01, 7.76329102e+02, 4.94264984e+02,
       8.47468257e-01, 5.27521729e+02, 3.51179321e+02, 2.13346034e-01,
       5.37302490e+02, 3.04202148e+02, 2.99626708e-01, 3.41402069e+02,
       3.15886627e+02, 3.37797761e-01, 1.53344025e+02, 3.04239838e+02,
       3.59052718e-01, 5.17716370e+02, 3.96243927e+02, 2.15981930e-01,
       3.39438843e+02, 4.60915283e+02, 2.51272857e-01, 1.63082001e+02,
       5.19681946e+02, 2.32944757e-01, 9.15307983e+02, 3.23748871e+02,
       8.55812609e-01, 9.17315857e+02, 3.64851288e+02, 7.78987527e-01,
       8.84061218e+02, 3.02208435e+02, 6.91329420e-01, 9.03665710e+02,
       3.82528168e+02, 3.19092751e-01, 1.02343491e+02, 5.54983948e+02,
       1.36112332e-01, 1.06272171e+02, 5.56945007e+02, 1.53290227e-01,
       0., 0., 0., 0., 0., 0., 0., 0., 0., 0., 0., 0. ]
