%YAML:1.0
---
pose_0: !!opencv-matrix
   rows: 1
   cols: 25
   dt: "3f"
   data: [ 9.46661804e+02, 2.39548981e+02, 7.80691385e-01,
       8.25299622e+02, 2.88504974e+02, 6.59268081e-01, 7.89986511e+02,
       2.23855698e+02, 5.29088378e-01, 6.95962646e+02, 2.41433090e+02,
       1.61818951e-01, 6.05905090e+02, 2.10066757e+02, 4.80530143e-01,
       8.62513916e+02, 3.58998077e+02, 6.11681998e-01, 7.43003723e+02,
       4.25617462e+02, 7.28591681e-01, 6.54876404e+02, 2.82638672e+02,
       6.24383271e-01, 5.25524231e+02, 3.15916748e+02, 2.64224887e-01,
       5.35321777e+02, 2.74756653e+02, 2.43625388e-01, 3.37488800e+02,
       1.94469070e+02, 7.04938948e-01, 1.94485931e+02, 2.92393372e+02,
       5.37168264e-01, 5.25525452e+02, 3.57092468e+02, 2.53408283e-01,
       3.17859741e+02, 3.21746582e+02, 3.61986518e-01, 1.57229431e+02,
       3.51166809e+02, 2.74724394e-01, 9.50673096e+02, 2.25701172e+02,
       7.65029073e-01, 9.62492676e+02, 2.57132935e+02, 8.92977476e-01,
       9.23244324e+02, 2.10140625e+02, 1.74703509e-01, 9.44800476e+02,
       3.02138428e+02, 7.87091911e-01, 7.10645905e+01, 3.23778625e+02,
       1.88460410e-01, 8.08206406e+01, 3.37504822e+02, 2.00086370e-01,
       1.00427727e+02, 3.64846863e+02, 1.79427519e-01, 1.35661621e+02,
       2.72775726e+02, 2.64347941e-01, 1.43521576e+02, 2.70883820e+02,
       2.22980201e-01, 1.90515778e+02, 3.08059418e+02, 3.08304757e-01 ]
