%YAML:1.0
---
pose_0: !!opencv-matrix
   rows: 1
   cols: 25
   dt: "3f"
   data: [ 8.99809143e+02, 3.94232452e+02, 7.94524789e-01,
       7.95915466e+02, 3.80573395e+02, 6.80872619e-01, 7.97854065e+02,
       3.02157074e+02, 6.40874267e-01, 6.60711731e+02, 2.57136963e+02,
       7.04028010e-01, 5.47087830e+02, 2.47351120e+02, 7.40566492e-01,
       7.91973694e+02, 4.51076569e+02, 5.95350862e-01, 6.84212646e+02,
       5.23484253e+02, 8.13541174e-01, 7.54769287e+02, 5.09872040e+02,
       8.12612414e-01, 5.37303528e+02, 3.80556763e+02, 1.76137000e-01,
       5.66688660e+02, 3.21827271e+02, 2.11183906e-01, 3.59013763e+02,
       3.43346863e+02, 3.10556442e-01, 0., 0., 0., 5.23567322e+02,
       4.31500580e+02, 1.97883114e-01, 3.57086426e+02, 4.78579651e+02,
       2.13144213e-01, 1.74840485e+02, 5.25530823e+02, 2.49719009e-01,
       9.15316162e+02, 3.68819885e+02, 8.64437878e-01, 9.17320984e+02,
       4.02164398e+02, 7.88854718e-01, 8.86090881e+02, 3.41412506e+02,
       6.63775802e-01, 9.15353333e+02, 4.23679199e+02, 5.33594787e-02,
       1.33719849e+02, 5.09913116e+02, 1.39831424e-01, 1.35730667e+02,
       5.21624512e+02, 1.36379614e-01, 0., 0., 0., 0., 0., 0., 0., 0.,
       0., 0., 0., 0. ]
