%YAML:1.0
---
pose_0: !!opencv-matrix
   rows: 1
   cols: 25
   dt: "3f"
   data: [ 8.58639343e+02, 2.78714783e+02, 7.36631215e-01,
       7.60729614e+02, 2.92420746e+02, 7.24698782e-01, 7.60741821e+02,
       2.27769058e+02, 7.01667547e-01, 7.66505554e+02, 1.45507477e+02,
       7.81303942e-01, 8.58595337e+02, 2.14038574e+02, 8.08853388e-01,
       7.60678101e+02, 3.51230469e+02, 5.74974120e-01, 7.62596008e+02,
       4.31493530e+02, 8.30861211e-01, 8.52706543e+02, 3.49234711e+02,
       4.06335354e-01, 5.45133728e+02, 2.88439789e+02, 3.26852977e-01,
       5.56865417e+02, 2.45374573e+02, 3.48683864e-01, 3.82506256e+02,
       2.25830872e+02, 5.22022128e-01, 2.27740280e+02, 2.12092789e+02,
       4.80229437e-01, 5.35339966e+02, 3.29626129e+02, 3.86509359e-01,
       3.29626984e+02, 3.49210052e+02, 4.63211507e-01, 1.57219193e+02,
       3.23784424e+02, 5.83149850e-01, 8.70279297e+02, 2.66950134e+02,
       8.24032664e-01, 8.74298401e+02, 2.94373627e+02, 7.20071852e-01,
       8.46853027e+02, 2.57105255e+02, 3.07542294e-01, 8.52758667e+02,
       3.23720856e+02, 4.80940968e-01, 1.16048332e+02, 3.82493378e+02,
       5.51912844e-01, 1.18062225e+02, 3.82453339e+02, 5.01916409e-01,
       1.37614075e+02, 3.08116882e+02, 4.94233429e-01, 1.80711212e+02,
       1.76786652e+02, 1.19313054e-01, 1.84650284e+02, 1.78741959e+02,
       1.08276889e-01, 2.23817444e+02, 2.12094772e+02, 2.75618255e-01 ]
