%YAML:1.0
---
pose_0: !!opencv-matrix
   rows: 1
   cols: 25
   dt: "3f"
   data: [ 9.48641663e+02, 3.25697906e+02, 8.15086544e-01,
       8.35052551e+02, 3.23756927e+02, 6.34616673e-01, 8.11610046e+02,
       2.41458939e+02, 6.24576092e-01, 7.31290710e+02, 2.12021652e+02,
       2.10074782e-01, 0., 0., 0., 8.52765930e+02, 4.13908051e+02,
       5.97266555e-01, 7.60629639e+02, 5.35339355e+02, 6.68628454e-01,
       8.07603088e+02, 5.27496094e+02, 6.08393431e-01, 5.56891052e+02,
       3.84472412e+02, 1.30898729e-01, 5.51007507e+02, 3.33528717e+02,
       1.52426496e-01, 3.80574188e+02, 3.49200073e+02, 6.13976419e-02,
       1.90506714e+02, 3.37491516e+02, 1.12597406e-01, 5.54942200e+02,
       4.23683563e+02, 1.16735905e-01, 3.53138153e+02, 5.09902222e+02,
       2.23243371e-01, 1.94476349e+02, 5.88295532e+02, 2.94785917e-01,
       9.62320435e+02, 2.96331909e+02, 7.97612607e-01, 9.66408752e+02,
       3.37376984e+02, 8.43766034e-01, 9.31128662e+02, 2.61122467e+02,
       6.55104101e-01, 0., 0., 0., 1.10207397e+02, 6.19609253e+02,
       6.04475588e-02, 0., 0., 0., 1.80724808e+02, 5.92159302e+02,
       1.20437920e-01, 0., 0., 0., 0., 0., 0., 0., 0., 0. ]
