%YAML:1.0
---
pose_0: !!opencv-matrix
   rows: 1
   cols: 25
   dt: "3f"
   data: [ 9.80085938e+02, 2.27835892e+02, 8.36245477e-01,
       8.52676514e+02, 2.57160492e+02, 6.45003855e-01, 8.33083740e+02,
       1.67061249e+02, 6.34409606e-01, 6.78365479e+02, 1.25905006e+02,
       7.27120817e-01, 5.68611389e+02, 1.15997688e+02, 8.11326325e-01,
       8.66436768e+02, 3.39454620e+02, 5.65604746e-01, 7.39075623e+02,
       4.00096252e+02, 6.95231855e-01, 5.98048584e+02, 3.80563324e+02,
       7.68340230e-01, 5.70627930e+02, 3.31600494e+02, 1.49610788e-01,
       5.90203369e+02, 2.37555222e+02, 1.53614387e-01, 0., 0., 0., 0.,
       0., 0., 6.11750916e+02, 3.66837250e+02, 1.70124084e-01, 0., 0.,
       0., 0., 0., 0., 9.82082764e+02, 2.08178116e+02, 8.44443202e-01,
       9.99623291e+02, 2.45362015e+02, 7.47923732e-01, 9.52613586e+02,
       1.88572311e+02, 5.04005134e-01, 9.66337891e+02, 2.72860291e+02,
       3.08030158e-01, 0., 0., 0., 0., 0., 0., 0., 0., 0., 0., 0., 0.,
       0., 0., 0., 0., 0., 0. ]
