%YAML:1.0
---
pose_0: !!opencv-matrix
   rows: 1
   cols: 25
   dt: "3f"
   data: [ 0., 0., 0., 8.84070313e+02, 1.33728561e+02, 6.56527400e-01,
       9.15467407e+02, 2.10112198e+02, 5.75778663e-01, 7.48916016e+02,
       3.21821625e+02, 6.41294420e-01, 5.88203613e+02, 3.84545532e+02,
       6.81213140e-01, 8.50757507e+02, 5.34162865e+01, 4.17278349e-01,
       7.11644775e+02, 5.14182701e+01, 1.94192439e-01, 6.17608398e+02,
       2.41070156e+01, 4.55506086e-01, 6.13705933e+02, 1.90533646e+02,
       5.18165044e-02, 0., 0., 0., 0., 0., 0., 0., 0., 0., 0., 0., 0.,
       0., 0., 0., 0., 0., 0., 0., 0., 0., 0., 0., 0., 9.95778931e+02,
       1.33655472e+02, 6.03749335e-01, 9.37007996e+02, 5.92941666e+01,
       2.41135836e-01, 0., 0., 0., 0., 0., 0., 0., 0., 0., 0., 0., 0.,
       0., 0., 0., 0., 0., 0. ]
