%YAML:1.0
---
pose_0: !!opencv-matrix
   rows: 1
   cols: 25
   dt: "3f"
   data: [ 8.72318481e+02, 1.06329170e+02, 7.80474663e-01,
       7.74412598e+02, 1.18032211e+02, 7.31389642e-01, 7.62630066e+02,
       3.57806091e+01, 6.91190362e-01, 6.68558960e+02, 5.34837961e+00,
       3.91746044e-01, 6.01970215e+02, 2.60323868e+01, 8.22779477e-01,
       7.76356384e+02, 1.98385452e+02, 6.93166614e-01, 6.72487427e+02,
       2.41392654e+02, 7.48391271e-01, 5.64755554e+02, 2.31658813e+02,
       7.63383985e-01, 5.09891113e+02, 1.16060753e+02, 2.43134454e-01,
       5.15743286e+02, 7.29993820e+01, 3.02435815e-01, 3.23769287e+02,
       9.65127563e+01, 2.18771532e-01, 1.37680618e+02, 1.16094757e+02,
       7.96240047e-02, 5.05942352e+02, 1.57247543e+02, 2.01491818e-01,
       3.55091431e+02, 1.63133743e+02, 9.39251557e-02, 1.76808563e+02,
       1.78854248e+02, 1.79999113e-01, 8.84102173e+02, 8.86800690e+01,
       8.85475934e-01, 8.85991150e+02, 1.27816620e+02, 7.55646110e-01,
       8.58617981e+02, 6.91082382e+01, 5.47394514e-01, 8.68416382e+02,
       1.47477325e+02, 4.77986664e-01, 1.16075035e+02, 1.96401917e+02,
       1.71165437e-01, 1.25859032e+02, 2.00342712e+02, 1.71542838e-01,
       1.72886459e+02, 1.82741699e+02, 8.89250338e-02, 0., 0., 0., 0.,
       0., 0., 0., 0., 0. ]
