%YAML:1.0
---
pose_0: !!opencv-matrix
   rows: 1
   cols: 25
   dt: "3f"
   data: [ 8.82060181e+02, 3.53199677e+02, 7.92322695e-01,
       7.82170715e+02, 2.94373322e+02, 3.91939282e-01, 7.89987854e+02,
       2.74748810e+02, 6.87197626e-01, 6.48991699e+02, 2.57106903e+02,
       7.47817039e-01, 5.56876282e+02, 3.74696503e+02, 7.58375764e-01,
       7.78278992e+02, 3.25721161e+02, 1.24576434e-01, 0., 0., 0., 0.,
       0., 0., 5.07883087e+02, 2.55191254e+02, 2.80918092e-01,
       5.11849762e+02, 2.66939819e+02, 3.33393008e-01, 3.08112793e+02,
       4.07985382e+02, 3.88689071e-01, 8.66953125e+01, 3.06183167e+02,
       3.36927831e-01, 4.80517120e+02, 2.29723679e+02, 1.97022259e-01,
       2.88490082e+02, 3.82481934e+02, 1.98241323e-01, 1.29785202e+02,
       3.19806885e+02, 6.65091574e-02, 8.93826599e+02, 3.27672577e+02,
       7.38167942e-01, 8.89974976e+02, 3.59020111e+02, 4.59139049e-01,
       8.62549744e+02, 2.88429321e+02, 8.31678271e-01, 0., 0., 0., 0.,
       0., 0., 0., 0., 0., 0., 0., 0., 5.13796883e+01, 2.70854340e+02,
       9.15952027e-02, 4.75165443e+01, 2.74751678e+02, 8.26295987e-02,
       5.73488541e+01, 2.90422333e+02, 1.15298986e-01 ]
