%YAML:1.0
---
pose_0: !!opencv-matrix
   rows: 1
   cols: 25
   dt: "3f"
   data: [ 8.97780579e+02, 4.66815643e+02, 8.11689496e-01,
       8.05675476e+02, 4.94164459e+02, 7.19059587e-01, 7.84156799e+02,
       4.55019501e+02, 5.63140154e-01, 7.25392395e+02, 4.27588104e+02,
       3.87919664e-01, 6.60724487e+02, 3.25690002e+02, 5.81684232e-01,
       8.23377563e+02, 5.39268738e+02, 6.75041318e-01, 7.27330688e+02,
       4.29543732e+02, 5.23373663e-01, 6.64574524e+02, 3.31577515e+02,
       3.04192603e-01, 5.56886658e+02, 5.29467590e+02, 1.89122155e-01,
       5.68637451e+02, 4.92214447e+02, 2.56271750e-01, 3.82573212e+02,
       4.31502808e+02, 5.08340299e-01, 2.10094528e+02, 5.11863800e+02,
       3.31024021e-01, 5.52987122e+02, 5.72543213e+02, 1.55104890e-01,
       3.82583923e+02, 4.31560455e+02, 4.09042150e-01, 2.02279922e+02,
       5.25507141e+02, 2.40799308e-01, 9.01783508e+02, 4.49160645e+02,
       9.00393486e-01, 9.13462830e+02, 4.80526947e+02, 8.40556502e-01,
       8.82112549e+02, 4.37416809e+02, 4.71673578e-01, 8.99729431e+02,
       5.07967438e+02, 6.03176594e-01, 1.35670639e+02, 4.60870819e+02,
       1.64190933e-01, 1.35695816e+02, 4.66804688e+02, 1.66413054e-01,
       1.94394730e+02, 5.41217041e+02, 3.02387029e-01, 1.39593811e+02,
       4.60918030e+02, 1.17044434e-01, 1.33770935e+02, 4.60950104e+02,
       8.83495808e-02, 1.96394058e+02, 5.37322998e+02, 2.69280195e-01 ]
