%YAML:1.0
---
pose_0: !!opencv-matrix
   rows: 1
   cols: 25
   dt: "3f"
   data: [ 8.86090271e+02, 4.45273590e+02, 8.38833392e-01,
       7.91977234e+02, 4.45269867e+02, 7.26610422e-01, 7.88084595e+02,
       3.70796143e+02, 7.22568989e-01, 6.72505249e+02, 3.51092743e+02,
       7.57099271e-01, 6.58746277e+02, 3.06057922e+02, 8.42823744e-01,
       7.92002625e+02, 5.21588257e+02, 6.37827575e-01, 6.80326538e+02,
       5.78467773e+02, 6.59036517e-01, 7.29265198e+02, 6.03933777e+02,
       6.91862047e-01, 5.62766968e+02, 4.58930359e+02, 3.25787991e-01,
       5.70623291e+02, 4.15809875e+02, 3.52529049e-01, 3.41427887e+02,
       3.86424347e+02, 3.81269783e-01, 0., 0., 0., 5.66658508e+02,
       5.03985809e+02, 3.40156585e-01, 3.86446228e+02, 5.11818726e+02,
       1.67930365e-01, 0., 0., 0., 8.99759949e+02, 4.29472992e+02,
       8.60931396e-01, 9.01645386e+02, 4.60931122e+02, 8.19987059e-01,
       8.84013367e+02, 4.09921539e+02, 6.72555923e-01, 8.85971802e+02,
       4.78547852e+02, 3.10942829e-01, 0., 0., 0., 0., 0., 0., 0., 0.,
       0., 0., 0., 0., 0., 0., 0., 0., 0., 0. ]
