%YAML:1.0
---
pose_0: !!opencv-matrix
   rows: 1
   cols: 25
   dt: "3f"
   data: [ 9.09521484e+02, 4.62934174e+02, 8.02777588e-01,
       8.37024719e+02, 4.64839600e+02, 7.22673893e-01, 8.21309998e+02,
       4.02117004e+02, 6.46364868e-01, 8.52636963e+02, 3.35548004e+02,
       8.68771791e-01, 8.84044800e+02, 4.19739288e+02, 8.21055412e-01,
       8.56624817e+02, 5.23646667e+02, 6.27480209e-01, 9.46774475e+02,
       5.47123962e+02, 8.14339817e-01, 9.80069763e+02, 4.56956696e+02,
       8.02892685e-01, 6.29375427e+02, 4.78538025e+02, 2.54899800e-01,
       6.35270996e+02, 4.37402283e+02, 3.10634792e-01, 3.80568481e+02,
       4.55007141e+02, 1.52876526e-01, 2.25781174e+02, 4.60918915e+02,
       3.35316211e-01, 6.33308899e+02, 5.27537842e+02, 2.58720249e-01,
       5.43170593e+02, 5.37285950e+02, 6.18758276e-02, 4.04061066e+02,
       5.39194153e+02, 1.83517545e-01, 9.13379211e+02, 4.49124634e+02,
       8.35508943e-01, 9.19299011e+02, 4.76483124e+02, 8.31005573e-01,
       8.97733032e+02, 4.35446472e+02, 4.05596703e-01, 9.07597534e+02,
       4.92238495e+02, 3.66901398e-01, 0., 0., 0., 0., 0., 0., 0., 0.,
       0., 0., 0., 0., 0., 0., 0., 2.14056107e+02, 4.62891815e+02,
       2.12919906e-01 ]
