%YAML:1.0
---
pose_0: !!opencv-matrix
   rows: 1
   cols: 25
   dt: "3f"
   data: [ 9.33071289e+02, 2.39471741e+02, 7.16774583e-01,
       8.66425049e+02, 2.96325317e+02, 4.93583888e-01, 0., 0., 0., 0.,
       0., 0., 0., 0., 0., 8.74244324e+02, 3.10063385e+02,
       5.10661066e-01, 7.62606445e+02, 2.76786957e+02, 5.50777614e-01,
       7.82187378e+02, 1.96381241e+02, 7.36215472e-01, 7.13642883e+02,
       3.35514771e+02, 1.61712646e-01, 7.19480652e+02, 3.06119812e+02,
       1.59913316e-01, 6.52939392e+02, 2.59135284e+02, 1.23430938e-01,
       0., 0., 0., 7.11661011e+02, 3.64889801e+02, 9.85150039e-02,
       3.06127258e+02, 3.21783264e+02, 1.26526415e-01, 1.45490616e+02,
       3.86448944e+02, 1.08129606e-01, 9.46729370e+02, 2.27836227e+02,
       7.20792770e-01, 9.52670349e+02, 2.59015503e+02, 8.51357162e-01,
       0., 0., 0., 9.35027405e+02, 3.06146362e+02, 8.38192225e-01, 0.,
       0., 0., 0., 0., 0., 0., 0., 0., 0., 0., 0., 0., 0., 0., 0., 0.,
       0. ]
