%YAML:1.0
---
pose_0: !!opencv-matrix
   rows: 1
   cols: 25
   dt: "3f"
   data: [ 1.04080432e+03, 2.29746994e+02, 6.16004586e-01,
       8.89952942e+02, 2.47346802e+02, 2.74235934e-01, 8.60538208e+02,
       1.49370834e+02, 2.86669314e-01, 7.17532471e+02, 9.06131592e+01,
       4.33986038e-01, 6.80337708e+02, 1.18094032e+02, 6.71367824e-01,
       9.11520691e+02, 3.37431854e+02, 4.79829103e-01, 7.60711121e+02,
       4.19783112e+02, 7.45212197e-01, 8.52769897e+02, 3.08065552e+02,
       7.69162059e-01, 0., 0., 0., 0., 0., 0., 0., 0., 0., 0., 0., 0.,
       0., 0., 0., 0., 0., 0., 0., 0., 0., 1.04474390e+03,
       1.98378113e+02, 7.30773032e-01, 1.05842981e+03, 2.45422791e+02,
       4.72381026e-01, 9.95760071e+02, 1.65077713e+02, 3.59977305e-01,
       1.02708655e+03, 2.74713226e+02, 6.74308166e-02, 0., 0., 0., 0.,
       0., 0., 0., 0., 0., 0., 0., 0., 0., 0., 0., 0., 0., 0. ]
