%YAML:1.0
---
pose_0: !!opencv-matrix
   rows: 1
   cols: 25
   dt: "3f"
   data: [ 1.16417358e+03, 1.31718887e+02, 3.69216502e-01,
       1.02118817e+03, 2.17966324e+02, 1.12752259e-01, 9.56542542e+02,
       1.86621582e+02, 1.36255771e-01, 1.10351758e+03, 4.04062317e+02,
       6.05474949e-01, 1.21712793e+03, 2.59104950e+02, 5.95047712e-01,
       1.06038550e+03, 2.41439728e+02, 5.27575463e-02, 0., 0., 0., 0.,
       0., 0., 0., 0., 0., 0., 0., 0., 0., 0., 0., 0., 0., 0., 0., 0.,
       0., 0., 0., 0., 0., 0., 0., 1.16026636e+03, 1.00364822e+02,
       2.51579106e-01, 1.17993298e+03, 1.04356155e+02, 1.27406642e-01,
       1.08781177e+03, 8.47728577e+01, 8.94027501e-02, 0., 0., 0., 0.,
       0., 0., 0., 0., 0., 0., 0., 0., 0., 0., 0., 0., 0., 0., 0., 0.,
       0. ]
