%YAML:1.0
---
pose_0: !!opencv-matrix
   rows: 1
   cols: 25
   dt: "3f"
   data: [ 9.13447449e+02, 2.12089630e+02, 8.40089083e-01,
       7.99814453e+02, 2.17953857e+02, 6.34687304e-01, 7.93950623e+02,
       1.33792053e+02, 7.21167922e-01, 6.51007690e+02, 1.02434128e+02,
       7.25034475e-01, 5.33369690e+02, 1.00371521e+02, 5.12725055e-01,
       7.93951416e+02, 3.06147400e+02, 6.14529312e-01, 6.70547424e+02,
       3.39470978e+02, 6.82112634e-01, 5.72595520e+02, 3.06185455e+02,
       8.41114461e-01, 5.39268921e+02, 1.94401459e+02, 2.36013770e-01,
       5.43180359e+02, 1.59175797e+02, 3.16428393e-01, 3.51215424e+02,
       1.70949097e+02, 1.20002873e-01, 0., 0., 0., 5.25565491e+02,
       2.33645035e+02, 1.42186359e-01, 0., 0., 0., 0., 0., 0.,
       9.19369202e+02, 1.94366776e+02, 8.85129333e-01, 9.27196228e+02,
       2.27759384e+02, 8.30877781e-01, 8.95847961e+02, 1.69013901e+02,
       6.61739469e-01, 9.07603516e+02, 2.49323914e+02, 2.26965070e-01,
       0., 0., 0., 0., 0., 0., 0., 0., 0., 0., 0., 0., 0., 0., 0., 0.,
       0., 0. ]
