%YAML:1.0
---
pose_0: !!opencv-matrix
   rows: 1
   cols: 25
   dt: "3f"
   data: [ 9.33115295e+02, 1.82690491e+02, 6.90013051e-01,
       8.70324951e+02, 2.64968170e+02, 4.48692977e-01, 8.46857422e+02,
       2.41503296e+02, 2.33311534e-01, 0., 0., 0., 0., 0., 0.,
       8.84042908e+02, 2.82596161e+02, 4.83692527e-01, 7.58671265e+02,
       2.88476685e+02, 7.64761090e-01, 6.52937500e+02, 1.76823257e+02,
       7.95385003e-01, 6.58761108e+02, 3.39414856e+02, 8.37182030e-02,
       0., 0., 0., 0., 0., 0., 0., 0., 0., 6.64642639e+02,
       3.59022675e+02, 6.09456077e-02, 0., 0., 0., 0., 0., 0.,
       9.58487122e+02, 1.84635147e+02, 6.65994212e-02, 9.62448914e+02,
       1.96379913e+02, 7.94637203e-01, 0., 0., 0., 9.52623718e+02,
       2.59198700e+02, 8.00946653e-01, 0., 0., 0., 0., 0., 0., 0., 0.,
       0., 0., 0., 0., 0., 0., 0., 0., 0., 0. ]
