%YAML:1.0
---
pose_0: !!opencv-matrix
   rows: 1
   cols: 25
   dt: "3f"
   data: [ 1.05448364e+03, 1.31811981e+02, 6.23827949e-02,
       9.80089478e+02, 1.98398270e+02, 2.49938995e-01, 9.09525024e+02,
       1.37640320e+02, 3.65733862e-01, 9.17380615e+02, 2.20158176e+01,
       4.38391417e-01, 0., 0., 0., 1.03494519e+03, 2.55184799e+02,
       3.49962562e-01, 0., 0., 0., 0., 0., 0., 0., 0., 0., 0., 0., 0.,
       0., 0., 0., 0., 0., 0., 0., 0., 0., 0., 0., 0., 0., 0., 0., 0.,
       0., 0., 0., 0., 0., 1.02120770e+03, 1.10212502e+02,
       5.36812097e-02, 1.10348657e+03, 1.90503769e+02, 6.76056966e-02,
       0., 0., 0., 0., 0., 0., 0., 0., 0., 0., 0., 0., 0., 0., 0., 0.,
       0., 0. ]
