%YAML:1.0
---
pose_0: !!opencv-matrix
   rows: 1
   cols: 25
   dt: "3f"
   data: [ 1.02705579e+03, 2.25713623e+02, 7.96675920e-01,
       8.89924500e+02, 2.47389923e+02, 5.44137597e-01, 8.72357422e+02,
       1.59213028e+02, 5.50447285e-01, 7.41021118e+02, 1.33644302e+02,
       6.36012375e-01, 6.11776917e+02, 1.33721451e+02, 7.22293615e-01,
       8.99772400e+02, 3.51115997e+02, 6.03022814e-01, 7.76250061e+02,
       4.35399231e+02, 7.25359380e-01, 7.84171814e+02, 2.84555725e+02,
       5.43865740e-01, 6.03909058e+02, 2.45382080e+02, 8.16546232e-02,
       5.98039856e+02, 2.12093979e+02, 1.02199309e-01, 3.66819702e+02,
       2.39522842e+02, 2.78182387e-01, 1.21955673e+02, 2.55184830e+02,
       1.46615312e-01, 5.49059387e+02, 3.51165588e+02, 7.38234296e-02,
       3.51154053e+02, 3.37454193e+02, 2.40025893e-01, 1.18024338e+02,
       3.49182556e+02, 1.22110635e-01, 1.02900696e+03, 1.98357071e+02,
       8.62925053e-01, 1.04083899e+03, 2.41491760e+02, 7.77878344e-01,
       9.93824097e+02, 1.78746262e+02, 5.37903666e-01, 1.01142749e+03,
       2.74729889e+02, 1.89528093e-01, 0., 0., 0., 0., 0., 0., 0., 0.,
       0., 9.64781876e+01, 2.70856964e+02, 6.21169135e-02, 0., 0., 0.,
       0., 0., 0. ]
