%YAML:1.0
---
pose_0: !!opencv-matrix
   rows: 1
   cols: 25
   dt: "3f"
   data: [ 9.03706787e+02, 2.61091888e+02, 7.24374354e-01,
       8.21338867e+02, 2.70834167e+02, 5.87735474e-01, 8.17477539e+02,
       1.80747833e+02, 5.91089845e-01, 6.80309082e+02, 1.20006401e+02,
       2.76997387e-01, 7.25358521e+02, 2.08122955e+02, 7.15024292e-01,
       8.19410156e+02, 3.55155792e+02, 6.11378074e-01, 6.82221191e+02,
       4.17856689e+02, 8.04349840e-01, 7.31321594e+02, 3.51216248e+02,
       8.26852739e-01, 6.03905884e+02, 2.74779144e+02, 1.27778426e-01,
       5.76478516e+02, 2.25819504e+02, 1.45234540e-01, 4.68729645e+02,
       2.25830750e+02, 8.50811452e-02, 3.57080811e+02, 2.49290009e+02,
       9.61687192e-02, 6.21555786e+02, 3.27688812e+02, 1.34958550e-01,
       0., 0., 0., 0., 0., 0., 9.19365112e+02, 2.41426758e+02,
       8.20094705e-01, 9.27189697e+02, 2.80663635e+02, 7.54225791e-01,
       8.99728210e+02, 2.14079697e+02, 5.47748983e-01, 9.19309204e+02,
       3.04170074e+02, 1.28044799e-01, 0., 0., 0., 0., 0., 0., 0., 0.,
       0., 0., 0., 0., 0., 0., 0., 0., 0., 0. ]
