%YAML:1.0
---
pose_0: !!opencv-matrix
   rows: 2
   cols: 25
   dt: "3f"
   data: [ 9.48771790e+02, 2.66977295e+02, 7.81055927e-01,
       8.33156372e+02, 2.68895111e+02, 6.09616220e-01, 8.29226379e+02,
       1.78831665e+02, 6.65066540e-01, 6.92076294e+02, 1.14105957e+02,
       7.24689066e-01, 6.94049500e+02, 1.74834946e+02, 7.60697901e-01,
       8.31146301e+02, 3.62925720e+02, 5.71965337e-01, 7.01880554e+02,
       4.60841614e+02, 7.70770431e-01, 7.43020569e+02, 3.55137054e+02,
       8.13292205e-01, 6.07825317e+02, 2.63025726e+02, 1.11324392e-01,
       0., 0., 0., 0., 0., 0., 0., 0., 0., 0., 0., 0., 0., 0., 0., 0.,
       0., 0., 9.52665771e+02, 2.41501831e+02, 8.16016316e-01,
       9.68330872e+02, 2.80674988e+02, 7.76548624e-01, 9.25234863e+02,
       2.16004517e+02, 6.34900689e-01, 9.60455322e+02, 3.04187378e+02,
       1.21142715e-01, 0., 0., 0., 0., 0., 0., 0., 0., 0., 0., 0., 0.,
       0., 0., 0., 0., 0., 0., 0., 0., 0., 0., 0., 0., 0., 0., 0., 0.,
       0., 0., 0., 0., 0., 0., 0., 0., 0., 0., 0., 0., 0., 0.,
       5.43178589e+02, 2.74771515e+02, 1.29909948e-01, 5.68648926e+02,
       2.37558578e+02, 1.94843188e-01, 3.41417175e+02, 2.45428268e+02,
       3.45400393e-01, 1.53332550e+02, 2.49303162e+02, 3.44636619e-01,
       5.37288208e+02, 3.25736572e+02, 1.28881231e-01, 3.17885376e+02,
       3.35430420e+02, 3.12696636e-01, 1.37642212e+02, 3.19843719e+02,
       2.26541638e-01, 0., 0., 0., 0., 0., 0., 0., 0., 0., 0., 0., 0.,
       8.86634750e+01, 2.88480042e+02, 1.02054775e-01, 9.45167160e+01,
       2.98286072e+02, 1.00998551e-01, 1.27828766e+02, 3.12016083e+02,
       9.44853798e-02, 1.10179558e+02, 2.29703751e+02, 1.18147016e-01,
       1.14111870e+02, 2.31670837e+02, 1.21600173e-01, 1.37646042e+02,
       2.51262772e+02, 2.28650570e-01 ]
