%YAML:1.0
---
pose_0: !!opencv-matrix
   rows: 1
   cols: 25
   dt: "3f"
   data: [ 9.01673889e+02, 1.31845688e+02, 8.48294377e-01,
       7.90085999e+02, 1.31805038e+02, 6.73579037e-01, 7.90094971e+02,
       4.55911407e+01, 7.06881225e-01, 6.84243896e+02, 5.34294891e+00,
       4.83063191e-01, 0., 0., 0., 7.88037292e+02, 2.17986588e+02,
       6.14716053e-01, 6.66536316e+02, 2.59168182e+02, 8.23115766e-01,
       5.47080811e+02, 2.72763306e+02, 7.86696434e-01, 5.62763123e+02,
       1.47442215e+02, 1.12086341e-01, 5.37294006e+02, 1.02400017e+02,
       1.28218338e-01, 0., 0., 0., 0., 0., 0., 5.72559082e+02,
       1.94427612e+02, 8.28697607e-02, 0., 0., 0., 0., 0., 0.,
       9.11497070e+02, 1.10241760e+02, 8.05165529e-01, 9.15406921e+02,
       1.47420151e+02, 8.41675460e-01, 8.85984436e+02, 8.66953430e+01,
       6.40796304e-01, 9.01709778e+02, 1.65186691e+02, 1.38447076e-01,
       0., 0., 0., 0., 0., 0., 0., 0., 0., 0., 0., 0., 0., 0., 0., 0.,
       0., 0. ]
