%YAML:1.0
---
pose_0: !!opencv-matrix
   rows: 1
   cols: 25
   dt: "3f"
   data: [ 9.50702332e+02, 2.53261002e+02, 7.84642577e-01,
       8.31175232e+02, 2.72780884e+02, 6.33908451e-01, 8.19402954e+02,
       1.82734879e+02, 6.60786271e-01, 6.92074707e+02, 1.51369751e+02,
       6.83476806e-01, 6.07841919e+02, 1.39624802e+02, 6.82460427e-01,
       8.40990234e+02, 3.57031616e+02, 6.02395892e-01, 7.25345764e+02,
       4.13828156e+02, 6.55330658e-01, 5.88234558e+02, 4.47092712e+02,
       8.36026073e-01, 5.41203857e+02, 2.94394165e+02, 2.26780355e-01,
       5.39274963e+02, 2.53245605e+02, 2.84233063e-01, 3.35529327e+02,
       2.82607971e+02, 3.34463000e-01, 1.00377014e+02, 3.08074249e+02,
       8.16139430e-02, 5.37289551e+02, 3.45301666e+02, 2.15931192e-01,
       3.53176819e+02, 3.68794708e+02, 3.66658270e-01, 1.84645020e+02,
       3.98207397e+02, 2.12569222e-01, 9.54584229e+02, 2.27819031e+02,
       8.51533592e-01, 9.70278870e+02, 2.65012878e+02, 7.54731774e-01,
       9.29085205e+02, 2.10068802e+02, 5.99184990e-01, 9.58535339e+02,
       2.90480927e+02, 1.77227393e-01, 1.08282516e+02, 4.25632874e+02,
       1.33849487e-01, 1.23913536e+02, 4.33444000e+02, 1.30467802e-01,
       1.63096970e+02, 3.96237122e+02, 1.00117221e-01, 0., 0., 0., 0.,
       0., 0., 0., 0., 0. ]
