%YAML:1.0
---
pose_0: !!opencv-matrix
   rows: 1
   cols: 25
   dt: "3f"
   data: [ 9.34972168e+02, 2.10198380e+02, 8.15599740e-01,
       8.23275208e+02, 2.17993729e+02, 6.53527021e-01, 8.15508972e+02,
       1.35731369e+02, 6.57372653e-01, 6.95981079e+02, 9.84029999e+01,
       6.83351815e-01, 5.88319275e+02, 7.11074982e+01, 8.25596213e-01,
       8.25344360e+02, 3.06162628e+02, 6.62256479e-01, 7.09717224e+02,
       3.43345337e+02, 6.21622801e-01, 5.64744629e+02, 3.68872589e+02,
       6.16368055e-01, 5.88247131e+02, 2.39504181e+02, 1.61086500e-01,
       5.76490662e+02, 1.88591125e+02, 2.09092438e-01, 3.82514404e+02,
       1.84664047e+02, 5.27753979e-02, 0., 0., 0., 6.07837769e+02,
       2.92410095e+02, 1.73550978e-01, 0., 0., 0., 0., 0., 0.,
       9.44831665e+02, 1.90496796e+02, 8.38751912e-01, 9.46826782e+02,
       2.25844147e+02, 8.50321591e-01, 9.13465454e+02, 1.67027176e+02,
       6.75820172e-01, 9.33034607e+02, 2.47341751e+02, 3.71161968e-01,
       0., 0., 0., 0., 0., 0., 0., 0., 0., 0., 0., 0., 0., 0., 0., 0.,
       0., 0. ]
