%YAML:1.0
---
pose_0: !!opencv-matrix
   rows: 1
   cols: 25
   dt: "3f"
   data: [ 8.56627930e+02, 1.53348267e+02, 6.93335295e-01,
       7.72325073e+02, 1.63083237e+02, 6.97446108e-01, 7.58693298e+02,
       8.47482834e+01, 7.11756349e-01, 6.48972412e+02, 3.96311951e+01,
       5.34011066e-01, 6.82309204e+02, 6.71376343e+01, 6.14450395e-01,
       7.76344238e+02, 2.41525894e+02, 6.74331605e-01, 6.90098083e+02,
       2.88556641e+02, 4.69064653e-01, 6.52889343e+02, 3.06056793e+02,
       4.05961037e-01, 5.17709351e+02, 1.78806732e+02, 2.80660540e-01,
       5.17691528e+02, 1.33692795e+02, 3.88230294e-01, 3.66825104e+02,
       1.47462250e+02, 2.06969559e-01, 0., 0., 0., 5.15765808e+02,
       2.23860092e+02, 3.07127655e-01, 3.60965149e+02, 2.43395691e+02,
       1.52051836e-01, 0., 0., 0., 8.70337097e+02, 1.35747971e+02,
       7.96045363e-01, 8.70443176e+02, 1.68971695e+02, 8.14005196e-01,
       8.52732178e+02, 1.18048035e+02, 5.54347277e-01, 8.62535950e+02,
       1.94386978e+02, 5.67899704e-01, 0., 0., 0., 0., 0., 0., 0., 0.,
       0., 0., 0., 0., 0., 0., 0., 0., 0., 0. ]
