%YAML:1.0
---
pose_0: !!opencv-matrix
   rows: 1
   cols: 25
   dt: "3f"
   data: [ 9.46744690e+02, 3.04127563e+02, 7.82920599e-01,
       8.36995483e+02, 2.96318024e+02, 5.92769146e-01, 8.35117371e+02,
       2.12044891e+02, 6.42136514e-01, 6.86172119e+02, 1.33734726e+02,
       7.35877812e-01, 7.43071777e+02, 2.25846252e+02, 8.53095829e-01,
       8.37021484e+02, 3.90383850e+02, 5.54235458e-01, 6.82211487e+02,
       4.55043823e+02, 7.73091197e-01, 7.60719604e+02, 3.94235291e+02,
       8.22517037e-01, 5.52979187e+02, 2.82612671e+02, 1.38791606e-01,
       5.52968201e+02, 2.55205475e+02, 2.26254195e-01, 3.21795776e+02,
       2.86542603e+02, 1.39561638e-01, 0., 0., 0., 0., 0., 0., 0., 0.,
       0., 0., 0., 0., 9.64388733e+02, 2.74777649e+02, 8.59990597e-01,
       9.64333191e+02, 3.21741089e+02, 8.26020598e-01, 9.46789673e+02,
       2.41500351e+02, 4.47760820e-01, 0., 0., 0., 0., 0., 0., 0., 0.,
       0., 0., 0., 0., 0., 0., 0., 0., 0., 0., 0., 0., 0. ]
