%YAML:1.0
---
pose_0: !!opencv-matrix
   rows: 1
   cols: 25
   dt: "3f"
   data: [ 8.74266541e+02, 2.43412598e+02, 6.92333519e-01,
       7.76265564e+02, 2.57105347e+02, 7.00764775e-01, 7.74339050e+02,
       1.78716492e+02, 7.34548569e-01, 6.33323669e+02, 1.47337616e+02,
       7.72316337e-01, 5.31445740e+02, 1.35759949e+02, 7.97255158e-01,
       7.76351074e+02, 3.37439087e+02, 6.77441001e-01, 6.60729004e+02,
       3.68907135e+02, 7.30626583e-01, 5.56823242e+02, 4.09952545e+02,
       7.44609475e-01, 5.37282837e+02, 2.57172394e+02, 2.00097486e-01,
       5.31436646e+02, 2.16031219e+02, 3.03419352e-01, 4.27574554e+02,
       2.17976334e+02, 1.04713373e-01, 3.31566040e+02, 2.27801743e+02,
       1.54947490e-01, 5.31431885e+02, 3.10046753e+02, 1.30848020e-01,
       3.66866974e+02, 2.88481873e+02, 7.97417685e-02, 0., 0., 0.,
       8.84121399e+02, 2.27814865e+02, 8.15642059e-01, 8.88012512e+02,
       2.61098267e+02, 7.23908782e-01, 8.62514709e+02, 2.10153275e+02,
       3.25654984e-01, 8.70407898e+02, 2.88471436e+02, 4.54931408e-01,
       0., 0., 0., 0., 0., 0., 0., 0., 0., 2.90461212e+02,
       2.25788498e+02, 5.64724356e-02, 2.88518219e+02, 2.17998550e+02,
       6.16814941e-02, 3.27657959e+02, 2.25772125e+02, 8.99440870e-02 ]
