%YAML:1.0
---
pose_0: !!opencv-matrix
   rows: 1
   cols: 25
   dt: "3f"
   data: [ 9.07562134e+02, 2.25773682e+02, 8.04035604e-01,
       7.94015930e+02, 2.51281433e+02, 6.93319201e-01, 7.78278076e+02,
       1.67024475e+02, 6.87928617e-01, 6.64557434e+02, 1.47518448e+02,
       8.30762506e-01, 5.84312439e+02, 1.76796402e+02, 8.16096008e-01,
       8.09678223e+02, 3.31604004e+02, 6.80865049e-01, 6.96018921e+02,
       3.96261841e+02, 7.98371255e-01, 5.88183167e+02, 3.88379150e+02,
       8.07404995e-01, 5.66676270e+02, 2.90487762e+02, 2.74468333e-01,
       5.68639832e+02, 2.51251892e+02, 3.31193388e-01, 3.66844116e+02,
       2.43478836e+02, 2.31859311e-01, 0., 0., 0., 5.70594604e+02,
       3.35515656e+02, 2.40750566e-01, 0., 0., 0., 0., 0., 0.,
       9.15471619e+02, 2.08191742e+02, 9.13803816e-01, 9.21307007e+02,
       2.41398666e+02, 8.16839814e-01, 8.86105103e+02, 1.90541122e+02,
       6.40912116e-01, 9.11489197e+02, 2.68858704e+02, 5.23963094e-01,
       0., 0., 0., 0., 0., 0., 0., 0., 0., 0., 0., 0., 0., 0., 0., 0.,
       0., 0. ]
