%YAML:1.0
---
pose_0: !!opencv-matrix
   rows: 1
   cols: 25
   dt: "3f"
   data: [ 9.95814941e+02, 3.33579315e+02, 8.02455425e-01,
       8.99758484e+02, 2.92409729e+02, 4.30823773e-01, 9.09536011e+02,
       2.23819504e+02, 5.34281433e-01, 8.42961914e+02, 1.63135696e+02,
       7.66129017e-01, 8.86072998e+02, 2.78668121e+02, 7.77809858e-01,
       8.84116577e+02, 3.64888000e+02, 4.02828217e-01, 8.38951721e+02,
       4.62806732e+02, 5.96455514e-01, 8.85971497e+02, 4.47245880e+02,
       8.05213869e-01, 6.64630310e+02, 3.39419861e+02, 7.31316283e-02,
       6.31336609e+02, 3.06118805e+02, 9.44389328e-02, 0., 0., 0., 0.,
       0., 0., 6.80328308e+02, 4.11921600e+02, 5.55774793e-02, 0., 0.,
       0., 0., 0., 0., 1.01926062e+03, 3.04141937e+02, 7.87703276e-01,
       1.01337585e+03, 3.51109802e+02, 6.65928245e-01, 9.89843201e+02,
       2.43430710e+02, 4.56098825e-01, 0., 0., 0., 0., 0., 0., 0., 0.,
       0., 0., 0., 0., 0., 0., 0., 0., 0., 0., 0., 0., 0. ]
