%YAML:1.0
---
pose_0: !!opencv-matrix
   rows: 1
   cols: 25
   dt: "3f"
   data: [ 9.15477173e+02, 3.60995270e+02, 7.65393078e-01,
       8.05647400e+02, 2.88439880e+02, 6.83247030e-01, 8.27257202e+02,
       2.27807358e+02, 5.15689731e-01, 7.25333679e+02, 1.49440903e+02,
       7.40118682e-01, 5.72552063e+02, 1.49317459e+02, 7.39958167e-01,
       7.86094238e+02, 3.43363617e+02, 5.62441766e-01, 6.82352783e+02,
       3.98112823e+02, 7.83423603e-01, 6.82311951e+02, 4.49193329e+02,
       7.64638126e-01, 5.58852234e+02, 2.94373688e+02, 1.02258399e-01,
       0., 0., 0., 0., 0., 0., 0., 0., 0., 5.76473389e+02,
       3.35502228e+02, 7.85861462e-02, 0., 0., 0., 0., 0., 0.,
       9.35017944e+02, 3.39436340e+02, 7.50312865e-01, 9.33126831e+02,
       3.64899628e+02, 3.12499851e-01, 9.19352478e+02, 2.88516144e+02,
       8.78282309e-01, 0., 0., 0., 0., 0., 0., 0., 0., 0., 0., 0., 0.,
       0., 0., 0., 0., 0., 0., 0., 0., 0. ]
