%YAML:1.0
---
pose_0: !!opencv-matrix
   rows: 1
   cols: 25
   dt: "3f"
   data: [ 9.15465515e+02, 3.53210510e+02, 8.23824763e-01,
       8.21320923e+02, 3.08120392e+02, 5.74291766e-01, 8.23303589e+02,
       2.66945587e+02, 6.27636492e-01, 7.31285461e+02, 3.25726868e+02,
       7.47075677e-01, 8.56606140e+02, 4.15929565e+02, 7.85832524e-01,
       8.07711731e+02, 3.51228882e+02, 2.91340649e-01, 7.29243652e+02,
       4.33489594e+02, 8.65013719e-01, 8.05701355e+02, 4.45195374e+02,
       8.47285867e-01, 5.56892517e+02, 2.92399841e+02, 1.31462976e-01,
       5.54931519e+02, 2.88480804e+02, 1.40689522e-01, 3.17869904e+02,
       3.41415558e+02, 2.77638942e-01, 1.19982430e+02, 3.39436829e+02,
       2.70115763e-01, 5.56878723e+02, 2.94362427e+02, 9.09774825e-02,
       3.11991028e+02, 3.45286255e+02, 9.54406708e-02, 1.23939400e+02,
       3.39435669e+02, 2.06319630e-01, 9.31127014e+02, 3.27701752e+02,
       7.47882724e-01, 9.34994507e+02, 3.64842194e+02, 7.67851114e-01,
       9.11497437e+02, 2.90417419e+02, 8.28676760e-01, 0., 0., 0., 0.,
       0., 0., 0., 0., 0., 8.27835770e+01, 3.49206360e+02,
       9.04840827e-02, 0., 0., 0., 0., 0., 0., 0., 0., 0. ]
