%YAML:1.0
---
pose_0: !!opencv-matrix
   rows: 1
   cols: 25
   dt: "3f"
   data: [ 8.86025635e+02, 3.66943817e+02, 7.66325712e-01,
       7.92074341e+02, 3.66801392e+02, 7.12664485e-01, 7.90050537e+02,
       2.88429443e+02, 6.40249729e-01, 6.66575867e+02, 2.23826508e+02,
       8.01506102e-01, 7.43029175e+02, 2.47355927e+02, 7.14550555e-01,
       7.92065552e+02, 4.43277527e+02, 5.84987998e-01, 6.92052856e+02,
       5.23549805e+02, 7.96307921e-01, 7.94017578e+02, 5.11881561e+02,
       7.57429898e-01, 5.62764404e+02, 4.07986786e+02, 2.57423997e-01,
       5.62753601e+02, 3.55111694e+02, 3.18076849e-01, 3.74696838e+02,
       3.72736603e+02, 2.13398144e-01, 0., 0., 0., 5.72548645e+02,
       4.58888519e+02, 2.62790114e-01, 3.92317139e+02, 4.90302948e+02,
       1.91477165e-01, 1.80734558e+02, 5.25558105e+02, 2.28144318e-01,
       9.09552917e+02, 3.51277374e+02, 7.87470162e-01, 9.01712891e+02,
       3.84531403e+02, 6.91269398e-01, 8.88024231e+02, 3.25757751e+02,
       6.03820264e-01, 8.95825012e+02, 4.09934021e+02, 1.34349570e-01,
       1.27806198e+02, 5.68608826e+02, 8.17820877e-02, 1.31729172e+02,
       5.68676392e+02, 9.33783650e-02, 1.49440399e+02, 5.13782043e+02,
       1.66043282e-01, 0., 0., 0., 0., 0., 0., 0., 0., 0. ]
