%YAML:1.0
---
pose_0: !!opencv-matrix
   rows: 1
   cols: 25
   dt: "3f"
   data: [ 9.21330261e+02, 2.84584808e+02, 7.58825719e-01,
       8.21426025e+02, 2.59123199e+02, 6.28151178e-01, 8.35020874e+02,
       1.82700684e+02, 6.65767074e-01, 6.97984985e+02, 1.14149902e+02,
       8.21529388e-01, 7.15594055e+02, 2.23800720e+02, 7.68179238e-01,
       8.07671326e+02, 3.53145996e+02, 5.06022096e-01, 6.66527344e+02,
       3.94282318e+02, 6.99129522e-01, 6.96031250e+02, 3.60946777e+02,
       7.49485493e-01, 5.51009827e+02, 2.94378113e+02, 1.19779304e-01,
       0., 0., 0., 0., 0., 0., 0., 0., 0., 0., 0., 0., 0., 0., 0., 0.,
       0., 0., 9.33146729e+02, 2.57115021e+02, 8.39078784e-01,
       9.38934875e+02, 3.02171539e+02, 7.66895473e-01, 9.15431885e+02,
       2.25739548e+02, 5.21824360e-01, 9.40909302e+02, 3.21785858e+02,
       5.17168455e-02, 0., 0., 0., 0., 0., 0., 0., 0., 0., 0., 0., 0.,
       0., 0., 0., 0., 0., 0. ]
