%YAML:1.0
---
pose_0: !!opencv-matrix
   rows: 1
   cols: 25
   dt: "3f"
   data: [ 9.01702087e+02, 2.37583649e+02, 6.96393609e-01,
       8.46872803e+02, 3.08076752e+02, 5.11360168e-01, 8.54693298e+02,
       3.17905121e+02, 3.79107356e-01, 7.52817627e+02, 2.88510712e+02,
       9.27668661e-02, 0., 0., 0., 8.52663025e+02, 3.04206604e+02,
       4.77900714e-01, 7.42922363e+02, 2.74748138e+02, 7.17379212e-01,
       6.80239624e+02, 2.08123825e+02, 7.00172722e-01, 6.66603027e+02,
       3.60978027e+02, 1.23535797e-01, 6.74445251e+02, 3.39437195e+02,
       7.86580667e-02, 0., 0., 0., 0., 0., 0., 6.50921814e+02,
       3.94280090e+02, 9.84671712e-02, 2.88462036e+02, 2.72856140e+02,
       2.86394358e-01, 0., 0., 0., 9.19292725e+02, 2.37560562e+02,
       3.36258411e-01, 9.23239746e+02, 2.55131607e+02, 7.97506154e-01,
       0., 0., 0., 9.09528748e+02, 3.08056854e+02, 7.69967973e-01, 0.,
       0., 0., 0., 0., 0., 0., 0., 0., 0., 0., 0., 0., 0., 0., 0., 0.,
       0. ]
