%YAML:1.0
---
pose_0: !!opencv-matrix
   rows: 1
   cols: 25
   dt: "3f"
   data: [ 1.02904126e+03, 2.45375839e+02, 7.27553487e-01,
       8.99738464e+02, 2.53229858e+02, 5.30094266e-01, 8.86063049e+02,
       1.61151108e+02, 5.29545426e-01, 7.44968201e+02, 9.26119232e+01,
       6.31822407e-01, 6.68571472e+02, 1.47465897e+02, 7.08056331e-01,
       9.01690979e+02, 3.35493469e+02, 4.20004100e-01, 7.54770447e+02,
       4.07982513e+02, 4.63823736e-01, 5.90169495e+02, 4.53040863e+02,
       6.63294792e-01, 0., 0., 0., 0., 0., 0., 0., 0., 0., 0., 0., 0.,
       0., 0., 0., 0., 0., 0., 0., 0., 0., 1.04072375e+03,
       2.14022858e+02, 8.58454943e-01, 1.05846814e+03, 2.59070648e+02,
       5.44738114e-01, 9.97676208e+02, 1.80746765e+02, 4.67390895e-01,
       1.01530975e+03, 2.90488922e+02, 1.16810255e-01, 0., 0., 0., 0.,
       0., 0., 0., 0., 0., 0., 0., 0., 0., 0., 0., 0., 0., 0. ]
