%YAML:1.0
---
pose_0: !!opencv-matrix
   rows: 1
   cols: 25
   dt: "3f"
   data: [ 9.48647522e+02, 2.57215881e+02, 8.78675759e-01,
       8.35067749e+02, 2.78707855e+02, 6.66186333e-01, 8.21397522e+02,
       1.96459045e+02, 7.13235736e-01, 6.82260742e+02, 1.65004486e+02,
       6.12886608e-01, 5.78463013e+02, 1.63001312e+02, 7.76330709e-01,
       8.46838440e+02, 3.55105774e+02, 6.56280637e-01, 7.42996399e+02,
       3.98217102e+02, 7.78592229e-01, 6.31330688e+02, 3.53161133e+02,
       7.78388560e-01, 5.56874573e+02, 2.57161041e+02, 1.90778702e-01,
       5.56887756e+02, 2.16036407e+02, 2.50779748e-01, 3.53143585e+02,
       2.10122269e+02, 2.26717234e-01, 0., 0., 0., 5.41213440e+02,
       3.04187531e+02, 1.43293083e-01, 3.66821136e+02, 3.66882446e+02,
       2.68968642e-01, 1.25884438e+02, 4.47132446e+02, 9.46360677e-02,
       9.56565369e+02, 2.37520050e+02, 7.93895960e-01, 9.62463074e+02,
       2.72857239e+02, 8.97220969e-01, 9.31076599e+02, 2.17946060e+02,
       5.04674852e-01, 9.38953918e+02, 3.04136078e+02, 4.43506837e-01,
       6.90367432e+01, 4.49136108e+02, 1.10587016e-01, 7.88359833e+01,
       4.60884155e+02, 1.05376638e-01, 1.14115356e+02, 4.53058075e+02,
       7.01455846e-02, 0., 0., 0., 0., 0., 0., 0., 0., 0. ]
