%YAML:1.0
---
pose_0: !!opencv-matrix
   rows: 1
   cols: 25
   dt: "3f"
   data: [ 8.68359192e+02, 3.19914001e+02, 6.65990949e-01,
       7.82173828e+02, 2.78726837e+02, 5.42311192e-01, 7.91940063e+02,
       2.12101318e+02, 3.64126623e-01, 7.72399902e+02, 2.23800095e+02,
       5.29685140e-01, 8.48818176e+02, 3.23748962e+02, 6.69764519e-01,
       7.72421326e+02, 3.37447693e+02, 5.73423564e-01, 7.31304199e+02,
       4.45252472e+02, 8.57061505e-01, 8.03688538e+02, 4.15888489e+02,
       8.42486024e-01, 5.41249817e+02, 2.74790894e+02, 3.71072441e-01,
       5.45122253e+02, 2.33645813e+02, 3.73601437e-01, 4.17797913e+02,
       2.25819550e+02, 2.03185901e-01, 3.45307709e+02, 2.10149460e+02,
       3.55828673e-01, 5.41235718e+02, 3.15918732e+02, 3.96784723e-01,
       3.39406860e+02, 3.33535156e+02, 4.87931490e-01, 1.57220932e+02,
       3.23776581e+02, 5.02413154e-01, 8.74288574e+02, 3.06196869e+02,
       7.53112674e-01, 0., 0., 0., 8.66380066e+02, 2.59093506e+02,
       8.65658700e-01, 0., 0., 0., 1.16111526e+02, 3.82443085e+02,
       3.86467576e-01, 1.18020508e+02, 3.78632660e+02, 3.60345632e-01,
       1.33747940e+02, 3.08089355e+02, 3.80074322e-01, 2.74814667e+02,
       1.96405945e+02, 6.18765652e-02, 2.74771698e+02, 1.92522202e+02,
       6.01388179e-02, 0., 0., 0. ]
