%YAML:1.0
---
pose_0: !!opencv-matrix
   rows: 1
   cols: 25
   dt: "3f"
   data: [ 8.87963074e+02, 2.63033997e+02, 7.88382411e-01,
       7.92006348e+02, 2.45368591e+02, 7.12630510e-01, 8.05646179e+02,
       1.82729904e+02, 5.92181146e-01, 7.27340271e+02, 8.66828232e+01,
       7.86298752e-01, 7.46977417e+02, 1.92459549e+02, 6.45792723e-01,
       7.68462341e+02, 3.11972839e+02, 4.66314763e-01, 6.54879578e+02,
       3.31598114e+02, 2.89041191e-01, 5.47120300e+02, 3.51108093e+02,
       1.00665897e-01, 5.43185730e+02, 2.59133240e+02, 1.76642478e-01,
       5.41221130e+02, 2.19929520e+02, 1.63849086e-01, 3.49208557e+02,
       3.43364746e+02, 1.98042721e-01, 1.63076691e+02, 3.66833923e+02,
       3.54298532e-01, 5.47092896e+02, 3.02194061e+02, 1.83633059e-01,
       3.51212494e+02, 3.47283783e+02, 3.17745626e-01, 1.53344849e+02,
       3.60993927e+02, 3.56052548e-01, 8.97793152e+02, 2.43416763e+02,
       8.68268371e-01, 9.01688660e+02, 2.74752136e+02, 7.74799883e-01,
       8.72369995e+02, 2.19893906e+02, 6.55740440e-01, 8.87994324e+02,
       2.92417664e+02, 1.20818011e-01, 1.16104225e+02, 4.29568512e+02,
       3.32003713e-01, 1.16123596e+02, 4.29543030e+02, 2.89875120e-01,
       1.31778763e+02, 3.49208160e+02, 3.37725282e-01, 1.12144569e+02,
       4.31479614e+02, 1.93129271e-01, 1.12185715e+02, 4.29522644e+02,
       1.51943415e-01, 1.41515854e+02, 3.51219025e+02, 2.80766666e-01 ]
