%YAML:1.0
---
pose_0: !!opencv-matrix
   rows: 1
   cols: 25
   dt: "3f"
   data: [ 9.31077332e+02, 2.90533234e+02, 7.76671171e-01,
       8.38961548e+02, 3.53161499e+02, 6.59906268e-01, 8.23349915e+02,
       3.21795197e+02, 3.51230532e-01, 0., 0., 0., 0., 0., 0.,
       8.46834106e+02, 3.86463867e+02, 6.03358448e-01, 7.09673645e+02,
       4.25614105e+02, 6.59379542e-01, 5.88222656e+02, 3.33584595e+02,
       7.66996145e-01, 6.07842285e+02, 3.66871948e+02, 1.51061475e-01,
       5.88231934e+02, 3.55088287e+02, 8.16522911e-02, 3.60957489e+02,
       2.74832703e+02, 3.87246221e-01, 2.02277634e+02, 3.25729950e+02,
       2.55930066e-01, 0., 0., 0., 0., 0., 0., 0., 0., 0.,
       9.46707458e+02, 2.88485321e+02, 6.93908811e-01, 9.48810852e+02,
       3.13924591e+02, 8.19173455e-01, 0., 0., 0., 9.31131897e+02,
       3.55188263e+02, 7.50469863e-01, 0., 0., 0., 0., 0., 0., 0., 0.,
       0., 1.76821030e+02, 3.35558380e+02, 5.26087657e-02, 0., 0., 0.,
       0., 0., 0. ]
