%YAML:1.0
---
pose_0: !!opencv-matrix
   rows: 1
   cols: 25
   dt: "3f"
   data: [ 9.44787354e+02, 2.47354050e+02, 7.52268553e-01,
       8.40955261e+02, 2.55211731e+02, 5.38223386e-01, 8.33130005e+02,
       1.67080795e+02, 5.50681949e-01, 7.44962158e+02, 1.37653397e+02,
       4.84877825e-01, 6.74426208e+02, 1.27834969e+02, 5.52922785e-01,
       8.54695862e+02, 3.47279663e+02, 5.47203839e-01, 7.46965759e+02,
       4.64829620e+02, 5.05794942e-01, 7.84160278e+02, 3.84568634e+02,
       6.18197978e-01, 5.92154297e+02, 2.37555466e+02, 6.73338845e-02,
       5.54950378e+02, 1.96418869e+02, 9.64794457e-02, 3.06096741e+02,
       3.41415558e+02, 1.09403312e-01, 1.51400208e+02, 3.53113159e+02,
       2.37948611e-01, 0., 0., 0., 0., 0., 0., 0., 0., 0.,
       9.52669189e+02, 2.25842560e+02, 8.03907692e-01, 9.62379639e+02,
       2.65021210e+02, 7.88432658e-01, 9.33013672e+02, 1.96483337e+02,
       4.74531651e-01, 9.46823914e+02, 2.90460449e+02, 7.89630264e-02,
       0., 0., 0., 0., 0., 0., 0., 0., 0., 1.00430061e+02,
       3.70790985e+02, 7.59558305e-02, 1.00369598e+02, 3.68805695e+02,
       7.56119192e-02, 1.47423660e+02, 3.49231201e+02, 8.57379064e-02 ]
