%YAML:1.0
---
pose_0: !!opencv-matrix
   rows: 1
   cols: 25
   dt: "3f"
   data: [ 8.68425659e+02, 2.74842896e+02, 7.15930760e-01,
       7.76287781e+02, 2.88452911e+02, 7.46601164e-01, 7.76274841e+02,
       2.14069305e+02, 6.56594813e-01, 7.97847839e+02, 1.23937157e+02,
       7.38905787e-01, 8.89974487e+02, 1.98444107e+02, 7.72830307e-01,
       7.74395020e+02, 3.51161438e+02, 5.51481426e-01, 8.13508423e+02,
       4.15865051e+02, 8.26186776e-01, 8.97757019e+02, 3.31621246e+02,
       6.87782884e-01, 5.68622009e+02, 2.88518066e+02, 3.32695633e-01,
       5.70617432e+02, 2.45382004e+02, 3.81656677e-01, 3.82566345e+02,
       2.37521378e+02, 5.69987416e-01, 2.14045746e+02, 2.43367828e+02,
       4.34840649e-01, 5.56924194e+02, 3.33576019e+02, 3.90831292e-01,
       3.17890900e+02, 3.35572418e+02, 3.80162179e-01, 1.63050079e+02,
       3.27654175e+02, 5.66732049e-01, 8.82056641e+02, 2.59205322e+02,
       6.89000905e-01, 8.80116638e+02, 2.90430573e+02, 7.05933273e-01,
       8.64476196e+02, 2.51298172e+02, 1.36104718e-01, 8.58597473e+02,
       3.12017517e+02, 2.65983343e-01, 1.16118301e+02, 3.80571320e+02,
       6.12645984e-01, 1.27838287e+02, 3.80596069e+02, 5.09352624e-01,
       1.37663666e+02, 3.12025391e+02, 4.88077402e-01, 1.31778580e+02,
       2.02272171e+02, 2.07199186e-01, 1.31754837e+02, 1.98421631e+02,
       1.97427318e-01, 2.08121552e+02, 2.45386444e+02, 2.79101431e-01 ]
