%YAML:1.0
---
pose_0: !!opencv-matrix
   rows: 1
   cols: 25
   dt: "3f"
   data: [ 9.48678650e+02, 3.25755493e+02, 7.86751628e-01,
       8.23392212e+02, 3.51179749e+02, 6.42539859e-01, 8.05748901e+02,
       2.90418610e+02, 7.04315484e-01, 6.97949463e+02, 2.82596558e+02,
       5.46190798e-01, 5.86259705e+02, 2.41524139e+02, 8.76365900e-01,
       8.38966858e+02, 4.15834839e+02, 6.35211289e-01, 7.29291016e+02,
       4.86347046e+02, 7.08205521e-01, 6.62622009e+02, 4.45123291e+02,
       7.97598660e-01, 5.41243652e+02, 3.76633118e+02, 2.06535146e-01,
       5.41207764e+02, 3.27654114e+02, 2.19355345e-01, 3.66827118e+02,
       4.15820068e+02, 1.13513634e-01, 1.37645050e+02, 4.56968903e+02,
       6.12439215e-02, 5.52962524e+02, 4.19766907e+02, 2.03753233e-01,
       3.60971680e+02, 4.19777618e+02, 1.74668878e-01, 1.33738297e+02,
       4.58938538e+02, 1.53118432e-01, 9.56559875e+02, 3.13965118e+02,
       7.43445277e-01, 9.62370544e+02, 3.43366150e+02, 8.14473987e-01,
       9.31049377e+02, 3.00206482e+02, 3.15412819e-01, 9.44759216e+02,
       3.78633270e+02, 4.45066750e-01, 6.31686440e+01, 4.53054810e+02,
       1.62374884e-01, 6.90402527e+01, 4.62850037e+02, 1.69553787e-01,
       0., 0., 0., 0., 0., 0., 0., 0., 0., 0., 0., 0. ]
