%YAML:1.0
---
pose_0: !!opencv-matrix
   rows: 1
   cols: 25
   dt: "3f"
   data: [ 9.32970276e+02, 3.70781921e+02, 7.99664438e-01,
       8.11599487e+02, 3.86491577e+02, 6.55248165e-01, 8.03678101e+02,
       3.17870728e+02, 6.72883213e-01, 6.66640625e+02, 3.00279480e+02,
       5.65588892e-01, 5.62768555e+02, 3.06081085e+02, 6.15443349e-01,
       8.23390808e+02, 4.66789459e+02, 5.72769523e-01, 6.94041687e+02,
       5.31452942e+02, 6.66347146e-01, 5.86297852e+02, 4.94129456e+02,
       8.00769210e-01, 5.51004150e+02, 4.09951447e+02, 1.68044165e-01,
       5.41208740e+02, 3.66797852e+02, 2.77075261e-01, 3.57061737e+02,
       3.98166260e+02, 2.10559830e-01, 1.76799973e+02, 4.47120819e+02,
       3.16203058e-01, 5.52973145e+02, 4.56983063e+02, 1.16715424e-01,
       0., 0., 0., 0., 0., 0., 9.44748169e+02, 3.55159637e+02,
       8.66528332e-01, 9.46701965e+02, 3.88382843e+02, 8.08358788e-01,
       9.17338928e+02, 3.37411469e+02, 4.22128797e-01, 9.25202881e+02,
       4.13930115e+02, 6.26826823e-01, 0., 0., 0., 0., 0., 0., 0., 0.,
       0., 1.33706421e+02, 4.06033234e+02, 1.35059193e-01,
       1.33674591e+02, 4.07968964e+02, 1.09409094e-01, 1.65012634e+02,
       4.58945282e+02, 2.10134938e-01 ]
