%YAML:1.0
---
pose_0: !!opencv-matrix
   rows: 1
   cols: 25
   dt: "3f"
   data: [ 9.19301697e+02, 3.04093506e+02, 8.32104921e-01,
       7.99850952e+02, 3.19840240e+02, 6.88079834e-01, 7.89992859e+02,
       2.41436264e+02, 6.79847181e-01, 6.66641052e+02, 2.16007874e+02,
       7.40546823e-01, 5.74574036e+02, 2.25883438e+02, 8.20742488e-01,
       8.09650757e+02, 3.98156158e+02, 6.53550148e-01, 7.03804932e+02,
       4.53065002e+02, 6.11832976e-01, 5.68582642e+02, 4.84380981e+02,
       6.05840683e-01, 5.37291626e+02, 3.59024902e+02, 2.16652185e-01,
       5.31437256e+02, 3.15915833e+02, 2.72579074e-01, 3.57058472e+02,
       2.74790558e+02, 2.43260339e-01, 1.37615250e+02, 2.41489120e+02,
       1.27253398e-01, 5.31428955e+02, 4.06056396e+02, 2.36551419e-01,
       3.57048401e+02, 4.31510681e+02, 3.34392041e-01, 1.53304596e+02,
       4.92217590e+02, 3.71936709e-01, 9.29161377e+02, 2.84558105e+02,
       8.50775480e-01, 9.31056335e+02, 3.17874908e+02, 8.17297220e-01,
       8.99721252e+02, 2.62998383e+02, 6.84385002e-01, 9.09549072e+02,
       3.37506714e+02, 2.67882198e-01, 8.86309662e+01, 5.19668945e+02,
       1.60840586e-01, 1.00410606e+02, 5.25571472e+02, 1.65704906e-01,
       1.27831291e+02, 4.82456696e+02, 2.20801130e-01, 0., 0., 0., 0.,
       0., 0., 0., 0., 0. ]
