%YAML:1.0
---
pose_0: !!opencv-matrix
   rows: 1
   cols: 25
   dt: "3f"
   data: [ 8.91889038e+02, 2.31709564e+02, 7.48766065e-01,
       7.95876953e+02, 2.51296875e+02, 6.69606507e-01, 7.82160217e+02,
       1.78778259e+02, 6.77436352e-01, 6.74442627e+02, 1.67016953e+02,
       2.34553546e-01, 5.52988647e+02, 1.65041458e+02, 7.05756024e-02,
       8.07594116e+02, 3.25719574e+02, 6.82105422e-01, 7.13642578e+02,
       3.68895477e+02, 8.66355062e-01, 7.23407166e+02, 2.84564056e+02,
       7.95213103e-01, 5.60799072e+02, 2.57146240e+02, 1.96421623e-01,
       5.54947266e+02, 2.25784927e+02, 1.77697256e-01, 3.64905548e+02,
       2.39493454e+02, 1.04995668e-01, 3.64902374e+02, 2.37526306e+02,
       8.74153748e-02, 5.64715942e+02, 3.02193512e+02, 1.52562752e-01,
       3.76635193e+02, 3.04212372e+02, 9.64669287e-02, 0., 0., 0.,
       8.99735657e+02, 2.14084656e+02, 8.70929539e-01, 9.05633972e+02,
       2.47368668e+02, 7.89014459e-01, 8.74258362e+02, 1.96359375e+02,
       6.30372941e-01, 8.91902405e+02, 2.72853760e+02, 6.11518979e-01,
       0., 0., 0., 0., 0., 0., 0., 0., 0., 0., 0., 0., 0., 0., 0., 0.,
       0., 0. ]
