%YAML:1.0
---
pose_0: !!opencv-matrix
   rows: 1
   cols: 25
   dt: "3f"
   data: [ 9.33013794e+02, 2.90491150e+02, 8.46995056e-01,
       8.23389160e+02, 2.88513397e+02, 7.03040957e-01, 8.21316772e+02,
       1.98418182e+02, 6.85979486e-01, 6.96010376e+02, 1.63169510e+02,
       8.50026011e-01, 6.46950806e+02, 2.12043427e+02, 8.24887812e-01,
       8.25344116e+02, 3.70796722e+02, 5.33929408e-01, 7.27286560e+02,
       4.31459686e+02, 8.82318676e-01, 8.19409180e+02, 3.64915894e+02,
       8.07967663e-01, 5.82341553e+02, 2.88501465e+02, 2.33332336e-01,
       5.82337097e+02, 2.47380249e+02, 3.02678823e-01, 3.59009613e+02,
       2.59106049e+02, 1.42879635e-01, 0., 0., 0., 5.78439758e+02,
       3.37470154e+02, 2.02042103e-01, 3.37489105e+02, 3.66828583e+02,
       1.33249968e-01, 1.25885529e+02, 3.82569977e+02, 1.42262667e-01,
       9.44805176e+02, 2.72826141e+02, 9.03859794e-01, 9.46719421e+02,
       3.06175812e+02, 8.24233353e-01, 9.17407288e+02, 2.45408493e+02,
       7.43639410e-01, 9.31067627e+02, 3.23742188e+02, 2.63768435e-01,
       0., 0., 0., 0., 0., 0., 0., 0., 0., 0., 0., 0., 0., 0., 0., 0.,
       0., 0. ]
