%YAML:1.0
---
pose_0: !!opencv-matrix
   rows: 1
   cols: 25
   dt: "3f"
   data: [ 8.70385559e+02, 2.86507904e+02, 5.92974782e-01,
       7.78321533e+02, 2.76786224e+02, 4.39673305e-01, 7.60626160e+02,
       2.27704178e+02, 5.54903626e-01, 7.52826843e+02, 1.49378540e+02,
       7.89848626e-01, 8.48830078e+02, 1.61074219e+02, 7.86874413e-01,
       8.13535461e+02, 3.21859344e+02, 3.86853576e-01, 7.93946106e+02,
       2.90515442e+02, 6.73887804e-02, 0., 0., 0., 5.25570313e+02,
       3.33555511e+02, 1.59354821e-01, 0., 0., 0., 0., 0., 0., 0., 0.,
       0., 5.35351440e+02, 3.06163513e+02, 1.38781115e-01,
       3.41387207e+02, 3.17841522e+02, 2.72965848e-01, 0., 0., 0.,
       8.84119202e+02, 2.74834991e+02, 5.62651813e-01, 8.84123169e+02,
       2.92417450e+02, 3.81394863e-01, 8.78190125e+02, 2.35581818e+02,
       3.58097494e-01, 0., 0., 0., 0., 0., 0., 0., 0., 0., 0., 0., 0.,
       0., 0., 0., 0., 0., 0., 0., 0., 0. ]
