%YAML:1.0
---
pose_0: !!opencv-matrix
   rows: 1
   cols: 25
   dt: "3f"
   data: [ 8.97718506e+02, 3.68835785e+02, 8.15448701e-01,
       8.23296387e+02, 4.57001221e+02, 5.24245501e-01, 7.74318115e+02,
       3.86462921e+02, 5.13419569e-01, 6.17628601e+02, 4.00120850e+02,
       1.60290420e-01, 5.66689026e+02, 4.06055298e+02, 7.07234219e-02,
       8.72321533e+02, 5.23564697e+02, 2.60238945e-01, 0., 0., 0., 0.,
       0., 0., 5.62769470e+02, 4.60901733e+02, 1.24655500e-01,
       5.70594666e+02, 4.21733582e+02, 1.98574647e-01, 0., 0., 0., 0.,
       0., 0., 5.66675171e+02, 5.09895660e+02, 1.22323059e-01,
       4.25610718e+02, 5.39243042e+02, 6.02368936e-02, 3.51168640e+02,
       5.84309448e+02, 1.10594414e-01, 9.03659668e+02, 3.53211609e+02,
       6.93207920e-01, 9.19361877e+02, 3.72790314e+02, 7.52417624e-01,
       0., 0., 0., 9.34970093e+02, 4.31463959e+02, 6.31316066e-01, 0.,
       0., 0., 0., 0., 0., 3.47271301e+02, 5.88231079e+02,
       9.15195793e-02, 0., 0., 0., 0., 0., 0., 0., 0., 0. ]
