%YAML:1.0
---
pose_0: !!opencv-matrix
   rows: 1
   cols: 25
   dt: "3f"
   data: [ 9.15416626e+02, 2.59038971e+02, 8.66141498e-01,
       8.21361633e+02, 2.08163055e+02, 5.03786802e-01, 8.35097351e+02,
       1.49449020e+02, 6.49369657e-01, 7.64532715e+02, 1.12156563e+02,
       7.37295210e-01, 7.99785278e+02, 2.59170746e+02, 7.86958814e-01,
       8.07609375e+02, 2.70853546e+02, 2.60369688e-01, 0., 0., 0., 0.,
       0., 0., 5.17706421e+02, 2.49303696e+02, 5.49690574e-02,
       5.15754700e+02, 2.43431641e+02, 5.83201572e-02, 3.43351868e+02,
       3.19839020e+02, 1.22020543e-01, 0., 0., 0., 0., 0., 0., 0., 0.,
       0., 0., 0., 0., 9.29056885e+02, 2.31708344e+02, 8.01368356e-01,
       9.31011353e+02, 2.59163452e+02, 7.82786548e-01, 8.97812073e+02,
       1.92460220e+02, 8.05309296e-01, 0., 0., 0., 0., 0., 0., 0., 0.,
       0., 0., 0., 0., 0., 0., 0., 0., 0., 0., 0., 0., 0. ]
