%YAML:1.0
---
pose_0: !!opencv-matrix
   rows: 1
   cols: 25
   dt: "3f"
   data: [ 8.68318787e+02, 3.06192902e+02, 8.07586193e-01,
       7.76242554e+02, 3.17881897e+02, 7.38352835e-01, 7.74428772e+02,
       2.55118576e+02, 6.99395597e-01, 8.03712219e+02, 1.63157028e+02,
       8.15644979e-01, 8.95784058e+02, 2.47338959e+02, 7.54967153e-01,
       7.76278076e+02, 3.84471649e+02, 5.59430659e-01, 7.99836853e+02,
       4.74600250e+02, 7.87876844e-01, 8.70458191e+02, 3.84476379e+02,
       7.45078921e-01, 5.43202332e+02, 3.21840240e+02, 3.03427488e-01,
       5.54959167e+02, 2.80647644e+02, 3.20988476e-01, 5.02048248e+02,
       2.59119965e+02, 1.41896486e-01, 2.10146484e+02, 2.31680130e+02,
       2.36956134e-01, 5.37322632e+02, 3.66806335e+02, 3.56166035e-01,
       3.51180267e+02, 3.94278107e+02, 4.18670624e-01, 1.67069016e+02,
       3.84464844e+02, 4.65176761e-01, 8.78203674e+02, 2.90413422e+02,
       8.03175926e-01, 8.78189270e+02, 3.23718262e+02, 8.02735269e-01,
       8.60558472e+02, 2.72770630e+02, 4.00759846e-01, 8.68400635e+02,
       3.45283844e+02, 3.38546872e-01, 1.16069443e+02, 4.13864471e+02,
       1.06480949e-01, 1.20041771e+02, 4.13887024e+02, 1.09152138e-01,
       1.45458710e+02, 3.68868347e+02, 2.76471227e-01, 0., 0., 0., 0.,
       0., 0., 0., 0., 0. ]
