%YAML:1.0
---
pose_0: !!opencv-matrix
   rows: 1
   cols: 25
   dt: "3f"
   data: [ 9.46781372e+02, 3.11989227e+02, 7.57250071e-01,
       8.37064636e+02, 3.02201935e+02, 6.98167980e-01, 8.23353760e+02,
       2.14065659e+02, 6.84576809e-01, 6.95923767e+02, 1.80780182e+02,
       8.28159511e-01, 6.37186462e+02, 2.39460297e+02, 7.98068225e-01,
       8.40993835e+02, 3.62957916e+02, 5.42886853e-01, 7.76362061e+02,
       4.47202087e+02, 8.53972852e-01, 8.86004089e+02, 3.41423737e+02,
       8.07922363e-01, 5.82363647e+02, 3.04146545e+02, 2.54178673e-01,
       5.86272522e+02, 2.64979584e+02, 3.58005345e-01, 5.07881927e+02,
       2.47377487e+02, 1.01443380e-01, 0., 0., 0., 5.72564026e+02,
       3.55115356e+02, 1.85114726e-01, 3.76652130e+02, 3.74701904e+02,
       8.98735002e-02, 1.16062805e+02, 3.90398407e+02, 1.52220830e-01,
       9.60487793e+02, 2.94364838e+02, 8.03875804e-01, 9.62372864e+02,
       3.31617767e+02, 7.64952004e-01, 9.38919067e+02, 2.59198486e+02,
       6.53743148e-01, 9.48699524e+02, 3.51223785e+02, 6.69272691e-02,
       5.34083176e+01, 4.17784912e+02, 5.25236651e-02, 0., 0., 0., 0.,
       0., 0., 0., 0., 0., 0., 0., 0., 0., 0., 0. ]
