%YAML:1.0
---
pose_0: !!opencv-matrix
   rows: 1
   cols: 25
   dt: "3f"
   data: [ 9.03649658e+02, 3.64823608e+02, 8.09483349e-01,
       8.25335449e+02, 3.00228180e+02, 4.62615162e-01, 8.25344421e+02,
       2.90523346e+02, 7.26588786e-01, 7.21483215e+02, 2.96301208e+02,
       7.56023526e-01, 6.80271790e+02, 4.43292084e+02, 7.95264721e-01,
       8.33124451e+02, 3.06142426e+02, 2.81345129e-01, 0., 0., 0., 0.,
       0., 0., 5.56895996e+02, 2.76746246e+02, 1.87424496e-01,
       5.39249512e+02, 2.70854675e+02, 2.26514772e-01, 3.35503357e+02,
       3.96253021e+02, 4.40118551e-01, 1.21988602e+02, 3.47237091e+02,
       3.55501413e-01, 5.64731262e+02, 2.57126556e+02, 1.18597560e-01,
       0., 0., 0., 0., 0., 0., 9.17358887e+02, 3.37567871e+02,
       8.57461631e-01, 9.19369995e+02, 3.66845032e+02, 7.38049150e-01,
       8.95814941e+02, 2.98270813e+02, 7.88577139e-01, 0., 0., 0., 0.,
       0., 0., 0., 0., 0., 0., 0., 0., 1.18052299e+02, 4.00207611e+02,
       2.11575404e-01, 1.16092354e+02, 3.96259003e+02, 1.67177260e-01,
       1.00388329e+02, 3.35540894e+02, 3.00530910e-01 ]
