%YAML:1.0
---
pose_0: !!opencv-matrix
   rows: 1
   cols: 25
   dt: "3f"
   data: [ 8.97761658e+02, 4.74641846e+02, 7.97056913e-01,
       7.93999023e+02, 4.94270966e+02, 7.09706068e-01, 7.72377747e+02,
       4.45155670e+02, 6.83855295e-01, 6.60741211e+02, 4.62867340e+02,
       1.78738713e-01, 6.15608826e+02, 4.29533264e+02, 1.22447886e-01,
       8.17473083e+02, 5.56912292e+02, 6.60930395e-01, 7.09682434e+02,
       5.70547546e+02, 7.10420847e-01, 6.21588074e+02, 4.43294098e+02,
       6.07932687e-01, 5.58869446e+02, 5.29487000e+02, 1.84129626e-01,
       5.68634766e+02, 4.92259735e+02, 2.95202225e-01, 3.60990570e+02,
       4.60887115e+02, 3.99821192e-01, 2.00360291e+02, 5.43200500e+02,
       4.13495749e-01, 5.43200928e+02, 5.70586121e+02, 1.63220987e-01,
       3.60961456e+02, 4.62866608e+02, 2.71698624e-01, 1.96456879e+02,
       5.50997803e+02, 1.98231086e-01, 9.01701782e+02, 4.56991272e+02,
       9.10637498e-01, 9.11465027e+02, 4.90241577e+02, 8.16073477e-01,
       8.74296509e+02, 4.41266571e+02, 5.79684198e-01, 8.97785034e+02,
       5.09948151e+02, 3.45285147e-01, 1.33713348e+02, 4.98152161e+02,
       2.37874806e-01, 1.37656937e+02, 5.09902039e+02, 2.10545152e-01,
       1.92461975e+02, 5.66677124e+02, 2.30189338e-01, 1.55286377e+02,
       5.17712036e+02, 1.72334433e-01, 1.59207382e+02, 5.15765442e+02,
       1.52281225e-01, 1.94465500e+02, 5.66649841e+02, 3.13685209e-01 ]
