%YAML:1.0
---
pose_0: !!opencv-matrix
   rows: 1
   cols: 25
   dt: "3f"
   data: [ 9.15330811e+02, 4.74614014e+02, 8.32632184e-01,
       8.13508423e+02, 4.90249054e+02, 6.82638288e-01, 7.93947021e+02,
       4.17839661e+02, 6.26130998e-01, 6.88141846e+02, 4.21710663e+02,
       1.68973953e-01, 6.45028015e+02, 4.43280792e+02, 6.97493404e-02,
       8.29223267e+02, 5.58876587e+02, 6.60751581e-01, 7.13701233e+02,
       6.29386658e+02, 7.43827522e-01, 6.03890930e+02, 6.03953064e+02,
       7.97763169e-01, 5.88246460e+02, 5.21617065e+02, 1.39107436e-01,
       5.84304260e+02, 4.68719635e+02, 1.70718715e-01, 3.90377747e+02,
       4.66772858e+02, 1.38586044e-01, 0., 0., 0., 6.17606812e+02,
       5.70583862e+02, 1.30573824e-01, 0., 0., 0., 0., 0., 0.,
       9.21321899e+02, 4.53067047e+02, 8.27000141e-01, 9.31028809e+02,
       4.88343903e+02, 8.30029786e-01, 9.01740601e+02, 4.33441406e+02,
       5.93742490e-01, 9.13477783e+02, 5.07933777e+02, 2.76458561e-01,
       0., 0., 0., 0., 0., 0., 0., 0., 0., 0., 0., 0., 0., 0., 0., 0.,
       0., 0. ]
