%YAML:1.0
---
pose_0: !!opencv-matrix
   rows: 1
   cols: 25
   dt: "3f"
   data: [ 9.48675842e+02, 3.02176086e+02, 7.65672863e-01,
       8.23413696e+02, 3.41410065e+02, 6.36362135e-01, 8.03736023e+02,
       2.74836792e+02, 6.35224938e-01, 6.94057007e+02, 2.72851868e+02,
       5.30245066e-01, 5.98033813e+02, 2.23791306e+02, 7.03697503e-01,
       8.48807068e+02, 4.15821014e+02, 6.52327359e-01, 7.43016785e+02,
       4.58883911e+02, 7.92168140e-01, 7.72415527e+02, 3.04183746e+02,
       6.66647315e-01, 5.88227722e+02, 3.49221954e+02, 1.83466747e-01,
       5.76485046e+02, 3.02216003e+02, 2.62864292e-01, 3.53153442e+02,
       2.78708496e+02, 2.23927781e-01, 1.49399597e+02, 2.74759674e+02,
       7.10757673e-02, 5.64745056e+02, 3.86456635e+02, 1.46671534e-01,
       3.68807251e+02, 4.02165375e+02, 6.88294843e-02, 0., 0., 0.,
       9.56569275e+02, 2.84543457e+02, 6.79776371e-01, 9.64347778e+02,
       3.19884674e+02, 8.93308878e-01, 9.31057617e+02, 2.72727234e+02,
       2.02481776e-01, 9.48763733e+02, 3.53133850e+02, 6.46461666e-01,
       0., 0., 0., 0., 0., 0., 0., 0., 0., 0., 0., 0., 0., 0., 0., 0.,
       0., 0. ]
