%YAML:1.0
---
pose_0: !!opencv-matrix
   rows: 1
   cols: 25
   dt: "3f"
   data: [ 8.99794189e+02, 2.90419678e+02, 8.35970521e-01,
       8.21419678e+02, 3.00229950e+02, 7.13885486e-01, 8.19396301e+02,
       2.31671005e+02, 5.56521475e-01, 8.64459290e+02, 1.27832253e+02,
       7.67867148e-01, 9.50656982e+02, 2.25700867e+02, 8.11308801e-01,
       8.23426086e+02, 3.68836304e+02, 6.04653955e-01, 8.60554932e+02,
       4.58970825e+02, 8.30366731e-01, 9.34987976e+02, 3.66919495e+02,
       8.32057714e-01, 5.99997742e+02, 3.21808411e+02, 2.40543991e-01,
       5.98042664e+02, 2.76747314e+02, 3.58913273e-01, 3.90364563e+02,
       2.84560883e+02, 1.51236162e-01, 0., 0., 0., 6.00002441e+02,
       3.74714050e+02, 2.96069473e-01, 4.78512573e+02, 3.78599670e+02,
       1.12173460e-01, 3.82529022e+02, 3.72761810e+02, 1.55593067e-01,
       9.15386047e+02, 2.72732239e+02, 8.39462221e-01, 9.13466309e+02,
       3.06102142e+02, 8.06139290e-01, 9.01729492e+02, 2.51273743e+02,
       4.21015590e-01, 9.01662964e+02, 3.21929596e+02, 2.30459303e-01,
       0., 0., 0., 0., 0., 0., 0., 0., 0., 0., 0., 0., 0., 0., 0., 0.,
       0., 0. ]
