%YAML:1.0
---
pose_0: !!opencv-matrix
   rows: 1
   cols: 25
   dt: "3f"
   data: [ 9.03712158e+02, 2.88552063e+02, 7.73543358e-01,
       8.21365967e+02, 2.98282745e+02, 6.54798925e-01, 8.17424622e+02,
       2.25779221e+02, 6.92096114e-01, 6.98004089e+02, 1.78769638e+02,
       8.02078903e-01, 6.60717834e+02, 1.96383575e+02, 8.26864183e-01,
       8.25279663e+02, 3.86471039e+02, 4.44760889e-01, 6.88153381e+02,
       4.45276611e+02, 7.51119971e-01, 8.05776062e+02, 3.80584381e+02,
       7.83658624e-01, 5.58861389e+02, 3.17873444e+02, 1.56734109e-01,
       5.68653076e+02, 2.70840759e+02, 2.11999595e-01, 3.49238464e+02,
       2.72761292e+02, 3.59214187e-01, 1.63065689e+02, 2.90469055e+02,
       3.56403112e-01, 5.37299622e+02, 3.70791595e+02, 1.15713671e-01,
       3.68823395e+02, 3.66871582e+02, 1.54756129e-01, 1.39614426e+02,
       3.41404236e+02, 1.25130743e-01, 9.17366150e+02, 2.72740631e+02,
       7.83716857e-01, 9.21348572e+02, 3.06127716e+02, 8.03780377e-01,
       9.01683594e+02, 2.43510330e+02, 3.58741671e-01, 9.17428345e+02,
       3.37479675e+02, 3.57152224e-01, 0., 0., 0., 0., 0., 0.,
       1.33727112e+02, 3.62893372e+02, 6.52743727e-02, 1.12168930e+02,
       2.49333603e+02, 8.10310766e-02, 0., 0., 0., 1.49372635e+02,
       2.94391602e+02, 1.84430912e-01 ]
