%YAML:1.0
---
pose_0: !!opencv-matrix
   rows: 1
   cols: 25
   dt: "3f"
   data: [ 9.93813293e+02, 2.27841827e+02, 8.49364579e-01,
       8.68309082e+02, 2.57110809e+02, 5.98165512e-01, 8.42941711e+02,
       1.67027863e+02, 6.32778466e-01, 6.66597412e+02, 1.23913933e+02,
       5.20964682e-01, 5.64749695e+02, 1.06313324e+02, 7.77615428e-01,
       8.84018311e+02, 3.43362244e+02, 5.37326157e-01, 7.42977661e+02,
       4.04120087e+02, 5.93271434e-01, 6.13669678e+02, 3.45332397e+02,
       7.38770485e-01, 5.84317383e+02, 2.76723297e+02, 8.98916572e-02,
       5.41221313e+02, 2.41485397e+02, 1.19834930e-01, 3.98182800e+02,
       2.43417862e+02, 5.11800274e-02, 0., 0., 0., 0., 0., 0., 0., 0.,
       0., 0., 0., 0., 1.00160010e+03, 2.10120667e+02, 8.52175951e-01,
       1.00952045e+03, 2.49336670e+02, 7.65967131e-01, 9.76177246e+02,
       1.86642441e+02, 5.24505913e-01, 9.91839661e+02, 2.78682861e+02,
       2.47996867e-01, 0., 0., 0., 0., 0., 0., 0., 0., 0., 0., 0., 0.,
       0., 0., 0., 0., 0., 0. ]
