%YAML:1.0
---
pose_0: !!opencv-matrix
   rows: 1
   cols: 25
   dt: "3f"
   data: [ 9.17364075e+02, 3.57111908e+02, 7.49675155e-01,
       8.33104431e+02, 2.82599426e+02, 4.59622741e-01, 8.38955994e+02,
       2.64976440e+02, 7.20043898e-01, 7.29222412e+02, 3.19876862e+02,
       7.59291172e-01, 8.11584412e+02, 4.35452942e+02, 6.94289267e-01,
       8.27240784e+02, 3.10029327e+02, 2.10339993e-01, 0., 0., 0., 0.,
       0., 0., 5.39281799e+02, 3.02179657e+02, 2.51799643e-01,
       5.39244080e+02, 3.02199280e+02, 2.83951342e-01, 3.06185699e+02,
       3.41368622e+02, 4.68224585e-01, 9.45264206e+01, 3.41371887e+02,
       3.26886058e-01, 0., 0., 0., 0., 0., 0., 0., 0., 0.,
       9.33102783e+02, 3.39415222e+02, 7.73483217e-01, 9.36932251e+02,
       3.60958221e+02, 1.69300199e-01, 9.19327087e+02, 2.90373047e+02,
       8.79299343e-01, 0., 0., 0., 0., 0., 0., 0., 0., 0., 0., 0., 0.,
       7.30119705e+01, 3.80576904e+02, 5.85989431e-02, 0., 0., 0.,
       7.30064697e+01, 3.37478882e+02, 2.42087513e-01 ]
