%YAML:1.0
---
pose_0: !!opencv-matrix
   rows: 1
   cols: 25
   dt: "3f"
   data: [ 8.97764099e+02, 3.47232300e+02, 7.50863135e-01,
       7.88075684e+02, 3.51216888e+02, 7.32714772e-01, 7.72385620e+02,
       2.76783478e+02, 6.65975690e-01, 6.50901917e+02, 2.10207367e+02,
       8.48854125e-01, 7.25355652e+02, 2.19924561e+02, 8.06255877e-01,
       7.95929382e+02, 4.27597504e+02, 6.14280462e-01, 6.86190430e+02,
       4.98148743e+02, 7.71100461e-01, 7.92031921e+02, 4.86356323e+02,
       7.93749332e-01, 5.21593323e+02, 3.72721039e+02, 3.37318122e-01,
       5.19687744e+02, 3.27689697e+02, 3.81496131e-01, 3.47253601e+02,
       3.45327820e+02, 3.33663166e-01, 0., 0., 0., 5.21624512e+02,
       4.17774109e+02, 3.82322103e-01, 3.53174500e+02, 4.76539368e+02,
       3.20131212e-01, 1.80774872e+02, 5.19638245e+02, 1.43633604e-01,
       9.01727173e+02, 3.21824890e+02, 8.64943326e-01, 9.07581909e+02,
       3.60989838e+02, 7.55556822e-01, 8.74266724e+02, 3.00245239e+02,
       6.56575382e-01, 8.99724487e+02, 3.78625854e+02, 1.94302246e-01,
       0., 0., 0., 0., 0., 0., 0., 0., 0., 0., 0., 0., 0., 0., 0., 0.,
       0., 0. ]
