%YAML:1.0
---
pose_0: !!opencv-matrix
   rows: 1
   cols: 25
   dt: "3f"
   data: [ 9.17424377e+02, 2.10086777e+02, 8.34387779e-01,
       8.03772583e+02, 2.27834076e+02, 6.85347438e-01, 7.88032715e+02,
       1.49415283e+02, 6.81793749e-01, 6.66627258e+02, 1.04397766e+02,
       7.15035677e-01, 5.68633179e+02, 1.02379669e+02, 8.64751339e-01,
       8.13550598e+02, 3.19790588e+02, 6.61614776e-01, 6.82314697e+02,
       3.78618347e+02, 8.08970928e-01, 6.33319824e+02, 3.35477539e+02,
       8.51266682e-01, 5.51003052e+02, 2.37545029e+02, 1.91489875e-01,
       5.47105164e+02, 1.94436386e+02, 2.58157462e-01, 3.53193970e+02,
       1.84658752e+02, 1.53758630e-01, 0., 0., 0., 5.62755615e+02,
       2.90483765e+02, 1.89595252e-01, 0., 0., 0., 0., 0., 0.,
       9.21268188e+02, 1.90548431e+02, 7.98796058e-01, 9.31068726e+02,
       2.25720093e+02, 7.92299807e-01, 8.89953064e+02, 1.72895950e+02,
       5.53117633e-01, 9.13476135e+02, 2.55150085e+02, 4.32551116e-01,
       0., 0., 0., 0., 0., 0., 0., 0., 0., 0., 0., 0., 0., 0., 0., 0.,
       0., 0. ]
