%YAML:1.0
---
pose_0: !!opencv-matrix
   rows: 1
   cols: 25
   dt: "3f"
   data: [ 9.46773499e+02, 3.21837860e+02, 7.65348494e-01,
       8.37094849e+02, 2.72866425e+02, 6.43796265e-01, 8.54684448e+02,
       1.96392731e+02, 6.43131137e-01, 7.39077393e+02, 1.18076134e+02,
       7.40056276e-01, 5.90208496e+02, 1.51392197e+02, 6.53127730e-01,
       8.21338745e+02, 3.53166718e+02, 5.78511715e-01, 7.15576904e+02,
       4.23639862e+02, 7.38928258e-01, 6.92077515e+02, 5.02047668e+02,
       7.45058298e-01, 5.92151367e+02, 2.72810791e+02, 1.02762848e-01,
       5.78423645e+02, 2.29729141e+02, 1.14647187e-01, 2.94396118e+02,
       3.33539001e+02, 2.18766943e-01, 1.21963814e+02, 3.33506805e+02,
       2.10016936e-01, 5.96087402e+02, 3.25734344e+02, 1.03247628e-01,
       3.11994263e+02, 3.51227112e+02, 1.31451979e-01, 1.63147446e+02,
       2.96359741e+02, 1.95029706e-01, 9.64311707e+02, 2.90536530e+02,
       8.56415451e-01, 9.64384766e+02, 3.35441711e+02, 7.79477715e-01,
       9.48664368e+02, 2.51288300e+02, 5.10022819e-01, 0., 0., 0., 0.,
       0., 0., 0., 0., 0., 1.59152817e+02, 2.76716705e+02,
       1.82613611e-01, 1.16075668e+02, 3.98188385e+02, 2.35607237e-01,
       1.14067993e+02, 3.88426086e+02, 1.97846442e-01, 0., 0., 0. ]
