%YAML:1.0
---
pose_0: !!opencv-matrix
   rows: 1
   cols: 25
   dt: "3f"
   data: [ 8.91913818e+02, 2.45377640e+02, 7.61310518e-01,
       7.91986511e+02, 2.76727173e+02, 7.13738084e-01, 7.72410706e+02,
       2.10191513e+02, 6.71918988e-01, 6.64657471e+02, 1.98401993e+02,
       1.19923025e-01, 6.29395935e+02, 1.96502136e+02, 5.14544360e-02,
       8.07645935e+02, 3.49248474e+02, 6.83370829e-01, 7.11728271e+02,
       3.53209442e+02, 7.25474894e-01, 6.03885559e+02, 3.10059326e+02,
       6.96443379e-01, 5.39264099e+02, 2.86524536e+02, 1.05217524e-01,
       5.41230957e+02, 2.45402832e+02, 1.72272637e-01, 3.29647064e+02,
       2.76787415e+02, 1.97507069e-01, 1.16051361e+02, 2.92395721e+02,
       1.30203560e-01, 5.78445801e+02, 3.37445801e+02, 8.72708559e-02,
       3.47276886e+02, 3.45305328e+02, 1.21375836e-01, 0., 0., 0.,
       8.99666992e+02, 2.27730316e+02, 8.86827350e-01, 9.05586243e+02,
       2.59200592e+02, 8.14108968e-01, 8.70306824e+02, 2.12143494e+02,
       5.89830875e-01, 8.95792786e+02, 2.88514404e+02, 5.86349249e-01,
       0., 0., 0., 0., 0., 0., 0., 0., 0., 7.68925095e+01,
       2.61102356e+02, 7.43993223e-02, 7.88932953e+01, 2.61058990e+02,
       5.54532744e-02, 0., 0., 0. ]
