%YAML:1.0
---
pose_0: !!opencv-matrix
   rows: 1
   cols: 25
   dt: "3f"
   data: [ 8.97802368e+02, 3.60964020e+02, 7.69675970e-01,
       7.90020691e+02, 3.55115051e+02, 7.17119098e-01, 7.78316040e+02,
       2.76785522e+02, 6.67933404e-01, 6.48978760e+02, 2.25799835e+02,
       8.26386929e-01, 7.13676697e+02, 2.41368118e+02, 8.00288141e-01,
       7.89991272e+02, 4.29604004e+02, 5.93323827e-01, 6.78376038e+02,
       4.94192719e+02, 8.54687452e-01, 7.76307190e+02, 4.90281555e+02,
       7.96517015e-01, 5.39271667e+02, 3.76667236e+02, 2.89674550e-01,
       5.43189819e+02, 3.33559540e+02, 3.80631000e-01, 3.59023560e+02,
       3.57080841e+02, 3.11776429e-01, 1.57229919e+02, 3.55122375e+02,
       3.04701418e-01, 5.27528503e+02, 4.23666809e+02, 3.26389313e-01,
       3.66882446e+02, 4.78521759e+02, 3.33254278e-01, 1.94483093e+02,
       5.17727539e+02, 3.59501243e-01, 9.03677673e+02, 3.35527557e+02,
       8.44270468e-01, 9.13433350e+02, 3.70794189e+02, 7.81499982e-01,
       8.78165833e+02, 3.08070496e+02, 6.21207058e-01, 9.07555664e+02,
       3.88417847e+02, 7.06953928e-02, 1.49354965e+02, 5.05973999e+02,
       1.04475148e-01, 0., 0., 0., 1.72894653e+02, 5.11846344e+02,
       1.70111507e-01, 1.29781586e+02, 3.68815918e+02, 7.18109161e-02,
       1.29768738e+02, 3.66829010e+02, 8.58004540e-02, 0., 0., 0. ]
