%YAML:1.0
---
pose_0: !!opencv-matrix
   rows: 1
   cols: 25
   dt: "3f"
   data: [ 9.01770203e+02, 3.98231110e+02, 8.26378822e-01,
       7.93927612e+02, 4.11853546e+02, 6.60251975e-01, 7.90009033e+02,
       3.37416840e+02, 7.12968588e-01, 7.25381042e+02, 3.17851288e+02,
       5.73631048e-01, 6.66587158e+02, 2.92453339e+02, 7.94432104e-01,
       7.95901245e+02, 4.76611908e+02, 4.67510551e-01, 6.80293579e+02,
       5.50973450e+02, 7.77102888e-01, 7.76377563e+02, 5.02046753e+02,
       7.65033424e-01, 5.54919067e+02, 4.27575745e+02, 1.42696962e-01,
       5.54948303e+02, 3.90382629e+02, 2.22231656e-01, 4.68743927e+02,
       3.88438568e+02, 7.86768794e-02, 0., 0., 0., 5.54930603e+02,
       4.86352325e+02, 9.98856276e-02, 3.62921021e+02, 5.09860199e+02,
       1.10596433e-01, 3.35494568e+02, 5.11860474e+02, 5.33305705e-02,
       9.15354980e+02, 3.80555420e+02, 8.51670980e-01, 9.15471008e+02,
       4.13821716e+02, 8.23338389e-01, 8.86113464e+02, 3.55148132e+02,
       7.27791369e-01, 9.07554321e+02, 4.31621307e+02, 3.08064580e-01,
       0., 0., 0., 0., 0., 0., 0., 0., 0., 0., 0., 0., 0., 0., 0., 0.,
       0., 0. ]
