%YAML:1.0
---
pose_0: !!opencv-matrix
   rows: 1
   cols: 25
   dt: "3f"
   data: [ 9.32988403e+02, 1.80814529e+02, 8.16823840e-01,
       8.17431946e+02, 1.92441742e+02, 6.30693138e-01, 8.21426819e+02,
       1.02409233e+02, 6.77505255e-01, 0., 0., 0., 0., 0., 0.,
       8.15521790e+02, 2.74836884e+02, 6.31843269e-01, 7.17556091e+02,
       3.51192139e+02, 6.51129603e-01, 5.88263184e+02, 4.06043091e+02,
       7.78204262e-01, 5.41232971e+02, 2.23831802e+02, 1.14990413e-01,
       5.37306763e+02, 1.80738022e+02, 1.21231273e-01, 3.35531555e+02,
       3.25723633e+02, 2.43032396e-01, 1.39582855e+02, 3.90345062e+02,
       2.85061270e-01, 5.17717346e+02, 2.68896179e+02, 1.08079880e-01,
       3.37466705e+02, 3.19880554e+02, 1.54043972e-01, 1.20010948e+02,
       3.96252625e+02, 1.17685847e-01, 9.46656128e+02, 1.61082825e+02,
       8.22821438e-01, 9.46742432e+02, 1.96419647e+02, 8.44470441e-01,
       9.21288574e+02, 1.33817581e+02, 5.86631179e-01, 9.27187012e+02,
       2.17991638e+02, 2.27528304e-01, 8.47804337e+01, 3.70818481e+02,
       1.23865031e-01, 8.67828064e+01, 3.82548309e+02, 1.19386777e-01,
       1.02425011e+02, 3.88404266e+02, 9.47252437e-02, 9.06245117e+01,
       3.80552307e+02, 1.57371208e-01, 9.06560135e+01, 3.74705017e+02,
       1.30774677e-01, 1.20024651e+02, 4.00158783e+02, 2.26065740e-01 ]
