%YAML:1.0
---
pose_0: !!opencv-matrix
   rows: 1
   cols: 25
   dt: "3f"
   data: [ 9.15459717e+02, 3.35411224e+02, 8.23117495e-01,
       8.21327515e+02, 2.59073242e+02, 7.08119750e-01, 8.27284851e+02,
       2.25733139e+02, 6.77894175e-01, 7.25401062e+02, 2.70885834e+02,
       7.57785678e-01, 8.09596497e+02, 3.84500763e+02, 7.36645341e-01,
       8.07715088e+02, 2.94365753e+02, 4.42122757e-01, 7.29285400e+02,
       3.72774933e+02, 8.10636401e-01, 8.13563049e+02, 3.92308746e+02,
       6.67941272e-01, 5.76494507e+02, 2.63047516e+02, 2.10139453e-01,
       5.66674866e+02, 2.55177475e+02, 2.05156550e-01, 3.27672882e+02,
       2.80648071e+02, 1.23264931e-01, 1.39583740e+02, 2.43417648e+02,
       1.37741551e-01, 5.72577393e+02, 2.66927795e+02, 1.29977226e-01,
       3.25718781e+02, 3.27673218e+02, 1.13387965e-01, 1.47427063e+02,
       3.04180939e+02, 2.24009112e-01, 9.32980164e+02, 3.17861572e+02,
       8.54650736e-01, 0., 0., 0., 9.21295654e+02, 2.70788055e+02,
       8.05881381e-01, 0., 0., 0., 1.19996544e+02, 3.94252502e+02,
       1.18816793e-01, 1.21944344e+02, 3.94257141e+02, 9.89915952e-02,
       1.14080437e+02, 3.00217590e+02, 1.44678995e-01, 0., 0., 0., 0.,
       0., 0., 0., 0., 0. ]
