%YAML:1.0
---
pose_0: !!opencv-matrix
   rows: 1
   cols: 25
   dt: "3f"
   data: [ 9.29153687e+02, 2.12036423e+02, 8.28558683e-01,
       8.19343689e+02, 2.29768295e+02, 6.75016820e-01, 8.07595032e+02,
       1.49475952e+02, 6.99177802e-01, 6.76373596e+02, 1.15990891e+02,
       7.32444584e-01, 5.84261597e+02, 8.68114853e+01, 8.04066241e-01,
       8.29179138e+02, 3.10043335e+02, 6.22814715e-01, 7.43030640e+02,
       3.98268951e+02, 6.74768448e-01, 6.64643921e+02, 5.00054413e+02,
       6.69615090e-01, 5.62773621e+02, 2.80667236e+02, 2.35691622e-01,
       5.64726135e+02, 2.31689941e+02, 3.34838003e-01, 3.31562286e+02,
       2.39523071e+02, 3.52458894e-01, 1.29786224e+02, 2.25814987e+02,
       1.90359443e-01, 5.70596741e+02, 3.31564667e+02, 2.07727000e-01,
       3.64900482e+02, 3.51210388e+02, 4.62559551e-01, 2.10127304e+02,
       3.86495728e+02, 2.67370760e-01, 9.35006287e+02, 1.92518860e+02,
       8.60087037e-01, 9.44760742e+02, 2.27772110e+02, 8.30931246e-01,
       9.07564575e+02, 1.72936569e+02, 4.42649126e-01, 9.27126648e+02,
       2.57092529e+02, 4.44255233e-01, 1.78761856e+02, 3.55173523e+02,
       6.26954809e-02, 1.80755707e+02, 3.68890839e+02, 7.14193583e-02,
       1.92493927e+02, 3.96257050e+02, 1.75478056e-01, 0., 0., 0., 0.,
       0., 0., 0., 0., 0. ]
