%YAML:1.0
---
pose_0: !!opencv-matrix
   rows: 1
   cols: 25
   dt: "3f"
   data: [ 8.87998779e+02, 4.29453735e+02, 8.13521326e-01,
       8.07622620e+02, 4.66804169e+02, 6.64434969e-01, 7.80231384e+02,
       4.33495941e+02, 5.27241528e-01, 0., 0., 0., 0., 0., 0.,
       8.27285034e+02, 5.07964264e+02, 6.95084751e-01, 7.62605591e+02,
       5.39201172e+02, 7.85582125e-01, 7.43037781e+02, 4.06045319e+02,
       7.82993793e-01, 5.74537476e+02, 4.90298157e+02, 2.07430393e-01,
       5.74525757e+02, 4.64812164e+02, 2.34155163e-01, 3.66827393e+02,
       4.47135315e+02, 2.79026061e-01, 1.80703262e+02, 4.31578766e+02,
       2.83566564e-01, 5.64729004e+02, 5.19656799e+02, 1.10156886e-01,
       3.70799713e+02, 4.45144592e+02, 2.15517312e-01, 1.78800049e+02,
       4.33515930e+02, 2.65303284e-01, 8.97764221e+02, 4.15773651e+02,
       8.66402030e-01, 9.01721558e+02, 4.45112457e+02, 8.62100899e-01,
       8.72303101e+02, 4.11851227e+02, 3.41851622e-01, 8.97707642e+02,
       4.70717346e+02, 6.75756931e-01, 1.43507034e+02, 3.84514679e+02,
       6.08098581e-02, 1.47446945e+02, 4.02109283e+02, 7.52675608e-02,
       1.65089523e+02, 4.45222717e+02, 1.81408525e-01, 1.49358124e+02,
       3.86477997e+02, 1.36552840e-01, 1.49396301e+02, 3.90404877e+02,
       1.06031716e-01, 0., 0., 0. ]
