%YAML:1.0
---
pose_0: !!opencv-matrix
   rows: 1
   cols: 25
   dt: "3f"
   data: [ 1.01147852e+03, 2.14120285e+02, 7.49574065e-01,
       8.86038696e+02, 2.10139420e+02, 5.16431928e-01, 8.97758728e+02,
       1.08267334e+02, 4.56070602e-01, 7.91986633e+02, 4.94783096e+01,
       7.27510691e-01, 8.84104431e+02, 1.39609146e+02, 6.07728839e-01,
       8.76261841e+02, 3.04176483e+02, 5.24069071e-01, 7.31262573e+02,
       3.51155762e+02, 6.36669815e-01, 6.37198547e+02, 3.82602173e+02,
       4.83449161e-01, 6.74438049e+02, 1.98365433e+02, 8.07886869e-02,
       0., 0., 0., 0., 0., 0., 0., 0., 0., 6.78369629e+02,
       2.57163544e+02, 5.26597425e-02, 0., 0., 0., 0., 0., 0.,
       1.02719531e+03, 1.88574738e+02, 7.74288476e-01, 1.03686841e+03,
       2.37527634e+02, 6.74206734e-01, 1.00943176e+03, 1.51392624e+02,
       5.16675413e-01, 0., 0., 0., 0., 0., 0., 0., 0., 0., 0., 0., 0.,
       0., 0., 0., 0., 0., 0., 0., 0., 0. ]
