%YAML:1.0
---
pose_0: !!opencv-matrix
   rows: 1
   cols: 25
   dt: "3f"
   data: [ 8.78205811e+02, 4.49133087e+02, 7.97741950e-01,
       7.91978516e+02, 4.21737579e+02, 7.21030235e-01, 7.90040894e+02,
       3.53184906e+02, 6.36402488e-01, 8.52657410e+02, 2.59102081e+02,
       8.47788692e-01, 8.99752869e+02, 3.31617310e+02, 8.21738482e-01,
       8.05600037e+02, 4.92246307e+02, 6.44487917e-01, 8.35037170e+02,
       5.78440247e+02, 7.21460760e-01, 9.03698181e+02, 6.80257507e+02,
       8.03965688e-01, 5.51030090e+02, 4.51107147e+02, 3.54442090e-01,
       5.52947571e+02, 4.13825378e+02, 4.45004761e-01, 3.84510071e+02,
       4.17787201e+02, 3.03338528e-01, 0., 0., 0., 5.52975952e+02,
       4.94191681e+02, 3.71154934e-01, 3.98204285e+02, 5.23528015e+02,
       1.92141324e-01, 0., 0., 0., 8.87960327e+02, 4.29514526e+02,
       8.36420059e-01, 8.97707275e+02, 4.47261108e+02, 4.64467019e-01,
       8.60552124e+02, 3.86505615e+02, 7.92612374e-01, 0., 0., 0., 0.,
       0., 0., 0., 0., 0., 0., 0., 0., 0., 0., 0., 0., 0., 0., 0., 0.,
       0. ]
