%YAML:1.0
---
pose_0: !!opencv-matrix
   rows: 1
   cols: 25
   dt: "3f"
   data: [ 9.17350586e+02, 2.06230255e+02, 8.33884537e-01,
       8.27257996e+02, 1.53325348e+02, 4.15550411e-01, 8.25304504e+02,
       1.12173256e+02, 5.94912767e-01, 8.05634949e+02, 2.17997894e+02,
       6.11139715e-01, 8.07671753e+02, 3.35567719e+02, 8.73990834e-01,
       8.25288940e+02, 1.80778748e+02, 1.81966454e-01, 7.90094849e+02,
       2.17953049e+02, 1.51340753e-01, 0., 0., 0., 6.50932434e+02,
       1.49368835e+02, 5.95475286e-02, 0., 0., 0., 0., 0., 0., 0., 0.,
       0., 7.09691040e+02, 1.82697449e+02, 5.99811524e-02,
       6.45040588e+02, 2.45384979e+02, 1.21670403e-01, 5.52949341e+02,
       3.13946289e+02, 2.04832599e-01, 9.29110779e+02, 1.80789597e+02,
       8.82418036e-01, 9.31125061e+02, 2.10098068e+02, 7.71594763e-01,
       8.99795044e+02, 1.41553040e+02, 8.22291613e-01, 0., 0., 0.,
       5.27509094e+02, 3.31598389e+02, 6.82676882e-02, 5.25540527e+02,
       3.33526886e+02, 8.31029117e-02, 5.41233032e+02, 3.19814514e+02,
       1.53161630e-01, 0., 0., 0., 0., 0., 0., 0., 0., 0. ]
