%YAML:1.0
---
pose_0: !!opencv-matrix
   rows: 1
   cols: 25
   dt: "3f"
   data: [ 9.13422241e+02, 3.58994537e+02, 7.67230630e-01,
       8.23297852e+02, 3.13967529e+02, 5.23558497e-01, 8.33110229e+02,
       2.72871063e+02, 6.92141294e-01, 7.39043762e+02, 3.21840332e+02,
       7.21651614e-01, 8.05767151e+02, 4.39344574e+02, 8.09004486e-01,
       8.07671082e+02, 3.51170044e+02, 2.13774905e-01, 6.66618652e+02,
       3.98252991e+02, 8.79495382e-01, 7.31248108e+02, 4.60848053e+02,
       7.03116059e-01, 5.37313782e+02, 2.88492401e+02, 2.24214107e-01,
       5.37269287e+02, 2.86531128e+02, 2.58789748e-01, 3.35491455e+02,
       3.80564880e+02, 4.91147012e-01, 1.18050858e+02, 3.51124817e+02,
       4.07438219e-01, 0., 0., 0., 0., 0., 0., 0., 0., 0.,
       9.27198486e+02, 3.35568237e+02, 8.08543503e-01, 9.31083435e+02,
       3.66880646e+02, 8.05462003e-01, 9.03640076e+02, 2.98264282e+02,
       7.37670302e-01, 0., 0., 0., 0., 0., 0., 0., 0., 0., 0., 0., 0.,
       5.72990685e+01, 3.19790253e+02, 1.13572702e-01, 5.73245354e+01,
       3.19789429e+02, 8.92233178e-02, 1.00416618e+02, 3.51135437e+02,
       2.99980849e-01 ]
