%YAML:1.0
---
pose_0: !!opencv-matrix
   rows: 1
   cols: 25
   dt: "3f"
   data: [ 8.86057373e+02, 4.09988251e+02, 8.21902096e-01,
       7.82165833e+02, 4.21706909e+02, 6.45753443e-01, 7.74293396e+02,
       3.53174316e+02, 7.38913476e-01, 6.84252502e+02, 3.04078949e+02,
       7.81161606e-01, 6.64704529e+02, 2.53178558e+02, 8.16589475e-01,
       7.91951477e+02, 4.92219818e+02, 6.00676835e-01, 6.80279114e+02,
       5.76463135e+02, 7.98488021e-01, 7.58732605e+02, 5.54990356e+02,
       8.58783066e-01, 5.51014526e+02, 4.43253418e+02, 3.04576725e-01,
       5.54908020e+02, 4.00191040e+02, 3.68239254e-01, 0., 0., 0., 0.,
       0., 0., 5.43158508e+02, 4.82475555e+02, 2.90069848e-01,
       3.70799591e+02, 5.23513123e+02, 4.44219261e-01, 2.02308884e+02,
       5.68657104e+02, 3.16129208e-01, 8.93851990e+02, 3.96240082e+02,
       8.23909640e-01, 8.99771912e+02, 4.27519867e+02, 7.51285195e-01,
       8.68369629e+02, 3.82447021e+02, 4.35946405e-01, 8.80117798e+02,
       4.51072083e+02, 5.23851097e-01, 1.47420074e+02, 5.97994263e+02,
       1.26241133e-01, 1.53342789e+02, 6.01959229e+02, 1.37213260e-01,
       1.80695908e+02, 5.56932007e+02, 1.50498018e-01, 0., 0., 0., 0.,
       0., 0., 0., 0., 0. ]
