%YAML:1.0
---
pose_0: !!opencv-matrix
   rows: 1
   cols: 25
   dt: "3f"
   data: [ 9.13423218e+02, 1.74839905e+02, 7.84951568e-01,
       7.90070862e+02, 1.78738052e+02, 6.73589110e-01, 7.88103516e+02,
       8.86576614e+01, 6.81900024e-01, 6.58760193e+02, 6.70761337e+01,
       5.60759246e-01, 5.29465759e+02, 7.88978119e+01, 5.98354161e-01,
       7.91955078e+02, 2.61074829e+02, 6.80241108e-01, 6.80248657e+02,
       3.00243378e+02, 7.43722677e-01, 5.41278076e+02, 3.10046509e+02,
       7.61566818e-01, 5.21606567e+02, 2.02295914e+02, 1.62753388e-01,
       5.11817535e+02, 1.55250061e+02, 1.98303625e-01, 0., 0., 0., 0.,
       0., 0., 5.25568054e+02, 2.55155472e+02, 1.72376424e-01,
       4.00184204e+02, 2.88512268e+02, 5.30964807e-02, 0., 0., 0.,
       9.17488464e+02, 1.47495636e+02, 8.87912631e-01, 9.29137268e+02,
       1.82772064e+02, 8.22000206e-01, 8.93882996e+02, 1.23916275e+02,
       5.16295671e-01, 9.17385254e+02, 2.00376419e+02, 1.13951556e-01,
       0., 0., 0., 0., 0., 0., 0., 0., 0., 0., 0., 0., 0., 0., 0., 0.,
       0., 0. ]
