%YAML:1.0
---
pose_0: !!opencv-matrix
   rows: 1
   cols: 25
   dt: "3f"
   data: [ 8.68402405e+02, 3.51178314e+02, 5.78266382e-01,
       7.72381470e+02, 3.19789795e+02, 6.82040811e-01, 7.91931458e+02,
       2.39487030e+02, 4.81733084e-01, 7.52798279e+02, 2.35605606e+02,
       6.55141354e-01, 8.35085144e+02, 3.17877716e+02, 6.40941262e-01,
       7.60578125e+02, 3.68793793e+02, 5.47338843e-01, 7.13583496e+02,
       4.74615082e+02, 8.30187261e-01, 8.07647644e+02, 4.31532227e+02,
       8.74145925e-01, 5.39261963e+02, 3.04134338e+02, 2.99705774e-01,
       5.47082581e+02, 2.61100159e+02, 3.31764817e-01, 3.49203674e+02,
       2.39493042e+02, 4.20208395e-01, 0., 0., 0., 5.33391968e+02,
       3.45298004e+02, 3.38870943e-01, 3.37486694e+02, 3.84471100e+02,
       3.65629017e-01, 1.59182297e+02, 3.82527588e+02, 3.98714244e-01,
       8.85995605e+02, 3.39441467e+02, 6.00094199e-01, 8.84113220e+02,
       3.51220398e+02, 1.43176511e-01, 8.82129150e+02, 3.04159424e+02,
       7.44906545e-01, 0., 0., 0., 1.20017570e+02, 4.33495880e+02,
       2.12665036e-01, 1.20046959e+02, 4.33455444e+02, 1.95084840e-01,
       1.33761658e+02, 3.68848511e+02, 3.51769805e-01, 0., 0., 0., 0.,
       0., 0., 0., 0., 0. ]
