%YAML:1.0
---
pose_0: !!opencv-matrix
   rows: 1
   cols: 25
   dt: "3f"
   data: [ 9.48720459e+02, 2.86474304e+02, 6.82622075e-01,
       8.35116333e+02, 2.92385040e+02, 5.94744623e-01, 8.23345276e+02,
       2.08176590e+02, 6.63266897e-01, 6.66596252e+02, 1.57222412e+02,
       7.34555066e-01, 7.07708252e+02, 1.96477615e+02, 7.78547943e-01,
       8.42916992e+02, 3.80573181e+02, 5.90837657e-01, 6.93955933e+02,
       4.62936584e+02, 7.75822759e-01, 7.50867432e+02, 3.84489227e+02,
       7.65604556e-01, 5.45134277e+02, 3.04134735e+02, 2.41643131e-01,
       5.47077637e+02, 2.59071991e+02, 3.74121130e-01, 3.45313385e+02,
       2.90428436e+02, 5.29668689e-01, 9.45313950e+01, 2.88429474e+02,
       2.97197253e-01, 5.29457642e+02, 3.60978149e+02, 2.01826319e-01,
       3.29612885e+02, 3.68804199e+02, 4.49420631e-01, 1.29791061e+02,
       3.55141022e+02, 2.61508673e-01, 9.64491882e+02, 2.59201263e+02,
       8.05198312e-01, 9.66352783e+02, 3.06119781e+02, 7.86394656e-01,
       9.38905090e+02, 2.31673004e+02, 4.20278907e-01, 9.44774048e+02,
       3.27722198e+02, 1.07660808e-01, 0., 0., 0., 0., 0., 0.,
       9.45503616e+01, 3.35520416e+02, 1.62504241e-01, 0., 0., 0., 0.,
       0., 0., 0., 0., 0. ]
