%YAML:1.0
---
pose_0: !!opencv-matrix
   rows: 1
   cols: 25
   dt: "3f"
   data: [ 9.64431519e+02, 2.78666504e+02, 7.63894916e-01,
       8.52636292e+02, 3.00249451e+02, 6.14086866e-01, 8.37038513e+02,
       2.16011780e+02, 6.59344137e-01, 7.07705139e+02, 1.65142563e+02,
       7.76298761e-01, 6.84230530e+02, 1.96338760e+02, 8.00246954e-01,
       8.68372925e+02, 3.84517365e+02, 5.80848873e-01, 7.39092102e+02,
       5.07993683e+02, 7.68772125e-01, 8.33122620e+02, 3.66923584e+02,
       7.51890182e-01, 5.41231506e+02, 2.90456329e+02, 1.69253901e-01,
       5.41234314e+02, 2.45414001e+02, 2.90576905e-01, 3.45330231e+02,
       2.57084473e+02, 3.77422124e-01, 1.33702103e+02, 2.88533691e+02,
       2.24111289e-01, 5.43170471e+02, 3.49218536e+02, 1.35996044e-01,
       3.53140198e+02, 3.68799835e+02, 1.71189308e-01, 1.31733932e+02,
       3.53162018e+02, 3.01057279e-01, 9.78020935e+02, 2.57161713e+02,
       8.75551581e-01, 9.89841980e+02, 3.02232330e+02, 7.73889661e-01,
       9.48731445e+02, 2.39511917e+02, 4.66042697e-01, 9.70276672e+02,
       3.25775452e+02, 1.11141123e-01, 7.10416260e+01, 3.86474518e+02,
       1.23246402e-01, 8.67131882e+01, 3.94253479e+02, 1.31199569e-01,
       1.14108192e+02, 3.41382507e+02, 1.65917933e-01, 8.66478729e+01,
       2.96343414e+02, 5.92678338e-02, 0., 0., 0., 1.18037361e+02,
       2.98297363e+02, 1.43923685e-01 ]
