%YAML:1.0
---
pose_0: !!opencv-matrix
   rows: 1
   cols: 25
   dt: "3f"
   data: [ 9.09527344e+02, 2.27718475e+02, 7.97916830e-01,
       8.50769226e+02, 2.00311493e+02, 1.87260747e-01, 8.48817627e+02,
       1.39615677e+02, 2.27000207e-01, 8.19350952e+02, 1.37683746e+02,
       5.64253986e-01, 8.23425415e+02, 2.90440216e+02, 8.35488021e-01,
       8.42914001e+02, 2.37520798e+02, 7.63044208e-02, 0., 0., 0., 0.,
       0., 0., 0., 0., 0., 0., 0., 0., 0., 0., 0., 0., 0., 0., 0., 0.,
       0., 0., 0., 0., 0., 0., 0., 9.17297974e+02, 2.02296997e+02,
       8.36449325e-01, 9.27144470e+02, 2.37574554e+02, 7.69721448e-01,
       8.99746216e+02, 1.78714691e+02, 6.24225020e-01, 0., 0., 0., 0.,
       0., 0., 0., 0., 0., 0., 0., 0., 0., 0., 0., 0., 0., 0., 0., 0.,
       0. ]
