%YAML:1.0
---
pose_0: !!opencv-matrix
   rows: 1
   cols: 25
   dt: "3f"
   data: [ 9.23224243e+02, 3.35575439e+02, 7.42849350e-01,
       8.35044922e+02, 2.61048981e+02, 5.29838502e-01, 8.44869446e+02,
       2.29723999e+02, 6.72201574e-01, 7.60710510e+02, 3.00222076e+02,
       6.62070036e-01, 8.37083618e+02, 4.04084656e+02, 7.77155578e-01,
       8.19390808e+02, 2.92392395e+02, 2.45182455e-01, 7.33210327e+02,
       3.66813843e+02, 7.72872448e-01, 8.17475647e+02, 4.11912079e+02,
       7.27284551e-01, 5.76487427e+02, 2.57137177e+02, 2.02967897e-01,
       5.70593018e+02, 2.39483154e+02, 2.53004164e-01, 3.80554504e+02,
       2.72825928e+02, 6.60425574e-02, 1.33670959e+02, 3.04184906e+02,
       2.38940343e-01, 5.60827576e+02, 2.88503571e+02, 1.17180258e-01,
       3.02220917e+02, 2.84574585e+02, 1.13013513e-01, 1.20001854e+02,
       2.43373581e+02, 1.02629296e-01, 9.40898010e+02, 3.21751984e+02,
       7.57700026e-01, 0., 0., 0., 9.35053101e+02, 2.72848175e+02,
       8.63820791e-01, 0., 0., 0., 0., 0., 0., 0., 0., 0., 0., 0., 0.,
       1.14148338e+02, 3.96248688e+02, 1.99624747e-01, 1.16069687e+02,
       3.92309387e+02, 1.68623880e-01, 1.16088409e+02, 3.06103546e+02,
       1.84353784e-01 ]
