%YAML:1.0
---
pose_0: !!opencv-matrix
   rows: 1
   cols: 25
   dt: "3f"
   data: [ 9.01757874e+02, 4.45143158e+02, 7.97572732e-01,
       8.03692810e+02, 4.49110016e+02, 6.76779926e-01, 7.91938416e+02,
       3.80554535e+02, 7.14011312e-01, 6.68528015e+02, 3.23818970e+02,
       7.80487776e-01, 7.33197510e+02, 3.21876251e+02, 8.22701275e-01,
       8.05750000e+02, 5.23594421e+02, 5.95990300e-01, 6.82229797e+02,
       5.88276550e+02, 8.49395514e-01, 7.99820129e+02, 5.70572815e+02,
       7.62515068e-01, 5.37319702e+02, 4.47240173e+02, 3.64677548e-01,
       5.49074097e+02, 4.08020691e+02, 4.75913852e-01, 3.31596008e+02,
       3.72746643e+02, 3.48982096e-01, 1.41576523e+02, 3.51181610e+02,
       4.14609551e-01, 5.33375488e+02, 4.94187256e+02, 3.92385542e-01,
       3.66842590e+02, 5.02035828e+02, 2.00226501e-01, 1.69015671e+02,
       5.29465820e+02, 1.46002591e-01, 9.15400940e+02, 4.27567505e+02,
       8.60025644e-01, 9.17344177e+02, 4.60836304e+02, 7.80354440e-01,
       8.88039490e+02, 4.02146454e+02, 6.55901790e-01, 9.03671082e+02,
       4.78472137e+02, 3.56617242e-01, 1.37617264e+02, 5.09907440e+02,
       6.43572509e-02, 0., 0., 0., 0., 0., 0., 1.00371895e+02,
       3.45308563e+02, 9.26206782e-02, 0., 0., 0., 1.27832237e+02,
       3.55095764e+02, 2.70382941e-01 ]
