%YAML:1.0
---
pose_0: !!opencv-matrix
   rows: 1
   cols: 25
   dt: "3f"
   data: [ 8.87984497e+02, 3.35598480e+02, 7.93696284e-01,
       8.13555969e+02, 2.59115540e+02, 4.56100911e-01, 8.19446777e+02,
       2.41523117e+02, 7.15426564e-01, 6.97913269e+02, 2.41435318e+02,
       6.55727327e-01, 6.64568604e+02, 4.23658142e+02, 6.34657979e-01,
       8.07699768e+02, 2.88498566e+02, 1.90735042e-01, 0., 0., 0., 0.,
       0., 0., 5.43203369e+02, 2.51280655e+02, 1.99572951e-01,
       5.43197937e+02, 2.31703049e+02, 2.35559344e-01, 3.33535767e+02,
       3.10056641e+02, 1.61405072e-01, 7.88626099e+01, 2.45364319e+02,
       6.78803176e-02, 5.43170166e+02, 2.70860840e+02, 1.16315037e-01,
       4.29558014e+02, 3.47240753e+02, 6.31842092e-02, 1.35715714e+02,
       3.04153290e+02, 1.12375312e-01, 9.07559204e+02, 3.21782471e+02,
       7.71552205e-01, 9.11455750e+02, 3.39452667e+02, 1.32666603e-01,
       8.99718872e+02, 2.70847992e+02, 8.55388284e-01, 0., 0., 0.,
       1.18115013e+02, 3.96268860e+02, 8.85127708e-02, 1.18107933e+02,
       3.96251801e+02, 7.35690147e-02, 1.16120178e+02, 3.00220032e+02,
       8.24998170e-02, 0., 0., 0., 0., 0., 0., 0., 0., 0. ]
