%YAML:1.0
---
pose_0: !!opencv-matrix
   rows: 1
   cols: 25
   dt: "3f"
   data: [ 1.02120398e+03, 1.96358948e+02, 5.62512279e-01,
       8.95813171e+02, 2.53231201e+02, 1.09115876e-01, 8.35062744e+02,
       1.92464752e+02, 5.55792563e-02, 0., 0., 0., 0., 0., 0.,
       8.99740723e+02, 3.21789764e+02, 2.14993492e-01, 7.74439575e+02,
       4.39322205e+02, 7.72925675e-01, 8.72326050e+02, 3.04168823e+02,
       7.33188510e-01, 0., 0., 0., 0., 0., 0., 0., 0., 0., 0., 0., 0.,
       0., 0., 0., 0., 0., 0., 0., 0., 0., 1.01141742e+03,
       1.65139160e+02, 5.59237301e-01, 1.05643066e+03, 1.94489502e+02,
       5.79591393e-01, 9.74152039e+02, 1.47388184e+02, 2.21121579e-01,
       1.05844861e+03, 2.25807419e+02, 1.72051072e-01, 0., 0., 0., 0.,
       0., 0., 0., 0., 0., 0., 0., 0., 0., 0., 0., 0., 0., 0. ]
