%YAML:1.0
---
pose_0: !!opencv-matrix
   rows: 1
   cols: 25
   dt: "3f"
   data: [ 9.17376831e+02, 1.96439056e+02, 8.37363899e-01,
       8.05712708e+02, 2.12095871e+02, 7.15795398e-01, 7.95895630e+02,
       1.35703781e+02, 6.71329081e-01, 6.92053406e+02, 8.86734619e+01,
       7.13957965e-01, 5.99959412e+02, 6.90324249e+01, 8.59492898e-01,
       8.13562927e+02, 2.96345612e+02, 6.42340958e-01, 7.09715027e+02,
       3.53165070e+02, 6.54232323e-01, 5.90172485e+02, 4.00141541e+02,
       7.22761214e-01, 5.86274048e+02, 2.45399200e+02, 1.23796113e-01,
       5.76495667e+02, 1.96410355e+02, 1.22198895e-01, 0., 0., 0., 0.,
       0., 0., 5.94099304e+02, 2.94360443e+02, 1.20689295e-01, 0., 0.,
       0., 0., 0., 0., 9.19375854e+02, 1.78732727e+02, 8.57729435e-01,
       9.29092163e+02, 2.12133194e+02, 7.75253057e-01, 8.88024048e+02,
       1.61075760e+02, 5.74202657e-01, 9.07600769e+02, 2.39551178e+02,
       3.75619233e-01, 0., 0., 0., 0., 0., 0., 0., 0., 0., 0., 0., 0.,
       0., 0., 0., 0., 0., 0. ]
