%YAML:1.0
---
pose_0: !!opencv-matrix
   rows: 1
   cols: 25
   dt: "3f"
   data: [ 8.70342224e+02, 2.98263580e+02, 7.42684007e-01,
       7.70446533e+02, 2.98288116e+02, 6.63194478e-01, 7.74337402e+02,
       2.23858215e+02, 6.95900619e-01, 6.48972534e+02, 1.76824173e+02,
       8.40435028e-01, 5.82321838e+02, 2.41394913e+02, 7.92221189e-01,
       7.60685303e+02, 3.68826599e+02, 6.52884007e-01, 6.80351929e+02,
       4.45192719e+02, 4.01260138e-01, 6.66664612e+02, 4.35439026e+02,
       6.52805507e-01, 5.37287964e+02, 3.15908936e+02, 4.36177880e-01,
       5.29496277e+02, 2.78688934e+02, 4.88603741e-01, 3.39419098e+02,
       3.23799988e+02, 6.35141969e-01, 1.37646973e+02, 3.37476898e+02,
       4.58906382e-01, 5.39270935e+02, 3.51151672e+02, 4.24913883e-01,
       3.27677979e+02, 3.72750061e+02, 2.58096457e-01, 1.37643250e+02,
       3.08123779e+02, 1.38867542e-01, 8.84062927e+02, 2.76786621e+02,
       8.29076231e-01, 8.82110229e+02, 3.15889160e+02, 7.59695768e-01,
       8.56677429e+02, 2.59051727e+02, 7.18895853e-01, 8.70431885e+02,
       3.33569153e+02, 2.87086725e-01, 0., 0., 0., 0., 0., 0.,
       1.33676819e+02, 2.90462738e+02, 1.80614769e-01, 1.04385269e+02,
       3.84481018e+02, 2.43086278e-01, 1.02336281e+02, 3.76657257e+02,
       2.24117950e-01, 1.18084831e+02, 3.35497803e+02, 2.69486278e-01 ]
