%YAML:1.0
---
pose_0: !!opencv-matrix
   rows: 1
   cols: 25
   dt: "3f"
   data: [ 1.19551819e+03, 2.39487564e+02, 6.13183975e-01,
       9.78119812e+02, 2.55194656e+02, 1.31576493e-01, 1.02708875e+03,
       1.04352730e+02, 9.52816010e-02, 0., 0., 0., 0., 0., 0.,
       9.83987366e+02, 3.27671814e+02, 2.41072267e-01, 8.58586243e+02,
       4.92255066e+02, 7.05872834e-01, 1.00159265e+03, 3.84476685e+02,
       4.29857612e-01, 0., 0., 0., 0., 0., 0., 0., 0., 0., 0., 0., 0.,
       0., 0., 0., 0., 0., 0., 0., 0., 0., 1.21119141e+03,
       2.08153107e+02, 7.45956779e-01, 1.20930322e+03, 2.57212769e+02,
       3.98652881e-01, 1.16619385e+03, 1.57257294e+02, 5.46372414e-01,
       0., 0., 0., 0., 0., 0., 0., 0., 0., 0., 0., 0., 0., 0., 0., 0.,
       0., 0., 0., 0., 0. ]
