%YAML:1.0
---
pose_0: !!opencv-matrix
   rows: 1
   cols: 25
   dt: "3f"
   data: [ 1.04078857e+03, 2.68878540e+02, 6.96553409e-01,
       9.09507751e+02, 2.72858978e+02, 4.95422959e-01, 8.84113159e+02,
       1.74856628e+02, 5.43987155e-01, 7.48880066e+02, 6.90469513e+01,
       7.54431307e-01, 7.97873535e+02, 1.94487518e+02, 5.77549934e-01,
       9.01686279e+02, 3.61001740e+02, 3.36235732e-01, 7.58659241e+02,
       4.45149628e+02, 5.18729925e-01, 6.88133911e+02, 4.27572937e+02,
       3.32875073e-01, 6.01947449e+02, 2.82603210e+02, 6.71654344e-02,
       5.99997009e+02, 2.33652695e+02, 1.09116338e-01, 3.43351379e+02,
       2.74772125e+02, 1.64572492e-01, 5.35141897e+00, 3.19845093e+02,
       5.49891591e-02, 0., 0., 0., 0., 0., 0., 0., 0., 0.,
       1.04271338e+03, 2.33648758e+02, 8.57828498e-01, 1.06431616e+03,
       2.84522461e+02, 6.58123255e-01, 1.00553430e+03, 1.98406784e+02,
       5.04942536e-01, 1.07607910e+03, 3.12023956e+02, 7.59928301e-02,
       0., 0., 0., 0., 0., 0., 0., 0., 0., 0., 0., 0., 0., 0., 0., 0.,
       0., 0. ]
