%YAML:1.0
---
pose_0: !!opencv-matrix
   rows: 1
   cols: 25
   dt: "3f"
   data: [ 8.84034241e+02, 2.88533081e+02, 6.14861727e-01,
       7.88064087e+02, 2.59170380e+02, 5.07072151e-01, 8.17428894e+02,
       1.98380493e+02, 3.30698520e-01, 8.84043945e+02, 2.29741135e+02,
       2.35554323e-01, 9.25196045e+02, 2.55176544e+02, 2.59725153e-01,
       7.64566650e+02, 3.08105591e+02, 4.46845651e-01, 6.62669250e+02,
       3.62898804e+02, 3.36625278e-01, 5.56865173e+02, 4.13872162e+02,
       2.62822628e-01, 6.13708740e+02, 3.10038483e+02, 5.72809018e-02,
       6.03899048e+02, 2.88480591e+02, 5.79583570e-02, 3.53173157e+02,
       4.11935181e+02, 1.84933454e-01, 1.82680573e+02, 4.76516205e+02,
       2.85427868e-01, 6.19567322e+02, 3.35499634e+02, 5.53426147e-02,
       5.29460815e+02, 4.09940704e+02, 9.71481055e-02, 0., 0., 0.,
       8.89942688e+02, 2.76758331e+02, 6.31144106e-01, 8.95832825e+02,
       2.96294556e+02, 2.86480308e-01, 8.89961792e+02, 2.59120056e+02,
       2.24742025e-01, 0., 0., 0., 0., 0., 0., 0., 0., 0., 0., 0., 0.,
       1.43533844e+02, 4.58919189e+02, 9.78161693e-02, 1.47376831e+02,
       4.58892731e+02, 8.29793438e-02, 1.67055878e+02, 4.80478058e+02,
       1.71667889e-01 ]
