%YAML:1.0
---
pose_0: !!opencv-matrix
   rows: 1
   cols: 25
   dt: "3f"
   data: [ 8.93874084e+02, 4.07970642e+02, 7.19961762e-01,
       7.84115967e+02, 4.27591400e+02, 6.49930954e-01, 7.70451782e+02,
       3.53133789e+02, 7.00850785e-01, 6.66547058e+02, 2.90556244e+02,
       8.62250149e-01, 7.17525940e+02, 2.74756256e+02, 8.53310943e-01,
       7.91984131e+02, 4.98088531e+02, 6.35631442e-01, 6.76401367e+02,
       5.58905396e+02, 7.57590294e-01, 7.91976929e+02, 5.39202881e+02,
       8.20967913e-01, 5.33367432e+02, 4.78494202e+02, 3.31443727e-01,
       5.35340332e+02, 4.29603638e+02, 4.56124932e-01, 3.39437103e+02,
       4.00181976e+02, 4.57072914e-01, 0., 0., 0., 5.39296448e+02,
       5.23556702e+02, 3.85789216e-01, 3.76662506e+02, 5.25500610e+02,
       3.36560279e-01, 0., 0., 0., 8.99710815e+02, 3.94292603e+02,
       8.70571136e-01, 9.05634888e+02, 4.25642853e+02, 7.33573556e-01,
       8.72297729e+02, 3.82491455e+02, 4.76667166e-01, 8.85972656e+02,
       4.49214355e+02, 5.73101282e-01, 0., 0., 0., 0., 0., 0., 0., 0.,
       0., 0., 0., 0., 0., 0., 0., 0., 0., 0. ]
