%YAML:1.0
---
pose_0: !!opencv-matrix
   rows: 1
   cols: 25
   dt: "3f"
   data: [ 1.16819055e+03, 1.45421158e+02, 6.03522778e-01,
       9.95742676e+02, 1.94486542e+02, 1.74192101e-01, 1.01140381e+03,
       2.45392639e+02, 2.67060459e-01, 1.13474377e+03, 4.27543396e+02,
       6.73746943e-01, 1.23280396e+03, 2.59059326e+02, 6.94446385e-01,
       9.70279297e+02, 1.43511261e+02, 1.28013447e-01, 0., 0., 0., 0.,
       0., 0., 0., 0., 0., 0., 0., 0., 0., 0., 0., 0., 0., 0., 0., 0.,
       0., 0., 0., 0., 0., 0., 0., 1.16608850e+03, 1.00448463e+02,
       7.43702292e-01, 1.20148853e+03, 1.47416153e+02, 3.93972993e-01,
       1.08779919e+03, 7.09974594e+01, 2.33589187e-01, 0., 0., 0., 0.,
       0., 0., 0., 0., 0., 0., 0., 0., 0., 0., 0., 0., 0., 0., 0., 0.,
       0. ]
