%YAML:1.0
---
pose_0: !!opencv-matrix
   rows: 1
   cols: 25
   dt: "3f"
   data: [ 9.01763550e+02, 3.57057465e+02, 8.15284848e-01,
       8.09624512e+02, 3.33553223e+02, 5.63486516e-01, 8.25293640e+02,
       2.86493103e+02, 6.63142562e-01, 7.60653076e+02, 2.59155396e+02,
       7.71147490e-01, 7.80222778e+02, 4.06021027e+02, 7.02692151e-01,
       7.78266418e+02, 3.82448700e+02, 4.10958320e-01, 6.80322144e+02,
       4.23702820e+02, 6.90447628e-01, 6.46961182e+02, 5.00062897e+02,
       7.24321604e-01, 5.54935913e+02, 3.45290985e+02, 3.49706829e-01,
       5.51018433e+02, 3.12012573e+02, 3.54391217e-01, 3.49198578e+02,
       3.92341919e+02, 3.76395881e-01, 1.72888260e+02, 3.33581879e+02,
       2.15660393e-01, 5.52958618e+02, 3.74687073e+02, 2.67132789e-01,
       3.96228729e+02, 4.23645447e+02, 1.34851828e-01, 0., 0., 0.,
       9.13426880e+02, 3.35577148e+02, 8.86855960e-01, 9.17411072e+02,
       3.66845276e+02, 7.96024323e-01, 8.84132263e+02, 3.06081757e+02,
       7.34861016e-01, 0., 0., 0., 0., 0., 0., 0., 0., 0., 0., 0., 0.,
       1.55277634e+02, 2.84599213e+02, 1.31164178e-01, 1.53295853e+02,
       2.88529541e+02, 1.01122163e-01, 0., 0., 0. ]
