%YAML:1.0
---
pose_0: !!opencv-matrix
   rows: 1
   cols: 25
   dt: "3f"
   data: [ 9.21274719e+02, 2.33606277e+02, 7.10542321e-01,
       8.44856323e+02, 3.11988159e+02, 4.76057827e-01, 8.54727905e+02,
       3.04167358e+02, 3.38973552e-01, 0., 0., 0., 0., 0., 0.,
       8.31163635e+02, 3.49221558e+02, 3.54455709e-01, 7.09641724e+02,
       2.80684265e+02, 6.40456796e-01, 8.27252319e+02, 1.92521667e+02,
       6.84473038e-01, 5.84291931e+02, 3.47269043e+02, 1.99237764e-01,
       5.72550781e+02, 3.13963989e+02, 1.91505611e-01, 3.25718109e+02,
       2.90472076e+02, 1.19540311e-01, 0., 0., 0., 5.86275085e+02,
       3.78612335e+02, 1.36467680e-01, 3.04161652e+02, 3.04181213e+02,
       1.13400280e-01, 0., 0., 0., 9.33101624e+02, 2.27703186e+02,
       6.91575289e-01, 9.46822998e+02, 2.57042755e+02, 8.76766980e-01,
       0., 0., 0., 9.31138550e+02, 3.06153992e+02, 8.59264433e-01, 0.,
       0., 0., 0., 0., 0., 0., 0., 0., 0., 0., 0., 0., 0., 0., 0., 0.,
       0. ]
