%YAML:1.0
---
pose_0: !!opencv-matrix
   rows: 1
   cols: 25
   dt: "3f"
   data: [ 8.68435059e+02, 2.27779968e+02, 8.05568457e-01,
       8.33100952e+02, 2.90406891e+02, 6.21948123e-01, 8.37103516e+02,
       3.04152649e+02, 4.60566252e-01, 7.62590881e+02, 2.49306442e+02,
       1.13290906e-01, 0., 0., 0., 8.33144714e+02, 2.78702271e+02,
       4.81739819e-01, 7.46946655e+02, 2.15975754e+02, 6.65214717e-01,
       6.66673340e+02, 1.92527817e+02, 7.89678812e-01, 5.45122437e+02,
       3.55103912e+02, 2.11011991e-01, 5.37287720e+02, 3.19868073e+02,
       2.59118497e-01, 3.00240692e+02, 2.84554657e+02, 2.18830809e-01,
       8.86871719e+01, 4.08013794e+02, 2.73285329e-01, 5.31416016e+02,
       4.00149109e+02, 1.80485487e-01, 2.94374603e+02, 2.76742462e+02,
       1.93923622e-01, 8.67655258e+01, 4.09954041e+02, 2.12451443e-01,
       8.82121582e+02, 2.25752274e+02, 3.61847460e-01, 8.86038452e+02,
       2.35624588e+02, 8.35844398e-01, 0., 0., 0., 8.86059570e+02,
       2.90373657e+02, 8.26445460e-01, 3.77392006e+01, 4.35405609e+02,
       1.23074129e-01, 4.94920578e+01, 4.43288300e+02, 1.50055990e-01,
       5.73194771e+01, 4.27609924e+02, 1.12666413e-01, 4.16771317e+01,
       4.43228485e+02, 1.93946600e-01, 4.16865311e+01, 4.33487000e+02,
       1.73227891e-01, 7.49282837e+01, 4.31515137e+02, 1.12569340e-01 ]
