%YAML:1.0
---
pose_0: !!opencv-matrix
   rows: 1
   cols: 25
   dt: "3f"
   data: [ 8.99810120e+02, 1.74878769e+02, 7.79425144e-01,
       8.25337341e+02, 1.76836807e+02, 6.79606915e-01, 8.37033020e+02,
       1.12147545e+02, 6.77777529e-01, 8.86044556e+02, 3.96512871e+01,
       7.81096935e-01, 9.11460876e+02, 1.20042572e+02, 6.34544015e-01,
       8.38956299e+02, 2.53251053e+02, 5.12981176e-01, 9.40911499e+02,
       2.63032806e+02, 7.65639544e-01, 9.62347900e+02, 1.51406052e+02,
       6.77143633e-01, 6.19584778e+02, 1.86618286e+02, 1.46005094e-01,
       6.31308716e+02, 1.39622223e+02, 1.95770815e-01, 5.35332825e+02,
       1.19997025e+02, 5.39158396e-02, 0., 0., 0., 6.13693359e+02,
       2.31667221e+02, 2.13364094e-01, 4.66774017e+02, 2.39517868e+02,
       8.46447796e-02, 2.08139740e+02, 2.61129639e+02, 7.24732131e-02,
       9.11508118e+02, 1.63058075e+02, 8.21760356e-01, 9.13399963e+02,
       1.92507309e+02, 7.38554835e-01, 9.03643677e+02, 1.33813751e+02,
       4.38531041e-01, 8.99786926e+02, 2.15975479e+02, 2.50559986e-01,
       1.96411057e+02, 2.59121002e+02, 5.30159548e-02, 0., 0., 0., 0.,
       0., 0., 0., 0., 0., 0., 0., 0., 0., 0., 0. ]
