%YAML:1.0
---
pose_0: !!opencv-matrix
   rows: 1
   cols: 25
   dt: "3f"
   data: [ 8.62528748e+02, 1.00365517e+02, 7.85803676e-01,
       7.52794495e+02, 1.04355972e+02, 6.51530862e-01, 7.43042908e+02,
       3.76654587e+01, 6.81893766e-01, 6.56817322e+02, 5.34850502e+00,
       2.24647298e-01, 6.43083191e+02, 5.35718155e+00, 6.56027645e-02,
       7.58630981e+02, 1.76808441e+02, 6.00194037e-01, 6.66656372e+02,
       2.57159821e+02, 8.67203712e-01, 7.68451843e+02, 2.41384079e+02,
       6.33813262e-01, 5.33357971e+02, 1.19986816e+02, 2.75538921e-01,
       5.27518372e+02, 7.68938141e+01, 2.66809136e-01, 3.64901794e+02,
       7.88770905e+01, 1.43985808e-01, 0., 0., 0., 5.31435364e+02,
       1.65083755e+02, 2.96970755e-01, 3.53148621e+02, 1.67055191e+02,
       2.75245935e-01, 1.68974396e+02, 1.94387360e+02, 1.91600218e-01,
       8.70369873e+02, 8.46595535e+01, 8.78690243e-01, 8.68443359e+02,
       1.16004219e+02, 7.76537895e-01, 8.48781128e+02, 5.73724136e+01,
       5.60400546e-01, 8.44923462e+02, 1.33694550e+02, 3.66236627e-01,
       1.14087616e+02, 2.04265274e+02, 1.16482645e-01, 1.27812538e+02,
       2.12108582e+02, 1.47198558e-01, 1.31764145e+02, 1.86636658e+02,
       7.58190751e-02, 0., 0., 0., 0., 0., 0., 0., 0., 0. ]
