%YAML:1.0
---
pose_0: !!opencv-matrix
   rows: 1
   cols: 25
   dt: "3f"
   data: [ 9.62492249e+02, 2.53201447e+02, 7.84298778e-01,
       8.35025818e+02, 2.68872009e+02, 5.96339107e-01, 8.19401672e+02,
       1.92483917e+02, 5.65310121e-01, 7.15565979e+02, 1.69030273e+02,
       4.89975572e-01, 6.58766357e+02, 1.76753983e+02, 6.64913237e-01,
       8.46841003e+02, 3.51121735e+02, 5.93109667e-01, 7.40975647e+02,
       4.64867462e+02, 6.94043636e-01, 7.97842468e+02, 3.27674408e+02,
       6.69126213e-01, 5.56899780e+02, 2.86534607e+02, 7.57041723e-02,
       0., 0., 0., 0., 0., 0., 0., 0., 0., 0., 0., 0., 0., 0., 0., 0.,
       0., 0., 9.66351440e+02, 2.27737885e+02, 8.64097953e-01,
       9.74159668e+02, 2.68889648e+02, 7.64615059e-01, 9.33119324e+02,
       2.04248428e+02, 5.28258860e-01, 9.52619080e+02, 2.92496887e+02,
       1.57739788e-01, 0., 0., 0., 0., 0., 0., 0., 0., 0., 0., 0., 0.,
       0., 0., 0., 0., 0., 0. ]
