%YAML:1.0
---
pose_0: !!opencv-matrix
   rows: 1
   cols: 25
   dt: "3f"
   data: [ 9.21269653e+02, 2.23805786e+02, 7.05276608e-01,
       8.17433594e+02, 2.25787186e+02, 6.40221000e-01, 8.11605408e+02,
       1.49333115e+02, 6.51154041e-01, 6.88180908e+02, 1.02333565e+02,
       7.50422418e-01, 6.07812866e+02, 1.08263580e+02, 7.76797295e-01,
       8.21341492e+02, 3.10065033e+02, 6.37715578e-01, 6.98035828e+02,
       3.64873047e+02, 7.88134634e-01, 6.03966003e+02, 3.53070892e+02,
       8.14341605e-01, 5.74518860e+02, 2.37555435e+02, 1.56946480e-01,
       5.78434814e+02, 1.90526016e+02, 2.12805539e-01, 3.59018158e+02,
       2.12141663e+02, 2.32382119e-01, 1.02329903e+02, 2.27841919e+02,
       3.58796775e-01, 5.80400452e+02, 2.92394897e+02, 1.05161332e-01,
       3.76641724e+02, 3.13969849e+02, 1.67081997e-01, 3.55104004e+02,
       3.13970398e+02, 9.31518599e-02, 9.31077942e+02, 1.96492813e+02,
       8.45539629e-01, 9.35078857e+02, 2.41432556e+02, 7.74215043e-01,
       9.05637695e+02, 1.74845245e+02, 5.37272215e-01, 9.42831665e+02,
       2.65003937e+02, 6.50313571e-02, 0., 0., 0., 0., 0., 0., 0., 0.,
       0., 7.69013748e+01, 2.41465744e+02, 1.12246402e-01, 0., 0., 0.,
       8.86474457e+01, 2.33622711e+02, 2.77294159e-01 ]
