%YAML:1.0
---
pose_0: !!opencv-matrix
   rows: 1
   cols: 25
   dt: "3f"
   data: [ 8.68442932e+02, 2.47364700e+02, 8.09552073e-01,
       8.17456421e+02, 3.02177460e+02, 5.28884828e-01, 0., 0., 0., 0.,
       0., 0., 0., 0., 0., 8.29193481e+02, 3.06146912e+02,
       4.86134857e-01, 7.31283020e+02, 2.72834686e+02, 7.21380949e-01,
       7.11651489e+02, 1.94399979e+02, 6.66400909e-01, 5.31425598e+02,
       3.37471436e+02, 1.66439682e-01, 5.31413879e+02, 3.04124115e+02,
       1.51294008e-01, 3.55110596e+02, 3.06133179e+02, 1.97959706e-01,
       1.25882347e+02, 3.80595642e+02, 1.46561652e-01, 5.27511108e+02,
       3.78606171e+02, 1.60924241e-01, 3.27683838e+02, 2.94373352e+02,
       3.23578686e-01, 1.29791580e+02, 3.74704285e+02, 3.76957148e-01,
       8.78161255e+02, 2.41371674e+02, 7.81266689e-01, 8.86122681e+02,
       2.64984711e+02, 8.30217063e-01, 0., 0., 0., 8.82097961e+02,
       3.08109131e+02, 7.86688745e-01, 8.08546982e+01, 4.04085968e+02,
       1.47562757e-01, 8.47838058e+01, 4.06015930e+02, 1.82171777e-01,
       1.08258644e+02, 3.84518982e+02, 2.87893534e-01, 8.67329712e+01,
       4.04095306e+02, 9.43713561e-02, 8.67263718e+01, 4.02154205e+02,
       7.53126368e-02, 1.12185837e+02, 3.92303741e+02, 1.05028339e-01 ]
