%YAML:1.0
---
pose_0: !!opencv-matrix
   rows: 1
   cols: 25
   dt: "3f"
   data: [ 9.03642029e+02, 3.84427948e+02, 8.29172850e-01,
       7.95923889e+02, 4.00112946e+02, 6.62903428e-01, 7.76387573e+02,
       3.29615448e+02, 6.97436094e-01, 6.54838867e+02, 2.90485443e+02,
       8.19871247e-01, 7.13592102e+02, 2.74811066e+02, 8.78392577e-01,
       8.11613525e+02, 4.74588562e+02, 5.79290509e-01, 6.78332153e+02,
       5.54932556e+02, 7.67480671e-01, 7.76251831e+02, 5.03951965e+02,
       7.95391440e-01, 5.33376465e+02, 4.11902496e+02, 2.78910190e-01,
       5.43158020e+02, 3.68786987e+02, 3.88373822e-01, 3.43343445e+02,
       3.53200867e+02, 2.69225121e-01, 1.65032104e+02, 3.23811371e+02,
       3.31703126e-01, 5.23598389e+02, 4.56972992e+02, 2.70835638e-01,
       3.53135834e+02, 4.76545227e+02, 1.85199037e-01, 1.61166107e+02,
       5.21615417e+02, 2.77306199e-01, 9.15386963e+02, 3.66866425e+02,
       8.97976398e-01, 9.19324036e+02, 4.00114838e+02, 7.99314141e-01,
       8.86059875e+02, 3.49227966e+02, 6.85931921e-01, 9.05644165e+02,
       4.27574860e+02, 4.83504295e-01, 1.02365807e+02, 5.66670532e+02,
       7.05916435e-02, 0., 0., 0., 1.37679916e+02, 5.07920074e+02,
       1.89908952e-01, 1.35687073e+02, 3.12009094e+02, 1.02247536e-01,
       1.35710754e+02, 3.13955170e+02, 1.25755236e-01, 1.49390533e+02,
       3.21775787e+02, 2.78220117e-01 ]
