%YAML:1.0
---
pose_0: !!opencv-matrix
   rows: 1
   cols: 25
   dt: "3f"
   data: [ 8.99764648e+02, 4.43243256e+02, 7.79462099e-01,
       8.03728516e+02, 4.41326172e+02, 6.46469533e-01, 7.94001587e+02,
       3.66808838e+02, 6.77003026e-01, 6.80304932e+02, 2.92396912e+02,
       7.24236488e-01, 7.07730957e+02, 3.33536530e+02, 7.94920564e-01,
       8.01755981e+02, 5.19640808e+02, 5.24559319e-01, 6.80308167e+02,
       5.88313599e+02, 8.54966760e-01, 7.90036438e+02, 5.58874817e+02,
       7.69335508e-01, 5.49042114e+02, 4.70680542e+02, 2.38187328e-01,
       5.52978394e+02, 4.19734528e+02, 3.72630239e-01, 3.62926270e+02,
       3.90348633e+02, 1.80922627e-01, 0., 0., 0., 5.54921448e+02,
       5.21608826e+02, 2.94843733e-01, 3.98230957e+02, 5.27514587e+02,
       1.59053311e-01, 3.66825226e+02, 5.25561096e+02, 9.49853733e-02,
       9.15334045e+02, 4.23634613e+02, 8.07995439e-01, 9.13467712e+02,
       4.60790192e+02, 7.70239353e-01, 8.89987854e+02, 4.00139435e+02,
       6.51605546e-01, 8.99773682e+02, 4.78502716e+02, 2.57527798e-01,
       0., 0., 0., 0., 0., 0., 0., 0., 0., 0., 0., 0., 0., 0., 0., 0.,
       0., 0. ]
