%YAML:1.0
---
pose_0: !!opencv-matrix
   rows: 1
   cols: 25
   dt: "3f"
   data: [ 9.29088013e+02, 3.62923187e+02, 6.80905700e-01,
       8.39008972e+02, 2.74795105e+02, 4.39003944e-01, 8.39035217e+02,
       2.57146149e+02, 6.68087363e-01, 7.45049561e+02, 3.45308105e+02,
       6.51844203e-01, 8.37109741e+02, 4.39369629e+02, 7.80217409e-01,
       8.35087341e+02, 3.04163788e+02, 1.70783281e-01, 0., 0., 0., 0.,
       0., 0., 5.70619324e+02, 2.80662018e+02, 2.00609237e-01,
       5.72551331e+02, 2.61067535e+02, 1.95992216e-01, 3.60977966e+02,
       3.13963043e+02, 7.03910738e-02, 0., 0., 0., 5.58866699e+02,
       3.06099182e+02, 1.42270267e-01, 4.07996155e+02, 3.64886169e+02,
       7.01434463e-02, 1.14154373e+02, 3.31586761e+02, 1.23011947e-01,
       9.44777527e+02, 3.51161743e+02, 7.74942756e-01, 0., 0., 0.,
       9.44748108e+02, 3.04225830e+02, 8.52912068e-01, 0., 0., 0., 0.,
       0., 0., 0., 0., 0., 0., 0., 0., 0., 0., 0., 0., 0., 0., 0., 0.,
       0. ]
