%YAML:1.0
---
pose_0: !!opencv-matrix
   rows: 1
   cols: 25
   dt: "3f"
   data: [ 8.95831909e+02, 3.66886810e+02, 8.15140843e-01,
       7.92047241e+02, 4.13899384e+02, 5.25559187e-01, 7.54781799e+02,
       3.78605255e+02, 3.26715320e-01, 0., 0., 0., 0., 0., 0.,
       8.31138550e+02, 4.53052734e+02, 4.61339891e-01, 8.19394470e+02,
       5.25513123e+02, 8.10438633e-01, 8.21447693e+02, 3.96277618e+02,
       8.25900137e-01, 5.37283081e+02, 4.27592987e+02, 1.86785713e-01,
       0., 0., 0., 0., 0., 0., 0., 0., 0., 5.37307861e+02,
       4.15845123e+02, 1.64741531e-01, 3.45319092e+02, 4.15788177e+02,
       4.01051134e-01, 1.53335098e+02, 4.31547058e+02, 4.60422069e-01,
       9.01614685e+02, 3.53157074e+02, 9.03145432e-01, 9.07616394e+02,
       3.82576996e+02, 8.21062088e-01, 8.82084534e+02, 3.45284637e+02,
       2.54445553e-01, 8.87971252e+02, 4.15744965e+02, 6.52293324e-01,
       1.29777847e+02, 3.84486206e+02, 1.61647931e-01, 1.27835213e+02,
       3.94300537e+02, 1.66546717e-01, 1.35697083e+02, 4.45208282e+02,
       3.35356206e-01, 0., 0., 0., 0., 0., 0., 0., 0., 0. ]
