%YAML:1.0
---
pose_0: !!opencv-matrix
   rows: 1
   cols: 25
   dt: "3f"
   data: [ 9.15387024e+02, 4.00148102e+02, 8.74005795e-01,
       8.07590271e+02, 4.13918518e+02, 7.00500727e-01, 7.93975891e+02,
       3.33565674e+02, 5.90247750e-01, 7.95889526e+02, 1.98395554e+02,
       5.77831805e-01, 8.68320313e+02, 8.86895218e+01, 4.46747422e-01,
       8.11564148e+02, 4.94203156e+02, 5.82633138e-01, 7.11703430e+02,
       5.43180908e+02, 7.41742313e-01, 5.72541870e+02, 5.25580505e+02,
       7.97530770e-01, 5.80396973e+02, 3.98173462e+02, 9.13465023e-02,
       5.80389343e+02, 3.57047302e+02, 1.21066682e-01, 3.68800812e+02,
       3.10032776e+02, 5.29621094e-02, 0., 0., 0., 5.58860291e+02,
       4.66771301e+02, 6.97161183e-02, 0., 0., 0., 0., 0., 0.,
       9.19292725e+02, 3.78624268e+02, 8.67645800e-01, 9.31075623e+02,
       4.13863007e+02, 9.01363611e-01, 8.93829407e+02, 3.60956482e+02,
       6.67075396e-01, 9.19296082e+02, 4.31458069e+02, 3.12139899e-01,
       0., 0., 0., 0., 0., 0., 0., 0., 0., 0., 0., 0., 0., 0., 0., 0.,
       0., 0. ]
