%YAML:1.0
---
pose_0: !!opencv-matrix
   rows: 1
   cols: 25
   dt: "3f"
   data: [ 1.00751794e+03, 3.70824677e+02, 7.95269430e-01,
       8.89940308e+02, 3.10049652e+02, 5.66549063e-01, 9.09530518e+02,
       2.31670883e+02, 5.66547871e-01, 8.23355347e+02, 1.82761063e+02,
       1.14286624e-01, 0., 0., 0., 8.78186951e+02, 3.92320496e+02,
       4.99666423e-01, 7.84163940e+02, 5.23565186e+02, 4.18236196e-01,
       8.05709167e+02, 5.56857117e+02, 4.11214262e-01, 0., 0., 0., 0.,
       0., 0., 0., 0., 0., 0., 0., 0., 0., 0., 0., 0., 0., 0., 0., 0.,
       0., 1.02700964e+03, 3.39464478e+02, 8.41486454e-01,
       1.02515564e+03, 3.88410156e+02, 5.87285101e-01, 1.00747980e+03,
       2.90494202e+02, 4.82921690e-01, 0., 0., 0., 0., 0., 0., 0., 0.,
       0., 0., 0., 0., 0., 0., 0., 0., 0., 0., 0., 0., 0. ]
