%YAML:1.0
---
pose_0: !!opencv-matrix
   rows: 1
   cols: 25
   dt: "3f"
   data: [ 9.50729980e+02, 4.29458191e+02, 7.48129368e-01,
       8.37044434e+02, 4.25640533e+02, 6.54812694e-01, 8.37035278e+02,
       3.39447235e+02, 6.35967612e-01, 7.23440735e+02, 2.88419189e+02,
       7.76257992e-01, 6.46940613e+02, 3.55096710e+02, 6.65391505e-01,
       8.36984070e+02, 5.04016235e+02, 5.66446364e-01, 6.84212219e+02,
       5.54874451e+02, 7.70351768e-01, 5.74525330e+02, 5.86175537e+02,
       7.42718816e-01, 6.13715210e+02, 4.37386566e+02, 1.30312636e-01,
       5.96068420e+02, 3.88397461e+02, 1.44202724e-01, 0., 0., 0., 0.,
       0., 0., 6.35260437e+02, 4.78565643e+02, 1.13791682e-01, 0., 0.,
       0., 0., 0., 0., 9.23223267e+02, 4.13953125e+02, 7.02250183e-01,
       9.62430725e+02, 4.02160339e+02, 5.36753654e-01, 9.03708191e+02,
       3.84466949e+02, 7.55848736e-02, 0., 0., 0., 0., 0., 0., 0., 0.,
       0., 0., 0., 0., 0., 0., 0., 0., 0., 0., 0., 0., 0. ]
