%YAML:1.0
---
pose_0: !!opencv-matrix
   rows: 2
   cols: 25
   dt: "3f"
   data: [ 1.07403552e+03, 2.29795761e+02, 8.44099700e-01,
       9.23237183e+02, 2.53214966e+02, 4.95953292e-01, 9.15405273e+02,
       1.67037903e+02, 4.27688420e-01, 8.93870056e+02, 2.00622768e+01,
       4.51478541e-01, 1.06044763e+03, 1.02414413e+02, 5.24564266e-01,
       9.17419556e+02, 3.13965363e+02, 3.50379944e-01, 9.19336853e+02,
       4.58919281e+02, 1.84092879e-01, 1.05846350e+03, 3.37433441e+02,
       6.14685751e-02, 0., 0., 0., 0., 0., 0., 0., 0., 0., 0., 0., 0.,
       0., 0., 0., 0., 0., 0., 0., 0., 0., 1.08391736e+03,
       2.06168930e+02, 7.90520132e-01, 1.09180359e+03, 2.55131912e+02,
       7.03520417e-01, 1.04278113e+03, 1.76824341e+02, 4.52609837e-01,
       1.07213647e+03, 2.94380188e+02, 1.60184562e-01, 0., 0., 0., 0.,
       0., 0., 0., 0., 0., 0., 0., 0., 0., 0., 0., 0., 0., 0., 0., 0.,
       0., 0., 0., 0., 9.17437012e+02, 3.21797241e+02, 1.14339560e-01,
       9.15402283e+02, 4.51085785e+02, 4.67086256e-01, 1.05846729e+03,
       3.37549683e+02, 6.73380077e-01, 0., 0., 0., 0., 0., 0., 0., 0.,
       0., 0., 0., 0., 0., 0., 0., 0., 0., 0., 0., 0., 0., 0., 0., 0.,
       0., 0., 0., 0., 0., 0., 0., 0., 0., 0., 0., 0., 0., 0., 0., 0.,
       0., 0., 0., 0., 0., 0., 0., 0., 0., 0., 0., 0., 0., 0., 0., 0.,
       0., 0., 0., 0. ]
