%YAML:1.0
---
pose_0: !!opencv-matrix
   rows: 1
   cols: 25
   dt: "3f"
   data: [ 1.01921985e+03, 2.08160919e+02, 7.03244269e-01,
       8.86025818e+02, 2.10168335e+02, 5.19732714e-01, 8.91916260e+02,
       1.31800232e+02, 4.04248208e-01, 7.90089050e+02, 3.77065086e+01,
       7.31452763e-01, 8.74281067e+02, 1.20017349e+02, 5.28636813e-01,
       8.70393494e+02, 3.04097870e+02, 5.50643563e-01, 7.11709595e+02,
       3.57074371e+02, 6.47678554e-01, 5.92183472e+02, 3.90384399e+02,
       7.26125002e-01, 6.19587341e+02, 2.39519135e+02, 9.06353518e-02,
       6.01925598e+02, 1.90531067e+02, 9.87204686e-02, 0., 0., 0., 0.,
       0., 0., 6.48984070e+02, 2.86521027e+02, 7.89582580e-02, 0., 0.,
       0., 0., 0., 0., 1.02702832e+03, 1.78837326e+02, 8.82464170e-01,
       1.03490173e+03, 2.25775284e+02, 6.99546635e-01, 9.97739197e+02,
       1.47435593e+02, 5.86239278e-01, 1.00550299e+03, 2.45467682e+02,
       5.04720770e-02, 0., 0., 0., 0., 0., 0., 0., 0., 0., 0., 0., 0.,
       0., 0., 0., 0., 0., 0. ]
