%YAML:1.0
---
pose_0: !!opencv-matrix
   rows: 1
   cols: 25
   dt: "3f"
   data: [ 8.82107239e+02, 3.74683350e+02, 7.06226766e-01,
       7.90046692e+02, 3.04125153e+02, 5.27060568e-01, 7.90003113e+02,
       2.88459930e+02, 6.22065008e-01, 6.92072083e+02, 2.59147400e+02,
       6.16793871e-01, 5.96085999e+02, 3.76650208e+02, 5.27232587e-01,
       7.86110474e+02, 3.23776978e+02, 3.07789445e-01, 6.92045166e+02,
       3.55103882e+02, 1.26386389e-01, 0., 0., 0., 5.82357849e+02,
       2.88503601e+02, 2.16955811e-01, 5.72561523e+02, 2.57169220e+02,
       2.21806675e-01, 4.45245575e+02, 2.74825256e+02, 2.05071017e-01,
       3.25739136e+02, 3.66835815e+02, 3.56720328e-01, 5.80399536e+02,
       3.19821991e+02, 1.36377797e-01, 4.62837555e+02, 3.49188141e+02,
       1.22528985e-01, 3.47279449e+02, 3.98125885e+02, 2.43978128e-01,
       8.97801514e+02, 3.57105499e+02, 7.71883726e-01, 0., 0., 0.,
       8.84113647e+02, 3.08134003e+02, 8.69349778e-01, 0., 0., 0., 0.,
       0., 0., 0., 0., 0., 3.33543945e+02, 4.02156891e+02,
       1.63507834e-01, 0., 0., 0., 0., 0., 0., 3.19777496e+02,
       3.76658691e+02, 1.64850205e-01 ]
