%YAML:1.0
---
pose_0: !!opencv-matrix
   rows: 1
   cols: 25
   dt: "3f"
   data: [ 8.68331360e+02, 1.94432526e+02, 7.83776879e-01,
       7.74429749e+02, 1.96447357e+02, 6.98339522e-01, 7.62607056e+02,
       1.23930107e+02, 7.06369340e-01, 6.54892578e+02, 7.88264923e+01,
       7.48045385e-01, 6.03899353e+02, 1.63040146e+02, 8.28675807e-01,
       7.86084778e+02, 2.68855896e+02, 6.32412851e-01, 7.11678162e+02,
       3.27695801e+02, 8.21625233e-01, 8.27230591e+02, 2.88572754e+02,
       7.91131258e-01, 5.74512451e+02, 2.27734222e+02, 2.17943653e-01,
       5.74509277e+02, 1.82718918e+02, 2.10220873e-01, 3.70788269e+02,
       1.76812119e+02, 1.65604547e-01, 0., 0., 0., 5.72551697e+02,
       2.74806946e+02, 1.83715791e-01, 3.62944000e+02, 3.06110046e+02,
       2.16899589e-01, 2.37542313e+02, 3.23798004e+02, 8.88261646e-02,
       8.78164917e+02, 1.78737091e+02, 7.77333140e-01, 8.80129272e+02,
       2.10160477e+02, 7.68716156e-01, 8.62483459e+02, 1.61096802e+02,
       5.08857012e-01, 8.60576355e+02, 2.31666565e+02, 4.25731599e-01,
       0., 0., 0., 0., 0., 0., 0., 0., 0., 0., 0., 0., 0., 0., 0., 0.,
       0., 0. ]
