%YAML:1.0
---
pose_0: !!opencv-matrix
   rows: 1
   cols: 25
   dt: "3f"
   data: [ 9.29084900e+02, 4.33517029e+02, 7.93298960e-01,
       8.23322327e+02, 4.31468292e+02, 6.88530385e-01, 8.23324463e+02,
       3.39449371e+02, 6.85010850e-01, 6.97953674e+02, 3.04157776e+02,
       8.36550236e-01, 6.11759827e+02, 3.68790161e+02, 8.08995426e-01,
       8.13563354e+02, 5.13799683e+02, 5.54907143e-01, 6.80247742e+02,
       5.49042053e+02, 7.21403718e-01, 5.58918701e+02, 5.86348999e+02,
       7.84851193e-01, 5.80383667e+02, 4.43240112e+02, 2.77124673e-01,
       5.80391052e+02, 4.00121979e+02, 3.71939451e-01, 3.70772400e+02,
       4.39326355e+02, 1.24810547e-01, 0., 0., 0., 5.76485657e+02,
       4.94159485e+02, 2.75831908e-01, 3.92330597e+02, 4.94162384e+02,
       1.10028811e-01, 1.45476669e+02, 4.98129089e+02, 5.88345714e-02,
       9.38919861e+02, 4.13760071e+02, 7.93709159e-01, 9.44801025e+02,
       4.51098022e+02, 8.01561952e-01, 9.19326904e+02, 3.82503082e+02,
       5.31234741e-01, 0., 0., 0., 0., 0., 0., 0., 0., 0., 0., 0., 0.,
       0., 0., 0., 0., 0., 0., 0., 0., 0. ]
