%YAML:1.0
---
pose_0: !!opencv-matrix
   rows: 2
   cols: 25
   dt: "3f"
   data: [ 8.91873108e+02, 1.57257965e+02, 6.83776617e-01,
       8.09608215e+02, 2.39505432e+02, 6.86847687e-01, 7.88056335e+02,
       2.04237930e+02, 5.28834581e-01, 6.92068054e+02, 1.96495056e+02,
       2.68920779e-01, 6.33279968e+02, 1.80787369e+02, 4.28264797e-01,
       8.25323059e+02, 2.72869415e+02, 6.27608299e-01, 7.25351318e+02,
       3.29650330e+02, 6.38483047e-01, 5.54977417e+02, 3.21790863e+02,
       7.25521743e-01, 5.47098694e+02, 2.63026794e+02, 1.81129947e-01,
       5.37289429e+02, 2.41476471e+02, 1.54781491e-01, 3.53129333e+02,
       1.94435974e+02, 3.21621984e-01, 1.18027046e+02, 3.76626465e+02,
       9.29797590e-02, 0., 0., 0., 0., 0., 0., 0., 0., 0.,
       9.15401978e+02, 1.63042847e+02, 1.04915023e-01, 9.13445313e+02,
       1.68952942e+02, 7.62321591e-01, 0., 0., 0., 9.07579346e+02,
       2.27777206e+02, 8.14660549e-01, 0., 0., 0., 0., 0., 0., 0., 0.,
       0., 0., 0., 0., 0., 0., 0., 0., 0., 0., 0., 0., 0., 0., 0., 0.,
       0., 0., 0., 0., 0., 0., 0., 0., 0., 0., 0., 0., 0., 0., 0., 0.,
       0., 0., 0., 0., 0., 0., 0., 0., 0., 0., 0., 0., 0., 0.,
       5.25559265e+02, 2.59092987e+02, 9.35373232e-02, 3.53214081e+02,
       1.94456512e+02, 3.92605245e-01, 1.90534836e+02, 3.02185730e+02,
       2.38812566e-01, 0., 0., 0., 0., 0., 0., 0., 0., 0., 0., 0., 0.,
       0., 0., 0., 0., 0., 0., 0., 0., 0., 0., 0., 0., 0., 0., 0., 0.,
       0., 0. ]
