%YAML:1.0
---
pose_0: !!opencv-matrix
   rows: 1
   cols: 25
   dt: "3f"
   data: [ 9.15323242e+02, 2.45405914e+02, 7.85013199e-01,
       8.11575989e+02, 2.63028320e+02, 6.18732393e-01, 8.05722351e+02,
       1.78728058e+02, 6.56140387e-01, 6.72454895e+02, 1.41531082e+02,
       6.45478785e-01, 6.68528687e+02, 1.70944077e+02, 7.39892364e-01,
       8.21434082e+02, 3.49189545e+02, 6.31575644e-01, 6.96004639e+02,
       4.45211426e+02, 8.23392749e-01, 7.78243408e+02, 3.23734680e+02,
       7.56151974e-01, 5.43179993e+02, 2.76750397e+02, 1.51871413e-01,
       5.41195374e+02, 2.35571396e+02, 2.85192847e-01, 3.51166138e+02,
       2.55185715e+02, 3.31586421e-01, 1.90524612e+02, 2.65010010e+02,
       8.09352919e-02, 5.45135254e+02, 3.31609802e+02, 1.48679391e-01,
       3.64886414e+02, 3.21797485e+02, 7.97889903e-02, 1.65073547e+02,
       3.13939728e+02, 2.13755712e-01, 9.19299194e+02, 2.25777084e+02,
       8.61797094e-01, 9.31098938e+02, 2.63009888e+02, 8.37288797e-01,
       8.97723755e+02, 2.04210052e+02, 5.59568644e-01, 9.17337341e+02,
       2.88485138e+02, 3.60013723e-01, 1.00400017e+02, 3.25708435e+02,
       9.00526717e-02, 1.10198212e+02, 3.37441193e+02, 9.27973092e-02,
       0., 0., 0., 0., 0., 0., 0., 0., 0., 0., 0., 0. ]
