%YAML:1.0
---
pose_0: !!opencv-matrix
   rows: 1
   cols: 25
   dt: "3f"
   data: [ 9.07578430e+02, 2.25813583e+02, 7.73279428e-01,
       7.97852478e+02, 2.31695007e+02, 6.52255177e-01, 7.90042664e+02,
       1.49358398e+02, 7.45501220e-01, 6.64689148e+02, 1.16004967e+02,
       8.42574716e-01, 5.76497192e+02, 1.65066055e+02, 8.10539126e-01,
       8.03752808e+02, 3.19775452e+02, 6.90124154e-01, 6.90125916e+02,
       3.70831299e+02, 7.17840552e-01, 5.90252686e+02, 3.41430054e+02,
       7.82024801e-01, 5.51019348e+02, 2.55189514e+02, 2.32922524e-01,
       5.54911377e+02, 2.08176880e+02, 3.60507935e-01, 3.53159393e+02,
       2.27715805e+02, 2.82995343e-01, 1.35687881e+02, 2.39512268e+02,
       1.31449491e-01, 5.47104980e+02, 3.02217712e+02, 2.45775521e-01,
       3.78629761e+02, 3.19860504e+02, 1.75407931e-01, 0., 0., 0.,
       9.17391785e+02, 2.04235809e+02, 8.54528427e-01, 9.19386902e+02,
       2.41480469e+02, 8.33549738e-01, 8.89934509e+02, 1.78807098e+02,
       6.60688043e-01, 9.03687134e+02, 2.57200287e+02, 2.82034397e-01,
       0., 0., 0., 0., 0., 0., 0., 0., 0., 0., 0., 0., 0., 0., 0., 0.,
       0., 0. ]
