%YAML:1.0
---
pose_0: !!opencv-matrix
   rows: 1
   cols: 25
   dt: "3f"
   data: [ 8.84038086e+02, 1.45405899e+02, 6.39861345e-01,
       8.19413574e+02, 1.76763870e+02, 6.74355924e-01, 8.17475281e+02,
       1.02374771e+02, 5.46292245e-01, 8.46831604e+02, 6.12160492e+01,
       1.48623899e-01, 8.84015320e+02, 3.38356552e+01, 8.36868957e-02,
       8.31171692e+02, 2.35564087e+02, 5.56575298e-01, 9.33088196e+02,
       2.59155487e+02, 8.18887353e-01, 9.58466736e+02, 1.49419403e+02,
       6.87139273e-01, 5.90213135e+02, 2.27736923e+02, 2.07251787e-01,
       5.84329163e+02, 2.02293884e+02, 1.28613219e-01, 3.80549042e+02,
       2.33612045e+02, 1.92249700e-01, 1.78735870e+02, 2.39508926e+02,
       1.34854972e-01, 5.86291138e+02, 2.51258469e+02, 1.79830968e-01,
       4.64807434e+02, 2.41476471e+02, 6.93851039e-02, 3.68848267e+02,
       2.37529861e+02, 8.94270092e-02, 8.99747009e+02, 1.47402924e+02,
       1.51099160e-01, 8.99751648e+02, 1.63068268e+02, 3.93705040e-01,
       0., 0., 0., 8.86040955e+02, 1.70971252e+02, 2.91911185e-01, 0.,
       0., 0., 0., 0., 0., 3.64849823e+02, 2.41465469e+02,
       6.11388683e-02, 0., 0., 0., 0., 0., 0., 0., 0., 0. ]
