%YAML:1.0
---
pose_0: !!opencv-matrix
   rows: 1
   cols: 25
   dt: "3f"
   data: [ 8.52733887e+02, 2.88419373e+02, 7.59599328e-01,
       7.74283264e+02, 2.68920685e+02, 6.94918394e-01, 7.72328552e+02,
       1.92511398e+02, 6.51199400e-01, 6.52924683e+02, 1.43524216e+02,
       8.11411023e-01, 6.23504822e+02, 2.25757645e+02, 8.26427579e-01,
       7.64532043e+02, 3.49219727e+02, 6.06566906e-01, 6.52892395e+02,
       3.98138000e+02, 4.49627846e-01, 6.52909058e+02, 3.78594788e+02,
       5.01931965e-01, 5.68642151e+02, 2.74779694e+02, 2.29862764e-01,
       5.70596741e+02, 2.39500366e+02, 2.80240029e-01, 3.35525085e+02,
       2.41481720e+02, 2.28825942e-01, 0., 0., 0., 5.45135010e+02,
       3.21766052e+02, 1.67939454e-01, 3.35522400e+02, 3.31559875e+02,
       2.98306435e-01, 1.65085266e+02, 3.25718140e+02, 3.44107747e-01,
       8.80132202e+02, 2.63036469e+02, 6.40451431e-01, 8.70309082e+02,
       3.02216583e+02, 7.86983311e-01, 8.66431702e+02, 2.31661667e+02,
       7.56626189e-01, 0., 0., 0., 1.12175323e+02, 3.72768005e+02,
       3.19177836e-01, 1.18020569e+02, 3.74689392e+02, 3.35896045e-01,
       1.33724106e+02, 3.13958282e+02, 1.92389980e-01, 0., 0., 0., 0.,
       0., 0., 0., 0., 0. ]
