%YAML:1.0
---
pose_0: !!opencv-matrix
   rows: 1
   cols: 25
   dt: "3f"
   data: [ 1.00354309e+03, 2.63011047e+02, 7.41239786e-01,
       8.72352600e+02, 2.70811615e+02, 5.82595229e-01, 8.80165039e+02,
       1.76823425e+02, 5.53394794e-01, 7.44970459e+02, 1.00495155e+02,
       8.30771744e-01, 8.21381348e+02, 2.27769333e+02, 7.27612555e-01,
       8.68322693e+02, 3.64842896e+02, 5.61830342e-01, 7.42991943e+02,
       4.31531921e+02, 6.07169271e-01, 6.99953979e+02, 3.98193329e+02,
       7.05277801e-01, 6.17611206e+02, 2.72813660e+02, 1.29911035e-01,
       5.94126770e+02, 2.33635269e+02, 1.29840195e-01, 3.45308014e+02,
       2.43453354e+02, 8.84527862e-02, 0., 0., 0., 6.17617126e+02,
       3.23768555e+02, 1.24509990e-01, 5.05966827e+02, 3.51181793e+02,
       8.45913664e-02, 3.41379517e+02, 3.37548035e+02, 1.23232074e-01,
       1.01134821e+03, 2.39472748e+02, 8.68948340e-01, 1.01726959e+03,
       2.84552643e+02, 7.41615176e-01, 9.78149353e+02, 2.10113617e+02,
       6.70088768e-01, 0., 0., 0., 0., 0., 0., 0., 0., 0., 0., 0., 0.,
       0., 0., 0., 0., 0., 0., 0., 0., 0. ]
