%YAML:1.0
---
pose_0: !!opencv-matrix
   rows: 1
   cols: 25
   dt: "3f"
   data: [ 8.54674744e+02, 3.82484314e+02, 6.91654563e-01,
       7.90006348e+02, 4.78553619e+02, 5.25840223e-01, 7.41018738e+02,
       4.13843384e+02, 5.10408282e-01, 5.99998047e+02, 4.19737030e+02,
       2.07564116e-01, 5.02030609e+02, 4.15858307e+02, 6.93106875e-02,
       8.40985779e+02, 5.43201172e+02, 2.70791620e-01, 0., 0., 0., 0.,
       0., 0., 5.70602966e+02, 5.00069214e+02, 1.11636482e-01,
       5.72598328e+02, 4.56964661e+02, 1.61963448e-01, 3.68771729e+02,
       3.78627319e+02, 1.94624215e-01, 0., 0., 0., 5.70609009e+02,
       5.37313660e+02, 8.91192779e-02, 0., 0., 0., 0., 0., 0., 0., 0.,
       0., 8.76223816e+02, 3.84530609e+02, 6.88331962e-01, 0., 0., 0.,
       8.93841248e+02, 4.21697510e+02, 7.13134468e-01, 0., 0., 0., 0.,
       0., 0., 0., 0., 0., 0., 0., 0., 0., 0., 0., 0., 0., 0. ]
