%YAML:1.0
---
pose_0: !!opencv-matrix
   rows: 1
   cols: 25
   dt: "3f"
   data: [ 9.76163818e+02, 3.19870972e+02, 7.47332454e-01,
       8.46862732e+02, 3.12023529e+02, 5.76775968e-01, 8.46859741e+02,
       2.23797806e+02, 6.18915021e-01, 6.97885864e+02, 1.51402313e+02,
       7.93570161e-01, 7.19465210e+02, 2.53252869e+02, 7.42355227e-01,
       8.42908020e+02, 4.11916016e+02, 4.46048319e-01, 6.78347961e+02,
       4.82434387e+02, 3.46756101e-01, 7.72376587e+02, 4.00188141e+02,
       7.46546566e-01, 5.90199524e+02, 3.84485046e+02, 7.92174116e-02,
       0., 0., 0., 0., 0., 0., 0., 0., 0., 6.19597534e+02,
       4.17807648e+02, 8.99039432e-02, 0., 0., 0., 0., 0., 0.,
       9.93657166e+02, 2.96362732e+02, 8.29167485e-01, 9.93738892e+02,
       3.39402679e+02, 8.02304149e-01, 9.72203308e+02, 2.68894379e+02,
       4.56493020e-01, 0., 0., 0., 0., 0., 0., 0., 0., 0., 0., 0., 0.,
       0., 0., 0., 0., 0., 0., 0., 0., 0. ]
