%YAML:1.0
---
pose_0: !!opencv-matrix
   rows: 1
   cols: 25
   dt: "3f"
   data: [ 9.95801636e+02, 3.21845032e+02, 8.16206634e-01,
       9.19313904e+02, 3.00223511e+02, 3.37577373e-01, 9.15423889e+02,
       2.29737228e+02, 3.53002101e-01, 8.54669189e+02, 1.78824158e+02,
       7.99807310e-01, 8.95800354e+02, 2.88438751e+02, 7.45744884e-01,
       9.17366333e+02, 3.60977386e+02, 1.42147362e-01, 0., 0., 0., 0.,
       0., 0., 0., 0., 0., 0., 0., 0., 0., 0., 0., 0., 0., 0., 0., 0.,
       0., 0., 0., 0., 0., 0., 0., 1.01537488e+03, 2.90556671e+02,
       7.71561384e-01, 1.01731427e+03, 3.43365295e+02, 7.14710951e-01,
       9.89882385e+02, 2.49292221e+02, 4.08451170e-01, 0., 0., 0., 0.,
       0., 0., 0., 0., 0., 0., 0., 0., 0., 0., 0., 0., 0., 0., 0., 0.,
       0. ]
