%YAML:1.0
---
pose_0: !!opencv-matrix
   rows: 1
   cols: 25
   dt: "3f"
   data: [ 9.50752808e+02, 3.11988525e+02, 7.41075039e-01,
       8.17447266e+02, 3.39405365e+02, 6.52432799e-01, 8.03707581e+02,
       2.59116913e+02, 6.55855596e-01, 6.80295410e+02, 2.25761917e+02,
       5.31696498e-01, 5.72574341e+02, 1.84702667e+02, 7.66999185e-01,
       8.25337524e+02, 4.27547607e+02, 6.31870866e-01, 7.41047791e+02,
       5.09942993e+02, 7.93454170e-01, 7.42940674e+02, 3.76672241e+02,
       7.80619860e-01, 5.70585266e+02, 3.37505554e+02, 1.63133621e-01,
       5.66695068e+02, 2.94370544e+02, 2.11993963e-01, 3.84494934e+02,
       3.08106140e+02, 1.55681446e-01, 3.47263550e+02, 3.11994965e+02,
       8.73094723e-02, 5.82343201e+02, 3.98211792e+02, 1.36981010e-01,
       0., 0., 0., 0., 0., 0., 9.62350098e+02, 2.90476501e+02,
       7.58605540e-01, 9.62473267e+02, 3.29639587e+02, 7.85803854e-01,
       9.17365967e+02, 2.66949524e+02, 3.32187206e-01, 9.40897034e+02,
       3.57053284e+02, 3.68088663e-01, 0., 0., 0., 0., 0., 0., 0., 0.,
       0., 0., 0., 0., 0., 0., 0., 0., 0., 0. ]
