%YAML:1.0
---
pose_0: !!opencv-matrix
   rows: 1
   cols: 25
   dt: "3f"
   data: [ 9.17363831e+02, 1.94507324e+02, 8.70311618e-01,
       8.01800842e+02, 2.10172089e+02, 6.60690784e-01, 7.91979614e+02,
       1.33767609e+02, 7.18762100e-01, 6.80265564e+02, 8.67293930e+01,
       7.42313683e-01, 5.88287170e+02, 6.91324921e+01, 8.86024594e-01,
       8.05749268e+02, 2.98293823e+02, 6.72158897e-01, 6.97931396e+02,
       3.37557617e+02, 6.43872142e-01, 5.72630432e+02, 3.68853699e+02,
       6.15226209e-01, 5.90193237e+02, 2.43462753e+02, 1.88069224e-01,
       5.70589233e+02, 1.96408600e+02, 2.48345792e-01, 3.70770020e+02,
       1.90525604e+02, 1.55117542e-01, 0., 0., 0., 6.03902832e+02,
       2.92444519e+02, 1.84288815e-01, 3.78591736e+02, 2.61064056e+02,
       9.45707858e-02, 0., 0., 0., 9.17336060e+02, 1.76843597e+02,
       8.76308203e-01, 9.31091736e+02, 2.06208878e+02, 7.20568717e-01,
       8.84071411e+02, 1.61159348e+02, 5.80164671e-01, 9.11487488e+02,
       2.33641632e+02, 2.35561192e-01, 0., 0., 0., 0., 0., 0., 0., 0.,
       0., 0., 0., 0., 0., 0., 0., 0., 0., 0. ]
