%YAML:1.0
---
pose_0: !!opencv-matrix
   rows: 1
   cols: 25
   dt: "3f"
   data: [ 9.19342285e+02, 2.12104675e+02, 8.39971006e-01,
       8.09587036e+02, 2.21847702e+02, 6.62816882e-01, 8.03693298e+02,
       1.33756653e+02, 6.57859981e-01, 6.66583496e+02, 9.84906158e+01,
       7.85713375e-01, 5.64711975e+02, 8.66394119e+01, 8.27740848e-01,
       8.07686157e+02, 3.06087311e+02, 6.66667283e-01, 6.80249939e+02,
       3.35511078e+02, 7.12330461e-01, 5.62735107e+02, 3.19906921e+02,
       8.08957815e-01, 5.58854248e+02, 2.10130478e+02, 2.46333107e-01,
       5.64713074e+02, 1.63163437e+02, 3.99350673e-01, 3.68800659e+02,
       1.47432709e+02, 1.98869437e-01, 0., 0., 0., 5.68666504e+02,
       2.64960938e+02, 2.21918970e-01, 4.58919403e+02, 2.84584198e+02,
       7.08831474e-02, 0., 0., 0., 9.31097412e+02, 1.92502533e+02,
       8.81873608e-01, 9.33114746e+02, 2.27763031e+02, 8.19383502e-01,
       9.03691833e+02, 1.68981918e+02, 6.76648200e-01, 9.19338989e+02,
       2.49287079e+02, 2.37882793e-01, 0., 0., 0., 0., 0., 0., 0., 0.,
       0., 0., 0., 0., 0., 0., 0., 0., 0., 0. ]
