%YAML:1.0
---
pose_0: !!opencv-matrix
   rows: 1
   cols: 25
   dt: "3f"
   data: [ 9.46664734e+02, 2.74803192e+02, 8.33322227e-01,
       8.35106506e+02, 3.06102814e+02, 7.24716067e-01, 8.19434998e+02,
       2.37506180e+02, 6.89654708e-01, 6.98007019e+02, 2.10165466e+02,
       6.72261596e-01, 5.92166077e+02, 1.96414597e+02, 7.71692455e-01,
       8.52715759e+02, 3.80534149e+02, 6.85097218e-01, 7.88003479e+02,
       4.35421814e+02, 7.61804104e-01, 6.66688721e+02, 3.37527802e+02,
       7.05465615e-01, 5.51017273e+02, 3.02184937e+02, 2.16440141e-01,
       5.56895325e+02, 2.57187286e+02, 2.71191835e-01, 3.62942871e+02,
       2.68897156e+02, 1.90378875e-01, 0., 0., 0., 5.43165833e+02,
       3.49241028e+02, 2.36773014e-01, 3.64882813e+02, 3.98174042e+02,
       2.70147651e-01, 1.31770615e+02, 4.53075653e+02, 2.54765987e-01,
       9.52658813e+02, 2.57190674e+02, 8.38902593e-01, 9.62503113e+02,
       2.90521942e+02, 8.92681301e-01, 9.29139221e+02, 2.43344894e+02,
       4.36121315e-01, 9.48720154e+02, 3.27694672e+02, 5.54495752e-01,
       5.92926865e+01, 4.47141541e+02, 9.74037722e-02, 6.90581665e+01,
       4.58948730e+02, 1.06698349e-01, 1.16114624e+02, 4.51119263e+02,
       1.38201311e-01, 0., 0., 0., 0., 0., 0., 0., 0., 0. ]
