%YAML:1.0
---
pose_0: !!opencv-matrix
   rows: 1
   cols: 25
   dt: "3f"
   data: [ 9.23246704e+02, 2.59105927e+02, 8.02933633e-01,
       8.39089478e+02, 2.16010132e+02, 5.60927391e-01, 8.40932983e+02,
       1.53350235e+02, 6.42443538e-01, 8.11595825e+02, 2.12155670e+02,
       7.75017500e-01, 8.09670593e+02, 3.49227081e+02, 7.92982340e-01,
       8.31181702e+02, 2.61093719e+02, 3.05957586e-01, 6.82257507e+02,
       3.17829376e+02, 4.20975655e-01, 5.86312805e+02, 3.82581390e+02,
       3.43044132e-01, 5.99975769e+02, 1.80741730e+02, 1.72527477e-01,
       5.92138855e+02, 1.90539352e+02, 1.72435641e-01, 5.00075806e+02,
       2.88489990e+02, 1.10527761e-01, 0., 0., 0., 6.07822144e+02,
       1.70949142e+02, 8.23809952e-02, 3.64889893e+02, 3.33562775e+02,
       1.50112137e-01, 1.39614853e+02, 3.37433838e+02, 2.07789510e-01,
       9.33009399e+02, 2.35597351e+02, 8.82593274e-01, 9.36947632e+02,
       2.64979034e+02, 7.50200987e-01, 9.05609619e+02, 1.96432938e+02,
       8.00230205e-01, 0., 0., 0., 0., 0., 0., 0., 0., 0.,
       1.20002571e+02, 3.19834259e+02, 1.43509224e-01, 0., 0., 0., 0.,
       0., 0., 0., 0., 0. ]
