%YAML:1.0
---
pose_0: !!opencv-matrix
   rows: 1
   cols: 25
   dt: "3f"
   data: [ 1.01134198e+03, 2.47320862e+02, 8.09697449e-01,
       8.86038879e+02, 2.27733398e+02, 4.45571899e-01, 8.82103516e+02,
       1.37620850e+02, 5.23679256e-01, 7.91961304e+02, 2.59627457e+01,
       7.80949950e-01, 8.50721191e+02, 2.10088104e+02, 5.30659556e-01,
       8.60561890e+02, 3.23789917e+02, 3.52757871e-01, 8.05680908e+02,
       3.60993988e+02, 9.22655836e-02, 0., 0., 0., 0., 0., 0., 0., 0.,
       0., 0., 0., 0., 0., 0., 0., 0., 0., 0., 0., 0., 0., 0., 0., 0.,
       1.02517639e+03, 2.21910004e+02, 8.31921160e-01, 1.02517346e+03,
       2.66957520e+02, 7.42685556e-01, 9.99667236e+02, 1.80678299e+02,
       3.86227965e-01, 0., 0., 0., 0., 0., 0., 0., 0., 0., 0., 0., 0.,
       0., 0., 0., 0., 0., 0., 0., 0., 0. ]
