%YAML:1.0
---
pose_0: !!opencv-matrix
   rows: 1
   cols: 25
   dt: "3f"
   data: [ 1.01147540e+03, 2.39549072e+02, 7.32653022e-01,
       8.78200134e+02, 2.61051727e+02, 5.68983436e-01, 8.56651794e+02,
       1.74889343e+02, 5.71922064e-01, 7.15574097e+02, 1.35739975e+02,
       5.68884373e-01, 5.78460388e+02, 1.10174736e+02, 7.48944044e-01,
       8.93881836e+02, 3.49208282e+02, 5.24628639e-01, 7.52837769e+02,
       4.15882599e+02, 7.16640592e-01, 6.33215210e+02, 3.13973206e+02,
       7.39835382e-01, 5.66692505e+02, 2.53231171e+02, 9.20519754e-02,
       5.47088501e+02, 2.14041611e+02, 1.04600437e-01, 0., 0., 0., 0.,
       0., 0., 5.72555054e+02, 3.06096893e+02, 6.91479445e-02, 0., 0.,
       0., 0., 0., 0., 1.02309601e+03, 2.12097626e+02, 7.74897754e-01,
       1.02711218e+03, 2.59039368e+02, 7.65485525e-01, 9.80146667e+02,
       1.84689987e+02, 5.04656374e-01, 1.01139746e+03, 2.88528503e+02,
       1.01029679e-01, 0., 0., 0., 0., 0., 0., 0., 0., 0., 0., 0., 0.,
       0., 0., 0., 0., 0., 0. ]
