%YAML:1.0
---
pose_0: !!opencv-matrix
   rows: 1
   cols: 25
   dt: "3f"
   data: [ 8.86048767e+02, 4.27548431e+02, 8.18160474e-01,
       7.91989197e+02, 4.62875854e+02, 7.60185957e-01, 7.70400513e+02,
       4.29560364e+02, 6.44373775e-01, 7.13575073e+02, 4.09946747e+02,
       2.24024892e-01, 0., 0., 0., 8.19347107e+02, 5.05932861e+02,
       6.86047912e-01, 7.11702942e+02, 4.06053650e+02, 6.15034223e-01,
       6.35248901e+02, 3.00247681e+02, 7.44192243e-01, 5.60815063e+02,
       4.94188812e+02, 2.31281444e-01, 5.72542786e+02, 4.56984924e+02,
       1.83285147e-01, 3.92338623e+02, 3.88437653e+02, 2.59884626e-01,
       1.94461746e+02, 4.58917328e+02, 2.32116997e-01, 5.43215759e+02,
       5.21622620e+02, 1.97505310e-01, 3.96209869e+02, 3.86512970e+02,
       5.71449339e-01, 2.02297989e+02, 4.60913055e+02, 2.19176263e-01,
       8.86041016e+02, 4.11881134e+02, 8.70517254e-01, 9.01639404e+02,
       4.37358337e+02, 8.00505280e-01, 8.56619629e+02, 4.02121307e+02,
       4.98888046e-01, 8.85954529e+02, 4.66766693e+02, 5.42458177e-01,
       1.29758041e+02, 4.00182800e+02, 6.04733899e-02, 1.31747711e+02,
       4.11887390e+02, 6.33619726e-02, 1.88577469e+02, 4.74610504e+02,
       1.48373365e-01, 1.41565079e+02, 4.15842987e+02, 1.02416985e-01,
       1.37644226e+02, 4.13878143e+02, 7.66994506e-02, 1.80772476e+02,
       4.66799561e+02, 2.02925876e-01 ]
