%YAML:1.0
---
pose_0: !!opencv-matrix
   rows: 1
   cols: 25
   dt: "3f"
   data: [ 9.38912903e+02, 3.66931305e+02, 7.75441945e-01,
       8.50744507e+02, 2.92417175e+02, 3.70860666e-01, 8.50744690e+02,
       2.90431152e+02, 5.75849891e-01, 7.68487915e+02, 2.45440384e+02,
       6.10822916e-01, 6.19604614e+02, 3.55091248e+02, 5.97610772e-01,
       8.60579590e+02, 2.88505005e+02, 2.72471517e-01, 0., 0., 0., 0.,
       0., 0., 6.80338684e+02, 3.08054993e+02, 1.38919607e-01,
       6.74451721e+02, 2.72864319e+02, 1.40214339e-01, 4.27596924e+02,
       2.88476013e+02, 1.56893432e-01, 7.49552994e+01, 2.96349731e+02,
       1.13285147e-01, 6.95967834e+02, 3.47252960e+02, 6.78976476e-02,
       0., 0., 0., 0., 0., 0., 9.52632568e+02, 3.49219269e+02,
       7.77616262e-01, 0., 0., 0., 9.35015198e+02, 3.04073334e+02,
       8.65582824e-01, 0., 0., 0., 0., 0., 0., 0., 0., 0., 0., 0., 0.,
       3.97178192e+01, 2.70852417e+02, 6.88442811e-02, 0., 0., 0., 0.,
       0., 0. ]
