%YAML:1.0
---
pose_0: !!opencv-matrix
   rows: 1
   cols: 25
   dt: "3f"
   data: [ 9.23237549e+02, 2.06163406e+02, 7.54423618e-01,
       8.07729553e+02, 2.21908890e+02, 7.17029452e-01, 7.95913818e+02,
       1.47395645e+02, 6.58854961e-01, 6.94054565e+02, 9.84006500e+01,
       7.25787878e-01, 6.03859070e+02, 6.91031113e+01, 8.67801189e-01,
       8.23274963e+02, 2.96332550e+02, 6.91249013e-01, 7.40998596e+02,
       3.86464447e+02, 7.43727624e-01, 6.50970886e+02, 4.60898712e+02,
       6.90093517e-01, 5.78428711e+02, 2.59090454e+02, 1.60453424e-01,
       5.72557495e+02, 2.08168854e+02, 1.81431666e-01, 3.23753693e+02,
       2.27726852e+02, 9.58779082e-02, 1.49366364e+02, 2.10145523e+02,
       1.85068309e-01, 5.84325317e+02, 2.98278107e+02, 1.13636151e-01,
       3.68834259e+02, 3.15898987e+02, 1.25648230e-01, 1.80718262e+02,
       3.37491425e+02, 1.20491885e-01, 9.23273865e+02, 1.82683136e+02,
       8.23701799e-01, 9.34981934e+02, 2.12142242e+02, 7.26579905e-01,
       8.86087952e+02, 1.63177872e+02, 5.80170631e-01, 9.13416321e+02,
       2.39549622e+02, 4.37517673e-01, 1.16149208e+02, 3.57076416e+02,
       1.28746599e-01, 1.20050507e+02, 3.64923035e+02, 1.48392349e-01,
       0., 0., 0., 0., 0., 0., 0., 0., 0., 0., 0., 0. ]
