%YAML:1.0
---
pose_0: !!opencv-matrix
   rows: 1
   cols: 25
   dt: "3f"
   data: [ 9.50658264e+02, 3.17871277e+02, 8.02246690e-01,
       8.48820496e+02, 2.96349487e+02, 5.60276568e-01, 8.54726746e+02,
       2.10165283e+02, 6.09390676e-01, 7.29385376e+02, 1.18038017e+02,
       7.86199331e-01, 7.97872314e+02, 2.72750244e+02, 7.06875801e-01,
       8.25289795e+02, 3.84451477e+02, 3.87569696e-01, 6.82288879e+02,
       4.33537537e+02, 7.54298210e-01, 7.60710449e+02, 4.02140564e+02,
       7.76365459e-01, 4.78548584e+02, 2.90437744e+02, 5.79967983e-02,
       0., 0., 0., 0., 0., 0., 0., 0., 0., 0., 0., 0., 0., 0., 0., 0.,
       0., 0., 9.66374268e+02, 2.88551514e+02, 8.30727458e-01,
       9.64477295e+02, 3.35530090e+02, 7.78688073e-01, 9.48724609e+02,
       2.55140579e+02, 4.12188530e-01, 0., 0., 0., 0., 0., 0., 0., 0.,
       0., 0., 0., 0., 0., 0., 0., 0., 0., 0., 0., 0., 0. ]
