%YAML:1.0
---
pose_0: !!opencv-matrix
   rows: 1
   cols: 25
   dt: "3f"
   data: [ 9.15342102e+02, 2.72847534e+02, 7.41611600e-01,
       8.11554810e+02, 2.59154388e+02, 5.96819639e-01, 8.19407227e+02,
       1.78787064e+02, 6.55007243e-01, 6.86192749e+02, 1.14117714e+02,
       8.10096979e-01, 6.64611206e+02, 1.88609818e+02, 8.17111254e-01,
       8.07684143e+02, 3.55141815e+02, 5.53558469e-01, 6.64609192e+02,
       4.13835175e+02, 7.79236794e-01, 7.46930542e+02, 3.49231964e+02,
       7.91737199e-01, 5.56890259e+02, 2.63032837e+02, 2.84892470e-01,
       5.56911682e+02, 2.21905807e+02, 3.40677261e-01, 5.05982483e+02,
       2.06186554e+02, 2.75333822e-01, 3.43354706e+02, 2.43431229e+02,
       1.06056079e-01, 5.45139221e+02, 3.19804840e+02, 1.93271846e-01,
       3.45290314e+02, 3.10071991e+02, 2.82040924e-01, 1.53300018e+02,
       3.08094849e+02, 3.01084369e-01, 9.31126038e+02, 2.45364899e+02,
       8.43554020e-01, 9.31110962e+02, 2.90454010e+02, 8.15847516e-01,
       9.15393799e+02, 2.19882248e+02, 5.31975031e-01, 9.07583374e+02,
       3.08146423e+02, 9.43059176e-02, 8.47842255e+01, 3.49185455e+02,
       2.58664906e-01, 9.45620956e+01, 3.51175964e+02, 2.72488952e-01,
       1.27848785e+02, 3.00246429e+02, 1.50838688e-01, 0., 0., 0., 0.,
       0., 0., 0., 0., 0. ]
