%YAML:1.0
---
pose_0: !!opencv-matrix
   rows: 1
   cols: 25
   dt: "3f"
   data: [ 1.08579834e+03, 2.64979431e+02, 7.26616740e-01,
       9.31071167e+02, 2.45384293e+02, 3.18115443e-01, 9.70271790e+02,
       1.74877075e+02, 3.97436440e-01, 8.99716919e+02, 1.53281342e+02,
       5.14961705e-02, 9.68322449e+02, 1.59200409e+02, 1.35845199e-01,
       9.19352783e+02, 3.29625916e+02, 3.32913607e-01, 8.35101685e+02,
       4.00187866e+02, 1.02408946e-01, 8.21414795e+02, 3.98217346e+02,
       5.10721207e-02, 0., 0., 0., 0., 0., 0., 0., 0., 0., 0., 0., 0.,
       0., 0., 0., 0., 0., 0., 0., 0., 0., 1.09368652e+03,
       2.31704697e+02, 8.14325988e-01, 1.10155664e+03, 2.86483063e+02,
       7.09930003e-01, 1.06238110e+03, 2.02285538e+02, 6.11610532e-01,
       0., 0., 0., 0., 0., 0., 0., 0., 0., 0., 0., 0., 0., 0., 0., 0.,
       0., 0., 0., 0., 0. ]
