%YAML:1.0
---
pose_0: !!opencv-matrix
   rows: 1
   cols: 25
   dt: "3f"
   data: [ 9.13397156e+02, 3.64934296e+02, 7.36791253e-01,
       8.31196838e+02, 2.86540894e+02, 4.99632210e-01, 8.40944519e+02,
       2.61103271e+02, 7.28452146e-01, 7.37143250e+02, 3.04221832e+02,
       6.63216233e-01, 8.21391235e+02, 4.19755188e+02, 8.03532064e-01,
       8.21380005e+02, 3.11992798e+02, 2.65874118e-01, 6.97991943e+02,
       3.76636261e+02, 7.97354758e-01, 7.62669983e+02, 4.31423920e+02,
       8.21447670e-01, 5.60837830e+02, 2.98300964e+02, 3.28804374e-01,
       5.56928406e+02, 2.72795868e+02, 3.68949085e-01, 3.31609161e+02,
       3.41397308e+02, 2.22316623e-01, 1.02396461e+02, 3.35562592e+02,
       2.03632817e-01, 5.56914551e+02, 3.23768188e+02, 1.98722616e-01,
       3.19867706e+02, 3.37466614e+02, 1.93944544e-01, 1.10214226e+02,
       3.35463837e+02, 1.55994326e-01, 9.31061768e+02, 3.51155792e+02,
       8.29544187e-01, 0., 0., 0., 9.19366028e+02, 3.04096954e+02,
       8.47215176e-01, 0., 0., 0., 0., 0., 0., 0., 0., 0.,
       7.10846329e+01, 3.35541443e+02, 6.18756115e-02, 5.34518318e+01,
       3.23771545e+02, 8.58603939e-02, 5.34741898e+01, 3.27650818e+02,
       6.36457875e-02, 8.47200089e+01, 3.45287476e+02, 1.38747424e-01 ]
