%YAML:1.0
---
pose_0: !!opencv-matrix
   rows: 1
   cols: 25
   dt: "3f"
   data: [ 1.00948053e+03, 2.43498978e+02, 8.03009331e-01,
       8.99668518e+02, 2.41411942e+02, 5.56684971e-01, 8.91892822e+02,
       1.43495773e+02, 5.95558226e-01, 7.60610413e+02, 8.67411880e+01,
       4.88973618e-01, 6.98027466e+02, 1.41527878e+02, 6.74454153e-01,
       8.99725891e+02, 3.35479797e+02, 4.57293123e-01, 7.44962463e+02,
       4.09950836e+02, 6.62388027e-01, 5.92193604e+02, 4.58864563e+02,
       7.19127357e-01, 0., 0., 0., 0., 0., 0., 0., 0., 0., 0., 0., 0.,
       0., 0., 0., 0., 0., 0., 0., 0., 0., 1.02706799e+03,
       2.21905792e+02, 7.13196397e-01, 1.02714197e+03, 2.64948853e+02,
       6.99184716e-01, 1.00944934e+03, 1.84676575e+02, 6.09802246e-01,
       1.01147754e+03, 2.90495270e+02, 1.15396522e-01, 0., 0., 0., 0.,
       0., 0., 0., 0., 0., 0., 0., 0., 0., 0., 0., 0., 0., 0. ]
