%YAML:1.0
---
pose_0: !!opencv-matrix
   rows: 1
   cols: 25
   dt: "3f"
   data: [ 9.44777161e+02, 3.17858459e+02, 7.70682573e-01,
       8.44854553e+02, 2.74847748e+02, 6.20375812e-01, 8.54621155e+02,
       1.92475449e+02, 6.07634187e-01, 7.42977356e+02, 1.08258492e+02,
       7.17427611e-01, 6.15606873e+02, 1.65016998e+02, 7.43328094e-01,
       8.33088013e+02, 3.55118225e+02, 5.75367391e-01, 7.29295044e+02,
       4.19764954e+02, 8.05204988e-01, 6.74472656e+02, 4.92288666e+02,
       7.54613042e-01, 5.51014893e+02, 2.84555450e+02, 9.55565572e-02,
       5.49055359e+02, 2.45387482e+02, 1.25621036e-01, 3.33549469e+02,
       2.98288605e+02, 1.22412995e-01, 1.20013153e+02, 3.23810059e+02,
       1.96716487e-01, 6.01953003e+02, 3.47267670e+02, 5.58200032e-02,
       0., 0., 0., 0., 0., 0., 9.64366089e+02, 2.88462585e+02,
       8.49272013e-01, 9.64421631e+02, 3.27684418e+02, 7.25192308e-01,
       9.48674622e+02, 2.45364029e+02, 5.77228487e-01, 0., 0., 0., 0.,
       0., 0., 0., 0., 0., 0., 0., 0., 7.69336929e+01, 2.98303406e+02,
       1.43719301e-01, 8.27564926e+01, 2.98301117e+02, 1.34757638e-01,
       0., 0., 0. ]
