%YAML:1.0
---
pose_0: !!opencv-matrix
   rows: 2
   cols: 25
   dt: "3f"
   data: [ 8.99720642e+02, 3.98222260e+02, 8.34045768e-01,
       8.11588989e+02, 4.35450470e+02, 5.85830390e-01, 7.84167542e+02,
       4.00229309e+02, 3.84179056e-01, 7.54769409e+02, 3.55091766e+02,
       5.35910837e-02, 6.92092773e+02, 2.59066284e+02, 1.90405130e-01,
       8.37050659e+02, 4.88287689e+02, 6.78233027e-01, 7.78262268e+02,
       4.45209961e+02, 5.19085079e-02, 0., 0., 0., 6.15656250e+02,
       4.70674255e+02, 8.26869160e-02, 5.96076355e+02, 4.45205780e+02,
       1.02475151e-01, 3.76645020e+02, 3.49189697e+02, 3.69870752e-01,
       2.08145630e+02, 4.02098846e+02, 2.48439252e-01, 6.35252014e+02,
       5.21621338e+02, 5.07076494e-02, 0., 0., 0., 0., 0., 0.,
       9.03699280e+02, 3.82512817e+02, 8.54423165e-01, 9.15470886e+02,
       4.13892548e+02, 8.76488090e-01, 8.84002014e+02, 3.70824219e+02,
       3.43932509e-01, 9.09560669e+02, 4.47166931e+02, 6.81138039e-01,
       0., 0., 0., 0., 0., 0., 0., 0., 0., 0., 0., 0., 0., 0., 0., 0.,
       0., 0., 0., 0., 0., 0., 0., 0., 0., 0., 0., 0., 0., 0., 0., 0.,
       0., 7.86080200e+02, 4.00194702e+02, 5.99349402e-02,
       7.33265991e+02, 3.21791290e+02, 4.11815256e-01, 6.88136963e+02,
       2.43450516e+02, 5.12931287e-01, 0., 0., 0., 0., 0., 0., 0., 0.,
       0., 0., 0., 0., 0., 0., 0., 0., 0., 0., 0., 0., 0., 0., 0., 0.,
       0., 0., 0., 0., 0., 0., 0., 0., 0., 0., 0., 0., 0., 0., 0., 0.,
       0., 0., 0., 0., 0., 0., 0., 0., 0., 0., 0. ]
