%YAML:1.0
---
pose_0: !!opencv-matrix
   rows: 1
   cols: 25
   dt: "3f"
   data: [ 8.87952759e+02, 3.80588928e+02, 8.29359472e-01,
       8.05748108e+02, 4.17786133e+02, 7.04599679e-01, 7.76268982e+02,
       3.78633545e+02, 5.55178463e-01, 6.41159851e+02, 3.70821716e+02,
       5.07020712e-01, 5.70585327e+02, 3.37438324e+02, 8.40020061e-01,
       8.35063049e+02, 4.70712738e+02, 5.57499647e-01, 8.01800293e+02,
       4.74620087e+02, 6.44745827e-01, 7.54736450e+02, 3.31545410e+02,
       6.76243067e-01, 5.47085266e+02, 4.47190582e+02, 3.57224852e-01,
       5.51014587e+02, 4.09977081e+02, 4.68919784e-01, 3.53102509e+02,
       4.00130066e+02, 5.19251883e-01, 1.53323166e+02, 3.86425873e+02,
       4.33596909e-01, 5.45142944e+02, 4.90271027e+02, 3.05016965e-01,
       3.55100067e+02, 5.35340271e+02, 4.52228099e-01, 2.10115417e+02,
       6.17636963e+02, 3.18596423e-01, 8.97729370e+02, 3.66762451e+02,
       8.56871545e-01, 9.03668152e+02, 3.94246948e+02, 8.39806736e-01,
       8.74263977e+02, 3.55103149e+02, 3.71024430e-01, 8.99739014e+02,
       4.19774567e+02, 6.57494903e-01, 1.29762039e+02, 6.39158875e+02,
       1.41613916e-01, 1.35681808e+02, 6.48948120e+02, 1.38382360e-01,
       1.94425537e+02, 6.19596558e+02, 1.90833420e-01, 1.31762177e+02,
       4.15801422e+02, 6.11696392e-02, 1.31809937e+02, 4.09936493e+02,
       5.66233173e-02, 1.37645691e+02, 3.96228760e+02, 2.43486628e-01 ]
