%YAML:1.0
---
pose_0: !!opencv-matrix
   rows: 1
   cols: 25
   dt: "3f"
   data: [ 9.05589783e+02, 2.33626465e+02, 7.36814916e-01,
       7.99796509e+02, 2.66918518e+02, 6.65636957e-01, 7.76295532e+02,
       1.98365906e+02, 6.81038260e-01, 6.74412292e+02, 1.94419144e+02,
       6.01172626e-01, 5.64736694e+02, 1.82738678e+02, 5.80508411e-01,
       8.19426819e+02, 3.33566833e+02, 5.76216340e-01, 8.21294495e+02,
       4.76557465e+02, 5.92631817e-01, 9.01719971e+02, 6.35273376e+02,
       2.64880180e-01, 5.52978516e+02, 3.19845459e+02, 2.91301250e-01,
       5.52933472e+02, 2.72827454e+02, 3.61542046e-01, 3.31605347e+02,
       2.59116638e+02, 1.89953074e-01, 0., 0., 0., 5.52970154e+02,
       3.66806396e+02, 2.98187226e-01, 3.68846466e+02, 4.39325226e+02,
       3.77237231e-01, 2.82616333e+02, 5.09863892e+02, 2.14185178e-01,
       9.15434326e+02, 2.16038086e+02, 8.70421767e-01, 9.23239258e+02,
       2.51294037e+02, 8.03220868e-01, 8.99715637e+02, 2.06213287e+02,
       2.40713447e-01, 9.05617249e+02, 2.88389374e+02, 4.68275428e-01,
       0., 0., 0., 0., 0., 0., 2.84553986e+02, 5.17700806e+02,
       6.78774044e-02, 0., 0., 0., 0., 0., 0., 0., 0., 0. ]
