%YAML:1.0
---
pose_0: !!opencv-matrix
   rows: 1
   cols: 25
   dt: "3f"
   data: [ 1.07407996e+03, 2.80671478e+02, 6.43392801e-01,
       9.31065063e+02, 2.88475189e+02, 1.75635278e-01, 9.21284058e+02,
       1.67020981e+02, 1.23089314e-01, 0., 0., 0., 0., 0., 0.,
       9.15439392e+02, 3.64914856e+02, 2.33940870e-01, 7.89999512e+02,
       4.92157471e+02, 6.80648565e-01, 9.29099060e+02, 4.25655853e+02,
       6.95670247e-01, 0., 0., 0., 0., 0., 0., 0., 0., 0., 0., 0., 0.,
       0., 0., 0., 0., 0., 0., 0., 0., 0., 1.09372009e+03,
       2.45442810e+02, 7.20294952e-01, 1.09954285e+03, 2.94365814e+02,
       6.12064302e-01, 1.05849219e+03, 1.94424774e+02, 8.06759834e-01,
       0., 0., 0., 0., 0., 0., 0., 0., 0., 0., 0., 0., 0., 0., 0., 0.,
       0., 0., 0., 0., 0. ]
