%YAML:1.0
---
pose_0: !!opencv-matrix
   rows: 1
   cols: 25
   dt: "3f"
   data: [ 8.52789124e+02, 3.57086121e+02, 7.93370068e-01,
       7.58670898e+02, 3.21802612e+02, 5.00685573e-01, 7.64567688e+02,
       2.76707520e+02, 5.87385476e-01, 6.37287720e+02, 2.68861969e+02,
       7.14835763e-01, 5.56879089e+02, 3.96227264e+02, 6.43832028e-01,
       7.37130737e+02, 3.66787628e+02, 2.54759431e-01, 0., 0., 0., 0.,
       0., 0., 5.56883118e+02, 3.04126465e+02, 2.07339391e-01,
       5.35344910e+02, 2.68895538e+02, 1.97706059e-01, 4.00143677e+02,
       3.55113251e+02, 5.52008934e-02, 0., 0., 0., 5.66665161e+02,
       3.41398376e+02, 1.03480302e-01, 3.33551575e+02, 4.07980957e+02,
       1.42693415e-01, 1.33775970e+02, 3.06136230e+02, 2.83217698e-01,
       8.70366089e+02, 3.35418701e+02, 7.24674702e-01, 8.72363220e+02,
       3.68758606e+02, 7.64307559e-01, 8.50779297e+02, 2.98253540e+02,
       6.93688869e-01, 0., 0., 0., 1.21962418e+02, 2.74771759e+02,
       1.24641016e-01, 0., 0., 0., 1.23918991e+02, 2.88512329e+02,
       2.00721323e-01, 0., 0., 0., 0., 0., 0., 0., 0., 0. ]
