%YAML:1.0
---
pose_0: !!opencv-matrix
   rows: 1
   cols: 25
   dt: "3f"
   data: [ 8.88011108e+02, 1.04323006e+02, 7.61926651e-01,
       7.76370239e+02, 1.12183098e+02, 6.84707105e-01, 7.72382874e+02,
       2.78989315e+01, 6.36693239e-01, 6.64674866e+02, 5.34506464e+00,
       3.21516335e-01, 0., 0., 0., 7.76243408e+02, 1.94442230e+02,
       6.81207836e-01, 6.64638611e+02, 2.41456711e+02, 7.86628306e-01,
       5.43193542e+02, 2.72778748e+02, 8.11685205e-01, 5.35354858e+02,
       9.06242065e+01, 1.28751263e-01, 5.15757446e+02, 6.71041489e+01,
       1.04142286e-01, 0., 0., 0., 0., 0., 0., 0., 0., 0., 0., 0., 0.,
       0., 0., 0., 8.99764038e+02, 8.66546783e+01, 9.09509540e-01,
       8.99697937e+02, 1.23889282e+02, 7.42677093e-01, 8.74250366e+02,
       6.51361160e+01, 6.25421286e-01, 8.86084229e+02, 1.47383499e+02,
       3.21332246e-01, 0., 0., 0., 0., 0., 0., 0., 0., 0., 0., 0., 0.,
       0., 0., 0., 0., 0., 0. ]
