%YAML:1.0
---
pose_0: !!opencv-matrix
   rows: 1
   cols: 25
   dt: "3f"
   data: [ 9.33068909e+02, 3.49206940e+02, 7.98214972e-01,
       8.21343750e+02, 2.76793335e+02, 6.55182302e-01, 8.46853088e+02,
       2.10172333e+02, 6.00363731e-01, 7.42984863e+02, 1.29798920e+02,
       7.13974118e-01, 5.86309875e+02, 1.33748703e+02, 7.71235764e-01,
       7.97879944e+02, 3.41390045e+02, 5.58324456e-01, 6.97906982e+02,
       4.04116028e+02, 7.04289913e-01, 6.86197327e+02, 4.60867859e+02,
       7.15943217e-01, 5.90202087e+02, 2.82603638e+02, 1.12435184e-01,
       5.74541870e+02, 2.63011169e+02, 1.09408289e-01, 3.08101196e+02,
       3.53149261e+02, 1.09339505e-01, 1.49412308e+02, 3.21801422e+02,
       1.72547713e-01, 5.92149780e+02, 3.35496338e+02, 6.59327209e-02,
       0., 0., 0., 0., 0., 0., 9.50645874e+02, 3.27646393e+02,
       7.84958184e-01, 9.52662964e+02, 3.49218475e+02, 3.15644205e-01,
       9.34973572e+02, 2.72902405e+02, 8.84553969e-01, 0., 0., 0., 0.,
       0., 0., 0., 0., 0., 0., 0., 0., 0., 0., 0., 0., 0., 0., 0., 0.,
       0. ]
