%YAML:1.0
---
pose_0: !!opencv-matrix
   rows: 1
   cols: 25
   dt: "3f"
   data: [ 8.58629395e+02, 2.27778107e+02, 7.92223215e-01,
       8.17432251e+02, 2.88469513e+02, 5.64776361e-01, 8.27272705e+02,
       3.13952637e+02, 3.78429741e-01, 0., 0., 0., 0., 0., 0.,
       8.07624634e+02, 2.55172272e+02, 5.54238141e-01, 7.43005127e+02,
       2.27684082e+02, 7.16425478e-01, 6.46997620e+02, 1.96526611e+02,
       7.67182410e-01, 5.13806335e+02, 3.55095856e+02, 2.22090200e-01,
       5.09851349e+02, 3.19874390e+02, 3.13895404e-01, 2.90459503e+02,
       2.74797241e+02, 2.50552535e-01, 8.47252426e+01, 4.06041351e+02,
       2.77692139e-01, 5.11845581e+02, 3.98226074e+02, 2.18202248e-01,
       2.84546265e+02, 2.72866058e+02, 2.71278411e-01, 6.90463791e+01,
       4.15808472e+02, 9.95246097e-02, 8.70433960e+02, 2.25726242e+02,
       4.77631986e-01, 8.78194458e+02, 2.41391617e+02, 8.31627846e-01,
       0., 0., 0., 8.80125427e+02, 2.88550201e+02, 7.82936513e-01,
       3.96208076e+01, 4.29595856e+02, 9.17384103e-02, 5.13961258e+01,
       4.39348816e+02, 1.14037901e-01, 4.36093941e+01, 4.37383636e+02,
       1.00485988e-01, 4.36319885e+01, 4.37400696e+02, 1.92759544e-01,
       4.16755714e+01, 4.29560822e+02, 1.87550098e-01, 0., 0., 0. ]
