%YAML:1.0
---
pose_0: !!opencv-matrix
   rows: 1
   cols: 25
   dt: "3f"
   data: [ 1.02118579e+03, 3.66816895e+02, 8.17818284e-01,
       8.97757141e+02, 3.21790131e+02, 5.17924488e-01, 9.15356384e+02,
       2.39511368e+02, 5.38202584e-01, 7.60690308e+02, 1.63112656e+02,
       5.80307961e-01, 6.80315796e+02, 1.31772232e+02, 4.32617784e-01,
       8.70403503e+02, 4.13872833e+02, 4.53354239e-01, 7.17535828e+02,
       4.76495636e+02, 6.34257674e-01, 6.52941956e+02, 5.99983704e+02,
       5.88652551e-01, 6.07834229e+02, 3.70788696e+02, 1.08653702e-01,
       0., 0., 0., 0., 0., 0., 0., 0., 0., 0., 0., 0., 0., 0., 0., 0.,
       0., 0., 1.04268982e+03, 3.35556122e+02, 8.09090078e-01,
       1.04078748e+03, 3.82595551e+02, 7.33090043e-01, 1.02904614e+03,
       2.90415710e+02, 5.80976069e-01, 0., 0., 0., 0., 0., 0., 0., 0.,
       0., 0., 0., 0., 0., 0., 0., 0., 0., 0., 0., 0., 0. ]
