%YAML:1.0
---
pose_0: !!opencv-matrix
   rows: 1
   cols: 25
   dt: "3f"
   data: [ 8.78196106e+02, 3.80554840e+02, 7.81636596e-01,
       7.91951233e+02, 4.29496948e+02, 7.62456179e-01, 7.62625854e+02,
       3.86414276e+02, 5.89483559e-01, 6.54871216e+02, 4.00114441e+02,
       6.38722360e-01, 5.72638916e+02, 3.68861633e+02, 7.97237933e-01,
       8.21285156e+02, 4.66805878e+02, 6.15877151e-01, 7.95920349e+02,
       5.37277161e+02, 7.59531498e-01, 7.74316162e+02, 4.09913574e+02,
       7.69878626e-01, 5.51004700e+02, 4.68737823e+02, 3.13252896e-01,
       5.52988159e+02, 4.31507629e+02, 4.04013962e-01, 3.68796814e+02,
       4.31453339e+02, 2.18642950e-01, 0., 0., 0., 5.43200562e+02,
       5.09854156e+02, 2.90827781e-01, 3.51200562e+02, 5.43168335e+02,
       1.83883250e-01, 0., 0., 0., 8.84057556e+02, 3.68800659e+02,
       9.03986394e-01, 8.89938660e+02, 3.98094879e+02, 8.16446900e-01,
       8.56635132e+02, 3.66761475e+02, 2.19713330e-01, 8.80131592e+02,
       4.29558929e+02, 7.75095224e-01, 0., 0., 0., 0., 0., 0., 0., 0.,
       0., 0., 0., 0., 0., 0., 0., 0., 0., 0. ]
