%YAML:1.0
---
pose_0: !!opencv-matrix
   rows: 1
   cols: 25
   dt: "3f"
   data: [ 8.68459839e+02, 2.59198059e+02, 7.91087210e-01,
       8.05653870e+02, 3.25755920e+02, 6.02282405e-01, 8.15478882e+02,
       3.47278564e+02, 5.18545151e-01, 6.88133545e+02, 2.90437531e+02,
       5.23858555e-02, 0., 0., 0., 8.05622375e+02, 3.15911316e+02,
       5.48013330e-01, 6.84300171e+02, 2.86549835e+02, 6.82677507e-01,
       7.89983521e+02, 2.06241470e+02, 4.75069165e-01, 5.52945984e+02,
       3.29653137e+02, 2.37609789e-01, 5.52991821e+02, 2.94387878e+02,
       2.60908276e-01, 3.41394836e+02, 2.92419312e+02, 1.37193188e-01,
       1.25890793e+02, 3.80568298e+02, 9.22967941e-02, 5.47103210e+02,
       3.68806519e+02, 1.80497795e-01, 3.29609375e+02, 2.92458740e+02,
       3.43341738e-01, 1.29780792e+02, 3.76672363e+02, 4.20232803e-01,
       8.80154175e+02, 2.57048553e+02, 7.09431887e-01, 8.86072754e+02,
       2.74852936e+02, 8.44368219e-01, 0., 0., 0., 8.80101685e+02,
       3.21899475e+02, 8.10419440e-01, 8.47481079e+01, 4.02118256e+02,
       1.85597733e-01, 8.86886520e+01, 4.02170685e+02, 2.19303399e-01,
       1.12154991e+02, 3.82574066e+02, 2.68507361e-01, 8.47052536e+01,
       4.06021027e+02, 1.02350347e-01, 8.46692734e+01, 4.00148132e+02,
       8.76357555e-02, 0., 0., 0. ]
