%YAML:1.0
---
pose_0: !!opencv-matrix
   rows: 1
   cols: 25
   dt: "3f"
   data: [ 8.56629517e+02, 1.61172592e+02, 7.84749329e-01,
       7.58726990e+02, 1.78712723e+02, 7.29899585e-01, 7.45057190e+02,
       1.00448204e+02, 7.26593614e-01, 6.47027588e+02, 6.11978912e+01,
       7.75289357e-01, 6.94021973e+02, 1.61157074e+02, 7.39908695e-01,
       7.70456543e+02, 2.55215973e+02, 6.25502944e-01, 6.76416931e+02,
       2.88568481e+02, 8.12544584e-01, 7.60722412e+02, 2.25805557e+02,
       6.89683080e-01, 5.31422791e+02, 1.86631973e+02, 1.71802521e-01,
       5.13779785e+02, 1.51352875e+02, 1.99555963e-01, 3.19816467e+02,
       1.65072464e+02, 1.14219598e-01, 1.55299042e+02, 1.82728653e+02,
       9.60678160e-02, 5.51019714e+02, 2.31697647e+02, 1.23098403e-01,
       3.62941864e+02, 2.57096558e+02, 1.55327827e-01, 1.78758759e+02,
       2.25789154e+02, 1.43404618e-01, 8.60576233e+02, 1.45481903e+02,
       8.01006377e-01, 8.68438416e+02, 1.72920258e+02, 7.91619778e-01,
       8.29221558e+02, 1.31684540e+02, 4.99638617e-01, 8.54713013e+02,
       1.96426605e+02, 6.28343880e-01, 1.29804382e+02, 2.57171570e+02,
       2.07599103e-01, 1.35690155e+02, 2.59134674e+02, 2.29056373e-01,
       1.49416718e+02, 1.98374893e+02, 7.51006901e-02, 0., 0., 0., 0.,
       0., 0., 0., 0., 0. ]
