%YAML:1.0
---
pose_0: !!opencv-matrix
   rows: 1
   cols: 25
   dt: "3f"
   data: [ 9.33134827e+02, 2.78717438e+02, 7.68809259e-01,
       8.23274902e+02, 3.04100525e+02, 6.59795284e-01, 8.05700867e+02,
       2.27814117e+02, 5.50966203e-01, 7.11632324e+02, 2.12110367e+02,
       8.40327963e-02, 0., 0., 0., 8.35109741e+02, 3.82524231e+02,
       6.27541602e-01, 7.45013855e+02, 4.13943237e+02, 6.85231447e-01,
       5.72541443e+02, 4.00159088e+02, 6.40400529e-01, 5.56891785e+02,
       2.86541656e+02, 1.27008304e-01, 5.52977478e+02, 2.63036072e+02,
       1.51650071e-01, 3.33540344e+02, 2.94378204e+02, 2.24346429e-01,
       8.66808395e+01, 3.17891663e+02, 1.99254513e-01, 5.41220642e+02,
       3.23774506e+02, 6.48344457e-02, 3.41397400e+02, 3.70812500e+02,
       1.38647288e-01, 1.76803909e+02, 3.68806244e+02, 1.42607287e-01,
       9.42858582e+02, 2.59036316e+02, 8.73921335e-01, 9.50659668e+02,
       2.94343811e+02, 8.20309281e-01, 9.11520874e+02, 2.37546356e+02,
       6.04212761e-01, 9.35010742e+02, 3.19924957e+02, 2.63950795e-01,
       0., 0., 0., 0., 0., 0., 1.59182343e+02, 3.64898743e+02,
       5.65674081e-02, 6.91144562e+01, 3.10022430e+02, 7.08102509e-02,
       6.70613174e+01, 3.04165100e+02, 7.37741143e-02, 0., 0., 0. ]
