%YAML:1.0
---
pose_0: !!opencv-matrix
   rows: 1
   cols: 25
   dt: "3f"
   data: [ 9.11455872e+02, 3.66793549e+02, 6.71747744e-01,
       8.39040283e+02, 2.86541840e+02, 4.56589818e-01, 8.52703552e+02,
       2.61113007e+02, 7.17873633e-01, 7.50867371e+02, 3.04146973e+02,
       7.84079909e-01, 8.05692810e+02, 4.35471741e+02, 7.81366110e-01,
       8.35089172e+02, 3.10045746e+02, 1.54364675e-01, 0., 0., 0., 0.,
       0., 0., 5.31402954e+02, 3.06151978e+02, 3.49631220e-01,
       5.29447876e+02, 2.78701630e+02, 3.33218366e-01, 3.27652954e+02,
       3.53148376e+02, 4.61402208e-01, 1.06319916e+02, 3.37521667e+02,
       3.57191116e-01, 5.27523315e+02, 3.33572510e+02, 2.51145959e-01,
       3.23758545e+02, 3.27667786e+02, 2.96201974e-01, 1.31728241e+02,
       3.35522888e+02, 1.63315594e-01, 9.29151184e+02, 3.55071259e+02,
       7.59294510e-01, 0., 0., 0., 9.29165710e+02, 3.06068665e+02,
       8.64404440e-01, 0., 0., 0., 0., 0., 0., 0., 0., 0., 0., 0., 0.,
       4.75082207e+01, 3.15899811e+02, 1.20156333e-01, 4.94940605e+01,
       3.15885803e+02, 9.19435546e-02, 8.66762390e+01, 3.37502655e+02,
       2.56721616e-01 ]
