%YAML:1.0
---
pose_0: !!opencv-matrix
   rows: 1
   cols: 25
   dt: "3f"
   data: [ 8.80130798e+02, 2.59059875e+02, 8.11080575e-01,
       7.89961914e+02, 2.74767487e+02, 7.09252179e-01, 7.78305237e+02,
       2.00313263e+02, 7.05797434e-01, 6.82259583e+02, 1.51326508e+02,
       7.97683299e-01, 6.25476196e+02, 1.47461746e+02, 8.30547988e-01,
       7.92066956e+02, 3.51186920e+02, 7.25168467e-01, 6.84239685e+02,
       4.02084656e+02, 8.30309689e-01, 7.09635620e+02, 3.08096710e+02,
       7.86774457e-01, 5.52976440e+02, 2.86515656e+02, 1.75205693e-01,
       5.45137634e+02, 2.51283997e+02, 1.75311267e-01, 3.39474396e+02,
       2.39524429e+02, 1.67534918e-01, 0., 0., 0., 5.43182434e+02,
       3.23743866e+02, 1.69428110e-01, 3.78621948e+02, 3.27695190e+02,
       1.93956926e-01, 0., 0., 0., 8.86073303e+02, 2.41455338e+02,
       8.89203906e-01, 8.89955750e+02, 2.74790283e+02, 8.16573203e-01,
       8.68370239e+02, 2.21848297e+02, 6.48243725e-01, 8.80105530e+02,
       2.98282806e+02, 4.59991634e-01, 0., 0., 0., 0., 0., 0., 0., 0.,
       0., 0., 0., 0., 0., 0., 0., 0., 0., 0. ]
