%YAML:1.0
---
pose_0: !!opencv-matrix
   rows: 1
   cols: 25
   dt: "3f"
   data: [ 8.99780212e+02, 4.58904144e+02, 8.04271817e-01,
       7.92050659e+02, 4.76606964e+02, 7.02788532e-01, 7.89995117e+02,
       3.98258606e+02, 6.75546467e-01, 7.11684570e+02, 3.35455475e+02,
       7.97918200e-01, 6.62621460e+02, 2.57131622e+02, 8.15531850e-01,
       7.93941467e+02, 5.52908386e+02, 6.48063540e-01, 6.82305298e+02,
       6.03851990e+02, 8.09472501e-01, 6.84251831e+02, 6.80312561e+02,
       7.83863962e-01, 5.70590149e+02, 4.88337524e+02, 2.80198723e-01,
       5.80393799e+02, 4.43247803e+02, 3.18734884e-01, 3.82502777e+02,
       4.15816986e+02, 3.13491404e-01, 0., 0., 0., 5.58849426e+02,
       5.31441895e+02, 2.66190976e-01, 4.00166992e+02, 5.35323914e+02,
       1.41733289e-01, 1.86597672e+02, 5.41163757e+02, 1.22625262e-01,
       9.05662964e+02, 4.45245300e+02, 8.68829966e-01, 9.13476501e+02,
       4.74613342e+02, 7.96371818e-01, 8.80138489e+02, 4.33456970e+02,
       4.35363114e-01, 8.93860107e+02, 5.05881073e+02, 5.77339292e-01,
       0., 0., 0., 0., 0., 0., 0., 0., 0., 0., 0., 0., 0., 0., 0., 0.,
       0., 0. ]
