%YAML:1.0
---
pose_0: !!opencv-matrix
   rows: 2
   cols: 25
   dt: "3f"
   data: [ 1.02120325e+03, 2.57180878e+02, 7.52214909e-01,
       9.82051758e+02, 3.35495667e+02, 1.56423777e-01, 8.76232483e+02,
       3.23745911e+02, 1.16486870e-01, 7.52797668e+02, 4.74583740e+02,
       1.35006905e-01, 8.54751404e+02, 4.13816132e+02, 1.21004507e-01,
       1.09173547e+03, 3.37487915e+02, 9.49142948e-02, 0., 0., 0., 0.,
       0., 0., 0., 0., 0., 0., 0., 0., 0., 0., 0., 0., 0., 0., 0., 0.,
       0., 0., 0., 0., 0., 0., 0., 9.91756042e+02, 2.39529938e+02,
       7.65635252e-01, 1.03491431e+03, 2.29754089e+02, 7.51434505e-01,
       9.35042175e+02, 2.53221695e+02, 4.77495790e-01, 1.07210693e+03,
       2.51250839e+02, 1.68323398e-01, 0., 0., 0., 0., 0., 0., 0., 0.,
       0., 0., 0., 0., 0., 0., 0., 0., 0., 0., 0., 0., 0.,
       7.86120422e+02, 2.39501038e+02, 1.16480440e-01, 6.84230286e+02,
       1.67034607e+02, 8.29342380e-02, 5.98052002e+02, 3.47273987e+02,
       1.46341383e-01, 0., 0., 0., 8.50738281e+02, 3.02193390e+02,
       1.23455256e-01, 7.52794434e+02, 4.72677917e+02, 5.35214663e-01,
       8.54686279e+02, 4.13846558e+02, 5.57421446e-01, 0., 0., 0., 0.,
       0., 0., 0., 0., 0., 0., 0., 0., 0., 0., 0., 0., 0., 0., 0., 0.,
       0., 0., 0., 0., 0., 0., 0., 0., 0., 0., 0., 0., 0., 0., 0., 0.,
       0., 0., 0., 0., 0., 0., 0., 0., 0., 0., 0., 0., 0., 0., 0. ]
