%YAML:1.0
---
pose_0: !!opencv-matrix
   rows: 1
   cols: 25
   dt: "3f"
   data: [ 9.15347168e+02, 3.35520996e+02, 8.38901043e-01,
       8.19447937e+02, 3.74665680e+02, 6.27233922e-01, 7.99849976e+02,
       3.06145203e+02, 3.69967639e-01, 7.86111206e+02, 2.68909698e+02,
       1.64935216e-01, 7.72380371e+02, 2.57119934e+02, 9.18462798e-02,
       8.48775513e+02, 4.43253052e+02, 6.63880348e-01, 7.84145630e+02,
       4.88283875e+02, 7.64858842e-01, 8.03710022e+02, 3.62952637e+02,
       6.58633292e-01, 5.43157471e+02, 3.86466766e+02, 3.04173708e-01,
       5.41255981e+02, 3.51180603e+02, 4.21193779e-01, 3.59011719e+02,
       3.62949921e+02, 2.14071736e-01, 0., 0., 0., 5.39264038e+02,
       4.37378265e+02, 2.15888381e-01, 4.09947388e+02, 4.56968933e+02,
       6.23954460e-02, 1.94457626e+02, 5.15747437e+02, 7.09797665e-02,
       9.17383728e+02, 3.17901184e+02, 8.59443665e-01, 9.29164001e+02,
       3.51202881e+02, 8.28836322e-01, 8.88018677e+02, 3.04110016e+02,
       5.50260007e-01, 9.17431030e+02, 3.82420502e+02, 6.23892486e-01,
       0., 0., 0., 0., 0., 0., 0., 0., 0., 0., 0., 0., 0., 0., 0., 0.,
       0., 0. ]
