%YAML:1.0
---
pose_0: !!opencv-matrix
   rows: 1
   cols: 25
   dt: "3f"
   data: [ 9.85915710e+02, 2.10070313e+02, 7.06707120e-01,
       8.54623657e+02, 2.25854706e+02, 6.80425763e-01, 8.48754761e+02,
       1.35724579e+02, 6.41041279e-01, 6.80271484e+02, 8.48252182e+01,
       7.48279512e-01, 5.72623657e+02, 7.69214020e+01, 7.99559355e-01,
       8.64472717e+02, 3.15916992e+02, 5.99604309e-01, 7.56731445e+02,
       3.62920532e+02, 6.57160342e-01, 6.46957397e+02, 3.19796051e+02,
       7.38816679e-01, 6.46992432e+02, 2.45405548e+02, 2.25678980e-01,
       6.35277344e+02, 2.10096848e+02, 1.71460465e-01, 6.94002625e+02,
       1.65095078e+02, 1.78099662e-01, 0., 0., 0., 6.62709351e+02,
       2.90412201e+02, 2.45391622e-01, 0., 0., 0., 0., 0., 0.,
       9.93702026e+02, 1.88580490e+02, 6.81675792e-01, 9.95701904e+02,
       2.25795975e+02, 7.50031292e-01, 9.46748962e+02, 1.65008072e+02,
       4.42705661e-01, 9.60447815e+02, 2.57114868e+02, 1.95533469e-01,
       0., 0., 0., 0., 0., 0., 0., 0., 0., 0., 0., 0., 0., 0., 0., 0.,
       0., 0. ]
