%YAML:1.0
---
pose_0: !!opencv-matrix
   rows: 1
   cols: 25
   dt: "3f"
   data: [ 9.03673462e+02, 4.45187531e+02, 8.26589346e-01,
       7.95921143e+02, 4.45207367e+02, 6.78811908e-01, 7.91970093e+02,
       3.68792603e+02, 6.84256256e-01, 6.90124573e+02, 2.92426727e+02,
       7.90993810e-01, 6.52896973e+02, 3.60965088e+02, 8.27932894e-01,
       7.92031189e+02, 5.21616821e+02, 5.59987307e-01, 6.76402954e+02,
       5.76529419e+02, 5.51619291e-01, 5.72503357e+02, 6.09785034e+02,
       7.37483919e-01, 5.41217468e+02, 4.66791138e+02, 1.58403978e-01,
       5.47100342e+02, 4.19766632e+02, 2.23175690e-01, 3.78604889e+02,
       4.41313385e+02, 1.56666085e-01, 0., 0., 0., 5.45159607e+02,
       5.17716370e+02, 1.76334262e-01, 0., 0., 0., 0., 0., 0.,
       9.15345032e+02, 4.21694916e+02, 8.26160848e-01, 9.17392151e+02,
       4.60845795e+02, 8.11335623e-01, 8.89929749e+02, 3.98194824e+02,
       5.46479702e-01, 9.05626160e+02, 4.78439758e+02, 1.57779709e-01,
       0., 0., 0., 0., 0., 0., 0., 0., 0., 0., 0., 0., 0., 0., 0., 0.,
       0., 0. ]
