%YAML:1.0
---
pose_0: !!opencv-matrix
   rows: 1
   cols: 25
   dt: "3f"
   data: [ 9.54567810e+02, 2.98291748e+02, 7.64861941e-01,
       8.46823425e+02, 3.08131104e+02, 6.40951633e-01, 8.21323486e+02,
       2.29746002e+02, 6.19889081e-01, 7.64569641e+02, 2.04239685e+02,
       3.12260687e-01, 7.39059204e+02, 1.80736053e+02, 6.23966515e-01,
       8.68332458e+02, 3.96227753e+02, 6.14773095e-01, 7.90019348e+02,
       5.00088745e+02, 5.01034677e-01, 7.88032898e+02, 5.07906860e+02,
       1.54781237e-01, 5.47104126e+02, 3.49238251e+02, 1.58352315e-01,
       5.37307312e+02, 3.12004120e+02, 2.43347511e-01, 3.66839355e+02,
       3.31581879e+02, 2.18514949e-01, 1.90527817e+02, 3.35567627e+02,
       8.94123241e-02, 5.43182983e+02, 4.00129913e+02, 1.34119391e-01,
       3.66856171e+02, 4.76533905e+02, 3.58919412e-01, 1.92468567e+02,
       5.76519226e+02, 3.18905413e-01, 9.62497314e+02, 2.70811859e+02,
       7.88833499e-01, 9.74148376e+02, 3.10089783e+02, 7.58521438e-01,
       9.35033875e+02, 2.41522720e+02, 6.24359012e-01, 0., 0., 0.,
       1.10240318e+02, 6.19577942e+02, 9.44101661e-02, 0., 0., 0.,
       1.78754761e+02, 5.82377319e+02, 1.91568449e-01, 0., 0., 0., 0.,
       0., 0., 0., 0., 0. ]
