%YAML:1.0
---
pose_0: !!opencv-matrix
   rows: 1
   cols: 25
   dt: "3f"
   data: [ 8.93856018e+02, 4.06016998e+02, 7.31702924e-01,
       7.88000793e+02, 4.15845123e+02, 6.94234312e-01, 7.72391113e+02,
       3.41424561e+02, 7.00916529e-01, 6.64576050e+02, 2.88450806e+02,
       8.28254580e-01, 7.13633545e+02, 2.76799469e+02, 8.14813256e-01,
       7.97884094e+02, 4.86329681e+02, 5.95553339e-01, 6.80238220e+02,
       5.56917969e+02, 8.08470488e-01, 7.86093323e+02, 5.25625122e+02,
       7.79373527e-01, 5.25595825e+02, 4.62851868e+02, 3.47295433e-01,
       5.25531311e+02, 4.13913849e+02, 4.64847863e-01, 3.31601196e+02,
       3.98223969e+02, 6.21143699e-01, 0., 0., 0., 5.37283264e+02,
       5.07867340e+02, 4.42338079e-01, 3.82563263e+02, 5.09915863e+02,
       3.62226754e-01, 1.78787704e+02, 5.25587952e+02, 7.59728104e-02,
       9.01611145e+02, 3.90405029e+02, 8.62832367e-01, 9.03639160e+02,
       4.23685577e+02, 7.46845841e-01, 8.76212585e+02, 3.70850067e+02,
       5.71069539e-01, 8.84007813e+02, 4.47223602e+02, 5.71388960e-01,
       1.49438782e+02, 5.17659363e+02, 6.24453090e-02, 1.49376007e+02,
       5.21564819e+02, 6.21197596e-02, 0., 0., 0., 0., 0., 0., 0., 0.,
       0., 0., 0., 0. ]
