%YAML:1.0
---
pose_0: !!opencv-matrix
   rows: 1
   cols: 25
   dt: "3f"
   data: [ 1.01922968e+03, 2.86549591e+02, 7.10316539e-01,
       8.68404785e+02, 2.92439453e+02, 5.69446862e-01, 8.54711243e+02,
       2.12069992e+02, 5.54450810e-01, 7.74384155e+02, 1.94471725e+02,
       4.97802258e-01, 7.03824463e+02, 1.82710358e+02, 6.79601014e-01,
       8.91905273e+02, 3.74703949e+02, 5.43241084e-01, 7.70447144e+02,
       5.13810425e+02, 6.21784508e-01, 8.42954956e+02, 3.70746521e+02,
       6.61374807e-01, 5.70598755e+02, 3.92320709e+02, 6.20531477e-02,
       0., 0., 0., 0., 0., 0., 0., 0., 0., 5.99983276e+02,
       4.15828003e+02, 5.63028194e-02, 0., 0., 0., 0., 0., 0.,
       1.02715295e+03, 2.59070587e+02, 7.55119860e-01, 1.03100171e+03,
       3.04202332e+02, 6.72479331e-01, 9.82052673e+02, 2.10165222e+02,
       2.74066955e-01, 0., 0., 0., 0., 0., 0., 0., 0., 0., 0., 0., 0.,
       0., 0., 0., 0., 0., 0., 0., 0., 0. ]
