%YAML:1.0
---
pose_0: !!opencv-matrix
   rows: 1
   cols: 25
   dt: "3f"
   data: [ 9.66332275e+02, 2.53200378e+02, 7.43584037e-01,
       8.36959290e+02, 2.33631485e+02, 6.00085080e-01, 8.25325317e+02,
       1.45500443e+02, 6.17185712e-01, 7.11556580e+02, 5.93061714e+01,
       7.95500875e-01, 6.54900574e+02, 1.76842972e+02, 7.51856327e-01,
       8.35026245e+02, 3.31564545e+02, 5.97102761e-01, 6.95968262e+02,
       3.64935272e+02, 6.14223003e-01, 5.68679932e+02, 4.02187469e+02,
       7.65713334e-01, 6.11752258e+02, 2.43441086e+02, 1.60940900e-01,
       6.03919373e+02, 2.02286011e+02, 1.70521736e-01, 3.68835968e+02,
       2.21893570e+02, 7.83579126e-02, 0., 0., 0., 5.76496460e+02,
       3.02222076e+02, 8.24077800e-02, 0., 0., 0., 0., 0., 0.,
       9.80017639e+02, 2.23817215e+02, 8.54585767e-01, 9.80084717e+02,
       2.63071747e+02, 7.47451246e-01, 9.48737549e+02, 1.86612076e+02,
       6.13241792e-01, 0., 0., 0., 0., 0., 0., 0., 0., 0., 0., 0., 0.,
       0., 0., 0., 0., 0., 0., 0., 0., 0. ]
