%YAML:1.0
---
pose_0: !!opencv-matrix
   rows: 1
   cols: 25
   dt: "3f"
   data: [ 9.05633240e+02, 2.43393280e+02, 7.77041912e-01,
       8.42911804e+02, 3.25734100e+02, 5.40142417e-01, 8.40995300e+02,
       3.08098572e+02, 2.50737250e-01, 7.39093811e+02, 2.82621643e+02,
       9.02207270e-02, 0., 0., 0., 8.48819885e+02, 3.31602173e+02,
       3.88837576e-01, 7.27347839e+02, 2.59064636e+02, 5.87044299e-01,
       8.48830139e+02, 1.82698410e+02, 6.61147177e-01, 5.92171509e+02,
       3.31593536e+02, 1.90788969e-01, 5.86285767e+02, 3.06091461e+02,
       2.10193783e-01, 3.43351776e+02, 3.13944397e+02, 1.40491411e-01,
       0., 0., 0., 6.03899170e+02, 3.66830322e+02, 9.85478610e-02,
       5.37274963e+02, 4.00116669e+02, 5.76121695e-02, 0., 0., 0.,
       9.19364746e+02, 2.41401672e+02, 1.27283588e-01, 9.29079041e+02,
       2.57128174e+02, 8.46409202e-01, 0., 0., 0., 9.19341919e+02,
       3.15931274e+02, 7.93332040e-01, 0., 0., 0., 0., 0., 0., 0., 0.,
       0., 0., 0., 0., 0., 0., 0., 0., 0., 0. ]
