%YAML:1.0
---
pose_0: !!opencv-matrix
   rows: 1
   cols: 25
   dt: "3f"
   data: [ 8.84110962e+02, 2.74793396e+02, 8.06486368e-01,
       7.91936646e+02, 2.61063385e+02, 6.85024083e-01, 8.05734802e+02,
       1.94417633e+02, 6.27264142e-01, 7.50846680e+02, 1.20062363e+02,
       7.59031236e-01, 7.78235962e+02, 2.53226288e+02, 6.53412998e-01,
       7.72381287e+02, 3.27696259e+02, 6.29850268e-01, 6.68628784e+02,
       3.64887238e+02, 7.55528092e-01, 5.72595520e+02, 3.84488495e+02,
       8.11422348e-01, 5.86243591e+02, 2.49302765e+02, 2.30464280e-01,
       5.74510803e+02, 2.21867584e+02, 2.26990387e-01, 4.64805878e+02,
       3.17881989e+02, 5.42567894e-02, 0., 0., 0., 5.76472900e+02,
       3.02200714e+02, 1.59017354e-01, 4.74618744e+02, 3.31564240e+02,
       1.26106605e-01, 0., 0., 0., 8.93892822e+02, 2.57115417e+02,
       8.02689552e-01, 8.91908569e+02, 2.88475464e+02, 7.78209329e-01,
       8.72339172e+02, 2.29719955e+02, 6.55149102e-01, 8.74289612e+02,
       3.04205475e+02, 1.89674020e-01, 0., 0., 0., 0., 0., 0., 0., 0.,
       0., 0., 0., 0., 0., 0., 0., 0., 0., 0. ]
