%YAML:1.0
---
pose_0: !!opencv-matrix
   rows: 1
   cols: 25
   dt: "3f"
   data: [ 1.01533411e+03, 3.35480682e+02, 8.36553454e-01,
       1.02904846e+03, 3.98205444e+02, 2.86011338e-01, 9.50689209e+02,
       4.00190979e+02, 2.60811597e-01, 8.17469238e+02, 5.03955963e+02,
       4.01928753e-01, 9.05624207e+02, 4.51082550e+02, 4.80342776e-01,
       1.10544116e+03, 3.92327576e+02, 1.61147669e-01, 0., 0., 0., 0.,
       0., 0., 0., 0., 0., 0., 0., 0., 0., 0., 0., 0., 0., 0., 0., 0.,
       0., 0., 0., 0., 0., 0., 0., 9.84000549e+02, 3.25685516e+02,
       7.82428801e-01, 1.02908936e+03, 3.06226563e+02, 8.47862542e-01,
       9.52612793e+02, 3.51169769e+02, 3.61949265e-01, 1.06431763e+03,
       3.21781586e+02, 2.97603071e-01, 0., 0., 0., 0., 0., 0., 0., 0.,
       0., 0., 0., 0., 0., 0., 0., 0., 0., 0. ]
