%YAML:1.0
---
pose_0: !!opencv-matrix
   rows: 1
   cols: 25
   dt: "3f"
   data: [ 9.31144409e+02, 2.37510040e+02, 7.81539321e-01,
       8.21315491e+02, 2.57117218e+02, 6.42422140e-01, 8.07732117e+02,
       1.78824585e+02, 6.74820781e-01, 6.96002258e+02, 1.57193832e+02,
       4.21813846e-01, 6.66533142e+02, 1.49468079e+02, 7.84888268e-01,
       8.35042297e+02, 3.49170105e+02, 5.42747736e-01, 7.27307190e+02,
       4.55023163e+02, 7.65952349e-01, 8.07629700e+02, 3.06062836e+02,
       7.00575888e-01, 6.00007446e+02, 2.70855469e+02, 1.57955542e-01,
       5.76499268e+02, 2.37543640e+02, 2.20944270e-01, 4.00173920e+02,
       2.59065857e+02, 5.09263314e-02, 0., 0., 0., 5.86270142e+02,
       3.37497803e+02, 9.78548899e-02, 3.45308563e+02, 3.23763306e+02,
       2.20876321e-01, 1.51339447e+02, 3.21744781e+02, 2.57750243e-01,
       9.34992432e+02, 2.12194077e+02, 8.03615868e-01, 9.48645081e+02,
       2.53213776e+02, 8.38939011e-01, 9.13466675e+02, 1.94525314e+02,
       5.61569571e-01, 9.31097839e+02, 2.84544464e+02, 3.09600741e-01,
       9.65045319e+01, 3.33543213e+02, 7.05149919e-02, 0., 0., 0., 0.,
       0., 0., 0., 0., 0., 0., 0., 0., 0., 0., 0. ]
