%YAML:1.0
---
pose_0: !!opencv-matrix
   rows: 1
   cols: 25
   dt: "3f"
   data: [ 8.97723389e+02, 4.58938568e+02, 8.01102877e-01,
       7.91920349e+02, 4.45282715e+02, 7.47666895e-01, 7.90054810e+02,
       3.74696533e+02, 6.56314135e-01, 6.90106812e+02, 2.94345642e+02,
       7.71375954e-01, 6.37264343e+02, 3.82432373e+02, 8.36886287e-01,
       7.90096130e+02, 5.13824951e+02, 6.60701156e-01, 6.97903931e+02,
       5.88320374e+02, 7.83866405e-01, 6.41129578e+02, 5.45178528e+02,
       7.22332478e-01, 5.56878235e+02, 4.58903168e+02, 2.00505018e-01,
       5.49050415e+02, 4.27559692e+02, 2.43437544e-01, 3.94288055e+02,
       4.35421326e+02, 8.28080997e-02, 0., 0., 0., 5.51015137e+02,
       5.07903656e+02, 1.27255514e-01, 0., 0., 0., 0., 0., 0.,
       9.01655884e+02, 4.33491913e+02, 8.51022243e-01, 9.09519775e+02,
       4.62843018e+02, 7.85027206e-01, 8.70315979e+02, 4.07977448e+02,
       7.40481138e-01, 0., 0., 0., 0., 0., 0., 0., 0., 0., 0., 0., 0.,
       0., 0., 0., 0., 0., 0., 0., 0., 0. ]
