%YAML:1.0
---
pose_0: !!opencv-matrix
   rows: 1
   cols: 25
   dt: "3f"
   data: [ 8.99678406e+02, 1.57228241e+02, 7.14807153e-01,
       8.07684875e+02, 1.96444992e+02, 7.67820835e-01, 7.90046692e+02,
       1.19986984e+02, 7.13224053e-01, 6.82240173e+02, 5.73357658e+01,
       7.89710283e-01, 6.97985168e+02, 1.18030502e+02, 8.59796643e-01,
       8.23372925e+02, 2.72877747e+02, 7.13519454e-01, 7.33204102e+02,
       3.53222290e+02, 7.70398676e-01, 6.15627991e+02, 3.82593689e+02,
       8.31070542e-01, 5.43156921e+02, 2.45409775e+02, 3.53917867e-01,
       5.47099426e+02, 2.10126816e+02, 3.27016950e-01, 4.94278381e+02,
       1.53339371e+02, 5.33116579e-01, 3.55111908e+02, 2.10062134e+02,
       1.62251413e-01, 5.43199524e+02, 2.82595459e+02, 3.47988725e-01,
       3.68831268e+02, 2.61077423e+02, 2.47696728e-01, 1.63095474e+02,
       3.29655182e+02, 2.38374963e-01, 9.03672180e+02, 1.43554321e+02,
       7.55479038e-01, 9.15463745e+02, 1.74897385e+02, 8.42764974e-01,
       8.84092468e+02, 1.33686752e+02, 2.68137693e-01, 9.01635315e+02,
       2.12011383e+02, 7.83959031e-01, 1.27810173e+02, 2.86527649e+02,
       1.23299457e-01, 1.21947273e+02, 2.96335205e+02, 1.17101230e-01,
       1.35659500e+02, 3.51121277e+02, 1.76017359e-01, 0., 0., 0., 0.,
       0., 0., 3.53158142e+02, 2.08174469e+02, 9.88954082e-02 ]
