%YAML:1.0
---
pose_0: !!opencv-matrix
   rows: 1
   cols: 25
   dt: "3f"
   data: [ 1.08781641e+03, 2.78690582e+02, 7.19651401e-01,
       9.11494263e+02, 2.53208328e+02, 1.30029500e-01, 0., 0., 0., 0.,
       0., 0., 0., 0., 0., 9.23254272e+02, 3.29632660e+02,
       3.68773758e-01, 9.29094299e+02, 5.13835632e+02, 7.32183158e-01,
       1.06428137e+03, 4.62892456e+02, 7.44361401e-01, 6.39179199e+02,
       3.33556183e+02, 5.74334301e-02, 6.19557434e+02, 3.00249420e+02,
       7.32091144e-02, 0., 0., 0., 0., 0., 0., 0., 0., 0., 0., 0., 0.,
       0., 0., 0., 1.10745691e+03, 2.57060333e+02, 3.19887996e-01,
       1.11909961e+03, 2.74745239e+02, 2.64668584e-01, 0., 0., 0., 0.,
       0., 0., 0., 0., 0., 0., 0., 0., 0., 0., 0., 0., 0., 0., 0., 0.,
       0., 0., 0., 0. ]
