%YAML:1.0
---
pose_0: !!opencv-matrix
   rows: 1
   cols: 25
   dt: "3f"
   data: [ 9.03681824e+02, 2.57064301e+02, 8.00492167e-01,
       8.11596680e+02, 2.65004059e+02, 5.85425377e-01, 8.07675476e+02,
       1.80721848e+02, 6.58822477e-01, 6.68611023e+02, 1.35669662e+02,
       6.47506714e-01, 6.82382385e+02, 1.82678818e+02, 8.01005185e-01,
       8.17458191e+02, 3.53170258e+02, 6.04665935e-01, 6.88166443e+02,
       4.39366028e+02, 7.16539323e-01, 7.60736816e+02, 3.37436371e+02,
       8.42038274e-01, 5.58866821e+02, 2.72833313e+02, 1.27366975e-01,
       5.49066284e+02, 2.37525009e+02, 1.91945001e-01, 3.43363770e+02,
       2.49291458e+02, 2.51581192e-01, 1.25878403e+02, 2.72779388e+02,
       1.04479998e-01, 5.54922607e+02, 3.31586761e+02, 9.95947793e-02,
       3.43349640e+02, 2.55149124e+02, 7.11043030e-02, 0., 0., 0.,
       9.15409790e+02, 2.27820984e+02, 8.38202775e-01, 9.25238037e+02,
       2.72781616e+02, 8.24147761e-01, 8.89932922e+02, 2.10052856e+02,
       6.04838133e-01, 9.19368408e+02, 2.90564850e+02, 1.62281454e-01,
       0., 0., 0., 0., 0., 0., 0., 0., 0., 0., 0., 0., 0., 0., 0., 0.,
       0., 0. ]
