%YAML:1.0
---
pose_0: !!opencv-matrix
   rows: 1
   cols: 25
   dt: "3f"
   data: [ 1.04472717e+03, 2.62988220e+02, 6.58728480e-01,
       9.13461426e+02, 2.39529404e+02, 3.74524981e-01, 9.11497620e+02,
       1.43516861e+02, 4.06236738e-01, 8.27250977e+02, 1.02376122e+02,
       1.02511860e-01, 7.72366821e+02, 9.06022873e+01, 1.18148491e-01,
       9.21280579e+02, 3.29638184e+02, 3.41240406e-01, 7.35166321e+02,
       4.45175720e+02, 5.20888448e-01, 8.07706726e+02, 3.78592468e+02,
       4.48230565e-01, 6.35255249e+02, 3.66856934e+02, 5.23761548e-02,
       0., 0., 0., 0., 0., 0., 0., 0., 0., 0., 0., 0., 0., 0., 0., 0.,
       0., 0., 1.08982751e+03, 2.31704742e+02, 5.78407764e-01,
       1.06430078e+03, 2.76770844e+02, 6.34335995e-01, 1.06433447e+03,
       1.84646179e+02, 4.16278273e-01, 0., 0., 0., 0., 0., 0., 0., 0.,
       0., 0., 0., 0., 0., 0., 0., 0., 0., 0., 0., 0., 0. ]
