%YAML:1.0
---
pose_0: !!opencv-matrix
   rows: 1
   cols: 25
   dt: "3f"
   data: [ 9.13412720e+02, 3.98122192e+02, 7.82632589e-01,
       8.03771118e+02, 4.06050690e+02, 6.48166955e-01, 7.91923279e+02,
       3.35540588e+02, 6.90794885e-01, 6.74461853e+02, 3.02167297e+02,
       7.16624498e-01, 6.01954468e+02, 3.04113434e+02, 8.19306910e-01,
       8.17421570e+02, 4.92185272e+02, 6.16417587e-01, 6.94043823e+02,
       5.41310486e+02, 7.94797778e-01, 7.76326477e+02, 4.80495911e+02,
       7.42297411e-01, 5.43166931e+02, 4.15845276e+02, 2.01989949e-01,
       5.41248718e+02, 3.82527130e+02, 2.77058601e-01, 3.51216125e+02,
       3.84434052e+02, 2.54091203e-01, 0., 0., 0., 5.33379089e+02,
       4.68725464e+02, 1.21412478e-01, 3.82496429e+02, 4.94265289e+02,
       1.74117163e-01, 0., 0., 0., 9.19296936e+02, 3.76630371e+02,
       8.28472733e-01, 9.25182007e+02, 4.13784637e+02, 7.96518922e-01,
       8.97781250e+02, 3.53248260e+02, 6.46035790e-01, 9.17339966e+02,
       4.31552795e+02, 3.79445553e-01, 0., 0., 0., 0., 0., 0., 0., 0.,
       0., 0., 0., 0., 0., 0., 0., 0., 0., 0. ]
