%YAML:1.0
---
pose_0: !!opencv-matrix
   rows: 1
   cols: 25
   dt: "3f"
   data: [ 8.99677368e+02, 3.80526398e+02, 7.87255764e-01,
       7.89972778e+02, 3.84564026e+02, 7.14726508e-01, 7.78263977e+02,
       3.13947815e+02, 6.82756186e-01, 6.64661621e+02, 2.66899780e+02,
       7.71307468e-01, 7.68482910e+02, 2.64998444e+02, 7.33177841e-01,
       7.92077698e+02, 4.60921722e+02, 6.33557081e-01, 6.64611633e+02,
       5.39167358e+02, 8.42583895e-01, 7.44958923e+02, 5.09832275e+02,
       8.49972367e-01, 5.41224609e+02, 4.33492706e+02, 2.54541934e-01,
       5.31410278e+02, 3.82559174e+02, 3.78762037e-01, 3.39436859e+02,
       3.49250977e+02, 3.90272975e-01, 0., 0., 0., 5.51014648e+02,
       4.78491394e+02, 2.29886234e-01, 3.68815247e+02, 4.94196442e+02,
       1.94968134e-01, 0., 0., 0., 9.07578552e+02, 3.55170807e+02,
       7.93904841e-01, 9.11480652e+02, 3.94260742e+02, 7.63520479e-01,
       8.82047180e+02, 3.37434021e+02, 6.98152304e-01, 8.95851868e+02,
       4.13897614e+02, 3.48491937e-01, 0., 0., 0., 0., 0., 0., 0., 0.,
       0., 0., 0., 0., 0., 0., 0., 0., 0., 0. ]
