%YAML:1.0
---
pose_0: !!opencv-matrix
   rows: 1
   cols: 25
   dt: "3f"
   data: [ 1.01149860e+03, 1.96413010e+02, 7.42797136e-01,
       8.86062866e+02, 2.14067596e+02, 3.38224351e-01, 8.84023438e+02,
       1.08247704e+02, 2.11410046e-01, 7.86091858e+02, 4.39605999e+00,
       2.85885394e-01, 8.68423645e+02, 1.20047043e+02, 6.22443140e-01,
       8.84120361e+02, 3.02157928e+02, 4.98315930e-01, 7.17514648e+02,
       3.82481903e+02, 5.57767570e-01, 7.39109619e+02, 3.47249451e+02,
       6.03841484e-01, 0., 0., 0., 0., 0., 0., 0., 0., 0., 0., 0., 0.,
       0., 0., 0., 0., 0., 0., 0., 0., 0., 1.02709412e+03,
       1.74861282e+02, 7.77481258e-01, 1.02706238e+03, 2.23779419e+02,
       7.90114462e-01, 1.00748590e+03, 1.45461517e+02, 4.14013386e-01,
       1.00746033e+03, 2.43504425e+02, 1.38186455e-01, 0., 0., 0., 0.,
       0., 0., 0., 0., 0., 0., 0., 0., 0., 0., 0., 0., 0., 0. ]
