%YAML:1.0
---
pose_0: !!opencv-matrix
   rows: 1
   cols: 25
   dt: "3f"
   data: [ 9.38929138e+02, 2.41459396e+02, 7.19617903e-01,
       8.52656311e+02, 3.02194916e+02, 4.89563316e-01, 8.37062134e+02,
       2.72811127e+02, 1.66775614e-01, 0., 0., 0., 0., 0., 0.,
       8.54669128e+02, 3.21838745e+02, 5.74782789e-01, 7.25357483e+02,
       2.92424927e+02, 6.19360447e-01, 7.09697388e+02, 1.92487808e+02,
       7.70124078e-01, 5.70603394e+02, 3.49206421e+02, 9.33730453e-02,
       0., 0., 0., 0., 0., 0., 0., 0., 0., 5.74519165e+02,
       3.82518463e+02, 6.11954778e-02, 0., 0., 0., 0., 0., 0.,
       9.50714294e+02, 2.35583939e+02, 5.17575145e-01, 9.62417725e+02,
       2.59045898e+02, 8.73401046e-01, 0., 0., 0., 9.42802124e+02,
       3.08054810e+02, 7.83841372e-01, 0., 0., 0., 0., 0., 0., 0., 0.,
       0., 0., 0., 0., 0., 0., 0., 0., 0., 0. ]
