%YAML:1.0
---
pose_0: !!opencv-matrix
   rows: 1
   cols: 25
   dt: "3f"
   data: [ 9.44777344e+02, 2.88495026e+02, 7.69127250e-01,
       8.23365173e+02, 2.90469696e+02, 6.21350169e-01, 8.31145386e+02,
       2.08128876e+02, 6.16503179e-01, 7.27398438e+02, 1.14150414e+02,
       7.85263300e-01, 7.60638245e+02, 2.00363388e+02, 6.10958576e-01,
       8.15518799e+02, 3.80573547e+02, 5.39488256e-01, 6.84232239e+02,
       4.25584320e+02, 6.56669736e-01, 6.84249939e+02, 3.90357117e+02,
       7.24807739e-01, 5.84312683e+02, 2.88466125e+02, 2.20799387e-01,
       5.76493469e+02, 2.51257874e+02, 2.57960051e-01, 3.66848877e+02,
       2.49334305e+02, 1.18269488e-01, 1.78827225e+02, 2.86524475e+02,
       2.55712718e-01, 5.84305542e+02, 3.37503754e+02, 1.66913062e-01,
       3.66867126e+02, 3.68842285e+02, 2.65868932e-01, 0., 0., 0.,
       9.48657715e+02, 2.68877594e+02, 8.65698457e-01, 9.60469421e+02,
       3.04113434e+02, 7.63995945e-01, 9.25178589e+02, 2.43498901e+02,
       4.34482217e-01, 9.50664307e+02, 3.33549561e+02, 1.62605703e-01,
       0., 0., 0., 0., 0., 0., 0., 0., 0., 1.21965965e+02,
       2.43473022e+02, 1.15502223e-01, 1.25870628e+02, 2.43404770e+02,
       1.00415170e-01, 0., 0., 0. ]
