%YAML:1.0
---
pose_0: !!opencv-matrix
   rows: 1
   cols: 25
   dt: "3f"
   data: [ 1.00164917e+03, 2.27682526e+02, 7.02807784e-01,
       8.66433716e+02, 2.57112732e+02, 5.95698476e-01, 8.46853210e+02,
       1.68985703e+02, 5.67439377e-01, 7.09727234e+02, 1.33766525e+02,
       6.10294640e-01, 5.68670959e+02, 1.08269745e+02, 7.82098413e-01,
       8.85970764e+02, 3.39461334e+02, 5.48177779e-01, 7.45027954e+02,
       4.11950806e+02, 6.72091305e-01, 6.17676392e+02, 3.27664154e+02,
       7.98748851e-01, 5.64735168e+02, 2.59130920e+02, 1.07882589e-01,
       5.60803894e+02, 2.21880478e+02, 1.53138891e-01, 0., 0., 0., 0.,
       0., 0., 5.60808716e+02, 3.19826172e+02, 5.30034341e-02, 0., 0.,
       0., 0., 0., 0., 1.00950769e+03, 2.10151886e+02, 8.51869464e-01,
       1.01921735e+03, 2.49297104e+02, 7.19021261e-01, 9.80082275e+02,
       1.82733963e+02, 3.70562613e-01, 9.97721680e+02, 2.82610565e+02,
       2.00277835e-01, 0., 0., 0., 0., 0., 0., 0., 0., 0., 0., 0., 0.,
       0., 0., 0., 0., 0., 0. ]
