%YAML:1.0
---
pose_0: !!opencv-matrix
   rows: 1
   cols: 25
   dt: "3f"
   data: [ 8.31187622e+02, 2.23855484e+02, 7.84524083e-01,
       7.66527283e+02, 2.92391388e+02, 4.69121337e-01, 7.82198975e+02,
       3.12006836e+02, 3.07615757e-01, 0., 0., 0., 0., 0., 0.,
       7.78257751e+02, 3.02167877e+02, 4.51501220e-01, 6.50860168e+02,
       2.59075653e+02, 7.63172984e-01, 5.21641174e+02, 2.27798431e+02,
       7.42699981e-01, 5.72578918e+02, 3.64870667e+02, 2.94153482e-01,
       5.88237366e+02, 3.84484070e+02, 2.15865925e-01, 3.37503052e+02,
       3.04197205e+02, 1.28591195e-01, 1.45498642e+02, 3.66827423e+02,
       1.30697876e-01, 5.56897766e+02, 3.47268677e+02, 2.70020068e-01,
       3.33579620e+02, 2.80653137e+02, 4.64533895e-01, 1.35705002e+02,
       3.68828857e+02, 3.29814464e-01, 8.37076233e+02, 2.12156204e+02,
       8.03884327e-01, 8.52760803e+02, 2.37565552e+02, 8.50792587e-01,
       0., 0., 0., 8.40991943e+02, 2.88440155e+02, 8.77108216e-01,
       8.08519135e+01, 4.00221252e+02, 1.91736788e-01, 8.67004852e+01,
       4.02121643e+02, 2.22852588e-01, 1.16114761e+02, 3.80536560e+02,
       2.32399166e-01, 8.66718826e+01, 4.02155975e+02, 9.48776081e-02,
       8.47565079e+01, 4.00134369e+02, 7.43581876e-02, 0., 0., 0. ]
