%YAML:1.0
---
pose_0: !!opencv-matrix
   rows: 1
   cols: 25
   dt: "3f"
   data: [ 9.31098328e+02, 3.72715485e+02, 7.47227073e-01,
       8.23383911e+02, 3.02163330e+02, 5.94962597e-01, 8.46838196e+02,
       2.59106873e+02, 6.54864490e-01, 7.54791321e+02, 1.78787415e+02,
       7.41154313e-01, 6.03972534e+02, 2.19919144e+02, 6.66944027e-01,
       7.91986206e+02, 3.37483154e+02, 3.45017433e-01, 6.97966248e+02,
       3.68802673e+02, 3.16263735e-01, 6.49022644e+02, 4.13794556e+02,
       4.54146028e-01, 6.31318970e+02, 2.76741913e+02, 1.52736008e-01,
       6.03911438e+02, 2.86524200e+02, 1.32033348e-01, 5.54949829e+02,
       3.35441284e+02, 9.82059091e-02, 0., 0., 0., 6.50909790e+02,
       2.63022369e+02, 1.23867750e-01, 5.43192688e+02, 2.51253448e+02,
       1.31813884e-01, 3.70812744e+02, 3.98152374e+02, 1.34504363e-01,
       9.46738098e+02, 3.53159393e+02, 8.09212565e-01, 0., 0., 0.,
       9.27128906e+02, 3.06095551e+02, 8.71783555e-01, 0., 0., 0., 0.,
       0., 0., 0., 0., 0., 0., 0., 0., 0., 0., 0., 0., 0., 0., 0., 0.,
       0. ]
