%YAML:1.0
---
pose_0: !!opencv-matrix
   rows: 1
   cols: 25
   dt: "3f"
   data: [ 9.27144165e+02, 2.86488983e+02, 7.20358193e-01,
       8.09602051e+02, 3.08104919e+02, 6.79083824e-01, 7.94001038e+02,
       2.41502182e+02, 5.92255831e-01, 0., 0., 0., 0., 0., 0.,
       8.23284973e+02, 3.80595154e+02, 6.51417851e-01, 7.35199646e+02,
       3.98188477e+02, 7.18441844e-01, 6.35247131e+02, 3.39466309e+02,
       7.31101573e-01, 5.25536682e+02, 3.21785217e+02, 9.85094532e-02,
       5.31424866e+02, 2.76737640e+02, 1.53011560e-01, 3.29621155e+02,
       3.06082092e+02, 2.89314836e-01, 1.45472794e+02, 3.15914734e+02,
       1.38017923e-01, 5.41225403e+02, 3.70769806e+02, 6.82855919e-02,
       3.51120789e+02, 3.80513367e+02, 3.30776006e-01, 1.63138870e+02,
       3.51215393e+02, 1.52863950e-01, 9.31109680e+02, 2.68853607e+02,
       8.57923448e-01, 9.38918335e+02, 3.02233398e+02, 8.00319791e-01,
       8.99746521e+02, 2.53228470e+02, 4.91955668e-01, 9.21303223e+02,
       3.33513702e+02, 2.36554533e-01, 1.04326073e+02, 3.82564667e+02,
       9.92536098e-02, 1.16087860e+02, 3.86418091e+02, 1.11586891e-01,
       1.63101776e+02, 3.55146393e+02, 7.26547241e-02, 7.69347153e+01,
       3.21789429e+02, 5.06482907e-02, 0., 0., 0., 1.27843285e+02,
       3.15926483e+02, 1.08890705e-01 ]
