%YAML:1.0
---
pose_0: !!opencv-matrix
   rows: 1
   cols: 25
   dt: "3f"
   data: [ 9.19361389e+02, 3.04213013e+02, 8.04089427e-01,
       8.05675171e+02, 2.84592743e+02, 6.40295684e-01, 8.17475342e+02,
       2.02280960e+02, 6.64602220e-01, 6.84285095e+02, 1.51315796e+02,
       7.57346630e-01, 6.09753601e+02, 2.00358154e+02, 7.21410990e-01,
       7.89952759e+02, 3.59019989e+02, 5.31096101e-01, 7.23414124e+02,
       4.02155060e+02, 3.56327027e-01, 6.76416565e+02, 4.13889893e+02,
       6.15612924e-01, 5.86288574e+02, 2.76728333e+02, 1.06479086e-01,
       5.74526001e+02, 2.43470047e+02, 1.58938915e-01, 3.33579437e+02,
       2.90453156e+02, 3.99338424e-01, 7.30246887e+01, 3.02208435e+02,
       3.47214490e-01, 5.72563782e+02, 3.49215454e+02, 1.12938218e-01,
       3.43338562e+02, 3.49188751e+02, 1.36129424e-01, 0., 0., 0.,
       9.29148499e+02, 2.84564331e+02, 8.08779836e-01, 9.31040283e+02,
       3.19742126e+02, 7.75269628e-01, 9.01643982e+02, 2.59078125e+02,
       7.71223366e-01, 9.17400208e+02, 3.35513733e+02, 1.94865346e-01,
       0., 0., 0., 0., 0., 0., 0., 0., 0., 2.40300293e+01,
       2.88465027e+02, 1.12899505e-01, 2.79071732e+01, 2.88481079e+02,
       9.82529297e-02, 5.73019409e+01, 3.04171661e+02, 2.68079787e-01 ]
