%YAML:1.0
---
pose_0: !!opencv-matrix
   rows: 1
   cols: 25
   dt: "3f"
   data: [ 9.05593384e+02, 2.06180435e+02, 7.67286301e-01,
       8.46823120e+02, 1.68988708e+02, 5.69285393e-01, 8.48764832e+02,
       1.16056755e+02, 6.75760984e-01, 8.15466675e+02, 1.78682419e+02,
       7.50399351e-01, 8.13551208e+02, 3.19850677e+02, 7.62782812e-01,
       8.35070923e+02, 2.14037186e+02, 2.85564244e-01, 0., 0., 0., 0.,
       0., 0., 6.11749084e+02, 1.57236526e+02, 6.27312213e-02, 0., 0.,
       0., 0., 0., 0., 0., 0., 0., 0., 0., 0., 0., 0., 0., 0., 0., 0.,
       9.15473328e+02, 1.80735214e+02, 8.83576035e-01, 9.25184753e+02,
       2.12192352e+02, 7.78643429e-01, 9.01687988e+02, 1.51325089e+02,
       6.91135168e-01, 0., 0., 0., 0., 0., 0., 0., 0., 0., 0., 0., 0.,
       0., 0., 0., 0., 0., 0., 0., 0., 0. ]
