%YAML:1.0
---
pose_0: !!opencv-matrix
   rows: 1
   cols: 25
   dt: "3f"
   data: [ 9.44755554e+02, 2.27856903e+02, 8.11094344e-01,
       8.39013428e+02, 2.39488342e+02, 6.60917401e-01, 8.33099060e+02,
       1.49450089e+02, 6.76523149e-01, 7.13659607e+02, 1.04368950e+02,
       7.79878914e-01, 6.23517639e+02, 1.29725922e+02, 7.95681417e-01,
       8.52764404e+02, 3.21878418e+02, 6.81244373e-01, 7.60591675e+02,
       4.27574768e+02, 7.62653589e-01, 7.17567688e+02, 3.61003693e+02,
       7.42810607e-01, 6.00007751e+02, 2.57177032e+02, 2.95390815e-01,
       5.99958679e+02, 2.12070023e+02, 3.32298934e-01, 3.98180542e+02,
       2.12030640e+02, 2.59245157e-01, 1.51352768e+02, 2.57120880e+02,
       3.29558372e-01, 6.01921509e+02, 3.02215454e+02, 3.46949935e-01,
       3.92320740e+02, 3.21857269e+02, 2.60872394e-01, 2.12103226e+02,
       3.37508057e+02, 7.67402947e-02, 9.48716736e+02, 2.10190216e+02,
       9.04437959e-01, 9.60420227e+02, 2.43537048e+02, 8.48157465e-01,
       9.27167969e+02, 1.88560822e+02, 6.52356446e-01, 9.44830078e+02,
       2.70785004e+02, 3.47862899e-01, 0., 0., 0., 0., 0., 0., 0., 0.,
       0., 1.14107849e+02, 2.12125732e+02, 1.76213592e-01,
       1.16112022e+02, 2.12151077e+02, 1.55579075e-01, 0., 0., 0. ]
