%YAML:1.0
---
pose_0: !!opencv-matrix
   rows: 1
   cols: 25
   dt: "3f"
   data: [ 9.78022888e+02, 2.43471573e+02, 6.77220047e-01,
       8.50762390e+02, 2.57118927e+02, 5.12187481e-01, 8.44871887e+02,
       1.65027573e+02, 5.66987991e-01, 7.07731140e+02, 1.17966423e+02,
       7.69772530e-01, 6.45044067e+02, 1.49331253e+02, 7.29500651e-01,
       8.64442566e+02, 3.49189667e+02, 5.29325008e-01, 7.58580566e+02,
       4.51109406e+02, 7.41590738e-01, 8.21284302e+02, 3.37435455e+02,
       7.92724788e-01, 5.99997742e+02, 2.98278839e+02, 8.70625302e-02,
       5.68646973e+02, 2.49311935e+02, 7.78240710e-02, 0., 0., 0., 0.,
       0., 0., 6.37212219e+02, 3.39437836e+02, 7.47950599e-02, 0., 0.,
       0., 0., 0., 0., 9.80159973e+02, 2.12146515e+02, 5.94879091e-01,
       9.97678894e+02, 2.57088043e+02, 7.65062332e-01, 9.48720825e+02,
       1.92465408e+02, 4.11601186e-01, 9.68354492e+02, 2.78686462e+02,
       7.64428228e-02, 0., 0., 0., 0., 0., 0., 0., 0., 0., 0., 0., 0.,
       0., 0., 0., 0., 0., 0. ]
