%YAML:1.0
---
pose_0: !!opencv-matrix
   rows: 1
   cols: 25
   dt: "3f"
   data: [ 8.80130432e+02, 3.82412689e+02, 7.54688859e-01,
       7.93979492e+02, 3.08117004e+02, 5.41129887e-01, 7.97836548e+02,
       2.94411652e+02, 6.55987918e-01, 6.78343323e+02, 2.74734192e+02,
       7.39331245e-01, 5.56838379e+02, 3.86480530e+02, 6.65369093e-01,
       7.92023621e+02, 3.31588562e+02, 4.03248131e-01, 6.84230652e+02,
       3.53222168e+02, 4.26470101e-01, 0., 0., 0., 5.39268494e+02,
       2.70889984e+02, 3.26786041e-01, 5.27496582e+02, 2.43373047e+02,
       4.11664903e-01, 4.02148163e+02, 2.96357880e+02, 3.53365779e-01,
       2.92395233e+02, 3.60968964e+02, 2.08890229e-01, 5.39265503e+02,
       3.02199219e+02, 2.74329752e-01, 4.43281616e+02, 3.64880249e+02,
       1.39432952e-01, 0., 0., 0., 8.95803711e+02, 3.68742859e+02,
       8.06629837e-01, 0., 0., 0., 8.91901978e+02, 3.21834900e+02,
       8.42097342e-01, 0., 0., 0., 0., 0., 0., 0., 0., 0., 0., 0., 0.,
       0., 0., 0., 0., 0., 0., 2.86537415e+02, 3.66874573e+02,
       1.23465829e-01 ]
