%YAML:1.0
---
pose_0: !!opencv-matrix
   rows: 1
   cols: 25
   dt: "3f"
   data: [ 1.01136456e+03, 2.63007416e+02, 7.87063360e-01,
       8.78204834e+02, 2.70835449e+02, 5.46495259e-01, 8.52717529e+02,
       1.78742172e+02, 5.14454961e-01, 7.13652222e+02, 8.86895523e+01,
       6.85104191e-01, 7.25369324e+02, 1.78739014e+02, 7.58559227e-01,
       8.89918640e+02, 3.64864929e+02, 5.11660933e-01, 7.48922791e+02,
       4.51141052e+02, 6.56820714e-01, 6.66689148e+02, 4.17844116e+02,
       7.46776462e-01, 5.76495056e+02, 3.19832672e+02, 5.43265715e-02,
       5.62768433e+02, 2.64982056e+02, 5.12583107e-02, 0., 0., 0., 0.,
       0., 0., 5.78442505e+02, 3.96232574e+02, 6.23102672e-02, 0., 0.,
       0., 0., 0., 0., 1.02314203e+03, 2.29765747e+02, 8.29963863e-01,
       1.02908643e+03, 2.76755707e+02, 7.56274104e-01, 9.87879639e+02,
       2.00361740e+02, 6.00156486e-01, 0., 0., 0., 0., 0., 0., 0., 0.,
       0., 0., 0., 0., 0., 0., 0., 0., 0., 0., 0., 0., 0. ]
