%YAML:1.0
---
pose_0: !!opencv-matrix
   rows: 1
   cols: 25
   dt: "3f"
   data: [ 8.68451660e+02, 3.68820068e+02, 8.26614141e-01,
       7.91932129e+02, 4.13820313e+02, 7.10001945e-01, 7.50823120e+02,
       3.72750427e+02, 5.20393908e-01, 6.35267090e+02, 3.88421509e+02,
       1.07864976e-01, 0., 0., 0., 8.33138916e+02, 4.47223114e+02,
       5.62876284e-01, 9.33017090e+02, 3.98164459e+02, 6.78037643e-01,
       9.97767029e+02, 3.06097168e+02, 7.22909570e-01, 5.68627808e+02,
       4.47194366e+02, 3.18510920e-01, 5.70633850e+02, 4.09948395e+02,
       3.90580833e-01, 3.82512909e+02, 3.92285034e+02, 6.18786514e-02,
       0., 0., 0., 5.70565063e+02, 4.92187561e+02, 3.13028097e-01,
       4.13894714e+02, 5.33377075e+02, 1.19607262e-01, 0., 0., 0.,
       8.74244263e+02, 3.59034241e+02, 7.58615375e-01, 8.84027649e+02,
       3.84558807e+02, 8.36907148e-01, 8.48820679e+02, 3.51270691e+02,
       1.31651148e-01, 8.70358826e+02, 4.13792358e+02, 6.42344832e-01,
       0., 0., 0., 0., 0., 0., 0., 0., 0., 0., 0., 0., 0., 0., 0., 0.,
       0., 0. ]
