%YAML:1.0
---
pose_0: !!opencv-matrix
   rows: 1
   cols: 25
   dt: "3f"
   data: [ 9.52677856e+02, 2.00325851e+02, 6.64114237e-01,
       8.31191101e+02, 2.15986832e+02, 6.17743552e-01, 8.25312073e+02,
       1.23953094e+02, 6.53354526e-01, 6.95949768e+02, 6.91064453e+01,
       8.00035596e-01, 5.90265137e+02, 7.30038071e+01, 8.20365489e-01,
       8.37047424e+02, 3.06144409e+02, 6.68145239e-01, 7.09639709e+02,
       3.66809418e+02, 7.86388755e-01, 5.92184814e+02, 3.43382202e+02,
       7.58887887e-01, 5.54918396e+02, 2.37560532e+02, 2.77406365e-01,
       5.56896729e+02, 1.90507065e+02, 3.42369050e-01, 3.51224243e+02,
       2.04251480e+02, 4.68283057e-01, 1.80752075e+02, 2.14050247e+02,
       3.57300967e-01, 5.56864380e+02, 2.82596558e+02, 3.25209200e-01,
       3.96229218e+02, 2.92421326e+02, 3.16536725e-01, 1.94411987e+02,
       3.06167084e+02, 4.50177491e-01, 9.66382690e+02, 1.80671539e+02,
       8.38168263e-01, 9.64471069e+02, 2.25706360e+02, 7.76018083e-01,
       9.40875488e+02, 1.51395218e+02, 5.92821717e-01, 9.44802856e+02,
       2.45380112e+02, 2.45380744e-01, 1.45453125e+02, 2.84580475e+02,
       1.75555825e-01, 1.47420410e+02, 2.90505646e+02, 1.71320289e-01,
       1.76810654e+02, 3.06102783e+02, 2.17716590e-01, 1.00424583e+02,
       2.10104828e+02, 1.05713792e-01, 1.00410187e+02, 2.00326416e+02,
       9.53577831e-02, 1.43516022e+02, 2.19905701e+02, 1.80710286e-01 ]
