%YAML:1.0
---
pose_0: !!opencv-matrix
   rows: 1
   cols: 25
   dt: "3f"
   data: [ 9.19302307e+02, 2.61126312e+02, 8.21014941e-01,
       8.23398254e+02, 2.61053040e+02, 6.76443636e-01, 8.23386963e+02,
       1.80718109e+02, 7.26695657e-01, 7.11589844e+02, 1.23914406e+02,
       7.96784163e-01, 6.45076477e+02, 1.80757126e+02, 8.30999255e-01,
       8.29192627e+02, 3.39430511e+02, 6.70996368e-01, 7.41023865e+02,
       4.15876068e+02, 8.17708492e-01, 6.80279663e+02, 4.13871277e+02,
       8.52246165e-01, 6.05896851e+02, 2.92421021e+02, 3.08701068e-01,
       6.05852844e+02, 2.45425201e+02, 3.53243202e-01, 4.17795624e+02,
       2.63028961e+02, 8.50142390e-02, 3.98163239e+02, 2.66942780e+02,
       1.14995711e-01, 6.09808289e+02, 3.37488708e+02, 2.93185174e-01,
       5.02039276e+02, 3.57084839e+02, 1.96127176e-01, 3.80577087e+02,
       3.66862701e+02, 1.16293311e-01, 9.31013489e+02, 2.41484802e+02,
       8.70791852e-01, 9.35029724e+02, 2.76699890e+02, 8.41855288e-01,
       9.05652161e+02, 2.16016739e+02, 6.64718926e-01, 9.31047180e+02,
       2.92496796e+02, 1.61663443e-01, 0., 0., 0., 0., 0., 0., 0., 0.,
       0., 3.68842560e+02, 2.80650146e+02, 6.17575198e-02, 0., 0., 0.,
       0., 0., 0. ]
