%YAML:1.0
---
pose_0: !!opencv-matrix
   rows: 1
   cols: 25
   dt: "3f"
   data: [ 8.99642700e+02, 3.98208008e+02, 8.15668583e-01,
       8.01772949e+02, 4.45235535e+02, 6.36958361e-01, 7.70421326e+02,
       4.09977692e+02, 5.04846513e-01, 7.27396301e+02, 3.74704376e+02,
       1.02381527e-01, 6.50917480e+02, 2.72822906e+02, 5.76313250e-02,
       8.31157898e+02, 4.90232910e+02, 6.46645010e-01, 6.97983887e+02,
       3.35473236e+02, 3.21720839e-01, 6.46941711e+02, 2.59191772e+02,
       7.12144971e-01, 5.23562622e+02, 4.60881134e+02, 1.84779063e-01,
       5.29452271e+02, 4.29549591e+02, 2.43031353e-01, 3.78571899e+02,
       3.51184326e+02, 5.93172014e-01, 1.74850510e+02, 4.27550201e+02,
       4.68412638e-01, 5.15743774e+02, 4.94218475e+02, 1.38868287e-01,
       3.78611267e+02, 3.53134338e+02, 2.15546891e-01, 1.51340012e+02,
       4.39345428e+02, 7.50291348e-02, 9.01669617e+02, 3.84459320e+02,
       9.03759956e-01, 9.13396301e+02, 4.13950592e+02, 8.45695794e-01,
       8.72346191e+02, 3.80579315e+02, 2.65093803e-01, 8.99744263e+02,
       4.47274841e+02, 7.39498675e-01, 1.12142616e+02, 3.86481232e+02,
       5.35124503e-02, 0., 0., 0., 1.43517807e+02, 4.56945190e+02,
       7.94167966e-02, 1.20038338e+02, 4.00115723e+02, 2.44115964e-01,
       1.20057243e+02, 4.00125916e+02, 2.12725177e-01, 1.51352051e+02,
       4.45195984e+02, 3.21365476e-01 ]
