%YAML:1.0
---
pose_0: !!opencv-matrix
   rows: 1
   cols: 25
   dt: "3f"
   data: [ 1.08782739e+03, 1.96497070e+02, 7.69044936e-01,
       9.25195496e+02, 2.55163513e+02, 2.73551971e-01, 8.87967957e+02,
       1.49387177e+02, 1.90330148e-01, 7.86119629e+02, 1.16040840e+02,
       5.69229573e-02, 0., 0., 0., 9.29098999e+02, 3.39421539e+02,
       4.63426173e-01, 7.43048950e+02, 4.29516754e+02, 7.55356312e-01,
       8.27254333e+02, 3.37505249e+02, 7.64808118e-01, 0., 0., 0., 0.,
       0., 0., 0., 0., 0., 0., 0., 0., 0., 0., 0., 0., 0., 0., 0., 0.,
       0., 1.08786914e+03, 1.67049530e+02, 8.42707217e-01,
       1.10549585e+03, 2.16041168e+02, 7.01554954e-01, 1.04279932e+03,
       1.49456085e+02, 5.71523368e-01, 1.08785486e+03, 2.55196686e+02,
       1.84319556e-01, 0., 0., 0., 0., 0., 0., 0., 0., 0., 0., 0., 0.,
       0., 0., 0., 0., 0., 0. ]
