%YAML:1.0
---
pose_0: !!opencv-matrix
   rows: 1
   cols: 25
   dt: "3f"
   data: [ 8.84126953e+02, 3.98157288e+02, 8.43749285e-01,
       7.78288269e+02, 4.23681458e+02, 6.95661604e-01, 7.62666016e+02,
       3.53087982e+02, 7.37970591e-01, 6.43088135e+02, 3.04192230e+02,
       8.07626009e-01, 6.86193542e+02, 2.90536346e+02, 7.72769094e-01,
       7.91962891e+02, 4.92288025e+02, 6.38103247e-01, 6.76364624e+02,
       5.72563293e+02, 7.92334795e-01, 7.76315002e+02, 5.45144897e+02,
       8.02748144e-01, 5.23598694e+02, 4.33501984e+02, 3.52378279e-01,
       5.27497559e+02, 3.88406281e+02, 4.42180008e-01, 3.57085419e+02,
       3.76660645e+02, 3.77314627e-01, 0., 0., 0., 5.27521179e+02,
       4.80469757e+02, 4.02641684e-01, 3.41394775e+02, 4.94276489e+02,
       1.88212186e-01, 1.72924438e+02, 5.27539795e+02, 2.53624022e-01,
       8.88021484e+02, 3.82446228e+02, 8.54871690e-01, 8.97817627e+02,
       4.13864777e+02, 8.35707545e-01, 8.64474365e+02, 3.68819977e+02,
       4.76812750e-01, 8.82132935e+02, 4.45189362e+02, 7.49942362e-01,
       1.21994728e+02, 5.70623291e+02, 1.47847712e-01, 0., 0., 0.,
       1.49414383e+02, 5.15739563e+02, 1.68321401e-01, 0., 0., 0., 0.,
       0., 0., 0., 0., 0. ]
