%YAML:1.0
---
pose_0: !!opencv-matrix
   rows: 1
   cols: 25
   dt: "3f"
   data: [ 9.48773193e+02, 2.74788025e+02, 8.56629133e-01,
       8.25338867e+02, 2.70881531e+02, 6.32632971e-01, 8.33088196e+02,
       1.80799667e+02, 6.53589964e-01, 6.94009094e+02, 1.12183311e+02,
       7.31687188e-01, 7.11645203e+02, 1.94404343e+02, 8.25667560e-01,
       8.23396423e+02, 3.64898499e+02, 5.95631301e-01, 6.97945679e+02,
       4.47244446e+02, 7.18679368e-01, 7.27333435e+02, 3.66784210e+02,
       8.33516121e-01, 5.72547913e+02, 2.70849945e+02, 2.49985844e-01,
       5.72589844e+02, 2.27776367e+02, 2.87894636e-01, 3.41394684e+02,
       2.49326706e+02, 1.86909154e-01, 1.61121658e+02, 2.43482269e+02,
       6.62256852e-02, 5.66681335e+02, 3.21800232e+02, 1.95674539e-01,
       3.21797211e+02, 3.33517029e+02, 7.90248513e-02, 0., 0., 0.,
       9.58518738e+02, 2.45466965e+02, 7.83307076e-01, 9.66346924e+02,
       2.88496674e+02, 8.49425733e-01, 9.31017212e+02, 2.21903793e+02,
       5.88212192e-01, 9.62437683e+02, 3.06152222e+02, 8.30831453e-02,
       0., 0., 0., 0., 0., 0., 0., 0., 0., 0., 0., 0., 0., 0., 0., 0.,
       0., 0. ]
