%YAML:1.0
---
pose_0: !!opencv-matrix
   rows: 1
   cols: 25
   dt: "3f"
   data: [ 8.60545654e+02, 2.74800964e+02, 4.98192042e-01,
       7.72357361e+02, 2.90479370e+02, 7.23487794e-01, 7.72422852e+02,
       2.27725647e+02, 5.70457101e-01, 8.03706360e+02, 1.31700058e+02,
       7.49637365e-01, 8.89963440e+02, 2.08128662e+02, 4.82904226e-01,
       7.68492004e+02, 3.53091064e+02, 6.01126254e-01, 8.05719971e+02,
       4.19781921e+02, 8.36406529e-01, 8.88004333e+02, 3.25732941e+02,
       6.81374252e-01, 5.52960815e+02, 2.86553345e+02, 2.98368216e-01,
       5.56897583e+02, 2.43415695e+02, 3.87820721e-01, 4.31492493e+02,
       2.43485474e+02, 2.31153771e-01, 3.47253510e+02, 2.57093445e+02,
       2.52251565e-01, 5.52992249e+02, 3.33522217e+02, 3.54276389e-01,
       3.66864655e+02, 3.35501678e+02, 1.45228729e-01, 2.51268219e+02,
       3.45323486e+02, 6.23656400e-02, 8.85991211e+02, 2.72851929e+02,
       2.39832133e-01, 8.68414795e+02, 2.90404114e+02, 1.85638934e-01,
       0., 0., 0., 8.52690430e+02, 2.90467499e+02, 2.94747233e-01, 0.,
       0., 0., 0., 0., 0., 0., 0., 0., 3.35549438e+02, 2.57201447e+02,
       7.34624863e-02, 3.41392151e+02, 2.55201950e+02, 7.03280792e-02,
       3.37467651e+02, 2.59149658e+02, 1.22984223e-01 ]
