%YAML:1.0
---
pose_0: !!opencv-matrix
   rows: 1
   cols: 25
   dt: "3f"
   data: [ 8.89927368e+02, 3.23765015e+02, 7.74421096e-01,
       7.97879272e+02, 3.06061279e+02, 6.68999612e-01, 8.09660828e+02,
       2.41419891e+02, 6.80613041e-01, 6.95962769e+02, 1.78678940e+02,
       8.46897006e-01, 6.17608643e+02, 2.49288727e+02, 7.92191446e-01,
       7.78242737e+02, 3.66788727e+02, 5.32127142e-01, 7.11659058e+02,
       4.04054260e+02, 2.28797972e-01, 0., 0., 0., 5.88218750e+02,
       3.17878632e+02, 2.29728371e-01, 6.00010681e+02, 2.78699524e+02,
       2.52696991e-01, 3.60981018e+02, 3.43333984e+02, 2.19075456e-01,
       1.47364120e+02, 3.06191040e+02, 4.66701269e-01, 5.86262695e+02,
       3.53174194e+02, 2.40938619e-01, 2.94398041e+02, 3.31574585e+02,
       2.22183049e-01, 1.25897484e+02, 3.78601837e+02, 2.88627505e-01,
       9.01687866e+02, 3.06049622e+02, 8.86814654e-01, 9.03703613e+02,
       3.37533417e+02, 8.16007972e-01, 8.84073730e+02, 2.82598846e+02,
       7.05093443e-01, 8.88020447e+02, 3.53286346e+02, 1.21018723e-01,
       7.10332489e+01, 3.66848907e+02, 6.24454729e-02, 7.30010452e+01,
       3.80585388e+02, 6.49362803e-02, 1.02401802e+02, 3.78621918e+02,
       1.56531617e-01, 1.16061821e+02, 3.49167938e+02, 1.44233167e-01,
       1.16037766e+02, 3.35557800e+02, 1.40130103e-01, 1.31680649e+02,
       2.94406982e+02, 3.69877398e-01 ]
