%YAML:1.0
---
pose_0: !!opencv-matrix
   rows: 1
   cols: 25
   dt: "3f"
   data: [ 9.85912903e+02, 2.59129761e+02, 7.05967844e-01,
       8.48809692e+02, 2.61097443e+02, 5.03213167e-01, 8.50772339e+02,
       1.67031647e+02, 5.42314291e-01, 6.99903870e+02, 1.16032478e+02,
       7.57291436e-01, 7.25402100e+02, 2.27705399e+02, 7.51935124e-01,
       8.40997009e+02, 3.57085114e+02, 4.25461084e-01, 6.93995239e+02,
       4.13808350e+02, 5.88307798e-01, 6.88135132e+02, 3.82435028e+02,
       6.96212053e-01, 5.41225525e+02, 3.04176941e+02, 6.08259998e-02,
       5.07930664e+02, 2.61062592e+02, 6.34020269e-02, 0., 0., 0., 0.,
       0., 0., 5.60812988e+02, 3.47252106e+02, 5.09592518e-02, 0., 0.,
       0., 0., 0., 0., 9.95742981e+02, 2.39535049e+02, 8.86999726e-01,
       9.99640503e+02, 2.82606384e+02, 7.27759123e-01, 9.66406189e+02,
       2.10114670e+02, 3.32722902e-01, 9.91792480e+02, 3.06256714e+02,
       6.52837902e-02, 0., 0., 0., 0., 0., 0., 0., 0., 0., 0., 0., 0.,
       0., 0., 0., 0., 0., 0. ]
