%YAML:1.0
---
pose_0: !!opencv-matrix
   rows: 1
   cols: 25
   dt: "3f"
   data: [ 9.03677063e+02, 2.94363434e+02, 7.65290737e-01,
       7.88095459e+02, 3.19851593e+02, 7.01402605e-01, 7.89940308e+02,
       2.47334885e+02, 6.84828997e-01, 6.95901184e+02, 1.94425980e+02,
       8.05583060e-01, 6.49011658e+02, 8.86345673e+01, 5.82525551e-01,
       7.84129272e+02, 3.96229614e+02, 5.92827439e-01, 6.64640320e+02,
       4.13914917e+02, 5.28951228e-01, 7.58656860e+02, 3.68866791e+02,
       5.33578277e-01, 5.58844482e+02, 3.02178741e+02, 2.41833344e-01,
       5.58843384e+02, 2.63007080e+02, 2.77606398e-01, 4.58921326e+02,
       2.61051025e+02, 6.77904189e-02, 0., 0., 0., 5.52950562e+02,
       3.49237366e+02, 1.96646124e-01, 3.76627197e+02, 3.58998352e+02,
       2.81486481e-01, 3.62954559e+02, 3.47255096e+02, 8.27127174e-02,
       9.13403564e+02, 2.84541321e+02, 7.95723319e-01, 9.15397217e+02,
       3.08151733e+02, 8.18475127e-01, 8.82107849e+02, 2.70824158e+02,
       3.05583507e-01, 8.86091614e+02, 3.39499817e+02, 6.92622662e-01,
       3.51196869e+02, 3.68800690e+02, 8.77540410e-02, 0., 0., 0., 0.,
       0., 0., 0., 0., 0., 0., 0., 0., 0., 0., 0. ]
