%YAML:1.0
---
pose_0: !!opencv-matrix
   rows: 1
   cols: 25
   dt: "3f"
   data: [ 8.68428589e+02, 2.29698868e+02, 8.18948090e-01,
       7.99822266e+02, 3.00236786e+02, 6.15848899e-01, 8.09651428e+02,
       3.04121429e+02, 4.40687567e-01, 0., 0., 0., 0., 0., 0.,
       7.93946228e+02, 3.00268311e+02, 5.58312953e-01, 6.82340759e+02,
       2.80641571e+02, 7.22717524e-01, 7.72406311e+02, 1.94510483e+02,
       4.53272820e-01, 5.50995789e+02, 3.33567322e+02, 2.22992957e-01,
       5.49073669e+02, 2.94381195e+02, 2.04086244e-01, 3.41411621e+02,
       3.33513184e+02, 8.35985020e-02, 2.65013672e+02, 3.64870483e+02,
       1.71300530e-01, 5.35341187e+02, 3.55110901e+02, 1.65607482e-01,
       3.23765228e+02, 2.98283752e+02, 3.17520529e-01, 1.33726425e+02,
       3.68888885e+02, 4.24122542e-01, 8.80136841e+02, 2.25776260e+02,
       7.48636365e-01, 8.86104187e+02, 2.53169144e+02, 8.07183385e-01,
       0., 0., 0., 8.74255249e+02, 2.94359772e+02, 7.86482096e-01,
       8.27728806e+01, 4.02096466e+02, 2.51935124e-01, 8.86496887e+01,
       4.04055115e+02, 2.79083043e-01, 1.18018158e+02, 3.78601227e+02,
       2.48703405e-01, 2.57118378e+02, 3.55142456e+02, 5.31144626e-02,
       2.55215103e+02, 3.53123199e+02, 7.29716867e-02, 2.59125397e+02,
       3.66891571e+02, 8.46673474e-02 ]
