%YAML:1.0
---
pose_0: !!opencv-matrix
   rows: 1
   cols: 25
   dt: "3f"
   data: [ 9.27115112e+02, 2.23853653e+02, 8.01136255e-01,
       8.09586609e+02, 2.57201263e+02, 6.68262601e-01, 7.94001709e+02,
       1.80721756e+02, 6.08474970e-01, 6.54874634e+02, 1.61174500e+02,
       1.29604578e-01, 5.54896484e+02, 1.67023636e+02, 1.18133247e-01,
       8.19383179e+02, 3.35559265e+02, 6.32217288e-01, 6.97939575e+02,
       3.88455353e+02, 6.66200757e-01, 5.56820557e+02, 3.74666718e+02,
       8.03632379e-01, 5.43184998e+02, 2.90452057e+02, 1.94115892e-01,
       5.29471863e+02, 2.45394958e+02, 2.33096093e-01, 3.33558777e+02,
       3.98164001e+02, 1.88735068e-01, 1.96400528e+02, 4.47239746e+02,
       1.02091894e-01, 5.62775452e+02, 3.37468933e+02, 2.05129325e-01,
       3.33557709e+02, 4.00157806e+02, 2.04713479e-01, 1.49387070e+02,
       4.60823090e+02, 9.11938697e-02, 9.31119019e+02, 2.00344528e+02,
       8.77547979e-01, 9.40911682e+02, 2.37537216e+02, 8.20981443e-01,
       9.01647705e+02, 1.86623367e+02, 5.74313641e-01, 9.27147095e+02,
       2.63035004e+02, 5.27151048e-01, 0., 0., 0., 0., 0., 0.,
       1.49428055e+02, 4.62814026e+02, 1.10903375e-01, 0., 0., 0., 0.,
       0., 0., 0., 0., 0. ]
