%YAML:1.0
---
pose_0: !!opencv-matrix
   rows: 1
   cols: 25
   dt: "3f"
   data: [ 9.03722839e+02, 4.11857666e+02, 7.80460119e-01,
       8.21326050e+02, 4.60839142e+02, 6.24674439e-01, 7.89968445e+02,
       4.27593140e+02, 4.75666434e-01, 6.43082336e+02, 4.33462402e+02,
       3.02239567e-01, 5.52988708e+02, 4.23693695e+02, 5.47150433e-01,
       8.52677734e+02, 5.02014191e+02, 6.64624572e-01, 7.76403687e+02,
       4.25640564e+02, 3.79480541e-01, 7.27271179e+02, 3.00205750e+02,
       7.45547175e-01, 6.03904602e+02, 4.92261597e+02, 1.41227335e-01,
       5.98039978e+02, 4.62860626e+02, 2.60532469e-01, 5.09930634e+02,
       4.29541443e+02, 6.52763844e-02, 0., 0., 0., 6.43085205e+02,
       5.47096252e+02, 1.02988534e-01, 3.41425873e+02, 5.88264587e+02,
       5.84394485e-02, 0., 0., 0., 9.15366821e+02, 3.98207062e+02,
       8.82086933e-01, 9.23241333e+02, 4.27624939e+02, 8.34182143e-01,
       8.89955688e+02, 3.92284424e+02, 2.66669244e-01, 9.15374817e+02,
       4.60964325e+02, 7.66415834e-01, 0., 0., 0., 0., 0., 0., 0., 0.,
       0., 0., 0., 0., 0., 0., 0., 0., 0., 0. ]
