%YAML:1.0
---
pose_0: !!opencv-matrix
   rows: 1
   cols: 25
   dt: "3f"
   data: [ 8.85952576e+02, 3.15911072e+02, 8.16459894e-01,
       7.93939331e+02, 2.64989044e+02, 5.20506382e-01, 7.97890686e+02,
       2.41498260e+02, 6.81042314e-01, 6.82245789e+02, 2.27733627e+02,
       7.94129670e-01, 6.90132141e+02, 4.04106171e+02, 6.18591189e-01,
       7.97847473e+02, 2.90490448e+02, 2.74440140e-01, 0., 0., 0., 0.,
       0., 0., 5.56932373e+02, 2.64995300e+02, 3.74900520e-01,
       5.56911072e+02, 2.37535889e+02, 3.83455098e-01, 4.27542023e+02,
       2.61033478e+02, 5.46902478e-01, 3.13928925e+02, 2.94359924e+02,
       4.74155575e-01, 5.54942078e+02, 2.92402649e+02, 3.70972037e-01,
       4.64829773e+02, 3.35525604e+02, 3.61700475e-01, 3.31571625e+02,
       3.70786530e+02, 3.02559614e-01, 8.97762939e+02, 2.90413574e+02,
       8.03081453e-01, 8.99815918e+02, 3.19735901e+02, 5.70114315e-01,
       8.70346436e+02, 2.45418304e+02, 8.87901962e-01, 0., 0., 0., 0.,
       0., 0., 0., 0., 0., 3.19876709e+02, 3.74703674e+02,
       1.40318573e-01, 3.08096954e+02, 2.92466217e+02, 1.32198781e-01,
       3.02222839e+02, 2.88511505e+02, 1.59033626e-01, 3.00257446e+02,
       2.96339142e+02, 2.52900749e-01 ]
