%YAML:1.0
---
pose_0: !!opencv-matrix
   rows: 1
   cols: 25
   dt: "3f"
   data: [ 8.42926025e+02, 3.19779083e+02, 7.66958833e-01,
       7.54784363e+02, 3.04099182e+02, 7.05319345e-01, 7.60607666e+02,
       2.57194519e+02, 5.32888710e-01, 7.29347656e+02, 2.08112000e+02,
       6.96009874e-01, 8.21426636e+02, 2.74751312e+02, 8.51521611e-01,
       7.45047729e+02, 3.49235260e+02, 6.07617199e-01, 6.92081299e+02,
       4.47188110e+02, 8.18265736e-01, 7.82179077e+02, 4.11882446e+02,
       8.03602755e-01, 5.37305481e+02, 2.78676514e+02, 2.99221069e-01,
       5.41207275e+02, 2.41406036e+02, 3.63273501e-01, 3.35536377e+02,
       2.10159882e+02, 3.34665149e-01, 0., 0., 0., 5.27511230e+02,
       3.21780975e+02, 3.37944776e-01, 3.39445282e+02, 3.41390778e+02,
       3.95020515e-01, 1.55270905e+02, 3.21810364e+02, 5.75197101e-01,
       8.54732300e+02, 3.04193665e+02, 6.55653119e-01, 8.62479675e+02,
       3.23800934e+02, 7.35559523e-01, 8.52633362e+02, 2.64978546e+02,
       6.04320049e-01, 0., 0., 0., 1.21995651e+02, 3.82497711e+02,
       4.73363400e-01, 1.29802063e+02, 3.80568787e+02, 4.24071044e-01,
       1.35697800e+02, 3.06193970e+02, 5.52094996e-01, 0., 0., 0., 0.,
       0., 0., 0., 0., 0. ]
