%YAML:1.0
---
pose_0: !!opencv-matrix
   rows: 1
   cols: 25
   dt: "3f"
   data: [ 8.82099365e+02, 2.88528931e+02, 8.26284111e-01,
       7.99818909e+02, 2.72750763e+02, 6.66736007e-01, 8.11584412e+02,
       1.92505905e+02, 6.76578999e-01, 7.13656982e+02, 8.86778717e+01,
       7.99084544e-01, 7.11700623e+02, 1.92442444e+02, 7.29678154e-01,
       7.91998596e+02, 3.53127014e+02, 6.66894376e-01, 7.13682556e+02,
       4.23684601e+02, 5.90225279e-01, 6.90113647e+02, 4.62859222e+02,
       4.04824167e-01, 5.49062866e+02, 2.51264801e+02, 2.47309327e-01,
       5.47101440e+02, 2.10106384e+02, 3.39993060e-01, 3.82507507e+02,
       2.39492538e+02, 8.48197863e-02, 0., 0., 0., 5.39246094e+02,
       3.12011017e+02, 1.81081086e-01, 3.66857452e+02, 3.08069763e+02,
       8.17563385e-02, 3.13963440e+02, 3.00247284e+02, 5.63620552e-02,
       8.99747192e+02, 2.66933258e+02, 7.44228840e-01, 8.99727295e+02,
       3.04244293e+02, 7.75308251e-01, 8.87971313e+02, 2.31673111e+02,
       5.77162623e-01, 0., 0., 0., 0., 0., 0., 0., 0., 0., 0., 0., 0.,
       0., 0., 0., 0., 0., 0., 0., 0., 0. ]
