%YAML:1.0
---
pose_0: !!opencv-matrix
   rows: 1
   cols: 25
   dt: "3f"
   data: [ 9.33060242e+02, 2.98313324e+02, 7.57580221e-01,
       8.19374390e+02, 2.88555389e+02, 6.67012691e-01, 8.19386292e+02,
       1.98344376e+02, 6.64748490e-01, 6.98038452e+02, 1.22008827e+02,
       7.79592156e-01, 6.13675598e+02, 1.82764954e+02, 7.07742810e-01,
       8.07716858e+02, 3.70811707e+02, 6.33833826e-01, 6.86226624e+02,
       4.17838287e+02, 7.42587268e-01, 5.72609924e+02, 4.76492523e+02,
       8.05193543e-01, 5.43190063e+02, 3.06129333e+02, 1.92631394e-01,
       5.51001099e+02, 2.55165298e+02, 3.08540046e-01, 3.68822723e+02,
       2.80665802e+02, 1.96599171e-01, 3.53204498e+02, 2.94396027e+02,
       5.85883111e-02, 5.54932190e+02, 3.66818970e+02, 2.15737358e-01,
       3.78599915e+02, 3.72749939e+02, 1.97775722e-01, 3.60999756e+02,
       3.76662537e+02, 8.55231956e-02, 9.46829041e+02, 2.72876678e+02,
       8.92364383e-01, 9.46796448e+02, 3.10063995e+02, 7.70152092e-01,
       9.19339172e+02, 2.43365799e+02, 6.94010735e-01, 0., 0., 0., 0.,
       0., 0., 0., 0., 0., 3.59002472e+02, 3.82503082e+02,
       5.97372651e-02, 0., 0., 0., 0., 0., 0., 0., 0., 0. ]
