%YAML:1.0
---
pose_0: !!opencv-matrix
   rows: 1
   cols: 25
   dt: "3f"
   data: [ 8.70330811e+02, 3.51088837e+02, 8.29295456e-01,
       7.70436829e+02, 2.78683472e+02, 4.46454346e-01, 7.84134460e+02,
       2.47364532e+02, 6.37359798e-01, 6.50869263e+02, 2.14010040e+02,
       7.49825060e-01, 5.70569153e+02, 3.21813660e+02, 7.16549933e-01,
       7.41018982e+02, 3.19789490e+02, 2.61738002e-01, 0., 0., 0., 0.,
       0., 0., 0., 0., 0., 0., 0., 0., 0., 0., 0., 0., 0., 0., 0., 0.,
       0., 0., 0., 0., 0., 0., 0., 8.84138733e+02, 3.31556854e+02,
       8.39820445e-01, 0., 0., 0., 8.72277527e+02, 2.86474976e+02,
       8.40150952e-01, 0., 0., 0., 0., 0., 0., 0., 0., 0., 0., 0., 0.,
       0., 0., 0., 0., 0., 0., 0., 0., 0. ]
