%YAML:1.0
---
pose_0: !!opencv-matrix
   rows: 1
   cols: 25
   dt: "3f"
   data: [ 9.17384949e+02, 3.55082153e+02, 7.99918771e-01,
       8.03736694e+02, 3.59052887e+02, 6.15946352e-01, 8.01742615e+02,
       2.80683594e+02, 6.41345263e-01, 6.82329651e+02, 2.39484848e+02,
       7.17780828e-01, 6.19608582e+02, 2.47381958e+02, 7.76885569e-01,
       7.95901855e+02, 4.47223602e+02, 5.60211182e-01, 6.68546265e+02,
       4.80528351e+02, 6.31128252e-01, 5.49077637e+02, 5.19638428e+02,
       7.17924297e-01, 5.72564697e+02, 3.51185303e+02, 1.14212617e-01,
       5.72584473e+02, 3.15933655e+02, 1.30944818e-01, 5.05960052e+02,
       2.98274109e+02, 1.03745475e-01, 3.74692444e+02, 3.17871796e+02,
       7.03565925e-02, 5.60806580e+02, 4.43269501e+02, 9.80313122e-02,
       0., 0., 0., 0., 0., 0., 9.29166321e+02, 3.37486267e+02,
       7.73593664e-01, 9.31097473e+02, 3.70790253e+02, 7.82747626e-01,
       9.03712341e+02, 3.08048859e+02, 5.67546546e-01, 9.19353027e+02,
       3.96268829e+02, 1.52482688e-01, 0., 0., 0., 0., 0., 0., 0., 0.,
       0., 0., 0., 0., 0., 0., 0., 0., 0., 0. ]
