%YAML:1.0
---
pose_0: !!opencv-matrix
   rows: 1
   cols: 25
   dt: "3f"
   data: [ 9.29085999e+02, 4.62868958e+02, 8.44734013e-01,
       8.23288757e+02, 4.68741028e+02, 6.99476123e-01, 8.15476135e+02,
       3.94282959e+02, 6.58783317e-01, 7.11697021e+02, 3.27662811e+02,
       6.65763021e-01, 6.39188049e+02, 2.47344223e+02, 6.01812124e-01,
       8.33109070e+02, 5.52917908e+02, 5.94157815e-01, 7.31306396e+02,
       6.13718506e+02, 6.46793544e-01, 5.92197205e+02, 6.33372498e+02,
       7.72380233e-01, 6.07845764e+02, 4.76560059e+02, 2.09086880e-01,
       6.05855164e+02, 4.37385437e+02, 3.13255101e-01, 4.06050934e+02,
       4.56972534e+02, 1.10572480e-01, 0., 0., 0., 6.03937988e+02,
       5.31437683e+02, 1.22543208e-01, 0., 0., 0., 0., 0., 0.,
       9.33115356e+02, 4.45264221e+02, 9.37697530e-01, 9.42808899e+02,
       4.78478210e+02, 8.10275197e-01, 9.09538269e+02, 4.25601929e+02,
       6.51991487e-01, 9.29071594e+02, 5.02074158e+02, 1.43909410e-01,
       0., 0., 0., 0., 0., 0., 0., 0., 0., 0., 0., 0., 0., 0., 0., 0.,
       0., 0. ]
