%YAML:1.0
---
pose_0: !!opencv-matrix
   rows: 1
   cols: 25
   dt: "3f"
   data: [ 9.01658264e+02, 3.49156982e+02, 7.85409153e-01,
       8.07733032e+02, 3.88417542e+02, 6.48180068e-01, 7.74358521e+02,
       3.49207306e+02, 5.27254641e-01, 6.48997986e+02, 3.60965332e+02,
       1.51111960e-01, 0., 0., 0., 8.52678711e+02, 4.39339478e+02,
       5.02881467e-01, 9.82052429e+02, 4.15935059e+02, 7.51110435e-01,
       1.08391174e+03, 3.64922760e+02, 6.93215489e-01, 5.84315247e+02,
       4.43252563e+02, 2.07892239e-01, 5.80413757e+02, 3.98240265e+02,
       2.96851873e-01, 4.92266144e+02, 3.68838501e+02, 5.02335280e-02,
       0., 0., 0., 5.88229919e+02, 4.84384644e+02, 2.21087292e-01,
       4.31514282e+02, 5.25541199e+02, 6.91990629e-02, 3.43356537e+02,
       5.72530273e+02, 1.23712562e-01, 9.11490967e+02, 3.35513855e+02,
       8.02157640e-01, 9.17474976e+02, 3.64914185e+02, 8.65648985e-01,
       8.87998840e+02, 3.21860107e+02, 7.54328668e-02, 9.15477478e+02,
       4.00105316e+02, 7.51948357e-01, 0., 0., 0., 0., 0., 0., 0., 0.,
       0., 0., 0., 0., 0., 0., 0., 0., 0., 0. ]
