%YAML:1.0
---
pose_0: !!opencv-matrix
   rows: 1
   cols: 25
   dt: "3f"
   data: [ 9.13391296e+02, 4.19740906e+02, 8.09007585e-01,
       8.05736511e+02, 4.45196472e+02, 7.33066440e-01, 7.89944214e+02,
       3.72716614e+02, 6.89264953e-01, 7.05782837e+02, 3.06209473e+02,
       7.13208139e-01, 6.46949402e+02, 2.31645294e+02, 7.18813896e-01,
       8.23302307e+02, 5.15751648e+02, 6.73413217e-01, 7.29267456e+02,
       5.60806458e+02, 7.96608925e-01, 6.58749939e+02, 4.80555023e+02,
       7.26419926e-01, 5.70590637e+02, 4.53061890e+02, 2.28868902e-01,
       5.66692383e+02, 4.11905121e+02, 3.30131412e-01, 4.15803864e+02,
       3.90355957e+02, 1.67730600e-01, 0., 0., 0., 5.60820435e+02,
       4.98114441e+02, 2.09502563e-01, 4.02136566e+02, 5.25520325e+02,
       7.85983056e-02, 0., 0., 0., 9.13484436e+02, 4.00230286e+02,
       8.83904040e-01, 9.29142761e+02, 4.29545868e+02, 8.38335276e-01,
       8.84008179e+02, 3.86483734e+02, 6.30597115e-01, 9.15325439e+02,
       4.55027130e+02, 2.24852473e-01, 0., 0., 0., 0., 0., 0., 0., 0.,
       0., 0., 0., 0., 0., 0., 0., 0., 0., 0. ]
