%YAML:1.0
---
pose_0: !!opencv-matrix
   rows: 1
   cols: 25
   dt: "3f"
   data: [ 8.40993103e+02, 2.41409882e+02, 7.47338176e-01,
       7.78275696e+02, 3.08136963e+02, 5.34041822e-01, 7.89970581e+02,
       3.17872589e+02, 4.34298813e-01, 6.82224548e+02, 3.08120300e+02,
       1.22584730e-01, 0., 0., 0., 7.80260986e+02, 3.06176758e+02,
       5.40857315e-01, 6.70570007e+02, 3.10040222e+02, 6.55498624e-01,
       5.56981689e+02, 2.41489044e+02, 7.33660161e-01, 4.86374817e+02,
       3.53176514e+02, 1.95265025e-01, 4.96183105e+02, 3.23754700e+02,
       2.05890968e-01, 3.21798096e+02, 2.55189011e+02, 2.71871209e-01,
       1.21947075e+02, 3.70817017e+02, 1.93936452e-01, 4.78547760e+02,
       3.84498749e+02, 1.86949730e-01, 3.11991272e+02, 2.53197830e+02,
       4.27297056e-01, 1.21976151e+02, 3.70760406e+02, 3.68419111e-01,
       8.54773682e+02, 2.41542114e+02, 4.20289397e-01, 8.54772949e+02,
       2.57088593e+02, 8.04260373e-01, 0., 0., 0., 8.40990662e+02,
       3.06056885e+02, 8.44644070e-01, 7.49751740e+01, 3.88420166e+02,
       8.16405639e-02, 0., 0., 0., 9.45427856e+01, 3.88431366e+02,
       2.23286614e-01, 8.46786041e+01, 3.96276367e+02, 5.80982938e-02,
       0., 0., 0., 1.00384666e+02, 3.96237640e+02, 1.15029514e-01 ]
