%YAML:1.0
---
pose_0: !!opencv-matrix
   rows: 1
   cols: 25
   dt: "3f"
   data: [ 9.31041809e+02, 3.66794800e+02, 8.43101382e-01,
       8.44869141e+02, 3.04169128e+02, 4.05766785e-01, 8.40951843e+02,
       2.94407227e+02, 5.96493661e-01, 7.46898804e+02, 2.49284378e+02,
       7.89471090e-01, 6.48872192e+02, 3.80562988e+02, 7.81524360e-01,
       8.54703247e+02, 3.08088135e+02, 2.67740428e-01, 0., 0., 0., 0.,
       0., 0., 6.29375854e+02, 3.17899567e+02, 1.61833689e-01,
       6.03906311e+02, 2.88470490e+02, 1.41076282e-01, 3.53160919e+02,
       3.23802155e+02, 2.12886766e-01, 1.31764786e+02, 3.29629272e+02,
       2.73055643e-01, 6.33251770e+02, 3.55079224e+02, 1.17232934e-01,
       0., 0., 0., 0., 0., 0., 9.46658325e+02, 3.39404755e+02,
       8.23967993e-01, 9.44776489e+02, 3.68779755e+02, 5.50310016e-01,
       9.19377747e+02, 3.02152435e+02, 8.34766150e-01, 0., 0., 0., 0.,
       0., 0., 0., 0., 0., 0., 0., 0., 6.32233582e+01, 3.19803955e+02,
       9.38552991e-02, 5.73970451e+01, 3.19793732e+02, 6.19615018e-02,
       1.06276726e+02, 3.53134827e+02, 1.80426985e-01 ]
