%YAML:1.0
---
pose_0: !!opencv-matrix
   rows: 1
   cols: 25
   dt: "3f"
   data: [ 8.85951416e+02, 2.27847290e+02, 8.42743874e-01,
       8.31174561e+02, 3.17869812e+02, 5.07000685e-01, 8.42929626e+02,
       3.12000793e+02, 3.91018987e-01, 0., 0., 0., 0., 0., 0.,
       8.35069641e+02, 3.17871796e+02, 4.09323037e-01, 7.07742310e+02,
       2.88435852e+02, 7.22194731e-01, 7.54764771e+02, 1.94471939e+02,
       1.68787673e-01, 5.54900330e+02, 3.59016815e+02, 1.58296838e-01,
       5.47113159e+02, 3.21835480e+02, 1.78607315e-01, 3.10028290e+02,
       3.00257874e+02, 1.93841532e-01, 8.86907349e+01, 4.11940704e+02,
       2.59694755e-01, 5.54923767e+02, 3.96260193e+02, 1.17081113e-01,
       3.15937958e+02, 3.02198914e+02, 1.53721690e-01, 1.45462189e+02,
       3.80572662e+02, 6.01816513e-02, 8.99702332e+02, 2.25809708e+02,
       5.53248763e-01, 9.09509521e+02, 2.41474762e+02, 8.67783487e-01,
       0., 0., 0., 9.13441467e+02, 2.98270416e+02, 8.27600241e-01, 0.,
       0., 0., 0., 0., 0., 0., 0., 0., 4.94953270e+01, 4.39344513e+02,
       1.33933812e-01, 4.94543724e+01, 4.29576111e+02, 1.32573202e-01,
       0., 0., 0. ]
