%YAML:1.0
---
pose_0: !!opencv-matrix
   rows: 1
   cols: 25
   dt: "3f"
   data: [ 8.97793030e+02, 2.62986084e+02, 7.31525838e-01,
       7.95943604e+02, 2.57105408e+02, 6.07948363e-01, 8.01805969e+02,
       1.74830154e+02, 6.35274112e-01, 6.50921692e+02, 1.33721436e+02,
       6.63591087e-01, 5.56856323e+02, 1.33774826e+02, 7.40872204e-01,
       7.91960571e+02, 3.39446838e+02, 6.47420764e-01, 6.72480286e+02,
       3.64871307e+02, 5.48620582e-01, 5.68624084e+02, 3.94253693e+02,
       4.31691825e-01, 5.43171204e+02, 2.61074524e+02, 2.46461928e-01,
       5.54936584e+02, 2.15986252e+02, 3.09984654e-01, 3.53174683e+02,
       2.12058777e+02, 3.22793692e-01, 1.65023193e+02, 2.08144501e+02,
       4.51677620e-01, 5.33396973e+02, 3.10060059e+02, 2.78749347e-01,
       3.49190765e+02, 2.90485474e+02, 4.46170330e-01, 1.49419189e+02,
       2.86561981e+02, 3.27559114e-01, 9.13424316e+02, 2.43466660e+02,
       8.50363612e-01, 9.13480652e+02, 2.82636139e+02, 7.32249022e-01,
       8.93876709e+02, 2.19901367e+02, 5.48732519e-01, 9.07573853e+02,
       3.04134491e+02, 1.53833807e-01, 8.66958160e+01, 3.13938568e+02,
       1.82549879e-01, 9.84856644e+01, 3.17880310e+02, 2.27593690e-01,
       0., 0., 0., 1.18002762e+02, 1.70925980e+02, 2.43235171e-01,
       1.18091049e+02, 1.70974274e+02, 1.84548795e-01, 1.57206223e+02,
       2.12070297e+02, 2.31585339e-01 ]
