%YAML:1.0
---
pose_0: !!opencv-matrix
   rows: 1
   cols: 25
   dt: "3f"
   data: [ 8.99757263e+02, 3.39400116e+02, 8.56343091e-01,
       7.99826233e+02, 3.80581879e+02, 5.62768757e-01, 7.60653137e+02,
       3.43346405e+02, 3.80912066e-01, 6.29364563e+02, 3.55100128e+02,
       7.47974962e-02, 0., 0., 0., 8.36990967e+02, 4.21700592e+02,
       5.83444536e-01, 7.70472412e+02, 4.90229248e+02, 7.90795565e-01,
       8.23395691e+02, 3.66886688e+02, 7.59621322e-01, 5.52967712e+02,
       4.33469055e+02, 9.10108089e-02, 5.31429260e+02, 4.00129700e+02,
       1.46402299e-01, 3.53106110e+02, 3.82512634e+02, 1.49282217e-01,
       0., 0., 0., 5.88238403e+02, 4.94180603e+02, 6.80562928e-02,
       3.35456848e+02, 5.25477783e+02, 2.83526689e-01, 1.78791946e+02,
       6.13724670e+02, 2.70302624e-01, 9.09540955e+02, 3.23744354e+02,
       8.45113575e-01, 9.17331238e+02, 3.53187622e+02, 8.59182835e-01,
       8.86062927e+02, 3.10060150e+02, 1.57723770e-01, 9.13404907e+02,
       3.84459351e+02, 6.49371147e-01, 1.04324432e+02, 6.29351074e+02,
       1.97253749e-01, 1.16123817e+02, 6.35255554e+02, 2.21871361e-01,
       1.67036591e+02, 6.23489563e+02, 1.57342210e-01, 0., 0., 0., 0.,
       0., 0., 0., 0., 0. ]
