%YAML:1.0
---
pose_0: !!opencv-matrix
   rows: 1
   cols: 25
   dt: "3f"
   data: [ 9.17295166e+02, 2.06203201e+02, 7.55991399e-01,
       8.05761902e+02, 2.31662857e+02, 6.92841291e-01, 7.88098877e+02,
       1.49395294e+02, 7.22986698e-01, 6.68542297e+02, 1.02454948e+02,
       7.19321966e-01, 5.84253784e+02, 1.00366051e+02, 8.10855746e-01,
       8.21277527e+02, 3.17906128e+02, 6.75558925e-01, 6.90129456e+02,
       3.82601135e+02, 8.02863181e-01, 6.46984924e+02, 3.21787445e+02,
       7.34792173e-01, 5.84297974e+02, 2.31666443e+02, 1.38564199e-01,
       5.80406982e+02, 1.80764542e+02, 1.51127338e-01, 0., 0., 0., 0.,
       0., 0., 5.86278931e+02, 2.92394958e+02, 1.55077815e-01, 0., 0.,
       0., 0., 0., 0., 9.21334106e+02, 1.90501312e+02, 7.53967941e-01,
       9.31073547e+02, 2.23790451e+02, 8.37847948e-01, 8.95823120e+02,
       1.72904999e+02, 4.54774559e-01, 9.13437378e+02, 2.55167572e+02,
       4.52577800e-01, 0., 0., 0., 0., 0., 0., 0., 0., 0., 0., 0., 0.,
       0., 0., 0., 0., 0., 0. ]
