%YAML:1.0
---
pose_0: !!opencv-matrix
   rows: 1
   cols: 25
   dt: "3f"
   data: [ 1.17990125e+03, 2.45409256e+02, 6.45209670e-01,
       9.93788330e+02, 2.45401062e+02, 3.10728371e-01, 9.80066589e+02,
       1.65083725e+02, 1.89354211e-01, 0., 0., 0., 0., 0., 0.,
       9.85922241e+02, 3.15890961e+02, 2.45612800e-01, 8.37010315e+02,
       4.66776886e+02, 7.12317944e-01, 9.99703613e+02, 3.98233978e+02,
       6.07452869e-01, 0., 0., 0., 0., 0., 0., 0., 0., 0., 0., 0., 0.,
       0., 0., 0., 0., 0., 0., 0., 0., 0., 1.19959595e+03,
       2.21877121e+02, 7.45309591e-01, 1.19747363e+03, 2.70835114e+02,
       5.76476276e-01, 1.16031738e+03, 1.63017776e+02, 4.73308712e-01,
       0., 0., 0., 0., 0., 0., 0., 0., 0., 0., 0., 0., 0., 0., 0., 0.,
       0., 0., 0., 0., 0. ]
