%YAML:1.0
---
pose_0: !!opencv-matrix
   rows: 1
   cols: 25
   dt: "3f"
   data: [ 8.93874512e+02, 2.25733475e+02, 7.64027894e-01,
       8.23380005e+02, 1.78814743e+02, 4.44644004e-01, 8.25296631e+02,
       1.41549011e+02, 6.52125120e-01, 7.76330261e+02, 2.49317139e+02,
       7.66767979e-01, 7.41025818e+02, 3.84511505e+02, 7.07875729e-01,
       7.97870972e+02, 2.08183273e+02, 2.24329770e-01, 6.46989380e+02,
       2.74767303e+02, 5.20115793e-01, 5.43158447e+02, 3.33554626e+02,
       5.33145845e-01, 4.96183289e+02, 1.90535843e+02, 8.89604166e-02,
       5.05963837e+02, 2.21878357e+02, 9.93700996e-02, 3.70817993e+02,
       3.49206116e+02, 2.86129653e-01, 1.65069122e+02, 3.19817505e+02,
       2.29702145e-01, 4.76547791e+02, 1.67023071e+02, 8.21330249e-02,
       0., 0., 0., 0., 0., 0., 9.03723633e+02, 1.98416199e+02,
       8.32559347e-01, 9.07578247e+02, 2.37553024e+02, 7.47781277e-01,
       8.88001770e+02, 1.67083679e+02, 6.54939055e-01, 0., 0., 0., 0.,
       0., 0., 0., 0., 0., 0., 0., 0., 0., 0., 0., 0., 0., 0., 0., 0.,
       0. ]
