%YAML:1.0
---
pose_0: !!opencv-matrix
   rows: 1
   cols: 25
   dt: "3f"
   data: [ 8.52739990e+02, 2.88520844e+02, 8.19982409e-01,
       7.60685242e+02, 2.90451904e+02, 7.28807986e-01, 7.60608032e+02,
       2.21906448e+02, 7.06941187e-01, 6.62655151e+02, 1.47433548e+02,
       8.40781331e-01, 6.03899231e+02, 2.31679779e+02, 7.88831830e-01,
       7.58603882e+02, 3.66801300e+02, 6.02289379e-01, 6.45024231e+02,
       4.13957428e+02, 6.89006269e-01, 6.46987976e+02, 3.88424988e+02,
       4.90564704e-01, 5.45143982e+02, 2.88500031e+02, 3.54701221e-01,
       5.54912476e+02, 2.45422577e+02, 3.79662067e-01, 3.62943939e+02,
       2.12116669e+02, 3.69083315e-01, 2.10065552e+02, 1.76836746e+02,
       4.06742930e-01, 5.33386475e+02, 3.23791504e+02, 3.80020410e-01,
       3.43340881e+02, 3.41393005e+02, 3.24947834e-01, 1.67054794e+02,
       3.49230530e+02, 5.19282460e-01, 8.66368042e+02, 2.72725677e+02,
       8.38137746e-01, 8.66391174e+02, 3.04071320e+02, 7.79812634e-01,
       8.42903992e+02, 2.53207794e+02, 6.70146167e-01, 8.48778687e+02,
       3.19907349e+02, 3.51693660e-01, 1.16149536e+02, 3.80577301e+02,
       4.35949981e-01, 1.23941963e+02, 3.82509247e+02, 4.63254005e-01,
       1.51338989e+02, 3.33560577e+02, 2.34081075e-01, 0., 0., 0., 0.,
       0., 0., 2.04224869e+02, 1.76781708e+02, 2.83302933e-01 ]
