%YAML:1.0
---
pose_0: !!opencv-matrix
   rows: 1
   cols: 25
   dt: "3f"
   data: [ 9.48758911e+02, 3.02213348e+02, 8.00778031e-01,
       8.23342285e+02, 3.39414154e+02, 6.65157020e-01, 7.97860596e+02,
       2.74827087e+02, 6.38861954e-01, 6.93993652e+02, 2.74722626e+02,
       5.99029541e-01, 6.01863403e+02, 2.14116257e+02, 7.87958682e-01,
       8.50746155e+02, 4.11885559e+02, 6.48502707e-01, 7.44898987e+02,
       4.58901886e+02, 8.08999896e-01, 7.68488647e+02, 3.06132324e+02,
       5.85681796e-01, 5.51004761e+02, 3.21775421e+02, 1.84398413e-01,
       5.54956787e+02, 2.86553192e+02, 2.52044678e-01, 3.59023956e+02,
       2.72836761e+02, 1.24468423e-01, 0., 0., 0., 5.52966309e+02,
       3.82530670e+02, 1.30349010e-01, 0., 0., 0., 0., 0., 0.,
       9.58470032e+02, 2.88414734e+02, 7.02223897e-01, 9.62480225e+02,
       3.19776337e+02, 8.79366517e-01, 9.21271912e+02, 2.72738373e+02,
       2.99222469e-01, 9.46722595e+02, 3.53077209e+02, 6.62473083e-01,
       0., 0., 0., 0., 0., 0., 0., 0., 0., 0., 0., 0., 0., 0., 0., 0.,
       0., 0. ]
