%YAML:1.0
---
pose_0: !!opencv-matrix
   rows: 1
   cols: 25
   dt: "3f"
   data: [ 9.32973633e+02, 3.55122437e+02, 8.48888278e-01,
       8.23340271e+02, 3.59040741e+02, 6.61641717e-01, 8.21317749e+02,
       2.86555511e+02, 6.67302966e-01, 7.29248474e+02, 1.86640549e+02,
       7.26891875e-01, 7.74340698e+02, 2.63003326e+02, 7.99527407e-01,
       8.37110229e+02, 4.31501160e+02, 5.56519091e-01, 7.92007996e+02,
       5.41237488e+02, 8.16816986e-01, 8.37083435e+02, 4.47223541e+02,
       8.21488321e-01, 5.37274536e+02, 3.94292908e+02, 2.58266807e-01,
       5.35336792e+02, 3.51193909e+02, 3.60787243e-01, 3.35490723e+02,
       3.51134766e+02, 2.11191773e-01, 0., 0., 0., 5.27508484e+02,
       4.43263153e+02, 2.00130448e-01, 3.68810974e+02, 4.82449341e+02,
       2.36685649e-01, 1.74879150e+02, 5.21647522e+02, 3.46790642e-01,
       9.42846252e+02, 3.31585358e+02, 7.98662007e-01, 9.46788574e+02,
       3.68779541e+02, 8.28897774e-01, 9.05660522e+02, 3.04146637e+02,
       6.52563691e-01, 9.36931885e+02, 3.84463196e+02, 9.06265453e-02,
       1.10208817e+02, 5.68674622e+02, 2.00617462e-01, 1.16109512e+02,
       5.70646484e+02, 2.14199811e-01, 1.49426620e+02, 5.11832367e+02,
       1.96277142e-01, 0., 0., 0., 0., 0., 0., 0., 0., 0. ]
