%YAML:1.0
---
pose_0: !!opencv-matrix
   rows: 1
   cols: 25
   dt: "3f"
   data: [ 9.68320740e+02, 2.82638306e+02, 7.15862393e-01,
       8.54761353e+02, 2.92414276e+02, 6.09371781e-01, 8.46820923e+02,
       2.08124420e+02, 5.98827481e-01, 7.90016052e+02, 1.63072342e+02,
       2.16250136e-01, 7.72338318e+02, 1.33667938e+02, 2.46079460e-01,
       8.72355591e+02, 3.84507385e+02, 5.82342029e-01, 7.89930664e+02,
       5.17690247e+02, 7.73977995e-01, 8.36997620e+02, 4.27561279e+02,
       8.24812174e-01, 5.66693115e+02, 3.55102051e+02, 1.15448110e-01,
       5.49064209e+02, 3.08093140e+02, 1.69432908e-01, 3.88405396e+02,
       3.25698242e+02, 8.45813081e-02, 8.67080460e+01, 3.66841583e+02,
       6.09071702e-02, 5.88236084e+02, 4.11894592e+02, 1.03288502e-01,
       0., 0., 0., 0., 0., 0., 9.80015198e+02, 2.57142914e+02,
       8.85163307e-01, 9.89838074e+02, 3.02196777e+02, 7.82396376e-01,
       9.48755127e+02, 2.27848816e+02, 6.86696649e-01, 9.70282043e+02,
       3.21925781e+02, 5.45627624e-02, 0., 0., 0., 0., 0., 0., 0., 0.,
       0., 0., 0., 0., 0., 0., 0., 0., 0., 0. ]
