%YAML:1.0
---
pose_0: !!opencv-matrix
   rows: 1
   cols: 25
   dt: "3f"
   data: [ 9.17318298e+02, 2.25759247e+02, 7.29825139e-01,
       8.07608582e+02, 2.90434265e+02, 7.21701086e-01, 7.74313782e+02,
       2.41448883e+02, 5.73600054e-01, 6.54859863e+02, 2.59128113e+02,
       4.42219138e-01, 5.68599243e+02, 2.25754868e+02, 5.50162554e-01,
       8.37087402e+02, 3.51143524e+02, 6.79521203e-01, 6.97916138e+02,
       3.84487671e+02, 8.07116210e-01, 5.72609314e+02, 2.72892517e+02,
       7.83979237e-01, 5.31412231e+02, 3.41386688e+02, 2.65177161e-01,
       5.25562866e+02, 3.06091827e+02, 2.31694490e-01, 3.23733124e+02,
       1.96411209e+02, 7.18910515e-01, 1.96392563e+02, 3.12013641e+02,
       3.26003671e-01, 5.52959717e+02, 3.82537140e+02, 2.65812278e-01,
       3.80551910e+02, 2.90446198e+02, 7.78014138e-02, 0., 0., 0.,
       9.23292480e+02, 2.14009033e+02, 6.81860983e-01, 9.33117371e+02,
       2.45365829e+02, 8.52929235e-01, 8.95807312e+02, 2.10198288e+02,
       1.12897262e-01, 9.15360962e+02, 2.94359680e+02, 8.37444007e-01,
       0., 0., 0., 0., 0., 0., 0., 0., 0., 1.39583374e+02,
       2.62997162e+02, 3.39622557e-01, 1.39617554e+02, 2.66920532e+02,
       2.75752097e-01, 0., 0., 0. ]
