%YAML:1.0
---
pose_0: !!opencv-matrix
   rows: 1
   cols: 25
   dt: "3f"
   data: [ 9.19327881e+02, 1.78747208e+02, 7.63511181e-01,
       8.39079651e+02, 2.59149139e+02, 6.81247532e-01, 8.19394836e+02,
       2.29724380e+02, 4.99663323e-01, 7.13623352e+02, 2.33613480e+02,
       3.56776208e-01, 6.03979370e+02, 2.00321838e+02, 7.96954811e-01,
       8.60583557e+02, 2.94382233e+02, 6.14964604e-01, 7.27271423e+02,
       3.59025269e+02, 6.92802787e-01, 5.70537231e+02, 2.72756012e+02,
       7.03423202e-01, 5.68632568e+02, 3.06130005e+02, 1.17853343e-01,
       5.94127075e+02, 2.57141418e+02, 1.05787873e-01, 2.86540375e+02,
       3.17899414e+02, 6.45645559e-02, 8.67541885e+01, 3.82495209e+02,
       1.54989123e-01, 6.17624451e+02, 3.57082672e+02, 5.91015480e-02,
       3.51151672e+02, 1.96391098e+02, 1.90679476e-01, 0., 0., 0.,
       9.42784363e+02, 1.72933594e+02, 1.82864249e-01, 9.46826172e+02,
       1.94377777e+02, 8.05552244e-01, 0., 0., 0., 9.46689026e+02,
       2.55201797e+02, 8.14619303e-01, 0., 0., 0., 0., 0., 0., 0., 0.,
       0., 6.71247940e+01, 4.09929169e+02, 1.27499163e-01,
       6.70914001e+01, 4.07968292e+02, 1.22783795e-01, 0., 0., 0. ]
