%YAML:1.0
---
pose_0: !!opencv-matrix
   rows: 1
   cols: 25
   dt: "3f"
   data: [ 8.95789490e+02, 3.37412506e+02, 7.93671072e-01,
       8.15522705e+02, 3.02193848e+02, 6.42407656e-01, 8.23381470e+02,
       2.17977905e+02, 6.41257823e-01, 7.07778564e+02, 1.64990448e+02,
       7.96220541e-01, 7.90072632e+02, 2.72751129e+02, 8.14843059e-01,
       7.99795898e+02, 3.78629944e+02, 4.43919122e-01, 6.70529480e+02,
       4.13852600e+02, 4.65075016e-01, 6.82204834e+02, 3.96251465e+02,
       6.51087999e-01, 5.52980042e+02, 2.82630157e+02, 1.85525402e-01,
       5.47102173e+02, 2.43448441e+02, 2.53238112e-01, 3.60979736e+02,
       2.59185394e+02, 4.24271524e-01, 1.88541763e+02, 2.74727722e+02,
       3.46108764e-01, 5.31433838e+02, 3.51148529e+02, 1.83565199e-01,
       3.47275665e+02, 3.41392242e+02, 5.50925195e-01, 0., 0., 0.,
       9.13407837e+02, 3.12014160e+02, 7.63989985e-01, 9.13488708e+02,
       3.51078094e+02, 7.42291152e-01, 9.09561218e+02, 2.74750977e+02,
       6.37449026e-01, 0., 0., 0., 0., 0., 0., 0., 0., 0., 0., 0., 0.,
       1.21939888e+02, 2.31671448e+02, 2.18955487e-01, 1.18125130e+02,
       2.29748795e+02, 1.94106743e-01, 1.78730896e+02, 2.78709503e+02,
       1.55511200e-01 ]
