%YAML:1.0
---
pose_0: !!opencv-matrix
   rows: 1
   cols: 25
   dt: "3f"
   data: [ 9.13476196e+02, 3.62934906e+02, 7.21197486e-01,
       8.35108215e+02, 2.86514679e+02, 5.06992340e-01, 8.39046814e+02,
       2.70816254e+02, 7.18229651e-01, 7.29305176e+02, 3.13961426e+02,
       7.45174110e-01, 7.91971436e+02, 4.39334351e+02, 7.59556353e-01,
       8.29203552e+02, 3.10050171e+02, 2.34895274e-01, 0., 0., 0., 0.,
       0., 0., 5.41209839e+02, 3.06160583e+02, 3.08046877e-01,
       5.39236023e+02, 2.88453278e+02, 3.42910647e-01, 3.08094116e+02,
       3.41389557e+02, 5.85571468e-01, 1.02385506e+02, 3.41374268e+02,
       4.10317332e-01, 5.35357056e+02, 3.25713531e+02, 1.43738553e-01,
       3.19844025e+02, 3.35534607e+02, 1.74279392e-01, 0., 0., 0.,
       9.33046875e+02, 3.47234863e+02, 7.52326488e-01, 9.33073547e+02,
       3.66831543e+02, 1.88875020e-01, 9.19371155e+02, 2.94350891e+02,
       8.42171133e-01, 0., 0., 0., 0., 0., 0., 0., 0., 0., 0., 0., 0.,
       7.10326309e+01, 3.84436279e+02, 1.01239786e-01, 5.73178062e+01,
       3.68875671e+02, 9.26036686e-02, 7.88800354e+01, 3.35494659e+02,
       2.99395323e-01 ]
