%YAML:1.0
---
pose_0: !!opencv-matrix
   rows: 1
   cols: 25
   dt: "3f"
   data: [ 8.78204773e+02, 2.51235382e+02, 7.34856308e-01,
       7.74343994e+02, 2.70855469e+02, 7.07577646e-01, 7.64600647e+02,
       1.86637085e+02, 6.66923642e-01, 6.52855530e+02, 1.61097107e+02,
       7.07562208e-01, 5.47095947e+02, 1.63168747e+02, 8.19552541e-01,
       7.74356262e+02, 3.51115875e+02, 6.73018634e-01, 6.66598633e+02,
       3.96260559e+02, 7.70563006e-01, 5.47074768e+02, 4.49184570e+02,
       7.69958496e-01, 5.29476440e+02, 2.84587830e+02, 3.01702768e-01,
       5.37275635e+02, 2.35594330e+02, 3.59966934e-01, 3.66858948e+02,
       2.43475510e+02, 2.99135149e-01, 2.02296387e+02, 2.39529144e+02,
       1.08272716e-01, 5.27532776e+02, 3.31600128e+02, 3.35269898e-01,
       3.45315491e+02, 3.49208832e+02, 2.58330107e-01, 1.53301437e+02,
       3.33542664e+02, 4.72223312e-01, 8.84072266e+02, 2.27820709e+02,
       8.81532967e-01, 8.95787720e+02, 2.61082489e+02, 8.33069205e-01,
       8.56619263e+02, 2.12071365e+02, 6.14688218e-01, 8.84039612e+02,
       2.88417542e+02, 6.16826117e-01, 9.84388046e+01, 3.84472717e+02,
       3.10512573e-01, 1.02319389e+02, 3.84479553e+02, 3.28937411e-01,
       1.25890839e+02, 3.19771484e+02, 3.19335580e-01, 1.94464401e+02,
       2.49327972e+02, 5.46163321e-02, 0., 0., 0., 0., 0., 0. ]
