%YAML:1.0
---
pose_0: !!opencv-matrix
   rows: 1
   cols: 25
   dt: "3f"
   data: [ 9.40871338e+02, 3.04142487e+02, 7.82150149e-01,
       8.36991516e+02, 2.94403259e+02, 6.56581044e-01, 8.37000793e+02,
       2.16006226e+02, 6.43764973e-01, 7.46937256e+02, 1.49383881e+02,
       7.64230311e-01, 8.19432556e+02, 2.45357254e+02, 7.06501186e-01,
       8.39042725e+02, 3.78638611e+02, 6.68382883e-01, 7.74349365e+02,
       4.88307770e+02, 6.17021322e-01, 8.13543213e+02, 4.74564087e+02,
       6.78251803e-01, 5.90190308e+02, 2.90455200e+02, 1.66874483e-01,
       5.74521179e+02, 2.84574707e+02, 2.59547889e-01, 3.19827332e+02,
       3.21767853e+02, 1.41695827e-01, 8.67648392e+01, 3.64894135e+02,
       1.20940566e-01, 0., 0., 0., 0., 0., 0., 0., 0., 0.,
       9.48806458e+02, 2.74786011e+02, 8.54013324e-01, 9.54625366e+02,
       3.19759125e+02, 7.58382678e-01, 9.29105896e+02, 2.43396545e+02,
       6.09581411e-01, 0., 0., 0., 0., 0., 0., 0., 0., 0., 0., 0., 0.,
       0., 0., 0., 0., 0., 0., 8.28119354e+01, 3.66858124e+02,
       1.16017744e-01 ]
