%YAML:1.0
---
pose_0: !!opencv-matrix
   rows: 1
   cols: 25
   dt: "3f"
   data: [ 8.99665466e+02, 2.59045868e+02, 8.56547236e-01,
       8.21429321e+02, 2.25818405e+02, 5.25776207e-01, 8.31195618e+02,
       1.74843964e+02, 5.70106924e-01, 7.88038513e+02, 1.16029350e+02,
       7.94060707e-01, 8.09680298e+02, 2.59171417e+02, 7.68355966e-01,
       8.05709900e+02, 2.70859802e+02, 2.62320817e-01, 7.41060425e+02,
       2.86537842e+02, 5.80610186e-02, 0., 0., 0., 6.15666809e+02,
       2.14043015e+02, 6.44577146e-02, 0., 0., 0., 0., 0., 0., 0., 0.,
       0., 0., 0., 0., 0., 0., 0., 0., 0., 0., 9.03668396e+02,
       2.37581375e+02, 8.26125383e-01, 9.13438843e+02, 2.68879333e+02,
       7.90461481e-01, 8.84075745e+02, 2.10027161e+02, 7.05800414e-01,
       8.99765259e+02, 2.86528107e+02, 8.46993476e-02, 0., 0., 0., 0.,
       0., 0., 0., 0., 0., 0., 0., 0., 0., 0., 0., 0., 0., 0. ]
