%YAML:1.0
---
pose_0: !!opencv-matrix
   rows: 1
   cols: 25
   dt: "3f"
   data: [ 1.06627686e+03, 2.27690201e+02, 6.08194053e-01,
       9.27186401e+02, 2.53223221e+02, 3.10386837e-01, 8.99774719e+02,
       1.31752899e+02, 1.79363281e-01, 8.35096619e+02, 1.19990479e+02,
       5.45261577e-02, 0., 0., 0., 9.29153015e+02, 3.31584656e+02,
       5.08081853e-01, 7.78305664e+02, 4.31565002e+02, 7.75473654e-01,
       8.68412476e+02, 3.06112549e+02, 7.84685850e-01, 0., 0., 0., 0.,
       0., 0., 0., 0., 0., 0., 0., 0., 0., 0., 0., 0., 0., 0., 0., 0.,
       0., 1.07210156e+03, 1.94512939e+02, 7.18541741e-01,
       1.07412720e+03, 2.43366913e+02, 4.69277471e-01, 1.01336591e+03,
       1.59173141e+02, 3.24249446e-01, 1.04471338e+03, 2.68916077e+02,
       8.38003531e-02, 0., 0., 0., 0., 0., 0., 0., 0., 0., 0., 0., 0.,
       0., 0., 0., 0., 0., 0. ]
