%YAML:1.0
---
pose_0: !!opencv-matrix
   rows: 1
   cols: 25
   dt: "3f"
   data: [ 9.52640503e+02, 2.37531998e+02, 6.92158580e-01,
       8.97729004e+02, 3.02192413e+02, 5.77527165e-01, 8.93861328e+02,
       2.72853149e+02, 1.97831780e-01, 0., 0., 0., 0., 0., 0.,
       8.85996033e+02, 3.33503143e+02, 5.59885919e-01, 7.54743225e+02,
       3.08138336e+02, 7.40327597e-01, 7.11743225e+02, 1.90547974e+02,
       8.42238605e-01, 7.50834045e+02, 2.88472229e+02, 9.64370221e-02,
       7.74370117e+02, 2.70874023e+02, 8.26458409e-02, 0., 0., 0., 0.,
       0., 0., 7.27304138e+02, 2.86526520e+02, 7.79011771e-02,
       5.70630188e+02, 2.78700531e+02, 7.52895847e-02, 0., 0., 0.,
       9.70254822e+02, 2.29760818e+02, 3.57606560e-01, 9.80024353e+02,
       2.55130295e+02, 8.11699688e-01, 0., 0., 0., 9.64418762e+02,
       3.06170868e+02, 8.42565536e-01, 0., 0., 0., 0., 0., 0., 0., 0.,
       0., 0., 0., 0., 0., 0., 0., 0., 0., 0. ]
