%YAML:1.0
---
pose_0: !!opencv-matrix
   rows: 1
   cols: 25
   dt: "3f"
   data: [ 9.03638611e+02, 4.45204956e+02, 8.61277997e-01,
       7.92060120e+02, 4.43204773e+02, 6.98505044e-01, 7.89942078e+02,
       3.68845459e+02, 6.78241253e-01, 6.82313232e+02, 2.94360291e+02,
       8.24234366e-01, 6.41173462e+02, 3.66771973e+02, 8.13556135e-01,
       7.91983582e+02, 5.13785583e+02, 5.44844270e-01, 6.82311218e+02,
       5.70544006e+02, 4.65632409e-01, 5.68664734e+02, 6.05908081e+02,
       7.03754067e-01, 5.41192505e+02, 4.64819061e+02, 1.84875026e-01,
       5.31433289e+02, 4.27578949e+02, 2.36058921e-01, 3.80563568e+02,
       4.47194061e+02, 6.80666715e-02, 0., 0., 0., 5.45154785e+02,
       5.09911926e+02, 1.74930260e-01, 0., 0., 0., 0., 0., 0.,
       9.15312073e+02, 4.21678467e+02, 8.23262274e-01, 9.17338562e+02,
       4.58954468e+02, 8.10074449e-01, 8.85984375e+02, 3.94309601e+02,
       5.26491761e-01, 9.05596802e+02, 4.78426697e+02, 9.56008360e-02,
       0., 0., 0., 0., 0., 0., 0., 0., 0., 0., 0., 0., 0., 0., 0., 0.,
       0., 0. ]
