%YAML:1.0
---
pose_0: !!opencv-matrix
   rows: 1
   cols: 25
   dt: "3f"
   data: [ 9.89850098e+02, 2.33632919e+02, 5.45597374e-01,
       8.58591187e+02, 2.45402924e+02, 3.90887171e-01, 8.52677917e+02,
       1.57224014e+02, 5.03197491e-01, 7.07717224e+02, 1.14146149e+02,
       7.34171271e-01, 6.46956543e+02, 1.45477463e+02, 7.15850770e-01,
       8.76249756e+02, 3.43364441e+02, 3.22492540e-01, 7.70434937e+02,
       4.45294525e+02, 7.27692485e-01, 8.35113953e+02, 3.29645874e+02,
       7.35755682e-01, 5.72567444e+02, 2.45380905e+02, 7.56089315e-02,
       5.64720093e+02, 2.06197922e+02, 1.28599748e-01, 0., 0., 0., 0.,
       0., 0., 5.62769226e+02, 3.21809265e+02, 6.35968149e-02, 0., 0.,
       0., 0., 0., 0., 9.95672119e+02, 2.08186829e+02, 6.04096830e-01,
       1.00952264e+03, 2.49326813e+02, 6.59765422e-01, 9.60490112e+02,
       1.80825775e+02, 4.55667555e-01, 9.78118042e+02, 2.66962097e+02,
       2.12454036e-01, 0., 0., 0., 0., 0., 0., 0., 0., 0., 0., 0., 0.,
       0., 0., 0., 0., 0., 0. ]
