%YAML:1.0
---
pose_0: !!opencv-matrix
   rows: 1
   cols: 25
   dt: "3f"
   data: [ 9.13390015e+02, 3.80556671e+02, 7.91505277e-01,
       8.07599304e+02, 4.15818878e+02, 7.32211351e-01, 7.92002747e+02,
       3.55144562e+02, 7.05244958e-01, 6.70497498e+02, 2.80663086e+02,
       6.91149473e-01, 7.11689453e+02, 3.10034302e+02, 7.76910245e-01,
       8.23391907e+02, 4.84428833e+02, 6.51329696e-01, 7.35154602e+02,
       5.27494385e+02, 7.77539909e-01, 7.88059814e+02, 4.13895721e+02,
       7.81900108e-01, 5.52979370e+02, 4.35418427e+02, 2.31556773e-01,
       5.52970642e+02, 3.98145966e+02, 3.58339071e-01, 3.51186554e+02,
       4.00171112e+02, 2.91675687e-01, 0., 0., 0., 5.39263611e+02,
       4.84391937e+02, 1.76597178e-01, 3.78579681e+02, 5.05945465e+02,
       1.24546923e-01, 0., 0., 0., 9.15352417e+02, 3.64901611e+02,
       8.87395203e-01, 9.25245239e+02, 3.96198090e+02, 7.70041347e-01,
       8.82117065e+02, 3.53070404e+02, 5.97785830e-01, 9.09540222e+02,
       4.29503448e+02, 5.44031858e-01, 0., 0., 0., 0., 0., 0., 0., 0.,
       0., 0., 0., 0., 0., 0., 0., 0., 0., 0. ]
