%YAML:1.0
---
pose_0: !!opencv-matrix
   rows: 1
   cols: 25
   dt: "3f"
   data: [ 8.72312256e+02, 2.43456680e+02, 7.36885369e-01,
       8.05613159e+02, 2.68888306e+02, 7.01810002e-01, 8.01812317e+02,
       2.00337372e+02, 5.93407810e-01, 8.35071533e+02, 1.16029228e+02,
       8.24468195e-01, 9.19399963e+02, 1.88548660e+02, 7.88367271e-01,
       8.09626587e+02, 3.33491577e+02, 6.32840395e-01, 8.64450928e+02,
       3.86411987e+02, 8.27625036e-01, 9.31022095e+02, 3.04081390e+02,
       8.57133627e-01, 5.76476318e+02, 3.04164001e+02, 3.24626207e-01,
       5.74552979e+02, 2.59135803e+02, 3.86971653e-01, 3.60960602e+02,
       2.80659424e+02, 3.71408850e-01, 1.76815628e+02, 2.88471924e+02,
       5.27519047e-01, 5.82343933e+02, 3.49222870e+02, 3.80681425e-01,
       4.00167419e+02, 3.51183990e+02, 2.64464706e-01, 1.67046631e+02,
       3.66882690e+02, 7.99534768e-02, 8.82110352e+02, 2.33614349e+02,
       7.11193621e-01, 8.85996704e+02, 2.59039917e+02, 8.04412961e-01,
       8.60559509e+02, 2.23784302e+02, 2.46220082e-01, 8.80174377e+02,
       2.88380829e+02, 7.48582125e-01, 0., 0., 0., 0., 0., 0.,
       1.35729401e+02, 3.66812164e+02, 7.73279667e-02, 1.43518204e+02,
       2.45417618e+02, 1.46161392e-01, 1.45446228e+02, 2.47362488e+02,
       1.18962154e-01, 1.63134644e+02, 3.00258179e+02, 3.92142206e-01 ]
