%YAML:1.0
---
pose_0: !!opencv-matrix
   rows: 1
   cols: 25
   dt: "3f"
   data: [ 8.44907959e+02, 2.90473999e+02, 7.63773799e-01,
       7.60626587e+02, 2.88424225e+02, 7.61331558e-01, 7.64576294e+02,
       2.19930695e+02, 6.96606696e-01, 6.86186890e+02, 1.92452347e+02,
       7.42081404e-01, 7.13632751e+02, 3.21836761e+02, 7.60833502e-01,
       7.46923584e+02, 3.53114166e+02, 5.76146245e-01, 6.66659119e+02,
       4.41260773e+02, 6.53897345e-01, 6.84266663e+02, 4.17846313e+02,
       4.74178284e-01, 5.70580688e+02, 2.90413361e+02, 2.66571075e-01,
       5.52974243e+02, 2.51268188e+02, 2.60127038e-01, 3.66874756e+02,
       2.12052582e+02, 2.63338298e-01, 3.02216522e+02, 1.80670822e+02,
       5.15744984e-02, 5.70625000e+02, 3.33564789e+02, 2.25744471e-01,
       3.29647552e+02, 3.33567505e+02, 3.31798911e-01, 1.65095184e+02,
       3.47254974e+02, 4.55558121e-01, 8.58614319e+02, 2.72835266e+02,
       8.21241379e-01, 8.58592102e+02, 3.06119598e+02, 7.84863651e-01,
       8.42895142e+02, 2.53207275e+02, 6.53305113e-01, 8.38952271e+02,
       3.19912109e+02, 2.11343318e-01, 1.18087822e+02, 3.64909424e+02,
       3.59661520e-01, 1.29765091e+02, 3.68818146e+02, 3.88373166e-01,
       1.45467773e+02, 3.37424072e+02, 2.07309857e-01, 0., 0., 0., 0.,
       0., 0., 0., 0., 0. ]
