%YAML:1.0
---
pose_0: !!opencv-matrix
   rows: 1
   cols: 25
   dt: "3f"
   data: [ 9.52614258e+02, 2.88503265e+02, 7.06113577e-01,
       8.48801941e+02, 2.68908112e+02, 5.13518512e-01, 8.54689026e+02,
       2.14079773e+02, 2.81470478e-01, 0., 0., 0., 0., 0., 0.,
       8.44883850e+02, 3.21765564e+02, 4.66927052e-01, 8.29190247e+02,
       4.15799713e+02, 8.08882177e-01, 9.01715454e+02, 4.06008606e+02,
       7.31350839e-01, 6.25461182e+02, 2.61058411e+02, 1.92054361e-01,
       6.25451782e+02, 3.00245758e+02, 1.65748060e-01, 5.51015930e+02,
       3.57082275e+02, 1.35820314e-01, 3.68779297e+02, 3.53198914e+02,
       1.06856950e-01, 6.46998352e+02, 2.41455872e+02, 1.36123389e-01,
       0., 0., 0., 0., 0., 0., 9.66345825e+02, 2.59121155e+02,
       7.70285785e-01, 9.74160706e+02, 2.96359253e+02, 6.59343421e-01,
       9.52633118e+02, 2.19957413e+02, 5.86778402e-01, 0., 0., 0., 0.,
       0., 0., 0., 0., 0., 0., 0., 0., 0., 0., 0., 0., 0., 0., 0., 0.,
       0. ]
