%YAML:1.0
---
pose_0: !!opencv-matrix
   rows: 1
   cols: 25
   dt: "3f"
   data: [ 9.17364441e+02, 2.45425385e+02, 8.19439769e-01,
       8.05740540e+02, 2.59164154e+02, 6.55245245e-01, 7.93981934e+02,
       1.80775009e+02, 7.04101682e-01, 6.70541687e+02, 1.45402008e+02,
       7.16092646e-01, 5.70615601e+02, 1.33763977e+02, 8.38550270e-01,
       8.09590271e+02, 3.49163574e+02, 6.65632665e-01, 7.09700012e+02,
       3.76688721e+02, 6.96570039e-01, 6.11751343e+02, 3.51117035e+02,
       7.85734057e-01, 5.39255615e+02, 2.64968170e+02, 1.61780700e-01,
       5.39258362e+02, 2.23831879e+02, 2.31816903e-01, 3.35507141e+02,
       2.41507080e+02, 1.88403696e-01, 0., 0., 0., 5.25535950e+02,
       3.19871796e+02, 1.64687037e-01, 3.49237091e+02, 3.39437988e+02,
       2.65534461e-01, 1.61123657e+02, 3.62958618e+02, 2.57179022e-01,
       9.29114380e+02, 2.27760040e+02, 8.89847457e-01, 9.33013245e+02,
       2.63031036e+02, 8.24528515e-01, 9.01737244e+02, 2.10077606e+02,
       4.55738991e-01, 9.03720520e+02, 2.90383392e+02, 5.10203838e-01,
       9.84533081e+01, 3.92307251e+02, 1.02881454e-01, 0., 0., 0.,
       1.59184952e+02, 3.78583099e+02, 6.60342425e-02, 0., 0., 0., 0.,
       0., 0., 0., 0., 0. ]
