%YAML:1.0
---
pose_0: !!opencv-matrix
   rows: 1
   cols: 25
   dt: "3f"
   data: [ 9.27169312e+02, 1.94359863e+02, 8.09878230e-01,
       8.07617798e+02, 2.10160400e+02, 6.80486083e-01, 7.93942322e+02,
       1.27822952e+02, 5.90079188e-01, 6.60734802e+02, 1.16086090e+02,
       2.73836970e-01, 5.43173340e+02, 1.25862091e+02, 2.35996827e-01,
       8.19399048e+02, 3.00263641e+02, 6.80404305e-01, 6.97965820e+02,
       3.49179016e+02, 6.44390225e-01, 5.70640808e+02, 3.53211090e+02,
       8.21341097e-01, 5.64731323e+02, 2.43431595e+02, 1.83191150e-01,
       5.49039429e+02, 1.96427231e+02, 2.55382091e-01, 3.53148315e+02,
       3.37470703e+02, 1.17464267e-01, 2.66934937e+02, 3.70807373e+02,
       8.14303383e-02, 5.78448608e+02, 2.98288483e+02, 1.50207043e-01,
       4.25631531e+02, 3.21812042e+02, 6.31046072e-02, 0., 0., 0.,
       9.31142151e+02, 1.67020035e+02, 8.99866283e-01, 9.44747803e+02,
       2.04220261e+02, 8.25051546e-01, 8.99745972e+02, 1.51328094e+02,
       6.81209445e-01, 9.31096069e+02, 2.25686432e+02, 3.54862213e-01,
       0., 0., 0., 0., 0., 0., 0., 0., 0., 0., 0., 0., 0., 0., 0., 0.,
       0., 0. ]
