%YAML:1.0
---
pose_0: !!opencv-matrix
   rows: 1
   cols: 25
   dt: "3f"
   data: [ 1.05448047e+03, 2.57131439e+02, 7.47186899e-01,
       9.15425354e+02, 2.72845276e+02, 5.22220194e-01, 8.99692871e+02,
       1.67072556e+02, 5.56245506e-01, 7.56679626e+02, 9.84683075e+01,
       4.75609809e-01, 7.41002319e+02, 1.23917755e+02, 5.93097925e-01,
       9.31106384e+02, 3.66831696e+02, 2.44106859e-01, 7.72396301e+02,
       4.76577179e+02, 6.74490929e-01, 8.93853333e+02, 3.84495270e+02,
       6.60083473e-01, 0., 0., 0., 0., 0., 0., 0., 0., 0., 0., 0., 0.,
       0., 0., 0., 0., 0., 0., 0., 0., 0., 1.06040820e+03,
       2.27748108e+02, 8.44844937e-01, 1.07407080e+03, 2.78670349e+02,
       7.32624173e-01, 1.02513879e+03, 1.94506882e+02, 3.48661184e-01,
       1.05253271e+03, 3.11991791e+02, 8.66709948e-02, 0., 0., 0., 0.,
       0., 0., 0., 0., 0., 0., 0., 0., 0., 0., 0., 0., 0., 0. ]
