%YAML:1.0
---
pose_0: !!opencv-matrix
   rows: 1
   cols: 25
   dt: "3f"
   data: [ 8.86070923e+02, 4.47138214e+02, 7.17832267e-01,
       8.31138306e+02, 4.62874420e+02, 6.51144922e-01, 8.23353699e+02,
       3.94298859e+02, 4.02695179e-01, 8.86093811e+02, 3.43321442e+02,
       8.04964185e-01, 9.03709106e+02, 4.47248993e+02, 7.40066290e-01,
       8.38961670e+02, 5.23610718e+02, 5.97769976e-01, 9.38929565e+02,
       5.76464233e+02, 7.32045710e-01, 9.93704651e+02, 4.72619904e+02,
       2.85254180e-01, 6.09792908e+02, 4.35425598e+02, 6.99525625e-02,
       0., 0., 0., 0., 0., 0., 0., 0., 0., 0., 0., 0., 0., 0., 0., 0.,
       0., 0., 8.97784180e+02, 4.47155762e+02, 2.27315724e-01,
       8.99674255e+02, 4.60954468e+02, 4.63105917e-01, 0., 0., 0.,
       8.84046997e+02, 4.78576874e+02, 2.54658699e-01, 0., 0., 0., 0.,
       0., 0., 0., 0., 0., 0., 0., 0., 0., 0., 0., 0., 0., 0. ]
