%YAML:1.0
---
pose_0: !!opencv-matrix
   rows: 1
   cols: 25
   dt: "3f"
   data: [ 1.05642578e+03, 2.53245193e+02, 5.47208488e-01,
       9.19372803e+02, 2.35571198e+02, 4.66590792e-01, 9.17432129e+02,
       1.43542252e+02, 5.01490533e-01, 8.39000549e+02, 1.10212585e+02,
       1.31350547e-01, 7.76341064e+02, 9.25974884e+01, 1.62760779e-01,
       9.31069153e+02, 3.29627289e+02, 4.81146812e-01, 7.54734985e+02,
       4.49203247e+02, 6.20073795e-01, 7.76255615e+02, 3.70795349e+02,
       6.42010629e-01, 0., 0., 0., 0., 0., 0., 0., 0., 0., 0., 0., 0.,
       0., 0., 0., 0., 0., 0., 0., 0., 0., 1.09565356e+03,
       2.27686264e+02, 6.48118436e-01, 1.07218127e+03, 2.72720398e+02,
       5.62166393e-01, 1.08778564e+03, 1.88578064e+02, 2.53914475e-01,
       0., 0., 0., 0., 0., 0., 0., 0., 0., 0., 0., 0., 0., 0., 0., 0.,
       0., 0., 0., 0., 0. ]
