%YAML:1.0
---
pose_0: !!opencv-matrix
   rows: 1
   cols: 25
   dt: "3f"
   data: [ 9.13392151e+02, 2.64978668e+02, 7.74873793e-01,
       8.21314148e+02, 2.27752060e+02, 5.54985464e-01, 8.23338623e+02,
       1.65032272e+02, 6.19624913e-01, 7.58727417e+02, 1.10180069e+02,
       7.63572395e-01, 7.92051758e+02, 2.59158508e+02, 8.09554875e-01,
       8.03742493e+02, 2.94397522e+02, 4.09616172e-01, 0., 0., 0., 0.,
       0., 0., 5.00086731e+02, 2.57136475e+02, 5.21836579e-02, 0., 0.,
       0., 0., 0., 0., 0., 0., 0., 0., 0., 0., 0., 0., 0., 0., 0., 0.,
       9.21304077e+02, 2.43348053e+02, 8.51557136e-01, 9.27122742e+02,
       2.68898865e+02, 7.73622274e-01, 8.91880554e+02, 2.02301636e+02,
       7.85812378e-01, 0., 0., 0., 0., 0., 0., 0., 0., 0., 0., 0., 0.,
       0., 0., 0., 0., 0., 0., 0., 0., 0. ]
