%YAML:1.0
---
pose_0: !!opencv-matrix
   rows: 1
   cols: 25
   dt: "3f"
   data: [ 8.82076965e+02, 4.76561798e+02, 8.33913922e-01,
       7.93945801e+02, 5.17675110e+02, 5.91628969e-01, 7.74338135e+02,
       4.78593750e+02, 3.54333758e-01, 6.62668274e+02, 4.80549225e+02,
       1.84163496e-01, 5.72556458e+02, 4.60847168e+02, 2.61431158e-01,
       8.09591980e+02, 5.58826965e+02, 7.12831795e-01, 7.37120667e+02,
       4.78519196e+02, 6.24341547e-01, 6.90120178e+02, 3.51206512e+02,
       7.55033612e-01, 5.49054626e+02, 5.29464294e+02, 2.33404920e-01,
       5.56899414e+02, 4.96199768e+02, 2.90164888e-01, 3.90370087e+02,
       4.35442566e+02, 5.99787831e-01, 2.17942368e+02, 5.25524414e+02,
       4.54136074e-01, 5.37302429e+02, 5.56881409e+02, 1.60344273e-01,
       3.94272552e+02, 4.39332184e+02, 3.73297840e-01, 2.31696320e+02,
       5.21630249e+02, 5.80131039e-02, 8.84080078e+02, 4.62860870e+02,
       8.89880896e-01, 8.93848572e+02, 4.92228485e+02, 7.84599900e-01,
       8.56678406e+02, 4.58909515e+02, 3.55375350e-01, 8.84039856e+02,
       5.23573547e+02, 7.39352047e-01, 0., 0., 0., 0., 0., 0., 0., 0.,
       0., 1.74841721e+02, 4.92218109e+02, 2.27700815e-01,
       1.74878113e+02, 4.92230713e+02, 1.99687466e-01, 2.08160721e+02,
       5.43220093e+02, 3.58625174e-01 ]
