%YAML:1.0
---
pose_0: !!opencv-matrix
   rows: 1
   cols: 25
   dt: "3f"
   data: [ 9.09556030e+02, 4.29512573e+02, 8.22507739e-01,
       8.23341187e+02, 4.66765381e+02, 3.92834038e-01, 8.03763916e+02,
       4.29555328e+02, 2.84378082e-01, 7.84170410e+02, 3.98132172e+02,
       1.21772692e-01, 0., 0., 0., 8.41030823e+02, 5.21574341e+02,
       6.50842607e-01, 7.84144226e+02, 3.86429718e+02, 7.02810884e-01,
       7.43031067e+02, 2.80640778e+02, 7.91330278e-01, 5.78454285e+02,
       4.94209900e+02, 1.42128557e-01, 5.82367676e+02, 4.60914459e+02,
       1.94740251e-01, 3.64913483e+02, 4.17822113e+02, 2.77176857e-01,
       2.27753571e+02, 4.29536377e+02, 1.95814878e-01, 5.68646912e+02,
       5.37306824e+02, 8.07697475e-02, 3.70785583e+02, 4.17809021e+02,
       2.03182906e-01, 2.25809448e+02, 4.29601959e+02, 1.42239437e-01,
       9.15455261e+02, 4.13837585e+02, 9.10778165e-01, 9.25245483e+02,
       4.45211090e+02, 8.54625940e-01, 8.91880127e+02, 4.02118530e+02,
       3.72984260e-01, 9.15333496e+02, 4.76596954e+02, 7.05026388e-01,
       1.88566254e+02, 4.29566650e+02, 5.59856966e-02, 0., 0., 0., 0.,
       0., 0., 1.90542221e+02, 4.31481903e+02, 9.45406407e-02,
       1.90539276e+02, 4.27569946e+02, 7.90405497e-02, 0., 0., 0. ]
