%YAML:1.0
---
pose_0: !!opencv-matrix
   rows: 1
   cols: 25
   dt: "3f"
   data: [ 1.08784424e+03, 2.61082642e+02, 6.61490440e-01,
       9.19308716e+02, 2.57119507e+02, 4.03840899e-01, 9.19330811e+02,
       1.63070740e+02, 3.63002181e-01, 7.99798950e+02, 1.47400513e+02,
       5.74875399e-02, 0., 0., 0., 9.17363831e+02, 3.41392853e+02,
       2.96703339e-01, 0., 0., 0., 0., 0., 0., 0., 0., 0., 0., 0., 0.,
       0., 0., 0., 0., 0., 0., 0., 0., 0., 0., 0., 0., 0., 0., 0.,
       1.08195776e+03, 2.27683624e+02, 8.18923235e-01, 1.11719910e+03,
       2.66955322e+02, 5.90675950e-01, 1.04078687e+03, 1.72921692e+02,
       3.53864640e-01, 0., 0., 0., 0., 0., 0., 0., 0., 0., 0., 0., 0.,
       0., 0., 0., 0., 0., 0., 0., 0., 0. ]
