%YAML:1.0
---
pose_0: !!opencv-matrix
   rows: 1
   cols: 25
   dt: "3f"
   data: [ 9.35009644e+02, 4.19771881e+02, 7.52274394e-01,
       8.39016479e+02, 4.45229553e+02, 7.41814077e-01, 8.21335510e+02,
       3.68890625e+02, 6.80286765e-01, 7.13572876e+02, 3.19871674e+02,
       6.22076273e-01, 6.13680481e+02, 2.76756866e+02, 7.28814542e-01,
       8.52753601e+02, 5.23548096e+02, 6.44440293e-01, 7.44992737e+02,
       5.72542053e+02, 6.82919145e-01, 6.25489136e+02, 5.39276489e+02,
       7.77563214e-01, 5.96082397e+02, 4.47185181e+02, 2.09545612e-01,
       5.96065796e+02, 4.02129364e+02, 2.64743030e-01, 3.94282166e+02,
       4.04076172e+02, 1.96991593e-01, 0., 0., 0., 6.07838196e+02,
       4.96154419e+02, 1.86712399e-01, 0., 0., 0., 0., 0., 0.,
       9.46732178e+02, 4.04053009e+02, 9.06287789e-01, 9.54561340e+02,
       4.37400513e+02, 7.97911525e-01, 9.19390991e+02, 3.86453949e+02,
       5.43424904e-01, 9.40849731e+02, 4.62851349e+02, 3.87259603e-01,
       0., 0., 0., 0., 0., 0., 0., 0., 0., 0., 0., 0., 0., 0., 0., 0.,
       0., 0. ]
