%YAML:1.0
---
pose_0: !!opencv-matrix
   rows: 1
   cols: 25
   dt: "3f"
   data: [ 1.01136060e+03, 2.12184235e+02, 8.05410862e-01,
       8.89981628e+02, 2.10142303e+02, 4.90580827e-01, 9.05622742e+02,
       1.29812485e+02, 3.87308925e-01, 8.05731140e+02, 5.13674698e+01,
       7.44485855e-01, 8.99662537e+02, 1.31807083e+02, 7.17396975e-01,
       8.80145630e+02, 2.98315308e+02, 4.89692450e-01, 7.19491089e+02,
       3.53213013e+02, 6.88300550e-01, 6.13718994e+02, 3.86461792e+02,
       3.33657473e-01, 6.31339783e+02, 1.98383667e+02, 5.51958270e-02,
       0., 0., 0., 0., 0., 0., 0., 0., 0., 0., 0., 0., 0., 0., 0., 0.,
       0., 0., 1.02709082e+03, 1.84702423e+02, 8.08465302e-01,
       1.02903198e+03, 2.29789871e+02, 7.02051342e-01, 1.01534369e+03,
       1.53299591e+02, 5.18249393e-01, 0., 0., 0., 0., 0., 0., 0., 0.,
       0., 0., 0., 0., 0., 0., 0., 0., 0., 0., 0., 0., 0. ]
