%YAML:1.0
---
pose_0: !!opencv-matrix
   rows: 1
   cols: 25
   dt: "3f"
   data: [ 1.00942981e+03, 2.74850311e+02, 7.53952920e-01,
       8.84112244e+02, 2.92393066e+02, 4.27996844e-01, 8.54646484e+02,
       2.08188019e+02, 3.96572292e-01, 7.74370911e+02, 1.92491013e+02,
       1.64528519e-01, 7.17544373e+02, 1.80772476e+02, 5.44997394e-01,
       9.03635498e+02, 3.94295349e+02, 4.83719617e-01, 7.76262817e+02,
       5.11877686e+02, 7.31484771e-01, 8.54632202e+02, 4.09964386e+02,
       7.15818465e-01, 5.92151794e+02, 2.94366608e+02, 5.52964173e-02,
       0., 0., 0., 0., 0., 0., 0., 0., 0., 0., 0., 0., 0., 0., 0., 0.,
       0., 0., 1.02316260e+03, 2.53254395e+02, 6.87724531e-01,
       1.02705786e+03, 2.98293304e+02, 7.57116556e-01, 9.93737061e+02,
       2.16025818e+02, 3.50248933e-01, 1.01338196e+03, 3.21916351e+02,
       1.09673105e-01, 0., 0., 0., 0., 0., 0., 0., 0., 0., 0., 0., 0.,
       0., 0., 0., 0., 0., 0. ]
