%YAML:1.0
---
pose_0: !!opencv-matrix
   rows: 1
   cols: 25
   dt: "3f"
   data: [ 8.50788391e+02, 1.61154709e+02, 7.93361545e-01,
       7.74359375e+02, 1.84682236e+02, 7.17347503e-01, 7.74304077e+02,
       1.18108383e+02, 6.23377085e-01, 8.21331970e+02, 3.57834129e+01,
       3.03627163e-01, 8.76212036e+02, 2.59707928e+01, 3.50697517e-01,
       7.82189392e+02, 2.43437805e+02, 5.36665261e-01, 8.86007385e+02,
       2.74840332e+02, 8.35601032e-01, 8.99747925e+02, 2.04239426e+02,
       5.18003643e-01, 5.72578613e+02, 1.65065536e+02, 1.63425639e-01,
       5.82341614e+02, 1.20007439e+02, 1.19314246e-01, 0., 0., 0., 0.,
       0., 0., 5.62757935e+02, 1.92509979e+02, 1.83167800e-01,
       3.53119812e+02, 2.27802444e+02, 1.95285589e-01, 1.68975677e+02,
       2.68889069e+02, 1.81204200e-01, 8.58576355e+02, 1.51361450e+02,
       7.00287163e-01, 8.60587524e+02, 1.76790909e+02, 7.75017738e-01,
       0., 0., 0., 8.41031494e+02, 2.08196884e+02, 5.75999558e-01,
       1.12165192e+02, 2.88523651e+02, 2.21549496e-01, 1.20007515e+02,
       2.96328461e+02, 2.39844948e-01, 1.49434402e+02, 2.51252609e+02,
       8.11674744e-02, 0., 0., 0., 0., 0., 0., 0., 0., 0. ]
