%YAML:1.0
---
pose_0: !!opencv-matrix
   rows: 1
   cols: 25
   dt: "3f"
   data: [ 9.36941895e+02, 3.02214752e+02, 7.45535135e-01,
       8.35094971e+02, 2.94388306e+02, 6.74811006e-01, 8.29180054e+02,
       2.16008194e+02, 6.11980915e-01, 7.19513245e+02, 1.49383743e+02,
       7.55863667e-01, 7.89974304e+02, 2.39484863e+02, 6.59044266e-01,
       8.40940552e+02, 3.80539642e+02, 6.89306557e-01, 7.68498108e+02,
       4.78525482e+02, 4.81796861e-01, 7.99813354e+02, 5.15752319e+02,
       1.28603756e-01, 5.41221924e+02, 3.21821930e+02, 2.12290302e-01,
       5.47083801e+02, 2.78683319e+02, 2.57313728e-01, 3.23746002e+02,
       3.31596313e+02, 1.94671690e-01, 8.47765961e+01, 3.66859131e+02,
       1.18791386e-01, 5.43171204e+02, 3.70808380e+02, 1.96664900e-01,
       3.21792236e+02, 3.33510101e+02, 7.49032050e-02, 8.67205811e+01,
       3.64885864e+02, 8.65792558e-02, 9.48818237e+02, 2.74714996e+02,
       8.64565611e-01, 9.52628601e+02, 3.19785980e+02, 7.60560155e-01,
       9.31044373e+02, 2.43428589e+02, 5.45120537e-01, 9.44765076e+02,
       3.37453552e+02, 7.06806257e-02, 0., 0., 0., 0., 0., 0., 0., 0.,
       0., 0., 0., 0., 0., 0., 0., 0., 0., 0. ]
