%YAML:1.0
---
pose_0: !!opencv-matrix
   rows: 1
   cols: 25
   dt: "3f"
   data: [ 9.23241028e+02, 3.29619965e+02, 6.15735292e-01,
       8.33105469e+02, 2.96323273e+02, 6.24958396e-01, 8.25335876e+02,
       2.16006027e+02, 6.83994472e-01, 6.97913025e+02, 1.84633621e+02,
       6.84929848e-01, 6.15604309e+02, 2.37527771e+02, 7.55010843e-01,
       8.37038940e+02, 3.64858856e+02, 5.64056039e-01, 8.39021057e+02,
       4.47157471e+02, 8.24026048e-01, 9.33113220e+02, 3.51128876e+02,
       7.22538471e-01, 5.74513672e+02, 3.23750580e+02, 2.54752338e-01,
       5.72573914e+02, 2.78708282e+02, 3.57716501e-01, 3.51173431e+02,
       2.90409027e+02, 2.29074284e-01, 1.47463135e+02, 3.11987671e+02,
       3.58271211e-01, 5.70623047e+02, 3.76639893e+02, 2.49793872e-01,
       4.41306396e+02, 4.02099182e+02, 1.04368567e-01, 3.37472198e+02,
       3.84496796e+02, 1.04361504e-01, 9.40905579e+02, 3.08139679e+02,
       5.13947070e-01, 9.64392334e+02, 3.41438171e+02, 6.37239099e-01,
       9.35033386e+02, 2.66924805e+02, 7.35382676e-01, 0., 0., 0., 0.,
       0., 0., 0., 0., 0., 3.39465271e+02, 3.82548523e+02,
       5.23202568e-02, 6.90520020e+01, 2.66945953e+02, 1.39597535e-01,
       6.90564423e+01, 2.63049866e+02, 1.06678911e-01, 1.33759216e+02,
       3.29648651e+02, 2.21278504e-01 ]
