%YAML:1.0
---
pose_0: !!opencv-matrix
   rows: 1
   cols: 25
   dt: "3f"
   data: [ 9.68314941e+02, 2.78739624e+02, 7.11648285e-01,
       8.60581360e+02, 3.00273254e+02, 6.21220291e-01, 8.44873108e+02,
       2.16017303e+02, 6.24357104e-01, 8.07620911e+02, 1.80710663e+02,
       5.23935139e-01, 7.42941528e+02, 1.45485123e+02, 8.33970547e-01,
       8.74257935e+02, 3.86470581e+02, 6.07625544e-01, 7.76281860e+02,
       5.05954803e+02, 4.94104326e-01, 7.74406860e+02, 4.80512299e+02,
       3.72662038e-01, 5.90201965e+02, 3.37454041e+02, 1.39472425e-01,
       5.82346680e+02, 2.90467560e+02, 1.73750296e-01, 3.49226288e+02,
       3.35473267e+02, 2.01810911e-01, 0., 0., 0., 6.03919556e+02,
       3.86457123e+02, 1.19275242e-01, 3.78599152e+02, 4.47198212e+02,
       1.64456844e-01, 1.92479172e+02, 4.92217773e+02, 3.66873205e-01,
       9.80039490e+02, 2.57137848e+02, 8.64085972e-01, 9.87916321e+02,
       3.02145538e+02, 7.48438597e-01, 9.50727234e+02, 2.29700653e+02,
       6.60603583e-01, 9.64348877e+02, 3.19859436e+02, 2.15599775e-01,
       1.67059586e+02, 5.29498657e+02, 5.40302210e-02, 0., 0., 0.,
       1.76821960e+02, 4.84403046e+02, 1.89010829e-01, 0., 0., 0., 0.,
       0., 0., 0., 0., 0. ]
