%YAML:1.0
---
pose_0: !!opencv-matrix
   rows: 1
   cols: 25
   dt: "3f"
   data: [ 9.17392456e+02, 1.94428024e+02, 8.04653525e-01,
       8.64502686e+02, 2.66911926e+02, 4.96146530e-01, 0., 0., 0., 0.,
       0., 0., 0., 0., 0., 8.70348633e+02, 2.64979736e+02,
       4.83345479e-01, 7.78280212e+02, 2.17971634e+02, 5.02998233e-01,
       7.56757813e+02, 1.49387985e+02, 6.19503975e-01, 5.60805969e+02,
       3.21822083e+02, 2.10416034e-01, 5.66684448e+02, 2.88438507e+02,
       2.75769889e-01, 3.37487213e+02, 3.37497925e+02, 1.23898678e-01,
       9.05992432e+01, 3.74680420e+02, 2.71842390e-01, 5.43187805e+02,
       3.59019653e+02, 1.66896522e-01, 3.92319794e+02, 3.35473755e+02,
       5.83397001e-02, 0., 0., 0., 9.34973755e+02, 1.94396194e+02,
       2.91048944e-01, 9.38919189e+02, 2.08181900e+02, 7.96328545e-01,
       0., 0., 0., 9.33077820e+02, 2.66900330e+02, 7.94724345e-01, 0.,
       0., 0., 0., 0., 0., 0., 0., 0., 5.53887749e+01, 4.02148926e+02,
       1.56263918e-01, 5.53036957e+01, 3.96253754e+02, 1.59663469e-01,
       7.49491043e+01, 3.82512024e+02, 1.40097529e-01 ]
