%YAML:1.0
---
pose_0: !!opencv-matrix
   rows: 1
   cols: 25
   dt: "3f"
   data: [ 9.95818542e+02, 2.57164581e+02, 7.39956498e-01,
       8.72352173e+02, 2.70868103e+02, 5.71510851e-01, 8.66430908e+02,
       1.76833221e+02, 6.05892420e-01, 7.39117981e+02, 1.02363976e+02,
       7.37972915e-01, 8.17419250e+02, 2.27842667e+02, 7.44668722e-01,
       8.68434875e+02, 3.62963867e+02, 5.11373758e-01, 7.29342651e+02,
       4.51103851e+02, 7.59222150e-01, 7.13672363e+02, 3.92318481e+02,
       6.52615428e-01, 6.27429138e+02, 3.08080353e+02, 6.83542863e-02,
       5.99997803e+02, 2.66947571e+02, 5.59589006e-02, 0., 0., 0., 0.,
       0., 0., 6.64655457e+02, 3.51192902e+02, 6.73732907e-02, 0., 0.,
       0., 0., 0., 0., 1.00753143e+03, 2.37507446e+02, 8.34274590e-01,
       1.01149170e+03, 2.76732147e+02, 7.96357036e-01, 9.76105835e+02,
       2.10102020e+02, 5.64816177e-01, 1.00746210e+03, 3.06024414e+02,
       1.29342884e-01, 0., 0., 0., 0., 0., 0., 0., 0., 0., 0., 0., 0.,
       0., 0., 0., 0., 0., 0. ]
