%YAML:1.0
---
pose_0: !!opencv-matrix
   rows: 1
   cols: 25
   dt: "3f"
   data: [ 8.88048950e+02, 2.53200500e+02, 7.65163064e-01,
       8.05640930e+02, 2.76767212e+02, 6.74510598e-01, 8.03690674e+02,
       2.08162399e+02, 5.79803109e-01, 8.25254944e+02, 1.16009399e+02,
       8.34112585e-01, 9.17362427e+02, 1.86587372e+02, 8.15497279e-01,
       8.05713562e+02, 3.41398102e+02, 6.18735492e-01, 8.54714539e+02,
       4.04129211e+02, 8.19669127e-01, 9.25232239e+02, 3.19830597e+02,
       7.68176675e-01, 5.80410400e+02, 3.13964386e+02, 3.18542331e-01,
       5.90206055e+02, 2.68892273e+02, 3.31218541e-01, 5.37307495e+02,
       2.35615570e+02, 2.19875336e-01, 3.86481659e+02, 2.61053986e+02,
       1.48192614e-01, 5.70613525e+02, 3.49203278e+02, 3.66873294e-01,
       3.72756592e+02, 3.43330780e+02, 3.95001590e-01, 1.86609314e+02,
       3.62902832e+02, 3.56090486e-01, 8.97776184e+02, 2.41349594e+02,
       8.33347201e-01, 9.09513794e+02, 2.59175415e+02, 7.99270272e-01,
       8.54716370e+02, 2.25791153e+02, 1.43104538e-01, 8.87985474e+02,
       2.96334747e+02, 4.50489700e-01, 1.14067757e+02, 3.72713440e+02,
       2.71561891e-01, 1.20043465e+02, 3.78632263e+02, 2.95489192e-01,
       1.76817093e+02, 3.68802460e+02, 1.54435918e-01, 0., 0., 0., 0.,
       0., 0., 0., 0., 0. ]
