%YAML:1.0
---
pose_0: !!opencv-matrix
   rows: 1
   cols: 25
   dt: "3f"
   data: [ 1.01342548e+03, 2.45457016e+02, 6.72159433e-01,
       8.54747131e+02, 2.43427643e+02, 5.32739043e-01, 8.50716064e+02,
       1.51357681e+02, 5.24611771e-01, 7.07702698e+02, 6.70903778e+01,
       7.44760752e-01, 6.07828552e+02, 1.31744522e+02, 7.02174246e-01,
       8.68348572e+02, 3.35486908e+02, 5.00943422e-01, 6.94025269e+02,
       4.15930206e+02, 7.09144473e-01, 8.09583313e+02, 3.21842407e+02,
       6.65908158e-01, 5.86277527e+02, 2.61063568e+02, 7.12761208e-02,
       5.62772766e+02, 2.12107483e+02, 8.08342174e-02, 5.09902832e+02,
       1.63112045e+02, 8.13407823e-02, 3.31563263e+02, 1.37620514e+02,
       1.24054804e-01, 5.80408752e+02, 3.13955383e+02, 8.45592096e-02,
       5.07912903e+02, 3.37513885e+02, 6.45432398e-02, 0., 0., 0.,
       1.02312891e+03, 2.10083298e+02, 7.14930058e-01, 1.03879089e+03,
       2.61082245e+02, 3.96590292e-01, 9.76145935e+02, 1.63075043e+02,
       3.13449740e-01, 0., 0., 0., 0., 0., 0., 0., 0., 0., 0., 0., 0.,
       0., 0., 0., 0., 0., 0., 0., 0., 0. ]
