%YAML:1.0
---
pose_0: !!opencv-matrix
   rows: 1
   cols: 25
   dt: "3f"
   data: [ 8.89982239e+02, 1.21933067e+02, 7.60545969e-01,
       7.84180603e+02, 1.14083801e+02, 6.37864232e-01, 7.84124695e+02,
       2.79250946e+01, 5.53554237e-01, 7.01876648e+02, 5.34838104e+00,
       1.60462946e-01, 6.31293762e+02, 2.59610939e+01, 7.27490544e-01,
       7.86081604e+02, 1.96493149e+02, 6.40728891e-01, 6.90114807e+02,
       2.57124878e+02, 7.44871080e-01, 6.07825195e+02, 2.57222992e+02,
       8.03375483e-01, 5.47100525e+02, 1.29789230e+02, 2.23264426e-01,
       5.54945740e+02, 8.28034363e+01, 2.99953997e-01, 3.51175568e+02,
       8.67124481e+01, 1.56563982e-01, 0., 0., 0., 5.27522583e+02,
       1.67026413e+02, 2.29580790e-01, 3.60994354e+02, 1.84657043e+02,
       3.45066607e-01, 1.74878296e+02, 1.98371353e+02, 2.84017086e-01,
       9.01702393e+02, 1.02317558e+02, 8.92900705e-01, 9.01765808e+02,
       1.35707123e+02, 7.58028388e-01, 8.78194397e+02, 7.10800476e+01,
       6.96674407e-01, 8.89974365e+02, 1.55277283e+02, 1.12051904e-01,
       1.43513870e+02, 1.78805603e+02, 7.81098008e-02, 0., 0., 0.,
       1.51376099e+02, 1.88585770e+02, 1.45717129e-01, 0., 0., 0., 0.,
       0., 0., 0., 0., 0. ]
