%YAML:1.0
---
pose_0: !!opencv-matrix
   rows: 1
   cols: 25
   dt: "3f"
   data: [ 9.03677551e+02, 2.14039398e+02, 8.17148149e-01,
       7.97863098e+02, 2.27833954e+02, 6.62504375e-01, 7.88084534e+02,
       1.49348694e+02, 7.03093290e-01, 6.64619324e+02, 1.16090935e+02,
       8.70957673e-01, 5.84271179e+02, 1.51393234e+02, 7.93661952e-01,
       8.05662170e+02, 3.13944977e+02, 6.85479939e-01, 6.95920898e+02,
       3.68816620e+02, 7.89654911e-01, 6.01980713e+02, 3.33570404e+02,
       8.49608719e-01, 5.74523987e+02, 2.43435837e+02, 2.17317179e-01,
       5.58853210e+02, 1.98349243e+02, 2.94004530e-01, 3.72728638e+02,
       2.17981293e+02, 1.39061540e-01, 0., 0., 0., 5.76487915e+02,
       2.92392456e+02, 1.59620732e-01, 0., 0., 0., 0., 0., 0.,
       9.15386169e+02, 1.96384354e+02, 9.25642908e-01, 9.17434326e+02,
       2.29698700e+02, 8.24876308e-01, 8.88030823e+02, 1.74890472e+02,
       7.00707376e-01, 9.03704224e+02, 2.53229141e+02, 3.78485680e-01,
       0., 0., 0., 0., 0., 0., 0., 0., 0., 0., 0., 0., 0., 0., 0., 0.,
       0., 0. ]
