%YAML:1.0
---
pose_0: !!opencv-matrix
   rows: 1
   cols: 25
   dt: "3f"
   data: [ 1.03101807e+03, 2.10049606e+02, 7.48537719e-01,
       8.86030273e+02, 2.41465622e+02, 5.84577978e-01, 8.68416504e+02,
       1.37662323e+02, 6.09822869e-01, 7.31269714e+02, 1.16009628e+02,
       6.11955702e-01, 5.88287842e+02, 1.17967789e+02, 7.12144673e-01,
       9.01631897e+02, 3.39461243e+02, 5.52000940e-01, 7.76271240e+02,
       4.15844543e+02, 7.74127007e-01, 7.25388306e+02, 2.90457306e+02,
       5.95141113e-01, 5.49055176e+02, 2.53219604e+02, 9.36850682e-02,
       5.45129456e+02, 2.08173065e+02, 1.47505790e-01, 3.39449890e+02,
       2.25763565e+02, 1.84007287e-01, 1.33749908e+02, 2.21850464e+02,
       6.68822825e-02, 5.45149353e+02, 3.08070374e+02, 7.98967555e-02,
       3.35522003e+02, 3.35477661e+02, 1.08040750e-01, 1.29789978e+02,
       3.39467834e+02, 1.11234203e-01, 1.03689929e+03, 1.82735565e+02,
       8.38965774e-01, 1.04668970e+03, 2.27770569e+02, 7.03899860e-01,
       9.95760376e+02, 1.63153656e+02, 3.83313656e-01, 1.01924451e+03,
       2.64989594e+02, 2.93501735e-01, 1.02329430e+02, 3.19786072e+02,
       5.33343814e-02, 1.04341019e+02, 3.27676666e+02, 6.09234124e-02,
       1.29786987e+02, 3.43351013e+02, 6.81316331e-02, 0., 0., 0., 0.,
       0., 0., 0., 0., 0. ]
