%YAML:1.0
---
pose_0: !!opencv-matrix
   rows: 1
   cols: 25
   dt: "3f"
   data: [ 1.00747620e+03, 2.41475540e+02, 7.70655811e-01,
       8.70361755e+02, 2.31670685e+02, 4.58072454e-01, 8.62531921e+02,
       1.43500305e+02, 4.07724202e-01, 7.37116089e+02, 3.77840118e+01,
       4.90226984e-01, 7.70461121e+02, 1.43527786e+02, 7.22031116e-01,
       8.58588562e+02, 3.33522034e+02, 4.59706694e-01, 7.03856750e+02,
       4.07983093e+02, 6.42973125e-01, 7.78314514e+02, 3.45276489e+02,
       7.75597990e-01, 6.52880493e+02, 2.92398346e+02, 8.27226117e-02,
       6.31319824e+02, 2.61067841e+02, 6.86044842e-02, 3.35476227e+02,
       3.47274017e+02, 5.60384393e-02, 3.77410698e+01, 2.76795868e+02,
       1.31025031e-01, 6.70520996e+02, 3.21828522e+02, 7.68181011e-02,
       5.37291016e+02, 3.53161316e+02, 8.21081027e-02, 0., 0., 0.,
       1.01926563e+03, 2.12136826e+02, 7.84494340e-01, 1.01927484e+03,
       2.59112793e+02, 7.06940293e-01, 9.80077820e+02, 1.63101364e+02,
       2.29600042e-01, 0., 0., 0., 0., 0., 0., 0., 0., 0., 0., 0., 0.,
       0., 0., 0., 0., 0., 0., 0., 0., 0. ]
