%YAML:1.0
---
pose_0: !!opencv-matrix
   rows: 2
   cols: 25
   dt: "3f"
   data: [ 9.07588074e+02, 3.68761932e+02, 7.97729194e-01,
       8.25338501e+02, 3.15911102e+02, 3.61357659e-01, 8.31180664e+02,
       2.96299103e+02, 7.07531035e-01, 7.31304504e+02, 3.82570526e+02,
       7.23841906e-01, 7.76342834e+02, 4.78631805e+02, 8.30386281e-01,
       8.29215454e+02, 3.45322723e+02, 1.47855476e-01, 0., 0., 0., 0.,
       0., 0., 5.09884003e+02, 3.04194275e+02, 2.73985505e-01,
       5.13780334e+02, 2.76763550e+02, 2.17783079e-01, 3.31603210e+02,
       3.82460968e+02, 4.47511375e-01, 1.25895706e+02, 3.51138977e+02,
       2.21904218e-01, 5.07883179e+02, 3.33519867e+02, 1.61034122e-01,
       3.23790955e+02, 3.53154510e+02, 3.58644426e-01, 1.21978188e+02,
       3.51195129e+02, 1.88667119e-01, 9.25178223e+02, 3.39488922e+02,
       6.78483784e-01, 9.25220825e+02, 3.78584442e+02, 7.57248640e-01,
       9.01731995e+02, 3.04237457e+02, 8.92641366e-01, 0., 0., 0.,
       6.12510681e+01, 3.21765228e+02, 1.00741640e-01, 6.71062164e+01,
       3.35487732e+02, 8.92931819e-02, 8.86752396e+01, 3.55130371e+02,
       1.19293451e-01, 0., 0., 0., 0., 0., 0., 1.02401161e+02,
       3.51201447e+02, 1.45542622e-01, 0., 0., 0., 0., 0., 0., 0., 0.,
       0., 0., 0., 0., 0., 0., 0., 7.27324280e+02, 3.39432709e+02,
       1.08831689e-01, 6.66610840e+02, 3.96256592e+02, 7.50883520e-01,
       7.25360107e+02, 4.88278717e+02, 7.58751512e-01, 0., 0., 0., 0.,
       0., 0., 0., 0., 0., 0., 0., 0., 0., 0., 0., 0., 0., 0., 0., 0.,
       0., 0., 0., 0., 0., 0., 0., 0., 0., 0., 0., 0., 0., 0., 0., 0.,
       0., 0., 0., 0., 0., 0., 0., 0., 0., 0., 0., 0., 0., 0., 0. ]
