%YAML:1.0
---
pose_0: !!opencv-matrix
   rows: 1
   cols: 25
   dt: "3f"
   data: [ 8.80115479e+02, 4.43198486e+02, 7.83608794e-01,
       7.72430115e+02, 4.29491486e+02, 7.18947947e-01, 7.60620117e+02,
       3.55137451e+02, 7.25814641e-01, 6.54834412e+02, 3.19810547e+02,
       6.57503366e-01, 6.70498840e+02, 2.92438293e+02, 6.44707799e-01,
       7.76383667e+02, 4.96143188e+02, 6.12256706e-01, 6.95965637e+02,
       5.58851807e+02, 8.10958743e-01, 6.80253662e+02, 6.72489807e+02,
       7.65851974e-01, 5.49062317e+02, 4.54996246e+02, 3.20267737e-01,
       5.45122314e+02, 4.11859863e+02, 4.15333629e-01, 3.86443359e+02,
       4.15825439e+02, 1.70156285e-01, 0., 0., 0., 5.56931702e+02,
       5.00090515e+02, 3.82155180e-01, 3.94271973e+02, 5.17710205e+02,
       2.58341610e-01, 3.78592804e+02, 5.05920715e+02, 6.33154735e-02,
       8.86050903e+02, 4.15849213e+02, 8.59051824e-01, 8.89964233e+02,
       4.45292816e+02, 7.71983624e-01, 8.56643494e+02, 3.82599762e+02,
       8.67514253e-01, 0., 0., 0., 0., 0., 0., 0., 0., 0., 0., 0., 0.,
       0., 0., 0., 0., 0., 0., 0., 0., 0. ]
