%YAML:1.0
---
pose_0: !!opencv-matrix
   rows: 1
   cols: 25
   dt: "3f"
   data: [ 9.15461182e+02, 3.45324432e+02, 8.19980502e-01,
       7.97876892e+02, 3.62951508e+02, 6.70759737e-01, 7.88092102e+02,
       2.80649384e+02, 6.88741028e-01, 6.58788025e+02, 2.72787689e+02,
       6.95392251e-01, 5.39241699e+02, 2.61090668e+02, 7.99690247e-01,
       8.07705750e+02, 4.45138275e+02, 6.47027671e-01, 6.96032104e+02,
       4.82449768e+02, 6.47428274e-01, 5.51016113e+02, 5.09963806e+02,
       7.55187988e-01, 5.25577454e+02, 3.82537659e+02, 3.32246721e-01,
       5.29470337e+02, 3.35533844e+02, 4.01046902e-01, 3.55130432e+02,
       3.21802368e+02, 1.29497170e-01, 3.31594452e+02, 3.06136292e+02,
       6.37074187e-02, 5.25542725e+02, 4.27555817e+02, 4.04182374e-01,
       3.70767487e+02, 4.64819275e+02, 5.25621831e-01, 0., 0., 0.,
       9.23289917e+02, 3.21791809e+02, 8.64973426e-01, 9.31091492e+02,
       3.59061981e+02, 8.14554214e-01, 8.97750122e+02, 3.00257629e+02,
       5.78996301e-01, 9.15350586e+02, 3.82459656e+02, 2.75577843e-01,
       0., 0., 0., 0., 0., 0., 0., 0., 0., 0., 0., 0., 0., 0., 0.,
       3.31605011e+02, 3.06130463e+02, 6.31500334e-02 ]
