%YAML:1.0
---
pose_0: !!opencv-matrix
   rows: 3
   cols: 25
   dt: "3f"
   data: [ 8.97724976e+02, 3.02166779e+02, 6.03967309e-01,
       7.90049805e+02, 3.06132782e+02, 5.84668398e-01, 0., 0., 0., 0.,
       0., 0., 0., 0., 0., 0., 0., 0., 0., 0., 0., 0., 0., 0.,
       5.66690918e+02, 3.23783020e+02, 2.99738497e-01, 5.82342529e+02,
       2.82601227e+02, 3.25953901e-01, 3.84507477e+02, 2.57149750e+02,
       2.70580053e-01, 2.12110733e+02, 2.74760437e+02, 4.90979522e-01,
       5.54972717e+02, 3.66873962e+02, 3.50722432e-01, 3.41385376e+02,
       3.84491699e+02, 4.11814988e-01, 1.53302521e+02, 3.82550507e+02,
       5.84759176e-01, 8.82119263e+02, 2.76730774e+02, 4.60814893e-01,
       8.97725769e+02, 2.84586670e+02, 2.93721557e-01, 8.41029175e+02,
       2.72769440e+02, 3.12654614e-01, 0., 0., 0., 1.16021912e+02,
       4.37407440e+02, 2.82554179e-01, 1.20011581e+02, 4.37405762e+02,
       2.55789727e-01, 1.33683258e+02, 3.68847748e+02, 4.65656668e-01,
       1.67058716e+02, 2.31676666e+02, 2.31929794e-01, 1.69004639e+02,
       2.31708908e+02, 2.04759270e-01, 2.00337524e+02, 2.84591888e+02,
       3.26904863e-01, 0., 0., 0., 0., 0., 0., 0., 0., 0., 0., 0., 0.,
       0., 0., 0., 7.95894897e+02, 3.76650024e+02, 4.70081538e-01,
       8.54689575e+02, 4.60949677e+02, 8.10125411e-01, 9.15433350e+02,
       3.55122986e+02, 7.95722067e-01, 0., 0., 0., 0., 0., 0., 0., 0.,
       0., 0., 0., 0., 0., 0., 0., 0., 0., 0., 0., 0., 0., 0., 0., 0.,
       0., 0., 0., 0., 0., 0., 0., 0., 0., 0., 0., 0., 0., 0., 0., 0.,
       0., 0., 0., 0., 0., 0., 0., 0., 0., 0., 0., 0., 0., 0., 0., 0.,
       0., 0., 0., 0., 0., 0., 0., 0., 0., 0., 7.84151733e+02,
       2.29711273e+02, 3.50386232e-01, 8.36991638e+02, 1.47343277e+02,
       7.33097017e-01, 9.15337830e+02, 2.25818542e+02, 6.26332343e-01,
       0., 0., 0., 0., 0., 0., 0., 0., 0., 0., 0., 0., 0., 0., 0., 0.,
       0., 0., 0., 0., 0., 0., 0., 0., 0., 0., 0., 0., 0., 0., 0., 0.,
       0., 0., 0., 0., 0., 0., 0., 0., 0., 0., 0., 0., 0., 0., 0., 0.,
       0., 0., 0. ]
