%YAML:1.0
---
pose_0: !!opencv-matrix
   rows: 1
   cols: 25
   dt: "3f"
   data: [ 8.80096680e+02, 1.94503342e+02, 7.97314048e-01,
       7.97848083e+02, 2.15980331e+02, 6.30714118e-01, 7.94011047e+02,
       1.45502380e+02, 5.25765657e-01, 8.23405457e+02, 6.90724869e+01,
       4.38739628e-01, 8.85963318e+02, 5.33625412e+01, 3.67810428e-01,
       8.05723083e+02, 2.78711578e+02, 5.86412013e-01, 9.15398376e+02,
       3.04138031e+02, 8.50284994e-01, 9.36979492e+02, 2.39527206e+02,
       5.65549910e-01, 5.56896973e+02, 2.10146255e+02, 2.96862334e-01,
       5.62752747e+02, 1.67041168e+02, 3.08706909e-01, 4.88322540e+02,
       1.47450455e+02, 8.28077644e-02, 0., 0., 0., 5.54932312e+02,
       2.55162888e+02, 2.89186060e-01, 4.09932465e+02, 2.76749420e+02,
       1.40954778e-01, 0., 0., 0., 8.85994324e+02, 1.84672104e+02,
       7.28396535e-01, 8.86120605e+02, 2.10150269e+02, 7.97526002e-01,
       0., 0., 0., 8.74264343e+02, 2.41431458e+02, 4.53053296e-01, 0.,
       0., 0., 0., 0., 0., 0., 0., 0., 0., 0., 0., 0., 0., 0., 0., 0.,
       0. ]
