%YAML:1.0
---
pose_0: !!opencv-matrix
   rows: 1
   cols: 25
   dt: "3f"
   data: [ 8.99770813e+02, 3.78635223e+02, 7.04005837e-01,
       8.38988953e+02, 2.90489044e+02, 4.74092841e-01, 8.29196777e+02,
       2.92473358e+02, 5.05789697e-01, 7.42920776e+02, 3.13954834e+02,
       7.39856482e-01, 7.11596375e+02, 4.31475250e+02, 8.00167441e-01,
       8.52710266e+02, 2.88530670e+02, 3.92412335e-01, 0., 0., 0., 0.,
       0., 0., 5.35353699e+02, 2.66940765e+02, 2.08426803e-01,
       5.23590637e+02, 2.66938416e+02, 2.16696873e-01, 4.47179749e+02,
       3.45319885e+02, 7.19629750e-02, 0., 0., 0., 5.41219910e+02,
       2.59109711e+02, 1.27796784e-01, 2.82624817e+02, 3.59019073e+02,
       2.13509515e-01, 1.45466049e+02, 3.10085205e+02, 1.76394790e-01,
       9.17345276e+02, 3.68738556e+02, 8.11236858e-01, 0., 0., 0.,
       9.19323486e+02, 3.23739075e+02, 8.48565876e-01, 0., 0., 0., 0.,
       0., 0., 0., 0., 0., 1.14139549e+02, 3.13958557e+02,
       5.10425903e-02, 0., 0., 0., 0., 0., 0., 0., 0., 0. ]
