%YAML:1.0
---
pose_0: !!opencv-matrix
   rows: 2
   cols: 25
   dt: "3f"
   data: [ 9.17359863e+02, 2.25828598e+02, 8.36540103e-01,
       8.29225037e+02, 1.80741074e+02, 4.92296487e-01, 8.36982178e+02,
       1.37675797e+02, 6.34629607e-01, 8.13507324e+02, 2.76813477e+02,
       7.64302671e-01, 7.68470337e+02, 3.96196198e+02, 7.91050673e-01,
       8.11574707e+02, 2.14029373e+02, 2.52416402e-01, 6.64661011e+02,
       2.90417267e+02, 7.78055966e-01, 5.68594666e+02, 3.37447021e+02,
       7.14325249e-01, 5.90211853e+02, 1.78800156e+02, 1.22572474e-01,
       0., 0., 0., 0., 0., 0., 0., 0., 0., 5.96075745e+02,
       1.76828232e+02, 6.57899454e-02, 3.66838135e+02, 3.27664185e+02,
       1.84242368e-01, 1.47430984e+02, 3.21813141e+02, 2.95503855e-01,
       9.31010315e+02, 1.98392166e+02, 8.76570046e-01, 9.32982361e+02,
       2.29716141e+02, 7.60569036e-01, 9.01654053e+02, 1.63100601e+02,
       8.09215903e-01, 0., 0., 0., 0., 0., 0., 0., 0., 0.,
       1.21951942e+02, 2.94394806e+02, 1.87405482e-01, 0., 0., 0., 0.,
       0., 0., 0., 0., 0., 0., 0., 0., 0., 0., 0., 0., 0., 0., 0., 0.,
       0., 0., 0., 0., 0., 0., 0., 0., 0., 0., 0., 0., 0., 0., 0., 0.,
       5.92150146e+02, 1.90537781e+02, 7.78738260e-02, 3.72721924e+02,
       3.39472076e+02, 3.72469097e-01, 1.61141891e+02, 3.21802185e+02,
       2.32083872e-01, 0., 0., 0., 0., 0., 0., 0., 0., 0., 0., 0., 0.,
       0., 0., 0., 0., 0., 0., 0., 0., 0., 0., 0., 0., 0., 0., 0., 0.,
       0., 0., 0., 0., 0., 0., 0., 0., 0., 0., 0. ]
