%YAML:1.0
---
pose_0: !!opencv-matrix
   rows: 1
   cols: 25
   dt: "3f"
   data: [ 8.60566162e+02, 2.72740784e+02, 6.20860875e-01,
       7.74289001e+02, 2.43461914e+02, 4.97408420e-01, 7.86098328e+02,
       1.90524078e+02, 2.56478399e-01, 9.03641418e+02, 2.08166656e+02,
       4.23005104e-01, 9.19356262e+02, 2.74789764e+02, 8.20484236e-02,
       7.60653015e+02, 3.02233246e+02, 5.84024251e-01, 6.80337463e+02,
       3.55119171e+02, 6.45159304e-01, 5.84350098e+02, 4.13911011e+02,
       7.21968472e-01, 5.62765198e+02, 2.37549911e+02, 5.20713255e-02,
       0., 0., 0., 0., 0., 0., 0., 0., 0., 5.68649597e+02,
       2.92404877e+02, 5.07138819e-02, 0., 0., 0., 0., 0., 0.,
       8.70327026e+02, 2.59149994e+02, 5.85341871e-01, 8.76233032e+02,
       2.72867340e+02, 2.56543249e-01, 8.68337402e+02, 2.37531082e+02,
       5.70702732e-01, 0., 0., 0., 0., 0., 0., 0., 0., 0., 0., 0., 0.,
       0., 0., 0., 0., 0., 0., 0., 0., 0. ]
