%YAML:1.0
---
pose_0: !!opencv-matrix
   rows: 1
   cols: 25
   dt: "3f"
   data: [ 8.93837524e+02, 4.60807434e+02, 7.70552516e-01,
       7.92068604e+02, 4.68730011e+02, 6.96882486e-01, 7.89973511e+02,
       3.96242065e+02, 7.10090160e-01, 6.94043213e+02, 3.37463898e+02,
       8.13421786e-01, 6.45057373e+02, 2.64983704e+02, 7.89670408e-01,
       7.93936646e+02, 5.43234985e+02, 6.33004785e-01, 6.84299988e+02,
       5.90211548e+02, 6.76503956e-01, 6.66678528e+02, 6.64662659e+02,
       7.02061653e-01, 5.86259338e+02, 4.76575684e+02, 2.33274996e-01,
       5.92162415e+02, 4.35437195e+02, 2.66189545e-01, 5.25526306e+02,
       4.17807251e+02, 9.84604061e-02, 0., 0., 0., 5.82352966e+02,
       5.25566040e+02, 1.94942787e-01, 4.04104523e+02, 5.35335449e+02,
       1.22734338e-01, 0., 0., 0., 9.01703735e+02, 4.45167419e+02,
       8.92035306e-01, 9.03693054e+02, 4.76495911e+02, 7.92917371e-01,
       8.80159058e+02, 4.27586517e+02, 5.78434706e-01, 8.84083008e+02,
       4.94248322e+02, 5.49434483e-01, 0., 0., 0., 0., 0., 0., 0., 0.,
       0., 0., 0., 0., 0., 0., 0., 0., 0., 0. ]
