%YAML:1.0
---
pose_0: !!opencv-matrix
   rows: 1
   cols: 25
   dt: "3f"
   data: [ 8.97802856e+02, 3.13921478e+02, 7.36531615e-01,
       8.01760132e+02, 3.08057098e+02, 6.46048665e-01, 7.99802979e+02,
       2.31650192e+02, 6.86988592e-01, 6.82346924e+02, 1.80724792e+02,
       8.79366100e-01, 5.92149109e+02, 2.10188889e+02, 8.21911573e-01,
       8.03713928e+02, 3.90365265e+02, 6.14703178e-01, 6.96002258e+02,
       4.33439423e+02, 7.72836983e-01, 6.01904297e+02, 4.53055389e+02,
       7.99458265e-01, 5.56906616e+02, 3.29633942e+02, 2.55698204e-01,
       5.49044128e+02, 2.82625549e+02, 3.27457428e-01, 3.64873383e+02,
       2.92437378e+02, 2.96045363e-01, 1.88543640e+02, 3.11993134e+02,
       4.10838157e-01, 5.72567200e+02, 3.72720032e+02, 2.11580738e-01,
       3.17884338e+02, 3.80595093e+02, 2.14854419e-01, 1.59204865e+02,
       3.78594635e+02, 2.80031621e-01, 9.11509033e+02, 2.94334991e+02,
       8.04779351e-01, 9.11493958e+02, 3.29600922e+02, 7.40502238e-01,
       8.93882568e+02, 2.70816681e+02, 6.14065528e-01, 8.99682373e+02,
       3.49255280e+02, 2.79613614e-01, 1.18069695e+02, 4.27543152e+02,
       2.57731378e-01, 1.23939774e+02, 4.27575867e+02, 2.43277237e-01,
       1.35657104e+02, 3.60984467e+02, 2.06871599e-01, 1.45496826e+02,
       2.78711365e+02, 2.45769009e-01, 1.47380569e+02, 2.76798828e+02,
       2.20634162e-01, 1.76794785e+02, 3.19779053e+02, 2.77429849e-01 ]
