%YAML:1.0
---
pose_0: !!opencv-matrix
   rows: 1
   cols: 25
   dt: "3f"
   data: [ 8.37020325e+02, 2.90538330e+02, 8.29596519e-01,
       7.56705627e+02, 2.86554047e+02, 6.75347567e-01, 7.62619080e+02,
       2.19946259e+02, 7.13444293e-01, 7.09679504e+02, 2.16010178e+02,
       7.66635954e-01, 7.62616699e+02, 3.25736816e+02, 5.31725705e-01,
       7.46902222e+02, 3.53100464e+02, 6.32296264e-01, 6.93973877e+02,
       4.47283295e+02, 8.25834692e-01, 7.42960938e+02, 4.27549011e+02,
       8.62586498e-01, 5.23575317e+02, 2.76722046e+02, 2.23515332e-01,
       5.23598450e+02, 2.37535126e+02, 3.36725563e-01, 3.66823547e+02,
       2.12114990e+02, 2.97868669e-01, 1.94423630e+02, 1.39578140e+02,
       6.51018322e-02, 5.02024994e+02, 3.15935394e+02, 1.81305110e-01,
       3.17875183e+02, 3.33546814e+02, 3.47438395e-01, 1.47436935e+02,
       3.49179962e+02, 3.00063193e-01, 8.52683899e+02, 2.74751434e+02,
       8.40066075e-01, 8.50757813e+02, 3.06097961e+02, 8.09065461e-01,
       8.37064270e+02, 2.53251770e+02, 6.87856615e-01, 8.29218506e+02,
       3.21789154e+02, 1.37081012e-01, 1.18138084e+02, 3.76620087e+02,
       3.46217453e-01, 1.29751541e+02, 3.74674500e+02, 3.64756823e-01,
       1.16110146e+02, 3.45296051e+02, 2.75796443e-01, 0., 0., 0., 0.,
       0., 0., 0., 0., 0. ]
