%YAML:1.0
---
pose_0: !!opencv-matrix
   rows: 1
   cols: 25
   dt: "3f"
   data: [ 8.74278809e+02, 2.33613449e+02, 7.20099211e-01,
       8.09654419e+02, 3.17911194e+02, 5.26080072e-01, 8.23413147e+02,
       3.31615295e+02, 3.95582139e-01, 0., 0., 0., 0., 0., 0.,
       8.07677063e+02, 3.10047577e+02, 4.27728683e-01, 6.78303833e+02,
       2.82639832e+02, 6.47886872e-01, 5.23586853e+02, 2.27715057e+02,
       8.08327019e-01, 5.72564880e+02, 3.53151611e+02, 2.41032809e-01,
       5.62771057e+02, 3.10022522e+02, 2.82358110e-01, 2.90467499e+02,
       2.63046265e+02, 2.80720890e-01, 7.29692001e+01, 4.31525787e+02,
       1.23602942e-01, 5.80399658e+02, 3.96223999e+02, 2.57719189e-01,
       2.86533630e+02, 2.66922272e+02, 2.99646795e-01, 7.10297012e+01,
       4.29499847e+02, 1.86774492e-01, 8.93863098e+02, 2.29686890e+02,
       4.73756462e-01, 8.99801086e+02, 2.49336334e+02, 8.31601024e-01,
       0., 0., 0., 8.87997253e+02, 3.08084747e+02, 8.31844628e-01,
       6.90750275e+01, 4.62817291e+02, 5.86208925e-02, 6.89999847e+01,
       4.60934326e+02, 7.27358907e-02, 0., 0., 0., 6.70947495e+01,
       4.62873413e+02, 5.30747697e-02, 7.10017166e+01, 4.62852905e+02,
       6.04393706e-02, 0., 0., 0. ]
