%YAML:1.0
---
pose_0: !!opencv-matrix
   rows: 1
   cols: 25
   dt: "3f"
   data: [ 1.02714722e+03, 2.25841232e+02, 7.83983171e-01,
       8.87983337e+02, 2.21865921e+02, 5.09429157e-01, 8.78214050e+02,
       1.27843040e+02, 5.47433376e-01, 7.31261780e+02, 8.28029938e+01,
       6.81945682e-01, 6.78300049e+02, 1.37635422e+02, 7.37963378e-01,
       9.03649109e+02, 3.19820038e+02, 4.90751147e-01, 8.03681213e+02,
       4.43201050e+02, 7.54898369e-01, 8.74263000e+02, 3.17815552e+02,
       7.72635460e-01, 6.48961426e+02, 2.33637772e+02, 6.16788305e-02,
       0., 0., 0., 0., 0., 0., 0., 0., 0., 0., 0., 0., 0., 0., 0., 0.,
       0., 0., 1.03489063e+03, 1.94498199e+02, 7.85093069e-01,
       1.04862891e+03, 2.41397873e+02, 7.39962220e-01, 9.97730225e+02,
       1.63095139e+02, 4.99400377e-01, 0., 0., 0., 0., 0., 0., 0., 0.,
       0., 0., 0., 0., 0., 0., 0., 0., 0., 0., 0., 0., 0. ]
