%YAML:1.0
---
pose_0: !!opencv-matrix
   rows: 1
   cols: 25
   dt: "3f"
   data: [ 1.05645667e+03, 1.94395721e+02, 7.58186102e-01,
       8.93841614e+02, 2.14032349e+02, 4.05969501e-01, 8.72308350e+02,
       1.16046059e+02, 3.94935757e-01, 0., 0., 0., 0., 0., 0.,
       9.01743469e+02, 3.04155396e+02, 5.30194044e-01, 7.76336731e+02,
       3.53181274e+02, 5.58928072e-01, 6.01981873e+02, 3.41406982e+02,
       7.41349161e-01, 5.80396912e+02, 2.27757401e+02, 5.00163622e-02,
       0., 0., 0., 0., 0., 0., 0., 0., 0., 0., 0., 0., 0., 0., 0., 0.,
       0., 0., 1.05842969e+03, 1.65002899e+02, 8.30807507e-01,
       1.06824231e+03, 2.10174545e+02, 7.67915726e-01, 1.02122229e+03,
       1.33775467e+02, 2.67461449e-01, 1.04279846e+03, 2.41429352e+02,
       1.60023987e-01, 0., 0., 0., 0., 0., 0., 0., 0., 0., 0., 0., 0.,
       0., 0., 0., 0., 0., 0. ]
