%YAML:1.0
---
pose_0: !!opencv-matrix
   rows: 1
   cols: 25
   dt: "3f"
   data: [ 8.86078308e+02, 3.96182739e+02, 7.52450109e-01,
       7.76346863e+02, 3.94310150e+02, 6.94010794e-01, 7.74293457e+02,
       3.10072845e+02, 6.69842422e-01, 6.50911194e+02, 2.45437317e+02,
       8.42868030e-01, 7.09738647e+02, 2.57127502e+02, 8.27787697e-01,
       7.76260681e+02, 4.62830902e+02, 5.48903167e-01, 6.64719299e+02,
       5.37263000e+02, 8.07543278e-01, 7.60635376e+02, 5.07955658e+02,
       8.79265070e-01, 5.29458984e+02, 4.29570496e+02, 3.12153637e-01,
       5.25573608e+02, 3.82497009e+02, 3.75381768e-01, 3.45288696e+02,
       3.82574738e+02, 2.22375453e-01, 1.45470322e+02, 3.55098145e+02,
       1.90875098e-01, 5.41201294e+02, 4.76582062e+02, 4.25055951e-01,
       3.59035065e+02, 5.00100800e+02, 4.26697314e-01, 1.78720047e+02,
       5.29481812e+02, 4.95662272e-01, 8.99704224e+02, 3.72764160e+02,
       8.33856642e-01, 8.99802551e+02, 4.11861969e+02, 7.74213970e-01,
       8.72296265e+02, 3.51173981e+02, 6.11245394e-01, 8.95823853e+02,
       4.31474792e+02, 1.76969722e-01, 1.23913322e+02, 5.74546753e+02,
       3.27639014e-01, 1.31706940e+02, 5.74521851e+02, 3.82902652e-01,
       1.53293854e+02, 5.29470520e+02, 2.44510069e-01, 0., 0., 0., 0.,
       0., 0., 0., 0., 0. ]
