%YAML:1.0
---
pose_0: !!opencv-matrix
   rows: 1
   cols: 25
   dt: "3f"
   data: [ 9.01774719e+02, 2.06173492e+02, 7.06110716e-01,
       8.40981323e+02, 2.76717682e+02, 3.93962979e-01, 8.27264771e+02,
       2.47353439e+02, 1.40810668e-01, 0., 0., 0., 0., 0., 0.,
       8.52658813e+02, 2.92453094e+02, 5.57614326e-01, 7.46924194e+02,
       2.31678696e+02, 6.77768230e-01, 7.03790833e+02, 1.59219879e+02,
       6.40824318e-01, 5.43183350e+02, 3.37472992e+02, 9.39732864e-02,
       5.49056580e+02, 3.10050568e+02, 1.32497862e-01, 3.08083252e+02,
       2.72794403e+02, 1.39356241e-01, 8.67113266e+01, 3.70784607e+02,
       3.26513648e-01, 5.33381348e+02, 3.66861450e+02, 7.78712779e-02,
       3.11986145e+02, 2.63062958e+02, 2.58225918e-01, 1.29813126e+02,
       3.60992371e+02, 1.13412000e-01, 9.19318726e+02, 1.98428864e+02,
       3.90088022e-01, 9.31063599e+02, 2.23836014e+02, 8.52662563e-01,
       0., 0., 0., 9.17463806e+02, 2.78714752e+02, 8.08963180e-01, 0.,
       0., 0., 0., 0., 0., 0., 0., 0., 5.14310722e+01, 4.09932861e+02,
       1.67204857e-01, 5.14033508e+01, 4.00203583e+02, 1.68312564e-01,
       7.10618057e+01, 3.80551849e+02, 2.13205785e-01 ]
