%YAML:1.0
---
pose_0: !!opencv-matrix
   rows: 1
   cols: 25
   dt: "3f"
   data: [ 9.15376709e+02, 3.35455505e+02, 8.33334506e-01,
       8.25272217e+02, 2.59077148e+02, 6.87372625e-01, 8.35118225e+02,
       2.27714478e+02, 7.20864773e-01, 7.21456726e+02, 2.72833344e+02,
       7.74738789e-01, 8.05719666e+02, 3.86507294e+02, 7.26208806e-01,
       8.17440247e+02, 2.90511688e+02, 4.66881633e-01, 7.17508728e+02,
       3.66832764e+02, 7.93887615e-01, 7.95896606e+02, 4.00091675e+02,
       7.03978717e-01, 5.70597290e+02, 2.72829254e+02, 2.36270934e-01,
       5.66684387e+02, 2.55180099e+02, 2.57417828e-01, 3.60965637e+02,
       2.80661804e+02, 1.31633133e-01, 1.25882782e+02, 3.04141937e+02,
       1.73359826e-01, 5.58851501e+02, 2.90471527e+02, 1.26552716e-01,
       4.31520935e+02, 3.31582764e+02, 8.53242353e-02, 0., 0., 0.,
       9.31150269e+02, 3.19769165e+02, 8.50552857e-01, 0., 0., 0.,
       9.25179199e+02, 2.70855774e+02, 8.21146846e-01, 0., 0., 0., 0.,
       0., 0., 0., 0., 0., 0., 0., 0., 1.18022491e+02, 3.96205139e+02,
       1.01160504e-01, 1.16105606e+02, 3.90352509e+02, 9.25044566e-02,
       1.06310387e+02, 2.94368896e+02, 1.42878309e-01 ]
