%YAML:1.0
---
pose_0: !!opencv-matrix
   rows: 1
   cols: 25
   dt: "3f"
   data: [ 8.97764160e+02, 4.00228302e+02, 8.04221213e-01,
       7.82216431e+02, 3.82546753e+02, 7.07607150e-01, 7.74422546e+02,
       3.08059723e+02, 6.94578946e-01, 6.49016174e+02, 2.55189224e+02,
       8.11398149e-01, 7.29387939e+02, 2.76777557e+02, 7.25771010e-01,
       7.89964661e+02, 4.55041809e+02, 6.01771235e-01, 6.74407898e+02,
       5.31410156e+02, 7.43496478e-01, 7.76388428e+02, 5.39296509e+02,
       8.13836277e-01, 5.37316772e+02, 4.49134033e+02, 3.67702425e-01,
       5.29484314e+02, 4.00146515e+02, 4.46013302e-01, 3.41410614e+02,
       3.96228363e+02, 3.43757421e-01, 0., 0., 0., 5.51019592e+02,
       4.92215820e+02, 4.67504561e-01, 3.96215729e+02, 5.21588013e+02,
       2.22156733e-01, 3.17875244e+02, 5.17703979e+02, 8.96854997e-02,
       9.07604187e+02, 3.80573853e+02, 8.14789891e-01, 9.09503845e+02,
       4.11924774e+02, 7.72708118e-01, 8.82074829e+02, 3.39424652e+02,
       8.41371894e-01, 0., 0., 0., 0., 0., 0., 0., 0., 0., 0., 0., 0.,
       0., 0., 0., 0., 0., 0., 0., 0., 0. ]
