%YAML:1.0
---
pose_0: !!opencv-matrix
   rows: 1
   cols: 25
   dt: "3f"
   data: [ 9.13390625e+02, 2.27732697e+02, 8.28134477e-01,
       8.05604248e+02, 2.43414536e+02, 7.36886859e-01, 7.91945068e+02,
       1.68999542e+02, 6.64044201e-01, 7.13648926e+02, 9.65258026e+01,
       6.30254865e-01, 6.62695435e+02, 8.67203522e+01, 7.81446993e-01,
       8.11552002e+02, 3.19756256e+02, 6.68361247e-01, 7.27288635e+02,
       3.98276276e+02, 8.21553946e-01, 6.46950134e+02, 4.68724670e+02,
       6.91363871e-01, 5.82351990e+02, 2.74800110e+02, 2.70659178e-01,
       5.74529907e+02, 2.27751312e+02, 2.79551536e-01, 4.58936707e+02,
       2.23835373e+02, 7.70452693e-02, 0., 0., 0., 5.80420166e+02,
       3.21790161e+02, 3.19416791e-01, 3.98223145e+02, 3.51161224e+02,
       2.77014971e-01, 3.84473755e+02, 3.51160889e+02, 9.62387770e-02,
       9.13424500e+02, 2.10094635e+02, 8.50481749e-01, 9.31019714e+02,
       2.29755203e+02, 7.51285315e-01, 8.80168274e+02, 1.94448593e+02,
       6.45502508e-01, 9.01683716e+02, 2.59046600e+02, 2.61107534e-01,
       0., 0., 0., 0., 0., 0., 3.78612671e+02, 3.49197906e+02,
       5.62998913e-02, 0., 0., 0., 0., 0., 0., 0., 0., 0. ]
