%YAML:1.0
---
pose_0: !!opencv-matrix
   rows: 1
   cols: 25
   dt: "3f"
   data: [ 1.02309528e+03, 3.74691223e+02, 7.67545640e-01,
       9.01764832e+02, 3.19893433e+02, 5.93016922e-01, 9.21302673e+02,
       2.35587280e+02, 5.34580827e-01, 7.99828186e+02, 1.65096420e+02,
       3.86590928e-01, 7.11640991e+02, 1.20040367e+02, 7.44660079e-01,
       8.80174500e+02, 3.98202393e+02, 4.88797277e-01, 7.43009827e+02,
       4.88298218e+02, 6.69657111e-01, 6.84216003e+02, 6.27400146e+02,
       3.49376172e-01, 6.03926758e+02, 2.66939880e+02, 5.32396324e-02,
       5.80395447e+02, 2.25791397e+02, 7.77371824e-02, 0., 0., 0., 0.,
       0., 0., 0., 0., 0., 0., 0., 0., 0., 0., 0., 1.04084253e+03,
       3.45301025e+02, 8.27713609e-01, 1.03685022e+03, 3.90362457e+02,
       6.76532328e-01, 1.02508679e+03, 3.00215698e+02, 6.99031353e-01,
       0., 0., 0., 0., 0., 0., 0., 0., 0., 0., 0., 0., 0., 0., 0., 0.,
       0., 0., 0., 0., 0. ]
