%YAML:1.0
---
pose_0: !!opencv-matrix
   rows: 1
   cols: 25
   dt: "3f"
   data: [ 9.62391968e+02, 3.13986694e+02, 8.21073234e-01,
       8.50722778e+02, 3.37445557e+02, 7.01172233e-01, 8.37003235e+02,
       2.59091400e+02, 7.62514353e-01, 6.95949097e+02, 2.31686081e+02,
       6.42959237e-01, 6.01888062e+02, 2.14049896e+02, 8.24259937e-01,
       8.66445984e+02, 4.15837646e+02, 6.20610297e-01, 7.56680786e+02,
       4.64889709e+02, 6.88990533e-01, 6.19664185e+02, 4.64844086e+02,
       7.91921854e-01, 5.58866089e+02, 3.39439606e+02, 2.60698378e-01,
       5.76489319e+02, 2.88493286e+02, 3.21208119e-01, 3.80574371e+02,
       3.17852539e+02, 1.56153381e-01, 0., 0., 0., 5.56915161e+02,
       3.84449768e+02, 3.37149352e-01, 3.72739716e+02, 4.13821381e+02,
       3.52704018e-01, 0., 0., 0., 9.64490723e+02, 2.90506683e+02,
       8.60395193e-01, 9.78033203e+02, 3.27687836e+02, 8.22869480e-01,
       9.40854980e+02, 2.72882507e+02, 4.00224507e-01, 9.56530884e+02,
       3.64831665e+02, 4.92012501e-01, 0., 0., 0., 0., 0., 0., 0., 0.,
       0., 0., 0., 0., 0., 0., 0., 0., 0., 0. ]
