%YAML:1.0
---
pose_0: !!opencv-matrix
   rows: 1
   cols: 25
   dt: "3f"
   data: [ 9.97762329e+02, 2.61119110e+02, 7.47353315e-01,
       8.70365845e+02, 2.70808777e+02, 6.26961410e-01, 8.64472107e+02,
       1.76816666e+02, 5.88961363e-01, 7.58640686e+02, 9.84416885e+01,
       7.34795332e-01, 6.92025391e+02, 1.06277260e+02, 7.44553506e-01,
       8.80175171e+02, 3.62917297e+02, 5.65750718e-01, 7.76252075e+02,
       4.49203735e+02, 7.55171418e-01, 6.48975403e+02, 4.64790466e+02,
       8.17593992e-01, 5.72565796e+02, 2.76744568e+02, 6.49423450e-02,
       5.82366699e+02, 2.39513885e+02, 9.77285355e-02, 3.57049316e+02,
       2.43440353e+02, 5.08706830e-02, 3.53177612e+02, 2.47369690e+02,
       5.44768348e-02, 5.60827148e+02, 3.82516815e+02, 6.09383211e-02,
       3.90365967e+02, 3.60968048e+02, 6.28788471e-02, 3.53119568e+02,
       3.53171082e+02, 6.30733594e-02, 1.01131732e+03, 2.39482864e+02,
       8.32296968e-01, 1.01336139e+03, 2.78671082e+02, 7.50317037e-01,
       9.82037781e+02, 2.06225861e+02, 3.10388178e-01, 0., 0., 0., 0.,
       0., 0., 0., 0., 0., 0., 0., 0., 0., 0., 0., 0., 0., 0., 0., 0.,
       0. ]
