%YAML:1.0
---
pose_0: !!opencv-matrix
   rows: 1
   cols: 25
   dt: "3f"
   data: [ 9.03635315e+02, 3.64846191e+02, 7.16188133e-01,
       8.27246948e+02, 2.86549133e+02, 6.02677584e-01, 8.39059082e+02,
       2.59173401e+02, 7.26065934e-01, 7.29221375e+02, 2.88492889e+02,
       8.25427353e-01, 7.97845703e+02, 4.25603149e+02, 7.74087310e-01,
       8.19432739e+02, 3.13958496e+02, 4.19390976e-01, 6.97989563e+02,
       3.82536041e+02, 8.28975320e-01, 7.58623230e+02, 4.23688721e+02,
       7.55556405e-01, 5.56924500e+02, 2.96351044e+02, 3.74297768e-01,
       5.56870178e+02, 2.65010284e+02, 4.00380075e-01, 3.43355377e+02,
       3.49226685e+02, 2.28427723e-01, 1.02406853e+02, 3.37444092e+02,
       3.02216589e-01, 5.56915466e+02, 3.33510315e+02, 3.47540230e-01,
       4.09969482e+02, 3.59005524e+02, 2.15658396e-01, 1.20014038e+02,
       2.96350494e+02, 2.18359351e-01, 9.19336304e+02, 3.53065857e+02,
       8.01660538e-01, 0., 0., 0., 9.21268555e+02, 3.04173492e+02,
       8.39126885e-01, 0., 0., 0., 9.26046753e+01, 2.63052429e+02,
       1.31903261e-01, 9.84177628e+01, 2.74804443e+02, 1.27171457e-01,
       1.06289894e+02, 2.74820221e+02, 1.29279807e-01, 3.57615967e+01,
       3.13967163e+02, 1.42099321e-01, 3.38299561e+01, 3.10035767e+02,
       1.21366918e-01, 7.88729095e+01, 3.41391602e+02, 1.71017006e-01 ]
