%YAML:1.0
---
pose_0: !!opencv-matrix
   rows: 1
   cols: 25
   dt: "3f"
   data: [ 8.87946228e+02, 2.37582199e+02, 7.48239934e-01,
       7.92066589e+02, 2.41446655e+02, 7.05921710e-01, 7.90047852e+02,
       1.63168823e+02, 7.43449271e-01, 6.49005249e+02, 1.31699463e+02,
       8.04382682e-01, 5.66691650e+02, 1.27809906e+02, 7.85680532e-01,
       8.05687805e+02, 3.23793823e+02, 6.74069881e-01, 7.05806396e+02,
       3.66754639e+02, 8.03951263e-01, 6.66564331e+02, 3.15935059e+02,
       7.94946849e-01, 5.52962524e+02, 2.59084991e+02, 3.40218216e-01,
       5.52954468e+02, 2.14054764e+02, 4.22255099e-01, 3.70777832e+02,
       2.29776062e+02, 6.63134634e-01, 1.41564957e+02, 2.51246216e+02,
       2.71702886e-01, 5.56883911e+02, 3.04134705e+02, 2.99310267e-01,
       3.72728302e+02, 3.04172913e+02, 3.41314942e-01, 1.47419205e+02,
       2.49310272e+02, 1.44268990e-01, 8.99692627e+02, 2.19919403e+02,
       8.16605389e-01, 9.03639526e+02, 2.57035370e+02, 7.92738497e-01,
       8.78207336e+02, 1.98360077e+02, 6.58000231e-01, 8.91887390e+02,
       2.74778839e+02, 4.27823782e-01, 8.66940918e+01, 2.27744995e+02,
       6.78268969e-02, 9.64653473e+01, 2.41461731e+02, 8.91890302e-02,
       1.16070274e+02, 2.72813568e+02, 9.06101167e-02, 8.66643143e+01,
       2.39495346e+02, 1.24129996e-01, 8.67131042e+01, 2.35617722e+02,
       8.91531557e-02, 1.20017876e+02, 2.64966888e+02, 1.95631281e-01 ]
