%YAML:1.0
---
pose_0: !!opencv-matrix
   rows: 1
   cols: 25
   dt: "3f"
   data: [ 9.01744812e+02, 4.25634979e+02, 7.91947603e-01,
       7.94009827e+02, 4.15822662e+02, 6.93399966e-01, 7.93941467e+02,
       3.35482849e+02, 6.77775204e-01, 7.39117493e+02, 2.90451019e+02,
       3.37952286e-01, 7.13591370e+02, 2.70883118e+02, 4.68703717e-01,
       7.91926270e+02, 4.96172516e+02, 5.23157060e-01, 6.66652466e+02,
       5.45105957e+02, 7.80665278e-01, 7.72419739e+02, 5.41193909e+02,
       7.73896098e-01, 5.49045288e+02, 4.31491608e+02, 3.01063120e-01,
       5.52980469e+02, 3.86457825e+02, 3.55063856e-01, 3.53121490e+02,
       3.82517029e+02, 3.34002018e-01, 3.13926666e+02, 3.74715424e+02,
       6.64604828e-02, 5.41250305e+02, 4.76545929e+02, 3.01610112e-01,
       3.82550323e+02, 5.09869690e+02, 4.19478774e-01, 0., 0., 0.,
       9.15429993e+02, 4.04072296e+02, 8.77008677e-01, 9.15347534e+02,
       4.41257446e+02, 7.72473812e-01, 8.87976379e+02, 3.78648499e+02,
       6.70223296e-01, 8.95794983e+02, 4.60872223e+02, 1.86179116e-01,
       0., 0., 0., 0., 0., 0., 0., 0., 0., 0., 0., 0., 0., 0., 0., 0.,
       0., 0. ]
