%YAML:1.0
---
pose_0: !!opencv-matrix
   rows: 1
   cols: 25
   dt: "3f"
   data: [ 8.88059753e+02, 4.04051788e+02, 7.77016222e-01,
       8.03724304e+02, 4.47123474e+02, 6.63889349e-01, 7.74289124e+02,
       4.09977722e+02, 4.44969267e-01, 7.31255981e+02, 4.00248962e+02,
       1.11574747e-01, 0., 0., 0., 8.25263489e+02, 4.92183044e+02,
       6.74282193e-01, 7.46967285e+02, 4.31496338e+02, 4.87366527e-01,
       6.86221130e+02, 3.06165924e+02, 7.31810510e-01, 5.43191528e+02,
       4.78505524e+02, 2.57769376e-01, 5.50998108e+02, 4.43254639e+02,
       2.32715756e-01, 3.78604675e+02, 3.98163086e+02, 2.93717206e-01,
       1.98384338e+02, 4.11934418e+02, 2.61082441e-01, 5.41187866e+02,
       5.09880280e+02, 2.04388767e-01, 3.94275360e+02, 3.88402313e+02,
       2.39497185e-01, 1.96409790e+02, 4.13852936e+02, 1.57732517e-01,
       8.97802612e+02, 3.88374451e+02, 8.28298807e-01, 9.07554749e+02,
       4.15940582e+02, 8.18029165e-01, 8.72389954e+02, 3.82512329e+02,
       3.07565570e-01, 8.99771545e+02, 4.47135803e+02, 7.30755210e-01,
       0., 0., 0., 0., 0., 0., 0., 0., 0., 1.49349030e+02,
       3.80548218e+02, 8.81759599e-02, 1.49381805e+02, 3.80565002e+02,
       8.72119814e-02, 1.80708694e+02, 4.15807831e+02, 2.03006014e-01 ]
