%YAML:1.0
---
pose_0: !!opencv-matrix
   rows: 1
   cols: 25
   dt: "3f"
   data: [ 8.97782410e+02, 3.82466187e+02, 8.14496636e-01,
       7.90030823e+02, 3.49250549e+02, 6.82919860e-01, 7.88029663e+02,
       2.72820648e+02, 6.37160182e-01, 6.64661377e+02, 2.10155823e+02,
       8.30375552e-01, 7.44970764e+02, 2.37510406e+02, 7.08815932e-01,
       7.88046753e+02, 4.25639862e+02, 5.60550928e-01, 6.78361267e+02,
       4.96126587e+02, 8.10734749e-01, 7.82191833e+02, 5.07895081e+02,
       7.80957401e-01, 5.35316162e+02, 4.15831940e+02, 3.17475617e-01,
       5.33387634e+02, 3.66885712e+02, 3.54380846e-01, 3.59017090e+02,
       3.64881409e+02, 2.77966321e-01, 0., 0., 0., 5.41200378e+02,
       4.62833527e+02, 3.69634539e-01, 3.66816925e+02, 4.94162689e+02,
       4.86730814e-01, 1.84653122e+02, 5.35328430e+02, 3.17135215e-01,
       9.13438171e+02, 3.53254303e+02, 8.40645134e-01, 9.13428284e+02,
       3.84600098e+02, 7.44514823e-01, 8.86033020e+02, 3.15888458e+02,
       8.32387030e-01, 0., 0., 0., 1.23894623e+02, 5.72619141e+02,
       1.27929658e-01, 1.27844910e+02, 5.72643250e+02, 1.33222863e-01,
       1.55265305e+02, 5.23607971e+02, 1.55369490e-01, 0., 0., 0., 0.,
       0., 0., 0., 0., 0. ]
