%YAML:1.0
---
pose_0: !!opencv-matrix
   rows: 1
   cols: 25
   dt: "3f"
   data: [ 9.09494080e+02, 4.15849854e+02, 8.25055957e-01,
       8.27273193e+02, 4.55037292e+02, 5.28955877e-01, 8.07631165e+02,
       4.15775452e+02, 4.32341248e-01, 7.91980530e+02, 3.92325500e+02,
       1.70658484e-01, 7.58720703e+02, 2.92445496e+02, 1.19046479e-01,
       8.41025818e+02, 5.07956970e+02, 7.14349389e-01, 8.05754150e+02,
       4.58886414e+02, 1.18800245e-01, 0., 0., 0., 6.33283264e+02,
       5.02027985e+02, 7.00034276e-02, 0., 0., 0., 0., 0., 0., 0., 0.,
       0., 6.45040771e+02, 5.54916565e+02, 6.43373355e-02, 0., 0., 0.,
       0., 0., 0., 9.15401367e+02, 4.04057129e+02, 8.91320705e-01,
       9.23224731e+02, 4.31601776e+02, 8.23257983e-01, 8.91912964e+02,
       3.98091217e+02, 2.48406172e-01, 9.15319641e+02, 4.62876953e+02,
       7.18451321e-01, 0., 0., 0., 0., 0., 0., 0., 0., 0., 0., 0., 0.,
       0., 0., 0., 0., 0., 0. ]
