%YAML:1.0
---
pose_0: !!opencv-matrix
   rows: 2
   cols: 25
   dt: "3f"
   data: [ 9.17327637e+02, 2.14086716e+02, 8.29134822e-01,
       8.31160645e+02, 1.67008194e+02, 5.18275738e-01, 8.25267151e+02,
       1.12147263e+02, 6.31990194e-01, 7.99829102e+02, 1.94363419e+02,
       7.42293119e-01, 8.11563538e+02, 3.17807892e+02, 7.91040719e-01,
       8.21356567e+02, 2.10176300e+02, 2.45048404e-01, 0., 0., 0., 0.,
       0., 0., 5.15765198e+02, 2.10147186e+02, 1.29461467e-01,
       5.09890045e+02, 2.08155014e+02, 1.13104701e-01, 3.53192566e+02,
       3.02218048e+02, 4.23887014e-01, 1.63076065e+02, 2.74763123e+02,
       4.34876174e-01, 0., 0., 0., 0., 0., 0., 0., 0., 0.,
       9.29154968e+02, 1.92463730e+02, 8.29989493e-01, 9.31142334e+02,
       2.19887100e+02, 7.31750548e-01, 9.01621460e+02, 1.47517258e+02,
       8.76130462e-01, 0., 0., 0., 0., 0., 0., 0., 0., 0., 0., 0., 0.,
       1.61159973e+02, 3.04216217e+02, 6.59552068e-02, 0., 0., 0.,
       1.43517090e+02, 2.72797882e+02, 2.90371269e-01, 0., 0., 0., 0.,
       0., 0., 0., 0., 0., 0., 0., 0., 0., 0., 0., 7.11652832e+02,
       2.08132431e+02, 5.14793918e-02, 6.27446777e+02, 2.51280045e+02,
       3.05507869e-01, 5.56861694e+02, 3.06131012e+02, 3.41658145e-01,
       0., 0., 0., 0., 0., 0., 0., 0., 0., 0., 0., 0., 0., 0., 0., 0.,
       0., 0., 0., 0., 0., 0., 0., 0., 0., 0., 0., 0., 0., 0., 0., 0.,
       0., 0., 0., 0., 0., 0., 0., 0., 0., 0., 0., 0., 0., 0., 0., 0.,
       0., 0., 0. ]
