%YAML:1.0
---
pose_0: !!opencv-matrix
   rows: 1
   cols: 25
   dt: "3f"
   data: [ 9.09560791e+02, 2.47389496e+02, 7.63677478e-01,
       8.42912476e+02, 2.00326477e+02, 4.66984957e-01, 8.48756714e+02,
       1.51324921e+02, 6.89481437e-01, 8.15477905e+02, 2.04241150e+02,
       7.21666217e-01, 8.19348877e+02, 3.51102417e+02, 7.57076859e-01,
       8.35107605e+02, 2.41498489e+02, 2.36285880e-01, 0., 0., 0., 0.,
       0., 0., 6.21542236e+02, 1.98370560e+02, 7.03078359e-02, 0., 0.,
       0., 0., 0., 0., 0., 0., 0., 0., 0., 0., 0., 0., 0., 0., 0., 0.,
       9.17475281e+02, 2.25863541e+02, 8.73006582e-01, 9.23259949e+02,
       2.59078705e+02, 7.51176476e-01, 9.05644409e+02, 1.94472916e+02,
       6.34462714e-01, 0., 0., 0., 0., 0., 0., 0., 0., 0., 0., 0., 0.,
       0., 0., 0., 0., 0., 0., 0., 0., 0. ]
