%YAML:1.0
---
pose_0: !!opencv-matrix
   rows: 1
   cols: 25
   dt: "3f"
   data: [ 9.17299316e+02, 3.35579102e+02, 8.64086628e-01,
       7.97870056e+02, 3.51231842e+02, 6.71270669e-01, 7.86106934e+02,
       2.72847839e+02, 6.92334116e-01, 6.54862549e+02, 2.59094574e+02,
       6.55990899e-01, 5.41169250e+02, 2.57087677e+02, 7.93094039e-01,
       8.07661133e+02, 4.33509918e+02, 6.17012918e-01, 6.88150818e+02,
       4.76561890e+02, 7.12353468e-01, 5.50969055e+02, 5.09867065e+02,
       7.57916093e-01, 5.33404358e+02, 3.80568146e+02, 2.91560709e-01,
       5.37298645e+02, 3.31597687e+02, 3.51109177e-01, 3.59028168e+02,
       3.11983551e+02, 1.91186309e-01, 1.63048386e+02, 2.57135620e+02,
       1.24078199e-01, 5.33364624e+02, 4.27548309e+02, 3.70869398e-01,
       3.70825623e+02, 4.60847107e+02, 6.20714903e-01, 0., 0., 0.,
       9.23257690e+02, 3.15887177e+02, 8.19796503e-01, 9.30996643e+02,
       3.51228149e+02, 8.46180439e-01, 8.97772766e+02, 2.92421112e+02,
       6.89427257e-01, 9.13458557e+02, 3.72755951e+02, 3.11170429e-01,
       0., 0., 0., 0., 0., 0., 0., 0., 0., 1.55256638e+02,
       2.55147064e+02, 6.97875917e-02, 1.49476868e+02, 2.53219803e+02,
       8.71180370e-02, 0., 0., 0. ]
