%YAML:1.0
---
pose_0: !!opencv-matrix
   rows: 1
   cols: 25
   dt: "3f"
   data: [ 9.29156433e+02, 1.94361984e+02, 8.31552565e-01,
       8.09645508e+02, 1.67048248e+02, 6.42441034e-01, 8.21443237e+02,
       1.06267502e+02, 6.90305352e-01, 7.31278259e+02, 1.43508896e+02,
       7.50272334e-01, 6.97898438e+02, 3.00209900e+02, 6.59280539e-01,
       7.90059143e+02, 2.27787354e+02, 4.36209291e-01, 6.95998962e+02,
       2.78679657e+02, 3.30040365e-01, 6.78385925e+02, 3.35515289e+02,
       2.28818759e-01, 0., 0., 0., 0., 0., 0., 0., 0., 0., 0., 0., 0.,
       0., 0., 0., 0., 0., 0., 0., 0., 0., 9.33136658e+02,
       1.65136856e+02, 8.88176680e-01, 9.44839600e+02, 1.96341812e+02,
       8.47415268e-01, 9.01645203e+02, 1.31784622e+02, 8.42628539e-01,
       0., 0., 0., 0., 0., 0., 0., 0., 0., 0., 0., 0., 0., 0., 0., 0.,
       0., 0., 0., 0., 0. ]
