%YAML:1.0
---
pose_0: !!opencv-matrix
   rows: 1
   cols: 25
   dt: "3f"
   data: [ 9.21336792e+02, 4.62775848e+02, 8.44160020e-01,
       8.19355286e+02, 4.68712799e+02, 6.59587204e-01, 8.09640076e+02,
       3.96184998e+02, 6.79094017e-01, 7.25329773e+02, 3.10038483e+02,
       6.35697544e-01, 6.68573486e+02, 2.10075211e+02, 5.93730211e-01,
       8.23335876e+02, 5.52910034e+02, 6.40790939e-01, 7.25344604e+02,
       6.05859741e+02, 7.24436402e-01, 5.88256409e+02, 6.33292969e+02,
       8.32456410e-01, 6.13704590e+02, 4.60926086e+02, 2.51018941e-01,
       6.07849182e+02, 4.29545715e+02, 3.09014350e-01, 4.00151215e+02,
       4.25635651e+02, 1.28940448e-01, 0., 0., 0., 5.88252136e+02,
       4.72653625e+02, 1.10301644e-01, 0., 0., 0., 0., 0., 0.,
       9.31161072e+02, 4.45147400e+02, 9.40081358e-01, 9.38909485e+02,
       4.76557800e+02, 8.11403096e-01, 9.03678040e+02, 4.17878113e+02,
       6.78349912e-01, 9.21272827e+02, 4.96191620e+02, 8.72326568e-02,
       0., 0., 0., 0., 0., 0., 0., 0., 0., 0., 0., 0., 0., 0., 0., 0.,
       0., 0. ]
