%YAML:1.0
---
pose_0: !!opencv-matrix
   rows: 1
   cols: 25
   dt: "3f"
   data: [ 9.60402893e+02, 3.19761597e+02, 8.11831713e-01,
       8.50703125e+02, 3.45271881e+02, 6.57789409e-01, 8.27284058e+02,
       2.68924774e+02, 6.81369364e-01, 6.96006165e+02, 2.41459091e+02,
       6.97974086e-01, 6.00000854e+02, 2.23861160e+02, 8.05078089e-01,
       8.66433350e+02, 4.17783691e+02, 6.48505211e-01, 7.56743103e+02,
       4.76512268e+02, 7.04122901e-01, 6.33247375e+02, 4.62804321e+02,
       8.47485721e-01, 5.58861206e+02, 3.53150482e+02, 2.38326117e-01,
       5.78445862e+02, 3.06095581e+02, 2.85121441e-01, 3.84478546e+02,
       3.19859131e+02, 1.66327074e-01, 0., 0., 0., 5.47088440e+02,
       3.98161346e+02, 1.90118998e-01, 3.66894806e+02, 4.13942871e+02,
       2.88936734e-01, 2.55192062e+02, 4.45270111e+02, 1.54956460e-01,
       9.64344482e+02, 2.96363617e+02, 8.59212458e-01, 9.76079651e+02,
       3.35480286e+02, 8.49738002e-01, 9.38940552e+02, 2.78720795e+02,
       3.31705332e-01, 9.52621948e+02, 3.66941620e+02, 5.51085889e-01,
       0., 0., 0., 0., 0., 0., 0., 0., 0., 0., 0., 0., 0., 0., 0., 0.,
       0., 0. ]
