%YAML:1.0
---
pose_0: !!opencv-matrix
   rows: 1
   cols: 25
   dt: "3f"
   data: [ 9.64409241e+02, 1.82727936e+02, 7.23882198e-01,
       8.44866699e+02, 2.37519379e+02, 5.97485781e-01, 8.17432861e+02,
       1.78783600e+02, 5.27674496e-01, 0., 0., 0., 0., 0., 0.,
       8.60563049e+02, 2.94375671e+02, 5.11914313e-01, 7.13696167e+02,
       3.76640930e+02, 6.75870776e-01, 5.45149841e+02, 4.00229248e+02,
       5.07977486e-01, 5.27509277e+02, 2.74773834e+02, 9.17468816e-02,
       5.13801758e+02, 2.27778122e+02, 1.22805178e-01, 3.37482208e+02,
       2.06190506e+02, 6.47403002e-02, 3.02183105e+02, 1.94462814e+02,
       1.05551884e-01, 5.37297729e+02, 3.19820496e+02, 9.34838355e-02,
       3.39427551e+02, 3.74684753e+02, 2.22116649e-01, 2.08179352e+02,
       4.58958832e+02, 1.21878773e-01, 9.72229370e+02, 1.67059784e+02,
       6.28091455e-01, 9.78138611e+02, 2.06159531e+02, 7.60057807e-01,
       9.31109558e+02, 1.51423782e+02, 7.99064115e-02, 9.50722351e+02,
       2.43366333e+02, 6.16359413e-01, 1.31782516e+02, 4.51102814e+02,
       1.09937832e-01, 1.43495407e+02, 4.62903015e+02, 1.21916667e-01,
       2.10059677e+02, 4.76498291e+02, 1.03299506e-01, 0., 0., 0., 0.,
       0., 0., 0., 0., 0. ]
