%YAML:1.0
---
pose_0: !!opencv-matrix
   rows: 1
   cols: 25
   dt: "3f"
   data: [ 8.93898193e+02, 2.29744995e+02, 7.87001848e-01,
       7.95926880e+02, 2.51261032e+02, 6.75473213e-01, 7.86122742e+02,
       1.78807999e+02, 7.07068503e-01, 6.74436157e+02, 1.65127686e+02,
       3.43863070e-01, 5.27552795e+02, 1.63037903e+02, 4.35680389e-01,
       8.07638611e+02, 3.27665863e+02, 6.87824368e-01, 7.11691833e+02,
       3.74665924e+02, 8.29718649e-01, 7.11658325e+02, 2.88511139e+02,
       8.87221217e-01, 5.64725159e+02, 2.57138214e+02, 2.61725307e-01,
       5.64726379e+02, 2.12109222e+02, 3.70181590e-01, 3.86461761e+02,
       2.33633270e+02, 2.36468866e-01, 3.84524933e+02, 2.41457031e+02,
       5.87792806e-02, 5.64719666e+02, 3.06124146e+02, 2.30853289e-01,
       4.00164093e+02, 3.13958771e+02, 8.17518681e-02, 3.80576263e+02,
       2.92428711e+02, 5.42126223e-02, 9.01629333e+02, 2.14075638e+02,
       8.92496288e-01, 9.11487671e+02, 2.45386597e+02, 8.15539777e-01,
       8.78177307e+02, 1.96361694e+02, 5.90457201e-01, 8.93888611e+02,
       2.72848572e+02, 5.83116949e-01, 3.64856873e+02, 2.92390991e+02,
       5.27724102e-02, 0., 0., 0., 0., 0., 0., 0., 0., 0., 0., 0., 0.,
       0., 0., 0. ]
