%YAML:1.0
---
pose_0: !!opencv-matrix
   rows: 1
   cols: 25
   dt: "3f"
   data: [ 9.48760986e+02, 2.70817688e+02, 7.65448034e-01,
       8.37089905e+02, 2.80684601e+02, 6.46507263e-01, 8.25295471e+02,
       1.92492722e+02, 6.65698826e-01, 6.97897339e+02, 1.49480316e+02,
       7.70887196e-01, 5.86204651e+02, 1.61089340e+02, 8.07265222e-01,
       8.52670410e+02, 3.72709381e+02, 6.46725833e-01, 7.27311951e+02,
       4.49179718e+02, 8.00921917e-01, 6.97867188e+02, 3.62937531e+02,
       7.27200270e-01, 6.03917725e+02, 2.96325775e+02, 1.85574919e-01,
       6.05889648e+02, 2.57157257e+02, 2.33854041e-01, 5.23584717e+02,
       2.31674606e+02, 1.39798492e-01, 3.68783325e+02, 2.82608582e+02,
       2.07829893e-01, 6.13699036e+02, 3.53186951e+02, 9.57118645e-02,
       4.88330383e+02, 3.68841705e+02, 7.47673661e-02, 3.55102966e+02,
       3.57064850e+02, 1.32218271e-01, 9.62330261e+02, 2.45423447e+02,
       8.40563834e-01, 9.64437988e+02, 2.88398712e+02, 8.12703967e-01,
       9.31002686e+02, 2.25717346e+02, 6.02144599e-01, 9.44787415e+02,
       3.10088806e+02, 1.67735338e-01, 0., 0., 0., 0., 0., 0., 0., 0.,
       0., 0., 0., 0., 0., 0., 0., 0., 0., 0. ]
