%YAML:1.0
---
pose_0: !!opencv-matrix
   rows: 1
   cols: 25
   dt: "3f"
   data: [ 9.05592041e+02, 2.41551254e+02, 8.34528208e-01,
       8.01756653e+02, 2.47338608e+02, 6.50692403e-01, 7.91932556e+02,
       1.67032761e+02, 7.43547738e-01, 6.62657715e+02, 1.35662827e+02,
       7.76493847e-01, 5.72516846e+02, 1.67066360e+02, 8.33846748e-01,
       8.03734863e+02, 3.31567932e+02, 6.35829091e-01, 6.82308960e+02,
       3.82589417e+02, 7.99039364e-01, 5.84338074e+02, 4.29480255e+02,
       8.44412863e-01, 5.54939392e+02, 2.74794586e+02, 2.38912374e-01,
       5.43164185e+02, 2.29711212e+02, 3.30206156e-01, 3.64890503e+02,
       2.59124573e+02, 1.74741805e-01, 0., 0., 0., 5.62752563e+02,
       3.23763824e+02, 2.29037464e-01, 3.64896301e+02, 3.43368378e+02,
       1.98489055e-01, 1.53332123e+02, 3.80565430e+02, 1.14578739e-01,
       9.13478455e+02, 2.19925537e+02, 7.91290522e-01, 9.19308838e+02,
       2.57118408e+02, 8.42363119e-01, 8.86097290e+02, 1.96473526e+02,
       7.53745079e-01, 9.13392456e+02, 2.74773285e+02, 3.47835451e-01,
       0., 0., 0., 0., 0., 0., 1.35691483e+02, 3.82462189e+02,
       5.71756549e-02, 0., 0., 0., 0., 0., 0., 0., 0., 0. ]
