%YAML:1.0
---
pose_0: !!opencv-matrix
   rows: 1
   cols: 25
   dt: "3f"
   data: [ 9.91850342e+02, 2.27854401e+02, 8.18859696e-01,
       8.54716736e+02, 2.45428787e+02, 6.23354495e-01, 8.37018921e+02,
       1.65026657e+02, 6.33391857e-01, 6.66659058e+02, 1.23918869e+02,
       7.10751832e-01, 5.62737366e+02, 1.10184822e+02, 7.68987834e-01,
       8.76217529e+02, 3.41372498e+02, 5.37704051e-01, 7.39065369e+02,
       4.00220154e+02, 6.72347069e-01, 6.05890564e+02, 3.57111023e+02,
       7.39829838e-01, 5.80388916e+02, 2.84578400e+02, 1.28204107e-01,
       5.74516846e+02, 2.41456314e+02, 1.49159059e-01, 0., 0., 0., 0.,
       0., 0., 5.90206726e+02, 3.41377350e+02, 8.00810978e-02, 0., 0.,
       0., 0., 0., 0., 9.95818420e+02, 2.08170303e+02, 8.58127952e-01,
       1.00750262e+03, 2.49327271e+02, 7.56182969e-01, 9.70294373e+02,
       1.80830643e+02, 4.62937266e-01, 9.82024719e+02, 2.74898529e+02,
       2.30815098e-01, 0., 0., 0., 0., 0., 0., 0., 0., 0., 0., 0., 0.,
       0., 0., 0., 0., 0., 0. ]
