%YAML:1.0
---
pose_0: !!opencv-matrix
   rows: 1
   cols: 25
   dt: "3f"
   data: [ 9.48723450e+02, 1.98341583e+02, 7.31739759e-01,
       8.44859863e+02, 2.59146454e+02, 7.21934855e-01, 8.11601868e+02,
       1.98400726e+02, 5.96831977e-01, 7.66525940e+02, 1.65040833e+02,
       4.02825385e-01, 7.11609924e+02, 1.43531693e+02, 7.12864757e-01,
       8.74297119e+02, 3.21883057e+02, 6.87587559e-01, 8.05765259e+02,
       4.49197418e+02, 8.19216669e-01, 7.37139648e+02, 3.57107178e+02,
       7.57752419e-01, 6.11757141e+02, 3.06109924e+02, 1.45148784e-01,
       5.88244263e+02, 2.68894104e+02, 1.20624341e-01, 2.92405518e+02,
       2.59163269e+02, 8.57602432e-02, 1.45452499e+02, 2.72773773e+02,
       7.82929286e-02, 6.31345154e+02, 3.47252563e+02, 1.44823223e-01,
       0., 0., 0., 0., 0., 0., 9.60495972e+02, 1.98332001e+02,
       4.78014290e-01, 9.64468689e+02, 2.21842957e+02, 8.07413995e-01,
       0., 0., 0., 9.44823364e+02, 2.70789429e+02, 8.51634562e-01, 0.,
       0., 0., 0., 0., 0., 0., 0., 0., 1.04323418e+02, 2.88449402e+02,
       6.71594217e-02, 1.02446350e+02, 2.82630096e+02, 6.24957718e-02,
       0., 0., 0. ]
