%YAML:1.0
---
pose_0: !!opencv-matrix
   rows: 1
   cols: 25
   dt: "3f"
   data: [ 9.31083984e+02, 3.19894653e+02, 8.39671195e-01,
       8.35070984e+02, 3.31573242e+02, 6.67314291e-01, 8.23336792e+02,
       2.57105621e+02, 7.39924073e-01, 7.54790466e+02, 2.12091827e+02,
       5.42226672e-01, 7.17527283e+02, 1.92488861e+02, 7.40769267e-01,
       8.42921143e+02, 4.09954895e+02, 5.93053520e-01, 7.33216248e+02,
       4.84428925e+02, 6.70516729e-01, 6.03941101e+02, 5.09839508e+02,
       8.52750182e-01, 5.80398987e+02, 3.53141510e+02, 2.79378533e-01,
       5.76501831e+02, 3.04136719e+02, 3.58397007e-01, 3.82542389e+02,
       3.08060242e+02, 2.63290793e-01, 1.86601089e+02, 3.37470856e+02,
       9.27701965e-02, 5.88203613e+02, 3.98238220e+02, 3.59878004e-01,
       4.35425690e+02, 3.88422607e+02, 7.68501982e-02, 3.96251129e+02,
       3.55110016e+02, 7.32937977e-02, 9.34982544e+02, 3.00217346e+02,
       8.07081103e-01, 9.46770874e+02, 3.35542938e+02, 8.95050168e-01,
       9.15335815e+02, 2.76718689e+02, 6.72097743e-01, 9.36938721e+02,
       3.58990662e+02, 3.36234480e-01, 0., 0., 0., 0., 0., 0., 0., 0.,
       0., 1.49382385e+02, 3.39456085e+02, 8.12205523e-02,
       1.47458603e+02, 3.37406006e+02, 8.66499916e-02, 0., 0., 0. ]
