%YAML:1.0
---
pose_0: !!opencv-matrix
   rows: 1
   cols: 25
   dt: "3f"
   data: [ 1.10744592e+03, 1.21961990e+02, 7.03420937e-01,
       9.44776245e+02, 1.63108856e+02, 3.79898906e-01, 9.09538513e+02,
       6.12527733e+01, 3.53467494e-01, 7.11671692e+02, 2.19679432e+01,
       4.76870745e-01, 0., 0., 0., 9.52624634e+02, 2.43404617e+02,
       2.22145900e-01, 8.05613464e+02, 3.74709808e+02, 6.89512253e-01,
       9.62417480e+02, 2.59093842e+02, 5.25108159e-01, 0., 0., 0., 0.,
       0., 0., 0., 0., 0., 0., 0., 0., 0., 0., 0., 0., 0., 0., 0., 0.,
       0., 1.11721509e+03, 8.86818924e+01, 6.96191072e-01,
       1.13291113e+03, 1.39627365e+02, 7.41868854e-01, 1.07605688e+03,
       6.51763992e+01, 3.55047256e-01, 1.10546045e+03, 1.90516037e+02,
       4.54597354e-01, 0., 0., 0., 0., 0., 0., 0., 0., 0., 0., 0., 0.,
       0., 0., 0., 0., 0., 0. ]
