%YAML:1.0
---
pose_0: !!opencv-matrix
   rows: 1
   cols: 25
   dt: "3f"
   data: [ 9.58538452e+02, 3.02208466e+02, 8.06455612e-01,
       8.41020630e+02, 2.55126053e+02, 5.88049412e-01, 8.54671631e+02,
       1.65129013e+02, 5.76496840e-01, 7.54759888e+02, 6.51751556e+01,
       7.11577296e-01, 6.35211487e+02, 1.31774277e+02, 7.64062643e-01,
       8.31165649e+02, 3.35469421e+02, 5.71737528e-01, 7.31277283e+02,
       4.00115875e+02, 7.95346260e-01, 6.49020630e+02, 4.60946594e+02,
       8.03754330e-01, 5.68638611e+02, 2.76722748e+02, 2.16655627e-01,
       5.66701172e+02, 2.21897827e+02, 2.86766887e-01, 3.51176331e+02,
       2.45410080e+02, 1.79414228e-01, 1.49388397e+02, 2.43502869e+02,
       2.04578772e-01, 5.72568115e+02, 3.33527802e+02, 3.18883687e-01,
       4.62857819e+02, 3.68833466e+02, 6.88613653e-02, 0., 0., 0.,
       9.78075684e+02, 2.74867371e+02, 8.29594016e-01, 9.76162109e+02,
       3.06140991e+02, 7.48334408e-01, 9.58539001e+02, 2.27678711e+02,
       8.43351364e-01, 0., 0., 0., 0., 0., 0., 0., 0., 0., 0., 0., 0.,
       1.02319099e+02, 2.43391800e+02, 1.58817291e-01, 1.02354149e+02,
       2.37559891e+02, 1.54324025e-01, 0., 0., 0. ]
