%YAML:1.0
---
pose_0: !!opencv-matrix
   rows: 2
   cols: 25
   dt: "3f"
   data: [ 8.50787109e+02, 2.66917297e+02, 3.83322835e-01,
       7.72370789e+02, 2.41533676e+02, 5.89635730e-01, 7.86111023e+02,
       1.84676682e+02, 2.85028428e-01, 8.86009277e+02, 2.33631592e+02,
       1.78282991e-01, 8.82073242e+02, 3.37494019e+02, 3.04995447e-01,
       7.58713257e+02, 2.90433899e+02, 5.88365912e-01, 6.78378601e+02,
       3.39475677e+02, 7.08202481e-01, 5.84286743e+02, 3.98153229e+02,
       8.07319045e-01, 5.41227417e+02, 2.31680573e+02, 9.89897400e-02,
       5.27504883e+02, 2.06198380e+02, 8.22046921e-02, 3.66879944e+02,
       3.66879486e+02, 1.56183884e-01, 1.78777756e+02, 3.55159302e+02,
       1.79165080e-01, 0., 0., 0., 0., 0., 0., 0., 0., 0.,
       8.56628601e+02, 2.59112701e+02, 3.98511797e-01, 0., 0., 0.,
       8.52759094e+02, 2.29739349e+02, 4.73730177e-01, 0., 0., 0., 0.,
       0., 0., 0., 0., 0., 0., 0., 0., 0., 0., 0., 0., 0., 0., 0., 0.,
       0., 0., 0., 0., 0., 0., 0., 0., 0., 0., 0., 0., 0., 0., 0., 0.,
       8.82089233e+02, 2.31667191e+02, 7.14723617e-02, 8.89914429e+02,
       2.61062012e+02, 3.04956496e-01, 8.85987305e+02, 3.37408264e+02,
       4.95550334e-01, 0., 0., 0., 0., 0., 0., 0., 0., 0., 0., 0., 0.,
       0., 0., 0., 0., 0., 0., 0., 0., 0., 0., 0., 0., 0., 0., 0., 0.,
       0., 0., 0., 0., 0., 0., 0., 0., 0., 0., 0., 0., 0., 0., 0., 0.,
       0., 0., 0., 0., 0., 0., 0. ]
