%YAML:1.0
---
pose_0: !!opencv-matrix
   rows: 1
   cols: 25
   dt: "3f"
   data: [ 9.76146667e+02, 3.31577301e+02, 7.21261859e-01,
       8.56646057e+02, 3.17853302e+02, 5.51082551e-01, 8.68390320e+02,
       2.29765213e+02, 6.14029884e-01, 7.46955994e+02, 1.41582138e+02,
       7.29812741e-01, 8.17480042e+02, 2.84543671e+02, 6.31793439e-01,
       8.35042664e+02, 4.02107605e+02, 3.97005260e-01, 6.78361877e+02,
       4.33457825e+02, 8.55865553e-02, 7.07759888e+02, 4.33491241e+02,
       4.43528950e-01, 5.74525635e+02, 3.19851929e+02, 1.46892682e-01,
       5.62752075e+02, 2.74788971e+02, 2.69460738e-01, 3.51225861e+02,
       2.92385101e+02, 5.26583314e-01, 1.68985138e+02, 3.23790863e+02,
       4.08522397e-01, 5.45146790e+02, 3.84477783e+02, 1.60081699e-01,
       3.37436829e+02, 3.82553406e+02, 5.74477553e-01, 1.45456528e+02,
       3.90350708e+02, 3.44768584e-01, 9.91856079e+02, 3.06046509e+02,
       9.01665211e-01, 9.93715515e+02, 3.51115784e+02, 7.74436712e-01,
       9.62457642e+02, 2.70869690e+02, 5.89336634e-01, 0., 0., 0.,
       6.70671997e+01, 4.11938202e+02, 1.16692066e-01, 7.88610916e+01,
       4.17825714e+02, 1.48014203e-01, 1.16087944e+02, 3.92316071e+02,
       1.86510056e-01, 1.10206070e+02, 2.90485687e+02, 1.58749804e-01,
       1.14122650e+02, 2.90467468e+02, 1.38583198e-01, 1.61161407e+02,
       3.29653412e+02, 2.62338012e-01 ]
