%YAML:1.0
---
pose_0: !!opencv-matrix
   rows: 1
   cols: 25
   dt: "3f"
   data: [ 9.97747864e+02, 2.19904221e+02, 6.59685731e-01,
       8.74279358e+02, 2.27761383e+02, 5.97621799e-01, 8.54727051e+02,
       1.35691925e+02, 4.97869819e-01, 7.25364319e+02, 7.10636826e+01,
       5.08294940e-01, 7.11661926e+02, 1.02341438e+02, 7.00758398e-01,
       8.80153076e+02, 3.21821320e+02, 4.75126386e-01, 7.72353638e+02,
       4.56974487e+02, 6.53511405e-01, 8.40955566e+02, 3.19802612e+02,
       7.11490035e-01, 5.90202393e+02, 3.47272949e+02, 8.60914811e-02,
       5.68660217e+02, 3.21821411e+02, 1.14561997e-01, 0., 0., 0., 0.,
       0., 0., 6.60727844e+02, 3.68824738e+02, 5.70647568e-02, 0., 0.,
       0., 0., 0., 0., 1.01149359e+03, 1.96447311e+02, 8.30586612e-01,
       1.01731177e+03, 2.45381088e+02, 7.35593498e-01, 9.91794800e+02,
       1.67038177e+02, 4.93104249e-01, 0., 0., 0., 0., 0., 0., 0., 0.,
       0., 0., 0., 0., 0., 0., 0., 0., 0., 0., 0., 0., 0. ]
