%YAML:1.0
---
pose_0: !!opencv-matrix
   rows: 1
   cols: 25
   dt: "3f"
   data: [ 8.40932617e+02, 4.56996735e+02, 7.27123141e-01,
       7.62605164e+02, 4.51133575e+02, 7.04977751e-01, 7.60603638e+02,
       3.98202972e+02, 7.02474296e-01, 6.97964355e+02, 3.25753235e+02,
       7.75884628e-01, 7.91936401e+02, 3.78613495e+02, 8.38483930e-01,
       7.72378601e+02, 5.13804626e+02, 6.14478648e-01, 7.62644165e+02,
       6.09807983e+02, 6.01071298e-01, 8.54692810e+02, 5.04024902e+02,
       7.56102443e-01, 5.43205078e+02, 4.56966187e+02, 2.78148443e-01,
       5.39252197e+02, 4.17809052e+02, 4.11889493e-01, 3.74687164e+02,
       4.29510223e+02, 2.79571623e-01, 0., 0., 0., 5.41252502e+02,
       5.09856018e+02, 2.84434080e-01, 3.98182495e+02, 5.37261292e+02,
       5.82834445e-02, 0., 0., 0., 8.52732056e+02, 4.45199432e+02,
       7.94272780e-01, 8.52686584e+02, 4.66739960e+02, 7.46151745e-01,
       8.46849670e+02, 4.23656555e+02, 6.02727294e-01, 8.40961792e+02,
       4.92178558e+02, 3.43469411e-01, 0., 0., 0., 0., 0., 0., 0., 0.,
       0., 0., 0., 0., 0., 0., 0., 0., 0., 0. ]
