%YAML:1.0
---
pose_0: !!opencv-matrix
   rows: 1
   cols: 25
   dt: "3f"
   data: [ 9.05614685e+02, 4.60821167e+02, 8.35708439e-01,
       7.93932495e+02, 4.68749725e+02, 6.33202314e-01, 7.95940308e+02,
       4.02112732e+02, 5.74314296e-01, 7.89956665e+02, 2.80637817e+02,
       5.25625825e-01, 8.97779419e+02, 2.14059631e+02, 3.12729478e-01,
       7.84156006e+02, 5.41256226e+02, 5.35171330e-01, 6.84226196e+02,
       5.66668701e+02, 2.92735696e-01, 5.45176514e+02, 6.31356812e+02,
       2.22342700e-01, 6.01967163e+02, 4.39346588e+02, 1.77086279e-01,
       5.98020630e+02, 4.13852112e+02, 2.13435993e-01, 3.39445862e+02,
       3.74708344e+02, 3.64119798e-01, 0., 0., 0., 5.99997681e+02,
       5.15741028e+02, 6.26523420e-02, 0., 0., 0., 0., 0., 0.,
       9.13445862e+02, 4.41324219e+02, 8.30713153e-01, 9.15470642e+02,
       4.72622375e+02, 7.70532012e-01, 8.84046143e+02, 4.19801758e+02,
       6.17085934e-01, 8.99749695e+02, 4.92332062e+02, 2.39328846e-01,
       0., 0., 0., 0., 0., 0., 0., 0., 0., 0., 0., 0., 0., 0., 0., 0.,
       0., 0. ]
