%YAML:1.0
---
pose_0: !!opencv-matrix
   rows: 1
   cols: 25
   dt: "3f"
   data: [ 9.33003967e+02, 1.98410339e+02, 8.29970002e-01,
       8.27246765e+02, 2.12053421e+02, 6.80569947e-01, 8.09666016e+02,
       1.33654602e+02, 6.91872299e-01, 6.93972961e+02, 1.16125824e+02,
       6.85933948e-01, 5.84258057e+02, 1.02440895e+02, 7.70621896e-01,
       8.40932983e+02, 2.92449310e+02, 6.74429119e-01, 7.60713440e+02,
       3.51189728e+02, 8.06098163e-01, 6.97911316e+02, 3.10087189e+02,
       7.67093420e-01, 6.00012268e+02, 2.12048508e+02, 3.30610305e-01,
       5.92151428e+02, 1.70934555e+02, 4.30358618e-01, 3.53119324e+02,
       2.14055710e+02, 3.65749240e-01, 1.02333473e+02, 2.27804672e+02,
       2.69849837e-01, 6.03940796e+02, 2.59088715e+02, 2.84177840e-01,
       4.82464417e+02, 2.90467438e+02, 1.74753368e-01, 3.64909241e+02,
       2.74758118e+02, 9.07829851e-02, 9.44739380e+02, 1.78740906e+02,
       8.74933600e-01, 9.46811523e+02, 2.15984085e+02, 8.20260882e-01,
       9.15362244e+02, 1.53352768e+02, 6.27502859e-01, 9.33037598e+02,
       2.41424591e+02, 3.34862143e-01, 3.51126984e+02, 2.84572357e+02,
       8.32236335e-02, 3.53155640e+02, 2.88437286e+02, 9.01629180e-02,
       0., 0., 0., 9.06171341e+01, 2.78708252e+02, 1.25423759e-01,
       8.86443176e+01, 2.74764587e+02, 1.17446519e-01, 8.47275391e+01,
       2.25804077e+02, 2.35372275e-01 ]
