%YAML:1.0
---
pose_0: !!opencv-matrix
   rows: 1
   cols: 25
   dt: "3f"
   data: [ 9.44734375e+02, 3.72751190e+02, 7.56946623e-01,
       8.44880859e+02, 3.08069733e+02, 3.99754971e-01, 8.66400452e+02,
       2.82605408e+02, 6.43400908e-01, 7.68459778e+02, 2.35569412e+02,
       7.34207094e-01, 6.66596741e+02, 3.80574066e+02, 7.06595182e-01,
       8.19425964e+02, 3.37439697e+02, 2.03571290e-01, 0., 0., 0., 0.,
       0., 0., 0., 0., 0., 0., 0., 0., 0., 0., 0., 0., 0., 0., 0., 0.,
       0., 0., 0., 0., 0., 0., 0., 9.58534668e+02, 3.53166626e+02,
       7.75138319e-01, 9.60412720e+02, 3.76680573e+02, 3.34450126e-01,
       9.36943176e+02, 3.06084412e+02, 8.68765712e-01, 0., 0., 0., 0.,
       0., 0., 0., 0., 0., 0., 0., 0., 0., 0., 0., 0., 0., 0., 0., 0.,
       0. ]
