%YAML:1.0
---
pose_0: !!opencv-matrix
   rows: 2
   cols: 25
   dt: "3f"
   data: [ 9.15391418e+02, 3.64879578e+02, 8.05610895e-01,
       8.33122009e+02, 3.02216125e+02, 2.95646369e-01, 8.39072021e+02,
       2.88419464e+02, 7.08275437e-01, 7.62590454e+02, 3.84484985e+02,
       7.80086577e-01, 8.23301758e+02, 4.60794098e+02, 8.33368421e-01,
       8.33113892e+02, 3.29637390e+02, 1.10030495e-01, 0., 0., 0., 0.,
       0., 0., 5.41234131e+02, 2.88504700e+02, 2.32599095e-01,
       5.37319397e+02, 2.88472534e+02, 2.39887744e-01, 3.23797241e+02,
       3.64872711e+02, 2.02521876e-01, 1.29774124e+02, 3.51122498e+02,
       2.37543717e-01, 0., 0., 0., 0., 0., 0., 0., 0., 0.,
       9.31033936e+02, 3.37497009e+02, 7.89496601e-01, 9.33032288e+02,
       3.68892761e+02, 7.15829849e-01, 9.13382141e+02, 3.00237793e+02,
       7.83500195e-01, 0., 0., 0., 0., 0., 0., 0., 0., 0., 0., 0., 0.,
       1.31824524e+02, 4.09954834e+02, 2.47542128e-01, 1.31700470e+02,
       4.02105042e+02, 2.03935608e-01, 1.00443924e+02, 3.49189911e+02,
       1.93191096e-01, 0., 0., 0., 0., 0., 0., 0., 0., 0., 0., 0., 0.,
       0., 0., 0., 7.68500488e+02, 3.33550751e+02, 1.49354249e-01,
       6.97877991e+02, 4.08029236e+02, 8.05124402e-01, 7.70441101e+02,
       4.60913696e+02, 7.10012078e-01, 0., 0., 0., 0., 0., 0., 0., 0.,
       0., 0., 0., 0., 0., 0., 0., 0., 0., 0., 0., 0., 0., 0., 0., 0.,
       0., 0., 0., 0., 0., 0., 0., 0., 0., 0., 0., 0., 0., 0., 0., 0.,
       0., 0., 0., 0., 0., 0., 0., 0., 0., 0., 0. ]
