%YAML:1.0
---
pose_0: !!opencv-matrix
   rows: 1
   cols: 25
   dt: "3f"
   data: [ 9.48682373e+02, 3.19837280e+02, 8.57884765e-01,
       8.35021484e+02, 3.19804138e+02, 6.58061385e-01, 8.09588013e+02,
       2.39499756e+02, 6.59593821e-01, 6.80383484e+02, 1.74844986e+02,
       5.47186315e-01, 7.11601807e+02, 1.65057556e+02, 7.22330391e-01,
       8.56615479e+02, 4.07969788e+02, 6.23218894e-01, 7.60650452e+02,
       5.19650818e+02, 3.43221515e-01, 7.86119995e+02, 5.29448181e+02,
       3.90677243e-01, 5.37304688e+02, 3.70794250e+02, 1.59213692e-01,
       5.31430725e+02, 3.31571991e+02, 2.32902527e-01, 3.60981964e+02,
       3.41387695e+02, 2.84705400e-01, 1.65084091e+02, 3.41387604e+02,
       2.20679149e-01, 5.29462280e+02, 4.29568817e+02, 1.57161489e-01,
       3.64884735e+02, 5.07897186e+02, 4.85027224e-01, 1.92499420e+02,
       5.96084351e+02, 4.16423678e-01, 9.60462280e+02, 2.90434692e+02,
       8.43250155e-01, 9.66379700e+02, 3.31599060e+02, 7.88172185e-01,
       9.32991028e+02, 2.55214188e+02, 6.45987391e-01, 0., 0., 0.,
       1.14129097e+02, 6.19603638e+02, 1.71068326e-01, 1.23905289e+02,
       6.31345520e+02, 1.78094536e-01, 1.72920258e+02, 5.99995789e+02,
       1.94593981e-01, 9.45511703e+01, 3.47240479e+02, 1.05399586e-01,
       9.45523453e+01, 3.39454865e+02, 9.95519385e-02, 1.49419800e+02,
       3.37497528e+02, 1.06148653e-01 ]
