%YAML:1.0
---
pose_0: !!opencv-matrix
   rows: 1
   cols: 25
   dt: "3f"
   data: [ 9.17347595e+02, 2.47332077e+02, 7.44570017e-01,
       8.50729980e+02, 3.17866272e+02, 6.17069364e-01, 8.68393066e+02,
       3.35436798e+02, 5.65166414e-01, 0., 0., 0., 0., 0., 0.,
       8.38977844e+02, 3.04124786e+02, 5.23120463e-01, 7.56700195e+02,
       2.90451721e+02, 7.18857646e-01, 8.39061157e+02, 2.10095444e+02,
       7.75826335e-01, 7.09704834e+02, 3.37479431e+02, 1.80655628e-01,
       6.96011597e+02, 3.08091339e+02, 1.23026237e-01, 3.04193451e+02,
       3.55104462e+02, 4.02494282e-01, 8.67180176e+01, 4.19770874e+02,
       1.92702278e-01, 6.94044617e+02, 3.55107300e+02, 1.51433572e-01,
       3.02180481e+02, 3.64852905e+02, 8.91831070e-02, 8.47646942e+01,
       4.21686340e+02, 1.22685224e-01, 9.33087891e+02, 2.49290085e+02,
       3.44658792e-01, 9.33089294e+02, 2.63012726e+02, 7.96805680e-01,
       0., 0., 0., 9.17366882e+02, 3.19845062e+02, 8.73493493e-01,
       5.92684097e+01, 4.53067322e+02, 5.35961986e-02, 6.31846123e+01,
       4.51097595e+02, 8.48891363e-02, 5.92518806e+01, 4.31523834e+02,
       7.65003115e-02, 5.53696747e+01, 4.49131744e+02, 1.84797898e-01,
       5.34033127e+01, 4.41319855e+02, 1.74363360e-01, 0., 0., 0. ]
