%YAML:1.0
---
pose_0: !!opencv-matrix
   rows: 1
   cols: 25
   dt: "3f"
   data: [ 9.58474915e+02, 2.74750763e+02, 7.80201972e-01,
       8.52745728e+02, 2.51284592e+02, 6.48022950e-01, 8.52641357e+02,
       1.78724457e+02, 6.38814092e-01, 7.33257019e+02, 8.66918564e+01,
       7.45479941e-01, 8.03720642e+02, 2.21892334e+02, 6.70541704e-01,
       8.54664612e+02, 3.35467102e+02, 4.93238777e-01, 8.48780640e+02,
       3.60982849e+02, 8.56364295e-02, 7.93982178e+02, 4.55010529e+02,
       2.46534094e-01, 7.68467346e+02, 2.63037018e+02, 5.18694483e-02,
       0., 0., 0., 0., 0., 0., 0., 0., 0., 0., 0., 0., 0., 0., 0., 0.,
       0., 0., 9.66368530e+02, 2.43419693e+02, 8.60980034e-01,
       9.82030884e+02, 2.86498077e+02, 6.79767251e-01, 9.48694580e+02,
       2.04243484e+02, 6.58942878e-01, 0., 0., 0., 0., 0., 0., 0., 0.,
       0., 0., 0., 0., 0., 0., 0., 0., 0., 0., 0., 0., 0. ]
