%YAML:1.0
---
pose_0: !!opencv-matrix
   rows: 1
   cols: 25
   dt: "3f"
   data: [ 8.64445984e+02, 2.45397797e+02, 3.66883993e-01,
       7.84151672e+02, 2.84559845e+02, 4.32803810e-01, 7.70462402e+02,
       2.41461792e+02, 1.81283891e-01, 7.46901184e+02, 1.61101913e+02,
       2.53981501e-01, 8.36996704e+02, 1.65007202e+02, 3.00099581e-01,
       7.92046753e+02, 3.04174591e+02, 6.04137540e-01, 7.46949219e+02,
       1.59179947e+02, 5.78293324e-01, 8.37023621e+02, 1.63125412e+02,
       6.26283526e-01, 5.37296021e+02, 3.37460663e+02, 2.75571883e-01,
       5.39242737e+02, 3.06091339e+02, 2.79608876e-01, 3.41410828e+02,
       2.88454651e+02, 1.16614401e-01, 0., 0., 0., 5.35334351e+02,
       3.72750458e+02, 2.47796640e-01, 3.66815918e+02, 4.29584656e+02,
       4.71876979e-01, 2.43410339e+02, 5.43242554e+02, 4.81132865e-01,
       8.74246765e+02, 2.41460129e+02, 1.57716423e-01, 8.70379456e+02,
       2.59039581e+02, 4.68297243e-01, 0., 0., 0., 8.54636230e+02,
       2.86480560e+02, 7.22982883e-01, 1.94443085e+02, 5.19682068e+02,
       1.36569336e-01, 2.06172119e+02, 5.27546753e+02, 1.25159934e-01,
       2.35580444e+02, 5.68632507e+02, 3.69869143e-01, 0., 0., 0., 0.,
       0., 0., 0., 0., 0. ]
