%YAML:1.0
---
pose_0: !!opencv-matrix
   rows: 1
   cols: 25
   dt: "3f"
   data: [ 8.97799255e+02, 4.47251373e+02, 7.48037159e-01,
       8.35039307e+02, 4.27543365e+02, 6.39587879e-01, 8.27261597e+02,
       3.72744507e+02, 4.87884104e-01, 9.15458130e+02, 3.53235443e+02,
       8.47471416e-01, 9.72213135e+02, 4.54997009e+02, 4.07161236e-01,
       8.37093994e+02, 4.70675781e+02, 5.76921761e-01, 8.54633728e+02,
       5.52937561e+02, 8.43704164e-01, 7.88003418e+02, 4.45194458e+02,
       8.40486646e-01, 6.50926270e+02, 4.47179474e+02, 7.65289366e-02,
       6.35241150e+02, 4.21706909e+02, 1.01775542e-01, 5.58834961e+02,
       4.11920441e+02, 5.43174446e-02, 0., 0., 0., 0., 0., 0., 0., 0.,
       0., 0., 0., 0., 9.01790833e+02, 4.33447540e+02, 7.55963981e-01,
       9.09542053e+02, 4.51070343e+02, 5.36415279e-01, 8.89944519e+02,
       4.06028992e+02, 6.42581582e-01, 0., 0., 0., 0., 0., 0., 0., 0.,
       0., 0., 0., 0., 0., 0., 0., 0., 0., 0., 0., 0., 0. ]
