%YAML:1.0
---
pose_0: !!opencv-matrix
   rows: 1
   cols: 25
   dt: "3f"
   data: [ 8.83991211e+02, 3.37509888e+02, 8.35415184e-01,
       7.91962036e+02, 3.21737640e+02, 7.69724548e-01, 8.03732422e+02,
       2.59084045e+02, 6.53476000e-01, 8.11558716e+02, 1.94484055e+02,
       7.97116041e-01, 8.91938660e+02, 2.74706512e+02, 7.21211970e-01,
       7.80205261e+02, 3.88394348e+02, 5.80546200e-01, 7.62607666e+02,
       5.02030396e+02, 7.75478542e-01, 8.54630920e+02, 4.37389313e+02,
       7.93599546e-01, 5.43166016e+02, 3.25731934e+02, 2.80114919e-01,
       5.47108337e+02, 2.80649689e+02, 3.37511450e-01, 3.68826416e+02,
       2.57192017e+02, 1.71898454e-01, 1.80799316e+02, 2.10050949e+02,
       3.85214299e-01, 5.41232727e+02, 3.74699524e+02, 3.42328131e-01,
       3.51122559e+02, 3.82543640e+02, 4.64995295e-01, 1.53302567e+02,
       3.53125732e+02, 4.20074970e-01, 8.88046814e+02, 3.17836548e+02,
       7.75933623e-01, 9.01680603e+02, 3.45322205e+02, 7.74496436e-01,
       8.70315063e+02, 2.90423096e+02, 6.27555072e-01, 0., 0., 0.,
       9.06626358e+01, 3.86438324e+02, 2.73450345e-01, 1.02433250e+02,
       3.94243378e+02, 3.03070933e-01, 1.29794876e+02, 3.35521240e+02,
       2.19418943e-01, 0., 0., 0., 0., 0., 0., 1.76762344e+02,
       2.12088318e+02, 2.30575606e-01 ]
