%YAML:1.0
---
pose_0: !!opencv-matrix
   rows: 1
   cols: 25
   dt: "3f"
   data: [ 9.64417236e+02, 2.47328720e+02, 7.79592693e-01,
       8.44861633e+02, 2.59087372e+02, 5.49329877e-01, 8.40979004e+02,
       1.67048386e+02, 6.11897647e-01, 7.01862244e+02, 1.18016624e+02,
       7.78311431e-01, 6.49022644e+02, 1.49377960e+02, 7.70948589e-01,
       8.54687073e+02, 3.47229248e+02, 5.33762455e-01, 7.42968872e+02,
       4.62872803e+02, 7.59136081e-01, 7.97885620e+02, 3.45293060e+02,
       4.48351413e-01, 5.41205322e+02, 2.74768311e+02, 1.01174265e-01,
       5.39244690e+02, 2.25773987e+02, 1.65529311e-01, 3.39459351e+02,
       3.33539581e+02, 5.41960672e-02, 1.25870972e+02, 3.11985046e+02,
       5.29797003e-02, 5.52970276e+02, 3.23788300e+02, 7.57896826e-02,
       3.37450348e+02, 3.33519714e+02, 1.38322905e-01, 3.21773499e+02,
       3.25727264e+02, 5.22851646e-02, 9.72223999e+02, 2.23864059e+02,
       7.42705941e-01, 9.85953491e+02, 2.61066528e+02, 7.99225926e-01,
       9.44821838e+02, 1.96466599e+02, 6.27161860e-01, 9.78115479e+02,
       2.88494110e+02, 1.35610551e-01, 0., 0., 0., 0., 0., 0., 0., 0.,
       0., 0., 0., 0., 0., 0., 0., 0., 0., 0. ]
