%YAML:1.0
---
pose_0: !!opencv-matrix
   rows: 1
   cols: 25
   dt: "3f"
   data: [ 9.80031006e+02, 2.72894379e+02, 8.51322532e-01,
       8.33119568e+02, 2.94346924e+02, 5.72496593e-01, 8.19398071e+02,
       2.08122040e+02, 5.97550869e-01, 6.64597534e+02, 1.63122574e+02,
       7.25467622e-01, 5.52949402e+02, 1.59148849e+02, 7.68185854e-01,
       8.48776672e+02, 3.86488556e+02, 6.20068848e-01, 7.31302185e+02,
       4.62804596e+02, 8.11242044e-01, 6.68546387e+02, 3.82513123e+02,
       5.20101428e-01, 5.56883545e+02, 3.10047516e+02, 1.36490226e-01,
       5.58857300e+02, 2.57114197e+02, 1.90874130e-01, 3.47273651e+02,
       2.88513947e+02, 1.33942977e-01, 0., 0., 0., 5.56904968e+02,
       3.70777161e+02, 1.38698995e-01, 3.70754944e+02, 3.70805878e+02,
       6.86151162e-02, 0., 0., 0., 9.82003845e+02, 2.51242569e+02,
       8.40749443e-01, 9.93772461e+02, 2.88471069e+02, 8.61970186e-01,
       9.46769409e+02, 2.25822830e+02, 5.44430435e-01, 9.76116150e+02,
       3.17880219e+02, 1.94698080e-01, 0., 0., 0., 0., 0., 0., 0., 0.,
       0., 0., 0., 0., 0., 0., 0., 0., 0., 0. ]
