%YAML:1.0
---
pose_0: !!opencv-matrix
   rows: 1
   cols: 25
   dt: "3f"
   data: [ 8.72286682e+02, 3.35413452e+02, 7.74673283e-01,
       8.13544983e+02, 2.55136551e+02, 4.24741089e-01, 8.07686157e+02,
       2.49317093e+02, 5.86697638e-01, 7.27376099e+02, 2.45417633e+02,
       6.45867348e-01, 6.97866150e+02, 3.84537933e+02, 8.07273090e-01,
       8.25272766e+02, 2.57101105e+02, 3.58360738e-01, 0., 0., 0., 0.,
       0., 0., 5.23599915e+02, 2.45403168e+02, 2.16275215e-01,
       5.09905457e+02, 2.27772064e+02, 2.17677534e-01, 4.51120270e+02,
       3.15900696e+02, 9.22688022e-02, 2.96330048e+02, 3.23754730e+02,
       8.12304094e-02, 5.39237915e+02, 2.64988373e+02, 1.39936179e-01,
       4.53061890e+02, 3.19847290e+02, 1.56308427e-01, 0., 0., 0.,
       8.89937622e+02, 3.21752625e+02, 8.18543434e-01, 0., 0., 0.,
       8.87952209e+02, 2.72875000e+02, 8.89149189e-01, 0., 0., 0., 0.,
       0., 0., 0., 0., 0., 0., 0., 0., 0., 0., 0., 0., 0., 0., 0., 0.,
       0. ]
