%YAML:1.0
---
pose_0: !!opencv-matrix
   rows: 1
   cols: 25
   dt: "3f"
   data: [ 9.17338318e+02, 3.53161957e+02, 8.18164170e-01,
       8.05611511e+02, 3.27672577e+02, 6.70131683e-01, 7.93980286e+02,
       2.47381241e+02, 6.48460150e-01, 6.64693542e+02, 1.90495026e+02,
       7.82127321e-01, 7.27265076e+02, 1.80759903e+02, 7.99177289e-01,
       8.03692322e+02, 4.00235992e+02, 5.73787630e-01, 6.80357178e+02,
       4.68730194e+02, 7.85518289e-01, 7.86114746e+02, 4.86381683e+02,
       7.58809924e-01, 5.47101379e+02, 3.68833191e+02, 2.89659053e-01,
       5.54928528e+02, 3.19843140e+02, 4.44613934e-01, 3.64925385e+02,
       3.49201691e+02, 3.95684659e-01, 2.25752884e+02, 3.33495422e+02,
       2.65133023e-01, 5.47087402e+02, 4.21723846e+02, 3.31636757e-01,
       3.53106659e+02, 4.80536804e+02, 5.23004949e-01, 1.88568588e+02,
       5.23537476e+02, 4.73120093e-01, 9.31169128e+02, 3.25689667e+02,
       7.92705357e-01, 9.33051636e+02, 3.64870422e+02, 7.97525287e-01,
       9.03673218e+02, 2.90477661e+02, 7.64306724e-01, 0., 0., 0.,
       1.25912453e+02, 5.70602661e+02, 2.93261886e-01, 1.33712753e+02,
       5.70661133e+02, 3.19434822e-01, 1.70937897e+02, 5.11852936e+02,
       2.62687683e-01, 1.47386108e+02, 3.17875824e+02, 7.31391758e-02,
       1.47388229e+02, 3.12012177e+02, 7.41533488e-02, 0., 0., 0. ]
