%YAML:1.0
---
pose_0: !!opencv-matrix
   rows: 1
   cols: 25
   dt: "3f"
   data: [ 9.01627502e+02, 3.58999023e+02, 7.86443174e-01,
       7.91986938e+02, 3.66774414e+02, 7.25767076e-01, 7.78285645e+02,
       2.88479828e+02, 6.67268574e-01, 6.62633545e+02, 2.41426315e+02,
       7.94305563e-01, 7.29354492e+02, 2.92473022e+02, 7.39556611e-01,
       7.91973572e+02, 4.45191162e+02, 5.46995103e-01, 6.74424316e+02,
       5.19681335e+02, 7.38856554e-01, 7.76302124e+02, 5.07856781e+02,
       8.18173647e-01, 5.21641541e+02, 3.96227051e+02, 3.22868079e-01,
       5.31421875e+02, 3.47269958e+02, 4.31350648e-01, 3.43368195e+02,
       3.39467560e+02, 3.36421669e-01, 1.55292160e+02, 3.06186798e+02,
       2.47569457e-01, 5.23588989e+02, 4.43235321e+02, 3.85102242e-01,
       3.62906403e+02, 4.78606445e+02, 5.48068881e-01, 1.72909195e+02,
       5.17728333e+02, 4.16680813e-01, 9.13418213e+02, 3.37394470e+02,
       8.56254756e-01, 9.15417725e+02, 3.70853729e+02, 7.94247568e-01,
       8.82099609e+02, 3.13975616e+02, 6.82784677e-01, 9.05639465e+02,
       3.96197266e+02, 1.75124392e-01, 1.04311470e+02, 5.62759094e+02,
       2.06655666e-01, 1.10227890e+02, 5.64743164e+02, 2.22025365e-01,
       1.43511780e+02, 5.09883331e+02, 1.77502021e-01, 1.47436417e+02,
       3.04224182e+02, 9.51398313e-02, 1.47462280e+02, 3.04158600e+02,
       1.17380589e-01, 1.49378677e+02, 3.08111847e+02, 2.22378969e-01 ]
