%YAML:1.0
---
pose_0: !!opencv-matrix
   rows: 1
   cols: 25
   dt: "3f"
   data: [ 8.88018738e+02, 3.25695740e+02, 7.18753159e-01,
       8.17411743e+02, 2.98284485e+02, 6.42137945e-01, 8.23403015e+02,
       2.21865479e+02, 5.97685814e-01, 7.05760559e+02, 1.63069672e+02,
       7.61524796e-01, 7.80247009e+02, 2.61092987e+02, 7.59643018e-01,
       8.05668030e+02, 3.80575500e+02, 4.84168261e-01, 7.29359985e+02,
       4.13859741e+02, 2.73046553e-01, 0., 0., 0., 5.51008240e+02,
       2.84584503e+02, 1.75054863e-01, 5.41202820e+02, 2.45381561e+02,
       2.83388227e-01, 3.57046417e+02, 2.57102844e+02, 3.25939864e-01,
       1.92473648e+02, 2.76789581e+02, 3.93879265e-01, 5.37295044e+02,
       3.45308807e+02, 1.58878088e-01, 3.41381592e+02, 3.41377106e+02,
       4.40908283e-01, 1.59172119e+02, 3.41371277e+02, 3.28814447e-01,
       9.09507996e+02, 3.06117096e+02, 7.84644067e-01, 9.05639465e+02,
       3.39418060e+02, 7.60538816e-01, 9.11475525e+02, 2.70810333e+02,
       6.60764039e-01, 0., 0., 0., 8.47677994e+01, 3.82509399e+02,
       2.67190337e-01, 8.86994171e+01, 3.82579041e+02, 3.02149147e-01,
       1.39603043e+02, 3.33562592e+02, 1.52674139e-01, 1.27833939e+02,
       2.33673416e+02, 2.60687172e-01, 1.27837769e+02, 2.33663910e+02,
       2.09677786e-01, 1.80781708e+02, 2.86509918e+02, 1.52164653e-01 ]
