%YAML:1.0
---
pose_0: !!opencv-matrix
   rows: 1
   cols: 25
   dt: "3f"
   data: [ 9.23239929e+02, 1.80738846e+02, 7.08836854e-01,
       8.23284058e+02, 2.33665070e+02, 7.02151239e-01, 7.92043213e+02,
       1.65068497e+02, 7.21793950e-01, 6.99895081e+02, 1.00449928e+02,
       5.98851800e-01, 6.93986877e+02, 1.16111313e+02, 8.03915858e-01,
       8.46842773e+02, 3.06124298e+02, 6.68742120e-01, 7.54745422e+02,
       4.09981903e+02, 7.42340207e-01, 6.19589478e+02, 4.33523346e+02,
       8.18034053e-01, 5.52969971e+02, 2.47344360e+02, 7.21235350e-02,
       5.39259094e+02, 2.04259720e+02, 7.55263716e-02, 3.08091980e+02,
       3.23744751e+02, 1.39285922e-01, 0., 0., 0., 5.62772522e+02,
       3.02212677e+02, 7.25883842e-02, 3.21825439e+02, 3.19792633e+02,
       1.09900683e-01, 8.67097931e+01, 3.82479156e+02, 6.04397655e-02,
       9.33122803e+02, 1.72933548e+02, 6.17525101e-01, 9.46726013e+02,
       1.98388657e+02, 8.61844540e-01, 0., 0., 0., 9.23244446e+02,
       2.45460129e+02, 7.83250928e-01, 0., 0., 0., 0., 0., 0., 0., 0.,
       0., 0., 0., 0., 0., 0., 0., 0., 0., 0. ]
