%YAML:1.0
---
pose_0: !!opencv-matrix
   rows: 1
   cols: 25
   dt: "3f"
   data: [ 9.64317139e+02, 2.82590088e+02, 7.90365100e-01,
       8.37098511e+02, 3.00265747e+02, 6.70670629e-01, 8.23343689e+02,
       2.12032486e+02, 6.98400497e-01, 6.86170532e+02, 1.80766907e+02,
       7.76663661e-01, 5.80367615e+02, 1.65064529e+02, 8.41171741e-01,
       8.50699341e+02, 3.84531281e+02, 6.19706869e-01, 7.13676453e+02,
       4.53080170e+02, 5.70077717e-01, 5.54882324e+02, 5.09890869e+02,
       6.18809998e-01, 5.56904297e+02, 3.33562073e+02, 1.84185669e-01,
       5.56884460e+02, 2.86497650e+02, 2.18321919e-01, 3.13978180e+02,
       3.04157654e+02, 1.33295953e-01, 0., 0., 0., 5.54931641e+02,
       3.90384064e+02, 2.49880910e-01, 4.13879272e+02, 4.09965881e+02,
       8.80671144e-02, 3.53109711e+02, 4.15801605e+02, 1.07738756e-01,
       9.66415283e+02, 2.57170197e+02, 8.79455090e-01, 9.78165527e+02,
       2.94355865e+02, 8.31319869e-01, 9.36954956e+02, 2.29734344e+02,
       6.44208372e-01, 9.64423401e+02, 3.19892181e+02, 1.56619951e-01,
       0., 0., 0., 0., 0., 0., 0., 0., 0., 0., 0., 0., 0., 0., 0., 0.,
       0., 0. ]
