%YAML:1.0
---
pose_0: !!opencv-matrix
   rows: 1
   cols: 25
   dt: "3f"
   data: [ 8.97768372e+02, 4.13901978e+02, 8.17368746e-01,
       7.91965637e+02, 4.02134064e+02, 7.20944762e-01, 7.89927490e+02,
       3.33571777e+02, 7.12835610e-01, 7.56731628e+02, 3.06101685e+02,
       4.56384391e-01, 7.11606323e+02, 2.86484558e+02, 6.77331865e-01,
       7.92003967e+02, 4.78532928e+02, 6.15925968e-01, 6.82352478e+02,
       5.62751404e+02, 7.55575418e-01, 7.88090820e+02, 5.47109680e+02,
       7.25518525e-01, 5.47099365e+02, 4.00179626e+02, 2.30283141e-01,
       5.45135498e+02, 3.59029327e+02, 3.56132239e-01, 3.37492432e+02,
       3.74718079e+02, 3.02979022e-01, 1.59168335e+02, 3.53153412e+02,
       2.13159114e-01, 5.45132568e+02, 4.58925293e+02, 2.06643626e-01,
       3.64904510e+02, 4.82440552e+02, 9.66951922e-02, 1.76821716e+02,
       5.25579529e+02, 1.14536174e-01, 9.03731201e+02, 3.86476990e+02,
       8.19191098e-01, 9.07597046e+02, 4.29441589e+02, 7.53617108e-01,
       8.78183838e+02, 3.59022888e+02, 6.91377819e-01, 8.68410095e+02,
       4.21683533e+02, 6.78276122e-02, 1.51321625e+02, 5.17685303e+02,
       6.29029721e-02, 1.51329285e+02, 5.21596252e+02, 6.47080466e-02,
       0., 0., 0., 1.47404846e+02, 3.64837097e+02, 5.12392744e-02,
       1.47393158e+02, 3.64844910e+02, 5.23329116e-02, 0., 0., 0. ]
