%YAML:1.0
---
pose_0: !!opencv-matrix
   rows: 2
   cols: 25
   dt: "3f"
   data: [ 9.19365173e+02, 3.21859985e+02, 8.00122380e-01,
       8.58577576e+02, 2.45409912e+02, 3.49092305e-01, 8.66381470e+02,
       2.29710007e+02, 7.24858165e-01, 7.70445862e+02, 2.90416809e+02,
       6.97620571e-01, 7.95874146e+02, 4.09932190e+02, 7.96686113e-01,
       8.68407471e+02, 2.55201355e+02, 1.28602669e-01, 0., 0., 0., 0.,
       0., 0., 0., 0., 0., 0., 0., 0., 0., 0., 0., 0., 0., 0., 0., 0.,
       0., 0., 0., 0., 0., 0., 0., 9.35032104e+02, 3.06089722e+02,
       8.18317115e-01, 9.40858887e+02, 3.23794373e+02, 1.44485041e-01,
       9.23268921e+02, 2.57161194e+02, 8.47973406e-01, 0., 0., 0., 0.,
       0., 0., 0., 0., 0., 0., 0., 0., 0., 0., 0., 0., 0., 0., 0., 0.,
       0., 0., 0., 0., 7.52829346e+02, 2.57160248e+02, 1.67374909e-01,
       0., 0., 0., 0., 0., 0., 0., 0., 0., 7.39085144e+02,
       2.61082092e+02, 1.38201997e-01, 6.86188293e+02, 3.37531433e+02,
       6.96110249e-01, 7.29298035e+02, 4.41316437e+02, 7.80257881e-01,
       5.52952026e+02, 2.43424316e+02, 1.85669810e-01, 5.41258667e+02,
       2.51263046e+02, 1.71632573e-01, 4.35434814e+02, 3.19879395e+02,
       7.58318305e-02, 3.10041534e+02, 2.78706970e+02, 6.55804202e-02,
       0., 0., 0., 0., 0., 0., 0., 0., 0., 0., 0., 0., 0., 0., 0., 0.,
       0., 0., 0., 0., 0., 0., 0., 0., 0., 0., 0., 0., 0., 0., 0., 0.,
       0., 0., 0., 0., 0., 0., 0. ]
