%YAML:1.0
---
pose_0: !!opencv-matrix
   rows: 1
   cols: 25
   dt: "3f"
   data: [ 9.36999146e+02, 2.74823578e+02, 7.73793280e-01,
       8.36983521e+02, 2.86511261e+02, 6.11477613e-01, 8.31191345e+02,
       1.98355850e+02, 6.66442513e-01, 7.23446289e+02, 1.10178963e+02,
       7.01124966e-01, 7.74365967e+02, 1.76820633e+02, 7.82036304e-01,
       8.37101318e+02, 3.74663177e+02, 6.27197266e-01, 7.35173096e+02,
       4.56934204e+02, 6.93380117e-01, 6.01979065e+02, 4.47278442e+02,
       8.22707891e-01, 5.80404358e+02, 3.02219116e+02, 1.19878694e-01,
       5.78427734e+02, 2.59111603e+02, 1.85138524e-01, 3.68764313e+02,
       2.53229675e+02, 1.37848526e-01, 0., 0., 0., 5.86265076e+02,
       3.66838196e+02, 1.15608431e-01, 3.68779907e+02, 2.64975708e+02,
       5.71033545e-02, 0., 0., 0., 9.46814880e+02, 2.57149689e+02,
       8.99961829e-01, 9.56533081e+02, 2.94376740e+02, 7.79235959e-01,
       9.19358337e+02, 2.33609940e+02, 5.76169133e-01, 9.46711792e+02,
       3.19820099e+02, 2.31575817e-01, 0., 0., 0., 0., 0., 0., 0., 0.,
       0., 0., 0., 0., 0., 0., 0., 0., 0., 0. ]
