%YAML:1.0
---
pose_0: !!opencv-matrix
   rows: 1
   cols: 25
   dt: "3f"
   data: [ 9.76168945e+02, 3.23718964e+02, 7.61306286e-01,
       8.54658569e+02, 3.13987152e+02, 5.95114827e-01, 8.52776123e+02,
       2.25777679e+02, 6.36911750e-01, 7.09699463e+02, 1.49441238e+02,
       7.67835259e-01, 7.42923279e+02, 2.63044617e+02, 7.68126786e-01,
       8.39012756e+02, 4.07973175e+02, 4.05881912e-01, 6.84255249e+02,
       4.56950989e+02, 5.82118988e-01, 7.56752625e+02, 4.00222778e+02,
       6.57212973e-01, 7.13626221e+02, 3.70769531e+02, 1.02648333e-01,
       6.86178284e+02, 3.53132629e+02, 1.44246012e-01, 5.98029785e+02,
       4.45196228e+02, 7.63606876e-02, 0., 0., 0., 7.23429260e+02,
       4.15831787e+02, 7.47881308e-02, 0., 0., 0., 0., 0., 0.,
       9.93743591e+02, 3.04129364e+02, 8.83882463e-01, 9.93788879e+02,
       3.41422272e+02, 7.72495270e-01, 9.70276062e+02, 2.66958435e+02,
       4.17858601e-01, 9.93707947e+02, 3.68851166e+02, 5.12794852e-02,
       0., 0., 0., 0., 0., 0., 0., 0., 0., 0., 0., 0., 0., 0., 0., 0.,
       0., 0. ]
