%YAML:1.0
---
pose_0: !!opencv-matrix
   rows: 1
   cols: 25
   dt: "3f"
   data: [ 9.44825745e+02, 2.84556976e+02, 7.34027326e-01,
       8.21370300e+02, 2.84590393e+02, 6.02165163e-01, 8.15489746e+02,
       1.96365448e+02, 6.61257505e-01, 6.82256897e+02, 1.65011063e+02,
       7.68168628e-01, 5.76456116e+02, 1.78843674e+02, 7.38852262e-01,
       8.27233643e+02, 3.78622833e+02, 5.93030989e-01, 7.07733215e+02,
       4.47254272e+02, 7.58406579e-01, 6.90098145e+02, 3.66801636e+02,
       7.04582155e-01, 5.33377991e+02, 3.19850189e+02, 1.83975652e-01,
       5.41198425e+02, 2.74735352e+02, 2.01126218e-01, 3.74693573e+02,
       2.84600189e+02, 3.61566335e-01, 1.55277405e+02, 2.90444183e+02,
       1.96328253e-01, 5.09866486e+02, 3.66833008e+02, 1.88256323e-01,
       3.51180328e+02, 3.55162018e+02, 2.63107806e-01, 1.47472672e+02,
       3.64866058e+02, 3.24339241e-01, 9.50685059e+02, 2.59115143e+02,
       8.34676981e-01, 9.58493286e+02, 3.02139557e+02, 7.76751399e-01,
       9.17447144e+02, 2.31692429e+02, 6.08959734e-01, 9.44796753e+02,
       3.21762360e+02, 1.55766308e-01, 8.47269058e+01, 3.94280365e+02,
       1.32684693e-01, 9.45404282e+01, 3.98224945e+02, 1.62669837e-01,
       0., 0., 0., 1.12173286e+02, 2.84571136e+02, 1.07832119e-01,
       1.16098877e+02, 2.84575470e+02, 1.00545518e-01, 0., 0., 0. ]
