%YAML:1.0
---
pose_0: !!opencv-matrix
   rows: 1
   cols: 25
   dt: "3f"
   data: [ 1.04267712e+03, 2.43376755e+02, 8.62753808e-01,
       8.85999939e+02, 2.72838409e+02, 4.70789731e-01, 8.56648926e+02,
       1.86617218e+02, 4.15766776e-01, 7.21445496e+02, 1.78731277e+02,
       1.27018943e-01, 6.82277100e+02, 1.78739059e+02, 3.11316997e-01,
       9.09509521e+02, 3.68783173e+02, 4.50665325e-01, 8.05691162e+02,
       5.11863678e+02, 7.26473629e-01, 8.50744873e+02, 3.68754456e+02,
       7.65752554e-01, 5.64729004e+02, 3.08081055e+02, 6.19160272e-02,
       5.68650391e+02, 2.33639008e+02, 6.43226728e-02, 0., 0., 0., 0.,
       0., 0., 0., 0., 0., 0., 0., 0., 0., 0., 0., 1.04862891e+03,
       2.12181229e+02, 8.08922231e-01, 1.05847205e+03, 2.59065277e+02,
       8.15435052e-01, 1.00355194e+03, 1.76827927e+02, 2.67280251e-01,
       1.03885718e+03, 2.92402374e+02, 6.18135072e-02, 0., 0., 0., 0.,
       0., 0., 0., 0., 0., 0., 0., 0., 0., 0., 0., 0., 0., 0. ]
