%YAML:1.0
---
pose_0: !!opencv-matrix
   rows: 1
   cols: 25
   dt: "3f"
   data: [ 9.05634155e+02, 2.27803268e+02, 7.81684577e-01,
       7.97889648e+02, 2.37583847e+02, 6.50316775e-01, 7.91924133e+02,
       1.51323883e+02, 7.58638442e-01, 6.64708618e+02, 1.18028709e+02,
       8.22342157e-01, 5.76473694e+02, 1.76766678e+02, 7.71008134e-01,
       8.01793945e+02, 3.21777924e+02, 6.57689095e-01, 6.86207275e+02,
       3.78616028e+02, 7.21096814e-01, 5.88240845e+02, 3.53219086e+02,
       8.19021583e-01, 5.54914978e+02, 2.55189316e+02, 3.25072408e-01,
       5.58834351e+02, 2.12111099e+02, 4.36169267e-01, 3.66862366e+02,
       2.25788788e+02, 3.81921053e-01, 1.39575684e+02, 2.41508163e+02,
       2.83637166e-01, 5.43176697e+02, 2.90494507e+02, 3.64393681e-01,
       4.41313080e+02, 3.31605133e+02, 8.04431215e-02, 0., 0., 0.,
       9.17345947e+02, 2.10160568e+02, 8.80288243e-01, 9.17425842e+02,
       2.45450745e+02, 7.75357306e-01, 8.97751770e+02, 1.88598709e+02,
       6.20657027e-01, 9.01660461e+02, 2.70795746e+02, 4.06503648e-01,
       0., 0., 0., 0., 0., 0., 0., 0., 0., 1.00360825e+02,
       2.12067734e+02, 8.28507766e-02, 1.02377647e+02, 2.12081650e+02,
       6.39233962e-02, 1.21951569e+02, 2.53201401e+02, 1.78098351e-01 ]
