%YAML:1.0
---
pose_0: !!opencv-matrix
   rows: 1
   cols: 25
   dt: "3f"
   data: [ 8.85981262e+02, 3.74673615e+02, 7.19244778e-01,
       8.05693115e+02, 3.00217712e+02, 4.43286389e-01, 8.05691650e+02,
       2.90409149e+02, 6.21394575e-01, 7.07767151e+02, 2.55206940e+02,
       7.26230800e-01, 6.58748535e+02, 4.06022156e+02, 5.25006354e-01,
       8.15490479e+02, 3.04161285e+02, 2.64877737e-01, 0., 0., 0., 0.,
       0., 0., 6.19574707e+02, 3.08104645e+02, 1.85342938e-01,
       6.09777893e+02, 2.86539398e+02, 9.43265557e-02, 3.53162079e+02,
       3.82568848e+02, 2.06952244e-01, 1.18043518e+02, 3.39412231e+02,
       1.74937636e-01, 6.29399902e+02, 3.39413055e+02, 2.40348428e-01,
       5.99955383e+02, 4.53064545e+02, 1.68981031e-01, 5.88188538e+02,
       4.70673676e+02, 1.67026371e-01, 9.01783386e+02, 3.62944061e+02,
       7.78892040e-01, 0., 0., 0., 8.93850037e+02, 3.10011078e+02,
       8.02290380e-01, 0., 0., 0., 5.64728516e+02, 4.84395050e+02,
       1.91530749e-01, 0., 0., 0., 5.78452026e+02, 4.76539581e+02,
       1.57333463e-01, 0., 0., 0., 0., 0., 0., 0., 0., 0. ]
