%YAML:1.0
---
pose_0: !!opencv-matrix
   rows: 1
   cols: 25
   dt: "3f"
   data: [ 8.84089844e+02, 3.88434357e+02, 7.37608969e-01,
       7.76367126e+02, 3.88394989e+02, 6.78802431e-01, 7.74358215e+02,
       3.06189514e+02, 6.76073730e-01, 6.50877197e+02, 2.43493118e+02,
       8.64398658e-01, 7.11625549e+02, 2.57160187e+02, 8.26574922e-01,
       7.76254700e+02, 4.62800629e+02, 5.20175040e-01, 6.64706421e+02,
       5.27574158e+02, 8.10995460e-01, 7.62652893e+02, 5.05971283e+02,
       8.18003535e-01, 5.11856812e+02, 4.17792847e+02, 3.35356832e-01,
       5.11850403e+02, 3.70765411e+02, 4.26657110e-01, 3.37510986e+02,
       3.82577972e+02, 4.98476416e-01, 0., 0., 0., 5.25518250e+02,
       4.62832672e+02, 4.32091951e-01, 3.57069092e+02, 5.03981140e+02,
       4.28794265e-01, 1.76842682e+02, 5.25620422e+02, 5.00167012e-01,
       8.99649048e+02, 3.70743835e+02, 8.35158288e-01, 8.99748413e+02,
       4.07989136e+02, 7.49779284e-01, 8.76239075e+02, 3.49212677e+02,
       5.91111600e-01, 8.95846008e+02, 4.29487793e+02, 1.69526979e-01,
       1.25910866e+02, 5.72589355e+02, 2.60569006e-01, 1.31812683e+02,
       5.72593689e+02, 2.96467364e-01, 1.51363403e+02, 5.17706177e+02,
       2.97344983e-01, 0., 0., 0., 0., 0., 0., 0., 0., 0. ]
