%YAML:1.0
---
pose_0: !!opencv-matrix
   rows: 1
   cols: 25
   dt: "3f"
   data: [ 8.68409851e+02, 2.08110397e+02, 7.46869206e-01,
       8.13551208e+02, 2.76747986e+02, 5.41601956e-01, 8.21330627e+02,
       2.78725037e+02, 3.90285403e-01, 7.21439514e+02, 2.66954315e+02,
       7.55810216e-02, 0., 0., 0., 8.17474487e+02, 2.72852417e+02,
       5.66190779e-01, 6.99906860e+02, 2.41389359e+02, 7.34548688e-01,
       6.95961914e+02, 1.74821869e+02, 7.67974794e-01, 5.52967407e+02,
       3.23790527e+02, 2.46752262e-01, 5.49071716e+02, 2.94355865e+02,
       2.46111155e-01, 3.37450348e+02, 2.98303162e+02, 8.83572325e-02,
       0., 0., 0., 5.41203613e+02, 3.53124817e+02, 2.01772004e-01,
       3.29630615e+02, 2.96324005e+02, 1.64028823e-01, 0., 0., 0.,
       8.85970154e+02, 2.10033203e+02, 1.92190751e-01, 8.84092712e+02,
       2.17971695e+02, 7.79216886e-01, 0., 0., 0., 8.78184204e+02,
       2.66966309e+02, 7.68268824e-01, 0., 0., 0., 0., 0., 0., 0., 0.,
       0., 0., 0., 0., 0., 0., 0., 0., 0., 0. ]
