%YAML:1.0
---
pose_0: !!opencv-matrix
   rows: 1
   cols: 25
   dt: "3f"
   data: [ 8.99660522e+02, 4.33427216e+02, 8.27101588e-01,
       7.97865112e+02, 4.31531464e+02, 6.73365653e-01, 7.93912170e+02,
       3.53160645e+02, 7.21545577e-01, 6.68620728e+02, 3.17836639e+02,
       7.11580753e-01, 6.84232666e+02, 2.94354797e+02, 7.43661582e-01,
       7.92080200e+02, 5.07901489e+02, 6.50312304e-01, 6.82212646e+02,
       5.62798889e+02, 7.60804296e-01, 7.60690247e+02, 5.72620483e+02,
       8.07620704e-01, 5.54917053e+02, 4.25626984e+02, 1.83469146e-01,
       5.54938477e+02, 3.94271240e+02, 1.77592993e-01, 3.19823914e+02,
       3.76635681e+02, 1.99369609e-01, 1.61145599e+02, 3.41391907e+02,
       1.56979352e-01, 5.56880920e+02, 4.80480194e+02, 1.36010304e-01,
       0., 0., 0., 0., 0., 0., 9.11467163e+02, 4.15816437e+02,
       8.51181507e-01, 9.13394897e+02, 4.47251465e+02, 7.82782555e-01,
       8.86035645e+02, 3.96213135e+02, 6.45193756e-01, 9.01759705e+02,
       4.74592957e+02, 1.46101236e-01, 0., 0., 0., 0., 0., 0., 0., 0.,
       0., 0., 0., 0., 0., 0., 0., 0., 0., 0. ]
