%YAML:1.0
---
pose_0: !!opencv-matrix
   rows: 1
   cols: 25
   dt: "3f"
   data: [ 8.48808228e+02, 3.66923187e+02, 8.25722694e-01,
       7.48897522e+02, 3.35490234e+02, 5.50587296e-01, 7.56746887e+02,
       2.90491791e+02, 5.59944928e-01, 6.25487488e+02, 2.59172455e+02,
       7.58298337e-01, 5.41272461e+02, 3.86506927e+02, 5.57853401e-01,
       7.29266479e+02, 3.76633148e+02, 3.71368915e-01, 6.21558350e+02,
       3.88427277e+02, 2.39325032e-01, 5.35336975e+02, 4.06032257e+02,
       1.15851805e-01, 5.88287109e+02, 3.25722198e+02, 9.58572924e-02,
       0., 0., 0., 0., 0., 0., 0., 0., 0., 6.09773987e+02,
       3.66813934e+02, 8.98861289e-02, 0., 0., 0., 0., 0., 0.,
       8.68381042e+02, 3.37578949e+02, 7.95227170e-01, 8.66452271e+02,
       3.76642822e+02, 7.21188307e-01, 8.44877747e+02, 3.00274536e+02,
       6.94661379e-01, 0., 0., 0., 0., 0., 0., 0., 0., 0., 0., 0., 0.,
       0., 0., 0., 0., 0., 0., 0., 0., 0. ]
