%YAML:1.0
---
pose_0: !!opencv-matrix
   rows: 1
   cols: 25
   dt: "3f"
   data: [ 9.78105469e+02, 3.29593018e+02, 7.19340920e-01,
       8.54674438e+02, 3.08100281e+02, 5.65272987e-01, 8.54742676e+02,
       2.16045151e+02, 6.14612818e-01, 7.27326294e+02, 1.47361160e+02,
       8.03925633e-01, 7.88037109e+02, 2.88526794e+02, 7.79897094e-01,
       8.40959717e+02, 3.96238342e+02, 3.30315650e-01, 6.78385925e+02,
       4.37359589e+02, 1.63684919e-01, 7.15598389e+02, 4.23660370e+02,
       4.83996809e-01, 5.15753723e+02, 3.35536438e+02, 1.10132501e-01,
       5.31436157e+02, 2.82611847e+02, 1.44931287e-01, 3.35511292e+02,
       3.04132904e+02, 1.96598917e-01, 0., 0., 0., 5.21628479e+02,
       3.82548401e+02, 1.28289878e-01, 3.35500336e+02, 3.68786713e+02,
       1.87325269e-01, 0., 0., 0., 9.93756653e+02, 3.06033356e+02,
       9.09228086e-01, 9.93799866e+02, 3.49189392e+02, 7.62152553e-01,
       9.62436584e+02, 2.70830658e+02, 6.92821503e-01, 0., 0., 0., 0.,
       0., 0., 0., 0., 0., 0., 0., 0., 0., 0., 0., 0., 0., 0., 0., 0.,
       0. ]
