%YAML:1.0
---
pose_0: !!opencv-matrix
   rows: 1
   cols: 25
   dt: "3f"
   data: [ 9.60406067e+02, 2.27724365e+02, 8.43966126e-01,
       8.21327271e+02, 2.29712280e+02, 6.19157076e-01, 8.13556641e+02,
       1.47386932e+02, 6.43544436e-01, 6.93973267e+02, 9.64852829e+01,
       6.58319533e-01, 6.35266541e+02, 1.14124092e+02, 7.28066504e-01,
       8.23282593e+02, 3.19851318e+02, 6.37292504e-01, 7.17567932e+02,
       3.96221619e+02, 7.42866457e-01, 6.62706787e+02, 3.84417938e+02,
       7.79560506e-01, 5.64727051e+02, 2.27755005e+02, 2.02767015e-01,
       5.58859680e+02, 1.92497238e+02, 2.95199931e-01, 3.19825775e+02,
       2.43422272e+02, 1.67823017e-01, 0., 0., 0., 5.27489502e+02,
       2.98280853e+02, 1.23254344e-01, 4.06045990e+02, 2.92439026e+02,
       5.06374761e-02, 0., 0., 0., 9.60496094e+02, 1.96500046e+02,
       8.66930902e-01, 9.76153870e+02, 2.35624222e+02, 7.13508546e-01,
       9.17403809e+02, 1.76770416e+02, 5.77949762e-01, 9.64378235e+02,
       2.62987701e+02, 7.51615837e-02, 0., 0., 0., 0., 0., 0., 0., 0.,
       0., 0., 0., 0., 0., 0., 0., 0., 0., 0. ]
