%YAML:1.0
---
pose_0: !!opencv-matrix
   rows: 1
   cols: 25
   dt: "3f"
   data: [ 9.15354858e+02, 3.37527832e+02, 7.60850012e-01,
       8.13554565e+02, 2.88447937e+02, 6.76266253e-01, 8.35090332e+02,
       2.17987366e+02, 6.31245971e-01, 7.11604797e+02, 1.61084641e+02,
       7.32334137e-01, 5.66643311e+02, 1.39593994e+02, 7.77206481e-01,
       7.91987122e+02, 3.49186829e+02, 6.08715773e-01, 6.99924744e+02,
       3.86431274e+02, 7.24792421e-01, 6.94016357e+02, 4.47213257e+02,
       8.27428699e-01, 6.07817932e+02, 2.76714996e+02, 2.01665431e-01,
       5.96088867e+02, 2.98278320e+02, 2.44862467e-01, 4.35449921e+02,
       3.39409027e+02, 2.33470961e-01, 3.47264221e+02, 3.51123077e+02,
       2.09502533e-01, 6.19603577e+02, 2.49329681e+02, 1.64576635e-01,
       5.39240845e+02, 2.35608063e+02, 1.40049651e-01, 0., 0., 0.,
       9.35057739e+02, 3.08069031e+02, 6.86754167e-01, 9.31118347e+02,
       3.49211945e+02, 5.67161083e-01, 9.17435669e+02, 2.63058350e+02,
       5.66041768e-01, 0., 0., 0., 0., 0., 0., 0., 0., 0., 0., 0., 0.,
       0., 0., 0., 0., 0., 0., 0., 0., 0. ]
