%YAML:1.0
---
pose_0: !!opencv-matrix
   rows: 1
   cols: 25
   dt: "3f"
   data: [ 8.72281250e+02, 3.37437744e+02, 7.44952023e-01,
       7.76369080e+02, 2.94359131e+02, 6.64879620e-01, 7.95927246e+02,
       2.25787216e+02, 6.67842984e-01, 6.80299438e+02, 1.65095093e+02,
       7.99810469e-01, 5.47072571e+02, 1.82749924e+02, 6.99204206e-01,
       7.58593567e+02, 3.57098297e+02, 5.76124489e-01, 6.64641174e+02,
       3.90402496e+02, 6.18287146e-01, 5.90246765e+02, 4.25625732e+02,
       5.66565037e-01, 5.51015137e+02, 2.98301453e+02, 3.52186352e-01,
       5.43171753e+02, 2.59122467e+02, 4.10417497e-01, 3.49236725e+02,
       3.57069916e+02, 2.18180388e-01, 1.47415405e+02, 3.19773712e+02,
       3.34541351e-01, 5.54948730e+02, 3.37492157e+02, 3.36649746e-01,
       3.51194519e+02, 3.55140961e+02, 1.60867438e-01, 1.57224442e+02,
       3.15900146e+02, 1.56787321e-01, 8.86113464e+02, 3.19891663e+02,
       5.89846134e-01, 8.91899719e+02, 3.49161438e+02, 7.30721951e-01,
       8.86049500e+02, 2.74736115e+02, 7.92834580e-01, 0., 0., 0., 0.,
       0., 0., 0., 0., 0., 0., 0., 0., 1.00422272e+02, 3.94280060e+02,
       1.18029468e-01, 1.12172508e+02, 3.57101593e+02, 8.75166729e-02,
       1.23945816e+02, 3.06129639e+02, 2.18900576e-01 ]
