%YAML:1.0
---
pose_0: !!opencv-matrix
   rows: 1
   cols: 25
   dt: "3f"
   data: [ 9.46813904e+02, 3.98196747e+02, 8.17295730e-01,
       8.27284546e+02, 3.25756226e+02, 6.09419644e-01, 8.42916199e+02,
       2.72773865e+02, 6.01935744e-01, 7.13638672e+02, 2.25790253e+02,
       8.09865177e-01, 6.19662415e+02, 3.51132629e+02, 7.69004107e-01,
       8.03751892e+02, 3.76635681e+02, 4.26009566e-01, 6.92101440e+02,
       4.08008484e+02, 5.63111544e-01, 6.78398743e+02, 4.78616211e+02,
       8.21521044e-01, 6.33329468e+02, 3.37481018e+02, 1.38155371e-01,
       5.99964844e+02, 3.15904480e+02, 1.58129588e-01, 3.66870514e+02,
       4.07967743e+02, 5.91538213e-02, 0., 0., 0., 6.62691345e+02,
       3.66878845e+02, 1.09403558e-01, 0., 0., 0., 0., 0., 0.,
       9.64487732e+02, 3.70770782e+02, 7.85223663e-01, 9.64371826e+02,
       4.00134033e+02, 4.08017516e-01, 9.46712769e+02, 3.21909485e+02,
       8.87056828e-01, 0., 0., 0., 0., 0., 0., 0., 0., 0., 0., 0., 0.,
       0., 0., 0., 0., 0., 0., 0., 0., 0. ]
