%YAML:1.0
---
pose_0: !!opencv-matrix
   rows: 1
   cols: 25
   dt: "3f"
   data: [ 8.89927185e+02, 2.49294205e+02, 6.86547399e-01,
       7.88093323e+02, 2.59104858e+02, 6.87195897e-01, 7.76372986e+02,
       1.80801178e+02, 7.46395350e-01, 6.64693542e+02, 1.35697281e+02,
       8.10837865e-01, 5.88211670e+02, 1.41575729e+02, 7.37142622e-01,
       7.92023193e+02, 3.45333557e+02, 6.56428099e-01, 6.76371582e+02,
       3.98239075e+02, 7.72050500e-01, 5.98046692e+02, 3.51228027e+02,
       8.32338154e-01, 5.62761108e+02, 2.66921967e+02, 2.64850229e-01,
       5.54915222e+02, 2.25793915e+02, 3.82073402e-01, 4.82437744e+02,
       2.12036011e+02, 1.28644437e-01, 3.64911682e+02, 2.17935013e+02,
       7.90767968e-02, 5.70594604e+02, 3.12013153e+02, 1.62703350e-01,
       4.37394470e+02, 3.37476868e+02, 6.51369467e-02, 0., 0., 0.,
       9.01654419e+02, 2.29747696e+02, 8.42166424e-01, 9.03682556e+02,
       2.66963531e+02, 7.52249002e-01, 8.76218506e+02, 2.12035934e+02,
       5.61017573e-01, 8.89941833e+02, 2.88570190e+02, 4.50436085e-01,
       0., 0., 0., 0., 0., 0., 0., 0., 0., 0., 0., 0., 0., 0., 0., 0.,
       0., 0. ]
