%YAML:1.0
---
pose_0: !!opencv-matrix
   rows: 1
   cols: 25
   dt: "3f"
   data: [ 8.70377686e+02, 2.08125015e+02, 7.72923648e-01,
       7.76397217e+02, 2.04256058e+02, 6.63577497e-01, 7.68476440e+02,
       1.33687607e+02, 7.08784640e-01, 6.60741577e+02, 8.86234970e+01,
       7.74177134e-01, 5.96071411e+02, 1.51354324e+02, 8.15448403e-01,
       7.89943481e+02, 2.72743622e+02, 6.19610906e-01, 7.13613586e+02,
       3.37401154e+02, 8.97217155e-01, 8.31186646e+02, 2.94379059e+02,
       7.71607518e-01, 5.62755981e+02, 2.39496063e+02, 2.68364578e-01,
       5.64727295e+02, 1.96372314e+02, 2.74274766e-01, 3.68830750e+02,
       1.80735962e+02, 1.59947634e-01, 0., 0., 0., 5.52978149e+02,
       2.82595032e+02, 2.60394961e-01, 3.64869781e+02, 3.19811066e+02,
       3.66298258e-01, 1.94423279e+02, 3.64852417e+02, 3.32464308e-01,
       8.84019775e+02, 1.92422760e+02, 8.12510192e-01, 8.84017029e+02,
       2.19940903e+02, 7.65061140e-01, 8.64466125e+02, 1.70958694e+02,
       5.40098369e-01, 8.64474731e+02, 2.41508240e+02, 4.95873719e-01,
       1.35658325e+02, 3.98163818e+02, 1.57451600e-01, 1.41552216e+02,
       4.00131500e+02, 1.65903345e-01, 1.82698166e+02, 3.64895203e+02,
       2.24538386e-01, 0., 0., 0., 0., 0., 0., 0., 0., 0. ]
