%YAML:1.0
---
pose_0: !!opencv-matrix
   rows: 1
   cols: 25
   dt: "3f"
   data: [ 9.84014160e+02, 2.80629089e+02, 7.31356084e-01,
       8.84112183e+02, 3.00226013e+02, 6.64080560e-01, 8.84075562e+02,
       2.29723572e+02, 5.91914237e-01, 7.89952820e+02, 1.29752075e+02,
       7.01938629e-01, 8.70289185e+02, 1.96437347e+02, 8.34928215e-01,
       8.86051819e+02, 3.68785309e+02, 4.89785433e-01, 8.37121216e+02,
       4.92198639e+02, 7.59117842e-01, 9.09521057e+02, 3.68853485e+02,
       7.54038393e-01, 6.17622131e+02, 3.37482666e+02, 1.28359929e-01,
       6.01963928e+02, 2.98271088e+02, 2.04975963e-01, 4.43262177e+02,
       3.04178772e+02, 8.87999162e-02, 0., 0., 0., 6.15669678e+02,
       4.00155487e+02, 8.89096260e-02, 4.27576904e+02, 3.80570526e+02,
       6.11723252e-02, 3.53166718e+02, 4.15873108e+02, 8.09760988e-02,
       9.93697388e+02, 2.59111755e+02, 9.03117239e-01, 1.00159937e+03,
       3.02210052e+02, 7.70066381e-01, 9.62460205e+02, 2.37537201e+02,
       6.04507804e-01, 9.85941284e+02, 3.27717987e+02, 1.84524089e-01,
       0., 0., 0., 0., 0., 0., 0., 0., 0., 0., 0., 0., 0., 0., 0., 0.,
       0., 0. ]
