%YAML:1.0
---
pose_0: !!opencv-matrix
   rows: 1
   cols: 25
   dt: "3f"
   data: [ 9.60502808e+02, 2.39534821e+02, 7.99557626e-01,
       8.36965393e+02, 2.64976929e+02, 6.39934421e-01, 8.19349792e+02,
       1.80771866e+02, 6.64785385e-01, 7.27319946e+02, 1.72873215e+02,
       4.53277200e-01, 6.68541809e+02, 1.65036774e+02, 6.73771501e-01,
       8.52699768e+02, 3.49211029e+02, 5.95301151e-01, 7.50842834e+02,
       4.64884552e+02, 7.65657306e-01, 7.90063965e+02, 3.39438385e+02,
       8.01898360e-01, 5.49055725e+02, 2.74804047e+02, 1.04452103e-01,
       5.37314514e+02, 2.41459900e+02, 1.61271900e-01, 4.64816284e+02,
       2.33642853e+02, 5.52847460e-02, 3.23779572e+02, 2.57130280e+02,
       2.85179049e-01, 5.60807617e+02, 3.35534119e+02, 6.70994818e-02,
       3.43340027e+02, 3.49226868e+02, 9.54329967e-02, 0., 0., 0.,
       9.64319275e+02, 2.12177902e+02, 8.70843530e-01, 9.76111206e+02,
       2.57106567e+02, 8.34071875e-01, 9.34977966e+02, 1.92517227e+02,
       5.40136456e-01, 9.58486633e+02, 2.88417633e+02, 4.13450062e-01,
       0., 0., 0., 0., 0., 0., 0., 0., 0., 3.06148438e+02,
       2.72867004e+02, 7.36017674e-02, 0., 0., 0., 0., 0., 0. ]
