%YAML:1.0
---
pose_0: !!opencv-matrix
   rows: 1
   cols: 25
   dt: "3f"
   data: [ 9.33069153e+02, 2.41524368e+02, 7.68848419e-01,
       8.52690369e+02, 3.21771881e+02, 4.41099584e-01, 8.62512024e+02,
       3.49173065e+02, 2.42955789e-01, 0., 0., 0., 0., 0., 0.,
       8.40984985e+02, 3.15928925e+02, 4.15128678e-01, 7.37111084e+02,
       2.61085876e+02, 6.28188312e-01, 8.58599609e+02, 1.96389832e+02,
       6.42017543e-01, 5.72578308e+02, 3.35510803e+02, 2.08942980e-01,
       5.62765747e+02, 3.02192993e+02, 2.50474393e-01, 3.43353943e+02,
       3.15929871e+02, 1.35177776e-01, 0., 0., 0., 5.99994568e+02,
       3.70799255e+02, 1.50606707e-01, 4.15841980e+02, 3.66834320e+02,
       6.35225028e-02, 1.31772675e+02, 3.49245544e+02, 1.35819599e-01,
       9.54568115e+02, 2.47335098e+02, 8.97840708e-02, 9.50740967e+02,
       2.55162582e+02, 8.04698110e-01, 0., 0., 0., 9.46692688e+02,
       3.15939209e+02, 8.06364775e-01, 0., 0., 0., 0., 0., 0., 0., 0.,
       0., 0., 0., 0., 0., 0., 0., 0., 0., 0. ]
