%YAML:1.0
---
pose_0: !!opencv-matrix
   rows: 1
   cols: 25
   dt: "3f"
   data: [ 9.11493835e+02, 2.16037018e+02, 7.59515882e-01,
       8.03692932e+02, 2.29687134e+02, 6.63231671e-01, 7.90075562e+02,
       1.47475510e+02, 7.26468563e-01, 6.64704407e+02, 1.15990997e+02,
       8.61292124e-01, 5.78480347e+02, 1.63008560e+02, 7.86399603e-01,
       8.05725586e+02, 3.12033325e+02, 6.75172448e-01, 6.95932617e+02,
       3.68863159e+02, 7.54270375e-01, 5.99994873e+02, 3.35484070e+02,
       8.39779735e-01, 5.86271667e+02, 2.43469650e+02, 1.71713889e-01,
       5.64718933e+02, 2.08128693e+02, 2.39578992e-01, 3.66867981e+02,
       2.14050613e+02, 8.20664242e-02, 0., 0., 0., 5.84318054e+02,
       3.02213593e+02, 1.33638203e-01, 0., 0., 0., 0., 0., 0.,
       9.17464478e+02, 1.98355209e+02, 8.68200898e-01, 9.21307556e+02,
       2.37507782e+02, 7.73716271e-01, 8.91885193e+02, 1.76806671e+02,
       6.50108457e-01, 9.05608704e+02, 2.57132660e+02, 4.23113167e-01,
       0., 0., 0., 0., 0., 0., 0., 0., 0., 0., 0., 0., 0., 0., 0., 0.,
       0., 0. ]
