%YAML:1.0
---
pose_0: !!opencv-matrix
   rows: 1
   cols: 25
   dt: "3f"
   data: [ 8.85980164e+02, 3.00247406e+02, 8.15704226e-01,
       7.76292480e+02, 3.17850616e+02, 6.96527958e-01, 7.64548828e+02,
       2.43474045e+02, 6.97886527e-01, 6.49007813e+02, 2.12010284e+02,
       7.39717424e-01, 5.41254578e+02, 1.74829025e+02, 7.55956173e-01,
       7.86121338e+02, 3.84536774e+02, 6.02194190e-01, 6.99893372e+02,
       4.00263245e+02, 8.05526555e-01, 7.15637451e+02, 2.74759399e+02,
       7.49267340e-01, 5.50997925e+02, 3.23769531e+02, 1.85297459e-01,
       5.52952271e+02, 2.84544556e+02, 1.89813077e-01, 3.49216431e+02,
       4.09964294e+02, 9.05333832e-02, 1.68980225e+02, 4.31542419e+02,
       2.12488472e-01, 5.25536682e+02, 3.78618683e+02, 1.78942427e-01,
       3.51199768e+02, 4.09980835e+02, 2.33237863e-01, 1.72916763e+02,
       4.31529266e+02, 2.03141436e-01, 8.88011780e+02, 2.80676788e+02,
       7.82143533e-01, 8.99745911e+02, 3.06228638e+02, 8.22917581e-01,
       8.52747009e+02, 2.63045258e+02, 4.96137112e-01, 8.82091858e+02,
       3.35424408e+02, 3.86531562e-01, 1.41543411e+02, 4.11887573e+02,
       8.06539282e-02, 1.39604202e+02, 4.17788330e+02, 7.59654269e-02,
       1.18052910e+02, 4.56963501e+02, 6.36886880e-02, 1.33744278e+02,
       4.15814301e+02, 9.68968570e-02, 1.33734634e+02, 4.13893677e+02,
       8.21587592e-02, 0., 0., 0. ]
