%YAML:1.0
---
pose_0: !!opencv-matrix
   rows: 1
   cols: 25
   dt: "3f"
   data: [ 8.86061951e+02, 1.86638000e+02, 7.92040288e-01,
       8.05720337e+02, 2.14062378e+02, 7.03726470e-01, 8.03772949e+02,
       1.49367447e+02, 5.42696357e-01, 8.13531494e+02, 9.06288376e+01,
       3.70164007e-01, 8.91894104e+02, 6.90137253e+01, 2.58431047e-01,
       8.17428589e+02, 2.72763702e+02, 5.60531020e-01, 9.19322388e+02,
       2.90417053e+02, 8.54559362e-01, 9.54623535e+02, 2.16030899e+02,
       6.46232367e-01, 5.68615723e+02, 2.29710556e+02, 2.16692150e-01,
       5.58871521e+02, 2.41447647e+02, 1.56210393e-01, 3.35517700e+02,
       2.88442505e+02, 1.90825418e-01, 1.80699005e+02, 3.35467377e+02,
       1.93146169e-01, 5.70627380e+02, 2.16013962e+02, 2.29236603e-01,
       3.66828735e+02, 2.74730011e+02, 2.20236167e-01, 1.69004150e+02,
       3.37448212e+02, 3.15555453e-01, 8.97704407e+02, 1.80710007e+02,
       6.30095840e-01, 8.99751038e+02, 2.00345886e+02, 7.58545518e-01,
       0., 0., 0., 8.93882935e+02, 2.25875488e+02, 1.60849586e-01,
       1.06300186e+02, 3.82523010e+02, 1.96990848e-01, 1.16079079e+02,
       3.84458771e+02, 2.03270674e-01, 1.61141998e+02, 3.35496246e+02,
       2.12878734e-01, 1.10187843e+02, 3.84541779e+02, 1.03247084e-01,
       1.06296288e+02, 3.82525024e+02, 9.29383785e-02, 0., 0., 0. ]
