%YAML:1.0
---
pose_0: !!opencv-matrix
   rows: 1
   cols: 25
   dt: "3f"
   data: [ 8.84110535e+02, 3.19862549e+02, 8.21827888e-01,
       8.11584534e+02, 2.98283081e+02, 6.42832279e-01, 8.21332703e+02,
       2.23808655e+02, 6.69211745e-01, 6.86220764e+02, 1.63143631e+02,
       8.04038346e-01, 6.90122864e+02, 2.41412003e+02, 7.24489808e-01,
       8.07715210e+02, 3.76636780e+02, 4.51802373e-01, 6.56799316e+02,
       4.29625397e+02, 7.22805381e-01, 7.58731689e+02, 3.82487793e+02,
       8.05761516e-01, 5.56909729e+02, 2.96324341e+02, 2.14031890e-01,
       5.66665161e+02, 2.57160767e+02, 2.76802778e-01, 4.25634460e+02,
       2.59054688e+02, 1.35935783e-01, 2.06200531e+02, 2.76718231e+02,
       2.88217217e-01, 5.49072144e+02, 3.39417084e+02, 1.53127581e-01,
       3.53172913e+02, 3.55080627e+02, 2.89154142e-01, 1.47437744e+02,
       3.47252594e+02, 2.40748733e-01, 9.01713562e+02, 2.92415375e+02,
       8.09631169e-01, 9.03680908e+02, 3.35531189e+02, 7.85163641e-01,
       8.99675171e+02, 2.64955963e+02, 6.17760122e-01, 0., 0., 0.,
       9.05995865e+01, 3.78611694e+02, 1.41489685e-01, 1.02410599e+02,
       3.82575470e+02, 1.71080559e-01, 1.20005798e+02, 3.25712189e+02,
       9.88948792e-02, 1.23937775e+02, 2.23863663e+02, 1.95508599e-01,
       1.23905579e+02, 2.21896561e+02, 1.70537651e-01, 0., 0., 0. ]
