%YAML:1.0
---
pose_0: !!opencv-matrix
   rows: 1
   cols: 25
   dt: "3f"
   data: [ 8.83980164e+02, 4.47201691e+02, 8.57246757e-01,
       7.91956726e+02, 4.21725403e+02, 7.06033230e-01, 7.84151123e+02,
       3.55107483e+02, 5.86478472e-01, 8.35082642e+02, 2.55222824e+02,
       8.15765917e-01, 8.88058838e+02, 3.12041962e+02, 8.00943971e-01,
       8.05737427e+02, 4.92255493e+02, 6.46277070e-01, 8.38962952e+02,
       5.88296631e+02, 8.00023198e-01, 9.13375488e+02, 6.95991211e+02,
       7.96086371e-01, 5.56901917e+02, 4.60850952e+02, 3.21514010e-01,
       5.56909668e+02, 4.15857330e+02, 4.45892483e-01, 3.86456085e+02,
       4.19752808e+02, 2.32063442e-01, 0., 0., 0., 5.62771484e+02,
       5.03993622e+02, 3.19556683e-01, 3.96218597e+02, 5.19641113e+02,
       1.94758162e-01, 0., 0., 0., 8.93850159e+02, 4.27556976e+02,
       7.98771024e-01, 8.99742737e+02, 4.47166779e+02, 7.10169613e-01,
       8.66452393e+02, 3.84494080e+02, 8.63874435e-01, 0., 0., 0., 0.,
       0., 0., 0., 0., 0., 0., 0., 0., 0., 0., 0., 0., 0., 0., 0., 0.,
       0. ]
