%YAML:1.0
---
pose_0: !!opencv-matrix
   rows: 1
   cols: 25
   dt: "3f"
   data: [ 9.13454773e+02, 1.96377792e+02, 8.35764408e-01,
       8.21301575e+02, 2.04276459e+02, 6.79802597e-01, 8.15495117e+02,
       1.29764206e+02, 6.85434818e-01, 7.09690430e+02, 8.27572021e+01,
       7.59220660e-01, 6.17681519e+02, 1.00330658e+02, 7.77995408e-01,
       8.25342224e+02, 2.86500275e+02, 6.90735340e-01, 7.27323975e+02,
       3.57058746e+02, 7.29611337e-01, 6.15652405e+02, 3.68908356e+02,
       8.05343151e-01, 5.86270813e+02, 2.27728439e+02, 2.34145805e-01,
       5.86290222e+02, 1.80749344e+02, 2.79046625e-01, 3.94285614e+02,
       1.96420807e+02, 6.06929511e-02, 0., 0., 0., 5.82365051e+02,
       2.76736725e+02, 2.41205782e-01, 5.35340454e+02, 3.02180145e+02,
       5.05878255e-02, 1.80761383e+02, 2.88478149e+02, 9.79393050e-02,
       9.17397888e+02, 1.78700256e+02, 8.76246572e-01, 9.29149231e+02,
       2.10196930e+02, 8.49337459e-01, 8.99708618e+02, 1.55294418e+02,
       7.12583601e-01, 9.17331116e+02, 2.31649857e+02, 4.15895343e-01,
       0., 0., 0., 0., 0., 0., 0., 0., 0., 0., 0., 0., 0., 0., 0., 0.,
       0., 0. ]
