%YAML:1.0
---
pose_0: !!opencv-matrix
   rows: 1
   cols: 25
   dt: "3f"
   data: [ 9.33089050e+02, 3.08072388e+02, 7.78151929e-01,
       8.21401245e+02, 3.55152252e+02, 6.29988849e-01, 7.93967896e+02,
       3.06177032e+02, 4.91715342e-01, 7.19512207e+02, 3.11986603e+02,
       5.10915183e-02, 0., 0., 0., 8.37017822e+02, 4.06063690e+02,
       6.36762679e-01, 7.07722351e+02, 4.68710266e+02, 6.63963675e-01,
       5.86204041e+02, 3.72716309e+02, 7.26267755e-01, 5.49053955e+02,
       3.90377655e+02, 1.77429125e-01, 5.45128113e+02, 3.51185059e+02,
       2.17758223e-01, 3.47270081e+02, 3.41384155e+02, 4.68758434e-01,
       1.70933548e+02, 4.13913757e+02, 3.61490816e-01, 5.25542053e+02,
       4.17784760e+02, 1.28608033e-01, 3.35542175e+02, 4.60836853e+02,
       1.68624490e-01, 1.63124802e+02, 4.96189850e+02, 6.89733252e-02,
       9.46729919e+02, 3.04099304e+02, 7.54689932e-01, 9.48812134e+02,
       3.33502625e+02, 8.53699028e-01, 0., 0., 0., 9.31118896e+02,
       3.70829987e+02, 7.45671391e-01, 1.53284622e+02, 4.94152649e+02,
       5.06493077e-02, 1.47463211e+02, 4.94177734e+02, 5.91166578e-02,
       0., 0., 0., 1.33754562e+02, 3.66839233e+02, 1.24616981e-01,
       1.35711655e+02, 3.66886047e+02, 9.74258929e-02, 1.59205490e+02,
       4.33462311e+02, 2.59708524e-01 ]
