%YAML:1.0
---
pose_0: !!opencv-matrix
   rows: 1
   cols: 25
   dt: "3f"
   data: [ 9.48686890e+02, 1.98444473e+02, 7.84391224e-01,
       8.42955322e+02, 2.61101013e+02, 6.66141331e-01, 8.07641113e+02,
       1.96495758e+02, 6.33690000e-01, 7.68454224e+02, 1.78786545e+02,
       2.67834485e-01, 7.09641663e+02, 1.61099136e+02, 7.07036734e-01,
       8.76236572e+02, 3.25756287e+02, 6.43859446e-01, 8.03708923e+02,
       4.47253082e+02, 7.28526533e-01, 7.29281799e+02, 3.59027191e+02,
       6.04206145e-01, 6.15672363e+02, 2.92425323e+02, 5.89438044e-02,
       0., 0., 0., 0., 0., 0., 0., 0., 0., 0., 0., 0., 0., 0., 0., 0.,
       0., 0., 9.58523743e+02, 1.96466751e+02, 7.50551581e-01,
       9.66340637e+02, 2.23838959e+02, 8.58503520e-01, 9.34998901e+02,
       1.94399017e+02, 8.07561949e-02, 9.48701416e+02, 2.70794861e+02,
       8.72259021e-01, 0., 0., 0., 0., 0., 0., 0., 0., 0., 0., 0., 0.,
       0., 0., 0., 0., 0., 0. ]
