%YAML:1.0
---
pose_0: !!opencv-matrix
   rows: 1
   cols: 25
   dt: "3f"
   data: [ 9.62371277e+02, 2.90414856e+02, 8.31132770e-01,
       8.46847229e+02, 3.29621277e+02, 6.41049147e-01, 8.23298950e+02,
       2.59183929e+02, 6.44118786e-01, 7.05783997e+02, 2.57178040e+02,
       1.47899315e-01, 6.43093262e+02, 2.72788452e+02, 6.22731112e-02,
       8.68382629e+02, 3.94244934e+02, 6.86323166e-01, 8.05677979e+02,
       4.60792877e+02, 8.08165073e-01, 7.11719238e+02, 3.45315674e+02,
       7.31671333e-01, 5.58860291e+02, 3.35495636e+02, 1.06534004e-01,
       5.64734070e+02, 2.88475159e+02, 1.56301335e-01, 3.76648346e+02,
       2.41497009e+02, 1.27628535e-01, 0., 0., 0., 5.52958191e+02,
       3.84506287e+02, 1.25960648e-01, 3.70791321e+02, 4.02173248e+02,
       1.35237515e-01, 1.35723969e+02, 4.58901611e+02, 2.04678386e-01,
       9.66377136e+02, 2.74831543e+02, 8.61897051e-01, 9.76176453e+02,
       3.08058685e+02, 8.51863027e-01, 9.36979065e+02, 2.66951385e+02,
       1.39743254e-01, 9.56570862e+02, 3.49225494e+02, 5.83690643e-01,
       6.32128792e+01, 4.47223907e+02, 1.48053899e-01, 7.10581131e+01,
       4.58959381e+02, 1.49101287e-01, 1.33766876e+02, 4.56980194e+02,
       1.38956890e-01, 0., 0., 0., 0., 0., 0., 0., 0., 0. ]
