%YAML:1.0
---
pose_0: !!opencv-matrix
   rows: 1
   cols: 25
   dt: "3f"
   data: [ 9.11505127e+02, 2.12142105e+02, 8.01642060e-01,
       8.13551636e+02, 1.76808777e+02, 5.40659428e-01, 8.21351807e+02,
       1.31711716e+02, 6.58997059e-01, 7.58641724e+02, 2.43487625e+02,
       6.82201624e-01, 7.37145630e+02, 3.72779480e+02, 7.47778594e-01,
       8.03722473e+02, 2.10102936e+02, 2.76254386e-01, 7.48873413e+02,
       2.59062531e+02, 2.00924784e-01, 0., 0., 0., 6.31326050e+02,
       1.55268326e+02, 6.48494810e-02, 5.98014893e+02, 1.45454422e+02,
       8.80345032e-02, 3.13967499e+02, 2.57194916e+02, 1.93291068e-01,
       1.29756516e+02, 2.41404129e+02, 3.49353909e-01, 0., 0., 0., 0.,
       0., 0., 0., 0., 0., 9.19352173e+02, 1.84684158e+02,
       8.44089627e-01, 9.27141174e+02, 2.21893051e+02, 8.00061703e-01,
       8.89940735e+02, 1.49345657e+02, 8.31086934e-01, 0., 0., 0., 0.,
       0., 0., 0., 0., 0., 0., 0., 0., 8.27842865e+01, 3.10037689e+02,
       9.95361283e-02, 0., 0., 0., 1.02333809e+02, 2.25807693e+02,
       2.43503779e-01 ]
