%YAML:1.0
---
pose_0: !!opencv-matrix
   rows: 1
   cols: 25
   dt: "3f"
   data: [ 9.31052917e+02, 2.90503418e+02, 7.43844032e-01,
       8.07695801e+02, 2.90409607e+02, 6.23595953e-01, 8.05626648e+02,
       2.06208176e+02, 6.44437015e-01, 6.72500977e+02, 1.67104645e+02,
       7.39526451e-01, 5.76461121e+02, 1.94342941e+02, 7.96615660e-01,
       8.09592163e+02, 3.80590851e+02, 5.86538196e-01, 6.72480774e+02,
       4.29609589e+02, 6.88904762e-01, 6.51021301e+02, 3.66875824e+02,
       7.59094119e-01, 5.37312805e+02, 3.21812164e+02, 1.36332363e-01,
       5.39270081e+02, 2.64984253e+02, 2.40380526e-01, 3.68870880e+02,
       2.88492035e+02, 4.47009325e-01, 1.82706161e+02, 2.84587128e+02,
       4.14068103e-01, 5.15763611e+02, 3.86445251e+02, 1.71515197e-01,
       3.53188782e+02, 3.55105469e+02, 2.74862677e-01, 1.49411316e+02,
       3.59007019e+02, 1.81858495e-01, 9.35045166e+02, 2.68864899e+02,
       7.76044905e-01, 9.42869263e+02, 3.06142059e+02, 8.01750124e-01,
       9.05608826e+02, 2.41470016e+02, 5.75536728e-01, 9.31073792e+02,
       3.27673676e+02, 1.11976095e-01, 8.66364136e+01, 3.80539032e+02,
       6.90325871e-02, 0., 0., 0., 0., 0., 0., 7.88578339e+01,
       2.27833633e+02, 2.03028083e-01, 8.27398453e+01, 2.27826645e+02,
       1.81535229e-01, 1.74825638e+02, 2.90455719e+02, 2.08355010e-01 ]
