%YAML:1.0
---
pose_0: !!opencv-matrix
   rows: 1
   cols: 25
   dt: "3f"
   data: [ 9.33034058e+02, 1.96484390e+02, 8.26912940e-01,
       8.25282227e+02, 2.12091110e+02, 7.03877091e-01, 8.09655884e+02,
       1.33674088e+02, 6.98378503e-01, 6.82325073e+02, 1.16063644e+02,
       6.70514941e-01, 5.74559021e+02, 1.02482079e+02, 7.25206077e-01,
       8.39016724e+02, 2.96311798e+02, 6.90746844e-01, 7.50881165e+02,
       3.51249908e+02, 8.15346539e-01, 6.97976807e+02, 3.06182190e+02,
       8.25423896e-01, 5.96057739e+02, 2.16006256e+02, 3.33916217e-01,
       5.96066711e+02, 1.74834198e+02, 4.01654452e-01, 3.70769928e+02,
       2.12027618e+02, 6.93821073e-01, 1.18014435e+02, 2.27737534e+02,
       3.52671444e-01, 5.99984497e+02, 2.59145508e+02, 2.59217232e-01,
       4.58934540e+02, 2.88458618e+02, 1.31654248e-01, 3.60965607e+02,
       2.68902283e+02, 1.51654571e-01, 9.44730591e+02, 1.78794617e+02,
       8.91393542e-01, 9.48654724e+02, 2.14116653e+02, 8.16727996e-01,
       9.13468323e+02, 1.61105743e+02, 5.56637585e-01, 9.32989014e+02,
       2.41474289e+02, 3.28228980e-01, 3.51100220e+02, 2.92429230e+02,
       1.15028195e-01, 3.55126495e+02, 2.92473419e+02, 1.14830926e-01,
       0., 0., 0., 8.47566223e+01, 2.63023407e+02, 1.29168794e-01,
       8.27868347e+01, 2.53206558e+02, 1.35720164e-01, 1.00435890e+02,
       2.23842865e+02, 2.17036918e-01 ]
