%YAML:1.0
---
pose_0: !!opencv-matrix
   rows: 1
   cols: 25
   dt: "3f"
   data: [ 8.84069702e+02, 3.12029694e+02, 4.69718784e-01,
       7.95899353e+02, 3.08071899e+02, 6.29757285e-01, 8.36980347e+02,
       2.43410599e+02, 3.74554485e-01, 7.72413635e+02, 1.88574402e+02,
       7.60941803e-01, 8.35109497e+02, 2.78712799e+02, 7.66260684e-01,
       7.88010132e+02, 3.49221344e+02, 5.40126443e-01, 7.86118835e+02,
       4.25644501e+02, 7.58973002e-01, 8.60555481e+02, 3.68908112e+02,
       7.84387231e-01, 5.47107361e+02, 3.04188385e+02, 1.43350661e-01,
       5.37299927e+02, 2.68908752e+02, 1.60405695e-01, 3.33563293e+02,
       3.08079498e+02, 1.79137543e-01, 1.35659225e+02, 3.21863403e+02,
       5.37967503e-01, 5.49047241e+02, 3.53167847e+02, 1.08014062e-01,
       3.51177765e+02, 3.47240448e+02, 1.02038458e-01, 0., 0., 0.,
       8.97735291e+02, 2.92425049e+02, 5.48042655e-01, 9.03692322e+02,
       3.25686981e+02, 4.56348062e-01, 8.84127258e+02, 2.70845795e+02,
       5.20111561e-01, 8.54697754e+02, 3.35556427e+02, 6.83484972e-02,
       0., 0., 0., 0., 0., 0., 0., 0., 0., 1.02376648e+02,
       3.68768738e+02, 5.67772627e-01, 1.00464729e+02, 3.60982452e+02,
       4.68993366e-01, 1.21987816e+02, 3.10053070e+02, 3.61603498e-01 ]
