%YAML:1.0
---
pose_0: !!opencv-matrix
   rows: 1
   cols: 25
   dt: "3f"
   data: [ 9.13373474e+02, 4.94223511e+02, 8.54046762e-01,
       8.01804993e+02, 5.11861786e+02, 6.92252815e-01, 7.86068787e+02,
       4.45194580e+02, 7.13325620e-01, 6.80245056e+02, 4.13904510e+02,
       7.47220755e-01, 5.76524414e+02, 3.86491516e+02, 7.08014429e-01,
       8.21437561e+02, 5.88254028e+02, 7.13447511e-01, 7.33208435e+02,
       6.17684082e+02, 7.27276623e-01, 6.25459595e+02, 5.64723572e+02,
       7.16475010e-01, 5.78428955e+02, 5.11840424e+02, 2.55541354e-01,
       5.76471436e+02, 4.74570343e+02, 2.75908947e-01, 4.04079224e+02,
       4.84416687e+02, 5.58116622e-02, 0., 0., 0., 5.86273499e+02,
       5.56863586e+02, 2.11115882e-01, 4.11903564e+02, 4.94206268e+02,
       5.43884598e-02, 0., 0., 0., 9.13479370e+02, 4.78576904e+02,
       8.97117138e-01, 9.21328003e+02, 5.07938904e+02, 7.63484299e-01,
       8.82096375e+02, 4.62937805e+02, 7.00170755e-01, 8.99776855e+02,
       5.31426636e+02, 4.22925949e-01, 0., 0., 0., 0., 0., 0., 0., 0.,
       0., 0., 0., 0., 0., 0., 0., 0., 0., 0. ]
