%YAML:1.0
---
pose_0: !!opencv-matrix
   rows: 1
   cols: 25
   dt: "3f"
   data: [ 8.99699768e+02, 2.31674698e+02, 8.18706751e-01,
       7.94003357e+02, 2.45426895e+02, 6.74310625e-01, 7.82178955e+02,
       1.65118835e+02, 7.04547763e-01, 6.52878662e+02, 1.35663895e+02,
       7.71043122e-01, 5.70657410e+02, 1.61163177e+02, 8.17010641e-01,
       8.05668762e+02, 3.33557068e+02, 6.94817185e-01, 6.92070496e+02,
       3.70822845e+02, 7.02739596e-01, 5.62794800e+02, 4.25610657e+02,
       7.49765813e-01, 5.74507446e+02, 2.78696259e+02, 1.81215420e-01,
       5.56891113e+02, 2.29749008e+02, 2.03389645e-01, 3.21761749e+02,
       3.45316650e+02, 1.92296594e-01, 1.51364563e+02, 3.72703979e+02,
       1.08279563e-01, 5.86292664e+02, 3.25696320e+02, 1.94734111e-01,
       3.25752350e+02, 3.49217072e+02, 1.24518409e-01, 1.43493118e+02,
       3.74699829e+02, 2.18015373e-01, 9.03647156e+02, 2.10189758e+02,
       8.64784598e-01, 9.15418213e+02, 2.45427109e+02, 8.28524113e-01,
       8.84068726e+02, 1.88595047e+02, 6.41274929e-01, 9.01676819e+02,
       2.68917847e+02, 4.31968391e-01, 1.04335854e+02, 3.74661530e+02,
       7.48261288e-02, 1.10212906e+02, 3.82558472e+02, 9.10358801e-02,
       1.25861977e+02, 3.82515350e+02, 1.67318940e-01, 0., 0., 0., 0.,
       0., 0., 0., 0., 0. ]
