%YAML:1.0
---
pose_0: !!opencv-matrix
   rows: 1
   cols: 25
   dt: "3f"
   data: [ 9.42849121e+02, 2.76741943e+02, 7.47917056e-01,
       8.23398499e+02, 2.98260132e+02, 6.65699244e-01, 8.09658203e+02,
       2.23823853e+02, 6.39826119e-01, 6.92078735e+02, 2.10059738e+02,
       5.00787973e-01, 5.54970093e+02, 1.96453934e+02, 3.85527849e-01,
       8.37058655e+02, 3.80559265e+02, 6.27889037e-01, 7.43042969e+02,
       4.17784454e+02, 7.34234989e-01, 5.60825134e+02, 4.29458527e+02,
       4.67252314e-01, 5.64738953e+02, 3.06145142e+02, 1.39424607e-01,
       5.56900879e+02, 2.68914001e+02, 1.88568056e-01, 3.13953094e+02,
       3.02169037e+02, 1.47511587e-01, 7.49456940e+01, 3.13978973e+02,
       2.48263955e-01, 5.84322876e+02, 3.60975433e+02, 1.06226675e-01,
       0., 0., 0., 0., 0., 0., 9.46820740e+02, 2.57172241e+02,
       9.22035992e-01, 9.58477600e+02, 2.92441437e+02, 8.17088246e-01,
       9.15368896e+02, 2.33620987e+02, 6.16207838e-01, 9.36987122e+02,
       3.19884705e+02, 3.05140615e-01, 0., 0., 0., 0., 0., 0., 0., 0.,
       0., 4.94818268e+01, 2.84580566e+02, 9.12421197e-02, 0., 0., 0.,
       0., 0., 0. ]
