%YAML:1.0
---
pose_0: !!opencv-matrix
   rows: 1
   cols: 25
   dt: "3f"
   data: [ 8.97737244e+02, 3.98206940e+02, 7.77352214e-01,
       7.91994690e+02, 4.06009796e+02, 6.89660132e-01, 7.88034973e+02,
       3.35498016e+02, 7.24477887e-01, 7.44944519e+02, 3.04196259e+02,
       5.08207142e-01, 6.95918396e+02, 2.74857483e+02, 7.89763987e-01,
       7.99801453e+02, 4.82433990e+02, 6.27928436e-01, 6.97949585e+02,
       5.72654602e+02, 8.33327889e-01, 8.01785522e+02, 5.47104065e+02,
       6.94357276e-01, 5.66680176e+02, 4.06031067e+02, 1.86888114e-01,
       5.70632813e+02, 3.64874054e+02, 2.31996074e-01, 3.29618103e+02,
       3.64859558e+02, 2.05540478e-01, 1.59207474e+02, 3.53231506e+02,
       3.13151896e-01, 5.58834839e+02, 4.60890564e+02, 1.37371406e-01,
       0., 0., 0., 0., 0., 0., 9.03730408e+02, 3.80521484e+02,
       8.38609695e-01, 9.09504761e+02, 4.13876617e+02, 7.84751475e-01,
       8.82140564e+02, 3.57045685e+02, 6.23611510e-01, 8.99670410e+02,
       4.35419647e+02, 3.15721661e-01, 0., 0., 0., 0., 0., 0., 0., 0.,
       0., 0., 0., 0., 0., 0., 0., 0., 0., 0. ]
