%YAML:1.0
---
pose_0: !!opencv-matrix
   rows: 1
   cols: 25
   dt: "3f"
   data: [ 9.17319397e+02, 1.47475433e+02, 8.36120009e-01,
       8.03741394e+02, 1.47468903e+02, 6.29259765e-01, 8.05653198e+02,
       6.51342850e+01, 6.58760488e-01, 6.94039429e+02, 5.34062672e+00,
       5.07697821e-01, 6.27415344e+02, 3.57969933e+01, 7.92329013e-01,
       7.92073242e+02, 2.37563858e+02, 5.84168673e-01, 6.64617798e+02,
       2.68867371e+02, 6.82585955e-01, 5.56823242e+02, 2.94343964e+02,
       7.95701563e-01, 5.64729004e+02, 1.37633011e+02, 8.41418132e-02,
       5.66675476e+02, 1.00430428e+02, 6.99736848e-02, 0., 0., 0., 0.,
       0., 0., 5.41234863e+02, 1.90543793e+02, 6.36793077e-02, 0., 0.,
       0., 0., 0., 0., 9.25222656e+02, 1.25866669e+02, 7.65069067e-01,
       9.31080994e+02, 1.65068054e+02, 7.88387775e-01, 9.01670532e+02,
       1.00418312e+02, 5.21258235e-01, 9.19345642e+02, 1.90555191e+02,
       1.65904641e-01, 0., 0., 0., 0., 0., 0., 0., 0., 0., 0., 0., 0.,
       0., 0., 0., 0., 0., 0. ]
