%YAML:1.0
---
pose_0: !!opencv-matrix
   rows: 1
   cols: 25
   dt: "3f"
   data: [ 9.01737549e+02, 3.64928040e+02, 7.32405305e-01,
       8.23353516e+02, 2.88455566e+02, 6.17757261e-01, 8.37052368e+02,
       2.59173431e+02, 7.41157532e-01, 7.25348999e+02, 2.88402191e+02,
       7.37886667e-01, 8.05628113e+02, 4.19772095e+02, 7.61009693e-01,
       8.11603149e+02, 3.17868530e+02, 4.18331772e-01, 6.97917725e+02,
       3.86464386e+02, 8.34150493e-01, 7.56742615e+02, 4.17757416e+02,
       8.28050315e-01, 5.52952637e+02, 2.94394257e+02, 2.21143350e-01,
       5.45137817e+02, 2.74755554e+02, 1.91734001e-01, 3.49222504e+02,
       3.41388489e+02, 1.16252571e-01, 0., 0., 0., 5.45139648e+02,
       3.15920624e+02, 1.36179894e-01, 2.98284576e+02, 3.37458740e+02,
       1.74320623e-01, 1.21969246e+02, 3.35468964e+02, 2.18123287e-01,
       9.19327637e+02, 3.53088501e+02, 8.12009573e-01, 0., 0., 0.,
       9.17344543e+02, 3.04136047e+02, 8.88235033e-01, 0., 0., 0., 0.,
       0., 0., 0., 0., 0., 7.68979263e+01, 3.51189026e+02,
       8.80414993e-02, 0., 0., 0., 0., 0., 0., 0., 0., 0. ]
