%YAML:1.0
---
pose_0: !!opencv-matrix
   rows: 1
   cols: 25
   dt: "3f"
   data: [ 9.36943298e+02, 3.80520599e+02, 7.71848142e-01,
       8.48820801e+02, 3.04200623e+02, 3.78245682e-01, 8.66430298e+02,
       2.76723633e+02, 6.94750249e-01, 7.66493164e+02, 2.37536163e+02,
       7.04628944e-01, 6.66600098e+02, 3.84550018e+02, 6.86044455e-01,
       8.21380371e+02, 3.37429901e+02, 1.33498192e-01, 0., 0., 0., 0.,
       0., 0., 0., 0., 0., 0., 0., 0., 0., 0., 0., 0., 0., 0., 0., 0.,
       0., 0., 0., 0., 0., 0., 0., 9.52680664e+02, 3.60990601e+02,
       7.08275855e-01, 9.54629211e+02, 3.82515717e+02, 2.95675606e-01,
       9.42872314e+02, 3.06186676e+02, 8.63170564e-01, 0., 0., 0., 0.,
       0., 0., 0., 0., 0., 0., 0., 0., 0., 0., 0., 0., 0., 0., 0., 0.,
       0. ]
