%YAML:1.0
---
pose_0: !!opencv-matrix
   rows: 1
   cols: 25
   dt: "3f"
   data: [ 1.08191418e+03, 2.68866760e+02, 7.01035738e-01,
       9.36983582e+02, 2.41470657e+02, 3.22687566e-01, 9.85920349e+02,
       1.63135986e+02, 4.89963233e-01, 0., 0., 0., 0., 0., 0.,
       9.31053284e+02, 3.45302490e+02, 4.00664300e-01, 8.48782837e+02,
       3.98173676e+02, 6.56679124e-02, 0., 0., 0., 6.31328613e+02,
       3.13953888e+02, 8.03645924e-02, 6.09776672e+02, 2.72808289e+02,
       8.13008919e-02, 0., 0., 0., 0., 0., 0., 6.60725342e+02,
       3.57063293e+02, 7.03277886e-02, 0., 0., 0., 0., 0., 0.,
       1.09956519e+03, 2.33603653e+02, 8.00998211e-01, 1.10153687e+03,
       2.86481018e+02, 7.58029938e-01, 1.07608948e+03, 1.94395767e+02,
       6.14682376e-01, 0., 0., 0., 0., 0., 0., 0., 0., 0., 0., 0., 0.,
       0., 0., 0., 0., 0., 0., 0., 0., 0. ]
