%YAML:1.0
---
pose_0: !!opencv-matrix
   rows: 1
   cols: 25
   dt: "3f"
   data: [ 8.56608521e+02, 2.27826477e+02, 7.83475757e-01,
       8.03718872e+02, 3.06179260e+02, 5.11345565e-01, 8.07694580e+02,
       3.12011414e+02, 3.30397069e-01, 6.95945313e+02, 2.88474915e+02,
       1.71395764e-01, 0., 0., 0., 8.07637146e+02, 3.06171692e+02,
       5.38316011e-01, 6.84290771e+02, 2.57088379e+02, 7.37003207e-01,
       5.54860046e+02, 2.02290344e+02, 7.56015658e-01, 5.54951172e+02,
       3.49194855e+02, 2.93903232e-01, 5.35329712e+02, 3.13956757e+02,
       2.70512074e-01, 3.60963287e+02, 2.76746521e+02, 1.38647124e-01,
       7.69070435e+01, 4.15803680e+02, 8.63488987e-02, 5.80377136e+02,
       3.82525879e+02, 2.85096049e-01, 3.06072815e+02, 2.61087006e+02,
       3.08043003e-01, 7.30161591e+01, 4.13919617e+02, 2.82227844e-01,
       8.72282471e+02, 2.27752213e+02, 4.14615750e-01, 8.74319641e+02,
       2.43359192e+02, 8.20470035e-01, 0., 0., 0., 8.72301941e+02,
       3.00239960e+02, 7.78500736e-01, 4.75130768e+01, 4.43262451e+02,
       1.31425738e-01, 4.94883652e+01, 4.45206879e+02, 1.48641944e-01,
       5.33638344e+01, 4.15829102e+02, 2.19673395e-01, 0., 0., 0., 0.,
       0., 0., 0., 0., 0. ]
