%YAML:1.0
---
pose_0: !!opencv-matrix
   rows: 1
   cols: 25
   dt: "3f"
   data: [ 8.88000854e+02, 4.21734283e+02, 7.91953802e-01,
       7.93985291e+02, 4.60946808e+02, 7.31718540e-01, 7.74305786e+02,
       4.27552521e+02, 5.97222507e-01, 7.13689819e+02, 4.00153046e+02,
       2.07569569e-01, 0., 0., 0., 8.19445801e+02, 5.03981812e+02,
       6.86815321e-01, 7.15555176e+02, 4.00186859e+02, 5.62243521e-01,
       6.49008179e+02, 2.94378540e+02, 7.30498970e-01, 5.58871155e+02,
       4.90263153e+02, 2.01997265e-01, 5.68633179e+02, 4.55018372e+02,
       1.46923065e-01, 3.92324463e+02, 3.86432922e+02, 2.47768432e-01,
       1.96412277e+02, 4.47167084e+02, 1.75649405e-01, 5.41252319e+02,
       5.05966278e+02, 1.54223755e-01, 3.96259094e+02, 3.84500732e+02,
       5.46402216e-01, 2.02283630e+02, 4.49168976e+02, 2.48431236e-01,
       8.89966187e+02, 4.06039185e+02, 7.84203053e-01, 9.01731689e+02,
       4.33447937e+02, 8.35880756e-01, 8.64456787e+02, 4.00121368e+02,
       4.83830482e-01, 8.91873047e+02, 4.60952240e+02, 5.34308732e-01,
       0., 0., 0., 0., 0., 0., 1.86615509e+02, 4.58935028e+02,
       1.67991102e-01, 1.35702698e+02, 4.02142242e+02, 6.70463368e-02,
       1.33692276e+02, 4.00196350e+02, 5.77033423e-02, 0., 0., 0. ]
