%YAML:1.0
---
pose_0: !!opencv-matrix
   rows: 1
   cols: 25
   dt: "3f"
   data: [ 9.13388733e+02, 3.15942841e+02, 7.14757204e-01,
       8.21384094e+02, 2.43467636e+02, 6.59717917e-01, 8.25331299e+02,
       2.12062958e+02, 7.33973444e-01, 7.27385254e+02, 2.90421631e+02,
       8.26713622e-01, 8.38979858e+02, 3.68804138e+02, 6.62106693e-01,
       8.07644348e+02, 2.76715851e+02, 3.10080022e-01, 7.25342041e+02,
       3.53170258e+02, 8.21749210e-01, 8.27285645e+02, 3.70835297e+02,
       6.07560813e-01, 5.78439087e+02, 2.57163086e+02, 2.37015143e-01,
       5.76508789e+02, 2.27767853e+02, 2.78934151e-01, 4.43230408e+02,
       2.63016937e+02, 1.28267244e-01, 3.21812836e+02, 2.59091187e+02,
       6.06620125e-02, 5.74545593e+02, 2.90478546e+02, 1.46265030e-01,
       4.56990570e+02, 3.17842499e+02, 1.12871394e-01, 3.57043549e+02,
       3.17896576e+02, 6.96956813e-02, 9.29121216e+02, 3.00239441e+02,
       7.54860699e-01, 0., 0., 0., 9.19391541e+02, 2.53177597e+02,
       8.19473267e-01, 0., 0., 0., 0., 0., 0., 0., 0., 0., 0., 0., 0.,
       0., 0., 0., 0., 0., 0., 0., 0., 0. ]
