%YAML:1.0
---
pose_0: !!opencv-matrix
   rows: 1
   cols: 25
   dt: "3f"
   data: [ 8.48796753e+02, 3.53139984e+02, 7.64633477e-01,
       7.56718933e+02, 3.23755157e+02, 5.20951569e-01, 7.62661621e+02,
       2.74856415e+02, 6.56202078e-01, 6.45050232e+02, 2.37579178e+02,
       7.25443840e-01, 5.45118164e+02, 3.41407166e+02, 6.42127752e-01,
       7.25385010e+02, 3.64870728e+02, 2.22980738e-01, 6.01975281e+02,
       3.68816833e+02, 4.39519316e-01, 5.17720459e+02, 4.19790009e+02,
       3.60624462e-01, 5.72557312e+02, 3.11984100e+02, 1.11377321e-01,
       5.68631775e+02, 2.70837219e+02, 1.12056136e-01, 3.25696594e+02,
       4.04072876e+02, 4.36517835e-01, 9.64821854e+01, 3.53181366e+02,
       3.47967386e-01, 5.72568909e+02, 3.64870941e+02, 8.82694498e-02,
       3.27700836e+02, 4.09950500e+02, 2.90233612e-01, 1.33786774e+02,
       3.06111481e+02, 5.52587748e-01, 8.68333374e+02, 3.31615601e+02,
       7.59215176e-01, 8.64451538e+02, 3.68747772e+02, 7.89096832e-01,
       8.38964783e+02, 3.00210449e+02, 7.02671528e-01, 0., 0., 0., 0.,
       0., 0., 0., 0., 0., 1.20034729e+02, 2.88498596e+02,
       4.12736565e-01, 0., 0., 0., 0., 0., 0., 7.49232559e+01,
       3.49226959e+02, 2.10443601e-01 ]
