%YAML:1.0
---
pose_0: !!opencv-matrix
   rows: 1
   cols: 25
   dt: "3f"
   data: [ 9.05626465e+02, 2.10047592e+02, 8.24305952e-01,
       7.89988159e+02, 2.12037506e+02, 6.87415898e-01, 7.76392944e+02,
       1.31738022e+02, 7.01913834e-01, 6.56796570e+02, 9.83773346e+01,
       6.77223980e-01, 5.78454590e+02, 1.00412361e+02, 7.34238803e-01,
       7.90003418e+02, 2.96336273e+02, 6.19439840e-01, 6.76379028e+02,
       3.23765411e+02, 6.19166613e-01, 5.68641479e+02, 3.31583099e+02,
       4.50752199e-01, 5.80385437e+02, 2.25821884e+02, 2.58580446e-01,
       5.64744324e+02, 1.80747223e+02, 2.79762983e-01, 4.11920410e+02,
       1.65073730e+02, 5.42217679e-02, 0., 0., 0., 5.92178406e+02,
       2.72774353e+02, 2.39868551e-01, 5.50989197e+02, 3.25694092e+02,
       1.12907253e-01, 0., 0., 0., 9.07570374e+02, 1.82778046e+02,
       8.00799191e-01, 9.19306152e+02, 2.15975082e+02, 7.48745501e-01,
       8.72359253e+02, 1.63157333e+02, 6.84126139e-01, 9.01676453e+02,
       2.37552063e+02, 3.11606526e-01, 0., 0., 0., 0., 0., 0., 0., 0.,
       0., 0., 0., 0., 0., 0., 0., 0., 0., 0. ]
