%YAML:1.0
---
pose_0: !!opencv-matrix
   rows: 1
   cols: 25
   dt: "3f"
   data: [ 9.95795227e+02, 3.04203430e+02, 8.07591558e-01,
       8.68368225e+02, 3.37408508e+02, 6.93983316e-01, 8.41021973e+02,
       2.57125092e+02, 6.65423632e-01, 7.29253479e+02, 2.43473083e+02,
       6.11209631e-01, 5.78424377e+02, 2.17958984e+02, 6.43289328e-01,
       8.85988281e+02, 4.19746246e+02, 5.94644308e-01, 7.52798218e+02,
       4.72680817e+02, 7.05389023e-01, 7.91965515e+02, 3.35485382e+02,
       7.01253533e-01, 6.09787231e+02, 3.31591034e+02, 7.22534135e-02,
       6.05877014e+02, 2.86516052e+02, 1.13378190e-01, 3.68826019e+02,
       2.90418396e+02, 2.00001538e-01, 3.45303467e+02, 2.90449677e+02,
       6.08128496e-02, 0., 0., 0., 0., 0., 0., 0., 0., 0.,
       1.00359766e+03, 2.78680481e+02, 7.29553461e-01, 1.01139496e+03,
       3.21729492e+02, 8.62162113e-01, 9.66379639e+02, 2.59150635e+02,
       3.87945950e-01, 1.00161731e+03, 3.51234131e+02, 3.96226704e-01,
       0., 0., 0., 0., 0., 0., 0., 0., 0., 0., 0., 0., 0., 0., 0., 0.,
       0., 0. ]
