%YAML:1.0
---
pose_0: !!opencv-matrix
   rows: 1
   cols: 25
   dt: "3f"
   data: [ 1.08979041e+03, 1.72894028e+02, 1.95924029e-01,
       9.66392090e+02, 2.37532242e+02, 3.80112469e-01, 9.52648010e+02,
       1.33686005e+02, 1.64710164e-01, 0., 0., 0., 0., 0., 0.,
       9.78107178e+02, 3.00241608e+02, 3.94632280e-01, 1.08784094e+03,
       4.27529419e+02, 6.41544998e-01, 1.18386267e+03, 2.76796600e+02,
       4.25958753e-01, 8.44887451e+02, 1.92500031e+02, 5.43011613e-02,
       0., 0., 0., 0., 0., 0., 0., 0., 0., 0., 0., 0., 0., 0., 0., 0.,
       0., 0., 0., 0., 0., 1.08783337e+03, 1.98421249e+02,
       2.02267081e-01, 0., 0., 0., 1.07803076e+03, 2.43483978e+02,
       7.55080953e-02, 0., 0., 0., 0., 0., 0., 0., 0., 0., 0., 0., 0.,
       0., 0., 0., 0., 0., 0. ]
