%YAML:1.0
---
pose_0: !!opencv-matrix
   rows: 1
   cols: 25
   dt: "3f"
   data: [ 8.50788879e+02, 3.51208954e+02, 8.13822448e-01,
       7.48869568e+02, 3.31580231e+02, 5.96990466e-01, 7.60700623e+02,
       2.74816528e+02, 6.71957254e-01, 6.37214905e+02, 2.25783890e+02,
       8.25116932e-01, 5.50985718e+02, 3.19744293e+02, 7.61992872e-01,
       7.19503723e+02, 3.68840149e+02, 3.80104840e-01, 6.07838379e+02,
       3.74697876e+02, 3.63513649e-01, 5.39208557e+02, 4.13840973e+02,
       3.84255230e-01, 5.70568237e+02, 2.94364380e+02, 2.06795990e-01,
       5.70590332e+02, 2.57122040e+02, 2.13889271e-01, 4.23660553e+02,
       2.96332458e+02, 6.89785480e-02, 0., 0., 0., 5.84296875e+02,
       3.41422424e+02, 1.74617976e-01, 0., 0., 0., 0., 0., 0.,
       8.66448547e+02, 3.29640381e+02, 7.75054276e-01, 8.62541565e+02,
       3.66796051e+02, 7.62987196e-01, 8.37037781e+02, 3.02163361e+02,
       7.34349489e-01, 8.44898376e+02, 3.84541168e+02, 8.75657499e-02,
       0., 0., 0., 0., 0., 0., 0., 0., 0., 0., 0., 0., 0., 0., 0., 0.,
       0., 0. ]
