%YAML:1.0
---
pose_0: !!opencv-matrix
   rows: 1
   cols: 25
   dt: "3f"
   data: [ 8.86052490e+02, 2.78678436e+02, 7.48169899e-01,
       7.93912292e+02, 2.74810059e+02, 7.04876959e-01, 7.97840027e+02,
       1.98341888e+02, 7.06775606e-01, 6.95998474e+02, 1.35645157e+02,
       7.75466919e-01, 6.49005188e+02, 1.63027908e+02, 6.63999557e-01,
       7.91991882e+02, 3.53104919e+02, 6.52375042e-01, 7.09721680e+02,
       4.15907227e+02, 7.63168812e-01, 6.50980896e+02, 4.78619965e+02,
       6.95107639e-01, 5.41235901e+02, 2.88505798e+02, 2.61903584e-01,
       5.54905640e+02, 2.31680756e+02, 3.55606049e-01, 3.62928894e+02,
       2.27819901e+02, 2.20302761e-01, 1.94475739e+02, 2.35567032e+02,
       3.85953873e-01, 5.37271240e+02, 3.35540955e+02, 3.77338707e-01,
       3.49201569e+02, 3.21792542e+02, 4.35020536e-01, 1.63099106e+02,
       3.25730865e+02, 5.18810511e-01, 8.99686890e+02, 2.61033447e+02,
       8.45126987e-01, 8.99688538e+02, 2.94351196e+02, 7.29047537e-01,
       8.78184082e+02, 2.39534241e+02, 4.34489369e-01, 8.93833313e+02,
       3.19854675e+02, 1.55594185e-01, 1.00353546e+02, 3.49216339e+02,
       4.17405456e-01, 1.14100822e+02, 3.53201447e+02, 4.39576834e-01,
       1.49412766e+02, 3.13943268e+02, 2.43880674e-01, 1.25879776e+02,
       1.68975388e+02, 2.42073074e-01, 1.21991318e+02, 1.70922623e+02,
       2.10682765e-01, 1.76795578e+02, 2.41460770e+02, 2.21655160e-01 ]
