%YAML:1.0
---
pose_0: !!opencv-matrix
   rows: 1
   cols: 25
   dt: "3f"
   data: [ 1.10148816e+03, 1.68996140e+02, 5.76709092e-01,
       9.54567871e+02, 1.92468735e+02, 3.58158708e-01, 9.66374451e+02,
       2.70833618e+02, 3.12813997e-01, 1.07798999e+03, 3.98280731e+02,
       7.57975698e-01, 1.16814905e+03, 2.70802765e+02, 7.48227239e-01,
       0., 0., 0., 0., 0., 0., 0., 0., 0., 0., 0., 0., 0., 0., 0., 0.,
       0., 0., 0., 0., 0., 0., 0., 0., 0., 0., 0., 0., 0., 0.,
       1.10539966e+03, 1.33735550e+02, 5.66016734e-01, 1.11917688e+03,
       1.86610336e+02, 5.72597444e-01, 1.07607898e+03, 1.02414154e+02,
       2.08375439e-01, 1.10740051e+03, 2.12179169e+02, 5.61626293e-02,
       0., 0., 0., 0., 0., 0., 0., 0., 0., 0., 0., 0., 0., 0., 0., 0.,
       0., 0. ]
