%YAML:1.0
---
pose_0: !!opencv-matrix
   rows: 1
   cols: 25
   dt: "3f"
   data: [ 9.01690796e+02, 3.53166809e+02, 8.89909685e-01,
       7.97874695e+02, 3.21872528e+02, 5.62043071e-01, 8.15470398e+02,
       2.72788940e+02, 6.90789282e-01, 7.37137512e+02, 2.08160858e+02,
       7.54985571e-01, 7.54793030e+02, 3.55101837e+02, 7.14108646e-01,
       7.68460999e+02, 3.78597656e+02, 3.10338914e-01, 6.92078552e+02,
       3.80579285e+02, 1.33826479e-01, 6.39151917e+02, 4.35394592e+02,
       4.36705053e-01, 6.41129150e+02, 3.35523071e+02, 1.83118582e-01,
       6.31319702e+02, 3.12018372e+02, 2.51449466e-01, 4.53072174e+02,
       3.37490601e+02, 1.89927772e-01, 0., 0., 0., 6.64607910e+02,
       3.80538879e+02, 1.02953836e-01, 4.35433350e+02, 4.13894073e+02,
       1.02377459e-01, 0., 0., 0., 9.09560913e+02, 3.31620544e+02,
       8.15459788e-01, 9.15429321e+02, 3.62942963e+02, 7.78960407e-01,
       8.74289368e+02, 3.02127930e+02, 7.52829731e-01, 0., 0., 0., 0.,
       0., 0., 0., 0., 0., 0., 0., 0., 0., 0., 0., 0., 0., 0., 0., 0.,
       0. ]
