%YAML:1.0
---
pose_0: !!opencv-matrix
   rows: 1
   cols: 25
   dt: "3f"
   data: [ 8.58580322e+02, 4.74556610e+02, 8.09796453e-01,
       7.76285950e+02, 4.64859131e+02, 5.61748981e-01, 7.64543762e+02,
       4.17826355e+02, 5.55492520e-01, 7.11715881e+02, 3.37415161e+02,
       4.86883998e-01, 0., 0., 0., 7.86099854e+02, 5.17702881e+02,
       2.61148870e-01, 7.13611694e+02, 6.05906311e+02, 1.94666579e-01,
       0., 0., 0., 5.74528992e+02, 4.51106018e+02, 7.13358298e-02,
       5.58863708e+02, 4.23675995e+02, 1.03274673e-01, 0., 0., 0., 0.,
       0., 0., 0., 0., 0., 0., 0., 0., 0., 0., 0., 8.68334045e+02,
       4.49119293e+02, 8.59649003e-01, 8.72339722e+02, 4.76487823e+02,
       8.26032281e-01, 8.37078430e+02, 4.15906677e+02, 8.45767558e-01,
       0., 0., 0., 0., 0., 0., 0., 0., 0., 0., 0., 0., 0., 0., 0., 0.,
       0., 0., 0., 0., 0. ]
