%YAML:1.0
---
pose_0: !!opencv-matrix
   rows: 1
   cols: 25
   dt: "3f"
   data: [ 9.31033020e+02, 1.76820236e+02, 8.15737247e-01,
       8.09641235e+02, 1.80810181e+02, 6.25423431e-01, 8.09650146e+02,
       1.00447212e+02, 6.10393107e-01, 7.33239380e+02, 5.34247971e+00,
       3.24035168e-01, 6.03954529e+02, 2.39962502e+01, 3.09873819e-01,
       8.05740845e+02, 2.72830383e+02, 6.57194138e-01, 7.09698120e+02,
       3.39444122e+02, 7.23598421e-01, 5.82344238e+02, 4.07982483e+02,
       7.59571373e-01, 5.29462646e+02, 2.51273621e+02, 1.50216207e-01,
       5.23571716e+02, 1.96417252e+02, 1.05959170e-01, 0., 0., 0., 0.,
       0., 0., 5.41218567e+02, 2.84584106e+02, 1.09941326e-01,
       2.82619171e+02, 3.37510101e+02, 1.35722682e-01, 1.27846718e+02,
       3.88424500e+02, 1.44501880e-01, 9.40898071e+02, 1.49424225e+02,
       8.37925673e-01, 9.44804504e+02, 1.90544296e+02, 7.86916852e-01,
       9.15472107e+02, 1.27857735e+02, 6.16695583e-01, 9.31026672e+02,
       2.10051102e+02, 2.28890330e-01, 0., 0., 0., 0., 0., 0., 0., 0.,
       0., 0., 0., 0., 0., 0., 0., 0., 0., 0. ]
