%YAML:1.0
---
pose_0: !!opencv-matrix
   rows: 1
   cols: 25
   dt: "3f"
   data: [ 8.86093750e+02, 4.45270721e+02, 8.55442405e-01,
       7.92046509e+02, 4.23667236e+02, 7.07385421e-01, 7.76295288e+02,
       3.53216156e+02, 7.12533891e-01, 7.90091980e+02, 2.43446365e+02,
       8.43656898e-01, 8.76250366e+02, 2.80657654e+02, 7.72227407e-01,
       8.19358643e+02, 4.92275940e+02, 6.43495619e-01, 8.37078308e+02,
       6.13717102e+02, 6.52990162e-01, 9.13404297e+02, 7.15624084e+02,
       5.05554438e-01, 5.68646606e+02, 4.47174835e+02, 3.08239758e-01,
       5.66684387e+02, 4.04088654e+02, 4.45582122e-01, 3.90370911e+02,
       4.17815338e+02, 1.60191044e-01, 0., 0., 0., 5.74508728e+02,
       4.94195007e+02, 3.10037374e-01, 3.98205902e+02, 5.17714172e+02,
       1.14350237e-01, 0., 0., 0., 8.99809265e+02, 4.17859314e+02,
       8.08831036e-01, 9.03661926e+02, 4.45307251e+02, 6.98339760e-01,
       8.74244202e+02, 3.82421936e+02, 8.25627565e-01, 0., 0., 0., 0.,
       0., 0., 0., 0., 0., 0., 0., 0., 0., 0., 0., 0., 0., 0., 0., 0.,
       0. ]
