%YAML:1.0
---
pose_0: !!opencv-matrix
   rows: 2
   cols: 25
   dt: "3f"
   data: [ 0., 0., 0., 0., 0., 0., 0., 0., 0., 0., 0., 0., 0., 0., 0.,
       7.48901245e+02, 3.33548309e+02, 1.34085208e-01, 6.78320435e+02,
       4.00153107e+02, 8.33745241e-01, 7.44968079e+02, 4.78626343e+02,
       8.55195165e-01, 0., 0., 0., 0., 0., 0., 0., 0., 0., 0., 0., 0.,
       0., 0., 0., 0., 0., 0., 0., 0., 0., 0., 0., 0., 0., 0., 0., 0.,
       0., 0., 0., 0., 0., 0., 0., 0., 0., 0., 0., 0., 0., 0., 0., 0.,
       0., 0., 0., 0., 0., 0., 0., 9.11469055e+02, 3.66874115e+02,
       7.75935173e-01, 8.29212769e+02, 3.10073639e+02, 3.04962665e-01,
       8.35072327e+02, 2.92417450e+02, 7.21895933e-01, 7.44968018e+02,
       3.84568817e+02, 7.74008393e-01, 7.95913513e+02, 4.74629700e+02,
       7.96031475e-01, 8.27277527e+02, 3.37479126e+02, 1.40746132e-01,
       0., 0., 0., 0., 0., 0., 5.39240540e+02, 2.92422455e+02,
       3.14651459e-01, 5.35338257e+02, 2.64972626e+02, 3.41444910e-01,
       4.17783661e+02, 2.90434296e+02, 1.25200614e-01, 0., 0., 0.,
       5.29481812e+02, 3.19877106e+02, 2.24523634e-01, 3.47258942e+02,
       3.68867645e+02, 2.17813805e-01, 1.31749603e+02, 3.53148529e+02,
       2.46780083e-01, 9.29085083e+02, 3.39421997e+02, 7.41034210e-01,
       9.27184875e+02, 3.76625641e+02, 7.02511072e-01, 9.03693298e+02,
       3.02244720e+02, 8.22757006e-01, 0., 0., 0., 1.33752609e+02,
       4.13779480e+02, 4.14277315e-01, 1.39599442e+02, 4.08008209e+02,
       3.31886321e-01, 9.84332428e+01, 3.49234558e+02, 1.67495906e-01,
       0., 0., 0., 0., 0., 0., 0., 0., 0. ]
