%YAML:1.0
---
pose_0: !!opencv-matrix
   rows: 1
   cols: 25
   dt: "3f"
   data: [ 8.52740295e+02, 1.76775925e+02, 7.46028721e-01,
       7.60695740e+02, 2.12035797e+02, 7.32881248e-01, 7.60687500e+02,
       1.45434174e+02, 6.56180203e-01, 7.80269287e+02, 4.55638695e+01,
       6.25135899e-01, 8.23279541e+02, 5.35934544e+00, 1.27378643e-01,
       7.62641724e+02, 2.74730011e+02, 5.89925110e-01, 8.50700623e+02,
       3.35470184e+02, 8.45916152e-01, 8.38984680e+02, 2.70825043e+02,
       5.65850735e-01, 5.41244995e+02, 1.94486771e+02, 3.06246698e-01,
       5.47111145e+02, 1.55249329e+02, 2.99387902e-01, 3.62946228e+02,
       1.25891251e+02, 1.17138952e-01, 0., 0., 0., 5.35322571e+02,
       2.33656540e+02, 3.47588718e-01, 3.43338715e+02, 2.43468048e+02,
       3.37877363e-01, 1.70936081e+02, 2.72800385e+02, 4.17819142e-01,
       8.66375854e+02, 1.76840210e+02, 3.31976742e-01, 8.56710876e+02,
       1.92494141e+02, 7.37206817e-01, 0., 0., 0., 8.40931946e+02,
       2.27791000e+02, 7.88182139e-01, 1.16093819e+02, 2.98265747e+02,
       2.88878381e-01, 1.25878548e+02, 3.04087616e+02, 3.21898937e-01,
       1.53310562e+02, 2.59085815e+02, 1.61862880e-01, 0., 0., 0., 0.,
       0., 0., 0., 0., 0. ]
