%YAML:1.0
---
pose_0: !!opencv-matrix
   rows: 1
   cols: 25
   dt: "3f"
   data: [ 9.46656067e+02, 3.37508759e+02, 8.33145440e-01,
       8.38959290e+02, 3.35571167e+02, 7.29560971e-01, 8.21430847e+02,
       2.57140747e+02, 6.50529206e-01, 7.13567932e+02, 1.61106476e+02,
       7.13290095e-01, 7.60608093e+02, 1.96343811e+02, 8.91242146e-01,
       8.52776978e+02, 4.17768463e+02, 5.80599725e-01, 7.86086365e+02,
       5.50997986e+02, 7.67588854e-01, 8.50754456e+02, 4.86398499e+02,
       7.83379018e-01, 5.54910889e+02, 3.72757721e+02, 2.10520118e-01,
       5.49070801e+02, 3.31582794e+02, 3.52890342e-01, 3.64882050e+02,
       3.37436005e+02, 3.02501827e-01, 0., 0., 0., 5.58854797e+02,
       4.31549377e+02, 2.21176788e-01, 3.66840546e+02, 4.92291626e+02,
       2.75626153e-01, 1.88564453e+02, 5.39254028e+02, 2.43312389e-01,
       9.52650452e+02, 3.10086395e+02, 7.67507911e-01, 9.62436157e+02,
       3.51166443e+02, 8.14197302e-01, 9.21274475e+02, 2.80638794e+02,
       6.44323170e-01, 0., 0., 0., 1.14103828e+02, 5.70645203e+02,
       8.71360973e-02, 1.20010208e+02, 5.78443359e+02, 8.23601037e-02,
       1.76838135e+02, 5.43175964e+02, 9.05976444e-02, 0., 0., 0., 0.,
       0., 0., 0., 0., 0. ]
