%YAML:1.0
---
pose_0: !!opencv-matrix
   rows: 1
   cols: 25
   dt: "3f"
   data: [ 8.87980652e+02, 3.72741302e+02, 6.96662545e-01,
       7.90019592e+02, 2.90468353e+02, 4.24414873e-01, 7.92036621e+02,
       2.72813080e+02, 5.89483321e-01, 6.70510681e+02, 2.55116943e+02,
       7.32761681e-01, 6.09821167e+02, 3.94304962e+02, 5.71342707e-01,
       8.05687805e+02, 2.96344849e+02, 1.16572924e-01, 0., 0., 0., 0.,
       0., 0., 5.43161560e+02, 2.80650238e+02, 2.36113518e-01,
       5.41194763e+02, 2.70855438e+02, 2.76889980e-01, 3.25714691e+02,
       3.74714111e+02, 2.74507284e-01, 1.12170990e+02, 3.47279205e+02,
       1.67560279e-01, 0., 0., 0., 0., 0., 0., 0., 0., 0.,
       9.03657227e+02, 3.59030762e+02, 7.59477615e-01, 0., 0., 0.,
       8.95779358e+02, 3.12026123e+02, 7.79649854e-01, 0., 0., 0., 0.,
       0., 0., 0., 0., 0., 0., 0., 0., 5.33311539e+01, 3.27663361e+02,
       6.79788664e-02, 0., 0., 0., 0., 0., 0. ]
