%YAML:1.0
---
pose_0: !!opencv-matrix
   rows: 1
   cols: 25
   dt: "3f"
   data: [ 9.03630249e+02, 3.98237854e+02, 7.63386488e-01,
       7.92088440e+02, 4.09914093e+02, 6.87764823e-01, 7.80249390e+02,
       3.37425842e+02, 6.73824310e-01, 6.70558716e+02, 2.55216446e+02,
       7.74530232e-01, 7.56702209e+02, 2.70845154e+02, 7.95066655e-01,
       8.01782104e+02, 4.84404114e+02, 5.50450861e-01, 6.80316956e+02,
       5.62793640e+02, 7.69420803e-01, 7.90015808e+02, 5.57001770e+02,
       7.60794520e-01, 5.37311218e+02, 4.19743683e+02, 2.84218818e-01,
       5.35354004e+02, 3.76679169e+02, 3.81062239e-01, 3.37460175e+02,
       3.62934753e+02, 4.72242355e-01, 0., 0., 0., 5.37284241e+02,
       4.70672852e+02, 2.90544897e-01, 3.72759613e+02, 5.05948029e+02,
       5.62811673e-01, 0., 0., 0., 9.15431519e+02, 3.80512665e+02,
       8.50001097e-01, 9.17395996e+02, 4.15779205e+02, 7.97886312e-01,
       8.89942078e+02, 3.53195557e+02, 6.86644495e-01, 9.13425049e+02,
       4.35395172e+02, 2.67359078e-01, 0., 0., 0., 0., 0., 0., 0., 0.,
       0., 0., 0., 0., 0., 0., 0., 0., 0., 0. ]
