%YAML:1.0
---
pose_0: !!opencv-matrix
   rows: 1
   cols: 25
   dt: "3f"
   data: [ 9.97678406e+02, 3.04232574e+02, 8.15766931e-01,
       8.66467285e+02, 3.37535736e+02, 6.41142547e-01, 8.46814941e+02,
       2.57143768e+02, 6.05970025e-01, 7.09685303e+02, 2.41453873e+02,
       3.32564652e-01, 5.60837341e+02, 2.14017883e+02, 5.49823940e-01,
       8.82124268e+02, 4.27594788e+02, 5.86736381e-01, 7.56701233e+02,
       4.78633820e+02, 7.65788436e-01, 7.80252136e+02, 3.53151459e+02,
       6.19900048e-01, 0., 0., 0., 0., 0., 0., 0., 0., 0., 0., 0., 0.,
       0., 0., 0., 0., 0., 0., 0., 0., 0., 9.99703491e+02,
       2.84590088e+02, 7.58552790e-01, 1.01142377e+03, 3.21860016e+02,
       8.32217336e-01, 9.70269348e+02, 2.64976685e+02, 3.17387879e-01,
       9.95795898e+02, 3.53207611e+02, 4.19404447e-01, 0., 0., 0., 0.,
       0., 0., 0., 0., 0., 0., 0., 0., 0., 0., 0., 0., 0., 0. ]
