%YAML:1.0
---
pose_0: !!opencv-matrix
   rows: 1
   cols: 25
   dt: "3f"
   data: [ 8.97713440e+02, 3.45309906e+02, 7.46610403e-01,
       7.89983643e+02, 3.43375854e+02, 7.05075145e-01, 7.74349365e+02,
       2.70812439e+02, 7.04413593e-01, 6.51001282e+02, 2.02264130e+02,
       7.85477698e-01, 7.25344543e+02, 2.10100067e+02, 8.55768800e-01,
       7.95934265e+02, 4.15798523e+02, 6.16764069e-01, 6.80328430e+02,
       4.86326660e+02, 7.95520008e-01, 7.89963623e+02, 4.78456787e+02,
       7.72418737e-01, 5.25588623e+02, 3.62956421e+02, 2.81649649e-01,
       5.33393555e+02, 3.19850189e+02, 3.36697280e-01, 3.45293213e+02,
       3.51166473e+02, 2.96176851e-01, 1.55280960e+02, 3.57104980e+02,
       4.48293179e-01, 5.21634399e+02, 4.04100006e+02, 3.14031392e-01,
       3.55121643e+02, 4.76508118e+02, 3.16702366e-01, 1.78802200e+02,
       5.23543274e+02, 4.37625110e-01, 9.01783813e+02, 3.21725037e+02,
       8.52298796e-01, 9.09562866e+02, 3.58989807e+02, 7.56282926e-01,
       8.76243958e+02, 2.92440735e+02, 6.46570981e-01, 9.03676819e+02,
       3.74734222e+02, 9.35882628e-02, 1.25900627e+02, 5.74559814e+02,
       2.81002462e-01, 1.29761353e+02, 5.74496887e+02, 2.90172011e-01,
       1.57244919e+02, 5.21605408e+02, 2.22912565e-01, 1.04361610e+02,
       3.39452362e+02, 1.11214019e-01, 0., 0., 0., 1.45469910e+02,
       3.66867981e+02, 3.24479431e-01 ]
