%YAML:1.0
---
pose_0: !!opencv-matrix
   rows: 1
   cols: 25
   dt: "3f"
   data: [ 9.91810303e+02, 2.63059998e+02, 6.76372290e-01,
       8.68424438e+02, 2.92436462e+02, 6.07491612e-01, 8.54720398e+02,
       2.12030441e+02, 6.52847350e-01, 7.31287048e+02, 1.80695251e+02,
       6.15329266e-01, 6.90132751e+02, 1.96346786e+02, 5.37249923e-01,
       8.87978943e+02, 3.82540955e+02, 5.92418849e-01, 7.62661560e+02,
       5.13797791e+02, 5.50989270e-01, 8.29203064e+02, 3.96248566e+02,
       7.40302026e-01, 5.72564514e+02, 2.88474335e+02, 1.41448706e-01,
       5.68642273e+02, 2.47340088e+02, 2.07252711e-01, 3.51171509e+02,
       2.63007843e+02, 3.63022298e-01, 8.86784668e+01, 2.88447784e+02,
       2.32695222e-01, 5.62769836e+02, 3.51178314e+02, 9.85322297e-02,
       3.57061798e+02, 3.64883331e+02, 7.42477924e-02, 1.61137009e+02,
       3.62958862e+02, 8.05452466e-02, 9.97730164e+02, 2.43462402e+02,
       8.59009802e-01, 1.01142938e+03, 2.88503632e+02, 7.76130319e-01,
       9.66390503e+02, 2.25741714e+02, 3.94982576e-01, 9.95710144e+02,
       3.19793091e+02, 1.44629732e-01, 0., 0., 0., 0., 0., 0., 0., 0.,
       0., 0., 0., 0., 0., 0., 0., 7.10141678e+01, 2.90438354e+02,
       1.81237727e-01 ]
