%YAML:1.0
---
pose_0: !!opencv-matrix
   rows: 1
   cols: 25
   dt: "3f"
   data: [ 9.70280090e+02, 2.14011780e+02, 7.65190899e-01,
       8.52714905e+02, 2.53195480e+02, 4.78195816e-01, 8.21335266e+02,
       1.78784790e+02, 3.99734825e-01, 7.35179382e+02, 1.65024750e+02,
       7.17715621e-02, 6.82274353e+02, 1.53315063e+02, 2.08787411e-01,
       8.76255493e+02, 3.27677185e+02, 4.80660349e-01, 7.74313416e+02,
       4.49210632e+02, 7.46531248e-01, 8.21445801e+02, 3.21873566e+02,
       7.70921052e-01, 5.52963257e+02, 3.06137695e+02, 1.01589344e-01,
       5.39252747e+02, 2.78705902e+02, 9.42134708e-02, 3.15922882e+02,
       3.51234375e+02, 2.53707558e-01, 1.55288544e+02, 3.53222748e+02,
       5.03413141e-01, 5.49057861e+02, 3.47272766e+02, 7.97120407e-02,
       3.23775055e+02, 3.53120544e+02, 1.57344446e-01, 1.55263626e+02,
       3.55086304e+02, 7.21297115e-02, 9.78161377e+02, 1.92432281e+02,
       8.01908731e-01, 9.93750793e+02, 2.27828384e+02, 8.74642491e-01,
       9.50702820e+02, 1.69003876e+02, 3.78183454e-01, 9.76146973e+02,
       2.61113647e+02, 3.72999042e-01, 0., 0., 0., 0., 0., 0., 0., 0.,
       0., 9.06398621e+01, 3.82486053e+02, 2.82456398e-01,
       9.06006165e+01, 3.72722717e+02, 2.68118829e-01, 1.45463425e+02,
       3.43324615e+02, 2.75999725e-01 ]
