%YAML:1.0
---
pose_0: !!opencv-matrix
   rows: 1
   cols: 25
   dt: "3f"
   data: [ 1.06626526e+03, 2.51286514e+02, 6.43617630e-01,
       9.44814331e+02, 2.51280319e+02, 2.69117385e-01, 9.17355652e+02,
       1.59180710e+02, 2.18812779e-01, 8.35073914e+02, 9.64699936e+01,
       2.79977977e-01, 9.27126160e+02, 3.04157715e+02, 4.49127138e-01,
       9.35018311e+02, 3.21835297e+02, 1.87080160e-01, 7.76319641e+02,
       4.84414093e+02, 6.29611850e-01, 9.15474731e+02, 4.41335663e+02,
       6.40177488e-01, 8.15502441e+02, 2.80653107e+02, 5.95633909e-02,
       0., 0., 0., 0., 0., 0., 0., 0., 0., 0., 0., 0., 0., 0., 0., 0.,
       0., 0., 1.08969446e+03, 2.21834015e+02, 8.23408484e-01,
       1.08972717e+03, 2.72850769e+02, 8.59464109e-01, 1.06235876e+03,
       1.80672760e+02, 3.63423645e-01, 0., 0., 0., 0., 0., 0., 0., 0.,
       0., 0., 0., 0., 0., 0., 0., 0., 0., 0., 0., 0., 0. ]
