%YAML:1.0
---
pose_0: !!opencv-matrix
   rows: 1
   cols: 25
   dt: "3f"
   data: [ 9.19377136e+02, 3.04197327e+02, 7.53967047e-01,
       8.25325989e+02, 3.19898804e+02, 7.13238001e-01, 8.15459656e+02,
       2.43478256e+02, 7.06881821e-01, 7.58647583e+02, 2.00358688e+02,
       5.72285533e-01, 7.27336243e+02, 1.68969299e+02, 7.28926957e-01,
       8.41028870e+02, 3.98232361e+02, 6.43152714e-01, 7.37109497e+02,
       4.74638794e+02, 7.21147239e-01, 6.04012878e+02, 5.03978577e+02,
       7.99961865e-01, 5.86262817e+02, 3.43348114e+02, 2.54350901e-01,
       5.90221130e+02, 3.00251343e+02, 2.74970919e-01, 5.07900879e+02,
       2.88491180e+02, 1.21723101e-01, 3.78586487e+02, 3.08109436e+02,
       9.92620662e-02, 5.76475952e+02, 3.82569550e+02, 2.69557953e-01,
       3.82507416e+02, 3.66839203e+02, 3.09853047e-01, 1.82698746e+02,
       4.13827820e+02, 2.01349154e-01, 9.31046631e+02, 2.86553223e+02,
       7.86136389e-01, 9.36986755e+02, 3.19841492e+02, 8.29751432e-01,
       9.11477661e+02, 2.63050018e+02, 5.88962793e-01, 9.29097290e+02,
       3.47253571e+02, 4.60030824e-01, 0., 0., 0., 0., 0., 0., 0., 0.,
       0., 0., 0., 0., 0., 0., 0., 0., 0., 0. ]
