%YAML:1.0
---
pose_0: !!opencv-matrix
   rows: 2
   cols: 25
   dt: "3f"
   data: [ 0., 0., 0., 0., 0., 0., 0., 0., 0., 0., 0., 0., 0., 0., 0.,
       7.46952148e+02, 2.68912628e+02, 2.14919746e-01, 7.27270020e+02,
       1.65043716e+02, 7.72038996e-01, 8.13546997e+02, 1.67015900e+02,
       7.98731625e-01, 0., 0., 0., 0., 0., 0., 0., 0., 0., 0., 0., 0.,
       0., 0., 0., 0., 0., 0., 0., 0., 0., 0., 0., 0., 0., 0., 0., 0.,
       0., 0., 0., 0., 0., 0., 0., 0., 0., 0., 0., 0., 0., 0., 0., 0.,
       0., 0., 0., 0., 0., 0., 0., 8.09628723e+02, 2.49290634e+02,
       6.92268610e-01, 7.60667908e+02, 2.94355194e+02, 5.58128417e-01,
       7.76327148e+02, 3.25754852e+02, 5.38834572e-01, 7.35156860e+02,
       2.19894684e+02, 1.21080779e-01, 0., 0., 0., 7.74339478e+02,
       3.15937286e+02, 2.77316093e-01, 7.43049866e+02, 2.25790878e+02,
       3.42902899e-01, 8.37073181e+02, 2.27696625e+02, 4.04295474e-01,
       5.21606750e+02, 3.41408875e+02, 3.31244498e-01, 5.17709290e+02,
       3.04157867e+02, 4.43115622e-01, 3.51217285e+02, 2.74859375e+02,
       6.25119805e-01, 2.06196945e+02, 2.96316833e+02, 3.55622292e-01,
       5.21636108e+02, 3.84482117e+02, 4.15089935e-01, 3.57058411e+02,
       4.78484680e+02, 6.70364201e-01, 2.21854141e+02, 5.88290100e+02,
       5.87836266e-01, 8.19442261e+02, 2.41478943e+02, 5.07577240e-01,
       8.25254333e+02, 2.57101929e+02, 7.98875809e-01, 0., 0., 0.,
       8.36988770e+02, 2.92377380e+02, 8.18367302e-01, 1.43498703e+02,
       5.82357788e+02, 1.81865916e-01, 1.49426422e+02, 5.90206482e+02,
       1.80887401e-01, 2.08141937e+02, 6.05882690e+02, 3.58553231e-01,
       1.53309601e+02, 3.04153076e+02, 1.59128308e-01, 1.55262054e+02,
       2.94360596e+02, 1.79399028e-01, 1.68989014e+02, 3.02188263e+02,
       2.10603967e-01 ]
