%YAML:1.0
---
pose_0: !!opencv-matrix
   rows: 1
   cols: 25
   dt: "3f"
   data: [ 1.00744092e+03, 2.17987381e+02, 7.57252455e-01,
       8.82113220e+02, 2.39480621e+02, 3.62130344e-01, 8.68425720e+02,
       1.61116089e+02, 2.46707723e-01, 8.19358887e+02, 1.31798492e+02,
       8.24103057e-02, 8.21316650e+02, 1.29812134e+02, 1.37327924e-01,
       8.70306396e+02, 3.12020874e+02, 3.47407222e-01, 7.44952576e+02,
       3.49193451e+02, 2.65042752e-01, 7.44966248e+02, 4.17793152e+02,
       6.84413463e-02, 6.03909668e+02, 2.55173859e+02, 6.18101954e-02,
       0., 0., 0., 0., 0., 0., 0., 0., 0., 0., 0., 0., 0., 0., 0., 0.,
       0., 0., 1.02319800e+03, 1.94464554e+02, 8.43681991e-01,
       1.02506567e+03, 2.41473343e+02, 8.20272624e-01, 9.95781067e+02,
       1.57207321e+02, 4.47084785e-01, 0., 0., 0., 0., 0., 0., 0., 0.,
       0., 0., 0., 0., 0., 0., 0., 0., 0., 0., 0., 0., 0. ]
