%YAML:1.0
---
pose_0: !!opencv-matrix
   rows: 1
   cols: 25
   dt: "3f"
   data: [ 8.39041748e+02, 3.21793396e+02, 5.98204553e-01,
       7.52788879e+02, 2.88488892e+02, 6.21369004e-01, 7.68461548e+02,
       2.25743958e+02, 4.31713760e-01, 8.46863647e+02, 2.72760834e+02,
       5.98451972e-01, 9.13461670e+02, 3.49204590e+02, 8.24819088e-01,
       7.46903015e+02, 3.35559814e+02, 6.39120281e-01, 7.44885925e+02,
       4.41269287e+02, 8.58526170e-01, 8.19399048e+02, 4.29433655e+02,
       8.63444626e-01, 5.19668335e+02, 2.64961761e+02, 3.14821810e-01,
       5.23609375e+02, 2.25808182e+02, 3.75641406e-01, 3.57072052e+02,
       2.00324142e+02, 3.56010735e-01, 1.94397095e+02, 1.35749405e+02,
       1.64304972e-01, 5.09886261e+02, 3.02213898e+02, 3.26864928e-01,
       3.31612518e+02, 3.45277466e+02, 4.35952604e-01, 1.51390060e+02,
       3.21815857e+02, 6.00431204e-01, 8.46824463e+02, 3.17836090e+02,
       4.29761469e-01, 8.52648621e+02, 3.23804108e+02, 2.52756119e-01,
       8.48816711e+02, 3.00231384e+02, 1.39647573e-01, 0., 0., 0.,
       1.16119911e+02, 3.76659790e+02, 5.08496702e-01, 1.23909256e+02,
       3.74707458e+02, 4.31180567e-01, 1.33761032e+02, 3.08054138e+02,
       5.80053449e-01, 1.82717926e+02, 1.33707748e+02, 8.79541785e-02,
       1.84665283e+02, 1.37623322e+02, 1.09530069e-01, 0., 0., 0. ]
