%YAML:1.0
---
pose_0: !!opencv-matrix
   rows: 1
   cols: 25
   dt: "3f"
   data: [ 9.07546692e+02, 2.10178925e+02, 6.88847363e-01,
       8.17441345e+02, 2.86558990e+02, 4.63703096e-01, 7.91980164e+02,
       2.45418365e+02, 2.23971710e-01, 0., 0., 0., 0., 0., 0.,
       8.29234436e+02, 3.31561951e+02, 4.65962291e-01, 6.88134888e+02,
       3.35552979e+02, 6.84869885e-01, 5.49065613e+02, 2.47350601e+02,
       6.54058456e-01, 5.54930237e+02, 3.43348816e+02, 1.61959797e-01,
       5.52945923e+02, 3.15908295e+02, 1.37465581e-01, 3.23782715e+02,
       2.53201309e+02, 2.40932569e-01, 1.49398270e+02, 3.43348480e+02,
       6.96225464e-02, 5.66696350e+02, 3.70758423e+02, 1.53749749e-01,
       3.21820679e+02, 2.55210175e+02, 4.23570871e-01, 1.00366859e+02,
       3.51225159e+02, 3.56030405e-01, 9.17468140e+02, 2.08121780e+02,
       5.65195620e-01, 9.32967468e+02, 2.37519638e+02, 8.13978910e-01,
       0., 0., 0., 9.11512024e+02, 2.88510620e+02, 8.58917356e-01,
       6.12173347e+01, 3.53089355e+02, 5.64251691e-02, 6.51532822e+01,
       3.62922150e+02, 6.58482462e-02, 7.88842316e+01, 3.64866302e+02,
       2.51514643e-01, 0., 0., 0., 0., 0., 0., 0., 0., 0. ]
