%YAML:1.0
---
pose_0: !!opencv-matrix
   rows: 1
   cols: 25
   dt: "3f"
   data: [ 9.32984314e+02, 3.59014893e+02, 6.80613518e-01,
       8.46845398e+02, 2.70843445e+02, 3.52433115e-01, 8.54688354e+02,
       2.59103485e+02, 7.13404536e-01, 7.62574829e+02, 3.60967285e+02,
       6.24469042e-01, 8.42905640e+02, 4.47121735e+02, 7.75943041e-01,
       8.35076233e+02, 2.96323273e+02, 8.30483809e-02, 7.35193237e+02,
       3.88439056e+02, 7.24658132e-01, 8.35038635e+02, 4.29524567e+02,
       4.38387334e-01, 5.74544434e+02, 2.74779327e+02, 3.24062169e-01,
       5.72548950e+02, 2.41471863e+02, 3.63340765e-01, 4.21722626e+02,
       2.63040527e+02, 2.25728720e-01, 3.15898438e+02, 3.04204254e+02,
       1.63911581e-01, 5.72544678e+02, 3.08122009e+02, 3.05988073e-01,
       4.27584808e+02, 3.37496429e+02, 1.29697517e-01, 0., 0., 0.,
       9.48724060e+02, 3.51093445e+02, 7.94824541e-01, 0., 0., 0.,
       9.48697876e+02, 3.04195282e+02, 8.93216729e-01, 0., 0., 0., 0.,
       0., 0., 0., 0., 0., 0., 0., 0., 0., 0., 0., 0., 0., 0., 0., 0.,
       0. ]
