%YAML:1.0
---
pose_0: !!opencv-matrix
   rows: 1
   cols: 25
   dt: "3f"
   data: [ 9.31118408e+02, 3.23820892e+02, 7.35101521e-01,
       8.27237549e+02, 2.80640076e+02, 6.41988277e-01, 8.48815857e+02,
       2.04234283e+02, 6.02308989e-01, 7.23422241e+02, 1.35680435e+02,
       7.01800883e-01, 5.76522888e+02, 1.35733749e+02, 7.71619737e-01,
       8.07662598e+02, 3.51218353e+02, 5.80546975e-01, 7.03805542e+02,
       4.15868317e+02, 7.41040051e-01, 6.97947754e+02, 5.02068573e+02,
       7.95354605e-01, 6.05866272e+02, 2.59109955e+02, 1.40983924e-01,
       5.94110657e+02, 2.27762207e+02, 1.12666160e-01, 3.29640900e+02,
       3.19856201e+02, 7.61930197e-02, 1.41530075e+02, 3.06109222e+02,
       2.39302725e-01, 0., 0., 0., 0., 0., 0., 0., 0., 0.,
       9.56538025e+02, 2.94399811e+02, 7.11002350e-01, 9.48790710e+02,
       3.37388824e+02, 7.98602164e-01, 9.36985657e+02, 2.55204971e+02,
       4.80550230e-01, 0., 0., 0., 0., 0., 0., 0., 0., 0., 0., 0., 0.,
       0., 0., 0., 0., 0., 0., 0., 0., 0. ]
