%YAML:1.0
---
pose_0: !!opencv-matrix
   rows: 1
   cols: 25
   dt: "3f"
   data: [ 8.88002075e+02, 2.23855194e+02, 7.94947267e-01,
       7.82178223e+02, 2.43493820e+02, 6.88727975e-01, 7.72430725e+02,
       1.65099533e+02, 7.22813725e-01, 6.56826660e+02, 1.37680405e+02,
       7.47679114e-01, 5.86318115e+02, 1.51421402e+02, 8.31288815e-01,
       7.89941162e+02, 3.21846893e+02, 6.58837795e-01, 6.70514282e+02,
       3.68774689e+02, 7.53050864e-01, 5.41298462e+02, 3.96229431e+02,
       7.87270188e-01, 5.37296936e+02, 2.68879181e+02, 2.78688431e-01,
       5.39219116e+02, 2.21903473e+02, 3.72542173e-01, 3.98201660e+02,
       2.14078918e+02, 9.24933776e-02, 3.66834808e+02, 1.98422897e+02,
       1.76714987e-01, 5.31427917e+02, 3.08061218e+02, 2.38125667e-01,
       3.68850342e+02, 3.23735687e+02, 2.03014061e-01, 0., 0., 0.,
       8.99644409e+02, 2.04216812e+02, 7.93529212e-01, 9.01785828e+02,
       2.37550720e+02, 8.31373751e-01, 8.70373413e+02, 1.88541077e+02,
       5.08364439e-01, 8.86009216e+02, 2.61104614e+02, 5.22238970e-01,
       0., 0., 0., 0., 0., 0., 0., 0., 0., 0., 0., 0., 0., 0., 0., 0.,
       0., 0. ]
