%YAML:1.0
---
pose_0: !!opencv-matrix
   rows: 1
   cols: 25
   dt: "3f"
   data: [ 9.31009766e+02, 1.49464005e+02, 8.34169567e-01,
       8.07678711e+02, 1.47477707e+02, 6.90514326e-01, 8.13530823e+02,
       5.54107933e+01, 6.91764653e-01, 6.80387085e+02, 2.21041508e+01,
       7.81108141e-01, 5.86307617e+02, 1.20044800e+02, 6.55342460e-01,
       8.03727783e+02, 2.31719666e+02, 6.08182251e-01, 6.90101013e+02,
       2.84563934e+02, 7.08303630e-01, 5.74583984e+02, 3.51198700e+02,
       8.01076651e-01, 5.84285339e+02, 1.98359268e+02, 1.56654462e-01,
       5.60791748e+02, 1.65044525e+02, 1.59657404e-01, 3.68825623e+02,
       3.04143127e+02, 1.32359162e-01, 1.49341553e+02, 3.17903870e+02,
       1.76794201e-01, 6.03906677e+02, 2.29702164e+02, 1.15690619e-01,
       3.72749359e+02, 3.04206818e+02, 1.76173732e-01, 1.49421997e+02,
       3.19782684e+02, 1.73295110e-01, 9.36932617e+02, 1.25855576e+02,
       8.15123498e-01, 9.44810425e+02, 1.63107788e+02, 8.54696751e-01,
       9.11482788e+02, 9.84555740e+01, 6.30973756e-01, 9.29083435e+02,
       1.80665115e+02, 1.03326127e-01, 0., 0., 0., 0., 0., 0., 0., 0.,
       0., 0., 0., 0., 0., 0., 0., 0., 0., 0. ]
