%YAML:1.0
---
pose_0: !!opencv-matrix
   rows: 1
   cols: 25
   dt: "3f"
   data: [ 9.11518188e+02, 4.45291534e+02, 8.05308104e-01,
       8.07606995e+02, 4.47185333e+02, 7.12893128e-01, 7.91928345e+02,
       3.74669434e+02, 7.15374827e-01, 6.74435547e+02, 3.29612335e+02,
       7.39201725e-01, 7.43051636e+02, 2.92417175e+02, 8.67756844e-01,
       8.13556580e+02, 5.23513367e+02, 5.61262548e-01, 6.80368164e+02,
       5.86272461e+02, 8.42150211e-01, 7.93917847e+02, 5.72633850e+02,
       8.17534864e-01, 5.54940857e+02, 4.53074097e+02, 3.21040988e-01,
       5.58883850e+02, 4.09951202e+02, 4.54842895e-01, 3.55114349e+02,
       3.82493805e+02, 3.47027421e-01, 0., 0., 0., 5.51007019e+02,
       5.00070496e+02, 3.21608901e-01, 3.78638947e+02, 4.92291809e+02,
       4.09008622e-01, 0., 0., 0., 9.17423767e+02, 4.21709320e+02,
       8.25254083e-01, 9.21332458e+02, 4.60922211e+02, 8.01408529e-01,
       8.91934631e+02, 3.98128784e+02, 6.52568936e-01, 9.13399231e+02,
       4.76593567e+02, 2.73950517e-01, 0., 0., 0., 0., 0., 0., 0., 0.,
       0., 0., 0., 0., 0., 0., 0., 0., 0., 0. ]
