%YAML:1.0
---
pose_0: !!opencv-matrix
   rows: 1
   cols: 25
   dt: "3f"
   data: [ 9.09542603e+02, 3.57053101e+02, 7.60775447e-01,
       8.05698120e+02, 3.43373230e+02, 6.79878712e-01, 7.99836365e+02,
       2.70843719e+02, 6.36877060e-01, 6.70529968e+02, 1.92424713e+02,
       7.43817985e-01, 7.44959045e+02, 1.96476776e+02, 8.28655064e-01,
       8.05741516e+02, 4.23638275e+02, 5.62577367e-01, 6.84291443e+02,
       4.92227295e+02, 8.00932169e-01, 8.03752869e+02, 4.92322998e+02,
       8.05637181e-01, 5.45131165e+02, 3.64882996e+02, 2.41993219e-01,
       5.39264160e+02, 3.21817017e+02, 3.59048456e-01, 3.53119629e+02,
       3.35444550e+02, 2.75238454e-01, 2.19911957e+02, 3.17858490e+02,
       7.00668842e-02, 5.41208191e+02, 4.04109222e+02, 1.52846545e-01,
       3.68829285e+02, 4.47207489e+02, 1.75169542e-01, 0., 0., 0.,
       9.19359009e+02, 3.33574158e+02, 7.71294236e-01, 9.25227478e+02,
       3.70751160e+02, 7.43524194e-01, 8.99745239e+02, 3.04096252e+02,
       6.35946512e-01, 0., 0., 0., 0., 0., 0., 0., 0., 0., 0., 0., 0.,
       0., 0., 0., 0., 0., 0., 0., 0., 0. ]
