%YAML:1.0
---
pose_0: !!opencv-matrix
   rows: 1
   cols: 25
   dt: "3f"
   data: [ 9.36982727e+02, 2.78700256e+02, 7.12743461e-01,
       8.46851135e+02, 3.35537079e+02, 5.87137878e-01, 8.25318115e+02,
       2.90509186e+02, 2.83693075e-01, 0., 0., 0., 0., 0., 0.,
       8.52780579e+02, 3.78629272e+02, 6.14898801e-01, 7.29242126e+02,
       3.98220001e+02, 6.23351097e-01, 5.88309631e+02, 3.35531372e+02,
       7.47463584e-01, 5.56913330e+02, 3.76658295e+02, 9.58156288e-02,
       5.43172363e+02, 3.55102325e+02, 8.20830837e-02, 3.49184326e+02,
       2.86530792e+02, 3.08323830e-01, 1.55279770e+02, 2.55117386e+02,
       3.16570520e-01, 5.68639038e+02, 3.96247345e+02, 8.63893032e-02,
       3.70789032e+02, 4.45192139e+02, 6.59421608e-02, 0., 0., 0.,
       9.48803406e+02, 2.72863495e+02, 7.73097754e-01, 9.60395935e+02,
       3.00205017e+02, 8.08894038e-01, 0., 0., 0., 9.42826477e+02,
       3.45295319e+02, 7.61473417e-01, 0., 0., 0., 0., 0., 0., 0., 0.,
       0., 1.21969170e+02, 2.59076019e+02, 1.49890780e-01,
       1.21960419e+02, 2.49323227e+02, 1.64967313e-01, 1.39600632e+02,
       2.53223068e+02, 2.74787337e-01 ]
