%YAML:1.0
---
pose_0: !!opencv-matrix
   rows: 1
   cols: 25
   dt: "3f"
   data: [ 9.50671387e+02, 3.04237305e+02, 7.74230123e-01,
       8.38968628e+02, 3.04102417e+02, 6.80196404e-01, 8.35098267e+02,
       2.14045151e+02, 6.67853773e-01, 6.96002136e+02, 1.41577667e+02,
       7.93383598e-01, 7.11698242e+02, 2.27765503e+02, 7.76932120e-01,
       8.46828064e+02, 3.90341370e+02, 5.35853028e-01, 6.82250000e+02,
       4.66802887e+02, 7.05183864e-01, 7.91917786e+02, 3.98177277e+02,
       8.36091876e-01, 5.41232849e+02, 2.98279266e+02, 1.99063867e-01,
       5.45142822e+02, 2.55147873e+02, 2.43757606e-01, 3.62943695e+02,
       2.61053223e+02, 2.44675905e-01, 1.90508057e+02, 2.90473633e+02,
       3.44998389e-01, 5.37308899e+02, 3.49215607e+02, 1.99217334e-01,
       3.43353760e+02, 3.64857605e+02, 2.05159068e-01, 1.18075447e+02,
       3.64861053e+02, 8.91890377e-02, 9.64464417e+02, 2.78728424e+02,
       7.96310544e-01, 9.72196045e+02, 3.21897308e+02, 7.66589046e-01,
       9.38920776e+02, 2.53251114e+02, 4.58535075e-01, 0., 0., 0., 0.,
       0., 0., 0., 0., 0., 0., 0., 0., 1.02412842e+02, 2.27818497e+02,
       1.39350653e-01, 1.02365913e+02, 2.27855103e+02, 9.50216874e-02,
       0., 0., 0. ]
