%YAML:1.0
---
pose_0: !!opencv-matrix
   rows: 1
   cols: 25
   dt: "3f"
   data: [ 1.03292505e+03, 2.06228333e+02, 6.77660942e-01,
       8.87960815e+02, 2.39532364e+02, 5.96843421e-01, 8.68385254e+02,
       1.35713379e+02, 6.49387419e-01, 7.27310669e+02, 1.06319580e+02,
       6.37685180e-01, 5.76511597e+02, 1.04355980e+02, 7.15838611e-01,
       8.99724792e+02, 3.37458679e+02, 5.57154119e-01, 7.70404663e+02,
       4.04105713e+02, 7.22244084e-01, 6.95992615e+02, 3.04096069e+02,
       5.76599121e-01, 5.78439575e+02, 3.04157043e+02, 7.40287080e-02,
       5.58858398e+02, 2.53232895e+02, 6.96141869e-02, 4.94167084e+02,
       1.76825607e+02, 8.26401114e-02, 0., 0., 0., 6.07820740e+02,
       3.39431366e+02, 6.49089143e-02, 3.21762329e+02, 3.33579529e+02,
       1.16312996e-01, 0., 0., 0., 1.03876831e+03, 1.80780502e+02,
       8.69108975e-01, 1.04671118e+03, 2.25716324e+02, 7.18344569e-01,
       9.97714111e+02, 1.61173248e+02, 4.88671154e-01, 1.02515564e+03,
       2.59036346e+02, 4.30406868e-01, 0., 0., 0., 0., 0., 0., 0., 0.,
       0., 0., 0., 0., 0., 0., 0., 0., 0., 0. ]
