%YAML:1.0
---
pose_0: !!opencv-matrix
   rows: 1
   cols: 25
   dt: "3f"
   data: [ 9.01769348e+02, 3.82530548e+02, 8.25634181e-01,
       7.93958496e+02, 3.98238922e+02, 7.04349458e-01, 7.78307373e+02,
       3.21865479e+02, 7.28408158e-01, 6.66666260e+02, 2.88429016e+02,
       8.30131769e-01, 7.58702698e+02, 2.59125793e+02, 8.80456746e-01,
       8.11569519e+02, 4.74545013e+02, 6.29440844e-01, 6.78352295e+02,
       5.45133789e+02, 7.66578913e-01, 7.56728821e+02, 5.05992706e+02,
       7.85173774e-01, 5.35357483e+02, 4.11889343e+02, 3.02908272e-01,
       5.39288940e+02, 3.64867249e+02, 4.39707935e-01, 3.35492584e+02,
       3.47281586e+02, 3.99507552e-01, 0., 0., 0., 5.37269775e+02,
       4.60833618e+02, 3.30831110e-01, 3.55117218e+02, 4.60885559e+02,
       4.14717495e-01, 1.74847595e+02, 5.09886261e+02, 3.93755108e-01,
       9.13456055e+02, 3.66776001e+02, 8.71629655e-01, 9.17394104e+02,
       3.98147797e+02, 8.20487082e-01, 8.84106384e+02, 3.49160767e+02,
       7.13264227e-01, 9.11474243e+02, 4.23676971e+02, 4.43677098e-01,
       1.08260284e+02, 5.68611755e+02, 1.47934541e-01, 0., 0., 0.,
       1.47442230e+02, 5.07884796e+02, 2.22940624e-01, 0., 0., 0., 0.,
       0., 0., 0., 0., 0. ]
