%YAML:1.0
---
pose_0: !!opencv-matrix
   rows: 1
   cols: 25
   dt: "3f"
   data: [ 8.48801636e+02, 2.25749161e+02, 6.94263816e-01,
       7.62615540e+02, 2.74778778e+02, 6.87191606e-01, 7.37109558e+02,
       2.25835373e+02, 6.45457923e-01, 7.09712524e+02, 1.41576965e+02,
       7.62061477e-01, 8.05661560e+02, 1.55259033e+02, 8.10140252e-01,
       7.92026306e+02, 3.23791809e+02, 6.06376708e-01, 7.48905334e+02,
       2.90508331e+02, 4.15248662e-01, 8.21386353e+02, 2.57131897e+02,
       3.55620235e-01, 5.27529480e+02, 3.27686920e+02, 3.60194176e-01,
       5.23569458e+02, 2.86547089e+02, 5.08151412e-01, 3.51218872e+02,
       2.86530487e+02, 5.37256062e-01, 1.65104446e+02, 3.02178345e+02,
       3.81301194e-01, 5.39237244e+02, 3.68814880e+02, 4.09117341e-01,
       3.66801880e+02, 4.31478119e+02, 7.01836944e-01, 2.29696716e+02,
       5.41198242e+02, 5.86885512e-01, 8.50753784e+02, 2.21888336e+02,
       5.66484392e-01, 8.58611023e+02, 2.35594421e+02, 5.49050927e-01,
       8.21281311e+02, 2.21898209e+02, 1.80166349e-01, 8.54634705e+02,
       2.76751160e+02, 4.09805328e-01, 1.37653305e+02, 5.72607910e+02,
       2.51978695e-01, 1.51350372e+02, 5.78466614e+02, 2.58233398e-01,
       2.19918137e+02, 5.56929504e+02, 3.34583730e-01, 1.49388626e+02,
       3.15885773e+02, 1.04336865e-01, 1.41578857e+02, 2.94363190e+02,
       1.34826005e-01, 1.55258163e+02, 3.06120636e+02, 2.83990324e-01 ]
