%YAML:1.0
---
pose_0: !!opencv-matrix
   rows: 1
   cols: 25
   dt: "3f"
   data: [ 9.29096680e+02, 2.90378632e+02, 7.97876477e-01,
       8.11604492e+02, 2.92378784e+02, 6.15830779e-01, 8.09602783e+02,
       2.06218063e+02, 6.53433383e-01, 6.82352905e+02, 1.49334885e+02,
       7.48807013e-01, 6.80329102e+02, 2.00376862e+02, 7.70455658e-01,
       8.03707275e+02, 3.78576324e+02, 4.97272819e-01, 6.86171814e+02,
       4.13939850e+02, 6.81352794e-01, 5.70579041e+02, 4.15804840e+02,
       7.97222495e-01, 5.41233276e+02, 3.11998352e+02, 2.36060455e-01,
       5.43173523e+02, 2.63022156e+02, 3.02135915e-01, 4.96181030e+02,
       2.31667603e+02, 2.16860369e-01, 1.35696838e+02, 3.60950592e+02,
       1.08029827e-01, 5.37286621e+02, 3.62945892e+02, 2.64201880e-01,
       3.35520538e+02, 3.53203033e+02, 2.81756669e-01, 1.53324249e+02,
       3.45310120e+02, 1.68149814e-01, 9.33115112e+02, 2.68857269e+02,
       8.45298409e-01, 9.38942627e+02, 3.06044464e+02, 7.73948848e-01,
       9.01773682e+02, 2.41435318e+02, 6.36331201e-01, 9.29121948e+02,
       3.25727264e+02, 1.69906512e-01, 0., 0., 0., 0., 0., 0., 0., 0.,
       0., 0., 0., 0., 0., 0., 0., 0., 0., 0. ]
