%YAML:1.0
---
pose_0: !!opencv-matrix
   rows: 1
   cols: 25
   dt: "3f"
   data: [ 1.05447534e+03, 2.43513138e+02, 5.89943826e-01,
       9.01758850e+02, 2.64981750e+02, 4.92370307e-01, 8.78199890e+02,
       1.76789307e+02, 4.84349996e-01, 7.37127808e+02, 1.37617126e+02,
       6.04903877e-01, 6.01902405e+02, 1.14100471e+02, 7.52231896e-01,
       9.23236023e+02, 3.51152985e+02, 4.80481088e-01, 7.90088501e+02,
       4.17779236e+02, 7.13493109e-01, 6.78366882e+02, 2.88532227e+02,
       7.33492315e-01, 5.54923767e+02, 3.57056915e+02, 5.68219274e-02,
       0., 0., 0., 0., 0., 0., 0., 0., 0., 0., 0., 0., 0., 0., 0., 0.,
       0., 0., 1.05449243e+03, 2.10199371e+02, 6.32035732e-01,
       1.07020105e+03, 2.64965302e+02, 4.67362285e-01, 9.95752625e+02,
       1.72912415e+02, 2.80864000e-01, 0., 0., 0., 0., 0., 0., 0., 0.,
       0., 0., 0., 0., 0., 0., 0., 0., 0., 0., 0., 0., 0. ]
