%YAML:1.0
---
pose_0: !!opencv-matrix
   rows: 1
   cols: 25
   dt: "3f"
   data: [ 9.03651855e+02, 2.57104431e+02, 7.94921756e-01,
       8.07703979e+02, 3.15881622e+02, 6.75271094e-01, 7.88051758e+02,
       2.49282394e+02, 5.95877707e-01, 6.80320496e+02, 2.64985016e+02,
       1.25233755e-01, 0., 0., 0., 8.23288330e+02, 3.82566986e+02,
       6.61674321e-01, 6.95936218e+02, 4.45234131e+02, 7.12448597e-01,
       5.60785889e+02, 3.98256409e+02, 8.00931513e-01, 5.29468201e+02,
       3.29654419e+02, 2.93134302e-01, 5.23622314e+02, 2.90418732e+02,
       4.04342175e-01, 3.47258392e+02, 2.55201447e+02, 1.81308091e-01,
       3.15902008e+02, 2.47338150e+02, 7.73443133e-02, 5.35335815e+02,
       3.68890503e+02, 3.08250457e-01, 3.35495728e+02, 4.15855164e+02,
       3.29718679e-01, 1.43499619e+02, 4.62810028e+02, 3.71239483e-01,
       9.15449829e+02, 2.43403748e+02, 8.59493911e-01, 9.23271240e+02,
       2.74785736e+02, 8.70988369e-01, 0., 0., 0., 9.13451843e+02,
       3.19742737e+02, 7.65039265e-01, 6.89982147e+01, 4.66773560e+02,
       2.83419013e-01, 8.08248825e+01, 4.76574402e+02, 3.14516455e-01,
       1.33755295e+02, 4.66760468e+02, 2.09903628e-01, 0., 0., 0., 0.,
       0., 0., 0., 0., 0. ]
