%YAML:1.0
---
pose_0: !!opencv-matrix
   rows: 1
   cols: 25
   dt: "3f"
   data: [ 9.46753174e+02, 2.78722565e+02, 7.69703269e-01,
       8.62533997e+02, 2.55183121e+02, 6.06004119e-01, 8.68372437e+02,
       1.82691528e+02, 5.78976035e-01, 7.90015625e+02, 1.04391617e+02,
       7.55574703e-01, 8.66424622e+02, 2.37546722e+02, 5.65409720e-01,
       8.50707703e+02, 3.33551514e+02, 4.31318432e-01, 7.92079285e+02,
       4.53060394e+02, 7.34279633e-01, 8.46847900e+02, 4.33531342e+02,
       7.52094865e-01, 6.62677856e+02, 2.88491241e+02, 5.71817569e-02,
       0., 0., 0., 0., 0., 0., 0., 0., 0., 0., 0., 0., 0., 0., 0., 0.,
       0., 0., 9.64465576e+02, 2.47362366e+02, 8.18455577e-01,
       9.66360962e+02, 2.90372192e+02, 7.91132450e-01, 9.48660339e+02,
       2.08200165e+02, 6.35737538e-01, 0., 0., 0., 0., 0., 0., 0., 0.,
       0., 0., 0., 0., 0., 0., 0., 0., 0., 0., 0., 0., 0. ]
