%YAML:1.0
---
pose_0: !!opencv-matrix
   rows: 1
   cols: 25
   dt: "3f"
   data: [ 9.33112366e+02, 3.04141663e+02, 7.72434056e-01,
       8.21347839e+02, 2.90388580e+02, 6.89350307e-01, 8.21429077e+02,
       2.04228165e+02, 6.27448976e-01, 7.09709290e+02, 1.21940300e+02,
       7.42353916e-01, 6.09786560e+02, 1.78837280e+02, 7.83794522e-01,
       8.09634399e+02, 3.72706757e+02, 6.14678442e-01, 6.96018066e+02,
       4.23646301e+02, 7.54970789e-01, 5.86327576e+02, 4.78536011e+02,
       8.01114976e-01, 5.68640564e+02, 2.94362122e+02, 1.86769351e-01,
       5.70578247e+02, 2.45381958e+02, 2.80652702e-01, 3.68835693e+02,
       2.82589508e+02, 1.93515420e-01, 0., 0., 0., 5.74535156e+02,
       3.59023468e+02, 1.71314999e-01, 5.03987885e+02, 3.68861389e+02,
       1.58064201e-01, 3.41387634e+02, 3.88413788e+02, 2.67129570e-01,
       9.48751709e+02, 2.74844604e+02, 8.63910735e-01, 9.48694153e+02,
       3.17891968e+02, 8.07985783e-01, 9.19375732e+02, 2.43404785e+02,
       6.21180534e-01, 0., 0., 0., 0., 0., 0., 0., 0., 0.,
       3.35522156e+02, 3.96233643e+02, 8.26351345e-02, 0., 0., 0., 0.,
       0., 0., 0., 0., 0. ]
