%YAML:1.0
---
pose_0: !!opencv-matrix
   rows: 1
   cols: 25
   dt: "3f"
   data: [ 1.00950922e+03, 2.47325821e+02, 7.98458755e-01,
       8.80123108e+02, 2.27807587e+02, 4.17910278e-01, 8.70337463e+02,
       1.33687515e+02, 5.00121891e-01, 7.84113831e+02, 3.57759781e+01,
       6.21823967e-01, 8.37068176e+02, 1.96462723e+02, 7.86306083e-01,
       8.54743347e+02, 3.25722046e+02, 3.19267601e-01, 6.92039246e+02,
       3.82445923e+02, 1.97174042e-01, 7.25380005e+02, 3.72744843e+02,
       3.52952927e-01, 6.33302490e+02, 2.68898621e+02, 5.09613976e-02,
       0., 0., 0., 0., 0., 0., 0., 0., 0., 0., 0., 0., 0., 0., 0., 0.,
       0., 0., 1.02515002e+03, 2.23769516e+02, 8.31969202e-01,
       1.02517126e+03, 2.66955841e+02, 7.49737144e-01, 9.99641602e+02,
       1.78767670e+02, 4.27861512e-01, 0., 0., 0., 0., 0., 0., 0., 0.,
       0., 0., 0., 0., 0., 0., 0., 0., 0., 0., 0., 0., 0. ]
