%YAML:1.0
---
pose_0: !!opencv-matrix
   rows: 1
   cols: 25
   dt: "3f"
   data: [ 9.03696960e+02, 2.06223602e+02, 7.13360906e-01,
       8.48767212e+02, 2.80628967e+02, 5.42594135e-01, 8.52735840e+02,
       2.68879425e+02, 3.01569551e-01, 6.76417297e+02, 2.59036621e+02,
       1.16952948e-01, 6.80255005e+02, 1.90513428e+02, 1.24850601e-01,
       8.48788757e+02, 2.96310547e+02, 5.13016462e-01, 7.46932678e+02,
       2.41493454e+02, 6.40780747e-01, 7.41036865e+02, 1.55247009e+02,
       5.00190139e-01, 6.01948181e+02, 3.33553162e+02, 1.84145868e-01,
       5.86298523e+02, 2.94366089e+02, 2.07231328e-01, 3.27709137e+02,
       3.19885803e+02, 1.10324644e-01, 0., 0., 0., 5.99996521e+02,
       3.74683807e+02, 1.27021745e-01, 2.98292053e+02, 2.68921448e+02,
       2.24604324e-01, 8.66905518e+01, 3.70837433e+02, 3.84987921e-01,
       9.23255493e+02, 2.02305054e+02, 3.56619418e-01, 9.31107544e+02,
       2.25724838e+02, 8.69450092e-01, 0., 0., 0., 9.17445740e+02,
       2.78705109e+02, 7.95483649e-01, 3.97301025e+01, 4.11897034e+02,
       1.34862810e-01, 4.55850906e+01, 4.11891510e+02, 1.56544954e-01,
       6.31957779e+01, 3.84455933e+02, 2.76384056e-01, 0., 0., 0., 0.,
       0., 0., 0., 0., 0. ]
