%YAML:1.0
---
pose_0: !!opencv-matrix
   rows: 1
   cols: 25
   dt: "3f"
   data: [ 9.46804688e+02, 3.68827209e+02, 8.64698827e-01,
       8.25267395e+02, 3.82548889e+02, 6.98222160e-01, 8.15491577e+02,
       3.06127960e+02, 6.85587585e-01, 6.94026611e+02, 2.98256989e+02,
       5.25133848e-01, 5.86288635e+02, 3.00230682e+02, 7.46945739e-01,
       8.38949951e+02, 4.62840637e+02, 6.48157239e-01, 7.27296448e+02,
       5.23578125e+02, 7.29674280e-01, 5.94085510e+02, 5.04025970e+02,
       7.71082222e-01, 5.74521606e+02, 4.04081268e+02, 2.24004194e-01,
       5.74535156e+02, 3.55148682e+02, 3.41439217e-01, 3.66860504e+02,
       3.78619019e+02, 2.48102024e-01, 1.98413452e+02, 4.25657379e+02,
       3.52466345e-01, 5.74546265e+02, 4.53049591e+02, 1.94081485e-01,
       0., 0., 0., 0., 0., 0., 9.52688354e+02, 3.51164124e+02,
       8.84536266e-01, 9.62333679e+02, 3.84482239e+02, 8.57528985e-01,
       9.27179504e+02, 3.27707672e+02, 5.65940678e-01, 9.34981262e+02,
       4.09978577e+02, 4.57078308e-01, 0., 0., 0., 0., 0., 0., 0., 0.,
       0., 1.69000717e+02, 4.31480713e+02, 8.55935141e-02,
       1.65104233e+02, 4.19746155e+02, 8.80611241e-02, 1.90535446e+02,
       4.31555695e+02, 2.66324222e-01 ]
