%YAML:1.0
---
pose_0: !!opencv-matrix
   rows: 1
   cols: 25
   dt: "3f"
   data: [ 9.15309875e+02, 2.14032806e+02, 8.44561994e-01,
       7.93970215e+02, 2.41476822e+02, 6.96683288e-01, 7.68451050e+02,
       1.72892227e+02, 5.85537851e-01, 6.33317200e+02, 1.49378937e+02,
       5.01946211e-01, 5.33407288e+02, 1.33667801e+02, 5.80267310e-01,
       8.15502747e+02, 3.11991394e+02, 5.57253063e-01, 8.05648193e+02,
       4.55044006e+02, 7.20139921e-01, 8.54658936e+02, 5.56882080e+02,
       4.88312691e-01, 5.31403748e+02, 2.90437531e+02, 2.90258080e-01,
       5.25571411e+02, 2.49319138e+02, 3.49667817e-01, 3.23774536e+02,
       2.17968079e+02, 1.36960939e-01, 1.12180023e+02, 1.94413284e+02,
       1.13717467e-01, 5.35350098e+02, 3.33548950e+02, 3.16368818e-01,
       3.70762482e+02, 4.13873444e+02, 3.59475672e-01, 2.43440811e+02,
       5.23578430e+02, 3.43897223e-01, 9.19307068e+02, 1.94476700e+02,
       8.19457114e-01, 9.29160034e+02, 2.29721039e+02, 8.35600495e-01,
       8.97771667e+02, 1.72878204e+02, 2.92935550e-01, 9.15430908e+02,
       2.57192535e+02, 2.98093379e-01, 1.90504791e+02, 5.23578125e+02,
       2.19314039e-01, 1.96402390e+02, 5.33391174e+02, 2.49843895e-01,
       2.12064575e+02, 5.39282898e+02, 1.75749391e-01, 0., 0., 0., 0.,
       0., 0., 0., 0., 0. ]
