%YAML:1.0
---
pose_0: !!opencv-matrix
   rows: 1
   cols: 25
   dt: "3f"
   data: [ 9.05622864e+02, 3.76639404e+02, 7.69465625e-01,
       8.05717896e+02, 4.09936310e+02, 6.88547671e-01, 7.90009766e+02,
       3.49181244e+02, 5.90461075e-01, 7.03819214e+02, 2.65015320e+02,
       6.55180931e-01, 7.27283508e+02, 3.19751373e+02, 7.62409091e-01,
       8.23303345e+02, 4.76555573e+02, 6.64400041e-01, 7.43018372e+02,
       5.07898499e+02, 7.93715417e-01, 7.78332153e+02, 3.82539398e+02,
       8.12140107e-01, 5.56885315e+02, 4.27605743e+02, 2.30593979e-01,
       5.62761475e+02, 3.88412109e+02, 2.97747135e-01, 3.57064941e+02,
       4.00143250e+02, 1.17127590e-01, 3.41396210e+02, 3.96214844e+02,
       1.38779268e-01, 5.49040405e+02, 4.72653229e+02, 1.73190653e-01,
       0., 0., 0., 0., 0., 0., 9.13386597e+02, 3.55075928e+02,
       8.52908969e-01, 9.19386108e+02, 3.88428436e+02, 7.87725091e-01,
       8.80130798e+02, 3.43328979e+02, 6.25203550e-01, 9.03658264e+02,
       4.15845856e+02, 5.44534683e-01, 0., 0., 0., 0., 0., 0., 0., 0.,
       0., 0., 0., 0., 0., 0., 0., 0., 0., 0. ]
