%YAML:1.0
---
pose_0: !!opencv-matrix
   rows: 1
   cols: 25
   dt: "3f"
   data: [ 1.00939996e+03, 1.96477509e+02, 6.89984560e-01,
       8.78193237e+02, 2.41466278e+02, 1.82985425e-01, 8.42926147e+02,
       1.47436783e+02, 1.20671056e-01, 0., 0., 0., 0., 0., 0.,
       8.97733887e+02, 3.21825256e+02, 2.40888879e-01, 7.64553589e+02,
       4.29607849e+02, 7.81007290e-01, 8.68385376e+02, 3.10032013e+02,
       7.40452886e-01, 6.29381042e+02, 3.06130402e+02, 5.31212091e-02,
       0., 0., 0., 0., 0., 0., 0., 0., 0., 0., 0., 0., 0., 0., 0., 0.,
       0., 0., 1.01137103e+03, 1.65114227e+02, 7.32079566e-01,
       1.02510352e+03, 2.16003616e+02, 6.48142934e-01, 9.72243225e+02,
       1.45431915e+02, 2.83671647e-01, 1.02516345e+03, 2.43372360e+02,
       1.82688192e-01, 0., 0., 0., 0., 0., 0., 0., 0., 0., 0., 0., 0.,
       0., 0., 0., 0., 0., 0. ]
