%YAML:1.0
---
pose_0: !!opencv-matrix
   rows: 1
   cols: 25
   dt: "3f"
   data: [ 8.68326538e+02, 4.45238525e+02, 8.61783147e-01,
       7.60568054e+02, 4.41310791e+02, 7.10059583e-01, 7.48911438e+02,
       3.68845367e+02, 6.91976428e-01, 6.31346375e+02, 3.39497314e+02,
       6.73692405e-01, 6.48969238e+02, 3.23750916e+02, 7.97225177e-01,
       7.62567017e+02, 5.09888550e+02, 6.35037959e-01, 6.66698608e+02,
       5.60858032e+02, 7.29650617e-01, 6.82317383e+02, 6.03970398e+02,
       7.89825618e-01, 5.39230225e+02, 4.60932678e+02, 3.79468620e-01,
       5.35346680e+02, 4.15824280e+02, 4.81205523e-01, 3.92324799e+02,
       4.25629822e+02, 1.76998630e-01, 0., 0., 0., 5.47080872e+02,
       5.05931946e+02, 4.36557323e-01, 3.80551147e+02, 5.27533875e+02,
       2.02522904e-01, 0., 0., 0., 8.76265198e+02, 4.23655518e+02,
       7.71304369e-01, 8.80152405e+02, 4.53072784e+02, 7.77085066e-01,
       8.48825928e+02, 3.96233154e+02, 7.56429970e-01, 8.54772705e+02,
       4.68738800e+02, 5.43417931e-02, 0., 0., 0., 0., 0., 0., 0., 0.,
       0., 0., 0., 0., 0., 0., 0., 0., 0., 0. ]
