%YAML:1.0
---
pose_0: !!opencv-matrix
   rows: 1
   cols: 25
   dt: "3f"
   data: [ 9.15452759e+02, 3.55115143e+02, 8.26728404e-01,
       8.21362122e+02, 3.08095215e+02, 6.43127263e-01, 8.27272949e+02,
       2.70855804e+02, 6.68609321e-01, 7.35157959e+02, 3.23793457e+02,
       7.39498973e-01, 8.52649719e+02, 4.21714935e+02, 7.49847472e-01,
       8.05683960e+02, 3.47289673e+02, 3.28246504e-01, 7.17516296e+02,
       4.29547791e+02, 8.26222181e-01, 8.01811096e+02, 4.45304138e+02,
       7.31884778e-01, 5.49057068e+02, 3.10037537e+02, 2.23895743e-01,
       5.47092651e+02, 3.02187073e+02, 2.04998270e-01, 3.21796783e+02,
       3.53115265e+02, 2.83660203e-01, 1.35681976e+02, 3.35479797e+02,
       3.01428437e-01, 5.45143677e+02, 3.11998413e+02, 1.50979966e-01,
       3.15910522e+02, 3.43369507e+02, 1.24177061e-01, 1.39599152e+02,
       3.29611359e+02, 2.50070035e-01, 9.31113647e+02, 3.31550476e+02,
       7.64585972e-01, 9.35016724e+02, 3.64917664e+02, 7.62395740e-01,
       9.11473267e+02, 2.90491882e+02, 8.33121002e-01, 0., 0., 0.,
       6.90716629e+01, 3.19869385e+02, 1.06998578e-01, 7.29726715e+01,
       3.35489868e+02, 1.20150991e-01, 9.26034088e+01, 3.51181671e+02,
       9.43953767e-02, 0., 0., 0., 0., 0., 0., 0., 0., 0. ]
