%YAML:1.0
---
pose_0: !!opencv-matrix
   rows: 1
   cols: 25
   dt: "3f"
   data: [ 8.56651062e+02, 2.21920319e+02, 7.83232033e-01,
       7.70406006e+02, 2.66963257e+02, 7.07194149e-01, 7.43069336e+02,
       2.12152298e+02, 6.77317560e-01, 7.29269226e+02, 1.18075066e+02,
       8.27348530e-01, 8.35061218e+02, 1.45471573e+02, 8.37172806e-01,
       7.90016785e+02, 3.19802368e+02, 6.86720371e-01, 7.95911926e+02,
       3.84590759e+02, 7.73355186e-01, 8.70337036e+02, 2.98275726e+02,
       6.82774246e-01, 5.23561279e+02, 3.08099915e+02, 2.79733598e-01,
       5.15737732e+02, 2.88480286e+02, 2.44633123e-01, 3.47274017e+02,
       2.76715790e+02, 3.05643886e-01, 1.63134735e+02, 3.02192780e+02,
       4.86784995e-01, 5.25518677e+02, 3.45315460e+02, 1.82531282e-01,
       3.45294159e+02, 3.35537933e+02, 3.51177603e-01, 1.80750061e+02,
       3.82441803e+02, 4.97218609e-01, 8.68368591e+02, 2.16021088e+02,
       6.48609936e-01, 8.70424011e+02, 2.39468384e+02, 8.08882833e-01,
       0., 0., 0., 8.56708374e+02, 2.74724060e+02, 7.86069274e-01,
       1.08282234e+02, 3.66881256e+02, 2.92348266e-01, 1.18046547e+02,
       3.78600861e+02, 3.04902405e-01, 1.63097275e+02, 3.94271576e+02,
       2.51327544e-01, 1.43514511e+02, 2.59076172e+02, 1.75561324e-01,
       0., 0., 0., 1.51367462e+02, 3.06169983e+02, 3.25738996e-01 ]
