%YAML:1.0
---
pose_0: !!opencv-matrix
   rows: 1
   cols: 25
   dt: "3f"
   data: [ 8.95813416e+02, 4.35472534e+02, 7.49112666e-01,
       7.95890686e+02, 4.82427765e+02, 5.59918463e-01, 7.78267029e+02,
       4.56987701e+02, 2.96000212e-01, 7.23428650e+02, 4.29557983e+02,
       7.66203031e-02, 0., 0., 0., 8.13548035e+02, 5.13812012e+02,
       6.27846241e-01, 7.07723206e+02, 4.15824127e+02, 7.86837995e-01,
       6.17661499e+02, 3.13935425e+02, 7.92925775e-01, 5.23614929e+02,
       5.09871094e+02, 2.30542213e-01, 5.29442627e+02, 4.70668701e+02,
       3.50396246e-01, 3.74702393e+02, 3.98218170e+02, 2.06629083e-01,
       1.94462814e+02, 4.43221924e+02, 1.10851243e-01, 5.23587280e+02,
       5.58843262e+02, 1.81290716e-01, 3.47243927e+02, 5.88218628e+02,
       1.15933716e-01, 0., 0., 0., 9.01623840e+02, 4.25603638e+02,
       8.78923833e-01, 9.09525818e+02, 4.55030762e+02, 7.88866520e-01,
       8.78196655e+02, 4.15769104e+02, 2.74330169e-01, 8.89934998e+02,
       4.90311920e+02, 6.08367920e-01, 0., 0., 0., 0., 0., 0., 0., 0.,
       0., 1.51371338e+02, 4.08022156e+02, 6.19506836e-02,
       1.53337112e+02, 4.08011200e+02, 5.64126894e-02, 0., 0., 0. ]
