%YAML:1.0
---
pose_0: !!opencv-matrix
   rows: 1
   cols: 25
   dt: "3f"
   data: [ 9.34982239e+02, 3.55101349e+02, 7.39394546e-01,
       8.70381470e+02, 2.74760895e+02, 3.30426335e-01, 8.76232300e+02,
       2.59129913e+02, 6.70309722e-01, 7.76392700e+02, 3.17856720e+02,
       7.49027610e-01, 8.38975769e+02, 4.39351593e+02, 8.03659320e-01,
       8.64477295e+02, 3.02222565e+02, 1.10648833e-01, 0., 0., 0., 0.,
       0., 0., 5.49069092e+02, 2.96319794e+02, 2.12653995e-01,
       5.54951904e+02, 2.90438232e+02, 1.54064193e-01, 3.47254639e+02,
       3.35487061e+02, 1.43627897e-01, 1.43526154e+02, 3.00272522e+02,
       1.53053463e-01, 5.47084167e+02, 3.15914612e+02, 1.71340242e-01,
       3.51204620e+02, 3.31569275e+02, 1.23935543e-01, 1.27853493e+02,
       3.15919617e+02, 9.79975834e-02, 9.52676331e+02, 3.41408386e+02,
       7.42469907e-01, 9.60382813e+02, 3.64851044e+02, 9.72126126e-02,
       9.50651794e+02, 2.88568817e+02, 8.79061699e-01, 0., 0., 0., 0.,
       0., 0., 0., 0., 0., 0., 0., 0., 0., 0., 0., 0., 0., 0., 0., 0.,
       0. ]
