%YAML:1.0
---
pose_0: !!opencv-matrix
   rows: 1
   cols: 25
   dt: "3f"
   data: [ 9.15401184e+02, 3.82453735e+02, 7.63550043e-01,
       8.03751648e+02, 3.70785950e+02, 6.46612704e-01, 8.05627747e+02,
       2.94402283e+02, 6.32641912e-01, 7.11607666e+02, 2.08115997e+02,
       7.92284489e-01, 6.66635620e+02, 2.23832626e+02, 8.15538764e-01,
       7.92003357e+02, 4.53062500e+02, 5.65573514e-01, 6.90080811e+02,
       5.00051544e+02, 6.56313241e-01, 6.03894592e+02, 5.29466003e+02,
       7.94266284e-01, 5.45131226e+02, 3.72733002e+02, 1.27786145e-01,
       5.33394470e+02, 3.35544464e+02, 1.90564275e-01, 3.51146820e+02,
       3.74679077e+02, 1.87239766e-01, 0., 0., 0., 5.51019714e+02,
       4.31494568e+02, 9.05996412e-02, 0., 0., 0., 0., 0., 0.,
       9.21337708e+02, 3.55143372e+02, 6.77713931e-01, 9.31013000e+02,
       3.96269318e+02, 7.69902468e-01, 9.01750732e+02, 3.29646362e+02,
       4.92812246e-01, 9.13426514e+02, 4.15721100e+02, 1.25530630e-01,
       0., 0., 0., 0., 0., 0., 0., 0., 0., 0., 0., 0., 0., 0., 0., 0.,
       0., 0. ]
