%YAML:1.0
---
pose_0: !!opencv-matrix
   rows: 1
   cols: 25
   dt: "3f"
   data: [ 9.78099731e+02, 3.37398193e+02, 8.68565679e-01,
       8.54737854e+02, 3.04135101e+02, 6.50769770e-01, 8.48819580e+02,
       2.21898773e+02, 6.22604251e-01, 7.25348511e+02, 1.78847794e+02,
       6.97731614e-01, 5.86320679e+02, 1.94409225e+02, 6.19888306e-01,
       8.66446472e+02, 3.72731873e+02, 5.23811638e-01, 9.62401306e+02,
       4.09928162e+02, 7.51528740e-01, 1.02714868e+03, 3.08127930e+02,
       7.34351814e-01, 5.94123596e+02, 3.06131989e+02, 6.25030696e-02,
       5.74513184e+02, 2.59092499e+02, 7.35979825e-02, 0., 0., 0., 0.,
       0., 0., 6.15680359e+02, 3.68834564e+02, 8.15130249e-02,
       3.84447723e+02, 3.86435150e+02, 7.03425184e-02, 0., 0., 0.,
       9.91770874e+02, 3.06236328e+02, 8.18881810e-01, 9.93789490e+02,
       3.35512390e+02, 3.09682667e-01, 9.66372559e+02, 2.59175201e+02,
       7.47983754e-01, 0., 0., 0., 0., 0., 0., 0., 0., 0., 0., 0., 0.,
       0., 0., 0., 0., 0., 0., 0., 0., 0. ]
