%YAML:1.0
---
pose_0: !!opencv-matrix
   rows: 1
   cols: 25
   dt: "3f"
   data: [ 8.87974731e+02, 3.96230682e+02, 7.90971637e-01,
       7.90037354e+02, 4.11931976e+02, 6.86845541e-01, 7.78241577e+02,
       3.37440704e+02, 7.36155808e-01, 6.95939453e+02, 2.90396667e+02,
       5.60959816e-01, 6.76372070e+02, 2.59092957e+02, 6.36763394e-01,
       7.93987732e+02, 4.90309875e+02, 6.15325093e-01, 6.95991150e+02,
       5.78417542e+02, 7.95939684e-01, 7.88089905e+02, 5.49089722e+02,
       7.57814407e-01, 5.58870667e+02, 4.08013641e+02, 2.74652898e-01,
       5.58858948e+02, 3.74707886e+02, 3.08081627e-01, 3.33534515e+02,
       3.72729279e+02, 2.39343390e-01, 0., 0., 0., 5.54906067e+02,
       4.55036133e+02, 2.25988105e-01, 3.68800934e+02, 4.98142303e+02,
       2.42300138e-01, 0., 0., 0., 8.99719482e+02, 3.80583496e+02,
       8.73251915e-01, 9.01702271e+02, 4.13887390e+02, 7.97627211e-01,
       8.74270142e+02, 3.62946136e+02, 5.51549673e-01, 8.85974731e+02,
       4.39373199e+02, 4.40949589e-01, 0., 0., 0., 0., 0., 0., 0., 0.,
       0., 0., 0., 0., 0., 0., 0., 0., 0., 0. ]
