%YAML:1.0
---
pose_0: !!opencv-matrix
   rows: 1
   cols: 25
   dt: "3f"
   data: [ 9.19352844e+02, 3.66810760e+02, 7.97244847e-01,
       7.99814453e+02, 3.53111298e+02, 6.62906587e-01, 7.90086975e+02,
       2.74750580e+02, 7.12225974e-01, 6.62621094e+02, 2.12053680e+02,
       7.90881515e-01, 7.29225769e+02, 2.15997650e+02, 8.23334575e-01,
       8.01771301e+02, 4.29560089e+02, 5.65197468e-01, 6.92047546e+02,
       5.07883972e+02, 7.73049831e-01, 8.01760742e+02, 5.07813904e+02,
       7.19016910e-01, 5.56923950e+02, 3.68852997e+02, 2.83043653e-01,
       5.56919800e+02, 3.23782013e+02, 3.27443928e-01, 3.68804504e+02,
       3.47284729e+02, 3.49933594e-01, 1.92477554e+02, 3.23759888e+02,
       2.56726533e-01, 5.54946838e+02, 4.13867157e+02, 2.81910628e-01,
       3.72745392e+02, 4.60950134e+02, 4.02886480e-01, 1.80784302e+02,
       5.23580994e+02, 4.01875913e-01, 9.31154297e+02, 3.37558502e+02,
       8.81003559e-01, 9.33115356e+02, 3.76680542e+02, 7.31603146e-01,
       8.99682434e+02, 3.06186737e+02, 7.53069937e-01, 0., 0., 0.,
       1.29750168e+02, 5.72559753e+02, 3.66266131e-01, 1.33686127e+02,
       5.72568848e+02, 3.93667132e-01, 1.61109863e+02, 5.11878052e+02,
       2.76000500e-01, 1.59164612e+02, 3.31592255e+02, 1.26981154e-01,
       1.59217239e+02, 3.23744537e+02, 1.41794309e-01, 1.76819260e+02,
       3.23749359e+02, 1.87000200e-01 ]
