%YAML:1.0
---
pose_0: !!opencv-matrix
   rows: 1
   cols: 25
   dt: "3f"
   data: [ 9.36956787e+02, 2.39533264e+02, 7.37131298e-01,
       8.66433838e+02, 3.25726776e+02, 4.97888118e-01, 8.80111389e+02,
       3.45282288e+02, 3.99147570e-01, 0., 0., 0., 0., 0., 0.,
       8.68329285e+02, 3.23764893e+02, 4.52518404e-01, 7.52819214e+02,
       2.59099731e+02, 5.28785646e-01, 8.80174316e+02, 1.78800339e+02,
       6.34873986e-01, 6.66604980e+02, 3.31600250e+02, 1.73402876e-01,
       6.45054932e+02, 2.98290955e+02, 1.38440982e-01, 2.90464905e+02,
       3.51212494e+02, 8.52017254e-02, 0., 0., 0., 6.76396362e+02,
       3.66823761e+02, 1.56665593e-01, 6.05867615e+02, 3.84479858e+02,
       6.62705675e-02, 0., 0., 0., 9.60417969e+02, 2.41425903e+02,
       1.72390595e-01, 9.60406799e+02, 2.51251389e+02, 7.90929794e-01,
       0., 0., 0., 9.48778748e+02, 3.11979156e+02, 8.15790057e-01, 0.,
       0., 0., 0., 0., 0., 0., 0., 0., 0., 0., 0., 0., 0., 0., 0., 0.,
       0. ]
