%YAML:1.0
---
pose_0: !!opencv-matrix
   rows: 1
   cols: 25
   dt: "3f"
   data: [ 8.83966125e+02, 2.31721634e+02, 7.96637714e-01,
       7.74416382e+02, 2.57083557e+02, 7.10186720e-01, 7.62664307e+02,
       1.78761215e+02, 6.82795346e-01, 6.50888184e+02, 1.47404770e+02,
       8.37421656e-01, 5.72562927e+02, 1.61074112e+02, 8.40069652e-01,
       7.78277466e+02, 3.33575043e+02, 6.51899934e-01, 6.66658752e+02,
       3.80597992e+02, 6.86901212e-01, 5.41284424e+02, 4.19764130e+02,
       7.72375822e-01, 5.25579468e+02, 2.72824554e+02, 3.09164703e-01,
       5.31444031e+02, 2.25768127e+02, 3.75919282e-01, 3.66898468e+02,
       2.10077637e+02, 4.96743441e-01, 2.00314423e+02, 2.08162277e+02,
       3.73878360e-01, 5.13802612e+02, 3.12010437e+02, 2.97094643e-01,
       3.47278656e+02, 3.33559052e+02, 3.04966301e-01, 1.59174088e+02,
       3.33552032e+02, 4.62566167e-01, 8.86035339e+02, 2.14038940e+02,
       8.64616096e-01, 8.97773743e+02, 2.43508453e+02, 8.64977241e-01,
       8.56676147e+02, 1.96402618e+02, 5.68374932e-01, 8.82050842e+02,
       2.72907257e+02, 5.88752985e-01, 1.00460167e+02, 3.82463928e+02,
       1.87939882e-01, 1.02414948e+02, 3.82468109e+02, 1.85854897e-01,
       1.33697754e+02, 3.19840302e+02, 2.86309600e-01, 1.96428558e+02,
       2.23844376e+02, 5.54819331e-02, 1.92512497e+02, 2.25707703e+02,
       6.39166534e-02, 0., 0., 0. ]
