%YAML:1.0
---
pose_0: !!opencv-matrix
   rows: 1
   cols: 25
   dt: "3f"
   data: [ 8.89934753e+02, 2.12116562e+02, 7.75380909e-01,
       7.91987610e+02, 2.27808197e+02, 7.54814744e-01, 7.82160461e+02,
       1.47497437e+02, 7.02985406e-01, 6.66597961e+02, 1.00495476e+02,
       8.24565709e-01, 5.74589600e+02, 1.04363785e+02, 7.96384335e-01,
       8.05760437e+02, 3.06133270e+02, 7.30324149e-01, 7.21449951e+02,
       3.98215027e+02, 8.42564702e-01, 6.56790466e+02, 3.27701508e+02,
       7.58175194e-01, 5.43181396e+02, 2.55191071e+02, 2.65142560e-01,
       5.52948486e+02, 2.06204803e+02, 3.41778606e-01, 3.70777374e+02,
       2.19937134e+02, 4.76846039e-01, 1.78748123e+02, 2.39465683e+02,
       2.64765143e-01, 5.41226074e+02, 3.04126587e+02, 2.09537983e-01,
       3.72710297e+02, 3.19830261e+02, 2.01383978e-01, 1.80756973e+02,
       2.43402603e+02, 7.21378848e-02, 8.99712708e+02, 1.94517334e+02,
       8.80128086e-01, 9.05591309e+02, 2.27804321e+02, 8.16380680e-01,
       8.72326965e+02, 1.76761948e+02, 6.47166252e-01, 8.99659607e+02,
       2.53205048e+02, 4.63558584e-01, 0., 0., 0., 0., 0., 0., 0., 0.,
       0., 1.68989746e+02, 2.45403473e+02, 6.09758608e-02, 0., 0., 0.,
       1.63084549e+02, 2.41452682e+02, 2.16124341e-01 ]
