%YAML:1.0
---
pose_0: !!opencv-matrix
   rows: 1
   cols: 25
   dt: "3f"
   data: [ 1.13675928e+03, 1.78830887e+02, 7.63177037e-01,
       9.48721191e+02, 1.82695343e+02, 3.67560595e-01, 9.33068420e+02,
       7.69155197e+01, 3.29356372e-01, 0., 0., 0., 0., 0., 0.,
       9.52649902e+02, 2.96320068e+02, 4.25673723e-01, 8.07643738e+02,
       3.76635223e+02, 2.93598741e-01, 6.19593750e+02, 4.27558655e+02,
       4.65372264e-01, 6.60732849e+02, 2.74774689e+02, 5.81614412e-02,
       0., 0., 0., 0., 0., 0., 0., 0., 0., 0., 0., 0., 0., 0., 0., 0.,
       0., 0., 1.13879761e+03, 1.47405060e+02, 7.91808069e-01,
       1.15240588e+03, 1.96423889e+02, 6.79406464e-01, 1.08980396e+03,
       9.84049835e+01, 2.69350857e-01, 1.13287073e+03, 2.27791534e+02,
       7.23142847e-02, 0., 0., 0., 0., 0., 0., 0., 0., 0., 0., 0., 0.,
       0., 0., 0., 0., 0., 0. ]
