%YAML:1.0
---
pose_0: !!opencv-matrix
   rows: 1
   cols: 25
   dt: "3f"
   data: [ 8.91911499e+02, 1.04354958e+02, 7.84939170e-01,
       7.89958374e+02, 1.06322311e+02, 6.93868458e-01, 7.89945557e+02,
       2.21021442e+01, 6.57994151e-01, 7.01847778e+02, 5.34701204e+00,
       2.59005904e-01, 6.33312256e+02, 1.61721401e+01, 5.19360900e-01,
       7.88102417e+02, 1.86621231e+02, 6.49112999e-01, 6.94066650e+02,
       2.61058533e+02, 8.12812924e-01, 5.94137085e+02, 2.72802673e+02,
       8.08255792e-01, 5.09908508e+02, 1.29807968e+02, 3.08459252e-01,
       5.11842834e+02, 8.66862946e+01, 2.94884354e-01, 3.51190918e+02,
       9.06522675e+01, 2.63290137e-01, 0., 0., 0., 5.11849518e+02,
       1.72909637e+02, 3.65169376e-01, 3.64869232e+02, 1.74854187e+02,
       3.55587006e-01, 1.65125153e+02, 1.80782150e+02, 4.16328073e-01,
       9.01652344e+02, 8.66287537e+01, 8.99054527e-01, 9.01751831e+02,
       1.20035614e+02, 7.82561719e-01, 8.76270386e+02, 5.92730942e+01,
       6.66535616e-01, 8.91875732e+02, 1.41566467e+02, 1.83253080e-01,
       1.02441246e+02, 2.04251434e+02, 1.94076642e-01, 1.17997459e+02,
       2.10117065e+02, 2.26572335e-01, 1.51346024e+02, 1.76785248e+02,
       1.81599855e-01, 0., 0., 0., 0., 0., 0., 0., 0., 0. ]
