%YAML:1.0
---
pose_0: !!opencv-matrix
   rows: 1
   cols: 25
   dt: "3f"
   data: [ 9.68326172e+02, 2.27686600e+02, 8.69231641e-01,
       8.23400391e+02, 2.27825089e+02, 5.73862433e-01, 8.21286255e+02,
       1.39588791e+02, 6.57643378e-01, 6.94004333e+02, 9.84881210e+01,
       7.07903028e-01, 6.31334595e+02, 1.16038727e+02, 6.78333163e-01,
       8.27270203e+02, 3.21757446e+02, 5.54617584e-01, 7.17538513e+02,
       3.84582184e+02, 6.64226532e-01, 6.66613281e+02, 3.72724426e+02,
       7.15146720e-01, 5.58842834e+02, 2.25776123e+02, 1.48168325e-01,
       5.51026672e+02, 1.88597870e+02, 2.45618641e-01, 4.29562195e+02,
       2.10113754e+02, 5.26007600e-02, 3.23757477e+02, 2.43403564e+02,
       6.95899203e-02, 5.35333069e+02, 2.92400360e+02, 1.01071946e-01,
       3.80564056e+02, 3.04188293e+02, 5.23555502e-02, 0., 0., 0.,
       9.70295166e+02, 1.96450241e+02, 8.47146213e-01, 9.91802490e+02,
       2.29711639e+02, 7.55272269e-01, 9.33002075e+02, 1.65051468e+02,
       4.82962191e-01, 0., 0., 0., 0., 0., 0., 0., 0., 0., 0., 0., 0.,
       0., 0., 0., 0., 0., 0., 0., 0., 0. ]
