%YAML:1.0
---
pose_0: !!opencv-matrix
   rows: 1
   cols: 25
   dt: "3f"
   data: [ 9.19393066e+02, 2.27795639e+02, 8.23296070e-01,
       8.07649963e+02, 2.72840027e+02, 6.98385596e-01, 7.91974060e+02,
       1.96349152e+02, 6.34703696e-01, 6.70524231e+02, 1.70960083e+02,
       1.23216890e-01, 5.66669373e+02, 1.80763412e+02, 1.00694038e-01,
       8.19418762e+02, 3.49203735e+02, 6.51229680e-01, 6.94005676e+02,
       4.00240692e+02, 6.77967012e-01, 5.54943665e+02, 3.82589294e+02,
       8.58923554e-01, 5.41202148e+02, 2.88510864e+02, 1.85529411e-01,
       5.29461853e+02, 2.43440598e+02, 2.20267206e-01, 3.29637482e+02,
       4.04073700e+02, 1.71499819e-01, 1.68995743e+02, 4.56959625e+02,
       1.36632696e-01, 5.58875061e+02, 3.39409363e+02, 2.01454520e-01,
       3.21843658e+02, 4.09940002e+02, 1.44819096e-01, 1.57241043e+02,
       4.58952911e+02, 1.13524750e-01, 9.30993774e+02, 2.10165710e+02,
       8.60883534e-01, 9.37005432e+02, 2.43516220e+02, 8.52707624e-01,
       9.01657837e+02, 1.96381348e+02, 3.41293573e-01, 9.21286072e+02,
       2.76739197e+02, 5.52879274e-01, 0., 0., 0., 0., 0., 0.,
       1.51340591e+02, 4.60855774e+02, 1.18724041e-01, 0., 0., 0., 0.,
       0., 0., 0., 0., 0. ]
