%YAML:1.0
---
pose_0: !!opencv-matrix
   rows: 1
   cols: 25
   dt: "3f"
   data: [ 8.89952271e+02, 1.86609695e+02, 7.47902453e-01,
       8.52774414e+02, 2.72748779e+02, 6.17521763e-01, 8.64443298e+02,
       2.82596893e+02, 4.69974875e-01, 7.54773499e+02, 2.53201782e+02,
       2.24752814e-01, 7.60625061e+02, 1.55254303e+02, 1.03473552e-01,
       8.52750549e+02, 2.59174377e+02, 5.46556473e-01, 7.41062561e+02,
       2.16030640e+02, 5.74730456e-01, 7.70452332e+02, 1.47364868e+02,
       5.05383968e-01, 5.72576111e+02, 3.37449005e+02, 1.58783123e-01,
       5.64723389e+02, 3.13962952e+02, 1.63764849e-01, 3.27673370e+02,
       2.61079834e+02, 1.44885466e-01, 9.45052567e+01, 3.70796570e+02,
       2.04946890e-01, 5.66681152e+02, 3.66880646e+02, 1.44261569e-01,
       3.19820068e+02, 2.63038391e+02, 2.28045270e-01, 8.46957092e+01,
       3.78622589e+02, 2.75442094e-01, 9.05617371e+02, 1.80715500e+02,
       2.22507969e-01, 9.15379211e+02, 1.94421509e+02, 9.02101636e-01,
       0., 0., 0., 9.17442444e+02, 2.55132309e+02, 8.16038609e-01,
       5.53806763e+01, 4.00208038e+02, 7.03498721e-02, 5.73250809e+01,
       4.06023102e+02, 8.80135968e-02, 5.73588448e+01, 3.88400055e+02,
       2.65694290e-01, 6.51443787e+01, 4.02109467e+02, 7.02375025e-02,
       0., 0., 0., 0., 0., 0. ]
