%YAML:1.0
---
pose_0: !!opencv-matrix
   rows: 2
   cols: 25
   dt: "3f"
   data: [ 9.17349426e+02, 3.19744904e+02, 8.22105229e-01,
       8.46850220e+02, 2.41425415e+02, 4.00204539e-01, 8.52724609e+02,
       2.14098358e+02, 7.05234408e-01, 7.72412598e+02, 2.92396790e+02,
       6.33793116e-01, 8.54653625e+02, 3.96224976e+02, 7.95126438e-01,
       8.38982788e+02, 2.64983398e+02, 1.59500375e-01, 0., 0., 0., 0.,
       0., 0., 5.88221252e+02, 2.31699448e+02, 1.51393801e-01,
       5.66699524e+02, 2.29729492e+02, 1.03149824e-01, 4.49133789e+02,
       3.10019257e+02, 1.12502888e-01, 3.39433533e+02, 3.19775482e+02,
       1.61650702e-01, 5.94114075e+02, 2.15994766e+02, 9.02785733e-02,
       0., 0., 0., 0., 0., 0., 9.33061035e+02, 3.02220795e+02,
       8.07820439e-01, 0., 0., 0., 9.29150635e+02, 2.51281036e+02,
       8.20577025e-01, 0., 0., 0., 0., 0., 0., 0., 0., 0., 0., 0., 0.,
       0., 0., 0., 0., 0., 0., 3.35474304e+02, 3.17863861e+02,
       1.01639941e-01, 0., 0., 0., 0., 0., 0., 0., 0., 0., 0., 0., 0.,
       0., 0., 0., 7.93952759e+02, 2.72758118e+02, 9.30972099e-02,
       7.31321106e+02, 3.47259247e+02, 7.38699973e-01, 8.23371033e+02,
       4.02141541e+02, 6.83535099e-01, 0., 0., 0., 0., 0., 0., 0., 0.,
       0., 0., 0., 0., 0., 0., 0., 0., 0., 0., 0., 0., 0., 0., 0., 0.,
       0., 0., 0., 0., 0., 0., 0., 0., 0., 0., 0., 0., 0., 0., 0., 0.,
       0., 0., 0., 0., 0., 0., 0., 0., 0., 0., 0. ]
