%YAML:1.0
---
pose_0: !!opencv-matrix
   rows: 1
   cols: 25
   dt: "3f"
   data: [ 9.29053223e+02, 3.60981232e+02, 7.68327713e-01,
       8.23427307e+02, 3.66857880e+02, 7.10363925e-01, 8.19439270e+02,
       2.94349060e+02, 6.72019720e-01, 7.27283325e+02, 2.04273560e+02,
       7.40116477e-01, 7.60683044e+02, 2.72750946e+02, 8.09642851e-01,
       8.35047302e+02, 4.43224060e+02, 5.77440798e-01, 7.88019043e+02,
       5.37283752e+02, 7.64394343e-01, 8.21463562e+02, 4.27617218e+02,
       7.04185188e-01, 5.41210083e+02, 3.90365784e+02, 1.94734022e-01,
       5.39259705e+02, 3.51165710e+02, 2.76246041e-01, 3.35519714e+02,
       3.55081329e+02, 1.66525885e-01, 0., 0., 0., 5.45147827e+02,
       4.37380524e+02, 1.41120970e-01, 3.64875336e+02, 4.82429596e+02,
       1.81726202e-01, 1.67068542e+02, 5.19665649e+02, 1.65690064e-01,
       9.33085205e+02, 3.35547729e+02, 8.67899656e-01, 9.44741211e+02,
       3.72768677e+02, 7.77865589e-01, 9.05637207e+02, 3.10035828e+02,
       6.66491330e-01, 9.31037537e+02, 3.94259216e+02, 1.10434264e-01,
       0., 0., 0., 0., 0., 0., 1.49363678e+02, 5.05932190e+02,
       1.09178782e-01, 0., 0., 0., 0., 0., 0., 0., 0., 0. ]
