%YAML:1.0
---
pose_0: !!opencv-matrix
   rows: 1
   cols: 25
   dt: "3f"
   data: [ 8.72286194e+02, 3.76633789e+02, 8.06901872e-01,
       7.80266113e+02, 4.23660126e+02, 7.07683206e-01, 7.50874268e+02,
       3.84453156e+02, 6.22412562e-01, 6.13722229e+02, 4.13841461e+02,
       1.67951614e-01, 5.68634583e+02, 4.13879547e+02, 9.57422256e-02,
       8.07727234e+02, 4.66792358e+02, 7.30896473e-01, 7.74387939e+02,
       5.70558960e+02, 8.47674251e-01, 7.76379150e+02, 4.43267792e+02,
       8.55013728e-01, 5.23588379e+02, 4.70673157e+02, 3.69929582e-01,
       5.27508057e+02, 4.31457458e+02, 4.06190455e-01, 3.57085083e+02,
       4.31493317e+02, 5.19259214e-01, 1.70921494e+02, 4.37399506e+02,
       5.38684070e-01, 5.25505310e+02, 5.07910889e+02, 4.41942930e-01,
       3.62952637e+02, 5.07954651e+02, 4.79096979e-01, 2.27812729e+02,
       6.35218994e+02, 5.58627546e-01, 8.72355713e+02, 3.64855927e+02,
       8.50259542e-01, 8.84109192e+02, 3.86503571e+02, 8.20624530e-01,
       8.46845032e+02, 3.60943024e+02, 3.44250172e-01, 8.70321655e+02,
       4.15855621e+02, 6.16791844e-01, 1.65070389e+02, 6.29363953e+02,
       1.72068536e-01, 1.74849808e+02, 6.37212036e+02, 1.67219207e-01,
       2.19942154e+02, 6.46993713e+02, 2.79595673e-01, 0., 0., 0., 0.,
       0., 0., 1.59155701e+02, 4.45276367e+02, 3.55863303e-01 ]
