%YAML:1.0
---
pose_0: !!opencv-matrix
   rows: 1
   cols: 25
   dt: "3f"
   data: [ 9.62490295e+02, 2.61096375e+02, 7.91491210e-01,
       8.68315491e+02, 2.59127411e+02, 6.66346788e-01, 8.44893860e+02,
       1.72923431e+02, 5.38473010e-01, 8.15485352e+02, 1.31791672e+02,
       1.31191701e-01, 7.76350830e+02, 8.66812592e+01, 3.02799463e-01,
       8.84081299e+02, 3.53097290e+02, 6.02206588e-01, 7.93927979e+02,
       5.01997131e+02, 7.36545384e-01, 8.09624084e+02, 4.45172729e+02,
       8.19674015e-01, 5.68636536e+02, 3.10068085e+02, 1.76914424e-01,
       5.68649658e+02, 2.64981689e+02, 2.28558943e-01, 3.62939728e+02,
       2.92389191e+02, 2.14392707e-01, 8.86900482e+01, 3.29597290e+02,
       1.11734092e-01, 5.80390869e+02, 3.66857269e+02, 1.53555080e-01,
       3.66832214e+02, 4.00228424e+02, 1.74280703e-01, 1.68987305e+02,
       4.31501984e+02, 1.46621421e-01, 9.78169189e+02, 2.27851532e+02,
       8.46514761e-01, 9.85942810e+02, 2.74830566e+02, 7.57777512e-01,
       9.52631531e+02, 1.94464279e+02, 6.53948247e-01, 0., 0., 0., 0.,
       0., 0., 0., 0., 0., 0., 0., 0., 0., 0., 0., 0., 0., 0., 0., 0.,
       0. ]
