%YAML:1.0
---
pose_0: !!opencv-matrix
   rows: 1
   cols: 25
   dt: "3f"
   data: [ 8.72281860e+02, 1.49410889e+02, 7.90899873e-01,
       7.80210754e+02, 1.67047791e+02, 7.11083412e-01, 7.74351807e+02,
       1.00465973e+02, 7.13043213e-01, 6.64649475e+02, 3.76843491e+01,
       8.52590024e-01, 7.41079651e+02, 7.30138016e+01, 7.92350531e-01,
       7.90023438e+02, 2.41533051e+02, 6.67779446e-01, 6.70511658e+02,
       2.98296356e+02, 7.57999897e-01, 7.41072571e+02, 2.47360184e+02,
       7.82286644e-01, 5.52975464e+02, 1.65105835e+02, 2.03829154e-01,
       5.37306458e+02, 1.29784790e+02, 1.88231766e-01, 0., 0., 0., 0.,
       0., 0., 5.56895447e+02, 2.12062897e+02, 1.40660211e-01, 0., 0.,
       0., 0., 0., 0., 8.84106812e+02, 1.31840363e+02, 8.74581575e-01,
       8.86018677e+02, 1.65043365e+02, 8.58982384e-01, 8.58620361e+02,
       1.16121689e+02, 5.94744980e-01, 8.70343506e+02, 1.92498703e+02,
       5.75484633e-01, 0., 0., 0., 0., 0., 0., 0., 0., 0., 0., 0., 0.,
       0., 0., 0., 0., 0., 0. ]
