%YAML:1.0
---
pose_0: !!opencv-matrix
   rows: 1
   cols: 25
   dt: "3f"
   data: [ 9.70246338e+02, 2.57151398e+02, 8.04986835e-01,
       8.37106384e+02, 2.72861755e+02, 6.44232452e-01, 8.25349731e+02,
       1.94466568e+02, 6.92958713e-01, 7.70412354e+02, 1.67075562e+02,
       4.34158891e-01, 7.07750488e+02, 1.47348602e+02, 7.93500662e-01,
       8.48814880e+02, 3.64839294e+02, 6.09072387e-01, 7.41022522e+02,
       4.53091492e+02, 7.66922176e-01, 8.09628601e+02, 3.49192566e+02,
       7.46027350e-01, 6.09785400e+02, 2.41462387e+02, 2.37402663e-01,
       5.82362610e+02, 2.39498474e+02, 2.34774962e-01, 3.62931610e+02,
       2.49293930e+02, 2.26523101e-01, 1.04316956e+02, 2.76721436e+02,
       1.06736980e-01, 6.25446167e+02, 2.12115311e+02, 1.96830317e-01,
       3.53131378e+02, 2.53238815e+02, 1.56775668e-01, 1.08269524e+02,
       2.76743530e+02, 8.90206620e-02, 9.76177612e+02, 2.37570831e+02,
       8.39142442e-01, 9.82041443e+02, 2.72812683e+02, 7.45029747e-01,
       9.44778687e+02, 2.14084122e+02, 4.31582987e-01, 9.48718445e+02,
       3.04050720e+02, 2.63307154e-01, 0., 0., 0., 0., 0., 0., 0., 0.,
       0., 0., 0., 0., 0., 0., 0., 0., 0., 0. ]
