%YAML:1.0
---
pose_0: !!opencv-matrix
   rows: 1
   cols: 25
   dt: "3f"
   data: [ 9.13432007e+02, 2.37580582e+02, 7.84536123e-01,
       7.95898560e+02, 2.41402725e+02, 6.64943874e-01, 7.91992371e+02,
       1.53339188e+02, 7.18898296e-01, 6.66688599e+02, 1.21941414e+02,
       7.54096508e-01, 5.82329773e+02, 1.80698044e+02, 8.05341125e-01,
       7.97885681e+02, 3.21854187e+02, 6.50642216e-01, 6.84228699e+02,
       3.82459564e+02, 7.79255629e-01, 6.01984802e+02, 3.64903381e+02,
       8.21257114e-01, 5.56871643e+02, 2.72817993e+02, 3.44118178e-01,
       5.56899963e+02, 2.31688614e+02, 4.72215772e-01, 3.66836060e+02,
       2.25781799e+02, 3.20871472e-01, 1.47442856e+02, 2.41449310e+02,
       2.09902793e-01, 5.49052307e+02, 3.13937988e+02, 3.07842642e-01,
       3.35532104e+02, 3.45331238e+02, 4.76082861e-01, 1.57218094e+02,
       3.70762268e+02, 3.99522752e-01, 9.17463562e+02, 2.15986099e+02,
       8.60807002e-01, 9.23255737e+02, 2.55144470e+02, 7.71414518e-01,
       8.93834839e+02, 1.94522919e+02, 6.78031027e-01, 9.01731018e+02,
       2.72913330e+02, 4.16883767e-01, 8.08411484e+01, 3.82561432e+02,
       1.43864080e-01, 9.25533829e+01, 3.88409149e+02, 1.39532074e-01,
       1.41553207e+02, 3.84491302e+02, 2.82221526e-01, 0., 0., 0., 0.,
       0., 0., 0., 0., 0. ]
