%YAML:1.0
---
pose_0: !!opencv-matrix
   rows: 1
   cols: 25
   dt: "3f"
   data: [ 8.84096375e+02, 2.72864624e+02, 8.32475185e-01,
       7.88049622e+02, 2.74764038e+02, 6.67179048e-01, 8.03736328e+02,
       2.25809875e+02, 3.29019308e-01, 9.31008301e+02, 1.80846558e+02,
       7.88016856e-01, 1.01922058e+03, 2.74831421e+02, 6.30671501e-01,
       7.72374817e+02, 3.35432312e+02, 6.07402980e-01, 6.95945557e+02,
       3.82613098e+02, 7.42825389e-01, 5.90199219e+02, 4.47194885e+02,
       8.03396046e-01, 5.43192200e+02, 2.68910004e+02, 3.17461789e-01,
       5.45151062e+02, 2.27816193e+02, 3.94729525e-01, 3.59028229e+02,
       2.17981033e+02, 3.52114409e-01, 3.06140167e+02, 1.80781769e+02,
       1.37794450e-01, 5.47102173e+02, 3.13967468e+02, 2.73515075e-01,
       3.84466827e+02, 3.86446930e+02, 1.64762348e-01, 1.86625198e+02,
       4.53077637e+02, 1.75315842e-01, 8.86057983e+02, 2.53235947e+02,
       7.88281560e-01, 8.97792542e+02, 2.84554169e+02, 7.59625912e-01,
       8.66424011e+02, 2.27818939e+02, 5.59510708e-01, 8.86082275e+02,
       3.04125641e+02, 9.74043608e-02, 1.47452194e+02, 4.29507385e+02,
       7.38217980e-02, 0., 0., 0., 0., 0., 0., 0., 0., 0., 0., 0., 0.,
       0., 0., 0. ]
