%YAML:1.0
---
pose_0: !!opencv-matrix
   rows: 1
   cols: 25
   dt: "3f"
   data: [ 9.95683838e+02, 2.33643433e+02, 8.25737894e-01,
       8.64494019e+02, 2.49282257e+02, 5.62793314e-01, 8.42935364e+02,
       1.59191330e+02, 4.57439005e-01, 7.19525757e+02, 1.02401810e+02,
       1.80455819e-01, 7.09709351e+02, 1.18056000e+02, 3.64194393e-01,
       8.74245544e+02, 3.35525421e+02, 5.70638776e-01, 7.72344482e+02,
       4.58917572e+02, 7.49381423e-01, 8.38982361e+02, 3.31560852e+02,
       7.72027910e-01, 6.39163940e+02, 3.17861389e+02, 1.22498363e-01,
       6.23521729e+02, 3.25716919e+02, 1.42228544e-01, 0., 0., 0., 0.,
       0., 0., 6.70532837e+02, 3.19838104e+02, 1.01650596e-01, 0., 0.,
       0., 0., 0., 0., 9.95851196e+02, 2.06224335e+02, 8.32985520e-01,
       1.00947754e+03, 2.47355927e+02, 7.65884578e-01, 9.62401489e+02,
       1.80676147e+02, 5.82663655e-01, 9.85949402e+02, 2.74685486e+02,
       1.24693215e-01, 0., 0., 0., 0., 0., 0., 0., 0., 0., 0., 0., 0.,
       0., 0., 0., 0., 0., 0. ]
