%YAML:1.0
---
pose_0: !!opencv-matrix
   rows: 1
   cols: 25
   dt: "3f"
   data: [ 8.54600952e+02, 4.53045563e+02, 8.31538439e-01,
       7.74335022e+02, 4.21684143e+02, 7.01180875e-01, 7.72374512e+02,
       3.64885284e+02, 5.83783209e-01, 7.76308167e+02, 3.29602631e+02,
       3.23861659e-01, 8.54730225e+02, 3.06089874e+02, 1.45627007e-01,
       7.76391602e+02, 4.78554413e+02, 6.06786251e-01, 8.21426147e+02,
       5.54859863e+02, 8.31782818e-01, 8.88014099e+02, 6.19535461e+02,
       6.78019881e-01, 5.45148254e+02, 4.29551514e+02, 9.25549716e-02,
       0., 0., 0., 0., 0., 0., 0., 0., 0., 0., 0., 0., 0., 0., 0., 0.,
       0., 0., 8.60553406e+02, 4.31598572e+02, 7.92515457e-01,
       8.70283081e+02, 4.49159149e+02, 3.52858275e-01, 8.37081360e+02,
       3.94280670e+02, 8.21579874e-01, 0., 0., 0., 0., 0., 0., 0., 0.,
       0., 0., 0., 0., 0., 0., 0., 0., 0., 0., 0., 0., 0. ]
