%YAML:1.0
---
pose_0: !!opencv-matrix
   rows: 1
   cols: 25
   dt: "3f"
   data: [ 9.03664368e+02, 3.51252106e+02, 8.17126513e-01,
       8.17418884e+02, 3.27650970e+02, 5.18115938e-01, 8.19392578e+02,
       2.90510803e+02, 6.74741685e-01, 7.91995544e+02, 3.92351898e+02,
       7.99757361e-01, 7.90110291e+02, 5.17742004e+02, 7.53851771e-01,
       8.07684265e+02, 3.53110809e+02, 3.00308198e-01, 7.72358887e+02,
       3.92358917e+02, 6.17590174e-02, 0., 0., 0., 5.74511597e+02,
       2.96327820e+02, 1.55584753e-01, 5.64731384e+02, 3.06097504e+02,
       1.68860406e-01, 3.25709167e+02, 3.55091949e+02, 1.81553304e-01,
       1.51344116e+02, 3.06112335e+02, 1.96635723e-01, 5.82367126e+02,
       2.88500732e+02, 9.82449204e-02, 4.04089905e+02, 3.21811279e+02,
       5.02137169e-02, 0., 0., 0., 9.07572876e+02, 3.33499023e+02,
       8.25342715e-01, 9.13453979e+02, 3.60988525e+02, 7.28329480e-01,
       8.72338379e+02, 3.06187500e+02, 7.85737336e-01, 8.91910095e+02,
       3.82507568e+02, 1.68853045e-01, 0., 0., 0., 0., 0., 0., 0., 0.,
       0., 0., 0., 0., 0., 0., 0., 0., 0., 0. ]
