%YAML:1.0
---
pose_0: !!opencv-matrix
   rows: 1
   cols: 25
   dt: "3f"
   data: [ 1.12307214e+03, 1.76759354e+02, 5.79316974e-01,
       9.35003296e+02, 1.78800293e+02, 3.62675667e-01, 9.25199707e+02,
       7.49404831e+01, 3.05636078e-01, 7.90050354e+02, 1.80939941e+01,
       2.54954517e-01, 6.98002441e+02, 2.79403744e+01, 4.33187902e-01,
       9.48781189e+02, 2.86505219e+02, 4.41055834e-01, 7.99815369e+02,
       3.66787384e+02, 2.92131394e-01, 6.13689819e+02, 4.13789795e+02,
       6.80349648e-01, 6.31321533e+02, 2.63030579e+02, 5.34821115e-02,
       0., 0., 0., 0., 0., 0., 0., 0., 0., 0., 0., 0., 0., 0., 0., 0.,
       0., 0., 1.12311646e+03, 1.45468582e+02, 5.62773883e-01,
       1.13876111e+03, 1.84679749e+02, 3.76712143e-01, 1.07804749e+03,
       1.02333176e+02, 1.53472811e-01, 0., 0., 0., 0., 0., 0., 0., 0.,
       0., 0., 0., 0., 0., 0., 0., 0., 0., 0., 0., 0., 0. ]
