%YAML:1.0
---
pose_0: !!opencv-matrix
   rows: 1
   cols: 25
   dt: "3f"
   data: [ 1.10938318e+03, 1.96427368e+02, 5.60206212e-02,
       9.76126831e+02, 1.82729019e+02, 3.78167152e-01, 9.95705811e+02,
       2.10139389e+02, 3.12653869e-01, 1.04475220e+03, 3.00242249e+02,
       3.16814601e-01, 1.15442188e+03, 2.23828552e+02, 6.46154881e-02,
       9.58510925e+02, 1.55263367e+02, 2.31016621e-01, 9.95703125e+02,
       2.90432312e+02, 9.92518440e-02, 0., 0., 0., 8.31175537e+02,
       2.82608734e+02, 6.07907325e-02, 0., 0., 0., 0., 0., 0., 0., 0.,
       0., 0., 0., 0., 0., 0., 0., 0., 0., 0., 0., 0., 0., 0., 0., 0.,
       1.11911841e+03, 1.80706955e+02, 2.66678870e-01, 0., 0., 0., 0.,
       0., 0., 0., 0., 0., 0., 0., 0., 0., 0., 0., 0., 0., 0., 0., 0.,
       0. ]
