%YAML:1.0
---
pose_0: !!opencv-matrix
   rows: 2
   cols: 25
   dt: "3f"
   data: [ 8.84081116e+02, 3.53170746e+02, 7.75224566e-01,
       8.05728088e+02, 3.08107452e+02, 4.28321242e-01, 8.19362915e+02,
       2.76709625e+02, 7.05993772e-01, 7.11606689e+02, 2.88493713e+02,
       7.71604419e-01, 7.27415894e+02, 4.17775665e+02, 8.02017570e-01,
       7.95913574e+02, 3.41392151e+02, 1.80962101e-01, 0., 0., 0., 0.,
       0., 0., 5.00065582e+02, 3.33496216e+02, 3.71494234e-01,
       4.98109436e+02, 3.02202698e+02, 3.90584737e-01, 3.45316895e+02,
       3.74692810e+02, 5.54658234e-01, 1.25859657e+02, 3.49257599e+02,
       5.04488170e-01, 5.05925140e+02, 3.57042328e+02, 3.08648974e-01,
       4.13842194e+02, 3.84508301e+02, 8.20019543e-02, 0., 0., 0.,
       8.99802612e+02, 3.33538422e+02, 7.11952209e-01, 9.01713074e+02,
       3.66819794e+02, 7.88500667e-01, 8.82122253e+02, 2.98256104e+02,
       7.11440682e-01, 0., 0., 0., 0., 0., 0., 0., 0., 0., 0., 0., 0.,
       8.27341309e+01, 3.53159119e+02, 1.07140861e-01, 8.08245544e+01,
       3.45288513e+02, 1.13731779e-01, 1.08268806e+02, 3.47260040e+02,
       3.31896782e-01, 0., 0., 0., 0., 0., 0., 0., 0., 0., 0., 0., 0.,
       0., 0., 0., 6.66585693e+02, 3.37425415e+02, 1.09867372e-01,
       6.33285400e+02, 3.64917114e+02, 5.70400059e-01, 6.66618958e+02,
       4.72684998e+02, 7.46193469e-01, 0., 0., 0., 0., 0., 0., 0., 0.,
       0., 0., 0., 0., 0., 0., 0., 0., 0., 0., 0., 0., 0., 0., 0., 0.,
       0., 0., 0., 0., 0., 0., 0., 0., 0., 0., 0., 0., 0., 0., 0., 0.,
       0., 0., 0., 0., 0., 0., 0., 0., 0., 0., 0. ]
