%YAML:1.0
---
pose_0: !!opencv-matrix
   rows: 1
   cols: 25
   dt: "3f"
   data: [ 8.33133789e+02, 2.43472992e+02, 4.41382051e-01,
       7.62628967e+02, 2.92397644e+02, 4.85914737e-01, 7.56696716e+02,
       2.72790405e+02, 1.75170094e-01, 7.31238892e+02, 2.29742111e+02,
       1.67416289e-01, 0., 0., 0., 7.74377747e+02, 3.12009003e+02,
       5.89114249e-01, 7.33249878e+02, 2.39454971e+02, 4.58051115e-01,
       8.23335632e+02, 2.27855225e+02, 4.44881856e-01, 5.41203308e+02,
       3.51184418e+02, 2.11887643e-01, 5.37287292e+02, 3.17848938e+02,
       2.49788597e-01, 3.51191620e+02, 2.74854919e+02, 1.55782580e-01,
       0., 0., 0., 5.27512573e+02, 3.82530731e+02, 1.26627833e-01,
       3.70770569e+02, 4.60843781e+02, 2.56554067e-01, 0., 0., 0.,
       8.58576111e+02, 2.41412216e+02, 2.90804267e-01, 8.44877869e+02,
       2.61071869e+02, 5.06858408e-01, 0., 0., 0., 8.37007690e+02,
       2.90453674e+02, 8.64712715e-01, 0., 0., 0., 0., 0., 0., 0., 0.,
       0., 0., 0., 0., 0., 0., 0., 0., 0., 0. ]
