%YAML:1.0
---
pose_0: !!opencv-matrix
   rows: 1
   cols: 25
   dt: "3f"
   data: [ 1.02122192e+03, 2.23844376e+02, 6.11857474e-01,
       8.84122559e+02, 2.57111755e+02, 4.47421819e-01, 8.70370789e+02,
       1.80722260e+02, 1.90443709e-01, 6.86217896e+02, 1.14117035e+02,
       5.32572269e-01, 5.70522827e+02, 7.10094147e+01, 8.01904559e-01,
       8.86077576e+02, 3.17845337e+02, 4.40321892e-01, 9.52634277e+02,
       3.76661804e+02, 6.50352061e-01, 1.04284766e+03, 2.90461182e+02,
       7.87387967e-01, 5.74516602e+02, 2.39511078e+02, 8.92756432e-02,
       5.68645386e+02, 2.08178574e+02, 9.46289524e-02, 3.55111877e+02,
       2.02290161e+02, 5.07719889e-02, 2.70837311e+02, 1.98356491e+02,
       6.21253401e-02, 5.64724121e+02, 2.80652222e+02, 7.12002367e-02,
       4.58935669e+02, 3.21783447e+02, 1.00634769e-01, 0., 0., 0.,
       1.03884607e+03, 2.10038818e+02, 6.44767523e-01, 1.04078186e+03,
       2.39501877e+02, 3.57659280e-01, 9.95763489e+02, 1.70945221e+02,
       2.57037938e-01, 1.02703735e+03, 2.74717987e+02, 1.83784395e-01,
       0., 0., 0., 0., 0., 0., 0., 0., 0., 0., 0., 0., 0., 0., 0., 0.,
       0., 0. ]
