%YAML:1.0
---
pose_0: !!opencv-matrix
   rows: 1
   cols: 25
   dt: "3f"
   data: [ 8.70386292e+02, 2.41418716e+02, 8.13767552e-01,
       8.01769165e+02, 2.90484985e+02, 5.28402746e-01, 8.05648254e+02,
       2.72830841e+02, 1.54299214e-01, 0., 0., 0., 0., 0., 0.,
       7.97856384e+02, 3.13952362e+02, 5.25169611e-01, 6.99891113e+02,
       2.76802063e+02, 7.04309523e-01, 7.95932861e+02, 2.06163834e+02,
       6.89267516e-01, 5.49041809e+02, 3.23747009e+02, 2.92260677e-01,
       5.41205688e+02, 2.88527344e+02, 2.96144247e-01, 3.39428772e+02,
       3.08106293e+02, 2.02483103e-01, 1.31766632e+02, 3.68868225e+02,
       6.57300577e-02, 5.45158875e+02, 3.62951508e+02, 2.97732979e-01,
       4.00147156e+02, 3.49202972e+02, 9.61678028e-02, 0., 0., 0.,
       8.82118347e+02, 2.29739517e+02, 7.91634619e-01, 8.89950928e+02,
       2.59014618e+02, 8.33995819e-01, 0., 0., 0., 8.78178467e+02,
       3.02191467e+02, 7.89322019e-01, 0., 0., 0., 0., 0., 0., 0., 0.,
       0., 8.66682129e+01, 3.94299683e+02, 9.95068848e-02,
       8.66393738e+01, 3.90384705e+02, 1.01551525e-01, 0., 0., 0. ]
