%YAML:1.0
---
pose_0: !!opencv-matrix
   rows: 1
   cols: 25
   dt: "3f"
   data: [ 9.21299927e+02, 1.80727936e+02, 7.49498188e-01,
       8.23410461e+02, 2.41524689e+02, 7.35663652e-01, 7.97874756e+02,
       1.82733795e+02, 6.65511489e-01, 7.42959961e+02, 1.68973236e+02,
       3.99143249e-01, 6.92074524e+02, 1.47373871e+02, 6.98919058e-01,
       8.50777954e+02, 3.06113892e+02, 6.59343958e-01, 7.37093323e+02,
       4.02179596e+02, 6.80433571e-01, 5.98026794e+02, 4.29509033e+02,
       7.79624999e-01, 5.54928589e+02, 2.72826813e+02, 1.15414478e-01,
       5.41213257e+02, 2.43434753e+02, 1.60554111e-01, 3.12005554e+02,
       3.15914490e+02, 1.95286542e-01, 8.46779938e+01, 3.80551971e+02,
       2.99697727e-01, 5.51022278e+02, 3.37475586e+02, 9.09521878e-02,
       3.35511475e+02, 2.39492493e+02, 7.38006756e-02, 1.39577942e+02,
       2.55133774e+02, 1.44640535e-01, 9.35008972e+02, 1.76768768e+02,
       5.84078133e-01, 9.46719910e+02, 2.00381500e+02, 8.19634557e-01,
       0., 0., 0., 9.32974365e+02, 2.47399628e+02, 8.24550033e-01, 0.,
       0., 0., 0., 0., 0., 1.27830894e+02, 2.68913361e+02,
       1.09440476e-01, 4.55526619e+01, 4.09952362e+02, 2.57586479e-01,
       4.75129356e+01, 4.00139496e+02, 2.46053055e-01, 0., 0., 0. ]
