%YAML:1.0
---
pose_0: !!opencv-matrix
   rows: 1
   cols: 25
   dt: "3f"
   data: [ 8.86085083e+02, 1.80758453e+02, 8.14394116e-01,
       7.78259827e+02, 1.96478745e+02, 7.04893529e-01, 7.64574524e+02,
       1.18069687e+02, 6.79712117e-01, 6.50864502e+02, 6.70899963e+01,
       7.99328923e-01, 5.70524292e+02, 9.06454315e+01, 7.51983285e-01,
       7.88071655e+02, 2.76714905e+02, 6.88414931e-01, 6.66693298e+02,
       3.21736511e+02, 8.11495543e-01, 5.54888611e+02, 3.66905029e+02,
       8.03409755e-01, 5.66679321e+02, 2.17981613e+02, 1.73361108e-01,
       5.51013550e+02, 1.70960693e+02, 2.01007828e-01, 3.59011444e+02,
       1.78788071e+02, 1.01435170e-01, 0., 0., 0., 5.68652039e+02,
       2.63055847e+02, 1.83141887e-01, 3.39427856e+02, 2.86512482e+02,
       2.33434349e-01, 1.18016228e+02, 3.06079071e+02, 4.26822096e-01,
       8.88032104e+02, 1.63021011e+02, 8.51291060e-01, 9.01682495e+02,
       1.96422424e+02, 7.52144575e-01, 8.58620667e+02, 1.43465714e+02,
       6.76422179e-01, 8.84049377e+02, 2.21880035e+02, 4.90902066e-01,
       0., 0., 0., 0., 0., 0., 1.02385391e+02, 3.04211426e+02,
       3.26477796e-01, 0., 0., 0., 0., 0., 0., 0., 0., 0. ]
