%YAML:1.0
---
pose_0: !!opencv-matrix
   rows: 1
   cols: 25
   dt: "3f"
   data: [ 9.13378662e+02, 4.37409607e+02, 7.67287791e-01,
       8.07648865e+02, 4.43257294e+02, 6.77568078e-01, 7.95914795e+02,
       3.68792572e+02, 7.12888598e-01, 6.80306396e+02, 3.08094360e+02,
       8.20664823e-01, 7.48931641e+02, 2.82633240e+02, 7.81710446e-01,
       8.07649292e+02, 5.21641724e+02, 5.60853183e-01, 6.82273804e+02,
       5.86301758e+02, 8.53172541e-01, 7.92032410e+02, 5.70690613e+02,
       7.82962441e-01, 5.43180908e+02, 4.60842346e+02, 2.87629068e-01,
       5.51023926e+02, 4.15800293e+02, 4.01715666e-01, 3.53147003e+02,
       3.84462372e+02, 1.87730625e-01, 0., 0., 0., 5.43201538e+02,
       5.04006378e+02, 2.61193156e-01, 3.78579041e+02, 5.07837982e+02,
       3.59982729e-01, 0., 0., 0., 9.17458984e+02, 4.15934387e+02,
       8.68814707e-01, 9.25235107e+02, 4.54994019e+02, 7.40254998e-01,
       8.97764465e+02, 3.96238495e+02, 6.49035037e-01, 9.09531738e+02,
       4.74559113e+02, 2.91489959e-01, 0., 0., 0., 0., 0., 0., 0., 0.,
       0., 0., 0., 0., 0., 0., 0., 0., 0., 0. ]
