%YAML:1.0
---
pose_0: !!opencv-matrix
   rows: 1
   cols: 25
   dt: "3f"
   data: [ 8.99656860e+02, 3.68913879e+02, 8.29619467e-01,
       7.84120117e+02, 3.86471130e+02, 6.34672105e-01, 7.80256714e+02,
       3.17889038e+02, 6.66535974e-01, 6.60749512e+02, 2.59155151e+02,
       7.91102171e-01, 7.62583984e+02, 2.76787567e+02, 8.11035156e-01,
       7.84165405e+02, 4.68760742e+02, 5.51257968e-01, 6.66555176e+02,
       5.27492493e+02, 8.21127713e-01, 7.48859131e+02, 5.09788147e+02,
       8.08267832e-01, 5.33397156e+02, 4.29568848e+02, 3.10365349e-01,
       5.29490723e+02, 3.82556335e+02, 4.30938512e-01, 3.39448059e+02,
       3.53145538e+02, 4.57512379e-01, 0., 0., 0., 5.39256775e+02,
       4.76506348e+02, 3.70224178e-01, 3.68828979e+02, 5.02034088e+02,
       3.90047491e-01, 1.61153717e+02, 5.11847961e+02, 9.63625908e-02,
       9.03695313e+02, 3.53063446e+02, 8.61255825e-01, 9.13447083e+02,
       3.86425751e+02, 8.04949999e-01, 8.78201599e+02, 3.31602692e+02,
       6.37943029e-01, 8.89974670e+02, 4.11908783e+02, 3.88297409e-01,
       0., 0., 0., 0., 0., 0., 0., 0., 0., 0., 0., 0., 0., 0., 0., 0.,
       0., 0. ]
