%YAML:1.0
---
pose_0: !!opencv-matrix
   rows: 1
   cols: 25
   dt: "3f"
   data: [ 1.04272681e+03, 2.55227692e+02, 7.42443800e-01,
       9.01670593e+02, 2.59129791e+02, 4.72311437e-01, 8.99716858e+02,
       1.65030975e+02, 5.32960176e-01, 7.35168396e+02, 1.06295578e+02,
       4.80849564e-01, 6.19627625e+02, 1.16071991e+02, 7.35981822e-01,
       9.01683167e+02, 3.55128571e+02, 4.93936747e-01, 7.56695374e+02,
       4.33452942e+02, 4.72698003e-01, 6.15697388e+02, 4.31426788e+02,
       7.26765156e-01, 0., 0., 0., 0., 0., 0., 0., 0., 0., 0., 0., 0.,
       0., 0., 0., 0., 0., 0., 0., 0., 0., 1.05650696e+03,
       2.27741302e+02, 8.45504045e-01, 1.06238489e+03, 2.74732208e+02,
       6.07951462e-01, 1.02313824e+03, 1.94391373e+02, 3.55259418e-01,
       1.04474048e+03, 3.04142029e+02, 7.78068528e-02, 0., 0., 0., 0.,
       0., 0., 0., 0., 0., 0., 0., 0., 0., 0., 0., 0., 0., 0. ]
