%YAML:1.0
---
pose_0: !!opencv-matrix
   rows: 1
   cols: 25
   dt: "3f"
   data: [ 9.80055359e+02, 2.80646057e+02, 8.23746264e-01,
       8.48799500e+02, 3.29656281e+02, 6.43578053e-01, 8.19403198e+02,
       2.57210876e+02, 6.76722288e-01, 6.94019165e+02, 2.55171997e+02,
       6.08800948e-01, 5.86289551e+02, 2.21873245e+02, 8.00639451e-01,
       8.74242676e+02, 4.00207306e+02, 6.20014906e-01, 7.41055481e+02,
       4.60911285e+02, 7.74393678e-01, 7.13602783e+02, 3.21840363e+02,
       6.81397080e-01, 5.64730835e+02, 3.55135040e+02, 1.80376589e-01,
       5.68658508e+02, 3.19826874e+02, 2.07131863e-01, 3.43323853e+02,
       2.16039063e+02, 2.19204471e-01, 0., 0., 0., 5.84320251e+02,
       4.08012604e+02, 1.36748433e-01, 3.37446655e+02, 2.21859299e+02,
       5.96223474e-01, 1.74846130e+02, 3.02213501e+02, 5.70468009e-01,
       9.80105591e+02, 2.59117889e+02, 8.45609069e-01, 9.93819702e+02,
       3.00197266e+02, 8.32686901e-01, 9.36973083e+02, 2.43463379e+02,
       3.52906704e-01, 9.78138977e+02, 3.35582489e+02, 5.22916675e-01,
       1.49386078e+02, 2.57113220e+02, 1.80551529e-01, 1.47422501e+02,
       2.70860596e+02, 1.73529968e-01, 1.61133255e+02, 3.19831116e+02,
       3.88115823e-01, 0., 0., 0., 0., 0., 0., 0., 0., 0. ]
