%YAML:1.0
---
pose_0: !!opencv-matrix
   rows: 1
   cols: 25
   dt: "3f"
   data: [ 8.99742798e+02, 3.35456696e+02, 8.54992151e-01,
       8.03746033e+02, 3.70765167e+02, 4.80092019e-01, 7.76317932e+02,
       3.35467865e+02, 3.10829252e-01, 0., 0., 0., 0., 0., 0.,
       8.33147339e+02, 4.17805817e+02, 5.96978366e-01, 7.70384216e+02,
       4.94286591e+02, 8.12205613e-01, 8.25268311e+02, 3.78611908e+02,
       7.63644397e-01, 5.70609070e+02, 4.06037964e+02, 9.27236825e-02,
       0., 0., 0., 0., 0., 0., 0., 0., 0., 0., 0., 0., 0., 0., 0., 0.,
       0., 0., 9.03636292e+02, 3.19792267e+02, 8.61516118e-01,
       9.15382019e+02, 3.49236298e+02, 8.56747627e-01, 8.80123657e+02,
       3.06194733e+02, 2.44562119e-01, 9.01788818e+02, 3.82462219e+02,
       6.26558125e-01, 0., 0., 0., 0., 0., 0., 0., 0., 0., 0., 0., 0.,
       0., 0., 0., 0., 0., 0. ]
