%YAML:1.0
---
pose_0: !!opencv-matrix
   rows: 1
   cols: 25
   dt: "3f"
   data: [ 9.33066772e+02, 2.84528381e+02, 8.11903000e-01,
       8.21345215e+02, 3.06133209e+02, 6.72526121e-01, 7.99838257e+02,
       2.33616959e+02, 5.30940711e-01, 0., 0., 0., 0., 0., 0.,
       8.33102600e+02, 3.82487579e+02, 6.44590259e-01, 7.41038635e+02,
       4.07991058e+02, 4.98653054e-01, 5.92163147e+02, 3.84421844e+02,
       7.03976035e-01, 5.35350525e+02, 3.10037354e+02, 9.33865681e-02,
       5.37290466e+02, 2.74773285e+02, 1.28274202e-01, 3.31587219e+02,
       3.02193146e+02, 2.49355465e-01, 1.08260635e+02, 3.19805511e+02,
       8.92871991e-02, 5.27507385e+02, 3.51177765e+02, 5.78460321e-02,
       3.57068054e+02, 3.66894653e+02, 6.23174906e-02, 1.80715317e+02,
       3.64897614e+02, 1.20145068e-01, 9.36975281e+02, 2.59153198e+02,
       8.55104566e-01, 9.48655151e+02, 2.98315735e+02, 8.31706703e-01,
       9.09502197e+02, 2.41392868e+02, 5.94916940e-01, 9.29106995e+02,
       3.23749268e+02, 2.49525934e-01, 1.02370552e+02, 3.80550262e+02,
       1.26499131e-01, 1.12173500e+02, 3.86437408e+02, 1.17807843e-01,
       0., 0., 0., 7.10354462e+01, 3.11976563e+02, 1.09188080e-01,
       7.09753418e+01, 3.06102448e+02, 1.04606763e-01, 0., 0., 0. ]
