%YAML:1.0
---
pose_0: !!opencv-matrix
   rows: 1
   cols: 25
   dt: "3f"
   data: [ 9.01657837e+02, 4.17857300e+02, 7.83718467e-01,
       8.39059937e+02, 4.64840515e+02, 4.83761728e-01, 8.37004150e+02,
       4.45198029e+02, 3.42719018e-01, 8.37073730e+02, 3.58995605e+02,
       7.58420452e-02, 0., 0., 0., 8.50724854e+02, 4.94212494e+02,
       5.22068560e-01, 8.37045593e+02, 3.57046539e+02, 6.35767519e-01,
       8.25310120e+02, 3.08073273e+02, 1.97584167e-01, 7.46922058e+02,
       4.88334015e+02, 9.11317691e-02, 7.56726318e+02, 4.60915894e+02,
       8.39610919e-02, 0., 0., 0., 0., 0., 0., 7.54757507e+02,
       5.23579590e+02, 8.32275972e-02, 0., 0., 0., 0., 0., 0.,
       9.13419189e+02, 4.04075836e+02, 8.48930120e-01, 9.17426636e+02,
       4.35459625e+02, 8.37410927e-01, 8.99755371e+02, 3.98288361e+02,
       1.92064255e-01, 9.11482056e+02, 4.74567841e+02, 5.84737182e-01,
       0., 0., 0., 0., 0., 0., 0., 0., 0., 0., 0., 0., 0., 0., 0., 0.,
       0., 0. ]
