%YAML:1.0
---
pose_0: !!opencv-matrix
   rows: 1
   cols: 25
   dt: "3f"
   data: [ 8.87962280e+02, 2.84553711e+02, 8.09623301e-01,
       7.80237244e+02, 2.70854462e+02, 6.56837106e-01, 7.90043701e+02,
       1.96378799e+02, 6.81832135e-01, 7.23384277e+02, 1.00371475e+02,
       7.56714284e-01, 7.56705383e+02, 2.29698730e+02, 7.90610909e-01,
       7.58693909e+02, 3.37460907e+02, 5.75779378e-01, 6.50939758e+02,
       3.62903351e+02, 6.96478784e-01, 5.55010986e+02, 3.82546936e+02,
       8.51283073e-01, 5.37306091e+02, 2.72800232e+02, 2.68220633e-01,
       5.39270508e+02, 2.27736053e+02, 2.97594100e-01, 3.23788544e+02,
       2.23839157e+02, 3.42766881e-01, 1.74838852e+02, 1.47398834e+02,
       3.84005487e-01, 5.37318481e+02, 3.12012054e+02, 3.24489772e-01,
       3.43324005e+02, 3.70840393e+02, 5.13451159e-01, 1.57231415e+02,
       3.64895721e+02, 3.54600757e-01, 8.88056396e+02, 2.61039764e+02,
       8.29288065e-01, 9.03632324e+02, 2.88534393e+02, 7.81152248e-01,
       8.60563965e+02, 2.39519608e+02, 6.61573410e-01, 8.84080200e+02,
       3.08119873e+02, 1.60609633e-01, 1.18046669e+02, 4.31552673e+02,
       2.47563347e-01, 1.18062927e+02, 4.33440247e+02, 2.05044538e-01,
       1.31732773e+02, 3.49211365e+02, 2.94801831e-01, 0., 0., 0., 0.,
       0., 0., 1.63063309e+02, 1.43518753e+02, 1.56476110e-01 ]
