%YAML:1.0
---
pose_0: !!opencv-matrix
   rows: 2
   cols: 25
   dt: "3f"
   data: [ 9.29101746e+02, 3.68805054e+02, 7.32208669e-01,
       8.54643127e+02, 2.86493500e+02, 4.64349091e-01, 8.62489380e+02,
       2.68906342e+02, 6.82977736e-01, 7.54742981e+02, 3.47261749e+02,
       7.09076941e-01, 8.19431702e+02, 4.45132721e+02, 7.95079410e-01,
       8.40950745e+02, 3.10068298e+02, 2.13067994e-01, 7.74375671e+02,
       3.59022858e+02, 5.19724153e-02, 0., 0., 0., 5.41218933e+02,
       2.80660889e+02, 2.39991397e-01, 5.41228943e+02, 2.74770386e+02,
       2.79514998e-01, 2.98295929e+02, 3.37466187e+02, 2.31424123e-01,
       1.31736893e+02, 3.08079926e+02, 1.64331883e-01, 5.41217651e+02,
       2.86536102e+02, 1.60936132e-01, 3.19802094e+02, 3.27666992e+02,
       1.39866665e-01, 1.29794342e+02, 3.06122375e+02, 1.41858786e-01,
       9.46801453e+02, 3.59007446e+02, 7.45983839e-01, 0., 0., 0.,
       9.46801392e+02, 3.17913574e+02, 8.65877926e-01, 0., 0., 0., 0.,
       0., 0., 0., 0., 0., 0., 0., 0., 1.12161354e+02, 4.11854187e+02,
       5.28447852e-02, 0., 0., 0., 0., 0., 0., 0., 0., 0., 0., 0., 0.,
       0., 0., 0., 0., 0., 0., 0., 0., 0., 7.17566345e+02,
       3.02200623e+02, 5.24009392e-02, 6.97976074e+02, 3.60965515e+02,
       6.50392175e-01, 7.72349854e+02, 4.29594940e+02, 7.55465031e-01,
       0., 0., 0., 0., 0., 0., 0., 0., 0., 0., 0., 0., 0., 0., 0., 0.,
       0., 0., 0., 0., 0., 0., 0., 0., 0., 0., 0., 0., 0., 0., 0., 0.,
       0., 0., 0., 0., 0., 0., 0., 0., 0., 0., 0., 0., 0., 0., 0., 0.,
       0., 0., 0. ]
