%YAML:1.0
---
pose_0: !!opencv-matrix
   rows: 1
   cols: 25
   dt: "3f"
   data: [ 8.99720825e+02, 3.76669067e+02, 7.89210677e-01,
       7.90026367e+02, 3.53095184e+02, 7.13903189e-01, 7.88018066e+02,
       2.74814697e+02, 6.27415240e-01, 6.64663818e+02, 2.10139908e+02,
       8.31699848e-01, 7.45052063e+02, 2.37565414e+02, 7.48611808e-01,
       7.88072815e+02, 4.29547913e+02, 5.87097883e-01, 6.82295410e+02,
       5.07932648e+02, 8.50667000e-01, 7.91980164e+02, 5.07950806e+02,
       8.25003743e-01, 5.41210266e+02, 4.11885254e+02, 3.77797365e-01,
       5.29465698e+02, 3.64882019e+02, 4.67440367e-01, 3.59018402e+02,
       3.66841827e+02, 2.39371032e-01, 1.51379562e+02, 3.59001129e+02,
       3.72842312e-01, 5.56864258e+02, 4.55014648e+02, 4.64433342e-01,
       3.70807770e+02, 4.86354218e+02, 4.73758519e-01, 1.88583328e+02,
       5.25595825e+02, 3.82730722e-01, 9.15440979e+02, 3.53092499e+02,
       8.81011486e-01, 9.15404114e+02, 3.86450684e+02, 7.42869914e-01,
       8.87978394e+02, 3.17880035e+02, 7.77291000e-01, 0., 0., 0.,
       1.21961227e+02, 5.72594238e+02, 2.41451055e-01, 0., 0., 0.,
       1.61136826e+02, 5.25541138e+02, 1.93950385e-01, 1.08241508e+02,
       3.21801025e+02, 1.19036660e-01, 0., 0., 0., 1.39610046e+02,
       3.68770355e+02, 2.90914297e-01 ]
