%YAML:1.0
---
pose_0: !!opencv-matrix
   rows: 1
   cols: 25
   dt: "3f"
   data: [ 8.97762329e+02, 4.68716431e+02, 8.05040359e-01,
       8.01765442e+02, 4.80454956e+02, 6.74590588e-01, 8.03769897e+02,
       4.11885895e+02, 7.13347793e-01, 7.54787659e+02, 3.49201752e+02,
       7.62503505e-01, 7.25344116e+02, 2.74709503e+02, 8.07341158e-01,
       7.92051453e+02, 5.47080811e+02, 6.64322495e-01, 7.23390381e+02,
       6.41168518e+02, 7.35722542e-01, 8.33089966e+02, 6.37277893e+02,
       5.43387055e-01, 5.88260498e+02, 4.78535675e+02, 2.62672454e-01,
       5.94105469e+02, 4.41309052e+02, 2.99686670e-01, 4.17784637e+02,
       4.47169586e+02, 1.38976246e-01, 3.76648071e+02, 4.33492096e+02,
       6.89730048e-02, 5.78420410e+02, 5.23569214e+02, 2.21801028e-01,
       4.00158813e+02, 5.39270142e+02, 2.26228476e-01, 1.80771362e+02,
       5.37323303e+02, 8.89028087e-02, 9.03618286e+02, 4.58872162e+02,
       8.73336732e-01, 9.11501160e+02, 4.88321899e+02, 7.77667046e-01,
       8.85986023e+02, 4.45203583e+02, 4.53328609e-01, 8.87976868e+02,
       5.11850952e+02, 5.18235445e-01, 0., 0., 0., 0., 0., 0., 0., 0.,
       0., 0., 0., 0., 0., 0., 0., 0., 0., 0. ]
