%YAML:1.0
---
pose_0: !!opencv-matrix
   rows: 1
   cols: 25
   dt: "3f"
   data: [ 8.80156433e+02, 3.51181732e+02, 6.38776720e-01,
       7.90072449e+02, 3.47294464e+02, 7.27378070e-01, 7.88024719e+02,
       2.72750854e+02, 7.02851772e-01, 6.52864319e+02, 2.12170731e+02,
       8.14820230e-01, 7.27295044e+02, 2.29681839e+02, 8.30395579e-01,
       7.90048706e+02, 4.27558746e+02, 6.26670778e-01, 6.78331116e+02,
       4.80547607e+02, 7.89353371e-01, 7.78273743e+02, 4.80508087e+02,
       7.07379043e-01, 5.39234436e+02, 3.72747375e+02, 3.18165183e-01,
       5.39277222e+02, 3.33522339e+02, 4.20660466e-01, 3.62951324e+02,
       3.60956604e+02, 3.24261189e-01, 1.65033325e+02, 3.62960999e+02,
       2.45444119e-01, 5.37312927e+02, 4.17829407e+02, 3.72541070e-01,
       3.78618988e+02, 4.72630859e+02, 3.73926342e-01, 1.86606506e+02,
       5.25534607e+02, 4.69289333e-01, 9.03647949e+02, 3.31549774e+02,
       7.03474700e-01, 8.97795410e+02, 3.68720978e+02, 7.00644433e-01,
       8.85988098e+02, 3.04223602e+02, 6.67014480e-01, 0., 0., 0.,
       1.21979828e+02, 5.74529358e+02, 4.24626052e-01, 1.27840385e+02,
       5.74511353e+02, 4.37268794e-01, 1.63105408e+02, 5.21636475e+02,
       2.27491602e-01, 1.51364319e+02, 3.60982300e+02, 1.14527322e-01,
       1.51364883e+02, 3.55098633e+02, 1.32349178e-01, 0., 0., 0. ]
