%YAML:1.0
---
pose_0: !!opencv-matrix
   rows: 2
   cols: 25
   dt: "3f"
   data: [ 9.44827148e+02, 2.43431015e+02, 7.00090289e-01,
       8.52769043e+02, 3.25713440e+02, 4.14035082e-01, 0., 0., 0., 0.,
       0., 0., 0., 0., 0., 8.52755188e+02, 3.35513519e+02,
       4.09630418e-01, 7.44999390e+02, 2.92453766e+02, 6.74746811e-01,
       6.78311646e+02, 1.76800659e+02, 7.97300756e-01, 5.45141602e+02,
       3.60990051e+02, 1.00961559e-01, 5.43168579e+02, 3.41389038e+02,
       8.72629061e-02, 3.04158417e+02, 3.51211578e+02, 1.81552544e-01,
       9.64875870e+01, 4.19738831e+02, 2.05032706e-01, 5.47114441e+02,
       3.88405548e+02, 9.12397876e-02, 3.90370605e+02, 3.55111572e+02,
       7.18267933e-02, 8.47320251e+01, 4.25626312e+02, 1.17224045e-01,
       9.64395813e+02, 2.55167068e+02, 1.01325266e-01, 9.64318420e+02,
       2.59114990e+02, 8.78766954e-01, 0., 0., 0., 9.44738281e+02,
       3.17918671e+02, 8.28918219e-01, 5.14135780e+01, 4.53035461e+02,
       8.22310373e-02, 5.53794861e+01, 4.53060577e+02, 1.07558079e-01,
       6.51419830e+01, 4.31552338e+02, 9.60094631e-02, 5.34090271e+01,
       4.49123749e+02, 1.87443793e-01, 5.33963814e+01, 4.43232178e+02,
       1.80599958e-01, 7.88611908e+01, 4.31497681e+02, 1.31696254e-01,
       0., 0., 0., 0., 0., 0., 8.40974243e+02, 2.98282349e+02,
       1.26592278e-01, 7.03851868e+02, 3.04159393e+02, 2.23864362e-01,
       6.21540039e+02, 2.74773926e+02, 6.64704442e-01, 0., 0., 0., 0.,
       0., 0., 0., 0., 0., 0., 0., 0., 0., 0., 0., 0., 0., 0., 0., 0.,
       0., 0., 0., 0., 0., 0., 0., 0., 0., 0., 0., 0., 0., 0., 0., 0.,
       0., 0., 0., 0., 0., 0., 0., 0., 0., 0., 0., 0., 0., 0., 0., 0.,
       0., 0., 0., 0., 0., 0., 0., 0. ]
