%YAML:1.0
---
pose_0: !!opencv-matrix
   rows: 1
   cols: 25
   dt: "3f"
   data: [ 8.68415222e+02, 1.29752716e+02, 7.44513512e-01,
       7.62569214e+02, 1.31790451e+02, 6.92766964e-01, 7.56707275e+02,
       5.73644714e+01, 5.82005203e-01, 0., 0., 0., 0., 0., 0.,
       7.68494080e+02, 2.06189072e+02, 6.21648788e-01, 7.19478027e+02,
       2.90446716e+02, 7.06478894e-01, 8.50751770e+02, 1.80731873e+02,
       3.56590390e-01, 5.25565857e+02, 1.29815659e+02, 2.89333522e-01,
       5.25571472e+02, 8.47526398e+01, 3.69037628e-01, 3.68838165e+02,
       9.25732956e+01, 1.39925495e-01, 0., 0., 0., 5.25546570e+02,
       1.78813736e+02, 3.42765659e-01, 3.45304169e+02, 2.10051224e+02,
       3.23585272e-01, 1.53306717e+02, 2.29739014e+02, 1.37935326e-01,
       8.82143066e+02, 1.16127548e+02, 8.77291858e-01, 8.78188599e+02,
       1.45414444e+02, 7.07774639e-01, 8.58584717e+02, 9.45201035e+01,
       4.06310976e-01, 8.52712036e+02, 1.67065369e+02, 3.96200657e-01,
       9.06437988e+01, 2.59072754e+02, 7.86891803e-02, 1.10201172e+02,
       2.64967163e+02, 9.18365046e-02, 0., 0., 0., 0., 0., 0., 0., 0.,
       0., 0., 0., 0. ]
