%YAML:1.0
---
pose_0: !!opencv-matrix
   rows: 1
   cols: 25
   dt: "3f"
   data: [ 9.33144470e+02, 1.96472092e+02, 8.26059520e-01,
       8.29196167e+02, 2.10177444e+02, 6.99851751e-01, 8.09624695e+02,
       1.31729630e+02, 6.78594947e-01, 6.84269043e+02, 1.14144066e+02,
       6.99167550e-01, 5.84312927e+02, 1.00481987e+02, 8.33404541e-01,
       8.48812317e+02, 2.90486664e+02, 6.68357551e-01, 7.66545837e+02,
       3.53246338e+02, 7.66147137e-01, 6.80381409e+02, 3.21810181e+02,
       8.07057858e-01, 5.76488647e+02, 2.12121719e+02, 2.91741431e-01,
       5.70628845e+02, 1.72887558e+02, 4.24004823e-01, 3.27682800e+02,
       2.29696533e+02, 2.16669023e-01, 9.06258316e+01, 2.27753494e+02,
       5.59683889e-02, 5.78460999e+02, 2.68915924e+02, 2.43508071e-01,
       4.53067596e+02, 3.04122711e+02, 8.94521773e-02, 3.33513184e+02,
       2.74850250e+02, 1.16625115e-01, 9.46640259e+02, 1.78671051e+02,
       8.85534525e-01, 9.48744263e+02, 2.12185028e+02, 8.23266447e-01,
       9.15380493e+02, 1.51365540e+02, 7.49829650e-01, 9.35041687e+02,
       2.39476440e+02, 3.40916276e-01, 0., 0., 0., 0., 0., 0.,
       3.23775787e+02, 2.72817535e+02, 6.45614117e-02, 6.12502213e+01,
       2.19910965e+02, 6.54904991e-02, 0., 0., 0., 0., 0., 0. ]
