%YAML:1.0
---
pose_0: !!opencv-matrix
   rows: 2
   cols: 25
   dt: "3f"
   data: [ 9.05655518e+02, 3.55129944e+02, 7.53298283e-01,
       8.35116089e+02, 2.88527893e+02, 4.48202699e-01, 8.37083130e+02,
       2.88477356e+02, 7.53367305e-01, 7.41023987e+02, 3.45313324e+02,
       7.09845006e-01, 7.48912903e+02, 4.53067902e+02, 7.59905219e-01,
       0., 0., 0., 0., 0., 0., 0., 0., 0., 5.11831116e+02,
       2.96333282e+02, 2.36251011e-01, 5.09881317e+02, 3.04143250e+02,
       2.31717199e-01, 3.13971283e+02, 3.51206696e+02, 3.68333966e-01,
       1.00401230e+02, 3.51118561e+02, 1.88189864e-01, 5.11819977e+02,
       2.82614716e+02, 1.82039633e-01, 3.13959564e+02, 3.39471893e+02,
       2.86955416e-01, 1.14123169e+02, 3.51113556e+02, 2.71984875e-01,
       9.19342834e+02, 3.35449677e+02, 7.65914440e-01, 9.25197327e+02,
       3.62964386e+02, 7.39516556e-01, 8.99754883e+02, 2.90429321e+02,
       9.01529193e-01, 0., 0., 0., 0., 0., 0., 0., 0., 0.,
       8.67095871e+01, 3.55088959e+02, 1.53611243e-01, 4.16771812e+01,
       3.13955200e+02, 1.33326918e-01, 4.16553764e+01, 3.12036896e+02,
       9.97808874e-02, 8.28040924e+01, 3.51212494e+02, 1.54164642e-01,
       0., 0., 0., 0., 0., 0., 0., 0., 0., 0., 0., 0., 0., 0., 0.,
       7.21458496e+02, 3.04139648e+02, 1.09940469e-01, 6.62622192e+02,
       3.66922882e+02, 7.31765509e-01, 6.96056335e+02, 4.49124237e+02,
       8.34325969e-01, 0., 0., 0., 0., 0., 0., 0., 0., 0., 0., 0., 0.,
       0., 0., 0., 0., 0., 0., 0., 0., 0., 0., 0., 0., 0., 0., 0., 0.,
       0., 0., 0., 0., 0., 0., 0., 0., 0., 0., 0., 0., 0., 0., 0., 0.,
       0., 0., 0., 0., 0., 0., 0. ]
