%YAML:1.0
---
pose_0: !!opencv-matrix
   rows: 1
   cols: 25
   dt: "3f"
   data: [ 8.80135254e+02, 1.10183876e+02, 7.18330741e-01,
       7.76329590e+02, 1.16121147e+02, 7.26380348e-01, 7.74320679e+02,
       3.18350716e+01, 7.09036529e-01, 7.01858643e+02, 5.34806347e+00,
       2.53986448e-01, 6.21617676e+02, 2.19642582e+01, 7.01167583e-01,
       7.80202454e+02, 1.96363373e+02, 6.68577552e-01, 6.68559143e+02,
       2.43391891e+02, 7.62811124e-01, 5.54896912e+02, 2.43390762e+02,
       8.12336981e-01, 5.39264465e+02, 1.16112411e+02, 1.92979738e-01,
       5.39232666e+02, 7.49579468e+01, 2.25923866e-01, 3.68816071e+02,
       8.47384186e+01, 8.60807449e-02, 0., 0., 0., 5.27533020e+02,
       1.76795044e+02, 2.51650959e-01, 3.72740875e+02, 1.49385910e+02,
       9.63394567e-02, 3.55130127e+02, 1.49434204e+02, 1.13265522e-01,
       8.88025513e+02, 8.87366943e+01, 8.19453955e-01, 8.88040222e+02,
       1.29799896e+02, 7.57329464e-01, 8.68394287e+02, 6.90523605e+01,
       5.50306916e-01, 8.68359436e+02, 1.49319946e+02, 3.80967677e-01,
       3.47259033e+02, 1.78785782e+02, 6.84765950e-02, 3.51138153e+02,
       1.78812057e+02, 7.07647651e-02, 3.53108643e+02, 1.47439682e+02,
       7.04374015e-02, 0., 0., 0., 0., 0., 0., 0., 0., 0. ]
