%YAML:1.0
---
pose_0: !!opencv-matrix
   rows: 1
   cols: 25
   dt: "3f"
   data: [ 8.83970398e+02, 3.47281097e+02, 8.13377082e-01,
       7.68472839e+02, 3.90372559e+02, 3.82420540e-01, 7.44969788e+02,
       3.57067535e+02, 1.48417339e-01, 0., 0., 0., 0., 0., 0.,
       8.21375549e+02, 4.39342590e+02, 3.14433694e-01, 7.80234070e+02,
       5.41309326e+02, 7.57283807e-01, 8.09664795e+02, 4.13890442e+02,
       7.38384962e-01, 5.00094147e+02, 4.13854462e+02, 1.92453533e-01,
       4.98108032e+02, 4.29546753e+02, 1.47626117e-01, 3.35535156e+02,
       4.90287415e+02, 2.53293931e-01, 2.17961090e+02, 6.15610596e+02,
       3.10015559e-01, 5.07926788e+02, 3.92315460e+02, 1.92635670e-01,
       3.53094391e+02, 3.84474731e+02, 1.52097970e-01, 0., 0., 0.,
       8.84057495e+02, 3.31547607e+02, 8.16550195e-01, 8.91901062e+02,
       3.55169373e+02, 7.54814267e-01, 8.54683472e+02, 3.21806641e+02,
       5.09944677e-01, 8.80117432e+02, 3.84405640e+02, 4.45209295e-01,
       0., 0., 0., 0., 0., 0., 0., 0., 0., 1.76794968e+02,
       6.23507019e+02, 7.28986040e-02, 1.76825897e+02, 6.19604675e+02,
       5.94566278e-02, 2.14041962e+02, 6.29378052e+02, 2.34466091e-01 ]
