%YAML:1.0
---
pose_0: !!opencv-matrix
   rows: 1
   cols: 25
   dt: "3f"
   data: [ 9.95814392e+02, 3.10069977e+02, 7.91569948e-01,
       8.60545227e+02, 3.17887268e+02, 5.84204674e-01, 8.52658447e+02,
       2.25861313e+02, 6.29652023e-01, 7.33178772e+02, 1.63135895e+02,
       7.37234592e-01, 6.52949280e+02, 1.47442917e+02, 8.40222716e-01,
       8.76257874e+02, 4.13866608e+02, 5.82807660e-01, 7.68456055e+02,
       5.13812927e+02, 6.79520786e-01, 6.64643372e+02, 5.09811707e+02,
       8.26218545e-01, 5.58843994e+02, 3.23750885e+02, 8.73612165e-02,
       5.31415833e+02, 2.78689056e+02, 1.33072317e-01, 3.39423981e+02,
       2.90431091e+02, 1.31006241e-01, 0., 0., 0., 5.86274902e+02,
       3.86436798e+02, 6.90860525e-02, 0., 0., 0., 0., 0., 0.,
       1.00164417e+03, 2.86567780e+02, 8.04332852e-01, 1.01337598e+03,
       3.23719360e+02, 7.26511598e-01, 9.66366699e+02, 2.57214539e+02,
       4.32350904e-01, 9.95689331e+02, 3.49258209e+02, 1.07221469e-01,
       0., 0., 0., 0., 0., 0., 0., 0., 0., 0., 0., 0., 0., 0., 0., 0.,
       0., 0. ]
