%YAML:1.0
---
pose_0: !!opencv-matrix
   rows: 1
   cols: 25
   dt: "3f"
   data: [ 9.03640076e+02, 3.98122864e+02, 8.24928701e-01,
       7.91942078e+02, 4.31482239e+02, 6.94613576e-01, 7.74312500e+02,
       3.66776520e+02, 6.80084586e-01, 7.09676331e+02, 3.49158447e+02,
       1.37664527e-01, 0., 0., 0., 8.19431824e+02, 4.96164856e+02,
       6.55769110e-01, 7.11602295e+02, 5.66689148e+02, 7.56552935e-01,
       7.93926331e+02, 4.47141479e+02, 6.67410672e-01, 5.41221130e+02,
       4.49136230e+02, 2.61775225e-01, 5.39252991e+02, 4.04090851e+02,
       3.97355556e-01, 3.53096344e+02, 3.94309784e+02, 4.46613729e-01,
       0., 0., 0., 5.41196045e+02, 4.94209076e+02, 2.84869134e-01,
       3.66830750e+02, 5.02009705e+02, 2.68713832e-01, 0., 0., 0.,
       9.03667114e+02, 3.80519104e+02, 8.63684177e-01, 9.15469238e+02,
       4.11925262e+02, 8.24478209e-01, 8.74247559e+02, 3.66888794e+02,
       6.15288138e-01, 8.93855164e+02, 4.45119293e+02, 6.31265938e-01,
       0., 0., 0., 0., 0., 0., 0., 0., 0., 0., 0., 0., 0., 0., 0., 0.,
       0., 0. ]
