%YAML:1.0
---
pose_0: !!opencv-matrix
   rows: 1
   cols: 25
   dt: "3f"
   data: [ 9.13433289e+02, 3.74661133e+02, 7.91778982e-01,
       8.07648254e+02, 4.11891937e+02, 7.06768870e-01, 7.90057129e+02,
       3.47271057e+02, 6.77177727e-01, 6.82357361e+02, 2.72731506e+02,
       7.81609654e-01, 7.19521667e+02, 3.06212036e+02, 7.86925077e-01,
       8.23433228e+02, 4.78513855e+02, 6.79671943e-01, 7.42979126e+02,
       5.21595947e+02, 7.81399012e-01, 7.82204529e+02, 4.00091217e+02,
       7.74845660e-01, 5.54938110e+02, 4.29538177e+02, 2.20780864e-01,
       5.62757629e+02, 3.86466797e+02, 3.06897968e-01, 3.39423889e+02,
       4.00145874e+02, 2.40740970e-01, 3.43357178e+02, 4.00148132e+02,
       1.11101002e-01, 5.51007690e+02, 4.76554138e+02, 2.25173578e-01,
       3.64885345e+02, 4.96197845e+02, 1.42521515e-01, 3.55072052e+02,
       4.96185242e+02, 2.05850884e-01, 9.15319885e+02, 3.57104034e+02,
       8.54834855e-01, 9.27146729e+02, 3.88427856e+02, 7.84337640e-01,
       8.82078125e+02, 3.51128754e+02, 6.10830009e-01, 9.03647156e+02,
       4.25621918e+02, 5.56591809e-01, 0., 0., 0., 0., 0., 0.,
       3.49186920e+02, 4.92274048e+02, 1.99383438e-01, 0., 0., 0., 0.,
       0., 0., 3.39435669e+02, 4.04088989e+02, 6.69892803e-02 ]
