%YAML:1.0
---
pose_0: !!opencv-matrix
   rows: 1
   cols: 25
   dt: "3f"
   data: [ 8.95851440e+02, 4.08014832e+02, 7.51149893e-01,
       7.88023682e+02, 4.23644714e+02, 6.61961019e-01, 7.74311340e+02,
       3.51196930e+02, 7.26920962e-01, 6.64666138e+02, 2.90462646e+02,
       8.67709637e-01, 7.15606995e+02, 2.80627869e+02, 8.02521050e-01,
       7.93965271e+02, 4.94139893e+02, 6.05270863e-01, 6.76420654e+02,
       5.56922668e+02, 7.85498977e-01, 7.88012085e+02, 5.33353271e+02,
       7.52474070e-01, 5.29492981e+02, 4.58929901e+02, 3.41966748e-01,
       5.25594788e+02, 4.13837402e+02, 4.87303257e-01, 3.37518219e+02,
       3.96262177e+02, 4.80529636e-01, 0., 0., 0., 5.39289551e+02,
       5.05907745e+02, 4.13526922e-01, 3.88390961e+02, 5.11855682e+02,
       3.27595353e-01, 0., 0., 0., 9.01620728e+02, 3.94269501e+02,
       8.75077546e-01, 9.05595154e+02, 4.25614563e+02, 7.43917882e-01,
       8.74301147e+02, 3.74674469e+02, 5.82922459e-01, 8.85983276e+02,
       4.49203186e+02, 4.84973431e-01, 0., 0., 0., 0., 0., 0., 0., 0.,
       0., 0., 0., 0., 0., 0., 0., 0., 0., 0. ]
