%YAML:1.0
---
pose_0: !!opencv-matrix
   rows: 2
   cols: 25
   dt: "3f"
   data: [ 8.86103882e+02, 2.82607361e+02, 8.10142517e-01,
       8.03689270e+02, 2.53189468e+02, 6.23583913e-01, 8.09667603e+02,
       1.96376953e+02, 6.30609691e-01, 7.43076599e+02, 1.27823196e+02,
       7.71252573e-01, 7.88019897e+02, 2.61048096e+02, 7.57258475e-01,
       7.89981995e+02, 3.06069305e+02, 4.75683063e-01, 7.31244873e+02,
       3.19819702e+02, 1.64176762e-01, 7.74370178e+02, 3.13930237e+02,
       9.82768759e-02, 6.31344604e+02, 2.25796234e+02, 6.07855693e-02,
       0., 0., 0., 0., 0., 0., 0., 0., 0., 0., 0., 0., 0., 0., 0., 0.,
       0., 0., 8.97766907e+02, 2.59119080e+02, 8.84037495e-01,
       9.03661194e+02, 2.90438110e+02, 8.16572368e-01, 8.72291870e+02,
       2.29692703e+02, 7.85066962e-01, 0., 0., 0., 0., 0., 0., 0., 0.,
       0., 0., 0., 0., 0., 0., 0., 0., 0., 0., 0., 0., 0., 0., 0., 0.,
       0., 0., 0., 0., 0., 0., 0., 0., 0., 0., 0., 0., 0., 0., 0., 0.,
       0., 0., 0., 0., 0., 0., 0., 0., 5.11818970e+02, 2.84568298e+02,
       7.25843012e-02, 3.59006653e+02, 3.66809692e+02, 2.68194795e-01,
       1.57248703e+02, 3.68774414e+02, 3.07896942e-01, 0., 0., 0., 0.,
       0., 0., 0., 0., 0., 0., 0., 0., 0., 0., 0., 0., 0., 0., 0., 0.,
       0., 0., 0., 0., 0., 0., 0., 0., 0., 0., 0., 0., 0., 0., 0., 0.,
       0., 0., 0. ]
