%YAML:1.0
---
pose_0: !!opencv-matrix
   rows: 1
   cols: 25
   dt: "3f"
   data: [ 1.08972168e+03, 1.80816162e+02, 7.77788818e-01,
       8.99739136e+02, 1.92477386e+02, 4.79883045e-01, 8.84054749e+02,
       9.06520386e+01, 4.94651765e-01, 7.19531433e+02, 5.73702278e+01,
       6.19303644e-01, 5.90200256e+02, 5.52941666e+01, 7.33441889e-01,
       9.15391418e+02, 2.94347809e+02, 5.19137383e-01, 7.74343140e+02,
       3.55115753e+02, 5.25167882e-01, 5.76507385e+02, 3.80561310e+02,
       7.20426679e-01, 5.98036926e+02, 2.27768143e+02, 5.45044169e-02,
       0., 0., 0., 0., 0., 0., 0., 0., 0., 0., 0., 0., 0., 0., 0., 0.,
       0., 0., 1.08782751e+03, 1.49363571e+02, 8.25821221e-01,
       1.10540125e+03, 1.94459961e+02, 6.08093023e-01, 1.03490112e+03,
       1.06330551e+02, 2.62346625e-01, 0., 0., 0., 0., 0., 0., 0., 0.,
       0., 0., 0., 0., 0., 0., 0., 0., 0., 0., 0., 0., 0. ]
