%YAML:1.0
---
pose_0: !!opencv-matrix
   rows: 1
   cols: 25
   dt: "3f"
   data: [ 8.97804382e+02, 1.64998459e+02, 7.71653652e-01,
       8.23290283e+02, 2.47363434e+02, 6.03963017e-01, 8.05710022e+02,
       2.25863800e+02, 4.66494560e-01, 7.13657227e+02, 2.21879990e+02,
       4.15563822e-01, 6.21566467e+02, 1.96467651e+02, 8.01830590e-01,
       8.38967651e+02, 2.72773407e+02, 6.38418972e-01, 7.11598022e+02,
       3.13932983e+02, 7.33126640e-01, 5.72595459e+02, 2.47333191e+02,
       6.91399097e-01, 5.88221802e+02, 2.90478638e+02, 1.10556498e-01,
       0., 0., 0., 0., 0., 0., 0., 0., 0., 5.94121582e+02,
       3.19803284e+02, 9.19650346e-02, 3.21769714e+02, 2.63059448e+02,
       1.18509404e-01, 1.10230682e+02, 3.82504059e+02, 3.18179905e-01,
       9.17356812e+02, 1.65012451e+02, 2.26569071e-01, 9.17317261e+02,
       1.76784302e+02, 8.14555526e-01, 0., 0., 0., 9.15320068e+02,
       2.31718292e+02, 8.18065405e-01, 8.47391968e+01, 4.09980927e+02,
       1.10723510e-01, 8.67057724e+01, 4.11910950e+02, 1.47223979e-01,
       8.86767807e+01, 3.86446594e+02, 2.12472305e-01, 0., 0., 0., 0.,
       0., 0., 0., 0., 0. ]
