%YAML:1.0
---
pose_0: !!opencv-matrix
   rows: 1
   cols: 25
   dt: "3f"
   data: [ 9.17361328e+02, 2.53223038e+02, 7.42819071e-01,
       8.35057678e+02, 3.19791809e+02, 5.60485184e-01, 8.42914795e+02,
       3.37498474e+02, 3.52677912e-01, 0., 0., 0., 0., 0., 0.,
       8.25302734e+02, 3.10075012e+02, 4.99851465e-01, 7.27321167e+02,
       2.88549255e+02, 7.98682809e-01, 8.54727051e+02, 2.12107880e+02,
       6.94053411e-01, 5.84322449e+02, 3.43335693e+02, 1.69772133e-01,
       5.84299805e+02, 3.06168793e+02, 1.92790017e-01, 3.39429138e+02,
       3.25730896e+02, 1.79863468e-01, 0., 0., 0., 5.64731323e+02,
       3.80550751e+02, 1.30442068e-01, 3.98183899e+02, 3.55112488e+02,
       6.73027188e-02, 0., 0., 0., 9.31157654e+02, 2.55144196e+02,
       5.69098771e-01, 9.31152771e+02, 2.68924286e+02, 7.83608496e-01,
       0., 0., 0., 9.13391724e+02, 3.19772522e+02, 8.12965274e-01, 0.,
       0., 0., 0., 0., 0., 0., 0., 0., 0., 0., 0., 0., 0., 0., 0., 0.,
       0. ]
