%YAML:1.0
---
pose_0: !!opencv-matrix
   rows: 1
   cols: 25
   dt: "3f"
   data: [ 9.03687195e+02, 3.84478516e+02, 8.02784264e-01,
       7.93964783e+02, 4.00149414e+02, 6.88823581e-01, 7.76358643e+02,
       3.27695801e+02, 6.92615449e-01, 6.51018799e+02, 2.90430328e+02,
       8.41375589e-01, 6.98022644e+02, 2.76771698e+02, 7.53208876e-01,
       8.11606384e+02, 4.74567566e+02, 6.16475642e-01, 6.78394958e+02,
       5.54885376e+02, 7.98921049e-01, 7.78248779e+02, 5.02050354e+02,
       7.67805874e-01, 5.27528198e+02, 4.17793060e+02, 2.90082842e-01,
       5.39257629e+02, 3.72729675e+02, 4.37271804e-01, 3.80558868e+02,
       3.57056458e+02, 1.78886086e-01, 0., 0., 0., 5.23604370e+02,
       4.62865143e+02, 2.83278257e-01, 3.60991791e+02, 4.90282043e+02,
       2.22003996e-01, 1.63086777e+02, 5.23645325e+02, 1.93919465e-01,
       9.15421448e+02, 3.68744354e+02, 9.01589572e-01, 9.19353638e+02,
       4.00220581e+02, 7.86530256e-01, 8.86063904e+02, 3.51113739e+02,
       6.77063465e-01, 9.07580933e+02, 4.27576569e+02, 4.97458011e-01,
       1.33731186e+02, 5.07893829e+02, 8.34645778e-02, 1.35675751e+02,
       5.11883545e+02, 8.54215547e-02, 0., 0., 0., 0., 0., 0., 0., 0.,
       0., 0., 0., 0. ]
