%YAML:1.0
---
pose_0: !!opencv-matrix
   rows: 1
   cols: 25
   dt: "3f"
   data: [ 8.60586304e+02, 4.43223083e+02, 7.97102094e-01,
       7.74353088e+02, 4.13802582e+02, 7.29353726e-01, 7.60650146e+02,
       3.49205780e+02, 6.55396819e-01, 7.90022949e+02, 2.55195404e+02,
       8.46078157e-01, 8.56680054e+02, 2.84573151e+02, 8.19338739e-01,
       7.88045532e+02, 4.78548004e+02, 6.33136988e-01, 8.15457397e+02,
       5.82352234e+02, 7.62413263e-01, 8.70292969e+02, 6.84265076e+02,
       7.93728113e-01, 5.60813416e+02, 4.31490265e+02, 3.40833575e-01,
       5.62785583e+02, 3.98161835e+02, 4.00113881e-01, 4.76567963e+02,
       3.86478455e+02, 1.14162840e-01, 0., 0., 0., 5.60823242e+02,
       4.70680145e+02, 2.23870918e-01, 4.62844238e+02, 4.80488220e+02,
       1.30798355e-01, 3.68794128e+02, 5.23613098e+02, 1.56530246e-01,
       8.70405518e+02, 4.17853821e+02, 8.48820329e-01, 8.82078674e+02,
       4.33524017e+02, 1.74994320e-01, 8.48829834e+02, 3.82537231e+02,
       8.37400436e-01, 0., 0., 0., 0., 0., 0., 0., 0., 0.,
       3.66839905e+02, 5.21626282e+02, 6.05037659e-02, 0., 0., 0., 0.,
       0., 0., 0., 0., 0. ]
