%YAML:1.0
---
pose_0: !!opencv-matrix
   rows: 1
   cols: 25
   dt: "3f"
   data: [ 8.46834656e+02, 2.43414719e+02, 7.45829880e-01,
       7.89992493e+02, 3.04119080e+02, 6.27337694e-01, 7.92017517e+02,
       3.04129486e+02, 3.92180383e-01, 7.03846069e+02, 2.74809662e+02,
       1.33470163e-01, 0., 0., 0., 7.95895325e+02, 3.08089722e+02,
       6.02096975e-01, 6.96002441e+02, 2.61127594e+02, 7.23943830e-01,
       6.48873047e+02, 2.08152573e+02, 7.33339965e-01, 4.92208801e+02,
       3.51132263e+02, 3.99350405e-01, 4.92273712e+02, 3.13982452e+02,
       3.55347693e-01, 3.21818329e+02, 2.57152466e+02, 3.24988931e-01,
       1.21981567e+02, 3.72714935e+02, 3.03408206e-01, 4.90288239e+02,
       3.82546387e+02, 4.09776658e-01, 3.49182495e+02, 3.10055298e+02,
       3.12761903e-01, 0., 0., 0., 8.60582458e+02, 2.41529953e+02,
       4.73411113e-01, 8.66387146e+02, 2.57226196e+02, 8.27286422e-01,
       0., 0., 0., 8.54658569e+02, 3.06204926e+02, 7.94755995e-01, 0.,
       0., 0., 0., 0., 0., 0., 0., 0., 8.27463608e+01, 4.02110962e+02,
       3.33545119e-01, 7.69259491e+01, 3.96216522e+02, 3.09711307e-01,
       1.10192696e+02, 3.76654083e+02, 1.88864484e-01 ]
