%YAML:1.0
---
pose_0: !!opencv-matrix
   rows: 1
   cols: 25
   dt: "3f"
   data: [ 9.15389832e+02, 3.43355713e+02, 7.47035205e-01,
       8.23332825e+02, 2.80635345e+02, 4.67630893e-01, 8.21343872e+02,
       2.64966095e+02, 6.22823596e-01, 7.27293640e+02, 3.33534576e+02,
       7.73430824e-01, 8.42899963e+02, 4.21729584e+02, 6.55114353e-01,
       8.27276428e+02, 3.02177277e+02, 2.64497966e-01, 7.29340149e+02,
       3.94265350e+02, 7.61700094e-01, 8.36997314e+02, 4.19781433e+02,
       4.69508857e-01, 5.60820984e+02, 3.11995758e+02, 2.35440463e-01,
       5.60812012e+02, 2.98267639e+02, 2.60586053e-01, 3.12002777e+02,
       3.37463470e+02, 3.05414021e-01, 1.18039268e+02, 3.35530731e+02,
       3.04436207e-01, 5.60801392e+02, 3.31588379e+02, 1.06024422e-01,
       0., 0., 0., 0., 0., 0., 9.31160522e+02, 3.21743561e+02,
       8.24316561e-01, 9.32986816e+02, 3.49239105e+02, 5.85629165e-01,
       9.15343872e+02, 2.80636414e+02, 8.49587917e-01, 0., 0., 0., 0.,
       0., 0., 0., 0., 0., 0., 0., 0., 0., 0., 0., 0., 0., 0.,
       9.65192337e+01, 3.43323608e+02, 1.92344755e-01 ]
