%YAML:1.0
---
pose_0: !!opencv-matrix
   rows: 1
   cols: 25
   dt: "3f"
   data: [ 9.11476868e+02, 2.41397873e+02, 7.58934617e-01,
       8.42955139e+02, 3.17872131e+02, 4.83075917e-01, 8.54648743e+02,
       3.33530701e+02, 3.01848948e-01, 7.54770508e+02, 3.00253357e+02,
       2.28458613e-01, 7.52790649e+02, 2.41488846e+02, 6.71338812e-02,
       8.50766724e+02, 3.21837952e+02, 4.30327743e-01, 7.42992615e+02,
       2.63044647e+02, 5.43651044e-01, 7.54764099e+02, 1.96435410e+02,
       4.37789798e-01, 5.94104309e+02, 3.64877533e+02, 1.85435146e-01,
       5.78441101e+02, 3.21794006e+02, 1.74078584e-01, 3.10031677e+02,
       2.76768463e+02, 2.18767419e-01, 8.27764130e+01, 4.25635071e+02,
       8.07408914e-02, 6.01956543e+02, 4.00131104e+02, 1.47129342e-01,
       4.56944427e+02, 3.49212128e+02, 1.03197820e-01, 3.12023407e+02,
       3.10025635e+02, 6.04009591e-02, 9.31005432e+02, 2.41443848e+02,
       3.87343377e-01, 9.32998596e+02, 2.57070068e+02, 8.81855488e-01,
       0., 0., 0., 9.21316772e+02, 3.15868134e+02, 7.80760586e-01, 0.,
       0., 0., 0., 0., 0., 0., 0., 0., 0., 0., 0., 0., 0., 0., 0., 0.,
       0. ]
