%YAML:1.0
---
pose_0: !!opencv-matrix
   rows: 1
   cols: 25
   dt: "3f"
   data: [ 1.02713940e+03, 3.51165131e+02, 7.14758337e-01,
       9.31014587e+02, 3.23796600e+02, 5.72656333e-01, 9.34994385e+02,
       2.43500793e+02, 6.12051189e-01, 9.07576843e+02, 1.92528549e+02,
       5.67312956e-01, 8.11596375e+02, 1.45480164e+02, 6.38013363e-01,
       9.19321167e+02, 4.15809204e+02, 4.81335253e-01, 7.76281921e+02,
       4.98100372e+02, 5.65618932e-01, 7.43000732e+02, 5.72560181e+02,
       6.48453593e-01, 0., 0., 0., 0., 0., 0., 0., 0., 0., 0., 0., 0.,
       0., 0., 0., 0., 0., 0., 0., 0., 0., 1.05445801e+03,
       3.13969330e+02, 7.20027149e-01, 1.05851819e+03, 3.68748444e+02,
       7.86218464e-01, 1.04072937e+03, 2.72856995e+02, 4.79243279e-01,
       0., 0., 0., 0., 0., 0., 0., 0., 0., 0., 0., 0., 0., 0., 0., 0.,
       0., 0., 0., 0., 0. ]
