%YAML:1.0
---
pose_0: !!opencv-matrix
   rows: 1
   cols: 25
   dt: "3f"
   data: [ 9.66397583e+02, 2.55128510e+02, 7.16577947e-01,
       8.48780762e+02, 3.15901672e+02, 6.22887194e-01, 8.07655212e+02,
       2.57124969e+02, 5.98081231e-01, 7.01890381e+02, 2.76724762e+02,
       4.60091352e-01, 6.17594360e+02, 2.43477249e+02, 5.95340610e-01,
       8.82138733e+02, 3.82486053e+02, 6.71943307e-01, 7.46901917e+02,
       4.35414612e+02, 7.24139214e-01, 6.33247864e+02, 3.21828156e+02,
       7.26576030e-01, 5.60805847e+02, 3.66878448e+02, 1.37376860e-01,
       5.60814636e+02, 3.21828613e+02, 1.74204111e-01, 3.49224426e+02,
       2.35597458e+02, 2.73454696e-01, 1.78792969e+02, 3.19787445e+02,
       1.52941570e-01, 5.60813843e+02, 4.04102661e+02, 1.38286322e-01,
       3.49230255e+02, 2.33629410e+02, 3.05456907e-01, 1.82717880e+02,
       3.19877960e+02, 2.14249432e-01, 9.78011841e+02, 2.43512070e+02,
       7.40823805e-01, 9.82085693e+02, 2.76739929e+02, 8.01612914e-01,
       0., 0., 0., 9.62361145e+02, 3.23719238e+02, 7.58956492e-01,
       1.57213852e+02, 3.00244812e+02, 5.20171747e-02, 1.61115601e+02,
       3.23761566e+02, 6.65047169e-02, 1.59184052e+02, 3.35457642e+02,
       1.28865376e-01, 1.37630661e+02, 2.72811432e+02, 1.16216876e-01,
       1.35720703e+02, 2.74771637e+02, 1.02853224e-01, 0., 0., 0. ]
