%YAML:1.0
---
pose_0: !!opencv-matrix
   rows: 1
   cols: 25
   dt: "3f"
   data: [ 1.05849414e+03, 1.88592438e+02, 8.09086919e-01,
       8.87970398e+02, 1.96460175e+02, 4.41206127e-01, 8.70373596e+02,
       1.06311775e+02, 3.53814274e-01, 7.07731262e+02, 8.08374252e+01,
       3.99750799e-01, 5.64712036e+02, 7.29828568e+01, 4.14136142e-01,
       9.05640259e+02, 2.96304352e+02, 5.13017595e-01, 7.70426758e+02,
       3.51230713e+02, 4.85861659e-01, 5.88295532e+02, 3.55093384e+02,
       7.61595428e-01, 0., 0., 0., 0., 0., 0., 0., 0., 0., 0., 0., 0.,
       0., 0., 0., 0., 0., 0., 0., 0., 0., 1.06046851e+03,
       1.55279572e+02, 7.56173730e-01, 1.07603833e+03, 2.02257233e+02,
       6.34680569e-01, 1.02117444e+03, 1.23951515e+02, 2.73004442e-01,
       1.04475818e+03, 2.33634415e+02, 5.94853982e-02, 0., 0., 0., 0.,
       0., 0., 0., 0., 0., 0., 0., 0., 0., 0., 0., 0., 0., 0. ]
