%YAML:1.0
---
pose_0: !!opencv-matrix
   rows: 1
   cols: 25
   dt: "3f"
   data: [ 9.01687927e+02, 3.82456238e+02, 8.14239621e-01,
       7.90070435e+02, 3.88426758e+02, 6.68770432e-01, 7.78326294e+02,
       3.13949463e+02, 6.59829438e-01, 6.68594849e+02, 2.70888977e+02,
       7.72706211e-01, 7.68476257e+02, 2.59167297e+02, 8.02842438e-01,
       7.92026794e+02, 4.66792603e+02, 5.67920923e-01, 6.64683716e+02,
       5.39305054e+02, 8.36890101e-01, 7.44947388e+02, 5.09802338e+02,
       8.21318030e-01, 5.35342590e+02, 4.29549744e+02, 3.30611944e-01,
       5.33365479e+02, 3.84482910e+02, 4.20127988e-01, 3.39409668e+02,
       3.51136780e+02, 5.74924767e-01, 1.63091080e+02, 3.21782013e+02,
       1.12194009e-01, 5.33386902e+02, 4.70708923e+02, 3.23593646e-01,
       3.68754791e+02, 4.92153137e+02, 6.01975679e-01, 0., 0., 0.,
       9.13437561e+02, 3.60973389e+02, 8.21736038e-01, 9.15422852e+02,
       3.94279663e+02, 7.92532384e-01, 8.84056213e+02, 3.39445587e+02,
       6.83076262e-01, 9.01757507e+02, 4.13923706e+02, 4.76101309e-01,
       0., 0., 0., 0., 0., 0., 0., 0., 0., 1.61131729e+02,
       3.19864410e+02, 5.78297600e-02, 0., 0., 0., 0., 0., 0. ]
