%YAML:1.0
---
pose_0: !!opencv-matrix
   rows: 1
   cols: 25
   dt: "3f"
   data: [ 0., 0., 0., 9.64357544e+02, 1.76804413e+02, 3.28210831e-01,
       1.00357495e+03, 2.25803406e+02, 3.98229897e-01, 9.38937622e+02,
       3.49176514e+02, 3.34935993e-01, 9.46745667e+02, 3.31581726e+02,
       1.34165838e-01, 9.15412903e+02, 1.08261536e+02, 1.86341226e-01,
       0., 0., 0., 0., 0., 0., 6.99901001e+02, 3.41386047e+02,
       5.46370447e-02, 0., 0., 0., 0., 0., 0., 0., 0., 0., 0., 0., 0.,
       0., 0., 0., 0., 0., 0., 0., 0., 0., 0., 0., 0., 1.09956934e+03,
       1.84672974e+02, 2.49454081e-01, 0., 0., 0., 0., 0., 0., 0., 0.,
       0., 0., 0., 0., 0., 0., 0., 0., 0., 0., 0., 0., 0. ]
