%YAML:1.0
---
pose_0: !!opencv-matrix
   rows: 2
   cols: 25
   dt: "3f"
   data: [ 8.84023804e+02, 3.43346161e+02, 7.69984841e-01,
       7.76311768e+02, 3.02207642e+02, 5.52666605e-01, 7.91984558e+02,
       2.53195862e+02, 6.51113153e-01, 6.66609070e+02, 2.02297806e+02,
       7.99852312e-01, 5.72538513e+02, 3.04231323e+02, 8.25360537e-01,
       7.43038757e+02, 3.43374908e+02, 2.90778041e-01, 6.15655151e+02,
       3.60976379e+02, 5.66577055e-02, 0., 0., 0., 5.86309143e+02,
       2.80645569e+02, 1.78229466e-01, 5.88218872e+02, 2.41508759e+02,
       2.15021968e-01, 4.92258972e+02, 2.19909607e+02, 5.01694262e-01,
       2.96312500e+02, 3.35517517e+02, 2.97749847e-01, 6.01939514e+02,
       3.21821167e+02, 1.36976138e-01, 0., 0., 0., 0., 0., 0.,
       8.99642334e+02, 3.19756958e+02, 7.84155130e-01, 8.99700867e+02,
       3.51217590e+02, 8.35145295e-01, 8.68345337e+02, 2.78672699e+02,
       8.51558745e-01, 0., 0., 0., 0., 0., 0., 0., 0., 0., 0., 0., 0.,
       0., 0., 0., 0., 0., 0., 2.88440186e+02, 3.39438110e+02,
       1.42826289e-01, 0., 0., 0., 0., 0., 0., 0., 0., 0., 0., 0., 0.,
       0., 0., 0., 0., 0., 0., 0., 0., 0., 0., 0., 0., 0., 0., 0., 0.,
       0., 0., 0., 0., 0., 0., 0., 0., 5.56881775e+02, 2.92414124e+02,
       9.71490815e-02, 4.41295624e+02, 3.64892487e+02, 2.59693652e-01,
       3.21773315e+02, 4.11929108e+02, 1.43203214e-01, 0., 0., 0., 0.,
       0., 0., 0., 0., 0., 0., 0., 0., 0., 0., 0., 0., 0., 0., 0., 0.,
       0., 0., 0., 0., 0., 0., 0., 0., 0., 0. ]
