%YAML:1.0
---
pose_0: !!opencv-matrix
   rows: 1
   cols: 25
   dt: "3f"
   data: [ 8.50697632e+02, 2.37560654e+02, 7.27604091e-01,
       7.90014160e+02, 2.98284821e+02, 5.48210800e-01, 7.90048340e+02,
       2.90481964e+02, 2.88553327e-01, 5.96080933e+02, 2.88424072e+02,
       1.97592020e-01, 5.43169983e+02, 2.39452225e+02, 2.28217170e-01,
       8.03683960e+02, 3.08123383e+02, 6.14296973e-01, 6.86164063e+02,
       2.74732117e+02, 7.29046643e-01, 5.86282349e+02, 2.12146515e+02,
       8.37714434e-01, 5.37272278e+02, 3.49221527e+02, 2.97452003e-01,
       5.23607666e+02, 3.15903015e+02, 2.97039509e-01, 3.37494568e+02,
       2.76734589e+02, 2.00681373e-01, 1.29775681e+02, 3.70810364e+02,
       2.71077484e-01, 5.51015137e+02, 3.80583557e+02, 2.03210667e-01,
       3.25723419e+02, 2.88504181e+02, 2.81598032e-01, 1.21984810e+02,
       3.72756500e+02, 3.12093943e-01, 8.54739197e+02, 2.27794846e+02,
       7.65921593e-01, 8.68434998e+02, 2.57035126e+02, 8.59720707e-01,
       0., 0., 0., 8.56691040e+02, 3.02122009e+02, 7.63929009e-01,
       7.88849487e+01, 4.11848450e+02, 1.24785900e-01, 8.27929153e+01,
       4.09962616e+02, 1.50980785e-01, 9.65158386e+01, 3.86453918e+02,
       2.54437804e-01, 8.66575623e+01, 4.02124054e+02, 1.06318817e-01,
       8.67022858e+01, 4.02119263e+02, 7.89617673e-02, 1.06306015e+02,
       3.86452972e+02, 1.65888816e-01 ]
