%YAML:1.0
---
pose_0: !!opencv-matrix
   rows: 1
   cols: 25
   dt: "3f"
   data: [ 9.62398376e+02, 1.96449173e+02, 7.87538052e-01,
       8.37067871e+02, 2.12085953e+02, 6.19003356e-01, 8.33141174e+02,
       1.21964058e+02, 6.59121811e-01, 6.82351074e+02, 7.11099472e+01,
       7.64099538e-01, 5.84300598e+02, 7.10824814e+01, 8.23094130e-01,
       8.42937805e+02, 3.04205078e+02, 6.15933359e-01, 7.15552063e+02,
       3.62889465e+02, 7.16255903e-01, 5.96071472e+02, 3.35525879e+02,
       7.87793696e-01, 6.09801086e+02, 2.53239365e+02, 1.72966227e-01,
       5.74532715e+02, 1.96405045e+02, 1.54426306e-01, 0., 0., 0., 0.,
       0., 0., 6.27404846e+02, 3.02208588e+02, 2.01542288e-01, 0., 0.,
       0., 0., 0., 0., 9.74194641e+02, 1.78742737e+02, 8.40934694e-01,
       9.78135986e+02, 2.17957275e+02, 7.63029993e-01, 9.48705627e+02,
       1.49499207e+02, 6.24226272e-01, 9.54612732e+02, 2.45375381e+02,
       2.50885248e-01, 0., 0., 0., 0., 0., 0., 0., 0., 0., 0., 0., 0.,
       0., 0., 0., 0., 0., 0. ]
