%YAML:1.0
---
pose_0: !!opencv-matrix
   rows: 2
   cols: 25
   dt: "3f"
   data: [ 0., 0., 0., 0., 0., 0., 3.82498108e+02, 3.33550018e+02,
       6.26305640e-02, 3.21776459e+02, 3.37497559e+02, 4.05969739e-01,
       1.96432312e+02, 3.08109955e+02, 5.98403633e-01, 0., 0., 0., 0.,
       0., 0., 0., 0., 0., 0., 0., 0., 0., 0., 0., 0., 0., 0., 0., 0.,
       0., 0., 0., 0., 0., 0., 0., 0., 0., 0., 0., 0., 0., 0., 0., 0.,
       0., 0., 0., 0., 0., 0., 0., 0., 0., 0., 0., 0., 0., 0., 0., 0.,
       0., 0., 0., 0., 0., 0., 0., 0., 8.60567505e+02, 3.76655243e+02,
       1.86271250e-01, 7.97857544e+02, 4.27605103e+02, 2.38134891e-01,
       7.56703125e+02, 3.84450195e+02, 2.42913842e-01, 6.47005798e+02,
       3.82575500e+02, 2.11128026e-01, 5.92134644e+02, 3.64861694e+02,
       2.38335311e-01, 8.23321350e+02, 4.60882690e+02, 1.47455037e-01,
       0., 0., 0., 0., 0., 0., 5.49057983e+02, 4.33449005e+02,
       2.06241816e-01, 5.54937378e+02, 3.94277344e+02, 2.91050911e-01,
       4.07979980e+02, 3.57063293e+02, 6.01582713e-02, 0., 0., 0.,
       5.41205200e+02, 4.78505981e+02, 2.44022220e-01, 4.00146790e+02,
       5.23547241e+02, 1.43235534e-01, 0., 0., 0., 8.68391785e+02,
       3.57048798e+02, 1.02091871e-01, 8.70365112e+02, 3.82549683e+02,
       1.13705650e-01, 8.42950256e+02, 3.60991852e+02, 6.62970468e-02,
       0., 0., 0., 0., 0., 0., 0., 0., 0., 0., 0., 0., 0., 0., 0., 0.,
       0., 0., 0., 0., 0. ]
