%YAML:1.0
---
pose_0: !!opencv-matrix
   rows: 1
   cols: 25
   dt: "3f"
   data: [ 8.95787598e+02, 3.68891052e+02, 8.05679977e-01,
       8.05719604e+02, 4.15899475e+02, 5.92373788e-01, 7.78278015e+02,
       3.82559814e+02, 3.69772315e-01, 0., 0., 0., 0., 0., 0.,
       8.35037964e+02, 4.58892731e+02, 4.00506109e-01, 8.27296265e+02,
       5.13839111e+02, 7.43623078e-01, 8.23392334e+02, 3.84497406e+02,
       8.56275737e-01, 5.41234924e+02, 4.58933899e+02, 1.58479258e-01,
       5.39271362e+02, 4.41294800e+02, 2.32924268e-01, 3.37475098e+02,
       5.25571045e+02, 2.96151459e-01, 2.10172852e+02, 6.19624878e+02,
       3.49708319e-01, 5.51002441e+02, 5.07899750e+02, 8.07097405e-02,
       3.41411804e+02, 5.25544250e+02, 9.16741937e-02, 1.98373718e+02,
       6.27412781e+02, 1.19082540e-01, 9.01695740e+02, 3.55142548e+02,
       9.02590930e-01, 9.11473999e+02, 3.86439941e+02, 8.20159256e-01,
       8.84079224e+02, 3.49187866e+02, 1.80758163e-01, 8.99676453e+02,
       4.15892792e+02, 6.99031770e-01, 1.16049667e+02, 6.31304810e+02,
       5.96282780e-02, 1.20032440e+02, 6.39181458e+02, 7.19090551e-02,
       1.92490356e+02, 6.33330933e+02, 1.08966082e-01, 0., 0., 0., 0.,
       0., 0., 2.02299484e+02, 6.31365051e+02, 2.41806895e-01 ]
