%YAML:1.0
---
pose_0: !!opencv-matrix
   rows: 1
   cols: 25
   dt: "3f"
   data: [ 8.66421265e+02, 2.51257324e+02, 7.76828766e-01,
       8.21337585e+02, 3.02222168e+02, 6.12445951e-01, 8.25306458e+02,
       3.00265320e+02, 4.17124897e-01, 7.27322449e+02, 2.74772949e+02,
       1.17476195e-01, 0., 0., 0., 8.23365723e+02, 3.04120514e+02,
       5.73953331e-01, 7.27269531e+02, 2.72800110e+02, 7.50556350e-01,
       6.68595398e+02, 1.82738815e+02, 7.20905304e-01, 5.43172546e+02,
       3.43355347e+02, 7.40385950e-02, 0., 0., 0., 0., 0., 0., 0., 0.,
       0., 0., 0., 0., 0., 0., 0., 0., 0., 0., 8.72308044e+02,
       2.39496170e+02, 7.65003443e-01, 8.84140137e+02, 2.61109558e+02,
       8.73564839e-01, 0., 0., 0., 8.82054626e+02, 3.06050415e+02,
       8.17302585e-01, 0., 0., 0., 0., 0., 0., 0., 0., 0., 0., 0., 0.,
       0., 0., 0., 0., 0., 0. ]
