%YAML:1.0
---
pose_0: !!opencv-matrix
   rows: 1
   cols: 25
   dt: "3f"
   data: [ 8.58635071e+02, 3.17826263e+02, 7.63435006e-01,
       7.74407593e+02, 2.76744843e+02, 6.34456336e-01, 7.82171753e+02,
       2.10104156e+02, 6.43802226e-01, 7.31277771e+02, 2.00318481e+02,
       6.58214569e-01, 8.17484619e+02, 3.08081238e+02, 7.04870999e-01,
       7.72329773e+02, 3.39456360e+02, 6.27998352e-01, 7.15566406e+02,
       4.45226410e+02, 8.56003165e-01, 7.88075989e+02, 4.13966095e+02,
       8.62050414e-01, 5.56881104e+02, 2.68876373e+02, 2.02836931e-01,
       5.51012939e+02, 2.27761597e+02, 2.23411709e-01, 3.82529755e+02,
       2.16019363e+02, 8.39549154e-02, 3.53146423e+02, 2.12135391e+02,
       1.98360667e-01, 5.51034058e+02, 3.19816467e+02, 2.52830148e-01,
       3.39404297e+02, 3.33580688e+02, 3.97978783e-01, 1.61146027e+02,
       3.23738617e+02, 4.76539969e-01, 8.72357910e+02, 2.98276459e+02,
       7.42353380e-01, 8.78201477e+02, 3.19785736e+02, 5.82524836e-01,
       8.58585327e+02, 2.57174072e+02, 8.57313871e-01, 0., 0., 0.,
       1.16117561e+02, 3.78581207e+02, 3.67698133e-01, 1.20022034e+02,
       3.76634308e+02, 3.61374229e-01, 1.35683090e+02, 3.08061920e+02,
       3.81161034e-01, 0., 0., 0., 0., 0., 0., 0., 0., 0. ]
