%YAML:1.0
---
pose_0: !!opencv-matrix
   rows: 1
   cols: 25
   dt: "3f"
   data: [ 1.07607898e+03, 2.61038788e+02, 6.99772179e-01,
       9.21325439e+02, 2.55176926e+02, 3.63978565e-01, 9.60450928e+02,
       1.55293976e+02, 4.62656885e-01, 8.01803345e+02, 2.41011333e+01,
       5.11883855e-01, 8.97805664e+02, 1.31762543e+02, 6.92234755e-01,
       9.29120361e+02, 3.57060974e+02, 4.25861686e-01, 7.93965332e+02,
       4.09948090e+02, 1.58356234e-01, 7.48907837e+02, 4.09968903e+02,
       1.37492940e-01, 6.25457214e+02, 2.86525452e+02, 8.04348141e-02,
       5.99979736e+02, 2.39508942e+02, 8.91225934e-02, 0., 0., 0., 0.,
       0., 0., 6.45046448e+02, 3.39454773e+02, 7.18480498e-02, 0., 0.,
       0., 0., 0., 0., 1.09370215e+03, 2.27845520e+02, 8.30618441e-01,
       1.10346875e+03, 2.82589447e+02, 7.40787804e-01, 1.07015747e+03,
       1.86620987e+02, 5.43173671e-01, 0., 0., 0., 0., 0., 0., 0., 0.,
       0., 0., 0., 0., 0., 0., 0., 0., 0., 0., 0., 0., 0. ]
