%YAML:1.0
---
pose_0: !!opencv-matrix
   rows: 1
   cols: 25
   dt: "3f"
   data: [ 9.17340881e+02, 2.37512527e+02, 6.99996948e-01,
       8.35109375e+02, 3.08067810e+02, 4.88491833e-01, 8.23324707e+02,
       2.88535706e+02, 1.87293053e-01, 0., 0., 0., 0., 0., 0.,
       8.44885010e+02, 3.21816010e+02, 3.74564379e-01, 7.11610229e+02,
       3.33571899e+02, 7.27327228e-01, 5.80394775e+02, 2.15989975e+02,
       4.69554365e-01, 5.19674866e+02, 3.68811096e+02, 9.25726816e-02,
       5.13804565e+02, 3.45296783e+02, 9.73992646e-02, 2.88475494e+02,
       2.82639008e+02, 2.44007289e-01, 1.02352837e+02, 4.11887451e+02,
       7.40518719e-02, 5.13805054e+02, 3.96250153e+02, 7.71627501e-02,
       2.88442291e+02, 2.84582397e+02, 2.76950449e-01, 7.49312897e+01,
       4.27577789e+02, 6.45562857e-02, 9.31083069e+02, 2.31721832e+02,
       4.40884143e-01, 9.33122375e+02, 2.57066833e+02, 8.65522504e-01,
       0., 0., 0., 9.15367676e+02, 3.06162109e+02, 8.55564773e-01, 0.,
       0., 0., 0., 0., 0., 6.71124191e+01, 4.25641876e+02,
       7.48617128e-02, 0., 0., 0., 0., 0., 0., 0., 0., 0. ]
