%YAML:1.0
---
pose_0: !!opencv-matrix
   rows: 1
   cols: 25
   dt: "3f"
   data: [ 9.09498352e+02, 2.90458221e+02, 7.89653420e-01,
       7.90021545e+02, 2.88438782e+02, 6.05392158e-01, 7.95938293e+02,
       2.00306854e+02, 6.53737366e-01, 6.78347778e+02, 1.59162079e+02,
       6.74346268e-01, 5.70614990e+02, 1.86596893e+02, 7.95773208e-01,
       7.74309875e+02, 3.68827271e+02, 6.05437040e-01, 6.60750183e+02,
       4.31587860e+02, 5.41877508e-01, 6.60738098e+02, 4.15801086e+02,
       6.89434528e-01, 5.39251038e+02, 2.90475616e+02, 2.29354069e-01,
       5.41197571e+02, 2.49296448e+02, 2.79848725e-01, 4.47196716e+02,
       2.55163666e+02, 1.08305112e-01, 3.41387848e+02, 2.82608398e+02,
       9.20269862e-02, 5.39233948e+02, 3.43325623e+02, 1.95903450e-01,
       3.47254974e+02, 3.41408478e+02, 9.78435576e-02, 1.23916801e+02,
       3.21781006e+02, 1.37109518e-01, 9.17307739e+02, 2.72866577e+02,
       8.85371268e-01, 9.17355530e+02, 3.06142944e+02, 7.92553306e-01,
       8.89972290e+02, 2.49301880e+02, 6.59730792e-01, 9.07544922e+02,
       3.23775940e+02, 2.38240838e-01, 5.72857628e+01, 3.55100525e+02,
       1.26404583e-01, 6.51697311e+01, 3.62920746e+02, 1.17082164e-01,
       1.27838333e+02, 3.25736267e+02, 7.95067400e-02, 0., 0., 0., 0.,
       0., 0., 0., 0., 0. ]
