%YAML:1.0
---
pose_0: !!opencv-matrix
   rows: 1
   cols: 25
   dt: "3f"
   data: [ 9.46697693e+02, 2.88422852e+02, 8.04543614e-01,
       8.31186401e+02, 3.02159058e+02, 6.50120795e-01, 8.21406799e+02,
       2.12071304e+02, 7.09850430e-01, 6.64673035e+02, 1.80741348e+02,
       7.39955902e-01, 5.45149963e+02, 1.78725754e+02, 6.38239503e-01,
       8.35075134e+02, 3.92334778e+02, 5.85755229e-01, 7.11700500e+02,
       4.29596039e+02, 5.55845976e-01, 5.56948730e+02, 4.76475311e+02,
       7.13051319e-01, 5.96075134e+02, 3.11997498e+02, 1.80252820e-01,
       5.88224609e+02, 2.63026764e+02, 1.89795107e-01, 3.66791656e+02,
       2.61104797e+02, 1.07501723e-01, 0., 0., 0., 6.01939636e+02,
       3.66853210e+02, 1.56802133e-01, 3.64901672e+02, 4.02121246e+02,
       7.13238046e-02, 1.37624741e+02, 4.15813660e+02, 8.28926042e-02,
       9.54627991e+02, 2.61037933e+02, 8.39467466e-01, 9.62491760e+02,
       3.04068695e+02, 8.44638586e-01, 9.23219238e+02, 2.39500458e+02,
       6.19112015e-01, 9.48767517e+02, 3.23711182e+02, 1.15746066e-01,
       0., 0., 0., 0., 0., 0., 0., 0., 0., 0., 0., 0., 0., 0., 0., 0.,
       0., 0. ]
