%YAML:1.0
---
pose_0: !!opencv-matrix
   rows: 1
   cols: 25
   dt: "3f"
   data: [ 1.02122931e+03, 2.31714066e+02, 7.01044202e-01,
       8.99749390e+02, 2.41515121e+02, 5.04630923e-01, 9.01731750e+02,
       1.49420685e+02, 5.47635257e-01, 9.09542725e+02, 3.57611160e+01,
       3.08138967e-01, 1.05850061e+03, 1.37628677e+02, 2.79494077e-01,
       8.82069763e+02, 3.29636566e+02, 4.70407456e-01, 8.54620300e+02,
       4.84433014e+02, 7.36571670e-01, 9.82037109e+02, 3.96215240e+02,
       7.02698171e-01, 5.80395142e+02, 2.72812592e+02, 6.83162659e-02,
       5.64724487e+02, 1.96402039e+02, 6.76099062e-02, 0., 0., 0., 0.,
       0., 0., 5.99981567e+02, 3.06149414e+02, 7.53399730e-02, 0., 0.,
       0., 0., 0., 0., 1.03294592e+03, 2.04270203e+02, 7.72572339e-01,
       1.04084180e+03, 2.49341919e+02, 6.82845175e-01, 1.00750775e+03,
       1.69014175e+02, 4.32940632e-01, 9.99687500e+02, 2.57130920e+02,
       2.58447737e-01, 0., 0., 0., 0., 0., 0., 0., 0., 0., 0., 0., 0.,
       0., 0., 0., 0., 0., 0. ]
