%YAML:1.0
---
pose_0: !!opencv-matrix
   rows: 1
   cols: 25
   dt: "3f"
   data: [ 9.58533203e+02, 1.29793137e+02, 6.78747296e-01,
       8.50705994e+02, 1.82729904e+02, 5.84522128e-01, 8.80131165e+02,
       2.41510178e+02, 5.06272078e-01, 7.33196106e+02, 3.66801758e+02,
       7.28125870e-01, 5.62759277e+02, 4.31472565e+02, 6.04610145e-01,
       8.82116882e+02, 2.27737030e+02, 1.29737720e-01, 0., 0., 0., 0.,
       0., 0., 5.19670044e+02, 2.19932907e+02, 7.12568760e-02, 0., 0.,
       0., 0., 0., 0., 0., 0., 0., 0., 0., 0., 0., 0., 0., 0., 0., 0.,
       9.74195251e+02, 1.14092049e+02, 4.76584822e-01, 9.76168152e+02,
       1.49358002e+02, 8.31434608e-01, 0., 0., 0., 9.60506470e+02,
       1.90554016e+02, 6.61840141e-01, 0., 0., 0., 0., 0., 0., 0., 0.,
       0., 0., 0., 0., 0., 0., 0., 0., 0., 0. ]
