%YAML:1.0
---
pose_0: !!opencv-matrix
   rows: 1
   cols: 25
   dt: "3f"
   data: [ 9.25225708e+02, 3.51159058e+02, 8.01381469e-01,
       8.17478333e+02, 3.78595764e+02, 6.47214711e-01, 8.05635620e+02,
       3.04141937e+02, 6.88321292e-01, 6.68531616e+02, 2.88386475e+02,
       6.85688376e-01, 5.82360596e+02, 2.76763947e+02, 7.67713428e-01,
       8.23404236e+02, 4.58866028e+02, 6.38059974e-01, 6.97981812e+02,
       5.07869019e+02, 8.27107906e-01, 6.97948608e+02, 4.00135803e+02,
       8.55871677e-01, 5.43173950e+02, 3.84523132e+02, 2.67882973e-01,
       5.56899658e+02, 3.41415680e+02, 2.76664317e-01, 3.62940521e+02,
       3.04149719e+02, 2.70229280e-01, 1.98369324e+02, 3.47272156e+02,
       3.47916007e-01, 5.29473694e+02, 4.27564514e+02, 2.62069643e-01,
       3.68815002e+02, 4.70675537e+02, 4.16054130e-01, 1.67014313e+02,
       5.09813507e+02, 3.23942006e-01, 9.32960388e+02, 3.35443176e+02,
       9.27538395e-01, 9.42853760e+02, 3.66850861e+02, 8.52983654e-01,
       9.03676208e+02, 3.19802765e+02, 5.29455662e-01, 9.23272583e+02,
       3.98114868e+02, 4.57505107e-01, 9.25941315e+01, 5.11851257e+02,
       2.40778446e-01, 1.04321632e+02, 5.23583862e+02, 2.55758673e-01,
       1.45461548e+02, 5.07910950e+02, 1.20503463e-01, 1.82716644e+02,
       3.68809784e+02, 5.43925501e-02, 1.80753418e+02, 3.68811035e+02,
       6.06579967e-02, 1.88575348e+02, 3.57045135e+02, 2.23694935e-01 ]
