%YAML:1.0
---
pose_0: !!opencv-matrix
   rows: 1
   cols: 25
   dt: "3f"
   data: [ 8.82076355e+02, 3.33532257e+02, 7.78919816e-01,
       7.88095642e+02, 3.17824982e+02, 7.06453562e-01, 7.88035950e+02,
       2.41428268e+02, 6.75135851e-01, 6.64636719e+02, 1.82755188e+02,
       8.21904182e-01, 6.03904236e+02, 2.57208923e+02, 8.18091333e-01,
       7.82208252e+02, 3.90340027e+02, 5.84076822e-01, 6.80253845e+02,
       4.27551178e+02, 5.94289482e-01, 6.27449219e+02, 4.47209015e+02,
       6.87677681e-01, 5.39248230e+02, 3.29620972e+02, 2.86095798e-01,
       5.41203125e+02, 2.88477020e+02, 4.16740596e-01, 3.53196594e+02,
       3.04072266e+02, 5.36754727e-01, 1.78806412e+02, 3.19832306e+02,
       4.14853334e-01, 5.31437622e+02, 3.76650085e+02, 3.50819916e-01,
       3.41381714e+02, 3.82443146e+02, 3.28109026e-01, 1.65034866e+02,
       3.84494049e+02, 3.38682562e-01, 8.97709290e+02, 3.08146881e+02,
       7.54708648e-01, 8.97741577e+02, 3.47225891e+02, 7.44168341e-01,
       8.80174866e+02, 2.76775269e+02, 6.29049659e-01, 0., 0., 0.,
       1.06273705e+02, 4.21727600e+02, 2.94086784e-01, 1.12187416e+02,
       4.25646423e+02, 3.17586869e-01, 0., 0., 0., 1.31747955e+02,
       2.86522491e+02, 2.46010631e-01, 1.31744308e+02, 2.86509766e+02,
       2.15088844e-01, 1.63103775e+02, 3.31581940e+02, 2.48588368e-01 ]
