%YAML:1.0
---
pose_0: !!opencv-matrix
   rows: 1
   cols: 25
   dt: "3f"
   data: [ 8.97713135e+02, 2.12025177e+02, 8.51658881e-01,
       7.88043701e+02, 2.27744888e+02, 7.03178227e-01, 7.68449768e+02,
       1.49440216e+02, 6.76677167e-01, 6.47001160e+02, 1.31753922e+02,
       8.27159762e-01, 5.56945190e+02, 1.47446442e+02, 8.43793690e-01,
       8.03729431e+02, 3.10013031e+02, 6.62748635e-01, 7.01840637e+02,
       3.53187408e+02, 6.87311828e-01, 5.82314636e+02, 3.51116516e+02,
       7.96679497e-01, 5.41206604e+02, 2.57124756e+02, 1.36474550e-01,
       5.31402588e+02, 2.14032501e+02, 1.84899390e-01, 3.23750244e+02,
       2.31668198e+02, 1.05019853e-01, 0., 0., 0., 5.49058472e+02,
       3.04179565e+02, 9.18706208e-02, 3.35497101e+02, 2.39485809e+02,
       5.40308319e-02, 0., 0., 0., 9.01759644e+02, 1.92421249e+02,
       8.77350211e-01, 9.11480652e+02, 2.25804352e+02, 8.40493083e-01,
       8.80118225e+02, 1.68983795e+02, 7.04916835e-01, 8.95781433e+02,
       2.47322144e+02, 3.40861797e-01, 0., 0., 0., 0., 0., 0., 0., 0.,
       0., 0., 0., 0., 0., 0., 0., 0., 0., 0. ]
