%YAML:1.0
---
pose_0: !!opencv-matrix
   rows: 1
   cols: 25
   dt: "3f"
   data: [ 9.31072693e+02, 3.86480042e+02, 7.76232243e-01,
       8.23286438e+02, 3.64853790e+02, 6.88352466e-01, 8.25341064e+02,
       2.90513153e+02, 5.67236125e-01, 7.62669006e+02, 1.74827225e+02,
       7.43954897e-01, 7.29271362e+02, 2.12088638e+02, 8.50923181e-01,
       8.09651917e+02, 4.29525360e+02, 5.20208120e-01, 7.78302307e+02,
       4.64795776e+02, 2.85060227e-01, 7.15570251e+02, 5.15720581e+02,
       7.06218481e-01, 5.70605469e+02, 3.49223267e+02, 5.62950894e-02,
       0., 0., 0., 0., 0., 0., 0., 0., 0., 0., 0., 0., 0., 0., 0., 0.,
       0., 0., 9.44794800e+02, 3.66913635e+02, 7.53717542e-01,
       9.46720459e+02, 3.98201660e+02, 6.90248251e-01, 9.23279114e+02,
       3.35470551e+02, 4.66880888e-01, 0., 0., 0., 0., 0., 0., 0., 0.,
       0., 0., 0., 0., 0., 0., 0., 0., 0., 0., 0., 0., 0. ]
