%YAML:1.0
---
pose_0: !!opencv-matrix
   rows: 1
   cols: 25
   dt: "3f"
   data: [ 9.93765320e+02, 1.96460754e+02, 7.57726729e-01,
       8.82127747e+02, 2.53219833e+02, 1.49497554e-01, 8.70350891e+02,
       1.68985260e+02, 7.12916851e-02, 8.37082153e+02, 1.02343369e+02,
       9.21827927e-02, 0., 0., 0., 8.33126343e+02, 3.04138245e+02,
       1.13766558e-01, 7.50883728e+02, 4.27515839e+02, 7.27271080e-01,
       8.54693726e+02, 3.19820404e+02, 7.92705059e-01, 0., 0., 0., 0.,
       0., 0., 0., 0., 0., 0., 0., 0., 0., 0., 0., 0., 0., 0., 0., 0.,
       0., 1.00938568e+03, 1.66987320e+02, 7.24930048e-01,
       1.01343134e+03, 2.14105896e+02, 7.83752501e-01, 9.80054993e+02,
       1.47367432e+02, 2.16954559e-01, 1.01729541e+03, 2.51250610e+02,
       5.29088415e-02, 0., 0., 0., 0., 0., 0., 0., 0., 0., 0., 0., 0.,
       0., 0., 0., 0., 0., 0. ]
