%YAML:1.0
---
pose_0: !!opencv-matrix
   rows: 1
   cols: 25
   dt: "3f"
   data: [ 8.70361816e+02, 2.63046112e+02, 7.83543348e-01,
       8.07597534e+02, 3.23802216e+02, 6.17296100e-01, 8.21296143e+02,
       3.49211578e+02, 4.73554999e-01, 0., 0., 0., 0., 0., 0.,
       8.01791321e+02, 3.19770172e+02, 5.79378128e-01, 6.98028870e+02,
       2.90386444e+02, 7.14208722e-01, 8.07748352e+02, 2.12010986e+02,
       7.36894608e-01, 6.11736816e+02, 3.21800873e+02, 2.34958395e-01,
       5.92162964e+02, 2.80652130e+02, 2.62334377e-01, 3.39428192e+02,
       3.15920410e+02, 1.06668800e-01, 0., 0., 0., 6.13707703e+02,
       3.64858246e+02, 2.30257228e-01, 3.19850311e+02, 3.23794098e+02,
       2.46690080e-01, 1.29778564e+02, 3.78583740e+02, 3.18307668e-01,
       8.82065308e+02, 2.57165283e+02, 7.58548379e-01, 8.93859985e+02,
       2.76783630e+02, 8.08652341e-01, 0., 0., 0., 8.85968018e+02,
       3.25706573e+02, 7.81445682e-01, 8.67082520e+01, 3.96216125e+02,
       1.31290272e-01, 9.45216980e+01, 3.98196045e+02, 1.71854109e-01,
       1.16119682e+02, 3.84531952e+02, 1.89922422e-01, 0., 0., 0., 0.,
       0., 0., 0., 0., 0. ]
