%YAML:1.0
---
pose_0: !!opencv-matrix
   rows: 1
   cols: 25
   dt: "3f"
   data: [ 8.88018433e+02, 4.08014771e+02, 7.36115634e-01,
       7.80257263e+02, 4.27604645e+02, 6.68115675e-01, 7.70432617e+02,
       3.53109680e+02, 6.95207536e-01, 6.66604553e+02, 2.90500854e+02,
       8.78995657e-01, 7.25402771e+02, 2.72854828e+02, 8.77092361e-01,
       7.90047974e+02, 4.96226471e+02, 6.49714828e-01, 6.74463318e+02,
       5.58852234e+02, 7.87143350e-01, 7.93927612e+02, 5.37320435e+02,
       7.92395353e-01, 5.35350586e+02, 4.78510559e+02, 3.09340358e-01,
       5.31433655e+02, 4.29561646e+02, 4.29360420e-01, 3.39482605e+02,
       4.00112274e+02, 3.08720738e-01, 0., 0., 0., 5.47096985e+02,
       5.23598999e+02, 3.46230507e-01, 3.82469757e+02, 5.23571655e+02,
       2.66693234e-01, 0., 0., 0., 8.99641296e+02, 3.96227600e+02,
       8.73444915e-01, 9.01721375e+02, 4.25661804e+02, 7.58071303e-01,
       8.72308533e+02, 3.82563660e+02, 5.03295600e-01, 8.84093140e+02,
       4.53055023e+02, 5.62217772e-01, 0., 0., 0., 0., 0., 0., 0., 0.,
       0., 0., 0., 0., 0., 0., 0., 0., 0., 0. ]
