%YAML:1.0
---
pose_0: !!opencv-matrix
   rows: 1
   cols: 25
   dt: "3f"
   data: [ 1.01138873e+03, 2.45365341e+02, 7.59121180e-01,
       8.82124878e+02, 2.39488525e+02, 3.64119142e-01, 8.91885071e+02,
       1.37656982e+02, 4.97255862e-01, 8.09587402e+02, 3.18228931e+01,
       7.60995150e-01, 8.54641296e+02, 1.80798004e+02, 6.60924435e-01,
       8.52742249e+02, 3.27693817e+02, 3.86635303e-01, 7.68467529e+02,
       3.68806549e+02, 1.29886314e-01, 7.15595703e+02, 3.80553040e+02,
       2.38553628e-01, 0., 0., 0., 0., 0., 0., 0., 0., 0., 0., 0., 0.,
       0., 0., 0., 0., 0., 0., 0., 0., 0., 1.02520105e+03,
       2.19921600e+02, 8.34255815e-01, 1.02706543e+03, 2.63031250e+02,
       7.23087072e-01, 9.97720703e+02, 1.80678558e+02, 2.97864139e-01,
       0., 0., 0., 0., 0., 0., 0., 0., 0., 0., 0., 0., 0., 0., 0., 0.,
       0., 0., 0., 0., 0. ]
