%YAML:1.0
---
pose_0: !!opencv-matrix
   rows: 1
   cols: 25
   dt: "3f"
   data: [ 9.13428101e+02, 4.45216370e+02, 8.05930614e-01,
       8.07606384e+02, 4.45162537e+02, 6.89741790e-01, 7.93934448e+02,
       3.68830200e+02, 7.40622699e-01, 6.78308167e+02, 3.19802765e+02,
       8.15024376e-01, 7.44980225e+02, 2.88572357e+02, 9.07194674e-01,
       8.09675476e+02, 5.23574829e+02, 5.68782210e-01, 6.82365234e+02,
       5.86306519e+02, 8.11344981e-01, 7.95953125e+02, 5.72527588e+02,
       7.33795404e-01, 5.45145996e+02, 4.60912048e+02, 3.31653118e-01,
       5.54912048e+02, 4.11921997e+02, 3.98343444e-01, 3.57054688e+02,
       3.84475433e+02, 2.53253549e-01, 0., 0., 0., 5.52995117e+02,
       5.02046692e+02, 3.74672532e-01, 3.76648163e+02, 4.94260864e+02,
       3.88415396e-01, 3.76657684e+02, 4.90246338e+02, 7.31528252e-02,
       9.19306030e+02, 4.19734802e+02, 8.11819196e-01, 9.25183716e+02,
       4.60810699e+02, 7.75830150e-01, 8.95823608e+02, 3.96197906e+02,
       6.81054711e-01, 9.13406250e+02, 4.76483398e+02, 3.45659614e-01,
       0., 0., 0., 0., 0., 0., 0., 0., 0., 0., 0., 0., 0., 0., 0., 0.,
       0., 0. ]
