%YAML:1.0
---
pose_0: !!opencv-matrix
   rows: 2
   cols: 25
   dt: "3f"
   data: [ 9.13382813e+02, 3.68858521e+02, 8.10063183e-01,
       8.23354431e+02, 3.15938721e+02, 4.06651020e-01, 8.25350098e+02,
       2.98271332e+02, 6.94984615e-01, 7.25307861e+02, 3.78591980e+02,
       7.16113210e-01, 7.58735901e+02, 4.80511902e+02, 8.23578238e-01,
       8.23345947e+02, 3.45288086e+02, 1.80192351e-01, 0., 0., 0., 0.,
       0., 0., 5.25558228e+02, 2.90440704e+02, 2.63710499e-01,
       5.31417297e+02, 3.12003845e+02, 1.82237774e-01, 3.53123108e+02,
       3.84491211e+02, 2.86361217e-01, 1.35664139e+02, 3.47233124e+02,
       2.56742060e-01, 5.23564941e+02, 2.72814453e+02, 2.24127740e-01,
       3.35522003e+02, 3.53143524e+02, 2.47673243e-01, 1.45468567e+02,
       3.29628998e+02, 1.18986905e-01, 9.27195557e+02, 3.47223633e+02,
       7.47092605e-01, 9.27160217e+02, 3.80529846e+02, 7.93132961e-01,
       9.01781494e+02, 3.06110718e+02, 8.88265610e-01, 0., 0., 0., 0.,
       0., 0., 0., 0., 0., 0., 0., 0., 8.67274246e+01, 3.57090179e+02,
       8.67387578e-02, 8.47056351e+01, 3.51191589e+02, 8.13199133e-02,
       1.12189941e+02, 3.43338226e+02, 1.80757359e-01, 0., 0., 0., 0.,
       0., 0., 0., 0., 0., 0., 0., 0., 0., 0., 0., 6.90125122e+02,
       3.23754028e+02, 5.81805520e-02, 6.64552734e+02, 3.96201447e+02,
       5.61143219e-01, 6.97943054e+02, 4.92309052e+02, 7.92214870e-01,
       0., 0., 0., 0., 0., 0., 0., 0., 0., 0., 0., 0., 0., 0., 0., 0.,
       0., 0., 0., 0., 0., 0., 0., 0., 0., 0., 0., 0., 0., 0., 0., 0.,
       0., 0., 0., 0., 0., 0., 0., 0., 0., 0., 0., 0., 0., 0., 0., 0.,
       0., 0., 0. ]
