%YAML:1.0
---
pose_0: !!opencv-matrix
   rows: 1
   cols: 25
   dt: "3f"
   data: [ 9.27198242e+02, 3.68896790e+02, 7.85477102e-01,
       8.07599487e+02, 3.90371613e+02, 6.97571337e-01, 7.93984924e+02,
       3.19785034e+02, 7.08302438e-01, 6.64615295e+02, 3.04077759e+02,
       6.70433760e-01, 5.56921204e+02, 3.04209961e+02, 7.94489026e-01,
       8.19378540e+02, 4.64859314e+02, 6.17791355e-01, 6.95921448e+02,
       5.29506531e+02, 6.53750241e-01, 5.99969788e+02, 4.78468506e+02,
       7.83107162e-01, 5.23606140e+02, 4.13903259e+02, 3.07644844e-01,
       5.31437012e+02, 3.68795959e+02, 4.09281760e-01, 3.55138245e+02,
       3.72761597e+02, 4.49102879e-01, 1.90506088e+02, 4.41284912e+02,
       5.46891809e-01, 5.19649902e+02, 4.53069000e+02, 3.69177431e-01,
       3.66864929e+02, 4.88327759e+02, 4.36789751e-01, 1.67070877e+02,
       5.09873352e+02, 4.65443581e-01, 9.33161194e+02, 3.55068268e+02,
       8.90182614e-01, 9.40889038e+02, 3.86441284e+02, 7.99460649e-01,
       9.15402344e+02, 3.37452789e+02, 4.69027281e-01, 9.17391113e+02,
       4.13893982e+02, 6.38170123e-01, 9.45366440e+01, 5.17700684e+02,
       3.37757379e-01, 1.06263435e+02, 5.23637024e+02, 3.52567196e-01,
       1.57237503e+02, 4.98141907e+02, 2.32207716e-01, 1.23930023e+02,
       3.96208069e+02, 3.49577099e-01, 1.23950371e+02, 3.92327179e+02,
       2.95328289e-01, 1.78808899e+02, 4.56985504e+02, 4.31735635e-01 ]
