%YAML:1.0
---
pose_0: !!opencv-matrix
   rows: 1
   cols: 25
   dt: "3f"
   data: [ 8.99744629e+02, 3.51216766e+02, 8.03449929e-01,
       8.37001587e+02, 2.68900543e+02, 4.91358429e-01, 8.46824280e+02,
       2.49320129e+02, 7.15351224e-01, 7.42913391e+02, 2.49319275e+02,
       7.93352246e-01, 7.05805542e+02, 3.88409729e+02, 6.86717570e-01,
       8.25312378e+02, 2.92436035e+02, 3.10064018e-01, 7.58704773e+02,
       3.19807678e+02, 8.36172178e-02, 0., 0., 0., 5.49047180e+02,
       2.37539383e+02, 1.68132275e-01, 5.41213684e+02, 2.41463959e+02,
       1.84148103e-01, 3.25715973e+02, 3.33573669e+02, 2.73088247e-01,
       1.12179443e+02, 2.57116638e+02, 1.37566984e-01, 0., 0., 0., 0.,
       0., 0., 0., 0., 0., 9.17378052e+02, 3.35521149e+02,
       8.36426377e-01, 0., 0., 0., 9.13394653e+02, 2.82633972e+02,
       8.12657833e-01, 0., 0., 0., 0., 0., 0., 0., 0., 0., 0., 0., 0.,
       0., 0., 0., 0., 0., 0., 0., 0., 0. ]
