%YAML:1.0
---
pose_0: !!opencv-matrix
   rows: 1
   cols: 25
   dt: "3f"
   data: [ 9.17303101e+02, 3.78569336e+02, 8.00652921e-01,
       8.11596436e+02, 3.86492950e+02, 6.62506282e-01, 8.03753357e+02,
       3.13961395e+02, 7.20246077e-01, 6.95947021e+02, 2.57179932e+02,
       7.80578017e-01, 7.45035583e+02, 3.51202148e+02, 6.17511749e-01,
       8.23348267e+02, 4.64865112e+02, 6.56463265e-01, 7.46992554e+02,
       5.15750061e+02, 7.58843362e-01, 7.62599609e+02, 3.96254089e+02,
       5.39323449e-01, 5.68654602e+02, 4.11931763e+02, 1.80624306e-01,
       5.72578613e+02, 3.68823303e+02, 2.50125766e-01, 3.39466400e+02,
       3.72740387e+02, 1.94738343e-01, 0., 0., 0., 5.86262939e+02,
       4.70688873e+02, 9.77634788e-02, 3.84463531e+02, 4.96142761e+02,
       5.88879548e-02, 0., 0., 0., 9.25205566e+02, 3.53200867e+02,
       8.35105598e-01, 9.31113098e+02, 3.92343262e+02, 7.98410654e-01,
       8.95819153e+02, 3.33574341e+02, 6.91527367e-01, 9.15449219e+02,
       4.11909943e+02, 4.09878552e-01, 0., 0., 0., 0., 0., 0., 0., 0.,
       0., 0., 0., 0., 0., 0., 0., 0., 0., 0. ]
