%YAML:1.0
---
pose_0: !!opencv-matrix
   rows: 1
   cols: 25
   dt: "3f"
   data: [ 8.48759705e+02, 2.41517685e+02, 7.25888371e-01,
       7.74331177e+02, 3.08108307e+02, 5.25577664e-01, 7.62620605e+02,
       2.90440857e+02, 2.52998412e-01, 0., 0., 0., 0., 0., 0.,
       7.80226318e+02, 3.23763397e+02, 5.12457311e-01, 6.62636597e+02,
       3.35470337e+02, 7.10932136e-01, 5.45141418e+02, 2.59043701e+02,
       6.44092739e-01, 4.96184692e+02, 3.66839447e+02, 1.70978397e-01,
       4.98117676e+02, 3.49227173e+02, 1.83892027e-01, 3.31576324e+02,
       2.88507416e+02, 2.46561512e-01, 1.27821777e+02, 3.68810699e+02,
       2.16643631e-01, 4.94204742e+02, 3.86440552e+02, 1.49448752e-01,
       3.08102448e+02, 2.49313446e+02, 5.52249193e-01, 1.23928085e+02,
       3.68825928e+02, 3.37751269e-01, 8.60574036e+02, 2.41523956e+02,
       5.01440823e-01, 8.64436462e+02, 2.59043427e+02, 8.10245991e-01,
       0., 0., 0., 8.42938354e+02, 3.06158234e+02, 8.11567128e-01,
       7.10772018e+01, 4.00223511e+02, 1.03603654e-01, 7.68988724e+01,
       4.00212341e+02, 1.18359260e-01, 1.02384476e+02, 3.86436249e+02,
       2.36660331e-01, 8.27317657e+01, 4.00201141e+02, 6.81787953e-02,
       0., 0., 0., 1.10210686e+02, 3.92308136e+02, 1.34577632e-01 ]
