%YAML:1.0
---
pose_0: !!opencv-matrix
   rows: 1
   cols: 25
   dt: "3f"
   data: [ 8.95838623e+02, 4.43234894e+02, 8.06924164e-01,
       7.92056152e+02, 4.17835541e+02, 7.13833094e-01, 7.74419067e+02,
       3.53169250e+02, 7.24805534e-01, 7.66538513e+02, 2.43483551e+02,
       7.66085744e-01, 8.66450745e+02, 2.68911743e+02, 8.05797994e-01,
       8.19419861e+02, 4.88333862e+02, 6.53537214e-01, 8.21413635e+02,
       6.17667786e+02, 8.43856990e-01, 9.03704956e+02, 7.15626038e+02,
       5.80423594e-01, 5.76479919e+02, 4.47156158e+02, 2.59540260e-01,
       5.72551697e+02, 4.04064362e+02, 3.67860585e-01, 3.98211334e+02,
       4.15825439e+02, 1.17579743e-01, 0., 0., 0., 5.80397644e+02,
       4.94154846e+02, 2.56805718e-01, 4.02159760e+02, 5.23569397e+02,
       7.42160380e-02, 0., 0., 0., 9.03674561e+02, 4.15892761e+02,
       8.16449106e-01, 9.07559998e+02, 4.45177673e+02, 7.05931544e-01,
       8.80173157e+02, 3.76659668e+02, 7.80108213e-01, 0., 0., 0., 0.,
       0., 0., 0., 0., 0., 0., 0., 0., 0., 0., 0., 0., 0., 0., 0., 0.,
       0. ]
