%YAML:1.0
---
pose_0: !!opencv-matrix
   rows: 1
   cols: 25
   dt: "3f"
   data: [ 9.01622681e+02, 4.09930420e+02, 7.27217376e-01,
       7.97839050e+02, 4.25645630e+02, 6.51248038e-01, 7.90086243e+02,
       3.51182068e+02, 6.76622808e-01, 6.88181824e+02, 2.72796387e+02,
       6.91420853e-01, 6.62706543e+02, 2.80627472e+02, 7.52864897e-01,
       8.01741211e+02, 5.05897217e+02, 5.70120096e-01, 6.82234802e+02,
       5.72618103e+02, 6.82438314e-01, 5.72543640e+02, 6.25425110e+02,
       7.69757271e-01, 5.41213135e+02, 4.47141541e+02, 2.59324521e-01,
       5.41224548e+02, 4.00148743e+02, 4.07452345e-01, 3.59037903e+02,
       4.13861908e+02, 1.35645822e-01, 2.43455856e+02, 3.57078979e+02,
       7.67154321e-02, 5.51002686e+02, 4.96137024e+02, 2.70024270e-01,
       3.78601563e+02, 5.19652649e+02, 8.37310627e-02, 0., 0., 0.,
       9.13393738e+02, 3.94273590e+02, 7.61425138e-01, 9.13442078e+02,
       4.27578278e+02, 7.26199329e-01, 8.88044556e+02, 3.68817169e+02,
       5.06875455e-01, 8.89956787e+02, 4.47219055e+02, 4.11946595e-01,
       0., 0., 0., 0., 0., 0., 0., 0., 0., 2.16025665e+02,
       3.53197784e+02, 5.40921688e-02, 2.17981628e+02, 3.51209625e+02,
       5.75550720e-02, 2.37561157e+02, 3.55099518e+02, 5.89294694e-02 ]
