%YAML:1.0
---
pose_0: !!opencv-matrix
   rows: 1
   cols: 25
   dt: "3f"
   data: [ 8.99713135e+02, 3.98194794e+02, 8.11074853e-01,
       7.97844055e+02, 3.84521912e+02, 6.96147203e-01, 7.95888428e+02,
       3.08053497e+02, 6.81527317e-01, 6.64658875e+02, 2.63024811e+02,
       7.29245961e-01, 5.41178345e+02, 2.57045319e+02, 7.27845848e-01,
       7.95903259e+02, 4.56954010e+02, 5.98635912e-01, 6.82253540e+02,
       5.25567688e+02, 8.62922549e-01, 7.46914856e+02, 5.21564514e+02,
       7.85468221e-01, 5.23617676e+02, 3.78624176e+02, 3.00421417e-01,
       5.39280884e+02, 3.23741608e+02, 3.25228482e-01, 3.13988129e+02,
       3.37493958e+02, 4.03234333e-01, 0., 0., 0., 5.23605103e+02,
       4.27561859e+02, 3.46827090e-01, 3.66827545e+02, 4.78600830e+02,
       2.66489476e-01, 1.70971924e+02, 5.23621155e+02, 1.23937801e-01,
       9.13394226e+02, 3.74664551e+02, 7.28752732e-01, 9.15391846e+02,
       4.11902283e+02, 7.83680320e-01, 8.86073792e+02, 3.51103851e+02,
       6.52491808e-01, 9.11454407e+02, 4.31473969e+02, 8.59221965e-02,
       1.33756027e+02, 5.09916931e+02, 1.00354068e-01, 0., 0., 0., 0.,
       0., 0., 0., 0., 0., 0., 0., 0., 0., 0., 0. ]
