%YAML:1.0
---
pose_0: !!opencv-matrix
   rows: 2
   cols: 25
   dt: "3f"
   data: [ 1.04081201e+03, 2.21847687e+02, 2.89345056e-01,
       8.74260498e+02, 2.27778610e+02, 2.07916796e-01, 8.74262573e+02,
       2.78681976e+02, 2.79867649e-01, 9.46766235e+02, 3.68842163e+02,
       6.41897798e-01, 1.04671216e+03, 2.84542206e+02, 7.37148345e-01,
       8.48811707e+02, 1.35698700e+02, 1.41196474e-01, 6.95911255e+02,
       1.00358704e+02, 2.80114591e-01, 5.74531250e+02, 5.93018379e+01,
       1.54182702e-01, 5.84318848e+02, 2.23844666e+02, 9.98418182e-02,
       5.82365784e+02, 1.96429047e+02, 1.08094536e-01, 0., 0., 0., 0.,
       0., 0., 5.98040283e+02, 2.76730560e+02, 7.21194297e-02,
       3.29625061e+02, 3.43360596e+02, 1.39903575e-01, 1.31768173e+02,
       3.88395844e+02, 6.10784292e-02, 1.03879907e+03, 1.94392548e+02,
       1.89324602e-01, 1.07206555e+03, 2.25847275e+02, 1.52199611e-01,
       9.89865601e+02, 1.80731049e+02, 1.33603096e-01, 0., 0., 0., 0.,
       0., 0., 0., 0., 0., 0., 0., 0., 0., 0., 0., 0., 0., 0., 0., 0.,
       0., 0., 0., 0., 0., 0., 0., 8.54655701e+02, 1.37626419e+02,
       1.40472189e-01, 6.96009399e+02, 1.00380974e+02, 4.25985992e-01,
       5.72620789e+02, 5.92608719e+01, 6.66881680e-01, 0., 0., 0., 0.,
       0., 0., 0., 0., 0., 0., 0., 0., 0., 0., 0., 0., 0., 0., 0., 0.,
       0., 0., 0., 0., 0., 0., 0., 0., 0., 0., 0., 0., 0., 0., 0., 0.,
       0., 0., 0., 0., 0., 0., 0., 0., 0., 0., 0., 0., 0., 0., 0., 0.,
       0., 0., 0., 0., 0., 0., 0., 0. ]
