%YAML:1.0
---
pose_0: !!opencv-matrix
   rows: 1
   cols: 25
   dt: "3f"
   data: [ 8.86087097e+02, 1.29794403e+02, 7.68562555e-01,
       7.76393738e+02, 1.18087677e+02, 6.79271519e-01, 7.78271729e+02,
       3.76947174e+01, 6.19216383e-01, 6.94044250e+02, 5.35041857e+00,
       2.02860683e-01, 6.15665344e+02, 3.77782555e+01, 8.37600112e-01,
       7.74406555e+02, 2.02275070e+02, 6.39809906e-01, 6.74431274e+02,
       2.57047821e+02, 6.70954108e-01, 6.01929565e+02, 2.49288559e+02,
       7.84905851e-01, 5.37302063e+02, 1.23927032e+02, 2.13178217e-01,
       5.39277588e+02, 8.47572708e+01, 2.78386176e-01, 3.51171143e+02,
       8.28115540e+01, 1.78429455e-01, 0., 0., 0., 5.21640381e+02,
       1.76809845e+02, 2.25706279e-01, 3.37464722e+02, 1.86606155e+02,
       2.76994020e-01, 1.78783859e+02, 2.00347672e+02, 1.38672233e-01,
       8.99826660e+02, 1.06307907e+02, 8.62238765e-01, 8.99756287e+02,
       1.45399353e+02, 7.67319918e-01, 8.70344116e+02, 7.49513702e+01,
       6.83869541e-01, 8.88001099e+02, 1.63018555e+02, 1.59512222e-01,
       0., 0., 0., 0., 0., 0., 0., 0., 0., 0., 0., 0., 0., 0., 0., 0.,
       0., 0. ]
