%YAML:1.0
---
pose_0: !!opencv-matrix
   rows: 1
   cols: 25
   dt: "3f"
   data: [ 9.66327332e+02, 2.74819489e+02, 6.58485711e-01,
       9.01632446e+02, 2.90391907e+02, 6.95386410e-01, 9.01665771e+02,
       2.27750214e+02, 5.68562388e-01, 8.97732544e+02, 1.51368713e+02,
       6.83710694e-01, 9.99635437e+02, 2.41413116e+02, 6.46145403e-01,
       8.99777710e+02, 3.49229767e+02, 4.94229913e-01, 8.89980591e+02,
       4.39338165e+02, 7.04196692e-01, 9.97741211e+02, 3.72696686e+02,
       7.44415104e-01, 6.43086304e+02, 3.53136536e+02, 6.59859702e-02,
       0., 0., 0., 0., 0., 0., 0., 0., 0., 6.80305481e+02,
       3.92328766e+02, 5.29002994e-02, 0., 0., 0., 0., 0., 0.,
       9.80025818e+02, 2.61047546e+02, 5.55490434e-01, 9.87923279e+02,
       2.90513000e+02, 5.89453638e-01, 9.68302368e+02, 2.43412064e+02,
       1.36710703e-01, 9.87888245e+02, 3.19742432e+02, 1.64422661e-01,
       0., 0., 0., 0., 0., 0., 0., 0., 0., 0., 0., 0., 0., 0., 0., 0.,
       0., 0. ]
