%YAML:1.0
---
pose_0: !!opencv-matrix
   rows: 1
   cols: 25
   dt: "3f"
   data: [ 9.03618408e+02, 4.47272308e+02, 8.18796873e-01,
       8.33133057e+02, 4.33438477e+02, 6.86222672e-01, 8.33145142e+02,
       3.80544281e+02, 5.13668358e-01, 9.31074951e+02, 3.51159607e+02,
       8.97617102e-01, 9.80102234e+02, 4.49188507e+02, 7.53899634e-01,
       8.38953491e+02, 4.78563751e+02, 6.06449664e-01, 8.54602112e+02,
       5.49064880e+02, 8.10556114e-01, 7.89927490e+02, 4.51096924e+02,
       8.02693129e-01, 6.05867432e+02, 4.68748627e+02, 2.52757013e-01,
       6.09808716e+02, 4.21706085e+02, 2.92587936e-01, 3.88397156e+02,
       4.45182831e+02, 2.08430067e-01, 1.94445816e+02, 4.60879150e+02,
       2.79307336e-01, 6.03946899e+02, 5.13798035e+02, 2.75844038e-01,
       4.29554749e+02, 5.25572266e+02, 7.28885457e-02, 3.92305878e+02,
       5.23573914e+02, 2.43072316e-01, 9.11521484e+02, 4.29520477e+02,
       8.39602232e-01, 9.19354553e+02, 4.49199951e+02, 7.86041915e-01,
       8.88007141e+02, 4.00096497e+02, 6.46685302e-01, 0., 0., 0.,
       3.53198639e+02, 5.23666077e+02, 5.55731282e-02, 0., 0., 0., 0.,
       0., 0., 1.63072632e+02, 4.19748016e+02, 1.20602086e-01,
       1.63058670e+02, 4.19785095e+02, 9.70125720e-02, 1.80792450e+02,
       4.68735138e+02, 2.10927486e-01 ]
