%YAML:1.0
---
pose_0: !!opencv-matrix
   rows: 1
   cols: 25
   dt: "3f"
   data: [ 9.46789917e+02, 3.98121704e+02, 8.33953738e-01,
       8.35085876e+02, 3.27700562e+02, 6.32567048e-01, 8.46826660e+02,
       2.76716125e+02, 6.19151294e-01, 7.13716187e+02, 2.27825150e+02,
       7.78627932e-01, 6.21564636e+02, 3.64856140e+02, 6.57812119e-01,
       8.05687500e+02, 3.76634857e+02, 3.79150808e-01, 7.11641296e+02,
       3.78592163e+02, 3.24464202e-01, 6.64671448e+02, 4.58951141e+02,
       7.16005564e-01, 6.82276184e+02, 3.37482056e+02, 8.42454806e-02,
       6.80323242e+02, 3.08107971e+02, 6.00120500e-02, 0., 0., 0., 0.,
       0., 0., 6.88168579e+02, 3.60995941e+02, 1.02701619e-01,
       5.88293884e+02, 4.07969666e+02, 5.17692827e-02, 0., 0., 0.,
       9.62461792e+02, 3.76634399e+02, 8.03400755e-01, 9.64387024e+02,
       3.98255768e+02, 4.87638831e-01, 9.46660950e+02, 3.23761475e+02,
       8.56672764e-01, 0., 0., 0., 0., 0., 0., 0., 0., 0., 0., 0., 0.,
       0., 0., 0., 0., 0., 0., 0., 0., 0. ]
