%YAML:1.0
---
pose_0: !!opencv-matrix
   rows: 1
   cols: 25
   dt: "3f"
   data: [ 9.03668762e+02, 2.12140762e+02, 7.54296660e-01,
       8.25336243e+02, 2.90457886e+02, 4.32062238e-01, 8.29203064e+02,
       2.78705994e+02, 1.93683371e-01, 7.11636902e+02, 2.72804962e+02,
       6.26032203e-02, 0., 0., 0., 8.33125549e+02, 2.98273743e+02,
       3.57594848e-01, 7.13582520e+02, 2.59153442e+02, 6.82445288e-01,
       7.92052185e+02, 1.76803436e+02, 3.97653520e-01, 5.78427185e+02,
       3.23773285e+02, 2.69598544e-01, 5.70614868e+02, 2.88539978e+02,
       3.94705921e-01, 3.84488495e+02, 2.90485840e+02, 8.64149854e-02,
       3.35519043e+02, 3.02198547e+02, 5.62148578e-02, 5.78445557e+02,
       3.66827576e+02, 1.88000232e-01, 3.90362305e+02, 2.94369110e+02,
       6.80556446e-02, 3.49183746e+02, 3.08097046e+02, 1.52117670e-01,
       9.25243835e+02, 2.14070663e+02, 3.44461113e-01, 9.31101257e+02,
       2.31676788e+02, 8.21026742e-01, 0., 0., 0., 9.17390076e+02,
       2.88512329e+02, 8.83458853e-01, 0., 0., 0., 0., 0., 0., 0., 0.,
       0., 0., 0., 0., 0., 0., 0., 0., 0., 0. ]
