%YAML:1.0
---
pose_0: !!opencv-matrix
   rows: 2
   cols: 25
   dt: "3f"
   data: [ 8.99717712e+02, 2.94393768e+02, 7.35085964e-01,
       8.07645508e+02, 3.25717102e+02, 7.22117960e-01, 7.90040527e+02,
       2.63058228e+02, 6.80871487e-01, 6.99928955e+02, 2.57177795e+02,
       3.13641727e-01, 5.86276306e+02, 2.41393860e+02, 2.41877615e-01,
       8.23336548e+02, 3.94279480e+02, 6.87099874e-01, 6.97968811e+02,
       3.98109985e+02, 8.04082155e-01, 6.45063110e+02, 2.74751495e+02,
       7.54420519e-01, 6.27418213e+02, 3.55099487e+02, 8.08824077e-02,
       0., 0., 0., 0., 0., 0., 0., 0., 0., 0., 0., 0., 0., 0., 0., 0.,
       0., 0., 9.05649414e+02, 2.76765503e+02, 6.75637305e-01,
       9.17325134e+02, 3.08154694e+02, 8.38347852e-01, 8.85990417e+02,
       2.61083649e+02, 3.79039764e-01, 9.03647522e+02, 3.39500824e+02,
       6.02860153e-01, 0., 0., 0., 0., 0., 0., 0., 0., 0., 0., 0., 0.,
       0., 0., 0., 0., 0., 0., 0., 0., 0., 0., 0., 0., 0., 0., 0., 0.,
       0., 0., 0., 0., 0., 0., 0., 0., 0., 0., 0., 0., 0., 0., 0., 0.,
       0., 0., 0., 0., 0., 0., 0., 0., 0., 0., 6.19591309e+02,
       3.53130432e+02, 8.72617438e-02, 5.27500244e+02, 2.72829498e+02,
       4.27227736e-01, 3.64873230e+02, 3.08098175e+02, 3.04563463e-01,
       0., 0., 0., 0., 0., 0., 0., 0., 0., 0., 0., 0., 0., 0., 0., 0.,
       0., 0., 0., 0., 0., 0., 0., 0., 0., 0., 0., 0., 0., 0. ]
