%YAML:1.0
---
pose_0: !!opencv-matrix
   rows: 1
   cols: 25
   dt: "3f"
   data: [ 9.46733887e+02, 2.27868179e+02, 8.45020115e-01,
       8.36982971e+02, 2.19920181e+02, 6.49851084e-01, 8.42961731e+02,
       1.35691910e+02, 6.44474924e-01, 7.13605774e+02, 7.11035233e+01,
       7.27115452e-01, 5.96063354e+02, 1.20069153e+02, 7.61739731e-01,
       8.19443237e+02, 3.02162781e+02, 6.50573790e-01, 6.96013672e+02,
       3.41439331e+02, 7.61177897e-01, 5.92143250e+02, 4.13828400e+02,
       7.68261552e-01, 5.90185364e+02, 2.45371094e+02, 1.96591243e-01,
       5.70607178e+02, 2.00336426e+02, 1.88282177e-01, 3.33561096e+02,
       3.45330658e+02, 2.17964232e-01, 1.55285355e+02, 4.02146301e+02,
       1.26222000e-01, 6.05869507e+02, 2.84557892e+02, 1.80454418e-01,
       3.35545746e+02, 3.47287476e+02, 2.72501677e-01, 1.51347382e+02,
       4.02160889e+02, 3.59525591e-01, 9.62340942e+02, 2.00331497e+02,
       8.54439259e-01, 9.62443604e+02, 2.41520401e+02, 8.48669350e-01,
       9.29119934e+02, 1.67050186e+02, 7.20551193e-01, 0., 0., 0.,
       1.00348915e+02, 3.84506073e+02, 2.73444057e-01, 1.02350174e+02,
       3.94261688e+02, 2.56430864e-01, 1.29792633e+02, 4.07989746e+02,
       1.78265512e-01, 1.02379074e+02, 3.90343750e+02, 8.91789049e-02,
       1.02351776e+02, 3.84605042e+02, 5.92415519e-02, 0., 0., 0. ]
