%YAML:1.0
---
pose_0: !!opencv-matrix
   rows: 1
   cols: 25
   dt: "3f"
   data: [ 1.00952014e+03, 2.35583725e+02, 7.47659326e-01,
       8.68440247e+02, 2.57116302e+02, 5.38343608e-01, 8.58584412e+02,
       1.61162277e+02, 6.13615811e-01, 7.27296021e+02, 1.33820282e+02,
       7.04721987e-01, 6.17537903e+02, 1.45396530e+02, 7.70462930e-01,
       8.83985657e+02, 3.53201202e+02, 5.63336909e-01, 7.58740234e+02,
       4.45151886e+02, 7.10037768e-01, 7.93915710e+02, 3.02175262e+02,
       7.17426836e-01, 5.60821411e+02, 2.59099152e+02, 9.34547484e-02,
       5.54928772e+02, 2.14057999e+02, 1.39978081e-01, 3.55125916e+02,
       2.41465698e+02, 1.69204041e-01, 1.67031052e+02, 2.61075317e+02,
       1.53197125e-01, 0., 0., 0., 0., 0., 0., 0., 0., 0.,
       1.01731909e+03, 2.10139969e+02, 8.13254595e-01, 1.02514551e+03,
       2.53247513e+02, 7.56276488e-01, 9.89854309e+02, 1.80784714e+02,
       3.28667849e-01, 1.00356104e+03, 2.80673828e+02, 1.57524124e-01,
       0., 0., 0., 0., 0., 0., 0., 0., 0., 1.33712830e+02,
       2.27692978e+02, 5.56132495e-02, 0., 0., 0., 0., 0., 0. ]
