%YAML:1.0
---
pose_0: !!opencv-matrix
   rows: 1
   cols: 25
   dt: "3f"
   data: [ 9.15320374e+02, 2.80690613e+02, 8.13647091e-01,
       8.23313965e+02, 2.94409119e+02, 6.80722892e-01, 8.21352478e+02,
       2.19897827e+02, 5.97491682e-01, 8.54730286e+02, 1.18030487e+02,
       8.55961263e-01, 9.46815125e+02, 2.12171417e+02, 8.33589137e-01,
       8.23341919e+02, 3.66859406e+02, 6.06218755e-01, 8.68314941e+02,
       4.45179230e+02, 8.58440638e-01, 9.40892517e+02, 3.51202148e+02,
       7.69468844e-01, 5.84297668e+02, 3.25707855e+02, 3.09826702e-01,
       5.86291321e+02, 2.76723022e+02, 3.99609387e-01, 3.53168365e+02,
       2.90423767e+02, 2.91926950e-01, 0., 0., 0., 5.88240479e+02,
       3.72731628e+02, 4.24204588e-01, 4.23676697e+02, 3.98145508e+02,
       2.11066902e-01, 3.96215057e+02, 3.76647949e+02, 8.69867057e-02,
       9.17435242e+02, 2.61028595e+02, 8.81040037e-01, 9.29080200e+02,
       2.94345459e+02, 7.73598671e-01, 8.95778320e+02, 2.41450577e+02,
       4.71511871e-01, 9.13453247e+02, 3.17822144e+02, 4.45977867e-01,
       0., 0., 0., 0., 0., 0., 0., 0., 0., 0., 0., 0., 0., 0., 0., 0.,
       0., 0. ]
