%YAML:1.0
---
pose_0: !!opencv-matrix
   rows: 1
   cols: 25
   dt: "3f"
   data: [ 9.01737549e+02, 3.43373840e+02, 7.52701283e-01,
       8.07621277e+02, 2.88532013e+02, 6.82947636e-01, 8.25311707e+02,
       2.37516449e+02, 6.37868464e-01, 7.15574097e+02, 1.63089401e+02,
       7.66657114e-01, 5.88177307e+02, 2.02302444e+02, 7.16892064e-01,
       7.86077148e+02, 3.33571381e+02, 5.50604224e-01, 7.13628052e+02,
       3.66878998e+02, 2.78421640e-01, 6.82282776e+02, 3.86457428e+02,
       4.24918383e-01, 5.96082397e+02, 2.90481628e+02, 2.28810132e-01,
       5.78455200e+02, 2.61089478e+02, 2.12432265e-01, 4.62858978e+02,
       2.90489471e+02, 7.59715810e-02, 0., 0., 0., 6.00002075e+02,
       3.25711639e+02, 1.70748755e-01, 4.90274811e+02, 3.41407745e+02,
       9.25211832e-02, 3.66889008e+02, 3.84552490e+02, 1.07235938e-01,
       9.23246643e+02, 3.19753754e+02, 7.31167138e-01, 9.19351440e+02,
       3.51267426e+02, 7.53855109e-01, 9.03708313e+02, 2.72891113e+02,
       7.76554883e-01, 0., 0., 0., 0., 0., 0., 0., 0., 0., 0., 0., 0.,
       0., 0., 0., 0., 0., 0., 0., 0., 0. ]
