%YAML:1.0
---
pose_0: !!opencv-matrix
   rows: 1
   cols: 25
   dt: "3f"
   data: [ 8.50785156e+02, 2.27720184e+02, 7.89639711e-01,
       7.88083069e+02, 3.00261841e+02, 5.07786870e-01, 7.76307190e+02,
       2.82612274e+02, 2.60476202e-01, 6.64689514e+02, 2.88463470e+02,
       1.33326858e-01, 0., 0., 0., 8.03721741e+02, 3.15923065e+02,
       5.63343704e-01, 6.66569580e+02, 2.57209686e+02, 7.21276820e-01,
       5.21643005e+02, 2.08189560e+02, 7.52619624e-01, 5.70568604e+02,
       3.51132629e+02, 3.49617481e-01, 5.54894165e+02, 3.15894409e+02,
       3.17340434e-01, 3.78611450e+02, 2.80664551e+02, 7.09851608e-02,
       0., 0., 0., 5.86290955e+02, 3.82517792e+02, 3.46184582e-01,
       2.88492737e+02, 2.74820465e+02, 3.67258132e-01, 9.06157913e+01,
       4.02122589e+02, 1.63190067e-01, 8.66399719e+02, 2.25732025e+02,
       4.15711403e-01, 8.68470764e+02, 2.41436493e+02, 8.69326353e-01,
       0., 0., 0., 8.66457397e+02, 2.92485474e+02, 7.85181522e-01, 0.,
       0., 0., 0., 0., 0., 0., 0., 0., 0., 0., 0., 0., 0., 0., 0., 0.,
       0. ]
