%YAML:1.0
---
pose_0: !!opencv-matrix
   rows: 1
   cols: 25
   dt: "3f"
   data: [ 9.80079834e+02, 3.37474518e+02, 8.20931494e-01,
       8.52681519e+02, 3.43349579e+02, 6.35365307e-01, 8.35033813e+02,
       2.57193817e+02, 6.44450307e-01, 7.25325500e+02, 2.10188629e+02,
       7.30005562e-01, 6.27409119e+02, 1.94536102e+02, 7.56609797e-01,
       8.66459595e+02, 4.33497223e+02, 4.99347031e-01, 7.23391235e+02,
       5.09959869e+02, 6.27088368e-01, 6.09758911e+02, 5.74552490e+02,
       7.16194630e-01, 6.09790771e+02, 3.66862061e+02, 8.32028389e-02,
       6.03913940e+02, 3.31578369e+02, 1.12802766e-01, 5.05959106e+02,
       3.19825500e+02, 5.14809564e-02, 3.35481873e+02, 3.35542511e+02,
       1.28341064e-01, 6.13696289e+02, 4.43273560e+02, 6.53148890e-02,
       0., 0., 0., 0., 0., 0., 9.85948669e+02, 3.08100891e+02,
       8.16321611e-01, 9.95812439e+02, 3.53057373e+02, 8.04175377e-01,
       9.52625427e+02, 2.78690948e+02, 6.04510784e-01, 9.93792908e+02,
       3.70808624e+02, 7.34403878e-02, 0., 0., 0., 0., 0., 0., 0., 0.,
       0., 0., 0., 0., 0., 0., 0., 0., 0., 0. ]
