%YAML:1.0
---
pose_0: !!opencv-matrix
   rows: 1
   cols: 25
   dt: "3f"
   data: [ 9.48739380e+02, 3.29610779e+02, 8.44968319e-01,
       8.39052795e+02, 3.23793060e+02, 6.91733539e-01, 8.17481812e+02,
       2.41511597e+02, 6.23081625e-01, 6.90103699e+02, 1.64999924e+02,
       7.34993458e-01, 7.37162659e+02, 1.69024033e+02, 7.63799787e-01,
       8.58599060e+02, 4.13859161e+02, 6.08465910e-01, 7.66539490e+02,
       5.41159790e+02, 7.42214143e-01, 8.19438599e+02, 5.17715332e+02,
       7.41406441e-01, 5.58869080e+02, 3.82508362e+02, 1.31246597e-01,
       5.47097229e+02, 3.41398743e+02, 1.66419715e-01, 3.47256989e+02,
       3.41374878e+02, 1.77779615e-01, 1.90516998e+02, 3.37456451e+02,
       7.43989870e-02, 5.66674377e+02, 4.31518066e+02, 1.18019998e-01,
       3.57069183e+02, 5.00055023e+02, 2.94419974e-01, 1.90521713e+02,
       5.78423279e+02, 2.07113117e-01, 9.62359863e+02, 3.04086456e+02,
       8.68488133e-01, 9.68282349e+02, 3.37581085e+02, 7.80571699e-01,
       9.31113342e+02, 2.68923920e+02, 6.53489590e-01, 0., 0., 0.,
       1.06271873e+02, 6.23481567e+02, 9.04604346e-02, 0., 0., 0.,
       1.76828171e+02, 5.74523743e+02, 1.15434773e-01, 0., 0., 0., 0.,
       0., 0., 0., 0., 0. ]
