%YAML:1.0
---
pose_0: !!opencv-matrix
   rows: 1
   cols: 25
   dt: "3f"
   data: [ 8.82044250e+02, 1.94524460e+02, 7.68016756e-01,
       7.76352112e+02, 2.04250275e+02, 6.95737839e-01, 7.70446228e+02,
       1.29772064e+02, 6.66270196e-01, 6.52887817e+02, 1.00415451e+02,
       8.19949508e-01, 5.88229919e+02, 1.29734375e+02, 8.31778824e-01,
       7.80230103e+02, 2.84571075e+02, 6.50770783e-01, 6.78326233e+02,
       3.25690338e+02, 7.44906485e-01, 5.56898987e+02, 3.41423981e+02,
       7.82990456e-01, 5.29468506e+02, 2.35578079e+02, 3.67764652e-01,
       5.27517273e+02, 1.92477295e+02, 3.85145694e-01, 3.57072784e+02,
       1.76817322e+02, 3.83024335e-01, 1.63105804e+02, 1.65039246e+02,
       1.19092360e-01, 5.33356689e+02, 2.74761749e+02, 4.24728811e-01,
       3.29639862e+02, 3.02205353e+02, 3.11686695e-01, 1.43537140e+02,
       3.25723999e+02, 5.08436441e-01, 8.89927124e+02, 1.78742813e+02,
       7.65922844e-01, 8.91921875e+02, 2.10129349e+02, 8.22499990e-01,
       8.76225342e+02, 1.59159286e+02, 4.35633093e-01, 8.74279602e+02,
       2.27826248e+02, 5.28232694e-01, 1.00404816e+02, 3.86426727e+02,
       4.22448844e-01, 1.04335815e+02, 3.86438538e+02, 3.92147958e-01,
       1.21943802e+02, 3.15899109e+02, 4.54378009e-01, 0., 0., 0., 0.,
       0., 0., 0., 0., 0. ]
