%YAML:1.0
---
pose_0: !!opencv-matrix
   rows: 1
   cols: 25
   dt: "3f"
   data: [ 9.42803833e+02, 2.88466614e+02, 7.54049063e-01,
       8.31162903e+02, 3.10018799e+02, 6.78118527e-01, 8.09613403e+02,
       2.29687241e+02, 6.90167606e-01, 6.94034729e+02, 1.82691895e+02,
       7.24306643e-01, 6.33249878e+02, 1.49473831e+02, 8.17461967e-01,
       8.46821167e+02, 3.88396057e+02, 6.28960133e-01, 7.42949097e+02,
       4.78625031e+02, 7.96276689e-01, 6.43072632e+02, 5.90198120e+02,
       7.44236887e-01, 5.23560852e+02, 3.55123260e+02, 3.69452775e-01,
       5.15772949e+02, 3.13949219e+02, 4.42329347e-01, 3.37460663e+02,
       3.31598206e+02, 3.31475288e-01, 8.86682358e+01, 3.68838043e+02,
       5.70816174e-02, 5.29439270e+02, 4.00116425e+02, 4.14385825e-01,
       3.49240601e+02, 4.62954041e+02, 5.96601725e-01, 1.98349396e+02,
       5.07961823e+02, 6.01674080e-01, 9.48741577e+02, 2.59190216e+02,
       8.44847441e-01, 9.58548523e+02, 3.04205383e+02, 8.21035266e-01,
       9.19393066e+02, 2.37552979e+02, 5.86835027e-01, 9.46759338e+02,
       3.23810181e+02, 1.15497343e-01, 1.29819855e+02, 5.39242310e+02,
       2.87958592e-01, 1.45451111e+02, 5.41244873e+02, 2.98415899e-01,
       1.82717331e+02, 5.05904266e+02, 3.13899368e-01, 0., 0., 0., 0.,
       0., 0., 0., 0., 0. ]
