%YAML:1.0
---
pose_0: !!opencv-matrix
   rows: 1
   cols: 25
   dt: "3f"
   data: [ 9.01731018e+02, 2.37580276e+02, 7.54929960e-01,
       8.03743530e+02, 2.43490250e+02, 6.84362531e-01, 7.91944885e+02,
       1.67015854e+02, 7.32850075e-01, 6.78346741e+02, 1.31714005e+02,
       7.34968662e-01, 5.94095764e+02, 1.31710464e+02, 7.77454972e-01,
       8.05750793e+02, 3.29639160e+02, 6.44862771e-01, 6.84266907e+02,
       3.68921143e+02, 7.17547596e-01, 5.92142456e+02, 3.51232300e+02,
       8.03819239e-01, 5.82348145e+02, 2.57138092e+02, 1.78932458e-01,
       5.64730713e+02, 2.08148972e+02, 2.17877328e-01, 3.08077148e+02,
       2.25843750e+02, 2.70795494e-01, 0., 0., 0., 5.98020996e+02,
       3.06157837e+02, 1.57868385e-01, 3.55079926e+02, 3.25696411e+02,
       2.34460428e-01, 1.72897293e+02, 3.47248322e+02, 2.29163721e-01,
       9.15350891e+02, 2.15970718e+02, 8.27052653e-01, 9.17447083e+02,
       2.55157898e+02, 8.00215840e-01, 8.89979919e+02, 1.94490936e+02,
       5.93241513e-01, 9.13475403e+02, 2.74710907e+02, 2.66786098e-01,
       1.10233589e+02, 3.68863739e+02, 1.87495723e-01, 1.20018257e+02,
       3.76621063e+02, 2.11830199e-01, 0., 0., 0., 0., 0., 0., 0., 0.,
       0., 0., 0., 0. ]
