%YAML:1.0
---
pose_0: !!opencv-matrix
   rows: 1
   cols: 25
   dt: "3f"
   data: [ 8.88034912e+02, 3.60987152e+02, 7.40888298e-01,
       7.93947693e+02, 3.21828918e+02, 6.83210433e-01, 8.11567139e+02,
       2.59163330e+02, 6.25169516e-01, 7.11633545e+02, 1.84652100e+02,
       7.31945395e-01, 5.84279602e+02, 2.08093353e+02, 7.13234723e-01,
       7.74381836e+02, 3.72753540e+02, 5.60633421e-01, 6.92057373e+02,
       4.02136597e+02, 3.43564272e-01, 6.62705750e+02, 4.23679382e+02,
       4.73549038e-01, 5.54952209e+02, 3.23754913e+02, 3.49058658e-01,
       5.49042664e+02, 2.98288147e+02, 3.40842068e-01, 4.82429688e+02,
       3.72729889e+02, 7.92644992e-02, 0., 0., 0., 5.56884583e+02,
       3.51177124e+02, 2.15347990e-01, 3.74687195e+02, 3.57056610e+02,
       6.44109696e-02, 3.02201965e+02, 3.33510071e+02, 1.48697332e-01,
       9.15359314e+02, 3.37475281e+02, 7.91398406e-01, 9.09547119e+02,
       3.68922302e+02, 7.52756119e-01, 8.86096313e+02, 3.02168488e+02,
       8.17959070e-01, 0., 0., 0., 0., 0., 0., 0., 0., 0., 0., 0., 0.,
       0., 0., 0., 0., 0., 0., 0., 0., 0. ]
