%YAML:1.0
---
pose_0: !!opencv-matrix
   rows: 1
   cols: 25
   dt: "3f"
   data: [ 9.31116272e+02, 2.90463043e+02, 8.26035857e-01,
       8.15513306e+02, 2.88498383e+02, 6.33864284e-01, 8.09628418e+02,
       1.94513031e+02, 6.53984785e-01, 6.94031677e+02, 1.25843407e+02,
       7.73408771e-01, 6.17552063e+02, 1.92528625e+02, 7.80725837e-01,
       8.09633057e+02, 3.74668030e+02, 6.26171350e-01, 6.82245850e+02,
       4.15811798e+02, 8.20753753e-01, 5.68575745e+02, 4.72611359e+02,
       7.63266206e-01, 5.68646790e+02, 3.00247803e+02, 1.68197244e-01,
       5.58871521e+02, 2.55155533e+02, 2.45398134e-01, 3.64854065e+02,
       2.92396942e+02, 1.57457829e-01, 3.59007629e+02, 3.04173950e+02,
       5.13733998e-02, 5.54937073e+02, 3.66868958e+02, 2.02588439e-01,
       4.86353088e+02, 3.80589111e+02, 5.39301820e-02, 3.49191132e+02,
       3.84441223e+02, 2.11012244e-01, 9.46764587e+02, 2.70827057e+02,
       8.48860741e-01, 9.46698181e+02, 3.06052582e+02, 8.23715925e-01,
       9.19371643e+02, 2.41473389e+02, 6.17376626e-01, 9.29106995e+02,
       3.21919617e+02, 7.86053389e-02, 0., 0., 0., 0., 0., 0., 0., 0.,
       0., 0., 0., 0., 0., 0., 0., 0., 0., 0. ]
