%YAML:1.0
---
pose_0: !!opencv-matrix
   rows: 1
   cols: 25
   dt: "3f"
   data: [ 1.00550116e+03, 2.29715240e+02, 7.11226821e-01,
       8.50744385e+02, 2.43451080e+02, 4.95851845e-01, 8.41005188e+02,
       1.51374268e+02, 5.05470216e-01, 6.99894592e+02, 7.29926758e+01,
       7.00238526e-01, 5.92146912e+02, 1.16041283e+02, 7.03723788e-01,
       8.56694763e+02, 3.51146667e+02, 5.11326492e-01, 6.90137939e+02,
       4.13951538e+02, 7.66687512e-01, 8.05679810e+02, 3.06193054e+02,
       7.20755637e-01, 5.39243530e+02, 2.68877838e+02, 1.65116072e-01,
       5.56885132e+02, 1.88583557e+02, 1.97286263e-01, 3.37544434e+02,
       1.31789948e+02, 5.61255991e-01, 1.63127304e+02, 1.63088531e+02,
       3.54075551e-01, 5.33379944e+02, 3.10034149e+02, 2.53582686e-01,
       4.31522583e+02, 3.23788727e+02, 1.42188311e-01, 3.04144226e+02,
       2.90514893e+02, 2.25417569e-01, 1.01345691e+03, 2.06221848e+02,
       6.86671555e-01, 1.01923755e+03, 2.55195587e+02, 6.62902415e-01,
       9.80034729e+02, 1.51396347e+02, 2.71029025e-01, 1.00550500e+03,
       2.88431610e+02, 9.15713310e-02, 0., 0., 0., 0., 0., 0., 0., 0.,
       0., 1.47441315e+02, 1.78813141e+02, 6.87383860e-02, 0., 0., 0.,
       0., 0., 0. ]
