%YAML:1.0
---
pose_0: !!opencv-matrix
   rows: 1
   cols: 25
   dt: "3f"
   data: [ 9.19334045e+02, 1.92425247e+02, 6.58965051e-01,
       8.52768860e+02, 2.68910187e+02, 5.41989148e-01, 8.66376770e+02,
       2.70870300e+02, 3.28484744e-01, 7.60654663e+02, 2.64998230e+02,
       5.77402450e-02, 0., 0., 0., 8.54682800e+02, 2.68916931e+02,
       5.31503022e-01, 7.39098877e+02, 2.45383698e+02, 4.76500720e-01,
       6.70556824e+02, 1.61083359e+02, 7.36131191e-01, 5.21623047e+02,
       3.11989899e+02, 7.33493194e-02, 0., 0., 0., 0., 0., 0., 0., 0.,
       0., 0., 0., 0., 0., 0., 0., 0., 0., 0., 9.42804382e+02,
       1.94539810e+02, 2.27570876e-01, 9.40862366e+02, 2.04243088e+02,
       7.52678692e-01, 0., 0., 0., 9.25186768e+02, 2.63031281e+02,
       7.84788728e-01, 0., 0., 0., 0., 0., 0., 0., 0., 0., 0., 0., 0.,
       0., 0., 0., 0., 0., 0. ]
