%YAML:1.0
---
pose_0: !!opencv-matrix
   rows: 1
   cols: 25
   dt: "3f"
   data: [ 9.48677063e+02, 2.37542709e+02, 8.41540337e-01,
       8.42946899e+02, 2.41447357e+02, 6.49379551e-01, 8.37088135e+02,
       1.59149323e+02, 6.70333326e-01, 7.27400330e+02, 1.06314819e+02,
       7.88007796e-01, 6.35258972e+02, 1.31704727e+02, 8.26261938e-01,
       8.56641541e+02, 3.23810181e+02, 6.82481647e-01, 7.68458008e+02,
       4.31442413e+02, 7.74614215e-01, 7.29395630e+02, 3.66774506e+02,
       8.32568705e-01, 6.13713257e+02, 2.59122711e+02, 2.94270277e-01,
       6.13720825e+02, 2.12078766e+02, 3.59641582e-01, 4.29546112e+02,
       2.12081772e+02, 2.34639436e-01, 3.74676636e+02, 2.31707870e+02,
       1.01818740e-01, 6.15663452e+02, 3.06079834e+02, 2.96600372e-01,
       5.37296143e+02, 3.35452667e+02, 1.27666548e-01, 3.94278107e+02,
       3.10033508e+02, 2.01412663e-01, 9.56521973e+02, 2.12091385e+02,
       8.53454530e-01, 9.64358582e+02, 2.49330170e+02, 8.15921843e-01,
       9.29152771e+02, 1.86595764e+02, 5.99669993e-01, 9.48725830e+02,
       2.70817627e+02, 2.52566159e-01, 3.84563873e+02, 3.60982880e+02,
       1.51259914e-01, 0., 0., 0., 0., 0., 0., 0., 0., 0., 0., 0., 0.,
       0., 0., 0. ]
