%YAML:1.0
---
pose_0: !!opencv-matrix
   rows: 1
   cols: 25
   dt: "3f"
   data: [ 9.11462097e+02, 1.98408661e+02, 7.57566750e-01,
       8.13520874e+02, 2.19902679e+02, 6.71401501e-01, 8.01808044e+02,
       1.41577057e+02, 6.92046404e-01, 6.80342346e+02, 1.04403755e+02,
       7.74850070e-01, 5.92178833e+02, 1.14068329e+02, 7.96400070e-01,
       8.25289856e+02, 3.00259064e+02, 6.84333384e-01, 7.19536682e+02,
       3.84486755e+02, 7.78170288e-01, 6.50946228e+02, 3.35424835e+02,
       7.75833905e-01, 5.78436401e+02, 2.59100555e+02, 1.75360456e-01,
       5.90187134e+02, 2.08151901e+02, 2.37381324e-01, 5.23554321e+02,
       1.65014755e+02, 5.52832007e-01, 3.45323181e+02, 2.25788895e+02,
       1.86353862e-01, 5.84305420e+02, 3.06122101e+02, 1.95803791e-01,
       4.58930023e+02, 3.06120361e+02, 6.27877787e-02, 0., 0., 0.,
       9.17379395e+02, 1.80833374e+02, 8.92033279e-01, 9.27147766e+02,
       2.16010925e+02, 7.85779476e-01, 8.91909668e+02, 1.63109879e+02,
       6.56106412e-01, 9.13451355e+02, 2.39530716e+02, 7.14819431e-01,
       0., 0., 0., 0., 0., 0., 0., 0., 0., 0., 0., 0., 0., 0., 0., 0.,
       0., 0. ]
