%YAML:1.0
---
pose_0: !!opencv-matrix
   rows: 2
   cols: 25
   dt: "3f"
   data: [ 8.84068420e+02, 3.47214203e+02, 8.30091298e-01,
       7.66547607e+02, 3.82575470e+02, 6.09040022e-01, 7.88086182e+02,
       4.15787842e+02, 4.60148066e-01, 7.97890442e+02, 5.33358704e+02,
       1.32807583e-01, 0., 0., 0., 7.46917419e+02, 3.51116852e+02,
       3.67638707e-01, 0., 0., 0., 0., 0., 0., 5.19647705e+02,
       4.07993408e+02, 2.35272795e-01, 5.11850128e+02, 4.04090393e+02,
       2.82377094e-01, 3.41379120e+02, 4.76576050e+02, 3.80397737e-01,
       2.17939575e+02, 5.94100342e+02, 4.71651137e-01, 5.23588806e+02,
       3.86444550e+02, 1.66126266e-01, 3.51100342e+02, 3.84493317e+02,
       4.38934147e-01, 1.47478195e+02, 3.88430023e+02, 5.25965869e-01,
       8.84130737e+02, 3.27702515e+02, 8.10143471e-01, 8.95818176e+02,
       3.55103088e+02, 7.66566575e-01, 8.54659607e+02, 3.19921844e+02,
       4.33878183e-01, 8.84034851e+02, 3.82517883e+02, 3.32798928e-01,
       1.29789124e+02, 3.45312073e+02, 2.36512303e-01, 1.25880241e+02,
       3.53127350e+02, 2.47305438e-01, 1.31730087e+02, 3.98255737e+02,
       3.92941415e-01, 1.51342758e+02, 5.98038025e+02, 1.13992125e-01,
       1.47453293e+02, 5.96061340e+02, 9.81391817e-02, 2.10151398e+02,
       6.15632507e+02, 3.14254344e-01, 0., 0., 0., 0., 0., 0., 0., 0.,
       0., 0., 0., 0., 0., 0., 0., 7.76274048e+02, 4.15846741e+02,
       1.23971991e-01, 7.95871216e+02, 5.41170471e+02, 7.64450431e-01,
       8.21334290e+02, 4.06028229e+02, 7.51876056e-01, 0., 0., 0., 0.,
       0., 0., 0., 0., 0., 0., 0., 0., 0., 0., 0., 0., 0., 0., 0., 0.,
       0., 0., 0., 0., 0., 0., 0., 0., 0., 0., 0., 0., 0., 0., 0., 0.,
       0., 0., 0., 0., 0., 0., 0., 0., 0., 0., 0., 0., 0., 0., 0. ]
