%YAML:1.0
---
pose_0: !!opencv-matrix
   rows: 1
   cols: 25
   dt: "3f"
   data: [ 9.31130249e+02, 2.84594299e+02, 8.02080452e-01,
       8.25339233e+02, 2.84594391e+02, 6.37567461e-01, 8.23426208e+02,
       2.06180908e+02, 6.90782785e-01, 7.11608948e+02, 1.18125648e+02,
       7.33605146e-01, 7.68486694e+02, 1.96330780e+02, 8.24728966e-01,
       8.25272766e+02, 3.70798035e+02, 6.14551902e-01, 7.09725098e+02,
       4.47257874e+02, 7.81986356e-01, 5.88300903e+02, 4.49125671e+02,
       7.97232509e-01, 6.03894104e+02, 3.21791992e+02, 1.39634356e-01,
       5.82357117e+02, 2.47372162e+02, 7.00610206e-02, 0., 0., 0., 0.,
       0., 0., 6.29355408e+02, 3.55133850e+02, 1.56240493e-01, 0., 0.,
       0., 0., 0., 0., 9.40900208e+02, 2.61035492e+02, 8.23082745e-01,
       9.46813904e+02, 3.02203430e+02, 8.25003624e-01, 9.13463501e+02,
       2.37559357e+02, 6.13233030e-01, 9.40870361e+02, 3.21776093e+02,
       1.12803504e-01, 0., 0., 0., 0., 0., 0., 0., 0., 0., 0., 0., 0.,
       0., 0., 0., 0., 0., 0. ]
