%YAML:1.0
---
pose_0: !!opencv-matrix
   rows: 1
   cols: 25
   dt: "3f"
   data: [ 9.42852905e+02, 2.70859802e+02, 7.04737186e-01,
       8.37011230e+02, 3.02182831e+02, 5.94608188e-01, 8.33087830e+02,
       2.12172089e+02, 6.77109003e-01, 7.27277100e+02, 1.96395462e+02,
       7.30582297e-01, 6.60677795e+02, 1.96322754e+02, 8.40970397e-01,
       8.52760193e+02, 3.96226471e+02, 5.76476932e-01, 7.27333923e+02,
       4.55021637e+02, 7.93525279e-01, 8.39081543e+02, 3.66909943e+02,
       7.79084444e-01, 6.09777832e+02, 3.04175476e+02, 1.41637787e-01,
       6.01960938e+02, 2.70853638e+02, 1.72345594e-01, 3.33560516e+02,
       2.94359528e+02, 3.61250460e-01, 0., 0., 0., 6.09790222e+02,
       3.59034271e+02, 1.06043592e-01, 3.47284424e+02, 3.68749817e+02,
       2.72005528e-01, 1.57242645e+02, 3.62957367e+02, 2.84518957e-01,
       9.56557495e+02, 2.53198135e+02, 7.93026388e-01, 9.64412048e+02,
       2.92439117e+02, 8.15376759e-01, 9.36997437e+02, 2.29696320e+02,
       3.68059248e-01, 9.52614441e+02, 3.23741394e+02, 1.74556106e-01,
       8.86979828e+01, 3.78612671e+02, 1.07204169e-01, 0., 0., 0.,
       1.49381760e+02, 3.66826202e+02, 1.51215374e-01, 0., 0., 0., 0.,
       0., 0., 0., 0., 0. ]
