%YAML:1.0
---
pose_0: !!opencv-matrix
   rows: 1
   cols: 25
   dt: "3f"
   data: [ 8.89910278e+02, 2.59063660e+02, 7.72071719e-01,
       7.84114685e+02, 2.59167206e+02, 6.24337256e-01, 7.95933777e+02,
       2.14025589e+02, 4.07029271e-01, 9.23227173e+02, 1.94394180e+02,
       5.27517438e-01, 9.79995911e+02, 3.02193909e+02, 5.29872298e-01,
       7.62581238e+02, 3.17816864e+02, 5.52430749e-01, 6.82305908e+02,
       3.70761993e+02, 6.90049887e-01, 5.74580688e+02, 4.43272614e+02,
       6.55083895e-01, 5.56905701e+02, 2.55154190e+02, 1.75731540e-01,
       5.56913757e+02, 2.16029968e+02, 1.91549689e-01, 3.64862793e+02,
       2.25754227e+02, 1.90616831e-01, 0., 0., 0., 5.54905701e+02,
       3.10029663e+02, 1.63603857e-01, 4.74606812e+02, 3.57057343e+02,
       7.49154985e-02, 1.94435791e+02, 4.21688660e+02, 1.49598122e-01,
       8.95823303e+02, 2.33638412e+02, 7.54354954e-01, 9.07544739e+02,
       2.64952301e+02, 6.77248359e-01, 8.70356201e+02, 2.10176682e+02,
       2.83236831e-01, 0., 0., 0., 0., 0., 0., 0., 0., 0.,
       1.86602570e+02, 4.25638367e+02, 1.10453635e-01, 0., 0., 0., 0.,
       0., 0., 0., 0., 0. ]
