%YAML:1.0
---
pose_0: !!opencv-matrix
   rows: 1
   cols: 25
   dt: "3f"
   data: [ 9.95675476e+02, 2.57119843e+02, 7.10484266e-01,
       8.78211487e+02, 2.90521088e+02, 6.09049618e-01, 8.60586975e+02,
       2.10076691e+02, 6.33126080e-01, 7.41044250e+02, 1.86581451e+02,
       6.04671001e-01, 6.95983643e+02, 1.94426025e+02, 7.53072560e-01,
       8.99686646e+02, 3.80559570e+02, 5.58420181e-01, 7.74372131e+02,
       5.09945221e+02, 6.79304659e-01, 8.33157166e+02, 3.90391357e+02,
       7.60125458e-01, 6.15663391e+02, 2.88484894e+02, 1.16922036e-01,
       5.94108154e+02, 2.51277328e+02, 1.79730669e-01, 4.29540802e+02,
       2.61062225e+02, 5.14372438e-02, 0., 0., 0., 6.05882385e+02,
       3.53173248e+02, 8.11299086e-02, 0., 0., 0., 0., 0., 0.,
       1.00747235e+03, 2.41504150e+02, 9.02890086e-01, 1.01530615e+03,
       2.84561768e+02, 6.98600650e-01, 9.76113770e+02, 2.23874146e+02,
       3.46334100e-01, 9.95699890e+02, 3.12005554e+02, 2.70528078e-01,
       0., 0., 0., 0., 0., 0., 0., 0., 0., 0., 0., 0., 0., 0., 0., 0.,
       0., 0. ]
