%YAML:1.0
---
pose_0: !!opencv-matrix
   rows: 1
   cols: 25
   dt: "3f"
   data: [ 9.01640442e+02, 1.74819702e+02, 8.08212519e-01,
       7.90044739e+02, 1.78799652e+02, 6.98029995e-01, 7.78288269e+02,
       9.25601959e+01, 6.54323459e-01, 6.43092896e+02, 7.29878006e+01,
       6.87775731e-01, 5.23654419e+02, 8.27475586e+01, 8.02766562e-01,
       7.92022522e+02, 2.66945190e+02, 6.87086821e-01, 6.86206421e+02,
       3.04174652e+02, 7.00815082e-01, 5.47073853e+02, 3.19841400e+02,
       7.85132289e-01, 5.25527283e+02, 2.10130737e+02, 2.15122074e-01,
       5.17711426e+02, 1.63082214e+02, 2.67115206e-01, 3.62937653e+02,
       1.76816788e+02, 6.91573173e-02, 0., 0., 0., 5.33384338e+02,
       2.57141205e+02, 2.07255691e-01, 3.64908783e+02, 2.90465576e+02,
       9.34973434e-02, 0., 0., 0., 9.13399597e+02, 1.47408218e+02,
       8.59285295e-01, 9.19296265e+02, 1.82736847e+02, 8.50473523e-01,
       8.84056030e+02, 1.21970512e+02, 6.02622151e-01, 9.13460571e+02,
       2.00362228e+02, 1.21359698e-01, 0., 0., 0., 0., 0., 0., 0., 0.,
       0., 0., 0., 0., 0., 0., 0., 0., 0., 0. ]
