%YAML:1.0
---
pose_0: !!opencv-matrix
   rows: 1
   cols: 25
   dt: "3f"
   data: [ 9.50699280e+02, 2.33660034e+02, 6.39823675e-01,
       8.25286133e+02, 2.78675293e+02, 6.18079424e-01, 8.50720276e+02,
       3.33573273e+02, 6.32842302e-01, 6.82292603e+02, 3.66853912e+02,
       6.67536259e-01, 5.41167725e+02, 3.55099640e+02, 6.10247374e-01,
       7.97840149e+02, 2.21877975e+02, 3.26649845e-01, 0., 0., 0., 0.,
       0., 0., 5.51025635e+02, 2.61047791e+02, 2.68642783e-01,
       5.37295715e+02, 2.72800354e+02, 2.38019124e-01, 3.37461823e+02,
       2.45370163e+02, 2.01475158e-01, 0., 0., 0., 5.56916687e+02,
       2.43462982e+02, 2.04133570e-01, 3.23801422e+02, 2.39513474e+02,
       1.12872206e-01, 0., 0., 0., 9.62334045e+02, 2.23842072e+02,
       6.63057327e-01, 9.62471252e+02, 2.45410248e+02, 7.45371997e-01,
       9.17386353e+02, 2.00359818e+02, 2.29898304e-01, 9.40872314e+02,
       2.78682678e+02, 4.40803021e-01, 0., 0., 0., 0., 0., 0., 0., 0.,
       0., 0., 0., 0., 0., 0., 0., 0., 0., 0. ]
