%YAML:1.0
---
pose_0: !!opencv-matrix
   rows: 1
   cols: 25
   dt: "3f"
   data: [ 8.99801941e+02, 1.70916077e+02, 7.61638522e-01,
       8.37012573e+02, 2.47387390e+02, 5.18866599e-01, 8.09597412e+02,
       2.29711792e+02, 3.62902403e-01, 0., 0., 0., 0., 0., 0.,
       8.54698669e+02, 2.63043030e+02, 6.34883344e-01, 7.23401184e+02,
       2.90547852e+02, 7.71071136e-01, 6.03845520e+02, 1.94513153e+02,
       7.43999124e-01, 6.05864075e+02, 3.00242737e+02, 1.21763915e-01,
       5.96062988e+02, 3.17864410e+02, 1.27077073e-01, 3.68825684e+02,
       2.29738464e+02, 2.86694378e-01, 1.94407684e+02, 3.55085663e+02,
       1.99015498e-01, 6.17642761e+02, 2.84591034e+02, 1.09871104e-01,
       3.68837097e+02, 2.31675232e+02, 2.51453519e-01, 0., 0., 0.,
       9.19302429e+02, 1.74882858e+02, 1.43952176e-01, 9.17393250e+02,
       1.80779800e+02, 8.23051095e-01, 0., 0., 0., 9.15403442e+02,
       2.41401260e+02, 8.54418159e-01, 0., 0., 0., 0., 0., 0., 0., 0.,
       0., 0., 0., 0., 0., 0., 0., 0., 0., 0. ]
