%YAML:1.0
---
pose_0: !!opencv-matrix
   rows: 1
   cols: 25
   dt: "3f"
   data: [ 9.15329590e+02, 3.59031708e+02, 7.96524823e-01,
       8.09655762e+02, 3.96218994e+02, 7.07044899e-01, 7.97865295e+02,
       3.35474518e+02, 6.09851301e-01, 7.29363831e+02, 2.47371628e+02,
       7.52502084e-01, 7.39052490e+02, 3.02190918e+02, 7.14206576e-01,
       8.27240906e+02, 4.62845856e+02, 6.48703635e-01, 7.58696533e+02,
       4.86396088e+02, 7.82770514e-01, 7.76399658e+02, 3.55163361e+02,
       7.02181041e-01, 5.39281189e+02, 4.09957428e+02, 2.25001410e-01,
       5.41231445e+02, 3.68823425e+02, 3.04379165e-01, 3.21824402e+02,
       3.84471252e+02, 2.42602974e-01, 0., 0., 0., 5.29458984e+02,
       4.47193146e+02, 1.72050282e-01, 3.88414551e+02, 4.76551270e+02,
       6.81272447e-02, 0., 0., 0., 9.15365173e+02, 3.39452789e+02,
       8.68701637e-01, 9.29109497e+02, 3.70829407e+02, 8.17181706e-01,
       8.80102661e+02, 3.33483643e+02, 5.97197771e-01, 9.15433899e+02,
       4.02130402e+02, 5.64375043e-01, 0., 0., 0., 0., 0., 0., 0., 0.,
       0., 0., 0., 0., 0., 0., 0., 0., 0., 0. ]
