%YAML:1.0
---
pose_0: !!opencv-matrix
   rows: 1
   cols: 25
   dt: "3f"
   data: [ 9.21270325e+02, 4.37390686e+02, 7.09042728e-01,
       8.23403870e+02, 4.37391907e+02, 6.84077501e-01, 8.19402222e+02,
       3.55153168e+02, 6.58590317e-01, 6.96058777e+02, 2.92467926e+02,
       7.55842924e-01, 5.76510071e+02, 3.37395721e+02, 7.74028242e-01,
       8.31188599e+02, 5.11889801e+02, 6.13132119e-01, 7.27284729e+02,
       5.78456726e+02, 6.27633035e-01, 6.31303528e+02, 5.80415466e+02,
       7.73593783e-01, 5.88224792e+02, 4.37373718e+02, 2.40107551e-01,
       5.88225159e+02, 3.88397003e+02, 3.30091536e-01, 4.09959412e+02,
       4.39325043e+02, 1.42678186e-01, 3.60962769e+02, 4.56968292e+02,
       6.32100254e-02, 5.88274292e+02, 4.96153503e+02, 2.69888937e-01,
       4.37389130e+02, 5.11815674e+02, 5.22536784e-02, 0., 0., 0.,
       9.38927612e+02, 4.17759796e+02, 8.10667038e-01, 9.38896057e+02,
       4.60797729e+02, 7.42005110e-01, 9.21280457e+02, 3.96196686e+02,
       5.48574150e-01, 9.21276672e+02, 4.78478973e+02, 2.01755136e-01,
       0., 0., 0., 0., 0., 0., 0., 0., 0., 0., 0., 0., 0., 0., 0., 0.,
       0., 0. ]
