%YAML:1.0
---
pose_0: !!opencv-matrix
   rows: 1
   cols: 25
   dt: "3f"
   data: [ 1.07017102e+03, 2.37545914e+02, 7.57056117e-01,
       9.15452209e+02, 2.59092560e+02, 5.04790008e-01, 8.97769104e+02,
       1.65044449e+02, 4.67403024e-01, 7.43036499e+02, 9.45593109e+01,
       6.45334959e-01, 6.25491882e+02, 1.17975433e+02, 8.14334452e-01,
       9.27143921e+02, 3.59013641e+02, 4.42130387e-01, 7.50847046e+02,
       4.37360443e+02, 5.93098342e-01, 7.94001465e+02, 3.19784332e+02,
       7.38118351e-01, 0., 0., 0., 0., 0., 0., 0., 0., 0., 0., 0., 0.,
       0., 0., 0., 0., 0., 0., 0., 0., 0., 1.08391943e+03,
       2.12043198e+02, 8.45676064e-01, 1.08773059e+03, 2.61069427e+02,
       8.12880158e-01, 1.04278064e+03, 1.78825455e+02, 3.08290273e-01,
       1.07020728e+03, 3.04230072e+02, 2.33565956e-01, 0., 0., 0., 0.,
       0., 0., 0., 0., 0., 0., 0., 0., 0., 0., 0., 0., 0., 0. ]
