%YAML:1.0
---
pose_0: !!opencv-matrix
   rows: 1
   cols: 25
   dt: "3f"
   data: [ 9.01691101e+02, 3.04219574e+02, 8.45672071e-01,
       7.93929688e+02, 3.12001587e+02, 6.68581128e-01, 7.92071350e+02,
       2.31705231e+02, 6.73975348e-01, 6.93979736e+02, 1.61118942e+02,
       8.01223934e-01, 5.86248962e+02, 1.82774338e+02, 7.02256799e-01,
       7.90049500e+02, 3.92343384e+02, 6.20831013e-01, 6.68561218e+02,
       4.29543213e+02, 8.08991671e-01, 6.68540100e+02, 3.68784119e+02,
       7.80727506e-01, 5.41194824e+02, 3.13942169e+02, 2.50971943e-01,
       5.47112122e+02, 2.68922455e+02, 3.25212896e-01, 3.64880524e+02,
       2.57085510e+02, 3.40669781e-01, 1.94459198e+02, 2.41498672e+02,
       2.23256946e-01, 5.23599609e+02, 3.55081451e+02, 2.36472920e-01,
       3.33556793e+02, 3.62897980e+02, 2.79956222e-01, 1.49400650e+02,
       3.57037109e+02, 3.82661641e-01, 9.13454163e+02, 2.86531403e+02,
       8.59638035e-01, 9.15346008e+02, 3.19886108e+02, 8.09432864e-01,
       8.88019226e+02, 2.66912231e+02, 6.41341567e-01, 9.03678223e+02,
       3.43312988e+02, 2.05292791e-01, 9.64774399e+01, 3.90339844e+02,
       2.17867002e-01, 1.02357414e+02, 3.92346497e+02, 2.36589685e-01,
       1.20015694e+02, 3.39429108e+02, 2.15672329e-01, 1.47405594e+02,
       2.10141495e+02, 1.18259206e-01, 1.47409271e+02, 2.12084320e+02,
       1.03976466e-01, 0., 0., 0. ]
