%YAML:1.0
---
pose_0: !!opencv-matrix
   rows: 1
   cols: 25
   dt: "3f"
   data: [ 9.21293213e+02, 1.94482407e+02, 7.69968748e-01,
       8.05705994e+02, 2.16009827e+02, 7.00020134e-01, 7.84139771e+02,
       1.35714279e+02, 6.40319169e-01, 6.52917847e+02, 1.00335739e+02,
       7.03301787e-01, 5.68652222e+02, 8.08520432e+01, 7.66483784e-01,
       8.23336365e+02, 2.96328156e+02, 6.11749530e-01, 7.58639954e+02,
       4.31477478e+02, 5.88313162e-01, 7.46899780e+02, 5.52987549e+02,
       3.77643317e-01, 5.62770142e+02, 2.59064880e+02, 3.03966075e-01,
       5.64713257e+02, 2.10167419e+02, 3.59175324e-01, 3.90369568e+02,
       1.98381226e+02, 1.42419070e-01, 3.15935303e+02, 2.10035568e+02,
       1.75140828e-01, 5.60812866e+02, 3.04110229e+02, 3.35282087e-01,
       3.78621796e+02, 3.68854858e+02, 3.55625987e-01, 2.29703781e+02,
       4.47134308e+02, 3.50668937e-01, 9.31147461e+02, 1.74863052e+02,
       8.30732286e-01, 9.35073364e+02, 2.12061981e+02, 8.30786586e-01,
       9.07572571e+02, 1.53299484e+02, 4.26045179e-01, 9.15450378e+02,
       2.35578262e+02, 2.61190146e-01, 1.94415024e+02, 4.19739807e+02,
       5.74359000e-02, 1.96402451e+02, 4.31497040e+02, 6.53557107e-02,
       2.10132004e+02, 4.49166809e+02, 2.04316422e-01, 0., 0., 0., 0.,
       0., 0., 0., 0., 0. ]
