%YAML:1.0
---
pose_0: !!opencv-matrix
   rows: 1
   cols: 25
   dt: "3f"
   data: [ 9.01783813e+02, 4.45164673e+02, 8.38363469e-01,
       7.91979004e+02, 4.45163422e+02, 7.40662158e-01, 7.86105835e+02,
       3.66905487e+02, 6.68341815e-01, 6.82252441e+02, 2.90538940e+02,
       8.54761183e-01, 6.35269348e+02, 3.66763519e+02, 8.85021627e-01,
       7.91929993e+02, 5.21647827e+02, 5.87197244e-01, 6.80320801e+02,
       5.56944458e+02, 6.52807176e-01, 5.72552002e+02, 6.03887573e+02,
       7.85990775e-01, 5.41190247e+02, 4.70675262e+02, 2.62460083e-01,
       5.31420349e+02, 4.29501526e+02, 3.15390527e-01, 3.76651184e+02,
       4.47186340e+02, 1.11320890e-01, 0., 0., 0., 5.52950378e+02,
       5.11840668e+02, 2.79788315e-01, 4.56974030e+02, 6.00011292e+02,
       5.11592589e-02, 0., 0., 0., 9.15339417e+02, 4.19745209e+02,
       8.42065632e-01, 9.15424438e+02, 4.56991150e+02, 7.79755354e-01,
       8.84104858e+02, 3.96204254e+02, 5.18038392e-01, 9.03634338e+02,
       4.76521759e+02, 7.54993707e-02, 0., 0., 0., 0., 0., 0., 0., 0.,
       0., 0., 0., 0., 0., 0., 0., 0., 0., 0. ]
