%YAML:1.0
---
pose_0: !!opencv-matrix
   rows: 1
   cols: 25
   dt: "3f"
   data: [ 9.40870422e+02, 2.72847015e+02, 7.43231654e-01,
       8.23350159e+02, 2.66935303e+02, 6.14432812e-01, 8.35031860e+02,
       1.82711227e+02, 6.32902741e-01, 7.03812683e+02, 1.12194260e+02,
       7.15413153e-01, 7.48912292e+02, 2.08137360e+02, 6.90374315e-01,
       8.13531494e+02, 3.62911560e+02, 5.43733954e-01, 6.90134705e+02,
       4.02142120e+02, 7.64346719e-01, 6.96031616e+02, 3.68782898e+02,
       8.52783561e-01, 5.90197632e+02, 2.74781311e+02, 1.55013740e-01,
       5.72580933e+02, 2.37531723e+02, 2.05167547e-01, 3.53117096e+02,
       2.25812088e+02, 2.96593964e-01, 1.67042023e+02, 2.43506546e+02,
       3.26448709e-01, 6.03919678e+02, 3.19864502e+02, 1.65111125e-01,
       3.68835968e+02, 3.19870361e+02, 1.66692078e-01, 1.33732422e+02,
       3.13970032e+02, 1.30248174e-01, 9.44796753e+02, 2.45416565e+02,
       8.17832291e-01, 9.60472961e+02, 2.80697266e+02, 6.82393014e-01,
       9.13404907e+02, 2.21907227e+02, 5.87636352e-01, 9.17441589e+02,
       3.06227631e+02, 6.30907640e-02, 8.47702408e+01, 3.51156189e+02,
       1.77220941e-01, 9.45146408e+01, 3.53091583e+02, 1.85442090e-01,
       1.02391060e+02, 3.06108490e+02, 8.12910125e-02, 1.21971001e+02,
       2.06228806e+02, 8.40518549e-02, 0., 0., 0., 0., 0., 0. ]
