%YAML:1.0
---
pose_0: !!opencv-matrix
   rows: 1
   cols: 25
   dt: "3f"
   data: [ 8.86096069e+02, 1.63170059e+02, 7.89067388e-01,
       8.17426270e+02, 2.41533279e+02, 7.22545862e-01, 7.92036926e+02,
       2.12147797e+02, 5.84418893e-01, 7.09705933e+02, 2.10133865e+02,
       3.74427259e-01, 6.33286133e+02, 1.84694382e+02, 7.57461488e-01,
       8.36996277e+02, 2.72747070e+02, 6.44489586e-01, 7.21480103e+02,
       3.19888458e+02, 6.13676667e-01, 5.56953369e+02, 2.86489960e+02,
       7.30966806e-01, 6.17595703e+02, 2.63029541e+02, 2.67378181e-01,
       6.13701965e+02, 2.27807480e+02, 3.58211368e-01, 3.21781403e+02,
       2.94355713e+02, 1.60893291e-01, 1.18028809e+02, 3.76657440e+02,
       1.73119724e-01, 6.21566223e+02, 3.06112854e+02, 1.56846419e-01,
       3.59006744e+02, 1.92517517e+02, 2.49301419e-01, 0., 0., 0.,
       9.09547729e+02, 1.63107681e+02, 2.15681195e-01, 9.11485168e+02,
       1.74841644e+02, 7.60365844e-01, 0., 0., 0., 9.13385437e+02,
       2.29783783e+02, 8.02999139e-01, 0., 0., 0., 0., 0., 0., 0., 0.,
       0., 8.07922974e+01, 4.07988068e+02, 5.40085547e-02, 0., 0., 0.,
       0., 0., 0. ]
