%YAML:1.0
---
pose_0: !!opencv-matrix
   rows: 1
   cols: 25
   dt: "3f"
   data: [ 9.70277161e+02, 3.35516266e+02, 7.64538407e-01,
       8.54660706e+02, 3.04194153e+02, 6.69939220e-01, 8.44881287e+02,
       2.23799362e+02, 6.13775373e-01, 7.19484924e+02, 1.78849686e+02,
       7.15051770e-01, 5.96067444e+02, 2.00320465e+02, 6.99877441e-01,
       8.60533813e+02, 3.68860168e+02, 5.06672084e-01, 9.48649658e+02,
       4.15808563e+02, 8.28930557e-01, 1.01732635e+03, 3.19785126e+02,
       7.09246516e-01, 5.82368408e+02, 3.00258179e+02, 1.16276287e-01,
       5.86298889e+02, 2.57135376e+02, 1.95675194e-01, 3.82517914e+02,
       3.00248077e+02, 7.82523900e-02, 1.57215225e+02, 3.19831940e+02,
       5.21541089e-02, 5.92158630e+02, 3.59012054e+02, 1.24363698e-01,
       3.70774414e+02, 3.94280182e+02, 6.55245036e-02, 0., 0., 0.,
       9.82089172e+02, 3.04172882e+02, 7.59437203e-01, 9.93777588e+02,
       3.31622528e+02, 2.50603318e-01, 9.60421814e+02, 2.64957184e+02,
       6.28503203e-01, 0., 0., 0., 0., 0., 0., 0., 0., 0., 0., 0., 0.,
       0., 0., 0., 0., 0., 0., 0., 0., 0. ]
