%YAML:1.0
---
pose_0: !!opencv-matrix
   rows: 1
   cols: 25
   dt: "3f"
   data: [ 8.72333923e+02, 4.43271973e+02, 7.78940737e-01,
       7.66514282e+02, 4.33499420e+02, 6.78183973e-01, 7.58690430e+02,
       3.66825623e+02, 7.00474083e-01, 6.43085205e+02, 3.37459045e+02,
       5.28965950e-01, 6.52857483e+02, 3.17830994e+02, 6.78360343e-01,
       7.70409119e+02, 5.03963684e+02, 5.68330348e-01, 6.80361938e+02,
       5.56912659e+02, 8.03076327e-01, 6.68542419e+02, 6.37278687e+02,
       7.05403268e-01, 5.52980042e+02, 4.58924347e+02, 2.74063736e-01,
       5.49053955e+02, 4.13883423e+02, 3.77709389e-01, 3.72726593e+02,
       4.19733795e+02, 1.87040359e-01, 0., 0., 0., 5.56868958e+02,
       5.03998596e+02, 2.74402618e-01, 4.00188324e+02, 5.19685242e+02,
       1.25716135e-01, 0., 0., 0., 8.84138550e+02, 4.17825409e+02,
       8.58527482e-01, 8.86036316e+02, 4.49193512e+02, 8.05489242e-01,
       8.52693726e+02, 3.86507477e+02, 8.39973688e-01, 0., 0., 0., 0.,
       0., 0., 0., 0., 0., 0., 0., 0., 0., 0., 0., 0., 0., 0., 0., 0.,
       0. ]
