%YAML:1.0
---
pose_0: !!opencv-matrix
   rows: 1
   cols: 25
   dt: "3f"
   data: [ 9.80078003e+02, 2.12123932e+02, 8.48374784e-01,
       8.48773926e+02, 2.45360062e+02, 6.04486465e-01, 8.31160767e+02,
       1.55278015e+02, 5.58985531e-01, 7.07757568e+02, 1.31688812e+02,
       4.46902812e-01, 6.66591187e+02, 1.31672516e+02, 6.26325309e-01,
       8.62498840e+02, 3.31590027e+02, 5.62713325e-01, 7.76327942e+02,
       4.64858521e+02, 8.03616941e-01, 7.92081421e+02, 3.21833618e+02,
       7.20185101e-01, 5.86283936e+02, 2.63028717e+02, 8.71379748e-02,
       5.47093445e+02, 2.10111893e+02, 1.11218207e-01, 2.92413605e+02,
       3.04121552e+02, 7.83315524e-02, 1.49416519e+02, 3.08144348e+02,
       1.73517108e-01, 6.05878662e+02, 3.13953156e+02, 8.62645432e-02,
       3.76650665e+02, 3.13968536e+02, 6.96159005e-02, 2.94383698e+02,
       3.04223328e+02, 1.49267197e-01, 9.80079529e+02, 1.84673126e+02,
       8.47008526e-01, 9.95758606e+02, 2.27707718e+02, 7.85658002e-01,
       9.44810120e+02, 1.63183762e+02, 6.36540890e-01, 9.74166748e+02,
       2.57193024e+02, 1.70374721e-01, 0., 0., 0., 0., 0., 0.,
       2.92407745e+02, 3.08108490e+02, 9.68117043e-02, 1.02396538e+02,
       3.27688049e+02, 6.31800815e-02, 1.04325928e+02, 3.21842041e+02,
       6.61897436e-02, 0., 0., 0. ]
