%YAML:1.0
---
pose_0: !!opencv-matrix
   rows: 1
   cols: 25
   dt: "3f"
   data: [ 8.87974976e+02, 1.02363808e+02, 8.35034788e-01,
       7.78240540e+02, 1.06299583e+02, 6.71918392e-01, 7.76268250e+02,
       2.20832272e+01, 6.60465777e-01, 0., 0., 0., 0., 0., 0.,
       7.78337402e+02, 1.92438782e+02, 6.52117848e-01, 6.78296631e+02,
       2.57190308e+02, 7.68865466e-01, 5.70616211e+02, 2.72838898e+02,
       8.27621579e-01, 5.17712097e+02, 1.31783157e+02, 2.95596987e-01,
       5.15752319e+02, 8.67063065e+01, 3.09812844e-01, 3.47266357e+02,
       8.67227859e+01, 1.26842827e-01, 0., 0., 0., 5.23571289e+02,
       1.78818848e+02, 3.56430411e-01, 3.80567413e+02, 1.80693649e+02,
       2.38530785e-01, 0., 0., 0., 8.99714661e+02, 8.47183762e+01,
       9.00540233e-01, 8.99737793e+02, 1.18036491e+02, 8.16972673e-01,
       8.74300781e+02, 5.73745499e+01, 6.84505463e-01, 8.86001709e+02,
       1.37679810e+02, 2.14323431e-01, 0., 0., 0., 0., 0., 0., 0., 0.,
       0., 0., 0., 0., 0., 0., 0., 0., 0., 0. ]
