%YAML:1.0
---
pose_0: !!opencv-matrix
   rows: 1
   cols: 25
   dt: "3f"
   data: [ 8.99801575e+02, 2.94384766e+02, 7.33626366e-01,
       8.03711365e+02, 3.25744690e+02, 6.87875330e-01, 7.84172546e+02,
       2.66905212e+02, 6.32454753e-01, 6.96022156e+02, 2.64968872e+02,
       3.84297252e-01, 6.31312561e+02, 2.53236755e+02, 1.58002540e-01,
       8.21300903e+02, 3.92294922e+02, 6.72051072e-01, 6.88121826e+02,
       3.96225983e+02, 7.47507572e-01, 6.23552368e+02, 2.76709473e+02,
       7.42579460e-01, 5.41238647e+02, 3.82539429e+02, 9.28938985e-02,
       5.52984924e+02, 3.31603363e+02, 8.94524977e-02, 5.07913269e+02,
       2.78678680e+02, 9.47147980e-02, 3.49207336e+02, 3.12010956e+02,
       9.73763764e-02, 5.45151917e+02, 4.13847992e+02, 1.22039042e-01,
       4.02118805e+02, 4.09963623e+02, 6.33388981e-02, 0., 0., 0.,
       9.11450439e+02, 2.84550629e+02, 6.69046342e-01, 9.15343323e+02,
       3.10019501e+02, 7.67636478e-01, 8.85988159e+02, 2.66914001e+02,
       4.13001567e-01, 8.99807312e+02, 3.41425507e+02, 6.04723334e-01,
       0., 0., 0., 0., 0., 0., 0., 0., 0., 0., 0., 0., 0., 0., 0., 0.,
       0., 0. ]
