%YAML:1.0
---
pose_0: !!opencv-matrix
   rows: 1
   cols: 25
   dt: "3f"
   data: [ 1.04086121e+03, 3.53102997e+02, 7.56161213e-01,
       9.31143127e+02, 3.33500793e+02, 5.85959196e-01, 9.36984619e+02,
       2.31670044e+02, 5.89820206e-01, 8.70323181e+02, 1.78757843e+02,
       2.12087750e-01, 0., 0., 0., 9.17351990e+02, 4.29505646e+02,
       4.73965585e-01, 7.78276672e+02, 4.88328339e+02, 5.36220729e-01,
       6.80365540e+02, 6.17569336e+02, 5.44265151e-01, 6.78357971e+02,
       2.88493866e+02, 5.58025986e-02, 0., 0., 0., 0., 0., 0., 0., 0.,
       0., 0., 0., 0., 0., 0., 0., 0., 0., 0., 1.05847498e+03,
       3.21796387e+02, 8.22577477e-01, 1.06043518e+03, 3.68871918e+02,
       8.11136305e-01, 1.05250903e+03, 2.82632416e+02, 5.33689618e-01,
       0., 0., 0., 0., 0., 0., 0., 0., 0., 0., 0., 0., 0., 0., 0., 0.,
       0., 0., 0., 0., 0. ]
