%YAML:1.0
---
pose_0: !!opencv-matrix
   rows: 1
   cols: 25
   dt: "3f"
   data: [ 9.33115295e+02, 3.06225128e+02, 7.92354941e-01,
       8.23336731e+02, 2.90462860e+02, 6.51440799e-01, 8.25295227e+02,
       2.06192932e+02, 6.22425020e-01, 7.17509766e+02, 1.20017227e+02,
       7.48654068e-01, 6.07828491e+02, 1.72893158e+02, 7.51789868e-01,
       8.11595581e+02, 3.70825470e+02, 6.28286242e-01, 7.07708313e+02,
       4.25628052e+02, 7.28084922e-01, 6.03936279e+02, 4.78588745e+02,
       8.33247781e-01, 5.86275085e+02, 2.88496002e+02, 1.20887533e-01,
       5.68651001e+02, 2.45398727e+02, 1.64299756e-01, 3.25720001e+02,
       3.06094574e+02, 1.43780082e-01, 1.39610016e+02, 3.21789459e+02,
       7.57210776e-02, 5.60819275e+02, 3.64909058e+02, 1.30173296e-01,
       4.60873688e+02, 3.72729492e+02, 8.09974074e-02, 0., 0., 0.,
       9.48749146e+02, 2.82582306e+02, 8.20926189e-01, 9.48714294e+02,
       3.19910889e+02, 8.33215237e-01, 9.23260071e+02, 2.47353516e+02,
       5.85029006e-01, 0., 0., 0., 0., 0., 0., 0., 0., 0., 0., 0., 0.,
       1.18100227e+02, 3.13980072e+02, 5.99989370e-02, 1.19990692e+02,
       3.17888153e+02, 6.01284318e-02, 0., 0., 0. ]
