%YAML:1.0
---
pose_0: !!opencv-matrix
   rows: 1
   cols: 25
   dt: "3f"
   data: [ 8.54640076e+02, 2.14101639e+02, 8.30839455e-01,
       8.21364807e+02, 2.88493896e+02, 4.59220529e-01, 7.91979736e+02,
       2.63068695e+02, 1.95876867e-01, 7.21437622e+02, 2.39530823e+02,
       5.50996661e-02, 0., 0., 0., 8.38945129e+02, 3.00256775e+02,
       5.43477654e-01, 7.13642578e+02, 2.33663055e+02, 5.96466601e-01,
       5.90177063e+02, 2.08103180e+02, 7.35578895e-01, 5.31427124e+02,
       3.31607819e+02, 1.32875293e-01, 5.23602478e+02, 3.29631104e+02,
       1.58422008e-01, 2.98285187e+02, 2.88508209e+02, 2.19715357e-01,
       8.28034744e+01, 4.08015472e+02, 2.70086408e-01, 0., 0., 0., 0.,
       0., 0., 0., 0., 0., 8.66453369e+02, 2.12034164e+02,
       2.78016210e-01, 8.76213379e+02, 2.23814728e+02, 8.36077571e-01,
       0., 0., 0., 8.87983215e+02, 2.74852936e+02, 8.30532432e-01, 0.,
       0., 0., 0., 0., 0., 0., 0., 0., 3.77371597e+01, 4.45270081e+02,
       1.98477477e-01, 3.57804756e+01, 4.37415405e+02, 1.65078193e-01,
       0., 0., 0. ]
