%YAML:1.0
---
pose_0: !!opencv-matrix
   rows: 1
   cols: 25
   dt: "3f"
   data: [ 8.99726318e+02, 3.76626678e+02, 8.24960113e-01,
       8.05727905e+02, 4.15881134e+02, 5.80291808e-01, 7.78253906e+02,
       3.84453217e+02, 3.69563997e-01, 0., 0., 0., 0., 0., 0.,
       8.35088135e+02, 4.58929626e+02, 3.71075720e-01, 8.37037048e+02,
       5.05903564e+02, 7.58988678e-01, 8.21431519e+02, 3.70842285e+02,
       8.19461465e-01, 5.47083618e+02, 4.29548187e+02, 2.16605678e-01,
       5.37303894e+02, 4.39354645e+02, 2.36530408e-01, 3.37505890e+02,
       5.39209351e+02, 2.02855289e-01, 2.00342163e+02, 6.33249146e+02,
       1.31868958e-01, 5.52982727e+02, 4.13872894e+02, 1.80877686e-01,
       3.25710876e+02, 4.19777679e+02, 1.06301241e-01, 0., 0., 0.,
       9.05593323e+02, 3.62946899e+02, 8.34939480e-01, 9.15418640e+02,
       3.94296722e+02, 8.22413683e-01, 8.86104187e+02, 3.53070435e+02,
       1.68061599e-01, 9.01769409e+02, 4.29453064e+02, 6.38270378e-01,
       0., 0., 0., 0., 0., 0., 0., 0., 0., 0., 0., 0., 0., 0., 0.,
       1.94457520e+02, 6.35258057e+02, 6.65000826e-02 ]
