%YAML:1.0
---
pose_0: !!opencv-matrix
   rows: 1
   cols: 25
   dt: "3f"
   data: [ 9.46701782e+02, 3.06159515e+02, 8.39871049e-01,
       8.56621399e+02, 3.33510956e+02, 6.96992636e-01, 8.33134277e+02,
       2.61081909e+02, 6.37201667e-01, 7.97864563e+02, 2.27763153e+02,
       4.76076633e-01, 7.27291992e+02, 1.88539413e+02, 7.62045324e-01,
       8.84070862e+02, 4.04090576e+02, 6.54105484e-01, 8.13517029e+02,
       4.90212463e+02, 6.90087914e-01, 7.48858704e+02, 5.54940430e+02,
       7.61384726e-01, 5.72546631e+02, 3.96226013e+02, 1.64349452e-01,
       5.68643677e+02, 3.43365814e+02, 2.23407000e-01, 3.51186218e+02,
       3.64900330e+02, 1.44343004e-01, 1.65101669e+02, 3.64880188e+02,
       1.04793862e-01, 5.88237610e+02, 4.47181976e+02, 1.53044730e-01,
       4.45214569e+02, 4.96183594e+02, 7.99391270e-02, 0., 0., 0.,
       9.52673157e+02, 2.86452911e+02, 7.75493443e-01, 9.64463318e+02,
       3.21746704e+02, 8.66040230e-01, 9.36950256e+02, 2.57138702e+02,
       6.76305175e-01, 9.62429321e+02, 3.39412811e+02, 3.20897818e-01,
       0., 0., 0., 0., 0., 0., 0., 0., 0., 0., 0., 0., 0., 0., 0., 0.,
       0., 0. ]
