%YAML:1.0
---
pose_0: !!opencv-matrix
   rows: 1
   cols: 25
   dt: "3f"
   data: [ 9.33057007e+02, 3.51140808e+02, 7.56930947e-01,
       8.52746704e+02, 2.80638824e+02, 4.68211472e-01, 8.68328979e+02,
       2.59083191e+02, 7.77881622e-01, 7.52830383e+02, 3.06049805e+02,
       7.45624065e-01, 8.35051270e+02, 4.35457520e+02, 6.62449837e-01,
       8.46846313e+02, 3.08109467e+02, 1.95567578e-01, 7.15578613e+02,
       3.82485138e+02, 8.15031707e-01, 8.29204346e+02, 4.33490723e+02,
       4.40672576e-01, 5.74504272e+02, 2.88486847e+02, 2.42160574e-01,
       5.70629822e+02, 2.59120819e+02, 2.51377523e-01, 4.37385193e+02,
       2.88504364e+02, 9.85171497e-02, 3.33562469e+02, 3.08102081e+02,
       8.37614015e-02, 5.76471863e+02, 3.21783203e+02, 1.68890119e-01,
       4.64825714e+02, 3.45297699e+02, 8.73602107e-02, 3.53167450e+02,
       3.51175690e+02, 8.59978795e-02, 9.50707520e+02, 3.35473511e+02,
       7.73672581e-01, 0., 0., 0., 9.40858887e+02, 2.84550018e+02,
       8.00974429e-01, 0., 0., 0., 0., 0., 0., 0., 0., 0., 0., 0., 0.,
       0., 0., 0., 0., 0., 0., 0., 0., 0. ]
