%YAML:1.0
---
pose_0: !!opencv-matrix
   rows: 1
   cols: 25
   dt: "3f"
   data: [ 9.19388000e+02, 2.12006653e+02, 8.09225738e-01,
       8.05648315e+02, 2.27752869e+02, 6.92459583e-01, 7.90062317e+02,
       1.49373917e+02, 7.15051413e-01, 6.60741516e+02, 1.04346207e+02,
       7.13732779e-01, 5.58828918e+02, 1.04373390e+02, 8.47739637e-01,
       8.09687927e+02, 3.17880157e+02, 6.39371216e-01, 6.92044250e+02,
       3.70810547e+02, 7.15452075e-01, 6.25438721e+02, 3.49161591e+02,
       7.32010841e-01, 5.33384766e+02, 2.55182877e+02, 9.94954556e-02,
       5.37286560e+02, 1.86634659e+02, 9.55605134e-02, 0., 0., 0., 0.,
       0., 0., 5.45131287e+02, 2.96321747e+02, 1.42776445e-01,
       2.35592606e+02, 3.31611206e+02, 7.62807131e-02, 8.67099609e+01,
       3.49208954e+02, 3.00634921e-01, 9.27164063e+02, 1.94361984e+02,
       8.16608727e-01, 9.33098450e+02, 2.25814835e+02, 7.35924721e-01,
       8.91892090e+02, 1.74851257e+02, 5.90553403e-01, 9.15419617e+02,
       2.51278549e+02, 3.13007057e-01, 0., 0., 0., 0., 0., 0.,
       7.10501938e+01, 3.53166443e+02, 2.25132838e-01, 0., 0., 0., 0.,
       0., 0., 0., 0., 0. ]
