%YAML:1.0
---
pose_0: !!opencv-matrix
   rows: 1
   cols: 25
   dt: "3f"
   data: [ 8.93829895e+02, 3.98250122e+02, 8.26048493e-01,
       7.91983948e+02, 4.15841858e+02, 7.52822995e-01, 7.74365112e+02,
       3.51180450e+02, 7.38368571e-01, 6.62658386e+02, 3.19865662e+02,
       8.16343904e-01, 6.80218994e+02, 2.90392487e+02, 8.84863913e-01,
       8.07728333e+02, 4.92249725e+02, 6.13714695e-01, 6.80386414e+02,
       5.56870850e+02, 8.09777021e-01, 7.62589722e+02, 5.13772339e+02,
       7.54341424e-01, 5.74522217e+02, 4.51081329e+02, 2.40558803e-01,
       5.58851807e+02, 4.11932068e+02, 3.74851584e-01, 3.57051697e+02,
       3.90381104e+02, 1.71351328e-01, 0., 0., 0., 5.99998840e+02,
       5.00092010e+02, 1.64151743e-01, 0., 0., 0., 0., 0., 0.,
       8.99762024e+02, 3.82565887e+02, 9.24006104e-01, 9.03721313e+02,
       4.15760345e+02, 7.75402665e-01, 8.70420654e+02, 3.66906555e+02,
       6.89298689e-01, 8.95832214e+02, 4.43247406e+02, 4.41415697e-01,
       0., 0., 0., 0., 0., 0., 0., 0., 0., 0., 0., 0., 0., 0., 0., 0.,
       0., 0. ]
