%YAML:1.0
---
pose_0: !!opencv-matrix
   rows: 1
   cols: 25
   dt: "3f"
   data: [ 9.01779236e+02, 2.27834167e+02, 7.74484217e-01,
       8.39016541e+02, 2.92447510e+02, 6.27432525e-01, 8.09629944e+02,
       2.72824127e+02, 3.43885928e-01, 6.52908020e+02, 2.84548065e+02,
       1.14954419e-01, 6.60703369e+02, 2.10060745e+02, 3.48220676e-01,
       8.62504456e+02, 3.10089325e+02, 6.17458999e-01, 7.44968750e+02,
       2.70839844e+02, 4.90979493e-01, 6.99965698e+02, 1.96462082e+02,
       6.87649846e-01, 5.29473694e+02, 3.37460236e+02, 1.22798093e-01,
       5.23607727e+02, 3.19817657e+02, 1.50141284e-01, 3.00225830e+02,
       2.80645416e+02, 3.34254503e-01, 6.71167221e+01, 4.33463226e+02,
       9.46590006e-02, 0., 0., 0., 0., 0., 0., 0., 0., 0.,
       9.17342285e+02, 2.23823212e+02, 6.76454186e-01, 9.31059387e+02,
       2.49283997e+02, 8.45155180e-01, 0., 0., 0., 9.15469910e+02,
       3.04082550e+02, 8.56508732e-01, 0., 0., 0., 0., 0., 0., 0., 0.,
       0., 7.29800415e+01, 4.68703033e+02, 6.96799308e-02,
       7.30111084e+01, 4.62965332e+02, 8.39397088e-02, 4.35866432e+01,
       4.56953247e+02, 6.48140982e-02 ]
