%YAML:1.0
---
pose_0: !!opencv-matrix
   rows: 1
   cols: 25
   dt: "3f"
   data: [ 0., 0., 0., 9.44767456e+02, 3.51173187e+02, 1.98654413e-01,
       9.36964783e+02, 2.72846832e+02, 1.31815061e-01, 9.36945251e+02,
       2.39508331e+02, 1.47845566e-01, 8.05648926e+02, 1.49432571e+02,
       1.69136837e-01, 9.27169861e+02, 4.00176636e+02, 1.75994664e-01,
       7.80252319e+02, 5.21652161e+02, 4.89095747e-01, 7.45014160e+02,
       6.11775391e+02, 6.80521846e-01, 0., 0., 0., 0., 0., 0., 0., 0.,
       0., 0., 0., 0., 0., 0., 0., 0., 0., 0., 0., 0., 0.,
       1.04276404e+03, 3.53159332e+02, 6.44981787e-02, 0., 0., 0.,
       1.03492395e+03, 3.35509186e+02, 1.11305051e-01, 0., 0., 0., 0.,
       0., 0., 0., 0., 0., 0., 0., 0., 0., 0., 0., 0., 0., 0., 0., 0.,
       0. ]
