%YAML:1.0
---
pose_0: !!opencv-matrix
   rows: 1
   cols: 25
   dt: "3f"
   data: [ 8.84119507e+02, 2.41406693e+02, 7.83310413e-01,
       7.80271362e+02, 2.70848511e+02, 6.64451361e-01, 7.64547668e+02,
       2.08185883e+02, 5.97355366e-01, 7.27361816e+02, 1.68989761e+02,
       1.07203677e-01, 7.27366699e+02, 1.65027695e+02, 5.76583967e-02,
       7.93932739e+02, 3.35503662e+02, 6.29863441e-01, 7.37133606e+02,
       3.43333984e+02, 7.42079914e-01, 7.44880005e+02, 2.27796707e+02,
       7.26134658e-01, 5.58847839e+02, 2.53224884e+02, 1.78289369e-01,
       5.47081787e+02, 2.27770370e+02, 2.71424681e-01, 3.37488007e+02,
       2.64979095e+02, 3.88407648e-01, 1.16100761e+02, 2.90397675e+02,
       3.40025723e-01, 5.70612793e+02, 2.90476166e+02, 6.25289679e-02,
       0., 0., 0., 0., 0., 0., 8.89919373e+02, 2.25720825e+02,
       8.29970479e-01, 8.97746765e+02, 2.55220276e+02, 7.90418684e-01,
       8.58632263e+02, 2.12014954e+02, 5.21587849e-01, 8.84059265e+02,
       2.86461914e+02, 5.60449481e-01, 0., 0., 0., 0., 0., 0., 0., 0.,
       0., 7.29816437e+01, 2.70835785e+02, 1.05503157e-01,
       7.69254227e+01, 2.66945251e+02, 1.02176748e-01, 1.02346245e+02,
       2.98265320e+02, 2.46320933e-01 ]
