%YAML:1.0
---
pose_0: !!opencv-matrix
   rows: 1
   cols: 25
   dt: "3f"
   data: [ 8.84119690e+02, 4.02110229e+02, 8.59362304e-01,
       7.74373230e+02, 4.09975372e+02, 6.91359460e-01, 7.62592712e+02,
       3.37450989e+02, 6.50596142e-01, 7.45017944e+02, 2.23863251e+02,
       5.67839980e-01, 7.82219727e+02, 1.02423782e+02, 4.64439780e-01,
       7.78335754e+02, 4.80473724e+02, 5.60791671e-01, 6.97905273e+02,
       5.41266113e+02, 7.62091398e-01, 6.00026978e+02, 5.43158813e+02,
       7.52168059e-01, 5.25574585e+02, 4.15819824e+02, 2.58248270e-01,
       5.29467163e+02, 3.70804565e+02, 3.54424864e-01, 3.41377014e+02,
       3.15904510e+02, 3.66373241e-01, 1.92475159e+02, 2.45447189e+02,
       3.50347400e-01, 5.25532654e+02, 4.60905396e+02, 2.68576413e-01,
       4.00148468e+02, 5.39276550e+02, 8.28174800e-02, 0., 0., 0.,
       8.86106750e+02, 3.84512054e+02, 8.72204483e-01, 8.99682617e+02,
       4.13947449e+02, 8.29965353e-01, 8.60529358e+02, 3.66874542e+02,
       5.65430403e-01, 8.84016968e+02, 4.37433502e+02, 2.61035889e-01,
       0., 0., 0., 0., 0., 0., 0., 0., 0., 0., 0., 0., 0., 0., 0., 0.,
       0., 0. ]
