%YAML:1.0
---
pose_0: !!opencv-matrix
   rows: 1
   cols: 25
   dt: "3f"
   data: [ 9.17462219e+02, 3.47279968e+02, 7.96591699e-01,
       8.09619019e+02, 3.51127289e+02, 6.33611143e-01, 8.03758545e+02,
       2.72849792e+02, 6.80608392e-01, 6.86218628e+02, 2.31682953e+02,
       5.85631728e-01, 6.37218567e+02, 2.41405197e+02, 6.59512997e-01,
       8.15518311e+02, 4.35448761e+02, 5.38953245e-01, 6.82284790e+02,
       4.86383331e+02, 4.43646461e-01, 5.64720947e+02, 5.21659058e+02,
       6.58992767e-01, 5.82371643e+02, 3.57078308e+02, 1.68331891e-01,
       5.86252136e+02, 3.13960693e+02, 2.27405459e-01, 4.92234009e+02,
       3.02220490e+02, 5.84882423e-02, 3.82504333e+02, 2.70857819e+02,
       8.29993635e-02, 5.96062073e+02, 4.09958282e+02, 1.06506571e-01,
       0., 0., 0., 0., 0., 0., 9.27149231e+02, 3.23822449e+02,
       7.49431908e-01, 9.33056824e+02, 3.60942505e+02, 7.85182536e-01,
       9.01734741e+02, 3.02217529e+02, 5.44987500e-01, 9.27142761e+02,
       3.82474182e+02, 1.85158789e-01, 0., 0., 0., 0., 0., 0., 0., 0.,
       0., 0., 0., 0., 0., 0., 0., 0., 0., 0. ]
