%YAML:1.0
---
pose_0: !!opencv-matrix
   rows: 1
   cols: 25
   dt: "3f"
   data: [ 8.99666016e+02, 4.56967834e+02, 7.93816686e-01,
       7.92049438e+02, 4.76514313e+02, 6.97801828e-01, 7.89946106e+02,
       3.98227905e+02, 6.68181062e-01, 6.98015015e+02, 3.35494232e+02,
       7.97418118e-01, 6.51019836e+02, 2.59209656e+02, 8.13937187e-01,
       7.93919006e+02, 5.45158325e+02, 6.28264189e-01, 6.84218872e+02,
       5.99997620e+02, 7.11564720e-01, 6.72489868e+02, 6.80339172e+02,
       4.97267604e-01, 5.68665527e+02, 4.86387726e+02, 3.13362211e-01,
       5.70624634e+02, 4.45185425e+02, 3.64756346e-01, 3.74676422e+02,
       4.13821869e+02, 2.47281313e-01, 3.43356567e+02, 3.98242035e+02,
       1.05194613e-01, 5.70561462e+02, 5.33383606e+02, 3.10232341e-01,
       3.96254547e+02, 5.41269043e+02, 2.47285455e-01, 0., 0., 0.,
       9.01797729e+02, 4.43301331e+02, 8.87503624e-01, 9.11500061e+02,
       4.74570892e+02, 7.83863664e-01, 8.82098389e+02, 4.29610107e+02,
       3.82511675e-01, 8.87955566e+02, 4.96229584e+02, 5.87124586e-01,
       0., 0., 0., 0., 0., 0., 0., 0., 0., 0., 0., 0., 0., 0., 0.,
       3.45306122e+02, 3.96235535e+02, 6.15624264e-02 ]
