%YAML:1.0
---
pose_0: !!opencv-matrix
   rows: 1
   cols: 25
   dt: "3f"
   data: [ 9.70270142e+02, 4.13765015e+02, 7.38742232e-01,
       8.54661682e+02, 4.15893036e+02, 6.67314053e-01, 8.50707703e+02,
       3.25709686e+02, 6.32900059e-01, 7.39051086e+02, 2.72732300e+02,
       7.52094269e-01, 6.48920288e+02, 3.33496338e+02, 6.51730120e-01,
       8.54640503e+02, 5.03963135e+02, 5.90831518e-01, 7.07751221e+02,
       5.51038879e+02, 7.08592892e-01, 5.90233582e+02, 5.88173279e+02,
       7.33230829e-01, 5.86274292e+02, 4.21720856e+02, 1.24528997e-01,
       5.88229431e+02, 3.76669373e+02, 2.02305153e-01, 3.68821442e+02,
       4.11941254e+02, 1.72717869e-01, 1.67040527e+02, 4.66780487e+02,
       7.08793774e-02, 5.88236572e+02, 4.88331970e+02, 1.33300573e-01,
       0., 0., 0., 0., 0., 0., 9.82000732e+02, 3.84591858e+02,
       8.29708099e-01, 9.85963562e+02, 4.29523468e+02, 7.18046665e-01,
       9.60442993e+02, 3.59038971e+02, 4.39753562e-01, 9.46627136e+02,
       4.13813354e+02, 7.10676014e-02, 0., 0., 0., 0., 0., 0., 0., 0.,
       0., 0., 0., 0., 0., 0., 0., 1.65088333e+02, 4.70684113e+02,
       6.57887086e-02 ]
