%YAML:1.0
---
pose_0: !!opencv-matrix
   rows: 2
   cols: 25
   dt: "3f"
   data: [ 8.99701843e+02, 3.60958862e+02, 7.69365609e-01,
       8.31184631e+02, 2.90431824e+02, 4.79913086e-01, 8.33147827e+02,
       2.90513977e+02, 7.35818446e-01, 7.29246277e+02, 3.33529083e+02,
       7.38535702e-01, 7.27377930e+02, 4.53071686e+02, 8.01489532e-01,
       8.35036621e+02, 2.80667389e+02, 3.04647386e-01, 0., 0., 0., 0.,
       0., 0., 5.37321533e+02, 2.94357635e+02, 2.65509665e-01,
       5.35327881e+02, 2.74788208e+02, 3.50795269e-01, 3.35495422e+02,
       3.68856445e+02, 4.43039417e-01, 1.14146133e+02, 3.47266296e+02,
       3.07454944e-01, 5.33368042e+02, 3.19853912e+02, 1.31277218e-01,
       3.37441467e+02, 3.49198059e+02, 2.30484739e-01, 1.12165855e+02,
       3.41381683e+02, 1.79270178e-01, 9.15443787e+02, 3.37556030e+02,
       7.30971634e-01, 9.17303589e+02, 3.66821930e+02, 7.83059716e-01,
       8.97715027e+02, 2.92462677e+02, 8.10290933e-01, 0., 0., 0.,
       4.94559288e+01, 3.06118530e+02, 9.56870466e-02, 5.33776779e+01,
       3.19781708e+02, 8.03257450e-02, 7.29935913e+01, 3.41401764e+02,
       1.05401739e-01, 1.16096321e+02, 3.98173828e+02, 6.75772205e-02,
       1.18019508e+02, 3.96257172e+02, 6.06077015e-02, 8.67356720e+01,
       3.55089966e+02, 2.10067272e-01, 0., 0., 0., 0., 0., 0., 0., 0.,
       0., 0., 0., 0., 0., 0., 0., 6.82313049e+02, 3.02220978e+02,
       6.08428866e-02, 6.50904846e+02, 3.55073334e+02, 5.11478126e-01,
       6.70551514e+02, 4.47216553e+02, 5.99793494e-01, 0., 0., 0., 0.,
       0., 0., 0., 0., 0., 0., 0., 0., 0., 0., 0., 0., 0., 0., 0., 0.,
       0., 0., 0., 0., 0., 0., 0., 0., 0., 0., 0., 0., 0., 0., 0., 0.,
       0., 0., 0., 0., 0., 0., 0., 0., 0., 0., 0., 0., 0., 0., 0. ]
