%YAML:1.0
---
pose_0: !!opencv-matrix
   rows: 1
   cols: 25
   dt: "3f"
   data: [ 8.97790039e+02, 4.31598236e+02, 8.14661622e-01,
       8.07678406e+02, 4.76506622e+02, 5.34780562e-01, 7.88066040e+02,
       4.45219452e+02, 3.79009277e-01, 7.48875854e+02, 3.82527283e+02,
       1.77056715e-01, 0., 0., 0., 8.27247925e+02, 5.09888885e+02,
       6.35432482e-01, 7.50836426e+02, 3.78610321e+02, 5.91146231e-01,
       6.84202881e+02, 2.61077362e+02, 6.29830778e-01, 5.39230774e+02,
       4.94209473e+02, 1.35826096e-01, 5.41205994e+02, 4.64825287e+02,
       1.93036422e-01, 3.70777832e+02, 3.88426361e+02, 1.97308615e-01,
       1.63089859e+02, 4.19738129e+02, 1.69721663e-01, 5.25563904e+02,
       5.54933960e+02, 1.09933160e-01, 3.78613892e+02, 3.84521576e+02,
       3.59151572e-01, 1.70935440e+02, 4.21689453e+02, 2.61971325e-01,
       9.01801147e+02, 4.17843323e+02, 8.80332470e-01, 9.13411560e+02,
       4.47299133e+02, 8.37673664e-01, 8.78218323e+02, 4.13819244e+02,
       2.76989222e-01, 8.99767029e+02, 4.78601990e+02, 7.06519663e-01,
       1.29814301e+02, 4.41282135e+02, 5.92740402e-02, 1.33713257e+02,
       4.45240265e+02, 9.11083072e-02, 1.49387695e+02, 4.17815887e+02,
       1.52453810e-01, 1.29786499e+02, 4.47155426e+02, 8.21321085e-02,
       1.27837006e+02, 4.39352051e+02, 6.80680126e-02, 0., 0., 0. ]
