%YAML:1.0
---
pose_0: !!opencv-matrix
   rows: 1
   cols: 25
   dt: "3f"
   data: [ 8.86074036e+02, 3.76658661e+02, 7.00641632e-01,
       7.97873901e+02, 2.88542633e+02, 4.60236967e-01, 8.05645020e+02,
       2.72768982e+02, 5.93669653e-01, 6.80373901e+02, 2.53213593e+02,
       7.84779668e-01, 6.35285095e+02, 4.25601257e+02, 4.12193596e-01,
       7.88086121e+02, 3.19825531e+02, 1.93204686e-01, 0., 0., 0., 0.,
       0., 0., 5.70589478e+02, 3.00233124e+02, 2.23388955e-01,
       5.54917908e+02, 2.70848358e+02, 2.85919458e-01, 4.00150726e+02,
       3.29618713e+02, 1.57096967e-01, 0., 0., 0., 5.88243774e+02,
       3.35481262e+02, 1.39120951e-01, 3.37463531e+02, 3.82558502e+02,
       8.47499445e-02, 8.86652374e+01, 3.43360016e+02, 9.14322138e-02,
       9.03697021e+02, 3.64890686e+02, 7.62277961e-01, 0., 0., 0.,
       9.01757507e+02, 3.11968384e+02, 8.17828417e-01, 0., 0., 0., 0.,
       0., 0., 0., 0., 0., 0., 0., 0., 0., 0., 0., 0., 0., 0., 0., 0.,
       0. ]
