%YAML:1.0
---
pose_0: !!opencv-matrix
   rows: 1
   cols: 25
   dt: "3f"
   data: [ 8.93882263e+02, 3.68810944e+02, 7.81073928e-01,
       7.78299683e+02, 3.68863892e+02, 7.04145491e-01, 7.74362854e+02,
       2.92458405e+02, 7.07625628e-01, 6.45075562e+02, 2.39528549e+02,
       7.73643017e-01, 7.11615295e+02, 2.53178253e+02, 7.75445938e-01,
       7.82163635e+02, 4.43214569e+02, 5.64030766e-01, 6.68597290e+02,
       5.09979828e+02, 8.07714164e-01, 7.74385193e+02, 4.94273102e+02,
       8.06732357e-01, 5.25572510e+02, 3.78623932e+02, 3.31675112e-01,
       5.27491455e+02, 3.33559784e+02, 4.63570923e-01, 3.59038544e+02,
       3.55162598e+02, 4.24710304e-01, 0., 0., 0., 5.29478333e+02,
       4.27547974e+02, 3.94669414e-01, 3.51190674e+02, 4.84416931e+02,
       3.44208300e-01, 1.80747559e+02, 5.25523376e+02, 4.40207064e-01,
       8.99783508e+02, 3.49190186e+02, 8.59325945e-01, 9.07560242e+02,
       3.84452911e+02, 7.12013364e-01, 8.68451660e+02, 3.21786011e+02,
       6.18673146e-01, 8.74316345e+02, 4.00177429e+02, 9.83596742e-02,
       1.21977409e+02, 5.76477722e+02, 4.01333630e-01, 1.27863014e+02,
       5.74563232e+02, 4.12189662e-01, 1.57227737e+02, 5.15748535e+02,
       1.98633254e-01, 0., 0., 0., 0., 0., 0., 0., 0., 0. ]
