%YAML:1.0
---
pose_0: !!opencv-matrix
   rows: 1
   cols: 25
   dt: "3f"
   data: [ 9.29107971e+02, 3.70825745e+02, 7.49111414e-01,
       8.44872925e+02, 2.86533630e+02, 4.49398100e-01, 8.39000977e+02,
       2.88509552e+02, 6.50769472e-01, 7.44928223e+02, 3.00251587e+02,
       7.44170666e-01, 6.43123291e+02, 4.43252441e+02, 6.92454755e-01,
       8.54640015e+02, 2.78705933e+02, 3.38842571e-01, 0., 0., 0., 0.,
       0., 0., 6.35253174e+02, 2.74808105e+02, 1.38449147e-01, 0., 0.,
       0., 0., 0., 0., 0., 0., 0., 0., 0., 0., 0., 0., 0., 0., 0., 0.,
       9.44780762e+02, 3.57036865e+02, 7.58692622e-01, 0., 0., 0.,
       9.33087280e+02, 3.06143768e+02, 8.93806040e-01, 0., 0., 0., 0.,
       0., 0., 0., 0., 0., 0., 0., 0., 0., 0., 0., 0., 0., 0., 0., 0.,
       0. ]
