%YAML:1.0
---
pose_0: !!opencv-matrix
   rows: 1
   cols: 25
   dt: "3f"
   data: [ 1.08971802e+03, 1.98349213e+02, 7.66635180e-01,
       9.44807007e+02, 2.29747986e+02, 1.96879953e-01, 9.33058289e+02,
       2.10122513e+02, 7.34789819e-02, 0., 0., 0., 0., 0., 0.,
       9.62425476e+02, 2.76727112e+02, 1.36561126e-01, 8.01750000e+02,
       4.47124420e+02, 6.16811216e-01, 9.17454590e+02, 3.37424164e+02,
       5.91806173e-01, 6.60722107e+02, 3.62942261e+02, 6.57571554e-02,
       6.43084717e+02, 3.31588745e+02, 6.47156984e-02, 0., 0., 0., 0.,
       0., 0., 0., 0., 0., 0., 0., 0., 0., 0., 0., 1.10349402e+03,
       1.67075348e+02, 8.15377414e-01, 1.10738477e+03, 2.23826370e+02,
       7.46895790e-01, 1.06624658e+03, 1.35698822e+02, 2.23293751e-01,
       1.08974902e+03, 2.57065735e+02, 5.87265491e-02, 0., 0., 0., 0.,
       0., 0., 0., 0., 0., 0., 0., 0., 0., 0., 0., 0., 0., 0. ]
