%YAML:1.0
---
pose_0: !!opencv-matrix
   rows: 1
   cols: 25
   dt: "3f"
   data: [ 9.64465393e+02, 2.37523849e+02, 7.82999098e-01,
       8.42924805e+02, 2.61064484e+02, 6.21381164e-01, 8.27289429e+02,
       1.74828613e+02, 6.32068694e-01, 6.80326965e+02, 1.31658524e+02,
       7.93916464e-01, 5.88234558e+02, 1.18004189e+02, 8.99634242e-01,
       8.56609436e+02, 3.47246765e+02, 6.09432161e-01, 7.41037659e+02,
       4.00236328e+02, 7.23392963e-01, 5.88310364e+02, 4.00166443e+02,
       7.97382057e-01, 5.56892334e+02, 2.86535370e+02, 2.30887353e-01,
       5.54960083e+02, 2.41481354e+02, 3.53027165e-01, 3.64856750e+02,
       2.53222046e+02, 1.97347224e-01, 0., 0., 0., 5.52977539e+02,
       3.27665680e+02, 2.26358354e-01, 3.84467834e+02, 3.59005005e+02,
       6.42838627e-02, 0., 0., 0., 9.72206177e+02, 2.12094925e+02,
       8.66460562e-01, 9.82053040e+02, 2.53239655e+02, 7.62145162e-01,
       9.40881531e+02, 1.94394501e+02, 5.44039071e-01, 9.62440857e+02,
       2.74804840e+02, 2.11699381e-01, 0., 0., 0., 0., 0., 0., 0., 0.,
       0., 0., 0., 0., 0., 0., 0., 0., 0., 0. ]
