%YAML:1.0
---
pose_0: !!opencv-matrix
   rows: 1
   cols: 25
   dt: "3f"
   data: [ 9.01737061e+02, 2.29772522e+02, 6.74461007e-01,
       8.27254150e+02, 2.90411499e+02, 6.62684202e-01, 8.01764465e+02,
       2.59090271e+02, 4.41958278e-01, 6.76384827e+02, 2.90507019e+02,
       3.78960699e-01, 6.41174988e+02, 2.27799576e+02, 7.87711084e-01,
       8.52709839e+02, 3.25734772e+02, 6.61125898e-01, 7.50850891e+02,
       3.98178894e+02, 7.53437698e-01, 6.19608154e+02, 3.17880432e+02,
       6.28061652e-01, 6.31324158e+02, 3.33526978e+02, 1.87225819e-01,
       6.25462097e+02, 3.00268524e+02, 1.42585546e-01, 0., 0., 0., 0.,
       0., 0., 6.43096252e+02, 3.66838837e+02, 1.73325628e-01,
       5.02039276e+02, 3.12014130e+02, 5.02573811e-02, 0., 0., 0.,
       9.15342529e+02, 2.25714127e+02, 6.34875953e-01, 9.19383240e+02,
       2.53173981e+02, 7.90678084e-01, 8.68364624e+02, 2.25826187e+02,
       1.00546204e-01, 9.09509888e+02, 2.90431885e+02, 7.80314445e-01,
       0., 0., 0., 0., 0., 0., 0., 0., 0., 0., 0., 0., 0., 0., 0., 0.,
       0., 0. ]
