%YAML:1.0
---
pose_0: !!opencv-matrix
   rows: 1
   cols: 25
   dt: "3f"
   data: [ 9.03700928e+02, 2.70816833e+02, 7.78717518e-01,
       8.21283142e+02, 2.72785187e+02, 6.89631164e-01, 8.05756470e+02,
       1.84636536e+02, 6.85309350e-01, 6.82290527e+02, 1.47398956e+02,
       7.76962876e-01, 6.33204590e+02, 1.63111420e+02, 8.36685777e-01,
       8.33094910e+02, 3.64842133e+02, 6.18216872e-01, 7.15580444e+02,
       4.66791107e+02, 6.10296667e-01, 7.15558105e+02, 4.02182831e+02,
       6.63761258e-01, 5.33396667e+02, 2.94377960e+02, 1.96070313e-01,
       5.25565735e+02, 2.45386703e+02, 2.80178189e-01, 3.10045654e+02,
       2.45368286e+02, 2.07086235e-01, 3.04178558e+02, 2.41518356e+02,
       1.09902292e-01, 5.35353394e+02, 3.53128723e+02, 2.19155639e-01,
       4.23670776e+02, 3.62949127e+02, 5.69487959e-02, 1.43522751e+02,
       3.49246033e+02, 1.06757447e-01, 9.17389771e+02, 2.45352707e+02,
       8.42062175e-01, 9.23239746e+02, 2.88382629e+02, 7.59149134e-01,
       9.05657898e+02, 2.19899429e+02, 5.75100183e-01, 9.09499390e+02,
       3.06112274e+02, 1.16391972e-01, 0., 0., 0., 0., 0., 0., 0., 0.,
       0., 0., 0., 0., 0., 0., 0., 3.06090942e+02, 2.39538452e+02,
       5.34137562e-02 ]
