%YAML:1.0
---
pose_0: !!opencv-matrix
   rows: 1
   cols: 25
   dt: "3f"
   data: [ 8.99775452e+02, 3.86515533e+02, 8.54691863e-01,
       7.91999451e+02, 3.53173828e+02, 7.01833069e-01, 7.90035156e+02,
       2.78682617e+02, 6.64012313e-01, 6.66568420e+02, 2.25720123e+02,
       8.18531036e-01, 7.44997620e+02, 2.45426285e+02, 7.74279773e-01,
       7.89982178e+02, 4.27583282e+02, 5.63288093e-01, 6.78374939e+02,
       5.03966431e+02, 7.62748718e-01, 7.78319336e+02, 5.09911011e+02,
       8.02349210e-01, 5.25550781e+02, 4.11906494e+02, 1.99207500e-01,
       5.27532532e+02, 3.68845947e+02, 2.46253833e-01, 3.66864410e+02,
       3.70803680e+02, 8.91795084e-02, 1.47407913e+02, 3.59017029e+02,
       1.86596960e-01, 5.25553467e+02, 4.45216248e+02, 1.21489003e-01,
       3.72742279e+02, 4.92258698e+02, 1.55143201e-01, 1.78778137e+02,
       5.23574524e+02, 3.76191825e-01, 9.15312378e+02, 3.62951233e+02,
       8.25922966e-01, 9.15446594e+02, 3.98103851e+02, 7.77745128e-01,
       8.86108337e+02, 3.19815247e+02, 8.44243765e-01, 0., 0., 0.,
       1.43528152e+02, 5.09855286e+02, 1.47146344e-01, 0., 0., 0.,
       1.55284531e+02, 5.13819763e+02, 2.30497777e-01, 0., 0., 0., 0.,
       0., 0., 0., 0., 0. ]
