%YAML:1.0
---
pose_0: !!opencv-matrix
   rows: 1
   cols: 25
   dt: "3f"
   data: [ 8.78201355e+02, 2.41474747e+02, 8.06261063e-01,
       7.88102722e+02, 2.88532532e+02, 7.22495198e-01, 7.64536499e+02,
       2.27700867e+02, 6.65331841e-01, 7.80267212e+02, 1.20005074e+02,
       7.50565112e-01, 8.74243469e+02, 1.51360046e+02, 8.08974028e-01,
       8.07714600e+02, 3.51195862e+02, 6.44078195e-01, 8.72372498e+02,
       4.11915894e+02, 8.35096300e-01, 9.31021545e+02, 3.08093079e+02,
       8.22991431e-01, 5.52982666e+02, 3.45298248e+02, 2.53736109e-01,
       5.49058105e+02, 3.17879425e+02, 2.39295840e-01, 3.62916534e+02,
       3.84483551e+02, 2.55816817e-01, 1.84631378e+02, 4.33486481e+02,
       3.48834991e-01, 5.52975952e+02, 3.76633942e+02, 1.63759246e-01,
       3.33558624e+02, 3.96272888e+02, 1.16714679e-01, 1.65031799e+02,
       4.39318665e+02, 1.77581429e-01, 8.84120544e+02, 2.27692932e+02,
       8.79186094e-01, 8.95799988e+02, 2.57052002e+02, 8.63350630e-01,
       8.54710022e+02, 2.17983948e+02, 7.66049847e-02, 8.86071411e+02,
       2.88506989e+02, 7.35359907e-01, 1.12200523e+02, 4.43243958e+02,
       2.28391841e-01, 1.21959724e+02, 4.51100983e+02, 2.25922525e-01,
       1.37669556e+02, 4.45258789e+02, 1.30597949e-01, 1.82767563e+02,
       4.41318420e+02, 5.06263636e-02, 0., 0., 0., 1.68977463e+02,
       4.37369415e+02, 2.10000277e-01 ]
