%YAML:1.0
---
pose_0: !!opencv-matrix
   rows: 1
   cols: 25
   dt: "3f"
   data: [ 8.84088928e+02, 3.15954285e+02, 8.12340558e-01,
       7.93986267e+02, 3.08077057e+02, 5.37019670e-01, 8.23307556e+02,
       2.37521820e+02, 4.51894164e-01, 9.13454712e+02, 1.67087280e+02,
       3.19350690e-01, 1.00949414e+03, 1.72924637e+02, 9.73359272e-02,
       7.76250244e+02, 3.84552490e+02, 5.76184690e-01, 6.96044495e+02,
       4.43279236e+02, 7.50091791e-01, 5.92159302e+02, 5.05885620e+02,
       7.00754941e-01, 5.47088867e+02, 3.23782806e+02, 2.42650911e-01,
       5.51004944e+02, 2.74765656e+02, 3.25752497e-01, 3.68826965e+02,
       2.49311356e+02, 2.42697373e-01, 0., 0., 0., 5.56875977e+02,
       3.70797333e+02, 2.95888186e-01, 3.53176575e+02, 4.47211884e+02,
       3.31067622e-01, 1.92448288e+02, 5.13771362e+02, 2.79671341e-01,
       8.93838379e+02, 2.94347504e+02, 7.62124419e-01, 8.99679016e+02,
       3.25693542e+02, 7.88114667e-01, 8.74305359e+02, 2.70856445e+02,
       5.38686097e-01, 8.82112671e+02, 3.43337097e+02, 7.86034390e-02,
       1.70937134e+02, 5.80379211e+02, 5.89484461e-02, 1.65119919e+02,
       5.80405212e+02, 6.85091689e-02, 1.67037247e+02, 5.13795227e+02,
       1.78769842e-01, 0., 0., 0., 0., 0., 0., 0., 0., 0. ]
