%YAML:1.0
---
pose_0: !!opencv-matrix
   rows: 1
   cols: 25
   dt: "3f"
   data: [ 9.01734619e+02, 2.12172791e+02, 8.48433018e-01,
       7.93944031e+02, 2.27778275e+02, 7.02127934e-01, 7.82222351e+02,
       1.49350708e+02, 6.90022409e-01, 6.60744446e+02, 1.16156944e+02,
       8.38443160e-01, 5.76505188e+02, 1.51311646e+02, 8.25068474e-01,
       8.03769836e+02, 3.13937805e+02, 6.71907425e-01, 6.90075989e+02,
       3.68791412e+02, 7.51815021e-01, 6.01861023e+02, 3.33552490e+02,
       8.13533306e-01, 5.82364136e+02, 2.49286209e+02, 3.00740778e-01,
       5.62771301e+02, 2.04260254e+02, 3.27599108e-01, 3.43346008e+02,
       2.29722610e+02, 1.75271213e-01, 1.31730484e+02, 2.37532684e+02,
       2.02902377e-01, 5.99989685e+02, 2.90489807e+02, 2.88484573e-01,
       3.55100616e+02, 2.90512024e+02, 1.79127857e-01, 1.35700348e+02,
       3.13955750e+02, 6.72643036e-02, 9.13470581e+02, 1.94452072e+02,
       9.00237262e-01, 9.17361023e+02, 2.27797943e+02, 8.48839283e-01,
       8.84128052e+02, 1.74846024e+02, 6.47265077e-01, 9.07548706e+02,
       2.51303009e+02, 3.46633285e-01, 9.05970383e+01, 3.51123627e+02,
       1.12395436e-01, 1.02375198e+02, 3.53157043e+02, 1.29493788e-01,
       0., 0., 0., 1.00426422e+02, 1.94478775e+02, 6.50539473e-02, 0.,
       0., 0., 0., 0., 0. ]
