%YAML:1.0
---
pose_0: !!opencv-matrix
   rows: 1
   cols: 25
   dt: "3f"
   data: [ 9.64366882e+02, 2.41499557e+02, 7.59254456e-01,
       8.37078247e+02, 2.55136841e+02, 6.46340489e-01, 8.21377747e+02,
       1.76813446e+02, 5.28308272e-01, 7.39092346e+02, 1.55276413e+02,
       1.92469776e-01, 6.80286011e+02, 1.33788116e+02, 4.25726503e-01,
       8.56604309e+02, 3.37481537e+02, 5.76357186e-01, 7.87994202e+02,
       4.72606873e+02, 7.68131495e-01, 8.23248840e+02, 3.31565918e+02,
       7.67651260e-01, 5.66684265e+02, 2.57138367e+02, 8.04251358e-02,
       5.33381287e+02, 2.06214020e+02, 8.72364640e-02, 0., 0., 0., 0.,
       0., 0., 5.76483521e+02, 3.10059784e+02, 8.83225873e-02, 0., 0.,
       0., 0., 0., 0., 9.78026672e+02, 2.12055817e+02, 8.14592361e-01,
       9.80060303e+02, 2.57198730e+02, 8.36808681e-01, 9.40893921e+02,
       1.80781845e+02, 5.31049192e-01, 9.68321106e+02, 2.84536743e+02,
       5.12460172e-02, 0., 0., 0., 0., 0., 0., 0., 0., 0., 0., 0., 0.,
       0., 0., 0., 0., 0., 0. ]
