%YAML:1.0
---
pose_0: !!opencv-matrix
   rows: 1
   cols: 25
   dt: "3f"
   data: [ 1.04079504e+03, 2.53192276e+02, 8.26333463e-01,
       8.84031433e+02, 2.74779602e+02, 5.58124125e-01, 8.56680664e+02,
       1.94433487e+02, 5.31911612e-01, 7.33222412e+02, 1.80801788e+02,
       2.41885960e-01, 6.94040161e+02, 1.78715790e+02, 4.08574045e-01,
       9.07579651e+02, 3.70793396e+02, 4.59738910e-01, 8.09621033e+02,
       5.17737549e+02, 7.31528163e-01, 8.52772217e+02, 3.66872864e+02,
       7.94883728e-01, 5.68656250e+02, 3.37475647e+02, 7.26277828e-02,
       5.72556030e+02, 2.57120605e+02, 9.95605141e-02, 2.92437073e+02,
       2.72758728e+02, 1.84074029e-01, 0., 0., 0., 5.47093079e+02,
       3.98191040e+02, 7.80982077e-02, 2.98300537e+02, 3.86451324e+02,
       6.00883104e-02, 1.06313263e+02, 3.98145111e+02, 9.79260951e-02,
       1.04285461e+03, 2.21907333e+02, 8.16562235e-01, 1.05648511e+03,
       2.65001007e+02, 7.39117801e-01, 9.99645630e+02, 1.76780441e+02,
       3.33159804e-01, 0., 0., 0., 0., 0., 0., 0., 0., 0., 0., 0., 0.,
       0., 0., 0., 0., 0., 0., 0., 0., 0. ]
