%YAML:1.0
---
pose_0: !!opencv-matrix
   rows: 2
   cols: 25
   dt: "3f"
   data: [ 9.15344421e+02, 3.70817413e+02, 8.05868328e-01,
       8.17454834e+02, 3.17891602e+02, 4.58402634e-01, 8.23390686e+02,
       2.90534302e+02, 7.17469096e-01, 7.11724365e+02, 3.25711182e+02,
       7.52232194e-01, 7.19528503e+02, 4.78557129e+02, 7.27749407e-01,
       8.09620239e+02, 3.43368164e+02, 1.99397251e-01, 0., 0., 0., 0.,
       0., 0., 5.39274719e+02, 3.00232941e+02, 1.90619186e-01,
       5.33373840e+02, 3.06098999e+02, 2.01282158e-01, 3.37500366e+02,
       3.62939362e+02, 1.76765859e-01, 0., 0., 0., 5.39261963e+02,
       2.86534454e+02, 1.35077685e-01, 3.47245911e+02, 3.62925446e+02,
       1.65997967e-01, 1.31743774e+02, 3.47274078e+02, 5.22250012e-02,
       9.29154846e+02, 3.51097534e+02, 8.03261399e-01, 9.31008850e+02,
       3.80606293e+02, 8.29155207e-01, 9.05601990e+02, 3.06149963e+02,
       8.63143146e-01, 0., 0., 0., 0., 0., 0., 0., 0., 0., 0., 0., 0.,
       0., 0., 0., 0., 0., 0., 0., 0., 0., 0., 0., 0., 0., 0., 0., 0.,
       0., 0., 0., 0., 0., 0., 0., 0., 6.56796936e+02, 3.13957275e+02,
       8.69692937e-02, 6.47007874e+02, 3.86487091e+02, 5.79592705e-01,
       6.35319641e+02, 4.94192749e+02, 7.97891498e-01, 0., 0., 0., 0.,
       0., 0., 0., 0., 0., 0., 0., 0., 0., 0., 0., 0., 0., 0., 0., 0.,
       0., 0., 0., 0., 0., 0., 0., 0., 0., 0., 0., 0., 0., 0., 0., 0.,
       0., 0., 0., 0., 0., 0., 0., 0., 0., 0., 0., 0., 0., 0., 0. ]
