%YAML:1.0
---
pose_0: !!opencv-matrix
   rows: 1
   cols: 25
   dt: "3f"
   data: [ 9.78087830e+02, 2.29753555e+02, 8.61362338e-01,
       8.70340820e+02, 2.25847000e+02, 5.77314138e-01, 8.66393127e+02,
       1.33757309e+02, 6.06568038e-01, 7.15573608e+02, 7.10568390e+01,
       7.94374168e-01, 6.58787109e+02, 1.29727875e+02, 7.55747139e-01,
       8.84034485e+02, 3.23798187e+02, 4.11107242e-01, 7.41046509e+02,
       4.19749908e+02, 7.62658238e-01, 8.37055786e+02, 3.55155182e+02,
       7.37147272e-01, 5.90206909e+02, 3.04180603e+02, 9.39760506e-02,
       5.56909973e+02, 2.59120453e+02, 8.08166116e-02, 0., 0., 0., 0.,
       0., 0., 6.25465820e+02, 3.35527893e+02, 8.53944048e-02, 0., 0.,
       0., 0., 0., 0., 9.91802612e+02, 2.04252213e+02, 7.93779612e-01,
       9.95767090e+02, 2.47363235e+02, 7.43579388e-01, 9.64354248e+02,
       1.70977219e+02, 5.51741302e-01, 0., 0., 0., 0., 0., 0., 0., 0.,
       0., 0., 0., 0., 0., 0., 0., 0., 0., 0., 0., 0., 0. ]
