%YAML:1.0
---
pose_0: !!opencv-matrix
   rows: 1
   cols: 25
   dt: "3f"
   data: [ 8.54760864e+02, 2.14044617e+02, 7.73668349e-01,
       7.60677002e+02, 2.25840622e+02, 6.90947592e-01, 7.58678345e+02,
       1.49431961e+02, 6.85232699e-01, 7.39100952e+02, 6.32084465e+01,
       6.50160909e-01, 7.46988037e+02, 5.34944296e+00, 8.57961550e-02,
       7.60683167e+02, 2.86535614e+02, 6.28325641e-01, 7.33194336e+02,
       3.62938995e+02, 7.56698549e-01, 8.13561462e+02, 3.19768646e+02,
       5.21260738e-01, 5.41247375e+02, 2.29721161e+02, 2.22759172e-01,
       5.49058289e+02, 1.84672119e+02, 2.06113681e-01, 0., 0., 0., 0.,
       0., 0., 5.33394104e+02, 2.63024872e+02, 2.68296063e-01,
       3.49202148e+02, 2.59116425e+02, 2.61356831e-01, 1.78762756e+02,
       2.74804230e+02, 2.33540684e-01, 8.68415771e+02, 2.08108459e+02,
       8.11249971e-01, 8.70289063e+02, 2.29709702e+02, 8.24979246e-01,
       8.52674744e+02, 1.94459427e+02, 2.69868821e-01, 8.52705566e+02,
       2.59110840e+02, 7.27634668e-01, 0., 0., 0., 0., 0., 0.,
       1.20045830e+02, 2.94365356e+02, 8.61068591e-02, 0., 0., 0., 0.,
       0., 0., 0., 0., 0. ]
