%YAML:1.0
---
pose_0: !!opencv-matrix
   rows: 1
   cols: 25
   dt: "3f"
   data: [ 1.03688049e+03, 3.53091034e+02, 4.92649287e-01,
       9.19351135e+02, 3.49244873e+02, 4.94226843e-01, 9.29121521e+02,
       2.72827332e+02, 3.98911893e-01, 8.64475037e+02, 1.59180984e+02,
       6.56416774e-01, 9.17438538e+02, 2.57138824e+02, 7.23251820e-01,
       9.15371277e+02, 4.13889435e+02, 4.66045856e-01, 8.76201660e+02,
       5.27536072e+02, 6.87497556e-01, 9.54602417e+02, 4.33503021e+02,
       7.03195453e-01, 7.21459900e+02, 3.82520264e+02, 7.30950087e-02,
       6.90100952e+02, 3.23749786e+02, 5.92708699e-02, 0., 0., 0., 0.,
       0., 0., 7.60667603e+02, 4.15839935e+02, 8.52706805e-02, 0., 0.,
       0., 0., 0., 0., 1.04275732e+03, 3.21784576e+02, 6.88531458e-01,
       1.05450842e+03, 3.70762177e+02, 5.95982015e-01, 1.02704248e+03,
       3.02227570e+02, 3.59752059e-01, 1.03880969e+03, 3.98220184e+02,
       8.08207989e-02, 0., 0., 0., 0., 0., 0., 0., 0., 0., 0., 0., 0.,
       0., 0., 0., 0., 0., 0. ]
