%YAML:1.0
---
pose_0: !!opencv-matrix
   rows: 1
   cols: 25
   dt: "3f"
   data: [ 8.64429382e+02, 1.96430969e+02, 8.10495317e-01,
       8.07651184e+02, 2.74794952e+02, 4.44451064e-01, 0., 0., 0., 0.,
       0., 0., 0., 0., 0., 8.21328552e+02, 2.88422699e+02,
       3.85193348e-01, 6.80324707e+02, 2.45434921e+02, 6.89906240e-01,
       5.39295715e+02, 1.86631485e+02, 7.83851802e-01, 5.78438416e+02,
       3.19831573e+02, 2.76857555e-01, 5.58861572e+02, 2.82616852e+02,
       3.29695761e-01, 3.19806702e+02, 2.57140656e+02, 1.16667844e-01,
       0., 0., 0., 5.99998169e+02, 3.57060181e+02, 2.27244407e-01,
       4.98124451e+02, 3.88391418e+02, 6.84679002e-02, 0., 0., 0.,
       8.76209961e+02, 1.90490952e+02, 6.46767378e-01, 8.86008545e+02,
       2.10081741e+02, 8.72339010e-01, 0., 0., 0., 8.89954468e+02,
       2.64986359e+02, 7.59574294e-01, 0., 0., 0., 0., 0., 0., 0., 0.,
       0., 0., 0., 0., 0., 0., 0., 0., 0., 0. ]
