%YAML:1.0
---
pose_0: !!opencv-matrix
   rows: 1
   cols: 25
   dt: "3f"
   data: [ 9.80026855e+02, 2.72828796e+02, 8.53363276e-01,
       8.37051086e+02, 2.88520599e+02, 5.97248435e-01, 8.25273682e+02,
       1.96384888e+02, 6.50069594e-01, 6.82297729e+02, 1.45417038e+02,
       6.79286003e-01, 5.78420166e+02, 1.25898041e+02, 6.90713465e-01,
       8.50785034e+02, 3.82557770e+02, 5.85177600e-01, 7.44960938e+02,
       4.66814209e+02, 7.19799876e-01, 6.48906982e+02, 4.45179657e+02,
       6.87001646e-01, 5.49043823e+02, 3.04167969e+02, 2.82903910e-01,
       5.43186401e+02, 2.49303848e+02, 3.12908173e-01, 3.51189423e+02,
       2.74767120e+02, 3.07061017e-01, 1.59182495e+02, 2.74831116e+02,
       8.51105303e-02, 5.47092407e+02, 3.55082886e+02, 3.41160953e-01,
       4.08001984e+02, 3.84508789e+02, 1.07666977e-01, 1.53308395e+02,
       3.76660126e+02, 1.28211543e-01, 9.84023071e+02, 2.47319199e+02,
       7.94606864e-01, 9.93699646e+02, 2.88439728e+02, 8.25762331e-01,
       9.48744202e+02, 2.23813965e+02, 5.32335401e-01, 9.68300903e+02,
       3.17831573e+02, 1.42659172e-01, 0., 0., 0., 0., 0., 0., 0., 0.,
       0., 0., 0., 0., 0., 0., 0., 0., 0., 0. ]
