%YAML:1.0
---
pose_0: !!opencv-matrix
   rows: 1
   cols: 25
   dt: "3f"
   data: [ 9.62412659e+02, 2.84541656e+02, 7.46825397e-01,
       8.37113831e+02, 2.90439301e+02, 6.51686788e-01, 8.21432983e+02,
       2.06204376e+02, 6.57167196e-01, 7.09639832e+02, 1.78833969e+02,
       1.32055834e-01, 0., 0., 0., 8.52720398e+02, 3.80528870e+02,
       5.62072158e-01, 7.01869019e+02, 4.64824982e+02, 7.55503058e-01,
       7.56667786e+02, 3.80584808e+02, 7.43087769e-01, 5.17709961e+02,
       3.23739075e+02, 1.91025972e-01, 5.31416992e+02, 2.64978699e+02,
       2.81466007e-01, 3.35537659e+02, 2.86524048e+02, 5.06743848e-01,
       1.39591537e+02, 3.06093414e+02, 5.88977560e-02, 5.17696289e+02,
       3.80552094e+02, 2.55072773e-01, 3.27664368e+02, 3.70794098e+02,
       2.58549541e-01, 1.29804855e+02, 3.62924957e+02, 2.43287563e-01,
       9.76075684e+02, 2.57197632e+02, 7.78489888e-01, 9.78109985e+02,
       3.02236206e+02, 7.88612604e-01, 9.44788757e+02, 2.19890503e+02,
       4.19470608e-01, 9.64444702e+02, 3.23778656e+02, 6.24338947e-02,
       5.34047279e+01, 3.94278778e+02, 9.50558037e-02, 6.32046280e+01,
       4.00121643e+02, 8.59605968e-02, 1.18040665e+02, 3.55119263e+02,
       1.49590969e-01, 0., 0., 0., 0., 0., 0., 0., 0., 0. ]
