%YAML:1.0
---
pose_0: !!opencv-matrix
   rows: 1
   cols: 25
   dt: "3f"
   data: [ 8.78215332e+02, 2.59192780e+02, 7.77891159e-01,
       8.23326050e+02, 3.17864655e+02, 5.71422696e-01, 8.33104858e+02,
       3.25724396e+02, 3.70882303e-01, 0., 0., 0., 0., 0., 0.,
       8.21397644e+02, 3.12034912e+02, 6.20398760e-01, 7.15576660e+02,
       2.86527100e+02, 6.22164130e-01, 8.05709900e+02, 2.00339981e+02,
       6.96820319e-01, 5.76494568e+02, 3.35485229e+02, 1.79623976e-01,
       5.68652283e+02, 2.98262909e+02, 2.37144172e-01, 3.37462982e+02,
       3.15896271e+02, 1.29166678e-01, 2.59138336e+02, 3.82515594e+02,
       9.25234556e-02, 5.76482361e+02, 3.74703094e+02, 1.43263966e-01,
       5.07898682e+02, 3.96209534e+02, 8.90483260e-02, 0., 0., 0.,
       8.86047852e+02, 2.53231857e+02, 7.82231331e-01, 8.99662842e+02,
       2.74842255e+02, 8.89050364e-01, 0., 0., 0., 8.91922729e+02,
       3.21883423e+02, 8.00134420e-01, 0., 0., 0., 0., 0., 0., 0., 0.,
       0., 0., 0., 0., 0., 0., 0., 0., 0., 0. ]
