%YAML:1.0
---
pose_0: !!opencv-matrix
   rows: 1
   cols: 25
   dt: "3f"
   data: [ 8.44916016e+02, 3.64857147e+02, 7.85550475e-01,
       7.46922241e+02, 3.35464905e+02, 6.58478081e-01, 7.52821350e+02,
       2.82609711e+02, 6.05805635e-01, 6.29365173e+02, 2.59104034e+02,
       7.21084058e-01, 5.25606873e+02, 3.70779846e+02, 6.49673700e-01,
       7.29266663e+02, 3.80574799e+02, 4.89841938e-01, 6.19542175e+02,
       4.00100555e+02, 2.51607925e-01, 0., 0., 0., 5.80417725e+02,
       3.17902985e+02, 2.00066954e-01, 5.84293335e+02, 2.80682190e+02,
       1.90506965e-01, 4.00184601e+02, 3.19872589e+02, 1.13705039e-01,
       3.23746033e+02, 3.51198517e+02, 6.23788610e-02, 6.03911987e+02,
       3.64903259e+02, 1.18566170e-01, 0., 0., 0., 0., 0., 0.,
       8.62529358e+02, 3.37456421e+02, 7.93266058e-01, 8.64448792e+02,
       3.70795044e+02, 7.42972136e-01, 8.39023926e+02, 3.00257385e+02,
       8.03552210e-01, 0., 0., 0., 0., 0., 0., 0., 0., 0., 0., 0., 0.,
       0., 0., 0., 0., 0., 0., 0., 0., 0. ]
