%YAML:1.0
---
pose_0: !!opencv-matrix
   rows: 1
   cols: 25
   dt: "3f"
   data: [ 9.36989075e+02, 2.90439270e+02, 7.38101363e-01,
       8.31169495e+02, 3.06175568e+02, 6.93749666e-01, 8.09665527e+02,
       2.17991348e+02, 6.44834578e-01, 7.09674011e+02, 1.92472183e+02,
       3.22488546e-01, 6.82265137e+02, 1.86612671e+02, 4.79152381e-01,
       8.39097290e+02, 3.88421631e+02, 6.76164806e-01, 7.48873474e+02,
       4.76483582e+02, 7.66278625e-01, 6.92034912e+02, 5.60812866e+02,
       5.31643748e-01, 5.72577454e+02, 3.33548767e+02, 1.68612823e-01,
       5.49043701e+02, 2.86536743e+02, 2.81284660e-01, 3.62949982e+02,
       3.23735504e+02, 2.90104896e-01, 9.06184616e+01, 3.66875153e+02,
       1.78082570e-01, 5.82368591e+02, 3.96226532e+02, 1.57685056e-01,
       3.53182129e+02, 4.47231171e+02, 2.86962152e-01, 1.94459412e+02,
       4.92249237e+02, 4.36330974e-01, 9.48697388e+02, 2.66908325e+02,
       8.32517982e-01, 9.56550537e+02, 3.06109985e+02, 8.19017351e-01,
       9.27176758e+02, 2.41404205e+02, 5.56866109e-01, 9.46710876e+02,
       3.25728485e+02, 1.55234203e-01, 1.29821838e+02, 5.29446289e+02,
       1.81816682e-01, 1.37642700e+02, 5.35306030e+02, 1.80392221e-01,
       1.78733459e+02, 4.90243164e+02, 2.33395606e-01, 0., 0., 0., 0.,
       0., 0., 0., 0., 0. ]
