%YAML:1.0
---
pose_0: !!opencv-matrix
   rows: 1
   cols: 25
   dt: "3f"
   data: [ 8.50776855e+02, 1.80769775e+02, 7.39471436e-01,
       7.60674927e+02, 2.16024597e+02, 7.13834226e-01, 7.60599854e+02,
       1.51347595e+02, 6.71352983e-01, 7.76400513e+02, 5.14482498e+01,
       6.76003218e-01, 8.13575439e+02, 5.36493206e+00, 8.07298720e-02,
       7.60645020e+02, 2.76755829e+02, 5.81057906e-01, 8.37028625e+02,
       3.45315430e+02, 8.31466019e-01, 8.35092712e+02, 2.74806335e+02,
       6.49142146e-01, 5.49056824e+02, 1.96432327e+02, 2.42922455e-01,
       5.51006653e+02, 1.57249023e+02, 2.16960609e-01, 3.70774353e+02,
       1.31764816e+02, 9.57327560e-02, 0., 0., 0., 5.33372375e+02,
       2.33633026e+02, 2.69196540e-01, 3.49237274e+02, 2.43494858e+02,
       3.04450721e-01, 1.70968872e+02, 2.72836487e+02, 2.62894481e-01,
       8.62531799e+02, 1.80767181e+02, 4.99201149e-01, 8.58618774e+02,
       1.98336151e+02, 7.87462652e-01, 0., 0., 0., 8.39085693e+02,
       2.39461670e+02, 7.71253526e-01, 1.14120285e+02, 2.88508423e+02,
       1.56417191e-01, 1.27836182e+02, 2.98298981e+02, 1.96139038e-01,
       0., 0., 0., 0., 0., 0., 0., 0., 0., 0., 0., 0. ]
