%YAML:1.0
---
pose_0: !!opencv-matrix
   rows: 1
   cols: 25
   dt: "3f"
   data: [ 9.97698914e+02, 2.39474869e+02, 8.02848876e-01,
       8.70402710e+02, 2.37581558e+02, 5.90813816e-01, 8.60572815e+02,
       1.41574722e+02, 6.23985410e-01, 7.27352539e+02, 8.66576462e+01,
       7.23224461e-01, 6.70555176e+02, 1.47384750e+02, 6.50603175e-01,
       8.82079102e+02, 3.33527100e+02, 4.63592857e-01, 7.35194641e+02,
       3.90397156e+02, 5.47574043e-01, 5.84337646e+02, 4.47134033e+02,
       7.39694238e-01, 5.54944458e+02, 2.96335907e+02, 1.21682994e-01,
       5.49052612e+02, 2.41459244e+02, 1.14796206e-01, 3.06141541e+02,
       2.72866638e+02, 1.05999693e-01, 0., 0., 0., 5.64733948e+02,
       3.47262634e+02, 2.24859312e-01, 3.74703400e+02, 3.53190369e+02,
       1.80050507e-01, 2.12131348e+02, 3.64902588e+02, 9.40394178e-02,
       1.00942944e+03, 2.06211609e+02, 8.07609797e-01, 1.01538232e+03,
       2.57049011e+02, 7.59363592e-01, 9.78066956e+02, 1.65088547e+02,
       4.00163352e-01, 0., 0., 0., 0., 0., 0., 0., 0., 0., 0., 0., 0.,
       0., 0., 0., 0., 0., 0., 0., 0., 0. ]
