%YAML:1.0
---
pose_0: !!opencv-matrix
   rows: 1
   cols: 25
   dt: "3f"
   data: [ 9.76128845e+02, 2.88461823e+02, 4.02493149e-01,
       9.07594116e+02, 2.92410889e+02, 4.92687494e-01, 9.09531372e+02,
       2.27790955e+02, 3.24802011e-01, 9.01664001e+02, 1.61090378e+02,
       6.89613700e-01, 9.99632507e+02, 2.43418320e+02, 6.79066777e-01,
       8.99678528e+02, 3.49241791e+02, 3.84102881e-01, 8.97727478e+02,
       4.45162872e+02, 7.10374117e-01, 1.00162341e+03, 3.80562347e+02,
       7.53231764e-01, 7.07750122e+02, 3.43350128e+02, 5.10750897e-02,
       0., 0., 0., 0., 0., 0., 0., 0., 0., 0., 0., 0., 0., 0., 0., 0.,
       0., 0., 9.84000183e+02, 2.64984619e+02, 1.49147242e-01,
       9.85968811e+02, 3.02141968e+02, 2.43711889e-01, 0., 0., 0.,
       9.70266846e+02, 3.06202026e+02, 7.56405070e-02, 0., 0., 0., 0.,
       0., 0., 0., 0., 0., 0., 0., 0., 0., 0., 0., 0., 0., 0. ]
