%YAML:1.0
---
pose_0: !!opencv-matrix
   rows: 1
   cols: 25
   dt: "3f"
   data: [ 8.86014954e+02, 3.21779144e+02, 8.52196574e-01,
       7.92039001e+02, 3.04168976e+02, 6.79832697e-01, 8.03693420e+02,
       2.35603073e+02, 6.62542760e-01, 6.84302795e+02, 1.78736160e+02,
       8.07475448e-01, 6.07840515e+02, 2.55156570e+02, 7.83311725e-01,
       7.76256775e+02, 3.62939423e+02, 4.95818198e-01, 7.05762756e+02,
       4.00147003e+02, 1.99974522e-01, 0., 0., 0., 5.82359253e+02,
       3.06148071e+02, 2.27487043e-01, 5.86315186e+02, 2.78691925e+02,
       2.14930892e-01, 3.49227051e+02, 3.31566254e+02, 2.22485155e-01,
       1.18077812e+02, 3.76648438e+02, 1.26176745e-01, 5.70605713e+02,
       3.33558380e+02, 1.44443512e-01, 3.41379181e+02, 3.31596832e+02,
       2.79835284e-01, 1.53306152e+02, 3.17867157e+02, 2.32988015e-01,
       8.97813782e+02, 3.04115601e+02, 8.45343351e-01, 8.99744629e+02,
       3.35531525e+02, 8.19731236e-01, 8.80123657e+02, 2.78698029e+02,
       6.92889154e-01, 8.86053894e+02, 3.53034119e+02, 1.93652093e-01,
       0., 0., 0., 0., 0., 0., 1.31692474e+02, 2.90381714e+02,
       1.46211356e-01, 0., 0., 0., 0., 0., 0., 0., 0., 0. ]
