%YAML:1.0
---
pose_0: !!opencv-matrix
   rows: 2
   cols: 25
   dt: "3f"
   data: [ 8.80106934e+02, 3.53194641e+02, 7.58905411e-01,
       7.95931152e+02, 3.08106262e+02, 4.38716859e-01, 8.07602905e+02,
       2.82593048e+02, 6.63738012e-01, 6.99976868e+02, 2.74835052e+02,
       6.71476424e-01, 6.97982056e+02, 4.13903076e+02, 7.65053689e-01,
       7.86095154e+02, 3.39456818e+02, 2.01043978e-01, 0., 0., 0., 0.,
       0., 0., 4.94225128e+02, 3.21802032e+02, 2.22832024e-01,
       4.94232971e+02, 3.04188538e+02, 2.77429640e-01, 3.37490387e+02,
       3.82462799e+02, 4.61450487e-01, 1.21946762e+02, 3.49252533e+02,
       3.45652282e-01, 4.94215149e+02, 3.43343689e+02, 1.21990263e-01,
       3.43332550e+02, 3.64846069e+02, 1.55310988e-01, 1.33734268e+02,
       3.35521027e+02, 1.25306189e-01, 8.97741882e+02, 3.35430054e+02,
       7.45707214e-01, 8.97740295e+02, 3.66851837e+02, 7.76882470e-01,
       8.72374817e+02, 2.94407135e+02, 7.11541057e-01, 0., 0., 0., 0.,
       0., 0., 0., 0., 0., 0., 0., 0., 8.47116241e+01, 3.60978363e+02,
       5.96547723e-02, 0., 0., 0., 1.04330376e+02, 3.53148834e+02,
       2.00414896e-01, 0., 0., 0., 0., 0., 0., 0., 0., 0., 0., 0., 0.,
       0., 0., 0., 6.37249207e+02, 3.29606689e+02, 5.36888912e-02,
       6.23474854e+02, 3.64881104e+02, 2.84598440e-01, 6.35235657e+02,
       4.64860046e+02, 4.82337594e-01, 0., 0., 0., 0., 0., 0., 0., 0.,
       0., 0., 0., 0., 0., 0., 0., 0., 0., 0., 0., 0., 0., 0., 0., 0.,
       0., 0., 0., 0., 0., 0., 0., 0., 0., 0., 0., 0., 0., 0., 0., 0.,
       0., 0., 0., 0., 0., 0., 0., 0., 0., 0., 0. ]
