%YAML:1.0
---
pose_0: !!opencv-matrix
   rows: 1
   cols: 25
   dt: "3f"
   data: [ 8.68432068e+02, 1.33809250e+02, 7.98769951e-01,
       7.58680603e+02, 1.31723953e+02, 7.13265300e-01, 7.56676147e+02,
       4.16982422e+01, 6.19358718e-01, 6.47036621e+02, 5.34782362e+00,
       4.30517167e-01, 6.05879822e+02, 7.30439301e+01, 8.05202186e-01,
       7.56751526e+02, 2.10123871e+02, 6.62891030e-01, 6.35312195e+02,
       2.57174805e+02, 8.49149108e-01, 6.01851990e+02, 2.10070770e+02,
       6.26344025e-01, 5.11833862e+02, 1.47443314e+02, 1.72097906e-01,
       5.05959564e+02, 1.00415504e+02, 1.40710562e-01, 0., 0., 0., 0.,
       0., 0., 5.07935150e+02, 1.92468948e+02, 2.11619928e-01,
       3.39451172e+02, 1.92512222e+02, 2.83674926e-01, 1.65077774e+02,
       2.02305374e+02, 2.57725000e-01, 8.84059937e+02, 1.18048050e+02,
       8.37904096e-01, 8.84060242e+02, 1.47490662e+02, 8.22170913e-01,
       8.52787048e+02, 8.48079605e+01, 7.56281257e-01, 8.66464539e+02,
       1.65139603e+02, 1.18097037e-01, 1.16044952e+02, 2.29726669e+02,
       9.31975543e-02, 1.21984688e+02, 2.31665253e+02, 1.13678902e-01,
       1.49385773e+02, 1.96434479e+02, 1.32289663e-01, 0., 0., 0., 0.,
       0., 0., 0., 0., 0. ]
