%YAML:1.0
---
pose_0: !!opencv-matrix
   rows: 1
   cols: 25
   dt: "3f"
   data: [ 9.21259155e+02, 2.70854218e+02, 6.95192993e-01,
       8.11561646e+02, 2.59165100e+02, 6.08321369e-01, 8.17474121e+02,
       1.78770477e+02, 6.53191268e-01, 6.84266602e+02, 1.16157066e+02,
       8.17841768e-01, 6.50975952e+02, 1.78815002e+02, 8.67724061e-01,
       8.07733582e+02, 3.55087555e+02, 5.32199323e-01, 6.72453186e+02,
       4.17756348e+02, 7.45838702e-01, 7.64567261e+02, 3.43372986e+02,
       7.24452794e-01, 5.80407104e+02, 2.49330002e+02, 1.68382525e-01,
       5.82369080e+02, 2.12102646e+02, 2.66119123e-01, 5.05930573e+02,
       2.12058304e+02, 1.99345693e-01, 3.55111145e+02, 2.47391418e+02,
       1.09092541e-01, 5.86290710e+02, 3.15921204e+02, 1.02015927e-01,
       3.41379791e+02, 3.08124481e+02, 1.09094381e-01, 1.41573654e+02,
       3.11985199e+02, 2.03050777e-01, 9.33078064e+02, 2.43416367e+02,
       8.43363523e-01, 9.34986145e+02, 2.88473114e+02, 7.87341297e-01,
       9.17351868e+02, 2.14093140e+02, 6.02415860e-01, 9.13430847e+02,
       3.06020935e+02, 1.25329167e-01, 1.31718735e+02, 3.27680695e+02,
       7.10420385e-02, 1.33715439e+02, 3.33515320e+02, 8.94357637e-02,
       0., 0., 0., 0., 0., 0., 0., 0., 0., 0., 0., 0. ]
