%YAML:1.0
---
pose_0: !!opencv-matrix
   rows: 1
   cols: 25
   dt: "3f"
   data: [ 9.17428894e+02, 3.53213135e+02, 8.36157560e-01,
       8.21376648e+02, 3.13934387e+02, 5.86810529e-01, 8.25322571e+02,
       2.66967712e+02, 6.48962617e-01, 7.46958679e+02, 3.29647797e+02,
       7.86750317e-01, 8.60556213e+02, 4.23683136e+02, 7.16215551e-01,
       8.07622314e+02, 3.51213165e+02, 3.42815518e-01, 7.39098206e+02,
       4.37376312e+02, 7.97865212e-01, 8.21376099e+02, 4.45164368e+02,
       6.83894277e-01, 5.58841431e+02, 3.19807190e+02, 2.72772342e-01,
       5.62770630e+02, 2.88447632e+02, 3.06565344e-01, 3.35478180e+02,
       3.49237915e+02, 3.33402336e-01, 1.43523819e+02, 3.33535614e+02,
       3.19790632e-01, 5.54904663e+02, 3.49201538e+02, 1.85855076e-01,
       3.41379181e+02, 3.49193787e+02, 5.78414500e-02, 1.39592972e+02,
       3.35499481e+02, 1.57140315e-01, 9.33013977e+02, 3.29638611e+02,
       7.85020947e-01, 9.38927307e+02, 3.61005615e+02, 7.47448683e-01,
       9.13442993e+02, 2.90397308e+02, 8.68776560e-01, 0., 0., 0., 0.,
       0., 0., 0., 0., 0., 1.00424393e+02, 3.60968781e+02,
       8.39459524e-02, 0., 0., 0., 0., 0., 0., 0., 0., 0. ]
