%YAML:1.0
---
pose_0: !!opencv-matrix
   rows: 1
   cols: 25
   dt: "3f"
   data: [ 8.97773376e+02, 4.78449738e+02, 8.50283802e-01,
       7.88045105e+02, 4.92200134e+02, 6.87147617e-01, 7.80250549e+02,
       4.17824768e+02, 6.33609116e-01, 7.27248962e+02, 3.19774780e+02,
       7.54631817e-01, 7.76350647e+02, 2.12051498e+02, 7.57774949e-01,
       7.80233459e+02, 5.70532715e+02, 5.84065199e-01, 6.80283691e+02,
       5.99924866e+02, 7.25369036e-01, 5.56828430e+02, 6.41152710e+02,
       7.23476231e-01, 5.58872314e+02, 4.76535400e+02, 1.75938755e-01,
       5.58872375e+02, 4.41302521e+02, 2.70401597e-01, 3.25721191e+02,
       4.00151398e+02, 2.76075929e-01, 1.92443283e+02, 3.53212067e+02,
       2.43810043e-01, 5.72572388e+02, 5.29452942e+02, 1.02069646e-01,
       0., 0., 0., 0., 0., 0., 9.01684875e+02, 4.60921295e+02,
       8.86384487e-01, 9.09501587e+02, 4.92174042e+02, 7.73971677e-01,
       8.72355591e+02, 4.43265869e+02, 6.66596949e-01, 8.85973877e+02,
       5.09949280e+02, 1.44017801e-01, 0., 0., 0., 0., 0., 0., 0., 0.,
       0., 1.82728119e+02, 3.62928833e+02, 5.73455393e-02,
       1.80761642e+02, 3.64901398e+02, 7.15635046e-02, 0., 0., 0. ]
