%YAML:1.0
---
pose_0: !!opencv-matrix
   rows: 1
   cols: 25
   dt: "3f"
   data: [ 8.84124695e+02, 2.66946960e+02, 7.59970665e-01,
       7.91958740e+02, 2.66920715e+02, 6.76091254e-01, 7.90078796e+02,
       1.86619598e+02, 6.72184587e-01, 6.82299194e+02, 1.49426178e+02,
       7.74419248e-01, 5.88208374e+02, 1.35758926e+02, 7.69906521e-01,
       7.92002686e+02, 3.49160095e+02, 6.05288744e-01, 6.95995911e+02,
       3.98259460e+02, 7.64364958e-01, 6.03948730e+02, 4.88303162e+02,
       7.52708495e-01, 5.45135193e+02, 2.76746552e+02, 2.67099291e-01,
       5.54931763e+02, 2.29699112e+02, 3.03651482e-01, 3.70774994e+02,
       2.14088654e+02, 2.14846402e-01, 1.92451538e+02, 2.27769272e+02,
       4.03228521e-01, 5.37302795e+02, 3.21856262e+02, 3.08744311e-01,
       3.62913086e+02, 3.08115051e+02, 2.51268893e-01, 1.61115784e+02,
       3.21869843e+02, 3.60397488e-01, 8.97808838e+02, 2.51230270e+02,
       8.11198950e-01, 8.97810364e+02, 2.86564667e+02, 7.80231535e-01,
       8.80127441e+02, 2.25825546e+02, 4.18896765e-01, 8.86037048e+02,
       3.06189117e+02, 3.00662309e-01, 9.84898605e+01, 3.53106689e+02,
       3.60119075e-01, 1.04371208e+02, 3.55138214e+02, 3.84032726e-01,
       1.41565796e+02, 3.12009186e+02, 1.33879989e-01, 1.49413101e+02,
       1.80800156e+02, 2.75686204e-01, 1.51334015e+02, 1.82714233e+02,
       2.25796461e-01, 1.76814514e+02, 2.43429504e+02, 2.84814596e-01 ]
