%YAML:1.0
---
pose_0: !!opencv-matrix
   rows: 1
   cols: 25
   dt: "3f"
   data: [ 9.36981384e+02, 3.04167999e+02, 7.60113835e-01,
       8.39042419e+02, 3.02166443e+02, 6.45831168e-01, 8.48799561e+02,
       2.23823853e+02, 5.53085268e-01, 7.74421570e+02, 1.51404755e+02,
       7.64653206e-01, 8.44891235e+02, 2.59151917e+02, 6.53407097e-01,
       8.42937134e+02, 3.78609161e+02, 6.73925400e-01, 7.88086304e+02,
       4.78528534e+02, 8.20630312e-01, 8.40996826e+02, 4.49130768e+02,
       8.06511581e-01, 5.56890930e+02, 3.10036377e+02, 9.86332968e-02,
       5.54926453e+02, 2.80642792e+02, 1.39176890e-01, 3.21793549e+02,
       3.27649231e+02, 9.12157372e-02, 0., 0., 0., 5.78444641e+02,
       3.80556610e+02, 9.40111056e-02, 0., 0., 0., 0., 0., 0.,
       9.48748047e+02, 2.74879822e+02, 8.25877249e-01, 9.52673645e+02,
       3.19809326e+02, 7.73817778e-01, 9.31063171e+02, 2.45433395e+02,
       5.41610241e-01, 9.48651611e+02, 3.37444122e+02, 5.51459119e-02,
       0., 0., 0., 0., 0., 0., 0., 0., 0., 0., 0., 0., 0., 0., 0., 0.,
       0., 0. ]
