%YAML:1.0
---
pose_0: !!opencv-matrix
   rows: 1
   cols: 25
   dt: "3f"
   data: [ 8.88049988e+02, 1.06309525e+02, 7.61704743e-01,
       7.90009338e+02, 1.08237709e+02, 6.83536410e-01, 7.89963562e+02,
       2.20283871e+01, 6.10015869e-01, 7.09716248e+02, 5.35038996e+00,
       2.27144897e-01, 0., 0., 0., 7.90099060e+02, 1.92446579e+02,
       6.76152468e-01, 6.97946960e+02, 2.63025635e+02, 7.79966116e-01,
       6.05838074e+02, 2.72717468e+02, 8.33754957e-01, 5.29459473e+02,
       1.27853508e+02, 2.29660228e-01, 5.39264526e+02, 8.28005981e+01,
       2.90577739e-01, 3.23769531e+02, 1.02335167e+02, 2.50542670e-01,
       1.41580246e+02, 1.02364700e+02, 1.81525767e-01, 5.27500549e+02,
       1.78778717e+02, 2.42657542e-01, 3.59019073e+02, 1.67012024e+02,
       1.99046433e-01, 1.78740112e+02, 1.84675095e+02, 1.16100557e-01,
       9.01651428e+02, 8.66927567e+01, 9.08279479e-01, 9.01693726e+02,
       1.25907707e+02, 7.59365797e-01, 8.82110413e+02, 6.31526642e+01,
       6.62080705e-01, 8.93865112e+02, 1.45477325e+02, 2.17482120e-01,
       0., 0., 0., 0., 0., 0., 0., 0., 0., 0., 0., 0., 0., 0., 0.,
       1.31683044e+02, 1.14114601e+02, 1.18562996e-01 ]
