%YAML:1.0
---
pose_0: !!opencv-matrix
   rows: 1
   cols: 25
   dt: "3f"
   data: [ 1.02707214e+03, 2.23863113e+02, 5.98471045e-01,
       8.70383118e+02, 2.12127487e+02, 4.25140172e-01, 8.54721802e+02,
       1.23957184e+02, 5.24973989e-01, 7.29342712e+02, 8.47691574e+01,
       6.70273185e-01, 6.52873413e+02, 1.02397728e+02, 7.35060573e-01,
       8.72354126e+02, 3.19839996e+02, 3.39090794e-01, 7.27333008e+02,
       3.84568573e+02, 7.62242138e-01, 8.07691284e+02, 3.17842621e+02,
       6.43528163e-01, 5.99984314e+02, 2.84570496e+02, 6.45274445e-02,
       0., 0., 0., 0., 0., 0., 0., 0., 0., 6.15663086e+02,
       3.19824036e+02, 7.29862452e-02, 3.37487427e+02, 3.35519012e+02,
       7.69758523e-02, 1.33729477e+02, 3.23746399e+02, 1.25691012e-01,
       1.03490332e+03, 1.96364868e+02, 5.27745306e-01, 1.03686523e+03,
       2.37528259e+02, 3.15984964e-01, 9.72225464e+02, 1.49380249e+02,
       2.68720955e-01, 1.01729028e+03, 2.59128540e+02, 5.34821898e-02,
       0., 0., 0., 0., 0., 0., 1.14124641e+02, 3.13985474e+02,
       6.44517243e-02, 0., 0., 0., 0., 0., 0., 0., 0., 0. ]
