%YAML:1.0
---
pose_0: !!opencv-matrix
   rows: 1
   cols: 25
   dt: "3f"
   data: [ 1.17795239e+03, 2.27697495e+02, 2.53951043e-01,
       1.00160431e+03, 2.47352036e+02, 6.05639182e-02, 9.66348450e+02,
       2.66939178e+02, 1.09979443e-01, 9.29111877e+02, 4.51105713e+02,
       5.17009735e-01, 1.11133960e+03, 3.74716553e+02, 6.11374080e-01,
       0., 0., 0., 0., 0., 0., 0., 0., 0., 0., 0., 0., 0., 0., 0., 0.,
       0., 0., 0., 0., 0., 0., 0., 0., 0., 0., 0., 0., 0., 0.,
       1.18386816e+03, 1.94468765e+02, 2.85094678e-01, 1.19557068e+03,
       2.49285965e+02, 1.48102939e-01, 0., 0., 0., 0., 0., 0., 0., 0.,
       0., 0., 0., 0., 0., 0., 0., 0., 0., 0., 0., 0., 0., 0., 0., 0. ]
