%YAML:1.0
---
pose_0: !!opencv-matrix
   rows: 1
   cols: 25
   dt: "3f"
   data: [ 1.05650146e+03, 1.80779251e+02, 7.06226647e-01,
       9.03689880e+02, 2.00329514e+02, 2.50310689e-01, 8.68379150e+02,
       1.08232544e+02, 2.32987061e-01, 7.05782043e+02, 6.90432129e+01,
       4.42752570e-01, 5.76465271e+02, 3.78064423e+01, 6.54493690e-01,
       9.17379395e+02, 2.66923187e+02, 3.30198050e-01, 8.99773499e+02,
       3.70788788e+02, 6.16190374e-01, 1.04667688e+03, 2.70867981e+02,
       5.80618560e-01, 0., 0., 0., 0., 0., 0., 0., 0., 0., 0., 0., 0.,
       0., 0., 0., 0., 0., 0., 0., 0., 0., 1.06432520e+03,
       1.59211472e+02, 6.24779940e-01, 1.08581348e+03, 2.00359100e+02,
       7.00483620e-01, 1.02703406e+03, 1.33750656e+02, 2.05625147e-01,
       1.07998340e+03, 2.41413193e+02, 1.02501437e-01, 0., 0., 0., 0.,
       0., 0., 0., 0., 0., 0., 0., 0., 0., 0., 0., 0., 0., 0. ]
