%YAML:1.0
---
pose_0: !!opencv-matrix
   rows: 1
   cols: 25
   dt: "3f"
   data: [ 8.84020020e+02, 2.57135742e+02, 8.37381721e-01,
       7.76299988e+02, 2.74730103e+02, 7.21543252e-01, 7.70405945e+02,
       1.92515640e+02, 6.71788931e-01, 6.54839233e+02, 1.63021439e+02,
       6.87539935e-01, 5.41281494e+02, 1.63154327e+02, 8.37010801e-01,
       7.76301331e+02, 3.51160004e+02, 6.94305837e-01, 6.72506042e+02,
       4.00103882e+02, 7.52659917e-01, 5.56955078e+02, 4.60817780e+02,
       8.09705377e-01, 5.25526917e+02, 2.90418671e+02, 3.08008552e-01,
       5.27518921e+02, 2.41464996e+02, 3.56478810e-01, 3.55098511e+02,
       2.49303375e+02, 2.13308528e-01, 0., 0., 0., 5.23615906e+02,
       3.37473846e+02, 2.95803130e-01, 3.68800720e+02, 3.60979553e+02,
       1.47222906e-01, 1.53299072e+02, 3.33514648e+02, 2.93151200e-01,
       8.86089661e+02, 2.33649536e+02, 8.18228602e-01, 8.97813965e+02,
       2.70838074e+02, 8.53485823e-01, 8.66434204e+02, 2.19881958e+02,
       6.42578423e-01, 8.86089355e+02, 2.90407562e+02, 3.98860216e-01,
       9.84527206e+01, 3.82553497e+02, 2.78530836e-01, 1.02403175e+02,
       3.84453369e+02, 2.78236300e-01, 1.23940002e+02, 3.17851166e+02,
       2.19503984e-01, 0., 0., 0., 0., 0., 0., 0., 0., 0. ]
