%YAML:1.0
---
pose_0: !!opencv-matrix
   rows: 1
   cols: 25
   dt: "3f"
   data: [ 1.19951282e+03, 3.04196045e+02, 1.01380341e-01,
       1.07410901e+03, 2.72826141e+02, 7.63221756e-02, 1.00944684e+03,
       3.00239532e+02, 1.34674981e-01, 9.80081421e+02, 5.17681885e+02,
       4.39600348e-01, 1.14465491e+03, 4.53050964e+02, 6.29003525e-01,
       0., 0., 0., 0., 0., 0., 0., 0., 0., 0., 0., 0., 0., 0., 0., 0.,
       0., 0., 0., 0., 0., 0., 0., 0., 0., 0., 0., 0., 0., 0.,
       1.20927209e+03, 1.96442749e+02, 1.78156465e-01, 0., 0., 0.,
       1.16617542e+03, 1.78808533e+02, 1.15367956e-01, 0., 0., 0., 0.,
       0., 0., 0., 0., 0., 0., 0., 0., 0., 0., 0., 0., 0., 0., 0., 0.,
       0. ]
