%YAML:1.0
---
pose_0: !!opencv-matrix
   rows: 1
   cols: 25
   dt: "3f"
   data: [ 8.88050232e+02, 4.00257507e+02, 7.89526939e-01,
       7.82201721e+02, 4.25635529e+02, 6.64332628e-01, 7.70424866e+02,
       3.53147064e+02, 7.30168998e-01, 6.52957825e+02, 3.04205841e+02,
       8.48859549e-01, 7.01895142e+02, 2.88408600e+02, 7.95642853e-01,
       7.93969604e+02, 4.94282776e+02, 6.50819659e-01, 6.78362854e+02,
       5.66722351e+02, 7.44818866e-01, 7.89998047e+02, 5.41302612e+02,
       7.63089001e-01, 5.23592468e+02, 4.62820709e+02, 3.10864985e-01,
       5.31416809e+02, 4.06048828e+02, 4.07436013e-01, 3.60970001e+02,
       3.90359772e+02, 2.97954381e-01, 0., 0., 0., 5.25554382e+02,
       5.05938782e+02, 3.50689411e-01, 3.64921997e+02, 5.09925018e+02,
       3.93141478e-01, 0., 0., 0., 8.99647034e+02, 3.88382019e+02,
       8.53546023e-01, 9.05604736e+02, 4.17796875e+02, 7.98593104e-01,
       8.72291626e+02, 3.76683441e+02, 4.96185750e-01, 8.85994202e+02,
       4.47167206e+02, 7.04647601e-01, 0., 0., 0., 0., 0., 0., 0., 0.,
       0., 0., 0., 0., 0., 0., 0., 0., 0., 0. ]
