%YAML:1.0
---
pose_0: !!opencv-matrix
   rows: 1
   cols: 25
   dt: "3f"
   data: [ 8.82098816e+02, 2.41551270e+02, 8.08557093e-01,
       8.05611023e+02, 2.19941147e+02, 6.13950729e-01, 8.07727173e+02,
       1.61158325e+02, 7.08906412e-01, 7.74311462e+02, 1.94468735e+02,
       7.02381730e-01, 7.62564514e+02, 3.29655365e+02, 7.75623143e-01,
       7.86111084e+02, 2.74839783e+02, 3.32677722e-01, 6.74424011e+02,
       3.33552277e+02, 5.17155707e-01, 5.84342651e+02, 3.68766907e+02,
       6.16670668e-01, 5.56871704e+02, 2.37555771e+02, 1.07147850e-01,
       5.56903687e+02, 2.08176178e+02, 1.47119477e-01, 3.74683777e+02,
       1.90521011e+02, 5.79160154e-02, 0., 0., 0., 6.05884705e+02,
       3.15898712e+02, 7.92391002e-02, 0., 0., 0., 0., 0., 0.,
       8.88034485e+02, 2.25800278e+02, 8.14960122e-01, 8.88020691e+02,
       2.57030731e+02, 7.69540131e-01, 8.80152222e+02, 1.98384705e+02,
       6.63174570e-01, 8.82103760e+02, 2.74694153e+02, 1.67164534e-01,
       0., 0., 0., 0., 0., 0., 0., 0., 0., 0., 0., 0., 0., 0., 0., 0.,
       0., 0. ]
