%YAML:1.0
---
pose_0: !!opencv-matrix
   rows: 1
   cols: 25
   dt: "3f"
   data: [ 8.97773376e+02, 4.90261322e+02, 8.47764015e-01,
       7.78297974e+02, 5.07854187e+02, 6.91053331e-01, 7.74341309e+02,
       4.31471588e+02, 7.22024977e-01, 6.84218994e+02, 3.53193298e+02,
       7.58619189e-01, 6.70551880e+02, 2.55124557e+02, 6.27515614e-01,
       7.84175354e+02, 5.84293579e+02, 6.21494174e-01, 6.94058289e+02,
       6.15610962e+02, 7.54814148e-01, 5.68666077e+02, 6.39166870e+02,
       7.50488997e-01, 5.49064270e+02, 4.90250519e+02, 2.34193385e-01,
       5.47103638e+02, 4.54995575e+02, 2.80009061e-01, 3.68778992e+02,
       4.90258209e+02, 5.52388467e-02, 0., 0., 0., 5.41249695e+02,
       5.29467712e+02, 1.71426162e-01, 0., 0., 0., 0., 0., 0.,
       8.97754944e+02, 4.72600098e+02, 8.27030838e-01, 9.09506470e+02,
       4.96201477e+02, 7.16849148e-01, 8.64488892e+02, 4.60821136e+02,
       6.65468454e-01, 8.82086670e+02, 5.25538818e+02, 4.23268735e-01,
       0., 0., 0., 0., 0., 0., 0., 0., 0., 0., 0., 0., 0., 0., 0., 0.,
       0., 0. ]
