%YAML:1.0
---
pose_0: !!opencv-matrix
   rows: 1
   cols: 25
   dt: "3f"
   data: [ 8.80108093e+02, 1.18010429e+02, 7.21849382e-01,
       7.76322571e+02, 1.18039932e+02, 7.01441228e-01, 7.74312012e+02,
       3.18677578e+01, 6.84131563e-01, 7.01855225e+02, 5.34507418e+00,
       2.42883980e-01, 0., 0., 0., 7.76273560e+02, 1.98361328e+02,
       6.43730044e-01, 6.56831604e+02, 2.41403198e+02, 7.07957506e-01,
       5.43162476e+02, 2.57067749e+02, 7.99676180e-01, 5.19676392e+02,
       1.02387230e+02, 2.28795514e-01, 5.17695374e+02, 6.32148743e+01,
       2.81981975e-01, 3.55081207e+02, 7.29665833e+01, 1.31778061e-01,
       0., 0., 0., 5.17722046e+02, 1.61165527e+02, 2.49677241e-01,
       3.45313232e+02, 1.51332413e+02, 9.82347503e-02, 0., 0., 0.,
       8.91901428e+02, 1.00331001e+02, 8.21553469e-01, 8.91881165e+02,
       1.37616074e+02, 7.58247972e-01, 8.74257446e+02, 7.11203079e+01,
       5.25189400e-01, 8.76247131e+02, 1.59189102e+02, 3.58025014e-01,
       0., 0., 0., 0., 0., 0., 0., 0., 0., 0., 0., 0., 0., 0., 0., 0.,
       0., 0. ]
