%YAML:1.0
---
pose_0: !!opencv-matrix
   rows: 2
   cols: 25
   dt: "3f"
   data: [ 1.00749866e+03, 2.47363281e+02, 7.15426087e-01,
       8.84037415e+02, 2.84560272e+02, 5.91170907e-01, 8.58615601e+02,
       1.94398254e+02, 5.87547541e-01, 7.58665283e+02, 1.82754410e+02,
       2.79793978e-01, 6.92068298e+02, 1.78808365e+02, 6.71572447e-01,
       8.99658203e+02, 3.68808136e+02, 5.38487077e-01, 7.70398193e+02,
       4.98149628e+02, 6.43840849e-01, 8.09610840e+02, 3.98237274e+02,
       7.64764786e-01, 5.58847168e+02, 3.43344788e+02, 6.23133183e-02,
       5.72558472e+02, 2.43413330e+02, 7.69275129e-02, 0., 0., 0., 0.,
       0., 0., 0., 0., 0., 0., 0., 0., 0., 0., 0., 1.01535217e+03,
       2.25890518e+02, 8.36241782e-01, 1.02516455e+03, 2.72784363e+02,
       8.27275515e-01, 9.89853699e+02, 2.06205200e+02, 4.81131703e-01,
       1.00938043e+03, 3.04121704e+02, 3.02672774e-01, 0., 0., 0., 0.,
       0., 0., 0., 0., 0., 0., 0., 0., 0., 0., 0., 0., 0., 0., 0., 0.,
       0., 0., 0., 0., 0., 0., 0., 0., 0., 0., 0., 0., 0., 0., 0., 0.,
       0., 0., 0., 0., 0., 0., 5.25557312e+02, 2.74782440e+02,
       5.38354591e-02, 5.25533386e+02, 2.41463074e+02, 6.00503758e-02,
       2.74784363e+02, 3.74677216e+02, 1.59269467e-01, 1.35688599e+02,
       3.86480469e+02, 4.03766274e-01, 5.39248230e+02, 3.82540405e+02,
       8.18063542e-02, 3.53152771e+02, 3.61003845e+02, 1.00563340e-01,
       0., 0., 0., 0., 0., 0., 0., 0., 0., 0., 0., 0., 0., 0., 0., 0.,
       0., 0., 0., 0., 0., 0., 0., 0., 7.49472198e+01, 4.02141449e+02,
       1.68967575e-01, 7.49355621e+01, 3.98162415e+02, 1.75167888e-01,
       1.29777191e+02, 3.84537659e+02, 2.12318525e-01 ]
