%YAML:1.0
---
pose_0: !!opencv-matrix
   rows: 1
   cols: 25
   dt: "3f"
   data: [ 9.23276001e+02, 1.49421082e+02, 7.33718276e-01,
       8.36981812e+02, 2.10188828e+02, 7.78187871e-01, 8.15515442e+02,
       1.49377029e+02, 6.74198449e-01, 7.01854248e+02, 8.47016220e+01,
       7.28356361e-01, 7.27235352e+02, 1.43546814e+02, 8.03094387e-01,
       8.54667847e+02, 2.72882172e+02, 6.99431777e-01, 7.62612549e+02,
       3.70767029e+02, 7.97712862e-01, 6.37265625e+02, 4.02080933e+02,
       8.02558720e-01, 6.13704773e+02, 2.63034546e+02, 1.61731929e-01,
       5.98022034e+02, 2.21857849e+02, 1.97323129e-01, 3.68824860e+02,
       2.90483582e+02, 9.96051505e-02, 1.59173080e+02, 3.55108154e+02,
       2.11563498e-01, 6.27416992e+02, 3.06130707e+02, 1.67078137e-01,
       4.11910919e+02, 2.82611389e+02, 8.20985362e-02, 0., 0., 0.,
       9.33068359e+02, 1.45442337e+02, 6.53426528e-01, 9.40890503e+02,
       1.66994568e+02, 8.14542472e-01, 0., 0., 0., 9.25207336e+02,
       2.14023315e+02, 8.16277742e-01, 0., 0., 0., 0., 0., 0., 0., 0.,
       0., 1.25877754e+02, 3.86454132e+02, 1.01177961e-01, 0., 0., 0.,
       0., 0., 0. ]
