%YAML:1.0
---
pose_0: !!opencv-matrix
   rows: 1
   cols: 25
   dt: "3f"
   data: [ 8.82043701e+02, 3.51227325e+02, 8.09967995e-01,
       7.92053223e+02, 3.86491302e+02, 5.62704980e-01, 7.74386230e+02,
       3.51186768e+02, 3.80752325e-01, 0., 0., 0., 0., 0., 0.,
       8.19391418e+02, 4.29500458e+02, 4.63065565e-01, 8.13530579e+02,
       5.25617371e+02, 7.82350719e-01, 8.21307434e+02, 3.90348846e+02,
       7.76845574e-01, 5.43186279e+02, 4.15862030e+02, 1.99679956e-01,
       5.43162415e+02, 3.84478973e+02, 2.77726531e-01, 3.49189026e+02,
       3.86441040e+02, 2.01118425e-01, 1.49338394e+02, 3.86478516e+02,
       3.23148459e-01, 5.25567566e+02, 4.45219788e+02, 1.12850241e-01,
       3.41378143e+02, 4.92220032e+02, 3.61699283e-01, 2.21892929e+02,
       5.90215088e+02, 2.57013977e-01, 8.85964905e+02, 3.37408478e+02,
       8.73795092e-01, 8.91947449e+02, 3.66898163e+02, 8.33731771e-01,
       8.64503174e+02, 3.21900757e+02, 3.50789368e-01, 8.86038330e+02,
       3.96220703e+02, 5.74288666e-01, 1.37670227e+02, 5.90210510e+02,
       1.72468632e-01, 1.49423981e+02, 6.01944214e+02, 1.92662314e-01,
       2.14043121e+02, 6.07851563e+02, 2.14512721e-01, 1.29776184e+02,
       3.37459869e+02, 1.14746153e-01, 1.27852997e+02, 3.37528656e+02,
       7.78403506e-02, 1.33708466e+02, 4.00193695e+02, 2.26180047e-01 ]
