%YAML:1.0
---
pose_0: !!opencv-matrix
   rows: 1
   cols: 25
   dt: "3f"
   data: [ 8.97782166e+02, 3.49213806e+02, 7.74899721e-01,
       7.84161621e+02, 3.53145111e+02, 7.26942599e-01, 7.66514099e+02,
       2.82584625e+02, 6.40314162e-01, 6.51003540e+02, 2.12147568e+02,
       8.28163207e-01, 7.29298035e+02, 2.27689056e+02, 8.76974463e-01,
       7.93990601e+02, 4.29500732e+02, 6.28358185e-01, 6.84276733e+02,
       5.07864471e+02, 8.38791847e-01, 7.92004272e+02, 4.90320526e+02,
       8.61299872e-01, 5.31445496e+02, 3.66890930e+02, 3.24889332e-01,
       5.33396729e+02, 3.23757385e+02, 3.65561664e-01, 3.51145386e+02,
       3.45276489e+02, 4.02800262e-01, 0., 0., 0., 5.35349060e+02,
       4.15811523e+02, 3.36857259e-01, 3.62933014e+02, 4.74644562e+02,
       4.63700414e-01, 1.86612457e+02, 5.27526489e+02, 3.65546137e-01,
       9.01725586e+02, 3.23742401e+02, 8.52296770e-01, 9.03708923e+02,
       3.64836609e+02, 7.45981991e-01, 8.70381836e+02, 3.00269684e+02,
       6.24339461e-01, 8.93875610e+02, 3.80588104e+02, 2.02336133e-01,
       1.20000908e+02, 5.74544373e+02, 2.70118147e-01, 1.23955490e+02,
       5.74545715e+02, 3.00788432e-01, 1.61136856e+02, 5.31435181e+02,
       1.60798088e-01, 0., 0., 0., 0., 0., 0., 0., 0., 0. ]
