%YAML:1.0
---
pose_0: !!opencv-matrix
   rows: 1
   cols: 25
   dt: "3f"
   data: [ 9.17295288e+02, 1.80776199e+02, 8.62953424e-01,
       8.05698364e+02, 1.96374649e+02, 7.05790639e-01, 7.91979248e+02,
       1.10194199e+02, 6.62170053e-01, 6.64587402e+02, 9.83841095e+01,
       6.47977591e-01, 5.39241821e+02, 1.12188148e+02, 6.97239220e-01,
       8.09605286e+02, 2.84524292e+02, 6.66060686e-01, 7.13581055e+02,
       3.21892334e+02, 7.12871671e-01, 5.70608215e+02, 3.39501740e+02,
       7.89471686e-01, 5.56894775e+02, 2.29699509e+02, 2.19288826e-01,
       5.43180298e+02, 1.82707657e+02, 3.16665500e-01, 3.76661255e+02,
       1.98361923e+02, 5.07836267e-02, 0., 0., 0., 5.68632080e+02,
       2.84562714e+02, 2.05526024e-01, 0., 0., 0., 0., 0., 0.,
       9.23226440e+02, 1.57209778e+02, 8.02104354e-01, 9.33109375e+02,
       1.94356216e+02, 8.81188571e-01, 8.89959045e+02, 1.37634384e+02,
       6.31970644e-01, 9.27157532e+02, 2.10149353e+02, 2.23384917e-01,
       0., 0., 0., 0., 0., 0., 0., 0., 0., 0., 0., 0., 0., 0., 0., 0.,
       0., 0. ]
