%YAML:1.0
---
pose_0: !!opencv-matrix
   rows: 1
   cols: 25
   dt: "3f"
   data: [ 8.88009705e+02, 4.00219513e+02, 8.36677372e-01,
       7.78316650e+02, 4.35472534e+02, 6.74657524e-01, 7.60684875e+02,
       3.68817657e+02, 7.53614426e-01, 6.35355652e+02, 3.37559540e+02,
       8.10854673e-01, 6.66608887e+02, 3.21878387e+02, 7.06663847e-01,
       8.03762207e+02, 5.07974670e+02, 6.75448298e-01, 6.94002563e+02,
       5.70518005e+02, 8.23453367e-01, 7.84117920e+02, 4.78517761e+02,
       6.56243026e-01, 5.45160034e+02, 4.53067017e+02, 2.49731123e-01,
       5.49036865e+02, 4.09927948e+02, 3.98227632e-01, 3.70766541e+02,
       3.82543396e+02, 1.44565240e-01, 0., 0., 0., 5.41215027e+02,
       5.05972778e+02, 2.61033207e-01, 3.72733185e+02, 5.07916565e+02,
       1.88183516e-01, 3.60951050e+02, 5.02018005e+02, 5.85948713e-02,
       8.95780334e+02, 3.84498291e+02, 8.71718526e-01, 9.03635864e+02,
       4.15810669e+02, 8.15025687e-01, 8.64504211e+02, 3.70838684e+02,
       6.30148709e-01, 8.86012268e+02, 4.45286133e+02, 7.31291533e-01,
       0., 0., 0., 0., 0., 0., 0., 0., 0., 0., 0., 0., 0., 0., 0., 0.,
       0., 0. ]
