%YAML:1.0
---
pose_0: !!opencv-matrix
   rows: 1
   cols: 25
   dt: "3f"
   data: [ 9.25203125e+02, 3.72736725e+02, 7.03111947e-01,
       8.46861816e+02, 2.84592773e+02, 4.65212435e-01, 8.48795959e+02,
       2.74817474e+02, 6.85091496e-01, 7.42956909e+02, 3.35427795e+02,
       7.08891153e-01, 6.98003418e+02, 4.58940033e+02, 8.06416869e-01,
       0., 0., 0., 0., 0., 0., 0., 0., 0., 5.90184814e+02,
       2.57152863e+02, 1.51748940e-01, 0., 0., 0., 0., 0., 0., 0., 0.,
       0., 0., 0., 0., 0., 0., 0., 0., 0., 0., 9.42797424e+02,
       3.62948395e+02, 7.13732243e-01, 0., 0., 0., 9.42859985e+02,
       3.10080841e+02, 7.94908404e-01, 0., 0., 0., 0., 0., 0., 0., 0.,
       0., 0., 0., 0., 0., 0., 0., 0., 0., 0., 0., 0., 0. ]
