%YAML:1.0
---
pose_0: !!opencv-matrix
   rows: 1
   cols: 25
   dt: "3f"
   data: [ 9.62459167e+02, 2.00351578e+02, 7.47889280e-01, 841.,
       2.14062958e+02, 6.07614279e-01, 8.37035706e+02, 1.25877594e+02,
       6.73601389e-01, 6.80358948e+02, 7.68982086e+01, 7.31630743e-01,
       5.78429932e+02, 7.11149826e+01, 8.25901389e-01, 8.50774780e+02,
       3.06106506e+02, 6.24240637e-01, 7.27375183e+02, 3.59014130e+02,
       7.13428974e-01, 6.05848022e+02, 3.27714050e+02, 7.67788589e-01,
       5.68649719e+02, 2.23828033e+02, 1.47447526e-01, 5.56899963e+02,
       1.80798187e+02, 2.25832090e-01, 3.53146484e+02, 2.00353668e+02,
       1.26198322e-01, 0., 0., 0., 5.45139404e+02, 2.76749664e+02,
       8.28957111e-02, 3.72729950e+02, 2.82628937e+02, 8.93440321e-02,
       0., 0., 0., 9.78016541e+02, 1.80650970e+02, 8.61568451e-01,
       9.80055603e+02, 2.23805115e+02, 7.66692519e-01, 9.50706909e+02,
       1.51392670e+02, 5.96551120e-01, 9.54606445e+02, 2.47389145e+02,
       1.65816903e-01, 0., 0., 0., 0., 0., 0., 0., 0., 0., 0., 0., 0.,
       0., 0., 0., 0., 0., 0. ]
