%YAML:1.0
---
pose_0: !!opencv-matrix
   rows: 1
   cols: 25
   dt: "3f"
   data: [ 1.02509741e+03, 2.88494263e+02, 4.03242528e-01,
       8.85971008e+02, 3.06153259e+02, 6.79907620e-01, 8.82063293e+02,
       2.37554138e+02, 4.21386659e-01, 8.37006409e+02, 1.63010162e+02,
       7.37817407e-01, 9.03699463e+02, 2.31728607e+02, 7.18468666e-01,
       8.91923828e+02, 3.66869476e+02, 5.19664288e-01, 8.72376404e+02,
       4.51139587e+02, 7.20443726e-01, 9.50706970e+02, 3.53115936e+02,
       7.57259488e-01, 6.23507751e+02, 3.19855560e+02, 1.08059101e-01,
       5.60817749e+02, 2.72797455e+02, 1.26361459e-01, 0., 0., 0., 0.,
       0., 0., 6.37216187e+02, 3.64872192e+02, 1.10047691e-01, 0., 0.,
       0., 0., 0., 0., 1.02313403e+03, 2.74749054e+02, 2.92859018e-01,
       1.02905444e+03, 3.04128296e+02, 3.63047540e-01, 9.64420532e+02,
       2.45396713e+02, 3.50967497e-01, 1.02904053e+03, 3.25734955e+02,
       8.25754032e-02, 0., 0., 0., 0., 0., 0., 0., 0., 0., 0., 0., 0.,
       0., 0., 0., 0., 0., 0. ]
