%YAML:1.0
---
pose_0: !!opencv-matrix
   rows: 1
   cols: 25
   dt: "3f"
   data: [ 9.07580078e+02, 2.74805450e+02, 7.74698317e-01,
       8.21314941e+02, 2.90430542e+02, 7.03938901e-01, 8.09601318e+02,
       2.23785492e+02, 6.46864653e-01, 8.42968079e+02, 1.16083961e+02,
       7.78041124e-01, 9.38960571e+02, 2.04216980e+02, 7.55588949e-01,
       8.23343994e+02, 3.57056976e+02, 5.89863241e-01, 8.70292725e+02,
       4.27521545e+02, 8.22020590e-01, 9.46690369e+02, 3.31578278e+02,
       7.29472578e-01, 5.86265320e+02, 3.23732178e+02, 3.26827049e-01,
       5.82345520e+02, 2.76737823e+02, 3.60336930e-01, 3.57048676e+02,
       2.98280029e+02, 3.37402880e-01, 1.63099991e+02, 3.06187653e+02,
       5.25444388e-01, 5.94089905e+02, 3.68848480e+02, 4.04860139e-01,
       4.06024567e+02, 3.92335938e+02, 1.48904562e-01, 3.66833710e+02,
       3.84476044e+02, 1.38104856e-01, 9.17343811e+02, 2.57103729e+02,
       8.14251959e-01, 9.21304382e+02, 2.90401794e+02, 8.13828111e-01,
       8.89960815e+02, 2.39497253e+02, 4.40287828e-01, 9.11504761e+02,
       3.11965302e+02, 4.94863659e-01, 0., 0., 0., 0., 0., 0., 0., 0.,
       0., 1.18102875e+02, 2.86518127e+02, 1.25827834e-01,
       1.23929016e+02, 2.78678711e+02, 1.32736087e-01, 1.49429321e+02,
       3.13971924e+02, 3.30452621e-01 ]
