%YAML:1.0
---
pose_0: !!opencv-matrix
   rows: 1
   cols: 25
   dt: "3f"
   data: [ 9.25236694e+02, 2.86507996e+02, 7.45236695e-01,
       8.07701233e+02, 3.04229462e+02, 6.99778259e-01, 7.97859375e+02,
       2.27802994e+02, 6.78283274e-01, 6.52928589e+02, 2.08136414e+02,
       6.44294679e-01, 5.31419861e+02, 2.12042923e+02, 4.75436479e-01,
       8.19384277e+02, 3.86488129e+02, 6.06109262e-01, 7.29315125e+02,
       4.29543671e+02, 7.02571988e-01, 6.15642212e+02, 3.96272919e+02,
       8.03290725e-01, 5.29473572e+02, 3.25731781e+02, 2.06786513e-01,
       5.43195129e+02, 2.72828461e+02, 3.36531162e-01, 3.55118103e+02,
       2.51280319e+02, 3.58594477e-01, 0., 0., 0., 5.27534058e+02,
       3.74691864e+02, 3.16450298e-01, 3.49194733e+02, 4.41286285e+02,
       5.46364546e-01, 1.65100800e+02, 5.00095398e+02, 4.41643864e-01,
       9.33070862e+02, 2.72747406e+02, 8.92612755e-01, 9.35063049e+02,
       3.04088684e+02, 7.99292326e-01, 9.07581665e+02, 2.57067230e+02,
       5.28044462e-01, 9.19367065e+02, 3.33565582e+02, 4.86182839e-01,
       9.65147934e+01, 5.11874207e+02, 2.20709354e-01, 1.06309845e+02,
       5.21610535e+02, 2.49905095e-01, 1.49447083e+02, 5.02045868e+02,
       2.39979699e-01, 0., 0., 0., 0., 0., 0., 0., 0., 0. ]
