%YAML:1.0
---
pose_0: !!opencv-matrix
   rows: 1
   cols: 25
   dt: "3f"
   data: [ 9.15331360e+02, 2.19952332e+02, 8.05243492e-01,
       8.27253113e+02, 1.80827209e+02, 6.04886591e-01, 8.33126526e+02,
       1.35676163e+02, 6.79503500e-01, 8.25333496e+02, 2.74756744e+02,
       7.55170465e-01, 7.89947266e+02, 3.80586182e+02, 8.08978260e-01,
       8.15498535e+02, 2.17986984e+02, 3.35848421e-01, 6.64645630e+02,
       2.90410187e+02, 3.20088476e-01, 5.56966003e+02, 3.25701447e+02,
       2.41594315e-01, 6.23494385e+02, 1.90547974e+02, 1.15657493e-01,
       6.03918091e+02, 1.86628647e+02, 1.18071422e-01, 3.53091949e+02,
       3.49256866e+02, 5.78372180e-01, 1.59200043e+02, 3.27660187e+02,
       2.50334144e-01, 6.50938293e+02, 2.00345413e+02, 6.94317594e-02,
       3.57045166e+02, 3.08112762e+02, 1.04105532e-01, 0., 0., 0.,
       9.27117432e+02, 1.96425919e+02, 8.61511707e-01, 9.29148865e+02,
       2.27720322e+02, 8.04683805e-01, 9.01691345e+02, 1.63031601e+02,
       6.60890460e-01, 0., 0., 0., 0., 0., 0., 0., 0., 0., 0., 0., 0.,
       0., 0., 0., 0., 0., 0., 1.33721741e+02, 3.06109009e+02,
       1.14873879e-01 ]
