%YAML:1.0
---
pose_0: !!opencv-matrix
   rows: 1
   cols: 25
   dt: "3f"
   data: [ 8.88036865e+02, 1.98379211e+02, 7.83499420e-01,
       7.88065857e+02, 2.16018753e+02, 6.65753484e-01, 7.74385437e+02,
       1.45418045e+02, 6.80872858e-01, 6.64644714e+02, 1.08260620e+02,
       7.44588196e-01, 6.25472229e+02, 1.19979706e+02, 7.83309221e-01,
       7.93912415e+02, 2.94377960e+02, 6.91511273e-01, 6.78326904e+02,
       3.43374695e+02, 7.53896594e-01, 5.88295837e+02, 3.08066406e+02,
       8.23348224e-01, 5.15757507e+02, 2.33659744e+02, 2.80235827e-01,
       5.17722290e+02, 1.90530975e+02, 3.21356505e-01, 3.43344818e+02,
       1.70935425e+02, 1.96894616e-01, 3.31598114e+02, 1.68987778e+02,
       1.17648475e-01, 5.11835419e+02, 2.74804901e+02, 3.36426944e-01,
       3.35471161e+02, 3.06055725e+02, 5.45286775e-01, 1.68995056e+02,
       3.43368073e+02, 5.74342668e-01, 8.99705139e+02, 1.82693146e+02,
       8.40605021e-01, 9.01756042e+02, 2.14038315e+02, 8.16220641e-01,
       8.70389648e+02, 1.65049133e+02, 3.97074580e-01, 8.89947571e+02,
       2.41523819e+02, 5.67004800e-01, 1.18047951e+02, 3.82584198e+02,
       5.38877845e-01, 1.29768127e+02, 3.84451904e+02, 5.41579247e-01,
       1.53330429e+02, 3.35437653e+02, 3.34065735e-01, 0., 0., 0., 0.,
       0., 0., 0., 0., 0. ]
