%YAML:1.0
---
pose_0: !!opencv-matrix
   rows: 1
   cols: 25
   dt: "3f"
   data: [ 8.72334351e+02, 3.76625305e+02, 7.01005518e-01,
       7.84154419e+02, 3.04109772e+02, 5.73351502e-01, 7.86111206e+02,
       2.84576416e+02, 6.24773502e-01, 6.80375122e+02, 2.59080017e+02,
       6.47920489e-01, 5.84267578e+02, 3.70821716e+02, 6.65304601e-01,
       7.80231262e+02, 3.25727722e+02, 4.00962502e-01, 6.94018555e+02,
       3.53148407e+02, 2.70577401e-01, 0., 0., 0., 5.82337402e+02,
       2.84577484e+02, 2.31390372e-01, 5.70594604e+02, 2.57162811e+02,
       1.72646359e-01, 4.15868835e+02, 3.00240326e+02, 2.48736560e-01,
       3.21862610e+02, 3.76665527e+02, 2.22542748e-01, 5.80391418e+02,
       3.10033447e+02, 1.65383652e-01, 5.70619629e+02, 3.55087097e+02,
       1.19912937e-01, 0., 0., 0., 8.89957825e+02, 3.60967285e+02,
       7.34748423e-01, 0., 0., 0., 8.82107178e+02, 3.11975952e+02,
       8.19157302e-01, 0., 0., 0., 0., 0., 0., 0., 0., 0., 0., 0., 0.,
       0., 0., 0., 0., 0., 0., 0., 0., 0. ]
