%YAML:1.0
---
pose_0: !!opencv-matrix
   rows: 1
   cols: 25
   dt: "3f"
   data: [ 1.06042261e+03, 2.45392426e+02, 6.61657333e-01,
       9.29131287e+02, 2.68891388e+02, 5.32779992e-01, 9.13476624e+02,
       1.59199051e+02, 4.95014608e-01, 7.62619080e+02, 9.84614639e+01,
       5.39917052e-01, 6.17613953e+02, 1.00435287e+02, 6.62944317e-01,
       9.33063904e+02, 3.57070160e+02, 4.94123936e-01, 7.93996521e+02,
       4.58882904e+02, 5.87878048e-01, 6.92028809e+02, 4.13815491e+02,
       6.80124044e-01, 6.09797485e+02, 2.29727554e+02, 7.16392398e-02,
       6.07836548e+02, 1.94458130e+02, 1.61347181e-01, 3.86450104e+02,
       2.00341721e+02, 1.82192549e-01, 0., 0., 0., 6.35252319e+02,
       3.17877838e+02, 5.21864817e-02, 0., 0., 0., 0., 0., 0.,
       1.08388586e+03, 2.25847107e+02, 6.26831532e-01, 1.07414233e+03,
       2.72791229e+02, 6.18629575e-01, 1.04077954e+03, 1.88557190e+02,
       2.45216340e-01, 1.05252783e+03, 3.04200806e+02, 1.74056411e-01,
       0., 0., 0., 0., 0., 0., 0., 0., 0., 0., 0., 0., 0., 0., 0., 0.,
       0., 0. ]
