%YAML:1.0
---
pose_0: !!opencv-matrix
   rows: 1
   cols: 25
   dt: "3f"
   data: [ 9.25178284e+02, 3.66861664e+02, 7.72145033e-01,
       8.60558228e+02, 2.80665771e+02, 3.65377784e-01, 8.70386292e+02,
       2.59133362e+02, 7.48736203e-01, 7.76375305e+02, 2.94347778e+02,
       7.70936191e-01, 8.07733398e+02, 4.19751923e+02, 8.10844660e-01,
       8.52745178e+02, 3.10028687e+02, 1.62593499e-01, 0., 0., 0., 0.,
       0., 0., 5.58859680e+02, 2.90475861e+02, 3.49554539e-01,
       5.54926453e+02, 2.59062408e+02, 3.89282674e-01, 3.25718079e+02,
       3.19856201e+02, 4.01293278e-01, 1.02393585e+02, 3.35569458e+02,
       2.86452770e-01, 5.60791565e+02, 3.21805481e+02, 2.96171367e-01,
       4.27562378e+02, 3.51218140e+02, 7.05618858e-02, 9.25889435e+01,
       3.35564423e+02, 1.56981543e-01, 9.42861389e+02, 3.51247375e+02,
       7.91419387e-01, 0., 0., 0., 9.34990601e+02, 3.02167999e+02,
       8.44772875e-01, 0., 0., 0., 4.36014595e+01, 3.11988342e+02,
       5.48476130e-02, 4.55509148e+01, 3.21756805e+02, 7.17125908e-02,
       5.14384117e+01, 3.21815399e+02, 6.97934702e-02, 0., 0., 0., 0.,
       0., 0., 8.67138672e+01, 3.49204163e+02, 1.49268970e-01 ]
