%YAML:1.0
---
pose_0: !!opencv-matrix
   rows: 1
   cols: 25
   dt: "3f"
   data: [ 8.68408936e+02, 1.65065582e+02, 8.35152924e-01,
       7.95900513e+02, 1.39613037e+02, 4.76390153e-01, 8.01779968e+02,
       1.14115097e+02, 3.78847122e-01, 0., 0., 0., 0., 0., 0.,
       7.80236267e+02, 1.59191483e+02, 2.81515628e-01, 7.91980042e+02,
       2.25832962e+02, 6.26324654e-01, 8.36966309e+02, 1.63176559e+02,
       5.32379329e-01, 5.54957214e+02, 2.14062927e+02, 1.30616277e-01,
       5.49035217e+02, 2.02287750e+02, 1.33816391e-01, 3.29641113e+02,
       2.25772690e+02, 7.10026473e-02, 3.35477783e+02, 2.27740860e+02,
       1.02714345e-01, 5.68634399e+02, 2.41469055e+02, 8.18989724e-02,
       0., 0., 0., 0., 0., 0., 8.72373596e+02, 1.47506577e+02,
       7.97134042e-01, 8.84036682e+02, 1.65124649e+02, 7.22014964e-01,
       8.54632263e+02, 1.08240753e+02, 6.35523260e-01, 0., 0., 0., 0.,
       0., 0., 0., 0., 0., 0., 0., 0., 0., 0., 0., 0., 0., 0., 0., 0.,
       0. ]
