%YAML:1.0
---
pose_0: !!opencv-matrix
   rows: 1
   cols: 25
   dt: "3f"
   data: [ 9.15424255e+02, 2.25855545e+02, 8.51726115e-01,
       8.41006287e+02, 1.88585480e+02, 5.88013768e-01, 8.37101013e+02,
       1.47388977e+02, 6.30051196e-01, 8.50695251e+02, 2.72771759e+02,
       5.53903639e-01, 8.13535767e+02, 3.70786591e+02, 5.73433518e-01,
       8.40950623e+02, 2.17977509e+02, 2.97331542e-01, 8.42905334e+02,
       2.76806274e+02, 4.27602500e-01, 8.13508179e+02, 3.70773315e+02,
       5.35476506e-01, 5.92156311e+02, 1.78779404e+02, 5.46976998e-02,
       0., 0., 0., 0., 0., 0., 0., 0., 0., 0., 0., 0., 0., 0., 0., 0.,
       0., 0., 9.27183716e+02, 1.98352325e+02, 8.40593934e-01,
       9.31153259e+02, 2.29766281e+02, 7.58921862e-01, 9.01692261e+02,
       1.65069458e+02, 6.63398325e-01, 0., 0., 0., 0., 0., 0., 0., 0.,
       0., 0., 0., 0., 0., 0., 0., 0., 0., 0., 0., 0., 0. ]
