%YAML:1.0
---
pose_0: !!opencv-matrix
   rows: 1
   cols: 25
   dt: "3f"
   data: [ 8.91924622e+02, 4.13950836e+02, 7.87457645e-01,
       7.80267090e+02, 4.00215668e+02, 6.89980984e-01, 7.74304626e+02,
       3.21776764e+02, 6.92728400e-01, 6.50897217e+02, 2.57072876e+02,
       8.24506283e-01, 7.11614136e+02, 2.74867218e+02, 8.24118614e-01,
       7.88031250e+02, 4.78553192e+02, 6.05629504e-01, 6.68572205e+02,
       5.51014038e+02, 7.51166403e-01, 7.74345703e+02, 5.43218018e+02,
       7.57199705e-01, 5.39239014e+02, 4.33449951e+02, 3.27722043e-01,
       5.39246094e+02, 3.86426758e+02, 4.04130369e-01, 3.37441650e+02,
       3.84504395e+02, 4.13381934e-01, 0., 0., 0., 5.43167603e+02,
       4.76567474e+02, 3.74412984e-01, 3.84523071e+02, 5.09880341e+02,
       2.00567037e-01, 0., 0., 0., 9.01804016e+02, 3.94281403e+02,
       8.53935599e-01, 9.03675659e+02, 4.25654907e+02, 7.55764782e-01,
       8.80150574e+02, 3.53111725e+02, 8.44669580e-01, 0., 0., 0., 0.,
       0., 0., 0., 0., 0., 0., 0., 0., 0., 0., 0., 0., 0., 0., 0., 0.,
       0. ]
