%YAML:1.0
---
pose_0: !!opencv-matrix
   rows: 1
   cols: 25
   dt: "3f"
   data: [ 9.17415283e+02, 1.80749207e+02, 7.94853926e-01,
       8.21380249e+02, 2.27694504e+02, 7.63697684e-01, 7.93924622e+02,
       1.51380630e+02, 7.07948804e-01, 7.05779968e+02, 7.49877014e+01,
       5.98820031e-01, 7.03830566e+02, 1.00322510e+02, 7.93061554e-01,
       8.42917725e+02, 3.02138428e+02, 6.57543123e-01, 7.58655640e+02,
       4.02158539e+02, 7.98406601e-01, 6.33225647e+02, 4.33441223e+02,
       8.25028121e-01, 5.54938599e+02, 2.76747650e+02, 9.72820371e-02,
       5.39250916e+02, 2.31671997e+02, 1.16738528e-01, 2.53235855e+02,
       3.33540527e+02, 7.00424612e-02, 1.16068024e+02, 3.53126495e+02,
       6.69862255e-02, 5.82353577e+02, 3.25732147e+02, 8.52419212e-02,
       0., 0., 0., 0., 0., 0., 9.29133545e+02, 1.72880035e+02,
       7.53240943e-01, 9.38916687e+02, 1.96464478e+02, 8.47077429e-01,
       8.99708557e+02, 1.63040024e+02, 1.98252007e-01, 9.23258972e+02,
       2.35617584e+02, 6.33689404e-01, 0., 0., 0., 0., 0., 0., 0., 0.,
       0., 0., 0., 0., 0., 0., 0., 0., 0., 0. ]
