%YAML:1.0
---
pose_0: !!opencv-matrix
   rows: 1
   cols: 25
   dt: "3f"
   data: [ 8.95785156e+02, 2.12192184e+02, 8.02741945e-01,
       7.91915527e+02, 2.14042297e+02, 7.13948905e-01, 7.93958191e+02,
       1.47387070e+02, 7.27400899e-01, 7.25360718e+02, 8.66838608e+01,
       8.21893632e-01, 7.17524658e+02, 2.06202057e+02, 5.57787597e-01,
       7.74298096e+02, 2.86526093e+02, 5.09203970e-01, 7.07751648e+02,
       2.76787048e+02, 6.14818215e-01, 7.11727051e+02, 1.98378677e+02,
       2.00738117e-01, 6.15676514e+02, 2.25768646e+02, 2.08700985e-01,
       5.96068787e+02, 1.80723740e+02, 2.01636076e-01, 4.41308685e+02,
       1.78775665e+02, 7.67857581e-02, 0., 0., 0., 6.31313843e+02,
       2.68916443e+02, 2.17111647e-01, 3.51192352e+02, 2.90446350e+02,
       6.00573495e-02, 0., 0., 0., 8.99663269e+02, 1.96359177e+02,
       8.67860377e-01, 9.11477478e+02, 2.23801895e+02, 7.88946927e-01,
       8.70329285e+02, 1.78740417e+02, 6.35839581e-01, 8.99691223e+02,
       2.43506622e+02, 2.61164188e-01, 0., 0., 0., 0., 0., 0., 0., 0.,
       0., 0., 0., 0., 0., 0., 0., 0., 0., 0. ]
