%YAML:1.0
---
pose_0: !!opencv-matrix
   rows: 1
   cols: 25
   dt: "3f"
   data: [ 9.03658142e+02, 3.98113342e+02, 7.91747928e-01,
       7.92007019e+02, 4.09925446e+02, 6.74640834e-01, 7.84125793e+02,
       3.33554962e+02, 6.79931939e-01, 7.15570496e+02, 3.08091614e+02,
       4.51569408e-01, 6.78303772e+02, 3.00202728e+02, 6.57154799e-01,
       7.99796692e+02, 4.80501190e+02, 4.73374754e-01, 6.78365295e+02,
       5.52937988e+02, 7.50242472e-01, 7.74379456e+02, 5.04029816e+02,
       7.82825232e-01, 5.39250000e+02, 4.19749268e+02, 1.57452032e-01,
       5.25554993e+02, 4.09932434e+02, 2.13863224e-01, 3.37429474e+02,
       3.78593414e+02, 1.49315804e-01, 0., 0., 0., 0., 0., 0., 0., 0.,
       0., 0., 0., 0., 9.15400085e+02, 3.78602173e+02, 8.68199766e-01,
       9.17326538e+02, 4.11881500e+02, 8.07200015e-01, 8.86085571e+02,
       3.53218231e+02, 7.59399176e-01, 9.03695557e+02, 4.31523895e+02,
       4.50818807e-01, 0., 0., 0., 0., 0., 0., 0., 0., 0., 0., 0., 0.,
       0., 0., 0., 0., 0., 0. ]
