%YAML:1.0
---
pose_0: !!opencv-matrix
   rows: 1
   cols: 25
   dt: "3f"
   data: [ 9.01737000e+02, 3.82537384e+02, 8.36619735e-01,
       8.13549805e+02, 4.27538330e+02, 4.80252206e-01, 7.82189209e+02,
       3.84552460e+02, 2.92476565e-01, 0., 0., 0., 0., 0., 0.,
       8.50710144e+02, 4.76553101e+02, 4.96960700e-01, 8.23389893e+02,
       4.19777466e+02, 6.29685223e-02, 8.19340149e+02, 3.59005432e+02,
       7.80143619e-01, 5.52985779e+02, 4.47170990e+02, 1.51145741e-01,
       5.47101440e+02, 4.33478302e+02, 1.57111079e-01, 3.41373138e+02,
       4.15906677e+02, 1.58767566e-01, 1.55264725e+02, 4.29468750e+02,
       2.96335042e-01, 0., 0., 0., 0., 0., 0., 0., 0., 0.,
       9.13465210e+02, 3.68775482e+02, 8.84883463e-01, 9.17456787e+02,
       4.00115662e+02, 8.30046475e-01, 8.91929260e+02, 3.61005981e+02,
       2.46995598e-01, 9.09547974e+02, 4.31492493e+02, 6.96638525e-01,
       0., 0., 0., 0., 0., 0., 0., 0., 0., 0., 0., 0., 0., 0., 0.,
       1.45433701e+02, 4.37382446e+02, 1.91235632e-01 ]
