%YAML:1.0
---
pose_0: !!opencv-matrix
   rows: 1
   cols: 25
   dt: "3f"
   data: [ 9.29133240e+02, 1.33727676e+02, 8.09674203e-01,
       8.13565796e+02, 1.43516144e+02, 6.07640982e-01, 8.05771301e+02,
       5.92450867e+01, 7.04116642e-01, 6.80317322e+02, 2.21009369e+01,
       8.24817061e-01, 6.21559570e+02, 4.16170959e+01, 8.09495807e-01,
       8.23325439e+02, 2.37549698e+02, 6.49889052e-01, 7.09672607e+02,
       2.92408020e+02, 6.67955518e-01, 5.72629944e+02, 3.21721497e+02,
       8.35293829e-01, 5.39259094e+02, 1.43504745e+02, 1.13435857e-01,
       5.33387634e+02, 1.00416786e+02, 1.34368524e-01, 0., 0., 0., 0.,
       0., 0., 5.41221130e+02, 1.96424591e+02, 8.49189833e-02, 0., 0.,
       0., 0., 0., 0., 9.33064453e+02, 1.14114494e+02, 8.47139120e-01,
       9.42809265e+02, 1.51409668e+02, 7.92957246e-01, 9.09531311e+02,
       8.87229843e+01, 4.23380882e-01, 9.25223389e+02, 1.78789963e+02,
       3.11204731e-01, 0., 0., 0., 0., 0., 0., 0., 0., 0., 0., 0., 0.,
       0., 0., 0., 0., 0., 0. ]
