%YAML:1.0
---
pose_0: !!opencv-matrix
   rows: 1
   cols: 25
   dt: "3f"
   data: [ 9.17320374e+02, 2.57088196e+02, 8.52925301e-01,
       8.03698669e+02, 2.68908295e+02, 6.16947293e-01, 7.91919312e+02,
       1.92462631e+02, 6.87936902e-01, 6.66629028e+02, 1.47419861e+02,
       8.02028954e-01, 5.72532898e+02, 1.39581604e+02, 7.94275463e-01,
       8.07687195e+02, 3.51217682e+02, 6.70973480e-01, 6.96028992e+02,
       3.84425690e+02, 7.78406143e-01, 6.19573730e+02, 3.37430908e+02,
       7.89344132e-01, 5.70599243e+02, 2.70854767e+02, 1.13533780e-01,
       5.90187744e+02, 2.27793686e+02, 1.68335438e-01, 3.41388550e+02,
       2.51263016e+02, 2.72828877e-01, 1.00410736e+02, 2.45393570e+02,
       1.20400742e-01, 5.56904419e+02, 3.33525299e+02, 9.84637439e-02,
       3.66848145e+02, 3.55105011e+02, 2.11291745e-01, 0., 0., 0.,
       9.25173340e+02, 2.35554886e+02, 7.93144882e-01, 9.31090332e+02,
       2.70864227e+02, 8.40612888e-01, 8.95822327e+02, 2.14058487e+02,
       5.36390722e-01, 9.07580383e+02, 2.92490997e+02, 2.41940394e-01,
       0., 0., 0., 0., 0., 0., 0., 0., 0., 0., 0., 0., 0., 0., 0., 0.,
       0., 0. ]
