%YAML:1.0
---
pose_0: !!opencv-matrix
   rows: 1
   cols: 25
   dt: "3f"
   data: [ 9.70262817e+02, 2.84571655e+02, 7.24643469e-01,
       8.40998230e+02, 3.02197510e+02, 6.32445812e-01, 8.31180481e+02,
       2.12046295e+02, 6.70729756e-01, 6.95983582e+02, 1.78805328e+02,
       7.83665419e-01, 5.88167603e+02, 1.63154922e+02, 8.49075377e-01,
       8.52725464e+02, 3.92325867e+02, 5.74622929e-01, 7.13639771e+02,
       4.62860504e+02, 5.84030211e-01, 5.72654053e+02, 5.23649353e+02,
       7.76703954e-01, 5.23585632e+02, 3.62931427e+02, 9.32653174e-02,
       0., 0., 0., 0., 0., 0., 0., 0., 0., 5.43165344e+02,
       4.04076324e+02, 1.29293501e-01, 4.39345886e+02, 4.15837799e+02,
       5.43027446e-02, 0., 0., 0., 9.78031250e+02, 2.59115906e+02,
       9.10285115e-01, 9.85960754e+02, 2.98288422e+02, 7.81448185e-01,
       9.44762756e+02, 2.31680679e+02, 6.06334925e-01, 9.78080444e+02,
       3.21867920e+02, 1.32257402e-01, 0., 0., 0., 0., 0., 0., 0., 0.,
       0., 0., 0., 0., 0., 0., 0., 0., 0., 0. ]
