%YAML:1.0
---
pose_0: !!opencv-matrix
   rows: 1
   cols: 25
   dt: "3f"
   data: [ 9.09553650e+02, 2.19938675e+02, 6.68098807e-01,
       8.15512268e+02, 2.88512634e+02, 5.86737156e-01, 7.88079712e+02,
       2.45404709e+02, 3.16126466e-01, 6.45064270e+02, 2.70884247e+02,
       2.53100783e-01, 5.58900635e+02, 2.29765015e+02, 5.76963365e-01,
       8.36977173e+02, 3.37514679e+02, 6.14832163e-01, 6.92072937e+02,
       3.66822235e+02, 7.73789048e-01, 5.56949951e+02, 2.63016296e+02,
       7.17316389e-01, 5.60807800e+02, 3.57078369e+02, 2.05442309e-01,
       5.51014221e+02, 3.21786163e+02, 2.21012980e-01, 3.27688843e+02,
       2.12114410e+02, 6.86780989e-01, 1.67043289e+02, 3.35471405e+02,
       1.87979087e-01, 5.80392151e+02, 3.94297211e+02, 2.01780900e-01,
       3.19799133e+02, 2.59037811e+02, 5.41073442e-01, 1.08260864e+02,
       3.43337189e+02, 2.63615012e-01, 9.17430786e+02, 2.10167435e+02,
       6.75904334e-01, 9.31090942e+02, 2.41466354e+02, 8.81313324e-01,
       0., 0., 0., 9.13391052e+02, 2.90493652e+02, 8.55440378e-01, 0.,
       0., 0., 0., 0., 0., 8.86631622e+01, 3.59010681e+02,
       2.30291665e-01, 0., 0., 0., 0., 0., 0., 0., 0., 0. ]
