%YAML:1.0
---
pose_0: !!opencv-matrix
   rows: 1
   cols: 25
   dt: "3f"
   data: [ 9.27171082e+02, 2.49336578e+02, 7.63142884e-01,
       8.44858215e+02, 2.10062668e+02, 5.86181879e-01, 8.44888733e+02,
       1.53302612e+02, 6.28505409e-01, 8.25285278e+02, 2.45369141e+02,
       6.49410903e-01, 8.07648987e+02, 3.64844452e+02, 8.31033111e-01,
       8.23378296e+02, 2.45413330e+02, 3.57311338e-01, 6.82300171e+02,
       3.11978729e+02, 3.71621162e-01, 5.88275635e+02, 3.72737274e+02,
       4.90767717e-01, 5.98028809e+02, 1.80739929e+02, 1.13980107e-01,
       5.72589050e+02, 1.78783859e+02, 1.10494077e-01, 3.33538361e+02,
       3.33526581e+02, 1.05146304e-01, 0., 0., 0., 0., 0., 0., 0., 0.,
       0., 0., 0., 0., 9.35005127e+02, 2.25871231e+02, 8.85137200e-01,
       9.40869873e+02, 2.57091553e+02, 7.85991192e-01, 9.11467590e+02,
       1.88560547e+02, 7.55138576e-01, 0., 0., 0., 0., 0., 0., 0., 0.,
       0., 0., 0., 0., 0., 0., 0., 0., 0., 0., 0., 0., 0. ]
