%YAML:1.0
---
pose_0: !!opencv-matrix
   rows: 1
   cols: 25
   dt: "3f"
   data: [ 8.87980469e+02, 4.51131500e+02, 8.02763522e-01,
       8.05618591e+02, 4.92267700e+02, 7.37932742e-01, 7.74397827e+02,
       4.56958313e+02, 5.76888740e-01, 0., 0., 0., 0., 0., 0.,
       8.25269775e+02, 5.31429260e+02, 6.77162886e-01, 7.62605652e+02,
       5.13795898e+02, 6.42144859e-01, 7.27243042e+02, 3.82428284e+02,
       8.46285522e-01, 5.82340210e+02, 5.09895966e+02, 1.88112020e-01,
       5.76471619e+02, 4.80522705e+02, 2.69346386e-01, 3.92332397e+02,
       4.37361938e+02, 3.00745517e-01, 1.86598816e+02, 4.68732056e+02,
       1.77742839e-01, 5.74521667e+02, 5.54934326e+02, 1.14425361e-01,
       3.96193909e+02, 4.33508789e+02, 3.22845757e-01, 1.92483673e+02,
       4.68719543e+02, 3.37199181e-01, 8.93897461e+02, 4.35413544e+02,
       7.96777129e-01, 9.01738403e+02, 4.62937561e+02, 8.61450493e-01,
       8.70343506e+02, 4.29445129e+02, 3.55783135e-01, 8.97718811e+02,
       4.92181519e+02, 6.10208094e-01, 1.53296082e+02, 4.23651062e+02,
       8.85920376e-02, 1.55250595e+02, 4.31543671e+02, 1.14263050e-01,
       1.69008774e+02, 4.76564117e+02, 2.17918187e-01, 1.57230438e+02,
       4.21732635e+02, 1.03588715e-01, 1.55297974e+02, 4.23666412e+02,
       8.01120028e-02, 0., 0., 0. ]
