%YAML:1.0
---
pose_0: !!opencv-matrix
   rows: 1
   cols: 25
   dt: "3f"
   data: [ 9.89838440e+02, 2.57167145e+02, 8.04937124e-01,
       8.62508362e+02, 2.92433289e+02, 6.23821080e-01, 8.37053711e+02,
       2.12065201e+02, 6.12397552e-01, 7.13658386e+02, 1.94486313e+02,
       6.08339190e-01, 5.98036438e+02, 1.82761780e+02, 7.80515254e-01,
       8.84111511e+02, 3.80579895e+02, 6.37053013e-01, 7.74274292e+02,
       4.45145416e+02, 7.71754861e-01, 7.27413696e+02, 3.21791779e+02,
       7.31972814e-01, 5.58865173e+02, 3.23745850e+02, 1.16930440e-01,
       5.56901184e+02, 2.74793457e+02, 1.43859386e-01, 0., 0., 0., 0.,
       0., 0., 5.72558411e+02, 3.84487274e+02, 8.86248797e-02, 0., 0.,
       0., 0., 0., 0., 9.93849854e+02, 2.37547058e+02, 8.75126004e-01,
       1.00747333e+03, 2.74703033e+02, 8.83857608e-01, 9.62451904e+02,
       2.16043732e+02, 2.87200868e-01, 9.89857544e+02, 3.06213776e+02,
       4.88391310e-01, 0., 0., 0., 0., 0., 0., 0., 0., 0., 0., 0., 0.,
       0., 0., 0., 0., 0., 0. ]
