%YAML:1.0
---
pose_0: !!opencv-matrix
   rows: 1
   cols: 25
   dt: "3f"
   data: [ 8.84026489e+02, 4.76510345e+02, 8.25339079e-01,
       7.97844543e+02, 4.88301697e+02, 6.63937449e-01, 8.07622498e+02,
       4.25610779e+02, 6.32428169e-01, 7.60686890e+02, 3.82579376e+02,
       4.25142765e-01, 8.35078003e+02, 3.92307007e+02, 4.14303541e-01,
       7.95916321e+02, 5.51043335e+02, 5.74261904e-01, 8.95796326e+02,
       6.31277466e+02, 7.69520342e-01, 8.87981079e+02, 5.27502869e+02,
       6.23103678e-01, 5.98040894e+02, 4.60883270e+02, 2.12746233e-01,
       5.98027954e+02, 4.31526642e+02, 2.35140726e-01, 0., 0., 0., 0.,
       0., 0., 5.90183411e+02, 5.05960968e+02, 1.13804422e-01, 0., 0.,
       0., 0., 0., 0., 8.86097351e+02, 4.60850708e+02, 8.92566800e-01,
       8.93867004e+02, 4.90288239e+02, 7.60505319e-01, 8.56692139e+02,
       4.47130280e+02, 5.33048987e-01, 8.72336060e+02, 5.11890350e+02,
       6.20300233e-01, 0., 0., 0., 0., 0., 0., 0., 0., 0., 0., 0., 0.,
       0., 0., 0., 0., 0., 0. ]
