%YAML:1.0
---
pose_0: !!opencv-matrix
   rows: 1
   cols: 25
   dt: "3f"
   data: [ 8.56632813e+02, 2.19915253e+02, 7.79884279e-01,
       7.60716797e+02, 2.33605087e+02, 6.77222252e-01, 7.60578186e+02,
       1.63084854e+02, 6.80693209e-01, 7.27255371e+02, 7.09646759e+01,
       7.54421413e-01, 7.31318115e+02, 5.34426403e+00, 1.13582633e-01,
       7.64589233e+02, 2.90390411e+02, 6.64412975e-01, 7.05760437e+02,
       3.51199799e+02, 8.23485374e-01, 7.95949158e+02, 3.19896179e+02,
       8.20609331e-01, 5.35318665e+02, 2.27792465e+02, 2.72329628e-01,
       5.37293518e+02, 1.92507233e+02, 2.98393160e-01, 0., 0., 0., 0.,
       0., 0., 5.23546387e+02, 2.68895111e+02, 2.67911315e-01,
       3.47250092e+02, 2.61085480e+02, 2.28099510e-01, 1.76781754e+02,
       2.74730042e+02, 3.33260000e-01, 8.68321106e+02, 2.10104095e+02,
       8.37908268e-01, 8.68436829e+02, 2.33605774e+02, 8.02051067e-01,
       8.52723694e+02, 1.98388489e+02, 2.83120126e-01, 8.50741150e+02,
       2.66929260e+02, 7.42406309e-01, 1.12178215e+02, 2.86511353e+02,
       2.92668223e-01, 1.20009453e+02, 2.92456543e+02, 2.96728224e-01,
       1.61140717e+02, 2.70828491e+02, 1.37208685e-01, 0., 0., 0., 0.,
       0., 0., 0., 0., 0. ]
