%YAML:1.0
---
pose_0: !!opencv-matrix
   rows: 1
   cols: 25
   dt: "3f"
   data: [ 8.99769409e+02, 1.63005356e+02, 8.01128507e-01,
       7.92025757e+02, 1.65005981e+02, 6.75378144e-01, 7.97868652e+02,
       7.88430023e+01, 6.28236353e-01, 6.82252014e+02, 1.81276169e+01,
       7.51398861e-01, 5.86259155e+02, 2.20583725e+01, 8.23313832e-01,
       7.86092529e+02, 2.49278900e+02, 6.19968116e-01, 6.66576599e+02,
       2.88464050e+02, 7.61570752e-01, 5.54928894e+02, 3.08105621e+02,
       8.05438995e-01, 5.39223694e+02, 1.65059586e+02, 2.45759368e-01,
       5.31421509e+02, 1.21961884e+02, 1.93074003e-01, 5.21625488e+02,
       8.47328262e+01, 1.88979194e-01, 3.62932678e+02, 1.29740860e+02,
       3.40227842e-01, 5.39233887e+02, 2.10154800e+02, 2.62101829e-01,
       4.29574371e+02, 2.14083221e+02, 8.19416493e-02, 3.04138519e+02,
       1.92453918e+02, 3.20685595e-01, 9.13413330e+02, 1.35735168e+02,
       8.08257222e-01, 9.15458618e+02, 1.78686295e+02, 8.51174176e-01,
       8.91893677e+02, 1.17970383e+02, 5.42297065e-01, 8.95811890e+02,
       1.96456924e+02, 2.60419667e-01, 2.43467010e+02, 1.65048080e+02,
       7.01894909e-02, 2.49312531e+02, 1.78714020e+02, 8.43885019e-02,
       2.84554260e+02, 1.82749496e+02, 1.45847201e-01, 3.35497955e+02,
       1.47505875e+02, 6.11003377e-02, 0., 0., 0., 3.39422485e+02,
       1.31762833e+02, 1.43878937e-01 ]
