%YAML:1.0
---
pose_0: !!opencv-matrix
   rows: 1
   cols: 25
   dt: "3f"
   data: [ 8.84138184e+02, 4.55043213e+02, 8.55867088e-01,
       8.07684998e+02, 4.33472412e+02, 6.02239013e-01, 8.15504822e+02,
       3.76669586e+02, 3.75273824e-01, 9.17457642e+02, 3.21877777e+02,
       5.76683402e-01, 9.66381287e+02, 4.09947571e+02, 3.61530602e-01,
       8.17462830e+02, 4.84411407e+02, 4.58853453e-01, 8.31157471e+02,
       5.56881226e+02, 5.55142760e-01, 8.05697449e+02, 5.15728149e+02,
       4.56775725e-01, 5.84335938e+02, 4.80517792e+02, 1.80039465e-01,
       5.94117859e+02, 4.33452850e+02, 2.02841327e-01, 5.39226074e+02,
       4.00192749e+02, 1.63929135e-01, 3.84514954e+02, 4.27574799e+02,
       2.18562812e-01, 5.78460266e+02, 5.23600342e+02, 1.72219634e-01,
       0., 0., 0., 0., 0., 0., 8.89950500e+02, 4.31587860e+02,
       8.71439934e-01, 9.01627686e+02, 4.55044830e+02, 7.94978201e-01,
       8.66400696e+02, 3.96210846e+02, 8.16015482e-01, 0., 0., 0., 0.,
       0., 0., 0., 0., 0., 0., 0., 0., 3.64900818e+02, 4.45178406e+02,
       1.02398500e-01, 0., 0., 0., 3.68810364e+02, 4.27603607e+02,
       1.73021585e-01 ]
