%YAML:1.0
---
pose_0: !!opencv-matrix
   rows: 1
   cols: 25
   dt: "3f"
   data: [ 1.04475610e+03, 2.70792786e+02, 7.41821229e-01,
       9.15470398e+02, 2.72842010e+02, 5.32934368e-01, 8.99703979e+02,
       1.78749390e+02, 4.95539010e-01, 7.74263184e+02, 6.51136780e+01,
       7.47384965e-01, 8.37047974e+02, 2.14029999e+02, 6.73947632e-01,
       9.13422791e+02, 3.49215576e+02, 3.00941646e-01, 7.60687805e+02,
       4.37418121e+02, 2.14612544e-01, 7.11658997e+02, 4.33488556e+02,
       5.48813194e-02, 0., 0., 0., 0., 0., 0., 0., 0., 0., 0., 0., 0.,
       0., 0., 0., 0., 0., 0., 0., 0., 0., 1.05642322e+03,
       2.41378830e+02, 8.72800827e-01, 1.06238794e+03, 2.88402740e+02,
       7.35181093e-01, 1.01533832e+03, 2.04222458e+02, 5.72293878e-01,
       0., 0., 0., 0., 0., 0., 0., 0., 0., 0., 0., 0., 0., 0., 0., 0.,
       0., 0., 0., 0., 0. ]
