%YAML:1.0
---
pose_0: !!opencv-matrix
   rows: 1
   cols: 25
   dt: "3f"
   data: [ 9.13438904e+02, 4.23650421e+02, 7.65269279e-01,
       8.13517639e+02, 4.15884705e+02, 6.03596985e-01, 8.33099426e+02,
       3.37510132e+02, 5.04215896e-01, 8.93867188e+02, 2.59186127e+02,
       7.39681780e-01, 1.02513635e+03, 2.94351440e+02, 6.89457178e-01,
       7.91926880e+02, 4.92284363e+02, 6.04785681e-01, 6.82293579e+02,
       5.23498840e+02, 7.42390752e-01, 5.82392639e+02, 5.80435730e+02,
       7.18092918e-01, 5.62766174e+02, 4.13891724e+02, 2.66687334e-01,
       5.62785217e+02, 3.76651306e+02, 3.42317402e-01, 3.51179443e+02,
       3.51206055e+02, 2.86958545e-01, 0., 0., 0., 5.58875549e+02,
       4.60859894e+02, 2.23107353e-01, 3.96209290e+02, 5.05952271e+02,
       1.94870800e-01, 1.98387222e+02, 5.90200867e+02, 2.40873128e-01,
       9.21295593e+02, 4.00258606e+02, 8.03791761e-01, 9.17431396e+02,
       4.35439728e+02, 7.45117426e-01, 8.97768188e+02, 3.74720612e+02,
       5.82135081e-01, 9.01642700e+02, 4.54992340e+02, 1.78366661e-01,
       0., 0., 0., 0., 0., 0., 0., 0., 0., 0., 0., 0., 0., 0., 0., 0.,
       0., 0. ]
