%YAML:1.0
---
pose_0: !!opencv-matrix
   rows: 1
   cols: 25
   dt: "3f"
   data: [ 1.06233691e+03, 2.86486053e+02, 6.93280995e-01,
       9.25220154e+02, 2.80641724e+02, 3.79084468e-01, 9.31068604e+02,
       1.98375870e+02, 3.48979801e-01, 9.13405884e+02, 1.31768951e+02,
       1.74004793e-01, 0., 0., 0., 9.01685669e+02, 3.55122406e+02,
       2.99467653e-01, 8.01796082e+02, 4.23637268e+02, 5.02709523e-02,
       0., 0., 0., 0., 0., 0., 0., 0., 0., 0., 0., 0., 0., 0., 0., 0.,
       0., 0., 0., 0., 0., 0., 0., 0., 1.02700842e+03, 2.68912079e+02,
       5.41691959e-01, 1.08588196e+03, 2.61042664e+02, 7.53423512e-01,
       9.93747192e+02, 2.23831665e+02, 1.47375852e-01, 0., 0., 0., 0.,
       0., 0., 0., 0., 0., 0., 0., 0., 0., 0., 0., 0., 0., 0., 0., 0.,
       0. ]
