%YAML:1.0
---
pose_0: !!opencv-matrix
   rows: 1
   cols: 25
   dt: "3f"
   data: [ 1.11916272e+03, 8.86247787e+01, 7.78208375e-01,
       9.46797241e+02, 1.41583847e+02, 5.36923409e-01, 9.23242859e+02,
       4.16483078e+01, 5.39427996e-01, 0., 0., 0., 0., 0., 0.,
       9.72240845e+02, 2.59128662e+02, 4.20904130e-01, 7.84175659e+02,
       3.78584473e+02, 4.37139541e-01, 8.39050964e+02, 2.72818237e+02,
       5.52546084e-01, 6.74443604e+02, 2.21892227e+02, 7.40279108e-02,
       6.35245972e+02, 1.82689911e+02, 7.71482736e-02, 0., 0., 0., 0.,
       0., 0., 6.97952820e+02, 2.76748077e+02, 5.91254011e-02, 0., 0.,
       0., 0., 0., 0., 1.13281030e+03, 5.52741547e+01, 7.79767215e-01,
       1.15051184e+03, 1.06326134e+02, 7.87638187e-01, 1.09370313e+03,
       2.41031494e+01, 5.08273065e-01, 1.12311658e+03, 1.59163956e+02,
       3.82218808e-01, 0., 0., 0., 0., 0., 0., 0., 0., 0., 0., 0., 0.,
       0., 0., 0., 0., 0., 0. ]
