%YAML:1.0
---
pose_0: !!opencv-matrix
   rows: 1
   cols: 25
   dt: "3f"
   data: [ 8.91871033e+02, 3.29656097e+02, 7.52650201e-01,
       7.93930542e+02, 3.21740143e+02, 7.27341235e-01, 7.99793335e+02,
       2.43433395e+02, 6.94617212e-01, 6.84297119e+02, 1.98439575e+02,
       7.72176445e-01, 6.62645630e+02, 3.43328674e+02, 7.36814797e-01,
       7.78336121e+02, 3.96238861e+02, 5.55069208e-01, 6.82256287e+02,
       4.45170990e+02, 2.98723429e-01, 6.80305725e+02, 4.43210999e+02,
       4.80656862e-01, 6.15659119e+02, 3.06138733e+02, 3.36076111e-01,
       6.15657898e+02, 2.68870392e+02, 3.33480179e-01, 4.74601837e+02,
       2.61078613e+02, 1.09486982e-01, 1.90555252e+02, 1.92443680e+02,
       2.77686387e-01, 6.05884277e+02, 3.49198303e+02, 3.44434589e-01,
       3.27663910e+02, 3.62923065e+02, 2.65795588e-01, 1.51346069e+02,
       3.57051758e+02, 4.81100619e-01, 9.01705566e+02, 3.08069519e+02,
       8.56020629e-01, 9.05614258e+02, 3.45266663e+02, 7.59324908e-01,
       8.86005066e+02, 2.86510681e+02, 6.29448295e-01, 8.97776245e+02,
       3.64818939e+02, 1.02314427e-01, 1.00354576e+02, 3.84530579e+02,
       3.73802483e-01, 1.08273201e+02, 3.88422913e+02, 3.77906084e-01,
       1.31751678e+02, 3.39412262e+02, 3.29392254e-01, 0., 0., 0., 0.,
       0., 0., 0., 0., 0. ]
