%YAML:1.0
---
pose_0: !!opencv-matrix
   rows: 1
   cols: 25
   dt: "3f"
   data: [ 8.87979919e+02, 3.35516510e+02, 8.16847324e-01,
       7.93972961e+02, 3.21782990e+02, 7.18176782e-01, 8.03767822e+02,
       2.47370636e+02, 7.02779830e-01, 6.95958496e+02, 2.27768005e+02,
       8.22759926e-01, 6.96065063e+02, 3.84484985e+02, 5.74469388e-01,
       7.80258423e+02, 3.84444153e+02, 5.31580448e-01, 7.19500671e+02,
       4.31539307e+02, 2.73831695e-01, 7.03850891e+02, 4.41287567e+02,
       3.25693309e-01, 6.29367920e+02, 3.12014130e+02, 2.92742580e-01,
       6.19575500e+02, 2.76763184e+02, 2.43805483e-01, 4.02127716e+02,
       2.59074646e+02, 7.69634694e-02, 3.19847717e+02, 2.16033432e+02,
       1.45222068e-01, 6.29366943e+02, 3.49187653e+02, 2.26158723e-01,
       3.43343109e+02, 3.66770233e+02, 3.10234368e-01, 1.49402603e+02,
       3.53213287e+02, 4.91440624e-01, 9.01616394e+02, 3.13987518e+02,
       8.24344695e-01, 9.01746887e+02, 3.51090210e+02, 8.00093830e-01,
       8.86092773e+02, 2.90442780e+02, 6.36103749e-01, 8.93883484e+02,
       3.68810028e+02, 6.95267171e-02, 1.00352608e+02, 3.96249756e+02,
       4.11005378e-01, 1.04324982e+02, 3.96266663e+02, 4.41720963e-01,
       1.27855423e+02, 3.35554962e+02, 3.38618875e-01, 0., 0., 0., 0.,
       0., 0., 0., 0., 0. ]
