%YAML:1.0
---
pose_0: !!opencv-matrix
   rows: 1
   cols: 25
   dt: "3f"
   data: [ 9.56555237e+02, 3.19771210e+02, 7.81743288e-01,
       8.39028992e+02, 2.59128326e+02, 5.52749693e-01, 8.54722961e+02,
       1.76811111e+02, 5.52672267e-01, 7.48877258e+02, 7.69382095e+01,
       6.67594492e-01, 6.31296753e+02, 1.21937317e+02, 7.48617947e-01,
       8.27279236e+02, 3.43325073e+02, 5.46493709e-01, 7.41069458e+02,
       4.00098816e+02, 7.98094869e-01, 6.82300720e+02, 4.62852509e+02,
       8.36297333e-01, 5.84331848e+02, 2.68898163e+02, 1.20084718e-01,
       5.82341125e+02, 2.12075455e+02, 1.33205459e-01, 0., 0., 0., 0.,
       0., 0., 6.03932312e+02, 3.17869629e+02, 1.40102923e-01,
       4.88303192e+02, 3.66805023e+02, 6.62810132e-02, 0., 0., 0.,
       9.76156677e+02, 2.90474396e+02, 8.29870999e-01, 9.72199402e+02,
       3.19893097e+02, 5.47346711e-01, 9.50737122e+02, 2.41531631e+02,
       8.83790970e-01, 0., 0., 0., 0., 0., 0., 0., 0., 0., 0., 0., 0.,
       0., 0., 0., 0., 0., 0., 0., 0., 0. ]
