%YAML:1.0
---
pose_0: !!opencv-matrix
   rows: 1
   cols: 25
   dt: "3f"
   data: [ 8.99789063e+02, 3.57100525e+02, 7.80481815e-01,
       8.03721802e+02, 3.37451843e+02, 6.90444171e-01, 8.11558899e+02,
       2.59151459e+02, 6.29059196e-01, 6.99942871e+02, 1.78773285e+02,
       7.71773219e-01, 6.21528442e+02, 2.06180969e+02, 7.47920632e-01,
       7.78269226e+02, 4.07988922e+02, 5.01850247e-01, 6.58763428e+02,
       4.35416565e+02, 6.16856098e-01, 7.56730408e+02, 4.78549683e+02,
       7.91260779e-01, 5.25530273e+02, 3.57075012e+02, 2.49958381e-01,
       5.25562378e+02, 3.17881012e+02, 2.17260599e-01, 3.64913971e+02,
       3.23733032e+02, 2.76733398e-01, 2.10158310e+02, 3.19781738e+02,
       2.24994943e-01, 5.19683289e+02, 3.96256744e+02, 2.50344634e-01,
       3.66832031e+02, 4.56962006e+02, 5.48099637e-01, 1.76799438e+02,
       5.11869537e+02, 4.09827322e-01, 9.15324646e+02, 3.35531677e+02,
       8.35563123e-01, 9.17393005e+02, 3.72734741e+02, 7.03567803e-01,
       8.93895508e+02, 3.08071777e+02, 6.50678754e-01, 0., 0., 0.,
       1.04362778e+02, 5.70568665e+02, 1.21318720e-01, 1.06328529e+02,
       5.70643005e+02, 1.26018256e-01, 1.43534912e+02, 5.09838379e+02,
       2.33642906e-01, 1.51341644e+02, 3.12000153e+02, 1.00923948e-01,
       1.49439651e+02, 3.06196869e+02, 9.36928913e-02, 1.67041290e+02,
       3.13966003e+02, 1.18131988e-01 ]
