%YAML:1.0
---
pose_0: !!opencv-matrix
   rows: 1
   cols: 25
   dt: "3f"
   data: [ 9.30981384e+02, 1.82762344e+02, 8.10163260e-01,
       8.07672791e+02, 1.92433380e+02, 6.78077042e-01, 8.05729797e+02,
       1.00421463e+02, 6.90275669e-01, 6.62647278e+02, 7.29990768e+01,
       6.81935728e-01, 5.56958923e+02, 8.46351395e+01, 7.47401595e-01,
       8.09589417e+02, 2.74840881e+02, 6.53867602e-01, 6.94037170e+02,
       3.08130585e+02, 7.32890844e-01, 5.66697510e+02, 3.21835236e+02,
       7.76784003e-01, 5.45144470e+02, 2.08154160e+02, 1.67567864e-01,
       5.39261841e+02, 1.63083267e+02, 2.16160104e-01, 3.64901367e+02,
       1.78788345e+02, 5.97757697e-02, 0., 0., 0., 5.51021301e+02,
       2.55171280e+02, 1.55123740e-01, 3.86439026e+02, 3.04185486e+02,
       7.42017329e-02, 3.68821991e+02, 3.02203156e+02, 5.57062253e-02,
       9.36940674e+02, 1.63064163e+02, 8.59727859e-01, 9.44768799e+02,
       1.96499573e+02, 8.44973028e-01, 9.13416870e+02, 1.37634399e+02,
       6.01964474e-01, 9.33072266e+02, 2.16002457e+02, 1.29435584e-01,
       0., 0., 0., 0., 0., 0., 0., 0., 0., 0., 0., 0., 0., 0., 0., 0.,
       0., 0. ]
