%YAML:1.0
---
pose_0: !!opencv-matrix
   rows: 1
   cols: 25
   dt: "3f"
   data: [ 9.25173096e+02, 2.02285889e+02, 7.24351048e-01,
       8.11583008e+02, 2.35569931e+02, 6.57747209e-01, 7.90017700e+02,
       1.51397415e+02, 7.09330857e-01, 6.82296204e+02, 9.84907150e+01,
       7.41339803e-01, 6.05922485e+02, 9.64525909e+01, 7.34403074e-01,
       8.31158813e+02, 3.17875305e+02, 6.65446877e-01, 7.25327454e+02,
       4.06072906e+02, 7.48855352e-01, 6.80374146e+02, 3.13950714e+02,
       7.54975796e-01, 5.56887512e+02, 2.66950439e+02, 1.84065267e-01,
       5.54916077e+02, 2.19900314e+02, 1.86355099e-01, 5.02050293e+02,
       1.65053421e+02, 1.38009697e-01, 0., 0., 0., 5.54925659e+02,
       3.04186035e+02, 1.91621527e-01, 3.94268768e+02, 2.64996246e+02,
       7.06720501e-02, 3.39434998e+02, 2.86516357e+02, 9.59810615e-02,
       9.31135620e+02, 1.86604828e+02, 7.90140986e-01, 9.35040222e+02,
       2.19930115e+02, 8.08811426e-01, 8.99710205e+02, 1.70926285e+02,
       3.08672190e-01, 9.21284180e+02, 2.55134064e+02, 5.76871753e-01,
       0., 0., 0., 0., 0., 0., 3.35518982e+02, 2.86533752e+02,
       7.57559985e-02, 0., 0., 0., 0., 0., 0., 0., 0., 0. ]
