%YAML:1.0
---
pose_0: !!opencv-matrix
   rows: 1
   cols: 25
   dt: "3f"
   data: [ 8.86003235e+02, 3.66918793e+02, 8.21700811e-01,
       7.76353088e+02, 3.72702972e+02, 7.09913671e-01, 7.62573730e+02,
       2.98277435e+02, 6.39585614e-01, 6.50930054e+02, 2.41505417e+02,
       8.17854881e-01, 7.33216553e+02, 2.57095947e+02, 8.16459417e-01,
       7.88060791e+02, 4.47197571e+02, 6.19583189e-01, 6.78337708e+02,
       5.25589417e+02, 8.15075934e-01, 7.80222473e+02, 5.07959290e+02,
       7.65192211e-01, 5.23590759e+02, 4.17808289e+02, 2.75791585e-01,
       5.21630066e+02, 3.68845856e+02, 3.72273594e-01, 3.53125916e+02,
       3.72707458e+02, 2.91433990e-01, 0., 0., 0., 5.29475098e+02,
       4.64836761e+02, 3.48014563e-01, 3.70757904e+02, 4.94209167e+02,
       2.93058544e-01, 1.80730865e+02, 5.37293518e+02, 2.79076278e-01,
       8.97731079e+02, 3.47268921e+02, 8.27727079e-01, 8.99709839e+02,
       3.82516052e+02, 7.85505176e-01, 8.68445862e+02, 3.23760406e+02,
       6.47511959e-01, 8.82118042e+02, 4.00238770e+02, 2.43145093e-01,
       1.21969131e+02, 5.66697815e+02, 1.26145110e-01, 0., 0., 0.,
       1.57241333e+02, 5.25578613e+02, 1.07979678e-01, 0., 0., 0., 0.,
       0., 0., 0., 0., 0. ]
