%YAML:1.0
---
pose_0: !!opencv-matrix
   rows: 1
   cols: 25
   dt: "3f"
   data: [ 9.31143066e+02, 3.04234955e+02, 7.98342228e-01,
       8.36995300e+02, 3.06207336e+02, 6.28485441e-01, 8.27287109e+02,
       2.49306519e+02, 4.36889619e-01, 8.17451721e+02, 1.67037003e+02,
       7.46485531e-01, 8.78152466e+02, 2.86500305e+02, 7.60764241e-01,
       8.39059143e+02, 3.68844635e+02, 6.37993574e-01, 8.07766418e+02,
       4.55017609e+02, 7.87077427e-01, 8.86060852e+02, 4.13839935e+02,
       8.54342103e-01, 5.72579956e+02, 3.33552338e+02, 1.15000293e-01,
       5.68648315e+02, 2.90445129e+02, 1.30167872e-01, 3.25697540e+02,
       3.33491577e+02, 2.13545650e-01, 0., 0., 0., 5.84301941e+02,
       3.82498230e+02, 1.24103397e-01, 4.13867004e+02, 4.04109039e+02,
       7.73644969e-02, 0., 0., 0., 9.40910400e+02, 2.76792542e+02,
       7.87560165e-01, 9.48755310e+02, 3.19809998e+02, 8.16331089e-01,
       9.23257446e+02, 2.57116455e+02, 4.28375989e-01, 9.34986694e+02,
       3.37388367e+02, 2.42157519e-01, 0., 0., 0., 0., 0., 0., 0., 0.,
       0., 0., 0., 0., 0., 0., 0., 0., 0., 0. ]
