%YAML:1.0
---
pose_0: !!opencv-matrix
   rows: 1
   cols: 25
   dt: "3f"
   data: [ 9.64345703e+02, 2.41412109e+02, 8.24599981e-01,
       8.40946777e+02, 2.59169922e+02, 6.30187154e-01, 8.25344177e+02,
       1.76824631e+02, 6.56361639e-01, 6.82278625e+02, 1.33681824e+02,
       7.84819543e-01, 6.01925415e+02, 1.20078972e+02, 8.17178965e-01,
       8.54729065e+02, 3.49244965e+02, 6.26059771e-01, 7.39093384e+02,
       4.02097168e+02, 7.18333423e-01, 5.94103210e+02, 4.13862732e+02,
       7.75952578e-01, 5.86256042e+02, 2.90451904e+02, 2.58682609e-01,
       5.78444397e+02, 2.43481827e+02, 3.95244569e-01, 3.68810974e+02,
       2.51271896e+02, 1.02459215e-01, 0., 0., 0., 5.80408142e+02,
       3.37483612e+02, 2.05223396e-01, 3.66863342e+02, 3.57037354e+02,
       5.04438654e-02, 0., 0., 0., 9.66347473e+02, 2.16033005e+02,
       8.43764305e-01, 9.80072815e+02, 2.55178452e+02, 7.70799458e-01,
       9.40900879e+02, 1.96396851e+02, 6.52614117e-01, 9.62480164e+02,
       2.76774780e+02, 3.76806498e-01, 0., 0., 0., 0., 0., 0., 0., 0.,
       0., 0., 0., 0., 0., 0., 0., 0., 0., 0. ]
