%YAML:1.0
---
pose_0: !!opencv-matrix
   rows: 1
   cols: 25
   dt: "3f"
   data: [ 1.03883911e+03, 2.33659653e+02, 6.72877908e-01,
       9.15443542e+02, 2.23811066e+02, 5.10400176e-01, 9.11475525e+02,
       1.23935463e+02, 4.91884381e-01, 7.43076965e+02, 7.29573517e+01,
       8.03355634e-01, 7.43078918e+02, 1.31810532e+02, 7.95356989e-01,
       9.31102478e+02, 3.21865631e+02, 6.14410520e-01, 7.99814209e+02,
       4.45225006e+02, 7.87870169e-01, 8.86102905e+02, 2.98282562e+02,
       7.35353112e-01, 6.88164734e+02, 3.43345032e+02, 5.11414818e-02,
       6.58776245e+02, 3.10055115e+02, 6.88395426e-02, 0., 0., 0., 0.,
       0., 0., 0., 0., 0., 0., 0., 0., 0., 0., 0., 1.07011658e+03,
       1.94396683e+02, 7.76080430e-01, 1.06430127e+03, 2.43508530e+02,
       6.76497817e-01, 1.02708386e+03, 1.51378311e+02, 5.14737844e-01,
       0., 0., 0., 0., 0., 0., 0., 0., 0., 0., 0., 0., 0., 0., 0., 0.,
       0., 0., 0., 0., 0. ]
