%YAML:1.0
---
pose_0: !!opencv-matrix
   rows: 1
   cols: 25
   dt: "3f"
   data: [ 8.66442627e+02, 2.59084381e+02, 8.21821868e-01,
       8.05679260e+02, 3.23733856e+02, 6.20030284e-01, 8.15469788e+02,
       3.43344849e+02, 4.84670937e-01, 6.95999695e+02, 3.02191742e+02,
       7.07182586e-02, 7.76353271e+02, 1.98370346e+02, 5.66673689e-02,
       8.03723511e+02, 3.08125305e+02, 5.75725079e-01, 6.90120911e+02,
       2.88475922e+02, 6.91240668e-01, 7.74372131e+02, 2.00317123e+02,
       4.76244867e-01, 5.37269714e+02, 3.25721985e+02, 1.78901106e-01,
       5.39252502e+02, 2.94376740e+02, 1.39487430e-01, 3.37450104e+02,
       2.78704163e+02, 1.02361575e-01, 0., 0., 0., 0., 0., 0., 0., 0.,
       0., 0., 0., 0., 8.72328064e+02, 2.53249786e+02, 7.28477001e-01,
       8.84095947e+02, 2.74721924e+02, 8.76693070e-01, 0., 0., 0.,
       8.74242493e+02, 3.21853088e+02, 8.17959666e-01, 0., 0., 0., 0.,
       0., 0., 0., 0., 0., 0., 0., 0., 0., 0., 0., 0., 0., 0. ]
