%YAML:1.0
---
pose_0: !!opencv-matrix
   rows: 1
   cols: 25
   dt: "3f"
   data: [ 8.80161316e+02, 2.41482834e+02, 7.87813962e-01,
       7.76375916e+02, 2.55125580e+02, 6.89687252e-01, 7.74291565e+02,
       1.80700775e+02, 7.41538584e-01, 6.33306702e+02, 1.49364075e+02,
       7.05939472e-01, 5.41187256e+02, 1.49349808e+02, 8.63712609e-01,
       7.86126038e+02, 3.31621552e+02, 6.46849751e-01, 6.68560852e+02,
       3.82510010e+02, 7.64216423e-01, 6.11751526e+02, 3.45301575e+02,
       7.86702693e-01, 5.07883911e+02, 2.61095215e+02, 2.64589757e-01,
       5.07916687e+02, 2.16033798e+02, 3.16791534e-01, 3.49205658e+02,
       2.15992249e+02, 3.08572799e-01, 2.08134537e+02, 2.33627411e+02,
       5.35371363e-01, 5.05941284e+02, 3.06123932e+02, 2.78238714e-01,
       3.37476837e+02, 3.02211182e+02, 2.94418216e-01, 1.57207077e+02,
       3.10034393e+02, 3.97311598e-01, 8.86005249e+02, 2.25698029e+02,
       8.43995333e-01, 8.89976318e+02, 2.57101868e+02, 7.61816859e-01,
       8.60535339e+02, 2.04243774e+02, 6.01024866e-01, 8.80118958e+02,
       2.78680206e+02, 4.14607227e-01, 9.06295013e+01, 3.19821350e+02,
       2.80346751e-01, 1.04324417e+02, 3.27673462e+02, 3.01949739e-01,
       1.45477554e+02, 3.08112274e+02, 1.58280984e-01, 1.45459641e+02,
       1.78797592e+02, 1.76040053e-01, 1.41578735e+02, 1.80711533e+02,
       1.50912657e-01, 1.96397812e+02, 2.43398697e+02, 3.65841120e-01 ]
