%YAML:1.0
---
pose_0: !!opencv-matrix
   rows: 1
   cols: 25
   dt: "3f"
   data: [ 9.05588989e+02, 1.69014114e+02, 7.34022439e-01,
       7.90023804e+02, 1.76773972e+02, 6.60418451e-01, 7.82187134e+02,
       8.86566925e+01, 6.60466015e-01, 6.49002075e+02, 6.89969101e+01,
       7.05146372e-01, 5.25524780e+02, 7.49635849e+01, 7.82853246e-01,
       7.91914307e+02, 2.61079132e+02, 6.60989404e-01, 6.76417603e+02,
       3.00264282e+02, 6.86323881e-01, 5.41224609e+02, 3.17802948e+02,
       7.83088565e-01, 5.23602844e+02, 1.98362030e+02, 2.09082544e-01,
       5.17718689e+02, 1.51393448e+02, 3.26248616e-01, 3.55112091e+02,
       1.74885696e+02, 1.12214439e-01, 0., 0., 0., 5.27496521e+02,
       2.47337830e+02, 1.92577228e-01, 0., 0., 0., 0., 0., 0.,
       9.17283020e+02, 1.47392349e+02, 8.93819690e-01, 9.25174683e+02,
       1.82735397e+02, 8.00160587e-01, 8.87999329e+02, 1.21932724e+02,
       5.63617408e-01, 9.15346924e+02, 2.00352844e+02, 1.50275707e-01,
       0., 0., 0., 0., 0., 0., 0., 0., 0., 0., 0., 0., 0., 0., 0., 0.,
       0., 0. ]
