%YAML:1.0
---
pose_0: !!opencv-matrix
   rows: 1
   cols: 25
   dt: "3f"
   data: [ 9.30995728e+02, 1.96335739e+02, 7.97232330e-01,
       8.09585144e+02, 2.39544968e+02, 7.03016400e-01, 7.86087524e+02,
       1.59211334e+02, 6.38775468e-01, 6.48964905e+02, 1.35659500e+02,
       6.16242886e-01, 5.15777466e+02, 1.35675964e+02, 6.76594198e-01,
       8.25270752e+02, 3.19765045e+02, 6.36845469e-01, 7.09702576e+02,
       3.68873810e+02, 6.24496341e-01, 5.50981506e+02, 3.78629456e+02,
       7.65710473e-01, 5.31437134e+02, 2.59123047e+02, 2.63786465e-01,
       5.33365845e+02, 2.14023727e+02, 3.62094164e-01, 3.37489075e+02,
       2.08162079e+02, 2.80533522e-01, 0., 0., 0., 5.23610107e+02,
       3.04171906e+02, 3.29001963e-01, 3.37483276e+02, 3.62911835e+02,
       3.49917710e-01, 1.61156281e+02, 4.33498047e+02, 2.87541300e-01,
       9.31087280e+02, 1.78746414e+02, 8.60285282e-01, 9.44756104e+02,
       2.12072128e+02, 8.45622361e-01, 8.95825745e+02, 1.65146637e+02,
       3.39178652e-01, 9.27193665e+02, 2.45365768e+02, 5.92665672e-01,
       7.88605270e+01, 4.51113220e+02, 1.12172194e-01, 8.67418213e+01,
       4.62815521e+02, 1.20402902e-01, 1.45452850e+02, 4.41315247e+02,
       1.69399559e-01, 0., 0., 0., 0., 0., 0., 0., 0., 0. ]
