%YAML:1.0
---
pose_0: !!opencv-matrix
   rows: 1
   cols: 25
   dt: "3f"
   data: [ 9.15394592e+02, 3.82497070e+02, 8.68449450e-01,
       8.19409729e+02, 4.39359009e+02, 2.27168143e-01, 7.62594604e+02,
       3.96250458e+02, 1.36084750e-01, 0., 0., 0., 0., 0., 0.,
       8.52666382e+02, 4.80468231e+02, 4.51184928e-01, 8.39103943e+02,
       3.68837036e+02, 2.74922848e-01, 0., 0., 0., 5.66691040e+02,
       4.43249481e+02, 6.23746738e-02, 5.47107117e+02, 4.11904053e+02,
       6.51312321e-02, 0., 0., 0., 0., 0., 0., 5.76489014e+02,
       4.78528534e+02, 5.34719639e-02, 3.39437592e+02, 5.76475769e+02,
       9.11693349e-02, 0., 0., 0., 9.17421082e+02, 3.66839386e+02,
       8.59391510e-01, 9.31112671e+02, 3.98136932e+02, 8.71679485e-01,
       8.99680847e+02, 3.57077789e+02, 1.21314429e-01, 9.17340820e+02,
       4.33476044e+02, 5.87742567e-01, 0., 0., 0., 0., 0., 0., 0., 0.,
       0., 0., 0., 0., 0., 0., 0., 0., 0., 0. ]
