%YAML:1.0
---
pose_0: !!opencv-matrix
   rows: 1
   cols: 25
   dt: "3f"
   data: [ 9.82012756e+02, 2.41395157e+02, 7.37636805e-01,
       8.50743347e+02, 2.51274521e+02, 5.72383821e-01, 8.36972046e+02,
       1.59180008e+02, 5.87077737e-01, 6.90110840e+02, 1.14111778e+02,
       7.29195237e-01, 5.86239441e+02, 1.43497116e+02, 6.33142769e-01,
       8.60546204e+02, 3.45277252e+02, 5.91788352e-01, 7.40998047e+02,
       3.88374664e+02, 7.36676395e-01, 5.76513245e+02, 4.23643616e+02,
       6.43590033e-01, 5.82365723e+02, 2.74778473e+02, 9.49152336e-02,
       5.60813904e+02, 2.39516647e+02, 1.13807283e-01, 3.10049896e+02,
       2.65008606e+02, 1.62483081e-01, 9.25716171e+01, 2.90438110e+02,
       6.63772002e-02, 5.56873901e+02, 3.23757568e+02, 9.21122730e-02,
       4.90298004e+02, 3.62958649e+02, 5.70181273e-02, 3.39437103e+02,
       3.66851166e+02, 1.59976721e-01, 9.91792297e+02, 2.10208923e+02,
       7.77082801e-01, 9.93747498e+02, 2.57160767e+02, 7.79571772e-01,
       9.56525269e+02, 1.80806976e+02, 5.44365287e-01, 9.64453918e+02,
       2.76757751e+02, 2.21910149e-01, 0., 0., 0., 0., 0., 0., 0., 0.,
       0., 0., 0., 0., 0., 0., 0., 0., 0., 0. ]
