%YAML:1.0
---
pose_0: !!opencv-matrix
   rows: 1
   cols: 25
   dt: "3f"
   data: [ 9.01783203e+02, 3.31542145e+02, 8.03021610e-01,
       8.05704041e+02, 3.68892517e+02, 7.09233344e-01, 7.74389404e+02,
       3.21798553e+02, 5.52186191e-01, 6.39180359e+02, 3.27693115e+02,
       1.20613880e-01, 5.98049377e+02, 3.47288788e+02, 8.22926462e-02,
       8.35093140e+02, 4.21712036e+02, 5.22228420e-01, 9.76111816e+02,
       4.45184113e+02, 5.40669858e-01, 1.10540076e+03, 4.13854431e+02,
       3.68863970e-01, 5.84311096e+02, 4.09974091e+02, 2.71974206e-01,
       5.78437622e+02, 3.68845947e+02, 3.82481813e-01, 3.45296631e+02,
       3.17885773e+02, 2.24030718e-01, 0., 0., 0., 5.82365417e+02,
       4.58901703e+02, 2.14819655e-01, 3.55125458e+02, 5.51000366e+02,
       2.44761407e-01, 2.25837234e+02, 6.45080811e+02, 1.79540783e-01,
       9.13462769e+02, 3.17871674e+02, 8.20004761e-01, 9.17429626e+02,
       3.45328644e+02, 8.21835458e-01, 8.95814087e+02, 3.06213715e+02,
       7.77717158e-02, 9.15450317e+02, 3.80608337e+02, 7.08800793e-01,
       1.86638916e+02, 6.33333496e+02, 5.01686558e-02, 1.90512131e+02,
       6.37261230e+02, 7.08164573e-02, 0., 0., 0., 0., 0., 0., 0., 0.,
       0., 0., 0., 0. ]
