%YAML:1.0
---
pose_0: !!opencv-matrix
   rows: 1
   cols: 25
   dt: "3f"
   data: [ 8.93888611e+02, 3.51180542e+02, 7.27408946e-01,
       8.13558960e+02, 2.72817230e+02, 3.65732580e-01, 8.21370178e+02,
       2.57085938e+02, 6.49761498e-01, 7.17546814e+02, 2.25794785e+02,
       7.00205088e-01, 6.52909668e+02, 3.70784698e+02, 5.84438920e-01,
       8.07653015e+02, 3.02218262e+02, 1.42959177e-01, 0., 0., 0., 0.,
       0., 0., 5.41187439e+02, 2.59140472e+02, 2.59710014e-01,
       5.37294434e+02, 2.29709824e+02, 2.90012419e-01, 3.10032318e+02,
       3.23764740e+02, 2.67569572e-01, 8.47173996e+01, 2.45409393e+02,
       1.01426028e-01, 5.41206482e+02, 2.94383972e+02, 2.02899873e-01,
       4.13859924e+02, 3.51179626e+02, 1.30080953e-01, 1.39573944e+02,
       3.21774841e+02, 1.39768422e-01, 9.13449158e+02, 3.33573456e+02,
       7.96536744e-01, 0., 0., 0., 8.97762573e+02, 2.88428497e+02,
       8.61798525e-01, 0., 0., 0., 0., 0., 0., 0., 0., 0.,
       1.20051872e+02, 3.19843811e+02, 1.11891747e-01, 0., 0., 0., 0.,
       0., 0., 0., 0., 0. ]
