%YAML:1.0
---
pose_0: !!opencv-matrix
   rows: 1
   cols: 25
   dt: "3f"
   data: [ 9.09523926e+02, 2.19940384e+02, 7.26110876e-01,
       8.03717590e+02, 2.57115265e+02, 6.99572444e-01, 7.78268372e+02,
       1.82751678e+02, 6.54761553e-01, 6.50950928e+02, 1.64993683e+02,
       6.05971456e-01, 5.54885376e+02, 1.49469315e+02, 7.09790409e-01,
       8.19423401e+02, 3.23777435e+02, 5.97054958e-01, 7.89941040e+02,
       4.51108734e+02, 6.69173658e-01, 8.05615479e+02, 5.86284851e+02,
       3.17794114e-01, 5.47114685e+02, 3.19804321e+02, 3.27142537e-01,
       5.51016907e+02, 2.72847107e+02, 3.61117035e-01, 3.29628540e+02,
       2.57149841e+02, 2.17242926e-01, 1.20016518e+02, 2.27754608e+02,
       2.70857275e-01, 5.49041199e+02, 3.55078217e+02, 3.01160246e-01,
       3.72738068e+02, 4.13879852e+02, 3.04882824e-01, 2.10102524e+02,
       5.13802124e+02, 3.28088254e-01, 9.17349121e+02, 2.08115799e+02,
       8.75344515e-01, 9.27120239e+02, 2.39506271e+02, 7.98677087e-01,
       8.97798828e+02, 1.94478455e+02, 1.33118302e-01, 9.09564392e+02,
       2.72829895e+02, 6.26601338e-01, 1.80716919e+02, 4.80494446e+02,
       8.07187110e-02, 1.82728424e+02, 4.92272736e+02, 8.35012496e-02,
       1.94441696e+02, 5.25540466e+02, 1.86022624e-01, 1.00384026e+02,
       2.31672775e+02, 1.04461260e-01, 1.00404465e+02, 2.27747986e+02,
       1.14488065e-01, 0., 0., 0. ]
