%YAML:1.0
---
pose_0: !!opencv-matrix
   rows: 1
   cols: 25
   dt: "3f"
   data: [ 8.80097656e+02, 2.27826523e+02, 7.76395977e-01,
       7.74354675e+02, 2.43483246e+02, 7.37287581e-01, 7.60706787e+02,
       1.78764465e+02, 7.09784925e-01, 6.23522156e+02, 1.53306259e+02,
       5.78736782e-01, 5.04005829e+02, 1.49448395e+02, 5.98456681e-01,
       7.90060486e+02, 3.21799133e+02, 6.50559425e-01, 7.11711548e+02,
       3.88447815e+02, 8.23803544e-01, 7.43069946e+02, 2.86562622e+02,
       8.04451704e-01, 5.27517395e+02, 2.57147827e+02, 2.53921896e-01,
       5.25540649e+02, 2.12063248e+02, 3.81796777e-01, 3.45324005e+02,
       2.41469025e+02, 3.00262988e-01, 1.31781555e+02, 2.33636917e+02,
       8.62902030e-02, 5.37311829e+02, 3.06135834e+02, 2.35565066e-01,
       3.74698029e+02, 3.15899872e+02, 1.07054122e-01, 1.41538818e+02,
       3.13954834e+02, 1.01709336e-01, 8.86025452e+02, 2.12077576e+02,
       9.02945459e-01, 8.89987671e+02, 2.45412811e+02, 7.81124949e-01,
       8.58611877e+02, 1.92420929e+02, 6.29352689e-01, 8.80177246e+02,
       2.70874390e+02, 5.83758712e-01, 0., 0., 0., 0., 0., 0., 0., 0.,
       0., 0., 0., 0., 0., 0., 0., 0., 0., 0. ]
