%YAML:1.0
---
pose_0: !!opencv-matrix
   rows: 1
   cols: 25
   dt: "3f"
   data: [ 9.17348755e+02, 2.37578613e+02, 8.29709411e-01,
       8.07631897e+02, 2.86516510e+02, 7.05508471e-01, 7.90046021e+02,
       2.12154144e+02, 7.02105641e-01, 6.70523132e+02, 2.08172607e+02,
       2.90579259e-01, 5.68639465e+02, 1.96359833e+02, 4.32326555e-01,
       8.19425964e+02, 3.55136230e+02, 6.33484721e-01, 6.92090210e+02,
       4.15780548e+02, 7.33744681e-01, 5.54861816e+02, 3.84588867e+02,
       8.18920374e-01, 5.31423767e+02, 2.96330231e+02, 2.21428186e-01,
       5.25580933e+02, 2.51267639e+02, 2.98047274e-01, 3.31582031e+02,
       4.07982147e+02, 1.40661970e-01, 1.51384598e+02, 4.60852051e+02,
       1.37787387e-01, 5.45137634e+02, 3.47246124e+02, 2.07138270e-01,
       3.35520111e+02, 4.06050079e+02, 1.54793337e-01, 1.37623962e+02,
       4.60945374e+02, 1.44327074e-01, 9.25237122e+02, 2.19915253e+02,
       7.67907858e-01, 9.33086426e+02, 2.55150452e+02, 8.69973421e-01,
       8.99731689e+02, 2.10122803e+02, 1.52389392e-01, 9.17403381e+02,
       2.88544769e+02, 6.41014397e-01, 0., 0., 0., 0., 0., 0.,
       1.43520462e+02, 4.62845703e+02, 1.30090922e-01, 0., 0., 0., 0.,
       0., 0., 1.49410172e+02, 4.62813477e+02, 1.22062281e-01 ]
