%YAML:1.0
---
pose_0: !!opencv-matrix
   rows: 1
   cols: 25
   dt: "3f"
   data: [ 9.01740479e+02, 3.35543152e+02, 8.89252901e-01,
       8.03698853e+02, 3.02210693e+02, 6.54824138e-01, 8.15484558e+02,
       2.45395859e+02, 7.08178401e-01, 7.43006226e+02, 1.90539032e+02,
       7.78123438e-01, 7.60664978e+02, 3.33541504e+02, 5.77021599e-01,
       7.76300781e+02, 3.55114594e+02, 3.78519624e-01, 7.58638916e+02,
       3.72742218e+02, 2.08220482e-01, 7.58739319e+02, 3.66834625e+02,
       6.66153952e-02, 5.62778076e+02, 3.13949921e+02, 3.06384802e-01,
       5.56891174e+02, 2.84552521e+02, 3.07566941e-01, 4.31536835e+02,
       3.35515717e+02, 1.35831967e-01, 0., 0., 0., 5.62760071e+02,
       3.37498138e+02, 2.73243517e-01, 4.53046478e+02, 3.84514221e+02,
       1.92656711e-01, 0., 0., 0., 9.03710327e+02, 3.10083771e+02,
       8.22497308e-01, 9.17407532e+02, 3.37453278e+02, 8.25129449e-01,
       8.70435364e+02, 2.82581116e+02, 7.98651636e-01, 0., 0., 0., 0.,
       0., 0., 0., 0., 0., 0., 0., 0., 0., 0., 0., 0., 0., 0., 0., 0.,
       0. ]
