%YAML:1.0
---
pose_0: !!opencv-matrix
   rows: 1
   cols: 25
   dt: "3f"
   data: [ 9.31016113e+02, 3.68850159e+02, 7.58579135e-01,
       8.56648499e+02, 2.72844421e+02, 4.72948343e-01, 8.62481812e+02,
       2.74750427e+02, 7.21402943e-01, 7.60573730e+02, 3.55140472e+02,
       6.95431828e-01, 7.56688538e+02, 4.55008972e+02, 7.40322709e-01,
       8.52753540e+02, 2.59140839e+02, 2.64204979e-01, 6.93984985e+02,
       3.47256561e+02, 4.29241568e-01, 7.25412720e+02, 4.41319672e+02,
       7.84054756e-01, 5.33377014e+02, 2.84570587e+02, 1.17937729e-01,
       5.31415466e+02, 2.90458679e+02, 1.21921055e-01, 4.11900635e+02,
       3.55100311e+02, 7.28727132e-02, 3.35455353e+02, 3.49227631e+02,
       2.10553139e-01, 0., 0., 0., 0., 0., 0., 0., 0., 0.,
       9.46746765e+02, 3.58995087e+02, 7.31068611e-01, 9.40896545e+02,
       3.80517975e+02, 7.26414844e-02, 9.48688477e+02, 3.08136017e+02,
       8.63255799e-01, 0., 0., 0., 0., 0., 0., 0., 0., 0., 0., 0., 0.,
       0., 0., 0., 0., 0., 0., 0., 0., 0. ]
