%YAML:1.0
---
pose_0: !!opencv-matrix
   rows: 1
   cols: 25
   dt: "3f"
   data: [ 9.81999207e+02, 2.04228943e+02, 6.93318725e-01,
       8.56670105e+02, 2.41487244e+02, 2.77818739e-01, 8.19428223e+02,
       1.68986206e+02, 2.24411726e-01, 0., 0., 0., 0., 0., 0.,
       8.84078186e+02, 3.33511475e+02, 4.13522184e-01, 7.80281799e+02,
       4.49195190e+02, 7.41668820e-01, 8.39036072e+02, 3.15890320e+02,
       6.74526453e-01, 5.58857971e+02, 3.21806641e+02, 5.94099909e-02,
       0., 0., 0., 0., 0., 0., 0., 0., 0., 5.80401306e+02,
       3.53130768e+02, 7.58857727e-02, 3.17861511e+02, 3.53152283e+02,
       9.29610431e-02, 1.63126907e+02, 3.51166260e+02, 1.47039384e-01,
       9.91821228e+02, 1.80825775e+02, 6.99733138e-01, 1.00162524e+03,
       2.25749557e+02, 7.79080272e-01, 9.62402344e+02, 1.63107437e+02,
       2.56553203e-01, 9.91818909e+02, 2.57204742e+02, 3.57978106e-01,
       0., 0., 0., 0., 0., 0., 1.45460831e+02, 3.37445648e+02,
       6.08164333e-02, 0., 0., 0., 0., 0., 0., 0., 0., 0. ]
