%YAML:1.0
---
pose_0: !!opencv-matrix
   rows: 1
   cols: 25
   dt: "3f"
   data: [ 8.52776123e+02, 1.49471985e+02, 7.93774784e-01,
       7.48871643e+02, 1.33738647e+02, 6.74477458e-01, 7.48882813e+02,
       5.73145409e+01, 6.69064164e-01, 6.64707092e+02, 5.33594751e+00,
       5.57573020e-01, 6.94035583e+02, 1.33691498e+02, 6.79828346e-01,
       7.43068298e+02, 2.17948578e+02, 5.93291521e-01, 6.45007263e+02,
       2.76734497e+02, 6.89471602e-01, 6.50972412e+02, 1.90546997e+02,
       7.33900428e-01, 5.41215332e+02, 1.74858505e+02, 7.40045756e-02,
       5.29457947e+02, 1.18060760e+02, 8.87182355e-02, 3.10044983e+02,
       2.06236694e+02, 1.39112875e-01, 1.55295197e+02, 2.02314072e+02,
       3.25830162e-01, 5.82358459e+02, 2.41471741e+02, 6.35180548e-02,
       0., 0., 0., 0., 0., 0., 8.68461670e+02, 1.31709106e+02,
       8.50792170e-01, 8.68404053e+02, 1.61181534e+02, 8.23713303e-01,
       8.46865540e+02, 9.25648727e+01, 7.10448921e-01, 0., 0., 0., 0.,
       0., 0., 0., 0., 0., 0., 0., 0., 1.16113686e+02, 2.35621384e+02,
       1.17555223e-01, 1.16003830e+02, 2.25820953e+02, 1.18261218e-01,
       1.43519318e+02, 1.96404968e+02, 1.90256163e-01 ]
