%YAML:1.0
---
pose_0: !!opencv-matrix
   rows: 1
   cols: 25
   dt: "3f"
   data: [ 9.31146362e+02, 1.82672424e+02, 8.38842213e-01,
       8.23279114e+02, 1.74880493e+02, 6.26958013e-01, 8.23330811e+02,
       9.25563126e+01, 6.47321999e-01, 7.11614258e+02, 2.39672012e+01,
       6.94311559e-01, 5.90234924e+02, 3.97066498e+01, 7.79200852e-01,
       8.17420105e+02, 2.59186401e+02, 6.25996709e-01, 7.07711365e+02,
       3.08087494e+02, 6.00879133e-01, 5.86276489e+02, 3.53074677e+02,
       6.38370633e-01, 6.05866211e+02, 2.00320267e+02, 6.99540004e-02,
       0., 0., 0., 0., 0., 0., 0., 0., 0., 6.33310791e+02,
       2.37541077e+02, 5.63395657e-02, 0., 0., 0., 0., 0., 0.,
       9.42845947e+02, 1.59202591e+02, 8.07912707e-01, 9.46790405e+02,
       1.96405624e+02, 8.45797777e-01, 9.17335266e+02, 1.33722809e+02,
       6.12446785e-01, 9.40897156e+02, 2.14022888e+02, 1.22378215e-01,
       0., 0., 0., 0., 0., 0., 0., 0., 0., 0., 0., 0., 0., 0., 0., 0.,
       0., 0. ]
