%YAML:1.0
---
pose_0: !!opencv-matrix
   rows: 1
   cols: 25
   dt: "3f"
   data: [ 8.95843018e+02, 4.17757324e+02, 7.58501887e-01,
       7.91949219e+02, 4.13799530e+02, 6.88942194e-01, 7.91988831e+02,
       3.35543762e+02, 7.04751730e-01, 6.64584167e+02, 2.88518585e+02,
       7.68260241e-01, 5.41199768e+02, 2.84523529e+02, 7.75989711e-01,
       7.84172607e+02, 4.88313599e+02, 5.61388195e-01, 6.80235046e+02,
       5.47086609e+02, 8.13741565e-01, 7.58691284e+02, 5.39218628e+02,
       8.50122213e-01, 5.43196289e+02, 3.96244965e+02, 2.34367236e-01,
       5.43180908e+02, 3.51232605e+02, 3.70887518e-01, 3.37457214e+02,
       3.57097137e+02, 3.54573876e-01, 2.76790314e+02, 3.39410095e+02,
       1.29236698e-01, 5.41188782e+02, 4.49172058e+02, 2.65316397e-01,
       3.92349854e+02, 5.03995026e+02, 2.01137751e-01, 0., 0., 0.,
       9.03642456e+02, 3.98227966e+02, 8.46571028e-01, 9.11461487e+02,
       4.33490173e+02, 7.70363033e-01, 8.82060425e+02, 3.72751862e+02,
       6.56014562e-01, 8.99728271e+02, 4.58853210e+02, 1.04024187e-01,
       0., 0., 0., 0., 0., 0., 0., 0., 0., 0., 0., 0., 0., 0., 0.,
       2.72850311e+02, 3.37415070e+02, 6.41207322e-02 ]
