%YAML:1.0
---
pose_0: !!opencv-matrix
   rows: 1
   cols: 25
   dt: "3f"
   data: [ 9.17392700e+02, 2.41378403e+02, 7.33264089e-01,
       8.25288940e+02, 2.90445221e+02, 6.72720492e-01, 7.92004395e+02,
       2.57205780e+02, 4.79915679e-01, 6.82246826e+02, 2.80668762e+02,
       4.65415716e-01, 6.50845520e+02, 2.18000107e+02, 7.86458850e-01,
       8.56621338e+02, 3.33579071e+02, 6.65153563e-01, 7.58695374e+02,
       4.11911163e+02, 7.70589232e-01, 6.33283936e+02, 3.37464050e+02,
       6.47244692e-01, 5.58841003e+02, 3.29652679e+02, 1.68966860e-01,
       5.66673706e+02, 3.06144012e+02, 1.94361016e-01, 3.55100708e+02,
       3.17877838e+02, 8.57218578e-02, 3.15909454e+02, 3.21794312e+02,
       1.58240855e-01, 5.54945251e+02, 3.47279541e+02, 1.16685480e-01,
       0., 0., 0., 0., 0., 0., 9.27173401e+02, 2.27752762e+02,
       7.54084527e-01, 9.31131409e+02, 2.57079315e+02, 8.50907385e-01,
       9.03626831e+02, 2.15978333e+02, 3.97223413e-01, 9.17372925e+02,
       2.90533569e+02, 7.68427253e-01, 0., 0., 0., 0., 0., 0., 0., 0.,
       0., 0., 0., 0., 0., 0., 0., 0., 0., 0. ]
