%YAML:1.0
---
pose_0: !!opencv-matrix
   rows: 1
   cols: 25
   dt: "3f"
   data: [ 9.46782410e+02, 2.14018631e+02, 7.99033940e-01,
       8.76233032e+02, 2.96357147e+02, 4.82257694e-01, 8.68403381e+02,
       2.70860229e+02, 1.99310511e-01, 0., 0., 0., 0., 0., 0.,
       8.84015625e+02, 3.29635529e+02, 5.69295228e-01, 7.56684570e+02,
       3.55066711e+02, 7.16037571e-01, 6.70539734e+02, 2.14097458e+02,
       6.72979057e-01, 7.17534729e+02, 3.06121643e+02, 2.34380484e-01,
       7.39076233e+02, 2.80645477e+02, 9.23308954e-02, 3.21789032e+02,
       3.37490173e+02, 7.11298510e-02, 0., 0., 0., 6.84254517e+02,
       2.92455780e+02, 1.69691086e-01, 3.23740021e+02, 3.39453400e+02,
       1.98708251e-01, 1.06287148e+02, 4.27558624e+02, 1.30460277e-01,
       9.64452087e+02, 2.12089691e+02, 1.21603973e-01, 9.74205750e+02,
       2.25853790e+02, 8.12513113e-01, 0., 0., 0., 9.64433716e+02,
       2.90478271e+02, 8.38541031e-01, 0., 0., 0., 0., 0., 0.,
       8.47717590e+01, 4.41300934e+02, 9.97889638e-02, 0., 0., 0., 0.,
       0., 0., 0., 0., 0. ]
