%YAML:1.0
---
pose_0: !!opencv-matrix
   rows: 1
   cols: 25
   dt: "3f"
   data: [ 1.15242883e+03, 1.19993408e+02, 3.96233797e-01,
       9.83979126e+02, 2.12086731e+02, 1.07313156e-01, 9.80078796e+02,
       2.43431778e+02, 1.40872642e-01, 1.07406787e+03, 3.92339783e+02,
       5.34333050e-01, 1.19552979e+03, 2.43516510e+02, 6.42021120e-01,
       1.00161072e+03, 2.04250061e+02, 6.91717789e-02, 0., 0., 0., 0.,
       0., 0., 0., 0., 0., 0., 0., 0., 0., 0., 0., 0., 0., 0., 0., 0.,
       0., 0., 0., 0., 0., 0., 0., 1.15636084e+03, 9.06256027e+01,
       3.39442044e-01, 1.17985315e+03, 1.37619370e+02, 3.96330535e-01,
       1.09958630e+03, 7.30266113e+01, 1.55079797e-01, 1.17987158e+03,
       1.82763519e+02, 8.78833681e-02, 0., 0., 0., 0., 0., 0., 0., 0.,
       0., 0., 0., 0., 0., 0., 0., 0., 0., 0. ]
