%YAML:1.0
---
pose_0: !!opencv-matrix
   rows: 1
   cols: 25
   dt: "3f"
   data: [ 8.99734375e+02, 2.12191406e+02, 8.52715492e-01,
       7.90011719e+02, 2.27736130e+02, 7.33097076e-01, 7.74395020e+02,
       1.49366974e+02, 7.26130426e-01, 6.50912354e+02, 1.19993973e+02,
       8.42837095e-01, 5.68625183e+02, 1.47448502e+02, 8.26559782e-01,
       8.03731567e+02, 3.11967407e+02, 6.70605481e-01, 6.82359314e+02,
       3.66753265e+02, 7.74176121e-01, 5.86297791e+02, 3.37430664e+02,
       8.68718982e-01, 5.56887085e+02, 2.57132202e+02, 2.57539272e-01,
       5.41186584e+02, 2.12127884e+02, 3.63877922e-01, 3.25703308e+02,
       2.31686081e+02, 2.65401453e-01, 0., 0., 0., 5.66690308e+02,
       2.98281952e+02, 2.03265980e-01, 3.61003265e+02, 3.06096130e+02,
       2.31090352e-01, 0., 0., 0., 9.07605164e+02, 1.94355438e+02,
       8.38090003e-01, 9.15322632e+02, 2.27779510e+02, 8.51418078e-01,
       8.84016541e+02, 1.70916870e+02, 7.01575458e-01, 8.99725525e+02,
       2.49310699e+02, 2.19743192e-01, 0., 0., 0., 0., 0., 0., 0., 0.,
       0., 0., 0., 0., 0., 0., 0., 0., 0., 0. ]
