%YAML:1.0
---
pose_0: !!opencv-matrix
   rows: 1
   cols: 25
   dt: "3f"
   data: [ 9.27164978e+02, 2.41462189e+02, 7.15526819e-01,
       8.36981934e+02, 3.35496826e+02, 3.31980944e-01, 8.46808472e+02,
       3.49232819e+02, 1.65017664e-01, 6.66629272e+02, 3.17885895e+02,
       2.47194648e-01, 5.92166382e+02, 2.72769653e+02, 6.80975378e-01,
       8.36990173e+02, 3.37451691e+02, 4.35001910e-01, 7.31300476e+02,
       2.86538574e+02, 6.06380224e-01, 6.82196228e+02, 1.74847122e+02,
       7.87137866e-01, 5.33391724e+02, 3.57065491e+02, 1.74423307e-01,
       5.31422241e+02, 3.25701874e+02, 1.82949960e-01, 3.08081818e+02,
       3.21803833e+02, 1.74799457e-01, 9.25879517e+01, 4.15907623e+02,
       1.31054297e-01, 5.19656189e+02, 3.80565399e+02, 1.46725833e-01,
       3.64897003e+02, 3.51165070e+02, 7.21914172e-02, 1.65059021e+02,
       3.80587524e+02, 7.19529241e-02, 9.48707764e+02, 2.47392029e+02,
       6.52173832e-02, 9.46787598e+02, 2.57166748e+02, 8.57004583e-01,
       0., 0., 0., 9.30985962e+02, 3.17809662e+02, 8.40472221e-01, 0.,
       0., 0., 0., 0., 0., 0., 0., 0., 4.75315208e+01, 4.57003143e+02,
       9.15353596e-02, 5.34197540e+01, 4.55050385e+02, 9.08430591e-02,
       0., 0., 0. ]
