%YAML:1.0
---
pose_0: !!opencv-matrix
   rows: 1
   cols: 25
   dt: "3f"
   data: [ 9.09546204e+02, 2.12047867e+02, 8.33539844e-01,
       7.86082581e+02, 2.23819214e+02, 6.62149608e-01, 7.82208435e+02,
       1.35655075e+02, 7.01642573e-01, 6.80325134e+02, 9.84344406e+01,
       8.04147780e-01, 6.48991211e+02, 1.33646103e+02, 9.32790101e-01,
       7.86063904e+02, 3.06158264e+02, 6.32396936e-01, 6.76431458e+02,
       3.66908936e+02, 7.95636892e-01, 5.70606750e+02, 3.76627472e+02,
       7.96866179e-01, 5.56884888e+02, 2.39510162e+02, 2.85032213e-01,
       5.54959595e+02, 1.94470612e+02, 3.50534409e-01, 3.55093903e+02,
       1.92502762e+02, 2.83330023e-01, 1.67016541e+02, 1.92485046e+02,
       3.95792097e-01, 5.45133362e+02, 2.80656189e+02, 2.05412343e-01,
       4.39346985e+02, 2.88437134e+02, 1.14960879e-01, 3.35522797e+02,
       2.70804810e+02, 5.82877472e-02, 9.09533020e+02, 1.92499649e+02,
       8.45505118e-01, 9.17436401e+02, 2.25724640e+02, 7.07408428e-01,
       8.70422363e+02, 1.72925354e+02, 7.20003843e-01, 9.01726440e+02,
       2.47346588e+02, 1.72244981e-01, 0., 0., 0., 0., 0., 0., 0., 0.,
       0., 1.23912964e+02, 1.53321304e+02, 1.82870358e-01,
       1.29759018e+02, 1.53318054e+02, 1.71864793e-01, 1.49404144e+02,
       1.96412994e+02, 2.46088773e-01 ]
