%YAML:1.0
---
pose_0: !!opencv-matrix
   rows: 2
   cols: 25
   dt: "3f"
   data: [ 9.46677612e+02, 2.41435318e+02, 7.49917030e-01,
       8.60578186e+02, 2.94364563e+02, 5.33726454e-01, 8.50742371e+02,
       2.70850159e+02, 1.90808147e-01, 0., 0., 0., 0., 0., 0.,
       8.66402893e+02, 3.13942078e+02, 4.67457950e-01, 7.82208008e+02,
       2.84537659e+02, 5.92326164e-01, 8.05722351e+02, 1.96345642e+02,
       7.56678164e-01, 6.66594727e+02, 3.49243774e+02, 2.17174321e-01,
       6.54846680e+02, 3.17853180e+02, 1.96398973e-01, 4.13873840e+02,
       3.19826935e+02, 6.33317828e-02, 3.06135406e+02, 3.31568726e+02,
       9.90295708e-02, 6.54850281e+02, 3.78606415e+02, 1.65636256e-01,
       4.55012665e+02, 3.64876129e+02, 1.34222478e-01, 0., 0., 0.,
       9.48780823e+02, 2.29783722e+02, 6.41213477e-01, 9.62383057e+02,
       2.57197754e+02, 8.85596991e-01, 0., 0., 0., 9.42835999e+02,
       3.06119934e+02, 8.25452745e-01, 0., 0., 0., 0., 0., 0., 0., 0.,
       0., 0., 0., 0., 0., 0., 0., 0., 0., 0., 0., 0., 0., 0., 0., 0.,
       8.72325195e+02, 3.04202362e+02, 1.97093353e-01, 6.80222290e+02,
       2.43521439e+02, 3.90344858e-01, 7.01864746e+02, 1.78822586e+02,
       5.74138522e-01, 0., 0., 0., 0., 0., 0., 0., 0., 0., 0., 0., 0.,
       0., 0., 0., 0., 0., 0., 0., 0., 0., 0., 0., 0., 0., 0., 0., 0.,
       0., 0., 0., 0., 0., 0., 0., 0., 0., 0., 0., 0., 0., 0., 0., 0.,
       0., 0., 0., 0., 0., 0., 0., 0., 0., 0., 0., 0., 0., 0., 0., 0. ]
