%YAML:1.0
---
pose_0: !!opencv-matrix
   rows: 1
   cols: 25
   dt: "3f"
   data: [ 1.01926184e+03, 3.53205750e+02, 7.32892215e-01,
       8.97790222e+02, 3.33527954e+02, 5.16486526e-01, 9.11514832e+02,
       2.55203476e+02, 5.27646065e-01, 8.64446594e+02, 1.90540848e+02,
       3.08930844e-01, 7.78251404e+02, 1.65040054e+02, 5.06518543e-01,
       8.72300049e+02, 4.11911499e+02, 3.86955887e-01, 7.19514526e+02,
       4.74614838e+02, 6.00308537e-01, 6.78381714e+02, 5.84345947e+02,
       6.54669642e-01, 6.15670715e+02, 3.70773438e+02, 6.84556514e-02,
       0., 0., 0., 0., 0., 0., 0., 0., 0., 0., 0., 0., 0., 0., 0., 0.,
       0., 0., 1.04273804e+03, 3.37402039e+02, 8.15230966e-01,
       1.03297717e+03, 3.80551575e+02, 5.71105003e-01, 1.03881958e+03,
       2.90490387e+02, 3.58128995e-01, 0., 0., 0., 0., 0., 0., 0., 0.,
       0., 0., 0., 0., 0., 0., 0., 0., 0., 0., 0., 0., 0. ]
