%YAML:1.0
---
pose_0: !!opencv-matrix
   rows: 1
   cols: 25
   dt: "3f"
   data: [ 9.31132874e+02, 1.90533691e+02, 8.14202249e-01,
       8.19442932e+02, 1.98368073e+02, 6.92410290e-01, 8.05698853e+02,
       1.16138313e+02, 6.45501137e-01, 6.94018066e+02, 5.93177452e+01,
       6.36801600e-01, 5.98033020e+02, 4.16818504e+01, 7.46328175e-01,
       8.29199036e+02, 2.78721191e+02, 6.05016530e-01, 7.56747009e+02,
       3.60991333e+02, 6.43735409e-01, 6.66589417e+02, 4.92219086e+02,
       7.34468997e-01, 5.80407227e+02, 2.39488968e+02, 2.42217675e-01,
       5.78460999e+02, 1.92462082e+02, 3.28768551e-01, 4.43254395e+02,
       1.80723846e+02, 9.06895176e-02, 3.37472565e+02, 1.94395203e+02,
       2.82227635e-01, 5.82369812e+02, 2.80648499e+02, 2.87840456e-01,
       4.58933868e+02, 3.08124207e+02, 8.77456442e-02, 0., 0., 0.,
       9.42802979e+02, 1.65055939e+02, 8.35103989e-01, 9.46707275e+02,
       2.06224533e+02, 8.21541548e-01, 9.15472473e+02, 1.37620880e+02,
       5.91408849e-01, 9.25208557e+02, 2.23817963e+02, 2.43141115e-01,
       0., 0., 0., 0., 0., 0., 0., 0., 0., 0., 0., 0., 0., 0., 0.,
       3.33532288e+02, 1.96441605e+02, 1.50084302e-01 ]
