%YAML:1.0
---
pose_0: !!opencv-matrix
   rows: 1
   cols: 25
   dt: "3f"
   data: [ 8.60531189e+02, 2.41508163e+02, 7.81280100e-01,
       8.11586914e+02, 3.00258240e+02, 5.45334101e-01, 0., 0., 0., 0.,
       0., 0., 0., 0., 0., 8.23274963e+02, 3.06096344e+02,
       6.26465678e-01, 7.13707031e+02, 2.72894592e+02, 7.26033092e-01,
       6.49033020e+02, 2.06184296e+02, 7.04689324e-01, 5.31425659e+02,
       3.51158295e+02, 1.84645966e-01, 5.27513489e+02, 3.17888214e+02,
       1.96740866e-01, 3.33558807e+02, 2.74819672e+02, 2.15498030e-01,
       1.33680313e+02, 3.70743652e+02, 3.36077332e-01, 5.25518677e+02,
       3.80564819e+02, 1.48563951e-01, 3.33534698e+02, 2.74838196e+02,
       2.15952545e-01, 1.18058517e+02, 3.78587189e+02, 1.77987680e-01,
       8.68420837e+02, 2.31672867e+02, 8.02251101e-01, 8.84018433e+02,
       2.57203064e+02, 8.92288208e-01, 0., 0., 0., 8.72315918e+02,
       3.04247253e+02, 8.54701161e-01, 7.49371948e+01, 4.06066467e+02,
       1.71945870e-01, 0., 0., 0., 9.45446014e+01, 3.88436951e+02,
       1.40164465e-01, 8.27977982e+01, 4.06031006e+02, 1.66221052e-01,
       8.47085724e+01, 4.00190125e+02, 1.44313484e-01, 1.21950600e+02,
       3.86477539e+02, 1.79970652e-01 ]
