%YAML:1.0
---
pose_0: !!opencv-matrix
   rows: 1
   cols: 25
   dt: "3f"
   data: [ 9.78059143e+02, 2.10096130e+02, 7.85577893e-01,
       8.52666321e+02, 2.39473938e+02, 6.00634336e-01, 8.35098083e+02,
       1.47445969e+02, 5.26666522e-01, 7.17533936e+02, 1.31696121e+02,
       3.08643073e-01, 6.70499084e+02, 1.20024712e+02, 6.14493608e-01,
       8.66429260e+02, 3.29600800e+02, 5.49731851e-01, 7.72401978e+02,
       4.62792114e+02, 7.68854439e-01, 7.89949951e+02, 3.25754883e+02,
       7.35272348e-01, 5.82352661e+02, 2.64984406e+02, 6.84354827e-02,
       5.49064636e+02, 2.25791473e+02, 6.90954998e-02, 4.98096191e+02,
       1.65135269e+02, 1.09998003e-01, 0., 0., 0., 5.94121826e+02,
       3.19848419e+02, 5.91285601e-02, 0., 0., 0., 0., 0., 0.,
       9.89821716e+02, 1.80786194e+02, 8.20352554e-01, 9.95724792e+02,
       2.27691422e+02, 8.06787312e-01, 9.56535461e+02, 1.53280075e+02,
       5.60418487e-01, 9.68345276e+02, 2.55147339e+02, 1.73508286e-01,
       0., 0., 0., 0., 0., 0., 0., 0., 0., 0., 0., 0., 0., 0., 0., 0.,
       0., 0. ]
