%YAML:1.0
---
pose_0: !!opencv-matrix
   rows: 1
   cols: 25
   dt: "3f"
   data: [ 9.31004456e+02, 2.10027344e+02, 8.53469133e-01,
       8.07725098e+02, 2.27819290e+02, 6.96805894e-01, 7.92038635e+02,
       1.49373474e+02, 6.20739043e-01, 6.54867981e+02, 1.33781189e+02,
       1.30833477e-01, 5.52958557e+02, 1.43496338e+02, 1.05832368e-01,
       8.21320129e+02, 3.15937042e+02, 6.68568730e-01, 6.99891479e+02,
       3.66895630e+02, 6.20218933e-01, 5.66643982e+02, 3.66817322e+02,
       7.80999243e-01, 5.54922852e+02, 2.51286087e+02, 1.71924785e-01,
       5.39274292e+02, 2.06223099e+02, 2.35925391e-01, 3.55101807e+02,
       2.00327576e+02, 7.39740506e-02, 0., 0., 0., 5.74514404e+02,
       3.13948029e+02, 1.24670267e-01, 3.49220581e+02, 3.68831085e+02,
       6.23855814e-02, 0., 0., 0., 9.33008362e+02, 1.82708405e+02,
       8.96192968e-01, 9.46670654e+02, 2.19925476e+02, 8.40373158e-01,
       9.01628113e+02, 1.65129608e+02, 6.81098580e-01, 9.31137146e+02,
       2.41458221e+02, 3.55034351e-01, 0., 0., 0., 0., 0., 0., 0., 0.,
       0., 0., 0., 0., 0., 0., 0., 0., 0., 0. ]
