%YAML:1.0
---
pose_0: !!opencv-matrix
   rows: 1
   cols: 25
   dt: "3f"
   data: [ 9.29071594e+02, 3.66861877e+02, 7.82259107e-01,
       8.60553528e+02, 2.84555237e+02, 4.06755477e-01, 8.72286804e+02,
       2.59161438e+02, 7.30073452e-01, 7.82158142e+02, 2.90379425e+02,
       7.93933332e-01, 7.90053650e+02, 4.19754028e+02, 7.81799376e-01,
       8.54710938e+02, 3.10035065e+02, 1.88182339e-01, 0., 0., 0., 0.,
       0., 0., 5.96062073e+02, 2.59116302e+02, 2.03859821e-01,
       5.72577026e+02, 2.57105988e+02, 2.01526865e-01, 3.21799408e+02,
       3.17831238e+02, 2.11924881e-01, 1.00409035e+02, 3.35577606e+02,
       2.97764391e-01, 6.05867432e+02, 2.43402603e+02, 1.43522024e-01,
       3.15931488e+02, 3.15900818e+02, 1.98649451e-01, 1.23927055e+02,
       3.35535858e+02, 2.08977133e-01, 9.44830688e+02, 3.51220245e+02,
       8.09298515e-01, 0., 0., 0., 9.35071838e+02, 3.02167053e+02,
       8.23600054e-01, 0., 0., 0., 0., 0., 0., 0., 0., 0., 0., 0., 0.,
       1.29804718e+02, 4.04063843e+02, 1.53222397e-01, 1.27859711e+02,
       4.00185577e+02, 1.23228326e-01, 8.08272552e+01, 3.37480225e+02,
       1.99739054e-01 ]
