%YAML:1.0
---
pose_0: !!opencv-matrix
   rows: 1
   cols: 25
   dt: "3f"
   data: [ 9.62423401e+02, 3.02140717e+02, 7.91646659e-01,
       8.50775146e+02, 3.35567261e+02, 6.65824831e-01, 8.25325256e+02,
       2.72827515e+02, 6.15039647e-01, 7.21451538e+02, 2.68923462e+02,
       1.01645209e-01, 0., 0., 0., 8.68393372e+02, 4.00146637e+02,
       6.90183640e-01, 7.89950439e+02, 4.64818695e+02, 8.00353348e-01,
       7.15632507e+02, 3.53125275e+02, 7.71124721e-01, 5.90193054e+02,
       3.39427216e+02, 1.56591848e-01, 5.84332642e+02, 2.98290161e+02,
       2.21421763e-01, 3.39422943e+02, 2.47342484e+02, 1.25844896e-01,
       0., 0., 0., 5.78433533e+02, 4.00171234e+02, 1.53581306e-01,
       3.70762024e+02, 4.13809448e+02, 2.72972226e-01, 1.43536453e+02,
       4.55026489e+02, 1.81479722e-01, 9.66407837e+02, 2.86559998e+02,
       8.13816845e-01, 9.78014954e+02, 3.19815613e+02, 8.62624168e-01,
       9.44805603e+02, 2.74731842e+02, 6.86223954e-02, 9.56563171e+02,
       3.55178772e+02, 5.90655506e-01, 6.90126495e+01, 4.51088837e+02,
       1.32100716e-01, 7.88279648e+01, 4.60901276e+02, 1.34279341e-01,
       1.39616272e+02, 4.58903412e+02, 1.53270721e-01, 0., 0., 0., 0.,
       0., 0., 0., 0., 0. ]
