%YAML:1.0
---
pose_0: !!opencv-matrix
   rows: 1
   cols: 25
   dt: "3f"
   data: [ 8.99687134e+02, 3.64929504e+02, 7.97073662e-01,
       7.86116272e+02, 3.64925201e+02, 6.84860468e-01, 7.78246094e+02,
       2.86550323e+02, 6.72873497e-01, 6.47000732e+02, 2.27833511e+02,
       8.15951347e-01, 7.11720093e+02, 2.43463715e+02, 8.49216044e-01,
       7.84181763e+02, 4.37403748e+02, 5.82791746e-01, 6.78300659e+02,
       5.00053619e+02, 7.80720115e-01, 7.74385803e+02, 4.92310364e+02,
       8.46395850e-01, 5.23595825e+02, 3.82527069e+02, 2.94183016e-01,
       5.37314758e+02, 3.35533722e+02, 2.68702745e-01, 3.59021973e+02,
       3.64892242e+02, 2.67691731e-01, 1.55270462e+02, 3.59018188e+02,
       3.23540121e-01, 5.17688354e+02, 4.25610504e+02, 3.03557277e-01,
       3.55082123e+02, 4.80461456e+02, 2.89800167e-01, 1.76829941e+02,
       5.25541687e+02, 4.37719226e-01, 9.03649841e+02, 3.37520416e+02,
       8.38186979e-01, 9.11490906e+02, 3.80493988e+02, 7.43037105e-01,
       8.74245544e+02, 3.10090424e+02, 6.07188761e-01, 9.11520142e+02,
       3.98221222e+02, 7.26909563e-02, 1.21988976e+02, 5.76497314e+02,
       3.62192571e-01, 1.25893150e+02, 5.74569092e+02, 3.80500078e-01,
       1.51327881e+02, 5.17703186e+02, 2.51632154e-01, 1.02346748e+02,
       3.27655029e+02, 9.72344801e-02, 0., 0., 0., 1.33707321e+02,
       3.66911499e+02, 2.41147012e-01 ]
