%YAML:1.0
---
pose_0: !!opencv-matrix
   rows: 1
   cols: 25
   dt: "3f"
   data: [ 9.31051514e+02, 1.49413162e+02, 8.43027294e-01,
       8.09613525e+02, 1.45495605e+02, 6.88455820e-01, 8.21283020e+02,
       5.53117638e+01, 7.13331282e-01, 6.97898926e+02, 2.21028862e+01,
       8.33359778e-01, 6.03963013e+02, 1.51354370e+02, 5.51883399e-01,
       8.03764465e+02, 2.29740250e+02, 6.33379340e-01, 6.95955750e+02,
       2.84567810e+02, 7.75113583e-01, 5.84348328e+02, 3.39452942e+02,
       7.88396001e-01, 5.76489441e+02, 1.94463684e+02, 1.29469976e-01,
       5.70624023e+02, 1.49411713e+02, 1.49131596e-01, 3.72754211e+02,
       3.04131622e+02, 5.88273667e-02, 0., 0., 0., 5.82367371e+02,
       2.39511719e+02, 1.18278153e-01, 4.82462952e+02, 2.72816345e+02,
       7.98443407e-02, 3.66853271e+02, 3.04143005e+02, 8.87920558e-02,
       9.40862000e+02, 1.23918434e+02, 7.96134651e-01, 9.44793335e+02,
       1.63085678e+02, 8.22949052e-01, 9.13465942e+02, 9.64953003e+01,
       5.94181597e-01, 9.23265564e+02, 1.78832779e+02, 9.33627486e-02,
       3.66804260e+02, 3.19821564e+02, 5.21574840e-02, 3.66830536e+02,
       3.21764404e+02, 5.02986871e-02, 3.62939392e+02, 3.08077454e+02,
       7.00529963e-02, 0., 0., 0., 0., 0., 0., 0., 0., 0. ]
