%YAML:1.0
---
pose_0: !!opencv-matrix
   rows: 1
   cols: 25
   dt: "3f"
   data: [ 1.03687134e+03, 2.12177719e+02, 7.57803738e-01,
       9.01736633e+02, 1.90553680e+02, 3.72506261e-01, 8.95810425e+02,
       1.00416656e+02, 4.49956357e-01, 7.90027527e+02, 2.59532223e+01,
       4.60387826e-01, 8.48836548e+02, 1.65129440e+02, 6.94099367e-01,
       8.80166992e+02, 3.08095520e+02, 4.27897334e-01, 7.91989868e+02,
       3.55150299e+02, 1.83965757e-01, 7.29323608e+02, 3.57098663e+02,
       3.13717604e-01, 5.56906250e+02, 2.59099884e+02, 6.94667175e-02,
       5.60805176e+02, 2.00331955e+02, 6.44462928e-02, 0., 0., 0., 0.,
       0., 0., 5.80391663e+02, 3.04155273e+02, 7.37714767e-02, 0., 0.,
       0., 0., 0., 0., 1.05639258e+03, 1.84661148e+02, 8.05487573e-01,
       1.05448706e+03, 2.33675354e+02, 7.36278236e-01, 1.02518274e+03,
       1.49410889e+02, 4.27920789e-01, 0., 0., 0., 0., 0., 0., 0., 0.,
       0., 0., 0., 0., 0., 0., 0., 0., 0., 0., 0., 0., 0. ]
