%YAML:1.0
---
pose_0: !!opencv-matrix
   rows: 1
   cols: 25
   dt: "3f"
   data: [ 9.52621216e+02, 3.06077637e+02, 7.62433887e-01,
       8.23412476e+02, 3.41417969e+02, 6.41837716e-01, 8.05758606e+02,
       2.74791199e+02, 6.78114533e-01, 6.88142151e+02, 2.72773773e+02,
       5.16299188e-01, 5.72615784e+02, 2.16018021e+02, 6.47881627e-01,
       8.41024658e+02, 4.15878479e+02, 6.34680510e-01, 7.37163757e+02,
       4.56936676e+02, 7.54653037e-01, 7.70401611e+02, 3.10067902e+02,
       5.86193621e-01, 5.56896973e+02, 3.37452393e+02, 1.94509953e-01,
       5.54950623e+02, 2.94371979e+02, 2.84763604e-01, 3.39466064e+02,
       2.94396881e+02, 1.11543834e-01, 0., 0., 0., 5.60807373e+02,
       3.90357147e+02, 1.42464519e-01, 0., 0., 0., 0., 0., 0.,
       9.60490540e+02, 2.88434845e+02, 7.71341264e-01, 9.64417725e+02,
       3.23749237e+02, 8.50192547e-01, 9.19351440e+02, 2.72778992e+02,
       3.54745150e-01, 9.46775635e+02, 3.53239258e+02, 5.39393365e-01,
       0., 0., 0., 0., 0., 0., 0., 0., 0., 0., 0., 0., 0., 0., 0., 0.,
       0., 0. ]
