%YAML:1.0
---
pose_0: !!opencv-matrix
   rows: 1
   cols: 25
   dt: "3f"
   data: [ 8.83964233e+02, 2.41402924e+02, 8.07022452e-01,
       7.89970276e+02, 2.86497772e+02, 6.09236002e-01, 7.68477051e+02,
       2.27794113e+02, 5.68062246e-01, 7.64540100e+02, 1.20008705e+02,
       7.52799809e-01, 8.68309326e+02, 1.63182297e+02, 8.55629921e-01,
       8.05645142e+02, 3.49216309e+02, 3.85190755e-01, 8.05704102e+02,
       3.51126007e+02, 1.58852071e-01, 8.84040955e+02, 2.74850647e+02,
       3.67100924e-01, 5.68631714e+02, 3.37479462e+02, 3.23956013e-01,
       5.56873657e+02, 2.94347382e+02, 3.55601877e-01, 3.43362518e+02,
       2.94375854e+02, 2.55824506e-01, 1.49370636e+02, 3.15950439e+02,
       6.10251546e-01, 5.78430237e+02, 3.80548798e+02, 3.82309377e-01,
       3.68789063e+02, 4.21713745e+02, 5.23425460e-01, 2.31658585e+02,
       5.07879730e+02, 4.98926878e-01, 8.86089417e+02, 2.25844711e+02,
       7.80193925e-01, 8.99757935e+02, 2.47327682e+02, 7.63412833e-01,
       0., 0., 0., 8.99716614e+02, 2.90444427e+02, 4.36557323e-01,
       1.94486816e+02, 4.92228180e+02, 1.72263265e-01, 2.02263596e+02,
       5.00083679e+02, 1.70289144e-01, 2.14062897e+02, 5.15744934e+02,
       2.71714628e-01, 1.20001488e+02, 2.72832977e+02, 2.45144129e-01,
       1.18090691e+02, 2.74799377e+02, 2.17993215e-01, 1.33767090e+02,
       3.23813751e+02, 4.20765549e-01 ]
