%YAML:1.0
---
pose_0: !!opencv-matrix
   rows: 1
   cols: 25
   dt: "3f"
   data: [ 8.95823364e+02, 2.37559845e+02, 7.63359725e-01,
       7.92002258e+02, 2.55196579e+02, 7.31055975e-01, 7.82217651e+02,
       1.80713776e+02, 7.10278511e-01, 6.48954651e+02, 1.59207687e+02,
       5.91812909e-01, 5.39296204e+02, 1.55256561e+02, 7.24927008e-01,
       8.01784241e+02, 3.31558472e+02, 6.68932617e-01, 6.97962097e+02,
       3.82474854e+02, 8.43982697e-01, 6.80283508e+02, 3.06089508e+02,
       8.63897502e-01, 5.39264648e+02, 2.61071014e+02, 2.90878683e-01,
       5.39294739e+02, 2.23810516e+02, 4.25945431e-01, 3.86442291e+02,
       2.29758591e+02, 2.35053673e-01, 2.63012482e+02, 2.41453888e+02,
       5.53956963e-02, 5.29478821e+02, 3.10069092e+02, 2.54206359e-01,
       3.66889343e+02, 3.02174103e+02, 3.58784169e-01, 0., 0., 0.,
       8.99819214e+02, 2.17956207e+02, 8.48813534e-01, 9.11456055e+02,
       2.45454315e+02, 7.93418169e-01, 8.70424561e+02, 1.96480515e+02,
       5.98932445e-01, 8.95845093e+02, 2.72838409e+02, 5.68359613e-01,
       0., 0., 0., 0., 0., 0., 0., 0., 0., 0., 0., 0., 0., 0., 0., 0.,
       0., 0. ]
