%YAML:1.0
---
pose_0: !!opencv-matrix
   rows: 1
   cols: 25
   dt: "3f"
   data: [ 9.33058350e+02, 2.43362808e+02, 7.04897225e-01,
       8.46869934e+02, 3.19781342e+02, 4.52561200e-01, 8.39037720e+02,
       2.92414368e+02, 1.88155875e-01, 6.78374084e+02, 3.04208313e+02,
       1.45669580e-01, 6.02018372e+02, 2.74792358e+02, 4.96362090e-01,
       8.50774963e+02, 3.39474274e+02, 4.92353767e-01, 7.43034729e+02,
       2.90463715e+02, 5.73097169e-01, 6.80278076e+02, 1.72900177e+02,
       7.82201529e-01, 5.41217590e+02, 3.51206726e+02, 2.19520360e-01,
       5.41241577e+02, 3.15908783e+02, 2.35450119e-01, 2.90466003e+02,
       3.37517944e+02, 1.99978411e-01, 9.84415283e+01, 4.19758759e+02,
       1.15809664e-01, 5.33383728e+02, 3.88403534e+02, 1.47026196e-01,
       2.98279053e+02, 3.41369171e+02, 1.41115248e-01, 8.28030014e+01,
       4.27563080e+02, 8.89323652e-02, 9.56585754e+02, 2.55194534e+02,
       5.12922257e-02, 9.52631165e+02, 2.57230774e+02, 8.27829182e-01,
       0., 0., 0., 9.33019104e+02, 3.19768585e+02, 8.54869246e-01,
       5.53053513e+01, 4.60838226e+02, 6.64550290e-02, 5.54296265e+01,
       4.60851196e+02, 7.59028196e-02, 5.73073616e+01, 4.33473816e+02,
       8.70817304e-02, 5.53391457e+01, 4.58903595e+02, 8.37027654e-02,
       5.73373375e+01, 4.58873566e+02, 8.75578374e-02, 0., 0., 0. ]
