%YAML:1.0
---
pose_0: !!opencv-matrix
   rows: 1
   cols: 25
   dt: "3f"
   data: [ 9.11443420e+02, 3.82579041e+02, 8.15747738e-01,
       7.90045044e+02, 3.86441742e+02, 6.82098806e-01, 7.82203247e+02,
       3.04211090e+02, 6.48555279e-01, 6.64600891e+02, 2.27771179e+02,
       8.27752590e-01, 7.29267883e+02, 2.57147461e+02, 8.32516313e-01,
       7.88017822e+02, 4.66806366e+02, 5.68035841e-01, 6.72467285e+02,
       5.27487305e+02, 7.66568601e-01, 7.78242126e+02, 5.23481506e+02,
       7.96373248e-01, 5.51005371e+02, 3.68849915e+02, 1.71996161e-01,
       5.41226196e+02, 3.35503510e+02, 2.09672868e-01, 3.43329834e+02,
       3.41427856e+02, 1.93300709e-01, 0., 0., 0., 5.41207031e+02,
       4.25641357e+02, 1.67719334e-01, 3.76636261e+02, 4.76529114e+02,
       2.19323695e-01, 1.67054504e+02, 5.31447388e+02, 3.35766017e-01,
       9.17296570e+02, 3.64849701e+02, 8.51038456e-01, 9.19328308e+02,
       3.98250854e+02, 7.94523001e-01, 8.87960632e+02, 3.41362946e+02,
       6.79837346e-01, 9.05639221e+02, 4.19725616e+02, 1.91327363e-01,
       1.27810699e+02, 5.72540649e+02, 2.65802234e-01, 1.31741302e+02,
       5.72530273e+02, 2.97983170e-01, 1.49368790e+02, 5.17720520e+02,
       2.11622477e-01, 0., 0., 0., 0., 0., 0., 0., 0., 0. ]
