%YAML:1.0
---
pose_0: !!opencv-matrix
   rows: 1
   cols: 25
   dt: "3f"
   data: [ 8.72374512e+02, 4.41295471e+02, 5.15815973e-01,
       7.72411743e+02, 4.45248413e+02, 5.20027339e-01, 7.58676453e+02,
       3.92318329e+02, 4.22014534e-01, 7.39111511e+02, 3.23779785e+02,
       7.36817181e-01, 8.23378662e+02, 3.88407104e+02, 7.85243273e-01,
       7.74316956e+02, 4.96131897e+02, 2.91687846e-01, 8.07710999e+02,
       5.88289246e+02, 2.07348615e-01, 0., 0., 0., 5.82357422e+02,
       4.27608490e+02, 1.68819308e-01, 5.58852417e+02, 4.31487305e+02,
       1.42501146e-01, 0., 0., 0., 0., 0., 0., 5.98026306e+02,
       4.13843567e+02, 1.42694235e-01, 5.07890594e+02, 4.04104889e+02,
       8.88345614e-02, 0., 0., 0., 8.84087158e+02, 4.33517639e+02,
       3.70949417e-01, 8.76223999e+02, 4.51127991e+02, 2.45584771e-01,
       8.84019043e+02, 4.35418549e+02, 1.51978254e-01, 8.62532715e+02,
       4.62796112e+02, 2.71428019e-01, 0., 0., 0., 0., 0., 0., 0., 0.,
       0., 0., 0., 0., 0., 0., 0., 0., 0., 0. ]
