%YAML:1.0
---
pose_0: !!opencv-matrix
   rows: 1
   cols: 25
   dt: "3f"
   data: [ 8.91921936e+02, 2.37586044e+02, 7.56564677e-01,
       8.31155396e+02, 2.08177246e+02, 6.13750577e-01, 8.33090515e+02,
       1.59202362e+02, 6.53835297e-01, 8.07614136e+02, 2.72753021e+02,
       6.99342370e-01, 7.74339111e+02, 3.84518738e+02, 5.44884145e-01,
       8.15475464e+02, 2.45366455e+02, 3.74270678e-01, 7.93950928e+02,
       3.06097534e+02, 2.29665115e-01, 7.76267212e+02, 3.82525116e+02,
       2.69681424e-01, 6.39161316e+02, 2.43452866e+02, 1.26755267e-01,
       6.15649963e+02, 2.08170670e+02, 1.01920724e-01, 4.92235779e+02,
       3.17869171e+02, 5.53183965e-02, 0., 0., 0., 6.62672180e+02,
       2.88517944e+02, 1.43776760e-01, 5.56914307e+02, 3.49239746e+02,
       1.24355741e-01, 5.35336670e+02, 3.57051788e+02, 1.22617006e-01,
       9.03637024e+02, 2.14047562e+02, 8.63890707e-01, 9.07547607e+02,
       2.49295975e+02, 7.49469697e-01, 8.88033752e+02, 1.82687149e+02,
       6.99596584e-01, 0., 0., 0., 4.72662842e+02, 3.68835083e+02,
       1.23953521e-01, 4.78498108e+02, 3.76636871e+02, 1.23837858e-01,
       0., 0., 0., 0., 0., 0., 0., 0., 0., 0., 0., 0. ]
