%YAML:1.0
---
pose_0: !!opencv-matrix
   rows: 1
   cols: 25
   dt: "3f"
   data: [ 9.19362183e+02, 2.04217865e+02, 7.34953642e-01,
       8.07708801e+02, 2.29774597e+02, 6.98776603e-01, 7.88104492e+02,
       1.51341461e+02, 7.19121873e-01, 6.78375916e+02, 1.02376190e+02,
       7.25881457e-01, 5.96041992e+02, 9.84206390e+01, 7.48879850e-01,
       8.23332886e+02, 3.17845093e+02, 7.03231454e-01, 7.11585327e+02,
       3.96275055e+02, 7.89383709e-01, 6.62668213e+02, 3.17847809e+02,
       6.23069406e-01, 5.72569336e+02, 2.33638550e+02, 8.03098977e-02,
       5.45151794e+02, 1.88584457e+02, 7.18975216e-02, 0., 0., 0., 0.,
       0., 0., 5.94120728e+02, 2.92420074e+02, 1.00170434e-01, 0., 0.,
       0., 0., 0., 0., 9.29074524e+02, 1.86598343e+02, 7.60234177e-01,
       9.35027588e+02, 2.19917770e+02, 7.95377731e-01, 8.93881287e+02,
       1.70937927e+02, 5.01179874e-01, 9.19309326e+02, 2.51234940e+02,
       4.21547353e-01, 0., 0., 0., 0., 0., 0., 0., 0., 0., 0., 0., 0.,
       0., 0., 0., 0., 0., 0. ]
