%YAML:1.0
---
pose_0: !!opencv-matrix
   rows: 1
   cols: 25
   dt: "3f"
   data: [ 8.99804932e+02, 2.59039520e+02, 7.94378877e-01,
       8.03776306e+02, 2.94408966e+02, 7.32688189e-01, 7.76281677e+02,
       2.43360229e+02, 7.84122050e-01, 6.80341797e+02, 2.15999283e+02,
       7.63866603e-01, 6.46947021e+02, 1.65067276e+02, 7.84631908e-01,
       8.31162476e+02, 3.57048218e+02, 6.66211188e-01, 7.25367188e+02,
       4.43302216e+02, 6.91209555e-01, 5.99926758e+02, 4.45189697e+02,
       7.98052788e-01, 5.80402222e+02, 3.55100739e+02, 3.75134110e-01,
       5.56898193e+02, 3.17832642e+02, 3.79368335e-01, 3.68820038e+02,
       3.51144989e+02, 2.35251456e-01, 1.12166992e+02, 3.64898499e+02,
       4.06968921e-01, 6.05882813e+02, 3.98223816e+02, 3.57715309e-01,
       0., 0., 0., 0., 0., 0., 9.03657532e+02, 2.41549789e+02,
       8.13818455e-01, 9.15474121e+02, 2.74712372e+02, 8.53346705e-01,
       8.78181519e+02, 2.31677856e+02, 4.66684341e-01, 9.01643494e+02,
       3.06109192e+02, 7.09593177e-01, 0., 0., 0., 0., 0., 0., 0., 0.,
       0., 7.49446411e+01, 3.84527893e+02, 8.75637755e-02,
       7.29946442e+01, 3.76682678e+02, 9.15611088e-02, 9.25980682e+01,
       3.62930542e+02, 2.29110181e-01 ]
