%YAML:1.0
---
pose_0: !!opencv-matrix
   rows: 2
   cols: 25
   dt: "3f"
   data: [ 1.03883289e+03, 2.43405807e+02, 5.57645380e-01,
       9.09537354e+02, 2.61039246e+02, 4.23449486e-01, 8.99733215e+02,
       1.61120071e+02, 4.81269330e-01, 7.44957458e+02, 1.04393867e+02,
       6.18698418e-01, 6.19530090e+02, 1.08288940e+02, 7.19713449e-01,
       9.15398010e+02, 3.53115479e+02, 4.04157251e-01, 7.68503357e+02,
       4.45246368e+02, 4.43483949e-01, 6.23498962e+02, 4.17772766e+02,
       5.95601082e-01, 6.56801270e+02, 2.59092621e+02, 5.11685051e-02,
       0., 0., 0., 0., 0., 0., 0., 0., 0., 0., 0., 0., 0., 0., 0., 0.,
       0., 0., 1.06238159e+03, 2.25789780e+02, 4.62854177e-01,
       1.05254358e+03, 2.70888000e+02, 4.65178251e-01, 1.02315686e+03,
       1.94501297e+02, 1.93416208e-01, 1.03298340e+03, 3.00263306e+02,
       1.76451102e-01, 0., 0., 0., 0., 0., 0., 0., 0., 0., 0., 0., 0.,
       0., 0., 0., 0., 0., 0., 0., 0., 0., 0., 0., 0., 5.39264587e+02,
       1.80766663e+02, 1.10550947e-01, 3.57088043e+02, 1.96363449e+02,
       3.34643066e-01, 1.57244827e+02, 2.43447418e+02, 3.81604284e-01,
       0., 0., 0., 0., 0., 0., 0., 0., 0., 0., 0., 0., 0., 0., 0., 0.,
       0., 0., 0., 0., 0., 0., 0., 0., 0., 0., 0., 0., 0., 0., 0., 0.,
       0., 0., 0., 0., 0., 0., 0., 0., 0., 0., 0., 0., 0., 0., 0., 0.,
       0., 0., 0., 0., 0., 0., 0., 0., 0., 0., 0., 0. ]
