%YAML:1.0
---
pose_0: !!opencv-matrix
   rows: 1
   cols: 25
   dt: "3f"
   data: [ 8.99800598e+02, 3.62905304e+02, 8.24725270e-01,
       8.27252014e+02, 2.96308777e+02, 4.40370083e-01, 8.25355957e+02,
       2.90447235e+02, 7.31765628e-01, 7.23378845e+02, 3.13973358e+02,
       7.59254575e-01, 7.01870667e+02, 4.47245544e+02, 7.26442158e-01,
       8.35109131e+02, 2.98296906e+02, 2.58069247e-01, 0., 0., 0., 0.,
       0., 0., 5.51021484e+02, 2.76732025e+02, 2.14703351e-01,
       5.27501343e+02, 2.74779755e+02, 2.00806305e-01, 3.33539490e+02,
       3.84548340e+02, 4.63206470e-01, 1.21942329e+02, 3.45319916e+02,
       2.91684180e-01, 5.52958984e+02, 2.59126862e+02, 1.37003615e-01,
       3.37482391e+02, 3.60970428e+02, 1.29108191e-01, 1.18068367e+02,
       3.41397400e+02, 2.26321995e-01, 9.15416016e+02, 3.39410706e+02,
       8.28219891e-01, 9.15489441e+02, 3.66858978e+02, 7.68079400e-01,
       8.95805725e+02, 2.96334839e+02, 7.82346487e-01, 0., 0., 0.,
       1.21960709e+02, 4.00254272e+02, 1.46085367e-01, 1.29738861e+02,
       4.00113647e+02, 1.33698553e-01, 8.46729507e+01, 3.31597443e+02,
       1.88764691e-01, 1.23899376e+02, 3.98183899e+02, 1.65167913e-01,
       1.20040482e+02, 3.92355743e+02, 1.50235623e-01, 9.06427765e+01,
       3.35522980e+02, 2.28240147e-01 ]
