%YAML:1.0
---
pose_0: !!opencv-matrix
   rows: 1
   cols: 25
   dt: "3f"
   data: [ 1.05839063e+03, 2.12097351e+02, 7.09524751e-01,
       9.03668640e+02, 2.86530731e+02, 2.05379009e-01, 8.40965088e+02,
       1.90531403e+02, 9.02199596e-02, 0., 0., 0., 0., 0., 0.,
       9.17328430e+02, 3.57069855e+02, 4.31439847e-01, 7.68507874e+02,
       4.78558319e+02, 5.35724878e-01, 8.29228149e+02, 3.68889740e+02,
       7.90786147e-01, 0., 0., 0., 0., 0., 0., 0., 0., 0., 0., 0., 0.,
       0., 0., 0., 0., 0., 0., 0., 0., 0., 1.06434412e+03,
       1.84680344e+02, 6.71256006e-01, 1.07799548e+03, 2.29766037e+02,
       6.08069658e-01, 1.04078674e+03, 1.65024124e+02, 6.95569292e-02,
       1.04669373e+03, 2.63019623e+02, 9.53919291e-02, 0., 0., 0., 0.,
       0., 0., 0., 0., 0., 0., 0., 0., 0., 0., 0., 0., 0., 0. ]
