%YAML:1.0
---
pose_0: !!opencv-matrix
   rows: 2
   cols: 25
   dt: "3f"
   data: [ 8.99762634e+02, 3.57041504e+02, 8.19948256e-01,
       8.13531799e+02, 3.31553802e+02, 6.12622440e-01, 8.19443176e+02,
       2.82616425e+02, 6.94464922e-01, 7.80198669e+02, 3.37469910e+02,
       8.18955064e-01, 7.80247742e+02, 4.66786011e+02, 6.99018121e-01,
       7.50867981e+02, 3.96196655e+02, 4.76349175e-01, 6.76404419e+02,
       4.45267700e+02, 7.70215392e-01, 6.35314575e+02, 5.21565552e+02,
       7.94864774e-01, 0., 0., 0., 0., 0., 0., 0., 0., 0., 0., 0., 0.,
       0., 0., 0., 0., 0., 0., 0., 0., 0., 9.03691833e+02,
       3.35565277e+02, 8.57340157e-01, 9.15417847e+02, 3.66783417e+02,
       8.01780343e-01, 8.76254456e+02, 3.08068298e+02, 7.45679855e-01,
       9.01721375e+02, 3.84591705e+02, 8.56661722e-02, 0., 0., 0., 0.,
       0., 0., 0., 0., 0., 0., 0., 0., 0., 0., 0., 0., 0., 0., 0., 0.,
       0., 7.64584412e+02, 3.51246857e+02, 2.31309712e-01, 0., 0., 0.,
       0., 0., 0., 0., 0., 0., 0., 0., 0., 0., 0., 0., 0., 0., 0.,
       5.58836243e+02, 3.35509491e+02, 4.02113706e-01, 5.56884216e+02,
       3.06148560e+02, 3.81897599e-01, 3.57084900e+02, 3.98201080e+02,
       2.48879820e-01, 1.68973846e+02, 4.27606354e+02, 2.83414453e-01,
       5.54951294e+02, 3.62924347e+02, 2.85606116e-01, 4.11899506e+02,
       4.13885223e+02, 1.04508877e-01, 1.70952820e+02, 4.29526245e+02,
       2.52662122e-01, 0., 0., 0., 0., 0., 0., 0., 0., 0., 0., 0., 0.,
       0., 0., 0., 0., 0., 0., 1.31781387e+02, 4.17828888e+02,
       9.87818614e-02, 1.20006706e+02, 4.84408722e+02, 8.41271803e-02,
       1.18043686e+02, 4.76602905e+02, 8.41868222e-02, 1.41558945e+02,
       4.19757935e+02, 1.75293282e-01 ]
