%YAML:1.0
---
pose_0: !!opencv-matrix
   rows: 1
   cols: 25
   dt: "3f"
   data: [ 9.83983032e+02, 2.72827148e+02, 8.39865148e-01,
       8.48802551e+02, 2.90432434e+02, 6.22163594e-01, 8.35110229e+02,
       1.94387772e+02, 6.09302282e-01, 7.13667419e+02, 1.31766022e+02,
       5.42682827e-01, 6.13694031e+02, 1.16135193e+02, 3.53308320e-01,
       8.60570251e+02, 3.78598724e+02, 6.08661890e-01, 7.54722351e+02,
       4.72635437e+02, 6.98464870e-01, 6.48986389e+02, 4.60953003e+02,
       7.89975524e-01, 5.80401550e+02, 2.84561279e+02, 1.79538354e-01,
       5.80392273e+02, 2.41473297e+02, 2.15641111e-01, 3.59024414e+02,
       2.76717926e+02, 2.59907097e-01, 1.53319626e+02, 2.68888275e+02,
       1.34605616e-01, 5.62782104e+02, 3.37499725e+02, 1.72947243e-01,
       3.92323120e+02, 3.68836609e+02, 1.64999709e-01, 0., 0., 0.,
       9.93733765e+02, 2.45422455e+02, 8.67160082e-01, 9.97729370e+02,
       2.88412354e+02, 8.14254165e-01, 9.60444763e+02, 2.15985870e+02,
       3.87200296e-01, 9.85946350e+02, 3.13967682e+02, 8.93071517e-02,
       0., 0., 0., 0., 0., 0., 0., 0., 0., 1.00406616e+02,
       2.59091064e+02, 9.50910971e-02, 1.00454514e+02, 2.55187134e+02,
       8.01767111e-02, 0., 0., 0. ]
