%YAML:1.0
---
pose_0: !!opencv-matrix
   rows: 1
   cols: 25
   dt: "3f"
   data: [ 9.50664856e+02, 2.72818115e+02, 7.93635249e-01,
       8.37002441e+02, 2.86532288e+02, 6.71677053e-01, 8.23333679e+02,
       1.94431442e+02, 6.50670350e-01, 6.95975281e+02, 1.59159698e+02,
       6.42043233e-01, 5.86308289e+02, 1.65018265e+02, 7.96833634e-01,
       8.48804932e+02, 3.76616516e+02, 6.25215054e-01, 7.27361816e+02,
       4.56952423e+02, 7.41742373e-01, 6.99905457e+02, 3.66838074e+02,
       7.19778299e-01, 5.54930908e+02, 3.10045624e+02, 1.09225094e-01,
       0., 0., 0., 0., 0., 0., 0., 0., 0., 5.43165344e+02,
       3.64896545e+02, 9.97196585e-02, 3.72720032e+02, 3.68752350e+02,
       2.44870126e-01, 1.45469788e+02, 3.66800293e+02, 1.40886426e-01,
       9.62351807e+02, 2.51283066e+02, 8.05688083e-01, 9.64445374e+02,
       2.90385223e+02, 8.03735673e-01, 9.29087952e+02, 2.27708969e+02,
       5.75246096e-01, 9.44803833e+02, 3.17837982e+02, 1.84742585e-01,
       9.06207581e+01, 3.86451416e+02, 8.45223963e-02, 1.02329422e+02,
       3.94251099e+02, 9.28099453e-02, 0., 0., 0., 0., 0., 0., 0., 0.,
       0., 0., 0., 0. ]
