%YAML:1.0
---
pose_0: !!opencv-matrix
   rows: 1
   cols: 25
   dt: "3f"
   data: [ 9.07583740e+02, 2.41400925e+02, 7.57236004e-01,
       8.56676880e+02, 3.10068512e+02, 4.59251523e-01, 0., 0., 0., 0.,
       0., 0., 0., 0., 0., 8.68395142e+02, 3.19794464e+02,
       5.32746136e-01, 7.78299866e+02, 2.86542694e+02, 5.51320553e-01,
       8.09609497e+02, 2.08174408e+02, 6.03663743e-01, 5.31424744e+02,
       3.39417358e+02, 1.29833579e-01, 5.31414001e+02, 3.15919220e+02,
       9.58577543e-02, 2.02290283e+02, 3.84548004e+02, 1.15356371e-01,
       8.47152481e+01, 4.15838989e+02, 8.80238637e-02, 0., 0., 0., 0.,
       0., 0., 0., 0., 0., 9.25214966e+02, 2.39447083e+02,
       2.33456314e-01, 9.31109802e+02, 2.51283371e+02, 8.58187437e-01,
       0., 0., 0., 9.27186890e+02, 3.06124359e+02, 8.13455641e-01, 0.,
       0., 0., 0., 0., 0., 0., 0., 0., 0., 0., 0., 0., 0., 0., 0., 0.,
       0. ]
