%YAML:1.0
---
pose_0: !!opencv-matrix
   rows: 1
   cols: 25
   dt: "3f"
   data: [ 8.84103577e+02, 2.72863708e+02, 8.17531824e-01,
       7.86124939e+02, 2.86486115e+02, 6.79380119e-01, 7.86082214e+02,
       2.21837570e+02, 5.64543188e-01, 8.09627930e+02, 1.18061897e+02,
       8.21017504e-01, 9.03646790e+02, 1.94528778e+02, 8.11416626e-01,
       7.88044678e+02, 3.47253326e+02, 5.77512562e-01, 8.35091736e+02,
       4.13831390e+02, 8.55332375e-01, 9.13459656e+02, 3.25722870e+02,
       7.40177035e-01, 5.84318176e+02, 2.88465851e+02, 2.98567235e-01,
       5.96052917e+02, 2.47374847e+02, 2.97819883e-01, 5.41237305e+02,
       2.29715225e+02, 1.99377179e-01, 4.00230652e+02, 2.43437164e+02,
       4.36345071e-01, 5.72590454e+02, 3.33572235e+02, 3.32020611e-01,
       3.39463715e+02, 3.37469635e+02, 4.83289599e-01, 1.76820404e+02,
       3.35443359e+02, 5.67394257e-01, 8.89951721e+02, 2.53231796e+02,
       7.43750036e-01, 8.99669312e+02, 2.86563080e+02, 6.42379999e-01,
       8.68374695e+02, 2.39457184e+02, 1.75912872e-01, 8.78176575e+02,
       3.06080780e+02, 9.48126242e-02, 1.16095909e+02, 3.76613739e+02,
       3.68716687e-01, 1.23918274e+02, 3.76659882e+02, 3.65726948e-01,
       1.59213181e+02, 3.21849182e+02, 3.34745854e-01, 0., 0., 0., 0.,
       0., 0., 0., 0., 0. ]
