%YAML:1.0
---
pose_0: !!opencv-matrix
   rows: 1
   cols: 25
   dt: "3f"
   data: [ 9.15427307e+02, 2.16028961e+02, 8.03052008e-01,
       8.48808716e+02, 3.02227417e+02, 4.64744836e-01, 8.54708923e+02,
       2.94372742e+02, 3.05939496e-01, 0., 0., 0., 0., 0., 0.,
       8.48791870e+02, 3.31596313e+02, 3.83765876e-01, 7.41017517e+02,
       3.49235901e+02, 2.98922360e-01, 0., 0., 0., 5.62780945e+02,
       3.21818878e+02, 1.29586801e-01, 0., 0., 0., 0., 0., 0., 0., 0.,
       0., 0., 0., 0., 0., 0., 0., 0., 0., 0., 9.31032959e+02,
       2.12182114e+02, 5.66489637e-01, 9.44729675e+02, 2.33655655e+02,
       8.13518524e-01, 0., 0., 0., 9.33072449e+02, 2.88566956e+02,
       8.54250252e-01, 0., 0., 0., 0., 0., 0., 0., 0., 0., 0., 0., 0.,
       0., 0., 0., 0., 0., 0. ]
