%YAML:1.0
---
pose_0: !!opencv-matrix
   rows: 1
   cols: 25
   dt: "3f"
   data: [ 9.93798645e+02, 3.08049805e+02, 8.00588071e-01,
       9.09508728e+02, 2.90494415e+02, 3.75502169e-01, 9.13473633e+02,
       2.25754761e+02, 4.20610130e-01, 8.58573303e+02, 1.82668945e+02,
       7.46284008e-01, 9.01661499e+02, 2.86550934e+02, 7.83262014e-01,
       8.97747620e+02, 3.55080383e+02, 3.19616467e-01, 8.09601929e+02,
       4.31461029e+02, 1.93821669e-01, 8.44894958e+02, 4.11898926e+02,
       5.47519088e-01, 6.31341187e+02, 3.17888763e+02, 7.00902417e-02,
       0., 0., 0., 0., 0., 0., 0., 0., 0., 0., 0., 0., 0., 0., 0., 0.,
       0., 0., 1.01141919e+03, 2.78681213e+02, 7.31407821e-01,
       1.00945996e+03, 3.21803345e+02, 7.96703517e-01, 9.87912842e+02,
       2.33652847e+02, 4.32139814e-01, 0., 0., 0., 0., 0., 0., 0., 0.,
       0., 0., 0., 0., 0., 0., 0., 0., 0., 0., 0., 0., 0. ]
