%YAML:1.0
---
pose_0: !!opencv-matrix
   rows: 1
   cols: 25
   dt: "3f"
   data: [ 8.72309814e+02, 2.25816635e+02, 8.00313711e-01,
       7.82216064e+02, 2.78694702e+02, 6.55827463e-01, 7.58704041e+02,
       2.25760330e+02, 6.10067785e-01, 7.42989624e+02, 1.21991936e+02,
       7.47594833e-01, 8.38990784e+02, 1.43537766e+02, 8.15181017e-01,
       7.99803284e+02, 3.33574341e+02, 6.04318917e-01, 8.40995056e+02,
       3.86487701e+02, 7.65154123e-01, 9.01632385e+02, 2.98294617e+02,
       5.50397694e-01, 5.15748474e+02, 3.17882416e+02, 1.86463237e-01,
       5.09888611e+02, 3.25718384e+02, 2.64333040e-01, 3.21757446e+02,
       3.94264313e+02, 5.51409006e-01, 1.92454773e+02, 4.31499939e+02,
       5.93326032e-01, 5.13795593e+02, 2.90418793e+02, 1.51864365e-01,
       3.33567688e+02, 3.04194366e+02, 5.64347744e-01, 1.53329498e+02,
       3.15936218e+02, 5.38470030e-01, 8.84077698e+02, 2.19886383e+02,
       5.39892852e-01, 8.87965759e+02, 2.41390976e+02, 8.22336733e-01,
       0., 0., 0., 8.82044373e+02, 2.78743347e+02, 6.93795025e-01,
       1.21954605e+02, 2.84553192e+02, 1.13400571e-01, 1.21971107e+02,
       2.94361511e+02, 1.22750431e-01, 1.33758484e+02, 3.19792877e+02,
       3.80042523e-01, 1.37624481e+02, 4.47237122e+02, 9.44350138e-02,
       0., 0., 0., 1.74823059e+02, 4.31565247e+02, 3.56714845e-01 ]
