%YAML:1.0
---
pose_0: !!opencv-matrix
   rows: 1
   cols: 25
   dt: "3f"
   data: [ 8.56647339e+02, 2.23771713e+02, 7.78423905e-01,
       7.60599060e+02, 2.41410965e+02, 7.34030604e-01, 7.52810486e+02,
       1.67001144e+02, 6.26643360e-01, 7.11677368e+02, 7.88564148e+01,
       7.50969052e-01, 7.13675720e+02, 5.34655428e+00, 1.78140029e-01,
       7.60616089e+02, 2.90515808e+02, 6.73014581e-01, 6.82309326e+02,
       3.39500549e+02, 8.31337869e-01, 7.91941284e+02, 3.19763947e+02,
       8.78479004e-01, 5.17700195e+02, 2.29708878e+02, 1.88135490e-01,
       5.21623535e+02, 1.90540955e+02, 1.62766263e-01, 0., 0., 0., 0.,
       0., 0., 5.05969971e+02, 2.72811310e+02, 2.04385236e-01,
       3.43331848e+02, 2.63018005e+02, 2.55843461e-01, 1.76819214e+02,
       2.74795685e+02, 3.04453969e-01, 8.68307861e+02, 2.12036240e+02,
       8.35065663e-01, 8.68350708e+02, 2.39439468e+02, 8.10068548e-01,
       8.48811523e+02, 2.00360718e+02, 2.78202623e-01, 8.50689453e+02,
       2.70796082e+02, 7.14860201e-01, 1.12140533e+02, 2.90432770e+02,
       1.78572327e-01, 1.20022270e+02, 2.98309357e+02, 2.19525933e-01,
       0., 0., 0., 0., 0., 0., 0., 0., 0., 0., 0., 0. ]
