%YAML:1.0
---
pose_0: !!opencv-matrix
   rows: 1
   cols: 25
   dt: "3f"
   data: [ 9.01703186e+02, 4.45296631e+02, 8.29370379e-01,
       8.03726807e+02, 4.51068329e+02, 6.46856129e-01, 7.88083740e+02,
       3.78565247e+02, 7.06869006e-01, 6.66680298e+02, 3.39439331e+02,
       8.31415296e-01, 7.39099487e+02, 3.06194489e+02, 8.50507200e-01,
       8.09619934e+02, 5.31420410e+02, 5.61963439e-01, 6.80384033e+02,
       5.86290405e+02, 8.22027385e-01, 7.97894104e+02, 5.72620972e+02,
       7.47699857e-01, 5.72602966e+02, 4.49141998e+02, 2.70626545e-01,
       5.76505371e+02, 4.13857117e+02, 4.23607200e-01, 3.49199951e+02,
       3.76623627e+02, 3.65390599e-01, 1.29788239e+02, 3.41401703e+02,
       1.22453131e-01, 5.64729004e+02, 4.94212433e+02, 1.97103247e-01,
       4.13855804e+02, 4.82429169e+02, 8.15700665e-02, 0., 0., 0.,
       9.15335327e+02, 4.29456635e+02, 8.57285738e-01, 9.17356201e+02,
       4.62833923e+02, 8.13215196e-01, 8.88027161e+02, 4.02151764e+02,
       6.79031432e-01, 9.03686523e+02, 4.82470856e+02, 2.60775864e-01,
       0., 0., 0., 0., 0., 0., 0., 0., 0., 0., 0., 0., 0., 0., 0., 0.,
       0., 0. ]
