%YAML:1.0
---
pose_0: !!opencv-matrix
   rows: 1
   cols: 25
   dt: "3f"
   data: [ 8.76263000e+02, 2.78698639e+02, 6.87704086e-01,
       7.91998901e+02, 2.88498535e+02, 7.12584138e-01, 7.97866211e+02,
       2.08193146e+02, 6.70486271e-01, 6.97948181e+02, 1.27832748e+02,
       7.43644178e-01, 7.11611023e+02, 1.84677277e+02, 8.23242486e-01,
       7.90107788e+02, 3.64856903e+02, 6.56971395e-01, 6.99921082e+02,
       4.60934296e+02, 7.15122223e-01, 7.13549744e+02, 4.25643127e+02,
       3.91010880e-01, 5.60816345e+02, 2.90475922e+02, 1.94652259e-01,
       5.54938721e+02, 2.45406479e+02, 2.90873200e-01, 4.76555145e+02,
       2.29745316e+02, 8.87341574e-02, 0., 0., 0., 5.52965332e+02,
       3.37451294e+02, 2.53599942e-01, 4.43255676e+02, 3.37479523e+02,
       7.63430074e-02, 1.59165039e+02, 3.25718994e+02, 2.89312005e-01,
       8.91940979e+02, 2.68926422e+02, 7.99531698e-01, 8.91874939e+02,
       3.02175446e+02, 7.30968535e-01, 8.76252014e+02, 2.43407272e+02,
       4.11211729e-01, 8.84021729e+02, 3.21849792e+02, 3.43001336e-01,
       9.65014038e+01, 3.57044281e+02, 2.45743498e-01, 1.02413376e+02,
       3.60978394e+02, 2.85949498e-01, 1.33745316e+02, 3.08105347e+02,
       1.46115407e-01, 0., 0., 0., 0., 0., 0., 0., 0., 0. ]
