%YAML:1.0
---
pose_0: !!opencv-matrix
   rows: 1
   cols: 25
   dt: "3f"
   data: [ 9.01687805e+02, 1.35724762e+02, 8.39676142e-01,
       7.92067322e+02, 1.37670151e+02, 6.36115909e-01, 7.92039795e+02,
       5.34223595e+01, 6.93991005e-01, 6.94024109e+02, 5.34342718e+00,
       4.51446265e-01, 0., 0., 0., 7.90001343e+02, 2.25792618e+02,
       6.90179825e-01, 6.66605408e+02, 2.64965057e+02, 7.96274126e-01,
       5.54846924e+02, 2.74779816e+02, 8.18579137e-01, 5.86254089e+02,
       1.35685776e+02, 1.78872019e-01, 5.62749084e+02, 1.16054245e+02,
       2.25424573e-01, 0., 0., 0., 0., 0., 0., 5.94106995e+02,
       1.76808411e+02, 1.04903974e-01, 0., 0., 0., 0., 0., 0.,
       9.13467163e+02, 1.16025818e+02, 8.71296763e-01, 9.17336731e+02,
       1.49496872e+02, 8.34253132e-01, 8.88026855e+02, 8.87318802e+01,
       6.63417041e-01, 9.07568054e+02, 1.76770416e+02, 1.44614995e-01,
       0., 0., 0., 0., 0., 0., 0., 0., 0., 0., 0., 0., 0., 0., 0., 0.,
       0., 0. ]
