%YAML:1.0
---
pose_0: !!opencv-matrix
   rows: 1
   cols: 25
   dt: "3f"
   data: [ 9.93674744e+02, 2.70816071e+02, 7.54989147e-01,
       8.68427490e+02, 2.88522369e+02, 6.63127542e-01, 8.42941711e+02,
       2.08158417e+02, 5.29647052e-01, 7.58676941e+02, 1.76842896e+02,
       1.64367110e-01, 6.99945679e+02, 1.80743637e+02, 4.96457934e-01,
       8.89956116e+02, 3.66830109e+02, 5.69791794e-01, 7.60682495e+02,
       4.76578491e+02, 7.38479495e-01, 7.84129272e+02, 3.80574097e+02,
       7.34155774e-01, 6.01959961e+02, 3.64894073e+02, 7.50657544e-02,
       5.60831421e+02, 3.35497375e+02, 6.90733045e-02, 0., 0., 0., 0.,
       0., 0., 6.43097046e+02, 3.94279572e+02, 8.11332166e-02, 0., 0.,
       0., 0., 0., 0., 9.62405884e+02, 2.57130981e+02, 7.03258932e-01,
       1.00548730e+03, 2.43444046e+02, 7.30353057e-01, 9.36959045e+02,
       2.25818542e+02, 1.21251762e-01, 9.48705933e+02, 3.04221252e+02,
       1.08987801e-01, 0., 0., 0., 0., 0., 0., 0., 0., 0., 0., 0., 0.,
       0., 0., 0., 0., 0., 0. ]
