%YAML:1.0
---
pose_0: !!opencv-matrix
   rows: 1
   cols: 25
   dt: "3f"
   data: [ 1.01922406e+03, 3.49241150e+02, 7.11745203e-01,
       8.84026184e+02, 3.33576843e+02, 4.84337687e-01, 8.99717529e+02,
       2.43407166e+02, 4.09621865e-01, 7.93967224e+02, 1.27803581e+02,
       6.62161410e-01, 8.37066528e+02, 2.16016373e+02, 6.21221602e-01,
       8.80112061e+02, 4.25612305e+02, 5.01816154e-01, 7.54764954e+02,
       5.05970215e+02, 7.24229455e-01, 8.23313843e+02, 5.00056061e+02,
       6.44308448e-01, 6.29370239e+02, 3.33561035e+02, 6.19827434e-02,
       6.17627014e+02, 2.74778809e+02, 8.45166892e-02, 5.45157532e+02,
       2.19928787e+02, 7.29773045e-02, 0., 0., 0., 0., 0., 0., 0., 0.,
       0., 0., 0., 0., 9.89864990e+02, 3.23738342e+02, 4.90198523e-01,
       1.03882410e+03, 3.21742462e+02, 7.81393945e-01, 9.64371460e+02,
       2.68926239e+02, 2.76279211e-01, 0., 0., 0., 0., 0., 0., 0., 0.,
       0., 0., 0., 0., 0., 0., 0., 0., 0., 0., 0., 0., 0. ]
