%YAML:1.0
---
pose_0: !!opencv-matrix
   rows: 1
   cols: 25
   dt: "3f"
   data: [ 8.82117676e+02, 2.70865356e+02, 7.48828411e-01,
       7.94004333e+02, 2.72728363e+02, 6.92342222e-01, 8.03691772e+02,
       1.94436111e+02, 6.94979310e-01, 6.96041565e+02, 1.21982491e+02,
       8.07130039e-01, 6.31357544e+02, 1.78713654e+02, 7.94446230e-01,
       7.92088257e+02, 3.49244598e+02, 6.80060565e-01, 6.86241455e+02,
       4.06005768e+02, 7.21487284e-01, 6.35207825e+02, 3.60981537e+02,
       7.89385319e-01, 5.76484375e+02, 2.76776642e+02, 3.31389189e-01,
       5.82350830e+02, 2.39490448e+02, 3.86393011e-01, 4.19765472e+02,
       2.33647385e+02, 2.11502418e-01, 3.53135498e+02, 2.29706223e+02,
       3.64146441e-01, 5.74525146e+02, 3.19829498e+02, 3.40981573e-01,
       4.56966125e+02, 3.35481232e+02, 1.34465769e-01, 3.55117371e+02,
       3.25756653e+02, 2.87654579e-01, 8.97738464e+02, 2.53206482e+02,
       7.09952593e-01, 8.95816772e+02, 2.86505646e+02, 7.49966860e-01,
       8.84104919e+02, 2.27681610e+02, 7.01351106e-01, 8.86058411e+02,
       3.04182739e+02, 4.61426258e-01, 0., 0., 0., 0., 0., 0.,
       3.51228271e+02, 3.21806702e+02, 2.01394364e-01, 0., 0., 0., 0.,
       0., 0., 0., 0., 0. ]
