%YAML:1.0
---
pose_0: !!opencv-matrix
   rows: 1
   cols: 25
   dt: "3f"
   data: [ 9.95769226e+02, 2.88445526e+02, 7.59559393e-01,
       8.58632324e+02, 3.08075867e+02, 5.81500530e-01, 8.37000488e+02,
       2.25751816e+02, 6.22171462e-01, 7.31265808e+02, 2.16013626e+02,
       2.85827070e-01, 6.97979614e+02, 2.04223328e+02, 4.21913117e-01,
       8.84020630e+02, 3.96250885e+02, 5.10127068e-01, 7.46987183e+02,
       5.23653687e+02, 7.51171947e-01, 8.19393494e+02, 4.11943970e+02,
       6.85692370e-01, 6.09785278e+02, 3.06112274e+02, 7.21471384e-02,
       6.11733643e+02, 2.72802429e+02, 1.46185845e-01, 5.11846649e+02,
       2.51268997e+02, 6.39341250e-02, 0., 0., 0., 0., 0., 0., 0., 0.,
       0., 0., 0., 0., 1.00356067e+03, 2.59218414e+02, 8.22122574e-01,
       1.01140057e+03, 3.06141388e+02, 7.89171696e-01, 9.64438538e+02,
       2.35608765e+02, 5.38083017e-01, 9.97682556e+02, 3.35450043e+02,
       1.14060417e-01, 0., 0., 0., 0., 0., 0., 0., 0., 0., 0., 0., 0.,
       0., 0., 0., 0., 0., 0. ]
