%YAML:1.0
---
pose_0: !!opencv-matrix
   rows: 1
   cols: 25
   dt: "3f"
   data: [ 9.11473938e+02, 2.66933899e+02, 7.22950459e-01,
       8.01774170e+02, 2.80676727e+02, 6.27075255e-01, 7.90016479e+02,
       2.08146851e+02, 6.76481724e-01, 6.78314392e+02, 1.59208939e+02,
       7.16243148e-01, 5.80408325e+02, 1.49308441e+02, 8.31263900e-01,
       8.07653198e+02, 3.64835236e+02, 6.70225739e-01, 6.98037537e+02,
       3.94295013e+02, 7.95543969e-01, 6.43087891e+02, 3.02227112e+02,
       6.24511659e-01, 5.13806885e+02, 3.04163971e+02, 2.47102633e-01,
       5.19671997e+02, 2.61055603e+02, 2.59445041e-01, 3.21771606e+02,
       2.57165894e+02, 4.26072478e-01, 1.02345413e+02, 2.45414368e+02,
       5.18540703e-02, 5.15756470e+02, 3.47278534e+02, 2.36996025e-01,
       3.60959839e+02, 3.64882141e+02, 1.81490257e-01, 1.63114197e+02,
       3.55107513e+02, 2.17212409e-01, 9.17409180e+02, 2.47397873e+02,
       8.43146026e-01, 9.21322937e+02, 2.82633575e+02, 7.84383237e-01,
       8.95825989e+02, 2.31673996e+02, 4.94774371e-01, 9.03648804e+02,
       3.06133240e+02, 4.94428068e-01, 1.18088242e+02, 3.39417297e+02,
       1.25785157e-01, 0., 0., 0., 0., 0., 0., 0., 0., 0., 0., 0., 0.,
       0., 0., 0. ]
