%YAML:1.0
---
pose_0: !!opencv-matrix
   rows: 1
   cols: 25
   dt: "3f"
   data: [ 9.17450073e+02, 3.68913635e+02, 7.97726154e-01,
       8.38997070e+02, 2.88448975e+02, 4.80617315e-01, 8.52690918e+02,
       2.59183319e+02, 7.22882271e-01, 7.45037842e+02, 2.39446350e+02,
       7.27807283e-01, 6.39188843e+02, 3.88382965e+02, 4.78371799e-01,
       8.29211060e+02, 3.17887085e+02, 2.15848565e-01, 0., 0., 0., 0.,
       0., 0., 6.60722839e+02, 3.00262878e+02, 1.00615025e-01,
       6.43085327e+02, 2.61065521e+02, 1.17058635e-01, 3.06105072e+02,
       3.17893280e+02, 1.54702023e-01, 9.06609879e+01, 3.35488220e+02,
       2.60153234e-01, 6.70529968e+02, 3.35547546e+02, 8.05544928e-02,
       0., 0., 0., 0., 0., 0., 9.35057556e+02, 3.51214966e+02,
       7.65606523e-01, 9.36974365e+02, 3.74703247e+02, 2.53784031e-01,
       9.23223267e+02, 3.04084534e+02, 8.32600415e-01, 0., 0., 0., 0.,
       0., 0., 0., 0., 0., 0., 0., 0., 0., 0., 0., 0., 0., 0.,
       7.10496750e+01, 3.29627930e+02, 1.91874117e-01 ]
