%YAML:1.0
---
pose_0: !!opencv-matrix
   rows: 1
   cols: 25
   dt: "3f"
   data: [ 8.74269226e+02, 2.17995834e+02, 7.16448247e-01,
       8.13552673e+02, 2.78681183e+02, 6.21396661e-01, 8.17463867e+02,
       2.72829773e+02, 3.42258632e-01, 6.54876282e+02, 2.45406738e+02,
       4.61012602e-01, 6.95928955e+02, 1.78787277e+02, 6.44613206e-01,
       8.21389954e+02, 2.90507629e+02, 6.30933523e-01, 7.27291809e+02,
       2.49309708e+02, 6.95060551e-01, 7.62661621e+02, 1.78695023e+02,
       7.56919146e-01, 5.54952820e+02, 3.19845642e+02, 3.10843915e-01,
       5.56913940e+02, 2.86500946e+02, 2.74480790e-01, 3.31588501e+02,
       3.19817352e+02, 2.10214064e-01, 1.23952827e+02, 3.82473236e+02,
       2.29088634e-01, 5.49042114e+02, 3.55119934e+02, 2.36707658e-01,
       3.64904236e+02, 3.06126007e+02, 1.31857574e-01, 1.18049873e+02,
       3.82568298e+02, 2.10131258e-01, 8.86103760e+02, 2.14110458e+02,
       5.14793873e-01, 8.93856934e+02, 2.35591385e+02, 7.61275530e-01,
       0., 0., 0., 8.82078247e+02, 2.84605530e+02, 7.82592654e-01,
       8.86525879e+01, 3.90387970e+02, 5.43831512e-02, 9.64930420e+01,
       4.00155151e+02, 9.67916027e-02, 9.84371719e+01, 3.96204041e+02,
       1.60023734e-01, 8.67310638e+01, 3.98183960e+02, 9.34586525e-02,
       0., 0., 0., 1.14082375e+02, 3.96235840e+02, 1.55357823e-01 ]
