%YAML:1.0
---
pose_0: !!opencv-matrix
   rows: 1
   cols: 25
   dt: "3f"
   data: [ 8.80133728e+02, 4.29467896e+02, 8.39060187e-01,
       7.99831360e+02, 4.64818054e+02, 5.03943145e-01, 7.91932800e+02,
       4.35407501e+02, 4.13807988e-01, 7.88051941e+02, 3.94259125e+02,
       6.53918013e-02, 0., 0., 0., 8.09644226e+02, 5.00080536e+02,
       6.36631250e-01, 7.88007141e+02, 4.49161926e+02, 1.79811329e-01,
       0., 0., 0., 5.33389526e+02, 5.07925293e+02, 1.09361306e-01,
       5.35345154e+02, 4.66765015e+02, 1.38734877e-01, 3.84452911e+02,
       3.98178986e+02, 3.76968265e-01, 1.90540222e+02, 4.00205139e+02,
       3.07339579e-01, 5.37303040e+02, 5.52984863e+02, 1.32033050e-01,
       3.66844025e+02, 5.70624878e+02, 1.24253511e-01, 1.94394455e+02,
       6.50952942e+02, 1.08932815e-01, 8.74258057e+02, 4.13922272e+02,
       8.47844243e-01, 8.95772095e+02, 4.31612457e+02, 7.94475019e-01,
       8.46829041e+02, 4.13892395e+02, 4.66213912e-01, 8.70336914e+02,
       4.74545227e+02, 5.13854921e-01, 1.41572632e+02, 6.37228088e+02,
       5.93020320e-02, 1.45467194e+02, 6.47007874e+02, 6.80627599e-02,
       0., 0., 0., 0., 0., 0., 0., 0., 0., 1.67051544e+02,
       4.00120819e+02, 2.38129139e-01 ]
