%YAML:1.0
---
pose_0: !!opencv-matrix
   rows: 1
   cols: 25
   dt: "3f"
   data: [ 9.01762756e+02, 2.43516022e+02, 8.20887685e-01,
       8.54693909e+02, 3.15891388e+02, 4.88383740e-01, 0., 0., 0., 0.,
       0., 0., 0., 0., 0., 8.56664124e+02, 3.04188324e+02,
       5.12818992e-01, 7.56668579e+02, 2.57153778e+02, 4.66691345e-01,
       8.09632263e+02, 1.92452744e+02, 6.36848569e-01, 6.45043518e+02,
       3.35538757e+02, 1.23372421e-01, 0., 0., 0., 0., 0., 0., 0., 0.,
       0., 0., 0., 0., 0., 0., 0., 0., 0., 0., 9.17430176e+02,
       2.43435928e+02, 2.40644187e-01, 9.23260803e+02, 2.57115143e+02,
       8.33212078e-01, 0., 0., 0., 9.17411011e+02, 3.15941345e+02,
       7.96074748e-01, 0., 0., 0., 0., 0., 0., 0., 0., 0., 0., 0., 0.,
       0., 0., 0., 0., 0., 0. ]
