%YAML:1.0
---
pose_0: !!opencv-matrix
   rows: 1
   cols: 25
   dt: "3f"
   data: [ 8.68355469e+02, 3.08054016e+02, 7.92897105e-01,
       7.66550659e+02, 3.04128693e+02, 6.69506371e-01, 7.74366943e+02,
       2.27719620e+02, 7.46781647e-01, 6.47037354e+02, 1.94500397e+02,
       8.47469687e-01, 5.60792969e+02, 2.57154816e+02, 8.23921204e-01,
       7.52773010e+02, 3.70764618e+02, 5.58352232e-01, 6.58765991e+02,
       4.33499481e+02, 3.10138226e-01, 6.43119507e+02, 4.19779663e+02,
       5.81608176e-01, 5.49071716e+02, 3.00249847e+02, 2.85977364e-01,
       5.52955566e+02, 2.61049072e+02, 4.01294321e-01, 3.33562653e+02,
       3.19858215e+02, 2.98502207e-01, 1.04309250e+02, 3.51175507e+02,
       3.04732591e-01, 5.41196594e+02, 3.47246887e+02, 2.65204370e-01,
       4.13870728e+02, 3.80545410e+02, 1.21344686e-01, 1.39604965e+02,
       3.06186920e+02, 4.12348479e-01, 8.82107971e+02, 2.88564606e+02,
       8.65393341e-01, 8.80158691e+02, 3.21863373e+02, 7.88591444e-01,
       8.54697632e+02, 2.68865692e+02, 7.03774869e-01, 8.58635620e+02,
       3.37542084e+02, 1.41069144e-01, 0., 0., 0., 0., 0., 0.,
       1.29823868e+02, 2.90531036e+02, 3.31692815e-01, 7.10212631e+01,
       3.55137695e+02, 8.40494260e-02, 7.09809341e+01, 3.53144592e+02,
       8.55202600e-02, 9.25904617e+01, 3.55119293e+02, 2.24015757e-01 ]
