%YAML:1.0
---
pose_0: !!opencv-matrix
   rows: 1
   cols: 25
   dt: "3f"
   data: [ 8.74283081e+02, 4.68719666e+02, 7.75323868e-01,
       7.60699341e+02, 4.53079071e+02, 7.10477769e-01, 7.60584229e+02,
       3.82493469e+02, 6.94263697e-01, 6.64713013e+02, 3.19906982e+02,
       8.22894394e-01, 6.80237366e+02, 4.15879150e+02, 6.80974841e-01,
       7.58592163e+02, 5.25525452e+02, 5.95448911e-01, 6.68605530e+02,
       6.07856689e+02, 4.54912841e-01, 6.78337585e+02, 5.23518677e+02,
       6.90026581e-01, 5.84319092e+02, 4.62861755e+02, 1.78434506e-01,
       5.56904175e+02, 4.27561523e+02, 2.60728300e-01, 3.86437653e+02,
       4.45226959e+02, 9.60515216e-02, 0., 0., 0., 6.03908997e+02,
       5.03990814e+02, 1.22361757e-01, 0., 0., 0., 0., 0., 0.,
       8.82103821e+02, 4.47120758e+02, 8.51161480e-01, 8.86108887e+02,
       4.74556519e+02, 7.74204135e-01, 8.44918579e+02, 4.13939758e+02,
       7.54248738e-01, 0., 0., 0., 0., 0., 0., 0., 0., 0., 0., 0., 0.,
       0., 0., 0., 0., 0., 0., 0., 0., 0. ]
