%YAML:1.0
---
pose_0: !!opencv-matrix
   rows: 1
   cols: 25
   dt: "3f"
   data: [ 9.03648621e+02, 4.45279358e+02, 8.11399221e-01,
       8.03722717e+02, 4.51074249e+02, 6.64177001e-01, 7.88086060e+02,
       3.78613983e+02, 7.07852364e-01, 6.66666748e+02, 3.37557220e+02,
       8.68807852e-01, 7.35165649e+02, 3.06057983e+02, 8.57265949e-01,
       8.09643616e+02, 5.31392151e+02, 5.56904435e-01, 6.80353882e+02,
       5.86281982e+02, 8.28077972e-01, 7.95879395e+02, 5.72655640e+02,
       7.90906966e-01, 5.56880371e+02, 4.45194458e+02, 3.03544253e-01,
       5.62769531e+02, 4.02163940e+02, 4.43563342e-01, 3.51160980e+02,
       3.80591095e+02, 2.98490971e-01, 0., 0., 0., 5.52956543e+02,
       4.92218475e+02, 2.70879954e-01, 3.64895233e+02, 4.88334015e+02,
       2.81581074e-01, 1.67003815e+02, 5.29437927e+02, 2.91822791e-01,
       9.15386536e+02, 4.25658020e+02, 8.49141955e-01, 9.17458008e+02,
       4.62803833e+02, 7.98384547e-01, 8.87975708e+02, 4.00188110e+02,
       6.71162963e-01, 9.13448792e+02, 4.78595886e+02, 2.44493142e-01,
       1.00478676e+02, 5.70613647e+02, 9.52148736e-02, 0., 0., 0.,
       1.35691193e+02, 5.19660034e+02, 1.81832969e-01, 0., 0., 0., 0.,
       0., 0., 0., 0., 0. ]
