%YAML:1.0
---
pose_0: !!opencv-matrix
   rows: 1
   cols: 25
   dt: "3f"
   data: [ 9.46697632e+02, 2.23852142e+02, 7.68740714e-01,
       8.39059021e+02, 2.72839264e+02, 6.79743409e-01, 8.21371460e+02,
       1.96382080e+02, 6.39171600e-01, 7.45007324e+02, 1.78729156e+02,
       4.24232066e-01, 6.80237976e+02, 1.67067902e+02, 7.57339895e-01,
       8.54621582e+02, 3.53099884e+02, 6.15785539e-01, 7.45022827e+02,
       4.47200226e+02, 7.55003870e-01, 7.74391663e+02, 3.33550415e+02,
       7.91966200e-01, 5.25536316e+02, 3.13952911e+02, 1.05558619e-01,
       5.09861450e+02, 2.70862091e+02, 8.44730735e-02, 3.39440399e+02,
       3.49227112e+02, 5.27259186e-02, 0., 0., 0., 5.27507263e+02,
       3.53156219e+02, 1.19820915e-01, 3.25719299e+02, 3.51227356e+02,
       1.60687655e-01, 0., 0., 0., 9.50719177e+02, 2.00313934e+02,
       7.66399741e-01, 9.68286011e+02, 2.41460693e+02, 8.51364613e-01,
       9.31028137e+02, 1.84695786e+02, 2.03065306e-01, 9.60469299e+02,
       2.72826935e+02, 4.68260884e-01, 0., 0., 0., 0., 0., 0., 0., 0.,
       0., 0., 0., 0., 0., 0., 0., 0., 0., 0. ]
