%YAML:1.0
---
pose_0: !!opencv-matrix
   rows: 1
   cols: 25
   dt: "3f"
   data: [ 9.44737488e+02, 3.88448700e+02, 7.78599203e-01,
       8.36986267e+02, 3.53121857e+02, 6.60034001e-01, 8.44868958e+02,
       2.78672455e+02, 5.98231673e-01, 7.72410339e+02, 1.72929291e+02,
       7.91591227e-01, 7.35169067e+02, 2.14090897e+02, 8.21461260e-01,
       8.21345886e+02, 4.23642883e+02, 5.30327797e-01, 7.78263428e+02,
       4.62853638e+02, 3.01394552e-01, 7.25311951e+02, 5.09948273e+02,
       6.22562885e-01, 5.88234436e+02, 3.51192505e+02, 7.42569044e-02,
       0., 0., 0., 0., 0., 0., 0., 0., 0., 0., 0., 0., 0., 0., 0., 0.,
       0., 0., 9.54573730e+02, 3.66923401e+02, 7.78115153e-01,
       9.60508301e+02, 3.98237549e+02, 7.94644952e-01, 9.33042725e+02,
       3.29635132e+02, 5.37859142e-01, 0., 0., 0., 0., 0., 0., 0., 0.,
       0., 0., 0., 0., 0., 0., 0., 0., 0., 0., 0., 0., 0. ]
