%YAML:1.0
---
pose_0: !!opencv-matrix
   rows: 1
   cols: 25
   dt: "3f"
   data: [ 9.91802002e+02, 3.17847595e+02, 7.82509625e-01,
       8.38983887e+02, 3.35503418e+02, 6.27528906e-01, 8.23376526e+02,
       2.47347992e+02, 6.29507184e-01, 6.68607422e+02, 2.12059906e+02,
       5.71497321e-01, 5.45143250e+02, 2.00305542e+02, 7.26575911e-01,
       8.50781372e+02, 4.27598755e+02, 5.92875659e-01, 7.44900940e+02,
       5.21635742e+02, 7.79164433e-01, 6.94016052e+02, 4.27568237e+02,
       4.97825921e-01, 5.76471924e+02, 3.21778412e+02, 1.43752202e-01,
       5.82343079e+02, 2.80646301e+02, 2.00891122e-01, 3.70767487e+02,
       3.13937836e+02, 1.61167294e-01, 3.21829468e+02, 3.06129059e+02,
       8.22817087e-02, 5.72556702e+02, 3.84510956e+02, 8.59607533e-02,
       0., 0., 0., 0., 0., 0., 9.84022339e+02, 2.90403229e+02,
       8.32704008e-01, 1.00744214e+03, 3.21820068e+02, 7.11116314e-01,
       9.44794067e+02, 2.68920349e+02, 5.42223692e-01, 9.78126465e+02,
       3.53148163e+02, 1.28380880e-01, 0., 0., 0., 0., 0., 0., 0., 0.,
       0., 0., 0., 0., 0., 0., 0., 0., 0., 0. ]
