%YAML:1.0
---
pose_0: !!opencv-matrix
   rows: 1
   cols: 25
   dt: "3f"
   data: [ 9.13451233e+02, 1.78823273e+02, 8.36462319e-01,
       8.05746399e+02, 1.78825333e+02, 6.90060556e-01, 8.03721863e+02,
       9.25664139e+01, 6.67529404e-01, 6.82289368e+02, 5.34426384e+01,
       7.13890672e-01, 5.72499817e+02, 7.29560547e+01, 7.83239365e-01,
       7.97857117e+02, 2.61073181e+02, 6.16958082e-01, 6.82259888e+02,
       2.92435822e+02, 7.53923953e-01, 5.51026794e+02, 3.51236572e+02,
       7.90488064e-01, 5.27521301e+02, 1.94470856e+02, 2.62924820e-01,
       5.27494690e+02, 1.47429092e+02, 3.62973392e-01, 3.66859680e+02,
       1.61175049e+02, 3.19153994e-01, 1.45489319e+02, 1.76773682e+02,
       1.31829038e-01, 5.29449280e+02, 2.41490219e+02, 3.03799838e-01,
       3.43363342e+02, 3.08120758e+02, 3.18011671e-01, 1.14106728e+02,
       3.15915680e+02, 4.49582398e-01, 9.19398315e+02, 1.49503937e+02,
       8.49825501e-01, 9.32978516e+02, 1.92494583e+02, 8.53861570e-01,
       8.95821777e+02, 1.27843506e+02, 6.86116278e-01, 9.25191711e+02,
       2.08094437e+02, 1.19184159e-01, 7.30240326e+01, 2.86487244e+02,
       1.35521159e-01, 8.27980347e+01, 3.00237091e+02, 1.25345692e-01,
       8.86496506e+01, 3.06084686e+02, 3.21233988e-01, 1.25887054e+02,
       1.72910995e+02, 8.19830969e-02, 1.23929611e+02, 1.67079071e+02,
       9.70435217e-02, 0., 0., 0. ]
