%YAML:1.0
---
pose_0: !!opencv-matrix
   rows: 1
   cols: 25
   dt: "3f"
   data: [ 8.93882263e+02, 1.92455933e+02, 7.75948942e-01,
       7.86117493e+02, 2.14024017e+02, 6.77996516e-01, 7.66539124e+02,
       1.39621277e+02, 6.71108961e-01, 6.50886658e+02, 8.86909943e+01,
       7.85553575e-01, 5.76452271e+02, 9.06690979e+01, 7.54715800e-01,
       7.93961487e+02, 2.96297058e+02, 6.69114470e-01, 6.82315063e+02,
       3.53119324e+02, 8.29949796e-01, 5.68608643e+02, 3.96169800e+02,
       8.01497519e-01, 5.49060669e+02, 2.39534851e+02, 1.91767886e-01,
       5.35355652e+02, 1.96401245e+02, 2.33795017e-01, 3.70792542e+02,
       2.06197617e+02, 6.26379177e-02, 0., 0., 0., 5.43178284e+02,
       2.92413635e+02, 1.52486429e-01, 3.41402924e+02, 2.90486450e+02,
       7.49687403e-02, 1.18100098e+02, 3.10065704e+02, 6.12760112e-02,
       8.99758423e+02, 1.68974457e+02, 8.70544016e-01, 9.05653442e+02,
       2.06186874e+02, 7.86540627e-01, 8.70325012e+02, 1.49483093e+02,
       6.81433499e-01, 8.93886169e+02, 2.27796509e+02, 6.09984398e-01,
       0., 0., 0., 0., 0., 0., 0., 0., 0., 0., 0., 0., 0., 0., 0., 0.,
       0., 0. ]
