%YAML:1.0
---
pose_0: !!opencv-matrix
   rows: 1
   cols: 25
   dt: "3f"
   data: [ 8.85985779e+02, 2.59081573e+02, 7.42605746e-01,
       7.90098022e+02, 2.55147812e+02, 6.88127279e-01, 7.92052612e+02,
       1.68979156e+02, 6.82605088e-01, 6.35185486e+02, 1.33765991e+02,
       8.42684269e-01, 5.47081482e+02, 1.33684891e+02, 7.71411896e-01,
       7.90054016e+02, 3.37501038e+02, 6.26246989e-01, 6.66656067e+02,
       3.59031097e+02, 6.64844573e-01, 5.60780212e+02, 3.68809174e+02,
       7.40652561e-01, 5.27518799e+02, 2.63041504e+02, 2.85248756e-01,
       5.43161133e+02, 2.15992935e+02, 3.64780664e-01, 4.76586548e+02,
       1.94485291e+02, 1.23727813e-01, 1.68956528e+02, 2.10087387e+02,
       3.07039380e-01, 5.17692139e+02, 3.06094269e+02, 3.55434388e-01,
       3.37473114e+02, 2.90460236e+02, 2.77084678e-01, 1.51334991e+02,
       2.86508270e+02, 2.30721399e-01, 8.99817993e+02, 2.41369431e+02,
       8.39604318e-01, 9.01746765e+02, 2.76716309e+02, 7.86737025e-01,
       8.84129639e+02, 2.14017166e+02, 5.48821747e-01, 8.99795166e+02,
       2.96370148e+02, 1.45329446e-01, 8.67090836e+01, 3.19785461e+02,
       1.83507323e-01, 0., 0., 0., 0., 0., 0., 1.35695938e+02,
       1.67074036e+02, 1.97483957e-01, 1.37667023e+02, 1.68977905e+02,
       1.69291824e-01, 1.57194626e+02, 2.12050140e+02, 1.91413939e-01 ]
