%YAML:1.0
---
pose_0: !!opencv-matrix
   rows: 1
   cols: 25
   dt: "3f"
   data: [ 9.01779175e+02, 3.57087067e+02, 8.06331217e-01,
       8.09644348e+02, 3.29632507e+02, 5.14196694e-01, 8.23330017e+02,
       2.78669983e+02, 6.51087165e-01, 7.74256104e+02, 2.88412262e+02,
       7.26079106e-01, 7.88060120e+02, 4.23661469e+02, 7.65567958e-01,
       7.60599548e+02, 3.84553864e+02, 4.38143164e-01, 6.80389648e+02,
       4.31548035e+02, 7.82293260e-01, 6.39174744e+02, 5.13805237e+02,
       7.66718030e-01, 5.54910706e+02, 3.39462860e+02, 3.29274088e-01,
       5.49043213e+02, 3.12002747e+02, 3.19172919e-01, 3.43363800e+02,
       3.84454559e+02, 4.36592489e-01, 1.78718674e+02, 3.35532227e+02,
       4.34006035e-01, 5.52963501e+02, 3.68837128e+02, 2.24579796e-01,
       4.11926971e+02, 4.15795837e+02, 1.01922467e-01, 1.57244736e+02,
       4.45163574e+02, 2.47945696e-01, 9.13428284e+02, 3.37434875e+02,
       8.80968332e-01, 9.19326050e+02, 3.66814697e+02, 7.73268580e-01,
       8.85998901e+02, 3.06120148e+02, 7.44502783e-01, 0., 0., 0., 0.,
       0., 0., 0., 0., 0., 1.33717316e+02, 4.33472656e+02,
       1.26493007e-01, 0., 0., 0., 0., 0., 0., 1.59172882e+02,
       3.37511292e+02, 1.98776856e-01 ]
