%YAML:1.0
---
pose_0: !!opencv-matrix
   rows: 1
   cols: 25
   dt: "3f"
   data: [ 9.31103271e+02, 2.90367188e+02, 7.85121500e-01,
       8.17423706e+02, 2.84570343e+02, 6.34293973e-01, 8.07710571e+02,
       1.96474655e+02, 6.55445695e-01, 6.86183472e+02, 1.25903152e+02,
       7.48402536e-01, 6.23493591e+02, 1.94520401e+02, 7.68703401e-01,
       8.13557129e+02, 3.72745850e+02, 5.94092071e-01, 6.82213440e+02,
       4.13941833e+02, 7.44651735e-01, 5.66697510e+02, 4.68769653e+02,
       7.37073779e-01, 5.82361816e+02, 2.92405487e+02, 1.75945207e-01,
       5.72559692e+02, 2.53192902e+02, 2.84206033e-01, 3.98175873e+02,
       2.72803619e+02, 9.46367308e-02, 3.51194275e+02, 3.04176971e+02,
       6.10893443e-02, 5.74523743e+02, 3.57074188e+02, 1.42759755e-01,
       4.98115479e+02, 3.80540466e+02, 1.48543060e-01, 0., 0., 0.,
       9.50698059e+02, 2.61081848e+02, 7.69533873e-01, 9.44789490e+02,
       3.04231964e+02, 8.12115192e-01, 9.31042236e+02, 2.37523315e+02,
       6.23207688e-01, 9.29083618e+02, 3.21692383e+02, 1.08215816e-01,
       0., 0., 0., 0., 0., 0., 0., 0., 0., 0., 0., 0., 0., 0., 0., 0.,
       0., 0. ]
