%YAML:1.0
---
pose_0: !!opencv-matrix
   rows: 1
   cols: 25
   dt: "3f"
   data: [ 8.70376587e+02, 2.19892471e+02, 6.45359874e-01,
       7.84130737e+02, 2.86559570e+02, 5.24050474e-01, 7.46960510e+02,
       2.27822968e+02, 5.66559136e-01, 7.40982788e+02, 1.37609604e+02,
       7.35386729e-01, 8.37061523e+02, 1.47504242e+02, 8.70807767e-01,
       8.21298889e+02, 3.33579254e+02, 5.22366226e-01, 7.82216309e+02,
       3.04106873e+02, 4.69210923e-01, 8.58577759e+02, 2.57076752e+02,
       3.37479889e-01, 5.19683472e+02, 3.33551056e+02, 1.40614808e-01,
       0., 0., 0., 0., 0., 0., 0., 0., 0., 0., 0., 0., 0., 0., 0., 0.,
       0., 0., 8.84052612e+02, 2.21899078e+02, 1.33589208e-01,
       8.86044983e+02, 2.27827744e+02, 6.86232567e-01, 0., 0., 0.,
       8.80138062e+02, 2.80629761e+02, 7.00394213e-01, 0., 0., 0., 0.,
       0., 0., 0., 0., 0., 0., 0., 0., 0., 0., 0., 0., 0., 0. ]
