%YAML:1.0
---
pose_0: !!opencv-matrix
   rows: 1
   cols: 25
   dt: "3f"
   data: [ 8.54631165e+02, 1.10247498e+02, 8.27476501e-01,
       7.60646912e+02, 8.66508713e+01, 7.41693437e-01, 7.46954834e+02,
       2.19934731e+01, 5.62406480e-01, 0., 0., 0., 0., 0., 0.,
       7.76345093e+02, 1.53325287e+02, 6.24670446e-01, 7.90026733e+02,
       2.57169434e+02, 8.20797920e-01, 8.25359314e+02, 3.59049744e+02,
       7.61442006e-01, 5.29463745e+02, 1.02395905e+02, 2.84747481e-01,
       5.23608704e+02, 5.53714600e+01, 3.43789965e-01, 3.60967712e+02,
       7.29943161e+01, 1.14799611e-01, 0., 0., 0., 5.33393677e+02,
       1.49402695e+02, 3.27207714e-01, 3.43358704e+02, 1.65000778e+02,
       2.43852839e-01, 1.70929688e+02, 1.82681503e+02, 3.57100457e-01,
       8.66384705e+02, 8.67682114e+01, 8.31685960e-01, 8.70281311e+02,
       1.14160072e+02, 8.06892753e-01, 8.39069031e+02, 4.75262604e+01,
       8.27392101e-01, 0., 0., 0., 1.16090660e+02, 1.96407852e+02,
       1.34250551e-01, 0., 0., 0., 1.51340897e+02, 1.80717682e+02,
       1.84302270e-01, 0., 0., 0., 0., 0., 0., 0., 0., 0. ]
