%YAML:1.0
---
pose_0: !!opencv-matrix
   rows: 1
   cols: 25
   dt: "3f"
   data: [ 8.85970886e+02, 3.94262726e+02, 8.26310337e-01,
       7.74353333e+02, 4.13815796e+02, 7.15014279e-01, 7.60668884e+02,
       3.33580505e+02, 7.09777653e-01, 6.33211548e+02, 2.86467163e+02,
       7.86535621e-01, 6.78389893e+02, 2.88499268e+02, 7.96744108e-01,
       7.84162598e+02, 4.82418884e+02, 6.03584647e-01, 6.68609802e+02,
       5.74492676e+02, 7.89626062e-01, 7.70428406e+02, 5.47091431e+02,
       7.53750563e-01, 5.13798706e+02, 4.09961060e+02, 3.59248519e-01,
       5.17706055e+02, 3.66807068e+02, 4.80515003e-01, 3.43325867e+02,
       3.66818359e+02, 5.43134987e-01, 0., 0., 0., 5.17698792e+02,
       4.53046082e+02, 4.10373807e-01, 3.53127869e+02, 4.92248413e+02,
       4.72949237e-01, 1.78744293e+02, 5.25597229e+02, 3.99670601e-01,
       8.86115295e+02, 3.74693512e+02, 8.35568726e-01, 8.99657166e+02,
       4.07999817e+02, 7.90691078e-01, 8.58587036e+02, 3.57102539e+02,
       4.36750591e-01, 8.70411133e+02, 4.37382294e+02, 5.88422000e-01,
       1.20027023e+02, 5.70624573e+02, 1.85650498e-01, 1.25893196e+02,
       5.72535217e+02, 2.03757465e-01, 1.51356201e+02, 5.17721252e+02,
       2.20542490e-01, 0., 0., 0., 0., 0., 0., 0., 0., 0. ]
