%YAML:1.0
---
pose_0: !!opencv-matrix
   rows: 1
   cols: 25
   dt: "3f"
   data: [ 8.78159668e+02, 3.04202911e+02, 7.63529956e-01,
       8.07649475e+02, 2.86499634e+02, 6.69229984e-01, 8.11610046e+02,
       2.02290649e+02, 6.74897909e-01, 6.74444641e+02, 1.47374832e+02,
       7.35310435e-01, 7.13542236e+02, 2.25796829e+02, 8.24819207e-01,
       8.03764832e+02, 3.78636475e+02, 5.37327826e-01, 6.82297058e+02,
       4.29581329e+02, 1.62379950e-01, 6.74425415e+02, 4.15831848e+02,
       4.76422042e-01, 5.70603638e+02, 2.92415497e+02, 2.64414012e-01,
       5.56912170e+02, 2.45389755e+02, 3.16931307e-01, 3.51183899e+02,
       2.41503448e+02, 2.11733013e-01, 1.70931412e+02, 2.63057251e+02,
       3.37225854e-01, 5.82368652e+02, 3.39461212e+02, 2.48720154e-01,
       3.45311615e+02, 3.41392578e+02, 1.77926943e-01, 1.47427444e+02,
       3.21815399e+02, 1.68468416e-01, 8.95798340e+02, 2.86475861e+02,
       8.11872900e-01, 8.99676392e+02, 3.21732208e+02, 7.92941332e-01,
       8.89940063e+02, 2.45456268e+02, 6.31999671e-01, 0., 0., 0.,
       8.86338425e+01, 3.82526031e+02, 1.10095546e-01, 9.84472733e+01,
       3.84467560e+02, 1.36511520e-01, 1.19994507e+02, 3.19835999e+02,
       1.20648555e-01, 9.45591278e+01, 2.16005920e+02, 8.95697996e-02,
       9.65060272e+01, 2.12174820e+02, 7.85723403e-02, 1.59168991e+02,
       2.70834259e+02, 1.49673030e-01 ]
