%YAML:1.0
---
pose_0: !!opencv-matrix
   rows: 1
   cols: 25
   dt: "3f"
   data: [ 9.68283081e+02, 2.76799103e+02, 5.71973622e-01,
       8.95849121e+02, 2.74760834e+02, 6.15262508e-01, 8.99762085e+02,
       2.14039841e+02, 5.76086879e-01, 8.87954712e+02, 1.41547165e+02,
       6.66223049e-01, 9.91767517e+02, 2.27759354e+02, 6.71314538e-01,
       8.85981567e+02, 3.33565216e+02, 4.47796345e-01, 8.85965393e+02,
       4.39373322e+02, 7.64321566e-01, 9.87924133e+02, 3.68903900e+02,
       7.65379131e-01, 6.70522461e+02, 3.59021240e+02, 5.58311008e-02,
       0., 0., 0., 0., 0., 0., 0., 0., 0., 0., 0., 0., 0., 0., 0., 0.,
       0., 0., 9.78085510e+02, 2.59071045e+02, 4.40848440e-01,
       9.93773254e+02, 2.90395691e+02, 4.63787049e-01, 9.64357239e+02,
       2.39496170e+02, 2.29134455e-01, 0., 0., 0., 0., 0., 0., 0., 0.,
       0., 0., 0., 0., 0., 0., 0., 0., 0., 0., 0., 0., 0. ]
