%YAML:1.0
---
pose_0: !!opencv-matrix
   rows: 1
   cols: 25
   dt: "3f"
   data: [ 1.05645740e+03, 2.57082092e+02, 7.81330466e-01,
       9.07555664e+02, 2.45396912e+02, 4.98749912e-01, 9.01696533e+02,
       1.61172821e+02, 5.24736226e-01, 7.88029419e+02, 1.29793198e+02,
       3.76611233e-01, 7.56709778e+02, 7.10137634e+01, 2.13655546e-01,
       9.15405090e+02, 3.47277588e+02, 5.12351215e-01, 7.87998047e+02,
       4.31538940e+02, 7.11009130e-02, 0., 0., 0., 6.33314514e+02,
       3.15922119e+02, 9.67154726e-02, 6.11755371e+02, 2.63027954e+02,
       9.47788283e-02, 0., 0., 0., 0., 0., 0., 6.70519653e+02,
       3.57066254e+02, 7.51861408e-02, 0., 0., 0., 0., 0., 0.,
       1.07204456e+03, 2.21870651e+02, 8.16208005e-01, 1.07209998e+03,
       2.72769592e+02, 8.00431848e-01, 1.02707434e+03, 1.72876465e+02,
       4.51569557e-01, 0., 0., 0., 0., 0., 0., 0., 0., 0., 0., 0., 0.,
       0., 0., 0., 0., 0., 0., 0., 0., 0. ]
