%YAML:1.0
---
pose_0: !!opencv-matrix
   rows: 1
   cols: 25
   dt: "3f"
   data: [ 9.15429321e+02, 3.66859100e+02, 7.37859249e-01,
       8.35101868e+02, 2.86541992e+02, 4.07388359e-01, 8.50711365e+02,
       2.59163971e+02, 6.96330786e-01, 7.54723328e+02, 3.06155487e+02,
       7.10460186e-01, 8.21352905e+02, 4.17807220e+02, 8.57108772e-01,
       8.19405579e+02, 3.17838074e+02, 1.56540126e-01, 0., 0., 0., 0.,
       0., 0., 5.47084412e+02, 3.02195038e+02, 2.54853427e-01,
       5.45125366e+02, 2.72797058e+02, 2.15414375e-01, 3.41381409e+02,
       3.37455017e+02, 3.53429735e-01, 1.06287865e+02, 3.37499359e+02,
       3.20505291e-01, 5.37295044e+02, 3.25716492e+02, 1.41141117e-01,
       3.45316895e+02, 3.35539307e+02, 1.22649044e-01, 1.19982956e+02,
       2.96367676e+02, 2.02918798e-01, 9.33032776e+02, 3.53067932e+02,
       8.02798450e-01, 0., 0., 0., 9.27129639e+02, 3.04068359e+02,
       8.21941614e-01, 0., 0., 0., 1.02422729e+02, 2.68881744e+02,
       1.10644013e-01, 1.04316315e+02, 2.76776825e+02, 1.26214266e-01,
       1.06279961e+02, 2.78702850e+02, 1.37246355e-01, 4.94868431e+01,
       3.23778259e+02, 1.33771345e-01, 4.95059624e+01, 3.21844177e+02,
       1.18429802e-01, 8.67180023e+01, 3.43346405e+02, 2.06989169e-01 ]
