%YAML:1.0
---
pose_0: !!opencv-matrix
   rows: 1
   cols: 25
   dt: "3f"
   data: [ 9.19387512e+02, 1.98369537e+02, 7.96078920e-01,
       8.11572998e+02, 1.67014801e+02, 6.27868354e-01, 8.13541626e+02,
       1.14153145e+02, 6.55813098e-01, 7.33205139e+02, 1.68962952e+02,
       7.00391471e-01, 7.01913513e+02, 3.19893372e+02, 7.17110932e-01,
       7.93948914e+02, 2.17951797e+02, 2.92700619e-01, 0., 0., 0., 0.,
       0., 0., 0., 0., 0., 0., 0., 0., 0., 0., 0., 0., 0., 0., 0., 0.,
       0., 0., 0., 0., 0., 0., 0., 9.31059448e+02, 1.76819748e+02,
       8.67342353e-01, 9.38893127e+02, 2.04266937e+02, 8.04136097e-01,
       8.99736816e+02, 1.39607788e+02, 7.89565682e-01, 0., 0., 0., 0.,
       0., 0., 0., 0., 0., 0., 0., 0., 0., 0., 0., 0., 0., 0., 0., 0.,
       0. ]
