%YAML:1.0
---
pose_0: !!opencv-matrix
   rows: 1
   cols: 25
   dt: "3f"
   data: [ 9.42860657e+02, 3.68800354e+02, 7.97349215e-01,
       8.54675598e+02, 3.00225128e+02, 4.57942039e-01, 8.82081238e+02,
       2.74799347e+02, 6.50796890e-01, 8.03742004e+02, 2.08104874e+02,
       7.31898606e-01, 6.48935486e+02, 2.90423218e+02, 3.71052980e-01,
       8.25292847e+02, 3.25706573e+02, 2.94120520e-01, 7.78303223e+02,
       3.39442505e+02, 7.82394856e-02, 0., 0., 0., 7.62608582e+02,
       3.02188232e+02, 7.89951980e-02, 7.43036926e+02, 2.72856842e+02,
       7.18737692e-02, 0., 0., 0., 0., 0., 0., 7.74368225e+02,
       3.17883911e+02, 5.66499457e-02, 0., 0., 0., 0., 0., 0.,
       9.58510010e+02, 3.51160583e+02, 7.46997535e-01, 9.60418701e+02,
       3.68920624e+02, 1.12875827e-01, 9.44804810e+02, 3.02148407e+02,
       8.39130938e-01, 0., 0., 0., 0., 0., 0., 0., 0., 0., 0., 0., 0.,
       0., 0., 0., 0., 0., 0., 0., 0., 0. ]
