%YAML:1.0
---
pose_0: !!opencv-matrix
   rows: 1
   cols: 25
   dt: "3f"
   data: [ 9.05658569e+02, 2.74802979e+02, 8.11842918e-01,
       8.11559631e+02, 2.37521988e+02, 5.66937745e-01, 8.21281616e+02,
       1.72886475e+02, 5.98075032e-01, 7.48912476e+02, 1.12178017e+02,
       7.45077848e-01, 7.88019287e+02, 2.59068726e+02, 7.88769603e-01,
       7.92000183e+02, 2.96356079e+02, 4.82283473e-01, 0., 0., 0., 0.,
       0., 0., 6.97945007e+02, 2.57112762e+02, 9.74370539e-02, 0., 0.,
       0., 0., 0., 0., 0., 0., 0., 6.96011292e+02, 2.61062775e+02,
       5.64824156e-02, 6.03880676e+02, 3.04116974e+02, 9.08545852e-02,
       5.43199585e+02, 3.33505554e+02, 1.67349100e-01, 9.17351685e+02,
       2.51294159e+02, 8.37662399e-01, 9.21314819e+02, 2.76704559e+02,
       8.08323383e-01, 8.87985596e+02, 2.12019608e+02, 8.69071364e-01,
       0., 0., 0., 0., 0., 0., 0., 0., 0., 5.37278931e+02,
       3.37459656e+02, 9.26741138e-02, 0., 0., 0., 0., 0., 0., 0., 0.,
       0. ]
