%YAML:1.0
---
pose_0: !!opencv-matrix
   rows: 1
   cols: 25
   dt: "3f"
   data: [ 9.60450928e+02, 2.90448456e+02, 7.98357069e-01,
       8.39042786e+02, 2.72862030e+02, 6.07319593e-01, 8.35057495e+02,
       1.82669556e+02, 6.48881078e-01, 7.05752014e+02, 1.20021355e+02,
       7.61712790e-01, 6.33201050e+02, 1.94453339e+02, 8.32194090e-01,
       8.38984131e+02, 3.66877197e+02, 5.60466290e-01, 7.13572327e+02,
       4.04077850e+02, 6.32103860e-01, 5.72540527e+02, 4.45186554e+02,
       6.56054318e-01, 5.88255615e+02, 3.00224884e+02, 2.25116655e-01,
       5.94109497e+02, 2.53238937e+02, 3.41409862e-01, 3.68820892e+02,
       2.76716827e+02, 1.62215337e-01, 0., 0., 0., 5.90198059e+02,
       3.45323700e+02, 2.13750109e-01, 4.84419159e+02, 3.78626923e+02,
       7.40163773e-02, 0., 0., 0., 9.74161743e+02, 2.61037445e+02,
       8.23445976e-01, 9.74166138e+02, 3.06058807e+02, 7.67440319e-01,
       9.48744995e+02, 2.25771393e+02, 4.11203563e-01, 0., 0., 0., 0.,
       0., 0., 0., 0., 0., 0., 0., 0., 0., 0., 0., 0., 0., 0., 0., 0.,
       0. ]
