%YAML:1.0
---
pose_0: !!opencv-matrix
   rows: 1
   cols: 25
   dt: "3f"
   data: [ 9.23267456e+02, 1.98348587e+02, 7.69637346e-01,
       8.39063049e+02, 1.51332138e+02, 3.87350887e-01, 8.40966797e+02,
       1.20012329e+02, 6.39506519e-01, 7.93951965e+02, 2.55135590e+02,
       7.74692357e-01, 7.90059814e+02, 3.82485748e+02, 8.46852124e-01,
       8.39016113e+02, 1.80770523e+02, 2.12973699e-01, 0., 0., 0., 0.,
       0., 0., 6.84234680e+02, 1.63119049e+02, 6.01246357e-02, 0., 0.,
       0., 0., 0., 0., 0., 0., 0., 7.17535889e+02, 1.92476456e+02,
       5.61953783e-02, 6.66554749e+02, 2.51237686e+02, 2.33964533e-01,
       5.72578979e+02, 3.10014801e+02, 2.78700918e-01, 9.33074768e+02,
       1.70959274e+02, 8.58892798e-01, 9.38949463e+02, 2.06187241e+02,
       7.45811701e-01, 9.03698975e+02, 1.33665970e+02, 8.54466438e-01,
       0., 0., 0., 5.29457764e+02, 3.17895630e+02, 1.34997502e-01,
       5.43184692e+02, 3.23740967e+02, 1.59610972e-01, 5.58886658e+02,
       3.17814301e+02, 2.41802394e-01, 0., 0., 0., 0., 0., 0., 0., 0.,
       0. ]
