%YAML:1.0
---
pose_0: !!opencv-matrix
   rows: 1
   cols: 25
   dt: "3f"
   data: [ 9.44730713e+02, 3.37545074e+02, 8.09459388e-01,
       8.31160339e+02, 2.72840973e+02, 6.55785322e-01, 8.50782349e+02,
       1.96459061e+02, 6.06596231e-01, 7.42929810e+02, 1.16102837e+02,
       7.14139819e-01, 6.01913757e+02, 1.29793625e+02, 8.15721691e-01,
       8.07719360e+02, 3.49168915e+02, 5.92403412e-01, 7.11707275e+02,
       4.02120178e+02, 6.55663252e-01, 6.92083557e+02, 4.56955292e+02,
       7.19246089e-01, 5.56896729e+02, 2.57154999e+02, 1.06701925e-01,
       0., 0., 0., 0., 0., 0., 0., 0., 0., 0., 0., 0., 0., 0., 0., 0.,
       0., 0., 9.60483398e+02, 3.19804047e+02, 8.28459442e-01,
       9.62339172e+02, 3.41358307e+02, 4.87708092e-01, 9.40867004e+02,
       2.68865173e+02, 8.02658200e-01, 0., 0., 0., 0., 0., 0., 0., 0.,
       0., 0., 0., 0., 0., 0., 0., 0., 0., 0., 0., 0., 0. ]
