%YAML:1.0
---
pose_0: !!opencv-matrix
   rows: 1
   cols: 25
   dt: "3f"
   data: [ 9.31018372e+02, 3.00219604e+02, 7.51999259e-01,
       8.17472229e+02, 2.90441193e+02, 6.18018210e-01, 8.21319702e+02,
       2.08164307e+02, 6.52784228e-01, 7.11646545e+02, 1.27860542e+02,
       7.98482180e-01, 6.94009094e+02, 1.90506470e+02, 7.98422337e-01,
       8.01802429e+02, 3.82522736e+02, 4.75310951e-01, 6.64671997e+02,
       4.25609467e+02, 7.08094180e-01, 7.11737793e+02, 3.57099762e+02,
       7.74318755e-01, 5.43179749e+02, 2.90466217e+02, 1.72646910e-01,
       5.39254456e+02, 2.49314438e+02, 2.90252298e-01, 3.23775024e+02,
       2.59109802e+02, 1.76966384e-01, 1.98374100e+02, 2.80652985e+02,
       4.73377705e-01, 5.41217651e+02, 3.45286865e+02, 1.31480232e-01,
       3.29638550e+02, 3.43341766e+02, 1.70387834e-01, 1.61159622e+02,
       3.37465973e+02, 3.58746052e-01, 9.42794983e+02, 2.74858002e+02,
       8.13787162e-01, 9.38919556e+02, 3.17896637e+02, 7.40007162e-01,
       9.15447449e+02, 2.53202591e+02, 5.56488335e-01, 9.23231079e+02,
       3.37558044e+02, 1.53945476e-01, 1.02339172e+02, 3.64923401e+02,
       9.56944376e-02, 0., 0., 0., 1.33732147e+02, 3.45306427e+02,
       1.59511805e-01, 1.02417862e+02, 2.29702850e+02, 2.90731013e-01,
       1.04309181e+02, 2.27813446e+02, 2.66753376e-01, 1.94414017e+02,
       2.88470795e+02, 2.72118896e-01 ]
