%YAML:1.0
---
pose_0: !!opencv-matrix
   rows: 1
   cols: 25
   dt: "3f"
   data: [ 8.74257019e+02, 4.43224182e+02, 8.04060936e-01,
       7.74420898e+02, 4.19776825e+02, 6.98991716e-01, 7.62566040e+02,
       3.51206787e+02, 7.11090803e-01, 6.68560913e+02, 3.04087067e+02,
       5.73380232e-01, 6.97949524e+02, 2.74773834e+02, 5.22094905e-01,
       7.88011230e+02, 4.94136505e+02, 6.52926505e-01, 7.11627258e+02,
       5.70629089e+02, 7.54497766e-01, 6.97987976e+02, 6.92038208e+02,
       7.06764579e-01, 5.66690857e+02, 4.47156647e+02, 1.93040892e-01,
       5.66696594e+02, 4.00194397e+02, 2.76814908e-01, 3.88390533e+02,
       4.06054688e+02, 1.39453694e-01, 2.08168854e+02, 4.11942566e+02,
       5.41761741e-02, 5.70622070e+02, 5.00071106e+02, 1.92071661e-01,
       4.04081207e+02, 5.09891693e+02, 7.88131580e-02, 3.78577515e+02,
       5.07957764e+02, 1.51065290e-01, 8.85981567e+02, 4.15861176e+02,
       8.54219317e-01, 8.87986450e+02, 4.45217804e+02, 8.17323327e-01,
       8.58642456e+02, 3.82440155e+02, 8.48408222e-01, 0., 0., 0., 0.,
       0., 0., 0., 0., 0., 0., 0., 0., 0., 0., 0., 0., 0., 0., 0., 0.,
       0. ]
