%YAML:1.0
---
pose_0: !!opencv-matrix
   rows: 1
   cols: 25
   dt: "3f"
   data: [ 9.25213318e+02, 3.62944519e+02, 7.70664871e-01,
       8.39026367e+02, 3.04159302e+02, 3.97305965e-01, 8.35081055e+02,
       2.96304321e+02, 6.10716283e-01, 7.39044495e+02, 2.57217346e+02,
       7.49272943e-01, 6.49032593e+02, 3.86435059e+02, 7.78664649e-01,
       8.50727722e+02, 3.10029541e+02, 2.41240636e-01, 0., 0., 0., 0.,
       0., 0., 6.15655273e+02, 3.04141785e+02, 1.62052080e-01,
       5.88249390e+02, 2.88496429e+02, 1.59030095e-01, 3.08084778e+02,
       3.51163605e+02, 2.55972713e-01, 1.33709702e+02, 3.37467865e+02,
       2.31246561e-01, 6.39189880e+02, 3.35521606e+02, 8.10359567e-02,
       6.33333496e+02, 3.70774841e+02, 1.37859747e-01, 5.99942810e+02,
       4.21715027e+02, 2.60734558e-01, 9.35015625e+02, 3.37514984e+02,
       8.21096718e-01, 9.37001526e+02, 3.66767212e+02, 6.62513614e-01,
       9.15373352e+02, 2.98308350e+02, 8.39775503e-01, 0., 0., 0.,
       6.17655945e+02, 4.47161469e+02, 1.67397216e-01, 6.19572021e+02,
       4.47131683e+02, 1.41099736e-01, 5.80408997e+02, 4.31541687e+02,
       2.42537081e-01, 1.14125137e+02, 3.76643127e+02, 5.97231388e-02,
       0., 0., 0., 0., 0., 0. ]
