%YAML:1.0
---
pose_0: !!opencv-matrix
   rows: 1
   cols: 25
   dt: "3f"
   data: [ 9.62498840e+02, 2.43452972e+02, 8.43501210e-01,
       8.36990479e+02, 2.70807892e+02, 6.55861974e-01, 8.19394775e+02,
       1.86616791e+02, 6.43817842e-01, 7.19491455e+02, 1.72935928e+02,
       4.74825710e-01, 6.62689636e+02, 1.67069107e+02, 6.90378666e-01,
       8.50746704e+02, 3.51159119e+02, 5.83737373e-01, 7.46899536e+02,
       4.62900757e+02, 8.07614326e-01, 7.92081482e+02, 3.35496796e+02,
       7.11647809e-01, 5.15753479e+02, 2.86539368e+02, 1.12106666e-01,
       5.21630737e+02, 2.51266861e+02, 1.72511235e-01, 3.13938538e+02,
       2.72751465e+02, 1.67107552e-01, 6.51481171e+01, 2.61043365e+02,
       9.59109962e-02, 5.49041504e+02, 3.41389984e+02, 5.78502528e-02,
       3.25743256e+02, 3.37498108e+02, 1.81305334e-01, 1.53321777e+02,
       3.33571045e+02, 1.46984115e-01, 9.64507324e+02, 2.23791000e+02,
       8.60718071e-01, 9.78016296e+02, 2.59151123e+02, 8.27412486e-01,
       9.33009155e+02, 1.98397125e+02, 5.34580231e-01, 9.58510681e+02,
       2.88506836e+02, 2.94321179e-01, 1.12182404e+02, 3.39410889e+02,
       6.30623028e-02, 1.23925949e+02, 3.53111938e+02, 6.80658668e-02,
       1.47433472e+02, 3.37455383e+02, 9.00434628e-02, 0., 0., 0., 0.,
       0., 0., 0., 0., 0. ]
