%YAML:1.0
---
pose_0: !!opencv-matrix
   rows: 1
   cols: 25
   dt: "3f"
   data: [ 9.93759521e+02, 2.70843781e+02, 8.16792488e-01,
       8.60577820e+02, 2.84577942e+02, 6.12823486e-01, 8.52691162e+02,
       1.94462357e+02, 6.48764312e-01, 8.15496277e+02, 1.63071030e+02,
       3.50997329e-01, 7.46940308e+02, 1.31686600e+02, 6.67573094e-01,
       8.70388000e+02, 3.70782166e+02, 6.32796824e-01, 7.70407776e+02,
       4.62782440e+02, 7.06206560e-01, 6.47005859e+02, 4.64854736e+02,
       7.97315896e-01, 6.15672241e+02, 2.68896179e+02, 8.63585025e-02,
       6.05872803e+02, 2.37537048e+02, 1.14827782e-01, 5.13773926e+02,
       2.17970261e+02, 1.26554087e-01, 3.53175446e+02, 2.59110199e+02,
       1.15973085e-01, 5.96065857e+02, 3.47271606e+02, 5.07779419e-02,
       4.04090851e+02, 3.66821075e+02, 5.73854111e-02, 3.35518799e+02,
       3.64876801e+02, 1.49731591e-01, 9.99653015e+02, 2.43391281e+02,
       8.19097459e-01, 1.00748743e+03, 2.84565308e+02, 7.87216306e-01,
       9.68315369e+02, 2.12128403e+02, 4.01561916e-01, 9.80056702e+02,
       3.08103973e+02, 7.57949278e-02, 0., 0., 0., 0., 0., 0., 0., 0.,
       0., 0., 0., 0., 0., 0., 0., 0., 0., 0. ]
