%YAML:1.0
---
pose_0: !!opencv-matrix
   rows: 1
   cols: 25
   dt: "3f"
   data: [ 8.62511536e+02, 1.86646790e+02, 6.84597492e-01,
       7.72387878e+02, 1.90491928e+02, 6.63386762e-01, 7.58737793e+02,
       1.18011719e+02, 7.70575762e-01, 6.50891663e+02, 7.10587158e+01,
       8.55749071e-01, 6.15676514e+02, 1.61170502e+02, 6.93266928e-01,
       7.82226013e+02, 2.55202438e+02, 6.43909097e-01, 7.09669922e+02,
       3.21824524e+02, 8.41610909e-01, 8.21455322e+02, 2.76787109e+02,
       8.31939280e-01, 5.98008667e+02, 2.08153870e+02, 2.40793407e-01,
       5.86313416e+02, 1.70968796e+02, 2.69570708e-01, 3.62943848e+02,
       1.72885483e+02, 1.16712630e-01, 0., 0., 0., 6.03932800e+02,
       2.55205276e+02, 1.95730984e-01, 5.11853058e+02, 2.92382172e+02,
       1.93249926e-01, 3.62950348e+02, 2.88464539e+02, 2.19729543e-01,
       8.72326294e+02, 1.68992874e+02, 7.61994958e-01, 8.76199829e+02,
       2.04213470e+02, 7.59383917e-01, 8.58584534e+02, 1.49458847e+02,
       5.44120848e-01, 8.56628662e+02, 2.25742996e+02, 3.53764415e-01,
       3.00242920e+02, 2.74824158e+02, 7.49103501e-02, 3.04120178e+02,
       2.88465210e+02, 7.45273530e-02, 0., 0., 0., 0., 0., 0., 0., 0.,
       0., 0., 0., 0. ]
