%YAML:1.0
---
pose_0: !!opencv-matrix
   rows: 2
   cols: 25
   dt: "3f"
   data: [ 8.46848206e+02, 1.16033447e+02, 8.11493158e-01,
       7.60693604e+02, 8.67623062e+01, 7.03375459e-01, 7.54756775e+02,
       2.39753056e+01, 5.97303987e-01, 7.11720154e+02, 5.35285759e+00,
       5.58068231e-02, 0., 0., 0., 7.74341187e+02, 1.53312134e+02,
       5.38366735e-01, 7.95940918e+02, 2.33659744e+02, 5.11013269e-01,
       8.54640381e+02, 3.06114471e+02, 4.28244472e-01, 5.39220764e+02,
       1.02354561e+02, 1.91214100e-01, 5.27535583e+02, 6.51329041e+01,
       1.95058718e-01, 3.51205719e+02, 1.63086639e+02, 9.78234410e-02,
       1.76842209e+02, 1.80689148e+02, 1.95838004e-01, 5.37282532e+02,
       1.55265289e+02, 1.63888365e-01, 3.55137146e+02, 1.65021622e+02,
       1.76254928e-01, 1.78813126e+02, 1.80681244e+02, 8.28949735e-02,
       8.54772705e+02, 9.06107025e+01, 8.00256491e-01, 8.64490173e+02,
       1.16141121e+02, 7.59628296e-01, 8.37016418e+02, 5.34776688e+01,
       8.68893623e-01, 0., 0., 0., 0., 0., 0., 0., 0., 0., 0., 0., 0.,
       1.45481857e+02, 1.69016510e+02, 1.15126133e-01, 1.47401077e+02,
       1.68968948e+02, 1.06187895e-01, 1.63095673e+02, 1.78766617e+02,
       1.35116443e-01, 0., 0., 0., 0., 0., 0., 7.76374573e+02,
       1.63064529e+02, 7.07365274e-02, 7.93915588e+02, 2.29754791e+02,
       3.77432734e-01, 8.56700012e+02, 3.10021851e+02, 6.24934137e-01,
       0., 0., 0., 0., 0., 0., 0., 0., 0., 0., 0., 0., 0., 0., 0., 0.,
       0., 0., 0., 0., 0., 0., 0., 0., 0., 0., 0., 0., 0., 0., 0., 0.,
       0., 0., 0., 0., 0., 0., 0., 0., 0., 0., 0., 0., 0., 0., 0., 0.,
       0., 0., 0., 0., 0., 0., 0., 0., 0., 0., 0., 0. ]
