%YAML:1.0
---
pose_0: !!opencv-matrix
   rows: 1
   cols: 25
   dt: "3f"
   data: [ 8.31182556e+02, 2.43389175e+02, 2.91779548e-01,
       7.76350464e+02, 3.06083710e+02, 4.29435253e-01, 7.72396301e+02,
       2.92426208e+02, 1.13429897e-01, 0., 0., 0., 0., 0., 0.,
       7.88074463e+02, 3.23749481e+02, 5.41202545e-01, 7.29220459e+02,
       1.74848282e+02, 7.08104968e-01, 8.21329956e+02, 1.68959793e+02,
       7.87320971e-01, 5.51030273e+02, 3.62935577e+02, 1.78751051e-01,
       5.37316956e+02, 3.37492706e+02, 1.82896644e-01, 3.66869904e+02,
       4.86369385e+02, 2.34346211e-01, 2.25733917e+02, 6.01928589e+02,
       2.84281552e-01, 5.68640564e+02, 3.98175049e+02, 1.17374033e-01,
       3.68784363e+02, 4.86375702e+02, 2.12560251e-01, 2.16000183e+02,
       6.03904175e+02, 1.70301706e-01, 0., 0., 0., 8.39066406e+02,
       2.45450195e+02, 1.39377847e-01, 0., 0., 0., 8.54734070e+02,
       2.92398682e+02, 7.83720970e-01, 1.63036087e+02, 5.90168884e+02,
       6.25589564e-02, 0., 0., 0., 2.06219543e+02, 6.19576355e+02,
       1.50824398e-01, 0., 0., 0., 0., 0., 0., 2.12131332e+02,
       6.17628113e+02, 2.21789956e-01 ]
