%YAML:1.0
---
pose_0: !!opencv-matrix
   rows: 1
   cols: 25
   dt: "3f"
   data: [ 1.08585254e+03, 2.78697510e+02, 6.59932673e-01,
       1.00749915e+03, 2.90448486e+02, 6.22832961e-02, 9.50673523e+02,
       1.67038239e+02, 7.78029040e-02, 0., 0., 0., 0., 0., 0.,
       1.05453955e+03, 3.62955200e+02, 1.23669401e-01, 0., 0., 0., 0.,
       0., 0., 0., 0., 0., 0., 0., 0., 0., 0., 0., 0., 0., 0., 0., 0.,
       0., 0., 0., 0., 0., 0., 0., 1.10341077e+03, 2.47361877e+02,
       6.98247015e-01, 1.10938208e+03, 2.94363647e+02, 5.68379402e-01,
       1.07014038e+03, 1.96418167e+02, 6.98671222e-01, 0., 0., 0., 0.,
       0., 0., 0., 0., 0., 0., 0., 0., 0., 0., 0., 0., 0., 0., 0., 0.,
       0. ]
