%YAML:1.0
---
pose_0: !!opencv-matrix
   rows: 1
   cols: 25
   dt: "3f"
   data: [ 9.31125916e+02, 3.15876953e+02, 8.34203064e-01,
       8.19363220e+02, 3.37422577e+02, 6.80258453e-01, 8.05694763e+02,
       2.57178467e+02, 7.35863686e-01, 6.64613464e+02, 2.39479263e+02,
       5.75976729e-01, 5.47101440e+02, 2.37546555e+02, 4.85426486e-01,
       8.25268799e+02, 4.15781860e+02, 6.24938965e-01, 7.13677979e+02,
       4.60928955e+02, 8.52740169e-01, 6.54841492e+02, 3.84514740e+02,
       7.63310969e-01, 5.45158875e+02, 3.49223297e+02, 2.19301671e-01,
       5.58850891e+02, 2.92442841e+02, 3.02869618e-01, 3.59032501e+02,
       2.72817108e+02, 2.80977607e-01, 2.08149277e+02, 2.27814255e+02,
       9.85372663e-02, 5.41196899e+02, 3.96222931e+02, 2.64394909e-01,
       3.64910156e+02, 4.47214905e+02, 4.40852135e-01, 1.69004868e+02,
       5.05895966e+02, 3.00020546e-01, 9.36940308e+02, 2.92449066e+02,
       8.41522276e-01, 9.46702332e+02, 3.29614227e+02, 8.44432235e-01,
       9.11504333e+02, 2.76755646e+02, 5.29231548e-01, 9.25223450e+02,
       3.53133972e+02, 3.06261063e-01, 9.45154343e+01, 5.11839172e+02,
       1.53962150e-01, 1.02430084e+02, 5.23532349e+02, 1.79404408e-01,
       1.61129150e+02, 5.03974854e+02, 1.61476120e-01, 0., 0., 0., 0.,
       0., 0., 0., 0., 0. ]
