%YAML:1.0
---
pose_0: !!opencv-matrix
   rows: 1
   cols: 25
   dt: "3f"
   data: [ 9.05643860e+02, 2.27758850e+02, 7.47728288e-01,
       8.41013306e+02, 3.00231049e+02, 4.83473241e-01, 0., 0., 0., 0.,
       0., 0., 0., 0., 0., 8.60527527e+02, 3.08138550e+02,
       5.07203579e-01, 7.41021912e+02, 2.78690155e+02, 5.96421301e-01,
       7.39108521e+02, 1.82755936e+02, 7.48082042e-01, 5.02021423e+02,
       3.51169434e+02, 2.08525404e-01, 5.07889404e+02, 3.12030060e+02,
       2.19077140e-01, 3.04146210e+02, 2.80660980e+02, 2.52175808e-01,
       9.64873810e+01, 4.09943054e+02, 8.36762041e-02, 4.96168427e+02,
       3.86462891e+02, 1.77995160e-01, 3.00228455e+02, 2.82613525e+02,
       2.86512345e-01, 7.10001907e+01, 4.23649719e+02, 7.18510225e-02,
       9.19368408e+02, 2.21878021e+02, 6.10788226e-01, 9.33016479e+02,
       2.51235367e+02, 8.37701082e-01, 0., 0., 0., 9.17453613e+02,
       3.04171722e+02, 8.68925333e-01, 0., 0., 0., 0., 0., 0., 0., 0.,
       0., 0., 0., 0., 0., 0., 0., 0., 0., 0. ]
