%YAML:1.0
---
pose_0: !!opencv-matrix
   rows: 1
   cols: 25
   dt: "3f"
   data: [ 8.93830566e+02, 2.29745544e+02, 7.56171346e-01,
       7.80232422e+02, 2.47376343e+02, 6.86141729e-01, 7.58697632e+02,
       1.80751907e+02, 7.11206615e-01, 6.47035278e+02, 1.49428299e+02,
       6.72533154e-01, 5.52933777e+02, 1.17979698e+02, 7.92514920e-01,
       8.05631226e+02, 3.17873108e+02, 6.24629319e-01, 8.05624390e+02,
       4.49193573e+02, 7.99889386e-01, 8.54609009e+02, 5.56835754e+02,
       6.92381084e-01, 5.45124756e+02, 2.94349823e+02, 2.65270472e-01,
       5.45122620e+02, 2.49319077e+02, 3.66919518e-01, 3.27693237e+02,
       2.37515305e+02, 2.43557394e-01, 1.29777695e+02, 2.27700348e+02,
       7.87721872e-02, 5.35353149e+02, 3.37516998e+02, 2.92982757e-01,
       3.68791382e+02, 4.02108734e+02, 4.68007803e-01, 2.10147507e+02,
       5.07895630e+02, 4.55250323e-01, 9.01639343e+02, 2.12156876e+02,
       8.57072532e-01, 9.03629944e+02, 2.45444000e+02, 7.90558577e-01,
       8.76209656e+02, 1.94448120e+02, 2.73863733e-01, 8.89931702e+02,
       2.72863403e+02, 3.65702659e-01, 1.49351318e+02, 5.21597107e+02,
       9.92513970e-02, 1.59186127e+02, 5.27482361e+02, 9.26282704e-02,
       1.94477951e+02, 5.13818909e+02, 2.62930423e-01, 0., 0., 0., 0.,
       0., 0., 0., 0., 0. ]
