%YAML:1.0
---
pose_0: !!opencv-matrix
   rows: 1
   cols: 25
   dt: "3f"
   data: [ 9.76112854e+02, 2.88517212e+02, 8.18785310e-01,
       8.50721741e+02, 3.08084961e+02, 6.51228368e-01, 8.35117004e+02,
       2.16006287e+02, 6.48665428e-01, 7.03838501e+02, 1.78825760e+02,
       7.45512843e-01, 5.94123657e+02, 1.63033569e+02, 8.14624548e-01,
       8.58604919e+02, 3.98202087e+02, 5.78557014e-01, 7.25362122e+02,
       4.66761444e+02, 5.15986383e-01, 5.86271362e+02, 5.33377136e+02,
       7.27417350e-01, 5.78436707e+02, 3.43347687e+02, 1.71307996e-01,
       5.82362976e+02, 2.90491577e+02, 1.90460384e-01, 3.23747986e+02,
       3.15934021e+02, 2.15070128e-01, 0., 0., 0., 5.70589722e+02,
       4.00192993e+02, 1.65004894e-01, 4.53063538e+02, 4.25619995e+02,
       9.09083560e-02, 3.57067596e+02, 4.29549866e+02, 7.76069835e-02,
       9.80021729e+02, 2.61114594e+02, 8.56354833e-01, 9.91757629e+02,
       3.04138000e+02, 8.39426041e-01, 9.46812500e+02, 2.39489258e+02,
       6.13382995e-01, 9.80063538e+02, 3.31557220e+02, 1.32121548e-01,
       3.51185608e+02, 4.62854797e+02, 5.02373204e-02, 3.53139709e+02,
       4.64787506e+02, 5.03741540e-02, 0., 0., 0., 0., 0., 0., 0., 0.,
       0., 0., 0., 0. ]
