%YAML:1.0
---
pose_0: !!opencv-matrix
   rows: 1
   cols: 25
   dt: "3f"
   data: [ 9.23227722e+02, 4.04054993e+02, 7.64112890e-01,
       8.15461609e+02, 4.19776855e+02, 6.60825849e-01, 8.03691101e+02,
       3.45306702e+02, 5.98345280e-01, 7.76405823e+02, 2.19936676e+02,
       6.13265634e-01, 8.23380554e+02, 9.84827118e+01, 5.10377467e-01,
       8.23388062e+02, 4.98114044e+02, 6.30873859e-01, 7.23386169e+02,
       5.54905151e+02, 7.10477948e-01, 5.74558533e+02, 5.39319153e+02,
       7.44600415e-01, 5.78449707e+02, 4.00182251e+02, 1.07195653e-01,
       5.76484253e+02, 3.64864044e+02, 1.66407570e-01, 3.70770660e+02,
       3.29636047e+02, 7.01363310e-02, 0., 0., 0., 5.66696716e+02,
       4.68721802e+02, 8.66739526e-02, 0., 0., 0., 0., 0., 0.,
       9.31070862e+02, 3.84433899e+02, 9.24864233e-01, 9.40862366e+02,
       4.17778564e+02, 8.17701936e-01, 9.01776550e+02, 3.66762512e+02,
       6.40436649e-01, 9.29078186e+02, 4.39348450e+02, 3.07977289e-01,
       0., 0., 0., 0., 0., 0., 0., 0., 0., 0., 0., 0., 0., 0., 0., 0.,
       0., 0. ]
