%YAML:1.0
---
pose_0: !!opencv-matrix
   rows: 1
   cols: 25
   dt: "3f"
   data: [ 8.95822449e+02, 4.45158966e+02, 7.92568564e-01,
       8.03769226e+02, 4.35408478e+02, 7.08000600e-01, 7.95940979e+02,
       3.62943634e+02, 6.43523812e-01, 7.13535156e+02, 2.72788971e+02,
       8.74518871e-01, 6.56807251e+02, 3.66755035e+02, 8.09310853e-01,
       8.07677917e+02, 5.09809021e+02, 6.81348085e-01, 7.17581909e+02,
       5.76454346e+02, 7.69751191e-01, 6.29384827e+02, 5.70658875e+02,
       8.14771771e-01, 5.45139832e+02, 4.62876221e+02, 1.92036673e-01,
       5.43175232e+02, 4.23665161e+02, 2.46938005e-01, 3.82530701e+02,
       4.47197510e+02, 7.16476664e-02, 0., 0., 0., 5.54898865e+02,
       5.09856384e+02, 2.10935429e-01, 0., 0., 0., 0., 0., 0.,
       9.03677246e+02, 4.21727844e+02, 7.90946007e-01, 9.09505066e+02,
       4.58867767e+02, 7.61211634e-01, 8.84070496e+02, 3.98189850e+02,
       6.54689610e-01, 8.99682312e+02, 4.76459290e+02, 7.08766356e-02,
       0., 0., 0., 0., 0., 0., 0., 0., 0., 0., 0., 0., 0., 0., 0., 0.,
       0., 0. ]
