%YAML:1.0
---
pose_0: !!opencv-matrix
   rows: 1
   cols: 25
   dt: "3f"
   data: [ 8.84117493e+02, 4.13924683e+02, 8.24940920e-01,
       7.78333618e+02, 4.31545410e+02, 6.63842440e-01, 7.72405212e+02,
       3.59022705e+02, 7.08391190e-01, 6.86167603e+02, 3.10037781e+02,
       7.23261237e-01, 6.64607849e+02, 2.57188141e+02, 8.39004219e-01,
       7.89993225e+02, 5.05902069e+02, 6.32398367e-01, 6.76356628e+02,
       5.80398926e+02, 7.25188255e-01, 7.52785583e+02, 5.62745483e+02,
       6.99552238e-01, 5.54892700e+02, 4.49143005e+02, 3.50351989e-01,
       5.56891418e+02, 4.04086182e+02, 4.35587585e-01, 3.55123169e+02,
       3.98175781e+02, 3.48596185e-01, 0., 0., 0., 5.52960388e+02,
       4.94200928e+02, 3.96355599e-01, 3.76664063e+02, 5.25637634e+02,
       4.00228024e-01, 2.08164337e+02, 5.68663147e+02, 1.93544000e-01,
       8.93897766e+02, 4.00202179e+02, 8.45314443e-01, 8.99749329e+02,
       4.31459320e+02, 8.11376572e-01, 8.70357178e+02, 3.88459534e+02,
       3.87614369e-01, 8.78178162e+02, 4.60846558e+02, 6.40641212e-01,
       1.47390259e+02, 5.99966309e+02, 5.57023473e-02, 1.49445847e+02,
       6.01990234e+02, 6.65545911e-02, 0., 0., 0., 0., 0., 0., 0., 0.,
       0., 0., 0., 0. ]
