%YAML:1.0
---
pose_0: !!opencv-matrix
   rows: 1
   cols: 25
   dt: "3f"
   data: [ 8.66415466e+02, 1.45427567e+02, 8.01002622e-01,
       7.76266663e+02, 1.16037727e+02, 7.35044003e-01, 7.70436279e+02,
       4.55587692e+01, 6.13052368e-01, 0., 0., 0., 0., 0., 0.,
       7.88100342e+02, 1.86592224e+02, 6.29597008e-01, 7.97860657e+02,
       2.76798370e+02, 7.27844000e-01, 8.52734680e+02, 3.82445007e+02,
       7.86835074e-01, 5.54945374e+02, 1.35679947e+02, 3.04171771e-01,
       5.52929810e+02, 9.64684372e+01, 3.82131904e-01, 3.41395538e+02,
       1.20011505e+02, 1.10154055e-01, 0., 0., 0., 5.56880249e+02,
       1.84654282e+02, 3.10566485e-01, 3.66844025e+02, 2.06209274e+02,
       2.09523708e-01, 3.15934113e+02, 2.12066345e+02, 6.63049072e-02,
       8.76238647e+02, 1.20012802e+02, 7.73139119e-01, 8.82090759e+02,
       1.47379898e+02, 8.31233501e-01, 8.56656372e+02, 8.07872696e+01,
       7.96559393e-01, 0., 0., 0., 0., 0., 0., 0., 0., 0., 0., 0., 0.,
       0., 0., 0., 0., 0., 0., 0., 0., 0. ]
