%YAML:1.0
---
pose_0: !!opencv-matrix
   rows: 1
   cols: 25
   dt: "3f"
   data: [ 8.86089966e+02, 3.13961243e+02, 8.18607271e-01,
       7.84136902e+02, 3.47246246e+02, 6.40573680e-01, 7.58739441e+02,
       2.88518921e+02, 6.50441587e-01, 6.50945496e+02, 2.90429504e+02,
       2.92070895e-01, 5.58857605e+02, 2.64967133e+02, 3.85890186e-01,
       8.05622803e+02, 4.06059509e+02, 5.94962955e-01, 9.17429688e+02,
       4.58898834e+02, 7.67591298e-01, 1.06626941e+03, 4.37405304e+02,
       6.03517890e-01, 5.52965637e+02, 3.68832428e+02, 2.00653911e-01,
       5.52971130e+02, 3.23757568e+02, 3.32166374e-01, 3.29651733e+02,
       2.82627380e+02, 1.75088823e-01, 0., 0., 0., 5.31436218e+02,
       4.19745453e+02, 1.74013153e-01, 3.53137939e+02, 5.11800598e+02,
       5.05655587e-01, 2.12088135e+02, 6.17617676e+02, 5.13146818e-01,
       8.95796509e+02, 3.02151917e+02, 7.65205324e-01, 8.99710266e+02,
       3.29609772e+02, 8.01653087e-01, 8.64452454e+02, 2.88532227e+02,
       2.37318471e-01, 8.86014587e+02, 3.59043915e+02, 5.31329572e-01,
       1.31731812e+02, 6.45040894e+02, 2.41770625e-01, 1.41578369e+02,
       6.50935425e+02, 2.38964558e-01, 2.04218399e+02, 6.29383850e+02,
       2.36277193e-01, 0., 0., 0., 0., 0., 0., 0., 0., 0. ]
