%YAML:1.0
---
pose_0: !!opencv-matrix
   rows: 1
   cols: 25
   dt: "3f"
   data: [ 9.09546875e+02, 3.68865234e+02, 7.53771245e-01,
       8.35112854e+02, 2.82646515e+02, 4.09532666e-01, 8.39077087e+02,
       2.65009125e+02, 6.88842416e-01, 7.27343628e+02, 2.39519760e+02,
       7.39835978e-01, 6.05868958e+02, 3.55097992e+02, 6.83623016e-01,
       8.27254700e+02, 3.10033142e+02, 1.57539159e-01, 0., 0., 0., 0.,
       0., 0., 0., 0., 0., 0., 0., 0., 0., 0., 0., 0., 0., 0., 0., 0.,
       0., 0., 0., 0., 0., 0., 0., 9.31064941e+02, 3.49189972e+02,
       7.52630413e-01, 9.27199158e+02, 3.76651794e+02, 2.60305732e-01,
       9.15442200e+02, 3.04065216e+02, 8.89977217e-01, 0., 0., 0., 0.,
       0., 0., 0., 0., 0., 0., 0., 0., 0., 0., 0., 0., 0., 0., 0., 0.,
       0. ]
