%YAML:1.0
---
pose_0: !!opencv-matrix
   rows: 1
   cols: 25
   dt: "3f"
   data: [ 1.02506091e+03, 2.21852097e+02, 7.61413038e-01,
       8.74249268e+02, 2.61058350e+02, 5.24085641e-01, 8.48810242e+02,
       1.74865921e+02, 5.16632318e-01, 7.23414063e+02, 1.63039810e+02,
       2.69521624e-01, 6.88179443e+02, 1.51417862e+02, 6.20792687e-01,
       8.99693237e+02, 3.45309570e+02, 4.08027589e-01, 8.01746704e+02,
       5.11841919e+02, 4.35084879e-01, 8.27258423e+02, 3.53169128e+02,
       5.87786555e-01, 6.00003662e+02, 2.66942200e+02, 6.18413165e-02,
       5.68628296e+02, 2.27774185e+02, 8.11949521e-02, 0., 0., 0., 0.,
       0., 0., 0., 0., 0., 0., 0., 0., 0., 0., 0., 1.02507776e+03,
       1.96471100e+02, 8.89467657e-01, 1.03687024e+03, 2.41392227e+02,
       7.37378240e-01, 9.80015198e+02, 1.76803192e+02, 3.74504864e-01,
       1.00945911e+03, 2.76717102e+02, 3.43158513e-01, 0., 0., 0., 0.,
       0., 0., 0., 0., 0., 0., 0., 0., 0., 0., 0., 0., 0., 0. ]
