%YAML:1.0
---
pose_0: !!opencv-matrix
   rows: 1
   cols: 25
   dt: "3f"
   data: [ 8.76206116e+02, 2.33673416e+02, 7.41605818e-01,
       7.60711182e+02, 2.59112457e+02, 7.08212018e-01, 7.58732239e+02,
       1.94465073e+02, 7.31308937e-01, 6.54825867e+02, 1.59199142e+02,
       5.10166883e-01, 5.92191467e+02, 1.02310425e+02, 4.51905757e-01,
       7.66516418e+02, 3.27693359e+02, 6.04344547e-01, 6.84230286e+02,
       3.29638336e+02, 6.59809411e-01, 8.05633301e+02, 2.72898041e+02,
       7.05539048e-01, 5.49043152e+02, 2.37554535e+02, 2.64923066e-01,
       5.47094604e+02, 2.02300232e+02, 3.62932533e-01, 3.70830933e+02,
       2.04221756e+02, 4.82841969e-01, 2.47342377e+02, 2.27803497e+02,
       1.23328440e-01, 5.41239014e+02, 2.88492157e+02, 1.89370885e-01,
       3.53132019e+02, 2.72811371e+02, 2.38265306e-01, 0., 0., 0.,
       8.82123108e+02, 2.23774826e+02, 7.98609316e-01, 8.84087402e+02,
       2.47349289e+02, 7.75075614e-01, 8.48773926e+02, 2.08128052e+02,
       2.19907150e-01, 8.56689453e+02, 2.78685150e+02, 5.22506833e-01,
       0., 0., 0., 0., 0., 0., 0., 0., 0., 2.08165680e+02,
       2.33628738e+02, 6.82351366e-02, 2.10123840e+02, 2.27768799e+02,
       8.56000558e-02, 0., 0., 0. ]
