%YAML:1.0
---
pose_0: !!opencv-matrix
   rows: 1
   cols: 25
   dt: "3f"
   data: [ 9.31073669e+02, 2.68861664e+02, 7.87324965e-01,
       8.13574890e+02, 2.80633575e+02, 6.04440272e-01, 8.05639832e+02,
       1.98350632e+02, 6.90415084e-01, 6.84249695e+02, 1.74890228e+02,
       6.73846483e-01, 6.09778381e+02, 1.65054001e+02, 8.33790243e-01,
       8.23368164e+02, 3.66779419e+02, 6.43165290e-01, 7.11591187e+02,
       4.17844971e+02, 6.95194662e-01, 5.72558228e+02, 4.66770721e+02,
       7.64612913e-01, 5.35321106e+02, 3.23741882e+02, 1.82547256e-01,
       5.25542542e+02, 2.76737946e+02, 1.85522079e-01, 3.76655792e+02,
       2.74802795e+02, 1.29455686e-01, 0., 0., 0., 5.37305298e+02,
       3.72715729e+02, 1.94382668e-01, 3.68823730e+02, 3.78591034e+02,
       2.14275673e-01, 3.19842438e+02, 3.76652588e+02, 5.22992760e-02,
       9.34977783e+02, 2.43438492e+02, 8.67373765e-01, 9.44825684e+02,
       2.84524567e+02, 7.92472899e-01, 9.13441284e+02, 2.23770599e+02,
       6.41088188e-01, 9.25207153e+02, 3.02157410e+02, 2.70931393e-01,
       0., 0., 0., 0., 0., 0., 0., 0., 0., 0., 0., 0., 0., 0., 0., 0.,
       0., 0. ]
