%YAML:1.0
---
pose_0: !!opencv-matrix
   rows: 1
   cols: 25
   dt: "3f"
   data: [ 8.66389465e+02, 2.86521240e+02, 7.70274162e-01,
       7.60610718e+02, 3.19831512e+02, 7.60489345e-01, 7.31280273e+02,
       2.66970245e+02, 6.48141742e-01, 6.33259583e+02, 2.72805573e+02,
       3.49777102e-01, 5.25557068e+02, 2.41421722e+02, 2.50962913e-01,
       7.90024170e+02, 3.80527069e+02, 6.19761288e-01, 8.52632935e+02,
       4.82451630e+02, 7.27609813e-01, 9.93800598e+02, 5.27541077e+02,
       3.32747668e-01, 5.23562805e+02, 3.74704071e+02, 2.68293291e-01,
       5.23544495e+02, 3.31591125e+02, 3.56262863e-01, 3.39434814e+02,
       2.92438934e+02, 1.59013912e-01, 0., 0., 0., 5.33386658e+02,
       4.21724213e+02, 2.67786801e-01, 3.68827057e+02, 5.00101227e+02,
       4.45125878e-01, 2.27776764e+02, 6.09771240e+02, 3.45577478e-01,
       8.70348511e+02, 2.72852844e+02, 8.67137432e-01, 8.72390320e+02,
       3.00278564e+02, 7.95314670e-01, 8.52731628e+02, 2.61055054e+02,
       3.01016450e-01, 8.58631042e+02, 3.27702667e+02, 6.02601707e-01,
       1.47452225e+02, 6.37227966e+02, 1.75315395e-01, 1.59172409e+02,
       6.48925110e+02, 1.60723746e-01, 2.12107056e+02, 6.15676758e+02,
       1.94748268e-01, 0., 0., 0., 0., 0., 0., 0., 0., 0. ]
