%YAML:1.0
---
pose_0: !!opencv-matrix
   rows: 1
   cols: 25
   dt: "3f"
   data: [ 8.88012573e+02, 4.02099792e+02, 8.26801121e-01,
       7.80271545e+02, 4.31555817e+02, 7.10803628e-01, 7.60693604e+02,
       3.68770264e+02, 7.67377317e-01, 6.43082947e+02, 3.51081482e+02,
       7.57611692e-01, 6.62643982e+02, 3.21845490e+02, 7.90831387e-01,
       8.03704041e+02, 5.07950226e+02, 6.43934369e-01, 6.84260559e+02,
       5.70671326e+02, 8.31379294e-01, 7.76310608e+02, 4.96225433e+02,
       8.25307012e-01, 5.27516357e+02, 4.37362671e+02, 3.65009218e-01,
       5.33367920e+02, 3.96221985e+02, 5.02948523e-01, 3.35502411e+02,
       3.82467133e+02, 5.15348732e-01, 0., 0., 0., 5.23579346e+02,
       4.82427124e+02, 3.76193583e-01, 3.64897461e+02, 5.02057526e+02,
       2.50761598e-01, 1.80695343e+02, 5.27512146e+02, 1.18885055e-01,
       8.95833557e+02, 3.84534882e+02, 8.76508713e-01, 9.03636414e+02,
       4.15855865e+02, 8.17508280e-01, 8.64494385e+02, 3.70847595e+02,
       6.29566193e-01, 8.84071533e+02, 4.47131317e+02, 7.02608228e-01,
       0., 0., 0., 0., 0., 0., 0., 0., 0., 0., 0., 0., 0., 0., 0., 0.,
       0., 0. ]
