%YAML:1.0
---
pose_0: !!opencv-matrix
   rows: 1
   cols: 25
   dt: "3f"
   data: [ 9.80089600e+02, 3.66897675e+02, 8.02521706e-01,
       8.50700378e+02, 3.74704773e+02, 6.20524585e-01, 8.27271118e+02,
       2.86494507e+02, 5.97477138e-01, 7.11678345e+02, 2.27700409e+02,
       7.49576926e-01, 6.01966858e+02, 2.55171875e+02, 6.29777551e-01,
       8.64478271e+02, 4.66796844e+02, 5.45752406e-01, 7.27366028e+02,
       5.33393921e+02, 5.80744803e-01, 5.99971008e+02, 5.88343262e+02,
       6.67980909e-01, 5.74526184e+02, 4.17806488e+02, 1.49722755e-01,
       5.58854370e+02, 3.68783508e+02, 2.33012930e-01, 4.45194702e+02,
       3.60980133e+02, 7.55503029e-02, 0., 0., 0., 5.82354675e+02,
       4.76550140e+02, 1.21509217e-01, 0., 0., 0., 0., 0., 0.,
       9.91790649e+02, 3.37558441e+02, 8.46187711e-01, 9.95796875e+02,
       3.82569153e+02, 8.03847194e-01, 9.56546570e+02, 3.06206451e+02,
       5.69667757e-01, 9.89862427e+02, 4.02166687e+02, 7.48708174e-02,
       0., 0., 0., 0., 0., 0., 0., 0., 0., 0., 0., 0., 0., 0., 0., 0.,
       0., 0. ]
