%YAML:1.0
---
pose_0: !!opencv-matrix
   rows: 1
   cols: 25
   dt: "3f"
   data: [ 8.78154419e+02, 1.86622452e+02, 6.85129523e-01,
       8.17403015e+02, 2.70844269e+02, 4.24557745e-01, 8.23280701e+02,
       2.74790558e+02, 3.07415664e-01, 7.31298767e+02, 2.63048798e+02,
       1.31079480e-01, 0., 0., 0., 8.19441345e+02, 2.68901123e+02,
       5.80350399e-01, 7.01888062e+02, 2.39540543e+02, 4.89940375e-01,
       6.50851013e+02, 1.47369598e+02, 8.02001774e-01, 5.37299744e+02,
       3.06178864e+02, 3.68724763e-01, 5.37322083e+02, 2.74783325e+02,
       4.63730216e-01, 3.45308289e+02, 2.80663788e+02, 2.03419656e-01,
       2.45389557e+02, 3.66832794e+02, 2.28763252e-01, 5.33393372e+02,
       3.41365906e+02, 3.04151058e-01, 3.35504852e+02, 2.92456696e+02,
       2.46397674e-01, 1.29804840e+02, 3.68842590e+02, 3.32829624e-01,
       0., 0., 0., 8.95836182e+02, 1.96390686e+02, 8.04217219e-01, 0.,
       0., 0., 8.89985779e+02, 2.47331406e+02, 7.49422908e-01,
       8.47033081e+01, 4.11924408e+02, 2.96454519e-01, 8.47772141e+01,
       4.11921234e+02, 3.06202739e-01, 1.00421715e+02, 3.70789764e+02,
       1.78162187e-01, 0., 0., 0., 0., 0., 0., 2.41391327e+02,
       3.70796692e+02, 1.28172994e-01 ]
