%YAML:1.0
---
pose_0: !!opencv-matrix
   rows: 1
   cols: 25
   dt: "3f"
   data: [ 9.48667908e+02, 3.10011383e+02, 7.73952365e-01,
       8.40944092e+02, 2.98257721e+02, 5.72031975e-01, 8.48819824e+02,
       2.12116257e+02, 5.27738512e-01, 7.13642029e+02, 1.20029228e+02,
       7.81682968e-01, 7.76353271e+02, 2.51272522e+02, 6.82247341e-01,
       8.33103149e+02, 3.88424225e+02, 4.16335285e-01, 6.82240479e+02,
       4.45124359e+02, 8.01923454e-01, 7.66547607e+02, 4.00133972e+02,
       8.14923465e-01, 6.23493408e+02, 3.60981079e+02, 7.76166990e-02,
       5.58858337e+02, 2.68891205e+02, 8.79961401e-02, 3.35488007e+02,
       2.74729736e+02, 1.51763275e-01, 1.70947418e+02, 2.84594940e+02,
       2.76492923e-01, 6.37213745e+02, 4.00125397e+02, 8.31497684e-02,
       0., 0., 0., 0., 0., 0., 9.64442261e+02, 2.86508209e+02,
       8.12978387e-01, 9.66324646e+02, 3.31541351e+02, 7.50838995e-01,
       9.48778320e+02, 2.53224594e+02, 4.41143215e-01, 0., 0., 0., 0.,
       0., 0., 0., 0., 0., 0., 0., 0., 9.25818405e+01, 2.25738510e+02,
       1.01419471e-01, 8.87251205e+01, 2.25782288e+02, 7.02677220e-02,
       0., 0., 0. ]
