%YAML:1.0
---
pose_0: !!opencv-matrix
   rows: 1
   cols: 25
   dt: "3f"
   data: [ 8.64476318e+02, 2.47373993e+02, 6.80430710e-01,
       7.90066528e+02, 2.80624756e+02, 7.01014221e-01, 7.89975586e+02,
       2.12086517e+02, 6.20564342e-01, 8.31182312e+02, 1.18025375e+02,
       8.11474681e-01, 9.17353394e+02, 1.96474884e+02, 8.37804615e-01,
       7.92030151e+02, 3.43373871e+02, 6.12291694e-01, 8.44923340e+02,
       4.02182159e+02, 8.07078302e-01, 9.17321350e+02, 3.19766113e+02,
       8.65928113e-01, 5.64711548e+02, 2.92397430e+02, 3.38913858e-01,
       5.58868469e+02, 2.53228928e+02, 4.39203858e-01, 3.96258057e+02,
       2.59084778e+02, 2.53044486e-01, 3.51183136e+02, 3.31576813e+02,
       5.98251559e-02, 5.70576416e+02, 3.39463654e+02, 4.04808998e-01,
       4.21706329e+02, 3.43328827e+02, 1.08820699e-01, 3.66860474e+02,
       3.27680664e+02, 1.42261386e-01, 8.72319885e+02, 2.29775711e+02,
       5.67604899e-01, 8.82046265e+02, 2.63036163e+02, 6.77176952e-01,
       0., 0., 0., 8.72300415e+02, 2.88536438e+02, 4.39231336e-01, 0.,
       0., 0., 0., 0., 0., 0., 0., 0., 0., 0., 0., 0., 0., 0., 0., 0.,
       0. ]
