%YAML:1.0
---
pose_0: !!opencv-matrix
   rows: 1
   cols: 25
   dt: "3f"
   data: [ 9.60479675e+02, 3.06133942e+02, 8.32852304e-01,
       8.48769226e+02, 3.31549225e+02, 6.41247094e-01, 8.35102478e+02,
       2.55193069e+02, 7.07987070e-01, 6.92048828e+02, 2.25846512e+02,
       7.39573956e-01, 5.90258057e+02, 2.12020081e+02, 8.53267491e-01,
       8.64452148e+02, 4.09938202e+02, 6.04882121e-01, 7.46922363e+02,
       4.66806000e+02, 7.17948794e-01, 6.11778870e+02, 4.68766327e+02,
       7.41085887e-01, 5.60801697e+02, 3.51185425e+02, 2.08934963e-01,
       5.70613098e+02, 2.92411072e+02, 2.48342708e-01, 3.84522858e+02,
       3.06117798e+02, 1.47860587e-01, 3.47271484e+02, 2.72814148e+02,
       1.40480116e-01, 5.64713135e+02, 4.02151703e+02, 2.06789523e-01,
       3.70786346e+02, 4.09934570e+02, 1.81111097e-01, 0., 0., 0.,
       9.64488281e+02, 2.88495483e+02, 8.92865300e-01, 9.76115479e+02,
       3.21905243e+02, 8.46612275e-01, 9.44799194e+02, 2.70779694e+02,
       5.55194438e-01, 9.48767151e+02, 3.53220551e+02, 4.67060208e-01,
       0., 0., 0., 0., 0., 0., 0., 0., 0., 0., 0., 0., 0., 0., 0.,
       3.49210541e+02, 2.76737732e+02, 8.61361623e-02 ]
