%YAML:1.0
---
pose_0: !!opencv-matrix
   rows: 1
   cols: 25
   dt: "3f"
   data: [ 8.88007446e+02, 1.94516159e+02, 7.83108234e-01,
       7.84113892e+02, 2.12127762e+02, 6.97015524e-01, 7.74313416e+02,
       1.35667099e+02, 7.31442153e-01, 6.54868469e+02, 1.10192474e+02,
       7.55919755e-01, 5.86225220e+02, 1.33756165e+02, 8.46982658e-01,
       7.88066956e+02, 2.90453888e+02, 6.69831693e-01, 6.80359863e+02,
       3.35506744e+02, 7.86632419e-01, 5.56833923e+02, 3.51097961e+02,
       8.39083433e-01, 5.37293701e+02, 2.39522812e+02, 3.98983330e-01,
       5.41181396e+02, 1.94495605e+02, 4.27923262e-01, 3.66826294e+02,
       1.76773163e+02, 3.05655539e-01, 1.72880646e+02, 1.63180878e+02,
       3.58352542e-01, 5.39256592e+02, 2.78681274e+02, 4.60120708e-01,
       3.39453278e+02, 3.04088013e+02, 4.59914356e-01, 1.45443878e+02,
       3.29602600e+02, 5.37581086e-01, 8.99701782e+02, 1.78835327e+02,
       8.44142079e-01, 9.01651550e+02, 2.10175858e+02, 8.60095978e-01,
       8.76231750e+02, 1.63110779e+02, 4.91075397e-01, 8.82094543e+02,
       2.41399216e+02, 5.74378788e-01, 9.84220734e+01, 3.88397278e+02,
       4.67561364e-01, 1.02391411e+02, 3.88406952e+02, 4.51308489e-01,
       1.20039658e+02, 3.15935638e+02, 4.85581815e-01, 1.43509262e+02,
       1.31811218e+02, 1.22457244e-01, 1.43504242e+02, 1.33655350e+02,
       1.25266463e-01, 1.61132675e+02, 1.67065445e+02, 2.51411378e-01 ]
