%YAML:1.0
---
pose_0: !!opencv-matrix
   rows: 2
   cols: 25
   dt: "3f"
   data: [ 8.97773438e+02, 2.39439728e+02, 8.18800330e-01,
       8.01807922e+02, 2.21909927e+02, 6.62622750e-01, 8.13565857e+02,
       1.55282089e+02, 6.56245589e-01, 7.50847717e+02, 1.12176468e+02,
       7.45072007e-01, 7.66554688e+02, 2.43509506e+02, 7.82823563e-01,
       7.74293457e+02, 2.90494965e+02, 6.21914148e-01, 6.78347351e+02,
       3.02228882e+02, 4.18654472e-01, 0., 0., 0., 6.64639160e+02,
       2.16001846e+02, 5.39252535e-02, 0., 0., 0., 0., 0., 0., 0., 0.,
       0., 6.96031311e+02, 2.61089569e+02, 7.10588172e-02,
       6.74429932e+02, 3.02182098e+02, 2.38397777e-01, 5.39230652e+02,
       3.33556274e+02, 5.06834865e-01, 9.01639648e+02, 2.14069366e+02,
       8.77401590e-01, 9.13440979e+02, 2.43430176e+02, 7.89736509e-01,
       8.80121216e+02, 1.92424973e+02, 6.68795586e-01, 8.86061035e+02,
       2.61038544e+02, 1.09114386e-01, 5.11823212e+02, 3.35454956e+02,
       6.14973344e-02, 5.09833527e+02, 3.39452728e+02, 8.05374458e-02,
       5.23600769e+02, 3.29637299e+02, 2.92165011e-01, 0., 0., 0., 0.,
       0., 0., 0., 0., 0., 0., 0., 0., 0., 0., 0., 0., 0., 0., 0., 0.,
       0., 0., 0., 0., 0., 0., 0., 0., 0., 0., 0., 0., 0.,
       5.47097168e+02, 2.12109970e+02, 1.16038255e-01, 5.41226807e+02,
       1.72916183e+02, 1.29153281e-01, 3.39461517e+02, 1.65147751e+02,
       2.42367640e-01, 0., 0., 0., 5.49048218e+02, 2.59086914e+02,
       1.36604533e-01, 3.59021545e+02, 3.33522552e+02, 3.06926757e-01,
       1.57247192e+02, 3.47242218e+02, 4.74409878e-01, 0., 0., 0., 0.,
       0., 0., 0., 0., 0., 0., 0., 0., 1.27836723e+02, 3.92327789e+02,
       2.21781045e-01, 1.29768982e+02, 3.88408691e+02, 2.13192105e-01,
       1.33715256e+02, 3.31601685e+02, 3.27212751e-01, 0., 0., 0., 0.,
       0., 0., 0., 0., 0. ]
