%YAML:1.0
---
pose_0: !!opencv-matrix
   rows: 1
   cols: 25
   dt: "3f"
   data: [ 9.58488403e+02, 2.74802917e+02, 7.73713052e-01,
       8.35020386e+02, 2.98275177e+02, 6.23262763e-01, 8.19397217e+02,
       2.10174896e+02, 6.57144487e-01, 6.80296326e+02, 1.84661102e+02,
       7.06296146e-01, 5.72531982e+02, 1.74885834e+02, 7.47886419e-01,
       8.42964844e+02, 3.82515930e+02, 6.05112314e-01, 7.17566284e+02,
       4.47121735e+02, 6.40075326e-01, 5.58849915e+02, 4.92278992e+02,
       7.29918242e-01, 5.76492310e+02, 3.21820831e+02, 1.79663822e-01,
       5.84301147e+02, 2.70873474e+02, 2.66225815e-01, 5.25508362e+02,
       2.43475113e+02, 2.52517402e-01, 3.37475006e+02, 2.96341827e+02,
       1.09187037e-01, 5.70615479e+02, 3.84520294e+02, 1.87003955e-01,
       4.11918915e+02, 3.96241913e+02, 5.62439151e-02, 3.57041473e+02,
       4.00162994e+02, 5.95723987e-02, 9.64330566e+02, 2.57039307e+02,
       9.03359652e-01, 9.74182800e+02, 2.90516388e+02, 8.43278825e-01,
       9.33058167e+02, 2.27861237e+02, 6.08996928e-01, 9.58502441e+02,
       3.19825287e+02, 2.80705750e-01, 0., 0., 0., 0., 0., 0., 0., 0.,
       0., 0., 0., 0., 0., 0., 0., 0., 0., 0. ]
