%YAML:1.0
---
pose_0: !!opencv-matrix
   rows: 1
   cols: 25
   dt: "3f"
   data: [ 9.11445374e+02, 3.68751129e+02, 8.00139248e-01,
       8.21382629e+02, 3.17833679e+02, 4.53193575e-01, 8.27222717e+02,
       2.90405975e+02, 6.99417889e-01, 7.21420776e+02, 2.53232895e+02,
       7.30301738e-01, 6.66531555e+02, 4.53048126e+02, 5.89197695e-01,
       8.17465271e+02, 3.45303101e+02, 1.57825261e-01, 0., 0., 0., 0.,
       0., 0., 6.27426514e+02, 3.33562897e+02, 2.14423329e-01,
       6.03899475e+02, 2.98288666e+02, 2.19807521e-01, 3.19825195e+02,
       3.49229462e+02, 2.11899251e-01, 1.31790955e+02, 3.35520691e+02,
       3.02850217e-01, 6.33273804e+02, 3.70762115e+02, 1.59316584e-01,
       6.23508362e+02, 3.94258728e+02, 1.38358340e-01, 5.68612854e+02,
       4.66783875e+02, 3.94583017e-01, 9.31049927e+02, 3.49163818e+02,
       7.25210905e-01, 9.27131714e+02, 3.78625244e+02, 7.57014275e-01,
       9.05648254e+02, 3.04249512e+02, 8.66766453e-01, 0., 0., 0.,
       5.64698792e+02, 5.07918945e+02, 3.44036579e-01, 5.60829590e+02,
       5.07845001e+02, 2.99102902e-01, 5.41284119e+02, 4.80503357e+02,
       4.21234250e-01, 8.27383957e+01, 3.45277985e+02, 6.60012588e-02,
       0., 0., 0., 0., 0., 0. ]
