%YAML:1.0
---
pose_0: !!opencv-matrix
   rows: 1
   cols: 25
   dt: "3f"
   data: [ 8.72320374e+02, 4.15900940e+02, 7.28444755e-01,
       7.78259216e+02, 4.70718018e+02, 3.99211347e-01, 7.39088989e+02,
       4.33497772e+02, 2.89037377e-01, 6.15651672e+02, 4.17841370e+02,
       4.20527846e-01, 5.27567810e+02, 3.88420593e+02, 7.58792937e-01,
       8.15485657e+02, 5.00076874e+02, 5.07818818e-01, 8.13512939e+02,
       3.84454193e+02, 3.55768055e-01, 0., 0., 0., 5.35349731e+02,
       4.78505707e+02, 2.11750582e-01, 5.43161865e+02, 4.41291840e+02,
       2.83442408e-01, 3.78624878e+02, 3.82557953e+02, 6.79468364e-02,
       0., 0., 0., 5.27499329e+02, 5.21598694e+02, 2.58375138e-01,
       3.49240570e+02, 5.86249573e+02, 4.85759467e-01, 2.10111755e+02,
       6.47035156e+02, 2.96955287e-01, 8.74286743e+02, 4.08039368e+02,
       6.12015367e-01, 8.87961914e+02, 4.29523621e+02, 7.45441675e-01,
       0., 0., 0., 8.82060242e+02, 4.60931671e+02, 4.29197967e-01,
       1.37642654e+02, 6.35305969e+02, 1.29076108e-01, 1.45489731e+02,
       6.47024292e+02, 1.48359165e-01, 1.96375595e+02, 6.52909180e+02,
       1.80464759e-01, 0., 0., 0., 0., 0., 0., 0., 0., 0. ]
