%YAML:1.0
---
pose_0: !!opencv-matrix
   rows: 1
   cols: 25
   dt: "3f"
   data: [ 9.19372864e+02, 2.88513977e+02, 7.51050830e-01,
       8.09615479e+02, 2.90469818e+02, 6.44403338e-01, 8.05706421e+02,
       2.06182312e+02, 6.47939563e-01, 6.78333191e+02, 1.55267899e+02,
       7.76144981e-01, 6.45072876e+02, 2.10043427e+02, 8.05475771e-01,
       8.07630554e+02, 3.80531128e+02, 5.49565196e-01, 6.86218445e+02,
       4.11929382e+02, 5.98919153e-01, 5.84286438e+02, 4.06016083e+02,
       7.03918874e-01, 5.49059082e+02, 3.06107635e+02, 1.85356960e-01,
       5.60817383e+02, 2.59084167e+02, 2.96076477e-01, 4.94274658e+02,
       2.27827164e+02, 3.81973028e-01, 1.31776276e+02, 3.66907990e+02,
       1.24298483e-01, 5.41237366e+02, 3.62919830e+02, 1.92669988e-01,
       3.68800262e+02, 3.53121033e+02, 2.28837922e-01, 1.39619659e+02,
       3.64890778e+02, 8.10474381e-02, 9.31166870e+02, 2.70811310e+02,
       8.61354411e-01, 9.33138672e+02, 3.06090729e+02, 8.05183351e-01,
       9.03680420e+02, 2.43470840e+02, 5.77664554e-01, 9.19369507e+02,
       3.25732880e+02, 2.85045266e-01, 0., 0., 0., 0., 0., 0., 0., 0.,
       0., 9.45452347e+01, 3.94297638e+02, 1.02279514e-01, 0., 0., 0.,
       0., 0., 0. ]
