%YAML:1.0
---
pose_0: !!opencv-matrix
   rows: 1
   cols: 25
   dt: "3f"
   data: [ 9.15323669e+02, 4.27615570e+02, 8.08367968e-01,
       8.07640442e+02, 4.39324280e+02, 7.00819075e-01, 8.03691284e+02,
       3.64904541e+02, 6.63194060e-01, 7.03789063e+02, 2.86517426e+02,
       7.72259712e-01, 6.80394775e+02, 3.13993530e+02, 8.66443157e-01,
       8.07720276e+02, 5.13812988e+02, 5.80788136e-01, 6.97925781e+02,
       5.84318604e+02, 6.71352744e-01, 5.84315247e+02, 6.21583191e+02,
       7.75873721e-01, 5.56891174e+02, 4.51116333e+02, 2.57706434e-01,
       5.52961487e+02, 4.11900208e+02, 3.88266504e-01, 3.76657806e+02,
       4.17790497e+02, 1.25589088e-01, 0., 0., 0., 5.58841248e+02,
       4.98121918e+02, 2.13080972e-01, 3.86432831e+02, 5.33400024e+02,
       5.80481887e-02, 0., 0., 0., 9.17291687e+02, 4.08024445e+02,
       8.57314527e-01, 9.27194153e+02, 4.41335907e+02, 7.68317997e-01,
       8.95842407e+02, 3.86476715e+02, 5.46168149e-01, 9.01687439e+02,
       4.62784180e+02, 3.92009616e-01, 0., 0., 0., 0., 0., 0., 0., 0.,
       0., 0., 0., 0., 0., 0., 0., 0., 0., 0. ]
