%YAML:1.0
---
pose_0: !!opencv-matrix
   rows: 1
   cols: 25
   dt: "3f"
   data: [ 9.33096863e+02, 2.14093460e+02, 6.92737401e-01,
       8.25317749e+02, 2.16022598e+02, 6.66256905e-01, 8.23392578e+02,
       1.33737656e+02, 7.17312753e-01, 6.99897583e+02, 8.48226166e+01,
       7.22263098e-01, 6.07846252e+02, 1.00335136e+02, 8.06170404e-01,
       8.33155151e+02, 3.06189636e+02, 6.41995430e-01, 7.13664001e+02,
       3.57055145e+02, 7.82421231e-01, 6.09775085e+02, 3.51251617e+02,
       7.74731040e-01, 5.56890686e+02, 2.55197830e+02, 1.65966630e-01,
       5.47102295e+02, 2.00352951e+02, 2.13975072e-01, 4.92234619e+02,
       1.80789612e+02, 5.87295629e-02, 0., 0., 0., 5.92156189e+02,
       3.10036865e+02, 1.22414686e-01, 0., 0., 0., 0., 0., 0.,
       9.48724976e+02, 1.94506271e+02, 8.32707405e-01, 9.46803894e+02,
       2.37541901e+02, 7.62247026e-01, 9.29075256e+02, 1.67016495e+02,
       4.67488796e-01, 9.29123291e+02, 2.59061005e+02, 3.06560457e-01,
       0., 0., 0., 0., 0., 0., 0., 0., 0., 0., 0., 0., 0., 0., 0., 0.,
       0., 0. ]
