%YAML:1.0
---
pose_0: !!opencv-matrix
   rows: 1
   cols: 25
   dt: "3f"
   data: [ 9.58505249e+02, 2.84598236e+02, 7.45380163e-01,
       8.58576111e+02, 3.08111298e+02, 6.79151475e-01, 8.33122498e+02,
       2.33628998e+02, 6.34670317e-01, 6.84203003e+02, 1.47397385e+02,
       7.40263164e-01, 7.37132446e+02, 1.72902435e+02, 5.15639961e-01,
       8.86052124e+02, 3.96217590e+02, 6.38571024e-01, 7.91943115e+02,
       5.23623169e+02, 4.42625940e-01, 7.93967224e+02, 5.11817657e+02,
       2.77857989e-01, 5.70600464e+02, 3.84509674e+02, 1.50878027e-01,
       5.54913208e+02, 3.35478363e+02, 3.12031388e-01, 3.66888428e+02,
       3.51205780e+02, 3.91332746e-01, 2.41474503e+02, 3.66779236e+02,
       5.85897416e-02, 5.54933044e+02, 4.45199585e+02, 1.63530588e-01,
       3.37495331e+02, 5.17730042e+02, 4.16869551e-01, 1.92451370e+02,
       6.35278748e+02, 2.60918528e-01, 9.66388062e+02, 2.57110687e+02,
       7.63275981e-01, 9.78151184e+02, 3.00234314e+02, 8.33095908e-01,
       9.48696533e+02, 2.25828125e+02, 6.52218163e-01, 9.76098694e+02,
       3.19888794e+02, 6.50131851e-02, 1.33687668e+02, 6.35238220e+02,
       8.01147744e-02, 1.35705933e+02, 6.45029907e+02, 8.11069161e-02,
       1.80758545e+02, 6.46994934e+02, 1.41628936e-01, 0., 0., 0., 0.,
       0., 0., 0., 0., 0. ]
