%YAML:1.0
---
pose_0: !!opencv-matrix
   rows: 1
   cols: 25
   dt: "3f"
   data: [ 8.89950500e+02, 1.53337128e+02, 7.13805020e-01,
       8.07704590e+02, 2.29746643e+02, 7.14649737e-01, 7.84179260e+02,
       1.96395767e+02, 5.80738246e-01, 7.05780457e+02, 1.94428009e+02,
       3.82773161e-01, 6.49021484e+02, 1.72894333e+02, 6.63721204e-01,
       8.25339417e+02, 2.70808228e+02, 6.18359685e-01, 7.29321594e+02,
       3.41384979e+02, 6.71928287e-01, 5.56861267e+02, 3.51191406e+02,
       7.06755996e-01, 5.25569336e+02, 2.76766968e+02, 2.49999762e-01,
       5.23614807e+02, 2.43448120e+02, 3.55879158e-01, 3.53091095e+02,
       1.98357788e+02, 4.55877036e-01, 1.78817642e+02, 2.86516418e+02,
       2.08585769e-01, 5.09876984e+02, 3.08069519e+02, 1.97267279e-01,
       3.21772095e+02, 3.04132050e+02, 2.36316219e-01, 1.10206963e+02,
       3.78579681e+02, 2.01117411e-01, 9.15294800e+02, 1.59204498e+02,
       1.67171195e-01, 9.15379028e+02, 1.66990128e+02, 8.33726883e-01,
       0., 0., 0., 9.09518616e+02, 2.27678833e+02, 8.35175633e-01,
       8.66829834e+01, 4.11933258e+02, 1.61719143e-01, 9.64630127e+01,
       4.13823517e+02, 1.97430968e-01, 8.66689758e+01, 3.82521484e+02,
       1.54653594e-01, 0., 0., 0., 0., 0., 0., 1.61135590e+02,
       2.98297821e+02, 1.49385124e-01 ]
