%YAML:1.0
---
pose_0: !!opencv-matrix
   rows: 1
   cols: 25
   dt: "3f"
   data: [ 9.31083435e+02, 1.53310120e+02, 8.26656580e-01,
       8.15505066e+02, 1.45490723e+02, 6.91247761e-01, 8.23406860e+02,
       5.53911171e+01, 7.06269860e-01, 7.11628540e+02, 3.38040924e+01,
       7.44426072e-01, 6.33214600e+02, 1.70924973e+02, 6.80306137e-01,
       8.07601624e+02, 2.27772079e+02, 6.45302176e-01, 7.03812073e+02,
       2.82575134e+02, 7.45804787e-01, 5.96055969e+02, 3.33481995e+02,
       7.54662037e-01, 6.17614807e+02, 1.80768906e+02, 1.65135667e-01,
       6.03941223e+02, 1.43532410e+02, 2.49921933e-01, 5.00076019e+02,
       2.63035797e+02, 6.78343028e-02, 3.66873596e+02, 2.88507050e+02,
       9.98740047e-02, 6.29382690e+02, 2.23837708e+02, 1.22362293e-01,
       5.00071838e+02, 2.68919922e+02, 5.41992523e-02, 3.70809479e+02,
       2.92430969e+02, 8.32483098e-02, 9.42838501e+02, 1.25870613e+02,
       8.12602758e-01, 9.46773621e+02, 1.63181976e+02, 8.55785012e-01,
       9.13384949e+02, 9.64687805e+01, 6.69983089e-01, 0., 0., 0., 0.,
       0., 0., 0., 0., 0., 0., 0., 0., 0., 0., 0., 0., 0., 0., 0., 0.,
       0. ]
