%YAML:1.0
---
pose_0: !!opencv-matrix
   rows: 1
   cols: 25
   dt: "3f"
   data: [ 8.60548523e+02, 2.16012177e+02, 7.80590117e-01,
       8.23306946e+02, 2.86558289e+02, 5.78656018e-01, 7.90057861e+02,
       2.61103485e+02, 3.26900572e-01, 7.25375488e+02, 2.45405991e+02,
       1.91399410e-01, 6.68582153e+02, 1.98361649e+02, 6.28023595e-02,
       8.48766724e+02, 3.02205780e+02, 6.11961305e-01, 7.62587341e+02,
       2.80659332e+02, 2.42317483e-01, 0., 0., 0., 5.72576355e+02,
       3.51173004e+02, 1.02614902e-01, 5.68645691e+02, 3.21839966e+02,
       1.20663323e-01, 3.11990265e+02, 2.90440979e+02, 2.08374992e-01,
       9.45434113e+01, 4.02101929e+02, 2.35838041e-01, 6.01961304e+02,
       4.06039856e+02, 7.59593770e-02, 3.08102142e+02, 2.88468384e+02,
       1.67788237e-01, 8.86731567e+01, 4.06058685e+02, 2.09110796e-01,
       8.70413757e+02, 2.10191757e+02, 3.36204171e-01, 8.84011597e+02,
       2.23784424e+02, 8.78494024e-01, 0., 0., 0., 8.99652954e+02,
       2.74875214e+02, 8.38543117e-01, 3.96924973e+01, 4.33474152e+02,
       1.14571787e-01, 0., 0., 0., 5.53980598e+01, 4.15851746e+02,
       1.04051761e-01, 4.35857315e+01, 4.43228882e+02, 1.43280968e-01,
       4.36200256e+01, 4.33490723e+02, 1.29884556e-01, 0., 0., 0. ]
