%YAML:1.0
---
pose_0: !!opencv-matrix
   rows: 1
   cols: 25
   dt: "3f"
   data: [ 9.25218872e+02, 3.68740417e+02, 7.89106309e-01,
       8.56654724e+02, 2.86544891e+02, 4.40930694e-01, 8.68461853e+02,
       2.59142273e+02, 7.35840797e-01, 7.74420776e+02, 2.63023193e+02,
       7.69818544e-01, 7.35198914e+02, 3.96247009e+02, 5.62935174e-01,
       8.50759399e+02, 3.15894348e+02, 1.89675182e-01, 0., 0., 0., 0.,
       0., 0., 6.25447266e+02, 2.70857758e+02, 1.42482013e-01,
       6.07813538e+02, 2.70868652e+02, 1.46269053e-01, 6.43088745e+02,
       3.59022858e+02, 5.66363111e-02, 0., 0., 0., 6.41127075e+02,
       2.78691101e+02, 7.54557401e-02, 6.45037659e+02, 3.62945770e+02,
       6.22868277e-02, 6.19635193e+02, 4.60909912e+02, 1.65643513e-01,
       9.42816956e+02, 3.53073181e+02, 7.76076078e-01, 9.44738831e+02,
       3.70838013e+02, 1.47916228e-01, 9.33135620e+02, 3.02145905e+02,
       8.47267091e-01, 0., 0., 0., 6.29371887e+02, 4.78529602e+02,
       6.93145096e-02, 6.29369141e+02, 4.76564026e+02, 6.66589960e-02,
       6.17657104e+02, 4.62902649e+02, 1.47034869e-01, 0., 0., 0., 0.,
       0., 0., 0., 0., 0. ]
