%YAML:1.0
---
pose_0: !!opencv-matrix
   rows: 1
   cols: 25
   dt: "3f"
   data: [ 8.97813477e+02, 1.84698822e+02, 7.61956930e-01,
       8.48803101e+02, 2.76714783e+02, 5.96956074e-01, 8.56629700e+02,
       2.92403992e+02, 4.63719696e-01, 7.42997070e+02, 2.55185425e+02,
       1.96554542e-01, 0., 0., 0., 8.48769836e+02, 2.63036346e+02,
       5.35832942e-01, 7.27374939e+02, 2.23804993e+02, 6.24453902e-01,
       8.07644653e+02, 1.47346588e+02, 4.09451842e-01, 5.98036072e+02,
       3.35475464e+02, 1.45296171e-01, 5.78455811e+02, 3.00237671e+02,
       1.54386356e-01, 3.33558960e+02, 2.72833954e+02, 1.13144144e-01,
       9.65200729e+01, 3.68797943e+02, 3.75608176e-01, 5.96074951e+02,
       3.70780853e+02, 1.04652062e-01, 3.25726471e+02, 2.64981934e+02,
       1.48396105e-01, 1.43528900e+02, 3.47285919e+02, 1.54651210e-01,
       9.15451843e+02, 1.80792038e+02, 1.38363108e-01, 9.19341309e+02,
       1.94511948e+02, 8.45481813e-01, 0., 0., 0., 9.23266907e+02,
       2.57097687e+02, 8.05189073e-01, 0., 0., 0., 0., 0., 0., 0., 0.,
       0., 5.73405876e+01, 4.00217316e+02, 2.32494697e-01,
       5.53627815e+01, 3.94262878e+02, 2.32065961e-01, 8.66716003e+01,
       3.78613708e+02, 2.10504651e-01 ]
