%YAML:1.0
---
pose_0: !!opencv-matrix
   rows: 1
   cols: 25
   dt: "3f"
   data: [ 9.31026917e+02, 3.35457520e+02, 8.80623341e-01,
       8.17445251e+02, 3.53169098e+02, 6.89177752e-01, 8.03769714e+02,
       2.74870209e+02, 7.36939728e-01, 6.64592834e+02, 2.59096313e+02,
       6.17503226e-01, 5.66701538e+02, 2.57142639e+02, 7.30942130e-01,
       8.27296326e+02, 4.37377411e+02, 6.31730258e-01, 7.11655029e+02,
       4.80563110e+02, 8.18355024e-01, 6.92082031e+02, 3.80565857e+02,
       7.79850781e-01, 5.49058044e+02, 3.68850555e+02, 2.59103507e-01,
       5.58865845e+02, 3.21786438e+02, 3.87561858e-01, 3.86440857e+02,
       3.06084930e+02, 1.02892615e-01, 3.64902985e+02, 2.80667908e+02,
       3.36747348e-01, 5.39247009e+02, 4.15819916e+02, 2.74303347e-01,
       3.64902130e+02, 4.60934723e+02, 5.39528728e-01, 1.61141403e+02,
       5.09826294e+02, 3.80328208e-01, 9.33153442e+02, 3.15866760e+02,
       8.68048370e-01, 9.44809387e+02, 3.49227325e+02, 8.44588816e-01,
       9.09517944e+02, 2.98258118e+02, 5.95555007e-01, 9.25235779e+02,
       3.74684143e+02, 2.84897208e-01, 9.45629196e+01, 5.15773560e+02,
       2.68941879e-01, 1.04336388e+02, 5.23635010e+02, 2.87010521e-01,
       1.35688843e+02, 5.09867432e+02, 1.56277433e-01, 3.53140625e+02,
       3.06076752e+02, 9.71112996e-02, 3.51149231e+02, 3.02196869e+02,
       1.07024603e-01, 0., 0., 0. ]
