%YAML:1.0
---
pose_0: !!opencv-matrix
   rows: 1
   cols: 25
   dt: "3f"
   data: [ 8.97760315e+02, 4.13881256e+02, 8.84811342e-01,
       7.90014526e+02, 4.41285736e+02, 7.01929092e-01, 7.74427124e+02,
       3.68825195e+02, 7.27392137e-01, 7.13636780e+02, 2.72853302e+02,
       6.38584852e-01, 6.93982971e+02, 1.63085876e+02, 6.52052164e-01,
       7.97848511e+02, 5.09915314e+02, 6.55582964e-01, 7.11581482e+02,
       5.56994080e+02, 7.96905100e-01, 6.33268494e+02, 5.17675659e+02,
       8.03536236e-01, 5.49057556e+02, 4.45232269e+02, 2.28077471e-01,
       5.52984375e+02, 3.98157379e+02, 3.22153747e-01, 3.82543427e+02,
       3.57072510e+02, 6.97767884e-02, 0., 0., 0., 5.49069641e+02,
       4.94169891e+02, 2.71838546e-01, 3.94299927e+02, 5.41190369e+02,
       6.87335655e-02, 0., 0., 0., 8.97789429e+02, 3.98087036e+02,
       8.51205409e-01, 9.15362915e+02, 4.17875061e+02, 8.27792525e-01,
       8.66380371e+02, 3.84462433e+02, 6.47156239e-01, 8.88021606e+02,
       4.49194733e+02, 2.27844536e-01, 0., 0., 0., 0., 0., 0., 0., 0.,
       0., 0., 0., 0., 0., 0., 0., 0., 0., 0. ]
