%YAML:1.0
---
pose_0: !!opencv-matrix
   rows: 1
   cols: 25
   dt: "3f"
   data: [ 1.01536487e+03, 2.19889206e+02, 7.22411454e-01,
       8.88009216e+02, 2.33622101e+02, 3.50364685e-01, 8.72299011e+02,
       1.29789291e+02, 2.68577397e-01, 0., 0., 0., 0., 0., 0.,
       8.86054077e+02, 3.15938995e+02, 3.23110968e-01, 7.44950867e+02,
       4.19769043e+02, 2.76287556e-01, 8.35049377e+02, 3.17871368e+02,
       6.09826148e-01, 0., 0., 0., 0., 0., 0., 0., 0., 0., 0., 0., 0.,
       0., 0., 0., 0., 0., 0., 0., 0., 0., 1.02716516e+03,
       1.94441406e+02, 8.57160270e-01, 1.03688940e+03, 2.41517715e+02,
       7.36365438e-01, 9.99622986e+02, 1.63042999e+02, 4.44741875e-01,
       9.93774475e+02, 2.74792145e+02, 1.08337678e-01, 0., 0., 0., 0.,
       0., 0., 0., 0., 0., 0., 0., 0., 0., 0., 0., 0., 0., 0. ]
