%YAML:1.0
---
pose_0: !!opencv-matrix
   rows: 1
   cols: 25
   dt: "3f"
   data: [ 9.15339661e+02, 1.80820297e+02, 8.08268726e-01,
       8.05693298e+02, 1.78719589e+02, 6.38292313e-01, 8.05733032e+02,
       9.06021500e+01, 6.72405899e-01, 6.68529236e+02, 5.13656158e+01,
       7.67525911e-01, 5.86262146e+02, 6.12075806e+01, 8.06109488e-01,
       7.97851929e+02, 2.66951538e+02, 5.78044176e-01, 6.92043579e+02,
       3.19751312e+02, 6.79685891e-01, 5.72542175e+02, 3.70827484e+02,
       8.09129179e-01, 5.49041687e+02, 1.86623032e+02, 1.22246936e-01,
       5.35353149e+02, 1.47420959e+02, 1.43290997e-01, 3.17890839e+02,
       1.92498276e+02, 1.29724756e-01, 1.59198502e+02, 1.76813019e+02,
       6.61522448e-02, 5.51008972e+02, 2.39509583e+02, 1.02992997e-01,
       3.19832031e+02, 1.96394775e+02, 8.25463459e-02, 0., 0., 0.,
       9.27172852e+02, 1.61106995e+02, 8.07517529e-01, 9.31044678e+02,
       1.96490402e+02, 8.35043371e-01, 9.09528992e+02, 1.35670212e+02,
       6.04745924e-01, 9.17417725e+02, 2.21899872e+02, 1.41328096e-01,
       0., 0., 0., 0., 0., 0., 0., 0., 0., 1.33705353e+02,
       1.35660873e+02, 1.45811155e-01, 1.33731995e+02, 1.41550385e+02,
       1.19363114e-01, 0., 0., 0. ]
