%YAML:1.0
---
pose_0: !!opencv-matrix
   rows: 1
   cols: 25
   dt: "3f"
   data: [ 8.97764587e+02, 1.76756500e+02, 7.99529433e-01,
       7.92067810e+02, 1.51396393e+02, 6.77504122e-01, 8.03730713e+02,
       8.86562119e+01, 6.85857415e-01, 7.15564697e+02, 1.25868553e+02,
       6.48989320e-01, 6.82375366e+02, 2.74723236e+02, 6.39374077e-01,
       7.76276367e+02, 2.14065079e+02, 4.14729774e-01, 7.25364197e+02,
       2.41452682e+02, 8.91566128e-02, 0., 0., 0., 6.48991455e+02,
       1.72900528e+02, 1.05540305e-01, 6.33270508e+02, 1.49415619e+02,
       8.48125517e-02, 0., 0., 0., 0., 0., 0., 6.68591492e+02,
       2.02284683e+02, 7.91044980e-02, 6.74461121e+02, 2.57192627e+02,
       9.25597399e-02, 5.41265259e+02, 2.74728668e+02, 2.85108626e-01,
       9.01664246e+02, 1.49315781e+02, 8.89650226e-01, 9.15328369e+02,
       1.82748016e+02, 7.90005982e-01, 8.76268250e+02, 1.21989639e+02,
       6.38324261e-01, 9.05635559e+02, 2.04254486e+02, 5.13213128e-02,
       4.98097870e+02, 2.74763428e+02, 1.14324167e-01, 0., 0., 0.,
       5.25512024e+02, 2.72807312e+02, 2.01958835e-01, 0., 0., 0., 0.,
       0., 0., 0., 0., 0. ]
