%YAML:1.0
---
pose_0: !!opencv-matrix
   rows: 1
   cols: 25
   dt: "3f"
   data: [ 9.15458313e+02, 3.60950470e+02, 7.70723581e-01,
       8.27242493e+02, 3.08084351e+02, 5.32621324e-01, 8.35120789e+02,
       2.72867401e+02, 6.95238948e-01, 7.41017944e+02, 3.29642212e+02,
       7.39230692e-01, 8.31162903e+02, 4.37394165e+02, 7.83806264e-01,
       8.11594116e+02, 3.41388031e+02, 2.11157531e-01, 6.90082520e+02,
       4.11875549e+02, 7.75162220e-01, 7.62605347e+02, 4.60875488e+02,
       8.37294698e-01, 5.56929993e+02, 3.00217285e+02, 3.06127489e-01,
       5.56884949e+02, 2.64991211e+02, 2.90200830e-01, 3.98202484e+02,
       3.12015381e+02, 7.37490207e-02, 0., 0., 0., 5.51004028e+02,
       3.23773712e+02, 2.73333907e-01, 3.92313782e+02, 3.59020081e+02,
       1.64212480e-01, 2.92390717e+02, 3.55100128e+02, 6.85123354e-02,
       9.31146362e+02, 3.35490143e+02, 7.80309618e-01, 9.33124268e+02,
       3.66905731e+02, 7.92095900e-01, 9.11516602e+02, 2.94344391e+02,
       7.74761260e-01, 0., 0., 0., 0., 0., 0., 0., 0., 0., 0., 0., 0.,
       0., 0., 0., 0., 0., 0., 0., 0., 0. ]
