%YAML:1.0
---
pose_0: !!opencv-matrix
   rows: 1
   cols: 25
   dt: "3f"
   data: [ 1.04473828e+03, 2.55156250e+02, 7.40259230e-01,
       8.93843506e+02, 2.43464493e+02, 3.79013807e-01, 8.80146118e+02,
       1.59178696e+02, 3.79682571e-01, 7.25341553e+02, 1.41542831e+02,
       1.19413383e-01, 7.93978027e+02, 1.49419067e+02, 6.60463274e-02,
       9.05627502e+02, 3.45283539e+02, 4.47671860e-01, 7.27380188e+02,
       4.45243896e+02, 6.25446677e-01, 7.60594849e+02, 3.86477600e+02,
       6.35523379e-01, 6.25468628e+02, 3.68808807e+02, 6.55921027e-02,
       5.86270447e+02, 3.35510956e+02, 7.09144995e-02, 0., 0., 0., 0.,
       0., 0., 6.68555908e+02, 4.27592102e+02, 5.15958667e-02, 0., 0.,
       0., 0., 0., 0., 1.05443066e+03, 2.15979401e+02, 8.12882602e-01,
       1.06037952e+03, 2.70862701e+02, 7.68561959e-01, 1.01136981e+03,
       1.78829544e+02, 5.87209404e-01, 0., 0., 0., 0., 0., 0., 0., 0.,
       0., 0., 0., 0., 0., 0., 0., 0., 0., 0., 0., 0., 0. ]
