%YAML:1.0
---
pose_0: !!opencv-matrix
   rows: 1
   cols: 25
   dt: "3f"
   data: [ 9.68328186e+02, 2.86545990e+02, 7.70057380e-01,
       8.40972656e+02, 2.47321686e+02, 6.30435884e-01, 8.50730774e+02,
       1.63095581e+02, 5.77440202e-01, 7.41017883e+02, 5.73881226e+01,
       7.48623848e-01, 6.37226257e+02, 1.43501297e+02, 7.48007357e-01,
       8.35091003e+02, 3.33530853e+02, 6.14795566e-01, 7.27306580e+02,
       3.82571136e+02, 7.79734790e-01, 6.19619812e+02, 4.43207367e+02,
       8.06855381e-01, 5.66693298e+02, 2.86517426e+02, 2.34654322e-01,
       5.72574097e+02, 2.16007965e+02, 2.08566248e-01, 3.51210327e+02,
       2.16022095e+02, 8.10021013e-02, 0., 0., 0., 5.72580811e+02,
       3.33510376e+02, 3.49886060e-01, 5.02015961e+02, 3.51197449e+02,
       2.04344153e-01, 2.06219559e+02, 3.53148438e+02, 2.15207204e-01,
       9.82079773e+02, 2.59052277e+02, 8.37274432e-01, 9.87925232e+02,
       2.90487610e+02, 7.62933910e-01, 9.60463257e+02, 2.10099304e+02,
       8.29627633e-01, 0., 0., 0., 0., 0., 0., 0., 0., 0.,
       1.84642975e+02, 3.64894287e+02, 1.10131390e-01, 0., 0., 0., 0.,
       0., 0., 0., 0., 0. ]
