%YAML:1.0
---
pose_0: !!opencv-matrix
   rows: 1
   cols: 25
   dt: "3f"
   data: [ 9.50706970e+02, 3.17835358e+02, 7.49621034e-01,
       8.19360901e+02, 3.39405151e+02, 6.10843658e-01, 8.03712036e+02,
       2.63015869e+02, 6.62849963e-01, 6.84221375e+02, 2.47351517e+02,
       4.04859036e-01, 5.60811768e+02, 2.18004013e+02, 5.85875452e-01,
       8.27296570e+02, 4.25615479e+02, 6.13168716e-01, 7.29313416e+02,
       4.76467163e+02, 8.02583337e-01, 7.46982544e+02, 3.33522949e+02,
       6.66411281e-01, 5.39256226e+02, 3.27682800e+02, 8.50691423e-02,
       5.39271912e+02, 2.86553192e+02, 1.41553551e-01, 3.10040253e+02,
       3.06106049e+02, 9.70515534e-02, 0., 0., 0., 5.49059265e+02,
       4.02114075e+02, 9.23835039e-02, 3.17887939e+02, 3.11978119e+02,
       7.29388520e-02, 3.17877167e+02, 3.13948853e+02, 6.31028339e-02,
       9.62394226e+02, 3.00244995e+02, 6.49165690e-01, 9.62466553e+02,
       3.35420593e+02, 8.29570591e-01, 9.15444641e+02, 2.68916534e+02,
       2.16111690e-01, 9.40892639e+02, 3.64922119e+02, 3.19245279e-01,
       0., 0., 0., 0., 0., 0., 0., 0., 0., 0., 0., 0., 0., 0., 0., 0.,
       0., 0. ]
