%YAML:1.0
---
pose_0: !!opencv-matrix
   rows: 1
   cols: 25
   dt: "3f"
   data: [ 8.89986572e+02, 3.62935608e+02, 7.61998355e-01,
       7.92013367e+02, 3.04087006e+02, 6.21912837e-01, 8.11553833e+02,
       2.47361679e+02, 6.57479048e-01, 6.88136414e+02, 2.10199844e+02,
       7.60680676e-01, 5.54873535e+02, 2.72793121e+02, 7.79102921e-01,
       7.60670654e+02, 3.49240631e+02, 3.89454544e-01, 6.54830688e+02,
       3.64839630e+02, 2.94817150e-01, 5.78423157e+02, 3.74709320e+02,
       3.39523166e-01, 5.72560547e+02, 3.04136353e+02, 1.24665782e-01,
       5.86277710e+02, 2.84571014e+02, 6.13375530e-02, 3.33568573e+02,
       3.49243073e+02, 2.65884697e-01, 1.02364906e+02, 3.37411133e+02,
       2.48313710e-01, 5.56869141e+02, 3.23784363e+02, 1.27058610e-01,
       3.37497131e+02, 3.51142700e+02, 1.18358143e-01, 1.23920357e+02,
       3.35510651e+02, 1.06490739e-01, 9.15317139e+02, 3.37430023e+02,
       7.76811182e-01, 9.09570740e+02, 3.68752136e+02, 7.75760770e-01,
       8.87999512e+02, 2.92437408e+02, 8.41180623e-01, 0., 0., 0., 0.,
       0., 0., 0., 0., 0., 0., 0., 0., 6.31821938e+01, 3.29616028e+02,
       5.23978062e-02, 0., 0., 0., 8.47881012e+01, 3.39427124e+02,
       1.19555280e-01 ]
