%YAML:1.0
---
pose_0: !!opencv-matrix
   rows: 1
   cols: 25
   dt: "3f"
   data: [ 8.68302673e+02, 4.29492920e+02, 8.35346222e-01,
       7.76347351e+02, 4.74644592e+02, 6.15855575e-01, 7.50867554e+02,
       4.45155884e+02, 4.51286823e-01, 7.11646790e+02, 4.35424561e+02,
       7.29863048e-02, 0., 0., 0., 8.03746521e+02, 5.09883331e+02,
       6.64480984e-01, 7.07705078e+02, 4.33451508e+02, 5.89779258e-01,
       6.31309509e+02, 3.37435944e+02, 8.30470800e-01, 5.37312073e+02,
       5.17714172e+02, 2.11091176e-01, 5.35356018e+02, 4.78533783e+02,
       1.85704380e-01, 3.72734100e+02, 4.17802063e+02, 6.12550266e-02,
       2.17945175e+02, 4.37416504e+02, 7.54617155e-02, 5.39251526e+02,
       5.54928162e+02, 1.95988387e-01, 3.74685516e+02, 4.19733215e+02,
       3.73683006e-01, 2.25823563e+02, 4.35405487e+02, 2.27083057e-01,
       8.70352112e+02, 4.15833374e+02, 8.78450274e-01, 8.82062988e+02,
       4.45177612e+02, 8.36649477e-01, 8.52738281e+02, 4.11870056e+02,
       2.35945404e-01, 8.70313354e+02, 4.76600616e+02, 7.86005855e-01,
       1.90551056e+02, 4.39359100e+02, 7.16824532e-02, 1.90512161e+02,
       4.45210632e+02, 8.50770473e-02, 2.08165817e+02, 4.31496674e+02,
       1.06875017e-01, 0., 0., 0., 0., 0., 0., 0., 0., 0. ]
