%YAML:1.0
---
pose_0: !!opencv-matrix
   rows: 1
   cols: 25
   dt: "3f"
   data: [ 9.42850220e+02, 1.65009369e+02, 8.12763155e-01,
       8.27239868e+02, 1.49424713e+02, 6.77637279e-01, 8.39070068e+02,
       7.30158081e+01, 7.30485559e-01, 7.44998047e+02, 7.09889069e+01,
       7.27007806e-01, 6.72522217e+02, 2.41430984e+02, 6.41944766e-01,
       8.09600464e+02, 2.23814178e+02, 6.55459464e-01, 7.11657349e+02,
       2.74793243e+02, 7.95368195e-01, 6.17703491e+02, 3.17834259e+02,
       7.71477342e-01, 0., 0., 0., 0., 0., 0., 0., 0., 0., 0., 0., 0.,
       0., 0., 0., 0., 0., 0., 0., 0., 0., 9.48815674e+02,
       1.35743408e+02, 8.75486732e-01, 9.54633057e+02, 1.74845673e+02,
       7.89724767e-01, 9.21288330e+02, 1.02418495e+02, 8.12045932e-01,
       0., 0., 0., 0., 0., 0., 0., 0., 0., 0., 0., 0., 0., 0., 0., 0.,
       0., 0., 0., 0., 0. ]
