%YAML:1.0
---
pose_0: !!opencv-matrix
   rows: 1
   cols: 25
   dt: "3f"
   data: [ 1.01337787e+03, 2.31711960e+02, 8.12812984e-01,
       8.70305969e+02, 2.45423523e+02, 5.66563070e-01, 8.54712769e+02,
       1.65045334e+02, 5.60107291e-01, 7.31222961e+02, 7.29581604e+01,
       7.57884920e-01, 8.29187500e+02, 1.98347687e+02, 7.62647986e-01,
       8.68350952e+02, 3.43320984e+02, 5.44273019e-01, 7.07725098e+02,
       4.13854950e+02, 6.99255288e-01, 7.60596863e+02, 3.68916992e+02,
       8.44125986e-01, 6.01938049e+02, 3.10036926e+02, 6.94455653e-02,
       0., 0., 0., 0., 0., 0., 0., 0., 0., 6.13692139e+02,
       3.39443268e+02, 1.00083344e-01, 5.41225159e+02, 3.55137543e+02,
       7.49220699e-02, 3.66868774e+02, 3.60957397e+02, 7.24267140e-02,
       1.01150854e+03, 2.04271301e+02, 8.36383462e-01, 1.03689697e+03,
       2.41551819e+02, 7.40927458e-01, 9.74171387e+02, 1.80767517e+02,
       6.12491012e-01, 1.02512427e+03, 2.72736572e+02, 6.29711002e-02,
       0., 0., 0., 0., 0., 0., 0., 0., 0., 0., 0., 0., 0., 0., 0., 0.,
       0., 0. ]
