%YAML:1.0
---
pose_0: !!opencv-matrix
   rows: 1
   cols: 25
   dt: "3f"
   data: [ 9.15348999e+02, 3.02244598e+02, 8.37822556e-01,
       8.23386658e+02, 2.59094482e+02, 5.47124207e-01, 8.35070801e+02,
       2.27831573e+02, 7.28344440e-01, 7.92012512e+02, 3.29622681e+02,
       7.84202695e-01, 7.91952271e+02, 4.37383362e+02, 8.09488356e-01,
       8.13529907e+02, 2.86553528e+02, 2.51901507e-01, 6.68612671e+02,
       3.39405182e+02, 4.53333348e-01, 6.33303772e+02, 4.09949646e+02,
       6.45562768e-01, 6.09787170e+02, 2.55200485e+02, 1.33545905e-01,
       5.98024841e+02, 2.59111298e+02, 1.12281084e-01, 5.66666992e+02,
       3.37503998e+02, 6.17644191e-02, 3.23740204e+02, 3.19844208e+02,
       8.62186477e-02, 6.19572021e+02, 2.39528519e+02, 1.00768507e-01,
       0., 0., 0., 0., 0., 0., 9.17466919e+02, 2.78740295e+02,
       8.13959837e-01, 9.29117188e+02, 3.04186951e+02, 7.63881743e-01,
       8.88063965e+02, 2.43390076e+02, 7.68091559e-01, 0., 0., 0., 0.,
       0., 0., 0., 0., 0., 0., 0., 0., 0., 0., 0., 0., 0., 0., 0., 0.,
       0. ]
