%YAML:1.0
---
pose_0: !!opencv-matrix
   rows: 1
   cols: 25
   dt: "3f"
   data: [ 1.02512000e+03, 2.68917511e+02, 7.22023129e-01,
       8.89974548e+02, 2.92434448e+02, 4.62613821e-01, 8.68348267e+02,
       2.06187912e+02, 4.50640589e-01, 7.95907227e+02, 1.78833221e+02,
       2.00249642e-01, 7.31293640e+02, 1.65153488e+02, 5.21997094e-01,
       9.15376099e+02, 3.92314880e+02, 5.07512510e-01, 7.84144409e+02,
       5.09827545e+02, 6.99481905e-01, 8.72335266e+02, 3.94259979e+02,
       6.44222140e-01, 6.33286011e+02, 2.74777283e+02, 5.26500829e-02,
       5.98037415e+02, 2.39488937e+02, 6.26106039e-02, 0., 0., 0., 0.,
       0., 0., 0., 0., 0., 0., 0., 0., 0., 0., 0., 1.02904700e+03,
       2.43467117e+02, 8.47456634e-01, 1.04272693e+03, 2.88493042e+02,
       6.94121361e-01, 9.95745056e+02, 2.16013901e+02, 3.09979737e-01,
       1.01140833e+03, 3.19820374e+02, 8.24279189e-02, 0., 0., 0., 0.,
       0., 0., 0., 0., 0., 0., 0., 0., 0., 0., 0., 0., 0., 0. ]
