%YAML:1.0
---
pose_0: !!opencv-matrix
   rows: 1
   cols: 25
   dt: "3f"
   data: [ 1.01924414e+03, 3.21822388e+02, 7.05335677e-01,
       9.15441162e+02, 3.41409058e+02, 5.33483148e-01, 9.17429749e+02,
       2.66961670e+02, 5.32411754e-01, 8.42936890e+02, 1.98381805e+02,
       1.41362190e-01, 8.31177917e+02, 1.49431137e+02, 6.31889775e-02,
       9.01671448e+02, 4.29551300e+02, 4.33819771e-01, 7.70410034e+02,
       5.41191895e+02, 7.29008675e-01, 8.50739380e+02, 5.00079590e+02,
       6.44677639e-01, 0., 0., 0., 0., 0., 0., 0., 0., 0., 0., 0., 0.,
       0., 0., 0., 0., 0., 0., 0., 0., 0., 1.03299951e+03,
       3.02172333e+02, 7.87526429e-01, 1.04275793e+03, 3.51083893e+02,
       7.72767246e-01, 1.02120648e+03, 2.72787231e+02, 3.25597376e-01,
       0., 0., 0., 0., 0., 0., 0., 0., 0., 0., 0., 0., 0., 0., 0., 0.,
       0., 0., 0., 0., 0. ]
