%YAML:1.0
---
pose_0: !!opencv-matrix
   rows: 1
   cols: 25
   dt: "3f"
   data: [ 9.91845886e+02, 3.15889130e+02, 7.73843944e-01,
       8.42897034e+02, 3.33511566e+02, 6.26809955e-01, 8.35035889e+02,
       2.43399017e+02, 6.60436749e-01, 7.01894043e+02, 1.96465912e+02,
       5.78452349e-01, 5.94148438e+02, 1.69016556e+02, 7.63101459e-01,
       8.56696106e+02, 4.23685974e+02, 5.88167071e-01, 7.54784546e+02,
       5.25572266e+02, 5.64815462e-01, 6.66639343e+02, 4.90306458e+02,
       6.53149128e-01, 5.43174561e+02, 3.15925720e+02, 5.79970852e-02,
       5.25554932e+02, 2.80670837e+02, 9.24719647e-02, 0., 0., 0., 0.,
       0., 0., 0., 0., 0., 0., 0., 0., 0., 0., 0., 9.89837036e+02,
       2.90369385e+02, 8.46304178e-01, 1.00747766e+03, 3.21748474e+02,
       7.15931952e-01, 9.48662842e+02, 2.65001495e+02, 5.54713428e-01,
       9.82006897e+02, 3.51241089e+02, 1.20209813e-01, 0., 0., 0., 0.,
       0., 0., 0., 0., 0., 0., 0., 0., 0., 0., 0., 0., 0., 0. ]
