%YAML:1.0
---
pose_0: !!opencv-matrix
   rows: 1
   cols: 25
   dt: "3f"
   data: [ 8.72349426e+02, 2.57141327e+02, 7.85659075e-01,
       8.27278564e+02, 3.06161652e+02, 5.04990220e-01, 8.37056152e+02,
       3.13943573e+02, 3.79244268e-01, 7.33212158e+02, 2.92451019e+02,
       1.13938697e-01, 7.86084900e+02, 1.98386841e+02, 5.08952774e-02,
       8.31188354e+02, 3.06164185e+02, 5.44594646e-01, 7.33212463e+02,
       2.82611206e+02, 5.98071754e-01, 7.78345093e+02, 2.02254364e+02,
       7.07661927e-01, 5.51023315e+02, 3.37508392e+02, 2.05242157e-01,
       5.51027893e+02, 3.06143616e+02, 2.17755735e-01, 3.39437988e+02,
       3.04114807e+02, 1.76871374e-01, 1.25892029e+02, 3.76651337e+02,
       1.31526589e-01, 5.39282471e+02, 3.72729675e+02, 1.71645656e-01,
       3.94282654e+02, 3.35498352e+02, 1.56670183e-01, 0., 0., 0.,
       8.82143616e+02, 2.45428024e+02, 7.41452157e-01, 8.97726379e+02,
       2.70871033e+02, 8.59069586e-01, 0., 0., 0., 8.88029663e+02,
       3.19753448e+02, 8.10008705e-01, 0., 0., 0., 0., 0., 0., 0., 0.,
       0., 0., 0., 0., 0., 0., 0., 0., 0., 0. ]
