%YAML:1.0
---
pose_0: !!opencv-matrix
   rows: 1
   cols: 25
   dt: "3f"
   data: [ 9.46745605e+02, 2.80672180e+02, 7.77406394e-01,
       8.29204773e+02, 2.90463348e+02, 6.41880870e-01, 8.23341797e+02,
       2.02323380e+02, 6.43642426e-01, 6.76363220e+02, 1.76763474e+02,
       6.70955181e-01, 5.43192261e+02, 1.65174103e+02, 7.61826634e-01,
       8.27252441e+02, 3.84422913e+02, 6.02000594e-01, 7.09670349e+02,
       4.13858673e+02, 6.58495128e-01, 5.54932983e+02, 4.68766266e+02,
       7.31550813e-01, 5.84313782e+02, 3.08068939e+02, 2.43660629e-01,
       5.80403625e+02, 2.53198853e+02, 3.09142917e-01, 3.59027710e+02,
       2.41493973e+02, 2.51699775e-01, 0., 0., 0., 5.88258240e+02,
       3.62944519e+02, 2.27841988e-01, 3.57050476e+02, 3.96223450e+02,
       3.46420169e-01, 1.49398178e+02, 4.15807007e+02, 2.44067997e-01,
       9.56529907e+02, 2.59021240e+02, 8.78013968e-01, 9.64318176e+02,
       2.94389038e+02, 8.31248641e-01, 9.29068787e+02, 2.31686020e+02,
       6.36477590e-01, 9.48684814e+02, 3.15946960e+02, 1.54069364e-01,
       9.25514297e+01, 3.96255310e+02, 1.37452662e-01, 0., 0., 0.,
       1.31706528e+02, 4.17795807e+02, 1.19823866e-01, 0., 0., 0., 0.,
       0., 0., 0., 0., 0. ]
