%YAML:1.0
---
pose_0: !!opencv-matrix
   rows: 1
   cols: 25
   dt: "3f"
   data: [ 8.70397278e+02, 2.00383606e+02, 7.70412266e-01,
       7.90084900e+02, 2.27723587e+02, 7.11980402e-01, 7.90105713e+02,
       1.53311386e+02, 6.95452869e-01, 8.13566589e+02, 5.93038902e+01,
       6.75489664e-01, 8.70420288e+02, 3.96484718e+01, 7.98795164e-01,
       7.99844666e+02, 2.90475189e+02, 5.54223955e-01, 9.03719482e+02,
       3.19883942e+02, 8.10766578e-01, 9.27183533e+02, 2.53225220e+02,
       5.14506876e-01, 5.64729492e+02, 2.25771912e+02, 2.27055699e-01,
       5.62752625e+02, 1.80712891e+02, 2.20142677e-01, 3.49228333e+02,
       2.92440216e+02, 1.21375710e-01, 0., 0., 0., 5.56904724e+02,
       2.61053223e+02, 2.09242120e-01, 3.37473419e+02, 2.98280304e+02,
       1.75373256e-01, 1.67039459e+02, 3.51212006e+02, 1.40957326e-01,
       8.83966248e+02, 1.94500977e+02, 7.43295670e-01, 8.84083008e+02,
       2.16008789e+02, 7.93005466e-01, 0., 0., 0., 8.70421082e+02,
       2.43398422e+02, 5.43047190e-01, 1.02287636e+02, 3.92346344e+02,
       1.36773765e-01, 1.14084015e+02, 3.96265076e+02, 1.41130716e-01,
       0., 0., 0., 0., 0., 0., 0., 0., 0., 0., 0., 0. ]
