%YAML:1.0
---
pose_0: !!opencv-matrix
   rows: 2
   cols: 25
   dt: "3f"
   data: [ 8.70298889e+02, 3.53221466e+02, 7.95766771e-01,
       7.89998962e+02, 3.15928101e+02, 4.36300933e-01, 8.01798828e+02,
       2.76763794e+02, 6.66579366e-01, 6.97879639e+02, 2.61031952e+02,
       7.10526824e-01, 6.68632507e+02, 4.06045105e+02, 6.09929860e-01,
       7.74373169e+02, 3.51129730e+02, 1.63482979e-01, 0., 0., 0., 0.,
       0., 0., 6.21559387e+02, 3.21814606e+02, 1.08249366e-01, 0., 0.,
       0., 0., 0., 0., 0., 0., 0., 0., 0., 0., 0., 0., 0., 0., 0., 0.,
       8.84127380e+02, 3.33545807e+02, 7.54544437e-01, 8.86071045e+02,
       3.66933472e+02, 7.85976768e-01, 8.66445740e+02, 3.00259827e+02,
       6.91368401e-01, 0., 0., 0., 0., 0., 0., 0., 0., 0., 0., 0., 0.,
       0., 0., 0., 0., 0., 0., 0., 0., 0., 0., 0., 0., 0., 0., 0., 0.,
       0., 0., 0., 0., 0., 0., 0., 0., 0., 0., 0., 0., 0., 0., 0., 0.,
       0., 5.29449036e+02, 3.08096222e+02, 2.94458866e-01,
       5.17709778e+02, 2.82625793e+02, 3.41109723e-01, 3.35520935e+02,
       3.84528473e+02, 5.67073286e-01, 1.16059441e+02, 3.51241974e+02,
       5.36168814e-01, 5.39233398e+02, 3.37425323e+02, 2.16209441e-01,
       4.29539032e+02, 3.90382568e+02, 1.30398601e-01, 0., 0., 0., 0.,
       0., 0., 0., 0., 0., 0., 0., 0., 0., 0., 0., 0., 0., 0., 0., 0.,
       0., 0., 0., 0., 7.49415970e+01, 3.84544403e+02, 8.45481679e-02,
       0., 0., 0., 9.45375824e+01, 3.47240265e+02, 2.89922804e-01 ]
