%YAML:1.0
---
pose_0: !!opencv-matrix
   rows: 1
   cols: 25
   dt: "3f"
   data: [ 9.17436401e+02, 1.47397583e+02, 8.11426044e-01,
       7.97870056e+02, 1.47485825e+02, 6.20549142e-01, 8.01768005e+02,
       6.12310638e+01, 6.57074809e-01, 6.90139832e+02, 5.33819532e+00,
       6.01364911e-01, 6.19523865e+02, 3.76930008e+01, 8.39494705e-01,
       7.92056396e+02, 2.39456665e+02, 6.31195307e-01, 6.64568848e+02,
       2.72791107e+02, 7.59811521e-01, 5.52991821e+02, 3.02197144e+02,
       8.05725873e-01, 5.56893494e+02, 1.37645172e+02, 1.45625710e-01,
       5.52957275e+02, 8.66977997e+01, 1.75588906e-01, 4.92175354e+02,
       4.16279259e+01, 5.90678900e-02, 0., 0., 0., 5.62764832e+02,
       1.96385620e+02, 1.54468536e-01, 4.90286377e+02, 2.14064056e+02,
       5.58575951e-02, 0., 0., 0., 9.29075012e+02, 1.23951736e+02,
       7.83577204e-01, 9.31095825e+02, 1.65015793e+02, 7.96191156e-01,
       9.01641602e+02, 1.00357651e+02, 5.00578105e-01, 9.15435669e+02,
       1.90559708e+02, 1.35267511e-01, 0., 0., 0., 0., 0., 0., 0., 0.,
       0., 0., 0., 0., 0., 0., 0., 0., 0., 0. ]
