%YAML:1.0
---
pose_0: !!opencv-matrix
   rows: 1
   cols: 25
   dt: "3f"
   data: [ 9.33024170e+02, 3.68754730e+02, 7.80906677e-01,
       8.54680054e+02, 2.68883759e+02, 3.29226494e-01, 8.66367981e+02,
       2.70797913e+02, 6.96400881e-01, 7.62592896e+02, 3.70813965e+02,
       6.64139032e-01, 7.74350403e+02, 4.54995392e+02, 6.75080299e-01,
       8.39029724e+02, 2.47332748e+02, 1.81379527e-01, 0., 0., 0., 0.,
       0., 0., 5.45139404e+02, 2.66956665e+02, 1.79016739e-01,
       5.41220703e+02, 2.78709229e+02, 1.55918121e-01, 3.23737885e+02,
       3.37468048e+02, 1.60323426e-01, 2.76779083e+02, 3.04186005e+02,
       1.35784388e-01, 5.37292114e+02, 2.49330902e+02, 1.33711606e-01,
       3.45312500e+02, 3.25709290e+02, 7.19360113e-02, 2.78702545e+02,
       3.04213196e+02, 7.70493820e-02, 9.48739502e+02, 3.55080627e+02,
       7.70866632e-01, 0., 0., 0., 9.48763489e+02, 3.06209961e+02,
       8.72507334e-01, 0., 0., 0., 0., 0., 0., 0., 0., 0., 0., 0., 0.,
       0., 0., 0., 0., 0., 0., 2.82619476e+02, 3.02198395e+02,
       6.62369058e-02 ]
