%YAML:1.0
---
pose_0: !!opencv-matrix
   rows: 1
   cols: 25
   dt: "3f"
   data: [ 9.15343811e+02, 1.80677765e+02, 8.55548143e-01,
       8.13555115e+02, 2.19948776e+02, 6.72466218e-01, 7.90007935e+02,
       1.47427719e+02, 6.84168696e-01, 7.05792236e+02, 7.10623703e+01,
       4.71996486e-01, 6.97946899e+02, 8.67477646e+01, 6.99209750e-01,
       8.36999146e+02, 2.92422943e+02, 6.71933234e-01, 7.45053345e+02,
       3.96186920e+02, 7.41528630e-01, 6.21593079e+02, 4.29609497e+02,
       8.26237798e-01, 5.52957153e+02, 2.55165268e+02, 2.51099885e-01,
       5.52955994e+02, 2.08174850e+02, 3.06036115e-01, 3.19857513e+02,
       2.43389954e+02, 2.91287214e-01, 1.41577728e+02, 2.51250366e+02,
       4.80578244e-01, 5.52959534e+02, 2.90461761e+02, 2.53152013e-01,
       3.53093689e+02, 2.63018066e+02, 5.40761650e-01, 1.59180588e+02,
       3.29621948e+02, 4.35300350e-01, 9.17490906e+02, 1.65048767e+02,
       8.64364088e-01, 9.31143799e+02, 1.96377472e+02, 8.80125344e-01,
       8.97767883e+02, 1.51342133e+02, 1.85614586e-01, 9.17372192e+02,
       2.29747543e+02, 6.89339280e-01, 9.84696045e+01, 3.51228973e+02,
       1.58264562e-01, 1.10213783e+02, 3.55125092e+02, 1.74342945e-01,
       1.41549896e+02, 3.27678314e+02, 2.37698898e-01, 1.02356712e+02,
       2.14024872e+02, 1.54438972e-01, 1.10184021e+02, 2.14019073e+02,
       1.45714775e-01, 1.33675247e+02, 2.59146088e+02, 3.97743285e-01 ]
