%YAML:1.0
---
pose_0: !!opencv-matrix
   rows: 1
   cols: 25
   dt: "3f"
   data: [ 9.17414978e+02, 2.55226471e+02, 8.33821416e-01,
       8.05661011e+02, 2.74722778e+02, 7.41806209e-01, 7.90002258e+02,
       1.94412506e+02, 6.88501835e-01, 6.70560364e+02, 1.67012238e+02,
       7.95610189e-01, 6.01903625e+02, 1.94493561e+02, 8.60259354e-01,
       8.19350464e+02, 3.53183929e+02, 6.47118092e-01, 7.09673462e+02,
       4.25609497e+02, 7.19251931e-01, 5.88291748e+02, 4.29472748e+02,
       8.00623119e-01, 5.49042542e+02, 3.06170288e+02, 2.94338495e-01,
       5.54923401e+02, 2.59092163e+02, 3.32480818e-01, 3.86432922e+02,
       2.53220261e+02, 2.16950968e-01, 1.53300171e+02, 2.41431534e+02,
       7.01003000e-02, 5.43202881e+02, 3.47281464e+02, 3.28810066e-01,
       3.80535675e+02, 3.90380920e+02, 4.36365843e-01, 1.78791382e+02,
       4.62888153e+02, 1.64730519e-01, 9.29097900e+02, 2.37546387e+02,
       8.47568810e-01, 9.31110779e+02, 2.70836365e+02, 8.33785117e-01,
       8.97751038e+02, 2.17946899e+02, 6.57343328e-01, 9.15353394e+02,
       2.92442291e+02, 4.60497469e-01, 0., 0., 0., 0., 0., 0.,
       1.63103073e+02, 4.68736847e+02, 8.61542746e-02, 0., 0., 0., 0.,
       0., 0., 0., 0., 0. ]
