%YAML:1.0
---
pose_0: !!opencv-matrix
   rows: 1
   cols: 25
   dt: "3f"
   data: [ 8.82121521e+02, 2.39441818e+02, 7.73529410e-01,
       7.82207825e+02, 2.70825714e+02, 6.46698415e-01, 7.88083679e+02,
       1.96458267e+02, 5.98298490e-01, 7.93950500e+02, 8.66507111e+01,
       6.48419321e-01, 8.33110474e+02, 5.35591459e+00, 1.56346604e-01,
       7.78319885e+02, 3.35499542e+02, 5.81983924e-01, 8.54759033e+02,
       4.13948242e+02, 8.56662512e-01, 8.48811401e+02, 3.37439758e+02,
       6.62666202e-01, 5.70559082e+02, 2.59119781e+02, 2.44031847e-01,
       5.68638916e+02, 2.17960251e+02, 2.69370794e-01, 3.62948425e+02,
       3.15926636e+02, 1.73283651e-01, 2.10135254e+02, 3.37483215e+02,
       1.41734615e-01, 5.62786804e+02, 3.06167358e+02, 2.46387750e-01,
       3.64903625e+02, 3.19827911e+02, 1.56471819e-01, 2.19906021e+02,
       3.37539978e+02, 1.59359500e-01, 8.89912048e+02, 2.31707504e+02,
       6.15691245e-01, 8.89951416e+02, 2.53199158e+02, 7.69992471e-01,
       0., 0., 0., 8.72286438e+02, 2.88520630e+02, 7.45580554e-01, 0.,
       0., 0., 0., 0., 0., 0., 0., 0., 1.49397339e+02, 3.31623688e+02,
       9.24379006e-02, 0., 0., 0., 0., 0., 0. ]
