%YAML:1.0
---
pose_0: !!opencv-matrix
   rows: 1
   cols: 25
   dt: "3f"
   data: [ 8.62502136e+02, 2.27679840e+02, 8.11126411e-01,
       8.09630554e+02, 2.90418396e+02, 5.69041789e-01, 8.21356995e+02,
       3.08098572e+02, 3.80523652e-01, 7.39074341e+02, 2.61056030e+02,
       1.24332309e-01, 0., 0., 0., 8.11607666e+02, 2.80664276e+02,
       4.83495474e-01, 7.27367432e+02, 2.43455521e+02, 5.48938394e-01,
       6.13719727e+02, 2.08186981e+02, 7.22582698e-01, 5.23582581e+02,
       3.53169952e+02, 1.29670978e-01, 5.25554626e+02, 3.21768768e+02,
       1.64538816e-01, 2.94382751e+02, 2.70849518e+02, 4.08614904e-01,
       8.07974854e+01, 4.09929169e+02, 1.00888446e-01, 5.09879700e+02,
       3.96236237e+02, 1.88448101e-01, 2.84558075e+02, 2.80640411e+02,
       2.87743539e-01, 7.88479843e+01, 4.08010895e+02, 2.69566268e-01,
       8.72281067e+02, 2.23867172e+02, 5.75733960e-01, 8.78156372e+02,
       2.41440582e+02, 8.24634433e-01, 0., 0., 0., 8.74248596e+02,
       2.90463776e+02, 7.95424640e-01, 3.77019272e+01, 4.41316467e+02,
       2.10376292e-01, 4.16501656e+01, 4.43286957e+02, 2.43616655e-01,
       5.33885841e+01, 4.27580505e+02, 1.53876752e-01, 3.77226372e+01,
       4.47149963e+02, 9.67396572e-02, 3.77105904e+01, 4.41335693e+02,
       6.68934435e-02, 0., 0., 0. ]
