%YAML:1.0
---
pose_0: !!opencv-matrix
   rows: 1
   cols: 25
   dt: "3f"
   data: [ 8.97780701e+02, 2.72745483e+02, 7.79175520e-01,
       7.97896606e+02, 3.04221893e+02, 7.36378670e-01, 7.78250549e+02,
       2.43523514e+02, 7.15331912e-01, 7.21434082e+02, 2.19926910e+02,
       3.80633056e-01, 0., 0., 0., 8.19377197e+02, 3.70756348e+02,
       6.70473635e-01, 6.95927917e+02, 4.43287842e+02, 7.46881604e-01,
       5.58828186e+02, 4.72655914e+02, 6.85238123e-01, 5.64719299e+02,
       3.57082123e+02, 3.56136978e-01, 5.47085693e+02, 3.15924591e+02,
       3.59031737e-01, 3.49227356e+02, 3.51167969e+02, 2.15923816e-01,
       1.10226212e+02, 3.59033478e+02, 4.81257051e-01, 5.86309509e+02,
       3.98227570e+02, 3.74878705e-01, 5.33390930e+02, 4.72664551e+02,
       7.12572411e-02, 0., 0., 0., 9.01688354e+02, 2.53259384e+02,
       8.43133569e-01, 9.13403687e+02, 2.88385437e+02, 8.12259197e-01,
       8.78203003e+02, 2.39496780e+02, 5.04186034e-01, 9.01660706e+02,
       3.13967407e+02, 4.67029631e-01, 0., 0., 0., 0., 0., 0., 0., 0.,
       0., 0., 0., 0., 0., 0., 0., 9.45262146e+01, 3.60970367e+02,
       3.10039937e-01 ]
