%YAML:1.0
---
pose_0: !!opencv-matrix
   rows: 1
   cols: 25
   dt: "3f"
   data: [ 8.68349670e+02, 4.56986115e+02, 8.12233567e-01,
       7.88065613e+02, 4.19776611e+02, 6.17389739e-01, 7.76361267e+02,
       4.62853516e+02, 5.82565546e-01, 8.39032654e+02, 5.43148743e+02,
       5.18988907e-01, 8.76231934e+02, 5.27538025e+02, 3.85440618e-01,
       7.93965576e+02, 3.80545502e+02, 2.91101098e-01, 8.09634155e+02,
       3.51182739e+02, 1.04468592e-01, 8.97766907e+02, 3.39412476e+02,
       1.95862070e-01, 5.86281555e+02, 4.39342438e+02, 9.08791050e-02,
       0., 0., 0., 0., 0., 0., 0., 0., 0., 0., 0., 0., 0., 0., 0., 0.,
       0., 0., 8.72279419e+02, 4.35441650e+02, 8.02053690e-01,
       8.84135071e+02, 4.51119629e+02, 1.73468634e-01, 8.48784790e+02,
       4.00141846e+02, 7.73884118e-01, 0., 0., 0., 0., 0., 0., 0., 0.,
       0., 0., 0., 0., 0., 0., 0., 0., 0., 0., 0., 0., 0. ]
