%YAML:1.0
---
pose_0: !!opencv-matrix
   rows: 1
   cols: 25
   dt: "3f"
   data: [ 9.42815857e+02, 2.04261520e+02, 7.16892958e-01,
       8.58591492e+02, 2.92388275e+02, 5.43105781e-01, 8.38978394e+02,
       2.61060333e+02, 2.86984026e-01, 0., 0., 0., 0., 0., 0.,
       8.72296265e+02, 3.33497009e+02, 6.45178735e-01, 7.44929321e+02,
       3.84448547e+02, 7.27635205e-01, 6.48927612e+02, 2.25767441e+02,
       5.78354657e-01, 5.35345337e+02, 3.04161011e+02, 1.35547519e-01,
       5.39273132e+02, 2.72839722e+02, 1.40680134e-01, 2.90472656e+02,
       3.49240936e+02, 4.10677195e-01, 1.21947556e+02, 4.19740356e+02,
       1.67531222e-01, 5.27508972e+02, 3.23756653e+02, 1.14324741e-01,
       3.55135162e+02, 2.02295822e+02, 6.17488801e-01, 1.65095520e+02,
       3.06075470e+02, 5.06281614e-01, 0., 0., 0., 9.62493164e+02,
       2.14040649e+02, 7.80084312e-01, 0., 0., 0., 9.62391907e+02,
       2.82616394e+02, 8.22778940e-01, 1.35656952e+02, 2.55148499e+02,
       1.60032839e-01, 1.31752197e+02, 2.63011597e+02, 1.57143310e-01,
       1.47427353e+02, 3.21836700e+02, 3.40230882e-01, 0., 0., 0., 0.,
       0., 0., 0., 0., 0. ]
