%YAML:1.0
---
pose_0: !!opencv-matrix
   rows: 1
   cols: 25
   dt: "3f"
   data: [ 9.09549744e+02, 3.68843842e+02, 7.03254819e-01,
       8.19411987e+02, 2.88510651e+02, 4.63569105e-01, 8.31171326e+02,
       2.59095215e+02, 6.88469172e-01, 7.09662537e+02, 2.27766846e+02,
       7.41650879e-01, 5.78422668e+02, 3.27675323e+02, 5.51174402e-01,
       8.09623047e+02, 3.21789856e+02, 1.84162498e-01, 0., 0., 0., 0.,
       0., 0., 6.19609680e+02, 3.15929321e+02, 8.27704147e-02, 0., 0.,
       0., 0., 0., 0., 0., 0., 0., 6.46976868e+02, 3.37487549e+02,
       8.90666842e-02, 5.49036804e+02, 3.60977600e+02, 9.28939134e-02,
       4.92259033e+02, 3.66833557e+02, 7.32516646e-02, 9.33000244e+02,
       3.37508209e+02, 7.91822374e-01, 9.31130249e+02, 3.68816498e+02,
       4.42955106e-01, 9.03670471e+02, 3.02150269e+02, 8.40483248e-01,
       0., 0., 0., 0., 0., 0., 0., 0., 0., 0., 0., 0., 0., 0., 0., 0.,
       0., 0., 0., 0., 0. ]
