%YAML:1.0
---
pose_0: !!opencv-matrix
   rows: 1
   cols: 25
   dt: "3f"
   data: [ 8.99727539e+02, 1.47494705e+02, 7.83192992e-01,
       7.93973022e+02, 1.67049255e+02, 6.87402248e-01, 7.78332092e+02,
       9.06203613e+01, 6.63246214e-01, 6.66650269e+02, 3.96743050e+01,
       7.42415249e-01, 6.07826172e+02, 4.94333763e+01, 7.65095115e-01,
       8.05730347e+02, 2.47357666e+02, 6.94176078e-01, 6.90119141e+02,
       2.92482086e+02, 7.00045705e-01, 5.56889526e+02, 3.39453278e+02,
       8.06828678e-01, 5.43181152e+02, 1.70944214e+02, 8.80947933e-02,
       5.25551392e+02, 1.35709579e+02, 1.04089275e-01, 0., 0., 0., 0.,
       0., 0., 5.35341797e+02, 2.25820602e+02, 6.96614683e-02,
       3.06114716e+02, 2.39460205e+02, 7.88189992e-02, 1.96380325e+02,
       2.72781647e+02, 1.30232126e-01, 9.03653687e+02, 1.27861427e+02,
       7.16750205e-01, 9.09557922e+02, 1.63194168e+02, 8.08207512e-01,
       8.82074463e+02, 1.04406013e+02, 5.33215582e-01, 9.01697693e+02,
       1.82707199e+02, 2.93063015e-01, 0., 0., 0., 0., 0., 0.,
       1.94400955e+02, 2.76744934e+02, 7.87082314e-02, 0., 0., 0., 0.,
       0., 0., 0., 0., 0. ]
