%YAML:1.0
---
pose_0: !!opencv-matrix
   rows: 1
   cols: 25
   dt: "3f"
   data: [ 9.05644287e+02, 3.19914490e+02, 7.71758735e-01,
       8.29179504e+02, 2.43440903e+02, 5.73262632e-01, 8.38974243e+02,
       2.14106049e+02, 7.47067332e-01, 7.42960754e+02, 2.88413757e+02,
       7.64612794e-01, 8.21281067e+02, 3.84472870e+02, 8.46236229e-01,
       8.19390015e+02, 2.74794281e+02, 2.48950735e-01, 6.82305420e+02,
       3.35435608e+02, 7.73171008e-01, 7.64562439e+02, 3.82520081e+02,
       8.05821717e-01, 5.72548523e+02, 2.43426178e+02, 1.86429858e-01,
       5.58866089e+02, 2.47338852e+02, 1.80848792e-01, 3.94282349e+02,
       2.70856689e+02, 8.32063407e-02, 3.21777618e+02, 2.64993805e+02,
       7.55699277e-02, 5.80394897e+02, 2.27730011e+02, 1.36231631e-01,
       4.00167328e+02, 3.27672821e+02, 6.71932399e-02, 0., 0., 0.,
       9.27142029e+02, 3.06153198e+02, 7.64513850e-01, 0., 0., 0.,
       9.29051758e+02, 2.59110748e+02, 8.39261353e-01, 0., 0., 0., 0.,
       0., 0., 0., 0., 0., 0., 0., 0., 0., 0., 0., 0., 0., 0., 0., 0.,
       0. ]
