%YAML:1.0
---
pose_0: !!opencv-matrix
   rows: 1
   cols: 25
   dt: "3f"
   data: [ 8.99756653e+02, 3.53227936e+02, 8.35833967e-01,
       8.17453247e+02, 3.06143372e+02, 6.26382113e-01, 8.29201538e+02,
       2.72748535e+02, 6.91390514e-01, 7.29219727e+02, 3.06096985e+02,
       8.37141335e-01, 8.11580505e+02, 4.41339935e+02, 7.31456101e-01,
       7.97876648e+02, 3.37539124e+02, 3.03023666e-01, 6.80249512e+02,
       4.02188385e+02, 8.26543629e-01, 7.60709534e+02, 4.74533356e+02,
       8.15656364e-01, 5.41183594e+02, 3.04147430e+02, 4.12669152e-01,
       5.37324341e+02, 2.70861755e+02, 4.68723059e-01, 3.23776184e+02,
       3.64860291e+02, 2.58321017e-01, 1.18083855e+02, 3.51250031e+02,
       3.12744766e-01, 5.41187195e+02, 3.35552704e+02, 4.08868819e-01,
       3.29628357e+02, 3.55083313e+02, 2.99030095e-01, 1.49401001e+02,
       3.21805420e+02, 2.61250764e-01, 9.13479614e+02, 3.29626617e+02,
       7.02941120e-01, 9.19314636e+02, 3.62938385e+02, 7.65261352e-01,
       8.97789673e+02, 2.90425507e+02, 8.25710535e-01, 0., 0., 0., 0.,
       0., 0., 0., 0., 0., 0., 0., 0., 6.90184860e+01, 3.25711121e+02,
       1.11713052e-01, 6.90423126e+01, 3.25707794e+02, 8.67863223e-02,
       1.00391655e+02, 3.57055542e+02, 2.65827298e-01 ]
