%YAML:1.0
---
pose_0: !!opencv-matrix
   rows: 1
   cols: 25
   dt: "3f"
   data: [ 9.01727539e+02, 3.51217407e+02, 8.93330812e-01,
       7.93973694e+02, 3.19833069e+02, 6.79382622e-01, 8.09685059e+02,
       2.66909790e+02, 6.81049883e-01, 7.29292786e+02, 1.94494690e+02,
       8.11820090e-01, 7.45018433e+02, 3.27656128e+02, 7.02246368e-01,
       7.66533325e+02, 3.64879150e+02, 3.97568643e-01, 6.62650330e+02,
       3.78627808e+02, 4.99739408e-01, 6.31322815e+02, 4.47143860e+02,
       6.57402098e-01, 5.86267883e+02, 3.35472504e+02, 3.51612329e-01,
       5.84330139e+02, 3.02222687e+02, 3.28946233e-01, 3.51190674e+02,
       3.82515259e+02, 5.07496357e-01, 1.74840485e+02, 3.17900208e+02,
       4.53628927e-01, 5.76492859e+02, 3.64891388e+02, 3.07722747e-01,
       4.74603668e+02, 3.98169891e+02, 1.74054146e-01, 0., 0., 0.,
       9.05638794e+02, 3.25754181e+02, 8.13685596e-01, 9.15470459e+02,
       3.55165802e+02, 7.93935537e-01, 8.72329590e+02, 2.98300140e+02,
       7.91325510e-01, 0., 0., 0., 0., 0., 0., 0., 0., 0., 0., 0., 0.,
       1.31775208e+02, 3.51260345e+02, 8.35165977e-02, 1.27820786e+02,
       3.37541046e+02, 8.17355290e-02, 1.53295959e+02, 3.11998596e+02,
       2.32098624e-01 ]
