%YAML:1.0
---
pose_0: !!opencv-matrix
   rows: 1
   cols: 25
   dt: "3f"
   data: [ 9.01646729e+02, 2.27816315e+02, 8.43097150e-01,
       7.97869141e+02, 2.45402512e+02, 6.75367475e-01, 7.78257080e+02,
       1.65078613e+02, 7.33811617e-01, 6.58758118e+02, 1.33730484e+02,
       7.78248310e-01, 5.74579163e+02, 1.59215652e+02, 7.79540300e-01,
       8.07747498e+02, 3.33493561e+02, 6.91798329e-01, 6.84260620e+02,
       3.82468597e+02, 7.20263004e-01, 5.66673706e+02, 4.25646179e+02,
       7.49957621e-01, 5.70610107e+02, 2.74787537e+02, 2.11576283e-01,
       5.56906250e+02, 2.29735748e+02, 2.16862455e-01, 3.68797943e+02,
       2.17995163e+02, 6.33154958e-02, 0., 0., 0., 5.84286072e+02,
       3.19853638e+02, 2.17969745e-01, 0., 0., 0., 0., 0., 0.,
       9.07589050e+02, 2.10075775e+02, 8.33513021e-01, 9.15455994e+02,
       2.43445038e+02, 8.51308703e-01, 8.84065247e+02, 1.90488068e+02,
       6.70836031e-01, 9.03693176e+02, 2.65012573e+02, 4.73856509e-01,
       0., 0., 0., 0., 0., 0., 0., 0., 0., 0., 0., 0., 0., 0., 0., 0.,
       0., 0. ]
