%YAML:1.0
---
pose_0: !!opencv-matrix
   rows: 1
   cols: 25
   dt: "3f"
   data: [ 8.87990295e+02, 4.11920685e+02, 7.98406005e-01,
       7.84167725e+02, 4.29522461e+02, 6.70842111e-01, 7.70416992e+02,
       3.55088196e+02, 7.24791229e-01, 6.66639771e+02, 2.92416046e+02,
       8.33873332e-01, 7.27352417e+02, 2.72908295e+02, 8.94728780e-01,
       7.93915771e+02, 4.94290741e+02, 6.61438763e-01, 6.72448242e+02,
       5.58865845e+02, 7.69958675e-01, 7.88042725e+02, 5.35360779e+02,
       7.73627639e-01, 5.25584534e+02, 4.74581573e+02, 3.24956387e-01,
       5.25511047e+02, 4.29506775e+02, 4.68186200e-01, 3.35458923e+02,
       3.96230927e+02, 5.14121115e-01, 0., 0., 0., 5.39242493e+02,
       5.21582092e+02, 3.36495221e-01, 3.78609039e+02, 5.15764893e+02,
       3.68596584e-01, 0., 0., 0., 8.97764893e+02, 3.98091858e+02,
       8.57832909e-01, 8.99745178e+02, 4.27615631e+02, 7.74551988e-01,
       8.70338501e+02, 3.82534027e+02, 5.23139119e-01, 8.84042053e+02,
       4.56947876e+02, 5.86274624e-01, 0., 0., 0., 0., 0., 0., 0., 0.,
       0., 0., 0., 0., 0., 0., 0., 0., 0., 0. ]
