%YAML:1.0
---
pose_0: !!opencv-matrix
   rows: 1
   cols: 25
   dt: "3f"
   data: [ 8.86034119e+02, 2.59153748e+02, 7.86816657e-01,
       7.88026245e+02, 2.90446869e+02, 6.75357938e-01, 7.89982544e+02,
       2.12044800e+02, 6.68017209e-01, 7.74274353e+02, 1.02360611e+02,
       6.71428204e-01, 8.01763184e+02, 5.34199190e+00, 2.14172691e-01,
       7.84121094e+02, 3.57047058e+02, 5.51079929e-01, 7.35183228e+02,
       4.64822571e+02, 7.62635231e-01, 8.27223389e+02, 4.17804535e+02,
       8.09772372e-01, 5.37303955e+02, 2.80654663e+02, 2.70943373e-01,
       5.43169800e+02, 2.41443192e+02, 3.15585852e-01, 3.66836853e+02,
       2.43446457e+02, 1.81342706e-01, 0., 0., 0., 5.25577209e+02,
       3.21835815e+02, 2.75528878e-01, 3.62912537e+02, 3.39426453e+02,
       3.18534732e-01, 2.57152740e+02, 3.53173462e+02, 6.56810179e-02,
       8.99805420e+02, 2.59045227e+02, 5.24541020e-01, 9.01621216e+02,
       2.76764526e+02, 8.67227674e-01, 0., 0., 0., 8.84011658e+02,
       3.21710358e+02, 8.64699960e-01, 0., 0., 0., 0., 0., 0., 0., 0.,
       0., 0., 0., 0., 0., 0., 0., 0., 0., 0. ]
