%YAML:1.0
---
pose_0: !!opencv-matrix
   rows: 1
   cols: 25
   dt: "3f"
   data: [ 8.82119141e+02, 3.51124023e+02, 7.80639589e-01,
       7.88062378e+02, 3.15939240e+02, 6.55616403e-01, 8.01792603e+02,
       2.55132477e+02, 6.66940987e-01, 7.15582275e+02, 2.80662689e+02,
       6.78130329e-01, 7.48927368e+02, 4.21691711e+02, 7.27852285e-01,
       7.72341064e+02, 3.78579468e+02, 5.11556625e-01, 6.96026428e+02,
       4.58920380e+02, 8.26732755e-01, 7.56739502e+02, 4.62775696e+02,
       6.88642859e-01, 5.54939392e+02, 3.19829681e+02, 2.17132241e-01,
       5.56881531e+02, 2.74761078e+02, 2.54958421e-01, 3.49197693e+02,
       2.27790298e+02, 2.50095755e-01, 1.84648087e+02, 1.70941895e+02,
       3.70223999e-01, 5.49053040e+02, 3.66802307e+02, 2.73263156e-01,
       3.49207428e+02, 3.66789734e+02, 4.78330076e-01, 1.55254974e+02,
       3.59015045e+02, 4.41482842e-01, 8.99653320e+02, 3.23794922e+02,
       8.00673783e-01, 8.97793579e+02, 3.60993988e+02, 7.60387123e-01,
       8.80166382e+02, 2.90522858e+02, 6.94629431e-01, 0., 0., 0.,
       9.84444046e+01, 3.94291840e+02, 3.12585026e-01, 1.02434891e+02,
       3.96245178e+02, 3.36919755e-01, 1.27846649e+02, 3.39433472e+02,
       2.33911842e-01, 1.76815384e+02, 1.67032166e+02, 1.03951998e-01,
       1.72924118e+02, 1.70942612e+02, 1.45533234e-01, 0., 0., 0. ]
