%YAML:1.0
---
pose_0: !!opencv-matrix
   rows: 1
   cols: 25
   dt: "3f"
   data: [ 8.91911743e+02, 4.49139740e+02, 4.92570698e-01,
       8.35057556e+02, 4.74631470e+02, 3.40605646e-01, 8.21328003e+02,
       3.86489441e+02, 1.88944235e-01, 8.40966919e+02, 3.33504700e+02,
       7.51202047e-01, 8.84038269e+02, 4.27589691e+02, 8.30582976e-01,
       9.25195190e+02, 5.37271240e+02, 1.11488998e-01, 0., 0., 0., 0.,
       0., 0., 6.17614868e+02, 4.78519104e+02, 7.96680078e-02,
       6.23503662e+02, 4.45212677e+02, 1.19909525e-01, 5.56879944e+02,
       4.21708313e+02, 6.35958463e-02, 0., 0., 0., 6.03889709e+02,
       5.17728943e+02, 8.80266875e-02, 4.13887329e+02, 5.27525146e+02,
       1.61223888e-01, 3.84504089e+02, 5.27521362e+02, 7.00212717e-02,
       9.01741760e+02, 4.45158081e+02, 4.89848197e-01, 9.19326355e+02,
       4.60911438e+02, 4.71439719e-01, 0., 0., 0., 9.31106873e+02,
       4.88340240e+02, 2.80469418e-01, 0., 0., 0., 0., 0., 0., 0., 0.,
       0., 0., 0., 0., 0., 0., 0., 0., 0., 0. ]
