%YAML:1.0
---
pose_0: !!opencv-matrix
   rows: 1
   cols: 25
   dt: "3f"
   data: [ 9.21310669e+02, 3.45321777e+02, 7.23803937e-01,
       8.54659973e+02, 2.72779327e+02, 3.31531286e-01, 8.60574646e+02,
       2.57165222e+02, 6.78295970e-01, 7.84177490e+02, 2.08100311e+02,
       7.72313595e-01, 7.01892944e+02, 3.39460663e+02, 7.45444238e-01,
       0., 0., 0., 0., 0., 0., 0., 0., 0., 6.72474915e+02,
       2.82604370e+02, 1.19688272e-01, 6.50933777e+02, 2.63015289e+02,
       1.30387172e-01, 5.82371643e+02, 3.55103790e+02, 1.55377805e-01,
       0., 0., 0., 6.95935974e+02, 3.10032135e+02, 7.72798210e-02,
       6.47025452e+02, 4.29537140e+02, 8.82372111e-02, 6.35320190e+02,
       4.31504333e+02, 1.75140426e-01, 9.40861816e+02, 3.23794678e+02,
       7.25245893e-01, 9.36991455e+02, 3.51148132e+02, 1.98148668e-01,
       9.21325439e+02, 2.74707123e+02, 8.50164354e-01, 0., 0., 0., 0.,
       0., 0., 0., 0., 0., 0., 0., 0., 0., 0., 0., 0., 0., 0., 0., 0.,
       0. ]
