%YAML:1.0
---
pose_0: !!opencv-matrix
   rows: 1
   cols: 25
   dt: "3f"
   data: [ 9.50702332e+02, 2.80684387e+02, 7.03648686e-01,
       8.54653442e+02, 2.61080994e+02, 5.16501248e-01, 8.54699524e+02,
       2.02303497e+02, 2.35179052e-01, 0., 0., 0., 0., 0., 0.,
       8.54673645e+02, 3.21824219e+02, 5.09415746e-01, 8.21421448e+02,
       4.33476501e+02, 7.84779012e-01, 8.84119507e+02, 4.13811279e+02,
       7.45825469e-01, 6.01968323e+02, 2.45405777e+02, 1.36140332e-01,
       6.03940125e+02, 3.17862427e+02, 1.07400253e-01, 5.90217407e+02,
       3.98177063e+02, 5.60069904e-02, 0., 0., 0., 6.27415039e+02,
       2.31673660e+02, 9.51167718e-02, 0., 0., 0., 0., 0., 0.,
       9.74172485e+02, 2.55147614e+02, 7.19129384e-01, 9.74167236e+02,
       2.92445496e+02, 7.23030925e-01, 9.56523682e+02, 2.12073181e+02,
       5.47639549e-01, 0., 0., 0., 0., 0., 0., 0., 0., 0., 0., 0., 0.,
       0., 0., 0., 0., 0., 0., 0., 0., 0. ]
