%YAML:1.0
---
pose_0: !!opencv-matrix
   rows: 1
   cols: 25
   dt: "3f"
   data: [ 9.31056641e+02, 4.29460907e+02, 8.40930462e-01,
       8.25266663e+02, 4.49115906e+02, 7.04192162e-01, 8.01775024e+02,
       3.72714844e+02, 6.32023752e-01, 6.88129578e+02, 3.45322540e+02,
       4.83908117e-01, 5.80399658e+02, 3.13956451e+02, 3.24467003e-01,
       8.44882202e+02, 5.27481934e+02, 6.47888184e-01, 7.41017822e+02,
       5.70585938e+02, 7.06575990e-01, 6.27389771e+02, 5.09851654e+02,
       7.61942387e-01, 5.74516357e+02, 4.66762268e+02, 1.53228998e-01,
       5.68647827e+02, 4.17796173e+02, 1.75547495e-01, 3.92335388e+02,
       4.13841919e+02, 9.52859148e-02, 0., 0., 0., 5.92142456e+02,
       5.19682922e+02, 1.43104106e-01, 0., 0., 0., 0., 0., 0.,
       9.34965210e+02, 4.09924744e+02, 8.58961880e-01, 9.46760315e+02,
       4.43279999e+02, 8.76034319e-01, 9.13407776e+02, 3.94273773e+02,
       4.63705122e-01, 9.31081177e+02, 4.70682983e+02, 4.40442592e-01,
       0., 0., 0., 0., 0., 0., 0., 0., 0., 0., 0., 0., 0., 0., 0., 0.,
       0., 0. ]
