%YAML:1.0
---
pose_0: !!opencv-matrix
   rows: 1
   cols: 25
   dt: "3f"
   data: [ 1.12502197e+03, 2.90482697e+02, 5.52176416e-01,
       9.46789795e+02, 2.68888397e+02, 1.73093393e-01, 9.62406982e+02,
       1.74849060e+02, 9.35397819e-02, 9.25222473e+02, 1.33669968e+02,
       9.51745957e-02, 9.82007141e+02, 2.27774155e+02, 4.00124103e-01,
       9.40861206e+02, 3.19834320e+02, 1.26625627e-01, 8.56606201e+02,
       5.09833466e+02, 4.17597294e-01, 9.99674377e+02, 4.43250519e+02,
       4.83952641e-01, 0., 0., 0., 0., 0., 0., 0., 0., 0., 0., 0., 0.,
       0., 0., 0., 0., 0., 0., 0., 0., 0., 1.10940076e+03,
       2.57045807e+02, 6.16203666e-01, 1.14654089e+03, 2.84547272e+02,
       1.46455169e-01, 1.07212109e+03, 1.96501709e+02, 7.73026168e-01,
       0., 0., 0., 0., 0., 0., 0., 0., 0., 0., 0., 0., 0., 0., 0., 0.,
       0., 0., 0., 0., 0. ]
