%YAML:1.0
---
pose_0: !!opencv-matrix
   rows: 1
   cols: 25
   dt: "3f"
   data: [ 8.97765625e+02, 4.15903015e+02, 7.89580286e-01,
       7.90040833e+02, 4.11942963e+02, 7.06002116e-01, 7.88062439e+02,
       3.25714050e+02, 6.29530489e-01, 6.80219299e+02, 2.41403549e+02,
       7.75731325e-01, 7.25413330e+02, 2.74764435e+02, 7.01319218e-01,
       7.84154785e+02, 4.92159576e+02, 6.01473868e-01, 6.64617188e+02,
       5.41218872e+02, 8.21484387e-01, 7.72405518e+02, 5.33359985e+02,
       7.74389029e-01, 5.47100769e+02, 4.31515167e+02, 2.80704558e-01,
       5.51022400e+02, 3.84517578e+02, 3.20162386e-01, 3.98228973e+02,
       3.88432556e+02, 6.88034371e-02, 0., 0., 0., 5.41203491e+02,
       4.76529083e+02, 3.23961437e-01, 3.84447418e+02, 5.07945251e+02,
       3.23474824e-01, 3.78577911e+02, 5.05931366e+02, 6.61468580e-02,
       9.11486816e+02, 3.98242462e+02, 8.48281980e-01, 9.05621582e+02,
       4.31586151e+02, 7.23565638e-01, 8.86023804e+02, 3.74715454e+02,
       6.80436373e-01, 8.83976868e+02, 4.53072693e+02, 1.56896457e-01,
       0., 0., 0., 0., 0., 0., 0., 0., 0., 0., 0., 0., 0., 0., 0., 0.,
       0., 0. ]
