%YAML:1.0
---
pose_0: !!opencv-matrix
   rows: 1
   cols: 25
   dt: "3f"
   data: [ 9.11473083e+02, 3.84553650e+02, 8.01189303e-01,
       7.92011230e+02, 3.98196228e+02, 7.00094640e-01, 7.76331726e+02,
       3.25704224e+02, 6.65035367e-01, 6.78330017e+02, 2.39489594e+02,
       7.83227324e-01, 7.60673279e+02, 2.61034210e+02, 8.37823272e-01,
       8.01749207e+02, 4.78549377e+02, 5.43580532e-01, 6.80308960e+02,
       5.54860718e+02, 8.06766629e-01, 7.88006226e+02, 5.51001221e+02,
       7.43432760e-01, 5.29473938e+02, 4.13861786e+02, 2.97003418e-01,
       5.43182556e+02, 3.62944183e+02, 3.70261639e-01, 3.51178741e+02,
       3.53111084e+02, 4.80383843e-01, 0., 0., 0., 5.27540344e+02,
       4.58925995e+02, 3.70475441e-01, 3.59036560e+02, 4.92212860e+02,
       4.79092777e-01, 1.78730209e+02, 5.25591064e+02, 4.14039731e-01,
       9.17360413e+02, 3.66907440e+02, 9.12953913e-01, 9.23234497e+02,
       4.02114044e+02, 7.76621461e-01, 8.91922974e+02, 3.45327484e+02,
       6.45891905e-01, 9.09534119e+02, 4.25646790e+02, 4.56534982e-01,
       1.04321335e+02, 5.68642334e+02, 9.58560929e-02, 0., 0., 0.,
       1.53315811e+02, 5.31428528e+02, 1.77088156e-01, 0., 0., 0., 0.,
       0., 0., 0., 0., 0. ]
