%YAML:1.0
---
pose_0: !!opencv-matrix
   rows: 1
   cols: 25
   dt: "3f"
   data: [ 8.72371704e+02, 2.39502411e+02, 7.60799110e-01,
       7.80228394e+02, 2.35598587e+02, 6.37814522e-01, 7.72408325e+02,
       1.65105118e+02, 7.08681762e-01, 6.60706726e+02, 1.29818619e+02,
       7.40439057e-01, 5.56841187e+02, 1.47469604e+02, 7.74830163e-01,
       7.90042297e+02, 2.96358124e+02, 5.66962361e-01, 7.09630920e+02,
       3.53083466e+02, 8.54064763e-01, 8.23344299e+02, 3.08141174e+02,
       7.63370574e-01, 5.56908875e+02, 2.43422791e+02, 2.27843776e-01,
       5.43179871e+02, 1.98375198e+02, 2.69901693e-01, 3.59009979e+02,
       1.98424408e+02, 2.13509887e-01, 0., 0., 0., 5.58835571e+02,
       2.90439636e+02, 2.53553301e-01, 3.51174744e+02, 3.51177063e+02,
       3.63094568e-01, 1.78795868e+02, 4.17801941e+02, 2.49505818e-01,
       8.84040955e+02, 2.21888382e+02, 7.83515275e-01, 8.87984192e+02,
       2.51260315e+02, 7.56594658e-01, 8.66441589e+02, 2.02290680e+02,
       4.61412966e-01, 8.72280518e+02, 2.78693329e+02, 2.92630106e-01,
       1.31769852e+02, 4.39330933e+02, 9.38037559e-02, 1.43516159e+02,
       4.47170074e+02, 1.12557679e-01, 1.39616623e+02, 4.31507233e+02,
       1.82383880e-01, 0., 0., 0., 0., 0., 0., 0., 0., 0. ]
