%YAML:1.0
---
pose_0: !!opencv-matrix
   rows: 1
   cols: 25
   dt: "3f"
   data: [ 8.99796387e+02, 4.51134796e+02, 8.30607951e-01,
       7.99845154e+02, 4.51121826e+02, 6.29121542e-01, 7.95883484e+02,
       3.76624573e+02, 5.99994123e-01, 7.78312012e+02, 2.57135590e+02,
       4.61611897e-01, 8.09646973e+02, 1.41570618e+02, 2.67160922e-01,
       7.95887817e+02, 5.37268982e+02, 5.44910133e-01, 6.92073181e+02,
       5.78473999e+02, 5.64005136e-01, 5.56897156e+02, 6.03857666e+02,
       7.82440782e-01, 5.43179626e+02, 4.68737793e+02, 1.68420523e-01,
       5.58865845e+02, 4.27572540e+02, 2.37353534e-01, 3.23767120e+02,
       3.64855377e+02, 3.01664591e-01, 2.10117294e+02, 3.12006927e+02,
       3.14564884e-01, 5.27518921e+02, 5.25527588e+02, 1.64929450e-01,
       3.88411804e+02, 5.62781738e+02, 8.33117515e-02, 1.61144058e+02,
       5.72601563e+02, 7.85485655e-02, 9.11468933e+02, 4.31482056e+02,
       8.80736589e-01, 9.15393005e+02, 4.64808197e+02, 8.24301720e-01,
       8.85953979e+02, 4.09952332e+02, 7.24883676e-01, 9.03643738e+02,
       4.82484314e+02, 1.08183526e-01, 0., 0., 0., 0., 0., 0., 0., 0.,
       0., 1.78794174e+02, 3.04120361e+02, 1.68729022e-01,
       1.80725555e+02, 3.02164307e+02, 1.91003948e-01, 0., 0., 0. ]
