%YAML:1.0
---
pose_0: !!opencv-matrix
   rows: 1
   cols: 25
   dt: "3f"
   data: [ 8.48790771e+02, 2.43387604e+02, 7.50119627e-01,
       7.82170654e+02, 3.13956177e+02, 5.27688801e-01, 7.72407776e+02,
       2.90446716e+02, 3.08805555e-01, 6.41147034e+02, 2.96345886e+02,
       1.60666063e-01, 5.82360840e+02, 2.51245728e+02, 7.01649904e-01,
       7.89987488e+02, 3.39416168e+02, 5.61156273e-01, 6.72458984e+02,
       3.66844574e+02, 7.36370623e-01, 5.51041931e+02, 2.72878540e+02,
       7.56757081e-01, 5.41238159e+02, 3.43361847e+02, 2.07157925e-01,
       5.45140137e+02, 3.17858368e+02, 1.38898581e-01, 3.21780151e+02,
       2.88513000e+02, 2.15593278e-01, 1.19988953e+02, 3.68884338e+02,
       2.69928455e-01, 5.29455688e+02, 3.57081879e+02, 2.07933679e-01,
       3.17877960e+02, 2.57118805e+02, 5.39398074e-01, 1.18050926e+02,
       3.70801239e+02, 2.72224545e-01, 8.62530640e+02, 2.41430527e+02,
       4.81833190e-01, 8.68417908e+02, 2.59047424e+02, 8.71495843e-01,
       0., 0., 0., 8.54698120e+02, 3.08068695e+02, 8.37844431e-01,
       7.49633713e+01, 4.07981659e+02, 1.36648759e-01, 8.07954254e+01,
       4.09928131e+02, 1.58723354e-01, 9.25732117e+01, 3.82533173e+02,
       1.95562929e-01, 7.88651276e+01, 4.06016357e+02, 1.90803677e-01,
       7.49857254e+01, 3.98243774e+02, 1.70147717e-01, 1.00401070e+02,
       3.80579803e+02, 1.77140668e-01 ]
