%YAML:1.0
---
pose_0: !!opencv-matrix
   rows: 1
   cols: 25
   dt: "3f"
   data: [ 8.99709900e+02, 3.84454742e+02, 8.63535523e-01,
       7.91941345e+02, 3.51218353e+02, 7.13601708e-01, 7.90012451e+02,
       2.76738434e+02, 6.67224705e-01, 6.66549744e+02, 2.17944473e+02,
       7.82280445e-01, 7.43064941e+02, 2.43409668e+02, 7.87163317e-01,
       7.89947815e+02, 4.23649323e+02, 5.29874623e-01, 6.76424377e+02,
       4.96234161e+02, 7.06740797e-01, 7.78308655e+02, 5.09804352e+02,
       7.62429178e-01, 5.45151855e+02, 4.17776550e+02, 2.15956673e-01,
       5.41221252e+02, 3.70801971e+02, 2.80969113e-01, 3.90363464e+02,
       3.70785431e+02, 7.32476264e-02, 3.41376404e+02, 3.74714142e+02,
       5.80374897e-02, 5.49063782e+02, 4.60871063e+02, 2.07546413e-01,
       3.74706573e+02, 4.88330261e+02, 2.97538757e-01, 1.80704514e+02,
       5.25545593e+02, 3.14244360e-01, 9.13479675e+02, 3.57043335e+02,
       8.10067236e-01, 9.15342041e+02, 3.90374817e+02, 7.41132975e-01,
       8.87969177e+02, 3.19777313e+02, 8.40227783e-01, 0., 0., 0., 0.,
       0., 0., 0., 0., 0., 0., 0., 0., 0., 0., 0., 0., 0., 0., 0., 0.,
       0. ]
