%YAML:1.0
---
pose_0: !!opencv-matrix
   rows: 1
   cols: 25
   dt: "3f"
   data: [ 9.31025391e+02, 2.23766113e+02, 7.74696946e-01,
       8.09605530e+02, 2.27774033e+02, 6.65571630e-01, 7.99849487e+02,
       1.49336884e+02, 6.58433259e-01, 6.70507507e+02, 1.06308167e+02,
       7.14334965e-01, 5.70588623e+02, 1.16109695e+02, 8.39717329e-01,
       8.21344116e+02, 3.17882263e+02, 6.59723759e-01, 7.01855286e+02,
       3.88419220e+02, 7.40456522e-01, 6.33328979e+02, 3.66788147e+02,
       8.32853556e-01, 5.37310120e+02, 2.39517059e+02, 1.32395267e-01,
       5.25526184e+02, 1.96439621e+02, 1.63261726e-01, 2.45417725e+02,
       3.41385925e+02, 8.44335034e-02, 0., 0., 0., 5.25556091e+02,
       3.02213867e+02, 1.30760163e-01, 3.57072998e+02, 3.17880768e+02,
       7.69511014e-02, 3.47242004e+02, 3.21801666e+02, 1.08429119e-01,
       9.31109497e+02, 1.98375259e+02, 8.74369025e-01, 9.44755310e+02,
       2.33646500e+02, 7.50489712e-01, 8.97793762e+02, 1.80672256e+02,
       6.63601756e-01, 9.29096313e+02, 2.57107635e+02, 2.60908157e-01,
       0., 0., 0., 0., 0., 0., 3.49199585e+02, 3.27666290e+02,
       7.65746832e-02, 0., 0., 0., 0., 0., 0., 0., 0., 0. ]
