%YAML:1.0
---
pose_0: !!opencv-matrix
   rows: 1
   cols: 25
   dt: "3f"
   data: [ 8.86057251e+02, 2.37527771e+02, 7.70240545e-01,
       7.91973083e+02, 2.41396042e+02, 7.37792373e-01, 7.80250488e+02,
       1.65053818e+02, 6.78113043e-01, 6.47017700e+02, 1.31779236e+02,
       7.83815861e-01, 5.60795288e+02, 1.31839691e+02, 8.22573602e-01,
       8.05655579e+02, 3.17856659e+02, 6.77491426e-01, 7.13671570e+02,
       3.55161652e+02, 8.15749645e-01, 6.82354187e+02, 3.06136353e+02,
       7.74783552e-01, 5.41221375e+02, 2.59091431e+02, 3.85002017e-01,
       5.41178040e+02, 2.14059113e+02, 4.61129427e-01, 3.35483582e+02,
       2.41480972e+02, 6.43601239e-01, 0., 0., 0., 5.49035034e+02,
       3.02210022e+02, 3.73055398e-01, 3.62949219e+02, 3.08132446e+02,
       3.38148683e-01, 3.45291687e+02, 2.92391296e+02, 1.07752971e-01,
       8.91910339e+02, 2.14032990e+02, 7.89785922e-01, 9.01674316e+02,
       2.51237488e+02, 8.09307873e-01, 8.70317444e+02, 1.94427765e+02,
       6.62586451e-01, 8.91878967e+02, 2.72714233e+02, 3.51708472e-01,
       0., 0., 0., 0., 0., 0., 3.43334961e+02, 2.86512177e+02,
       1.03603974e-01, 0., 0., 0., 0., 0., 0., 0., 0., 0. ]
