%YAML:1.0
---
pose_0: !!opencv-matrix
   rows: 1
   cols: 25
   dt: "3f"
   data: [ 9.15322632e+02, 2.72897095e+02, 8.53022516e-01,
       8.13534668e+02, 2.41435989e+02, 5.32309413e-01, 8.23267517e+02,
       1.72889740e+02, 6.56646013e-01, 7.82169128e+02, 1.78764282e+02,
       6.64204001e-01, 8.07602661e+02, 3.19874023e+02, 8.39999378e-01,
       7.91986023e+02, 2.90443024e+02, 3.90324116e-01, 6.66609985e+02,
       3.23774933e+02, 5.94130278e-01, 5.74494080e+02, 3.92287262e+02,
       5.48892856e-01, 5.99999634e+02, 2.29722565e+02, 7.88839534e-02,
       0., 0., 0., 0., 0., 0., 0., 0., 0., 6.72479248e+02,
       2.80668152e+02, 5.07293046e-02, 3.23733612e+02, 3.47260986e+02,
       1.95470348e-01, 1.39600983e+02, 3.37535675e+02, 3.71389478e-01,
       9.19384338e+02, 2.51276978e+02, 8.14022422e-01, 9.29085388e+02,
       2.74835999e+02, 8.12008142e-01, 8.91927490e+02, 2.12190048e+02,
       7.91764557e-01, 0., 0., 0., 1.16111465e+02, 3.04215210e+02,
       2.85282046e-01, 1.16129227e+02, 3.13968689e+02, 2.84995407e-01,
       1.18063637e+02, 3.45300232e+02, 2.21544206e-01, 0., 0., 0., 0.,
       0., 0., 0., 0., 0. ]
