%YAML:1.0
---
pose_0: !!opencv-matrix
   rows: 1
   cols: 25
   dt: "3f"
   data: [ 9.33075500e+02, 2.41430634e+02, 7.62620091e-01,
       8.52736694e+02, 3.08102386e+02, 6.04465604e-01, 8.27259155e+02,
       2.82623413e+02, 4.01321292e-01, 7.33198914e+02, 2.74799042e+02,
       3.22231770e-01, 6.33318848e+02, 2.47324341e+02, 7.42895544e-01,
       8.70384216e+02, 3.41371124e+02, 5.89199543e-01, 7.29296143e+02,
       3.84519226e+02, 6.85983777e-01, 5.88278809e+02, 2.92428955e+02,
       7.12536514e-01, 6.48981506e+02, 3.37479279e+02, 7.16339052e-02,
       6.39192688e+02, 2.98296600e+02, 8.38572383e-02, 3.00239441e+02,
       3.33534973e+02, 6.14108108e-02, 1.63118423e+02, 3.94271759e+02,
       7.68632665e-02, 6.76383362e+02, 3.82561371e+02, 5.16851954e-02,
       0., 0., 0., 0., 0., 0., 9.46802979e+02, 2.33663589e+02,
       5.71877420e-01, 9.60447144e+02, 2.57192993e+02, 8.65972877e-01,
       0., 0., 0., 9.48758545e+02, 3.06122162e+02, 8.85858357e-01, 0.,
       0., 0., 0., 0., 0., 0., 0., 0., 0., 0., 0., 0., 0., 0., 0., 0.,
       0. ]
