%YAML:1.0
---
pose_0: !!opencv-matrix
   rows: 1
   cols: 25
   dt: "3f"
   data: [ 8.52757263e+02, 1.76848999e+02, 8.23935091e-01,
       7.60598938e+02, 2.00375671e+02, 7.14381158e-01, 7.60603760e+02,
       1.33704895e+02, 6.80714846e-01, 7.88006409e+02, 3.96604195e+01,
       6.43685758e-01, 8.31140686e+02, 5.35292149e+00, 2.15542302e-01,
       7.64564392e+02, 2.70806976e+02, 5.43993711e-01, 8.56637390e+02,
       3.21722046e+02, 8.41038465e-01, 8.50786194e+02, 2.55147247e+02,
       5.96474409e-01, 5.25546204e+02, 1.88594299e+02, 3.30098391e-01,
       5.33369141e+02, 1.47411865e+02, 3.99068952e-01, 3.68790649e+02,
       1.18051956e+02, 2.00632438e-01, 0., 0., 0., 5.21642944e+02,
       2.31695679e+02, 3.88454020e-01, 3.39428040e+02, 2.39492432e+02,
       3.10104966e-01, 1.70930618e+02, 2.72838623e+02, 3.42890978e-01,
       8.62541016e+02, 1.72886520e+02, 6.83849156e-01, 8.66361328e+02,
       1.92495529e+02, 7.94787943e-01, 8.56652283e+02, 1.64996872e+02,
       8.10031593e-02, 8.39061035e+02, 2.25777451e+02, 8.08579683e-01,
       1.12170990e+02, 2.86510864e+02, 3.13671917e-01, 1.18040260e+02,
       2.96319702e+02, 3.10569942e-01, 1.20017204e+02, 3.04188568e+02,
       1.47772297e-01, 0., 0., 0., 0., 0., 0., 0., 0., 0. ]
