%YAML:1.0
---
pose_0: !!opencv-matrix
   rows: 1
   cols: 25
   dt: "3f"
   data: [ 1.07209766e+03, 2.59147888e+02, 6.95434988e-01,
       9.15393433e+02, 2.45382141e+02, 3.65216851e-01, 9.13469299e+02,
       1.61127808e+02, 2.95829982e-01, 8.27270386e+02, 1.29785568e+02,
       9.26845521e-02, 0., 0., 0., 9.19310608e+02, 3.47269043e+02,
       4.56004441e-01, 7.66538513e+02, 4.45211151e+02, 1.32542297e-01,
       7.56676147e+02, 4.45198639e+02, 2.59312689e-01, 5.80400452e+02,
       3.45313965e+02, 7.26637095e-02, 5.64716064e+02, 3.02190369e+02,
       8.39888379e-02, 3.39415802e+02, 3.21799103e+02, 6.18997924e-02,
       0., 0., 0., 6.03904114e+02, 3.92323914e+02, 6.08073436e-02, 0.,
       0., 0., 0., 0., 0., 1.08001086e+03, 2.25715393e+02,
       8.07772875e-01, 1.08779846e+03, 2.74733887e+02, 6.86529696e-01,
       1.04275659e+03, 1.80695496e+02, 4.91904765e-01, 0., 0., 0., 0.,
       0., 0., 0., 0., 0., 0., 0., 0., 0., 0., 0., 0., 0., 0., 0., 0.,
       0. ]
