%YAML:1.0
---
pose_0: !!opencv-matrix
   rows: 1
   cols: 25
   dt: "3f"
   data: [ 9.19318542e+02, 2.29748642e+02, 6.81055129e-01,
       8.21355957e+02, 2.90519775e+02, 6.96686745e-01, 7.82207520e+02,
       2.45381958e+02, 6.11713350e-01, 6.90090393e+02, 2.61099823e+02,
       6.07385159e-01, 6.60702454e+02, 1.96422256e+02, 8.05248618e-01,
       8.54641174e+02, 3.49161835e+02, 6.33067846e-01, 7.54752380e+02,
       4.29485840e+02, 6.91035390e-01, 6.37222473e+02, 3.76653412e+02,
       6.87939167e-01, 6.01963379e+02, 3.27669830e+02, 3.42964858e-01,
       5.99962341e+02, 2.96321228e+02, 3.97669762e-01, 3.70781494e+02,
       3.17906799e+02, 1.29173771e-01, 1.31764435e+02, 3.78600128e+02,
       1.84256420e-01, 5.90187805e+02, 3.53167938e+02, 1.54196605e-01,
       3.35499176e+02, 3.35466858e+02, 2.32379198e-01, 1.33721008e+02,
       3.80577118e+02, 3.33738834e-01, 9.31106689e+02, 2.25754333e+02,
       6.13670588e-01, 9.35025269e+02, 2.53250214e+02, 8.16761374e-01,
       0., 0., 0., 9.17352051e+02, 2.96341309e+02, 6.90141380e-01,
       8.66745834e+01, 3.86470367e+02, 7.45503902e-02, 1.00365273e+02,
       3.98223480e+02, 1.22569904e-01, 1.16062241e+02, 3.88393188e+02,
       1.76423505e-01, 8.47286453e+01, 3.80572266e+02, 5.07115051e-02,
       0., 0., 0., 0., 0., 0. ]
