%YAML:1.0
---
pose_0: !!opencv-matrix
   rows: 1
   cols: 25
   dt: "3f"
   data: [ 9.19297119e+02, 3.53059662e+02, 8.33020210e-01,
       8.03744324e+02, 3.68764435e+02, 7.00543761e-01, 7.91927490e+02,
       2.88521942e+02, 7.26138711e-01, 6.58782776e+02, 2.74794678e+02,
       6.47751987e-01, 5.41266113e+02, 2.72861206e+02, 6.19637668e-01,
       8.09626831e+02, 4.47227081e+02, 6.23680890e-01, 7.09721008e+02,
       4.94227936e+02, 6.39255524e-01, 5.54977478e+02, 5.11825378e+02,
       7.76108325e-01, 5.27534485e+02, 3.82491089e+02, 3.15969884e-01,
       5.39209961e+02, 3.35542572e+02, 4.09049809e-01, 3.59024292e+02,
       3.43338318e+02, 1.18032530e-01, 0., 0., 0., 5.23591370e+02,
       4.25649384e+02, 3.70382547e-01, 3.70808350e+02, 4.68731445e+02,
       3.61537367e-01, 0., 0., 0., 9.29104919e+02, 3.31582611e+02,
       8.29134107e-01, 9.33013245e+02, 3.66929535e+02, 8.58785510e-01,
       8.97799744e+02, 3.08060333e+02, 6.64214849e-01, 9.17395386e+02,
       3.88405060e+02, 1.82971045e-01, 0., 0., 0., 0., 0., 0., 0., 0.,
       0., 0., 0., 0., 0., 0., 0., 0., 0., 0. ]
