%YAML:1.0
---
pose_0: !!opencv-matrix
   rows: 1
   cols: 25
   dt: "3f"
   data: [ 9.17414734e+02, 1.94476944e+02, 7.98404574e-01,
       8.66399048e+02, 2.64956329e+02, 4.78730023e-01, 8.66440735e+02,
       2.59066833e+02, 2.71014392e-01, 7.97865295e+02, 2.35569687e+02,
       1.30948573e-01, 8.05617188e+02, 1.67033630e+02, 1.34216994e-01,
       8.78191772e+02, 2.74723450e+02, 5.29993117e-01, 7.92006409e+02,
       2.14069931e+02, 4.26100105e-01, 8.05700073e+02, 1.47429413e+02,
       6.28464520e-01, 5.80401917e+02, 3.19794739e+02, 1.52210519e-01,
       5.68632202e+02, 2.92389343e+02, 1.75385907e-01, 3.19833374e+02,
       3.33544281e+02, 1.93382725e-01, 9.84500656e+01, 3.74679443e+02,
       1.73349321e-01, 6.27423828e+02, 3.51191833e+02, 8.77381712e-02,
       0., 0., 0., 0., 0., 0., 9.35062134e+02, 1.92525436e+02,
       2.53466368e-01, 9.44758850e+02, 2.10045807e+02, 8.21869135e-01,
       0., 0., 0., 9.33114197e+02, 2.70782379e+02, 8.13648701e-01, 0.,
       0., 0., 0., 0., 0., 0., 0., 0., 5.53444099e+01, 4.04096741e+02,
       1.06545374e-01, 5.53611374e+01, 4.02150330e+02, 9.33365524e-02,
       0., 0., 0. ]
