%YAML:1.0
---
pose_0: !!opencv-matrix
   rows: 1
   cols: 25
   dt: "3f"
   data: [ 8.95796021e+02, 4.02083923e+02, 7.87546515e-01,
       7.84148438e+02, 4.27620361e+02, 6.82780206e-01, 7.70427979e+02,
       3.53196899e+02, 7.08054781e-01, 6.58757019e+02, 3.04065430e+02,
       8.05698335e-01, 7.07766907e+02, 2.84602051e+02, 7.99115062e-01,
       7.95933777e+02, 4.96148285e+02, 6.51082873e-01, 6.78333252e+02,
       5.64744995e+02, 7.27587640e-01, 7.91998047e+02, 5.41152832e+02,
       8.06362748e-01, 5.23564575e+02, 4.74590424e+02, 3.07282925e-01,
       5.31424866e+02, 4.17827881e+02, 3.43310356e-01, 3.45318481e+02,
       3.94253143e+02, 2.34990627e-01, 0., 0., 0., 5.23611206e+02,
       5.11840240e+02, 3.52627933e-01, 3.68854431e+02, 5.17719788e+02,
       3.00686538e-01, 0., 0., 0., 8.99786194e+02, 3.88395477e+02,
       8.65519404e-01, 9.09509277e+02, 4.17864594e+02, 7.85496712e-01,
       8.72334229e+02, 3.78594116e+02, 4.14609551e-01, 8.86019348e+02,
       4.47160553e+02, 7.07006812e-01, 0., 0., 0., 0., 0., 0., 0., 0.,
       0., 0., 0., 0., 0., 0., 0., 0., 0., 0. ]
