%YAML:1.0
---
pose_0: !!opencv-matrix
   rows: 1
   cols: 25
   dt: "3f"
   data: [ 8.42947327e+02, 1.29814896e+02, 7.72081137e-01,
       7.66527954e+02, 1.02417519e+02, 5.99420846e-01, 7.88027832e+02,
       3.77122688e+01, 4.53216881e-01, 0., 0., 0., 0., 0., 0.,
       7.62606506e+02, 1.65067184e+02, 4.72266674e-01, 8.15495178e+02,
       1.96355148e+02, 8.22172344e-01, 8.74259277e+02, 1.43475266e+02,
       7.64505148e-01, 5.76480652e+02, 1.10219353e+02, 1.62481517e-01,
       5.66669067e+02, 6.90697250e+01, 2.45606989e-01, 3.64878723e+02,
       8.27926254e+01, 5.54966815e-02, 0., 0., 0., 6.01940918e+02,
       1.63073227e+02, 1.20658174e-01, 3.80554657e+02, 1.74870529e+02,
       7.23761693e-02, 3.35479340e+02, 1.67035004e+02, 1.11934267e-01,
       8.52747192e+02, 1.04361427e+02, 8.68526638e-01, 8.60538208e+02,
       1.31834259e+02, 6.99586153e-01, 8.31147888e+02, 6.90740814e+01,
       7.10489571e-01, 0., 0., 0., 0., 0., 0., 0., 0., 0.,
       3.33487030e+02, 1.68990570e+02, 1.01715632e-01, 0., 0., 0., 0.,
       0., 0., 0., 0., 0. ]
