%YAML:1.0
---
pose_0: !!opencv-matrix
   rows: 1
   cols: 25
   dt: "3f"
   data: [ 1.07412634e+03, 2.04251297e+02, 7.41000891e-01,
       9.07565796e+02, 2.43412201e+02, 4.57250297e-01, 8.86020630e+02,
       1.41548141e+02, 5.38697004e-01, 7.86101013e+02, 1.00442291e+02,
       1.05922885e-01, 8.19418945e+02, 1.55248901e+02, 2.74920762e-01,
       9.21304443e+02, 3.49190094e+02, 4.99488145e-01, 7.45027954e+02,
       4.43243958e+02, 6.66854024e-01, 8.27233215e+02, 3.49213470e+02,
       6.58231199e-01, 6.19587097e+02, 3.23762482e+02, 5.31906597e-02,
       0., 0., 0., 0., 0., 0., 0., 0., 0., 0., 0., 0., 0., 0., 0., 0.,
       0., 0., 1.08195837e+03, 1.76800842e+02, 8.22648227e-01,
       1.09566345e+03, 2.25716705e+02, 7.60226786e-01, 1.03885925e+03,
       1.55250229e+02, 6.06319129e-01, 1.07016357e+03, 2.59133881e+02,
       1.65374070e-01, 0., 0., 0., 0., 0., 0., 0., 0., 0., 0., 0., 0.,
       0., 0., 0., 0., 0., 0. ]
