%YAML:1.0
---
pose_0: !!opencv-matrix
   rows: 1
   cols: 25
   dt: "3f"
   data: [ 9.30980713e+02, 3.23754211e+02, 8.40797007e-01,
       8.21341309e+02, 2.86555389e+02, 6.44519866e-01, 8.39016663e+02,
       2.23867706e+02, 6.91407263e-01, 7.25408569e+02, 1.59145218e+02,
       7.76022017e-01, 6.33227112e+02, 2.43392349e+02, 7.87865698e-01,
       7.93987244e+02, 3.43344513e+02, 5.03535032e-01, 7.37152893e+02,
       3.94281219e+02, 2.67645359e-01, 6.78351013e+02, 3.98124542e+02,
       4.51047778e-01, 6.27399841e+02, 2.76735413e+02, 1.27206817e-01,
       6.33313171e+02, 2.31685226e+02, 1.08257890e-01, 5.58860535e+02,
       2.10110336e+02, 2.15422332e-01, 3.74709991e+02, 2.76727234e+02,
       1.23616770e-01, 6.15672302e+02, 3.43344604e+02, 1.02194734e-01,
       3.47275757e+02, 3.31580292e+02, 1.13557100e-01, 1.41561050e+02,
       3.17862457e+02, 2.08474755e-01, 9.36974915e+02, 3.04073486e+02,
       7.96369970e-01, 9.44815186e+02, 3.35473755e+02, 8.03245306e-01,
       9.15438782e+02, 2.68890808e+02, 7.03935206e-01, 0., 0., 0., 0.,
       0., 0., 0., 0., 0., 9.84624023e+01, 3.31553070e+02,
       1.32925645e-01, 0., 0., 0., 0., 0., 0., 0., 0., 0. ]
