%YAML:1.0
---
pose_0: !!opencv-matrix
   rows: 1
   cols: 25
   dt: "3f"
   data: [ 9.17317444e+02, 1.96409607e+02, 8.16716194e-01,
       8.44867920e+02, 2.72768524e+02, 5.25973797e-01, 8.35078979e+02,
       2.43392532e+02, 2.34671295e-01, 6.99926086e+02, 2.17999710e+02,
       5.24861693e-01, 7.66552795e+02, 1.47472397e+02, 7.67933607e-01,
       8.56641663e+02, 3.00247864e+02, 4.86191601e-01, 7.76283203e+02,
       2.25774200e+02, 5.10891080e-01, 8.39032043e+02, 1.45496719e+02,
       7.29730964e-01, 6.60704712e+02, 2.92428833e+02, 1.08037941e-01,
       0., 0., 0., 0., 0., 0., 0., 0., 0., 6.84240662e+02,
       3.23756866e+02, 9.28445980e-02, 5.45131958e+02, 3.82570068e+02,
       6.60886988e-02, 0., 0., 0., 9.33058533e+02, 1.96378143e+02,
       3.24023843e-01, 9.40883240e+02, 2.12030396e+02, 8.20471108e-01,
       0., 0., 0., 9.33075562e+02, 2.72774384e+02, 8.43356550e-01, 0.,
       0., 0., 0., 0., 0., 0., 0., 0., 0., 0., 0., 0., 0., 0., 0., 0.,
       0. ]
