%YAML:1.0
---
pose_0: !!opencv-matrix
   rows: 1
   cols: 25
   dt: "3f"
   data: [ 8.95771423e+02, 2.86486176e+02, 6.70018077e-01,
       7.93926147e+02, 3.27655762e+02, 6.86325192e-01, 7.76382629e+02,
       2.66960144e+02, 6.72542512e-01, 6.78347107e+02, 2.68899231e+02,
       5.15180707e-01, 5.78456970e+02, 2.53234726e+02, 3.73019278e-01,
       8.07632446e+02, 3.90349335e+02, 6.57411993e-01, 6.80348938e+02,
       3.98200653e+02, 7.36323833e-01, 6.03915466e+02, 2.74870270e+02,
       7.12522268e-01, 5.92146545e+02, 3.78616486e+02, 1.54196963e-01,
       5.68663513e+02, 3.57060211e+02, 1.42408490e-01, 4.90241882e+02,
       2.88515442e+02, 1.08034700e-01, 3.33516083e+02, 3.06137695e+02,
       7.41530657e-02, 6.11746399e+02, 4.02136200e+02, 1.42228186e-01,
       4.96155029e+02, 2.92440338e+02, 1.80099159e-01, 3.43333588e+02,
       3.08073914e+02, 2.21010327e-01, 9.01632141e+02, 2.72830597e+02,
       6.40204906e-01, 9.05595947e+02, 3.04113922e+02, 8.08550835e-01,
       8.72293640e+02, 2.64987579e+02, 7.63567612e-02, 8.89956482e+02,
       3.41391388e+02, 7.00718224e-01, 0., 0., 0., 0., 0., 0., 0., 0.,
       0., 0., 0., 0., 0., 0., 0., 0., 0., 0. ]
