%YAML:1.0
---
pose_0: !!opencv-matrix
   rows: 1
   cols: 25
   dt: "3f"
   data: [ 9.13472778e+02, 3.82569458e+02, 8.23718905e-01,
       8.09584778e+02, 3.96175293e+02, 7.08231390e-01, 7.95929565e+02,
       3.21772369e+02, 7.03157842e-01, 6.78343018e+02, 2.74846893e+02,
       6.81997001e-01, 6.80317993e+02, 3.13982147e+02, 7.16667533e-01,
       8.23316406e+02, 4.70695160e+02, 6.51153564e-01, 7.29330688e+02,
       5.23537476e+02, 8.30708027e-01, 7.42991821e+02, 4.11917450e+02,
       7.68111229e-01, 5.62771118e+02, 4.31524353e+02, 1.05058901e-01,
       5.54932312e+02, 3.88395660e+02, 1.61406353e-01, 3.37527466e+02,
       3.84434357e+02, 6.08541071e-01, 1.18069794e+02, 3.53086212e+02,
       5.01917183e-01, 5.51017700e+02, 4.98110443e+02, 1.12188734e-01,
       3.78610596e+02, 4.94250153e+02, 2.39043593e-01, 1.70956406e+02,
       5.21658997e+02, 3.59565020e-01, 9.19365051e+02, 3.64909943e+02,
       8.69727612e-01, 9.29153259e+02, 3.98246918e+02, 8.28922570e-01,
       8.95826599e+02, 3.43356567e+02, 6.84990346e-01, 9.17321594e+02,
       4.19768066e+02, 4.27077413e-01, 1.14086868e+02, 5.54925476e+02,
       1.27091378e-01, 1.23927185e+02, 5.56895508e+02, 1.51907131e-01,
       1.37684082e+02, 5.09854706e+02, 1.58760980e-01, 8.86594162e+01,
       3.70825195e+02, 1.38488933e-01, 8.47191772e+01, 3.62898254e+02,
       1.58675030e-01, 1.10215851e+02, 3.51161682e+02, 3.22576493e-01 ]
