%YAML:1.0
---
pose_0: !!opencv-matrix
   rows: 1
   cols: 25
   dt: "3f"
   data: [ 8.50748657e+02, 1.45415924e+02, 7.19834924e-01,
       7.60647583e+02, 1.78764801e+02, 7.67368317e-01, 7.48892700e+02,
       1.04334938e+02, 6.80144846e-01, 6.50963806e+02, 5.73418007e+01,
       8.06651175e-01, 7.09643799e+02, 1.61074829e+02, 7.58617163e-01,
       7.74263977e+02, 2.47355652e+02, 6.61075413e-01, 6.72518311e+02,
       2.82620880e+02, 7.56350994e-01, 7.58685547e+02, 2.06167282e+02,
       7.04454482e-01, 5.72567444e+02, 1.94446121e+02, 1.36534691e-01,
       5.43184448e+02, 1.51360580e+02, 1.19484298e-01, 3.55102203e+02,
       2.43452194e+02, 1.57989368e-01, 1.80701904e+02, 2.17959686e+02,
       1.02360509e-01, 5.84326660e+02, 2.31680771e+02, 1.25226915e-01,
       4.90265381e+02, 2.59120483e+02, 6.96638823e-02, 0., 0., 0.,
       8.56691650e+02, 1.33658234e+02, 8.49107802e-01, 8.66451965e+02,
       1.65126404e+02, 8.12201262e-01, 8.39021851e+02, 1.20024353e+02,
       2.79125452e-01, 8.52756714e+02, 1.94468079e+02, 6.73630238e-01,
       0., 0., 0., 0., 0., 0., 0., 0., 0., 0., 0., 0., 0., 0., 0., 0.,
       0., 0. ]
