%YAML:1.0
---
pose_0: !!opencv-matrix
   rows: 1
   cols: 25
   dt: "3f"
   data: [ 9.29105286e+02, 2.41532074e+02, 8.30912709e-01,
       8.44892273e+02, 1.96472183e+02, 4.85283703e-01, 8.48808289e+02,
       1.51354004e+02, 6.08892083e-01, 8.25284973e+02, 2.59059052e+02,
       7.81772435e-01, 8.03682129e+02, 3.72757935e+02, 7.61644423e-01,
       8.25282959e+02, 2.39462982e+02, 2.60266125e-01, 6.80346802e+02,
       3.06085663e+02, 4.82613713e-01, 5.88202698e+02, 3.66875000e+02,
       4.22150671e-01, 6.37210327e+02, 2.00335678e+02, 6.23496175e-02,
       0., 0., 0., 0., 0., 0., 0., 0., 0., 0., 0., 0., 0., 0., 0., 0.,
       0., 0., 9.35000305e+02, 2.16054871e+02, 8.58144045e-01,
       9.42861816e+02, 2.45438721e+02, 7.41382480e-01, 9.07575317e+02,
       1.80651733e+02, 8.12917888e-01, 0., 0., 0., 0., 0., 0., 0., 0.,
       0., 0., 0., 0., 0., 0., 0., 0., 0., 0., 0., 0., 0. ]
