%YAML:1.0
---
pose_0: !!opencv-matrix
   rows: 1
   cols: 25
   dt: "3f"
   data: [ 9.78032471e+02, 2.57122253e+02, 7.36328304e-01,
       8.46862427e+02, 2.59121155e+02, 4.47216600e-01, 8.44908752e+02,
       1.74858795e+02, 5.32043278e-01, 6.88152405e+02, 1.20033424e+02,
       7.44114339e-01, 6.82261353e+02, 2.23791794e+02, 7.28077114e-01,
       8.29200928e+02, 3.59011627e+02, 2.87465543e-01, 6.82341125e+02,
       4.07993713e+02, 3.19359213e-01, 6.92049805e+02, 3.68853302e+02,
       2.97320247e-01, 6.43091064e+02, 2.82628082e+02, 6.83123618e-02,
       6.31340759e+02, 2.53214966e+02, 6.46115690e-02, 0., 0., 0., 0.,
       0., 0., 6.66595764e+02, 3.19831879e+02, 7.02505410e-02, 0., 0.,
       0., 0., 0., 0., 9.89826599e+02, 2.39482651e+02, 8.01672220e-01,
       9.93762390e+02, 2.76710815e+02, 7.15245485e-01, 9.56579285e+02,
       2.10147125e+02, 3.14428031e-01, 9.74199158e+02, 3.06104614e+02,
       1.05281323e-01, 0., 0., 0., 0., 0., 0., 0., 0., 0., 0., 0., 0.,
       0., 0., 0., 0., 0., 0. ]
