%YAML:1.0
---
pose_0: !!opencv-matrix
   rows: 1
   cols: 25
   dt: "3f"
   data: [ 9.17405640e+02, 2.25753403e+02, 8.49407077e-01,
       8.29209045e+02, 1.63091614e+02, 4.76608723e-01, 8.27285034e+02,
       1.14118599e+02, 6.35468900e-01, 7.90082581e+02, 1.76824585e+02,
       8.11388314e-01, 8.09692871e+02, 2.92450104e+02, 8.08673382e-01,
       8.21346741e+02, 2.12074127e+02, 2.34881058e-01, 0., 0., 0., 0.,
       0., 0., 6.62669312e+02, 1.78757843e+02, 7.23597109e-02,
       6.33294495e+02, 1.57225525e+02, 5.53617924e-02, 0., 0., 0., 0.,
       0., 0., 6.88157043e+02, 2.08158020e+02, 6.23078905e-02,
       6.19605408e+02, 2.59075226e+02, 7.31882751e-02, 0., 0., 0.,
       9.31030334e+02, 1.98431778e+02, 8.62537861e-01, 9.31155457e+02,
       2.25856735e+02, 7.03558028e-01, 9.01645874e+02, 1.59181549e+02,
       8.21894050e-01, 0., 0., 0., 0., 0., 0., 0., 0., 0., 0., 0., 0.,
       0., 0., 0., 0., 0., 0., 0., 0., 0. ]
