%YAML:1.0
---
pose_0: !!opencv-matrix
   rows: 1
   cols: 25
   dt: "3f"
   data: [ 8.99732849e+02, 1.80784424e+02, 8.36131752e-01,
       8.21294617e+02, 1.45419235e+02, 5.53268671e-01, 8.23414673e+02,
       1.00349594e+02, 6.66641533e-01, 7.74356689e+02, 2.23851349e+02,
       5.49542904e-01, 7.64543518e+02, 3.35438110e+02, 7.65606582e-01,
       8.07676575e+02, 1.80701233e+02, 2.93044478e-01, 7.54769043e+02,
       2.23859421e+02, 1.45313263e-01, 0., 0., 0., 6.09787231e+02,
       1.37625412e+02, 1.43306553e-01, 0., 0., 0., 0., 0., 0., 0., 0.,
       0., 0., 0., 0., 0., 0., 0., 0., 0., 0., 9.07573181e+02,
       1.53309845e+02, 8.07091713e-01, 9.15420532e+02, 1.94388977e+02,
       8.23556364e-01, 8.87956116e+02, 1.31708862e+02, 7.34361112e-01,
       9.07602295e+02, 2.12065750e+02, 5.18759042e-02, 0., 0., 0., 0.,
       0., 0., 0., 0., 0., 0., 0., 0., 0., 0., 0., 0., 0., 0. ]
