%YAML:1.0
---
pose_0: !!opencv-matrix
   rows: 1
   cols: 25
   dt: "3f"
   data: [ 1.02507520e+03, 3.74673553e+02, 7.16299117e-01,
       9.05631897e+02, 3.33573639e+02, 4.37763453e-01, 9.19338196e+02,
       2.59094421e+02, 4.29039866e-01, 8.03757813e+02, 1.16050430e+02,
       6.73994422e-01, 8.38980713e+02, 2.08173355e+02, 7.14530945e-01,
       9.05622681e+02, 4.13899384e+02, 3.35908383e-01, 7.93940125e+02,
       5.82338928e+02, 6.87178731e-01, 8.58605896e+02, 5.09963287e+02,
       7.18438864e-01, 0., 0., 0., 0., 0., 0., 0., 0., 0., 0., 0., 0.,
       0., 0., 0., 0., 0., 0., 0., 0., 0., 1.04277148e+03,
       3.41436340e+02, 7.94603109e-01, 1.04280603e+03, 3.92329926e+02,
       7.74495006e-01, 1.02711023e+03, 3.06141235e+02, 5.85521102e-01,
       0., 0., 0., 0., 0., 0., 0., 0., 0., 0., 0., 0., 0., 0., 0., 0.,
       0., 0., 0., 0., 0. ]
