%YAML:1.0
---
pose_0: !!opencv-matrix
   rows: 1
   cols: 25
   dt: "3f"
   data: [ 1.09561743e+03, 1.96490479e+02, 7.29247808e-01,
       9.48693726e+02, 2.23858261e+02, 2.58819342e-01, 9.17351624e+02,
       1.39611237e+02, 8.84684995e-02, 0., 0., 0., 0., 0., 0.,
       9.60483521e+02, 2.84564240e+02, 1.09334826e-01, 7.80221558e+02,
       4.31491638e+02, 6.77896738e-01, 9.13448914e+02, 3.33545746e+02,
       5.06146371e-01, 0., 0., 0., 0., 0., 0., 0., 0., 0., 0., 0., 0.,
       0., 0., 0., 0., 0., 0., 0., 0., 0., 1.10541174e+03,
       1.67059113e+02, 8.49691808e-01, 1.11521460e+03, 2.23767853e+02,
       7.56182194e-01, 1.07407373e+03, 1.31806778e+02, 2.54213274e-01,
       0., 0., 0., 0., 0., 0., 0., 0., 0., 0., 0., 0., 0., 0., 0., 0.,
       0., 0., 0., 0., 0. ]
