%YAML:1.0
---
pose_0: !!opencv-matrix
   rows: 1
   cols: 25
   dt: "3f"
   data: [ 9.15464966e+02, 3.66758026e+02, 7.88269758e-01,
       8.05616089e+02, 3.59037170e+02, 6.03053212e-01, 7.97874573e+02,
       2.84549927e+02, 6.32305682e-01, 6.82371338e+02, 2.33656433e+02,
       7.49475718e-01, 6.19661255e+02, 2.45468246e+02, 7.65056968e-01,
       7.93929382e+02, 4.47168091e+02, 5.51134348e-01, 6.68595032e+02,
       4.84381104e+02, 5.97756386e-01, 5.50976929e+02, 5.17694885e+02,
       7.21294463e-01, 5.58836548e+02, 3.57050568e+02, 1.34287968e-01,
       5.52988770e+02, 3.19866150e+02, 2.14431107e-01, 4.60886505e+02,
       3.19860626e+02, 8.21917877e-02, 0., 0., 0., 5.54918091e+02,
       4.19748871e+02, 1.15341842e-01, 4.58931091e+02, 4.27605164e+02,
       5.40963225e-02, 0., 0., 0., 9.27184814e+02, 3.45302887e+02,
       6.66251898e-01, 9.29131287e+02, 3.80566620e+02, 7.92050362e-01,
       9.03703857e+02, 3.13939575e+02, 4.95294869e-01, 9.17410339e+02,
       4.02084686e+02, 7.29804784e-02, 0., 0., 0., 0., 0., 0., 0., 0.,
       0., 0., 0., 0., 0., 0., 0., 0., 0., 0. ]
