%YAML:1.0
---
pose_0: !!opencv-matrix
   rows: 1
   cols: 25
   dt: "3f"
   data: [ 8.93878540e+02, 4.00130280e+02, 8.28388453e-01,
       7.80252014e+02, 4.33508026e+02, 6.61430061e-01, 7.66515808e+02,
       3.68786682e+02, 7.07785249e-01, 6.43091736e+02, 3.35579041e+02,
       8.03348422e-01, 6.74434998e+02, 3.21758453e+02, 6.86150968e-01,
       8.05654602e+02, 5.07874115e+02, 6.96374357e-01, 6.97872498e+02,
       5.68672363e+02, 8.43324900e-01, 7.86106079e+02, 4.70712463e+02,
       6.39739394e-01, 5.39284485e+02, 4.55027130e+02, 2.33496711e-01,
       5.41220276e+02, 4.07975006e+02, 3.75518233e-01, 3.53102020e+02,
       3.84498505e+02, 4.13051158e-01, 0., 0., 0., 5.39225525e+02,
       5.07910645e+02, 2.62885690e-01, 3.66882263e+02, 5.09885620e+02,
       3.65647227e-01, 0., 0., 0., 8.97809387e+02, 3.84453003e+02,
       9.03639197e-01, 9.07602783e+02, 4.13949951e+02, 7.89380550e-01,
       8.66415833e+02, 3.70768677e+02, 6.36565566e-01, 8.86037598e+02,
       4.45296661e+02, 7.04471648e-01, 0., 0., 0., 0., 0., 0., 0., 0.,
       0., 0., 0., 0., 0., 0., 0., 0., 0., 0. ]
