%YAML:1.0
---
pose_0: !!opencv-matrix
   rows: 1
   cols: 25
   dt: "3f"
   data: [ 8.99673035e+02, 3.27706970e+02, 8.01419973e-01,
       7.93926575e+02, 3.68869568e+02, 5.78291416e-01, 7.58670715e+02,
       3.33513489e+02, 3.77326995e-01, 0., 0., 0., 0., 0., 0.,
       8.31164490e+02, 4.15920624e+02, 6.60678446e-01, 7.72369324e+02,
       4.96182098e+02, 8.16157460e-01, 8.25355530e+02, 3.80499908e+02,
       7.64981866e-01, 5.21637756e+02, 4.25607391e+02, 1.70475885e-01,
       5.19660156e+02, 4.00149902e+02, 2.30406761e-01, 3.59031555e+02,
       4.66797302e+02, 2.21210599e-01, 2.08190536e+02, 5.96097656e+02,
       2.91867226e-01, 5.43177429e+02, 4.74595856e+02, 8.60649496e-02,
       0., 0., 0., 0., 0., 0., 9.03623230e+02, 3.11999298e+02,
       8.27784300e-01, 9.13460266e+02, 3.39479462e+02, 8.39376688e-01,
       8.84048950e+02, 3.04144470e+02, 2.65230000e-01, 8.99732361e+02,
       3.68904205e+02, 6.52798533e-01, 0., 0., 0., 0., 0., 0., 0., 0.,
       0., 0., 0., 0., 0., 0., 0., 1.98395752e+02, 6.05853638e+02,
       1.82833239e-01 ]
