%YAML:1.0
---
pose_0: !!opencv-matrix
   rows: 1
   cols: 25
   dt: "3f"
   data: [ 8.80110657e+02, 1.12138092e+02, 7.05613256e-01,
       7.76372559e+02, 1.16039177e+02, 7.08424032e-01, 7.74311707e+02,
       2.98925381e+01, 7.14117885e-01, 7.03830811e+02, 5.34764910e+00,
       2.32752264e-01, 0., 0., 0., 7.80251892e+02, 1.94402939e+02,
       6.62966847e-01, 6.66563049e+02, 2.43397339e+02, 7.62348652e-01,
       5.49070862e+02, 2.43519089e+02, 7.49684274e-01, 5.33391418e+02,
       1.06300682e+02, 1.11597158e-01, 5.23563660e+02, 6.90835342e+01,
       1.26300201e-01, 0., 0., 0., 0., 0., 0., 5.29452515e+02,
       1.68992706e+02, 1.05568945e-01, 0., 0., 0., 0., 0., 0.,
       8.91873840e+02, 9.06602097e+01, 7.98700690e-01, 8.89944763e+02,
       1.31717422e+02, 7.57211089e-01, 8.70366699e+02, 6.90600357e+01,
       5.10789037e-01, 8.68344238e+02, 1.49330399e+02, 4.09362167e-01,
       0., 0., 0., 0., 0., 0., 0., 0., 0., 0., 0., 0., 0., 0., 0., 0.,
       0., 0. ]
