%YAML:1.0
---
pose_0: !!opencv-matrix
   rows: 1
   cols: 25
   dt: "3f"
   data: [ 9.11457214e+02, 2.29748779e+02, 6.82609618e-01,
       8.50761475e+02, 3.08083588e+02, 4.29832578e-01, 0., 0., 0., 0.,
       0., 0., 0., 0., 0., 8.64465332e+02, 3.13981567e+02,
       4.84910846e-01, 7.46945740e+02, 2.59089172e+02, 6.71958566e-01,
       6.64721802e+02, 1.84648651e+02, 7.65913188e-01, 0., 0., 0., 0.,
       0., 0., 0., 0., 0., 0., 0., 0., 0., 0., 0., 0., 0., 0., 0., 0.,
       0., 9.29130432e+02, 2.31652313e+02, 1.07042052e-01,
       9.31140137e+02, 2.43382202e+02, 8.89440119e-01, 0., 0., 0.,
       9.19412109e+02, 3.04174774e+02, 7.93676138e-01, 0., 0., 0., 0.,
       0., 0., 0., 0., 0., 0., 0., 0., 0., 0., 0., 0., 0., 0. ]
