%YAML:1.0
---
pose_0: !!opencv-matrix
   rows: 1
   cols: 25
   dt: "3f"
   data: [ 8.42908691e+02, 2.41469543e+02, 7.60399580e-01,
       7.82211487e+02, 3.06150848e+02, 5.96937299e-01, 7.91932251e+02,
       3.17883728e+02, 5.31865001e-01, 6.95966003e+02, 2.92451385e+02,
       1.39183491e-01, 0., 0., 0., 7.86109314e+02, 3.02167297e+02,
       5.23869574e-01, 6.84278320e+02, 2.90446075e+02, 5.89693427e-01,
       5.78478210e+02, 2.27731598e+02, 7.49218225e-01, 4.78518646e+02,
       3.53177368e+02, 4.18261379e-01, 4.78559326e+02, 3.19832062e+02,
       4.15103793e-01, 3.17882690e+02, 2.55203094e+02, 4.43349302e-01,
       1.23900475e+02, 3.68875275e+02, 2.69586682e-01, 4.78585571e+02,
       3.86447418e+02, 3.96674812e-01, 3.35465027e+02, 3.04223816e+02,
       2.69815505e-01, 0., 0., 0., 8.54751953e+02, 2.41535950e+02,
       4.02668476e-01, 8.54708496e+02, 2.57091095e+02, 8.10872376e-01,
       0., 0., 0., 8.39104614e+02, 3.06096375e+02, 8.50952864e-01, 0.,
       0., 0., 0., 0., 0., 0., 0., 0., 8.08154221e+01, 4.04108978e+02,
       3.21754754e-01, 7.69009476e+01, 3.98196960e+02, 3.03830087e-01,
       0., 0., 0. ]
