%YAML:1.0
---
pose_0: !!opencv-matrix
   rows: 1
   cols: 25
   dt: "3f"
   data: [ 1.18185840e+03, 2.15989761e+02, 7.09989846e-01,
       9.93765686e+02, 2.29735367e+02, 1.35324597e-01, 9.52663635e+02,
       2.72846100e+02, 2.13664383e-01, 9.74174988e+02, 4.49118713e+02,
       5.25638402e-01, 1.14657300e+03, 3.57108246e+02, 5.91082275e-01,
       1.01142230e+03, 2.04270248e+02, 7.02251866e-02, 0., 0., 0., 0.,
       0., 0., 0., 0., 0., 0., 0., 0., 0., 0., 0., 0., 0., 0., 0., 0.,
       0., 0., 0., 0., 0., 0., 0., 1.18373914e+03, 1.82762878e+02,
       7.33466625e-01, 1.20535022e+03, 2.35568451e+02, 3.75063539e-01,
       1.13482825e+03, 1.59191971e+02, 2.67891169e-01, 0., 0., 0., 0.,
       0., 0., 0., 0., 0., 0., 0., 0., 0., 0., 0., 0., 0., 0., 0., 0.,
       0. ]
