%YAML:1.0
---
pose_0: !!opencv-matrix
   rows: 1
   cols: 25
   dt: "3f"
   data: [ 9.64475647e+02, 2.57196198e+02, 8.23612571e-01,
       8.35053284e+02, 2.68914642e+02, 6.02671146e-01, 8.23325928e+02,
       1.92515045e+02, 5.46276331e-01, 7.27337585e+02, 1.74813171e+02,
       4.74804610e-01, 6.64632202e+02, 1.74853134e+02, 7.04916894e-01,
       8.46822937e+02, 3.53111725e+02, 5.79134107e-01, 7.27411499e+02,
       4.62775940e+02, 8.25132728e-01, 7.93936157e+02, 3.33543762e+02,
       7.15395570e-01, 5.84332153e+02, 2.74795807e+02, 1.86069146e-01,
       5.88254333e+02, 2.33658524e+02, 2.49517605e-01, 4.88310730e+02,
       2.43449112e+02, 1.38794452e-01, 3.49213470e+02, 2.70803040e+02,
       3.69274288e-01, 5.86262756e+02, 3.31581268e+02, 1.72171295e-01,
       3.76648773e+02, 3.53174347e+02, 6.30770028e-02, 3.62924133e+02,
       3.25709106e+02, 7.70386830e-02, 9.66426270e+02, 2.33668732e+02,
       8.03010523e-01, 9.78081116e+02, 2.70898895e+02, 7.63482630e-01,
       9.33064514e+02, 2.10103989e+02, 4.53643799e-01, 9.60437500e+02,
       3.00251312e+02, 1.99997544e-01, 0., 0., 0., 0., 0., 0., 0., 0.,
       0., 0., 0., 0., 0., 0., 0., 3.25721161e+02, 2.61046600e+02,
       2.14782313e-01 ]
