%YAML:1.0
---
pose_0: !!opencv-matrix
   rows: 1
   cols: 25
   dt: "3f"
   data: [ 9.15362122e+02, 2.14099823e+02, 7.82517552e-01,
       8.52749695e+02, 2.82623871e+02, 5.78723371e-01, 8.52699463e+02,
       2.64981934e+02, 3.07840765e-01, 6.97990662e+02, 2.51248932e+02,
       2.80291051e-01, 7.48888428e+02, 1.78720200e+02, 6.61225617e-01,
       8.54669678e+02, 3.04205231e+02, 5.91508031e-01, 7.60617676e+02,
       2.55163269e+02, 6.80475831e-01, 8.09677124e+02, 1.70923584e+02,
       5.48471987e-01, 5.76503662e+02, 3.23768616e+02, 1.76523969e-01,
       5.74547913e+02, 2.90477417e+02, 1.97597340e-01, 3.23758331e+02,
       2.96334259e+02, 1.42493382e-01, 9.45104065e+01, 3.70788635e+02,
       2.54188091e-01, 5.64715942e+02, 3.51187531e+02, 1.60491332e-01,
       3.29646912e+02, 3.02200775e+02, 1.78873539e-01, 8.86311569e+01,
       3.70791412e+02, 3.48850846e-01, 9.27137268e+02, 2.08152603e+02,
       6.28675640e-01, 9.44759094e+02, 2.29754013e+02, 8.39527667e-01,
       0., 0., 0., 9.35001221e+02, 2.88387634e+02, 8.19482207e-01,
       5.14214325e+01, 4.02123535e+02, 2.17693299e-01, 5.53617096e+01,
       4.04086304e+02, 2.41734102e-01, 6.71169052e+01, 3.72744019e+02,
       2.19628543e-01, 5.33508110e+01, 4.02166199e+02, 1.87742606e-01,
       5.33414688e+01, 3.98170715e+02, 1.77055359e-01, 0., 0., 0. ]
