%YAML:1.0
---
pose_0: !!opencv-matrix
   rows: 1
   cols: 25
   dt: "3f"
   data: [ 9.31044678e+02, 3.21777618e+02, 8.62314105e-01,
       8.19410400e+02, 3.49192078e+02, 6.80807650e-01, 8.05737000e+02,
       2.70849976e+02, 7.23284245e-01, 6.70520142e+02, 2.53236099e+02,
       5.86138010e-01, 5.56855774e+02, 2.45355438e+02, 5.88537514e-01,
       8.23422241e+02, 4.25632050e+02, 6.35000587e-01, 7.19483398e+02,
       4.74603607e+02, 7.80432105e-01, 6.76359924e+02, 3.84524048e+02,
       7.79390275e-01, 5.52969971e+02, 3.55132324e+02, 2.38182247e-01,
       5.54964355e+02, 3.08126068e+02, 3.58518243e-01, 3.96238770e+02,
       3.19854065e+02, 1.37623012e-01, 0., 0., 0., 5.41199829e+02,
       4.02109680e+02, 2.35888898e-01, 3.66830231e+02, 4.53040619e+02,
       4.56840038e-01, 1.65079803e+02, 5.07838104e+02, 3.20008874e-01,
       9.36939514e+02, 3.04204315e+02, 8.96405518e-01, 9.46738892e+02,
       3.37423859e+02, 8.82881820e-01, 9.11503479e+02, 2.88458923e+02,
       5.40150344e-01, 9.31122681e+02, 3.66801636e+02, 3.33168507e-01,
       9.45401077e+01, 5.15751709e+02, 2.05493927e-01, 1.04363846e+02,
       5.25495544e+02, 2.34607860e-01, 1.49418289e+02, 5.02057770e+02,
       1.61997870e-01, 0., 0., 0., 0., 0., 0., 0., 0., 0. ]
