%YAML:1.0
---
pose_0: !!opencv-matrix
   rows: 2
   cols: 25
   dt: "3f"
   data: [ 8.85989136e+02, 3.59053436e+02, 7.73287177e-01,
       8.07651184e+02, 3.00255524e+02, 4.53030586e-01, 8.09624695e+02,
       2.80676025e+02, 6.83822870e-01, 6.95921631e+02, 2.74856781e+02,
       7.27087796e-01, 6.17656433e+02, 4.02118683e+02, 6.39082670e-01,
       8.05729248e+02, 3.23741486e+02, 2.06661239e-01, 0., 0., 0., 0.,
       0., 0., 5.07889404e+02, 2.66958008e+02, 1.85611486e-01,
       5.07927429e+02, 2.70870422e+02, 1.39010102e-01, 3.17845612e+02,
       4.07988434e+02, 2.31753320e-01, 1.02372818e+02, 3.10061646e+02,
       1.41895965e-01, 0., 0., 0., 0., 0., 0., 0., 0., 0.,
       9.01628418e+02, 3.37427887e+02, 8.19220304e-01, 8.99790100e+02,
       3.64913055e+02, 3.23278785e-01, 8.78220520e+02, 2.88519806e+02,
       8.38588238e-01, 0., 0., 0., 0., 0., 0., 0., 0., 0., 0., 0., 0.,
       0., 0., 0., 0., 0., 0., 0., 0., 0., 0., 0., 0., 0., 0., 0., 0.,
       0., 0., 0., 0., 0., 0., 0., 0., 6.15684021e+02, 3.13959717e+02,
       6.71797022e-02, 5.74540833e+02, 3.37469360e+02, 2.25907728e-01,
       5.21627625e+02, 4.25615082e+02, 5.82088947e-01, 0., 0., 0., 0.,
       0., 0., 0., 0., 0., 0., 0., 0., 0., 0., 0., 0., 0., 0., 0., 0.,
       0., 0., 0., 0., 0., 0., 0., 0., 0., 0., 0., 0., 0., 0., 0., 0.,
       0., 0., 0., 0., 0., 0., 0., 0., 0., 0., 0., 0., 0., 0., 0. ]
