%YAML:1.0
---
pose_0: !!opencv-matrix
   rows: 1
   cols: 25
   dt: "3f"
   data: [ 9.33124268e+02, 2.29706161e+02, 7.77325749e-01,
       8.33151917e+02, 2.74752930e+02, 6.22025549e-01, 8.11607605e+02,
       1.96393723e+02, 6.13797069e-01, 7.37129883e+02, 1.80799072e+02,
       2.32532471e-01, 6.70540405e+02, 1.78718704e+02, 6.42982364e-01,
       8.40963623e+02, 3.53136139e+02, 5.76228738e-01, 7.39070190e+02,
       4.62821503e+02, 5.75708628e-01, 7.39074951e+02, 3.43365509e+02,
       6.92801476e-01, 5.29472412e+02, 2.90436035e+02, 1.32755324e-01,
       5.25533875e+02, 2.51256165e+02, 2.10053995e-01, 3.17862030e+02,
       2.59097534e+02, 2.68238544e-01, 0., 0., 0., 5.39238770e+02,
       3.60980103e+02, 1.16165578e-01, 3.70775970e+02, 3.53180695e+02,
       5.51521294e-02, 0., 0., 0., 9.46687683e+02, 2.10129471e+02,
       8.31399798e-01, 9.60394836e+02, 2.45468826e+02, 8.21048439e-01,
       9.19298401e+02, 1.94455780e+02, 2.68237680e-01, 9.42808411e+02,
       2.86539032e+02, 4.11163181e-01, 0., 0., 0., 0., 0., 0., 0., 0.,
       0., 0., 0., 0., 0., 0., 0., 0., 0., 0. ]
