%YAML:1.0
---
pose_0: !!opencv-matrix
   rows: 1
   cols: 25
   dt: "3f"
   data: [ 8.95840515e+02, 2.76754730e+02, 7.98426867e-01,
       8.09598206e+02, 2.74774231e+02, 6.51736259e-01, 8.05632751e+02,
       1.92519196e+02, 6.47157967e-01, 6.78355103e+02, 1.47445572e+02,
       8.16204429e-01, 6.35195129e+02, 1.74834625e+02, 7.92834103e-01,
       8.21315308e+02, 3.66876068e+02, 6.41988933e-01, 7.05819153e+02,
       4.62881897e+02, 5.82219660e-01, 6.84289368e+02, 4.00134613e+02,
       4.99807835e-01, 5.54917419e+02, 3.00229767e+02, 2.74152875e-01,
       5.54957825e+02, 2.51251678e+02, 3.68819386e-01, 3.15930511e+02,
       2.45407211e+02, 2.57861704e-01, 0., 0., 0., 5.43182190e+02,
       3.53131470e+02, 1.98387548e-01, 3.21804108e+02, 3.41410095e+02,
       1.85188666e-01, 1.43498016e+02, 3.53125580e+02, 1.76846817e-01,
       9.13402039e+02, 2.57107483e+02, 8.11923265e-01, 9.15469238e+02,
       2.94342651e+02, 8.08033168e-01, 8.99738037e+02, 2.25809448e+02,
       6.75087214e-01, 9.17455261e+02, 3.21719910e+02, 5.65832071e-02,
       1.06275726e+02, 3.31566254e+02, 6.01743273e-02, 0., 0., 0.,
       1.20012878e+02, 3.35528168e+02, 7.54450485e-02, 0., 0., 0., 0.,
       0., 0., 0., 0., 0. ]
