%YAML:1.0
---
pose_0: !!opencv-matrix
   rows: 1
   cols: 25
   dt: "3f"
   data: [ 9.31027222e+02, 3.33474213e+02, 7.98920453e-01,
       8.23304810e+02, 2.82578918e+02, 6.70751154e-01, 8.44854797e+02,
       2.10099945e+02, 6.44435763e-01, 7.11601257e+02, 1.45423019e+02,
       6.75677598e-01, 5.70655334e+02, 1.33753418e+02, 8.20879400e-01,
       8.03723389e+02, 3.49184235e+02, 5.72848678e-01, 6.99935608e+02,
       4.06032837e+02, 7.20729828e-01, 6.97908081e+02, 4.92296814e+02,
       8.06663752e-01, 5.88224976e+02, 2.72816589e+02, 1.32485211e-01,
       5.74514282e+02, 2.35594971e+02, 1.12197980e-01, 0., 0., 0., 0.,
       0., 0., 5.88231262e+02, 3.17856720e+02, 7.04836398e-02,
       4.88320343e+02, 3.62953033e+02, 6.70845360e-02, 0., 0., 0.,
       9.48699158e+02, 3.02142548e+02, 8.05991709e-01, 9.48672729e+02,
       3.37551605e+02, 7.23085523e-01, 9.33013123e+02, 2.57210632e+02,
       6.27112389e-01, 0., 0., 0., 0., 0., 0., 0., 0., 0., 0., 0., 0.,
       0., 0., 0., 0., 0., 0., 0., 0., 0. ]
