%YAML:1.0
---
pose_0: !!opencv-matrix
   rows: 1
   cols: 25
   dt: "3f"
   data: [ 9.46727783e+02, 2.23805542e+02, 8.29870641e-01,
       8.35065918e+02, 2.10118973e+02, 6.83525681e-01, 8.39069824e+02,
       1.29747879e+02, 6.61208630e-01, 7.11642029e+02, 6.51625824e+01,
       6.95032120e-01, 6.01934998e+02, 1.17972305e+02, 8.20302486e-01,
       8.19421814e+02, 2.88547516e+02, 6.53429270e-01, 6.98006042e+02,
       3.31554626e+02, 6.85860991e-01, 5.90189392e+02, 4.00237183e+02,
       7.37051785e-01, 5.96071716e+02, 2.31673630e+02, 2.19198182e-01,
       5.68629028e+02, 1.88575333e+02, 1.82607263e-01, 3.37469788e+02,
       3.35543915e+02, 2.67285258e-01, 1.59173737e+02, 3.96242310e+02,
       2.58904248e-01, 6.19627197e+02, 2.72840210e+02, 2.17251971e-01,
       3.37456390e+02, 3.39422943e+02, 2.49110281e-01, 1.51332336e+02,
       3.98144165e+02, 2.59143472e-01, 9.60403076e+02, 1.94511093e+02,
       8.75257373e-01, 9.64349792e+02, 2.29733414e+02, 8.05654466e-01,
       9.29156860e+02, 1.61138748e+02, 6.89441562e-01, 0., 0., 0.,
       9.84017487e+01, 3.90368866e+02, 9.51795429e-02, 0., 0., 0.,
       1.33725449e+02, 4.02119904e+02, 1.35056451e-01, 1.02401833e+02,
       3.92329437e+02, 7.87111819e-02, 0., 0., 0., 0., 0., 0. ]
