%YAML:1.0
---
pose_0: !!opencv-matrix
   rows: 1
   cols: 25
   dt: "3f"
   data: [ 9.80133118e+02, 3.25685333e+02, 7.30307698e-01,
       8.56665100e+02, 3.13954437e+02, 5.30359983e-01, 8.66390808e+02,
       2.23828430e+02, 5.89113772e-01, 7.39086670e+02, 1.47427444e+02,
       7.34802246e-01, 8.21346558e+02, 2.78685089e+02, 7.81661272e-01,
       8.46808533e+02, 4.11924530e+02, 3.90938848e-01, 7.60648804e+02,
       4.90270508e+02, 6.89321160e-02, 0., 0., 0., 5.56877563e+02,
       3.49221436e+02, 8.33024159e-02, 5.45147339e+02, 2.72843109e+02,
       1.50570959e-01, 3.41393707e+02, 2.88495880e+02, 4.33045566e-01,
       1.78832260e+02, 3.35528778e+02, 5.60161114e-01, 5.60821167e+02,
       3.92315186e+02, 1.24740228e-01, 3.47245392e+02, 3.84567169e+02,
       3.24788779e-01, 1.47433945e+02, 3.96278595e+02, 2.46859029e-01,
       9.95659485e+02, 3.04069519e+02, 8.85458469e-01, 9.99691467e+02,
       3.41429504e+02, 7.55746245e-01, 9.68333313e+02, 2.61133057e+02,
       3.89218658e-01, 0., 0., 0., 9.06363220e+01, 3.84494080e+02,
       1.22555815e-01, 1.00355309e+02, 3.94290100e+02, 1.34214520e-01,
       1.21949265e+02, 4.00123871e+02, 1.72527328e-01, 1.49396164e+02,
       2.90533173e+02, 1.83822751e-01, 1.49412888e+02, 2.94353973e+02,
       1.87948853e-01, 1.70959320e+02, 3.45289154e+02, 3.27175140e-01 ]
