%YAML:1.0
---
pose_0: !!opencv-matrix
   rows: 1
   cols: 25
   dt: "3f"
   data: [ 9.15394592e+02, 3.47247192e+02, 7.94920564e-01,
       8.37015442e+02, 2.70886505e+02, 3.32736403e-01, 8.52708679e+02,
       2.68921844e+02, 7.32592046e-01, 7.74426086e+02, 3.59037292e+02,
       7.83534586e-01, 8.33157349e+02, 4.43203979e+02, 8.01210761e-01,
       8.17433105e+02, 2.49325439e+02, 1.56951398e-01, 0., 0., 0., 0.,
       0., 0., 5.37300903e+02, 3.04164001e+02, 2.92168885e-01,
       5.31438843e+02, 2.92420319e+02, 2.84868687e-01, 3.19856323e+02,
       3.33518463e+02, 2.41449818e-01, 9.45144119e+01, 3.39407837e+02,
       2.71415293e-01, 5.37293579e+02, 3.17848083e+02, 1.88662097e-01,
       3.12015656e+02, 3.23733337e+02, 1.25612587e-01, 9.84564896e+01,
       3.37514435e+02, 2.42112562e-01, 9.31060303e+02, 3.23743286e+02,
       7.46713579e-01, 9.32983093e+02, 3.51240570e+02, 7.59550333e-01,
       9.15487976e+02, 2.80640167e+02, 8.46162140e-01, 0., 0., 0., 0.,
       0., 0., 0., 0., 0., 5.33866119e+01, 3.31578583e+02,
       1.39477506e-01, 1.21934799e+02, 4.02161469e+02, 1.64983198e-01,
       1.20038033e+02, 4.00108307e+02, 1.48741424e-01, 6.70854187e+01,
       3.39421265e+02, 2.06257224e-01 ]
