%YAML:1.0
---
pose_0: !!opencv-matrix
   rows: 1
   cols: 25
   dt: "3f"
   data: [ 9.97685974e+02, 2.31693024e+02, 7.31884599e-01,
       8.70337402e+02, 2.31700043e+02, 5.49006402e-01, 8.62497314e+02,
       1.43497360e+02, 5.27935982e-01, 7.19503601e+02, 6.51833038e+01,
       7.12894499e-01, 7.33242737e+02, 1.20067848e+02, 7.76922882e-01,
       8.68428833e+02, 3.23778809e+02, 5.22460818e-01, 7.33229614e+02,
       4.31524353e+02, 7.14841783e-01, 8.17475220e+02, 3.31582886e+02,
       7.45891094e-01, 6.19577637e+02, 3.39429382e+02, 6.93381950e-02,
       0., 0., 0., 0., 0., 0., 0., 0., 0., 6.48972290e+02,
       3.74695526e+02, 7.45853260e-02, 0., 0., 0., 0., 0., 0.,
       1.01142615e+03, 2.10042130e+02, 8.53031754e-01, 1.01146069e+03,
       2.55152603e+02, 7.74215043e-01, 9.91779297e+02, 1.68982605e+02,
       3.43358785e-01, 0., 0., 0., 0., 0., 0., 0., 0., 0., 0., 0., 0.,
       0., 0., 0., 0., 0., 0., 0., 0., 0. ]
