%YAML:1.0
---
pose_0: !!opencv-matrix
   rows: 1
   cols: 25
   dt: "3f"
   data: [ 8.70409607e+02, 2.72791229e+02, 8.32622290e-01,
       7.74336853e+02, 2.74774261e+02, 6.56700611e-01, 7.60577637e+02,
       2.10039505e+02, 6.97051048e-01, 6.48898743e+02, 1.69026871e+02,
       7.03021049e-01, 5.39325623e+02, 1.45436508e+02, 8.38959098e-01,
       7.82176514e+02, 3.51181519e+02, 5.07401407e-01, 6.96052063e+02,
       3.76625854e+02, 8.20575416e-01, 7.74417969e+02, 3.06160217e+02,
       8.53920937e-01, 5.49049683e+02, 2.90451172e+02, 2.24024206e-01,
       5.50998108e+02, 2.47374359e+02, 2.21355632e-01, 4.76582916e+02,
       2.29730240e+02, 5.00862002e-02, 0., 0., 0., 5.37311646e+02,
       3.41379883e+02, 2.42358223e-01, 3.53178528e+02, 3.82554474e+02,
       3.48879814e-01, 1.67047318e+02, 4.31473083e+02, 2.69256026e-01,
       8.78210144e+02, 2.57091705e+02, 7.68756270e-01, 8.85980042e+02,
       2.82617828e+02, 7.56818354e-01, 8.54704529e+02, 2.39528107e+02,
       3.65806878e-01, 8.78190125e+02, 3.04163788e+02, 2.90377766e-01,
       0., 0., 0., 0., 0., 0., 1.47430893e+02, 4.19802521e+02,
       1.89910322e-01, 0., 0., 0., 0., 0., 0., 0., 0., 0. ]
