%YAML:1.0
---
pose_0: !!opencv-matrix
   rows: 1
   cols: 25
   dt: "3f"
   data: [ 8.74254700e+02, 2.25737671e+02, 7.69722700e-01,
       8.15508484e+02, 2.82616547e+02, 5.83897591e-01, 8.21379883e+02,
       2.78667450e+02, 3.26392591e-01, 6.66544983e+02, 2.43462006e+02,
       1.17641941e-01, 7.13684814e+02, 1.80725876e+02, 2.65441418e-01,
       8.21404419e+02, 2.94348846e+02, 5.92108786e-01, 7.29339355e+02,
       2.59044922e+02, 7.72025287e-01, 7.78252991e+02, 1.80781845e+02,
       7.97944188e-01, 5.99989197e+02, 3.19868256e+02, 2.34253168e-01,
       5.80391235e+02, 2.88501160e+02, 2.13882938e-01, 3.13960785e+02,
       3.25737823e+02, 1.79923445e-01, 1.67022888e+02, 3.53149811e+02,
       1.66655943e-01, 6.15679688e+02, 3.51172211e+02, 1.74873084e-01,
       0., 0., 0., 0., 0., 0., 8.86031677e+02, 2.18006073e+02,
       5.84951699e-01, 8.89985474e+02, 2.41422897e+02, 8.17063391e-01,
       0., 0., 0., 8.82057617e+02, 2.88389862e+02, 7.85054922e-01, 0.,
       0., 0., 0., 0., 0., 0., 0., 0., 0., 0., 0., 0., 0., 0., 0., 0.,
       0. ]
