%YAML:1.0
---
pose_0: !!opencv-matrix
   rows: 1
   cols: 25
   dt: "3f"
   data: [ 8.21420532e+02, 2.94367554e+02, 8.27408314e-01,
       7.54759033e+02, 2.90521759e+02, 6.96109831e-01, 7.58660217e+02,
       2.35584595e+02, 6.78261280e-01, 7.40988831e+02, 1.78710510e+02,
       7.89403915e-01, 8.21353943e+02, 2.49340286e+02, 7.83900619e-01,
       7.52821899e+02, 3.55121704e+02, 6.53168023e-01, 7.23378723e+02,
       4.58950958e+02, 8.17762136e-01, 8.03771179e+02, 3.84516846e+02,
       8.27952802e-01, 5.19657898e+02, 2.90421051e+02, 3.40271354e-01,
       5.23579529e+02, 2.45404556e+02, 3.52443039e-01, 3.53161499e+02,
       2.10180328e+02, 2.81281114e-01, 0., 0., 0., 5.19690125e+02,
       3.31580353e+02, 4.18202072e-01, 3.43360535e+02, 3.35444611e+02,
       4.16819066e-01, 1.72907425e+02, 3.39478180e+02, 4.26533610e-01,
       8.27262329e+02, 2.80636414e+02, 7.58642256e-01, 8.37090027e+02,
       3.04234161e+02, 8.29337716e-01, 8.29193298e+02, 2.57137848e+02,
       4.47663665e-01, 8.39055054e+02, 3.21884003e+02, 1.70146555e-01,
       1.14117668e+02, 3.53141052e+02, 3.20563883e-01, 1.25872841e+02,
       3.64835632e+02, 3.53790492e-01, 1.55260986e+02, 3.35477112e+02,
       1.62392899e-01, 0., 0., 0., 0., 0., 0., 0., 0., 0. ]
