%YAML:1.0
---
pose_0: !!opencv-matrix
   rows: 1
   cols: 25
   dt: "3f"
   data: [ 8.66409241e+02, 3.02172607e+02, 7.93841600e-01,
       7.60659851e+02, 3.47231598e+02, 7.29310215e-01, 7.31305908e+02,
       2.90526947e+02, 7.03787446e-01, 6.35244629e+02, 3.04107605e+02,
       4.17475820e-01, 5.54893250e+02, 2.76725647e+02, 3.95193070e-01,
       7.90002686e+02, 4.00185883e+02, 6.29893780e-01, 8.78205444e+02,
       4.78551727e+02, 8.14423800e-01, 1.02712329e+03, 4.80474152e+02,
       5.75709522e-01, 5.68650635e+02, 3.74710754e+02, 2.68721461e-01,
       5.56918213e+02, 3.37459229e+02, 4.13444817e-01, 3.68811584e+02,
       3.10060944e+02, 1.45606697e-01, 0., 0., 0., 5.74521179e+02,
       4.15844269e+02, 2.13937923e-01, 3.55106659e+02, 5.27496216e+02,
       3.16212863e-01, 2.17981476e+02, 6.33264404e+02, 2.12040767e-01,
       8.70286865e+02, 2.88566406e+02, 8.98302436e-01, 8.74327332e+02,
       3.17879150e+02, 7.94200659e-01, 8.39047302e+02, 2.82592621e+02,
       1.82412982e-01, 8.60536438e+02, 3.51196594e+02, 6.98667407e-01,
       1.47397446e+02, 6.35223389e+02, 1.26007155e-01, 1.51361603e+02,
       6.47004761e+02, 1.32107764e-01, 2.06200516e+02, 6.37209595e+02,
       1.48684651e-01, 0., 0., 0., 0., 0., 0., 0., 0., 0. ]
