%YAML:1.0
---
pose_0: !!opencv-matrix
   rows: 1
   cols: 25
   dt: "3f"
   data: [ 8.72285156e+02, 3.37529755e+02, 7.14118421e-01,
       7.74394348e+02, 2.98300140e+02, 5.17071247e-01, 7.92009216e+02,
       2.37523056e+02, 7.37256289e-01, 7.89994202e+02, 2.96338165e+02,
       7.96753883e-01, 8.74277466e+02, 3.70746460e+02, 7.81202376e-01,
       7.62582092e+02, 3.53137054e+02, 5.85750341e-01, 7.25409119e+02,
       4.66749054e+02, 8.34623098e-01, 8.09657715e+02, 4.47131927e+02,
       8.79974306e-01, 5.31439148e+02, 2.92416534e+02, 2.56264895e-01,
       5.45145630e+02, 2.57173920e+02, 3.07842672e-01, 3.47278870e+02,
       2.19914078e+02, 2.59523690e-01, 2.90477112e+02, 2.00345123e+02,
       7.63180777e-02, 5.41202026e+02, 3.41410400e+02, 2.05949873e-01,
       3.51151855e+02, 3.80545044e+02, 4.99084651e-01, 1.55280365e+02,
       3.78624298e+02, 5.07897496e-01, 8.83992737e+02, 3.27708069e+02,
       7.37060606e-01, 8.82108459e+02, 3.51191681e+02, 3.68223846e-01,
       8.68351929e+02, 2.86471680e+02, 7.32080638e-01, 0., 0., 0.,
       1.14132317e+02, 4.31478027e+02, 4.22660202e-01, 1.18035088e+02,
       4.31453156e+02, 3.73950362e-01, 1.33739304e+02, 3.66873749e+02,
       4.81099844e-01, 0., 0., 0., 0., 0., 0., 0., 0., 0. ]
