%YAML:1.0
---
pose_0: !!opencv-matrix
   rows: 1
   cols: 25
   dt: "3f"
   data: [ 9.35056824e+02, 3.59058899e+02, 6.64834201e-01,
       8.50769409e+02, 2.66958313e+02, 2.88027614e-01, 8.60569458e+02,
       2.57179016e+02, 6.94286466e-01, 7.70434326e+02, 3.68780548e+02,
       7.14782894e-01, 8.44898438e+02, 4.47149567e+02, 7.66302288e-01,
       8.33133057e+02, 2.88533264e+02, 7.82808289e-02, 7.29336731e+02,
       3.84501526e+02, 7.94037163e-01, 8.35056885e+02, 4.33454681e+02,
       4.20607895e-01, 5.58844910e+02, 2.72840057e+02, 2.16165558e-01,
       5.54934937e+02, 2.53233139e+02, 1.78186432e-01, 3.06103821e+02,
       3.23769440e+02, 5.67148700e-02, 1.14113167e+02, 3.11992096e+02,
       6.10981099e-02, 5.56905151e+02, 2.90461609e+02, 1.61586553e-01,
       4.02135376e+02, 3.45295349e+02, 6.71548024e-02, 0., 0., 0.,
       9.50722534e+02, 3.51078705e+02, 7.61027575e-01, 0., 0., 0.,
       9.50704590e+02, 3.04200684e+02, 8.72471511e-01, 0., 0., 0., 0.,
       0., 0., 0., 0., 0., 0., 0., 0., 9.84766083e+01, 3.21816956e+02,
       5.45183271e-02, 9.45399323e+01, 3.19773407e+02, 6.31859675e-02,
       0., 0., 0. ]
