%YAML:1.0
---
pose_0: !!opencv-matrix
   rows: 1
   cols: 25
   dt: "3f"
   data: [ 8.97803894e+02, 2.88406586e+02, 8.02106380e-01,
       7.88027222e+02, 3.10087250e+02, 6.32951498e-01, 7.86110046e+02,
       2.39475449e+02, 6.62348270e-01, 7.11696655e+02, 1.63112930e+02,
       7.66439438e-01, 6.98046570e+02, 5.34222183e+01, 3.26813847e-01,
       7.74392395e+02, 3.86496613e+02, 5.75887263e-01, 6.50879639e+02,
       4.11942261e+02, 7.09120035e-01, 0., 0., 0., 5.47088745e+02,
       3.00234955e+02, 2.74774224e-01, 5.52984680e+02, 2.57164459e+02,
       2.88927317e-01, 3.88408295e+02, 2.35588257e+02, 9.69152078e-02,
       2.10138535e+02, 2.19944458e+02, 7.99662247e-02, 5.39253601e+02,
       3.41386566e+02, 2.55346388e-01, 3.68815063e+02, 3.55112976e+02,
       3.46713126e-01, 3.53164856e+02, 3.43356812e+02, 8.87485221e-02,
       9.01812927e+02, 2.74869995e+02, 8.25426102e-01, 9.09543152e+02,
       3.04224396e+02, 8.03507566e-01, 8.87992188e+02, 2.66953705e+02,
       1.38951212e-01, 8.86100586e+02, 3.37565460e+02, 7.58919179e-01,
       0., 0., 0., 0., 0., 0., 0., 0., 0., 2.08140488e+02,
       2.19929825e+02, 5.02874702e-02, 0., 0., 0., 2.10060211e+02,
       2.14053680e+02, 8.93813595e-02 ]
