%YAML:1.0
---
pose_0: !!opencv-matrix
   rows: 1
   cols: 25
   dt: "3f"
   data: [ 8.85979736e+02, 2.33678329e+02, 8.11354756e-01,
       7.89984680e+02, 2.49310547e+02, 7.00007081e-01, 7.78244385e+02,
       1.78828323e+02, 7.15465069e-01, 6.84251526e+02, 1.57224258e+02,
       4.79609907e-01, 6.39174927e+02, 1.47462204e+02, 5.57806849e-01,
       7.91988647e+02, 3.25698883e+02, 6.99221015e-01, 6.70530457e+02,
       3.66945038e+02, 8.50388825e-01, 6.50907898e+02, 3.04105560e+02,
       8.23404312e-01, 5.27519043e+02, 2.57128357e+02, 3.45794916e-01,
       5.29443848e+02, 2.12060104e+02, 3.76802802e-01, 3.51179626e+02,
       2.10113754e+02, 2.01017544e-01, 0., 0., 0., 5.29446716e+02,
       3.00253845e+02, 3.86400163e-01, 3.51144775e+02, 3.17898132e+02,
       3.69250417e-01, 1.74858139e+02, 3.45306641e+02, 2.95764148e-01,
       8.97721619e+02, 2.16045364e+02, 8.23414862e-01, 8.99690552e+02,
       2.51250092e+02, 7.56509960e-01, 8.70418213e+02, 1.98425964e+02,
       5.74819386e-01, 8.84050842e+02, 2.74704620e+02, 5.44753194e-01,
       1.20044540e+02, 3.78573059e+02, 1.63907483e-01, 0., 0., 0.,
       1.53307587e+02, 3.33548615e+02, 1.28473446e-01, 0., 0., 0., 0.,
       0., 0., 0., 0., 0. ]
