%YAML:1.0
---
pose_0: !!opencv-matrix
   rows: 1
   cols: 25
   dt: "3f"
   data: [ 9.56518311e+02, 3.12015625e+02, 7.45228589e-01,
       8.40956360e+02, 3.02196747e+02, 6.27866387e-01, 8.39036377e+02,
       2.12144608e+02, 6.63013041e-01, 7.03860046e+02, 1.33804062e+02,
       7.70468831e-01, 7.33235901e+02, 2.41490646e+02, 7.60221422e-01,
       8.40973755e+02, 3.90341156e+02, 4.75154221e-01, 0., 0., 0., 0.,
       0., 0., 5.41219604e+02, 3.02200287e+02, 1.55727983e-01,
       5.37299255e+02, 2.57127930e+02, 2.26414055e-01, 3.35489044e+02,
       2.66960419e+02, 2.27938294e-01, 1.80719315e+02, 2.90455688e+02,
       1.16355479e-01, 5.27505066e+02, 3.55106628e+02, 1.56925261e-01,
       3.41360260e+02, 3.64850006e+02, 2.87224323e-01, 1.12190544e+02,
       3.62957703e+02, 8.91880691e-02, 9.64455139e+02, 2.86543335e+02,
       8.44050825e-01, 9.74175903e+02, 3.31590485e+02, 7.54076481e-01,
       9.38917419e+02, 2.55201233e+02, 5.28257310e-01, 0., 0., 0.,
       5.33665581e+01, 3.80513428e+02, 6.30930513e-02, 5.93163071e+01,
       3.86475342e+02, 6.05755188e-02, 0., 0., 0., 0., 0., 0., 0., 0.,
       0., 0., 0., 0. ]
