%YAML:1.0
---
pose_0: !!opencv-matrix
   rows: 1
   cols: 25
   dt: "3f"
   data: [ 9.91829346e+02, 2.00348694e+02, 7.59417295e-01,
       8.70326782e+02, 2.14079269e+02, 5.11186481e-01, 8.60560608e+02,
       1.31728912e+02, 5.38298011e-01, 7.15636719e+02, 5.34668121e+01,
       7.56763518e-01, 7.93939880e+02, 1.39629257e+02, 6.75862789e-01,
       8.82103943e+02, 3.08071838e+02, 4.08054531e-01, 7.17562256e+02,
       3.88441223e+02, 5.52331328e-01, 7.27400024e+02, 3.37480743e+02,
       5.46984375e-01, 5.99990906e+02, 2.12085709e+02, 5.05949669e-02,
       0., 0., 0., 0., 0., 0., 0., 0., 0., 0., 0., 0., 0., 0., 0., 0.,
       0., 0., 9.97766663e+02, 1.72878586e+02, 7.48652279e-01,
       1.01333984e+03, 2.17974426e+02, 8.23802173e-01, 9.78026855e+02,
       1.47382660e+02, 5.76952100e-01, 1.01145520e+03, 2.51305634e+02,
       8.84103850e-02, 0., 0., 0., 0., 0., 0., 0., 0., 0., 0., 0., 0.,
       0., 0., 0., 0., 0., 0. ]
