%YAML:1.0
---
pose_0: !!opencv-matrix
   rows: 1
   cols: 25
   dt: "3f"
   data: [ 9.17346436e+02, 2.31705154e+02, 6.85853302e-01,
       8.09658569e+02, 2.88562012e+02, 7.07755268e-01, 7.76264526e+02,
       2.35578674e+02, 5.61223686e-01, 6.68586304e+02, 2.55217972e+02,
       3.81528288e-01, 5.76470215e+02, 2.14050598e+02, 4.93781775e-01,
       8.44904724e+02, 3.53081329e+02, 6.37884140e-01, 7.15616333e+02,
       4.09935547e+02, 6.98166966e-01, 6.03964661e+02, 2.84597961e+02,
       6.07619405e-01, 5.07934601e+02, 3.25714050e+02, 3.40327561e-01,
       5.11809875e+02, 2.86551270e+02, 3.45583081e-01, 3.21792969e+02,
       1.84654572e+02, 7.22768009e-01, 1.96415237e+02, 3.04174835e+02,
       3.40639651e-01, 5.17687622e+02, 3.66837830e+02, 3.18332016e-01,
       3.64895081e+02, 2.90439453e+02, 7.91178346e-02, 0., 0., 0.,
       9.31057312e+02, 2.21873062e+02, 5.97109079e-01, 9.38916565e+02,
       2.53249969e+02, 8.01545024e-01, 0., 0., 0., 9.17352478e+02,
       3.00232483e+02, 7.99427211e-01, 0., 0., 0., 0., 0., 0., 0., 0.,
       0., 1.33704559e+02, 2.47401749e+02, 3.08754861e-01,
       1.33679291e+02, 2.51268356e+02, 2.62526631e-01, 0., 0., 0. ]
