%YAML:1.0
---
pose_0: !!opencv-matrix
   rows: 1
   cols: 25
   dt: "3f"
   data: [ 9.07554810e+02, 2.43484222e+02, 7.83110321e-01,
       8.44907471e+02, 3.21802826e+02, 4.56466883e-01, 0., 0., 0., 0.,
       0., 0., 0., 0., 0., 8.52766724e+02, 3.23774200e+02,
       4.95513618e-01, 7.27367432e+02, 2.57214233e+02, 6.81531787e-01,
       8.39068054e+02, 1.80844284e+02, 7.07676828e-01, 5.99995605e+02,
       3.35493530e+02, 1.11597501e-01, 5.80405212e+02, 3.21779297e+02,
       1.06828764e-01, 3.31601685e+02, 3.17867767e+02, 1.89069882e-01,
       0., 0., 0., 0., 0., 0., 0., 0., 0., 0., 0., 0., 9.19370178e+02,
       2.41541153e+02, 1.73485890e-01, 9.29101990e+02, 2.57170288e+02,
       8.54412377e-01, 0., 0., 0., 9.19377747e+02, 3.17829407e+02,
       7.96032071e-01, 0., 0., 0., 0., 0., 0., 0., 0., 0., 0., 0., 0.,
       0., 0., 0., 0., 0., 0. ]
