%YAML:1.0
---
pose_0: !!opencv-matrix
   rows: 1
   cols: 25
   dt: "3f"
   data: [ 9.33121155e+02, 3.68817505e+02, 7.90078521e-01,
       8.46862915e+02, 2.96343201e+02, 4.28953499e-01, 8.44897705e+02,
       2.90411804e+02, 6.37647271e-01, 7.58629211e+02, 2.64992981e+02,
       4.97309774e-01, 6.31352356e+02, 3.70815399e+02, 6.57937288e-01,
       8.52734558e+02, 3.02189331e+02, 2.84483373e-01, 0., 0., 0., 0.,
       0., 0., 6.48985901e+02, 3.02153442e+02, 2.10126027e-01,
       6.62680908e+02, 2.66920288e+02, 2.45715886e-01, 4.13862946e+02,
       2.88456116e+02, 1.35221168e-01, 8.66879501e+01, 2.88476196e+02,
       1.70920625e-01, 6.45048645e+02, 3.35496246e+02, 1.58667937e-01,
       3.94287231e+02, 3.49206268e+02, 5.33361286e-02, 0., 0., 0.,
       9.48816223e+02, 3.51217712e+02, 8.18555355e-01, 0., 0., 0.,
       9.34977722e+02, 3.04170135e+02, 8.82042408e-01, 0., 0., 0., 0.,
       0., 0., 0., 0., 0., 0., 0., 0., 0., 0., 0., 0., 0., 0., 0., 0.,
       0. ]
