%YAML:1.0
---
pose_0: !!opencv-matrix
   rows: 1
   cols: 25
   dt: "3f"
   data: [ 8.70414063e+02, 4.39311829e+02, 8.16925526e-01,
       7.76351379e+02, 4.13896912e+02, 7.54880905e-01, 7.64599731e+02,
       3.49211975e+02, 6.75746560e-01, 6.78341492e+02, 2.72845856e+02,
       7.84896076e-01, 7.56683472e+02, 2.43438416e+02, 7.67174006e-01,
       7.90070923e+02, 4.80523499e+02, 6.63503408e-01, 7.50822815e+02,
       5.90219177e+02, 7.21927106e-01, 7.58621338e+02, 7.15594482e+02,
       6.16204321e-01, 5.54942627e+02, 4.35453247e+02, 2.76151448e-01,
       5.54940735e+02, 3.98204224e+02, 3.80209357e-01, 3.84514954e+02,
       4.06048950e+02, 1.96675196e-01, 0., 0., 0., 5.56904785e+02,
       4.88300537e+02, 2.67518222e-01, 4.04094635e+02, 5.07949554e+02,
       1.30795568e-01, 0., 0., 0., 8.84058899e+02, 4.15846283e+02,
       8.70883286e-01, 8.86062378e+02, 4.41328705e+02, 6.79817021e-01,
       8.60542236e+02, 3.78637573e+02, 8.01711440e-01, 0., 0., 0., 0.,
       0., 0., 0., 0., 0., 0., 0., 0., 0., 0., 0., 0., 0., 0., 0., 0.,
       0. ]
