%YAML:1.0
---
pose_0: !!opencv-matrix
   rows: 1
   cols: 25
   dt: "3f"
   data: [ 9.03652344e+02, 4.94307190e+02, 8.49961102e-01,
       7.94013245e+02, 5.11814301e+02, 6.99044883e-01, 7.78318848e+02,
       4.43242432e+02, 7.10213482e-01, 6.74438293e+02, 3.96225586e+02,
       6.67487383e-01, 5.88189453e+02, 3.58993286e+02, 7.54834414e-01,
       8.09634399e+02, 5.86338989e+02, 6.76515520e-01, 7.29295288e+02,
       6.21560364e+02, 7.37591267e-01, 6.17678711e+02, 5.86348267e+02,
       8.02418530e-01, 5.76479553e+02, 5.23565125e+02, 2.43787512e-01,
       5.70570923e+02, 4.78546844e+02, 3.58380318e-01, 4.06046326e+02,
       4.76565826e+02, 1.20640829e-01, 3.37470032e+02, 4.80501343e+02,
       5.32054119e-02, 5.78441467e+02, 5.66686890e+02, 1.73217505e-01,
       0., 0., 0., 0., 0., 0., 9.05599426e+02, 4.78641144e+02,
       8.64152372e-01, 9.15475891e+02, 5.07985321e+02, 8.33129764e-01,
       8.72377258e+02, 4.62906372e+02, 6.81265950e-01, 8.95823181e+02,
       5.31421448e+02, 4.77737695e-01, 0., 0., 0., 0., 0., 0., 0., 0.,
       0., 0., 0., 0., 0., 0., 0., 0., 0., 0. ]
