%YAML:1.0
---
pose_0: !!opencv-matrix
   rows: 1
   cols: 25
   dt: "3f"
   data: [ 8.54651978e+02, 2.27706741e+02, 8.24383378e-01,
       8.09677246e+02, 2.92453491e+02, 5.77813089e-01, 8.21309631e+02,
       3.04152496e+02, 4.18143809e-01, 7.17517334e+02, 2.86561768e+02,
       1.86920643e-01, 0., 0., 0., 8.13518066e+02, 2.88476837e+02,
       6.00795329e-01, 7.09726990e+02, 2.74754456e+02, 6.19481087e-01,
       5.86327087e+02, 2.12166382e+02, 7.96456099e-01, 6.35292419e+02,
       3.57036743e+02, 3.11019808e-01, 6.41149658e+02, 3.80537018e+02,
       2.20574886e-01, 4.90263519e+02, 3.19843750e+02, 5.70781156e-02,
       0., 0., 0., 6.35221680e+02, 3.33522064e+02, 2.90159881e-01,
       4.86379272e+02, 3.17877197e+02, 6.97382390e-02, 0., 0., 0.,
       8.68397034e+02, 2.23786758e+02, 7.11797595e-01, 8.72321533e+02,
       2.43447556e+02, 8.47870052e-01, 0., 0., 0., 8.70353455e+02,
       2.90413696e+02, 8.12654734e-01, 0., 0., 0., 0., 0., 0., 0., 0.,
       0., 0., 0., 0., 0., 0., 0., 0., 0., 0. ]
