%YAML:1.0
---
pose_0: !!opencv-matrix
   rows: 1
   cols: 25
   dt: "3f"
   data: [ 8.66454651e+02, 1.78731567e+02, 7.83639193e-01,
       7.70431152e+02, 1.78834930e+02, 6.86249673e-01, 7.60679199e+02,
       1.02415825e+02, 7.49519825e-01, 6.48977173e+02, 6.51429901e+01,
       7.83672929e-01, 6.19517212e+02, 8.87136536e+01, 8.24575365e-01,
       7.72426636e+02, 2.59078827e+02, 6.44047022e-01, 6.66617493e+02,
       3.04237671e+02, 8.02513242e-01, 5.82324463e+02, 3.23806610e+02,
       7.46131599e-01, 5.23582764e+02, 2.02307236e+02, 3.20234776e-01,
       5.25550171e+02, 1.55272827e+02, 3.93028557e-01, 3.98195557e+02,
       1.59207672e+02, 2.45953545e-01, 3.19838806e+02, 1.65073273e+02,
       2.65268177e-01, 5.23591309e+02, 2.45417007e+02, 3.96824330e-01,
       3.51140320e+02, 2.82605621e+02, 3.97813648e-01, 1.61155518e+02,
       3.21856506e+02, 4.46126074e-01, 8.76228943e+02, 1.57198288e+02,
       7.35208869e-01, 8.74279114e+02, 1.92476303e+02, 7.90600419e-01,
       8.52771606e+02, 1.33809097e+02, 5.48517764e-01, 8.58613403e+02,
       2.10093536e+02, 4.35667872e-01, 1.04326416e+02, 3.66852173e+02,
       3.03706318e-01, 1.14114258e+02, 3.68778625e+02, 3.19114178e-01,
       1.35663712e+02, 3.13986908e+02, 2.65786588e-01, 0., 0., 0., 0.,
       0., 0., 3.17843872e+02, 1.76828812e+02, 8.70060623e-02 ]
