%YAML:1.0
---
pose_0: !!opencv-matrix
   rows: 2
   cols: 25
   dt: "3f"
   data: [ 8.70351318e+02, 1.92482529e+02, 8.14654112e-01,
       8.37020813e+02, 2.70838196e+02, 4.47569191e-01, 8.42942749e+02,
       2.82599762e+02, 2.96805501e-01, 0., 0., 0., 0., 0., 0.,
       8.48776245e+02, 2.68916443e+02, 5.23461819e-01, 6.97987671e+02,
       2.14075851e+02, 5.80387533e-01, 5.56983276e+02, 1.72903534e+02,
       7.55933821e-01, 5.11823151e+02, 3.27675842e+02, 2.31678024e-01,
       5.07932098e+02, 2.92461456e+02, 2.68090099e-01, 3.21786377e+02,
       2.57137329e+02, 3.67510736e-01, 9.05888824e+01, 3.70779785e+02,
       2.83975601e-01, 5.23607910e+02, 3.70777100e+02, 1.78573534e-01,
       3.15921295e+02, 2.66938293e+02, 2.20424160e-01, 9.05950851e+01,
       3.70766754e+02, 2.84082800e-01, 8.84016174e+02, 1.80764038e+02,
       6.98759794e-01, 8.95825012e+02, 1.98352890e+02, 8.30662072e-01,
       0., 0., 0., 9.01667053e+02, 2.57042938e+02, 8.37906718e-01,
       4.75411797e+01, 3.98236023e+02, 8.80210698e-02, 5.33500023e+01,
       4.00192688e+02, 1.06585540e-01, 6.90661316e+01, 3.80557648e+02,
       1.77098081e-01, 4.75005760e+01, 4.02144501e+02, 1.80179626e-01,
       4.75381279e+01, 3.98194519e+02, 1.74203426e-01, 8.08065872e+01,
       3.84474792e+02, 1.77776024e-01, 0., 0., 0., 0., 0., 0.,
       6.76383850e+02, 2.57175323e+02, 6.02656491e-02, 6.03961731e+02,
       2.72796661e+02, 2.21501127e-01, 5.47098755e+02, 2.16021729e+02,
       4.24671441e-01, 0., 0., 0., 0., 0., 0., 0., 0., 0., 0., 0., 0.,
       0., 0., 0., 0., 0., 0., 0., 0., 0., 0., 0., 0., 0., 0., 0., 0.,
       0., 0., 0., 0., 0., 0., 0., 0., 0., 0., 0., 0., 0., 0., 0., 0.,
       0., 0., 0., 0., 0., 0., 0., 0., 0., 0., 0., 0., 0., 0., 0., 0. ]
