%YAML:1.0
---
pose_0: !!opencv-matrix
   rows: 1
   cols: 25
   dt: "3f"
   data: [ 8.93867920e+02, 4.21700134e+02, 7.40235925e-01,
       7.91916992e+02, 4.13911896e+02, 6.82978511e-01, 7.91950500e+02,
       3.37487457e+02, 7.04864204e-01, 6.64576721e+02, 2.90401337e+02,
       7.93781281e-01, 5.43161987e+02, 2.90528778e+02, 7.07041025e-01,
       7.88028870e+02, 4.92166229e+02, 6.01430297e-01, 6.80254639e+02,
       5.52925781e+02, 8.09796333e-01, 7.72345886e+02, 5.39232239e+02,
       8.27987790e-01, 5.39228577e+02, 4.15834106e+02, 2.42853731e-01,
       5.45146118e+02, 3.62937195e+02, 3.76611769e-01, 3.27651398e+02,
       3.66779266e+02, 5.25715470e-01, 2.88416901e+02, 3.41428162e+02,
       1.37427449e-01, 5.41203735e+02, 4.62911407e+02, 3.62083018e-01,
       3.64876160e+02, 5.09863373e+02, 2.16236368e-01, 1.67042313e+02,
       5.33381653e+02, 8.60032290e-02, 9.03623535e+02, 4.00235413e+02,
       8.48497331e-01, 9.07585510e+02, 4.39345581e+02, 7.53640294e-01,
       8.82132324e+02, 3.78616974e+02, 6.49090767e-01, 8.99768677e+02,
       4.60809570e+02, 1.34776518e-01, 0., 0., 0., 0., 0., 0., 0., 0.,
       0., 0., 0., 0., 0., 0., 0., 0., 0., 0. ]
