%YAML:1.0
---
pose_0: !!opencv-matrix
   rows: 1
   cols: 25
   dt: "3f"
   data: [ 9.17315918e+02, 2.72874939e+02, 8.01744461e-01,
       8.09664490e+02, 2.86483612e+02, 6.04105413e-01, 8.07612732e+02,
       2.00369415e+02, 6.83288693e-01, 6.74415222e+02, 1.33645279e+02,
       7.28297651e-01, 7.13577271e+02, 2.12018753e+02, 8.48100781e-01,
       8.07659058e+02, 3.68806274e+02, 5.78997374e-01, 6.74414490e+02,
       4.45264984e+02, 7.39616275e-01, 7.15591614e+02, 3.55116333e+02,
       8.25002611e-01, 5.58838135e+02, 2.84573608e+02, 2.47726440e-01,
       5.56895996e+02, 2.41495163e+02, 3.44759405e-01, 3.57053802e+02,
       2.47368835e+02, 4.20451194e-01, 0., 0., 0., 5.58864136e+02,
       3.35496429e+02, 2.02158391e-01, 0., 0., 0., 0., 0., 0.,
       9.21262268e+02, 2.53202377e+02, 7.53603876e-01, 9.31027100e+02,
       2.90388000e+02, 7.98255622e-01, 8.93841553e+02, 2.31656708e+02,
       5.85445344e-01, 9.17333801e+02, 3.15907257e+02, 2.57198423e-01,
       0., 0., 0., 0., 0., 0., 0., 0., 0., 0., 0., 0., 0., 0., 0., 0.,
       0., 0. ]
