%YAML:1.0
---
pose_0: !!opencv-matrix
   rows: 1
   cols: 25
   dt: "3f"
   data: [ 9.60499512e+02, 3.04135406e+02, 8.10010672e-01,
       8.41038635e+02, 3.39476379e+02, 6.36950433e-01, 8.21378723e+02,
       2.76736237e+02, 6.33834302e-01, 7.01857666e+02, 2.74794403e+02,
       1.20969757e-01, 6.78328491e+02, 2.92428223e+02, 6.05997629e-02,
       8.60570068e+02, 4.02108521e+02, 6.65306091e-01, 7.74350281e+02,
       4.66775177e+02, 7.79849350e-01, 7.11738220e+02, 3.55107544e+02,
       7.87282407e-01, 5.74522095e+02, 3.43349731e+02, 1.22674823e-01,
       5.68631714e+02, 3.02226196e+02, 2.16176674e-01, 3.80578094e+02,
       2.86524872e+02, 1.63807482e-01, 0., 0., 0., 5.68644775e+02,
       3.92333679e+02, 1.05945811e-01, 3.74699921e+02, 4.11868958e+02,
       1.03160344e-01, 3.25704193e+02, 4.23673950e+02, 6.53942898e-02,
       9.66376160e+02, 2.90449310e+02, 7.86610484e-01, 9.76093567e+02,
       3.21790100e+02, 8.52020979e-01, 0., 0., 0., 9.50695251e+02,
       3.55172729e+02, 5.50172448e-01, 0., 0., 0., 0., 0., 0., 0., 0.,
       0., 0., 0., 0., 0., 0., 0., 0., 0., 0. ]
