%YAML:1.0
---
pose_0: !!opencv-matrix
   rows: 1
   cols: 25
   dt: "3f"
   data: [ 9.13478210e+02, 2.92477173e+02, 7.69149899e-01,
       8.03773315e+02, 3.19796021e+02, 6.74412251e-01, 7.99816284e+02,
       2.49330368e+02, 6.83488250e-01, 6.97913818e+02, 2.41451035e+02,
       5.70098698e-01, 5.99942322e+02, 1.96345200e+02, 5.91981411e-01,
       8.05724060e+02, 3.92304138e+02, 6.69917345e-01, 7.15573425e+02,
       4.09937714e+02, 7.58925021e-01, 7.62601746e+02, 3.21747803e+02,
       7.24719644e-01, 5.68630066e+02, 3.08084351e+02, 2.91043878e-01,
       5.68640625e+02, 2.64979248e+02, 3.60916138e-01, 3.78638611e+02,
       2.76759460e+02, 5.51828682e-01, 2.06207977e+02, 3.06171967e+02,
       1.65029243e-01, 5.66672668e+02, 3.57057526e+02, 2.91795194e-01,
       3.72767761e+02, 3.64875549e+02, 2.92620391e-01, 3.66884247e+02,
       3.47249664e+02, 5.64393811e-02, 9.17433228e+02, 2.80642212e+02,
       8.45220029e-01, 9.21333130e+02, 3.11971008e+02, 7.76673794e-01,
       8.97745728e+02, 2.68864960e+02, 3.89319509e-01, 9.01766296e+02,
       3.37398163e+02, 6.59998477e-01, 3.51248657e+02, 3.68837372e+02,
       5.48935011e-02, 0., 0., 0., 0., 0., 0., 0., 0., 0., 0., 0., 0.,
       0., 0., 0. ]
