%YAML:1.0
---
pose_0: !!opencv-matrix
   rows: 1
   cols: 25
   dt: "3f"
   data: [ 1.01140393e+03, 2.10136536e+02, 8.06222081e-01,
       8.88003723e+02, 2.06195602e+02, 4.63066429e-01, 9.03639221e+02,
       1.27823929e+02, 3.00295591e-01, 8.09640930e+02, 4.36232147e+01,
       7.13553011e-01, 9.07574951e+02, 1.31727386e+02, 6.87482834e-01,
       8.76237427e+02, 2.96334930e+02, 4.46576178e-01, 7.11698547e+02,
       3.57041962e+02, 7.09305644e-01, 6.01980957e+02, 3.88400391e+02,
       3.67502570e-01, 6.37216614e+02, 2.17969849e+02, 8.27010348e-02,
       6.15669800e+02, 1.90534439e+02, 5.40819801e-02, 0., 0., 0., 0.,
       0., 0., 6.50960632e+02, 2.59105408e+02, 7.95543566e-02, 0., 0.,
       0., 0., 0., 0., 1.02700391e+03, 1.82753906e+02, 8.63031924e-01,
       1.02906311e+03, 2.27800308e+02, 7.36074507e-01, 1.00554016e+03,
       1.53284119e+02, 5.42115152e-01, 0., 0., 0., 0., 0., 0., 0., 0.,
       0., 0., 0., 0., 0., 0., 0., 0., 0., 0., 0., 0., 0. ]
