%YAML:1.0
---
pose_0: !!opencv-matrix
   rows: 1
   cols: 25
   dt: "3f"
   data: [ 9.64334839e+02, 2.27715500e+02, 8.45939398e-01,
       8.42925598e+02, 2.47347061e+02, 5.53771138e-01, 8.25292175e+02,
       1.63072754e+02, 6.36327624e-01, 7.13609802e+02, 1.33739487e+02,
       5.32319844e-01, 6.64585571e+02, 1.33814545e+02, 6.22052550e-01,
       8.58571899e+02, 3.37421722e+02, 5.66733837e-01, 7.76269348e+02,
       4.66805573e+02, 8.11686099e-01, 8.05663940e+02, 3.23810577e+02,
       7.70095050e-01, 6.01965271e+02, 2.78700226e+02, 1.43579379e-01,
       0., 0., 0., 0., 0., 0., 0., 0., 0., 0., 0., 0., 0., 0., 0., 0.,
       0., 0., 9.74139282e+02, 1.98360992e+02, 8.09463203e-01,
       9.80066223e+02, 2.41432831e+02, 8.43717396e-01, 9.40876587e+02,
       1.72930969e+02, 6.12860441e-01, 9.64418640e+02, 2.66961548e+02,
       1.41971469e-01, 0., 0., 0., 0., 0., 0., 0., 0., 0., 0., 0., 0.,
       0., 0., 0., 0., 0., 0. ]
