%YAML:1.0
---
pose_0: !!opencv-matrix
   rows: 1
   cols: 25
   dt: "3f"
   data: [ 9.03659668e+02, 3.66805573e+02, 7.37165093e-01,
       8.33098511e+02, 2.88458099e+02, 5.29869676e-01, 8.44902161e+02,
       2.59162018e+02, 6.97174847e-01, 7.44970398e+02, 2.96339142e+02,
       7.77596891e-01, 8.05709167e+02, 4.33455688e+02, 8.31691325e-01,
       8.19414368e+02, 3.17897034e+02, 2.16842368e-01, 0., 0., 0., 0.,
       0., 0., 5.31423157e+02, 3.04144836e+02, 2.92616963e-01,
       5.25526672e+02, 2.78715820e+02, 2.76716620e-01, 3.10030853e+02,
       3.51195770e+02, 4.54685032e-01, 1.02335037e+02, 3.37506104e+02,
       3.45613420e-01, 5.31426270e+02, 3.21829163e+02, 1.75626248e-01,
       4.13882019e+02, 3.62917328e+02, 5.81062511e-02, 9.84722137e+01,
       3.35542633e+02, 1.02800734e-01, 9.19381531e+02, 3.53193726e+02,
       7.62577176e-01, 0., 0., 0., 9.29055603e+02, 3.06044067e+02,
       8.50604534e-01, 0., 0., 0., 0., 0., 0., 0., 0., 0., 0., 0., 0.,
       5.13923111e+01, 3.19869385e+02, 1.24262877e-01, 5.14073563e+01,
       3.21746246e+02, 1.02053583e-01, 8.27724991e+01, 3.37483337e+02,
       2.17947856e-01 ]
