%YAML:1.0
---
pose_0: !!opencv-matrix
   rows: 1
   cols: 25
   dt: "3f"
   data: [ 9.17294189e+02, 2.90492706e+02, 8.36619079e-01,
       8.05674133e+02, 2.92440063e+02, 6.23385251e-01, 8.01739563e+02,
       2.08143417e+02, 6.23125017e-01, 6.68623108e+02, 1.63189453e+02,
       7.96190977e-01, 6.17684814e+02, 2.08126114e+02, 7.81920075e-01,
       7.99814209e+02, 3.84528839e+02, 5.33258975e-01, 6.78313232e+02,
       4.13850220e+02, 6.87534153e-01, 6.01856384e+02, 3.96265137e+02,
       7.86489964e-01, 5.54935730e+02, 2.88466034e+02, 1.36157319e-01,
       5.56906799e+02, 2.51283875e+02, 2.08490029e-01, 4.92211365e+02,
       2.39526749e+02, 1.91159427e-01, 3.49211884e+02, 2.80661438e+02,
       3.55727255e-01, 5.68644714e+02, 3.59019012e+02, 1.07362777e-01,
       3.80533447e+02, 3.66848724e+02, 1.15806669e-01, 0., 0., 0.,
       9.29084412e+02, 2.70889313e+02, 8.41127515e-01, 9.32980103e+02,
       3.06206146e+02, 7.96828926e-01, 8.99753723e+02, 2.43402878e+02,
       6.22906685e-01, 9.25212830e+02, 3.31556702e+02, 2.15171635e-01,
       0., 0., 0., 0., 0., 0., 0., 0., 0., 3.37500183e+02,
       3.06146332e+02, 7.28280768e-02, 3.39457916e+02, 3.06098297e+02,
       8.69605094e-02, 3.35492218e+02, 2.80671844e+02, 2.55073339e-01 ]
