%YAML:1.0
---
pose_0: !!opencv-matrix
   rows: 1
   cols: 25
   dt: "3f"
   data: [ 8.48826233e+02, 1.33680847e+02, 7.19583154e-01,
       7.58755371e+02, 1.35672516e+02, 7.00732529e-01, 7.52810120e+02,
       7.10427246e+01, 6.18461728e-01, 7.15618774e+02, 4.39674091e+00,
       4.20402199e-01, 8.23301819e+02, 3.37934608e+01, 7.60002196e-01,
       7.62593262e+02, 2.02302963e+02, 5.33555388e-01, 7.74328247e+02,
       2.86505096e+02, 7.27050781e-01, 8.54636597e+02, 1.90490952e+02,
       6.30540013e-01, 5.11832062e+02, 1.45466415e+02, 2.99691439e-01,
       5.13779663e+02, 9.64939499e+01, 3.91531438e-01, 3.55115387e+02,
       7.68916855e+01, 1.90601125e-01, 0., 0., 0., 5.19638855e+02,
       1.94423309e+02, 4.14212227e-01, 3.33547668e+02, 2.16024323e+02,
       4.50175524e-01, 1.63126251e+02, 2.25845261e+02, 3.06167275e-01,
       8.58610535e+02, 1.27798561e+02, 7.02978015e-01, 8.60549805e+02,
       1.47458801e+02, 7.44008303e-01, 8.56673828e+02, 1.04346504e+02,
       4.05712545e-01, 8.42946838e+02, 1.67090775e+02, 3.76748979e-01,
       1.00423920e+02, 2.62996674e+02, 1.01098098e-01, 0., 0., 0.,
       1.35707504e+02, 2.10140793e+02, 1.32357270e-01, 0., 0., 0., 0.,
       0., 0., 0., 0., 0. ]
