%YAML:1.0
---
pose_0: !!opencv-matrix
   rows: 1
   cols: 25
   dt: "3f"
   data: [ 8.85960815e+02, 4.45266235e+02, 8.33176315e-01,
       8.07643188e+02, 4.78596832e+02, 7.08339155e-01, 7.78240906e+02,
       4.45299744e+02, 6.20304942e-01, 7.27333069e+02, 4.84415924e+02,
       6.19579479e-02, 0., 0., 0., 8.29224854e+02, 5.21639404e+02,
       6.48708880e-01, 7.66503113e+02, 5.23661438e+02, 7.47667789e-01,
       7.33192688e+02, 3.94238037e+02, 7.64929175e-01, 5.82348816e+02,
       4.90258820e+02, 1.74645007e-01, 5.72555542e+02, 4.74607727e+02,
       1.94669679e-01, 3.78614349e+02, 4.43291809e+02, 2.71081865e-01,
       1.82708130e+02, 4.45221252e+02, 1.48887217e-01, 5.94114197e+02,
       5.37305359e+02, 6.22576177e-02, 0., 0., 0., 0., 0., 0.,
       8.88030579e+02, 4.29537354e+02, 7.69000173e-01, 8.99785034e+02,
       4.58929230e+02, 8.56251359e-01, 8.70331116e+02, 4.17766113e+02,
       4.33680564e-01, 8.93828247e+02, 4.78532562e+02, 5.87983131e-01,
       0., 0., 0., 0., 0., 0., 0., 0., 0., 1.51332123e+02,
       3.98250977e+02, 6.24026433e-02, 0., 0., 0., 0., 0., 0. ]
