%YAML:1.0
---
pose_0: !!opencv-matrix
   rows: 1
   cols: 25
   dt: "3f"
   data: [ 9.21262024e+02, 3.35590790e+02, 8.00981522e-01,
       8.15526550e+02, 3.47243011e+02, 6.22330070e-01, 8.07712219e+02,
       2.70791107e+02, 6.97455823e-01, 6.97901367e+02, 2.25871063e+02,
       6.60474300e-01, 6.48951538e+02, 2.29735001e+02, 6.67429328e-01,
       8.21342224e+02, 4.29517303e+02, 5.61509550e-01, 7.03841675e+02,
       4.88348602e+02, 4.80604023e-01, 5.72650574e+02, 5.21612610e+02,
       7.33473897e-01, 5.96069214e+02, 3.60969238e+02, 1.27911344e-01,
       5.90205566e+02, 3.13961884e+02, 1.90791845e-01, 3.59017273e+02,
       3.00214630e+02, 1.24547981e-01, 1.67050064e+02, 3.37469330e+02,
       2.86850154e-01, 5.94118042e+02, 4.19764221e+02, 9.48849469e-02,
       0., 0., 0., 0., 0., 0., 9.31123413e+02, 3.17889191e+02,
       8.03703547e-01, 9.33109985e+02, 3.53158386e+02, 8.56596887e-01,
       9.09561890e+02, 2.90522705e+02, 5.42325974e-01, 9.23265991e+02,
       3.80561890e+02, 1.24779344e-01, 0., 0., 0., 0., 0., 0., 0., 0.,
       0., 1.43528137e+02, 3.49236542e+02, 9.91634801e-02, 0., 0., 0.,
       1.55266129e+02, 3.45294403e+02, 2.15882570e-01 ]
