%YAML:1.0
---
pose_0: !!opencv-matrix
   rows: 1
   cols: 25
   dt: "3f"
   data: [ 1.07603308e+03, 2.61131989e+02, 7.56132424e-01,
       9.13482666e+02, 2.53216278e+02, 5.00256956e-01, 9.17378601e+02,
       1.74875259e+02, 5.03762007e-01, 8.21336792e+02, 1.25892242e+02,
       4.15060192e-01, 7.88052307e+02, 4.75292473e+01, 1.18964955e-01,
       8.99711609e+02, 3.33550598e+02, 3.60746801e-01, 6.99926636e+02,
       4.04120300e+02, 5.74256420e-01, 8.05642761e+02, 3.84551697e+02,
       6.67244673e-01, 6.54855957e+02, 2.57140747e+02, 5.21076098e-02,
       0., 0., 0., 0., 0., 0., 0., 0., 0., 0., 0., 0., 0., 0., 0., 0.,
       0., 0., 1.08789209e+03, 2.27806717e+02, 8.61920893e-01,
       1.09565271e+03, 2.82631287e+02, 6.47430301e-01, 1.05451379e+03,
       1.90545959e+02, 4.92063463e-01, 0., 0., 0., 0., 0., 0., 0., 0.,
       0., 0., 0., 0., 0., 0., 0., 0., 0., 0., 0., 0., 0. ]
