%YAML:1.0
---
pose_0: !!opencv-matrix
   rows: 1
   cols: 25
   dt: "3f"
   data: [ 1.04276050e+03, 2.25704773e+02, 6.48231387e-01,
       8.99783264e+02, 2.43462204e+02, 4.95829880e-01, 8.70384705e+02,
       1.47422485e+02, 3.91901702e-01, 7.27278564e+02, 9.05978851e+01,
       5.08944333e-01, 6.97887939e+02, 1.25890312e+02, 5.68083942e-01,
       9.19384277e+02, 3.35443176e+02, 5.21113753e-01, 7.66490112e+02,
       4.29534302e+02, 7.44619608e-01, 8.54695618e+02, 3.08089691e+02,
       7.84105361e-01, 0., 0., 0., 0., 0., 0., 0., 0., 0., 0., 0., 0.,
       0., 0., 0., 0., 0., 0., 0., 0., 0., 1.05256470e+03,
       1.96331757e+02, 7.09753215e-01, 1.05839258e+03, 2.43436432e+02,
       4.66911227e-01, 9.99641663e+02, 1.67026550e+02, 3.66478592e-01,
       1.03298706e+03, 2.70846497e+02, 1.37030348e-01, 0., 0., 0., 0.,
       0., 0., 0., 0., 0., 0., 0., 0., 0., 0., 0., 0., 0., 0. ]
