%YAML:1.0
---
pose_0: !!opencv-matrix
   rows: 1
   cols: 25
   dt: "3f"
   data: [ 9.01803162e+02, 3.86500763e+02, 7.30358124e-01,
       8.03685791e+02, 4.09926392e+02, 6.43412411e-01, 7.91969177e+02,
       3.35539948e+02, 6.83385491e-01, 7.44950867e+02, 2.96343353e+02,
       4.08253402e-01, 6.80256042e+02, 2.59135071e+02, 6.37219608e-01,
       8.05628601e+02, 4.90246613e+02, 5.89637280e-01, 6.88162964e+02,
       5.54927612e+02, 6.42851710e-01, 5.72564087e+02, 6.15695190e+02,
       6.97647929e-01, 5.90198242e+02, 4.37387115e+02, 1.62191167e-01,
       5.68656799e+02, 4.00177673e+02, 3.03956538e-01, 3.68825409e+02,
       3.68787445e+02, 5.03440909e-02, 0., 0., 0., 6.31353149e+02,
       4.92265320e+02, 1.47635728e-01, 5.56914307e+02, 5.84317993e+02,
       5.51982783e-02, 0., 0., 0., 9.13422424e+02, 3.68913391e+02,
       7.24908948e-01, 9.17336182e+02, 4.02095947e+02, 7.72608399e-01,
       8.86043518e+02, 3.49234344e+02, 3.32762271e-01, 9.01767456e+02,
       4.25662659e+02, 3.45050931e-01, 0., 0., 0., 0., 0., 0., 0., 0.,
       0., 0., 0., 0., 0., 0., 0., 0., 0., 0. ]
