%YAML:1.0
---
pose_0: !!opencv-matrix
   rows: 1
   cols: 25
   dt: "3f"
   data: [ 9.50698730e+02, 3.06084137e+02, 7.68075705e-01,
       8.42913330e+02, 2.76720062e+02, 5.88764250e-01, 8.46835144e+02,
       1.84672348e+02, 6.01338863e-01, 7.31228577e+02, 1.08230377e+02,
       7.46661901e-01, 6.33213318e+02, 1.78695450e+02, 8.02611709e-01,
       8.33112183e+02, 3.64854034e+02, 5.78222036e-01, 7.27301880e+02,
       4.15871033e+02, 7.81788528e-01, 6.27405151e+02, 4.72633789e+02,
       7.24500835e-01, 5.96063660e+02, 3.04157593e+02, 8.39034989e-02,
       5.86275269e+02, 2.45391083e+02, 1.09150976e-01, 3.64883759e+02,
       2.76758423e+02, 9.87969935e-02, 0., 0., 0., 5.92149780e+02,
       3.66835022e+02, 1.41602993e-01, 4.80492981e+02, 3.70778931e+02,
       6.00788295e-02, 0., 0., 0., 9.70238159e+02, 2.74811096e+02,
       7.95438290e-01, 9.66409912e+02, 3.19847504e+02, 7.93416500e-01,
       9.52646729e+02, 2.41499207e+02, 4.64125574e-01, 0., 0., 0., 0.,
       0., 0., 0., 0., 0., 0., 0., 0., 0., 0., 0., 0., 0., 0., 0., 0.,
       0. ]
