%YAML:1.0
---
pose_0: !!opencv-matrix
   rows: 1
   cols: 25
   dt: "3f"
   data: [ 8.93882141e+02, 2.76780487e+02, 7.43492246e-01,
       7.88021057e+02, 3.10080566e+02, 6.48976922e-01, 7.84153748e+02,
       2.39479843e+02, 6.75185919e-01, 7.27267151e+02, 1.47440216e+02,
       7.63314009e-01, 7.21485413e+02, 4.17025566e+01, 4.96513933e-01,
       7.76401428e+02, 3.88393616e+02, 5.82753360e-01, 6.56809326e+02,
       4.15901611e+02, 7.26211309e-01, 7.68451599e+02, 4.27520233e+02,
       5.78565598e-01, 5.43182678e+02, 2.96327240e+02, 3.25175822e-01,
       5.49065063e+02, 2.55212860e+02, 3.56461793e-01, 3.84474548e+02,
       2.27793625e+02, 1.58345401e-01, 0., 0., 0., 5.39246216e+02,
       3.37499756e+02, 3.25344503e-01, 3.70783173e+02, 3.55138245e+02,
       4.18885708e-01, 3.66827362e+02, 3.35461609e+02, 7.72641078e-02,
       9.01739746e+02, 2.72846405e+02, 7.94255853e-01, 9.05616516e+02,
       3.00232880e+02, 7.93318987e-01, 0., 0., 0., 8.86066711e+02,
       3.37459076e+02, 8.25248659e-01, 0., 0., 0., 0., 0., 0., 0., 0.,
       0., 0., 0., 0., 0., 0., 0., 0., 0., 0. ]
