%YAML:1.0
---
pose_0: !!opencv-matrix
   rows: 1
   cols: 25
   dt: "3f"
   data: [ 9.85948303e+02, 2.41502502e+02, 7.75871992e-01,
       8.54638855e+02, 2.74816864e+02, 6.23018801e-01, 8.38963989e+02,
       1.82724945e+02, 6.22811198e-01, 6.72513367e+02, 1.33742493e+02,
       7.21198142e-01, 7.17524658e+02, 1.92522705e+02, 7.99822390e-01,
       8.66426147e+02, 3.64853333e+02, 5.75136483e-01, 7.33189087e+02,
       4.88331238e+02, 6.61993623e-01, 7.74412354e+02, 3.49187378e+02,
       7.23918021e-01, 5.82368896e+02, 2.82608887e+02, 1.69334099e-01,
       5.72577820e+02, 2.31692001e+02, 2.96748012e-01, 4.11915833e+02,
       2.39543060e+02, 9.48656201e-02, 0., 0., 0., 5.80392883e+02,
       3.59026123e+02, 1.50745973e-01, 4.00167297e+02, 3.64844971e+02,
       1.15742810e-01, 9.06343384e+01, 3.66824310e+02, 1.50214821e-01,
       9.93690063e+02, 2.14110458e+02, 8.70662630e-01, 1.00360065e+03,
       2.59100525e+02, 8.04436386e-01, 9.60411743e+02, 1.94496857e+02,
       7.16650903e-01, 9.85960144e+02, 2.90433716e+02, 2.95801908e-01,
       0., 0., 0., 0., 0., 0., 0., 0., 0., 0., 0., 0., 0., 0., 0., 0.,
       0., 0. ]
