%YAML:1.0
---
pose_0: !!opencv-matrix
   rows: 1
   cols: 25
   dt: "3f"
   data: [ 8.82139221e+02, 2.90481293e+02, 8.35163057e-01,
       7.78240845e+02, 2.96311218e+02, 6.59263611e-01, 7.80203003e+02,
       2.16037140e+02, 6.88882589e-01, 6.58787781e+02, 1.61138840e+02,
       7.77569771e-01, 6.01862000e+02, 2.23876892e+02, 8.39373767e-01,
       7.74277771e+02, 3.68871857e+02, 6.42730415e-01, 6.82273560e+02,
       4.47246704e+02, 6.40597284e-01, 6.82302246e+02, 4.31538422e+02,
       7.62968063e-01, 5.41237488e+02, 3.13954834e+02, 3.54652584e-01,
       5.41210999e+02, 2.74743225e+02, 4.48323756e-01, 3.53175568e+02,
       3.19753113e+02, 5.29728413e-01, 1.51337967e+02, 3.21845764e+02,
       4.61889833e-01, 5.41240356e+02, 3.51233124e+02, 3.68973047e-01,
       3.55098114e+02, 3.68835754e+02, 2.76636571e-01, 1.51385300e+02,
       3.19877991e+02, 7.57719427e-02, 8.89945679e+02, 2.72832733e+02,
       8.50266576e-01, 8.91921448e+02, 3.06123779e+02, 7.99593568e-01,
       8.68335266e+02, 2.53246231e+02, 6.85935974e-01, 8.80135498e+02,
       3.21838318e+02, 2.27656335e-01, 0., 0., 0., 0., 0., 0., 0., 0.,
       0., 1.12169540e+02, 3.66878326e+02, 1.38328731e-01,
       1.10178909e+02, 3.55090088e+02, 1.28678113e-01, 1.31776260e+02,
       3.10034393e+02, 3.03336293e-01 ]
