%YAML:1.0
---
pose_0: !!opencv-matrix
   rows: 1
   cols: 25
   dt: "3f"
   data: [ 9.01690063e+02, 2.21853302e+02, 8.14279735e-01,
       7.95914185e+02, 2.39511795e+02, 7.10489750e-01, 7.80268921e+02,
       1.63053436e+02, 7.01709330e-01, 6.66549561e+02, 1.27804970e+02,
       7.26236284e-01, 5.60841553e+02, 1.31677597e+02, 7.73036122e-01,
       8.15499329e+02, 3.15924438e+02, 6.77547932e-01, 7.29391052e+02,
       4.02195099e+02, 8.17889690e-01, 7.29362244e+02, 2.88469116e+02,
       8.36100340e-01, 5.68641235e+02, 2.63015198e+02, 1.71857476e-01,
       5.66674927e+02, 2.10092743e+02, 2.52072871e-01, 3.84477386e+02,
       2.27761734e+02, 6.32153675e-02, 0., 0., 0., 5.90195923e+02,
       3.17888123e+02, 1.89157322e-01, 3.70785980e+02, 3.04207672e+02,
       1.85158014e-01, 0., 0., 0., 9.07600830e+02, 1.96506393e+02,
       8.27737808e-01, 9.17306152e+02, 2.31662827e+02, 7.99233377e-01,
       8.80147095e+02, 1.76827774e+02, 5.59460521e-01, 9.01777710e+02,
       2.55140915e+02, 3.37241024e-01, 0., 0., 0., 0., 0., 0., 0., 0.,
       0., 0., 0., 0., 0., 0., 0., 0., 0., 0. ]
