%YAML:1.0
---
pose_0: !!opencv-matrix
   rows: 1
   cols: 25
   dt: "3f"
   data: [ 8.68391052e+02, 3.33495178e+02, 5.49436212e-01,
       7.74332703e+02, 2.92430664e+02, 5.29448271e-01, 7.89995605e+02,
       2.27802109e+02, 6.74088657e-01, 7.62610107e+02, 2.68879150e+02,
       7.10455418e-01, 8.15534302e+02, 3.08070038e+02, 2.04793960e-01,
       7.58708374e+02, 3.47267822e+02, 4.84478623e-01, 7.11591797e+02,
       4.72665100e+02, 8.20142448e-01, 8.03732849e+02, 4.41296631e+02,
       7.98054993e-01, 5.25570679e+02, 3.02222260e+02, 3.25092345e-01,
       5.29470215e+02, 2.61039520e+02, 3.49749714e-01, 3.45314819e+02,
       2.31675003e+02, 4.80986357e-01, 1.94488052e+02, 1.78745026e+02,
       5.04826307e-01, 5.25595032e+02, 3.41377441e+02, 3.81674320e-01,
       3.35516693e+02, 3.84414886e+02, 5.63763380e-01, 1.59182480e+02,
       3.82487823e+02, 4.78077531e-01, 8.80131836e+02, 3.19872101e+02,
       5.58605254e-01, 8.86079163e+02, 3.39403351e+02, 2.75595039e-01,
       8.70336853e+02, 2.88421295e+02, 6.28892720e-01, 0., 0., 0.,
       1.19990562e+02, 4.31548981e+02, 2.39952311e-01, 1.21988251e+02,
       4.31487885e+02, 1.98386550e-01, 1.33773712e+02, 3.68779510e+02,
       4.23815131e-01, 0., 0., 0., 0., 0., 0., 1.84661224e+02,
       1.70919891e+02, 3.18433970e-01 ]
