%YAML:1.0
---
pose_0: !!opencv-matrix
   rows: 1
   cols: 25
   dt: "3f"
   data: [ 8.84061707e+02, 4.76477203e+02, 8.18505406e-01,
       8.05657837e+02, 4.80489380e+02, 7.16312945e-01, 8.13535767e+02,
       4.25609009e+02, 5.34679413e-01, 8.25324341e+02, 3.60959106e+02,
       8.02753150e-01, 8.54704346e+02, 4.29486481e+02, 8.30974042e-01,
       8.05630798e+02, 5.45125671e+02, 6.16052151e-01, 9.09552185e+02,
       6.13666931e+02, 7.60378182e-01, 9.13467712e+02, 5.29458801e+02,
       6.23926580e-01, 6.03920044e+02, 4.53044708e+02, 1.99052542e-01,
       6.07844360e+02, 4.21699036e+02, 2.10779145e-01, 5.21599731e+02,
       4.02149780e+02, 1.19163908e-01, 3.90348022e+02, 4.23668243e+02,
       6.97885156e-02, 5.86268127e+02, 5.02028046e+02, 1.16656885e-01,
       0., 0., 0., 0., 0., 0., 8.93858887e+02, 4.60898956e+02,
       8.20097923e-01, 8.99675659e+02, 4.92145264e+02, 8.07928324e-01,
       8.70349548e+02, 4.45260193e+02, 2.72943974e-01, 8.88003174e+02,
       5.21582520e+02, 4.51474875e-01, 0., 0., 0., 0., 0., 0., 0., 0.,
       0., 0., 0., 0., 0., 0., 0., 0., 0., 0. ]
