%YAML:1.0
---
pose_0: !!opencv-matrix
   rows: 1
   cols: 25
   dt: "3f"
   data: [ 9.03685730e+02, 3.66880554e+02, 7.93123126e-01,
       8.15484497e+02, 3.19837585e+02, 6.69507980e-01, 8.38948730e+02,
       2.68919403e+02, 6.61202788e-01, 7.44955261e+02, 1.88548050e+02,
       7.18540967e-01, 6.29407104e+02, 2.41370285e+02, 7.39354551e-01,
       7.90069214e+02, 3.66785675e+02, 5.76314747e-01, 6.95980347e+02,
       3.96182770e+02, 4.20617878e-01, 6.49034729e+02, 4.23667389e+02,
       6.24658227e-01, 6.19616516e+02, 3.19820801e+02, 2.46136308e-01,
       6.19569702e+02, 2.88505432e+02, 2.41800681e-01, 4.53051270e+02,
       3.23775635e+02, 5.62727563e-02, 3.47246826e+02, 3.76664581e+02,
       9.48623419e-02, 6.25464417e+02, 3.62951691e+02, 1.41872376e-01,
       2.59082977e+02, 3.47252686e+02, 5.41932024e-02, 1.43515030e+02,
       3.51124115e+02, 1.84741363e-01, 9.31008850e+02, 3.43360199e+02,
       6.94722533e-01, 9.23224792e+02, 3.78619751e+02, 7.42865264e-01,
       9.03702637e+02, 3.04208313e+02, 8.68369460e-01, 0., 0., 0., 0.,
       0., 0., 0., 0., 0., 8.86636200e+01, 3.53145020e+02,
       1.02627702e-01, 0., 0., 0., 0., 0., 0., 0., 0., 0. ]
