%YAML:1.0
---
pose_0: !!opencv-matrix
   rows: 1
   cols: 25
   dt: "3f"
   data: [ 8.89964417e+02, 4.11858459e+02, 7.74040580e-01,
       7.84122192e+02, 4.31487976e+02, 6.64406240e-01, 7.72369995e+02,
       3.55117340e+02, 7.23527491e-01, 6.66532959e+02, 2.96319214e+02,
       8.15640330e-01, 7.21447021e+02, 2.82648804e+02, 7.80798078e-01,
       7.90085327e+02, 4.96192566e+02, 6.46889031e-01, 6.76409912e+02,
       5.58826965e+02, 7.90377438e-01, 7.88015930e+02, 5.35345459e+02,
       7.79061437e-01, 5.37312073e+02, 4.66795502e+02, 3.60356092e-01,
       5.37294617e+02, 4.15884369e+02, 4.74061906e-01, 3.35539093e+02,
       3.92319733e+02, 4.78039086e-01, 1.76798019e+02, 3.64835815e+02,
       3.73288900e-01, 5.45147095e+02, 5.09894684e+02, 4.53389198e-01,
       3.78641235e+02, 5.09920288e+02, 4.49996769e-01, 0., 0., 0.,
       8.99677673e+02, 3.96254547e+02, 8.73615861e-01, 9.01779236e+02,
       4.29444611e+02, 7.71102428e-01, 8.70315308e+02, 3.82441071e+02,
       5.48024595e-01, 8.86037415e+02, 4.58857269e+02, 6.19150221e-01,
       0., 0., 0., 0., 0., 0., 0., 0., 0., 0., 0., 0., 0., 0., 0., 0.,
       0., 0. ]
