%YAML:1.0
---
pose_0: !!opencv-matrix
   rows: 1
   cols: 25
   dt: "3f"
   data: [ 9.15401489e+02, 3.64879913e+02, 8.31491172e-01,
       8.35071533e+02, 3.04122528e+02, 3.60718966e-01, 8.31135132e+02,
       2.94378784e+02, 6.00326180e-01, 7.29372925e+02, 2.64951691e+02,
       7.47241437e-01, 6.50921509e+02, 4.06055389e+02, 7.21555531e-01,
       8.40984985e+02, 3.06138824e+02, 2.32587308e-01, 0., 0., 0., 0.,
       0., 0., 5.58845398e+02, 2.96305176e+02, 2.34473288e-01,
       5.52967224e+02, 2.78703644e+02, 2.62559235e-01, 3.39438354e+02,
       3.51170319e+02, 1.22109309e-01, 1.43494064e+02, 3.43362427e+02,
       2.28253618e-01, 5.58858154e+02, 3.17854584e+02, 1.08551942e-01,
       3.64901550e+02, 3.86486572e+02, 1.50559679e-01, 1.43493011e+02,
       3.45306763e+02, 1.84764102e-01, 9.31018555e+02, 3.39431976e+02,
       8.17941427e-01, 9.31010742e+02, 3.66916962e+02, 6.86360478e-01,
       9.05620911e+02, 2.96350037e+02, 7.96891212e-01, 0., 0., 0., 0.,
       0., 0., 0., 0., 0., 1.02355309e+02, 3.39467743e+02,
       7.53835365e-02, 0., 0., 0., 0., 0., 0., 0., 0., 0. ]
