%YAML:1.0
---
pose_0: !!opencv-matrix
   rows: 1
   cols: 25
   dt: "3f"
   data: [ 8.25275330e+02, 3.90356323e+02, 1.04754411e-01,
       7.76327454e+02, 4.68742981e+02, 3.56979966e-01, 7.42991333e+02,
       4.19787140e+02, 4.19948220e-01, 6.17648987e+02, 4.27581757e+02,
       3.44287902e-01, 5.39244690e+02, 3.86510315e+02, 5.55023849e-01,
       8.19374573e+02, 5.07922241e+02, 3.43554765e-01, 0., 0., 0., 0.,
       0., 0., 5.52983704e+02, 4.96182709e+02, 2.00243026e-01,
       5.60820496e+02, 4.56974182e+02, 2.16104299e-01, 5.09895416e+02,
       4.11879395e+02, 2.20494032e-01, 3.76636108e+02, 3.92335999e+02,
       1.33593112e-01, 5.54906189e+02, 5.33383972e+02, 2.23067597e-01,
       5.09854279e+02, 4.15791321e+02, 1.02176286e-01, 3.82474976e+02,
       3.98187988e+02, 1.29391283e-01, 0., 0., 0., 8.52680054e+02,
       3.86457916e+02, 3.16123992e-01, 0., 0., 0., 8.80115845e+02,
       4.17845886e+02, 7.68367887e-01, 0., 0., 0., 0., 0., 0.,
       3.80546112e+02, 4.04079895e+02, 1.35766134e-01, 0., 0., 0., 0.,
       0., 0., 0., 0., 0. ]
