%YAML:1.0
---
pose_0: !!opencv-matrix
   rows: 1
   cols: 25
   dt: "3f"
   data: [ 9.03687439e+02, 3.00199371e+02, 7.73264170e-01,
       7.93926636e+02, 3.21844727e+02, 6.09983325e-01, 7.93976074e+02,
       2.57111908e+02, 6.71096206e-01, 6.80376709e+02, 2.12041138e+02,
       6.97455585e-01, 6.11747559e+02, 1.35698395e+02, 6.07359111e-01,
       7.92063965e+02, 3.96191895e+02, 6.74661458e-01, 6.88132935e+02,
       4.13796539e+02, 7.53801167e-01, 7.76252197e+02, 3.31582214e+02,
       7.42158771e-01, 5.74527893e+02, 3.06138275e+02, 2.31501862e-01,
       5.72548279e+02, 2.70854980e+02, 2.81073004e-01, 3.84441406e+02,
       2.72772583e+02, 9.68020037e-02, 3.82555023e+02, 2.68900391e+02,
       1.27279773e-01, 5.68635864e+02, 3.55088959e+02, 1.85605004e-01,
       3.74714203e+02, 3.66836334e+02, 1.54295489e-01, 0., 0., 0.,
       9.15334778e+02, 2.80649811e+02, 8.27065825e-01, 9.15468933e+02,
       3.13986969e+02, 8.13750803e-01, 8.93880798e+02, 2.70812378e+02,
       3.23930919e-01, 8.95785583e+02, 3.39501282e+02, 4.77008611e-01,
       0., 0., 0., 0., 0., 0., 0., 0., 0., 3.66836945e+02,
       2.96337738e+02, 5.03626056e-02, 3.66849731e+02, 2.92471497e+02,
       5.33358045e-02, 0., 0., 0. ]
