%YAML:1.0
---
pose_0: !!opencv-matrix
   rows: 1
   cols: 25
   dt: "3f"
   data: [ 9.58493652e+02, 2.57216614e+02, 7.85203278e-01,
       8.37113892e+02, 2.72802887e+02, 6.72629058e-01, 8.23307007e+02,
       1.80717422e+02, 6.99196935e-01, 6.95959412e+02, 1.39621429e+02,
       7.32770801e-01, 5.80369324e+02, 1.49377945e+02, 7.95303285e-01,
       8.52702393e+02, 3.64856293e+02, 6.41504228e-01, 7.31301819e+02,
       4.47276581e+02, 7.76435673e-01, 6.72504517e+02, 3.68877411e+02,
       7.63862073e-01, 5.60824768e+02, 2.86545441e+02, 1.77233115e-01,
       5.68634399e+02, 2.41489014e+02, 2.13042825e-01, 3.25720917e+02,
       2.76739807e+02, 1.90017954e-01, 0., 0., 0., 5.70610413e+02,
       3.41383667e+02, 1.30160719e-01, 3.68808350e+02, 3.59012421e+02,
       1.56617731e-01, 3.35539185e+02, 3.53181641e+02, 8.39964151e-02,
       9.64364868e+02, 2.37542404e+02, 8.43067169e-01, 9.74183044e+02,
       2.74759552e+02, 7.77275085e-01, 9.33078857e+02, 2.12067444e+02,
       5.63044608e-01, 9.58519714e+02, 3.04046906e+02, 2.64343679e-01,
       0., 0., 0., 0., 0., 0., 0., 0., 0., 0., 0., 0., 0., 0., 0., 0.,
       0., 0. ]
