%YAML:1.0
---
pose_0: !!opencv-matrix
   rows: 1
   cols: 25
   dt: "3f"
   data: [ 9.15343262e+02, 1.35709976e+02, 7.42710531e-01,
       8.05691223e+02, 1.55244202e+02, 6.69647813e-01, 7.92029602e+02,
       7.10832825e+01, 7.27512419e-01, 6.76386108e+02, 2.99184628e+01,
       6.84939981e-01, 6.17561523e+02, 4.16798706e+01, 7.40261137e-01,
       8.11625977e+02, 2.41396332e+02, 6.49692237e-01, 7.03821594e+02,
       2.92471405e+02, 7.36034036e-01, 5.72532288e+02, 3.35563812e+02,
       8.54657650e-01, 5.78444214e+02, 1.80727310e+02, 1.29634202e-01,
       5.54906982e+02, 1.35681900e+02, 8.95603672e-02, 4.94208801e+02,
       8.47589188e+01, 7.91335776e-02, 0., 0., 0., 5.92169922e+02,
       2.16003998e+02, 9.46426019e-02, 0., 0., 0., 0., 0., 0.,
       9.19361511e+02, 1.18152992e+02, 7.23492503e-01, 9.23261719e+02,
       1.55263367e+02, 7.38186657e-01, 8.99744263e+02, 9.65193100e+01,
       3.04052204e-01, 9.05663147e+02, 1.78866943e+02, 3.54938686e-01,
       0., 0., 0., 0., 0., 0., 0., 0., 0., 0., 0., 0., 0., 0., 0., 0.,
       0., 0. ]
