%YAML:1.0
---
pose_0: !!opencv-matrix
   rows: 1
   cols: 25
   dt: "3f"
   data: [ 9.01774841e+02, 3.10045776e+02, 7.99610317e-01,
       8.40954651e+02, 2.88440552e+02, 2.78469592e-01, 8.56625488e+02,
       2.43413834e+02, 1.98516831e-01, 9.72193787e+02, 2.39548569e+02,
       7.83745229e-01, 1.04074573e+03, 2.90457550e+02, 5.63419938e-01,
       7.86092041e+02, 3.39421967e+02, 1.63824379e-01, 6.80273254e+02,
       4.00110657e+02, 4.33233887e-01, 5.56881531e+02, 4.51132996e+02,
       2.74820119e-01, 6.54839478e+02, 2.90452209e+02, 5.96249588e-02,
       6.27429077e+02, 2.74793640e+02, 5.71953841e-02, 0., 0., 0., 0.,
       0., 0., 0., 0., 0., 0., 0., 0., 0., 0., 0., 9.15335876e+02,
       2.90510406e+02, 8.63553226e-01, 9.17390808e+02, 3.21739899e+02,
       8.36380482e-01, 9.03707825e+02, 2.70809875e+02, 4.82650310e-01,
       0., 0., 0., 0., 0., 0., 0., 0., 0., 0., 0., 0., 0., 0., 0., 0.,
       0., 0., 0., 0., 0. ]
