%YAML:1.0
---
pose_0: !!opencv-matrix
   rows: 1
   cols: 25
   dt: "3f"
   data: [ 9.30990112e+02, 1.94407837e+02, 8.23110580e-01,
       8.11596619e+02, 2.08153549e+02, 6.79446340e-01, 7.92066711e+02,
       1.25864227e+02, 6.28862321e-01, 6.78310181e+02, 7.49929504e+01,
       6.32302523e-01, 5.82333923e+02, 5.54289818e+01, 8.07984829e-01,
       8.29180237e+02, 2.86496124e+02, 6.48643613e-01, 7.62574341e+02,
       3.72771545e+02, 6.87781751e-01, 7.13595947e+02, 4.96191528e+02,
       6.86027646e-01, 5.70578430e+02, 2.64989044e+02, 2.87498266e-01,
       5.70601868e+02, 2.14048447e+02, 2.89975464e-01, 4.90277893e+02,
       1.92513596e+02, 6.49357289e-02, 0., 0., 0., 5.72547302e+02,
       3.06121033e+02, 2.98696816e-01, 3.70779572e+02, 3.57058472e+02,
       3.64712089e-01, 2.29710449e+02, 4.00189789e+02, 4.31587845e-01,
       9.34988647e+02, 1.68985001e+02, 8.18052769e-01, 9.42839783e+02,
       2.10057800e+02, 8.32278490e-01, 9.11461121e+02, 1.47373749e+02,
       6.03502750e-01, 9.19368103e+02, 2.27683731e+02, 3.36559504e-01,
       2.00328842e+02, 3.82554199e+02, 1.40451372e-01, 2.00354279e+02,
       3.94264374e+02, 1.57021239e-01, 2.12126587e+02, 4.02135925e+02,
       2.73106068e-01, 0., 0., 0., 0., 0., 0., 0., 0., 0. ]
