%YAML:1.0
---
pose_0: !!opencv-matrix
   rows: 1
   cols: 25
   dt: "3f"
   data: [ 8.76216797e+02, 2.41496765e+02, 6.77948296e-01,
       7.76334351e+02, 2.61093048e+02, 6.75534904e-01, 7.62564941e+02,
       2.10152145e+02, 6.54246449e-01, 7.64602234e+02, 1.16121017e+02,
       7.52449751e-01, 8.62522156e+02, 1.65056305e+02, 8.28516245e-01,
       7.84129761e+02, 3.08102173e+02, 4.59450364e-01, 8.23339661e+02,
       3.37464600e+02, 6.92399085e-01, 8.87977539e+02, 2.72856110e+02,
       5.25440276e-01, 5.41250305e+02, 3.04190765e+02, 3.19575012e-01,
       5.39298279e+02, 2.66947418e+02, 4.13763434e-01, 3.53083984e+02,
       2.86554443e+02, 6.52648628e-01, 1.63132492e+02, 3.02182220e+02,
       5.39883494e-01, 5.43213501e+02, 3.51149536e+02, 4.00938749e-01,
       3.76667511e+02, 3.86509186e+02, 6.49634838e-01, 2.43439072e+02,
       4.62877930e+02, 6.52286530e-01, 8.83978638e+02, 2.21881165e+02,
       6.89450622e-01, 8.91917236e+02, 2.45453079e+02, 6.21736526e-01,
       8.56628357e+02, 2.04264252e+02, 2.57101595e-01, 8.78212341e+02,
       2.68929077e+02, 2.29367882e-01, 2.23827408e+02, 4.80516144e+02,
       1.93858847e-01, 2.31691208e+02, 4.88349854e+02, 2.23056883e-01,
       2.25840332e+02, 4.64808655e+02, 4.18212295e-01, 1.31801575e+02,
       2.86530212e+02, 1.45395711e-01, 1.31762253e+02, 2.84588257e+02,
       1.77695394e-01, 1.49433960e+02, 3.06118073e+02, 3.52858841e-01 ]
