%YAML:1.0
---
pose_0: !!opencv-matrix
   rows: 1
   cols: 25
   dt: "3f"
   data: [ 9.25191711e+02, 1.80678558e+02, 7.61833012e-01,
       8.27266174e+02, 2.55132446e+02, 6.62370622e-01, 7.95889954e+02,
       1.98398438e+02, 5.54764569e-01, 7.23408386e+02, 1.92481750e+02,
       4.02911782e-01, 6.60685791e+02, 1.74850494e+02, 7.15519071e-01,
       8.52742493e+02, 3.06198090e+02, 6.65245652e-01, 7.44924622e+02,
       3.82429932e+02, 7.22743511e-01, 5.74539490e+02, 3.96201691e+02,
       7.00506151e-01, 5.49049072e+02, 2.86532623e+02, 1.44411236e-01,
       5.39245117e+02, 2.59076355e+02, 1.93446964e-01, 3.23776947e+02,
       2.90445038e+02, 1.28684923e-01, 8.86550827e+01, 3.76659668e+02,
       3.38012069e-01, 5.64716980e+02, 3.33551819e+02, 8.96325409e-02,
       3.12028809e+02, 3.02224518e+02, 1.38387412e-01, 8.47506866e+01,
       3.78592987e+02, 1.92029744e-01, 9.44745911e+02, 1.78674881e+02,
       4.96497810e-01, 9.48772217e+02, 2.00311218e+02, 8.26533794e-01,
       0., 0., 0., 9.36986084e+02, 2.49314224e+02, 7.52934933e-01,
       4.36407585e+01, 4.02124817e+02, 1.05110362e-01, 5.73296585e+01,
       4.08008514e+02, 1.40568748e-01, 5.72980576e+01, 3.90378815e+02,
       1.17041700e-01, 5.33649521e+01, 4.02157257e+02, 1.82591185e-01,
       5.33599968e+01, 3.96251923e+02, 1.73970193e-01, 7.30196991e+01,
       3.90354584e+02, 1.79179326e-01 ]
