%YAML:1.0
---
pose_0: !!opencv-matrix
   rows: 1
   cols: 25
   dt: "3f"
   data: [ 8.91902527e+02, 4.00262360e+02, 7.36256003e-01,
       7.94017517e+02, 3.88421509e+02, 6.67385161e-01, 7.93933105e+02,
       3.13975800e+02, 6.51573598e-01, 6.62682739e+02, 2.72803070e+02,
       7.70793676e-01, 5.39256897e+02, 2.59106720e+02, 8.16374421e-01,
       7.93986084e+02, 4.60891907e+02, 6.19824648e-01, 6.82288391e+02,
       5.35320435e+02, 7.76490927e-01, 7.43017273e+02, 5.25496887e+02,
       7.05944479e-01, 5.39264526e+02, 3.72734161e+02, 2.74948150e-01,
       5.52987793e+02, 3.33569794e+02, 3.42925698e-01, 3.35512543e+02,
       3.43336914e+02, 3.60828459e-01, 0., 0., 0., 5.25560303e+02,
       4.23668304e+02, 2.80511081e-01, 3.68823425e+02, 4.78531128e+02,
       1.92728415e-01, 1.72909561e+02, 5.27534363e+02, 2.35661596e-01,
       9.09517944e+02, 3.82566162e+02, 7.89436638e-01, 9.09521240e+02,
       4.15906006e+02, 7.67909050e-01, 8.86098450e+02, 3.55114716e+02,
       6.49783313e-01, 8.97806213e+02, 4.35394287e+02, 7.73351267e-02,
       1.02381493e+02, 5.66692810e+02, 1.39526650e-01, 0., 0., 0., 0.,
       0., 0., 0., 0., 0., 0., 0., 0., 0., 0., 0. ]
