%YAML:1.0
---
pose_0: !!opencv-matrix
   rows: 1
   cols: 25
   dt: "3f"
   data: [ 9.66388672e+02, 3.06164551e+02, 7.05614507e-01,
       8.50747009e+02, 3.21810028e+02, 5.77175379e-01, 8.37040527e+02,
       2.31655853e+02, 6.02389574e-01, 6.78376648e+02, 1.67075211e+02,
       7.40995288e-01, 7.41025024e+02, 2.25752991e+02, 7.86104023e-01,
       8.56644409e+02, 4.11880005e+02, 5.54723382e-01, 7.07706360e+02,
       5.03947235e+02, 7.13988006e-01, 7.62640991e+02, 4.25609344e+02,
       7.82948077e-01, 5.78436890e+02, 3.37463470e+02, 1.48492128e-01,
       5.68646667e+02, 2.88467499e+02, 2.58562207e-01, 4.17794708e+02,
       2.74775696e+02, 6.68009818e-02, 0., 0., 0., 5.84314575e+02,
       4.00167572e+02, 1.12558492e-01, 3.35525574e+02, 3.92343109e+02,
       6.30172864e-02, 0., 0., 0., 9.80123169e+02, 2.88441528e+02,
       8.77628207e-01, 9.85979065e+02, 3.27688141e+02, 7.53074944e-01,
       9.54612000e+02, 2.53233643e+02, 5.32288134e-01, 9.66372498e+02,
       3.51174530e+02, 9.10223126e-02, 0., 0., 0., 0., 0., 0., 0., 0.,
       0., 0., 0., 0., 0., 0., 0., 0., 0., 0. ]
