%YAML:1.0
---
pose_0: !!opencv-matrix
   rows: 1
   cols: 25
   dt: "3f"
   data: [ 8.91912476e+02, 4.31533417e+02, 7.94732273e-01,
       7.82189880e+02, 4.41259644e+02, 6.84592307e-01, 7.78272034e+02,
       3.74723450e+02, 6.74702704e-01, 6.70558960e+02, 3.35572968e+02,
       7.71696270e-01, 7.88006104e+02, 3.33547546e+02, 7.93142140e-01,
       7.84168945e+02, 5.05972565e+02, 6.12722754e-01, 7.41055176e+02,
       6.09767883e+02, 7.26819694e-01, 8.39000122e+02, 5.50972046e+02,
       7.11261690e-01, 5.78426025e+02, 4.58917297e+02, 2.70762563e-01,
       5.60817749e+02, 4.11895203e+02, 3.93786132e-01, 3.82503418e+02,
       4.21693085e+02, 2.04663590e-01, 0., 0., 0., 6.01946716e+02,
       5.03987305e+02, 2.44342372e-01, 0., 0., 0., 0., 0., 0.,
       9.01635376e+02, 4.15768524e+02, 8.77173066e-01, 9.01646484e+02,
       4.45265442e+02, 7.63011932e-01, 8.70386169e+02, 3.88400818e+02,
       7.54008055e-01, 8.78168701e+02, 4.62895538e+02, 1.89607844e-01,
       0., 0., 0., 0., 0., 0., 0., 0., 0., 0., 0., 0., 0., 0., 0., 0.,
       0., 0. ]
