%YAML:1.0
---
pose_0: !!opencv-matrix
   rows: 1
   cols: 25
   dt: "3f"
   data: [ 9.09552002e+02, 2.10023102e+02, 8.21577787e-01,
       7.91936584e+02, 2.14097473e+02, 6.90862358e-01, 7.80245361e+02,
       1.31778534e+02, 6.77872956e-01, 6.64611328e+02, 1.00403671e+02,
       7.89547384e-01, 5.86292297e+02, 1.14151306e+02, 6.82732344e-01,
       7.92051025e+02, 3.02144379e+02, 6.66329980e-01, 6.82316772e+02,
       3.25732880e+02, 6.08722091e-01, 5.62778870e+02, 3.39420654e+02,
       3.51249009e-01, 5.74529053e+02, 2.12082703e+02, 1.52241617e-01,
       5.54905762e+02, 1.76835648e+02, 1.52751371e-01, 0., 0., 0., 0.,
       0., 0., 5.84313843e+02, 2.66947388e+02, 1.31492287e-01,
       5.33366333e+02, 3.19855499e+02, 7.63127804e-02, 4.94238525e+02,
       2.86540131e+02, 7.57084861e-02, 9.11498779e+02, 1.84668030e+02,
       8.20928156e-01, 9.29052124e+02, 2.12101196e+02, 7.85272598e-01,
       8.76210083e+02, 1.67000290e+02, 6.79379106e-01, 9.07576050e+02,
       2.35618942e+02, 2.56842375e-01, 0., 0., 0., 0., 0., 0., 0., 0.,
       0., 0., 0., 0., 0., 0., 0., 0., 0., 0. ]
