%YAML:1.0
---
pose_0: !!opencv-matrix
   rows: 1
   cols: 25
   dt: "3f"
   data: [ 8.97731812e+02, 3.74669373e+02, 7.30777502e-01,
       7.93993530e+02, 3.45316132e+02, 6.60102010e-01, 8.09623840e+02,
       2.68927032e+02, 6.81708694e-01, 6.80280640e+02, 2.10194595e+02,
       8.34745407e-01, 5.76462830e+02, 2.25846039e+02, 8.27950180e-01,
       7.78265808e+02, 4.17803314e+02, 6.00989938e-01, 6.66580078e+02,
       4.76558502e+02, 8.43286693e-01, 7.60623962e+02, 4.96196625e+02,
       8.06755900e-01, 5.82359314e+02, 3.47279907e+02, 2.40677491e-01,
       5.84302795e+02, 3.04119446e+02, 3.10386598e-01, 3.62942780e+02,
       3.35546112e+02, 3.19971859e-01, 2.08141785e+02, 3.21804749e+02,
       1.96947023e-01, 5.78437744e+02, 4.00164886e+02, 2.45827600e-01,
       4.60879608e+02, 4.31552612e+02, 1.29111364e-01, 1.78745789e+02,
       5.23556580e+02, 1.83753923e-01, 9.11499329e+02, 3.51099884e+02,
       7.48578668e-01, 9.13424377e+02, 3.86493256e+02, 7.66164005e-01,
       8.95787659e+02, 3.21727203e+02, 6.57758892e-01, 0., 0., 0., 0.,
       0., 0., 0., 0., 0., 1.49429993e+02, 5.11880127e+02,
       1.11976042e-01, 1.49436172e+02, 3.12010315e+02, 8.01161975e-02,
       0., 0., 0., 0., 0., 0. ]
