%YAML:1.0
---
pose_0: !!opencv-matrix
   rows: 1
   cols: 25
   dt: "3f"
   data: [ 8.66431702e+02, 9.84747467e+01, 7.89750218e-01,
       7.60576172e+02, 9.65224304e+01, 7.04510629e-01, 7.45024597e+02,
       2.40510616e+01, 6.87902153e-01, 6.86201233e+02, 5.34954357e+00,
       1.37187406e-01, 0., 0., 0., 7.66516541e+02, 1.67013580e+02,
       6.03190064e-01, 6.88186462e+02, 2.57228882e+02, 8.01162124e-01,
       7.43080383e+02, 3.08136261e+02, 8.65305841e-01, 5.31409424e+02,
       1.14130867e+02, 2.69840121e-01, 5.31408203e+02, 6.90748749e+01,
       2.65129417e-01, 3.78605530e+02, 8.47618790e+01, 8.14800411e-02,
       0., 0., 0., 5.31422119e+02, 1.59163803e+02, 3.78597438e-01,
       3.57059845e+02, 1.65039856e+02, 3.67577761e-01, 1.80729523e+02,
       1.84639359e+02, 2.00809732e-01, 8.80156494e+02, 7.49835663e+01,
       7.54399419e-01, 8.74300781e+02, 1.12136086e+02, 7.55755305e-01,
       8.52693176e+02, 4.55450592e+01, 7.68128455e-01, 8.56622070e+02,
       1.23978043e+02, 1.59226134e-01, 0., 0., 0., 0., 0., 0.,
       1.49388947e+02, 1.78758774e+02, 8.71224999e-02, 0., 0., 0., 0.,
       0., 0., 0., 0., 0. ]
