%YAML:1.0
---
pose_0: !!opencv-matrix
   rows: 1
   cols: 25
   dt: "3f"
   data: [ 8.93846436e+02, 4.00107727e+02, 8.34553361e-01,
       7.90041443e+02, 4.29515320e+02, 7.51925051e-01, 7.66512634e+02,
       3.64841370e+02, 6.89515233e-01, 6.49046631e+02, 3.41437714e+02,
       7.91241229e-01, 6.64598694e+02, 3.19761139e+02, 8.03407907e-01,
       8.07687439e+02, 4.96160187e+02, 6.06006801e-01, 6.82222839e+02,
       5.66702942e+02, 7.82702386e-01, 7.60609985e+02, 5.11871765e+02,
       8.41902792e-01, 5.27508057e+02, 4.31546631e+02, 2.74755806e-01,
       5.39246094e+02, 3.94294220e+02, 4.36515242e-01, 3.35530701e+02,
       3.84481506e+02, 3.88418287e-01, 0., 0., 0., 5.13805054e+02,
       4.78513489e+02, 2.54133314e-01, 3.68809265e+02, 4.76616119e+02,
       1.56315014e-01, 1.80736526e+02, 5.25614685e+02, 1.42706171e-01,
       8.99701233e+02, 3.84550018e+02, 9.01911080e-01, 9.07588257e+02,
       4.15825134e+02, 7.84078181e-01, 8.68392334e+02, 3.70839600e+02,
       6.44006014e-01, 8.88023743e+02, 4.45225891e+02, 6.39586091e-01,
       1.18042122e+02, 5.54919067e+02, 1.30455270e-01, 1.31717422e+02,
       5.58826233e+02, 1.44659698e-01, 0., 0., 0., 0., 0., 0., 0., 0.,
       0., 0., 0., 0. ]
