%YAML:1.0
---
pose_0: !!opencv-matrix
   rows: 1
   cols: 25
   dt: "3f"
   data: [ 8.68413269e+02, 2.66930206e+02, 8.08302402e-01,
       7.60642334e+02, 3.00201538e+02, 7.48766124e-01, 7.31253845e+02,
       2.43439362e+02, 7.04906642e-01, 6.25440857e+02, 2.39462845e+02,
       4.53783572e-01, 5.27491516e+02, 2.06165207e+02, 5.54954171e-01,
       7.91967590e+02, 3.59020752e+02, 6.60452008e-01, 8.19450745e+02,
       4.80454285e+02, 7.25662529e-01, 8.85958801e+02, 5.37234314e+02,
       6.44464970e-01, 5.21592712e+02, 3.47274323e+02, 2.80523986e-01,
       5.19669250e+02, 3.06156097e+02, 2.73581833e-01, 3.27666321e+02,
       2.64977570e+02, 1.66819632e-01, 0., 0., 0., 5.27528687e+02,
       3.90356201e+02, 2.49057323e-01, 3.55136902e+02, 4.88325287e+02,
       2.60839641e-01, 2.27798447e+02, 5.88256653e+02, 2.79871702e-01,
       8.74238647e+02, 2.57043793e+02, 8.12486887e-01, 8.76252563e+02,
       2.80681152e+02, 7.85462141e-01, 8.52747375e+02, 2.43437103e+02,
       3.09775680e-01, 8.62519287e+02, 3.06204956e+02, 6.58627689e-01,
       2.00358871e+02, 5.80388245e+02, 5.39484285e-02, 2.02314987e+02,
       5.84262817e+02, 1.00844190e-01, 2.19924072e+02, 5.96081604e+02,
       1.69809386e-01, 0., 0., 0., 0., 0., 0., 0., 0., 0. ]
