%YAML:1.0
---
pose_0: !!opencv-matrix
   rows: 1
   cols: 25
   dt: "3f"
   data: [ 9.29099365e+02, 3.15947540e+02, 7.79453814e-01,
       8.35017212e+02, 3.23747528e+02, 6.84910953e-01, 8.23280640e+02,
       2.55185303e+02, 7.08761871e-01, 7.76366638e+02, 2.17962601e+02,
       4.39249128e-01, 7.29373291e+02, 1.82726761e+02, 7.79406786e-01,
       8.50714783e+02, 4.00171204e+02, 6.10175550e-01, 7.42976807e+02,
       4.78472321e+02, 7.58356273e-01, 6.05926147e+02, 5.07863403e+02,
       8.11351299e-01, 5.98027588e+02, 3.35507904e+02, 1.49211004e-01,
       5.96064270e+02, 2.94363800e+02, 1.95970267e-01, 5.23607239e+02,
       2.86506500e+02, 1.06066830e-01, 3.92342712e+02, 3.08068359e+02,
       2.98673123e-01, 5.90198486e+02, 3.84485443e+02, 1.31068856e-01,
       0., 0., 0., 0., 0., 0., 9.31158875e+02, 2.92443054e+02,
       8.59611273e-01, 9.44771912e+02, 3.27672607e+02, 8.08541536e-01,
       9.11514954e+02, 2.72806854e+02, 6.43866718e-01, 9.33095459e+02,
       3.51220581e+02, 5.64176917e-01, 0., 0., 0., 0., 0., 0., 0., 0.,
       0., 0., 0., 0., 0., 0., 0., 0., 0., 0. ]
