%YAML:1.0
---
pose_0: !!opencv-matrix
   rows: 1
   cols: 25
   dt: "3f"
   data: [ 8.54666504e+02, 3.55104950e+02, 7.89593339e-01,
       7.72396301e+02, 3.17906494e+02, 4.93283242e-01, 7.76390564e+02,
       2.76716858e+02, 6.54465139e-01, 6.76398804e+02, 2.43415482e+02,
       7.21156418e-01, 5.99986816e+02, 3.82579041e+02, 2.67133325e-01,
       7.48904541e+02, 3.53159607e+02, 2.06353903e-01, 0., 0., 0., 0.,
       0., 0., 5.02046417e+02, 3.13938049e+02, 1.41592607e-01,
       5.09858215e+02, 2.90444458e+02, 1.85232267e-01, 3.25718170e+02,
       3.96181091e+02, 5.37705839e-01, 1.16091484e+02, 3.53132416e+02,
       3.16808164e-01, 5.07895447e+02, 3.33543060e+02, 9.04800370e-02,
       3.33540070e+02, 3.84531067e+02, 7.97924399e-02, 1.35706345e+02,
       3.08130402e+02, 2.80384123e-01, 8.70296692e+02, 3.35462067e+02,
       7.58138597e-01, 8.70409485e+02, 3.68740540e+02, 8.19409013e-01,
       8.50759521e+02, 2.98311127e+02, 6.98773146e-01, 0., 0., 0.,
       1.19996437e+02, 2.74777039e+02, 1.61791489e-01, 1.18091370e+02,
       2.84596710e+02, 1.71679720e-01, 1.29773254e+02, 2.92451538e+02,
       2.16525465e-01, 1.33743530e+02, 4.02125671e+02, 1.50337487e-01,
       1.29829437e+02, 3.98188080e+02, 1.36679620e-01, 0., 0., 0. ]
