%YAML:1.0
---
pose_0: !!opencv-matrix
   rows: 1
   cols: 25
   dt: "3f"
   data: [ 9.48650330e+02, 3.21794861e+02, 8.14186037e-01,
       8.35076050e+02, 3.51139191e+02, 6.42941773e-01, 8.13560425e+02,
       2.76746796e+02, 6.77594364e-01, 6.95989197e+02, 2.57167969e+02,
       6.98382795e-01, 5.97990967e+02, 2.29753983e+02, 8.05260003e-01,
       8.52690247e+02, 4.21713501e+02, 6.29410923e-01, 7.45022034e+02,
       4.82438324e+02, 7.16761112e-01, 6.48982422e+02, 4.51119690e+02,
       8.11659217e-01, 5.94105103e+02, 3.60959839e+02, 2.43885681e-01,
       5.92171814e+02, 3.17856720e+02, 3.28389913e-01, 5.17694214e+02,
       2.76776642e+02, 9.15510654e-02, 3.51220245e+02, 3.08059387e+02,
       1.71911150e-01, 6.01927795e+02, 4.15857788e+02, 1.75570846e-01,
       4.43255524e+02, 3.90363861e+02, 7.10918978e-02, 2.10122299e+02,
       4.49136597e+02, 6.95561394e-02, 9.58523193e+02, 3.04245514e+02,
       8.45928073e-01, 9.64390930e+02, 3.39391541e+02, 8.66391778e-01,
       9.29106873e+02, 2.90451050e+02, 2.20647693e-01, 9.46725342e+02,
       3.76680969e+02, 4.33950305e-01, 0., 0., 0., 0., 0., 0., 0., 0.,
       0., 0., 0., 0., 0., 0., 0., 0., 0., 0. ]
