%YAML:1.0
---
pose_0: !!opencv-matrix
   rows: 1
   cols: 25
   dt: "3f"
   data: [ 8.80097595e+02, 4.13900879e+02, 7.99570203e-01,
       7.93930542e+02, 4.60921875e+02, 7.43690252e-01, 7.62578979e+02,
       4.19776733e+02, 6.42056644e-01, 6.23489929e+02, 4.00241486e+02,
       6.06114328e-01, 5.76453369e+02, 3.55137207e+02, 7.84647703e-01,
       8.23316772e+02, 5.02011658e+02, 6.62786007e-01, 7.64565796e+02,
       4.74575684e+02, 5.62293947e-01, 6.70565125e+02, 3.39424652e+02,
       7.68554628e-01, 5.41189270e+02, 4.92215271e+02, 3.01609665e-01,
       5.37302368e+02, 4.51137085e+02, 4.79654372e-01, 3.74705170e+02,
       4.27598511e+02, 3.39839667e-01, 3.62920044e+02, 4.29468079e+02,
       6.33206442e-02, 5.41253906e+02, 5.33383911e+02, 2.75896579e-01,
       3.66831909e+02, 5.84324097e+02, 3.95080447e-01, 2.12123993e+02,
       6.52927856e+02, 1.18529081e-01, 8.84062317e+02, 4.02126099e+02,
       8.61132562e-01, 8.91884399e+02, 4.29536835e+02, 8.29269648e-01,
       8.60548523e+02, 3.98171906e+02, 2.34358698e-01, 8.84145142e+02,
       4.60871460e+02, 7.56640792e-01, 0., 0., 0., 0., 0., 0., 0., 0.,
       0., 0., 0., 0., 0., 0., 0., 0., 0., 0. ]
