%YAML:1.0
---
pose_0: !!opencv-matrix
   rows: 1
   cols: 25
   dt: "3f"
   data: [ 8.86024048e+02, 3.35465485e+02, 8.81499529e-01,
       7.92007446e+02, 3.31568878e+02, 6.43186450e-01, 8.05726624e+02,
       2.57119568e+02, 6.04570746e-01, 8.84077576e+02, 1.76804016e+02,
       2.55511880e-01, 9.68318481e+02, 1.49399002e+02, 7.77716637e-02,
       7.78241455e+02, 4.00189026e+02, 5.73787570e-01, 6.97919739e+02,
       4.60896332e+02, 7.76189744e-01, 5.86310120e+02, 5.23571228e+02,
       6.43638074e-01, 5.56877625e+02, 3.35527191e+02, 1.89890400e-01,
       5.62757080e+02, 2.88448578e+02, 2.48760208e-01, 3.68796539e+02,
       2.59121796e+02, 3.10935974e-01, 0., 0., 0., 5.58849365e+02,
       3.86447968e+02, 2.11028814e-01, 3.51204742e+02, 4.60886444e+02,
       2.05911726e-01, 1.86642853e+02, 5.17700745e+02, 3.14123183e-01,
       8.93829407e+02, 3.11992706e+02, 7.69936800e-01, 8.99773315e+02,
       3.43322083e+02, 8.41834068e-01, 8.68383057e+02, 2.86507324e+02,
       5.21930099e-01, 8.86089050e+02, 3.62889191e+02, 1.49584040e-01,
       1.47380005e+02, 5.66680481e+02, 6.76667616e-02, 1.51408676e+02,
       5.70585632e+02, 7.33454376e-02, 1.65025085e+02, 5.11829620e+02,
       2.13313952e-01, 0., 0., 0., 0., 0., 0., 0., 0., 0. ]
