%YAML:1.0
---
pose_0: !!opencv-matrix
   rows: 1
   cols: 25
   dt: "3f"
   data: [ 8.84071472e+02, 2.12143997e+02, 8.16654861e-01,
       8.25321350e+02, 2.86562408e+02, 5.19745529e-01, 8.44898499e+02,
       3.02158661e+02, 3.88224483e-01, 7.17562805e+02, 2.68920441e+02,
       1.29480794e-01, 0., 0., 0., 8.33113525e+02, 2.84574402e+02,
       3.53902757e-01, 7.11702759e+02, 2.41415955e+02, 7.01274693e-01,
       5.92185791e+02, 1.69030655e+02, 7.41454184e-01, 6.01934875e+02,
       3.19804413e+02, 2.25414664e-01, 5.76481934e+02, 2.82598145e+02,
       1.79973945e-01, 3.21787262e+02, 2.41517075e+02, 3.08836073e-01,
       8.86893616e+01, 3.68800140e+02, 2.87984103e-01, 6.17622131e+02,
       3.57082123e+02, 2.95851886e-01, 3.37480835e+02, 2.84589447e+02,
       3.09220999e-01, 8.27745743e+01, 3.74686798e+02, 2.37436309e-01,
       8.93898193e+02, 1.98414871e+02, 7.68790901e-01, 9.09558716e+02,
       2.27711807e+02, 8.43623757e-01, 0., 0., 0., 9.03724365e+02,
       2.76795715e+02, 7.74459302e-01, 3.97322006e+01, 3.84527100e+02,
       5.45809455e-02, 4.36306038e+01, 3.92337769e+02, 7.08375499e-02,
       5.73085594e+01, 3.90352661e+02, 1.80781975e-01, 4.36231995e+01,
       3.80581024e+02, 5.74269779e-02, 0., 0., 0., 9.06147308e+01,
       3.84513367e+02, 1.49803460e-01 ]
