%YAML:1.0
---
pose_0: !!opencv-matrix
   rows: 1
   cols: 25
   dt: "3f"
   data: [ 8.38956360e+02, 9.84411316e+01, 5.89848459e-01,
       7.70432129e+02, 1.16128265e+02, 4.28853095e-01, 7.91977600e+02,
       5.73134613e+01, 1.76555276e-01, 0., 0., 0., 0., 0., 0.,
       7.52799133e+02, 1.72880157e+02, 4.27007198e-01, 8.38937622e+02,
       1.80827728e+02, 7.99767613e-01, 8.70379700e+02, 8.48207474e+01,
       7.91063428e-01, 0., 0., 0., 0., 0., 0., 0., 0., 0., 0., 0., 0.,
       0., 0., 0., 0., 0., 0., 0., 0., 0., 8.44881042e+02,
       7.49784241e+01, 4.90062773e-01, 8.48794739e+02, 1.12169426e+02,
       3.87825578e-01, 8.23403015e+02, 6.51548080e+01, 6.39113635e-02,
       8.31193298e+02, 1.31740936e+02, 4.52573687e-01, 0., 0., 0., 0.,
       0., 0., 0., 0., 0., 0., 0., 0., 0., 0., 0., 0., 0., 0. ]
