%YAML:1.0
---
pose_0: !!opencv-matrix
   rows: 1
   cols: 25
   dt: "3f"
   data: [ 9.11511169e+02, 2.59172211e+02, 8.05589736e-01,
       7.99821777e+02, 2.90404297e+02, 6.65105104e-01, 7.84179565e+02,
       2.12094223e+02, 7.24066794e-01, 6.58746521e+02, 1.94458847e+02,
       7.73250699e-01, 5.45177246e+02, 1.82688324e+02, 7.71547616e-01,
       8.09603943e+02, 3.66823761e+02, 6.31347895e-01, 7.01862366e+02,
       4.02101563e+02, 4.22324419e-01, 5.45126770e+02, 4.06024353e+02,
       2.56462723e-01, 5.43191284e+02, 2.90439545e+02, 2.66964227e-01,
       5.43210327e+02, 2.53233978e+02, 3.56909066e-01, 3.31594391e+02,
       2.90488007e+02, 4.50378299e-01, 1.78808533e+02, 3.27665955e+02,
       9.54182819e-02, 5.43176819e+02, 3.33523376e+02, 1.81190029e-01,
       4.56965485e+02, 3.90380035e+02, 6.29485250e-02, 1.20031433e+02,
       2.98280396e+02, 2.63966739e-01, 9.15313599e+02, 2.41540192e+02,
       8.94925714e-01, 9.27125427e+02, 2.74775604e+02, 7.87385881e-01,
       8.80120422e+02, 2.25874908e+02, 5.91787815e-01, 9.05614624e+02,
       3.04146637e+02, 3.85726333e-01, 0., 0., 0., 0., 0., 0.,
       1.02349709e+02, 3.02192291e+02, 1.85058534e-01, 1.55252975e+02,
       3.39426239e+02, 1.18925437e-01, 0., 0., 0., 0., 0., 0. ]
