%YAML:1.0
---
pose_0: !!opencv-matrix
   rows: 1
   cols: 25
   dt: "3f"
   data: [ 8.70422974e+02, 4.41268951e+02, 8.30467880e-01,
       7.76323792e+02, 4.11875183e+02, 7.33005583e-01, 7.60599548e+02,
       3.43319061e+02, 6.66406453e-01, 6.93997375e+02, 2.59076538e+02,
       8.12458992e-01, 7.88030762e+02, 2.43466171e+02, 8.19917262e-01,
       7.91963318e+02, 4.76575378e+02, 6.52011752e-01, 7.70453186e+02,
       6.01960510e+02, 7.29207516e-01, 7.82200806e+02, 7.15608276e+02,
       5.87354124e-01, 5.54952026e+02, 4.35432587e+02, 2.47049615e-01,
       5.52980713e+02, 3.98160553e+02, 3.06108892e-01, 3.94293610e+02,
       4.02103943e+02, 2.15638876e-01, 2.04249283e+02, 4.08030334e+02,
       1.16331689e-01, 5.56927002e+02, 4.86344818e+02, 2.25109130e-01,
       4.19752502e+02, 5.03967682e+02, 5.87814674e-02, 3.68835938e+02,
       5.02043304e+02, 7.46670738e-02, 8.83996765e+02, 4.15858246e+02,
       8.68206561e-01, 8.86104431e+02, 4.39361298e+02, 3.97665113e-01,
       8.56691589e+02, 3.78596893e+02, 8.16110015e-01, 0., 0., 0., 0.,
       0., 0., 0., 0., 0., 3.68790802e+02, 5.05925629e+02,
       5.20417280e-02, 0., 0., 0., 0., 0., 0., 0., 0., 0. ]
