%YAML:1.0
---
pose_0: !!opencv-matrix
   rows: 1
   cols: 25
   dt: "3f"
   data: [ 1.08388831e+03, 2.55125580e+02, 6.58348382e-01,
       9.42825745e+02, 2.57106110e+02, 4.90718246e-01, 9.29097961e+02,
       1.49361115e+02, 5.29628515e-01, 7.72416809e+02, 9.25878677e+01,
       5.41355848e-01, 6.19559753e+02, 9.06428452e+01, 7.65819073e-01,
       9.48719482e+02, 3.57036530e+02, 5.42618513e-01, 8.09603394e+02,
       4.60882660e+02, 7.39833713e-01, 7.21462036e+02, 3.98145447e+02,
       6.45885110e-01, 6.11744019e+02, 2.16027039e+02, 7.13457316e-02,
       5.99977966e+02, 1.82717880e+02, 1.40041366e-01, 3.66792053e+02,
       2.12088577e+02, 1.75093755e-01, 0., 0., 0., 0., 0., 0., 0., 0.,
       0., 0., 0., 0., 1.09955444e+03, 2.25764313e+02, 7.69175947e-01,
       1.09957214e+03, 2.74697449e+02, 7.17003286e-01, 1.05649536e+03,
       1.82680176e+02, 5.15609741e-01, 1.06432043e+03, 3.04067261e+02,
       1.22112535e-01, 0., 0., 0., 0., 0., 0., 0., 0., 0., 0., 0., 0.,
       0., 0., 0., 0., 0., 0. ]
