%YAML:1.0
---
pose_0: !!opencv-matrix
   rows: 1
   cols: 25
   dt: "3f"
   data: [ 9.64392090e+02, 2.33619949e+02, 7.90739536e-01,
       8.40997131e+02, 2.57165253e+02, 6.25606120e-01, 8.27260498e+02,
       1.76811218e+02, 5.75328469e-01, 7.70421814e+02, 1.63067139e+02,
       3.40821803e-01, 7.03804138e+02, 1.45432510e+02, 6.66642249e-01,
       8.58564575e+02, 3.41359680e+02, 5.79264164e-01, 7.72333313e+02,
       4.60850372e+02, 7.95711756e-01, 8.31143433e+02, 3.35510376e+02,
       7.49630094e-01, 6.15631165e+02, 2.51271210e+02, 1.43071264e-01,
       5.90210022e+02, 2.43425095e+02, 9.69221443e-02, 0., 0., 0., 0.,
       0., 0., 6.29369873e+02, 2.98273987e+02, 7.86571726e-02, 0., 0.,
       0., 0., 0., 0., 9.72212280e+02, 2.10018738e+02, 8.21559787e-01,
       9.80112793e+02, 2.45462967e+02, 8.22474360e-01, 9.38910522e+02,
       1.82718338e+02, 6.01215720e-01, 9.62434998e+02, 2.74693024e+02,
       1.70261905e-01, 0., 0., 0., 0., 0., 0., 0., 0., 0., 0., 0., 0.,
       0., 0., 0., 0., 0., 0. ]
