%YAML:1.0
---
pose_0: !!opencv-matrix
   rows: 1
   cols: 25
   dt: "3f"
   data: [ 8.95768311e+02, 1.78858292e+02, 7.88831115e-01,
       8.15493347e+02, 2.06211288e+02, 6.47747636e-01, 8.09593933e+02,
       1.39590698e+02, 4.49748665e-01, 8.19423950e+02, 9.45372009e+01,
       2.88722694e-01, 8.29235291e+02, 8.67007828e+01, 1.77038997e-01,
       8.27277405e+02, 2.61126587e+02, 5.51405013e-01, 9.27119324e+02,
       2.76788391e+02, 7.94525385e-01, 9.60462463e+02, 1.94452209e+02,
       5.20573020e-01, 5.88231323e+02, 1.96416382e+02, 3.29623669e-01,
       5.92167358e+02, 1.57234467e+02, 3.47019255e-01, 5.05953735e+02,
       1.45472672e+02, 7.08506554e-02, 0., 0., 0., 5.82333069e+02,
       2.35607254e+02, 3.30264837e-01, 3.90386322e+02, 2.61084290e+02,
       3.84782195e-01, 1.70958328e+02, 3.19831940e+02, 1.97751075e-01,
       8.99772400e+02, 1.67009338e+02, 7.12429225e-01, 9.09548340e+02,
       1.94403107e+02, 7.67833114e-01, 0., 0., 0., 9.01729126e+02,
       2.23797623e+02, 1.56910285e-01, 1.10211411e+02, 3.49249115e+02,
       1.34069920e-01, 1.20000183e+02, 3.55084015e+02, 1.36240125e-01,
       1.67015839e+02, 3.19841705e+02, 1.28581762e-01, 0., 0., 0., 0.,
       0., 0., 0., 0., 0. ]
