%YAML:1.0
---
pose_0: !!opencv-matrix
   rows: 1
   cols: 25
   dt: "3f"
   data: [ 1.20342627e+03, 1.78808838e+02, 3.89215052e-01,
       1.04275073e+03, 2.23830612e+02, 9.69282538e-02, 1.00746545e+03,
       2.29708145e+02, 1.60377130e-01, 1.13483264e+03, 4.39334778e+02,
       5.33522964e-01, 1.25236646e+03, 3.06114410e+02, 3.68811965e-01,
       0., 0., 0., 0., 0., 0., 0., 0., 0., 0., 0., 0., 0., 0., 0., 0.,
       0., 0., 0., 0., 0., 0., 0., 0., 0., 0., 0., 0., 0., 0.,
       1.21124304e+03, 1.47386978e+02, 3.82377923e-01, 1.22686194e+03,
       1.98395401e+02, 2.61772811e-01, 1.15247986e+03, 1.20005791e+02,
       1.06100641e-01, 0., 0., 0., 0., 0., 0., 0., 0., 0., 0., 0., 0.,
       0., 0., 0., 0., 0., 0., 0., 0., 0. ]
