%YAML:1.0
---
pose_0: !!opencv-matrix
   rows: 1
   cols: 25
   dt: "3f"
   data: [ 8.82074646e+02, 3.53099213e+02, 7.80519247e-01,
       7.78274963e+02, 3.62945618e+02, 7.03839421e-01, 7.62586853e+02,
       2.88478760e+02, 6.59959793e-01, 6.50906433e+02, 2.25860107e+02,
       8.11894178e-01, 7.33256836e+02, 2.43432632e+02, 8.02158475e-01,
       7.90081848e+02, 4.43227386e+02, 6.13109171e-01, 6.82322815e+02,
       5.15781372e+02, 7.79496074e-01, 7.90001343e+02, 4.98158997e+02,
       7.85853624e-01, 5.29460083e+02, 3.88388794e+02, 2.92447925e-01,
       5.25532959e+02, 3.37478210e+02, 4.23034191e-01, 3.53157715e+02,
       3.51220093e+02, 4.99135941e-01, 0., 0., 0., 5.37283325e+02,
       4.41301208e+02, 4.05829459e-01, 3.59006622e+02, 4.78537628e+02,
       5.79819620e-01, 1.80734207e+02, 5.29491821e+02, 4.75891054e-01,
       8.95799805e+02, 3.35531647e+02, 8.38354707e-01, 8.95796753e+02,
       3.68870636e+02, 7.37550199e-01, 8.70368408e+02, 3.15907806e+02,
       6.68827355e-01, 8.72302673e+02, 3.88429565e+02, 3.26980680e-01,
       1.19982880e+02, 5.68661682e+02, 2.33816057e-01, 1.27866600e+02,
       5.72509583e+02, 2.81302035e-01, 1.55275513e+02, 5.23544312e+02,
       2.25489870e-01, 0., 0., 0., 0., 0., 0., 0., 0., 0. ]
