%YAML:1.0
---
pose_0: !!opencv-matrix
   rows: 1
   cols: 25
   dt: "3f"
   data: [ 9.21299316e+02, 1.78860733e+02, 7.97028542e-01,
       8.07602478e+02, 1.88570694e+02, 6.20092392e-01, 8.07724365e+02,
       1.00446732e+02, 6.54090643e-01, 6.70524536e+02, 5.34017372e+01,
       7.89578319e-01, 5.86352722e+02, 6.90180893e+01, 8.51642966e-01,
       8.05647705e+02, 2.74772827e+02, 7.01910198e-01, 6.95923462e+02,
       3.21865906e+02, 7.44977117e-01, 5.76460571e+02, 3.82415497e+02,
       7.95250535e-01, 5.23599243e+02, 1.96398163e+02, 1.57300726e-01,
       5.19679993e+02, 1.61141174e+02, 1.40999973e-01, 3.53194733e+02,
       2.74752289e+02, 7.98035786e-02, 1.45462814e+02, 1.76825912e+02,
       7.19114691e-02, 5.27516174e+02, 2.35598480e+02, 1.20425135e-01,
       3.68796448e+02, 2.68897858e+02, 7.21276924e-02, 0., 0., 0.,
       9.32973633e+02, 1.63004440e+02, 8.93534064e-01, 9.33119202e+02,
       1.98423981e+02, 7.96377718e-01, 9.11515198e+02, 1.37644455e+02,
       5.62743902e-01, 9.21322876e+02, 2.25736176e+02, 2.86162555e-01,
       0., 0., 0., 0., 0., 0., 0., 0., 0., 0., 0., 0., 0., 0., 0., 0.,
       0., 0. ]
