%YAML:1.0
---
pose_0: !!opencv-matrix
   rows: 1
   cols: 25
   dt: "3f"
   data: [ 8.89959106e+02, 2.31656845e+02, 6.81985438e-01,
       8.33101440e+02, 3.15877655e+02, 4.56413895e-01, 8.39007019e+02,
       3.19788757e+02, 3.30678374e-01, 7.27279114e+02, 3.04187164e+02,
       1.23813577e-01, 0., 0., 0., 8.35077942e+02, 3.17887238e+02,
       5.20296216e-01, 7.15586609e+02, 2.72859955e+02, 6.63048923e-01,
       6.02010864e+02, 2.04267410e+02, 7.59589434e-01, 5.68633911e+02,
       3.55097290e+02, 1.98769182e-01, 5.51010742e+02, 3.13978821e+02,
       1.95676178e-01, 3.02186462e+02, 2.64990997e+02, 3.25728118e-01,
       6.91080170e+01, 4.29523621e+02, 1.37891620e-01, 5.86279480e+02,
       3.98177063e+02, 1.83194205e-01, 4.06029907e+02, 3.33528656e+02,
       8.94923657e-02, 3.11992310e+02, 3.06179535e+02, 1.72275946e-01,
       9.11449219e+02, 2.29765350e+02, 1.23165876e-01, 9.15448486e+02,
       2.43395905e+02, 8.73221278e-01, 0., 0., 0., 9.03684814e+02,
       3.06087036e+02, 8.28635395e-01, 0., 0., 0., 0., 0., 0.,
       3.08078156e+02, 3.06151398e+02, 8.93470347e-02, 3.97244759e+01,
       4.56968658e+02, 7.92918727e-02, 4.16422806e+01, 4.53094421e+02,
       5.93758151e-02, 0., 0., 0. ]
