%YAML:1.0
---
pose_0: !!opencv-matrix
   rows: 1
   cols: 25
   dt: "3f"
   data: [ 8.97739380e+02, 3.64930511e+02, 7.75987625e-01,
       8.05686218e+02, 3.21828949e+02, 6.90619290e-01, 8.21436829e+02,
       2.63041199e+02, 6.26591921e-01, 7.27253052e+02, 1.84665634e+02,
       7.25087106e-01, 5.88307312e+02, 2.17959885e+02, 6.49684668e-01,
       7.84166504e+02, 3.68869354e+02, 5.68494201e-01, 7.13612854e+02,
       3.98243652e+02, 3.17257106e-01, 6.80358032e+02, 4.11869629e+02,
       4.22029257e-01, 5.41184265e+02, 3.10063446e+02, 2.48610198e-01,
       5.47113403e+02, 3.27655090e+02, 2.60662556e-01, 0., 0., 0., 0.,
       0., 0., 5.37301758e+02, 2.90475677e+02, 1.96759850e-01, 0., 0.,
       0., 0., 0., 0., 9.17328979e+02, 3.39477814e+02, 7.54579544e-01,
       9.13422913e+02, 3.76633698e+02, 7.42410064e-01, 8.95791016e+02,
       3.04149536e+02, 8.11128974e-01, 0., 0., 0., 0., 0., 0., 0., 0.,
       0., 0., 0., 0., 0., 0., 0., 0., 0., 0., 0., 0., 0. ]
