%YAML:1.0
---
pose_0: !!opencv-matrix
   rows: 1
   cols: 25
   dt: "3f"
   data: [ 9.80085510e+02, 2.72811188e+02, 8.79855692e-01,
       8.39014221e+02, 2.90402618e+02, 6.34614050e-01, 8.23272949e+02,
       2.08118912e+02, 6.17371559e-01, 6.72495056e+02, 1.76842102e+02,
       6.17978990e-01, 5.56869934e+02, 1.69003983e+02, 8.13605905e-01,
       8.54706726e+02, 3.84494934e+02, 6.31818354e-01, 7.43072876e+02,
       4.58957916e+02, 7.78884649e-01, 6.92079224e+02, 3.64884552e+02,
       5.22899151e-01, 5.54944519e+02, 2.96345032e+02, 1.31807923e-01,
       5.52961609e+02, 2.53228836e+02, 2.15288877e-01, 3.31584656e+02,
       2.88473602e+02, 1.43054485e-01, 1.61656818e+01, 2.74722443e+02,
       7.15936124e-02, 5.58842651e+02, 3.72740082e+02, 8.63458291e-02,
       0., 0., 0., 0., 0., 0., 9.81998047e+02, 2.49299072e+02,
       8.42680097e-01, 9.93835449e+02, 2.86503265e+02, 8.51786673e-01,
       9.48686829e+02, 2.27788513e+02, 5.68490803e-01, 9.78033569e+02,
       3.17846252e+02, 3.13392460e-01, 0., 0., 0., 0., 0., 0., 0., 0.,
       0., 0., 0., 0., 0., 0., 0., 0., 0., 0. ]
