%YAML:1.0
---
pose_0: !!opencv-matrix
   rows: 1
   cols: 25
   dt: "3f"
   data: [ 9.80037659e+02, 2.90552582e+02, 7.66487896e-01,
       8.56639526e+02, 2.76786560e+02, 6.17265165e-01, 8.37020447e+02,
       1.96368317e+02, 6.60777450e-01, 6.88172119e+02, 1.61155853e+02,
       7.49832988e-01, 5.74523865e+02, 1.18090225e+02, 8.34247351e-01,
       8.78174072e+02, 3.62911621e+02, 5.39173424e-01, 9.85935547e+02,
       3.84495911e+02, 7.54598856e-01, 1.05838049e+03, 3.15900909e+02,
       6.80399120e-01, 5.96081909e+02, 2.92420715e+02, 1.65204376e-01,
       5.84297791e+02, 2.57140778e+02, 2.66881943e-01, 4.94190399e+02,
       2.43470612e+02, 1.66587651e-01, 3.15923126e+02, 2.21871872e+02,
       2.30464220e-01, 6.19587585e+02, 3.45303680e+02, 1.14213943e-01,
       3.37471039e+02, 3.80509430e+02, 7.20570236e-02, 1.16085739e+02,
       3.94288055e+02, 1.44600153e-01, 9.97696045e+02, 2.72770813e+02,
       8.57049346e-01, 1.00552686e+03, 3.06069916e+02, 5.70894778e-01,
       9.64473816e+02, 2.27824814e+02, 6.62526309e-01, 0., 0., 0.,
       9.26017227e+01, 3.68770844e+02, 9.32854787e-02, 0., 0., 0., 0.,
       0., 0., 0., 0., 0., 0., 0., 0., 0., 0., 0. ]
