%YAML:1.0
---
pose_0: !!opencv-matrix
   rows: 1
   cols: 25
   dt: "3f"
   data: [ 1.00163281e+03, 2.76787628e+02, 4.67367113e-01,
       8.84053772e+02, 2.55154221e+02, 6.13529623e-01, 9.01679138e+02,
       1.86639816e+02, 5.02938509e-01, 9.05627747e+02, 1.33766983e+02,
       6.62399352e-01, 1.07998181e+03, 2.72798859e+02, 5.66388011e-01,
       8.68329895e+02, 3.29649323e+02, 5.38808286e-01, 8.39070801e+02,
       4.86383514e+02, 7.76912928e-01, 9.46714966e+02, 4.33526550e+02,
       8.07484567e-01, 6.05876465e+02, 2.43439697e+02, 8.12358856e-02,
       0., 0., 0., 0., 0., 0., 0., 0., 0., 0., 0., 0., 0., 0., 0., 0.,
       0., 0., 9.95721802e+02, 2.57085632e+02, 5.61612368e-01,
       1.02316095e+03, 2.86534576e+02, 3.09528232e-01, 9.78117432e+02,
       2.23813721e+02, 1.20454147e-01, 0., 0., 0., 0., 0., 0., 0., 0.,
       0., 0., 0., 0., 0., 0., 0., 0., 0., 0., 0., 0., 0. ]
