%YAML:1.0
---
pose_0: !!opencv-matrix
   rows: 1
   cols: 25
   dt: "3f"
   data: [ 9.44805359e+02, 3.82525208e+02, 8.08823705e-01,
       8.39053040e+02, 3.13940979e+02, 5.05085647e-01, 8.62501099e+02,
       2.74828308e+02, 6.79320395e-01, 7.60694946e+02, 2.37548004e+02,
       7.65060127e-01, 6.64566772e+02, 3.88447021e+02, 5.84756970e-01,
       8.13536560e+02, 3.51141052e+02, 2.88796991e-01, 0., 0., 0., 0.,
       0., 0., 0., 0., 0., 0., 0., 0., 0., 0., 0., 0., 0., 0., 0., 0.,
       0., 0., 0., 0., 0., 0., 0., 9.62346863e+02, 3.59045227e+02,
       7.76802778e-01, 9.62417358e+02, 3.82567261e+02, 2.26283699e-01,
       9.44726746e+02, 3.08075287e+02, 8.45286846e-01, 0., 0., 0., 0.,
       0., 0., 0., 0., 0., 0., 0., 0., 0., 0., 0., 0., 0., 0., 0., 0.,
       0. ]
