%YAML:1.0
---
pose_0: !!opencv-matrix
   rows: 1
   cols: 25
   dt: "3f"
   data: [ 9.07600830e+02, 3.02167603e+02, 7.86685467e-01,
       7.90085327e+02, 3.19758789e+02, 7.12514222e-01, 7.78274353e+02,
       2.47347443e+02, 6.87301517e-01, 6.50975708e+02, 2.21877258e+02,
       7.24914491e-01, 5.52937500e+02, 1.96386017e+02, 8.23365986e-01,
       8.03742371e+02, 3.84546173e+02, 6.42952204e-01, 7.07734375e+02,
       4.00135681e+02, 8.11726034e-01, 6.96019775e+02, 2.68905609e+02,
       8.00277591e-01, 5.35349121e+02, 3.43335480e+02, 2.99672812e-01,
       5.49043701e+02, 3.04123169e+02, 3.05913389e-01, 5.07852356e+02,
       2.63063751e+02, 4.53801066e-01, 2.08150269e+02, 2.88472015e+02,
       2.75404304e-01, 5.29463806e+02, 3.86424133e+02, 2.88888812e-01,
       3.60971771e+02, 4.04114960e+02, 4.26164657e-01, 2.29709320e+02,
       4.21699463e+02, 2.17779920e-01, 9.11446472e+02, 2.82586731e+02,
       7.69115388e-01, 9.23231628e+02, 3.06175201e+02, 7.93239892e-01,
       8.64502319e+02, 2.72787598e+02, 4.76147681e-01, 9.05623779e+02,
       3.35505737e+02, 2.97933936e-01, 2.02303864e+02, 3.82584015e+02,
       1.42060846e-01, 2.06187790e+02, 3.96188416e+02, 1.27395138e-01,
       1.78789825e+02, 4.35420868e+02, 1.16063453e-01, 1.78783310e+02,
       2.96314453e+02, 1.03084438e-01, 0., 0., 0., 1.92463120e+02,
       2.90470673e+02, 2.20878676e-01 ]
