%YAML:1.0
---
pose_0: !!opencv-matrix
   rows: 1
   cols: 25
   dt: "3f"
   data: [ 8.95804382e+02, 1.12138412e+02, 7.45821118e-01,
       7.76390869e+02, 1.16093201e+02, 6.90882921e-01, 7.74305969e+02,
       2.79704914e+01, 6.92289054e-01, 6.62679260e+02, 5.34924984e+00,
       3.47366899e-01, 0., 0., 0., 7.76276550e+02, 1.96474991e+02,
       6.88407540e-01, 6.58733032e+02, 2.41526978e+02, 7.75615692e-01,
       5.41229675e+02, 2.72702637e+02, 8.35048854e-01, 5.29452942e+02,
       9.64860611e+01, 1.24820389e-01, 5.09865173e+02, 5.92605400e+01,
       1.50876418e-01, 0., 0., 0., 0., 0., 0., 5.21604370e+02,
       1.68981354e+02, 7.73488954e-02, 0., 0., 0., 0., 0., 0.,
       9.01740356e+02, 8.86243820e+01, 8.81237447e-01, 9.03703247e+02,
       1.29822540e+02, 7.93686807e-01, 8.78197693e+02, 6.71458588e+01,
       6.33934915e-01, 8.91910645e+02, 1.49379013e+02, 2.77025223e-01,
       0., 0., 0., 0., 0., 0., 0., 0., 0., 0., 0., 0., 0., 0., 0., 0.,
       0., 0. ]
