%YAML:1.0
---
pose_0: !!opencv-matrix
   rows: 1
   cols: 25
   dt: "3f"
   data: [ 9.44829224e+02, 3.66872772e+02, 8.30115676e-01,
       8.23410217e+02, 3.82486908e+02, 7.06664979e-01, 8.07741577e+02,
       3.04221741e+02, 6.90623760e-01, 6.84236206e+02, 2.92422943e+02,
       5.09363294e-01, 5.74540100e+02, 2.96331482e+02, 7.01498985e-01,
       8.37102478e+02, 4.60931366e+02, 6.62145734e-01, 7.27326172e+02,
       5.21646362e+02, 7.18732595e-01, 5.90257019e+02, 5.07870148e+02,
       7.99958527e-01, 5.47107544e+02, 4.13860962e+02, 2.67626315e-01,
       5.41219910e+02, 3.64883942e+02, 3.36277246e-01, 3.51172668e+02,
       3.68799774e+02, 2.23910764e-01, 2.10105850e+02, 4.06010773e+02,
       2.50346005e-01, 5.54943848e+02, 4.56987152e+02, 2.55011052e-01,
       0., 0., 0., 0., 0., 0., 9.50716858e+02, 3.49203918e+02,
       8.62963378e-01, 9.58509338e+02, 3.82590576e+02, 8.39566112e-01,
       9.29092224e+02, 3.23771576e+02, 5.82690835e-01, 9.35007690e+02,
       4.04123444e+02, 4.21926886e-01, 0., 0., 0., 0., 0., 0., 0., 0.,
       0., 1.92494171e+02, 4.11921875e+02, 8.14074427e-02, 0., 0., 0.,
       1.94429642e+02, 4.13901184e+02, 1.95129409e-01 ]
