%YAML:1.0
---
pose_0: !!opencv-matrix
   rows: 1
   cols: 25
   dt: "3f"
   data: [ 8.84041016e+02, 2.25832047e+02, 8.31636548e-01,
       7.90017822e+02, 2.43372696e+02, 7.24977672e-01, 7.78251465e+02,
       1.67094696e+02, 7.15678334e-01, 6.99898438e+02, 1.49433929e+02,
       4.23372090e-01, 6.54847778e+02, 1.45410950e+02, 5.43772280e-01,
       7.93941467e+02, 3.19808075e+02, 7.08274484e-01, 6.70500305e+02,
       3.64842041e+02, 7.99459100e-01, 6.35319458e+02, 3.04088684e+02,
       8.40353787e-01, 5.23549805e+02, 2.49291565e+02, 3.69170308e-01,
       5.23629456e+02, 2.10103455e+02, 4.11716908e-01, 3.78615540e+02,
       2.00329865e+02, 1.46798983e-01, 3.53145325e+02, 1.96474472e+02,
       2.55311072e-01, 5.21615173e+02, 2.90400696e+02, 4.22445834e-01,
       3.51234619e+02, 3.11998749e+02, 5.66642165e-01, 1.92515579e+02,
       3.37495667e+02, 4.36694264e-01, 8.93852600e+02, 2.10103912e+02,
       8.19814384e-01, 8.95784485e+02, 2.43344666e+02, 7.79367447e-01,
       8.72324097e+02, 1.92463654e+02, 5.79258680e-01, 8.76254822e+02,
       2.68924835e+02, 5.56177974e-01, 1.25858475e+02, 3.80536469e+02,
       1.52850136e-01, 1.29828445e+02, 3.78586670e+02, 1.83062479e-01,
       1.72883240e+02, 3.33569641e+02, 2.03899488e-01, 0., 0., 0., 0.,
       0., 0., 3.51215546e+02, 1.96376389e+02, 1.85252517e-01 ]
