%YAML:1.0
---
pose_0: !!opencv-matrix
   rows: 1
   cols: 25
   dt: "3f"
   data: [ 9.17423279e+02, 2.33657532e+02, 8.46114755e-01,
       8.27282654e+02, 1.74882233e+02, 5.75427592e-01, 8.36979431e+02,
       1.20022263e+02, 7.03703642e-01, 7.86116699e+02, 1.47348648e+02,
       7.32490778e-01, 8.09653931e+02, 2.84525513e+02, 7.97788680e-01,
       8.17443665e+02, 2.27819916e+02, 3.27128172e-01, 0., 0., 0., 0.,
       0., 0., 6.95993042e+02, 2.10120316e+02, 2.91205019e-01,
       6.86203796e+02, 1.84643631e+02, 2.17558607e-01, 3.57061035e+02,
       3.12033997e+02, 3.97506773e-01, 1.61130890e+02, 3.17886505e+02,
       4.38837051e-01, 6.99928894e+02, 2.35598938e+02, 2.26490453e-01,
       6.19568665e+02, 2.59181976e+02, 1.89615846e-01, 5.52943298e+02,
       3.04219910e+02, 1.83764458e-01, 9.29122314e+02, 2.12049576e+02,
       8.93322349e-01, 9.33092773e+02, 2.37508835e+02, 7.71193504e-01,
       9.01689087e+02, 1.67024673e+02, 8.29911470e-01, 0., 0., 0., 0.,
       0., 0., 0., 0., 0., 5.47084045e+02, 3.06129059e+02,
       1.09603964e-01, 1.29768341e+02, 2.84565948e+02, 2.18489796e-01,
       1.25859116e+02, 2.86494812e+02, 1.91379279e-01, 1.39594666e+02,
       3.21787781e+02, 2.27205366e-01 ]
