%YAML:1.0
---
pose_0: !!opencv-matrix
   rows: 1
   cols: 25
   dt: "3f"
   data: [ 9.62355408e+02, 2.57194946e+02, 7.94572890e-01,
       8.33151245e+02, 2.72755981e+02, 5.85054219e-01, 8.25340942e+02,
       1.94447891e+02, 6.30252779e-01, 7.27309326e+02, 1.72916977e+02,
       5.02550900e-01, 6.66655212e+02, 1.74840271e+02, 6.81379735e-01,
       8.39070740e+02, 3.62898285e+02, 6.12602830e-01, 7.23452576e+02,
       4.58887695e+02, 7.45737314e-01, 7.94011292e+02, 3.23764313e+02,
       7.42417097e-01, 5.99983704e+02, 2.72815063e+02, 1.98590338e-01,
       5.98020508e+02, 2.35574158e+02, 2.49249190e-01, 4.94185272e+02,
       2.43443024e+02, 9.88392830e-02, 3.66821014e+02, 2.70832245e+02,
       1.33469924e-01, 6.00005615e+02, 3.25730988e+02, 1.71073377e-01,
       4.74599609e+02, 3.66901581e+02, 5.09057716e-02, 3.37446198e+02,
       3.37548309e+02, 1.19809851e-01, 9.64501770e+02, 2.41402802e+02,
       8.70755255e-01, 9.74188477e+02, 2.74833984e+02, 7.69615650e-01,
       9.33038757e+02, 2.14089096e+02, 3.95710468e-01, 9.52661987e+02,
       3.04145782e+02, 3.10141057e-01, 0., 0., 0., 0., 0., 0., 0., 0.,
       0., 0., 0., 0., 0., 0., 0., 0., 0., 0. ]
