%YAML:1.0
---
pose_0: !!opencv-matrix
   rows: 1
   cols: 25
   dt: "3f"
   data: [ 1.01341431e+03, 2.16012344e+02, 7.12819159e-01,
       8.95814941e+02, 2.31678665e+02, 3.11629117e-01, 8.78189819e+02,
       1.35672119e+02, 3.02146941e-01, 8.11591614e+02, 1.41541443e+02,
       1.12315752e-01, 7.68472900e+02, 1.49374420e+02, 2.35778704e-01,
       8.86046082e+02, 3.04198059e+02, 2.66800940e-01, 7.23408203e+02,
       4.04107330e+02, 4.93316263e-01, 8.13543335e+02, 3.29630920e+02,
       6.73724949e-01, 0., 0., 0., 0., 0., 0., 0., 0., 0., 0., 0., 0.,
       0., 0., 0., 0., 0., 0., 0., 0., 0., 1.03293982e+03,
       1.92511154e+02, 7.77661324e-01, 1.03882788e+03, 2.41545013e+02,
       7.72232294e-01, 9.99652405e+02, 1.57226227e+02, 3.45676243e-01,
       1.02119263e+03, 2.76702576e+02, 7.32334331e-02, 0., 0., 0., 0.,
       0., 0., 0., 0., 0., 0., 0., 0., 0., 0., 0., 0., 0., 0. ]
