%YAML:1.0
---
pose_0: !!opencv-matrix
   rows: 1
   cols: 25
   dt: "3f"
   data: [ 8.97730042e+02, 2.43468689e+02, 7.75534511e-01,
       7.90060913e+02, 2.57105225e+02, 6.89592123e-01, 7.82196472e+02,
       1.78801239e+02, 6.88430429e-01, 6.66666199e+02, 1.37623016e+02,
       7.52138317e-01, 5.90177063e+02, 1.33813126e+02, 8.05147529e-01,
       7.92077271e+02, 3.41361084e+02, 6.26186252e-01, 6.78297302e+02,
       3.86448975e+02, 7.70106196e-01, 5.94118713e+02, 3.51145386e+02,
       8.21305573e-01, 5.49050598e+02, 2.72820923e+02, 2.77912676e-01,
       5.47109741e+02, 2.25794342e+02, 3.83408695e-01, 3.45301697e+02,
       2.23813995e+02, 5.48670769e-01, 1.16117867e+02, 2.25808685e+02,
       5.02971768e-01, 5.31422302e+02, 3.19858307e+02, 2.09224120e-01,
       3.51184631e+02, 3.23800232e+02, 4.28033292e-01, 1.68980789e+02,
       3.41418762e+02, 4.07525957e-01, 9.05621155e+02, 2.25845810e+02,
       8.11341643e-01, 9.07600403e+02, 2.61126801e+02, 7.59699225e-01,
       8.82106750e+02, 2.04262177e+02, 5.37411153e-01, 8.95810425e+02,
       2.88424896e+02, 3.91474575e-01, 1.08231491e+02, 3.62908051e+02,
       2.21804023e-01, 1.20049156e+02, 3.68845764e+02, 2.46074751e-01,
       1.49430099e+02, 3.31600311e+02, 1.43488050e-01, 9.84300995e+01,
       2.37549454e+02, 7.62456357e-02, 0., 0., 0., 1.02367882e+02,
       2.29698105e+02, 2.91911572e-01 ]
