%YAML:1.0
---
pose_0: !!opencv-matrix
   rows: 1
   cols: 25
   dt: "3f"
   data: [ 9.50731934e+02, 2.45359894e+02, 8.34874272e-01,
       8.39099304e+02, 2.49323502e+02, 6.67733610e-01, 8.37003784e+02,
       1.65062851e+02, 6.89238012e-01, 7.27293030e+02, 1.04318962e+02,
       7.98894823e-01, 6.47036072e+02, 1.31745560e+02, 8.10490608e-01,
       8.54734375e+02, 3.35576202e+02, 7.06677556e-01, 7.60635742e+02,
       4.37414398e+02, 8.16630960e-01, 7.41039795e+02, 3.66898956e+02,
       8.54951918e-01, 6.25463379e+02, 2.70835083e+02, 2.73008168e-01,
       6.17589294e+02, 2.21860275e+02, 3.20629746e-01, 4.21709167e+02,
       2.25742050e+02, 2.08819553e-01, 2.29742065e+02, 2.29767776e+02,
       1.39976248e-01, 6.33318481e+02, 3.12019104e+02, 2.69690990e-01,
       5.41232849e+02, 3.49205688e+02, 1.37881905e-01, 3.82525391e+02,
       3.25700897e+02, 1.96560845e-01, 9.60406616e+02, 2.21913513e+02,
       8.18370044e-01, 9.66365112e+02, 2.57142700e+02, 7.75012434e-01,
       9.27175964e+02, 1.96488968e+02, 6.63652956e-01, 9.56546326e+02,
       2.76753143e+02, 1.36557683e-01, 0., 0., 0., 0., 0., 0., 0., 0.,
       0., 0., 0., 0., 0., 0., 0., 0., 0., 0. ]
