%YAML:1.0
---
pose_0: !!opencv-matrix
   rows: 1
   cols: 25
   dt: "3f"
   data: [ 9.46745667e+02, 3.96203949e+02, 8.02817702e-01,
       8.35109985e+02, 3.27691101e+02, 6.40073359e-01, 8.50738770e+02,
       2.76734680e+02, 6.71253502e-01, 7.15618347e+02, 2.31707657e+02,
       7.59549081e-01, 6.19559265e+02, 3.82576904e+02, 6.22003436e-01,
       8.07671936e+02, 3.80517212e+02, 3.63590240e-01, 6.95973267e+02,
       3.96254913e+02, 4.34008539e-01, 6.50943054e+02, 4.56977631e+02,
       6.30634129e-01, 6.54854736e+02, 3.51225769e+02, 1.34636775e-01,
       6.31354980e+02, 3.21769135e+02, 1.85027212e-01, 5.84325134e+02,
       4.15813080e+02, 5.95545530e-01, 6.17557373e+02, 3.06161377e+02,
       1.03800997e-01, 6.76405518e+02, 3.78629211e+02, 7.79397488e-02,
       0., 0., 0., 0., 0., 0., 9.62472778e+02, 3.70829987e+02,
       8.06958258e-01, 9.64352966e+02, 3.98123840e+02, 3.85987520e-01,
       9.46670288e+02, 3.21829254e+02, 9.03350711e-01, 0., 0., 0., 0.,
       0., 0., 0., 0., 0., 0., 0., 0., 0., 0., 0., 0., 0., 0.,
       6.15604126e+02, 3.02215576e+02, 9.42973942e-02 ]
