%YAML:1.0
---
pose_0: !!opencv-matrix
   rows: 1
   cols: 25
   dt: "3f"
   data: [ 8.87994324e+02, 3.51137695e+02, 8.41935933e-01,
       7.90069763e+02, 3.84424103e+02, 7.69681394e-01, 7.64562988e+02,
       3.33519989e+02, 6.56912088e-01, 6.54834961e+02, 3.21771057e+02,
       4.19577390e-01, 5.47108948e+02, 3.04129181e+02, 6.52845800e-01,
       8.13575928e+02, 4.33506775e+02, 5.50461769e-01, 9.40856873e+02,
       4.33524109e+02, 6.79765403e-01, 1.04284009e+03, 3.41394989e+02,
       6.48300350e-01, 5.94126648e+02, 4.13843658e+02, 2.31577963e-01,
       5.88271362e+02, 3.66866974e+02, 3.55631590e-01, 3.96231873e+02,
       3.23736603e+02, 1.29267484e-01, 0., 0., 0., 6.01957153e+02,
       4.56984772e+02, 2.06498593e-01, 3.51181488e+02, 5.37328735e+02,
       1.44198343e-01, 2.04238922e+02, 6.25446716e+02, 1.77583694e-01,
       8.97750366e+02, 3.35581787e+02, 8.48137856e-01, 9.01713745e+02,
       3.66794464e+02, 8.59899044e-01, 8.72353638e+02, 3.23797607e+02,
       3.32298726e-01, 8.99754150e+02, 3.98194427e+02, 6.62538707e-01,
       1.33700256e+02, 6.37232300e+02, 6.18994273e-02, 1.39592239e+02,
       6.47028992e+02, 7.60207847e-02, 1.94446045e+02, 6.29361511e+02,
       8.94671157e-02, 0., 0., 0., 0., 0., 0., 0., 0., 0. ]
