%YAML:1.0
---
pose_0: !!opencv-matrix
   rows: 1
   cols: 25
   dt: "3f"
   data: [ 1.05848108e+03, 2.06226120e+02, 3.07750076e-01,
       9.29129456e+02, 1.88561966e+02, 3.56229037e-01, 8.84119873e+02,
       1.29786591e+02, 5.03667116e-01, 9.01766296e+02, 1.81361637e+01,
       4.85530943e-01, 1.05836853e+03, 4.38518572e+00, 5.71256340e-01,
       9.80113403e+02, 2.57177460e+02, 3.75643164e-01, 0., 0., 0., 0.,
       0., 0., 0., 0., 0., 0., 0., 0., 0., 0., 0., 0., 0., 0., 0., 0.,
       0., 0., 0., 0., 0., 0., 0., 1.06824414e+03, 2.00335098e+02,
       1.76409781e-01, 1.06234241e+03, 2.10193924e+02, 2.64901102e-01,
       9.78123169e+02, 9.84869995e+01, 8.76339898e-02, 1.05843884e+03,
       2.12172134e+02, 2.48944610e-01, 0., 0., 0., 0., 0., 0., 0., 0.,
       0., 0., 0., 0., 0., 0., 0., 0., 0., 0. ]
