%YAML:1.0
---
pose_0: !!opencv-matrix
   rows: 1
   cols: 25
   dt: "3f"
   data: [ 8.60555542e+02, 2.33612823e+02, 7.61520386e-01,
       7.58632019e+02, 2.45389053e+02, 7.48803496e-01, 7.50837524e+02,
       1.80718048e+02, 7.15128481e-01, 6.72507080e+02, 1.16128227e+02,
       8.02033544e-01, 6.46947998e+02, 3.77511215e+01, 5.99139214e-01,
       7.58646240e+02, 3.04162933e+02, 4.78315502e-01, 6.64603271e+02,
       3.21843536e+02, 8.34479272e-01, 7.76279175e+02, 3.04190674e+02,
       8.06373119e-01, 5.33369507e+02, 2.23814407e+02, 2.82107115e-01,
       5.37274353e+02, 1.88603546e+02, 3.57045084e-01, 3.62945557e+02,
       1.80694855e+02, 2.65985727e-01, 2.10105682e+02, 1.65128082e+02,
       6.39243275e-02, 5.23585388e+02, 2.61083923e+02, 2.13470295e-01,
       3.43350372e+02, 2.61123322e+02, 2.39890128e-01, 1.80753159e+02,
       2.72872559e+02, 3.01101923e-01, 8.68415039e+02, 2.21829254e+02,
       8.42898250e-01, 8.70392578e+02, 2.45421860e+02, 7.90940285e-01,
       8.42908875e+02, 2.10050476e+02, 5.16766906e-01, 8.42950928e+02,
       2.74853394e+02, 5.61048329e-01, 1.18083809e+02, 2.76776550e+02,
       1.21302523e-01, 0., 0., 0., 1.68973175e+02, 2.76742737e+02,
       1.49702847e-01, 1.96404007e+02, 1.76814941e+02, 1.00794189e-01,
       1.94487686e+02, 1.67063293e+02, 1.03678875e-01, 0., 0., 0. ]
