%YAML:1.0
---
pose_0: !!opencv-matrix
   rows: 1
   cols: 25
   dt: "3f"
   data: [ 8.87954041e+02, 1.02411392e+02, 8.16190958e-01,
       7.82211182e+02, 1.04365837e+02, 6.65609241e-01, 7.82210083e+02,
       2.01113529e+01, 5.86663902e-01, 6.95979553e+02, 1.61525345e+01,
       1.89669445e-01, 6.19547607e+02, 3.57390404e+01, 3.85107994e-01,
       7.86068787e+02, 1.86641068e+02, 6.42626464e-01, 6.84197449e+02,
       2.59204468e+02, 8.11376452e-01, 5.82330017e+02, 2.72792419e+02,
       8.01469922e-01, 5.15758118e+02, 1.31781494e+02, 3.36327612e-01,
       5.21607422e+02, 8.67558441e+01, 3.37379932e-01, 4.80526367e+02,
       3.96546135e+01, 3.74652475e-01, 3.33521942e+02, 8.86937943e+01,
       2.91064739e-01, 5.23613464e+02, 1.76842087e+02, 4.15738434e-01,
       3.72725922e+02, 1.72904449e+02, 2.72384584e-01, 3.51191833e+02,
       1.67017380e+02, 2.09704414e-01, 8.99783264e+02, 8.47652817e+01,
       8.97003889e-01, 8.99722290e+02, 1.18148872e+02, 7.93296576e-01,
       8.78218262e+02, 5.73700790e+01, 6.53058827e-01, 8.87994568e+02,
       1.41567993e+02, 2.10225478e-01, 0., 0., 0., 0., 0., 0., 0., 0.,
       0., 3.21798584e+02, 1.06305229e+02, 7.59707093e-02,
       3.23777679e+02, 1.02366081e+02, 5.19039780e-02, 3.23775909e+02,
       1.00391975e+02, 1.95640713e-01 ]
