%YAML:1.0
---
pose_0: !!opencv-matrix
   rows: 1
   cols: 25
   dt: "3f"
   data: [ 9.15439453e+02, 2.23814240e+02, 8.54706168e-01,
       8.07658020e+02, 2.33611130e+02, 7.18465030e-01, 8.05657104e+02,
       1.61163803e+02, 6.75818801e-01, 7.33204041e+02, 8.46626511e+01,
       6.77231491e-01, 6.92049683e+02, 8.66991653e+01, 7.04087317e-01,
       8.07691650e+02, 3.10064880e+02, 6.75900400e-01, 6.99916931e+02,
       3.66839905e+02, 6.95819199e-01, 5.97996460e+02, 4.15856720e+02,
       5.64932108e-01, 5.80388062e+02, 2.61047638e+02, 2.70579219e-01,
       5.72568115e+02, 2.14027771e+02, 3.22277814e-01, 4.00175171e+02,
       2.21870361e+02, 8.05867016e-02, 0., 0., 0., 5.88273804e+02,
       3.06118622e+02, 3.45735461e-01, 4.13863953e+02, 3.27648987e+02,
       1.62554860e-01, 0., 0., 0., 9.17299438e+02, 2.06163162e+02,
       8.79673243e-01, 9.29142273e+02, 2.31717743e+02, 7.47318745e-01,
       8.87977234e+02, 1.90498764e+02, 6.37854695e-01, 9.03680542e+02,
       2.59082550e+02, 4.27595198e-01, 0., 0., 0., 0., 0., 0., 0., 0.,
       0., 0., 0., 0., 0., 0., 0., 0., 0., 0. ]
