%YAML:1.0
---
pose_0: !!opencv-matrix
   rows: 1
   cols: 25
   dt: "3f"
   data: [ 9.11491821e+02, 2.11997360e+02, 8.41602087e-01,
       7.89964355e+02, 2.19918457e+02, 6.53619826e-01, 7.86095215e+02,
       1.33778595e+02, 6.78729951e-01, 6.72494812e+02, 9.84794922e+01,
       7.69351244e-01, 6.33322449e+02, 1.31834503e+02, 8.82923484e-01,
       7.88082458e+02, 3.04226868e+02, 6.31740093e-01, 6.82318787e+02,
       3.53166229e+02, 7.74531126e-01, 5.70564636e+02, 3.66889008e+02,
       8.16913128e-01, 5.56880920e+02, 2.33634720e+02, 1.76208571e-01,
       5.58864136e+02, 1.94434357e+02, 2.29909867e-01, 4.72641052e+02,
       1.67039307e+02, 7.44489059e-02, 0., 0., 0., 5.54941650e+02,
       2.96339966e+02, 1.55600354e-01, 4.47201019e+02, 2.88519287e+02,
       7.02884793e-02, 3.21805786e+02, 2.72780945e+02, 2.05549955e-01,
       9.11441711e+02, 1.92422836e+02, 8.24138701e-01, 9.29043701e+02,
       2.14081207e+02, 6.88496411e-01, 8.72314941e+02, 1.72924561e+02,
       7.07098126e-01, 9.03648254e+02, 2.43502792e+02, 2.37376973e-01,
       0., 0., 0., 0., 0., 0., 3.17885223e+02, 2.68907806e+02,
       1.13018923e-01, 0., 0., 0., 0., 0., 0., 0., 0., 0. ]
