%YAML:1.0
---
pose_0: !!opencv-matrix
   rows: 1
   cols: 25
   dt: "3f"
   data: [ 9.13423584e+02, 2.10123871e+02, 8.56504560e-01,
       7.91972717e+02, 2.17968857e+02, 6.86243653e-01, 7.87998413e+02,
       1.33666168e+02, 7.10910380e-01, 6.66611145e+02, 1.00408142e+02,
       7.90796995e-01, 6.17545044e+02, 1.31707214e+02, 7.82806158e-01,
       7.92014099e+02, 3.04108978e+02, 6.45798922e-01, 6.82273071e+02,
       3.47216827e+02, 6.59471631e-01, 5.60832031e+02, 3.53225403e+02,
       7.71480024e-01, 5.49059021e+02, 2.31698669e+02, 1.80760086e-01,
       5.52987000e+02, 1.82690475e+02, 2.60655880e-01, 5.02012451e+02,
       1.49418701e+02, 1.08751327e-01, 3.29645721e+02, 1.88553864e+02,
       1.90450013e-01, 5.58844849e+02, 2.80662079e+02, 1.83724493e-01,
       4.74614349e+02, 2.88426697e+02, 7.25490302e-02, 3.19814728e+02,
       2.64972107e+02, 1.29556522e-01, 9.11443604e+02, 1.90505722e+02,
       8.23419333e-01, 9.27125549e+02, 2.14055161e+02, 7.03268230e-01,
       8.70422485e+02, 1.76748657e+02, 7.33768344e-01, 9.01708374e+02,
       2.43407715e+02, 2.29355082e-01, 0., 0., 0., 0., 0., 0.,
       3.19846100e+02, 2.59062195e+02, 6.80648088e-02, 0., 0., 0., 0.,
       0., 0., 3.13944672e+02, 1.92457581e+02, 1.23017594e-01 ]
