%YAML:1.0
---
pose_0: !!opencv-matrix
   rows: 1
   cols: 25
   dt: "3f"
   data: [ 1.00161603e+03, 2.59184479e+02, 7.56609976e-01,
       8.76200684e+02, 2.72759979e+02, 5.80980778e-01, 8.74250671e+02,
       1.76796371e+02, 6.03839755e-01, 7.44966736e+02, 1.02302002e+02,
       7.96799481e-01, 8.21338440e+02, 2.23853287e+02, 7.00538456e-01,
       8.70377319e+02, 3.66887360e+02, 5.55369854e-01, 7.42971985e+02,
       4.43263702e+02, 5.75060010e-01, 7.11580261e+02, 3.96259094e+02,
       5.53637862e-01, 6.27423523e+02, 2.86518707e+02, 1.17796466e-01,
       6.23502502e+02, 2.41449219e+02, 1.23161204e-01, 5.05963776e+02,
       1.98377151e+02, 1.02050535e-01, 1.49394043e+02, 2.82603699e+02,
       1.16618909e-01, 6.48967224e+02, 3.45298981e+02, 1.14399716e-01,
       3.62923004e+02, 3.45307129e+02, 7.00973123e-02, 0., 0., 0.,
       1.00954211e+03, 2.41398056e+02, 9.10220385e-01, 1.01726050e+03,
       2.80653717e+02, 7.38171697e-01, 9.78125610e+02, 2.10145020e+02,
       6.45268202e-01, 0., 0., 0., 0., 0., 0., 0., 0., 0., 0., 0., 0.,
       9.45472183e+01, 2.39484467e+02, 5.62622286e-02, 0., 0., 0., 0.,
       0., 0. ]
