%YAML:1.0
---
pose_0: !!opencv-matrix
   rows: 1
   cols: 25
   dt: "3f"
   data: [ 8.84008179e+02, 4.62932251e+02, 8.46526563e-01,
       7.86099731e+02, 4.64848328e+02, 5.67258060e-01, 7.78343689e+02,
       4.00172241e+02, 6.46072686e-01, 7.29345947e+02, 3.23783905e+02,
       4.37075257e-01, 0., 0., 0., 7.89965576e+02, 5.23530701e+02,
       3.83171856e-01, 7.74353149e+02, 5.90234680e+02, 6.66266382e-01,
       7.82209778e+02, 4.64830902e+02, 7.81237483e-01, 5.43184021e+02,
       4.68744080e+02, 2.08085284e-01, 5.41206482e+02, 4.29506805e+02,
       2.94082642e-01, 3.55141968e+02, 4.58917297e+02, 4.48501468e-01,
       0., 0., 0., 5.39267212e+02, 5.21614258e+02, 1.88867018e-01, 0.,
       0., 0., 0., 0., 0., 8.85964233e+02, 4.45182343e+02,
       8.42492580e-01, 8.99654785e+02, 4.70705719e+02, 8.20564210e-01,
       8.50780334e+02, 4.15866516e+02, 7.66347587e-01, 8.82127197e+02,
       4.88308197e+02, 8.28149617e-02, 0., 0., 0., 0., 0., 0., 0., 0.,
       0., 0., 0., 0., 0., 0., 0., 0., 0., 0. ]
