%YAML:1.0
---
pose_0: !!opencv-matrix
   rows: 1
   cols: 25
   dt: "3f"
   data: [ 1.01727924e+03, 2.41465759e+02, 8.07612598e-01,
       8.82077881e+02, 2.37549866e+02, 4.69276369e-01, 8.68429749e+02,
       1.47404053e+02, 5.36916614e-01, 7.52824463e+02, 5.93015251e+01,
       7.09734857e-01, 8.46867371e+02, 2.10076218e+02, 7.84310758e-01,
       8.68390930e+02, 3.39427277e+02, 4.74318177e-01, 7.05808350e+02,
       4.00198517e+02, 2.83033222e-01, 7.43026062e+02, 3.80591095e+02,
       5.76447845e-01, 6.62670593e+02, 2.86512848e+02, 9.12464932e-02,
       6.35279907e+02, 2.64981567e+02, 8.76838788e-02, 6.01949646e+02,
       3.08062744e+02, 1.38642535e-01, 0., 0., 0., 6.72468567e+02,
       3.41383575e+02, 5.85667044e-02, 3.51171204e+02, 3.53179352e+02,
       6.99797496e-02, 0., 0., 0., 1.02318030e+03, 2.10153763e+02,
       8.62318873e-01, 1.02910132e+03, 2.55117569e+02, 7.51302660e-01,
       9.84005005e+02, 1.78756470e+02, 5.60705304e-01, 1.02309088e+03,
       2.76833649e+02, 6.33220524e-02, 0., 0., 0., 0., 0., 0., 0., 0.,
       0., 0., 0., 0., 0., 0., 0., 0., 0., 0. ]
