%YAML:1.0
---
pose_0: !!opencv-matrix
   rows: 1
   cols: 25
   dt: "3f"
   data: [ 1.01148474e+03, 2.49312820e+02, 7.73156345e-01,
       8.84077454e+02, 2.37554138e+02, 2.75187254e-01, 8.84081360e+02,
       1.31711273e+02, 5.24386704e-01, 8.07588257e+02, 2.79038754e+01,
       7.79280841e-01, 8.52767456e+02, 1.80712860e+02, 1.36658460e-01,
       8.52742676e+02, 3.31569397e+02, 3.25391889e-01, 7.58694214e+02,
       3.68828186e+02, 6.19439445e-02, 7.07730591e+02, 3.72757294e+02,
       2.76082188e-01, 0., 0., 0., 0., 0., 0., 0., 0., 0., 0., 0., 0.,
       0., 0., 0., 0., 0., 0., 0., 0., 0., 1.02518188e+03,
       2.21904892e+02, 8.41306686e-01, 1.02713501e+03, 2.66934113e+02,
       7.10001707e-01, 9.97722290e+02, 1.78756134e+02, 4.13619548e-01,
       0., 0., 0., 0., 0., 0., 0., 0., 0., 0., 0., 0., 0., 0., 0., 0.,
       0., 0., 0., 0., 0. ]
