%YAML:1.0
---
pose_0: !!opencv-matrix
   rows: 1
   cols: 25
   dt: "3f"
   data: [ 1.12114514e+03, 1.76834457e+02, 7.36368418e-01,
       9.25188110e+02, 1.84683701e+02, 3.92043024e-01, 9.15359253e+02,
       8.27788849e+01, 4.05724287e-01, 7.64577454e+02, 2.60029869e+01,
       2.26579860e-01, 6.64607239e+02, 3.96623726e+01, 1.40837595e-01,
       9.36987915e+02, 2.92414032e+02, 5.23363829e-01, 7.72352783e+02,
       3.72752289e+02, 4.87795204e-01, 5.98056641e+02, 4.00126984e+02,
       7.81414330e-01, 5.78448364e+02, 2.61078156e+02, 6.61326051e-02,
       5.58853027e+02, 2.17952820e+02, 6.50646538e-02, 0., 0., 0., 0.,
       0., 0., 5.94114319e+02, 3.17871033e+02, 5.51961437e-02, 0., 0.,
       0., 0., 0., 0., 1.11723389e+03, 1.43464142e+02, 7.27308631e-01,
       1.14657849e+03, 1.74858459e+02, 4.89869654e-01, 1.06819531e+03,
       9.84183655e+01, 1.73439398e-01, 0., 0., 0., 0., 0., 0., 0., 0.,
       0., 0., 0., 0., 0., 0., 0., 0., 0., 0., 0., 0., 0. ]
