%YAML:1.0
---
pose_0: !!opencv-matrix
   rows: 1
   cols: 25
   dt: "3f"
   data: [ 8.58592102e+02, 3.39487335e+02, 7.22076595e-01,
       7.72411072e+02, 3.19790039e+02, 6.95272207e-01, 7.90007568e+02,
       2.59082336e+02, 7.13054121e-01, 6.74413696e+02, 1.82772903e+02,
       7.41254866e-01, 5.90207031e+02, 2.72755798e+02, 8.01634431e-01,
       7.46946350e+02, 3.72716858e+02, 5.21560669e-01, 6.41122925e+02,
       3.92342102e+02, 2.88516700e-01, 6.29394958e+02, 3.86423309e+02,
       2.43148178e-01, 5.99991516e+02, 3.04163635e+02, 1.87422454e-01,
       6.01939941e+02, 2.57154877e+02, 1.95152387e-01, 5.21623413e+02,
       2.39534470e+02, 1.58241272e-01, 0., 0., 0., 6.01988831e+02,
       3.51223175e+02, 2.23639995e-01, 5.15729248e+02, 3.68798340e+02,
       1.17739744e-01, 0., 0., 0., 8.80147034e+02, 3.21762573e+02,
       7.62923658e-01, 8.70361633e+02, 3.53163818e+02, 7.71223247e-01,
       8.56658447e+02, 2.94364838e+02, 6.68276727e-01, 0., 0., 0., 0.,
       0., 0., 0., 0., 0., 0., 0., 0., 0., 0., 0., 0., 0., 0., 0., 0.,
       0. ]
