%YAML:1.0
---
pose_0: !!opencv-matrix
   rows: 1
   cols: 25
   dt: "3f"
   data: [ 8.86025208e+02, 4.41281067e+02, 7.85551667e-01,
       7.86124329e+02, 4.58949707e+02, 6.46470904e-01, 7.76336975e+02,
       3.88447113e+02, 7.13037014e-01, 7.05787903e+02, 3.27660461e+02,
       7.02177942e-01, 6.72468933e+02, 2.61041992e+02, 8.11297953e-01,
       7.86123474e+02, 5.37244385e+02, 5.75902164e-01, 6.80308655e+02,
       6.03989685e+02, 7.80633867e-01, 7.74396362e+02, 5.90193298e+02,
       7.88720965e-01, 5.54952881e+02, 4.74589325e+02, 3.22339177e-01,
       5.58884399e+02, 4.29591217e+02, 3.97664547e-01, 3.86441620e+02,
       4.13890320e+02, 1.64734736e-01, 1.72871582e+02, 3.82547791e+02,
       2.77975529e-01, 5.49068787e+02, 5.17699036e+02, 2.87168890e-01,
       3.84439758e+02, 5.41257080e+02, 4.02582169e-01, 0., 0., 0.,
       8.95786499e+02, 4.27624725e+02, 8.08704793e-01, 8.99701477e+02,
       4.53046204e+02, 7.81134069e-01, 8.72305969e+02, 4.15814209e+02,
       4.31362629e-01, 8.78199036e+02, 4.80486298e+02, 6.83541596e-01,
       0., 0., 0., 0., 0., 0., 0., 0., 0., 1.53309906e+02,
       3.90339935e+02, 5.61141744e-02, 0., 0., 0., 0., 0., 0. ]
