%YAML:1.0
---
pose_0: !!opencv-matrix
   rows: 1
   cols: 25
   dt: "3f"
   data: [ 1.07606812e+03, 1.45485657e+02, 5.62025130e-01,
       9.19363892e+02, 1.78733337e+02, 2.47705221e-01, 9.44780518e+02,
       2.41472794e+02, 3.79447490e-01, 1.01144537e+03, 3.35452332e+02,
       6.44119501e-01, 1.12116895e+03, 2.31652115e+02, 4.00357276e-01,
       8.89958496e+02, 1.00419403e+02, 8.27879608e-02, 0., 0., 0., 0.,
       0., 0., 0., 0., 0., 0., 0., 0., 0., 0., 0., 0., 0., 0., 0., 0.,
       0., 0., 0., 0., 0., 0., 0., 1.08972290e+03, 1.21948006e+02,
       5.03024220e-01, 1.09372815e+03, 1.65146194e+02, 4.65292841e-01,
       1.07020837e+03, 9.65075455e+01, 8.69169682e-02, 1.07216882e+03,
       2.14025879e+02, 1.84132859e-01, 0., 0., 0., 0., 0., 0., 0., 0.,
       0., 0., 0., 0., 0., 0., 0., 0., 0., 0. ]
