%YAML:1.0
---
pose_0: !!opencv-matrix
   rows: 1
   cols: 25
   dt: "3f"
   data: [ 8.95814636e+02, 2.41520325e+02, 7.75782704e-01,
       8.52763245e+02, 3.04188110e+02, 4.63155389e-01, 8.58628967e+02,
       2.96347290e+02, 3.21854889e-01, 6.70551147e+02, 2.82623169e+02,
       1.24815688e-01, 6.86210022e+02, 2.16038910e+02, 4.33088571e-01,
       8.64453552e+02, 2.98314941e+02, 4.42040563e-01, 7.72404724e+02,
       2.68864777e+02, 4.76575136e-01, 7.44993408e+02, 1.80809875e+02,
       6.45189047e-01, 6.97940063e+02, 3.39460663e+02, 1.82163000e-01,
       7.11670227e+02, 3.08076111e+02, 1.75842941e-01, 6.33308960e+02,
       2.90449982e+02, 7.96342567e-02, 5.41239380e+02, 2.88438782e+02,
       2.05760315e-01, 6.84247803e+02, 3.70786224e+02, 1.46222800e-01,
       3.66830658e+02, 3.19862579e+02, 5.31726256e-02, 0., 0., 0.,
       9.07554932e+02, 2.37542892e+02, 3.25699300e-01, 9.15429382e+02,
       2.51286774e+02, 8.60877156e-01, 0., 0., 0., 9.13384460e+02,
       3.06121368e+02, 7.98715651e-01, 0., 0., 0., 0., 0., 0., 0., 0.,
       0., 0., 0., 0., 0., 0., 0., 0., 0., 0. ]
