%YAML:1.0
---
pose_0: !!opencv-matrix
   rows: 1
   cols: 25
   dt: "3f"
   data: [ 8.99695740e+02, 3.90398895e+02, 7.97821462e-01,
       7.90065247e+02, 3.66790344e+02, 7.30954766e-01, 7.88024658e+02,
       2.90433960e+02, 6.64977193e-01, 6.60713745e+02, 2.39456436e+02,
       7.62264252e-01, 7.42992798e+02, 2.57072540e+02, 7.94571877e-01,
       7.88012085e+02, 4.43225800e+02, 5.68984330e-01, 6.82239380e+02,
       5.09838959e+02, 8.12572896e-01, 7.82229797e+02, 5.15786926e+02,
       7.19805241e-01, 5.41222534e+02, 4.25643982e+02, 2.71520883e-01,
       5.43174011e+02, 3.82501160e+02, 3.89672756e-01, 3.51124512e+02,
       3.84449188e+02, 4.53481138e-01, 2.10095871e+02, 3.66861908e+02,
       9.03199911e-02, 5.43212402e+02, 4.68744843e+02, 2.98046649e-01,
       3.72740540e+02, 4.98113586e+02, 1.33404270e-01, 1.78806671e+02,
       5.27559082e+02, 3.32792401e-01, 9.13478760e+02, 3.68759003e+02,
       8.60796630e-01, 9.13476501e+02, 3.98272491e+02, 7.81626105e-01,
       8.87980896e+02, 3.23822662e+02, 8.27884376e-01, 0., 0., 0.,
       1.20063606e+02, 5.70554260e+02, 1.42621815e-01, 0., 0., 0.,
       1.55298187e+02, 5.15785645e+02, 1.55786470e-01, 1.45476501e+02,
       3.66819458e+02, 8.30303729e-02, 1.49389038e+02, 3.53138580e+02,
       1.03804171e-01, 0., 0., 0. ]
