%YAML:1.0
---
pose_0: !!opencv-matrix
   rows: 1
   cols: 25
   dt: "3f"
   data: [ 9.15332825e+02, 3.70839294e+02, 8.10554326e-01,
       8.01815063e+02, 3.70790222e+02, 6.45987451e-01, 7.89976624e+02,
       2.98257782e+02, 6.58145905e-01, 6.78393799e+02, 2.12077484e+02,
       8.27341437e-01, 7.58602905e+02, 2.39463058e+02, 8.11456025e-01,
       8.05684509e+02, 4.55020111e+02, 5.63047171e-01, 6.82290894e+02,
       5.23569519e+02, 8.16772342e-01, 7.93976135e+02, 5.19679932e+02,
       7.44064987e-01, 5.25546570e+02, 3.74695465e+02, 2.48532638e-01,
       5.31428040e+02, 3.33522491e+02, 3.17427278e-01, 3.43354706e+02,
       3.37410187e+02, 3.04093778e-01, 1.51376724e+02, 3.17882660e+02,
       2.50790983e-01, 5.15739319e+02, 4.29520935e+02, 2.45516241e-01,
       3.66854462e+02, 4.66765076e+02, 2.30858922e-01, 1.78783951e+02,
       5.23523315e+02, 2.36478448e-01, 9.21261292e+02, 3.51208405e+02,
       8.47258568e-01, 9.29073181e+02, 3.86481506e+02, 7.74889171e-01,
       8.93897095e+02, 3.23798248e+02, 6.48981333e-01, 9.07557251e+02,
       4.09938171e+02, 1.92397565e-01, 1.00413811e+02, 5.52978760e+02,
       5.47210984e-02, 1.06324120e+02, 5.52965454e+02, 5.93129136e-02,
       1.78765564e+02, 5.31407776e+02, 9.68909785e-02, 0., 0., 0., 0.,
       0., 0., 1.45484924e+02, 3.15915649e+02, 2.09952325e-01 ]
