%YAML:1.0
---
pose_0: !!opencv-matrix
   rows: 1
   cols: 25
   dt: "3f"
   data: [ 9.60477844e+02, 2.88531464e+02, 8.16962838e-01,
       8.52731384e+02, 3.15884155e+02, 6.87102139e-01, 8.21380310e+02,
       2.37552887e+02, 6.53686643e-01, 7.60671753e+02, 2.14064972e+02,
       2.74154693e-01, 7.13638428e+02, 1.90525894e+02, 6.01361811e-01,
       8.83979858e+02, 3.98206757e+02, 6.11534536e-01, 8.05680542e+02,
       4.80530487e+02, 5.65919280e-01, 7.33221924e+02, 5.70603149e+02,
       4.49542999e-01, 5.72562744e+02, 3.94279083e+02, 1.51815876e-01,
       5.70586060e+02, 3.39452850e+02, 2.45913103e-01, 4.04096558e+02,
       3.55151947e+02, 2.12285876e-01, 3.39456665e+02, 3.66804535e+02,
       1.03753403e-01, 5.54938782e+02, 4.53060669e+02, 1.56026751e-01,
       3.43362030e+02, 5.54982117e+02, 1.69287384e-01, 2.08148376e+02,
       6.50914185e+02, 6.04688525e-02, 9.64427246e+02, 2.59184235e+02,
       8.54594648e-01, 9.80004822e+02, 3.04175690e+02, 8.37624192e-01,
       9.40908142e+02, 2.29735260e+02, 6.88014448e-01, 9.78054382e+02,
       3.21905914e+02, 7.55454674e-02, 0., 0., 0., 0., 0., 0., 0., 0.,
       0., 0., 0., 0., 0., 0., 0., 0., 0., 0. ]
