%YAML:1.0
---
pose_0: !!opencv-matrix
   rows: 1
   cols: 25
   dt: "3f"
   data: [ 8.68394470e+02, 2.74838654e+02, 8.57842565e-01,
       7.74336426e+02, 2.90434448e+02, 7.48108208e-01, 7.64531921e+02,
       2.14048172e+02, 7.07550049e-01, 6.78370972e+02, 1.43517487e+02,
       8.11373651e-01, 6.01983643e+02, 1.65114670e+02, 8.30768406e-01,
       7.74362976e+02, 3.64853088e+02, 6.76344097e-01, 6.58760010e+02,
       4.09931519e+02, 7.56918669e-01, 6.80318787e+02, 3.35580261e+02,
       8.79625440e-01, 5.21630188e+02, 2.92395569e+02, 3.15744013e-01,
       5.25564697e+02, 2.53203094e+02, 3.28782231e-01, 3.90350281e+02,
       2.41483704e+02, 1.13093175e-01, 3.68811157e+02, 2.29769150e+02,
       3.46272886e-01, 5.11870850e+02, 3.35512177e+02, 3.59000236e-01,
       3.55113098e+02, 3.37429504e+02, 3.70071381e-01, 1.78727936e+02,
       3.47271698e+02, 4.58170354e-01, 8.76236206e+02, 2.59067108e+02,
       8.56660724e-01, 8.82106873e+02, 2.90457214e+02, 8.08967769e-01,
       8.52685242e+02, 2.41413467e+02, 6.52367830e-01, 8.66436523e+02,
       3.15922668e+02, 3.68773460e-01, 1.20010185e+02, 3.72740936e+02,
       2.19863042e-01, 1.31800278e+02, 3.76639343e+02, 2.54746467e-01,
       1.63113235e+02, 3.35535339e+02, 2.03480586e-01, 0., 0., 0., 0.,
       0., 0., 0., 0., 0. ]
