%YAML:1.0
---
pose_0: !!opencv-matrix
   rows: 1
   cols: 25
   dt: "3f"
   data: [ 9.52659790e+02, 3.10087280e+02, 7.20984995e-01,
       8.23352234e+02, 3.41420258e+02, 6.31946504e-01, 8.05729675e+02,
       2.72848297e+02, 6.57922447e-01, 6.90131409e+02, 2.70821777e+02,
       3.30765903e-01, 5.92137939e+02, 2.29700806e+02, 5.82825124e-01,
       8.39004456e+02, 4.23677338e+02, 6.32753432e-01, 7.31308777e+02,
       4.56952789e+02, 7.45238543e-01, 7.62615784e+02, 3.21824738e+02,
       6.36744857e-01, 5.43174561e+02, 3.33566681e+02, 1.02978319e-01,
       5.39265259e+02, 2.90442291e+02, 1.29939169e-01, 0., 0., 0., 0.,
       0., 0., 5.47092285e+02, 3.92324432e+02, 7.43428022e-02, 0., 0.,
       0., 0., 0., 0., 9.60510498e+02, 2.90381500e+02, 7.48127341e-01,
       9.64375671e+02, 3.29614929e+02, 8.14273715e-01, 9.23262878e+02,
       2.70868103e+02, 3.65293771e-01, 9.46718689e+02, 3.62915161e+02,
       3.81062716e-01, 0., 0., 0., 0., 0., 0., 0., 0., 0., 0., 0., 0.,
       0., 0., 0., 0., 0., 0. ]
