%YAML:1.0
---
pose_0: !!opencv-matrix
   rows: 1
   cols: 25
   dt: "3f"
   data: [ 8.72295715e+02, 2.74707245e+02, 7.69919455e-01,
       7.91914246e+02, 2.68911377e+02, 7.11404860e-01, 7.92081299e+02,
       1.90537872e+02, 6.99173868e-01, 6.84240234e+02, 1.27837784e+02,
       7.86104918e-01, 6.21598999e+02, 1.80810196e+02, 8.30759645e-01,
       7.84144165e+02, 3.51095215e+02, 6.57155812e-01, 6.76370300e+02,
       4.02102539e+02, 7.33395398e-01, 6.35325256e+02, 3.66932526e+02,
       8.10941815e-01, 5.56884094e+02, 2.72785767e+02, 2.98630178e-01,
       5.58856201e+02, 2.29762772e+02, 3.62253785e-01, 3.64872711e+02,
       2.25786240e+02, 5.16320527e-01, 1.74851059e+02, 2.39530884e+02,
       4.89047587e-01, 5.51002441e+02, 3.19877136e+02, 3.80764961e-01,
       3.51166595e+02, 3.31582794e+02, 4.03338253e-01, 1.57222137e+02,
       3.21866302e+02, 5.41464329e-01, 8.95823608e+02, 2.55195709e+02,
       7.34245062e-01, 8.84113586e+02, 2.88577057e+02, 7.78165996e-01,
       8.80113770e+02, 2.27774734e+02, 6.54438853e-01, 8.68346313e+02,
       3.04258698e+02, 2.61199713e-01, 1.12199280e+02, 3.76616394e+02,
       4.80451405e-01, 1.20009529e+02, 3.74717926e+02, 4.72291827e-01,
       1.35657013e+02, 3.06169281e+02, 4.59136784e-01, 1.31784134e+02,
       1.94462906e+02, 2.50034899e-01, 1.31793900e+02, 1.94475418e+02,
       1.99130997e-01, 1.63037384e+02, 2.45437561e+02, 3.53845984e-01 ]
