%YAML:1.0
---
pose_0: !!opencv-matrix
   rows: 1
   cols: 25
   dt: "3f"
   data: [ 8.91867249e+02, 1.45458786e+02, 7.28160501e-01,
       7.91915466e+02, 1.65153687e+02, 7.24744320e-01, 7.76361938e+02,
       9.25898056e+01, 6.90153539e-01, 6.62677917e+02, 4.55526047e+01,
       7.10366666e-01, 6.01922668e+02, 5.52965965e+01, 8.22607040e-01,
       8.03698608e+02, 2.51237000e+02, 6.44292712e-01, 6.80340942e+02,
       3.02213867e+02, 6.83972180e-01, 5.54951050e+02, 3.39457153e+02,
       7.94784069e-01, 5.21630981e+02, 1.80732971e+02, 1.51328534e-01,
       5.09877289e+02, 1.37640137e+02, 1.82069674e-01, 3.35531799e+02,
       2.27800247e+02, 1.40509933e-01, 1.96426041e+02, 2.90497406e+02,
       2.17367411e-01, 5.27501648e+02, 2.41446747e+02, 1.32831842e-01,
       3.53129425e+02, 2.27788193e+02, 1.34673104e-01, 1.94486542e+02,
       2.90440704e+02, 1.26430765e-01, 8.99763123e+02, 1.25864113e+02,
       8.11146379e-01, 9.05629028e+02, 1.63052841e+02, 8.04919481e-01,
       8.72362610e+02, 1.08267517e+02, 3.41514975e-01, 8.97770447e+02,
       1.92428879e+02, 4.78815585e-01, 0., 0., 0., 0., 0., 0.,
       1.88585495e+02, 2.92390015e+02, 6.66949674e-02, 1.16066345e+02,
       3.21781006e+02, 5.60257919e-02, 1.14104103e+02, 3.21779449e+02,
       5.06913923e-02, 0., 0., 0. ]
