%YAML:1.0
---
pose_0: !!opencv-matrix
   rows: 1
   cols: 25
   dt: "3f"
   data: [ 8.82033508e+02, 4.45164917e+02, 7.97943950e-01,
       7.76354492e+02, 4.43289673e+02, 7.52541184e-01, 7.74287964e+02,
       3.84563110e+02, 6.72733307e-01, 7.29350708e+02, 3.35505585e+02,
       8.28264713e-01, 8.39102661e+02, 3.76652588e+02, 8.10436130e-01,
       7.88000977e+02, 5.07933960e+02, 6.37780786e-01, 8.13572815e+02,
       6.17533569e+02, 7.65180409e-01, 8.86060608e+02, 5.21589111e+02,
       7.66723931e-01, 5.84310608e+02, 4.27586517e+02, 2.26864159e-01,
       5.52970459e+02, 4.11899323e+02, 2.92465031e-01, 3.80570221e+02,
       4.19752625e+02, 6.91732466e-02, 0., 0., 0., 6.15675415e+02,
       4.15805511e+02, 1.10331595e-01, 0., 0., 0., 0., 0., 0.,
       8.91934387e+02, 4.27614532e+02, 7.59482443e-01, 8.88005981e+02,
       4.58913879e+02, 7.23339677e-01, 8.78210571e+02, 4.11948364e+02,
       4.03845131e-01, 8.82081604e+02, 4.78615631e+02, 1.34400427e-01,
       0., 0., 0., 0., 0., 0., 0., 0., 0., 0., 0., 0., 0., 0., 0., 0.,
       0., 0. ]
