%YAML:1.0
---
pose_0: !!opencv-matrix
   rows: 1
   cols: 25
   dt: "3f"
   data: [ 9.44801758e+02, 2.41412643e+02, 7.49392867e-01,
       8.68335022e+02, 2.92472717e+02, 5.88152885e-01, 8.56663513e+02,
       2.68906128e+02, 1.80368498e-01, 0., 0., 0., 0., 0., 0.,
       8.68406128e+02, 3.15918793e+02, 4.83148426e-01, 7.84160034e+02,
       2.82640625e+02, 6.67285085e-01, 8.23293152e+02, 1.96372299e+02,
       7.89486110e-01, 6.66609802e+02, 3.41405792e+02, 1.51271597e-01,
       6.66598389e+02, 3.08111542e+02, 1.56811595e-01, 2.90468292e+02,
       3.49240356e+02, 1.25961676e-01, 0., 0., 0., 6.64634277e+02,
       3.80572937e+02, 1.26022398e-01, 2.90448975e+02, 3.51165741e+02,
       1.43074989e-01, 0., 0., 0., 9.48780273e+02, 2.27851532e+02,
       7.04227686e-01, 9.62468201e+02, 2.59033081e+02, 8.97532701e-01,
       0., 0., 0., 9.44743408e+02, 3.06190887e+02, 8.31615329e-01, 0.,
       0., 0., 0., 0., 0., 0., 0., 0., 0., 0., 0., 0., 0., 0., 0., 0.,
       0. ]
