%YAML:1.0
---
pose_0: !!opencv-matrix
   rows: 1
   cols: 25
   dt: "3f"
   data: [ 1.01137665e+03, 2.08172745e+02, 7.46745706e-01,
       8.89970459e+02, 2.08142990e+02, 5.53109825e-01, 9.01761536e+02,
       1.29804779e+02, 6.43113911e-01, 8.13517639e+02, 4.35813904e+01,
       7.24729419e-01, 8.88024963e+02, 1.12148422e+02, 5.52573025e-01,
       8.74245178e+02, 3.04165314e+02, 4.95348990e-01, 7.07709717e+02,
       3.55133698e+02, 7.38439560e-01, 5.90264648e+02, 3.86519135e+02,
       7.51120567e-01, 6.48956299e+02, 2.39500122e+02, 8.78936648e-02,
       6.19563232e+02, 1.96390503e+02, 8.19243193e-02, 0., 0., 0., 0.,
       0., 0., 6.66586487e+02, 2.76758545e+02, 8.26457441e-02, 0., 0.,
       0., 0., 0., 0., 1.02515967e+03, 1.82704208e+02, 8.96005213e-01,
       1.02910559e+03, 2.27775864e+02, 7.42461264e-01, 9.95823059e+02,
       1.47497192e+02, 6.72250986e-01, 0., 0., 0., 0., 0., 0., 0., 0.,
       0., 0., 0., 0., 0., 0., 0., 0., 0., 0., 0., 0., 0. ]
