%YAML:1.0
---
pose_0: !!opencv-matrix
   rows: 1
   cols: 25
   dt: "3f"
   data: [ 9.01647583e+02, 1.55290024e+02, 8.07170272e-01,
       7.92023499e+02, 1.61160568e+02, 6.54703736e-01, 7.99786560e+02,
       7.49323044e+01, 6.39382899e-01, 0., 0., 0., 0., 0., 0.,
       7.84172485e+02, 2.43489380e+02, 6.10019267e-01, 6.66672791e+02,
       2.84591095e+02, 7.36345530e-01, 5.54934204e+02, 3.04061432e+02,
       8.28098595e-01, 5.39274780e+02, 1.55288940e+02, 2.01235414e-01,
       5.33396423e+02, 1.12177505e+02, 1.94714844e-01, 4.64819153e+02,
       1.08265945e+02, 7.24564418e-02, 3.70786255e+02, 1.19979843e+02,
       3.87342542e-01, 5.39255493e+02, 2.06198792e+02, 1.41798675e-01,
       4.39344879e+02, 2.14085464e+02, 5.99929430e-02, 3.49204376e+02,
       1.80767670e+02, 1.45431608e-01, 9.13409363e+02, 1.33696350e+02,
       8.60999703e-01, 9.17295227e+02, 1.70937790e+02, 8.31382096e-01,
       8.95821106e+02, 1.12174255e+02, 5.63576341e-01, 9.05652222e+02,
       1.92453445e+02, 2.82476157e-01, 3.33549194e+02, 2.00332382e+02,
       7.07193464e-02, 3.37494568e+02, 2.04255173e+02, 7.06622973e-02,
       3.35459778e+02, 1.69020981e+02, 1.25583068e-01, 0., 0., 0., 0.,
       0., 0., 3.62898926e+02, 1.31783783e+02, 1.99052110e-01 ]
