%YAML:1.0
---
pose_0: !!opencv-matrix
   rows: 1
   cols: 25
   dt: "3f"
   data: [ 8.84075195e+02, 2.72809113e+02, 7.81916261e-01,
       7.99840332e+02, 2.57191284e+02, 6.25038147e-01, 8.13547302e+02,
       1.92515411e+02, 6.03446245e-01, 7.60700867e+02, 1.33795349e+02,
       8.06527078e-01, 7.89966125e+02, 2.72752960e+02, 7.28140593e-01,
       7.76310059e+02, 3.23768005e+02, 5.89772522e-01, 6.74447021e+02,
       3.59005463e+02, 7.39109099e-01, 5.74587219e+02, 3.82555725e+02,
       7.94490159e-01, 6.01931458e+02, 2.47331619e+02, 2.03832850e-01,
       5.86266052e+02, 2.23854233e+02, 1.84984326e-01, 4.84399261e+02,
       3.08072388e+02, 7.09899440e-02, 3.51205200e+02, 3.53152222e+02,
       6.82366118e-02, 5.86251892e+02, 3.04169861e+02, 1.53891683e-01,
       4.96159454e+02, 3.25736389e+02, 1.57040924e-01, 3.66823090e+02,
       3.51242310e+02, 6.98219985e-02, 8.95835632e+02, 2.53182587e+02,
       7.82008469e-01, 8.93849609e+02, 2.84545532e+02, 7.66133785e-01,
       8.78192017e+02, 2.25781799e+02, 6.72288239e-01, 8.84115784e+02,
       3.02215027e+02, 1.47387415e-01, 0., 0., 0., 0., 0., 0., 0., 0.,
       0., 0., 0., 0., 0., 0., 0., 0., 0., 0. ]
