%YAML:1.0
---
pose_0: !!opencv-matrix
   rows: 1
   cols: 25
   dt: "3f"
   data: [ 9.31103027e+02, 2.90374847e+02, 8.06808531e-01,
       8.19402954e+02, 2.90524292e+02, 6.15066290e-01, 8.15509521e+02,
       2.02291183e+02, 6.39057398e-01, 6.84253357e+02, 1.33760513e+02,
       7.63536572e-01, 7.13581787e+02, 1.98358444e+02, 8.15055430e-01,
       8.05738220e+02, 3.74700317e+02, 5.24415076e-01, 6.84265686e+02,
       4.29543304e+02, 7.41137505e-01, 5.86250610e+02, 4.33514130e+02,
       7.60365605e-01, 5.58846375e+02, 3.08099030e+02, 1.80215180e-01,
       5.70613403e+02, 2.66928467e+02, 2.46123180e-01, 4.29556396e+02,
       2.72806854e+02, 6.75930530e-02, 1.51348068e+02, 3.02181580e+02,
       2.95726001e-01, 5.47086182e+02, 3.66822449e+02, 1.65086001e-01,
       4.23679932e+02, 3.39406342e+02, 6.66131377e-02, 1.47407700e+02,
       3.53139618e+02, 1.01270087e-01, 9.35082581e+02, 2.64962555e+02,
       8.00749421e-01, 9.46701782e+02, 3.04236755e+02, 8.18578601e-01,
       9.05637207e+02, 2.39538818e+02, 6.32544279e-01, 9.33051697e+02,
       3.23756744e+02, 1.36319071e-01, 0., 0., 0., 0., 0., 0., 0., 0.,
       0., 1.16114395e+02, 2.57161591e+02, 1.75713301e-01,
       1.18061508e+02, 2.57204651e+02, 1.45632192e-01, 1.43482178e+02,
       3.10046600e+02, 2.08727062e-01 ]
