%YAML:1.0
---
pose_0: !!opencv-matrix
   rows: 1
   cols: 25
   dt: "3f"
   data: [ 1.06431470e+03, 3.72705902e+02, 7.24245608e-01,
       9.38932434e+02, 3.21782135e+02, 4.55804616e-01, 9.62380005e+02,
       2.35601288e+02, 4.40005958e-01, 7.80213440e+02, 1.61140579e+02,
       5.87066770e-01, 6.33250366e+02, 1.20023613e+02, 8.02166402e-01,
       9.27186035e+02, 4.09945343e+02, 3.68328840e-01, 7.93941528e+02,
       4.82456238e+02, 4.47596014e-01, 6.21585083e+02, 6.19536438e+02,
       4.84906197e-01, 0., 0., 0., 0., 0., 0., 0., 0., 0., 0., 0., 0.,
       0., 0., 0., 0., 0., 0., 0., 0., 0., 1.08984705e+03,
       3.39431854e+02, 8.17909837e-01, 1.08979309e+03, 3.90355347e+02,
       7.25833416e-01, 1.07216626e+03, 2.92447906e+02, 6.22588456e-01,
       1.10935022e+03, 4.17855499e+02, 7.41646960e-02, 0., 0., 0., 0.,
       0., 0., 0., 0., 0., 0., 0., 0., 0., 0., 0., 0., 0., 0. ]
