%YAML:1.0
---
pose_0: !!opencv-matrix
   rows: 1
   cols: 25
   dt: "3f"
   data: [ 9.44779175e+02, 2.41450699e+02, 7.59218156e-01,
       8.60577820e+02, 2.90460052e+02, 5.81473470e-01, 8.54655273e+02,
       2.59063171e+02, 2.06553638e-01, 0., 0., 0., 0., 0., 0.,
       8.64469238e+02, 3.23801086e+02, 4.62627649e-01, 7.78332153e+02,
       2.88504028e+02, 7.25004733e-01, 8.52654175e+02, 1.94353882e+02,
       8.09860826e-01, 7.11642029e+02, 3.17852875e+02, 2.36294672e-01,
       7.05788208e+02, 2.88479553e+02, 1.98285490e-01, 3.08086945e+02,
       3.49208740e+02, 1.20182678e-01, 1.49387924e+02, 4.13837921e+02,
       5.96792027e-02, 7.23409729e+02, 3.49211517e+02, 2.11326942e-01,
       6.35235962e+02, 3.76615845e+02, 1.36850357e-01, 0., 0., 0.,
       9.50656433e+02, 2.29762100e+02, 7.37965047e-01, 9.62437744e+02,
       2.59148682e+02, 8.76693189e-01, 0., 0., 0., 9.46718628e+02,
       3.06203339e+02, 8.51767540e-01, 0., 0., 0., 0., 0., 0., 0., 0.,
       0., 0., 0., 0., 0., 0., 0., 0., 0., 0. ]
