%YAML:1.0
---
pose_0: !!opencv-matrix
   rows: 2
   cols: 25
   dt: "3f"
   data: [ 9.05604797e+02, 3.68734528e+02, 6.97367072e-01,
       8.39071167e+02, 2.84577850e+02, 4.98057663e-01, 8.48827454e+02,
       2.70834015e+02, 6.89609170e-01, 7.39122192e+02, 2.90458252e+02,
       7.99680948e-01, 7.56686096e+02, 4.33526123e+02, 7.83731878e-01,
       8.37058594e+02, 3.04168884e+02, 2.43413836e-01, 0., 0., 0., 0.,
       0., 0., 5.33388672e+02, 2.82618958e+02, 2.60160834e-01,
       5.27495117e+02, 2.70853943e+02, 2.94312835e-01, 3.15899506e+02,
       3.39418213e+02, 2.78685808e-01, 1.00444099e+02, 3.39398529e+02,
       3.04024339e-01, 5.33397034e+02, 3.02196655e+02, 1.56751543e-01,
       3.31577515e+02, 3.49223785e+02, 2.53457099e-01, 1.16100403e+02,
       3.37456573e+02, 1.39877334e-01, 9.25176270e+02, 3.57090485e+02,
       7.18140483e-01, 0., 0., 0., 9.27180298e+02, 3.08078278e+02,
       8.11547995e-01, 0., 0., 0., 0., 0., 0., 0., 0., 0., 0., 0., 0.,
       0., 0., 0., 0., 0., 0., 7.69125366e+01, 3.41375305e+02,
       1.75791979e-01, 0., 0., 0., 0., 0., 0., 0., 0., 0., 0., 0., 0.,
       0., 0., 0., 6.88136169e+02, 3.02195770e+02, 5.89472577e-02,
       6.64666382e+02, 3.53223450e+02, 6.52402222e-01, 6.92057922e+02,
       4.51108673e+02, 7.83579588e-01, 0., 0., 0., 0., 0., 0., 0., 0.,
       0., 0., 0., 0., 0., 0., 0., 0., 0., 0., 0., 0., 0., 0., 0., 0.,
       0., 0., 0., 0., 0., 0., 0., 0., 0., 0., 0., 0., 0., 0., 0., 0.,
       0., 0., 0., 0., 0., 0., 0., 0., 0., 0., 0. ]
