%YAML:1.0
---
pose_0: !!opencv-matrix
   rows: 1
   cols: 25
   dt: "3f"
   data: [ 8.97748047e+02, 3.53119232e+02, 8.40630710e-01,
       8.07618958e+02, 3.31607697e+02, 4.94595349e-01, 8.09596130e+02,
       2.90432373e+02, 6.79888844e-01, 7.78322937e+02, 3.86516449e+02,
       7.84864306e-01, 7.76275940e+02, 5.11899139e+02, 8.16026151e-01,
       7.80238586e+02, 3.60973297e+02, 1.90192983e-01, 6.78298584e+02,
       4.43219116e+02, 3.41541320e-01, 6.07810913e+02, 5.25559692e+02,
       2.67383367e-01, 5.62768616e+02, 3.17869293e+02, 2.54831105e-01,
       5.62767761e+02, 2.90408142e+02, 3.30396026e-01, 4.60864227e+02,
       3.17871582e+02, 1.29791200e-01, 3.37486877e+02, 3.80585052e+02,
       9.23907086e-02, 5.54902832e+02, 3.47257874e+02, 1.29605442e-01,
       3.68797668e+02, 3.96222870e+02, 1.25001222e-01, 1.65062210e+02,
       3.27694244e+02, 2.30505362e-01, 8.99695190e+02, 3.35408478e+02,
       8.83184433e-01, 9.13427734e+02, 3.57095825e+02, 7.69497156e-01,
       8.68311157e+02, 3.06151154e+02, 7.84734607e-01, 8.93847595e+02,
       3.82415283e+02, 1.51006401e-01, 1.27834969e+02, 3.64833313e+02,
       1.31807700e-01, 1.31791016e+02, 3.66828979e+02, 1.49909765e-01,
       1.45481613e+02, 3.04153137e+02, 1.11424394e-01, 0., 0., 0., 0.,
       0., 0., 3.37427917e+02, 3.82479736e+02, 5.12608141e-02 ]
