%YAML:1.0
---
pose_0: !!opencv-matrix
   rows: 1
   cols: 25
   dt: "3f"
   data: [ 8.68373840e+02, 1.94415756e+02, 8.14655662e-01,
       8.13522217e+02, 2.74819427e+02, 4.57220942e-01, 8.35065491e+02,
       3.02205994e+02, 3.15473646e-01, 0., 0., 0., 0., 0., 0.,
       8.23318298e+02, 2.76762451e+02, 3.48718226e-01, 6.84233704e+02,
       2.31678970e+02, 6.63369656e-01, 5.49080872e+02, 1.80757431e+02,
       7.55493641e-01, 5.41229309e+02, 3.27668030e+02, 2.04686269e-01,
       5.43190979e+02, 2.90407104e+02, 2.67226011e-01, 3.19836884e+02,
       2.51261902e+02, 3.57304245e-01, 8.86812668e+01, 3.72729126e+02,
       1.38736695e-01, 5.39236267e+02, 3.70769714e+02, 2.27511436e-01,
       3.25714966e+02, 2.86508392e+02, 2.57444024e-01, 8.66605377e+01,
       3.74669220e+02, 3.88942659e-01, 8.80162292e+02, 1.84622238e+02,
       6.18864179e-01, 8.89914795e+02, 2.06162857e+02, 7.77393878e-01,
       0., 0., 0., 8.99796143e+02, 2.59194366e+02, 8.31880569e-01,
       3.97769051e+01, 4.00222443e+02, 1.62636489e-01, 4.94451904e+01,
       4.04100525e+02, 1.69029102e-01, 6.71010208e+01, 3.80533539e+02,
       2.48481214e-01, 4.36093025e+01, 4.04058868e+02, 1.25939086e-01,
       4.16968765e+01, 4.00114563e+02, 1.16669431e-01, 0., 0., 0. ]
