%YAML:1.0
---
pose_0: !!opencv-matrix
   rows: 1
   cols: 25
   dt: "3f"
   data: [ 9.44793884e+02, 3.74699738e+02, 4.94191319e-01,
       8.21382141e+02, 4.33477081e+02, 3.80668133e-01, 7.72384338e+02,
       3.66846039e+02, 4.36349928e-01, 6.21529297e+02, 3.84507538e+02,
       1.97903737e-01, 5.68638672e+02, 3.68785797e+02, 5.01599126e-02,
       8.62524475e+02, 4.92244995e+02, 1.66416615e-01, 0., 0., 0., 0.,
       0., 0., 0., 0., 0., 0., 0., 0., 0., 0., 0., 0., 0., 0., 0., 0.,
       0., 0., 0., 0., 0., 0., 0., 9.46821777e+02, 3.53189606e+02,
       5.05462885e-01, 9.50754395e+02, 3.82564453e+02, 5.38800716e-01,
       8.86025574e+02, 3.53142700e+02, 6.79912329e-01, 9.46699646e+02,
       4.02089813e+02, 3.33126932e-01, 0., 0., 0., 0., 0., 0., 0., 0.,
       0., 0., 0., 0., 0., 0., 0., 0., 0., 0. ]
