%YAML:1.0
---
pose_0: !!opencv-matrix
   rows: 1
   cols: 25
   dt: "3f"
   data: [ 9.03630432e+02, 2.80627197e+02, 8.25144470e-01,
       8.07664795e+02, 2.41414505e+02, 5.95050812e-01, 8.17478577e+02,
       1.74871445e+02, 5.90689063e-01, 7.46953369e+02, 1.17989967e+02,
       7.80414343e-01, 7.86084778e+02, 2.63024323e+02, 7.52367139e-01,
       7.91975525e+02, 3.02231659e+02, 4.79050040e-01, 0., 0., 0., 0.,
       0., 0., 6.60720215e+02, 2.45396072e+02, 1.29739329e-01,
       6.35273193e+02, 2.14048721e+02, 1.18190087e-01, 5.05935608e+02,
       3.10040192e+02, 7.93091729e-02, 0., 0., 0., 6.66587036e+02,
       2.84586914e+02, 1.29790843e-01, 5.47107117e+02, 3.53129456e+02,
       8.67799222e-02, 5.47113770e+02, 3.53119720e+02, 5.85839339e-02,
       9.15394958e+02, 2.57205841e+02, 9.01610613e-01, 9.17475708e+02,
       2.82603485e+02, 7.81214118e-01, 8.84151123e+02, 2.17947433e+02,
       8.28600883e-01, 0., 0., 0., 0., 0., 0., 0., 0., 0., 0., 0., 0.,
       0., 0., 0., 0., 0., 0., 0., 0., 0. ]
