%YAML:1.0
---
pose_0: !!opencv-matrix
   rows: 1
   cols: 25
   dt: "3f"
   data: [ 9.35070740e+02, 2.19926804e+02, 6.81596696e-01,
       8.31179810e+02, 2.66936859e+02, 6.71414375e-01, 8.03675232e+02,
       1.98348663e+02, 6.98549747e-01, 6.97934937e+02, 1.47485016e+02,
       7.97557831e-01, 6.80261353e+02, 1.72878235e+02, 8.16616118e-01,
       8.54692749e+02, 3.35564453e+02, 6.71883583e-01, 7.60642456e+02,
       4.45134552e+02, 7.94282138e-01, 6.21596924e+02, 4.96222137e+02,
       7.52103865e-01, 5.62777893e+02, 3.08103790e+02, 1.27742842e-01,
       5.58862305e+02, 2.70850128e+02, 1.26311511e-01, 3.39447754e+02,
       3.33509308e+02, 9.28236991e-02, 0., 0., 0., 5.58851135e+02,
       3.43340942e+02, 1.24963738e-01, 3.39439331e+02, 3.31584106e+02,
       8.96885768e-02, 0., 0., 0., 9.44782898e+02, 2.08127258e+02,
       7.71547139e-01, 9.50737793e+02, 2.39473068e+02, 8.37407589e-01,
       9.17409851e+02, 1.96414932e+02, 3.00611109e-01, 9.32980835e+02,
       2.76761780e+02, 7.97747731e-01, 0., 0., 0., 0., 0., 0., 0., 0.,
       0., 0., 0., 0., 0., 0., 0., 0., 0., 0. ]
