%YAML:1.0
---
pose_0: !!opencv-matrix
   rows: 1
   cols: 25
   dt: "3f"
   data: [ 9.01708984e+02, 4.53067413e+02, 7.55305350e-01,
       8.27239014e+02, 4.31500336e+02, 4.91915584e-01, 8.21367310e+02,
       3.80577148e+02, 3.69201273e-01, 8.89997498e+02, 3.53238983e+02,
       8.00064802e-01, 9.62337158e+02, 4.64840179e+02, 6.25008345e-01,
       8.33123901e+02, 4.78562073e+02, 3.79424006e-01, 8.50775024e+02,
       5.54869873e+02, 8.39505553e-01, 7.88010132e+02, 4.43222107e+02,
       7.70024836e-01, 5.74529846e+02, 5.07914948e+02, 6.68089613e-02,
       5.64722229e+02, 4.49148499e+02, 7.19464570e-02, 3.80586639e+02,
       4.45163940e+02, 1.29754543e-01, 0., 0., 0., 5.99983032e+02,
       5.43190369e+02, 6.34223297e-02, 0., 0., 0., 0., 0., 0.,
       9.05640320e+02, 4.31607178e+02, 7.28552997e-01, 9.17358582e+02,
       4.58864716e+02, 6.43771529e-01, 8.76209106e+02, 4.02151642e+02,
       4.18475956e-01, 0., 0., 0., 0., 0., 0., 0., 0., 0., 0., 0., 0.,
       0., 0., 0., 0., 0., 0., 0., 0., 0. ]
