%YAML:1.0
---
pose_0: !!opencv-matrix
   rows: 1
   cols: 25
   dt: "3f"
   data: [ 9.34965149e+02, 3.19830933e+02, 8.48235607e-01,
       8.37052185e+02, 3.53075500e+02, 7.38254011e-01, 8.07699951e+02,
       2.78681549e+02, 5.43699741e-01, 7.84129578e+02, 2.41454697e+02,
       1.46591842e-01, 7.58727112e+02, 2.12139572e+02, 3.08607250e-01,
       8.66451233e+02, 4.21680359e+02, 6.79265141e-01, 7.93915588e+02,
       5.11819672e+02, 8.22616279e-01, 8.05705750e+02, 4.15776489e+02,
       8.11138868e-01, 5.45139709e+02, 3.80549896e+02, 1.57251015e-01,
       5.49061462e+02, 3.43346619e+02, 2.12243289e-01, 3.64871429e+02,
       3.59034180e+02, 1.48424298e-01, 0., 0., 0., 5.45144836e+02,
       4.29567871e+02, 9.82419103e-02, 3.68856873e+02, 3.66819458e+02,
       6.34671077e-02, 3.47257172e+02, 3.64894653e+02, 6.16594180e-02,
       9.36947327e+02, 2.94389648e+02, 8.04164946e-01, 9.50694641e+02,
       3.35514740e+02, 8.05372834e-01, 9.05655151e+02, 2.78673096e+02,
       6.15861893e-01, 9.46685669e+02, 3.55071289e+02, 3.36743265e-01,
       0., 0., 0., 0., 0., 0., 0., 0., 0., 0., 0., 0., 0., 0., 0., 0.,
       0., 0. ]
