%YAML:1.0
---
pose_0: !!opencv-matrix
   rows: 1
   cols: 25
   dt: "3f"
   data: [ 9.48724976e+02, 2.49311920e+02, 8.11069667e-01,
       8.37087280e+02, 2.68910095e+02, 6.86461389e-01, 8.31180481e+02,
       1.82750854e+02, 6.70547128e-01, 7.05768005e+02, 1.47354980e+02,
       7.24649191e-01, 5.90238159e+02, 1.47407257e+02, 7.96024203e-01,
       8.48799622e+02, 3.47268738e+02, 6.48635089e-01, 7.35171265e+02,
       3.86418182e+02, 6.72564983e-01, 6.19646973e+02, 3.59049500e+02,
       7.73477435e-01, 5.54940063e+02, 2.53244293e+02, 2.27086052e-01,
       5.56870300e+02, 2.10119034e+02, 2.67824769e-01, 3.59040100e+02,
       2.12055298e+02, 1.55702189e-01, 3.37508759e+02, 2.00368698e+02,
       1.39267534e-01, 5.47113037e+02, 2.96330658e+02, 2.22703934e-01,
       3.68783875e+02, 3.53202698e+02, 2.42189601e-01, 0., 0., 0.,
       9.60393066e+02, 2.27696640e+02, 8.47872198e-01, 9.62478027e+02,
       2.65005890e+02, 8.37972641e-01, 9.31134583e+02, 2.08192017e+02,
       4.64189500e-01, 9.36954651e+02, 2.90558594e+02, 3.45394224e-01,
       0., 0., 0., 0., 0., 0., 0., 0., 0., 0., 0., 0., 0., 0., 0.,
       3.35526489e+02, 2.02266495e+02, 1.08469158e-01 ]
