%YAML:1.0
---
pose_0: !!opencv-matrix
   rows: 1
   cols: 25
   dt: "3f"
   data: [ 1.13876196e+03, 1.92523666e+02, 5.89536607e-01,
       9.64350586e+02, 2.10105438e+02, 3.18370551e-01, 9.50675659e+02,
       1.08239738e+02, 3.14563662e-01, 9.01681580e+02, 5.53937721e+01,
       1.36247471e-01, 0., 0., 0., 9.50688110e+02, 3.13970306e+02,
       3.45986813e-01, 8.07732788e+02, 4.31536438e+02, 5.34367681e-01,
       7.01880188e+02, 4.15777161e+02, 3.45479310e-01, 0., 0., 0., 0.,
       0., 0., 0., 0., 0., 0., 0., 0., 0., 0., 0., 0., 0., 0., 0., 0.,
       0., 1.15442480e+03, 1.65145889e+02, 8.07452977e-01,
       1.15444446e+03, 2.21862228e+02, 5.19076705e-01, 1.10739246e+03,
       1.16084564e+02, 1.62305921e-01, 1.13483997e+03, 2.47403641e+02,
       6.49748445e-02, 0., 0., 0., 0., 0., 0., 0., 0., 0., 0., 0., 0.,
       0., 0., 0., 0., 0., 0. ]
