%YAML:1.0
---
pose_0: !!opencv-matrix
   rows: 2
   cols: 25
   dt: "3f"
   data: [ 9.17335571e+02, 3.21783630e+02, 8.18737388e-01,
       8.54653198e+02, 2.49285736e+02, 2.79393762e-01, 8.64462402e+02,
       2.29712875e+02, 6.54838264e-01, 7.78246765e+02, 2.98282715e+02,
       7.25246906e-01, 8.21420898e+02, 4.02188110e+02, 8.51720989e-01,
       8.54670532e+02, 2.70878479e+02, 7.95413107e-02, 0., 0., 0., 0.,
       0., 0., 0., 0., 0., 0., 0., 0., 0., 0., 0., 0., 0., 0., 0., 0.,
       0., 0., 0., 0., 0., 0., 0., 9.33034058e+02, 3.06086029e+02,
       8.38165998e-01, 9.38869873e+02, 3.23741913e+02, 1.30292147e-01,
       9.29091736e+02, 2.55201538e+02, 8.40552747e-01, 0., 0., 0., 0.,
       0., 0., 0., 0., 0., 0., 0., 0., 0., 0., 0., 0., 0., 0., 0., 0.,
       0., 0., 0., 0., 7.62595947e+02, 2.51251450e+02, 2.91808039e-01,
       7.76344849e+02, 2.27754669e+02, 1.17432803e-01, 0., 0., 0., 0.,
       0., 0., 7.44976135e+02, 2.64957703e+02, 2.02490419e-01,
       6.97892334e+02, 3.41389587e+02, 7.46730030e-01, 7.60694397e+02,
       4.37409332e+02, 7.74070084e-01, 5.37305420e+02, 2.57139923e+02,
       1.30634248e-01, 5.37275330e+02, 2.70846985e+02, 1.33438930e-01,
       3.76667694e+02, 3.29610077e+02, 1.12327993e-01, 3.10037201e+02,
       2.86526215e+02, 6.22502044e-02, 5.41230347e+02, 2.45401535e+02,
       1.03477679e-01, 0., 0., 0., 0., 0., 0., 0., 0., 0., 0., 0., 0.,
       0., 0., 0., 0., 0., 0., 0., 0., 0., 0., 0., 0., 0., 0., 0., 0.,
       0., 0., 0., 0., 0., 0., 0., 0. ]
