%YAML:1.0
---
pose_0: !!opencv-matrix
   rows: 1
   cols: 25
   dt: "3f"
   data: [ 9.35022278e+02, 4.11898682e+02, 8.12867522e-01,
       8.23398071e+02, 4.29548035e+02, 7.18674064e-01, 8.11599121e+02,
       3.51194183e+02, 6.30412698e-01, 7.72333679e+02, 2.41478882e+02,
       6.88364506e-01, 7.78269226e+02, 1.16075493e+02, 6.46017194e-01,
       8.37013123e+02, 5.07898499e+02, 6.29723370e-01, 7.39089844e+02,
       5.58912292e+02, 7.16663420e-01, 5.99942139e+02, 5.54903381e+02,
       7.84914911e-01, 5.51013123e+02, 4.17802246e+02, 1.79089725e-01,
       5.52973511e+02, 3.72739838e+02, 2.38538593e-01, 3.74687866e+02,
       3.66871185e+02, 1.89584821e-01, 0., 0., 0., 5.49066833e+02,
       4.64816498e+02, 1.87171370e-01, 3.84485657e+02, 5.03980896e+02,
       5.51622733e-02, 0., 0., 0., 9.42861511e+02, 3.86448578e+02,
       8.52293551e-01, 9.50684753e+02, 4.21724213e+02, 8.20631385e-01,
       9.13475769e+02, 3.68877899e+02, 6.87176287e-01, 9.42808289e+02,
       4.43271881e+02, 2.50142813e-01, 0., 0., 0., 0., 0., 0., 0., 0.,
       0., 0., 0., 0., 0., 0., 0., 0., 0., 0. ]
