%YAML:1.0
---
pose_0: !!opencv-matrix
   rows: 1
   cols: 25
   dt: "3f"
   data: [ 8.72283936e+02, 1.63151611e+02, 7.93568134e-01,
       7.91963135e+02, 1.43517090e+02, 3.46096635e-01, 7.91948730e+02,
       1.18104034e+02, 4.14967477e-01, 8.19369751e+02, 2.15999222e+02,
       6.82537779e-02, 0., 0., 0., 7.90017639e+02, 1.76801727e+02,
       1.33577183e-01, 8.21307800e+02, 2.19922653e+02, 6.43245816e-01,
       8.21328674e+02, 1.33685349e+02, 7.34642088e-01, 6.03918152e+02,
       1.80751663e+02, 7.94280693e-02, 5.84311707e+02, 1.45470306e+02,
       6.61426485e-02, 0., 0., 0., 0., 0., 0., 5.99986694e+02,
       2.31667404e+02, 5.99143803e-02, 0., 0., 0., 0., 0., 0.,
       8.82115479e+02, 1.43539963e+02, 8.23167562e-01, 8.89966492e+02,
       1.65073837e+02, 6.51951909e-01, 8.54645691e+02, 1.06303650e+02,
       7.43253469e-01, 0., 0., 0., 0., 0., 0., 0., 0., 0., 0., 0., 0.,
       0., 0., 0., 0., 0., 0., 0., 0., 0. ]
