%YAML:1.0
---
pose_0: !!opencv-matrix
   rows: 1
   cols: 25
   dt: "3f"
   data: [ 8.86022705e+02, 2.88449371e+02, 8.08302820e-01,
       8.07710022e+02, 2.74848846e+02, 6.96456492e-01, 8.05684753e+02,
       1.96373154e+02, 7.12329209e-01, 6.74447998e+02, 1.47357666e+02,
       8.04739773e-01, 6.46975891e+02, 1.90529266e+02, 7.87500918e-01,
       8.17468079e+02, 3.66854034e+02, 5.87583065e-01, 7.13579834e+02,
       4.33447876e+02, 3.62230897e-01, 0., 0., 0., 5.56878723e+02,
       2.96318726e+02, 1.73425168e-01, 5.68629944e+02, 2.47350067e+02,
       2.55873829e-01, 4.29551025e+02, 2.43430176e+02, 7.53257498e-02,
       0., 0., 0., 5.29453979e+02, 3.66854004e+02, 1.43898815e-01,
       4.25633514e+02, 3.64879852e+02, 6.06169552e-02, 0., 0., 0.,
       9.01700562e+02, 2.61100372e+02, 8.07277501e-01, 9.05632507e+02,
       3.04104462e+02, 8.22547793e-01, 8.93872437e+02, 2.29758347e+02,
       6.49216294e-01, 0., 0., 0., 0., 0., 0., 0., 0., 0., 0., 0., 0.,
       0., 0., 0., 0., 0., 0., 0., 0., 0. ]
