%YAML:1.0
---
pose_0: !!opencv-matrix
   rows: 1
   cols: 25
   dt: "3f"
   data: [ 8.99755798e+02, 2.43515930e+02, 8.11180294e-01,
       8.35066101e+02, 3.21742035e+02, 5.92740953e-01, 8.37068848e+02,
       3.00223450e+02, 4.32343781e-01, 7.21439270e+02, 2.55161804e+02,
       6.13446534e-01, 8.38973511e+02, 1.94449524e+02, 7.91846156e-01,
       8.35067261e+02, 3.53111633e+02, 5.63740134e-01, 0., 0., 0., 0.,
       0., 0., 6.21555359e+02, 3.19860382e+02, 2.05276117e-01,
       5.90189270e+02, 2.90410248e+02, 2.27415651e-01, 3.41381927e+02,
       3.17873352e+02, 1.15348220e-01, 0., 0., 0., 6.45056091e+02,
       3.51212646e+02, 1.46393731e-01, 3.49196716e+02, 3.21844879e+02,
       7.80309439e-02, 0., 0., 0., 9.15447998e+02, 2.43473892e+02,
       1.81678012e-01, 9.17328186e+02, 2.57162018e+02, 8.84016991e-01,
       0., 0., 0., 9.15376587e+02, 3.15869843e+02, 7.95375943e-01, 0.,
       0., 0., 0., 0., 0., 0., 0., 0., 0., 0., 0., 0., 0., 0., 0., 0.,
       0. ]
