%YAML:1.0
---
pose_0: !!opencv-matrix
   rows: 1
   cols: 25
   dt: "3f"
   data: [ 9.52623230e+02, 2.27791199e+02, 8.63190591e-01,
       8.19386841e+02, 2.31669708e+02, 6.11202896e-01, 8.13507263e+02,
       1.45481781e+02, 6.52489007e-01, 6.88156616e+02, 9.06057816e+01,
       6.70206785e-01, 6.43125122e+02, 1.16098526e+02, 7.81408191e-01,
       8.23316345e+02, 3.21762512e+02, 6.43801510e-01, 7.17556580e+02,
       3.98284790e+02, 8.06405127e-01, 6.46988281e+02, 3.84503296e+02,
       7.51693249e-01, 5.72571228e+02, 2.29716156e+02, 1.75359562e-01,
       5.72548340e+02, 1.94452835e+02, 2.78019369e-01, 4.47162933e+02,
       2.12075653e+02, 5.63744605e-02, 0., 0., 0., 5.45144958e+02,
       2.98279602e+02, 6.41164556e-02, 3.59014648e+02, 3.02178925e+02,
       6.60214275e-02, 0., 0., 0., 9.50685730e+02, 1.98397400e+02,
       8.56348932e-01, 9.78022766e+02, 2.27783539e+02, 8.40856612e-01,
       9.15364502e+02, 1.78752548e+02, 6.60447478e-01, 9.58504333e+02,
       2.59050598e+02, 1.37169585e-01, 0., 0., 0., 0., 0., 0., 0., 0.,
       0., 0., 0., 0., 0., 0., 0., 0., 0., 0. ]
