%YAML:1.0
---
pose_0: !!opencv-matrix
   rows: 1
   cols: 25
   dt: "3f"
   data: [ 1.00939142e+03, 2.08198990e+02, 7.53163040e-01,
       8.85994385e+02, 2.02304596e+02, 5.31842709e-01, 8.99748230e+02,
       1.16108635e+02, 5.44334173e-01, 8.03691650e+02, 3.77953568e+01,
       7.87020147e-01, 8.83980469e+02, 1.14114998e+02, 6.68087482e-01,
       8.72342712e+02, 3.04143372e+02, 5.49813390e-01, 7.11691040e+02,
       3.55146179e+02, 6.38599217e-01, 5.92164368e+02, 3.88423584e+02,
       7.40840256e-01, 6.60711853e+02, 2.31670822e+02, 1.28314093e-01,
       6.31341553e+02, 1.80728745e+02, 9.51329172e-02, 0., 0., 0., 0.,
       0., 0., 6.82282166e+02, 2.72853210e+02, 1.24294125e-01, 0., 0.,
       0., 0., 0., 0., 1.02515356e+03, 1.80800079e+02, 8.99868727e-01,
       1.02513623e+03, 2.27729202e+02, 7.83071041e-01, 1.00743378e+03,
       1.43532776e+02, 5.53989530e-01, 0., 0., 0., 0., 0., 0., 0., 0.,
       0., 0., 0., 0., 0., 0., 0., 0., 0., 0., 0., 0., 0. ]
