%YAML:1.0
---
pose_0: !!opencv-matrix
   rows: 1
   cols: 25
   dt: "3f"
   data: [ 9.85970337e+02, 2.90483673e+02, 7.23915458e-01,
       8.97802246e+02, 3.13973602e+02, 3.14569920e-01, 8.74261047e+02,
       2.55211853e+02, 2.46666700e-01, 8.66383179e+02, 2.08123230e+02,
       1.19175076e-01, 0., 0., 0., 9.15451904e+02, 3.68774506e+02,
       3.70768309e-01, 8.58632263e+02, 5.05940155e+02, 7.16728330e-01,
       9.36952515e+02, 4.00088684e+02, 8.04867387e-01, 0., 0., 0., 0.,
       0., 0., 0., 0., 0., 0., 0., 0., 0., 0., 0., 0., 0., 0., 0., 0.,
       0., 9.93857178e+02, 2.59132751e+02, 7.96193242e-01,
       1.00946692e+03, 3.08066437e+02, 6.96115613e-01, 9.62403442e+02,
       2.41511322e+02, 4.38863635e-01, 1.01336414e+03, 3.35431885e+02,
       6.89287707e-02, 0., 0., 0., 0., 0., 0., 0., 0., 0., 0., 0., 0.,
       0., 0., 0., 0., 0., 0. ]
