%YAML:1.0
---
pose_0: !!opencv-matrix
   rows: 1
   cols: 25
   dt: "3f"
   data: [ 9.15368225e+02, 3.37468079e+02, 8.00170958e-01,
       8.39006836e+02, 2.59053436e+02, 6.39448524e-01, 8.50750610e+02,
       2.33606689e+02, 7.42081940e-01, 7.31320435e+02, 2.68921692e+02,
       7.60761738e-01, 7.90068909e+02, 4.00098419e+02, 8.05028260e-01,
       8.27278320e+02, 2.90455261e+02, 3.67680550e-01, 6.97905457e+02,
       3.43378357e+02, 6.41118407e-01, 7.60714600e+02, 4.15867950e+02,
       7.89495766e-01, 5.43205444e+02, 2.72778900e+02, 3.30538630e-01,
       5.45121399e+02, 2.39500961e+02, 3.42788219e-01, 3.98225311e+02,
       2.70881042e+02, 2.45600432e-01, 2.63023956e+02, 2.78671417e+02,
       8.57451707e-02, 5.39297180e+02, 3.04156281e+02, 2.98674166e-01,
       4.35417175e+02, 3.35514648e+02, 1.09340131e-01, 8.67170868e+01,
       2.47362900e+02, 6.14798553e-02, 9.33045593e+02, 3.21835205e+02,
       8.01040173e-01, 0., 0., 0., 9.31047607e+02, 2.72829468e+02,
       8.93517017e-01, 0., 0., 0., 0., 0., 0., 0., 0., 0., 0., 0., 0.,
       0., 0., 0., 0., 0., 0., 0., 0., 0. ]
