%YAML:1.0
---
pose_0: !!opencv-matrix
   rows: 1
   cols: 25
   dt: "3f"
   data: [ 1.11132947e+03, 1.84644806e+02, 5.70013762e-01,
       8.86039246e+02, 1.72884842e+02, 2.78233558e-01, 8.39028076e+02,
       1.06306786e+02, 1.69025168e-01, 0., 0., 0., 0., 0., 0.,
       9.44764587e+02, 2.70809601e+02, 3.48812819e-01, 7.35191040e+02,
       3.98186920e+02, 6.57373965e-01, 8.68413208e+02, 3.39494720e+02,
       5.56773901e-01, 6.27416260e+02, 3.00240814e+02, 5.88596947e-02,
       0., 0., 0., 0., 0., 0., 0., 0., 0., 0., 0., 0., 0., 0., 0., 0.,
       0., 0., 1.12505225e+03, 1.68963333e+02, 7.07875609e-01,
       1.12314844e+03, 2.25710449e+02, 6.35525584e-01, 1.12108716e+03,
       1.47491760e+02, 8.12788308e-02, 1.11720654e+03, 2.57227264e+02,
       5.91973327e-02, 0., 0., 0., 0., 0., 0., 0., 0., 0., 0., 0., 0.,
       0., 0., 0., 0., 0., 0. ]
