%YAML:1.0
---
pose_0: !!opencv-matrix
   rows: 1
   cols: 25
   dt: "3f"
   data: [ 9.70263794e+02, 2.57051453e+02, 7.55361557e-01,
       8.68459473e+02, 2.68877197e+02, 6.34876847e-01, 8.58631653e+02,
       1.94408051e+02, 5.86911619e-01, 8.17447815e+02, 1.51370316e+02,
       4.39532995e-01, 7.46991577e+02, 9.84830780e+01, 7.31254160e-01,
       8.80124817e+02, 3.51210541e+02, 6.08468473e-01, 7.95899597e+02,
       4.58941742e+02, 7.25336552e-01, 7.43043396e+02, 5.39249512e+02,
       5.21042526e-01, 5.62769897e+02, 3.23761017e+02, 1.83610857e-01,
       5.52955078e+02, 2.74753479e+02, 2.36932158e-01, 3.37489960e+02,
       2.98306396e+02, 1.96244478e-01, 1.08225731e+02, 3.21854584e+02,
       1.80437654e-01, 5.62767761e+02, 3.78624390e+02, 1.90882027e-01,
       3.64892426e+02, 4.13798340e+02, 3.05416346e-01, 1.96425873e+02,
       4.62930817e+02, 1.98320404e-01, 9.83965698e+02, 2.23865524e+02,
       7.72844315e-01, 9.93726746e+02, 2.72751221e+02, 8.20006073e-01,
       9.62420654e+02, 1.92444580e+02, 5.91976821e-01, 0., 0., 0., 0.,
       0., 0., 0., 0., 0., 1.88578918e+02, 4.68739594e+02,
       1.15883894e-01, 8.47574615e+01, 3.37452301e+02, 9.10316929e-02,
       8.27692795e+01, 3.31613770e+02, 1.06717497e-01, 9.25768280e+01,
       3.19841888e+02, 2.14716941e-01 ]
