%YAML:1.0
---
pose_0: !!opencv-matrix
   rows: 1
   cols: 25
   dt: "3f"
   data: [ 8.52774231e+02, 1.63069412e+02, 8.18171144e-01,
       7.68447083e+02, 1.65015640e+02, 7.06706941e-01, 7.58599121e+02,
       8.86812973e+01, 7.01767266e-01, 6.39148438e+02, 3.77799339e+01,
       7.17651963e-01, 6.70537476e+02, 7.09785080e+01, 8.13650668e-01,
       7.76279480e+02, 2.43390244e+02, 6.41844034e-01, 6.97948364e+02,
       2.86498352e+02, 3.04961145e-01, 6.70501709e+02, 2.92403961e+02,
       3.09399486e-01, 5.27491943e+02, 1.80758255e+02, 2.95507491e-01,
       5.27506226e+02, 1.33750519e+02, 3.88116151e-01, 3.66816315e+02,
       1.47443604e+02, 2.33859137e-01, 3.33518097e+02, 1.61161072e+02,
       1.58616722e-01, 5.25576843e+02, 2.29752884e+02, 3.26279044e-01,
       3.51138947e+02, 2.59182526e+02, 4.38740045e-01, 1.82718307e+02,
       2.84563477e+02, 4.10067022e-01, 8.66405945e+02, 1.41534790e+02,
       7.64399111e-01, 8.68430359e+02, 1.78671661e+02, 8.63207877e-01,
       8.50733643e+02, 1.19990051e+02, 6.03462696e-01, 8.62497559e+02,
       1.96330490e+02, 3.76005679e-01, 1.14084442e+02, 3.04204193e+02,
       7.53076971e-02, 0., 0., 0., 1.67020432e+02, 2.78710663e+02,
       2.21471637e-01, 0., 0., 0., 0., 0., 0., 3.35509705e+02,
       1.65095230e+02, 1.20776199e-01 ]
