%YAML:1.0
---
pose_0: !!opencv-matrix
   rows: 1
   cols: 25
   dt: "3f"
   data: [ 9.33116760e+02, 3.06176971e+02, 8.04103971e-01,
       8.42932983e+02, 3.04192444e+02, 5.49480259e-01, 8.62529907e+02,
       2.21869781e+02, 4.36239481e-01, 7.95884155e+02, 1.55287231e+02,
       7.13357210e-01, 8.66473450e+02, 2.74837433e+02, 7.35145450e-01,
       8.40957275e+02, 3.68848633e+02, 6.01204395e-01, 7.99829712e+02,
       4.64867340e+02, 7.83325970e-01, 8.70312988e+02, 4.29491882e+02,
       8.46386075e-01, 5.56907288e+02, 3.31582214e+02, 9.62876603e-02,
       5.37288696e+02, 2.86525604e+02, 1.19041577e-01, 3.27679688e+02,
       3.27652069e+02, 1.19666219e-01, 0., 0., 0., 5.88235352e+02,
       3.72739990e+02, 1.02443896e-01, 3.94274658e+02, 4.11889038e+02,
       7.14834780e-02, 0., 0., 0., 9.46742859e+02, 2.78686096e+02,
       8.16822648e-01, 9.50732544e+02, 3.21704010e+02, 8.13074172e-01,
       9.31097046e+02, 2.51271469e+02, 4.61385518e-01, 9.38919434e+02,
       3.37612885e+02, 6.15485534e-02, 0., 0., 0., 0., 0., 0., 0., 0.,
       0., 0., 0., 0., 0., 0., 0., 0., 0., 0. ]
