%YAML:1.0
---
pose_0: !!opencv-matrix
   rows: 1
   cols: 25
   dt: "3f"
   data: [ 9.09539429e+02, 4.33541229e+02, 7.34874606e-01,
       8.09670044e+02, 4.31565887e+02, 6.43424332e-01, 8.21408142e+02,
       3.51214020e+02, 5.91007233e-01, 8.64450562e+02, 2.59109070e+02,
       7.27240682e-01, 9.95803650e+02, 2.59176453e+02, 6.78338885e-01,
       7.90061096e+02, 5.07872559e+02, 6.01495624e-01, 6.84288025e+02,
       5.33407532e+02, 6.92978740e-01, 5.74554382e+02, 5.96068604e+02,
       6.25683486e-01, 5.82357971e+02, 4.17801941e+02, 1.85206637e-01,
       5.84316650e+02, 3.82536804e+02, 2.18972623e-01, 3.41416534e+02,
       3.53174866e+02, 4.45717126e-01, 0., 0., 0., 5.82357300e+02,
       4.64814789e+02, 7.49439001e-02, 0., 0., 0., 0., 0., 0.,
       9.17370483e+02, 4.15935333e+02, 8.54617715e-01, 9.17326721e+02,
       4.49105927e+02, 7.55689442e-01, 8.95828064e+02, 3.96181335e+02,
       6.61725521e-01, 8.97731140e+02, 4.64823181e+02, 2.64381260e-01,
       0., 0., 0., 0., 0., 0., 0., 0., 0., 0., 0., 0., 0., 0., 0., 0.,
       0., 0. ]
