%YAML:1.0
---
pose_0: !!opencv-matrix
   rows: 1
   cols: 25
   dt: "3f"
   data: [ 9.15383667e+02, 2.15996078e+02, 8.08433175e-01,
       7.90085938e+02, 2.25749985e+02, 7.02712953e-01, 7.89994568e+02,
       1.35682388e+02, 7.21067131e-01, 6.93996277e+02, 9.45140610e+01,
       7.04988301e-01, 6.70502014e+02, 1.31690491e+02, 8.55117321e-01,
       7.90087280e+02, 3.08115601e+02, 6.45327330e-01, 6.92073486e+02,
       3.82418915e+02, 8.02635074e-01, 5.88277222e+02, 3.94251831e+02,
       8.00131917e-01, 5.62770813e+02, 2.29716705e+02, 3.20939094e-01,
       5.60802979e+02, 1.86626785e+02, 3.16118687e-01, 3.49176788e+02,
       1.94503708e+02, 5.63043892e-01, 1.63051559e+02, 1.94512833e+02,
       4.52061862e-01, 5.64732544e+02, 2.74759125e+02, 3.08316648e-01,
       4.94211029e+02, 3.19804077e+02, 8.84581953e-02, 3.37518494e+02,
       2.70835114e+02, 1.52386963e-01, 9.15435852e+02, 1.94440567e+02,
       8.90212059e-01, 9.33049927e+02, 2.23825195e+02, 7.83830166e-01,
       8.74308655e+02, 1.72875641e+02, 6.70069396e-01, 9.01683960e+02,
       2.51295929e+02, 2.16019928e-01, 0., 0., 0., 0., 0., 0., 0., 0.,
       0., 1.16074875e+02, 1.49427719e+02, 1.84720367e-01,
       1.16116295e+02, 1.49469482e+02, 1.67693719e-01, 1.45445267e+02,
       2.00320038e+02, 2.72210956e-01 ]
