%YAML:1.0
---
pose_0: !!opencv-matrix
   rows: 1
   cols: 25
   dt: "3f"
   data: [ 9.29108459e+02, 2.92454132e+02, 7.88390338e-01,
       8.17475647e+02, 2.82604340e+02, 6.10399544e-01, 8.17437561e+02,
       2.04268326e+02, 6.41225219e-01, 7.07716064e+02, 1.33647720e+02,
       8.25631082e-01, 6.80256042e+02, 1.88601547e+02, 8.23298335e-01,
       8.09624512e+02, 3.72721832e+02, 5.52627861e-01, 6.64602966e+02,
       4.27626526e+02, 7.69606590e-01, 7.27299377e+02, 3.53131348e+02,
       8.42780471e-01, 5.29457764e+02, 3.02182190e+02, 2.04837948e-01,
       5.31429993e+02, 2.57177429e+02, 3.10141683e-01, 3.33541016e+02,
       2.63004547e+02, 2.56751984e-01, 1.92481018e+02, 2.80626831e+02,
       3.39004517e-01, 5.29465210e+02, 3.49225952e+02, 1.96538821e-01,
       3.70749695e+02, 3.74667816e+02, 1.56280100e-01, 1.65078476e+02,
       3.35540253e+02, 1.57003850e-01, 9.38931946e+02, 2.72816681e+02,
       8.26082945e-01, 9.36988770e+02, 3.13927979e+02, 7.32129931e-01,
       9.15380493e+02, 2.43482513e+02, 6.15629196e-01, 9.17387756e+02,
       3.35605560e+02, 1.84414804e-01, 9.45309372e+01, 3.55096191e+02,
       9.42902192e-02, 1.04340637e+02, 3.62949524e+02, 1.16100594e-01,
       1.51381622e+02, 3.35530884e+02, 7.94196352e-02, 1.12176376e+02,
       2.31705856e+02, 1.16507083e-01, 1.14123398e+02, 2.29767883e+02,
       9.30807143e-02, 1.76789917e+02, 2.84578186e+02, 1.74330115e-01 ]
