%YAML:1.0
---
pose_0: !!opencv-matrix
   rows: 1
   cols: 25
   dt: "3f"
   data: [ 8.85993835e+02, 3.57054810e+02, 7.45971024e-01,
       7.86079712e+02, 3.02237885e+02, 6.56578302e-01, 8.05627136e+02,
       2.43415955e+02, 6.62655652e-01, 6.82211487e+02, 1.94434357e+02,
       8.31750274e-01, 5.54926331e+02, 2.43404755e+02, 7.11570561e-01,
       7.58725952e+02, 3.53108673e+02, 5.15265644e-01, 6.41146667e+02,
       3.64919891e+02, 3.73878479e-01, 5.54893921e+02, 3.96269470e+02,
       2.51801550e-01, 5.51034607e+02, 3.04156342e+02, 2.56135464e-01,
       5.45151978e+02, 2.72799744e+02, 2.17953652e-01, 3.35495941e+02,
       3.57045380e+02, 4.75821018e-01, 1.02391602e+02, 3.37432007e+02,
       2.54489005e-01, 5.47083130e+02, 3.41370422e+02, 2.09689081e-01,
       3.80570251e+02, 3.78591614e+02, 1.12542853e-01, 1.19995789e+02,
       2.98308777e+02, 2.15589568e-01, 9.05618042e+02, 3.35569122e+02,
       7.23682761e-01, 9.01774719e+02, 3.66816376e+02, 8.25392425e-01,
       8.82093140e+02, 2.90485291e+02, 8.61355305e-01, 0., 0., 0.,
       1.02414719e+02, 2.72858917e+02, 1.91335201e-01, 1.04343117e+02,
       2.78708618e+02, 2.02839568e-01, 0., 0., 0., 0., 0., 0., 0., 0.,
       0., 8.27746277e+01, 3.39440796e+02, 1.57420486e-01 ]
