%YAML:1.0
---
pose_0: !!opencv-matrix
   rows: 1
   cols: 25
   dt: "3f"
   data: [ 8.64468445e+02, 3.51272675e+02, 8.28265071e-01,
       7.76374329e+02, 3.04181000e+02, 6.97945654e-01, 7.80260437e+02,
       2.43441010e+02, 6.75036490e-01, 6.97969360e+02, 2.49307465e+02,
       7.47671843e-01, 7.66540955e+02, 3.68768433e+02, 5.41246176e-01,
       7.74378540e+02, 3.53193634e+02, 5.80327570e-01, 6.96019226e+02,
       4.66799957e+02, 7.77816653e-01, 7.64553040e+02, 4.60961426e+02,
       6.30565763e-01, 5.45146118e+02, 3.11980560e+02, 2.67863572e-01,
       5.47085327e+02, 2.72839874e+02, 3.09700757e-01, 4.07983948e+02,
       2.63020569e+02, 2.80065238e-01, 3.02182587e+02, 2.63005768e+02,
       1.43279418e-01, 5.39274719e+02, 3.51225433e+02, 2.86057591e-01,
       3.43343719e+02, 3.82597778e+02, 2.86910862e-01, 1.59186279e+02,
       3.84559448e+02, 4.14687067e-01, 8.74327820e+02, 3.33534790e+02,
       7.68012881e-01, 8.82072449e+02, 3.53161926e+02, 6.39674664e-01,
       8.64428589e+02, 2.88540436e+02, 7.95066655e-01, 0., 0., 0.,
       1.06325340e+02, 4.25608612e+02, 1.49081394e-01, 0., 0., 0.,
       1.31794418e+02, 3.86437347e+02, 2.49434665e-01, 0., 0., 0., 0.,
       0., 0., 0., 0., 0. ]
