%YAML:1.0
---
pose_0: !!opencv-matrix
   rows: 1
   cols: 25
   dt: "3f"
   data: [ 1.06818945e+03, 2.64982361e+02, 6.56586170e-01,
       9.15442871e+02, 2.51246567e+02, 4.16111201e-01, 9.11514160e+02,
       1.49430527e+02, 4.89118934e-01, 8.54723999e+02, 1.04314461e+02,
       9.32718590e-02, 7.86104980e+02, 8.86975403e+01, 1.31840274e-01,
       9.05623962e+02, 3.33558472e+02, 2.86201119e-01, 7.42955078e+02,
       4.53071136e+02, 6.25675499e-01, 8.58593750e+02, 3.82482880e+02,
       5.38932085e-01, 0., 0., 0., 0., 0., 0., 0., 0., 0., 0., 0., 0.,
       0., 0., 0., 0., 0., 0., 0., 0., 0., 1.09171753e+03,
       2.35554520e+02, 7.52801061e-01, 1.08387683e+03, 2.88426727e+02,
       6.56250536e-01, 1.05641968e+03, 1.90480057e+02, 6.21330857e-01,
       0., 0., 0., 0., 0., 0., 0., 0., 0., 0., 0., 0., 0., 0., 0., 0.,
       0., 0., 0., 0., 0. ]
