%YAML:1.0
---
pose_0: !!opencv-matrix
   rows: 1
   cols: 25
   dt: "3f"
   data: [ 8.99733276e+02, 2.74789734e+02, 8.59329998e-01,
       8.21297302e+02, 2.43446243e+02, 5.88504374e-01, 8.23299133e+02,
       1.90500870e+02, 6.41352475e-01, 7.60729614e+02, 1.51335831e+02,
       7.77821124e-01, 8.07743286e+02, 2.94401642e+02, 7.70172894e-01,
       8.05687927e+02, 2.84556091e+02, 3.19092274e-01, 0., 0., 0., 0.,
       0., 0., 6.64640015e+02, 2.53217804e+02, 9.70510095e-02,
       6.41144531e+02, 2.23843979e+02, 1.19466797e-01, 3.66851471e+02,
       3.45293579e+02, 5.57916015e-02, 0., 0., 0., 6.80335938e+02,
       3.04126526e+02, 5.33542410e-02, 2.86520660e+02, 3.53189636e+02,
       2.12403417e-01, 1.53320786e+02, 3.59007416e+02, 3.60306799e-01,
       9.07562988e+02, 2.53250366e+02, 7.70193279e-01, 9.15420776e+02,
       2.86501984e+02, 8.13046575e-01, 8.88008118e+02, 2.23858063e+02,
       6.75246060e-01, 0., 0., 0., 1.29804367e+02, 3.21749939e+02,
       1.29034266e-01, 1.29816635e+02, 3.33551788e+02, 1.54362753e-01,
       1.33682739e+02, 3.47290283e+02, 2.52334595e-01, 0., 0., 0., 0.,
       0., 0., 0., 0., 0. ]
