%YAML:1.0
---
pose_0: !!opencv-matrix
   rows: 1
   cols: 25
   dt: "3f"
   data: [ 9.11496948e+02, 2.74855042e+02, 7.21909940e-01,
       8.13515869e+02, 2.63052765e+02, 6.05523467e-01, 8.21344299e+02,
       1.80760696e+02, 6.67453349e-01, 6.90102478e+02, 1.16017166e+02,
       8.06871772e-01, 6.80273071e+02, 2.00313751e+02, 7.99585462e-01,
       8.05718140e+02, 3.57047485e+02, 5.08571386e-01, 6.62718750e+02,
       4.00249908e+02, 7.76675284e-01, 7.27287415e+02, 3.51157806e+02,
       7.76509643e-01, 5.80403137e+02, 2.57140289e+02, 2.01134592e-01,
       5.78455383e+02, 2.21870682e+02, 2.61825114e-01, 5.05962494e+02,
       2.00355377e+02, 3.08917224e-01, 0., 0., 0., 5.56906189e+02,
       3.00257172e+02, 1.27690122e-01, 3.62920349e+02, 3.31582245e+02,
       2.49806419e-01, 1.51335846e+02, 3.10027985e+02, 1.98259354e-01,
       9.31136475e+02, 2.53208923e+02, 7.73285627e-01, 9.31072083e+02,
       2.92471313e+02, 7.71647930e-01, 9.15359558e+02, 2.25820297e+02,
       5.36149502e-01, 9.21276733e+02, 3.19723022e+02, 9.70802605e-02,
       8.27625961e+01, 3.51147095e+02, 1.87149048e-01, 9.06460876e+01,
       3.53161255e+02, 2.32041702e-01, 0., 0., 0., 0., 0., 0., 0., 0.,
       0., 0., 0., 0. ]
