%YAML:1.0
---
pose_0: !!opencv-matrix
   rows: 1
   cols: 25
   dt: "3f"
   data: [ 8.86084534e+02, 3.82438477e+02, 7.69593120e-01,
       7.93997498e+02, 3.04176483e+02, 5.95370293e-01, 7.99841309e+02,
       2.88432251e+02, 6.67812049e-01, 6.70526184e+02, 2.80662750e+02,
       6.87234759e-01, 5.72552979e+02, 3.90358429e+02, 5.91069937e-01,
       7.92023804e+02, 3.25747101e+02, 4.48031157e-01, 6.97922913e+02,
       3.55151367e+02, 4.10310954e-01, 6.31334045e+02, 3.86480499e+02,
       7.58899376e-02, 5.52974060e+02, 2.88435242e+02, 2.74575770e-01,
       5.45152527e+02, 2.59082001e+02, 3.21987063e-01, 4.09956604e+02,
       3.13945374e+02, 1.89701602e-01, 3.17885773e+02, 3.41402313e+02,
       7.12006912e-02, 5.43206299e+02, 3.17901398e+02, 1.86732829e-01,
       3.70773254e+02, 4.00181458e+02, 1.10368751e-01, 1.37622543e+02,
       3.19790314e+02, 1.49544954e-01, 9.03638855e+02, 3.66907013e+02,
       8.18607330e-01, 0., 0., 0., 8.99690979e+02, 3.19885132e+02,
       8.86729479e-01, 0., 0., 0., 0., 0., 0., 0., 0., 0., 0., 0., 0.,
       0., 0., 0., 0., 0., 0., 0., 0., 0. ]
