%YAML:1.0
---
pose_0: !!opencv-matrix
   rows: 1
   cols: 25
   dt: "3f"
   data: [ 8.52780640e+02, 1.96478271e+02, 8.10071886e-01,
       7.62567139e+02, 2.25803360e+02, 7.31282413e-01, 7.64530579e+02,
       1.55241257e+02, 6.36335790e-01, 7.62661926e+02, 5.53759689e+01,
       2.72420973e-01, 0., 0., 0., 7.58664368e+02, 2.88439423e+02,
       5.92105806e-01, 8.03765747e+02, 3.62925934e+02, 8.16422820e-01,
       8.27258240e+02, 2.84580475e+02, 5.47083378e-01, 5.35363708e+02,
       2.12040817e+02, 3.31264615e-01, 5.41266174e+02, 1.68995300e+02,
       3.67738962e-01, 3.66834869e+02, 1.39609100e+02, 1.36255085e-01,
       0., 0., 0., 5.33361328e+02, 2.51258972e+02, 4.23696995e-01,
       3.49200226e+02, 2.57112030e+02, 4.01775509e-01, 1.74834534e+02,
       2.74732422e+02, 3.79415721e-01, 8.66401489e+02, 1.94370529e+02,
       7.87677884e-01, 8.64504333e+02, 2.14020966e+02, 7.96033144e-01,
       8.54711670e+02, 1.82735199e+02, 1.00778826e-01, 8.48780579e+02,
       2.43452484e+02, 7.64126897e-01, 1.16097069e+02, 2.90475281e+02,
       2.34055758e-01, 1.25861076e+02, 3.00216980e+02, 2.62558222e-01,
       1.55280731e+02, 2.63038971e+02, 1.67549148e-01, 0., 0., 0., 0.,
       0., 0., 0., 0., 0. ]
