%YAML:1.0
---
pose_0: !!opencv-matrix
   rows: 1
   cols: 25
   dt: "3f"
   data: [ 9.05588989e+02, 2.98312408e+02, 7.65317261e-01,
       7.89963013e+02, 3.19847046e+02, 7.12007523e-01, 7.90038208e+02,
       2.51288544e+02, 6.84001863e-01, 6.84245911e+02, 2.04234970e+02,
       6.93739176e-01, 6.29353027e+02, 1.16010612e+02, 5.29923737e-01,
       7.82193298e+02, 3.94301849e+02, 5.55543840e-01, 6.76360779e+02,
       4.13829651e+02, 6.15508020e-01, 7.68453369e+02, 3.53125580e+02,
       4.41553473e-01, 5.66691223e+02, 3.04118103e+02, 2.68067032e-01,
       5.68634888e+02, 2.63025970e+02, 3.38589430e-01, 4.07986115e+02,
       2.63015381e+02, 1.55499890e-01, 0., 0., 0., 5.66672302e+02,
       3.53114899e+02, 2.45854631e-01, 3.72759216e+02, 3.60979095e+02,
       2.57016778e-01, 0., 0., 0., 9.13481934e+02, 2.82606049e+02,
       8.14036667e-01, 9.15383362e+02, 3.12034485e+02, 7.82268226e-01,
       8.84060059e+02, 2.68898041e+02, 2.82124847e-01, 8.89983521e+02,
       3.39434296e+02, 5.62898993e-01, 0., 0., 0., 0., 0., 0., 0., 0.,
       0., 0., 0., 0., 0., 0., 0., 0., 0., 0. ]
