%YAML:1.0
---
pose_0: !!opencv-matrix
   rows: 1
   cols: 25
   dt: "3f"
   data: [ 8.70343079e+02, 2.92448883e+02, 6.99353814e-01,
       7.89973999e+02, 2.88435272e+02, 6.01777554e-01, 8.05671936e+02,
       2.14053635e+02, 6.64881825e-01, 7.15624207e+02, 1.47412704e+02,
       8.06656361e-01, 7.72422852e+02, 2.33619522e+02, 7.39651084e-01,
       7.76365662e+02, 3.76647034e+02, 5.12253463e-01, 7.27338806e+02,
       4.72633270e+02, 5.98365784e-01, 0., 0., 0., 5.86288025e+02,
       2.53232727e+02, 2.31167257e-01, 5.54936829e+02, 2.57134613e+02,
       2.31037915e-01, 3.62921997e+02, 2.65008575e+02, 2.37263501e-01,
       1.67027954e+02, 2.74821747e+02, 1.86077610e-01, 6.01922485e+02,
       2.29704269e+02, 2.02602342e-01, 3.66847717e+02, 2.64975128e+02,
       1.77870438e-01, 1.65090485e+02, 2.74748962e+02, 2.11508632e-01,
       8.89933777e+02, 2.76734192e+02, 7.20928431e-01, 8.86063171e+02,
       3.13945251e+02, 7.23619998e-01, 8.82130493e+02, 2.53215988e+02,
       4.53543901e-01, 8.84020508e+02, 3.37386475e+02, 1.39563903e-01,
       0., 0., 0., 0., 0., 0., 0., 0., 0., 1.23903114e+02,
       2.37530380e+02, 1.06081828e-01, 1.20031120e+02, 2.35604187e+02,
       8.07331651e-02, 0., 0., 0. ]
