%YAML:1.0
---
pose_0: !!opencv-matrix
   rows: 1
   cols: 25
   dt: "3f"
   data: [ 9.95739136e+02, 3.04146423e+02, 7.87445664e-01,
       8.52758423e+02, 3.04140076e+02, 6.51810050e-01, 8.39052979e+02,
       2.23788879e+02, 6.32079184e-01, 7.07712708e+02, 1.76802307e+02,
       7.45394826e-01, 6.76370300e+02, 2.02325470e+02, 7.41751969e-01,
       8.68350525e+02, 3.96247314e+02, 5.31738698e-01, 7.29325134e+02,
       5.13818115e+02, 6.00632012e-01, 8.31159363e+02, 3.68880005e+02,
       6.71678782e-01, 5.92152344e+02, 3.96237671e+02, 9.33581889e-02,
       0., 0., 0., 0., 0., 0., 0., 0., 0., 6.29365051e+02,
       4.35431305e+02, 9.26122293e-02, 0., 0., 0., 0., 0., 0.,
       1.00948804e+03, 2.74805847e+02, 8.79915297e-01, 1.01140833e+03,
       3.21725800e+02, 8.03330123e-01, 9.80108704e+02, 2.37567169e+02,
       3.71025443e-01, 0., 0., 0., 0., 0., 0., 0., 0., 0., 0., 0., 0.,
       0., 0., 0., 0., 0., 0., 0., 0., 0. ]
