%YAML:1.0
---
pose_0: !!opencv-matrix
   rows: 1
   cols: 25
   dt: "3f"
   data: [ 9.03669250e+02, 2.19924103e+02, 7.23176956e-01,
       8.27257690e+02, 2.98270203e+02, 4.79746908e-01, 8.40979858e+02,
       3.06138123e+02, 2.27978811e-01, 0., 0., 0., 0., 0., 0.,
       8.23304993e+02, 3.02228119e+02, 4.24213350e-01, 6.99934692e+02,
       2.59197205e+02, 6.83798015e-01, 8.23367493e+02, 1.78728607e+02,
       3.89826834e-01, 5.74523132e+02, 3.17869202e+02, 2.51901329e-01,
       5.70632690e+02, 2.80657288e+02, 3.03115308e-01, 3.39449097e+02,
       2.72815125e+02, 2.00258136e-01, 2.43455811e+02, 3.58990601e+02,
       5.46758287e-02, 5.58848511e+02, 3.49219055e+02, 1.88951284e-01,
       3.17892761e+02, 2.90454407e+02, 3.92503858e-01, 9.64891586e+01,
       3.70825928e+02, 3.85187238e-01, 9.27159790e+02, 2.19902710e+02,
       3.40705335e-01, 9.31109741e+02, 2.37539474e+02, 8.27084601e-01,
       0., 0., 0., 9.17430542e+02, 2.90538605e+02, 8.43288004e-01,
       5.33851509e+01, 4.02128113e+02, 1.23551406e-01, 5.73121109e+01,
       4.04102661e+02, 1.61202997e-01, 7.10379333e+01, 3.80577026e+02,
       2.40857735e-01, 0., 0., 0., 0., 0., 0., 0., 0., 0. ]
