%YAML:1.0
---
pose_0: !!opencv-matrix
   rows: 1
   cols: 25
   dt: "3f"
   data: [ 8.93869507e+02, 4.47193695e+02, 4.86891091e-01,
       8.25301086e+02, 4.39315155e+02, 6.34763658e-01, 8.37052979e+02,
       3.82550049e+02, 5.08313000e-01, 9.31141479e+02, 3.80581207e+02,
       9.01216567e-01, 9.54616882e+02, 4.70724762e+02, 7.90069342e-01,
       8.23400391e+02, 4.82470215e+02, 5.45473397e-01, 8.99681458e+02,
       5.51010132e+02, 8.24140191e-01, 8.60583618e+02, 4.56934692e+02,
       7.50281096e-01, 6.23523926e+02, 4.68733215e+02, 3.39300007e-01,
       6.27399597e+02, 4.29532623e+02, 3.65359157e-01, 4.88301880e+02,
       4.31545288e+02, 1.23274647e-01, 0., 0., 0., 6.31306091e+02,
       5.07951904e+02, 4.00143445e-01, 5.07919769e+02, 5.21630554e+02,
       9.21018422e-02, 4.11934204e+02, 5.23571350e+02, 2.40967467e-01,
       9.01774475e+02, 4.31528351e+02, 5.15912712e-01, 9.01670227e+02,
       4.51081390e+02, 3.06796879e-01, 8.91906494e+02, 4.13876465e+02,
       3.14112365e-01, 0., 0., 0., 0., 0., 0., 0., 0., 0.,
       4.00220123e+02, 5.23584106e+02, 1.72950402e-01, 0., 0., 0., 0.,
       0., 0., 0., 0., 0. ]
