%YAML:1.0
---
pose_0: !!opencv-matrix
   rows: 1
   cols: 25
   dt: "3f"
   data: [ 9.80098572e+02, 2.98321838e+02, 7.89218664e-01,
       8.82052124e+02, 2.94367279e+02, 6.29130661e-01, 8.76202942e+02,
       2.21869949e+02, 5.68852425e-01, 8.19405823e+02, 1.59163727e+02,
       7.79583514e-01, 8.68362671e+02, 2.55129883e+02, 7.12402105e-01,
       8.82133667e+02, 3.70805054e+02, 4.70799893e-01, 8.23337585e+02,
       4.45274933e+02, 5.36561906e-01, 8.70309387e+02, 3.90380188e+02,
       5.45295894e-01, 6.66605835e+02, 3.10059479e+02, 9.12137404e-02,
       0., 0., 0., 0., 0., 0., 0., 0., 0., 6.58768127e+02,
       3.60967651e+02, 6.04884550e-02, 0., 0., 0., 0., 0., 0.,
       9.95663208e+02, 2.70877502e+02, 8.04646194e-01, 9.97670959e+02,
       3.13947449e+02, 7.46115446e-01, 9.66388123e+02, 2.35614487e+02,
       5.77134192e-01, 0., 0., 0., 0., 0., 0., 0., 0., 0., 0., 0., 0.,
       0., 0., 0., 0., 0., 0., 0., 0., 0. ]
