%YAML:1.0
---
pose_0: !!opencv-matrix
   rows: 1
   cols: 25
   dt: "3f"
   data: [ 9.44832581e+02, 3.15949890e+02, 7.64310718e-01,
       8.46857605e+02, 2.76753113e+02, 6.00175261e-01, 8.52740112e+02,
       1.90518616e+02, 6.17717147e-01, 7.41036560e+02, 1.06332794e+02,
       7.03231752e-01, 6.21591797e+02, 1.67001099e+02, 8.09312820e-01,
       8.29234070e+02, 3.60979309e+02, 5.61523795e-01, 7.31229614e+02,
       4.17868347e+02, 8.05041909e-01, 6.66637695e+02, 4.80458862e+02,
       8.17931890e-01, 5.96085022e+02, 3.12011749e+02, 1.17766656e-01,
       5.96081787e+02, 2.55182526e+02, 1.19192794e-01, 3.19810577e+02,
       3.04128082e+02, 8.14531967e-02, 1.21958389e+02, 3.23747589e+02,
       1.84589416e-01, 6.13703369e+02, 3.62928284e+02, 1.66860357e-01,
       3.72723999e+02, 3.92302795e+02, 1.05810970e-01, 1.92508514e+02,
       3.53180450e+02, 2.48459831e-01, 9.64500732e+02, 2.86476532e+02,
       7.62147784e-01, 9.64403809e+02, 3.23828308e+02, 7.72024512e-01,
       9.50737000e+02, 2.43493088e+02, 5.11993289e-01, 0., 0., 0., 0.,
       0., 0., 0., 0., 0., 1.78793823e+02, 3.53179993e+02,
       1.71516255e-01, 8.47712555e+01, 3.04120392e+02, 1.03948861e-01,
       8.86608887e+01, 3.02174011e+02, 9.45071951e-02, 0., 0., 0. ]
