%YAML:1.0
---
pose_0: !!opencv-matrix
   rows: 1
   cols: 25
   dt: "3f"
   data: [ 9.11448547e+02, 2.43466415e+02, 7.76138783e-01,
       8.03700684e+02, 2.45425110e+02, 6.63507581e-01, 7.95929749e+02,
       1.63130722e+02, 6.91620827e-01, 6.72490723e+02, 1.29744827e+02,
       7.41133213e-01, 5.86248657e+02, 1.84698059e+02, 7.34629691e-01,
       8.03707581e+02, 3.33512360e+02, 6.45236254e-01, 6.92099426e+02,
       3.86519073e+02, 7.63622582e-01, 6.21596375e+02, 3.66923431e+02,
       8.15811515e-01, 5.45122864e+02, 2.78687592e+02, 3.17251593e-01,
       5.50996765e+02, 2.39494110e+02, 3.76571268e-01, 3.60971863e+02,
       2.27797485e+02, 2.04251900e-01, 0., 0., 0., 5.41217224e+02,
       3.15891937e+02, 2.72689492e-01, 3.59007385e+02, 3.43344879e+02,
       1.01578884e-01, 0., 0., 0., 9.21258301e+02, 2.25755859e+02,
       8.48141313e-01, 9.21303772e+02, 2.61081238e+02, 7.71461666e-01,
       8.99800598e+02, 2.00370743e+02, 6.91936910e-01, 9.01758545e+02,
       2.80697937e+02, 2.53551334e-01, 0., 0., 0., 0., 0., 0., 0., 0.,
       0., 0., 0., 0., 0., 0., 0., 0., 0., 0. ]
