%YAML:1.0
---
pose_0: !!opencv-matrix
   rows: 1
   cols: 25
   dt: "3f"
   data: [ 9.03657593e+02, 2.10176178e+02, 6.98553205e-01,
       8.39052673e+02, 2.84563080e+02, 5.43597698e-01, 8.52645203e+02,
       2.86514801e+02, 3.39037806e-01, 7.21439270e+02, 2.61081879e+02,
       2.52619475e-01, 7.86098755e+02, 1.67045319e+02, 1.03671767e-01,
       8.50743652e+02, 2.90441193e+02, 4.31273967e-01, 7.27385010e+02,
       2.53251770e+02, 4.43740755e-01, 7.88062622e+02, 1.67009109e+02,
       1.99907377e-01, 5.80385681e+02, 3.33542877e+02, 1.99602664e-01,
       5.68616516e+02, 3.00266876e+02, 1.96507797e-01, 3.27670319e+02,
       3.19824677e+02, 1.57954991e-01, 1.06320282e+02, 3.66883636e+02,
       7.42757022e-02, 5.92148254e+02, 3.68793762e+02, 1.17548697e-01,
       0., 0., 0., 0., 0., 0., 9.31067627e+02, 2.12167084e+02,
       2.46101424e-01, 9.31159363e+02, 2.27733047e+02, 8.61415982e-01,
       0., 0., 0., 9.17361206e+02, 2.86563507e+02, 8.25107932e-01, 0.,
       0., 0., 0., 0., 0., 0., 0., 0., 0., 0., 0., 0., 0., 0., 0., 0.,
       0. ]
