%YAML:1.0
---
pose_0: !!opencv-matrix
   rows: 1
   cols: 25
   dt: "3f"
   data: [ 9.60447876e+02, 2.90534210e+02, 8.32978189e-01,
       8.50701660e+02, 3.06161438e+02, 6.80624664e-01, 8.21364746e+02,
       2.25811615e+02, 6.60074055e-01, 6.96034485e+02, 1.43473129e+02,
       7.32986689e-01, 7.45008118e+02, 1.86638580e+02, 7.94851899e-01,
       8.70301392e+02, 3.90352631e+02, 6.36806667e-01, 7.95914124e+02,
       4.86362335e+02, 4.03804660e-01, 7.99828796e+02, 5.23634583e+02,
       3.51477087e-01, 5.51014709e+02, 3.33550964e+02, 1.80493668e-01,
       5.41235657e+02, 2.96311005e+02, 3.31678957e-01, 3.62937225e+02,
       3.23798889e+02, 2.43446201e-01, 0., 0., 0., 5.68645813e+02,
       3.82550110e+02, 1.59489945e-01, 3.37460175e+02, 4.82430298e+02,
       1.68287471e-01, 1.92479492e+02, 5.66693359e+02, 1.18989006e-01,
       9.66319763e+02, 2.64996338e+02, 7.82699049e-01, 9.78029358e+02,
       3.06208069e+02, 8.40787411e-01, 9.38935181e+02, 2.39448334e+02,
       6.26255751e-01, 9.74166870e+02, 3.25731171e+02, 5.47499433e-02,
       0., 0., 0., 0., 0., 0., 1.86606277e+02, 5.70603088e+02,
       5.72601557e-02, 0., 0., 0., 0., 0., 0., 0., 0., 0. ]
