%YAML:1.0
---
pose_0: !!opencv-matrix
   rows: 1
   cols: 25
   dt: "3f"
   data: [ 8.91928101e+02, 2.43464508e+02, 7.61823297e-01,
       8.35038330e+02, 3.19795471e+02, 5.56430697e-01, 8.31182373e+02,
       3.08076416e+02, 2.99832046e-01, 7.23412781e+02, 2.82624481e+02,
       1.83102161e-01, 0., 0., 0., 8.38976501e+02, 3.31612457e+02,
       5.34126401e-01, 7.11698792e+02, 2.53250275e+02, 6.04033291e-01,
       8.38964905e+02, 1.92478012e+02, 6.73669338e-01, 5.94121399e+02,
       3.31586151e+02, 1.71804965e-01, 5.82349548e+02, 2.96355164e+02,
       1.41348571e-01, 3.39424042e+02, 3.12005157e+02, 1.37423351e-01,
       0., 0., 0., 6.17639221e+02, 3.64870026e+02, 1.06894441e-01,
       3.45309296e+02, 3.19852539e+02, 1.34569019e-01, 0., 0., 0.,
       9.11498718e+02, 2.43430130e+02, 1.79699287e-01, 9.13448059e+02,
       2.57111298e+02, 8.57907534e-01, 0., 0., 0., 9.13404785e+02,
       3.15913910e+02, 7.93845892e-01, 0., 0., 0., 0., 0., 0., 0., 0.,
       0., 0., 0., 0., 0., 0., 0., 0., 0., 0. ]
