%YAML:1.0
---
pose_0: !!opencv-matrix
   rows: 1
   cols: 25
   dt: "3f"
   data: [ 8.84093689e+02, 4.70694611e+02, 8.23099852e-01,
       8.01763000e+02, 5.04001221e+02, 5.48063040e-01, 7.74333191e+02,
       4.64814178e+02, 3.86540294e-01, 7.43028931e+02, 4.78482086e+02,
       5.08726202e-02, 0., 0., 0., 8.19346436e+02, 5.50987244e+02,
       6.57010794e-01, 7.46982239e+02, 4.86368042e+02, 5.44466972e-01,
       6.98021057e+02, 3.57073029e+02, 7.82947242e-01, 6.25460022e+02,
       5.39269653e+02, 8.02320614e-02, 5.84321594e+02, 5.07897675e+02,
       1.01158433e-01, 3.94275269e+02, 4.31539459e+02, 2.81519860e-01,
       2.12081863e+02, 5.03990540e+02, 1.84313685e-01, 6.64627747e+02,
       5.86255981e+02, 6.95513487e-02, 0., 0., 0., 0., 0., 0.,
       8.86068054e+02, 4.56957428e+02, 8.50296378e-01, 8.97783325e+02,
       4.84447205e+02, 8.07943523e-01, 8.68416992e+02, 4.45296478e+02,
       4.83241200e-01, 8.82124146e+02, 5.11866211e+02, 5.83539248e-01,
       0., 0., 0., 0., 0., 0., 0., 0., 0., 1.67021500e+02,
       4.51100800e+02, 8.56430978e-02, 0., 0., 0., 0., 0., 0. ]
