%YAML:1.0
---
pose_0: !!opencv-matrix
   rows: 2
   cols: 25
   dt: "3f"
   data: [ 9.33085022e+02, 3.49247864e+02, 7.87606597e-01,
       8.54699646e+02, 2.72801788e+02, 4.93379354e-01, 8.56624756e+02,
       2.66966309e+02, 6.59444928e-01, 7.48908752e+02, 3.17822174e+02,
       7.19937444e-01, 8.29218262e+02, 4.43203186e+02, 7.58350432e-01,
       0., 0., 0., 0., 0., 0., 0., 0., 0., 5.78444031e+02,
       2.90442047e+02, 1.45843059e-01, 5.76484558e+02, 2.61086090e+02,
       1.83404386e-01, 3.41389404e+02, 3.29610138e+02, 1.10094540e-01,
       1.33726929e+02, 2.96353302e+02, 9.23478976e-02, 5.88241455e+02,
       3.31576447e+02, 6.75949231e-02, 3.06126862e+02, 3.21837433e+02,
       6.00885525e-02, 1.37626114e+02, 2.94353790e+02, 8.20322409e-02,
       9.50687073e+02, 3.31579071e+02, 7.80101538e-01, 0., 0., 0.,
       9.36956543e+02, 2.82580780e+02, 8.15300345e-01, 0., 0., 0., 0.,
       0., 0., 0., 0., 0., 0., 0., 0., 0., 0., 0., 0., 0., 0., 0., 0.,
       0., 0., 0., 0., 0., 0., 0., 0., 0., 0., 0., 0., 0., 0., 0., 0.,
       6.97965454e+02, 2.76725739e+02, 7.08045363e-02, 7.09718506e+02,
       3.66822754e+02, 5.37650943e-01, 7.78257751e+02, 4.25594177e+02,
       7.75494933e-01, 0., 0., 0., 0., 0., 0., 0., 0., 0., 0., 0., 0.,
       0., 0., 0., 0., 0., 0., 0., 0., 0., 0., 0., 0., 0., 0., 0., 0.,
       0., 0., 0., 0., 0., 0., 0., 0., 0., 0., 0., 0., 0., 0., 0., 0.,
       0., 0., 0., 0., 0., 0., 0. ]
