%YAML:1.0
---
pose_0: !!opencv-matrix
   rows: 1
   cols: 25
   dt: "3f"
   data: [ 9.17353821e+02, 2.68877350e+02, 7.68940628e-01,
       8.23299866e+02, 2.59125854e+02, 6.52845681e-01, 8.21282959e+02,
       1.76850769e+02, 6.69679642e-01, 6.88134033e+02, 1.16135719e+02,
       6.63623691e-01, 7.41019409e+02, 2.12106094e+02, 7.85341382e-01,
       8.21335449e+02, 3.55153564e+02, 5.51087618e-01, 6.84219177e+02,
       4.15876556e+02, 6.97659791e-01, 7.17508484e+02, 3.53240356e+02,
       7.81165004e-01, 5.96072266e+02, 2.86536896e+02, 1.43943787e-01,
       5.58864746e+02, 2.35604416e+02, 1.51224792e-01, 3.53156433e+02,
       2.41515610e+02, 5.00291251e-02, 1.35705475e+02, 3.13965424e+02,
       1.48023129e-01, 6.21554199e+02, 3.33523590e+02, 1.73198909e-01,
       0., 0., 0., 0., 0., 0., 9.31061829e+02, 2.41510651e+02,
       8.49864721e-01, 9.33106018e+02, 2.84602783e+02, 7.64345109e-01,
       9.09554565e+02, 2.14043640e+02, 5.98247588e-01, 9.23252502e+02,
       3.04266022e+02, 1.32783443e-01, 0., 0., 0., 0., 0., 0., 0., 0.,
       0., 0., 0., 0., 0., 0., 0., 0., 0., 0. ]
