%YAML:1.0
---
pose_0: !!opencv-matrix
   rows: 1
   cols: 25
   dt: "3f"
   data: [ 9.09531067e+02, 1.51325760e+02, 7.14076281e-01,
       8.21305481e+02, 2.25763046e+02, 7.69599438e-01, 7.91981079e+02,
       1.70922699e+02, 6.40118420e-01, 6.93997986e+02, 1.21970322e+02,
       6.43380761e-01, 6.82356079e+02, 1.65087128e+02, 8.25259686e-01,
       8.42896484e+02, 2.76760437e+02, 6.68476582e-01, 7.48865234e+02,
       3.76651398e+02, 7.01430917e-01, 6.00005859e+02, 4.02194916e+02,
       7.62258887e-01, 5.92147461e+02, 2.74778381e+02, 2.46124521e-01,
       5.72566406e+02, 2.37520828e+02, 3.32266510e-01, 3.37511536e+02,
       3.15882538e+02, 2.74376839e-01, 3.33521576e+02, 3.17899414e+02,
       1.24981530e-01, 6.03907532e+02, 3.19842163e+02, 2.01197729e-01,
       4.15846649e+02, 3.11993713e+02, 6.99874461e-02, 3.37475372e+02,
       3.21841553e+02, 7.75916800e-02, 9.29091125e+02, 1.53289032e+02,
       4.45332259e-01, 9.31077454e+02, 1.65135788e+02, 8.49192023e-01,
       0., 0., 0., 9.17345764e+02, 2.21832291e+02, 8.42055202e-01, 0.,
       0., 0., 0., 0., 0., 0., 0., 0., 0., 0., 0., 0., 0., 0.,
       3.33566803e+02, 3.17877106e+02, 7.24707767e-02 ]
