%YAML:1.0
---
pose_0: !!opencv-matrix
   rows: 1
   cols: 25
   dt: "3f"
   data: [ 1.05643420e+03, 1.98383194e+02, 7.24008858e-01,
       9.36985352e+02, 2.16001755e+02, 4.17281806e-01, 9.48699890e+02,
       1.18010986e+02, 4.20756668e-01, 9.62387695e+02, 4.35969658e+01,
       9.44155678e-02, 0., 0., 0., 9.27170898e+02, 3.04181946e+02,
       4.85235721e-01, 1.00554767e+03, 4.60946991e+02, 7.24759459e-01,
       1.12308618e+03, 3.21844025e+02, 6.85212255e-01, 7.07736816e+02,
       2.41467896e+02, 6.20849058e-02, 0., 0., 0., 0., 0., 0., 0., 0.,
       0., 0., 0., 0., 0., 0., 0., 0., 0., 0., 1.06820959e+03,
       1.76772125e+02, 7.37117708e-01, 1.07607227e+03, 2.19918198e+02,
       6.76267505e-01, 1.04469629e+03, 1.45423874e+02, 3.63957286e-01,
       1.03490930e+03, 2.51293350e+02, 3.04418921e-01, 0., 0., 0., 0.,
       0., 0., 0., 0., 0., 0., 0., 0., 0., 0., 0., 0., 0., 0. ]
