%YAML:1.0
---
pose_0: !!opencv-matrix
   rows: 1
   cols: 25
   dt: "3f"
   data: [ 9.44738342e+02, 2.92416321e+02, 7.41842330e-01,
       8.19414612e+02, 2.74808533e+02, 5.68824112e-01, 8.29188477e+02,
       1.88600800e+02, 6.35366619e-01, 7.13640259e+02, 1.14077362e+02,
       8.27350855e-01, 7.25340515e+02, 1.98393723e+02, 7.43402123e-01,
       8.05661804e+02, 3.72722382e+02, 5.32224000e-01, 6.72454773e+02,
       4.15834961e+02, 7.84151256e-01, 7.56753906e+02, 3.68742584e+02,
       7.71820903e-01, 5.47090332e+02, 2.84552826e+02, 2.02762127e-01,
       5.54913452e+02, 2.39497467e+02, 2.48067960e-01, 3.70773163e+02,
       2.31714401e+02, 1.70794040e-01, 1.80783752e+02, 2.57128571e+02,
       3.15614074e-01, 5.41230591e+02, 3.33528748e+02, 1.89282998e-01,
       3.25700775e+02, 3.35469635e+02, 1.75023377e-01, 1.31725800e+02,
       3.19769318e+02, 2.97022372e-01, 9.58469055e+02, 2.72842438e+02,
       8.36385369e-01, 9.52636230e+02, 3.10067688e+02, 7.14537978e-01,
       9.33021118e+02, 2.45361389e+02, 5.13867497e-01, 9.40885803e+02,
       3.35478882e+02, 1.33351281e-01, 6.71130905e+01, 3.60949127e+02,
       1.91952750e-01, 7.10556793e+01, 3.60962555e+02, 2.11699635e-01,
       1.12173851e+02, 3.04143036e+02, 1.37303099e-01, 1.16110764e+02,
       2.12128296e+02, 1.07321329e-01, 1.21988098e+02, 2.12122528e+02,
       9.01557952e-02, 0., 0., 0. ]
