%YAML:1.0
---
pose_0: !!opencv-matrix
   rows: 1
   cols: 25
   dt: "3f"
   data: [ 8.54624756e+02, 2.92488434e+02, 7.90609896e-01,
       7.60635559e+02, 2.98265869e+02, 7.25288153e-01, 7.64589966e+02,
       2.43377716e+02, 6.83351219e-01, 7.35206238e+02, 1.74816620e+02,
       7.48652220e-01, 8.35034973e+02, 2.43370438e+02, 8.07029188e-01,
       7.54758118e+02, 3.51177612e+02, 5.30199230e-01, 7.13634033e+02,
       4.43261261e+02, 8.42859566e-01, 8.05690796e+02, 3.84525726e+02,
       8.47667575e-01, 5.43203674e+02, 2.80653351e+02, 2.97333360e-01,
       5.49067932e+02, 2.39491486e+02, 3.39427382e-01, 3.62938812e+02,
       2.25786118e+02, 3.33320618e-01, 2.15986816e+02, 1.80796860e+02,
       3.14113796e-01, 5.37290588e+02, 3.21798065e+02, 3.72227758e-01,
       3.29625092e+02, 3.49188202e+02, 4.87252623e-01, 1.63077377e+02,
       3.27650024e+02, 4.92743909e-01, 8.68295593e+02, 2.78708527e+02,
       7.90754497e-01, 8.68328003e+02, 3.08046631e+02, 7.97061682e-01,
       8.50719910e+02, 2.64954193e+02, 4.55292702e-01, 8.54671753e+02,
       3.33559906e+02, 2.81805336e-01, 1.18065498e+02, 3.82479584e+02,
       5.16476452e-01, 1.20006607e+02, 3.80574738e+02, 4.70148921e-01,
       1.37643372e+02, 3.08139893e+02, 4.14027065e-01, 2.06223602e+02,
       1.92441971e+02, 9.41901803e-02, 0., 0., 0., 2.10157562e+02,
       1.82686020e+02, 2.00393632e-01 ]
