%YAML:1.0
---
pose_0: !!opencv-matrix
   rows: 1
   cols: 25
   dt: "3f"
   data: [ 8.86023315e+02, 4.13897949e+02, 8.67430210e-01,
       7.97877747e+02, 4.53031281e+02, 6.73623383e-01, 7.74337097e+02,
       4.15792816e+02, 6.40754759e-01, 7.15629211e+02, 3.88417908e+02,
       2.71801978e-01, 6.66654480e+02, 3.04181549e+02, 1.27533197e-01,
       8.23275574e+02, 4.98152069e+02, 7.05641210e-01, 7.44912659e+02,
       4.31520111e+02, 3.65411639e-01, 0., 0., 0., 5.54932312e+02,
       4.90295959e+02, 2.91656166e-01, 5.56914368e+02, 4.51106354e+02,
       2.83086121e-01, 3.94254059e+02, 3.84501007e+02, 3.64846528e-01,
       2.27784241e+02, 4.29498627e+02, 2.25602150e-01, 5.49071106e+02,
       5.23570679e+02, 2.28575498e-01, 3.98119965e+02, 3.86463257e+02,
       4.30973113e-01, 2.31699295e+02, 4.31480042e+02, 1.97004005e-01,
       8.88015625e+02, 3.98226349e+02, 8.53199959e-01, 8.99821472e+02,
       4.27620758e+02, 8.48260224e-01, 8.66465881e+02, 3.88428833e+02,
       3.47704679e-01, 8.93874084e+02, 4.55041595e+02, 6.54345930e-01,
       0., 0., 0., 0., 0., 0., 0., 0., 0., 0., 0., 0., 0., 0., 0., 0.,
       0., 0. ]
