%YAML:1.0
---
pose_0: !!opencv-matrix
   rows: 1
   cols: 25
   dt: "3f"
   data: [ 8.88020874e+02, 2.74746735e+02, 7.97306061e-01,
       7.88030579e+02, 3.06140381e+02, 6.33565545e-01, 7.86088501e+02,
       2.29709991e+02, 6.30913317e-01, 7.39108459e+02, 1.31768494e+02,
       7.16715217e-01, 7.45030273e+02, 2.79254799e+01, 4.18662876e-01,
       7.74411621e+02, 3.86442413e+02, 4.72412497e-01, 6.66654968e+02,
       4.29604645e+02, 5.56586742e-01, 7.72343994e+02, 4.37392761e+02,
       4.20184761e-01, 5.56905396e+02, 2.92410126e+02, 2.59035021e-01,
       5.60806763e+02, 2.53248093e+02, 2.85378635e-01, 3.90372742e+02,
       2.47341064e+02, 8.22031870e-02, 3.53146393e+02, 2.49303085e+02,
       7.36613795e-02, 5.43202393e+02, 3.29639771e+02, 2.36794144e-01,
       3.74712860e+02, 3.53134125e+02, 2.58531958e-01, 0., 0., 0.,
       8.99802002e+02, 2.70818481e+02, 6.76710606e-01, 9.01752686e+02,
       2.92416046e+02, 8.67611349e-01, 0., 0., 0., 8.84004761e+02,
       3.35586761e+02, 8.79888296e-01, 0., 0., 0., 0., 0., 0., 0., 0.,
       0., 0., 0., 0., 0., 0., 0., 3.51184082e+02, 2.45398727e+02,
       7.07748309e-02 ]
