%YAML:1.0
---
pose_0: !!opencv-matrix
   rows: 1
   cols: 25
   dt: "3f"
   data: [ 8.99787292e+02, 3.02185730e+02, 8.37722182e-01,
       7.92027649e+02, 3.08133301e+02, 7.11328447e-01, 7.89928711e+02,
       2.25852997e+02, 7.32176900e-01, 6.64642944e+02, 1.94451813e+02,
       8.44927907e-01, 5.72624207e+02, 1.98348785e+02, 7.89991379e-01,
       7.95948181e+02, 3.92316193e+02, 6.27315283e-01, 6.84283936e+02,
       4.51124390e+02, 6.68700695e-01, 5.70664673e+02, 4.68770569e+02,
       7.76751816e-01, 5.41234436e+02, 3.37480408e+02, 2.93934375e-01,
       5.41215759e+02, 2.82600616e+02, 3.54506046e-01, 3.84501831e+02,
       2.88449310e+02, 2.71952480e-01, 1.78786133e+02, 3.02152863e+02,
       1.70492142e-01, 5.41211487e+02, 3.84493988e+02, 3.18933904e-01,
       3.66872803e+02, 3.82517609e+02, 5.19491374e-01, 1.67030258e+02,
       3.84497681e+02, 4.54152912e-01, 9.11474731e+02, 2.78741302e+02,
       8.09459329e-01, 9.15412109e+02, 3.17872711e+02, 8.24788392e-01,
       8.88007629e+02, 2.59120605e+02, 6.33186102e-01, 8.97806824e+02,
       3.37388824e+02, 3.71185482e-01, 1.16016632e+02, 4.31546112e+02,
       2.99624860e-01, 1.18084023e+02, 4.31501587e+02, 3.00809771e-01,
       1.45469269e+02, 3.74703918e+02, 2.77746588e-01, 1.31734711e+02,
       3.08061615e+02, 1.21620663e-01, 1.31783829e+02, 3.02223816e+02,
       1.10589966e-01, 0., 0., 0. ]
