%YAML:1.0
---
pose_0: !!opencv-matrix
   rows: 1
   cols: 25
   dt: "3f"
   data: [ 9.05652832e+02, 3.98098572e+02, 7.65904069e-01,
       7.95889954e+02, 4.02129822e+02, 6.77028000e-01, 7.84156616e+02,
       3.23778900e+02, 6.97857499e-01, 7.07763672e+02, 3.06161896e+02,
       4.59311366e-01, 6.80282715e+02, 3.00215088e+02, 4.09539282e-01,
       8.07653137e+02, 4.76622375e+02, 5.96480131e-01, 6.78382568e+02,
       5.52999146e+02, 7.87501872e-01, 7.78291687e+02, 4.98114807e+02,
       7.77009130e-01, 5.37299377e+02, 4.43260040e+02, 2.88637310e-01,
       5.39276611e+02, 3.96253448e+02, 4.20983791e-01, 3.37508240e+02,
       3.72776489e+02, 3.60831022e-01, 0., 0., 0., 5.39278381e+02,
       4.90277374e+02, 2.82947063e-01, 3.94261688e+02, 5.07934784e+02,
       1.96986467e-01, 0., 0., 0., 9.15473633e+02, 3.76641632e+02,
       8.65313590e-01, 9.17454102e+02, 4.09988647e+02, 7.93978155e-01,
       8.86063416e+02, 3.53094482e+02, 7.57575512e-01, 9.09506409e+02,
       4.29603546e+02, 4.24460083e-01, 0., 0., 0., 0., 0., 0., 0., 0.,
       0., 0., 0., 0., 0., 0., 0., 0., 0., 0. ]
