%YAML:1.0
---
pose_0: !!opencv-matrix
   rows: 1
   cols: 25
   dt: "3f"
   data: [ 8.72349548e+02, 2.31685486e+02, 6.71299636e-01,
       8.11561096e+02, 3.17909485e+02, 4.50740367e-01, 8.21369324e+02,
       3.23793121e+02, 2.95408905e-01, 0., 0., 0., 0., 0., 0.,
       8.11558716e+02, 3.21794556e+02, 6.09140694e-01, 6.84230591e+02,
       2.86469666e+02, 7.08641708e-01, 5.39201965e+02, 2.14064865e+02,
       7.93684900e-01, 5.37290649e+02, 3.47255341e+02, 2.82979250e-01,
       5.23562256e+02, 3.08068390e+02, 2.69498378e-01, 2.94361298e+02,
       2.55198242e+02, 3.44534546e-01, 6.51302643e+01, 4.33451935e+02,
       1.07738242e-01, 5.51007996e+02, 3.82505524e+02, 2.54598349e-01,
       2.86533661e+02, 2.61058228e+02, 3.97656471e-01, 6.90478973e+01,
       4.25636139e+02, 3.55613291e-01, 9.01637085e+02, 2.35606522e+02,
       1.24030232e-01, 9.01642578e+02, 2.43503937e+02, 8.51168990e-01,
       0., 0., 0., 8.87988281e+02, 3.06091797e+02, 8.32899392e-01,
       6.91044846e+01, 4.62938782e+02, 1.14898190e-01, 6.90439987e+01,
       4.62877655e+02, 1.11797117e-01, 4.55346260e+01, 4.33472870e+02,
       2.45165914e-01, 3.96410027e+01, 4.60829132e+02, 7.77914301e-02,
       3.97351608e+01, 4.58931305e+02, 5.85273392e-02, 0., 0., 0. ]
