%YAML:1.0
---
pose_0: !!opencv-matrix
   rows: 1
   cols: 25
   dt: "3f"
   data: [ 9.17342468e+02, 1.74892334e+02, 7.76507020e-01,
       8.05768799e+02, 1.80787521e+02, 6.78960025e-01, 8.01748901e+02,
       9.65174713e+01, 6.51943922e-01, 6.80248535e+02, 4.75486755e+01,
       6.76939785e-01, 5.60789063e+02, 5.93199768e+01, 7.44102240e-01,
       8.07633728e+02, 2.70891937e+02, 6.76699281e-01, 6.76406616e+02,
       3.21733459e+02, 7.96036303e-01, 5.56942261e+02, 3.70811859e+02,
       7.91513622e-01, 5.37290100e+02, 1.96424728e+02, 2.31542036e-01,
       5.37288025e+02, 1.47479721e+02, 3.28914225e-01, 3.45288849e+02,
       1.68995850e+02, 1.86872080e-01, 0., 0., 0., 5.31420959e+02,
       2.45401382e+02, 2.50131756e-01, 3.35529297e+02, 3.10026886e+02,
       3.05223346e-01, 1.33691101e+02, 3.37442932e+02, 2.04631478e-01,
       9.29136230e+02, 1.49397827e+02, 8.90516996e-01, 9.33129639e+02,
       1.92416199e+02, 8.17755818e-01, 9.01747742e+02, 1.27819038e+02,
       6.71264708e-01, 9.27178528e+02, 2.10035995e+02, 1.89192355e-01,
       9.45354919e+01, 3.04191498e+02, 6.39634132e-02, 0., 0., 0.,
       1.08280037e+02, 3.37480560e+02, 1.22881763e-01, 0., 0., 0., 0.,
       0., 0., 0., 0., 0. ]
