%YAML:1.0
---
pose_0: !!opencv-matrix
   rows: 1
   cols: 25
   dt: "3f"
   data: [ 9.33063477e+02, 2.37573318e+02, 7.23550081e-01,
       8.74294739e+02, 3.02225891e+02, 4.14334118e-01, 0., 0., 0., 0.,
       0., 0., 0., 0., 0., 8.89976624e+02, 3.15886688e+02,
       5.12104273e-01, 7.80231018e+02, 2.57109436e+02, 6.53901815e-01,
       8.37016113e+02, 1.76826767e+02, 4.83843744e-01, 5.99993286e+02,
       3.72732544e+02, 7.35607892e-02, 6.03915833e+02, 3.25735809e+02,
       5.96438162e-02, 0., 0., 0., 0., 0., 0., 6.27420288e+02,
       4.07983765e+02, 5.71418554e-02, 0., 0., 0., 0., 0., 0.,
       9.48809814e+02, 2.35585800e+02, 1.15465432e-01, 9.54579773e+02,
       2.45435089e+02, 7.79830277e-01, 0., 0., 0., 9.46833862e+02,
       3.06213837e+02, 8.32430184e-01, 0., 0., 0., 0., 0., 0., 0., 0.,
       0., 0., 0., 0., 0., 0., 0., 0., 0., 0. ]
