%YAML:1.0
---
pose_0: !!opencv-matrix
   rows: 1
   cols: 25
   dt: "3f"
   data: [ 9.82016785e+02, 2.27781631e+02, 8.22726488e-01,
       8.70390930e+02, 2.25781708e+02, 4.81761783e-01, 8.68393616e+02,
       1.31733765e+02, 5.60248077e-01, 7.21431213e+02, 5.53815651e+01,
       7.92263389e-01, 6.70567383e+02, 1.20028183e+02, 8.01447570e-01,
       8.70330872e+02, 3.33531738e+02, 3.37015867e-01, 7.29226318e+02,
       4.07963654e+02, 7.68833756e-01, 8.23317383e+02, 3.62960846e+02,
       7.64546394e-01, 6.01946106e+02, 2.78689697e+02, 8.56421515e-02,
       5.88239014e+02, 2.41463409e+02, 8.39048997e-02, 0., 0., 0., 0.,
       0., 0., 6.19578674e+02, 3.19826263e+02, 7.99725503e-02, 0., 0.,
       0., 0., 0., 0., 9.95736450e+02, 2.02274948e+02, 8.22525024e-01,
       1.00552197e+03, 2.45462997e+02, 7.37458825e-01, 9.74158264e+02,
       1.69008118e+02, 5.65548837e-01, 9.83954285e+02, 2.74773010e+02,
       1.08381107e-01, 0., 0., 0., 0., 0., 0., 0., 0., 0., 0., 0., 0.,
       0., 0., 0., 0., 0., 0. ]
