%YAML:1.0
---
pose_0: !!opencv-matrix
   rows: 1
   cols: 25
   dt: "3f"
   data: [ 9.46773926e+02, 2.55154984e+02, 8.36159587e-01,
       8.35066223e+02, 2.59050812e+02, 6.67767584e-01, 8.25303162e+02,
       1.72907196e+02, 6.66879654e-01, 7.15567932e+02, 1.08277824e+02,
       7.57214010e-01, 6.41155884e+02, 1.33715607e+02, 8.13613713e-01,
       8.44864685e+02, 3.43345795e+02, 6.44063115e-01, 7.54793457e+02,
       4.47153015e+02, 7.91775882e-01, 7.33206726e+02, 3.70847809e+02,
       7.71577239e-01, 6.09807129e+02, 2.72828552e+02, 2.61299312e-01,
       6.11744629e+02, 2.23807907e+02, 3.48964870e-01, 4.58924744e+02,
       2.33641434e+02, 7.37181380e-02, 0., 0., 0., 6.19569824e+02,
       3.21823456e+02, 2.49187365e-01, 4.78536102e+02, 3.25718384e+02,
       5.35536148e-02, 3.66875092e+02, 3.33542694e+02, 6.31529987e-02,
       9.48828491e+02, 2.27860397e+02, 8.56291890e-01, 9.58493774e+02,
       2.66925140e+02, 7.76325583e-01, 9.19373840e+02, 2.06187988e+02,
       6.36915684e-01, 9.44784607e+02, 2.88391815e+02, 2.54812181e-01,
       0., 0., 0., 0., 0., 0., 0., 0., 0., 0., 0., 0., 0., 0., 0., 0.,
       0., 0. ]
