%YAML:1.0
---
pose_0: !!opencv-matrix
   rows: 1
   cols: 25
   dt: "3f"
   data: [ 8.95845093e+02, 2.25823532e+02, 8.01361442e-01,
       7.88083069e+02, 2.41450775e+02, 7.36670136e-01, 7.62594238e+02,
       1.67068542e+02, 6.71097100e-01, 6.52887390e+02, 1.31742264e+02,
       6.93764269e-01, 5.60784241e+02, 1.00423698e+02, 8.34483743e-01,
       8.05739990e+02, 3.12001190e+02, 5.91582298e-01, 7.86137329e+02,
       4.45173584e+02, 7.34585881e-01, 8.05657715e+02, 5.70621033e+02,
       5.37413001e-01, 5.76473389e+02, 2.84567688e+02, 2.57818878e-01,
       5.66666931e+02, 2.43459412e+02, 3.44797075e-01, 3.49229645e+02,
       2.35570114e+02, 1.51814491e-01, 1.29769684e+02, 2.25726990e+02,
       3.35357189e-01, 5.88234375e+02, 3.21814423e+02, 1.77780181e-01,
       3.59013641e+02, 3.84464905e+02, 3.30519021e-01, 2.10101410e+02,
       4.70703430e+02, 2.43539304e-01, 9.01645752e+02, 2.06214401e+02,
       8.37196410e-01, 9.05657959e+02, 2.41394318e+02, 8.17380428e-01,
       8.74277161e+02, 1.84660263e+02, 5.20851195e-01, 8.97762024e+02,
       2.61027161e+02, 3.47317487e-01, 0., 0., 0., 0., 0., 0.,
       1.84656281e+02, 4.76537689e+02, 1.44495562e-01, 1.16063980e+02,
       2.43471893e+02, 6.57256767e-02, 1.14144875e+02, 2.41476120e+02,
       6.98328763e-02, 0., 0., 0. ]
