%YAML:1.0
---
pose_0: !!opencv-matrix
   rows: 1
   cols: 25
   dt: "3f"
   data: [ 9.60424988e+02, 2.86508667e+02, 7.73844004e-01,
       8.58595764e+02, 3.08125916e+02, 6.43209815e-01, 8.39055847e+02,
       2.41406570e+02, 6.09608352e-01, 7.97882080e+02, 1.94485611e+02,
       4.25620258e-01, 7.46980957e+02, 1.65029770e+02, 7.43015409e-01,
       8.85972900e+02, 3.92304840e+02, 5.95063388e-01, 8.03758728e+02,
       5.27500244e+02, 5.23752749e-01, 8.23321045e+02, 4.74590118e+02,
       6.45468086e-02, 5.68645264e+02, 3.88423798e+02, 1.90940693e-01,
       5.66681030e+02, 3.31567749e+02, 2.71047711e-01, 3.72732452e+02,
       3.51136261e+02, 3.18227708e-01, 1.72877808e+02, 3.60986328e+02,
       2.22864956e-01, 5.74523804e+02, 4.45184113e+02, 2.49858648e-01,
       3.55119537e+02, 4.82473022e+02, 4.18179601e-01, 1.88571304e+02,
       6.11741150e+02, 3.08275580e-01, 9.66386719e+02, 2.57111237e+02,
       7.95880198e-01, 9.80010803e+02, 3.00262878e+02, 8.63518476e-01,
       9.48718933e+02, 2.27747437e+02, 6.80199921e-01, 0., 0., 0., 0.,
       0., 0., 0., 0., 0., 1.69005783e+02, 6.19597656e+02,
       1.41482681e-01, 0., 0., 0., 0., 0., 0., 0., 0., 0. ]
