%YAML:1.0
---
pose_0: !!opencv-matrix
   rows: 1
   cols: 25
   dt: "3f"
   data: [ 9.56584290e+02, 2.47335724e+02, 7.50478804e-01,
       8.38933350e+02, 2.68887360e+02, 6.38879657e-01, 8.21395691e+02,
       1.80797058e+02, 6.72626138e-01, 6.90124451e+02, 1.45499344e+02,
       7.18143761e-01, 6.15660278e+02, 1.33761566e+02, 7.48319089e-01,
       8.52693176e+02, 3.53159821e+02, 6.06569290e-01, 7.33204956e+02,
       4.07978271e+02, 6.14808679e-01, 5.90259155e+02, 4.35413940e+02,
       7.25675642e-01, 5.68648804e+02, 2.96330719e+02, 1.68745905e-01,
       5.60821655e+02, 2.49314911e+02, 2.81724274e-01, 3.72718658e+02,
       2.63029633e+02, 1.80671394e-01, 0., 0., 0., 5.56874451e+02,
       3.53127289e+02, 1.51445329e-01, 3.72755554e+02, 3.64881134e+02,
       1.15822449e-01, 1.98381760e+02, 3.84544464e+02, 9.18482617e-02,
       9.60498352e+02, 2.25845322e+02, 8.93002093e-01, 9.78065125e+02,
       2.59193298e+02, 7.59137571e-01, 9.31130371e+02, 2.06234177e+02,
       6.60224795e-01, 9.60462402e+02, 2.88431458e+02, 2.69135982e-01,
       0., 0., 0., 0., 0., 0., 0., 0., 0., 0., 0., 0., 0., 0., 0., 0.,
       0., 0. ]
