%YAML:1.0
---
pose_0: !!opencv-matrix
   rows: 1
   cols: 25
   dt: "3f"
   data: [ 9.34990112e+02, 3.04171906e+02, 7.65444875e-01,
       8.23408203e+02, 2.88531281e+02, 6.18318856e-01, 8.25351746e+02,
       1.98423904e+02, 6.59869313e-01, 7.29274658e+02, 1.16011986e+02,
       8.01997066e-01, 7.60734253e+02, 2.23823456e+02, 7.89097071e-01,
       8.05711609e+02, 3.80585205e+02, 5.34966648e-01, 6.70555115e+02,
       4.15891907e+02, 7.41946399e-01, 6.78290222e+02, 3.86455353e+02,
       7.59148777e-01, 5.47090698e+02, 2.90466705e+02, 2.17865020e-01,
       5.43185791e+02, 2.47380157e+02, 3.17146719e-01, 3.53155792e+02,
       2.66957184e+02, 1.89181492e-01, 1.67044983e+02, 2.78724670e+02,
       2.85412192e-01, 5.37296570e+02, 3.49204132e+02, 1.56829938e-01,
       3.72728943e+02, 3.49221710e+02, 1.66761249e-01, 1.35700729e+02,
       3.33568970e+02, 1.29502147e-01, 9.48716736e+02, 2.76778564e+02,
       8.42357159e-01, 9.46692993e+02, 3.19912689e+02, 7.93331087e-01,
       9.27142822e+02, 2.53257080e+02, 4.32664037e-01, 9.29081970e+02,
       3.41431396e+02, 7.76416734e-02, 1.00428978e+02, 3.80598114e+02,
       1.70867965e-01, 1.02424149e+02, 3.82485229e+02, 1.86103493e-01,
       9.06632156e+01, 3.41394073e+02, 8.88413563e-02, 9.45317001e+01,
       2.29714478e+02, 1.74249411e-01, 9.26064606e+01, 2.27822952e+02,
       1.55257240e-01, 1.59184586e+02, 2.80654938e+02, 1.29986510e-01 ]
