%YAML:1.0
---
pose_0: !!opencv-matrix
   rows: 1
   cols: 25
   dt: "3f"
   data: [ 9.72186340e+02, 2.25732788e+02, 8.26516807e-01,
       8.46820374e+02, 2.76750977e+02, 5.94207525e-01, 8.13533203e+02,
       1.94431152e+02, 4.78954941e-01, 6.62681824e+02, 1.61152740e+02,
       3.40268433e-01, 6.78303650e+02, 1.63041412e+02, 5.26638746e-01,
       8.68331177e+02, 3.53193268e+02, 6.49984539e-01, 7.66512512e+02,
       4.72635071e+02, 7.48835325e-01, 8.21314514e+02, 3.49217468e+02,
       7.87866414e-01, 5.60826355e+02, 2.88486694e+02, 1.04619749e-01,
       5.60811340e+02, 2.47345001e+02, 1.56671569e-01, 3.13940002e+02,
       2.59133698e+02, 9.69924927e-02, 3.37831535e+01, 2.80653870e+02,
       1.22515023e-01, 5.58845398e+02, 3.41395721e+02, 1.07846752e-01,
       3.86455505e+02, 3.29639648e+02, 5.46722002e-02, 0., 0., 0.,
       9.68344299e+02, 1.98398300e+02, 8.27284575e-01, 9.87895081e+02,
       2.39454147e+02, 8.28492403e-01, 9.33068848e+02, 1.92443008e+02,
       7.05869555e-01, 9.76106445e+02, 2.70899597e+02, 5.20158291e-01,
       0., 0., 0., 0., 0., 0., 0., 0., 0., 0., 0., 0., 0., 0., 0., 0.,
       0., 0. ]
