%YAML:1.0
---
pose_0: !!opencv-matrix
   rows: 1
   cols: 25
   dt: "3f"
   data: [ 9.70279297e+02, 2.94375732e+02, 6.67037964e-01,
       9.13457642e+02, 2.94413483e+02, 6.86546326e-01, 9.11506042e+02,
       2.27835114e+02, 5.64448535e-01, 9.01722839e+02, 1.55268570e+02,
       6.94158614e-01, 9.99669006e+02, 2.45466431e+02, 6.58972800e-01,
       9.13409790e+02, 3.60948730e+02, 5.26614428e-01, 8.91922180e+02,
       4.58889404e+02, 7.23755598e-01, 1.00746997e+03, 3.78583221e+02,
       6.58537507e-01, 7.31270142e+02, 3.51206512e+02, 9.83911008e-02,
       7.05796448e+02, 3.27664154e+02, 1.01044498e-01, 0., 0., 0., 0.,
       0., 0., 7.60626770e+02, 3.78601624e+02, 5.79566956e-02, 0., 0.,
       0., 0., 0., 0., 9.80140808e+02, 2.76699432e+02, 7.10303545e-01,
       9.82098572e+02, 3.06208038e+02, 6.98776543e-01, 9.80015259e+02,
       2.57169434e+02, 2.31534600e-01, 9.76122742e+02, 3.25697632e+02,
       1.22047164e-01, 0., 0., 0., 0., 0., 0., 0., 0., 0., 0., 0., 0.,
       0., 0., 0., 0., 0., 0. ]
