%YAML:1.0
---
pose_0: !!opencv-matrix
   rows: 1
   cols: 25
   dt: "3f"
   data: [ 9.52620239e+02, 2.15997818e+02, 7.43363380e-01,
       8.52657898e+02, 2.63003998e+02, 5.72591066e-01, 8.21342346e+02,
       1.67037781e+02, 4.22795802e-01, 7.52770630e+02, 1.63118195e+02,
       7.47492835e-02, 0., 0., 0., 8.66414917e+02, 3.41390472e+02,
       5.82293034e-01, 7.46987793e+02, 4.58949890e+02, 7.51249254e-01,
       7.74321289e+02, 3.35506470e+02, 7.85473228e-01, 6.15664612e+02,
       3.51176392e+02, 6.10748865e-02, 5.74520203e+02, 3.23764801e+02,
       7.39975721e-02, 2.88461548e+02, 3.35511566e+02, 1.10282540e-01,
       1.51399078e+02, 3.37420715e+02, 2.03051448e-01, 6.58757874e+02,
       3.86459442e+02, 5.15600555e-02, 0., 0., 0., 0., 0., 0.,
       9.62455750e+02, 1.94484680e+02, 9.02911305e-01, 9.78128296e+02,
       2.33638046e+02, 8.53016019e-01, 9.37005432e+02, 1.72937042e+02,
       5.17638326e-01, 9.70236206e+02, 2.63003662e+02, 4.37702060e-01,
       0., 0., 0., 0., 0., 0., 0., 0., 0., 0., 0., 0., 0., 0., 0.,
       1.49364838e+02, 3.37444519e+02, 1.21024519e-01 ]
