%YAML:1.0
---
pose_0: !!opencv-matrix
   rows: 2
   cols: 25
   dt: "3f"
   data: [ 9.17441650e+02, 3.19816956e+02, 8.06403518e-01,
       8.54651184e+02, 2.43472610e+02, 2.78474152e-01, 8.60561462e+02,
       2.23785233e+02, 6.43975437e-01, 7.80210205e+02, 2.98286072e+02,
       6.92049801e-01, 8.50709534e+02, 3.98196533e+02, 8.39266956e-01,
       8.68434570e+02, 2.53235626e+02, 6.10134304e-02, 0., 0., 0., 0.,
       0., 0., 0., 0., 0., 0., 0., 0., 0., 0., 0., 0., 0., 0., 0., 0.,
       0., 0., 0., 0., 0., 0., 0., 9.33114258e+02, 3.04110657e+02,
       8.08429539e-01, 0., 0., 0., 9.31090881e+02, 2.49349136e+02,
       8.47890675e-01, 0., 0., 0., 0., 0., 0., 0., 0., 0., 0., 0., 0.,
       0., 0., 0., 0., 0., 0., 0., 0., 0., 8.46850952e+02,
       2.76718903e+02, 8.61389339e-02, 7.64557495e+02, 2.57099640e+02,
       2.69108534e-01, 7.86107910e+02, 2.31663742e+02, 8.59737024e-02,
       0., 0., 0., 0., 0., 0., 7.48870605e+02, 2.72831665e+02,
       1.76495567e-01, 7.27289429e+02, 3.49257782e+02, 7.66098619e-01,
       8.21363525e+02, 4.17821198e+02, 7.22958863e-01, 5.66702759e+02,
       2.43425018e+02, 1.72894254e-01, 5.60807922e+02, 2.63015686e+02,
       1.48656920e-01, 4.47159119e+02, 3.21758392e+02, 1.36082560e-01,
       3.53165955e+02, 3.17887970e+02, 6.56642318e-02, 5.74525024e+02,
       2.27783264e+02, 1.29509240e-01, 4.47173889e+02, 3.17854858e+02,
       5.02901711e-02, 0., 0., 0., 0., 0., 0., 0., 0., 0., 0., 0., 0.,
       0., 0., 0., 0., 0., 0., 0., 0., 0., 0., 0., 0., 3.37485779e+02,
       3.13949219e+02, 6.32666647e-02, 3.33528412e+02, 3.04149292e+02,
       7.90016875e-02, 0., 0., 0. ]
