%YAML:1.0
---
pose_0: !!opencv-matrix
   rows: 1
   cols: 25
   dt: "3f"
   data: [ 9.21289429e+02, 4.41329956e+02, 7.20534742e-01,
       8.23380798e+02, 4.45173828e+02, 7.21386015e-01, 8.15493774e+02,
       3.64880951e+02, 6.63963795e-01, 6.95945129e+02, 3.06084656e+02,
       8.29279244e-01, 5.86234863e+02, 3.35524811e+02, 8.53406370e-01,
       8.27256958e+02, 5.19683472e+02, 6.13996446e-01, 7.11630188e+02,
       5.98011963e+02, 7.66815364e-01, 6.50977966e+02, 5.60797791e+02,
       7.93572009e-01, 5.99967529e+02, 4.51103638e+02, 2.29126051e-01,
       5.86298218e+02, 4.09971558e+02, 2.93329030e-01, 4.00160522e+02,
       4.47209351e+02, 1.54106513e-01, 0., 0., 0., 6.05888184e+02,
       5.09845184e+02, 1.69174179e-01, 5.88212585e+02, 5.41232361e+02,
       6.29148558e-02, 0., 0., 0., 9.35004700e+02, 4.21698151e+02,
       8.10861409e-01, 9.36969238e+02, 4.60825989e+02, 7.85204291e-01,
       9.15423035e+02, 4.00108337e+02, 4.81621355e-01, 9.21289185e+02,
       4.78447876e+02, 2.06072420e-01, 0., 0., 0., 0., 0., 0., 0., 0.,
       0., 0., 0., 0., 0., 0., 0., 0., 0., 0. ]
