%YAML:1.0
---
pose_0: !!opencv-matrix
   rows: 1
   cols: 25
   dt: "3f"
   data: [ 9.01668213e+02, 3.00197052e+02, 8.21931362e-01,
       7.91941895e+02, 3.06172455e+02, 7.33912528e-01, 7.88011414e+02,
       2.25823441e+02, 7.25159287e-01, 6.58782227e+02, 1.94494308e+02,
       7.96895266e-01, 5.72617310e+02, 1.98333649e+02, 8.05949152e-01,
       7.94010925e+02, 3.90381744e+02, 6.33851349e-01, 6.82316589e+02,
       4.47199890e+02, 7.70723104e-01, 5.66657227e+02, 4.74578217e+02,
       7.80516446e-01, 5.39242493e+02, 3.25723572e+02, 2.80446768e-01,
       5.39230469e+02, 2.74804993e+02, 3.61488432e-01, 3.62948883e+02,
       2.88450470e+02, 2.91004956e-01, 1.37659927e+02, 3.06066925e+02,
       2.12256119e-01, 5.31420410e+02, 3.76669159e+02, 2.77825236e-01,
       3.64909241e+02, 3.82472534e+02, 5.27805924e-01, 1.67012604e+02,
       3.86421539e+02, 4.46557164e-01, 9.13450806e+02, 2.76712280e+02,
       8.64126682e-01, 9.15431152e+02, 3.12022430e+02, 8.02857876e-01,
       8.89926331e+02, 2.57098877e+02, 6.79957092e-01, 8.99750427e+02,
       3.35456116e+02, 3.73347938e-01, 1.06285675e+02, 4.29527496e+02,
       2.52762049e-01, 1.16099426e+02, 4.31458466e+02, 2.90896118e-01,
       1.43520721e+02, 3.78626648e+02, 2.35135123e-01, 0., 0., 0., 0.,
       0., 0., 1.31717346e+02, 3.08085297e+02, 2.24050090e-01 ]
