%YAML:1.0
---
pose_0: !!opencv-matrix
   rows: 1
   cols: 25
   dt: "3f"
   data: [ 9.48727600e+02, 3.00217346e+02, 7.86500812e-01,
       8.25260437e+02, 3.37483856e+02, 6.78784966e-01, 7.93969788e+02,
       2.76718781e+02, 6.14548087e-01, 6.92069092e+02, 2.78665131e+02,
       5.25042474e-01, 6.05894348e+02, 2.16059250e+02, 7.87090003e-01,
       8.52631714e+02, 4.04052917e+02, 6.59715056e-01, 7.44944275e+02,
       4.57001862e+02, 8.03133130e-01, 7.58759277e+02, 3.02179474e+02,
       7.27611423e-01, 5.43204956e+02, 3.39441895e+02, 1.86021775e-01,
       5.58868103e+02, 2.92404053e+02, 2.57233649e-01, 3.82526672e+02,
       2.49338745e+02, 2.29210019e-01, 1.74871490e+02, 2.86521790e+02,
       1.55509636e-01, 5.27528076e+02, 3.82539520e+02, 1.62351012e-01,
       3.64884521e+02, 4.25612976e+02, 7.50389174e-02, 0., 0., 0.,
       9.56520386e+02, 2.86472992e+02, 7.26356804e-01, 9.62345093e+02,
       3.13924438e+02, 8.22354198e-01, 9.21283875e+02, 2.64980377e+02,
       4.45173055e-01, 9.42814392e+02, 3.51117920e+02, 6.72468841e-01,
       0., 0., 0., 0., 0., 0., 0., 0., 0., 1.21956902e+02,
       2.82606873e+02, 7.50600770e-02, 0., 0., 0., 1.63079529e+02,
       2.92434448e+02, 1.24679327e-01 ]
