%YAML:1.0
---
pose_0: !!opencv-matrix
   rows: 1
   cols: 25
   dt: "3f"
   data: [ 9.31055298e+02, 3.23797424e+02, 7.37537563e-01,
       8.23315491e+02, 2.96334381e+02, 6.54789090e-01, 8.37080811e+02,
       2.16003387e+02, 6.62300229e-01, 7.27378784e+02, 1.41520752e+02,
       7.45137036e-01, 5.98046021e+02, 1.49438095e+02, 7.99806297e-01,
       8.07673706e+02, 3.74681427e+02, 6.51362121e-01, 7.23378052e+02,
       4.29622253e+02, 7.83626795e-01, 6.66592651e+02, 4.78618011e+02,
       7.82801688e-01, 5.56878357e+02, 3.04139740e+02, 1.64301112e-01,
       5.43192322e+02, 2.74801117e+02, 1.54417217e-01, 3.55124664e+02,
       3.15889771e+02, 2.35364005e-01, 1.37656418e+02, 3.21820526e+02,
       1.20284982e-01, 5.56886292e+02, 3.53123352e+02, 8.78435075e-02,
       3.86449829e+02, 4.02147003e+02, 1.65334299e-01, 0., 0., 0.,
       9.46816406e+02, 3.04225220e+02, 8.58410060e-01, 9.46713867e+02,
       3.37391144e+02, 8.15291166e-01, 9.25237793e+02, 2.66971497e+02,
       7.66748250e-01, 0., 0., 0., 0., 0., 0., 0., 0., 0., 0., 0., 0.,
       9.84637299e+01, 2.86464355e+02, 5.35155684e-02, 0., 0., 0., 0.,
       0., 0. ]
