%YAML:1.0
---
pose_0: !!opencv-matrix
   rows: 1
   cols: 25
   dt: "3f"
   data: [ 8.82079590e+02, 4.92293427e+02, 8.52865934e-01,
       7.80268738e+02, 5.23598450e+02, 7.08179414e-01, 7.56683960e+02,
       4.76631470e+02, 6.43139064e-01, 6.47026550e+02, 4.74551605e+02,
       4.76837873e-01, 5.54974060e+02, 4.43257813e+02, 7.78938353e-01,
       8.07659241e+02, 5.74574768e+02, 6.98554397e-01, 7.41027649e+02,
       5.15758423e+02, 3.73550087e-01, 0., 0., 0., 5.27491821e+02,
       5.33373657e+02, 1.86540619e-01, 5.37289490e+02, 4.94225372e+02,
       2.36698702e-01, 3.78614716e+02, 4.64820801e+02, 2.07495242e-01,
       2.02290802e+02, 5.41262878e+02, 1.07714579e-01, 5.19666077e+02,
       5.74540649e+02, 1.40010715e-01, 3.74675110e+02, 4.68720093e+02,
       1.62008911e-01, 2.15999252e+02, 5.45122925e+02, 8.30026269e-02,
       8.84042786e+02, 4.78528503e+02, 9.09407616e-01, 8.93879883e+02,
       5.07928284e+02, 8.09627950e-01, 8.54776672e+02, 4.66778717e+02,
       5.59509516e-01, 8.83979187e+02, 5.37242554e+02, 7.27359056e-01,
       0., 0., 0., 0., 0., 0., 0., 0., 0., 1.80738419e+02,
       5.51007263e+02, 5.97701818e-02, 1.78817352e+02, 5.45141968e+02,
       5.94771095e-02, 0., 0., 0. ]
