%YAML:1.0
---
pose_0: !!opencv-matrix
   rows: 2
   cols: 25
   dt: "3f"
   data: [ 8.83987305e+02, 4.00177551e+02, 8.38326871e-01,
       7.88053833e+02, 4.47105621e+02, 7.48723507e-01, 7.58689026e+02,
       4.08004852e+02, 6.36129618e-01, 7.11619263e+02, 4.00162231e+02,
       1.26318261e-01, 7.44971802e+02, 4.29616455e+02, 2.13388026e-01,
       8.11573730e+02, 4.92197571e+02, 6.58626437e-01, 7.56647949e+02,
       4.58960327e+02, 5.76548219e-01, 6.64692139e+02, 3.13954163e+02,
       7.03545332e-01, 5.19677673e+02, 4.76592072e+02, 3.47643197e-01,
       5.23599915e+02, 4.35416748e+02, 4.23695713e-01, 3.41390900e+02,
       3.96256897e+02, 5.03299534e-01, 0., 0., 0., 5.21610535e+02,
       5.15768799e+02, 3.55712742e-01, 3.51193054e+02, 5.68597107e+02,
       4.38409418e-01, 1.94445206e+02, 6.37218506e+02, 3.60460788e-01,
       8.84090637e+02, 3.88398071e+02, 8.26923847e-01, 8.97756714e+02,
       4.15832947e+02, 8.49775672e-01, 8.52687439e+02, 3.84468597e+02,
       1.90186396e-01, 8.86064514e+02, 4.47119843e+02, 5.51777124e-01,
       1.31751999e+02, 6.39188843e+02, 1.68231755e-01, 1.39572952e+02,
       6.50876892e+02, 1.75504208e-01, 1.78744354e+02, 6.41125916e+02,
       1.42895922e-01, 0., 0., 0., 0., 0., 0., 0., 0., 0., 0., 0., 0.,
       7.11606018e+02, 4.31479095e+02, 6.21419661e-02, 6.80340149e+02,
       4.11939148e+02, 1.68238789e-01, 6.11756226e+02, 3.82486908e+02,
       7.35024035e-01, 5.54841064e+02, 3.39444275e+02, 8.14371586e-01,
       0., 0., 0., 0., 0., 0., 0., 0., 0., 0., 0., 0., 0., 0., 0., 0.,
       0., 0., 0., 0., 0., 0., 0., 0., 0., 0., 0., 0., 0., 0., 0., 0.,
       0., 0., 0., 0., 0., 0., 0., 0., 0., 0., 0., 0., 0., 0., 0., 0.,
       0., 0., 0., 0., 0., 0., 0., 0., 0., 0., 0., 0. ]
