%YAML:1.0
---
pose_0: !!opencv-matrix
   rows: 1
   cols: 25
   dt: "3f"
   data: [ 8.70441467e+02, 1.23939247e+02, 7.74672747e-01,
       7.72348145e+02, 1.16149933e+02, 7.04593062e-01, 7.56757385e+02,
       4.16460533e+01, 6.45869315e-01, 6.82330750e+02, 5.34126472e+00,
       3.51890892e-01, 6.64591187e+02, 5.35484743e+00, 5.23752719e-02,
       7.76372009e+02, 1.90561737e+02, 6.49784267e-01, 6.95980225e+02,
       2.82602142e+02, 7.87168086e-01, 7.52821594e+02, 3.33483124e+02,
       7.95971394e-01, 5.37277710e+02, 1.31739365e+02, 2.60838896e-01,
       5.33374695e+02, 8.67157669e+01, 3.01356733e-01, 3.53117004e+02,
       1.00431984e+02, 1.29794419e-01, 0., 0., 0., 5.39274780e+02,
       1.82688553e+02, 2.76029766e-01, 3.29646332e+02, 2.08128693e+02,
       2.90358245e-01, 1.63109802e+02, 2.27765533e+02, 2.39107743e-01,
       8.84154480e+02, 1.02366806e+02, 8.75235617e-01, 8.86024780e+02,
       1.33795639e+02, 8.19851100e-01, 8.58608521e+02, 7.09486465e+01,
       8.62394392e-01, 8.68307129e+02, 1.49458664e+02, 6.59665689e-02,
       9.64735641e+01, 2.51298401e+02, 1.02193296e-01, 1.10202965e+02,
       2.59124695e+02, 1.47673801e-01, 1.29793686e+02, 2.10094238e+02,
       8.73306170e-02, 0., 0., 0., 0., 0., 0., 0., 0., 0. ]
