%YAML:1.0
---
pose_0: !!opencv-matrix
   rows: 1
   cols: 25
   dt: "3f"
   data: [ 9.03717773e+02, 3.98161194e+02, 7.66164720e-01,
       7.93930115e+02, 4.09955200e+02, 6.49903178e-01, 7.89969666e+02,
       3.35528687e+02, 7.10961461e-01, 6.82247253e+02, 3.04075134e+02,
       7.03523457e-01, 6.09790405e+02, 2.90403534e+02, 7.81298637e-01,
       7.99837646e+02, 4.82439087e+02, 4.63694483e-01, 6.80354675e+02,
       5.47077576e+02, 7.96602070e-01, 7.78337830e+02, 4.96133606e+02,
       7.60499299e-01, 5.64731567e+02, 4.29561920e+02, 1.99071914e-01,
       5.64717224e+02, 3.84483704e+02, 2.81687140e-01, 3.98216583e+02,
       3.88385254e+02, 2.06030503e-01, 0., 0., 0., 5.70613403e+02,
       4.80511322e+02, 1.68481246e-01, 0., 0., 0., 0., 0., 0.,
       9.17293335e+02, 3.80511139e+02, 8.64675879e-01, 9.17433411e+02,
       4.13843964e+02, 8.07125926e-01, 8.88053040e+02, 3.55138733e+02,
       6.73050344e-01, 9.13395447e+02, 4.33447235e+02, 3.17454010e-01,
       0., 0., 0., 0., 0., 0., 0., 0., 0., 0., 0., 0., 0., 0., 0., 0.,
       0., 0. ]
