%YAML:1.0
---
pose_0: !!opencv-matrix
   rows: 1
   cols: 25
   dt: "3f"
   data: [ 8.25336548e+02, 1.45473373e+02, 4.92606699e-01,
       8.74257874e+02, 2.08152252e+02, 1.04317516e-01, 8.21376404e+02,
       1.82734192e+02, 7.15742633e-02, 0., 0., 0., 0., 0., 0.,
       9.13459045e+02, 2.25777695e+02, 1.27675131e-01, 0., 0., 0., 0.,
       0., 0., 0., 0., 0., 0., 0., 0., 0., 0., 0., 0., 0., 0., 0., 0.,
       0., 0., 0., 0., 0., 0., 0., 8.27265747e+02, 1.23929123e+02,
       1.28003553e-01, 8.42958679e+02, 1.27809608e+02, 3.51604998e-01,
       0., 0., 0., 8.97712769e+02, 1.33776337e+02, 7.21953392e-01, 0.,
       0., 0., 0., 0., 0., 0., 0., 0., 0., 0., 0., 0., 0., 0., 0., 0.,
       0. ]
