%YAML:1.0
---
pose_0: !!opencv-matrix
   rows: 1
   cols: 25
   dt: "3f"
   data: [ 9.33024048e+02, 2.37521561e+02, 6.98370397e-01,
       8.17474365e+02, 2.88529510e+02, 6.51646316e-01, 7.78283264e+02,
       2.27730820e+02, 4.89909500e-01, 6.80330933e+02, 2.49331909e+02,
       2.47991607e-01, 5.82381592e+02, 2.10087402e+02, 5.58794022e-01,
       8.52706116e+02, 3.57073975e+02, 6.00123763e-01, 7.27370850e+02,
       4.15906433e+02, 6.85486376e-01, 6.33290955e+02, 2.84568848e+02,
       6.16274595e-01, 5.02042114e+02, 3.15895874e+02, 3.02996725e-01,
       5.07945068e+02, 2.74789093e+02, 3.49175841e-01, 3.27672150e+02,
       1.82710983e+02, 7.20044911e-01, 1.96459686e+02, 2.98296875e+02,
       4.60282266e-01, 5.02028534e+02, 3.55126038e+02, 2.49610275e-01,
       3.10048370e+02, 3.06139954e+02, 4.33329135e-01, 1.94461792e+02,
       3.29599121e+02, 1.01492442e-01, 9.42861328e+02, 2.25758774e+02,
       7.12112665e-01, 9.48821655e+02, 2.57031219e+02, 8.53068471e-01,
       9.09516907e+02, 2.12174774e+02, 1.17764354e-01, 9.31135620e+02,
       3.00201447e+02, 7.94812322e-01, 0., 0., 0., 0., 0., 0., 0., 0.,
       0., 1.27814102e+02, 2.43478653e+02, 2.80996919e-01,
       1.29771500e+02, 2.45394897e+02, 2.32632220e-01, 1.82692413e+02,
       3.08091858e+02, 1.35219947e-01 ]
