%YAML:1.0
---
pose_0: !!opencv-matrix
   rows: 1
   cols: 25
   dt: "3f"
   data: [ 9.80077698e+02, 4.08031250e+02, 7.66722202e-01,
       8.56604065e+02, 4.11930054e+02, 6.66737556e-01, 8.50709534e+02,
       3.19799194e+02, 6.42220199e-01, 7.37136719e+02, 2.66904572e+02,
       7.03068852e-01, 6.58737122e+02, 3.10048920e+02, 6.14263892e-01,
       8.58584167e+02, 4.96194000e+02, 5.51145494e-01, 7.09694702e+02,
       5.52924744e+02, 6.80576682e-01, 5.96049377e+02, 5.88240540e+02,
       6.99836612e-01, 5.94113220e+02, 4.51102905e+02, 9.44121778e-02,
       5.82370850e+02, 3.70797546e+02, 1.12268835e-01, 0., 0., 0., 0.,
       0., 0., 5.92164368e+02, 4.86366058e+02, 8.93995315e-02, 0., 0.,
       0., 0., 0., 0., 9.91859802e+02, 3.82476349e+02, 8.80588412e-01,
       9.97701843e+02, 4.25606140e+02, 7.29924440e-01, 9.62394592e+02,
       3.51247253e+02, 5.06043077e-01, 0., 0., 0., 0., 0., 0., 0., 0.,
       0., 0., 0., 0., 0., 0., 0., 0., 0., 0., 0., 0., 0. ]
