%YAML:1.0
---
pose_0: !!opencv-matrix
   rows: 1
   cols: 25
   dt: "3f"
   data: [ 1.01922992e+03, 3.25720215e+02, 7.68912613e-01,
       9.17425659e+02, 3.39447998e+02, 5.30484498e-01, 9.15423279e+02,
       2.70841431e+02, 4.33385670e-01, 9.15346863e+02, 2.17972641e+02,
       2.84847617e-01, 8.64472168e+02, 1.49430786e+02, 3.63275737e-01,
       9.13461426e+02, 4.13914063e+02, 3.47496986e-01, 7.91937622e+02,
       5.43167908e+02, 7.02167809e-01, 8.93870178e+02, 4.74632965e+02,
       6.90106630e-01, 7.19496155e+02, 3.62933167e+02, 8.03369805e-02,
       7.23411865e+02, 3.23757507e+02, 9.79036689e-02, 5.72566345e+02,
       2.31695572e+02, 5.66369370e-02, 3.45287872e+02, 2.25783691e+02,
       9.58375335e-02, 7.50836914e+02, 4.06037140e+02, 5.18112108e-02,
       0., 0., 0., 0., 0., 0., 1.02715210e+03, 2.92453918e+02,
       8.39350581e-01, 1.03887366e+03, 3.47302155e+02, 7.69136846e-01,
       9.99670654e+02, 2.64975037e+02, 3.61117393e-01, 1.05450525e+03,
       3.78580688e+02, 7.06327409e-02, 0., 0., 0., 0., 0., 0., 0., 0.,
       0., 0., 0., 0., 0., 0., 0., 0., 0., 0. ]
