%YAML:1.0
---
pose_0: !!opencv-matrix
   rows: 1
   cols: 25
   dt: "3f"
   data: [ 9.31008850e+02, 3.15878143e+02, 7.87376881e-01,
       8.23315247e+02, 2.84592438e+02, 6.77950561e-01, 8.37047852e+02,
       2.10136597e+02, 6.82642221e-01, 7.13647461e+02, 1.49402924e+02,
       8.20382416e-01, 6.25490906e+02, 2.21888992e+02, 7.32176900e-01,
       8.05670959e+02, 3.53133545e+02, 5.29117465e-01, 7.27362122e+02,
       4.00205261e+02, 3.96323621e-01, 6.80242188e+02, 4.00091431e+02,
       5.66231608e-01, 6.25460999e+02, 2.86524353e+02, 1.51977405e-01,
       6.17633972e+02, 2.49297699e+02, 2.66558886e-01, 4.90289978e+02,
       2.86551727e+02, 5.48100732e-02, 3.70785431e+02, 3.04157532e+02,
       7.71327615e-02, 6.05879822e+02, 3.39424744e+02, 1.52186155e-01,
       5.23587708e+02, 3.53135681e+02, 1.74078286e-01, 3.62955292e+02,
       3.35503571e+02, 2.62841821e-01, 9.36947205e+02, 2.90387177e+02,
       8.47211480e-01, 9.46686462e+02, 3.23749390e+02, 7.72954166e-01,
       9.17333618e+02, 2.59094360e+02, 7.29409337e-01, 0., 0., 0., 0.,
       0., 0., 0., 0., 0., 3.53160736e+02, 3.31589569e+02,
       1.81091398e-01, 0., 0., 0., 0., 0., 0., 0., 0., 0. ]
