%YAML:1.0
---
pose_0: !!opencv-matrix
   rows: 1
   cols: 25
   dt: "3f"
   data: [ 9.11505554e+02, 3.19821686e+02, 8.63111734e-01,
       8.09639954e+02, 3.62931427e+02, 6.83440685e-01, 7.82194519e+02,
       3.08130432e+02, 6.34114563e-01, 6.64673462e+02, 3.21807617e+02,
       4.30033237e-01, 5.47115051e+02, 3.02223846e+02, 7.22560465e-01,
       8.36996033e+02, 4.13824127e+02, 5.33618808e-01, 9.66355103e+02,
       4.31521606e+02, 5.85896671e-01, 1.07798853e+03, 3.53188538e+02,
       4.70905244e-01, 5.66675781e+02, 3.82547668e+02, 1.80623218e-01,
       5.64713440e+02, 3.47259979e+02, 2.84643382e-01, 0., 0., 0., 0.,
       0., 0., 5.45148315e+02, 4.49159546e+02, 2.12014154e-01,
       3.49241852e+02, 5.49077209e+02, 3.84361356e-01, 2.12115234e+02,
       6.48933533e+02, 3.30511987e-01, 9.15501160e+02, 3.04091797e+02,
       8.77540588e-01, 9.31004211e+02, 3.33585205e+02, 8.70839357e-01,
       8.87990112e+02, 2.92408508e+02, 1.05498210e-01, 9.25196289e+02,
       3.68750977e+02, 6.31248295e-01, 1.74880447e+02, 6.11763062e+02,
       6.50896728e-02, 1.80737701e+02, 6.37196838e+02, 8.23605955e-02,
       2.02295502e+02, 6.54833008e+02, 2.13598385e-01, 0., 0., 0., 0.,
       0., 0., 0., 0., 0. ]
