%YAML:1.0
---
pose_0: !!opencv-matrix
   rows: 2
   cols: 25
   dt: "3f"
   data: [ 9.03653992e+02, 2.90422119e+02, 7.52434075e-01,
       8.54710449e+02, 2.61118011e+02, 2.26459488e-01, 8.56625488e+02,
       2.10086533e+02, 4.50946391e-01, 8.03718567e+02, 1.74878006e+02,
       7.29162157e-01, 8.68445190e+02, 3.02173035e+02, 6.99285626e-01,
       8.58613953e+02, 3.08128387e+02, 6.84712306e-02, 0., 0., 0., 0.,
       0., 0., 0., 0., 0., 0., 0., 0., 0., 0., 0., 0., 0., 0., 0., 0.,
       0., 0., 0., 0., 0., 0., 0., 9.15478577e+02, 2.70875793e+02,
       8.14109206e-01, 9.23279358e+02, 3.08106842e+02, 7.09911644e-01,
       9.15413513e+02, 2.41402390e+02, 6.12946451e-01, 0., 0., 0., 0.,
       0., 0., 0., 0., 0., 0., 0., 0., 0., 0., 0., 0., 0., 0., 0., 0.,
       0., 0., 0., 0., 8.07644958e+02, 2.88471161e+02, 4.29049015e-01,
       0., 0., 0., 0., 0., 0., 0., 0., 0., 8.03763123e+02,
       3.39440796e+02, 5.15528202e-01, 7.88029541e+02, 4.27538177e+02,
       7.90825069e-01, 8.54669250e+02, 4.13857269e+02, 8.15212488e-01,
       5.74533936e+02, 2.39522186e+02, 1.13761686e-01, 5.49046997e+02,
       2.12063065e+02, 1.20088503e-01, 3.59033478e+02, 3.15908539e+02,
       1.13789871e-01, 1.33754959e+02, 2.82580292e+02, 2.03013241e-01,
       5.76486267e+02, 3.04159912e+02, 9.95764583e-02, 3.68812805e+02,
       3.17872101e+02, 1.74636617e-01, 1.25878593e+02, 2.84546753e+02,
       1.20748468e-01, 0., 0., 0., 0., 0., 0., 0., 0., 0., 0., 0., 0.,
       0., 0., 0., 0., 0., 0., 1.04346939e+02, 2.74787048e+02,
       8.99549127e-02, 9.84809265e+01, 2.72839966e+02, 6.49524257e-02,
       1.00433319e+02, 2.68907257e+02, 6.45084903e-02, 0., 0., 0. ]
