%YAML:1.0
---
pose_0: !!opencv-matrix
   rows: 1
   cols: 25
   dt: "3f"
   data: [ 9.01638306e+02, 3.62968842e+02, 7.28572726e-01,
       8.21365051e+02, 2.88407745e+02, 5.99950552e-01, 8.33153320e+02,
       2.59153198e+02, 7.13160276e-01, 7.23424927e+02, 2.90519440e+02,
       6.94991231e-01, 8.05701294e+02, 4.15835358e+02, 8.21077883e-01,
       8.11607727e+02, 3.13935394e+02, 3.43243301e-01, 6.98039246e+02,
       3.86446075e+02, 8.04936290e-01, 7.58635925e+02, 4.17774475e+02,
       8.51738513e-01, 5.54969849e+02, 3.04172729e+02, 3.37440878e-01,
       5.54966309e+02, 2.74778931e+02, 3.66082400e-01, 3.94275116e+02,
       3.33533600e+02, 9.80633646e-02, 0., 0., 0., 5.51013245e+02,
       3.35454132e+02, 2.31797963e-01, 4.09947479e+02, 3.60957916e+02,
       7.82674998e-02, 0., 0., 0., 9.17436951e+02, 3.51184296e+02,
       8.06810737e-01, 9.29083984e+02, 3.68904327e+02, 5.60668521e-02,
       9.15338745e+02, 3.04072296e+02, 8.55550706e-01, 0., 0., 0., 0.,
       0., 0., 0., 0., 0., 0., 0., 0., 0., 0., 0., 0., 0., 0., 0., 0.,
       0. ]
