%YAML:1.0
---
pose_0: !!opencv-matrix
   rows: 1
   cols: 25
   dt: "3f"
   data: [ 9.15394348e+02, 1.76838135e+02, 8.15882206e-01,
       7.92029480e+02, 1.80727142e+02, 6.89184487e-01, 7.91961121e+02,
       9.06152115e+01, 6.68056488e-01, 6.60726440e+02, 6.51818695e+01,
       5.29682279e-01, 5.39302307e+02, 7.88401413e+01, 6.01749778e-01,
       7.92076843e+02, 2.64954834e+02, 6.62007391e-01, 6.82214783e+02,
       3.04060486e+02, 7.41923451e-01, 5.49047852e+02, 3.10052643e+02,
       7.41721034e-01, 5.25531799e+02, 1.96397598e+02, 1.62185222e-01,
       5.19653931e+02, 1.49362717e+02, 2.27661982e-01, 3.84469910e+02,
       1.80722610e+02, 6.03511259e-02, 0., 0., 0., 5.33393921e+02,
       2.49312149e+02, 1.54214680e-01, 0., 0., 0., 0., 0., 0.,
       9.27123291e+02, 1.49381378e+02, 8.46410871e-01, 9.31054443e+02,
       1.90528427e+02, 8.17613482e-01, 8.99725769e+02, 1.27809380e+02,
       5.56059480e-01, 9.19315063e+02, 2.06209595e+02, 1.06386960e-01,
       0., 0., 0., 0., 0., 0., 0., 0., 0., 0., 0., 0., 0., 0., 0., 0.,
       0., 0. ]
