%YAML:1.0
---
pose_0: !!opencv-matrix
   rows: 1
   cols: 25
   dt: "3f"
   data: [ 8.50716797e+02, 2.76761200e+02, 6.78906620e-01,
       7.68483643e+02, 2.66912964e+02, 5.99777699e-01, 7.41031677e+02,
       2.14074448e+02, 6.22231424e-01, 7.27353333e+02, 1.49319016e+02,
       8.51753652e-01, 8.21335632e+02, 1.49479462e+02, 8.52247000e-01,
       7.90010071e+02, 3.17826050e+02, 5.73302388e-01, 7.56692078e+02,
       2.61075684e+02, 4.44498837e-01, 8.29221680e+02, 2.31691772e+02,
       2.18682110e-01, 5.33380310e+02, 3.19801270e+02, 3.94973963e-01,
       5.33360229e+02, 2.80650330e+02, 4.85551357e-01, 3.41397339e+02,
       2.90498230e+02, 5.57183743e-01, 1.61180954e+02, 3.02212311e+02,
       6.33282542e-01, 5.33384888e+02, 3.55108765e+02, 4.07087892e-01,
       3.57071350e+02, 3.92347534e+02, 6.90281928e-01, 2.49294281e+02,
       4.88307281e+02, 6.16966605e-01, 8.56708069e+02, 2.68873718e+02,
       6.35453284e-01, 8.58633362e+02, 2.88424622e+02, 6.20897651e-01,
       8.64432068e+02, 2.27759064e+02, 5.80157518e-01, 0., 0., 0.,
       2.19932587e+02, 4.74622894e+02, 2.13033259e-01, 2.25819321e+02,
       4.82459045e+02, 2.20073372e-01, 2.39537643e+02, 4.98111572e+02,
       4.18850362e-01, 1.45501083e+02, 3.31609985e+02, 6.38036430e-02,
       0., 0., 0., 1.49339828e+02, 3.06084595e+02, 4.09923255e-01 ]
