%YAML:1.0
---
pose_0: !!opencv-matrix
   rows: 1
   cols: 25
   dt: "3f"
   data: [ 9.03627869e+02, 3.78615143e+02, 6.98075891e-01,
       8.21354797e+02, 3.02228455e+02, 6.30254745e-01, 8.23269897e+02,
       2.86471130e+02, 7.11700916e-01, 6.99927734e+02, 2.90403290e+02,
       7.72820354e-01, 6.23555298e+02, 4.43266754e+02, 7.16184139e-01,
       8.19410400e+02, 3.21868439e+02, 4.71453696e-01, 7.17568115e+02,
       3.53210785e+02, 4.18366432e-01, 5.41234436e+02, 4.31576416e+02,
       1.21647224e-01, 5.45146729e+02, 2.72798279e+02, 3.90956759e-01,
       5.39297485e+02, 2.45450897e+02, 4.75371003e-01, 4.33505066e+02,
       2.94359558e+02, 5.55985510e-01, 3.17847382e+02, 3.51158356e+02,
       3.97898495e-01, 5.47124390e+02, 2.98292328e+02, 2.65798330e-01,
       4.64819122e+02, 3.66818329e+02, 1.93589970e-01, 3.21857330e+02,
       3.90364716e+02, 1.33116961e-01, 9.19330627e+02, 3.66877228e+02,
       8.24368894e-01, 0., 0., 0., 9.15455627e+02, 3.17916199e+02,
       8.61505091e-01, 0., 0., 0., 0., 0., 0., 0., 0., 0., 0., 0., 0.,
       0., 0., 0., 0., 0., 0., 3.04136017e+02, 3.62950226e+02,
       1.88847795e-01 ]
