%YAML:1.0
---
pose_0: !!opencv-matrix
   rows: 1
   cols: 25
   dt: "3f"
   data: [ 9.01784363e+02, 2.78681793e+02, 8.32562685e-01,
       8.09636902e+02, 2.43474487e+02, 5.97828686e-01, 8.21384277e+02,
       1.82700424e+02, 6.36032104e-01, 7.66536682e+02, 1.51406281e+02,
       7.17139184e-01, 8.01765076e+02, 3.04208405e+02, 7.83031702e-01,
       7.93954041e+02, 2.90412567e+02, 4.28852588e-01, 6.50936646e+02,
       3.25759399e+02, 2.69896954e-01, 5.62745056e+02, 3.96230164e+02,
       2.56765246e-01, 6.84247620e+02, 2.55186325e+02, 8.56558755e-02,
       6.56801941e+02, 1.98409378e+02, 7.25231171e-02, 3.33554840e+02,
       3.51112274e+02, 2.06340119e-01, 1.47428802e+02, 3.47241333e+02,
       3.71173382e-01, 7.05764526e+02, 2.88520172e+02, 8.34151953e-02,
       6.52893982e+02, 3.23768616e+02, 2.13349029e-01, 5.45151611e+02,
       4.02180511e+02, 2.96585798e-01, 9.15369446e+02, 2.57126190e+02,
       8.97967637e-01, 9.19332336e+02, 2.84522736e+02, 7.74153709e-01,
       8.84148254e+02, 2.19923035e+02, 8.08844924e-01, 0., 0., 0.,
       4.94200165e+02, 4.00183350e+02, 3.12875241e-01, 5.02043060e+02,
       4.11871246e+02, 3.05438131e-01, 5.39183777e+02, 4.13815125e+02,
       2.25986332e-01, 0., 0., 0., 0., 0., 0., 1.23920944e+02,
       3.53136047e+02, 2.69225717e-01 ]
