%YAML:1.0
---
pose_0: !!opencv-matrix
   rows: 1
   cols: 25
   dt: "3f"
   data: [ 8.70356689e+02, 4.15920990e+02, 8.58634591e-01,
       7.66498474e+02, 4.60862030e+02, 7.60578334e-01, 7.42966187e+02,
       4.19780121e+02, 6.70563281e-01, 6.09819336e+02, 4.00236084e+02,
       7.04364836e-01, 5.41221191e+02, 3.58994812e+02, 8.43697071e-01,
       7.91920288e+02, 5.05979187e+02, 7.12402165e-01, 7.07720459e+02,
       4.23695953e+02, 4.55664217e-01, 6.33207153e+02, 3.11962402e+02,
       7.67886758e-01, 5.07937408e+02, 4.84428497e+02, 3.07492763e-01,
       5.13772461e+02, 4.47128082e+02, 4.49303776e-01, 3.70760376e+02,
       3.76680603e+02, 5.38516223e-01, 1.70946655e+02, 4.06011292e+02,
       4.22605693e-01, 5.03998474e+02, 5.29457825e+02, 2.81133235e-01,
       3.27672607e+02, 5.64728882e+02, 4.92938668e-01, 1.94392212e+02,
       6.37247437e+02, 3.99464399e-01, 8.70375549e+02, 4.02190643e+02,
       8.67119074e-01, 8.84051697e+02, 4.29554962e+02, 8.36590767e-01,
       8.39008850e+02, 3.98188049e+02, 5.23044765e-01, 8.68370361e+02,
       4.60801056e+02, 6.43865287e-01, 1.29806671e+02, 6.37190735e+02,
       2.59731859e-01, 1.35686340e+02, 6.48933105e+02, 2.66279906e-01,
       1.76783401e+02, 6.50930054e+02, 1.61667466e-01, 1.35686798e+02,
       3.60977631e+02, 1.74935043e-01, 1.33767212e+02, 3.64895538e+02,
       1.56042740e-01, 1.55253723e+02, 4.17774506e+02, 2.43093923e-01 ]
