%YAML:1.0
---
pose_0: !!opencv-matrix
   rows: 1
   cols: 25
   dt: "3f"
   data: [ 8.91899841e+02, 3.39484680e+02, 7.43518233e-01,
       7.88068420e+02, 3.41428314e+02, 6.92461610e-01, 7.74291931e+02,
       2.70865997e+02, 6.94126308e-01, 6.50908203e+02, 2.06187775e+02,
       8.16304743e-01, 7.25313232e+02, 2.12008194e+02, 8.60623777e-01,
       7.93962830e+02, 4.17822174e+02, 5.99765003e-01, 6.82233215e+02,
       4.92325165e+02, 8.67960215e-01, 7.90020203e+02, 4.78624084e+02,
       7.88804233e-01, 5.25564270e+02, 3.60974243e+02, 3.07563096e-01,
       5.27538879e+02, 3.17866394e+02, 3.43097717e-01, 3.37463928e+02,
       3.43369751e+02, 2.65566230e-01, 1.55242706e+02, 3.51181152e+02,
       2.57855415e-01, 5.21629822e+02, 4.09935913e+02, 2.71797210e-01,
       3.55097900e+02, 4.72669006e+02, 1.52019337e-01, 1.68999054e+02,
       5.23564880e+02, 1.39994919e-01, 9.01652527e+02, 3.21723846e+02,
       8.78863394e-01, 9.03695374e+02, 3.55162109e+02, 7.78206587e-01,
       8.76243347e+02, 2.96338226e+02, 6.55965984e-01, 8.99674683e+02,
       3.78575623e+02, 1.57614082e-01, 1.23940033e+02, 5.70593262e+02,
       1.19107187e-01, 1.29817200e+02, 5.70667297e+02, 1.27900809e-01,
       0., 0., 0., 1.04377068e+02, 3.31581726e+02, 7.47070685e-02,
       1.08285416e+02, 3.31574310e+02, 5.48123419e-02, 0., 0., 0. ]
