%YAML:1.0
---
pose_0: !!opencv-matrix
   rows: 1
   cols: 25
   dt: "3f"
   data: [ 8.84092224e+02, 1.37656586e+02, 7.05643892e-01,
       8.17458496e+02, 1.61121567e+02, 6.86822176e-01, 8.21353210e+02,
       9.06371841e+01, 4.61188167e-01, 8.84053101e+02, 2.20701847e+01,
       5.03224730e-01, 9.17315674e+02, 9.64868622e+01, 3.36056769e-01,
       8.17484985e+02, 2.14047653e+02, 5.93960345e-01, 9.19341370e+02,
       2.43488266e+02, 8.43438983e-01, 9.50744995e+02, 1.61153305e+02,
       6.63475573e-01, 6.09778198e+02, 1.51349136e+02, 3.20148051e-01,
       6.15637390e+02, 1.14109642e+02, 3.07193041e-01, 5.35328064e+02,
       9.65107956e+01, 6.79200441e-02, 0., 0., 0., 6.01920715e+02,
       1.88555801e+02, 3.01279962e-01, 4.70701080e+02, 1.84661469e+02,
       1.42657667e-01, 0., 0., 0., 8.97742920e+02, 1.33808441e+02,
       6.67589128e-01, 8.89928284e+02, 1.61129593e+02, 6.80659771e-01,
       9.03717163e+02, 1.31815720e+02, 1.70706674e-01, 8.70388977e+02,
       1.76829712e+02, 2.49139547e-01, 0., 0., 0., 0., 0., 0., 0., 0.,
       0., 0., 0., 0., 0., 0., 0., 0., 0., 0. ]
