%YAML:1.0
---
pose_0: !!opencv-matrix
   rows: 1
   cols: 25
   dt: "3f"
   data: [ 9.40909180e+02, 3.64871277e+02, 7.70014584e-01,
       8.21378540e+02, 3.78627075e+02, 6.77777171e-01, 8.05706848e+02,
       3.04157715e+02, 7.00320005e-01, 6.80328308e+02, 2.92393433e+02,
       2.37413019e-01, 5.70582886e+02, 2.92432007e+02, 1.26844287e-01,
       8.36976624e+02, 4.58885620e+02, 6.06791437e-01, 7.25378601e+02,
       5.17725952e+02, 7.04727590e-01, 5.86258728e+02, 5.07885101e+02,
       8.22779655e-01, 5.43172058e+02, 4.04097809e+02, 1.90828890e-01,
       5.49060364e+02, 3.53157257e+02, 2.38815621e-01, 3.78616028e+02,
       3.55100830e+02, 1.07319295e-01, 2.86525574e+02, 3.66890594e+02,
       5.89338057e-02, 5.41223816e+02, 4.51102966e+02, 2.22239599e-01,
       0., 0., 0., 0., 0., 0., 9.48661499e+02, 3.47227905e+02,
       8.92097294e-01, 9.54568604e+02, 3.80565796e+02, 8.07207704e-01,
       9.19381653e+02, 3.23810516e+02, 4.93972450e-01, 9.29121155e+02,
       4.04114166e+02, 4.26044762e-01, 0., 0., 0., 0., 0., 0., 0., 0.,
       0., 0., 0., 0., 0., 0., 0., 0., 0., 0. ]
