%YAML:1.0
---
pose_0: !!opencv-matrix
   rows: 1
   cols: 25
   dt: "3f"
   data: [ 9.29157654e+02, 1.90558624e+02, 8.00991833e-01,
       8.07714722e+02, 1.94428329e+02, 6.77666664e-01, 8.07599854e+02,
       1.02433052e+02, 7.05558002e-01, 6.66574341e+02, 7.49373169e+01,
       6.36662543e-01, 5.62786560e+02, 8.48191605e+01, 7.41864681e-01,
       8.11576599e+02, 2.80644409e+02, 6.42474174e-01, 6.95944153e+02,
       3.15916443e+02, 7.36350536e-01, 5.66670166e+02, 3.27665222e+02,
       7.37601697e-01, 5.39267578e+02, 2.06217697e+02, 2.07006246e-01,
       5.39274048e+02, 1.61140991e+02, 2.82266647e-01, 3.55104980e+02,
       1.80756363e+02, 1.43630922e-01, 0., 0., 0., 5.41210571e+02,
       2.55194901e+02, 2.03765810e-01, 3.86444550e+02, 2.94387848e+02,
       8.49996060e-02, 0., 0., 0., 9.35041199e+02, 1.63177444e+02,
       8.86606157e-01, 9.44804260e+02, 2.00371445e+02, 8.13066721e-01,
       9.11463135e+02, 1.37650894e+02, 5.83355606e-01, 9.33126953e+02,
       2.23817062e+02, 8.65598619e-02, 0., 0., 0., 0., 0., 0., 0., 0.,
       0., 0., 0., 0., 0., 0., 0., 0., 0., 0. ]
