%YAML:1.0
---
pose_0: !!opencv-matrix
   rows: 1
   cols: 25
   dt: "3f"
   data: [ 9.13442932e+02, 2.43407837e+02, 8.17482173e-01,
       7.93935791e+02, 2.74850464e+02, 6.93783343e-01, 7.68448792e+02,
       2.21889679e+02, 6.04791164e-01, 6.58760071e+02, 2.23851089e+02,
       5.63086629e-01, 5.41250000e+02, 1.96508560e+02, 6.36534870e-01,
       8.21294128e+02, 3.37478333e+02, 6.00889266e-01, 8.56661865e+02,
       4.72661682e+02, 7.14272559e-01, 9.36964661e+02, 5.23653870e+02,
       5.63952446e-01, 5.72599121e+02, 3.53141907e+02, 1.70845211e-01,
       5.58856567e+02, 3.11998596e+02, 1.78614125e-01, 3.51224060e+02,
       4.74576202e+02, 3.29406887e-01, 2.14047028e+02, 5.99983948e+02,
       2.69041300e-01, 5.94112305e+02, 3.88397736e+02, 1.36215582e-01,
       3.53092987e+02, 4.78511688e+02, 3.80443573e-01, 2.14082916e+02,
       5.99971680e+02, 3.24209571e-01, 9.17419800e+02, 2.27813202e+02,
       7.99186409e-01, 9.27171997e+02, 2.59099091e+02, 8.18407536e-01,
       8.89927246e+02, 2.12171478e+02, 2.40469143e-01, 9.11486511e+02,
       2.90426331e+02, 4.09558743e-01, 0., 0., 0., 0., 0., 0.,
       2.10153397e+02, 6.15679504e+02, 1.86401486e-01, 0., 0., 0., 0.,
       0., 0., 2.10090317e+02, 6.19553894e+02, 1.70190036e-01 ]
