%YAML:1.0
---
pose_0: !!opencv-matrix
   rows: 1
   cols: 25
   dt: "3f"
   data: [ 8.76207092e+02, 3.59030579e+02, 7.32712507e-01,
       7.95890015e+02, 3.04214233e+02, 6.38952076e-01, 7.97853699e+02,
       2.57085449e+02, 6.70275211e-01, 7.54722900e+02, 3.51103241e+02,
       7.73374796e-01, 8.05697632e+02, 4.47174072e+02, 8.35990250e-01,
       7.86076233e+02, 3.51164612e+02, 4.44882512e-01, 7.13673157e+02,
       4.60839233e+02, 8.77957463e-01, 7.76342773e+02, 4.62821716e+02,
       8.42867017e-01, 5.37301270e+02, 3.04150940e+02, 2.16770738e-01,
       5.39238647e+02, 2.66933380e+02, 3.16082984e-01, 3.51205688e+02,
       2.35578003e+02, 2.11272597e-01, 1.76806870e+02, 1.63123062e+02,
       1.93844944e-01, 5.29451904e+02, 3.51171356e+02, 1.62540004e-01,
       3.23779205e+02, 3.66857788e+02, 2.47990787e-01, 1.53295929e+02,
       3.58999878e+02, 3.75395268e-01, 8.93889648e+02, 3.37505493e+02,
       7.35507727e-01, 8.93872986e+02, 3.68745789e+02, 7.72197485e-01,
       8.83984863e+02, 2.96337646e+02, 7.88805127e-01, 0., 0., 0.,
       9.84725723e+01, 3.96194641e+02, 2.89517671e-01, 1.04332420e+02,
       3.96247650e+02, 3.19996059e-01, 1.25874756e+02, 3.37534576e+02,
       2.12601379e-01, 0., 0., 0., 0., 0., 0., 0., 0., 0. ]
