%YAML:1.0
---
pose_0: !!opencv-matrix
   rows: 1
   cols: 25
   dt: "3f"
   data: [ 9.15337463e+02, 3.37531189e+02, 8.55436623e-01,
       8.35091553e+02, 3.80576721e+02, 6.87873781e-01, 8.07710388e+02,
       3.39447418e+02, 4.64328766e-01, 6.72468140e+02, 3.49239746e+02,
       3.97005826e-01, 5.92157776e+02, 3.33581970e+02, 6.70169115e-01,
       8.54665588e+02, 4.19783112e+02, 6.46102846e-01, 8.19344971e+02,
       4.57005035e+02, 7.95836568e-01, 8.09642090e+02, 3.19884003e+02,
       8.14213634e-01, 5.90215271e+02, 4.15813599e+02, 2.18669027e-01,
       5.88223022e+02, 3.80565857e+02, 3.39911789e-01, 3.51187347e+02,
       3.86425018e+02, 3.77985686e-01, 0., 0., 0., 5.92147461e+02,
       4.51107147e+02, 1.66165113e-01, 4.45235291e+02, 4.74596252e+02,
       7.49273971e-02, 0., 0., 0., 9.19325806e+02, 3.21899902e+02,
       8.54848146e-01, 9.31002625e+02, 3.53196838e+02, 8.59108269e-01,
       9.01658936e+02, 3.17815247e+02, 2.72012770e-01, 9.17325012e+02,
       3.86499847e+02, 6.65401578e-01, 0., 0., 0., 0., 0., 0., 0., 0.,
       0., 0., 0., 0., 0., 0., 0., 0., 0., 0. ]
