%YAML:1.0
---
pose_0: !!opencv-matrix
   rows: 1
   cols: 25
   dt: "3f"
   data: [ 1.16612183e+03, 1.96373566e+02, 3.57050389e-01,
       1.00943439e+03, 2.45406769e+02, 3.44643384e-01, 9.91789063e+02,
       1.55267029e+02, 1.51545003e-01, 0., 0., 0., 0., 0., 0.,
       1.01729913e+03, 3.37474792e+02, 4.15681779e-01, 8.70287598e+02,
       5.07838959e+02, 7.19812393e-01, 9.15385132e+02, 3.88399445e+02,
       6.26761794e-01, 0., 0., 0., 0., 0., 0., 0., 0., 0., 0., 0., 0.,
       0., 0., 0., 0., 0., 0., 0., 0., 0., 1.19550073e+03,
       1.78839691e+02, 5.64036727e-01, 1.18186646e+03, 2.31643280e+02,
       2.90800661e-01, 1.12698206e+03, 1.41576523e+02, 1.53022438e-01,
       0., 0., 0., 0., 0., 0., 0., 0., 0., 0., 0., 0., 0., 0., 0., 0.,
       0., 0., 0., 0., 0. ]
