%YAML:1.0
---
pose_0: !!opencv-matrix
   rows: 1
   cols: 25
   dt: "3f"
   data: [ 8.89927917e+02, 3.53124054e+02, 7.69168913e-01,
       7.93975403e+02, 2.94388153e+02, 4.26077306e-01, 7.93958984e+02,
       2.82599640e+02, 6.39355838e-01, 6.66635742e+02, 2.68923218e+02,
       6.79224193e-01, 5.86247437e+02, 3.84438904e+02, 6.64110482e-01,
       8.01792908e+02, 3.00252258e+02, 2.11372614e-01, 0., 0., 0., 0.,
       0., 0., 5.07882782e+02, 2.59111572e+02, 2.25379959e-01, 0., 0.,
       0., 0., 0., 0., 0., 0., 0., 4.78541504e+02, 2.29710648e+02,
       1.66852146e-01, 3.17848389e+02, 4.13828766e+02, 1.39995471e-01,
       0., 0., 0., 8.99757202e+02, 3.23790161e+02, 8.49567950e-01,
       8.99803040e+02, 3.53216980e+02, 3.47472399e-01, 8.68473083e+02,
       2.88496063e+02, 8.96218419e-01, 0., 0., 0., 0., 0., 0., 0., 0.,
       0., 0., 0., 0., 0., 0., 0., 0., 0., 0., 0., 0., 0. ]
