%YAML:1.0
---
pose_0: !!opencv-matrix
   rows: 1
   cols: 25
   dt: "3f"
   data: [ 8.83995850e+02, 2.92455688e+02, 8.02997470e-01,
       8.03745239e+02, 2.74727203e+02, 6.32265270e-01, 8.21420105e+02,
       1.98350861e+02, 6.82547808e-01, 7.43014038e+02, 1.20035637e+02,
       7.76302516e-01, 7.78321899e+02, 2.41454636e+02, 7.59323835e-01,
       7.82173767e+02, 3.57044403e+02, 5.08673310e-01, 7.17589417e+02,
       4.62888245e+02, 7.79975832e-01, 7.68442627e+02, 4.31552765e+02,
       7.60950148e-01, 5.45124146e+02, 2.55171814e+02, 2.83627242e-01,
       5.47086731e+02, 2.14061462e+02, 3.26077193e-01, 3.53161194e+02,
       2.49292770e+02, 2.46509984e-01, 1.47469559e+02, 2.84565002e+02,
       2.49312237e-01, 5.37299683e+02, 3.04150269e+02, 2.69326538e-01,
       4.60886444e+02, 3.23738403e+02, 5.46783321e-02, 0., 0., 0.,
       9.01656250e+02, 2.72836334e+02, 7.90393233e-01, 8.99790833e+02,
       3.06217957e+02, 7.78553843e-01, 8.97791870e+02, 2.41461304e+02,
       5.87680638e-01, 0., 0., 0., 0., 0., 0., 0., 0., 0., 0., 0., 0.,
       9.84656754e+01, 3.13951935e+02, 8.49043205e-02, 9.65103683e+01,
       3.10053070e+02, 7.80492872e-02, 0., 0., 0. ]
