%YAML:1.0
---
pose_0: !!opencv-matrix
   rows: 1
   cols: 25
   dt: "3f"
   data: [ 9.48668945e+02, 2.76745392e+02, 8.32907975e-01,
       8.21336609e+02, 2.76788727e+02, 6.10340297e-01, 8.23316528e+02,
       1.98364243e+02, 7.10417330e-01, 7.11639221e+02, 1.63052338e+02,
       7.78314948e-01, 6.62632874e+02, 1.76858444e+02, 7.53849864e-01,
       8.25269348e+02, 3.66819214e+02, 6.25370979e-01, 6.99882751e+02,
       4.45227173e+02, 7.76732326e-01, 7.78291138e+02, 3.35438934e+02,
       7.70898700e-01, 5.74523987e+02, 2.76720917e+02, 2.80837297e-01,
       5.74524353e+02, 2.33639465e+02, 3.72419924e-01, 3.70814819e+02,
       2.65016907e+02, 4.62356508e-01, 0., 0., 0., 5.76471802e+02,
       3.31595886e+02, 2.35380545e-01, 4.31526794e+02, 3.66807159e+02,
       1.10618427e-01, 0., 0., 0., 9.58519714e+02, 2.55200974e+02,
       8.02920759e-01, 9.62424011e+02, 2.92394836e+02, 8.01469922e-01,
       9.31061890e+02, 2.29722809e+02, 5.55574954e-01, 9.44799377e+02,
       3.19774170e+02, 1.75659433e-01, 0., 0., 0., 0., 0., 0., 0., 0.,
       0., 0., 0., 0., 0., 0., 0., 0., 0., 0. ]
