%YAML:1.0
---
pose_0: !!opencv-matrix
   rows: 1
   cols: 25
   dt: "3f"
   data: [ 9.15353577e+02, 1.49412720e+02, 7.23462582e-01,
       8.25308777e+02, 2.19902374e+02, 7.21190453e-01, 8.03757202e+02,
       1.63149475e+02, 6.26914620e-01, 6.95979492e+02, 1.04336983e+02,
       6.03962541e-01, 6.99968994e+02, 1.61147125e+02, 7.85582781e-01,
       8.50780334e+02, 2.74737885e+02, 6.81195259e-01, 7.58670471e+02,
       3.78593506e+02, 7.51557827e-01, 6.17619629e+02, 4.06061646e+02,
       7.75734127e-01, 6.33303650e+02, 2.76746979e+02, 2.19226077e-01,
       6.19588928e+02, 2.41474686e+02, 2.45844036e-01, 4.00168030e+02,
       2.12086655e+02, 6.80564120e-02, 0., 0., 0., 6.48942200e+02,
       3.15910187e+02, 2.11045951e-01, 3.53106995e+02, 3.12005829e+02,
       2.32886732e-01, 1.41548798e+02, 3.68893188e+02, 1.96934149e-01,
       9.31104309e+02, 1.47459930e+02, 5.42952895e-01, 9.33092041e+02,
       1.65121933e+02, 8.20086479e-01, 0., 0., 0., 9.19375610e+02,
       2.17997131e+02, 7.98491895e-01, 9.45321579e+01, 3.86448883e+02,
       7.90627897e-02, 1.04339333e+02, 3.98160400e+02, 1.06892973e-01,
       1.18023079e+02, 3.78627533e+02, 1.05609052e-01, 0., 0., 0., 0.,
       0., 0., 0., 0., 0. ]
