%YAML:1.0
---
pose_0: !!opencv-matrix
   rows: 1
   cols: 25
   dt: "3f"
   data: [ 8.91881653e+02, 2.23838135e+02, 7.47481108e-01,
       8.17445984e+02, 1.90545914e+02, 4.31582928e-01, 8.21335510e+02,
       1.49351013e+02, 6.88041747e-01, 7.50824036e+02, 2.57096039e+02,
       7.43654370e-01, 6.90139771e+02, 3.68856049e+02, 7.23699093e-01,
       8.11568787e+02, 2.17980820e+02, 2.02505082e-01, 0., 0., 0., 0.,
       0., 0., 5.25527405e+02, 2.10138412e+02, 1.79320872e-01,
       5.11851440e+02, 2.06208405e+02, 1.80533305e-01, 3.64918793e+02,
       3.53097260e+02, 5.77171206e-01, 1.67042145e+02, 3.06175110e+02,
       3.72513413e-01, 0., 0., 0., 0., 0., 0., 0., 0., 0.,
       9.03633789e+02, 1.98399979e+02, 8.32807362e-01, 9.03650330e+02,
       2.39455383e+02, 7.65825629e-01, 8.84106140e+02, 1.67024246e+02,
       6.79349422e-01, 0., 0., 0., 0., 0., 0., 0., 0., 0., 0., 0., 0.,
       0., 0., 0., 0., 0., 0., 1.45479080e+02, 3.17834595e+02,
       2.11261153e-01 ]
