%YAML:1.0
---
pose_0: !!opencv-matrix
   rows: 1
   cols: 25
   dt: "3f"
   data: [ 9.21323120e+02, 2.41435532e+02, 7.66796112e-01,
       8.50707825e+02, 3.21815521e+02, 5.79434335e-01, 8.60533630e+02,
       3.37478271e+02, 4.32831168e-01, 7.52798462e+02, 3.06131683e+02,
       1.07177898e-01, 0., 0., 0., 8.46819458e+02, 3.15938995e+02,
       4.85700607e-01, 7.29361877e+02, 2.63040955e+02, 7.07795143e-01,
       8.27233887e+02, 1.94381134e+02, 3.99877191e-01, 5.99982605e+02,
       3.37468445e+02, 1.84684634e-01, 5.84322937e+02, 3.04154419e+02,
       2.23575115e-01, 4.35436523e+02, 3.08079254e+02, 6.58495426e-02,
       2.90462860e+02, 3.17852417e+02, 1.37207165e-01, 6.17616943e+02,
       3.74701843e+02, 1.40911549e-01, 4.51107849e+02, 3.60961792e+02,
       7.45539069e-02, 2.94363037e+02, 3.21808014e+02, 1.35840356e-01,
       9.42842285e+02, 2.43388275e+02, 2.94402033e-01, 9.44804443e+02,
       2.55199600e+02, 8.36314797e-01, 0., 0., 0., 9.31158569e+02,
       3.17865814e+02, 8.53484511e-01, 0., 0., 0., 0., 0., 0., 0., 0.,
       0., 0., 0., 0., 0., 0., 0., 0., 0., 0. ]
