%YAML:1.0
---
pose_0: !!opencv-matrix
   rows: 1
   cols: 25
   dt: "3f"
   data: [ 9.05614441e+02, 3.43387787e+02, 7.12135792e-01,
       7.99828247e+02, 3.08083374e+02, 6.67817354e-01, 8.17431824e+02,
       2.41411652e+02, 6.15674198e-01, 7.03838562e+02, 1.68979233e+02,
       6.93709493e-01, 5.66659607e+02, 1.61131744e+02, 7.89290667e-01,
       7.78273682e+02, 3.72708771e+02, 5.83294272e-01, 6.80248657e+02,
       4.31503052e+02, 7.40320385e-01, 6.60733093e+02, 4.78464874e+02,
       6.99882984e-01, 5.52948059e+02, 3.11984711e+02, 2.76146740e-01,
       5.47076904e+02, 2.78677399e+02, 3.18877280e-01, 3.62943298e+02,
       3.66851410e+02, 2.21463501e-01, 1.69007370e+02, 3.19794159e+02,
       1.71506494e-01, 5.47106018e+02, 3.51179382e+02, 2.05069646e-01,
       4.33458832e+02, 3.84480774e+02, 5.38730845e-02, 1.63133163e+02,
       3.17882355e+02, 7.33234808e-02, 9.27179749e+02, 3.23722351e+02,
       7.29230881e-01, 9.25189453e+02, 3.53098358e+02, 7.74545252e-01,
       9.01722473e+02, 2.84570099e+02, 8.33644927e-01, 0., 0., 0., 0.,
       0., 0., 0., 0., 0., 0., 0., 0., 0., 0., 0., 0., 0., 0., 0., 0.,
       0. ]
