%YAML:1.0
---
pose_0: !!opencv-matrix
   rows: 1
   cols: 25
   dt: "3f"
   data: [ 8.80151855e+02, 3.51258606e+02, 8.14069271e-01,
       7.89971741e+02, 3.06186462e+02, 7.02667534e-01, 7.92048462e+02,
       2.55152390e+02, 6.74043536e-01, 7.35162231e+02, 3.21750336e+02,
       7.65554786e-01, 7.76379028e+02, 4.33440247e+02, 8.50542665e-01,
       7.76288391e+02, 3.60994354e+02, 4.91462737e-01, 7.09678040e+02,
       4.60844635e+02, 8.54500115e-01, 7.74322510e+02, 4.62930084e+02,
       7.36530304e-01, 5.39252563e+02, 3.04164612e+02, 2.40759134e-01,
       5.43180481e+02, 2.66940277e+02, 2.85828650e-01, 3.66841339e+02,
       2.43411118e+02, 2.85322964e-01, 1.78728363e+02, 1.65081131e+02,
       4.76391435e-01, 5.23600525e+02, 3.41380890e+02, 2.49146849e-01,
       3.43359497e+02, 3.66841339e+02, 4.48673248e-01, 1.55269974e+02,
       3.57055237e+02, 4.32320535e-01, 8.97771118e+02, 3.29634155e+02,
       6.90723717e-01, 8.95838806e+02, 3.64821747e+02, 7.88647234e-01,
       8.82107483e+02, 2.92371948e+02, 7.18183279e-01, 0., 0., 0.,
       9.84866104e+01, 3.96219360e+02, 3.72181058e-01, 1.04393456e+02,
       3.98158752e+02, 4.06063080e-01, 1.29794479e+02, 3.35518372e+02,
       2.72891432e-01, 1.57230133e+02, 1.76809143e+02, 6.35780096e-02,
       1.51349838e+02, 1.61165787e+02, 9.48916152e-02, 1.67056870e+02,
       1.63144775e+02, 3.41910750e-01 ]
