%YAML:1.0
---
pose_0: !!opencv-matrix
   rows: 1
   cols: 25
   dt: "3f"
   data: [ 8.86047729e+02, 3.80609161e+02, 7.64135718e-01,
       8.19441101e+02, 3.04218109e+02, 4.41544890e-01, 8.19402710e+02,
       3.00256653e+02, 6.31155014e-01, 7.21465820e+02, 2.74814148e+02,
       6.31474972e-01, 6.37225037e+02, 4.06026276e+02, 5.17205536e-01,
       8.27251160e+02, 3.08066895e+02, 2.56752908e-01, 0., 0., 0., 0.,
       0., 0., 6.19592285e+02, 3.00222046e+02, 2.13762969e-01,
       6.19571716e+02, 2.63026886e+02, 1.94772631e-01, 4.90308289e+02,
       2.27741501e+02, 2.60250986e-01, 3.47232239e+02, 3.39432922e+02,
       7.38862306e-02, 6.25446106e+02, 3.37481689e+02, 1.58393010e-01,
       0., 0., 0., 0., 0., 0., 9.01779846e+02, 3.68812714e+02,
       8.18497658e-01, 0., 0., 0., 9.01790771e+02, 3.23778656e+02,
       8.67959023e-01, 0., 0., 0., 0., 0., 0., 0., 0., 0., 0., 0., 0.,
       0., 0., 0., 0., 0., 0., 0., 0., 0. ]
