%YAML:1.0
---
pose_0: !!opencv-matrix
   rows: 1
   cols: 25
   dt: "3f"
   data: [ 9.19317505e+02, 2.61109772e+02, 7.91190267e-01,
       8.07747253e+02, 2.61105133e+02, 6.60145283e-01, 8.05738953e+02,
       1.80732681e+02, 7.11150825e-01, 6.84287292e+02, 1.45470963e+02,
       7.56708384e-01, 6.07824585e+02, 1.98386353e+02, 7.98096776e-01,
       8.13530762e+02, 3.47287750e+02, 5.47250271e-01, 7.88018982e+02,
       3.70791504e+02, 2.02804208e-01, 7.27370789e+02, 3.70807800e+02,
       5.20851433e-01, 5.78442261e+02, 2.88459717e+02, 2.33333185e-01,
       5.86277832e+02, 2.41464294e+02, 3.27091455e-01, 5.07949615e+02,
       1.96434357e+02, 5.85013986e-01, 3.49227905e+02, 2.51283813e+02,
       9.63113979e-02, 5.74517334e+02, 3.29631836e+02, 2.24990830e-01,
       4.15839508e+02, 3.53111267e+02, 9.38210040e-02, 0., 0., 0.,
       9.31117676e+02, 2.45385040e+02, 9.08651531e-01, 9.33011780e+02,
       2.82583069e+02, 7.67704308e-01, 9.09505066e+02, 2.25757828e+02,
       6.56629920e-01, 9.15434021e+02, 3.04173065e+02, 4.50490385e-01,
       0., 0., 0., 0., 0., 0., 0., 0., 0., 0., 0., 0., 0., 0., 0., 0.,
       0., 0. ]
