%YAML:1.0
---
pose_0: !!opencv-matrix
   rows: 1
   cols: 25
   dt: "3f"
   data: [ 9.15358826e+02, 3.00248322e+02, 8.08141410e-01,
       7.93982300e+02, 2.88421509e+02, 6.28253222e-01, 8.07613770e+02,
       2.04226059e+02, 6.78585768e-01, 6.78337585e+02, 1.55298233e+02,
       6.90923512e-01, 5.84349365e+02, 1.96420090e+02, 8.10559750e-01,
       7.78289734e+02, 3.66777802e+02, 6.26995683e-01, 6.80306519e+02,
       4.27550385e+02, 4.16606247e-01, 6.54882629e+02, 4.15860565e+02,
       5.67560196e-01, 5.19651550e+02, 3.19833862e+02, 2.03960538e-01,
       5.23576782e+02, 2.76718445e+02, 1.87310666e-01, 3.27673889e+02,
       2.88488739e+02, 1.73057303e-01, 6.70728912e+01, 2.88527100e+02,
       3.30479354e-01, 5.11842285e+02, 3.59031708e+02, 1.90122291e-01,
       3.49193970e+02, 3.49188324e+02, 2.06398427e-01, 1.29785904e+02,
       3.27669464e+02, 2.11711928e-01, 9.17446960e+02, 2.76727142e+02,
       8.40651989e-01, 9.23266357e+02, 3.15899170e+02, 7.57878244e-01,
       8.95843689e+02, 2.55165100e+02, 6.97286069e-01, 9.13406250e+02,
       3.31622223e+02, 1.45913646e-01, 6.71330566e+01, 3.62906433e+02,
       1.52449563e-01, 0., 0., 0., 1.20013565e+02, 3.25700684e+02,
       1.07013799e-01, 3.57454414e+01, 2.92406769e+02, 6.03406355e-02,
       3.18551750e+01, 2.88497925e+02, 6.74577057e-02, 5.14075279e+01,
       2.90428253e+02, 2.25235745e-01 ]
