%YAML:1.0
---
pose_0: !!opencv-matrix
   rows: 1
   cols: 25
   dt: "3f"
   data: [ 8.72303589e+02, 2.25822861e+02, 7.93276310e-01,
       7.76399414e+02, 2.25748306e+02, 6.88132584e-01, 7.72385986e+02,
       1.53283600e+02, 6.98852360e-01, 6.64561890e+02, 1.16032753e+02,
       7.96291471e-01, 5.66691162e+02, 1.49459137e+02, 7.71559954e-01,
       7.86094116e+02, 2.88517181e+02, 6.23749256e-01, 7.11580444e+02,
       3.51135468e+02, 8.56397927e-01, 8.25299683e+02, 3.08049896e+02,
       8.17014813e-01, 5.39284180e+02, 2.37544678e+02, 2.20859349e-01,
       5.35328247e+02, 1.96447647e+02, 2.91946918e-01, 3.51160980e+02,
       1.92484222e+02, 2.00768828e-01, 1.65079865e+02, 1.67067398e+02,
       1.13667645e-01, 5.51010071e+02, 2.88498016e+02, 2.15947241e-01,
       3.49203278e+02, 3.45278168e+02, 4.34906602e-01, 1.86592468e+02,
       4.04083435e+02, 3.29879940e-01, 8.84015259e+02, 2.10081650e+02,
       8.28789413e-01, 8.86072693e+02, 2.41465378e+02, 8.28300714e-01,
       8.66433289e+02, 1.90520309e+02, 5.16517222e-01, 8.68394043e+02,
       2.74804413e+02, 2.51385957e-01, 1.31769547e+02, 4.25650787e+02,
       1.36906281e-01, 1.47398117e+02, 4.37361237e+02, 1.50339246e-01,
       1.65034348e+02, 4.02102264e+02, 2.06888527e-01, 0., 0., 0., 0.,
       0., 0., 0., 0., 0. ]
