%YAML:1.0
---
pose_0: !!opencv-matrix
   rows: 1
   cols: 25
   dt: "3f"
   data: [ 8.76200684e+02, 4.58888123e+02, 7.86957383e-01,
       7.90028748e+02, 4.29493134e+02, 7.27489293e-01, 7.90008484e+02,
       3.64861481e+02, 6.33562267e-01, 8.68352722e+02, 2.74704376e+02,
       7.90663481e-01, 9.15330017e+02, 3.53121704e+02, 6.12347841e-01,
       7.95915222e+02, 4.92224976e+02, 6.08612955e-01, 8.23414856e+02,
       5.70552307e+02, 8.32500219e-01, 8.93845215e+02, 6.52922424e+02,
       7.56105006e-01, 5.41233521e+02, 4.56989960e+02, 2.74833292e-01,
       5.47086914e+02, 4.19756500e+02, 3.26221675e-01, 3.76636414e+02,
       4.23679871e+02, 1.73356548e-01, 0., 0., 0., 5.39261475e+02,
       5.02043304e+02, 2.07371637e-01, 3.80554993e+02, 5.23590820e+02,
       2.50844032e-01, 0., 0., 0., 8.86047119e+02, 4.33491211e+02,
       8.55933487e-01, 8.95845093e+02, 4.51142365e+02, 3.10396820e-01,
       8.58575928e+02, 3.92321838e+02, 7.92600572e-01, 0., 0., 0., 0.,
       0., 0., 0., 0., 0., 0., 0., 0., 0., 0., 0., 0., 0., 0., 0., 0.,
       0. ]
