%YAML:1.0
---
pose_0: !!opencv-matrix
   rows: 1
   cols: 25
   dt: "3f"
   data: [ 8.86049011e+02, 2.47362885e+02, 7.74282515e-01,
       8.05636475e+02, 2.39544632e+02, 6.15980268e-01, 8.11611145e+02,
       1.78766953e+02, 5.84275246e-01, 7.74316345e+02, 1.67001068e+02,
       7.62146175e-01, 7.74310303e+02, 3.19826691e+02, 8.14863265e-01,
       7.88028442e+02, 2.92401978e+02, 3.52597624e-01, 6.78360779e+02,
       3.37567871e+02, 7.55386829e-01, 5.80424133e+02, 3.72723907e+02,
       7.37349808e-01, 6.01945435e+02, 2.43447830e+02, 1.00535698e-01,
       5.90187256e+02, 2.21882141e+02, 1.12285532e-01, 3.49248688e+02,
       3.39444763e+02, 1.90961465e-01, 1.59180984e+02, 3.66780884e+02,
       2.49901056e-01, 5.90198364e+02, 2.94370453e+02, 5.92042729e-02,
       3.49217010e+02, 3.43334961e+02, 3.01363379e-01, 1.53304398e+02,
       3.59035431e+02, 3.84609640e-01, 8.97744385e+02, 2.27829666e+02,
       8.36393535e-01, 8.95833740e+02, 2.59116547e+02, 7.29110062e-01,
       8.76244507e+02, 2.08120285e+02, 6.85433269e-01, 8.85991333e+02,
       2.76718628e+02, 1.91359863e-01, 1.20001541e+02, 4.17791077e+02,
       9.76503640e-02, 1.23892693e+02, 4.17793274e+02, 9.06327143e-02,
       1.31755081e+02, 3.41406738e+02, 3.35086733e-01, 1.16068008e+02,
       4.39323059e+02, 9.17452276e-02, 1.18093246e+02, 4.39308411e+02,
       8.63109976e-02, 1.31805435e+02, 3.47245941e+02, 2.15740204e-01 ]
