%YAML:1.0
---
pose_0: !!opencv-matrix
   rows: 1
   cols: 25
   dt: "3f"
   data: [ 1.01534033e+03, 1.98423920e+02, 7.31079698e-01,
       8.87962524e+02, 2.16018723e+02, 4.51589614e-01, 8.66390320e+02,
       1.16041283e+02, 5.21214962e-01, 7.13561462e+02, 5.33245392e+01,
       6.75673723e-01, 7.90060486e+02, 1.41524353e+02, 6.77033782e-01,
       8.89963196e+02, 3.06099121e+02, 4.51009184e-01, 7.27291016e+02,
       3.92334961e+02, 6.23983681e-01, 7.46995422e+02, 3.17892365e+02,
       6.68675661e-01, 0., 0., 0., 0., 0., 0., 0., 0., 0., 0., 0., 0.,
       0., 0., 0., 0., 0., 0., 0., 0., 0., 1.02702734e+03,
       1.65121826e+02, 8.73506606e-01, 1.04071667e+03, 2.17932526e+02,
       7.58706868e-01, 9.89825745e+02, 1.37644455e+02, 5.03701985e-01,
       1.05453259e+03, 2.43432480e+02, 8.46746191e-02, 0., 0., 0., 0.,
       0., 0., 0., 0., 0., 0., 0., 0., 0., 0., 0., 0., 0., 0. ]
