%YAML:1.0
---
pose_0: !!opencv-matrix
   rows: 1
   cols: 25
   dt: "3f"
   data: [ 9.33093567e+02, 2.12103683e+02, 8.28123689e-01,
       8.21388855e+02, 2.21901138e+02, 6.87173188e-01, 8.17430237e+02,
       1.43507004e+02, 6.41524673e-01, 6.94043518e+02, 1.00347214e+02,
       7.66760349e-01, 5.94134338e+02, 7.49475937e+01, 7.79918730e-01,
       8.31161438e+02, 3.06183289e+02, 6.14946783e-01, 7.25326721e+02,
       3.68871216e+02, 7.00458348e-01, 6.03859253e+02, 4.45121613e+02,
       6.83073103e-01, 5.84311707e+02, 2.57120544e+02, 2.44901791e-01,
       5.74555176e+02, 2.08185928e+02, 3.77473086e-01, 4.25637390e+02,
       2.12091003e+02, 1.22731075e-01, 0., 0., 0., 5.96061646e+02,
       3.06098358e+02, 2.77455032e-01, 3.84509552e+02, 3.15941589e+02,
       2.00253636e-01, 0., 0., 0., 9.44734680e+02, 1.92421692e+02,
       8.14414203e-01, 9.46791382e+02, 2.27686829e+02, 8.50077212e-01,
       9.13428772e+02, 1.67013565e+02, 6.65079474e-01, 9.29145264e+02,
       2.47379852e+02, 2.82769591e-01, 0., 0., 0., 0., 0., 0., 0., 0.,
       0., 0., 0., 0., 0., 0., 0., 0., 0., 0. ]
