%YAML:1.0
---
pose_0: !!opencv-matrix
   rows: 1
   cols: 25
   dt: "3f"
   data: [ 8.58576660e+02, 3.68837128e+02, 7.70848870e-01,
       7.78292542e+02, 3.21795288e+02, 4.01925951e-01, 7.88064636e+02,
       2.90471008e+02, 6.61914945e-01, 6.58739014e+02, 2.63053406e+02,
       7.26277351e-01, 6.29343384e+02, 3.98220642e+02, 6.00551367e-01,
       7.64559326e+02, 3.53152863e+02, 1.37187749e-01, 0., 0., 0., 0.,
       0., 0., 5.58848022e+02, 2.98280182e+02, 2.87191898e-01,
       5.66701172e+02, 2.64966156e+02, 2.56671190e-01, 4.25629974e+02,
       2.94370270e+02, 1.08835064e-01, 3.35468567e+02, 3.96254608e+02,
       6.15441352e-02, 5.45132935e+02, 3.19874756e+02, 2.47647211e-01,
       4.37396118e+02, 3.51216461e+02, 1.83620274e-01, 0., 0., 0.,
       8.86044861e+02, 3.39423218e+02, 6.85125768e-01, 8.80146484e+02,
       3.82440643e+02, 7.20030904e-01, 8.60576233e+02, 3.02195038e+02,
       6.91452801e-01, 0., 0., 0., 0., 0., 0., 0., 0., 0., 0., 0., 0.,
       0., 0., 0., 0., 0., 0., 0., 0., 0. ]
