%YAML:1.0
---
pose_0: !!opencv-matrix
   rows: 1
   cols: 25
   dt: "3f"
   data: [ 8.86091309e+02, 2.84548798e+02, 6.24732435e-01,
       7.91991028e+02, 3.29662476e+02, 7.36733317e-01, 7.78267822e+02,
       2.70884491e+02, 7.19814360e-01, 6.70557556e+02, 2.70792480e+02,
       6.17445350e-01, 5.76495605e+02, 2.57163971e+02, 4.97482121e-01,
       8.01777161e+02, 3.88432587e+02, 6.58651650e-01, 6.68583130e+02,
       3.92358856e+02, 7.49879718e-01, 5.86290710e+02, 2.76721771e+02,
       8.04199576e-01, 5.45134460e+02, 3.84468597e+02, 1.37820929e-01,
       5.33389648e+02, 3.33535553e+02, 1.73599958e-01, 4.84400055e+02,
       2.94347870e+02, 1.20622113e-01, 3.51185455e+02, 3.06149811e+02,
       1.25926405e-01, 5.51024536e+02, 4.19754944e+02, 1.52970165e-01,
       3.82563995e+02, 4.23670563e+02, 5.66165075e-02, 0., 0., 0.,
       8.95848022e+02, 2.72753326e+02, 5.63333511e-01, 9.01735046e+02,
       3.02229553e+02, 8.56647611e-01, 8.70333008e+02, 2.59159607e+02,
       2.52454340e-01, 8.86031555e+02, 3.39425262e+02, 7.50471354e-01,
       0., 0., 0., 0., 0., 0., 0., 0., 0., 0., 0., 0., 0., 0., 0., 0.,
       0., 0. ]
