%YAML:1.0
---
pose_0: !!opencv-matrix
   rows: 1
   cols: 25
   dt: "3f"
   data: [ 8.68360291e+02, 1.68961945e+02, 7.35811472e-01,
       7.78252869e+02, 1.39594635e+02, 4.62930590e-01, 7.76298950e+02,
       1.04331070e+02, 2.76490778e-01, 0., 0., 0., 0., 0., 0.,
       7.82211304e+02, 1.78727615e+02, 2.82343477e-01, 7.88024109e+02,
       2.25730392e+02, 5.85891485e-01, 8.50724915e+02, 1.88555969e+02,
       6.33684039e-01, 5.64726440e+02, 1.78782516e+02, 7.87698403e-02,
       5.56861816e+02, 1.35682083e+02, 9.35272649e-02, 3.31586975e+02,
       2.23807007e+02, 1.12145945e-01, 1.47430618e+02, 2.25853439e+02,
       3.46818745e-01, 5.70606445e+02, 2.16008041e+02, 6.11678548e-02,
       3.37495514e+02, 2.25755432e+02, 8.17726701e-02, 1.41556793e+02,
       2.23820709e+02, 1.25262842e-01, 8.70410034e+02, 1.49368271e+02,
       8.26930404e-01, 8.84078918e+02, 1.65071518e+02, 3.90776753e-01,
       8.48798767e+02, 1.04376343e+02, 7.63110220e-01, 0., 0., 0., 0.,
       0., 0., 0., 0., 0., 1.12189026e+02, 2.06202896e+02,
       1.01106800e-01, 9.84334030e+01, 2.63022125e+02, 1.15707673e-01,
       9.84872437e+01, 2.59088379e+02, 1.06889226e-01, 1.21955864e+02,
       2.12124756e+02, 1.88273534e-01 ]
