%YAML:1.0
---
pose_0: !!opencv-matrix
   rows: 1
   cols: 25
   dt: "3f"
   data: [ 9.07575989e+02, 1.94524994e+02, 8.06505680e-01,
       8.07600403e+02, 2.16027512e+02, 7.11557388e-01, 7.92035950e+02,
       1.43489304e+02, 7.00170159e-01, 6.72492676e+02, 1.02437912e+02,
       7.46354461e-01, 5.88186768e+02, 1.06278984e+02, 8.18220079e-01,
       8.19407227e+02, 3.00204376e+02, 6.46316171e-01, 7.13637512e+02,
       3.80516907e+02, 7.59046316e-01, 6.31311584e+02, 3.49216125e+02,
       7.38374174e-01, 5.96067139e+02, 2.63027008e+02, 2.14273453e-01,
       5.84313354e+02, 2.14055771e+02, 2.36565799e-01, 5.11886047e+02,
       1.63031784e+02, 3.52047682e-01, 3.72745789e+02, 2.19916504e+02,
       1.50500998e-01, 6.17634521e+02, 3.06116058e+02, 1.90774977e-01,
       3.86439972e+02, 2.94349976e+02, 8.32965672e-02, 1.82684509e+02,
       3.08132751e+02, 1.55547738e-01, 9.15433594e+02, 1.78734497e+02,
       9.02470469e-01, 9.21311340e+02, 2.12051056e+02, 8.26907098e-01,
       8.89914246e+02, 1.61117035e+02, 5.94923377e-01, 9.13400757e+02,
       2.39457169e+02, 5.70152998e-01, 1.49350052e+02, 2.72854828e+02,
       5.17104864e-02, 0., 0., 0., 1.65095093e+02, 3.11977386e+02,
       8.42368379e-02, 0., 0., 0., 0., 0., 0., 0., 0., 0. ]
