%YAML:1.0
---
pose_0: !!opencv-matrix
   rows: 1
   cols: 25
   dt: "3f"
   data: [ 1.00946484e+03, 2.59127716e+02, 8.14017415e-01,
       8.82062988e+02, 2.61066406e+02, 6.35449588e-01, 8.74246643e+02,
       1.70926514e+02, 5.79067349e-01, 7.72406433e+02, 8.47661362e+01,
       7.26142049e-01, 7.23404480e+02, 1.04354416e+02, 7.80993402e-01,
       8.86038269e+02, 3.55087006e+02, 6.47565484e-01, 7.80243896e+02,
       4.45136780e+02, 7.66214609e-01, 6.49031555e+02, 4.60882019e+02,
       8.27703357e-01, 6.15661926e+02, 2.98300690e+02, 6.97798729e-02,
       5.60817383e+02, 2.59117004e+02, 8.47156495e-02, 0., 0., 0., 0.,
       0., 0., 6.33296814e+02, 3.51204041e+02, 6.20135516e-02, 0., 0.,
       0., 0., 0., 0., 1.01729926e+03, 2.29757950e+02, 7.68449068e-01,
       1.02316516e+03, 2.74743195e+02, 8.24533820e-01, 9.83994141e+02,
       1.98376541e+02, 4.39773709e-01, 1.00749713e+03, 3.02164612e+02,
       7.57459924e-02, 0., 0., 0., 0., 0., 0., 0., 0., 0., 0., 0., 0.,
       0., 0., 0., 0., 0., 0. ]
