%YAML:1.0
---
pose_0: !!opencv-matrix
   rows: 1
   cols: 25
   dt: "3f"
   data: [ 9.17365356e+02, 1.45481293e+02, 8.31812084e-01,
       8.01799500e+02, 1.47375259e+02, 6.50684118e-01, 7.94000366e+02,
       6.51132507e+01, 6.78357482e-01, 6.82304688e+02, 4.38820362e+00,
       7.22608685e-01, 6.05908936e+02, 3.96767426e+01, 8.26787829e-01,
       7.95935547e+02, 2.39507446e+02, 5.69798708e-01, 6.84249329e+02,
       2.80623749e+02, 5.55786431e-01, 5.45143982e+02, 3.06210785e+02,
       7.67749071e-01, 5.39255798e+02, 1.41574127e+02, 1.56016827e-01,
       5.21629700e+02, 9.64959259e+01, 1.38762146e-01, 0., 0., 0., 0.,
       0., 0., 5.41240295e+02, 1.96380722e+02, 1.57463193e-01, 0., 0.,
       0., 0., 0., 0., 9.27150391e+02, 1.19988197e+02, 8.09986830e-01,
       9.31094055e+02, 1.63065674e+02, 7.50197649e-01, 8.99799988e+02,
       9.84544525e+01, 5.91675162e-01, 9.17321350e+02, 1.80790237e+02,
       1.98552415e-01, 0., 0., 0., 0., 0., 0., 0., 0., 0., 0., 0., 0.,
       0., 0., 0., 0., 0., 0. ]
