%YAML:1.0
---
pose_0: !!opencv-matrix
   rows: 1
   cols: 25
   dt: "3f"
   data: [ 9.93666931e+02, 2.55156754e+02, 8.14807534e-01,
       8.64460327e+02, 2.90481079e+02, 6.67601764e-01, 8.36983643e+02,
       2.14059708e+02, 6.26292586e-01, 7.13665649e+02, 1.98420883e+02,
       6.37649059e-01, 6.03875305e+02, 1.84695084e+02, 7.84191251e-01,
       8.91889282e+02, 3.72746796e+02, 6.46260738e-01, 7.76270569e+02,
       4.41274323e+02, 7.57422864e-01, 7.29225159e+02, 3.10037140e+02,
       7.30821013e-01, 5.82344238e+02, 3.43352020e+02, 1.18884444e-01,
       5.56902344e+02, 2.80651001e+02, 9.33310688e-02, 0., 0., 0., 0.,
       0., 0., 5.98037354e+02, 3.84475922e+02, 1.21772759e-01, 0., 0.,
       0., 0., 0., 0., 9.93866272e+02, 2.29762924e+02, 8.76745939e-01,
       1.00744977e+03, 2.70874207e+02, 8.40341926e-01, 9.58507324e+02,
       2.12096939e+02, 4.68290210e-01, 9.89839600e+02, 3.04250183e+02,
       5.54864824e-01, 0., 0., 0., 0., 0., 0., 0., 0., 0., 0., 0., 0.,
       0., 0., 0., 0., 0., 0. ]
