%YAML:1.0
---
pose_0: !!opencv-matrix
   rows: 1
   cols: 25
   dt: "3f"
   data: [ 8.82123840e+02, 2.39534164e+02, 7.35109985e-01,
       8.05657288e+02, 2.68922852e+02, 6.58158720e-01, 7.92018127e+02,
       1.98372696e+02, 4.34945047e-01, 8.23287292e+02, 1.10220932e+02,
       6.26023829e-01, 9.15383972e+02, 1.80826248e+02, 6.54353857e-01,
       8.07722351e+02, 3.21877899e+02, 6.28836632e-01, 8.60557495e+02,
       3.74732330e+02, 7.84270763e-01, 9.25225403e+02, 2.96304199e+02,
       7.81555891e-01, 5.74535706e+02, 3.04172363e+02, 2.98417330e-01,
       5.78453003e+02, 2.59126526e+02, 3.81448388e-01, 3.62916504e+02,
       2.88514832e+02, 5.18458903e-01, 1.78722565e+02, 2.90504059e+02,
       5.18548667e-01, 5.78437805e+02, 3.51175690e+02, 3.47182035e-01,
       3.98210266e+02, 3.53171478e+02, 3.69286656e-01, 2.14035706e+02,
       3.70805664e+02, 2.18971074e-01, 8.86118286e+02, 2.27704834e+02,
       7.04478860e-01, 8.89929932e+02, 2.55169586e+02, 6.90462291e-01,
       8.66454163e+02, 2.14069016e+02, 1.27731487e-01, 8.82117126e+02,
       2.82617767e+02, 6.81897104e-01, 1.43536636e+02, 3.92319733e+02,
       7.68547431e-02, 0., 0., 0., 0., 0., 0., 1.45441055e+02,
       2.53231888e+02, 1.90007791e-01, 1.45443604e+02, 2.55208298e+02,
       1.76445201e-01, 1.63047592e+02, 3.04198181e+02, 3.70486677e-01 ]
