%YAML:1.0
---
pose_0: !!opencv-matrix
   rows: 1
   cols: 25
   dt: "3f"
   data: [ 8.86082642e+02, 1.47480682e+02, 7.60639787e-01,
       8.07664368e+02, 1.45477722e+02, 2.82134324e-01, 8.21335083e+02,
       1.02365265e+02, 2.04846159e-01, 8.38958923e+02, 2.16025375e+02,
       5.16769737e-02, 0., 0., 0., 7.95944214e+02, 1.94451828e+02,
       3.08708370e-01, 8.37126343e+02, 2.27677917e+02, 8.00147474e-01,
       7.94019226e+02, 1.18091515e+02, 7.48092890e-01, 6.15656738e+02,
       1.57234146e+02, 9.41570774e-02, 6.03916565e+02, 1.16074539e+02,
       8.11162591e-02, 0., 0., 0., 0., 0., 0., 5.88233765e+02,
       2.00340317e+02, 7.06709400e-02, 3.55143921e+02, 2.17945190e+02,
       6.92798272e-02, 1.80739090e+02, 2.12053360e+02, 1.53342888e-01,
       8.99727844e+02, 1.31703110e+02, 7.99238205e-01, 9.01718994e+02,
       1.53358734e+02, 5.37256718e-01, 8.80120667e+02, 1.02399025e+02,
       4.73070592e-01, 0., 0., 0., 1.67082047e+02, 1.86607864e+02,
       5.80692217e-02, 1.65074646e+02, 1.94389099e+02, 7.37532228e-02,
       0., 0., 0., 0., 0., 0., 0., 0., 0., 0., 0., 0. ]
