%YAML:1.0
---
pose_0: !!opencv-matrix
   rows: 1
   cols: 25
   dt: "3f"
   data: [ 8.70386414e+02, 2.31702713e+02, 7.76713550e-01,
       8.03720154e+02, 3.02152466e+02, 5.31303465e-01, 8.15467102e+02,
       3.10069092e+02, 3.21948767e-01, 0., 0., 0., 0., 0., 0.,
       8.05683960e+02, 3.08072235e+02, 4.92879748e-01, 7.11615845e+02,
       2.72895111e+02, 7.96924114e-01, 7.93997620e+02, 1.96496582e+02,
       7.71920621e-01, 6.09773987e+02, 3.15929260e+02, 2.16813043e-01,
       5.86302551e+02, 2.82608215e+02, 2.13541642e-01, 3.53153076e+02,
       3.13951385e+02, 1.38485745e-01, 0., 0., 0., 6.25468689e+02,
       3.49196198e+02, 1.87330157e-01, 3.06170959e+02, 3.33568573e+02,
       1.34154037e-01, 1.45472183e+02, 3.66831268e+02, 8.23552907e-02,
       8.84037598e+02, 2.27816467e+02, 7.10031867e-01, 8.89982727e+02,
       2.55123398e+02, 7.88657963e-01, 0., 0., 0., 8.80152344e+02,
       3.00271454e+02, 7.69212127e-01, 0., 0., 0., 0., 0., 0., 0., 0.,
       0., 0., 0., 0., 0., 0., 0., 0., 0., 0. ]
