%YAML:1.0
---
pose_0: !!opencv-matrix
   rows: 1
   cols: 25
   dt: "3f"
   data: [ 9.95794006e+02, 3.39438202e+02, 8.06756020e-01,
       8.89926575e+02, 3.04142883e+02, 4.56730962e-01, 9.03629761e+02,
       2.17940445e+02, 5.30058682e-01, 8.31189209e+02, 1.49367020e+02,
       7.65238464e-01, 8.74287537e+02, 2.62998199e+02, 7.48950958e-01,
       8.84003906e+02, 3.88399841e+02, 3.80056471e-01, 8.27267334e+02,
       4.94212463e+02, 5.02104223e-01, 8.82118225e+02, 4.76504517e+02,
       7.32376397e-01, 0., 0., 0., 0., 0., 0., 0., 0., 0., 0., 0., 0.,
       0., 0., 0., 0., 0., 0., 0., 0., 0., 1.02310822e+03,
       3.11984253e+02, 7.77765691e-01, 1.01341742e+03, 3.55173370e+02,
       6.79232538e-01, 9.93762695e+02, 2.57130798e+02, 4.86565650e-01,
       0., 0., 0., 0., 0., 0., 0., 0., 0., 0., 0., 0., 0., 0., 0., 0.,
       0., 0., 0., 0., 0. ]
