%YAML:1.0
---
pose_0: !!opencv-matrix
   rows: 1
   cols: 25
   dt: "3f"
   data: [ 1.02316370e+03, 3.06075745e+02, 7.00438917e-01,
       9.23241699e+02, 3.21830688e+02, 4.54881877e-01, 9.25211121e+02,
       2.72797516e+02, 3.09107393e-01, 8.76261536e+02, 1.96506714e+02,
       6.89525604e-01, 9.44760193e+02, 2.86536499e+02, 6.58314526e-01,
       9.17349915e+02, 3.66881866e+02, 2.48779267e-01, 8.87958679e+02,
       4.31425293e+02, 7.87097454e-01, 9.64394714e+02, 3.80599976e+02,
       7.72555947e-01, 7.11658997e+02, 3.47252686e+02, 6.14865460e-02,
       0., 0., 0., 0., 0., 0., 0., 0., 0., 0., 0., 0., 0., 0., 0., 0.,
       0., 0., 1.01730115e+03, 2.74881775e+02, 7.67287850e-01,
       1.04667407e+03, 3.06148376e+02, 6.60423338e-01, 9.84024475e+02,
       2.59062103e+02, 3.16842884e-01, 1.04080457e+03, 3.37429688e+02,
       1.57406822e-01, 0., 0., 0., 0., 0., 0., 0., 0., 0., 0., 0., 0.,
       0., 0., 0., 0., 0., 0. ]
