%YAML:1.0
---
pose_0: !!opencv-matrix
   rows: 1
   cols: 25
   dt: "3f"
   data: [ 9.35058838e+02, 2.57180756e+02, 8.09831262e-01,
       8.21322388e+02, 2.74835510e+02, 6.77817225e-01, 8.07703796e+02,
       1.96354431e+02, 6.64240956e-01, 6.84206421e+02, 1.65108032e+02,
       7.22321153e-01, 6.13726257e+02, 1.55287628e+02, 7.48756647e-01,
       8.35084167e+02, 3.57081390e+02, 6.09468997e-01, 7.13625366e+02,
       4.15879059e+02, 7.09515452e-01, 5.84295654e+02, 4.60979218e+02,
       7.76674747e-01, 5.35324036e+02, 3.27677490e+02, 1.53035387e-01,
       5.29481323e+02, 2.72806824e+02, 1.72754139e-01, 5.09882507e+02,
       2.21857712e+02, 1.92980587e-01, 3.12012360e+02, 2.86514191e+02,
       8.95034224e-02, 5.35358032e+02, 3.76650513e+02, 1.80356070e-01,
       3.66826630e+02, 3.82539703e+02, 1.27736375e-01, 3.21816956e+02,
       3.82459381e+02, 8.57740566e-02, 9.46647827e+02, 2.39521912e+02,
       8.60066712e-01, 9.50705994e+02, 2.74695618e+02, 8.06299329e-01,
       9.15478027e+02, 2.19898743e+02, 6.29825473e-01, 9.44784912e+02,
       3.02152588e+02, 3.11349124e-01, 0., 0., 0., 0., 0., 0., 0., 0.,
       0., 0., 0., 0., 0., 0., 0., 0., 0., 0. ]
