%YAML:1.0
---
pose_0: !!opencv-matrix
   rows: 1
   cols: 25
   dt: "3f"
   data: [ 9.44795288e+02, 3.19794006e+02, 7.86854804e-01,
       8.50710815e+02, 2.94367035e+02, 5.33551455e-01, 8.58581543e+02,
       2.12046661e+02, 6.43914700e-01, 7.52834961e+02, 1.18080116e+02,
       7.70988345e-01, 8.05714539e+02, 2.82601379e+02, 7.03539610e-01,
       8.05680542e+02, 3.84465759e+02, 3.43377501e-01, 6.66548584e+02,
       4.29604523e+02, 8.19974184e-01, 7.45054626e+02, 4.13848724e+02,
       7.32917190e-01, 5.11863983e+02, 3.23791229e+02, 1.83456600e-01,
       5.31428589e+02, 2.72850159e+02, 1.87051445e-01, 3.35548431e+02,
       2.72849701e+02, 5.66286027e-01, 1.61112701e+02, 2.86551788e+02,
       4.44668919e-01, 5.17696411e+02, 3.66888062e+02, 2.76677698e-01,
       3.37514160e+02, 3.59030884e+02, 4.73208100e-01, 1.33709091e+02,
       3.53180206e+02, 2.66205549e-01, 9.62387756e+02, 2.90545166e+02,
       8.66877735e-01, 9.60485657e+02, 3.37412964e+02, 8.24301362e-01,
       9.50683228e+02, 2.59076782e+02, 4.46552962e-01, 0., 0., 0.,
       5.53771667e+01, 3.84495972e+02, 8.33590999e-02, 7.49545517e+01,
       3.94299805e+02, 8.41609761e-02, 0., 0., 0., 9.64923630e+01,
       2.39519684e+02, 2.37303481e-01, 9.45472260e+01, 2.39517014e+02,
       2.05651253e-01, 1.51331360e+02, 3.00249207e+02, 3.35238844e-01 ]
