%YAML:1.0
---
pose_0: !!opencv-matrix
   rows: 1
   cols: 25
   dt: "3f"
   data: [ 9.03715149e+02, 3.66780518e+02, 7.35410690e-01,
       8.31160217e+02, 2.88438965e+02, 5.33029199e-01, 8.42927917e+02,
       2.61109955e+02, 6.73652470e-01, 7.41036621e+02, 2.90508850e+02,
       7.73378551e-01, 8.01788086e+02, 4.31440094e+02, 7.89807975e-01,
       8.17464294e+02, 3.17865204e+02, 1.89152151e-01, 6.94027588e+02,
       3.78611938e+02, 7.51919270e-01, 7.60739014e+02, 4.33515442e+02,
       7.36363232e-01, 5.39243225e+02, 3.04164063e+02, 3.32721502e-01,
       5.37268616e+02, 2.74766602e+02, 3.52181405e-01, 3.27664246e+02,
       3.45309235e+02, 2.69312263e-01, 1.04326447e+02, 3.37503876e+02,
       2.48455733e-01, 5.33370422e+02, 3.33578796e+02, 2.44821548e-01,
       3.29650604e+02, 3.55100220e+02, 1.46552175e-01, 9.45365753e+01,
       3.37518646e+02, 1.67009890e-01, 9.21302795e+02, 3.53174072e+02,
       7.84113884e-01, 0., 0., 0., 9.25188110e+02, 3.04214325e+02,
       8.32527161e-01, 0., 0., 0., 3.97321053e+01, 3.15939178e+02,
       1.24519214e-01, 0., 0., 0., 5.73413467e+01, 3.39427826e+02,
       7.23795518e-02, 3.77375832e+01, 3.13931824e+02, 1.18768409e-01,
       3.57364235e+01, 3.13943756e+02, 8.56405273e-02, 8.27654724e+01,
       3.47259064e+02, 1.25691995e-01 ]
