%YAML:1.0
---
pose_0: !!opencv-matrix
   rows: 1
   cols: 25
   dt: "3f"
   data: [ 9.44770813e+02, 3.04075500e+02, 4.48789507e-01,
       8.48771240e+02, 2.72734528e+02, 5.52829862e-01, 0., 0., 0., 0.,
       0., 0., 0., 0., 0., 8.38945313e+02, 3.17900543e+02,
       4.94558334e-01, 8.35114441e+02, 3.98276978e+02, 7.55026877e-01,
       9.15390076e+02, 4.06019562e+02, 7.11756527e-01, 6.13684998e+02,
       2.33627640e+02, 1.29381776e-01, 5.92150208e+02, 2.43451553e+02,
       1.54417798e-01, 6.05891357e+02, 3.98223022e+02, 7.51785487e-02,
       0., 0., 0., 0., 0., 0., 0., 0., 0., 0., 0., 0., 9.60409851e+02,
       2.90512421e+02, 6.99483991e-01, 9.62425720e+02, 3.06157837e+02,
       2.46325836e-01, 9.48747864e+02, 2.39533981e+02, 6.92983150e-01,
       0., 0., 0., 0., 0., 0., 0., 0., 0., 0., 0., 0., 0., 0., 0., 0.,
       0., 0., 0., 0., 0. ]
