%YAML:1.0
---
pose_0: !!opencv-matrix
   rows: 1
   cols: 25
   dt: "3f"
   data: [ 1.04071484e+03, 2.25765640e+02, 6.35795295e-01,
       8.82106201e+02, 2.08158997e+02, 2.63371110e-01, 8.64455566e+02,
       1.20030136e+02, 3.28377098e-01, 7.41071533e+02, 8.47465134e+01,
       6.27290726e-01, 6.62671143e+02, 1.00468750e+02, 7.58047819e-01,
       8.99689148e+02, 3.11992981e+02, 1.86780602e-01, 7.42982788e+02,
       3.88377014e+02, 3.65010649e-01, 8.23401855e+02, 3.13942627e+02,
       4.11101639e-01, 0., 0., 0., 0., 0., 0., 0., 0., 0., 0., 0., 0.,
       0., 0., 0., 0., 0., 0., 0., 0., 0., 1.03688379e+03,
       1.94503098e+02, 4.65645760e-01, 1.05646204e+03, 2.23807343e+02,
       2.84381568e-01, 9.78085815e+02, 1.61122192e+02, 1.94927096e-01,
       0., 0., 0., 0., 0., 0., 0., 0., 0., 0., 0., 0., 0., 0., 0., 0.,
       0., 0., 0., 0., 0. ]
