%YAML:1.0
---
pose_0: !!opencv-matrix
   rows: 1
   cols: 25
   dt: "3f"
   data: [ 9.13400574e+02, 3.33579712e+02, 7.63691187e-01,
       8.13528870e+02, 3.00235168e+02, 6.42451227e-01, 8.29185181e+02,
       2.25781418e+02, 6.36948586e-01, 7.15628784e+02, 1.55246536e+02,
       7.35276639e-01, 5.82390686e+02, 1.49499741e+02, 8.18442285e-01,
       7.93957336e+02, 3.68877533e+02, 5.90275288e-01, 7.11682739e+02,
       4.27515808e+02, 6.99391305e-01, 6.64655029e+02, 4.78549286e+02,
       7.60694385e-01, 6.13692261e+02, 2.80672119e+02, 9.83967036e-02,
       6.01945435e+02, 2.47359482e+02, 7.73929358e-02, 0., 0., 0., 0.,
       0., 0., 5.94117554e+02, 3.04161133e+02, 5.75253963e-02, 0., 0.,
       0., 0., 0., 0., 9.32998901e+02, 3.17873230e+02, 6.53501034e-01,
       9.27148071e+02, 3.45309814e+02, 7.24719524e-01, 9.17361023e+02,
       2.74748260e+02, 8.66658032e-01, 0., 0., 0., 0., 0., 0., 0., 0.,
       0., 0., 0., 0., 0., 0., 0., 0., 0., 0., 0., 0., 0. ]
