%YAML:1.0
---
pose_0: !!opencv-matrix
   rows: 1
   cols: 25
   dt: "3f"
   data: [ 8.88027954e+02, 2.88412201e+02, 7.76856720e-01,
       7.88099365e+02, 2.90494019e+02, 6.84705079e-01, 7.90010254e+02,
       2.12051315e+02, 6.98248029e-01, 6.74463074e+02, 1.47402115e+02,
       8.07586074e-01, 6.19529663e+02, 2.10068558e+02, 8.72319639e-01,
       7.86093933e+02, 3.66858490e+02, 6.51000977e-01, 6.99916870e+02,
       4.49148468e+02, 7.09055603e-01, 6.95955750e+02, 4.31533447e+02,
       7.58219540e-01, 5.58854431e+02, 3.06158600e+02, 2.47984380e-01,
       5.64714783e+02, 2.66941254e+02, 3.26883107e-01, 3.53138031e+02,
       3.08122284e+02, 4.32663709e-01, 1.59190826e+02, 3.15880737e+02,
       4.09080952e-01, 5.47086731e+02, 3.59009583e+02, 1.76068678e-01,
       3.78612152e+02, 3.66810944e+02, 1.41624361e-01, 3.35549591e+02,
       3.53217407e+02, 5.28586432e-02, 8.99735291e+02, 2.66942322e+02,
       8.16622198e-01, 9.01666199e+02, 3.02198547e+02, 7.89619863e-01,
       8.74299927e+02, 2.45447296e+02, 6.67281508e-01, 8.86026489e+02,
       3.19886475e+02, 2.99871683e-01, 0., 0., 0., 0., 0., 0., 0., 0.,
       0., 1.20033516e+02, 3.37440063e+02, 8.03764015e-02,
       1.20043205e+02, 3.23783051e+02, 1.04373671e-01, 1.43509109e+02,
       3.06147522e+02, 3.14553380e-01 ]
