%YAML:1.0
---
pose_0: !!opencv-matrix
   rows: 1
   cols: 25
   dt: "3f"
   data: [ 8.74284729e+02, 2.37584198e+02, 7.52586246e-01,
       7.74309509e+02, 2.59127716e+02, 7.15561926e-01, 7.60712219e+02,
       1.80677322e+02, 7.17354059e-01, 6.48976624e+02, 1.49345078e+02,
       8.21576953e-01, 5.66652649e+02, 1.63069229e+02, 8.23815107e-01,
       7.76242554e+02, 3.39401245e+02, 6.77549422e-01, 6.66589661e+02,
       3.84448761e+02, 6.97567701e-01, 5.43191589e+02, 4.31437012e+02,
       8.02390635e-01, 5.25578674e+02, 2.78684235e+02, 3.03470254e-01,
       5.33391663e+02, 2.31673233e+02, 3.74188393e-01, 3.68771545e+02,
       2.17985031e+02, 3.71805549e-01, 1.94480148e+02, 2.16024277e+02,
       3.43360245e-01, 5.23558594e+02, 3.23753143e+02, 3.51071179e-01,
       3.51221741e+02, 3.39428772e+02, 3.78303140e-01, 1.51370499e+02,
       3.33500824e+02, 5.05883276e-01, 8.82144165e+02, 2.17989304e+02,
       7.97212720e-01, 8.89919189e+02, 2.51250839e+02, 8.14179361e-01,
       8.54625305e+02, 2.06180511e+02, 6.17064834e-01, 8.78211487e+02,
       2.82582397e+02, 4.89250958e-01, 9.84883804e+01, 3.84499054e+02,
       4.07684028e-01, 1.00454659e+02, 3.84491364e+02, 3.95152926e-01,
       1.25903664e+02, 3.17881348e+02, 3.82746756e-01, 1.90531296e+02,
       2.39480057e+02, 5.63417003e-02, 0., 0., 0., 0., 0., 0. ]
