%YAML:1.0
---
pose_0: !!opencv-matrix
   rows: 1
   cols: 25
   dt: "3f"
   data: [ 8.84076782e+02, 1.84627151e+02, 7.52708197e-01,
       8.31196777e+02, 2.59181763e+02, 5.45666158e-01, 8.39024292e+02,
       2.64994080e+02, 3.97743285e-01, 0., 0., 0., 0., 0., 0.,
       8.25287231e+02, 2.61093201e+02, 6.01131678e-01, 7.15598389e+02,
       2.51244446e+02, 6.92638516e-01, 6.51005371e+02, 1.49375336e+02,
       8.45945716e-01, 5.43171387e+02, 2.94385071e+02, 1.91890493e-01,
       5.43180786e+02, 2.68897461e+02, 1.41528189e-01, 3.66875366e+02,
       3.00234070e+02, 1.85824737e-01, 1.25880943e+02, 3.74670898e+02,
       2.07188249e-01, 5.27498169e+02, 3.13968689e+02, 1.82834730e-01,
       3.78604462e+02, 2.96322845e+02, 1.94608524e-01, 1.18074883e+02,
       3.78604645e+02, 9.44290534e-02, 9.01612732e+02, 1.90549377e+02,
       6.54942542e-02, 8.99675171e+02, 1.94535889e+02, 8.45187068e-01,
       0., 0., 0., 8.95804871e+02, 2.49330185e+02, 7.69937456e-01, 0.,
       0., 0., 0., 0., 0., 9.25842056e+01, 3.94281616e+02,
       5.05167581e-02, 8.47704163e+01, 4.04078888e+02, 1.71780318e-01,
       8.47396240e+01, 3.96271667e+02, 1.72287971e-01, 0., 0., 0. ]
