%YAML:1.0
---
pose_0: !!opencv-matrix
   rows: 1
   cols: 25
   dt: "3f"
   data: [ 9.82013306e+02, 3.78613647e+02, 7.72182345e-01,
       8.52643921e+02, 3.82456299e+02, 6.45881534e-01, 8.37010925e+02,
       2.92444183e+02, 6.43800974e-01, 7.13655090e+02, 2.37528885e+02,
       6.80573285e-01, 6.09789429e+02, 2.70851410e+02, 5.85238099e-01,
       8.64440979e+02, 4.68729156e+02, 5.68091750e-01, 7.21458740e+02,
       5.41258362e+02, 6.92260683e-01, 5.92184631e+02, 5.92133240e+02,
       6.83250904e-01, 0., 0., 0., 0., 0., 0., 0., 0., 0., 0., 0., 0.,
       0., 0., 0., 0., 0., 0., 0., 0., 0., 9.93779480e+02,
       3.51168671e+02, 9.00678873e-01, 9.97671021e+02, 3.94277313e+02,
       7.38937438e-01, 9.64346436e+02, 3.12022888e+02, 5.51510334e-01,
       0., 0., 0., 0., 0., 0., 0., 0., 0., 0., 0., 0., 0., 0., 0., 0.,
       0., 0., 0., 0., 0. ]
