%YAML:1.0
---
pose_0: !!opencv-matrix
   rows: 1
   cols: 25
   dt: "3f"
   data: [ 1.02707629e+03, 2.59103424e+02, 6.50081635e-01,
       9.01697083e+02, 2.68879395e+02, 4.17577863e-01, 8.99725037e+02,
       1.82701202e+02, 4.10283089e-01, 8.23368408e+02, 1.17999092e+02,
       7.85842687e-02, 0., 0., 0., 9.09541931e+02, 3.59011230e+02,
       2.98370659e-01, 7.41058655e+02, 4.62930206e+02, 6.61206543e-01,
       8.72366394e+02, 3.53151672e+02, 5.00050068e-01, 0., 0., 0., 0.,
       0., 0., 0., 0., 0., 0., 0., 0., 0., 0., 0., 0., 0., 0., 0., 0.,
       0., 1.05648816e+03, 2.41487991e+02, 7.70529747e-01,
       1.05058374e+03, 2.88434326e+02, 6.97556674e-01, 9.99649414e+02,
       2.12044937e+02, 1.59327000e-01, 1.04083459e+03, 3.19898712e+02,
       2.57350892e-01, 0., 0., 0., 0., 0., 0., 0., 0., 0., 0., 0., 0.,
       0., 0., 0., 0., 0., 0. ]
