%YAML:1.0
---
pose_0: !!opencv-matrix
   rows: 1
   cols: 25
   dt: "3f"
   data: [ 8.88040405e+02, 2.72887360e+02, 8.44926953e-01,
       7.82223755e+02, 2.59141571e+02, 6.48304939e-01, 7.92004822e+02,
       1.92464401e+02, 6.00006461e-01, 7.21419739e+02, 8.46984253e+01,
       7.73185730e-01, 7.43002747e+02, 1.74870560e+02, 7.61010468e-01,
       7.60625488e+02, 3.19886871e+02, 5.48751533e-01, 6.41114014e+02,
       3.41373962e+02, 6.24565005e-01, 5.39309570e+02, 3.59004211e+02,
       6.61717176e-01, 5.37275330e+02, 2.59117615e+02, 2.49272779e-01,
       5.39258179e+02, 2.14039459e+02, 2.67229080e-01, 3.51146729e+02,
       1.98381866e+02, 1.38051882e-01, 0., 0., 0., 5.33377014e+02,
       3.04164429e+02, 3.02369654e-01, 3.53099518e+02, 3.53126312e+02,
       4.51655984e-01, 1.59200256e+02, 3.60974304e+02, 3.33369255e-01,
       8.97765808e+02, 2.53255508e+02, 8.20976794e-01, 9.03625977e+02,
       2.80667572e+02, 7.51846135e-01, 8.70337952e+02, 2.27727112e+02,
       6.82100594e-01, 8.88009033e+02, 3.00265991e+02, 1.71161622e-01,
       1.27823448e+02, 4.15804382e+02, 8.40498582e-02, 1.29772339e+02,
       4.13892792e+02, 7.77025968e-02, 1.33689011e+02, 3.49187042e+02,
       2.75625437e-01, 0., 0., 0., 0., 0., 0., 0., 0., 0. ]
