%YAML:1.0
---
pose_0: !!opencv-matrix
   rows: 1
   cols: 25
   dt: "3f"
   data: [ 8.86035217e+02, 4.31608948e+02, 7.96389222e-01,
       7.91969666e+02, 4.21742279e+02, 6.60253167e-01, 7.91989136e+02,
       3.45274445e+02, 6.80541873e-01, 6.64621338e+02, 2.88549957e+02,
       8.14684451e-01, 5.41187500e+02, 3.19812286e+02, 6.38358474e-01,
       7.88103882e+02, 4.98141388e+02, 5.83417535e-01, 6.80336914e+02,
       5.56814087e+02, 8.26764703e-01, 7.84131958e+02, 5.39322144e+02,
       7.82259703e-01, 5.27500366e+02, 4.15836334e+02, 1.78913400e-01,
       5.27508240e+02, 3.82499023e+02, 2.69680262e-01, 3.17901245e+02,
       3.68862122e+02, 4.20272291e-01, 2.90458099e+02, 3.55163910e+02,
       1.51611403e-01, 5.25549683e+02, 4.72651642e+02, 1.67072177e-01,
       3.86484283e+02, 5.09937195e+02, 8.11201707e-02, 0., 0., 0.,
       8.99801697e+02, 4.13902740e+02, 8.44166517e-01, 9.01679443e+02,
       4.47266296e+02, 8.00975263e-01, 8.83999512e+02, 3.86450439e+02,
       6.41082227e-01, 8.86029968e+02, 4.66730927e+02, 5.92708886e-02,
       0., 0., 0., 0., 0., 0., 0., 0., 0., 0., 0., 0., 0., 0., 0.,
       2.90403900e+02, 3.53181366e+02, 6.67737275e-02 ]
