%YAML:1.0
---
pose_0: !!opencv-matrix
   rows: 1
   cols: 25
   dt: "3f"
   data: [ 9.03719177e+02, 2.41400833e+02, 7.85877585e-01,
       8.48811646e+02, 2.14040665e+02, 2.28785872e-01, 8.50735168e+02,
       1.92463074e+02, 3.10307652e-01, 8.07759338e+02, 1.31807190e+02,
       7.75996208e-01, 8.23338196e+02, 2.78702911e+02, 7.89282799e-01,
       8.31184998e+02, 2.43434494e+02, 6.84429705e-02, 0., 0., 0., 0.,
       0., 0., 0., 0., 0., 0., 0., 0., 0., 0., 0., 0., 0., 0., 0., 0.,
       0., 0., 0., 0., 0., 0., 0., 9.15357483e+02, 2.14064240e+02,
       8.64981830e-01, 9.23226746e+02, 2.47319153e+02, 7.46795118e-01,
       8.93877014e+02, 1.92475830e+02, 6.09328032e-01, 0., 0., 0., 0.,
       0., 0., 0., 0., 0., 0., 0., 0., 0., 0., 0., 0., 0., 0., 0., 0.,
       0. ]
