%YAML:1.0
---
pose_0: !!opencv-matrix
   rows: 1
   cols: 25
   dt: "3f"
   data: [ 9.62433228e+02, 2.49315186e+02, 7.14418828e-01,
       8.40935608e+02, 2.59141449e+02, 6.53643489e-01, 8.23410400e+02,
       1.72896103e+02, 6.23707592e-01, 6.84239197e+02, 1.31714127e+02,
       7.24787652e-01, 5.70651245e+02, 1.41520523e+02, 7.94804752e-01,
       8.54680481e+02, 3.51166016e+02, 6.22705042e-01, 7.31240295e+02,
       4.31543365e+02, 7.91538954e-01, 6.27442078e+02, 3.80568756e+02,
       7.42686093e-01, 5.70598145e+02, 2.76744202e+02, 1.96170628e-01,
       5.66675598e+02, 2.37551910e+02, 2.75465190e-01, 3.37473633e+02,
       2.70885376e+02, 2.44867757e-01, 1.39585876e+02, 2.90479584e+02,
       5.92836030e-02, 5.68650330e+02, 3.37469635e+02, 1.73337057e-01,
       3.37437408e+02, 3.55125366e+02, 3.10562134e-01, 1.63123810e+02,
       3.64922699e+02, 3.59470367e-01, 9.76117249e+02, 2.25883698e+02,
       8.20991218e-01, 9.78084167e+02, 2.70867554e+02, 7.60204315e-01,
       9.46785217e+02, 2.00297333e+02, 5.81439853e-01, 9.60473938e+02,
       2.90438141e+02, 2.15112433e-01, 8.86628036e+01, 3.84490173e+02,
       7.82088041e-02, 9.84707642e+01, 3.94243866e+02, 8.62326995e-02,
       1.49361176e+02, 3.55138214e+02, 1.77932248e-01, 0., 0., 0., 0.,
       0., 0., 0., 0., 0. ]
