%YAML:1.0
---
pose_0: !!opencv-matrix
   rows: 1
   cols: 25
   dt: "3f"
   data: [ 9.15480652e+02, 1.33760361e+02, 7.90631652e-01,
       8.07656189e+02, 1.51348648e+02, 6.85826600e-01, 7.95942200e+02,
       6.90933533e+01, 6.74465716e-01, 6.82225769e+02, 2.59902534e+01,
       7.46669710e-01, 6.21577515e+02, 3.96996269e+01, 8.01236868e-01,
       8.19445190e+02, 2.37571579e+02, 6.72982037e-01, 7.07738831e+02,
       2.92470459e+02, 7.35864282e-01, 5.76504639e+02, 3.35416107e+02,
       7.89001942e-01, 5.43187866e+02, 1.69002670e+02, 1.11281767e-01,
       5.49048645e+02, 1.23928192e+02, 1.15988001e-01, 4.94189667e+02,
       8.66367874e+01, 5.82980700e-02, 0., 0., 0., 5.49061035e+02,
       2.29738632e+02, 9.49311554e-02, 0., 0., 0., 0., 0., 0.,
       9.29061035e+02, 1.18011116e+02, 7.32118547e-01, 9.31003601e+02,
       1.51379776e+02, 7.83725679e-01, 9.03645203e+02, 8.67946777e+01,
       3.38530362e-01, 9.09541382e+02, 1.78770203e+02, 3.66382122e-01,
       0., 0., 0., 0., 0., 0., 0., 0., 0., 0., 0., 0., 0., 0., 0., 0.,
       0., 0. ]
