%YAML:1.0
---
pose_0: !!opencv-matrix
   rows: 1
   cols: 25
   dt: "3f"
   data: [ 9.50663635e+02, 3.04058899e+02, 7.78962374e-01,
       8.37072266e+02, 3.21835724e+02, 6.76560521e-01, 8.23344055e+02,
       2.41463440e+02, 7.14261591e-01, 6.80267578e+02, 2.10074936e+02,
       7.88995504e-01, 5.76453613e+02, 1.96376816e+02, 8.25448751e-01,
       8.50737183e+02, 4.15814941e+02, 5.46216905e-01, 7.27310425e+02,
       4.60957031e+02, 7.16336131e-01, 5.84258911e+02, 4.74604523e+02,
       7.59795249e-01, 5.60824341e+02, 3.39440826e+02, 2.01762244e-01,
       5.72544983e+02, 2.82612061e+02, 2.51156420e-01, 3.68795471e+02,
       2.51276108e+02, 1.99627459e-01, 0., 0., 0., 5.52962891e+02,
       3.92330688e+02, 2.36008734e-01, 3.59046356e+02, 4.00167542e+02,
       3.55763257e-01, 1.43517899e+02, 4.19765686e+02, 2.36669183e-01,
       9.62443481e+02, 2.78731110e+02, 8.81715953e-01, 9.68322205e+02,
       3.17894684e+02, 8.07246327e-01, 9.38901794e+02, 2.59156616e+02,
       5.87145388e-01, 9.50655579e+02, 3.41430420e+02, 2.96554893e-01,
       9.84595795e+01, 3.90372711e+02, 1.55006692e-01, 1.00408669e+02,
       4.00139313e+02, 1.46218717e-01, 1.29802719e+02, 4.25649689e+02,
       1.28278136e-01, 0., 0., 0., 0., 0., 0., 0., 0., 0. ]
