%YAML:1.0
---
pose_0: !!opencv-matrix
   rows: 1
   cols: 25
   dt: "3f"
   data: [ 8.99732727e+02, 2.31681641e+02, 7.06856728e-01,
       7.97843506e+02, 2.47384735e+02, 6.90733492e-01, 7.80262756e+02,
       1.78727676e+02, 6.66821122e-01, 6.96006897e+02, 1.06298340e+02,
       6.46166205e-01, 6.39203064e+02, 9.26112823e+01, 7.09652007e-01,
       8.09671936e+02, 3.21729645e+02, 6.76088631e-01, 7.42951660e+02,
       4.08010132e+02, 4.80847597e-01, 6.68579041e+02, 5.00068695e+02,
       7.36208022e-01, 5.64748047e+02, 2.88493011e+02, 3.02725434e-01,
       5.56926880e+02, 2.43456253e+02, 3.58048320e-01, 3.37475525e+02,
       2.41419418e+02, 2.97288984e-01, 1.47429520e+02, 2.27803604e+02,
       6.44776970e-02, 5.68661560e+02, 3.35502441e+02, 3.92939568e-01,
       3.84447540e+02, 3.72723053e+02, 4.25302953e-01, 2.31687576e+02,
       4.08021606e+02, 2.15544283e-01, 9.01763916e+02, 2.12035950e+02,
       8.12820375e-01, 9.11486084e+02, 2.43445404e+02, 7.02417612e-01,
       8.72321106e+02, 1.92526688e+02, 5.75511098e-01, 8.93859619e+02,
       2.63063904e+02, 3.69796127e-01, 0., 0., 0., 0., 0., 0.,
       2.14034637e+02, 4.11880615e+02, 1.20559536e-01, 0., 0., 0., 0.,
       0., 0., 0., 0., 0. ]
