%YAML:1.0
---
pose_0: !!opencv-matrix
   rows: 1
   cols: 25
   dt: "3f"
   data: [ 8.76219177e+02, 3.49154968e+02, 7.70871222e-01,
       7.88051208e+02, 3.98194214e+02, 6.16377234e-01, 7.54774963e+02,
       3.59022308e+02, 4.20107841e-01, 0., 0., 0., 0., 0., 0.,
       8.21278564e+02, 4.41315643e+02, 6.80390596e-01, 7.76249512e+02,
       5.39317871e+02, 8.37719083e-01, 8.05729736e+02, 4.06022247e+02,
       7.36768723e-01, 4.94179138e+02, 4.33460266e+02, 2.19027206e-01,
       5.00060425e+02, 4.02115479e+02, 2.11542279e-01, 3.47265747e+02,
       3.90384766e+02, 3.10449213e-01, 1.51397141e+02, 3.88417694e+02,
       3.57031763e-01, 4.74602112e+02, 4.58934174e+02, 1.53789252e-01,
       3.35503937e+02, 5.09888184e+02, 2.12730736e-01, 2.10095978e+02,
       6.15679016e+02, 1.25881463e-01, 8.84050964e+02, 3.33483948e+02,
       8.52432609e-01, 8.89983459e+02, 3.62922882e+02, 8.11014771e-01,
       8.58626587e+02, 3.21865997e+02, 3.60556901e-01, 8.82112793e+02,
       3.92333069e+02, 6.38578117e-01, 0., 0., 0., 0., 0., 0., 0., 0.,
       0., 1.23927811e+02, 3.47249329e+02, 9.90830213e-02,
       1.20026894e+02, 3.49239594e+02, 7.04457760e-02, 1.37684967e+02,
       4.00177246e+02, 2.40067646e-01 ]
