%YAML:1.0
---
pose_0: !!opencv-matrix
   rows: 1
   cols: 25
   dt: "3f"
   data: [ 8.95800781e+02, 2.57162903e+02, 8.05868387e-01,
       8.05645447e+02, 2.96319061e+02, 6.97635353e-01, 7.90048645e+02,
       2.27753128e+02, 7.02039480e-01, 8.21359558e+02, 1.23926170e+02,
       7.65931010e-01, 9.13419922e+02, 1.76833374e+02, 8.20593476e-01,
       8.21390076e+02, 3.62908661e+02, 6.05520666e-01, 8.97778198e+02,
       4.27591980e+02, 8.10802460e-01, 9.46790039e+02, 3.21779572e+02,
       8.77539814e-01, 5.84340210e+02, 3.35533142e+02, 3.32772374e-01,
       5.88273071e+02, 3.00225922e+02, 2.90113121e-01, 5.39219666e+02,
       2.57100800e+02, 3.04903209e-01, 0., 0., 0., 5.72574890e+02,
       3.66835663e+02, 2.54414439e-01, 3.62931458e+02, 3.98195374e+02,
       3.12884599e-01, 1.76805939e+02, 4.33513794e+02, 3.72029454e-01,
       8.99730774e+02, 2.41506500e+02, 8.87040138e-01, 9.07562317e+02,
       2.72717102e+02, 8.35897088e-01, 8.74263306e+02, 2.25819366e+02,
       3.12471151e-01, 8.99722961e+02, 2.94375732e+02, 6.73731744e-01,
       1.14069901e+02, 4.43255463e+02, 2.73133546e-01, 1.21941628e+02,
       4.49168457e+02, 2.74383724e-01, 1.61134277e+02, 4.33505646e+02,
       1.78155750e-01, 0., 0., 0., 0., 0., 0., 0., 0., 0. ]
