%YAML:1.0
---
pose_0: !!opencv-matrix
   rows: 2
   cols: 25
   dt: "3f"
   data: [ 0., 0., 0., 0., 0., 0., 0., 0., 0., 0., 0., 0., 0., 0., 0.,
       7.68479248e+02, 3.29614746e+02, 1.31299362e-01, 6.84293945e+02,
       4.02162292e+02, 7.98421681e-01, 7.62602905e+02, 4.74629913e+02,
       7.75037110e-01, 0., 0., 0., 0., 0., 0., 0., 0., 0., 0., 0., 0.,
       0., 0., 0., 0., 0., 0., 0., 0., 0., 0., 0., 0., 0., 0., 0., 0.,
       0., 0., 0., 0., 0., 0., 0., 0., 0., 0., 0., 0., 0., 0., 0., 0.,
       0., 0., 0., 0., 0., 0., 0., 9.15358459e+02, 3.66886688e+02,
       8.40077281e-01, 8.25273560e+02, 3.04172394e+02, 3.09515208e-01,
       8.37045349e+02, 2.90399689e+02, 7.36150920e-01, 7.56741028e+02,
       3.86494629e+02, 7.56193519e-01, 8.09657898e+02, 4.62950195e+02,
       8.20746005e-01, 8.25303345e+02, 3.31566223e+02, 1.22430056e-01,
       0., 0., 0., 0., 0., 0., 5.51027039e+02, 2.90433868e+02,
       2.19896704e-01, 5.41252747e+02, 2.92398834e+02, 1.93184584e-01,
       4.49164642e+02, 3.51203644e+02, 1.53599545e-01, 3.37469055e+02,
       3.82484589e+02, 6.26666546e-02, 0., 0., 0., 0., 0., 0., 0., 0.,
       0., 9.30993530e+02, 3.39399445e+02, 7.91283786e-01,
       9.31052246e+02, 3.74721710e+02, 7.02571332e-01, 9.07574158e+02,
       3.02200226e+02, 7.89799988e-01, 0., 0., 0., 0., 0., 0., 0., 0.,
       0., 0., 0., 0., 0., 0., 0., 0., 0., 0., 0., 0., 0. ]
