%YAML:1.0
---
pose_0: !!opencv-matrix
   rows: 1
   cols: 25
   dt: "3f"
   data: [ 9.31031067e+02, 2.51301987e+02, 7.75484025e-01,
       8.11609375e+02, 2.76755249e+02, 6.62288666e-01, 8.01794128e+02,
       2.00330292e+02, 6.77750051e-01, 6.64645020e+02, 1.63017426e+02,
       6.19445145e-01, 6.54873535e+02, 1.72877472e+02, 6.97980225e-01,
       8.23354797e+02, 3.49251251e+02, 5.81627011e-01, 7.21470825e+02,
       4.72667297e+02, 6.77263439e-01, 7.64555969e+02, 3.43362976e+02,
       6.37314200e-01, 5.29459656e+02, 2.94388885e+02, 2.39533529e-01,
       5.35344604e+02, 2.41457291e+02, 3.43489647e-01, 3.17873169e+02,
       2.57137787e+02, 3.49725902e-01, 0., 0., 0., 5.35326660e+02,
       3.45306732e+02, 3.00393224e-01, 3.27669159e+02, 3.51182831e+02,
       2.35260114e-01, 1.70957489e+02, 3.37441833e+02, 2.98727065e-01,
       9.29081543e+02, 2.27739334e+02, 8.47554862e-01, 9.48744141e+02,
       2.59116943e+02, 7.12157965e-01, 8.91893677e+02, 2.12047821e+02,
       6.36786401e-01, 9.32992493e+02, 2.88461121e+02, 1.54138550e-01,
       1.00448341e+02, 3.17848022e+02, 6.82301670e-02, 0., 0., 0.,
       1.49392410e+02, 3.29628235e+02, 1.38151109e-01, 0., 0., 0., 0.,
       0., 0., 0., 0., 0. ]
