%YAML:1.0
---
pose_0: !!opencv-matrix
   rows: 1
   cols: 25
   dt: "3f"
   data: [ 1.04270374e+03, 1.94443848e+02, 6.77110434e-01,
       8.86044250e+02, 2.19913025e+02, 4.47661430e-01, 8.66384766e+02,
       1.18093513e+02, 4.30424482e-01, 6.99895691e+02, 1.02345619e+02,
       5.60286008e-02, 0., 0., 0., 9.01764832e+02, 3.08106628e+02,
       4.87465888e-01, 7.74324890e+02, 3.68861755e+02, 6.21893108e-01,
       6.21597961e+02, 3.23733093e+02, 6.97912395e-01, 5.47100586e+02,
       2.27751877e+02, 5.34043461e-02, 0., 0., 0., 0., 0., 0., 0., 0.,
       0., 0., 0., 0., 0., 0., 0., 0., 0., 0., 1.05251868e+03,
       1.65119370e+02, 6.65750563e-01, 1.05837732e+03, 2.14042480e+02,
       6.75033689e-01, 1.00160577e+03, 1.29807983e+02, 1.78789988e-01,
       1.02907996e+03, 2.45388794e+02, 1.82135820e-01, 0., 0., 0., 0.,
       0., 0., 0., 0., 0., 0., 0., 0., 0., 0., 0., 0., 0., 0. ]
