%YAML:1.0
---
pose_0: !!opencv-matrix
   rows: 1
   cols: 25
   dt: "3f"
   data: [ 8.93861755e+02, 4.31551392e+02, 7.94514239e-01,
       8.03729980e+02, 4.80454224e+02, 6.02884829e-01, 7.86096863e+02,
       4.53071472e+02, 3.33528101e-01, 7.29255798e+02, 4.25610870e+02,
       7.54833445e-02, 0., 0., 0., 8.21313721e+02, 5.09860870e+02,
       6.54248178e-01, 7.15591736e+02, 4.15813843e+02, 7.86364257e-01,
       6.33228455e+02, 3.10080109e+02, 7.73776770e-01, 5.52985352e+02,
       5.05950317e+02, 1.28082663e-01, 5.56898499e+02, 4.76581451e+02,
       1.63966864e-01, 3.33553162e+02, 4.15816162e+02, 1.53501749e-01,
       1.80746536e+02, 4.35432587e+02, 2.16201529e-01, 5.54935425e+02,
       5.66675171e+02, 5.86016066e-02, 0., 0., 0., 0., 0., 0.,
       9.01687073e+02, 4.17863739e+02, 8.94301772e-01, 9.11491577e+02,
       4.49130829e+02, 8.34463298e-01, 8.82114563e+02, 4.11953674e+02,
       2.06987455e-01, 8.89919678e+02, 4.82451691e+02, 6.74383342e-01,
       0., 0., 0., 0., 0., 0., 0., 0., 0., 0., 0., 0., 0., 0., 0., 0.,
       0., 0. ]
