%YAML:1.0
---
pose_0: !!opencv-matrix
   rows: 1
   cols: 25
   dt: "3f"
   data: [ 8.76201050e+02, 2.27707230e+02, 8.57270062e-01,
       8.37014954e+02, 3.10028870e+02, 4.25481230e-01, 8.50732971e+02,
       3.15923523e+02, 3.12148511e-01, 0., 0., 0., 0., 0., 0.,
       8.44901733e+02, 3.08117126e+02, 5.28639495e-01, 7.13621155e+02,
       2.78673065e+02, 6.83271468e-01, 7.58742004e+02, 1.70929764e+02,
       2.93300122e-01, 5.19670715e+02, 3.19834869e+02, 6.62788972e-02,
       5.15755371e+02, 2.98285767e+02, 8.60007927e-02, 3.04184357e+02,
       2.90445343e+02, 1.53394654e-01, 1.02403671e+02, 4.04056061e+02,
       7.70299360e-02, 0., 0., 0., 0., 0., 0., 0., 0., 0.,
       8.85992249e+02, 2.19897675e+02, 4.59861487e-01, 8.99775269e+02,
       2.31724457e+02, 8.97795439e-01, 0., 0., 0., 9.09525635e+02,
       2.88502136e+02, 8.33719552e-01, 0., 0., 0., 0., 0., 0., 0., 0.,
       0., 4.36027565e+01, 4.45234894e+02, 9.02259126e-02,
       5.33516808e+01, 4.41318481e+02, 6.84449971e-02, 0., 0., 0. ]
