%YAML:1.0
---
pose_0: !!opencv-matrix
   rows: 1
   cols: 25
   dt: "3f"
   data: [ 9.76084351e+02, 2.39474426e+02, 8.14433455e-01,
       8.40986938e+02, 2.74764496e+02, 6.88618124e-01, 8.21363159e+02,
       1.96356506e+02, 6.43783033e-01, 7.64563416e+02, 1.76849854e+02,
       4.37053382e-01, 7.01868713e+02, 1.67094833e+02, 7.37672687e-01,
       8.66393188e+02, 3.55076172e+02, 6.38150394e-01, 7.74390503e+02,
       4.64811707e+02, 8.19633484e-01, 8.35022461e+02, 3.37516022e+02,
       8.19497108e-01, 5.70576721e+02, 2.59093384e+02, 1.92923397e-01,
       5.60803101e+02, 2.37548264e+02, 2.38824457e-01, 3.19814819e+02,
       2.74806061e+02, 1.48379683e-01, 7.29721222e+01, 2.74855652e+02,
       2.07950085e-01, 5.76495544e+02, 3.13967407e+02, 8.38722065e-02,
       0., 0., 0., 0., 0., 0., 9.74194336e+02, 2.14102249e+02,
       8.39926302e-01, 9.91773560e+02, 2.45465973e+02, 7.62139738e-01,
       9.34973572e+02, 2.00376953e+02, 6.11074150e-01, 9.68299988e+02,
       2.82634857e+02, 2.68236458e-01, 0., 0., 0., 0., 0., 0., 0., 0.,
       0., 5.14185867e+01, 2.88553436e+02, 8.39673430e-02,
       4.16838875e+01, 2.76768982e+02, 8.49308297e-02, 5.53562164e+01,
       2.72846954e+02, 2.12329865e-01 ]
