%YAML:1.0
---
pose_0: !!opencv-matrix
   rows: 1
   cols: 25
   dt: "3f"
   data: [ 9.99665466e+02, 2.27674927e+02, 7.82229006e-01,
       8.70386841e+02, 2.74741669e+02, 5.91214597e-01, 8.42958984e+02,
       1.84642136e+02, 5.60614347e-01, 6.80318542e+02, 1.49370636e+02,
       6.33607209e-01, 6.93995911e+02, 1.65023529e+02, 7.55207717e-01,
       8.85995178e+02, 3.64899445e+02, 4.48573172e-01, 7.84122925e+02,
       5.07864166e+02, 4.55429763e-01, 8.07696777e+02, 3.45291504e+02,
       5.39510071e-01, 5.68653625e+02, 2.66939270e+02, 5.84372655e-02,
       5.45154785e+02, 2.25781235e+02, 1.21725380e-01, 0., 0., 0., 0.,
       0., 0., 6.47003113e+02, 4.06026367e+02, 5.12794256e-02, 0., 0.,
       0., 0., 0., 0., 1.00943500e+03, 2.00365540e+02, 8.55535686e-01,
       1.02117517e+03, 2.43482773e+02, 8.15293729e-01, 9.74210205e+02,
       1.80686432e+02, 6.08833611e-01, 9.99669983e+02, 2.84560150e+02,
       5.38434386e-01, 0., 0., 0., 0., 0., 0., 0., 0., 0., 0., 0., 0.,
       0., 0., 0., 0., 0., 0. ]
