%YAML:1.0
---
pose_0: !!opencv-matrix
   rows: 1
   cols: 25
   dt: "3f"
   data: [ 8.52660461e+02, 2.88559326e+02, 8.10247064e-01,
       7.60672485e+02, 2.92402985e+02, 7.39195287e-01, 7.60658752e+02,
       2.23857895e+02, 7.14059949e-01, 6.64646606e+02, 1.49350830e+02,
       8.48982215e-01, 6.21598877e+02, 2.59064178e+02, 7.71791160e-01,
       7.58596985e+02, 3.64915924e+02, 6.67867959e-01, 6.74404968e+02,
       4.02147217e+02, 3.49235594e-01, 6.50902405e+02, 4.09951141e+02,
       5.39770007e-01, 5.72541077e+02, 2.88505890e+02, 4.02351886e-01,
       5.74515137e+02, 2.49285645e+02, 4.00525659e-01, 3.47269012e+02,
       2.10132675e+02, 4.52539265e-01, 2.04213364e+02, 1.63114853e+02,
       5.40319800e-01, 5.70571350e+02, 3.23798950e+02, 3.93676788e-01,
       3.43340546e+02, 3.41420135e+02, 3.35798293e-01, 1.76819717e+02,
       3.49221924e+02, 5.10302782e-01, 8.64509766e+02, 2.72785370e+02,
       8.55723500e-01, 8.62537842e+02, 3.04157959e+02, 7.75443792e-01,
       8.42960144e+02, 2.53207336e+02, 6.59646928e-01, 8.44899231e+02,
       3.21734009e+02, 2.95088321e-01, 1.17998550e+02, 3.78616882e+02,
       4.00141478e-01, 1.29750137e+02, 3.82460236e+02, 4.37532604e-01,
       1.61144241e+02, 3.35551331e+02, 2.36519992e-01, 1.90529846e+02,
       1.90521469e+02, 5.25436811e-02, 1.78789703e+02, 1.78690201e+02,
       7.82791153e-02, 1.94431519e+02, 1.59183746e+02, 2.88419485e-01 ]
