%YAML:1.0
---
pose_0: !!opencv-matrix
   rows: 1
   cols: 25
   dt: "3f"
   data: [ 9.01627563e+02, 4.33505463e+02, 8.29246104e-01,
       8.05743591e+02, 4.70700043e+02, 6.71449542e-01, 7.80210144e+02,
       4.15817169e+02, 6.82111144e-01, 7.31256104e+02, 4.06064392e+02,
       2.89109886e-01, 6.68557434e+02, 2.94412201e+02, 2.54473448e-01,
       8.27262268e+02, 5.27533508e+02, 6.21539950e-01, 7.60683716e+02,
       4.62892273e+02, 3.52587819e-01, 0., 0., 0., 5.27509705e+02,
       5.13792786e+02, 1.29831806e-01, 5.11835541e+02, 4.78520782e+02,
       1.37301892e-01, 3.74702209e+02, 3.78589447e+02, 5.79215169e-01,
       1.80778992e+02, 4.56967438e+02, 4.63598639e-01, 5.47106567e+02,
       5.56892334e+02, 1.14308305e-01, 5.09877716e+02, 4.11946198e+02,
       3.11702132e-01, 0., 0., 0., 9.07559387e+02, 4.15931549e+02,
       8.43645751e-01, 9.17398804e+02, 4.47268494e+02, 8.70597720e-01,
       8.87954834e+02, 4.09938354e+02, 3.01604688e-01, 9.11458130e+02,
       4.78629974e+02, 6.59621775e-01, 0., 0., 0., 0., 0., 0., 0., 0.,
       0., 1.33790497e+02, 4.17825378e+02, 2.52967596e-01,
       1.35708023e+02, 4.19781525e+02, 2.10958168e-01, 1.67031631e+02,
       4.74578003e+02, 3.29184949e-01 ]
