%YAML:1.0
---
pose_0: !!opencv-matrix
   rows: 1
   cols: 25
   dt: "3f"
   data: [ 9.03686035e+02, 3.29595764e+02, 7.66369462e-01,
       8.13538574e+02, 3.68834747e+02, 6.67146087e-01, 7.76318542e+02,
       3.35476135e+02, 4.42596138e-01, 6.50928528e+02, 3.51105469e+02,
       5.17358363e-01, 5.70602783e+02, 3.23738556e+02, 7.86139488e-01,
       8.48810425e+02, 4.11923645e+02, 6.47166491e-01, 8.07619934e+02,
       4.74642578e+02, 8.46141577e-01, 8.27286499e+02, 3.47236633e+02,
       7.54039526e-01, 5.31445801e+02, 4.17833588e+02, 3.42779964e-01,
       5.29488464e+02, 3.82528229e+02, 4.13245201e-01, 3.49239014e+02,
       3.84422943e+02, 3.67430836e-01, 0., 0., 0., 5.33381409e+02,
       4.56986694e+02, 2.97708392e-01, 3.51138397e+02, 5.05892426e+02,
       3.82100880e-01, 2.14052368e+02, 6.05922485e+02, 1.84835941e-01,
       9.15338257e+02, 3.12029633e+02, 8.32325280e-01, 9.19364807e+02,
       3.43355438e+02, 8.30154717e-01, 8.97736755e+02, 3.04130341e+02,
       2.52655089e-01, 9.09543213e+02, 3.78607941e+02, 7.03935802e-01,
       0., 0., 0., 0., 0., 0., 2.04245529e+02, 6.19572693e+02,
       1.32808521e-01, 0., 0., 0., 0., 0., 0., 0., 0., 0. ]
