%YAML:1.0
---
pose_0: !!opencv-matrix
   rows: 1
   cols: 25
   dt: "3f"
   data: [ 8.54646179e+02, 1.08228394e+02, 8.22729886e-01,
       7.62611511e+02, 8.66863632e+01, 7.16431379e-01, 7.45025574e+02,
       2.00907249e+01, 5.52070141e-01, 0., 0., 0., 0., 0., 0.,
       7.82221863e+02, 1.51399002e+02, 6.23781741e-01, 7.76375061e+02,
       2.66974182e+02, 7.86473632e-01, 8.09595825e+02, 3.74709839e+02,
       7.86773801e-01, 5.35329834e+02, 1.06305855e+02, 1.87236100e-01,
       5.25575317e+02, 5.34226036e+01, 2.17881516e-01, 3.62932343e+02,
       7.69224625e+01, 6.29549399e-02, 0., 0., 0., 5.37277222e+02,
       1.59196732e+02, 2.49751866e-01, 4.09955658e+02, 1.61130310e+02,
       5.05910218e-02, 0., 0., 0., 8.68344360e+02, 8.48197708e+01,
       8.25575531e-01, 8.70404175e+02, 1.14071373e+02, 7.64040112e-01,
       8.42919800e+02, 4.55456581e+01, 8.03547561e-01, 0., 0., 0., 0.,
       0., 0., 0., 0., 0., 0., 0., 0., 0., 0., 0., 0., 0., 0., 0., 0.,
       0. ]
