%YAML:1.0
---
pose_0: !!opencv-matrix
   rows: 1
   cols: 25
   dt: "3f"
   data: [ 8.54652344e+02, 2.94374756e+02, 7.46747196e-01,
       7.70422119e+02, 2.70872803e+02, 6.80054665e-01, 7.64601440e+02,
       1.96395615e+02, 6.76653147e-01, 6.48920349e+02, 1.53277496e+02,
       7.92685747e-01, 6.47043579e+02, 2.51290329e+02, 7.78934300e-01,
       7.62630920e+02, 3.47219330e+02, 5.35985589e-01, 6.98004761e+02,
       3.78629211e+02, 9.41257626e-02, 0., 0., 0., 5.02059326e+02,
       2.76776550e+02, 2.39212275e-01, 5.11819611e+02, 2.31695724e+02,
       2.48168126e-01, 3.47242889e+02, 2.29763931e+02, 3.92831683e-01,
       1.76789612e+02, 2.39534058e+02, 4.57847685e-01, 5.00079590e+02,
       3.19779144e+02, 3.66967738e-01, 3.43334686e+02, 3.35522217e+02,
       3.57048243e-01, 1.63066711e+02, 3.25690155e+02, 5.13895094e-01,
       8.78215393e+02, 2.74742615e+02, 7.46168435e-01, 8.72307007e+02,
       3.06035339e+02, 7.91670084e-01, 8.58581360e+02, 2.37553879e+02,
       7.70122230e-01, 0., 0., 0., 1.16025955e+02, 3.78597717e+02,
       5.21305025e-01, 1.20027298e+02, 3.78606262e+02, 4.99019504e-01,
       1.39583649e+02, 3.10068146e+02, 3.92558962e-01, 1.72884537e+02,
       2.53207260e+02, 5.89993224e-02, 0., 0., 0., 1.61161636e+02,
       2.47361694e+02, 2.47268572e-01 ]
