%YAML:1.0
---
pose_0: !!opencv-matrix
   rows: 1
   cols: 25
   dt: "3f"
   data: [ 9.29125488e+02, 1.61103210e+02, 7.90594220e-01,
       8.03760681e+02, 1.57257538e+02, 5.96347153e-01, 8.03725464e+02,
       7.09811478e+01, 6.22045815e-01, 6.88167480e+02, 5.33535767e+00,
       5.58751404e-01, 5.70666199e+02, 2.79452267e+01, 7.25584865e-01,
       7.95893372e+02, 2.49293839e+02, 6.28005624e-01, 6.84258789e+02,
       3.04058075e+02, 6.93596482e-01, 5.72658508e+02, 3.82509674e+02,
       7.78463125e-01, 5.41237183e+02, 2.00342331e+02, 1.44881114e-01,
       5.25550659e+02, 1.57222198e+02, 1.36266991e-01, 3.45308624e+02,
       3.04121552e+02, 1.62583321e-01, 1.59179581e+02, 3.62940796e+02,
       2.28106454e-01, 5.60819519e+02, 2.41498703e+02, 1.80915326e-01,
       3.68820496e+02, 3.02168793e+02, 1.86469913e-01, 1.57234909e+02,
       3.64878540e+02, 8.80166292e-02, 9.34978149e+02, 1.33705704e+02,
       8.82918894e-01, 9.42812378e+02, 1.72934525e+02, 7.90380120e-01,
       9.11473755e+02, 1.10225868e+02, 6.03871167e-01, 9.31040466e+02,
       1.92433090e+02, 1.48534805e-01, 0., 0., 0., 0., 0., 0., 0., 0.,
       0., 1.02407524e+02, 3.60988770e+02, 1.01799883e-01,
       1.02403778e+02, 3.55125763e+02, 9.47224349e-02, 0., 0., 0. ]
