%YAML:1.0
---
pose_0: !!opencv-matrix
   rows: 1
   cols: 25
   dt: "3f"
   data: [ 9.13396423e+02, 2.10058884e+02, 8.47347915e-01,
       7.92021667e+02, 2.19894730e+02, 6.78356469e-01, 7.86129456e+02,
       1.33683350e+02, 6.87241971e-01, 6.64669983e+02, 1.00419373e+02,
       7.95406342e-01, 5.99975281e+02, 1.20016022e+02, 7.80037642e-01,
       7.92074768e+02, 3.04165375e+02, 6.64982557e-01, 6.82342590e+02,
       3.35409546e+02, 6.77312016e-01, 5.56886780e+02, 3.43369019e+02,
       5.53890467e-01, 5.68631226e+02, 2.23851471e+02, 1.11452043e-01,
       5.50996155e+02, 1.82712540e+02, 1.08962931e-01, 0., 0., 0., 0.,
       0., 0., 5.74513977e+02, 2.68891998e+02, 1.03684962e-01,
       5.02047791e+02, 2.90451477e+02, 1.19363859e-01, 3.55140106e+02,
       2.59145782e+02, 1.05318181e-01, 9.13400879e+02, 1.86599350e+02,
       8.20214808e-01, 9.31018311e+02, 2.12114853e+02, 8.10834408e-01,
       8.74263123e+02, 1.70970291e+02, 6.64258659e-01, 9.09566589e+02,
       2.39496658e+02, 2.63262808e-01, 0., 0., 0., 0., 0., 0.,
       3.37532776e+02, 2.55171555e+02, 8.10872540e-02, 0., 0., 0., 0.,
       0., 0., 0., 0., 0. ]
