%YAML:1.0
---
pose_0: !!opencv-matrix
   rows: 1
   cols: 25
   dt: "3f"
   data: [ 9.17307739e+02, 3.33538757e+02, 8.03042829e-01,
       8.21434753e+02, 2.59076202e+02, 7.14321911e-01, 8.31171997e+02,
       2.25773865e+02, 6.87076688e-01, 7.27382568e+02, 2.70827820e+02,
       7.85195053e-01, 8.19348877e+02, 3.84586609e+02, 7.17844188e-01,
       8.11599609e+02, 2.92447021e+02, 4.53818232e-01, 7.35205688e+02,
       3.80527893e+02, 7.95035064e-01, 8.19423828e+02, 3.92339966e+02,
       6.52308106e-01, 5.51005981e+02, 2.72775665e+02, 2.69378662e-01,
       5.52947571e+02, 2.45391861e+02, 2.72963703e-01, 3.82540649e+02,
       2.72778564e+02, 1.46583289e-01, 1.39587906e+02, 3.06185699e+02,
       1.72981620e-01, 5.43198792e+02, 3.04112152e+02, 2.15633079e-01,
       4.06034210e+02, 3.33539307e+02, 8.53183344e-02, 0., 0., 0.,
       9.33022034e+02, 3.17894043e+02, 8.59227180e-01, 0., 0., 0.,
       9.23261597e+02, 2.70827271e+02, 8.13013971e-01, 0., 0., 0., 0.,
       0., 0., 0., 0., 0., 0., 0., 0., 1.16075203e+02, 3.96244263e+02,
       1.17084593e-01, 1.18096214e+02, 3.94277313e+02, 1.02782913e-01,
       0., 0., 0. ]
