%YAML:1.0
---
pose_0: !!opencv-matrix
   rows: 1
   cols: 25
   dt: "3f"
   data: [ 9.17433228e+02, 2.14014191e+02, 8.40046525e-01,
       8.05721497e+02, 2.21870544e+02, 6.42969072e-01, 7.93934998e+02,
       1.37609039e+02, 6.21837854e-01, 6.58773438e+02, 1.21980423e+02,
       5.84583580e-01, 5.23587708e+02, 1.29781845e+02, 4.78190243e-01,
       8.09642944e+02, 3.08117554e+02, 6.28511310e-01, 7.01856750e+02,
       3.51167633e+02, 5.57955980e-01, 5.51011169e+02, 3.66783997e+02,
       7.78274775e-01, 5.27510559e+02, 2.43407028e+02, 2.50970691e-01,
       5.31416870e+02, 1.94431915e+02, 2.84404784e-01, 3.55104156e+02,
       2.00348007e+02, 2.07537115e-01, 0., 0., 0., 5.25544373e+02,
       2.90431152e+02, 3.20294201e-01, 3.51185730e+02, 3.64855255e+02,
       2.64194161e-01, 1.88590195e+02, 4.17852875e+02, 2.06459880e-01,
       9.31008545e+02, 1.92426468e+02, 8.46319020e-01, 9.35008057e+02,
       2.27801514e+02, 8.49637032e-01, 9.01713989e+02, 1.67029709e+02,
       6.25638127e-01, 9.25192322e+02, 2.55164352e+02, 1.06144346e-01,
       0., 0., 0., 0., 0., 0., 1.78748322e+02, 4.23663574e+02,
       1.26280010e-01, 0., 0., 0., 0., 0., 0., 0., 0., 0. ]
