%YAML:1.0
---
pose_0: !!opencv-matrix
   rows: 1
   cols: 25
   dt: "3f"
   data: [ 9.15364502e+02, 1.94421265e+02, 7.83706188e-01,
       8.64463867e+02, 2.64979858e+02, 4.50467020e-01, 8.70343994e+02,
       2.61048248e+02, 3.15518498e-01, 7.88057068e+02, 2.57152710e+02,
       1.30798295e-01, 0., 0., 0., 8.68347778e+02, 2.59152557e+02,
       4.84922022e-01, 7.70458618e+02, 2.33612274e+02, 4.48094189e-01,
       7.29305298e+02, 1.61148773e+02, 7.33228445e-01, 5.70619385e+02,
       3.19799805e+02, 1.86704472e-01, 5.68637451e+02, 2.82619171e+02,
       2.40018219e-01, 3.25720215e+02, 2.86525299e+02, 8.35845619e-02,
       0., 0., 0., 5.45156616e+02, 3.60980621e+02, 1.66496068e-01,
       3.55107910e+02, 3.35462555e+02, 1.00862414e-01, 0., 0., 0.,
       9.32971252e+02, 1.92531082e+02, 1.75617993e-01, 9.33094238e+02,
       2.08127335e+02, 8.24036539e-01, 0., 0., 0., 9.30997864e+02,
       2.66922150e+02, 7.92726040e-01, 0., 0., 0., 0., 0., 0., 0., 0.,
       0., 0., 0., 0., 0., 0., 0., 0., 0., 0. ]
