%YAML:1.0
---
pose_0: !!opencv-matrix
   rows: 1
   cols: 25
   dt: "3f"
   data: [ 9.03626038e+02, 2.66941223e+02, 7.79463530e-01,
       7.99823914e+02, 3.04198242e+02, 7.27681518e-01, 7.74341187e+02,
       2.43375305e+02, 6.88480556e-01, 6.82248108e+02, 2.31675659e+02,
       1.26971781e-01, 6.01916016e+02, 2.59119293e+02, 8.29485878e-02,
       8.21341858e+02, 3.66800262e+02, 6.24758661e-01, 8.85993652e+02,
       4.82469940e+02, 5.21380186e-01, 9.66392029e+02, 5.33371704e+02,
       5.37846923e-01, 5.47080322e+02, 3.53155182e+02, 1.91667706e-01,
       5.39241699e+02, 3.12007294e+02, 1.97027281e-01, 3.64887878e+02,
       4.92258545e+02, 1.85256064e-01, 2.19921890e+02, 6.13699524e+02,
       1.67585790e-01, 5.51025574e+02, 3.98241028e+02, 2.35042691e-01,
       3.60982971e+02, 4.96177643e+02, 3.84515971e-01, 2.16018799e+02,
       6.17581665e+02, 3.55613887e-01, 9.15346619e+02, 2.55168442e+02,
       8.24315786e-01, 9.17371277e+02, 2.84554077e+02, 8.36340249e-01,
       8.99692810e+02, 2.43517670e+02, 1.04768693e-01, 9.03686279e+02,
       3.19830322e+02, 5.90991378e-01, 1.69036636e+02, 6.17620117e+02,
       6.58042207e-02, 1.84645050e+02, 6.23488770e+02, 8.06139410e-02,
       2.10132339e+02, 6.29401245e+02, 2.74095178e-01, 0., 0., 0., 0.,
       0., 0., 2.12036850e+02, 6.33302368e+02, 1.20199353e-01 ]
