%YAML:1.0
---
pose_0: !!opencv-matrix
   rows: 1
   cols: 25
   dt: "3f"
   data: [ 8.91927979e+02, 4.41293701e+02, 7.29001641e-01,
       7.92076599e+02, 4.31459900e+02, 6.56640172e-01, 7.92012207e+02,
       3.53148804e+02, 6.75729930e-01, 6.84270813e+02, 2.88383942e+02,
       8.04426670e-01, 6.13713501e+02, 3.35531616e+02, 7.85873353e-01,
       7.90039001e+02, 5.05918152e+02, 5.31251967e-01, 6.78308899e+02,
       5.70656250e+02, 7.98683643e-01, 7.80269470e+02, 5.51038330e+02,
       7.35686004e-01, 5.33400330e+02, 4.72651154e+02, 3.26303273e-01,
       5.41234131e+02, 4.15852875e+02, 4.04121429e-01, 3.39449829e+02,
       3.88431885e+02, 3.19606960e-01, 0., 0., 0., 5.39264954e+02,
       5.17713196e+02, 4.04672533e-01, 3.90363831e+02, 5.25542603e+02,
       4.66570407e-01, 0., 0., 0., 9.01767151e+02, 4.17769745e+02,
       8.27274024e-01, 9.07547424e+02, 4.58922729e+02, 7.64289558e-01,
       8.84025635e+02, 3.96175812e+02, 6.34752750e-01, 8.95781006e+02,
       4.78473389e+02, 1.01299979e-01, 0., 0., 0., 0., 0., 0., 0., 0.,
       0., 0., 0., 0., 0., 0., 0., 0., 0., 0. ]
