%YAML:1.0
---
pose_0: !!opencv-matrix
   rows: 1
   cols: 25
   dt: "3f"
   data: [ 9.09543335e+02, 1.94371017e+02, 7.44416714e-01,
       8.09678711e+02, 2.04226273e+02, 6.82362199e-01, 8.07664551e+02,
       1.22002937e+02, 7.25041747e-01, 6.98005676e+02, 7.88421173e+01,
       7.48536348e-01, 6.11727783e+02, 9.84209442e+01, 7.65370965e-01,
       8.21289124e+02, 2.84528992e+02, 6.69711828e-01, 7.13623474e+02,
       3.51109436e+02, 7.80460596e-01, 6.00012573e+02, 3.76675629e+02,
       7.86887348e-01, 5.66671631e+02, 2.17983765e+02, 2.51610488e-01,
       5.54915283e+02, 1.72903534e+02, 2.71281511e-01, 3.82561401e+02,
       1.92503036e+02, 7.73692057e-02, 0., 0., 0., 5.70621765e+02,
       2.63022736e+02, 2.74723381e-01, 5.43182922e+02, 3.12017517e+02,
       8.52803215e-02, 3.78593170e+02, 2.90478973e+02, 6.36724606e-02,
       9.15467773e+02, 1.74874634e+02, 8.61825883e-01, 9.25188904e+02,
       2.10035080e+02, 7.98517346e-01, 8.89975769e+02, 1.53289810e+02,
       6.48081839e-01, 9.05644653e+02, 2.27854340e+02, 4.18847740e-01,
       0., 0., 0., 0., 0., 0., 0., 0., 0., 0., 0., 0., 0., 0., 0., 0.,
       0., 0. ]
