%YAML:1.0
---
pose_0: !!opencv-matrix
   rows: 1
   cols: 25
   dt: "3f"
   data: [ 8.84036621e+02, 3.96251678e+02, 8.49578381e-01,
       7.94011230e+02, 4.33473907e+02, 7.04456389e-01, 7.62597717e+02,
       3.96220032e+02, 6.67959809e-01, 6.17691284e+02, 3.78581451e+02,
       7.33294368e-01, 5.62788025e+02, 3.37535034e+02, 8.23001742e-01,
       8.25268372e+02, 4.82427277e+02, 6.44385457e-01, 7.74268677e+02,
       4.62836182e+02, 7.61189401e-01, 6.97897583e+02, 3.17887604e+02,
       7.29536176e-01, 5.33366028e+02, 4.68758942e+02, 3.56438965e-01,
       5.35343506e+02, 4.31463898e+02, 4.70312715e-01, 3.41409363e+02,
       4.00110626e+02, 6.64576352e-01, 1.59200562e+02, 3.90335938e+02,
       4.77577418e-01, 5.31420410e+02, 5.09900848e+02, 3.81776452e-01,
       3.53174835e+02, 5.56928284e+02, 4.62930053e-01, 1.96377731e+02,
       6.37264709e+02, 2.82531291e-01, 8.86028564e+02, 3.82534576e+02,
       9.30807471e-01, 8.99675598e+02, 4.11882080e+02, 8.51682067e-01,
       8.66414368e+02, 3.72755249e+02, 3.81000727e-01, 8.88015686e+02,
       4.43277893e+02, 6.71064556e-01, 1.33743408e+02, 6.39171936e+02,
       6.86750188e-02, 1.39597473e+02, 6.48974915e+02, 6.26859814e-02,
       1.76827057e+02, 6.39167969e+02, 1.20401002e-01, 1.45473267e+02,
       4.15800232e+02, 1.06538720e-01, 0., 0., 0., 1.43523056e+02,
       4.00149536e+02, 2.86696166e-01 ]
