%YAML:1.0
---
pose_0: !!opencv-matrix
   rows: 1
   cols: 25
   dt: "3f"
   data: [ 9.13390259e+02, 2.23823334e+02, 8.16388130e-01,
       8.05769470e+02, 2.27818726e+02, 7.32010841e-01, 8.05674255e+02,
       1.57240173e+02, 6.67186439e-01, 7.25400085e+02, 7.29796982e+01,
       7.58813560e-01, 6.96016418e+02, 1.00416069e+02, 8.00524235e-01,
       8.03756714e+02, 3.08129181e+02, 5.92876434e-01, 6.97893738e+02,
       3.51105164e+02, 6.43773079e-01, 5.78450378e+02, 3.82508820e+02,
       3.76336277e-01, 5.74521484e+02, 2.31676605e+02, 1.40619382e-01,
       5.66701599e+02, 1.94491470e+02, 1.81644604e-01, 3.94299072e+02,
       2.06195343e+02, 5.46702333e-02, 0., 0., 0., 5.76500122e+02,
       2.90428314e+02, 1.27443984e-01, 4.13867676e+02, 3.10048370e+02,
       5.67792021e-02, 0., 0., 0., 9.15365051e+02, 2.04233017e+02,
       8.59325469e-01, 9.23244690e+02, 2.33663788e+02, 7.40092814e-01,
       8.86094116e+02, 1.88594971e+02, 6.29828155e-01, 9.03658203e+02,
       2.57183289e+02, 3.01484287e-01, 0., 0., 0., 0., 0., 0., 0., 0.,
       0., 0., 0., 0., 0., 0., 0., 0., 0., 0. ]
