%YAML:1.0
---
pose_0: !!opencv-matrix
   rows: 1
   cols: 25
   dt: "3f"
   data: [ 8.93883972e+02, 4.47237061e+02, 8.03933084e-01,
       7.97851563e+02, 4.43273438e+02, 7.12453246e-01, 7.92068054e+02,
       3.68876740e+02, 6.50593877e-01, 6.99874878e+02, 2.86547546e+02,
       8.30225468e-01, 6.49017578e+02, 3.68871552e+02, 8.77140939e-01,
       8.01801208e+02, 5.09900726e+02, 6.61374986e-01, 7.09650269e+02,
       5.86348450e+02, 7.94592738e-01, 6.46975159e+02, 5.54940674e+02,
       7.89014220e-01, 5.54949036e+02, 4.60890778e+02, 1.98873773e-01,
       5.52957458e+02, 4.23681274e+02, 2.49510974e-01, 3.88398193e+02,
       4.33444336e+02, 1.09334707e-01, 0., 0., 0., 5.56914246e+02,
       5.07919006e+02, 1.76925540e-01, 0., 0., 0., 0., 0., 0.,
       9.01685974e+02, 4.29482117e+02, 8.49265039e-01, 9.05626587e+02,
       4.60874023e+02, 7.83210874e-01, 8.72318237e+02, 4.02127136e+02,
       7.28758097e-01, 8.88022156e+02, 4.74604340e+02, 1.13934681e-01,
       0., 0., 0., 0., 0., 0., 0., 0., 0., 0., 0., 0., 0., 0., 0., 0.,
       0., 0. ]
