%YAML:1.0
---
pose_0: !!opencv-matrix
   rows: 1
   cols: 25
   dt: "3f"
   data: [ 9.17412354e+02, 2.68866577e+02, 7.39731550e-01,
       8.11588806e+02, 3.29615967e+02, 6.18870139e-01, 7.76368164e+02,
       2.86476990e+02, 4.74414527e-01, 6.68577637e+02, 2.78692108e+02,
       3.01081419e-01, 6.17699707e+02, 2.27791580e+02, 7.82204807e-01,
       8.41016663e+02, 3.82462006e+02, 6.70035779e-01, 7.31297546e+02,
       4.45228485e+02, 7.77208507e-01, 6.82308044e+02, 3.04122955e+02,
       5.85447192e-01, 5.41226807e+02, 3.47262726e+02, 3.07093203e-01,
       5.47101807e+02, 3.06164093e+02, 3.85203272e-01, 3.55125671e+02,
       2.41410431e+02, 5.73153257e-01, 2.21878281e+02, 3.21833099e+02,
       4.10507560e-01, 5.37294434e+02, 3.82542450e+02, 2.75318503e-01,
       3.82557861e+02, 3.23739716e+02, 1.11101314e-01, 1.82739151e+02,
       3.80597687e+02, 2.82092214e-01, 9.27188354e+02, 2.59083130e+02,
       6.93836033e-01, 9.33156372e+02, 2.88459442e+02, 8.62893581e-01,
       8.99658142e+02, 2.57034180e+02, 1.09698430e-01, 9.15485657e+02,
       3.33476898e+02, 8.23979616e-01, 1.45450043e+02, 3.55141693e+02,
       1.14846058e-01, 1.51351379e+02, 3.68850281e+02, 1.10196337e-01,
       1.63100510e+02, 3.90370361e+02, 1.64162412e-01, 1.51390915e+02,
       2.74786469e+02, 2.39807397e-01, 1.55294067e+02, 2.74777679e+02,
       1.88157484e-01, 1.98387817e+02, 3.37464111e+02, 1.61885843e-01 ]
