%YAML:1.0
---
pose_0: !!opencv-matrix
   rows: 1
   cols: 25
   dt: "3f"
   data: [ 8.91872559e+02, 4.02105560e+02, 8.05368841e-01,
       7.88064819e+02, 4.29535370e+02, 7.37761259e-01, 7.62661987e+02,
       3.66813995e+02, 7.37944961e-01, 6.48913391e+02, 3.49249451e+02,
       8.15790951e-01, 6.62685730e+02, 3.21832275e+02, 8.13808322e-01,
       8.07627625e+02, 4.96208313e+02, 6.36779666e-01, 6.84213562e+02,
       5.70597900e+02, 8.17938685e-01, 7.70438293e+02, 5.07934906e+02,
       7.94997811e-01, 5.25562317e+02, 4.41306183e+02, 3.44707012e-01,
       5.37272156e+02, 3.94312164e+02, 4.48620796e-01, 3.37525360e+02,
       3.82570587e+02, 3.70951116e-01, 1.61169678e+02, 3.57042542e+02,
       1.57455951e-01, 5.21625854e+02, 4.84425995e+02, 3.81343275e-01,
       3.59024384e+02, 4.92217377e+02, 2.03209043e-01, 1.76815475e+02,
       5.29469482e+02, 1.20916553e-01, 8.97807617e+02, 3.84570892e+02,
       8.91920388e-01, 9.05598877e+02, 4.15894501e+02, 8.10227931e-01,
       8.66467346e+02, 3.70807434e+02, 6.65192723e-01, 8.86035278e+02,
       4.45277008e+02, 6.55289233e-01, 0., 0., 0., 0., 0., 0., 0., 0.,
       0., 1.57240143e+02, 3.53163086e+02, 5.47752641e-02,
       1.57225586e+02, 3.53164337e+02, 5.61332591e-02, 0., 0., 0. ]
