%YAML:1.0
---
pose_0: !!opencv-matrix
   rows: 1
   cols: 25
   dt: "3f"
   data: [ 9.50657288e+02, 2.70886658e+02, 7.70979881e-01,
       8.38978577e+02, 2.94401184e+02, 6.28386676e-01, 8.31195740e+02,
       2.12038849e+02, 6.71883702e-01, 7.17562744e+02, 1.94380966e+02,
       7.29528427e-01, 6.47014709e+02, 1.94459900e+02, 8.80363703e-01,
       8.54639465e+02, 3.84506317e+02, 6.03786528e-01, 7.29240173e+02,
       4.64839203e+02, 7.61079431e-01, 8.07717957e+02, 3.82577972e+02,
       7.85973310e-01, 5.72558777e+02, 3.04155212e+02, 1.35393158e-01,
       6.00000183e+02, 2.57125305e+02, 2.02306479e-01, 5.09908142e+02,
       2.43457214e+02, 2.30452046e-01, 0., 0., 0., 5.23599792e+02,
       3.82503387e+02, 1.08479038e-01, 3.41394897e+02, 3.68867798e+02,
       8.85157287e-02, 1.47464828e+02, 3.66813873e+02, 2.15088651e-01,
       9.62398682e+02, 2.47328293e+02, 8.70586157e-01, 9.72257385e+02,
       2.88451538e+02, 7.92652369e-01, 9.34984009e+02, 2.25858276e+02,
       5.59064746e-01, 9.56541870e+02, 3.19787750e+02, 2.44641900e-01,
       8.47351151e+01, 3.84452209e+02, 2.22219586e-01, 9.26064758e+01,
       3.90355804e+02, 2.02339813e-01, 1.49405960e+02, 3.70799072e+02,
       8.79858434e-02, 0., 0., 0., 0., 0., 0., 0., 0., 0. ]
