%YAML:1.0
---
pose_0: !!opencv-matrix
   rows: 1
   cols: 25
   dt: "3f"
   data: [ 8.39003235e+02, 3.17849213e+02, 4.90884125e-01,
       7.72421814e+02, 2.76801331e+02, 5.98250926e-01, 7.91986450e+02,
       2.16028946e+02, 3.83856356e-01, 8.09599609e+02, 2.43424789e+02,
       5.51761866e-01, 8.35026489e+02, 2.66967255e+02, 2.58775562e-01,
       7.62614380e+02, 3.33510651e+02, 6.11516118e-01, 7.45066345e+02,
       4.43273132e+02, 8.54427576e-01, 8.19423462e+02, 4.27514404e+02,
       8.23056579e-01, 5.80379333e+02, 2.45402069e+02, 1.87019318e-01,
       5.72545593e+02, 2.16025497e+02, 2.04611525e-01, 0., 0., 0., 0.,
       0., 0., 5.56906067e+02, 3.06116425e+02, 1.38809860e-01,
       3.35522675e+02, 3.35543945e+02, 3.97786528e-01, 1.49388184e+02,
       3.21792816e+02, 6.02311015e-01, 8.84090332e+02, 2.92419281e+02,
       6.29747272e-01, 8.42926819e+02, 3.17849731e+02, 6.65197521e-02,
       8.66424500e+02, 2.61035004e+02, 7.35522985e-01, 0., 0., 0.,
       1.12183006e+02, 3.80598053e+02, 4.25954700e-01, 1.16123940e+02,
       3.80511200e+02, 3.88095945e-01, 1.33683929e+02, 3.06179504e+02,
       5.50475836e-01, 0., 0., 0., 0., 0., 0., 0., 0., 0. ]
