%YAML:1.0
---
pose_0: !!opencv-matrix
   rows: 1
   cols: 25
   dt: "3f"
   data: [ 8.99808533e+02, 2.59176392e+02, 8.50574791e-01,
       7.84149719e+02, 2.76749329e+02, 6.61021531e-01, 7.78329285e+02,
       1.96410950e+02, 6.67638898e-01, 6.68584106e+02, 1.57253296e+02,
       6.48926735e-01, 5.45149170e+02, 1.63015854e+02, 7.73497522e-01,
       7.78314026e+02, 3.53212189e+02, 6.48908496e-01, 6.82259644e+02,
       4.13835693e+02, 7.94618249e-01, 5.72498352e+02, 4.72647827e+02,
       7.61083484e-01, 5.49063232e+02, 2.63031769e+02, 1.39653444e-01,
       5.47102173e+02, 2.17948624e+02, 2.74414033e-01, 4.70679901e+02,
       2.23849106e+02, 5.52539490e-02, 1.51341919e+02, 3.37442078e+02,
       2.05182120e-01, 5.39266296e+02, 3.37487183e+02, 1.34807125e-01,
       3.72727356e+02, 3.49213867e+02, 7.30026215e-02, 1.49390747e+02,
       3.33557587e+02, 2.03367263e-01, 9.03659302e+02, 2.43448486e+02,
       8.57939065e-01, 9.15354187e+02, 2.72899261e+02, 8.50470483e-01,
       8.72302551e+02, 2.27686676e+02, 6.34721041e-01, 8.99784912e+02,
       2.98272766e+02, 3.73700529e-01, 8.86945419e+01, 3.76658844e+02,
       7.23915100e-02, 0., 0., 0., 1.20043259e+02, 3.21778229e+02,
       1.57330975e-01, 1.02346481e+02, 3.82539124e+02, 1.26572356e-01,
       1.00449844e+02, 3.78621338e+02, 1.07335240e-01, 0., 0., 0. ]
