%YAML:1.0
---
pose_0: !!opencv-matrix
   rows: 1
   cols: 25
   dt: "3f"
   data: [ 9.46730347e+02, 2.39539673e+02, 8.10515523e-01,
       8.35063477e+02, 2.29735703e+02, 6.58986509e-01, 8.42905151e+02,
       1.47444382e+02, 6.39512122e-01, 7.09722168e+02, 8.46995010e+01,
       7.41832972e-01, 5.86341980e+02, 1.25864708e+02, 7.56125331e-01,
       8.19360291e+02, 3.10014435e+02, 6.25140607e-01, 6.95958801e+02,
       3.53184296e+02, 7.90826261e-01, 5.92147278e+02, 4.23674500e+02,
       7.28726745e-01, 5.68655640e+02, 2.64994507e+02, 1.15751155e-01,
       5.74515991e+02, 1.96415237e+02, 1.10067323e-01, 3.29651154e+02,
       3.55090515e+02, 2.06784993e-01, 1.57224670e+02, 4.09945190e+02,
       1.21460542e-01, 5.82352661e+02, 3.00249023e+02, 1.28130093e-01,
       3.33558258e+02, 3.55125336e+02, 2.07384497e-01, 1.47464447e+02,
       4.07997559e+02, 2.87879318e-01, 9.62317017e+02, 2.12018494e+02,
       8.84494007e-01, 9.64335693e+02, 2.47369156e+02, 8.02847683e-01,
       9.33090454e+02, 1.78699341e+02, 6.36173964e-01, 0., 0., 0.,
       1.00389969e+02, 3.98173126e+02, 1.55193388e-01, 1.02444710e+02,
       4.04068390e+02, 1.49971664e-01, 1.31713745e+02, 4.04067993e+02,
       1.72759071e-01, 0., 0., 0., 0., 0., 0., 0., 0., 0. ]
