%YAML:1.0
---
pose_0: !!opencv-matrix
   rows: 1
   cols: 25
   dt: "3f"
   data: [ 9.21276428e+02, 3.82518219e+02, 7.17040539e-01,
       8.09626831e+02, 3.68759766e+02, 6.69435322e-01, 8.19374512e+02,
       2.94369934e+02, 5.82175672e-01, 7.41053528e+02, 1.90509720e+02,
       5.41277885e-01, 7.09709717e+02, 2.10183884e+02, 8.20932865e-01,
       7.99822266e+02, 4.41269714e+02, 4.99022722e-01, 7.60662292e+02,
       4.76617584e+02, 2.88118482e-01, 0., 0., 0., 5.56892212e+02,
       3.72728088e+02, 1.20517038e-01, 5.41223511e+02, 3.35471039e+02,
       1.67506769e-01, 3.66839355e+02, 3.94290710e+02, 1.00076407e-01,
       0., 0., 0., 5.70615662e+02, 4.25649567e+02, 9.10502821e-02, 0.,
       0., 0., 0., 0., 0., 9.33067932e+02, 3.62951569e+02,
       7.50509977e-01, 9.35028625e+02, 3.96255249e+02, 7.02390134e-01,
       9.13444214e+02, 3.35485535e+02, 4.46071446e-01, 9.27128967e+02,
       4.13907196e+02, 8.43022466e-02, 0., 0., 0., 0., 0., 0., 0., 0.,
       0., 0., 0., 0., 0., 0., 0., 0., 0., 0. ]
