%YAML:1.0
---
pose_0: !!opencv-matrix
   rows: 1
   cols: 25
   dt: "3f"
   data: [ 9.01684082e+02, 3.84466339e+02, 8.28807712e-01,
       7.95880493e+02, 4.00122528e+02, 6.99526489e-01, 7.76364563e+02,
       3.31595123e+02, 7.34709918e-01, 6.64577881e+02, 2.92403351e+02,
       8.14329624e-01, 7.41015747e+02, 2.70804840e+02, 8.31756234e-01,
       8.11623596e+02, 4.72676117e+02, 6.09782040e-01, 6.78366577e+02,
       5.51026184e+02, 7.61885226e-01, 7.60696289e+02, 5.05925079e+02,
       7.89743543e-01, 5.41229553e+02, 4.00136047e+02, 3.32278609e-01,
       5.43199158e+02, 3.55075897e+02, 4.49262708e-01, 3.94245361e+02,
       3.49196869e+02, 7.22089559e-02, 0., 0., 0., 5.39228394e+02,
       4.47170410e+02, 3.51458579e-01, 3.51175079e+02, 4.53033630e+02,
       3.14962298e-01, 1.76841293e+02, 5.09869659e+02, 3.36352676e-01,
       9.11503601e+02, 3.66826904e+02, 8.66848588e-01, 9.17338074e+02,
       4.00089172e+02, 8.20423245e-01, 8.84036438e+02, 3.49234863e+02,
       7.22621560e-01, 9.09509277e+02, 4.25633667e+02, 4.28659022e-01,
       1.04324951e+02, 5.64698792e+02, 9.99416187e-02, 1.10196167e+02,
       5.66666077e+02, 1.00909397e-01, 1.55257294e+02, 5.07893127e+02,
       1.57349095e-01, 0., 0., 0., 0., 0., 0., 0., 0., 0. ]
