%YAML:1.0
---
pose_0: !!opencv-matrix
   rows: 1
   cols: 25
   dt: "3f"
   data: [ 9.01734985e+02, 1.84695114e+02, 8.17088842e-01,
       8.31171570e+02, 1.57211960e+02, 4.73207474e-01, 8.36948425e+02,
       1.02389442e+02, 6.69785559e-01, 7.91975647e+02, 2.08169144e+02,
       7.46139526e-01, 7.89979614e+02, 3.35494385e+02, 7.91608453e-01,
       8.15485779e+02, 1.92478867e+02, 2.66113818e-01, 7.74290833e+02,
       2.23862030e+02, 1.01620749e-01, 0., 0., 0., 6.07817078e+02,
       1.29805527e+02, 5.46580926e-02, 0., 0., 0., 0., 0., 0., 0., 0.,
       0., 0., 0., 0., 0., 0., 0., 0., 0., 0., 9.13494995e+02,
       1.63111389e+02, 8.92562270e-01, 9.19302246e+02, 1.96434616e+02,
       8.27633023e-01, 8.95839294e+02, 1.35686539e+02, 7.32452512e-01,
       9.07569336e+02, 2.14035553e+02, 9.63678285e-02, 0., 0., 0., 0.,
       0., 0., 0., 0., 0., 0., 0., 0., 0., 0., 0., 0., 0., 0. ]
