%YAML:1.0
---
pose_0: !!opencv-matrix
   rows: 1
   cols: 25
   dt: "3f"
   data: [ 8.86044617e+02, 3.70808716e+02, 7.48706579e-01,
       8.39030396e+02, 4.58945923e+02, 4.62277830e-01, 8.29209167e+02,
       4.29516693e+02, 2.67638236e-01, 0., 0., 0., 0., 0., 0.,
       8.52707153e+02, 4.94181061e+02, 4.39166427e-01, 7.31265869e+02,
       5.29467407e+02, 5.22775054e-02, 0., 0., 0., 5.88220398e+02,
       4.47168884e+02, 1.27186984e-01, 5.86255737e+02, 4.31504242e+02,
       1.71734557e-01, 5.23530518e+02, 4.08019684e+02, 7.52141625e-02,
       3.53151428e+02, 3.59013092e+02, 1.12909809e-01, 5.60827271e+02,
       5.05949005e+02, 6.01756349e-02, 0., 0., 0., 0., 0., 0.,
       8.99736877e+02, 3.57052032e+02, 1.07408255e-01, 9.11517578e+02,
       3.70843750e+02, 7.84713924e-01, 0., 0., 0., 9.23291687e+02,
       4.27551178e+02, 6.91572428e-01, 0., 0., 0., 0., 0., 0., 0., 0.,
       0., 0., 0., 0., 0., 0., 0., 0., 0., 0. ]
