%YAML:1.0
---
pose_0: !!opencv-matrix
   rows: 1
   cols: 25
   dt: "3f"
   data: [ 8.86099304e+02, 2.29706573e+02, 7.52045035e-01,
       7.93936768e+02, 2.43403244e+02, 7.25311995e-01, 7.90072205e+02,
       1.65113510e+02, 7.20134258e-01, 6.50947083e+02, 1.31730911e+02,
       7.76054800e-01, 5.70514709e+02, 1.29740417e+02, 8.03302109e-01,
       8.07725525e+02, 3.19895264e+02, 6.86685085e-01, 7.13573914e+02,
       3.61005005e+02, 8.03246140e-01, 6.72503906e+02, 3.06122467e+02,
       7.59654820e-01, 5.49055115e+02, 2.31669220e+02, 1.52354315e-01,
       5.39244385e+02, 1.98369904e+02, 2.25927755e-01, 3.64912933e+02,
       2.37537582e+02, 1.97134465e-01, 0., 0., 0., 5.49054993e+02,
       2.86529266e+02, 9.18250233e-02, 0., 0., 0., 0., 0., 0.,
       8.99719849e+02, 2.14086884e+02, 8.69567871e-01, 9.07557312e+02,
       2.53198166e+02, 7.47539639e-01, 8.76200378e+02, 1.96519028e+02,
       6.03779078e-01, 8.97799561e+02, 2.72900940e+02, 4.89631176e-01,
       0., 0., 0., 0., 0., 0., 0., 0., 0., 0., 0., 0., 0., 0., 0., 0.,
       0., 0. ]
