%YAML:1.0
---
pose_0: !!opencv-matrix
   rows: 1
   cols: 25
   dt: "3f"
   data: [ 8.64461243e+02, 1.47437073e+02, 7.98742890e-01,
       7.56732300e+02, 1.33691925e+02, 7.19780743e-01, 7.48871948e+02,
       5.13957405e+01, 6.64887547e-01, 6.49017944e+02, 5.33585405e+00,
       6.22245014e-01, 6.41158752e+02, 1.02384399e+02, 7.59360850e-01,
       7.46969543e+02, 2.14051743e+02, 6.44595504e-01, 6.33278931e+02,
       2.66920227e+02, 7.39041209e-01, 6.19605896e+02, 2.00359329e+02,
       6.76026344e-01, 5.88242920e+02, 1.41558456e+02, 1.48937345e-01,
       5.76468262e+02, 1.04332191e+02, 1.31338909e-01, 0., 0., 0., 0.,
       0., 0., 5.99994629e+02, 1.76834885e+02, 1.17028676e-01, 0., 0.,
       0., 0., 0., 0., 8.80101318e+02, 1.27804451e+02, 7.62705624e-01,
       8.76236938e+02, 1.57205246e+02, 7.50704110e-01, 8.52682312e+02,
       8.86406021e+01, 7.41391659e-01, 0., 0., 0., 0., 0., 0., 0., 0.,
       0., 0., 0., 0., 0., 0., 0., 0., 0., 0., 0., 0., 0. ]
