%YAML:1.0
---
pose_0: !!opencv-matrix
   rows: 2
   cols: 25
   dt: "3f"
   data: [ 9.03663452e+02, 2.37538498e+02, 6.50741339e-01,
       8.37007385e+02, 3.04134857e+02, 5.31655967e-01, 8.52690063e+02,
       3.13971252e+02, 3.26468498e-01, 7.25339478e+02, 2.88443695e+02,
       5.55910058e-02, 0., 0., 0., 8.50751648e+02, 3.11989777e+02,
       4.71152306e-01, 7.23439209e+02, 2.88433777e+02, 6.64931297e-01,
       6.35336365e+02, 2.10186356e+02, 7.07714796e-01, 6.37215515e+02,
       3.66887726e+02, 1.26542062e-01, 6.33297485e+02, 3.43350800e+02,
       8.12071860e-02, 0., 0., 0., 0., 0., 0., 6.19574768e+02,
       3.98224487e+02, 8.75666589e-02, 0., 0., 0., 0., 0., 0.,
       9.21286255e+02, 2.39521011e+02, 3.66699696e-01, 9.23230225e+02,
       2.55118973e+02, 7.58144140e-01, 0., 0., 0., 9.03656616e+02,
       3.08119965e+02, 7.94134796e-01, 0., 0., 0., 0., 0., 0., 0., 0.,
       0., 0., 0., 0., 0., 0., 0., 0., 0., 0., 0., 0., 0., 0., 0., 0.,
       0., 0., 0., 0., 0., 0., 0., 0., 0., 0., 0., 0., 0., 0., 0., 0.,
       0., 0., 0., 0., 0., 5.41219116e+02, 3.33527679e+02,
       9.81630683e-02, 2.90455841e+02, 2.74781006e+02, 3.13562542e-01,
       8.47495346e+01, 4.23667969e+02, 1.17078640e-01, 0., 0., 0., 0.,
       0., 0., 0., 0., 0., 0., 0., 0., 0., 0., 0., 0., 0., 0., 0., 0.,
       0., 0., 0., 0., 0., 0., 0., 0., 0., 0., 0., 0., 0., 0., 0., 0.,
       0., 0., 0. ]
