%YAML:1.0
---
pose_0: !!opencv-matrix
   rows: 1
   cols: 25
   dt: "3f"
   data: [ 9.31115662e+02, 1.98403580e+02, 8.54850292e-01,
       8.17450134e+02, 1.92470215e+02, 6.69021606e-01, 8.21373718e+02,
       1.04318237e+02, 6.67947590e-01, 6.92025513e+02, 4.94984932e+01,
       6.98735595e-01, 6.01864990e+02, 1.10220909e+02, 7.69446492e-01,
       8.03694092e+02, 2.68932465e+02, 6.23340249e-01, 6.82243469e+02,
       3.06144531e+02, 7.84724593e-01, 5.72512268e+02, 3.74710938e+02,
       7.52550483e-01, 5.62771240e+02, 2.10140106e+02, 1.73409939e-01,
       5.49049316e+02, 1.63097549e+02, 1.99437976e-01, 3.53162750e+02,
       1.67072128e+02, 1.56002179e-01, 0., 0., 0., 5.80389160e+02,
       2.57107941e+02, 2.05279142e-01, 3.82531525e+02, 3.23800690e+02,
       1.17744684e-01, 0., 0., 0., 9.44718323e+02, 1.74865280e+02,
       8.23006630e-01, 9.48677673e+02, 2.12023209e+02, 8.56203437e-01,
       9.15349670e+02, 1.41544083e+02, 6.74686491e-01, 0., 0., 0., 0.,
       0., 0., 0., 0., 0., 0., 0., 0., 0., 0., 0., 0., 0., 0., 0., 0.,
       0. ]
