%YAML:1.0
---
pose_0: !!opencv-matrix
   rows: 1
   cols: 25
   dt: "3f"
   data: [ 1.07416492e+03, 1.69019409e+02, 6.38461351e-01,
       9.15369446e+02, 1.88558502e+02, 3.45752001e-01, 8.80148682e+02,
       1.02336693e+02, 2.77492553e-01, 7.13652771e+02, 5.53162346e+01,
       5.84800124e-01, 5.80362976e+02, 3.37591820e+01, 7.35214353e-01,
       9.34979858e+02, 2.59153839e+02, 2.77548641e-01, 8.84099854e+02,
       3.72775970e+02, 6.11015916e-01, 1.04472949e+03, 2.59120361e+02,
       3.79951596e-01, 6.27420227e+02, 2.14048264e+02, 5.19696064e-02,
       0., 0., 0., 0., 0., 0., 0., 0., 0., 6.48964111e+02,
       2.74776031e+02, 5.74718006e-02, 3.06111938e+02, 3.23741852e+02,
       1.39749184e-01, 1.47448456e+02, 3.66808746e+02, 1.58922240e-01,
       1.08192932e+03, 1.45476166e+02, 6.23570144e-01, 1.10344385e+03,
       1.88594421e+02, 6.41220987e-01, 1.05254919e+03, 1.20027702e+02,
       1.60513505e-01, 1.09566125e+03, 2.25846481e+02, 1.59126088e-01,
       0., 0., 0., 0., 0., 0., 1.35661163e+02, 3.68811676e+02,
       7.82674551e-02, 0., 0., 0., 0., 0., 0., 0., 0., 0. ]
