%YAML:1.0
---
pose_0: !!opencv-matrix
   rows: 1
   cols: 25
   dt: "3f"
   data: [ 8.70303955e+02, 1.49458725e+02, 7.76123524e-01,
       7.97861694e+02, 2.04243973e+02, 3.02274436e-01, 7.78277588e+02,
       1.63083984e+02, 1.09157078e-01, 0., 0., 0., 0., 0., 0.,
       8.17436768e+02, 2.45382034e+02, 3.34943116e-01, 9.11456299e+02,
       2.55167908e+02, 7.60873079e-01, 9.33077576e+02, 1.80706619e+02,
       5.44075370e-01, 0., 0., 0., 0., 0., 0., 0., 0., 0., 0., 0., 0.,
       0., 0., 0., 0., 0., 0., 0., 0., 0., 8.42965942e+02,
       1.47443298e+02, 6.32077456e-01, 8.84105286e+02, 1.49444366e+02,
       5.69118738e-01, 8.07730042e+02, 1.61153900e+02, 1.72048286e-01,
       0., 0., 0., 0., 0., 0., 0., 0., 0., 0., 0., 0., 0., 0., 0., 0.,
       0., 0., 0., 0., 0. ]
