%YAML:1.0
---
pose_0: !!opencv-matrix
   rows: 1
   cols: 25
   dt: "3f"
   data: [ 9.05642273e+02, 3.37398529e+02, 8.02296758e-01,
       8.05749695e+02, 2.88554199e+02, 6.62838042e-01, 8.25274719e+02,
       2.27721542e+02, 6.19381011e-01, 7.09704651e+02, 1.61173187e+02,
       7.06261158e-01, 5.60838074e+02, 1.68959641e+02, 2.80981839e-01,
       7.86072693e+02, 3.39464142e+02, 5.61799288e-01, 6.94057678e+02,
       3.84472015e+02, 5.50218344e-01, 6.86207764e+02, 4.15856354e+02,
       5.71494460e-01, 5.72559387e+02, 2.88467957e+02, 1.81081548e-01,
       5.58851440e+02, 2.59122559e+02, 1.44607976e-01, 3.88403137e+02,
       3.64868622e+02, 7.52791166e-02, 0., 0., 0., 5.80402344e+02,
       3.10047089e+02, 1.08244978e-01, 3.23749054e+02, 3.51163208e+02,
       2.75962532e-01, 1.35713181e+02, 3.19854645e+02, 2.74071693e-01,
       9.23260742e+02, 3.08068054e+02, 7.44534254e-01, 9.23238708e+02,
       3.47277222e+02, 7.16418982e-01, 9.09514038e+02, 2.68930298e+02,
       6.70982122e-01, 0., 0., 0., 1.25873421e+02, 2.68910553e+02,
       1.55214369e-01, 1.23935707e+02, 2.72881866e+02, 1.61260262e-01,
       1.16121277e+02, 3.33566681e+02, 1.54376462e-01, 0., 0., 0., 0.,
       0., 0., 0., 0., 0. ]
