%YAML:1.0
---
pose_0: !!opencv-matrix
   rows: 1
   cols: 25
   dt: "3f"
   data: [ 8.72386169e+02, 3.90344177e+02, 7.50358164e-01,
       7.74376709e+02, 4.35419617e+02, 6.36195183e-01, 7.35189453e+02,
       4.00113617e+02, 4.80710119e-01, 6.11725342e+02, 4.23650909e+02,
       2.38453791e-01, 5.56891174e+02, 4.29560669e+02, 1.08121835e-01,
       8.05759644e+02, 4.78596069e+02, 7.15388179e-01, 7.58622864e+02,
       5.84273560e+02, 8.01944017e-01, 7.62604919e+02, 4.51097046e+02,
       7.91553140e-01, 5.70611511e+02, 4.92252075e+02, 1.84953511e-01,
       5.43174316e+02, 4.47222931e+02, 2.76546001e-01, 3.51210083e+02,
       4.29586029e+02, 1.65137067e-01, 0., 0., 0., 5.99982056e+02,
       5.35331726e+02, 1.48108289e-01, 3.39476410e+02, 5.56883118e+02,
       1.25827923e-01, 0., 0., 0., 8.83968323e+02, 3.76662384e+02,
       8.20972919e-01, 8.84124756e+02, 4.04102844e+02, 8.06645513e-01,
       8.54737610e+02, 3.68766663e+02, 3.82896572e-01, 8.70427490e+02,
       4.31454956e+02, 6.67607665e-01, 0., 0., 0., 0., 0., 0., 0., 0.,
       0., 0., 0., 0., 0., 0., 0., 0., 0., 0. ]
