%YAML:1.0
---
pose_0: !!opencv-matrix
   rows: 1
   cols: 25
   dt: "3f"
   data: [ 8.70345520e+02, 3.51180725e+02, 8.40401590e-01,
       7.72394043e+02, 2.80686035e+02, 5.17383873e-01, 7.88010376e+02,
       2.53228897e+02, 6.61399722e-01, 6.60710693e+02, 2.12095444e+02,
       7.35927999e-01, 5.70602844e+02, 3.17827850e+02, 7.68453836e-01,
       7.43010071e+02, 3.13988953e+02, 2.34516695e-01, 0., 0., 0., 0.,
       0., 0., 6.17626709e+02, 2.66924438e+02, 5.57758771e-02,
       6.05854065e+02, 2.27734039e+02, 6.70736730e-02, 5.09904266e+02,
       1.94399963e+02, 7.15999901e-02, 0., 0., 0., 0., 0., 0., 0., 0.,
       0., 0., 0., 0., 8.86012024e+02, 3.31603088e+02, 8.46670032e-01,
       0., 0., 0., 8.72330872e+02, 2.86529724e+02, 8.33459914e-01, 0.,
       0., 0., 0., 0., 0., 0., 0., 0., 0., 0., 0., 0., 0., 0., 0., 0.,
       0., 0., 0., 0. ]
