%YAML:1.0
---
pose_0: !!opencv-matrix
   rows: 1
   cols: 25
   dt: "3f"
   data: [ 9.33121948e+02, 2.59162140e+02, 8.28981400e-01,
       8.23303223e+02, 2.64958191e+02, 6.58938110e-01, 8.17470947e+02,
       1.78752731e+02, 6.53947592e-01, 7.07709534e+02, 1.16147118e+02,
       7.76863456e-01, 6.29400085e+02, 1.35742920e+02, 7.56717920e-01,
       8.31155823e+02, 3.51237366e+02, 6.46579742e-01, 7.41029236e+02,
       4.47239960e+02, 7.96952069e-01, 7.23433472e+02, 3.72742645e+02,
       7.67873526e-01, 5.99977417e+02, 2.80667603e+02, 2.74678469e-01,
       5.96083313e+02, 2.35583099e+02, 3.12284082e-01, 3.96238281e+02,
       2.37527252e+02, 1.67727575e-01, 0., 0., 0., 6.07822632e+02,
       3.23777344e+02, 2.49925643e-01, 3.80565552e+02, 3.21769989e+02,
       9.12806094e-02, 3.57058289e+02, 3.13953522e+02, 7.36965537e-02,
       9.44776001e+02, 2.39432190e+02, 7.88149595e-01, 9.48749329e+02,
       2.72842621e+02, 8.18891764e-01, 9.15463196e+02, 2.12118027e+02,
       5.73383212e-01, 9.40880127e+02, 2.90404755e+02, 1.63742751e-01,
       0., 0., 0., 0., 0., 0., 0., 0., 0., 0., 0., 0., 0., 0., 0., 0.,
       0., 0. ]
