%YAML:1.0
---
pose_0: !!opencv-matrix
   rows: 2
   cols: 25
   dt: "3f"
   data: [ 9.17422485e+02, 3.70749359e+02, 7.09594071e-01,
       8.62540283e+02, 2.76741974e+02, 4.71827507e-01, 8.66441467e+02,
       2.74781036e+02, 7.24194884e-01, 7.56685425e+02, 3.49209076e+02,
       7.48839140e-01, 8.03687988e+02, 4.45149750e+02, 8.50875080e-01,
       0., 0., 0., 0., 0., 0., 0., 0., 0., 5.41186462e+02,
       2.80651825e+02, 3.00990820e-01, 5.39236084e+02, 2.55189285e+02,
       3.24872762e-01, 2.88465271e+02, 3.35519196e+02, 1.81299895e-01,
       1.47446304e+02, 3.06078186e+02, 2.44962901e-01, 5.33368164e+02,
       3.11994019e+02, 2.48493999e-01, 3.29621948e+02, 3.51179352e+02,
       2.52986908e-01, 1.53312576e+02, 3.06135498e+02, 1.98051125e-01,
       9.35028259e+02, 3.64872040e+02, 7.45084167e-01, 0., 0., 0.,
       9.44800964e+02, 3.19843140e+02, 8.59209538e-01, 0., 0., 0., 0.,
       0., 0., 0., 0., 0., 0., 0., 0., 8.66877136e+01, 3.19842041e+02,
       9.60097238e-02, 8.86444855e+01, 3.19808380e+02, 9.18266922e-02,
       0., 0., 0., 0., 0., 0., 0., 0., 0., 0., 0., 0., 0., 0., 0., 0.,
       0., 0., 8.68350220e+02, 2.70875641e+02, 2.71374583e-01,
       6.95970215e+02, 3.49210846e+02, 5.05115628e-01, 7.48870117e+02,
       4.39318298e+02, 7.22194612e-01, 0., 0., 0., 0., 0., 0., 0., 0.,
       0., 0., 0., 0., 0., 0., 0., 0., 0., 0., 0., 0., 0., 0., 0., 0.,
       0., 0., 0., 0., 0., 0., 0., 0., 0., 0., 0., 0., 0., 0., 0., 0.,
       0., 0., 0., 0., 0., 0., 0., 0., 0., 0., 0. ]
