%YAML:1.0
---
pose_0: !!opencv-matrix
   rows: 1
   cols: 25
   dt: "3f"
   data: [ 9.13448730e+02, 3.04175690e+02, 8.55462074e-01,
       8.27260681e+02, 2.61052460e+02, 5.41196823e-01, 8.37024353e+02,
       2.27804062e+02, 7.17002869e-01, 7.97855469e+02, 3.21796875e+02,
       7.65671074e-01, 7.99826111e+02, 4.29582458e+02, 8.06449175e-01,
       8.17450806e+02, 2.88492035e+02, 2.81848788e-01, 6.68536804e+02,
       3.37472839e+02, 2.54158080e-01, 6.31361938e+02, 4.08008667e+02,
       2.61326820e-01, 6.19578369e+02, 2.59145569e+02, 2.26625279e-01,
       6.13691650e+02, 2.78692902e+02, 2.37465531e-01, 4.31514191e+02,
       3.37534332e+02, 1.66162163e-01, 0., 0., 0., 6.25456177e+02,
       2.39498657e+02, 1.47273809e-01, 4.15853790e+02, 3.21820374e+02,
       5.56915030e-02, 0., 0., 0., 9.17352966e+02, 2.82639801e+02,
       8.59993279e-01, 9.29074463e+02, 3.06110382e+02, 7.78113306e-01,
       8.91892822e+02, 2.49318634e+02, 7.04921365e-01, 0., 0., 0., 0.,
       0., 0., 0., 0., 0., 0., 0., 0., 0., 0., 0., 0., 0., 0., 0., 0.,
       0. ]
