%YAML:1.0
---
pose_0: !!opencv-matrix
   rows: 1
   cols: 25
   dt: "3f"
   data: [ 9.33081909e+02, 2.90464417e+02, 8.19570780e-01,
       8.33120178e+02, 3.47284119e+02, 6.65530384e-01, 8.09642578e+02,
       2.90441101e+02, 5.98186910e-01, 7.23408936e+02, 2.96310211e+02,
       9.38578546e-02, 0., 0., 0., 8.44903870e+02, 4.02135345e+02,
       6.49637401e-01, 7.09718750e+02, 4.56955994e+02, 7.14932799e-01,
       5.88220032e+02, 3.92345734e+02, 8.23149741e-01, 5.25511841e+02,
       3.72732910e+02, 3.04354936e-01, 5.27516602e+02, 3.31608551e+02,
       3.05373937e-01, 3.57090668e+02, 3.19845215e+02, 4.70101357e-01,
       1.80789185e+02, 3.98263580e+02, 4.50873315e-01, 5.27511963e+02,
       4.13820435e+02, 3.22534740e-01, 3.61002136e+02, 4.29541595e+02,
       5.13757765e-01, 1.47455185e+02, 4.72678986e+02, 3.34468961e-01,
       9.46745911e+02, 2.84541748e+02, 7.59597719e-01, 9.50662292e+02,
       3.08160126e+02, 8.50641131e-01, 0., 0., 0., 9.33102417e+02,
       3.53191162e+02, 7.63503015e-01, 6.91004944e+01, 4.60881805e+02,
       2.59226620e-01, 7.88473740e+01, 4.68736176e+02, 2.39715129e-01,
       1.35692459e+02, 4.76583527e+02, 1.51305079e-01, 1.63089050e+02,
       3.94286407e+02, 1.51960909e-01, 1.61153564e+02, 3.84481873e+02,
       1.99809775e-01, 1.74850250e+02, 4.13849304e+02, 3.32721859e-01 ]
