%YAML:1.0
---
pose_0: !!opencv-matrix
   rows: 1
   cols: 25
   dt: "3f"
   data: [ 1.03296655e+03, 2.55182678e+02, 6.41841888e-01,
       8.99672302e+02, 2.59071899e+02, 5.21633685e-01, 8.97739258e+02,
       1.63106354e+02, 5.27375758e-01, 7.44972656e+02, 1.06318932e+02,
       3.38203043e-01, 6.19632446e+02, 1.20072372e+02, 2.43756071e-01,
       8.99679443e+02, 3.51160400e+02, 5.21554530e-01, 7.54742920e+02,
       4.25616486e+02, 5.84361196e-01, 6.01926025e+02, 4.33446625e+02,
       6.89187229e-01, 0., 0., 0., 0., 0., 0., 0., 0., 0., 0., 0., 0.,
       0., 0., 0., 0., 0., 0., 0., 0., 0., 1.05253943e+03,
       2.25756699e+02, 7.01412141e-01, 1.04866895e+03, 2.74759552e+02,
       7.41979122e-01, 1.02315198e+03, 1.90492966e+02, 4.09661502e-01,
       1.02712366e+03, 3.04244110e+02, 6.91239908e-02, 0., 0., 0., 0.,
       0., 0., 0., 0., 0., 0., 0., 0., 0., 0., 0., 0., 0., 0. ]
