%YAML:1.0
---
pose_0: !!opencv-matrix
   rows: 1
   cols: 25
   dt: "3f"
   data: [ 9.15420227e+02, 3.51114716e+02, 8.02980721e-01,
       8.35042297e+02, 2.63011475e+02, 3.95959646e-01, 8.37113464e+02,
       2.61039337e+02, 7.13945329e-01, 7.52832520e+02, 3.15918884e+02,
       6.75662518e-01, 7.11662170e+02, 4.39364288e+02, 7.85319746e-01,
       8.29202332e+02, 2.45382797e+02, 2.03851536e-01, 0., 0., 0., 0.,
       0., 0., 5.43183655e+02, 2.43450897e+02, 1.12557538e-01,
       5.51018250e+02, 2.57137299e+02, 1.21694118e-01, 3.64894531e+02,
       3.47277130e+02, 2.42620006e-01, 1.45418610e+02, 3.04183960e+02,
       2.42890745e-01, 5.45135254e+02, 2.31681732e+02, 1.00983232e-01,
       2.90450836e+02, 2.41478516e+02, 1.26384690e-01, 9.25851212e+01,
       2.39519424e+02, 1.80956855e-01, 9.31034424e+02, 3.33579498e+02,
       8.20886254e-01, 0., 0., 0., 9.17339844e+02, 2.80692322e+02,
       8.45848024e-01, 0., 0., 0., 0., 0., 0., 0., 0., 0., 0., 0., 0.,
       1.16065331e+02, 3.90353851e+02, 1.60267666e-01, 1.16057396e+02,
       3.84527649e+02, 1.33834511e-01, 1.14119537e+02, 2.88452484e+02,
       1.65038466e-01 ]
