%YAML:1.0
---
pose_0: !!opencv-matrix
   rows: 1
   cols: 25
   dt: "3f"
   data: [ 8.70344299e+02, 2.25717194e+02, 8.78502011e-01,
       8.38987000e+02, 3.02150787e+02, 5.06751537e-01, 8.44898682e+02,
       3.00228271e+02, 2.94357687e-01, 7.13653137e+02, 2.74799408e+02,
       1.14463940e-01, 0., 0., 0., 8.48805908e+02, 3.04212097e+02,
       6.52429044e-01, 7.27361755e+02, 2.76758820e+02, 5.34239829e-01,
       7.19521851e+02, 1.94408279e+02, 1.97140932e-01, 6.62669189e+02,
       3.51177979e+02, 7.37020001e-02, 0., 0., 0., 0., 0., 0., 0., 0.,
       0., 6.64635071e+02, 3.80574249e+02, 5.82192950e-02,
       3.00224579e+02, 2.88527893e+02, 2.44212836e-01, 9.25758286e+01,
       4.09928497e+02, 3.21378797e-01, 8.82042175e+02, 2.14080750e+02,
       4.40980256e-01, 8.91879639e+02, 2.27671799e+02, 8.88745189e-01,
       0., 0., 0., 9.03736389e+02, 2.86491333e+02, 8.10107827e-01,
       4.94831047e+01, 4.35416290e+02, 1.53340697e-01, 5.53365784e+01,
       4.41303253e+02, 1.89650342e-01, 6.51533279e+01, 4.15807922e+02,
       2.19578877e-01, 0., 0., 0., 0., 0., 0., 0., 0., 0. ]
