%YAML:1.0
---
pose_0: !!opencv-matrix
   rows: 1
   cols: 25
   dt: "3f"
   data: [ 9.95695557e+02, 2.92417053e+02, 4.97344583e-01,
       8.99702332e+02, 3.19839935e+02, 5.40670216e-01, 9.23225830e+02,
       2.61094818e+02, 2.55436689e-01, 8.66456482e+02, 1.92527069e+02,
       7.33648241e-01, 9.31093872e+02, 2.64997894e+02, 6.60458982e-01,
       8.95817688e+02, 3.68803711e+02, 4.42006618e-01, 8.86034851e+02,
       4.27618134e+02, 7.47402847e-01, 9.64438293e+02, 3.66831940e+02,
       7.84034491e-01, 7.17539368e+02, 3.21801178e+02, 9.22003090e-02,
       6.95990601e+02, 2.90436218e+02, 8.66864994e-02, 6.50915710e+02,
       3.19854156e+02, 6.19092546e-02, 0., 0., 0., 0., 0., 0., 0., 0.,
       0., 0., 0., 0., 1.00936011e+03, 2.72867493e+02, 7.21776843e-01,
       1.02120013e+03, 3.13976776e+02, 4.80239272e-01, 9.82026062e+02,
       2.59037811e+02, 2.12115511e-01, 1.01338373e+03, 3.45332245e+02,
       1.96517453e-01, 0., 0., 0., 0., 0., 0., 0., 0., 0., 0., 0., 0.,
       0., 0., 0., 0., 0., 0. ]
