%YAML:1.0
---
pose_0: !!opencv-matrix
   rows: 1
   cols: 25
   dt: "3f"
   data: [ 1.06238257e+03, 3.92328674e+02, 5.35297215e-01,
       9.42839478e+02, 3.39444275e+02, 3.74636650e-01, 9.56568237e+02,
       2.66925842e+02, 3.20895314e-01, 9.03646362e+02, 2.27757202e+02,
       2.04155877e-01, 8.23290283e+02, 1.67063858e+02, 1.31887928e-01,
       9.21275269e+02, 4.11905548e+02, 3.44111919e-01, 7.52815186e+02,
       5.15773132e+02, 6.18254662e-01, 6.82207947e+02, 6.13669495e+02,
       6.81066334e-01, 0., 0., 0., 0., 0., 0., 0., 0., 0., 0., 0., 0.,
       0., 0., 0., 0., 0., 0., 0., 0., 0., 1.08978564e+03,
       3.49186401e+02, 6.48880839e-01, 1.08787207e+03, 4.00218353e+02,
       5.53167105e-01, 1.07409851e+03, 3.06131866e+02, 5.31591415e-01,
       0., 0., 0., 0., 0., 0., 0., 0., 0., 0., 0., 0., 0., 0., 0., 0.,
       0., 0., 0., 0., 0. ]
