%YAML:1.0
---
pose_0: !!opencv-matrix
   rows: 1
   cols: 25
   dt: "3f"
   data: [ 9.01722900e+02, 2.08143341e+02, 7.95558155e-01,
       7.88059814e+02, 2.12043686e+02, 6.77629709e-01, 7.76276611e+02,
       1.31795578e+02, 7.01225638e-01, 6.56807922e+02, 9.06325302e+01,
       6.73104942e-01, 5.70672852e+02, 8.67977982e+01, 8.28084052e-01,
       7.90001404e+02, 2.98258728e+02, 6.20493174e-01, 6.76392029e+02,
       3.21838013e+02, 5.79149067e-01, 5.58857971e+02, 3.29665009e+02,
       5.15286744e-01, 5.70582092e+02, 2.27750015e+02, 2.07218423e-01,
       5.47107727e+02, 1.74883942e+02, 2.34943658e-01, 0., 0., 0., 0.,
       0., 0., 5.86293274e+02, 2.76715393e+02, 2.47059897e-01, 0., 0.,
       0., 0., 0., 0., 9.05636963e+02, 1.80846832e+02, 8.20087731e-01,
       9.15367676e+02, 2.17982529e+02, 7.36374378e-01, 8.72345581e+02,
       1.61131393e+02, 6.35118961e-01, 8.99732300e+02, 2.39464630e+02,
       3.25821906e-01, 0., 0., 0., 0., 0., 0., 0., 0., 0., 0., 0., 0.,
       0., 0., 0., 0., 0., 0. ]
