%YAML:1.0
---
pose_0: !!opencv-matrix
   rows: 1
   cols: 25
   dt: "3f"
   data: [ 1.02506421e+03, 2.29775497e+02, 7.57441044e-01,
       9.03691040e+02, 2.43416229e+02, 4.07909930e-01, 8.91895081e+02,
       1.47438354e+02, 3.87481183e-01, 9.42853699e+02, 1.61477509e+01,
       3.23118657e-01, 1.07802283e+03, 1.18020195e+02, 4.48536068e-01,
       8.95815063e+02, 3.06126770e+02, 3.19876194e-01, 8.85983215e+02,
       4.78569458e+02, 3.38873327e-01, 0., 0., 0., 0., 0., 0., 0., 0.,
       0., 0., 0., 0., 0., 0., 0., 0., 0., 0., 0., 0., 0., 0., 0., 0.,
       1.03876038e+03, 1.98343185e+02, 7.87750363e-01, 1.04668726e+03,
       2.43443283e+02, 7.67767429e-01, 1.00551709e+03, 1.67006927e+02,
       3.97039592e-01, 0., 0., 0., 0., 0., 0., 0., 0., 0., 0., 0., 0.,
       0., 0., 0., 0., 0., 0., 0., 0., 0. ]
