%YAML:1.0
---
pose_0: !!opencv-matrix
   rows: 1
   cols: 25
   dt: "3f"
   data: [ 8.70429932e+02, 2.25843765e+02, 4.01708245e-01,
       7.78308594e+02, 2.98305786e+02, 4.83372062e-01, 7.62595154e+02,
       2.74796997e+02, 1.24610789e-01, 0., 0., 0., 0., 0., 0.,
       7.91966919e+02, 3.21818054e+02, 5.41415513e-01, 7.13626648e+02,
       1.68970367e+02, 7.31977642e-01, 8.09587830e+02, 1.65154327e+02,
       8.28996539e-01, 5.60830627e+02, 3.66819794e+02, 1.54794812e-01,
       5.56880493e+02, 3.25716461e+02, 1.64062992e-01, 3.33526428e+02,
       2.98267090e+02, 3.12084019e-01, 1.47466278e+02, 3.13990448e+02,
       5.07498443e-01, 5.51007568e+02, 3.98222870e+02, 1.54377714e-01,
       3.66900696e+02, 4.74617065e+02, 3.92069101e-01, 2.25757004e+02,
       5.96050964e+02, 3.46984506e-01, 8.84077393e+02, 2.29735657e+02,
       1.26468495e-01, 8.82092102e+02, 2.45387772e+02, 4.60953474e-01,
       0., 0., 0., 8.58580078e+02, 2.90513763e+02, 8.07444513e-01,
       1.47455780e+02, 5.86328247e+02, 1.21595576e-01, 1.57212326e+02,
       5.99942749e+02, 1.34395972e-01, 2.12102478e+02, 6.15659058e+02,
       2.69225836e-01, 1.31706726e+02, 3.39413208e+02, 8.36311579e-02,
       1.27810654e+02, 3.35418304e+02, 9.08999741e-02, 1.33697784e+02,
       3.21808838e+02, 3.12732339e-01 ]
