%YAML:1.0
---
pose_0: !!opencv-matrix
   rows: 1
   cols: 25
   dt: "3f"
   data: [ 9.78126099e+02, 2.31677917e+02, 7.59567499e-01,
       8.48808655e+02, 2.47357620e+02, 5.92464387e-01, 8.23334045e+02,
       1.67066101e+02, 5.44216573e-01, 7.44972168e+02, 1.35719391e+02,
       3.52644801e-01, 6.97901123e+02, 1.16041252e+02, 6.49001241e-01,
       8.66417786e+02, 3.35445648e+02, 5.31452179e-01, 7.90029785e+02,
       4.68730072e+02, 8.17215621e-01, 8.27236206e+02, 3.33509216e+02,
       7.32337534e-01, 6.17613647e+02, 2.96333130e+02, 1.11275129e-01,
       5.96073181e+02, 2.61061188e+02, 1.03031524e-01, 0., 0., 0., 0.,
       0., 0., 6.33303162e+02, 3.41378265e+02, 9.44250971e-02,
       4.84415283e+02, 3.31594269e+02, 6.25958443e-02, 3.06144958e+02,
       3.51149506e+02, 2.05813706e-01, 9.91757385e+02, 2.10107605e+02,
       7.41025627e-01, 9.93715210e+02, 2.51240509e+02, 7.31104016e-01,
       9.58489319e+02, 1.76797989e+02, 4.38322276e-01, 9.74184204e+02,
       2.74842560e+02, 1.71773314e-01, 0., 0., 0., 0., 0., 0.,
       3.02217072e+02, 3.51221588e+02, 1.44823939e-01, 0., 0., 0., 0.,
       0., 0., 0., 0., 0. ]
