%YAML:1.0
---
pose_0: !!opencv-matrix
   rows: 1
   cols: 25
   dt: "3f"
   data: [ 9.03658691e+02, 3.98113464e+02, 8.25527132e-01,
       7.84169128e+02, 3.98223053e+02, 6.60640478e-01, 7.78251770e+02,
       3.13959564e+02, 6.32630050e-01, 6.64693176e+02, 2.31682755e+02,
       7.88018823e-01, 7.27386780e+02, 2.66909821e+02, 7.85228133e-01,
       7.76382507e+02, 4.78465027e+02, 5.93284905e-01, 6.62706909e+02,
       5.35367065e+02, 7.56273508e-01, 7.74350952e+02, 5.23596863e+02,
       8.19030941e-01, 5.25570313e+02, 4.13874146e+02, 2.14308441e-01,
       5.37306274e+02, 3.66834381e+02, 2.47067988e-01, 3.37437225e+02,
       3.57055206e+02, 3.07633251e-01, 2.33625534e+02, 3.35462952e+02,
       6.44807220e-02, 5.23580322e+02, 4.56979858e+02, 2.52851158e-01,
       3.76633667e+02, 4.86385498e+02, 4.80600357e-01, 1.80751877e+02,
       5.29475159e+02, 3.43944639e-01, 9.15332214e+02, 3.78636353e+02,
       8.53579998e-01, 9.13482300e+02, 4.11952728e+02, 7.70060897e-01,
       8.84111633e+02, 3.57039520e+02, 6.26808345e-01, 8.99705688e+02,
       4.33492065e+02, 2.33187571e-01, 1.25880775e+02, 5.70591980e+02,
       1.88170016e-01, 1.31759918e+02, 5.70621643e+02, 2.21503049e-01,
       1.53316208e+02, 5.25543884e+02, 1.61751360e-01, 0., 0., 0., 0.,
       0., 0., 0., 0., 0. ]
