%YAML:1.0
---
pose_0: !!opencv-matrix
   rows: 1
   cols: 25
   dt: "3f"
   data: [ 1.04081152e+03, 2.10169174e+02, 6.42569721e-01,
       9.17362122e+02, 2.27789902e+02, 2.68080115e-01, 9.17381897e+02,
       1.12166328e+02, 1.21111676e-01, 9.97710571e+02, 5.34438753e+00,
       2.17174768e-01, 1.12502979e+03, 8.67717743e+01, 2.97265053e-01,
       8.97779480e+02, 3.17869995e+02, 3.63530904e-01, 9.74182678e+02,
       4.66815887e+02, 6.55975163e-01, 1.08976404e+03, 3.39412506e+02,
       6.27988219e-01, 0., 0., 0., 0., 0., 0., 0., 0., 0., 0., 0., 0.,
       0., 0., 0., 0., 0., 0., 0., 0., 0., 1.05638574e+03,
       1.80831863e+02, 7.27111340e-01, 1.06821777e+03, 2.27832169e+02,
       7.42639005e-01, 1.04863489e+03, 1.57226166e+02, 1.63336232e-01,
       1.03687952e+03, 2.61109283e+02, 1.28191844e-01, 0., 0., 0., 0.,
       0., 0., 0., 0., 0., 0., 0., 0., 0., 0., 0., 0., 0., 0. ]
