%YAML:1.0
---
pose_0: !!opencv-matrix
   rows: 1
   cols: 25
   dt: "3f"
   data: [ 1.05061975e+03, 3.59009918e+02, 6.99139953e-01,
       9.33048645e+02, 3.21798523e+02, 4.54340458e-01, 9.38945862e+02,
       2.23850632e+02, 4.94747400e-01, 7.88069580e+02, 1.63152405e+02,
       5.06828427e-01, 6.13727966e+02, 1.12127991e+02, 7.72236705e-01,
       9.13414673e+02, 4.15843567e+02, 4.13088620e-01, 7.82184875e+02,
       4.84405853e+02, 4.91818100e-01, 6.11766724e+02, 6.15606445e+02,
       4.56275225e-01, 6.19589783e+02, 4.49140137e+02, 6.25646561e-02,
       0., 0., 0., 0., 0., 0., 0., 0., 0., 0., 0., 0., 0., 0., 0., 0.,
       0., 0., 1.08195947e+03, 3.33488525e+02, 7.71848440e-01,
       1.07411780e+03, 3.82563507e+02, 7.59009480e-01, 1.06434070e+03,
       2.90395020e+02, 5.92962384e-01, 1.08776672e+03, 4.09991119e+02,
       6.73621297e-02, 0., 0., 0., 0., 0., 0., 0., 0., 0., 0., 0., 0.,
       0., 0., 0., 0., 0., 0. ]
