%YAML:1.0
---
pose_0: !!opencv-matrix
   rows: 1
   cols: 25
   dt: "3f"
   data: [ 9.64442627e+02, 2.04271317e+02, 6.81594253e-01,
       8.39001038e+02, 2.45362076e+02, 5.90595901e-01, 8.66390198e+02,
       2.98273651e+02, 3.74194950e-01, 7.07762085e+02, 3.70782074e+02,
       5.18101931e-01, 5.45150940e+02, 3.88432159e+02, 4.79620576e-01,
       8.66420715e+02, 3.04113892e+02, 2.37567991e-01, 7.13565308e+02,
       3.70814911e+02, 2.75515467e-01, 5.41213989e+02, 3.90388458e+02,
       1.78984895e-01, 5.39268982e+02, 2.33641953e+02, 2.00715721e-01,
       5.23586731e+02, 2.37568146e+02, 1.70221001e-01, 3.51162140e+02,
       3.82574127e+02, 1.05620727e-01, 0., 0., 0., 5.47090088e+02,
       2.16028824e+02, 1.52551726e-01, 0., 0., 0., 0., 0., 0.,
       9.78082275e+02, 1.92499908e+02, 6.09882236e-01, 9.78109802e+02,
       2.21882401e+02, 7.17297494e-01, 9.38913147e+02, 1.59162292e+02,
       1.31059960e-01, 9.46815430e+02, 2.57212372e+02, 5.51244974e-01,
       0., 0., 0., 0., 0., 0., 0., 0., 0., 0., 0., 0., 0., 0., 0., 0.,
       0., 0. ]
