%YAML:1.0
---
pose_0: !!opencv-matrix
   rows: 1
   cols: 25
   dt: "3f"
   data: [ 9.29083984e+02, 2.12082001e+02, 8.40372443e-01,
       8.07709167e+02, 2.43500748e+02, 7.19401658e-01, 7.92059143e+02,
       1.65114838e+02, 6.30050540e-01, 6.47015808e+02, 1.49385223e+02,
       1.55465722e-01, 5.51016052e+02, 1.51417786e+02, 1.37897387e-01,
       8.21305908e+02, 3.25754913e+02, 6.58527732e-01, 6.95970581e+02,
       3.82465942e+02, 6.88639939e-01, 5.56971252e+02, 3.68791931e+02,
       8.26087058e-01, 5.45129333e+02, 2.68906372e+02, 2.27182731e-01,
       5.37317871e+02, 2.17989182e+02, 3.14650953e-01, 3.66823425e+02,
       2.29749435e+02, 5.91727793e-02, 0., 0., 0., 5.58844849e+02,
       3.19832825e+02, 2.59347171e-01, 3.55106995e+02, 3.80547089e+02,
       1.38341233e-01, 1.94447830e+02, 4.47177979e+02, 9.29744318e-02,
       9.31172424e+02, 1.94359634e+02, 8.93556595e-01, 9.42873535e+02,
       2.27691956e+02, 8.58027279e-01, 8.99720276e+02, 1.76839218e+02,
       6.61695838e-01, 9.29111267e+02, 2.57047852e+02, 4.27994609e-01,
       0., 0., 0., 0., 0., 0., 0., 0., 0., 0., 0., 0., 0., 0., 0., 0.,
       0., 0. ]
