%YAML:1.0
---
pose_0: !!opencv-matrix
   rows: 1
   cols: 25
   dt: "3f"
   data: [ 8.58594360e+02, 2.25771881e+02, 8.27621341e-01,
       8.09650757e+02, 2.82639893e+02, 5.36609709e-01, 8.19359985e+02,
       2.86535492e+02, 3.13808203e-01, 6.97911194e+02, 2.74737610e+02,
       8.12724158e-02, 0., 0., 0., 8.19406982e+02, 2.88411804e+02,
       6.34317696e-01, 6.95923462e+02, 2.70868408e+02, 7.48300314e-01,
       6.99968567e+02, 1.78806412e+02, 4.59907085e-01, 5.41220215e+02,
       3.49216644e+02, 1.06063008e-01, 5.39257385e+02, 3.17849854e+02,
       1.35548830e-01, 3.19821136e+02, 2.94368378e+02, 1.95823669e-01,
       1.31755478e+02, 3.70761841e+02, 2.32077822e-01, 5.33394958e+02,
       3.82532471e+02, 1.26840696e-01, 3.21831726e+02, 3.00210358e+02,
       2.02701688e-01, 1.33689423e+02, 3.68886200e+02, 1.60639420e-01,
       8.68325256e+02, 2.12193695e+02, 8.04589331e-01, 8.83998352e+02,
       2.39520081e+02, 8.68379354e-01, 0., 0., 0., 8.72301270e+02,
       2.86553833e+02, 8.21983218e-01, 8.08328781e+01, 4.00217560e+02,
       5.89608438e-02, 0., 0., 0., 1.27825706e+02, 3.82597687e+02,
       8.66663232e-02, 8.47191238e+01, 4.00167725e+02, 2.23763019e-01,
       8.27984238e+01, 3.94273956e+02, 1.98842168e-01, 0., 0., 0. ]
