%YAML:1.0
---
pose_0: !!opencv-matrix
   rows: 2
   cols: 25
   dt: "3f"
   data: [ 8.74319824e+02, 4.56987457e+02, 7.14366853e-01,
       7.99821472e+02, 4.31542694e+02, 5.57546198e-01, 7.97849792e+02,
       4.76539886e+02, 4.90537703e-01, 8.60562683e+02, 5.49053345e+02,
       3.34922701e-01, 8.76231445e+02, 5.11834442e+02, 1.98387310e-01,
       8.03714966e+02, 3.88404663e+02, 2.18124524e-01, 8.33125854e+02,
       3.60993042e+02, 8.98942426e-02, 9.07588501e+02, 3.53069244e+02,
       2.48526320e-01, 5.88251465e+02, 4.33479156e+02, 1.34512231e-01,
       0., 0., 0., 0., 0., 0., 0., 0., 0., 5.90199951e+02,
       4.15861084e+02, 1.38799965e-01, 0., 0., 0., 0., 0., 0.,
       8.82136841e+02, 4.33482178e+02, 7.34982908e-01, 8.97745361e+02,
       4.58968597e+02, 3.84096384e-01, 8.54731262e+02, 4.04079956e+02,
       6.17391348e-01, 0., 0., 0., 0., 0., 0., 0., 0., 0., 0., 0., 0.,
       0., 0., 0., 0., 0., 0., 0., 0., 0., 0., 0., 0., 0., 0., 0., 0.,
       0., 0., 0., 0., 0., 0., 0., 0., 8.03767700e+02, 4.82453949e+02,
       1.40062407e-01, 8.68294373e+02, 5.54839172e+02, 6.06610656e-01,
       8.80107544e+02, 5.07959961e+02, 6.21117949e-01, 0., 0., 0., 0.,
       0., 0., 0., 0., 0., 0., 0., 0., 0., 0., 0., 0., 0., 0., 0., 0.,
       0., 0., 0., 0., 0., 0., 0., 0., 0., 0., 0., 0., 0., 0., 0., 0.,
       0., 0., 0., 0., 0., 0., 0., 0., 0., 0., 0., 0., 0., 0., 0. ]
