%YAML:1.0
---
pose_0: !!opencv-matrix
   rows: 1
   cols: 25
   dt: "3f"
   data: [ 9.05619385e+02, 3.51135681e+02, 8.26543927e-01,
       8.03730469e+02, 3.90360077e+02, 5.89634538e-01, 7.58707520e+02,
       3.51133911e+02, 4.50109124e-01, 6.33275391e+02, 3.68845490e+02,
       1.67240262e-01, 5.56880676e+02, 3.64926239e+02, 5.49565814e-02,
       8.39028015e+02, 4.35428833e+02, 6.39911950e-01, 7.76295166e+02,
       4.76570587e+02, 8.46291304e-01, 8.21377441e+02, 3.55107086e+02,
       8.00904334e-01, 5.43182068e+02, 4.25617584e+02, 1.24376804e-01,
       5.43166321e+02, 3.98154724e+02, 1.94922775e-01, 3.51149323e+02,
       3.84454803e+02, 3.01802814e-01, 3.49248627e+02, 3.84443573e+02,
       6.43586218e-02, 5.27534668e+02, 4.66776581e+02, 9.94832218e-02,
       3.41394836e+02, 5.37251465e+02, 1.04229994e-01, 1.92494888e+02,
       6.13704407e+02, 6.93841577e-02, 9.15333374e+02, 3.35465363e+02,
       8.65345180e-01, 9.23238892e+02, 3.66783234e+02, 8.37354064e-01,
       8.86025818e+02, 3.25734161e+02, 1.60086140e-01, 9.15432373e+02,
       3.98206604e+02, 7.02886224e-01, 0., 0., 0., 0., 0., 0., 0., 0.,
       0., 0., 0., 0., 0., 0., 0., 0., 0., 0. ]
