%YAML:1.0
---
pose_0: !!opencv-matrix
   rows: 1
   cols: 25
   dt: "3f"
   data: [ 9.31132019e+02, 2.39509705e+02, 8.19999337e-01,
       8.07680847e+02, 2.47356857e+02, 6.80934548e-01, 8.03703125e+02,
       1.63164551e+02, 6.54487967e-01, 6.72500549e+02, 1.21996353e+02,
       7.21627116e-01, 5.70622864e+02, 1.18140579e+02, 7.81854451e-01,
       8.09597229e+02, 3.33576752e+02, 6.85309410e-01, 6.97961243e+02,
       3.70749756e+02, 7.60154545e-01, 5.80400208e+02, 3.68819824e+02,
       7.00327754e-01, 5.52966675e+02, 2.41434311e+02, 1.68289840e-01,
       5.60813782e+02, 1.98390640e+02, 2.18734130e-01, 3.43364014e+02,
       2.23843048e+02, 6.32605180e-02, 0., 0., 0., 5.25547974e+02,
       2.86543884e+02, 1.31750703e-01, 4.45240173e+02, 3.27685547e+02,
       5.63889332e-02, 0., 0., 0., 9.35057678e+02, 2.16013992e+02,
       8.17779601e-01, 9.40917786e+02, 2.55192276e+02, 7.90141821e-01,
       9.09554077e+02, 1.96376831e+02, 4.53504056e-01, 9.11467834e+02,
       2.74859558e+02, 3.57543945e-01, 0., 0., 0., 0., 0., 0., 0., 0.,
       0., 0., 0., 0., 0., 0., 0., 0., 0., 0. ]
