%YAML:1.0
---
pose_0: !!opencv-matrix
   rows: 1
   cols: 25
   dt: "3f"
   data: [ 8.87965149e+02, 2.59192017e+02, 7.80327857e-01,
       8.05729309e+02, 2.68879089e+02, 6.94627106e-01, 8.07595642e+02,
       1.92440613e+02, 7.14551330e-01, 7.09698608e+02, 1.18006660e+02,
       8.13766718e-01, 6.39218018e+02, 1.63070435e+02, 7.11766481e-01,
       8.07602905e+02, 3.49229553e+02, 6.98111117e-01, 6.99893921e+02,
       4.13963226e+02, 8.28022480e-01, 6.41112000e+02, 3.55165985e+02,
       7.86586583e-01, 5.54943909e+02, 2.68872559e+02, 3.58436048e-01,
       5.58855896e+02, 2.25846893e+02, 4.34171885e-01, 3.62937378e+02,
       2.27756424e+02, 4.35320854e-01, 2.10067322e+02, 2.27829971e+02,
       4.88698065e-01, 5.54925964e+02, 3.12002777e+02, 3.88647228e-01,
       3.68802856e+02, 3.27692230e+02, 2.64101714e-01, 0., 0., 0.,
       9.01716187e+02, 2.45379837e+02, 7.99354911e-01, 9.01677307e+02,
       2.80630096e+02, 7.05977321e-01, 8.89919800e+02, 2.23864182e+02,
       6.68420136e-01, 8.86016785e+02, 3.02214966e+02, 5.27082264e-01,
       0., 0., 0., 0., 0., 0., 0., 0., 0., 1.47393204e+02,
       1.94426544e+02, 1.73179582e-01, 1.47405426e+02, 1.92500427e+02,
       1.35619581e-01, 1.96424072e+02, 2.35591522e+02, 2.91742116e-01 ]
