%YAML:1.0
---
pose_0: !!opencv-matrix
   rows: 1
   cols: 25
   dt: "3f"
   data: [ 1.18971155e+03, 2.10101303e+02, 1.21512637e-01,
       9.97710815e+02, 2.43392715e+02, 2.61155009e-01, 9.83991699e+02,
       2.84561859e+02, 2.33929515e-01, 1.02517554e+03, 4.47182556e+02,
       4.71561253e-01, 1.17597046e+03, 3.43352081e+02, 3.07263732e-01,
       1.01336456e+03, 2.00331940e+02, 1.71015412e-01, 1.02507068e+03,
       4.53045990e+02, 2.17603415e-01, 1.16616565e+03, 3.49230103e+02,
       5.87633401e-02, 0., 0., 0., 0., 0., 0., 0., 0., 0., 0., 0., 0.,
       0., 0., 0., 0., 0., 0., 0., 0., 0., 0., 0., 0., 0., 0., 0., 0.,
       0., 0., 0., 0., 0., 0., 0., 0., 0., 0., 0., 0., 0., 0., 0., 0.,
       0., 0., 0., 0., 0., 0., 0. ]
