%YAML:1.0
---
pose_0: !!opencv-matrix
   rows: 1
   cols: 25
   dt: "3f"
   data: [ 9.01644165e+02, 3.96252411e+02, 8.24602544e-01,
       7.88076172e+02, 4.35420532e+02, 6.61662459e-01, 7.70442078e+02,
       3.68757690e+02, 7.00711071e-01, 7.03820862e+02, 3.49154205e+02,
       1.06880039e-01, 0., 0., 0., 8.07737610e+02, 5.05983063e+02,
       6.84941590e-01, 7.01884338e+02, 5.62762207e+02, 7.78658509e-01,
       7.92013428e+02, 4.58917969e+02, 5.10555446e-01, 5.33392456e+02,
       4.53066864e+02, 2.16628239e-01, 5.37289490e+02, 4.09939728e+02,
       3.38364035e-01, 3.53142761e+02, 3.84511078e+02, 5.70486426e-01,
       0., 0., 0., 5.31435425e+02, 5.00072479e+02, 2.02042490e-01,
       3.66890533e+02, 5.05915649e+02, 3.64780813e-01, 0., 0., 0.,
       9.01628967e+02, 3.80610138e+02, 8.98808122e-01, 9.15356812e+02,
       4.09965179e+02, 7.65981555e-01, 8.68375671e+02, 3.68907745e+02,
       5.82209766e-01, 8.86082092e+02, 4.45238892e+02, 7.11224377e-01,
       0., 0., 0., 0., 0., 0., 0., 0., 0., 0., 0., 0., 0., 0., 0., 0.,
       0., 0. ]
