%YAML:1.0
---
pose_0: !!opencv-matrix
   rows: 1
   cols: 25
   dt: "3f"
   data: [ 8.97757324e+02, 3.84576843e+02, 7.97309339e-01,
       7.97864441e+02, 3.70814911e+02, 6.76017344e-01, 8.03689575e+02,
       2.92377869e+02, 6.75552368e-01, 6.64582520e+02, 2.45366852e+02,
       7.80022740e-01, 5.50988708e+02, 2.43491562e+02, 7.49233007e-01,
       7.92072205e+02, 4.47152283e+02, 6.15791738e-01, 6.82268860e+02,
       5.11873566e+02, 8.07875931e-01, 7.60645508e+02, 5.05983978e+02,
       8.07272673e-01, 5.39262695e+02, 3.66863770e+02, 2.46916711e-01,
       5.51013062e+02, 3.19804260e+02, 2.26599514e-01, 3.57078949e+02,
       3.31588348e+02, 2.21682832e-01, 0., 0., 0., 5.25575623e+02,
       4.15823151e+02, 2.86503881e-01, 3.57079071e+02, 4.76578003e+02,
       1.61506265e-01, 0., 0., 0., 9.09540283e+02, 3.66772583e+02,
       7.88974762e-01, 9.13456177e+02, 4.00124115e+02, 7.88677990e-01,
       8.88013794e+02, 3.37511139e+02, 6.25350475e-01, 8.87986755e+02,
       4.13868561e+02, 7.82514960e-02, 0., 0., 0., 0., 0., 0., 0., 0.,
       0., 0., 0., 0., 0., 0., 0., 0., 0., 0. ]
