%YAML:1.0
---
pose_0: !!opencv-matrix
   rows: 1
   cols: 25
   dt: "3f"
   data: [ 9.93711548e+02, 3.06102753e+02, 8.26262474e-01,
       8.91933533e+02, 2.92429016e+02, 5.85753977e-01, 8.97804260e+02,
       2.27802032e+02, 5.07353961e-01, 8.50696838e+02, 1.76818176e+02,
       7.39975035e-01, 9.01682678e+02, 2.76764404e+02, 6.07390046e-01,
       8.86074524e+02, 3.59023285e+02, 3.14946920e-01, 8.13534729e+02,
       4.29595673e+02, 2.71075636e-01, 8.66445313e+02, 3.98224457e+02,
       6.97931051e-01, 6.41139099e+02, 3.21802155e+02, 7.30000809e-02,
       0., 0., 0., 0., 0., 0., 0., 0., 0., 0., 0., 0., 0., 0., 0., 0.,
       0., 0., 1.00934424e+03, 2.76704468e+02, 7.59751678e-01,
       1.00938239e+03, 3.19841309e+02, 8.15342426e-01, 9.83981140e+02,
       2.41533737e+02, 5.81287086e-01, 0., 0., 0., 0., 0., 0., 0., 0.,
       0., 0., 0., 0., 0., 0., 0., 0., 0., 0., 0., 0., 0. ]
