%YAML:1.0
---
pose_0: !!opencv-matrix
   rows: 1
   cols: 25
   dt: "3f"
   data: [ 8.72344238e+02, 1.96462051e+02, 7.74133623e-01,
       7.88055908e+02, 1.80700272e+02, 7.17671871e-01, 7.90079346e+02,
       1.16153847e+02, 7.61447132e-01, 7.43093018e+02, 1.90554108e+02,
       8.51062536e-01, 7.43005859e+02, 3.08119507e+02, 8.07811141e-01,
       7.74351685e+02, 2.49287369e+02, 4.56276923e-01, 7.29307190e+02,
       2.88520752e+02, 1.03771619e-01, 0., 0., 0., 5.27510986e+02,
       1.86622131e+02, 1.69400647e-01, 5.13795227e+02, 1.49405441e+02,
       1.80632368e-01, 3.64905487e+02, 1.49411407e+02, 7.75578544e-02,
       0., 0., 0., 5.27489502e+02, 2.29712860e+02, 1.40514612e-01,
       3.55133545e+02, 2.94378815e+02, 2.80868798e-01, 1.82686813e+02,
       2.39526276e+02, 1.05825804e-01, 8.84139099e+02, 1.78828201e+02,
       8.51898968e-01, 8.78180176e+02, 2.12055481e+02, 7.42259264e-01,
       8.68336243e+02, 1.57264725e+02, 6.96974814e-01, 8.68402161e+02,
       2.27810638e+02, 2.22100660e-01, 0., 0., 0., 0., 0., 0., 0., 0.,
       0., 0., 0., 0., 0., 0., 0., 0., 0., 0. ]
