%YAML:1.0
---
pose_0: !!opencv-matrix
   rows: 1
   cols: 25
   dt: "3f"
   data: [ 9.48765991e+02, 2.80678192e+02, 7.87927151e-01,
       8.21430725e+02, 2.80627014e+02, 6.16237521e-01, 8.21370972e+02,
       1.94493256e+02, 6.93904161e-01, 7.11661743e+02, 1.17995110e+02,
       8.44965219e-01, 6.95932251e+02, 1.65073715e+02, 8.23885202e-01,
       8.21310120e+02, 3.68878815e+02, 5.96342146e-01, 6.94024597e+02,
       4.45179535e+02, 7.82748103e-01, 7.88094666e+02, 3.53123169e+02,
       7.02705741e-01, 5.58858826e+02, 2.68897369e+02, 1.39354378e-01,
       5.66688965e+02, 2.27747589e+02, 1.94598868e-01, 3.49220734e+02,
       2.43418365e+02, 3.42366010e-01, 1.63120377e+02, 2.55151016e+02,
       4.58685488e-01, 5.45125244e+02, 3.45319733e+02, 1.43190309e-01,
       3.66895691e+02, 3.43357330e+02, 1.71940237e-01, 3.37526093e+02,
       3.25691132e+02, 1.04469545e-01, 9.60447266e+02, 2.57207306e+02,
       8.75623643e-01, 9.62464294e+02, 2.96362457e+02, 7.86467314e-01,
       9.33047607e+02, 2.31676880e+02, 5.36285043e-01, 9.44798645e+02,
       3.21730042e+02, 1.21120989e-01, 3.37442841e+02, 3.59031525e+02,
       5.64940460e-02, 3.49169769e+02, 3.66874390e+02, 5.62704280e-02,
       3.33511078e+02, 3.21822266e+02, 8.51816237e-02, 1.25872093e+02,
       2.10062057e+02, 1.29952133e-01, 1.29803619e+02, 2.10094254e+02,
       1.21176511e-01, 1.49414001e+02, 2.64997253e+02, 3.02578509e-01 ]
