%YAML:1.0
---
pose_0: !!opencv-matrix
   rows: 1
   cols: 25
   dt: "3f"
   data: [ 9.15387817e+02, 2.45410995e+02, 7.54644632e-01,
       8.27263550e+02, 3.17851563e+02, 5.66100776e-01, 8.40962463e+02,
       3.33509460e+02, 4.39892888e-01, 0., 0., 0., 0., 0., 0.,
       8.23344299e+02, 3.10037384e+02, 4.94180590e-01, 7.13591492e+02,
       2.86538788e+02, 6.91064954e-01, 8.46856201e+02, 2.12148880e+02,
       6.17368519e-01, 5.92158752e+02, 3.39417419e+02, 1.79710388e-01,
       5.76490540e+02, 3.06157898e+02, 1.36195570e-01, 3.37454468e+02,
       3.17902435e+02, 1.51326194e-01, 8.66520233e+01, 4.15796387e+02,
       5.26973680e-02, 5.86273987e+02, 3.68845642e+02, 1.13083839e-01,
       3.76666412e+02, 3.19815674e+02, 1.17469914e-01, 9.06282501e+01,
       4.13838196e+02, 7.30356500e-02, 9.29115173e+02, 2.47395432e+02,
       3.72906417e-01, 9.29102112e+02, 2.61071777e+02, 8.12944233e-01,
       0., 0., 0., 9.11476685e+02, 3.13933563e+02, 7.56693661e-01, 0.,
       0., 0., 0., 0., 0., 0., 0., 0., 5.53697968e+01, 4.41301056e+02,
       7.06308484e-02, 5.54188576e+01, 4.35435272e+02, 7.54645616e-02,
       0., 0., 0. ]
