%YAML:1.0
---
pose_0: !!opencv-matrix
   rows: 1
   cols: 25
   dt: "3f"
   data: [ 9.83981201e+02, 2.88529694e+02, 8.18931937e-01,
       8.64465820e+02, 3.04121399e+02, 6.44191146e-01, 8.56644043e+02,
       2.16039017e+02, 6.70383573e-01, 7.58658997e+02, 1.47402649e+02,
       8.21517467e-01, 7.13638000e+02, 1.57256241e+02, 8.22578549e-01,
       8.68458496e+02, 3.86478851e+02, 6.65452719e-01, 7.86097351e+02,
       4.98095734e+02, 7.49125063e-01, 6.86165222e+02, 4.80560242e+02,
       7.49561906e-01, 6.35258728e+02, 3.21824432e+02, 7.70704448e-02,
       0., 0., 0., 0., 0., 0., 0., 0., 0., 0., 0., 0., 0., 0., 0., 0.,
       0., 0., 9.93784424e+02, 2.68889221e+02, 8.23456764e-01,
       9.95690735e+02, 3.06044464e+02, 7.72423029e-01, 9.62419556e+02,
       2.43427979e+02, 5.39893925e-01, 9.78115295e+02, 3.33548248e+02,
       2.33018935e-01, 0., 0., 0., 0., 0., 0., 0., 0., 0., 0., 0., 0.,
       0., 0., 0., 0., 0., 0. ]
