%YAML:1.0
---
pose_0: !!opencv-matrix
   rows: 1
   cols: 25
   dt: "3f"
   data: [ 8.97701172e+02, 1.74885803e+02, 7.94449687e-01,
       7.93971680e+02, 1.63100571e+02, 6.66015208e-01, 8.05691589e+02,
       8.66843643e+01, 7.22473562e-01, 6.97886292e+02, 8.66919937e+01,
       7.53977239e-01, 6.52854980e+02, 2.33645660e+02, 5.11110365e-01,
       7.70428955e+02, 2.27786575e+02, 4.76898283e-01, 6.68563904e+02,
       2.72849884e+02, 1.00121833e-01, 6.37230103e+02, 2.72819305e+02,
       8.47127736e-02, 6.29376709e+02, 2.16009674e+02, 5.88168800e-02,
       6.17586121e+02, 1.80762421e+02, 8.46286714e-02, 0., 0., 0., 0.,
       0., 0., 0., 0., 0., 0., 0., 0., 0., 0., 0., 9.01701538e+02,
       1.49335587e+02, 8.98657143e-01, 9.13461609e+02, 1.82771698e+02,
       8.09906006e-01, 8.84018738e+02, 1.23891136e+02, 6.34890139e-01,
       9.09519287e+02, 2.04208405e+02, 8.21727067e-02, 0., 0., 0., 0.,
       0., 0., 0., 0., 0., 0., 0., 0., 0., 0., 0., 0., 0., 0. ]
