%YAML:1.0
---
pose_0: !!opencv-matrix
   rows: 1
   cols: 25
   dt: "3f"
   data: [ 8.99653076e+02, 2.10154526e+02, 8.35354924e-01,
       7.90012085e+02, 2.29738312e+02, 7.16220558e-01, 7.76305542e+02,
       1.55266724e+02, 6.83048844e-01, 6.64635193e+02, 1.31738617e+02,
       8.38369250e-01, 5.88193237e+02, 1.49323746e+02, 8.72687042e-01,
       7.92056641e+02, 3.10066223e+02, 6.61547184e-01, 6.84240784e+02,
       3.53130096e+02, 7.49185681e-01, 5.52978394e+02, 3.70761169e+02,
       8.05325627e-01, 5.33400146e+02, 2.53221359e+02, 2.63898104e-01,
       5.35345276e+02, 2.10119080e+02, 3.46377283e-01, 3.66904114e+02,
       1.80749939e+02, 7.96392187e-02, 0., 0., 0., 5.33391418e+02,
       2.96332489e+02, 2.23492548e-01, 3.82546021e+02, 3.19770355e+02,
       1.60690099e-01, 0., 0., 0., 9.03673523e+02, 1.94521286e+02,
       8.53030384e-01, 9.11444885e+02, 2.25776688e+02, 8.19569826e-01,
       8.82129639e+02, 1.78851105e+02, 6.01776004e-01, 8.91883728e+02,
       2.55184708e+02, 6.67627811e-01, 0., 0., 0., 0., 0., 0., 0., 0.,
       0., 0., 0., 0., 0., 0., 0., 0., 0., 0. ]
