%YAML:1.0
---
pose_0: !!opencv-matrix
   rows: 1
   cols: 25
   dt: "3f"
   data: [ 9.64385681e+02, 3.00241089e+02, 8.30303311e-01,
       8.48808777e+02, 3.35443115e+02, 6.59834504e-01, 8.23338623e+02,
       2.66924805e+02, 6.18180633e-01, 7.15580566e+02, 2.64963531e+02,
       1.50975913e-01, 6.21552673e+02, 2.59177826e+02, 1.02502592e-01,
       8.68366821e+02, 3.98185364e+02, 7.10674286e-01, 7.97840149e+02,
       4.62780670e+02, 8.17727685e-01, 7.13554688e+02, 3.41388794e+02,
       7.27055728e-01, 5.39266663e+02, 3.64907196e+02, 1.68042928e-01,
       5.56884644e+02, 3.12003693e+02, 1.66042849e-01, 3.84485352e+02,
       2.49291351e+02, 1.61865935e-01, 3.47269409e+02, 2.43396637e+02,
       1.33383512e-01, 5.31421997e+02, 4.08003296e+02, 2.20019996e-01,
       3.58999817e+02, 4.06064850e+02, 3.43387246e-01, 2.21875336e+02,
       4.49165070e+02, 6.50623664e-02, 9.68307007e+02, 2.78718414e+02,
       7.86107779e-01, 9.78058960e+02, 3.17834015e+02, 8.63991976e-01,
       9.40887512e+02, 2.68877319e+02, 2.61568397e-01, 9.58511169e+02,
       3.53073883e+02, 6.52762771e-01, 0., 0., 0., 0., 0., 0., 0., 0.,
       0., 0., 0., 0., 0., 0., 0., 0., 0., 0. ]
