%YAML:1.0
---
pose_0: !!opencv-matrix
   rows: 2
   cols: 25
   dt: "3f"
   data: [ 9.01745911e+02, 4.33535400e+02, 7.85772860e-01,
       8.01803223e+02, 4.62900421e+02, 6.91934645e-01, 7.76253479e+02,
       4.00108765e+02, 6.82026029e-01, 6.72491394e+02, 4.15787201e+02,
       2.25569129e-01, 6.35204712e+02, 3.68836304e+02, 1.64077222e-01,
       8.23356628e+02, 5.35320740e+02, 6.69468462e-01, 7.03814819e+02,
       5.23590881e+02, 7.53804743e-01, 6.41130798e+02, 3.86502808e+02,
       6.04811192e-01, 5.82353149e+02, 4.88323669e+02, 1.01328984e-01,
       0., 0., 0., 0., 0., 0., 0., 0., 0., 6.09777710e+02,
       5.47110229e+02, 9.93615016e-02, 0., 0., 0., 0., 0., 0.,
       9.13420837e+02, 4.15934692e+02, 8.84241521e-01, 9.19308777e+02,
       4.49209625e+02, 8.37919474e-01, 8.86006714e+02, 4.06029602e+02,
       3.41940463e-01, 9.07582153e+02, 4.78634857e+02, 5.83981574e-01,
       0., 0., 0., 0., 0., 0., 0., 0., 0., 0., 0., 0., 0., 0., 0., 0.,
       0., 0., 0., 0., 0., 0., 0., 0., 0., 0., 0., 0., 0., 0., 0., 0.,
       0., 0., 0., 0., 0., 0., 0., 0., 0., 0., 5.72556458e+02,
       4.80505371e+02, 1.01541512e-01, 5.64733704e+02, 4.45199402e+02,
       1.39794290e-01, 3.55111511e+02, 4.02151978e+02, 2.59129703e-01,
       1.78799530e+02, 4.60888306e+02, 2.45129213e-01, 5.56881104e+02,
       5.11850464e+02, 6.49020299e-02, 3.62929626e+02, 4.00162628e+02,
       2.90967524e-01, 1.78790222e+02, 4.62861420e+02, 2.97957927e-01,
       0., 0., 0., 0., 0., 0., 0., 0., 0., 0., 0., 0., 1.33714813e+02,
       4.29572723e+02, 1.48535624e-01, 1.35694183e+02, 4.45217712e+02,
       1.62032217e-01, 1.63121490e+02, 4.78475006e+02, 2.97470182e-01,
       1.29807831e+02, 4.31496399e+02, 1.12148255e-01, 1.33759415e+02,
       4.29540314e+02, 9.63145271e-02, 1.65034348e+02, 4.76560181e+02,
       2.13913277e-01 ]
