%YAML:1.0
---
pose_0: !!opencv-matrix
   rows: 1
   cols: 25
   dt: "3f"
   data: [ 8.89928650e+02, 4.13855133e+02, 8.01964641e-01,
       7.78262207e+02, 3.96239349e+02, 7.17145979e-01, 7.74280640e+02,
       3.19848511e+02, 6.76754534e-01, 6.50854980e+02, 2.57195679e+02,
       8.35933506e-01, 7.21477722e+02, 2.80648895e+02, 7.29538798e-01,
       7.88035950e+02, 4.66812775e+02, 6.05449378e-01, 6.68583008e+02,
       5.43160583e+02, 8.01188052e-01, 7.76355469e+02, 5.41272461e+02,
       8.03015590e-01, 5.11839539e+02, 4.58911316e+02, 2.98167944e-01,
       5.17701172e+02, 4.07983551e+02, 3.28202575e-01, 3.33522705e+02,
       3.86488098e+02, 2.94263691e-01, 0., 0., 0., 5.19665161e+02,
       4.98149780e+02, 3.39567900e-01, 3.82565247e+02, 5.23593262e+02,
       2.53675073e-01, 0., 0., 0., 9.01816101e+02, 3.86510986e+02,
       8.48707318e-01, 9.03627136e+02, 4.17833282e+02, 7.14520395e-01,
       8.80114502e+02, 3.49162689e+02, 8.12499940e-01, 0., 0., 0., 0.,
       0., 0., 0., 0., 0., 0., 0., 0., 0., 0., 0., 0., 0., 0., 0., 0.,
       0. ]
