%YAML:1.0
---
pose_0: !!opencv-matrix
   rows: 1
   cols: 25
   dt: "3f"
   data: [ 9.15370667e+02, 1.49423004e+02, 8.16411793e-01,
       8.05699951e+02, 1.43540649e+02, 6.20111704e-01, 8.07592041e+02,
       5.73229637e+01, 6.90629363e-01, 7.11643616e+02, 5.34151077e+00,
       4.67426419e-01, 6.39166504e+02, 2.79373360e+01, 7.40118325e-01,
       7.93941101e+02, 2.37528168e+02, 5.57046533e-01, 6.66572693e+02,
       2.66902191e+02, 7.26932824e-01, 5.56973694e+02, 2.88570221e+02,
       8.00057054e-01, 5.86289856e+02, 1.90523087e+02, 1.00140087e-01,
       5.68619812e+02, 1.47408051e+02, 9.34751630e-02, 0., 0., 0., 0.,
       0., 0., 6.03905212e+02, 2.27745621e+02, 9.35224071e-02, 0., 0.,
       0., 0., 0., 0., 9.27144592e+02, 1.29788925e+02, 7.34457731e-01,
       9.29104675e+02, 1.67028839e+02, 7.87120879e-01, 9.07589355e+02,
       1.02324333e+02, 4.12820607e-01, 9.17434509e+02, 1.92534470e+02,
       1.20990559e-01, 0., 0., 0., 0., 0., 0., 0., 0., 0., 0., 0., 0.,
       0., 0., 0., 0., 0., 0. ]
