%YAML:1.0
---
pose_0: !!opencv-matrix
   rows: 1
   cols: 25
   dt: "3f"
   data: [ 8.87998169e+02, 4.08029297e+02, 7.51861095e-01,
       7.82171509e+02, 3.86469025e+02, 6.82637334e-01, 7.74310181e+02,
       3.10073792e+02, 6.69126868e-01, 6.48997620e+02, 2.57091614e+02,
       8.26466382e-01, 7.25408508e+02, 2.76709290e+02, 7.51866400e-01,
       7.89947449e+02, 4.60892853e+02, 6.47934973e-01, 6.70547180e+02,
       5.39195679e+02, 7.85211563e-01, 7.76288635e+02, 5.41185303e+02,
       8.55585933e-01, 5.23612793e+02, 4.55012695e+02, 3.12333733e-01,
       5.23580261e+02, 4.06048157e+02, 3.82330030e-01, 3.37505676e+02,
       3.94255127e+02, 3.36946964e-01, 0., 0., 0., 5.35337585e+02,
       5.00065765e+02, 3.66930574e-01, 3.94287415e+02, 5.17680359e+02,
       2.74452060e-01, 0., 0., 0., 9.03625427e+02, 3.84421539e+02,
       8.58209193e-01, 9.03636353e+02, 4.15782928e+02, 7.67978072e-01,
       8.82070740e+02, 3.43359344e+02, 8.04774880e-01, 0., 0., 0., 0.,
       0., 0., 0., 0., 0., 0., 0., 0., 0., 0., 0., 0., 0., 0., 0., 0.,
       0. ]
