%YAML:1.0
---
pose_0: !!opencv-matrix
   rows: 2
   cols: 25
   dt: "3f"
   data: [ 9.05607910e+02, 3.74729401e+02, 6.66764021e-01,
       8.35062744e+02, 2.92453491e+02, 4.75896508e-01, 8.36958862e+02,
       2.84572449e+02, 6.78366363e-01, 7.13598572e+02, 3.00265289e+02,
       6.91753983e-01, 6.64554810e+02, 4.55049133e+02, 7.30608284e-01,
       8.25322327e+02, 3.19812927e+02, 2.61790246e-01, 0., 0., 0., 0.,
       0., 0., 5.49046570e+02, 2.90479187e+02, 3.87482494e-01,
       5.45151672e+02, 2.59123932e+02, 4.24118370e-01, 4.15862488e+02,
       3.00245087e+02, 2.99533129e-01, 3.10024811e+02, 3.58996063e+02,
       2.89927602e-01, 5.43211670e+02, 3.21814545e+02, 3.92260134e-01,
       4.37393097e+02, 3.74697144e+02, 2.55777150e-01, 3.13958984e+02,
       3.76637390e+02, 1.58661440e-01, 9.25203308e+02, 3.66831299e+02,
       7.60497332e-01, 9.23275635e+02, 3.84421753e+02, 8.05051401e-02,
       9.27147522e+02, 3.15900238e+02, 7.80775666e-01, 0., 0., 0., 0.,
       0., 0., 0., 0., 0., 0., 0., 0., 0., 0., 0., 0., 0., 0.,
       3.04176208e+02, 3.60988312e+02, 8.91052783e-02, 0., 0., 0., 0.,
       0., 0., 0., 0., 0., 0., 0., 0., 0., 0., 0., 6.66601990e+02,
       3.25723419e+02, 9.20778736e-02, 6.27405518e+02, 3.57084473e+02,
       3.64021152e-01, 5.70536743e+02, 4.47248596e+02, 7.89125085e-01,
       0., 0., 0., 0., 0., 0., 0., 0., 0., 0., 0., 0., 0., 0., 0., 0.,
       0., 0., 0., 0., 0., 0., 0., 0., 0., 0., 0., 0., 0., 0., 0., 0.,
       0., 0., 0., 0., 0., 0., 0., 0., 0., 0., 0., 0., 0., 0., 0., 0.,
       0., 0., 0. ]
