%YAML:1.0
---
pose_0: !!opencv-matrix
   rows: 1
   cols: 25
   dt: "3f"
   data: [ 8.74275635e+02, 2.19955490e+02, 7.00580120e-01,
       7.74372986e+02, 2.88508881e+02, 6.41940117e-01, 7.46979797e+02,
       2.27755157e+02, 6.11107051e-01, 7.29330505e+02, 1.33693405e+02,
       7.85321355e-01, 8.29184448e+02, 1.47321854e+02, 8.13624084e-01,
       7.91996887e+02, 3.37438019e+02, 3.28895181e-01, 8.35048950e+02,
       2.92395905e+02, 1.18344307e-01, 8.70419800e+02, 2.66908875e+02,
       4.10871297e-01, 5.23607056e+02, 3.37498749e+02, 2.59604961e-01,
       5.25551025e+02, 3.00264069e+02, 3.77837330e-01, 3.51186188e+02,
       3.13936798e+02, 3.47261071e-01, 1.49368500e+02, 3.17871002e+02,
       8.35660696e-02, 5.15763977e+02, 3.72725037e+02, 1.96027502e-01,
       3.43351624e+02, 4.02124695e+02, 2.06352383e-01, 0., 0., 0.,
       8.83974182e+02, 2.14093506e+02, 4.95122999e-01, 8.88061584e+02,
       2.29785950e+02, 7.37512171e-01, 0., 0., 0., 8.84068054e+02,
       2.88420044e+02, 6.81891143e-01, 0., 0., 0., 0., 0., 0., 0., 0.,
       0., 0., 0., 0., 0., 0., 0., 0., 0., 0. ]
