%YAML:1.0
---
pose_0: !!opencv-matrix
   rows: 1
   cols: 25
   dt: "3f"
   data: [ 9.46823608e+02, 2.78711426e+02, 7.92406738e-01,
       8.37077576e+02, 3.12002838e+02, 6.76382363e-01, 8.21378723e+02,
       2.43385620e+02, 7.10241258e-01, 7.13598511e+02, 2.27770584e+02,
       2.96275556e-01, 6.01940796e+02, 2.21881027e+02, 8.82876068e-02,
       8.54646729e+02, 3.84493530e+02, 6.73093140e-01, 7.97854919e+02,
       4.45287506e+02, 7.82594681e-01, 6.90107544e+02, 3.41403381e+02,
       6.65463865e-01, 5.64735901e+02, 3.21811920e+02, 1.55899778e-01,
       5.72550354e+02, 2.72841217e+02, 2.28433013e-01, 3.59019226e+02,
       2.29697571e+02, 1.89615846e-01, 0., 0., 0., 5.64730408e+02,
       3.72745850e+02, 1.46160483e-01, 3.70770142e+02, 4.00119415e+02,
       1.10595264e-01, 1.31737350e+02, 4.58961700e+02, 1.55629247e-01,
       9.60420959e+02, 2.63007141e+02, 8.26974273e-01, 9.64487793e+02,
       2.98272980e+02, 8.43968749e-01, 9.33084412e+02, 2.51280197e+02,
       2.73993313e-01, 9.46757874e+02, 3.35556458e+02, 7.66264975e-01,
       5.73479691e+01, 4.49141449e+02, 1.65656254e-01, 6.90246353e+01,
       4.60892639e+02, 1.78807899e-01, 0., 0., 0., 0., 0., 0., 0., 0.,
       0., 0., 0., 0. ]
