%YAML:1.0
---
pose_0: !!opencv-matrix
   rows: 1
   cols: 25
   dt: "3f"
   data: [ 9.81996277e+02, 3.19755493e+02, 7.81566858e-01,
       8.52695679e+02, 3.25718109e+02, 6.15351260e-01, 8.37063538e+02,
       2.39505432e+02, 6.30629599e-01, 7.29270874e+02, 1.96497574e+02,
       7.65047431e-01, 6.19532471e+02, 1.74856720e+02, 7.80304313e-01,
       8.66413696e+02, 4.17786560e+02, 5.20959914e-01, 7.27367920e+02,
       4.94122925e+02, 7.70360053e-01, 6.02002075e+02, 5.68633362e+02,
       7.10675359e-01, 6.09796143e+02, 3.45306519e+02, 8.10605735e-02,
       6.01950195e+02, 3.04157867e+02, 1.38752162e-01, 0., 0., 0., 0.,
       0., 0., 6.31330811e+02, 4.19771393e+02, 7.41128623e-02, 0., 0.,
       0., 0., 0., 0., 9.82024414e+02, 2.88516968e+02, 8.77709806e-01,
       1.00944312e+03, 3.21796204e+02, 6.56072497e-01, 9.52614136e+02,
       2.59189270e+02, 5.92227340e-01, 1.00162561e+03, 3.51264496e+02,
       1.02198213e-01, 0., 0., 0., 0., 0., 0., 0., 0., 0., 0., 0., 0.,
       0., 0., 0., 0., 0., 0. ]
