%YAML:1.0
---
pose_0: !!opencv-matrix
   rows: 1
   cols: 25
   dt: "3f"
   data: [ 9.07601807e+02, 2.10180191e+02, 7.89468467e-01,
       7.94007568e+02, 2.12115448e+02, 6.44986093e-01, 7.92013794e+02,
       1.31830017e+02, 7.60582566e-01, 6.39197815e+02, 1.12178024e+02,
       5.67655861e-01, 5.21630127e+02, 1.08268501e+02, 6.64764106e-01,
       7.97900940e+02, 3.04096130e+02, 6.25151396e-01, 6.68548462e+02,
       3.51236938e+02, 8.08867395e-01, 6.52968262e+02, 3.04159241e+02,
       7.66457677e-01, 5.43178467e+02, 2.17952560e+02, 3.22818249e-01,
       5.35341309e+02, 1.72882126e+02, 4.18534458e-01, 3.59029785e+02,
       2.04222153e+02, 4.06367391e-01, 1.74842957e+02, 1.88591629e+02,
       3.40772331e-01, 5.49064453e+02, 2.66946625e+02, 3.23501170e-01,
       3.57089386e+02, 2.92444489e+02, 1.92522123e-01, 3.17879303e+02,
       2.59177704e+02, 1.02937132e-01, 9.17418579e+02, 1.92459412e+02,
       8.90734673e-01, 9.21316589e+02, 2.25873199e+02, 7.89616227e-01,
       8.91937866e+02, 1.68956558e+02, 6.19559050e-01, 9.07567200e+02,
       2.47370407e+02, 2.53076553e-01, 0., 0., 0., 0., 0., 0., 0., 0.,
       0., 1.18029335e+02, 1.45490479e+02, 7.47733712e-02, 0., 0., 0.,
       0., 0., 0. ]
