%YAML:1.0
---
pose_0: !!opencv-matrix
   rows: 1
   cols: 25
   dt: "3f"
   data: [ 9.37002319e+02, 3.70829773e+02, 7.73363888e-01,
       8.17444702e+02, 3.84533203e+02, 6.54912412e-01, 8.05693970e+02,
       3.10018433e+02, 7.10083306e-01, 6.72497498e+02, 3.00200500e+02,
       5.51733315e-01, 5.76489075e+02, 3.04205536e+02, 6.98919058e-01,
       8.23405090e+02, 4.64826019e+02, 6.25958502e-01, 6.99884827e+02,
       5.27517639e+02, 7.32538879e-01, 5.88176270e+02, 4.96137207e+02,
       7.95575023e-01, 5.68641418e+02, 4.02103516e+02, 1.87965363e-01,
       5.66694336e+02, 3.57058258e+02, 2.82699764e-01, 3.68836121e+02,
       3.96229218e+02, 2.46255308e-01, 1.84648682e+02, 4.45180725e+02,
       3.67948651e-01, 5.66685425e+02, 4.47160400e+02, 1.18443623e-01,
       3.98218842e+02, 4.82441956e+02, 5.16736433e-02, 0., 0., 0.,
       9.46771240e+02, 3.55126587e+02, 9.00111973e-01, 9.48702148e+02,
       3.88417175e+02, 8.05482030e-01, 9.19318176e+02, 3.35521271e+02,
       4.54966664e-01, 9.23254517e+02, 4.13950317e+02, 5.28395057e-01,
       0., 0., 0., 0., 0., 0., 0., 0., 0., 1.39580872e+02,
       4.00218994e+02, 1.42862290e-01, 1.41568558e+02, 4.02121857e+02,
       1.22270875e-01, 1.70951294e+02, 4.60860474e+02, 2.27218986e-01 ]
