%YAML:1.0
---
pose_0: !!opencv-matrix
   rows: 1
   cols: 25
   dt: "3f"
   data: [ 9.83998047e+02, 2.41477005e+02, 4.32067633e-01,
       8.99689819e+02, 2.43384201e+02, 4.78996933e-01, 9.13406921e+02,
       1.68995209e+02, 5.28535068e-01, 9.21303833e+02, 9.45596085e+01,
       6.31147981e-01, 1.04274792e+03, 1.98427933e+02, 4.48005110e-01,
       8.78192871e+02, 3.27674225e+02, 4.52118605e-01, 8.25290833e+02,
       4.90240814e+02, 7.64465272e-01, 9.50715637e+02, 4.17765472e+02,
       7.84936428e-01, 7.58696228e+02, 2.84559906e+02, 5.56971617e-02,
       0., 0., 0., 0., 0., 0., 0., 0., 0., 0., 0., 0., 0., 0., 0., 0.,
       0., 0., 1.01134326e+03, 2.33624649e+02, 4.70483094e-01,
       1.00746881e+03, 2.59055176e+02, 7.08717346e-01, 1.02511230e+03,
       2.10100052e+02, 7.20753372e-02, 0., 0., 0., 0., 0., 0., 0., 0.,
       0., 0., 0., 0., 0., 0., 0., 0., 0., 0., 0., 0., 0. ]
