%YAML:1.0
---
pose_0: !!opencv-matrix
   rows: 1
   cols: 25
   dt: "3f"
   data: [ 8.99795288e+02, 3.66895691e+02, 7.70797253e-01,
       7.90065430e+02, 3.74684753e+02, 6.67008162e-01, 7.82173401e+02,
       3.04170288e+02, 6.38527095e-01, 6.54820801e+02, 2.51270782e+02,
       7.46986985e-01, 7.42964355e+02, 2.88446991e+02, 7.69608200e-01,
       7.90002625e+02, 4.58903809e+02, 5.44091165e-01, 6.68615112e+02,
       5.23533752e+02, 8.09817851e-01, 7.60663391e+02, 5.07998047e+02,
       8.15656781e-01, 5.37288696e+02, 4.09975281e+02, 3.04513842e-01,
       5.31430603e+02, 3.66870239e+02, 4.09288317e-01, 3.39458801e+02,
       3.51139587e+02, 2.83721268e-01, 0., 0., 0., 5.33378235e+02,
       4.58910034e+02, 3.29029769e-01, 3.72712830e+02, 4.94230194e+02,
       4.20024484e-01, 2.45379852e+02, 5.09936310e+02, 6.05305210e-02,
       9.13481689e+02, 3.47211700e+02, 7.97654510e-01, 9.13423706e+02,
       3.82518402e+02, 7.93805897e-01, 8.80151550e+02, 3.21785736e+02,
       6.41688883e-01, 8.93861206e+02, 4.02170013e+02, 3.20175052e-01,
       0., 0., 0., 0., 0., 0., 0., 0., 0., 0., 0., 0., 0., 0., 0., 0.,
       0., 0. ]
