%YAML:1.0
---
pose_0: !!opencv-matrix
   rows: 1
   cols: 25
   dt: "3f"
   data: [ 9.50664124e+02, 3.23786163e+02, 7.73148000e-01,
       8.38957642e+02, 2.61073029e+02, 5.90542436e-01, 8.56648315e+02,
       1.80694641e+02, 5.38716435e-01, 7.46971375e+02, 8.67460175e+01,
       7.07206547e-01, 6.21534973e+02, 1.20080139e+02, 7.90194631e-01,
       8.25275208e+02, 3.45326691e+02, 5.71097493e-01, 7.39054993e+02,
       3.98242981e+02, 7.23679900e-01, 6.94009949e+02, 4.60930481e+02,
       8.10430288e-01, 5.74519165e+02, 2.70861603e+02, 1.81834191e-01,
       5.76472534e+02, 2.25762329e+02, 2.26382017e-01, 3.29642426e+02,
       2.63046906e+02, 7.47404471e-02, 0., 0., 0., 5.80403931e+02,
       3.23744568e+02, 1.55489281e-01, 4.02123810e+02, 3.84519928e+02,
       1.94949836e-01, 3.68836700e+02, 3.72726685e+02, 8.04878473e-02,
       9.72209839e+02, 3.02172974e+02, 7.58839071e-01, 9.66349365e+02,
       3.29624847e+02, 5.29267132e-01, 9.50640442e+02, 2.49321808e+02,
       8.10681403e-01, 0., 0., 0., 0., 0., 0., 0., 0., 0., 0., 0., 0.,
       0., 0., 0., 0., 0., 0., 0., 0., 0. ]
