%YAML:1.0
---
pose_0: !!opencv-matrix
   rows: 1
   cols: 25
   dt: "3f"
   data: [ 9.33043335e+02, 2.21838959e+02, 7.34779477e-01,
       8.31196838e+02, 2.74858459e+02, 7.25014687e-01, 8.03758301e+02,
       2.17979172e+02, 6.59023941e-01, 6.95919739e+02, 1.72903320e+02,
       7.07915902e-01, 6.66633179e+02, 1.86609253e+02, 7.48122931e-01,
       8.58599487e+02, 3.41372314e+02, 6.54000401e-01, 7.60615906e+02,
       4.47191132e+02, 7.78618097e-01, 6.09777405e+02, 5.02055786e+02,
       7.32825458e-01, 6.17626282e+02, 3.25706940e+02, 1.56736329e-01,
       5.90192017e+02, 2.90411285e+02, 2.02289701e-01, 3.13955383e+02,
       3.47234131e+02, 1.73053518e-01, 3.08093079e+02, 3.51165009e+02,
       6.76904172e-02, 6.37209045e+02, 3.70786469e+02, 1.00896850e-01,
       0., 0., 0., 0., 0., 0., 9.46690308e+02, 2.12045807e+02,
       7.59114802e-01, 9.52641052e+02, 2.41402100e+02, 8.32874775e-01,
       9.17442322e+02, 2.10016525e+02, 5.80104515e-02, 9.34973328e+02,
       2.86466492e+02, 7.86367893e-01, 0., 0., 0., 0., 0., 0., 0., 0.,
       0., 0., 0., 0., 0., 0., 0., 0., 0., 0. ]
