%YAML:1.0
---
pose_0: !!opencv-matrix
   rows: 1
   cols: 25
   dt: "3f"
   data: [ 8.99730591e+02, 4.37357605e+02, 8.21123123e-01,
       8.01745728e+02, 4.72647400e+02, 6.30941868e-01, 7.72368164e+02,
       4.04111969e+02, 6.12500072e-01, 6.82259827e+02, 4.02159149e+02,
       2.75922656e-01, 6.45054382e+02, 3.53156311e+02, 1.91396892e-01,
       8.21358459e+02, 5.39221985e+02, 6.93719923e-01, 7.11670288e+02,
       4.94245117e+02, 7.19088078e-01, 6.48919617e+02, 3.58999481e+02,
       6.71530724e-01, 6.15656921e+02, 4.84392487e+02, 1.57774836e-01,
       6.09771423e+02, 4.47174896e+02, 2.37283707e-01, 3.64858459e+02,
       3.96204559e+02, 4.11529303e-01, 1.78755966e+02, 4.56960938e+02,
       3.75092447e-01, 6.27428955e+02, 5.37290833e+02, 1.40954390e-01,
       0., 0., 0., 0., 0., 0., 9.03634399e+02, 4.17873718e+02,
       8.51309597e-01, 9.15396362e+02, 4.51093994e+02, 8.67662728e-01,
       8.84093445e+02, 4.11846466e+02, 3.44893634e-01, 8.99775696e+02,
       4.86337494e+02, 7.30219603e-01, 0., 0., 0., 0., 0., 0., 0., 0.,
       0., 1.14134827e+02, 4.04082916e+02, 1.55386075e-01,
       1.16085464e+02, 4.04094299e+02, 1.31283119e-01, 1.63105988e+02,
       4.72655945e+02, 2.75173753e-01 ]
