%YAML:1.0
---
pose_0: !!opencv-matrix
   rows: 1
   cols: 25
   dt: "3f"
   data: [ 9.23230835e+02, 2.88486206e+02, 7.99484611e-01,
       8.07718689e+02, 3.11993774e+02, 6.95228398e-01, 7.92021545e+02,
       2.43507736e+02, 6.36769116e-01, 6.43081421e+02, 2.68899963e+02,
       8.37261677e-02, 0., 0., 0., 8.21422546e+02, 3.80585205e+02,
       6.38328195e-01, 7.44899170e+02, 3.98143768e+02, 7.93218970e-01,
       6.64619568e+02, 3.23753937e+02, 6.83054864e-01, 5.86286743e+02,
       3.23770691e+02, 6.05140664e-02, 5.80401855e+02, 2.88494202e+02,
       7.59463310e-02, 3.21830322e+02, 3.06089630e+02, 1.60492808e-01,
       9.45455322e+01, 3.12013123e+02, 6.59367144e-02, 6.17618530e+02,
       3.88406586e+02, 5.32199256e-02, 0., 0., 0., 0., 0., 0.,
       9.29148682e+02, 2.70826904e+02, 8.73286724e-01, 9.33054321e+02,
       3.04204742e+02, 8.36558461e-01, 8.97729065e+02, 2.55156448e+02,
       5.59999526e-01, 9.15344910e+02, 3.35413513e+02, 4.06218171e-01,
       0., 0., 0., 0., 0., 0., 0., 0., 0., 0., 0., 0., 0., 0., 0., 0.,
       0., 0. ]
