%YAML:1.0
---
pose_0: !!opencv-matrix
   rows: 1
   cols: 25
   dt: "3f"
   data: [ 9.15407349e+02, 2.41495972e+02, 7.84861088e-01,
       8.52652161e+02, 3.04147003e+02, 4.41540778e-01, 8.38969116e+02,
       2.82624451e+02, 1.73292696e-01, 0., 0., 0., 0., 0., 0.,
       8.66422485e+02, 3.21827179e+02, 4.48074132e-01, 7.78318604e+02,
       2.86535217e+02, 5.46495855e-01, 8.23411621e+02, 2.06166306e+02,
       7.09053874e-01, 5.37291931e+02, 3.45309631e+02, 1.20765738e-01,
       5.27512695e+02, 3.43343689e+02, 9.53757092e-02, 3.33552704e+02,
       3.39470245e+02, 1.38230279e-01, 9.06482849e+01, 4.25622559e+02,
       1.33730307e-01, 0., 0., 0., 0., 0., 0., 0., 0., 0.,
       9.31079224e+02, 2.41525314e+02, 3.94084215e-01, 9.33073669e+02,
       2.57073120e+02, 8.81001651e-01, 0., 0., 0., 9.27189087e+02,
       3.12034729e+02, 7.83946157e-01, 0., 0., 0., 0., 0., 0., 0., 0.,
       0., 6.51689301e+01, 4.55018951e+02, 7.05927089e-02, 0., 0., 0.,
       7.10590668e+01, 4.29565399e+02, 1.05366096e-01 ]
