%YAML:1.0
---
pose_0: !!opencv-matrix
   rows: 1
   cols: 25
   dt: "3f"
   data: [ 9.19356750e+02, 3.68781006e+02, 7.09338009e-01,
       8.68394897e+02, 2.86519531e+02, 4.72027123e-01, 8.60544373e+02,
       2.90491974e+02, 5.73844969e-01, 7.46971130e+02, 3.35552185e+02,
       6.23675287e-01, 7.31302917e+02, 4.58894623e+02, 7.63223708e-01,
       8.78217834e+02, 2.76738190e+02, 3.75702024e-01, 0., 0., 0., 0.,
       0., 0., 5.54923950e+02, 2.70850922e+02, 1.85239986e-01,
       5.52962158e+02, 2.74813477e+02, 1.92990392e-01, 4.86372803e+02,
       3.51212738e+02, 6.28080070e-02, 3.57079803e+02, 3.76675751e+02,
       7.02871308e-02, 5.45149414e+02, 2.59122162e+02, 1.37305245e-01,
       3.11982056e+02, 3.53124084e+02, 1.87347576e-01, 1.49388412e+02,
       3.08109100e+02, 1.24825537e-01, 9.44740051e+02, 3.59043427e+02,
       6.86375856e-01, 9.46687073e+02, 3.74724884e+02, 6.79693073e-02,
       9.44742188e+02, 3.08105133e+02, 8.18951786e-01, 0., 0., 0., 0.,
       0., 0., 0., 0., 0., 0., 0., 0., 0., 0., 0., 0., 0., 0., 0., 0.,
       0. ]
