%YAML:1.0
---
pose_0: !!opencv-matrix
   rows: 1
   cols: 25
   dt: "3f"
   data: [ 8.99706604e+02, 2.74741730e+02, 7.20187485e-01,
       8.07711670e+02, 2.66913666e+02, 6.57592654e-01, 8.15494202e+02,
       1.80773895e+02, 6.35462642e-01, 7.03810059e+02, 1.04397652e+02,
       7.26716459e-01, 6.27408142e+02, 1.55262680e+02, 5.76040804e-01,
       8.05724304e+02, 3.51096497e+02, 6.61795378e-01, 6.99881836e+02,
       3.98242889e+02, 7.59443521e-01, 6.19536438e+02, 4.45275635e+02,
       7.79684246e-01, 5.51008606e+02, 2.57166412e+02, 1.68503255e-01,
       5.43172913e+02, 2.14060715e+02, 2.34177694e-01, 3.55097290e+02,
       2.12081772e+02, 7.22344443e-02, 0., 0., 0., 5.39271851e+02,
       3.04160004e+02, 1.36803761e-01, 3.53150085e+02, 2.92448303e+02,
       8.57295245e-02, 1.61123413e+02, 2.80658173e+02, 9.96508673e-02,
       9.17369446e+02, 2.57184296e+02, 7.97745466e-01, 9.17431030e+02,
       2.92436981e+02, 7.17432499e-01, 9.01704590e+02, 2.27824966e+02,
       6.12561405e-01, 9.19320740e+02, 3.13971313e+02, 1.40486509e-01,
       0., 0., 0., 0., 0., 0., 0., 0., 0., 0., 0., 0., 0., 0., 0., 0.,
       0., 0. ]
