%YAML:1.0
---
pose_0: !!opencv-matrix
   rows: 1
   cols: 25
   dt: "3f"
   data: [ 8.39056091e+02, 1.25848518e+02, 7.83243477e-01,
       7.60730408e+02, 9.45085449e+01, 6.58659637e-01, 7.74273010e+02,
       2.39826183e+01, 6.19243205e-01, 0., 0., 0., 0., 0., 0.,
       7.60583374e+02, 1.57221420e+02, 5.04339039e-01, 8.01740417e+02,
       2.10058487e+02, 7.45998621e-01, 8.76228210e+02, 2.10082214e+02,
       7.53449857e-01, 5.43194641e+02, 9.06084366e+01, 8.40240195e-02,
       5.39234436e+02, 6.12211685e+01, 6.55220598e-02, 0., 0., 0., 0.,
       0., 0., 5.54928406e+02, 1.39604385e+02, 5.67546971e-02, 0., 0.,
       0., 0., 0., 0., 8.52697876e+02, 1.02386307e+02, 8.59849155e-01,
       8.56681335e+02, 1.27864151e+02, 7.04299510e-01, 8.29239502e+02,
       6.51113663e+01, 7.71386087e-01, 0., 0., 0., 0., 0., 0., 0., 0.,
       0., 0., 0., 0., 0., 0., 0., 0., 0., 0., 0., 0., 0. ]
