%YAML:1.0
---
pose_0: !!opencv-matrix
   rows: 1
   cols: 25
   dt: "3f"
   data: [ 9.15341492e+02, 3.49212219e+02, 8.10494602e-01,
       8.13524536e+02, 3.84517792e+02, 6.88737631e-01, 8.05688110e+02,
       3.25701233e+02, 5.51771104e-01, 7.39057617e+02, 2.43423447e+02,
       4.97948706e-01, 7.43012329e+02, 2.74757385e+02, 5.70776641e-01,
       8.36955383e+02, 4.58893738e+02, 6.62719488e-01, 7.62645874e+02,
       4.86350525e+02, 7.30618954e-01, 7.86130554e+02, 3.51255371e+02,
       7.14006305e-01, 5.27528992e+02, 3.98229431e+02, 1.71487346e-01,
       0., 0., 0., 0., 0., 0., 0., 0., 0., 5.25529602e+02,
       4.49150421e+02, 1.12360947e-01, 3.33512909e+02, 4.80521393e+02,
       2.63185203e-01, 1.78795456e+02, 5.25562073e+02, 3.19498748e-01,
       9.15414368e+02, 3.33518768e+02, 8.67949843e-01, 9.29103455e+02,
       3.64851746e+02, 7.74215162e-01, 8.82141113e+02, 3.21757965e+02,
       5.24920046e-01, 9.15420654e+02, 3.96267303e+02, 5.32340646e-01,
       1.18034042e+02, 5.70575073e+02, 4.02313173e-01, 1.27866760e+02,
       5.70647522e+02, 3.86432767e-01, 1.63128769e+02, 5.21573608e+02,
       1.65522188e-01, 0., 0., 0., 0., 0., 0., 0., 0., 0. ]
