%YAML:1.0
---
pose_0: !!opencv-matrix
   rows: 1
   cols: 25
   dt: "3f"
   data: [ 8.68303650e+02, 1.53278885e+02, 7.89451957e-01,
       7.76385071e+02, 1.76750076e+02, 7.45050669e-01, 7.74340576e+02,
       1.06298759e+02, 6.29988909e-01, 6.66630005e+02, 4.16745377e+01,
       8.27264667e-01, 7.44981445e+02, 1.04377388e+02, 7.62108088e-01,
       7.82200867e+02, 2.43524353e+02, 6.83682859e-01, 6.72467834e+02,
       2.88518341e+02, 8.41258168e-01, 7.42943542e+02, 2.21897552e+02,
       7.51789391e-01, 5.62760864e+02, 1.67055206e+02, 1.18900895e-01,
       5.37284302e+02, 1.29779343e+02, 9.73667502e-02, 0., 0., 0., 0.,
       0., 0., 5.72545349e+02, 2.14052475e+02, 1.34437814e-01, 0., 0.,
       0., 0., 0., 0., 8.72321777e+02, 1.33785828e+02, 8.02672803e-01,
       8.82061951e+02, 1.67014389e+02, 8.29051077e-01, 8.52778809e+02,
       1.17987671e+02, 5.82667291e-01, 8.68376892e+02, 1.94339615e+02,
       4.02597785e-01, 0., 0., 0., 0., 0., 0., 0., 0., 0., 0., 0., 0.,
       0., 0., 0., 0., 0., 0. ]
