%YAML:1.0
---
pose_0: !!opencv-matrix
   rows: 1
   cols: 25
   dt: "3f"
   data: [ 8.72306091e+02, 2.23817062e+02, 6.93958104e-01,
       7.76394287e+02, 2.39515976e+02, 7.28746951e-01, 7.64578979e+02,
       1.61150513e+02, 6.94483757e-01, 6.41162598e+02, 1.27857124e+02,
       7.12597489e-01, 5.41308350e+02, 1.16135651e+02, 8.54481220e-01,
       7.89993713e+02, 3.13971252e+02, 6.84280694e-01, 7.01901489e+02,
       3.92348145e+02, 7.74623036e-01, 6.66706848e+02, 3.10020813e+02,
       8.02626312e-01, 5.58842041e+02, 2.51259689e+02, 1.89457655e-01,
       5.54956543e+02, 2.08148819e+02, 2.74782896e-01, 3.49248322e+02,
       2.29700882e+02, 3.64570260e-01, 1.43496765e+02, 2.41447266e+02,
       2.11248130e-01, 5.74520813e+02, 3.06106781e+02, 1.22996598e-01,
       3.94286469e+02, 3.19835266e+02, 6.43192008e-02, 0., 0., 0.,
       8.84115906e+02, 2.06231537e+02, 8.20115268e-01, 8.86091248e+02,
       2.41373108e+02, 7.97029257e-01, 8.60547791e+02, 1.86616852e+02,
       6.33377254e-01, 8.78200195e+02, 2.59099701e+02, 5.14879286e-01,
       0., 0., 0., 0., 0., 0., 0., 0., 0., 9.84442978e+01,
       3.00230743e+02, 5.65094464e-02, 1.00423073e+02, 2.96328979e+02,
       6.30475283e-02, 1.27843674e+02, 2.31703323e+02, 1.90207377e-01 ]
