%YAML:1.0
---
pose_0: !!opencv-matrix
   rows: 1
   cols: 25
   dt: "3f"
   data: [ 8.44878479e+02, 2.78689270e+02, 6.97250545e-01,
       7.58617004e+02, 2.72818390e+02, 7.32496381e-01, 7.27284180e+02,
       2.25807053e+02, 7.02419281e-01, 6.99878174e+02, 1.49372101e+02,
       8.05123091e-01, 7.93926208e+02, 1.57194901e+02, 7.81785548e-01,
       7.88008789e+02, 3.21760620e+02, 7.00890541e-01, 7.37145020e+02,
       2.74736694e+02, 4.67190266e-01, 8.07592102e+02, 2.47337936e+02,
       1.02787405e-01, 5.29469177e+02, 3.35535278e+02, 3.71164024e-01,
       5.23619446e+02, 2.92402740e+02, 5.29294252e-01, 3.47264709e+02,
       2.86510498e+02, 2.59969413e-01, 2.23814789e+02, 2.92439514e+02,
       6.53179064e-02, 5.37298340e+02, 3.78609161e+02, 4.36219752e-01,
       3.64893829e+02, 4.47160095e+02, 6.28472984e-01, 2.25808197e+02,
       5.54969543e+02, 4.22011316e-01, 8.60540588e+02, 2.59153564e+02,
       6.99453115e-01, 8.58590759e+02, 2.86556885e+02, 7.20394194e-01,
       8.48787415e+02, 2.31708099e+02, 4.96109903e-01, 0., 0., 0.,
       1.74892319e+02, 5.52997192e+02, 6.93770498e-02, 1.84676208e+02,
       5.58840027e+02, 7.29265958e-02, 2.10117752e+02, 5.68625244e+02,
       2.55569667e-01, 0., 0., 0., 0., 0., 0., 0., 0., 0. ]
