%YAML:1.0
---
pose_0: !!opencv-matrix
   rows: 1
   cols: 25
   dt: "3f"
   data: [ 9.32999634e+02, 1.90494949e+02, 7.08356738e-01,
       8.56686218e+02, 2.74819794e+02, 4.57501680e-01, 0., 0., 0., 0.,
       0., 0., 0., 0., 0., 8.66401184e+02, 2.86493896e+02,
       3.88895571e-01, 7.48859924e+02, 2.64998169e+02, 6.68814719e-01,
       6.54869446e+02, 1.67089951e+02, 7.65371978e-01, 6.60732727e+02,
       3.17856140e+02, 9.50304121e-02, 0., 0., 0., 0., 0., 0., 0., 0.,
       0., 6.64629761e+02, 3.53118774e+02, 7.94804692e-02,
       3.08068085e+02, 3.13932220e+02, 6.00688830e-02, 0., 0., 0.,
       9.54625854e+02, 1.92517105e+02, 1.35205105e-01, 9.58528748e+02,
       2.00317291e+02, 7.76009262e-01, 0., 0., 0., 9.48681885e+02,
       2.66918243e+02, 7.76138425e-01, 0., 0., 0., 0., 0., 0., 0., 0.,
       0., 0., 0., 0., 0., 0., 0., 0., 0., 0. ]
