%YAML:1.0
---
pose_0: !!opencv-matrix
   rows: 2
   cols: 25
   dt: "3f"
   data: [ 9.09543945e+02, 3.31568146e+02, 7.37268269e-01,
       8.41007751e+02, 2.57127777e+02, 5.34873784e-01, 8.48804382e+02,
       2.41489899e+02, 7.05207705e-01, 7.41027710e+02, 2.61074524e+02,
       7.28885651e-01, 7.33208374e+02, 4.29554077e+02, 7.23094642e-01,
       8.37056335e+02, 2.74831177e+02, 3.01648378e-01, 7.40998352e+02,
       3.21799194e+02, 7.35879838e-02, 0., 0., 0., 5.45122620e+02,
       2.55155411e+02, 2.31372088e-01, 5.41252136e+02, 2.43439819e+02,
       2.35453174e-01, 3.55115173e+02, 3.19798035e+02, 9.19998661e-02,
       3.31572968e+02, 3.19825287e+02, 9.67908725e-02, 5.39286255e+02,
       2.61072845e+02, 1.49859339e-01, 4.11916779e+02, 3.33561340e+02,
       5.54315113e-02, 0., 0., 0., 9.25192627e+02, 3.13976440e+02,
       7.68930078e-01, 9.27186157e+02, 3.35533447e+02, 1.21443458e-01,
       9.15446045e+02, 2.61077301e+02, 8.98315072e-01, 0., 0., 0., 0.,
       0., 0., 0., 0., 0., 0., 0., 0., 0., 0., 0., 0., 0., 0., 0., 0.,
       0., 0., 0., 0., 0., 0., 0., 0., 0., 0., 0., 0., 0., 0., 0., 0.,
       6.80302368e+02, 2.94361511e+02, 1.96481109e-01, 6.62685730e+02,
       3.57060303e+02, 3.86601001e-01, 6.58733521e+02, 4.49132874e+02,
       6.36329770e-01, 0., 0., 0., 0., 0., 0., 0., 0., 0., 0., 0., 0.,
       0., 0., 0., 0., 0., 0., 0., 0., 0., 0., 0., 0., 0., 0., 0., 0.,
       0., 0., 0., 0., 0., 0., 0., 0., 0., 0., 0., 0., 0., 0., 0., 0.,
       0., 0., 0., 0., 0., 0., 0. ]
