%YAML:1.0
---
pose_0: !!opencv-matrix
   rows: 1
   cols: 25
   dt: "3f"
   data: [ 9.33023438e+02, 3.08149139e+02, 7.83614099e-01,
       8.23293457e+02, 3.64916321e+02, 6.30248308e-01, 8.05705017e+02,
       3.21759827e+02, 3.91202688e-01, 0., 0., 0., 0., 0., 0.,
       8.25320923e+02, 4.08003571e+02, 5.98232925e-01, 6.86196167e+02,
       4.60843292e+02, 7.52951860e-01, 5.84323853e+02, 3.62932343e+02,
       7.07921982e-01, 5.41223938e+02, 3.82500427e+02, 1.97424948e-01,
       5.39236633e+02, 3.60997925e+02, 1.58766523e-01, 3.49186401e+02,
       3.21853394e+02, 1.56498969e-01, 0., 0., 0., 0., 0., 0., 0., 0.,
       0., 0., 0., 0., 9.44820862e+02, 3.04135773e+02, 7.90391326e-01,
       9.48673157e+02, 3.33510620e+02, 8.63143444e-01, 0., 0., 0.,
       9.27193848e+02, 3.70840485e+02, 7.22620726e-01, 0., 0., 0., 0.,
       0., 0., 0., 0., 0., 0., 0., 0., 0., 0., 0., 0., 0., 0. ]
