%YAML:1.0
---
pose_0: !!opencv-matrix
   rows: 1
   cols: 25
   dt: "3f"
   data: [ 9.11492126e+02, 2.92481567e+02, 7.61449277e-01,
       7.99817993e+02, 3.21809540e+02, 6.22954130e-01, 7.97883728e+02,
       2.55185150e+02, 6.34661436e-01, 6.99919739e+02, 2.25826691e+02,
       2.40172163e-01, 5.86309998e+02, 1.63080765e+02, 3.50147337e-01,
       7.97873474e+02, 3.94259735e+02, 6.08774185e-01, 6.99976196e+02,
       4.13788330e+02, 7.70908594e-01, 7.60684326e+02, 3.33528412e+02,
       5.19900084e-01, 5.80393738e+02, 3.04134521e+02, 2.42000014e-01,
       5.82349060e+02, 2.61040436e+02, 2.59304941e-01, 3.80580414e+02,
       2.74797089e+02, 2.66325980e-01, 2.37550186e+02, 2.88509552e+02,
       7.08549768e-02, 5.76485046e+02, 3.51222382e+02, 1.75971970e-01,
       4.62863403e+02, 3.72743469e+02, 6.14799224e-02, 0., 0., 0.,
       9.15456116e+02, 2.78740570e+02, 8.64579737e-01, 9.19389587e+02,
       3.11984283e+02, 7.77744710e-01, 8.89919128e+02, 2.66921844e+02,
       3.30609560e-01, 9.01635437e+02, 3.37514618e+02, 5.43355644e-01,
       0., 0., 0., 0., 0., 0., 0., 0., 0., 0., 0., 0., 0., 0., 0., 0.,
       0., 0. ]
