%YAML:1.0
---
pose_0: !!opencv-matrix
   rows: 1
   cols: 25
   dt: "3f"
   data: [ 9.48783203e+02, 2.06184296e+02, 6.85446501e-01,
       8.35047607e+02, 2.19904907e+02, 6.24700904e-01, 8.27278687e+02,
       1.31694626e+02, 6.43992007e-01, 6.96033936e+02, 7.09739685e+01,
       8.11676621e-01, 5.98059937e+02, 8.27374115e+01, 8.02704573e-01,
       8.36973083e+02, 3.06168793e+02, 6.55218244e-01, 7.09694153e+02,
       3.66796204e+02, 7.83405542e-01, 5.99979492e+02, 3.49244598e+02,
       8.11044216e-01, 5.54902588e+02, 2.39486923e+02, 3.12840879e-01,
       5.54926392e+02, 1.90509613e+02, 3.48319650e-01, 3.53112061e+02,
       2.02281738e+02, 4.29475993e-01, 2.10118362e+02, 2.17962402e+02,
       2.11285830e-01, 5.54912231e+02, 2.78693207e+02, 3.18079978e-01,
       4.06069916e+02, 2.92455902e+02, 5.77561200e-01, 2.14079742e+02,
       3.08121735e+02, 5.12626469e-01, 9.64437073e+02, 1.80765045e+02,
       8.49273205e-01, 9.64388733e+02, 2.25749893e+02, 8.12905669e-01,
       9.35012024e+02, 1.53295197e+02, 5.21012902e-01, 9.38943298e+02,
       2.47347382e+02, 1.81257978e-01, 1.47439133e+02, 3.13948700e+02,
       1.17539644e-01, 1.57233536e+02, 3.21799805e+02, 1.20828390e-01,
       2.00334976e+02, 3.06135925e+02, 2.94016778e-01, 1.96403229e+02,
       2.35600662e+02, 8.98878500e-02, 0., 0., 0., 1.86615341e+02,
       2.27759476e+02, 9.86657217e-02 ]
