%YAML:1.0
---
pose_0: !!opencv-matrix
   rows: 1
   cols: 25
   dt: "3f"
   data: [ 9.48779846e+02, 3.04119873e+02, 8.13227475e-01,
       8.39025879e+02, 3.15881378e+02, 6.68660998e-01, 8.15469910e+02,
       2.31717834e+02, 5.83129287e-01, 7.60627747e+02, 2.10114227e+02,
       1.85228139e-01, 0., 0., 0., 8.64461304e+02, 3.98173370e+02,
       6.35938048e-01, 7.76344543e+02, 5.00062775e+02, 4.18037444e-01,
       7.82176453e+02, 5.29471802e+02, 3.96745712e-01, 5.56909241e+02,
       3.66861420e+02, 1.24764517e-01, 5.43175110e+02, 3.19832153e+02,
       2.11978316e-01, 3.90360718e+02, 3.35465057e+02, 1.54006034e-01,
       1.96402328e+02, 3.35518402e+02, 7.48557746e-02, 5.64736633e+02,
       4.25641479e+02, 1.36898860e-01, 3.80566406e+02, 4.78523132e+02,
       1.72339544e-01, 1.92458923e+02, 5.84318115e+02, 2.94368684e-01,
       9.62411438e+02, 2.76699402e+02, 8.14216673e-01, 9.66333130e+02,
       3.19754364e+02, 7.90975809e-01, 9.33013977e+02, 2.43485397e+02,
       5.57906806e-01, 9.58504333e+02, 3.37438019e+02, 5.08913584e-02,
       1.16036903e+02, 6.19554993e+02, 1.27569616e-01, 1.23905014e+02,
       6.25479980e+02, 1.23326205e-01, 1.78823532e+02, 5.86247498e+02,
       1.80944696e-01, 0., 0., 0., 0., 0., 0., 0., 0., 0. ]
