%YAML:1.0
---
pose_0: !!opencv-matrix
   rows: 1
   cols: 25
   dt: "3f"
   data: [ 9.31136353e+02, 3.02166870e+02, 7.98785329e-01,
       8.11559753e+02, 3.12026062e+02, 6.41259551e-01, 8.01767517e+02,
       2.31654861e+02, 6.59154534e-01, 6.92052856e+02, 1.96335571e+02,
       7.85937905e-01, 6.11773987e+02, 1.76843033e+02, 8.22820365e-01,
       8.21383911e+02, 3.92332031e+02, 5.83883405e-01, 7.13658386e+02,
       4.49110016e+02, 6.98454916e-01, 5.41262878e+02, 5.11828827e+02,
       6.80206001e-01, 5.51013977e+02, 3.43343781e+02, 1.94712073e-01,
       5.51013428e+02, 2.96350739e+02, 2.52706915e-01, 3.19831146e+02,
       3.08103607e+02, 2.26153105e-01, 0., 0., 0., 5.45146301e+02,
       3.88413300e+02, 1.96204513e-01, 3.84524811e+02, 4.49113495e+02,
       1.81312144e-01, 2.16008911e+02, 4.45273010e+02, 1.38136208e-01,
       9.33031128e+02, 2.76714447e+02, 8.43613267e-01, 9.46762329e+02,
       3.10022308e+02, 7.69694209e-01, 8.99793640e+02, 2.57179840e+02,
       4.90062296e-01, 9.34990662e+02, 3.35419495e+02, 2.22120136e-01,
       0., 0., 0., 0., 0., 0., 0., 0., 0., 0., 0., 0., 0., 0., 0., 0.,
       0., 0. ]
