%YAML:1.0
---
pose_0: !!opencv-matrix
   rows: 1
   cols: 25
   dt: "3f"
   data: [ 9.44779541e+02, 4.17834534e+02, 8.12053740e-01,
       8.46859314e+02, 4.37399719e+02, 6.60635710e-01, 8.31180969e+02,
       3.68764008e+02, 6.55953109e-01, 7.25311890e+02, 2.92455719e+02,
       7.25978315e-01, 6.39145020e+02, 2.43365189e+02, 7.19153106e-01,
       8.58633301e+02, 5.11853455e+02, 6.23021305e-01, 7.58600464e+02,
       5.70678223e+02, 7.24048376e-01, 6.25480713e+02, 5.56916321e+02,
       7.34470606e-01, 5.99991394e+02, 4.49148041e+02, 1.33845612e-01,
       5.94113403e+02, 4.04075714e+02, 1.66549355e-01, 4.00154388e+02,
       3.92334015e+02, 2.05735669e-01, 0., 0., 0., 6.03918213e+02,
       5.03994598e+02, 1.27691418e-01, 0., 0., 0., 0., 0., 0.,
       9.48816345e+02, 4.00141144e+02, 9.08855438e-01, 9.62424927e+02,
       4.33488495e+02, 8.63640010e-01, 9.29130981e+02, 3.82514069e+02,
       5.45754373e-01, 9.44824829e+02, 4.60845734e+02, 3.24204266e-01,
       0., 0., 0., 0., 0., 0., 0., 0., 0., 0., 0., 0., 0., 0., 0., 0.,
       0., 0. ]
