%YAML:1.0
---
pose_0: !!opencv-matrix
   rows: 1
   cols: 25
   dt: "3f"
   data: [ 8.50756714e+02, 2.21897797e+02, 7.71576643e-01,
       8.05709229e+02, 2.94349579e+02, 4.21380490e-01, 7.90034241e+02,
       2.72798950e+02, 1.59628525e-01, 6.68583557e+02, 2.43395981e+02,
       1.72612086e-01, 5.39312805e+02, 2.41512589e+02, 1.64239705e-01,
       8.19382568e+02, 2.98281372e+02, 5.98859370e-01, 6.68583557e+02,
       2.51261993e+02, 4.30260122e-01, 5.27500916e+02, 2.10147354e+02,
       7.28927851e-01, 5.47108948e+02, 3.53165680e+02, 2.04464465e-01,
       5.39269836e+02, 3.23751801e+02, 2.22538456e-01, 2.94377899e+02,
       2.80648712e+02, 2.57058233e-01, 8.27353821e+01, 4.15869232e+02,
       1.05747677e-01, 5.31438049e+02, 3.72735382e+02, 1.39663219e-01,
       2.94352234e+02, 2.86526154e+02, 3.30073148e-01, 8.46929550e+01,
       4.13908936e+02, 2.00234398e-01, 8.66397583e+02, 2.15980026e+02,
       3.27566504e-01, 8.70394775e+02, 2.29727478e+02, 8.67381036e-01,
       0., 0., 0., 8.72289124e+02, 2.88390045e+02, 8.21563125e-01,
       5.33894730e+01, 4.47149902e+02, 7.96662048e-02, 5.33704185e+01,
       4.47154053e+02, 9.75821838e-02, 0., 0., 0., 5.33789101e+01,
       4.51113922e+02, 6.86050430e-02, 5.34312973e+01, 4.49150635e+02,
       7.71965757e-02, 0., 0., 0. ]
