%YAML:1.0
---
pose_0: !!opencv-matrix
   rows: 1
   cols: 25
   dt: "3f"
   data: [ 9.84022278e+02, 3.25756927e+02, 7.64198422e-01,
       8.52697632e+02, 3.37501343e+02, 6.38348401e-01, 8.37053284e+02,
       2.43516251e+02, 6.78015053e-01, 7.25387451e+02, 2.04230240e+02,
       6.67076945e-01, 6.19620850e+02, 1.80770737e+02, 8.13239872e-01,
       8.64474121e+02, 4.29560974e+02, 4.74659920e-01, 7.25388000e+02,
       5.05924255e+02, 7.07415879e-01, 6.03995117e+02, 5.72645020e+02,
       7.56251037e-01, 6.07819214e+02, 3.70775970e+02, 1.39880195e-01,
       5.96073914e+02, 3.19861847e+02, 2.04677597e-01, 3.66851410e+02,
       3.33531036e+02, 8.80405977e-02, 0., 0., 0., 6.37229736e+02,
       4.25641968e+02, 1.19261354e-01, 0., 0., 0., 0., 0., 0.,
       9.85910767e+02, 3.02128021e+02, 7.95632124e-01, 1.01144769e+03,
       3.27661072e+02, 7.28747904e-01, 9.50729248e+02, 2.72826050e+02,
       5.47556400e-01, 1.00747247e+03, 3.57039948e+02, 1.27765462e-01,
       0., 0., 0., 0., 0., 0., 0., 0., 0., 0., 0., 0., 0., 0., 0., 0.,
       0., 0. ]
