%YAML:1.0
---
pose_0: !!opencv-matrix
   rows: 1
   cols: 25
   dt: "3f"
   data: [ 8.66390991e+02, 2.45426529e+02, 7.38856196e-01,
       7.86100098e+02, 3.19777588e+02, 6.31275117e-01, 7.66511597e+02,
       2.92399200e+02, 3.88885081e-01, 6.37216309e+02, 3.08049408e+02,
       3.08836520e-01, 5.92192078e+02, 2.55202530e+02, 7.56666780e-01,
       8.05622314e+02, 3.49196320e+02, 6.41716957e-01, 6.82350220e+02,
       3.84561615e+02, 7.87027240e-01, 5.70634155e+02, 2.84591400e+02,
       7.14431047e-01, 5.41238770e+02, 3.55099792e+02, 2.17918620e-01,
       5.51015198e+02, 3.31587646e+02, 1.55535966e-01, 3.17847443e+02,
       2.88498413e+02, 2.45585158e-01, 1.18021446e+02, 3.80527924e+02,
       1.87505037e-01, 5.37320557e+02, 3.70758392e+02, 2.16957092e-01,
       3.19804077e+02, 2.59168091e+02, 6.14350021e-01, 1.18006233e+02,
       3.76622070e+02, 3.98862749e-01, 8.70366821e+02, 2.41502884e+02,
       6.22270584e-01, 8.84031250e+02, 2.61124481e+02, 8.51306379e-01,
       0., 0., 0., 8.70304626e+02, 3.12006683e+02, 7.98428357e-01,
       7.49230347e+01, 4.09955627e+02, 1.04293309e-01, 7.49636078e+01,
       4.07979858e+02, 1.36601537e-01, 9.45280457e+01, 3.88408447e+02,
       3.07239622e-01, 8.27579956e+01, 4.04111267e+02, 7.82924816e-02,
       8.27957535e+01, 4.04111420e+02, 5.39931022e-02, 1.00397736e+02,
       3.98163422e+02, 1.42969072e-01 ]
