%YAML:1.0
---
pose_0: !!opencv-matrix
   rows: 1
   cols: 25
   dt: "3f"
   data: [ 1.02309460e+03, 2.25775757e+02, 8.31205130e-01,
       8.60570313e+02, 2.12136230e+02, 5.04168808e-01, 8.46842712e+02,
       1.20070450e+02, 5.52329063e-01, 7.25336609e+02, 8.66790314e+01,
       7.13977575e-01, 6.46958923e+02, 1.04358192e+02, 6.71543539e-01,
       8.68401001e+02, 3.19796753e+02, 4.39122915e-01, 7.11661316e+02,
       3.86458771e+02, 7.10029602e-01, 7.76409058e+02, 3.23739166e+02,
       7.67794907e-01, 5.78442505e+02, 2.41456619e+02, 8.93432423e-02,
       5.64721497e+02, 2.00327362e+02, 1.12234034e-01, 3.29643158e+02,
       3.35470978e+02, 5.39142117e-02, 1.61114471e+02, 3.17822021e+02,
       1.57114610e-01, 5.86267700e+02, 3.08079590e+02, 8.99875462e-02,
       3.64894257e+02, 3.39435974e+02, 8.22350234e-02, 1.59177261e+02,
       3.17835022e+02, 6.27288744e-02, 1.02502246e+03, 1.94530045e+02,
       8.48793268e-01, 1.04076794e+03, 2.29698929e+02, 6.92610264e-01,
       9.78101135e+02, 1.55263519e+02, 3.21530282e-01, 0., 0., 0., 0.,
       0., 0., 0., 0., 0., 0., 0., 0., 1.43527466e+02, 3.31571289e+02,
       5.47545180e-02, 1.41538651e+02, 3.29645477e+02, 6.32413402e-02,
       0., 0., 0. ]
