%YAML:1.0
---
pose_0: !!opencv-matrix
   rows: 1
   cols: 25
   dt: "3f"
   data: [ 9.60485291e+02, 2.47362411e+02, 7.16218293e-01,
       8.46869995e+02, 2.63014618e+02, 6.20115876e-01, 8.35054443e+02,
       1.84675659e+02, 6.33993387e-01, 7.74357300e+02, 1.47447357e+02,
       3.85702103e-01, 7.13584900e+02, 1.04324394e+02, 7.38028049e-01,
       8.58604614e+02, 3.51176666e+02, 6.19098306e-01, 7.64533936e+02,
       4.58907288e+02, 7.46106267e-01, 6.90065735e+02, 5.58823364e+02,
       6.43261552e-01, 5.51003601e+02, 3.21798279e+02, 1.64226383e-01,
       5.41233887e+02, 2.74802551e+02, 2.23542973e-01, 3.49235626e+02,
       2.92452789e+02, 1.06865853e-01, 0., 0., 0., 5.52967407e+02,
       3.74681824e+02, 1.68707848e-01, 3.62919861e+02, 4.25616180e+02,
       2.86618382e-01, 1.82733765e+02, 4.92263702e+02, 3.93988371e-01,
       9.74158081e+02, 2.23827393e+02, 6.91837251e-01, 9.80011963e+02,
       2.63042938e+02, 8.28898668e-01, 9.46711975e+02, 1.92456116e+02,
       6.50248408e-01, 9.74180054e+02, 2.84544037e+02, 1.13016926e-01,
       1.16018234e+02, 5.07920197e+02, 2.26810858e-01, 1.27861221e+02,
       5.15752563e+02, 2.23435536e-01, 1.68965775e+02, 4.92244354e+02,
       1.72953129e-01, 0., 0., 0., 0., 0., 0., 0., 0., 0. ]
