%YAML:1.0
---
pose_0: !!opencv-matrix
   rows: 1
   cols: 25
   dt: "3f"
   data: [ 8.99731567e+02, 2.84574921e+02, 7.40251899e-01,
       8.01776672e+02, 2.86494049e+02, 6.62805080e-01, 8.01767822e+02,
       2.08152969e+02, 6.69446349e-01, 6.88180176e+02, 1.33773621e+02,
       7.96376824e-01, 6.33343018e+02, 1.96506866e+02, 8.36673915e-01,
       7.99806763e+02, 3.64839325e+02, 6.32099688e-01, 7.27379578e+02,
       4.45179718e+02, 6.88741326e-01, 7.01847778e+02, 4.29541351e+02,
       7.71610618e-01, 5.49047791e+02, 3.19852936e+02, 3.27896953e-01,
       5.56916809e+02, 2.72808228e+02, 3.83144319e-01, 3.68794495e+02,
       3.00216522e+02, 3.34726781e-01, 1.63057358e+02, 3.11977966e+02,
       2.71862805e-01, 5.41214111e+02, 3.64894012e+02, 3.60275179e-01,
       3.74674866e+02, 3.64876129e+02, 2.95715213e-01, 1.68978439e+02,
       3.06143005e+02, 2.69046694e-01, 9.09509094e+02, 2.59208221e+02,
       7.65201509e-01, 9.15388306e+02, 2.94407104e+02, 7.74422288e-01,
       8.84116882e+02, 2.41437332e+02, 6.65619731e-01, 9.09530640e+02,
       3.13971252e+02, 1.88959539e-01, 0., 0., 0., 0., 0., 0.,
       1.45466446e+02, 2.94376770e+02, 1.38117507e-01, 0., 0., 0., 0.,
       0., 0., 1.43483948e+02, 3.13948700e+02, 1.92880780e-01 ]
