%YAML:1.0
---
pose_0: !!opencv-matrix
   rows: 1
   cols: 25
   dt: "3f"
   data: [ 8.66383057e+02, 2.19955856e+02, 8.15481007e-01,
       8.27245728e+02, 2.88536743e+02, 5.68085015e-01, 7.97860779e+02,
       2.70886169e+02, 3.57063264e-01, 7.27356934e+02, 2.59131714e+02,
       2.61125118e-01, 6.97998718e+02, 1.94417130e+02, 8.35331306e-02,
       8.50780334e+02, 3.02158691e+02, 6.55809462e-01, 7.58624084e+02,
       2.88468292e+02, 3.92056763e-01, 6.97900330e+02, 1.82770035e+02,
       6.58367634e-01, 6.48985779e+02, 3.62942444e+02, 1.13266200e-01,
       6.48977661e+02, 3.29627747e+02, 7.36849159e-02, 3.10034149e+02,
       2.90500366e+02, 1.58526033e-01, 9.06120224e+01, 4.04113678e+02,
       1.91078380e-01, 6.54837402e+02, 3.86446472e+02, 1.14839017e-01,
       3.06140564e+02, 2.90511292e+02, 1.57700196e-01, 8.67096252e+01,
       4.09919342e+02, 2.45309979e-01, 8.72356628e+02, 2.12065247e+02,
       3.73683989e-01, 8.86015442e+02, 2.25738022e+02, 9.26255584e-01,
       0., 0., 0., 9.01639893e+02, 2.76757172e+02, 8.58601630e-01,
       4.16822090e+01, 4.41295074e+02, 2.04147980e-01, 5.33247681e+01,
       4.45158997e+02, 2.46358275e-01, 5.92731628e+01, 4.15856140e+02,
       1.45321324e-01, 4.75066833e+01, 4.43277710e+02, 1.87627152e-01,
       5.13863792e+01, 4.35440063e+02, 1.67999864e-01, 0., 0., 0. ]
