%YAML:1.0
---
pose_0: !!opencv-matrix
   rows: 1
   cols: 25
   dt: "3f"
   data: [ 8.97732910e+02, 3.78587158e+02, 7.81901956e-01,
       7.89950439e+02, 3.51113953e+02, 6.71730936e-01, 7.88060547e+02,
       2.72848511e+02, 6.26086712e-01, 6.66558044e+02, 2.10043106e+02,
       8.05519044e-01, 7.45053101e+02, 2.33640656e+02, 7.34224796e-01,
       7.86107788e+02, 4.27620331e+02, 5.82836688e-01, 6.80319763e+02,
       4.96208252e+02, 8.22591484e-01, 7.88052429e+02, 5.07918457e+02,
       8.02693009e-01, 5.39252563e+02, 4.17791107e+02, 3.39259177e-01,
       5.35327637e+02, 3.68827179e+02, 3.80295008e-01, 3.64890076e+02,
       3.64873657e+02, 2.92983055e-01, 1.55288757e+02, 3.60945618e+02,
       3.53071988e-01, 5.45128540e+02, 4.60904358e+02, 3.84426773e-01,
       3.66862640e+02, 4.92180969e+02, 4.73051518e-01, 1.82721039e+02,
       5.27543518e+02, 3.43086571e-01, 9.13421021e+02, 3.53191681e+02,
       8.43056798e-01, 9.13433716e+02, 3.84552155e+02, 7.66790032e-01,
       8.87974365e+02, 3.15885071e+02, 8.18581879e-01, 0., 0., 0.,
       1.19974586e+02, 5.72601379e+02, 1.67739749e-01, 1.23937965e+02,
       5.72582153e+02, 1.70116201e-01, 1.57239059e+02, 5.17737793e+02,
       1.56453475e-01, 1.00398109e+02, 3.23754150e+02, 1.35979488e-01,
       1.02358643e+02, 3.21840424e+02, 9.31877345e-02, 1.41534683e+02,
       3.70752258e+02, 2.16273457e-01 ]
