%YAML:1.0
---
pose_0: !!opencv-matrix
   rows: 1
   cols: 25
   dt: "3f"
   data: [ 8.72326782e+02, 2.31700668e+02, 5.60522079e-01,
       7.84173279e+02, 2.88441589e+02, 5.41336656e-01, 7.64577271e+02,
       2.43467026e+02, 2.69987583e-01, 7.11669556e+02, 1.65066696e+02,
       7.09610105e-01, 8.07610840e+02, 1.63192886e+02, 7.95046687e-01,
       7.93958740e+02, 3.29645660e+02, 6.82933688e-01, 7.27302368e+02,
       2.63011261e+02, 6.23027802e-01, 8.37077881e+02, 2.33659821e+02,
       4.73980993e-01, 5.60800354e+02, 3.55095215e+02, 2.73299605e-01,
       5.52984924e+02, 3.06171143e+02, 2.84790576e-01, 4.88328125e+02,
       3.02159760e+02, 7.65631720e-02, 0., 0., 0., 5.62757629e+02,
       3.98176361e+02, 3.23756129e-01, 3.60990875e+02, 4.74557922e+02,
       4.36972499e-01, 2.25737488e+02, 5.88305420e+02, 3.97299886e-01,
       8.84058228e+02, 2.31690445e+02, 3.20484191e-01, 8.84087402e+02,
       2.49307465e+02, 7.11412072e-01, 0., 0., 0., 8.66434082e+02,
       2.90549896e+02, 8.10023367e-01, 1.33673691e+02, 5.90224792e+02,
       2.77049839e-01, 1.43481339e+02, 6.01874817e+02, 2.86951780e-01,
       2.14063232e+02, 6.15681946e+02, 2.96826422e-01, 0., 0., 0., 0.,
       0., 0., 0., 0., 0. ]
