%YAML:1.0
---
pose_0: !!opencv-matrix
   rows: 1
   cols: 25
   dt: "3f"
   data: [ 9.60422119e+02, 4.21714996e+02, 7.28225112e-01,
       8.42921326e+02, 4.23650299e+02, 6.31723225e-01, 8.40955444e+02,
       3.37471436e+02, 6.51955426e-01, 7.29346985e+02, 2.84550995e+02,
       7.58586526e-01, 6.48920410e+02, 3.49203033e+02, 7.53040195e-01,
       8.40947327e+02, 5.07907776e+02, 5.81094861e-01, 6.97892517e+02,
       5.52931702e+02, 7.65978754e-01, 5.82335388e+02, 5.84294434e+02,
       7.08166182e-01, 5.96082764e+02, 4.31493896e+02, 1.54343873e-01,
       5.86288025e+02, 3.94266663e+02, 2.35781580e-01, 3.66830780e+02,
       4.07998444e+02, 1.37264609e-01, 0., 0., 0., 5.88245239e+02,
       5.00062775e+02, 1.36146054e-01, 3.82527100e+02, 4.78536560e+02,
       5.79284206e-02, 0., 0., 0., 9.66378357e+02, 3.98251312e+02,
       8.39467883e-01, 9.68356018e+02, 4.43207855e+02, 7.57274270e-01,
       9.42862305e+02, 3.68742950e+02, 5.09886801e-01, 9.52616699e+02,
       4.62906158e+02, 6.64108843e-02, 0., 0., 0., 0., 0., 0., 0., 0.,
       0., 0., 0., 0., 0., 0., 0., 0., 0., 0. ]
