%YAML:1.0
---
pose_0: !!opencv-matrix
   rows: 1
   cols: 25
   dt: "3f"
   data: [ 9.33017883e+02, 2.78682800e+02, 7.82352626e-01,
       8.23352234e+02, 2.68870667e+02, 6.56660438e-01, 8.37004639e+02,
       1.84696274e+02, 6.34547710e-01, 7.09705933e+02, 1.10217476e+02,
       7.34820187e-01, 7.54768494e+02, 2.17985992e+02, 6.82552278e-01,
       8.07729065e+02, 3.57045746e+02, 5.70818782e-01, 6.82349060e+02,
       3.98092743e+02, 7.38342047e-01, 6.86221436e+02, 3.68858826e+02,
       7.69895494e-01, 5.74527100e+02, 2.68897949e+02, 2.07604155e-01,
       5.66690918e+02, 2.29711380e+02, 2.52899915e-01, 3.49236420e+02,
       2.37559814e+02, 2.78412282e-01, 1.57216797e+02, 2.41470795e+02,
       3.06640178e-01, 5.74534973e+02, 3.21762085e+02, 1.50103524e-01,
       3.51151764e+02, 3.17838837e+02, 3.33522499e-01, 1.49395981e+02,
       3.04199951e+02, 2.16379538e-01, 9.44760498e+02, 2.55214752e+02,
       8.19197059e-01, 9.48757568e+02, 2.94363800e+02, 7.47732222e-01,
       9.15435425e+02, 2.25819077e+02, 5.25725961e-01, 9.48689148e+02,
       3.19946838e+02, 9.43382233e-02, 8.27786179e+01, 3.51123230e+02,
       2.78654128e-01, 9.65000381e+01, 3.53160492e+02, 3.16764474e-01,
       0., 0., 0., 1.06296600e+02, 1.98369247e+02, 2.47776091e-01,
       1.06313194e+02, 1.98435852e+02, 1.90843031e-01, 0., 0., 0. ]
