%YAML:1.0
---
pose_0: !!opencv-matrix
   rows: 1
   cols: 25
   dt: "3f"
   data: [ 9.48720093e+02, 2.41401459e+02, 7.14846134e-01,
       8.66422668e+02, 3.06129028e+02, 4.18757856e-01, 8.68342957e+02,
       2.74770660e+02, 1.45861208e-01, 0., 0., 0., 0., 0., 0.,
       8.54660767e+02, 3.27646698e+02, 4.56785083e-01, 7.41032288e+02,
       3.02184937e+02, 6.00745261e-01, 7.11627563e+02, 1.92451004e+02,
       8.20791364e-01, 6.17617065e+02, 3.31602722e+02, 7.25259185e-02,
       0., 0., 0., 0., 0., 0., 0., 0., 0., 0., 0., 0., 0., 0., 0., 0.,
       0., 0., 9.66405273e+02, 2.41414307e+02, 4.30160046e-01,
       9.74165588e+02, 2.57182251e+02, 8.43470395e-01, 0., 0., 0.,
       9.52614197e+02, 3.08134277e+02, 7.74968922e-01, 0., 0., 0., 0.,
       0., 0., 0., 0., 0., 0., 0., 0., 0., 0., 0., 0., 0., 0. ]
