%YAML:1.0
---
pose_0: !!opencv-matrix
   rows: 1
   cols: 25
   dt: "3f"
   data: [ 8.99734802e+02, 2.84536377e+02, 8.31660688e-01,
       8.05699158e+02, 2.43395081e+02, 5.89019537e-01, 8.15507202e+02,
       1.78790344e+02, 6.02552950e-01, 7.46932983e+02, 1.29795883e+02,
       7.69824088e-01, 7.88085022e+02, 2.72874451e+02, 8.12507510e-01,
       7.91937134e+02, 3.08088715e+02, 4.41620827e-01, 0., 0., 0., 0.,
       0., 0., 6.48992126e+02, 2.51260834e+02, 1.52652949e-01,
       6.19578125e+02, 2.19899826e+02, 1.79591835e-01, 4.70683197e+02,
       3.08098633e+02, 1.61423609e-01, 3.49229645e+02, 3.51173340e+02,
       2.14924261e-01, 6.68568542e+02, 2.90476440e+02, 1.34638578e-01,
       6.35291260e+02, 3.17839081e+02, 1.81951672e-01, 5.39281921e+02,
       3.82461761e+02, 3.26628625e-01, 9.11517639e+02, 2.59117218e+02,
       8.66479218e-01, 9.13444214e+02, 2.88432800e+02, 7.92640865e-01,
       8.84016235e+02, 2.21889282e+02, 8.22041690e-01, 0., 0., 0.,
       4.90221771e+02, 3.82493317e+02, 2.40911663e-01, 4.96175446e+02,
       3.88398804e+02, 2.56604284e-01, 5.25487549e+02, 3.82534363e+02,
       2.13403672e-01, 0., 0., 0., 0., 0., 0., 0., 0., 0. ]
