%YAML:1.0
---
pose_0: !!opencv-matrix
   rows: 1
   cols: 25
   dt: "3f"
   data: [ 8.84054626e+02, 3.25714935e+02, 7.90441871e-01,
       7.92044861e+02, 3.15891785e+02, 7.24101186e-01, 7.97895874e+02,
       2.43437256e+02, 5.69585443e-01, 8.29186768e+02, 1.74814087e+02,
       7.52774239e-01, 9.21269470e+02, 2.72887939e+02, 7.10916281e-01,
       7.89984314e+02, 3.88379395e+02, 5.50459087e-01, 7.88076111e+02,
       5.00054260e+02, 7.65713453e-01, 8.76220398e+02, 4.29518402e+02,
       7.70164967e-01, 5.64728516e+02, 3.17865326e+02, 2.34896705e-01,
       5.60826111e+02, 2.72851013e+02, 3.17044079e-01, 3.70776001e+02,
       2.66953308e+02, 1.34196863e-01, 3.53140106e+02, 2.59107849e+02,
       6.67029098e-02, 5.60808228e+02, 3.68774963e+02, 2.42139012e-01,
       3.78598297e+02, 3.78579407e+02, 1.34096101e-01, 1.61169434e+02,
       3.57041931e+02, 3.41860592e-01, 9.01659729e+02, 3.06122223e+02,
       8.13496292e-01, 8.99697327e+02, 3.37538940e+02, 6.76231503e-01,
       8.82077393e+02, 2.82592316e+02, 3.21975082e-01, 0., 0., 0.,
       9.25629349e+01, 3.96261963e+02, 2.08185941e-01, 1.02423836e+02,
       3.98240265e+02, 2.51027197e-01, 1.33743881e+02, 3.37485840e+02,
       1.68967128e-01, 0., 0., 0., 0., 0., 0., 0., 0., 0. ]
