%YAML:1.0
---
pose_0: !!opencv-matrix
   rows: 1
   cols: 25
   dt: "3f"
   data: [ 9.50720703e+02, 2.92461395e+02, 7.76074052e-01,
       8.48798645e+02, 3.19783356e+02, 6.74535275e-01, 8.13527039e+02,
       2.39543991e+02, 6.20698750e-01, 7.21463196e+02, 2.04223343e+02,
       4.29376602e-01, 6.94016113e+02, 1.80702042e+02, 5.76748133e-01,
       8.82039673e+02, 4.02110687e+02, 6.07620358e-01, 8.03703064e+02,
       4.82449615e+02, 6.60069585e-01, 7.29310303e+02, 5.74522278e+02,
       7.29752898e-01, 5.51016541e+02, 4.00152496e+02, 2.07729086e-01,
       5.43188171e+02, 3.45313110e+02, 3.08357656e-01, 3.84511780e+02,
       3.57096924e+02, 2.35678881e-01, 0., 0., 0., 5.56900757e+02,
       4.51080658e+02, 2.73284137e-01, 3.66851990e+02, 5.54869751e+02,
       3.37632358e-01, 2.29736893e+02, 6.54846802e+02, 2.03968823e-01,
       9.62482605e+02, 2.66945953e+02, 8.44366431e-01, 9.72252136e+02,
       3.06175629e+02, 7.98553467e-01, 9.36998779e+02, 2.37547134e+02,
       6.87029421e-01, 9.68351990e+02, 3.25738373e+02, 6.52745217e-02,
       1.82675583e+02, 6.35297241e+02, 1.09476902e-01, 1.86639832e+02,
       6.45061584e+02, 1.11057892e-01, 0., 0., 0., 0., 0., 0., 0., 0.,
       0., 0., 0., 0. ]
