%YAML:1.0
---
pose_0: !!opencv-matrix
   rows: 1
   cols: 25
   dt: "3f"
   data: [ 9.50644287e+02, 3.06095490e+02, 7.83038259e-01,
       8.21384338e+02, 3.37441803e+02, 7.14254558e-01, 8.05679138e+02,
       2.55180313e+02, 6.58045411e-01, 6.82316895e+02, 2.08203171e+02,
       7.24977136e-01, 6.01913147e+02, 1.74814438e+02, 8.15559685e-01,
       8.35108704e+02, 4.17808197e+02, 6.12708211e-01, 7.54744080e+02,
       5.27470825e+02, 7.13245749e-01, 7.31317627e+02, 4.06051331e+02,
       7.51178384e-01, 5.70586731e+02, 3.39453461e+02, 1.61306962e-01,
       5.60808899e+02, 2.96347412e+02, 2.28233650e-01, 4.11908356e+02,
       3.06154694e+02, 9.75421891e-02, 0., 0., 0., 5.70609314e+02,
       3.94271515e+02, 1.36786848e-01, 0., 0., 0., 0., 0., 0.,
       9.62332275e+02, 2.86537109e+02, 7.44951010e-01, 9.64409790e+02,
       3.23761230e+02, 8.41072440e-01, 9.25203979e+02, 2.63036072e+02,
       3.21418226e-01, 9.44765808e+02, 3.53184631e+02, 2.81641304e-01,
       0., 0., 0., 0., 0., 0., 0., 0., 0., 0., 0., 0., 0., 0., 0., 0.,
       0., 0. ]
