%YAML:1.0
---
pose_0: !!opencv-matrix
   rows: 1
   cols: 25
   dt: "3f"
   data: [ 8.40967163e+02, 2.19904648e+02, 7.90497899e-01,
       7.82187744e+02, 2.80634399e+02, 5.25955260e-01, 7.64551208e+02,
       2.57186890e+02, 2.67487168e-01, 6.80378540e+02, 2.68862610e+02,
       9.79244113e-02, 0., 0., 0., 7.97872681e+02, 2.94389679e+02,
       5.28466523e-01, 6.70535339e+02, 2.45355667e+02, 7.03445792e-01,
       5.84294250e+02, 2.08099640e+02, 7.89808810e-01, 5.11845337e+02,
       3.55134338e+02, 4.16027308e-01, 5.09881958e+02, 3.19862946e+02,
       4.91407990e-01, 3.37469452e+02, 2.84588043e+02, 5.78032255e-01,
       1.20000778e+02, 3.80521362e+02, 3.18988651e-01, 5.19672363e+02,
       3.96253723e+02, 3.96563947e-01, 3.59008209e+02, 3.29645325e+02,
       2.86015123e-01, 1.18037628e+02, 3.78587891e+02, 2.11627513e-01,
       8.50766968e+02, 2.10073257e+02, 8.24224114e-01, 8.68347229e+02,
       2.29792740e+02, 8.49184871e-01, 0., 0., 0., 8.54740601e+02,
       2.82637207e+02, 7.97963262e-01, 8.08147507e+01, 4.02155243e+02,
       7.76941702e-02, 0., 0., 0., 8.87149963e+01, 3.86478912e+02,
       1.44809142e-01, 8.27734909e+01, 4.04086182e+02, 1.95621058e-01,
       8.08452682e+01, 3.98203156e+02, 1.77860215e-01, 1.04356339e+02,
       3.84494202e+02, 2.05602184e-01 ]
