%YAML:1.0
---
pose_0: !!opencv-matrix
   rows: 1
   cols: 25
   dt: "3f"
   data: [ 9.13411560e+02, 3.49199921e+02, 7.88450599e-01,
       8.23347839e+02, 2.84575592e+02, 5.25576055e-01, 8.25278320e+02,
       2.59105865e+02, 7.00172186e-01, 7.35193909e+02, 3.31580017e+02,
       7.18316257e-01, 8.50785339e+02, 4.21717865e+02, 6.86488688e-01,
       8.23360718e+02, 3.08083527e+02, 2.76661843e-01, 7.37132141e+02,
       3.96177948e+02, 7.62355089e-01, 8.38964233e+02, 4.19773590e+02,
       4.57704157e-01, 5.52943542e+02, 3.12013977e+02, 2.78914243e-01,
       5.45163269e+02, 2.86555359e+02, 3.12122494e-01, 2.96331421e+02,
       3.37432434e+02, 4.44277912e-01, 1.14139610e+02, 3.35511353e+02,
       2.44735733e-01, 5.58844116e+02, 3.47244446e+02, 1.74037740e-01,
       3.02189453e+02, 3.39419861e+02, 1.68371588e-01, 1.12174927e+02,
       3.35540253e+02, 2.42766768e-01, 9.29106384e+02, 3.23792847e+02,
       7.65146375e-01, 9.31027161e+02, 3.51153839e+02, 5.18831074e-01,
       9.15469971e+02, 2.78695984e+02, 8.71557772e-01, 0., 0., 0.,
       5.14097939e+01, 3.15922180e+02, 2.43837386e-01, 5.53333664e+01,
       3.25732971e+02, 2.38739416e-01, 8.47842102e+01, 3.51189636e+02,
       1.98379040e-01, 5.34129639e+01, 3.23766388e+02, 8.71446803e-02,
       5.33913536e+01, 3.23778656e+02, 6.30281195e-02, 9.25770950e+01,
       3.49229218e+02, 1.63857922e-01 ]
