%YAML:1.0
---
pose_0: !!opencv-matrix
   rows: 1
   cols: 25
   dt: "3f"
   data: [ 9.13401062e+02, 2.14094513e+02, 7.81327903e-01,
       7.88052307e+02, 2.25728409e+02, 6.68457210e-01, 7.86133789e+02,
       1.35742416e+02, 7.15544105e-01, 6.92067017e+02, 9.84419250e+01,
       7.80532539e-01, 6.64570129e+02, 1.31679916e+02, 9.07406211e-01,
       7.82201904e+02, 3.08079285e+02, 6.15306497e-01, 6.82263611e+02,
       3.74673737e+02, 8.13754380e-01, 5.78433655e+02, 3.84548431e+02,
       8.06179464e-01, 5.45120728e+02, 2.27794266e+02, 3.26193511e-01,
       5.52964111e+02, 1.88579849e+02, 3.68212849e-01, 4.11924500e+02,
       1.94458298e+02, 1.06784418e-01, 1.70927872e+02, 1.94427856e+02,
       2.14194119e-01, 5.37297852e+02, 2.76755127e+02, 2.74741858e-01,
       4.51092285e+02, 3.04196869e+02, 1.41308963e-01, 1.61126221e+02,
       2.53247879e+02, 2.68200964e-01, 9.15309448e+02, 1.94435165e+02,
       8.82134080e-01, 9.25221558e+02, 2.25791855e+02, 7.32597589e-01,
       8.72331482e+02, 1.74855377e+02, 6.98022366e-01, 8.99777405e+02,
       2.47401901e+02, 1.92933246e-01, 9.84227753e+01, 2.66936523e+02,
       1.36073261e-01, 1.10198166e+02, 2.74763855e+02, 1.53536513e-01,
       0., 0., 0., 1.37614471e+02, 1.55274185e+02, 1.52717873e-01,
       1.37649307e+02, 1.55301346e+02, 1.29724845e-01, 0., 0., 0. ]
