%YAML:1.0
---
pose_0: !!opencv-matrix
   rows: 1
   cols: 25
   dt: "3f"
   data: [ 1.03490979e+03, 2.15969376e+02, 7.56755412e-01,
       8.87994568e+02, 2.68887512e+02, 3.61954987e-01, 8.52706665e+02,
       1.74837753e+02, 3.01481247e-01, 7.78259521e+02, 1.74852890e+02,
       6.69989884e-02, 7.23420227e+02, 1.76804153e+02, 1.53321713e-01,
       9.09522461e+02, 3.45308807e+02, 3.43845189e-01, 8.23290466e+02,
       5.03971405e+02, 6.72345757e-01, 8.54614136e+02, 3.39414734e+02,
       6.69761121e-01, 0., 0., 0., 0., 0., 0., 0., 0., 0., 0., 0., 0.,
       0., 0., 0., 0., 0., 0., 0., 0., 0., 1.03875684e+03,
       1.92464096e+02, 7.73206174e-01, 1.05256689e+03, 2.29722565e+02,
       7.58483112e-01, 9.87919800e+02, 1.67040665e+02, 2.66169518e-01,
       1.02715247e+03, 2.72846069e+02, 3.17505807e-01, 0., 0., 0., 0.,
       0., 0., 0., 0., 0., 0., 0., 0., 0., 0., 0., 0., 0., 0. ]
