%YAML:1.0
---
pose_0: !!opencv-matrix
   rows: 1
   cols: 25
   dt: "3f"
   data: [ 9.15379028e+02, 3.82529633e+02, 8.41135502e-01,
       8.09590271e+02, 3.92321350e+02, 6.79329038e-01, 7.97846130e+02,
       3.19806305e+02, 7.06665337e-01, 6.82230103e+02, 2.70877533e+02,
       6.79467738e-01, 7.03846985e+02, 3.08082336e+02, 3.47445250e-01,
       8.21386292e+02, 4.68733521e+02, 6.39445662e-01, 7.41055908e+02,
       5.19635315e+02, 7.80383110e-01, 7.43014954e+02, 4.02112946e+02,
       6.41772032e-01, 5.64734741e+02, 4.17802612e+02, 1.21050961e-01,
       5.62762390e+02, 3.82495911e+02, 1.63648203e-01, 3.37430634e+02,
       3.78573059e+02, 3.45223486e-01, 1.16049088e+02, 3.49218658e+02,
       1.54256836e-01, 5.70608154e+02, 4.82459167e+02, 9.58462581e-02,
       3.70772980e+02, 4.94162079e+02, 9.48691964e-02, 1.61118988e+02,
       5.21602417e+02, 2.11412638e-01, 9.21288879e+02, 3.59052338e+02,
       8.09269190e-01, 9.29115295e+02, 3.98132416e+02, 8.39043677e-01,
       8.95786438e+02, 3.37553955e+02, 7.26518989e-01, 9.15389038e+02,
       4.15852997e+02, 3.84269208e-01, 0., 0., 0., 0., 0., 0.,
       1.37636810e+02, 5.09862885e+02, 1.12986527e-01, 9.25707092e+01,
       3.17827026e+02, 6.29314184e-02, 9.25831299e+01, 3.12018372e+02,
       5.49604222e-02, 0., 0., 0. ]
