%YAML:1.0
---
pose_0: !!opencv-matrix
   rows: 1
   cols: 25
   dt: "3f"
   data: [ 8.88042908e+02, 3.27680634e+02, 7.19397187e-01,
       8.37033325e+02, 2.47381790e+02, 3.82855088e-01, 8.41001892e+02,
       2.33616867e+02, 6.84188902e-01, 7.60562561e+02, 2.74805237e+02,
       8.03845346e-01, 7.72333862e+02, 3.86432068e+02, 8.35777998e-01,
       8.27262024e+02, 2.72800079e+02, 1.58954456e-01, 0., 0., 0., 0.,
       0., 0., 5.68658508e+02, 2.53205734e+02, 2.31859520e-01,
       5.60828247e+02, 2.27754410e+02, 1.86365068e-01, 4.29548492e+02,
       2.43487808e+02, 7.78929666e-02, 0., 0., 0., 5.66693970e+02,
       2.74770874e+02, 1.51499003e-01, 4.60914795e+02, 3.15892242e+02,
       9.48970020e-02, 1.29781982e+02, 3.06148438e+02, 6.91343546e-02,
       9.07572693e+02, 3.17900696e+02, 7.63006151e-01, 0., 0., 0.,
       9.13396057e+02, 2.65009735e+02, 7.98241675e-01, 0., 0., 0., 0.,
       0., 0., 0., 0., 0., 1.20010902e+02, 3.08073822e+02,
       5.70309274e-02, 0., 0., 0., 0., 0., 0., 0., 0., 0. ]
