%YAML:1.0
---
pose_0: !!opencv-matrix
   rows: 1
   cols: 25
   dt: "3f"
   data: [ 9.21297729e+02, 1.45436691e+02, 7.87277043e-01,
       8.07596436e+02, 1.47418091e+02, 6.20578527e-01, 8.01789185e+02,
       5.73804016e+01, 6.66298866e-01, 6.80363159e+02, 1.81259041e+01,
       7.24886835e-01, 6.17550049e+02, 3.97865524e+01, 7.64792740e-01,
       8.07675293e+02, 2.41402451e+02, 6.34744585e-01, 6.82298218e+02,
       2.90504486e+02, 7.49135435e-01, 5.56831116e+02, 3.13939911e+02,
       8.02330375e-01, 5.68648315e+02, 1.47405533e+02, 1.19071707e-01,
       5.52976868e+02, 1.00400291e+02, 1.47817552e-01, 0., 0., 0., 0.,
       0., 0., 5.62768494e+02, 1.98360443e+02, 7.32061416e-02, 0., 0.,
       0., 0., 0., 0., 9.31046021e+02, 1.18024216e+02, 8.49153101e-01,
       9.34979736e+02, 1.61112762e+02, 8.05775285e-01, 9.05646057e+02,
       9.45091019e+01, 4.67203200e-01, 9.19323364e+02, 1.80849747e+02,
       2.38595173e-01, 0., 0., 0., 0., 0., 0., 0., 0., 0., 0., 0., 0.,
       0., 0., 0., 0., 0., 0. ]
