%YAML:1.0
---
pose_0: !!opencv-matrix
   rows: 1
   cols: 25
   dt: "3f"
   data: [ 8.88003235e+02, 3.15905426e+02, 1.18684880e-01,
       7.88046753e+02, 3.19819000e+02, 6.22858107e-01, 8.03707703e+02,
       2.72755493e+02, 2.97680944e-01, 7.89965271e+02, 2.02280640e+02,
       7.42532849e-01, 8.48820740e+02, 2.88518524e+02, 7.24464774e-01,
       7.70414185e+02, 3.57032166e+02, 4.96911913e-01, 8.03677307e+02,
       4.13871918e+02, 8.00840259e-01, 8.72307434e+02, 3.66872040e+02,
       7.32821226e-01, 5.60804199e+02, 3.21786224e+02, 9.05545354e-02,
       5.39273865e+02, 2.78708160e+02, 5.04727215e-02, 0., 0., 0., 0.,
       0., 0., 5.74515625e+02, 3.53116364e+02, 6.80462494e-02, 0., 0.,
       0., 0., 0., 0., 8.89947571e+02, 2.90448395e+02, 1.39219820e-01,
       9.11472473e+02, 3.19827698e+02, 8.71048346e-02, 8.85991455e+02,
       2.80660675e+02, 5.68686910e-02, 0., 0., 0., 0., 0., 0., 0., 0.,
       0., 0., 0., 0., 0., 0., 0., 0., 0., 0., 0., 0., 0. ]
