%YAML:1.0
---
pose_0: !!opencv-matrix
   rows: 1
   cols: 25
   dt: "3f"
   data: [ 1.07610583e+03, 2.04283951e+02, 7.54325151e-01,
       9.21284790e+02, 2.33662903e+02, 3.07188123e-01, 8.84059143e+02,
       1.63125641e+02, 2.28888065e-01, 0., 0., 0., 0., 0., 0.,
       9.54610535e+02, 3.27653534e+02, 2.90838867e-01, 8.54678162e+02,
       4.88280731e+02, 6.94370508e-01, 9.23238342e+02, 3.21762390e+02,
       6.99916124e-01, 0., 0., 0., 0., 0., 0., 0., 0., 0., 0., 0., 0.,
       0., 0., 0., 0., 0., 0., 0., 0., 0., 1.08192383e+03,
       1.78688400e+02, 7.96791136e-01, 1.10344299e+03, 2.18007721e+02,
       6.76360488e-01, 1.03491565e+03, 1.49401535e+02, 4.02904570e-01,
       1.08982703e+03, 2.55144791e+02, 1.30883560e-01, 0., 0., 0., 0.,
       0., 0., 0., 0., 0., 0., 0., 0., 0., 0., 0., 0., 0., 0. ]
