%YAML:1.0
---
pose_0: !!opencv-matrix
   rows: 1
   cols: 25
   dt: "3f"
   data: [ 9.35042725e+02, 4.29573212e+02, 8.26376677e-01,
       8.33131897e+02, 4.27569336e+02, 6.50077462e-01, 8.33090637e+02,
       3.41362854e+02, 6.32965803e-01, 7.13637451e+02, 2.92399719e+02,
       8.13999772e-01, 6.35212463e+02, 3.60960327e+02, 7.20458150e-01,
       8.25355774e+02, 5.07912079e+02, 5.64693570e-01, 6.80265015e+02,
       5.54915161e+02, 7.80267358e-01, 5.66660156e+02, 5.86215454e+02,
       7.33816266e-01, 5.92164307e+02, 4.37381866e+02, 2.08413407e-01,
       5.86286499e+02, 3.98207306e+02, 2.91369259e-01, 3.98200714e+02,
       4.11918701e+02, 7.28592798e-02, 0., 0., 0., 6.19601318e+02,
       4.96159271e+02, 1.30324885e-01, 0., 0., 0., 0., 0., 0.,
       9.48775574e+02, 4.02158997e+02, 8.18315983e-01, 9.50711609e+02,
       4.47131622e+02, 8.23531926e-01, 9.34995850e+02, 3.70850616e+02,
       4.71604973e-01, 0., 0., 0., 0., 0., 0., 0., 0., 0., 0., 0., 0.,
       0., 0., 0., 0., 0., 0., 0., 0., 0. ]
