%YAML:1.0
---
pose_0: !!opencv-matrix
   rows: 1
   cols: 25
   dt: "3f"
   data: [ 9.44836426e+02, 2.92435333e+02, 7.09558189e-01,
       8.35090637e+02, 3.00265411e+02, 6.14705324e-01, 8.25286987e+02,
       2.14096176e+02, 6.36939585e-01, 6.78380676e+02, 1.45440277e+02,
       6.97918952e-01, 7.25386475e+02, 2.10185532e+02, 8.30273628e-01,
       8.40974792e+02, 3.86443787e+02, 5.88087678e-01, 6.82209717e+02,
       4.62851746e+02, 8.14153492e-01, 7.58704041e+02, 3.86503174e+02,
       8.06352556e-01, 5.68648865e+02, 3.00254761e+02, 1.75424039e-01,
       5.49051575e+02, 2.59089172e+02, 2.97671229e-01, 3.37493866e+02,
       2.90394196e+02, 3.94812047e-01, 1.12155075e+02, 2.76757690e+02,
       1.47388473e-01, 5.88243408e+02, 3.55125763e+02, 1.09435774e-01,
       0., 0., 0., 0., 0., 0., 9.64375488e+02, 2.70806091e+02,
       7.90710092e-01, 9.62477295e+02, 3.17813354e+02, 7.65392244e-01,
       9.33106506e+02, 2.35623764e+02, 4.61344033e-01, 0., 0., 0., 0.,
       0., 0., 0., 0., 0., 0., 0., 0., 0., 0., 0., 0., 0., 0., 0., 0.,
       0. ]
