%YAML:1.0
---
pose_0: !!opencv-matrix
   rows: 1
   cols: 25
   dt: "3f"
   data: [ 9.05632019e+02, 4.58957489e+02, 7.59259164e-01,
       8.05722900e+02, 4.58942535e+02, 6.95434511e-01, 8.01747009e+02,
       3.84439758e+02, 6.25710845e-01, 7.50817078e+02, 2.70819122e+02,
       5.98067462e-01, 7.58606812e+02, 1.61108994e+02, 3.23477477e-01,
       8.07652954e+02, 5.39205383e+02, 6.00963116e-01, 7.03804565e+02,
       5.88245056e+02, 6.88766778e-01, 5.68606140e+02, 6.17684814e+02,
       7.80677497e-01, 5.80404114e+02, 4.64813263e+02, 1.78204924e-01,
       5.74536804e+02, 4.31491943e+02, 2.52853394e-01, 3.25714142e+02,
       3.80547913e+02, 1.39056727e-01, 2.06216660e+02, 3.49210175e+02,
       1.21907160e-01, 5.70603027e+02, 5.17722046e+02, 1.10638060e-01,
       0., 0., 0., 0., 0., 0., 9.17314941e+02, 4.37358337e+02,
       8.73433113e-01, 9.21312378e+02, 4.74554108e+02, 7.85245836e-01,
       8.93845886e+02, 4.13935089e+02, 6.53885126e-01, 9.01692322e+02,
       4.90249542e+02, 1.56518832e-01, 0., 0., 0., 0., 0., 0., 0., 0.,
       0., 1.94424088e+02, 3.49201874e+02, 8.22757557e-02,
       1.92483734e+02, 3.47232208e+02, 8.90899822e-02, 0., 0., 0. ]
