%YAML:1.0
---
pose_0: !!opencv-matrix
   rows: 1
   cols: 25
   dt: "3f"
   data: [ 8.99630310e+02, 3.78573792e+02, 8.26319814e-01,
       8.05750305e+02, 4.23702209e+02, 7.10982800e-01, 7.78272034e+02,
       3.86453888e+02, 6.36021197e-01, 7.58706116e+02, 4.62864746e+02,
       5.55256680e-02, 0., 0., 0., 8.35075562e+02, 4.64822327e+02,
       6.46655381e-01, 7.70387939e+02, 4.70687408e+02, 7.05772579e-01,
       7.46932434e+02, 3.41401154e+02, 7.33806968e-01, 5.70615540e+02,
       4.56988159e+02, 2.01037169e-01, 5.70602234e+02, 4.19734161e+02,
       2.52365291e-01, 3.55095245e+02, 3.98240204e+02, 2.07689032e-01,
       1.53344742e+02, 3.84436401e+02, 2.74432093e-01, 5.68653503e+02,
       5.03994904e+02, 1.37670666e-01, 3.57083771e+02, 3.98220398e+02,
       1.51791960e-01, 1.53294128e+02, 3.84563629e+02, 2.76012480e-01,
       8.99745300e+02, 3.62972290e+02, 8.47467363e-01, 9.13440369e+02,
       3.86529816e+02, 8.19120884e-01, 8.68442139e+02, 3.57066833e+02,
       3.18582833e-01, 9.01725159e+02, 4.17866943e+02, 5.90471804e-01,
       1.21954338e+02, 3.41400665e+02, 7.99110159e-02, 1.20044899e+02,
       3.51153229e+02, 9.95554328e-02, 1.35688217e+02, 3.96262024e+02,
       1.56304538e-01, 1.25875977e+02, 3.41372620e+02, 1.22149676e-01,
       0., 0., 0., 0., 0., 0. ]
