%YAML:1.0
---
pose_0: !!opencv-matrix
   rows: 1
   cols: 25
   dt: "3f"
   data: [ 8.84133179e+02, 3.39480377e+02, 7.93939650e-01,
       7.97857910e+02, 2.66951660e+02, 5.30951619e-01, 8.05695679e+02,
       2.41527420e+02, 6.92191303e-01, 6.82217041e+02, 2.25792160e+02,
       6.48224950e-01, 6.39215454e+02, 3.68805145e+02, 4.10452634e-01,
       7.88074585e+02, 2.96315399e+02, 3.19321156e-01, 7.03843323e+02,
       3.19851715e+02, 1.73180193e-01, 0., 0., 0., 5.58842468e+02,
       2.33643661e+02, 1.23436034e-01, 5.45135559e+02, 2.23815369e+02,
       1.49797902e-01, 4.04081818e+02, 2.63034882e+02, 7.20987916e-02,
       0., 0., 0., 5.58861938e+02, 2.33628815e+02, 7.77452663e-02,
       4.37393860e+02, 3.31592102e+02, 7.50064477e-02, 0., 0., 0.,
       9.01684143e+02, 3.21887054e+02, 8.24091136e-01, 0., 0., 0.,
       8.88004395e+02, 2.72888855e+02, 8.67534280e-01, 0., 0., 0., 0.,
       0., 0., 0., 0., 0., 0., 0., 0., 0., 0., 0., 0., 0., 0., 0., 0.,
       0. ]
