%YAML:1.0
---
pose_0: !!opencv-matrix
   rows: 1
   cols: 25
   dt: "3f"
   data: [ 9.27191895e+02, 2.17991379e+02, 7.50199020e-01,
       8.21335022e+02, 2.74778290e+02, 7.10982263e-01, 7.99838379e+02,
       2.08117249e+02, 4.47901487e-01, 6.80310059e+02, 1.88553650e+02,
       7.49253631e-02, 0., 0., 0., 8.27297607e+02, 3.37519135e+02,
       6.30569875e-01, 6.98009338e+02, 3.76629913e+02, 7.17945218e-01,
       5.52989990e+02, 3.66887115e+02, 8.02220106e-01, 5.25535339e+02,
       2.86495575e+02, 2.37881556e-01, 5.23605591e+02, 2.49295105e+02,
       2.73271263e-01, 3.66837372e+02, 2.29695663e+02, 1.03474870e-01,
       0., 0., 0., 5.15740051e+02, 3.19862457e+02, 2.10040689e-01,
       3.49215271e+02, 3.98255035e+02, 3.41609776e-01, 1.49406937e+02,
       4.76613403e+02, 3.52013558e-01, 9.33034729e+02, 2.06176422e+02,
       8.15158069e-01, 9.46667725e+02, 2.35565887e+02, 8.46183062e-01,
       9.09495789e+02, 1.96380676e+02, 7.64906481e-02, 9.23275146e+02,
       2.76728516e+02, 6.97030604e-01, 1.20006546e+02, 4.39331116e+02,
       5.12434244e-02, 0., 0., 0., 1.39626328e+02, 4.88333984e+02,
       2.95976102e-01, 0., 0., 0., 0., 0., 0., 0., 0., 0. ]
