%YAML:1.0
---
pose_0: !!opencv-matrix
   rows: 1
   cols: 25
   dt: "3f"
   data: [ 9.01662476e+02, 2.43491638e+02, 8.50652814e-01,
       8.60560425e+02, 3.04132416e+02, 4.61572647e-01, 8.68350830e+02,
       2.94407593e+02, 4.11652714e-01, 0., 0., 0., 0., 0., 0.,
       8.66392822e+02, 2.98262238e+02, 4.50998008e-01, 7.64571167e+02,
       2.72833466e+02, 2.41892159e-01, 792., 1.96454056e+02,
       1.42774522e-01, 7.35172058e+02, 3.25716400e+02, 1.23398155e-01,
       7.21456970e+02, 3.04176331e+02, 1.28073141e-01, 3.23757660e+02,
       3.06190308e+02, 1.52050674e-01, 9.84419937e+01, 4.11931335e+02,
       9.46703926e-02, 0., 0., 0., 0., 0., 0., 0., 0., 0.,
       9.15422241e+02, 2.43404541e+02, 2.71710724e-01, 9.19357544e+02,
       2.57096497e+02, 8.44661713e-01, 0., 0., 0., 9.17387146e+02,
       3.10083649e+02, 8.10182452e-01, 0., 0., 0., 0., 0., 0., 0., 0.,
       0., 4.55797844e+01, 4.49116638e+02, 1.76793456e-01,
       4.94405441e+01, 4.43282867e+02, 1.55050248e-01, 0., 0., 0. ]
