%YAML:1.0
---
pose_0: !!opencv-matrix
   rows: 1
   cols: 25
   dt: "3f"
   data: [ 8.56637878e+02, 1.63171982e+02, 8.51897597e-01,
       7.70450623e+02, 1.33753784e+02, 5.13065875e-01, 7.62598694e+02,
       9.25678177e+01, 2.21314222e-01, 0., 0., 0., 0., 0., 0.,
       7.74359619e+02, 1.78820175e+02, 4.29077804e-01, 7.94005554e+02,
       2.37569977e+02, 6.68693721e-01, 8.74276917e+02, 2.49288589e+02,
       7.35879540e-01, 5.31413635e+02, 1.63088745e+02, 1.28221408e-01,
       5.27528809e+02, 1.33699600e+02, 1.07604153e-01, 3.27698151e+02,
       2.25711624e+02, 1.21718094e-01, 1.47432663e+02, 2.25792587e+02,
       3.55922431e-01, 5.41219482e+02, 1.96400894e+02, 9.35036168e-02,
       3.47253937e+02, 2.25722839e+02, 1.46299988e-01, 1.45489975e+02,
       2.25745956e+02, 1.08672738e-01, 8.68384277e+02, 1.39631927e+02,
       8.27261984e-01, 8.72378296e+02, 1.63188446e+02, 7.31173337e-01,
       8.48754700e+02, 1.00451530e+02, 8.06331754e-01, 0., 0., 0., 0.,
       0., 0., 0., 0., 0., 1.16120094e+02, 2.04255310e+02,
       7.31230751e-02, 1.02328773e+02, 2.57168152e+02, 7.58866519e-02,
       0., 0., 0., 1.25895470e+02, 2.15990036e+02, 2.01310590e-01 ]
