%YAML:1.0
---
pose_0: !!opencv-matrix
   rows: 1
   cols: 25
   dt: "3f"
   data: [ 1.00952692e+03, 2.06202820e+02, 8.24980617e-01,
       8.86047485e+02, 2.10109528e+02, 4.79519576e-01, 8.82101379e+02,
       1.21993027e+02, 4.24988627e-01, 8.87988831e+02, 9.06111984e+01,
       7.03950003e-02, 0., 0., 0., 8.93848877e+02, 3.04089478e+02,
       5.77807426e-01, 7.80246155e+02, 3.66870911e+02, 1.63780347e-01,
       7.29362000e+02, 3.47287018e+02, 4.52867299e-01, 6.01956726e+02,
       2.21870361e+02, 9.29568782e-02, 5.72581177e+02, 1.76841415e+02,
       1.32384092e-01, 0., 0., 0., 0., 0., 0., 5.64736328e+02,
       2.72823730e+02, 8.26102644e-02, 0., 0., 0., 0., 0., 0.,
       1.02507837e+03, 1.76853561e+02, 8.54924262e-01, 1.02714075e+03,
       2.23783936e+02, 7.82457530e-01, 9.95766724e+02, 1.45427811e+02,
       5.98093987e-01, 1.01533545e+03, 2.47376419e+02, 5.96810393e-02,
       0., 0., 0., 0., 0., 0., 0., 0., 0., 0., 0., 0., 0., 0., 0., 0.,
       0., 0. ]
