%YAML:1.0
---
pose_0: !!opencv-matrix
   rows: 1
   cols: 25
   dt: "3f"
   data: [ 9.60426208e+02, 3.15914886e+02, 7.77071297e-01,
       8.38991638e+02, 3.51155426e+02, 6.31573439e-01, 8.19358521e+02,
       2.88534119e+02, 5.05051494e-01, 0., 0., 0., 0., 0., 0.,
       8.50762329e+02, 4.11887878e+02, 6.25711679e-01, 7.42959351e+02,
       4.66769073e+02, 7.94150829e-01, 6.92105774e+02, 3.68759308e+02,
       7.40928948e-01, 5.62785217e+02, 3.55094086e+02, 1.58923134e-01,
       5.70579773e+02, 3.11992950e+02, 2.57792294e-01, 3.72717438e+02,
       2.61065308e+02, 1.80113807e-01, 0., 0., 0., 5.56915161e+02,
       4.00172333e+02, 1.41957104e-01, 3.64886658e+02, 4.15820648e+02,
       1.73384488e-01, 2.55178009e+02, 4.47187683e+02, 7.26187900e-02,
       9.64319153e+02, 3.00252533e+02, 8.30422103e-01, 9.72248169e+02,
       3.33538727e+02, 8.15896749e-01, 9.46691467e+02, 2.88527374e+02,
       5.51611185e-02, 9.46721497e+02, 3.68790955e+02, 4.41913456e-01,
       0., 0., 0., 0., 0., 0., 0., 0., 0., 0., 0., 0., 0., 0., 0., 0.,
       0., 0. ]
