%YAML:1.0
---
pose_0: !!opencv-matrix
   rows: 1
   cols: 25
   dt: "3f"
   data: [ 8.72284668e+02, 1.88578110e+02, 7.70916998e-01,
       8.38977539e+02, 2.57186768e+02, 4.22742158e-01, 8.27258301e+02,
       2.41463348e+02, 1.54108673e-01, 0., 0., 0., 0., 0., 0.,
       8.52662109e+02, 2.70863342e+02, 4.93123174e-01, 7.15635742e+02,
       2.02307587e+02, 6.09874249e-01, 5.88274414e+02, 1.65048599e+02,
       7.91533172e-01, 5.09869476e+02, 3.23740540e+02, 1.48058906e-01,
       5.05969696e+02, 2.98303589e+02, 1.68727040e-01, 3.13970581e+02,
       2.57161316e+02, 2.22963348e-01, 8.67311249e+01, 3.72723419e+02,
       3.85753512e-01, 4.98120758e+02, 3.41382538e+02, 1.08933568e-01,
       3.11979889e+02, 2.57196655e+02, 2.23699838e-01, 8.66725464e+01,
       3.74711853e+02, 1.12329818e-01, 8.85979065e+02, 1.80677734e+02,
       5.85154235e-01, 8.97752869e+02, 1.94518646e+02, 8.59433055e-01,
       0., 0., 0., 9.03662781e+02, 2.57030670e+02, 8.18250299e-01, 0.,
       0., 0., 0., 0., 0., 6.32149620e+01, 3.84505585e+02,
       7.36138150e-02, 5.53271790e+01, 4.00175629e+02, 1.46779507e-01,
       5.34395714e+01, 3.94260803e+02, 1.46391571e-01, 8.08082352e+01,
       3.84473969e+02, 2.70991981e-01 ]
