%YAML:1.0
---
pose_0: !!opencv-matrix
   rows: 1
   cols: 25
   dt: "3f"
   data: [ 9.17367371e+02, 2.90525330e+02, 8.33827257e-01,
       8.07725464e+02, 3.13987183e+02, 7.16369331e-01, 8.01756775e+02,
       2.51286240e+02, 6.99266195e-01, 7.35147156e+02, 2.39491257e+02,
       8.64686444e-02, 0., 0., 0., 8.21281189e+02, 3.82476318e+02,
       6.18261397e-01, 7.44911377e+02, 4.06046844e+02, 7.68941760e-01,
       7.46982483e+02, 3.08112762e+02, 7.24633634e-01, 5.58837524e+02,
       3.23784668e+02, 2.75766611e-01, 5.60833862e+02, 2.84559479e+02,
       2.74269193e-01, 5.27516357e+02, 2.37548035e+02, 2.74456054e-01,
       1.51396851e+02, 3.53119415e+02, 1.23140305e-01, 5.56901306e+02,
       3.68828674e+02, 2.85441309e-01, 3.66838867e+02, 3.68785645e+02,
       4.12521124e-01, 1.61148087e+02, 3.51209991e+02, 8.00439268e-02,
       9.19339478e+02, 2.74840729e+02, 8.74732077e-01, 9.29121521e+02,
       3.06147522e+02, 8.20752203e-01, 8.87983154e+02, 2.63000061e+02,
       4.52527672e-01, 9.07602356e+02, 3.35570709e+02, 5.06242990e-01,
       1.02429123e+02, 3.88406891e+02, 1.09273441e-01, 1.08270264e+02,
       3.86473389e+02, 1.15969740e-01, 0., 0., 0., 1.04315147e+02,
       3.82537048e+02, 1.99858814e-01, 1.04354576e+02, 3.72756836e+02,
       1.89611167e-01, 0., 0., 0. ]
