%YAML:1.0
---
pose_0: !!opencv-matrix
   rows: 1
   cols: 25
   dt: "3f"
   data: [ 9.11457275e+02, 2.88545746e+02, 7.48296499e-01,
       8.05742676e+02, 3.08121002e+02, 7.38460302e-01, 7.91972290e+02,
       2.43373032e+02, 7.07955599e-01, 7.50852844e+02, 2.12151993e+02,
       4.73928005e-01, 6.98039673e+02, 1.70949295e+02, 7.77572453e-01,
       8.21276855e+02, 3.84463715e+02, 6.83052540e-01, 6.99895203e+02,
       4.60911926e+02, 6.77725315e-01, 5.72576416e+02, 4.92205414e+02,
       8.22272539e-01, 5.43192749e+02, 3.51171753e+02, 3.21938992e-01,
       5.39280701e+02, 3.06176208e+02, 3.14109951e-01, 3.68831024e+02,
       3.02192505e+02, 3.34799945e-01, 3.23738770e+02, 3.23784943e+02,
       5.98927699e-02, 5.52981262e+02, 3.86490326e+02, 3.53186935e-01,
       3.64902222e+02, 3.37506592e+02, 4.59674448e-01, 1.63106247e+02,
       3.68838654e+02, 4.05231804e-01, 9.15460693e+02, 2.70855469e+02,
       8.07862282e-01, 9.19320984e+02, 3.04209015e+02, 8.40564907e-01,
       8.84111450e+02, 2.47360367e+02, 5.77010691e-01, 9.07562744e+02,
       3.25695374e+02, 3.11501592e-01, 9.06526642e+01, 3.66912231e+02,
       6.30779862e-02, 1.00362556e+02, 3.80582764e+02, 8.33506137e-02,
       1.39591003e+02, 3.84526276e+02, 2.76248366e-01, 0., 0., 0., 0.,
       0., 0., 0., 0., 0. ]
