%YAML:1.0
---
pose_0: !!opencv-matrix
   rows: 1
   cols: 25
   dt: "3f"
   data: [ 8.25258728e+02, 3.19828461e+02, 3.94260883e-01,
       7.42994324e+02, 3.02191620e+02, 6.71006203e-01, 7.54782166e+02,
       2.57160309e+02, 2.84087479e-01, 7.74259094e+02, 2.43465149e+02,
       7.51885891e-01, 8.82047974e+02, 3.19862000e+02, 7.79587984e-01,
       7.29377014e+02, 3.43349792e+02, 5.10226786e-01, 7.07746643e+02,
       4.47289337e+02, 8.22811067e-01, 7.90023865e+02, 4.23670227e+02,
       8.39394450e-01, 5.09889252e+02, 2.70872986e+02, 4.14364487e-01,
       5.09921417e+02, 2.33640945e+02, 4.91103619e-01, 3.49204681e+02,
       2.00314621e+02, 3.59048903e-01, 2.92407654e+02, 1.78695786e+02,
       9.22933519e-02, 5.09906525e+02, 3.08069519e+02, 4.49311256e-01,
       3.37459564e+02, 3.49160645e+02, 4.66155976e-01, 1.55284363e+02,
       3.21884064e+02, 6.04045510e-01, 8.35052246e+02, 3.06159668e+02,
       3.13894957e-01, 8.31180420e+02, 3.19811340e+02, 9.44807827e-02,
       8.17437500e+02, 2.92397247e+02, 1.39770463e-01, 0., 0., 0.,
       1.18022820e+02, 3.82508911e+02, 5.74562669e-01, 1.27834686e+02,
       3.82474487e+02, 4.89907533e-01, 1.35714630e+02, 3.08133575e+02,
       5.83353519e-01, 0., 0., 0., 0., 0., 0., 0., 0., 0. ]
