%YAML:1.0
---
pose_0: !!opencv-matrix
   rows: 1
   cols: 25
   dt: "3f"
   data: [ 8.93877991e+02, 4.31444946e+02, 8.00575495e-01,
       7.91932068e+02, 4.19737061e+02, 6.75802350e-01, 7.90062317e+02,
       3.41379944e+02, 6.83435082e-01, 6.60731567e+02, 2.90379150e+02,
       8.00038397e-01, 5.37280518e+02, 3.06048645e+02, 6.27843916e-01,
       7.88093689e+02, 4.94157196e+02, 5.77540159e-01, 6.80354980e+02,
       5.54874878e+02, 8.41429710e-01, 7.78321228e+02, 5.39271179e+02,
       8.04904997e-01, 5.31420532e+02, 4.27595001e+02, 2.79483289e-01,
       5.47083740e+02, 3.72719330e+02, 3.69617641e-01, 3.21846771e+02,
       3.66815704e+02, 5.56931198e-01, 2.94358459e+02, 3.53120331e+02,
       1.18565992e-01, 5.37287964e+02, 4.74590454e+02, 3.59678507e-01,
       3.84467957e+02, 5.09863800e+02, 2.56700099e-01, 0., 0., 0.,
       9.01747192e+02, 4.09975250e+02, 8.16518009e-01, 9.03718750e+02,
       4.45254669e+02, 8.14363182e-01, 8.82097595e+02, 3.84436829e+02,
       6.50960088e-01, 8.93857544e+02, 4.62869385e+02, 7.74121806e-02,
       0., 0., 0., 0., 0., 0., 0., 0., 0., 0., 0., 0., 0., 0., 0., 0.,
       0., 0. ]
