%YAML:1.0
---
pose_0: !!opencv-matrix
   rows: 1
   cols: 25
   dt: "3f"
   data: [ 8.72351868e+02, 2.45438095e+02, 7.48568058e-01,
       7.72380005e+02, 2.70879730e+02, 7.27239251e-01, 7.41075317e+02,
       2.08154648e+02, 6.69513285e-01, 6.31333496e+02, 1.76842316e+02,
       7.34347761e-01, 5.58870056e+02, 1.45432571e+02, 7.73458242e-01,
       7.95910034e+02, 3.37430939e+02, 6.33397400e-01, 7.72343079e+02,
       4.60868256e+02, 7.72996902e-01, 7.92036011e+02, 5.62773376e+02,
       3.39991003e-01, 5.43203979e+02, 3.33554382e+02, 3.34226221e-01,
       5.39267761e+02, 2.90429077e+02, 3.64345551e-01, 3.21844818e+02,
       2.43453842e+02, 8.80790427e-02, 0., 0., 0., 5.54914734e+02,
       3.70762634e+02, 3.26856107e-01, 3.88396118e+02, 4.21715271e+02,
       2.40837276e-01, 2.27729172e+02, 5.37305237e+02, 2.71009743e-01,
       8.84028503e+02, 2.29715210e+02, 8.02540660e-01, 8.86084290e+02,
       2.59181061e+02, 8.52955818e-01, 8.58604126e+02, 2.14013641e+02,
       4.70352769e-01, 8.74247009e+02, 2.88445953e+02, 5.21533847e-01,
       1.96391617e+02, 5.23583008e+02, 1.15268201e-01, 2.00332626e+02,
       5.37304138e+02, 1.25772581e-01, 2.17969559e+02, 5.39259766e+02,
       1.61305815e-01, 0., 0., 0., 0., 0., 0., 0., 0., 0. ]
