%YAML:1.0
---
pose_0: !!opencv-matrix
   rows: 1
   cols: 25
   dt: "3f"
   data: [ 9.01736938e+02, 3.19777222e+02, 8.75262022e-01,
       8.19417236e+02, 2.76773682e+02, 5.81391394e-01, 8.29200256e+02,
       2.29736542e+02, 6.96778893e-01, 7.84161011e+02, 2.43459976e+02,
       7.21569955e-01, 7.92059692e+02, 3.80546295e+02, 7.89706469e-01,
       7.95899841e+02, 3.23789276e+02, 2.11792290e-01, 0., 0., 0., 0.,
       0., 0., 5.96063965e+02, 2.86515533e+02, 1.92104578e-01,
       5.86300781e+02, 2.59143494e+02, 2.12050155e-01, 4.37371765e+02,
       3.06150970e+02, 1.13501929e-01, 1.47408051e+02, 3.39422729e+02,
       1.60850361e-01, 5.96083618e+02, 3.11985565e+02, 1.17137723e-01,
       4.58950043e+02, 3.60999695e+02, 1.14083737e-01, 1.57217636e+02,
       3.00229706e+02, 2.43911698e-01, 9.11496338e+02, 2.98285248e+02,
       7.88591743e-01, 9.17310791e+02, 3.21795624e+02, 7.88543582e-01,
       8.85998596e+02, 2.61105743e+02, 7.39069879e-01, 0., 0., 0.,
       1.14096870e+02, 2.70848969e+02, 1.06391355e-01, 1.16120071e+02,
       2.78721710e+02, 1.15347981e-01, 1.35674194e+02, 2.82609375e+02,
       1.43570945e-01, 1.14124413e+02, 3.62927856e+02, 9.19626206e-02,
       1.12164803e+02, 3.53180084e+02, 1.00218192e-01, 0., 0., 0. ]
