%YAML:1.0
---
pose_0: !!opencv-matrix
   rows: 1
   cols: 25
   dt: "3f"
   data: [ 9.46688293e+02, 1.98365997e+02, 8.02843571e-01,
       8.54617798e+02, 2.88468903e+02, 5.83173394e-01, 8.33127014e+02,
       2.55176758e+02, 3.67419660e-01, 7.05806580e+02, 2.47362289e+02,
       7.71225914e-02, 6.47029480e+02, 2.19949722e+02, 2.32882082e-01,
       8.72315552e+02, 3.27681641e+02, 6.21076465e-01, 7.48857666e+02,
       4.13851166e+02, 7.69293845e-01, 6.46973999e+02, 2.72824646e+02,
       5.98763585e-01, 6.35246277e+02, 3.15937927e+02, 1.36199415e-01,
       6.15641602e+02, 2.86510864e+02, 1.09308243e-01, 2.98275513e+02,
       3.37511383e+02, 8.74737054e-02, 0., 0., 0., 6.19563782e+02,
       3.47275665e+02, 9.05831456e-02, 3.45312805e+02, 2.10113785e+02,
       1.68267891e-01, 1.59170349e+02, 2.86497192e+02, 1.45863548e-01,
       9.64319275e+02, 2.10011551e+02, 9.70698521e-02, 9.62403076e+02,
       2.12104004e+02, 7.90026248e-01, 0., 0., 0., 9.58477234e+02,
       2.74789124e+02, 8.40613425e-01, 0., 0., 0., 0., 0., 0.,
       1.47427185e+02, 2.98266235e+02, 1.09641083e-01, 0., 0., 0., 0.,
       0., 0., 0., 0., 0. ]
