%YAML:1.0
---
pose_0: !!opencv-matrix
   rows: 1
   cols: 25
   dt: "3f"
   data: [ 9.66422119e+02, 2.80688263e+02, 7.39974678e-01,
       8.60563721e+02, 2.94375580e+02, 6.11068428e-01, 8.48763611e+02,
       2.15987259e+02, 5.87990403e-01, 8.23340759e+02, 1.82672546e+02,
       5.41044593e-01, 7.74296875e+02, 1.49487289e+02, 7.55964637e-01,
       8.76233276e+02, 3.82477966e+02, 5.93054354e-01, 7.76308777e+02,
       5.17720093e+02, 7.72617102e-01, 7.99833008e+02, 4.58904907e+02,
       6.91510856e-01, 5.68643555e+02, 3.25741272e+02, 1.93945259e-01,
       5.56892456e+02, 2.88463867e+02, 2.63544053e-01, 3.68840820e+02,
       3.23776245e+02, 2.06713274e-01, 1.16050690e+02, 3.64909454e+02,
       6.06167950e-02, 5.74528076e+02, 3.90368988e+02, 1.25793830e-01,
       3.62939423e+02, 4.41272797e+02, 1.55159980e-01, 1.70934052e+02,
       4.78511627e+02, 1.04170121e-01, 9.78158020e+02, 2.57141846e+02,
       8.92708063e-01, 9.87934448e+02, 3.00264984e+02, 7.63610184e-01,
       9.48750244e+02, 2.29765594e+02, 7.25158393e-01, 9.66360840e+02,
       3.21872833e+02, 1.14986129e-01, 0., 0., 0., 0., 0., 0., 0., 0.,
       0., 0., 0., 0., 0., 0., 0., 0., 0., 0. ]
