%YAML:1.0
---
pose_0: !!opencv-matrix
   rows: 2
   cols: 25
   dt: "3f"
   data: [ 9.50713135e+02, 2.14085602e+02, 6.94950938e-01,
       8.36997681e+02, 2.64974030e+02, 5.51909328e-01, 8.05752563e+02,
       2.08139465e+02, 3.68300974e-01, 0., 0., 0., 0., 0., 0.,
       8.54658203e+02, 3.19865082e+02, 5.03331423e-01, 6.99900330e+02,
       3.70740448e+02, 3.39070618e-01, 0., 0., 0., 5.23595886e+02,
       2.76749664e+02, 1.84345409e-01, 5.21603394e+02, 2.55179840e+02,
       2.61547863e-01, 3.23745331e+02, 2.27805588e+02, 2.92454302e-01,
       0., 0., 0., 5.09852356e+02, 3.27682800e+02, 1.08905517e-01,
       3.37459320e+02, 4.09910736e+02, 2.11709619e-01, 1.98405350e+02,
       4.76494080e+02, 1.71415299e-01, 9.64351013e+02, 2.04254044e+02,
       5.70115447e-01, 9.66377563e+02, 2.35560364e+02, 6.88853800e-01,
       9.11448242e+02, 1.82709625e+02, 9.31429788e-02, 9.44786865e+02,
       2.72745697e+02, 5.63466609e-01, 0., 0., 0., 0., 0., 0.,
       1.90556641e+02, 4.82440887e+02, 1.39603183e-01, 0., 0., 0., 0.,
       0., 0., 0., 0., 0., 0., 0., 0., 0., 0., 0., 8.52764099e+02,
       3.17852203e+02, 2.34797463e-01, 6.95927673e+02, 3.68810760e+02,
       4.59190011e-01, 5.41248474e+02, 3.70845337e+02, 4.58687574e-01,
       0., 0., 0., 0., 0., 0., 0., 0., 0., 0., 0., 0., 0., 0., 0., 0.,
       0., 0., 0., 0., 0., 0., 0., 0., 0., 0., 0., 0., 0., 0., 0., 0.,
       0., 0., 0., 0., 0., 0., 0., 0., 0., 0., 0., 0., 0., 0., 0., 0.,
       0., 0., 0., 0., 0., 0., 0., 0., 0., 0., 0., 0. ]
