%YAML:1.0
---
pose_0: !!opencv-matrix
   rows: 1
   cols: 25
   dt: "3f"
   data: [ 9.48690979e+02, 2.17965591e+02, 7.87540734e-01,
       8.48820374e+02, 2.29747635e+02, 6.61630511e-01, 8.44888428e+02,
       1.49373199e+02, 6.84486508e-01, 7.42912964e+02, 8.08276672e+01,
       7.41513312e-01, 6.31372681e+02, 9.26114731e+01, 7.29956090e-01,
       8.52729614e+02, 3.17883423e+02, 6.68703973e-01, 7.31262939e+02,
       3.76624786e+02, 6.92769647e-01, 6.15619263e+02, 3.84501129e+02,
       8.03957283e-01, 5.84318359e+02, 2.66946747e+02, 1.43132448e-01,
       5.82353699e+02, 2.06202148e+02, 1.08679600e-01, 3.39436371e+02,
       3.45320129e+02, 1.07304595e-01, 1.57237717e+02, 3.96268738e+02,
       2.00433910e-01, 5.86282593e+02, 3.08106354e+02, 1.55598193e-01,
       3.66857880e+02, 3.37476135e+02, 1.73730701e-01, 1.51384125e+02,
       3.98219513e+02, 9.69249681e-02, 9.60453918e+02, 1.96438065e+02,
       8.43000948e-01, 9.62416138e+02, 2.37502304e+02, 8.36045027e-01,
       9.36967407e+02, 1.76856949e+02, 5.08349597e-01, 9.40911255e+02,
       2.59121307e+02, 3.31032544e-01, 0., 0., 0., 0., 0., 0.,
       1.39574158e+02, 4.11882385e+02, 5.65744601e-02, 1.12187622e+02,
       3.94315369e+02, 5.06755337e-02, 0., 0., 0., 1.43504807e+02,
       4.11869415e+02, 1.40053242e-01 ]
