%YAML:1.0
---
pose_0: !!opencv-matrix
   rows: 1
   cols: 25
   dt: "3f"
   data: [ 9.93729370e+02, 2.00298386e+02, 7.14124918e-01,
       8.86069519e+02, 2.19905899e+02, 4.10509109e-01, 8.70317688e+02,
       1.19991234e+02, 5.09587824e-01, 7.27340027e+02, 2.20811062e+01,
       7.39135027e-01, 7.87997986e+02, 1.02354660e+02, 7.88888872e-01,
       8.82079163e+02, 3.12017700e+02, 2.75727183e-01, 7.27390991e+02,
       4.00261536e+02, 7.76127696e-01, 8.27271973e+02, 3.23774689e+02,
       7.29180098e-01, 0., 0., 0., 0., 0., 0., 0., 0., 0., 0., 0., 0.,
       0., 0., 0., 0., 0., 0., 0., 0., 0., 1.00743805e+03,
       1.78727631e+02, 4.99270856e-01, 1.01336627e+03, 2.18006104e+02,
       7.49179244e-01, 9.84009888e+02, 1.47365311e+02, 3.27032983e-01,
       1.02315222e+03, 2.45410751e+02, 1.03646465e-01, 0., 0., 0., 0.,
       0., 0., 0., 0., 0., 0., 0., 0., 0., 0., 0., 0., 0., 0. ]
