%YAML:1.0
---
pose_0: !!opencv-matrix
   rows: 2
   cols: 25
   dt: "3f"
   data: [ 9.33000427e+02, 3.49199402e+02, 7.87244320e-01,
       8.38985535e+02, 2.76732147e+02, 4.82335836e-01, 8.50788574e+02,
       2.57187927e+02, 7.11384773e-01, 7.31302246e+02, 3.06119568e+02,
       7.14621723e-01, 8.25324951e+02, 4.31552124e+02, 6.33474827e-01,
       8.33111633e+02, 3.04182495e+02, 2.20213756e-01, 7.23389954e+02,
       3.82591827e+02, 7.62746572e-01, 8.27231689e+02, 4.31548248e+02,
       4.68252450e-01, 5.72569153e+02, 3.00244537e+02, 2.23051265e-01,
       0., 0., 0., 0., 0., 0., 0., 0., 0., 5.68664246e+02,
       3.33530090e+02, 1.18789844e-01, 4.45235352e+02, 3.49175934e+02,
       1.96568683e-01, 3.49223480e+02, 3.53160370e+02, 7.55780786e-02,
       9.48720032e+02, 3.27694336e+02, 8.09852362e-01, 0., 0., 0.,
       9.33123840e+02, 2.76721527e+02, 8.71694803e-01, 0., 0., 0., 0.,
       0., 0., 0., 0., 0., 0., 0., 0., 0., 0., 0., 0., 0., 0., 0., 0.,
       0., 0., 0., 0., 0., 0., 0., 0., 0., 0., 0., 0., 0., 0., 0., 0.,
       0., 0., 0., 0., 0., 0., 0., 0., 0., 5.72597168e+02,
       2.82621613e+02, 2.15129316e-01, 5.74527771e+02, 2.86542297e+02,
       3.39951634e-01, 4.47192535e+02, 2.90470245e+02, 1.90238655e-01,
       3.33555298e+02, 2.98311920e+02, 1.64024740e-01, 5.70643372e+02,
       2.51283066e+02, 1.73960909e-01, 4.41293488e+02, 2.88487061e+02,
       8.44545960e-02, 3.37472534e+02, 2.98298187e+02, 7.48360530e-02,
       0., 0., 0., 0., 0., 0., 0., 0., 0., 0., 0., 0., 0., 0., 0., 0.,
       0., 0., 0., 0., 0., 2.88500000e+02, 3.27650909e+02,
       6.49909526e-02, 2.88489319e+02, 3.21844238e+02, 5.73385134e-02,
       0., 0., 0. ]
