%YAML:1.0
---
pose_0: !!opencv-matrix
   rows: 1
   cols: 25
   dt: "3f"
   data: [ 9.01626404e+02, 2.27778656e+02, 8.27167928e-01,
       7.97861328e+02, 2.45375824e+02, 6.80957139e-01, 7.78290588e+02,
       1.65135117e+02, 7.20630705e-01, 6.60753540e+02, 1.31826248e+02,
       8.05466294e-01, 5.88171082e+02, 1.59170883e+02, 7.75326014e-01,
       8.11625793e+02, 3.31590057e+02, 6.84689403e-01, 6.99960693e+02,
       3.82569733e+02, 6.76677644e-01, 5.74552795e+02, 4.29490509e+02,
       8.09473991e-01, 5.58856689e+02, 2.80644775e+02, 2.50050753e-01,
       5.60812988e+02, 2.27805252e+02, 3.06221336e-01, 3.70766266e+02,
       2.29707306e+02, 1.43238842e-01, 0., 0., 0., 5.68616150e+02,
       3.25694885e+02, 3.10441762e-01, 3.80550720e+02, 3.06130890e+02,
       8.43038186e-02, 0., 0., 0., 9.09543396e+02, 2.08203857e+02,
       7.84005702e-01, 9.15455872e+02, 2.43357254e+02, 8.93252313e-01,
       8.85975159e+02, 1.84659592e+02, 6.78505719e-01, 9.01769409e+02,
       2.68859772e+02, 4.12059933e-01, 0., 0., 0., 0., 0., 0., 0., 0.,
       0., 0., 0., 0., 0., 0., 0., 0., 0., 0. ]
