%YAML:1.0
---
pose_0: !!opencv-matrix
   rows: 1
   cols: 25
   dt: "3f"
   data: [ 9.56576416e+02, 2.88500854e+02, 7.94204473e-01,
       8.36968384e+02, 2.66929199e+02, 5.83872974e-01, 8.44888000e+02,
       1.84630325e+02, 6.33449376e-01, 7.11627808e+02, 1.16154793e+02,
       7.40331054e-01, 7.58747314e+02, 2.25801834e+02, 7.85663128e-01,
       8.25327881e+02, 3.66870239e+02, 5.14136910e-01, 6.97934326e+02,
       4.23651093e+02, 4.87872511e-01, 7.05781494e+02, 3.96199005e+02,
       6.75826073e-01, 5.90197327e+02, 2.94367706e+02, 8.36562440e-02,
       5.72565674e+02, 2.49299591e+02, 8.60133544e-02, 3.53128540e+02,
       3.19860626e+02, 7.18234256e-02, 1.33773651e+02, 3.13953857e+02,
       2.45120391e-01, 6.13702393e+02, 3.37450226e+02, 9.21551436e-02,
       3.33540558e+02, 3.23785614e+02, 6.34334087e-02, 1.31767303e+02,
       3.17836304e+02, 8.77075121e-02, 9.64363159e+02, 2.59072021e+02,
       8.73511195e-01, 9.72215149e+02, 3.04051422e+02, 7.88219929e-01,
       9.38922607e+02, 2.25841751e+02, 5.50019503e-01, 9.66368347e+02,
       3.21671570e+02, 5.44472076e-02, 0., 0., 0., 0., 0., 0., 0., 0.,
       0., 9.06268387e+01, 2.92424316e+02, 1.36788204e-01,
       9.25911179e+01, 2.90493927e+02, 1.20179921e-01, 0., 0., 0. ]
