%YAML:1.0
---
pose_0: !!opencv-matrix
   rows: 1
   cols: 25
   dt: "3f"
   data: [ 8.86021545e+02, 2.39461700e+02, 8.39557528e-01,
       7.84168579e+02, 2.53213943e+02, 6.23488545e-01, 7.68471375e+02,
       1.78836914e+02, 6.00360274e-01, 6.66642578e+02, 1.65116516e+02,
       1.00968882e-01, 0., 0., 0., 7.92041626e+02, 3.21749298e+02,
       6.45428538e-01, 7.09735779e+02, 3.72736389e+02, 8.18004191e-01,
       7.44992554e+02, 2.64995819e+02, 7.63092875e-01, 5.29470947e+02,
       2.61067017e+02, 7.97398165e-02, 5.13784851e+02, 2.25791840e+02,
       9.51791406e-02, 0., 0., 0., 0., 0., 0., 5.43185730e+02,
       3.17891083e+02, 7.55341277e-02, 0., 0., 0., 0., 0., 0.,
       8.89951660e+02, 2.16009933e+02, 8.07360530e-01, 8.99704041e+02,
       2.49289459e+02, 7.96995938e-01, 8.64449097e+02, 1.96455307e+02,
       6.23373330e-01, 8.85967346e+02, 2.72803040e+02, 5.13730407e-01,
       0., 0., 0., 0., 0., 0., 0., 0., 0., 0., 0., 0., 0., 0., 0., 0.,
       0., 0. ]
