%YAML:1.0
---
pose_0: !!opencv-matrix
   rows: 1
   cols: 25
   dt: "3f"
   data: [ 8.68404785e+02, 2.14053146e+02, 7.24435091e-01,
       7.62588501e+02, 2.76802704e+02, 6.56241536e-01, 7.46981018e+02,
       2.25801117e+02, 6.40156031e-01, 7.27346375e+02, 1.29810654e+02,
       8.28876376e-01, 8.23407288e+02, 1.41582123e+02, 8.05882215e-01,
       7.68484497e+02, 3.21804077e+02, 3.93643647e-01, 8.07688232e+02,
       3.51091309e+02, 6.51310682e-01, 8.82127563e+02, 2.72864563e+02,
       5.00268042e-01, 5.17719116e+02, 3.35491455e+02, 2.95720011e-01,
       5.21612366e+02, 2.92426208e+02, 3.86977822e-01, 3.21816711e+02,
       3.98214996e+02, 4.33978587e-01, 2.02291321e+02, 4.56939423e+02,
       5.19909024e-01, 5.17704590e+02, 3.70776855e+02, 2.48680875e-01,
       3.43357605e+02, 3.06178833e+02, 3.81494641e-01, 1.53299286e+02,
       3.15892883e+02, 4.44791198e-01, 8.86062073e+02, 2.19948486e+02,
       1.83305845e-01, 8.85987793e+02, 2.29706207e+02, 7.75399029e-01,
       0., 0., 0., 8.66416748e+02, 2.72781647e+02, 5.62046945e-01,
       1.18053940e+02, 2.90493561e+02, 1.32023975e-01, 1.18061058e+02,
       3.02209717e+02, 1.46662280e-01, 1.33794846e+02, 3.17894928e+02,
       3.15974385e-01, 1.39573700e+02, 4.60927216e+02, 1.15047798e-01,
       1.35729874e+02, 4.60854095e+02, 8.95251781e-02, 1.92500198e+02,
       4.66803680e+02, 3.54705572e-01 ]
