%YAML:1.0
---
pose_0: !!opencv-matrix
   rows: 1
   cols: 25
   dt: "3f"
   data: [ 9.48674438e+02, 2.41416992e+02, 7.42410421e-01,
       8.72307129e+02, 3.10080139e+02, 5.65304756e-01, 8.54679016e+02,
       2.84588409e+02, 2.80907840e-01, 0., 0., 0., 0., 0., 0.,
       8.84027771e+02, 3.37457642e+02, 5.63872516e-01, 7.54740845e+02,
       3.51158234e+02, 6.60375476e-01, 6.39189392e+02, 2.14119400e+02,
       3.98990422e-01, 0., 0., 0., 0., 0., 0., 0., 0., 0., 0., 0., 0.,
       0., 0., 0., 0., 0., 0., 0., 0., 0., 9.64474548e+02,
       2.41386292e+02, 3.52006018e-01, 9.68315063e+02, 2.57201233e+02,
       7.86879778e-01, 0., 0., 0., 9.56585510e+02, 3.13935608e+02,
       7.78791666e-01, 0., 0., 0., 0., 0., 0., 0., 0., 0., 0., 0., 0.,
       0., 0., 0., 0., 0., 0. ]
