%YAML:1.0
---
pose_0: !!opencv-matrix
   rows: 1
   cols: 25
   dt: "3f"
   data: [ 8.99688416e+02, 3.10047607e+02, 8.05619240e-01,
       8.05708069e+02, 3.08096741e+02, 7.15239048e-01, 8.03686340e+02,
       2.27763031e+02, 7.13319719e-01, 6.82281311e+02, 1.80796982e+02,
       8.39311302e-01, 5.88309937e+02, 2.02323380e+02, 7.96891570e-01,
       8.07614075e+02, 3.90361938e+02, 6.41947269e-01, 6.98034851e+02,
       4.45257507e+02, 8.06728840e-01, 5.94151672e+02, 4.56940369e+02,
       7.77221918e-01, 5.60821777e+02, 3.21820282e+02, 2.45056272e-01,
       5.52976013e+02, 2.76757538e+02, 3.63454103e-01, 3.72740448e+02,
       2.94351135e+02, 3.59143704e-01, 1.82727280e+02, 3.10067566e+02,
       3.41827810e-01, 5.56891174e+02, 3.72742218e+02, 2.14411780e-01,
       3.66872467e+02, 3.80555695e+02, 3.34521145e-01, 1.61155701e+02,
       3.84488708e+02, 3.63916665e-01, 9.11472290e+02, 2.90494446e+02,
       8.44645441e-01, 9.13486877e+02, 3.25709503e+02, 7.83548713e-01,
       8.93887878e+02, 2.68876770e+02, 6.44790292e-01, 9.01706299e+02,
       3.49149963e+02, 1.63357943e-01, 1.08273689e+02, 4.21711914e+02,
       2.08993003e-01, 1.12193550e+02, 4.23656219e+02, 2.24965543e-01,
       1.33714142e+02, 3.68838470e+02, 2.61241198e-01, 1.10232689e+02,
       2.66952118e+02, 2.10100368e-01, 1.12166557e+02, 2.66916351e+02,
       1.91658810e-01, 0., 0., 0. ]
