%YAML:1.0
---
pose_0: !!opencv-matrix
   rows: 1
   cols: 25
   dt: "3f"
   data: [ 8.70322632e+02, 2.72886536e+02, 8.07648897e-01,
       7.76399963e+02, 2.88455353e+02, 7.11227775e-01, 7.74344604e+02,
       2.12068726e+02, 7.37727761e-01, 6.82322449e+02, 1.45443970e+02,
       8.23212266e-01, 6.15649658e+02, 1.57212326e+02, 8.09465647e-01,
       7.82171204e+02, 3.64891785e+02, 6.75463319e-01, 6.66640869e+02,
       4.06064514e+02, 7.97679961e-01, 6.94003418e+02, 3.23719940e+02,
       8.33789706e-01, 5.31441589e+02, 2.86545380e+02, 3.31837028e-01,
       5.37299500e+02, 2.43480362e+02, 3.64193052e-01, 3.72727783e+02,
       2.35609238e+02, 3.45825464e-01, 2.06206131e+02, 2.27825241e+02,
       2.56943226e-01, 5.25551086e+02, 3.27688660e+02, 3.62830490e-01,
       3.47254974e+02, 3.35520813e+02, 3.30477059e-01, 1.72909515e+02,
       3.47277496e+02, 5.37981391e-01, 8.83995667e+02, 2.57107971e+02,
       8.46601367e-01, 8.82122498e+02, 2.90414642e+02, 8.01743269e-01,
       8.60552368e+02, 2.37554092e+02, 6.09519482e-01, 8.68440247e+02,
       3.10021790e+02, 3.66395891e-01, 1.22004295e+02, 3.82573730e+02,
       4.74197149e-01, 1.31808289e+02, 3.82594818e+02, 5.16115546e-01,
       1.57209229e+02, 3.35445618e+02, 3.04917455e-01, 1.94449402e+02,
       2.41421356e+02, 8.71067494e-02, 1.82713531e+02, 2.19946228e+02,
       9.60860774e-02, 0., 0., 0. ]
