%YAML:1.0
---
pose_0: !!opencv-matrix
   rows: 1
   cols: 25
   dt: "3f"
   data: [ 8.72324219e+02, 2.19958603e+02, 7.15758920e-01,
       7.76288879e+02, 2.39544907e+02, 7.14053333e-01, 7.64578857e+02,
       1.65058014e+02, 7.13593364e-01, 6.25455017e+02, 1.31767258e+02,
       7.70010710e-01, 5.27470276e+02, 1.31683777e+02, 8.00433755e-01,
       7.88027405e+02, 3.17868439e+02, 6.74280465e-01, 6.97989075e+02,
       3.78588776e+02, 8.05618763e-01, 6.80400696e+02, 3.06195679e+02,
       8.13178599e-01, 5.15770569e+02, 2.53242172e+02, 2.96342194e-01,
       5.25516357e+02, 2.08155960e+02, 4.10917819e-01, 3.33537140e+02,
       2.35591797e+02, 5.58170497e-01, 0., 0., 0., 5.11851685e+02,
       3.04169647e+02, 2.81678081e-01, 3.70803101e+02, 3.21809967e+02,
       1.98757485e-01, 3.35458221e+02, 2.94347809e+02, 1.10307664e-01,
       8.84055115e+02, 2.08163040e+02, 8.94395888e-01, 8.89982178e+02,
       2.39452866e+02, 7.52030909e-01, 8.58603027e+02, 1.92503601e+02,
       5.85151434e-01, 8.84012573e+02, 2.61037048e+02, 5.98164916e-01,
       0., 0., 0., 0., 0., 0., 3.33525482e+02, 2.92390930e+02,
       7.32727796e-02, 0., 0., 0., 0., 0., 0., 0., 0., 0. ]
