%YAML:1.0
---
pose_0: !!opencv-matrix
   rows: 2
   cols: 25
   dt: "3f"
   data: [ 9.25197754e+02, 3.72733459e+02, 6.97341561e-01,
       8.54652405e+02, 2.76759827e+02, 4.63972718e-01, 8.54664368e+02,
       2.74757050e+02, 7.30457127e-01, 7.50847534e+02, 3.39498016e+02,
       6.96967244e-01, 7.27372742e+02, 4.58950745e+02, 8.45077634e-01,
       8.58578613e+02, 2.72812683e+02, 2.51429230e-01, 0., 0., 0., 0.,
       0., 0., 5.54954285e+02, 2.88495239e+02, 1.54162675e-01,
       5.49047119e+02, 2.66944733e+02, 1.47734120e-01, 3.64888062e+02,
       3.66855408e+02, 8.54079202e-02, 3.19855377e+02, 3.04177917e+02,
       1.61564708e-01, 0., 0., 0., 0., 0., 0., 0., 0., 0.,
       9.40855896e+02, 3.64920319e+02, 7.21284747e-01, 9.36949890e+02,
       3.82629059e+02, 6.27194345e-02, 9.46724121e+02, 3.10019531e+02,
       8.39595616e-01, 0., 0., 0., 0., 0., 0., 0., 0., 0., 0., 0., 0.,
       2.74844543e+02, 2.90397186e+02, 5.14868610e-02, 0., 0., 0., 0.,
       0., 0., 0., 0., 0., 0., 0., 0., 0., 0., 0., 0., 0., 0., 0., 0.,
       0., 7.42965942e+02, 3.00221344e+02, 7.22212642e-02,
       6.80243652e+02, 3.43365967e+02, 6.13690257e-01, 6.96029358e+02,
       4.43224792e+02, 7.94023514e-01, 0., 0., 0., 0., 0., 0., 0., 0.,
       0., 0., 0., 0., 0., 0., 0., 0., 0., 0., 0., 0., 0., 0., 0., 0.,
       0., 0., 0., 0., 0., 0., 0., 0., 0., 0., 0., 0., 0., 0., 0., 0.,
       0., 0., 0., 0., 0., 0., 0., 0., 0., 0., 0. ]
