%YAML:1.0
---
pose_0: !!opencv-matrix
   rows: 1
   cols: 25
   dt: "3f"
   data: [ 8.87973572e+02, 4.11857269e+02, 8.01889420e-01,
       7.84178833e+02, 4.29573792e+02, 6.69696212e-01, 7.66510254e+02,
       3.53145630e+02, 6.96415007e-01, 6.66663086e+02, 2.90496613e+02,
       8.40063930e-01, 7.27346375e+02, 2.72814667e+02, 8.83670032e-01,
       7.92015198e+02, 4.96157654e+02, 6.47063911e-01, 6.72493042e+02,
       5.58864868e+02, 7.68446624e-01, 7.90091003e+02, 5.35351685e+02,
       7.87521243e-01, 5.23609009e+02, 4.76564026e+02, 3.18873376e-01,
       5.23598450e+02, 4.29528992e+02, 4.48540658e-01, 3.41396332e+02,
       3.98226288e+02, 4.19096947e-01, 0., 0., 0., 5.33375916e+02,
       5.23587158e+02, 3.31521988e-01, 3.78581696e+02, 5.19626587e+02,
       3.29963535e-01, 0., 0., 0., 8.97749939e+02, 3.96215240e+02,
       8.51263642e-01, 8.99778076e+02, 4.27562164e+02, 7.76529849e-01,
       8.70296753e+02, 3.82449127e+02, 4.91763383e-01, 8.84044861e+02,
       4.54987274e+02, 6.08753622e-01, 0., 0., 0., 0., 0., 0., 0., 0.,
       0., 0., 0., 0., 0., 0., 0., 0., 0., 0. ]
