%YAML:1.0
---
pose_0: !!opencv-matrix
   rows: 1
   cols: 25
   dt: "3f"
   data: [ 1.01147375e+03, 3.19844360e+02, 4.93462443e-01,
       9.01633667e+02, 3.29625427e+02, 6.53954744e-01, 9.05639343e+02,
       2.70854858e+02, 4.37168330e-01, 8.80141663e+02, 1.98334274e+02,
       7.56744564e-01, 9.48747253e+02, 2.84563324e+02, 6.80949509e-01,
       8.97750610e+02, 3.82530029e+02, 4.90187645e-01, 8.85986755e+02,
       4.41325836e+02, 7.09924459e-01, 9.64435425e+02, 3.86410614e+02,
       8.23788881e-01, 6.68567871e+02, 3.43341583e+02, 9.76822227e-02,
       6.35274048e+02, 3.19857452e+02, 9.98683423e-02, 0., 0., 0., 0.,
       0., 0., 0., 0., 0., 0., 0., 0., 0., 0., 0., 1.02313214e+03,
       2.88409698e+02, 7.07913578e-01, 1.03686609e+03, 3.25747803e+02,
       5.48074782e-01, 9.93784851e+02, 2.61133667e+02, 2.42081001e-01,
       0., 0., 0., 0., 0., 0., 0., 0., 0., 0., 0., 0., 0., 0., 0., 0.,
       0., 0., 0., 0., 0. ]
