%YAML:1.0
---
pose_0: !!opencv-matrix
   rows: 1
   cols: 25
   dt: "3f"
   data: [ 9.11443970e+02, 3.66915802e+02, 7.67919779e-01,
       8.05645325e+02, 3.66777100e+02, 6.65210783e-01, 7.93986511e+02,
       2.90438171e+02, 6.55873120e-01, 6.78327820e+02, 2.08150497e+02,
       7.69404054e-01, 7.54788574e+02, 2.27676437e+02, 8.46602499e-01,
       8.07621277e+02, 4.47140045e+02, 5.57172537e-01, 6.82303528e+02,
       5.11822723e+02, 8.00606966e-01, 7.99810913e+02, 5.08000366e+02,
       7.72553921e-01, 5.52979065e+02, 3.66835388e+02, 2.29400903e-01,
       5.41220093e+02, 3.27673553e+02, 3.36357921e-01, 3.39421295e+02,
       3.29624939e+02, 1.93269283e-01, 1.55266235e+02, 3.15916046e+02,
       1.98568106e-01, 5.52970581e+02, 4.17788513e+02, 1.63623303e-01,
       3.66858765e+02, 4.64797516e+02, 1.19576134e-01, 1.65059692e+02,
       5.23585571e+02, 1.31494358e-01, 9.19377869e+02, 3.49175262e+02,
       7.61002481e-01, 9.17385864e+02, 3.82589844e+02, 7.07978010e-01,
       8.97779541e+02, 3.21760223e+02, 6.27444446e-01, 8.97757019e+02,
       4.02130707e+02, 2.60680467e-01, 0., 0., 0., 0., 0., 0., 0., 0.,
       0., 0., 0., 0., 0., 0., 0., 0., 0., 0. ]
