%YAML:1.0
---
pose_0: !!opencv-matrix
   rows: 1
   cols: 25
   dt: "3f"
   data: [ 9.93728943e+02, 1.94459732e+02, 6.77962840e-01,
       8.56642517e+02, 2.25831787e+02, 1.66190699e-01, 8.23333679e+02,
       1.59187012e+02, 1.70409277e-01, 0., 0., 0., 0., 0., 0.,
       8.86102112e+02, 3.25701324e+02, 4.00775164e-01, 7.89973206e+02,
       4.47246948e+02, 7.88145840e-01, 8.54711182e+02, 3.08094330e+02,
       6.96509600e-01, 0., 0., 0., 0., 0., 0., 0., 0., 0., 0., 0., 0.,
       0., 0., 0., 0., 0., 0., 0., 0., 0., 9.97764709e+02,
       1.78782043e+02, 5.78918338e-01, 1.01134674e+03, 2.19897705e+02,
       7.69920647e-01, 9.74163635e+02, 1.59147491e+02, 7.51781389e-02,
       9.89878967e+02, 2.57189331e+02, 2.52450854e-01, 0., 0., 0., 0.,
       0., 0., 0., 0., 0., 0., 0., 0., 0., 0., 0., 0., 0., 0. ]
