%YAML:1.0
---
pose_0: !!opencv-matrix
   rows: 1
   cols: 25
   dt: "3f"
   data: [ 8.99689026e+02, 4.29630341e+02, 8.37018967e-01,
       7.86091187e+02, 4.31576447e+02, 7.05749273e-01, 7.74359070e+02,
       3.66905579e+02, 7.10074723e-01, 6.64700562e+02, 3.29659973e+02,
       7.37144947e-01, 7.74347778e+02, 3.06085480e+02, 8.30451965e-01,
       7.91920593e+02, 4.94237579e+02, 6.43588126e-01, 7.21470337e+02,
       5.98044067e+02, 7.53399968e-01, 8.19429688e+02, 5.74566345e+02,
       6.75407648e-01, 5.41255554e+02, 4.49124146e+02, 3.17368537e-01,
       5.41200684e+02, 4.06065094e+02, 4.49014217e-01, 3.80560944e+02,
       4.15843170e+02, 2.82398105e-01, 0., 0., 0., 5.47111145e+02,
       4.94163544e+02, 3.23040634e-01, 3.98211090e+02, 5.07928864e+02,
       1.37778342e-01, 3.66887817e+02, 5.07928864e+02, 5.67784384e-02,
       9.05594910e+02, 4.11838013e+02, 7.86605895e-01, 9.11479187e+02,
       4.43288422e+02, 7.87766635e-01, 8.76207214e+02, 3.84457275e+02,
       8.27935278e-01, 8.91901123e+02, 4.60993256e+02, 1.27072856e-01,
       0., 0., 0., 0., 0., 0., 3.64881348e+02, 5.07864349e+02,
       5.88998049e-02, 0., 0., 0., 0., 0., 0., 0., 0., 0. ]
