%YAML:1.0
---
pose_0: !!opencv-matrix
   rows: 1
   cols: 25
   dt: "3f"
   data: [ 9.83995300e+02, 3.13970581e+02, 7.36029983e-01,
       8.38940430e+02, 3.37490387e+02, 6.51601791e-01, 8.25326172e+02,
       2.45414658e+02, 6.28975213e-01, 6.80313416e+02, 2.08115646e+02,
       5.30099869e-01, 5.66665405e+02, 1.84686356e+02, 6.72378600e-01,
       8.50738220e+02, 4.29534454e+02, 6.19798422e-01, 7.44934387e+02,
       5.27469849e+02, 7.99816549e-01, 6.78313843e+02, 4.62937317e+02,
       7.77927518e-01, 5.52967834e+02, 3.25720673e+02, 1.08094409e-01,
       5.49054199e+02, 2.88453766e+02, 1.74493581e-01, 3.39451721e+02,
       3.04208862e+02, 1.38606861e-01, 3.35477234e+02, 3.02188080e+02,
       6.39088601e-02, 5.60805054e+02, 3.96251709e+02, 8.49627182e-02,
       0., 0., 0., 0., 0., 0., 9.82066833e+02, 2.88566223e+02,
       8.50884318e-01, 1.00159393e+03, 3.23742737e+02, 7.00594008e-01,
       9.48716614e+02, 2.66907715e+02, 5.23002505e-01, 9.80059082e+02,
       3.53138702e+02, 1.15131274e-01, 0., 0., 0., 0., 0., 0., 0., 0.,
       0., 0., 0., 0., 0., 0., 0., 0., 0., 0. ]
