%YAML:1.0
---
pose_0: !!opencv-matrix
   rows: 1
   cols: 25
   dt: "3f"
   data: [ 9.31008301e+02, 2.90527802e+02, 7.98217535e-01,
       8.09593445e+02, 2.80649597e+02, 6.11397982e-01, 8.11576660e+02,
       1.98422531e+02, 6.56421721e-01, 6.99985229e+02, 1.37608109e+02,
       7.70354927e-01, 6.66605957e+02, 1.80775803e+02, 8.82477164e-01,
       8.07649353e+02, 3.68842590e+02, 6.19201839e-01, 6.68553650e+02,
       4.29635162e+02, 8.18731427e-01, 7.41045044e+02, 3.47223297e+02,
       7.70490766e-01, 5.39251404e+02, 2.96351746e+02, 2.34728158e-01,
       5.49055969e+02, 2.51254883e+02, 3.69164735e-01, 3.41370697e+02,
       2.68876678e+02, 3.18995923e-01, 1.82682526e+02, 2.78723175e+02,
       3.81331950e-01, 5.31430298e+02, 3.47271851e+02, 2.25605637e-01,
       3.39427551e+02, 3.35511749e+02, 2.08724976e-01, 1.59207809e+02,
       3.35532562e+02, 3.81692529e-01, 9.42838013e+02, 2.72735413e+02,
       8.28900695e-01, 9.42832764e+02, 3.08136963e+02, 7.50815213e-01,
       9.17351563e+02, 2.43471497e+02, 5.36032557e-01, 9.23223450e+02,
       3.33582520e+02, 1.75313473e-01, 8.67775116e+01, 3.53109711e+02,
       2.49281049e-01, 1.02399788e+02, 3.62920807e+02, 2.63208658e-01,
       1.41539413e+02, 3.39420441e+02, 1.57796621e-01, 8.67060394e+01,
       2.33665909e+02, 1.18225090e-01, 8.67552185e+01, 2.29741959e+02,
       1.06207095e-01, 1.76795959e+02, 2.78685699e+02, 1.69404387e-01 ]
