%YAML:1.0
---
pose_0: !!opencv-matrix
   rows: 1
   cols: 25
   dt: "3f"
   data: [ 9.17331665e+02, 1.49400497e+02, 7.07853138e-01,
       8.31152527e+02, 2.06183792e+02, 7.15320528e-01, 8.07747498e+02,
       1.33797607e+02, 7.08744824e-01, 7.01874634e+02, 7.29627457e+01,
       7.38366961e-01, 7.27363647e+02, 1.33758499e+02, 8.57029498e-01,
       8.52714661e+02, 2.72850067e+02, 7.18365073e-01, 7.60681580e+02,
       3.68789703e+02, 8.16083431e-01, 6.39221130e+02, 4.00092712e+02,
       8.10190022e-01, 5.70617554e+02, 2.55175385e+02, 2.13071525e-01,
       5.68656799e+02, 2.06198318e+02, 2.82268345e-01, 3.92325195e+02,
       2.16003632e+02, 8.17892328e-02, 0., 0., 0., 5.78448486e+02,
       2.98275513e+02, 1.83375895e-01, 2.88445618e+02, 2.27822189e+02,
       5.75869307e-02, 0., 0., 0., 9.31113831e+02, 1.45469070e+02,
       6.71383321e-01, 9.34967346e+02, 1.67090607e+02, 7.98436999e-01,
       9.03643005e+02, 1.35700180e+02, 1.22381732e-01, 9.19368042e+02,
       2.12184341e+02, 8.42836738e-01, 0., 0., 0., 0., 0., 0., 0., 0.,
       0., 0., 0., 0., 0., 0., 0., 0., 0., 0. ]
