%YAML:1.0
---
pose_0: !!opencv-matrix
   rows: 1
   cols: 25
   dt: "3f"
   data: [ 9.27155212e+02, 2.74785004e+02, 8.29222739e-01,
       8.05760437e+02, 3.00230560e+02, 6.90850854e-01, 7.90065369e+02,
       2.21851593e+02, 6.86439216e-01, 6.72447815e+02, 1.90547012e+02,
       7.37067878e-01, 5.84274475e+02, 1.78709656e+02, 7.91637480e-01,
       8.13554810e+02, 3.80551422e+02, 5.91905653e-01, 7.09704468e+02,
       4.29498077e+02, 7.25785851e-01, 5.37309021e+02, 4.66805237e+02,
       6.69334888e-01, 5.74540955e+02, 3.35517365e+02, 1.64418682e-01,
       5.54946533e+02, 2.94384155e+02, 2.10021630e-01, 3.59015137e+02,
       3.02203308e+02, 1.15309514e-01, 0., 0., 0., 5.84329895e+02,
       3.82507202e+02, 1.42358825e-01, 3.94293915e+02, 4.31462830e+02,
       1.48289874e-01, 2.25792587e+02, 3.74691803e+02, 1.03535183e-01,
       9.21334106e+02, 2.57048187e+02, 8.31278145e-01, 9.40879211e+02,
       2.88484589e+02, 7.45218039e-01, 8.86004395e+02, 2.41450363e+02,
       6.66198015e-01, 9.13452759e+02, 3.19798035e+02, 3.46339822e-01,
       0., 0., 0., 0., 0., 0., 2.21885406e+02, 3.70771301e+02,
       5.46083003e-02, 0., 0., 0., 0., 0., 0., 0., 0., 0. ]
