%YAML:1.0
---
pose_0: !!opencv-matrix
   rows: 1
   cols: 25
   dt: "3f"
   data: [ 8.99649902e+02, 2.12083206e+02, 8.91341805e-01,
       7.90003052e+02, 2.39489532e+02, 7.13239789e-01, 7.72330811e+02,
       1.57253891e+02, 6.52034640e-01, 6.48912659e+02, 1.37605850e+02,
       7.65929580e-01, 5.60850220e+02, 1.51399292e+02, 7.88538873e-01,
       8.03730103e+02, 3.17840973e+02, 6.96995258e-01, 6.82234680e+02,
       3.68762390e+02, 7.41854727e-01, 5.78478394e+02, 3.57104584e+02,
       7.61329174e-01, 5.52975586e+02, 2.57095398e+02, 2.76468039e-01,
       5.51004211e+02, 2.14066940e+02, 3.67975086e-01, 3.49236145e+02,
       2.37551697e+02, 1.57100618e-01, 0., 0., 0., 5.45151855e+02,
       3.02219666e+02, 1.86542884e-01, 4.76610840e+02, 3.49177338e+02,
       1.50639728e-01, 0., 0., 0., 9.03623962e+02, 1.92524399e+02,
       8.92397761e-01, 9.13417175e+02, 2.25861572e+02, 8.51562142e-01,
       8.78164673e+02, 1.74835724e+02, 6.68228149e-01, 8.95826050e+02,
       2.51273026e+02, 4.48766053e-01, 0., 0., 0., 0., 0., 0., 0., 0.,
       0., 0., 0., 0., 0., 0., 0., 0., 0., 0. ]
