%YAML:1.0
---
pose_0: !!opencv-matrix
   rows: 1
   cols: 25
   dt: "3f"
   data: [ 8.97732056e+02, 1.74847809e+02, 7.87628055e-01,
       7.97847412e+02, 1.51356735e+02, 6.80085301e-01, 8.03717712e+02,
       9.65130768e+01, 6.50184989e-01, 7.41072205e+02, 1.61151505e+02,
       6.63579345e-01, 7.09732666e+02, 3.13961731e+02, 4.79451299e-01,
       7.84166016e+02, 2.02293976e+02, 4.45654452e-01, 7.15590271e+02,
       2.53212372e+02, 3.35622311e-01, 7.07752441e+02, 3.13981842e+02,
       1.80484235e-01, 6.35266052e+02, 1.80755859e+02, 5.72895221e-02,
       0., 0., 0., 0., 0., 0., 0., 0., 0., 6.66611755e+02,
       2.23843155e+02, 5.86539209e-02, 6.74451721e+02, 2.55131287e+02,
       8.56720060e-02, 5.41221497e+02, 2.78671448e+02, 2.05070019e-01,
       9.01660339e+02, 1.47509720e+02, 8.97387505e-01, 9.15329468e+02,
       1.82740280e+02, 7.87117243e-01, 8.80174500e+02, 1.21979126e+02,
       6.29278541e-01, 0., 0., 0., 5.03989380e+02, 2.82619873e+02,
       1.07535489e-01, 0., 0., 0., 5.23556580e+02, 2.78709686e+02,
       1.78890795e-01, 0., 0., 0., 0., 0., 0., 0., 0., 0. ]
