%YAML:1.0
---
pose_0: !!opencv-matrix
   rows: 1
   cols: 25
   dt: "3f"
   data: [ 9.99690857e+02, 2.35627411e+02, 7.29708195e-01,
       8.80160583e+02, 2.33647354e+02, 5.85198104e-01, 8.74296570e+02,
       1.37667953e+02, 6.49364412e-01, 7.43007141e+02, 7.69013596e+01,
       7.54782319e-01, 6.99949463e+02, 1.47405762e+02, 7.80100703e-01,
       8.85979980e+02, 3.33539032e+02, 5.57897866e-01, 7.43031067e+02,
       3.96246246e+02, 5.72364926e-01, 5.86283203e+02, 4.55006409e+02,
       6.95720613e-01, 5.43184814e+02, 3.08087463e+02, 1.19535744e-01,
       5.17706055e+02, 2.61054077e+02, 9.33363140e-02, 3.78593994e+02,
       3.51220306e+02, 1.97695613e-01, 1.90516708e+02, 3.57058167e+02,
       1.38908163e-01, 5.70601685e+02, 3.55099396e+02, 1.92789972e-01,
       3.84525665e+02, 3.51144714e+02, 1.97469443e-01, 1.96422104e+02,
       3.62926514e+02, 6.05338290e-02, 1.01147913e+03, 2.08198990e+02,
       8.10163617e-01, 1.01728644e+03, 2.57085693e+02, 7.61695087e-01,
       9.89873291e+02, 1.67057404e+02, 4.58782405e-01, 0., 0., 0., 0.,
       0., 0., 0., 0., 0., 0., 0., 0., 0., 0., 0., 0., 0., 0., 0., 0.,
       0. ]
