%YAML:1.0
---
pose_0: !!opencv-matrix
   rows: 1
   cols: 25
   dt: "3f"
   data: [ 9.31119080e+02, 3.25685242e+02, 7.88277268e-01,
       8.29228394e+02, 3.37430084e+02, 6.26425683e-01, 8.23263977e+02,
       2.59178131e+02, 7.16277838e-01, 7.56694275e+02, 2.27782181e+02,
       6.31203353e-01, 7.09720581e+02, 2.08096695e+02, 7.54087090e-01,
       8.33141785e+02, 4.23657379e+02, 5.31253517e-01, 7.27306702e+02,
       4.90272430e+02, 6.74449682e-01, 5.98012817e+02, 5.09981689e+02,
       7.67864585e-01, 5.86252563e+02, 3.51172974e+02, 2.57769912e-01,
       5.84303894e+02, 3.06145752e+02, 3.29522401e-01, 3.98233643e+02,
       3.12009430e+02, 1.03714846e-01, 0., 0., 0., 5.86268433e+02,
       3.94259247e+02, 2.47808307e-01, 4.13897125e+02, 4.13828522e+02,
       3.19395900e-01, 0., 0., 0., 9.34996948e+02, 3.06047363e+02,
       8.12750041e-01, 9.46712769e+02, 3.39501892e+02, 8.24761748e-01,
       9.13445801e+02, 2.80690277e+02, 5.89877188e-01, 9.35021729e+02,
       3.66839447e+02, 1.76961273e-01, 0., 0., 0., 0., 0., 0., 0., 0.,
       0., 0., 0., 0., 0., 0., 0., 0., 0., 0. ]
