%YAML:1.0
---
pose_0: !!opencv-matrix
   rows: 1
   cols: 25
   dt: "3f"
   data: [ 8.50765564e+02, 1.92510818e+02, 7.99782813e-01,
       7.60684143e+02, 2.25722336e+02, 7.06528783e-01, 7.60633484e+02,
       1.53294312e+02, 6.70039952e-01, 7.74356445e+02, 5.33643646e+01,
       5.54760337e-01, 7.99834656e+02, 5.36478472e+00, 7.36159757e-02,
       7.60629761e+02, 2.88512695e+02, 5.96411049e-01, 8.21374756e+02,
       3.51244385e+02, 8.78685415e-01, 8.29210266e+02, 2.84571259e+02,
       5.99543750e-01, 5.41185913e+02, 2.10164215e+02, 3.13368410e-01,
       5.49036926e+02, 1.67047424e+02, 3.25876117e-01, 3.64869110e+02,
       1.33729309e+02, 1.54624119e-01, 0., 0., 0., 5.35333740e+02,
       2.49291443e+02, 3.58451009e-01, 3.51178192e+02, 2.55163925e+02,
       3.60831618e-01, 1.76837524e+02, 2.72874176e+02, 3.75640392e-01,
       8.56715942e+02, 1.82735825e+02, 6.91808403e-01, 8.62516052e+02,
       2.10029984e+02, 8.10174823e-01, 0., 0., 0., 8.42929382e+02,
       2.41524811e+02, 7.40879536e-01, 1.14144936e+02, 2.88490540e+02,
       3.32497090e-01, 1.21997482e+02, 2.96341095e+02, 3.40709120e-01,
       1.61143784e+02, 2.70867706e+02, 1.67419061e-01, 0., 0., 0., 0.,
       0., 0., 0., 0., 0. ]
