%YAML:1.0
---
pose_0: !!opencv-matrix
   rows: 1
   cols: 25
   dt: "3f"
   data: [ 8.99739380e+02, 3.17855530e+02, 7.74803460e-01,
       7.92085266e+02, 3.17827057e+02, 6.94200277e-01, 7.93936157e+02,
       2.41409546e+02, 6.89579904e-01, 6.84243958e+02, 1.61079666e+02,
       7.90750980e-01, 6.01975464e+02, 2.27769684e+02, 8.31641376e-01,
       7.88077209e+02, 3.94299011e+02, 5.47731519e-01, 6.62703491e+02,
       4.39351624e+02, 6.92568660e-01, 6.64653259e+02, 4.02092529e+02,
       8.22091222e-01, 5.60794617e+02, 3.15909882e+02, 2.76084632e-01,
       5.70585144e+02, 2.76719452e+02, 3.13482910e-01, 5.09891235e+02,
       2.53244049e+02, 1.95031792e-01, 3.60979401e+02, 2.49290817e+02,
       2.61071682e-01, 5.54933228e+02, 3.59001282e+02, 3.27548146e-01,
       3.47277313e+02, 3.64880280e+02, 4.18557823e-01, 1.59158875e+02,
       3.57036530e+02, 4.31390136e-01, 9.11487122e+02, 2.98295898e+02,
       7.88243055e-01, 9.09532715e+02, 3.33467743e+02, 7.28670537e-01,
       8.86079834e+02, 2.78669617e+02, 6.44054770e-01, 8.89982666e+02,
       3.53057190e+02, 2.59028614e-01, 9.65105286e+01, 3.74676178e+02,
       1.82531357e-01, 1.02396568e+02, 3.80598297e+02, 1.90354928e-01,
       1.27860474e+02, 3.51173920e+02, 1.97009936e-01, 0., 0., 0., 0.,
       0., 0., 0., 0., 0. ]
