%YAML:1.0
---
pose_0: !!opencv-matrix
   rows: 1
   cols: 25
   dt: "3f"
   data: [ 9.48783386e+02, 2.76802765e+02, 8.31658721e-01,
       8.33091675e+02, 2.72804565e+02, 6.03951812e-01, 8.37087402e+02,
       1.82738632e+02, 6.62693143e-01, 6.97980774e+02, 1.14093048e+02,
       7.73000002e-01, 7.37122620e+02, 2.10088455e+02, 7.84726918e-01,
       8.25273621e+02, 3.66831390e+02, 5.62487483e-01, 6.97978943e+02,
       4.47123993e+02, 5.74191570e-01, 7.13608215e+02, 3.82446442e+02,
       7.70863652e-01, 6.11748474e+02, 2.82605469e+02, 9.65870842e-02,
       6.05882080e+02, 2.37535782e+02, 1.80375516e-01, 3.62944519e+02,
       2.43474991e+02, 9.13025439e-02, 1.70964447e+02, 2.41463242e+02,
       2.47778594e-01, 6.03912842e+02, 3.35535187e+02, 9.89960879e-02,
       4.55007019e+02, 3.35523773e+02, 7.47007504e-02, 1.31772415e+02,
       3.19868774e+02, 9.11650583e-02, 9.60454468e+02, 2.55198822e+02,
       8.30473065e-01, 9.66407043e+02, 2.92450562e+02, 7.99573004e-01,
       9.33054260e+02, 2.27691345e+02, 6.40543759e-01, 9.68299622e+02,
       3.19734161e+02, 7.18101114e-02, 0., 0., 0., 0., 0., 0.,
       1.31808411e+02, 3.21825256e+02, 6.12500459e-02, 0., 0., 0., 0.,
       0., 0., 0., 0., 0. ]
