%YAML:1.0
---
pose_0: !!opencv-matrix
   rows: 1
   cols: 25
   dt: "3f"
   data: [ 9.85943298e+02, 2.27848038e+02, 7.04783559e-01,
       8.58631714e+02, 2.41419327e+02, 5.60538888e-01, 8.39029724e+02,
       1.59157990e+02, 4.98886019e-01, 7.46914856e+02, 1.18075798e+02,
       3.41306567e-01, 7.01848450e+02, 1.02398430e+02, 7.10884750e-01,
       8.74253296e+02, 3.33517548e+02, 5.55968940e-01, 7.89946838e+02,
       4.64815277e+02, 8.12815189e-01, 8.37009705e+02, 3.33510651e+02,
       7.95131207e-01, 6.01929443e+02, 3.02193939e+02, 1.02349959e-01,
       5.74532532e+02, 2.68900665e+02, 8.94481018e-02, 3.15939850e+02,
       3.51160248e+02, 5.08966632e-02, 2.96345428e+02, 3.51160828e+02,
       1.60213962e-01, 6.31333252e+02, 3.41385162e+02, 7.17914850e-02,
       0., 0., 0., 0., 0., 0., 9.97672791e+02, 2.08186417e+02,
       8.25171947e-01, 9.97725342e+02, 2.51253922e+02, 7.23235488e-01,
       9.66391602e+02, 1.76762100e+02, 4.96850848e-01, 9.70264221e+02,
       2.72843506e+02, 2.70892978e-01, 0., 0., 0., 0., 0., 0., 0., 0.,
       0., 0., 0., 0., 0., 0., 0., 2.98279358e+02, 3.53164490e+02,
       5.42098954e-02 ]
