%YAML:1.0
---
pose_0: !!opencv-matrix
   rows: 1
   cols: 25
   dt: "3f"
   data: [ 8.82067627e+02, 2.33626312e+02, 7.78433621e-01,
       7.88014587e+02, 2.82581757e+02, 6.51815653e-01, 7.60675354e+02,
       2.27712173e+02, 6.47146940e-01, 7.60587463e+02, 1.21939346e+02,
       7.73536682e-01, 8.56635498e+02, 1.47517151e+02, 8.51010859e-01,
       8.03777405e+02, 3.37466614e+02, 6.71779394e-01, 8.54649475e+02,
       4.00217560e+02, 8.46066833e-01, 9.19390747e+02, 3.02183350e+02,
       6.63469434e-01, 5.29481445e+02, 3.31596985e+02, 2.55921006e-01,
       5.27524292e+02, 2.96336304e+02, 3.25029373e-01, 3.33569733e+02,
       3.06114899e+02, 3.76732618e-01, 1.53311981e+02, 3.17825195e+02,
       5.21829784e-01, 5.25548523e+02, 3.66853485e+02, 1.86611742e-01,
       3.62917877e+02, 3.76647095e+02, 1.92610264e-01, 1.76812881e+02,
       4.31568481e+02, 3.00439179e-01, 8.86056580e+02, 2.25777939e+02,
       7.35382259e-01, 8.95802856e+02, 2.49300430e+02, 7.91330159e-01,
       0., 0., 0., 8.80121826e+02, 2.88536194e+02, 7.06373215e-01,
       1.14101913e+02, 4.43264648e+02, 2.35641778e-01, 1.23932671e+02,
       4.51085114e+02, 2.37059310e-01, 1.61157547e+02, 4.31564819e+02,
       2.00011209e-01, 1.33772095e+02, 3.37513916e+02, 5.00736162e-02,
       1.33707733e+02, 3.35504517e+02, 5.44669367e-02, 1.37643921e+02,
       3.21764740e+02, 3.72168124e-01 ]
