%YAML:1.0
---
pose_0: !!opencv-matrix
   rows: 1
   cols: 25
   dt: "3f"
   data: [ 8.74300049e+02, 1.96475494e+02, 8.13524187e-01,
       7.82171631e+02, 1.78807236e+02, 6.56910658e-01, 7.89974609e+02,
       1.16136398e+02, 7.66342521e-01, 7.42936584e+02, 1.80700256e+02,
       8.54098797e-01, 7.37105957e+02, 3.10061188e+02, 7.43328452e-01,
       7.70452942e+02, 2.53213501e+02, 4.88932937e-01, 7.27313721e+02,
       2.92390320e+02, 1.19212046e-01, 7.29280640e+02, 3.25730957e+02,
       5.68238944e-02, 5.31427612e+02, 1.82705078e+02, 1.33281916e-01,
       5.11845886e+02, 1.49413559e+02, 1.61723450e-01, 3.53165863e+02,
       3.02191193e+02, 1.18265666e-01, 1.78833481e+02, 2.41496582e+02,
       2.90135026e-01, 5.41243958e+02, 2.27749771e+02, 9.86502320e-02,
       3.59035248e+02, 3.04106964e+02, 1.82823211e-01, 1.74840927e+02,
       2.39473297e+02, 2.84048915e-01, 8.84088623e+02, 1.78764603e+02,
       8.74022484e-01, 8.84091309e+02, 2.10191147e+02, 7.18993962e-01,
       8.60529846e+02, 1.55302231e+02, 6.67993307e-01, 8.68445801e+02,
       2.27805756e+02, 1.84473261e-01, 1.35724792e+02, 2.23809677e+02,
       5.97023554e-02, 1.39631271e+02, 2.21880997e+02, 8.56490806e-02,
       1.61131897e+02, 2.15987015e+02, 1.93781883e-01, 0., 0., 0., 0.,
       0., 0., 1.63083160e+02, 2.21884872e+02, 1.87510759e-01 ]
