%YAML:1.0
---
pose_0: !!opencv-matrix
   rows: 1
   cols: 25
   dt: "3f"
   data: [ 8.72275146e+02, 4.13788025e+02, 8.20405245e-01,
       7.74335754e+02, 4.49194794e+02, 7.41551697e-01, 7.43062195e+02,
       4.11944550e+02, 6.82202280e-01, 6.17571594e+02, 3.96183533e+02,
       6.61331177e-01, 5.51034424e+02, 3.51085358e+02, 7.92632520e-01,
       8.03766174e+02, 5.00054077e+02, 6.74692571e-01, 7.31227356e+02,
       4.47224640e+02, 5.48441172e-01, 6.37270142e+02, 3.15893372e+02,
       7.68354416e-01, 5.09892670e+02, 4.80505707e+02, 3.15700412e-01,
       5.13791382e+02, 4.45180878e+02, 4.19624448e-01, 3.51185486e+02,
       3.90343292e+02, 5.88335991e-01, 1.78756042e+02, 3.96193329e+02,
       2.48810709e-01, 5.07938324e+02, 5.23616272e+02, 3.16003412e-01,
       3.49217590e+02, 5.68595581e+02, 4.73306000e-01, 2.00313904e+02,
       6.35321106e+02, 4.61154670e-01, 8.72290588e+02, 3.98120819e+02,
       8.27713370e-01, 8.85996887e+02, 4.25657867e+02, 8.35893750e-01,
       8.46807617e+02, 3.86468140e+02, 4.73187566e-01, 8.76266724e+02,
       4.55007568e+02, 5.92812419e-01, 1.33737335e+02, 6.39162048e+02,
       1.64675325e-01, 1.43515198e+02, 6.50883484e+02, 1.73648357e-01,
       1.84638763e+02, 6.45065613e+02, 1.94227546e-01, 1.49435669e+02,
       4.11884918e+02, 1.57450378e-01, 1.49422256e+02, 4.00143250e+02,
       1.71645001e-01, 0., 0., 0. ]
