%YAML:1.0
---
pose_0: !!opencv-matrix
   rows: 1
   cols: 25
   dt: "3f"
   data: [ 9.03645691e+02, 3.06135498e+02, 8.07918668e-01,
       8.27231018e+02, 2.63056732e+02, 5.01210332e-01, 8.33129272e+02,
       2.27752106e+02, 6.94206238e-01, 7.97849792e+02, 3.04139832e+02,
       7.47767746e-01, 8.03760498e+02, 4.17850616e+02, 7.86031723e-01,
       8.21371826e+02, 2.90444916e+02, 1.71612710e-01, 0., 0., 0., 0.,
       0., 0., 6.48948181e+02, 2.82618164e+02, 2.61336505e-01,
       6.33296692e+02, 2.76712952e+02, 3.23596507e-01, 4.47194214e+02,
       3.47275726e+02, 1.93025619e-01, 0., 0., 0., 6.66600952e+02,
       3.06143188e+02, 1.86355874e-01, 6.50929871e+02, 3.55078766e+02,
       1.44199386e-01, 6.19513062e+02, 4.25624725e+02, 4.82786775e-01,
       9.15310303e+02, 2.86482086e+02, 8.36599648e-01, 9.17371521e+02,
       3.12025391e+02, 7.24154592e-01, 8.87965088e+02, 2.53220383e+02,
       7.33910084e-01, 0., 0., 0., 5.88281128e+02, 4.33438660e+02,
       2.96971500e-01, 6.00022949e+02, 4.41300446e+02, 3.08590204e-01,
       6.15670532e+02, 4.31568939e+02, 3.20165038e-01, 0., 0., 0., 0.,
       0., 0., 0., 0., 0. ]
