%YAML:1.0
---
pose_0: !!opencv-matrix
   rows: 1
   cols: 25
   dt: "3f"
   data: [ 9.15385254e+02, 3.68859741e+02, 8.35981488e-01,
       7.93947571e+02, 3.64905731e+02, 6.77361310e-01, 7.86124146e+02,
       2.80662170e+02, 6.42093837e-01, 6.56829285e+02, 2.12190201e+02,
       7.67043173e-01, 7.27251770e+02, 2.27707245e+02, 8.73240352e-01,
       7.93965698e+02, 4.41322968e+02, 5.76830387e-01, 6.84270691e+02,
       5.11810883e+02, 7.72610366e-01, 8.05723877e+02, 5.07852997e+02,
       7.82320797e-01, 5.31417664e+02, 3.72725983e+02, 2.38469839e-01,
       5.35346802e+02, 3.29629822e+02, 2.86700547e-01, 3.53149811e+02,
       3.41427917e+02, 5.03271461e-01, 1.51364243e+02, 3.19843445e+02,
       3.07054818e-01, 5.19675476e+02, 4.17802460e+02, 2.38814369e-01,
       3.57041321e+02, 4.74564941e+02, 4.59269583e-01, 1.78792648e+02,
       5.23585693e+02, 5.01028359e-01, 9.31031738e+02, 3.43337646e+02,
       7.91484714e-01, 9.27139587e+02, 3.82594574e+02, 7.82382846e-01,
       8.97771790e+02, 3.17869812e+02, 7.14199007e-01, 0., 0., 0.,
       1.29788788e+02, 5.72618408e+02, 4.26740229e-01, 1.33694168e+02,
       5.72589172e+02, 4.41836804e-01, 1.55300461e+02, 5.09937500e+02,
       3.42438161e-01, 1.21967239e+02, 2.88426270e+02, 9.90890563e-02,
       1.21975754e+02, 2.86558868e+02, 8.91439617e-02, 0., 0., 0. ]
