%YAML:1.0
---
pose_0: !!opencv-matrix
   rows: 1
   cols: 25
   dt: "3f"
   data: [ 9.01732971e+02, 3.45323883e+02, 7.56050825e-01,
       7.92047607e+02, 3.45311401e+02, 7.00559080e-01, 7.82214172e+02,
       2.68885345e+02, 6.47534728e-01, 6.68603271e+02, 1.96404831e+02,
       7.74260283e-01, 6.70545471e+02, 2.61079102e+02, 6.67295873e-01,
       7.92001770e+02, 4.19789734e+02, 5.82032382e-01, 6.84238403e+02,
       5.09817261e+02, 8.40290844e-01, 7.76377686e+02, 4.92209900e+02,
       8.49362671e-01, 5.15762329e+02, 3.47243073e+02, 2.96725988e-01,
       5.23552734e+02, 3.04137909e+02, 3.59249681e-01, 3.39446869e+02,
       3.06075317e+02, 2.74973989e-01, 1.57216232e+02, 3.04196960e+02,
       3.38439971e-01, 5.07919739e+02, 3.88402832e+02, 3.11448663e-01,
       3.49207153e+02, 4.47215363e+02, 3.43950391e-01, 1.68976181e+02,
       5.15753357e+02, 3.31414461e-01, 9.15382996e+02, 3.21805145e+02,
       8.79953086e-01, 9.19352966e+02, 3.62961182e+02, 7.72270143e-01,
       8.85976196e+02, 2.92481842e+02, 6.66770458e-01, 9.11475220e+02,
       3.80612976e+02, 1.83288813e-01, 1.31710495e+02, 4.96200409e+02,
       1.12477042e-01, 1.33731323e+02, 5.07903534e+02, 1.12574831e-01,
       1.45497269e+02, 5.09830902e+02, 1.71943799e-01, 1.29787003e+02,
       3.02179138e+02, 5.97183518e-02, 1.33693481e+02, 3.00214478e+02,
       6.45847470e-02, 0., 0., 0. ]
