%YAML:1.0
---
pose_0: !!opencv-matrix
   rows: 1
   cols: 25
   dt: "3f"
   data: [ 9.01758484e+02, 3.55120056e+02, 8.56393635e-01,
       8.05731079e+02, 3.21835236e+02, 6.44870639e-01, 8.21335510e+02,
       2.74753601e+02, 7.60759950e-01, 7.43083191e+02, 2.25826447e+02,
       8.37903261e-01, 7.62627197e+02, 3.78588135e+02, 6.75110579e-01,
       7.76332703e+02, 3.70740265e+02, 3.63546997e-01, 6.70527893e+02,
       4.02136566e+02, 2.98002034e-01, 6.45058289e+02, 4.47234070e+02,
       4.17726547e-01, 6.29376038e+02, 3.23747223e+02, 2.02903226e-01,
       6.09794983e+02, 3.08088562e+02, 2.21045449e-01, 4.35428101e+02,
       3.51175079e+02, 1.40622273e-01, 0., 0., 0., 6.47010925e+02,
       3.59003571e+02, 1.03291489e-01, 3.82526154e+02, 4.29516632e+02,
       6.47800937e-02, 3.37472565e+02, 4.35412750e+02, 1.75953403e-01,
       9.11476624e+02, 3.35405914e+02, 8.38148177e-01, 9.17419922e+02,
       3.64857025e+02, 7.90972412e-01, 8.76251038e+02, 3.02230591e+02,
       7.45482683e-01, 0., 0., 0., 0., 0., 0., 0., 0., 0.,
       3.35491486e+02, 4.41326508e+02, 1.16487078e-01, 0., 0., 0., 0.,
       0., 0., 0., 0., 0. ]
