%YAML:1.0
---
pose_0: !!opencv-matrix
   rows: 1
   cols: 25
   dt: "3f"
   data: [ 9.36950317e+02, 1.80779572e+02, 7.90926397e-01,
       8.21422485e+02, 1.94433868e+02, 6.89455986e-01, 8.15481689e+02,
       1.10196289e+02, 6.29504561e-01, 7.03826294e+02, 4.94344521e+01,
       6.44052267e-01, 6.02006653e+02, 3.56895218e+01, 8.00453186e-01,
       8.25307861e+02, 2.76705811e+02, 6.43727720e-01, 7.35178955e+02,
       3.60941467e+02, 6.70649230e-01, 6.45063965e+02, 4.55039337e+02,
       6.82803750e-01, 5.82361511e+02, 2.23831299e+02, 1.92840606e-01,
       5.80389893e+02, 1.72882996e+02, 2.71054178e-01, 3.57079712e+02,
       1.78807327e+02, 2.20822483e-01, 0., 0., 0., 5.84296631e+02,
       2.74806488e+02, 2.56907701e-01, 3.86482941e+02, 3.19793152e+02,
       1.02402680e-01, 3.74670624e+02, 3.08106384e+02, 9.86901000e-02,
       9.46680786e+02, 1.61178192e+02, 8.66037846e-01, 9.50657715e+02,
       1.98342255e+02, 8.30964386e-01, 9.17346924e+02, 1.37625092e+02,
       6.15605831e-01, 9.38911560e+02, 2.19931473e+02, 3.24724168e-01,
       0., 0., 0., 0., 0., 0., 0., 0., 0., 0., 0., 0., 0., 0., 0., 0.,
       0., 0. ]
