%YAML:1.0
---
pose_0: !!opencv-matrix
   rows: 1
   cols: 25
   dt: "3f"
   data: [ 1.08384985e+03, 2.63028534e+02, 7.20434666e-01,
       9.82038147e+02, 2.31670685e+02, 1.88241601e-01, 9.91836670e+02,
       1.65086029e+02, 3.56344759e-01, 0., 0., 0., 0., 0., 0.,
       9.52625732e+02, 2.96318268e+02, 1.00417070e-01, 0., 0., 0., 0.,
       0., 0., 0., 0., 0., 0., 0., 0., 0., 0., 0., 0., 0., 0., 0., 0.,
       0., 0., 0., 0., 0., 0., 0., 1.10150708e+03, 2.31666260e+02,
       8.13191175e-01, 1.10149976e+03, 2.86464966e+02, 7.27846622e-01,
       1078., 1.94474945e+02, 4.78709459e-01, 0., 0., 0., 0., 0., 0., 0.,
       0., 0., 0., 0., 0., 0., 0., 0., 0., 0., 0., 0., 0., 0. ]
