%YAML:1.0
---
pose_0: !!opencv-matrix
   rows: 1
   cols: 25
   dt: "3f"
   data: [ 9.80077026e+02, 3.06119385e+02, 7.97718406e-01,
       8.54696533e+02, 3.19880981e+02, 6.58802450e-01, 8.40957153e+02,
       2.29765900e+02, 6.45781815e-01, 7.29267029e+02, 1.94386337e+02,
       7.59312391e-01, 6.15620972e+02, 1.65122971e+02, 7.97104657e-01,
       8.68330994e+02, 4.13894623e+02, 5.57606697e-01, 7.27358643e+02,
       4.88332794e+02, 7.07778573e-01, 5.98042725e+02, 5.60802734e+02,
       6.55566037e-01, 6.45056885e+02, 3.43359741e+02, 7.48614296e-02,
       6.21543579e+02, 3.02194092e+02, 8.14374983e-02, 0., 0., 0., 0.,
       0., 0., 6.66594971e+02, 4.02113617e+02, 6.02609627e-02, 0., 0.,
       0., 0., 0., 0., 9.84024475e+02, 2.78722443e+02, 8.13068211e-01,
       9.97674194e+02, 3.21754974e+02, 7.63851941e-01, 9.50664978e+02,
       2.55132721e+02, 6.10342145e-01, 9.91797363e+02, 3.45341400e+02,
       1.46263257e-01, 0., 0., 0., 0., 0., 0., 0., 0., 0., 0., 0., 0.,
       0., 0., 0., 0., 0., 0. ]
