%YAML:1.0
---
pose_0: !!opencv-matrix
   rows: 1
   cols: 25
   dt: "3f"
   data: [ 9.91823364e+02, 2.86542450e+02, 5.95478892e-01,
       8.85997192e+02, 3.00264099e+02, 5.92289925e-01, 8.62524414e+02,
       2.27776443e+02, 3.88956070e-01, 8.13511963e+02, 1.45510574e+02,
       7.16172636e-01, 8.93890381e+02, 2.17936035e+02, 6.72840297e-01,
       8.99747498e+02, 3.62947540e+02, 4.33104098e-01, 8.60549438e+02,
       4.64883087e+02, 7.56869793e-01, 9.36963745e+02, 3.53107208e+02,
       7.49177277e-01, 6.01964111e+02, 3.31599274e+02, 9.72277001e-02,
       5.72588928e+02, 2.86515411e+02, 1.66441321e-01, 0., 0., 0., 0.,
       0., 0., 6.31349854e+02, 3.80561584e+02, 8.83240253e-02, 0., 0.,
       0., 0., 0., 0., 9.95743958e+02, 2.61060730e+02, 8.27034354e-01,
       1.00946942e+03, 3.04222107e+02, 7.77114272e-01, 9.70295654e+02,
       2.41383743e+02, 4.26379561e-01, 9.97714294e+02, 3.29658783e+02,
       1.73461646e-01, 0., 0., 0., 0., 0., 0., 0., 0., 0., 0., 0., 0.,
       0., 0., 0., 0., 0., 0. ]
