%YAML:1.0
---
pose_0: !!opencv-matrix
   rows: 1
   cols: 25
   dt: "3f"
   data: [ 8.99657410e+02, 1.94464752e+02, 8.15229416e-01,
       7.88104187e+02, 2.16018143e+02, 6.77914143e-01, 7.72403992e+02,
       1.41525833e+02, 6.81604445e-01, 6.52904602e+02, 9.65063095e+01,
       7.32156932e-01, 5.72592163e+02, 9.84328232e+01, 8.23714912e-01,
       7.94010803e+02, 2.98268585e+02, 6.67701542e-01, 6.82347351e+02,
       3.55171753e+02, 7.87187457e-01, 5.72526672e+02, 3.84515717e+02,
       8.53103757e-01, 5.41216858e+02, 2.29730484e+02, 1.33640707e-01,
       5.13788269e+02, 1.84656754e+02, 1.42127648e-01, 3.68825165e+02,
       2.02282791e+02, 6.35911524e-02, 0., 0., 0., 5.39272766e+02,
       2.88458801e+02, 1.31654516e-01, 3.45305084e+02, 2.94368164e+02,
       1.47365198e-01, 1.21952354e+02, 3.17910400e+02, 9.39048156e-02,
       9.01720154e+02, 1.72934357e+02, 8.54375720e-01, 9.11503967e+02,
       2.10068588e+02, 8.36192012e-01, 8.72327637e+02, 1.51325058e+02,
       6.89218640e-01, 8.99745483e+02, 2.27863174e+02, 5.41433990e-01,
       0., 0., 0., 0., 0., 0., 1.12152092e+02, 3.21844849e+02,
       6.60256222e-02, 0., 0., 0., 0., 0., 0., 0., 0., 0. ]
