%YAML:1.0
---
pose_0: !!opencv-matrix
   rows: 1
   cols: 25
   dt: "3f"
   data: [ 8.97774841e+02, 3.82514099e+02, 8.46599221e-01,
       7.90036682e+02, 3.51176392e+02, 6.87497437e-01, 7.89940796e+02,
       2.76717041e+02, 6.48703158e-01, 6.64685791e+02, 2.12072845e+02,
       8.52311254e-01, 7.43057800e+02, 2.39543472e+02, 7.51018047e-01,
       7.86117920e+02, 4.25619965e+02, 5.51299930e-01, 6.78377441e+02,
       4.96209839e+02, 7.93877900e-01, 7.80211609e+02, 5.07896454e+02,
       8.10281634e-01, 5.41251770e+02, 4.13879333e+02, 3.25707853e-01,
       5.39257568e+02, 3.66804657e+02, 4.25759196e-01, 3.68837982e+02,
       3.66878326e+02, 1.52835682e-01, 1.45458954e+02, 3.62943665e+02,
       1.54131815e-01, 5.47100830e+02, 4.58901062e+02, 3.59757155e-01,
       3.86431000e+02, 4.86358337e+02, 2.69666851e-01, 0., 0., 0.,
       9.11509766e+02, 3.55086761e+02, 8.19700658e-01, 9.13401794e+02,
       3.86468628e+02, 7.18448043e-01, 8.86096741e+02, 3.17808533e+02,
       8.22133899e-01, 0., 0., 0., 0., 0., 0., 0., 0., 0., 0., 0., 0.,
       0., 0., 0., 0., 0., 0., 0., 0., 0. ]
