%YAML:1.0
---
pose_0: !!opencv-matrix
   rows: 1
   cols: 25
   dt: "3f"
   data: [ 8.97772278e+02, 2.59182465e+02, 8.16354811e-01,
       7.97882324e+02, 3.23742249e+02, 6.23322368e-01, 7.68478333e+02,
       2.90435638e+02, 4.26950544e-01, 6.49021423e+02, 2.96335022e+02,
       3.98321420e-01, 6.07846558e+02, 2.41491272e+02, 7.45920658e-01,
       8.23405884e+02, 3.66802582e+02, 6.46918476e-01, 7.17521484e+02,
       4.29523254e+02, 7.84934878e-01, 6.19673706e+02, 2.78686768e+02,
       4.77394640e-01, 5.17688721e+02, 3.53114441e+02, 3.03744942e-01,
       5.23586731e+02, 3.17890900e+02, 2.86631972e-01, 3.57065918e+02,
       2.72779297e+02, 2.34509245e-01, 1.84643509e+02, 3.29659943e+02,
       1.49728149e-01, 5.07938965e+02, 3.82516876e+02, 2.29858577e-01,
       3.47246979e+02, 2.88515869e+02, 2.32474864e-01, 2.35586975e+02,
       3.37520264e+02, 8.70771483e-02, 9.01613647e+02, 2.51244293e+02,
       7.59751558e-01, 9.15372620e+02, 2.74863434e+02, 8.80319774e-01,
       8.54743896e+02, 2.55113861e+02, 6.22349717e-02, 8.97802551e+02,
       3.21801056e+02, 8.12470734e-01, 0., 0., 0., 0., 0., 0., 0., 0.,
       0., 1.51386795e+02, 2.90481750e+02, 2.15330079e-01,
       1.53310684e+02, 2.92418793e+02, 1.88086808e-01, 0., 0., 0. ]
