%YAML:1.0
---
pose_0: !!opencv-matrix
   rows: 2
   cols: 25
   dt: "3f"
   data: [ 9.31050415e+02, 2.37517502e+02, 7.39878893e-01,
       8.42905518e+02, 3.06118500e+02, 6.48368239e-01, 8.19379883e+02,
       2.74810028e+02, 4.75029111e-01, 7.17545837e+02, 2.74792511e+02,
       3.61653656e-01, 6.33227478e+02, 2.43440216e+02, 7.73790777e-01,
       8.66446716e+02, 3.41423889e+02, 6.06979728e-01, 7.41026855e+02,
       3.96208130e+02, 6.75381780e-01, 5.74555664e+02, 3.21757996e+02,
       6.84541881e-01, 6.31309631e+02, 3.35508026e+02, 8.74213129e-02,
       6.11730042e+02, 3.02194244e+02, 7.73819759e-02, 0., 0., 0., 0.,
       0., 0., 6.45038513e+02, 3.84512634e+02, 5.68029210e-02, 0., 0.,
       0., 0., 0., 0., 9.46781128e+02, 2.29685669e+02, 4.79363769e-01,
       9.50659363e+02, 2.57067230e+02, 8.51096392e-01, 0., 0., 0.,
       9.44776184e+02, 3.06090668e+02, 8.61038685e-01, 0., 0., 0., 0.,
       0., 0., 0., 0., 0., 0., 0., 0., 0., 0., 0., 0., 0., 0., 0., 0.,
       0., 0., 0., 0., 0., 0., 0., 0., 0., 0., 0., 0., 0., 0., 0., 0.,
       0., 0., 0., 0., 0., 0., 5.64731934e+02, 3.33558807e+02,
       8.69537592e-02, 5.23580261e+02, 3.04192291e+02, 1.13572106e-01,
       3.51209137e+02, 2.23863693e+02, 7.25081265e-01, 1.72900299e+02,
       3.80527039e+02, 5.70185110e-02, 5.74532532e+02, 3.80568085e+02,
       7.26521909e-02, 3.21764526e+02, 2.98288879e+02, 1.83636695e-01,
       9.06426239e+01, 4.25604462e+02, 6.92084134e-02, 0., 0., 0., 0.,
       0., 0., 0., 0., 0., 0., 0., 0., 0., 0., 0., 0., 0., 0., 0., 0.,
       0., 0., 0., 0., 0., 0., 0., 0., 0., 0. ]
