%YAML:1.0
---
pose_0: !!opencv-matrix
   rows: 1
   cols: 25
   dt: "3f"
   data: [ 8.84007935e+02, 3.55164978e+02, 7.83156514e-01,
       7.95921326e+02, 3.06169128e+02, 4.32804435e-01, 8.05624634e+02,
       2.76751068e+02, 6.96660399e-01, 6.84206238e+02, 2.80622894e+02,
       7.12110281e-01, 6.45057007e+02, 4.37415039e+02, 6.06594086e-01,
       7.88073547e+02, 3.37466553e+02, 1.62257925e-01, 0., 0., 0., 0.,
       0., 0., 5.94115601e+02, 3.06110840e+02, 1.56064034e-01,
       5.72564819e+02, 2.82622559e+02, 1.77783802e-01, 3.37488708e+02,
       3.98223541e+02, 3.05390924e-01, 9.05966187e+01, 3.51163605e+02,
       3.37608278e-01, 6.21540710e+02, 3.47247803e+02, 7.75299668e-02,
       0., 0., 0., 0., 0., 0., 8.99691223e+02, 3.33512909e+02,
       6.86271012e-01, 9.01721436e+02, 3.66806488e+02, 8.03810477e-01,
       8.82046326e+02, 2.92395966e+02, 7.46083319e-01, 0., 0., 0., 0.,
       0., 0., 0., 0., 0., 0., 0., 0., 6.12230072e+01, 3.84594421e+02,
       6.68877214e-02, 6.12135658e+01, 3.82491608e+02, 6.26354367e-02,
       6.90855255e+01, 3.37479126e+02, 2.37665802e-01 ]
