%YAML:1.0
---
pose_0: !!opencv-matrix
   rows: 1
   cols: 25
   dt: "3f"
   data: [ 8.54613403e+02, 3.02212646e+02, 8.03737044e-01,
       7.60650696e+02, 3.02146942e+02, 7.18661189e-01, 7.62658997e+02,
       2.49293808e+02, 6.11084223e-01, 7.27315674e+02, 1.94395248e+02,
       7.89848983e-01, 8.25341003e+02, 2.59142181e+02, 8.06801856e-01,
       7.58605225e+02, 3.53141205e+02, 5.66654503e-01, 6.97954041e+02,
       4.45203735e+02, 8.66934419e-01, 7.91956787e+02, 3.98206696e+02,
       9.02870715e-01, 5.39260254e+02, 2.78687836e+02, 2.83299506e-01,
       5.41193970e+02, 2.41410583e+02, 3.92397404e-01, 3.49194061e+02,
       2.17967224e+02, 3.43449622e-01, 2.08144501e+02, 1.65082230e+02,
       1.71110734e-01, 5.33382935e+02, 3.23752930e+02, 2.83493876e-01,
       3.39419098e+02, 3.43348541e+02, 2.86725789e-01, 1.61127579e+02,
       3.25694855e+02, 4.52998787e-01, 8.66462646e+02, 2.88501495e+02,
       8.65113735e-01, 8.66404846e+02, 3.12002991e+02, 7.27429271e-01,
       8.50758667e+02, 2.70782440e+02, 5.67358553e-01, 8.42951782e+02,
       3.29601318e+02, 2.34064877e-01, 1.19982231e+02, 3.80588043e+02,
       4.40179825e-01, 1.25873917e+02, 3.80515045e+02, 3.89527500e-01,
       1.37646317e+02, 3.08093018e+02, 4.23529387e-01, 0., 0., 0., 0.,
       0., 0., 0., 0., 0. ]
