%YAML:1.0
---
pose_0: !!opencv-matrix
   rows: 1
   cols: 25
   dt: "3f"
   data: [ 8.99791992e+02, 2.12069077e+02, 7.85545051e-01,
       8.50750000e+02, 2.80676483e+02, 4.69486117e-01, 8.54702026e+02,
       2.82615265e+02, 2.42001206e-01, 6.50914185e+02, 2.72842590e+02,
       6.11296058e-01, 6.48959534e+02, 1.94512070e+02, 8.12312365e-01,
       8.64485657e+02, 2.86501251e+02, 4.45329547e-01, 7.60605103e+02,
       2.25792801e+02, 7.39455760e-01, 6.92088867e+02, 1.65145782e+02,
       7.66881883e-01, 5.68636047e+02, 3.31582733e+02, 2.60266930e-01,
       5.64736877e+02, 2.92425934e+02, 3.15656096e-01, 3.33550842e+02,
       2.61048248e+02, 1.83327541e-01, 9.25759201e+01, 3.66914948e+02,
       2.65253335e-01, 5.60803345e+02, 3.70804779e+02, 2.01483488e-01,
       4.45191956e+02, 3.47261536e+02, 5.70062362e-02, 3.35526581e+02,
       3.10080750e+02, 7.52173960e-02, 9.13464539e+02, 2.00345108e+02,
       7.31328905e-01, 9.29084106e+02, 2.27820374e+02, 8.64531696e-01,
       0., 0., 0., 9.21304749e+02, 2.80621674e+02, 7.65879154e-01, 0.,
       0., 0., 0., 0., 0., 0., 0., 0., 4.16363373e+01, 4.04068268e+02,
       1.19991168e-01, 4.16720810e+01, 4.00141724e+02, 1.01148017e-01,
       0., 0., 0. ]
