%YAML:1.0
---
pose_0: !!opencv-matrix
   rows: 1
   cols: 25
   dt: "3f"
   data: [ 9.25160950e+02, 2.10137482e+02, 7.81627238e-01,
       8.17414490e+02, 2.59197449e+02, 7.14579463e-01, 7.91983093e+02,
       1.92488037e+02, 6.51700735e-01, 6.78360413e+02, 1.82685501e+02,
       2.87429363e-01, 5.90227417e+02, 1.80700150e+02, 3.29790860e-01,
       8.31166565e+02, 3.33556641e+02, 6.55049324e-01, 6.99910889e+02,
       3.70785736e+02, 6.72898412e-01, 5.43224915e+02, 3.68847839e+02,
       8.13432693e-01, 5.21624573e+02, 2.74749756e+02, 3.18930358e-01,
       5.23586731e+02, 2.29693481e+02, 4.02579397e-01, 3.51194672e+02,
       2.17957855e+02, 2.30734795e-01, 1.94430817e+02, 2.08180145e+02,
       6.84634298e-02, 5.23603455e+02, 3.17890320e+02, 3.85062069e-01,
       3.41369873e+02, 3.86424896e+02, 5.40476799e-01, 1.49420715e+02,
       4.64861847e+02, 4.48271096e-01, 9.31067261e+02, 1.94513229e+02,
       8.74477863e-01, 9.42873108e+02, 2.25874863e+02, 8.62142622e-01,
       9.01657288e+02, 1.84652191e+02, 1.51229084e-01, 9.21299561e+02,
       2.64980042e+02, 6.04993582e-01, 6.90657501e+01, 4.53092133e+02,
       7.35384077e-02, 7.30220947e+01, 4.64849152e+02, 7.98041075e-02,
       1.33698349e+02, 4.76534454e+02, 2.60658324e-01, 0., 0., 0., 0.,
       0., 0., 0., 0., 0. ]
