%YAML:1.0
---
pose_0: !!opencv-matrix
   rows: 1
   cols: 25
   dt: "3f"
   data: [ 1.03887305e+03, 3.70756897e+02, 4.17037219e-01,
       9.27138977e+02, 3.41408813e+02, 5.75626612e-01, 9.34974792e+02,
       2.59139038e+02, 5.72739005e-01, 8.93860229e+02, 2.10113556e+02,
       2.41299525e-01, 8.09655823e+02, 1.51350601e+02, 4.52547520e-01,
       9.11491760e+02, 4.31480286e+02, 4.33597744e-01, 8.38984436e+02,
       5.09851105e+02, 1.44498855e-01, 8.19399719e+02, 5.19670410e+02,
       1.06070489e-01, 0., 0., 0., 0., 0., 0., 0., 0., 0., 0., 0., 0.,
       0., 0., 0., 0., 0., 0., 0., 0., 0., 1.06234229e+03,
       3.49198242e+02, 6.44528925e-01, 1.05851489e+03, 3.98105652e+02,
       5.81037998e-01, 1.04280469e+03, 3.08140747e+02, 3.90901774e-01,
       1.05835999e+03, 4.07984558e+02, 5.78145236e-02, 0., 0., 0., 0.,
       0., 0., 0., 0., 0., 0., 0., 0., 0., 0., 0., 0., 0., 0. ]
