%YAML:1.0
---
pose_0: !!opencv-matrix
   rows: 1
   cols: 25
   dt: "3f"
   data: [ 8.95833435e+02, 1.78688705e+02, 7.91952968e-01,
       8.07639099e+02, 1.51341553e+02, 6.53935432e-01, 8.19442810e+02,
       9.65157547e+01, 6.59858644e-01, 7.56658752e+02, 1.82765472e+02,
       7.10903347e-01, 7.42968201e+02, 3.25717255e+02, 7.25019813e-01,
       7.91973328e+02, 1.98406128e+02, 3.97599399e-01, 7.44932495e+02,
       2.43450073e+02, 1.02281034e-01, 0., 0., 0., 5.82348694e+02,
       1.10201805e+02, 1.16851225e-01, 5.70583679e+02, 1.33709641e+02,
       9.80282426e-02, 3.49222870e+02, 2.88497314e+02, 2.29308516e-01,
       1.63055176e+02, 2.39471008e+02, 3.00996721e-01, 0., 0., 0., 0.,
       0., 0., 0., 0., 0., 9.01783386e+02, 1.49461472e+02,
       8.73923361e-01, 9.11497925e+02, 1.90548325e+02, 7.89863586e-01,
       8.85988831e+02, 1.23902954e+02, 6.84123456e-01, 9.05613953e+02,
       2.08160736e+02, 5.88265695e-02, 0., 0., 0., 0., 0., 0., 0., 0.,
       0., 1.41537704e+02, 2.59150543e+02, 7.78735206e-02, 0., 0., 0.,
       1.41558807e+02, 2.33627548e+02, 1.90557435e-01 ]
