%YAML:1.0
---
pose_0: !!opencv-matrix
   rows: 1
   cols: 25
   dt: "3f"
   data: [ 9.31016663e+02, 2.27758362e+02, 8.18571329e-01,
       8.21347778e+02, 2.86510834e+02, 6.61809325e-01, 7.95925598e+02,
       2.21880081e+02, 4.95873392e-01, 0., 0., 0., 0., 0., 0.,
       8.27253662e+02, 3.45280701e+02, 6.14089131e-01, 6.99928528e+02,
       3.76619690e+02, 7.12493718e-01, 5.45175781e+02, 3.64866577e+02,
       7.41281331e-01, 5.17722717e+02, 2.90504822e+02, 4.31138635e-01,
       5.11825317e+02, 2.57148956e+02, 4.95720536e-01, 3.27681183e+02,
       2.39524582e+02, 2.02451944e-01, 0., 0., 0., 5.23562622e+02,
       3.29624847e+02, 4.36753124e-01, 3.53139832e+02, 4.08012329e+02,
       4.44424629e-01, 1.72909576e+02, 4.88288696e+02, 2.73185164e-01,
       9.33160400e+02, 2.14016205e+02, 8.36286843e-01, 9.48643555e+02,
       2.43511627e+02, 8.71404350e-01, 9.17345642e+02, 2.08189438e+02,
       9.97641683e-02, 9.31033752e+02, 2.88513306e+02, 7.55820274e-01,
       0., 0., 0., 0., 0., 0., 1.53326553e+02, 4.92197052e+02,
       2.01502070e-01, 0., 0., 0., 0., 0., 0., 0., 0., 0. ]
