%YAML:1.0
---
pose_0: !!opencv-matrix
   rows: 1
   cols: 25
   dt: "3f"
   data: [ 9.52636353e+02, 2.41375839e+02, 6.89162076e-01,
       8.31144409e+02, 2.55170380e+02, 6.29681647e-01, 8.17417175e+02,
       1.78716034e+02, 5.93964517e-01, 7.03814636e+02, 1.59175034e+02,
       1.90194398e-01, 6.64629822e+02, 1.51358566e+02, 4.52280253e-01,
       8.50709106e+02, 3.29643585e+02, 5.11971593e-01, 7.76272522e+02,
       4.70675385e+02, 7.99781919e-01, 8.09592773e+02, 3.31605377e+02,
       7.93613613e-01, 5.31429321e+02, 2.53233414e+02, 9.42469537e-02,
       5.25538391e+02, 2.14063614e+02, 1.44591153e-01, 0., 0., 0., 0.,
       0., 0., 5.41210144e+02, 3.33548187e+02, 1.14406377e-01,
       4.27572876e+02, 3.37519623e+02, 7.03644603e-02, 1.49388107e+02,
       3.41393402e+02, 2.45067716e-01, 9.64317017e+02, 2.12163986e+02,
       7.76288092e-01, 9.64490967e+02, 2.59035828e+02, 7.98353076e-01,
       9.34974304e+02, 1.90545792e+02, 4.19922948e-01, 9.46809265e+02,
       2.86552887e+02, 1.64155275e-01, 0., 0., 0., 0., 0., 0.,
       1.31775757e+02, 3.23790710e+02, 1.25767514e-01, 0., 0., 0., 0.,
       0., 0., 0., 0., 0. ]
