%YAML:1.0
---
pose_0: !!opencv-matrix
   rows: 1
   cols: 25
   dt: "3f"
   data: [ 1.00944049e+03, 2.49312683e+02, 6.09381139e-01,
       8.97767395e+02, 2.29697327e+02, 4.61089134e-01, 9.11496338e+02,
       1.63093781e+02, 4.65663344e-01, 9.03666016e+02, 7.09984741e+01,
       6.90515578e-01, 1.04274719e+03, 1.82714279e+02, 6.09852314e-01,
       8.78156860e+02, 3.19861481e+02, 5.05031228e-01, 8.23275330e+02,
       4.88319855e+02, 7.57596791e-01, 9.62357910e+02, 4.06026886e+02,
       7.67082930e-01, 6.05887939e+02, 2.53235031e+02, 6.65645376e-02,
       0., 0., 0., 0., 0., 0., 0., 0., 0., 6.29372070e+02,
       2.94358734e+02, 6.37588054e-02, 5.21630127e+02, 3.19868805e+02,
       5.85918650e-02, 0., 0., 0., 1.02901978e+03, 2.27751495e+02,
       4.21354413e-01, 1.02708105e+03, 2.63053894e+02, 5.38642049e-01,
       1.02705713e+03, 1.98351654e+02, 2.12534472e-01, 0., 0., 0., 0.,
       0., 0., 0., 0., 0., 0., 0., 0., 0., 0., 0., 0., 0., 0., 0., 0.,
       0. ]
