%YAML:1.0
---
pose_0: !!opencv-matrix
   rows: 1
   cols: 25
   dt: "3f"
   data: [ 9.31058350e+02, 4.31562622e+02, 8.55157733e-01,
       8.27227051e+02, 4.29556763e+02, 6.77847803e-01, 8.25314941e+02,
       3.41379150e+02, 6.71527028e-01, 7.07771973e+02, 3.00195221e+02,
       7.69382834e-01, 6.27423096e+02, 3.66777100e+02, 7.74840176e-01,
       8.23391174e+02, 5.09859528e+02, 5.04719913e-01, 6.74442871e+02,
       5.54912903e+02, 6.96567774e-01, 5.64727722e+02, 5.86287964e+02,
       6.84908628e-01, 5.78441956e+02, 4.31518890e+02, 2.70675123e-01,
       5.78441101e+02, 3.90384308e+02, 3.55624408e-01, 3.96240570e+02,
       4.27569153e+02, 1.84953377e-01, 8.27547684e+01, 5.39189880e+02,
       1.43050164e-01, 5.68645142e+02, 4.92272644e+02, 2.56868243e-01,
       3.96233704e+02, 4.78505402e+02, 1.28962040e-01, 8.86472855e+01,
       5.39174866e+02, 7.76792765e-02, 9.44762573e+02, 4.09922241e+02,
       7.69171953e-01, 9.46781006e+02, 4.49118195e+02, 8.39919627e-01,
       9.27171936e+02, 3.82501129e+02, 5.57440341e-01, 0., 0., 0., 0.,
       0., 0., 0., 0., 0., 0., 0., 0., 0., 0., 0., 0., 0., 0., 0., 0.,
       0. ]
