%YAML:1.0
---
pose_0: !!opencv-matrix
   rows: 2
   cols: 25
   dt: "3f"
   data: [ 9.13471436e+02, 3.70741058e+02, 7.97077179e-01,
       8.21357971e+02, 3.21780548e+02, 4.66950089e-01, 8.25307617e+02,
       2.96299530e+02, 6.76654756e-01, 7.17514343e+02, 3.51191895e+02,
       6.96102619e-01, 7.41027039e+02, 4.82428864e+02, 7.67606437e-01,
       8.13535889e+02, 3.51203064e+02, 2.07726628e-01, 0., 0., 0., 0.,
       0., 0., 5.23545105e+02, 2.94399780e+02, 2.68549711e-01,
       5.21600769e+02, 3.10053558e+02, 2.37646475e-01, 3.47257416e+02,
       3.84516418e+02, 4.96934652e-01, 1.43501572e+02, 3.17884003e+02,
       1.83671877e-01, 5.27491577e+02, 2.78715973e+02, 1.91073895e-01,
       3.51161377e+02, 3.57049316e+02, 2.47751519e-01, 1.31754395e+02,
       3.43325806e+02, 8.46385658e-02, 9.29118286e+02, 3.45326874e+02,
       7.72170901e-01, 9.29103027e+02, 3.80572296e+02, 8.08527410e-01,
       9.03718079e+02, 3.06202271e+02, 8.50763321e-01, 0., 0., 0., 0.,
       0., 0., 0., 0., 0., 0., 0., 0., 0., 0., 0., 0., 0., 0., 0., 0.,
       0., 0., 0., 0., 0., 0., 0., 0., 0., 0., 0., 0., 0., 0., 0., 0.,
       6.80302734e+02, 3.19847931e+02, 1.37606740e-01, 6.52909485e+02,
       3.98237549e+02, 5.66786289e-01, 6.66664307e+02, 4.96177795e+02,
       7.57306814e-01, 0., 0., 0., 0., 0., 0., 0., 0., 0., 0., 0., 0.,
       0., 0., 0., 0., 0., 0., 0., 0., 0., 0., 0., 0., 0., 0., 0., 0.,
       0., 0., 0., 0., 0., 0., 0., 0., 0., 0., 0., 0., 0., 0., 0., 0.,
       0., 0., 0., 0., 0., 0., 0. ]
