%YAML:1.0
---
pose_0: !!opencv-matrix
   rows: 2
   cols: 25
   dt: "3f"
   data: [ 8.99711182e+02, 3.53133942e+02, 8.25452328e-01,
       8.23316406e+02, 2.90458374e+02, 4.51945305e-01, 8.27284973e+02,
       2.88547363e+02, 6.91033840e-01, 7.13623047e+02, 3.06091522e+02,
       3.99639934e-01, 6.50957336e+02, 4.31484222e+02, 6.01954281e-01,
       0., 0., 0., 0., 0., 0., 0., 0., 0., 5.07886902e+02,
       2.51268631e+02, 2.82917410e-01, 0., 0., 0., 0., 0., 0., 0., 0.,
       0., 5.00079315e+02, 2.33628937e+02, 1.84110463e-01,
       2.88453064e+02, 3.68781097e+02, 1.82215750e-01, 1.21994270e+02,
       3.08119934e+02, 2.18860865e-01, 9.11482971e+02, 3.35428894e+02,
       8.07165682e-01, 9.13483276e+02, 3.53236908e+02, 1.58530191e-01,
       8.86085083e+02, 2.90369354e+02, 9.07144845e-01, 0., 0., 0., 0.,
       0., 0., 0., 0., 0., 0., 0., 0., 0., 0., 0., 0., 0., 0., 0., 0.,
       0., 0., 0., 0., 0., 0., 0., 0., 0., 0., 0., 0., 0., 0., 0., 0.,
       6.48936401e+02, 3.15939392e+02, 6.43124208e-02, 5.84299194e+02,
       3.41417450e+02, 3.92423362e-01, 5.41305481e+02, 4.41271790e+02,
       6.86074197e-01, 0., 0., 0., 0., 0., 0., 0., 0., 0., 0., 0., 0.,
       0., 0., 0., 0., 0., 0., 0., 0., 0., 0., 0., 0., 0., 0., 0., 0.,
       0., 0., 0., 0., 0., 0., 0., 0., 0., 0., 0., 0., 0., 0., 0., 0.,
       0., 0., 0., 0., 0., 0., 0. ]
