%YAML:1.0
---
pose_0: !!opencv-matrix
   rows: 1
   cols: 25
   dt: "3f"
   data: [ 8.54613464e+02, 4.56938446e+02, 8.47571075e-01,
       7.74373901e+02, 4.13928833e+02, 6.06018841e-01, 7.68445862e+02,
       4.60908966e+02, 4.55193549e-01, 8.21316589e+02, 5.45140137e+02,
       7.25382686e-01, 8.89979797e+02, 5.88206177e+02, 7.48164952e-01,
       7.86113037e+02, 3.70755127e+02, 2.92034358e-01, 0., 0., 0., 0.,
       0., 0., 5.39256958e+02, 4.29550385e+02, 7.35991821e-02, 0., 0.,
       0., 0., 0., 0., 0., 0., 0., 0., 0., 0., 0., 0., 0., 0., 0., 0.,
       8.60551758e+02, 4.35454315e+02, 8.00193071e-01, 8.70339966e+02,
       4.51070068e+02, 1.27119362e-01, 8.37097351e+02, 3.98166626e+02,
       8.65472734e-01, 0., 0., 0., 0., 0., 0., 0., 0., 0., 0., 0., 0.,
       0., 0., 0., 0., 0., 0., 0., 0., 0. ]
