%YAML:1.0
---
pose_0: !!opencv-matrix
   rows: 1
   cols: 25
   dt: "3f"
   data: [ 9.05658875e+02, 2.70840454e+02, 7.88786590e-01,
       8.09674011e+02, 2.84589508e+02, 6.88367605e-01, 8.03750427e+02,
       2.21888367e+02, 6.47144616e-01, 8.29186890e+02, 1.14112808e+02,
       7.51181006e-01, 9.27134216e+02, 1.92486664e+02, 7.76443481e-01,
       8.21308716e+02, 3.45287750e+02, 5.87045431e-01, 8.58595459e+02,
       4.02130676e+02, 7.90868342e-01, 9.35017578e+02, 3.11977234e+02,
       7.48155832e-01, 5.58852722e+02, 3.31582214e+02, 2.95939267e-01,
       5.64723999e+02, 2.84565948e+02, 3.74065310e-01, 3.53109009e+02,
       3.04176208e+02, 4.97329175e-01, 1.49442200e+02, 3.10066071e+02,
       6.11466706e-01, 5.60834717e+02, 3.74717834e+02, 3.70007575e-01,
       3.90369598e+02, 4.00103668e+02, 4.30562258e-01, 2.27762665e+02,
       4.17767273e+02, 2.55899936e-01, 9.13459717e+02, 2.47350876e+02,
       8.20517778e-01, 9.17455994e+02, 2.80652740e+02, 7.79485047e-01,
       8.82122437e+02, 2.29735535e+02, 4.74304080e-01, 9.03649475e+02,
       3.04159729e+02, 4.71535593e-01, 0., 0., 0., 0., 0., 0., 0., 0.,
       0., 1.43477127e+02, 3.37543640e+02, 1.08529598e-01, 0., 0., 0.,
       1.39563965e+02, 3.17883698e+02, 4.05588567e-01 ]
