%YAML:1.0
---
pose_0: !!opencv-matrix
   rows: 1
   cols: 25
   dt: "3f"
   data: [ 8.72354492e+02, 3.17825287e+02, 5.49629509e-01,
       7.80267700e+02, 2.82593323e+02, 5.27152240e-01, 7.99799500e+02,
       2.31683441e+02, 3.58802110e-01, 7.95931763e+02, 2.39484238e+02,
       5.73828936e-01, 8.72309937e+02, 3.37451843e+02, 6.16349220e-01,
       7.68498535e+02, 3.29657166e+02, 5.33504367e-01, 7.43007690e+02,
       4.45187103e+02, 8.69786024e-01, 8.09639526e+02, 4.19752869e+02,
       8.06772113e-01, 5.49066650e+02, 2.63024017e+02, 1.89635918e-01,
       5.41239075e+02, 2.33648315e+02, 1.67131364e-01, 3.27690186e+02,
       3.29637970e+02, 2.49980986e-01, 1.61133392e+02, 3.27663269e+02,
       2.05614746e-01, 5.51007751e+02, 3.02186768e+02, 1.15716249e-01,
       3.33521362e+02, 3.31619415e+02, 2.56498903e-01, 1.53345398e+02,
       3.21768097e+02, 4.50401813e-01, 8.82096008e+02, 3.04111053e+02,
       7.34177470e-01, 0., 0., 0., 8.64497498e+02, 2.61050598e+02,
       8.12241912e-01, 0., 0., 0., 1.20016312e+02, 3.78610168e+02,
       2.56189167e-01, 1.27817200e+02, 3.72728119e+02, 2.53871411e-01,
       1.33773117e+02, 3.06149506e+02, 4.88430738e-01, 1.18006416e+02,
       3.82518860e+02, 3.78381103e-01, 1.12155724e+02, 3.76629120e+02,
       3.07298958e-01, 1.33746002e+02, 3.06170471e+02, 2.21576318e-01 ]
