%YAML:1.0
---
pose_0: !!opencv-matrix
   rows: 1
   cols: 25
   dt: "3f"
   data: [ 9.03716187e+02, 3.84486115e+02, 8.37622344e-01,
       8.07746399e+02, 4.23681824e+02, 7.29867518e-01, 7.93954407e+02,
       3.66829742e+02, 7.02076793e-01, 6.64610718e+02, 2.90546173e+02,
       7.66960800e-01, 7.05773621e+02, 3.19820099e+02, 7.23265290e-01,
       8.25283691e+02, 4.90282654e+02, 6.64879084e-01, 7.27410278e+02,
       5.37298096e+02, 8.20304513e-01, 7.88054382e+02, 4.31449615e+02,
       7.88742423e-01, 5.52960571e+02, 4.31514282e+02, 2.10427761e-01,
       5.45153259e+02, 3.94280609e+02, 3.32261831e-01, 3.55076660e+02,
       4.00223267e+02, 3.03343743e-01, 0., 0., 0., 5.41240845e+02,
       4.80486053e+02, 1.57698691e-01, 3.80532623e+02, 5.02034637e+02,
       6.43039495e-02, 0., 0., 0., 9.13455811e+02, 3.68829346e+02,
       8.95962715e-01, 9.19391724e+02, 4.00172089e+02, 8.13386023e-01,
       8.84031006e+02, 3.57049438e+02, 5.57301879e-01, 9.03699890e+02,
       4.31494415e+02, 6.62633240e-01, 0., 0., 0., 0., 0., 0., 0., 0.,
       0., 0., 0., 0., 0., 0., 0., 0., 0., 0. ]
