%YAML:1.0
---
pose_0: !!opencv-matrix
   rows: 1
   cols: 25
   dt: "3f"
   data: [ 8.54656799e+02, 2.10171829e+02, 8.40734959e-01,
       7.60724182e+02, 2.25856705e+02, 6.95559144e-01, 7.60610535e+02,
       1.49427658e+02, 6.55014098e-01, 7.46946655e+02, 5.53597908e+01,
       6.99290097e-01, 7.64542725e+02, 5.35537958e+00, 6.76234886e-02,
       7.58742798e+02, 2.88498810e+02, 6.06973708e-01, 7.58732910e+02,
       3.66870087e+02, 8.69236588e-01, 8.15515930e+02, 3.06121979e+02,
       5.44218898e-01, 5.49047852e+02, 2.14030670e+02, 2.52377868e-01,
       5.52972168e+02, 1.74849899e+02, 2.69104719e-01, 0., 0., 0., 0.,
       0., 0., 5.41211731e+02, 2.57154480e+02, 2.84525990e-01,
       3.49243195e+02, 2.57154144e+02, 3.37178200e-01, 1.78747070e+02,
       2.74793976e+02, 2.98607707e-01, 8.66400513e+02, 1.98420441e+02,
       7.93003201e-01, 8.68384033e+02, 2.27685089e+02, 8.73763978e-01,
       8.48809937e+02, 1.90481262e+02, 1.34715676e-01, 8.52682922e+02,
       2.59027893e+02, 7.73657799e-01, 1.16032471e+02, 2.82609863e+02,
       2.34740585e-01, 1.23908127e+02, 2.90483734e+02, 2.41597190e-01,
       1.18119957e+02, 2.96333618e+02, 1.11283436e-01, 0., 0., 0., 0.,
       0., 0., 0., 0., 0. ]
