%YAML:1.0
---
pose_0: !!opencv-matrix
   rows: 3
   cols: 25
   dt: "3f"
   data: [ 8.82078125e+02, 4.11900543e+02, 7.99804330e-01,
       7.76313232e+02, 4.60833740e+02, 4.97320175e-01, 7.48901978e+02,
       4.13821991e+02, 3.69041324e-01, 6.50964294e+02, 3.98206238e+02,
       4.04860467e-01, 5.86251099e+02, 3.80558746e+02, 2.40085080e-01,
       8.03742310e+02, 5.07843719e+02, 4.13816750e-01, 6.64623596e+02,
       5.84297302e+02, 5.65835051e-02, 0., 0., 0., 5.41196594e+02,
       4.53067078e+02, 2.27614358e-01, 5.47107178e+02, 4.15815063e+02,
       3.53168935e-01, 3.68821686e+02, 3.51205444e+02, 2.79236704e-01,
       2.33624405e+02, 3.59029358e+02, 7.12060928e-02, 5.27513489e+02,
       5.00098145e+02, 2.13191539e-01, 3.64859192e+02, 5.41192078e+02,
       2.04244554e-01, 1.94387772e+02, 6.35334778e+02, 1.73986346e-01,
       8.82107605e+02, 3.96202271e+02, 7.79202819e-01, 8.99645752e+02,
       4.15892944e+02, 8.50088418e-01, 8.54637451e+02, 3.86428925e+02,
       2.38168389e-01, 8.78154785e+02, 4.47242676e+02, 4.19372499e-01,
       1.31785400e+02, 6.37226074e+02, 1.52824223e-01, 1.39569443e+02,
       6.48986816e+02, 1.60694495e-01, 0., 0., 0., 0., 0., 0., 0., 0.,
       0., 0., 0., 0., 0., 0., 0., 0., 0., 0., 8.17443176e+02,
       4.08012421e+02, 8.61815289e-02, 7.93949646e+02, 3.33517792e+02,
       3.19309831e-01, 7.60574097e+02, 2.59114380e+02, 4.87025410e-01,
       0., 0., 0., 0., 0., 0., 0., 0., 0., 0., 0., 0., 0., 0., 0., 0.,
       0., 0., 0., 0., 0., 0., 0., 0., 0., 0., 0., 0., 0., 0., 0., 0.,
       0., 0., 0., 0., 0., 0., 0., 0., 0., 0., 0., 0., 0., 0., 0., 0.,
       0., 0., 0., 0., 0., 0., 0., 0., 0., 0., 0., 0., 0., 0., 0., 0.,
       0., 0., 0., 0., 0., 0., 0., 0., 0., 0., 0., 8.23342712e+02,
       4.02094971e+02, 7.75795951e-02, 7.97851440e+02, 3.33536255e+02,
       2.90869743e-01, 7.60711304e+02, 2.66926086e+02, 2.13226512e-01,
       0., 0., 0., 0., 0., 0., 0., 0., 0., 0., 0., 0., 0., 0., 0., 0.,
       0., 0., 0., 0., 0., 0., 0., 0., 0., 0., 0., 0., 0., 0., 0., 0.,
       0., 0., 0., 0., 0., 0., 0., 0., 0., 0., 0., 0., 0., 0., 0., 0.,
       0., 0., 0. ]
