%YAML:1.0
---
pose_0: !!opencv-matrix
   rows: 1
   cols: 25
   dt: "3f"
   data: [ 9.17375122e+02, 1.92426178e+02, 7.86025107e-01,
       8.07667908e+02, 1.82720840e+02, 6.79682672e-01, 8.07703186e+02,
       1.00400017e+02, 6.90463364e-01, 6.80355042e+02, 5.14611549e+01,
       7.20872760e-01, 5.86340088e+02, 1.00413986e+02, 7.73376226e-01,
       7.93999695e+02, 2.64966278e+02, 6.12783432e-01, 6.72482117e+02,
       2.98314240e+02, 7.10044742e-01, 5.56932678e+02, 3.62890961e+02,
       7.41506279e-01, 5.41235352e+02, 2.12064346e+02, 2.10700944e-01,
       5.37281982e+02, 1.57216370e+02, 2.84262359e-01, 3.49222778e+02,
       1.66997330e+02, 2.11358681e-01, 0., 0., 0., 5.52972107e+02,
       2.59106384e+02, 3.21906358e-01, 4.27577179e+02, 3.15884796e+02,
       8.75829905e-02, 0., 0., 0., 9.31092407e+02, 1.65021439e+02,
       9.12684441e-01, 9.36972351e+02, 2.02319244e+02, 7.81198919e-01,
       9.03662292e+02, 1.33699387e+02, 6.68851733e-01, 9.30989502e+02,
       2.17922256e+02, 6.24517463e-02, 0., 0., 0., 0., 0., 0., 0., 0.,
       0., 0., 0., 0., 0., 0., 0., 0., 0., 0. ]
