%YAML:1.0
---
pose_0: !!opencv-matrix
   rows: 1
   cols: 25
   dt: "3f"
   data: [ 8.99706787e+02, 3.23834778e+02, 8.17116737e-01,
       7.97880737e+02, 3.68747833e+02, 5.85267901e-01, 7.48921936e+02,
       3.23735138e+02, 3.97630274e-01, 6.21550415e+02, 3.45313416e+02,
       2.94349313e-01, 5.41247009e+02, 3.31558044e+02, 3.92060131e-01,
       8.37049683e+02, 4.13931946e+02, 6.79367304e-01, 7.88027893e+02,
       4.94235748e+02, 8.26085389e-01, 8.35093933e+02, 3.66895782e+02,
       8.10185552e-01, 5.70581604e+02, 4.11912109e+02, 1.73836589e-01,
       5.62773193e+02, 3.78597565e+02, 2.85343051e-01, 3.51196350e+02,
       4.76595184e+02, 2.08818600e-01, 2.12142136e+02, 5.97990723e+02,
       2.30735555e-01, 5.76504272e+02, 4.58939545e+02, 1.29228115e-01,
       0., 0., 0., 0., 0., 0., 9.03717041e+02, 3.10064514e+02,
       7.95046151e-01, 9.13447144e+02, 3.37546082e+02, 8.45744312e-01,
       8.84054565e+02, 3.00242371e+02, 3.94818634e-01, 8.99716492e+02,
       3.68879974e+02, 7.25274980e-01, 0., 0., 0., 0., 0., 0., 0., 0.,
       0., 0., 0., 0., 0., 0., 0., 2.10113602e+02, 6.17572510e+02,
       1.27621725e-01 ]
