%YAML:1.0
---
pose_0: !!opencv-matrix
   rows: 1
   cols: 25
   dt: "3f"
   data: [ 8.84114136e+02, 4.00103973e+02, 7.87037492e-01,
       7.86106750e+02, 4.02147949e+02, 6.62927389e-01, 7.76292786e+02,
       3.21842987e+02, 7.27676630e-01, 6.52966187e+02, 2.61046021e+02,
       8.08950424e-01, 7.09675049e+02, 2.59209930e+02, 8.20200980e-01,
       7.88098450e+02, 4.76505615e+02, 4.96612906e-01, 6.68578552e+02,
       5.50981384e+02, 7.80680954e-01, 7.74295654e+02, 5.11804626e+02,
       7.91177154e-01, 5.23562744e+02, 4.54994690e+02, 3.07481349e-01,
       5.23604431e+02, 4.02146851e+02, 4.14502740e-01, 3.33551056e+02,
       4.00201294e+02, 4.36036527e-01, 0., 0., 0., 5.41196350e+02,
       4.98093811e+02, 3.91994417e-01, 3.68800201e+02, 5.09939240e+02,
       1.23345122e-01, 3.51150238e+02, 5.07855621e+02, 1.61316335e-01,
       8.95848511e+02, 3.82573151e+02, 8.68885875e-01, 8.99705688e+02,
       4.15838501e+02, 7.83841968e-01, 8.74267212e+02, 3.62903595e+02,
       6.27545357e-01, 8.80149414e+02, 4.39379944e+02, 3.29424143e-01,
       0., 0., 0., 0., 0., 0., 3.55106171e+02, 5.03982880e+02,
       9.74923149e-02, 0., 0., 0., 0., 0., 0., 0., 0., 0. ]
