%YAML:1.0
---
pose_0: !!opencv-matrix
   rows: 1
   cols: 25
   dt: "3f"
   data: [ 1.01138416e+03, 3.21774017e+02, 7.69950330e-01,
       9.27159546e+02, 3.04200104e+02, 3.55294585e-01, 9.38931335e+02,
       2.25803986e+02, 3.98824304e-01, 9.17424561e+02, 1.90517273e+02,
       7.07195178e-02, 0., 0., 0., 9.13448975e+02, 3.82562256e+02,
       3.02485555e-01, 8.21337158e+02, 5.31404907e+02, 6.62364542e-01,
       9.29100769e+02, 4.47176239e+02, 7.58408844e-01, 0., 0., 0., 0.,
       0., 0., 0., 0., 0., 0., 0., 0., 0., 0., 0., 0., 0., 0., 0., 0.,
       0., 1.02714355e+03, 2.88533752e+02, 7.98580289e-01,
       1.03886902e+03, 3.37433868e+02, 8.04868042e-01, 1.01927356e+03,
       2.59101990e+02, 4.28981990e-01, 1.05650684e+03, 3.68749573e+02,
       7.01514855e-02, 0., 0., 0., 0., 0., 0., 0., 0., 0., 0., 0., 0.,
       0., 0., 0., 0., 0., 0. ]
