%YAML:1.0
---
pose_0: !!opencv-matrix
   rows: 1
   cols: 25
   dt: "3f"
   data: [ 8.60553711e+02, 1.02471611e+02, 7.50286043e-01,
       7.64566956e+02, 9.06255341e+01, 6.74061656e-01, 7.46943115e+02,
       2.40442200e+01, 6.02613091e-01, 6.96006531e+02, 5.35072422e+00,
       7.20574409e-02, 0., 0., 0., 7.82199829e+02, 1.57231796e+02,
       6.36431515e-01, 7.60640503e+02, 2.74734222e+02, 8.31034005e-01,
       7.91913147e+02, 3.82530792e+02, 8.57188702e-01, 5.33367371e+02,
       1.00420204e+02, 2.37865120e-01, 5.33361328e+02, 5.72910004e+01,
       2.94893473e-01, 3.59011688e+02, 8.27692184e+01, 9.20450240e-02,
       0., 0., 0., 5.27501709e+02, 1.51370056e+02, 2.63500005e-01,
       3.41395203e+02, 1.65028580e+02, 2.58472681e-01, 1.72879868e+02,
       1.82682892e+02, 1.94400519e-01, 8.70422058e+02, 8.27519073e+01,
       8.08467627e-01, 8.76245911e+02, 1.08286560e+02, 7.46586323e-01,
       8.48782715e+02, 4.35901794e+01, 8.04556131e-01, 0., 0., 0., 0.,
       0., 0., 0., 0., 0., 1.47415192e+02, 1.78732697e+02,
       1.10289231e-01, 0., 0., 0., 0., 0., 0., 0., 0., 0. ]
