%YAML:1.0
---
pose_0: !!opencv-matrix
   rows: 1
   cols: 25
   dt: "3f"
   data: [ 9.52645691e+02, 2.19914825e+02, 7.18416929e-01,
       8.80113220e+02, 2.96310638e+02, 5.41583657e-01, 8.60580139e+02,
       2.64969818e+02, 2.86556482e-01, 0., 0., 0., 0., 0., 0.,
       8.86075378e+02, 3.35467682e+02, 5.00807881e-01, 7.52782166e+02,
       3.37459564e+02, 7.35247970e-01, 6.86184937e+02, 2.02278992e+02,
       5.69909334e-01, 7.27315491e+02, 3.06102264e+02, 2.25493640e-01,
       7.35174133e+02, 2.76762024e+02, 1.31734312e-01, 2.86520477e+02,
       3.70750366e+02, 1.23185553e-01, 1.12172935e+02, 4.29510956e+02,
       9.39353034e-02, 6.97935425e+02, 3.19809631e+02, 1.01572506e-01,
       2.90470917e+02, 3.68786743e+02, 1.11378551e-01, 1.29778229e+02,
       4.27579102e+02, 5.83815947e-02, 9.72206848e+02, 2.19928696e+02,
       2.48649806e-01, 9.78074463e+02, 2.33663132e+02, 7.97551036e-01,
       0., 0., 0., 9.64459351e+02, 2.94402039e+02, 8.06843579e-01, 0.,
       0., 0., 0., 0., 0., 0., 0., 0., 0., 0., 0., 0., 0., 0., 0., 0.,
       0. ]
