%YAML:1.0
---
pose_0: !!opencv-matrix
   rows: 1
   cols: 25
   dt: "3f"
   data: [ 9.17353882e+02, 1.84646576e+02, 8.20606470e-01,
       8.07647400e+02, 1.82711060e+02, 6.94061875e-01, 8.07641541e+02,
       9.84676895e+01, 6.78223014e-01, 6.82283508e+02, 5.34279022e+01,
       7.48624146e-01, 5.86292725e+02, 8.66975021e+01, 7.83522546e-01,
       7.93991699e+02, 2.61128143e+02, 6.32634819e-01, 6.78324829e+02,
       2.92416321e+02, 7.64415383e-01, 5.54903870e+02, 3.53162018e+02,
       8.03387761e-01, 5.56914917e+02, 1.92498917e+02, 1.56187549e-01,
       5.51028992e+02, 1.47456436e+02, 2.51953483e-01, 3.64887268e+02,
       1.70940353e+02, 1.04377627e-01, 0., 0., 0., 5.56884094e+02,
       2.47371384e+02, 2.00325236e-01, 3.92323944e+02, 3.12013367e+02,
       1.32714406e-01, 1.45445145e+02, 3.21800690e+02, 1.75008744e-01,
       9.31001648e+02, 1.61113052e+02, 8.51539493e-01, 9.34995056e+02,
       1.96395584e+02, 8.54349494e-01, 9.01642761e+02, 1.31818573e+02,
       6.92626238e-01, 9.29078552e+02, 2.12079559e+02, 7.32075945e-02,
       0., 0., 0., 0., 0., 0., 1.02436226e+02, 3.19830475e+02,
       8.40598419e-02, 0., 0., 0., 0., 0., 0., 0., 0., 0. ]
