%YAML:1.0
---
pose_0: !!opencv-matrix
   rows: 1
   cols: 25
   dt: "3f"
   data: [ 8.95795166e+02, 4.55044373e+02, 6.78780198e-01,
       7.99794922e+02, 4.49123932e+02, 6.53099716e-01, 7.91952271e+02,
       3.70768097e+02, 6.92017853e-01, 6.72462280e+02, 3.19912384e+02,
       8.37105036e-01, 5.82352539e+02, 3.62909698e+02, 7.56894290e-01,
       8.03733093e+02, 5.27507080e+02, 5.40969193e-01, 6.82211060e+02,
       6.09770813e+02, 7.74230063e-01, 7.21452759e+02, 5.23645386e+02,
       7.84851909e-01, 5.56895508e+02, 4.96161896e+02, 1.30185917e-01,
       5.54932922e+02, 4.41304077e+02, 1.31746814e-01, 3.49212494e+02,
       4.60928955e+02, 1.49024278e-01, 1.59164566e+02, 5.07834045e+02,
       1.89111054e-01, 5.68657104e+02, 5.39254456e+02, 1.25318289e-01,
       3.41375488e+02, 4.62819885e+02, 5.48884086e-02, 1.59180984e+02,
       5.07906097e+02, 1.49038628e-01, 9.13433838e+02, 4.33508331e+02,
       7.58464098e-01, 9.09524780e+02, 4.72651154e+02, 7.12048411e-01,
       8.91908936e+02, 4.08006195e+02, 6.26728117e-01, 8.84023499e+02,
       4.82493103e+02, 8.67393538e-02, 0., 0., 0., 0., 0., 0.,
       1.41545547e+02, 5.07933777e+02, 1.06597580e-01, 0., 0., 0., 0.,
       0., 0., 1.45431061e+02, 5.05947144e+02, 1.89005658e-01 ]
