%YAML:1.0
---
pose_0: !!opencv-matrix
   rows: 1
   cols: 25
   dt: "3f"
   data: [ 8.84143677e+02, 2.94412811e+02, 8.09991121e-01,
       7.95906494e+02, 2.98290436e+02, 5.82441866e-01, 8.23308777e+02,
       2.23809265e+02, 4.83767271e-01, 9.25203979e+02, 1.72879074e+02,
       6.72845125e-01, 1.02510339e+03, 1.94404358e+02, 5.77131391e-01,
       7.76255005e+02, 3.68862152e+02, 5.99069834e-01, 6.86182373e+02,
       4.29479034e+02, 7.14891970e-01, 5.90242737e+02, 4.84434174e+02,
       7.45067835e-01, 5.58841553e+02, 2.98299438e+02, 2.80737936e-01,
       5.56931885e+02, 2.57148590e+02, 3.86329025e-01, 3.66854889e+02,
       2.35598343e+02, 2.17505664e-01, 0., 0., 0., 5.56878601e+02,
       3.47278503e+02, 2.85661876e-01, 3.57044281e+02, 4.29505646e+02,
       2.75348544e-01, 1.94460266e+02, 4.96197205e+02, 1.58155918e-01,
       8.93873901e+02, 2.76738220e+02, 7.78216481e-01, 8.99700256e+02,
       3.06185059e+02, 7.92386353e-01, 8.72347229e+02, 2.57084961e+02,
       5.34851730e-01, 8.84019348e+02, 3.23808167e+02, 1.38904631e-01,
       0., 0., 0., 0., 0., 0., 1.78808716e+02, 4.96147949e+02,
       1.06193811e-01, 0., 0., 0., 0., 0., 0., 0., 0., 0. ]
