%YAML:1.0
---
pose_0: !!opencv-matrix
   rows: 1
   cols: 25
   dt: "3f"
   data: [ 9.03633423e+02, 3.82584625e+02, 8.13560963e-01,
       7.93946472e+02, 3.98232697e+02, 7.04914570e-01, 7.82197937e+02,
       3.21843750e+02, 7.15976417e-01, 6.68624451e+02, 2.82588470e+02,
       7.41182268e-01, 7.60621155e+02, 2.59021545e+02, 8.68786395e-01,
       8.07696594e+02, 4.76489349e+02, 6.47861719e-01, 6.76405334e+02,
       5.41313293e+02, 7.91697621e-01, 7.54779907e+02, 5.07819763e+02,
       7.70381451e-01, 5.23565430e+02, 4.15858948e+02, 3.39353889e-01,
       5.29490234e+02, 3.70764771e+02, 4.40872043e-01, 3.37478790e+02,
       3.37515778e+02, 3.32371354e-01, 0., 0., 0., 5.19655273e+02,
       4.60868744e+02, 3.86995673e-01, 3.55110931e+02, 4.72633026e+02,
       4.34993804e-01, 1.82710419e+02, 5.07912720e+02, 2.53143191e-01,
       9.15338501e+02, 3.66774078e+02, 8.73097181e-01, 9.17366760e+02,
       3.98155426e+02, 8.25195193e-01, 8.86032349e+02, 3.45317444e+02,
       6.93197906e-01, 9.05644226e+02, 4.17803558e+02, 4.18250918e-01,
       0., 0., 0., 0., 0., 0., 0., 0., 0., 0., 0., 0., 0., 0., 0., 0.,
       0., 0. ]
