%YAML:1.0
---
pose_0: !!opencv-matrix
   rows: 1
   cols: 25
   dt: "3f"
   data: [ 9.33091675e+02, 2.27775787e+02, 8.24375510e-01,
       8.23400635e+02, 2.31672607e+02, 6.57205403e-01, 8.13561340e+02,
       1.49379944e+02, 6.62286282e-01, 6.95980896e+02, 1.10205421e+02,
       6.45644188e-01, 5.84304504e+02, 1.20061928e+02, 7.10721731e-01,
       8.37082275e+02, 3.19890656e+02, 6.61514640e-01, 7.29299377e+02,
       4.09944519e+02, 7.69273043e-01, 6.74442871e+02, 3.61003937e+02,
       7.14939475e-01, 5.76469421e+02, 2.47351974e+02, 1.63765445e-01,
       5.66681213e+02, 1.98392670e+02, 1.90108448e-01, 2.72833099e+02,
       3.41362823e+02, 2.15189353e-01, 1.35674362e+02, 3.66814453e+02,
       2.25952089e-01, 5.74536743e+02, 3.06135590e+02, 2.28505209e-01,
       3.64902252e+02, 3.19864990e+02, 8.22327882e-02, 0., 0., 0.,
       9.44754517e+02, 2.06169907e+02, 8.11265945e-01, 9.48723450e+02,
       2.41544861e+02, 8.51304650e-01, 9.15365723e+02, 1.80793930e+02,
       7.38462627e-01, 9.38940857e+02, 2.61110931e+02, 1.79154441e-01,
       0., 0., 0., 0., 0., 0., 0., 0., 0., 1.00352448e+02,
       3.59048157e+02, 6.45070672e-02, 1.00410736e+02, 3.55099670e+02,
       5.24648651e-02, 1.20002174e+02, 3.68802490e+02, 1.99060380e-01 ]
