%YAML:1.0
---
pose_0: !!opencv-matrix
   rows: 1
   cols: 25
   dt: "3f"
   data: [ 9.33072937e+02, 2.12008286e+02, 8.31234157e-01,
       8.23285339e+02, 2.19936020e+02, 6.64139390e-01, 8.17482727e+02,
       1.37620361e+02, 6.62046194e-01, 6.97930542e+02, 9.84676971e+01,
       7.01762736e-01, 5.92176819e+02, 7.29518661e+01, 7.96434820e-01,
       8.25332703e+02, 3.06161987e+02, 6.54980361e-01, 7.09720154e+02,
       3.58993988e+02, 6.86006963e-01, 5.86326294e+02, 4.09966125e+02,
       5.54577827e-01, 5.76479309e+02, 2.43421295e+02, 1.84617251e-01,
       5.68637634e+02, 1.94452850e+02, 2.63863385e-01, 3.74692505e+02,
       1.98409790e+02, 6.99476078e-02, 0., 0., 0., 5.90197388e+02,
       3.02168884e+02, 2.04872772e-01, 0., 0., 0., 0., 0., 0.,
       9.44795227e+02, 1.90500763e+02, 8.18783879e-01, 9.46779785e+02,
       2.25822952e+02, 8.58245015e-01, 9.15355164e+02, 1.65174332e+02,
       6.93311870e-01, 9.31125061e+02, 2.45469299e+02, 4.04901236e-01,
       0., 0., 0., 0., 0., 0., 0., 0., 0., 0., 0., 0., 0., 0., 0., 0.,
       0., 0. ]
