%YAML:1.0
---
pose_0: !!opencv-matrix
   rows: 1
   cols: 25
   dt: "3f"
   data: [ 1.03688123e+03, 2.25884293e+02, 7.92941630e-01,
       8.93882690e+02, 2.12120834e+02, 5.20962954e-01, 8.80175171e+02,
       1.22004181e+02, 5.85990131e-01, 7.43051697e+02, 8.47806473e+01,
       7.15246081e-01, 6.60709595e+02, 1.02399437e+02, 7.62092769e-01,
       9.11479248e+02, 3.10042908e+02, 2.77235657e-01, 7.58669739e+02,
       3.90378326e+02, 5.90346515e-01, 8.38973999e+02, 3.11977264e+02,
       6.73968732e-01, 5.94121521e+02, 2.53231888e+02, 7.00085834e-02,
       5.64742798e+02, 1.98377930e+02, 6.49564415e-02, 3.47274963e+02,
       3.25722656e+02, 6.70875162e-02, 1.51384430e+02, 3.15913147e+02,
       5.25854528e-02, 6.17612976e+02, 3.13958160e+02, 6.54783845e-02,
       2.02286819e+02, 3.53117310e+02, 9.77514461e-02, 0., 0., 0.,
       1.04278821e+03, 1.96480545e+02, 8.41334164e-01, 1.04866150e+03,
       2.41509857e+02, 7.32364237e-01, 1.00549841e+03, 1.49388901e+02,
       3.58651787e-01, 1.03488672e+03, 2.72829773e+02, 7.29981661e-02,
       0., 0., 0., 0., 0., 0., 0., 0., 0., 0., 0., 0., 0., 0., 0., 0.,
       0., 0. ]
