%YAML:1.0
---
pose_0: !!opencv-matrix
   rows: 1
   cols: 25
   dt: "3f"
   data: [ 1.00944775e+03, 2.21852249e+02, 7.72525132e-01,
       8.78192017e+02, 2.23825867e+02, 3.78231883e-01, 8.56657898e+02,
       1.33722000e+02, 3.31134260e-01, 7.29359863e+02, 5.53834343e+01,
       5.27165055e-01, 7.15631775e+02, 9.84711151e+01, 6.82592750e-01,
       8.85981079e+02, 3.08088898e+02, 3.98520440e-01, 7.58654053e+02,
       4.37354279e+02, 7.22663403e-01, 8.42953125e+02, 3.06189178e+02,
       7.40678847e-01, 6.17613342e+02, 3.23750275e+02, 6.36283159e-02,
       0., 0., 0., 0., 0., 0., 0., 0., 0., 0., 0., 0., 0., 0., 0., 0.,
       0., 0., 1.02318964e+03, 1.96341339e+02, 8.54421020e-01,
       1.02707788e+03, 2.43375336e+02, 7.89765120e-01, 9.93753784e+02,
       1.63045593e+02, 4.52433586e-01, 0., 0., 0., 0., 0., 0., 0., 0.,
       0., 0., 0., 0., 0., 0., 0., 0., 0., 0., 0., 0., 0. ]
