%YAML:1.0
---
pose_0: !!opencv-matrix
   rows: 1
   cols: 25
   dt: "3f"
   data: [ 8.89917664e+02, 4.53087799e+02, 7.55129635e-01,
       7.91932983e+02, 4.60854065e+02, 7.02760339e-01, 7.86076904e+02,
       3.84564087e+02, 7.21782088e-01, 6.80332458e+02, 3.49163910e+02,
       8.14257026e-01, 6.41119446e+02, 2.88465210e+02, 8.17621589e-01,
       7.90031494e+02, 5.39310974e+02, 5.89938879e-01, 6.82263733e+02,
       5.78434570e+02, 6.17596745e-01, 6.82277283e+02, 6.35235657e+02,
       6.69754863e-01, 5.68635193e+02, 4.64817596e+02, 1.90186933e-01,
       5.70596680e+02, 4.31492126e+02, 2.50300765e-01, 3.80571594e+02,
       4.09949188e+02, 1.94835573e-01, 0., 0., 0., 5.68632202e+02,
       5.23595093e+02, 1.34663865e-01, 0., 0., 0., 0., 0., 0.,
       8.99772583e+02, 4.41311035e+02, 8.75732660e-01, 9.01741211e+02,
       4.70650055e+02, 7.51224816e-01, 8.76213562e+02, 4.21753754e+02,
       6.58401906e-01, 8.84045776e+02, 4.92259521e+02, 5.91636062e-01,
       0., 0., 0., 0., 0., 0., 0., 0., 0., 0., 0., 0., 0., 0., 0., 0.,
       0., 0. ]
