%YAML:1.0
---
pose_0: !!opencv-matrix
   rows: 1
   cols: 25
   dt: "3f"
   data: [ 9.48706482e+02, 2.43365387e+02, 7.24439323e-01,
       8.62488647e+02, 3.15915802e+02, 4.37775493e-01, 8.35093018e+02,
       2.86560455e+02, 2.31734693e-01, 7.27364441e+02, 2.86487244e+02,
       2.66963869e-01, 6.31351440e+02, 2.72824463e+02, 7.15345263e-01,
       8.74277283e+02, 3.37456635e+02, 4.41116780e-01, 7.58624023e+02,
       3.13972382e+02, 6.27141178e-01, 6.68593445e+02, 1.80661880e+02,
       8.39396417e-01, 6.31346008e+02, 3.70789673e+02, 1.03372268e-01,
       6.41128113e+02, 3.41407196e+02, 7.96451420e-02, 5.19663208e+02,
       3.04114380e+02, 8.14491734e-02, 0., 0., 0., 6.29373169e+02,
       4.06036957e+02, 1.01334557e-01, 0., 0., 0., 0., 0., 0.,
       9.68317200e+02, 2.47399841e+02, 1.60009816e-01, 9.66341431e+02,
       2.59067902e+02, 8.56518269e-01, 0., 0., 0., 9.48681152e+02,
       3.17858276e+02, 8.36479664e-01, 0., 0., 0., 0., 0., 0., 0., 0.,
       0., 0., 0., 0., 0., 0., 0., 0., 0., 0. ]
