%YAML:1.0
---
pose_0: !!opencv-matrix
   rows: 1
   cols: 25
   dt: "3f"
   data: [ 8.76210449e+02, 3.13981384e+02, 7.29896367e-01,
       8.07712891e+02, 2.82624817e+02, 6.55906022e-01, 8.17483459e+02,
       2.08174484e+02, 6.50003076e-01, 6.86175476e+02, 1.47431915e+02,
       7.52997637e-01, 7.31324341e+02, 2.37543900e+02, 7.72597671e-01,
       8.05688721e+02, 3.78612427e+02, 5.13753116e-01, 7.11641846e+02,
       4.29563812e+02, 1.52636200e-01, 6.80233459e+02, 4.15783875e+02,
       6.38085067e-01, 5.52966797e+02, 2.98275757e+02, 2.04413921e-01,
       5.54904907e+02, 2.53192719e+02, 2.96300173e-01, 3.86447968e+02,
       2.45371780e+02, 1.33813575e-01, 1.96455963e+02, 2.72841003e+02,
       2.47266710e-01, 5.49059570e+02, 3.53119324e+02, 1.48831815e-01,
       3.78627075e+02, 3.62947632e+02, 1.49432510e-01, 1.92487564e+02,
       2.74735352e+02, 5.13781942e-02, 8.99653076e+02, 2.90397339e+02,
       8.51758599e-01, 9.01680725e+02, 3.31546936e+02, 7.53029466e-01,
       8.95776245e+02, 2.57058685e+02, 5.75911641e-01, 0., 0., 0., 0.,
       0., 0., 0., 0., 0., 0., 0., 0., 1.14154121e+02, 2.23828888e+02,
       9.04727280e-02, 1.16058929e+02, 2.19908676e+02, 7.53774717e-02,
       1.86605042e+02, 2.74795685e+02, 1.21924870e-01 ]
