%YAML:1.0
---
pose_0: !!opencv-matrix
   rows: 1
   cols: 25
   dt: "3f"
   data: [ 1.00752234e+03, 2.53202530e+02, 7.66180158e-01,
       8.86014954e+02, 2.51275421e+02, 5.99999547e-01, 8.84005066e+02,
       1.63082123e+02, 5.90335906e-01, 7.72365051e+02, 6.90103226e+01,
       7.72446573e-01, 7.35149170e+02, 1.23909615e+02, 7.11076081e-01,
       8.86066956e+02, 3.43330292e+02, 6.16956830e-01, 7.68482971e+02,
       4.25623840e+02, 6.79432631e-01, 6.35204224e+02, 4.45175629e+02,
       7.74345219e-01, 6.64611816e+02, 2.92427002e+02, 1.78584158e-01,
       6.50919250e+02, 2.55192001e+02, 2.14830562e-01, 5.51036072e+02,
       1.84645416e+02, 3.47828209e-01, 3.80584930e+02, 2.27789352e+02,
       1.81105480e-01, 6.62680908e+02, 3.59027985e+02, 1.44120976e-01,
       4.41289398e+02, 3.41370575e+02, 5.13341799e-02, 0., 0., 0.,
       1.01726898e+03, 2.25753967e+02, 8.32887828e-01, 1.01922644e+03,
       2.68863922e+02, 7.45574474e-01, 9.87929688e+02, 1.94382904e+02,
       5.42717874e-01, 9.91827820e+02, 2.88557495e+02, 6.98457584e-02,
       0., 0., 0., 0., 0., 0., 0., 0., 0., 3.41425934e+02,
       2.47362900e+02, 1.16241269e-01, 3.41410492e+02, 2.43406204e+02,
       1.21840097e-01, 0., 0., 0. ]
