%YAML:1.0
---
pose_0: !!opencv-matrix
   rows: 1
   cols: 25
   dt: "3f"
   data: [ 9.13480957e+02, 3.04065704e+02, 8.31917405e-01,
       8.21398682e+02, 2.55192596e+02, 4.62285846e-01, 8.29208008e+02,
       2.31707718e+02, 6.86834753e-01, 7.78261963e+02, 3.27656097e+02,
       6.69447839e-01, 7.84119385e+02, 4.41324768e+02, 7.32251883e-01,
       8.13530457e+02, 2.78687286e+02, 1.98722079e-01, 7.72361633e+02,
       3.31605499e+02, 1.26616180e-01, 0., 0., 0., 6.58738159e+02,
       2.49315521e+02, 4.49590504e-01, 6.60735352e+02, 2.74821655e+02,
       3.96681279e-01, 5.11857056e+02, 3.35478912e+02, 2.40700528e-01,
       0., 0., 0., 6.56783264e+02, 2.25797165e+02, 4.20042902e-01,
       4.76564148e+02, 2.41516006e+02, 6.74866736e-02, 3.31595551e+02,
       2.84590485e+02, 1.69279099e-01, 9.17306763e+02, 2.78681702e+02,
       8.36520553e-01, 9.29136536e+02, 3.04070435e+02, 7.66061246e-01,
       8.86049927e+02, 2.41554764e+02, 8.29545259e-01, 0., 0., 0., 0.,
       0., 0., 0., 0., 0., 0., 0., 0., 0., 0., 0., 0., 0., 0., 0., 0.,
       0. ]
