%YAML:1.0
---
pose_0: !!opencv-matrix
   rows: 2
   cols: 25
   dt: "3f"
   data: [ 8.87969604e+02, 3.55084808e+02, 8.01602960e-01,
       8.01798523e+02, 3.04186340e+02, 4.50026512e-01, 8.09630188e+02,
       2.76764709e+02, 6.30775511e-01, 6.95959839e+02, 2.90479645e+02,
       7.35920608e-01, 6.80333435e+02, 4.33512573e+02, 8.04929316e-01,
       7.90024963e+02, 3.33562378e+02, 1.82261258e-01, 0., 0., 0., 0.,
       0., 0., 4.94217957e+02, 3.27689056e+02, 3.09961379e-01,
       4.94231384e+02, 3.06122223e+02, 3.15037280e-01, 3.31561798e+02,
       3.96237823e+02, 6.33669078e-01, 1.08250031e+02, 3.53151367e+02,
       4.15222853e-01, 5.00053040e+02, 3.53147736e+02, 2.10670009e-01,
       3.27686218e+02, 3.64872681e+02, 4.21194136e-01, 1.47432571e+02,
       3.08109772e+02, 3.96845073e-01, 9.01714966e+02, 3.31560730e+02,
       6.88875437e-01, 9.05639893e+02, 3.66818054e+02, 7.97669470e-01,
       8.84103455e+02, 2.90445740e+02, 8.61160040e-01, 0., 0., 0.,
       1.18024345e+02, 2.76719696e+02, 2.27645189e-01, 1.18026985e+02,
       2.86502045e+02, 2.27202669e-01, 1.33742950e+02, 2.92465271e+02,
       2.30070457e-01, 0., 0., 0., 0., 0., 0., 8.66714478e+01,
       3.51148743e+02, 2.21438527e-01, 0., 0., 0., 0., 0., 0., 0., 0.,
       0., 0., 0., 0., 0., 0., 0., 6.50974060e+02, 3.19881989e+02,
       8.03726017e-02, 6.37234802e+02, 3.66895386e+02, 5.25966108e-01,
       6.17648987e+02, 4.64877991e+02, 5.88142812e-01, 0., 0., 0., 0.,
       0., 0., 0., 0., 0., 0., 0., 0., 0., 0., 0., 0., 0., 0., 0., 0.,
       0., 0., 0., 0., 0., 0., 0., 0., 0., 0., 0., 0., 0., 0., 0., 0.,
       0., 0., 0., 0., 0., 0., 0., 0., 0., 0., 0., 0., 0., 0., 0. ]
