%YAML:1.0
---
pose_0: !!opencv-matrix
   rows: 1
   cols: 25
   dt: "3f"
   data: [ 8.39049683e+02, 2.12100433e+02, 7.60169804e-01,
       7.62618408e+02, 2.72742462e+02, 7.12619364e-01, 7.31241455e+02,
       2.14075500e+02, 6.34460330e-01, 7.11695435e+02, 1.45415756e+02,
       8.14103842e-01, 8.05727783e+02, 1.47411560e+02, 8.68229151e-01,
       7.90004822e+02, 3.19757904e+02, 7.19228864e-01, 7.44902344e+02,
       2.88444000e+02, 6.10532403e-01, 8.19359253e+02, 2.43412079e+02,
       7.46560872e-01, 5.23552490e+02, 3.21779358e+02, 3.45829904e-01,
       5.23572144e+02, 2.82619934e+02, 4.07998919e-01, 3.41396851e+02,
       2.88532135e+02, 6.18585587e-01, 1.61109070e+02, 3.02136078e+02,
       5.91040909e-01, 5.23597107e+02, 3.59036224e+02, 3.73982668e-01,
       3.59038025e+02, 3.70794769e+02, 6.90662980e-01, 2.37544800e+02,
       4.60956757e+02, 6.08464599e-01, 8.52685974e+02, 2.10173355e+02,
       1.88672200e-01, 8.56619690e+02, 2.23836502e+02, 7.45795727e-01,
       0., 0., 0., 8.52679626e+02, 2.72829102e+02, 7.46419609e-01,
       1.65059570e+02, 4.60918152e+02, 2.10914135e-01, 1.78766876e+02,
       4.70696655e+02, 1.98428363e-01, 2.29700638e+02, 4.76589996e+02,
       3.17801088e-01, 1.31707825e+02, 2.55188080e+02, 1.98172152e-01,
       1.31761368e+02, 2.57130432e+02, 1.84748620e-01, 1.47411804e+02,
       3.04204468e+02, 4.03912544e-01 ]
