%YAML:1.0
---
pose_0: !!opencv-matrix
   rows: 1
   cols: 25
   dt: "3f"
   data: [ 8.70388000e+02, 2.27795761e+02, 8.16695750e-01,
       8.37076599e+02, 2.98294098e+02, 6.11410677e-01, 8.46860474e+02,
       3.19842316e+02, 4.12872225e-01, 0., 0., 0., 0., 0., 0.,
       8.37017578e+02, 2.76743774e+02, 5.18791199e-01, 7.56659851e+02,
       2.17987152e+02, 6.29620314e-01, 6.95931763e+02, 1.84684250e+02,
       7.45135903e-01, 6.33308716e+02, 3.57044739e+02, 6.20455258e-02,
       0., 0., 0., 0., 0., 0., 0., 0., 0., 0., 0., 0., 0., 0., 0., 0.,
       0., 0., 8.84123840e+02, 2.25750244e+02, 2.74229884e-01,
       8.91877930e+02, 2.37582474e+02, 7.99241483e-01, 0., 0., 0.,
       8.93854126e+02, 2.90420288e+02, 7.90086567e-01, 0., 0., 0., 0.,
       0., 0., 0., 0., 0., 0., 0., 0., 0., 0., 0., 0., 0., 0. ]
