%YAML:1.0
---
pose_0: !!opencv-matrix
   rows: 1
   cols: 25
   dt: "3f"
   data: [ 9.05590515e+02, 2.59190338e+02, 7.30388701e-01,
       8.07755066e+02, 3.19876190e+02, 7.36729503e-01, 7.88081604e+02,
       2.59061035e+02, 6.41253054e-01, 6.92065796e+02, 2.72842987e+02,
       1.60758272e-01, 0., 0., 0., 8.23413574e+02, 3.84441833e+02,
       6.70506239e-01, 6.99936218e+02, 4.49191711e+02, 6.20379448e-01,
       5.66720825e+02, 4.00093262e+02, 8.16124022e-01, 5.31424316e+02,
       3.35521851e+02, 2.92815387e-01, 5.27539551e+02, 2.98282227e+02,
       3.73498172e-01, 3.70784454e+02, 2.74818329e+02, 9.65809599e-02,
       3.33570038e+02, 2.59132629e+02, 2.22474739e-01, 5.23556091e+02,
       3.72750885e+02, 2.72482783e-01, 3.51191040e+02, 4.11943939e+02,
       4.40075397e-01, 1.49385941e+02, 4.62881012e+02, 2.93886513e-01,
       9.17382385e+02, 2.55202286e+02, 7.19920933e-01, 9.23270081e+02,
       2.84579071e+02, 7.99229741e-01, 0., 0., 0., 9.13427979e+02,
       3.23731293e+02, 7.70547569e-01, 7.09967194e+01, 4.64848358e+02,
       1.56824306e-01, 8.27929535e+01, 4.76572021e+02, 1.56391412e-01,
       1.39588455e+02, 4.60949615e+02, 1.78064808e-01, 0., 0., 0., 0.,
       0., 0., 0., 0., 0. ]
