%YAML:1.0
---
pose_0: !!opencv-matrix
   rows: 1
   cols: 25
   dt: "3f"
   data: [ 8.74309509e+02, 3.66935913e+02, 7.86854565e-01,
       7.95894409e+02, 3.06090851e+02, 5.86953640e-01, 8.05623962e+02,
       2.61089966e+02, 6.82933569e-01, 7.76322449e+02, 3.64917480e+02,
       8.14975619e-01, 8.39004700e+02, 4.47250183e+02, 8.69128883e-01,
       7.78312317e+02, 3.41418243e+02, 3.46762955e-01, 7.21423706e+02,
       4.62869263e+02, 8.47204685e-01, 7.84178650e+02, 4.62823486e+02,
       8.40280831e-01, 5.54943481e+02, 2.90417145e+02, 2.66739488e-01,
       5.43177979e+02, 2.57170288e+02, 3.09120744e-01, 3.72741760e+02,
       2.41516266e+02, 1.32537484e-01, 0., 0., 0., 5.58849243e+02,
       3.29606689e+02, 1.96254149e-01, 3.39432068e+02, 3.66911102e+02,
       1.90764248e-01, 1.51335861e+02, 3.53165833e+02, 2.00685307e-01,
       8.91932251e+02, 3.49196747e+02, 6.46227241e-01, 8.95778625e+02,
       3.74723511e+02, 5.66860795e-01, 8.84107910e+02, 3.02237488e+02,
       8.49918962e-01, 0., 0., 0., 9.84565506e+01, 3.80554199e+02,
       1.08891532e-01, 0., 0., 0., 1.29780624e+02, 3.35457367e+02,
       1.08518824e-01, 0., 0., 0., 0., 0., 0., 0., 0., 0. ]
