%YAML:1.0
---
pose_0: !!opencv-matrix
   rows: 1
   cols: 25
   dt: "3f"
   data: [ 9.01738525e+02, 4.21692841e+02, 7.86763310e-01,
       7.93984680e+02, 4.43237671e+02, 7.14668810e-01, 7.82199036e+02,
       3.72721130e+02, 6.65988922e-01, 7.09725220e+02, 2.90440826e+02,
       6.79543436e-01, 6.64662354e+02, 2.00328812e+02, 6.38993442e-01,
       8.07724670e+02, 5.13778931e+02, 6.69416487e-01, 7.25310791e+02,
       5.60786743e+02, 7.82142758e-01, 6.50882996e+02, 5.07864471e+02,
       8.51116419e-01, 5.62772522e+02, 4.56957825e+02, 2.75017887e-01,
       5.60802002e+02, 4.09963165e+02, 3.38260531e-01, 4.07998657e+02,
       3.76659729e+02, 9.33196992e-02, 3.60965546e+02, 3.74717499e+02,
       1.26203582e-01, 5.68637756e+02, 5.00079498e+02, 2.68733591e-01,
       4.08005035e+02, 5.35343994e+02, 8.95972326e-02, 0., 0., 0.,
       9.03707825e+02, 4.00260742e+02, 8.18834305e-01, 9.15435913e+02,
       4.31521210e+02, 8.07431102e-01, 8.74289307e+02, 3.86432770e+02,
       5.84659934e-01, 8.97781250e+02, 4.58861633e+02, 5.35490751e-01,
       0., 0., 0., 0., 0., 0., 0., 0., 0., 3.33535858e+02,
       3.74709686e+02, 5.47658391e-02, 0., 0., 0., 0., 0., 0. ]
