%YAML:1.0
---
pose_0: !!opencv-matrix
   rows: 1
   cols: 25
   dt: "3f"
   data: [ 8.84096680e+02, 3.68907379e+02, 7.50716507e-01,
       7.92040222e+02, 3.57049500e+02, 7.03907967e-01, 7.90063538e+02,
       2.84542450e+02, 6.44227386e-01, 6.66576904e+02, 2.14083969e+02,
       8.05932999e-01, 7.46953613e+02, 2.43508713e+02, 7.53896356e-01,
       7.92024841e+02, 4.33454956e+02, 6.00698233e-01, 6.93987244e+02,
       5.11859680e+02, 7.84200132e-01, 7.91937256e+02, 5.09873535e+02,
       8.14371705e-01, 5.51002625e+02, 4.09952057e+02, 2.69535363e-01,
       5.41220886e+02, 3.60987762e+02, 3.51370782e-01, 3.66846558e+02,
       3.74679749e+02, 1.67370602e-01, 1.55293976e+02, 3.55162659e+02,
       4.10762161e-01, 5.56882263e+02, 4.55024017e+02, 2.75785357e-01,
       3.70768707e+02, 4.92182343e+02, 2.61926472e-01, 1.78812119e+02,
       5.27475342e+02, 3.47366422e-01, 9.09510193e+02, 3.51213379e+02,
       7.21775651e-01, 8.97759155e+02, 3.84586914e+02, 7.55518556e-01,
       8.89948975e+02, 3.21743500e+02, 6.29722118e-01, 0., 0., 0.,
       1.20033264e+02, 5.72584412e+02, 2.48113155e-01, 0., 0., 0.,
       1.49437027e+02, 5.15756714e+02, 2.14535356e-01, 1.00442581e+02,
       3.23737366e+02, 1.80590168e-01, 1.02376541e+02, 3.23734619e+02,
       1.37060955e-01, 1.45466751e+02, 3.66821838e+02, 2.21428156e-01 ]
