%YAML:1.0
---
pose_0: !!opencv-matrix
   rows: 1
   cols: 25
   dt: "3f"
   data: [ 9.23269531e+02, 2.84599701e+02, 7.69034147e-01,
       8.07626343e+02, 2.88514771e+02, 7.06444979e-01, 8.15528198e+02,
       2.08140106e+02, 6.39747560e-01, 6.94051025e+02, 1.55253952e+02,
       6.96037352e-01, 5.70632202e+02, 1.51410538e+02, 7.87456155e-01,
       7.97841858e+02, 3.62894531e+02, 6.30785346e-01, 7.07758972e+02,
       4.13817963e+02, 7.62734532e-01, 6.17569946e+02, 4.60910492e+02,
       8.03400397e-01, 5.56874268e+02, 2.92427307e+02, 3.22888523e-01,
       5.54952698e+02, 2.51267532e+02, 4.01587158e-01, 3.86447632e+02,
       2.74748108e+02, 1.22460268e-01, 3.72728363e+02, 2.78708099e+02,
       5.64415604e-02, 5.54905823e+02, 3.39407013e+02, 3.38550955e-01,
       4.06042603e+02, 3.59029724e+02, 1.92855537e-01, 1.51393387e+02,
       3.33514496e+02, 1.78194940e-01, 9.32970947e+02, 2.63040009e+02,
       8.45835626e-01, 9.34973206e+02, 2.94364716e+02, 7.59160697e-01,
       9.01729614e+02, 2.43409607e+02, 5.73915720e-01, 9.15470032e+02,
       3.19714050e+02, 2.73415536e-01, 0., 0., 0., 0., 0., 0., 0., 0.,
       0., 0., 0., 0., 0., 0., 0., 0., 0., 0. ]
