%YAML:1.0
---
pose_0: !!opencv-matrix
   rows: 1
   cols: 25
   dt: "3f"
   data: [ 9.95724854e+02, 2.25770859e+02, 7.28762150e-01,
       8.70392761e+02, 2.41469040e+02, 4.95622158e-01, 8.46817871e+02,
       1.47399124e+02, 4.39573586e-01, 7.21464050e+02, 8.67111588e+01,
       5.27812243e-01, 7.07734131e+02, 9.84797592e+01, 6.44571424e-01,
       8.80111267e+02, 3.27655609e+02, 3.83886248e-01, 7.80206238e+02,
       4.60941467e+02, 7.78742731e-01, 8.39024353e+02, 3.21876251e+02,
       7.38300800e-01, 6.54852112e+02, 2.45399689e+02, 6.53291121e-02,
       0., 0., 0., 0., 0., 0., 0., 0., 0., 6.76397766e+02,
       2.96332977e+02, 5.81272617e-02, 4.25636841e+02, 3.51201202e+02,
       6.77295178e-02, 3.04180847e+02, 3.51125397e+02, 1.90195441e-01,
       1.00946606e+03, 1.98397919e+02, 8.01881433e-01, 1.01146094e+03,
       2.45394104e+02, 7.49363124e-01, 9.80082031e+02, 1.68982407e+02,
       2.66314417e-01, 0., 0., 0., 0., 0., 0., 0., 0., 0., 0., 0., 0.,
       0., 0., 0., 0., 0., 0., 0., 0., 0. ]
