%YAML:1.0
---
pose_0: !!opencv-matrix
   rows: 1
   cols: 25
   dt: "3f"
   data: [ 8.64449280e+02, 2.98306702e+02, 1.60100758e-01,
       7.80235840e+02, 2.88437531e+02, 5.45989275e-01, 7.52818542e+02,
       2.27729736e+02, 5.31261086e-01, 7.44940674e+02, 1.31732742e+02,
       8.05540919e-01, 8.44885010e+02, 1.59205643e+02, 7.81525850e-01,
       8.03762573e+02, 3.43337158e+02, 4.20460790e-01, 7.74363525e+02,
       3.25721954e+02, 4.36759531e-01, 8.60555786e+02, 2.74732697e+02,
       2.55432338e-01, 5.41192932e+02, 3.47283691e+02, 3.40030193e-01,
       5.33380127e+02, 3.04189026e+02, 3.69291812e-01, 3.37428619e+02,
       2.96340698e+02, 3.87960047e-01, 0., 0., 0., 5.49041260e+02,
       3.84451447e+02, 3.62148941e-01, 3.76656433e+02, 4.15808929e+02,
       6.38242483e-01, 2.27796127e+02, 5.41167114e+02, 5.43685436e-01,
       8.64486755e+02, 2.39529877e+02, 1.66948497e-01, 8.74273743e+02,
       2.94343811e+02, 1.50993496e-01, 8.54679626e+02, 2.31670914e+02,
       2.16488168e-01, 0., 0., 0., 1.47387955e+02, 5.72584595e+02,
       1.78696766e-01, 1.61142593e+02, 5.78432312e+02, 1.76013559e-01,
       2.16024063e+02, 5.54958679e+02, 2.54442990e-01, 0., 0., 0., 0.,
       0., 0., 0., 0., 0. ]
