%YAML:1.0
---
pose_0: !!opencv-matrix
   rows: 1
   cols: 25
   dt: "3f"
   data: [ 8.93839233e+02, 1.92475601e+02, 7.91301966e-01,
       7.88062378e+02, 2.10053024e+02, 6.72746420e-01, 7.74368103e+02,
       1.31808228e+02, 7.13681161e-01, 6.66544983e+02, 1.00324982e+02,
       7.50852704e-01, 6.21516235e+02, 1.08222519e+02, 7.58078158e-01,
       7.93951721e+02, 2.86513092e+02, 6.79964900e-01, 6.78382629e+02,
       3.35499786e+02, 7.97320485e-01, 5.72513855e+02, 3.15931061e+02,
       7.15296865e-01, 5.35328064e+02, 2.23823898e+02, 1.97189569e-01,
       5.25525757e+02, 1.78795654e+02, 2.42912576e-01, 3.21851318e+02,
       1.61175385e+02, 8.61730501e-02, 0., 0., 0., 5.51011414e+02,
       2.70871490e+02, 1.53144777e-01, 0., 0., 0., 0., 0., 0.,
       8.99742188e+02, 1.72881439e+02, 8.18749487e-01, 9.05600037e+02,
       2.04262360e+02, 7.60269165e-01, 8.68400513e+02, 1.53321640e+02,
       4.69696581e-01, 8.91885498e+02, 2.27861267e+02, 5.10792732e-01,
       0., 0., 0., 0., 0., 0., 0., 0., 0., 0., 0., 0., 0., 0., 0., 0.,
       0., 0. ]
