%YAML:1.0
---
pose_0: !!opencv-matrix
   rows: 1
   cols: 25
   dt: "3f"
   data: [ 8.86056152e+02, 4.00236725e+02, 7.88878977e-01,
       7.90007324e+02, 4.11885681e+02, 7.09228694e-01, 7.76285889e+02,
       3.35485504e+02, 7.22431064e-01, 6.62645508e+02, 2.74812622e+02,
       8.23735893e-01, 7.11609192e+02, 2.72713287e+02, 8.26281190e-01,
       7.95915039e+02, 4.78526764e+02, 5.87948322e-01, 6.72480530e+02,
       5.54981140e+02, 8.02302957e-01, 7.78297180e+02, 5.19693237e+02,
       7.81940758e-01, 5.31423096e+02, 4.64817810e+02, 3.16475958e-01,
       5.27487183e+02, 4.13883698e+02, 4.01884377e-01, 3.37480988e+02,
       4.00225677e+02, 4.77143377e-01, 0., 0., 0., 5.43183716e+02,
       5.07884033e+02, 3.93357277e-01, 3.84472473e+02, 5.11886047e+02,
       2.33832449e-01, 1.67050919e+02, 5.33364014e+02, 1.19240418e-01,
       8.99674988e+02, 3.86443359e+02, 8.73644888e-01, 9.01649963e+02,
       4.19755890e+02, 7.56371975e-01, 8.78217163e+02, 3.68776550e+02,
       6.01343811e-01, 8.82118896e+02, 4.47106537e+02, 5.47291458e-01,
       1.49386673e+02, 5.07902252e+02, 7.79676735e-02, 1.49334930e+02,
       5.11809998e+02, 8.15085694e-02, 0., 0., 0., 0., 0., 0., 0., 0.,
       0., 0., 0., 0. ]
