%YAML:1.0
---
pose_0: !!opencv-matrix
   rows: 2
   cols: 25
   dt: "3f"
   data: [ 9.27168030e+02, 3.66829681e+02, 7.28899837e-01,
       8.48792236e+02, 2.84559357e+02, 4.47249502e-01, 8.52773376e+02,
       2.63022949e+02, 7.12611020e-01, 7.45034546e+02, 3.45283661e+02,
       7.04949677e-01, 8.33151978e+02, 4.45205292e+02, 6.71871066e-01,
       8.37030884e+02, 3.12014893e+02, 1.80194378e-01, 0., 0., 0., 0.,
       0., 0., 5.72561401e+02, 2.88441010e+02, 2.63040334e-01,
       5.72533569e+02, 2.59131104e+02, 3.08271021e-01, 4.29543335e+02,
       3.31590790e+02, 7.01921135e-02, 1.08264183e+02, 3.33561188e+02,
       9.57432091e-02, 5.66666931e+02, 3.12018982e+02, 1.71427235e-01,
       4.49151428e+02, 3.53110535e+02, 6.66955709e-02, 0., 0., 0.,
       9.46799133e+02, 3.53213959e+02, 7.76699781e-01, 0., 0., 0.,
       9.48681763e+02, 3.10079926e+02, 8.44516695e-01, 0., 0., 0., 0.,
       0., 0., 0., 0., 0., 0., 0., 0., 0., 0., 0., 0., 0., 0., 0., 0.,
       0., 0., 0., 0., 0., 0., 0., 0., 0., 0., 0., 0., 0., 0., 0., 0.,
       7.50835449e+02, 3.15921234e+02, 5.18882200e-02, 7.07733765e+02,
       3.70743164e+02, 6.99141800e-01, 8.19380981e+02, 4.41322205e+02,
       4.73696679e-01, 0., 0., 0., 0., 0., 0., 0., 0., 0., 0., 0., 0.,
       0., 0., 0., 0., 0., 0., 0., 0., 0., 0., 0., 0., 0., 0., 0., 0.,
       0., 0., 0., 0., 0., 0., 0., 0., 0., 0., 0., 0., 0., 0., 0., 0.,
       0., 0., 0., 0., 0., 0., 0. ]
