%YAML:1.0
---
pose_0: !!opencv-matrix
   rows: 1
   cols: 25
   dt: "3f"
   data: [ 9.60499878e+02, 3.02203796e+02, 7.76148558e-01,
       8.27251221e+02, 3.29616547e+02, 6.50954485e-01, 8.17454834e+02,
       2.43411179e+02, 6.73870385e-01, 6.97991516e+02, 1.94392517e+02,
       7.57297039e-01, 6.31348389e+02, 1.63026764e+02, 8.15801620e-01,
       8.40984253e+02, 4.15828583e+02, 6.40742958e-01, 7.68455933e+02,
       5.37258362e+02, 7.58519650e-01, 7.27250244e+02, 4.29607178e+02,
       7.61622608e-01, 5.68643616e+02, 3.23756805e+02, 1.10622622e-01,
       5.50995483e+02, 2.88472168e+02, 1.96420610e-01, 3.64886719e+02,
       3.06115601e+02, 1.03635497e-01, 0., 0., 0., 5.72580322e+02,
       3.90361237e+02, 9.20033902e-02, 0., 0., 0., 0., 0., 0.,
       9.64395325e+02, 2.82589325e+02, 6.67291939e-01, 9.72233765e+02,
       3.19847748e+02, 7.87948370e-01, 9.25207581e+02, 2.59103424e+02,
       1.86091989e-01, 9.48687744e+02, 3.51186829e+02, 3.95122379e-01,
       0., 0., 0., 0., 0., 0., 0., 0., 0., 0., 0., 0., 0., 0., 0., 0.,
       0., 0. ]
