%YAML:1.0
---
pose_0: !!opencv-matrix
   rows: 1
   cols: 25
   dt: "3f"
   data: [ 9.70299805e+02, 3.00218170e+02, 7.36509085e-01,
       8.37109680e+02, 3.15915863e+02, 6.50051832e-01, 8.27236816e+02,
       2.31714767e+02, 6.54122472e-01, 7.15635010e+02, 1.78764252e+02,
       7.47558773e-01, 6.50966431e+02, 1.53335281e+02, 7.15813279e-01,
       8.52704590e+02, 4.02149292e+02, 5.79267263e-01, 7.80211365e+02,
       5.33390747e+02, 7.34396338e-01, 7.13695251e+02, 4.53046844e+02,
       6.77825809e-01, 5.56885681e+02, 3.29624634e+02, 1.03612639e-01,
       5.37314026e+02, 2.88520691e+02, 1.79093674e-01, 3.51199585e+02,
       3.02198334e+02, 7.40812495e-02, 0., 0., 0., 5.72565552e+02,
       3.90367035e+02, 9.27015394e-02, 0., 0., 0., 0., 0., 0.,
       9.78184021e+02, 2.74833038e+02, 8.12514782e-01, 9.80129639e+02,
       3.19770569e+02, 8.08996558e-01, 9.46752258e+02, 2.49287750e+02,
       2.94581056e-01, 9.62491028e+02, 3.41403534e+02, 1.49526104e-01,
       0., 0., 0., 0., 0., 0., 0., 0., 0., 0., 0., 0., 0., 0., 0., 0.,
       0., 0. ]
