%YAML:1.0
---
pose_0: !!opencv-matrix
   rows: 1
   cols: 25
   dt: "3f"
   data: [ 8.76205322e+02, 4.60822937e+02, 8.12473118e-01,
       7.82189758e+02, 4.80479645e+02, 6.67555153e-01, 7.76296509e+02,
       4.15803314e+02, 6.84419572e-01, 7.74426819e+02, 3.49205078e+02,
       6.34970069e-01, 8.09599121e+02, 3.08088501e+02, 6.74186349e-01,
       7.90062378e+02, 5.43204041e+02, 6.40067756e-01, 8.95786926e+02,
       6.17536072e+02, 8.02784681e-01, 8.91883789e+02, 5.33376221e+02,
       5.69055498e-01, 5.70588013e+02, 4.86352905e+02, 2.67197400e-01,
       5.70605591e+02, 4.45241577e+02, 3.61365199e-01, 4.17786194e+02,
       4.53057220e+02, 9.63291600e-02, 0., 0., 0., 5.74506226e+02,
       5.33390503e+02, 2.14553416e-01, 0., 0., 0., 0., 0., 0.,
       8.78198853e+02, 4.47184265e+02, 8.32033932e-01, 8.89922974e+02,
       4.74541901e+02, 7.62099147e-01, 8.56644836e+02, 4.37416138e+02,
       7.60086253e-02, 8.68386047e+02, 5.07921265e+02, 7.42906570e-01,
       0., 0., 0., 0., 0., 0., 0., 0., 0., 0., 0., 0., 0., 0., 0., 0.,
       0., 0. ]
