%YAML:1.0
---
pose_0: !!opencv-matrix
   rows: 1
   cols: 25
   dt: "3f"
   data: [ 8.54693848e+02, 1.61160400e+02, 8.19888294e-01,
       7.74408630e+02, 1.25897171e+02, 5.76320529e-01, 7.80252014e+02,
       7.10623932e+01, 2.93528587e-01, 0., 0., 0., 0., 0., 0.,
       7.76265625e+02, 1.76817078e+02, 4.46805269e-01, 8.01773804e+02,
       2.43458008e+02, 6.92230403e-01, 8.83977417e+02, 2.84592926e+02,
       7.74808586e-01, 5.29469604e+02, 1.86610916e+02, 5.52377366e-02,
       0., 0., 0., 0., 0., 0., 0., 0., 0., 5.54925537e+02,
       2.14059006e+02, 6.35697395e-02, 3.27692505e+02, 2.25733643e+02,
       1.20718375e-01, 1.45480179e+02, 2.21886856e+02, 1.32723346e-01,
       8.68474060e+02, 1.33804260e+02, 8.39580536e-01, 8.74267761e+02,
       1.61150269e+02, 6.35399222e-01, 8.50781555e+02, 9.64747543e+01,
       8.05914462e-01, 0., 0., 0., 0., 0., 0., 0., 0., 0.,
       1.16083244e+02, 2.08123184e+02, 8.87794122e-02, 0., 0., 0., 0.,
       0., 0., 0., 0., 0. ]
