%YAML:1.0
---
pose_0: !!opencv-matrix
   rows: 1
   cols: 25
   dt: "3f"
   data: [ 9.03713318e+02, 3.02144501e+02, 8.02416921e-01,
       8.05701599e+02, 3.49178467e+02, 7.06895411e-01, 7.76373474e+02,
       2.90458344e+02, 6.75364971e-01, 6.60742676e+02, 3.17868011e+02,
       4.62163508e-01, 5.51003418e+02, 2.80667297e+02, 7.11216748e-01,
       8.25344727e+02, 4.00122131e+02, 5.87507844e-01, 9.31105957e+02,
       4.53043915e+02, 6.82671964e-01, 1.05846179e+03, 4.27603607e+02,
       3.37034315e-01, 5.54942932e+02, 3.84480591e+02, 2.67908454e-01,
       5.52961670e+02, 3.37449677e+02, 4.58429933e-01, 3.60986816e+02,
       3.06113403e+02, 1.92206949e-01, 0., 0., 0., 5.62770386e+02,
       4.31560730e+02, 2.94849575e-01, 3.53148163e+02, 5.35318298e+02,
       5.31498849e-01, 2.19893158e+02, 6.37209473e+02, 3.77290010e-01,
       9.15348389e+02, 2.84590973e+02, 8.45169663e-01, 9.23257324e+02,
       3.17880035e+02, 8.33416581e-01, 8.84094299e+02, 2.74754303e+02,
       9.11493078e-02, 9.15479675e+02, 3.53109741e+02, 7.68417776e-01,
       1.67048401e+02, 6.05881775e+02, 7.90898800e-02, 1.68974915e+02,
       6.23500854e+02, 7.90536553e-02, 2.06190720e+02, 6.48978516e+02,
       1.83142573e-01, 0., 0., 0., 0., 0., 0., 0., 0., 0. ]
