%YAML:1.0
---
pose_0: !!opencv-matrix
   rows: 1
   cols: 25
   dt: "3f"
   data: [ 9.01650024e+02, 3.68794281e+02, 8.29806209e-01,
       8.07648682e+02, 2.92382507e+02, 5.50030231e-01, 8.23370972e+02,
       2.57199585e+02, 7.15550542e-01, 6.97929871e+02, 2.23786423e+02,
       6.60069466e-01, 5.58831604e+02, 3.02220184e+02, 6.65260196e-01,
       7.93936279e+02, 3.25736664e+02, 2.05491841e-01, 0., 0., 0., 0.,
       0., 0., 5.25552429e+02, 3.21775269e+02, 1.23026863e-01,
       5.03989746e+02, 3.04138885e+02, 9.22880620e-02, 3.27676483e+02,
       3.39453583e+02, 3.65027457e-01, 9.84248047e+01, 3.37483582e+02,
       5.35145700e-01, 5.25535950e+02, 3.45315857e+02, 7.70797506e-02,
       3.23787720e+02, 3.39460510e+02, 1.03895985e-01, 1.35656738e+02,
       3.10058899e+02, 2.11943805e-01, 9.21257996e+02, 3.39423035e+02,
       7.18985856e-01, 9.19298279e+02, 3.70836365e+02, 6.67772114e-01,
       8.99671875e+02, 3.00202423e+02, 8.11070740e-01, 0., 0., 0., 0.,
       0., 0., 0., 0., 0., 0., 0., 0., 6.71150742e+01, 3.68794617e+02,
       6.62069023e-02, 0., 0., 0., 8.46910706e+01, 3.37515442e+02,
       2.76761681e-01 ]
