%YAML:1.0
---
pose_0: !!opencv-matrix
   rows: 1
   cols: 25
   dt: "3f"
   data: [ 8.86023010e+02, 2.39452560e+02, 7.89269209e-01,
       7.86104675e+02, 2.72832947e+02, 5.70293546e-01, 7.72427002e+02,
       2.19930664e+02, 3.10004026e-01, 7.60723633e+02, 2.15988007e+02,
       1.19344831e-01, 0., 0., 0., 7.92032776e+02, 3.35436523e+02,
       6.63615465e-01, 7.37098633e+02, 3.41374084e+02, 7.59566724e-01,
       7.74252808e+02, 1.88581924e+02, 4.07722920e-01, 5.47103088e+02,
       2.51248688e+02, 2.08442748e-01, 5.43191711e+02, 2.23842499e+02,
       2.96501130e-01, 3.39416168e+02, 2.59123352e+02, 4.70152408e-01,
       1.27809738e+02, 2.88411987e+02, 2.94968188e-01, 5.25568298e+02,
       2.96320404e+02, 1.43296465e-01, 4.47169891e+02, 3.31600067e+02,
       6.40027374e-02, 3.43345398e+02, 3.15920776e+02, 7.74014294e-02,
       8.89931580e+02, 2.23777527e+02, 8.21623087e-01, 8.99702759e+02,
       2.51296021e+02, 7.76755631e-01, 8.58601379e+02, 2.10167786e+02,
       4.12940979e-01, 8.84083191e+02, 2.82628754e+02, 5.29112995e-01,
       3.35546570e+02, 3.15908264e+02, 7.87223205e-02, 3.37534485e+02,
       3.19799500e+02, 7.54272416e-02, 0., 0., 0., 8.47455902e+01,
       2.63011597e+02, 6.93859234e-02, 8.66515579e+01, 2.59129425e+02,
       5.46456724e-02, 1.14089615e+02, 2.96308594e+02, 2.25236639e-01 ]
