%YAML:1.0
---
pose_0: !!opencv-matrix
   rows: 1
   cols: 25
   dt: "3f"
   data: [ 9.19396301e+02, 4.19778687e+02, 8.06245029e-01,
       8.15503906e+02, 4.47135956e+02, 7.43459761e-01, 7.93924133e+02,
       3.82504089e+02, 6.95534527e-01, 6.82343018e+02, 3.39431274e+02,
       7.50068545e-01, 6.03886719e+02, 2.98279816e+02, 7.51496077e-01,
       8.38978271e+02, 5.13806824e+02, 7.03366697e-01, 7.44945435e+02,
       5.58827209e+02, 8.33051383e-01, 6.66576172e+02, 4.47150574e+02,
       6.02226138e-01, 5.98035950e+02, 4.70703857e+02, 1.93541691e-01,
       6.07815857e+02, 4.33458740e+02, 2.32074842e-01, 5.62748657e+02,
       3.88396637e+02, 1.32687226e-01, 0., 0., 0., 5.90185486e+02,
       5.07933105e+02, 1.79511249e-01, 4.43238861e+02, 4.31518768e+02,
       7.89366215e-02, 3.98196472e+02, 4.15825165e+02, 6.42244145e-02,
       9.19331238e+02, 4.02165955e+02, 8.67264032e-01, 9.33078003e+02,
       4.31586609e+02, 8.25909317e-01, 8.87951172e+02, 3.96206207e+02,
       6.26342416e-01, 9.17343872e+02, 4.62774048e+02, 3.65596056e-01,
       0., 0., 0., 0., 0., 0., 0., 0., 0., 0., 0., 0., 0., 0., 0., 0.,
       0., 0. ]
