%YAML:1.0
---
pose_0: !!opencv-matrix
   rows: 1
   cols: 25
   dt: "3f"
   data: [ 9.09520935e+02, 1.78712112e+02, 8.01346958e-01,
       7.93975403e+02, 1.84662125e+02, 6.62376225e-01, 7.86082886e+02,
       1.00399292e+02, 6.37990534e-01, 6.52900208e+02, 8.27639999e+01,
       6.51731491e-01, 5.29498718e+02, 9.84821396e+01, 7.63581693e-01,
       8.03765625e+02, 2.72825531e+02, 6.90020323e-01, 6.94005127e+02,
       3.17842255e+02, 6.42793000e-01, 5.56973206e+02, 3.29629517e+02,
       7.70187855e-01, 5.27523926e+02, 2.23817978e+02, 2.16420665e-01,
       5.21636292e+02, 1.76795547e+02, 3.10936540e-01, 3.68841492e+02,
       1.82716431e+02, 9.30452496e-02, 0., 0., 0., 5.39270752e+02,
       2.70866425e+02, 2.06334382e-01, 3.70783539e+02, 3.04175049e+02,
       6.91961944e-02, 0., 0., 0., 9.15441101e+02, 1.49422501e+02,
       9.05879140e-01, 9.29136597e+02, 1.84631165e+02, 8.50444555e-01,
       8.86050110e+02, 1.31667892e+02, 6.59400344e-01, 9.17376343e+02,
       2.02337372e+02, 1.47767752e-01, 0., 0., 0., 0., 0., 0., 0., 0.,
       0., 0., 0., 0., 0., 0., 0., 0., 0., 0. ]
