%YAML:1.0
---
pose_0: !!opencv-matrix
   rows: 1
   cols: 25
   dt: "3f"
   data: [ 9.01716003e+02, 3.37519775e+02, 7.93393373e-01,
       8.05655273e+02, 2.90415375e+02, 6.93858683e-01, 8.23338623e+02,
       2.29709473e+02, 6.62675738e-01, 7.11634338e+02, 1.63062424e+02,
       7.84654915e-01, 5.62750854e+02, 1.80779236e+02, 6.00153327e-01,
       7.82167419e+02, 3.37554688e+02, 5.84242225e-01, 6.94034973e+02,
       3.82545319e+02, 4.89863694e-01, 6.86204224e+02, 4.07986206e+02,
       3.80331337e-01, 5.72547974e+02, 2.84581604e+02, 2.01597571e-01,
       5.68633789e+02, 2.61060822e+02, 1.90409929e-01, 3.06099182e+02,
       3.39438751e+02, 1.62590355e-01, 1.47421448e+02, 3.17860626e+02,
       2.99759805e-01, 5.76491272e+02, 3.15906586e+02, 1.17436685e-01,
       3.15937866e+02, 3.49253784e+02, 3.34029615e-01, 1.47432938e+02,
       3.12001526e+02, 2.57207125e-01, 9.21288147e+02, 3.13989655e+02,
       7.24937797e-01, 9.17467163e+02, 3.51075867e+02, 7.81081676e-01,
       9.03729126e+02, 2.72777100e+02, 7.65855789e-01, 0., 0., 0.,
       1.16117195e+02, 3.98180420e+02, 1.17947534e-01, 1.16157059e+02,
       4.00119019e+02, 8.69586095e-02, 1.18005547e+02, 3.19814728e+02,
       1.06611788e-01, 1.14077080e+02, 3.98135254e+02, 2.22069353e-01,
       1.16084099e+02, 3.92301605e+02, 1.81745902e-01, 0., 0., 0. ]
