%YAML:1.0
---
pose_0: !!opencv-matrix
   rows: 1
   cols: 25
   dt: "3f"
   data: [ 9.07591125e+02, 2.14068253e+02, 7.74077117e-01,
       8.01797363e+02, 2.27834839e+02, 6.42638445e-01, 7.90042297e+02,
       1.47495132e+02, 7.14648008e-01, 6.64649719e+02, 1.16047836e+02,
       8.92328322e-01, 5.82354492e+02, 1.57227783e+02, 7.57497370e-01,
       8.05624878e+02, 3.15923218e+02, 6.66765630e-01, 6.95936707e+02,
       3.68787079e+02, 7.71639585e-01, 6.01941956e+02, 3.35420197e+02,
       8.58129978e-01, 5.58858337e+02, 2.49308578e+02, 1.36747003e-01,
       5.45124390e+02, 2.08184433e+02, 2.09865227e-01, 3.76634186e+02,
       2.10099564e+02, 1.06313005e-01, 0., 0., 0., 5.76484680e+02,
       3.02225006e+02, 1.17284156e-01, 0., 0., 0., 0., 0., 0.,
       9.17328735e+02, 1.96439835e+02, 9.26888525e-01, 9.21275146e+02,
       2.31690460e+02, 7.95346975e-01, 8.91885315e+02, 1.76761658e+02,
       6.59280181e-01, 9.09538269e+02, 2.57081146e+02, 4.15334642e-01,
       0., 0., 0., 0., 0., 0., 0., 0., 0., 0., 0., 0., 0., 0., 0., 0.,
       0., 0. ]
