%YAML:1.0
---
pose_0: !!opencv-matrix
   rows: 1
   cols: 25
   dt: "3f"
   data: [ 8.97757813e+02, 2.12150345e+02, 7.63061583e-01,
       8.42908752e+02, 2.82639587e+02, 5.26083708e-01, 8.42918335e+02,
       2.76745361e+02, 2.60190457e-01, 6.43095520e+02, 2.72860382e+02,
       6.56320214e-01, 6.19660461e+02, 1.98395096e+02, 8.03044498e-01,
       8.56621216e+02, 2.90515472e+02, 5.47599852e-01, 7.46921204e+02,
       2.31667404e+02, 6.89796388e-01, 6.62673706e+02, 1.65172638e+02,
       8.08650970e-01, 5.72559998e+02, 3.53169373e+02, 1.50039539e-01,
       5.68632568e+02, 3.19823639e+02, 1.49066105e-01, 3.21786743e+02,
       2.47343781e+02, 2.04314575e-01, 9.25734177e+01, 3.68845367e+02,
       1.74687982e-01, 5.72564880e+02, 3.86457336e+02, 1.44651338e-01,
       0., 0., 0., 0., 0., 0., 9.09553467e+02, 2.02271866e+02,
       7.18229771e-01, 9.19405029e+02, 2.27828598e+02, 8.45738053e-01,
       0., 0., 0., 9.17449951e+02, 2.78740234e+02, 7.96516240e-01, 0.,
       0., 0., 0., 0., 0., 0., 0., 0., 5.14369011e+01, 4.00147949e+02,
       6.25235066e-02, 0., 0., 0., 0., 0., 0. ]
