%YAML:1.0
---
pose_0: !!opencv-matrix
   rows: 1
   cols: 25
   dt: "3f"
   data: [ 9.95723206e+02, 3.04064484e+02, 8.18719089e-01,
       8.68342651e+02, 3.37441986e+02, 6.17448270e-01, 8.42908386e+02,
       2.55130630e+02, 6.06405675e-01, 7.27364380e+02, 2.43409393e+02,
       4.41421896e-01, 5.74532837e+02, 2.16056015e+02, 5.95764697e-01,
       8.86031677e+02, 4.25618408e+02, 6.00951254e-01, 7.54792297e+02,
       4.74599304e+02, 7.36984730e-01, 7.90008972e+02, 3.49232788e+02,
       6.30999565e-01, 5.76487366e+02, 3.31593842e+02, 6.14164732e-02,
       5.62772461e+02, 2.88470612e+02, 6.74154162e-02, 5.27529358e+02,
       2.57096222e+02, 1.25823170e-01, 3.51167114e+02, 2.96326050e+02,
       9.97409374e-02, 6.31348206e+02, 4.11901764e+02, 5.12114801e-02,
       0., 0., 0., 0., 0., 0., 1.00163641e+03, 2.78704193e+02,
       7.65078187e-01, 1.01148029e+03, 3.19887878e+02, 8.52875173e-01,
       9.64453979e+02, 2.59105255e+02, 2.55820423e-01, 9.97679382e+02,
       3.53191345e+02, 4.75528538e-01, 0., 0., 0., 0., 0., 0., 0., 0.,
       0., 0., 0., 0., 0., 0., 0., 0., 0., 0. ]
