%YAML:1.0
---
pose_0: !!opencv-matrix
   rows: 1
   cols: 25
   dt: "3f"
   data: [ 9.76144348e+02, 3.29591553e+02, 7.14488447e-01,
       8.54729431e+02, 3.10030365e+02, 4.98106956e-01, 8.56657471e+02,
       2.23816818e+02, 5.74117720e-01, 7.37129028e+02, 1.43490677e+02,
       7.38483191e-01, 8.05621033e+02, 2.92390320e+02, 7.29444146e-01,
       8.37058289e+02, 3.96233643e+02, 2.79158831e-01, 6.78351563e+02,
       4.31511200e+02, 9.24386382e-02, 7.13631714e+02, 4.27577606e+02,
       3.77968580e-01, 5.41219849e+02, 3.25713745e+02, 1.49744809e-01,
       5.45134094e+02, 2.72814362e+02, 2.32408851e-01, 3.37459503e+02,
       3.02199707e+02, 6.23725355e-01, 1.70973770e+02, 3.23759064e+02,
       5.11407077e-01, 5.54908020e+02, 3.82489014e+02, 2.48809576e-01,
       3.37430054e+02, 3.68892120e+02, 5.32658994e-01, 1.18038887e+02,
       4.00123962e+02, 2.41368383e-01, 9.93707214e+02, 3.06066742e+02,
       9.09851909e-01, 9.93717590e+02, 3.49241943e+02, 7.70247161e-01,
       9.64325684e+02, 2.70871399e+02, 6.88218534e-01, 0., 0., 0.,
       6.90791702e+01, 3.86445099e+02, 1.32954538e-01, 7.69103241e+01,
       4.00156677e+02, 1.25385046e-01, 1.14118340e+02, 4.07974762e+02,
       1.36164784e-01, 1.14133179e+02, 2.84595673e+02, 2.42820665e-01,
       1.18013695e+02, 2.84558228e+02, 2.15221137e-01, 1.63049133e+02,
       3.31577240e+02, 3.38862300e-01 ]
