%YAML:1.0
---
pose_0: !!opencv-matrix
   rows: 1
   cols: 25
   dt: "3f"
   data: [ 1.00950049e+03, 2.27686401e+02, 8.54610503e-01,
       8.60581238e+02, 2.43461075e+02, 4.75006372e-01, 8.52689270e+02,
       1.59165131e+02, 5.85339844e-01, 7.11633667e+02, 9.25721359e+01,
       5.94070256e-01, 8.03692627e+02, 1.82675079e+02, 7.36387432e-01,
       8.62518921e+02, 3.39444183e+02, 5.13633609e-01, 7.13594177e+02,
       4.19725464e+02, 7.25632071e-01, 7.78332214e+02, 3.55154175e+02,
       7.96567142e-01, 6.54839233e+02, 2.82602020e+02, 6.22797646e-02,
       6.19572144e+02, 2.25800522e+02, 6.49120882e-02, 0., 0., 0., 0.,
       0., 0., 6.86212830e+02, 3.21793823e+02, 5.99521548e-02, 0., 0.,
       0., 0., 0., 0., 1.00944214e+03, 1.96507629e+02, 8.81731331e-01,
       1.02712903e+03, 2.37539459e+02, 6.91124856e-01, 9.64460388e+02,
       1.76831329e+02, 5.01928508e-01, 1.00744403e+03, 2.64959076e+02,
       9.47307944e-02, 0., 0., 0., 0., 0., 0., 0., 0., 0., 0., 0., 0.,
       0., 0., 0., 0., 0., 0. ]
