%YAML:1.0
---
pose_0: !!opencv-matrix
   rows: 2
   cols: 25
   dt: "3f"
   data: [ 8.99661804e+02, 2.37521225e+02, 7.82697022e-01,
       8.48783203e+02, 3.11994354e+02, 5.28823674e-01, 8.48771118e+02,
       3.06155884e+02, 2.60949284e-01, 7.43005493e+02, 2.84596436e+02,
       5.99684455e-02, 7.64575317e+02, 2.00354904e+02, 6.78964108e-02,
       8.62504456e+02, 3.21774902e+02, 5.94143927e-01, 7.52834656e+02,
       2.78675385e+02, 5.50073862e-01, 7.62658875e+02, 2.02263931e+02,
       6.65280879e-01, 6.48955627e+02, 3.68830872e+02, 6.56036586e-02,
       0., 0., 0., 0., 0., 0., 0., 0., 0., 0., 0., 0., 0., 0., 0., 0.,
       0., 0., 9.11524719e+02, 2.29747009e+02, 3.24558288e-01,
       9.21275024e+02, 2.43493454e+02, 8.63330424e-01, 0., 0., 0.,
       9.21276245e+02, 3.04089111e+02, 8.21085334e-01, 0., 0., 0., 0.,
       0., 0., 0., 0., 0., 0., 0., 0., 0., 0., 0., 0., 0., 0., 0., 0.,
       0., 0., 0., 0., 0., 0., 0., 0., 0., 0., 0., 0., 0., 0., 0., 0.,
       0., 0., 0., 0., 0., 0., 5.58842834e+02, 3.49235657e+02,
       1.22806698e-01, 5.58847900e+02, 3.19824463e+02, 1.68567225e-01,
       3.17869781e+02, 3.17876892e+02, 2.73139864e-01, 8.66979828e+01,
       4.13816711e+02, 2.00071543e-01, 5.41220825e+02, 3.70794678e+02,
       1.15610927e-01, 3.13956177e+02, 3.19813812e+02, 1.40247285e-01,
       8.08053665e+01, 4.15817505e+02, 1.66968152e-01, 0., 0., 0., 0.,
       0., 0., 0., 0., 0., 0., 0., 0., 4.16871910e+01, 4.43243530e+02,
       1.44387767e-01, 5.34185829e+01, 4.45263367e+02, 1.82079434e-01,
       4.95046959e+01, 4.25615997e+02, 1.16983272e-01, 5.14371109e+01,
       4.45180206e+02, 1.39993712e-01, 5.14061699e+01, 4.33523407e+02,
       1.30426958e-01, 0., 0., 0. ]
