%YAML:1.0
---
pose_0: !!opencv-matrix
   rows: 1
   cols: 25
   dt: "3f"
   data: [ 8.80095032e+02, 1.33683899e+02, 7.94776261e-01,
       7.70412292e+02, 1.21989677e+02, 6.42118394e-01, 7.64548828e+02,
       3.57269363e+01, 6.07363462e-01, 6.52878967e+02, 5.35115194e+00,
       3.44391018e-01, 6.02006165e+02, 5.33498039e+01, 8.43577325e-01,
       7.62644348e+02, 2.08153885e+02, 6.42077506e-01, 6.52867493e+02,
       2.57057648e+02, 6.85399890e-01, 5.96041992e+02, 2.33608047e+02,
       7.38905132e-01, 5.45147339e+02, 1.29768448e+02, 2.61335403e-01,
       5.49074036e+02, 9.06050644e+01, 2.84381509e-01, 0., 0., 0., 0.,
       0., 0., 5.25540405e+02, 1.72893661e+02, 2.15566754e-01,
       3.53141022e+02, 1.92520401e+02, 1.97597533e-01, 1.80773071e+02,
       1.96431503e+02, 1.18162215e-01, 8.93873352e+02, 1.16023643e+02,
       8.12291205e-01, 8.91883606e+02, 1.47407806e+02, 7.85063505e-01,
       8.66434326e+02, 8.07966614e+01, 6.51765525e-01, 8.76232605e+02,
       1.65051712e+02, 1.07471026e-01, 0., 0., 0., 0., 0., 0., 0., 0.,
       0., 0., 0., 0., 0., 0., 0., 0., 0., 0. ]
