%YAML:1.0
---
pose_0: !!opencv-matrix
   rows: 1
   cols: 25
   dt: "3f"
   data: [ 9.03702454e+02, 2.10086014e+02, 7.77487934e-01,
       7.95926819e+02, 2.16036377e+02, 6.20507538e-01, 7.90076233e+02,
       1.37659760e+02, 6.81163549e-01, 6.58762085e+02, 1.14156021e+02,
       3.21511924e-01, 5.27532227e+02, 1.12196304e+02, 3.43762338e-01,
       7.95920532e+02, 3.00247406e+02, 5.56053817e-01, 6.64632019e+02,
       3.51186371e+02, 6.72001243e-01, 6.35258606e+02, 3.04180023e+02,
       6.97182178e-01, 5.52960083e+02, 2.14027252e+02, 2.38584027e-01,
       5.39252991e+02, 1.74860153e+02, 2.86772847e-01, 3.68823608e+02,
       2.08159897e+02, 7.72319064e-02, 0., 0., 0., 5.47113831e+02,
       2.70867249e+02, 2.02834442e-01, 3.51152313e+02, 2.74823883e+02,
       2.37312123e-01, 0., 0., 0., 9.17283386e+02, 1.92453323e+02,
       9.07292724e-01, 9.19348938e+02, 2.25747635e+02, 7.93150604e-01,
       8.89966980e+02, 1.69008835e+02, 6.12785697e-01, 9.03640686e+02,
       2.47332047e+02, 2.87006706e-01, 0., 0., 0., 0., 0., 0., 0., 0.,
       0., 0., 0., 0., 0., 0., 0., 0., 0., 0. ]
