%YAML:1.0
---
pose_0: !!opencv-matrix
   rows: 1
   cols: 25
   dt: "3f"
   data: [ 1.13287622e+03, 6.70796051e+01, 5.29476225e-01,
       9.60503601e+02, 1.33775589e+02, 4.65389937e-01, 9.35004089e+02,
       3.57577019e+01, 4.80707020e-01, 7.89994812e+02, 5.34832811e+00,
       1.80296585e-01, 0., 0., 0., 9.80078552e+02, 2.41504639e+02,
       4.47746187e-01, 8.01797668e+02, 3.53216400e+02, 5.79890728e-01,
       6.97924561e+02, 3.12017456e+02, 7.10692942e-01, 6.62690491e+02,
       2.17962784e+02, 5.22569418e-02, 6.47018188e+02, 1.57240906e+02,
       7.53998831e-02, 0., 0., 0., 0., 0., 0., 7.03823669e+02,
       2.57170837e+02, 5.44324443e-02, 0., 0., 0., 0., 0., 0.,
       1.14069861e+03, 2.20167484e+01, 5.03816187e-01, 1.16031604e+03,
       8.66552353e+01, 5.86720288e-01, 1.09369727e+03, 5.35243034e+00,
       2.92495012e-01, 1.14071948e+03, 1.33794144e+02, 1.99072212e-01,
       0., 0., 0., 0., 0., 0., 0., 0., 0., 0., 0., 0., 0., 0., 0., 0.,
       0., 0. ]
