%YAML:1.0
---
pose_0: !!opencv-matrix
   rows: 1
   cols: 25
   dt: "3f"
   data: [ 8.84064392e+02, 3.12009857e+02, 7.79297769e-01,
       8.19411011e+02, 2.88522980e+02, 6.56184614e-01, 8.23301819e+02,
       2.12127899e+02, 6.76664829e-01, 6.94045776e+02, 1.49440292e+02,
       7.79300630e-01, 7.56690979e+02, 2.45406372e+02, 7.75234342e-01,
       8.07622192e+02, 3.80560303e+02, 5.13568521e-01, 7.25337708e+02,
       4.13834106e+02, 2.20039919e-01, 6.80254211e+02, 4.00244385e+02,
       6.05126381e-01, 5.56889099e+02, 2.90437744e+02, 1.78458259e-01,
       5.47103577e+02, 2.51280945e+02, 2.58655727e-01, 3.90355499e+02,
       2.45387451e+02, 1.38474107e-01, 2.08168472e+02, 2.72805908e+02,
       2.54901558e-01, 5.43182922e+02, 3.51196014e+02, 1.84282705e-01,
       3.68853027e+02, 3.53150024e+02, 3.21702629e-01, 0., 0., 0.,
       9.01712158e+02, 2.94350372e+02, 8.35248649e-01, 9.03685303e+02,
       3.33489197e+02, 7.58625627e-01, 9.01732361e+02, 2.59073242e+02,
       6.94616556e-01, 0., 0., 0., 0., 0., 0., 0., 0., 0., 0., 0., 0.,
       1.92456161e+02, 2.45457748e+02, 9.92899314e-02, 1.94462921e+02,
       2.49300934e+02, 1.00593865e-01, 0., 0., 0. ]
