%YAML:1.0
---
pose_0: !!opencv-matrix
   rows: 1
   cols: 25
   dt: "3f"
   data: [ 8.89935181e+02, 4.06074432e+02, 6.83634460e-01,
       7.92067688e+02, 3.98242035e+02, 7.13766873e-01, 7.91970947e+02,
       3.19874542e+02, 6.97039723e-01, 6.64570618e+02, 2.78667480e+02,
       7.29686916e-01, 5.41172241e+02, 2.64999176e+02, 7.97978461e-01,
       7.93929749e+02, 4.74622070e+02, 6.23303890e-01, 6.80371765e+02,
       5.39254517e+02, 8.41529667e-01, 7.44931702e+02, 5.29431458e+02,
       7.00238407e-01, 5.37287354e+02, 3.84465393e+02, 2.02605218e-01,
       5.49052124e+02, 3.37504608e+02, 2.73305357e-01, 3.43338409e+02,
       3.49195068e+02, 3.68655443e-01, 0., 0., 0., 5.27519409e+02,
       4.41321625e+02, 2.82819986e-01, 3.70783478e+02, 4.82440887e+02,
       1.65324822e-01, 0., 0., 0., 9.03704895e+02, 3.86420013e+02,
       7.41952181e-01, 9.11480469e+02, 4.23706909e+02, 7.17470407e-01,
       8.86002625e+02, 3.62911621e+02, 6.46266699e-01, 9.05631775e+02,
       4.47069580e+02, 7.89793581e-02, 0., 0., 0., 0., 0., 0., 0., 0.,
       0., 0., 0., 0., 0., 0., 0., 0., 0., 0. ]
