%YAML:1.0
---
pose_0: !!opencv-matrix
   rows: 1
   cols: 25
   dt: "3f"
   data: [ 9.48803711e+02, 3.27696136e+02, 7.52511144e-01,
       8.23379211e+02, 3.53126495e+02, 6.55201077e-01, 8.05625244e+02,
       2.90485474e+02, 6.99079514e-01, 6.92088379e+02, 2.90415649e+02,
       5.87133527e-01, 5.74567200e+02, 2.43520233e+02, 8.45727384e-01,
       8.37040466e+02, 4.15844666e+02, 6.15994632e-01, 7.21455566e+02,
       4.76621918e+02, 7.50146151e-01, 6.64585571e+02, 4.31597504e+02,
       8.01139534e-01, 5.29472473e+02, 3.72740570e+02, 1.62811056e-01,
       5.19666809e+02, 3.29642426e+02, 1.30612373e-01, 3.64919098e+02,
       2.90463989e+02, 6.42121658e-02, 0., 0., 0., 5.45122620e+02,
       4.17796143e+02, 1.76277399e-01, 3.66869446e+02, 4.15839355e+02,
       1.69610262e-01, 2.27793564e+02, 4.51139374e+02, 8.04465339e-02,
       9.60424866e+02, 3.15924194e+02, 7.74602354e-01, 9.62415405e+02,
       3.45310181e+02, 8.06255639e-01, 9.31057983e+02, 3.02160278e+02,
       3.14977884e-01, 9.42821472e+02, 3.80572174e+02, 5.19162536e-01,
       0., 0., 0., 0., 0., 0., 0., 0., 0., 0., 0., 0., 0., 0., 0., 0.,
       0., 0. ]
