%YAML:1.0
---
pose_0: !!opencv-matrix
   rows: 1
   cols: 25
   dt: "3f"
   data: [ 9.07566589e+02, 2.41508041e+02, 7.63306558e-01,
       7.95926636e+02, 2.49284943e+02, 6.40106797e-01, 7.89972534e+02,
       1.76757477e+02, 6.85107529e-01, 6.72503967e+02, 1.33790848e+02,
       7.51471758e-01, 5.92147156e+02, 1.33745392e+02, 8.10977459e-01,
       8.01804382e+02, 3.35510345e+02, 6.39588773e-01, 6.80275635e+02,
       3.80537109e+02, 7.18966186e-01, 5.92159302e+02, 3.51194214e+02,
       8.19966912e-01, 5.84309082e+02, 2.63048676e+02, 2.09089056e-01,
       5.54942688e+02, 2.10101212e+02, 2.46873379e-01, 3.21762939e+02,
       2.27712234e+02, 2.43331760e-01, 0., 0., 0., 5.92158386e+02,
       3.08065765e+02, 2.24963024e-01, 3.55134308e+02, 3.23789612e+02,
       3.36082458e-01, 1.76836945e+02, 3.39477417e+02, 2.45219678e-01,
       9.15435303e+02, 2.19945953e+02, 8.20421994e-01, 9.17437988e+02,
       2.57229889e+02, 8.27918828e-01, 8.85980347e+02, 1.98341324e+02,
       5.65591276e-01, 9.11468384e+02, 2.84568756e+02, 2.63758957e-01,
       1.06313179e+02, 3.66829895e+02, 8.80633742e-02, 0., 0., 0., 0.,
       0., 0., 0., 0., 0., 0., 0., 0., 0., 0., 0. ]
