%YAML:1.0
---
pose_0: !!opencv-matrix
   rows: 1
   cols: 25
   dt: "3f"
   data: [ 9.15351013e+02, 3.53089355e+02, 8.44477296e-01,
       8.36985046e+02, 3.98175690e+02, 7.43808091e-01, 8.07715759e+02,
       3.57062805e+02, 5.28865993e-01, 6.50919495e+02, 3.64906372e+02,
       2.39440411e-01, 5.84331848e+02, 3.39416382e+02, 5.57583451e-01,
       8.56681152e+02, 4.41263977e+02, 5.98328054e-01, 8.05701660e+02,
       4.29504974e+02, 7.22530782e-01, 7.72388123e+02, 2.92373413e+02,
       7.82566249e-01, 5.70623901e+02, 4.33497253e+02, 2.47329801e-01,
       5.66694641e+02, 3.96228088e+02, 3.68093014e-01, 3.68789032e+02,
       3.86436951e+02, 3.82014900e-01, 1.63073410e+02, 3.80557922e+02,
       4.16776121e-01, 5.74525269e+02, 4.78536346e+02, 2.14973941e-01,
       3.64857727e+02, 5.41188721e+02, 4.01097715e-01, 1.96395035e+02,
       6.35274902e+02, 2.25287855e-01, 9.21305054e+02, 3.37497620e+02,
       8.42163086e-01, 9.33033630e+02, 3.68756134e+02, 8.92085195e-01,
       9.01703735e+02, 3.31597260e+02, 2.61373281e-01, 9.23278076e+02,
       4.00245392e+02, 6.94231331e-01, 1.02397087e+02, 6.37209045e+02,
       5.75530343e-02, 1.14095749e+02, 6.48956238e+02, 5.58473617e-02,
       1.82692261e+02, 6.35282043e+02, 1.04140878e-01, 1.29793243e+02,
       3.62935272e+02, 1.19988427e-01, 1.29820892e+02, 3.62931183e+02,
       1.55478925e-01, 1.47478760e+02, 3.86445587e+02, 2.42437333e-01 ]
