%YAML:1.0
---
pose_0: !!opencv-matrix
   rows: 1
   cols: 25
   dt: "3f"
   data: [ 9.31084045e+02, 2.39530807e+02, 7.47808039e-01,
       8.66382385e+02, 2.92394348e+02, 6.19366467e-01, 8.58630371e+02,
       2.74811554e+02, 3.49652618e-01, 0., 0., 0., 0., 0., 0.,
       8.70363586e+02, 3.15879486e+02, 6.15399122e-01, 7.45001404e+02,
       2.80643890e+02, 4.84453499e-01, 7.58588135e+02, 2.00342087e+02,
       4.38810557e-01, 7.17522949e+02, 3.06112823e+02, 2.17235789e-01,
       7.25355530e+02, 2.90445129e+02, 2.69819677e-01, 6.33312256e+02,
       2.70851440e+02, 1.24673739e-01, 6.64661743e+02, 1.84638855e+02,
       3.03380102e-01, 6.97931030e+02, 3.55101685e+02, 1.53717041e-01,
       3.08088867e+02, 3.15900635e+02, 7.99574405e-02, 1.43511200e+02,
       3.78614044e+02, 5.20465188e-02, 9.44759888e+02, 2.29697845e+02,
       7.18902588e-01, 9.50656494e+02, 2.59065704e+02, 8.66817296e-01,
       0., 0., 0., 9.33088135e+02, 3.06085205e+02, 8.08192015e-01, 0.,
       0., 0., 0., 0., 0., 0., 0., 0., 0., 0., 0., 0., 0., 0.,
       6.64539307e+02, 1.80739441e+02, 2.69097507e-01 ]
