%YAML:1.0
---
pose_0: !!opencv-matrix
   rows: 1
   cols: 25
   dt: "3f"
   data: [ 8.85989685e+02, 2.72762390e+02, 7.18934476e-01,
       7.92050232e+02, 2.70819214e+02, 6.85708165e-01, 7.93960449e+02,
       1.94425400e+02, 6.90386713e-01, 6.93961243e+02, 1.45505615e+02,
       7.55796194e-01, 6.23489014e+02, 1.49415985e+02, 8.08350086e-01,
       7.93946045e+02, 3.47292633e+02, 6.17451251e-01, 6.95907104e+02,
       4.13842438e+02, 7.41594434e-01, 6.31291077e+02, 4.86376190e+02,
       7.59973764e-01, 5.41192566e+02, 2.57131348e+02, 3.07197154e-01,
       5.41250977e+02, 2.14031387e+02, 4.06542480e-01, 3.76665649e+02,
       2.15979584e+02, 2.91767985e-01, 2.02290573e+02, 2.27745499e+02,
       3.10673743e-01, 5.33372925e+02, 3.06132324e+02, 3.49784523e-01,
       3.37488678e+02, 3.19853943e+02, 3.83776188e-01, 1.61140274e+02,
       3.25715057e+02, 5.40150344e-01, 8.99664429e+02, 2.57091705e+02,
       8.06434572e-01, 8.99714722e+02, 2.88545258e+02, 7.45513439e-01,
       8.72359741e+02, 2.27794022e+02, 2.49302924e-01, 8.88034912e+02,
       3.15900085e+02, 1.55361235e-01, 9.65007248e+01, 3.49204407e+02,
       4.76014644e-01, 1.06312866e+02, 3.53204651e+02, 4.88786697e-01,
       1.49360336e+02, 3.15885071e+02, 2.78396159e-01, 1.57205170e+02,
       1.80761337e+02, 1.03989132e-01, 1.57224716e+02, 1.82708572e+02,
       7.36415163e-02, 0., 0., 0. ]
