%YAML:1.0
---
pose_0: !!opencv-matrix
   rows: 1
   cols: 25
   dt: "3f"
   data: [ 8.85953491e+02, 1.25879387e+02, 7.68261313e-01,
       7.76362122e+02, 1.19985527e+02, 6.89127505e-01, 7.76266235e+02,
       3.76778336e+01, 7.28753388e-01, 7.09705933e+02, 5.34387398e+00,
       2.75662929e-01, 0., 0., 0., 7.74338867e+02, 2.06221619e+02,
       6.48233175e-01, 6.64580261e+02, 2.41400497e+02, 8.00662935e-01,
       5.39275696e+02, 2.59070648e+02, 8.13021660e-01, 5.21629211e+02,
       1.10215805e+02, 1.48134291e-01, 5.17693420e+02, 6.70922623e+01,
       1.87460110e-01, 3.53192474e+02, 7.29949570e+01, 1.00494698e-01,
       0., 0., 0., 5.17722900e+02, 1.70933990e+02, 1.83533490e-01,
       3.49215912e+02, 1.59164169e+02, 1.14747204e-01, 0., 0., 0.,
       8.97794006e+02, 1.02457008e+02, 8.43803048e-01, 8.97741943e+02,
       1.41576904e+02, 7.40787804e-01, 8.70427856e+02, 7.88721466e+01,
       4.61366743e-01, 8.74275696e+02, 1.63116531e+02, 3.42414081e-01,
       0., 0., 0., 0., 0., 0., 0., 0., 0., 0., 0., 0., 0., 0., 0., 0.,
       0., 0. ]
