%YAML:1.0
---
pose_0: !!opencv-matrix
   rows: 1
   cols: 25
   dt: "3f"
   data: [ 8.64429688e+02, 9.45285568e+01, 1.37031078e-01,
       7.88034058e+02, 1.20053795e+02, 5.09887278e-01, 7.90023682e+02,
       6.71186523e+01, 2.91928649e-01, 0., 0., 0., 0., 0., 0.,
       7.82173828e+02, 1.76814941e+02, 4.95976955e-01, 8.39036621e+02,
       1.80803864e+02, 7.61176169e-01, 8.37096863e+02, 5.14116402e+01,
       6.25598192e-01, 5.80410522e+02, 1.31755783e+02, 1.54224530e-01,
       5.80408813e+02, 8.27615585e+01, 1.75428107e-01, 0., 0., 0., 0.,
       0., 0., 5.76500916e+02, 1.76825790e+02, 1.83498800e-01,
       4.76567108e+02, 1.80726563e+02, 6.39239028e-02, 3.53124817e+02,
       1.80772675e+02, 3.27167332e-01, 8.68338928e+02, 8.66627426e+01,
       9.03900489e-02, 8.78155884e+02, 9.64797592e+01, 2.51786709e-01,
       0., 0., 0., 8.84040344e+02, 1.29777786e+02, 3.39823127e-01, 0.,
       0., 0., 0., 0., 0., 3.43330963e+02, 1.82673080e+02,
       1.44270301e-01, 0., 0., 0., 0., 0., 0., 0., 0., 0. ]
