%YAML:1.0
---
pose_0: !!opencv-matrix
   rows: 1
   cols: 25
   dt: "3f"
   data: [ 8.37065796e+02, 2.90532837e+02, 7.95553744e-01,
       7.58618958e+02, 2.88458069e+02, 7.08276033e-01, 7.62668396e+02,
       2.17966660e+02, 6.74535871e-01, 6.97900513e+02, 2.04216370e+02,
       7.82535970e-01, 7.37119080e+02, 3.19803925e+02, 7.10048079e-01,
       7.37136108e+02, 3.62917755e+02, 5.23587942e-01, 6.80293640e+02,
       4.43295288e+02, 8.27437103e-01, 7.19474182e+02, 4.25619202e+02,
       7.52932250e-01, 5.41245117e+02, 2.88490692e+02, 2.64602304e-01,
       5.33387878e+02, 2.49296967e+02, 3.09528828e-01, 3.70801361e+02,
       2.12093658e+02, 2.24102601e-01, 1.94482254e+02, 1.39628937e+02,
       1.68589711e-01, 5.64715271e+02, 3.35470459e+02, 2.05086201e-01,
       3.25717529e+02, 3.29645081e+02, 2.39121392e-01, 1.68978455e+02,
       3.39428589e+02, 3.40863079e-01, 8.52717041e+02, 2.72907166e+02,
       8.28619719e-01, 8.52678223e+02, 3.06165649e+02, 7.99013555e-01,
       8.38982971e+02, 2.51258850e+02, 6.77254736e-01, 8.31186462e+02,
       3.21710907e+02, 1.39064714e-01, 1.16123245e+02, 3.49240601e+02,
       3.53504241e-01, 1.29756378e+02, 3.62896576e+02, 3.71776551e-01,
       1.55253418e+02, 3.35484863e+02, 1.51269406e-01, 1.82742264e+02,
       1.47354874e+02, 5.58201112e-02, 1.80817856e+02, 1.45407532e+02,
       6.76490441e-02, 0., 0., 0. ]
