%YAML:1.0
---
pose_0: !!opencv-matrix
   rows: 1
   cols: 25
   dt: "3f"
   data: [ 8.56648926e+02, 4.45245911e+02, 8.42534602e-01,
       7.74322754e+02, 4.13878143e+02, 7.43767738e-01, 7.70439331e+02,
       3.53131714e+02, 5.96990466e-01, 8.23356750e+02, 2.70867950e+02,
       7.98244715e-01, 8.68455200e+02, 3.08121674e+02, 7.64023185e-01,
       7.80213806e+02, 4.74638184e+02, 6.12792134e-01, 8.21290955e+02,
       5.66642273e+02, 7.86809921e-01, 8.80122192e+02, 6.48962097e+02,
       7.76009798e-01, 5.66679321e+02, 4.27613312e+02, 2.76849598e-01,
       5.70626831e+02, 3.98204468e+02, 2.65043259e-01, 4.86363007e+02,
       3.78623688e+02, 1.33329511e-01, 3.45307343e+02, 4.17817108e+02,
       1.27062902e-01, 5.52957397e+02, 4.51090851e+02, 1.88550070e-01,
       4.92220520e+02, 4.08008789e+02, 7.65081495e-02, 3.49234619e+02,
       4.21702026e+02, 1.64004028e-01, 8.68370972e+02, 4.27571625e+02,
       8.39495063e-01, 8.74305420e+02, 4.41279999e+02, 2.16909140e-01,
       8.41034607e+02, 3.86418152e+02, 8.40800047e-01, 0., 0., 0., 0.,
       0., 0., 0., 0., 0., 3.33536011e+02, 4.27571136e+02,
       8.18367824e-02, 0., 0., 0., 0., 0., 0., 0., 0., 0. ]
