%YAML:1.0
---
pose_0: !!opencv-matrix
   rows: 1
   cols: 25
   dt: "3f"
   data: [ 9.33054321e+02, 2.64999084e+02, 7.79109597e-01,
       8.21294128e+02, 2.92429810e+02, 6.64098263e-01, 8.05707520e+02,
       2.02304947e+02, 6.74786448e-01, 6.74446533e+02, 1.41585236e+02,
       5.47424674e-01, 6.93955872e+02, 1.78812302e+02, 7.90637851e-01,
       8.21346863e+02, 3.74702026e+02, 6.00576282e-01, 6.99922058e+02,
       4.33537537e+02, 7.46572554e-01, 5.99976440e+02, 3.98236877e+02,
       8.30922961e-01, 5.13775269e+02, 3.11986542e+02, 2.41429701e-01,
       5.11845825e+02, 2.68873016e+02, 2.76071489e-01, 3.51224670e+02,
       2.59137817e+02, 5.77619970e-01, 1.43516815e+02, 2.74773468e+02,
       3.49429876e-01, 5.21607422e+02, 3.55106140e+02, 3.16189378e-01,
       3.64917877e+02, 3.84450897e+02, 2.55903363e-01, 1.47453156e+02,
       3.51209473e+02, 9.18809399e-02, 9.35033875e+02, 2.41527740e+02,
       8.25440466e-01, 9.48753906e+02, 2.78731232e+02, 8.34488213e-01,
       9.05655029e+02, 2.23856140e+02, 5.05946994e-01, 9.36979187e+02,
       3.06106415e+02, 2.45628029e-01, 9.84404144e+01, 3.33570007e+02,
       7.05777928e-02, 0., 0., 0., 1.51362762e+02, 3.51168335e+02,
       9.27894786e-02, 1.00377373e+02, 2.78692902e+02, 1.84286118e-01,
       1.00463379e+02, 2.70874268e+02, 1.84452012e-01, 1.23914871e+02,
       2.80637238e+02, 2.25225061e-01 ]
