%YAML:1.0
---
pose_0: !!opencv-matrix
   rows: 1
   cols: 25
   dt: "3f"
   data: [ 8.99797180e+02, 4.51141846e+02, 8.46728683e-01,
       8.35039368e+02, 4.31525818e+02, 7.31283486e-01, 8.36992737e+02,
       3.74671692e+02, 5.17512679e-01, 9.33089661e+02, 3.41400116e+02,
       8.51951838e-01, 9.80054382e+02, 4.39325958e+02, 7.83125281e-01,
       8.37082825e+02, 4.78520081e+02, 6.71660542e-01, 8.48778381e+02,
       5.54857239e+02, 8.22475493e-01, 7.93988647e+02, 4.64855652e+02,
       8.20130706e-01, 6.05858521e+02, 4.78496796e+02, 2.44537547e-01,
       6.15635315e+02, 4.31525909e+02, 2.45835572e-01, 5.68638062e+02,
       4.04096954e+02, 3.95544589e-01, 4.09947784e+02, 4.43240234e+02,
       2.01194957e-01, 6.03890381e+02, 5.13800415e+02, 3.05401057e-01,
       4.21707092e+02, 5.25531067e+02, 2.61557817e-01, 0., 0., 0.,
       9.05582886e+02, 4.29598389e+02, 8.59752178e-01, 9.17403259e+02,
       4.53040253e+02, 8.11694264e-01, 8.87962463e+02, 3.98168274e+02,
       4.92324084e-01, 0., 0., 0., 0., 0., 0., 0., 0., 0., 0., 0., 0.,
       0., 0., 0., 0., 0., 0., 0., 0., 0. ]
