%YAML:1.0
---
pose_0: !!opencv-matrix
   rows: 1
   cols: 25
   dt: "3f"
   data: [ 8.95787964e+02, 3.41413849e+02, 7.42567062e-01,
       7.86134521e+02, 3.47256531e+02, 6.69671357e-01, 7.74259399e+02,
       2.72849548e+02, 6.95736587e-01, 6.50925049e+02, 2.10132645e+02,
       8.53165984e-01, 7.25411194e+02, 2.14006241e+02, 8.50486279e-01,
       7.93922058e+02, 4.23676544e+02, 6.02763116e-01, 6.84208435e+02,
       4.96129211e+02, 8.22061300e-01, 7.91987183e+02, 4.80530823e+02,
       8.19515228e-01, 5.23596985e+02, 3.68807434e+02, 3.34101111e-01,
       5.21639099e+02, 3.25739349e+02, 3.50835264e-01, 3.41401703e+02,
       3.45328156e+02, 3.50073248e-01, 1.53290405e+02, 3.51211609e+02,
       5.65969869e-02, 5.27526672e+02, 4.15801147e+02, 3.61078352e-01,
       3.57070953e+02, 4.74607147e+02, 3.23192298e-01, 1.80786148e+02,
       5.19640137e+02, 3.06741446e-01, 9.01681702e+02, 3.21782318e+02,
       8.83747458e-01, 9.05625488e+02, 3.57104340e+02, 7.70906210e-01,
       8.74311768e+02, 2.98290283e+02, 6.51077390e-01, 8.99716431e+02,
       3.78557465e+02, 1.99117690e-01, 1.25859581e+02, 5.74511169e+02,
       1.74713045e-01, 1.31700256e+02, 5.72631348e+02, 1.81768283e-01,
       0., 0., 0., 0., 0., 0., 0., 0., 0., 0., 0., 0. ]
