%YAML:1.0
---
pose_0: !!opencv-matrix
   rows: 1
   cols: 25
   dt: "3f"
   data: [ 9.13462158e+02, 2.84521301e+02, 7.64554262e-01,
       8.03684998e+02, 2.94358337e+02, 6.52223468e-01, 7.92032288e+02,
       2.17948380e+02, 6.92466617e-01, 6.86191345e+02, 1.65025497e+02,
       8.01399052e-01, 5.96080994e+02, 1.51358200e+02, 8.12084317e-01,
       8.07696533e+02, 3.68835022e+02, 6.75460219e-01, 6.96049927e+02,
       4.11870605e+02, 8.23675394e-01, 6.80391785e+02, 3.21858002e+02,
       8.11504304e-01, 5.21620178e+02, 3.10037079e+02, 2.14273885e-01,
       5.25557861e+02, 2.72843170e+02, 2.15343803e-01, 3.43369598e+02,
       2.61044739e+02, 4.53255236e-01, 1.31709808e+02, 2.57103821e+02,
       2.65869379e-01, 5.11848511e+02, 3.53141510e+02, 1.56880289e-01,
       3.55086823e+02, 3.61001221e+02, 2.09422082e-01, 1.61119736e+02,
       3.53124664e+02, 4.46391225e-01, 9.17418640e+02, 2.63027161e+02,
       8.56935382e-01, 9.23246765e+02, 3.00270447e+02, 7.79266894e-01,
       8.88029419e+02, 2.43406754e+02, 5.22589982e-01, 9.07592957e+02,
       3.21741882e+02, 4.43034351e-01, 9.84011383e+01, 3.86453003e+02,
       2.41596594e-01, 1.02408600e+02, 3.88419067e+02, 2.49837697e-01,
       1.33725372e+02, 3.41394501e+02, 1.98270380e-01, 1.04311920e+02,
       2.51282089e+02, 1.15958750e-01, 1.04382538e+02, 2.47366516e+02,
       1.29503980e-01, 0., 0., 0. ]
