%YAML:1.0
---
pose_0: !!opencv-matrix
   rows: 1
   cols: 25
   dt: "3f"
   data: [ 8.84070618e+02, 4.00165558e+02, 7.94654548e-01,
       7.88096313e+02, 4.02143585e+02, 6.94912612e-01, 7.74340942e+02,
       3.27694611e+02, 6.89658761e-01, 6.58733521e+02, 2.70873505e+02,
       7.72890449e-01, 7.07758423e+02, 2.66928650e+02, 7.67140746e-01,
       7.92062256e+02, 4.70672333e+02, 5.72211862e-01, 6.68636230e+02,
       5.54877258e+02, 8.05866838e-01, 7.72406860e+02, 5.17742371e+02,
       7.62815833e-01, 5.31426453e+02, 4.62858856e+02, 3.31025302e-01,
       5.27505920e+02, 4.13839264e+02, 4.19338256e-01, 3.37476288e+02,
       4.00193054e+02, 5.77092946e-01, 1.65066513e+02, 3.64922791e+02,
       8.60912800e-02, 5.47093689e+02, 5.05921265e+02, 4.02869880e-01,
       3.82555664e+02, 5.09844727e+02, 2.03692436e-01, 1.68988266e+02,
       5.33380005e+02, 1.82717890e-01, 8.97753418e+02, 3.84520752e+02,
       8.67871046e-01, 8.97805542e+02, 4.17775970e+02, 7.62269735e-01,
       8.74251282e+02, 3.66831268e+02, 6.27069592e-01, 8.85967529e+02,
       4.45256500e+02, 4.62287337e-01, 1.43515564e+02, 5.15741455e+02,
       8.80108103e-02, 1.45430374e+02, 5.23546326e+02, 1.04451403e-01,
       0., 0., 0., 0., 0., 0., 0., 0., 0., 0., 0., 0. ]
