%YAML:1.0
---
pose_0: !!opencv-matrix
   rows: 1
   cols: 25
   dt: "3f"
   data: [ 9.21262573e+02, 3.82496002e+02, 8.11607599e-01,
       8.35030457e+02, 4.27620300e+02, 6.77078187e-01, 8.05752625e+02,
       3.82509735e+02, 6.15312338e-01, 0., 0., 0., 0., 0., 0.,
       8.54610046e+02, 4.76615662e+02, 6.55936003e-01, 7.92011597e+02,
       4.56935303e+02, 6.68532372e-01, 7.76366394e+02, 3.15920166e+02,
       7.62683749e-01, 5.76488098e+02, 4.58944061e+02, 1.64164409e-01,
       5.80414734e+02, 4.15838226e+02, 2.55843341e-01, 3.57093567e+02,
       3.82550964e+02, 5.47835112e-01, 1.70957611e+02, 3.82483002e+02,
       2.64646471e-01, 5.56876648e+02, 5.00098022e+02, 1.71092361e-01,
       3.64897797e+02, 5.50982727e+02, 4.31906611e-01, 1.88563705e+02,
       6.19637939e+02, 1.53801844e-01, 9.29132629e+02, 3.66879608e+02,
       8.63102794e-01, 9.35037598e+02, 3.98192780e+02, 8.66721928e-01,
       8.99734863e+02, 3.62907074e+02, 2.84614921e-01, 9.25233459e+02,
       4.31433716e+02, 7.43877113e-01, 0., 0., 0., 0., 0., 0., 0., 0.,
       0., 1.33694931e+02, 3.39402618e+02, 9.98014659e-02,
       1.33740265e+02, 3.39456940e+02, 8.14883560e-02, 0., 0., 0. ]
