%YAML:1.0
---
pose_0: !!opencv-matrix
   rows: 1
   cols: 25
   dt: "3f"
   data: [ 9.11468445e+02, 4.47120758e+02, 7.97075510e-01,
       8.05671204e+02, 4.53048737e+02, 6.58639789e-01, 7.90027283e+02,
       3.78574677e+02, 7.14281321e-01, 6.68615723e+02, 3.35525848e+02,
       8.27596188e-01, 7.41067749e+02, 3.00221039e+02, 8.36710751e-01,
       8.09646301e+02, 5.29482910e+02, 5.68815887e-01, 6.80336182e+02,
       5.86232971e+02, 8.29595447e-01, 7.93950195e+02, 5.72668945e+02,
       8.00374985e-01, 5.70605835e+02, 4.47170135e+02, 2.29486257e-01,
       5.72576355e+02, 4.08011841e+02, 3.87688696e-01, 4.47173126e+02,
       3.98216003e+02, 5.11756763e-02, 0., 0., 0., 5.52951538e+02,
       5.05958313e+02, 2.45488584e-01, 3.78586487e+02, 4.92228699e+02,
       3.26574922e-01, 3.66904602e+02, 4.86362030e+02, 7.46783242e-02,
       9.17346191e+02, 4.25617035e+02, 8.48293245e-01, 9.23253479e+02,
       4.62767609e+02, 8.11051548e-01, 8.89938049e+02, 4.00088806e+02,
       6.91988349e-01, 9.15444031e+02, 4.78563324e+02, 2.47844249e-01,
       0., 0., 0., 0., 0., 0., 0., 0., 0., 0., 0., 0., 0., 0., 0., 0.,
       0., 0. ]
