%YAML:1.0
---
pose_0: !!opencv-matrix
   rows: 1
   cols: 25
   dt: "3f"
   data: [ 9.68324524e+02, 2.61102875e+02, 7.35687554e-01,
       8.46815552e+02, 3.19791626e+02, 6.67349398e-01, 8.07620728e+02,
       2.57150574e+02, 6.27123713e-01, 7.15567322e+02, 2.72745758e+02,
       4.07369971e-01, 6.31354431e+02, 2.43448196e+02, 3.67987812e-01,
       8.80173035e+02, 3.84514069e+02, 6.59632087e-01, 7.44911682e+02,
       4.51094025e+02, 7.88364887e-01, 6.52884033e+02, 3.19854370e+02,
       5.67537785e-01, 5.58851074e+02, 3.82512085e+02, 1.43296301e-01,
       5.68632874e+02, 3.29640198e+02, 1.31166697e-01, 3.10058380e+02,
       3.51209045e+02, 1.85100287e-01, 1.37627060e+02, 3.84532196e+02,
       2.80535609e-01, 5.72569397e+02, 4.13890015e+02, 1.39894769e-01,
       3.37471893e+02, 2.19927917e+02, 7.07410932e-01, 1.74884094e+02,
       3.17874115e+02, 5.64837217e-01, 9.78017090e+02, 2.47323944e+02,
       7.76355088e-01, 9.87876892e+02, 2.88380493e+02, 8.08393300e-01,
       0., 0., 0., 9.62420105e+02, 3.31542755e+02, 7.10329473e-01,
       1.21952576e+02, 2.59089447e+02, 2.89987653e-01, 1.20011002e+02,
       2.66933472e+02, 2.66430289e-01, 1.59194519e+02, 3.35464081e+02,
       5.09917855e-01, 8.27904053e+01, 3.68842651e+02, 1.06581934e-01,
       8.46918488e+01, 3.68784332e+02, 1.04035459e-01, 1.16091568e+02,
       3.92327789e+02, 1.52831823e-01 ]
