%YAML:1.0
---
pose_0: !!opencv-matrix
   rows: 1
   cols: 25
   dt: "3f"
   data: [ 1.01730316e+03, 3.49207184e+02, 1.71827510e-01,
       9.17393921e+02, 3.17849518e+02, 1.91186816e-01, 9.29132507e+02,
       2.64962524e+02, 1.78015754e-01, 9.01637512e+02, 1.80750458e+02,
       7.48956680e-01, 9.70300171e+02, 2.68864380e+02, 6.87122166e-01,
       8.84099121e+02, 3.53141510e+02, 7.29248375e-02, 9.01679443e+02,
       4.58958252e+02, 4.54094201e-01, 9.80076111e+02, 4.11878967e+02,
       5.75048745e-01, 0., 0., 0., 0., 0., 0., 0., 0., 0., 0., 0., 0.,
       0., 0., 0., 0., 0., 0., 0., 0., 0., 1.04273779e+03,
       3.06177704e+02, 1.64130941e-01, 1.05844507e+03, 3.43318756e+02,
       1.37897179e-01, 1.02704260e+03, 2.90458405e+02, 1.34452850e-01,
       0., 0., 0., 0., 0., 0., 0., 0., 0., 0., 0., 0., 0., 0., 0., 0.,
       0., 0., 0., 0., 0. ]
