%YAML:1.0
---
pose_0: !!opencv-matrix
   rows: 1
   cols: 25
   dt: "3f"
   data: [ 9.78048767e+02, 2.92414642e+02, 8.32076490e-01,
       8.54656433e+02, 3.08131744e+02, 6.30118012e-01, 8.39014099e+02,
       2.19931549e+02, 6.38897479e-01, 7.11715393e+02, 1.80829132e+02,
       7.47250795e-01, 6.03984192e+02, 1.63032516e+02, 8.28121185e-01,
       8.64494385e+02, 4.02109619e+02, 5.34334898e-01, 7.27276306e+02,
       4.76511993e+02, 6.56217098e-01, 6.01951233e+02, 5.41222046e+02,
       7.30709374e-01, 6.13699402e+02, 3.25733459e+02, 1.38297662e-01,
       6.03914001e+02, 2.86523376e+02, 2.12367743e-01, 4.06056641e+02,
       3.02193634e+02, 9.04622674e-02, 3.41415436e+02, 3.19861389e+02,
       6.02970719e-02, 5.99987793e+02, 3.98199524e+02, 8.50626677e-02,
       4.84418793e+02, 4.13845154e+02, 9.90773365e-02, 3.64913483e+02,
       4.51082794e+02, 7.20264986e-02, 9.82000244e+02, 2.70820374e+02,
       8.54082465e-01, 9.93774597e+02, 3.06176849e+02, 8.56607437e-01,
       9.54562439e+02, 2.41437164e+02, 6.06430411e-01, 9.80101318e+02,
       3.31562561e+02, 1.98415175e-01, 0., 0., 0., 0., 0., 0., 0., 0.,
       0., 0., 0., 0., 0., 0., 0., 0., 0., 0. ]
