%YAML:1.0
---
pose_0: !!opencv-matrix
   rows: 1
   cols: 25
   dt: "3f"
   data: [ 8.85985962e+02, 2.86536621e+02, 7.54395008e-01,
       7.92087097e+02, 2.86473572e+02, 6.86837852e-01, 8.01737061e+02,
       2.06195206e+02, 6.80800080e-01, 6.97956726e+02, 1.31783112e+02,
       7.74294794e-01, 6.80234741e+02, 1.78730774e+02, 7.16086030e-01,
       7.90054138e+02, 3.59008820e+02, 6.16709948e-01, 7.11659851e+02,
       4.31584625e+02, 7.98565805e-01, 6.41121338e+02, 5.00076813e+02,
       4.36570227e-01, 5.27528442e+02, 2.88478394e+02, 3.07665378e-01,
       5.39250244e+02, 2.31705566e+02, 3.61492097e-01, 3.78629730e+02,
       2.33666809e+02, 3.44311684e-01, 2.00328186e+02, 2.39488602e+02,
       4.59455371e-01, 5.25586853e+02, 3.33506042e+02, 4.19095814e-01,
       3.57086578e+02, 3.23809540e+02, 5.81550717e-01, 1.63084518e+02,
       3.25736755e+02, 4.82369602e-01, 8.97812073e+02, 2.66899078e+02,
       8.26523423e-01, 8.99662781e+02, 3.04129425e+02, 7.93373227e-01,
       8.76261597e+02, 2.43390091e+02, 4.49468762e-01, 8.87966492e+02,
       3.21844238e+02, 2.30415702e-01, 9.84412918e+01, 3.51171478e+02,
       3.92124295e-01, 1.08255394e+02, 3.55106537e+02, 4.05958444e-01,
       1.47431870e+02, 3.13973602e+02, 2.24666461e-01, 1.33724625e+02,
       1.96375793e+02, 2.46584535e-01, 1.33746658e+02, 1.96387390e+02,
       2.11043537e-01, 1.88576614e+02, 2.43437515e+02, 2.79771745e-01 ]
