%YAML:1.0
---
pose_0: !!opencv-matrix
   rows: 1
   cols: 25
   dt: "3f"
   data: [ 9.31079163e+02, 3.08105286e+02, 7.90847957e-01,
       8.21342896e+02, 3.64875549e+02, 6.18631482e-01, 7.95928406e+02,
       3.15897156e+02, 3.66534084e-01, 0., 0., 0., 0., 0., 0.,
       8.27263367e+02, 4.09928711e+02, 5.91042399e-01, 6.97977905e+02,
       4.66801117e+02, 6.80359602e-01, 5.86253723e+02, 3.66918762e+02,
       7.72998452e-01, 5.41218201e+02, 4.08008820e+02, 1.40589714e-01,
       5.43172913e+02, 3.78611053e+02, 1.94578186e-01, 3.41382416e+02,
       3.35552826e+02, 4.94299769e-01, 1.78757965e+02, 4.11932892e+02,
       2.82268584e-01, 5.29480835e+02, 4.49131866e+02, 1.32492438e-01,
       3.39445526e+02, 3.37495392e+02, 1.30696625e-01, 1.68996887e+02,
       4.13890503e+02, 1.93603247e-01, 9.44780457e+02, 3.04084442e+02,
       7.85382271e-01, 9.48657776e+02, 3.33565399e+02, 8.79044890e-01,
       0., 0., 0., 9.29091431e+02, 3.74712799e+02, 7.17467904e-01, 0.,
       0., 0., 0., 0., 0., 1.55274017e+02, 4.29573547e+02,
       1.51378304e-01, 1.47449020e+02, 3.76657684e+02, 5.07264473e-02,
       0., 0., 0., 0., 0., 0. ]
