%YAML:1.0
---
pose_0: !!opencv-matrix
   rows: 1
   cols: 25
   dt: "3f"
   data: [ 9.60425781e+02, 1.00341606e+02, 6.17835522e-01,
       8.58589355e+02, 1.63150940e+02, 6.25289321e-01, 8.23369263e+02,
       1.00383224e+02, 5.16528487e-01, 6.97943115e+02, 1.00378166e+02,
       1.13050953e-01, 5.56925293e+02, 7.29922180e+01, 1.07383192e-01,
       8.86012512e+02, 2.27757172e+02, 5.77646554e-01, 7.45028748e+02,
       3.43358368e+02, 6.18458331e-01, 5.70614563e+02, 4.25653656e+02,
       6.74665809e-01, 6.05877441e+02, 2.10124832e+02, 8.62983838e-02,
       5.68641846e+02, 1.65089905e+02, 6.75647110e-02, 2.74823273e+02,
       2.68893250e+02, 1.56310007e-01, 2.12071350e+02, 3.64887207e+02,
       3.79040360e-01, 6.27418640e+02, 2.59076050e+02, 8.44775140e-02,
       2.76723541e+02, 2.66915436e+02, 8.92048255e-02, 2.12077484e+02,
       3.64841156e+02, 1.86231598e-01, 9.76127747e+02, 7.49678268e+01,
       4.14582193e-01, 9.80096008e+02, 1.21953453e+02, 8.09265554e-01,
       9.46784729e+02, 5.73405762e+01, 1.13412783e-01, 9.64363281e+02,
       1.63177856e+02, 5.89573622e-01, 1.47458420e+02, 3.66808044e+02,
       1.00684814e-01, 1.61126587e+02, 3.80555054e+02, 1.23356536e-01,
       2.25798157e+02, 3.80585236e+02, 1.54745400e-01, 1.51341873e+02,
       3.76664612e+02, 1.68118849e-01, 1.51350922e+02, 3.70784576e+02,
       1.58249676e-01, 2.25767609e+02, 3.80555115e+02, 2.77843475e-01 ]
