%YAML:1.0
---
pose_0: !!opencv-matrix
   rows: 1
   cols: 25
   dt: "3f"
   data: [ 8.84027100e+02, 3.68862122e+02, 8.32888961e-01,
       7.76333252e+02, 3.74673309e+02, 7.15231538e-01, 7.60710876e+02,
       3.00268951e+02, 6.59714282e-01, 6.50927612e+02, 2.43530090e+02,
       8.38537097e-01, 7.37107666e+02, 2.57177673e+02, 8.29881430e-01,
       7.88093567e+02, 4.47260406e+02, 6.42671287e-01, 6.80220947e+02,
       5.29454407e+02, 7.97135711e-01, 7.78257690e+02, 5.07960846e+02,
       8.20918679e-01, 5.27533020e+02, 4.29550476e+02, 2.75308371e-01,
       5.27524841e+02, 3.84524200e+02, 3.21340054e-01, 0., 0., 0., 0.,
       0., 0., 5.33402832e+02, 4.76588074e+02, 3.49380434e-01,
       3.68856232e+02, 5.02014526e+02, 3.62556815e-01, 1.72890549e+02,
       5.39247925e+02, 2.90862501e-01, 8.93846008e+02, 3.51190002e+02,
       8.67452741e-01, 8.99676697e+02, 3.84506104e+02, 8.07189822e-01,
       8.68416260e+02, 3.25753754e+02, 6.51115775e-01, 8.80140137e+02,
       4.04100922e+02, 2.49037445e-01, 1.19996269e+02, 5.58861145e+02,
       8.07168782e-02, 0., 0., 0., 1.49421005e+02, 5.25593018e+02,
       1.49190784e-01, 0., 0., 0., 0., 0., 0., 0., 0., 0. ]
