%YAML:1.0
---
pose_0: !!opencv-matrix
   rows: 1
   cols: 25
   dt: "3f"
   data: [ 9.30996399e+02, 3.70773865e+02, 8.05285275e-01,
       8.07668030e+02, 3.90346771e+02, 6.99105203e-01, 7.95935730e+02,
       3.17905731e+02, 6.87186539e-01, 6.66558655e+02, 3.02152039e+02,
       6.36613727e-01, 5.58893005e+02, 3.06055908e+02, 6.87027216e-01,
       8.19388367e+02, 4.66760712e+02, 5.86235344e-01, 6.86196289e+02,
       5.37229980e+02, 6.81562185e-01, 5.88279236e+02, 4.88354584e+02,
       7.95431733e-01, 5.37282593e+02, 4.15836426e+02, 2.23252222e-01,
       5.37272461e+02, 3.66889191e+02, 3.68782520e-01, 3.62927582e+02,
       3.90376770e+02, 2.90836036e-01, 1.65088730e+02, 5.00064880e+02,
       2.47373536e-01, 5.31428162e+02, 4.60860718e+02, 1.79407820e-01,
       3.84542145e+02, 4.90252136e+02, 9.36011672e-02, 0., 0., 0.,
       9.37011475e+02, 3.55125305e+02, 8.53271782e-01, 9.44754150e+02,
       3.86495300e+02, 8.09525669e-01, 9.15467834e+02, 3.37489655e+02,
       4.70757067e-01, 9.19301575e+02, 4.13919739e+02, 6.71298027e-01,
       0., 0., 0., 0., 0., 0., 0., 0., 0., 9.06177979e+01,
       5.09909943e+02, 1.44559562e-01, 9.25622635e+01, 5.07939392e+02,
       1.25153393e-01, 1.67009628e+02, 5.03968109e+02, 1.82318702e-01 ]
