%YAML:1.0
---
pose_0: !!opencv-matrix
   rows: 1
   cols: 25
   dt: "3f"
   data: [ 8.97792236e+02, 4.45278961e+02, 8.30740929e-01,
       8.03714600e+02, 4.35431732e+02, 6.97597444e-01, 7.95943054e+02,
       3.64848785e+02, 6.42075181e-01, 7.13640930e+02, 2.74704590e+02,
       8.64755034e-01, 6.56834412e+02, 3.66861664e+02, 8.36894155e-01,
       8.07594055e+02, 5.09849304e+02, 6.98525548e-01, 7.19496460e+02,
       5.82336121e+02, 7.69793212e-01, 6.39161194e+02, 5.66686401e+02,
       7.71783769e-01, 5.41207092e+02, 4.68711914e+02, 1.64376542e-01,
       5.37292358e+02, 4.29512726e+02, 1.65709883e-01, 3.84488586e+02,
       4.39370087e+02, 6.42714426e-02, 0., 0., 0., 5.54916443e+02,
       5.07930603e+02, 1.74237981e-01, 0., 0., 0., 0., 0., 0.,
       9.03688416e+02, 4.23702423e+02, 7.95360148e-01, 9.11526489e+02,
       4.58872589e+02, 7.77686715e-01, 8.82081421e+02, 3.98255157e+02,
       6.28077865e-01, 8.99700684e+02, 4.76500366e+02, 6.05626665e-02,
       0., 0., 0., 0., 0., 0., 0., 0., 0., 0., 0., 0., 0., 0., 0., 0.,
       0., 0. ]
