%YAML:1.0
---
pose_0: !!opencv-matrix
   rows: 1
   cols: 25
   dt: "3f"
   data: [ 1.15043518e+03, 1.78720673e+02, 4.58638340e-01,
       9.64436279e+02, 1.74888351e+02, 3.81321013e-01, 1.00163965e+03,
       2.41442337e+02, 3.75841945e-01, 1.01730377e+03, 3.39438080e+02,
       3.82435709e-01, 1.15242798e+03, 2.25752625e+02, 3.93696249e-01,
       9.29110901e+02, 1.08255844e+02, 1.67062044e-01, 0., 0., 0., 0.,
       0., 0., 0., 0., 0., 0., 0., 0., 0., 0., 0., 0., 0., 0., 0., 0.,
       0., 0., 0., 0., 0., 0., 0., 1.15251013e+03, 1.18003868e+02,
       5.87988138e-01, 1.17992310e+03, 1.72902603e+02, 2.77204871e-01,
       1.11523914e+03, 7.10464706e+01, 9.56587866e-02, 0., 0., 0., 0.,
       0., 0., 0., 0., 0., 0., 0., 0., 0., 0., 0., 0., 0., 0., 0., 0.,
       0. ]
