%YAML:1.0
---
pose_0: !!opencv-matrix
   rows: 1
   cols: 25
   dt: "3f"
   data: [ 8.97708130e+02, 3.96236359e+02, 7.93281198e-01,
       7.90027771e+02, 3.70793121e+02, 7.07617700e-01, 7.80254944e+02,
       2.96327209e+02, 6.36231422e-01, 6.51023132e+02, 2.43513031e+02,
       8.08027029e-01, 7.35193542e+02, 2.68898834e+02, 7.17181921e-01,
       7.90011719e+02, 4.47157349e+02, 6.47660971e-01, 6.80349915e+02,
       5.21617065e+02, 8.07237625e-01, 7.80255920e+02, 5.33397278e+02,
       7.32956409e-01, 5.35359802e+02, 4.47139923e+02, 3.11712235e-01,
       5.37280090e+02, 3.98193878e+02, 3.80214483e-01, 3.35500977e+02,
       3.94290741e+02, 3.17013621e-01, 0., 0., 0., 5.43187378e+02,
       4.90235718e+02, 3.71330738e-01, 3.68814667e+02, 5.05910004e+02,
       2.46501192e-01, 1.80721298e+02, 5.29456116e+02, 7.72388130e-02,
       9.11470276e+02, 3.68906342e+02, 8.15846622e-01, 9.09545105e+02,
       4.00211884e+02, 7.95930326e-01, 8.84151917e+02, 3.33558868e+02,
       8.79271626e-01, 0., 0., 0., 1.47493820e+02, 5.11868713e+02,
       8.73488113e-02, 0., 0., 0., 0., 0., 0., 0., 0., 0., 0., 0., 0.,
       0., 0., 0. ]
