%YAML:1.0
---
pose_0: !!opencv-matrix
   rows: 1
   cols: 25
   dt: "3f"
   data: [ 9.44788086e+02, 2.43348297e+02, 7.18218386e-01,
       8.52730957e+02, 2.90489990e+02, 5.20022511e-01, 8.44912231e+02,
       2.57149811e+02, 1.62327111e-01, 0., 0., 0., 0., 0., 0.,
       8.54713318e+02, 3.29611572e+02, 5.12596786e-01, 7.70445557e+02,
       2.90441864e+02, 7.38252580e-01, 8.54739807e+02, 1.92466019e+02,
       8.08524489e-01, 6.27418396e+02, 3.35500946e+02, 1.76338434e-01,
       6.03931702e+02, 3.04109894e+02, 1.96778536e-01, 2.80641510e+02,
       3.66829254e+02, 1.49469420e-01, 1.33744293e+02, 3.53130066e+02,
       2.79028207e-01, 6.50942505e+02, 3.66853638e+02, 1.42664582e-01,
       3.49202942e+02, 3.21871216e+02, 1.14890419e-01, 0., 0., 0.,
       9.54629822e+02, 2.37560852e+02, 6.55172408e-01, 9.62361755e+02,
       2.61091827e+02, 8.38695824e-01, 9.33055969e+02, 2.27697571e+02,
       6.52060434e-02, 9.40909668e+02, 3.08126312e+02, 7.97317624e-01,
       0., 0., 0., 0., 0., 0., 0., 0., 0., 0., 0., 0., 0., 0., 0., 0.,
       0., 0. ]
