%YAML:1.0
---
pose_0: !!opencv-matrix
   rows: 1
   cols: 25
   dt: "3f"
   data: [ 9.01676331e+02, 2.43486374e+02, 7.96030641e-01,
       8.40990295e+02, 3.27700867e+02, 5.28451264e-01, 8.48815552e+02,
       3.45320465e+02, 3.70901167e-01, 7.43002625e+02, 2.96324432e+02,
       1.46082208e-01, 0., 0., 0., 8.42935791e+02, 3.33544281e+02,
       4.85953927e-01, 7.23391296e+02, 2.55181778e+02, 5.31479895e-01,
       8.41031433e+02, 1.92525040e+02, 6.60142660e-01, 5.96087219e+02,
       3.31590240e+02, 2.10795566e-01, 5.92149292e+02, 3.04169250e+02,
       1.95835322e-01, 3.43349396e+02, 3.15919434e+02, 1.65232599e-01,
       9.25865479e+01, 4.15861298e+02, 5.25417067e-02, 6.11743408e+02,
       3.59016754e+02, 1.07177071e-01, 0., 0., 0., 0., 0., 0.,
       9.17450562e+02, 2.43442810e+02, 1.12765409e-01, 9.21299866e+02,
       2.57104553e+02, 8.37924361e-01, 0., 0., 0., 9.17366516e+02,
       3.15951447e+02, 7.90110052e-01, 0., 0., 0., 0., 0., 0., 0., 0.,
       0., 5.34159470e+01, 4.47251099e+02, 1.62573308e-01,
       5.53104515e+01, 4.45248749e+02, 1.59934476e-01, 0., 0., 0. ]
