%YAML:1.0
---
pose_0: !!opencv-matrix
   rows: 1
   cols: 25
   dt: "3f"
   data: [ 9.60431091e+02, 2.88555420e+02, 8.08115721e-01,
       8.37026489e+02, 3.04153015e+02, 6.66806161e-01, 8.25281372e+02,
       2.19946899e+02, 6.35777891e-01, 6.96000916e+02, 1.61081146e+02,
       7.97984600e-01, 6.84231323e+02, 1.96439148e+02, 8.32647562e-01,
       8.50757568e+02, 3.92349304e+02, 5.27311325e-01, 7.23422363e+02,
       5.05942169e+02, 7.53266335e-01, 8.25252441e+02, 3.68885406e+02,
       7.74815381e-01, 5.51023071e+02, 2.96333130e+02, 1.90801039e-01,
       5.51010315e+02, 2.49311493e+02, 2.88082033e-01, 3.68823212e+02,
       2.55155624e+02, 1.96721852e-01, 1.59184662e+02, 2.92386749e+02,
       9.29228440e-02, 5.49054810e+02, 3.53106232e+02, 1.79359555e-01,
       3.53117462e+02, 3.76641266e+02, 2.26724520e-01, 1.31763000e+02,
       3.53120758e+02, 2.77327955e-01, 9.66423645e+02, 2.61045837e+02,
       8.10278118e-01, 9.78164429e+02, 3.08069031e+02, 8.29909921e-01,
       9.40875061e+02, 2.39509476e+02, 5.13317287e-01, 9.72244202e+02,
       3.37377930e+02, 7.84522817e-02, 8.08396606e+01, 3.49237915e+02,
       5.89374304e-02, 0., 0., 0., 1.10205803e+02, 3.43343414e+02,
       1.46448284e-01, 0., 0., 0., 0., 0., 0., 0., 0., 0. ]
