%YAML:1.0
---
pose_0: !!opencv-matrix
   rows: 1
   cols: 25
   dt: "3f"
   data: [ 8.97795837e+02, 3.88450134e+02, 8.33082736e-01,
       8.09675415e+02, 4.33509857e+02, 4.38093692e-01, 7.90055969e+02,
       4.06052551e+02, 2.66628355e-01, 0., 0., 0., 0., 0., 0.,
       8.35027100e+02, 4.76545105e+02, 5.98814845e-01, 8.19350952e+02,
       4.17823242e+02, 5.47759771e-01, 8.05700745e+02, 3.51177826e+02,
       8.24624002e-01, 6.11729675e+02, 4.55031738e+02, 1.79603234e-01,
       5.90198792e+02, 4.31539856e+02, 2.03973234e-01, 3.41399628e+02,
       4.17784180e+02, 2.65038580e-01, 1.65072769e+02, 4.29490784e+02,
       3.09102654e-01, 6.25456421e+02, 4.88315247e+02, 1.06244646e-01,
       3.51142334e+02, 4.23646881e+02, 2.43512928e-01, 1.94454483e+02,
       4.27602661e+02, 1.67404085e-01, 9.01702759e+02, 3.74695801e+02,
       8.89294028e-01, 9.13487549e+02, 4.04057312e+02, 8.22496355e-01,
       8.82121094e+02, 3.66807373e+02, 2.84950912e-01, 8.99710999e+02,
       4.35398102e+02, 6.03442967e-01, 0., 0., 0., 0., 0., 0., 0., 0.,
       0., 1.47397171e+02, 4.47182800e+02, 7.68645853e-02,
       1.47401779e+02, 4.45131104e+02, 7.66322240e-02, 1.49407288e+02,
       4.37363556e+02, 2.10104674e-01 ]
