%YAML:1.0
---
pose_0: !!opencv-matrix
   rows: 1
   cols: 25
   dt: "3f"
   data: [ 1.07219055e+03, 1.10196838e+02, 3.10013443e-01,
       9.21304565e+02, 1.70956177e+02, 3.78555119e-01, 8.84102661e+02,
       1.04355301e+02, 2.76257783e-01, 8.35087830e+02, 2.60046062e+01,
       1.66425437e-01, 0., 0., 0., 9.54576843e+02, 2.27773941e+02,
       2.28060365e-01, 9.52628113e+02, 3.19884186e+02, 1.42905414e-01,
       1.07212512e+03, 2.00318649e+02, 1.46374106e-01, 0., 0., 0., 0.,
       0., 0., 0., 0., 0., 0., 0., 0., 0., 0., 0., 0., 0., 0., 0., 0.,
       0., 0., 0., 0., 1.08976978e+03, 1.29808563e+02, 4.08663213e-01,
       1.02508923e+03, 1.00458603e+02, 7.45636001e-02, 1.06234802e+03,
       1.80829453e+02, 4.68235046e-01, 0., 0., 0., 0., 0., 0., 0., 0.,
       0., 0., 0., 0., 0., 0., 0., 0., 0., 0. ]
