%YAML:1.0
---
pose_0: !!opencv-matrix
   rows: 1
   cols: 25
   dt: "3f"
   data: [ 0., 0., 0., 7.86135010e+02, 1.21950272e+02, 5.07234752e-01,
       8.01778381e+02, 6.31776123e+01, 3.09284806e-01, 0., 0., 0., 0.,
       0., 0., 7.76281738e+02, 1.70952911e+02, 4.04605687e-01,
       8.50690613e+02, 1.78834167e+02, 7.29561448e-01, 8.54608032e+02,
       5.34192162e+01, 7.51830399e-01, 5.98024292e+02, 1.04342079e+02,
       1.63470820e-01, 5.98016785e+02, 6.91016541e+01, 1.93051368e-01,
       0., 0., 0., 0., 0., 0., 5.82368652e+02, 1.53312866e+02,
       1.73845023e-01, 4.21705536e+02, 1.68968460e+02, 5.53529970e-02,
       3.55107178e+02, 1.78686020e+02, 8.33762437e-02, 0., 0., 0., 0.,
       0., 0., 0., 0., 0., 0., 0., 0., 0., 0., 0., 0., 0., 0., 0., 0.,
       0., 0., 0., 0., 0., 0., 0., 0., 0., 0. ]
