%YAML:1.0
---
pose_0: !!opencv-matrix
   rows: 2
   cols: 25
   dt: "3f"
   data: [ 9.07592102e+02, 2.12138153e+02, 7.35242724e-01,
       8.52780029e+02, 2.72778229e+02, 5.97103536e-01, 8.35112366e+02,
       2.49283539e+02, 3.29174638e-01, 7.90056152e+02, 2.17981979e+02,
       5.12680672e-02, 0., 0., 0., 8.70373657e+02, 2.90482574e+02,
       5.63831151e-01, 7.90069946e+02, 2.31661423e+02, 4.95343268e-01,
       7.44906616e+02, 1.57249496e+02, 7.64592767e-01, 5.47109192e+02,
       3.33514557e+02, 2.41085276e-01, 5.43202759e+02, 2.92445831e+02,
       3.29704583e-01, 3.21823303e+02, 2.76720337e+02, 1.34292588e-01,
       8.67427292e+01, 3.74707062e+02, 3.88710618e-01, 5.45131531e+02,
       3.74709076e+02, 2.10873842e-01, 3.96248444e+02, 3.21826202e+02,
       8.36156830e-02, 8.27477646e+01, 3.74715881e+02, 1.45041078e-01,
       9.19371460e+02, 2.02326035e+02, 6.95962369e-01, 9.33041870e+02,
       2.29738388e+02, 8.51354241e-01, 0., 0., 0., 9.29095703e+02,
       2.82635681e+02, 8.05983543e-01, 5.14146156e+01, 4.13926270e+02,
       9.33183283e-02, 5.14531021e+01, 4.13924103e+02, 9.17860866e-02,
       5.14468842e+01, 3.86451202e+02, 1.46629229e-01, 4.75307503e+01,
       4.11935699e+02, 2.14959949e-01, 0., 0., 0., 7.09938965e+01,
       3.82544464e+02, 2.68177062e-01, 0., 0., 0., 0., 0., 0.,
       7.58653198e+02, 2.72750763e+02, 8.73840451e-02, 6.68599670e+02,
       2.72753967e+02, 5.09874821e-01, 6.94063293e+02, 1.82675827e+02,
       8.08271289e-01, 0., 0., 0., 0., 0., 0., 0., 0., 0., 0., 0., 0.,
       0., 0., 0., 0., 0., 0., 0., 0., 0., 0., 0., 0., 0., 0., 0., 0.,
       0., 0., 0., 0., 0., 0., 0., 0., 0., 0., 0., 0., 0., 0., 0., 0.,
       0., 0., 0., 0., 0., 0., 0., 0., 0., 0., 0., 0., 0., 0., 0., 0. ]
