%YAML:1.0
---
pose_0: !!opencv-matrix
   rows: 1
   cols: 25
   dt: "3f"
   data: [ 9.46774292e+02, 3.04069153e+02, 8.24044526e-01,
       8.52642273e+02, 3.27662201e+02, 6.56846881e-01, 8.23342712e+02,
       2.57186005e+02, 6.33351147e-01, 7.41061584e+02, 2.12069550e+02,
       2.74563313e-01, 7.11613525e+02, 1.92494659e+02, 4.32192326e-01,
       8.78200378e+02, 4.06042633e+02, 6.02942586e-01, 8.05617920e+02,
       4.82458466e+02, 6.70561135e-01, 7.19469421e+02, 5.86273560e+02,
       7.23644912e-01, 5.41213013e+02, 4.17815582e+02, 1.44356251e-01,
       5.27502441e+02, 3.66839386e+02, 1.57313794e-01, 3.21788940e+02,
       3.64909851e+02, 1.87097162e-01, 1.59206665e+02, 3.62899994e+02,
       8.64473209e-02, 5.47108398e+02, 4.64845642e+02, 1.56706750e-01,
       4.74615356e+02, 4.90257813e+02, 5.71349412e-02, 2.47352524e+02,
       6.58777466e+02, 1.27319753e-01, 9.56567200e+02, 2.74835693e+02,
       8.08552682e-01, 9.68350891e+02, 3.17859711e+02, 8.15972269e-01,
       9.35015747e+02, 2.47353760e+02, 6.98938489e-01, 9.64447327e+02,
       3.35456635e+02, 2.29105532e-01, 0., 0., 0., 0., 0., 0., 0., 0.,
       0., 0., 0., 0., 0., 0., 0., 0., 0., 0. ]
