%YAML:1.0
---
pose_0: !!opencv-matrix
   rows: 1
   cols: 25
   dt: "3f"
   data: [ 8.91876709e+02, 3.51151947e+02, 7.90592372e-01,
       7.78311951e+02, 3.60955292e+02, 6.88354850e-01, 7.62635864e+02,
       2.86528320e+02, 6.54657304e-01, 6.52855652e+02, 2.23804581e+02,
       7.80274749e-01, 7.31300415e+02, 2.41366760e+02, 8.34820032e-01,
       7.90078308e+02, 4.37397491e+02, 6.00275636e-01, 6.82319275e+02,
       5.13826477e+02, 7.93876767e-01, 7.92076233e+02, 4.94269287e+02,
       8.13925505e-01, 5.35327698e+02, 3.78623749e+02, 3.18809867e-01,
       5.29469360e+02, 3.33539429e+02, 4.06716943e-01, 3.57057220e+02,
       3.47241272e+02, 3.25683951e-01, 0., 0., 0., 5.39277222e+02,
       4.29521149e+02, 4.12390232e-01, 3.55109009e+02, 4.78485870e+02,
       4.96784121e-01, 1.80729355e+02, 5.35316711e+02, 4.28276300e-01,
       8.99729492e+02, 3.31555847e+02, 8.54009032e-01, 9.01737854e+02,
       3.66808746e+02, 7.98299313e-01, 8.70364807e+02, 3.08122009e+02,
       6.47727966e-01, 8.89936340e+02, 3.86420868e+02, 2.39327803e-01,
       1.18085548e+02, 5.72543823e+02, 2.23338783e-01, 1.23899391e+02,
       5.72588074e+02, 2.75386155e-01, 1.59162994e+02, 5.25589966e+02,
       1.82175189e-01, 0., 0., 0., 0., 0., 0., 0., 0., 0. ]
