%YAML:1.0
---
pose_0: !!opencv-matrix
   rows: 1
   cols: 25
   dt: "3f"
   data: [ 8.82057007e+02, 3.10064575e+02, 7.07021117e-01,
       8.07686035e+02, 2.98303284e+02, 6.59859180e-01, 8.11613831e+02,
       2.19951111e+02, 6.64450049e-01, 6.82350647e+02, 1.63157288e+02,
       8.40854049e-01, 6.74457336e+02, 2.25759354e+02, 7.61502922e-01,
       8.07682251e+02, 3.84541199e+02, 5.56469619e-01, 6.56795654e+02,
       4.43273651e+02, 6.35556698e-01, 7.60590698e+02, 3.82615112e+02,
       8.65295768e-01, 5.58864075e+02, 3.04168457e+02, 1.78471029e-01,
       5.66663147e+02, 2.59101532e+02, 2.40461037e-01, 2.27779556e+02,
       2.88432495e+02, 2.55518019e-01, 1.78818619e+02, 2.65002960e+02,
       3.21295828e-01, 5.56890137e+02, 3.55088745e+02, 1.29049286e-01,
       4.55021027e+02, 3.82564178e+02, 7.53462911e-02, 3.25710144e+02,
       3.53193817e+02, 1.34534851e-01, 8.99806396e+02, 2.88430145e+02,
       8.16069424e-01, 9.01733643e+02, 3.29652771e+02, 7.35794306e-01,
       8.97771240e+02, 2.61033844e+02, 5.32841265e-01, 9.07571655e+02,
       3.53204407e+02, 7.30634928e-02, 0., 0., 0., 0., 0., 0.,
       3.23808228e+02, 3.53165619e+02, 6.32436574e-02, 1.23910690e+02,
       2.16028732e+02, 1.81935877e-01, 1.20032455e+02, 2.14092041e+02,
       1.76391333e-01, 0., 0., 0. ]
