%YAML:1.0
---
pose_0: !!opencv-matrix
   rows: 1
   cols: 25
   dt: "3f"
   data: [ 9.95756958e+02, 2.64974792e+02, 7.53885150e-01,
       8.68358582e+02, 2.64993439e+02, 5.31652570e-01, 8.70315063e+02,
       1.70967270e+02, 5.65670490e-01, 7.31243042e+02, 1.04313110e+02,
       7.13688254e-01, 7.97840942e+02, 2.39541855e+02, 7.40663052e-01,
       8.48804260e+02, 3.60966675e+02, 5.05319297e-01, 7.27382202e+02,
       4.19726013e+02, 6.53387010e-01, 6.94003174e+02, 3.96176086e+02,
       7.36250877e-01, 5.56882324e+02, 2.86539703e+02, 2.04463795e-01,
       5.60808838e+02, 2.37572159e+02, 2.66420960e-01, 3.39428101e+02,
       2.61049072e+02, 2.43033141e-01, 0., 0., 0., 5.45134949e+02,
       3.35512665e+02, 2.23284915e-01, 3.45316437e+02, 3.35520447e+02,
       2.93975115e-01, 1.47428802e+02, 3.45280212e+02, 5.44020906e-02,
       1.00943115e+03, 2.41494446e+02, 9.07894731e-01, 1.01134399e+03,
       2.86489441e+02, 8.04205418e-01, 9.80014282e+02, 2.10149887e+02,
       5.68380117e-01, 0., 0., 0., 0., 0., 0., 0., 0., 0., 0., 0., 0.,
       0., 0., 0., 0., 0., 0., 0., 0., 0. ]
