%YAML:1.0
---
pose_0: !!opencv-matrix
   rows: 1
   cols: 25
   dt: "3f"
   data: [ 8.52689331e+02, 1.12168510e+02, 8.01579118e-01,
       7.60670959e+02, 8.67237091e+01, 7.34077036e-01, 7.46960327e+02,
       2.20247803e+01, 5.47996223e-01, 0., 0., 0., 0., 0., 0.,
       7.76387329e+02, 1.55286011e+02, 6.25213265e-01, 7.93921570e+02,
       2.43419266e+02, 7.82756805e-01, 8.41038513e+02, 3.35510223e+02,
       7.26899266e-01, 5.27504700e+02, 9.45491257e+01, 9.58346799e-02,
       5.03993347e+02, 5.33701668e+01, 1.06108747e-01, 0., 0., 0., 0.,
       0., 0., 5.29453064e+02, 1.53310593e+02, 9.32560787e-02,
       3.53179535e+02, 1.63120392e+02, 2.28984028e-01, 1.74855957e+02,
       1.80728622e+02, 6.83748871e-02, 8.64481812e+02, 8.67655182e+01,
       8.15019667e-01, 8.68394531e+02, 1.15994141e+02, 7.92880654e-01,
       8.38974609e+02, 5.33221169e+01, 8.57964694e-01, 0., 0., 0., 0.,
       0., 0., 0., 0., 0., 0., 0., 0., 0., 0., 0., 0., 0., 0., 0., 0.,
       0. ]
