%YAML:1.0
---
pose_0: !!opencv-matrix
   rows: 1
   cols: 25
   dt: "3f"
   data: [ 9.05599243e+02, 1.55299850e+02, 6.42652810e-01,
       8.19395386e+02, 1.96496414e+02, 7.42453873e-01, 7.97871094e+02,
       1.23939514e+02, 6.71895266e-01, 6.95926208e+02, 6.31987915e+01,
       7.54922748e-01, 7.15544373e+02, 1.29776947e+02, 7.91713238e-01,
       8.37074463e+02, 2.72825348e+02, 7.05733061e-01, 7.44929749e+02,
       3.62940796e+02, 7.82704473e-01, 6.23487183e+02, 3.90342773e+02,
       7.76884973e-01, 5.54905640e+02, 2.41437103e+02, 3.08557391e-01,
       5.52963867e+02, 1.96401291e+02, 3.29836041e-01, 3.90363098e+02,
       1.96458420e+02, 1.11592554e-01, 0., 0., 0., 5.54959473e+02,
       2.80644379e+02, 3.03991079e-01, 3.78621887e+02, 2.59100098e+02,
       2.66087294e-01, 1.70932068e+02, 3.37490448e+02, 3.63183856e-01,
       9.17368042e+02, 1.47409302e+02, 6.93295002e-01, 9.21295532e+02,
       1.76774612e+02, 8.03881764e-01, 8.91905273e+02, 1.33721558e+02,
       1.51229009e-01, 9.05636169e+02, 2.12137054e+02, 7.93171823e-01,
       1.16104202e+02, 3.74665619e+02, 1.88834175e-01, 1.27843674e+02,
       3.74706177e+02, 2.04667062e-01, 1.45460098e+02, 3.49202911e+02,
       2.46226713e-01, 0., 0., 0., 0., 0., 0., 0., 0., 0. ]
