%YAML:1.0
---
pose_0: !!opencv-matrix
   rows: 2
   cols: 25
   dt: "3f"
   data: [ 9.13419189e+02, 3.51241821e+02, 8.58980656e-01,
       8.29202881e+02, 3.37474854e+02, 5.11095285e-01, 8.25313782e+02,
       2.84574036e+02, 6.61208391e-01, 8.56698059e+02, 3.82528473e+02,
       6.19938254e-01, 8.56624573e+02, 5.09916290e+02, 5.83046317e-01,
       8.50785095e+02, 3.72716583e+02, 2.24114880e-01, 0., 0., 0., 0.,
       0., 0., 5.78439941e+02, 3.35511719e+02, 1.14889756e-01,
       5.60799011e+02, 3.21818695e+02, 1.24472275e-01, 3.23755859e+02,
       3.25748505e+02, 2.25405335e-01, 1.51341034e+02, 3.02199921e+02,
       1.99154139e-01, 0., 0., 0., 0., 0., 0., 0., 0., 0.,
       9.15321167e+02, 3.33519684e+02, 8.65892291e-01, 9.29075195e+02,
       3.55094757e+02, 7.85508513e-01, 8.84016479e+02, 3.06197449e+02,
       7.00550139e-01, 9.13459595e+02, 3.82415344e+02, 1.62548363e-01,
       0., 0., 0., 0., 0., 0., 0., 0., 0., 0., 0., 0., 0., 0., 0., 0.,
       0., 0., 0., 0., 0., 0., 0., 0., 0., 0., 0., 0., 0., 0., 0., 0.,
       0., 7.74337524e+02, 4.00181244e+02, 3.38497937e-01,
       6.78349915e+02, 4.49182678e+02, 6.45651579e-01, 5.78439880e+02,
       5.31392456e+02, 6.99772120e-01, 0., 0., 0., 0., 0., 0., 0., 0.,
       0., 0., 0., 0., 0., 0., 0., 0., 0., 0., 0., 0., 0., 0., 0., 0.,
       0., 0., 0., 0., 0., 0., 0., 0., 0., 0., 0., 0., 0., 0., 0., 0.,
       0., 0., 0., 0., 0., 0., 0., 0., 0., 0., 0. ]
