%YAML:1.0
---
pose_0: !!opencv-matrix
   rows: 1
   cols: 25
   dt: "3f"
   data: [ 9.62351257e+02, 4.15776642e+02, 7.77659655e-01,
       8.50710632e+02, 4.15909576e+02, 6.79337144e-01, 8.42944885e+02,
       3.27706268e+02, 6.23935580e-01, 7.35146667e+02, 2.74832977e+02,
       7.50203133e-01, 6.46966064e+02, 3.43370667e+02, 6.63959742e-01,
       8.46834290e+02, 5.05922699e+02, 5.81533492e-01, 7.01845154e+02,
       5.52990234e+02, 7.13056207e-01, 5.86283081e+02, 5.86240662e+02,
       7.79249072e-01, 5.88230957e+02, 4.25614441e+02, 1.61038309e-01,
       5.88248169e+02, 3.84458221e+02, 2.35795796e-01, 3.62954468e+02,
       4.13861572e+02, 1.19776972e-01, 0., 0., 0., 5.84303528e+02,
       4.82439758e+02, 1.36781797e-01, 3.98231903e+02, 4.84405518e+02,
       5.35520241e-02, 7.30291595e+01, 5.29496094e+02, 6.69533163e-02,
       9.76124146e+02, 3.94238129e+02, 7.99117267e-01, 9.78083618e+02,
       4.31586945e+02, 7.56379843e-01, 9.50731445e+02, 3.66821381e+02,
       4.75773811e-01, 0., 0., 0., 0., 0., 0., 0., 0., 0., 0., 0., 0.,
       0., 0., 0., 0., 0., 0., 0., 0., 0. ]
