%YAML:1.0
---
pose_0: !!opencv-matrix
   rows: 1
   cols: 25
   dt: "3f"
   data: [ 9.01746521e+02, 3.57094727e+02, 8.22605669e-01,
       8.09648438e+02, 3.25743958e+02, 5.81933856e-01, 8.19410339e+02,
       2.76781464e+02, 7.13423908e-01, 7.76379883e+02, 3.19832397e+02,
       7.51151502e-01, 7.87996582e+02, 4.47170532e+02, 7.54753530e-01,
       7.58626038e+02, 3.88379883e+02, 4.65236038e-01, 6.80360657e+02,
       4.41297607e+02, 7.23275483e-01, 6.37208069e+02, 5.23533142e+02,
       8.32844496e-01, 5.80385437e+02, 3.31571320e+02, 3.35539997e-01,
       5.74532593e+02, 3.04200928e+02, 3.15099359e-01, 3.53164703e+02,
       3.78619812e+02, 2.07541242e-01, 1.76780563e+02, 3.35470642e+02,
       4.11149144e-01, 5.72580750e+02, 3.55138397e+02, 2.36838683e-01,
       4.68734344e+02, 3.96212402e+02, 6.81336820e-02, 1.67015320e+02,
       3.27692444e+02, 3.05308968e-01, 9.11456787e+02, 3.37408020e+02,
       8.33278596e-01, 9.17401184e+02, 3.66798889e+02, 7.95507491e-01,
       8.82070435e+02, 3.06145752e+02, 7.63600826e-01, 0., 0., 0.,
       1.45468079e+02, 3.70743011e+02, 6.24756329e-02, 1.45480621e+02,
       3.68811188e+02, 6.56929463e-02, 1.51347046e+02, 3.04196808e+02,
       1.94901586e-01, 1.47441055e+02, 3.72756683e+02, 1.03326462e-01,
       1.49397308e+02, 3.68788849e+02, 8.98407921e-02, 1.51364243e+02,
       3.19847565e+02, 2.10315809e-01 ]
