%YAML:1.0
---
pose_0: !!opencv-matrix
   rows: 2
   cols: 25
   dt: "3f"
   data: [ 8.99729614e+02, 3.55161865e+02, 7.68182933e-01,
       8.13523926e+02, 3.33517090e+02, 5.90709150e-01, 8.19364868e+02,
       2.84595245e+02, 6.66568756e-01, 7.84161804e+02, 3.60988708e+02,
       7.33231664e-01, 7.76299866e+02, 4.80476440e+02, 8.36499214e-01,
       8.01771484e+02, 3.66798309e+02, 1.83056459e-01, 0., 0., 0., 0.,
       0., 0., 0., 0., 0., 0., 0., 0., 0., 0., 0., 0., 0., 0., 0., 0.,
       0., 0., 0., 0., 0., 0., 0., 9.01781433e+02, 3.35575623e+02,
       8.70015860e-01, 9.17348083e+02, 3.60977905e+02, 7.27390885e-01,
       8.72372803e+02, 3.08160095e+02, 7.57293761e-01, 0., 0., 0., 0.,
       0., 0., 0., 0., 0., 0., 0., 0., 0., 0., 0., 0., 0., 0., 0., 0.,
       0., 0., 0., 0., 7.60611084e+02, 3.47258362e+02, 1.32476464e-01,
       0., 0., 0., 0., 0., 0., 0., 0., 0., 7.46951965e+02,
       3.94278687e+02, 3.25930923e-01, 6.72509644e+02, 4.45302246e+02,
       7.54402518e-01, 6.33290833e+02, 5.21620728e+02, 8.21302414e-01,
       5.72531555e+02, 3.21806519e+02, 3.06911469e-01, 5.70592224e+02,
       3.06139557e+02, 2.85405457e-01, 3.88395203e+02, 4.02131866e+02,
       3.54992419e-01, 1.80723404e+02, 4.11894623e+02, 3.18824172e-01,
       5.66684998e+02, 3.41385193e+02, 1.75839260e-01, 3.64911774e+02,
       3.84491974e+02, 4.00225401e-01, 1.61138306e+02, 3.21857697e+02,
       2.09055766e-01, 0., 0., 0., 0., 0., 0., 0., 0., 0., 0., 0., 0.,
       1.27853386e+02, 2.92427979e+02, 1.35811880e-01, 0., 0., 0., 0.,
       0., 0., 1.27807304e+02, 4.00164978e+02, 9.95036662e-02,
       1.23949738e+02, 3.98232330e+02, 8.69596899e-02, 1.61156067e+02,
       4.19729889e+02, 2.04804093e-01 ]
