%YAML:1.0
---
pose_0: !!opencv-matrix
   rows: 1
   cols: 25
   dt: "3f"
   data: [ 8.80140503e+02, 1.19987526e+02, 7.09239364e-01,
       7.99839417e+02, 1.35683075e+02, 6.39343202e-01, 8.05752075e+02,
       6.32111092e+01, 5.34216225e-01, 8.70340820e+02, 2.00635719e+01,
       2.10349306e-01, 9.19304993e+02, 1.00351379e+02, 2.26505727e-01,
       8.05749878e+02, 1.96478333e+02, 6.22086346e-01, 9.07572632e+02,
       2.37576721e+02, 7.86645770e-01, 9.48665161e+02, 1.49361404e+02,
       6.99267149e-01, 5.68651489e+02, 1.78783737e+02, 1.36315703e-01,
       5.66694458e+02, 1.35694321e+02, 1.03689730e-01, 0., 0., 0., 0.,
       0., 0., 5.68644897e+02, 2.08157043e+02, 1.66045010e-01, 0., 0.,
       0., 0., 0., 0., 8.93829773e+02, 1.10221153e+02, 6.07572377e-01,
       8.86054077e+02, 1.35740189e+02, 7.20269918e-01, 0., 0., 0.,
       8.78154602e+02, 1.65173889e+02, 2.88275570e-01, 0., 0., 0., 0.,
       0., 0., 0., 0., 0., 0., 0., 0., 0., 0., 0., 0., 0., 0. ]
