%YAML:1.0
---
pose_0: !!opencv-matrix
   rows: 1
   cols: 25
   dt: "3f"
   data: [ 9.11462646e+02, 4.29591736e+02, 7.68375039e-01,
       8.03743774e+02, 4.31515900e+02, 6.38088107e-01, 7.92054871e+02,
       3.53164520e+02, 7.24284708e-01, 6.78388550e+02, 2.98314911e+02,
       7.51261592e-01, 7.56680298e+02, 2.74775818e+02, 8.31384361e-01,
       8.01778931e+02, 5.17711792e+02, 5.40333688e-01, 6.82321411e+02,
       5.88194824e+02, 8.58914852e-01, 7.86075256e+02, 5.72555359e+02,
       7.85615146e-01, 5.60818604e+02, 4.72661346e+02, 1.76312998e-01,
       5.60811401e+02, 4.19751923e+02, 2.94185668e-01, 3.60986847e+02,
       3.90369507e+02, 1.53684273e-01, 0., 0., 0., 5.64726440e+02,
       5.29463440e+02, 2.06972957e-01, 3.80548889e+02, 5.17691223e+02,
       2.26797342e-01, 0., 0., 0., 9.19352234e+02, 4.11936676e+02,
       8.54827046e-01, 9.17417847e+02, 4.45260834e+02, 7.53540158e-01,
       8.93892273e+02, 3.84532562e+02, 5.99683702e-01, 9.03667114e+02,
       4.64829773e+02, 1.67836621e-01, 0., 0., 0., 0., 0., 0., 0., 0.,
       0., 0., 0., 0., 0., 0., 0., 0., 0., 0. ]
