%YAML:1.0
---
pose_0: !!opencv-matrix
   rows: 1
   cols: 25
   dt: "3f"
   data: [ 8.52782593e+02, 2.23869415e+02, 8.24646890e-01,
       8.05737244e+02, 2.88438904e+02, 5.78894079e-01, 8.13509338e+02,
       2.90464630e+02, 3.79632264e-01, 6.97983337e+02, 2.72802216e+02,
       2.07640633e-01, 0., 0., 0., 8.13560608e+02, 2.80636200e+02,
       5.52016079e-01, 6.95901794e+02, 2.59177643e+02, 7.30079114e-01,
       6.78341858e+02, 1.76839325e+02, 6.96704030e-01, 5.27532837e+02,
       3.49223053e+02, 2.96117187e-01, 5.29469666e+02, 3.11980164e+02,
       3.14817429e-01, 3.51190643e+02, 2.94389557e+02, 2.38569856e-01,
       1.27863861e+02, 3.76668121e+02, 1.20723426e-01, 5.27502136e+02,
       3.84453918e+02, 3.19003463e-01, 3.80539764e+02, 3.35463440e+02,
       1.88647255e-01, 0., 0., 0., 8.62515320e+02, 2.12116104e+02,
       7.63947010e-01, 8.78193726e+02, 2.39500656e+02, 8.12052846e-01,
       0., 0., 0., 8.68473694e+02, 2.84600525e+02, 8.12507451e-01, 0.,
       0., 0., 0., 0., 0., 0., 0., 0., 8.47463455e+01, 3.98248383e+02,
       5.41435145e-02, 0., 0., 0., 0., 0., 0. ]
