%YAML:1.0
---
pose_0: !!opencv-matrix
   rows: 1
   cols: 25
   dt: "3f"
   data: [ 9.58523743e+02, 2.84598572e+02, 7.60011673e-01,
       8.42907593e+02, 3.23743866e+02, 6.57363117e-01, 8.21384216e+02,
       2.57079254e+02, 6.36113346e-01, 7.01864197e+02, 2.43486969e+02,
       1.78533286e-01, 5.99988953e+02, 2.31679352e+02, 6.26446828e-02,
       8.66394653e+02, 3.94255310e+02, 6.63139284e-01, 8.03708191e+02,
       4.47274170e+02, 7.60933638e-01, 7.03842896e+02, 3.45299500e+02,
       6.98255062e-01, 5.64728943e+02, 3.31595734e+02, 1.02695554e-01,
       5.72567871e+02, 2.80666412e+02, 1.94929048e-01, 3.82527557e+02,
       2.45377777e+02, 1.25780568e-01, 0., 0., 0., 5.62760559e+02,
       3.94291016e+02, 1.26397371e-01, 3.68808472e+02, 4.00242432e+02,
       1.23216674e-01, 1.35664536e+02, 4.56939331e+02, 1.08570889e-01,
       9.64348694e+02, 2.70888855e+02, 8.86447906e-01, 9.76110413e+02,
       3.02182465e+02, 8.49413157e-01, 9.42841064e+02, 2.59169037e+02,
       2.36468151e-01, 9.62368286e+02, 3.39428741e+02, 7.02284217e-01,
       5.92882805e+01, 4.45294495e+02, 5.77875748e-02, 6.90952530e+01,
       4.58906555e+02, 6.32016808e-02, 1.35670181e+02, 4.51117126e+02,
       9.29337218e-02, 0., 0., 0., 0., 0., 0., 0., 0., 0. ]
