%YAML:1.0
---
pose_0: !!opencv-matrix
   rows: 1
   cols: 25
   dt: "3f"
   data: [ 1.00952216e+03, 2.45412689e+02, 8.13432932e-01,
       8.72360352e+02, 2.37557953e+02, 4.92371798e-01, 8.70313171e+02,
       1.47399567e+02, 5.88468313e-01, 7.62565002e+02, 3.18378143e+01,
       7.46330082e-01, 8.19394775e+02, 1.82712799e+02, 7.59507298e-01,
       8.60544312e+02, 3.33505524e+02, 4.07061934e-01, 6.94011597e+02,
       3.84514221e+02, 3.72940451e-01, 7.42988342e+02, 3.64893890e+02,
       5.34105062e-01, 5.74529602e+02, 2.66928741e+02, 8.43593478e-02,
       5.27509888e+02, 2.10131927e+02, 5.85651994e-02, 0., 0., 0., 0.,
       0., 0., 5.70619751e+02, 3.17877228e+02, 1.18236996e-01,
       3.51158478e+02, 3.53176514e+02, 1.06174998e-01, 0., 0., 0.,
       1.02513953e+03, 2.15982742e+02, 8.17216456e-01, 1.02517285e+03,
       2.63068726e+02, 7.57609606e-01, 9.95735535e+02, 1.74849915e+02,
       3.45192671e-01, 0., 0., 0., 0., 0., 0., 0., 0., 0., 0., 0., 0.,
       0., 0., 0., 0., 0., 0., 0., 0., 0. ]
