%YAML:1.0
---
pose_0: !!opencv-matrix
   rows: 1
   cols: 25
   dt: "3f"
   data: [ 9.15422607e+02, 3.66912750e+02, 8.23935747e-01,
       8.19404297e+02, 3.19833069e+02, 5.24520040e-01, 8.37055054e+02,
       2.78727112e+02, 6.18244708e-01, 7.43011658e+02, 2.02257278e+02,
       8.12212646e-01, 6.48944214e+02, 3.19891754e+02, 7.38344431e-01,
       7.88077393e+02, 3.53117523e+02, 2.99186975e-01, 6.60705444e+02,
       3.86484436e+02, 2.09189177e-01, 5.78425903e+02, 4.47186340e+02,
       4.75717932e-01, 5.56868835e+02, 3.23763031e+02, 1.69902027e-01,
       5.58847656e+02, 2.92417480e+02, 1.72102690e-01, 3.27676300e+02,
       3.45331085e+02, 2.19742879e-01, 1.27839188e+02, 3.37506622e+02,
       2.67266095e-01, 5.49051147e+02, 3.55122681e+02, 1.29132599e-01,
       3.27684723e+02, 3.41407837e+02, 1.17069297e-01, 1.47388321e+02,
       3.17872498e+02, 2.40050793e-01, 9.31094177e+02, 3.49151062e+02,
       7.81007707e-01, 9.31119873e+02, 3.72757111e+02, 7.85687625e-01,
       9.07595032e+02, 3.06050598e+02, 8.35311115e-01, 0., 0., 0., 0.,
       0., 0., 0., 0., 0., 0., 0., 0., 0., 0., 0., 0., 0., 0., 0., 0.,
       0. ]
