%YAML:1.0
---
pose_0: !!opencv-matrix
   rows: 1
   cols: 25
   dt: "3f"
   data: [ 9.11485535e+02, 4.94152618e+02, 8.57375264e-01,
       8.07747925e+02, 5.13829468e+02, 6.93818152e-01, 7.84180603e+02,
       4.51100250e+02, 6.66563511e-01, 6.90102173e+02, 4.53042389e+02,
       2.27962181e-01, 6.27412781e+02, 4.43269104e+02, 9.68211442e-02,
       8.37097107e+02, 5.82369873e+02, 7.01437116e-01, 7.44954834e+02,
       6.03895081e+02, 8.00674856e-01, 6.33255981e+02, 4.80500610e+02,
       5.54016948e-01, 6.37215637e+02, 5.33391113e+02, 1.42563492e-01,
       6.05886719e+02, 5.05935181e+02, 1.03327602e-01, 0., 0., 0., 0.,
       0., 0., 6.52901001e+02, 5.82356628e+02, 8.16318244e-02, 0., 0.,
       0., 0., 0., 0., 9.13465332e+02, 4.78569824e+02, 9.03392136e-01,
       9.21290466e+02, 5.07985016e+02, 7.79446006e-01, 8.83997192e+02,
       4.64820831e+02, 7.30660975e-01, 9.05611694e+02, 5.37332825e+02,
       5.50851822e-01, 0., 0., 0., 0., 0., 0., 0., 0., 0., 0., 0., 0.,
       0., 0., 0., 0., 0., 0. ]
