%YAML:1.0
---
pose_0: !!opencv-matrix
   rows: 1
   cols: 25
   dt: "3f"
   data: [ 8.95839050e+02, 2.33604935e+02, 7.37528205e-01,
       8.39079468e+02, 3.21781830e+02, 4.46422487e-01, 8.54682983e+02,
       3.33572662e+02, 2.99388349e-01, 7.43014893e+02, 3.13955872e+02,
       9.22415182e-02, 0., 0., 0., 8.48805298e+02, 3.21768646e+02,
       4.79335755e-01, 7.27403870e+02, 2.88444092e+02, 6.72689855e-01,
       7.27289490e+02, 1.94412430e+02, 8.14429522e-01, 5.41235352e+02,
       3.51169067e+02, 9.45750773e-02, 5.47086731e+02, 3.27672668e+02,
       1.16249718e-01, 3.12004150e+02, 3.15935516e+02, 1.88786432e-01,
       8.86324387e+01, 4.15831512e+02, 1.37253031e-01, 5.35344727e+02,
       3.80552856e+02, 8.03787708e-02, 3.96216797e+02, 3.45310730e+02,
       7.02668875e-02, 0., 0., 0., 9.15348633e+02, 2.31661942e+02,
       1.98062658e-01, 9.19402771e+02, 2.43402054e+02, 8.66572142e-01,
       0., 0., 0., 9.19298340e+02, 3.04125275e+02, 8.53931904e-01, 0.,
       0., 0., 0., 0., 0., 0., 0., 0., 4.16687126e+01, 4.45161621e+02,
       1.53270602e-01, 4.16714439e+01, 4.35463470e+02, 1.34224072e-01,
       0., 0., 0. ]
