%YAML:1.0
---
pose_0: !!opencv-matrix
   rows: 1
   cols: 25
   dt: "3f"
   data: [ 1.02907837e+03, 2.74747284e+02, 7.63782620e-01,
       8.85973938e+02, 3.02205933e+02, 5.35750628e-01, 8.66452209e+02,
       2.10128082e+02, 4.40712720e-01, 7.95906555e+02, 1.98389954e+02,
       2.92878568e-01, 7.29336182e+02, 1.90569107e+02, 5.19353211e-01,
       9.03684998e+02, 3.96199554e+02, 5.58775008e-01, 8.03746277e+02,
       5.13827820e+02, 6.91519439e-01, 8.52795837e+02, 3.68836304e+02,
       6.75692558e-01, 6.01928223e+02, 3.39429596e+02, 6.06180616e-02,
       0., 0., 0., 0., 0., 0., 0., 0., 0., 6.31333130e+02,
       3.78607056e+02, 5.51728606e-02, 0., 0., 0., 0., 0., 0.,
       1.04081787e+03, 2.45387497e+02, 8.57638061e-01, 1.04667114e+03,
       2.90491577e+02, 7.36842155e-01, 9.97678284e+02, 2.00330826e+02,
       2.99094707e-01, 1.03884680e+03, 3.21728638e+02, 6.53033629e-02,
       0., 0., 0., 0., 0., 0., 0., 0., 0., 0., 0., 0., 0., 0., 0., 0.,
       0., 0. ]
