%YAML:1.0
---
pose_0: !!opencv-matrix
   rows: 1
   cols: 25
   dt: "3f"
   data: [ 8.68394958e+02, 1.49331635e+02, 5.86930871e-01,
       8.23279358e+02, 1.16122368e+02, 2.25552052e-01, 8.31177979e+02,
       7.49502563e+01, 2.33892128e-01, 9.11490112e+02, 8.08273697e+01,
       6.30803287e-01, 9.17417969e+02, 1.86595490e+02, 6.52151406e-01,
       8.13526001e+02, 1.61110916e+02, 2.24214107e-01, 8.19432251e+02,
       2.41533051e+02, 7.81645894e-01, 7.82199463e+02, 1.27820534e+02,
       6.83188736e-01, 0., 0., 0., 0., 0., 0., 0., 0., 0., 0., 0., 0.,
       0., 0., 0., 0., 0., 0., 0., 0., 0., 8.83982971e+02,
       1.41546127e+02, 5.62273026e-01, 8.80123108e+02, 1.59220062e+02,
       4.00870234e-01, 8.84096985e+02, 1.16045616e+02, 1.08356372e-01,
       0., 0., 0., 0., 0., 0., 0., 0., 0., 0., 0., 0., 0., 0., 0., 0.,
       0., 0., 0., 0., 0. ]
