%YAML:1.0
---
pose_0: !!opencv-matrix
   rows: 1
   cols: 25
   dt: "3f"
   data: [ 9.13441833e+02, 3.49232971e+02, 8.32395434e-01,
       8.31147339e+02, 3.37476013e+02, 5.19259334e-01, 8.23332092e+02,
       2.86547943e+02, 6.72080398e-01, 8.36988770e+02, 3.86435333e+02,
       8.15796256e-01, 8.31174866e+02, 5.09842865e+02, 7.08594024e-01,
       8.15492798e+02, 3.68805542e+02, 1.78367987e-01, 6.82245728e+02,
       4.45286774e+02, 5.88116407e-01, 5.84310608e+02, 5.27513794e+02,
       6.71460092e-01, 5.86263550e+02, 3.04171356e+02, 1.15198717e-01,
       5.68644287e+02, 3.04160889e+02, 1.01093441e-01, 3.19788605e+02,
       3.80535004e+02, 1.00766391e-01, 0., 0., 0., 0., 0., 0., 0., 0.,
       0., 0., 0., 0., 9.13487793e+02, 3.31563232e+02, 8.68306756e-01,
       9.29110413e+02, 3.51229614e+02, 8.00151706e-01, 8.80129456e+02,
       3.06222839e+02, 7.30064809e-01, 9.05599670e+02, 3.78647461e+02,
       1.73429087e-01, 0., 0., 0., 0., 0., 0., 0., 0., 0., 0., 0., 0.,
       0., 0., 0., 0., 0., 0. ]
