%YAML:1.0
---
pose_0: !!opencv-matrix
   rows: 1
   cols: 25
   dt: "3f"
   data: [ 9.19357666e+02, 2.08104324e+02, 7.79884577e-01,
       8.05764709e+02, 2.12126114e+02, 6.71364367e-01, 7.97878845e+02,
       1.29814178e+02, 6.24596953e-01, 6.64639099e+02, 1.12195404e+02,
       6.30143762e-01, 5.37253967e+02, 1.17995903e+02, 6.15675390e-01,
       8.09615540e+02, 3.04137909e+02, 6.50972009e-01, 6.90098328e+02,
       3.39469543e+02, 5.55415928e-01, 5.52998962e+02, 3.53129974e+02,
       7.87799358e-01, 5.41225769e+02, 2.39504211e+02, 2.41583422e-01,
       5.39289246e+02, 1.92472504e+02, 3.18797618e-01, 3.59019989e+02,
       1.96449265e+02, 1.32279336e-01, 0., 0., 0., 5.31431946e+02,
       2.82624176e+02, 2.24234015e-01, 3.76645996e+02, 3.23753571e+02,
       1.55737668e-01, 0., 0., 0., 9.31051331e+02, 1.80827347e+02,
       9.00394082e-01, 9.35033142e+02, 2.21901459e+02, 8.13289940e-01,
       9.01735718e+02, 1.63024078e+02, 5.89402914e-01, 9.31034668e+02,
       2.41515121e+02, 2.68887460e-01, 0., 0., 0., 0., 0., 0., 0., 0.,
       0., 0., 0., 0., 0., 0., 0., 0., 0., 0. ]
