%YAML:1.0
---
pose_0: !!opencv-matrix
   rows: 1
   cols: 25
   dt: "3f"
   data: [ 9.87925232e+02, 2.10114960e+02, 7.03934729e-01,
       8.60561768e+02, 2.23828796e+02, 5.11293054e-01, 8.54677612e+02,
       1.35696991e+02, 5.37972152e-01, 7.11632935e+02, 1.00317543e+02,
       6.51264548e-01, 5.84252869e+02, 8.47019196e+01, 8.08421493e-01,
       8.82100891e+02, 3.21840546e+02, 6.03332698e-01, 7.60689270e+02,
       3.68768372e+02, 7.76036143e-01, 6.78318970e+02, 2.90395172e+02,
       5.71616232e-01, 6.27425903e+02, 2.88494202e+02, 5.38096428e-02,
       0., 0., 0., 0., 0., 0., 0., 0., 0., 6.54843872e+02,
       3.19836670e+02, 8.39690715e-02, 0., 0., 0., 0., 0., 0.,
       9.95667847e+02, 1.86584198e+02, 8.43596399e-01, 1.00159723e+03,
       2.27756027e+02, 7.73237109e-01, 9.66358765e+02, 1.63104706e+02,
       4.66558397e-01, 9.80079895e+02, 2.57175476e+02, 3.61982882e-01,
       0., 0., 0., 0., 0., 0., 0., 0., 0., 0., 0., 0., 0., 0., 0., 0.,
       0., 0. ]
