%YAML:1.0
---
pose_0: !!opencv-matrix
   rows: 1
   cols: 25
   dt: "3f"
   data: [ 8.82128662e+02, 3.68905518e+02, 8.15163553e-01,
       8.05686035e+02, 3.13955902e+02, 6.24120057e-01, 8.05746765e+02,
       2.59168060e+02, 7.30012417e-01, 7.80199951e+02, 3.51148315e+02,
       7.77408361e-01, 8.56672058e+02, 4.29573120e+02, 8.77891898e-01,
       7.91948608e+02, 3.59019104e+02, 3.85786206e-01, 7.13659851e+02,
       4.72625946e+02, 8.28118801e-01, 7.86085999e+02, 4.62841125e+02,
       8.49561274e-01, 5.62782471e+02, 2.90454712e+02, 2.19288096e-01,
       5.52956909e+02, 2.63048309e+02, 2.52663136e-01, 3.76662384e+02,
       2.47369675e+02, 1.86069697e-01, 1.80725739e+02, 1.76797546e+02,
       1.52287856e-01, 5.58856750e+02, 3.37470215e+02, 1.73133314e-01,
       3.39440186e+02, 3.68787292e+02, 4.17983025e-01, 1.57235001e+02,
       3.53201111e+02, 2.68196970e-01, 8.99660645e+02, 3.51164337e+02,
       7.26780534e-01, 8.97800476e+02, 3.80545013e+02, 5.60259461e-01,
       8.86039917e+02, 3.04159943e+02, 8.66344333e-01, 0., 0., 0.,
       9.45139923e+01, 3.74693939e+02, 1.00672930e-01, 0., 0., 0.,
       1.31750320e+02, 3.37514832e+02, 1.75895900e-01, 0., 0., 0., 0.,
       0., 0., 1.74833664e+02, 1.74842453e+02, 1.48362070e-01 ]
