%YAML:1.0
---
pose_0: !!opencv-matrix
   rows: 1
   cols: 25
   dt: "3f"
   data: [ 1.00941370e+03, 2.12066727e+02, 8.18327487e-01,
       8.70440186e+02, 2.29755966e+02, 5.95456004e-01, 8.56622437e+02,
       1.41542694e+02, 5.62143445e-01, 6.99890625e+02, 9.84640121e+01,
       7.18553483e-01, 5.84261230e+02, 8.66850052e+01, 8.24375808e-01,
       8.86086487e+02, 3.31552399e+02, 5.84794462e-01, 7.52819946e+02,
       3.94250854e+02, 7.11247206e-01, 7.56666382e+02, 2.76738800e+02,
       6.88714147e-01, 5.86278137e+02, 2.43416901e+02, 1.43388137e-01,
       6.03919800e+02, 2.00334198e+02, 1.80463746e-01, 5.05956543e+02,
       1.74871933e+02, 1.39819309e-01, 3.55096771e+02, 1.78732529e+02,
       2.04375848e-01, 5.62778687e+02, 2.82613190e+02, 1.33758590e-01,
       0., 0., 0., 0., 0., 0., 1.01533759e+03, 1.88561249e+02,
       7.68424630e-01, 1.02514465e+03, 2.31658875e+02, 7.83509731e-01,
       9.84000610e+02, 1.61145630e+02, 4.03701067e-01, 9.84016296e+02,
       2.61076904e+02, 1.50002375e-01, 0., 0., 0., 0., 0., 0., 0., 0.,
       0., 0., 0., 0., 0., 0., 0., 0., 0., 0. ]
