%YAML:1.0
---
pose_0: !!opencv-matrix
   rows: 1
   cols: 25
   dt: "3f"
   data: [ 9.33063538e+02, 2.84602203e+02, 7.73624599e-01,
       8.17483459e+02, 3.31596710e+02, 6.52796209e-01, 7.84143555e+02,
       2.78718475e+02, 4.93842065e-01, 6.43108459e+02, 2.57125092e+02,
       7.13369966e-01, 6.09824768e+02, 2.12133362e+02, 8.20674121e-01,
       8.48824280e+02, 3.86465240e+02, 6.71676636e-01, 7.33224976e+02,
       4.51069794e+02, 7.50912905e-01, 6.99921387e+02, 2.86522491e+02,
       4.66509312e-01, 5.76491455e+02, 3.62920380e+02, 2.29138285e-01,
       5.64714417e+02, 3.31578217e+02, 2.48479992e-01, 3.62952179e+02,
       2.41487991e+02, 2.38896936e-01, 2.08138168e+02, 3.15893097e+02,
       2.93731034e-01, 5.92146423e+02, 4.04076080e+02, 1.67549893e-01,
       3.60967163e+02, 2.41394241e+02, 3.72760832e-01, 2.06235031e+02,
       3.19780670e+02, 4.15431976e-01, 9.35017639e+02, 2.70846252e+02,
       7.00391650e-01, 9.46822083e+02, 3.00194183e+02, 8.65199983e-01,
       9.01699036e+02, 2.59127563e+02, 3.41727167e-01, 9.29083984e+02,
       3.37423431e+02, 8.14705133e-01, 1.49391327e+02, 2.66921387e+02,
       1.67812616e-01, 1.49428238e+02, 2.74770172e+02, 2.09137350e-01,
       1.96391769e+02, 3.35476685e+02, 3.28775913e-01, 1.51363998e+02,
       2.63011749e+02, 1.55883670e-01, 0., 0., 0., 2.00309250e+02,
       3.37409058e+02, 2.00913087e-01 ]
