%YAML:1.0
---
pose_0: !!opencv-matrix
   rows: 1
   cols: 25
   dt: "3f"
   data: [ 9.29078430e+02, 4.62942017e+02, 8.30426514e-01,
       8.25270081e+02, 4.74634491e+02, 6.88663840e-01, 8.13549072e+02,
       3.98254517e+02, 6.72752202e-01, 6.97908447e+02, 3.51197205e+02,
       7.55671263e-01, 6.09760010e+02, 2.88559418e+02, 5.67060590e-01,
       8.38949951e+02, 5.53003540e+02, 6.17154598e-01, 7.29237488e+02,
       6.17693604e+02, 7.21707344e-01, 6.01885803e+02, 6.33274231e+02,
       8.12003970e-01, 6.00002502e+02, 4.98128876e+02, 3.24003309e-01,
       6.01930237e+02, 4.56972931e+02, 4.26857799e-01, 3.96253601e+02,
       4.58953522e+02, 1.99294224e-01, 3.82575745e+02, 4.49154236e+02,
       1.02162734e-01, 5.96067383e+02, 5.41217224e+02, 2.98939943e-01,
       4.13814697e+02, 5.74521423e+02, 2.60495931e-01, 0., 0., 0.,
       9.35027893e+02, 4.47155701e+02, 9.32707250e-01, 9.44765930e+02,
       4.78554962e+02, 8.40536118e-01, 9.15375610e+02, 4.27580963e+02,
       5.69958806e-01, 9.25203735e+02, 5.02039063e+02, 3.52917820e-01,
       0., 0., 0., 0., 0., 0., 0., 0., 0., 3.82563843e+02,
       4.72642670e+02, 8.01581442e-02, 3.82455353e+02, 4.72647919e+02,
       8.64413902e-02, 3.82511230e+02, 4.47160645e+02, 1.07744522e-01 ]
