%YAML:1.0
---
pose_0: !!opencv-matrix
   rows: 1
   cols: 25
   dt: "3f"
   data: [ 9.44818176e+02, 3.84433502e+02, 8.08698893e-01,
       8.37070007e+02, 3.17826263e+02, 4.65462953e-01, 8.56617371e+02,
       2.76707458e+02, 6.48811102e-01, 7.52832397e+02, 2.41396072e+02,
       7.34900236e-01, 6.62660034e+02, 3.84506775e+02, 5.39510906e-01,
       8.11594971e+02, 3.53115143e+02, 2.40834579e-01, 7.72362549e+02,
       3.55100525e+02, 6.39109090e-02, 0., 0., 0., 0., 0., 0., 0., 0.,
       0., 0., 0., 0., 0., 0., 0., 0., 0., 0., 0., 0., 0., 0., 0., 0.,
       9.62352844e+02, 3.64917999e+02, 7.86312819e-01, 9.62361572e+02,
       3.84460724e+02, 1.96016520e-01, 9.44735962e+02, 3.12028564e+02,
       8.20168376e-01, 0., 0., 0., 0., 0., 0., 0., 0., 0., 0., 0., 0.,
       0., 0., 0., 0., 0., 0., 0., 0., 0. ]
