%YAML:1.0
---
pose_0: !!opencv-matrix
   rows: 1
   cols: 25
   dt: "3f"
   data: [ 9.82009766e+02, 2.88564240e+02, 8.21732759e-01,
       8.58584412e+02, 2.98258270e+02, 6.26658320e-01, 8.54751648e+02,
       2.12146530e+02, 6.96474850e-01, 7.56695679e+02, 1.45418564e+02,
       7.14163244e-01, 7.17508606e+02, 1.57249802e+02, 7.99136043e-01,
       8.66462097e+02, 3.84471802e+02, 6.48791790e-01, 7.76379944e+02,
       4.82417908e+02, 7.67586648e-01, 6.64711975e+02, 4.90215790e+02,
       7.87766933e-01, 6.33304504e+02, 3.43352051e+02, 9.93296281e-02,
       6.17634827e+02, 3.02178375e+02, 1.30477011e-01, 0., 0., 0., 0.,
       0., 0., 6.45049011e+02, 4.00158905e+02, 7.73051828e-02,
       5.29469666e+02, 3.82563721e+02, 6.04692362e-02, 3.86453522e+02,
       3.62940521e+02, 5.37718572e-02, 9.93683533e+02, 2.64957611e+02,
       7.87049294e-01, 9.93725220e+02, 3.04234406e+02, 7.93377101e-01,
       9.60416138e+02, 2.37511749e+02, 5.97159684e-01, 9.78132629e+02,
       3.23816010e+02, 1.19985916e-01, 0., 0., 0., 0., 0., 0., 0., 0.,
       0., 0., 0., 0., 0., 0., 0., 0., 0., 0. ]
