%YAML:1.0
---
pose_0: !!opencv-matrix
   rows: 1
   cols: 25
   dt: "3f"
   data: [ 9.31005005e+02, 2.59126465e+02, 8.07408273e-01,
       8.17456787e+02, 2.90433685e+02, 6.45119131e-01, 8.03774841e+02,
       2.04218903e+02, 6.49006486e-01, 6.62660645e+02, 1.53289185e+02,
       4.22025561e-01, 6.74437744e+02, 1.78823639e+02, 6.63653135e-01,
       8.19382874e+02, 3.70827240e+02, 5.90572059e-01, 6.94054932e+02,
       4.29632843e+02, 7.96179116e-01, 6.15588562e+02, 3.82457977e+02,
       8.24718058e-01, 5.19660706e+02, 3.13973175e+02, 1.94143936e-01,
       5.25543579e+02, 2.64967560e+02, 2.49602929e-01, 3.43347168e+02,
       2.59191986e+02, 5.97281873e-01, 1.53306992e+02, 2.72801300e+02,
       1.56888843e-01, 5.21595886e+02, 3.57079559e+02, 2.74481773e-01,
       3.60986023e+02, 3.72720520e+02, 2.70625055e-01, 1.35703308e+02,
       3.53107422e+02, 3.59687328e-01, 9.32984558e+02, 2.41367950e+02,
       8.71509075e-01, 9.46706726e+02, 2.74873199e+02, 8.24624956e-01,
       9.01763794e+02, 2.23829849e+02, 4.99293745e-01, 9.29087341e+02,
       3.06068512e+02, 3.40011388e-01, 7.29810638e+01, 3.82560974e+02,
       2.22031921e-01, 8.67292709e+01, 3.86430176e+02, 2.63867497e-01,
       0., 0., 0., 8.27473602e+01, 2.63028839e+02, 1.05588324e-01,
       8.46998520e+01, 2.61069427e+02, 9.79124755e-02, 1.25885651e+02,
       2.76734009e+02, 9.05254036e-02 ]
