%YAML:1.0
---
pose_0: !!opencv-matrix
   rows: 1
   cols: 25
   dt: "3f"
   data: [ 8.97783325e+02, 1.78853912e+02, 8.00549746e-01,
       8.40948364e+02, 2.57084717e+02, 5.02159059e-01, 8.52710999e+02,
       2.59059509e+02, 2.63876975e-01, 0., 0., 0., 0., 0., 0.,
       8.46818359e+02, 2.61068787e+02, 5.51902115e-01, 7.29343018e+02,
       2.66948364e+02, 7.20244884e-01, 6.48944580e+02, 1.55285233e+02,
       8.14606011e-01, 5.78455933e+02, 2.98289001e+02, 2.43033066e-01,
       5.80391663e+02, 2.65005615e+02, 2.27690905e-01, 3.57052155e+02,
       2.94383942e+02, 1.80830687e-01, 1.90541718e+02, 3.62940796e+02,
       5.52343838e-02, 5.70620667e+02, 3.31583832e+02, 2.07926840e-01,
       4.02125122e+02, 2.92406281e+02, 1.20387599e-01, 1.25897324e+02,
       3.82481506e+02, 8.16915259e-02, 9.17377686e+02, 1.80789932e+02,
       1.04115941e-01, 9.15461182e+02, 1.92512238e+02, 8.33513081e-01,
       0., 0., 0., 9.11485474e+02, 2.43458786e+02, 8.08702350e-01, 0.,
       0., 0., 0., 0., 0., 1.04419891e+02, 3.86460358e+02,
       7.02947304e-02, 0., 0., 0., 0., 0., 0., 0., 0., 0. ]
