%YAML:1.0
---
pose_0: !!opencv-matrix
   rows: 1
   cols: 25
   dt: "3f"
   data: [ 8.68381287e+02, 1.94428787e+02, 8.20476592e-01,
       8.05686462e+02, 2.68925873e+02, 5.69049597e-01, 8.09641174e+02,
       2.70855682e+02, 3.05296302e-01, 6.21529968e+02, 2.59084229e+02,
       2.85770804e-01, 5.70515137e+02, 2.21833389e+02, 6.47432566e-01,
       8.07660828e+02, 2.70857635e+02, 5.73212266e-01, 6.86221985e+02,
       2.41469421e+02, 5.34709692e-01, 6.46990601e+02, 1.51381607e+02,
       7.51771033e-01, 5.05980865e+02, 3.15920288e+02, 4.29730177e-01,
       5.05947449e+02, 2.88430725e+02, 4.55274493e-01, 3.53130066e+02,
       3.17854279e+02, 9.96117890e-02, 0., 0., 0., 5.07921814e+02,
       3.47253479e+02, 3.38571817e-01, 3.21786682e+02, 2.80630798e+02,
       3.46281111e-01, 1.18092171e+02, 3.78610168e+02, 3.57172370e-01,
       8.86061707e+02, 1.94443130e+02, 7.50701576e-02, 8.84098328e+02,
       2.04250290e+02, 7.89680243e-01, 0., 0., 0., 8.80183594e+02,
       2.57185394e+02, 8.30557704e-01, 9.06436005e+01, 4.08007721e+02,
       1.83104545e-01, 9.06222076e+01, 4.06040100e+02, 2.25253686e-01,
       9.45519028e+01, 3.84526764e+02, 2.66025066e-01, 0., 0., 0., 0.,
       0., 0., 0., 0., 0. ]
