%YAML:1.0
---
pose_0: !!opencv-matrix
   rows: 1
   cols: 25
   dt: "3f"
   data: [ 9.31021362e+02, 2.88427582e+02, 8.46675277e-01,
       8.07731812e+02, 3.06136932e+02, 6.64566576e-01, 7.99790405e+02,
       2.27737869e+02, 6.85909033e-01, 6.80237793e+02, 1.92469971e+02,
       7.49372482e-01, 5.98012695e+02, 1.76783066e+02, 7.69793749e-01,
       8.15460022e+02, 3.88418274e+02, 5.89818299e-01, 7.11680786e+02,
       4.39376984e+02, 7.46005774e-01, 5.50985291e+02, 4.92140350e+02,
       7.38156199e-01, 5.37302856e+02, 3.37445007e+02, 2.84542024e-01,
       5.41233154e+02, 2.92387512e+02, 3.23847055e-01, 3.25735718e+02,
       3.04131683e+02, 2.06474051e-01, 0., 0., 0., 5.35337402e+02,
       3.78614532e+02, 2.89328158e-01, 3.92312408e+02, 4.43279968e+02,
       2.19449773e-01, 2.25816071e+02, 4.13816895e+02, 9.07265544e-02,
       9.31016907e+02, 2.64971344e+02, 8.48479092e-01, 9.44820862e+02,
       2.98301605e+02, 7.34811723e-01, 8.95840332e+02, 2.47395248e+02,
       5.78628242e-01, 9.29088562e+02, 3.25773895e+02, 2.30091676e-01,
       0., 0., 0., 0., 0., 0., 0., 0., 0., 0., 0., 0., 0., 0., 0., 0.,
       0., 0. ]
