%YAML:1.0
---
pose_0: !!opencv-matrix
   rows: 1
   cols: 25
   dt: "3f"
   data: [ 9.01738098e+02, 3.43344025e+02, 7.52001464e-01,
       7.92054504e+02, 3.41404785e+02, 6.89278007e-01, 7.88047180e+02,
       2.66920898e+02, 6.50286376e-01, 6.78392517e+02, 1.92451126e+02,
       7.86259174e-01, 6.64635437e+02, 2.41411148e+02, 8.30916703e-01,
       7.91968018e+02, 4.21695984e+02, 5.79959214e-01, 6.84282227e+02,
       5.05884552e+02, 8.03123176e-01, 7.76382935e+02, 4.90297058e+02,
       8.30275714e-01, 5.52980408e+02, 3.33565552e+02, 2.46054411e-01,
       5.51010925e+02, 2.90411377e+02, 3.31410855e-01, 3.76650970e+02,
       3.04193420e+02, 2.43798912e-01, 1.57233963e+02, 3.06142426e+02,
       4.31860745e-01, 5.54947205e+02, 3.84454803e+02, 1.90064460e-01,
       3.45306244e+02, 4.45178101e+02, 2.72192150e-01, 1.63091354e+02,
       5.19669067e+02, 3.01908284e-01, 9.15378967e+02, 3.21767212e+02,
       8.83600831e-01, 9.19321594e+02, 3.60949768e+02, 7.66737998e-01,
       8.84122925e+02, 2.96333984e+02, 6.49755001e-01, 9.11478760e+02,
       3.80587189e+02, 1.82277143e-01, 1.10230789e+02, 5.64697876e+02,
       1.64034322e-01, 1.16096672e+02, 5.64735596e+02, 1.94613531e-01,
       1.35692719e+02, 5.07917084e+02, 1.43280849e-01, 1.04353554e+02,
       2.88463196e+02, 1.60325497e-01, 0., 0., 0., 1.47466949e+02,
       3.11980927e+02, 2.69860178e-01 ]
