%YAML:1.0
---
pose_0: !!opencv-matrix
   rows: 1
   cols: 25
   dt: "3f"
   data: [ 9.50688477e+02, 2.25840561e+02, 7.72600949e-01,
       8.95819153e+02, 3.02202911e+02, 5.17693698e-01, 8.86063110e+02,
       2.74745911e+02, 2.32564807e-01, 0., 0., 0., 0., 0., 0.,
       8.97796936e+02, 3.25723511e+02, 5.37915885e-01, 7.56731812e+02,
       3.29646088e+02, 7.20094800e-01, 6.98018982e+02, 1.92447189e+02,
       7.82367170e-01, 7.25376465e+02, 3.04141693e+02, 2.26841629e-01,
       7.41032959e+02, 2.76748749e+02, 8.48730206e-02, 3.39450043e+02,
       2.63036682e+02, 6.74778000e-02, 1.61119431e+02, 3.33563782e+02,
       2.63196588e-01, 6.97943359e+02, 3.06158569e+02, 1.76028758e-01,
       5.72580383e+02, 2.92436676e+02, 6.15525842e-02, 0., 0., 0.,
       9.68269836e+02, 2.23839691e+02, 2.09263697e-01, 9.76160889e+02,
       2.41375443e+02, 7.85813034e-01, 0., 0., 0., 9.66411072e+02,
       2.96319855e+02, 7.72770226e-01, 0., 0., 0., 0., 0., 0., 0., 0.,
       0., 1.33713104e+02, 2.82615784e+02, 1.23888120e-01,
       1.31799591e+02, 2.86492554e+02, 1.00624211e-01, 0., 0., 0. ]
