%YAML:1.0
---
pose_0: !!opencv-matrix
   rows: 1
   cols: 25
   dt: "3f"
   data: [ 9.42796753e+02, 3.15924316e+02, 7.49622107e-01,
       8.40948975e+02, 3.37513916e+02, 6.44261658e-01, 8.17442688e+02,
       2.61036163e+02, 5.15808642e-01, 7.58655518e+02, 2.15997696e+02,
       1.80243909e-01, 7.45003296e+02, 1.80710190e+02, 1.46013170e-01,
       8.68404114e+02, 4.15831879e+02, 6.26146257e-01, 7.95905884e+02,
       5.17686584e+02, 7.25342870e-01, 7.91998901e+02, 4.51104462e+02,
       4.52656478e-01, 5.58851563e+02, 3.82535095e+02, 7.93504342e-02,
       5.52971008e+02, 3.49234009e+02, 1.14277929e-01, 3.72731720e+02,
       3.51196899e+02, 1.07506670e-01, 3.39447906e+02, 3.57077393e+02,
       6.74846619e-02, 5.49055481e+02, 4.45201996e+02, 6.06229156e-02,
       0., 0., 0., 0., 0., 0., 9.46715942e+02, 2.90472412e+02,
       8.68653893e-01, 9.58495789e+02, 3.29632629e+02, 7.61138499e-01,
       9.17332764e+02, 2.72722229e+02, 6.33121073e-01, 9.48722107e+02,
       3.49260895e+02, 2.22162068e-01, 0., 0., 0., 0., 0., 0., 0., 0.,
       0., 0., 0., 0., 0., 0., 0., 0., 0., 0. ]
