%YAML:1.0
---
pose_0: !!opencv-matrix
   rows: 1
   cols: 25
   dt: "3f"
   data: [ 9.31013123e+02, 2.25757126e+02, 8.17066550e-01,
       8.21285461e+02, 2.29720795e+02, 6.54632807e-01, 8.07681519e+02,
       1.49397644e+02, 7.11983502e-01, 6.82290222e+02, 1.10200050e+02,
       6.76622987e-01, 5.80432678e+02, 1.18088600e+02, 8.20941329e-01,
       8.25259094e+02, 3.17896393e+02, 6.36083245e-01, 7.17524048e+02,
       3.98240265e+02, 7.81938255e-01, 6.50919312e+02, 3.64867920e+02,
       7.68620610e-01, 5.56899719e+02, 2.43440063e+02, 1.57293379e-01,
       5.51019348e+02, 1.96391830e+02, 1.64998487e-01, 3.68823975e+02,
       1.98384308e+02, 6.63649812e-02, 0., 0., 0., 5.54942017e+02,
       3.00254883e+02, 1.62918419e-01, 3.51188232e+02, 3.19866699e+02,
       9.71867293e-02, 1.08249718e+02, 3.66928833e+02, 1.18252791e-01,
       9.33128845e+02, 2.00335114e+02, 8.31554890e-01, 9.42871277e+02,
       2.41387482e+02, 8.17033529e-01, 9.07567444e+02, 1.78795456e+02,
       6.46042585e-01, 9.33024780e+02, 2.59015106e+02, 1.78250566e-01,
       0., 0., 0., 0., 0., 0., 9.06513748e+01, 3.68837128e+02,
       9.00820866e-02, 0., 0., 0., 0., 0., 0., 0., 0., 0. ]
