%YAML:1.0
---
pose_0: !!opencv-matrix
   rows: 2
   cols: 25
   dt: "3f"
   data: [ 1.00949438e+03, 2.19894623e+02, 7.81456590e-01,
       8.68358032e+02, 2.41422409e+02, 5.94014645e-01, 8.54637207e+02,
       1.49415268e+02, 6.30907416e-01, 7.13572083e+02, 9.83973999e+01,
       7.08458066e-01, 5.78413086e+02, 8.86879120e+01, 8.05266142e-01,
       8.74286743e+02, 3.33570129e+02, 5.46169877e-01, 7.27295288e+02,
       4.02179626e+02, 7.33919024e-01, 7.93916565e+02, 2.66901245e+02,
       7.38933265e-01, 6.23498596e+02, 2.43453125e+02, 1.52759582e-01,
       6.19586121e+02, 1.94477249e+02, 2.20240906e-01, 3.60966095e+02,
       1.51380447e+02, 2.66787052e-01, 3.55134613e+02, 1.55308716e+02,
       8.04223120e-02, 6.31316284e+02, 3.00226379e+02, 6.70997500e-02,
       0., 0., 0., 0., 0., 0., 1.01536438e+03, 1.94355484e+02,
       8.02508354e-01, 1.02511633e+03, 2.41521988e+02, 7.46046424e-01,
       9.80113281e+02, 1.59213821e+02, 2.90546805e-01, 9.95745056e+02,
       2.74723938e+02, 1.41517952e-01, 0., 0., 0., 0., 0., 0., 0., 0.,
       0., 0., 0., 0., 0., 0., 0., 0., 0., 0., 0., 0., 0., 0., 0., 0.,
       0., 0., 0., 0., 0., 0., 0., 0., 0., 0., 0., 0., 0., 0., 0., 0.,
       0., 0., 0., 0., 0., 0., 0., 0., 0., 0., 0., 0., 0., 0.,
       5.51030945e+02, 2.88499512e+02, 1.07429184e-01, 5.03993622e+02,
       3.21758118e+02, 1.78124025e-01, 3.21784943e+02, 2.90435150e+02,
       2.10220903e-01, 0., 0., 0., 0., 0., 0., 0., 0., 0., 0., 0., 0.,
       0., 0., 0., 0., 0., 0., 0., 0., 0., 0., 0., 0., 0., 0., 0., 0.,
       0., 0. ]
