%YAML:1.0
---
pose_0: !!opencv-matrix
   rows: 1
   cols: 25
   dt: "3f"
   data: [ 9.17457886e+02, 3.55156433e+02, 8.06183875e-01,
       7.99811462e+02, 3.31585602e+02, 6.30986094e-01, 7.91983215e+02,
       2.53191772e+02, 6.13949835e-01, 6.64671814e+02, 1.96422501e+02,
       8.37372482e-01, 7.29236206e+02, 1.94522675e+02, 8.70394468e-01,
       8.01736633e+02, 4.09973389e+02, 5.59575796e-01, 6.82263245e+02,
       4.78596252e+02, 8.09465349e-01, 8.01792297e+02, 4.92211395e+02,
       8.06723595e-01, 5.37296814e+02, 3.80558075e+02, 1.95242986e-01,
       5.41230347e+02, 3.31602325e+02, 2.63632298e-01, 3.62930817e+02,
       3.53105896e+02, 3.10270876e-01, 1.63080002e+02, 3.19877167e+02,
       1.09407686e-01, 5.25564819e+02, 4.31534119e+02, 1.66880563e-01,
       3.82490417e+02, 4.72631866e+02, 3.28413606e-01, 1.94421646e+02,
       5.19668274e+02, 3.17288399e-01, 9.32993103e+02, 3.29639282e+02,
       8.27021718e-01, 9.35013611e+02, 3.66817261e+02, 7.88686514e-01,
       9.07587219e+02, 2.90538696e+02, 7.73339570e-01, 0., 0., 0.,
       1.29808258e+02, 5.70628784e+02, 2.59111196e-01, 1.33741577e+02,
       5.72505493e+02, 2.69392580e-01, 1.69012878e+02, 5.09850281e+02,
       1.81526214e-01, 1.37631088e+02, 3.06124786e+02, 1.11395240e-01,
       1.41526947e+02, 3.06117554e+02, 1.07292563e-01, 0., 0., 0. ]
