%YAML:1.0
---
pose_0: !!opencv-matrix
   rows: 1
   cols: 25
   dt: "3f"
   data: [ 1.00355518e+03, 2.23785507e+02, 6.82795525e-01,
       8.50751465e+02, 2.43420441e+02, 4.09632236e-01, 8.46861206e+02,
       1.49451370e+02, 5.00812113e-01, 7.07733154e+02, 8.66838760e+01,
       7.08854020e-01, 5.84284851e+02, 1.02346954e+02, 7.52400339e-01,
       8.58637024e+02, 3.51134735e+02, 5.75358510e-01, 6.97877686e+02,
       4.13804443e+02, 7.83077359e-01, 8.07722900e+02, 2.88414948e+02,
       7.64828503e-01, 5.45137817e+02, 2.39509537e+02, 1.51635498e-01,
       5.62761108e+02, 1.88589996e+02, 2.15648800e-01, 3.53142914e+02,
       1.35651138e+02, 4.76396233e-01, 0., 0., 0., 5.15758789e+02,
       2.88496826e+02, 1.53201744e-01, 3.45292969e+02, 3.08102264e+02,
       1.00460984e-01, 0., 0., 0., 1.01146570e+03, 1.98339890e+02,
       7.53811002e-01, 1.01925836e+03, 2.47371201e+02, 6.94027960e-01,
       9.85944397e+02, 1.61168015e+02, 2.94921905e-01, 9.95782898e+02,
       2.82594025e+02, 1.94183484e-01, 0., 0., 0., 0., 0., 0., 0., 0.,
       0., 0., 0., 0., 0., 0., 0., 0., 0., 0. ]
