%YAML:1.0
---
pose_0: !!opencv-matrix
   rows: 1
   cols: 25
   dt: "3f"
   data: [ 8.74254883e+02, 2.27693039e+02, 8.31124544e-01,
       8.03714233e+02, 2.04268127e+02, 5.65580070e-01, 7.97866516e+02,
       1.55247177e+02, 6.63483799e-01, 7.86105896e+02, 2.29777069e+02,
       6.97130859e-01, 7.66527588e+02, 3.37398773e+02, 7.44959295e-01,
       7.92008545e+02, 2.41428833e+02, 2.74004400e-01, 0., 0., 0., 0.,
       0., 0., 6.01952209e+02, 2.23829422e+02, 5.39101399e-02, 0., 0.,
       0., 0., 0., 0., 0., 0., 0., 0., 0., 0., 0., 0., 0., 0., 0., 0.,
       8.82106873e+02, 2.10031982e+02, 8.56017172e-01, 8.87984558e+02,
       2.37511337e+02, 7.46774912e-01, 8.66418823e+02, 1.86622971e+02,
       6.73533559e-01, 8.78208740e+02, 2.57147369e+02, 1.64116055e-01,
       0., 0., 0., 0., 0., 0., 0., 0., 0., 0., 0., 0., 0., 0., 0., 0.,
       0., 0. ]
