%YAML:1.0
---
pose_0: !!opencv-matrix
   rows: 1
   cols: 25
   dt: "3f"
   data: [ 8.99707703e+02, 3.53162506e+02, 8.49375963e-01,
       8.05652222e+02, 3.17831512e+02, 6.22212470e-01, 8.17480591e+02,
       2.72751343e+02, 6.68336093e-01, 7.15573181e+02, 3.08063599e+02,
       7.78855920e-01, 8.19356567e+02, 4.25582275e+02, 7.90019751e-01,
       7.78282349e+02, 3.53209534e+02, 4.26138520e-01, 6.84272705e+02,
       4.17866882e+02, 8.01027477e-01, 7.62618530e+02, 4.47187378e+02,
       8.56665671e-01, 5.68661316e+02, 3.08065216e+02, 2.40725070e-01,
       5.58832153e+02, 2.90436035e+02, 2.06436589e-01, 3.21774170e+02,
       3.47272461e+02, 2.46469945e-01, 1.23944557e+02, 3.35570709e+02,
       2.73577631e-01, 5.68652832e+02, 3.25698334e+02, 1.48725182e-01,
       3.25709412e+02, 3.47271088e+02, 8.69172141e-02, 1.39588135e+02,
       3.37429474e+02, 1.36422664e-01, 9.15465637e+02, 3.25752747e+02,
       7.38246202e-01, 9.17348816e+02, 3.64904602e+02, 7.90993989e-01,
       8.95843140e+02, 2.90368347e+02, 7.92642236e-01, 0., 0., 0., 0.,
       0., 0., 0., 0., 0., 0., 0., 0., 9.25936432e+01, 3.55117126e+02,
       8.09026286e-02, 8.86731262e+01, 3.51137726e+02, 7.26910755e-02,
       1.00397491e+02, 3.35474365e+02, 1.85495809e-01 ]
