%YAML:1.0
---
pose_0: !!opencv-matrix
   rows: 1
   cols: 25
   dt: "3f"
   data: [ 9.48664856e+02, 2.90537811e+02, 8.55137765e-01,
       8.25320679e+02, 3.08134094e+02, 6.35405898e-01, 8.17441345e+02,
       2.23823105e+02, 6.08808577e-01, 6.66671326e+02, 1.92481049e+02,
       7.13784754e-01, 5.52920898e+02, 1.82707932e+02, 7.27847815e-01,
       8.36996033e+02, 3.98224396e+02, 5.91052055e-01, 6.96021301e+02,
       4.45137848e+02, 7.30612040e-01, 5.58921509e+02, 4.76526489e+02,
       8.13702464e-01, 5.64730225e+02, 3.19831818e+02, 1.57653227e-01,
       5.68634033e+02, 2.70839905e+02, 2.65700907e-01, 3.49205627e+02,
       2.41486145e+02, 2.39905223e-01, 2.19907669e+02, 2.19929077e+02,
       5.17288335e-02, 5.39251099e+02, 3.70783508e+02, 9.61479694e-02,
       4.49147858e+02, 3.86490448e+02, 6.87511042e-02, 0., 0., 0.,
       9.56592773e+02, 2.70836761e+02, 8.35518599e-01, 9.64441589e+02,
       3.06101501e+02, 8.49754155e-01, 9.27161133e+02, 2.45406906e+02,
       6.85663819e-01, 9.58496826e+02, 3.33491882e+02, 1.32621437e-01,
       0., 0., 0., 0., 0., 0., 0., 0., 0., 0., 0., 0., 0., 0., 0., 0.,
       0., 0. ]
