%YAML:1.0
---
pose_0: !!opencv-matrix
   rows: 1
   cols: 25
   dt: "3f"
   data: [ 9.82052124e+02, 2.96335724e+02, 6.72269046e-01,
       8.58621094e+02, 3.35516144e+02, 6.93660200e-01, 8.35121521e+02,
       2.59135590e+02, 6.95846856e-01, 7.11648560e+02, 2.51267731e+02,
       5.70566893e-01, 5.90229553e+02, 2.21883820e+02, 7.78904438e-01,
       8.82111389e+02, 4.11938873e+02, 6.29072905e-01, 7.44918091e+02,
       4.60931427e+02, 7.71488428e-01, 7.60632019e+02, 3.21834900e+02,
       6.50638998e-01, 5.39266968e+02, 3.47270813e+02, 9.76855606e-02,
       5.64735840e+02, 3.00241913e+02, 1.34893879e-01, 5.23557678e+02,
       2.63041138e+02, 6.56207949e-02, 3.31597717e+02, 2.49298172e+02,
       6.52710795e-02, 5.29461975e+02, 3.98205292e+02, 8.78575891e-02,
       3.45292816e+02, 3.82528717e+02, 1.16222031e-01, 0., 0., 0.,
       9.85953796e+02, 2.72857758e+02, 6.65185809e-01, 9.99627075e+02,
       3.10050415e+02, 7.93650687e-01, 9.48750244e+02, 2.57154327e+02,
       4.42703485e-01, 9.91766846e+02, 3.37520691e+02, 5.14650583e-01,
       0., 0., 0., 0., 0., 0., 0., 0., 0., 0., 0., 0., 0., 0., 0., 0.,
       0., 0. ]
