%YAML:1.0
---
pose_0: !!opencv-matrix
   rows: 1
   cols: 25
   dt: "3f"
   data: [ 9.13378296e+02, 3.62908325e+02, 7.39168048e-01,
       8.05627502e+02, 3.51205353e+02, 6.86991036e-01, 7.95900940e+02,
       2.74795074e+02, 6.57668412e-01, 6.76358276e+02, 1.96372360e+02,
       7.77096152e-01, 7.46992126e+02, 2.06199142e+02, 7.75614858e-01,
       8.03724670e+02, 4.37395020e+02, 5.50146818e-01, 6.84293884e+02,
       4.98098297e+02, 7.52934098e-01, 7.99814819e+02, 4.96228271e+02,
       7.29381323e-01, 5.47104370e+02, 3.66888824e+02, 2.58408695e-01,
       5.41192749e+02, 3.25717926e+02, 3.94289434e-01, 3.47286255e+02,
       3.35530731e+02, 2.30200648e-01, 0., 0., 0., 5.51009827e+02,
       4.15844666e+02, 1.95853993e-01, 3.60976349e+02, 4.62845276e+02,
       2.31297135e-01, 1.67033707e+02, 5.25508789e+02, 1.17038332e-01,
       9.21283508e+02, 3.37419556e+02, 7.99101651e-01, 9.27169128e+02,
       3.76656067e+02, 7.26079643e-01, 8.99703613e+02, 3.08062317e+02,
       6.54284000e-01, 9.17345886e+02, 3.96264069e+02, 6.38803095e-02,
       1.33697037e+02, 5.07899323e+02, 8.80205780e-02, 1.33777359e+02,
       5.17670410e+02, 8.60328972e-02, 0., 0., 0., 0., 0., 0., 0., 0.,
       0., 0., 0., 0. ]
