%YAML:1.0
---
pose_0: !!opencv-matrix
   rows: 1
   cols: 25
   dt: "3f"
   data: [ 8.78147095e+02, 4.13835358e+02, 7.83042967e-01,
       7.64544373e+02, 4.55023010e+02, 6.94010794e-01, 7.37147522e+02,
       4.15932770e+02, 6.15725935e-01, 6.05869080e+02, 3.98167389e+02,
       7.84328759e-01, 5.47086243e+02, 3.53249390e+02, 8.21533561e-01,
       7.93946411e+02, 5.02037201e+02, 6.78533316e-01, 7.11682800e+02,
       4.33451111e+02, 4.49423611e-01, 6.31355225e+02, 3.19766815e+02,
       7.62302876e-01, 4.98100677e+02, 4.96137024e+02, 3.49777967e-01,
       5.07917023e+02, 4.55005524e+02, 3.87720436e-01, 3.66821930e+02,
       3.84514313e+02, 4.65120524e-01, 1.72916565e+02, 4.00150421e+02,
       4.67100739e-01, 4.94184601e+02, 5.31442444e+02, 3.64322692e-01,
       3.51150574e+02, 5.56971741e+02, 5.28413832e-01, 1.96425873e+02,
       6.37208801e+02, 3.93270731e-01, 8.72329407e+02, 4.00086853e+02,
       8.17425013e-01, 8.86078552e+02, 4.27534943e+02, 7.59301305e-01,
       8.37089417e+02, 3.96263062e+02, 4.03508395e-01, 8.68365173e+02,
       4.60804016e+02, 6.78167343e-01, 1.31739975e+02, 6.37237183e+02,
       2.54991531e-01, 1.37668930e+02, 6.48954163e+02, 2.50193119e-01,
       1.80717484e+02, 6.41146118e+02, 1.50913537e-01, 1.29753632e+02,
       4.11912415e+02, 1.05168514e-01, 0., 0., 0., 1.55277100e+02,
       4.06058899e+02, 2.23805457e-01 ]
