%YAML:1.0
---
pose_0: !!opencv-matrix
   rows: 1
   cols: 25
   dt: "3f"
   data: [ 8.82041321e+02, 2.39458939e+02, 5.57744622e-01,
       7.72426392e+02, 2.74813812e+02, 6.98497951e-01, 7.43012451e+02,
       2.27824631e+02, 6.30406857e-01, 7.13547913e+02, 1.59145004e+02,
       7.61382043e-01, 8.11569397e+02, 1.61154572e+02, 8.13656151e-01,
       8.01770996e+02, 3.29658691e+02, 6.46304607e-01, 7.39073181e+02,
       2.74727539e+02, 5.39555967e-01, 8.37091675e+02, 2.41455963e+02,
       6.63931608e-01, 5.52995300e+02, 3.47253601e+02, 2.14782447e-01,
       5.52975952e+02, 2.94370361e+02, 2.27007866e-01, 3.27665466e+02,
       2.90488586e+02, 1.46911159e-01, 1.39605042e+02, 3.13984802e+02,
       2.08145678e-01, 5.54915771e+02, 3.90374420e+02, 2.28959113e-01,
       3.59034698e+02, 4.60875885e+02, 4.35056716e-01, 2.25824081e+02,
       5.78436462e+02, 3.62328887e-01, 8.86046692e+02, 2.39452347e+02,
       3.47506374e-01, 8.86071899e+02, 2.53200256e+02, 7.23885179e-01,
       0., 0., 0., 8.68449890e+02, 2.90538544e+02, 8.01867485e-01, 0.,
       0., 0., 0., 0., 0., 2.19908600e+02, 5.99974548e+02,
       2.60568798e-01, 0., 0., 0., 0., 0., 0., 0., 0., 0. ]
