%YAML:1.0
---
pose_0: !!opencv-matrix
   rows: 1
   cols: 25
   dt: "3f"
   data: [ 9.31156189e+02, 3.68829010e+02, 8.57793868e-01,
       8.52671814e+02, 3.02213165e+02, 4.37061369e-01, 8.52755859e+02,
       2.90415100e+02, 6.47994578e-01, 7.58669861e+02, 2.43390854e+02,
       7.87694693e-01, 6.50946716e+02, 3.80562683e+02, 8.09320211e-01,
       8.58624817e+02, 3.08082642e+02, 2.41321981e-01, 0., 0., 0., 0.,
       0., 0., 6.50932190e+02, 3.17845032e+02, 1.21230006e-01,
       6.41134888e+02, 2.92395721e+02, 1.15273789e-01, 4.78522888e+02,
       2.90439697e+02, 1.18258968e-01, 3.47243347e+02, 3.35505371e+02,
       6.60326853e-02, 6.46982483e+02, 3.49214539e+02, 6.53884262e-02,
       0., 0., 0., 0., 0., 0., 9.46676331e+02, 3.49185150e+02,
       7.79375434e-01, 9.46807556e+02, 3.70803040e+02, 4.68705773e-01,
       9.27161377e+02, 3.02136475e+02, 8.11344147e-01, 0., 0., 0., 0.,
       0., 0., 0., 0., 0., 0., 0., 0., 0., 0., 0., 0., 0., 0., 0., 0.,
       0. ]
