%YAML:1.0
---
pose_0: !!opencv-matrix
   rows: 1
   cols: 25
   dt: "3f"
   data: [ 9.19307434e+02, 1.80799347e+02, 8.24073076e-01,
       8.50754761e+02, 2.59183350e+02, 5.96388936e-01, 8.21351196e+02,
       2.39477448e+02, 4.21857059e-01, 7.11645752e+02, 2.41425247e+02,
       1.59219921e-01, 0., 0., 0., 8.72367554e+02, 2.88499207e+02,
       6.39527142e-01, 7.29356323e+02, 3.35527863e+02, 7.32640505e-01,
       6.03841492e+02, 2.16047150e+02, 6.79367483e-01, 6.33295410e+02,
       3.06141083e+02, 9.22020674e-02, 0., 0., 0., 0., 0., 0., 0., 0.,
       0., 0., 0., 0., 0., 0., 0., 0., 0., 0., 9.38951599e+02,
       1.78709763e+02, 2.17125356e-01, 9.48662476e+02, 1.94399048e+02,
       8.29568923e-01, 0., 0., 0., 9.50660400e+02, 2.55191910e+02,
       8.15433145e-01, 0., 0., 0., 0., 0., 0., 0., 0., 0., 0., 0., 0.,
       0., 0., 0., 0., 0., 0. ]
