%YAML:1.0
---
pose_0: !!opencv-matrix
   rows: 1
   cols: 25
   dt: "3f"
   data: [ 9.56554810e+02, 3.00228149e+02, 7.44166195e-01,
       8.40997803e+02, 2.74849335e+02, 6.28558815e-01, 8.40944702e+02,
       1.82705719e+02, 6.50372028e-01, 7.27323364e+02, 1.16026352e+02,
       7.91461587e-01, 6.31364197e+02, 1.82674896e+02, 7.79354930e-01,
       8.35074829e+02, 3.64842224e+02, 5.48269808e-01, 7.25333801e+02,
       4.13785400e+02, 7.06894100e-01, 6.07855042e+02, 4.64863861e+02,
       7.08102584e-01, 5.90189880e+02, 3.35495148e+02, 9.49321985e-02,
       5.64729553e+02, 2.92421204e+02, 8.38251412e-02, 2.90463318e+02,
       2.96321106e+02, 6.27043247e-02, 0., 0., 0., 6.01947632e+02,
       3.64911255e+02, 1.22971781e-01, 3.49222900e+02, 3.80572540e+02,
       9.20897946e-02, 1.80738083e+02, 3.96232666e+02, 1.21596433e-01,
       9.68304626e+02, 2.72740784e+02, 8.31427336e-01, 9.68348938e+02,
       3.17796082e+02, 7.43811250e-01, 9.46783997e+02, 2.37523087e+02,
       3.70786279e-01, 0., 0., 0., 1.33698029e+02, 3.84534821e+02,
       7.72833824e-02, 0., 0., 0., 0., 0., 0., 0., 0., 0., 0., 0., 0.,
       0., 0., 0. ]
