%YAML:1.0
---
pose_0: !!opencv-matrix
   rows: 2
   cols: 25
   dt: "3f"
   data: [ 8.93884705e+02, 3.58993500e+02, 7.30395555e-01,
       8.15466248e+02, 3.06118469e+02, 4.54009235e-01, 8.21442322e+02,
       2.74810791e+02, 7.32181907e-01, 7.13715698e+02, 2.98260010e+02,
       7.55425930e-01, 7.48903870e+02, 4.25638000e+02, 8.01696539e-01,
       8.05683411e+02, 3.39411438e+02, 2.08611056e-01, 0., 0., 0., 0.,
       0., 0., 5.02046692e+02, 3.00251862e+02, 2.68059194e-01,
       4.98127686e+02, 3.02185974e+02, 2.78993398e-01, 3.37506622e+02,
       3.74672913e+02, 5.55959046e-01, 1.27836166e+02, 3.47251007e+02,
       5.26509523e-01, 0., 0., 0., 0., 0., 0., 0., 0., 0.,
       9.09539490e+02, 3.35469604e+02, 7.51201451e-01, 9.13399719e+02,
       3.68741150e+02, 8.03422511e-01, 8.86062073e+02, 2.94357361e+02,
       7.31367707e-01, 0., 0., 0., 0., 0., 0., 0., 0., 0., 0., 0., 0.,
       8.47746811e+01, 3.62954437e+02, 9.74256694e-02, 8.47800903e+01,
       3.53163788e+02, 1.13410510e-01, 1.10197029e+02, 3.39458862e+02,
       3.45696360e-01, 0., 0., 0., 0., 0., 0., 0., 0., 0., 0., 0., 0.,
       0., 0., 0., 6.66584839e+02, 3.25744110e+02, 6.74417764e-02,
       6.48967346e+02, 3.82492950e+02, 6.77576423e-01, 6.97908691e+02,
       4.74606476e+02, 7.61558592e-01, 0., 0., 0., 0., 0., 0., 0., 0.,
       0., 0., 0., 0., 0., 0., 0., 0., 0., 0., 0., 0., 0., 0., 0., 0.,
       0., 0., 0., 0., 0., 0., 0., 0., 0., 0., 0., 0., 0., 0., 0., 0.,
       0., 0., 0., 0., 0., 0., 0., 0., 0., 0., 0. ]
