%YAML:1.0
---
pose_0: !!opencv-matrix
   rows: 1
   cols: 25
   dt: "3f"
   data: [ 9.15467102e+02, 2.72848572e+02, 8.43303442e-01,
       8.21415649e+02, 2.72762177e+02, 7.23639786e-01, 8.21387512e+02,
       1.94472244e+02, 6.93540573e-01, 7.11657104e+02, 1.21998444e+02,
       8.16052020e-01, 6.50883606e+02, 1.82762894e+02, 8.30920935e-01,
       8.23417908e+02, 3.47251770e+02, 6.80419922e-01, 7.39094727e+02,
       4.31434998e+02, 8.31127107e-01, 6.98030090e+02, 4.15807495e+02,
       8.34248841e-01, 5.90187378e+02, 2.90448761e+02, 2.21445754e-01,
       5.84328857e+02, 2.45434631e+02, 3.57248724e-01, 4.45241364e+02,
       2.74787445e+02, 8.58843774e-02, 4.00187073e+02, 2.74790253e+02,
       6.18668906e-02, 5.86270996e+02, 3.47238037e+02, 2.18117163e-01,
       4.78549438e+02, 3.53132874e+02, 1.03387982e-01, 3.86454773e+02,
       3.57056915e+02, 9.28220525e-02, 9.27154907e+02, 2.51250183e+02,
       7.47034013e-01, 9.31030640e+02, 2.88404327e+02, 8.27303469e-01,
       9.01646240e+02, 2.27848801e+02, 7.54080236e-01, 9.11493713e+02,
       3.04161499e+02, 4.26039129e-01, 0., 0., 0., 0., 0., 0., 0., 0.,
       0., 0., 0., 0., 0., 0., 0., 0., 0., 0. ]
