%YAML:1.0
---
pose_0: !!opencv-matrix
   rows: 1
   cols: 25
   dt: "3f"
   data: [ 9.38915039e+02, 3.17881073e+02, 6.90734982e-01,
       8.33090088e+02, 2.96349030e+02, 6.42769158e-01, 8.23321899e+02,
       2.12099670e+02, 7.00279295e-01, 6.96041931e+02, 1.78679092e+02,
       8.37210894e-01, 6.49049866e+02, 2.27733719e+02, 8.65422249e-01,
       8.38992676e+02, 3.80557495e+02, 4.53976154e-01, 7.56678528e+02,
       4.45196442e+02, 8.36377621e-01, 8.56664795e+02, 3.47216614e+02,
       7.94482410e-01, 5.86299133e+02, 2.96341370e+02, 2.51563966e-01,
       5.86256409e+02, 2.59103027e+02, 3.56586814e-01, 3.84479614e+02,
       2.57170990e+02, 2.52278864e-01, 1.92459290e+02, 2.82628235e+02,
       4.20218080e-01, 5.58847717e+02, 3.47257568e+02, 1.53674781e-01,
       3.92306885e+02, 3.80572662e+02, 1.14230931e-01, 1.18072220e+02,
       3.84439941e+02, 1.97235107e-01, 9.54629089e+02, 2.88574951e+02,
       8.19997549e-01, 9.50728821e+02, 3.35417175e+02, 7.94684410e-01,
       9.33105957e+02, 2.59085449e+02, 5.81004441e-01, 0., 0., 0., 0.,
       0., 0., 0., 0., 0., 1.14089378e+02, 3.92332245e+02,
       9.19459462e-02, 1.39589005e+02, 2.49320755e+02, 1.78704992e-01,
       1.43496155e+02, 2.51260208e+02, 1.70037210e-01, 1.80761276e+02,
       2.90439911e+02, 2.89858311e-01 ]
