%YAML:1.0
---
pose_0: !!opencv-matrix
   rows: 1
   cols: 25
   dt: "3f"
   data: [ 9.31093506e+02, 3.08108673e+02, 8.24709237e-01,
       8.09626526e+02, 3.21787689e+02, 6.40405357e-01, 8.03742859e+02,
       2.41529175e+02, 6.57939672e-01, 6.94020325e+02, 1.98439331e+02,
       7.09413588e-01, 6.23470581e+02, 1.78836548e+02, 8.54328752e-01,
       8.19410522e+02, 4.04063568e+02, 5.77014506e-01, 7.13567505e+02,
       4.60960205e+02, 6.91992164e-01, 5.56985779e+02, 5.33413147e+02,
       7.30144501e-01, 5.52979309e+02, 3.43366211e+02, 2.48081177e-01,
       5.54943176e+02, 3.02190735e+02, 3.55252773e-01, 3.17892883e+02,
       3.10070374e+02, 2.58752048e-01, 0., 0., 0., 5.52968750e+02,
       3.90378967e+02, 2.41352469e-01, 4.00139923e+02, 4.49155212e+02,
       1.04113407e-01, 0., 0., 0., 9.33009705e+02, 2.88567352e+02,
       8.55303407e-01, 9.46697083e+02, 3.21812042e+02, 8.07275295e-01,
       9.01705994e+02, 2.70860046e+02, 5.39260328e-01, 9.33048706e+02,
       3.49212006e+02, 3.20579529e-01, 0., 0., 0., 0., 0., 0., 0., 0.,
       0., 0., 0., 0., 0., 0., 0., 0., 0., 0. ]
