%YAML:1.0
---
pose_0: !!opencv-matrix
   rows: 1
   cols: 25
   dt: "3f"
   data: [ 9.17418152e+02, 3.35465393e+02, 8.00126195e-01,
       8.21437866e+02, 2.59046265e+02, 6.73032463e-01, 8.31187195e+02,
       2.25837448e+02, 6.43044949e-01, 7.42921936e+02, 2.74709351e+02,
       7.98586667e-01, 8.25273193e+02, 3.96223663e+02, 6.86050177e-01,
       8.11570068e+02, 2.90476288e+02, 3.97469074e-01, 7.39080627e+02,
       3.78618134e+02, 7.97287345e-01, 8.23299683e+02, 3.94283661e+02,
       6.22317672e-01, 5.62753052e+02, 2.72836975e+02, 3.45275223e-01,
       5.62770874e+02, 2.41422546e+02, 3.69711220e-01, 4.04077942e+02,
       2.61077332e+02, 1.06178544e-01, 1.41527588e+02, 3.08067291e+02,
       1.55474290e-01, 5.56903198e+02, 3.04212738e+02, 3.04052263e-01,
       4.13898010e+02, 3.21833160e+02, 1.46502346e-01, 9.64934692e+01,
       2.43426880e+02, 1.04621150e-01, 9.33138123e+02, 3.19813019e+02,
       8.26174855e-01, 0., 0., 0., 9.29100281e+02, 2.70801300e+02,
       8.21772277e-01, 0., 0., 0., 0., 0., 0., 0., 0., 0., 0., 0., 0.,
       1.14122887e+02, 3.96229614e+02, 1.80866674e-01, 1.16075150e+02,
       3.92304504e+02, 1.58962131e-01, 1.18071808e+02, 3.06115417e+02,
       1.39567763e-01 ]
