%YAML:1.0
---
pose_0: !!opencv-matrix
   rows: 1
   cols: 25
   dt: "3f"
   data: [ 8.23326111e+02, 3.19870850e+02, 5.60966432e-01,
       7.44985352e+02, 3.02203888e+02, 6.90766335e-01, 7.58707825e+02,
       2.59096680e+02, 4.69654799e-01, 7.82214478e+02, 2.45380371e+02,
       4.56862241e-01, 8.97726563e+02, 3.33529053e+02, 7.03660727e-01,
       7.31254211e+02, 3.43358307e+02, 5.96855342e-01, 7.23375366e+02,
       4.47238495e+02, 8.24946582e-01, 8.01763733e+02, 4.29470367e+02,
       8.37647915e-01, 5.05973999e+02, 2.61075531e+02, 3.00411344e-01,
       5.07911285e+02, 2.23868256e+02, 3.22129548e-01, 3.35503204e+02,
       1.90533371e+02, 3.69572788e-01, 1.90526062e+02, 1.33787430e+02,
       2.11548075e-01, 5.07876740e+02, 3.04196899e+02, 3.44369531e-01,
       3.37465729e+02, 3.51099152e+02, 5.09851217e-01, 1.57207611e+02,
       3.23772980e+02, 5.96649408e-01, 8.31170715e+02, 3.08122467e+02,
       5.67025900e-01, 8.37026245e+02, 3.21858307e+02, 2.68148154e-01,
       8.23346985e+02, 2.84556824e+02, 2.77569294e-01, 0., 0., 0.,
       1.16122818e+02, 3.82473755e+02, 5.95421314e-01, 1.21986519e+02,
       3.82438293e+02, 4.90963161e-01, 1.39572723e+02, 3.08114899e+02,
       5.72082937e-01, 0., 0., 0., 0., 0., 0., 1.84648270e+02,
       1.33752090e+02, 1.45653337e-01 ]
