%YAML:1.0
---
pose_0: !!opencv-matrix
   rows: 1
   cols: 25
   dt: "3f"
   data: [ 8.88013062e+02, 4.45115265e+02, 7.75144756e-01,
       7.92035217e+02, 4.43250549e+02, 6.95394754e-01, 7.90028259e+02,
       3.66903931e+02, 7.22805500e-01, 6.68555420e+02, 3.37578308e+02,
       7.69998670e-01, 6.66589233e+02, 3.04184540e+02, 8.73018086e-01,
       7.90072510e+02, 5.17701172e+02, 5.87148011e-01, 6.80273743e+02,
       5.70568909e+02, 7.62631893e-01, 7.46971558e+02, 5.96038086e+02,
       6.31784797e-01, 5.56888733e+02, 4.53072845e+02, 3.63848984e-01,
       5.60827881e+02, 4.11933838e+02, 3.81516874e-01, 3.45329132e+02,
       3.88410217e+02, 3.22895706e-01, 0., 0., 0., 5.58846680e+02,
       4.96143341e+02, 3.99989456e-01, 3.96214539e+02, 5.15733215e+02,
       1.67190239e-01, 0., 0., 0., 9.01664063e+02, 4.25662781e+02,
       8.24325800e-01, 9.01715271e+02, 4.60803925e+02, 7.73460984e-01,
       8.84036621e+02, 4.04102386e+02, 6.78051114e-01, 8.95829041e+02,
       4.78457306e+02, 2.32479423e-01, 0., 0., 0., 0., 0., 0., 0., 0.,
       0., 0., 0., 0., 0., 0., 0., 0., 0., 0. ]
