%YAML:1.0
---
pose_0: !!opencv-matrix
   rows: 1
   cols: 25
   dt: "3f"
   data: [ 8.70342041e+02, 2.08181320e+02, 8.00076842e-01,
       7.86122681e+02, 2.39456955e+02, 6.67994380e-01, 7.86119934e+02,
       1.65089050e+02, 6.28933966e-01, 8.05641663e+02, 6.90306854e+01,
       6.18586838e-01, 8.62527771e+02, 2.20299511e+01, 7.60464489e-01,
       7.90072449e+02, 3.00227509e+02, 5.93868673e-01, 8.99662109e+02,
       3.41356415e+02, 8.05148602e-01, 9.01758850e+02, 2.68887543e+02,
       4.95995313e-01, 5.70585815e+02, 2.21895767e+02, 2.16688201e-01,
       5.64740295e+02, 1.80778259e+02, 2.47597486e-01, 3.35522675e+02,
       3.04114532e+02, 1.51707768e-01, 1.63124207e+02, 3.49207977e+02,
       4.16720033e-01, 5.60828552e+02, 2.61072754e+02, 1.66774988e-01,
       3.41408447e+02, 3.02229431e+02, 1.08483352e-01, 1.47444473e+02,
       3.53111694e+02, 8.13264102e-02, 8.83960449e+02, 2.02280457e+02,
       6.26706600e-01, 8.82147827e+02, 2.25707840e+02, 8.35308194e-01,
       0., 0., 0., 8.68410400e+02, 2.57200928e+02, 7.12662578e-01,
       1.02303429e+02, 3.94295105e+02, 2.45881215e-01, 1.12199348e+02,
       3.96230499e+02, 2.50530511e-01, 0., 0., 0., 1.08276520e+02,
       3.94258698e+02, 3.34800780e-01, 1.04325264e+02, 3.86469238e+02,
       2.98702091e-01, 1.47429047e+02, 3.41411285e+02, 2.59325713e-01 ]
