%YAML:1.0
---
pose_0: !!opencv-matrix
   rows: 1
   cols: 25
   dt: "3f"
   data: [ 8.68398743e+02, 2.25857010e+02, 7.97170758e-01,
       7.70430786e+02, 2.68854553e+02, 6.38855338e-01, 7.54746521e+02,
       2.12100494e+02, 6.53288782e-01, 7.43018738e+02, 1.23916603e+02,
       7.79883981e-01, 8.40964539e+02, 1.63086121e+02, 8.57683420e-01,
       7.82181824e+02, 3.19886200e+02, 4.31890845e-01, 8.05642639e+02,
       3.21774750e+02, 4.12506580e-01, 8.68427673e+02, 2.70877625e+02,
       5.56545258e-01, 5.41222961e+02, 3.08071838e+02, 3.50505829e-01,
       5.37293823e+02, 2.72748871e+02, 4.91517305e-01, 3.53100739e+02,
       2.86465454e+02, 4.50987428e-01, 1.61147156e+02, 3.02214111e+02,
       5.32647550e-01, 5.43187012e+02, 3.53096558e+02, 4.24291313e-01,
       3.66865784e+02, 4.08029205e+02, 7.02196181e-01, 2.39514557e+02,
       4.94272644e+02, 6.64324284e-01, 8.70290466e+02, 2.12025436e+02,
       6.65465117e-01, 8.84071777e+02, 2.33620346e+02, 6.41240060e-01,
       8.38985352e+02, 2.02273056e+02, 1.06276006e-01, 8.72359558e+02,
       2.61052338e+02, 2.46935710e-01, 1.67040894e+02, 5.05909119e+02,
       1.57813326e-01, 1.78809174e+02, 5.09915314e+02, 1.54218435e-01,
       2.23859451e+02, 5.05960419e+02, 3.92546862e-01, 1.35691391e+02,
       2.66948547e+02, 1.23971790e-01, 1.33767059e+02, 2.70869293e+02,
       1.27840564e-01, 1.47477798e+02, 3.08065094e+02, 3.79810810e-01 ]
