%YAML:1.0
---
pose_0: !!opencv-matrix
   rows: 1
   cols: 25
   dt: "3f"
   data: [ 8.84026184e+02, 4.11841217e+02, 8.47584307e-01,
       7.97896301e+02, 4.49173309e+02, 7.05171227e-01, 7.68495911e+02,
       4.13780914e+02, 6.80001438e-01, 6.33293335e+02, 3.98209625e+02,
       6.08086824e-01, 5.80371521e+02, 3.53186707e+02, 7.89004683e-01,
       8.31158325e+02, 4.96164581e+02, 6.33405447e-01, 7.76346558e+02,
       4.76531616e+02, 6.32290840e-01, 6.97878845e+02, 3.49236298e+02,
       7.97247410e-01, 5.43214783e+02, 4.90263611e+02, 3.11272383e-01,
       5.41268372e+02, 4.47200043e+02, 4.34878320e-01, 3.68763092e+02,
       4.31451477e+02, 5.79440713e-01, 1.76773331e+02, 4.31502869e+02,
       5.88525295e-01, 5.43213501e+02, 5.29493713e+02, 3.66560847e-01,
       3.64885223e+02, 5.76487793e+02, 6.02109134e-01, 2.17936584e+02,
       6.48954285e+02, 4.16789293e-01, 8.86014771e+02, 3.98145630e+02,
       8.96258712e-01, 8.97773438e+02, 4.23688477e+02, 8.27834547e-01,
       8.66468933e+02, 3.88380554e+02, 3.26595843e-01, 8.88019958e+02,
       4.55042969e+02, 6.59920573e-01, 1.49340714e+02, 6.37227051e+02,
       8.87205824e-02, 1.51349625e+02, 6.47021362e+02, 8.94289687e-02,
       2.02267838e+02, 6.54847229e+02, 1.92562491e-01, 1.35696609e+02,
       3.74692291e+02, 2.08370432e-01, 1.37644913e+02, 3.80577057e+02,
       1.67054266e-01, 1.61132996e+02, 4.35407501e+02, 3.47391427e-01 ]
