%YAML:1.0
---
pose_0: !!opencv-matrix
   rows: 1
   cols: 25
   dt: "3f"
   data: [ 9.97744568e+02, 3.19821655e+02, 8.06432605e-01,
       9.13462036e+02, 3.04133575e+02, 3.81038040e-01, 9.19349976e+02,
       2.31698959e+02, 4.88951832e-01, 8.60582214e+02, 1.86645935e+02,
       7.08687663e-01, 9.01696106e+02, 2.88541595e+02, 7.81379104e-01,
       8.99737366e+02, 3.68817657e+02, 2.44362608e-01, 8.37079651e+02,
       4.11908020e+02, 1.91635162e-01, 8.68400818e+02, 4.11861481e+02,
       2.87486732e-01, 0., 0., 0., 0., 0., 0., 0., 0., 0., 0., 0., 0.,
       0., 0., 0., 0., 0., 0., 0., 0., 0., 1.01340991e+03,
       2.88571716e+02, 8.06312561e-01, 1.01535864e+03, 3.35588501e+02,
       7.79160082e-01, 9.91794495e+02, 2.53213882e+02, 5.11806488e-01,
       0., 0., 0., 0., 0., 0., 0., 0., 0., 0., 0., 0., 0., 0., 0., 0.,
       0., 0., 0., 0., 0. ]
