%YAML:1.0
---
pose_0: !!opencv-matrix
   rows: 1
   cols: 25
   dt: "3f"
   data: [ 9.33077026e+02, 3.13922852e+02, 7.54165530e-01,
       8.23398010e+02, 2.92438751e+02, 6.66264057e-01, 8.35055908e+02,
       2.12035797e+02, 6.39332354e-01, 7.27248108e+02, 1.21957642e+02,
       7.55293071e-01, 6.05879578e+02, 1.67026230e+02, 7.80775249e-01,
       8.11558167e+02, 3.70746216e+02, 6.29098237e-01, 7.11698181e+02,
       4.29503113e+02, 8.18098128e-01, 6.19656860e+02, 4.80540985e+02,
       8.02290261e-01, 5.54946533e+02, 3.08094574e+02, 1.90128446e-01,
       5.49057556e+02, 2.57124939e+02, 2.71057129e-01, 3.62941528e+02,
       2.90449219e+02, 2.09356606e-01, 1.43509277e+02, 3.25694702e+02,
       8.06102529e-02, 5.54932068e+02, 3.57051239e+02, 2.18946666e-01,
       4.60909637e+02, 3.82523163e+02, 6.89622983e-02, 0., 0., 0.,
       9.48764221e+02, 2.88409302e+02, 8.52312326e-01, 9.48723083e+02,
       3.21879028e+02, 7.72574723e-01, 9.19367004e+02, 2.53236374e+02,
       7.08930731e-01, 0., 0., 0., 0., 0., 0., 0., 0., 0., 0., 0., 0.,
       0., 0., 0., 0., 0., 0., 0., 0., 0. ]
