%YAML:1.0
---
pose_0: !!opencv-matrix
   rows: 1
   cols: 25
   dt: "3f"
   data: [ 9.95821655e+02, 2.94375519e+02, 7.91851759e-01,
       8.68326843e+02, 3.37414215e+02, 6.67587698e-01, 8.40989929e+02,
       2.57192596e+02, 6.49632752e-01, 7.29289185e+02, 2.49312469e+02,
       5.42573273e-01, 6.02017639e+02, 2.21847717e+02, 7.83132434e-01,
       8.84112488e+02, 4.15886230e+02, 5.92523515e-01, 7.46987122e+02,
       4.72640198e+02, 6.85033083e-01, 7.86130554e+02, 3.33561951e+02,
       6.07481360e-01, 5.78447205e+02, 3.70776031e+02, 8.44890475e-02,
       0., 0., 0., 0., 0., 0., 0., 0., 0., 5.90198120e+02,
       4.45215149e+02, 6.99632093e-02, 0., 0., 0., 0., 0., 0.,
       9.97776489e+02, 2.72892303e+02, 8.24014544e-01, 1.01150446e+03,
       3.15867035e+02, 8.09172690e-01, 9.60471985e+02, 2.57223267e+02,
       3.68678212e-01, 9.99687134e+02, 3.51080353e+02, 4.99082446e-01,
       0., 0., 0., 0., 0., 0., 0., 0., 0., 0., 0., 0., 0., 0., 0., 0.,
       0., 0. ]
