%YAML:1.0
---
pose_0: !!opencv-matrix
   rows: 1
   cols: 25
   dt: "3f"
   data: [ 9.46660339e+02, 3.68856750e+02, 8.27784479e-01,
       8.23394043e+02, 3.82592743e+02, 7.13239729e-01, 8.11578796e+02,
       3.06199554e+02, 6.87569380e-01, 6.97924500e+02, 3.00234772e+02,
       5.47728777e-01, 5.88299561e+02, 3.02146454e+02, 7.39666581e-01,
       8.37085754e+02, 4.60951599e+02, 6.46373153e-01, 7.23381348e+02,
       5.25494202e+02, 7.27905929e-01, 5.96073792e+02, 5.01997742e+02,
       7.50538528e-01, 5.74539612e+02, 4.04081879e+02, 1.91716507e-01,
       5.82357178e+02, 3.57059326e+02, 3.02895695e-01, 3.53130219e+02,
       3.88422974e+02, 2.45734125e-01, 1.94430466e+02, 4.35429779e+02,
       3.85599613e-01, 5.72581421e+02, 4.49174805e+02, 1.68444693e-01,
       0., 0., 0., 0., 0., 0., 9.50696838e+02, 3.53069061e+02,
       9.15509462e-01, 9.58511169e+02, 3.84534882e+02, 8.36163223e-01,
       9.27178833e+02, 3.33492432e+02, 5.46296656e-01, 9.33033081e+02,
       4.13772430e+02, 5.21000206e-01, 0., 0., 0., 0., 0., 0., 0., 0.,
       0., 1.45456711e+02, 4.09963043e+02, 1.02392413e-01,
       1.47463394e+02, 4.08007690e+02, 8.33732411e-02, 1.80710831e+02,
       4.47199432e+02, 2.57313251e-01 ]
