%YAML:1.0
---
pose_0: !!opencv-matrix
   rows: 1
   cols: 25
   dt: "3f"
   data: [ 8.97790894e+02, 4.94209625e+02, 8.52472305e-01,
       7.89931458e+02, 5.09810944e+02, 7.17487931e-01, 7.74385315e+02,
       4.39315155e+02, 7.13186800e-01, 6.80285645e+02, 3.84496674e+02,
       7.82534897e-01, 6.05908508e+02, 3.25694519e+02, 7.58418500e-01,
       8.03758911e+02, 5.84297119e+02, 6.59474552e-01, 7.23395813e+02,
       6.19690063e+02, 7.36929834e-01, 6.01949829e+02, 6.03973633e+02,
       7.56415725e-01, 5.66686951e+02, 5.17716187e+02, 3.24400663e-01,
       5.60828613e+02, 4.76555511e+02, 4.39475328e-01, 3.82540802e+02,
       4.68725800e+02, 2.03771859e-01, 1.98379669e+02, 4.53086548e+02,
       1.35167196e-01, 5.70599304e+02, 5.60796448e+02, 3.13849479e-01,
       0., 0., 0., 0., 0., 0., 8.99763123e+02, 4.80454681e+02,
       8.92086625e-01, 9.05651733e+02, 5.07989441e+02, 7.75743127e-01,
       8.70312195e+02, 4.62876343e+02, 7.45488405e-01, 8.86000183e+02,
       5.33405579e+02, 4.79431629e-01, 0., 0., 0., 0., 0., 0., 0., 0.,
       0., 0., 0., 0., 0., 0., 0., 0., 0., 0. ]
