%YAML:1.0
---
pose_0: !!opencv-matrix
   rows: 1
   cols: 25
   dt: "3f"
   data: [ 9.80060608e+02, 2.25754379e+02, 8.70357752e-01,
       8.52636169e+02, 2.63056366e+02, 5.89783072e-01, 8.23291687e+02,
       1.82681549e+02, 5.36647677e-01, 6.64614746e+02, 1.37678513e+02,
       5.58045685e-01, 7.11670837e+02, 1.63124512e+02, 7.52650857e-01,
       8.66428284e+02, 3.51170593e+02, 6.31834805e-01, 7.44957397e+02,
       4.60895172e+02, 8.15363050e-01, 8.03744080e+02, 3.57093384e+02,
       6.80400372e-01, 6.60705872e+02, 2.94358795e+02, 9.91890430e-02,
       6.35248596e+02, 2.59080902e+02, 1.12916119e-01, 0., 0., 0., 0.,
       0., 0., 6.80304443e+02, 3.51194275e+02, 9.73689333e-02, 0., 0.,
       0., 0., 0., 0., 9.79996887e+02, 1.98391327e+02, 8.66576552e-01,
       9.95802673e+02, 2.39459076e+02, 8.61324310e-01, 9.44736816e+02,
       1.86592712e+02, 7.01269925e-01, 9.80080078e+02, 2.66921600e+02,
       3.61264616e-01, 0., 0., 0., 0., 0., 0., 0., 0., 0., 0., 0., 0.,
       0., 0., 0., 0., 0., 0. ]
