%YAML:1.0
---
pose_0: !!opencv-matrix
   rows: 1
   cols: 25
   dt: "3f"
   data: [ 8.62513489e+02, 9.65179672e+01, 7.32279718e-01,
       7.56690002e+02, 1.00350189e+02, 6.74981534e-01, 7.43084045e+02,
       2.40968189e+01, 7.05357611e-01, 6.66575989e+02, 5.35145569e+00,
       2.09796533e-01, 6.50977417e+02, 5.36170578e+00, 6.63169548e-02,
       7.58750366e+02, 1.74864410e+02, 6.44488752e-01, 6.68613342e+02,
       2.57042847e+02, 8.14686537e-01, 7.48914978e+02, 2.74692017e+02,
       7.14997411e-01, 5.27511963e+02, 1.18007584e+02, 3.00318122e-01,
       5.25563782e+02, 7.49821091e+01, 2.53418565e-01, 0., 0., 0., 0.,
       0., 0., 5.31407227e+02, 1.59180115e+02, 3.47277999e-01,
       3.55137451e+02, 1.65137909e+02, 3.53354216e-01, 1.76833130e+02,
       1.90569580e+02, 7.48674572e-02, 8.74251465e+02, 7.88442230e+01,
       7.74917364e-01, 8.70426514e+02, 1.12162529e+02, 7.43524432e-01,
       8.54722351e+02, 5.53602142e+01, 6.70042634e-01, 8.52782593e+02,
       1.31746674e+02, 2.96077847e-01, 0., 0., 0., 0., 0., 0., 0., 0.,
       0., 0., 0., 0., 0., 0., 0., 0., 0., 0. ]
