%YAML:1.0
---
pose_0: !!opencv-matrix
   rows: 1
   cols: 25
   dt: "3f"
   data: [ 8.85956909e+02, 3.66843475e+02, 9.00583386e-01,
       8.03762573e+02, 4.00180420e+02, 6.47123218e-01, 7.74375977e+02,
       3.66830322e+02, 5.71526587e-01, 6.60706665e+02, 3.74704803e+02,
       5.54827690e-01, 5.72594177e+02, 3.45329590e+02, 7.21800148e-01,
       8.37018372e+02, 4.47144165e+02, 5.63052893e-01, 8.17454773e+02,
       5.00083923e+02, 7.11676478e-01, 7.90065002e+02, 3.57090485e+02,
       7.46414125e-01, 5.60800842e+02, 4.25629944e+02, 2.77029335e-01,
       5.66696716e+02, 3.90392395e+02, 3.65125954e-01, 3.47280365e+02,
       3.98214294e+02, 3.19910794e-01, 1.51384827e+02, 3.86465118e+02,
       2.77377248e-01, 5.62752747e+02, 4.60891632e+02, 2.00723633e-01,
       3.55117767e+02, 5.07908905e+02, 2.70296991e-01, 2.19908203e+02,
       6.01887268e+02, 2.94530958e-01, 8.87984253e+02, 3.51087402e+02,
       8.79359424e-01, 9.01636230e+02, 3.80495941e+02, 8.74110878e-01,
       8.68419556e+02, 3.37554047e+02, 4.03123826e-01, 8.97753723e+02,
       4.06072388e+02, 5.66693127e-01, 1.84655853e+02, 5.70619873e+02,
       7.77315050e-02, 1.92462738e+02, 5.86241089e+02, 8.18995982e-02,
       2.10106308e+02, 6.15665283e+02, 2.10874006e-01, 0., 0., 0., 0.,
       0., 0., 0., 0., 0. ]
