%YAML:1.0
---
pose_0: !!opencv-matrix
   rows: 1
   cols: 25
   dt: "3f"
   data: [ 9.07602722e+02, 3.19802155e+02, 7.55787015e-01,
       8.21391357e+02, 2.43390961e+02, 5.28320968e-01, 8.27270752e+02,
       2.12140900e+02, 7.13403821e-01, 7.29284607e+02, 2.88543243e+02,
       7.67328739e-01, 8.37003784e+02, 3.72772034e+02, 6.99043632e-01,
       8.09605469e+02, 2.74789276e+02, 2.14250848e-01, 7.13578613e+02,
       3.51085632e+02, 8.04769099e-01, 8.23352234e+02, 3.80516022e+02,
       5.51383615e-01, 5.86256104e+02, 2.41445755e+02, 1.82541400e-01,
       5.72576416e+02, 2.35593201e+02, 1.59394443e-01, 4.47167603e+02,
       3.04186554e+02, 7.94706717e-02, 0., 0., 0., 5.88241089e+02,
       2.39492065e+02, 1.42985493e-01, 0., 0., 0., 0., 0., 0.,
       9.29071594e+02, 3.04077179e+02, 7.69732356e-01, 0., 0., 0.,
       9.21320496e+02, 2.55197800e+02, 8.28430533e-01, 0., 0., 0., 0.,
       0., 0., 0., 0., 0., 0., 0., 0., 0., 0., 0., 0., 0., 0., 0., 0.,
       0. ]
