%YAML:1.0
---
pose_0: !!opencv-matrix
   rows: 1
   cols: 25
   dt: "3f"
   data: [ 8.82114441e+02, 3.51120361e+02, 8.42269182e-01,
       7.74318481e+02, 2.98280426e+02, 4.56254810e-01, 7.86071899e+02,
       2.63034119e+02, 6.22026503e-01, 6.58754700e+02, 2.25773300e+02,
       7.80682027e-01, 5.56859558e+02, 3.25745819e+02, 7.63830900e-01,
       7.46939026e+02, 3.35532806e+02, 1.48721635e-01, 0., 0., 0., 0.,
       0., 0., 5.86290039e+02, 2.86499847e+02, 1.61794215e-01,
       5.84304626e+02, 2.45422623e+02, 1.79023564e-01, 4.49134857e+02,
       2.43392044e+02, 1.14479028e-01, 2.82606079e+02, 3.55083344e+02,
       2.44209871e-01, 6.03893921e+02, 3.31590546e+02, 9.54210684e-02,
       3.10040314e+02, 4.15794159e+02, 7.79774413e-02, 1.33710495e+02,
       3.19828461e+02, 1.71064943e-01, 8.93848022e+02, 3.21786011e+02,
       7.74756193e-01, 8.97782715e+02, 3.51260376e+02, 7.03244627e-01,
       8.60558655e+02, 2.84583710e+02, 8.06180835e-01, 0., 0., 0., 0.,
       0., 0., 0., 0., 0., 0., 0., 0., 0., 0., 0., 0., 0., 0., 0., 0.,
       0. ]
