%YAML:1.0
---
pose_0: !!opencv-matrix
   rows: 2
   cols: 25
   dt: "3f"
   data: [ 8.86007935e+02, 3.72781616e+02, 7.13682353e-01,
       7.91956787e+02, 3.66831909e+02, 6.28614783e-01, 8.15475647e+02,
       2.98309235e+02, 3.51472020e-01, 9.31144226e+02, 3.47250488e+02,
       8.27930748e-01, 9.64424866e+02, 4.60947357e+02, 8.43108118e-01,
       7.74303772e+02, 4.15845886e+02, 5.31384528e-01, 6.78375671e+02,
       4.64821411e+02, 6.95688486e-01, 5.86255127e+02, 5.39192871e+02,
       7.50926435e-01, 5.31410217e+02, 3.78611176e+02, 2.20890999e-01,
       5.41212585e+02, 3.45303467e+02, 1.64380580e-01, 3.37504395e+02,
       3.19887146e+02, 1.44196212e-01, 1.49377121e+02, 3.00267212e+02,
       2.49833226e-01, 5.21635498e+02, 4.15805908e+02, 1.87565997e-01,
       3.86466858e+02, 4.92256775e+02, 3.33809555e-01, 2.43446594e+02,
       4.15863312e+02, 5.52165389e-01, 8.97775513e+02, 3.68747162e+02,
       7.51871705e-01, 8.97773132e+02, 3.84566803e+02, 5.91246188e-01,
       8.97759888e+02, 3.51191803e+02, 1.66587427e-01, 0., 0., 0.,
       2.25763809e+02, 3.70763641e+02, 1.75285637e-01, 2.23816315e+02,
       3.78633759e+02, 1.88142836e-01, 2.29707016e+02, 4.11908112e+02,
       3.55466902e-01, 1.04318748e+02, 3.06096832e+02, 8.70199725e-02,
       1.02372757e+02, 3.02206848e+02, 8.43535066e-02, 1.31746796e+02,
       2.90495178e+02, 1.52506202e-01, 0., 0., 0., 0., 0., 0., 0., 0.,
       0., 0., 0., 0., 0., 0., 0., 0., 0., 0., 0., 0., 0., 0., 0., 0.,
       0., 0., 0., 0., 0., 0., 0., 0., 0., 0., 0., 0., 5.21615540e+02,
       3.41405548e+02, 9.49555710e-02, 3.39434326e+02, 3.21796021e+02,
       3.45048755e-01, 1.59171021e+02, 3.00212158e+02, 2.85013586e-01,
       0., 0., 0., 0., 0., 0., 0., 0., 0., 0., 0., 0., 0., 0., 0., 0.,
       0., 0., 0., 0., 0., 0., 0., 0., 0., 0., 0., 0., 0., 0. ]
