%YAML:1.0
---
pose_0: !!opencv-matrix
   rows: 1
   cols: 25
   dt: "3f"
   data: [ 9.31070801e+02, 2.37581421e+02, 7.23081410e-01,
       8.54650513e+02, 3.00216125e+02, 5.78373551e-01, 8.66426636e+02,
       3.00243378e+02, 2.95732021e-01, 0., 0., 0., 0., 0., 0.,
       8.54641968e+02, 3.08111237e+02, 5.23250401e-01, 7.19518433e+02,
       2.88573151e+02, 7.61652052e-01, 7.25349365e+02, 1.96496063e+02,
       7.27465749e-01, 6.94003235e+02, 3.21835144e+02, 9.75455269e-02,
       0., 0., 0., 0., 0., 0., 0., 0., 0., 6.52888062e+02,
       3.60971191e+02, 9.34463516e-02, 0., 0., 0., 0., 0., 0.,
       9.46690857e+02, 2.31678024e+02, 7.03337431e-01, 9.48791260e+02,
       2.59101166e+02, 8.65873754e-01, 0., 0., 0., 9.31109070e+02,
       3.06151367e+02, 8.44090104e-01, 0., 0., 0., 0., 0., 0., 0., 0.,
       0., 0., 0., 0., 0., 0., 0., 0., 0., 0. ]
