%YAML:1.0
---
pose_0: !!opencv-matrix
   rows: 1
   cols: 25
   dt: "3f"
   data: [ 8.76210815e+02, 3.82463928e+02, 6.97093010e-01,
       7.86107178e+02, 3.90367920e+02, 6.65927291e-01, 7.76357483e+02,
       3.08120697e+02, 5.88274062e-01, 6.48982605e+02, 2.45443878e+02,
       7.80545294e-01, 7.07724060e+02, 2.63050629e+02, 7.38605857e-01,
       7.90023438e+02, 4.60943787e+02, 6.61205530e-01, 6.82304199e+02,
       5.54895142e+02, 8.40283990e-01, 7.76355408e+02, 5.39287231e+02,
       8.44753861e-01, 5.39280212e+02, 4.13876038e+02, 3.53783071e-01,
       5.35330261e+02, 3.66801819e+02, 4.11126435e-01, 3.31569092e+02,
       3.72729767e+02, 4.98620301e-01, 1.53326385e+02, 3.55173981e+02,
       1.69004753e-01, 5.49064331e+02, 4.58883667e+02, 4.40286547e-01,
       3.47284973e+02, 5.03980530e+02, 4.38861698e-01, 1.80766083e+02,
       5.25526367e+02, 4.37916875e-01, 8.97726868e+02, 3.66873413e+02,
       7.92504549e-01, 8.89958313e+02, 3.98124664e+02, 6.73827887e-01,
       8.78173157e+02, 3.47259277e+02, 5.85706830e-01, 8.78199890e+02,
       4.25588684e+02, 3.86111349e-01, 1.47441345e+02, 4.92236511e+02,
       2.08269641e-01, 1.49397736e+02, 5.04011566e+02, 1.98532954e-01,
       1.57237000e+02, 5.27500916e+02, 2.04335570e-01, 0., 0., 0., 0.,
       0., 0., 0., 0., 0. ]
