%YAML:1.0
---
pose_0: !!opencv-matrix
   rows: 1
   cols: 25
   dt: "3f"
   data: [ 9.15432251e+02, 3.68759003e+02, 8.33027542e-01,
       8.21325439e+02, 3.19889526e+02, 6.32932186e-01, 8.40973083e+02,
       2.72840515e+02, 6.60659611e-01, 7.50863098e+02, 1.88575958e+02,
       7.25418091e-01, 6.39197021e+02, 2.55182968e+02, 6.89461231e-01,
       7.91997620e+02, 3.62954193e+02, 4.43460971e-01, 6.96012390e+02,
       3.84524628e+02, 3.95288020e-01, 6.41115906e+02, 4.23698914e+02,
       5.77772915e-01, 6.45047180e+02, 3.13964355e+02, 1.37463391e-01,
       6.35265808e+02, 2.88514862e+02, 1.58815682e-01, 5.47096680e+02,
       2.72848511e+02, 9.11910981e-02, 0., 0., 0., 6.35268127e+02,
       3.51180023e+02, 7.19614252e-02, 4.98116150e+02, 3.84500061e+02,
       6.06030263e-02, 1.31760590e+02, 3.51214355e+02, 1.39765024e-01,
       9.31117920e+02, 3.43371765e+02, 7.84681678e-01, 9.31081482e+02,
       3.78589264e+02, 7.62136340e-01, 9.09536743e+02, 3.06041351e+02,
       8.40345621e-01, 0., 0., 0., 0., 0., 0., 0., 0., 0.,
       1.14124077e+02, 3.51225800e+02, 5.11135831e-02, 0., 0., 0., 0.,
       0., 0., 0., 0., 0. ]
