%YAML:1.0
---
pose_0: !!opencv-matrix
   rows: 1
   cols: 25
   dt: "3f"
   data: [ 1.02514624e+03, 2.14052078e+02, 7.56256580e-01,
       8.86026001e+02, 2.02294876e+02, 5.12424529e-01, 8.84027405e+02,
       1.08266167e+02, 5.49042523e-01, 7.56688538e+02, 4.38718843e+00,
       4.54772294e-01, 7.76358276e+02, 1.21977943e+02, 7.32855082e-01,
       8.72347595e+02, 3.08072754e+02, 3.78483593e-01, 6.96041687e+02,
       3.80599640e+02, 4.37892586e-01, 7.52793274e+02, 3.53210541e+02,
       6.10001922e-01, 6.19582520e+02, 2.43417801e+02, 5.14196828e-02,
       5.80391968e+02, 2.12074753e+02, 6.43834323e-02, 0., 0., 0., 0.,
       0., 0., 0., 0., 0., 0., 0., 0., 0., 0., 0., 1.04274402e+03,
       1.92429230e+02, 8.25213552e-01, 1.04073828e+03, 2.41391556e+02,
       7.23447382e-01, 1.02319586e+03, 1.51369965e+02, 4.54291433e-01,
       0., 0., 0., 0., 0., 0., 0., 0., 0., 0., 0., 0., 0., 0., 0., 0.,
       0., 0., 0., 0., 0. ]
