%YAML:1.0
---
pose_0: !!opencv-matrix
   rows: 1
   cols: 25
   dt: "3f"
   data: [ 8.58614563e+02, 2.25833771e+02, 8.04149389e-01,
       7.74363586e+02, 2.70812408e+02, 7.20940411e-01, 7.56704285e+02,
       2.10175781e+02, 6.54223561e-01, 7.56714539e+02, 1.16096603e+02,
       8.08546066e-01, 8.54756104e+02, 1.49337341e+02, 8.70887458e-01,
       7.90011230e+02, 3.21804993e+02, 6.42255843e-01, 8.19396118e+02,
       3.96270020e+02, 8.03745508e-01, 8.97738892e+02, 2.94398376e+02,
       6.69666231e-01, 5.27525085e+02, 3.04109253e+02, 3.72597039e-01,
       5.27516968e+02, 2.61097900e+02, 4.99833614e-01, 3.49222412e+02,
       2.80646881e+02, 4.25085574e-01, 1.61151993e+02, 3.02175781e+02,
       5.78362226e-01, 5.31419312e+02, 3.45296448e+02, 3.75028253e-01,
       3.55115234e+02, 3.37423615e+02, 4.71721292e-01, 1.70957199e+02,
       3.80509460e+02, 4.53815639e-01, 8.68461792e+02, 2.17929626e+02,
       7.28060246e-01, 8.80116821e+02, 2.41456512e+02, 8.51907611e-01,
       0., 0., 0., 8.70315308e+02, 2.76711670e+02, 6.21015370e-01,
       1.12132172e+02, 3.74707764e+02, 2.41681814e-01, 1.20034607e+02,
       3.84477661e+02, 2.45444790e-01, 1.49404129e+02, 3.94230255e+02,
       2.29878038e-01, 1.19998932e+02, 2.92419373e+02, 8.21075737e-02,
       0., 0., 0., 1.47487640e+02, 3.04202057e+02, 3.74288976e-01 ]
