%YAML:1.0
---
pose_0: !!opencv-matrix
   rows: 1
   cols: 25
   dt: "3f"
   data: [ 8.70410156e+02, 3.21738129e+02, 8.54401469e-01,
       7.76366943e+02, 2.63006744e+02, 5.29938877e-01, 7.80202026e+02,
       2.43507416e+02, 7.10348308e-01, 6.62687073e+02, 2.08166153e+02,
       7.59712279e-01, 6.31324341e+02, 3.53114929e+02, 6.48932576e-01,
       7.82211182e+02, 2.86551819e+02, 2.28861660e-01, 0., 0., 0., 0.,
       0., 0., 5.72590942e+02, 2.74811157e+02, 4.30936128e-01,
       5.68613831e+02, 2.39522064e+02, 4.35285091e-01, 4.17809174e+02,
       2.70848114e+02, 4.07115310e-01, 2.94378235e+02, 3.13940582e+02,
       3.55037898e-01, 5.78461182e+02, 3.10016266e+02, 4.37453598e-01,
       4.27585876e+02, 3.37550537e+02, 1.53686002e-01, 0., 0., 0.,
       8.84113953e+02, 3.02177917e+02, 8.52279782e-01, 8.86099792e+02,
       3.21770142e+02, 3.98838043e-01, 8.64481628e+02, 2.57196991e+02,
       8.52553010e-01, 0., 0., 0., 0., 0., 0., 0., 0., 0., 0., 0., 0.,
       0., 0., 0., 0., 0., 0., 2.88486084e+02, 3.17867218e+02,
       1.02779694e-01 ]
