%YAML:1.0
---
pose_0: !!opencv-matrix
   rows: 1
   cols: 25
   dt: "3f"
   data: [ 8.82104065e+02, 3.51182922e+02, 7.61434078e-01,
       7.76348755e+02, 3.04092041e+02, 7.00127840e-01, 7.95918701e+02,
       2.35624725e+02, 6.30386829e-01, 6.78388794e+02, 1.80654083e+02,
       8.18877161e-01, 5.49046387e+02, 2.25705841e+02, 7.26813793e-01,
       7.56664490e+02, 3.58993256e+02, 5.54916859e-01, 6.48926392e+02,
       3.76623627e+02, 5.74726939e-01, 5.70659241e+02, 4.00196442e+02,
       6.70453489e-01, 5.41239563e+02, 3.06085724e+02, 3.08912247e-01,
       5.39269653e+02, 2.72845154e+02, 4.02613908e-01, 3.43352417e+02,
       3.62946106e+02, 4.72261667e-01, 1.21961418e+02, 3.29650482e+02,
       4.17584151e-01, 5.35332336e+02, 3.43358398e+02, 2.31904522e-01,
       4.11902344e+02, 3.78626984e+02, 1.39863715e-01, 1.31754410e+02,
       3.23785461e+02, 1.56489894e-01, 9.01758911e+02, 3.23815125e+02,
       7.01977491e-01, 8.99726685e+02, 3.60946014e+02, 7.63726830e-01,
       8.82070557e+02, 2.88409821e+02, 8.15565944e-01, 0., 0., 0., 0.,
       0., 0., 0., 0., 0., 0., 0., 0., 1.08271179e+02, 3.55108459e+02,
       5.06304987e-02, 0., 0., 0., 1.00420174e+02, 3.29632355e+02,
       3.11762333e-01 ]
