%YAML:1.0
---
pose_0: !!opencv-matrix
   rows: 1
   cols: 25
   dt: "3f"
   data: [ 9.70290527e+02, 2.53246048e+02, 7.30289698e-01,
       8.60563293e+02, 2.64965759e+02, 5.88366747e-01, 8.50730591e+02,
       1.82668091e+02, 6.01742506e-01, 7.90063416e+02, 1.47447311e+02,
       4.39473033e-01, 7.33245728e+02, 1.02323494e+02, 6.69832528e-01,
       8.76215515e+02, 3.51239105e+02, 6.28915071e-01, 7.91923279e+02,
       4.49115601e+02, 8.11964571e-01, 7.27270996e+02, 5.37272400e+02,
       4.60236430e-01, 5.60797913e+02, 3.19854492e+02, 1.66409388e-01,
       5.62756714e+02, 2.72823792e+02, 2.26316169e-01, 3.72723114e+02,
       2.96351685e+02, 1.82624936e-01, 1.49407578e+02, 3.19842834e+02,
       1.00329384e-01, 5.58836548e+02, 3.76648163e+02, 1.71318457e-01,
       3.66889465e+02, 4.15832001e+02, 3.88509482e-01, 1.92492126e+02,
       4.78546600e+02, 2.49385610e-01, 9.82092896e+02, 2.23788391e+02,
       7.51040936e-01, 9.89895874e+02, 2.70839996e+02, 7.90390730e-01,
       9.60474670e+02, 1.88603043e+02, 5.90144992e-01, 0., 0., 0.,
       1.10175476e+02, 4.96204529e+02, 1.11526012e-01, 1.16086197e+02,
       5.07870941e+02, 1.23268090e-01, 1.76820740e+02, 4.80503082e+02,
       1.46670580e-01, 0., 0., 0., 0., 0., 0., 0., 0., 0. ]
