%YAML:1.0
---
pose_0: !!opencv-matrix
   rows: 1
   cols: 25
   dt: "3f"
   data: [ 8.95806335e+02, 4.13884796e+02, 7.98096180e-01,
       7.93932373e+02, 4.13928192e+02, 6.37245536e-01, 8.07613464e+02,
       3.51135315e+02, 6.62700295e-01, 8.23311584e+02, 2.82607574e+02,
       5.27428508e-01, 9.15420410e+02, 1.94453720e+02, 2.16406479e-01,
       7.74280823e+02, 4.92213470e+02, 5.51942468e-01, 6.66586304e+02,
       5.19686157e+02, 7.25359380e-01, 5.39280518e+02, 5.53012390e+02,
       6.90427721e-01, 5.23599060e+02, 3.82558105e+02, 1.79579765e-01,
       5.29474792e+02, 3.51203156e+02, 2.36482084e-01, 3.37449707e+02,
       2.90416046e+02, 1.91095248e-01, 1.92511932e+02, 1.96398651e+02,
       8.58493596e-02, 5.13807556e+02, 4.13891693e+02, 1.23038873e-01,
       4.31519501e+02, 5.17718628e+02, 5.65113723e-02, 0., 0., 0.,
       9.03665527e+02, 3.94269531e+02, 8.09571087e-01, 9.09562683e+02,
       4.27583923e+02, 7.79398918e-01, 8.84094177e+02, 3.68845520e+02,
       6.86825931e-01, 8.93885620e+02, 4.45219452e+02, 1.72843635e-01,
       0., 0., 0., 0., 0., 0., 0., 0., 0., 0., 0., 0., 0., 0., 0., 0.,
       0., 0. ]
