%YAML:1.0
---
pose_0: !!opencv-matrix
   rows: 2
   cols: 25
   dt: "3f"
   data: [ 9.15351196e+02, 3.72751373e+02, 6.67012155e-01,
       8.56663757e+02, 2.84579346e+02, 4.33509022e-01, 8.64432617e+02,
       2.78692230e+02, 6.88414037e-01, 7.54736084e+02, 3.43352295e+02,
       7.19752312e-01, 7.74373840e+02, 4.45203247e+02, 8.55305910e-01,
       0., 0., 0., 0., 0., 0., 0., 0., 0., 5.19681030e+02,
       2.66962250e+02, 2.63726473e-01, 5.21649109e+02, 2.68914673e+02,
       2.41162419e-01, 3.37490387e+02, 3.66897644e+02, 1.88451692e-01,
       0., 0., 0., 5.17706665e+02, 2.55177597e+02, 1.99829876e-01,
       2.88487854e+02, 3.39480774e+02, 2.67465055e-01, 1.27848869e+02,
       3.06067596e+02, 1.94855139e-01, 9.31123047e+02, 3.66838562e+02,
       7.86881566e-01, 0., 0., 0., 9.35055237e+02, 3.21802338e+02,
       8.50968301e-01, 0., 0., 0., 0., 0., 0., 0., 0., 0.,
       8.67057495e+01, 3.15910553e+02, 1.00314260e-01, 0., 0., 0., 0.,
       0., 0., 0., 0., 0., 0., 0., 0., 0., 0., 0., 0., 0., 0., 0., 0.,
       0., 0., 0., 0., 8.66378662e+02, 2.74789825e+02, 2.17306852e-01,
       6.64668274e+02, 3.53202087e+02, 6.61670268e-01, 6.98007202e+02,
       4.45214142e+02, 8.43508005e-01, 0., 0., 0., 0., 0., 0., 0., 0.,
       0., 0., 0., 0., 0., 0., 0., 0., 0., 0., 0., 0., 0., 0., 0., 0.,
       0., 0., 0., 0., 0., 0., 0., 0., 0., 0., 0., 0., 0., 0., 0., 0.,
       0., 0., 0., 0., 0., 0., 0., 0., 0., 0., 0. ]
