%YAML:1.0
---
pose_0: !!opencv-matrix
   rows: 1
   cols: 25
   dt: "3f"
   data: [ 8.95827759e+02, 1.88558548e+02, 7.37550616e-01,
       7.90004883e+02, 1.98359680e+02, 7.07690597e-01, 7.76354370e+02,
       1.18127579e+02, 7.12714374e-01, 6.62652832e+02, 6.91466217e+01,
       8.16837311e-01, 5.74517456e+02, 9.06497650e+01, 7.67041206e-01,
       7.93938477e+02, 2.80674164e+02, 6.52263284e-01, 6.74436035e+02,
       3.31547180e+02, 7.21526623e-01, 5.60791504e+02, 3.78557220e+02,
       7.78991759e-01, 5.35342896e+02, 2.23826111e+02, 1.93219289e-01,
       5.33371643e+02, 1.70951920e+02, 2.46383443e-01, 3.62960297e+02,
       1.92475403e+02, 9.15445909e-02, 0., 0., 0., 5.23585876e+02,
       2.66925812e+02, 2.10456625e-01, 3.60978912e+02, 2.80645386e+02,
       2.78398931e-01, 1.47373978e+02, 3.06196838e+02, 1.63784936e-01,
       8.99723999e+02, 1.65142303e+02, 8.54756832e-01, 9.09501892e+02,
       2.00347092e+02, 7.76975214e-01, 8.70356445e+02, 1.47406509e+02,
       6.29521489e-01, 8.97811096e+02, 2.25759125e+02, 5.11556506e-01,
       0., 0., 0., 0., 0., 0., 1.29788971e+02, 3.08070740e+02,
       7.23765343e-02, 0., 0., 0., 0., 0., 0., 0., 0., 0. ]
