%YAML:1.0
---
pose_0: !!opencv-matrix
   rows: 1
   cols: 25
   dt: "3f"
   data: [ 8.68363831e+02, 3.51256165e+02, 8.36917400e-01,
       7.78252502e+02, 4.00096588e+02, 7.02149689e-01, 7.45027649e+02,
       3.57057251e+02, 5.38226545e-01, 6.25478760e+02, 3.68787140e+02,
       1.72146603e-01, 5.54922119e+02, 3.53205597e+02, 9.69630405e-02,
       8.07609253e+02, 4.43289612e+02, 5.52427590e-01, 9.23269226e+02,
       4.29577576e+02, 6.49555624e-01, 1.03099146e+03, 3.39494598e+02,
       4.32696104e-01, 5.64715820e+02, 4.33504333e+02, 3.17956209e-01,
       5.58841187e+02, 3.98189331e+02, 4.23263311e-01, 3.66827545e+02,
       3.41402954e+02, 2.07150832e-01, 0., 0., 0., 5.68636414e+02,
       4.76568604e+02, 2.84596086e-01, 3.98203766e+02, 5.41200928e+02,
       1.39730588e-01, 0., 0., 0., 8.70419434e+02, 3.41366669e+02,
       7.50684381e-01, 8.83963318e+02, 3.66897430e+02, 8.63898873e-01,
       0., 0., 0., 8.74292603e+02, 4.02188293e+02, 6.17223024e-01, 0.,
       0., 0., 0., 0., 0., 0., 0., 0., 0., 0., 0., 0., 0., 0., 0., 0.,
       0. ]
