%YAML:1.0
---
pose_0: !!opencv-matrix
   rows: 1
   cols: 25
   dt: "3f"
   data: [ 9.62454163e+02, 2.43498596e+02, 8.03848684e-01,
       8.50759399e+02, 2.66916992e+02, 6.07677102e-01, 8.37054199e+02,
       1.86604889e+02, 6.21772468e-01, 7.31228394e+02, 1.16103188e+02,
       3.80903304e-01, 6.68595825e+02, 7.09738312e+01, 5.90751946e-01,
       8.60543518e+02, 3.51158142e+02, 5.99039018e-01, 7.70391968e+02,
       4.56992340e+02, 7.50565052e-01, 6.95981934e+02, 5.54890503e+02,
       7.55445004e-01, 5.37291138e+02, 3.23754578e+02, 1.77674875e-01,
       5.29450317e+02, 2.76723816e+02, 2.98727214e-01, 3.51204681e+02,
       2.90423157e+02, 3.74639958e-01, 1.80766800e+02, 3.17888733e+02,
       5.80431856e-02, 5.27530457e+02, 3.82499420e+02, 2.40005851e-01,
       3.57056763e+02, 4.33431732e+02, 5.43372810e-01, 1.86603867e+02,
       4.92276306e+02, 5.20145714e-01, 9.76163147e+02, 2.21896515e+02,
       7.82369196e-01, 9.80134399e+02, 2.61076385e+02, 8.46228778e-01,
       9.48735901e+02, 1.90533646e+02, 5.92253447e-01, 9.78018188e+02,
       2.84568054e+02, 2.46600464e-01, 1.12194115e+02, 5.09838928e+02,
       3.20398748e-01, 1.21980560e+02, 5.13805786e+02, 3.22446793e-01,
       1.65096008e+02, 4.94179382e+02, 2.37158135e-01, 0., 0., 0., 0.,
       0., 0., 0., 0., 0. ]
