%YAML:1.0
---
pose_0: !!opencv-matrix
   rows: 1
   cols: 25
   dt: "3f"
   data: [ 8.78181580e+02, 2.41499130e+02, 7.71260023e-01,
       7.74312378e+02, 2.55148682e+02, 6.67401969e-01, 7.72336426e+02,
       1.78744080e+02, 7.03427970e-01, 6.33349426e+02, 1.47410797e+02,
       7.53160357e-01, 5.29454346e+02, 1.43533295e+02, 7.59981990e-01,
       7.74402527e+02, 3.37413513e+02, 6.77376807e-01, 6.51011658e+02,
       3.66902679e+02, 7.97028184e-01, 5.54934021e+02, 3.90381012e+02,
       6.74039483e-01, 5.25558044e+02, 2.57119965e+02, 2.12613657e-01,
       5.27528259e+02, 2.08169739e+02, 2.87372231e-01, 3.53137207e+02,
       2.21906235e+02, 2.02669650e-01, 0., 0., 0., 5.23595398e+02,
       3.12015442e+02, 1.57083660e-01, 3.60989685e+02, 2.88486664e+02,
       8.58510286e-02, 0., 0., 0., 8.85999207e+02, 2.25786377e+02,
       8.92076373e-01, 8.91874329e+02, 2.59054993e+02, 7.76008427e-01,
       8.64446899e+02, 2.06233795e+02, 5.42326450e-01, 8.74304199e+02,
       2.88402252e+02, 4.64326441e-01, 0., 0., 0., 0., 0., 0., 0., 0.,
       0., 0., 0., 0., 0., 0., 0., 0., 0., 0. ]
