%YAML:1.0
---
pose_0: !!opencv-matrix
   rows: 1
   cols: 25
   dt: "3f"
   data: [ 9.27183655e+02, 3.51142761e+02, 7.83280849e-01,
       8.41004517e+02, 2.66927368e+02, 3.39879245e-01, 8.50743103e+02,
       2.51271957e+02, 7.01113701e-01, 7.54760315e+02, 3.35516266e+02,
       7.37562418e-01, 7.78317261e+02, 4.29477142e+02, 7.58918643e-01,
       8.37025513e+02, 2.88502533e+02, 1.19920321e-01, 0., 0., 0., 0.,
       0., 0., 5.29459778e+02, 2.55193314e+02, 1.40376195e-01,
       5.25541504e+02, 2.59107452e+02, 1.33304194e-01, 3.17878998e+02,
       3.21761871e+02, 2.42397100e-01, 1.45423630e+02, 3.06103271e+02,
       2.50885844e-01, 0., 0., 0., 0., 0., 0., 0., 0., 0.,
       9.42866455e+02, 3.35464813e+02, 7.91426897e-01, 0., 0., 0.,
       9.31147522e+02, 2.84527313e+02, 8.45225930e-01, 0., 0., 0., 0.,
       0., 0., 0., 0., 0., 0., 0., 0., 1.14155106e+02, 3.94273987e+02,
       2.30331764e-01, 1.14129639e+02, 3.88392761e+02, 2.02508256e-01,
       1.18073463e+02, 2.94355865e+02, 2.08082736e-01 ]
