%YAML:1.0
---
pose_0: !!opencv-matrix
   rows: 1
   cols: 25
   dt: "3f"
   data: [ 9.62339905e+02, 2.39511078e+02, 8.01176608e-01,
       8.39086670e+02, 2.49299973e+02, 5.57568669e-01, 8.31168091e+02,
       1.65038666e+02, 6.57093763e-01, 7.13660217e+02, 1.31804779e+02,
       6.58823013e-01, 6.64664612e+02, 1.39617981e+02, 7.78060794e-01,
       8.54628845e+02, 3.37505127e+02, 5.79192758e-01, 7.56676270e+02,
       4.66787903e+02, 6.76906645e-01, 8.05688049e+02, 3.27646790e+02,
       7.30719984e-01, 5.62773376e+02, 3.23757843e+02, 7.60259852e-02,
       5.35327515e+02, 3.12007416e+02, 6.24678172e-02, 0., 0., 0., 0.,
       0., 0., 5.86283936e+02, 3.45308197e+02, 6.41492382e-02,
       3.12024017e+02, 3.12016296e+02, 8.43061581e-02, 0., 0., 0.,
       9.64468506e+02, 2.10184982e+02, 8.78494203e-01, 9.76135071e+02,
       2.55192993e+02, 7.90339887e-01, 9.38900818e+02, 1.78852539e+02,
       5.03647089e-01, 9.58480225e+02, 2.82603943e+02, 7.09411651e-02,
       0., 0., 0., 0., 0., 0., 0., 0., 0., 0., 0., 0., 0., 0., 0., 0.,
       0., 0. ]
