%YAML:1.0
---
pose_0: !!opencv-matrix
   rows: 1
   cols: 25
   dt: "3f"
   data: [ 9.17384766e+02, 1.80665039e+02, 8.03333759e-01,
       8.40953369e+02, 2.59170258e+02, 6.18800700e-01, 8.11563599e+02,
       2.31717575e+02, 4.57712919e-01, 7.19491760e+02, 2.39488052e+02,
       3.38220328e-01, 6.15616577e+02, 2.10077728e+02, 7.80576110e-01,
       8.68344055e+02, 2.92379944e+02, 6.09783292e-01, 7.27386902e+02,
       3.51102722e+02, 6.95407033e-01, 5.72580872e+02, 2.39543213e+02,
       6.65284693e-01, 5.92165039e+02, 3.08092224e+02, 1.19991869e-01,
       5.58872620e+02, 2.82615356e+02, 1.03001252e-01, 3.55161682e+02,
       1.98416824e+02, 1.24322049e-01, 0., 0., 0., 6.11747192e+02,
       3.55115692e+02, 8.14644545e-02, 3.55067383e+02, 1.98348343e+02,
       5.15747070e-01, 2.06186157e+02, 3.17898743e+02, 1.76618367e-01,
       9.40847046e+02, 1.74874695e+02, 1.89859912e-01, 9.46686646e+02,
       1.94361542e+02, 7.83416748e-01, 0., 0., 0., 9.46809021e+02,
       2.57034760e+02, 8.45429957e-01, 1.29818497e+02, 2.57135437e+02,
       1.35292858e-01, 1.27844391e+02, 2.64970123e+02, 1.33724242e-01,
       0., 0., 0., 0., 0., 0., 0., 0., 0., 0., 0., 0. ]
