%YAML:1.0
---
pose_0: !!opencv-matrix
   rows: 1
   cols: 25
   dt: "3f"
   data: [ 9.15353516e+02, 2.10093063e+02, 8.65168214e-01,
       8.03687439e+02, 2.29755737e+02, 7.08959341e-01, 7.86103760e+02,
       1.57213974e+02, 6.39065087e-01, 6.76378113e+02, 1.06306572e+02,
       6.60651565e-01, 5.88237244e+02, 7.49895706e+01, 8.28154981e-01,
       8.19401611e+02, 3.04144073e+02, 6.22606635e-01, 7.62635742e+02,
       3.98140503e+02, 6.33204699e-01, 7.15619934e+02, 5.19664307e+02,
       5.18383503e-01, 5.70610901e+02, 2.68879486e+02, 2.34667078e-01,
       5.70637817e+02, 2.19924866e+02, 3.16368133e-01, 4.23674927e+02,
       2.14049332e+02, 9.65086222e-02, 3.37470306e+02, 2.25770218e+02,
       1.87577486e-01, 5.56872192e+02, 3.02204071e+02, 2.09712595e-01,
       3.80567596e+02, 3.37522369e+02, 2.64522225e-01, 1.96415451e+02,
       4.00120392e+02, 1.31753445e-01, 9.15394775e+02, 1.90554413e+02,
       8.38828385e-01, 9.31072388e+02, 2.14090622e+02, 7.95679510e-01,
       8.78205566e+02, 1.76833435e+02, 5.83439410e-01, 9.05592407e+02,
       2.45402649e+02, 3.35455567e-01, 0., 0., 0., 0., 0., 0.,
       1.94404236e+02, 4.02108612e+02, 1.03950284e-01, 0., 0., 0., 0.,
       0., 0., 3.33555206e+02, 2.21881500e+02, 9.63780507e-02 ]
