%YAML:1.0
---
pose_0: !!opencv-matrix
   rows: 1
   cols: 25
   dt: "3f"
   data: [ 8.93864563e+02, 4.08023804e+02, 7.48943806e-01,
       7.82177979e+02, 4.29579895e+02, 6.66670680e-01, 7.72394897e+02,
       3.53155640e+02, 7.37585068e-01, 6.64718994e+02, 2.92434326e+02,
       8.45746458e-01, 7.19468506e+02, 2.84532074e+02, 7.82289088e-01,
       7.89991699e+02, 4.98110748e+02, 6.10426843e-01, 6.76377991e+02,
       5.58854309e+02, 7.79852867e-01, 7.86099670e+02, 5.37228455e+02,
       7.71124959e-01, 5.37316589e+02, 4.60921143e+02, 3.84572268e-01,
       5.35315735e+02, 4.13918915e+02, 4.91374075e-01, 3.31572052e+02,
       3.94255981e+02, 5.17986953e-01, 0., 0., 0., 5.43215149e+02,
       5.05946411e+02, 4.64362681e-01, 3.82573456e+02, 5.11802765e+02,
       3.69421095e-01, 0., 0., 0., 8.99789185e+02, 3.94309418e+02,
       8.82559657e-01, 9.03720520e+02, 4.27603210e+02, 7.51971602e-01,
       8.72301331e+02, 3.78616211e+02, 5.18961370e-01, 8.87967468e+02,
       4.56941010e+02, 5.24405837e-01, 0., 0., 0., 0., 0., 0., 0., 0.,
       0., 0., 0., 0., 0., 0., 0., 0., 0., 0. ]
