%YAML:1.0
---
pose_0: !!opencv-matrix
   rows: 1
   cols: 25
   dt: "3f"
   data: [ 9.13399719e+02, 2.10189789e+02, 7.96210408e-01,
       8.05762878e+02, 2.29746460e+02, 7.27950037e-01, 7.91928894e+02,
       1.51411804e+02, 7.01258242e-01, 6.78308594e+02, 1.16158737e+02,
       7.68497586e-01, 5.82365662e+02, 1.20056770e+02, 7.84675956e-01,
       8.23255371e+02, 3.10020874e+02, 7.08830059e-01, 7.33213074e+02,
       4.00160461e+02, 8.24110270e-01, 7.13642395e+02, 3.04087402e+02,
       7.71180749e-01, 5.74536377e+02, 2.84571930e+02, 1.53087512e-01,
       5.52971924e+02, 2.21885742e+02, 1.56857893e-01, 3.78617859e+02,
       2.19946716e+02, 5.85780293e-02, 0., 0., 0., 5.99997620e+02,
       3.19856110e+02, 1.47206604e-01, 0., 0., 0., 0., 0., 0.,
       9.17325500e+02, 1.94391037e+02, 8.77170384e-01, 9.25183350e+02,
       2.25846024e+02, 8.08906853e-01, 8.87992737e+02, 1.74824799e+02,
       6.05370283e-01, 9.13478699e+02, 2.47371277e+02, 4.58466858e-01,
       0., 0., 0., 0., 0., 0., 0., 0., 0., 0., 0., 0., 0., 0., 0., 0.,
       0., 0. ]
