%YAML:1.0
---
pose_0: !!opencv-matrix
   rows: 1
   cols: 25
   dt: "3f"
   data: [ 9.13475159e+02, 1.94360306e+02, 7.06586540e-01,
       8.54757690e+02, 2.66929443e+02, 4.76743460e-01, 8.68321045e+02,
       2.61072144e+02, 2.99862921e-01, 7.74348389e+02, 2.61053680e+02,
       7.83169344e-02, 0., 0., 0., 8.56681335e+02, 2.61081451e+02,
       4.59801227e-01, 7.62630127e+02, 2.49285461e+02, 5.05618572e-01,
       7.01905884e+02, 1.63033585e+02, 7.58253694e-01, 5.52971558e+02,
       3.17862518e+02, 1.15917176e-01, 5.47097412e+02, 2.82615875e+02,
       1.34728312e-01, 1.92514893e+02, 3.31603149e+02, 1.43048495e-01,
       8.47488251e+01, 3.78634674e+02, 3.21443111e-01, 5.39245544e+02,
       3.64875427e+02, 9.91260931e-02, 3.39432953e+02, 3.37507629e+02,
       8.13168734e-02, 0., 0., 0., 9.35006653e+02, 1.94514297e+02,
       2.17537552e-01, 9.33085815e+02, 2.08119614e+02, 7.82738030e-01,
       0., 0., 0., 9.29054565e+02, 2.63002960e+02, 8.05304945e-01, 0.,
       0., 0., 0., 0., 0., 0., 0., 0., 5.14200974e+01, 3.98207611e+02,
       8.82351324e-02, 5.14245300e+01, 3.96192902e+02, 7.80739039e-02,
       6.90434570e+01, 3.86456696e+02, 2.16095850e-01 ]
