%YAML:1.0
---
pose_0: !!opencv-matrix
   rows: 1
   cols: 25
   dt: "3f"
   data: [ 1.02904688e+03, 2.08193039e+02, 6.75314844e-01,
       9.03654236e+02, 2.33623917e+02, 1.96416065e-01, 8.84045715e+02,
       1.08278786e+02, 2.48915017e-01, 0., 0., 0., 0., 0., 0.,
       8.82087219e+02, 2.94353058e+02, 1.60750464e-01, 0., 0., 0., 0.,
       0., 0., 4.92250519e+02, 2.90460266e+02, 6.94533810e-02, 0., 0.,
       0., 0., 0., 0., 0., 0., 0., 0., 0., 0., 0., 0., 0., 0., 0., 0.,
       1.04669800e+03, 1.82764282e+02, 7.12757468e-01, 1.04473376e+03,
       2.35584808e+02, 6.63022518e-01, 1.02316608e+03, 1.49423431e+02,
       3.20228368e-01, 1.03688965e+03, 2.65008820e+02, 1.14944652e-01,
       0., 0., 0., 0., 0., 0., 0., 0., 0., 0., 0., 0., 0., 0., 0., 0.,
       0., 0. ]
