%YAML:1.0
---
pose_0: !!opencv-matrix
   rows: 1
   cols: 25
   dt: "3f"
   data: [ 8.50741516e+02, 2.90466095e+02, 7.88104892e-01,
       7.60693909e+02, 2.90422699e+02, 7.94329107e-01, 7.66554138e+02,
       2.25752457e+02, 7.04939067e-01, 6.76375122e+02, 1.74831833e+02,
       7.38587379e-01, 6.82199402e+02, 3.10067078e+02, 5.84908366e-01,
       7.50867920e+02, 3.51156586e+02, 6.04492664e-01, 6.90145569e+02,
       3.51184448e+02, 6.74705386e-01, 6.72480896e+02, 2.90438599e+02,
       2.13208050e-01, 5.72573303e+02, 2.78695374e+02, 3.02872807e-01,
       5.70575134e+02, 2.41472534e+02, 3.51437837e-01, 3.84509827e+02,
       2.25796585e+02, 2.01931328e-01, 3.39440460e+02, 1.98344940e+02,
       5.40265962e-02, 5.70601563e+02, 3.21794434e+02, 2.71088034e-01,
       3.33565094e+02, 3.35525482e+02, 3.81559193e-01, 1.74862335e+02,
       3.45289429e+02, 4.24238145e-01, 8.64487610e+02, 2.72875946e+02,
       8.42927933e-01, 8.60566833e+02, 3.06050842e+02, 7.70416439e-01,
       8.42954468e+02, 2.55134781e+02, 6.66195333e-01, 8.44862488e+02,
       3.21778595e+02, 2.09491879e-01, 1.29789703e+02, 3.68846924e+02,
       3.76113504e-01, 1.35701950e+02, 3.70756958e+02, 4.11714077e-01,
       1.53304138e+02, 3.33521729e+02, 2.00757444e-01, 0., 0., 0., 0.,
       0., 0., 0., 0., 0. ]
