%YAML:1.0
---
pose_0: !!opencv-matrix
   rows: 1
   cols: 25
   dt: "3f"
   data: [ 8.68335999e+02, 2.29785538e+02, 7.41087615e-01,
       8.09673340e+02, 3.06135162e+02, 5.45865178e-01, 0., 0., 0., 0.,
       0., 0., 0., 0., 0., 8.19401489e+02, 3.10041809e+02,
       5.75045466e-01, 6.97940857e+02, 2.57188843e+02, 6.69081926e-01,
       5.74558411e+02, 1.98355148e+02, 7.74088860e-01, 5.56922058e+02,
       3.51123749e+02, 3.13743860e-01, 5.39270996e+02, 3.13961670e+02,
       2.83757269e-01, 3.21811249e+02, 2.63038696e+02, 2.77481765e-01,
       2.33648911e+02, 3.55109009e+02, 6.73270971e-02, 5.80387573e+02,
       3.82559326e+02, 2.75237739e-01, 3.06157288e+02, 2.70872864e+02,
       3.99167955e-01, 8.08265381e+01, 4.09947571e+02, 3.92680794e-01,
       8.83978027e+02, 2.29686462e+02, 3.20301443e-01, 8.85940674e+02,
       2.43399109e+02, 8.86432350e-01, 0., 0., 0., 8.83968079e+02,
       2.98273621e+02, 8.07190359e-01, 3.97439346e+01, 4.45251099e+02,
       3.08046430e-01, 5.14337959e+01, 4.47152405e+02, 3.39259177e-01,
       5.92610970e+01, 4.06035248e+02, 2.37387314e-01, 0., 0., 0., 0.,
       0., 0., 0., 0., 0. ]
