%YAML:1.0
---
pose_0: !!opencv-matrix
   rows: 1
   cols: 25
   dt: "3f"
   data: [ 8.50794495e+02, 2.96328979e+02, 7.48492241e-01,
       7.58700317e+02, 2.88431091e+02, 6.21204019e-01, 7.70410889e+02,
       2.14073441e+02, 6.92799211e-01, 7.29343872e+02, 2.21871231e+02,
       6.71383142e-01, 8.21392822e+02, 3.19865509e+02, 7.81207919e-01,
       7.52768005e+02, 3.53130524e+02, 6.49214268e-01, 7.13576965e+02,
       4.60905243e+02, 9.01332200e-01, 7.78318665e+02, 4.06055115e+02,
       8.19502175e-01, 5.25524414e+02, 2.74827393e+02, 3.45145941e-01,
       5.29455688e+02, 2.37567291e+02, 3.94842774e-01, 3.66808289e+02,
       2.10077469e+02, 4.52190042e-01, 3.08055634e+02, 1.80725342e+02,
       1.54298633e-01, 5.23555908e+02, 3.17850006e+02, 3.86177212e-01,
       3.17884369e+02, 3.35411682e+02, 3.52899581e-01, 1.65051361e+02,
       3.41362976e+02, 4.86899614e-01, 8.60531677e+02, 2.74766113e+02,
       8.20634067e-01, 8.66447815e+02, 3.06211517e+02, 7.58284450e-01,
       8.44900391e+02, 2.53214249e+02, 6.55998588e-01, 8.58572327e+02,
       3.31614105e+02, 6.01733848e-02, 1.16069954e+02, 3.53166809e+02,
       3.61249506e-01, 1.25894066e+02, 3.64866241e+02, 3.91545683e-01,
       1.45454758e+02, 3.35538971e+02, 1.94108635e-01, 1.94455017e+02,
       1.33704315e+02, 1.14408866e-01, 1.94488083e+02, 1.33776855e+02,
       1.17798962e-01, 3.08061615e+02, 1.76807159e+02, 5.54131120e-02 ]
