%YAML:1.0
---
pose_0: !!opencv-matrix
   rows: 1
   cols: 25
   dt: "3f"
   data: [ 9.05614380e+02, 4.45307861e+02, 8.33372533e-01,
       8.19408325e+02, 4.84397156e+02, 5.12677491e-01, 7.95912537e+02,
       4.53034790e+02, 3.68265927e-01, 7.70421326e+02, 4.15830139e+02,
       8.51789117e-02, 0., 0., 0., 8.39020752e+02, 5.27532715e+02,
       6.95069432e-01, 7.62575989e+02, 3.98262360e+02, 7.35839725e-01,
       7.11687012e+02, 2.78740784e+02, 7.78256059e-01, 5.82354614e+02,
       5.09893860e+02, 1.50036693e-01, 5.80402954e+02, 4.76582428e+02,
       2.08936438e-01, 3.90374420e+02, 4.11935791e+02, 3.16620350e-01,
       2.08162338e+02, 4.62906830e+02, 1.46331623e-01, 5.68651733e+02,
       5.56885925e+02, 1.04780659e-01, 3.90346985e+02, 4.17773285e+02,
       3.14262986e-01, 2.02293137e+02, 4.66749176e+02, 2.77743578e-01,
       9.15364746e+02, 4.31443665e+02, 9.03532147e-01, 9.21329041e+02,
       4.62770355e+02, 8.57261181e-01, 8.89971863e+02, 4.17853912e+02,
       3.54190141e-01, 9.11524048e+02, 4.92274506e+02, 6.72840834e-01,
       1.45485367e+02, 4.29507385e+02, 5.45367748e-02, 1.47414673e+02,
       4.45170227e+02, 7.53579289e-02, 1.78757568e+02, 4.78496674e+02,
       1.94812611e-01, 1.39611710e+02, 4.25625580e+02, 6.00633882e-02,
       0., 0., 0., 0., 0., 0. ]
