%YAML:1.0
---
pose_0: !!opencv-matrix
   rows: 1
   cols: 25
   dt: "3f"
   data: [ 9.15361572e+02, 4.13771149e+02, 8.10624123e-01,
       8.23358948e+02, 4.58882385e+02, 7.39074349e-01, 7.95916382e+02,
       4.09955048e+02, 6.32389247e-01, 7.54746704e+02, 3.86470184e+02,
       4.56042171e-01, 7.13614746e+02, 2.82611450e+02, 4.69523370e-01,
       8.50719116e+02, 5.07927185e+02, 7.02142715e-01, 7.88076477e+02,
       4.60878021e+02, 3.81964087e-01, 7.13682922e+02, 2.88429993e+02,
       4.60337430e-01, 6.19582336e+02, 4.90285309e+02, 9.50369462e-02,
       6.01955139e+02, 4.58932617e+02, 1.30955532e-01, 3.74707184e+02,
       3.70815796e+02, 5.17483711e-01, 1.70932617e+02, 4.15795868e+02,
       3.32975686e-01, 6.52892761e+02, 5.45127075e+02, 7.09976256e-02,
       0., 0., 0., 0., 0., 0., 9.17459473e+02, 3.98185791e+02,
       8.48100781e-01, 9.29147522e+02, 4.29470825e+02, 8.59157026e-01,
       8.91901611e+02, 3.90334473e+02, 1.81699216e-01, 9.15478455e+02,
       4.62877869e+02, 6.79677606e-01, 0., 0., 0., 0., 0., 0., 0., 0.,
       0., 1.04349915e+02, 3.21842560e+02, 6.31043687e-02,
       1.02394127e+02, 3.21812134e+02, 7.08182305e-02, 1.55279251e+02,
       4.23666260e+02, 2.62574941e-01 ]
