%YAML:1.0
---
pose_0: !!opencv-matrix
   rows: 1
   cols: 25
   dt: "3f"
   data: [ 9.58482422e+02, 3.06032593e+02, 8.22893679e-01,
       8.39075623e+02, 3.25709991e+02, 6.84578717e-01, 8.29241882e+02,
       2.43520676e+02, 7.03072965e-01, 6.82286255e+02, 2.14066238e+02,
       8.07618737e-01, 5.86227356e+02, 2.06218307e+02, 7.55770683e-01,
       8.54763550e+02, 4.11939697e+02, 6.16398394e-01, 7.37144653e+02,
       4.64803833e+02, 6.46186829e-01, 6.03861450e+02, 4.74610443e+02,
       7.91418314e-01, 5.66675720e+02, 3.39448669e+02, 2.38370046e-01,
       5.70632324e+02, 2.88511230e+02, 3.17027032e-01, 3.60992218e+02,
       2.63043182e+02, 1.47305489e-01, 0., 0., 0., 5.54957336e+02,
       3.84516907e+02, 2.45119497e-01, 3.66836975e+02, 4.02132538e+02,
       2.60289013e-01, 0., 0., 0., 9.64409424e+02, 2.84548157e+02,
       8.76043856e-01, 9.76080383e+02, 3.21735901e+02, 8.49046409e-01,
       9.36976807e+02, 2.61123138e+02, 5.63120008e-01, 9.56544250e+02,
       3.51122375e+02, 3.27516913e-01, 0., 0., 0., 0., 0., 0., 0., 0.,
       0., 0., 0., 0., 0., 0., 0., 0., 0., 0. ]
