%YAML:1.0
---
pose_0: !!opencv-matrix
   rows: 1
   cols: 25
   dt: "3f"
   data: [ 9.31014587e+02, 2.27698776e+02, 7.38754451e-01,
       8.33098633e+02, 2.94369171e+02, 6.31347358e-01, 8.05702942e+02,
       2.57076782e+02, 5.23860991e-01, 7.27323608e+02, 2.53192184e+02,
       2.72013903e-01, 6.60688721e+02, 2.27690338e+02, 6.51178658e-01,
       8.56615601e+02, 3.41423584e+02, 6.47208154e-01, 7.52787048e+02,
       4.19769135e+02, 6.81324005e-01, 5.66707397e+02, 4.31456604e+02,
       6.21673465e-01, 5.09897552e+02, 3.06156525e+02, 2.17965424e-01,
       5.11852875e+02, 2.74738190e+02, 2.51488090e-01, 3.39418945e+02,
       2.31653839e+02, 4.29329395e-01, 1.47422653e+02, 3.11970978e+02,
       4.03400809e-01, 5.00068695e+02, 3.37506378e+02, 1.80281490e-01,
       3.06113373e+02, 3.21750549e+02, 3.52838159e-01, 8.67000122e+01,
       4.23689545e+02, 3.37668598e-01, 9.44827576e+02, 2.21859924e+02,
       6.74703062e-01, 9.50662537e+02, 2.47316574e+02, 8.25102150e-01,
       0., 0., 0., 9.37006592e+02, 2.96310028e+02, 7.84355044e-01,
       5.73169632e+01, 4.54985443e+02, 1.79271370e-01, 0., 0., 0.,
       6.90774612e+01, 4.29543427e+02, 2.81592190e-01, 1.49381317e+02,
       3.35466278e+02, 8.39137211e-02, 0., 0., 0., 1.33689819e+02,
       3.21813995e+02, 3.12206358e-01 ]
