%YAML:1.0
---
pose_0: !!opencv-matrix
   rows: 1
   cols: 25
   dt: "3f"
   data: [ 1.03489355e+03, 2.61089508e+02, 7.54646540e-01,
       8.84009766e+02, 2.96299835e+02, 5.71175277e-01, 8.54662781e+02,
       2.10082779e+02, 4.82644767e-01, 7.74350342e+02, 1.94392731e+02,
       2.88902819e-01, 6.95952637e+02, 1.86590744e+02, 5.06338835e-01,
       9.09562561e+02, 3.86423126e+02, 5.37513852e-01, 8.07678040e+02,
       5.19688354e+02, 7.54212141e-01, 8.54712830e+02, 3.70794434e+02,
       8.01431417e-01, 5.70606262e+02, 2.70855988e+02, 6.28141016e-02,
       5.66689697e+02, 2.43460464e+02, 9.32735577e-02, 0., 0., 0., 0.,
       0., 0., 0., 0., 0., 0., 0., 0., 0., 0., 0., 1.04270520e+03,
       2.39446945e+02, 8.42180252e-01, 1.05253967e+03, 2.80667480e+02,
       7.37292409e-01, 9.97670959e+02, 1.94504974e+02, 4.06335592e-01,
       1.04075708e+03, 3.17811768e+02, 5.08707911e-02, 0., 0., 0., 0.,
       0., 0., 0., 0., 0., 0., 0., 0., 0., 0., 0., 0., 0., 0. ]
