%YAML:1.0
---
pose_0: !!opencv-matrix
   rows: 1
   cols: 25
   dt: "3f"
   data: [ 8.82056763e+02, 3.82485779e+02, 7.74099588e-01,
       7.74430969e+02, 3.82524048e+02, 7.50553727e-01, 7.60644470e+02,
       3.06179382e+02, 6.61471009e-01, 6.50948059e+02, 2.55177826e+02,
       7.98755765e-01, 7.33228821e+02, 2.59196106e+02, 8.05482566e-01,
       7.86109314e+02, 4.51134460e+02, 6.00087106e-01, 6.68633240e+02,
       5.39227295e+02, 8.09863925e-01, 7.74329895e+02, 5.09945923e+02,
       8.22502315e-01, 5.17710510e+02, 4.47148010e+02, 3.62206787e-01,
       5.09856445e+02, 3.98178802e+02, 4.92092729e-01, 3.47252106e+02,
       3.84434021e+02, 6.08012199e-01, 1.74882980e+02, 3.55128143e+02,
       9.03650671e-02, 5.27497070e+02, 4.90293243e+02, 4.34252977e-01,
       3.82595978e+02, 5.07887329e+02, 6.59147263e-01, 0., 0., 0.,
       8.88013489e+02, 3.60956482e+02, 8.20068598e-01, 8.89966431e+02,
       3.98163544e+02, 7.65021324e-01, 8.66423157e+02, 3.37439453e+02,
       6.16983294e-01, 8.70362061e+02, 4.15784637e+02, 2.64078110e-01,
       0., 0., 0., 0., 0., 0., 0., 0., 0., 0., 0., 0., 0., 0., 0., 0.,
       0., 0. ]
