%YAML:1.0
---
pose_0: !!opencv-matrix
   rows: 1
   cols: 25
   dt: "3f"
   data: [ 8.78182739e+02, 3.72751465e+02, 6.42267227e-01,
       7.82171631e+02, 2.94360626e+02, 5.16551554e-01, 7.84134155e+02,
       2.74791931e+02, 6.31052911e-01, 6.64678467e+02, 2.51271927e+02,
       7.35949218e-01, 5.76480896e+02, 3.80553070e+02, 6.83955252e-01,
       7.76321289e+02, 3.25701385e+02, 3.34722787e-01, 6.76398621e+02,
       3.45293793e+02, 2.51107275e-01, 5.70671875e+02, 3.82521027e+02,
       6.88396469e-02, 5.43183594e+02, 2.82602783e+02, 3.59262913e-01,
       5.37303772e+02, 2.59051758e+02, 4.51297820e-01, 4.23678833e+02,
       3.13973785e+02, 3.01977754e-01, 3.33556152e+02, 3.62968201e+02,
       2.17169568e-01, 5.50989685e+02, 3.10042603e+02, 2.54503787e-01,
       4.55002747e+02, 3.66904297e+02, 1.83646604e-01, 3.49220978e+02,
       4.04065979e+02, 1.99852228e-01, 8.95804749e+02, 3.60965637e+02,
       7.21952558e-01, 0., 0., 0., 8.84005066e+02, 3.11979553e+02,
       8.33890080e-01, 0., 0., 0., 0., 0., 0., 0., 0., 0.,
       3.35540527e+02, 4.13804291e+02, 1.25581428e-01, 0., 0., 0., 0.,
       0., 0., 0., 0., 0. ]
