%YAML:1.0
---
pose_0: !!opencv-matrix
   rows: 1
   cols: 25
   dt: "3f"
   data: [ 8.86070618e+02, 1.16172226e+02, 7.87780881e-01,
       7.90030029e+02, 1.14162903e+02, 6.90272510e-01, 7.91926697e+02,
       3.37759247e+01, 5.93912601e-01, 7.19502075e+02, 5.34915686e+00,
       1.86253622e-01, 6.35360840e+02, 2.19725513e+01, 7.49952912e-01,
       7.89980347e+02, 1.96398331e+02, 6.87130451e-01, 6.86176086e+02,
       2.59126617e+02, 7.90120482e-01, 6.13711914e+02, 2.61087952e+02,
       7.93704093e-01, 5.47108704e+02, 1.21971672e+02, 2.28472695e-01,
       5.52985046e+02, 7.68931198e+01, 2.76656508e-01, 4.80483643e+02,
       5.33978844e+01, 5.10733873e-02, 0., 0., 0., 5.37286011e+02,
       1.76799057e+02, 2.65542865e-01, 3.55090759e+02, 1.78840195e+02,
       3.78979117e-01, 1.80744812e+02, 1.94438110e+02, 2.56663680e-01,
       9.01701233e+02, 9.65273285e+01, 8.34056556e-01, 8.99779114e+02,
       1.33651443e+02, 8.05220783e-01, 8.84010132e+02, 6.90834656e+01,
       6.72851861e-01, 8.91882874e+02, 1.51313187e+02, 1.28950194e-01,
       0., 0., 0., 0., 0., 0., 0., 0., 0., 0., 0., 0., 0., 0., 0., 0.,
       0., 0. ]
