%YAML:1.0
---
pose_0: !!opencv-matrix
   rows: 1
   cols: 25
   dt: "3f"
   data: [ 9.44802917e+02, 2.74725525e+02, 7.58377552e-01,
       8.54647644e+02, 2.51235748e+02, 6.70548081e-01, 8.54644958e+02,
       1.74870468e+02, 6.18108273e-01, 7.62634216e+02, 9.84292297e+01,
       7.35458910e-01, 8.25367859e+02, 2.17974792e+02, 6.13900244e-01,
       8.50774780e+02, 3.39448090e+02, 4.76704150e-01, 8.27266846e+02,
       3.86492035e+02, 5.03409021e-02, 0., 0., 0., 0., 0., 0., 0., 0.,
       0., 0., 0., 0., 0., 0., 0., 0., 0., 0., 0., 0., 0., 0., 0., 0.,
       9.64445801e+02, 2.45434326e+02, 8.30964148e-01, 9.64417114e+02,
       2.88411041e+02, 7.89349139e-01, 9.52663269e+02, 2.06238602e+02,
       5.36275864e-01, 0., 0., 0., 0., 0., 0., 0., 0., 0., 0., 0., 0.,
       0., 0., 0., 0., 0., 0., 0., 0., 0. ]
