%YAML:1.0
---
pose_0: !!opencv-matrix
   rows: 1
   cols: 25
   dt: "3f"
   data: [ 8.54723511e+02, 1.67018372e+02, 8.51946950e-01,
       7.74394104e+02, 1.33756927e+02, 6.44763708e-01, 7.74340210e+02,
       8.47776260e+01, 3.33241105e-01, 0., 0., 0., 0., 0., 0.,
       7.74410828e+02, 1.80686707e+02, 4.80912507e-01, 7.91991394e+02,
       2.27795364e+02, 7.63466775e-01, 8.58647583e+02, 2.17935806e+02,
       7.37269998e-01, 5.19668274e+02, 1.68992874e+02, 9.13273469e-02,
       5.19652039e+02, 1.29797836e+02, 7.66820163e-02, 3.23752411e+02,
       2.23858047e+02, 1.66915596e-01, 1.49434738e+02, 2.27735001e+02,
       3.45748484e-01, 5.21635010e+02, 2.14049988e+02, 8.92087221e-02,
       3.35469635e+02, 2.25742371e+02, 2.38478646e-01, 1.49375290e+02,
       2.25762344e+02, 1.51900932e-01, 8.66445801e+02, 1.49332809e+02,
       8.58674526e-01, 8.70424805e+02, 1.65167770e+02, 5.38153470e-01,
       8.46846619e+02, 1.02481186e+02, 8.00146699e-01, 0., 0., 0., 0.,
       0., 0., 0., 0., 0., 1.17993919e+02, 2.06190063e+02,
       9.99349058e-02, 9.45505066e+01, 2.63036713e+02, 1.47754580e-01,
       9.84221878e+01, 2.59128754e+02, 1.38548389e-01, 1.23938873e+02,
       2.12119354e+02, 2.07175598e-01 ]
