%YAML:1.0
---
pose_0: !!opencv-matrix
   rows: 1
   cols: 25
   dt: "3f"
   data: [ 9.62444214e+02, 3.37458038e+02, 7.27166355e-01,
       8.35040344e+02, 3.00252319e+02, 6.44073665e-01, 8.25342041e+02,
       2.14027466e+02, 6.77873433e-01, 6.96024597e+02, 1.84630142e+02,
       7.38583863e-01, 6.19642151e+02, 2.39537766e+02, 7.94598818e-01,
       8.38985352e+02, 3.64912872e+02, 5.97253621e-01, 8.15477661e+02,
       4.49203888e+02, 7.48429716e-01, 9.19325317e+02, 3.51142395e+02,
       8.25701654e-01, 5.82354431e+02, 3.13971527e+02, 1.85418785e-01,
       5.74517151e+02, 2.76718018e+02, 3.05142254e-01, 3.70782745e+02,
       2.88523041e+02, 1.45785123e-01, 1.51334763e+02, 3.08102020e+02,
       3.50685239e-01, 5.70566589e+02, 3.80572632e+02, 2.26927489e-01,
       3.57043396e+02, 3.82551117e+02, 1.78578034e-01, 0., 0., 0.,
       9.74149719e+02, 3.15899323e+02, 7.35018134e-01, 9.78039856e+02,
       3.41390778e+02, 6.94090962e-01, 9.35044739e+02, 2.61113373e+02,
       5.26168644e-01, 0., 0., 0., 0., 0., 0., 0., 0., 0., 0., 0., 0.,
       1.21957756e+02, 2.68866058e+02, 1.29439011e-01, 1.25887161e+02,
       2.68913208e+02, 1.20686777e-01, 1.33733261e+02, 3.23802155e+02,
       2.13513762e-01 ]
