%YAML:1.0
---
pose_0: !!opencv-matrix
   rows: 1
   cols: 25
   dt: "3f"
   data: [ 8.85993713e+02, 2.08108551e+02, 8.28391314e-01,
       7.92046570e+02, 1.78781418e+02, 6.99128151e-01, 7.97834900e+02,
       1.17985313e+02, 7.24771678e-01, 7.52802979e+02, 1.80690643e+02,
       8.21600854e-01, 7.48917297e+02, 3.04142761e+02, 8.01979780e-01,
       7.80245422e+02, 2.45403641e+02, 4.74435776e-01, 7.43062256e+02,
       2.88514740e+02, 1.15084566e-01, 0., 0., 0., 5.37291321e+02,
       1.94421310e+02, 1.33761957e-01, 5.25549072e+02, 1.72894348e+02,
       1.25818327e-01, 3.53225922e+02, 3.19816071e+02, 6.72100008e-01,
       2.04227432e+02, 2.57173859e+02, 4.36944962e-01, 5.45155945e+02,
       2.31685532e+02, 9.32673514e-02, 3.53199127e+02, 2.86528259e+02,
       1.57550409e-01, 0., 0., 0., 8.91918213e+02, 1.82742447e+02,
       8.00262690e-01, 9.01691528e+02, 2.12197281e+02, 7.67798007e-01,
       8.70375000e+02, 1.61092651e+02, 7.03744292e-01, 8.86016846e+02,
       2.33639679e+02, 1.56311065e-01, 0., 0., 0., 0., 0., 0., 0., 0.,
       0., 1.53323624e+02, 2.84573151e+02, 5.48431277e-02, 0., 0., 0.,
       1.74850357e+02, 2.43449799e+02, 2.03387722e-01 ]
