%YAML:1.0
---
pose_0: !!opencv-matrix
   rows: 1
   cols: 25
   dt: "3f"
   data: [ 9.23241211e+02, 2.55120972e+02, 7.04795957e-01,
       8.41008240e+02, 3.19796753e+02, 6.46199226e-01, 8.54713135e+02,
       3.35511475e+02, 5.03943682e-01, 0., 0., 0., 0., 0., 0.,
       8.35107544e+02, 3.06161163e+02, 5.83636701e-01, 7.41058716e+02,
       2.90505554e+02, 7.39115715e-01, 8.54691772e+02, 2.10173904e+02,
       7.13907123e-01, 6.76406433e+02, 3.31572266e+02, 2.29972303e-01,
       6.64633728e+02, 3.00247009e+02, 1.95902064e-01, 3.10062988e+02,
       3.49237427e+02, 1.84347108e-01, 8.67153473e+01, 4.21712097e+02,
       1.25276625e-01, 6.82303528e+02, 3.59036621e+02, 1.75199166e-01,
       3.04139740e+02, 3.57067017e+02, 8.18916932e-02, 8.67389145e+01,
       4.25601868e+02, 7.36411214e-02, 9.33145203e+02, 2.55132156e+02,
       5.16432703e-01, 9.34971924e+02, 2.68923279e+02, 7.99261212e-01,
       0., 0., 0., 9.15436462e+02, 3.19821045e+02, 8.53679895e-01, 0.,
       0., 0., 0., 0., 0., 6.32046356e+01, 4.39326721e+02,
       5.84548227e-02, 6.31555557e+01, 4.45240356e+02, 8.56054351e-02,
       0., 0., 0., 0., 0., 0. ]
