%YAML:1.0
---
pose_0: !!opencv-matrix
   rows: 1
   cols: 25
   dt: "3f"
   data: [ 1.01135858e+03, 2.27827194e+02, 7.54261076e-01,
       8.99752991e+02, 2.39498138e+02, 3.61190885e-01, 8.91926086e+02,
       1.43542343e+02, 4.12605584e-01, 7.58640381e+02, 7.10549698e+01,
       4.77982521e-01, 7.23383728e+02, 1.35703918e+02, 7.06886172e-01,
       8.89933777e+02, 3.39446503e+02, 4.47543025e-01, 7.44946716e+02,
       4.11854614e+02, 6.79281175e-01, 5.94116211e+02, 4.60839142e+02,
       7.32052982e-01, 0., 0., 0., 0., 0., 0., 0., 0., 0., 0., 0., 0.,
       0., 0., 0., 0., 0., 0., 0., 0., 0., 1.02708899e+03,
       2.12180557e+02, 7.89064169e-01, 1.02513342e+03, 2.57121429e+02,
       6.71020031e-01, 1.01141595e+03, 1.84658554e+02, 2.94435412e-01,
       9.97675964e+02, 2.86544830e+02, 1.90345317e-01, 0., 0., 0., 0.,
       0., 0., 0., 0., 0., 0., 0., 0., 0., 0., 0., 0., 0., 0. ]
