%YAML:1.0
---
pose_0: !!opencv-matrix
   rows: 1
   cols: 25
   dt: "3f"
   data: [ 8.93847778e+02, 4.94118439e+02, 8.45881343e-01,
       7.86097839e+02, 5.09932892e+02, 6.79917932e-01, 7.74293701e+02,
       4.35458374e+02, 6.94451928e-01, 6.80393005e+02, 3.70789001e+02,
       7.29878485e-01, 6.33269958e+02, 2.90499207e+02, 6.50606811e-01,
       7.92026367e+02, 5.86267883e+02, 6.66309714e-01, 7.11582886e+02,
       6.19569946e+02, 7.78850198e-01, 5.84314636e+02, 6.21588928e+02,
       7.66226113e-01, 5.47097534e+02, 5.07900818e+02, 3.18997294e-01,
       5.49049683e+02, 4.64843048e+02, 4.31122601e-01, 3.82538055e+02,
       4.72657288e+02, 1.46943256e-01, 0., 0., 0., 5.43197388e+02,
       5.51021362e+02, 3.27005088e-01, 4.47178253e+02, 6.25462097e+02,
       8.01695436e-02, 0., 0., 0., 8.97787170e+02, 4.76625183e+02,
       8.80901337e-01, 9.01722412e+02, 5.07900177e+02, 7.88993239e-01,
       8.68362610e+02, 4.62841766e+02, 7.21072853e-01, 8.84070068e+02,
       5.29483765e+02, 3.87400001e-01, 0., 0., 0., 0., 0., 0., 0., 0.,
       0., 0., 0., 0., 0., 0., 0., 0., 0., 0. ]
