%YAML:1.0
---
pose_0: !!opencv-matrix
   rows: 1
   cols: 25
   dt: "3f"
   data: [ 1.05837158e+03, 2.37558258e+02, 6.59875572e-01,
       9.21264771e+02, 2.68897491e+02, 4.40334767e-01, 9.03630432e+02,
       1.76818466e+02, 4.65727597e-01, 7.46944092e+02, 1.33681000e+02,
       5.28209269e-01, 6.17576538e+02, 1.12186424e+02, 6.25876546e-01,
       9.35028320e+02, 3.59047333e+02, 5.33539355e-01, 7.95932983e+02,
       4.23684082e+02, 6.98895574e-01, 7.13654114e+02, 2.74823242e+02,
       7.69315660e-01, 6.05883606e+02, 4.15838226e+02, 5.40807284e-02,
       5.66683228e+02, 3.88413605e+02, 6.59637675e-02, 0., 0., 0., 0.,
       0., 0., 0., 0., 0., 0., 0., 0., 0., 0., 0., 1.07019702e+03,
       2.10179199e+02, 6.27291560e-01, 1.07800769e+03, 2.59096802e+02,
       6.35425389e-01, 1.02903174e+03, 1.78748123e+02, 2.16034397e-01,
       1.06823462e+03, 2.94363464e+02, 2.39501506e-01, 0., 0., 0., 0.,
       0., 0., 0., 0., 0., 0., 0., 0., 0., 0., 0., 0., 0., 0. ]
