%YAML:1.0
---
pose_0: !!opencv-matrix
   rows: 1
   cols: 25
   dt: "3f"
   data: [ 9.03653992e+02, 4.96146210e+02, 8.36932003e-01,
       8.07733643e+02, 5.19623047e+02, 6.95069551e-01, 7.86084351e+02,
       4.58924866e+02, 6.69136882e-01, 6.95961548e+02, 4.62839294e+02,
       2.09138617e-01, 6.37240295e+02, 4.39320740e+02, 1.27329201e-01,
       8.37034058e+02, 5.84311584e+02, 6.91745222e-01, 7.42952698e+02,
       5.88318542e+02, 7.75840580e-01, 6.39206665e+02, 4.60830322e+02,
       6.17131352e-01, 6.50924683e+02, 5.23566162e+02, 2.03454822e-01,
       6.33283386e+02, 4.92240845e+02, 1.46652445e-01, 0., 0., 0., 0.,
       0., 0., 6.66609131e+02, 5.64716675e+02, 1.25373974e-01, 0., 0.,
       0., 0., 0., 0., 9.05634949e+02, 4.78604767e+02, 8.54327261e-01,
       9.17297180e+02, 5.09855225e+02, 8.54007661e-01, 8.78155640e+02,
       4.64833344e+02, 7.01625109e-01, 8.99715576e+02, 5.37269836e+02,
       5.92224061e-01, 0., 0., 0., 0., 0., 0., 0., 0., 0., 0., 0., 0.,
       0., 0., 0., 0., 0., 0. ]
