%YAML:1.0
---
pose_0: !!opencv-matrix
   rows: 1
   cols: 25
   dt: "3f"
   data: [ 1.08392004e+03, 1.65058075e+02, 2.88903922e-01,
       9.23253601e+02, 1.86627121e+02, 5.34149885e-01, 8.86032043e+02,
       1.18008278e+02, 5.14461875e-01, 8.37062805e+02, 1.80774288e+01,
       1.64820239e-01, 0., 0., 0., 9.58522644e+02, 2.57167816e+02,
       3.88863325e-01, 9.52610962e+02, 3.51207855e+02, 4.40543920e-01,
       1.07412756e+03, 2.31673248e+02, 5.20579517e-01, 0., 0., 0., 0.,
       0., 0., 0., 0., 0., 0., 0., 0., 0., 0., 0., 0., 0., 0., 0., 0.,
       0., 1.08785962e+03, 1.31759109e+02, 4.65574563e-01,
       1.10738281e+03, 1.72877747e+02, 2.48894751e-01, 1.03689185e+03,
       1.14142235e+02, 4.50458020e-01, 0., 0., 0., 0., 0., 0., 0., 0.,
       0., 0., 0., 0., 0., 0., 0., 0., 0., 0., 0., 0., 0. ]
