%YAML:1.0
---
pose_0: !!opencv-matrix
   rows: 1
   cols: 25
   dt: "3f"
   data: [ 1.13676294e+03, 1.06325562e+02, 4.14996654e-01,
       9.78140869e+02, 1.96443405e+02, 2.58543998e-01, 1.00355505e+03,
       2.55195999e+02, 2.66696185e-01, 1.03293872e+03, 3.66865448e+02,
       5.32977104e-01, 1.16817078e+03, 2.41476563e+02, 4.06247318e-01,
       9.52632690e+02, 1.53346649e+02, 9.81931984e-02, 0., 0., 0., 0.,
       0., 0., 0., 0., 0., 0., 0., 0., 0., 0., 0., 0., 0., 0., 0., 0.,
       0., 0., 0., 0., 0., 0., 0., 1.14656836e+03, 8.27787018e+01,
       2.85364419e-01, 1.16616138e+03, 1.29772995e+02, 4.83186662e-01,
       0., 0., 0., 1.14072375e+03, 1.86603821e+02, 1.19677491e-01, 0.,
       0., 0., 0., 0., 0., 0., 0., 0., 0., 0., 0., 0., 0., 0., 0., 0.,
       0. ]
