%YAML:1.0
---
pose_0: !!opencv-matrix
   rows: 1
   cols: 25
   dt: "3f"
   data: [ 8.84100403e+02, 3.80547302e+02, 7.36556053e-01,
       8.05680298e+02, 3.04190308e+02, 4.30963367e-01, 7.99822693e+02,
       3.04114136e+02, 5.45656443e-01, 7.03858337e+02, 2.64986206e+02,
       5.66810846e-01, 6.03939819e+02, 3.98160736e+02, 5.43063104e-01,
       8.21321289e+02, 3.04168762e+02, 2.69924223e-01, 0., 0., 0., 0.,
       0., 0., 5.49060852e+02, 2.84564484e+02, 1.27623871e-01,
       5.21626099e+02, 2.61055847e+02, 1.34484455e-01, 3.33544769e+02,
       3.96250275e+02, 2.00326920e-01, 1.37645157e+02, 3.23780243e+02,
       8.17126781e-02, 0., 0., 0., 0., 0., 0., 0., 0., 0.,
       8.99808716e+02, 3.68750031e+02, 8.32567930e-01, 0., 0., 0.,
       8.99683716e+02, 3.23801849e+02, 8.48351240e-01, 0., 0., 0., 0.,
       0., 0., 0., 0., 0., 0., 0., 0., 0., 0., 0., 0., 0., 0., 0., 0.,
       0. ]
