%YAML:1.0
---
pose_0: !!opencv-matrix
   rows: 2
   cols: 25
   dt: "3f"
   data: [ 1.07407727e+03, 2.88468384e+02, 7.45287895e-01,
       8.82114929e+02, 2.53232635e+02, 1.41104668e-01, 0., 0., 0., 0.,
       0., 0., 0., 0., 0., 9.05643555e+02, 3.35479156e+02,
       4.26621318e-01, 9.07544128e+02, 5.07903748e+02, 7.13569522e-01,
       1.05644702e+03, 4.68731415e+02, 7.24510849e-01, 0., 0., 0., 0.,
       0., 0., 0., 0., 0., 0., 0., 0., 0., 0., 0., 0., 0., 0., 0., 0.,
       0., 1.09371191e+03, 2.55115768e+02, 7.48321712e-01,
       1.09568872e+03, 3.00213196e+02, 4.56187189e-01, 1.06037646e+03,
       1.96406937e+02, 7.15684652e-01, 0., 0., 0., 0., 0., 0., 0., 0.,
       0., 0., 0., 0., 0., 0., 0., 0., 0., 0., 0., 0., 0.,
       4.19799835e+02, 6.50968628e+02, 4.23796326e-01, 4.45135803e+02,
       6.64618835e+02, 5.00902176e-01, 4.33465851e+02, 6.66645081e+02,
       3.88013244e-01, 4.31511444e+02, 6.97961121e+02, 1.77047536e-01,
       4.33434174e+02, 7.15610168e+02, 1.31697625e-01, 4.49121185e+02,
       6.58744690e+02, 5.45179725e-01, 4.47181488e+02, 6.82294312e+02,
       3.23154628e-01, 4.39361084e+02, 7.15594788e+02, 2.06400588e-01,
       4.64800415e+02, 7.15615356e+02, 3.00888747e-01, 4.56978943e+02,
       7.15613525e+02, 2.28564635e-01, 0., 0., 0., 0., 0., 0.,
       4.72660492e+02, 7.15608765e+02, 3.57490659e-01, 4.88267822e+02,
       7.15637451e+02, 8.63288939e-02, 0., 0., 0., 4.19797089e+02,
       6.48978394e+02, 1.51450440e-01, 4.25604462e+02, 6.48914368e+02,
       4.38023090e-01, 0., 0., 0., 4.31561676e+02, 6.45078247e+02,
       5.03443718e-01, 0., 0., 0., 0., 0., 0., 0., 0., 0., 0., 0., 0.,
       0., 0., 0., 0., 0., 0. ]
