%YAML:1.0
---
pose_0: !!opencv-matrix
   rows: 1
   cols: 25
   dt: "3f"
   data: [ 8.48762939e+02, 1.18076355e+02, 8.10179114e-01,
       7.60635498e+02, 9.26046906e+01, 6.99807703e-01, 7.58717957e+02,
       2.00978985e+01, 6.37535751e-01, 0., 0., 0., 0., 0., 0.,
       7.70408813e+02, 1.65070023e+02, 5.82102835e-01, 8.01778870e+02,
       2.25835175e+02, 8.04652572e-01, 8.68476807e+02, 2.78695038e+02,
       8.08624148e-01, 5.41225952e+02, 1.02378349e+02, 2.43647605e-01,
       5.39257874e+02, 6.51763382e+01, 2.76710212e-01, 3.66871765e+02,
       8.67197037e+01, 5.35634495e-02, 0., 0., 0., 5.39259460e+02,
       1.51354156e+02, 2.29017660e-01, 3.72744080e+02, 1.67077072e+02,
       2.26265103e-01, 3.35542206e+02, 1.72902481e+02, 5.79103008e-02,
       8.54736267e+02, 9.84133759e+01, 8.27236831e-01, 8.64459656e+02,
       1.18100990e+02, 7.64765978e-01, 8.35074036e+02, 5.73271370e+01,
       8.51503730e-01, 0., 0., 0., 0., 0., 0., 0., 0., 0., 0., 0., 0.,
       0., 0., 0., 0., 0., 0., 0., 0., 0. ]
