%YAML:1.0
---
pose_0: !!opencv-matrix
   rows: 1
   cols: 25
   dt: "3f"
   data: [ 1.07412756e+03, 2.61104401e+02, 7.67685652e-01,
       9.27156311e+02, 2.49295502e+02, 4.40371722e-01, 9.31112549e+02,
       1.63141922e+02, 4.78780568e-01, 8.46816101e+02, 1.47494980e+02,
       1.44196376e-01, 7.99855835e+02, 1.21964455e+02, 1.03723526e-01,
       9.15418335e+02, 3.37442261e+02, 3.90258640e-01, 0., 0., 0., 0.,
       0., 0., 6.60716553e+02, 2.19925842e+02, 5.53825162e-02, 0., 0.,
       0., 0., 0., 0., 0., 0., 0., 0., 0., 0., 0., 0., 0., 0., 0., 0.,
       1.08587952e+03, 2.27739761e+02, 8.55971038e-01, 1.08974316e+03,
       2.80628082e+02, 6.79349244e-01, 1.05252380e+03, 1.90527420e+02,
       4.88020509e-01, 0., 0., 0., 0., 0., 0., 0., 0., 0., 0., 0., 0.,
       0., 0., 0., 0., 0., 0., 0., 0., 0. ]
