%YAML:1.0
---
pose_0: !!opencv-matrix
   rows: 1
   cols: 25
   dt: "3f"
   data: [ 9.27188782e+02, 3.66920410e+02, 8.51034284e-01,
       8.13530762e+02, 3.84573212e+02, 6.75368726e-01, 8.01799866e+02,
       3.13936249e+02, 6.94703221e-01, 6.66563965e+02, 3.02198364e+02,
       7.37770081e-01, 5.54949036e+02, 2.92472870e+02, 6.70742869e-01,
       8.23389587e+02, 4.64783630e+02, 6.36019349e-01, 6.96020020e+02,
       5.21638733e+02, 8.10149550e-01, 6.60745850e+02, 4.39316956e+02,
       7.71633089e-01, 5.27540771e+02, 3.88434601e+02, 3.10525119e-01,
       5.39288452e+02, 3.47264954e+02, 3.68656754e-01, 3.53175171e+02,
       3.41398529e+02, 5.21248460e-01, 2.14039734e+02, 4.13803680e+02,
       5.32549322e-01, 5.25576050e+02, 4.31503326e+02, 3.68923992e-01,
       3.72719269e+02, 4.78500977e+02, 4.76891577e-01, 1.88582504e+02,
       5.09895477e+02, 2.45792761e-01, 9.33046387e+02, 3.49149292e+02,
       8.79824042e-01, 9.44728577e+02, 3.82511047e+02, 8.54790092e-01,
       9.11459595e+02, 3.27675323e+02, 5.56556940e-01, 9.23256409e+02,
       4.11889404e+02, 4.84081835e-01, 0., 0., 0., 0., 0., 0., 0., 0.,
       0., 1.76788437e+02, 3.74725189e+02, 1.64334580e-01,
       1.76821472e+02, 3.78624908e+02, 1.51756436e-01, 2.08131348e+02,
       4.29564423e+02, 3.30694437e-01 ]
