%YAML:1.0
---
pose_0: !!opencv-matrix
   rows: 1
   cols: 25
   dt: "3f"
   data: [ 8.50742676e+02, 2.27751434e+02, 7.85294175e-01,
       7.86123962e+02, 3.06113312e+02, 4.88207370e-01, 7.82189575e+02,
       2.92438538e+02, 1.80905387e-01, 6.78338257e+02, 2.88485138e+02,
       1.67714506e-01, 0., 0., 0., 7.99828125e+02, 3.17906677e+02,
       4.87517744e-01, 6.70508728e+02, 2.57046600e+02, 7.47646332e-01,
       5.25579285e+02, 2.00299988e+02, 7.78396428e-01, 5.54941833e+02,
       3.49180725e+02, 3.47103596e-01, 5.37293701e+02, 3.12033386e+02,
       3.31732064e-01, 3.23761505e+02, 2.68904114e+02, 2.10345671e-01,
       2.17949036e+02, 3.64869873e+02, 5.51823713e-02, 5.74537903e+02,
       3.80528107e+02, 3.27254087e-01, 3.02208374e+02, 2.64999146e+02,
       2.98281431e-01, 6.90841675e+01, 4.15873718e+02, 2.72798508e-01,
       8.68303040e+02, 2.25814255e+02, 4.78065431e-01, 8.70404175e+02,
       2.41544632e+02, 8.71800363e-01, 0., 0., 0., 8.70339844e+02,
       2.98271515e+02, 7.75704265e-01, 4.36353188e+01, 4.45200714e+02,
       1.54131934e-01, 4.94469757e+01, 4.45249512e+02, 1.88594922e-01,
       4.36357765e+01, 4.15854584e+02, 2.02927336e-01, 0., 0., 0., 0.,
       0., 0., 0., 0., 0. ]
