%YAML:1.0
---
pose_0: !!opencv-matrix
   rows: 1
   cols: 25
   dt: "3f"
   data: [ 8.88043579e+02, 2.64968201e+02, 7.26666987e-01,
       7.88024597e+02, 2.92443817e+02, 6.71613514e-01, 7.88064636e+02,
       2.12153549e+02, 6.33532286e-01, 7.60595947e+02, 1.08226013e+02,
       6.49529278e-01, 7.88046692e+02, 4.38835478e+00, 1.91639975e-01,
       7.82163330e+02, 3.64922272e+02, 6.05334103e-01, 7.07757324e+02,
       4.58890411e+02, 7.80128241e-01, 8.11578796e+02, 4.31491425e+02,
       7.97252834e-01, 5.54933411e+02, 2.88472809e+02, 2.45878220e-01,
       5.54930298e+02, 2.45405777e+02, 2.60345012e-01, 3.70766174e+02,
       2.55177704e+02, 1.01321578e-01, 0., 0., 0., 5.45130859e+02,
       3.25732880e+02, 1.96228459e-01, 3.66824097e+02, 3.41403717e+02,
       1.26452431e-01, 1.67030060e+02, 3.49244232e+02, 1.32843941e-01,
       9.01630005e+02, 2.59212280e+02, 5.92672467e-01, 9.03624573e+02,
       2.84558105e+02, 8.15168560e-01, 0., 0., 0., 8.84090210e+02,
       3.25719482e+02, 8.04676533e-01, 0., 0., 0., 0., 0., 0., 0., 0.,
       0., 0., 0., 0., 0., 0., 0., 0., 0., 0. ]
