%YAML:1.0
---
pose_0: !!opencv-matrix
   rows: 1
   cols: 25
   dt: "3f"
   data: [ 8.85979614e+02, 3.98274994e+02, 7.93844104e-01,
       7.80250061e+02, 3.98256561e+02, 6.98958635e-01, 7.74377075e+02,
       3.19812286e+02, 7.09035993e-01, 6.54885803e+02, 2.57148163e+02,
       8.42146277e-01, 7.11646606e+02, 2.59035095e+02, 8.65990222e-01,
       7.86109070e+02, 4.64836700e+02, 5.62182367e-01, 6.66534546e+02,
       5.43228516e+02, 8.47279131e-01, 7.68502075e+02, 5.09915741e+02,
       7.95219839e-01, 5.19659058e+02, 4.43230286e+02, 3.61210167e-01,
       5.23552063e+02, 3.96197968e+02, 4.66132134e-01, 3.39450195e+02,
       3.98251434e+02, 5.21623492e-01, 1.63150909e+02, 3.62929291e+02,
       1.07859693e-01, 5.29460754e+02, 4.84421570e+02, 4.59003866e-01,
       3.66850616e+02, 5.09850525e+02, 3.87211412e-01, 1.69003708e+02,
       5.35356323e+02, 2.74260044e-01, 8.97777222e+02, 3.82474243e+02,
       8.52453887e-01, 8.97799561e+02, 4.15769684e+02, 7.81584918e-01,
       8.74269226e+02, 3.59027130e+02, 6.22289002e-01, 8.84078796e+02,
       4.33556610e+02, 2.11602539e-01, 1.20055420e+02, 5.68651001e+02,
       6.40555322e-02, 0., 0., 0., 1.47399216e+02, 5.21638794e+02,
       1.48470074e-01, 0., 0., 0., 0., 0., 0., 0., 0., 0. ]
