%YAML:1.0
---
pose_0: !!opencv-matrix
   rows: 1
   cols: 25
   dt: "3f"
   data: [ 8.84039673e+02, 4.45216583e+02, 8.67123425e-01,
       7.92073425e+02, 4.21695068e+02, 6.99747324e-01, 7.80268494e+02,
       3.55075012e+02, 6.15069985e-01, 8.11576355e+02, 2.45440491e+02,
       7.65231073e-01, 8.85969360e+02, 2.96330841e+02, 8.54236245e-01,
       8.11552185e+02, 4.94192871e+02, 6.41119838e-01, 8.39054871e+02,
       6.01891541e+02, 6.90041423e-01, 9.19317627e+02, 7.15617920e+02,
       4.66018498e-01, 5.58882813e+02, 4.49133026e+02, 3.56146634e-01,
       5.60796387e+02, 4.07967072e+02, 4.64570791e-01, 3.88406006e+02,
       4.11905670e+02, 2.79166818e-01, 0., 0., 0., 5.68633240e+02,
       4.92274567e+02, 3.80097449e-01, 4.00154816e+02, 5.19694214e+02,
       2.09300339e-01, 0., 0., 0., 8.97729126e+02, 4.19764343e+02,
       7.79024005e-01, 8.99663635e+02, 4.47127197e+02, 7.68468618e-01,
       8.70375793e+02, 3.82567078e+02, 8.75776649e-01, 0., 0., 0., 0.,
       0., 0., 0., 0., 0., 0., 0., 0., 0., 0., 0., 0., 0., 0., 0., 0.,
       0. ]
