%YAML:1.0
---
pose_0: !!opencv-matrix
   rows: 1
   cols: 25
   dt: "3f"
   data: [ 9.27148987e+02, 1.90537125e+02, 7.55088329e-01,
       8.09684998e+02, 1.90558258e+02, 6.35733306e-01, 8.15503784e+02,
       1.02413109e+02, 6.43236637e-01, 6.74464294e+02, 5.53635292e+01,
       7.70884037e-01, 5.88264587e+02, 7.29947968e+01, 8.07761550e-01,
       8.07598328e+02, 2.78694824e+02, 6.98415756e-01, 6.88185120e+02,
       3.35476288e+02, 7.32679844e-01, 5.82330444e+02, 3.84589966e+02,
       7.81349957e-01, 5.45129761e+02, 1.92467819e+02, 1.38044775e-01,
       5.37287842e+02, 1.49423767e+02, 1.93698838e-01, 0., 0., 0., 0.,
       0., 0., 5.47095032e+02, 2.43424927e+02, 1.04822770e-01,
       3.17874908e+02, 2.10103104e+02, 5.61390966e-02, 3.23761902e+02,
       2.08141922e+02, 5.71370497e-02, 9.34971436e+02, 1.65072754e+02,
       8.64391685e-01, 9.36971863e+02, 2.10019516e+02, 8.02030623e-01,
       9.15400452e+02, 1.41559647e+02, 5.21697283e-01, 9.27128601e+02,
       2.27834854e+02, 1.59579322e-01, 0., 0., 0., 0., 0., 0., 0., 0.,
       0., 0., 0., 0., 0., 0., 0., 0., 0., 0. ]
