%YAML:1.0
---
pose_0: !!opencv-matrix
   rows: 1
   cols: 25
   dt: "3f"
   data: [ 9.11469788e+02, 4.27549438e+02, 7.41646469e-01,
       7.99824768e+02, 4.29522369e+02, 6.27265632e-01, 7.89992798e+02,
       3.51184784e+02, 6.90440357e-01, 6.78319397e+02, 2.90455566e+02,
       8.02688479e-01, 7.56703369e+02, 2.74733490e+02, 8.25535595e-01,
       8.01749756e+02, 5.13811768e+02, 5.20342767e-01, 6.84214478e+02,
       5.88152649e+02, 8.40964675e-01, 7.80253540e+02, 5.72532104e+02,
       8.06925714e-01, 5.66690369e+02, 4.80481323e+02, 3.20061237e-01,
       5.58869873e+02, 4.27595184e+02, 3.57404232e-01, 3.49231445e+02,
       3.86437805e+02, 3.24049592e-01, 0., 0., 0., 5.80395264e+02,
       5.23608704e+02, 3.71120006e-01, 3.84486664e+02, 5.21564026e+02,
       5.19441426e-01, 4.23649750e+02, 6.54881836e+02, 6.10687062e-02,
       9.19304810e+02, 4.02184753e+02, 8.37897480e-01, 9.21323730e+02,
       4.43272491e+02, 7.52324581e-01, 8.97781616e+02, 3.80516998e+02,
       6.07274175e-01, 8.93874878e+02, 4.62835999e+02, 2.65543848e-01,
       0., 0., 0., 0., 0., 0., 0., 0., 0., 0., 0., 0., 0., 0., 0., 0.,
       0., 0. ]
