%YAML:1.0
---
pose_0: !!opencv-matrix
   rows: 1
   cols: 25
   dt: "3f"
   data: [ 8.99806702e+02, 4.00191589e+02, 8.31729710e-01,
       7.82190186e+02, 4.00178467e+02, 6.46977842e-01, 7.78286926e+02,
       3.17907593e+02, 6.43923402e-01, 6.68561523e+02, 2.35583817e+02,
       7.39792943e-01, 7.27320374e+02, 2.70821259e+02, 7.83426344e-01,
       7.76325500e+02, 4.78546661e+02, 5.91480911e-01, 6.62667419e+02,
       5.39158020e+02, 7.76965559e-01, 7.74347107e+02, 5.23605774e+02,
       8.04130316e-01, 5.29454407e+02, 4.17773163e+02, 2.75417030e-01,
       5.41228271e+02, 3.68846344e+02, 3.69460464e-01, 3.35554901e+02,
       3.66800751e+02, 5.24675548e-01, 2.86527252e+02, 3.49175629e+02,
       1.04876250e-01, 5.25533325e+02, 4.64791443e+02, 3.25486541e-01,
       3.68803284e+02, 4.96167236e+02, 4.19868886e-01, 1.76832001e+02,
       5.31432129e+02, 2.85814494e-01, 9.13421265e+02, 3.82605042e+02,
       8.66053104e-01, 9.11504944e+02, 4.17809601e+02, 7.46793032e-01,
       8.84121399e+02, 3.62920410e+02, 6.70404255e-01, 8.95837769e+02,
       4.43230804e+02, 2.79927164e-01, 1.27870667e+02, 5.72594727e+02,
       2.16243505e-01, 1.31730728e+02, 5.72599976e+02, 2.46740326e-01,
       1.49418854e+02, 5.19671509e+02, 1.68833151e-01, 0., 0., 0., 0.,
       0., 0., 0., 0., 0. ]
