%YAML:1.0
---
pose_0: !!opencv-matrix
   rows: 1
   cols: 25
   dt: "3f"
   data: [ 1.00553406e+03, 2.00372971e+02, 7.35308230e-01,
       8.82130554e+02, 2.41461517e+02, 3.37318659e-01, 8.37063904e+02,
       1.41576477e+02, 1.55653432e-01, 0., 0., 0., 0., 0., 0.,
       8.86050293e+02, 3.13928436e+02, 4.80811566e-01, 7.44982605e+02,
       4.21709259e+02, 7.05091655e-01, 7.64559021e+02, 3.04169189e+02,
       7.07898200e-01, 0., 0., 0., 0., 0., 0., 0., 0., 0., 0., 0., 0.,
       0., 0., 0., 0., 0., 0., 0., 0., 0., 1.01132831e+03,
       1.70969131e+02, 8.11833322e-01, 1.02519324e+03, 2.16005096e+02,
       7.92452037e-01, 9.78036560e+02, 1.47426392e+02, 5.00278234e-01,
       1.02120422e+03, 2.43472397e+02, 8.27680081e-02, 0., 0., 0., 0.,
       0., 0., 0., 0., 0., 0., 0., 0., 0., 0., 0., 0., 0., 0. ]
