%YAML:1.0
---
pose_0: !!opencv-matrix
   rows: 1
   cols: 25
   dt: "3f"
   data: [ 9.64396973e+02, 2.31688309e+02, 8.09656739e-01,
       8.44856201e+02, 2.47384949e+02, 5.49760342e-01, 8.33140808e+02,
       1.63085236e+02, 6.71171188e-01, 7.50835266e+02, 1.47394135e+02,
       4.36956942e-01, 6.78309265e+02, 1.33774002e+02, 6.10346079e-01,
       8.54750488e+02, 3.37527496e+02, 6.09754562e-01, 7.68503845e+02,
       4.62904877e+02, 7.82996893e-01, 8.05728271e+02, 3.31570129e+02,
       8.03423524e-01, 5.68629700e+02, 3.33536682e+02, 1.12710685e-01,
       5.47091064e+02, 3.19815643e+02, 1.18978754e-01, 0., 0., 0., 0.,
       0., 0., 5.94118164e+02, 3.55104340e+02, 7.32347667e-02, 0., 0.,
       0., 0., 0., 0., 9.70255005e+02, 2.08101303e+02, 8.14389706e-01,
       9.80062195e+02, 2.45431396e+02, 8.04282725e-01, 9.38944824e+02,
       1.78737076e+02, 5.83969116e-01, 9.58481262e+02, 2.74691833e+02,
       1.43295750e-01, 0., 0., 0., 0., 0., 0., 0., 0., 0., 0., 0., 0.,
       0., 0., 0., 0., 0., 0. ]
