%YAML:1.0
---
pose_0: !!opencv-matrix
   rows: 1
   cols: 25
   dt: "3f"
   data: [ 1.00552283e+03, 2.41432358e+02, 7.91084349e-01,
       8.70388855e+02, 2.29739319e+02, 4.36416149e-01, 8.66402466e+02,
       1.45467514e+02, 4.15855289e-01, 7.23440491e+02, 5.33097801e+01,
       6.29030406e-01, 7.52820129e+02, 1.27829140e+02, 6.95082903e-01,
       8.66383545e+02, 3.31561127e+02, 4.21006978e-01, 7.13698059e+02,
       4.17761322e+02, 7.58871377e-01, 8.01775391e+02, 3.37396240e+02,
       7.79792249e-01, 6.35254944e+02, 2.94358032e+02, 8.37487057e-02,
       6.13705139e+02, 2.72799255e+02, 6.75582960e-02, 0., 0., 0., 0.,
       0., 0., 6.52888733e+02, 3.21825439e+02, 7.32331127e-02,
       5.68632690e+02, 3.58996521e+02, 5.35427667e-02, 0., 0., 0.,
       1.01344031e+03, 2.10184189e+02, 8.44709396e-01, 1.01923779e+03,
       2.59030975e+02, 7.08063662e-01, 9.83994934e+02, 1.67006287e+02,
       3.00350159e-01, 0., 0., 0., 0., 0., 0., 0., 0., 0., 0., 0., 0.,
       0., 0., 0., 0., 0., 0., 0., 0., 0. ]
