%YAML:1.0
---
pose_0: !!opencv-matrix
   rows: 1
   cols: 25
   dt: "3f"
   data: [ 9.03698669e+02, 4.27569550e+02, 7.64953732e-01,
       7.97881409e+02, 4.25600983e+02, 6.39258802e-01, 7.97844177e+02,
       3.37529144e+02, 6.46818578e-01, 7.29350586e+02, 2.94341217e+02,
       1.83878809e-01, 0., 0., 0., 7.90100342e+02, 5.02063568e+02,
       5.66278338e-01, 6.70536011e+02, 5.54905396e+02, 7.58108556e-01,
       7.74378540e+02, 5.52989136e+02, 7.44689643e-01, 5.51020569e+02,
       4.27585846e+02, 2.03571379e-01, 5.58849792e+02, 3.86462311e+02,
       2.47950554e-01, 3.43362488e+02, 3.78591614e+02, 1.59469485e-01,
       0., 0., 0., 5.37283447e+02, 4.78530853e+02, 1.40857726e-01,
       3.86488708e+02, 5.07894012e+02, 6.87345341e-02, 0., 0., 0.,
       9.15486511e+02, 4.09918518e+02, 8.59817028e-01, 9.15414001e+02,
       4.41300995e+02, 7.26051033e-01, 8.87993774e+02, 3.84472473e+02,
       6.43970251e-01, 9.01654053e+02, 4.60917419e+02, 1.93802297e-01,
       0., 0., 0., 0., 0., 0., 0., 0., 0., 0., 0., 0., 0., 0., 0., 0.,
       0., 0. ]
