%YAML:1.0
---
pose_0: !!opencv-matrix
   rows: 1
   cols: 25
   dt: "3f"
   data: [ 9.40878418e+02, 3.35450745e+02, 7.80308902e-01,
       8.36981812e+02, 2.64985260e+02, 6.39568985e-01, 8.54638306e+02,
       1.90549820e+02, 5.60801566e-01, 7.44958008e+02, 1.00333878e+02,
       7.23606050e-01, 6.13657471e+02, 1.23953659e+02, 7.41272509e-01,
       8.17416809e+02, 3.39412628e+02, 5.60579896e-01, 7.27301575e+02,
       4.00166138e+02, 6.88978791e-01, 6.97875732e+02, 4.58907990e+02,
       7.98332691e-01, 5.64716980e+02, 2.59094696e+02, 1.21101163e-01,
       5.68648926e+02, 2.08171417e+02, 8.46181661e-02, 3.64914703e+02,
       3.68813385e+02, 1.23257071e-01, 1.63106201e+02, 3.35550903e+02,
       2.80035198e-01, 5.56912415e+02, 3.00242645e+02, 8.14475343e-02,
       3.78614594e+02, 3.78572723e+02, 1.40753999e-01, 1.55265106e+02,
       3.29639740e+02, 1.78367347e-01, 9.64368713e+02, 3.08139130e+02,
       7.93809652e-01, 9.62378784e+02, 3.35544342e+02, 3.66248548e-01,
       9.48705872e+02, 2.57203461e+02, 9.19718564e-01, 0., 0., 0., 0.,
       0., 0., 0., 0., 0., 1.33706848e+02, 2.98272064e+02,
       1.22832865e-01, 1.16022324e+02, 3.82477356e+02, 5.91434836e-02,
       0., 0., 0., 0., 0., 0. ]
