%YAML:1.0
---
pose_0: !!opencv-matrix
   rows: 1
   cols: 25
   dt: "3f"
   data: [ 9.48662964e+02, 2.57173370e+02, 7.45909452e-01,
       8.44911926e+02, 2.61093597e+02, 6.47287250e-01, 8.33132874e+02,
       1.78750504e+02, 6.17458463e-01, 7.09688721e+02, 9.64795532e+01,
       3.15596521e-01, 7.05756653e+02, 1.21967392e+02, 2.60042638e-01,
       8.54722839e+02, 3.51213348e+02, 6.39968514e-01, 7.72328674e+02,
       4.49147064e+02, 7.49499321e-01, 7.11670227e+02, 5.41281616e+02,
       7.93521345e-01, 5.54935730e+02, 2.90466370e+02, 1.68144211e-01,
       5.29457764e+02, 2.53201248e+02, 2.02960685e-01, 3.49205658e+02,
       2.90439087e+02, 1.74094707e-01, 0., 0., 0., 5.66679504e+02,
       3.37466309e+02, 1.44155338e-01, 3.68827057e+02, 4.13848419e+02,
       2.40825802e-01, 1.33754440e+02, 5.09857941e+02, 1.38045847e-01,
       9.64431763e+02, 2.27738419e+02, 7.38466322e-01, 9.68332581e+02,
       2.72867065e+02, 8.38357329e-01, 9.48747864e+02, 1.94476395e+02,
       5.88607848e-01, 0., 0., 0., 0., 0., 0., 0., 0., 0.,
       1.16115479e+02, 5.21601440e+02, 1.11352690e-01, 0., 0., 0., 0.,
       0., 0., 0., 0., 0. ]
