%YAML:1.0
---
pose_0: !!opencv-matrix
   rows: 1
   cols: 25
   dt: "3f"
   data: [ 9.76132446e+02, 2.82622955e+02, 7.48737395e-01,
       8.58594666e+02, 3.06092010e+02, 6.59404576e-01, 8.40993774e+02,
       2.23800598e+02, 5.90096891e-01, 7.84139221e+02, 1.90559418e+02,
       4.20817554e-01, 7.29381775e+02, 1.53289001e+02, 6.85269594e-01,
       8.70388977e+02, 3.86486542e+02, 6.42903507e-01, 7.76273743e+02,
       4.76518707e+02, 5.48374414e-01, 7.05771667e+02, 5.43186890e+02,
       1.93756059e-01, 5.64731689e+02, 3.53123108e+02, 1.79507002e-01,
       5.62778625e+02, 3.06148926e+02, 2.60795623e-01, 3.35474792e+02,
       3.35551422e+02, 3.56483907e-01, 0., 0., 0., 5.60801819e+02,
       4.04098694e+02, 1.46824539e-01, 3.66866486e+02, 4.56969208e+02,
       2.38083526e-01, 2.12042862e+02, 5.00097717e+02, 3.84708226e-01,
       9.80130676e+02, 2.57182465e+02, 8.84802699e-01, 9.93712036e+02,
       3.00234619e+02, 7.73480952e-01, 9.48775146e+02, 2.31674454e+02,
       7.06610322e-01, 9.74173401e+02, 3.19811005e+02, 1.73854470e-01,
       1.82725494e+02, 5.31432434e+02, 5.56456149e-02, 0., 0., 0.,
       1.96436859e+02, 4.96185730e+02, 2.40708098e-01, 0., 0., 0., 0.,
       0., 0., 0., 0., 0. ]
