%YAML:1.0
---
pose_0: !!opencv-matrix
   rows: 1
   cols: 25
   dt: "3f"
   data: [ 9.19342712e+02, 2.37519257e+02, 7.38887191e-01,
       8.23369446e+02, 2.90413971e+02, 7.10789680e-01, 7.90007019e+02,
       2.51270035e+02, 5.45576751e-01, 6.92038757e+02, 2.70825226e+02,
       5.63631535e-01, 6.54866943e+02, 2.08154190e+02, 7.76254535e-01,
       8.56675903e+02, 3.37492493e+02, 6.32549524e-01, 7.60671204e+02,
       4.17842621e+02, 7.72558987e-01, 6.37206116e+02, 3.55153351e+02,
       6.83304548e-01, 5.80398010e+02, 3.33504242e+02, 2.97520041e-01,
       5.76484680e+02, 3.00266357e+02, 3.47575486e-01, 3.49229980e+02,
       3.19819641e+02, 2.18366086e-01, 1.47446381e+02, 3.84495453e+02,
       1.44009814e-01, 5.92155945e+02, 3.68812073e+02, 1.56860813e-01,
       3.37501709e+02, 3.21851532e+02, 2.22210184e-01, 1.18073967e+02,
       3.98188934e+02, 1.27270415e-01, 9.29065796e+02, 2.25690948e+02,
       7.51294315e-01, 9.35030884e+02, 2.53224503e+02, 8.22003841e-01,
       8.99707275e+02, 2.14121658e+02, 1.23704694e-01, 9.17447693e+02,
       2.92375244e+02, 7.68964112e-01, 8.86728973e+01, 3.98257507e+02,
       7.02531785e-02, 9.64642410e+01, 4.13825653e+02, 1.00394323e-01,
       0., 0., 0., 8.86369705e+01, 4.09945221e+02, 8.11241418e-02, 0.,
       0., 0., 0., 0., 0. ]
