%YAML:1.0
---
pose_0: !!opencv-matrix
   rows: 2
   cols: 25
   dt: "3f"
   data: [ 8.99750793e+02, 3.53200562e+02, 8.35099638e-01,
       8.09633301e+02, 3.33564453e+02, 5.69577098e-01, 8.15471375e+02,
       2.92408600e+02, 6.52724624e-01, 7.86070129e+02, 3.92323486e+02,
       7.29893684e-01, 7.78315308e+02, 5.17714111e+02, 7.41599023e-01,
       7.95913757e+02, 3.62918365e+02, 2.11788446e-01, 0., 0., 0., 0.,
       0., 0., 5.60831848e+02, 3.19799683e+02, 2.15484887e-01,
       5.56896973e+02, 2.90449646e+02, 2.52168715e-01, 4.47201752e+02,
       3.04200562e+02, 9.86274183e-02, 3.35519470e+02, 3.72716370e+02,
       1.09137647e-01, 5.58842407e+02, 3.47267365e+02, 1.13727160e-01,
       4.60884552e+02, 3.96263214e+02, 6.11890480e-02, 3.39439911e+02,
       3.70757477e+02, 1.05754875e-01, 9.01743103e+02, 3.35431366e+02,
       8.73789668e-01, 9.15359497e+02, 3.61019196e+02, 7.61991203e-01,
       8.70401917e+02, 3.06215088e+02, 7.81570256e-01, 8.97732117e+02,
       3.82519684e+02, 1.38490438e-01, 0., 0., 0., 0., 0., 0., 0., 0.,
       0., 0., 0., 0., 0., 0., 0., 0., 0., 0., 0., 0., 0., 0., 0., 0.,
       0., 0., 0., 0., 0., 0., 0., 0., 0., 7.50866882e+02,
       3.82511932e+02, 1.62323713e-01, 6.78345947e+02, 4.45132446e+02,
       5.70170581e-01, 6.01879761e+02, 5.27529053e+02, 7.12881863e-01,
       0., 0., 0., 0., 0., 0., 0., 0., 0., 0., 0., 0., 0., 0., 0., 0.,
       0., 0., 0., 0., 0., 0., 0., 0., 0., 0., 0., 0., 0., 0., 0., 0.,
       0., 0., 0., 0., 0., 0., 0., 0., 0., 0., 0., 0., 0., 0., 0., 0.,
       0., 0., 0. ]
