%YAML:1.0
---
pose_0: !!opencv-matrix
   rows: 1
   cols: 25
   dt: "3f"
   data: [ 8.93851501e+02, 2.57199310e+02, 7.42000699e-01,
       7.93944275e+02, 2.55154663e+02, 6.72723532e-01, 7.99811462e+02,
       1.70955582e+02, 6.64836526e-01, 6.37209106e+02, 1.33825089e+02,
       7.73505509e-01, 5.41215515e+02, 1.33781021e+02, 7.75451243e-01,
       7.90088318e+02, 3.37485046e+02, 6.15087688e-01, 6.80290771e+02,
       3.57041779e+02, 6.53859377e-01, 5.64716003e+02, 3.82494354e+02,
       6.53648913e-01, 5.23608704e+02, 2.59083130e+02, 3.41872573e-01,
       5.35326660e+02, 2.10089767e+02, 3.46777469e-01, 3.51210358e+02,
       2.12018356e+02, 4.79538947e-01, 1.63044037e+02, 2.12081131e+02,
       4.46397156e-01, 5.23591553e+02, 3.02227539e+02, 4.10974085e-01,
       3.45313202e+02, 2.90533325e+02, 5.21891236e-01, 1.51360214e+02,
       2.88420135e+02, 3.98611128e-01, 9.05621338e+02, 2.41454819e+02,
       8.49722028e-01, 9.11472412e+02, 2.74867493e+02, 7.43181407e-01,
       8.88001282e+02, 2.16044510e+02, 5.68960071e-01, 9.01701538e+02,
       3.02136200e+02, 2.17204258e-01, 9.06326675e+01, 3.19797516e+02,
       3.57078284e-01, 1.02390755e+02, 3.21740326e+02, 3.83957744e-01,
       1.31741333e+02, 2.70861542e+02, 1.98742479e-01, 1.02368309e+02,
       1.67008484e+02, 2.57493138e-01, 1.02391815e+02, 1.67001205e+02,
       2.17933163e-01, 1.45481995e+02, 2.25777191e+02, 2.71447897e-01 ]
