%YAML:1.0
---
pose_0: !!opencv-matrix
   rows: 1
   cols: 25
   dt: "3f"
   data: [ 9.93845520e+02, 2.17959183e+02, 8.22695315e-01,
       8.74254944e+02, 2.10140640e+02, 5.21269023e-01, 8.72335571e+02,
       1.16103828e+02, 5.35521269e-01, 7.29275513e+02, 3.57111130e+01,
       5.65379441e-01, 7.44991272e+02, 1.16067467e+02, 6.83443308e-01,
       8.74261658e+02, 3.00231018e+02, 3.91285539e-01, 6.99885559e+02,
       3.68917297e+02, 4.13021088e-01, 7.84149780e+02, 3.68800201e+02,
       4.42045152e-01, 5.74525757e+02, 2.90447235e+02, 9.60481912e-02,
       5.60815125e+02, 2.45387924e+02, 6.88320324e-02, 0., 0., 0., 0.,
       0., 0., 5.84312988e+02, 3.19797394e+02, 1.53067023e-01,
       4.88315765e+02, 3.23764343e+02, 7.51689076e-02, 3.37463898e+02,
       3.33520416e+02, 1.27815291e-01, 1.01135968e+03, 1.94485138e+02,
       8.76016974e-01, 1.01142987e+03, 2.41464264e+02, 8.06975961e-01,
       9.91827881e+02, 1.63055435e+02, 5.90818048e-01, 9.83971436e+02,
       2.63052216e+02, 5.54441474e-02, 0., 0., 0., 0., 0., 0., 0., 0.,
       0., 0., 0., 0., 0., 0., 0., 0., 0., 0. ]
