%YAML:1.0
---
pose_0: !!opencv-matrix
   rows: 1
   cols: 25
   dt: "3f"
   data: [ 9.11453491e+02, 4.31444580e+02, 7.99828589e-01,
       8.07698425e+02, 4.60945892e+02, 7.23587692e-01, 7.82223267e+02,
       3.92304291e+02, 6.02171659e-01, 6.80321838e+02, 4.00112457e+02,
       1.30803421e-01, 6.21563171e+02, 3.82534576e+02, 1.83761075e-01,
       8.33090881e+02, 5.35329285e+02, 6.37094617e-01, 7.09665466e+02,
       5.43197571e+02, 7.43574739e-01, 6.35355530e+02, 4.31488800e+02,
       6.56349003e-01, 5.88243164e+02, 4.82459564e+02, 1.04921095e-01,
       5.78438660e+02, 4.45249512e+02, 1.37568027e-01, 3.78601929e+02,
       3.98217773e+02, 1.00216404e-01, 0., 0., 0., 6.01946960e+02,
       5.31422119e+02, 1.04672134e-01, 4.94167603e+02, 4.15812103e+02,
       9.06155854e-02, 0., 0., 0., 9.17351501e+02, 4.15765137e+02,
       9.27808344e-01, 9.27173157e+02, 4.47197144e+02, 8.51006150e-01,
       8.97791321e+02, 4.00223724e+02, 4.40116763e-01, 9.09532837e+02,
       4.78451477e+02, 6.69051290e-01, 0., 0., 0., 0., 0., 0., 0., 0.,
       0., 0., 0., 0., 0., 0., 0., 0., 0., 0. ]
