%YAML:1.0
---
pose_0: !!opencv-matrix
   rows: 1
   cols: 25
   dt: "3f"
   data: [ 8.52651794e+02, 2.90407562e+02, 8.01522851e-01,
       7.62618469e+02, 2.90538605e+02, 7.34196782e-01, 7.66518311e+02,
       2.27775726e+02, 7.13818908e-01, 6.64709656e+02, 1.63143127e+02,
       8.49456489e-01, 6.48974609e+02, 2.84591980e+02, 7.25482762e-01,
       7.56699341e+02, 3.62938629e+02, 6.06598735e-01, 6.70525146e+02,
       4.11895477e+02, 2.93053567e-01, 6.60704651e+02, 4.13936798e+02,
       3.98541629e-01, 5.86258179e+02, 2.92418182e+02, 3.63425612e-01,
       5.86308167e+02, 2.55206894e+02, 4.03013259e-01, 3.64901459e+02,
       2.10146454e+02, 2.88520813e-01, 3.04098328e+02, 1.88584518e+02,
       5.05852923e-02, 5.86262085e+02, 3.33569611e+02, 3.72237563e-01,
       3.39427673e+02, 3.37553040e+02, 3.12482327e-01, 1.72919601e+02,
       3.49242249e+02, 5.12431204e-01, 8.66370850e+02, 2.72850983e+02,
       8.64067852e-01, 8.62541931e+02, 3.04203186e+02, 7.68440247e-01,
       8.44898865e+02, 2.55118317e+02, 6.72052503e-01, 8.42913513e+02,
       3.19903900e+02, 2.89400935e-01, 1.21972237e+02, 3.66855499e+02,
       3.67071331e-01, 1.31782272e+02, 3.70757233e+02, 3.86615038e-01,
       1.57223541e+02, 3.37485840e+02, 2.24858105e-01, 0., 0., 0., 0.,
       0., 0., 0., 0., 0. ]
