%YAML:1.0
---
pose_0: !!opencv-matrix
   rows: 1
   cols: 25
   dt: "3f"
   data: [ 8.86011902e+02, 3.39494690e+02, 8.30052853e-01,
       7.88049377e+02, 3.19820160e+02, 6.71463370e-01, 8.01751099e+02,
       2.47367401e+02, 6.79898143e-01, 6.98042786e+02, 2.59103119e+02,
       7.79836178e-01, 7.17516174e+02, 4.00239105e+02, 7.25341201e-01,
       7.70400757e+02, 3.82586792e+02, 4.78412032e-01, 6.95957825e+02,
       4.51078552e+02, 3.06491643e-01, 7.27384827e+02, 4.49187714e+02,
       1.58259526e-01, 6.41121338e+02, 3.19818878e+02, 3.03654075e-01,
       6.25447693e+02, 2.88453308e+02, 2.80815363e-01, 3.49226257e+02,
       2.29758408e+02, 1.22197330e-01, 1.92488678e+02, 1.78735123e+02,
       5.32208234e-02, 6.52884521e+02, 3.51183136e+02, 2.51762897e-01,
       5.39256958e+02, 3.84479004e+02, 1.10341594e-01, 0., 0., 0.,
       8.99739685e+02, 3.19822968e+02, 8.43214512e-01, 9.01669739e+02,
       3.53128876e+02, 8.05678010e-01, 8.82123230e+02, 2.90391663e+02,
       7.29431629e-01, 0., 0., 0., 0., 0., 0., 0., 0., 0., 0., 0., 0.,
       0., 0., 0., 0., 0., 0., 0., 0., 0. ]
