%YAML:1.0
---
pose_0: !!opencv-matrix
   rows: 1
   cols: 25
   dt: "3f"
   data: [ 9.40885254e+02, 3.02142365e+02, 7.59510994e-01,
       8.35031311e+02, 3.51237946e+02, 6.89782917e-01, 8.07725647e+02,
       2.96301514e+02, 5.10494471e-01, 7.42997498e+02, 2.92402344e+02,
       6.26553446e-02, 0., 0., 0., 8.46865234e+02, 4.11872162e+02,
       6.49135172e-01, 7.09686462e+02, 4.56979431e+02, 6.91165745e-01,
       5.88187622e+02, 3.86522034e+02, 8.29506040e-01, 5.90188110e+02,
       3.55082306e+02, 1.42124355e-01, 5.72582886e+02, 3.19862579e+02,
       1.24406010e-01, 3.66818146e+02, 4.17775055e+02, 5.76912276e-02,
       0., 0., 0., 0., 0., 0., 0., 0., 0., 0., 0., 0., 9.48654480e+02,
       2.90378265e+02, 8.24490249e-01, 9.56559998e+02, 3.17917816e+02,
       8.28771591e-01, 0., 0., 0., 9.33080566e+02, 3.64908447e+02,
       7.94395804e-01, 0., 0., 0., 0., 0., 0., 0., 0., 0., 0., 0., 0.,
       0., 0., 0., 0., 0., 0. ]
