%YAML:1.0
---
pose_0: !!opencv-matrix
   rows: 1
   cols: 25
   dt: "3f"
   data: [ 1.00948090e+03, 3.49208710e+02, 7.83533514e-01,
       9.01687561e+02, 3.35497650e+02, 5.44746041e-01, 9.15422852e+02,
       2.45392517e+02, 5.53955972e-01, 8.66425049e+02, 1.90519348e+02,
       1.85189232e-01, 7.97868042e+02, 1.68990143e+02, 2.56908000e-01,
       8.82092163e+02, 4.25607391e+02, 4.49218601e-01, 7.58661560e+02,
       4.90245422e+02, 2.85214871e-01, 7.70433777e+02, 5.13775879e+02,
       1.70842662e-01, 0., 0., 0., 0., 0., 0., 0., 0., 0., 0., 0., 0.,
       0., 0., 0., 0., 0., 0., 0., 0., 0., 1.03880115e+03,
       3.21779663e+02, 8.22698951e-01, 1.02902356e+03, 3.68796478e+02,
       7.00265765e-01, 1.00749390e+03, 2.76717377e+02, 3.35438073e-01,
       0., 0., 0., 0., 0., 0., 0., 0., 0., 0., 0., 0., 0., 0., 0., 0.,
       0., 0., 0., 0., 0. ]
