%YAML:1.0
---
pose_0: !!opencv-matrix
   rows: 1
   cols: 25
   dt: "3f"
   data: [ 8.85980042e+02, 3.96222229e+02, 8.21369529e-01,
       7.74363403e+02, 4.15850281e+02, 7.43029833e-01, 7.60711975e+02,
       3.37438812e+02, 7.42975414e-01, 6.33280518e+02, 2.90417969e+02,
       8.64281654e-01, 6.82231750e+02, 2.88527679e+02, 8.43074858e-01,
       7.84129883e+02, 4.92186829e+02, 6.04207695e-01, 6.68595093e+02,
       5.72658936e+02, 7.95811534e-01, 7.74294861e+02, 5.45144592e+02,
       7.66179502e-01, 5.23601013e+02, 4.13866486e+02, 3.20089817e-01,
       5.27496094e+02, 3.68769257e+02, 4.29286242e-01, 3.43339844e+02,
       3.66821320e+02, 4.26813811e-01, 0., 0., 0., 5.19682007e+02,
       4.60866943e+02, 3.82285058e-01, 3.59026154e+02, 4.90296539e+02,
       3.68823349e-01, 1.76842575e+02, 5.27523682e+02, 3.55941325e-01,
       8.86108154e+02, 3.78613922e+02, 8.42173457e-01, 8.97771484e+02,
       4.11864319e+02, 7.94227481e-01, 8.56676147e+02, 3.64853485e+02,
       4.33289349e-01, 8.72300842e+02, 4.43197845e+02, 5.85272431e-01,
       1.19997391e+02, 5.74528137e+02, 2.45032668e-01, 1.29784866e+02,
       5.74535767e+02, 2.65822709e-01, 1.51347458e+02, 5.19671509e+02,
       2.00666174e-01, 0., 0., 0., 0., 0., 0., 0., 0., 0. ]
