%YAML:1.0
---
pose_0: !!opencv-matrix
   rows: 1
   cols: 25
   dt: "3f"
   data: [ 1.05837939e+03, 2.10123535e+02, 8.58046472e-01,
       8.99760254e+02, 2.49319733e+02, 2.37944394e-01, 8.54686096e+02,
       1.65089691e+02, 2.26294681e-01, 0., 0., 0., 0., 0., 0.,
       9.35004517e+02, 3.25733795e+02, 3.17355424e-01, 8.50760254e+02,
       4.96151947e+02, 6.83115423e-01, 8.89989746e+02, 3.35504639e+02,
       5.86416006e-01, 0., 0., 0., 0., 0., 0., 0., 0., 0., 0., 0., 0.,
       0., 0., 0., 0., 0., 0., 0., 0., 0., 1.05848743e+03,
       1.80725861e+02, 8.41385186e-01, 1.07417297e+03, 2.25814011e+02,
       8.06139350e-01, 1.00355664e+03, 1.49388992e+02, 2.97547817e-01,
       1.05255383e+03, 2.63001129e+02, 1.47627532e-01, 0., 0., 0., 0.,
       0., 0., 0., 0., 0., 0., 0., 0., 0., 0., 0., 0., 0., 0. ]
