%YAML:1.0
---
pose_0: !!opencv-matrix
   rows: 1
   cols: 25
   dt: "3f"
   data: [ 9.03664917e+02, 4.27568176e+02, 7.78918684e-01,
       8.05653992e+02, 4.33493683e+02, 6.79421902e-01, 7.95884460e+02,
       3.55155121e+02, 6.70381188e-01, 6.99957397e+02, 2.84606842e+02,
       6.92669868e-01, 6.78302612e+02, 3.04243469e+02, 8.43072534e-01,
       8.05672974e+02, 5.15721008e+02, 5.77086329e-01, 6.95916138e+02,
       5.80390564e+02, 6.87458456e-01, 5.84350708e+02, 6.23529541e+02,
       7.66301274e-01, 5.41227966e+02, 4.45213013e+02, 1.85361281e-01,
       5.37288086e+02, 4.11879944e+02, 2.82942832e-01, 3.66843445e+02,
       4.21703186e+02, 1.04762271e-01, 0., 0., 0., 5.43184021e+02,
       5.00087158e+02, 1.38300985e-01, 0., 0., 0., 0., 0., 0.,
       9.13492798e+02, 4.02114960e+02, 8.40000987e-01, 9.19312134e+02,
       4.43195465e+02, 7.92691171e-01, 8.86052673e+02, 3.80572144e+02,
       4.95828182e-01, 8.99712341e+02, 4.58955902e+02, 2.21228078e-01,
       0., 0., 0., 0., 0., 0., 0., 0., 0., 0., 0., 0., 0., 0., 0., 0.,
       0., 0. ]
