%YAML:1.0
---
pose_0: !!opencv-matrix
   rows: 1
   cols: 25
   dt: "3f"
   data: [ 9.01681519e+02, 3.84440216e+02, 8.44546735e-01,
       7.95901245e+02, 3.98265747e+02, 7.02026188e-01, 7.76361694e+02,
       3.31570496e+02, 7.09974766e-01, 6.58782776e+02, 2.92422180e+02,
       7.82453060e-01, 7.29386230e+02, 2.74695374e+02, 8.53287697e-01,
       8.13557312e+02, 4.72637146e+02, 6.06363952e-01, 6.78360413e+02,
       5.54891724e+02, 7.99407601e-01, 7.68466858e+02, 5.03981201e+02,
       7.52941966e-01, 5.49054077e+02, 4.00192230e+02, 3.21133971e-01,
       5.54943420e+02, 3.55121124e+02, 4.42048043e-01, 3.19829315e+02,
       3.51192261e+02, 2.84070611e-01, 1.53321426e+02, 3.19883484e+02,
       3.46044123e-01, 5.39289063e+02, 4.49143555e+02, 3.48116308e-01,
       3.23777100e+02, 4.72650482e+02, 3.03087175e-01, 1.65094040e+02,
       5.17700989e+02, 3.35159183e-01, 9.11519348e+02, 3.66856506e+02,
       8.70512605e-01, 9.17334473e+02, 4.00083099e+02, 8.21354270e-01,
       8.84082520e+02, 3.49231476e+02, 7.35358953e-01, 9.03716797e+02,
       4.27562408e+02, 4.89550382e-01, 1.08230476e+02, 5.68659180e+02,
       1.28520921e-01, 0., 0., 0., 1.41566025e+02, 5.09868164e+02,
       2.08936512e-01, 1.33681366e+02, 3.00260895e+02, 8.61321390e-02,
       1.31780060e+02, 3.04150635e+02, 1.06802404e-01, 1.47372299e+02,
       3.19885071e+02, 2.92641103e-01 ]
