%YAML:1.0
---
pose_0: !!opencv-matrix
   rows: 1
   cols: 25
   dt: "3f"
   data: [ 8.99781372e+02, 3.53180267e+02, 8.26065183e-01,
       8.07640320e+02, 3.15880432e+02, 6.23916626e-01, 8.21338440e+02,
       2.72746063e+02, 6.70838654e-01, 7.13713928e+02, 3.08132294e+02,
       7.55489171e-01, 8.07598206e+02, 4.29554901e+02, 8.18212807e-01,
       7.90059998e+02, 3.51235962e+02, 3.82532001e-01, 6.82372559e+02,
       4.11887146e+02, 8.12689304e-01, 7.52808350e+02, 4.47172455e+02,
       8.20626855e-01, 5.27513367e+02, 3.06102509e+02, 1.70565709e-01,
       5.21624084e+02, 2.96317017e+02, 1.52980715e-01, 3.10061310e+02,
       3.37447296e+02, 3.56800050e-01, 1.20035812e+02, 3.37511261e+02,
       4.53925312e-01, 5.25562988e+02, 3.06124786e+02, 1.15296803e-01,
       3.10055115e+02, 3.33545563e+02, 5.91562837e-02, 1.57226227e+02,
       3.21813873e+02, 9.85079035e-02, 9.15471252e+02, 3.25697784e+02,
       7.29810774e-01, 9.19310059e+02, 3.64917542e+02, 8.05312872e-01,
       8.97759644e+02, 2.90416321e+02, 8.23576868e-01, 0., 0., 0., 0.,
       0., 0., 0., 0., 0., 0., 0., 0., 8.47373123e+01, 3.66849762e+02,
       9.51396227e-02, 0., 0., 0., 1.02389816e+02, 3.35519196e+02,
       2.73285627e-01 ]
