%YAML:1.0
---
pose_0: !!opencv-matrix
   rows: 1
   cols: 25
   dt: "3f"
   data: [ 8.86077393e+02, 1.21985687e+02, 7.11889744e-01,
       8.11596497e+02, 1.37664032e+02, 6.39640749e-01, 8.15512756e+02,
       6.90197525e+01, 5.32832563e-01, 8.84105713e+02, 1.80869656e+01,
       3.27514172e-01, 9.17302673e+02, 1.00462601e+02, 4.96400416e-01,
       8.21382935e+02, 2.04230667e+02, 6.00711226e-01, 9.17369873e+02,
       2.41494156e+02, 8.39003563e-01, 9.58473999e+02, 1.49476608e+02,
       5.59488952e-01, 5.72572021e+02, 1.70938950e+02, 1.01410381e-01,
       5.96069580e+02, 1.04333221e+02, 6.73211142e-02, 5.37311401e+02,
       7.88839722e+01, 5.17944656e-02, 0., 0., 0., 5.78452515e+02,
       1.92503662e+02, 1.29903346e-01, 4.49143463e+02, 1.82707825e+02,
       5.12302220e-02, 0., 0., 0., 9.01769165e+02, 1.14130966e+02,
       6.02958441e-01, 8.99674683e+02, 1.45432709e+02, 6.85273767e-01,
       0., 0., 0., 8.85977356e+02, 1.74836304e+02, 4.75623459e-01, 0.,
       0., 0., 0., 0., 0., 0., 0., 0., 0., 0., 0., 0., 0., 0., 0., 0.,
       0. ]
