%YAML:1.0
---
pose_0: !!opencv-matrix
   rows: 1
   cols: 25
   dt: "3f"
   data: [ 8.93875732e+02, 3.98198883e+02, 7.89006174e-01,
       7.99812500e+02, 4.47196899e+02, 5.71101904e-01, 7.76305420e+02,
       4.15818481e+02, 3.38737220e-01, 6.31346436e+02, 4.19738892e+02,
       4.06044573e-01, 5.41221313e+02, 3.82585968e+02, 6.50391757e-01,
       8.19418457e+02, 4.82463867e+02, 6.36154592e-01, 7.01892151e+02,
       3.96224091e+02, 6.31789505e-01, 6.07868225e+02, 2.92397156e+02,
       7.68950939e-01, 5.27519165e+02, 4.82450104e+02, 1.60402626e-01,
       5.43169556e+02, 4.43261780e+02, 2.17751309e-01, 3.66809082e+02,
       3.62956116e+02, 4.23996896e-01, 1.76813156e+02, 4.15898712e+02,
       4.74994361e-01, 5.25555542e+02, 5.33386414e+02, 1.42405406e-01,
       3.68821991e+02, 3.64886108e+02, 3.39314938e-01, 1.63103958e+02,
       4.19777649e+02, 1.06856085e-01, 8.99772278e+02, 3.82611603e+02,
       8.93188357e-01, 9.07559204e+02, 4.13932800e+02, 8.36449027e-01,
       8.72328918e+02, 3.78618683e+02, 3.35196763e-01, 8.95824890e+02,
       4.47203918e+02, 6.72304749e-01, 0., 0., 0., 0., 0., 0.,
       1.35683182e+02, 4.31478973e+02, 7.19483048e-02, 1.49421661e+02,
       4.43270569e+02, 7.43482187e-02, 0., 0., 0., 1.57229660e+02,
       4.25612274e+02, 3.07412624e-01 ]
