%YAML:1.0
---
pose_0: !!opencv-matrix
   rows: 1
   cols: 25
   dt: "3f"
   data: [ 9.17427856e+02, 2.88544617e+02, 8.48639607e-01,
       8.03679688e+02, 3.06205444e+02, 6.92525506e-01, 7.90034668e+02,
       2.27787521e+02, 7.30633616e-01, 6.68550476e+02, 1.98439911e+02,
       7.65587568e-01, 5.86350342e+02, 2.16001587e+02, 8.13298702e-01,
       8.09687988e+02, 3.86416595e+02, 6.45565748e-01, 6.97968628e+02,
       4.47135040e+02, 6.93156123e-01, 5.70571411e+02, 4.74622803e+02,
       7.28605032e-01, 5.52961609e+02, 3.59002533e+02, 2.42576331e-01,
       5.41227722e+02, 3.21781708e+02, 2.24786118e-01, 3.59001587e+02,
       4.21711090e+02, 2.30836064e-01, 1.74831161e+02, 4.92183105e+02,
       2.80957490e-01, 5.56883789e+02, 3.96209869e+02, 2.24609494e-01,
       3.66820068e+02, 4.19799652e+02, 3.18553805e-01, 1.63095734e+02,
       4.92241974e+02, 2.82715768e-01, 9.30971619e+02, 2.70896149e+02,
       8.75589013e-01, 9.31024170e+02, 3.04218048e+02, 8.17683935e-01,
       8.99800659e+02, 2.49281738e+02, 6.56031728e-01, 9.11459412e+02,
       3.27644501e+02, 2.86714822e-01, 8.67616653e+01, 5.11813354e+02,
       1.06119990e-01, 1.00350426e+02, 5.21578979e+02, 1.14295334e-01,
       1.39599564e+02, 4.92254150e+02, 1.45560533e-01, 1.29778656e+02,
       4.74601776e+02, 6.17312714e-02, 0., 0., 0., 1.65043213e+02,
       5.02021698e+02, 1.07281849e-01 ]
