%YAML:1.0
---
pose_0: !!opencv-matrix
   rows: 1
   cols: 25
   dt: "3f"
   data: [ 8.89922363e+02, 4.60943237e+02, 8.28300178e-01,
       7.80231018e+02, 4.47220856e+02, 7.12770402e-01, 7.76377686e+02,
       3.74670044e+02, 6.71281934e-01, 6.78296692e+02, 3.06123840e+02,
       8.40264618e-01, 6.33323547e+02, 3.86500763e+02, 8.21692169e-01,
       7.78263489e+02, 5.17710327e+02, 6.34534597e-01, 6.82279419e+02,
       5.92162415e+02, 7.54824102e-01, 6.45015076e+02, 5.31445679e+02,
       7.15278387e-01, 5.72579651e+02, 4.68737549e+02, 1.63812578e-01,
       5.68630676e+02, 4.27606628e+02, 2.51053303e-01, 4.00149750e+02,
       4.33452942e+02, 5.62324636e-02, 0., 0., 0., 5.88227234e+02,
       5.15748596e+02, 1.50528595e-01, 0., 0., 0., 0., 0., 0.,
       8.99625916e+02, 4.39334106e+02, 8.02248359e-01, 9.01728577e+02,
       4.64877411e+02, 7.29698896e-01, 8.64491516e+02, 4.11888824e+02,
       7.23786473e-01, 0., 0., 0., 0., 0., 0., 0., 0., 0., 0., 0., 0.,
       0., 0., 0., 0., 0., 0., 0., 0., 0. ]
