%YAML:1.0
---
pose_0: !!opencv-matrix
   rows: 1
   cols: 25
   dt: "3f"
   data: [ 8.82125916e+02, 2.41526550e+02, 8.28750908e-01,
       7.82194763e+02, 2.74837067e+02, 6.47381485e-01, 7.88061462e+02,
       1.96439407e+02, 6.04855537e-01, 7.92050781e+02, 8.46763000e+01,
       7.01798379e-01, 8.31147766e+02, 5.35485554e+00, 2.62535661e-01,
       7.76349548e+02, 3.43357971e+02, 5.33958554e-01, 8.39017517e+02,
       4.29448395e+02, 8.60449910e-01, 8.44877991e+02, 3.35469330e+02,
       5.70481777e-01, 5.66706543e+02, 2.63029114e+02, 3.28877360e-01,
       5.70592590e+02, 2.23800003e+02, 4.14355576e-01, 3.70753632e+02,
       2.12089188e+02, 1.49799734e-01, 3.49219574e+02, 2.02287659e+02,
       7.28387460e-02, 5.58851624e+02, 3.04169067e+02, 4.05901581e-01,
       3.53156006e+02, 3.27649414e+02, 4.37535942e-01, 1.72911789e+02,
       3.49220062e+02, 3.57902974e-01, 8.93892029e+02, 2.41489975e+02,
       5.91008425e-01, 8.95776611e+02, 2.57209381e+02, 8.33861709e-01,
       0., 0., 0., 8.80100952e+02, 2.94402161e+02, 7.38116443e-01,
       1.04377167e+02, 3.82523804e+02, 2.49702945e-01, 1.18038506e+02,
       3.84547516e+02, 2.67117679e-01, 1.53301758e+02, 3.35526886e+02,
       1.94928452e-01, 0., 0., 0., 0., 0., 0., 3.45326477e+02,
       2.04235825e+02, 6.49162829e-02 ]
