%YAML:1.0
---
pose_0: !!opencv-matrix
   rows: 1
   cols: 25
   dt: "3f"
   data: [ 8.84144287e+02, 3.43331757e+02, 8.45856607e-01,
       7.72374084e+02, 3.86436554e+02, 4.77843314e-01, 7.46946838e+02,
       3.53136353e+02, 2.89860904e-01, 0., 0., 0., 0., 0., 0.,
       7.80268677e+02, 4.15883484e+02, 3.38081062e-01, 7.89968628e+02,
       5.45147156e+02, 7.85312176e-01, 8.19384338e+02, 4.13791718e+02,
       7.99897730e-01, 5.19677124e+02, 4.06037964e+02, 1.76520512e-01,
       0., 0., 0., 0., 0., 0., 0., 0., 0., 5.23596558e+02,
       3.86474426e+02, 1.27248362e-01, 3.37456787e+02, 4.82436920e+02,
       1.66091055e-01, 2.21857285e+02, 5.99981140e+02, 1.43430039e-01,
       8.84107544e+02, 3.25736328e+02, 8.14915776e-01, 8.97729797e+02,
       3.53179321e+02, 7.83397198e-01, 8.52657410e+02, 3.21715240e+02,
       5.05733490e-01, 8.84029114e+02, 3.82515106e+02, 4.12343323e-01,
       1.37635895e+02, 5.94090210e+02, 1.15594022e-01, 1.47442612e+02,
       6.03900513e+02, 1.28589854e-01, 2.10095169e+02, 6.21568970e+02,
       1.12220764e-01, 0., 0., 0., 0., 0., 0., 0., 0., 0. ]
