%YAML:1.0
---
pose_0: !!opencv-matrix
   rows: 1
   cols: 25
   dt: "3f"
   data: [ 9.09492737e+02, 1.98366730e+02, 7.44248331e-01,
       7.93932922e+02, 2.12078186e+02, 6.68842316e-01, 7.84139954e+02,
       1.33702789e+02, 6.55941129e-01, 6.68538086e+02, 8.67201157e+01,
       7.33587384e-01, 5.78413452e+02, 7.11077728e+01, 8.33214104e-01,
       8.01748596e+02, 2.98295319e+02, 6.33110881e-01, 6.80348877e+02,
       3.27714600e+02, 5.58696747e-01, 5.54927917e+02, 3.51201172e+02,
       6.59879684e-01, 5.98037720e+02, 2.29721786e+02, 2.58898646e-01,
       5.82351685e+02, 1.86633835e+02, 2.44265154e-01, 0., 0., 0., 0.,
       0., 0., 6.07847473e+02, 2.72809143e+02, 2.68949091e-01, 0., 0.,
       0., 0., 0., 0., 9.15308044e+02, 1.78833649e+02, 8.56421828e-01,
       9.19317566e+02, 2.12159027e+02, 7.60045469e-01, 8.82089233e+02,
       1.63020432e+02, 5.92845798e-01, 8.99768250e+02, 2.37544662e+02,
       2.66503125e-01, 0., 0., 0., 0., 0., 0., 0., 0., 0., 0., 0., 0.,
       0., 0., 0., 0., 0., 0. ]
