%YAML:1.0
---
pose_0: !!opencv-matrix
   rows: 1
   cols: 25
   dt: "3f"
   data: [ 8.97724731e+02, 1.74875717e+02, 7.71671653e-01,
       7.89929993e+02, 1.94404358e+02, 7.04774976e-01, 7.74291382e+02,
       1.16046913e+02, 6.79544568e-01, 6.64627319e+02, 7.49191208e+01,
       6.91018343e-01, 6.11720398e+02, 8.47675858e+01, 8.13643575e-01,
       7.95911865e+02, 2.70793274e+02, 6.69833124e-01, 6.82251831e+02,
       3.15941772e+02, 7.22038269e-01, 5.56833374e+02, 3.33494293e+02,
       8.09851885e-01, 5.07926483e+02, 2.17975571e+02, 2.21940562e-01,
       5.07926727e+02, 1.74854202e+02, 2.33697861e-01, 3.39418152e+02,
       2.61096344e+02, 2.69903541e-01, 1.78772995e+02, 3.31610474e+02,
       3.22469354e-01, 5.09856323e+02, 2.57160156e+02, 2.24249154e-01,
       3.25721558e+02, 2.72810699e+02, 2.72809207e-01, 1.33775040e+02,
       3.66822540e+02, 1.08285122e-01, 8.99794983e+02, 1.53282455e+02,
       8.01120996e-01, 9.09507935e+02, 1.84648956e+02, 7.60871828e-01,
       8.70424377e+02, 1.33749466e+02, 4.72682208e-01, 8.99726135e+02,
       2.10037537e+02, 4.76366520e-01, 0., 0., 0., 0., 0., 0.,
       1.18087456e+02, 3.70773468e+02, 1.45764798e-01, 1.35670380e+02,
       3.80522888e+02, 1.77535072e-01, 0., 0., 0., 1.63052719e+02,
       3.23772766e+02, 1.86240166e-01 ]
