%YAML:1.0
---
pose_0: !!opencv-matrix
   rows: 1
   cols: 25
   dt: "3f"
   data: [ 8.85986084e+02, 4.00081635e+02, 8.60909998e-01,
       7.80271667e+02, 4.25615173e+02, 6.68575466e-01, 7.66529663e+02,
       3.53144928e+02, 7.14512765e-01, 6.48916138e+02, 3.06087555e+02,
       8.68149638e-01, 6.90091309e+02, 2.92383820e+02, 7.83244967e-01,
       7.92024963e+02, 4.94201263e+02, 6.28389239e-01, 6.76408081e+02,
       5.70669800e+02, 7.77452230e-01, 7.78341614e+02, 5.43178345e+02,
       7.68828094e-01, 5.25520691e+02, 4.35452576e+02, 3.39625359e-01,
       5.27518799e+02, 3.88433533e+02, 4.37438875e-01, 3.49204010e+02,
       3.82562500e+02, 4.25179839e-01, 0., 0., 0., 5.27498657e+02,
       4.84423096e+02, 3.76542896e-01, 3.74715485e+02, 5.00072998e+02,
       2.93414980e-01, 3.62926514e+02, 4.92224579e+02, 2.50282794e-01,
       8.91917419e+02, 3.82558960e+02, 8.46922636e-01, 9.01641724e+02,
       4.15751556e+02, 8.50739062e-01, 8.68332825e+02, 3.68789001e+02,
       5.02942860e-01, 8.86041443e+02, 4.45239502e+02, 7.12088108e-01,
       3.47256989e+02, 5.11824219e+02, 2.01159433e-01, 3.51128387e+02,
       5.13782288e+02, 1.94978967e-01, 0., 0., 0., 0., 0., 0., 0., 0.,
       0., 0., 0., 0. ]
