%YAML:1.0
---
pose_0: !!opencv-matrix
   rows: 1
   cols: 25
   dt: "3f"
   data: [ 8.62530090e+02, 1.49460190e+02, 7.76780605e-01,
       7.70448730e+02, 1.68974579e+02, 6.44428790e-01, 7.60671509e+02,
       1.08266335e+02, 5.86774886e-01, 6.66635132e+02, 5.34326248e+01,
       8.12800646e-01, 7.27256104e+02, 1.35684448e+02, 7.63937354e-01,
       7.74417847e+02, 2.41499359e+02, 7.14979410e-01, 6.72484802e+02,
       2.74888184e+02, 8.08255613e-01, 7.54775024e+02, 1.86652084e+02,
       7.61120081e-01, 6.05866333e+02, 1.98395447e+02, 9.88016501e-02,
       5.88239197e+02, 1.61124329e+02, 9.48673785e-02, 3.37480896e+02,
       1.53335312e+02, 5.29818237e-02, 0., 0., 0., 6.25445129e+02,
       2.39494675e+02, 9.67974588e-02, 0., 0., 0., 0., 0., 0.,
       8.68460205e+02, 1.33788879e+02, 8.71779025e-01, 8.74275879e+02,
       1.65077682e+02, 8.15392911e-01, 8.48791626e+02, 1.18049141e+02,
       5.39095163e-01, 8.68380798e+02, 1.94351303e+02, 4.13578600e-01,
       0., 0., 0., 0., 0., 0., 0., 0., 0., 0., 0., 0., 0., 0., 0., 0.,
       0., 0. ]
