%YAML:1.0
---
pose_0: !!opencv-matrix
   rows: 1
   cols: 25
   dt: "3f"
   data: [ 8.87958191e+02, 4.02182831e+02, 7.81903982e-01,
       7.89986206e+02, 4.13854980e+02, 7.35421121e-01, 7.76252014e+02,
       3.37485504e+02, 7.60777712e-01, 6.64545044e+02, 2.82594269e+02,
       7.40810573e-01, 7.13616455e+02, 2.74734039e+02, 8.24162722e-01,
       7.95943298e+02, 4.78554108e+02, 6.10115707e-01, 6.78326355e+02,
       5.56894836e+02, 8.00034165e-01, 7.78259338e+02, 5.25510681e+02,
       8.27819407e-01, 5.23562500e+02, 4.60860168e+02, 3.69220078e-01,
       5.21647461e+02, 4.13830902e+02, 4.87580597e-01, 3.25739746e+02,
       4.00138000e+02, 5.18408060e-01, 0., 0., 0., 5.29489136e+02,
       5.03958466e+02, 4.29710031e-01, 3.96214417e+02, 5.17730408e+02,
       4.06666756e-01, 0., 0., 0., 8.99727478e+02, 3.88371643e+02,
       8.67111564e-01, 9.01666321e+02, 4.23699219e+02, 7.43917763e-01,
       8.76246155e+02, 3.68867462e+02, 6.06076777e-01, 8.82068237e+02,
       4.47153625e+02, 5.86130142e-01, 0., 0., 0., 0., 0., 0., 0., 0.,
       0., 0., 0., 0., 0., 0., 0., 0., 0., 0. ]
