%YAML:1.0
---
pose_0: !!opencv-matrix
   rows: 1
   cols: 25
   dt: "3f"
   data: [ 9.01662170e+02, 1.76769775e+02, 7.51478255e-01,
       8.23386963e+02, 1.94405151e+02, 7.15866387e-01, 8.23383606e+02,
       1.25904793e+02, 5.16050935e-01, 8.37078552e+02, 8.47958603e+01,
       9.78774577e-02, 8.68409668e+02, 7.10229645e+01, 6.37903586e-02,
       8.37059143e+02, 2.57135925e+02, 5.72482944e-01, 9.33112366e+02,
       2.72782104e+02, 8.39926720e-01, 9.58476563e+02, 1.70922409e+02,
       4.73519087e-01, 6.03933411e+02, 1.98377136e+02, 2.31829733e-01,
       6.05858093e+02, 1.57210815e+02, 2.76825786e-01, 3.92324432e+02,
       2.55142380e+02, 2.60227621e-01, 2.04273224e+02, 2.88509827e+02,
       1.77087978e-01, 5.96069214e+02, 2.39525085e+02, 2.23685414e-01,
       3.90352478e+02, 2.57123810e+02, 1.96752697e-01, 2.00335999e+02,
       2.88501617e+02, 1.25925153e-01, 9.07597473e+02, 1.61174088e+02,
       6.62888646e-01, 9.15447815e+02, 1.82744202e+02, 7.43048966e-01,
       8.72300598e+02, 1.41577866e+02, 1.90329179e-01, 9.03639099e+02,
       2.14052704e+02, 1.51188925e-01, 0., 0., 0., 0., 0., 0., 0., 0.,
       0., 1.94429794e+02, 2.86471069e+02, 5.47574908e-02,
       1.94464706e+02, 2.80680084e+02, 5.26729412e-02, 0., 0., 0. ]
