%YAML:1.0
---
pose_0: !!opencv-matrix
   rows: 1
   cols: 25
   dt: "3f"
   data: [ 8.87971558e+02, 2.41392792e+02, 7.83196390e-01,
       7.86104187e+02, 2.72814240e+02, 7.11368322e-01, 7.64575684e+02,
       2.08173538e+02, 7.20146060e-01, 6.80329834e+02, 1.94491608e+02,
       2.28884131e-01, 6.66589050e+02, 1.78803436e+02, 6.87873587e-02,
       7.99813354e+02, 3.37458679e+02, 6.43778622e-01, 7.31327881e+02,
       3.39494934e+02, 7.42512524e-01, 7.01888000e+02, 2.16011887e+02,
       4.82273638e-01, 5.70601379e+02, 2.57135223e+02, 9.81131569e-02,
       0., 0., 0., 0., 0., 0., 0., 0., 0., 0., 0., 0., 0., 0., 0., 0.,
       0., 0., 8.91920471e+02, 2.23858765e+02, 8.03741336e-01,
       8.99743652e+02, 2.57042938e+02, 7.93138981e-01, 8.58605530e+02,
       2.12023911e+02, 5.81047177e-01, 8.85968384e+02, 2.86521942e+02,
       6.10316157e-01, 0., 0., 0., 0., 0., 0., 0., 0., 0., 0., 0., 0.,
       0., 0., 0., 0., 0., 0. ]
