%YAML:1.0
---
pose_0: !!opencv-matrix
   rows: 2
   cols: 25
   dt: "3f"
   data: [ 9.15465393e+02, 3.60967712e+02, 4.32079077e-01,
       8.17458069e+02, 3.23748260e+02, 1.61853597e-01, 8.21363281e+02,
       2.90482147e+02, 5.18581331e-01, 8.86065308e+02, 3.76627350e+02,
       7.23893285e-01, 8.89977051e+02, 4.94221130e+02, 7.45045841e-01,
       8.07682556e+02, 3.41380920e+02, 1.00580223e-01, 0., 0., 0., 0.,
       0., 0., 7.46923340e+02, 3.98171051e+02, 1.13409974e-01,
       7.54755981e+02, 4.09932098e+02, 1.10156812e-01, 6.82253540e+02,
       4.51076019e+02, 2.55224645e-01, 5.86286865e+02, 5.33377625e+02,
       6.13553002e-02, 7.50841248e+02, 3.98213318e+02, 8.39065388e-02,
       6.78335632e+02, 4.49179718e+02, 1.99070260e-01, 5.82355164e+02,
       5.27518494e+02, 7.58743212e-02, 9.15476013e+02, 3.45324982e+02,
       5.07224143e-01, 9.31094421e+02, 3.55180786e+02, 4.01312262e-01,
       8.97749573e+02, 3.27700714e+02, 5.19275784e-01, 0., 0., 0., 0.,
       0., 0., 0., 0., 0., 5.84260986e+02, 5.29463867e+02,
       5.09596914e-02, 0., 0., 0., 0., 0., 0., 0., 0., 0., 0., 0., 0.,
       0., 0., 0., 0., 0., 0., 0., 0., 0., 0., 0., 0., 0., 0., 0., 0.,
       0., 0., 0., 0., 0., 5.25572510e+02, 3.64890564e+02,
       1.40450448e-01, 5.27528748e+02, 3.21796936e+02, 1.46663815e-01,
       3.39414825e+02, 3.27669250e+02, 1.70124918e-01, 1.45497894e+02,
       3.02181488e+02, 1.59471378e-01, 5.13804810e+02, 3.96259003e+02,
       1.41219750e-01, 3.64859741e+02, 4.58874207e+02, 4.02107626e-01,
       2.29734085e+02, 3.66887665e+02, 3.46011639e-01, 0., 0., 0., 0.,
       0., 0., 0., 0., 0., 0., 0., 0., 1.67011871e+02, 3.80523285e+02,
       7.29415864e-02, 1.70949966e+02, 3.84490875e+02, 7.26381615e-02,
       2.14035934e+02, 3.59024139e+02, 1.93562984e-01, 0., 0., 0., 0.,
       0., 0., 0., 0., 0. ]
