%YAML:1.0
---
pose_0: !!opencv-matrix
   rows: 1
   cols: 25
   dt: "3f"
   data: [ 9.23228210e+02, 3.00210938e+02, 7.56701469e-01,
       8.07692383e+02, 2.90515533e+02, 6.57146037e-01, 8.21329285e+02,
       2.10157501e+02, 6.83668613e-01, 6.99885742e+02, 1.59221863e+02,
       7.09377706e-01, 5.70576477e+02, 1.51411636e+02, 8.22127163e-01,
       7.92022217e+02, 3.62964294e+02, 6.46602869e-01, 7.09651062e+02,
       4.08012634e+02, 7.07133770e-01, 6.17685303e+02, 4.49191467e+02,
       7.37814546e-01, 5.54932373e+02, 2.98300354e+02, 3.38973463e-01,
       5.54951599e+02, 2.57190918e+02, 4.01626825e-01, 3.80565826e+02,
       3.06148773e+02, 2.15912506e-01, 3.55106842e+02, 3.13974243e+02,
       8.78477246e-02, 5.49039368e+02, 3.37495728e+02, 3.37995619e-01,
       4.00139160e+02, 3.64914093e+02, 1.93848059e-01, 3.53171326e+02,
       3.41381592e+02, 1.78159282e-01, 9.33054871e+02, 2.74879120e+02,
       8.48886609e-01, 9.33027283e+02, 3.08149078e+02, 8.01428318e-01,
       9.01753540e+02, 2.49335251e+02, 6.96556151e-01, 9.17306274e+02,
       3.27698853e+02, 1.63338974e-01, 0., 0., 0., 0., 0., 0.,
       3.55121765e+02, 3.37450134e+02, 1.26068890e-01, 0., 0., 0., 0.,
       0., 0., 0., 0., 0. ]
