%YAML:1.0
---
pose_0: !!opencv-matrix
   rows: 1
   cols: 25
   dt: "3f"
   data: [ 9.33007568e+02, 3.02169312e+02, 7.80281186e-01,
       8.27291138e+02, 3.62894318e+02, 5.82006097e-01, 8.11611267e+02,
       3.21836548e+02, 3.57758582e-01, 0., 0., 0., 0., 0., 0.,
       8.35052368e+02, 4.02161194e+02, 5.72126985e-01, 6.96040955e+02,
       4.43225220e+02, 7.45457232e-01, 5.86361145e+02, 3.39404022e+02,
       7.86129773e-01, 5.84294373e+02, 3.88400665e+02, 1.32987887e-01,
       5.54951965e+02, 3.70766479e+02, 1.79251790e-01, 3.53098724e+02,
       2.94348022e+02, 5.22939801e-01, 1.80794388e+02, 3.78591370e+02,
       4.58339542e-01, 5.94100830e+02, 4.15824524e+02, 6.91104084e-02,
       3.51190857e+02, 4.45161133e+02, 4.17639971e-01, 1.76803375e+02,
       5.05947632e+02, 2.61884868e-01, 9.42826782e+02, 2.90547394e+02,
       6.27958000e-01, 9.46663635e+02, 3.19789215e+02, 8.53509963e-01,
       0., 0., 0., 9.23228516e+02, 3.64862366e+02, 7.44197726e-01,
       1.27854271e+02, 5.21635681e+02, 5.09872548e-02, 1.31814682e+02,
       5.23553406e+02, 5.86255379e-02, 1.51339844e+02, 5.07887207e+02,
       2.10063964e-01, 1.49415604e+02, 3.55109833e+02, 1.10893391e-01,
       1.51361496e+02, 3.53154297e+02, 1.23096652e-01, 1.70941696e+02,
       3.94294586e+02, 3.58285069e-01 ]
