%YAML:1.0
---
pose_0: !!opencv-matrix
   rows: 1
   cols: 25
   dt: "3f"
   data: [ 9.03644165e+02, 2.72815765e+02, 8.43210816e-01,
       7.90056824e+02, 2.80640381e+02, 6.70200288e-01, 7.88031189e+02,
       1.96401718e+02, 6.51745915e-01, 6.68599365e+02, 1.51426086e+02,
       6.70071900e-01, 5.52909607e+02, 1.61166672e+02, 7.85105586e-01,
       7.87997375e+02, 3.57083771e+02, 6.15421712e-01, 6.90082581e+02,
       4.15860016e+02, 7.54779279e-01, 5.84283264e+02, 4.72655853e+02,
       7.44896352e-01, 5.37278381e+02, 2.78686676e+02, 1.89132422e-01,
       5.31439514e+02, 2.31689697e+02, 1.96644142e-01, 3.55115692e+02,
       2.45393402e+02, 5.29242717e-02, 0., 0., 0., 5.43191223e+02,
       3.29641235e+02, 1.85841203e-01, 3.72758606e+02, 3.66831268e+02,
       8.83962214e-02, 0., 0., 0., 9.13493042e+02, 2.53259750e+02,
       8.08234870e-01, 9.15484009e+02, 2.82649536e+02, 8.36240530e-01,
       8.86031738e+02, 2.31664063e+02, 6.15336359e-01, 9.01647705e+02,
       3.04073242e+02, 3.63172531e-01, 0., 0., 0., 0., 0., 0., 0., 0.,
       0., 0., 0., 0., 0., 0., 0., 0., 0., 0. ]
