%YAML:1.0
---
pose_0: !!opencv-matrix
   rows: 1
   cols: 25
   dt: "3f"
   data: [ 8.72379822e+02, 2.57055237e+02, 8.17086577e-01,
       7.62613892e+02, 2.86498505e+02, 7.35729992e-01, 7.33244812e+02,
       2.25840118e+02, 6.79946065e-01, 6.17596436e+02, 2.04254166e+02,
       6.93090796e-01, 5.39200256e+02, 1.74863663e+02, 7.88557112e-01,
       7.92031555e+02, 3.49218933e+02, 6.46666169e-01, 7.91946167e+02,
       4.72655457e+02, 8.14756155e-01, 8.40954407e+02, 5.49078613e+02,
       6.70408845e-01, 5.39283447e+02, 3.45290741e+02, 3.06652933e-01,
       5.29487671e+02, 3.02209381e+02, 3.33830982e-01, 3.70769348e+02,
       4.45214325e+02, 2.59007066e-01, 2.25805908e+02, 5.66677002e+02,
       2.53800660e-01, 5.47077881e+02, 3.82514191e+02, 2.76294470e-01,
       3.74714905e+02, 4.43252899e+02, 2.61492223e-01, 2.70838684e+02,
       5.39259766e+02, 1.11980654e-01, 8.82071350e+02, 2.41464371e+02,
       8.25127244e-01, 8.84044006e+02, 2.70813751e+02, 8.17721188e-01,
       8.52669678e+02, 2.27781967e+02, 3.69039863e-01, 8.68356750e+02,
       2.98278778e+02, 5.63804805e-01, 0., 0., 0., 0., 0., 0., 0., 0.,
       0., 0., 0., 0., 0., 0., 0., 2.12120468e+02, 5.70623596e+02,
       1.91941038e-01 ]
