%YAML:1.0
---
pose_0: !!opencv-matrix
   rows: 1
   cols: 25
   dt: "3f"
   data: [ 9.48690613e+02, 4.13947449e+02, 8.51344585e-01,
       8.50738708e+02, 4.33481689e+02, 6.92412794e-01, 8.37021729e+02,
       3.64915466e+02, 7.02548683e-01, 7.44970215e+02, 2.78706543e+02,
       7.15435565e-01, 6.68550903e+02, 2.06225281e+02, 7.04824448e-01,
       8.60579834e+02, 5.11851563e+02, 6.30548000e-01, 7.58648254e+02,
       5.70678040e+02, 7.13440120e-01, 6.21555969e+02, 5.68642700e+02,
       7.76809335e-01, 5.86288696e+02, 4.35417053e+02, 1.50234133e-01,
       5.96073792e+02, 3.88410583e+02, 1.50335044e-01, 5.58824402e+02,
       3.58995239e+02, 1.82580963e-01, 4.00172913e+02, 3.74683197e+02,
       7.46118352e-02, 5.90197571e+02, 4.88304199e+02, 1.43366143e-01,
       4.31494904e+02, 3.94277771e+02, 6.24568611e-02, 0., 0., 0.,
       9.56568909e+02, 3.96272858e+02, 8.67442369e-01, 9.66339294e+02,
       4.29532623e+02, 8.78647327e-01, 9.31118958e+02, 3.78621613e+02,
       6.17850840e-01, 9.56575012e+02, 4.49196045e+02, 3.79556090e-01,
       0., 0., 0., 0., 0., 0., 0., 0., 0., 0., 0., 0., 0., 0., 0.,
       3.98176086e+02, 3.68805023e+02, 6.69029057e-02 ]
