%YAML:1.0
---
pose_0: !!opencv-matrix
   rows: 1
   cols: 25
   dt: "3f"
   data: [ 1.04270227e+03, 1.90559479e+02, 6.48278832e-01,
       9.36964050e+02, 2.14041840e+02, 1.98979154e-01, 9.15421204e+02,
       1.02415207e+02, 2.92294651e-01, 0., 0., 0., 0., 0., 0.,
       9.09548096e+02, 3.02189697e+02, 1.31674170e-01, 7.72365051e+02,
       3.53139526e+02, 1.76033124e-01, 7.31298096e+02, 3.82440125e+02,
       2.44217366e-01, 0., 0., 0., 0., 0., 0., 0., 0., 0., 0., 0., 0.,
       0., 0., 0., 0., 0., 0., 0., 0., 0., 1.06625208e+03,
       1.76742065e+02, 7.31425524e-01, 1.05841431e+03, 2.25728333e+02,
       7.24818051e-01, 1.04470972e+03, 1.35747635e+02, 1.83470815e-01,
       1.04274414e+03, 2.59078247e+02, 2.07879648e-01, 0., 0., 0., 0.,
       0., 0., 0., 0., 0., 0., 0., 0., 0., 0., 0., 0., 0., 0. ]
