%YAML:1.0
---
pose_0: !!opencv-matrix
   rows: 1
   cols: 25
   dt: "3f"
   data: [ 8.39051697e+02, 2.80670807e+02, 7.00466275e-01,
       7.64536743e+02, 2.88551941e+02, 7.22785354e-01, 7.60679871e+02,
       2.25850784e+02, 6.97852850e-01, 7.84184937e+02, 1.35674149e+02,
       7.38059521e-01, 8.70424927e+02, 2.14069489e+02, 8.05054963e-01,
       7.62655579e+02, 3.51160004e+02, 5.58237433e-01, 7.80265625e+02,
       4.29608582e+02, 8.29649806e-01, 8.68304382e+02, 3.39438354e+02,
       7.91551113e-01, 5.43193665e+02, 2.88492828e+02, 2.81090379e-01,
       5.43196655e+02, 2.45384079e+02, 3.68777335e-01, 3.80575134e+02,
       2.39531723e+02, 2.27833152e-01, 0., 0., 0., 5.41225037e+02,
       3.39412262e+02, 3.72955143e-01, 3.47265686e+02, 3.23743408e+02,
       1.35148883e-01, 2.57169678e+02, 3.41393616e+02, 5.63948117e-02,
       8.54665039e+02, 2.63043427e+02, 7.45845616e-01, 8.56606262e+02,
       2.94363098e+02, 7.11683869e-01, 8.46823425e+02, 2.43451843e+02,
       4.77610350e-01, 8.36999817e+02, 3.02183014e+02, 2.76341945e-01,
       0., 0., 0., 0., 0., 0., 0., 0., 0., 0., 0., 0., 0., 0., 0., 0.,
       0., 0. ]
