%YAML:1.0
---
pose_0: !!opencv-matrix
   rows: 1
   cols: 25
   dt: "3f"
   data: [ 8.82084290e+02, 2.57034760e+02, 7.31354117e-01,
       7.88029846e+02, 2.68920410e+02, 6.75653100e-01, 7.78249756e+02,
       1.84653397e+02, 7.08028376e-01, 6.78346008e+02, 1.29765518e+02,
       7.91612685e-01, 6.03899475e+02, 1.47351746e+02, 7.23416090e-01,
       7.92003113e+02, 3.51228973e+02, 7.17751861e-01, 6.96037231e+02,
       4.13890869e+02, 7.65852571e-01, 6.15692993e+02, 3.55077850e+02,
       8.34432065e-01, 5.23602478e+02, 2.88468842e+02, 2.26882741e-01,
       5.25521606e+02, 2.37560791e+02, 2.71140993e-01, 3.70744629e+02,
       2.12053146e+02, 6.80853546e-01, 2.12080414e+02, 2.23849701e+02,
       4.07683372e-01, 5.17696289e+02, 3.33529266e+02, 2.84414172e-01,
       3.51210480e+02, 3.33570618e+02, 5.01347125e-01, 1.78791519e+02,
       3.37531738e+02, 3.88118207e-01, 8.97721436e+02, 2.39517303e+02,
       7.82112896e-01, 8.93851013e+02, 2.72751343e+02, 7.41753578e-01,
       8.80118713e+02, 2.19922302e+02, 5.61048567e-01, 8.72323853e+02,
       2.94377686e+02, 4.54368502e-01, 1.08292831e+02, 3.55102631e+02,
       1.01536661e-01, 0., 0., 0., 1.63133606e+02, 3.31589722e+02,
       1.60482809e-01, 1.94474854e+02, 2.27772842e+02, 1.17188349e-01,
       1.94410172e+02, 2.23776611e+02, 1.41540393e-01, 2.00335403e+02,
       2.27736298e+02, 2.07279176e-01 ]
