%YAML:1.0
---
pose_0: !!opencv-matrix
   rows: 1
   cols: 25
   dt: "3f"
   data: [ 9.95714172e+02, 2.90424652e+02, 8.03503036e-01,
       8.72364441e+02, 2.90447693e+02, 5.58203638e-01, 8.78165161e+02,
       2.00354202e+02, 6.01677179e-01, 7.60703735e+02, 1.29794296e+02,
       6.98303819e-01, 7.03856995e+02, 1.47449524e+02, 7.27991581e-01,
       8.70355408e+02, 3.84525696e+02, 5.61120272e-01, 7.48881531e+02,
       4.58884796e+02, 5.92683077e-01, 6.33319885e+02, 4.76473572e+02,
       8.14136982e-01, 6.68568359e+02, 3.13947693e+02, 1.24895982e-01,
       6.47020935e+02, 2.70847137e+02, 1.67144597e-01, 5.43158813e+02,
       2.23817505e+02, 1.11432694e-01, 0., 0., 0., 6.90115723e+02,
       3.66833862e+02, 1.05642006e-01, 6.07851624e+02, 3.96208130e+02,
       8.24997723e-02, 0., 0., 0., 1.00741534e+03, 2.68923126e+02,
       7.63667464e-01, 1.00951434e+03, 3.08085724e+02, 7.92598724e-01,
       9.78057190e+02, 2.41397888e+02, 4.57384825e-01, 9.97725220e+02,
       3.35583038e+02, 9.57059413e-02, 0., 0., 0., 0., 0., 0., 0., 0.,
       0., 0., 0., 0., 0., 0., 0., 0., 0., 0. ]
