%YAML:1.0
---
pose_0: !!opencv-matrix
   rows: 1
   cols: 25
   dt: "3f"
   data: [ 8.40991760e+02, 3.59052063e+02, 7.54770398e-01,
       7.45027649e+02, 3.33567780e+02, 6.22546077e-01, 7.56673462e+02,
       2.86524139e+02, 6.24993980e-01, 6.27419373e+02, 2.63020630e+02,
       6.62504911e-01, 5.25589905e+02, 3.72702789e+02, 7.09627926e-01,
       7.27307495e+02, 3.76683838e+02, 3.78189325e-01, 6.47023804e+02,
       4.00192383e+02, 1.26519889e-01, 0., 0., 0., 5.70639465e+02,
       3.19799011e+02, 1.47429645e-01, 5.72586792e+02, 2.76765564e+02,
       1.68791458e-01, 4.25651886e+02, 3.04199921e+02, 1.31190434e-01,
       3.31604645e+02, 3.70797546e+02, 8.74160603e-02, 5.88255981e+02,
       3.66879974e+02, 1.06314063e-01, 0., 0., 0., 0., 0., 0.,
       8.58619385e+02, 3.35539551e+02, 7.64113665e-01, 8.60560181e+02,
       3.68852570e+02, 7.63587117e-01, 8.37056274e+02, 2.98283905e+02,
       7.43448496e-01, 0., 0., 0., 0., 0., 0., 0., 0., 0., 0., 0., 0.,
       0., 0., 0., 0., 0., 0., 0., 0., 0. ]
