%YAML:1.0
---
pose_0: !!opencv-matrix
   rows: 1
   cols: 25
   dt: "3f"
   data: [ 9.01730225e+02, 4.09963806e+02, 8.36148739e-01,
       8.23419006e+02, 4.47181519e+02, 6.81786537e-01, 8.09626770e+02,
       4.11888275e+02, 5.47403693e-01, 7.99812744e+02, 3.82517853e+02,
       1.53530762e-01, 7.74403748e+02, 3.08050873e+02, 3.95584553e-01,
       8.41024536e+02, 4.98111877e+02, 6.82450771e-01, 8.09648682e+02,
       4.21705139e+02, 4.25775170e-01, 7.74407104e+02, 3.08097260e+02,
       5.15343547e-01, 5.52980042e+02, 4.76552826e+02, 7.46315345e-02,
       5.56910522e+02, 4.49131866e+02, 1.09841511e-01, 3.51196136e+02,
       4.15887939e+02, 2.61967450e-01, 1.67062729e+02, 4.27578522e+02,
       1.90476984e-01, 0., 0., 0., 0., 0., 0., 0., 0., 0.,
       9.11518250e+02, 3.96174652e+02, 8.36422443e-01, 9.17385193e+02,
       4.25653656e+02, 8.30533862e-01, 8.85993774e+02, 3.86416992e+02,
       3.03417087e-01, 9.07561462e+02, 4.56989044e+02, 6.15648746e-01,
       0., 0., 0., 0., 0., 0., 0., 0., 0., 1.47439682e+02,
       4.45189789e+02, 5.49748354e-02, 0., 0., 0., 0., 0., 0. ]
