%YAML:1.0
---
pose_0: !!opencv-matrix
   rows: 1
   cols: 25
   dt: "3f"
   data: [ 9.15378906e+02, 3.82465820e+02, 8.25533628e-01,
       8.05719727e+02, 3.68849762e+02, 6.84782565e-01, 8.07640137e+02,
       2.94347809e+02, 6.48853362e-01, 7.25368713e+02, 1.96458221e+02,
       5.78418374e-01, 6.92053284e+02, 2.12169617e+02, 7.80545175e-01,
       7.92044739e+02, 4.47214264e+02, 5.91126680e-01, 6.96002808e+02,
       5.05958496e+02, 6.69749200e-01, 6.31291565e+02, 5.35295471e+02,
       7.20622599e-01, 5.41231262e+02, 3.84497070e+02, 9.44262668e-02,
       5.39241150e+02, 3.35519745e+02, 1.44472778e-01, 3.55115295e+02,
       3.84499542e+02, 1.07435390e-01, 0., 0., 0., 5.49068787e+02,
       4.39339661e+02, 8.84817541e-02, 0., 0., 0., 0., 0., 0.,
       9.23269043e+02, 3.60946930e+02, 7.23831892e-01, 9.29125244e+02,
       3.94302734e+02, 7.50220776e-01, 9.03650879e+02, 3.33513245e+02,
       5.11779308e-01, 9.17420837e+02, 4.13934753e+02, 8.99054110e-02,
       0., 0., 0., 0., 0., 0., 0., 0., 0., 0., 0., 0., 0., 0., 0., 0.,
       0., 0. ]
