%YAML:1.0
---
pose_0: !!opencv-matrix
   rows: 1
   cols: 25
   dt: "3f"
   data: [ 8.91884766e+02, 2.25694901e+02, 7.48896480e-01,
       7.88080811e+02, 2.43376816e+02, 7.40014851e-01, 7.74294373e+02,
       1.65061859e+02, 7.17495382e-01, 6.48901855e+02, 1.33688278e+02,
       7.38024414e-01, 5.47096680e+02, 1.33791641e+02, 7.75052786e-01,
       8.05708923e+02, 3.19797272e+02, 6.76133275e-01, 7.27329529e+02,
       4.00271515e+02, 8.47841620e-01, 7.42924500e+02, 2.74832581e+02,
       7.95219719e-01, 5.60812683e+02, 2.64966888e+02, 2.39627451e-01,
       5.56890869e+02, 2.23799103e+02, 3.07678074e-01, 3.70781769e+02,
       2.33623886e+02, 1.64252624e-01, 1.67038864e+02, 2.43420517e+02,
       5.58689348e-02, 5.62772583e+02, 3.15893616e+02, 2.16621250e-01,
       3.64889465e+02, 3.08110870e+02, 8.73607695e-02, 1.55251465e+02,
       3.06128601e+02, 1.18554704e-01, 8.99727661e+02, 2.04235687e+02,
       8.26389670e-01, 9.05624451e+02, 2.39465759e+02, 7.78365493e-01,
       8.72297668e+02, 1.82735870e+02, 6.20412588e-01, 8.91902893e+02,
       2.59092773e+02, 3.52546722e-01, 9.25728378e+01, 3.13939423e+02,
       1.08435728e-01, 0., 0., 0., 0., 0., 0., 0., 0., 0., 0., 0., 0.,
       0., 0., 0. ]
