%YAML:1.0
---
pose_0: !!opencv-matrix
   rows: 1
   cols: 25
   dt: "3f"
   data: [ 9.17461792e+02, 3.53080658e+02, 8.45925331e-01,
       8.25309509e+02, 4.27576019e+02, 4.49254572e-01, 7.74374451e+02,
       3.51201294e+02, 4.56210762e-01, 6.33311951e+02, 3.70763855e+02,
       1.46111697e-01, 0., 0., 0., 8.89958801e+02, 4.96183197e+02,
       2.35848010e-01, 0., 0., 0., 0., 0., 0., 5.47086121e+02,
       4.35431091e+02, 1.06615640e-01, 5.56889832e+02, 3.96237305e+02,
       8.95017684e-02, 0., 0., 0., 0., 0., 0., 5.82361389e+02,
       5.00060547e+02, 6.98617995e-02, 0., 0., 0., 0., 0., 0.,
       9.21295776e+02, 3.27684174e+02, 7.63855696e-01, 9.42818176e+02,
       3.62966187e+02, 7.30627596e-01, 8.87976135e+02, 3.11984467e+02,
       3.38694841e-01, 9.44775574e+02, 4.04066925e+02, 2.24273160e-01,
       0., 0., 0., 0., 0., 0., 0., 0., 0., 0., 0., 0., 0., 0., 0., 0.,
       0., 0. ]
