%YAML:1.0
---
pose_0: !!opencv-matrix
   rows: 1
   cols: 25
   dt: "3f"
   data: [ 9.48729187e+02, 2.94398041e+02, 7.94052124e-01,
       8.33152161e+02, 3.19785431e+02, 6.86709344e-01, 8.19401855e+02,
       2.31667313e+02, 6.74237132e-01, 6.74437988e+02, 1.98356766e+02,
       7.42076635e-01, 5.60797546e+02, 1.94434189e+02, 7.24907756e-01,
       8.39086670e+02, 4.00183929e+02, 5.71131408e-01, 7.09718567e+02,
       4.55033478e+02, 6.74538732e-01, 5.70628601e+02, 4.76486542e+02,
       8.01528215e-01, 5.76500366e+02, 3.31589844e+02, 1.66554138e-01,
       5.76494629e+02, 2.84586090e+02, 2.55945355e-01, 4.90299774e+02,
       2.55197464e+02, 1.36156783e-01, 3.66839691e+02, 2.49322647e+02,
       1.07447207e-01, 5.70602478e+02, 3.96251923e+02, 1.21758088e-01,
       4.62876038e+02, 4.09945770e+02, 5.44475801e-02, 0., 0., 0.,
       9.60427246e+02, 2.74710449e+02, 8.81978571e-01, 9.66348083e+02,
       3.10029999e+02, 8.10060978e-01, 9.29127930e+02, 2.53185257e+02,
       6.24032557e-01, 9.48687866e+02, 3.35528778e+02, 2.08335787e-01,
       0., 0., 0., 0., 0., 0., 0., 0., 0., 0., 0., 0., 0., 0., 0., 0.,
       0., 0. ]
