%YAML:1.0
---
pose_0: !!opencv-matrix
   rows: 1
   cols: 25
   dt: "3f"
   data: [ 8.84009766e+02, 2.53191223e+02, 7.42488503e-01,
       7.92000854e+02, 3.19878265e+02, 6.73888385e-01, 7.70453735e+02,
       2.90400238e+02, 3.61998916e-01, 6.37225769e+02, 3.06140076e+02,
       2.54870892e-01, 6.03916809e+02, 2.47393295e+02, 7.60924518e-01,
       8.13556824e+02, 3.57080475e+02, 6.07401609e-01, 7.07744263e+02,
       4.13821991e+02, 7.44652987e-01, 5.90244812e+02, 2.84589844e+02,
       6.12130821e-01, 5.17719971e+02, 3.59022980e+02, 1.72153875e-01,
       5.15752502e+02, 3.35491425e+02, 1.64229661e-01, 3.25718414e+02,
       2.88445587e+02, 1.88558459e-01, 1.25877861e+02, 3.78589142e+02,
       7.87485763e-02, 5.52967285e+02, 4.04089905e+02, 1.17405646e-01,
       0., 0., 0., 0., 0., 0., 8.84114075e+02, 2.43521301e+02,
       6.61247551e-01, 8.99740479e+02, 2.70860260e+02, 8.51354599e-01,
       0., 0., 0., 8.86015869e+02, 3.17873230e+02, 8.06632638e-01, 0.,
       0., 0., 0., 0., 0., 0., 0., 0., 0., 0., 0., 0., 0., 0., 0., 0.,
       0. ]
