%YAML:1.0
---
pose_0: !!opencv-matrix
   rows: 1
   cols: 25
   dt: "3f"
   data: [ 1.00747058e+03, 2.08091110e+02, 7.93323636e-01,
       8.87960815e+02, 2.15989365e+02, 4.56543714e-01, 8.82126892e+02,
       1.31738708e+02, 5.07939100e-01, 8.76212280e+02, 8.86625519e+01,
       1.42492622e-01, 0., 0., 0., 8.85988342e+02, 3.02225830e+02,
       3.23243201e-01, 7.15606140e+02, 3.82478210e+02, 2.76517302e-01,
       7.29288452e+02, 3.49224915e+02, 2.54152536e-01, 5.43187317e+02,
       2.33644592e+02, 6.65519759e-02, 5.45139038e+02, 1.88591339e+02,
       7.47597963e-02, 3.21808380e+02, 3.21815552e+02, 8.51105675e-02,
       0., 0., 0., 5.41236206e+02, 3.00241150e+02, 9.71745402e-02,
       3.23754303e+02, 3.25688721e+02, 1.82332024e-01, 1.67056061e+02,
       3.51148529e+02, 9.26121920e-02, 1.01726123e+03, 1.76816788e+02,
       7.47905970e-01, 1.02712646e+03, 2.21887253e+02, 8.03353846e-01,
       9.93758972e+02, 1.47417557e+02, 6.48461938e-01, 1.03297253e+03,
       2.49335495e+02, 1.29017100e-01, 0., 0., 0., 0., 0., 0., 0., 0.,
       0., 0., 0., 0., 0., 0., 0., 0., 0., 0. ]
