%YAML:1.0
---
pose_0: !!opencv-matrix
   rows: 1
   cols: 25
   dt: "3f"
   data: [ 8.64476929e+02, 1.47502258e+02, 8.43802929e-01,
       7.74400146e+02, 1.18010719e+02, 7.10253000e-01, 7.62629272e+02,
       4.94901123e+01, 5.83138525e-01, 0., 0., 0., 0., 0., 0.,
       7.87999023e+02, 1.84683670e+02, 5.88273406e-01, 8.07677551e+02,
       2.74808105e+02, 8.34814489e-01, 8.68388123e+02, 3.66842010e+02,
       8.03520679e-01, 5.51032104e+02, 1.47421997e+02, 2.85170585e-01,
       5.47111328e+02, 1.02407585e+02, 3.43049556e-01, 3.51184052e+02,
       1.27844894e+02, 1.16700992e-01, 0., 0., 0., 5.56874878e+02,
       1.96372452e+02, 2.83627629e-01, 3.29645538e+02, 2.10080917e+02,
       1.99812606e-01, 0., 0., 0., 8.72375122e+02, 1.27828125e+02,
       7.70326495e-01, 8.82056580e+02, 1.49309448e+02, 7.96243846e-01,
       8.54693542e+02, 8.47107391e+01, 8.90306473e-01, 0., 0., 0., 0.,
       0., 0., 0., 0., 0., 0., 0., 0., 0., 0., 0., 0., 0., 0., 0., 0.,
       0. ]
