%YAML:1.0
---
pose_0: !!opencv-matrix
   rows: 1
   cols: 25
   dt: "3f"
   data: [ 8.50728149e+02, 3.04241272e+02, 8.31387281e-01,
       7.64554260e+02, 2.63037384e+02, 6.58842087e-01, 7.64594727e+02,
       1.94517441e+02, 6.75809860e-01, 6.64641174e+02, 1.74827606e+02,
       7.77276218e-01, 7.27291809e+02, 2.98314209e+02, 7.75611520e-01,
       7.52791016e+02, 3.33525818e+02, 3.75714600e-01, 6.62697021e+02,
       4.15763580e+02, 6.99282765e-01, 7.29338196e+02, 3.96199005e+02,
       3.07909817e-01, 5.56896118e+02, 2.72834351e+02, 1.58143520e-01,
       5.51006714e+02, 2.35577835e+02, 2.50071198e-01, 3.76649414e+02,
       2.27726517e+02, 1.41141340e-01, 0., 0., 0., 5.43176025e+02,
       3.23745392e+02, 1.51645958e-01, 3.29636261e+02, 3.35431061e+02,
       3.44123185e-01, 1.61162994e+02, 3.25688751e+02, 4.77428615e-01,
       8.68336975e+02, 2.86561554e+02, 7.17276692e-01, 8.70340942e+02,
       3.06237885e+02, 8.29146981e-01, 8.52696106e+02, 2.43477097e+02,
       8.75736356e-01, 0., 0., 0., 1.16062576e+02, 3.72708038e+02,
       2.62055308e-01, 1.18079308e+02, 3.70788757e+02, 2.73730874e-01,
       1.37665039e+02, 3.13973511e+02, 3.53950441e-01, 0., 0., 0., 0.,
       0., 0., 0., 0., 0. ]
