%YAML:1.0
---
pose_0: !!opencv-matrix
   rows: 1
   cols: 25
   dt: "3f"
   data: [ 9.44778137e+02, 3.06214172e+02, 8.11530352e-01,
       8.50732056e+02, 3.37439880e+02, 7.24886775e-01, 8.23377197e+02,
       2.61076660e+02, 6.68323755e-01, 7.80227417e+02, 2.21883438e+02,
       2.71947354e-01, 7.44913940e+02, 1.94387131e+02, 6.13765776e-01,
       8.74294556e+02, 4.15768188e+02, 6.95713818e-01, 7.95948059e+02,
       5.19635437e+02, 7.26089954e-01, 7.74264709e+02, 4.56974121e+02,
       4.44492221e-01, 6.01942627e+02, 3.72740112e+02, 1.54234633e-01,
       5.99989746e+02, 3.33530304e+02, 2.20266670e-01, 3.82510895e+02,
       3.60971497e+02, 1.44111469e-01, 3.49241730e+02, 3.64917480e+02,
       8.51815641e-02, 6.03917908e+02, 4.37384888e+02, 1.15810648e-01,
       4.96171326e+02, 4.55038483e+02, 5.79976887e-02, 3.66876984e+02,
       5.07914398e+02, 1.00164570e-01, 9.48674622e+02, 2.88443115e+02,
       8.88900280e-01, 9.62448120e+02, 3.23784241e+02, 8.34460080e-01,
       9.25189026e+02, 2.64996887e+02, 6.18575573e-01, 9.52614502e+02,
       3.51124969e+02, 4.18471098e-01, 0., 0., 0., 0., 0., 0.,
       3.49223022e+02, 4.98114380e+02, 7.48093650e-02, 0., 0., 0., 0.,
       0., 0., 0., 0., 0. ]
