%YAML:1.0
---
pose_0: !!opencv-matrix
   rows: 1
   cols: 25
   dt: "3f"
   data: [ 9.17312683e+02, 2.47359268e+02, 8.52113307e-01,
       8.25272766e+02, 1.96397659e+02, 5.15405357e-01, 8.37075928e+02,
       1.41538895e+02, 6.13717973e-01, 7.74301147e+02, 1.25848114e+02,
       7.28802860e-01, 8.05777649e+02, 2.70829102e+02, 8.01505625e-01,
       8.13517090e+02, 2.43387146e+02, 2.72698462e-01, 0., 0., 0., 0.,
       0., 0., 6.82269287e+02, 2.14064758e+02, 9.32104513e-02,
       6.64624878e+02, 1.98384705e+02, 7.88045302e-02, 3.55115753e+02,
       3.17908264e+02, 2.12928027e-01, 1.47382217e+02, 3.37427887e+02,
       2.44964778e-01, 6.97948914e+02, 2.35602036e+02, 6.16817586e-02,
       3.51157013e+02, 3.12029938e+02, 2.64459401e-01, 0., 0., 0.,
       9.29110657e+02, 2.25782562e+02, 8.52768600e-01, 9.32993591e+02,
       2.49291229e+02, 7.66574502e-01, 8.99808533e+02, 1.80675842e+02,
       8.73315692e-01, 0., 0., 0., 0., 0., 0., 0., 0., 0., 0., 0., 0.,
       0., 0., 0., 0., 0., 0., 0., 0., 0. ]
