%YAML:1.0
---
pose_0: !!opencv-matrix
   rows: 1
   cols: 25
   dt: "3f"
   data: [ 8.84033508e+02, 4.35401855e+02, 7.47607648e-01,
       7.76404541e+02, 4.45187164e+02, 7.47381568e-01, 7.78262878e+02,
       3.84493622e+02, 6.86867893e-01, 6.99894104e+02, 3.35588745e+02,
       7.40624249e-01, 8.07733887e+02, 3.53213013e+02, 7.72211134e-01,
       7.82226501e+02, 5.11819153e+02, 6.61292076e-01, 7.74258118e+02,
       6.19577209e+02, 7.49226093e-01, 8.58640381e+02, 5.35314453e+02,
       6.53856397e-01, 5.39239929e+02, 4.47145172e+02, 2.82930106e-01,
       5.39244141e+02, 4.04065399e+02, 4.08401191e-01, 3.66856171e+02,
       4.23661255e+02, 1.66382030e-01, 0., 0., 0., 5.39207947e+02,
       4.94168518e+02, 3.01610857e-01, 3.80590179e+02, 5.17716858e+02,
       1.14534922e-01, 0., 0., 0., 8.95838257e+02, 4.21748077e+02,
       7.64560342e-01, 8.97720276e+02, 4.51081604e+02, 7.08083093e-01,
       8.68372192e+02, 4.00213776e+02, 6.07119441e-01, 8.82113525e+02,
       4.76607239e+02, 1.78110078e-01, 0., 0., 0., 0., 0., 0., 0., 0.,
       0., 0., 0., 0., 0., 0., 0., 0., 0., 0. ]
