%YAML:1.0
---
pose_0: !!opencv-matrix
   rows: 1
   cols: 25
   dt: "3f"
   data: [ 9.95693481e+02, 2.27781799e+02, 8.73069048e-01,
       8.54651489e+02, 2.49309860e+02, 5.60283244e-01, 8.36989014e+02,
       1.63113403e+02, 5.81306934e-01, 6.86235291e+02, 1.06269531e+02,
       7.06816792e-01, 7.74283691e+02, 1.76789612e+02, 7.88299680e-01,
       8.66414734e+02, 3.47265808e+02, 5.58730602e-01, 7.25309814e+02,
       4.31603485e+02, 7.17262268e-01, 7.91985901e+02, 3.51155151e+02,
       8.20953071e-01, 5.98038818e+02, 2.31673599e+02, 7.59473965e-02,
       5.82344482e+02, 1.92477661e+02, 8.25565830e-02, 0., 0., 0., 0.,
       0., 0., 6.48961121e+02, 3.10040344e+02, 6.10313341e-02, 0., 0.,
       0., 0., 0., 0., 9.95784607e+02, 2.00332581e+02, 8.26404452e-01,
       1.01139423e+03, 2.41497009e+02, 8.58597755e-01, 9.58544128e+02,
       1.82671280e+02, 6.58434570e-01, 9.93838501e+02, 2.68935577e+02,
       1.69202998e-01, 0., 0., 0., 0., 0., 0., 0., 0., 0., 0., 0., 0.,
       0., 0., 0., 0., 0., 0. ]
