%YAML:1.0
---
pose_0: !!opencv-matrix
   rows: 1
   cols: 25
   dt: "3f"
   data: [ 8.99764771e+02, 3.53202484e+02, 8.08877647e-01,
       7.95920654e+02, 3.37482178e+02, 6.63342595e-01, 8.05750244e+02,
       2.59127228e+02, 6.72841132e-01, 6.98032593e+02, 1.76786987e+02,
       7.65558898e-01, 6.37216003e+02, 2.04264694e+02, 7.44295359e-01,
       7.78265076e+02, 4.13863831e+02, 5.56121469e-01, 6.66575195e+02,
       4.60870483e+02, 8.15852642e-01, 7.72343445e+02, 4.78504181e+02,
       7.44061530e-01, 5.23554260e+02, 3.41399628e+02, 3.43592018e-01,
       5.27539978e+02, 3.02168182e+02, 3.79997998e-01, 3.57063110e+02,
       3.06162659e+02, 4.83618587e-01, 1.63141800e+02, 3.06217865e+02,
       4.67825532e-01, 5.13805847e+02, 3.82557343e+02, 3.47168207e-01,
       3.55108612e+02, 4.47153473e+02, 5.05393028e-01, 1.65050278e+02,
       5.11804260e+02, 4.22747225e-01, 9.15323364e+02, 3.29642792e+02,
       7.76086211e-01, 9.17329407e+02, 3.68809723e+02, 7.98600197e-01,
       8.89937073e+02, 3.04109161e+02, 5.86006820e-01, 0., 0., 0.,
       1.10221786e+02, 5.70633789e+02, 2.43561625e-01, 1.12193550e+02,
       5.70641968e+02, 2.51645088e-01, 1.35712021e+02, 5.05957428e+02,
       2.61949152e-01, 1.18050522e+02, 3.08077301e+02, 1.25931174e-01,
       1.21986763e+02, 3.02199188e+02, 1.39795616e-01, 1.51338470e+02,
       3.06211487e+02, 3.31612796e-01 ]
