%YAML:1.0
---
pose_0: !!opencv-matrix
   rows: 1
   cols: 25
   dt: "3f"
   data: [ 1.02905823e+03, 2.43388626e+02, 8.10120642e-01,
       8.76251953e+02, 2.51258408e+02, 3.67601067e-01, 8.70379761e+02,
       1.61111099e+02, 3.56242120e-01, 7.76301880e+02, 5.33174324e+01,
       7.15280890e-01, 8.56672913e+02, 2.21851273e+02, 6.67674720e-01,
       8.70362549e+02, 3.23776093e+02, 3.00631881e-01, 6.96015015e+02,
       3.88435150e+02, 1.05718568e-01, 7.33210327e+02, 3.84507050e+02,
       4.42575336e-01, 5.43180359e+02, 3.33528137e+02, 5.98100722e-02,
       0., 0., 0., 0., 0., 0., 0., 0., 0., 5.37306763e+02,
       3.35497131e+02, 6.22882470e-02, 3.53157837e+02, 3.51182922e+02,
       8.50571841e-02, 0., 0., 0., 1.02716467e+03, 2.12084213e+02,
       8.73288691e-01, 1.05450122e+03, 2.43497040e+02, 6.00567341e-01,
       9.83950928e+02, 1.80708939e+02, 5.18994093e-01, 0., 0., 0., 0.,
       0., 0., 0., 0., 0., 0., 0., 0., 0., 0., 0., 0., 0., 0., 0., 0.,
       0. ]
