%YAML:1.0
---
pose_0: !!opencv-matrix
   rows: 1
   cols: 25
   dt: "3f"
   data: [ 9.29132080e+02, 2.37524460e+02, 7.23864615e-01,
       8.36968445e+02, 3.04102325e+02, 6.83597922e-01, 8.07634888e+02,
       2.61075745e+02, 5.24345756e-01, 7.13621460e+02, 2.61035156e+02,
       3.33117217e-01, 6.50960632e+02, 2.39477783e+02, 6.58477724e-01,
       8.56614624e+02, 3.43373993e+02, 6.48145735e-01, 7.44896484e+02,
       4.13954926e+02, 7.97604084e-01, 5.70597656e+02, 3.98134766e+02,
       7.30579555e-01, 5.27503418e+02, 3.04170044e+02, 2.47923627e-01,
       5.23580444e+02, 2.78718597e+02, 2.28776157e-01, 3.45303436e+02,
       2.25778992e+02, 6.72509074e-01, 1.63084061e+02, 3.21766083e+02,
       4.56217438e-01, 5.23582458e+02, 3.21829895e+02, 1.64941028e-01,
       3.21809601e+02, 3.04206360e+02, 3.70648950e-01, 1.06277542e+02,
       4.15818207e+02, 2.08644822e-01, 9.40885803e+02, 2.25777222e+02,
       6.71449721e-01, 9.48719421e+02, 2.55154129e+02, 8.61076951e-01,
       0., 0., 0., 9.42817932e+02, 3.00247589e+02, 8.07378650e-01, 0.,
       0., 0., 0., 0., 0., 8.27886734e+01, 4.29589325e+02,
       1.67684764e-01, 1.18079842e+02, 2.76738617e+02, 1.65676042e-01,
       1.20041222e+02, 2.80670441e+02, 1.51716888e-01, 1.43526352e+02,
       3.37501648e+02, 3.17184240e-01 ]
