%YAML:1.0
---
pose_0: !!opencv-matrix
   rows: 1
   cols: 25
   dt: "3f"
   data: [ 9.13478210e+02, 3.17863434e+02, 7.65770793e-01,
       8.23348938e+02, 2.41517563e+02, 6.05381787e-01, 8.33145447e+02,
       2.14029724e+02, 6.98885679e-01, 7.41072083e+02, 2.88524414e+02,
       7.33781278e-01, 8.54676941e+02, 3.74679382e+02, 4.84166563e-01,
       8.13549561e+02, 2.72792847e+02, 2.56198764e-01, 7.31301819e+02,
       3.53195740e+02, 7.91009128e-01, 8.64455688e+02, 3.84439362e+02,
       4.33892816e-01, 5.88239014e+02, 2.47343124e+02, 2.74196506e-01,
       5.88228638e+02, 2.17951569e+02, 2.80798256e-01, 4.25638000e+02,
       2.27781326e+02, 1.88223600e-01, 3.35498535e+02, 2.51264954e+02,
       1.73544616e-01, 5.78441467e+02, 2.84568695e+02, 2.36293107e-01,
       4.49156769e+02, 3.06091827e+02, 1.63023070e-01, 3.39435974e+02,
       3.10037872e+02, 1.85762808e-01, 9.31045471e+02, 3.02214661e+02,
       8.20107400e-01, 0., 0., 0., 9.27188171e+02, 2.49301346e+02,
       7.94299722e-01, 0., 0., 0., 0., 0., 0., 0., 0., 0., 0., 0., 0.,
       0., 0., 0., 0., 0., 0., 0., 0., 0. ]
