%YAML:1.0
---
pose_0: !!opencv-matrix
   rows: 1
   cols: 25
   dt: "3f"
   data: [ 1.07012964e+03, 1.88556381e+02, 7.08810806e-01,
       9.35040588e+02, 2.25823532e+02, 4.61497247e-01, 9.46712036e+02,
       1.18019531e+02, 3.54774743e-01, 1.01138837e+03, 5.34506798e+00,
       7.84681812e-02, 0., 0., 0., 9.44770752e+02, 3.08085449e+02,
       4.18456882e-01, 1.03296204e+03, 4.49135254e+02, 6.86225832e-01,
       1.14072668e+03, 3.19860992e+02, 2.28440285e-01, 0., 0., 0., 0.,
       0., 0., 0., 0., 0., 0., 0., 0., 0., 0., 0., 0., 0., 0., 0., 0.,
       0., 1.07603662e+03, 1.63031860e+02, 8.13032985e-01,
       1.08984302e+03, 2.12017776e+02, 7.34768033e-01, 1.04275366e+03,
       1.31738998e+02, 2.42044777e-01, 1.06429968e+03, 2.45453323e+02,
       2.44415253e-01, 0., 0., 0., 0., 0., 0., 0., 0., 0., 0., 0., 0.,
       0., 0., 0., 0., 0., 0. ]
