%YAML:1.0
---
pose_0: !!opencv-matrix
   rows: 1
   cols: 25
   dt: "3f"
   data: [ 8.97773926e+02, 2.43451904e+02, 8.06681931e-01,
       8.52779053e+02, 3.08095825e+02, 4.78601187e-01, 8.58625916e+02,
       2.92379669e+02, 3.76228392e-01, 7.48931763e+02, 2.55207779e+02,
       1.56033382e-01, 7.74279602e+02, 1.94428238e+02, 1.20060205e-01,
       8.64430847e+02, 3.06102722e+02, 3.38066816e-01, 7.62597961e+02,
       2.59077148e+02, 3.58694285e-01, 7.70387512e+02, 1.92515259e+02,
       4.61133152e-01, 5.45140625e+02, 3.49217529e+02, 9.43702385e-02,
       5.54933044e+02, 3.13975952e+02, 1.07299700e-01, 3.41392700e+02,
       3.06130035e+02, 1.21789522e-01, 0., 0., 0., 5.27531372e+02,
       3.76644196e+02, 1.08763255e-01, 3.19837280e+02, 3.10026154e+02,
       1.10429712e-01, 0., 0., 0., 9.13470642e+02, 2.41413635e+02,
       1.81910455e-01, 9.17301514e+02, 2.55156433e+02, 8.70388150e-01,
       0., 0., 0., 9.15445313e+02, 3.08149811e+02, 8.20635319e-01, 0.,
       0., 0., 0., 0., 0., 0., 0., 0., 0., 0., 0., 0., 0., 0., 0., 0.,
       0. ]
