%YAML:1.0
---
pose_0: !!opencv-matrix
   rows: 1
   cols: 25
   dt: "3f"
   data: [ 1.09173303e+03, 1.35745987e+02, 3.66277307e-01,
       9.34983582e+02, 1.63086273e+02, 2.61437416e-01, 8.97754639e+02,
       6.90462189e+01, 3.14207733e-01, 7.15587158e+02, 2.98961754e+01,
       4.81692106e-01, 5.78475403e+02, 2.21655674e+01, 8.16681385e-01,
       9.58518616e+02, 2.43426300e+02, 1.85270682e-01, 8.27260010e+02,
       3.80502747e+02, 6.20361567e-01, 9.95783630e+02, 2.57161774e+02,
       5.13126373e-01, 6.68569641e+02, 2.31674606e+02, 5.33354469e-02,
       0., 0., 0., 0., 0., 0., 0., 0., 0., 0., 0., 0., 0., 0., 0., 0.,
       0., 0., 1.10346313e+03, 1.06300209e+02, 4.21605617e-01,
       1.12110242e+03, 1.53317276e+02, 5.08572459e-01, 1.07018726e+03,
       8.46991119e+01, 1.13566779e-01, 1.12504565e+03, 1.82746658e+02,
       7.97858983e-02, 0., 0., 0., 0., 0., 0., 0., 0., 0., 0., 0., 0.,
       0., 0., 0., 0., 0., 0. ]
