%YAML:1.0
---
pose_0: !!opencv-matrix
   rows: 1
   cols: 25
   dt: "3f"
   data: [ 9.03641907e+02, 3.80530243e+02, 6.38093412e-01,
       7.91966980e+02, 3.70775818e+02, 4.67041492e-01, 8.03739746e+02,
       3.23776398e+02, 2.20775992e-01, 0., 0., 0., 0., 0., 0.,
       7.74390747e+02, 4.25596466e+02, 4.19828653e-01, 6.76383423e+02,
       4.76531433e+02, 7.18632340e-01, 5.86281860e+02, 5.41324890e+02,
       7.30655074e-01, 5.49050171e+02, 3.53150299e+02, 1.25845790e-01,
       5.41213196e+02, 3.33539642e+02, 1.24494053e-01, 0., 0., 0., 0.,
       0., 0., 0., 0., 0., 0., 0., 0., 0., 0., 0., 9.15397888e+02,
       3.66887665e+02, 7.06729293e-01, 9.11467041e+02, 3.94258484e+02,
       5.86493313e-01, 9.11502014e+02, 3.39436646e+02, 3.52506548e-01,
       8.86056580e+02, 4.04130554e+02, 1.04908340e-01, 0., 0., 0., 0.,
       0., 0., 0., 0., 0., 0., 0., 0., 0., 0., 0., 0., 0., 0. ]
