%YAML:1.0
---
pose_0: !!opencv-matrix
   rows: 1
   cols: 25
   dt: "3f"
   data: [ 9.93820313e+02, 3.12008972e+02, 7.35715210e-01,
       8.44915649e+02, 3.21845367e+02, 5.53795218e-01, 8.29222900e+02,
       2.31650009e+02, 5.17557085e-01, 7.13565369e+02, 1.78725479e+02,
       7.11615324e-01, 6.21608398e+02, 1.55246628e+02, 7.73706198e-01,
       8.60572876e+02, 4.15797577e+02, 5.60328722e-01, 7.60725952e+02,
       5.25620667e+02, 7.13282049e-01, 6.66574463e+02, 5.05969757e+02,
       7.79367268e-01, 5.56897034e+02, 3.19841156e+02, 9.49098319e-02,
       5.41213013e+02, 2.86529083e+02, 1.64383724e-01, 3.35510376e+02,
       2.88482178e+02, 8.07865933e-02, 3.33541443e+02, 2.82623535e+02,
       1.05257526e-01, 5.45134277e+02, 3.86479950e+02, 7.05507472e-02,
       0., 0., 0., 0., 0., 0., 9.95690125e+02, 2.88515442e+02,
       8.29259992e-01, 1.00746472e+03, 3.21900787e+02, 7.05760360e-01,
       9.60502136e+02, 2.61102325e+02, 3.96214396e-01, 9.87878662e+02,
       3.51186493e+02, 9.82432812e-02, 0., 0., 0., 0., 0., 0., 0., 0.,
       0., 0., 0., 0., 0., 0., 0., 0., 0., 0. ]
