%YAML:1.0
---
pose_0: !!opencv-matrix
   rows: 1
   cols: 25
   dt: "3f"
   data: [ 1.03294202e+03, 2.23859528e+02, 5.42918265e-01,
       8.99763123e+02, 2.23817184e+02, 2.47363672e-01, 8.84079590e+02,
       1.25886711e+02, 1.90799803e-01, 0., 0., 0., 0., 0., 0.,
       9.09519531e+02, 3.08114380e+02, 2.22414151e-01, 8.05686035e+02,
       4.45158630e+02, 6.21397972e-01, 8.80118958e+02, 3.13958923e+02,
       4.62761372e-01, 0., 0., 0., 0., 0., 0., 0., 0., 0., 0., 0., 0.,
       0., 0., 0., 0., 0., 0., 0., 0., 0., 1.04272107e+03,
       1.96412888e+02, 6.68943346e-01, 1.04277991e+03, 2.43428040e+02,
       5.62259495e-01, 1.00945972e+03, 1.63057449e+02, 2.30572760e-01,
       1.00161713e+03, 2.57195496e+02, 1.04142025e-01, 0., 0., 0., 0.,
       0., 0., 0., 0., 0., 0., 0., 0., 0., 0., 0., 0., 0., 0. ]
