%YAML:1.0
---
pose_0: !!opencv-matrix
   rows: 1
   cols: 25
   dt: "3f"
   data: [ 8.95783264e+02, 2.29770920e+02, 6.53058648e-01,
       8.25305359e+02, 2.90528809e+02, 5.90739310e-01, 8.11586304e+02,
       2.64971924e+02, 4.00335252e-01, 6.66609558e+02, 2.90403168e+02,
       3.31295967e-01, 6.29365601e+02, 2.33647964e+02, 7.55791605e-01,
       8.39078430e+02, 3.25718689e+02, 5.62065363e-01, 7.33233154e+02,
       3.82500885e+02, 7.32892990e-01, 6.17544983e+02, 2.98255096e+02,
       7.11786568e-01, 6.33307434e+02, 3.37519592e+02, 2.08002716e-01,
       6.19572449e+02, 3.06161926e+02, 1.53221488e-01, 5.52929199e+02,
       2.72771851e+02, 1.72840506e-01, 5.25573608e+02, 3.06131866e+02,
       5.78989126e-02, 6.47003174e+02, 3.68854004e+02, 2.18978077e-01,
       5.41195923e+02, 3.17906464e+02, 1.93993434e-01, 0., 0., 0.,
       9.03669739e+02, 2.25727066e+02, 7.13212132e-01, 9.13385620e+02,
       2.45460510e+02, 7.89359272e-01, 8.85976440e+02, 2.12193970e+02,
       8.11532661e-02, 8.99768494e+02, 2.92389130e+02, 7.71326184e-01,
       0., 0., 0., 0., 0., 0., 0., 0., 0., 0., 0., 0., 0., 0., 0., 0.,
       0., 0. ]
