%YAML:1.0
---
pose_0: !!opencv-matrix
   rows: 1
   cols: 25
   dt: "3f"
   data: [ 9.36941528e+02, 3.37562225e+02, 7.36051798e-01,
       8.38949280e+02, 3.04096222e+02, 6.48864806e-01, 8.36982239e+02,
       2.17988434e+02, 6.68066740e-01, 7.13648926e+02, 1.78836578e+02,
       6.92630291e-01, 6.03852112e+02, 2.16014740e+02, 7.63548970e-01,
       8.39034668e+02, 3.68783905e+02, 4.82340485e-01, 9.15402893e+02,
       4.27585510e+02, 7.68091798e-01, 9.95665649e+02, 3.21872986e+02,
       7.96067655e-01, 5.80391602e+02, 3.60972137e+02, 8.51018652e-02,
       5.68655090e+02, 2.80679504e+02, 1.07465826e-01, 3.37489471e+02,
       3.00269104e+02, 1.61557123e-01, 1.49349564e+02, 3.21802063e+02,
       2.28321344e-01, 6.15676392e+02, 3.92323181e+02, 1.02602050e-01,
       0., 0., 0., 0., 0., 0., 9.64391235e+02, 3.06166595e+02,
       5.10321498e-01, 9.48775513e+02, 3.47247101e+02, 5.01865327e-01,
       9.46814880e+02, 2.68906097e+02, 7.49863386e-01, 0., 0., 0., 0.,
       0., 0., 0., 0., 0., 0., 0., 0., 1.04313759e+02, 2.84582184e+02,
       7.97761977e-02, 0., 0., 0., 0., 0., 0. ]
