%YAML:1.0
---
pose_0: !!opencv-matrix
   rows: 1
   cols: 25
   dt: "3f"
   data: [ 9.31143677e+02, 1.78859390e+02, 8.36063266e-01,
       8.21432495e+02, 1.96433365e+02, 7.11010337e-01, 8.09626099e+02,
       1.14078705e+02, 6.64710402e-01, 6.80297180e+02, 7.09693909e+01,
       6.99885845e-01, 5.56929626e+02, 7.68784027e+01, 7.34596431e-01,
       8.27226318e+02, 2.88469177e+02, 6.45275354e-01, 6.99928040e+02,
       3.35533264e+02, 7.30051696e-01, 5.70616882e+02, 3.82430573e+02,
       8.12672198e-01, 5.62757629e+02, 2.12085480e+02, 2.07705408e-01,
       5.56912598e+02, 1.63130402e+02, 3.21369916e-01, 3.59000854e+02,
       1.78812515e+02, 3.07271957e-01, 0., 0., 0., 5.56912109e+02,
       2.70828003e+02, 2.48647571e-01, 3.60965240e+02, 3.23750641e+02,
       3.48071009e-01, 1.57217484e+02, 3.55081146e+02, 2.42338583e-01,
       9.38950195e+02, 1.57249619e+02, 8.09070289e-01, 9.48646179e+02,
       1.94486572e+02, 8.78630519e-01, 9.15417175e+02, 1.35748444e+02,
       7.02006578e-01, 9.33032288e+02, 2.16059128e+02, 3.41753304e-01,
       1.06281189e+02, 3.29663666e+02, 6.43798858e-02, 0., 0., 0.,
       1.33756485e+02, 3.45305420e+02, 1.33347183e-01, 0., 0., 0., 0.,
       0., 0., 0., 0., 0. ]
