%YAML:1.0
---
pose_0: !!opencv-matrix
   rows: 1
   cols: 25
   dt: "3f"
   data: [ 9.99671326e+02, 2.25748825e+02, 8.24907064e-01,
       8.50709229e+02, 2.23830948e+02, 5.40619552e-01, 8.40934875e+02,
       1.31781189e+02, 6.66672409e-01, 7.11698730e+02, 9.64827576e+01,
       6.74865246e-01, 6.27401062e+02, 1.15989586e+02, 6.89457476e-01,
       8.54641846e+02, 3.21840393e+02, 4.74369198e-01, 7.44959473e+02,
       3.68843018e+02, 1.59618288e-01, 7.21454651e+02, 3.62941376e+02,
       2.80787706e-01, 6.11748169e+02, 2.29708954e+02, 1.66159078e-01,
       5.92148621e+02, 1.82710617e+02, 2.23748207e-01, 0., 0., 0., 0.,
       0., 0., 6.31338318e+02, 2.76767639e+02, 1.41246498e-01, 0., 0.,
       0., 0., 0., 0., 1.00162067e+03, 1.96424469e+02, 8.55586767e-01,
       1.02116632e+03, 2.27855499e+02, 7.31517136e-01, 9.56531372e+02,
       1.61105591e+02, 3.57416570e-01, 1.00356824e+03, 2.59018188e+02,
       6.88022971e-02, 0., 0., 0., 0., 0., 0., 0., 0., 0., 0., 0., 0.,
       0., 0., 0., 0., 0., 0. ]
