%YAML:1.0
---
pose_0: !!opencv-matrix
   rows: 1
   cols: 25
   dt: "3f"
   data: [ 9.21283325e+02, 1.61092499e+02, 7.07302392e-01,
       8.27224609e+02, 2.04232666e+02, 7.16797113e-01, 8.07660950e+02,
       1.33738571e+02, 7.09784985e-01, 6.98034790e+02, 6.90104446e+01,
       7.94474542e-01, 7.27302490e+02, 1.33812698e+02, 8.25474203e-01,
       8.46872009e+02, 2.72870667e+02, 7.03909457e-01, 7.56735413e+02,
       3.64887909e+02, 7.64134645e-01, 6.35289978e+02, 3.98095612e+02,
       8.38158011e-01, 5.56907227e+02, 2.35610886e+02, 2.23366901e-01,
       5.56878235e+02, 1.92484100e+02, 2.70178139e-01, 3.57066528e+02,
       2.29735535e+02, 5.88358864e-02, 0., 0., 0., 5.58861816e+02,
       2.80677979e+02, 2.10102350e-01, 3.68826721e+02, 2.66928558e+02,
       1.23055972e-01, 1.65082596e+02, 3.47246277e+02, 2.67547876e-01,
       9.30984009e+02, 1.49342117e+02, 7.27814794e-01, 9.33042419e+02,
       1.72901138e+02, 7.96763659e-01, 8.97793030e+02, 1.37677338e+02,
       2.52473593e-01, 9.15390991e+02, 2.12094345e+02, 8.59928668e-01,
       1.18046249e+02, 3.78613800e+02, 2.16517240e-01, 1.29776337e+02,
       3.82470734e+02, 2.48810053e-01, 1.43516403e+02, 3.53143280e+02,
       1.38420671e-01, 0., 0., 0., 0., 0., 0., 0., 0., 0. ]
