%YAML:1.0
---
pose_0: !!opencv-matrix
   rows: 1
   cols: 25
   dt: "3f"
   data: [ 9.33105530e+02, 2.90405731e+02, 7.33363450e-01,
       8.27281250e+02, 3.08060730e+02, 6.95929945e-01, 8.09612244e+02,
       2.25741486e+02, 6.72794461e-01, 7.56690552e+02, 1.98400024e+02,
       5.09298444e-01, 6.94028198e+02, 1.82729599e+02, 7.80900121e-01,
       8.40954956e+02, 3.88442902e+02, 6.63657784e-01, 7.43053772e+02,
       4.76643585e+02, 8.24619412e-01, 6.68548462e+02, 5.70670166e+02,
       7.81939805e-01, 5.45144531e+02, 3.55118835e+02, 2.55789280e-01,
       5.37301453e+02, 3.04122528e+02, 3.68938476e-01, 3.59030548e+02,
       3.31614838e+02, 3.22191179e-01, 8.67184219e+01, 3.68825806e+02,
       6.18121438e-02, 5.51021484e+02, 4.02112640e+02, 2.94501454e-01,
       3.47254425e+02, 4.55049164e+02, 3.82363737e-01, 1.94431427e+02,
       4.96153534e+02, 4.48060453e-01, 9.46848267e+02, 2.63027374e+02,
       7.95859218e-01, 9.50736816e+02, 3.06114471e+02, 8.19373250e-01,
       9.19373413e+02, 2.37589706e+02, 5.92436910e-01, 9.35007141e+02,
       3.25712982e+02, 9.48169753e-02, 1.29825394e+02, 5.33359985e+02,
       2.23855227e-01, 1.45477509e+02, 5.37275024e+02, 2.50121593e-01,
       1.78788742e+02, 4.94213501e+02, 2.57939070e-01, 0., 0., 0., 0.,
       0., 0., 0., 0., 0. ]
