%YAML:1.0
---
pose_0: !!opencv-matrix
   rows: 1
   cols: 25
   dt: "3f"
   data: [ 9.33074402e+02, 2.86483429e+02, 8.10655713e-01,
       8.27273743e+02, 2.86468994e+02, 6.28499031e-01, 8.25293213e+02,
       2.04239319e+02, 6.50764525e-01, 7.15609009e+02, 1.12181801e+02,
       7.39592075e-01, 7.72346680e+02, 1.80811005e+02, 7.82467782e-01,
       8.29238525e+02, 3.70773590e+02, 5.92734218e-01, 7.31251953e+02,
       4.51136902e+02, 7.65862703e-01, 5.98017212e+02, 4.49168304e+02,
       7.76558876e-01, 6.03904114e+02, 3.06145660e+02, 1.77990451e-01,
       5.84335693e+02, 2.51263580e+02, 2.16058969e-01, 3.64903534e+02,
       2.53234360e+02, 6.88285306e-02, 0., 0., 0., 6.29381165e+02,
       3.55129456e+02, 1.49682716e-01, 3.76670563e+02, 3.53170166e+02,
       6.75950795e-02, 0., 0., 0., 9.44756409e+02, 2.59185547e+02,
       8.44823182e-01, 9.48725830e+02, 3.02199127e+02, 8.32388222e-01,
       9.15367065e+02, 2.35556076e+02, 6.20410085e-01, 9.38935730e+02,
       3.19942078e+02, 1.43322572e-01, 0., 0., 0., 0., 0., 0., 0., 0.,
       0., 0., 0., 0., 0., 0., 0., 0., 0., 0. ]
