%YAML:1.0
---
pose_0: !!opencv-matrix
   rows: 1
   cols: 25
   dt: "3f"
   data: [ 8.99705688e+02, 4.29546417e+02, 8.63940656e-01,
       8.25288269e+02, 4.62845490e+02, 7.02346206e-01, 8.07638123e+02,
       4.19764069e+02, 5.58897913e-01, 7.64570496e+02, 3.10064850e+02,
       3.77302468e-01, 7.42978394e+02, 2.39511749e+02, 3.40578735e-01,
       8.41018188e+02, 5.09943970e+02, 6.77030444e-01, 7.72401245e+02,
       5.56948914e+02, 6.38018623e-02, 0., 0., 0., 5.43201843e+02,
       4.76588318e+02, 1.18646279e-01, 5.39247742e+02, 4.47194122e+02,
       1.55818030e-01, 3.76655090e+02, 3.78604828e+02, 1.17161341e-01,
       0., 0., 0., 5.58843872e+02, 5.39252014e+02, 6.19989932e-02,
       3.76639557e+02, 3.80562958e+02, 1.60485834e-01, 1.92479111e+02,
       3.98185669e+02, 8.02621618e-02, 9.03732483e+02, 4.13889252e+02,
       8.79621685e-01, 9.13492065e+02, 4.45263306e+02, 8.67338181e-01,
       8.84101318e+02, 4.02172089e+02, 2.59081274e-01, 9.03630737e+02,
       4.76627014e+02, 7.88319170e-01, 0., 0., 0., 0., 0., 0., 0., 0.,
       0., 0., 0., 0., 0., 0., 0., 0., 0., 0. ]
