%YAML:1.0
---
pose_0: !!opencv-matrix
   rows: 1
   cols: 25
   dt: "3f"
   data: [ 9.36934631e+02, 1.63004486e+02, 7.70267129e-01,
       8.25294128e+02, 1.49362915e+02, 7.04215646e-01, 8.39028687e+02,
       7.10930634e+01, 7.11764932e-01, 7.42963379e+02, 5.73643150e+01,
       7.57210255e-01, 6.72480774e+02, 2.21865128e+02, 6.47467256e-01,
       8.13562805e+02, 2.25714920e+02, 6.36722684e-01, 7.11605896e+02,
       2.76737610e+02, 7.95799196e-01, 6.11781433e+02, 3.17902191e+02,
       7.75279343e-01, 0., 0., 0., 0., 0., 0., 0., 0., 0., 0., 0., 0.,
       0., 0., 0., 0., 0., 0., 0., 0., 0., 9.48682068e+02,
       1.33715652e+02, 9.19739246e-01, 9.52622498e+02, 1.68999939e+02,
       7.72905052e-01, 9.21306458e+02, 1.00396149e+02, 6.99665546e-01,
       0., 0., 0., 0., 0., 0., 0., 0., 0., 0., 0., 0., 0., 0., 0., 0.,
       0., 0., 0., 0., 0. ]
