%YAML:1.0
---
pose_0: !!opencv-matrix
   rows: 1
   cols: 25
   dt: "3f"
   data: [ 9.09546082e+02, 4.45212555e+02, 8.23188782e-01,
       8.03757874e+02, 4.45148773e+02, 6.87128901e-01, 8.01760620e+02,
       3.66913025e+02, 6.61822438e-01, 6.96056152e+02, 2.90512909e+02,
       8.80622804e-01, 6.64708984e+02, 3.53169464e+02, 9.11557734e-01,
       7.99834106e+02, 5.23585693e+02, 5.77702761e-01, 6.82227478e+02,
       5.86202209e+02, 6.36435688e-01, 5.78432739e+02, 6.11712769e+02,
       7.19812274e-01, 5.54943237e+02, 4.70699951e+02, 1.53002933e-01,
       5.54936646e+02, 4.21737518e+02, 2.22625524e-01, 3.76646301e+02,
       4.45195801e+02, 7.72965774e-02, 0., 0., 0., 5.62769714e+02,
       5.23572937e+02, 1.64277568e-01, 0., 0., 0., 0., 0., 0.,
       9.15435303e+02, 4.21713013e+02, 8.51106524e-01, 9.21304321e+02,
       4.58941437e+02, 7.96133637e-01, 8.91922607e+02, 3.98227173e+02,
       5.52353859e-01, 9.11454529e+02, 4.76618591e+02, 1.61822200e-01,
       0., 0., 0., 0., 0., 0., 0., 0., 0., 0., 0., 0., 0., 0., 0., 0.,
       0., 0. ]
