%YAML:1.0
---
pose_0: !!opencv-matrix
   rows: 1
   cols: 25
   dt: "3f"
   data: [ 9.42799866e+02, 2.39488922e+02, 7.25452185e-01,
       8.52751099e+02, 3.10037292e+02, 4.81448740e-01, 8.58593445e+02,
       2.80664551e+02, 1.41796350e-01, 0., 0., 0., 0., 0., 0.,
       8.44879272e+02, 3.29614014e+02, 4.92236674e-01, 7.31237183e+02,
       2.92463806e+02, 5.87325335e-01, 7.11549866e+02, 1.92474579e+02,
       8.15343320e-01, 5.58853333e+02, 3.53141266e+02, 1.17545418e-01,
       5.64712891e+02, 3.19811310e+02, 1.32875323e-01, 3.11999115e+02,
       3.23760284e+02, 1.30219042e-01, 1.29797012e+02, 3.51160889e+02,
       2.07587242e-01, 5.60824707e+02, 4.00140442e+02, 8.01234618e-02,
       3.15918304e+02, 3.21785309e+02, 1.38576657e-01, 0., 0., 0.,
       9.54595642e+02, 2.31666275e+02, 3.99208337e-01, 9.64378479e+02,
       2.57167938e+02, 8.74036670e-01, 0., 0., 0., 9.46790527e+02,
       3.08088226e+02, 8.25345337e-01, 0., 0., 0., 0., 0., 0., 0., 0.,
       0., 8.66485519e+01, 3.80544586e+02, 9.05290470e-02, 0., 0., 0.,
       0., 0., 0. ]
