%YAML:1.0
---
pose_0: !!opencv-matrix
   rows: 1
   cols: 25
   dt: "3f"
   data: [ 9.44793457e+02, 3.90396301e+02, 8.03410172e-01,
       8.33134583e+02, 3.53202087e+02, 6.20436549e-01, 8.46871765e+02,
       2.76714111e+02, 6.01605415e-01, 7.68449402e+02, 1.76788788e+02,
       7.68648565e-01, 7.27341614e+02, 2.25712219e+02, 8.30311239e-01,
       8.17465698e+02, 4.29503876e+02, 5.83491385e-01, 7.74396301e+02,
       4.62854828e+02, 1.33327395e-01, 0., 0., 0., 5.76482117e+02,
       3.74685913e+02, 5.13529256e-02, 0., 0., 0., 0., 0., 0., 0., 0.,
       0., 0., 0., 0., 0., 0., 0., 0., 0., 0., 9.58489990e+02,
       3.68756989e+02, 8.37354600e-01, 9.62336853e+02, 4.00097870e+02,
       7.74623215e-01, 9.35030396e+02, 3.29598419e+02, 5.89054465e-01,
       0., 0., 0., 0., 0., 0., 0., 0., 0., 0., 0., 0., 0., 0., 0., 0.,
       0., 0., 0., 0., 0. ]
