%YAML:1.0
---
pose_0: !!opencv-matrix
   rows: 1
   cols: 25
   dt: "3f"
   data: [ 8.97734314e+02, 3.08075684e+02, 7.93705344e-01,
       7.92021729e+02, 3.15891144e+02, 6.79368496e-01, 7.92013428e+02,
       2.37549805e+02, 6.64642215e-01, 6.86199829e+02, 1.59168427e+02,
       7.68744230e-01, 5.82333923e+02, 2.10101257e+02, 7.22338319e-01,
       7.88074585e+02, 3.94261230e+02, 5.88674843e-01, 6.64701477e+02,
       4.37419006e+02, 7.63520241e-01, 6.64704712e+02, 3.82588196e+02,
       7.86229849e-01, 5.51018677e+02, 3.21805542e+02, 2.81836301e-01,
       5.56888062e+02, 2.76740326e+02, 2.61089742e-01, 5.07945068e+02,
       2.49297424e+02, 1.78224340e-01, 3.64911499e+02, 2.57203583e+02,
       4.27448094e-01, 5.39242065e+02, 3.64918701e+02, 3.30334306e-01,
       3.47260376e+02, 3.62926208e+02, 3.68333310e-01, 1.49416229e+02,
       3.53179291e+02, 4.70817834e-01, 9.09504333e+02, 2.90532196e+02,
       8.24442685e-01, 9.05642090e+02, 3.27662231e+02, 7.46519983e-01,
       8.86101074e+02, 2.72845703e+02, 6.36696041e-01, 8.97784302e+02,
       3.51146088e+02, 3.16742420e-01, 9.84097443e+01, 3.86437500e+02,
       2.96693206e-01, 1.02381966e+02, 3.88385284e+02, 3.13203692e-01,
       1.27825363e+02, 3.37538300e+02, 2.93698698e-01, 0., 0., 0., 0.,
       0., 0., 0., 0., 0. ]
