%YAML:1.0
---
pose_0: !!opencv-matrix
   rows: 1
   cols: 25
   dt: "3f"
   data: [ 8.76241577e+02, 1.47497879e+02, 7.13409901e-01,
       8.05650330e+02, 1.74860626e+02, 5.36461413e-01, 7.95920227e+02,
       1.08236794e+02, 2.00944662e-01, 0., 0., 0., 0., 0., 0.,
       8.19433594e+02, 2.25744675e+02, 4.01190996e-01, 9.17344360e+02,
       2.47381790e+02, 8.23450387e-01, 9.44735168e+02, 1.65109497e+02,
       2.70812482e-01, 6.01950745e+02, 1.80746765e+02, 6.86130226e-02,
       5.86272522e+02, 1.61147659e+02, 5.12191281e-02, 3.49239288e+02,
       2.23813599e+02, 1.98266894e-01, 1.80705490e+02, 2.57121704e+02,
       1.43052995e-01, 6.09791504e+02, 2.21862152e+02, 5.06167561e-02,
       0., 0., 0., 0., 0., 0., 8.58590271e+02, 1.33636017e+02,
       4.48905081e-01, 8.97760620e+02, 1.45471924e+02, 6.56507015e-01,
       8.27288818e+02, 1.21969856e+02, 6.16040304e-02, 8.93893494e+02,
       1.80718140e+02, 1.06273942e-01, 0., 0., 0., 0., 0., 0., 0., 0.,
       0., 1.27812569e+02, 2.96324677e+02, 7.85342753e-02,
       1.27865120e+02, 3.00220764e+02, 7.26930723e-02, 0., 0., 0. ]
