%YAML:1.0
---
pose_0: !!opencv-matrix
   rows: 1
   cols: 25
   dt: "3f"
   data: [ 1.00744617e+03, 2.59047882e+02, 8.22522044e-01,
       8.84015076e+02, 2.90453308e+02, 7.19890416e-01, 8.64464661e+02,
       1.96433578e+02, 6.54964089e-01, 7.35204895e+02, 1.86627014e+02,
       6.16892636e-01, 6.82320313e+02, 1.94368896e+02, 8.18695545e-01,
       9.03678528e+02, 3.80548187e+02, 6.36853635e-01, 7.78275574e+02,
       4.98152832e+02, 7.45232403e-01, 8.23405579e+02, 3.98217072e+02,
       8.14942718e-01, 5.98024597e+02, 2.78703979e+02, 8.43352973e-02,
       5.82351318e+02, 2.47349564e+02, 1.35193825e-01, 4.29536072e+02,
       2.57153229e+02, 6.46409467e-02, 3.06143982e+02, 2.74781403e+02,
       7.13828355e-02, 6.17623230e+02, 3.49215332e+02, 6.04367293e-02,
       3.19872772e+02, 3.84437866e+02, 8.40243474e-02, 1.43534775e+02,
       3.88429932e+02, 6.77270740e-02, 1.01142114e+03, 2.37506546e+02,
       8.71868730e-01, 1.02510876e+03, 2.78671295e+02, 7.99223542e-01,
       9.78143555e+02, 2.10147583e+02, 6.54470861e-01, 1.00162170e+03,
       3.08076355e+02, 1.73485130e-01, 0., 0., 0., 0., 0., 0., 0., 0.,
       0., 0., 0., 0., 0., 0., 0., 0., 0., 0. ]
