%YAML:1.0
---
pose_0: !!opencv-matrix
   rows: 1
   cols: 25
   dt: "3f"
   data: [ 9.74152283e+02, 2.31729294e+02, 7.69371212e-01,
       8.40962036e+02, 2.74781372e+02, 6.99130595e-01, 8.21308655e+02,
       1.96496613e+02, 6.17389262e-01, 7.17581055e+02, 1.80671219e+02,
       2.75430888e-01, 6.84278076e+02, 1.70918488e+02, 6.25665069e-01,
       8.66393677e+02, 3.53194092e+02, 6.06626987e-01, 7.76411438e+02,
       4.66799286e+02, 8.06496918e-01, 8.35069946e+02, 3.37550110e+02,
       8.17130923e-01, 5.94116333e+02, 2.57124664e+02, 1.51114628e-01,
       5.84302551e+02, 2.29721970e+02, 1.59956679e-01, 4.00167053e+02,
       2.57151459e+02, 6.81491420e-02, 1.31766464e+02, 3.19869141e+02,
       1.86580434e-01, 0., 0., 0., 0., 0., 0., 0., 0., 0.,
       9.74138733e+02, 2.12041580e+02, 8.54899168e-01, 9.89822144e+02,
       2.45364319e+02, 8.16516876e-01, 9.31056152e+02, 1.96423096e+02,
       5.95730424e-01, 9.72248047e+02, 2.76703125e+02, 2.48937368e-01,
       0., 0., 0., 0., 0., 0., 0., 0., 0., 6.71000900e+01,
       3.55091614e+02, 1.11977845e-01, 7.29881439e+01, 3.55079285e+02,
       1.00377589e-01, 0., 0., 0. ]
