%YAML:1.0
---
pose_0: !!opencv-matrix
   rows: 1
   cols: 25
   dt: "3f"
   data: [ 9.29155762e+02, 1.96465302e+02, 8.32678914e-01,
       8.07739380e+02, 2.23863571e+02, 6.73787773e-01, 7.95944336e+02,
       1.35655151e+02, 6.01250350e-01, 6.52917053e+02, 1.25858475e+02,
       1.93035647e-01, 5.49070496e+02, 1.31753128e+02, 2.25831360e-01,
       8.19425659e+02, 3.06206390e+02, 6.68366611e-01, 6.94000061e+02,
       3.55178131e+02, 6.51219606e-01, 5.68670105e+02, 3.59005432e+02,
       7.67202497e-01, 5.80387573e+02, 2.51278259e+02, 1.92662552e-01,
       5.52973328e+02, 2.06218094e+02, 2.06608385e-01, 3.57056824e+02,
       3.51199921e+02, 9.13731605e-02, 0., 0., 0., 6.01929382e+02,
       3.06104645e+02, 1.99192911e-01, 4.25638489e+02, 3.39456726e+02,
       5.30439168e-02, 0., 0., 0., 9.33027100e+02, 1.78678314e+02,
       8.94072950e-01, 9.44772156e+02, 2.10210892e+02, 8.75997603e-01,
       9.01716675e+02, 1.59197021e+02, 6.43638074e-01, 9.31033203e+02,
       2.31705048e+02, 3.62167329e-01, 0., 0., 0., 0., 0., 0., 0., 0.,
       0., 0., 0., 0., 0., 0., 0., 0., 0., 0. ]
