%YAML:1.0
---
pose_0: !!opencv-matrix
   rows: 1
   cols: 25
   dt: "3f"
   data: [ 9.17372986e+02, 3.68829926e+02, 7.62261748e-01,
       8.03708862e+02, 3.70760498e+02, 6.35098577e-01, 8.01754639e+02,
       2.96352509e+02, 6.16457045e-01, 6.94002197e+02, 2.25702805e+02,
       7.57383883e-01, 6.35199219e+02, 2.39526749e+02, 7.89684772e-01,
       7.93912903e+02, 4.49189484e+02, 5.79089999e-01, 6.82317566e+02,
       4.90273529e+02, 5.69620907e-01, 5.56966858e+02, 5.23526184e+02,
       7.88158417e-01, 5.56875488e+02, 3.68818085e+02, 1.52311713e-01,
       5.45137634e+02, 3.29622253e+02, 1.75562501e-01, 3.64916870e+02,
       4.27555969e+02, 7.49918446e-02, 0., 0., 0., 5.64733826e+02,
       4.27597107e+02, 1.13378435e-01, 0., 0., 0., 0., 0., 0.,
       9.29158325e+02, 3.53079651e+02, 7.90636480e-01, 9.29156677e+02,
       3.86463837e+02, 7.71274149e-01, 9.03693787e+02, 3.23759491e+02,
       4.78146940e-01, 9.17399170e+02, 4.08033142e+02, 2.09683478e-01,
       0., 0., 0., 0., 0., 0., 0., 0., 0., 0., 0., 0., 0., 0., 0., 0.,
       0., 0. ]
