%YAML:1.0
---
pose_0: !!opencv-matrix
   rows: 1
   cols: 25
   dt: "3f"
   data: [ 8.93872559e+02, 3.80525970e+02, 6.98914051e-01,
       8.36978149e+02, 2.98305908e+02, 4.32073146e-01, 8.31155579e+02,
       2.98318024e+02, 5.79636097e-01, 7.31271545e+02, 2.92397278e+02,
       7.63124466e-01, 6.80328308e+02, 4.31474854e+02, 6.83740199e-01,
       8.42947327e+02, 2.92460632e+02, 3.35985154e-01, 0., 0., 0., 0.,
       0., 0., 5.41226929e+02, 2.66948700e+02, 1.65610373e-01,
       5.29465820e+02, 2.68895294e+02, 2.00095758e-01, 3.39433105e+02,
       3.82569031e+02, 1.91702038e-01, 0., 0., 0., 0., 0., 0., 0., 0.,
       0., 0., 0., 0., 9.11454285e+02, 3.68763916e+02, 7.79036641e-01,
       0., 0., 0., 9.13407898e+02, 3.23802094e+02, 8.17458928e-01, 0.,
       0., 0., 0., 0., 0., 0., 0., 0., 0., 0., 0., 0., 0., 0., 0., 0.,
       0., 0., 0., 0. ]
