%YAML:1.0
---
pose_0: !!opencv-matrix
   rows: 1
   cols: 25
   dt: "3f"
   data: [ 9.17302429e+02, 1.45484695e+02, 8.35255086e-01,
       7.93948730e+02, 1.49439819e+02, 6.27577662e-01, 7.93994507e+02,
       6.12649765e+01, 6.58906162e-01, 6.84272583e+02, 5.33402205e+00,
       6.22552216e-01, 6.09810730e+02, 3.77022476e+01, 8.10846567e-01,
       7.92023376e+02, 2.41430344e+02, 6.47562802e-01, 6.68552063e+02,
       2.74803619e+02, 5.96743047e-01, 5.47083618e+02, 3.04228302e+02,
       7.79400468e-01, 5.41225464e+02, 1.49391983e+02, 2.06668258e-01,
       5.31415833e+02, 1.00376579e+02, 2.22341418e-01, 0., 0., 0., 0.,
       0., 0., 5.43196167e+02, 2.04239761e+02, 2.07761496e-01,
       4.55027863e+02, 2.08152039e+02, 5.78529537e-02, 3.02218353e+02,
       1.78761139e+02, 1.02934644e-01, 9.25201172e+02, 1.20027412e+02,
       8.10234845e-01, 9.31030396e+02, 1.63088242e+02, 7.86651969e-01,
       9.01641724e+02, 1.00335739e+02, 5.33381701e-01, 9.05607849e+02,
       1.84684448e+02, 1.93336278e-01, 0., 0., 0., 0., 0., 0., 0., 0.,
       0., 0., 0., 0., 0., 0., 0., 0., 0., 0. ]
