%YAML:1.0
---
pose_0: !!opencv-matrix
   rows: 1
   cols: 25
   dt: "3f"
   data: [ 9.78115234e+02, 1.98360062e+02, 7.84375370e-01,
       8.68431763e+02, 2.49300583e+02, 5.28981030e-01, 8.40939331e+02,
       1.45466553e+02, 3.93030643e-01, 6.82285156e+02, 8.27994919e+01,
       5.66958368e-01, 7.46925171e+02, 1.49434433e+02, 6.86554730e-01,
       8.76198242e+02, 3.25721619e+02, 5.66578805e-01, 7.15647583e+02,
       4.07996857e+02, 7.11268544e-01, 7.45032593e+02, 3.21769775e+02,
       8.04699957e-01, 6.11743835e+02, 2.41486679e+02, 6.28299490e-02,
       0., 0., 0., 0., 0., 0., 0., 0., 0., 6.41133972e+02,
       2.92399750e+02, 5.49526773e-02, 0., 0., 0., 0., 0., 0.,
       9.80033081e+02, 1.76770660e+02, 8.39207172e-01, 9.95748840e+02,
       2.19907608e+02, 8.34843278e-01, 9.46773621e+02, 1.63054642e+02,
       5.51224589e-01, 9.80098694e+02, 2.57167938e+02, 3.67695868e-01,
       0., 0., 0., 0., 0., 0., 0., 0., 0., 0., 0., 0., 0., 0., 0., 0.,
       0., 0. ]
