%YAML:1.0
---
pose_0: !!opencv-matrix
   rows: 1
   cols: 25
   dt: "3f"
   data: [ 9.15381836e+02, 2.10066757e+02, 8.43085527e-01,
       8.15507080e+02, 2.21905182e+02, 6.78040206e-01, 8.03758484e+02,
       1.47406631e+02, 7.07925439e-01, 6.82361633e+02, 1.06314827e+02,
       7.52738237e-01, 5.92183289e+02, 1.16097420e+02, 7.95480728e-01,
       8.33131409e+02, 3.00245392e+02, 6.64557517e-01, 7.29313843e+02,
       3.88413574e+02, 8.14576864e-01, 6.78303711e+02, 3.19867889e+02,
       7.64098346e-01, 6.01940430e+02, 2.63033417e+02, 2.33022019e-01,
       5.98017822e+02, 2.10115082e+02, 2.36623317e-01, 3.98193573e+02,
       2.15990082e+02, 1.09709054e-01, 3.78598175e+02, 2.25824341e+02,
       6.87277168e-02, 6.03927246e+02, 3.15887756e+02, 2.51390278e-01,
       3.92328033e+02, 2.92412140e+02, 1.11067340e-01, 2.10109985e+02,
       3.06201447e+02, 1.52591392e-01, 9.17433472e+02, 1.86640533e+02,
       8.31457734e-01, 9.27186035e+02, 2.23794022e+02, 8.08790207e-01,
       8.93842163e+02, 1.65108536e+02, 6.64637983e-01, 9.15428040e+02,
       2.41523270e+02, 4.83239204e-01, 1.94381409e+02, 3.13975372e+02,
       5.80304265e-02, 1.90538666e+02, 3.17847260e+02, 6.60892650e-02,
       1.96430557e+02, 3.10031799e+02, 1.17174447e-01, 0., 0., 0., 0.,
       0., 0., 0., 0., 0. ]
