%YAML:1.0
---
pose_0: !!opencv-matrix
   rows: 1
   cols: 25
   dt: "3f"
   data: [ 8.88001099e+02, 2.84550232e+02, 8.08031917e-01,
       8.03689575e+02, 2.55198761e+02, 6.20379090e-01, 8.13518555e+02,
       1.94456543e+02, 6.41049147e-01, 7.44974548e+02, 1.33803970e+02,
       8.26826394e-01, 7.91901855e+02, 2.72838837e+02, 7.76243985e-01,
       7.90078674e+02, 3.13923615e+02, 4.18001503e-01, 7.35205688e+02,
       3.19794586e+02, 1.03078142e-01, 0., 0., 0., 5.72566223e+02,
       2.51260529e+02, 1.20188773e-01, 5.68649170e+02, 2.27744324e+02,
       1.37638360e-01, 3.66867249e+02, 3.57088287e+02, 1.03584126e-01,
       1.61167694e+02, 3.66881958e+02, 1.65223449e-01, 0., 0., 0., 0.,
       0., 0., 0., 0., 0., 8.99686951e+02, 2.59128967e+02,
       8.99735153e-01, 9.03700256e+02, 2.90501709e+02, 8.23247790e-01,
       8.76201843e+02, 2.27834763e+02, 7.39153087e-01, 0., 0., 0., 0.,
       0., 0., 0., 0., 0., 0., 0., 0., 0., 0., 0., 0., 0., 0., 0., 0.,
       0. ]
