%YAML:1.0
---
pose_0: !!opencv-matrix
   rows: 1
   cols: 25
   dt: "3f"
   data: [ 8.93865417e+02, 3.70850952e+02, 7.25378573e-01,
       8.17463501e+02, 2.98292145e+02, 4.18580085e-01, 8.19356567e+02,
       2.88413300e+02, 6.71469629e-01, 7.13664001e+02, 2.65003082e+02,
       6.90148830e-01, 6.86192383e+02, 4.15876434e+02, 6.54412687e-01,
       8.21364990e+02, 3.04168396e+02, 2.36499712e-01, 0., 0., 0., 0.,
       0., 0., 6.21574524e+02, 3.02171448e+02, 3.07616800e-01,
       5.99979248e+02, 2.72839935e+02, 2.27061123e-01, 4.98096741e+02,
       3.21812897e+02, 9.26009417e-02, 3.39412201e+02, 3.80537750e+02,
       7.48197138e-02, 6.41147156e+02, 3.29635437e+02, 3.65859240e-01,
       6.45032227e+02, 4.74570709e+02, 4.26058590e-01, 0., 0., 0.,
       9.13427612e+02, 3.55151978e+02, 7.72343814e-01, 0., 0., 0.,
       9.01664856e+02, 3.06162476e+02, 8.93698275e-01, 0., 0., 0., 0.,
       0., 0., 0., 0., 0., 0., 0., 0., 0., 0., 0., 0., 0., 0., 0., 0.,
       0. ]
