%YAML:1.0
---
pose_0: !!opencv-matrix
   rows: 1
   cols: 25
   dt: "3f"
   data: [ 1.07410217e+03, 2.21880615e+02, 7.85193503e-01,
       9.27155029e+02, 2.49329483e+02, 5.33760786e-01, 9.15416321e+02,
       1.57215118e+02, 5.43439388e-01, 0., 0., 0., 0., 0., 0.,
       9.29144775e+02, 3.37457062e+02, 4.40808415e-01, 9.64402283e+02,
       4.55028748e+02, 4.02579069e-01, 1.08782129e+03, 3.21781555e+02,
       5.27871177e-02, 0., 0., 0., 0., 0., 0., 0., 0., 0., 0., 0., 0.,
       0., 0., 0., 0., 0., 0., 0., 0., 0., 1.08585754e+03,
       1.96369034e+02, 8.39024067e-01, 1.09368933e+03, 2.43404083e+02,
       6.25470161e-01, 1.04281909e+03, 1.65125793e+02, 3.27243716e-01,
       1.06429236e+03, 2.82581360e+02, 1.65716112e-01, 0., 0., 0., 0.,
       0., 0., 0., 0., 0., 0., 0., 0., 0., 0., 0., 0., 0., 0. ]
