%YAML:1.0
---
pose_0: !!opencv-matrix
   rows: 1
   cols: 25
   dt: "3f"
   data: [ 8.93830505e+02, 4.35469818e+02, 7.28824198e-01,
       7.93933411e+02, 4.80546082e+02, 5.83757818e-01, 7.76348755e+02,
       4.56957123e+02, 3.20149511e-01, 7.29289856e+02, 4.29526855e+02,
       6.83053806e-02, 0., 0., 0., 8.13526428e+02, 5.13833618e+02,
       6.28085732e-01, 7.13549133e+02, 4.13863464e+02, 8.15507293e-01,
       6.19632324e+02, 3.00241821e+02, 7.55186558e-01, 5.19669556e+02,
       5.09845856e+02, 2.67480820e-01, 5.25523438e+02, 4.68723236e+02,
       3.63688946e-01, 3.66813782e+02, 3.98125153e+02, 5.81174612e-01,
       1.82691315e+02, 4.41294525e+02, 4.74017382e-01, 5.13802246e+02,
       5.50994202e+02, 2.32533291e-01, 3.51216400e+02, 5.84320618e+02,
       1.70213610e-01, 2.47340469e+02, 6.41119446e+02, 6.59645125e-02,
       8.99790405e+02, 4.25589050e+02, 8.71896267e-01, 9.05638977e+02,
       4.56958160e+02, 7.87714005e-01, 8.76218323e+02, 4.15799744e+02,
       2.57185966e-01, 8.89959045e+02, 4.92167084e+02, 6.59758925e-01,
       0., 0., 0., 0., 0., 0., 0., 0., 0., 1.43506592e+02,
       4.72626862e+02, 1.30560428e-01, 0., 0., 0., 1.65046265e+02,
       4.47159912e+02, 2.58353800e-01 ]
