%YAML:1.0
---
pose_0: !!opencv-matrix
   rows: 1
   cols: 25
   dt: "3f"
   data: [ 9.83961426e+02, 2.68872162e+02, 6.06495738e-01,
       8.62539368e+02, 2.98277252e+02, 5.62954962e-01, 8.50703003e+02,
       2.12060196e+02, 6.25800610e-01, 7.23388306e+02, 1.74889175e+02,
       6.49569154e-01, 6.90131775e+02, 1.92448044e+02, 6.70045316e-01,
       8.80108643e+02, 3.82559326e+02, 5.51626265e-01, 7.56687439e+02,
       5.11865234e+02, 6.53303087e-01, 8.27246094e+02, 3.90367889e+02,
       6.33082628e-01, 6.03909180e+02, 3.29631348e+02, 5.34465536e-02,
       0., 0., 0., 0., 0., 0., 0., 0., 0., 0., 0., 0., 0., 0., 0., 0.,
       0., 0., 9.93825989e+02, 2.51240555e+02, 7.49496937e-01,
       1.00162408e+03, 2.92436768e+02, 6.80799484e-01, 9.58535461e+02,
       2.27733200e+02, 3.27220172e-01, 9.87906799e+02, 3.21824677e+02,
       2.73966670e-01, 0., 0., 0., 0., 0., 0., 0., 0., 0., 0., 0., 0.,
       0., 0., 0., 0., 0., 0. ]
