%YAML:1.0
---
pose_0: !!opencv-matrix
   rows: 1
   cols: 25
   dt: "3f"
   data: [ 9.82035828e+02, 3.49176422e+02, 7.73642004e-01,
       8.50771301e+02, 3.55138397e+02, 6.47113025e-01, 8.27276123e+02,
       2.64986420e+02, 6.05480552e-01, 7.19534729e+02, 2.16001694e+02,
       6.51642859e-01, 6.23491089e+02, 2.10173782e+02, 4.85043645e-01,
       8.66427002e+02, 4.49156921e+02, 5.85878849e-01, 7.29260498e+02,
       5.19672546e+02, 5.81090391e-01, 6.11763367e+02, 5.84249146e+02,
       6.55435681e-01, 5.98030151e+02, 3.84480225e+02, 1.77412182e-01,
       6.01932373e+02, 3.37495941e+02, 2.74712175e-01, 5.27533508e+02,
       3.21792145e+02, 9.74682942e-02, 0., 0., 0., 5.90191528e+02,
       4.43243713e+02, 1.46000475e-01, 3.12002563e+02, 4.84402893e+02,
       6.79465011e-02, 0., 0., 0., 9.87886841e+02, 3.19801453e+02,
       8.22780252e-01, 9.97752930e+02, 3.62957550e+02, 7.49427617e-01,
       9.56526611e+02, 2.90433258e+02, 5.17139614e-01, 0., 0., 0., 0.,
       0., 0., 0., 0., 0., 0., 0., 0., 0., 0., 0., 0., 0., 0., 0., 0.,
       0. ]
