%YAML:1.0
---
pose_0: !!opencv-matrix
   rows: 1
   cols: 25
   dt: "3f"
   data: [ 8.66391785e+02, 2.70808136e+02, 6.44412994e-01,
       7.74361145e+02, 2.25744659e+02, 4.42354500e-01, 7.70463806e+02,
       2.55190475e+02, 1.88271016e-01, 0., 0., 0., 0., 0., 0.,
       7.58678345e+02, 2.74748993e+02, 3.35319668e-01, 6.54825195e+02,
       3.39406525e+02, 7.52568007e-01, 5.72619629e+02, 3.84428772e+02,
       7.98132241e-01, 5.54946472e+02, 2.31680862e+02, 9.64876041e-02,
       0., 0., 0., 0., 0., 0., 0., 0., 0., 0., 0., 0., 0., 0., 0., 0.,
       0., 0., 8.84021362e+02, 2.57187805e+02, 7.07222342e-01, 0., 0.,
       0., 8.86008789e+02, 2.21865417e+02, 6.35272443e-01, 0., 0., 0.,
       0., 0., 0., 0., 0., 0., 0., 0., 0., 0., 0., 0., 0., 0., 0., 0.,
       0., 0. ]
