%YAML:1.0
---
pose_0: !!opencv-matrix
   rows: 1
   cols: 25
   dt: "3f"
   data: [ 9.15369629e+02, 1.76777100e+02, 8.31330955e-01,
       8.05714905e+02, 1.74868988e+02, 6.54974580e-01, 7.99812561e+02,
       8.86931458e+01, 6.60012364e-01, 6.80363953e+02, 5.13652725e+01,
       6.77807689e-01, 5.62800171e+02, 6.51593170e+01, 7.58024216e-01,
       7.97895935e+02, 2.61121460e+02, 6.08783066e-01, 6.78333374e+02,
       3.06116547e+02, 7.56320179e-01, 5.47126282e+02, 3.64836090e+02,
       7.61355639e-01, 5.54917969e+02, 1.94434967e+02, 1.65907502e-01,
       5.39257263e+02, 1.47441422e+02, 1.77822888e-01, 3.33541595e+02,
       3.00251221e+02, 8.07917118e-02, 0., 0., 0., 5.66698914e+02,
       2.41490768e+02, 1.54158011e-01, 3.37460419e+02, 3.02199524e+02,
       1.45299643e-01, 1.18092033e+02, 3.23771423e+02, 2.50012308e-01,
       9.21291199e+02, 1.49361389e+02, 8.81177485e-01, 9.31155457e+02,
       1.88600937e+02, 8.20934355e-01, 8.95852173e+02, 1.25887756e+02,
       6.72167063e-01, 9.25201721e+02, 2.08087646e+02, 1.11264586e-01,
       0., 0., 0., 0., 0., 0., 8.86937103e+01, 3.08092438e+02,
       1.23031065e-01, 0., 0., 0., 0., 0., 0., 0., 0., 0. ]
