%YAML:1.0
---
pose_0: !!opencv-matrix
   rows: 1
   cols: 25
   dt: "3f"
   data: [ 9.31005371e+02, 3.25743378e+02, 7.99545228e-01,
       8.35112488e+02, 3.59021454e+02, 4.26720381e-01, 8.03699402e+02,
       3.02205750e+02, 2.30955377e-01, 0., 0., 0., 0., 0., 0.,
       8.56647095e+02, 4.23650299e+02, 5.82611203e-01, 7.91967773e+02,
       5.04007263e+02, 7.90835500e-01, 8.07609192e+02, 3.92327423e+02,
       7.09424198e-01, 5.51012512e+02, 4.21706909e+02, 7.47443959e-02,
       5.58859497e+02, 3.59028381e+02, 1.18681706e-01, 3.39447418e+02,
       3.60973938e+02, 1.63667589e-01, 1.08258804e+02, 3.66878632e+02,
       5.53700849e-02, 0., 0., 0., 0., 0., 0., 0., 0., 0.,
       9.31085938e+02, 3.04244171e+02, 8.66234064e-01, 9.48664673e+02,
       3.37531189e+02, 7.84426928e-01, 8.99805725e+02, 2.88516663e+02,
       4.05825138e-01, 9.38905334e+02, 3.62950226e+02, 2.54905611e-01,
       0., 0., 0., 0., 0., 0., 0., 0., 0., 0., 0., 0., 0., 0., 0., 0.,
       0., 0. ]
