%YAML:1.0
---
pose_0: !!opencv-matrix
   rows: 2
   cols: 25
   dt: "3f"
   data: [ 8.80148193e+02, 2.37534485e+02, 7.31851816e-01,
       8.37034241e+02, 3.12024902e+02, 5.76969624e-01, 0., 0., 0., 0.,
       0., 0., 0., 0., 0., 8.40979187e+02, 3.06090607e+02,
       4.46928918e-01, 7.31289612e+02, 2.41480057e+02, 4.66852725e-01,
       7.74312256e+02, 1.84677139e+02, 5.09810925e-01, 5.64724060e+02,
       3.39411835e+02, 1.48037910e-01, 5.51015137e+02, 3.06085266e+02,
       2.58975565e-01, 3.23743958e+02, 2.86518616e+02, 1.99352860e-01,
       9.84418259e+01, 4.04084808e+02, 1.72974855e-01, 5.43176086e+02,
       3.86453827e+02, 1.03143416e-01, 3.08106750e+02, 2.92415039e+02,
       2.23378569e-01, 9.25602875e+01, 4.09934875e+02, 2.58668959e-01,
       8.99712708e+02, 2.31654251e+02, 1.13849498e-01, 9.01656372e+02,
       2.43439392e+02, 8.58574390e-01, 0., 0., 0., 9.01702087e+02,
       3.04066223e+02, 8.33026290e-01, 4.16420593e+01, 4.41301849e+02,
       2.44169652e-01, 5.34042625e+01, 4.45212402e+02, 2.74962753e-01,
       6.12386856e+01, 4.13845856e+02, 1.20976917e-01, 4.94751625e+01,
       4.45202393e+02, 1.43016815e-01, 5.33511696e+01, 4.39358551e+02,
       1.33022174e-01, 0., 0., 0., 0., 0., 0., 0., 0., 0.,
       8.37090454e+02, 2.98304535e+02, 2.76279300e-01, 7.46947693e+02,
       2.72837189e+02, 2.55945712e-01, 7.56728821e+02, 2.06208679e+02,
       2.02437773e-01, 0., 0., 0., 0., 0., 0., 0., 0., 0., 0., 0., 0.,
       0., 0., 0., 0., 0., 0., 0., 0., 0., 0., 0., 0., 0., 0., 0., 0.,
       0., 0., 0., 0., 0., 0., 0., 0., 0., 0., 0., 0., 0., 0., 0., 0.,
       0., 0., 0., 0., 0., 0., 0., 0., 0., 0., 0., 0., 0., 0., 0., 0. ]
