%YAML:1.0
---
pose_0: !!opencv-matrix
   rows: 1
   cols: 25
   dt: "3f"
   data: [ 9.17370178e+02, 1.96469254e+02, 8.48783135e-01,
       8.07699585e+02, 2.14042419e+02, 7.16629624e-01, 7.97864258e+02,
       1.41567947e+02, 6.39228106e-01, 6.95964111e+02, 9.26091232e+01,
       7.01960981e-01, 6.01991760e+02, 6.90353165e+01, 8.70602846e-01,
       8.21393311e+02, 2.94366852e+02, 6.84515893e-01, 7.25353943e+02,
       3.70747711e+02, 7.33367145e-01, 6.11776489e+02, 4.33546448e+02,
       7.04642951e-01, 5.78439453e+02, 2.43441559e+02, 1.62362218e-01,
       5.70614502e+02, 2.00349991e+02, 1.93439126e-01, 3.80574890e+02,
       3.02220795e+02, 1.03798002e-01, 1.96470779e+02, 3.15940643e+02,
       1.65260285e-01, 5.72559326e+02, 2.98276611e+02, 1.53131083e-01,
       4.56978302e+02, 3.02207428e+02, 6.72470927e-02, 0., 0., 0.,
       9.21282410e+02, 1.78807785e+02, 8.54968250e-01, 9.29161560e+02,
       2.14041306e+02, 7.83361733e-01, 8.93834106e+02, 1.61071198e+02,
       5.85722148e-01, 9.13398193e+02, 2.39538406e+02, 4.31398481e-01,
       0., 0., 0., 0., 0., 0., 0., 0., 0., 0., 0., 0., 0., 0., 0., 0.,
       0., 0. ]
