%YAML:1.0
---
pose_0: !!opencv-matrix
   rows: 1
   cols: 25
   dt: "3f"
   data: [ 8.68341187e+02, 1.35759018e+02, 8.06395531e-01,
       7.74306763e+02, 1.14081619e+02, 7.13494539e-01, 7.58735474e+02,
       3.76929550e+01, 6.88114345e-01, 7.13694946e+02, 5.34071159e+00,
       2.29255393e-01, 0., 0., 0., 7.88004028e+02, 1.82706512e+02,
       6.26640379e-01, 7.66548706e+02, 2.90438293e+02, 7.70966053e-01,
       8.11623413e+02, 3.96199951e+02, 7.78033376e-01, 5.49045837e+02,
       1.35684769e+02, 2.76452452e-01, 5.47113953e+02, 9.06168976e+01,
       3.43300074e-01, 3.53120300e+02, 1.06319824e+02, 1.72265321e-01,
       0., 0., 0., 5.49041687e+02, 1.84647079e+02, 3.13961387e-01,
       3.51179230e+02, 2.04273987e+02, 2.15973049e-01, 1.53298203e+02,
       2.27700790e+02, 1.24545477e-01, 8.80160583e+02, 1.16080910e+02,
       7.76078343e-01, 8.84046265e+02, 1.43509918e+02, 8.17680717e-01,
       8.60542847e+02, 7.10570679e+01, 8.53328824e-01, 0., 0., 0., 0.,
       0., 0., 0., 0., 0., 0., 0., 0., 0., 0., 0., 0., 0., 0., 0., 0.,
       0. ]
