%YAML:1.0
---
pose_0: !!opencv-matrix
   rows: 1
   cols: 25
   dt: "3f"
   data: [ 9.31072754e+02, 3.60979248e+02, 8.23869586e-01,
       8.07735413e+02, 3.72762878e+02, 6.89215660e-01, 7.95943420e+02,
       2.94358734e+02, 6.67987823e-01, 6.68596313e+02, 2.86524780e+02,
       6.32232070e-01, 5.54978333e+02, 2.82616302e+02, 6.58348799e-01,
       8.23294006e+02, 4.58875000e+02, 6.21102154e-01, 7.17549927e+02,
       5.07929657e+02, 7.33407021e-01, 5.70584595e+02, 5.09873352e+02,
       8.23152900e-01, 5.33365540e+02, 3.92307831e+02, 3.19371939e-01,
       5.39263550e+02, 3.47269165e+02, 4.52470124e-01, 3.66843750e+02,
       3.64878204e+02, 1.98810443e-01, 0., 0., 0., 5.33395630e+02,
       4.35419250e+02, 3.61202151e-01, 3.78619904e+02, 4.66769501e+02,
       2.15143412e-01, 0., 0., 0., 9.34975342e+02, 3.39437744e+02,
       8.78194332e-01, 9.46655273e+02, 3.72755524e+02, 8.29517007e-01,
       9.05627930e+02, 3.19814789e+02, 4.95828152e-01, 9.23270874e+02,
       3.98286407e+02, 3.59753907e-01, 0., 0., 0., 0., 0., 0., 0., 0.,
       0., 0., 0., 0., 0., 0., 0., 0., 0., 0. ]
