%YAML:1.0
---
pose_0: !!opencv-matrix
   rows: 1
   cols: 25
   dt: "3f"
   data: [ 9.48688660e+02, 3.96269135e+02, 7.88208604e-01,
       8.27227661e+02, 3.43361847e+02, 6.66148007e-01, 8.48764587e+02,
       2.76746124e+02, 6.92296207e-01, 7.11700684e+02, 2.08153107e+02,
       8.72472823e-01, 6.37257141e+02, 3.04107422e+02, 7.84881115e-01,
       8.05699097e+02, 4.00116577e+02, 5.92506170e-01, 6.95916199e+02,
       4.45165802e+02, 7.89707661e-01, 6.97998840e+02, 5.07873260e+02,
       7.68240333e-01, 5.98044434e+02, 3.19871552e+02, 1.98368937e-01,
       5.98039490e+02, 2.90442169e+02, 1.66908681e-01, 5.27492798e+02,
       2.72799561e+02, 1.85373783e-01, 0., 0., 0., 0., 0., 0., 0., 0.,
       0., 0., 0., 0., 9.64461426e+02, 3.66915588e+02, 7.93854952e-01,
       9.66335144e+02, 3.98096466e+02, 6.66379809e-01, 9.42866150e+02,
       3.21889771e+02, 8.65602672e-01, 0., 0., 0., 0., 0., 0., 0., 0.,
       0., 0., 0., 0., 0., 0., 0., 0., 0., 0., 0., 0., 0. ]
