%YAML:1.0
---
pose_0: !!opencv-matrix
   rows: 1
   cols: 25
   dt: "3f"
   data: [ 8.89919556e+02, 2.86535919e+02, 7.41342247e-01,
       8.01812927e+02, 2.70895508e+02, 6.89254522e-01, 8.09634338e+02,
       1.84687378e+02, 6.53309524e-01, 7.11637451e+02, 9.05985336e+01,
       6.85804129e-01, 6.84217285e+02, 1.67013077e+02, 6.88630521e-01,
       7.95924744e+02, 3.51182281e+02, 6.67233229e-01, 7.11601929e+02,
       4.19802887e+02, 7.46372879e-01, 6.64546570e+02, 4.62783447e+02,
       6.81326985e-01, 5.52955322e+02, 2.53235657e+02, 1.81445137e-01,
       5.41223572e+02, 2.10125977e+02, 2.09320098e-01, 3.51190002e+02,
       3.02221344e+02, 7.65996054e-02, 0., 0., 0., 5.39252930e+02,
       3.06140503e+02, 1.60279647e-01, 3.68844666e+02, 3.06123657e+02,
       1.73140019e-01, 0., 0., 0., 9.09559143e+02, 2.64977173e+02,
       7.46452332e-01, 9.09518005e+02, 3.04066925e+02, 7.39147544e-01,
       8.99665833e+02, 2.35574310e+02, 5.55094361e-01, 9.19356384e+02,
       3.21856720e+02, 6.23759441e-02, 0., 0., 0., 0., 0., 0., 0., 0.,
       0., 0., 0., 0., 0., 0., 0., 0., 0., 0. ]
