%YAML:1.0
---
pose_0: !!opencv-matrix
   rows: 1
   cols: 25
   dt: "3f"
   data: [ 9.33108643e+02, 3.51138489e+02, 8.26729298e-01,
       8.27275269e+02, 3.51124359e+02, 6.71622634e-01, 8.21351196e+02,
       2.66928650e+02, 6.86960042e-01, 7.29355286e+02, 1.76782532e+02,
       7.48323143e-01, 7.74340210e+02, 2.39538406e+02, 8.13651681e-01,
       8.39057678e+02, 4.27534271e+02, 6.16891325e-01, 7.91969971e+02,
       5.43149963e+02, 8.30169320e-01, 8.46874634e+02, 4.60966309e+02,
       8.09785485e-01, 5.56887634e+02, 4.00150604e+02, 1.62632093e-01,
       5.45140686e+02, 3.59027100e+02, 1.96011081e-01, 3.78611816e+02,
       3.53092224e+02, 1.41898736e-01, 1.31702637e+02, 3.49158997e+02,
       8.24972689e-02, 5.70593140e+02, 4.43266785e+02, 1.40503064e-01,
       3.68806000e+02, 4.82434082e+02, 1.37593657e-01, 1.70951385e+02,
       5.23601746e+02, 2.28957310e-01, 9.46744080e+02, 3.21849304e+02,
       8.68262768e-01, 9.50657593e+02, 3.64837524e+02, 7.76878297e-01,
       9.17390686e+02, 2.90451508e+02, 6.24374866e-01, 0., 0., 0.,
       1.08274727e+02, 5.60790771e+02, 1.30602717e-01, 1.20025383e+02,
       5.68642761e+02, 1.53636456e-01, 1.53323822e+02, 5.07925995e+02,
       1.26155049e-01, 9.45553894e+01, 3.43358673e+02, 7.11676851e-02,
       9.45498734e+01, 3.39461060e+02, 6.30939752e-02, 0., 0., 0. ]
