%YAML:1.0
---
pose_0: !!opencv-matrix
   rows: 1
   cols: 25
   dt: "3f"
   data: [ 9.44775085e+02, 2.80684143e+02, 7.37021983e-01,
       8.21443176e+02, 2.90390045e+02, 6.55522823e-01, 8.15495972e+02,
       2.02316605e+02, 6.13660336e-01, 6.96025879e+02, 1.31837082e+02,
       8.65172565e-01, 6.52887329e+02, 1.86612473e+02, 7.80863881e-01,
       8.23344116e+02, 3.78570587e+02, 6.22888207e-01, 6.82314148e+02,
       4.25611115e+02, 7.29860544e-01, 5.62767090e+02, 4.78592224e+02,
       7.47621775e-01, 5.35329224e+02, 3.19814484e+02, 2.90484846e-01,
       5.39240540e+02, 2.76766388e+02, 2.58351296e-01, 5.09815063e+02,
       2.23792297e+02, 5.08795857e-01, 3.59005707e+02, 2.90464478e+02,
       1.11142047e-01, 5.25582825e+02, 3.57043091e+02, 2.72896528e-01,
       3.41379150e+02, 3.84544128e+02, 3.65115702e-01, 1.18026299e+02,
       4.31519043e+02, 2.69737363e-01, 9.60444458e+02, 2.59040253e+02,
       8.41516554e-01, 9.54605957e+02, 3.00226959e+02, 7.46135592e-01,
       9.31111389e+02, 2.29755997e+02, 5.45918286e-01, 9.35023987e+02,
       3.19731750e+02, 1.53169170e-01, 8.08242493e+01, 4.11875122e+02,
       1.17169730e-01, 8.47533188e+01, 4.19763245e+02, 1.29454777e-01,
       9.64749908e+01, 4.35413330e+02, 1.38132662e-01, 0., 0., 0., 0.,
       0., 0., 0., 0., 0. ]
