%YAML:1.0
---
pose_0: !!opencv-matrix
   rows: 1
   cols: 25
   dt: "3f"
   data: [ 9.33055786e+02, 2.14081543e+02, 8.35163295e-01,
       8.09672852e+02, 2.21856735e+02, 6.21648669e-01, 8.13521790e+02,
       1.33725861e+02, 6.91083610e-01, 6.82243408e+02, 8.68034744e+01,
       6.73954010e-01, 5.88247986e+02, 9.84040222e+01, 7.86878765e-01,
       8.07757568e+02, 3.08056702e+02, 6.70089543e-01, 6.95962158e+02,
       3.64821198e+02, 7.77754068e-01, 5.78441956e+02, 3.98174011e+02,
       8.04386795e-01, 5.94121887e+02, 2.10138992e+02, 1.00550845e-01,
       5.92161316e+02, 1.67053024e+02, 1.12112097e-01, 0., 0., 0., 0.,
       0., 0., 5.88230469e+02, 2.88491669e+02, 5.58384433e-02, 0., 0.,
       0., 0., 0., 0., 9.44819336e+02, 1.96398529e+02, 8.77098501e-01,
       9.46709961e+02, 2.31713806e+02, 7.79166341e-01, 9.15407349e+02,
       1.70929260e+02, 5.21309555e-01, 9.15401367e+02, 2.57202423e+02,
       3.24698716e-01, 0., 0., 0., 0., 0., 0., 0., 0., 0., 0., 0., 0.,
       0., 0., 0., 0., 0., 0. ]
