%YAML:1.0
---
pose_0: !!opencv-matrix
   rows: 1
   cols: 25
   dt: "3f"
   data: [ 8.99669922e+02, 3.51103302e+02, 8.14929545e-01,
       7.90085449e+02, 3.45287933e+02, 6.99832737e-01, 7.88004028e+02,
       2.70811676e+02, 6.73905253e-01, 6.52941589e+02, 2.10132767e+02,
       8.11663508e-01, 7.21453552e+02, 2.25789459e+02, 8.17442179e-01,
       7.90062866e+02, 4.23653290e+02, 5.94304442e-01, 6.78335266e+02,
       4.78566833e+02, 8.33922803e-01, 7.74342102e+02, 4.78482483e+02,
       7.47515082e-01, 5.33371765e+02, 3.72736084e+02, 3.34696859e-01,
       5.39220825e+02, 3.29638672e+02, 4.05534834e-01, 3.66828522e+02,
       3.55095795e+02, 5.06307602e-01, 1.49367142e+02, 3.59025085e+02,
       4.09165174e-01, 5.31413391e+02, 4.15887115e+02, 3.75993282e-01,
       3.66874023e+02, 4.78467133e+02, 4.60675746e-01, 1.78810318e+02,
       5.23595581e+02, 5.08874953e-01, 9.03731262e+02, 3.23801758e+02,
       7.84618795e-01, 9.13399780e+02, 3.64861847e+02, 7.34986663e-01,
       8.84101501e+02, 3.02130920e+02, 6.44191027e-01, 9.11446411e+02,
       3.84442719e+02, 6.52304143e-02, 1.27820518e+02, 5.72615845e+02,
       4.48614657e-01, 1.31759567e+02, 5.72577759e+02, 4.61749464e-01,
       1.57206421e+02, 5.13812012e+02, 3.03805947e-01, 1.02332207e+02,
       3.23723572e+02, 1.16502546e-01, 1.08234566e+02, 3.21740784e+02,
       9.80953053e-02, 1.33703720e+02, 3.68781189e+02, 3.01126987e-01 ]
