%YAML:1.0
---
pose_0: !!opencv-matrix
   rows: 1
   cols: 25
   dt: "3f"
   data: [ 9.48682556e+02, 1.96421844e+02, 7.77386189e-01,
       8.33128723e+02, 2.08160187e+02, 6.36277556e-01, 8.17451233e+02,
       1.21975166e+02, 6.55085802e-01, 6.82229980e+02, 1.02319427e+02,
       6.95869982e-01, 5.88328979e+02, 9.25734482e+01, 7.41774023e-01,
       8.46861694e+02, 2.94375610e+02, 6.12676024e-01, 7.44944092e+02,
       3.59002228e+02, 7.44510233e-01, 6.33321228e+02, 3.58994293e+02,
       7.42575586e-01, 5.70593018e+02, 1.98382904e+02, 1.67596847e-01,
       5.49054749e+02, 1.61162460e+02, 2.77633488e-01, 3.27676849e+02,
       2.17992645e+02, 7.03865811e-02, 3.00257477e+02, 2.12158203e+02,
       9.02733728e-02, 5.78445435e+02, 2.59098175e+02, 1.24532543e-01,
       3.08097504e+02, 2.23824219e+02, 7.05902204e-02, 6.51440125e+01,
       2.39511993e+02, 5.98063655e-02, 9.58541992e+02, 1.72895355e+02,
       8.18460166e-01, 9.64383423e+02, 2.12167816e+02, 7.98662305e-01,
       9.23236511e+02, 1.47500259e+02, 6.32967949e-01, 9.50682922e+02,
       2.37544724e+02, 2.60688066e-01, 0., 0., 0., 0., 0., 0., 0., 0.,
       0., 0., 0., 0., 0., 0., 0., 0., 0., 0. ]
