%YAML:1.0
---
pose_0: !!opencv-matrix
   rows: 1
   cols: 25
   dt: "3f"
   data: [ 1.03294202e+03, 2.00367508e+02, 7.34481275e-01,
       8.84087097e+02, 2.29701477e+02, 5.45438349e-01, 8.68360840e+02,
       1.31702927e+02, 5.59426129e-01, 7.17559875e+02, 1.02359795e+02,
       1.25612810e-01, 0., 0., 0., 8.97792175e+02, 3.19871521e+02,
       4.98030186e-01, 7.68502563e+02, 3.94291290e+02, 6.28533542e-01,
       6.64561340e+02, 3.15904297e+02, 6.48831010e-01, 5.80392639e+02,
       2.31683502e+02, 5.66133782e-02, 5.47096375e+02, 1.90526703e+02,
       7.01104775e-02, 0., 0., 0., 0., 0., 0., 0., 0., 0., 0., 0., 0.,
       0., 0., 0., 1.04079688e+03, 1.70969925e+02, 8.06071222e-01,
       1.04670215e+03, 2.21894180e+02, 7.31117487e-01, 1.00552747e+03,
       1.41537308e+02, 2.86495239e-01, 1.01533038e+03, 2.57092590e+02,
       2.85598010e-01, 0., 0., 0., 0., 0., 0., 0., 0., 0., 0., 0., 0.,
       0., 0., 0., 0., 0., 0. ]
