%YAML:1.0
---
pose_0: !!opencv-matrix
   rows: 1
   cols: 25
   dt: "3f"
   data: [ 9.62412354e+02, 2.88442200e+02, 7.71585703e-01,
       8.58592346e+02, 3.06138550e+02, 5.85766792e-01, 8.37052490e+02,
       2.23798691e+02, 4.41940546e-01, 7.44935669e+02, 1.45440033e+02,
       2.51967132e-01, 7.89965271e+02, 2.06190475e+02, 5.56931913e-01,
       8.74272400e+02, 3.82516113e+02, 6.53998613e-01, 8.11551086e+02,
       4.90227173e+02, 5.40334523e-01, 8.09629028e+02, 4.58951874e+02,
       3.84110272e-01, 5.49045410e+02, 3.19844940e+02, 1.80847347e-01,
       5.41258728e+02, 2.88452911e+02, 3.12738329e-01, 3.64872192e+02,
       3.17869873e+02, 3.16702545e-01, 1.88562363e+02, 3.33530701e+02,
       5.01056053e-02, 5.37303772e+02, 3.80568970e+02, 1.23396903e-01,
       3.64894165e+02, 4.45233307e+02, 1.84978276e-01, 1.88592941e+02,
       5.33374146e+02, 1.87728226e-01, 9.74187805e+02, 2.59154602e+02,
       7.57119179e-01, 9.78164734e+02, 3.06037842e+02, 8.55579853e-01,
       9.44749939e+02, 2.35566177e+02, 5.79693317e-01, 9.70274841e+02,
       3.25678375e+02, 8.07302967e-02, 0., 0., 0., 0., 0., 0.,
       1.78808105e+02, 5.39244141e+02, 9.52481627e-02, 0., 0., 0., 0.,
       0., 0., 0., 0., 0. ]
