%YAML:1.0
---
pose_0: !!opencv-matrix
   rows: 1
   cols: 25
   dt: "3f"
   data: [ 8.99700806e+02, 3.80578003e+02, 7.70622849e-01,
       8.05669250e+02, 3.04091583e+02, 6.24255240e-01, 8.05734497e+02,
       2.86520264e+02, 6.76686049e-01, 6.82366089e+02, 2.86511688e+02,
       7.40043461e-01, 5.96063293e+02, 4.25636444e+02, 5.07806778e-01,
       8.05692139e+02, 3.21864838e+02, 4.47696179e-01, 6.97982056e+02,
       3.55100616e+02, 3.07307601e-01, 0., 0., 0., 5.56912842e+02,
       2.76723999e+02, 2.77835488e-01, 5.43207886e+02, 2.53231949e+02,
       3.24265361e-01, 4.15880463e+02, 3.04088989e+02, 5.31139493e-01,
       3.17890198e+02, 3.37465179e+02, 3.48869503e-01, 5.62776184e+02,
       3.08082672e+02, 1.51228502e-01, 4.60908386e+02, 3.64903809e+02,
       1.20852776e-01, 3.25711945e+02, 3.98214691e+02, 1.04743741e-01,
       9.13490723e+02, 3.66862030e+02, 8.25111270e-01, 0., 0., 0.,
       9.05608276e+02, 3.19827881e+02, 8.34058285e-01, 0., 0., 0., 0.,
       0., 0., 0., 0., 0., 0., 0., 0., 0., 0., 0., 0., 0., 0.,
       3.04195282e+02, 3.43351715e+02, 1.88252747e-01 ]
