%YAML:1.0
---
pose_0: !!opencv-matrix
   rows: 1
   cols: 25
   dt: "3f"
   data: [ 8.68302917e+02, 3.35491150e+02, 8.52707386e-01,
       7.76374023e+02, 2.59093048e+02, 4.90984380e-01, 7.76317688e+02,
       2.57088440e+02, 6.62425697e-01, 6.48987610e+02, 2.12165894e+02,
       8.03692162e-01, 6.01883301e+02, 3.41397461e+02, 7.76262939e-01,
       7.89998596e+02, 2.59110077e+02, 3.51237208e-01, 0., 0., 0., 0.,
       0., 0., 5.54909302e+02, 2.68869934e+02, 3.21647882e-01,
       5.47116760e+02, 2.29710632e+02, 3.60641152e-01, 3.98177551e+02,
       2.72817657e+02, 3.00794154e-01, 2.84559235e+02, 3.27670166e+02,
       1.13356516e-01, 5.49057983e+02, 3.02185425e+02, 3.26366395e-01,
       4.29545135e+02, 3.37543427e+02, 1.63869336e-01, 0., 0., 0.,
       8.83964905e+02, 3.11977600e+02, 7.71206498e-01, 8.82100708e+02,
       3.35487091e+02, 1.55185357e-01, 8.68303833e+02, 2.64972321e+02,
       8.51316750e-01, 0., 0., 0., 0., 0., 0., 0., 0., 0., 0., 0., 0.,
       0., 0., 0., 0., 0., 0., 0., 0., 0. ]
