%YAML:1.0
---
pose_0: !!opencv-matrix
   rows: 1
   cols: 25
   dt: "3f"
   data: [ 8.54683533e+02, 4.47248962e+02, 8.81586015e-01,
       7.74317322e+02, 4.15816437e+02, 7.32158899e-01, 7.68494690e+02,
       3.53167542e+02, 5.72960496e-01, 8.39037415e+02, 2.80687195e+02,
       7.85459280e-01, 8.82116821e+02, 3.21907745e+02, 8.59005511e-01,
       7.78321289e+02, 4.78506592e+02, 6.22855902e-01, 8.21286438e+02,
       5.56907166e+02, 8.25843096e-01, 8.84143066e+02, 6.35311523e+02,
       8.14599454e-01, 5.62770996e+02, 4.29584503e+02, 1.52947709e-01,
       5.54948486e+02, 3.98217804e+02, 1.49720371e-01, 0., 0., 0., 0.,
       0., 0., 5.60803894e+02, 4.76585236e+02, 8.84771794e-02, 0., 0.,
       0., 0., 0., 0., 8.64456909e+02, 4.29572723e+02, 8.26456964e-01,
       8.70413330e+02, 4.45133118e+02, 2.96508670e-01, 8.38995911e+02,
       3.88458710e+02, 8.28835011e-01, 0., 0., 0., 0., 0., 0., 0., 0.,
       0., 0., 0., 0., 0., 0., 0., 0., 0., 0., 0., 0., 0. ]
