%YAML:1.0
---
pose_0: !!opencv-matrix
   rows: 1
   cols: 25
   dt: "3f"
   data: [ 9.27158203e+02, 3.49234161e+02, 8.29067826e-01,
       8.07663452e+02, 3.66774078e+02, 7.01388240e-01, 8.03685303e+02,
       2.90476379e+02, 6.67725623e-01, 7.44959839e+02, 2.47364655e+02,
       3.88643354e-01, 6.50917175e+02, 2.04262772e+02, 7.53608763e-01,
       8.13531494e+02, 4.45140747e+02, 6.02282822e-01, 6.97930542e+02,
       5.05971466e+02, 7.49994159e-01, 5.74541443e+02, 5.74510376e+02,
       7.07114458e-01, 5.66687195e+02, 3.84468842e+02, 1.45999923e-01,
       5.70606140e+02, 3.37446899e+02, 2.55587965e-01, 3.08109924e+02,
       3.23791168e+02, 1.56802177e-01, 1.31765686e+02, 3.08102417e+02,
       5.84568270e-02, 5.62769165e+02, 4.43257507e+02, 1.22484148e-01,
       3.66860748e+02, 4.90228546e+02, 1.94725782e-01, 0., 0., 0.,
       9.19343628e+02, 3.23811035e+02, 8.03148806e-01, 9.44800232e+02,
       3.51215302e+02, 8.27629447e-01, 8.86104797e+02, 3.10033203e+02,
       4.24152851e-01, 9.34987671e+02, 3.78643860e+02, 1.97050482e-01,
       0., 0., 0., 0., 0., 0., 0., 0., 0., 0., 0., 0., 0., 0., 0., 0.,
       0., 0. ]
