%YAML:1.0
---
pose_0: !!opencv-matrix
   rows: 1
   cols: 25
   dt: "3f"
   data: [ 9.11478638e+02, 2.21855316e+02, 7.43484497e-01,
       8.03695435e+02, 2.29731827e+02, 6.66033685e-01, 7.91932739e+02,
       1.49406723e+02, 7.45948613e-01, 6.66576782e+02, 1.15980850e+02,
       8.40308070e-01, 5.76510681e+02, 1.63140762e+02, 8.07456315e-01,
       8.07590942e+02, 3.17820618e+02, 6.82568491e-01, 6.96011780e+02,
       3.68894501e+02, 7.28206277e-01, 5.99948120e+02, 3.37509949e+02,
       8.46042216e-01, 5.60806091e+02, 2.57100189e+02, 2.13474542e-01,
       5.58872253e+02, 2.10164444e+02, 3.03024173e-01, 3.72739258e+02,
       2.21859573e+02, 2.68082052e-01, 0., 0., 0., 5.52978271e+02,
       3.04132263e+02, 1.70002282e-01, 4.70687744e+02, 3.15891510e+02,
       6.90936446e-02, 0., 0., 0., 9.17405884e+02, 1.98421768e+02,
       8.68032217e-01, 9.21271484e+02, 2.39480087e+02, 7.98884630e-01,
       8.91881042e+02, 1.78774994e+02, 6.60827518e-01, 9.07599365e+02,
       2.57216034e+02, 4.41342622e-01, 0., 0., 0., 0., 0., 0., 0., 0.,
       0., 0., 0., 0., 0., 0., 0., 0., 0., 0. ]
