%YAML:1.0
---
pose_0: !!opencv-matrix
   rows: 1
   cols: 25
   dt: "3f"
   data: [ 8.78173157e+02, 2.49293488e+02, 7.27234066e-01,
       7.99798157e+02, 2.74782471e+02, 6.71284974e-01, 8.01795288e+02,
       2.06169739e+02, 5.96909642e-01, 8.23279114e+02, 1.16094170e+02,
       8.56971145e-01, 9.15465454e+02, 1.78847916e+02, 8.63275170e-01,
       8.01798950e+02, 3.39445221e+02, 6.21730864e-01, 8.54775696e+02,
       4.02083466e+02, 8.44286859e-01, 9.29149597e+02, 3.17817322e+02,
       7.86955178e-01, 5.78451477e+02, 3.04150330e+02, 2.48167962e-01,
       5.86250916e+02, 2.59113281e+02, 2.94833392e-01, 5.37257324e+02,
       2.37542038e+02, 2.06300005e-01, 3.88433105e+02, 2.70853760e+02,
       1.16430908e-01, 5.70602478e+02, 3.39448090e+02, 2.63799459e-01,
       3.70758514e+02, 3.45322052e+02, 2.80073136e-01, 1.80768402e+02,
       3.74712402e+02, 3.11337531e-01, 8.86071289e+02, 2.37582138e+02,
       7.82081246e-01, 8.91933044e+02, 2.63022919e+02, 7.69249499e-01,
       8.66441833e+02, 2.23773926e+02, 9.67385098e-02, 8.80148071e+02,
       2.98290894e+02, 5.30173600e-01, 1.10229065e+02, 3.68818848e+02,
       3.08138609e-01, 1.18048248e+02, 3.78622955e+02, 3.05799961e-01,
       1.65079086e+02, 3.80566589e+02, 1.66683823e-01, 0., 0., 0., 0.,
       0., 0., 0., 0., 0. ]
