%YAML:1.0
---
pose_0: !!opencv-matrix
   rows: 1
   cols: 25
   dt: "3f"
   data: [ 9.35009277e+02, 1.55279144e+02, 7.68500626e-01,
       8.23360168e+02, 1.47362396e+02, 7.19150186e-01, 8.38963562e+02,
       6.70657730e+01, 7.12137759e-01, 7.29362854e+02, 5.14477386e+01,
       7.53897548e-01, 6.60761353e+02, 2.08188858e+02, 7.08100617e-01,
       8.17435364e+02, 2.25754730e+02, 6.31451488e-01, 7.13558594e+02,
       2.78668884e+02, 7.89475560e-01, 6.09778870e+02, 3.19888489e+02,
       7.79446900e-01, 6.66611389e+02, 1.70956390e+02, 1.58542469e-01,
       6.39179810e+02, 1.47387207e+02, 1.64509967e-01, 0., 0., 0., 0.,
       0., 0., 6.95974609e+02, 2.02290924e+02, 1.09499477e-01, 0., 0.,
       0., 0., 0., 0., 9.46829712e+02, 1.31741562e+02, 9.07039940e-01,
       9.48805847e+02, 1.65081467e+02, 8.25703800e-01, 9.19396484e+02,
       9.84372635e+01, 6.84567928e-01, 0., 0., 0., 0., 0., 0., 0., 0.,
       0., 0., 0., 0., 0., 0., 0., 0., 0., 0., 0., 0., 0. ]
