%YAML:1.0
---
pose_0: !!opencv-matrix
   rows: 1
   cols: 25
   dt: "3f"
   data: [ 9.09565552e+02, 3.49250549e+02, 7.95474648e-01,
       8.21414429e+02, 3.31559723e+02, 4.76920336e-01, 8.23323547e+02,
       2.88517700e+02, 6.83193505e-01, 8.07707581e+02, 3.88448853e+02,
       8.06105554e-01, 8.07633057e+02, 5.13800964e+02, 7.36176670e-01,
       8.13553101e+02, 3.60988739e+02, 2.28171960e-01, 0., 0., 0., 0.,
       0., 0., 5.90203186e+02, 3.00248688e+02, 7.99489021e-02,
       5.66686096e+02, 2.94383301e+02, 7.79756978e-02, 0., 0., 0., 0.,
       0., 0., 0., 0., 0., 0., 0., 0., 0., 0., 0., 9.13419556e+02,
       3.31552246e+02, 8.44676495e-01, 9.25192383e+02, 3.53090210e+02,
       7.10988343e-01, 8.78157043e+02, 3.08049011e+02, 7.32083499e-01,
       8.99757080e+02, 3.80554596e+02, 1.60282701e-01, 0., 0., 0., 0.,
       0., 0., 0., 0., 0., 0., 0., 0., 0., 0., 0., 0., 0., 0. ]
