%YAML:1.0
---
pose_0: !!opencv-matrix
   rows: 1
   cols: 25
   dt: "3f"
   data: [ 8.86063782e+02, 4.00104950e+02, 8.44404459e-01,
       7.84114441e+02, 4.23647034e+02, 6.52216733e-01, 7.68443665e+02,
       3.53174072e+02, 7.28351235e-01, 6.50919556e+02, 3.06066650e+02,
       8.86146605e-01, 6.95960938e+02, 2.90397675e+02, 8.26290846e-01,
       7.94009033e+02, 4.92289459e+02, 6.41981900e-01, 6.76382874e+02,
       5.70565063e+02, 7.62241840e-01, 7.84152222e+02, 5.43187134e+02,
       7.16362715e-01, 5.25541626e+02, 4.45224060e+02, 3.19267005e-01,
       5.25566284e+02, 3.98135498e+02, 4.66523707e-01, 3.45322968e+02,
       3.84522339e+02, 3.36855233e-01, 0., 0., 0., 5.29468201e+02,
       4.92223236e+02, 3.81176621e-01, 3.66864380e+02, 5.07906036e+02,
       4.11339402e-01, 3.57036224e+02, 4.98113525e+02, 6.35324419e-02,
       8.95840576e+02, 3.84538177e+02, 8.53614748e-01, 9.01773682e+02,
       4.15852844e+02, 8.38889122e-01, 8.68443481e+02, 3.74665222e+02,
       4.35485780e-01, 8.86044983e+02, 4.47133057e+02, 7.52303779e-01,
       0., 0., 0., 0., 0., 0., 0., 0., 0., 0., 0., 0., 0., 0., 0., 0.,
       0., 0. ]
