%YAML:1.0
---
pose_0: !!opencv-matrix
   rows: 1
   cols: 25
   dt: "3f"
   data: [ 9.17360413e+02, 2.90506714e+02, 7.81286359e-01,
       8.05686035e+02, 2.86514893e+02, 6.45972669e-01, 7.97844604e+02,
       2.06200653e+02, 6.34944558e-01, 6.64715027e+02, 1.67101181e+02,
       7.97702610e-01, 5.84281555e+02, 1.96517639e+02, 8.13977182e-01,
       8.09584900e+02, 3.68859985e+02, 5.19015133e-01, 7.43012756e+02,
       4.13924591e+02, 1.09452724e-01, 0., 0., 0., 5.70596252e+02,
       3.04137848e+02, 1.33682907e-01, 5.56907349e+02, 2.64976807e+02,
       1.83781251e-01, 4.92243286e+02, 2.45409042e+02, 1.96829900e-01,
       3.66791473e+02, 2.96321472e+02, 5.69815487e-02, 5.98031189e+02,
       3.51181671e+02, 1.01602741e-01, 0., 0., 0., 0., 0., 0.,
       9.31013489e+02, 2.70862671e+02, 8.39538515e-01, 9.33035217e+02,
       3.08060974e+02, 7.94911742e-01, 9.01681946e+02, 2.43389587e+02,
       6.25016987e-01, 9.11510620e+02, 3.31625519e+02, 1.43550947e-01,
       0., 0., 0., 0., 0., 0., 0., 0., 0., 0., 0., 0., 0., 0., 0., 0.,
       0., 0. ]
