%YAML:1.0
---
pose_0: !!opencv-matrix
   rows: 1
   cols: 25
   dt: "3f"
   data: [ 8.64424255e+02, 4.74593506e+02, 7.53193021e-01,
       7.58674622e+02, 4.58887115e+02, 6.07370734e-01, 7.58697449e+02,
       4.06025299e+02, 5.96470654e-01, 7.54779602e+02, 3.49171234e+02,
       6.62846625e-01, 8.11571350e+02, 4.31563293e+02, 6.69810057e-01,
       7.62598206e+02, 5.11866730e+02, 5.09240329e-01, 7.50830750e+02,
       6.25442444e+02, 2.69018471e-01, 0., 0., 0., 5.43198730e+02,
       4.31492645e+02, 1.11776844e-01, 5.23609863e+02, 4.25631531e+02,
       1.16086662e-01, 0., 0., 0., 0., 0., 0., 0., 0., 0., 0., 0., 0.,
       0., 0., 0., 8.68423157e+02, 4.51129761e+02, 8.17293286e-01,
       8.74263977e+02, 4.70662811e+02, 4.06142861e-01, 8.39028320e+02,
       4.19756836e+02, 6.39546514e-01, 0., 0., 0., 0., 0., 0., 0., 0.,
       0., 0., 0., 0., 0., 0., 0., 0., 0., 0., 0., 0., 0. ]
