%YAML:1.0
---
pose_0: !!opencv-matrix
   rows: 1
   cols: 25
   dt: "3f"
   data: [ 8.93833984e+02, 2.57149139e+02, 7.69979656e-01,
       7.89989258e+02, 2.68887329e+02, 6.94490969e-01, 7.86090210e+02,
       1.88544739e+02, 6.71182334e-01, 6.84252380e+02, 1.18149063e+02,
       7.94912517e-01, 6.11747375e+02, 1.49358749e+02, 7.62779772e-01,
       7.95895996e+02, 3.51156982e+02, 6.82208061e-01, 6.92072449e+02,
       4.15853027e+02, 7.66340852e-01, 6.23518127e+02, 3.55106689e+02,
       7.96303034e-01, 5.41231079e+02, 2.74781006e+02, 3.21608990e-01,
       5.41195801e+02, 2.29722977e+02, 3.85415733e-01, 3.78614532e+02,
       2.14097122e+02, 5.86850464e-01, 2.16014236e+02, 2.25854385e+02,
       5.09984434e-01, 5.47106262e+02, 3.19868317e+02, 2.90837586e-01,
       3.72748077e+02, 3.33567474e+02, 1.99777678e-01, 3.39424561e+02,
       3.31552948e+02, 2.44636402e-01, 9.01631714e+02, 2.41389191e+02,
       8.84185195e-01, 9.03683044e+02, 2.74702179e+02, 7.30607808e-01,
       8.78165833e+02, 2.21844864e+02, 5.69096565e-01, 8.84038330e+02,
       3.00225708e+02, 3.80331844e-01, 2.21855179e+02, 3.21775330e+02,
       8.23509097e-02, 0., 0., 0., 0., 0., 0., 0., 0., 0., 0., 0., 0.,
       2.08125351e+02, 2.27733643e+02, 2.74100244e-01 ]
