%YAML:1.0
---
pose_0: !!opencv-matrix
   rows: 1
   cols: 25
   dt: "3f"
   data: [ 8.95828918e+02, 4.58925781e+02, 7.72755444e-01,
       7.91974854e+02, 4.62846619e+02, 7.24204898e-01, 7.88010498e+02,
       3.88418213e+02, 7.03429461e-01, 6.84267883e+02, 3.43386200e+02,
       7.56034076e-01, 6.45034241e+02, 2.76709595e+02, 8.17138791e-01,
       7.92071594e+02, 5.41180176e+02, 6.18666291e-01, 6.88145203e+02,
       5.86183655e+02, 6.65709555e-01, 6.70503662e+02, 6.46970703e+02,
       7.02054620e-01, 5.99993835e+02, 4.58933075e+02, 1.45200774e-01,
       6.05877869e+02, 4.29520355e+02, 1.84008509e-01, 5.39254395e+02,
       4.19775330e+02, 6.31197467e-02, 0., 0., 0., 5.90189270e+02,
       5.23592590e+02, 8.98291916e-02, 0., 0., 0., 0., 0., 0.,
       9.01703735e+02, 4.43283051e+02, 8.90495420e-01, 9.05630371e+02,
       4.74589661e+02, 7.68840194e-01, 8.80128906e+02, 4.25604614e+02,
       6.09060526e-01, 8.84059143e+02, 4.94193695e+02, 5.97076654e-01,
       0., 0., 0., 0., 0., 0., 0., 0., 0., 0., 0., 0., 0., 0., 0., 0.,
       0., 0. ]
