%YAML:1.0
---
pose_0: !!opencv-matrix
   rows: 1
   cols: 25
   dt: "3f"
   data: [ 8.86027649e+02, 2.55145966e+02, 7.55093813e-01,
       7.88047668e+02, 2.84581512e+02, 6.67873681e-01, 7.90006348e+02,
       2.08124939e+02, 5.96104324e-01, 7.88094421e+02, 8.67735977e+01,
       6.30272865e-01, 8.21301331e+02, 5.35089970e+00, 2.83185810e-01,
       7.78268860e+02, 3.53129669e+02, 5.44675589e-01, 7.92076721e+02,
       4.49209076e+02, 8.26388597e-01, 8.40943481e+02, 3.82522827e+02,
       7.19186068e-01, 5.70618896e+02, 2.64994507e+02, 1.97206184e-01,
       5.68648438e+02, 2.27733612e+02, 2.46145129e-01, 3.78613007e+02,
       2.21865601e+02, 1.02843255e-01, 0., 0., 0., 5.60803284e+02,
       3.19827728e+02, 1.76900685e-01, 3.76653198e+02, 3.37489136e+02,
       1.04600251e-01, 0., 0., 0., 8.99691650e+02, 2.51285965e+02,
       5.65079212e-01, 8.99699951e+02, 2.70859161e+02, 8.51736665e-01,
       0., 0., 0., 8.80148865e+02, 3.06213104e+02, 7.87538767e-01, 0.,
       0., 0., 0., 0., 0., 0., 0., 0., 0., 0., 0., 0., 0., 0., 0., 0.,
       0. ]
