%YAML:1.0
---
pose_0: !!opencv-matrix
   rows: 1
   cols: 25
   dt: "3f"
   data: [ 8.80122009e+02, 3.19926819e+02, 8.22617054e-01,
       7.88004822e+02, 3.04148529e+02, 6.69851124e-01, 7.92012695e+02,
       2.27841003e+02, 7.19154656e-01, 6.76391724e+02, 1.82669998e+02,
       8.00020695e-01, 5.99987366e+02, 2.57179291e+02, 7.72749424e-01,
       7.68454773e+02, 3.66901703e+02, 5.03848433e-01, 6.94057800e+02,
       4.08018524e+02, 1.84431657e-01, 0., 0., 0., 5.72543457e+02,
       3.04173737e+02, 2.19045714e-01, 5.72571289e+02, 2.76729523e+02,
       2.26471320e-01, 3.51190125e+02, 3.33495087e+02, 1.45224914e-01,
       1.14122055e+02, 3.74676605e+02, 1.91185877e-01, 5.70606018e+02,
       3.51172119e+02, 1.75614521e-01, 3.37500916e+02, 3.35449432e+02,
       2.69861162e-01, 1.49360123e+02, 3.08064972e+02, 4.05671388e-01,
       8.88048157e+02, 3.04075897e+02, 7.78261483e-01, 8.91903198e+02,
       3.35457642e+02, 8.05384278e-01, 8.70412781e+02, 2.76766937e+02,
       6.97385490e-01, 8.86021606e+02, 3.51231445e+02, 2.14699149e-01,
       1.16144424e+02, 3.47274048e+02, 1.86540559e-01, 1.20030708e+02,
       3.49213379e+02, 1.77298039e-01, 1.31748718e+02, 2.90400696e+02,
       3.17069769e-01, 0., 0., 0., 0., 0., 0., 1.02389412e+02,
       3.78606812e+02, 1.76950842e-01 ]
