%YAML:1.0
---
pose_0: !!opencv-matrix
   rows: 1
   cols: 25
   dt: "3f"
   data: [ 9.87879028e+02, 3.19777374e+02, 7.24112689e-01,
       8.56696350e+02, 2.82597931e+02, 5.94810307e-01, 8.37051392e+02,
       1.98404922e+02, 6.40290320e-01, 6.95978455e+02, 1.65065277e+02,
       7.56705165e-01, 5.78433228e+02, 1.29834839e+02, 7.73747802e-01,
       8.78163513e+02, 3.57087982e+02, 5.05057037e-01, 9.83977356e+02,
       3.86512115e+02, 7.23422825e-01, 1.05850842e+03, 3.10072693e+02,
       6.40821815e-01, 5.78440491e+02, 2.88479004e+02, 1.73871472e-01,
       5.74512878e+02, 2.57148865e+02, 2.67655134e-01, 4.62884460e+02,
       2.43435776e+02, 7.32255727e-02, 1.63109177e+02, 2.25826340e+02,
       5.05023897e-02, 5.92150879e+02, 3.37502655e+02, 1.07141986e-01,
       3.62955994e+02, 3.84530487e+02, 1.24542065e-01, 1.29784592e+02,
       3.84538940e+02, 6.97699338e-02, 9.95669983e+02, 2.86563019e+02,
       8.56020331e-01, 1.00556824e+03, 3.21740570e+02, 6.43361032e-01,
       9.68275696e+02, 2.39503922e+02, 7.05334425e-01, 0., 0., 0., 0.,
       0., 0., 0., 0., 0., 0., 0., 0., 0., 0., 0., 0., 0., 0., 0., 0.,
       0. ]
