%YAML:1.0
---
pose_0: !!opencv-matrix
   rows: 1
   cols: 25
   dt: "3f"
   data: [ 9.97704651e+02, 2.37507141e+02, 7.72299051e-01,
       8.70355469e+02, 2.37534927e+02, 4.74650204e-01, 8.54723083e+02,
       1.43498871e+02, 4.33788300e-01, 7.31251770e+02, 8.47087784e+01,
       1.36082381e-01, 7.21469299e+02, 1.20033897e+02, 4.27936524e-01,
       8.64464722e+02, 3.35524170e+02, 4.91696447e-01, 7.52824463e+02,
       4.39357391e+02, 7.02645659e-01, 8.27273865e+02, 3.23768097e+02,
       7.41312504e-01, 6.41128479e+02, 2.61053375e+02, 7.78631568e-02,
       0., 0., 0., 0., 0., 0., 0., 0., 0., 0., 0., 0., 0., 0., 0., 0.,
       0., 0., 1.00952789e+03, 2.08159225e+02, 8.52804363e-01,
       1.01142828e+03, 2.55172241e+02, 7.52186835e-01, 9.78119873e+02,
       1.67044556e+02, 3.69627476e-01, 0., 0., 0., 0., 0., 0., 0., 0.,
       0., 0., 0., 0., 0., 0., 0., 0., 0., 0., 0., 0., 0. ]
