%YAML:1.0
---
pose_0: !!opencv-matrix
   rows: 1
   cols: 25
   dt: "3f"
   data: [ 9.54593201e+02, 2.61056244e+02, 6.99554384e-01,
       8.37097839e+02, 2.76759949e+02, 6.77440166e-01, 8.25263916e+02,
       1.86600082e+02, 6.42492115e-01, 6.97899536e+02, 1.47388718e+02,
       7.60217190e-01, 5.86214905e+02, 1.51342087e+02, 8.26017618e-01,
       8.52688477e+02, 3.68808533e+02, 6.57487452e-01, 7.29359863e+02,
       4.51069733e+02, 7.73645639e-01, 6.90083069e+02, 3.68785706e+02,
       7.28691578e-01, 5.70606018e+02, 3.00246765e+02, 1.91039860e-01,
       5.82360718e+02, 2.49322205e+02, 2.08293289e-01, 3.47271606e+02,
       2.74809448e+02, 1.88934088e-01, 0., 0., 0., 5.60808777e+02,
       3.55108826e+02, 1.48952976e-01, 4.31507324e+02, 3.55109711e+02,
       7.49147460e-02, 3.33549225e+02, 3.57088257e+02, 2.78087616e-01,
       9.64314270e+02, 2.41520020e+02, 8.86183679e-01, 9.72246338e+02,
       2.80649475e+02, 7.32576728e-01, 9.31035095e+02, 2.14064804e+02,
       5.89408100e-01, 9.48775818e+02, 3.06124329e+02, 2.61100560e-01,
       0., 0., 0., 0., 0., 0., 3.29614594e+02, 3.55073517e+02,
       1.10090777e-01, 0., 0., 0., 0., 0., 0., 0., 0., 0. ]
