%YAML:1.0
---
pose_0: !!opencv-matrix
   rows: 1
   cols: 25
   dt: "3f"
   data: [ 1.01925128e+03, 3.66884613e+02, 7.60460377e-01,
       8.89939758e+02, 3.19836487e+02, 4.75262940e-01, 9.09526733e+02,
       2.31685333e+02, 4.87888783e-01, 7.62644836e+02, 1.63019653e+02,
       6.80171967e-01, 6.84243652e+02, 1.29809937e+02, 7.99580514e-01,
       8.64501892e+02, 4.13872528e+02, 4.49418604e-01, 7.19495789e+02,
       4.76555054e+02, 5.33405781e-01, 6.51007019e+02, 6.03958801e+02,
       2.75645405e-01, 5.66675293e+02, 4.09941376e+02, 8.74461383e-02,
       5.51020264e+02, 3.98200073e+02, 8.10015574e-02, 0., 0., 0., 0.,
       0., 0., 5.88225403e+02, 4.29558838e+02, 6.10176474e-02, 0., 0.,
       0., 0., 0., 0., 1.04087683e+03, 3.37520203e+02, 8.66294980e-01,
       1.03685461e+03, 3.84571350e+02, 6.29035354e-01, 1.02316370e+03,
       2.90403107e+02, 4.18126613e-01, 0., 0., 0., 0., 0., 0., 0., 0.,
       0., 0., 0., 0., 0., 0., 0., 0., 0., 0., 0., 0., 0. ]
