%YAML:1.0
---
pose_0: !!opencv-matrix
   rows: 1
   cols: 25
   dt: "3f"
   data: [ 8.62492432e+02, 2.27726746e+02, 8.26448381e-01,
       7.58678101e+02, 2.43418259e+02, 7.46783376e-01, 7.52801758e+02,
       1.74881882e+02, 6.53569221e-01, 6.97944031e+02, 9.06582718e+01,
       7.36445665e-01, 6.92032227e+02, 5.33678246e+00, 2.92141587e-01,
       7.60613037e+02, 2.92454376e+02, 5.90363681e-01, 6.70533142e+02,
       3.33501434e+02, 7.67884135e-01, 7.82186401e+02, 3.17907867e+02,
       7.80694604e-01, 5.07880310e+02, 2.27814697e+02, 2.99702495e-01,
       5.09871796e+02, 1.94427795e+02, 2.86357284e-01, 3.76645294e+02,
       1.70921402e+02, 9.74812061e-02, 0., 0., 0., 4.98128143e+02,
       2.66943542e+02, 2.94982851e-01, 3.47278900e+02, 2.68887146e+02,
       3.21393937e-01, 1.74867950e+02, 2.74812286e+02, 3.20471734e-01,
       8.68382507e+02, 2.14031570e+02, 8.69350731e-01, 8.70424316e+02,
       2.41534119e+02, 8.26565921e-01, 8.40988159e+02, 2.00326523e+02,
       3.98818880e-01, 8.52752136e+02, 2.72729004e+02, 6.74361348e-01,
       1.08282799e+02, 2.84550476e+02, 1.54229745e-01, 1.18071701e+02,
       2.92442291e+02, 1.84734836e-01, 1.49380753e+02, 2.59122375e+02,
       1.08244307e-01, 0., 0., 0., 0., 0., 0., 0., 0., 0. ]
