%YAML:1.0
---
pose_0: !!opencv-matrix
   rows: 1
   cols: 25
   dt: "3f"
   data: [ 9.32980774e+02, 1.80672409e+02, 7.74440467e-01,
       8.58573303e+02, 2.61064148e+02, 4.57031339e-01, 8.37041992e+02,
       2.39494354e+02, 2.57317483e-01, 0., 0., 0., 0., 0., 0.,
       8.76244812e+02, 2.88460510e+02, 5.13874769e-01, 7.41077698e+02,
       3.21788086e+02, 7.46861160e-01, 6.21548401e+02, 2.10101151e+02,
       7.71577895e-01, 5.74530518e+02, 3.31581909e+02, 1.19510412e-01,
       5.74523743e+02, 3.00239075e+02, 1.30420998e-01, 3.64924805e+02,
       2.19923615e+02, 2.30858237e-01, 0., 0., 0., 5.54911682e+02,
       3.53128510e+02, 1.12949431e-01, 3.66784241e+02, 2.16018784e+02,
       2.97224581e-01, 0., 0., 0., 9.54574829e+02, 1.78805832e+02,
       1.53812692e-01, 9.58525879e+02, 1.92505768e+02, 7.55527854e-01,
       0., 0., 0., 9.50736206e+02, 2.57096222e+02, 8.18294048e-01, 0.,
       0., 0., 0., 0., 0., 0., 0., 0., 0., 0., 0., 0., 0., 0., 0., 0.,
       0. ]
