%YAML:1.0
---
pose_0: !!opencv-matrix
   rows: 1
   cols: 25
   dt: "3f"
   data: [ 9.48682129e+02, 2.02295364e+02, 8.05162072e-01,
       8.38942017e+02, 2.45418182e+02, 7.28067994e-01, 8.11567566e+02,
       1.72927933e+02, 6.49460316e-01, 7.60658325e+02, 1.33726517e+02,
       3.31870466e-01, 6.97923523e+02, 1.08246429e+02, 5.91085136e-01,
       8.62519592e+02, 3.21744141e+02, 7.10228503e-01, 7.91933289e+02,
       4.43299316e+02, 8.29084456e-01, 7.31258606e+02, 3.39461365e+02,
       7.30048239e-01, 5.82365173e+02, 2.76722961e+02, 1.35383353e-01,
       5.72551575e+02, 2.33630539e+02, 1.37712613e-01, 3.45306732e+02,
       2.64992432e+02, 1.88380376e-01, 1.53330414e+02, 3.72737915e+02,
       1.41459599e-01, 5.86273132e+02, 3.19824341e+02, 1.36034712e-01,
       3.49224609e+02, 2.70850128e+02, 1.90905377e-01, 1.51361359e+02,
       3.70782379e+02, 3.83721054e-01, 9.52640808e+02, 1.90543259e+02,
       7.39874482e-01, 9.60416748e+02, 2.19944778e+02, 7.99624443e-01,
       9.13461182e+02, 1.80724976e+02, 2.68594652e-01, 9.35079041e+02,
       2.59091095e+02, 8.30794215e-01, 1.00467918e+02, 3.98196686e+02,
       1.17759109e-01, 0., 0., 0., 1.33736008e+02, 3.94296753e+02,
       2.30294555e-01, 0., 0., 0., 0., 0., 0., 0., 0., 0. ]
