%YAML:1.0
---
pose_0: !!opencv-matrix
   rows: 1
   cols: 25
   dt: "3f"
   data: [ 8.95816101e+02, 3.92327972e+02, 7.76433825e-01,
       7.90037537e+02, 3.68752533e+02, 7.28307724e-01, 7.86115845e+02,
       2.94354828e+02, 6.48134410e-01, 6.56816223e+02, 2.41534210e+02,
       8.04630756e-01, 7.39118835e+02, 2.61064209e+02, 7.88021326e-01,
       7.89947937e+02, 4.45199097e+02, 6.12211347e-01, 6.82219849e+02,
       5.09975342e+02, 8.15859497e-01, 7.84129517e+02, 5.25562317e+02,
       7.79107690e-01, 5.29486084e+02, 4.41277313e+02, 3.35934252e-01,
       5.31407288e+02, 3.92311951e+02, 4.03906286e-01, 3.35495667e+02,
       3.84547546e+02, 2.94063538e-01, 2.21865295e+02, 3.62947784e+02,
       5.00070080e-02, 5.39294128e+02, 4.80494659e+02, 4.29772943e-01,
       3.74702393e+02, 5.04018280e+02, 2.34397158e-01, 1.80727936e+02,
       5.25597961e+02, 1.61218300e-01, 9.09512512e+02, 3.68798889e+02,
       8.13449919e-01, 9.09544006e+02, 4.00153839e+02, 8.30251157e-01,
       8.86091064e+02, 3.29615509e+02, 8.33132267e-01, 0., 0., 0., 0.,
       0., 0., 0., 0., 0., 0., 0., 0., 0., 0., 0., 0., 0., 0., 0., 0.,
       0. ]
