%YAML:1.0
---
pose_0: !!opencv-matrix
   rows: 1
   cols: 25
   dt: "3f"
   data: [ 9.46799377e+02, 2.74826233e+02, 8.24876249e-01,
       8.27292664e+02, 2.84580750e+02, 5.90189099e-01, 8.23314453e+02,
       1.96404327e+02, 7.03328371e-01, 6.86170288e+02, 1.63063110e+02,
       7.17727184e-01, 5.82388794e+02, 1.69035507e+02, 6.82866931e-01,
       8.37109741e+02, 3.80525543e+02, 6.31158948e-01, 7.15609497e+02,
       4.47210388e+02, 7.93158829e-01, 6.97950317e+02, 3.66872833e+02,
       7.43215799e-01, 5.45143616e+02, 3.11997681e+02, 1.27244353e-01,
       5.43178406e+02, 2.72787506e+02, 1.62277862e-01, 3.72763916e+02,
       2.82625763e+02, 1.89675748e-01, 1.25873932e+02, 3.04169067e+02,
       3.66438985e-01, 5.25530396e+02, 3.60987305e+02, 1.07123449e-01,
       3.74691162e+02, 3.60994354e+02, 1.39178678e-01, 1.51378098e+02,
       3.62963318e+02, 2.99147576e-01, 9.60404297e+02, 2.57148987e+02,
       8.42903733e-01, 9.64347229e+02, 2.90539459e+02, 7.95364141e-01,
       9.31037537e+02, 2.29768387e+02, 6.09570146e-01, 9.48764221e+02,
       3.19721710e+02, 2.77357817e-01, 9.06337509e+01, 3.94271118e+02,
       1.55085504e-01, 1.02395210e+02, 3.98183411e+02, 1.94179922e-01,
       1.39589325e+02, 3.51176147e+02, 1.68263823e-01, 0., 0., 0., 0.,
       0., 0., 1.14154114e+02, 3.10059235e+02, 2.85169542e-01 ]
