%YAML:1.0
---
pose_0: !!opencv-matrix
   rows: 1
   cols: 25
   dt: "3f"
   data: [ 8.95785034e+02, 4.13907806e+02, 7.65563726e-01,
       7.88041382e+02, 4.09979645e+02, 6.73243821e-01, 7.82203491e+02,
       3.25698029e+02, 5.98747790e-01, 6.78384216e+02, 2.39475220e+02,
       7.36328840e-01, 7.31233643e+02, 2.74856079e+02, 7.28649020e-01,
       7.80220581e+02, 4.88296936e+02, 5.77152252e-01, 6.60741455e+02,
       5.41198303e+02, 7.99810946e-01, 7.72371216e+02, 5.27512390e+02,
       7.83214808e-01, 5.35328857e+02, 4.31526306e+02, 3.16770405e-01,
       5.35320801e+02, 3.84471619e+02, 3.76245439e-01, 3.21805878e+02,
       3.70823303e+02, 3.09507668e-01, 1.57246078e+02, 3.29644257e+02,
       1.99657828e-01, 5.33408203e+02, 4.76519318e+02, 3.98201644e-01,
       3.82562744e+02, 5.07939636e+02, 4.09245193e-01, 3.70783966e+02,
       4.96156830e+02, 6.66278228e-02, 9.09509888e+02, 3.96270813e+02,
       7.87316501e-01, 9.01714111e+02, 4.29576172e+02, 7.33355761e-01,
       8.86041809e+02, 3.70836456e+02, 6.94825053e-01, 8.82130432e+02,
       4.49124725e+02, 2.68769115e-01, 3.62938171e+02, 5.13788025e+02,
       5.05634136e-02, 0., 0., 0., 0., 0., 0., 0., 0., 0., 0., 0., 0.,
       1.51387299e+02, 3.27688354e+02, 1.34797573e-01 ]
