%YAML:1.0
---
pose_0: !!opencv-matrix
   rows: 1
   cols: 25
   dt: "3f"
   data: [ 9.15395020e+02, 2.12017502e+02, 8.44840527e-01,
       8.23373779e+02, 1.63150269e+02, 3.58167291e-01, 8.25318909e+02,
       1.33708389e+02, 6.43304586e-01, 7.66546753e+02, 2.53187286e+02,
       7.24297225e-01, 7.45016235e+02, 3.84564667e+02, 7.98378527e-01,
       8.27248108e+02, 1.94413376e+02, 2.13022560e-01, 0., 0., 0., 0.,
       0., 0., 6.31327637e+02, 1.49428741e+02, 7.88307562e-02,
       6.15645203e+02, 1.29806747e+02, 5.38851470e-02, 3.19850037e+02,
       2.55178101e+02, 1.66923672e-01, 1.31746384e+02, 2.41455612e+02,
       3.40381384e-01, 0., 0., 0., 0., 0., 0., 0., 0., 0.,
       9.27162231e+02, 1.82712601e+02, 8.23156893e-01, 9.31056946e+02,
       2.17968292e+02, 7.93694496e-01, 8.97724548e+02, 1.47435562e+02,
       8.45061421e-01, 0., 0., 0., 0., 0., 0., 0., 0., 0., 0., 0., 0.,
       8.47384567e+01, 3.17878418e+02, 7.74578452e-02, 8.86666489e+01,
       3.15875122e+02, 6.73603565e-02, 1.04339859e+02, 2.43438080e+02,
       2.18027264e-01 ]
