%YAML:1.0
---
pose_0: !!opencv-matrix
   rows: 1
   cols: 25
   dt: "3f"
   data: [ 9.66352478e+02, 2.61064850e+02, 7.52039254e-01,
       8.74267700e+02, 2.61085693e+02, 6.38540447e-01, 8.38978821e+02,
       1.76783829e+02, 5.45260966e-01, 7.99848816e+02, 5.73256721e+01,
       6.55596733e-01, 8.76255249e+02, 1.31796509e+02, 7.06805706e-01,
       8.99682678e+02, 3.41406464e+02, 4.97546494e-01, 8.25258667e+02,
       4.80498016e+02, 7.91459084e-01, 8.89995483e+02, 3.92325287e+02,
       7.19159782e-01, 5.96080383e+02, 3.04159851e+02, 2.11366534e-01,
       5.86287415e+02, 2.59138000e+02, 3.11183304e-01, 3.62952148e+02,
       2.92387543e+02, 2.75252879e-01, 0., 0., 0., 5.99982056e+02,
       3.68823730e+02, 1.72628477e-01, 4.43276978e+02, 3.88387177e+02,
       1.53001413e-01, 0., 0., 0., 9.80153442e+02, 2.29779816e+02,
       8.18556428e-01, 9.93720947e+02, 2.76753662e+02, 7.76764989e-01,
       9.62378479e+02, 1.96452530e+02, 6.37312055e-01, 0., 0., 0., 0.,
       0., 0., 0., 0., 0., 0., 0., 0., 0., 0., 0., 0., 0., 0., 0., 0.,
       0. ]
