%YAML:1.0
---
pose_0: !!opencv-matrix
   rows: 1
   cols: 25
   dt: "3f"
   data: [ 9.25198730e+02, 2.76714478e+02, 7.40940392e-01,
       8.23304382e+02, 3.37424255e+02, 7.04375565e-01, 7.99818298e+02,
       2.84544830e+02, 5.09589493e-01, 6.84237671e+02, 3.00263763e+02,
       1.36528581e-01, 0., 0., 0., 8.39023193e+02, 3.96240967e+02,
       6.66653991e-01, 7.01853455e+02, 4.56941254e+02, 6.83727145e-01,
       5.80386963e+02, 3.98199127e+02, 8.05221915e-01, 5.41220825e+02,
       3.53129425e+02, 2.86800504e-01, 5.45131897e+02, 3.19797729e+02,
       3.44204664e-01, 3.51181763e+02, 2.98278259e+02, 2.39982814e-01,
       1.96395142e+02, 3.41375366e+02, 3.70983481e-01, 5.31421021e+02,
       3.92303772e+02, 2.07158402e-01, 3.55084961e+02, 4.25646881e+02,
       4.78912979e-01, 1.51392609e+02, 4.60924988e+02, 3.92409444e-01,
       9.33124573e+02, 2.72778717e+02, 7.84812808e-01, 9.40893188e+02,
       3.02155823e+02, 7.98857987e-01, 0., 0., 0., 9.29116211e+02,
       3.39476837e+02, 7.47787237e-01, 7.10898514e+01, 4.64825897e+02,
       2.13892162e-01, 8.47572784e+01, 4.76528809e+02, 2.22283214e-01,
       1.43493591e+02, 4.62875488e+02, 2.50400543e-01, 1.59180481e+02,
       3.64879486e+02, 1.25162676e-01, 1.61137878e+02, 3.51147797e+02,
       1.41513258e-01, 1.80759048e+02, 3.51200104e+02, 2.79834986e-01 ]
