%YAML:1.0
---
pose_0: !!opencv-matrix
   rows: 1
   cols: 25
   dt: "3f"
   data: [ 9.15443726e+02, 1.90549042e+02, 6.83946669e-01,
       8.50730103e+02, 2.74753235e+02, 4.90212023e-01, 8.64436218e+02,
       2.76742737e+02, 2.64491409e-01, 7.37140625e+02, 2.57174011e+02,
       6.42103702e-02, 0., 0., 0., 8.50736450e+02, 2.66920837e+02,
       4.40795243e-01, 7.27397644e+02, 2.49316940e+02, 6.05450571e-01,
       6.54839783e+02, 1.63136032e+02, 8.02089393e-01, 4.90278503e+02,
       3.12015869e+02, 8.60367566e-02, 4.82439850e+02, 2.90443665e+02,
       6.70130476e-02, 0., 0., 0., 0., 0., 0., 0., 0., 0., 0., 0., 0.,
       0., 0., 0., 9.36951416e+02, 1.94452988e+02, 9.03631598e-02,
       9.35025024e+02, 2.04219650e+02, 7.56392121e-01, 0., 0., 0.,
       9.29104675e+02, 2.63069183e+02, 8.01171362e-01, 0., 0., 0., 0.,
       0., 0., 0., 0., 0., 0., 0., 0., 0., 0., 0., 0., 0., 0. ]
