%YAML:1.0
---
pose_0: !!opencv-matrix
   rows: 1
   cols: 25
   dt: "3f"
   data: [ 9.46789429e+02, 3.04205444e+02, 7.62754917e-01,
       8.37097351e+02, 2.90510406e+02, 5.83372414e-01, 8.40949890e+02,
       2.12076874e+02, 6.10288739e-01, 6.98031860e+02, 1.25872841e+02,
       7.19238162e-01, 7.60595825e+02, 2.41399658e+02, 8.18061233e-01,
       8.33122864e+02, 3.94312042e+02, 4.54414368e-01, 6.78376953e+02,
       4.47251770e+02, 6.68127894e-01, 7.64582153e+02, 3.98217102e+02,
       8.17514181e-01, 5.86280762e+02, 3.39443573e+02, 7.72156641e-02,
       5.41205688e+02, 2.70850464e+02, 8.99776220e-02, 0., 0., 0., 0.,
       0., 0., 6.15661316e+02, 3.86472290e+02, 7.55042285e-02, 0., 0.,
       0., 0., 0., 0., 9.64421997e+02, 2.76781006e+02, 8.15067351e-01,
       9.66323730e+02, 3.21880371e+02, 7.92388499e-01, 9.54606323e+02,
       2.49334686e+02, 4.28358942e-01, 9.64422180e+02, 3.51153900e+02,
       5.31102940e-02, 0., 0., 0., 0., 0., 0., 0., 0., 0., 0., 0., 0.,
       0., 0., 0., 0., 0., 0. ]
