%YAML:1.0
---
pose_0: !!opencv-matrix
   rows: 1
   cols: 25
   dt: "3f"
   data: [ 9.17389648e+02, 3.04104492e+02, 7.97536016e-01,
       8.15489502e+02, 2.90416077e+02, 5.03527761e-01, 8.48810913e+02,
       2.21875595e+02, 3.18223178e-01, 9.78142090e+02, 1.78727463e+02,
       8.17983270e-01, 1.08581335e+03, 2.61065063e+02, 7.10313201e-01,
       7.92017578e+02, 3.61000366e+02, 5.53908527e-01, 6.96012573e+02,
       3.96184265e+02, 4.96424437e-01, 5.56874756e+02, 3.96179352e+02,
       7.86774755e-01, 0., 0., 0., 0., 0., 0., 0., 0., 0., 0., 0., 0.,
       0., 0., 0., 0., 0., 0., 0., 0., 0., 9.31091980e+02,
       2.74852966e+02, 9.05662417e-01, 9.33123535e+02, 3.11965607e+02,
       7.99619615e-01, 9.13427673e+02, 2.45390472e+02, 5.59164464e-01,
       0., 0., 0., 0., 0., 0., 0., 0., 0., 0., 0., 0., 0., 0., 0., 0.,
       0., 0., 0., 0., 0. ]
