%YAML:1.0
---
pose_0: !!opencv-matrix
   rows: 1
   cols: 25
   dt: "3f"
   data: [ 9.84013672e+02, 2.94342834e+02, 7.06125498e-01,
       8.52771545e+02, 3.06115265e+02, 6.25720739e-01, 8.33100403e+02,
       2.23869690e+02, 6.30072415e-01, 7.13644531e+02, 2.10069046e+02,
       2.38816395e-01, 6.66600708e+02, 1.94413666e+02, 5.29926300e-01,
       8.74295410e+02, 3.98212799e+02, 5.68492889e-01, 7.33218262e+02,
       5.23590088e+02, 7.50006258e-01, 8.07653320e+02, 4.00168640e+02,
       8.42778683e-01, 0., 0., 0., 0., 0., 0., 0., 0., 0., 0., 0., 0.,
       0., 0., 0., 0., 0., 0., 0., 0., 0., 9.93851807e+02,
       2.70795502e+02, 8.50419879e-01, 9.99678772e+02, 3.15867889e+02,
       7.09774256e-01, 9.60484680e+02, 2.37578018e+02, 5.07622302e-01,
       9.87894043e+02, 3.37441742e+02, 6.41669855e-02, 0., 0., 0., 0.,
       0., 0., 0., 0., 0., 0., 0., 0., 0., 0., 0., 0., 0., 0. ]
