%YAML:1.0
---
pose_0: !!opencv-matrix
   rows: 1
   cols: 25
   dt: "3f"
   data: [ 8.83989990e+02, 2.31720978e+02, 7.26839066e-01,
       8.09671814e+02, 3.06172577e+02, 4.94873405e-01, 7.92034668e+02,
       2.82613861e+02, 1.67208731e-01, 0., 0., 0., 0., 0., 0.,
       8.29207031e+02, 3.21871429e+02, 5.09052396e-01, 6.84281494e+02,
       2.72801239e+02, 6.46130383e-01, 5.37319641e+02, 2.27770340e+02,
       6.80373669e-01, 5.68651794e+02, 3.66878601e+02, 1.36361033e-01,
       5.56905029e+02, 3.29608734e+02, 1.52376711e-01, 2.86535980e+02,
       2.68902496e+02, 2.94228196e-01, 8.66828308e+01, 4.15824005e+02,
       1.88537821e-01, 5.96075378e+02, 4.06039124e+02, 1.26557052e-01,
       0., 0., 0., 0., 0., 0., 8.99695984e+02, 2.27866272e+02,
       5.84005594e-01, 9.05660889e+02, 2.55150803e+02, 8.10650766e-01,
       0., 0., 0., 8.99650940e+02, 3.06201080e+02, 8.44177246e-01, 0.,
       0., 0., 0., 0., 0., 0., 0., 0., 0., 0., 0., 0., 0., 0., 0., 0.,
       0. ]
