%YAML:1.0
---
pose_0: !!opencv-matrix
   rows: 1
   cols: 25
   dt: "3f"
   data: [ 9.62375610e+02, 3.00221893e+02, 4.78867739e-01,
       9.17389099e+02, 3.06068054e+02, 4.72547501e-01, 9.11469849e+02,
       2.33630249e+02, 3.19542676e-01, 9.01626892e+02, 1.43546967e+02,
       7.41255641e-01, 9.93767334e+02, 2.41536423e+02, 7.37262130e-01,
       9.11507080e+02, 3.68806061e+02, 2.71969527e-01, 8.85964417e+02,
       4.76632019e+02, 6.90306425e-01, 9.95760132e+02, 3.86460083e+02,
       6.88714027e-01, 7.44971802e+02, 3.43341858e+02, 8.10998529e-02,
       7.09707581e+02, 3.13972015e+02, 7.56529048e-02, 0., 0., 0., 0.,
       0., 0., 7.88062927e+02, 3.74706177e+02, 5.30941747e-02, 0., 0.,
       0., 0., 0., 0., 9.76165894e+02, 2.82576691e+02, 4.75179821e-01,
       9.85944275e+02, 3.17844116e+02, 3.34632576e-01, 9.76093811e+02,
       2.61055511e+02, 1.16954334e-01, 0., 0., 0., 0., 0., 0., 0., 0.,
       0., 0., 0., 0., 0., 0., 0., 0., 0., 0., 0., 0., 0. ]
