%YAML:1.0
---
pose_0: !!opencv-matrix
   rows: 1
   cols: 25
   dt: "3f"
   data: [ 9.33011536e+02, 2.23866089e+02, 7.24448442e-01,
       8.36962769e+02, 2.88502533e+02, 7.46631086e-01, 8.05715393e+02,
       2.39463882e+02, 6.13730133e-01, 7.31248962e+02, 2.25782394e+02,
       3.73263419e-01, 6.78316833e+02, 2.02262924e+02, 6.62393630e-01,
       8.60585144e+02, 3.39461365e+02, 6.42681360e-01, 7.46957703e+02,
       4.45180115e+02, 5.73636830e-01, 5.86213928e+02, 4.82459320e+02,
       6.12978995e-01, 5.58852722e+02, 3.21792572e+02, 1.20821461e-01,
       5.56873657e+02, 2.98279114e+02, 1.66862667e-01, 3.23763580e+02,
       2.53208359e+02, 1.48753449e-01, 1.55270096e+02, 2.94379639e+02,
       2.11087316e-01, 5.64729797e+02, 3.76637329e+02, 8.66765380e-02,
       3.43358490e+02, 3.17903625e+02, 8.54366124e-02, 0., 0., 0.,
       9.46718018e+02, 2.15999298e+02, 5.35131872e-01, 9.50666870e+02,
       2.43406921e+02, 8.47649038e-01, 0., 0., 0., 9.36942993e+02,
       2.90506317e+02, 8.40832114e-01, 0., 0., 0., 0., 0., 0., 0., 0.,
       0., 1.21983177e+02, 2.55169785e+02, 1.58739254e-01,
       1.25883751e+02, 2.57135742e+02, 1.53294861e-01, 1.41543716e+02,
       3.04187744e+02, 2.09381163e-01 ]
