%YAML:1.0
---
pose_0: !!opencv-matrix
   rows: 1
   cols: 25
   dt: "3f"
   data: [ 1.02511841e+03, 3.13954376e+02, 8.55133533e-02,
       8.54674988e+02, 2.59057526e+02, 3.06378275e-01, 8.31163330e+02,
       1.80786880e+02, 1.11000568e-01, 0., 0., 0., 0., 0., 0.,
       8.68401672e+02, 3.31601593e+02, 2.83043712e-01, 8.05720886e+02,
       4.88339386e+02, 7.20572054e-01, 9.09510071e+02, 4.31560608e+02,
       7.58838117e-01, 6.58762268e+02, 2.88488617e+02, 5.17237931e-02,
       0., 0., 0., 0., 0., 0., 0., 0., 0., 0., 0., 0., 0., 0., 0., 0.,
       0., 0., 1.03687585e+03, 2.39549271e+02, 5.42909205e-01, 0., 0.,
       0., 1.02713428e+03, 2.14068558e+02, 3.13276500e-01, 0., 0., 0.,
       0., 0., 0., 0., 0., 0., 0., 0., 0., 0., 0., 0., 0., 0., 0., 0.,
       0., 0. ]
