%YAML:1.0
---
pose_0: !!opencv-matrix
   rows: 1
   cols: 25
   dt: "3f"
   data: [ 8.93836426e+02, 2.19942078e+02, 7.51766086e-01,
       8.07694397e+02, 1.82677704e+02, 3.89168561e-01, 8.09602112e+02,
       1.47466675e+02, 6.21213794e-01, 7.44926086e+02, 2.55141174e+02,
       8.15730512e-01, 6.82338440e+02, 3.78564087e+02, 7.48109460e-01,
       8.13519775e+02, 2.10141891e+02, 2.09919229e-01, 0., 0., 0., 0.,
       0., 0., 5.09864990e+02, 1.92483505e+02, 1.97230473e-01,
       5.09833649e+02, 2.08188812e+02, 3.02753210e-01, 3.64903595e+02,
       3.41373260e+02, 5.91261268e-01, 1.49372101e+02, 2.92418915e+02,
       4.42388594e-01, 5.07892273e+02, 1.61147308e+02, 1.25208482e-01,
       3.53101929e+02, 3.27664642e+02, 1.08045965e-01, 1.41554016e+02,
       2.88505341e+02, 1.28139228e-01, 9.01789185e+02, 1.96378250e+02,
       8.66368890e-01, 9.05642151e+02, 2.29780838e+02, 7.52769291e-01,
       8.82076416e+02, 1.63027313e+02, 6.76873147e-01, 0., 0., 0., 0.,
       0., 0., 0., 0., 0., 1.18079445e+02, 2.57212555e+02,
       7.85029903e-02, 1.08227753e+02, 3.29656036e+02, 1.72766656e-01,
       1.00456207e+02, 3.19852417e+02, 1.73771620e-01, 1.31752991e+02,
       2.90461823e+02, 2.12934315e-01 ]
