%YAML:1.0
---
pose_0: !!opencv-matrix
   rows: 2
   cols: 25
   dt: "3f"
   data: [ 9.15355408e+02, 2.12148148e+02, 7.83238709e-01,
       8.52755615e+02, 2.74790161e+02, 6.16978765e-01, 8.35063538e+02,
       2.47375153e+02, 3.28922093e-01, 0., 0., 0., 0., 0., 0.,
       8.68404907e+02, 3.00223083e+02, 5.14362276e-01, 7.78251831e+02,
       2.45362137e+02, 6.12161696e-01, 7.89988281e+02, 1.68980972e+02,
       6.09340191e-01, 5.49060181e+02, 3.23778931e+02, 1.12360001e-01,
       5.51019287e+02, 2.92424988e+02, 1.15950428e-01, 0., 0., 0., 0.,
       0., 0., 5.43175049e+02, 3.49233551e+02, 1.01929866e-01,
       3.11991180e+02, 2.98295746e+02, 6.69864118e-02, 0., 0., 0.,
       9.29055359e+02, 2.06213821e+02, 7.02501953e-01, 9.42840881e+02,
       2.29729965e+02, 8.16195071e-01, 0., 0., 0., 9.33103577e+02,
       2.86489990e+02, 8.13208580e-01, 0., 0., 0., 0., 0., 0., 0., 0.,
       0., 0., 0., 0., 0., 0., 0., 0., 0., 0., 0., 0., 0., 0., 0., 0.,
       7.44970093e+02, 2.72786255e+02, 5.11790961e-02, 6.84227722e+02,
       2.63040680e+02, 3.52040946e-01, 7.29341736e+02, 1.80776886e+02,
       7.11668611e-01, 0., 0., 0., 0., 0., 0., 0., 0., 0., 0., 0., 0.,
       0., 0., 0., 0., 0., 0., 0., 0., 0., 0., 0., 0., 0., 0., 0., 0.,
       0., 0., 0., 0., 0., 0., 0., 0., 0., 0., 0., 0., 0., 0., 0., 0.,
       0., 0., 0., 0., 0., 0., 0., 0., 0., 0., 0., 0., 0., 0., 0., 0. ]
