%YAML:1.0
---
pose_0: !!opencv-matrix
   rows: 1
   cols: 25
   dt: "3f"
   data: [ 8.82083252e+02, 3.35508728e+02, 7.65029788e-01,
       7.91967896e+02, 3.10035339e+02, 6.55395091e-01, 8.07730164e+02,
       2.45368408e+02, 6.96840048e-01, 6.96029480e+02, 1.76859634e+02,
       8.28852296e-01, 6.11778625e+02, 2.55217712e+02, 7.64141321e-01,
       7.68493103e+02, 3.66834625e+02, 5.16010761e-01, 6.94013428e+02,
       4.04061737e+02, 1.78497031e-01, 6.64647034e+02, 3.88432404e+02,
       2.66689360e-01, 6.07812256e+02, 3.02216248e+02, 1.71054006e-01,
       5.98045898e+02, 2.76763123e+02, 1.46631226e-01, 3.55102966e+02,
       3.55097534e+02, 3.63469630e-01, 1.14121231e+02, 3.70806366e+02,
       2.11649776e-01, 6.21548462e+02, 3.49200775e+02, 9.77958888e-02,
       3.59021881e+02, 3.59019928e+02, 2.17912704e-01, 1.49387924e+02,
       3.21836761e+02, 1.79145470e-01, 8.99766418e+02, 3.12035187e+02,
       7.49722481e-01, 8.97752563e+02, 3.51115662e+02, 7.73182690e-01,
       8.87995667e+02, 2.88450623e+02, 5.70021987e-01, 0., 0., 0.,
       1.20033470e+02, 2.78742279e+02, 1.40210733e-01, 1.20034828e+02,
       2.90468109e+02, 1.27407759e-01, 1.23913841e+02, 3.21812256e+02,
       6.15051277e-02, 8.47675781e+01, 3.31573029e+02, 1.07907377e-01,
       0., 0., 0., 1.00355141e+02, 3.76633301e+02, 1.72190085e-01 ]
