%YAML:1.0
---
pose_0: !!opencv-matrix
   rows: 1
   cols: 25
   dt: "3f"
   data: [ 1.06822278e+03, 2.57180450e+02, 7.48956919e-01,
       9.33001648e+02, 2.70871368e+02, 4.30493444e-01, 9.17344910e+02,
       1.65038788e+02, 5.58199406e-01, 8.54676086e+02, 1.16103592e+02,
       9.40584540e-02, 0., 0., 0., 9.44809875e+02, 3.66842255e+02,
       2.09205344e-01, 7.45038635e+02, 4.55030762e+02, 6.02208316e-01,
       8.78215027e+02, 3.82480804e+02, 7.40528941e-01, 6.29372681e+02,
       2.74772217e+02, 5.87203205e-02, 5.96076172e+02, 2.33632507e+02,
       5.94910793e-02, 0., 0., 0., 0., 0., 0., 0., 0., 0., 0., 0., 0.,
       0., 0., 0., 1.07418201e+03, 2.27754227e+02, 8.62301707e-01,
       1.08972510e+03, 2.76801178e+02, 6.67713225e-01, 1.04074878e+03,
       1.88592392e+02, 4.41567540e-01, 1.08192004e+03, 3.10016937e+02,
       2.17940778e-01, 0., 0., 0., 0., 0., 0., 0., 0., 0., 0., 0., 0.,
       0., 0., 0., 0., 0., 0. ]
