%YAML:1.0
---
pose_0: !!opencv-matrix
   rows: 1
   cols: 25
   dt: "3f"
   data: [ 9.93713989e+02, 1.96511932e+02, 7.03001022e-01,
       8.91905762e+02, 2.51251358e+02, 2.30309755e-01, 9.01676086e+02,
       1.94446594e+02, 1.70877188e-01, 8.52670654e+02, 1.02317780e+02,
       1.62162125e-01, 0., 0., 0., 8.84112000e+02, 3.35456055e+02,
       1.76913142e-01, 0., 0., 0., 0., 0., 0., 0., 0., 0., 0., 0., 0.,
       0., 0., 0., 0., 0., 0., 0., 0., 0., 0., 0., 0., 0., 0., 0.,
       1.00936993e+03, 1.70943985e+02, 6.13704920e-01, 1.01337427e+03,
       2.19937027e+02, 7.38346100e-01, 9.81993835e+02, 1.47500427e+02,
       2.43849039e-01, 1.00551337e+03, 2.47367111e+02, 1.34406030e-01,
       0., 0., 0., 0., 0., 0., 0., 0., 0., 0., 0., 0., 0., 0., 0., 0.,
       0., 0. ]
