%YAML:1.0
---
pose_0: !!opencv-matrix
   rows: 1
   cols: 25
   dt: "3f"
   data: [ 9.32988770e+02, 1.96487137e+02, 8.64905357e-01,
       8.13524658e+02, 2.00365524e+02, 6.06992841e-01, 8.21288452e+02,
       1.16125298e+02, 6.60815477e-01, 6.82257935e+02, 6.90573959e+01,
       7.67076135e-01, 5.92174927e+02, 8.46718063e+01, 8.06933105e-01,
       8.07750549e+02, 2.88477325e+02, 6.65941477e-01, 6.97968323e+02,
       3.43377289e+02, 7.38830030e-01, 5.82360535e+02, 3.98132660e+02,
       7.93675184e-01, 5.17718384e+02, 2.04248535e+02, 1.10772960e-01,
       5.15747803e+02, 1.65038239e+02, 1.56374231e-01, 3.51165314e+02,
       1.90527908e+02, 5.53979389e-02, 0., 0., 0., 5.13789673e+02,
       2.64974915e+02, 9.69475657e-02, 3.68817444e+02, 3.04164337e+02,
       1.08863086e-01, 0., 0., 0., 9.44751770e+02, 1.76829666e+02,
       8.53787363e-01, 9.46745911e+02, 2.14033737e+02, 8.01706612e-01,
       9.17308289e+02, 1.51357300e+02, 5.98976433e-01, 9.17366760e+02,
       2.39547455e+02, 2.35910058e-01, 0., 0., 0., 0., 0., 0., 0., 0.,
       0., 0., 0., 0., 0., 0., 0., 0., 0., 0. ]
