%YAML:1.0
---
pose_0: !!opencv-matrix
   rows: 1
   cols: 25
   dt: "3f"
   data: [ 8.52628174e+02, 1.67004044e+02, 8.00011218e-01,
       7.64583923e+02, 1.76828064e+02, 6.80266976e-01, 7.58644775e+02,
       1.00431053e+02, 6.90172553e-01, 6.46962158e+02, 5.92601738e+01,
       5.86130202e-01, 6.35251221e+02, 8.66706085e+01, 6.50843620e-01,
       7.68477112e+02, 2.57141174e+02, 6.54576957e-01, 6.66577576e+02,
       3.04101868e+02, 8.17190766e-01, 5.98015137e+02, 3.17909637e+02,
       7.71461546e-01, 5.17704529e+02, 1.94420349e+02, 3.57287288e-01,
       5.19645813e+02, 1.45491318e+02, 4.53885198e-01, 3.80562073e+02,
       1.49424683e+02, 3.13155562e-01, 3.27684723e+02, 1.63089813e+02,
       3.08468044e-01, 5.19677612e+02, 2.39473633e+02, 4.66727555e-01,
       3.51157959e+02, 2.74858459e+02, 4.67379183e-01, 1.70957611e+02,
       3.10049316e+02, 4.78776425e-01, 8.62497742e+02, 1.49334595e+02,
       7.60103106e-01, 8.68355530e+02, 1.80819626e+02, 8.45556021e-01,
       8.48807434e+02, 1.27815140e+02, 5.38399935e-01, 8.54755066e+02,
       2.08146378e+02, 4.78730500e-01, 1.06328415e+02, 3.49183411e+02,
       2.43699834e-01, 1.18050011e+02, 3.51237701e+02, 2.53238827e-01,
       1.55263000e+02, 3.04205811e+02, 2.71733284e-01, 3.13955780e+02,
       1.65056107e+02, 1.09769031e-01, 0., 0., 0., 3.27692780e+02,
       1.67066208e+02, 1.88639015e-01 ]
