%YAML:1.0
---
pose_0: !!opencv-matrix
   rows: 1
   cols: 25
   dt: "3f"
   data: [ 8.68420898e+02, 4.15898438e+02, 8.50997925e-01,
       7.68496643e+02, 4.51118378e+02, 6.00956559e-01, 7.43062866e+02,
       4.15910431e+02, 5.03320754e-01, 6.03924988e+02, 3.98255188e+02,
       4.49257404e-01, 5.43251709e+02, 3.68744568e+02, 8.19409430e-01,
       7.93940308e+02, 5.00058868e+02, 6.80921495e-01, 7.52810242e+02,
       4.29558685e+02, 3.22220057e-01, 6.80244995e+02, 2.92468628e+02,
       7.15259492e-01, 5.25580627e+02, 4.70704742e+02, 2.38822430e-01,
       5.25590271e+02, 4.39358093e+02, 3.61859202e-01, 3.66845490e+02,
       3.68805603e+02, 2.32815370e-01, 1.61148758e+02, 3.96199799e+02,
       2.47349799e-01, 5.21639954e+02, 5.21615112e+02, 1.65395409e-01,
       3.55107086e+02, 5.45154480e+02, 1.31967679e-01, 0., 0., 0.,
       8.70298523e+02, 4.04079376e+02, 8.86214972e-01, 8.82144714e+02,
       4.29630310e+02, 8.17308307e-01, 8.38986755e+02, 3.98135712e+02,
       4.98355150e-01, 8.68369019e+02, 4.60884735e+02, 7.46965110e-01,
       0., 0., 0., 0., 0., 0., 0., 0., 0., 0., 0., 0., 0., 0., 0.,
       1.45471344e+02, 3.98236237e+02, 1.76472485e-01 ]
