%YAML:1.0
---
pose_0: !!opencv-matrix
   rows: 1
   cols: 25
   dt: "3f"
   data: [ 9.23220520e+02, 3.55081390e+02, 7.61492968e-01,
       8.37037964e+02, 3.08091553e+02, 4.79057819e-01, 8.39002319e+02,
       2.72875977e+02, 7.27172017e-01, 7.66544250e+02, 3.55100220e+02,
       6.90739095e-01, 8.54678467e+02, 4.43215118e+02, 8.22854042e-01,
       8.37037598e+02, 3.39414063e+02, 1.71799287e-01, 7.29330383e+02,
       4.29589142e+02, 8.61433625e-01, 8.31167175e+02, 4.58959015e+02,
       6.32928371e-01, 5.58873535e+02, 3.10031433e+02, 3.19119304e-01,
       5.56891602e+02, 2.78680481e+02, 3.58949959e-01, 3.29651398e+02,
       3.53121582e+02, 1.65547177e-01, 1.47449524e+02, 3.33539398e+02,
       2.20010594e-01, 5.52985779e+02, 3.39415466e+02, 2.47678369e-01,
       3.66860870e+02, 3.53108704e+02, 2.02354848e-01, 1.47441147e+02,
       3.37464966e+02, 2.14815378e-01, 9.35050415e+02, 3.33498291e+02,
       7.73396969e-01, 9.38953857e+02, 3.66783386e+02, 7.79440403e-01,
       9.15410583e+02, 2.90561096e+02, 8.65465760e-01, 0., 0., 0., 0.,
       0., 0., 0., 0., 0., 0., 0., 0., 0., 0., 0., 0., 0., 0., 0., 0.,
       0. ]
