%YAML:1.0
---
pose_0: !!opencv-matrix
   rows: 1
   cols: 25
   dt: "3f"
   data: [ 1.01136328e+03, 3.04216797e+02, 8.27855170e-01,
       8.80122803e+02, 3.04207062e+02, 5.72881877e-01, 8.70404358e+02,
       2.14083298e+02, 5.64561307e-01, 7.64561096e+02, 1.37679962e+02,
       7.00109601e-01, 6.80335449e+02, 1.35703033e+02, 7.57207811e-01,
       8.84039368e+02, 3.98147339e+02, 6.00158989e-01, 7.78286438e+02,
       4.90298187e+02, 7.23044038e-01, 6.64592407e+02, 5.02012970e+02,
       7.69952416e-01, 6.33309692e+02, 3.37483398e+02, 1.35482028e-01,
       6.13709900e+02, 2.88500854e+02, 1.36285722e-01, 3.84483826e+02,
       3.00249176e+02, 5.09588532e-02, 0., 0., 0., 6.68574768e+02,
       3.90354675e+02, 1.42924786e-01, 0., 0., 0., 0., 0., 0.,
       1.01142151e+03, 2.74753418e+02, 8.43130887e-01, 1.03100854e+03,
       3.08138672e+02, 6.57462955e-01, 9.68307495e+02, 2.31665344e+02,
       2.27099493e-01, 0., 0., 0., 0., 0., 0., 0., 0., 0., 0., 0., 0.,
       0., 0., 0., 0., 0., 0., 0., 0., 0. ]
