%YAML:1.0
---
pose_0: !!opencv-matrix
   rows: 1
   cols: 25
   dt: "3f"
   data: [ 8.84067871e+02, 3.84451233e+02, 7.11905539e-01,
       7.78245667e+02, 3.98172363e+02, 7.08941400e-01, 7.74367554e+02,
       3.17897034e+02, 6.49027705e-01, 6.46973511e+02, 2.57063477e+02,
       7.78527498e-01, 6.94057739e+02, 2.74836670e+02, 7.67344296e-01,
       7.82215027e+02, 4.70711212e+02, 6.11794770e-01, 6.80330933e+02,
       5.56988037e+02, 8.47835124e-01, 7.76255188e+02, 5.41223755e+02,
       8.58853817e-01, 5.43194092e+02, 4.11919373e+02, 3.21482003e-01,
       5.39243896e+02, 3.60967651e+02, 3.77767026e-01, 3.37430634e+02,
       3.72712006e+02, 3.24109286e-01, 0., 0., 0., 5.52995483e+02,
       4.55033844e+02, 3.95572275e-01, 3.49201874e+02, 5.02016876e+02,
       3.75063479e-01, 1.80734909e+02, 5.25579956e+02, 4.30287331e-01,
       8.99655518e+02, 3.68848694e+02, 8.46818507e-01, 8.99716248e+02,
       4.02132568e+02, 7.26827145e-01, 8.70369446e+02, 3.51216980e+02,
       5.09418905e-01, 8.84067810e+02, 4.29538849e+02, 4.54613656e-01,
       1.21974899e+02, 5.72591125e+02, 2.62994766e-01, 0., 0., 0.,
       1.55273376e+02, 5.25526123e+02, 1.84411421e-01, 0., 0., 0., 0.,
       0., 0., 0., 0., 0. ]
