%YAML:1.0
---
pose_0: !!opencv-matrix
   rows: 1
   cols: 25
   dt: "3f"
   data: [ 9.07570007e+02, 2.27705292e+02, 7.69320548e-01,
       7.94015259e+02, 2.33654633e+02, 6.63601637e-01, 7.90082581e+02,
       1.49382431e+02, 7.59436309e-01, 6.64677734e+02, 1.16098793e+02,
       8.44134212e-01, 5.78420410e+02, 1.66997818e+02, 7.85201609e-01,
       8.03697632e+02, 3.19813141e+02, 6.80726767e-01, 6.84224976e+02,
       3.74725555e+02, 7.34738708e-01, 5.86319092e+02, 3.49226715e+02,
       8.19243133e-01, 5.70613464e+02, 2.53242142e+02, 2.68756747e-01,
       5.68636597e+02, 2.12056458e+02, 3.80275697e-01, 3.68845886e+02,
       2.23851944e+02, 4.07742590e-01, 1.35688995e+02, 2.41487854e+02,
       3.94643188e-01, 5.84292542e+02, 3.06116638e+02, 2.03129426e-01,
       3.55117737e+02, 3.21856598e+02, 3.51380587e-01, 1.47409088e+02,
       3.53135162e+02, 3.76129329e-01, 9.17402710e+02, 2.08139542e+02,
       8.58653486e-01, 9.17430237e+02, 2.43434433e+02, 8.15077782e-01,
       8.93851746e+02, 1.82745697e+02, 6.39158309e-01, 9.01672363e+02,
       2.61138184e+02, 2.73543328e-01, 8.47531586e+01, 3.86442108e+02,
       1.60512030e-01, 9.45465164e+01, 3.90342133e+02, 1.68634146e-01,
       1.31770050e+02, 3.43363220e+02, 1.55304015e-01, 9.06266022e+01,
       2.00336319e+02, 1.74250305e-01, 9.06379166e+01, 1.98398514e+02,
       1.38295189e-01, 1.18075798e+02, 2.55202286e+02, 2.56289870e-01 ]
