%YAML:1.0
---
pose_0: !!opencv-matrix
   rows: 1
   cols: 25
   dt: "3f"
   data: [ 8.70382507e+02, 2.23824005e+02, 7.47339010e-01,
       7.74429749e+02, 2.39514084e+02, 7.08643734e-01, 7.62627869e+02,
       1.65001083e+02, 7.40584731e-01, 6.27441345e+02, 1.31669815e+02,
       7.67194211e-01, 5.29492371e+02, 1.20046112e+02, 8.03099930e-01,
       7.86113647e+02, 3.17879639e+02, 6.75944269e-01, 6.97939392e+02,
       3.84464020e+02, 8.56419265e-01, 6.78280029e+02, 3.04194855e+02,
       8.19446206e-01, 5.33375305e+02, 2.53229797e+02, 2.55198956e-01,
       5.41231262e+02, 2.02313354e+02, 3.08888614e-01, 3.53114532e+02,
       2.33646545e+02, 2.78006375e-01, 3.51202393e+02, 2.35571808e+02,
       1.32165790e-01, 5.27503235e+02, 3.04138123e+02, 2.61193097e-01,
       3.76645081e+02, 3.17830353e+02, 1.53012246e-01, 1.25880898e+02,
       2.41461548e+02, 9.00251567e-02, 8.84024414e+02, 2.08134216e+02,
       8.62327695e-01, 8.85976563e+02, 2.41469101e+02, 8.04634988e-01,
       8.62500488e+02, 1.86639496e+02, 6.19934022e-01, 8.74264893e+02,
       2.61138611e+02, 4.40663487e-01, 0., 0., 0., 0., 0., 0., 0., 0.,
       0., 0., 0., 0., 0., 0., 0., 0., 0., 0. ]
