%YAML:1.0
---
pose_0: !!opencv-matrix
   rows: 1
   cols: 25
   dt: "3f"
   data: [ 8.97715027e+02, 2.39527802e+02, 7.64419675e-01,
       8.50739075e+02, 3.06102173e+02, 4.47585016e-01, 8.52772522e+02,
       2.98271210e+02, 2.86486208e-01, 7.82211548e+02, 2.84573883e+02,
       7.72796869e-02, 0., 0., 0., 8.56647644e+02, 3.06119965e+02,
       4.50401247e-01, 7.58676758e+02, 2.57181610e+02, 4.12802428e-01,
       7.13568420e+02, 1.88604019e+02, 7.01285005e-01, 5.54942078e+02,
       3.51204498e+02, 1.18645661e-01, 5.54927795e+02, 3.21774597e+02,
       1.41101688e-01, 3.08106750e+02, 3.04125061e+02, 1.71930015e-01,
       9.84494095e+01, 4.07977142e+02, 1.22579686e-01, 5.45127319e+02,
       3.88407074e+02, 1.23222038e-01, 3.06087830e+02, 3.04186340e+02,
       2.17817873e-01, 9.45170822e+01, 4.06053131e+02, 2.59063363e-01,
       9.09507874e+02, 2.35612762e+02, 3.09420854e-01, 9.15361938e+02,
       2.45454071e+02, 8.53653014e-01, 0., 0., 0., 9.11470520e+02,
       3.06081909e+02, 7.84637570e-01, 4.94737282e+01, 4.41269653e+02,
       2.09165692e-01, 5.53997841e+01, 4.45142029e+02, 2.53678739e-01,
       0., 0., 0., 4.94678650e+01, 4.45205566e+02, 2.10662901e-01,
       5.14265060e+01, 4.37377655e+02, 1.88855365e-01, 0., 0., 0. ]
