%YAML:1.0
---
pose_0: !!opencv-matrix
   rows: 1
   cols: 25
   dt: "3f"
   data: [ 1.07206763e+03, 2.08155426e+02, 5.32369375e-01,
       9.13459473e+02, 2.47356552e+02, 1.27260104e-01, 8.58601685e+02,
       1.59210068e+02, 1.46423995e-01, 0., 0., 0., 0., 0., 0.,
       9.46720215e+02, 2.92398438e+02, 1.50234714e-01, 8.54650818e+02,
       5.00074585e+02, 3.90306532e-01, 9.13397461e+02, 3.17906921e+02,
       4.11862910e-01, 0., 0., 0., 0., 0., 0., 0., 0., 0., 0., 0., 0.,
       0., 0., 0., 0., 0., 0., 0., 0., 0., 1.07214221e+03,
       1.80728333e+02, 5.47020137e-01, 1.08971814e+03, 2.16036270e+02,
       4.02513981e-01, 1.02512415e+03, 1.47440323e+02, 1.09550960e-01,
       1.07408508e+03, 2.55193619e+02, 6.41654804e-02, 0., 0., 0., 0.,
       0., 0., 0., 0., 0., 0., 0., 0., 0., 0., 0., 0., 0., 0. ]
