%YAML:1.0
---
pose_0: !!opencv-matrix
   rows: 1
   cols: 25
   dt: "3f"
   data: [ 9.48759155e+02, 2.74813232e+02, 8.15068483e-01,
       8.27253418e+02, 2.96314789e+02, 6.18659317e-01, 8.11595886e+02,
       2.12046127e+02, 6.46464527e-01, 6.82224426e+02, 1.94380432e+02,
       7.36459553e-01, 5.70534912e+02, 1.80762909e+02, 8.33063126e-01,
       8.39091064e+02, 3.82568878e+02, 6.17409527e-01, 7.27307251e+02,
       4.33487427e+02, 7.03339875e-01, 5.52945862e+02, 4.76498444e+02,
       6.73745394e-01, 5.64731567e+02, 3.15933838e+02, 2.14688644e-01,
       5.70584229e+02, 2.72803040e+02, 2.93135941e-01, 5.11806122e+02,
       2.43487030e+02, 1.23600885e-01, 3.53159729e+02, 3.00255249e+02,
       1.01412289e-01, 5.56891479e+02, 3.64912018e+02, 1.90487653e-01,
       3.98204468e+02, 3.82555298e+02, 8.61217082e-02, 3.45333466e+02,
       4.15833527e+02, 5.30137196e-02, 9.58469055e+02, 2.55176361e+02,
       8.15891206e-01, 9.64493042e+02, 2.90426880e+02, 8.70373726e-01,
       9.27146545e+02, 2.29751373e+02, 6.17549300e-01, 9.54586731e+02,
       3.19731995e+02, 3.41657817e-01, 3.31615021e+02, 4.25613220e+02,
       5.31504117e-02, 3.35492218e+02, 4.29583954e+02, 5.07921465e-02,
       0., 0., 0., 0., 0., 0., 0., 0., 0., 0., 0., 0. ]
