%YAML:1.0
---
pose_0: !!opencv-matrix
   rows: 1
   cols: 25
   dt: "3f"
   data: [ 9.48658630e+02, 2.66971954e+02, 7.45271027e-01,
       8.50742432e+02, 2.63014618e+02, 6.42708302e-01, 8.38952454e+02,
       1.78756348e+02, 6.08960688e-01, 7.29342041e+02, 1.12174622e+02,
       3.00338805e-01, 7.37103394e+02, 1.70931488e+02, 5.20099699e-01,
       8.54741394e+02, 3.49198212e+02, 6.55076563e-01, 7.74415161e+02,
       4.47155975e+02, 7.86724627e-01, 7.39078186e+02, 5.17745056e+02,
       7.59889841e-01, 5.41199097e+02, 2.86513733e+02, 2.17929080e-01,
       5.31424377e+02, 2.39506287e+02, 3.08728158e-01, 3.43355011e+02,
       2.90425110e+02, 3.15207571e-01, 1.78766708e+02, 3.15886841e+02,
       9.20473412e-02, 5.47113342e+02, 3.33526215e+02, 2.71149606e-01,
       3.70782227e+02, 4.11899445e+02, 3.28075141e-01, 1.90553192e+02,
       4.62928986e+02, 4.07723665e-01, 9.64361145e+02, 2.33651627e+02,
       7.61892676e-01, 9.70246338e+02, 2.80636414e+02, 7.74151027e-01,
       9.48667847e+02, 1.96423004e+02, 6.61501825e-01, 0., 0., 0.,
       1.18072769e+02, 5.02013580e+02, 2.24963829e-01, 1.31754486e+02,
       5.05962982e+02, 2.17247769e-01, 1.74867462e+02, 4.62844666e+02,
       2.28781030e-01, 0., 0., 0., 0., 0., 0., 0., 0., 0. ]
