%YAML:1.0
---
pose_0: !!opencv-matrix
   rows: 1
   cols: 25
   dt: "3f"
   data: [ 8.80141418e+02, 1.16013794e+02, 7.05980182e-01,
       7.76320740e+02, 1.16147659e+02, 7.13945627e-01, 7.72423889e+02,
       3.18622456e+01, 6.88490391e-01, 7.07740234e+02, 5.34092903e+00,
       2.92314321e-01, 6.47001648e+02, 5.33561277e+00, 5.27957022e-01,
       7.76350342e+02, 1.96491867e+02, 6.69297218e-01, 6.64566528e+02,
       2.41512680e+02, 7.15316772e-01, 5.52901794e+02, 2.51233261e+02,
       7.12696552e-01, 5.43187378e+02, 9.06378403e+01, 1.59933582e-01,
       5.29469788e+02, 6.51564713e+01, 1.66431338e-01, 0., 0., 0., 0.,
       0., 0., 5.25566833e+02, 1.70927307e+02, 1.01484261e-01, 0., 0.,
       0., 0., 0., 0., 8.91926575e+02, 9.64910583e+01, 7.65097916e-01,
       8.88001465e+02, 1.33646439e+02, 7.66049027e-01, 8.70362854e+02,
       7.10326004e+01, 5.30391097e-01, 8.70328125e+02, 1.53291031e+02,
       3.44986171e-01, 0., 0., 0., 0., 0., 0., 0., 0., 0., 0., 0., 0.,
       0., 0., 0., 0., 0., 0. ]
