%YAML:1.0
---
pose_0: !!opencv-matrix
   rows: 1
   cols: 25
   dt: "3f"
   data: [ 8.99773071e+02, 2.39519241e+02, 7.43775606e-01,
       8.44903137e+02, 3.13931335e+02, 4.61676091e-01, 0., 0., 0., 0.,
       0., 0., 0., 0., 0., 8.56626892e+02, 3.10020905e+02,
       4.71630454e-01, 7.43060852e+02, 2.59165680e+02, 7.08988786e-01,
       7.09678223e+02, 1.92462158e+02, 6.86846316e-01, 5.60804626e+02,
       3.37478943e+02, 1.19782828e-01, 5.43173584e+02, 3.11981720e+02,
       1.41084909e-01, 2.86525360e+02, 2.86518951e+02, 1.83018565e-01,
       6.90706940e+01, 4.27553955e+02, 1.13528140e-01, 5.58850464e+02,
       3.94287537e+02, 5.22111021e-02, 0., 0., 0., 0., 0., 0.,
       9.17472656e+02, 2.37553345e+02, 3.97660911e-01, 9.23249573e+02,
       2.55204590e+02, 8.00514400e-01, 0., 0., 0., 9.15330322e+02,
       3.11999817e+02, 7.87751853e-01, 0., 0., 0., 0., 0., 0., 0., 0.,
       0., 7.10593719e+01, 4.64777313e+02, 1.02879532e-01,
       7.10376282e+01, 4.62861786e+02, 1.11470096e-01, 0., 0., 0. ]
