%YAML:1.0
---
pose_0: !!opencv-matrix
   rows: 1
   cols: 25
   dt: "3f"
   data: [ 1.01149396e+03, 2.51247467e+02, 7.38874257e-01,
       8.74296082e+02, 2.59152954e+02, 4.58214700e-01, 8.54631714e+02,
       1.76835068e+02, 5.21316290e-01, 7.35185852e+02, 1.65128891e+02,
       1.61249682e-01, 6.92057434e+02, 1.65092209e+02, 4.48980302e-01,
       8.87967346e+02, 3.49233582e+02, 4.54280645e-01, 7.56710388e+02,
       4.86350861e+02, 6.29886210e-01, 8.07604004e+02, 3.88403473e+02,
       7.10590303e-01, 4.80492584e+02, 3.51190155e+02, 6.18271157e-02,
       0., 0., 0., 0., 0., 0., 0., 0., 0., 5.07913391e+02,
       3.90362091e+02, 8.40880498e-02, 2.98301056e+02, 3.70799438e+02,
       1.02340683e-01, 1.41555252e+02, 3.84560333e+02, 6.26786053e-02,
       1.02508655e+03, 2.25805573e+02, 8.82178307e-01, 1.02717383e+03,
       2.72774872e+02, 7.53682017e-01, 9.83968750e+02, 1.84658173e+02,
       4.12919939e-01, 1.00945471e+03, 2.98297699e+02, 1.02763116e-01,
       0., 0., 0., 0., 0., 0., 0., 0., 0., 0., 0., 0., 0., 0., 0., 0.,
       0., 0. ]
