%YAML:1.0
---
pose_0: !!opencv-matrix
   rows: 1
   cols: 25
   dt: "3f"
   data: [ 9.50668335e+02, 2.72787598e+02, 8.22938561e-01,
       8.25337280e+02, 2.74782684e+02, 6.31119967e-01, 8.23325500e+02,
       1.98428452e+02, 6.32250428e-01, 7.13634766e+02, 1.65064499e+02,
       7.29163647e-01, 6.66579468e+02, 1.72903000e+02, 7.63992786e-01,
       8.36987305e+02, 3.59019867e+02, 5.94885051e-01, 7.11669128e+02,
       4.49215179e+02, 7.67170310e-01, 7.88092285e+02, 3.31615997e+02,
       6.83403909e-01, 5.68663818e+02, 2.84593750e+02, 2.60923505e-01,
       5.68665100e+02, 2.41448792e+02, 4.15269732e-01, 3.59008606e+02,
       2.66961395e+02, 4.63049531e-01, 1.02368011e+02, 2.90485901e+02,
       1.00503817e-01, 5.66698181e+02, 3.37433441e+02, 2.22726300e-01,
       3.80569489e+02, 3.59042114e+02, 1.27133757e-01, 1.29811600e+02,
       3.39434174e+02, 7.01923296e-02, 9.62386230e+02, 2.45443329e+02,
       8.43300521e-01, 9.64391479e+02, 2.88449127e+02, 8.31020772e-01,
       9.32985901e+02, 2.19935150e+02, 4.80535477e-01, 9.52632446e+02,
       3.13952850e+02, 9.91851464e-02, 0., 0., 0., 0., 0., 0., 0., 0.,
       0., 1.00403160e+02, 3.04135864e+02, 6.46342412e-02,
       9.84070053e+01, 3.00246857e+02, 7.36834779e-02, 0., 0., 0. ]
