%YAML:1.0
---
pose_0: !!opencv-matrix
   rows: 1
   cols: 25
   dt: "3f"
   data: [ 9.95669617e+02, 2.23776703e+02, 7.92882264e-01,
       8.70415222e+02, 2.16018433e+02, 5.44000745e-01, 8.74246643e+02,
       1.20025116e+02, 5.70532501e-01, 7.27335815e+02, 3.76810913e+01,
       7.60376692e-01, 7.17547913e+02, 1.17994438e+02, 7.38584161e-01,
       8.60549316e+02, 3.11977692e+02, 4.41178590e-01, 7.11681824e+02,
       3.82551666e+02, 8.27539146e-01, 7.91992065e+02, 3.66890594e+02,
       7.21581817e-01, 5.86285645e+02, 2.74769287e+02, 1.14716448e-01,
       0., 0., 0., 0., 0., 0., 0., 0., 0., 0., 0., 0., 0., 0., 0., 0.,
       0., 0., 1.00934241e+03, 1.96413391e+02, 8.85021627e-01,
       1.01150220e+03, 2.41515182e+02, 7.91761100e-01, 9.82010925e+02,
       1.63160873e+02, 5.72530389e-01, 9.91808838e+02, 2.68860657e+02,
       5.10086827e-02, 0., 0., 0., 0., 0., 0., 0., 0., 0., 0., 0., 0.,
       0., 0., 0., 0., 0., 0. ]
