%YAML:1.0
---
pose_0: !!opencv-matrix
   rows: 1
   cols: 25
   dt: "3f"
   data: [ 9.40885742e+02, 2.41423080e+02, 6.68213665e-01,
       8.21411194e+02, 2.90456146e+02, 6.50963604e-01, 7.93975098e+02,
       2.29746094e+02, 4.67436582e-01, 0., 0., 0., 0., 0., 0.,
       8.33105530e+02, 3.47237274e+02, 5.85309446e-01, 6.76384033e+02,
       3.68749023e+02, 7.67466009e-01, 5.27556091e+02, 3.35471985e+02,
       6.25507414e-01, 5.29468018e+02, 3.08087158e+02, 8.27638358e-02,
       5.17708862e+02, 2.76724915e+02, 1.06567927e-01, 3.37469269e+02,
       2.59141632e+02, 1.41570270e-01, 0., 0., 0., 0., 0., 0., 0., 0.,
       0., 0., 0., 0., 9.46798035e+02, 2.33624512e+02, 5.81872940e-01,
       9.48806580e+02, 2.57169373e+02, 7.87636757e-01, 8.89949768e+02,
       2.19916458e+02, 1.52735114e-01, 9.23275208e+02, 2.96342163e+02,
       5.75946152e-01, 0., 0., 0., 0., 0., 0., 0., 0., 0., 0., 0., 0.,
       0., 0., 0., 0., 0., 0. ]
