%YAML:1.0
---
pose_0: !!opencv-matrix
   rows: 1
   cols: 25
   dt: "3f"
   data: [ 8.97742554e+02, 4.72613708e+02, 7.92329013e-01,
       7.93977051e+02, 4.94293854e+02, 6.93594754e-01, 7.72413696e+02,
       4.47284882e+02, 6.68542445e-01, 6.82351196e+02, 4.17812988e+02,
       4.94162470e-01, 6.33225952e+02, 3.37454651e+02, 6.37148976e-01,
       8.21343933e+02, 5.50985901e+02, 6.73462808e-01, 7.44908752e+02,
       4.94259827e+02, 5.55673063e-01, 6.33338867e+02, 3.41388733e+02,
       3.04271579e-01, 5.56866394e+02, 5.27496582e+02, 2.07805380e-01,
       5.64714783e+02, 4.88315002e+02, 2.62002349e-01, 3.72718903e+02,
       4.39352417e+02, 3.64084989e-01, 2.12131454e+02, 5.29493042e+02,
       4.27847177e-01, 5.54911316e+02, 5.70619446e+02, 1.56375945e-01,
       3.76628784e+02, 4.45192963e+02, 4.11748767e-01, 2.10108154e+02,
       5.37278625e+02, 2.15173185e-01, 9.01640076e+02, 4.53037598e+02,
       8.95024240e-01, 9.11465210e+02, 4.84439575e+02, 8.12539697e-01,
       8.76238159e+02, 4.39313751e+02, 5.61376452e-01, 8.99661926e+02,
       5.09882965e+02, 5.44277251e-01, 1.53288086e+02, 4.92205017e+02,
       1.69510081e-01, 1.63105774e+02, 5.09852295e+02, 1.83258712e-01,
       1.96440170e+02, 5.53002930e+02, 2.29841262e-01, 1.72868698e+02,
       4.92223206e+02, 2.32362390e-01, 1.76840607e+02, 4.92216583e+02,
       2.09995508e-01, 2.02307755e+02, 5.52934753e+02, 3.14248979e-01 ]
