%YAML:1.0
---
pose_0: !!opencv-matrix
   rows: 2
   cols: 25
   dt: "3f"
   data: [ 9.15429016e+02, 3.23772766e+02, 7.77394593e-01,
       8.52707581e+02, 2.49309860e+02, 4.11704391e-01, 8.54759033e+02,
       2.31704941e+02, 6.85404837e-01, 7.58586487e+02, 2.72827911e+02,
       6.92867041e-01, 7.64577209e+02, 4.17769409e+02, 7.35044181e-01,
       8.58586731e+02, 2.59102386e+02, 1.74606085e-01, 0., 0., 0., 0.,
       0., 0., 5.41253845e+02, 2.41453995e+02, 1.46271467e-01,
       5.37287903e+02, 2.45401596e+02, 1.28955081e-01, 4.55018036e+02,
       3.10039429e+02, 5.27433045e-02, 3.41418945e+02, 3.06112000e+02,
       2.14379802e-01, 5.41235413e+02, 2.37542267e+02, 9.33653563e-02,
       0., 0., 0., 0., 0., 0., 9.31073486e+02, 3.08107574e+02,
       8.22881043e-01, 9.33002014e+02, 3.31546936e+02, 1.49804845e-01,
       9.19364624e+02, 2.59093414e+02, 8.70397270e-01, 0., 0., 0., 0.,
       0., 0., 0., 0., 0., 0., 0., 0., 2.98276367e+02, 2.68878052e+02,
       6.74888939e-02, 3.00252930e+02, 2.68919861e+02, 5.86180240e-02,
       0., 0., 0., 0., 0., 0., 0., 0., 0., 0., 0., 0., 0., 0., 0., 0.,
       0., 0., 7.01865906e+02, 2.72796082e+02, 9.56793875e-02,
       6.80238159e+02, 3.49219696e+02, 4.05160129e-01, 6.96058167e+02,
       4.45206696e+02, 7.64571428e-01, 0., 0., 0., 0., 0., 0., 0., 0.,
       0., 0., 0., 0., 0., 0., 0., 0., 0., 0., 0., 0., 0., 0., 0., 0.,
       0., 0., 0., 0., 0., 0., 0., 0., 0., 0., 0., 0., 0., 0., 0., 0.,
       0., 0., 0., 0., 0., 0., 0., 0., 0., 0., 0. ]
