%YAML:1.0
---
pose_0: !!opencv-matrix
   rows: 1
   cols: 25
   dt: "3f"
   data: [ 9.31119080e+02, 3.68851685e+02, 7.97207057e-01,
       8.44890015e+02, 2.92400757e+02, 3.89985800e-01, 8.38961548e+02,
       2.90502197e+02, 5.93415797e-01, 7.54739014e+02, 2.72882172e+02,
       6.88719451e-01, 6.35305664e+02, 3.98238892e+02, 4.96355593e-01,
       8.54664063e+02, 2.90500824e+02, 2.94396400e-01, 0., 0., 0., 0.,
       0., 0., 6.78370483e+02, 2.84577881e+02, 7.45107010e-02,
       6.54844788e+02, 2.59068542e+02, 5.66705614e-02, 0., 0., 0., 0.,
       0., 0., 0., 0., 0., 0., 0., 0., 0., 0., 0., 9.48662659e+02,
       3.53066620e+02, 8.16545308e-01, 0., 0., 0., 9.33114624e+02,
       3.04185852e+02, 8.99465084e-01, 0., 0., 0., 0., 0., 0., 0., 0.,
       0., 0., 0., 0., 0., 0., 0., 0., 0., 0., 0., 0., 0. ]
