%YAML:1.0
---
pose_0: !!opencv-matrix
   rows: 1
   cols: 25
   dt: "3f"
   data: [ 9.33137329e+02, 2.02307068e+02, 8.07068825e-01,
       8.09653687e+02, 2.08196472e+02, 6.30352378e-01, 8.17476074e+02,
       1.20012085e+02, 6.45376027e-01, 6.84219299e+02, 7.09832993e+01,
       7.19585776e-01, 5.99965027e+02, 8.47949295e+01, 8.11075330e-01,
       8.07712158e+02, 2.92412445e+02, 6.53141320e-01, 6.96005737e+02,
       3.51155212e+02, 8.09956908e-01, 5.84257446e+02, 3.98240356e+02,
       8.16652894e-01, 5.21608459e+02, 2.27774597e+02, 1.74792111e-01,
       5.21637573e+02, 1.80745926e+02, 1.99024335e-01, 3.17877655e+02,
       2.12090668e+02, 1.41957656e-01, 1.02391380e+02, 2.41531937e+02,
       1.10668041e-01, 5.13787903e+02, 2.80666626e+02, 2.06432432e-01,
       3.57043060e+02, 3.04169647e+02, 2.80384183e-01, 8.86799393e+01,
       2.43444412e+02, 6.54993653e-02, 9.46671082e+02, 1.82662033e+02,
       8.75174761e-01, 9.46827820e+02, 2.21841522e+02, 7.45840251e-01,
       9.15399597e+02, 1.59182861e+02, 5.48345447e-01, 9.15394043e+02,
       2.43393280e+02, 4.22816128e-01, 0., 0., 0., 0., 0., 0.,
       8.27699356e+01, 2.41447983e+02, 8.26456249e-02, 0., 0., 0., 0.,
       0., 0., 0., 0., 0. ]
