%YAML:1.0
---
pose_0: !!opencv-matrix
   rows: 1
   cols: 25
   dt: "3f"
   data: [ 8.85977417e+02, 3.51120209e+02, 8.13012064e-01,
       7.92072083e+02, 3.11975952e+02, 6.71456873e-01, 8.07694824e+02,
       2.43389435e+02, 6.28909171e-01, 6.96004761e+02, 1.74836349e+02,
       7.42304981e-01, 5.62793701e+02, 1.65140198e+02, 8.25016379e-01,
       7.74420288e+02, 3.74679901e+02, 6.00207269e-01, 6.78323364e+02,
       4.23649536e+02, 6.57726645e-01, 6.64567383e+02, 4.64797241e+02,
       7.26720631e-01, 5.52955688e+02, 3.12019409e+02, 2.51576483e-01,
       5.45128357e+02, 2.78709259e+02, 2.66980529e-01, 3.31596344e+02,
       3.64875824e+02, 2.67749578e-01, 1.63069046e+02, 3.17896973e+02,
       2.66685486e-01, 5.45144348e+02, 3.51166382e+02, 2.10084945e-01,
       3.47271332e+02, 3.51191895e+02, 5.94568513e-02, 1.61127899e+02,
       3.19788208e+02, 1.47811964e-01, 9.09519897e+02, 3.31596985e+02,
       5.33672273e-01, 9.05597046e+02, 3.60975647e+02, 7.43823051e-01,
       8.97715454e+02, 2.88485718e+02, 8.35534811e-01, 0., 0., 0., 0.,
       0., 0., 0., 0., 0., 0., 0., 0., 1.18091232e+02, 3.23774139e+02,
       1.00972757e-01, 1.18092102e+02, 3.13974854e+02, 9.57345665e-02,
       0., 0., 0. ]
