%YAML:1.0
---
pose_0: !!opencv-matrix
   rows: 1
   cols: 25
   dt: "3f"
   data: [ 9.80019226e+02, 3.21873779e+02, 7.61215210e-01,
       8.60533813e+02, 3.10032654e+02, 5.27649760e-01, 8.60532898e+02,
       2.27768921e+02, 6.34564340e-01, 7.25403015e+02, 1.49330566e+02,
       7.89918840e-01, 8.05724854e+02, 2.63021698e+02, 7.93207943e-01,
       8.48763611e+02, 4.15805267e+02, 4.33004707e-01, 6.95986084e+02,
       4.72656189e+02, 1.81759253e-01, 7.29328186e+02, 4.41266174e+02,
       5.47063351e-01, 5.94112244e+02, 3.17889343e+02, 1.16426773e-01,
       5.58863098e+02, 2.72801239e+02, 1.92211717e-01, 3.37463593e+02,
       2.86526031e+02, 2.00551718e-01, 1.78828308e+02, 3.31593994e+02,
       3.56784999e-01, 5.84308350e+02, 3.82499115e+02, 1.11600146e-01,
       3.60999451e+02, 3.88391510e+02, 8.58317763e-02, 1.49394745e+02,
       3.96227478e+02, 9.13331360e-02, 9.93802917e+02, 2.98260162e+02,
       8.60944986e-01, 9.97753662e+02, 3.39498169e+02, 7.50772059e-01,
       9.66373108e+02, 2.61100952e+02, 4.21848834e-01, 0., 0., 0., 0.,
       0., 0., 0., 0., 0., 0., 0., 0., 1.43505875e+02, 2.88501160e+02,
       9.86522138e-02, 1.45487473e+02, 2.88523987e+02, 8.99942219e-02,
       1.68994217e+02, 3.45306427e+02, 2.14746699e-01 ]
