%YAML:1.0
---
pose_0: !!opencv-matrix
   rows: 1
   cols: 25
   dt: "3f"
   data: [ 9.33014404e+02, 2.00328369e+02, 7.76807606e-01,
       8.21320190e+02, 2.35602493e+02, 6.67502940e-01, 7.91969788e+02,
       1.49466263e+02, 7.18908966e-01, 6.92070007e+02, 9.84195328e+01,
       6.95991874e-01, 6.27429382e+02, 9.64655151e+01, 7.53368855e-01,
       8.38981140e+02, 3.19752930e+02, 6.58658266e-01, 7.45045227e+02,
       4.17846741e+02, 7.38114357e-01, 6.97953613e+02, 3.21780396e+02,
       8.04113686e-01, 5.70602844e+02, 2.66937775e+02, 1.52362794e-01,
       5.72557373e+02, 2.10114288e+02, 1.83693066e-01, 5.07838165e+02,
       1.72885788e+02, 2.57901907e-01, 3.78627441e+02, 1.96448578e+02,
       1.22584842e-01, 5.78438416e+02, 3.13954071e+02, 1.50372505e-01,
       3.78618073e+02, 2.63026062e+02, 5.02954684e-02, 3.72724030e+02,
       2.64972443e+02, 9.91390944e-02, 9.37014282e+02, 1.86602554e+02,
       7.31452525e-01, 9.46758728e+02, 2.17960175e+02, 8.17422748e-01,
       9.11483826e+02, 1.78696259e+02, 3.19374681e-01, 9.29153870e+02,
       2.53241394e+02, 5.51807463e-01, 0., 0., 0., 0., 0., 0., 0., 0.,
       0., 3.45290833e+02, 1.78779190e+02, 1.03451073e-01,
       3.47276062e+02, 1.78748138e+02, 9.71055031e-02, 0., 0., 0. ]
