%YAML:1.0
---
pose_0: !!opencv-matrix
   rows: 1
   cols: 25
   dt: "3f"
   data: [ 9.31135254e+02, 1.67017731e+02, 8.44761908e-01,
       8.05676331e+02, 1.67023819e+02, 6.10984325e-01, 8.05750061e+02,
       8.46723022e+01, 6.46653116e-01, 7.09726074e+02, 5.34280157e+00,
       3.78664672e-01, 5.86216553e+02, 2.00824146e+01, 4.77543235e-01,
       8.01795471e+02, 2.64965790e+02, 6.13507509e-01, 6.99877869e+02,
       3.23795593e+02, 7.16468394e-01, 5.76500916e+02, 4.04103485e+02,
       7.56108463e-01, 5.19671631e+02, 2.29738678e+02, 1.92981482e-01,
       5.25552490e+02, 1.61152023e+02, 1.27441615e-01, 0., 0., 0., 0.,
       0., 0., 5.25538452e+02, 2.70879242e+02, 2.40545869e-01,
       3.45312592e+02, 3.04188965e+02, 1.17074087e-01, 0., 0., 0.,
       9.38915405e+02, 1.45444580e+02, 8.20323586e-01, 9.46737183e+02,
       1.80723999e+02, 8.35942447e-01, 9.15379333e+02, 1.21932335e+02,
       6.12222075e-01, 9.32992798e+02, 1.98454453e+02, 2.14247033e-01,
       0., 0., 0., 0., 0., 0., 0., 0., 0., 0., 0., 0., 0., 0., 0., 0.,
       0., 0. ]
