%YAML:1.0
---
pose_0: !!opencv-matrix
   rows: 1
   cols: 25
   dt: "3f"
   data: [ 1.01336090e+03, 2.57074036e+02, 8.14728260e-01,
       8.86005737e+02, 2.57106934e+02, 6.47896051e-01, 8.84101929e+02,
       1.65068832e+02, 6.53775632e-01, 7.78246460e+02, 7.88452454e+01,
       6.81886017e-01, 7.33200073e+02, 1.12157272e+02, 7.46726215e-01,
       8.89990051e+02, 3.47276398e+02, 6.17633700e-01, 7.78239685e+02,
       4.35410339e+02, 7.52125800e-01, 6.43117615e+02, 4.54985046e+02,
       7.10598052e-01, 6.37209351e+02, 3.00244324e+02, 1.16161078e-01,
       6.46985168e+02, 2.41430267e+02, 1.49903223e-01, 5.37316345e+02,
       2.08188553e+02, 6.52116686e-02, 3.66870300e+02, 2.31698822e+02,
       9.40760970e-02, 6.66625305e+02, 3.47265503e+02, 1.35802820e-01,
       0., 0., 0., 0., 0., 0., 1.01925128e+03, 2.27706085e+02,
       8.61444056e-01, 1.02518494e+03, 2.68902985e+02, 7.24268198e-01,
       9.80079346e+02, 1.96445313e+02, 6.20228231e-01, 9.95736145e+02,
       2.90516266e+02, 8.12329501e-02, 0., 0., 0., 0., 0., 0., 0., 0.,
       0., 0., 0., 0., 0., 0., 0., 0., 0., 0. ]
