%YAML:1.0
---
pose_0: !!opencv-matrix
   rows: 1
   cols: 25
   dt: "3f"
   data: [ 9.36985840e+02, 2.96320160e+02, 7.35831082e-01,
       8.23391724e+02, 2.92396729e+02, 6.29327476e-01, 8.33079529e+02,
       2.10089523e+02, 6.47509396e-01, 7.39046814e+02, 1.12198997e+02,
       7.26299405e-01, 7.72342407e+02, 2.14026428e+02, 5.94332159e-01,
       8.09670471e+02, 3.82578827e+02, 5.92653871e-01, 6.82307495e+02,
       4.15947937e+02, 7.39370763e-01, 6.80379333e+02, 3.98201813e+02,
       7.83501506e-01, 5.86252441e+02, 2.96326050e+02, 2.89465368e-01,
       5.86267334e+02, 2.57149597e+02, 3.14659745e-01, 3.53169434e+02,
       2.55175461e+02, 1.67891577e-01, 0., 0., 0., 5.88212952e+02,
       3.45316742e+02, 2.64741838e-01, 3.70753448e+02, 3.64912384e+02,
       2.26026610e-01, 0., 0., 0., 9.46838623e+02, 2.74800537e+02,
       8.84811759e-01, 9.48692932e+02, 3.15858246e+02, 7.06192136e-01,
       9.27189148e+02, 2.55155685e+02, 5.87353408e-01, 9.23253418e+02,
       3.35550720e+02, 2.22524673e-01, 0., 0., 0., 0., 0., 0., 0., 0.,
       0., 0., 0., 0., 0., 0., 0., 0., 0., 0. ]
