%YAML:1.0
---
pose_0: !!opencv-matrix
   rows: 1
   cols: 25
   dt: "3f"
   data: [ 8.99666138e+02, 3.72763550e+02, 8.09510529e-01,
       7.78313904e+02, 3.86485260e+02, 6.70748055e-01, 7.72403137e+02,
       3.19790833e+02, 7.09117174e-01, 6.62669556e+02, 2.61134796e+02,
       7.70406723e-01, 7.58744141e+02, 2.72775085e+02, 8.37482810e-01,
       7.90007874e+02, 4.62920715e+02, 6.43326521e-01, 6.64667114e+02,
       5.33357422e+02, 7.86975682e-01, 7.45038635e+02, 5.07997040e+02,
       8.41326058e-01, 5.39228516e+02, 4.27582336e+02, 2.75533795e-01,
       5.29463745e+02, 3.80554199e+02, 4.03207093e-01, 3.37485565e+02,
       3.53085602e+02, 5.42309225e-01, 0., 0., 0., 5.45150452e+02,
       4.74588806e+02, 3.01122338e-01, 3.68801636e+02, 4.98129211e+02,
       3.29336971e-01, 0., 0., 0., 9.03668823e+02, 3.53198425e+02,
       8.60819817e-01, 9.13416199e+02, 3.88380005e+02, 7.90103197e-01,
       8.80144897e+02, 3.35499023e+02, 6.59423411e-01, 8.93890503e+02,
       4.13775635e+02, 3.78374785e-01, 0., 0., 0., 0., 0., 0., 0., 0.,
       0., 0., 0., 0., 0., 0., 0., 0., 0., 0. ]
