%YAML:1.0
---
pose_0: !!opencv-matrix
   rows: 1
   cols: 25
   dt: "3f"
   data: [ 9.01723145e+02, 1.94466461e+02, 8.69362414e-01,
       7.92050720e+02, 2.17978394e+02, 7.02769637e-01, 7.76292480e+02,
       1.39596146e+02, 6.96462810e-01, 6.62637451e+02, 1.00412231e+02,
       7.37307250e-01, 5.76509338e+02, 1.00494446e+02, 8.07389975e-01,
       8.05664001e+02, 3.00268646e+02, 6.87723279e-01, 6.95974854e+02,
       3.60957184e+02, 7.58828223e-01, 5.88175842e+02, 3.76612061e+02,
       7.70754278e-01, 5.68649170e+02, 2.43410980e+02, 1.43052325e-01,
       5.49052124e+02, 1.92460907e+02, 1.95030540e-01, 3.23752045e+02,
       3.02175415e+02, 1.84033051e-01, 1.49394180e+02, 3.11985291e+02,
       1.60116494e-01, 5.86277954e+02, 2.96316315e+02, 1.35034680e-01,
       3.39423401e+02, 2.96334564e+02, 1.39522836e-01, 1.49397644e+02,
       3.11976410e+02, 1.02748565e-01, 9.05603882e+02, 1.76752365e+02,
       8.32882881e-01, 9.15411804e+02, 2.10044891e+02, 8.20446253e-01,
       8.78205505e+02, 1.53323883e+02, 6.43397689e-01, 9.01700439e+02,
       2.33602310e+02, 5.40553331e-01, 0., 0., 0., 0., 0., 0.,
       1.41544907e+02, 3.19869598e+02, 8.90656263e-02, 1.27805435e+02,
       3.19850586e+02, 8.52472708e-02, 0., 0., 0., 0., 0., 0. ]
