%YAML:1.0
---
pose_0: !!opencv-matrix
   rows: 1
   cols: 25
   dt: "3f"
   data: [ 9.09543091e+02, 4.41258362e+02, 7.42651701e-01,
       8.07741028e+02, 4.43208588e+02, 6.93933070e-01, 8.05697632e+02,
       3.66835632e+02, 6.80605769e-01, 7.11605164e+02, 2.88395935e+02,
       8.29081893e-01, 6.80385986e+02, 3.35448547e+02, 9.04597044e-01,
       8.09613464e+02, 5.23574829e+02, 5.88454425e-01, 6.97919495e+02,
       5.86276550e+02, 6.16882324e-01, 5.86343628e+02, 6.17565002e+02,
       8.37493002e-01, 5.60811707e+02, 4.60911469e+02, 1.87162340e-01,
       5.54911011e+02, 4.17784302e+02, 2.90132284e-01, 3.82549774e+02,
       4.25620636e+02, 1.16417438e-01, 0., 0., 0., 5.62764893e+02,
       5.09915253e+02, 1.60131603e-01, 0., 0., 0., 0., 0., 0.,
       9.15450073e+02, 4.15939972e+02, 8.70062828e-01, 9.23231934e+02,
       4.55001038e+02, 7.58439720e-01, 8.95791382e+02, 3.96241455e+02,
       5.33312798e-01, 9.05600891e+02, 4.76485016e+02, 2.78783858e-01,
       0., 0., 0., 0., 0., 0., 0., 0., 0., 0., 0., 0., 0., 0., 0., 0.,
       0., 0. ]
