%YAML:1.0
---
pose_0: !!opencv-matrix
   rows: 1
   cols: 25
   dt: "3f"
   data: [ 8.86059387e+02, 2.10137329e+02, 8.33062947e-01,
       7.89956848e+02, 2.25799759e+02, 7.12807059e-01, 7.76366516e+02,
       1.51334244e+02, 7.34154940e-01, 6.70529175e+02, 1.21973923e+02,
       6.43666446e-01, 6.33210083e+02, 1.31731491e+02, 7.60576963e-01,
       7.95906799e+02, 3.04139435e+02, 7.09943652e-01, 6.80227844e+02,
       3.51124298e+02, 8.05059016e-01, 6.05934509e+02, 3.06218872e+02,
       8.15293372e-01, 5.21627197e+02, 2.43450928e+02, 1.95167273e-01,
       5.25540283e+02, 2.00313690e+02, 1.86004788e-01, 5.05972504e+02,
       1.59184570e+02, 1.87812597e-01, 3.33561768e+02, 1.78716599e+02,
       3.17813307e-01, 5.13786804e+02, 2.88471375e+02, 2.38217860e-01,
       3.49238037e+02, 3.06058868e+02, 4.08491939e-01, 1.70922592e+02,
       3.45308655e+02, 5.26592970e-01, 8.97789978e+02, 1.92505447e+02,
       8.29925895e-01, 8.99742249e+02, 2.25840286e+02, 8.26554060e-01,
       8.72287231e+02, 1.70966446e+02, 5.75053751e-01, 8.84021912e+02,
       2.51287292e+02, 5.58671117e-01, 1.18030891e+02, 3.82494568e+02,
       4.23358589e-01, 1.29793945e+02, 3.82528534e+02, 4.56782997e-01,
       1.57206650e+02, 3.35468231e+02, 2.67161518e-01, 3.12014679e+02,
       1.86607315e+02, 5.75280450e-02, 3.06121643e+02, 1.72893097e+02,
       7.83497244e-02, 0., 0., 0. ]
