%YAML:1.0
---
pose_0: !!opencv-matrix
   rows: 1
   cols: 25
   dt: "3f"
   data: [ 8.99711304e+02, 4.62856781e+02, 8.65339398e-01,
       7.99819702e+02, 4.76603729e+02, 6.50947332e-01, 7.93928345e+02,
       3.98252014e+02, 7.19107985e-01, 7.29300842e+02, 3.37445801e+02,
       7.90740013e-01, 6.80388184e+02, 2.57055145e+02, 8.12659144e-01,
       7.93945801e+02, 5.52947937e+02, 6.48063779e-01, 6.90109253e+02,
       6.03858582e+02, 8.26227605e-01, 7.37110779e+02, 6.68585938e+02,
       7.56382346e-01, 5.72535339e+02, 4.90243988e+02, 2.81058729e-01,
       5.84328613e+02, 4.43261353e+02, 3.14395607e-01, 3.70758026e+02,
       4.27580566e+02, 2.09286362e-01, 2.00329193e+02, 4.06066895e+02,
       3.73293579e-01, 5.58875305e+02, 5.27536255e+02, 2.58736163e-01,
       3.98205658e+02, 5.39229370e+02, 1.19511068e-01, 1.80768326e+02,
       5.39263367e+02, 2.23098248e-01, 9.07555786e+02, 4.49150726e+02,
       8.38577747e-01, 9.15329651e+02, 4.78575317e+02, 8.50967467e-01,
       8.86034119e+02, 4.37388031e+02, 4.00624931e-01, 8.93850098e+02,
       5.07940887e+02, 6.04285717e-01, 1.27857285e+02, 5.72584290e+02,
       6.13679327e-02, 0., 0., 0., 1.59166275e+02, 5.25586731e+02,
       1.30184904e-01, 1.27837845e+02, 3.70802429e+02, 1.05501480e-01,
       0., 0., 0., 1.96411926e+02, 4.06031647e+02, 2.69256324e-01 ]
