%YAML:1.0
---
pose_0: !!opencv-matrix
   rows: 1
   cols: 25
   dt: "3f"
   data: [ 9.50721191e+02, 3.15910675e+02, 7.25219429e-01,
       8.33116821e+02, 3.55147003e+02, 6.18444800e-01, 8.07721436e+02,
       2.92397430e+02, 6.27293110e-01, 6.94028809e+02, 2.90497101e+02,
       3.78379017e-01, 5.70552063e+02, 2.57064758e+02, 6.91436350e-01,
       8.40980530e+02, 4.17833130e+02, 6.03572786e-01, 7.23439331e+02,
       4.64867981e+02, 7.73805261e-01, 6.70498779e+02, 3.94282135e+02,
       6.57062113e-01, 5.45124268e+02, 3.60997284e+02, 2.09692985e-01,
       5.51016663e+02, 3.11993256e+02, 2.57550031e-01, 3.86460785e+02,
       3.11978180e+02, 1.22316167e-01, 3.51201324e+02, 3.08064667e+02,
       5.25213666e-02, 5.45136658e+02, 4.04067871e+02, 2.09860831e-01,
       3.62906708e+02, 4.15892578e+02, 3.42374474e-01, 1.39610184e+02,
       4.56935028e+02, 2.34719574e-01, 9.62426086e+02, 3.06077972e+02,
       7.91780829e-01, 9.66325989e+02, 3.35516174e+02, 8.38437557e-01,
       0., 0., 0., 9.48689453e+02, 3.70771881e+02, 5.68032563e-01,
       6.31674042e+01, 4.58930359e+02, 1.82425544e-01, 7.10928497e+01,
       4.66783295e+02, 2.00248212e-01, 1.35691010e+02, 4.58938538e+02,
       1.57078311e-01, 0., 0., 0., 0., 0., 0., 0., 0., 0. ]
