%YAML:1.0
---
pose_0: !!opencv-matrix
   rows: 1
   cols: 25
   dt: "3f"
   data: [ 9.35066467e+02, 2.86466003e+02, 7.37431407e-01,
       8.21293030e+02, 2.88435852e+02, 6.51287377e-01, 8.09638489e+02,
       2.00325882e+02, 6.37814999e-01, 6.90131775e+02, 1.31751663e+02,
       8.00858021e-01, 6.39186401e+02, 1.92459015e+02, 7.40016401e-01,
       8.21401489e+02, 3.74673676e+02, 6.47083402e-01, 6.93981750e+02,
       4.13866150e+02, 7.10696459e-01, 5.58871094e+02, 4.74542755e+02,
       7.37728179e-01, 5.45132324e+02, 3.04174866e+02, 1.74495175e-01,
       5.54930298e+02, 2.57135468e+02, 2.33341187e-01, 3.60974609e+02,
       2.88494202e+02, 1.06776260e-01, 0., 0., 0., 5.27514160e+02,
       3.62942352e+02, 1.91001505e-01, 3.45299713e+02, 3.82509369e+02,
       3.68902534e-01, 1.21968842e+02, 4.29484558e+02, 1.62988573e-01,
       9.50655762e+02, 2.59107147e+02, 8.52530181e-01, 9.48756836e+02,
       3.02165405e+02, 8.00437033e-01, 9.27178589e+02, 2.31679672e+02,
       6.17712975e-01, 9.33092834e+02, 3.19734070e+02, 1.67491153e-01,
       0., 0., 0., 0., 0., 0., 0., 0., 0., 0., 0., 0., 0., 0., 0., 0.,
       0., 0. ]
