%YAML:1.0
---
pose_0: !!opencv-matrix
   rows: 1
   cols: 25
   dt: "3f"
   data: [ 8.91887878e+02, 1.33694626e+02, 7.60636628e-01,
       7.82211914e+02, 1.31778351e+02, 6.61123216e-01, 7.84152710e+02,
       4.55888939e+01, 6.66026115e-01, 7.19493835e+02, 5.34320784e+00,
       2.79649258e-01, 6.52971069e+02, 1.80725155e+01, 6.75707459e-01,
       7.76322205e+02, 2.16007339e+02, 5.80895483e-01, 6.62666138e+02,
       2.49280701e+02, 6.93432152e-01, 5.35339600e+02, 2.72802765e+02,
       8.05556059e-01, 5.33380920e+02, 1.00435661e+02, 1.07836001e-01,
       5.21611328e+02, 6.12218666e+01, 1.14118762e-01, 0., 0., 0., 0.,
       0., 0., 5.27504944e+02, 1.65048843e+02, 8.64956379e-02, 0., 0.,
       0., 0., 0., 0., 9.01711548e+02, 1.14145676e+02, 8.58987749e-01,
       9.03648926e+02, 1.53303101e+02, 7.58264303e-01, 8.76225098e+02,
       8.66423111e+01, 3.86383206e-01, 8.93839050e+02, 1.76758850e+02,
       2.95200706e-01, 0., 0., 0., 0., 0., 0., 0., 0., 0., 0., 0., 0.,
       0., 0., 0., 0., 0., 0. ]
