%YAML:1.0
---
pose_0: !!opencv-matrix
   rows: 1
   cols: 25
   dt: "3f"
   data: [ 8.86037415e+02, 2.43516617e+02, 7.70799160e-01,
       7.88016174e+02, 2.45421524e+02, 6.72802389e-01, 7.84164795e+02,
       1.67005371e+02, 6.94356024e-01, 6.48917236e+02, 1.29840332e+02,
       7.98506737e-01, 5.54992798e+02, 1.21953011e+02, 8.29919875e-01,
       7.90083618e+02, 3.31591034e+02, 6.84026957e-01, 6.80290649e+02,
       3.70806641e+02, 8.06134284e-01, 6.33223083e+02, 3.19772705e+02,
       8.19698572e-01, 5.23596436e+02, 2.57120056e+02, 3.50497574e-01,
       5.37281494e+02, 2.10150009e+02, 4.62551624e-01, 3.82460358e+02,
       2.25784805e+02, 7.55554438e-01, 1.80790222e+02, 2.21895981e+02,
       3.74178261e-01, 5.13793030e+02, 3.04112000e+02, 3.36186409e-01,
       3.51119141e+02, 2.92395508e+02, 5.73168993e-01, 1.65041046e+02,
       2.82613647e+02, 3.55896473e-01, 8.93833374e+02, 2.25718903e+02,
       8.19041967e-01, 8.99802917e+02, 2.59193481e+02, 8.14859211e-01,
       8.68379089e+02, 2.00365738e+02, 6.09786749e-01, 8.89925903e+02,
       2.78761292e+02, 2.15385392e-01, 9.84008484e+01, 3.04188690e+02,
       1.50057122e-01, 1.10209892e+02, 3.08075531e+02, 1.77796379e-01,
       1.45451828e+02, 2.72853119e+02, 2.12665215e-01, 1.37642548e+02,
       1.76800247e+02, 1.39594719e-01, 1.41531021e+02, 1.76846191e+02,
       1.22450143e-01, 1.63095840e+02, 2.25759567e+02, 2.57456839e-01 ]
