%YAML:1.0
---
pose_0: !!opencv-matrix
   rows: 1
   cols: 25
   dt: "3f"
   data: [ 8.82041382e+02, 2.66930939e+02, 7.72806048e-01,
       7.89939575e+02, 2.78691010e+02, 6.99427247e-01, 7.78288696e+02,
       2.08201645e+02, 7.00010478e-01, 6.84266907e+02, 1.47394455e+02,
       8.17069530e-01, 6.25461060e+02, 1.49366714e+02, 8.52937877e-01,
       7.92030457e+02, 3.55154327e+02, 6.80429280e-01, 6.82257324e+02,
       4.04058777e+02, 8.25367332e-01, 7.09644470e+02, 3.12009583e+02,
       7.85210133e-01, 5.43165588e+02, 2.88456360e+02, 3.06670845e-01,
       5.49060059e+02, 2.45367325e+02, 3.58184367e-01, 3.66880585e+02,
       2.43357147e+02, 6.80511475e-01, 1.78809967e+02, 2.35578934e+02,
       3.80232245e-01, 5.39283569e+02, 3.31591675e+02, 3.37415636e-01,
       3.31609711e+02, 3.35562927e+02, 3.13047916e-01, 1.80706985e+02,
       3.39435150e+02, 1.43880129e-01, 8.86118530e+02, 2.47387436e+02,
       8.40873003e-01, 8.91921326e+02, 2.82616760e+02, 7.58125246e-01,
       8.68441650e+02, 2.29691895e+02, 6.28376067e-01, 8.78183350e+02,
       3.04141205e+02, 5.81032634e-01, 0., 0., 0., 0., 0., 0.,
       1.76809250e+02, 3.43344482e+02, 5.70849404e-02, 1.72887085e+02,
       2.43432877e+02, 1.38768330e-01, 1.70942657e+02, 2.37542435e+02,
       1.65890828e-01, 1.65076080e+02, 2.37528030e+02, 2.53786504e-01 ]
