%YAML:1.0
---
pose_0: !!opencv-matrix
   rows: 1
   cols: 25
   dt: "3f"
   data: [ 8.42925415e+02, 1.21941788e+02, 7.57695436e-01,
       7.60602539e+02, 9.06099014e+01, 6.79093480e-01, 0., 0., 0., 0.,
       0., 0., 0., 0., 0., 7.62644897e+02, 1.59179489e+02,
       5.61531723e-01, 7.97852173e+02, 2.14024597e+02, 7.79029191e-01,
       8.72333801e+02, 2.43474594e+02, 8.25826228e-01, 5.37300476e+02,
       1.08253113e+02, 1.22092947e-01, 5.25561829e+02, 6.70877762e+01,
       1.20019346e-01, 0., 0., 0., 0., 0., 0., 5.39253662e+02,
       1.53302612e+02, 1.45449162e-01, 3.68821472e+02, 1.70956436e+02,
       1.48321033e-01, 1.63064087e+02, 1.78831772e+02, 6.58299550e-02,
       8.54631531e+02, 1.00430946e+02, 8.86937022e-01, 8.62516602e+02,
       1.23892677e+02, 7.25089610e-01, 8.35069519e+02, 5.92643852e+01,
       8.16293716e-01, 0., 0., 0., 0., 0., 0., 0., 0., 0., 0., 0., 0.,
       0., 0., 0., 0., 0., 0., 0., 0., 0. ]
