%YAML:1.0
---
pose_0: !!opencv-matrix
   rows: 1
   cols: 25
   dt: "3f"
   data: [ 9.01647095e+02, 2.41541672e+02, 8.44665408e-01,
       7.90009827e+02, 2.74783325e+02, 7.11375535e-01, 7.66498718e+02,
       2.10152435e+02, 6.67565644e-01, 6.76379028e+02, 2.37555817e+02,
       1.04331523e-01, 0., 0., 0., 8.05744690e+02, 3.41399078e+02,
       6.30228162e-01, 7.21470459e+02, 3.49198273e+02, 7.24988520e-01,
       6.35328552e+02, 2.86479584e+02, 6.29949629e-01, 5.62766724e+02,
       2.72785461e+02, 1.19384557e-01, 5.50998108e+02, 2.41438644e+02,
       1.42219260e-01, 2.90475189e+02, 2.76732849e+02, 1.74400002e-01,
       1.16048645e+02, 2.88436859e+02, 2.21698135e-01, 5.80380310e+02,
       3.23740265e+02, 7.65071660e-02, 2.96336487e+02, 2.86531403e+02,
       5.90136275e-02, 1.08273216e+02, 2.88558105e+02, 1.37039542e-01,
       8.99685852e+02, 2.25696960e+02, 8.72800946e-01, 9.17388733e+02,
       2.49312561e+02, 7.26957977e-01, 8.58612549e+02, 2.14091812e+02,
       6.10664785e-01, 8.95849915e+02, 2.86558044e+02, 4.73321706e-01,
       0., 0., 0., 0., 0., 0., 9.06416626e+01, 3.06101440e+02,
       7.06583485e-02, 6.90750122e+01, 2.64978424e+02, 5.66395782e-02,
       7.10981064e+01, 2.61070953e+02, 5.04810624e-02, 0., 0., 0. ]
