%YAML:1.0
---
pose_0: !!opencv-matrix
   rows: 1
   cols: 25
   dt: "3f"
   data: [ 9.11447388e+02, 3.68860168e+02, 7.89298952e-01,
       8.17473999e+02, 3.08111633e+02, 4.26309943e-01, 8.23327698e+02,
       2.88544281e+02, 6.97440565e-01, 7.11637756e+02, 3.00247589e+02,
       6.74294889e-01, 6.99969543e+02, 4.74603424e+02, 5.88320136e-01,
       8.07674438e+02, 3.39420410e+02, 1.81894004e-01, 0., 0., 0., 0.,
       0., 0., 5.84313782e+02, 2.78711945e+02, 2.20071778e-01,
       5.76483459e+02, 2.88494049e+02, 1.69671044e-01, 3.37482391e+02,
       3.59030121e+02, 1.15404330e-01, 1.41562668e+02, 3.06153381e+02,
       6.50725141e-02, 5.82373169e+02, 2.64999603e+02, 1.72762111e-01,
       3.62928589e+02, 3.51155273e+02, 7.71045908e-02, 0., 0., 0.,
       9.30997192e+02, 3.49195801e+02, 7.47804761e-01, 9.27183655e+02,
       3.80556763e+02, 7.92482972e-01, 9.07567322e+02, 3.06049713e+02,
       8.51678789e-01, 0., 0., 0., 0., 0., 0., 0., 0., 0., 0., 0., 0.,
       0., 0., 0., 0., 0., 0., 0., 0., 0. ]
