%YAML:1.0
---
pose_0: !!opencv-matrix
   rows: 1
   cols: 25
   dt: "3f"
   data: [ 8.80116333e+02, 3.68902252e+02, 7.81103849e-01,
       8.09619629e+02, 3.13986969e+02, 5.65788150e-01, 8.05624390e+02,
       2.59143402e+02, 7.16380000e-01, 7.76357361e+02, 3.31625854e+02,
       7.74150848e-01, 8.62522400e+02, 4.13770203e+02, 8.09260607e-01,
       7.74369629e+02, 3.82492371e+02, 5.73367298e-01, 7.11684998e+02,
       4.76607056e+02, 8.73094201e-01, 7.90093201e+02, 4.62775665e+02,
       9.04681861e-01, 5.47109314e+02, 3.15910797e+02, 2.17934713e-01,
       5.51031067e+02, 2.76750183e+02, 3.07480186e-01, 3.66825287e+02,
       2.49292252e+02, 3.48959923e-01, 1.80699493e+02, 1.78841461e+02,
       3.95623475e-01, 5.31443420e+02, 3.60991852e+02, 2.46588528e-01,
       3.39466614e+02, 3.76674408e+02, 5.22861183e-01, 1.55252411e+02,
       3.53219696e+02, 4.94804919e-01, 8.95808960e+02, 3.51221252e+02,
       7.31859684e-01, 8.97725830e+02, 3.80541351e+02, 5.93376279e-01,
       8.86046570e+02, 3.04216522e+02, 8.87242794e-01, 0., 0., 0.,
       1.16125740e+02, 3.33533478e+02, 2.18815669e-01, 1.23938873e+02,
       3.39445068e+02, 2.07915351e-01, 1.31765213e+02, 3.43373840e+02,
       2.55594224e-01, 0., 0., 0., 0., 0., 0., 1.72896896e+02,
       1.78820862e+02, 2.80446529e-01 ]
