%YAML:1.0
---
pose_0: !!opencv-matrix
   rows: 1
   cols: 25
   dt: "3f"
   data: [ 9.31023560e+02, 4.41244324e+02, 7.56499231e-01,
       8.21323486e+02, 4.37373016e+02, 6.68849230e-01, 8.17466492e+02,
       3.53092957e+02, 6.45584464e-01, 6.82354980e+02, 3.04178802e+02,
       8.29280317e-01, 5.78418457e+02, 3.60988007e+02, 7.27287889e-01,
       8.11563293e+02, 5.23504578e+02, 6.26091659e-01, 6.82343628e+02,
       5.54838684e+02, 7.65189767e-01, 5.82321777e+02, 5.88254944e+02,
       6.74924076e-01, 6.11731262e+02, 4.47148773e+02, 2.03881949e-01,
       5.88227173e+02, 4.09955780e+02, 2.58203804e-01, 5.15772644e+02,
       3.72772003e+02, 6.71332926e-02, 0., 0., 0., 6.23509460e+02,
       4.94207703e+02, 1.49974257e-01, 0., 0., 0., 0., 0., 0.,
       9.40851807e+02, 4.15774750e+02, 8.35078895e-01, 9.40910889e+02,
       4.58869690e+02, 7.35199809e-01, 9.15335205e+02, 3.84495270e+02,
       5.96402049e-01, 0., 0., 0., 0., 0., 0., 0., 0., 0., 0., 0., 0.,
       0., 0., 0., 0., 0., 0., 0., 0., 0. ]
