%YAML:1.0
---
pose_0: !!opencv-matrix
   rows: 2
   cols: 25
   dt: "3f"
   data: [ 9.09511475e+02, 3.68746979e+02, 7.82924891e-01,
       8.19405273e+02, 3.12001343e+02, 3.86013538e-01, 8.23364624e+02,
       2.88555115e+02, 7.11329818e-01, 7.11639343e+02, 2.72890320e+02,
       7.74633646e-01, 6.82330933e+02, 4.47143250e+02, 5.15418351e-01,
       8.09629395e+02, 3.41364807e+02, 1.50757954e-01, 0., 0., 0., 0.,
       0., 0., 5.58860291e+02, 3.21823700e+02, 1.77351028e-01,
       5.64722778e+02, 2.94387756e+02, 1.71148971e-01, 3.49205139e+02,
       3.47252441e+02, 1.44793615e-01, 0., 0., 0., 5.52974365e+02,
       3.49228912e+02, 1.00927278e-01, 3.60972046e+02, 3.41381989e+02,
       7.33889788e-02, 0., 0., 0., 9.31020325e+02, 3.47258240e+02,
       7.22319961e-01, 9.27138245e+02, 3.78615540e+02, 7.73299456e-01,
       9.07543945e+02, 3.06037079e+02, 8.55233431e-01, 0., 0., 0., 0.,
       0., 0., 0., 0., 0., 0., 0., 0., 0., 0., 0., 0., 0., 0., 0., 0.,
       0., 0., 0., 0., 0., 0., 0., 0., 0., 0., 0., 0., 0., 0., 0., 0.,
       6.72500122e+02, 3.51186676e+02, 1.50327384e-01, 6.25477417e+02,
       3.92335052e+02, 3.78570408e-01, 5.90159424e+02, 4.64883057e+02,
       7.33028769e-01, 0., 0., 0., 0., 0., 0., 0., 0., 0., 0., 0., 0.,
       0., 0., 0., 0., 0., 0., 0., 0., 0., 0., 0., 0., 0., 0., 0., 0.,
       0., 0., 0., 0., 0., 0., 0., 0., 0., 0., 0., 0., 0., 0., 0., 0.,
       0., 0., 0., 0., 0., 0., 0. ]
