%YAML:1.0
---
pose_0: !!opencv-matrix
   rows: 1
   cols: 25
   dt: "3f"
   data: [ 8.72313171e+02, 4.58954224e+02, 8.19762051e-01,
       7.80261719e+02, 4.80473877e+02, 6.53090596e-01, 7.74419067e+02,
       4.13891327e+02, 7.15728283e-01, 7.68455994e+02, 3.33563110e+02,
       6.60660148e-01, 7.91932373e+02, 2.92431580e+02, 8.09097588e-01,
       7.90008789e+02, 5.47119263e+02, 6.18615270e-01, 8.82118591e+02,
       6.31368103e+02, 8.06276083e-01, 8.78216797e+02, 5.31401306e+02,
       7.16607034e-01, 5.70591187e+02, 4.80483612e+02, 3.12730312e-01,
       5.70636536e+02, 4.43241669e+02, 3.97322178e-01, 4.06051483e+02,
       4.55017120e+02, 1.30755052e-01, 0., 0., 0., 5.70580994e+02,
       5.23580872e+02, 2.77447790e-01, 4.25632111e+02, 5.03994904e+02,
       5.25389798e-02, 0., 0., 0., 8.80117126e+02, 4.47099030e+02,
       8.27956140e-01, 8.86053772e+02, 4.74576263e+02, 7.99993098e-01,
       8.56671875e+02, 4.33445923e+02, 8.39608759e-02, 8.68326416e+02,
       5.07825928e+02, 7.30276227e-01, 0., 0., 0., 0., 0., 0., 0., 0.,
       0., 0., 0., 0., 0., 0., 0., 0., 0., 0. ]
