%YAML:1.0
---
pose_0: !!opencv-matrix
   rows: 1
   cols: 25
   dt: "3f"
   data: [ 9.11512268e+02, 2.41496536e+02, 8.05798948e-01,
       8.41006836e+02, 1.96390686e+02, 4.85101789e-01, 8.39007935e+02,
       1.49376694e+02, 6.74610555e-01, 8.19402161e+02, 2.16045197e+02,
       6.97399855e-01, 8.07640442e+02, 3.59011383e+02, 7.73849130e-01,
       8.37073669e+02, 2.39464218e+02, 1.93420708e-01, 0., 0., 0., 0.,
       0., 0., 6.17638428e+02, 1.82692398e+02, 5.35787418e-02, 0., 0.,
       0., 0., 0., 0., 0., 0., 0., 0., 0., 0., 0., 0., 0., 0., 0., 0.,
       9.17434692e+02, 2.19881439e+02, 8.55184138e-01, 9.27138794e+02,
       2.51301193e+02, 7.34899759e-01, 9.01716248e+02, 1.90509369e+02,
       6.35412216e-01, 0., 0., 0., 0., 0., 0., 0., 0., 0., 0., 0., 0.,
       0., 0., 0., 0., 0., 0., 0., 0., 0. ]
