%YAML:1.0
---
pose_0: !!opencv-matrix
   rows: 1
   cols: 25
   dt: "3f"
   data: [ 9.01778320e+02, 2.16005447e+02, 7.33422875e-01,
       8.31188538e+02, 2.98265411e+02, 5.01146436e-01, 8.44858582e+02,
       3.15894012e+02, 3.85209560e-01, 7.11655518e+02, 2.74800110e+02,
       7.55370036e-02, 0., 0., 0., 8.27232605e+02, 2.84601624e+02,
       4.67746943e-01, 7.09647095e+02, 2.59191254e+02, 6.67488754e-01,
       8.21346313e+02, 1.69033310e+02, 5.61802208e-01, 5.47111328e+02,
       3.21794586e+02, 2.78156221e-01, 5.50994690e+02, 2.86541901e+02,
       3.26736838e-01, 3.37425659e+02, 3.19810150e+02, 1.52803451e-01,
       9.25631561e+01, 3.72728149e+02, 8.74837860e-02, 5.45138489e+02,
       3.60976868e+02, 2.09425271e-01, 3.19803253e+02, 2.64988098e+02,
       2.99407601e-01, 9.25559769e+01, 3.70812866e+02, 4.09781814e-01,
       9.23233582e+02, 2.16018341e+02, 3.37576330e-01, 9.31010803e+02,
       2.35622070e+02, 8.03045034e-01, 0., 0., 0., 9.17336243e+02,
       2.90414459e+02, 8.91880214e-01, 5.14024315e+01, 4.00192200e+02,
       2.37380803e-01, 5.73403320e+01, 4.04066803e+02, 2.62459934e-01,
       7.10687943e+01, 3.80534821e+02, 2.41493508e-01, 5.14541893e+01,
       4.02126678e+02, 1.06379472e-01, 5.14594231e+01, 3.98238708e+02,
       9.60597470e-02, 0., 0., 0. ]
