%YAML:1.0
---
pose_0: !!opencv-matrix
   rows: 1
   cols: 25
   dt: "3f"
   data: [ 1.02121545e+03, 2.31709061e+02, 7.08386600e-01,
       9.01672974e+02, 2.41509689e+02, 5.86627245e-01, 8.99705688e+02,
       1.45498123e+02, 6.17254496e-01, 8.05681335e+02, 7.10645447e+01,
       3.58984411e-01, 7.35141357e+02, 1.35706146e+02, 7.42310286e-01,
       9.01687500e+02, 3.43356262e+02, 4.35864896e-01, 7.44929077e+02,
       4.09911011e+02, 6.83679104e-01, 5.99954895e+02, 4.60872986e+02,
       7.45003760e-01, 7.09712158e+02, 2.27773132e+02, 5.22859357e-02,
       7.23389587e+02, 1.96454758e+02, 7.00399801e-02, 0., 0., 0., 0.,
       0., 0., 0., 0., 0., 0., 0., 0., 0., 0., 0., 1.02903577e+03,
       2.10047699e+02, 8.14008534e-01, 1.03880627e+03, 2.57164917e+02,
       7.03189492e-01, 1.00549457e+03, 1.80737259e+02, 4.41362441e-01,
       1.00554541e+03, 2.86452423e+02, 2.47529671e-01, 0., 0., 0., 0.,
       0., 0., 0., 0., 0., 0., 0., 0., 0., 0., 0., 0., 0., 0. ]
