%YAML:1.0
---
pose_0: !!opencv-matrix
   rows: 1
   cols: 25
   dt: "3f"
   data: [ 8.68446045e+02, 2.43492020e+02, 8.02823901e-01,
       7.76353210e+02, 2.51257843e+02, 6.90819442e-01, 7.66538208e+02,
       1.78821884e+02, 7.00452328e-01, 6.54859192e+02, 1.43490707e+02,
       6.99922264e-01, 5.43228271e+02, 1.43501709e+02, 6.68178797e-01,
       7.84129089e+02, 3.08115997e+02, 5.40284216e-01, 7.03808716e+02,
       3.59013916e+02, 7.78338134e-01, 8.21316162e+02, 3.06055450e+02,
       6.90907955e-01, 5.60818665e+02, 2.55198273e+02, 1.86572790e-01,
       5.51004028e+02, 2.27757645e+02, 1.94272339e-01, 3.53140045e+02,
       3.53193298e+02, 3.58728617e-01, 1.84638519e+02, 4.17790863e+02,
       3.54042411e-01, 5.70611694e+02, 3.02182922e+02, 1.34158328e-01,
       3.51158356e+02, 3.57069244e+02, 2.57983774e-01, 1.76792389e+02,
       4.17831451e+02, 2.39957571e-01, 8.80110107e+02, 2.27783447e+02,
       7.91660070e-01, 8.84090637e+02, 2.59081207e+02, 8.34965527e-01,
       8.56650574e+02, 2.12143631e+02, 3.64582092e-01, 8.76222595e+02,
       2.84601349e+02, 2.96291471e-01, 1.20041931e+02, 4.43252747e+02,
       1.83687016e-01, 1.31735428e+02, 4.47226318e+02, 1.82856098e-01,
       1.49413940e+02, 4.25622681e+02, 1.61892131e-01, 1.33677734e+02,
       4.45209320e+02, 1.56579137e-01, 0., 0., 0., 1.68993164e+02,
       4.17796997e+02, 2.47517943e-01 ]
