%YAML:1.0
---
pose_0: !!opencv-matrix
   rows: 1
   cols: 25
   dt: "3f"
   data: [ 8.70313538e+02, 1.29796967e+02, 7.92989671e-01,
       7.66494690e+02, 1.29791382e+02, 6.81232095e-01, 7.58652100e+02,
       5.53769989e+01, 6.44053221e-01, 0., 0., 0., 0., 0., 0.,
       7.70453430e+02, 2.02272888e+02, 5.62890232e-01, 6.86160583e+02,
       2.76783356e+02, 7.60617793e-01, 8.05626709e+02, 2.27771942e+02,
       6.74565017e-01, 5.49050720e+02, 1.27861351e+02, 2.79091299e-01,
       5.43210083e+02, 8.08431702e+01, 3.90121013e-01, 3.59027252e+02,
       7.88523788e+01, 1.96530655e-01, 0., 0., 0., 5.52942871e+02,
       1.78760284e+02, 3.54329169e-01, 3.31576996e+02, 2.10087173e+02,
       3.12275767e-01, 1.63130722e+02, 2.27790192e+02, 2.99469113e-01,
       8.82139099e+02, 1.15988617e+02, 8.61146212e-01, 8.76211853e+02,
       1.43479935e+02, 7.35397577e-01, 8.66466797e+02, 8.87054672e+01,
       6.93153560e-01, 8.54727234e+02, 1.65111130e+02, 4.60674465e-01,
       9.65029831e+01, 2.59100311e+02, 1.28052890e-01, 1.10224449e+02,
       2.66920563e+02, 1.43156230e-01, 1.37661957e+02, 2.14050858e+02,
       1.55055493e-01, 0., 0., 0., 0., 0., 0., 0., 0., 0. ]
