%YAML:1.0
---
pose_0: !!opencv-matrix
   rows: 1
   cols: 25
   dt: "3f"
   data: [ 9.21306946e+02, 3.43318726e+02, 7.39967704e-01,
       8.56613403e+02, 2.74728516e+02, 3.06654066e-01, 8.60570618e+02,
       2.59170654e+02, 6.70966625e-01, 7.91908997e+02, 2.17942932e+02,
       7.88444757e-01, 7.11727722e+02, 3.60979767e+02, 5.88711858e-01,
       8.64461060e+02, 2.74741699e+02, 1.63340732e-01, 0., 0., 0., 0.,
       0., 0., 6.90127869e+02, 2.90447205e+02, 2.83766747e-01,
       6.78346924e+02, 2.70854279e+02, 2.62154251e-01, 5.68652832e+02,
       3.47238861e+02, 2.21475840e-01, 0., 0., 0., 7.03817932e+02,
       3.12004852e+02, 2.36222655e-01, 6.35275391e+02, 4.31507874e+02,
       1.95755526e-01, 6.21532166e+02, 4.45165985e+02, 1.38009280e-01,
       9.35037781e+02, 3.23722260e+02, 7.78016388e-01, 9.34981079e+02,
       3.49179352e+02, 2.20750988e-01, 9.21316040e+02, 2.74696442e+02,
       8.48724842e-01, 0., 0., 0., 0., 0., 0., 0., 0., 0.,
       6.17614197e+02, 4.41317932e+02, 1.38506904e-01, 0., 0., 0., 0.,
       0., 0., 0., 0., 0. ]
