%YAML:1.0
---
pose_0: !!opencv-matrix
   rows: 1
   cols: 25
   dt: "3f"
   data: [ 9.33049683e+02, 2.04216141e+02, 7.37627149e-01,
       8.58591431e+02, 2.90410156e+02, 5.49674273e-01, 8.37052002e+02,
       2.59155090e+02, 3.37712616e-01, 6.90104858e+02, 2.57129547e+02,
       1.73440754e-01, 6.21578186e+02, 2.04239700e+02, 3.77709419e-01,
       8.72337341e+02, 3.21858765e+02, 6.33934140e-01, 7.46923401e+02,
       3.98251007e+02, 7.73253739e-01, 6.41103943e+02, 2.39531235e+02,
       5.30355811e-01, 5.90222900e+02, 3.31609222e+02, 1.96104944e-01,
       5.96064697e+02, 2.96345154e+02, 1.50907576e-01, 3.02208374e+02,
       3.39410797e+02, 3.35929185e-01, 1.25886154e+02, 4.13868286e+02,
       2.83329487e-01, 5.88243958e+02, 3.59009979e+02, 1.93004474e-01,
       3.53111115e+02, 1.98403748e+02, 7.50448406e-01, 1.61137573e+02,
       2.90417175e+02, 5.07093668e-01, 9.58524353e+02, 2.04270111e+02,
       5.25806136e-02, 9.56573059e+02, 2.12033600e+02, 7.99921393e-01,
       0., 0., 0., 9.60415710e+02, 2.76775909e+02, 8.12330067e-01,
       1.21972351e+02, 2.39494308e+02, 2.05435425e-01, 1.20002502e+02,
       2.47359177e+02, 2.19464734e-01, 1.43520050e+02, 3.06175507e+02,
       3.55252713e-01, 0., 0., 0., 0., 0., 0., 1.00416283e+02,
       4.04101868e+02, 1.91261128e-01 ]
