%YAML:1.0
---
pose_0: !!opencv-matrix
   rows: 1
   cols: 25
   dt: "3f"
   data: [ 8.68365356e+02, 3.35593842e+02, 8.60993862e-01,
       7.72391113e+02, 3.84462982e+02, 7.71622002e-01, 7.42920227e+02,
       3.37440033e+02, 6.76329076e-01, 6.41147644e+02, 3.08119751e+02,
       4.30307418e-01, 5.43197754e+02, 3.21785492e+02, 7.01450825e-01,
       8.03736816e+02, 4.33454407e+02, 5.71722329e-01, 9.27148376e+02,
       4.47156433e+02, 7.22456336e-01, 1.05251550e+03, 3.90396759e+02,
       6.47954106e-01, 5.39275635e+02, 4.21714355e+02, 3.03962886e-01,
       5.33387756e+02, 3.80529999e+02, 4.51309681e-01, 3.39437195e+02,
       3.21804382e+02, 3.93435329e-01, 0., 0., 0., 5.54918091e+02,
       4.68727783e+02, 3.12985212e-01, 4.06034088e+02, 5.23562683e+02,
       1.85749382e-01, 0., 0., 0., 8.70349792e+02, 3.23786102e+02,
       8.01230133e-01, 8.80176270e+02, 3.51148438e+02, 8.10929894e-01,
       8.36973206e+02, 3.19840668e+02, 5.26834168e-02, 8.68392944e+02,
       3.82519684e+02, 6.22026801e-01, 0., 0., 0., 0., 0., 0., 0., 0.,
       0., 0., 0., 0., 0., 0., 0., 0., 0., 0. ]
