%YAML:1.0
---
pose_0: !!opencv-matrix
   rows: 1
   cols: 25
   dt: "3f"
   data: [ 9.32981812e+02, 1.84666809e+02, 7.61782885e-01,
       8.70337341e+02, 2.63047028e+02, 4.29747432e-01, 8.42953613e+02,
       2.41412827e+02, 2.54963785e-01, 0., 0., 0., 0., 0., 0.,
       8.86031860e+02, 2.84535461e+02, 5.01136363e-01, 7.56679382e+02,
       2.96357788e+02, 6.82735384e-01, 6.47042725e+02, 1.80717743e+02,
       8.29791188e-01, 6.25457092e+02, 3.35491882e+02, 9.33074206e-02,
       5.96074341e+02, 2.98285004e+02, 9.62752700e-02, 2.59091736e+02,
       3.29638062e+02, 6.48389533e-02, 9.45381775e+01, 3.82492615e+02,
       7.31541216e-02, 6.47004578e+02, 3.70763885e+02, 7.51783103e-02,
       2.70869263e+02, 3.37440399e+02, 8.59486088e-02, 1.61145889e+02,
       3.23776337e+02, 1.53775349e-01, 9.50646667e+02, 1.80802399e+02,
       1.61088303e-01, 9.58512451e+02, 1.96362579e+02, 8.23968947e-01,
       0., 0., 0., 9.56557312e+02, 2.59029053e+02, 8.03210258e-01,
       1.33748962e+02, 2.74852966e+02, 1.66600212e-01, 1.31814636e+02,
       2.84593231e+02, 1.61502391e-01, 0., 0., 0., 0., 0., 0., 0., 0.,
       0., 0., 0., 0. ]
