%YAML:1.0
---
pose_0: !!opencv-matrix
   rows: 1
   cols: 25
   dt: "3f"
   data: [ 9.17439209e+02, 1.94402206e+02, 7.71918714e-01,
       8.66453430e+02, 2.63024414e+02, 3.94555330e-01, 8.70361206e+02,
       2.64979126e+02, 2.14032561e-01, 6.80258850e+02, 2.27738235e+02,
       5.13973355e-01, 7.11712952e+02, 1.49437561e+02, 7.99894571e-01,
       8.80106201e+02, 2.66967529e+02, 4.95037019e-01, 7.89978455e+02,
       2.21851456e+02, 5.67759693e-01, 7.84182373e+02, 1.49419373e+02,
       6.37530148e-01, 6.00002991e+02, 3.21790344e+02, 1.92848325e-01,
       5.88228577e+02, 2.88445923e+02, 2.53630579e-01, 3.25709869e+02,
       3.35529236e+02, 1.37919247e-01, 0., 0., 0., 5.84317871e+02,
       3.66813477e+02, 1.35927454e-01, 3.19829651e+02, 3.15939117e+02,
       7.97266513e-02, 8.67484055e+01, 3.78572754e+02, 1.86352670e-01,
       9.35010559e+02, 1.92482971e+02, 2.87856817e-01, 9.42831543e+02,
       2.10033539e+02, 8.15729082e-01, 0., 0., 0., 9.33105591e+02,
       2.68846619e+02, 7.87528694e-01, 0., 0., 0., 0., 0., 0.,
       6.12563553e+01, 3.82560883e+02, 1.20022126e-01, 0., 0., 0., 0.,
       0., 0., 0., 0., 0. ]
