%YAML:1.0
---
pose_0: !!opencv-matrix
   rows: 1
   cols: 25
   dt: "3f"
   data: [ 9.15377441e+02, 3.90377197e+02, 8.03773701e-01,
       8.05768616e+02, 4.00223480e+02, 6.95777297e-01, 7.92042603e+02,
       3.25730804e+02, 6.85118496e-01, 6.76368591e+02, 2.90384277e+02,
       8.07534099e-01, 6.23536682e+02, 3.23763031e+02, 8.01752210e-01,
       8.21368408e+02, 4.88314178e+02, 6.13365114e-01, 7.11630981e+02,
       5.39178284e+02, 8.14927697e-01, 7.60670654e+02, 4.45240448e+02,
       8.58254850e-01, 5.70610840e+02, 4.51092346e+02, 1.84606582e-01,
       5.52987549e+02, 4.04077759e+02, 2.46785045e-01, 3.51174530e+02,
       3.92302765e+02, 2.82139808e-01, 1.35671143e+02, 3.66840912e+02,
       6.59469962e-02, 5.70602356e+02, 4.98115875e+02, 1.52300984e-01,
       3.82497101e+02, 4.94266144e+02, 9.31554437e-02, 1.65064835e+02,
       5.19675720e+02, 2.16395348e-01, 9.19384644e+02, 3.68912384e+02,
       8.51419151e-01, 9.31067993e+02, 4.07967407e+02, 7.97925889e-01,
       8.97708130e+02, 3.51078949e+02, 6.93704486e-01, 9.17435852e+02,
       4.29466370e+02, 4.82282460e-01, 1.06273331e+02, 5.52952576e+02,
       1.11256339e-01, 1.18016068e+02, 5.56861877e+02, 1.29816338e-01,
       1.35711594e+02, 5.09860138e+02, 1.29284918e-01, 0., 0., 0., 0.,
       0., 0., 0., 0., 0. ]
