%YAML:1.0
---
pose_0: !!opencv-matrix
   rows: 1
   cols: 25
   dt: "3f"
   data: [ 9.46722229e+02, 3.19816254e+02, 8.25196862e-01,
       8.42945984e+02, 3.02204254e+02, 5.64109921e-01, 8.52779846e+02,
       2.12120850e+02, 6.09434724e-01, 7.44938904e+02, 1.20052467e+02,
       8.01036894e-01, 7.95884155e+02, 2.78696198e+02, 7.31035590e-01,
       8.05746765e+02, 3.82555695e+02, 3.60521555e-01, 6.64610413e+02,
       4.29595795e+02, 7.83591092e-01, 7.48923279e+02, 4.13899353e+02,
       7.26194799e-01, 5.21629883e+02, 3.19849854e+02, 1.56642705e-01,
       5.41221008e+02, 2.64979309e+02, 1.95370346e-01, 3.33505432e+02,
       2.74807434e+02, 5.75387418e-01, 1.65038849e+02, 2.80655823e+02,
       4.64473128e-01, 5.15737549e+02, 3.66887360e+02, 2.50425130e-01,
       3.33568420e+02, 3.62901550e+02, 3.27554703e-01, 1.63107864e+02,
       3.51123627e+02, 1.70290038e-01, 9.62412964e+02, 2.90504913e+02,
       8.80032480e-01, 9.62415894e+02, 3.37403748e+02, 8.27914596e-01,
       9.46709106e+02, 2.59041016e+02, 3.58562589e-01, 0., 0., 0., 0.,
       0., 0., 0., 0., 0., 0., 0., 0., 9.84384842e+01, 2.43387390e+02,
       2.34411716e-01, 9.84774933e+01, 2.41486389e+02, 2.09729373e-01,
       1.55252792e+02, 2.94379059e+02, 3.07399452e-01 ]
