%YAML:1.0
---
pose_0: !!opencv-matrix
   rows: 1
   cols: 25
   dt: "3f"
   data: [ 9.17317810e+02, 2.33624207e+02, 7.02309966e-01,
       8.70344299e+02, 3.06134186e+02, 5.16890824e-01, 8.83989258e+02,
       3.19799164e+02, 4.00177777e-01, 7.84148376e+02, 2.72855438e+02,
       1.38209701e-01, 0., 0., 0., 8.78204224e+02, 3.02182220e+02,
       4.38564807e-01, 7.76252197e+02, 2.53241302e+02, 6.46062434e-01,
       7.44933594e+02, 1.70940567e+02, 5.30289710e-01, 7.27311401e+02,
       3.39425201e+02, 1.47405416e-01, 7.29289856e+02, 3.19827728e+02,
       1.28218293e-01, 5.66679260e+02, 3.49204407e+02, 5.96012250e-02,
       0., 0., 0., 7.09686646e+02, 3.76653564e+02, 1.13202430e-01,
       5.92161987e+02, 4.13900757e+02, 6.70405105e-02, 0., 0., 0.,
       9.34979248e+02, 2.31712494e+02, 8.59303400e-02, 9.42862732e+02,
       2.43428696e+02, 8.05116296e-01, 0., 0., 0., 9.33103455e+02,
       3.06089111e+02, 8.21631193e-01, 0., 0., 0., 0., 0., 0., 0., 0.,
       0., 0., 0., 0., 0., 0., 0., 0., 0., 0. ]
