%YAML:1.0
---
pose_0: !!opencv-matrix
   rows: 1
   cols: 25
   dt: "3f"
   data: [ 8.93848083e+02, 4.11929291e+02, 6.88710392e-01,
       7.82168640e+02, 4.06014618e+02, 6.36437833e-01, 7.78299988e+02,
       3.21771362e+02, 6.22410059e-01, 6.74421936e+02, 2.35618027e+02,
       6.95892096e-01, 7.27319336e+02, 2.74784760e+02, 6.22242153e-01,
       7.76326782e+02, 4.86350037e+02, 5.75112879e-01, 6.62701904e+02,
       5.39222839e+02, 8.00601840e-01, 7.72352661e+02, 5.25563904e+02,
       7.84731507e-01, 5.25583557e+02, 4.19755463e+02, 3.48290414e-01,
       5.27500793e+02, 3.78589142e+02, 3.86403918e-01, 3.33520477e+02,
       3.68816772e+02, 4.73986179e-01, 0., 0., 0., 5.27519165e+02,
       4.62832428e+02, 3.97824854e-01, 3.82496216e+02, 5.05944031e+02,
       3.28192830e-01, 3.70812653e+02, 4.94173492e+02, 1.16957314e-01,
       9.07595947e+02, 3.92298462e+02, 7.32871115e-01, 9.01674805e+02,
       4.29449738e+02, 7.20831633e-01, 8.86053345e+02, 3.66877563e+02,
       6.97019279e-01, 8.84116272e+02, 4.47189056e+02, 3.41910839e-01,
       3.57062592e+02, 5.00077820e+02, 5.59493005e-02, 0., 0., 0., 0.,
       0., 0., 0., 0., 0., 0., 0., 0., 0., 0., 0. ]
