%YAML:1.0
---
pose_0: !!opencv-matrix
   rows: 1
   cols: 25
   dt: "3f"
   data: [ 9.15376404e+02, 2.27853485e+02, 7.65479922e-01,
       8.07623840e+02, 2.25839081e+02, 6.71786427e-01, 8.01750549e+02,
       1.49425934e+02, 6.47003472e-01, 6.82237854e+02, 1.12137825e+02,
       7.27729261e-01, 6.02011169e+02, 1.16172707e+02, 8.36102605e-01,
       8.11593628e+02, 3.15875214e+02, 6.04710400e-01, 6.97952698e+02,
       3.64907593e+02, 7.69992113e-01, 6.01900024e+02, 3.51229797e+02,
       8.33502889e-01, 5.33391113e+02, 2.57177155e+02, 2.62886465e-01,
       5.37295837e+02, 2.12089554e+02, 3.18388104e-01, 3.27683685e+02,
       2.19906036e+02, 3.39100033e-01, 1.04307327e+02, 2.27747070e+02,
       5.07335007e-01, 5.27518982e+02, 3.04136719e+02, 2.19677657e-01,
       3.33568878e+02, 3.25698242e+02, 3.30599338e-01, 1.82681061e+02,
       3.41413544e+02, 4.41782802e-01, 9.27151306e+02, 2.10022049e+02,
       7.80449390e-01, 9.29152100e+02, 2.45381439e+02, 8.10426772e-01,
       9.01714661e+02, 1.78799591e+02, 5.73917031e-01, 9.25232361e+02,
       2.72773468e+02, 5.84356785e-02, 1.08261154e+02, 3.64924774e+02,
       3.00249040e-01, 1.22001778e+02, 3.72724487e+02, 2.93976665e-01,
       1.72886368e+02, 3.33503845e+02, 1.89712644e-01, 8.27723160e+01,
       2.53181961e+02, 1.06759056e-01, 8.07960434e+01, 2.43464645e+02,
       1.03774622e-01, 9.26010284e+01, 2.29755829e+02, 3.49936783e-01 ]
