%YAML:1.0
---
pose_0: !!opencv-matrix
   rows: 1
   cols: 25
   dt: "3f"
   data: [ 8.68437195e+02, 2.61079407e+02, 8.14402282e-01,
       7.72334656e+02, 2.63037781e+02, 6.67974591e-01, 7.62639404e+02,
       1.94430008e+02, 7.06758738e-01, 6.50887878e+02, 1.55272293e+02,
       7.01071918e-01, 5.41287170e+02, 1.39593842e+02, 7.94028580e-01,
       7.76343262e+02, 3.35517487e+02, 3.72887880e-01, 6.97973389e+02,
       3.66899292e+02, 8.68887007e-01, 7.92068237e+02, 3.06169281e+02,
       6.29715860e-01, 5.51003906e+02, 2.88453522e+02, 2.27941811e-01,
       5.49045959e+02, 2.41463791e+02, 2.18063444e-01, 3.39434204e+02,
       3.76651337e+02, 1.89948261e-01, 1.67001663e+02, 4.31489777e+02,
       2.99580991e-01, 5.49039978e+02, 3.33549500e+02, 2.72724926e-01,
       3.53153839e+02, 3.68896851e+02, 3.36609274e-01, 1.65056549e+02,
       4.31541168e+02, 2.24188790e-01, 8.78157104e+02, 2.45433807e+02,
       6.75463259e-01, 8.84015076e+02, 2.74733551e+02, 8.50598812e-01,
       8.40980591e+02, 2.27686111e+02, 3.02197337e-01, 8.72337524e+02,
       2.98277344e+02, 2.72774309e-01, 0., 0., 0., 0., 0., 0.,
       1.27861099e+02, 4.43247040e+02, 1.52328432e-01, 1.23927048e+02,
       4.62841187e+02, 5.79095483e-02, 0., 0., 0., 1.49430405e+02,
       4.25655518e+02, 2.19274476e-01 ]
