%YAML:1.0
---
pose_0: !!opencv-matrix
   rows: 1
   cols: 25
   dt: "3f"
   data: [ 8.27235840e+02, 2.43496902e+02, 5.89824677e-01,
       7.74419189e+02, 2.88526123e+02, 4.68411505e-01, 0., 0., 0., 0.,
       0., 0., 0., 0., 0., 7.84138306e+02, 3.08099335e+02,
       4.86978740e-01, 7.46981812e+02, 1.65083557e+02, 7.83676982e-01,
       8.31187256e+02, 1.67018219e+02, 7.81822562e-01, 5.31405212e+02,
       3.62943329e+02, 2.70626962e-01, 5.27520630e+02, 3.21830841e+02,
       2.97730178e-01, 3.55129639e+02, 2.74809723e+02, 3.47656727e-01,
       0., 0., 0., 5.21636047e+02, 3.94278778e+02, 2.57437766e-01,
       3.64898865e+02, 4.74583710e+02, 5.77104628e-01, 2.27763351e+02,
       5.90199646e+02, 4.73504364e-01, 8.36989441e+02, 2.41431839e+02,
       3.04129869e-01, 8.42901611e+02, 2.57167175e+02, 5.10320544e-01,
       0., 0., 0., 8.42926453e+02, 2.90388245e+02, 7.92514682e-01,
       1.65080017e+02, 5.72590698e+02, 1.48488954e-01, 1.68987152e+02,
       5.86233826e+02, 1.46010667e-01, 2.15995407e+02, 6.03930725e+02,
       3.25236738e-01, 0., 0., 0., 0., 0., 0., 0., 0., 0. ]
