%YAML:1.0
---
pose_0: !!opencv-matrix
   rows: 1
   cols: 25
   dt: "3f"
   data: [ 9.83965576e+02, 2.59137207e+02, 7.75889814e-01,
       8.68350159e+02, 2.74743225e+02, 6.03725314e-01, 8.44877991e+02,
       1.82759186e+02, 5.98283112e-01, 6.95997253e+02, 1.33657379e+02,
       7.98008561e-01, 6.52959595e+02, 1.76842834e+02, 7.73988545e-01,
       8.84066162e+02, 3.64923523e+02, 5.18872619e-01, 7.46912659e+02,
       4.49165588e+02, 6.85133100e-01, 6.76403442e+02, 4.08016693e+02,
       7.14723587e-01, 6.15674683e+02, 3.17879150e+02, 7.38390163e-02,
       5.92137085e+02, 2.74765076e+02, 6.28722832e-02, 0., 0., 0., 0.,
       0., 0., 6.45059143e+02, 3.53143951e+02, 7.03936368e-02, 0., 0.,
       0., 0., 0., 0., 9.93841431e+02, 2.31714691e+02, 8.37442577e-01,
       1.00937042e+03, 2.76721863e+02, 8.00903082e-01, 9.64465942e+02,
       2.08094528e+02, 5.89136481e-01, 9.93774414e+02, 3.04129333e+02,
       1.97127551e-01, 0., 0., 0., 0., 0., 0., 0., 0., 0., 0., 0., 0.,
       0., 0., 0., 0., 0., 0. ]
