%YAML:1.0
---
pose_0: !!opencv-matrix
   rows: 1
   cols: 25
   dt: "3f"
   data: [ 9.60473511e+02, 2.35598099e+02, 7.56432652e-01,
       8.39008911e+02, 2.88542480e+02, 6.49693608e-01, 8.01780518e+02,
       2.19922104e+02, 5.10067582e-01, 6.86229553e+02, 2.17955933e+02,
       3.19669992e-01, 5.94145569e+02, 1.94471832e+02, 6.14154160e-01,
       8.70380798e+02, 3.62955658e+02, 6.50142074e-01, 7.56694946e+02,
       4.29559814e+02, 7.45235682e-01, 6.82254028e+02, 2.90458221e+02,
       6.99290931e-01, 5.35343323e+02, 3.35490814e+02, 1.59867719e-01,
       5.35352539e+02, 2.82631500e+02, 1.82691172e-01, 3.53100769e+02,
       2.08150513e+02, 4.61854517e-01, 1.86603836e+02, 2.78694489e+02,
       5.05815387e-01, 5.39246582e+02, 3.84478363e+02, 2.38291457e-01,
       3.31584473e+02, 3.37426117e+02, 1.74391598e-01, 1.25894333e+02,
       3.66784149e+02, 1.15137048e-01, 9.66353577e+02, 2.19956345e+02,
       7.06433117e-01, 9.78102600e+02, 2.57127197e+02, 8.75743210e-01,
       0., 0., 0., 9.60426697e+02, 3.00198761e+02, 6.73529387e-01, 0.,
       0., 0., 0., 0., 0., 1.02331810e+02, 3.62958557e+02,
       9.84060764e-02, 1.31767502e+02, 2.63022888e+02, 8.12516063e-02,
       1.49413879e+02, 2.59118591e+02, 7.73448050e-02, 1.74867355e+02,
       2.96352753e+02, 3.28439683e-01 ]
