%YAML:1.0
---
pose_0: !!opencv-matrix
   rows: 1
   cols: 25
   dt: "3f"
   data: [ 9.80047485e+02, 2.25887253e+02, 8.55155110e-01,
       8.35092529e+02, 2.25841873e+02, 5.70741773e-01, 8.25288757e+02,
       1.37633606e+02, 6.42408371e-01, 6.97935303e+02, 1.00358650e+02,
       7.08129287e-01, 6.29407898e+02, 1.16100235e+02, 7.18764782e-01,
       8.38978516e+02, 3.23778595e+02, 4.96201128e-01, 7.31255432e+02,
       3.78605804e+02, 4.06359315e-01, 6.84267273e+02, 3.53127014e+02,
       2.17290744e-01, 6.07825989e+02, 2.21895279e+02, 1.43386647e-01,
       5.92152466e+02, 1.78749329e+02, 2.11076707e-01, 2.47355667e+02,
       2.43506119e+02, 1.08949415e-01, 5.53511505e+01, 2.72870819e+02,
       2.00334728e-01, 6.07823853e+02, 2.88496033e+02, 1.72673181e-01,
       4.94209473e+02, 3.21810638e+02, 1.09142989e-01, 3.12018890e+02,
       3.10016052e+02, 1.75189182e-01, 9.82043335e+02, 1.98349869e+02,
       8.40559840e-01, 9.93831482e+02, 2.37569351e+02, 7.02968001e-01,
       9.36993042e+02, 1.65132614e+02, 4.73237485e-01, 9.78050171e+02,
       2.59185333e+02, 7.77564272e-02, 0., 0., 0., 0., 0., 0., 0., 0.,
       0., 0., 0., 0., 0., 0., 0., 0., 0., 0. ]
