%YAML:1.0
---
pose_0: !!opencv-matrix
   rows: 1
   cols: 25
   dt: "3f"
   data: [ 8.82117249e+02, 2.06239548e+02, 8.20293546e-01,
       7.80246582e+02, 2.04232407e+02, 6.44679844e-01, 7.89981934e+02,
       1.33791901e+02, 6.99577928e-01, 7.29315674e+02, 1.20033913e+02,
       6.97321892e-01, 7.27297363e+02, 2.80645691e+02, 6.50804281e-01,
       7.60577698e+02, 2.70842468e+02, 4.96715635e-01, 7.07750854e+02,
       3.04143738e+02, 1.11319236e-01, 0., 0., 0., 6.39184265e+02,
       2.64971283e+02, 5.33078834e-02, 0., 0., 0., 0., 0., 0., 0., 0.,
       0., 6.66608948e+02, 2.84562927e+02, 5.02481982e-02,
       5.25552246e+02, 3.19849243e+02, 7.67478570e-02, 5.21594238e+02,
       3.11991913e+02, 1.10735670e-01, 8.86003723e+02, 1.86636795e+02,
       8.65459383e-01, 8.97753723e+02, 2.12163467e+02, 7.69463241e-01,
       8.58619873e+02, 1.65064072e+02, 6.13732278e-01, 8.74313965e+02,
       2.39456451e+02, 2.66551018e-01, 0., 0., 0., 0., 0., 0., 0., 0.,
       0., 0., 0., 0., 0., 0., 0., 0., 0., 0. ]
