%YAML:1.0
---
pose_0: !!opencv-matrix
   rows: 1
   cols: 25
   dt: "3f"
   data: [ 8.70410889e+02, 2.29780289e+02, 7.09214866e-01,
       8.03748169e+02, 3.17847687e+02, 4.99753267e-01, 8.17452148e+02,
       3.27644257e+02, 2.61119455e-01, 0., 0., 0., 0., 0., 0.,
       8.07622864e+02, 3.25685669e+02, 5.03009439e-01, 6.72444519e+02,
       2.86484680e+02, 7.03357220e-01, 5.23565063e+02, 2.23764404e+02,
       7.78483093e-01, 5.66658325e+02, 3.51201630e+02, 2.86583424e-01,
       5.54942871e+02, 3.06177216e+02, 2.39653707e-01, 2.88503693e+02,
       2.57145447e+02, 2.06101105e-01, 6.31953316e+01, 4.33469330e+02,
       1.28143385e-01, 5.72550415e+02, 3.86426361e+02, 3.35028917e-01,
       2.90413483e+02, 2.61095886e+02, 2.60459661e-01, 6.71392288e+01,
       4.29500244e+02, 2.24381462e-01, 8.97811096e+02, 2.35582626e+02,
       1.95040479e-01, 8.99689331e+02, 2.47321671e+02, 8.10161114e-01,
       0., 0., 0., 8.86122437e+02, 3.06205566e+02, 8.37709069e-01, 0.,
       0., 0., 0., 0., 0., 0., 0., 0., 0., 0., 0., 0., 0., 0.,
       4.75086136e+01, 4.47196198e+02, 9.39809605e-02 ]
