%YAML:1.0
---
pose_0: !!opencv-matrix
   rows: 1
   cols: 25
   dt: "3f"
   data: [ 8.72355225e+02, 4.74596649e+02, 2.75018752e-01,
       7.91988953e+02, 4.51078949e+02, 2.29520544e-01, 7.78260803e+02,
       4.09962708e+02, 2.14004859e-01, 7.93973328e+02, 3.57090240e+02,
       6.42761886e-01, 8.48791870e+02, 4.35435455e+02, 4.77305293e-01,
       8.37033569e+02, 5.03999786e+02, 9.75817740e-02, 7.92053894e+02,
       5.94132080e+02, 1.46764129e-01, 7.90101685e+02, 4.76570221e+02,
       2.17720062e-01, 0., 0., 0., 0., 0., 0., 0., 0., 0., 0., 0., 0.,
       0., 0., 0., 0., 0., 0., 0., 0., 0., 8.74296143e+02,
       4.60831482e+02, 3.15057546e-01, 8.82117798e+02, 4.62868408e+02,
       1.75498426e-01, 8.54691406e+02, 4.35438568e+02, 1.94740489e-01,
       0., 0., 0., 0., 0., 0., 0., 0., 0., 0., 0., 0., 0., 0., 0., 0.,
       0., 0., 0., 0., 0. ]
