%YAML:1.0
---
pose_0: !!opencv-matrix
   rows: 1
   cols: 25
   dt: "3f"
   data: [ 8.82075989e+02, 2.57106171e+02, 8.11121702e-01,
       7.86130432e+02, 2.70837219e+02, 6.62901282e-01, 7.76269592e+02,
       1.96412262e+02, 7.54310071e-01, 6.78377930e+02, 1.53279739e+02,
       7.40808249e-01, 6.19675903e+02, 1.47369537e+02, 8.50116849e-01,
       7.91974121e+02, 3.43372040e+02, 6.98251009e-01, 6.82287781e+02,
       4.00091797e+02, 8.67217422e-01, 6.99972534e+02, 3.02186981e+02,
       7.92135894e-01, 5.45142761e+02, 2.86540680e+02, 1.97890431e-01,
       5.51001953e+02, 2.45379608e+02, 1.89623654e-01, 3.41409332e+02,
       2.41505188e+02, 2.50122398e-01, 0., 0., 0., 5.37315491e+02,
       3.27664642e+02, 2.68778145e-01, 3.41403351e+02, 3.35482635e+02,
       2.81126142e-01, 1.76811478e+02, 3.43341461e+02, 4.17803079e-01,
       8.86056152e+02, 2.39500061e+02, 8.84435892e-01, 8.91933716e+02,
       2.72781342e+02, 8.08473110e-01, 8.68310303e+02, 2.21831406e+02,
       6.38235092e-01, 8.78192200e+02, 2.92464600e+02, 5.04905045e-01,
       1.20036690e+02, 3.82526337e+02, 2.87757248e-01, 1.31751282e+02,
       3.82542969e+02, 3.44631374e-01, 1.53337906e+02, 3.25734375e+02,
       1.95059180e-01, 0., 0., 0., 0., 0., 0., 0., 0., 0. ]
