%YAML:1.0
---
pose_0: !!opencv-matrix
   rows: 2
   cols: 25
   dt: "3f"
   data: [ 8.99720886e+02, 3.04127960e+02, 8.54333639e-01,
       8.07628601e+02, 2.61067688e+02, 5.02868354e-01, 8.13549011e+02,
       2.29769119e+02, 7.13881969e-01, 7.35189087e+02, 2.88458710e+02,
       7.12660968e-01, 7.46964600e+02, 4.33436920e+02, 8.06584477e-01,
       8.01795105e+02, 2.94364349e+02, 1.97770596e-01, 0., 0., 0., 0.,
       0., 0., 5.47101990e+02, 2.63046143e+02, 2.23462343e-01,
       5.43169678e+02, 2.39495621e+02, 2.36152306e-01, 3.92334320e+02,
       2.70876129e+02, 1.13266125e-01, 3.06134277e+02, 2.86521393e+02,
       8.61126930e-02, 5.39281067e+02, 2.92424652e+02, 1.27506629e-01,
       4.49142090e+02, 3.43349548e+02, 9.86656994e-02, 0., 0., 0.,
       9.05657471e+02, 2.78686859e+02, 7.51650512e-01, 9.15417419e+02,
       3.06151459e+02, 7.91945338e-01, 8.82067688e+02, 2.41493484e+02,
       8.33263993e-01, 0., 0., 0., 0., 0., 0., 0., 0., 0., 0., 0., 0.,
       0., 0., 0., 0., 0., 0., 0., 0., 0., 0., 0., 0., 0., 0., 0., 0.,
       0., 0., 0., 0., 0., 0., 0., 0., 7.37164795e+02, 2.72758331e+02,
       5.64122424e-02, 6.64620544e+02, 3.45302979e+02, 2.68437862e-01,
       6.35279968e+02, 3.98264923e+02, 5.09556293e-01, 0., 0., 0., 0.,
       0., 0., 0., 0., 0., 0., 0., 0., 0., 0., 0., 0., 0., 0., 0., 0.,
       0., 0., 0., 0., 0., 0., 0., 0., 0., 0., 0., 0., 0., 0., 0., 0.,
       0., 0., 0., 0., 0., 0., 0., 0., 0., 0., 0., 0., 0., 0., 0. ]
