%YAML:1.0
---
pose_0: !!opencv-matrix
   rows: 1
   cols: 25
   dt: "3f"
   data: [ 9.58465820e+02, 2.62995911e+02, 7.15089560e-01,
       8.64443604e+02, 2.64994507e+02, 6.06689930e-01, 8.42953186e+02,
       1.78788803e+02, 5.32401085e-01, 7.76375793e+02, 4.55600777e+01,
       6.53089225e-01, 8.31172668e+02, 1.04316277e+02, 7.81811118e-01,
       8.80153259e+02, 3.57085052e+02, 5.14523387e-01, 8.17422546e+02,
       4.94174988e+02, 7.72673011e-01, 8.58590698e+02, 4.13842499e+02,
       4.56723064e-01, 5.51005493e+02, 3.21814240e+02, 2.13415906e-01,
       5.51001099e+02, 2.74750305e+02, 2.87464678e-01, 3.45299011e+02,
       2.96324860e+02, 2.42761895e-01, 8.66950073e+01, 3.25715607e+02,
       1.30285248e-01, 5.49050720e+02, 3.78597717e+02, 2.38945663e-01,
       3.70796295e+02, 3.84534027e+02, 1.51655540e-01, 0., 0., 0.,
       9.76136719e+02, 2.37540543e+02, 6.98359668e-01, 9.80059937e+02,
       2.76708405e+02, 8.24022889e-01, 9.58545044e+02, 1.96474121e+02,
       6.41994238e-01, 0., 0., 0., 0., 0., 0., 0., 0., 0., 0., 0., 0.,
       8.08362961e+01, 3.31599182e+02, 5.72312549e-02, 0., 0., 0., 0.,
       0., 0. ]
