%YAML:1.0
---
pose_0: !!opencv-matrix
   rows: 1
   cols: 25
   dt: "3f"
   data: [ 9.33020508e+02, 3.66879883e+02, 7.97819793e-01,
       8.62508850e+02, 2.68897186e+02, 3.82714421e-01, 8.68439026e+02,
       2.72750366e+02, 7.25314677e-01, 7.62663208e+02, 3.84530640e+02,
       7.80896902e-01, 7.95914063e+02, 4.47279419e+02, 7.23020017e-01,
       8.52688477e+02, 2.49316116e+02, 2.12634787e-01, 6.99943298e+02,
       3.60955414e+02, 7.21398711e-01, 7.76331238e+02, 4.31568604e+02,
       7.12355375e-01, 5.45148315e+02, 2.70865631e+02, 1.32948786e-01,
       5.45138733e+02, 2.74781097e+02, 1.22736938e-01, 2.90483276e+02,
       3.21832336e+02, 4.01542902e-01, 8.47262344e+01, 3.00237061e+02,
       1.13823347e-01, 0., 0., 0., 0., 0., 0., 0., 0., 0.,
       9.48742432e+02, 3.53116760e+02, 7.86843061e-01, 0., 0., 0.,
       9.50676147e+02, 3.06117798e+02, 8.62592161e-01, 0., 0., 0., 0.,
       0., 0., 0., 0., 0., 0., 0., 0., 0., 0., 0., 0., 0., 0., 0., 0.,
       0. ]
