%YAML:1.0
---
pose_0: !!opencv-matrix
   rows: 1
   cols: 25
   dt: "3f"
   data: [ 8.80149658e+02, 2.27701416e+02, 6.70058489e-01,
       7.72378540e+02, 2.61089905e+02, 5.86219966e-01, 7.60569336e+02,
       1.96356491e+02, 6.64650142e-01, 0., 0., 0., 0., 0., 0.,
       7.74418579e+02, 3.31582489e+02, 6.22750998e-01, 6.95992310e+02,
       3.35423981e+02, 7.75314629e-01, 8.05707214e+02, 2.63062561e+02,
       7.34404325e-01, 5.41207397e+02, 2.41467545e+02, 2.52831221e-01,
       5.45131226e+02, 2.08158920e+02, 3.60296816e-01, 3.72710419e+02,
       2.12143005e+02, 5.02103984e-01, 0., 0., 0., 5.25550232e+02,
       2.86526001e+02, 1.85555324e-01, 3.64895233e+02, 2.84569946e+02,
       2.25276798e-01, 1.59208450e+02, 2.55210297e+02, 1.63211972e-01,
       8.86035095e+02, 2.19924973e+02, 6.50108457e-01, 8.86015198e+02,
       2.43527893e+02, 7.60990143e-01, 8.85999939e+02, 2.23842056e+02,
       5.45220226e-02, 8.64467529e+02, 2.76710693e+02, 6.05658233e-01,
       1.18045181e+02, 2.96306122e+02, 2.41585329e-01, 1.27837051e+02,
       3.02223389e+02, 2.53965586e-01, 1.31770691e+02, 2.49306580e+02,
       8.31224024e-02, 0., 0., 0., 0., 0., 0., 0., 0., 0. ]
