%YAML:1.0
---
pose_0: !!opencv-matrix
   rows: 1
   cols: 25
   dt: "3f"
   data: [ 9.31102539e+02, 2.25706207e+02, 7.94386148e-01,
       8.07684448e+02, 2.27785522e+02, 6.33210838e-01, 8.07649048e+02,
       1.39626907e+02, 6.35947585e-01, 6.76398987e+02, 1.00457779e+02,
       7.45165825e-01, 5.84300171e+02, 1.02459686e+02, 7.82193542e-01,
       8.07694458e+02, 3.17885132e+02, 6.83311164e-01, 6.95943176e+02,
       3.66838470e+02, 8.04412842e-01, 5.84310852e+02, 3.94292542e+02,
       7.96946883e-01, 5.52987366e+02, 2.16022400e+02, 1.05934970e-01,
       5.41214355e+02, 1.80760818e+02, 1.18412696e-01, 0., 0., 0., 0.,
       0., 0., 5.58852478e+02, 2.76726501e+02, 7.39493817e-02,
       3.76637146e+02, 3.17892303e+02, 8.32558274e-02, 1.78815247e+02,
       3.17861847e+02, 9.36522186e-02, 9.42816101e+02, 2.06169510e+02,
       7.81699181e-01, 9.40853271e+02, 2.41452133e+02, 7.70198882e-01,
       9.17330017e+02, 1.82699432e+02, 5.12468398e-01, 9.13463928e+02,
       2.61089966e+02, 2.66510278e-01, 0., 0., 0., 0., 0., 0., 0., 0.,
       0., 0., 0., 0., 0., 0., 0., 0., 0., 0. ]
