%YAML:1.0
---
pose_0: !!opencv-matrix
   rows: 1
   cols: 25
   dt: "3f"
   data: [ 1.09958777e+03, 2.41433823e+02, 5.33604443e-01,
       9.48774536e+02, 2.37543198e+02, 4.70874578e-01, 9.54599121e+02,
       1.47395325e+02, 4.57293957e-01, 9.29074524e+02, 3.77031212e+01,
       5.37312746e-01, 1.10151794e+03, 1.33791977e+02, 6.17751181e-01,
       9.46785767e+02, 3.31570160e+02, 4.50443417e-01, 8.82051636e+02,
       4.98110046e+02, 7.30480790e-01, 1.03881714e+03, 4.13829071e+02,
       6.29794478e-01, 6.35274963e+02, 3.02212402e+02, 1.21178716e-01,
       6.19600647e+02, 2.92413605e+02, 9.55486447e-02, 5.52960693e+02,
       3.55090881e+02, 1.70559376e-01, 0., 0., 0., 6.50932251e+02,
       3.19823395e+02, 1.02724031e-01, 5.52953125e+02, 3.55114441e+02,
       1.32944360e-01, 0., 0., 0., 1.11523218e+03, 2.02285110e+02,
       5.24876297e-01, 1.11908752e+03, 2.57105255e+02, 6.47446394e-01,
       1.08779077e+03, 1.68970428e+02, 1.87457159e-01, 1.10743237e+03,
       2.90448639e+02, 9.82824415e-02, 0., 0., 0., 0., 0., 0., 0., 0.,
       0., 0., 0., 0., 0., 0., 0., 0., 0., 0. ]
