%YAML:1.0
---
pose_0: !!opencv-matrix
   rows: 1
   cols: 25
   dt: "3f"
   data: [ 9.05634949e+02, 2.72731750e+02, 7.06309795e-01,
       7.93978088e+02, 3.19874756e+02, 7.43310452e-01, 7.78313354e+02,
       2.59076630e+02, 7.00156510e-01, 6.66602905e+02, 2.72818420e+02,
       4.40455556e-01, 5.62761719e+02, 2.59166748e+02, 3.51592630e-01,
       8.01803406e+02, 3.82463684e+02, 6.17416441e-01, 6.60747620e+02,
       3.82576904e+02, 7.97513723e-01, 5.43155334e+02, 2.86562347e+02,
       7.93063045e-01, 5.15735596e+02, 3.51171692e+02, 3.60221148e-01,
       5.09830414e+02, 3.11987823e+02, 5.04571140e-01, 3.37437653e+02,
       2.90433380e+02, 6.08556390e-01, 1.78792755e+02, 2.90414948e+02,
       1.79053456e-01, 5.23611877e+02, 3.94290802e+02, 3.61783475e-01,
       3.27672638e+02, 4.31527008e+02, 6.37312174e-01, 1.76842514e+02,
       4.84412323e+02, 5.05972922e-01, 9.03714600e+02, 2.57184265e+02,
       6.54752135e-01, 9.15398071e+02, 2.86556274e+02, 6.91240251e-01,
       8.62544739e+02, 2.53240143e+02, 3.07052106e-01, 8.93865356e+02,
       3.21906860e+02, 7.40552902e-01, 1.12150604e+02, 4.60899109e+02,
       2.20996395e-01, 1.18071426e+02, 4.76531982e+02, 2.48525679e-01,
       1.51357742e+02, 4.96158142e+02, 3.17663521e-01, 1.57214722e+02,
       2.96350311e+02, 5.63509502e-02, 0., 0., 0., 0., 0., 0. ]
