%YAML:1.0
---
pose_0: !!opencv-matrix
   rows: 1
   cols: 25
   dt: "3f"
   data: [ 8.72356079e+02, 1.29812744e+02, 8.02575946e-01,
       7.74286560e+02, 1.16127892e+02, 7.09341109e-01, 7.58651550e+02,
       4.16668625e+01, 6.32048190e-01, 6.88175171e+02, 5.34102106e+00,
       4.72065002e-01, 0., 0., 0., 7.76395020e+02, 1.88572189e+02,
       6.35032594e-01, 7.15653931e+02, 2.88515259e+02, 8.21422279e-01,
       7.70398193e+02, 3.62967407e+02, 7.81933725e-01, 5.45144348e+02,
       1.31762314e+02, 2.76261985e-01, 5.49042419e+02, 8.66543045e+01,
       3.54304016e-01, 4.78565582e+02, 7.10081787e+01, 6.27024993e-02,
       0., 0., 0., 5.43178650e+02, 1.82689713e+02, 3.16049546e-01,
       3.94273407e+02, 2.04244858e+02, 1.61126852e-01, 1.61142532e+02,
       2.27765015e+02, 1.09322883e-01, 8.84148987e+02, 1.04310188e+02,
       8.40756536e-01, 8.87968323e+02, 1.35651413e+02, 7.93777287e-01,
       8.60540649e+02, 6.91208572e+01, 8.45777869e-01, 0., 0., 0., 0.,
       0., 0., 0., 0., 0., 0., 0., 0., 0., 0., 0., 0., 0., 0., 0., 0.,
       0. ]
