%YAML:1.0
---
pose_0: !!opencv-matrix
   rows: 1
   cols: 25
   dt: "3f"
   data: [ 9.15326599e+02, 1.78727402e+02, 8.35549772e-01,
       8.05715881e+02, 1.78785355e+02, 6.83502257e-01, 8.01755798e+02,
       9.25863647e+01, 6.42558396e-01, 6.80296143e+02, 5.33316765e+01,
       6.88067079e-01, 5.66688782e+02, 6.91202927e+01, 7.80208111e-01,
       7.95940125e+02, 2.61096130e+02, 6.21431768e-01, 6.82308594e+02,
       2.96294983e+02, 7.20405638e-01, 5.47116882e+02, 3.55086151e+02,
       7.64766157e-01, 5.49061584e+02, 1.84655670e+02, 2.21171066e-01,
       5.35343750e+02, 1.35680801e+02, 2.80329674e-01, 3.45299469e+02,
       1.63092972e+02, 3.18163216e-01, 2.08176178e+02, 1.67077301e+02,
       7.30864033e-02, 5.54935059e+02, 2.27807068e+02, 2.42293805e-01,
       3.57051666e+02, 3.06078674e+02, 3.04508209e-01, 1.20015869e+02,
       3.13979980e+02, 3.50210845e-01, 9.19384888e+02, 1.49395050e+02,
       8.76172841e-01, 9.31152588e+02, 1.92475952e+02, 8.47396910e-01,
       8.93862854e+02, 1.27859154e+02, 6.79360271e-01, 9.25197144e+02,
       2.08106110e+02, 9.55464989e-02, 8.47104721e+01, 2.90431152e+02,
       1.47775292e-01, 8.67066116e+01, 3.00258636e+02, 1.67279691e-01,
       9.06341324e+01, 3.02218750e+02, 2.41929680e-01, 0., 0., 0., 0.,
       0., 0., 0., 0., 0. ]
