%YAML:1.0
---
pose_0: !!opencv-matrix
   rows: 1
   cols: 25
   dt: "3f"
   data: [ 9.29108521e+02, 1.80707733e+02, 7.73557484e-01,
       8.23353821e+02, 2.27846542e+02, 7.39917934e-01, 7.93962708e+02,
       1.61142136e+02, 6.71350837e-01, 6.99966064e+02, 8.47803268e+01,
       7.01131165e-01, 6.98036438e+02, 1.04374397e+02, 8.30149293e-01,
       8.48789368e+02, 3.04179474e+02, 6.69248223e-01, 7.58649719e+02,
       4.07964111e+02, 7.78177083e-01, 6.29344238e+02, 4.35411591e+02,
       7.79036522e-01, 5.60808411e+02, 2.66937988e+02, 1.12359256e-01,
       5.54919495e+02, 2.21866440e+02, 1.24563195e-01, 3.57069916e+02,
       2.96323151e+02, 7.02033639e-02, 1.18048157e+02, 3.66789734e+02,
       8.17500427e-02, 5.78439697e+02, 3.15927704e+02, 1.03927329e-01,
       3.55094910e+02, 2.94402618e+02, 1.42615959e-01, 1.16062271e+02,
       3.66869659e+02, 2.22481519e-01, 9.33034424e+02, 1.70942291e+02,
       7.58660674e-01, 9.46783264e+02, 1.96530899e+02, 8.66348863e-01,
       9.01695374e+02, 1.63146271e+02, 1.65599585e-01, 9.29086304e+02,
       2.43347137e+02, 7.90257990e-01, 0., 0., 0., 0., 0., 0.,
       9.84692230e+01, 3.70786102e+02, 1.30785510e-01, 0., 0., 0., 0.,
       0., 0., 0., 0., 0. ]
