%YAML:1.0
---
pose_0: !!opencv-matrix
   rows: 1
   cols: 25
   dt: "3f"
   data: [ 9.01757874e+02, 4.06081421e+02, 7.37813234e-01,
       7.93911072e+02, 4.13842987e+02, 7.05080628e-01, 7.87996460e+02,
       3.37523712e+02, 6.85735822e-01, 6.68575562e+02, 2.68873810e+02,
       7.60158718e-01, 7.60597168e+02, 2.76709625e+02, 7.79936135e-01,
       8.01778076e+02, 4.90268768e+02, 5.54198265e-01, 6.84248901e+02,
       5.74588135e+02, 7.78834879e-01, 7.84151306e+02, 5.70505066e+02,
       7.78380632e-01, 5.23595215e+02, 4.55031647e+02, 3.54334295e-01,
       5.27489258e+02, 4.04055298e+02, 4.46834534e-01, 3.33531616e+02,
       3.68912842e+02, 6.94447994e-01, 0., 0., 0., 5.31427917e+02,
       4.98130157e+02, 3.85843575e-01, 3.82496826e+02, 5.15740662e+02,
       6.08000517e-01, 4.31502441e+02, 6.52903870e+02, 9.29400548e-02,
       9.15479858e+02, 3.86472809e+02, 8.74471545e-01, 9.17423340e+02,
       4.27549469e+02, 7.81139970e-01, 8.93883911e+02, 3.62919495e+02,
       6.32976770e-01, 9.05611328e+02, 4.45130676e+02, 2.32077241e-01,
       0., 0., 0., 0., 0., 0., 0., 0., 0., 0., 0., 0., 0., 0., 0., 0.,
       0., 0. ]
