%YAML:1.0
---
pose_0: !!opencv-matrix
   rows: 1
   cols: 25
   dt: "3f"
   data: [ 8.84049683e+02, 3.66835388e+02, 8.78146529e-01,
       7.78290039e+02, 3.78603027e+02, 6.61303401e-01, 7.80228577e+02,
       3.08140503e+02, 6.16504133e-01, 8.05695374e+02, 2.16037003e+02,
       5.09680629e-01, 9.11470032e+02, 1.20062920e+02, 1.21940680e-01,
       7.74344971e+02, 4.49120483e+02, 5.80312788e-01, 6.95909180e+02,
       4.96239319e+02, 6.88640952e-01, 5.88197510e+02, 5.47114624e+02,
       7.74732471e-01, 5.56881836e+02, 3.72750641e+02, 1.63961262e-01,
       5.60796204e+02, 3.33539368e+02, 2.74183959e-01, 3.88403961e+02,
       3.04169922e+02, 1.44302219e-01, 0., 0., 0., 5.54914368e+02,
       4.29556000e+02, 1.48661003e-01, 3.49212982e+02, 2.72753967e+02,
       7.95988813e-02, 0., 0., 0., 8.86115845e+02, 3.47282532e+02,
       8.45921159e-01, 8.97782227e+02, 3.78644775e+02, 8.08819294e-01,
       8.64477478e+02, 3.25734344e+02, 5.63722551e-01, 8.84047791e+02,
       3.98109680e+02, 2.62408137e-01, 0., 0., 0., 0., 0., 0., 0., 0.,
       0., 0., 0., 0., 0., 0., 0., 0., 0., 0. ]
