%YAML:1.0
---
pose_0: !!opencv-matrix
   rows: 1
   cols: 25
   dt: "3f"
   data: [ 9.17384033e+02, 3.57070099e+02, 8.05856407e-01,
       8.03680054e+02, 3.37536865e+02, 6.70298934e-01, 7.92017639e+02,
       2.61038300e+02, 7.11722374e-01, 6.62644775e+02, 2.08198013e+02,
       7.63635159e-01, 7.27395081e+02, 2.10135193e+02, 8.52517784e-01,
       8.03698669e+02, 4.15815796e+02, 5.53590477e-01, 6.92095642e+02,
       4.96198975e+02, 7.78672338e-01, 8.03699219e+02, 5.05924530e+02,
       6.90668404e-01, 5.49048767e+02, 3.70789673e+02, 2.79400647e-01,
       5.45133301e+02, 3.31561829e+02, 3.56582820e-01, 3.59014801e+02,
       3.49192352e+02, 3.58458847e-01, 1.59172806e+02, 3.21816559e+02,
       2.64930129e-01, 5.43188354e+02, 4.13848877e+02, 2.45112330e-01,
       3.78588013e+02, 4.62862122e+02, 3.98558229e-01, 1.86648117e+02,
       5.21586914e+02, 4.68579829e-01, 9.31083740e+02, 3.35444366e+02,
       8.55838418e-01, 9.33041443e+02, 3.68889160e+02, 7.51335740e-01,
       8.99743286e+02, 3.02175873e+02, 7.09337592e-01, 0., 0., 0.,
       1.27850937e+02, 5.74525574e+02, 4.05385286e-01, 1.31745758e+02,
       5.74491638e+02, 4.23397571e-01, 1.65108963e+02, 5.09904266e+02,
       3.26567352e-01, 1.33700073e+02, 2.82647614e+02, 8.58050585e-02,
       1.31786880e+02, 2.78750336e+02, 6.91479221e-02, 1.45452225e+02,
       3.21749207e+02, 1.81652978e-01 ]
