%YAML:1.0
---
pose_0: !!opencv-matrix
   rows: 1
   cols: 25
   dt: "3f"
   data: [ 9.05610046e+02, 2.53233643e+02, 7.55192161e-01,
       7.92077820e+02, 2.86471710e+02, 7.07174778e-01, 7.74370422e+02,
       2.12062836e+02, 7.09415734e-01, 6.56802612e+02, 1.98419357e+02,
       2.24804103e-01, 5.41212036e+02, 1.94427963e+02, 1.89251095e-01,
       8.07660522e+02, 3.53200745e+02, 6.64429545e-01, 7.19485168e+02,
       3.66912872e+02, 6.59654737e-01, 5.72518066e+02, 3.39497955e+02,
       7.37123966e-01, 5.31419312e+02, 2.70862762e+02, 1.72137797e-01,
       5.29461243e+02, 2.41470871e+02, 2.06205279e-01, 3.37437164e+02,
       2.78703156e+02, 2.58845687e-01, 1.21977776e+02, 2.96333801e+02,
       1.34820133e-01, 5.19654358e+02, 3.04170074e+02, 9.40331072e-02,
       3.59021790e+02, 3.57068054e+02, 8.25659782e-02, 0., 0., 0.,
       9.03657043e+02, 2.29735031e+02, 8.44729364e-01, 9.21264587e+02,
       2.59179596e+02, 7.63698697e-01, 8.68354675e+02, 2.15982239e+02,
       6.20969236e-01, 9.01760864e+02, 2.90411102e+02, 4.27684605e-01,
       0., 0., 0., 0., 0., 0., 0., 0., 0., 7.68858643e+01,
       2.61129944e+02, 7.31291175e-02, 8.08271027e+01, 2.63004669e+02,
       5.69108091e-02, 0., 0., 0. ]
