%YAML:1.0
---
pose_0: !!opencv-matrix
   rows: 1
   cols: 25
   dt: "3f"
   data: [ 8.97775818e+02, 4.39345184e+02, 7.74432123e-01,
       7.99798340e+02, 4.74605713e+02, 6.57331347e-01, 7.74268005e+02,
       4.13827545e+02, 6.69924259e-01, 6.95944824e+02, 4.09969940e+02,
       2.80162126e-01, 6.51006042e+02, 3.33557617e+02, 2.49583915e-01,
       8.17478577e+02, 5.39224792e+02, 6.41599357e-01, 7.27351563e+02,
       4.76534149e+02, 6.44188404e-01, 6.50878662e+02, 3.29664764e+02,
       6.10120595e-01, 6.09804077e+02, 4.92210785e+02, 1.94782674e-01,
       6.21551697e+02, 4.47207458e+02, 2.86209524e-01, 3.66814514e+02,
       3.86442413e+02, 5.74193835e-01, 1.78774780e+02, 4.62893158e+02,
       4.69837487e-01, 6.09787964e+02, 5.35333008e+02, 1.67267084e-01,
       3.66827606e+02, 3.94248322e+02, 1.72546387e-01, 0., 0., 0.,
       9.01725281e+02, 4.21727478e+02, 8.62541258e-01, 9.13412109e+02,
       4.53091919e+02, 8.35838735e-01, 8.84031250e+02, 4.13872223e+02,
       3.63778710e-01, 8.99699768e+02, 4.88294037e+02, 6.81326807e-01,
       0., 0., 0., 0., 0., 0., 0., 0., 0., 1.33774780e+02,
       4.41314270e+02, 2.74622262e-01, 1.35710266e+02, 4.43208710e+02,
       2.59718090e-01, 1.63077911e+02, 4.82461761e+02, 3.34871590e-01 ]
