%YAML:1.0
---
pose_0: !!opencv-matrix
   rows: 1
   cols: 25
   dt: "3f"
   data: [ 8.80128174e+02, 2.25782272e+02, 6.99940801e-01,
       8.17473083e+02, 3.00219543e+02, 5.76524615e-01, 8.11573486e+02,
       2.72845123e+02, 4.41131383e-01, 6.62674255e+02, 2.74874512e+02,
       2.57875621e-01, 6.15664368e+02, 2.43393616e+02, 7.20714748e-01,
       8.21409485e+02, 3.27700989e+02, 5.38702667e-01, 7.15612732e+02,
       3.62938019e+02, 7.66574025e-01, 5.90179932e+02, 2.66961060e+02,
       6.32568359e-01, 6.45057861e+02, 3.27655609e+02, 1.96180493e-01,
       6.37218750e+02, 3.02181885e+02, 1.24131896e-01, 2.76727112e+02,
       2.90452118e+02, 5.89360818e-02, 0., 0., 0., 6.47024048e+02,
       3.55099670e+02, 1.46714956e-01, 5.09894226e+02, 2.94385925e+02,
       1.13635607e-01, 0., 0., 0., 8.97730286e+02, 2.23860962e+02,
       5.67402124e-01, 8.99717712e+02, 2.43470932e+02, 8.49482536e-01,
       0., 0., 0., 8.88011658e+02, 2.88560242e+02, 8.01768780e-01, 0.,
       0., 0., 0., 0., 0., 0., 0., 0., 0., 0., 0., 0., 0., 0., 0., 0.,
       0. ]
