%YAML:1.0
---
pose_0: !!opencv-matrix
   rows: 1
   cols: 25
   dt: "3f"
   data: [ 9.33066650e+02, 2.27695969e+02, 7.40184784e-01,
       8.36963318e+02, 2.90490845e+02, 7.29598165e-01, 8.05708130e+02,
       2.43433868e+02, 5.54218769e-01, 7.31291687e+02, 2.41394760e+02,
       3.67945671e-01, 6.76352783e+02, 2.19918335e+02, 6.83857560e-01,
       8.60557312e+02, 3.43358032e+02, 6.48870587e-01, 7.56668640e+02,
       4.29558502e+02, 6.75708532e-01, 5.74550903e+02, 4.68706543e+02,
       7.00439215e-01, 5.41233032e+02, 3.27671173e+02, 1.32138819e-01,
       5.41235657e+02, 2.96341248e+02, 1.76940739e-01, 3.37465851e+02,
       2.39504471e+02, 1.74264863e-01, 1.45447250e+02, 3.06101379e+02,
       9.53141227e-02, 5.45142944e+02, 3.82507751e+02, 8.98378789e-02,
       3.29628143e+02, 3.23764832e+02, 1.40440762e-01, 1.02396873e+02,
       4.09946533e+02, 6.26580864e-02, 9.46786499e+02, 2.21886368e+02,
       7.14640677e-01, 9.56510559e+02, 2.43528732e+02, 8.19983363e-01,
       9.33021790e+02, 2.12075027e+02, 5.50280213e-02, 9.38922546e+02,
       2.92399414e+02, 8.06978106e-01, 0., 0., 0., 0., 0., 0., 0., 0.,
       0., 0., 0., 0., 0., 0., 0., 0., 0., 0. ]
