%YAML:1.0
---
pose_0: !!opencv-matrix
   rows: 1
   cols: 25
   dt: "3f"
   data: [ 9.05627625e+02, 2.62994934e+02, 7.86746383e-01,
       8.23357422e+02, 2.29746750e+02, 4.80069041e-01, 8.37060730e+02,
       1.74845764e+02, 5.72658658e-01, 7.95922180e+02, 1.78711899e+02,
       6.82020724e-01, 8.23283813e+02, 3.21834076e+02, 7.95148194e-01,
       8.11568237e+02, 2.74803955e+02, 2.60050505e-01, 0., 0., 0., 0.,
       0., 0., 6.21546753e+02, 2.49317566e+02, 7.52358362e-02,
       6.29369873e+02, 2.12094437e+02, 8.73730555e-02, 2.84562988e+02,
       3.49165222e+02, 2.53435731e-01, 1.57243652e+02, 3.66851074e+02,
       4.02389228e-01, 6.62684143e+02, 3.04171539e+02, 5.96746057e-02,
       2.90435120e+02, 3.49231873e+02, 2.43967056e-01, 1.51377975e+02,
       3.59012238e+02, 2.92431176e-01, 9.17321960e+02, 2.41474533e+02,
       8.70519519e-01, 9.21327820e+02, 2.72869446e+02, 7.98726916e-01,
       8.99723755e+02, 2.10188934e+02, 6.30252361e-01, 0., 0., 0., 0.,
       0., 0., 0., 0., 0., 1.33659576e+02, 3.39395630e+02,
       2.52624631e-01, 1.31776794e+02, 4.09976379e+02, 1.34229794e-01,
       0., 0., 0., 1.35671585e+02, 3.57068268e+02, 2.72623897e-01 ]
