%YAML:1.0
---
pose_0: !!opencv-matrix
   rows: 1
   cols: 25
   dt: "3f"
   data: [ 8.50716675e+02, 3.53223206e+02, 7.88214564e-01,
       7.62635254e+02, 3.21751831e+02, 5.17137051e-01, 7.72377563e+02,
       2.76740631e+02, 6.57162070e-01, 6.58745056e+02, 2.41539047e+02,
       7.45720983e-01, 5.66666138e+02, 3.60998474e+02, 6.52164698e-01,
       7.35184753e+02, 3.57037903e+02, 2.24823266e-01, 0., 0., 0., 0.,
       0., 0., 5.31421509e+02, 2.92424683e+02, 1.71443939e-01,
       5.19683838e+02, 2.74765564e+02, 2.03100473e-01, 3.25720245e+02,
       4.02128540e+02, 6.32993042e-01, 1.04336052e+02, 3.53101196e+02,
       3.09935421e-01, 5.25569763e+02, 2.90460358e+02, 1.01613440e-01,
       3.25723969e+02, 3.90383698e+02, 7.39841461e-02, 1.39593384e+02,
       3.11991516e+02, 1.99703082e-01, 8.64448364e+02, 3.35448639e+02,
       7.54556775e-01, 8.62549316e+02, 3.68733826e+02, 8.03841889e-01,
       8.41015259e+02, 3.00243744e+02, 7.24458218e-01, 0., 0., 0.,
       1.16086197e+02, 2.74833313e+02, 1.92834839e-01, 1.16082977e+02,
       2.84590332e+02, 1.84893683e-01, 0., 0., 0., 4.94867325e+01,
       3.98200378e+02, 6.00252375e-02, 0., 0., 0., 8.86692657e+01,
       3.53171204e+02, 2.19741940e-01 ]
