%YAML:1.0
---
pose_0: !!opencv-matrix
   rows: 1
   cols: 25
   dt: "3f"
   data: [ 9.91857727e+02, 2.63022827e+02, 7.69742429e-01,
       8.52739441e+02, 2.59096527e+02, 5.45283258e-01, 8.58594116e+02,
       1.65105988e+02, 6.01051211e-01, 7.15615479e+02, 1.06267441e+02,
       7.28984237e-01, 7.66505676e+02, 2.35607437e+02, 7.06544459e-01,
       8.42945068e+02, 3.59033508e+02, 4.89718020e-01, 7.11650513e+02,
       4.13911285e+02, 6.91284716e-01, 6.88164978e+02, 3.88412048e+02,
       6.92416668e-01, 5.43176819e+02, 2.86507660e+02, 1.59173295e-01,
       5.39273560e+02, 2.35606232e+02, 2.10016146e-01, 3.43335602e+02,
       2.61048706e+02, 3.22231740e-01, 1.49370224e+02, 2.86510040e+02,
       3.98433387e-01, 5.37292358e+02, 3.37465576e+02, 1.87320992e-01,
       3.39419525e+02, 3.35507935e+02, 4.99938637e-01, 1.51342361e+02,
       3.45284393e+02, 2.68935621e-01, 1.00356287e+03, 2.41390640e+02,
       8.34411502e-01, 1.00939038e+03, 2.80669312e+02, 7.29484200e-01,
       9.74192383e+02, 2.02264160e+02, 2.61423975e-01, 0., 0., 0., 0.,
       0., 0., 0., 0., 0., 1.29788361e+02, 3.33565094e+02,
       1.88977033e-01, 1.18021111e+02, 2.41453842e+02, 2.44317353e-01,
       1.18052750e+02, 2.41510834e+02, 2.43741140e-01, 1.31797928e+02,
       2.94342590e+02, 3.85031730e-01 ]
