%YAML:1.0
---
pose_0: !!opencv-matrix
   rows: 1
   cols: 25
   dt: "3f"
   data: [ 9.13430786e+02, 3.39498413e+02, 7.36282229e-01,
       8.41011658e+02, 2.63048401e+02, 6.38635874e-01, 8.52697815e+02,
       2.41445709e+02, 7.52739847e-01, 7.42979248e+02, 2.66935699e+02,
       7.93216467e-01, 7.56682983e+02, 3.98181763e+02, 7.87587345e-01,
       8.35103088e+02, 2.90475098e+02, 5.35608649e-01, 7.46911987e+02,
       3.31556976e+02, 2.73543715e-01, 7.50872559e+02, 3.82523041e+02,
       7.43165016e-02, 5.82365112e+02, 2.35605240e+02, 1.65743351e-01,
       5.58865112e+02, 2.19920685e+02, 1.46462962e-01, 4.45213226e+02,
       2.39480286e+02, 1.15743980e-01, 3.23784302e+02, 2.98294006e+02,
       1.87413812e-01, 0., 0., 0., 0., 0., 0., 0., 0., 0.,
       9.31103394e+02, 3.29650146e+02, 7.76283681e-01, 9.33038330e+02,
       3.51114349e+02, 9.14966241e-02, 9.25237610e+02, 2.76787842e+02,
       8.17751944e-01, 0., 0., 0., 0., 0., 0., 0., 0., 0., 0., 0., 0.,
       0., 0., 0., 0., 0., 0., 0., 0., 0. ]
