%YAML:1.0
---
pose_0: !!opencv-matrix
   rows: 1
   cols: 25
   dt: "3f"
   data: [ 9.17369446e+02, 3.90364807e+02, 7.38541901e-01,
       8.31192932e+02, 4.33476166e+02, 7.04830587e-01, 8.03730591e+02,
       3.90385010e+02, 5.40049434e-01, 0., 0., 0., 0., 0., 0.,
       8.54704163e+02, 4.86365723e+02, 6.63417161e-01, 7.93921997e+02,
       4.54989075e+02, 5.73707461e-01, 7.58727539e+02, 3.04212036e+02,
       7.89874554e-01, 5.76490417e+02, 4.60913269e+02, 1.41940445e-01,
       5.80399719e+02, 4.25648712e+02, 2.25623965e-01, 3.62931976e+02,
       3.80560608e+02, 4.45203483e-01, 1.80734283e+02, 3.86474579e+02,
       1.78581163e-01, 5.62759766e+02, 5.11837433e+02, 1.27146944e-01,
       3.62929840e+02, 5.56977112e+02, 3.63729626e-01, 1.88591461e+02,
       6.17619690e+02, 2.00605989e-01, 9.29110657e+02, 3.78582977e+02,
       7.94819117e-01, 9.35019226e+02, 4.07980347e+02, 8.33517790e-01,
       9.07591675e+02, 3.68862335e+02, 1.74376935e-01, 9.29113342e+02,
       4.45152863e+02, 6.55161142e-01, 0., 0., 0., 0., 0., 0.,
       1.80788635e+02, 6.25460449e+02, 9.09765810e-02, 0., 0., 0., 0.,
       0., 0., 0., 0., 0. ]
