%YAML:1.0
---
pose_0: !!opencv-matrix
   rows: 1
   cols: 25
   dt: "3f"
   data: [ 8.64499023e+02, 4.35423187e+02, 7.77676046e-01,
       7.64590393e+02, 4.80507843e+02, 5.70751846e-01, 7.43024902e+02,
       4.53044403e+02, 3.40260208e-01, 5.99942566e+02, 4.29606995e+02,
       5.85957766e-01, 5.43231140e+02, 3.82497498e+02, 7.48193324e-01,
       7.88076782e+02, 5.19629272e+02, 6.61002398e-01, 6.95915161e+02,
       4.25592255e+02, 7.03592062e-01, 6.17640808e+02, 3.21829559e+02,
       8.27130079e-01, 5.19661133e+02, 5.11848083e+02, 2.99373597e-01,
       5.19645447e+02, 4.74607574e+02, 3.90512943e-01, 3.82487396e+02,
       4.09929993e+02, 5.35739720e-01, 1.92506531e+02, 4.47185272e+02,
       3.51857632e-01, 5.21630432e+02, 5.54953796e+02, 2.60787129e-01,
       3.60957855e+02, 5.72541626e+02, 3.71719956e-01, 2.02304108e+02,
       6.39181396e+02, 2.27593079e-01, 8.68349182e+02, 4.21736603e+02,
       7.96363354e-01, 8.74245605e+02, 4.49135345e+02, 7.95797765e-01,
       8.37090210e+02, 4.15799438e+02, 3.54133457e-01, 8.56647644e+02,
       4.80493896e+02, 6.69969738e-01, 1.37641525e+02, 6.37230164e+02,
       1.00658000e-01, 1.45473709e+02, 6.48939392e+02, 1.08840384e-01,
       1.92482117e+02, 6.48943359e+02, 1.12549812e-01, 0., 0., 0., 0.,
       0., 0., 0., 0., 0. ]
