%YAML:1.0
---
pose_0: !!opencv-matrix
   rows: 1
   cols: 25
   dt: "3f"
   data: [ 1.08774207e+03, 2.66939941e+02, 8.01652372e-01,
       9.68312927e+02, 2.35597336e+02, 1.65461481e-01, 1.00162238e+03,
       1.74862381e+02, 3.84924620e-01, 9.52614868e+02, 9.84460297e+01,
       5.05788997e-02, 9.05649475e+02, 2.59904480e+01, 6.67803362e-02,
       9.31120178e+02, 3.21770844e+02, 2.42459789e-01, 0., 0., 0., 0.,
       0., 0., 6.86187561e+02, 2.82607941e+02, 5.01486100e-02,
       6.50915222e+02, 2.55190384e+02, 7.61994198e-02, 0., 0., 0., 0.,
       0., 0., 0., 0., 0., 0., 0., 0., 0., 0., 0., 1.09958728e+03,
       2.37561142e+02, 8.26251864e-01, 1.10546204e+03, 2.84556641e+02,
       7.09760010e-01, 1.07610962e+03, 1.96383759e+02, 6.45946681e-01,
       0., 0., 0., 0., 0., 0., 0., 0., 0., 0., 0., 0., 0., 0., 0., 0.,
       0., 0., 0., 0., 0. ]
