%YAML:1.0
---
pose_0: !!opencv-matrix
   rows: 1
   cols: 25
   dt: "3f"
   data: [ 9.19367371e+02, 2.70864166e+02, 7.21332073e-01,
       8.23387329e+02, 2.61101868e+02, 5.82512856e-01, 8.27222656e+02,
       1.74872055e+02, 6.47984028e-01, 6.97964722e+02, 1.14105522e+02,
       7.51095474e-01, 7.46925537e+02, 2.15992416e+02, 7.37476051e-01,
       8.21328979e+02, 3.59031921e+02, 5.25399148e-01, 6.92082214e+02,
       4.11919373e+02, 7.07744181e-01, 7.01905334e+02, 3.66791840e+02,
       7.71392524e-01, 5.94102295e+02, 2.74752045e+02, 1.64726868e-01,
       5.80412231e+02, 2.27797287e+02, 2.41422221e-01, 3.39446045e+02,
       2.41425064e+02, 7.63494968e-02, 1.47458847e+02, 3.04192719e+02,
       1.98678121e-01, 5.98041382e+02, 3.29626099e+02, 1.22489408e-01,
       3.72754913e+02, 3.23739441e+02, 8.99537131e-02, 1.45487564e+02,
       3.04156128e+02, 1.36744007e-01, 9.33026855e+02, 2.43443497e+02,
       8.61835599e-01, 9.38900024e+02, 2.88516541e+02, 8.14484477e-01,
       9.17336609e+02, 2.19909134e+02, 6.04031205e-01, 9.29148743e+02,
       3.06222870e+02, 8.01413283e-02, 8.86552734e+01, 3.45324860e+02,
       1.31342635e-01, 1.00389565e+02, 3.49228058e+02, 1.46257639e-01,
       1.18050522e+02, 2.88471619e+02, 8.62903222e-02, 9.25961533e+01,
       3.37506836e+02, 8.95792767e-02, 9.25736618e+01, 3.35522614e+02,
       8.51219371e-02, 0., 0., 0. ]
