%YAML:1.0
---
pose_0: !!opencv-matrix
   rows: 1
   cols: 25
   dt: "3f"
   data: [ 9.01718689e+02, 3.53117981e+02, 8.00517440e-01,
       7.95898987e+02, 3.37449310e+02, 6.87281549e-01, 8.03704163e+02,
       2.59108948e+02, 6.67974293e-01, 6.95904053e+02, 1.78684921e+02,
       7.77934074e-01, 6.48942322e+02, 2.08159653e+02, 8.07166159e-01,
       7.82196716e+02, 4.13829712e+02, 5.80248356e-01, 6.70549255e+02,
       4.68702087e+02, 7.42191792e-01, 7.74409607e+02, 4.78570557e+02,
       7.85201967e-01, 5.27514465e+02, 3.43340942e+02, 2.35768780e-01,
       5.27524109e+02, 3.04144867e+02, 2.89575636e-01, 3.57060608e+02,
       3.02214966e+02, 2.95874655e-01, 1.55292297e+02, 3.06179321e+02,
       5.17637074e-01, 5.21612976e+02, 3.86438202e+02, 2.17554674e-01,
       3.41372681e+02, 4.49121887e+02, 4.73838240e-01, 1.65090729e+02,
       5.09929718e+02, 4.90641415e-01, 9.15467346e+02, 3.25722687e+02,
       8.01806688e-01, 9.17445190e+02, 3.68728149e+02, 8.04424524e-01,
       8.93871582e+02, 3.02172607e+02, 5.80246270e-01, 9.15478821e+02,
       3.84503326e+02, 5.99194430e-02, 1.14150749e+02, 5.68649109e+02,
       2.00417861e-01, 1.16091675e+02, 5.68652466e+02, 2.03996375e-01,
       1.43525818e+02, 5.07893463e+02, 3.06053519e-01, 1.04323578e+02,
       3.04154907e+02, 1.29294753e-01, 1.14097130e+02, 2.94363678e+02,
       1.29068643e-01, 1.47403488e+02, 3.08114929e+02, 3.50951046e-01 ]
