%YAML:1.0
---
pose_0: !!opencv-matrix
   rows: 1
   cols: 25
   dt: "3f"
   data: [ 8.99697388e+02, 3.53106171e+02, 8.57709348e-01,
       8.03697632e+02, 3.13957520e+02, 6.11975849e-01, 8.13547913e+02,
       2.72773407e+02, 6.53825521e-01, 7.11718811e+02, 3.04182098e+02,
       7.86354959e-01, 8.13565063e+02, 4.19743958e+02, 7.86499202e-01,
       7.78287415e+02, 3.51217865e+02, 4.50291365e-01, 6.84206360e+02,
       4.19732452e+02, 8.19672048e-01, 7.62634583e+02, 4.47100159e+02,
       8.77824843e-01, 5.58859558e+02, 2.96346344e+02, 1.71791837e-01,
       5.56874451e+02, 2.92426453e+02, 1.49146020e-01, 3.21824554e+02,
       3.51223175e+02, 2.90404856e-01, 1.18044113e+02, 3.37541229e+02,
       2.41282329e-01, 5.54926575e+02, 2.92435608e+02, 1.45076096e-01,
       3.35495117e+02, 3.37507507e+02, 1.24645382e-01, 1.37642944e+02,
       3.37508820e+02, 2.47728810e-01, 9.15384705e+02, 3.23814819e+02,
       7.56679475e-01, 9.15463867e+02, 3.64848267e+02, 7.61861801e-01,
       8.93847351e+02, 2.90380493e+02, 8.03017378e-01, 0., 0., 0., 0.,
       0., 0., 0., 0., 0., 1.16077988e+02, 3.53150909e+02,
       8.22099894e-02, 1.31811951e+02, 4.09949738e+02, 1.50366262e-01,
       1.31807312e+02, 4.04092407e+02, 1.24903552e-01, 9.64917297e+01,
       3.41368469e+02, 1.94390029e-01 ]
