%YAML:1.0
---
pose_0: !!opencv-matrix
   rows: 1
   cols: 25
   dt: "3f"
   data: [ 9.30999329e+02, 1.63070129e+02, 8.45871449e-01,
       8.05676147e+02, 1.63129883e+02, 6.31268501e-01, 8.05659546e+02,
       7.49353104e+01, 6.30089998e-01, 7.03834656e+02, 4.39544535e+00,
       5.23611128e-01, 5.82341431e+02, 2.00611191e+01, 6.25565231e-01,
       7.95946350e+02, 2.57120636e+02, 6.46037996e-01, 6.95972229e+02,
       3.08125122e+02, 7.15015590e-01, 5.76466980e+02, 3.98137604e+02,
       7.84636796e-01, 5.27540100e+02, 2.16019318e+02, 2.08266169e-01,
       5.17728699e+02, 1.78763885e+02, 1.57489553e-01, 3.43345795e+02,
       3.08127655e+02, 2.64125496e-01, 1.33726608e+02, 3.78590546e+02,
       2.08368003e-01, 5.37294556e+02, 2.55193497e+02, 2.06144214e-01,
       3.43343414e+02, 3.06094208e+02, 1.17184378e-01, 1.25890953e+02,
       3.80572235e+02, 1.30858272e-01, 9.34995789e+02, 1.35660858e+02,
       8.53114784e-01, 9.42838989e+02, 1.76820755e+02, 8.06189299e-01,
       9.11489868e+02, 1.15987671e+02, 5.70247352e-01, 9.29122559e+02,
       1.94520844e+02, 2.00641721e-01, 8.47184601e+01, 3.72746002e+02,
       8.92706662e-02, 8.86764679e+01, 3.82499969e+02, 1.03086472e-01,
       1.04307899e+02, 3.80568665e+02, 1.05524242e-01, 8.86730270e+01,
       3.76635956e+02, 1.23605348e-01, 0., 0., 0., 1.16058006e+02,
       3.82534058e+02, 1.64818183e-01 ]
