%YAML:1.0
---
pose_0: !!opencv-matrix
   rows: 1
   cols: 25
   dt: "3f"
   data: [ 9.15439514e+02, 2.49328842e+02, 8.14779639e-01,
       8.07604919e+02, 2.51293198e+02, 6.56622469e-01, 8.05605469e+02,
       1.65118408e+02, 7.14426160e-01, 6.78356812e+02, 1.33735947e+02,
       8.21432590e-01, 5.90247986e+02, 1.94353043e+02, 7.26460397e-01,
       8.05713562e+02, 3.37444946e+02, 6.68777108e-01, 7.01899658e+02,
       3.98217468e+02, 7.37788737e-01, 6.51004395e+02, 3.70789612e+02,
       8.00696373e-01, 5.58869568e+02, 2.68873383e+02, 3.03290725e-01,
       5.68635803e+02, 2.25827667e+02, 3.85732591e-01, 3.55099243e+02,
       2.33620636e+02, 1.93321779e-01, 1.33685669e+02, 2.45388138e+02,
       3.72137606e-01, 5.54895386e+02, 3.06151093e+02, 3.09791565e-01,
       3.21823212e+02, 3.53153503e+02, 2.13881880e-01, 1.29802643e+02,
       3.84447144e+02, 3.89801294e-01, 9.27188904e+02, 2.29785904e+02,
       8.44789445e-01, 9.29136719e+02, 2.66935028e+02, 7.70772457e-01,
       8.99802979e+02, 2.10117813e+02, 6.66991413e-01, 9.09535156e+02,
       2.88494415e+02, 3.77862573e-01, 5.73259773e+01, 4.09928802e+02,
       1.08205289e-01, 6.91225967e+01, 4.15834229e+02, 1.32443100e-01,
       1.16046799e+02, 3.82489960e+02, 1.35498226e-01, 1.10189232e+02,
       2.61080017e+02, 1.12799756e-01, 1.04357491e+02, 2.53228500e+02,
       1.10766821e-01, 1.20023590e+02, 2.55165268e+02, 2.46829912e-01 ]
