%YAML:1.0
---
pose_0: !!opencv-matrix
   rows: 1
   cols: 25
   dt: "3f"
   data: [ 8.86017822e+02, 2.57083008e+02, 8.33629489e-01,
       7.76302185e+02, 2.76762421e+02, 7.36407518e-01, 7.52804443e+02,
       2.19893738e+02, 6.54822946e-01, 6.33264465e+02, 1.94476227e+02,
       6.90452695e-01, 5.35367126e+02, 1.70924744e+02, 6.32323563e-01,
       7.97896484e+02, 3.43331329e+02, 5.75224996e-01, 8.52722656e+02,
       4.64872375e+02, 7.33951211e-01, 9.23230652e+02, 5.23546387e+02,
       6.49103165e-01, 5.49068176e+02, 3.33541260e+02, 3.28815311e-01,
       5.43154236e+02, 2.90423737e+02, 3.86351764e-01, 4.98131104e+02,
       2.59069336e+02, 8.38789269e-02, 3.45289215e+02, 2.49312927e+02,
       2.54891217e-01, 5.52985657e+02, 3.68838043e+02, 3.25419784e-01,
       3.70762817e+02, 4.43232117e+02, 3.04935098e-01, 2.96325745e+02,
       5.11847595e+02, 5.40454835e-02, 8.95845398e+02, 2.43374039e+02,
       8.10715258e-01, 8.97784180e+02, 2.72824432e+02, 8.28953564e-01,
       8.72322815e+02, 2.27809082e+02, 1.97184101e-01, 8.82135315e+02,
       3.04084564e+02, 4.76447463e-01, 0., 0., 0., 0., 0., 0., 0., 0.,
       0., 3.43351135e+02, 2.74777435e+02, 6.44665062e-02,
       3.39483368e+02, 2.74818146e+02, 6.58249110e-02, 3.31565155e+02,
       2.47347855e+02, 1.95787191e-01 ]
