%YAML:1.0
---
pose_0: !!opencv-matrix
   rows: 1
   cols: 25
   dt: "3f"
   data: [ 1.00944012e+03, 2.57101410e+02, 6.03026509e-01,
       8.89957642e+02, 2.55156845e+02, 4.62252617e-01, 9.11511536e+02,
       1.84664841e+02, 3.66452068e-01, 9.07566589e+02, 1.31721222e+02,
       3.75642002e-01, 0., 0., 0., 8.78159912e+02, 3.33543060e+02,
       5.08047462e-01, 8.41018433e+02, 4.90254974e+02, 7.74605811e-01,
       9.54581604e+02, 4.29569794e+02, 8.04846883e-01, 6.66605835e+02,
       2.88511749e+02, 6.09494373e-02, 0., 0., 0., 0., 0., 0., 0., 0.,
       0., 6.84241028e+02, 3.17869415e+02, 5.29703908e-02,
       3.10051819e+02, 2.94359650e+02, 8.76801163e-02, 8.08399353e+01,
       2.86550537e+02, 1.19519360e-01, 1.02317926e+03, 2.43463287e+02,
       3.83659661e-01, 1.01924207e+03, 2.72813660e+02, 6.11050367e-01,
       9.85921814e+02, 2.06205429e+02, 1.14527859e-01, 0., 0., 0.,
       3.57726021e+01, 2.70841797e+02, 9.51332822e-02, 3.77048302e+01,
       2.74761475e+02, 1.00793518e-01, 0., 0., 0., 0., 0., 0., 0., 0.,
       0., 0., 0., 0. ]
