%YAML:1.0
---
pose_0: !!opencv-matrix
   rows: 1
   cols: 25
   dt: "3f"
   data: [ 9.05598572e+02, 1.78820160e+02, 7.77129054e-01,
       8.07739014e+02, 2.16021439e+02, 7.21419156e-01, 7.88019897e+02,
       1.47388351e+02, 6.77437186e-01, 7.13622620e+02, 9.25747070e+01,
       2.66330779e-01, 6.92044006e+02, 9.06265411e+01, 3.90190125e-01,
       8.27292847e+02, 2.92396271e+02, 6.51984692e-01, 7.39096558e+02,
       3.86449066e+02, 7.61249363e-01, 6.17577515e+02, 4.27591461e+02,
       7.93348372e-01, 5.43226257e+02, 2.57132294e+02, 3.89446199e-01,
       5.43216431e+02, 2.15981445e+02, 3.71950597e-01, 4.98106720e+02,
       1.74883270e+02, 3.87759447e-01, 0., 0., 0., 5.47111816e+02,
       2.90488373e+02, 4.44051117e-01, 3.55130707e+02, 2.57080475e+02,
       5.86628497e-01, 1.37631516e+02, 3.23811432e+02, 3.78624380e-01,
       9.15455811e+02, 1.63139465e+02, 8.86268497e-01, 9.27123718e+02,
       1.94528214e+02, 8.50609422e-01, 8.89964478e+02, 1.49382019e+02,
       3.98707569e-01, 9.13417664e+02, 2.27788559e+02, 6.84652448e-01,
       7.68849945e+01, 2.88542267e+02, 1.28337026e-01, 8.27847214e+01,
       3.02206512e+02, 1.43662930e-01, 1.18078979e+02, 3.37487335e+02,
       2.52071410e-01, 0., 0., 0., 0., 0., 0., 0., 0., 0. ]
