%YAML:1.0
---
pose_0: !!opencv-matrix
   rows: 1
   cols: 25
   dt: "3f"
   data: [ 8.72279053e+02, 4.33518402e+02, 8.23235810e-01,
       7.76283386e+02, 4.09958374e+02, 7.13649809e-01, 7.60716797e+02,
       3.45270660e+02, 6.91377103e-01, 7.11606018e+02, 2.47341843e+02,
       7.81665742e-01, 8.13550720e+02, 2.47342621e+02, 7.84050941e-01,
       7.91952881e+02, 4.76609985e+02, 6.60241723e-01, 7.82223206e+02,
       5.99972778e+02, 7.58520842e-01, 8.09624573e+02, 7.15606873e+02,
       5.75853407e-01, 5.56882568e+02, 4.35448151e+02, 2.86812335e-01,
       5.49071045e+02, 3.98207336e+02, 3.27690840e-01, 3.86438141e+02,
       4.06026520e+02, 1.74609810e-01, 2.02287796e+02, 4.09971924e+02,
       2.62247056e-01, 5.66672241e+02, 4.78546356e+02, 2.60957122e-01,
       4.02131134e+02, 5.13818237e+02, 8.78666937e-02, 0., 0., 0.,
       8.84003967e+02, 4.13959015e+02, 8.84266555e-01, 8.88026123e+02,
       4.31457428e+02, 4.57717031e-01, 8.54750671e+02, 3.76684967e+02,
       8.28631938e-01, 0., 0., 0., 0., 0., 0., 0., 0., 0., 0., 0., 0.,
       1.55291458e+02, 3.96246643e+02, 1.14838392e-01, 1.59194916e+02,
       3.94298553e+02, 9.29994881e-02, 0., 0., 0. ]
