%YAML:1.0
---
pose_0: !!opencv-matrix
   rows: 1
   cols: 25
   dt: "3f"
   data: [ 9.72211121e+02, 2.59072510e+02, 7.80058086e-01,
       8.38976013e+02, 2.57172363e+02, 5.03083229e-01, 8.37005737e+02,
       1.70958618e+02, 6.29235506e-01, 6.82241211e+02, 1.33639038e+02,
       8.29040647e-01, 6.21598999e+02, 1.86592484e+02, 7.59425342e-01,
       8.31195923e+02, 3.66834564e+02, 4.98187065e-01, 6.68552002e+02,
       4.15801575e+02, 7.19257116e-01, 7.29343018e+02, 3.37391998e+02,
       8.24287593e-01, 5.07878662e+02, 3.11991272e+02, 2.68875301e-01,
       5.09882446e+02, 2.66937225e+02, 2.05800831e-01, 4.19746826e+02,
       2.27780685e+02, 1.35630682e-01, 1.45471100e+02, 2.86508118e+02,
       3.03269863e-01, 5.09861450e+02, 3.51219635e+02, 3.08564723e-01,
       3.19879639e+02, 3.37476715e+02, 4.27573025e-01, 1.16069801e+02,
       3.45295258e+02, 2.85267055e-01, 9.80094360e+02, 2.37557480e+02,
       8.64513516e-01, 9.83992676e+02, 2.78709045e+02, 7.40067124e-01,
       9.48789490e+02, 2.10111954e+02, 5.68883419e-01, 9.74167847e+02,
       3.06137238e+02, 1.04747280e-01, 3.97351913e+01, 3.64885986e+02,
       2.27344051e-01, 5.14621201e+01, 3.68788574e+02, 2.25038946e-01,
       1.02386223e+02, 3.43336792e+02, 1.37675047e-01, 0., 0., 0., 0.,
       0., 0., 1.27818871e+02, 2.88444305e+02, 1.50854290e-01 ]
