%YAML:1.0
---
pose_0: !!opencv-matrix
   rows: 1
   cols: 25
   dt: "3f"
   data: [ 8.58631165e+02, 1.53311386e+02, 3.93993706e-01,
       7.74274597e+02, 1.61119171e+02, 5.59918821e-01, 7.58684631e+02,
       7.88751297e+01, 3.69081289e-01, 8.25281921e+02, 5.34404564e+00,
       1.20012075e-01, 8.88066895e+02, 1.02422997e+02, 1.08911641e-01,
       7.74353027e+02, 2.12088684e+02, 4.44955766e-01, 8.82131592e+02,
       2.68884399e+02, 6.06654108e-01, 9.33046814e+02, 1.68981750e+02,
       2.05773398e-01, 5.17707397e+02, 2.12069733e+02, 7.09965825e-02,
       5.13800049e+02, 1.80752396e+02, 6.50513619e-02, 3.47260071e+02,
       2.27743073e+02, 1.23642981e-01, 1.59172958e+02, 2.27798553e+02,
       1.97152793e-01, 0., 0., 0., 0., 0., 0., 0., 0., 0.,
       8.68354675e+02, 1.43507172e+02, 1.92878768e-01, 8.84047180e+02,
       1.76830490e+02, 3.13052267e-01, 8.70382507e+02, 1.43488495e+02,
       9.42752659e-02, 0., 0., 0., 0., 0., 0., 0., 0., 0., 0., 0., 0.,
       1.18109718e+02, 2.10012466e+02, 7.58044347e-02, 1.18149849e+02,
       2.04236465e+02, 5.96646853e-02, 0., 0., 0. ]
