%YAML:1.0
---
pose_0: !!opencv-matrix
   rows: 1
   cols: 25
   dt: "3f"
   data: [ 8.84141968e+02, 4.04075531e+02, 7.94872046e-01,
       7.88079834e+02, 4.56932922e+02, 6.65674150e-01, 7.58708130e+02,
       4.15857941e+02, 4.92970347e-01, 5.98037048e+02, 4.43292664e+02,
       2.01121673e-01, 4.70681366e+02, 4.35416382e+02, 5.30962572e-02,
       8.19440430e+02, 4.96204773e+02, 6.86604202e-01, 7.58598389e+02,
       5.70580627e+02, 7.98828125e-01, 7.58590149e+02, 4.43214203e+02,
       7.09376335e-01, 5.68647522e+02, 5.07927856e+02, 6.72421306e-02,
       5.70580383e+02, 4.76555237e+02, 1.09211326e-01, 3.51201538e+02,
       4.37377594e+02, 6.08737357e-02, 1.65105850e+02, 4.43223053e+02,
       1.88436210e-01, 6.31326538e+02, 5.52968201e+02, 5.21991216e-02,
       0., 0., 0., 0., 0., 0., 8.89920837e+02, 3.96185699e+02,
       8.10659349e-01, 8.97783142e+02, 4.19749451e+02, 7.99674928e-01,
       8.70324707e+02, 3.86418854e+02, 3.77822280e-01, 8.84120789e+02,
       4.45272491e+02, 7.25125670e-01, 0., 0., 0., 0., 0., 0., 0., 0.,
       0., 0., 0., 0., 0., 0., 0., 1.53293091e+02, 4.37381866e+02,
       1.20177247e-01 ]
