%YAML:1.0
---
pose_0: !!opencv-matrix
   rows: 1
   cols: 25
   dt: "3f"
   data: [ 9.01678589e+02, 4.41313293e+02, 7.59812176e-01,
       8.05678467e+02, 4.45254456e+02, 7.02316403e-01, 7.99802856e+02,
       3.78580872e+02, 6.74746752e-01, 6.74438721e+02, 3.04127350e+02,
       7.07445681e-01, 7.13608521e+02, 3.29662384e+02, 7.81593800e-01,
       8.07624084e+02, 5.15729065e+02, 5.56088328e-01, 6.80367310e+02,
       5.88342529e+02, 8.53885055e-01, 7.91956177e+02, 5.62797791e+02,
       7.40160406e-01, 5.35341003e+02, 4.66764435e+02, 2.99704760e-01,
       5.43171997e+02, 4.17834381e+02, 4.28397059e-01, 3.41371124e+02,
       3.80600677e+02, 4.43122476e-01, 0., 0., 0., 5.39221130e+02,
       5.13802185e+02, 3.37436229e-01, 3.84509613e+02, 5.09834961e+02,
       3.13972890e-01, 3.82574371e+02, 5.05946014e+02, 1.05901688e-01,
       9.15330994e+02, 4.23638489e+02, 8.24010670e-01, 9.15401184e+02,
       4.58958099e+02, 7.54543424e-01, 8.89952271e+02, 4.00225555e+02,
       6.26743913e-01, 8.99783142e+02, 4.78480713e+02, 3.15784335e-01,
       0., 0., 0., 0., 0., 0., 0., 0., 0., 0., 0., 0., 0., 0., 0., 0.,
       0., 0. ]
