%YAML:1.0
---
pose_0: !!opencv-matrix
   rows: 1
   cols: 25
   dt: "3f"
   data: [ 9.15418213e+02, 2.14004166e+02, 8.52224469e-01,
       8.05635498e+02, 2.17942932e+02, 6.47066534e-01, 7.99840271e+02,
       1.33734802e+02, 6.95427001e-01, 6.62654541e+02, 1.02324287e+02,
       7.13681459e-01, 5.58824280e+02, 9.44989777e+01, 6.90548062e-01,
       7.97880371e+02, 3.06081696e+02, 6.19652629e-01, 6.66636658e+02,
       3.37392639e+02, 7.40532398e-01, 5.66660400e+02, 3.17813507e+02,
       7.77073503e-01, 5.58844543e+02, 1.96393082e+02, 1.35041803e-01,
       5.60801453e+02, 1.51386841e+02, 1.76358759e-01, 0., 0., 0., 0.,
       0., 0., 5.68654114e+02, 2.55158401e+02, 8.95422101e-02, 0., 0.,
       0., 0., 0., 0., 9.25221130e+02, 1.94384415e+02, 8.52470994e-01,
       9.31059143e+02, 2.27801147e+02, 8.48558128e-01, 8.99743652e+02,
       1.70944519e+02, 6.49139881e-01, 9.17369385e+02, 2.51238297e+02,
       2.01995075e-01, 0., 0., 0., 0., 0., 0., 0., 0., 0., 0., 0., 0.,
       0., 0., 0., 0., 0., 0. ]
