%YAML:1.0
---
pose_0: !!opencv-matrix
   rows: 1
   cols: 25
   dt: "3f"
   data: [ 9.74140869e+02, 3.17902496e+02, 7.17107296e-01,
       8.50758606e+02, 3.13964478e+02, 5.26994944e-01, 8.39093506e+02,
       2.25856995e+02, 7.02964425e-01, 6.93990784e+02, 1.61084213e+02,
       7.18954146e-01, 7.60704102e+02, 2.33630402e+02, 7.68799126e-01,
       8.52688416e+02, 4.13874939e+02, 5.47616839e-01, 6.95985046e+02,
       4.92227234e+02, 4.75655407e-01, 7.46989258e+02, 4.35427429e+02,
       7.61181951e-01, 5.70587036e+02, 3.25738647e+02, 1.68219686e-01,
       5.54943542e+02, 2.78705414e+02, 2.48812348e-01, 3.62947174e+02,
       2.86544098e+02, 8.55946988e-02, 0., 0., 0., 5.96072327e+02,
       3.80561249e+02, 1.17838822e-01, 0., 0., 0., 0., 0., 0.,
       9.85941467e+02, 2.90464813e+02, 8.38991582e-01, 9.91853516e+02,
       3.35572540e+02, 7.93982208e-01, 9.62398560e+02, 2.57173553e+02,
       5.34709513e-01, 0., 0., 0., 0., 0., 0., 0., 0., 0., 0., 0., 0.,
       0., 0., 0., 0., 0., 0., 0., 0., 0. ]
