%YAML:1.0
---
pose_0: !!opencv-matrix
   rows: 1
   cols: 25
   dt: "3f"
   data: [ 9.36961182e+02, 3.70803375e+02, 7.33065844e-01,
       8.56666992e+02, 2.98266724e+02, 4.08549279e-01, 8.72293701e+02,
       2.70887054e+02, 6.58278823e-01, 7.92032959e+02, 1.92421722e+02,
       7.45080888e-01, 6.45043762e+02, 2.61095612e+02, 5.83219826e-01,
       8.50760254e+02, 3.31557556e+02, 1.84265569e-01, 0., 0., 0., 0.,
       0., 0., 6.58766724e+02, 2.98293732e+02, 1.26603127e-01,
       6.48970581e+02, 2.88487518e+02, 1.15800917e-01, 4.94180206e+02,
       2.92434998e+02, 7.77853578e-02, 3.72735962e+02, 3.57071014e+02,
       6.57578707e-02, 0., 0., 0., 0., 0., 0., 0., 0., 0.,
       9.60411926e+02, 3.51236511e+02, 7.18045592e-01, 9.60411133e+02,
       3.74675140e+02, 1.30007982e-01, 9.42836548e+02, 3.04140259e+02,
       8.41583967e-01, 0., 0., 0., 0., 0., 0., 0., 0., 0., 0., 0., 0.,
       0., 0., 0., 0., 0., 0., 0., 0., 0. ]
