%YAML:1.0
---
pose_0: !!opencv-matrix
   rows: 1
   cols: 25
   dt: "3f"
   data: [ 1.07219788e+03, 2.59175140e+02, 7.77853310e-01,
       9.25231873e+02, 2.47329666e+02, 4.38718736e-01, 9.35013000e+02,
       1.53298569e+02, 4.46536481e-01, 7.76276489e+02, 3.18435249e+01,
       6.85120344e-01, 8.70285767e+02, 1.31744644e+02, 6.75179005e-01,
       9.25203857e+02, 3.47274323e+02, 4.04659152e-01, 7.91945007e+02,
       4.13877289e+02, 2.24733382e-01, 7.56722229e+02, 4.02129150e+02,
       1.03907652e-01, 5.76497070e+02, 2.45388565e+02, 1.10193722e-01,
       5.72550659e+02, 1.96421021e+02, 1.52044669e-01, 4.29546448e+02,
       2.21882385e+02, 6.13631010e-02, 3.39407623e+02, 2.57165802e+02,
       1.90696180e-01, 5.88249023e+02, 3.08080414e+02, 1.03117436e-01,
       4.80500519e+02, 3.57053253e+02, 5.77099919e-02, 3.51199066e+02,
       4.02110199e+02, 8.75486284e-02, 1.08790039e+03, 2.27674210e+02,
       8.78830969e-01, 1.09369714e+03, 2.74859802e+02, 7.80026674e-01,
       1.04283142e+03, 1.90490433e+02, 6.39042497e-01, 0., 0., 0.,
       3.35462646e+02, 4.04103180e+02, 7.97427595e-02, 3.37470581e+02,
       4.13844299e+02, 7.28706196e-02, 0., 0., 0., 3.35497681e+02,
       2.76733826e+02, 1.66015297e-01, 0., 0., 0., 0., 0., 0. ]
