%YAML:1.0
---
pose_0: !!opencv-matrix
   rows: 1
   cols: 25
   dt: "3f"
   data: [ 8.84116577e+02, 3.51133087e+02, 8.94201159e-01,
       7.86115112e+02, 3.49225006e+02, 6.07417345e-01, 7.92070068e+02,
       2.72779388e+02, 5.90286136e-01, 8.21354248e+02, 2.12110596e+02,
       3.93685877e-01, 9.19315674e+02, 1.47428757e+02, 1.47964001e-01,
       7.76350342e+02, 4.25607697e+02, 5.74969888e-01, 6.95973572e+02,
       4.78587311e+02, 7.48720407e-01, 5.88223877e+02, 5.37308716e+02,
       7.80661106e-01, 5.47104431e+02, 3.57067108e+02, 1.92476094e-01,
       5.52951721e+02, 3.10022980e+02, 2.46879637e-01, 3.62927032e+02,
       2.64985016e+02, 2.20644787e-01, 0., 0., 0., 5.52963074e+02,
       4.06024841e+02, 2.13753343e-01, 3.68800018e+02, 4.62868011e+02,
       2.11933181e-01, 1.70961502e+02, 5.29462769e+02, 2.73775518e-01,
       8.88047363e+02, 3.25746735e+02, 7.71551788e-01, 8.99663940e+02,
       3.60968933e+02, 8.13163757e-01, 8.64438904e+02, 3.04120117e+02,
       4.81702119e-01, 8.84048279e+02, 3.80565613e+02, 1.77430630e-01,
       1.49387070e+02, 5.98041748e+02, 5.36627248e-02, 1.51358398e+02,
       5.99936584e+02, 5.16238064e-02, 1.47402390e+02, 5.25500122e+02,
       2.20254704e-01, 0., 0., 0., 0., 0., 0., 0., 0., 0. ]
