%YAML:1.0
---
pose_0: !!opencv-matrix
   rows: 1
   cols: 25
   dt: "3f"
   data: [ 1.00945288e+03, 2.29725830e+02, 8.18540990e-01,
       8.97802612e+02, 2.39489044e+02, 5.93009889e-01, 8.99661987e+02,
       1.43486191e+02, 6.52639270e-01, 7.60597717e+02, 6.90240555e+01,
       7.44099498e-01, 7.35168884e+02, 1.37659256e+02, 7.34651387e-01,
       8.95831604e+02, 3.37524475e+02, 4.97466266e-01, 7.46962708e+02,
       4.02121674e+02, 6.84249282e-01, 5.98039856e+02, 4.60849518e+02,
       7.05940545e-01, 6.03904297e+02, 3.53163208e+02, 1.36140987e-01,
       5.78433533e+02, 3.21813293e+02, 1.10670872e-01, 3.59033295e+02,
       3.35479889e+02, 1.19685516e-01, 0., 0., 0., 6.21554260e+02,
       3.86457062e+02, 1.20567918e-01, 3.82538971e+02, 3.33551178e+02,
       1.01992182e-01, 1.47435516e+02, 3.53156006e+02, 6.98882118e-02,
       1.02122571e+03, 2.10045380e+02, 8.24113786e-01, 1.02519067e+03,
       2.55167419e+02, 7.69273281e-01, 9.93776733e+02, 1.76786530e+02,
       5.55053234e-01, 9.97677490e+02, 2.76736053e+02, 1.50068074e-01,
       0., 0., 0., 0., 0., 0., 0., 0., 0., 0., 0., 0., 0., 0., 0., 0.,
       0., 0. ]
