%YAML:1.0
---
pose_0: !!opencv-matrix
   rows: 1
   cols: 25
   dt: "3f"
   data: [ 9.44769531e+02, 3.25722717e+02, 7.45004237e-01,
       8.37045654e+02, 2.80627289e+02, 6.36198521e-01, 8.52773987e+02,
       2.08114304e+02, 6.30749822e-01, 7.35141907e+02, 1.29780304e+02,
       6.93574846e-01, 5.78467224e+02, 1.47394073e+02, 6.59743786e-01,
       8.15506042e+02, 3.53180176e+02, 5.56584835e-01, 7.07777283e+02,
       4.23673004e+02, 7.25881517e-01, 6.97862915e+02, 5.04025208e+02,
       7.91747749e-01, 5.90197876e+02, 2.74781067e+02, 1.08597100e-01,
       0., 0., 0., 0., 0., 0., 0., 0., 0., 0., 0., 0., 0., 0., 0., 0.,
       0., 0., 9.62399902e+02, 2.94352478e+02, 8.03016901e-01,
       9.62390320e+02, 3.35585205e+02, 7.67709136e-01, 9.44797729e+02,
       2.55146057e+02, 5.04002333e-01, 0., 0., 0., 0., 0., 0., 0., 0.,
       0., 0., 0., 0., 0., 0., 0., 0., 0., 0., 0., 0., 0. ]
