%YAML:1.0
---
pose_0: !!opencv-matrix
   rows: 1
   cols: 25
   dt: "3f"
   data: [ 9.15326233e+02, 1.78731064e+02, 8.19996595e-01,
       8.03685547e+02, 1.78721481e+02, 6.32641792e-01, 8.01810120e+02,
       8.87169724e+01, 6.49849117e-01, 6.66676086e+02, 4.16352119e+01,
       7.73254693e-01, 5.82356873e+02, 5.53763885e+01, 8.16915154e-01,
       7.92012695e+02, 2.66946991e+02, 6.08622730e-01, 6.82312744e+02,
       3.13968109e+02, 6.94575012e-01, 5.70542236e+02, 3.64894867e+02,
       8.10581207e-01, 5.39257019e+02, 1.80730988e+02, 1.90380260e-01,
       5.43166016e+02, 1.39592209e+02, 2.43715569e-01, 3.25712708e+02,
       1.86643921e+02, 2.15194643e-01, 8.86574783e+01, 2.25815613e+02,
       1.08075194e-01, 5.25545837e+02, 2.25809067e+02, 1.48821324e-01,
       3.66845245e+02, 2.45369965e+02, 1.06419154e-01, 1.43502335e+02,
       1.65089005e+02, 1.14225708e-01, 9.21329834e+02, 1.53319916e+02,
       8.09400320e-01, 9.29080261e+02, 1.94456635e+02, 8.21392775e-01,
       8.99741272e+02, 1.31814880e+02, 5.77972949e-01, 9.11514465e+02,
       2.14075180e+02, 1.28255323e-01, 1.12193672e+02, 1.25891914e+02,
       1.41570568e-01, 1.12178093e+02, 1.33745041e+02, 1.54897168e-01,
       0., 0., 0., 0., 0., 0., 0., 0., 0., 0., 0., 0. ]
