%YAML:1.0
---
pose_0: !!opencv-matrix
   rows: 1
   cols: 25
   dt: "3f"
   data: [ 8.93824036e+02, 2.27747925e+02, 8.33818734e-01,
       8.05619141e+02, 2.12095215e+02, 6.43671334e-01, 8.11603271e+02,
       1.53283234e+02, 6.54614449e-01, 7.58672729e+02, 1.29743393e+02,
       7.88326979e-01, 7.66483459e+02, 2.61102203e+02, 7.20060349e-01,
       7.78320435e+02, 2.72803925e+02, 3.97900224e-01, 7.41047974e+02,
       3.06081451e+02, 8.74719620e-02, 0., 0., 0., 7.09720337e+02,
       2.43432327e+02, 1.24713384e-01, 7.11635315e+02, 2.43426071e+02,
       1.29257277e-01, 6.66574280e+02, 2.96315582e+02, 1.98147088e-01,
       5.33400024e+02, 3.31595856e+02, 2.11904287e-01, 7.11662354e+02,
       2.55182556e+02, 7.35185966e-02, 6.70495850e+02, 3.00233551e+02,
       2.90826231e-01, 5.37307983e+02, 3.29632111e+02, 2.99447209e-01,
       8.99730774e+02, 2.08158447e+02, 8.68259907e-01, 9.05631836e+02,
       2.39434265e+02, 7.64096737e-01, 8.78164734e+02, 1.80800659e+02,
       6.65372849e-01, 8.93864136e+02, 2.57238037e+02, 1.58630446e-01,
       4.88318237e+02, 3.29660614e+02, 6.46282211e-02, 0., 0., 0.,
       5.21606262e+02, 3.29603485e+02, 2.14854985e-01, 0., 0., 0., 0.,
       0., 0., 0., 0., 0. ]
