%YAML:1.0
---
pose_0: !!opencv-matrix
   rows: 2
   cols: 25
   dt: "3f"
   data: [ 8.99736389e+02, 3.58993500e+02, 7.85539031e-01,
       8.19409424e+02, 3.06143707e+02, 4.63964731e-01, 8.27252747e+02,
       2.74784851e+02, 7.10442185e-01, 7.15548462e+02, 3.06050598e+02,
       8.05000782e-01, 7.70454224e+02, 4.29508179e+02, 8.26251566e-01,
       8.07644714e+02, 3.39435913e+02, 1.84087902e-01, 0., 0., 0., 0.,
       0., 0., 5.31412537e+02, 3.04112396e+02, 3.78415525e-01,
       5.31446350e+02, 2.68921997e+02, 4.26404923e-01, 3.23757141e+02,
       3.55133148e+02, 2.62804329e-01, 1.27812225e+02, 3.41418213e+02,
       3.69943708e-01, 5.25564453e+02, 3.35489380e+02, 4.02608484e-01,
       3.39426910e+02, 3.53132874e+02, 3.32784951e-01, 1.43510208e+02,
       3.35492889e+02, 2.30492026e-01, 9.15338013e+02, 3.35459290e+02,
       7.74687409e-01, 9.17354553e+02, 3.66926086e+02, 7.76600718e-01,
       8.95777771e+02, 2.92473358e+02, 7.57284701e-01, 0., 0., 0., 0.,
       0., 0., 0., 0., 0., 0., 0., 0., 8.28116150e+01, 3.51177765e+02,
       8.74719024e-02, 8.47054977e+01, 3.49221710e+02, 8.34243745e-02,
       1.02407822e+02, 3.39439240e+02, 2.37594947e-01, 0., 0., 0., 0.,
       0., 0., 0., 0., 0., 0., 0., 0., 0., 0., 0., 6.62693970e+02,
       3.21847473e+02, 6.74611852e-02, 6.56797913e+02, 3.84532776e+02,
       5.83886743e-01, 7.17589539e+02, 4.62942352e+02, 7.49214351e-01,
       0., 0., 0., 0., 0., 0., 0., 0., 0., 0., 0., 0., 0., 0., 0., 0.,
       0., 0., 0., 0., 0., 0., 0., 0., 0., 0., 0., 0., 0., 0., 0., 0.,
       0., 0., 0., 0., 0., 0., 0., 0., 0., 0., 0., 0., 0., 0., 0., 0.,
       0., 0., 0. ]
