%YAML:1.0
---
pose_0: !!opencv-matrix
   rows: 1
   cols: 25
   dt: "3f"
   data: [ 1.02513940e+03, 2.39510941e+02, 7.96773434e-01,
       9.01647461e+02, 2.45391678e+02, 5.86686313e-01, 8.99733887e+02,
       1.47455353e+02, 5.85394263e-01, 7.60650635e+02, 6.89834061e+01,
       7.17327833e-01, 7.41024414e+02, 1.35741898e+02, 7.55675435e-01,
       9.01657288e+02, 3.43355988e+02, 4.74533975e-01, 7.45002441e+02,
       4.04124756e+02, 6.34356678e-01, 5.98028137e+02, 4.60923157e+02,
       7.38965869e-01, 6.48973145e+02, 3.15915985e+02, 8.54051486e-02,
       6.19575623e+02, 2.74772858e+02, 8.18422288e-02, 0., 0., 0., 0.,
       0., 0., 6.78359497e+02, 3.59035126e+02, 1.00106306e-01, 0., 0.,
       0., 0., 0., 0., 1.02520850e+03, 2.08164871e+02, 8.53166163e-01,
       1.04272668e+03, 2.53205872e+02, 6.24877632e-01, 9.91830322e+02,
       1.78695480e+02, 5.16953349e-01, 1.01729242e+03, 2.74845856e+02,
       1.38671786e-01, 0., 0., 0., 0., 0., 0., 0., 0., 0., 0., 0., 0.,
       0., 0., 0., 0., 0., 0. ]
