%YAML:1.0
---
pose_0: !!opencv-matrix
   rows: 1
   cols: 25
   dt: "3f"
   data: [ 1.04670398e+03, 2.70861145e+02, 6.78139269e-01,
       9.21302307e+02, 2.90472382e+02, 2.48186395e-01, 8.91895264e+02,
       2.10154510e+02, 1.86150134e-01, 0., 0., 0., 0., 0., 0.,
       9.21307861e+02, 3.60970398e+02, 1.27063975e-01, 0., 0., 0., 0.,
       0., 0., 0., 0., 0., 0., 0., 0., 0., 0., 0., 0., 0., 0., 0., 0.,
       0., 0., 0., 0., 0., 0., 0., 1.07209570e+03, 2.51241577e+02,
       7.95936406e-01, 1.06821667e+03, 3.04078278e+02, 7.83114374e-01,
       1.04083093e+03, 2.12163849e+02, 2.81034529e-01, 1.05846533e+03,
       3.39435944e+02, 1.98264003e-01, 0., 0., 0., 0., 0., 0., 0., 0.,
       0., 0., 0., 0., 0., 0., 0., 0., 0., 0. ]
