%YAML:1.0
---
pose_0: !!opencv-matrix
   rows: 1
   cols: 25
   dt: "3f"
   data: [ 9.19305725e+02, 2.70779938e+02, 7.94525981e-01,
       8.03708740e+02, 2.92419006e+02, 6.64606214e-01, 7.89957458e+02,
       2.12174606e+02, 7.29792178e-01, 6.64614746e+02, 1.88594315e+02,
       7.48100042e-01, 5.68674866e+02, 1.78786377e+02, 8.45269918e-01,
       8.09599243e+02, 3.72765320e+02, 5.84924638e-01, 6.97981873e+02,
       4.15878662e+02, 5.30264258e-01, 5.45127747e+02, 4.37403778e+02,
       4.25373465e-01, 5.35323303e+02, 3.12008728e+02, 2.28321016e-01,
       5.45128784e+02, 2.63013000e+02, 2.42509723e-01, 3.29651764e+02,
       2.96312134e+02, 3.67938280e-01, 1.16116592e+02, 3.02144775e+02,
       4.01912510e-01, 5.39223022e+02, 3.66848236e+02, 3.03665698e-01,
       3.76641327e+02, 4.15839935e+02, 1.42909706e-01, 0., 0., 0.,
       9.17423767e+02, 2.45449951e+02, 8.75344217e-01, 9.36924377e+02,
       2.76725494e+02, 7.46931434e-01, 8.84028931e+02, 2.31644943e+02,
       6.11455560e-01, 9.09518433e+02, 3.10087799e+02, 3.30698252e-01,
       0., 0., 0., 0., 0., 0., 0., 0., 0., 1.00454712e+02,
       3.04156036e+02, 6.64442778e-02, 0., 0., 0., 1.02354828e+02,
       3.04165070e+02, 2.72706449e-01 ]
