%YAML:1.0
---
pose_0: !!opencv-matrix
   rows: 1
   cols: 25
   dt: "3f"
   data: [ 1.04272192e+03, 2.12037262e+02, 7.64288366e-01,
       9.07576111e+02, 1.82699097e+02, 3.26626182e-01, 9.01678955e+02,
       9.84508209e+01, 4.58994031e-01, 0., 0., 0., 0., 0., 0.,
       8.89981445e+02, 2.88513214e+02, 3.47819090e-01, 7.99830872e+02,
       3.53162537e+02, 8.71092826e-02, 7.43012146e+02, 3.55095428e+02,
       2.03633502e-01, 0., 0., 0., 0., 0., 0., 0., 0., 0., 0., 0., 0.,
       0., 0., 0., 0., 0., 0., 0., 0., 0., 1.05845190e+03,
       1.82711929e+02, 8.47054839e-01, 1.05649487e+03, 2.33620987e+02,
       7.33369470e-01, 1.02715271e+03, 1.43517517e+02, 3.93294513e-01,
       0., 0., 0., 0., 0., 0., 0., 0., 0., 0., 0., 0., 0., 0., 0., 0.,
       0., 0., 0., 0., 0. ]
