%YAML:1.0
---
pose_0: !!opencv-matrix
   rows: 1
   cols: 25
   dt: "3f"
   data: [ 8.99639221e+02, 4.39342834e+02, 7.85112381e-01,
       7.93980652e+02, 4.37383179e+02, 6.39303386e-01, 7.91944641e+02,
       3.60976257e+02, 6.92577660e-01, 6.66688904e+02, 3.25763397e+02,
       6.33010089e-01, 6.78350403e+02, 3.06053558e+02, 7.44383395e-01,
       7.90096313e+02, 5.11865540e+02, 5.99982262e-01, 6.80245056e+02,
       5.70510681e+02, 7.76524305e-01, 7.46960144e+02, 5.86227112e+02,
       7.56183922e-01, 5.62788086e+02, 4.45187469e+02, 2.42000908e-01,
       5.70598022e+02, 4.04073364e+02, 2.77817369e-01, 3.62942291e+02,
       3.84524933e+02, 1.94958776e-01, 0., 0., 0., 5.66666687e+02,
       4.92268494e+02, 2.03592733e-01, 3.82472809e+02, 5.09878448e+02,
       1.58684969e-01, 0., 0., 0., 9.07615173e+02, 4.19756653e+02,
       8.01604211e-01, 9.11465393e+02, 4.53078796e+02, 7.62275219e-01,
       8.86083130e+02, 3.98242004e+02, 6.65076733e-01, 8.95824402e+02,
       4.72650116e+02, 2.26687506e-01, 0., 0., 0., 0., 0., 0., 0., 0.,
       0., 0., 0., 0., 0., 0., 0., 0., 0., 0. ]
