%YAML:1.0
---
pose_0: !!opencv-matrix
   rows: 1
   cols: 25
   dt: "3f"
   data: [ 8.99790833e+02, 3.06075470e+02, 8.45904648e-01,
       7.95948425e+02, 3.08060181e+02, 6.75227880e-01, 7.91936462e+02,
       2.27716949e+02, 7.48494208e-01, 6.70516418e+02, 1.92447433e+02,
       7.68110275e-01, 5.82380249e+02, 1.98372131e+02, 7.82700956e-01,
       8.03771240e+02, 3.90372040e+02, 6.31262660e-01, 6.94028198e+02,
       4.49182892e+02, 7.30240285e-01, 5.82333313e+02, 4.62902832e+02,
       7.79091716e-01, 5.41244812e+02, 3.27682800e+02, 3.05570722e-01,
       5.41236328e+02, 2.78709442e+02, 3.88898939e-01, 3.66888916e+02,
       2.88469360e+02, 3.55268121e-01, 1.94482498e+02, 3.04186035e+02,
       3.34876120e-01, 5.41212708e+02, 3.72715363e+02, 3.49641889e-01,
       3.66802856e+02, 3.80517639e+02, 4.75453973e-01, 1.61173203e+02,
       3.84513580e+02, 4.50030237e-01, 9.11505371e+02, 2.86543427e+02,
       8.39502692e-01, 9.15339050e+02, 3.19832062e+02, 8.16484988e-01,
       8.87991943e+02, 2.61113800e+02, 6.78523302e-01, 8.95842285e+02,
       3.37520966e+02, 2.77071297e-01, 1.02415161e+02, 4.23675720e+02,
       3.75228971e-01, 1.14087616e+02, 4.27577942e+02, 3.67963016e-01,
       1.37667053e+02, 3.74690216e+02, 2.60964870e-01, 1.47387451e+02,
       3.08088287e+02, 1.84486106e-01, 1.49433380e+02, 3.06098175e+02,
       1.63166627e-01, 1.80733505e+02, 3.10037750e+02, 2.26520464e-01 ]
