%YAML:1.0
---
pose_0: !!opencv-matrix
   rows: 1
   cols: 25
   dt: "3f"
   data: [ 9.17438232e+02, 3.35522491e+02, 8.06539237e-01,
       8.27254028e+02, 2.59160980e+02, 7.09985256e-01, 8.37075134e+02,
       2.25742477e+02, 7.10530639e-01, 7.50859985e+02, 2.88409821e+02,
       7.33254790e-01, 8.33086487e+02, 4.00178619e+02, 6.92724526e-01,
       8.19425171e+02, 2.94352722e+02, 4.10715669e-01, 7.39080627e+02,
       3.68899170e+02, 7.95649707e-01, 8.25303711e+02, 4.00204895e+02,
       7.11608768e-01, 5.60802795e+02, 2.65005768e+02, 2.50641644e-01,
       5.58830750e+02, 2.43406128e+02, 2.42376745e-01, 3.70776459e+02,
       2.84567230e+02, 8.37293491e-02, 1.43493301e+02, 3.04209869e+02,
       2.07274556e-01, 5.54916199e+02, 2.88497681e+02, 1.60759613e-01,
       3.96241638e+02, 3.23751740e+02, 6.23412505e-02, 1.06310379e+02,
       2.43432922e+02, 1.15732670e-01, 9.35017517e+02, 3.19917847e+02,
       8.09114814e-01, 0., 0., 0., 9.32971313e+02, 2.72766876e+02,
       8.94485712e-01, 0., 0., 0., 0., 0., 0., 0., 0., 0., 0., 0., 0.,
       1.16078529e+02, 3.96237549e+02, 1.70580551e-01, 1.17995796e+02,
       3.92297760e+02, 1.52477294e-01, 0., 0., 0. ]
