%YAML:1.0
---
pose_0: !!opencv-matrix
   rows: 1
   cols: 25
   dt: "3f"
   data: [ 8.91900452e+02, 4.02182434e+02, 7.06822157e-01,
       7.92061035e+02, 4.06015137e+02, 7.04268396e-01, 7.90080933e+02,
       3.37535187e+02, 7.52524495e-01, 7.62571716e+02, 3.06186676e+02,
       5.98010540e-01, 7.11628113e+02, 2.80627411e+02, 7.82056212e-01,
       7.95898193e+02, 4.80456116e+02, 5.98831356e-01, 6.93968811e+02,
       5.70503601e+02, 7.84513593e-01, 7.92070251e+02, 5.47115295e+02,
       7.40080357e-01, 5.58842163e+02, 4.02126373e+02, 2.15525255e-01,
       5.56878906e+02, 3.60981445e+02, 2.77766138e-01, 3.37498535e+02,
       3.66858582e+02, 2.13153541e-01, 1.59180450e+02, 3.55070770e+02,
       3.71070862e-01, 5.60799805e+02, 4.60889954e+02, 1.75689623e-01,
       0., 0., 0., 0., 0., 0., 9.03645081e+02, 3.84502472e+02,
       8.45862627e-01, 9.07554565e+02, 4.21700714e+02, 6.96242213e-01,
       8.80155273e+02, 3.59042664e+02, 6.80399776e-01, 8.87999756e+02,
       4.35427582e+02, 1.83764711e-01, 0., 0., 0., 0., 0., 0., 0., 0.,
       0., 1.06267982e+02, 3.23790955e+02, 1.25948787e-01,
       1.08237976e+02, 3.21813293e+02, 1.01716302e-01, 1.43540604e+02,
       3.62964081e+02, 2.51668274e-01 ]
