%YAML:1.0
---
pose_0: !!opencv-matrix
   rows: 2
   cols: 25
   dt: "3f"
   data: [ 8.84093689e+02, 2.59206635e+02, 7.09917545e-01,
       7.78268982e+02, 2.72853210e+02, 7.12898910e-01, 7.54776733e+02,
       2.23830566e+02, 6.03428721e-01, 7.29348572e+02, 1.23943680e+02,
       7.94920444e-01, 8.27263672e+02, 1.39611420e+02, 7.63035715e-01,
       7.95935608e+02, 3.13951996e+02, 3.91669095e-01, 8.23293396e+02,
       3.72761200e+02, 2.97807455e-01, 8.80141968e+02, 2.98263672e+02,
       2.83645153e-01, 5.11869537e+02, 3.31574158e+02, 2.55796820e-01,
       5.07876740e+02, 2.96340118e+02, 2.78090447e-01, 3.43358856e+02,
       3.06082794e+02, 2.62261301e-01, 1.53326508e+02, 3.15932953e+02,
       8.89391825e-02, 5.13784973e+02, 3.64893463e+02, 1.75043657e-01,
       3.33561615e+02, 3.04239716e+02, 2.26312324e-01, 1.53336563e+02,
       3.13938293e+02, 4.87924486e-01, 8.84097107e+02, 2.41535278e+02,
       7.46170580e-01, 8.95808289e+02, 2.63015137e+02, 3.79094124e-01,
       8.48809204e+02, 2.27689285e+02, 7.56549656e-01, 8.72314880e+02,
       2.74848236e+02, 1.36104658e-01, 0., 0., 0., 0., 0., 0.,
       1.37654129e+02, 3.13969269e+02, 3.58550876e-01, 0., 0., 0., 0.,
       0., 0., 0., 0., 0., 0., 0., 0., 0., 0., 0., 8.03695435e+02,
       3.17851654e+02, 3.22074175e-01, 8.23357117e+02, 3.70761200e+02,
       5.57277620e-01, 8.84124268e+02, 2.94384338e+02, 6.30326688e-01,
       0., 0., 0., 0., 0., 0., 0., 0., 0., 0., 0., 0., 0., 0., 0., 0.,
       0., 0., 0., 0., 0., 0., 0., 0., 0., 0., 0., 0., 0., 0., 0., 0.,
       0., 0., 0., 0., 0., 0., 0., 0., 0., 0., 0., 0., 0., 0., 0., 0.,
       0., 0., 0., 0., 0., 0., 0., 0., 0., 0., 0., 0. ]
