%YAML:1.0
---
pose_0: !!opencv-matrix
   rows: 1
   cols: 25
   dt: "3f"
   data: [ 9.01634033e+02, 3.55141174e+02, 8.15333843e-01,
       8.21345581e+02, 3.11988312e+02, 5.31414330e-01, 8.27250305e+02,
       2.72871948e+02, 7.03063250e-01, 7.15639648e+02, 3.06156342e+02,
       7.76488423e-01, 7.84173950e+02, 4.29571411e+02, 8.06321144e-01,
       8.09602539e+02, 3.51195343e+02, 2.04101771e-01, 0., 0., 0., 0.,
       0., 0., 5.45156250e+02, 3.00247070e+02, 2.65211254e-01,
       5.43195435e+02, 2.68898407e+02, 2.36155078e-01, 3.35484772e+02,
       3.51149445e+02, 2.66105711e-01, 1.20038109e+02, 3.41405945e+02,
       4.12193686e-01, 5.33382324e+02, 3.25721954e+02, 1.62015378e-01,
       3.51183594e+02, 3.49226563e+02, 2.18124047e-01, 1.45453079e+02,
       3.37481659e+02, 1.77846730e-01, 9.15445679e+02, 3.33483063e+02,
       7.53251851e-01, 9.19343079e+02, 3.66801666e+02, 7.78830886e-01,
       8.99661438e+02, 2.92392029e+02, 8.06621671e-01, 0., 0., 0., 0.,
       0., 0., 0., 0., 0., 0., 0., 0., 9.45402603e+01, 3.68874786e+02,
       1.06732637e-01, 8.67046967e+01, 3.57091797e+02, 1.04185738e-01,
       1.02410835e+02, 3.39454712e+02, 2.62969285e-01 ]
