%YAML:1.0
---
pose_0: !!opencv-matrix
   rows: 1
   cols: 25
   dt: "3f"
   data: [ 1.00949139e+03, 2.04235123e+02, 7.19801009e-01,
       8.95797913e+02, 2.10146912e+02, 3.33984256e-01, 8.80124084e+02,
       1.20014328e+02, 2.50971287e-01, 8.54723755e+02, 7.10399246e+01,
       7.08361268e-02, 0., 0., 0., 8.93838379e+02, 2.78683838e+02,
       2.74882972e-01, 7.13608643e+02, 3.86470673e+02, 4.86410201e-01,
       7.91946289e+02, 3.31545593e+02, 6.08419061e-01, 6.37216858e+02,
       2.45389923e+02, 5.13296761e-02, 0., 0., 0., 0., 0., 0., 0., 0.,
       0., 0., 0., 0., 0., 0., 0., 0., 0., 0., 1.02315521e+03,
       1.76831161e+02, 7.39347100e-01, 1.02706177e+03, 2.23826874e+02,
       7.14464605e-01, 9.93812012e+02, 1.47382126e+02, 4.44925368e-01,
       1.04080103e+03, 2.45450317e+02, 1.07392848e-01, 0., 0., 0., 0.,
       0., 0., 0., 0., 0., 0., 0., 0., 0., 0., 0., 0., 0., 0. ]
