%YAML:1.0
---
pose_0: !!opencv-matrix
   rows: 1
   cols: 25
   dt: "3f"
   data: [ 8.66429077e+02, 4.62899780e+02, 9.92505029e-02,
       7.80256653e+02, 4.60880341e+02, 1.16194993e-01, 7.52812805e+02,
       3.92330261e+02, 1.85395837e-01, 8.37067749e+02, 3.64896851e+02,
       6.22514009e-01, 8.66431213e+02, 4.19748383e+02, 4.37011182e-01,
       8.78170776e+02, 5.19660950e+02, 7.33839124e-02, 8.25343689e+02,
       5.78448792e+02, 2.66141564e-01, 8.07703857e+02, 4.62903198e+02,
       3.46039265e-01, 0., 0., 0., 0., 0., 0., 0., 0., 0., 0., 0., 0.,
       0., 0., 0., 0., 0., 0., 0., 0., 0., 8.62503113e+02,
       4.51119629e+02, 7.06480816e-02, 8.68390442e+02, 4.62840576e+02,
       5.56370094e-02, 8.52707886e+02, 4.27596161e+02, 1.16546616e-01,
       0., 0., 0., 0., 0., 0., 0., 0., 0., 0., 0., 0., 0., 0., 0., 0.,
       0., 0., 0., 0., 0. ]
