%YAML:1.0
---
pose_0: !!opencv-matrix
   rows: 1
   cols: 25
   dt: "3f"
   data: [ 9.01635681e+02, 3.55100647e+02, 8.30300748e-01,
       7.90064209e+02, 3.53130463e+02, 7.52315044e-01, 7.84180115e+02,
       2.74774536e+02, 7.03086078e-01, 6.50924561e+02, 2.19902527e+02,
       7.91490316e-01, 7.17523071e+02, 2.31708038e+02, 7.71502912e-01,
       7.90089905e+02, 4.27609131e+02, 5.91436684e-01, 6.78340942e+02,
       4.90288544e+02, 7.90715754e-01, 7.76402649e+02, 4.82492798e+02,
       7.83508956e-01, 5.43181458e+02, 3.66828766e+02, 2.74626285e-01,
       5.51027405e+02, 3.21756989e+02, 3.67618591e-01, 3.64875153e+02,
       3.53197205e+02, 3.40206891e-01, 1.51379456e+02, 3.60982300e+02,
       3.76944453e-01, 5.31442200e+02, 4.15822662e+02, 3.30667615e-01,
       3.70799438e+02, 4.76584320e+02, 3.69287074e-01, 1.84654205e+02,
       5.23575867e+02, 4.67838883e-01, 9.09499939e+02, 3.33555023e+02,
       8.04044008e-01, 9.15396179e+02, 3.68784180e+02, 8.04346919e-01,
       8.82090332e+02, 3.06174652e+02, 6.60458267e-01, 9.11511963e+02,
       3.84600739e+02, 9.90218818e-02, 1.23943085e+02, 5.72556091e+02,
       4.32345361e-01, 1.29762009e+02, 5.72568054e+02, 4.26251948e-01,
       1.61133148e+02, 5.13824829e+02, 2.33492509e-01, 1.08249443e+02,
       3.66876373e+02, 1.18248932e-01, 0., 0., 0., 1.37620804e+02,
       3.66869843e+02, 2.60557801e-01 ]
