%YAML:1.0
---
pose_0: !!opencv-matrix
   rows: 1
   cols: 25
   dt: "3f"
   data: [ 9.33024719e+02, 3.72715668e+02, 7.77655065e-01,
       8.52671509e+02, 2.94375946e+02, 4.19313043e-01, 8.68367798e+02,
       2.68875488e+02, 6.48717403e-01, 7.78297791e+02, 1.86602783e+02,
       6.98603451e-01, 6.33335999e+02, 2.47345764e+02, 7.31152475e-01,
       8.39047607e+02, 3.31565491e+02, 1.61975503e-01, 0., 0., 0., 0.,
       0., 0., 6.39169617e+02, 3.04186493e+02, 1.68586046e-01,
       6.35227966e+02, 2.82628204e+02, 1.87758654e-01, 5.56864136e+02,
       2.59111847e+02, 9.69488546e-02, 0., 0., 0., 6.23521851e+02,
       3.21808075e+02, 1.09597348e-01, 5.52972046e+02, 3.51188690e+02,
       1.05215862e-01, 3.84521973e+02, 3.82568878e+02, 8.97038653e-02,
       9.50666199e+02, 3.55109528e+02, 7.34344721e-01, 9.50685364e+02,
       3.78589050e+02, 1.35013118e-01, 9.35077087e+02, 3.04222168e+02,
       8.66212964e-01, 0., 0., 0., 0., 0., 0., 0., 0., 0., 0., 0., 0.,
       0., 0., 0., 0., 0., 0., 0., 0., 0. ]
