%YAML:1.0
---
pose_0: !!opencv-matrix
   rows: 1
   cols: 25
   dt: "3f"
   data: [ 8.89960022e+02, 4.33495514e+02, 7.74144590e-01,
       7.90084473e+02, 4.60852448e+02, 7.29729056e-01, 7.64542297e+02,
       4.11886230e+02, 6.40453577e-01, 6.80332642e+02, 4.17808289e+02,
       1.72711432e-01, 6.33355957e+02, 3.86437164e+02, 7.32443556e-02,
       8.19361023e+02, 5.13767395e+02, 6.39399409e-01, 7.25329224e+02,
       5.11893829e+02, 7.41736352e-01, 6.33329895e+02, 3.84552155e+02,
       7.13285983e-01, 6.01958679e+02, 5.05961182e+02, 8.93402994e-02,
       5.80398499e+02, 4.62868073e+02, 9.88639444e-02, 4.06044556e+02,
       4.29540710e+02, 5.56602962e-02, 0., 0., 0., 6.25467529e+02,
       5.50997681e+02, 9.65816304e-02, 0., 0., 0., 0., 0., 0.,
       8.95858826e+02, 4.17810303e+02, 8.06155503e-01, 9.03648743e+02,
       4.47168640e+02, 8.35596144e-01, 8.68444519e+02, 4.08011322e+02,
       4.91401613e-01, 8.93872375e+02, 4.76546967e+02, 5.72898924e-01,
       0., 0., 0., 0., 0., 0., 0., 0., 0., 0., 0., 0., 0., 0., 0., 0.,
       0., 0. ]
