%YAML:1.0
---
pose_0: !!opencv-matrix
   rows: 1
   cols: 25
   dt: "3f"
   data: [ 8.97782471e+02, 4.15839722e+02, 7.83964038e-01,
       7.89954468e+02, 4.04093201e+02, 6.89735293e-01, 7.76400940e+02,
       3.27688538e+02, 6.84396684e-01, 6.58791077e+02, 2.57078796e+02,
       7.38503814e-01, 6.99925049e+02, 2.74740906e+02, 6.48077905e-01,
       7.89982910e+02, 4.82461975e+02, 5.75307071e-01, 6.70517212e+02,
       5.56877808e+02, 7.80039430e-01, 7.80270508e+02, 5.43221497e+02,
       7.08247006e-01, 5.56875610e+02, 4.13873260e+02, 3.15507650e-01,
       5.56897400e+02, 3.68861023e+02, 4.30190951e-01, 3.45314026e+02,
       3.76657562e+02, 3.45412314e-01, 0., 0., 0., 5.58847168e+02,
       4.62810425e+02, 2.91361511e-01, 3.90350159e+02, 4.88332397e+02,
       2.31116042e-01, 0., 0., 0., 9.07582397e+02, 3.94229767e+02,
       7.93192983e-01, 9.05627014e+02, 4.29571655e+02, 7.14121878e-01,
       8.80126831e+02, 3.55135986e+02, 7.64142334e-01, 8.68466003e+02,
       4.33445862e+02, 2.24409714e-01, 0., 0., 0., 0., 0., 0., 0., 0.,
       0., 0., 0., 0., 0., 0., 0., 0., 0., 0. ]
