%YAML:1.0
---
pose_0: !!opencv-matrix
   rows: 1
   cols: 25
   dt: "3f"
   data: [ 9.15379578e+02, 2.37522583e+02, 6.39452398e-01,
       8.35100098e+02, 3.04186646e+02, 4.82957751e-01, 0., 0., 0., 0.,
       0., 0., 0., 0., 0., 8.48786804e+02, 3.17842285e+02,
       4.90609139e-01, 7.13694824e+02, 3.08112244e+02, 6.94279611e-01,
       6.01960693e+02, 2.37516769e+02, 6.91404462e-01, 6.48957275e+02,
       3.74696533e+02, 1.37291804e-01, 6.41121643e+02, 3.53163147e+02,
       1.11415602e-01, 2.90498444e+02, 2.72799957e+02, 3.83720279e-01,
       6.90347824e+01, 4.29513306e+02, 1.33464053e-01, 6.52883179e+02,
       3.92326813e+02, 1.05990842e-01, 2.90426178e+02, 2.72847992e+02,
       3.26804936e-01, 6.70781631e+01, 4.27558838e+02, 2.06618816e-01,
       9.29161377e+02, 2.39479843e+02, 4.95023191e-01, 9.29126770e+02,
       2.55204529e+02, 8.06296945e-01, 0., 0., 0., 9.07563232e+02,
       3.06125061e+02, 8.21029723e-01, 6.31666031e+01, 4.60942047e+02,
       7.75888413e-02, 5.92528687e+01, 4.60917358e+02, 8.78472179e-02,
       5.14207687e+01, 4.31484833e+02, 1.75397515e-01, 4.94649239e+01,
       4.58962463e+02, 8.48668665e-02, 5.53529320e+01, 4.60855103e+02,
       8.10775459e-02, 0., 0., 0. ]
