%YAML:1.0
---
pose_0: !!opencv-matrix
   rows: 1
   cols: 25
   dt: "3f"
   data: [ 8.86056885e+02, 1.49440689e+02, 7.38153815e-01,
       8.40961548e+02, 1.57205765e+02, 1.60402700e-01, 8.35057678e+02,
       1.20009430e+02, 6.88023493e-02, 0., 0., 0., 0., 0., 0.,
       8.68390625e+02, 1.90551636e+02, 2.11473256e-01, 9.38903503e+02,
       1.80668274e+02, 3.43606055e-01, 9.05632935e+02, 2.12023865e+02,
       2.06634581e-01, 0., 0., 0., 0., 0., 0., 0., 0., 0., 0., 0., 0.,
       0., 0., 0., 0., 0., 0., 0., 0., 0., 8.97791138e+02,
       1.31776138e+02, 6.98037803e-01, 9.03694580e+02, 1.59168518e+02,
       6.80183649e-01, 8.80128479e+02, 1.06323715e+02, 3.41165870e-01,
       9.11491516e+02, 1.80800781e+02, 8.90168771e-02, 0., 0., 0., 0.,
       0., 0., 0., 0., 0., 0., 0., 0., 0., 0., 0., 0., 0., 0. ]
