%YAML:1.0
---
pose_0: !!opencv-matrix
   rows: 1
   cols: 25
   dt: "3f"
   data: [ 8.37031494e+02, 1.06323387e+02, 6.77955687e-01,
       7.46984192e+02, 1.12147514e+02, 6.73869729e-01, 7.43072144e+02,
       4.94514542e+01, 5.89053452e-01, 7.13604858e+02, 5.33685780e+00,
       1.79416835e-01, 6.98002808e+02, 5.33989954e+00, 9.62493792e-02,
       7.54737183e+02, 1.70919464e+02, 5.62893927e-01, 7.74338257e+02,
       2.57096863e+02, 8.16065311e-01, 8.50753967e+02, 1.63179489e+02,
       6.81700051e-01, 5.27504822e+02, 1.16093933e+02, 2.99610704e-01,
       5.25580383e+02, 7.10586624e+01, 4.35825020e-01, 3.68822235e+02,
       7.68865128e+01, 1.76461115e-01, 3.39424469e+02, 8.27496414e+01,
       9.56255570e-02, 5.25577393e+02, 1.68961472e+02, 2.96552122e-01,
       3.33556488e+02, 1.82676956e+02, 3.21657181e-01, 1.70933105e+02,
       1.92455505e+02, 3.10956985e-01, 8.52717651e+02, 1.00473022e+02,
       7.27721334e-01, 8.44883362e+02, 1.21996674e+02, 7.00362682e-01,
       8.54740784e+02, 8.46820602e+01, 2.33823270e-01, 8.29218140e+02,
       1.47332382e+02, 4.47752982e-01, 1.10208641e+02, 2.08143250e+02,
       1.80339664e-01, 1.18045853e+02, 2.14066986e+02, 2.10335687e-01,
       1.47423889e+02, 1.82695450e+02, 1.36680529e-01, 0., 0., 0., 0.,
       0., 0., 0., 0., 0. ]
