%YAML:1.0
---
pose_0: !!opencv-matrix
   rows: 1
   cols: 25
   dt: "3f"
   data: [ 9.11484619e+02, 1.47334595e+02, 7.37784028e-01,
       8.03751770e+02, 1.35692383e+02, 6.43143713e-01, 8.07605164e+02,
       5.52943382e+01, 7.32092321e-01, 7.23435547e+02, 5.34186316e+00,
       4.73890603e-01, 6.50948792e+02, 2.40677071e+01, 7.99492061e-01,
       7.91977783e+02, 2.25834183e+02, 5.60000122e-01, 6.64603943e+02,
       2.61133270e+02, 7.06961751e-01, 5.56930115e+02, 2.78737030e+02,
       7.75792062e-01, 5.64723694e+02, 1.53313339e+02, 1.16462454e-01,
       5.43171021e+02, 1.14093773e+02, 1.07803941e-01, 0., 0., 0., 0.,
       0., 0., 5.56904114e+02, 2.00349564e+02, 1.27845302e-01,
       4.72625153e+02, 1.94428802e+02, 5.48301302e-02, 0., 0., 0.,
       9.17474731e+02, 1.27846184e+02, 7.47218966e-01, 9.19352234e+02,
       1.63167786e+02, 8.02183270e-01, 9.01749512e+02, 1.00491531e+02,
       3.98296416e-01, 9.05593872e+02, 1.88542084e+02, 1.93035766e-01,
       0., 0., 0., 0., 0., 0., 0., 0., 0., 0., 0., 0., 0., 0., 0., 0.,
       0., 0. ]
