%YAML:1.0
---
pose_0: !!opencv-matrix
   rows: 1
   cols: 25
   dt: "3f"
   data: [ 9.29152527e+02, 2.41459106e+02, 7.57641912e-01,
       8.44865356e+02, 3.10025116e+02, 3.69983137e-01, 8.54658203e+02,
       3.37460999e+02, 2.72643834e-01, 0., 0., 0., 0., 0., 0.,
       8.42900757e+02, 3.19795624e+02, 4.59099352e-01, 7.27246216e+02,
       2.80672913e+02, 7.32365310e-01, 8.52690430e+02, 1.94392227e+02,
       7.45044231e-01, 5.72559509e+02, 3.43354248e+02, 1.78774059e-01,
       5.58851807e+02, 3.06127625e+02, 2.47340545e-01, 2.90469757e+02,
       3.35515442e+02, 1.94275320e-01, 1.21964638e+02, 4.13896851e+02,
       6.96013272e-02, 5.76481018e+02, 3.88389496e+02, 1.41474694e-01,
       4.33463470e+02, 3.64857117e+02, 8.68406221e-02, 0., 0., 0.,
       9.44796631e+02, 2.33648056e+02, 6.45889819e-01, 9.50639954e+02,
       2.59158508e+02, 8.65782619e-01, 0., 0., 0., 9.33086426e+02,
       3.08109467e+02, 8.22932303e-01, 0., 0., 0., 0., 0., 0., 0., 0.,
       0., 0., 0., 0., 0., 0., 0., 0., 0., 0. ]
