%YAML:1.0
---
pose_0: !!opencv-matrix
   rows: 1
   cols: 25
   dt: "3f"
   data: [ 8.99720947e+02, 4.45125519e+02, 8.05497587e-01,
       7.93989990e+02, 4.35462555e+02, 6.31201506e-01, 7.92066711e+02,
       3.55096863e+02, 6.61613584e-01, 6.95956482e+02, 2.88489014e+02,
       8.62215400e-01, 6.62706482e+02, 3.35527740e+02, 8.20674539e-01,
       7.90091675e+02, 5.11822906e+02, 5.23895562e-01, 6.80256165e+02,
       5.84339844e+02, 7.96430707e-01, 7.89987427e+02, 5.54855286e+02,
       7.72764444e-01, 5.56877441e+02, 4.76548340e+02, 2.26658329e-01,
       5.54916382e+02, 4.27580963e+02, 2.94920802e-01, 3.51167847e+02,
       3.88434265e+02, 1.78980470e-01, 0., 0., 0., 5.52980103e+02,
       5.29453308e+02, 2.89074659e-01, 3.92305695e+02, 5.25606323e+02,
       4.33077127e-01, 0., 0., 0., 9.11473572e+02, 4.19763428e+02,
       7.80673742e-01, 9.13400208e+02, 4.60792389e+02, 7.88191736e-01,
       8.86034424e+02, 3.96224335e+02, 5.59099972e-01, 8.99764709e+02,
       4.78452026e+02, 1.32479474e-01, 0., 0., 0., 0., 0., 0., 0., 0.,
       0., 0., 0., 0., 0., 0., 0., 0., 0., 0. ]
