%YAML:1.0
---
pose_0: !!opencv-matrix
   rows: 1
   cols: 25
   dt: "3f"
   data: [ 8.68443726e+02, 3.68854767e+02, 6.67646706e-01,
       7.76379761e+02, 3.37548462e+02, 6.48696959e-01, 7.89985535e+02,
       2.94362274e+02, 4.05060023e-01, 7.74372620e+02, 2.41440903e+02,
       6.63872838e-01, 8.42929504e+02, 3.19828033e+02, 6.83476150e-01,
       7.72326904e+02, 3.90362061e+02, 5.74680567e-01, 7.23417725e+02,
       4.94280884e+02, 7.92471290e-01, 8.07714905e+02, 4.56945740e+02,
       8.31793010e-01, 5.13802063e+02, 3.21826569e+02, 2.92366862e-01,
       5.15760193e+02, 2.86502899e+02, 3.49907428e-01, 3.35542755e+02,
       2.51272842e+02, 3.53320181e-01, 0., 0., 0., 5.11833130e+02,
       3.64884827e+02, 2.89555490e-01, 3.37463409e+02, 3.76681152e+02,
       3.02598238e-01, 1.63082474e+02, 3.55085419e+02, 4.33781832e-01,
       8.86020935e+02, 3.64847351e+02, 5.25310636e-01, 8.86003662e+02,
       3.80546936e+02, 3.04686219e-01, 9.05625671e+02, 3.35489990e+02,
       6.27478004e-01, 0., 0., 0., 9.25851593e+01, 3.80563324e+02,
       1.07689515e-01, 0., 0., 0., 1.35707047e+02, 3.37456329e+02,
       2.49951452e-01, 0., 0., 0., 0., 0., 0., 0., 0., 0. ]
