%YAML:1.0
---
pose_0: !!opencv-matrix
   rows: 1
   cols: 25
   dt: "3f"
   data: [ 1.02311298e+03, 3.68826691e+02, 7.49359667e-01,
       8.87987183e+02, 3.21793213e+02, 4.25203145e-01, 9.07595947e+02,
       2.35602844e+02, 4.35255855e-01, 7.70450195e+02, 1.59213455e+02,
       6.66005254e-01, 6.90140869e+02, 1.21940285e+02, 7.57501483e-01,
       8.70327026e+02, 4.02118591e+02, 4.52521771e-01, 7.27392639e+02,
       4.80483734e+02, 6.46970272e-01, 6.66528320e+02, 6.13716553e+02,
       5.28186619e-01, 0., 0., 0., 0., 0., 0., 0., 0., 0., 0., 0., 0.,
       0., 0., 0., 0., 0., 0., 0., 0., 0., 1.04270728e+03,
       3.35549225e+02, 7.87443519e-01, 1.03881116e+03, 3.86490051e+02,
       5.27175188e-01, 1.00551001e+03, 2.74803833e+02, 3.82118165e-01,
       0., 0., 0., 0., 0., 0., 0., 0., 0., 0., 0., 0., 0., 0., 0., 0.,
       0., 0., 0., 0., 0. ]
