%YAML:1.0
---
pose_0: !!opencv-matrix
   rows: 1
   cols: 25
   dt: "3f"
   data: [ 8.99818726e+02, 3.23795013e+02, 8.15934062e-01,
       8.05689575e+02, 3.68741547e+02, 6.82865024e-01, 7.62614868e+02,
       3.29622681e+02, 4.63207483e-01, 6.47015747e+02, 3.45274628e+02,
       4.69302952e-01, 5.58845093e+02, 3.25727478e+02, 7.41974592e-01,
       8.41003174e+02, 4.11878510e+02, 6.67310894e-01, 7.99833740e+02,
       4.88326508e+02, 7.69650042e-01, 8.35090210e+02, 3.53244019e+02,
       8.19448233e-01, 5.41225464e+02, 4.13890045e+02, 2.74603009e-01,
       5.49039917e+02, 3.74688080e+02, 3.99190962e-01, 3.39435638e+02,
       4.96206757e+02, 4.72359508e-01, 2.25800507e+02, 5.96059204e+02,
       4.42212939e-01, 5.43180359e+02, 4.53073029e+02, 1.84409007e-01,
       3.41406860e+02, 3.82510834e+02, 5.73762000e-01, 1.49384552e+02,
       3.84491821e+02, 4.48418796e-01, 9.11457336e+02, 3.10053314e+02,
       8.13530564e-01, 9.17335022e+02, 3.39399963e+02, 8.64538312e-01,
       8.91917175e+02, 3.02158203e+02, 3.58588517e-01, 9.01716370e+02,
       3.70844025e+02, 6.88875675e-01, 0., 0., 0., 0., 0., 0.,
       1.31706848e+02, 3.84513000e+02, 2.48940140e-01, 1.78760498e+02,
       5.68633423e+02, 1.64261460e-01, 1.82702560e+02, 5.68669556e+02,
       1.43059373e-01, 2.14030807e+02, 6.19647278e+02, 3.27585757e-01 ]
