%YAML:1.0
---
pose_0: !!opencv-matrix
   rows: 1
   cols: 25
   dt: "3f"
   data: [ 9.50666931e+02, 2.27679794e+02, 8.33657920e-01,
       8.48793701e+02, 2.43473343e+02, 6.64427638e-01, 8.42897888e+02,
       1.63090836e+02, 6.73166215e-01, 7.29297485e+02, 1.02336571e+02,
       8.19569170e-01, 6.17635559e+02, 1.14124718e+02, 7.96972275e-01,
       8.52689575e+02, 3.23723328e+02, 6.84206843e-01, 7.37120728e+02,
       3.78641113e+02, 6.50612950e-01, 6.15697327e+02, 3.78567352e+02,
       7.39340127e-01, 5.94114868e+02, 2.55178253e+02, 1.13082483e-01,
       5.88238098e+02, 2.10095352e+02, 1.03211328e-01, 2.74764038e+02,
       3.72747040e+02, 8.25618431e-02, 0., 0., 0., 5.96064392e+02,
       2.98298492e+02, 1.06965885e-01, 3.62945862e+02, 3.41410767e+02,
       1.27886236e-01, 0., 0., 0., 9.62388489e+02, 2.06238022e+02,
       8.51568699e-01, 9.64491333e+02, 2.43386520e+02, 8.55943680e-01,
       9.36962341e+02, 1.84630722e+02, 4.75885212e-01, 9.48681519e+02,
       2.72819397e+02, 4.42244947e-01, 0., 0., 0., 0., 0., 0., 0., 0.,
       0., 0., 0., 0., 0., 0., 0., 0., 0., 0. ]
