%YAML:1.0
---
pose_0: !!opencv-matrix
   rows: 1
   cols: 25
   dt: "3f"
   data: [ 9.19305298e+02, 2.84557648e+02, 7.21608877e-01,
       8.23373413e+02, 3.02231873e+02, 6.31725371e-01, 8.21340942e+02,
       2.25781677e+02, 7.05186427e-01, 7.07778015e+02, 1.82717102e+02,
       7.15067148e-01, 6.54869507e+02, 1.94463150e+02, 7.93176472e-01,
       8.29218872e+02, 3.98146301e+02, 4.84660298e-01, 6.99954346e+02,
       4.47197937e+02, 8.03304851e-01, 8.17489563e+02, 3.80533417e+02,
       7.41263986e-01, 5.68635315e+02, 3.10029297e+02, 1.95891261e-01,
       5.64715454e+02, 2.70859192e+02, 3.33603561e-01, 3.59037842e+02,
       2.82636139e+02, 2.77446747e-01, 1.41570053e+02, 3.04150970e+02,
       1.51623458e-01, 5.56883545e+02, 3.68844177e+02, 1.14756376e-01,
       3.62915619e+02, 3.66861145e+02, 8.30970407e-02, 1.61168457e+02,
       3.10030853e+02, 9.97570455e-02, 9.31117798e+02, 2.68875244e+02,
       8.01086962e-01, 9.35072144e+02, 3.02216858e+02, 7.97930121e-01,
       9.13428894e+02, 2.43430023e+02, 3.79033238e-01, 9.27188477e+02,
       3.35490784e+02, 4.13216591e-01, 0., 0., 0., 0., 0., 0., 0., 0.,
       0., 1.14138153e+02, 2.72834259e+02, 8.61940086e-02,
       1.18021751e+02, 2.72789490e+02, 6.78760335e-02, 0., 0., 0. ]
