%YAML:1.0
---
pose_0: !!opencv-matrix
   rows: 1
   cols: 25
   dt: "3f"
   data: [ 9.62457336e+02, 3.06163513e+02, 1.52167231e-01,
       9.15350708e+02, 3.04150360e+02, 3.25813890e-01, 8.93841492e+02,
       2.25765091e+02, 1.84950024e-01, 8.88046448e+02, 1.29820541e+02,
       5.66590011e-01, 9.85954285e+02, 2.43505829e+02, 5.74949324e-01,
       9.29080322e+02, 3.70778137e+02, 4.13222700e-01, 8.70351257e+02,
       4.94261536e+02, 7.71048784e-01, 9.80065369e+02, 4.02097656e+02,
       7.63034463e-01, 0., 0., 0., 0., 0., 0., 0., 0., 0., 0., 0., 0.,
       0., 0., 0., 0., 0., 0., 0., 0., 0., 9.83964111e+02,
       2.86513519e+02, 1.34941876e-01, 9.93780273e+02, 3.12005371e+02,
       1.35928094e-01, 0., 0., 0., 0., 0., 0., 0., 0., 0., 0., 0., 0.,
       0., 0., 0., 0., 0., 0., 0., 0., 0., 0., 0., 0. ]
