%YAML:1.0
---
pose_0: !!opencv-matrix
   rows: 1
   cols: 25
   dt: "3f"
   data: [ 9.17426208e+02, 3.64934845e+02, 7.83446610e-01,
       8.50770691e+02, 2.86478882e+02, 4.39808637e-01, 8.62516052e+02,
       2.59140930e+02, 6.93598747e-01, 7.64588318e+02, 3.02195923e+02,
       7.28884757e-01, 8.21294556e+02, 4.19753021e+02, 8.24470341e-01,
       8.39039001e+02, 3.13971436e+02, 1.66812316e-01, 0., 0., 0., 0.,
       0., 0., 5.52962708e+02, 3.02206360e+02, 2.49525040e-01,
       5.51000122e+02, 2.68922363e+02, 3.00110787e-01, 3.41375763e+02,
       3.27694550e+02, 3.97071987e-01, 1.12177216e+02, 3.37514923e+02,
       3.53052109e-01, 5.51015320e+02, 3.39416809e+02, 1.66762143e-01,
       0., 0., 0., 0., 0., 0., 9.35059082e+02, 3.51159027e+02,
       7.67656565e-01, 9.40890503e+02, 3.70799225e+02, 8.10156390e-02,
       9.31120117e+02, 3.02213501e+02, 8.65697622e-01, 0., 0., 0., 0.,
       0., 0., 0., 0., 0., 0., 0., 0., 1.33666382e+02, 3.98225250e+02,
       2.22104967e-01, 1.31788239e+02, 3.94284729e+02, 1.82386979e-01,
       9.64725037e+01, 3.41403534e+02, 2.32200325e-01 ]
