%YAML:1.0
---
pose_0: !!opencv-matrix
   rows: 1
   cols: 25
   dt: "3f"
   data: [ 8.86060425e+02, 2.74837982e+02, 8.68534446e-01,
       8.03736755e+02, 2.47386383e+02, 6.05620682e-01, 8.15488831e+02,
       1.88587769e+02, 5.53852022e-01, 7.58703613e+02, 1.16001869e+02,
       7.83041596e-01, 7.91955139e+02, 2.51279999e+02, 7.69663692e-01,
       7.88097290e+02, 2.92458801e+02, 4.52204436e-01, 7.46914673e+02,
       3.06149872e+02, 7.01483116e-02, 0., 0., 0., 6.41136475e+02,
       2.41439941e+02, 1.78989783e-01, 6.43100464e+02, 2.04259079e+02,
       1.73759907e-01, 2.98287292e+02, 3.51241333e+02, 1.82245523e-01,
       1.53323944e+02, 3.57098053e+02, 4.39771593e-01, 6.39177185e+02,
       2.80654449e+02, 1.21879742e-01, 3.59041443e+02, 3.49194885e+02,
       2.42099717e-01, 1.51369385e+02, 3.53103729e+02, 2.66994417e-01,
       8.97797424e+02, 2.55116165e+02, 8.30558956e-01, 9.01764404e+02,
       2.86521759e+02, 8.17034841e-01, 8.76244873e+02, 2.25710327e+02,
       6.59238636e-01, 8.97807129e+02, 3.04089813e+02, 5.00730090e-02,
       0., 0., 0., 0., 0., 0., 1.31710587e+02, 3.35432587e+02,
       2.48796582e-01, 1.21961273e+02, 4.43255432e+02, 2.57282764e-01,
       1.18105751e+02, 3.88407257e+02, 1.90265030e-01, 1.33733444e+02,
       3.45307129e+02, 3.82966340e-01 ]
