%YAML:1.0
---
pose_0: !!opencv-matrix
   rows: 1
   cols: 25
   dt: "3f"
   data: [ 9.17444885e+02, 2.59205109e+02, 8.59811723e-01,
       8.21402649e+02, 2.59046722e+02, 6.98723197e-01, 8.21306702e+02,
       1.76847076e+02, 6.82440817e-01, 7.01862000e+02, 1.25875771e+02,
       7.81078100e-01, 6.35188477e+02, 1.78796722e+02, 8.79075408e-01,
       8.25350708e+02, 3.35544098e+02, 6.55217886e-01, 7.31235596e+02,
       4.09920349e+02, 7.67083585e-01, 6.64639954e+02, 4.15755127e+02,
       8.31748188e-01, 5.94128357e+02, 2.90483459e+02, 3.01293641e-01,
       5.90185669e+02, 2.43432556e+02, 3.77009809e-01, 3.78603882e+02,
       2.63024353e+02, 1.93245724e-01, 1.65048172e+02, 2.82617737e+02,
       2.79257268e-01, 6.01929260e+02, 3.43366394e+02, 3.15247267e-01,
       4.47206329e+02, 3.47254761e+02, 1.33017793e-01, 3.66879517e+02,
       3.17883179e+02, 7.91972131e-02, 9.29129211e+02, 2.37511581e+02,
       8.01162422e-01, 9.33112183e+02, 2.72871735e+02, 8.70292723e-01,
       9.01726501e+02, 2.12164536e+02, 7.44901299e-01, 9.25193909e+02,
       2.90377838e+02, 1.41161233e-01, 0., 0., 0., 0., 0., 0., 0., 0.,
       0., 1.33705399e+02, 2.49348053e+02, 6.91248104e-02,
       1.33720627e+02, 2.47381134e+02, 6.39896840e-02, 1.51339035e+02,
       2.88527832e+02, 2.13214070e-01 ]
