%YAML:1.0
---
pose_0: !!opencv-matrix
   rows: 1
   cols: 25
   dt: "3f"
   data: [ 8.86020813e+02, 2.62999207e+02, 7.47686565e-01,
       8.03770630e+02, 2.68903534e+02, 6.68336928e-01, 8.05699951e+02,
       1.94397171e+02, 7.18386292e-01, 7.05776123e+02, 1.18097733e+02,
       7.88525820e-01, 6.37208801e+02, 1.65122284e+02, 7.85311878e-01,
       8.05663513e+02, 3.49194733e+02, 6.84884071e-01, 6.98025757e+02,
       4.13779297e+02, 8.26140881e-01, 6.41106201e+02, 3.60954651e+02,
       7.73741066e-01, 5.51028076e+02, 2.84565643e+02, 3.43062401e-01,
       5.58860901e+02, 2.37551208e+02, 3.48052859e-01, 3.59018433e+02,
       2.41442184e+02, 1.50873244e-01, 0., 0., 0., 5.45122009e+02,
       3.23764557e+02, 3.84736717e-01, 3.66816376e+02, 3.23777130e+02,
       3.33520263e-01, 0., 0., 0., 9.01703979e+02, 2.47327362e+02,
       7.73906469e-01, 9.01662048e+02, 2.82574005e+02, 7.18377173e-01,
       8.89919495e+02, 2.25798172e+02, 6.77948833e-01, 8.86031982e+02,
       3.02235687e+02, 5.72941899e-01, 0., 0., 0., 0., 0., 0., 0., 0.,
       0., 0., 0., 0., 0., 0., 0., 0., 0., 0. ]
