%YAML:1.0
---
pose_0: !!opencv-matrix
   rows: 1
   cols: 25
   dt: "3f"
   data: [ 8.86039246e+02, 3.51219940e+02, 8.36018920e-01,
       7.90022888e+02, 3.04185699e+02, 6.03225529e-01, 8.03694519e+02,
       2.45392502e+02, 7.03914225e-01, 8.17464050e+02, 3.21731506e+02,
       8.15316677e-01, 8.97718445e+02, 3.98179169e+02, 8.17895532e-01,
       7.78333374e+02, 3.66871918e+02, 6.28229499e-01, 7.58629578e+02,
       4.62941589e+02, 8.73624563e-01, 8.29213257e+02, 4.58864594e+02,
       8.04172993e-01, 5.72576233e+02, 2.90446075e+02, 1.83383361e-01,
       5.68626526e+02, 2.64983063e+02, 1.90857142e-01, 3.82515991e+02,
       2.41436356e+02, 1.44412592e-01, 3.17853241e+02, 2.10101334e+02,
       1.23471886e-01, 5.52963806e+02, 3.37476654e+02, 9.98184532e-02,
       3.37501984e+02, 3.82454773e+02, 1.33430958e-01, 1.55287994e+02,
       3.84443420e+02, 1.97852001e-01, 8.91939148e+02, 3.35557953e+02,
       7.91532338e-01, 9.01658447e+02, 3.53156067e+02, 1.08135566e-01,
       8.72322571e+02, 2.90512085e+02, 8.43776166e-01, 0., 0., 0.,
       1.02432877e+02, 4.13896240e+02, 6.69877678e-02, 0., 0., 0.,
       1.33663757e+02, 3.70774811e+02, 1.51641876e-01, 0., 0., 0., 0.,
       0., 0., 0., 0., 0. ]
