%YAML:1.0
---
pose_0: !!opencv-matrix
   rows: 1
   cols: 25
   dt: "3f"
   data: [ 8.95790833e+02, 3.68794403e+02, 7.77217090e-01,
       7.86110901e+02, 3.82568176e+02, 6.36558831e-01, 7.82205566e+02,
       3.10021667e+02, 6.64558113e-01, 6.52931335e+02, 2.57120728e+02,
       7.80910015e-01, 7.46969421e+02, 2.80622925e+02, 7.53609717e-01,
       7.82212891e+02, 4.68733704e+02, 5.32255054e-01, 6.66611877e+02,
       5.23601501e+02, 8.47768545e-01, 7.56695862e+02, 5.09803925e+02,
       7.87115037e-01, 5.41188293e+02, 4.13870056e+02, 3.12132120e-01,
       5.35349731e+02, 3.66897064e+02, 4.36811626e-01, 3.41433533e+02,
       3.53124329e+02, 4.50565189e-01, 0., 0., 0., 5.41210876e+02,
       4.58953644e+02, 3.21311265e-01, 3.68802734e+02, 5.03964935e+02,
       3.86746854e-01, 1.63118851e+02, 5.21602661e+02, 1.40135959e-01,
       9.05651245e+02, 3.51181335e+02, 8.12990785e-01, 9.07564575e+02,
       3.84500519e+02, 7.67624795e-01, 8.78203796e+02, 3.27680145e+02,
       6.44472480e-01, 8.91882202e+02, 4.09921112e+02, 3.09544742e-01,
       0., 0., 0., 0., 0., 0., 0., 0., 0., 0., 0., 0., 0., 0., 0., 0.,
       0., 0. ]
