%YAML:1.0
---
pose_0: !!opencv-matrix
   rows: 1
   cols: 25
   dt: "3f"
   data: [ 8.85980896e+02, 3.57035767e+02, 8.34898055e-01,
       7.76374695e+02, 3.66833191e+02, 7.31259704e-01, 7.62607483e+02,
       2.90491882e+02, 6.58912957e-01, 6.50921875e+02, 2.29725952e+02,
       8.09342325e-01, 7.35187805e+02, 2.47337646e+02, 7.87652493e-01,
       7.89992493e+02, 4.45201843e+02, 6.14638209e-01, 6.80348267e+02,
       5.23539185e+02, 8.24752688e-01, 7.84153381e+02, 5.05987915e+02,
       7.67282844e-01, 5.33391113e+02, 3.90384369e+02, 2.44857416e-01,
       5.27534058e+02, 3.45291504e+02, 3.79708529e-01, 3.53201294e+02,
       3.53195770e+02, 3.93073201e-01, 0., 0., 0., 5.33377869e+02,
       4.47216980e+02, 3.33199352e-01, 3.64882324e+02, 4.80478424e+02,
       5.55001855e-01, 1.78800262e+02, 5.37245178e+02, 4.91625518e-01,
       8.97703735e+02, 3.37472076e+02, 8.64282250e-01, 8.99751953e+02,
       3.72728699e+02, 7.83753037e-01, 8.68358704e+02, 3.17875458e+02,
       6.44271672e-01, 8.84093811e+02, 3.98146942e+02, 3.43542278e-01,
       1.19986382e+02, 5.68612915e+02, 3.79064798e-01, 1.31693283e+02,
       5.72514221e+02, 4.35156256e-01, 1.57223267e+02, 5.25514282e+02,
       2.23552793e-01, 0., 0., 0., 0., 0., 0., 0., 0., 0. ]
