%YAML:1.0
---
pose_0: !!opencv-matrix
   rows: 1
   cols: 25
   dt: "3f"
   data: [ 8.97798645e+02, 4.74628784e+02, 7.91856110e-01,
       7.97849060e+02, 4.82423828e+02, 6.81400061e-01, 8.05613892e+02,
       4.13926361e+02, 7.27981389e-01, 7.58719849e+02, 3.49162964e+02,
       7.58502126e-01, 7.33235779e+02, 2.72871826e+02, 7.42097616e-01,
       7.88095154e+02, 5.49040222e+02, 6.08435035e-01, 7.45008972e+02,
       6.62649170e+02, 8.01494181e-01, 8.39042664e+02, 6.17632324e+02,
       8.22389722e-01, 5.82354126e+02, 4.74599884e+02, 2.31037259e-01,
       5.82350281e+02, 4.43241333e+02, 2.61669904e-01, 4.13865540e+02,
       4.49156860e+02, 1.13783129e-01, 0., 0., 0., 5.62756897e+02,
       5.09891174e+02, 1.45952359e-01, 3.98217377e+02, 5.33391296e+02,
       1.69399709e-01, 1.84677399e+02, 5.39227661e+02, 9.86212492e-02,
       9.01729370e+02, 4.60860168e+02, 9.08983111e-01, 9.11521179e+02,
       4.90290588e+02, 7.87534952e-01, 8.80120117e+02, 4.47106445e+02,
       4.87023473e-01, 8.86029724e+02, 5.17716614e+02, 5.08345664e-01,
       0., 0., 0., 0., 0., 0., 0., 0., 0., 0., 0., 0., 0., 0., 0., 0.,
       0., 0. ]
