%YAML:1.0
---
pose_0: !!opencv-matrix
   rows: 1
   cols: 25
   dt: "3f"
   data: [ 8.50716858e+02, 2.12124802e+02, 7.60529518e-01,
       7.62639771e+02, 2.61141602e+02, 7.34595656e-01, 7.33192810e+02,
       2.12166702e+02, 6.20721579e-01, 6.94062683e+02, 1.33656052e+02,
       8.26345026e-01, 7.94008240e+02, 1.41529846e+02, 8.20640087e-01,
       7.90036499e+02, 3.17834473e+02, 6.44228697e-01, 7.37117493e+02,
       3.31575317e+02, 6.90866888e-01, 8.19433716e+02, 2.68901581e+02,
       7.69396186e-01, 5.31422974e+02, 3.15925323e+02, 2.84047246e-01,
       5.31412354e+02, 2.74846008e+02, 3.89336824e-01, 3.43338715e+02,
       2.86505096e+02, 5.53443134e-01, 1.65026993e+02, 3.02231262e+02,
       3.89897615e-01, 5.25513428e+02, 3.51219269e+02, 2.75615007e-01,
       3.53165070e+02, 3.49166534e+02, 4.56029207e-01, 2.14067490e+02,
       4.13804657e+02, 3.92378956e-01, 8.58596619e+02, 2.10212708e+02,
       6.07437253e-01, 8.64445740e+02, 2.29714722e+02, 7.37325430e-01,
       0., 0., 0., 8.52788513e+02, 2.74738434e+02, 7.09520519e-01,
       1.39624710e+02, 4.04088867e+02, 1.85177058e-01, 1.49365509e+02,
       4.15811615e+02, 1.97348014e-01, 2.00324722e+02, 4.25615723e+02,
       2.14916825e-01, 1.29813690e+02, 2.84576843e+02, 8.96895826e-02,
       1.31798721e+02, 2.78689392e+02, 9.68578681e-02, 1.49399277e+02,
       3.13956940e+02, 2.86133170e-01 ]
