%YAML:1.0
---
pose_0: !!opencv-matrix
   rows: 1
   cols: 25
   dt: "3f"
   data: [ 8.82049011e+02, 2.59096191e+02, 8.47013533e-01,
       7.89992676e+02, 2.74838318e+02, 7.16068506e-01, 7.78250244e+02,
       2.00307343e+02, 7.12486565e-01, 6.82321533e+02, 1.49318222e+02,
       8.36887598e-01, 6.29365845e+02, 1.49322388e+02, 8.49742115e-01,
       7.93983521e+02, 3.53104248e+02, 7.01502204e-01, 6.84252258e+02,
       4.02149841e+02, 8.19756031e-01, 7.11618591e+02, 3.06224121e+02,
       8.51296008e-01, 5.45130310e+02, 2.86538483e+02, 2.62107104e-01,
       5.43160034e+02, 2.49305420e+02, 2.96032697e-01, 3.80564026e+02,
       3.25705780e+02, 7.85831958e-02, 0., 0., 0., 5.45137207e+02,
       3.29621155e+02, 2.42742762e-01, 3.88406189e+02, 3.33537445e+02,
       1.19744822e-01, 0., 0., 0., 8.86139709e+02, 2.43411316e+02,
       9.13937330e-01, 8.95830261e+02, 2.74759369e+02, 8.28308225e-01,
       8.70323730e+02, 2.25818329e+02, 5.28228581e-01, 8.82077087e+02,
       3.02179169e+02, 5.77353179e-01, 0., 0., 0., 0., 0., 0., 0., 0.,
       0., 0., 0., 0., 0., 0., 0., 0., 0., 0. ]
