%YAML:1.0
---
pose_0: !!opencv-matrix
   rows: 1
   cols: 25
   dt: "3f"
   data: [ 9.01710205e+02, 1.94431870e+02, 8.16796839e-01,
       8.07602295e+02, 2.00309280e+02, 7.02562451e-01, 7.97891663e+02,
       1.20058441e+02, 6.93118691e-01, 6.88186523e+02, 7.49414597e+01,
       7.12265491e-01, 6.01904297e+02, 9.25962296e+01, 7.71483481e-01,
       8.07757446e+02, 2.82617950e+02, 6.73717976e-01, 7.01859436e+02,
       3.37505402e+02, 7.80492425e-01, 5.88179016e+02, 3.80595306e+02,
       8.42711627e-01, 5.70587463e+02, 2.27789902e+02, 1.94250196e-01,
       5.68649475e+02, 1.80713776e+02, 2.09255368e-01, 5.03992981e+02,
       1.53327728e+02, 6.99949935e-02, 0., 0., 0., 5.62768433e+02,
       2.78695465e+02, 2.39173934e-01, 3.92323669e+02, 2.76761993e+02,
       1.04552709e-01, 0., 0., 0., 9.09523865e+02, 1.72925613e+02,
       7.71349013e-01, 9.17368469e+02, 2.10029617e+02, 8.44206989e-01,
       8.86058350e+02, 1.51343719e+02, 7.46937633e-01, 9.09519409e+02,
       2.27681976e+02, 4.28780913e-01, 0., 0., 0., 0., 0., 0., 0., 0.,
       0., 0., 0., 0., 0., 0., 0., 0., 0., 0. ]
