%YAML:1.0
---
pose_0: !!opencv-matrix
   rows: 1
   cols: 25
   dt: "3f"
   data: [ 8.99741394e+02, 4.45187012e+02, 8.35616112e-01,
       7.95897400e+02, 4.39320648e+02, 6.93122745e-01, 7.90004700e+02,
       3.64901398e+02, 6.62914574e-01, 6.98030273e+02, 2.74747406e+02,
       8.48218977e-01, 6.50890198e+02, 3.64901001e+02, 8.75325799e-01,
       8.01794983e+02, 5.09952148e+02, 6.37155473e-01, 7.03814148e+02,
       5.70563049e+02, 7.46023059e-01, 6.05916626e+02, 5.86259521e+02,
       7.85518944e-01, 5.39257019e+02, 4.66764008e+02, 1.20620154e-01,
       5.17704956e+02, 4.31515503e+02, 1.46440595e-01, 3.74676239e+02,
       4.51096375e+02, 5.06639034e-02, 0., 0., 0., 5.41217529e+02,
       5.15735535e+02, 1.17035978e-01, 0., 0., 0., 0., 0., 0.,
       9.13418152e+02, 4.21726501e+02, 8.03201675e-01, 9.11517822e+02,
       4.57011658e+02, 7.81090558e-01, 8.85990295e+02, 3.98158264e+02,
       6.54964805e-01, 8.97795166e+02, 4.72653595e+02, 7.47350901e-02,
       0., 0., 0., 0., 0., 0., 0., 0., 0., 0., 0., 0., 0., 0., 0., 0.,
       0., 0. ]
