%YAML:1.0
---
pose_0: !!opencv-matrix
   rows: 1
   cols: 25
   dt: "3f"
   data: [ 9.01752197e+02, 4.29475006e+02, 7.96373963e-01,
       8.03727905e+02, 4.27593018e+02, 6.77654505e-01, 8.01782959e+02,
       3.49168579e+02, 6.44439638e-01, 7.33209045e+02, 3.04210693e+02,
       3.90911818e-01, 7.07724854e+02, 2.90425018e+02, 5.36738157e-01,
       7.91998474e+02, 5.03978210e+02, 6.06004894e-01, 6.78374146e+02,
       5.56931946e+02, 7.94714272e-01, 7.70414185e+02, 5.56827332e+02,
       7.50585914e-01, 5.41211548e+02, 4.21725616e+02, 2.24851564e-01,
       5.41206665e+02, 3.84488586e+02, 3.01797122e-01, 3.62920135e+02,
       3.82542480e+02, 2.38826320e-01, 0., 0., 0., 5.27531311e+02,
       4.60916718e+02, 2.28840113e-01, 3.82575226e+02, 5.09928131e+02,
       2.30334878e-01, 0., 0., 0., 9.15467834e+02, 4.11924194e+02,
       8.82832348e-01, 9.15376953e+02, 4.43276733e+02, 7.54628718e-01,
       8.91928528e+02, 3.88396057e+02, 6.23778880e-01, 8.91904236e+02,
       4.62838837e+02, 2.56003439e-01, 0., 0., 0., 0., 0., 0., 0., 0.,
       0., 0., 0., 0., 0., 0., 0., 0., 0., 0. ]
