%YAML:1.0
---
pose_0: !!opencv-matrix
   rows: 1
   cols: 25
   dt: "3f"
   data: [ 9.15464966e+02, 1.80763397e+02, 8.13703835e-01,
       8.21338684e+02, 2.23779236e+02, 7.14110494e-01, 7.93937866e+02,
       1.47452744e+02, 7.26154923e-01, 7.09700195e+02, 7.30387268e+01,
       5.79955578e-01, 7.01889832e+02, 9.45335846e+01, 7.34566450e-01,
       8.39003845e+02, 2.96300201e+02, 6.73765719e-01, 7.54722778e+02,
       3.98193115e+02, 7.71652877e-01, 6.27408997e+02, 4.31567780e+02,
       7.99656391e-01, 5.35350342e+02, 2.61042633e+02, 2.16862008e-01,
       5.29463379e+02, 2.14071747e+02, 2.25354552e-01, 3.57055023e+02,
       2.68895325e+02, 8.03598762e-02, 0., 0., 0., 5.37291809e+02,
       3.00239014e+02, 2.02108249e-01, 3.55121185e+02, 2.72848389e+02,
       1.97371542e-01, 1.45488602e+02, 3.37541229e+02, 9.55141485e-02,
       9.25186157e+02, 1.67009048e+02, 8.09232652e-01, 9.33091980e+02,
       1.96492706e+02, 8.59853506e-01, 9.01660522e+02, 1.53353638e+02,
       2.76952624e-01, 9.21266296e+02, 2.29766998e+02, 6.23342872e-01,
       0., 0., 0., 0., 0., 0., 0., 0., 0., 0., 0., 0., 0., 0., 0., 0.,
       0., 0. ]
