%YAML:1.0
---
pose_0: !!opencv-matrix
   rows: 1
   cols: 25
   dt: "3f"
   data: [ 1.01731396e+03, 2.25792984e+02, 7.51339674e-01,
       8.82116760e+02, 2.53212570e+02, 5.77106953e-01, 8.68381531e+02,
       1.61175095e+02, 5.94275832e-01, 7.41061462e+02, 1.35716446e+02,
       6.43879235e-01, 6.19570007e+02, 1.39563660e+02, 7.55185008e-01,
       8.93842529e+02, 3.53115936e+02, 5.60273409e-01, 7.72384277e+02,
       4.39365387e+02, 6.91680253e-01, 7.92016724e+02, 2.90405609e+02,
       7.16746390e-01, 5.90197327e+02, 3.17873505e+02, 6.33311272e-02,
       0., 0., 0., 0., 0., 0., 0., 0., 0., 0., 0., 0., 0., 0., 0., 0.,
       0., 0., 1.02516162e+03, 2.06165863e+02, 8.44212174e-01,
       1.03103162e+03, 2.45416000e+02, 7.47868657e-01, 9.93786072e+02,
       1.78701157e+02, 4.35225070e-01, 9.99659302e+02, 2.78668060e+02,
       1.99691415e-01, 0., 0., 0., 0., 0., 0., 0., 0., 0., 0., 0., 0.,
       0., 0., 0., 0., 0., 0. ]
