%YAML:1.0
---
pose_0: !!opencv-matrix
   rows: 1
   cols: 25
   dt: "3f"
   data: [ 9.34974609e+02, 2.06193527e+02, 7.61957526e-01,
       8.23318970e+02, 1.94399658e+02, 6.76484823e-01, 8.29201294e+02,
       1.10205254e+02, 6.50014699e-01, 6.97970947e+02, 5.14460144e+01,
       7.45422006e-01, 6.01974243e+02, 1.12147781e+02, 7.93674827e-01,
       8.07650635e+02, 2.72851746e+02, 6.75325155e-01, 6.82268921e+02,
       3.17874237e+02, 7.45288432e-01, 5.76520874e+02, 3.84502655e+02,
       7.46737242e-01, 5.94120117e+02, 1.98398117e+02, 1.32116795e-01,
       5.82356384e+02, 1.59175842e+02, 1.69890001e-01, 2.88489532e+02,
       3.37548370e+02, 1.77697361e-01, 1.35691498e+02, 3.68828400e+02,
       2.63844997e-01, 5.88224304e+02, 2.53224625e+02, 1.56811237e-01,
       3.06110352e+02, 3.37499725e+02, 1.22142985e-01, 1.35682785e+02,
       3.68870575e+02, 1.73112869e-01, 9.48634277e+02, 1.80689392e+02,
       9.06306267e-01, 9.54584351e+02, 2.16008484e+02, 7.70401955e-01,
       9.19319580e+02, 1.47451584e+02, 6.59737706e-01, 0., 0., 0., 0.,
       0., 0., 0., 0., 0., 0., 0., 0., 1.02403427e+02, 3.53133331e+02,
       9.76172611e-02, 1.02349709e+02, 3.51207825e+02, 1.02641791e-01,
       0., 0., 0. ]
