%YAML:1.0
---
pose_0: !!opencv-matrix
   rows: 1
   cols: 25
   dt: "3f"
   data: [ 8.52679565e+02, 2.88486877e+02, 7.98502088e-01,
       7.60631042e+02, 2.92431519e+02, 7.30777323e-01, 7.60587219e+02,
       2.19941620e+02, 7.03874707e-01, 6.64577332e+02, 1.41532120e+02,
       7.95856357e-01, 5.97989441e+02, 2.10179962e+02, 8.00109267e-01,
       7.58622314e+02, 3.68766357e+02, 6.26232922e-01, 6.39219788e+02,
       4.13887665e+02, 7.77600825e-01, 6.48921753e+02, 3.68896637e+02,
       8.23038518e-01, 5.31415100e+02, 2.92428284e+02, 4.03322041e-01,
       5.39214417e+02, 2.57162262e+02, 4.38363224e-01, 3.60983582e+02,
       2.12118561e+02, 1.94725022e-01, 3.51242981e+02, 2.08157990e+02,
       7.35305250e-02, 5.23585754e+02, 3.27647186e+02, 4.12137568e-01,
       3.15926117e+02, 3.43338470e+02, 2.92520523e-01, 1.68990860e+02,
       3.47256866e+02, 5.27388275e-01, 8.64463562e+02, 2.70843964e+02,
       8.14471245e-01, 8.64453674e+02, 3.02246307e+02, 7.79396415e-01,
       8.42954834e+02, 2.51284119e+02, 6.61670506e-01, 8.50713562e+02,
       3.19896149e+02, 4.28376257e-01, 1.18073318e+02, 3.76635895e+02,
       4.59606886e-01, 1.31698547e+02, 3.80520508e+02, 4.99330342e-01,
       1.53318558e+02, 3.33546539e+02, 2.60579407e-01, 0., 0., 0., 0.,
       0., 0., 0., 0., 0. ]
