%YAML:1.0
---
pose_0: !!opencv-matrix
   rows: 1
   cols: 25
   dt: "3f"
   data: [ 8.99715088e+02, 3.55117584e+02, 8.14269364e-01,
       8.23299072e+02, 3.04166382e+02, 4.83606756e-01, 8.33142273e+02,
       2.76758484e+02, 7.11691141e-01, 7.25343567e+02, 3.04160950e+02,
       7.54817843e-01, 7.60746338e+02, 4.37399780e+02, 7.94740081e-01,
       8.17455200e+02, 3.33569641e+02, 2.23677903e-01, 0., 0., 0., 0.,
       0., 0., 5.11846466e+02, 3.04183777e+02, 2.20717832e-01,
       5.09877228e+02, 2.90425415e+02, 2.32459858e-01, 3.29643127e+02,
       3.82505798e+02, 5.89856863e-01, 1.21948433e+02, 3.53099518e+02,
       4.79578406e-01, 5.11818848e+02, 3.15920776e+02, 1.38952941e-01,
       3.37441437e+02, 3.57097595e+02, 2.76083469e-01, 0., 0., 0.,
       9.15377686e+02, 3.33491486e+02, 7.19712615e-01, 9.17404968e+02,
       3.66782990e+02, 7.76239395e-01, 8.95808289e+02, 2.90449341e+02,
       8.01227450e-01, 0., 0., 0., 0., 0., 0., 0., 0., 0., 0., 0., 0.,
       7.10054169e+01, 3.53146729e+02, 7.66389295e-02, 0., 0., 0.,
       1.00439804e+02, 3.49219604e+02, 3.08692396e-01 ]
