%YAML:1.0
---
pose_0: !!opencv-matrix
   rows: 1
   cols: 25
   dt: "3f"
   data: [ 9.13448730e+02, 4.94227631e+02, 8.46139312e-01,
       8.05721558e+02, 5.11832733e+02, 7.38380194e-01, 7.89931641e+02,
       4.47178131e+02, 7.35813022e-01, 6.70520264e+02, 4.27599091e+02,
       6.58788323e-01, 5.68605103e+02, 4.15900543e+02, 4.66485262e-01,
       8.27298767e+02, 5.86248657e+02, 6.82717800e-01, 7.41015076e+02,
       6.17519653e+02, 7.67411113e-01, 6.35211487e+02, 5.41275879e+02,
       6.41088605e-01, 5.86292847e+02, 5.33387573e+02, 9.85886753e-02,
       5.70617798e+02, 4.86367096e+02, 1.47249863e-01, 0., 0., 0., 0.,
       0., 0., 6.01955811e+02, 5.90190247e+02, 8.78236517e-02, 0., 0.,
       0., 0., 0., 0., 9.15378906e+02, 4.78627411e+02, 9.05503094e-01,
       9.25175842e+02, 5.09807709e+02, 7.74676561e-01, 8.84065735e+02,
       4.62910004e+02, 7.66685426e-01, 9.03660278e+02, 5.31457764e+02,
       5.11989534e-01, 0., 0., 0., 0., 0., 0., 0., 0., 0., 0., 0., 0.,
       0., 0., 0., 0., 0., 0. ]
