%YAML:1.0
---
pose_0: !!opencv-matrix
   rows: 1
   cols: 25
   dt: "3f"
   data: [ 9.25232910e+02, 2.64973694e+02, 7.45775044e-01,
       8.09649719e+02, 2.72860443e+02, 6.77216291e-01, 8.07678101e+02,
       1.80804489e+02, 6.91247165e-01, 6.92078796e+02, 1.23904976e+02,
       7.34418273e-01, 6.15615112e+02, 1.47415314e+02, 7.86422312e-01,
       8.13526733e+02, 3.55151672e+02, 6.29140854e-01, 7.19478699e+02,
       4.53040100e+02, 7.11446702e-01, 7.13602844e+02, 3.78570160e+02,
       8.18922877e-01, 5.80384460e+02, 2.76750397e+02, 2.66654015e-01,
       5.88245728e+02, 2.31681610e+02, 3.02951694e-01, 5.04000458e+02,
       2.23809341e+02, 1.55381247e-01, 3.53161377e+02, 2.55135498e+02,
       1.87186688e-01, 5.78446533e+02, 3.21840973e+02, 2.55249321e-01,
       4.88318176e+02, 3.59038269e+02, 7.76911005e-02, 0., 0., 0.,
       9.32976563e+02, 2.43469208e+02, 8.67581844e-01, 9.36967285e+02,
       2.78744354e+02, 7.59344876e-01, 9.05642395e+02, 2.21865509e+02,
       5.38926601e-01, 9.23262451e+02, 3.00265900e+02, 1.79259226e-01,
       0., 0., 0., 0., 0., 0., 0., 0., 0., 0., 0., 0., 0., 0., 0., 0.,
       0., 0. ]
