%YAML:1.0
---
pose_0: !!opencv-matrix
   rows: 1
   cols: 25
   dt: "3f"
   data: [ 9.09507141e+02, 3.66782349e+02, 8.06496203e-01,
       8.07723816e+02, 4.02157227e+02, 7.17206120e-01, 7.92039490e+02,
       3.43320221e+02, 5.98776698e-01, 7.19475037e+02, 2.59119812e+02,
       6.88477814e-01, 7.31309021e+02, 3.17846466e+02, 7.26615489e-01,
       8.23433899e+02, 4.70695160e+02, 6.54028058e-01, 7.50858765e+02,
       4.94225342e+02, 7.62884736e-01, 7.78245178e+02, 3.66781219e+02,
       7.87281513e-01, 5.70590393e+02, 4.37382751e+02, 1.16542511e-01,
       5.82367188e+02, 3.94280640e+02, 1.62471995e-01, 3.76644196e+02,
       4.00167511e+02, 1.05828926e-01, 0., 0., 0., 5.74519165e+02,
       4.84398163e+02, 1.07972480e-01, 3.96233398e+02, 4.94232300e+02,
       5.51392697e-02, 0., 0., 0., 9.13399597e+02, 3.49195251e+02,
       8.42499614e-01, 9.23259277e+02, 3.80573700e+02, 7.71041989e-01,
       8.80150696e+02, 3.37452118e+02, 5.75145543e-01, 9.11485229e+02,
       4.11945923e+02, 5.71648777e-01, 0., 0., 0., 0., 0., 0., 0., 0.,
       0., 0., 0., 0., 0., 0., 0., 0., 0., 0. ]
