%YAML:1.0
---
pose_0: !!opencv-matrix
   rows: 1
   cols: 25
   dt: "3f"
   data: [ 9.17328552e+02, 2.84606049e+02, 8.44564676e-01,
       8.01801453e+02, 2.90511047e+02, 6.24162972e-01, 7.90076172e+02,
       2.12072418e+02, 7.13093162e-01, 6.64573303e+02, 1.94381454e+02,
       7.35675275e-01, 5.80405640e+02, 1.90559326e+02, 7.71463871e-01,
       8.07727844e+02, 3.80582001e+02, 6.44129872e-01, 6.90137695e+02,
       4.31454468e+02, 7.36800313e-01, 5.60783813e+02, 4.76523956e+02,
       8.04014802e-01, 5.41205750e+02, 3.06130615e+02, 2.26100117e-01,
       5.41256531e+02, 2.61088593e+02, 3.74811828e-01, 3.25716858e+02,
       2.86549286e+02, 3.25563341e-01, 1.70940704e+02, 3.04156738e+02,
       7.08499178e-02, 5.33379272e+02, 3.66862610e+02, 2.27944329e-01,
       3.55086548e+02, 3.78601501e+02, 3.26592296e-01, 1.65028397e+02,
       3.90359314e+02, 1.91231459e-01, 9.23230713e+02, 2.61056366e+02,
       8.38895857e-01, 9.31114990e+02, 2.98287659e+02, 8.14935386e-01,
       8.97763916e+02, 2.41458466e+02, 6.71604156e-01, 9.15387085e+02,
       3.17919373e+02, 3.12249929e-01, 1.31715546e+02, 3.68777069e+02,
       1.48020104e-01, 1.31800690e+02, 3.72770020e+02, 1.44544303e-01,
       0., 0., 0., 0., 0., 0., 0., 0., 0., 0., 0., 0. ]
