%YAML:1.0
---
pose_0: !!opencv-matrix
   rows: 1
   cols: 25
   dt: "3f"
   data: [ 9.13433655e+02, 4.31602570e+02, 7.95991063e-01,
       8.07682983e+02, 4.39347015e+02, 6.87063158e-01, 8.03729431e+02,
       3.64864441e+02, 6.51915073e-01, 7.09736816e+02, 2.88457062e+02,
       8.32388878e-01, 6.82202698e+02, 3.25717468e+02, 8.68423581e-01,
       8.09609680e+02, 5.21606506e+02, 5.75917244e-01, 6.96040161e+02,
       5.86273987e+02, 6.24221921e-01, 5.86296082e+02, 6.19513184e+02,
       8.21189284e-01, 5.66683105e+02, 4.51085175e+02, 1.78693935e-01,
       5.54947876e+02, 4.13832062e+02, 2.83061624e-01, 3.78603180e+02,
       4.29565125e+02, 1.42553911e-01, 0., 0., 0., 5.72573975e+02,
       5.05939606e+02, 1.14889376e-01, 0., 0., 0., 0., 0., 0.,
       9.17371216e+02, 4.15756104e+02, 8.89212370e-01, 9.29055359e+02,
       4.47222687e+02, 8.16033959e-01, 8.95785583e+02, 3.94236511e+02,
       5.49854755e-01, 9.03705811e+02, 4.70655060e+02, 2.52360225e-01,
       0., 0., 0., 0., 0., 0., 0., 0., 0., 0., 0., 0., 0., 0., 0., 0.,
       0., 0. ]
