%YAML:1.0
---
pose_0: !!opencv-matrix
   rows: 1
   cols: 25
   dt: "3f"
   data: [ 8.62499207e+02, 2.76728271e+02, 7.76909173e-01,
       7.66497864e+02, 2.92457489e+02, 6.53606892e-01, 7.60657776e+02,
       2.19930771e+02, 7.04284072e-01, 6.70526184e+02, 1.39637970e+02,
       7.76222348e-01, 5.98049927e+02, 1.76793777e+02, 7.75627017e-01,
       7.64584656e+02, 3.68775391e+02, 6.69927359e-01, 6.49043396e+02,
       4.11884033e+02, 7.96911597e-01, 6.66531067e+02, 3.51143158e+02,
       8.08181405e-01, 5.15737366e+02, 3.02219940e+02, 3.68027836e-01,
       5.21648193e+02, 2.61053497e+02, 3.49395126e-01, 3.59037964e+02,
       2.25736694e+02, 5.81344366e-01, 2.10066910e+02, 2.15978638e+02,
       5.38762808e-01, 5.09909119e+02, 3.37437714e+02, 3.89624983e-01,
       3.53176849e+02, 3.37491913e+02, 4.72726911e-01, 1.76798828e+02,
       3.47262268e+02, 5.18013120e-01, 8.70342224e+02, 2.61109467e+02,
       8.91206980e-01, 8.72318298e+02, 2.94378143e+02, 7.32817650e-01,
       8.50786255e+02, 2.43535507e+02, 6.38255775e-01, 8.56629761e+02,
       3.19799164e+02, 6.11785352e-01, 1.18079605e+02, 3.74717377e+02,
       4.56607312e-01, 1.31751190e+02, 3.80525299e+02, 4.89286453e-01,
       1.61145477e+02, 3.33539795e+02, 2.52406508e-01, 1.80764175e+02,
       1.76782806e+02, 2.64820933e-01, 1.80700974e+02, 1.78760803e+02,
       2.35006049e-01, 1.96419937e+02, 2.17981018e+02, 3.48946929e-01 ]
