%YAML:1.0
---
pose_0: !!opencv-matrix
   rows: 1
   cols: 25
   dt: "3f"
   data: [ 8.86093689e+02, 3.53206116e+02, 7.79450417e-01,
       7.89972046e+02, 3.19856750e+02, 6.98193431e-01, 8.05661621e+02,
       2.55149216e+02, 6.31390393e-01, 6.96008728e+02, 1.80767685e+02,
       8.13988745e-01, 5.60802490e+02, 1.82727585e+02, 8.07045341e-01,
       7.68498962e+02, 3.78571747e+02, 5.72151899e-01, 6.78363831e+02,
       4.13830078e+02, 6.01430714e-01, 6.64623474e+02, 4.47132538e+02,
       5.84525466e-01, 5.62767700e+02, 3.13977600e+02, 2.47331172e-01,
       5.68620544e+02, 2.90472778e+02, 2.10427254e-01, 3.86464966e+02,
       3.94263062e+02, 2.55791992e-01, 1.67022980e+02, 3.21828583e+02,
       1.82069108e-01, 0., 0., 0., 0., 0., 0., 0., 0., 0.,
       9.03711426e+02, 3.33574371e+02, 7.09087074e-01, 9.05637207e+02,
       3.66806946e+02, 7.98303664e-01, 8.84072205e+02, 2.96309235e+02,
       8.10826361e-01, 0., 0., 0., 0., 0., 0., 0., 0., 0., 0., 0., 0.,
       1.29810364e+02, 2.78683594e+02, 1.09376945e-01, 1.31789719e+02,
       2.76787354e+02, 8.30460638e-02, 0., 0., 0. ]
