%YAML:1.0
---
pose_0: !!opencv-matrix
   rows: 1
   cols: 25
   dt: "3f"
   data: [ 1.10546277e+03, 2.33648651e+02, 2.86388993e-01,
       9.29129822e+02, 2.12121887e+02, 3.44522625e-01, 9.35038330e+02,
       2.86526337e+02, 2.57385254e-01, 1.00358710e+03, 4.43285461e+02,
       6.74232066e-01, 1.11720508e+03, 3.15895233e+02, 6.26924992e-01,
       9.15378296e+02, 1.35657974e+02, 2.61137456e-01, 0., 0., 0., 0.,
       0., 0., 6.25461487e+02, 2.57153717e+02, 5.32817766e-02,
       6.01933044e+02, 2.25788956e+02, 5.13609089e-02, 0., 0., 0., 0.,
       0., 0., 0., 0., 0., 0., 0., 0., 0., 0., 0., 1.10152637e+03,
       1.94400253e+02, 2.52995014e-01, 1.13089319e+03, 2.29736832e+02,
       2.03332841e-01, 1.06431335e+03, 1.68974060e+02, 1.96678355e-01,
       0., 0., 0., 0., 0., 0., 0., 0., 0., 0., 0., 0., 0., 0., 0., 0.,
       0., 0., 0., 0., 0. ]
