%YAML:1.0
---
pose_0: !!opencv-matrix
   rows: 1
   cols: 25
   dt: "3f"
   data: [ 1.02516199e+03, 3.80558014e+02, 8.29473734e-01,
       9.07564697e+02, 3.27673340e+02, 5.92635274e-01, 9.25193176e+02,
       2.35589066e+02, 5.58696687e-01, 7.92030396e+02, 1.51378433e+02,
       3.61608893e-01, 7.15553772e+02, 1.16064705e+02, 4.00438339e-01,
       8.82131470e+02, 4.06033447e+02, 4.86308485e-01, 7.56728394e+02,
       4.96131287e+02, 6.40697062e-01, 7.27244263e+02, 6.07875427e+02,
       6.32026196e-01, 6.19582520e+02, 2.53216614e+02, 5.75172454e-02,
       0., 0., 0., 0., 0., 0., 0., 0., 0., 0., 0., 0., 0., 0., 0., 0.,
       0., 0., 1.04275281e+03, 3.49181488e+02, 8.31867576e-01,
       1.04470081e+03, 3.96250671e+02, 6.20910943e-01, 1.02513171e+03,
       3.00213959e+02, 6.31808817e-01, 0., 0., 0., 0., 0., 0., 0., 0.,
       0., 0., 0., 0., 0., 0., 0., 0., 0., 0., 0., 0., 0. ]
