%YAML:1.0
---
pose_0: !!opencv-matrix
   rows: 1
   cols: 25
   dt: "3f"
   data: [ 8.84091797e+02, 2.41370560e+02, 7.99098969e-01,
       8.29227966e+02, 3.17898010e+02, 5.36023855e-01, 8.31156067e+02,
       3.08091461e+02, 3.24884444e-01, 7.17519958e+02, 2.51295151e+02,
       2.36305133e-01, 7.93915710e+02, 1.84648270e+02, 1.21841952e-01,
       8.37088074e+02, 3.33525269e+02, 4.43403482e-01, 7.25378113e+02,
       2.41502121e+02, 5.76823533e-01, 7.93967957e+02, 1.82720337e+02,
       4.87735182e-01, 5.51004822e+02, 3.35502716e+02, 2.27446795e-01,
       5.49060547e+02, 3.04126556e+02, 2.88140297e-01, 3.31584259e+02,
       2.90478271e+02, 1.79230750e-01, 8.67429504e+01, 4.13846252e+02,
       1.49279699e-01, 5.41213684e+02, 3.68823700e+02, 1.32882386e-01,
       3.17883789e+02, 2.92459625e+02, 2.29413688e-01, 8.47255630e+01,
       4.13847778e+02, 2.28397340e-01, 8.99731934e+02, 2.35620911e+02,
       1.31534442e-01, 9.01778870e+02, 2.45354584e+02, 8.57648611e-01,
       0., 0., 0., 9.03677307e+02, 3.06036835e+02, 8.27324748e-01,
       4.94932785e+01, 4.43264008e+02, 1.66161418e-01, 5.53410187e+01,
       4.45227478e+02, 2.01106265e-01, 5.53996468e+01, 4.21708038e+02,
       1.34869099e-01, 5.14370193e+01, 4.45220306e+02, 1.62550658e-01,
       5.33408661e+01, 4.37390350e+02, 1.53255910e-01, 0., 0., 0. ]
