%YAML:1.0
---
pose_0: !!opencv-matrix
   rows: 1
   cols: 25
   dt: "3f"
   data: [ 9.32989746e+02, 1.55238129e+02, 7.93105125e-01,
       8.23309692e+02, 1.47375900e+02, 7.39879847e-01, 8.36973083e+02,
       5.93177147e+01, 6.98849320e-01, 7.21426025e+02, 3.96750908e+01,
       7.58723438e-01, 6.46981384e+02, 1.94420639e+02, 7.20366597e-01,
       8.13525269e+02, 2.25796600e+02, 6.38706684e-01, 7.09737488e+02,
       2.80691162e+02, 7.81350076e-01, 6.02005310e+02, 3.23739990e+02,
       8.03196192e-01, 6.50932678e+02, 1.84648224e+02, 2.66571641e-01,
       6.31325439e+02, 1.49434143e+02, 3.80228996e-01, 5.35339417e+02,
       2.80655853e+02, 1.03125647e-01, 0., 0., 0., 6.72485962e+02,
       2.21870621e+02, 2.12364107e-01, 5.82338867e+02, 3.04146820e+02,
       5.72576225e-02, 0., 0., 0., 9.46717346e+02, 1.27812271e+02,
       8.65133643e-01, 9.46790527e+02, 1.65091949e+02, 8.36011827e-01,
       9.15359314e+02, 9.64959488e+01, 7.19058871e-01, 0., 0., 0., 0.,
       0., 0., 0., 0., 0., 0., 0., 0., 0., 0., 0., 0., 0., 0., 0., 0.,
       0. ]
