%YAML:1.0
---
pose_0: !!opencv-matrix
   rows: 1
   cols: 25
   dt: "3f"
   data: [ 1.04273523e+03, 2.04283356e+02, 7.43641734e-01,
       9.15423523e+02, 2.12067093e+02, 2.64387637e-01, 9.01745850e+02,
       9.84623337e+01, 2.81147897e-01, 8.19432007e+02, 1.81153526e+01,
       2.33204290e-01, 8.85996094e+02, 1.45465134e+02, 5.03841758e-01,
       8.99773865e+02, 2.92437012e+02, 2.45088607e-01, 8.37025269e+02,
       3.47257263e+02, 7.68027753e-02, 7.31247864e+02, 3.70815094e+02,
       3.75824898e-01, 0., 0., 0., 0., 0., 0., 0., 0., 0., 0., 0., 0.,
       0., 0., 0., 0., 0., 0., 0., 0., 0., 1.05840430e+03,
       1.69029495e+02, 7.92702854e-01, 1.06428613e+03, 2.25715225e+02,
       7.47812629e-01, 1.02908203e+03, 1.35735031e+02, 4.51082528e-01,
       0., 0., 0., 0., 0., 0., 0., 0., 0., 0., 0., 0., 0., 0., 0., 0.,
       0., 0., 0., 0., 0. ]
