%YAML:1.0
---
pose_0: !!opencv-matrix
   rows: 1
   cols: 25
   dt: "3f"
   data: [ 8.97754578e+02, 3.66917847e+02, 7.95654178e-01,
       7.82167480e+02, 3.66863525e+02, 7.11051106e-01, 7.74386475e+02,
       2.90402802e+02, 6.94002867e-01, 6.46969604e+02, 2.35561111e+02,
       7.61792898e-01, 7.13635071e+02, 2.45462051e+02, 8.09972048e-01,
       7.86094055e+02, 4.35439087e+02, 5.97522259e-01, 6.76384155e+02,
       5.07934357e+02, 8.17367911e-01, 7.74368530e+02, 4.94155823e+02,
       7.86359608e-01, 5.23598022e+02, 3.80574493e+02, 2.74272442e-01,
       5.25553772e+02, 3.37434509e+02, 3.18783194e-01, 3.57079041e+02,
       3.64873291e+02, 3.51058662e-01, 1.53303986e+02, 3.55142517e+02,
       9.90489125e-02, 5.21597229e+02, 4.31490753e+02, 3.20784777e-01,
       3.55107758e+02, 4.80531586e+02, 2.75971025e-01, 1.78800507e+02,
       5.25503906e+02, 4.37740237e-01, 9.01724243e+02, 3.43359467e+02,
       8.27145159e-01, 9.03703552e+02, 3.82526581e+02, 7.77870595e-01,
       8.70391663e+02, 3.17886719e+02, 6.18751228e-01, 8.91873535e+02,
       3.98270721e+02, 1.88434154e-01, 1.23913239e+02, 5.78420105e+02,
       3.24970514e-01, 0., 0., 0., 1.53336792e+02, 5.13811157e+02,
       2.34519303e-01, 0., 0., 0., 0., 0., 0., 0., 0., 0. ]
