%YAML:1.0
---
pose_0: !!opencv-matrix
   rows: 1
   cols: 25
   dt: "3f"
   data: [ 1.01729108e+03, 2.43456375e+02, 7.61726439e-01,
       8.78182434e+02, 2.66959625e+02, 4.26487267e-01, 8.54720886e+02,
       1.67062439e+02, 5.51941156e-01, 7.42988647e+02, 1.53319519e+02,
       1.72078043e-01, 7.09654541e+02, 1.53282623e+02, 4.54130352e-01,
       8.86028015e+02, 3.62924225e+02, 4.87168223e-01, 7.40994812e+02,
       4.76490356e+02, 7.00058341e-01, 7.91931702e+02, 3.98242310e+02,
       7.71434605e-01, 5.23588135e+02, 3.41389313e+02, 7.60794580e-02,
       4.96157837e+02, 2.90465973e+02, 6.04749769e-02, 3.21778625e+02,
       3.57063629e+02, 7.77858794e-02, 1.47442062e+02, 3.84444611e+02,
       1.06716812e-01, 5.11829895e+02, 3.80566681e+02, 9.58566666e-02,
       3.17877228e+02, 3.64908447e+02, 9.54063162e-02, 1.43528305e+02,
       3.84513702e+02, 2.29370013e-01, 1.02707996e+03, 2.17930771e+02,
       8.23902011e-01, 1.03881860e+03, 2.66972504e+02, 7.18195200e-01,
       9.93766724e+02, 1.82670547e+02, 4.01065856e-01, 1.00162097e+03,
       2.92426086e+02, 1.35250628e-01, 6.32070808e+01, 3.90372009e+02,
       5.95165268e-02, 0., 0., 0., 1.33757507e+02, 3.84545166e+02,
       1.60216913e-01, 6.70654297e+01, 3.90371948e+02, 5.44967838e-02,
       0., 0., 0., 1.41568008e+02, 3.84467316e+02, 5.19108512e-02 ]
