%YAML:1.0
---
pose_0: !!opencv-matrix
   rows: 1
   cols: 25
   dt: "3f"
   data: [ 8.50715210e+02, 1.70924393e+02, 7.42794335e-01,
       7.60616821e+02, 1.96467285e+02, 7.26134837e-01, 7.58679321e+02,
       1.31737839e+02, 6.98215961e-01, 7.78266602e+02, 5.73471527e+01,
       5.20461738e-01, 8.39044128e+02, 5.34780931e+00, 2.34774798e-01,
       7.70411804e+02, 2.59068359e+02, 6.13826752e-01, 8.68349304e+02,
       3.04211212e+02, 8.40978980e-01, 8.54692566e+02, 2.39472870e+02,
       4.13271964e-01, 5.19654785e+02, 1.80755402e+02, 3.49718004e-01,
       5.23629028e+02, 1.41557495e+02, 3.78718555e-01, 3.62928253e+02,
       1.10196815e+02, 2.44961575e-01, 0., 0., 0., 5.19625305e+02,
       2.23843781e+02, 3.65224063e-01, 3.37464203e+02, 2.35596786e+02,
       3.15610051e-01, 1.74876389e+02, 2.68920288e+02, 3.58520120e-01,
       8.56643188e+02, 1.65068314e+02, 6.49132907e-01, 8.58584656e+02,
       1.84647339e+02, 7.59554386e-01, 8.56688538e+02, 1.63172913e+02,
       5.45638651e-02, 8.39015015e+02, 2.16024704e+02, 6.82901978e-01,
       1.16011131e+02, 3.00228302e+02, 3.06414723e-01, 1.19976631e+02,
       3.02213348e+02, 3.28394741e-01, 1.59191513e+02, 2.55186081e+02,
       1.89018086e-01, 0., 0., 0., 0., 0., 0., 0., 0., 0. ]
