%YAML:1.0
---
pose_0: !!opencv-matrix
   rows: 1
   cols: 25
   dt: "3f"
   data: [ 8.74288696e+02, 1.23949448e+02, 7.33122647e-01,
       7.66492798e+02, 1.18033638e+02, 6.86980307e-01, 7.58665527e+02,
       4.55403938e+01, 6.48624599e-01, 6.74423950e+02, 5.33739185e+00,
       4.41579133e-01, 6.50936340e+02, 5.36244631e+00, 5.95745333e-02,
       7.68463623e+02, 1.94388351e+02, 5.78036189e-01, 6.78336243e+02,
       2.74801971e+02, 8.31596792e-01, 7.45058411e+02, 3.02213806e+02,
       7.80277491e-01, 5.54956299e+02, 1.29820480e+02, 2.73218244e-01,
       5.52969604e+02, 8.47152252e+01, 3.37265611e-01, 3.62959412e+02,
       8.66795578e+01, 1.20375179e-01, 0., 0., 0., 5.56910400e+02,
       1.78775848e+02, 3.11467648e-01, 3.45307129e+02, 2.08143036e+02,
       2.59401113e-01, 1.59182373e+02, 2.27793228e+02, 1.95996448e-01,
       8.86066040e+02, 1.04298172e+02, 8.65437031e-01, 8.86097290e+02,
       1.35713058e+02, 7.86043644e-01, 8.60565857e+02, 7.10232773e+01,
       7.98200548e-01, 8.70384399e+02, 1.51341904e+02, 2.04740897e-01,
       9.84444809e+01, 2.59100006e+02, 1.59998745e-01, 1.12189896e+02,
       2.66927002e+02, 1.86918944e-01, 1.33718491e+02, 2.10162537e+02,
       1.10920519e-01, 0., 0., 0., 0., 0., 0., 0., 0., 0. ]
