%YAML:1.0
---
pose_0: !!opencv-matrix
   rows: 1
   cols: 25
   dt: "3f"
   data: [ 9.15430969e+02, 3.49229462e+02, 7.55126476e-01,
       8.23316406e+02, 2.86498230e+02, 4.80780780e-01, 8.25320374e+02,
       2.63024872e+02, 6.58703387e-01, 7.27249817e+02, 3.31551453e+02,
       7.41287172e-01, 8.35104736e+02, 4.25643250e+02, 6.54862523e-01,
       8.21389832e+02, 3.10059418e+02, 2.49004900e-01, 7.27257629e+02,
       3.88381439e+02, 6.98170543e-01, 8.27268066e+02, 4.27536499e+02,
       4.07918453e-01, 5.64718628e+02, 3.06115448e+02, 2.14776948e-01,
       5.54932495e+02, 3.04173523e+02, 1.96576878e-01, 3.64889984e+02,
       3.49192322e+02, 8.36249739e-02, 0., 0., 0., 5.68651184e+02,
       3.04160889e+02, 1.34648770e-01, 3.06156219e+02, 3.37399170e+02,
       1.48566797e-01, 1.02408607e+02, 3.35535736e+02, 1.23452045e-01,
       9.32980530e+02, 3.23818359e+02, 7.76330054e-01, 9.33009399e+02,
       3.51126770e+02, 3.77204597e-01, 9.15331543e+02, 2.84584656e+02,
       8.45859289e-01, 0., 0., 0., 5.34178658e+01, 3.17871582e+02,
       1.43804818e-01, 6.31438751e+01, 3.33515259e+02, 1.31450176e-01,
       8.28031006e+01, 3.47252686e+02, 9.99766141e-02, 0., 0., 0., 0.,
       0., 0., 0., 0., 0. ]
