%YAML:1.0
---
pose_0: !!opencv-matrix
   rows: 2
   cols: 25
   dt: "3f"
   data: [ 0., 0., 0., 0., 0., 0., 0., 0., 0., 0., 0., 0., 0., 0., 0.,
       7.84184631e+02, 2.08117371e+02, 3.77200574e-01, 8.07648315e+02,
       1.12152374e+02, 7.54996896e-01, 9.01705811e+02, 1.78855255e+02,
       8.17121267e-01, 0., 0., 0., 0., 0., 0., 0., 0., 0., 0., 0., 0.,
       0., 0., 0., 0., 0., 0., 0., 0., 0., 0., 0., 0., 0., 0., 0., 0.,
       0., 0., 0., 0., 0., 0., 0., 0., 0., 0., 0., 0., 0., 0., 0., 0.,
       0., 0., 0., 0., 0., 0., 0., 8.84073608e+02, 2.29735016e+02,
       7.31769145e-01, 7.95908630e+02, 2.66957123e+02, 5.56781232e-01,
       8.09649292e+02, 3.04118805e+02, 1.13387153e-01, 0., 0., 0., 0.,
       0., 0., 8.05709229e+02, 3.19888947e+02, 5.17692268e-01,
       8.54712708e+02, 3.64917725e+02, 7.69036531e-01, 9.17436768e+02,
       2.88510803e+02, 6.44608736e-01, 5.74527344e+02, 3.04140564e+02,
       2.93275923e-01, 5.70632446e+02, 2.59106781e+02, 3.92388701e-01,
       3.59032471e+02, 2.90518524e+02, 2.63460785e-01, 1.74850845e+02,
       2.96309357e+02, 4.74978387e-01, 5.76502075e+02, 3.51231659e+02,
       3.82809043e-01, 3.92345917e+02, 3.66900360e+02, 3.26891780e-01,
       2.21861053e+02, 4.06056305e+02, 4.33064222e-01, 8.93840271e+02,
       2.19904419e+02, 5.08576751e-01, 8.99705383e+02, 2.45370255e+02,
       6.61674440e-01, 0., 0., 0., 8.86002502e+02, 2.74753082e+02,
       6.96084380e-01, 1.49377274e+02, 4.13910126e+02, 3.07580650e-01,
       1.61156479e+02, 4.23683075e+02, 2.90902138e-01, 2.10113800e+02,
       4.09980103e+02, 2.34478548e-01, 1.55270157e+02, 3.21782623e+02,
       9.27309766e-02, 0., 0., 0., 1.61133759e+02, 3.00261993e+02,
       3.70467216e-01 ]
