%YAML:1.0
---
pose_0: !!opencv-matrix
   rows: 1
   cols: 25
   dt: "3f"
   data: [ 1.02311084e+03, 3.59015930e+02, 7.49535978e-01,
       9.01699646e+02, 3.35469177e+02, 3.87145400e-01, 9.13414551e+02,
       2.53229523e+02, 3.36755365e-01, 0., 0., 0., 0., 0., 0.,
       8.82095154e+02, 4.00190399e+02, 3.03577632e-01, 7.56727234e+02,
       4.76507935e+02, 1.99137807e-01, 7.43019592e+02, 5.39310120e+02,
       1.50247797e-01, 0., 0., 0., 0., 0., 0., 0., 0., 0., 0., 0., 0.,
       0., 0., 0., 0., 0., 0., 0., 0., 0., 1.04084924e+03,
       3.27669037e+02, 8.00391555e-01, 1.03879102e+03, 3.78580078e+02,
       6.74536824e-01, 1.01337964e+03, 2.82621307e+02, 3.67338866e-01,
       0., 0., 0., 0., 0., 0., 0., 0., 0., 0., 0., 0., 0., 0., 0., 0.,
       0., 0., 0., 0., 0. ]
