%YAML:1.0
---
pose_0: !!opencv-matrix
   rows: 1
   cols: 25
   dt: "3f"
   data: [ 9.17341125e+02, 4.62782532e+02, 8.65643203e-01,
       8.07721436e+02, 4.62837677e+02, 6.97602212e-01, 8.03701355e+02,
       3.86486267e+02, 6.18240833e-01, 7.33190063e+02, 2.86505890e+02,
       6.14819050e-01, 7.13605164e+02, 1.74838852e+02, 4.69858021e-01,
       8.19404480e+02, 5.41293762e+02, 6.05244339e-01, 7.13679443e+02,
       6.01920288e+02, 7.27479398e-01, 5.78470215e+02, 6.25457214e+02,
       7.26486564e-01, 6.03907898e+02, 4.64808197e+02, 2.19724134e-01,
       6.01967285e+02, 4.29556152e+02, 2.91716427e-01, 3.86456696e+02,
       4.43278595e+02, 1.37363210e-01, 0., 0., 0., 5.96086304e+02,
       5.17705994e+02, 1.03414439e-01, 0., 0., 0., 0., 0., 0.,
       9.27192444e+02, 4.41317902e+02, 8.33905637e-01, 9.31154480e+02,
       4.76522247e+02, 8.64458680e-01, 8.99747253e+02, 4.15867676e+02,
       6.68102801e-01, 0., 0., 0., 0., 0., 0., 0., 0., 0., 0., 0., 0.,
       0., 0., 0., 0., 0., 0., 0., 0., 0. ]
