%YAML:1.0
---
pose_0: !!opencv-matrix
   rows: 1
   cols: 25
   dt: "3f"
   data: [ 8.70374756e+02, 2.43529007e+02, 8.55625629e-01,
       7.88010437e+02, 2.74799408e+02, 6.97189629e-01, 7.76296509e+02,
       2.12061630e+02, 6.92624807e-01, 8.03694092e+02, 1.16026093e+02,
       8.15201938e-01, 8.97731689e+02, 1.65028412e+02, 8.48893762e-01,
       7.91982056e+02, 3.37426453e+02, 6.82148218e-01, 8.50689209e+02,
       4.00153992e+02, 8.40793967e-01, 9.17458069e+02, 3.10044067e+02,
       8.18036377e-01, 5.64713562e+02, 3.15897186e+02, 3.74062300e-01,
       5.70618835e+02, 2.74758087e+02, 3.84111404e-01, 3.33564148e+02,
       2.86502747e+02, 2.81983167e-01, 1.63109039e+02, 3.02168793e+02,
       3.58182430e-01, 5.60788757e+02, 3.51122528e+02, 3.78539443e-01,
       3.41396484e+02, 3.49247528e+02, 2.91560531e-01, 1.76800095e+02,
       3.80521942e+02, 3.58320624e-01, 8.80149109e+02, 2.27759903e+02,
       8.19619775e-01, 8.87952759e+02, 2.57164886e+02, 8.00104976e-01,
       8.39001404e+02, 2.10154541e+02, 3.22343111e-01, 8.74284180e+02,
       2.84569733e+02, 3.55104148e-01, 1.14080910e+02, 3.72729614e+02,
       1.16025209e-01, 1.19997299e+02, 3.82500427e+02, 1.12064809e-01,
       1.61124146e+02, 3.84489868e+02, 2.08449557e-01, 1.37643295e+02,
       2.51263931e+02, 1.38759926e-01, 1.35696259e+02, 2.55196457e+02,
       1.03552401e-01, 1.47433609e+02, 3.10074646e+02, 2.84899831e-01 ]
