%YAML:1.0
---
pose_0: !!opencv-matrix
   rows: 1
   cols: 25
   dt: "3f"
   data: [ 9.09528259e+02, 3.19878082e+02, 7.68741846e-01,
       8.23394531e+02, 2.43427155e+02, 6.25047147e-01, 8.35030396e+02,
       2.14026154e+02, 7.33168662e-01, 7.31306030e+02, 2.88438568e+02,
       7.16374576e-01, 8.25305542e+02, 3.80556976e+02, 7.84424841e-01,
       8.15512878e+02, 2.74798035e+02, 2.78190583e-01, 6.99978333e+02,
       3.45277588e+02, 6.91574633e-01, 7.86102905e+02, 3.80557190e+02,
       5.91397941e-01, 5.78424866e+02, 2.47339188e+02, 2.28800282e-01,
       5.70576538e+02, 2.45383804e+02, 2.38335580e-01, 4.35448700e+02,
       3.12003540e+02, 1.11510776e-01, 0., 0., 0., 5.80397888e+02,
       2.43432877e+02, 1.45843521e-01, 2.92411011e+02, 2.57137115e+02,
       1.16012558e-01, 1.39611328e+02, 2.90424530e+02, 8.81084949e-02,
       9.29142029e+02, 3.04230743e+02, 7.97418356e-01, 0., 0., 0.,
       9.25227356e+02, 2.57192566e+02, 8.33788991e-01, 0., 0., 0., 0.,
       0., 0., 0., 0., 0., 1.18023376e+02, 2.78688263e+02,
       5.44534102e-02, 0., 0., 0., 0., 0., 0., 0., 0., 0. ]
