%YAML:1.0
---
pose_0: !!opencv-matrix
   rows: 1
   cols: 25
   dt: "3f"
   data: [ 9.25207458e+02, 2.41375198e+02, 7.65862882e-01,
       8.07638489e+02, 2.57156525e+02, 6.80489242e-01, 7.99827026e+02,
       1.76846237e+02, 6.56364083e-01, 6.70498474e+02, 1.33669540e+02,
       7.80473590e-01, 5.66655884e+02, 1.31669189e+02, 6.87686205e-01,
       8.09598022e+02, 3.39406647e+02, 6.59609258e-01, 7.09665283e+02,
       3.72741119e+02, 7.33525515e-01, 5.98041931e+02, 3.62889862e+02,
       7.34298646e-01, 5.92166443e+02, 2.47360703e+02, 1.58593357e-01,
       5.99985901e+02, 2.04245331e+02, 2.03648880e-01, 5.07889893e+02,
       1.82708572e+02, 1.42985255e-01, 3.51186707e+02, 2.27736328e+02,
       2.62850344e-01, 5.92159729e+02, 3.10036682e+02, 1.26829132e-01,
       3.70800598e+02, 3.35520569e+02, 7.20796436e-02, 3.37510437e+02,
       3.43372559e+02, 7.99060762e-02, 9.33007629e+02, 2.23784866e+02,
       8.86133790e-01, 9.36991089e+02, 2.57147095e+02, 7.74468303e-01,
       9.03646545e+02, 2.00352783e+02, 4.80937719e-01, 9.15389709e+02,
       2.82580841e+02, 4.21839058e-01, 0., 0., 0., 0., 0., 0.,
       3.37510742e+02, 3.41417816e+02, 6.01675399e-02, 3.19855469e+02,
       2.55175583e+02, 8.04842412e-02, 3.25712921e+02, 2.53233292e+02,
       6.06178828e-02, 0., 0., 0. ]
