%YAML:1.0
---
pose_0: !!opencv-matrix
   rows: 1
   cols: 25
   dt: "3f"
   data: [ 9.46667603e+02, 3.06147552e+02, 8.40758860e-01,
       8.52697815e+02, 3.33564240e+02, 7.00922430e-01, 8.25309082e+02,
       2.59121063e+02, 6.32219553e-01, 7.78287842e+02, 2.23789566e+02,
       2.24857897e-01, 7.37119751e+02, 1.94382690e+02, 5.35470486e-01,
       8.80166748e+02, 4.11946350e+02, 6.55200720e-01, 8.15472717e+02,
       4.92270874e+02, 5.70341170e-01, 7.68486511e+02, 5.25480957e+02,
       6.85351789e-01, 5.68645996e+02, 4.00147583e+02, 1.45691395e-01,
       5.70591309e+02, 3.43336304e+02, 2.15697855e-01, 3.23750275e+02,
       3.66896088e+02, 2.53014654e-01, 1.65102859e+02, 3.66769409e+02,
       1.00801438e-01, 5.78443054e+02, 4.49169952e+02, 1.46129474e-01,
       3.68834991e+02, 5.29454895e+02, 1.65002942e-01, 3.57051758e+02,
       5.35356506e+02, 1.90156564e-01, 9.50725281e+02, 2.86507446e+02,
       8.20586026e-01, 9.64357483e+02, 3.21813049e+02, 8.55837643e-01,
       9.33034119e+02, 2.59128296e+02, 6.72849774e-01, 9.62385925e+02,
       3.45336334e+02, 4.66281056e-01, 0., 0., 0., 0., 0., 0., 0., 0.,
       0., 0., 0., 0., 0., 0., 0., 0., 0., 0. ]
