%YAML:1.0
---
pose_0: !!opencv-matrix
   rows: 1
   cols: 25
   dt: "3f"
   data: [ 9.13413452e+02, 3.53241455e+02, 8.25339139e-01,
       8.29214050e+02, 4.06026947e+02, 6.83745980e-01, 7.95894897e+02,
       3.68763916e+02, 5.86293638e-01, 6.47000610e+02, 3.80540924e+02,
       3.19125712e-01, 5.78460083e+02, 3.47230011e+02, 6.43765569e-01,
       8.64505920e+02, 4.51098938e+02, 6.52137339e-01, 7.92056152e+02,
       4.19756287e+02, 6.34201586e-01, 7.42930542e+02, 2.82641846e+02,
       7.36163020e-01, 5.72575562e+02, 4.45188263e+02, 2.32617602e-01,
       5.72571716e+02, 4.02099640e+02, 3.87595713e-01, 3.51159912e+02,
       3.86498047e+02, 3.60658705e-01, 1.70934067e+02, 3.80596191e+02,
       2.89561361e-01, 5.64729004e+02, 4.92249115e+02, 2.25580588e-01,
       3.68802643e+02, 5.52969482e+02, 5.10090292e-01, 1.80757645e+02,
       6.48993835e+02, 3.41295213e-01, 9.19349731e+02, 3.43353607e+02,
       8.12486351e-01, 9.31086182e+02, 3.72748169e+02, 8.78589034e-01,
       0., 0., 0., 9.19303101e+02, 4.13932922e+02, 7.60961652e-01,
       1.00426048e+02, 6.35277100e+02, 1.92294508e-01, 1.06314171e+02,
       6.46988586e+02, 1.91778451e-01, 1.63115295e+02, 6.54848877e+02,
       1.40132487e-01, 1.49364944e+02, 3.98257141e+02, 1.39253631e-01,
       1.43505600e+02, 3.84493988e+02, 1.31117195e-01, 0., 0., 0. ]
