%YAML:1.0
---
pose_0: !!opencv-matrix
   rows: 1
   cols: 25
   dt: "3f"
   data: [ 8.56694397e+02, 3.51079041e+02, 7.79721260e-01,
       7.72389771e+02, 3.13951233e+02, 6.61787033e-01, 7.76317017e+02,
       2.43468292e+02, 6.98189795e-01, 6.82210571e+02, 2.27753387e+02,
       7.86720455e-01, 7.39109741e+02, 3.57101349e+02, 7.20619261e-01,
       7.60605225e+02, 3.82523834e+02, 5.37477970e-01, 6.80241150e+02,
       4.62846252e+02, 8.62004280e-01, 7.44947998e+02, 4.62889648e+02,
       8.08372438e-01, 5.41197510e+02, 3.19821289e+02, 3.09192210e-01,
       5.41237549e+02, 2.76763702e+02, 3.85687172e-01, 4.35430084e+02,
       2.70875397e+02, 1.66600958e-01, 3.51155304e+02, 2.76731659e+02,
       2.75587499e-01, 5.35350159e+02, 3.61005493e+02, 3.45881224e-01,
       3.37500610e+02, 3.82502777e+02, 3.61653268e-01, 1.63137589e+02,
       3.84487732e+02, 3.94815207e-01, 8.74252197e+02, 3.27653809e+02,
       7.11253226e-01, 8.76206116e+02, 3.53096313e+02, 7.65192568e-01,
       8.64454468e+02, 2.88427948e+02, 7.66673863e-01, 0., 0., 0.,
       1.06297455e+02, 4.23660950e+02, 1.58788040e-01, 0., 0., 0.,
       1.37629211e+02, 3.82522186e+02, 2.08009720e-01, 1.98351807e+02,
       2.57097748e+02, 6.32734150e-02, 2.00331467e+02, 2.59089508e+02,
       5.04959822e-02, 0., 0., 0. ]
