%YAML:1.0
---
pose_0: !!opencv-matrix
   rows: 1
   cols: 25
   dt: "3f"
   data: [ 9.48729675e+02, 2.43374969e+02, 8.19143713e-01,
       8.52737427e+02, 2.53218399e+02, 6.13440573e-01, 8.39006653e+02,
       1.61120880e+02, 6.08301044e-01, 6.99943726e+02, 1.16086906e+02,
       7.03555942e-01, 6.48895630e+02, 1.33697357e+02, 6.51401877e-01,
       8.66402527e+02, 3.43370667e+02, 5.34153163e-01, 7.56663086e+02,
       4.62780670e+02, 7.01607943e-01, 8.05616516e+02, 3.76663605e+02,
       6.97560012e-01, 6.01935303e+02, 2.72824860e+02, 1.05678521e-01,
       5.52985779e+02, 2.10135208e+02, 9.66244116e-02, 0., 0., 0., 0.,
       0., 0., 6.21548523e+02, 3.08079071e+02, 1.25843167e-01, 0., 0.,
       0., 0., 0., 0., 9.62467468e+02, 2.19889084e+02, 8.05350065e-01,
       9.70253723e+02, 2.59126404e+02, 8.00618052e-01, 9.42802795e+02,
       1.94380692e+02, 4.51073885e-01, 9.62452454e+02, 2.86537567e+02,
       9.27580744e-02, 0., 0., 0., 0., 0., 0., 0., 0., 0., 0., 0., 0.,
       0., 0., 0., 0., 0., 0. ]
