%YAML:1.0
---
pose_0: !!opencv-matrix
   rows: 1
   cols: 25
   dt: "3f"
   data: [ 9.21265320e+02, 3.51205566e+02, 8.14683139e-01,
       8.05756226e+02, 3.70810455e+02, 7.18507946e-01, 7.92039001e+02,
       2.90526459e+02, 7.24470735e-01, 6.70498962e+02, 2.80663544e+02,
       5.95011115e-01, 5.56878967e+02, 2.74820526e+02, 7.92574227e-01,
       8.19385803e+02, 4.49174408e+02, 6.28115416e-01, 7.15629395e+02,
       4.96173737e+02, 7.13715911e-01, 5.58915405e+02, 5.11812744e+02,
       7.56267905e-01, 5.27525085e+02, 3.96254974e+02, 3.08402061e-01,
       5.33394409e+02, 3.49195313e+02, 3.91261816e-01, 3.45303467e+02,
       3.13970520e+02, 1.31511882e-01, 0., 0., 0., 5.25572266e+02,
       4.41287689e+02, 3.70469689e-01, 3.68880310e+02, 4.74605591e+02,
       4.43846405e-01, 0., 0., 0., 9.31038513e+02, 3.35450775e+02,
       9.14835453e-01, 9.36937073e+02, 3.66895172e+02, 8.33846271e-01,
       9.01715393e+02, 3.13980438e+02, 5.58975339e-01, 9.15400757e+02,
       3.96167175e+02, 3.46677125e-01, 0., 0., 0., 0., 0., 0., 0., 0.,
       0., 0., 0., 0., 0., 0., 0., 0., 0., 0. ]
