%YAML:1.0
---
pose_0: !!opencv-matrix
   rows: 1
   cols: 25
   dt: "3f"
   data: [ 9.31065125e+02, 3.70821381e+02, 7.64765143e-01,
       8.39060486e+02, 2.98294525e+02, 5.13937235e-01, 8.54752075e+02,
       2.61057190e+02, 6.72002792e-01, 7.72343506e+02, 1.80713409e+02,
       7.42834032e-01, 6.19560974e+02, 2.33642761e+02, 6.80297971e-01,
       8.17462524e+02, 3.35508392e+02, 2.56685048e-01, 6.99895264e+02,
       3.68809662e+02, 3.06692421e-01, 6.33353943e+02, 4.09952118e+02,
       3.84669513e-01, 6.03917664e+02, 3.06094086e+02, 2.75576770e-01,
       6.01956848e+02, 2.74742950e+02, 2.54029155e-01, 4.72650055e+02,
       3.06093536e+02, 6.83026016e-02, 3.70766663e+02, 3.37480377e+02,
       6.99884221e-02, 6.01933411e+02, 3.29651245e+02, 1.83843374e-01,
       5.19669800e+02, 3.51177673e+02, 7.62344375e-02, 3.68868866e+02,
       3.98134735e+02, 9.23681855e-02, 9.48793396e+02, 3.53213135e+02,
       7.58390903e-01, 9.48696838e+02, 3.78566833e+02, 1.61251768e-01,
       9.33035645e+02, 3.06065430e+02, 9.15653110e-01, 0., 0., 0., 0.,
       0., 0., 0., 0., 0., 0., 0., 0., 0., 0., 0., 0., 0., 0., 0., 0.,
       0. ]
