%YAML:1.0
---
pose_0: !!opencv-matrix
   rows: 1
   cols: 25
   dt: "3f"
   data: [ 8.84084045e+02, 2.27687958e+02, 8.44579518e-01,
       7.76367065e+02, 2.49297195e+02, 6.89594448e-01, 7.66544189e+02,
       1.68977158e+02, 6.70349061e-01, 6.52947876e+02, 1.45420715e+02,
       7.70872116e-01, 5.84300415e+02, 1.55259094e+02, 7.88034081e-01,
       7.82166748e+02, 3.29613678e+02, 6.22396350e-01, 6.76386414e+02,
       3.72728027e+02, 6.40972674e-01, 5.43243591e+02, 4.09914551e+02,
       7.48846292e-01, 5.11823517e+02, 2.70874664e+02, 3.27480048e-01,
       5.19658203e+02, 2.23808624e+02, 4.00357157e-01, 3.66816650e+02,
       1.98366745e+02, 4.31370020e-01, 1.96392624e+02, 1.96419006e+02,
       1.42176181e-01, 5.09849365e+02, 3.15904907e+02, 3.30792129e-01,
       3.21813660e+02, 3.29656128e+02, 1.95262581e-01, 0., 0., 0.,
       8.88046875e+02, 2.10057007e+02, 8.21829081e-01, 8.99703857e+02,
       2.41493774e+02, 8.87308717e-01, 8.64445496e+02, 1.92526871e+02,
       5.77153683e-01, 8.80171387e+02, 2.70879272e+02, 6.32036209e-01,
       0., 0., 0., 0., 0., 0., 0., 0., 0., 0., 0., 0., 0., 0., 0., 0.,
       0., 0. ]
