%YAML:1.0
---
pose_0: !!opencv-matrix
   rows: 1
   cols: 25
   dt: "3f"
   data: [ 8.91919800e+02, 3.08138153e+02, 7.57596374e-01,
       8.07583984e+02, 3.10040497e+02, 7.17484117e-01, 8.05666443e+02,
       2.41518509e+02, 6.20806754e-01, 8.54690796e+02, 1.45440628e+02,
       8.32625747e-01, 9.44739563e+02, 2.43432358e+02, 7.60535419e-01,
       8.07685669e+02, 3.84490936e+02, 6.25045300e-01, 8.35096375e+02,
       4.90246643e+02, 7.89536178e-01, 9.15450806e+02, 4.00142487e+02,
       8.84333789e-01, 5.78454041e+02, 3.06139893e+02, 2.24635825e-01,
       5.80394897e+02, 2.66947784e+02, 3.02617550e-01, 3.66859497e+02,
       2.74797821e+02, 1.58182085e-01, 0., 0., 0., 5.82362671e+02,
       3.60976929e+02, 2.26241097e-01, 4.43264465e+02, 3.70792419e+02,
       7.46382922e-02, 3.66840454e+02, 3.68872192e+02, 1.46746844e-01,
       9.01673157e+02, 2.90403229e+02, 8.12589049e-01, 9.07583130e+02,
       3.21800110e+02, 7.99232543e-01, 8.84071045e+02, 2.66931030e+02,
       5.17589569e-01, 8.85944580e+02, 3.35508209e+02, 9.22578275e-02,
       0., 0., 0., 0., 0., 0., 3.62942322e+02, 3.72718719e+02,
       7.85524771e-02, 0., 0., 0., 0., 0., 0., 0., 0., 0. ]
