%YAML:1.0
---
pose_0: !!opencv-matrix
   rows: 1
   cols: 25
   dt: "3f"
   data: [ 8.97715271e+02, 3.72720215e+02, 7.41049588e-01,
       7.91960205e+02, 3.53173004e+02, 7.01571941e-01, 7.90003540e+02,
       2.78673340e+02, 6.51336551e-01, 6.66663635e+02, 2.12082077e+02,
       8.14550638e-01, 7.54787659e+02, 2.43442108e+02, 7.41999149e-01,
       7.90025757e+02, 4.31448730e+02, 6.00485325e-01, 6.88138855e+02,
       5.09857971e+02, 7.99473763e-01, 7.92005676e+02, 5.07992126e+02,
       8.55802298e-01, 5.45127869e+02, 4.11920349e+02, 2.77805746e-01,
       5.45125549e+02, 3.53149811e+02, 3.26177359e-01, 3.45308807e+02,
       3.80530273e+02, 1.27919689e-01, 0., 0., 0., 5.56878662e+02,
       4.58883301e+02, 3.86018336e-01, 3.86453369e+02, 4.84420746e+02,
       3.39053333e-01, 1.82704269e+02, 5.25588440e+02, 3.00655872e-01,
       9.15404419e+02, 3.51176605e+02, 8.10988903e-01, 9.11468018e+02,
       3.84556732e+02, 7.38905787e-01, 8.85977661e+02, 3.17834656e+02,
       6.70972943e-01, 0., 0., 0., 1.19980797e+02, 5.70595886e+02,
       1.35382712e-01, 0., 0., 0., 1.49428253e+02, 5.13783875e+02,
       2.04474509e-01, 0., 0., 0., 0., 0., 0., 0., 0., 0. ]
