%YAML:1.0
---
pose_0: !!opencv-matrix
   rows: 1
   cols: 25
   dt: "3f"
   data: [ 8.89921631e+02, 1.33649338e+02, 7.33714104e-01,
       7.78330872e+02, 1.29811752e+02, 6.70309305e-01, 7.80250122e+02,
       4.16268539e+01, 7.06635594e-01, 7.11616821e+02, 5.34308195e+00,
       3.01085353e-01, 0., 0., 0., 7.76246216e+02, 2.12080338e+02,
       6.25188887e-01, 6.58791321e+02, 2.45356750e+02, 7.12490559e-01,
       5.33370178e+02, 2.70805481e+02, 7.70408690e-01, 5.25526245e+02,
       1.16096489e+02, 2.53927737e-01, 5.21630432e+02, 6.90238419e+01,
       3.16234648e-01, 3.49225952e+02, 7.69336319e+01, 2.25741491e-01,
       0., 0., 0., 5.25517273e+02, 1.68995972e+02, 3.59885693e-01,
       4.19753021e+02, 1.78725632e+02, 5.70581555e-02, 0., 0., 0.,
       9.01668396e+02, 1.12161575e+02, 8.21775615e-01, 9.01766479e+02,
       1.49458206e+02, 7.57853329e-01, 8.76247253e+02, 8.66941757e+01,
       4.18573529e-01, 8.91903015e+02, 1.76835281e+02, 1.67515039e-01,
       0., 0., 0., 0., 0., 0., 0., 0., 0., 0., 0., 0., 0., 0., 0., 0.,
       0., 0. ]
