%YAML:1.0
---
pose_0: !!opencv-matrix
   rows: 1
   cols: 25
   dt: "3f"
   data: [ 8.72319580e+02, 4.13939819e+02, 8.34808648e-01,
       7.92003174e+02, 4.47236481e+02, 5.60634613e-01, 7.86123108e+02,
       4.04096954e+02, 5.93586266e-01, 7.44996155e+02, 3.35477173e+02,
       4.70749497e-01, 7.11638794e+02, 2.72771179e+02, 6.08815372e-01,
       8.03733459e+02, 5.00087433e+02, 5.75856864e-01, 7.86111328e+02,
       4.60896332e+02, 1.14153072e-01, 0., 0., 0., 5.23611511e+02,
       4.58945007e+02, 2.86233187e-01, 5.27526184e+02, 4.21711182e+02,
       4.26532120e-01, 3.72759430e+02, 3.57080566e+02, 4.62752074e-01,
       1.98365967e+02, 3.80562958e+02, 2.43249238e-01, 5.11836731e+02,
       5.07924194e+02, 2.09928736e-01, 3.35513428e+02, 5.56856567e+02,
       2.88593113e-01, 1.94443359e+02, 6.35327820e+02, 2.49403477e-01,
       8.72309448e+02, 4.00192749e+02, 8.52131009e-01, 8.85996277e+02,
       4.27601318e+02, 7.87040114e-01, 8.48814758e+02, 3.98169067e+02,
       4.64356542e-01, 8.72322632e+02, 4.60858582e+02, 5.84283054e-01,
       1.31714813e+02, 6.37257935e+02, 1.75884306e-01, 1.35723663e+02,
       6.49002686e+02, 1.90789297e-01, 0., 0., 0., 1.80699905e+02,
       3.94291626e+02, 6.25605211e-02, 0., 0., 0., 1.70940979e+02,
       3.84473206e+02, 1.59393668e-01 ]
