%YAML:1.0
---
pose_0: !!opencv-matrix
   rows: 1
   cols: 25
   dt: "3f"
   data: [ 8.72383362e+02, 4.39364014e+02, 7.85396636e-01,
       7.76323120e+02, 4.15901276e+02, 7.41331518e-01, 7.64555298e+02,
       3.51125946e+02, 6.96174800e-01, 6.64590576e+02, 2.88441101e+02,
       7.74429500e-01, 7.25369751e+02, 2.51251389e+02, 7.45656013e-01,
       7.90050781e+02, 4.90237335e+02, 6.47294939e-01, 7.29280457e+02,
       5.86294861e+02, 7.13983357e-01, 7.29220947e+02, 7.15599426e+02,
       4.60887790e-01, 5.56929688e+02, 4.45174683e+02, 3.27251673e-01,
       5.58863037e+02, 4.00130035e+02, 4.36027974e-01, 3.94287567e+02,
       4.11887573e+02, 1.91958919e-01, 0., 0., 0., 5.64706238e+02,
       4.90251740e+02, 3.68120641e-01, 3.98205505e+02, 5.07920319e+02,
       2.51678348e-01, 3.76642792e+02, 4.96163696e+02, 5.76724932e-02,
       8.85939697e+02, 4.15790985e+02, 8.73654783e-01, 8.88061768e+02,
       4.43205444e+02, 7.98071146e-01, 8.58633667e+02, 3.80535980e+02,
       8.14899981e-01, 0., 0., 0., 0., 0., 0., 0., 0., 0., 0., 0., 0.,
       0., 0., 0., 0., 0., 0., 0., 0., 0. ]
