%YAML:1.0
---
pose_0: !!opencv-matrix
   rows: 1
   cols: 25
   dt: "3f"
   data: [ 8.33139893e+02, 2.21911179e+02, 7.66159475e-01,
       7.74314270e+02, 2.88539825e+02, 5.26846290e-01, 0., 0., 0., 0.,
       0., 0., 0., 0., 0., 7.88080322e+02, 2.96337982e+02,
       4.75104004e-01, 6.54862000e+02, 2.49347229e+02, 5.58798850e-01,
       5.35318054e+02, 2.25694519e+02, 7.55488217e-01, 5.11851196e+02,
       3.59005585e+02, 3.12928617e-01, 5.13796570e+02, 3.23727905e+02,
       3.30328077e-01, 3.35468689e+02, 2.90439758e+02, 3.05555254e-01,
       1.39583664e+02, 3.70747284e+02, 1.84979126e-01, 5.11821533e+02,
       4.00131378e+02, 2.73287684e-01, 3.35472778e+02, 2.78737854e+02,
       3.88185978e-01, 1.27852325e+02, 3.72773376e+02, 3.73658299e-01,
       8.40934448e+02, 2.10208389e+02, 7.93908596e-01, 8.54706970e+02,
       2.39463608e+02, 8.45064819e-01, 0., 0., 0., 8.48778320e+02,
       2.84551971e+02, 7.90512025e-01, 8.27834625e+01, 4.00120056e+02,
       5.43424226e-02, 8.66455231e+01, 4.00152863e+02, 8.91446248e-02,
       1.02363403e+02, 3.86445526e+02, 2.82729030e-01, 8.66649857e+01,
       4.00156647e+02, 5.72785996e-02, 0., 0., 0., 1.18068069e+02,
       3.88420685e+02, 8.37712064e-02 ]
