%YAML:1.0
---
pose_0: !!opencv-matrix
   rows: 1
   cols: 25
   dt: "3f"
   data: [ 9.76134521e+02, 2.25741287e+02, 8.34600687e-01,
       8.50732056e+02, 2.72769012e+02, 5.75445950e-01, 8.15514954e+02,
       1.90524521e+02, 4.41634297e-01, 7.15575134e+02, 1.69006302e+02,
       5.39815724e-02, 0., 0., 0., 8.66451355e+02, 3.51237427e+02,
       6.22009277e-01, 7.58645447e+02, 4.62896729e+02, 7.72701323e-01,
       8.11584717e+02, 3.51097839e+02, 6.99874759e-01, 6.23495483e+02,
       3.84488434e+02, 5.44526689e-02, 5.92150818e+02, 3.66859924e+02,
       7.83420727e-02, 0., 0., 0., 0., 0., 0., 6.64619202e+02,
       4.00151001e+02, 5.63150048e-02, 0., 0., 0., 0., 0., 0.,
       9.76136475e+02, 1.98335587e+02, 8.51261854e-01, 9.93716736e+02,
       2.37551971e+02, 8.45131099e-01, 9.35051147e+02, 1.86603378e+02,
       6.54121637e-01, 9.70273010e+02, 2.68905212e+02, 2.63670623e-01,
       0., 0., 0., 0., 0., 0., 0., 0., 0., 0., 0., 0., 0., 0., 0., 0.,
       0., 0. ]
