%YAML:1.0
---
pose_0: !!opencv-matrix
   rows: 1
   cols: 25
   dt: "3f"
   data: [ 9.09526367e+02, 3.96237335e+02, 7.95730174e-01,
       8.21380737e+02, 4.35403870e+02, 4.87542242e-01, 8.03737000e+02,
       4.02167633e+02, 2.47347355e-01, 0., 0., 0., 0., 0., 0.,
       8.50703613e+02, 4.84380676e+02, 6.02006435e-01, 8.13572144e+02,
       4.27598450e+02, 5.68772912e-01, 7.86100952e+02, 3.23726654e+02,
       7.92516112e-01, 6.23511047e+02, 4.64796692e+02, 2.10659042e-01,
       6.11754028e+02, 4.29517151e+02, 2.31852591e-01, 3.96244110e+02,
       4.27574646e+02, 5.79290055e-02, 0., 0., 0., 6.37234497e+02,
       5.09851593e+02, 2.19511762e-01, 0., 0., 0., 0., 0., 0.,
       9.15480225e+02, 3.82563110e+02, 9.27162170e-01, 9.25191956e+02,
       4.13814484e+02, 8.10392618e-01, 8.95788635e+02, 3.74705475e+02,
       2.47355789e-01, 9.15391541e+02, 4.45282501e+02, 7.59638906e-01,
       0., 0., 0., 0., 0., 0., 0., 0., 0., 0., 0., 0., 0., 0., 0., 0.,
       0., 0. ]
