%YAML:1.0
---
pose_0: !!opencv-matrix
   rows: 1
   cols: 25
   dt: "3f"
   data: [ 8.99632629e+02, 3.86529602e+02, 8.24362755e-01,
       7.91944519e+02, 3.57072784e+02, 6.97353899e-01, 7.88088562e+02,
       2.86514374e+02, 6.58645153e-01, 6.64584778e+02, 2.29681442e+02,
       8.20502222e-01, 7.43021362e+02, 2.47391495e+02, 7.87542164e-01,
       7.88076538e+02, 4.31532776e+02, 5.42223930e-01, 6.80281555e+02,
       5.07922821e+02, 8.09732437e-01, 7.78311768e+02, 5.09936676e+02,
       8.08469296e-01, 5.41234314e+02, 4.19773285e+02, 2.43503436e-01,
       5.47108032e+02, 3.70820709e+02, 3.54385495e-01, 3.49222382e+02,
       3.82562927e+02, 3.39252889e-01, 2.10088928e+02, 3.66759369e+02,
       1.15765437e-01, 5.45159790e+02, 4.66773956e+02, 2.66601294e-01,
       3.96233093e+02, 4.92291412e+02, 2.00348943e-01, 1.78806656e+02,
       5.25598694e+02, 3.83855432e-01, 9.13476013e+02, 3.66761505e+02,
       8.39189231e-01, 9.11530762e+02, 3.98196289e+02, 7.67637491e-01,
       8.86127808e+02, 3.21854614e+02, 8.66038918e-01, 0., 0., 0.,
       1.21959152e+02, 5.72540161e+02, 1.78230032e-01, 0., 0., 0.,
       1.55283569e+02, 5.17697266e+02, 2.02825174e-01, 1.45444717e+02,
       3.66871948e+02, 5.67010641e-02, 1.45459030e+02, 3.64836548e+02,
       5.15887849e-02, 0., 0., 0. ]
