%YAML:1.0
---
pose_0: !!opencv-matrix
   rows: 1
   cols: 25
   dt: "3f"
   data: [ 9.31046936e+02, 2.25700745e+02, 8.08994889e-01,
       8.25285889e+02, 2.59052673e+02, 7.63305247e-01, 7.95943237e+02,
       1.86628494e+02, 6.53426826e-01, 6.95978210e+02, 1.31797775e+02,
       8.15342009e-01, 6.70514282e+02, 1.61156387e+02, 8.43558848e-01,
       8.50750244e+02, 3.31585907e+02, 6.63164139e-01, 7.48871399e+02,
       4.29616394e+02, 8.21486950e-01, 6.27441162e+02, 4.82440887e+02,
       7.55555570e-01, 5.49049561e+02, 2.90436035e+02, 2.85772204e-01,
       5.49062683e+02, 2.53228958e+02, 2.81520873e-01, 3.80584106e+02,
       2.59125000e+02, 9.52954218e-02, 0., 0., 0., 5.43159363e+02,
       3.25736969e+02, 2.65269876e-01, 3.64889618e+02, 3.21851929e+02,
       2.04348430e-01, 1.88567398e+02, 3.66810547e+02, 1.37536362e-01,
       9.35016602e+02, 2.08156540e+02, 7.57903576e-01, 9.44753601e+02,
       2.39539795e+02, 8.07401776e-01, 9.13478210e+02, 1.88558426e+02,
       4.81974632e-01, 9.25186340e+02, 2.72789581e+02, 6.54329777e-01,
       0., 0., 0., 0., 0., 0., 0., 0., 0., 0., 0., 0., 0., 0., 0., 0.,
       0., 0. ]
