%YAML:1.0
---
pose_0: !!opencv-matrix
   rows: 1
   cols: 25
   dt: "3f"
   data: [ 1.18579065e+03, 1.61091049e+02, 6.72060370e-01,
       1.01728210e+03, 2.10118668e+02, 9.92926061e-02, 1.00749463e+03,
       2.06210663e+02, 1.53484225e-01, 1.17208752e+03, 4.29555389e+02,
       6.10049844e-01, 1.26418079e+03, 2.74728546e+02, 3.63470912e-01,
       0., 0., 0., 0., 0., 0., 0., 0., 0., 0., 0., 0., 0., 0., 0., 0.,
       0., 0., 0., 0., 0., 0., 0., 0., 0., 0., 0., 0., 0., 0.,
       1.18581946e+03, 1.25853317e+02, 6.34347022e-01, 1.21314380e+03,
       1.74832077e+02, 4.67820406e-01, 1.12894238e+03, 1.00393532e+02,
       2.39163920e-01, 1.21320227e+03, 2.10201859e+02, 6.44254759e-02,
       0., 0., 0., 0., 0., 0., 0., 0., 0., 0., 0., 0., 0., 0., 0., 0.,
       0., 0. ]
