%YAML:1.0
---
pose_0: !!opencv-matrix
   rows: 1
   cols: 25
   dt: "3f"
   data: [ 8.84040161e+02, 3.47230164e+02, 8.17528427e-01,
       7.80245422e+02, 3.02198792e+02, 6.42297268e-01, 7.91974121e+02,
       2.43477905e+02, 7.35691786e-01, 8.23380066e+02, 3.23816681e+02,
       8.09556365e-01, 9.03713562e+02, 3.96236328e+02, 7.66301394e-01,
       7.68498657e+02, 3.53172485e+02, 5.46898007e-01, 7.46918762e+02,
       4.60832306e+02, 8.55401635e-01, 8.23391785e+02, 4.49211975e+02,
       8.32826674e-01, 5.29459229e+02, 2.88464447e+02, 1.87089115e-01,
       5.27494934e+02, 2.53216522e+02, 1.92836598e-01, 4.09955505e+02,
       2.25852951e+02, 8.95691440e-02, 0., 0., 0., 5.21631653e+02,
       3.35524994e+02, 2.29075938e-01, 3.51150055e+02, 3.80568390e+02,
       4.03862029e-01, 1.57243240e+02, 3.82491516e+02, 3.96656573e-01,
       8.86032837e+02, 3.31573090e+02, 8.29876959e-01, 8.99691650e+02,
       3.53180328e+02, 2.12512255e-01, 8.68313538e+02, 2.90398926e+02,
       8.34619939e-01, 0., 0., 0., 1.04351494e+02, 4.29498840e+02,
       3.67196441e-01, 1.10209534e+02, 4.29570282e+02, 3.48838985e-01,
       1.33766800e+02, 3.68809906e+02, 3.72322410e-01, 0., 0., 0., 0.,
       0., 0., 0., 0., 0. ]
