%YAML:1.0
---
pose_0: !!opencv-matrix
   rows: 1
   cols: 25
   dt: "3f"
   data: [ 9.15478210e+02, 3.25734802e+02, 7.83998013e-01,
       8.07654480e+02, 2.90516632e+02, 6.63489401e-01, 8.31166870e+02,
       2.29719086e+02, 6.86038852e-01, 7.13650391e+02, 1.63159225e+02,
       8.06201458e-01, 6.17604065e+02, 2.57196014e+02, 8.03509474e-01,
       7.80218018e+02, 3.51164581e+02, 4.79478538e-01, 6.97920532e+02,
       3.82553101e+02, 1.73773259e-01, 6.78333008e+02, 3.82457764e+02,
       2.91343033e-01, 6.27402588e+02, 2.66942993e+02, 1.03487425e-01,
       6.25461243e+02, 2.23853088e+02, 1.40473709e-01, 5.41196960e+02,
       2.10068466e+02, 3.21390599e-01, 3.51185760e+02, 2.86532623e+02,
       2.69238323e-01, 6.45065552e+02, 3.19851959e+02, 8.95813107e-02,
       5.39233582e+02, 3.66847412e+02, 1.17085978e-01, 0., 0., 0.,
       9.31027466e+02, 3.04184357e+02, 8.17979753e-01, 9.32987732e+02,
       3.37441833e+02, 7.94074297e-01, 9.03704590e+02, 2.74724182e+02,
       6.20633662e-01, 0., 0., 0., 0., 0., 0., 0., 0., 0., 0., 0., 0.,
       0., 0., 0., 0., 0., 0., 3.37449158e+02, 2.86531189e+02,
       1.90008774e-01 ]
