%YAML:1.0
---
pose_0: !!opencv-matrix
   rows: 1
   cols: 25
   dt: "3f"
   data: [ 8.68351440e+02, 1.51331909e+02, 8.09727013e-01,
       7.76277161e+02, 1.65018188e+02, 7.45108068e-01, 7.72393677e+02,
       8.86460190e+01, 7.21890330e-01, 6.50887817e+02, 3.18242016e+01,
       7.65951931e-01, 7.25358093e+02, 5.93144951e+01, 7.88178325e-01,
       7.76400391e+02, 2.41528549e+02, 6.68664694e-01, 6.64680054e+02,
       3.04165710e+02, 8.20701241e-01, 6.99922729e+02, 2.84593262e+02,
       1.39451683e-01, 5.35328613e+02, 1.70931931e+02, 1.96244881e-01,
       5.21631897e+02, 1.27866478e+02, 2.00979576e-01, 3.68786011e+02,
       1.45456650e+02, 6.55299127e-02, 0., 0., 0., 5.45121460e+02,
       2.21869888e+02, 1.85631618e-01, 0., 0., 0., 0., 0., 0.,
       8.80117310e+02, 1.33713074e+02, 7.96575308e-01, 8.82134094e+02,
       1.65122635e+02, 8.46154392e-01, 8.58625305e+02, 1.16041359e+02,
       5.55188835e-01, 8.66459839e+02, 1.94345795e+02, 5.31227529e-01,
       0., 0., 0., 0., 0., 0., 0., 0., 0., 0., 0., 0., 0., 0., 0., 0.,
       0., 0. ]
