%YAML:1.0
---
pose_0: !!opencv-matrix
   rows: 1
   cols: 25
   dt: "3f"
   data: [ 1.17207214e+03, 1.49405670e+02, 3.64225179e-01,
       1.02315332e+03, 2.16003448e+02, 6.79302663e-02, 9.83998901e+02,
       1.98388260e+02, 1.67881355e-01, 1.16421606e+03, 4.27607300e+02,
       6.62667274e-01, 1.25827258e+03, 2.72735504e+02, 6.20893955e-01,
       0., 0., 0., 0., 0., 0., 0., 0., 0., 0., 0., 0., 0., 0., 0., 0.,
       0., 0., 0., 0., 0., 0., 0., 0., 0., 0., 0., 0., 0., 0.,
       1.18183447e+03, 1.17969803e+02, 4.66242403e-01, 1.20148083e+03,
       1.70976746e+02, 2.48779833e-01, 1.10743103e+03, 1.00451584e+02,
       1.29845381e-01, 1.19557886e+03, 2.12129089e+02, 6.80515990e-02,
       0., 0., 0., 0., 0., 0., 0., 0., 0., 0., 0., 0., 0., 0., 0., 0.,
       0., 0. ]
