%YAML:1.0
---
pose_0: !!opencv-matrix
   rows: 1
   cols: 25
   dt: "3f"
   data: [ 8.89932068e+02, 2.12157166e+02, 7.59784639e-01,
       8.35055603e+02, 2.82626617e+02, 4.59462345e-01, 8.54647095e+02,
       2.98259338e+02, 3.16904992e-01, 6.39178467e+02, 2.72852478e+02,
       3.69237214e-01, 5.99971008e+02, 2.10118301e+02, 7.17866659e-01,
       8.42912415e+02, 2.86546539e+02, 3.36650014e-01, 7.31278625e+02,
       2.39447372e+02, 6.53261006e-01, 6.31325806e+02, 1.67094101e+02,
       7.81105638e-01, 5.76478333e+02, 3.27685425e+02, 1.94126725e-01,
       5.33371155e+02, 2.88532135e+02, 2.28151932e-01, 3.33568146e+02,
       2.43422150e+02, 2.39325210e-01, 8.86353760e+01, 3.68838562e+02,
       2.07009733e-01, 6.00009460e+02, 3.66858917e+02, 2.17742905e-01,
       0., 0., 0., 0., 0., 0., 9.01652954e+02, 2.00376236e+02,
       7.75781155e-01, 9.15498474e+02, 2.27836945e+02, 8.91570210e-01,
       0., 0., 0., 9.15352844e+02, 2.76780457e+02, 8.27231526e-01, 0.,
       0., 0., 0., 0., 0., 0., 0., 0., 4.16671867e+01, 4.04080994e+02,
       8.64323080e-02, 4.35905838e+01, 3.98249573e+02, 6.80535287e-02,
       9.64960480e+01, 3.94226196e+02, 1.01250678e-01 ]
