%YAML:1.0
---
pose_0: !!opencv-matrix
   rows: 1
   cols: 25
   dt: "3f"
   data: [ 9.33054138e+02, 2.25720139e+02, 7.81903028e-01,
       8.29185791e+02, 2.59185760e+02, 7.22147286e-01, 8.03757446e+02,
       1.94446045e+02, 6.92761898e-01, 6.98012207e+02, 1.37636887e+02,
       7.66136289e-01, 6.78334961e+02, 1.65037064e+02, 8.90042484e-01,
       8.52750061e+02, 3.35517700e+02, 6.89877868e-01, 7.58703247e+02,
       4.35454620e+02, 8.01390588e-01, 6.21542114e+02, 4.92324585e+02,
       7.84674048e-01, 5.76497131e+02, 3.06117310e+02, 1.81257114e-01,
       5.72550781e+02, 2.63034546e+02, 2.41662532e-01, 3.70778137e+02,
       2.74755493e+02, 7.15951249e-02, 0., 0., 0., 5.94110291e+02,
       3.53137543e+02, 1.25739574e-01, 3.82529602e+02, 3.10061127e+02,
       8.54048952e-02, 1.14140694e+02, 4.00179108e+02, 6.76065907e-02,
       9.38927795e+02, 2.10050552e+02, 7.62807369e-01, 9.48780457e+02,
       2.39444534e+02, 8.56247187e-01, 9.15387085e+02, 1.94466507e+02,
       5.19698858e-01, 9.38915222e+02, 2.72768646e+02, 6.12263322e-01,
       0., 0., 0., 0., 0., 0., 0., 0., 0., 0., 0., 0., 0., 0., 0., 0.,
       0., 0. ]
