%YAML:1.0
---
pose_0: !!opencv-matrix
   rows: 1
   cols: 25
   dt: "3f"
   data: [ 8.56672668e+02, 1.16121704e+02, 7.59804547e-01,
       7.62567383e+02, 1.29776169e+02, 7.08263993e-01, 7.60603882e+02,
       4.75428467e+01, 7.05543935e-01, 6.84279663e+02, 5.33440351e+00,
       4.94705707e-01, 6.82321106e+02, 4.94665833e+01, 7.28570044e-01,
       7.60569824e+02, 2.06193878e+02, 6.67912483e-01, 6.39221375e+02,
       2.43496246e+02, 7.32996523e-01, 6.33226440e+02, 1.84692886e+02,
       6.94344461e-01, 4.96159485e+02, 1.31784897e+02, 2.20730096e-01,
       4.96138672e+02, 8.67038651e+01, 2.98854291e-01, 3.25731873e+02,
       1.00363792e+02, 2.55339473e-01, 0., 0., 0., 4.96153046e+02,
       1.80703766e+02, 2.47452393e-01, 3.49232117e+02, 1.72890060e+02,
       2.37871960e-01, 1.74875122e+02, 1.80738693e+02, 2.08140761e-01,
       8.68458313e+02, 9.84833450e+01, 8.40156198e-01, 8.70386719e+02,
       1.31770157e+02, 7.93228567e-01, 8.46813477e+02, 7.49360046e+01,
       6.56202912e-01, 8.54732971e+02, 1.49389008e+02, 3.42728049e-01,
       0., 0., 0., 0., 0., 0., 0., 0., 0., 0., 0., 0., 0., 0., 0., 0.,
       0., 0. ]
