%YAML:1.0
---
pose_0: !!opencv-matrix
   rows: 1
   cols: 25
   dt: "3f"
   data: [ 8.58576111e+02, 2.27696152e+02, 7.48683095e-01,
       8.07614807e+02, 2.86545380e+02, 6.02692366e-01, 7.93966003e+02,
       2.70826416e+02, 3.23161334e-01, 0., 0., 0., 0., 0., 0.,
       8.17456421e+02, 3.02162170e+02, 6.26669109e-01, 6.97935364e+02,
       3.04202057e+02, 7.38147616e-01, 5.78437012e+02, 2.25877686e+02,
       7.15427518e-01, 6.50887634e+02, 3.51162170e+02, 3.71788085e-01,
       6.48994385e+02, 3.29629364e+02, 2.26395577e-01, 2.86547607e+02,
       2.66946198e+02, 2.24289536e-01, 7.10422897e+01, 4.15789124e+02,
       1.08260997e-01, 6.50989502e+02, 3.66854218e+02, 4.22800422e-01,
       4.98108002e+02, 3.06109894e+02, 9.16331559e-02, 0., 0., 0.,
       8.74258667e+02, 2.25766129e+02, 6.73453510e-01, 8.78175537e+02,
       2.45400345e+02, 7.90104747e-01, 0., 0., 0., 8.70342651e+02,
       2.90422729e+02, 8.21330667e-01, 0., 0., 0., 0., 0., 0., 0., 0.,
       0., 4.16568832e+01, 4.53039124e+02, 5.98113090e-02, 0., 0., 0.,
       0., 0., 0. ]
