%YAML:1.0
---
pose_0: !!opencv-matrix
   rows: 1
   cols: 25
   dt: "3f"
   data: [ 8.46864319e+02, 2.43386505e+02, 7.52184868e-01,
       7.86135803e+02, 3.06068512e+02, 5.57402492e-01, 7.90027283e+02,
       3.06113892e+02, 3.74712288e-01, 6.97971558e+02, 2.86503204e+02,
       1.21675223e-01, 0., 0., 0., 7.91983948e+02, 3.04206604e+02,
       5.59140682e-01, 6.94018677e+02, 2.72860809e+02, 7.35427737e-01,
       6.19636658e+02, 2.19921753e+02, 7.03428745e-01, 5.07930115e+02,
       3.49206360e+02, 2.29669362e-01, 5.09882507e+02, 3.08115295e+02,
       2.20054522e-01, 3.10057831e+02, 2.61073273e+02, 1.75635710e-01,
       1.21949821e+02, 3.68881897e+02, 2.86791116e-01, 4.96162872e+02,
       3.86476013e+02, 1.99026123e-01, 3.04175781e+02, 2.59134308e+02,
       2.49664724e-01, 1.21985916e+02, 3.70797089e+02, 2.24755555e-01,
       8.60556519e+02, 2.43396255e+02, 4.91105080e-01, 8.60550293e+02,
       2.59053741e+02, 8.06563735e-01, 0., 0., 0., 8.46828430e+02,
       3.06168121e+02, 7.76502609e-01, 7.69446259e+01, 3.98200043e+02,
       6.95941597e-02, 0., 0., 0., 9.45448914e+01, 3.86454041e+02,
       1.22156687e-01, 7.69242325e+01, 4.00114105e+02, 1.72314629e-01,
       7.30356903e+01, 3.92329254e+02, 1.55757785e-01, 1.06285614e+02,
       3.84484192e+02, 1.39802456e-01 ]
