%YAML:1.0
---
pose_0: !!opencv-matrix
   rows: 1
   cols: 25
   dt: "3f"
   data: [ 8.84093445e+02, 3.98275085e+02, 8.14378738e-01,
       7.84136536e+02, 4.06054291e+02, 6.57548189e-01, 7.70388672e+02,
       3.35557312e+02, 7.03282952e-01, 6.54875305e+02, 2.88430664e+02,
       7.89974689e-01, 7.13634155e+02, 2.70875641e+02, 8.10522795e-01,
       7.92040649e+02, 4.74553253e+02, 5.67876816e-01, 6.80245117e+02,
       5.45187622e+02, 7.98996806e-01, 7.76237183e+02, 5.15741882e+02,
       8.03428948e-01, 5.41257202e+02, 4.58945099e+02, 4.02413189e-01,
       5.39277832e+02, 4.13855560e+02, 4.98015106e-01, 3.35513763e+02,
       3.84548279e+02, 4.76768166e-01, 0., 0., 0., 5.51021973e+02,
       5.02009705e+02, 4.55474913e-01, 3.80518280e+02, 5.07937012e+02,
       5.90661705e-01, 0., 0., 0., 8.97709717e+02, 3.80606262e+02,
       8.35894704e-01, 8.97728210e+02, 4.13898956e+02, 7.99846292e-01,
       8.72333923e+02, 3.61006439e+02, 6.42287850e-01, 8.82131165e+02,
       4.31601715e+02, 2.56893843e-01, 0., 0., 0., 0., 0., 0., 0., 0.,
       0., 0., 0., 0., 0., 0., 0., 0., 0., 0. ]
