%YAML:1.0
---
pose_0: !!opencv-matrix
   rows: 1
   cols: 25
   dt: "3f"
   data: [ 8.93843384e+02, 2.90407745e+02, 7.37730682e-01,
       8.17471497e+02, 2.90502197e+02, 3.84717375e-01, 8.48761536e+02,
       2.12138779e+02, 4.56908643e-01, 7.88004333e+02, 1.59179810e+02,
       7.43168652e-01, 8.39058289e+02, 2.74815155e+02, 7.82225311e-01,
       8.01753052e+02, 3.51140656e+02, 4.92851496e-01, 7.62654785e+02,
       4.43285950e+02, 7.96851516e-01, 8.37001404e+02, 4.15869598e+02,
       7.57242680e-01, 5.49066040e+02, 2.65001312e+02, 1.89545184e-01,
       5.49041565e+02, 2.25756210e+02, 2.51407266e-01, 3.33548340e+02,
       2.70871826e+02, 1.96295395e-01, 1.31724304e+02, 2.74846130e+02,
       2.11824194e-01, 5.47084595e+02, 3.12023315e+02, 1.86746255e-01,
       3.51168365e+02, 3.06126862e+02, 1.06181152e-01, 0., 0., 0.,
       9.11486389e+02, 2.70874451e+02, 7.73306012e-01, 9.15388428e+02,
       3.06145386e+02, 7.12830901e-01, 9.03634033e+02, 2.41384430e+02,
       4.65664446e-01, 9.19369873e+02, 3.29620392e+02, 1.01797581e-01,
       0., 0., 0., 0., 0., 0., 0., 0., 0., 8.67235413e+01,
       3.29652863e+02, 2.43338749e-01, 8.86841660e+01, 3.25695831e+02,
       1.96237773e-01, 1.02357475e+02, 2.74757172e+02, 1.54041722e-01 ]
