%YAML:1.0
---
pose_0: !!opencv-matrix
   rows: 1
   cols: 25
   dt: "3f"
   data: [ 1.04667712e+03, 2.04256912e+02, 7.26563692e-01,
       9.09520447e+02, 1.94438416e+02, 3.24876338e-01, 9.17403381e+02,
       1.04374443e+02, 4.78368282e-01, 8.39044434e+02, 5.34470034e+00,
       3.28834742e-01, 8.99718445e+02, 1.41550415e+02, 7.35278428e-01,
       8.99737793e+02, 2.86556488e+02, 3.35201681e-01, 7.74372375e+02,
       3.53112152e+02, 2.26509348e-01, 7.41059998e+02, 3.76644379e+02,
       3.64394903e-01, 0., 0., 0., 0., 0., 0., 0., 0., 0., 0., 0., 0.,
       0., 0., 0., 0., 0., 0., 0., 0., 0., 1.06238293e+03,
       1.76823135e+02, 7.97174215e-01, 1.06237256e+03, 2.25769485e+02,
       7.37876296e-01, 1.03884009e+03, 1.35739227e+02, 3.15732270e-01,
       0., 0., 0., 0., 0., 0., 0., 0., 0., 0., 0., 0., 0., 0., 0., 0.,
       0., 0., 0., 0., 0. ]
