%YAML:1.0
---
pose_0: !!opencv-matrix
   rows: 1
   cols: 25
   dt: "3f"
   data: [ 9.31111084e+02, 1.86638184e+02, 7.94342458e-01,
       8.21301819e+02, 2.14042679e+02, 6.99978709e-01, 8.03772400e+02,
       1.25892570e+02, 6.30261898e-01, 6.66678528e+02, 9.06625214e+01,
       7.08551288e-01, 5.52984375e+02, 9.06210327e+01, 7.48130322e-01,
       8.27288696e+02, 3.00257965e+02, 6.37746036e-01, 7.07766968e+02,
       3.51137238e+02, 7.21055865e-01, 5.58919434e+02, 3.82596039e+02,
       8.00239682e-01, 5.68657288e+02, 2.25838669e+02, 2.66368151e-01,
       5.74504944e+02, 1.80738892e+02, 3.44659537e-01, 4.25625580e+02,
       1.80741760e+02, 8.45649913e-02, 3.23750336e+02, 1.98388458e+02,
       2.76917398e-01, 5.54935730e+02, 2.74779572e+02, 2.03745157e-01,
       3.66857086e+02, 3.29614258e+02, 1.79167211e-01, 1.74863205e+02,
       3.78587250e+02, 6.99322745e-02, 9.37006592e+02, 1.63157623e+02,
       8.54474306e-01, 9.48666870e+02, 2.00351837e+02, 8.42706978e-01,
       9.13444275e+02, 1.43517181e+02, 6.82604015e-01, 9.33060425e+02,
       2.27712280e+02, 3.99802774e-01, 0., 0., 0., 0., 0., 0., 0., 0.,
       0., 3.10044830e+02, 2.10083084e+02, 6.89684153e-02,
       2.92453796e+02, 1.92466797e+02, 7.41658658e-02, 3.17854187e+02,
       2.08182892e+02, 1.30327642e-01 ]
