%YAML:1.0
---
pose_0: !!opencv-matrix
   rows: 1
   cols: 25
   dt: "3f"
   data: [ 9.11520752e+02, 2.57190918e+02, 8.19882751e-01,
       8.37057190e+02, 2.12124054e+02, 3.67552936e-01, 8.42892456e+02,
       1.63113251e+02, 6.12280846e-01, 8.07658813e+02, 1.90522141e+02,
       6.93154693e-01, 8.23307312e+02, 3.37403442e+02, 8.13143551e-01,
       8.21371399e+02, 2.59106384e+02, 1.47594541e-01, 0., 0., 0., 0.,
       0., 0., 6.54849670e+02, 2.72812988e+02, 6.12131245e-02, 0., 0.,
       0., 0., 0., 0., 0., 0., 0., 6.78361206e+02, 3.00226013e+02,
       6.33791611e-02, 5.84333069e+02, 3.35528564e+02, 1.69083923e-01,
       5.54937561e+02, 3.39460938e+02, 1.51790708e-01, 9.19321960e+02,
       2.33621231e+02, 8.30832899e-01, 9.27137695e+02, 2.66969910e+02,
       7.29555488e-01, 9.01688721e+02, 2.02286087e+02, 6.47630930e-01,
       0., 0., 0., 0., 0., 0., 0., 0., 0., 0., 0., 0., 0., 0., 0., 0.,
       0., 0., 0., 0., 0. ]
