%YAML:1.0
---
pose_0: !!opencv-matrix
   rows: 1
   cols: 25
   dt: "3f"
   data: [ 9.05639160e+02, 2.14058563e+02, 7.50185788e-01,
       8.52663879e+02, 1.82709457e+02, 2.21687600e-01, 8.44878479e+02,
       1.18127548e+02, 4.44346547e-01, 8.19446777e+02, 1.55288086e+02,
       5.97361505e-01, 8.23260742e+02, 3.04204620e+02, 8.44823122e-01,
       8.48778564e+02, 2.17958588e+02, 1.00237250e-01, 0., 0., 0., 0.,
       0., 0., 0., 0., 0., 0., 0., 0., 0., 0., 0., 0., 0., 0., 0., 0.,
       0., 0., 0., 0., 0., 0., 0., 9.17336182e+02, 1.92431000e+02,
       8.55122745e-01, 9.23282288e+02, 2.25832779e+02, 7.95301080e-01,
       8.99660950e+02, 1.63083359e+02, 5.88412941e-01, 0., 0., 0., 0.,
       0., 0., 0., 0., 0., 0., 0., 0., 0., 0., 0., 0., 0., 0., 0., 0.,
       0. ]
