%YAML:1.0
---
pose_0: !!opencv-matrix
   rows: 1
   cols: 25
   dt: "3f"
   data: [ 8.66372803e+02, 1.02381691e+02, 8.15778136e-01,
       7.62662842e+02, 9.25790863e+01, 6.68016553e-01, 7.48921204e+02,
       2.39802780e+01, 6.64002419e-01, 6.84264709e+02, 5.34837151e+00,
       1.57978326e-01, 6.84269226e+02, 5.35243368e+00, 6.34834245e-02,
       7.78241150e+02, 1.63127975e+02, 6.61876440e-01, 7.39052917e+02,
       2.72893433e+02, 8.09189558e-01, 7.72432617e+02, 3.68751282e+02,
       8.59505951e-01, 5.09888611e+02, 1.10214371e+02, 2.20783100e-01,
       5.09909943e+02, 6.70783310e+01, 2.65186310e-01, 3.57071503e+02,
       8.46940308e+01, 9.93995741e-02, 0., 0., 0., 5.05938904e+02,
       1.53311951e+02, 2.27694884e-01, 3.37485687e+02, 1.67003418e+02,
       2.59806663e-01, 1.74876556e+02, 1.84688904e+02, 3.09439540e-01,
       8.76231018e+02, 8.27670441e+01, 7.69214869e-01, 8.76213318e+02,
       1.12156975e+02, 7.69243777e-01, 8.50741577e+02, 4.16768875e+01,
       8.48027050e-01, 0., 0., 0., 1.21979759e+02, 2.00333618e+02,
       1.14049122e-01, 0., 0., 0., 1.51348358e+02, 1.78769485e+02,
       1.30042076e-01, 0., 0., 0., 0., 0., 0., 0., 0., 0. ]
