%YAML:1.0
---
pose_0: !!opencv-matrix
   rows: 2
   cols: 25
   dt: "3f"
   data: [ 9.15462402e+02, 2.16047775e+02, 7.83496320e-01,
       8.54642395e+02, 2.86518768e+02, 4.78779256e-01, 0., 0., 0., 0.,
       0., 0., 0., 0., 0., 8.60573120e+02, 2.98282928e+02,
       4.43446249e-01, 7.46952148e+02, 2.59055573e+02, 6.17984474e-01,
       8.25257568e+02, 1.67089081e+02, 7.78137445e-01, 6.25450134e+02,
       3.25717560e+02, 2.05999792e-01, 5.99994080e+02, 2.92404327e+02,
       2.05544382e-01, 3.10062988e+02, 3.08071503e+02, 1.38671026e-01,
       9.06565933e+01, 3.76629303e+02, 2.61880636e-01, 6.35260559e+02,
       3.59001556e+02, 1.69050619e-01, 5.35309875e+02, 3.84515564e+02,
       2.35416740e-01, 3.72754944e+02, 3.35449158e+02, 1.21018946e-01,
       9.31015747e+02, 2.10150742e+02, 6.78537071e-01, 9.44805908e+02,
       2.31674850e+02, 8.33116531e-01, 0., 0., 0., 9.35000732e+02,
       2.88479889e+02, 8.43303919e-01, 0., 0., 0., 0., 0., 0., 0., 0.,
       0., 5.34202538e+01, 4.00216003e+02, 1.52936667e-01,
       5.33612061e+01, 3.92347321e+02, 1.39605895e-01, 0., 0., 0., 0.,
       0., 0., 0., 0., 0., 8.66447327e+02, 2.96305817e+02,
       2.58406252e-01, 7.15607544e+02, 2.41460434e+02, 9.77376848e-02,
       7.68459900e+02, 1.76834946e+02, 3.91123116e-01, 0., 0., 0., 0.,
       0., 0., 0., 0., 0., 0., 0., 0., 0., 0., 0., 0., 0., 0., 0., 0.,
       0., 0., 0., 0., 0., 0., 0., 0., 0., 0., 0., 0., 0., 0., 0., 0.,
       0., 0., 0., 0., 0., 0., 0., 0., 0., 0., 0., 0., 0., 0., 0., 0.,
       0., 0., 0., 0., 0., 0., 0., 0. ]
