%YAML:1.0
---
pose_0: !!opencv-matrix
   rows: 1
   cols: 25
   dt: "3f"
   data: [ 1.19355774e+03, 2.45412262e+02, 7.22244859e-01,
       1.03099402e+03, 2.23832550e+02, 3.30618888e-01, 1.05646912e+03,
       1.35669510e+02, 4.66497898e-01, 9.09523254e+02, 5.34639502e+00,
       2.19503582e-01, 9.87881104e+02, 7.30391769e+01, 5.70440590e-01,
       1.01339722e+03, 3.21806000e+02, 2.78897285e-01, 8.44850891e+02,
       4.82466736e+02, 6.38149917e-01, 9.93705811e+02, 4.00220398e+02,
       6.86174393e-01, 0., 0., 0., 0., 0., 0., 0., 0., 0., 0., 0., 0.,
       0., 0., 0., 0., 0., 0., 0., 0., 0., 1.20731555e+03,
       2.12112244e+02, 8.12924623e-01, 1.21320923e+03, 2.59135956e+02,
       5.98394215e-01, 1.16418921e+03, 1.63027100e+02, 7.23301172e-01,
       0., 0., 0., 0., 0., 0., 0., 0., 0., 0., 0., 0., 0., 0., 0., 0.,
       0., 0., 0., 0., 0. ]
