%YAML:1.0
---
pose_0: !!opencv-matrix
   rows: 1
   cols: 25
   dt: "3f"
   data: [ 9.33069336e+02, 2.49317551e+02, 7.16278076e-01,
       8.15505005e+02, 2.72783478e+02, 6.39112651e-01, 8.03711853e+02,
       1.96370056e+02, 6.27744555e-01, 6.82298096e+02, 1.80754349e+02,
       2.24223405e-01, 6.54835266e+02, 1.65066956e+02, 6.58883929e-01,
       8.29192017e+02, 3.47285797e+02, 5.78148723e-01, 7.42951782e+02,
       4.64838470e+02, 7.75844038e-01, 7.80269348e+02, 3.35534973e+02,
       7.17543304e-01, 5.52976624e+02, 2.66945801e+02, 1.40118495e-01,
       5.43170532e+02, 2.27782303e+02, 2.25108668e-01, 4.15821716e+02,
       2.45381287e+02, 8.03192779e-02, 3.08094086e+02, 2.57129456e+02,
       2.38054961e-01, 5.05955170e+02, 3.53128235e+02, 1.11773305e-01,
       3.25709442e+02, 3.49169952e+02, 3.06531310e-01, 1.43532379e+02,
       3.35552917e+02, 9.68328640e-02, 9.33138489e+02, 2.25856445e+02,
       7.91679740e-01, 9.48705688e+02, 2.63037170e+02, 7.72628248e-01,
       9.07578369e+02, 2.08203125e+02, 5.51755309e-01, 9.33005310e+02,
       2.90376740e+02, 2.56816864e-01, 9.64798203e+01, 3.29636749e+02,
       6.51369244e-02, 0., 0., 0., 0., 0., 0., 0., 0., 0., 0., 0., 0.,
       0., 0., 0. ]
