%YAML:1.0
---
pose_0: !!opencv-matrix
   rows: 1
   cols: 25
   dt: "3f"
   data: [ 8.82068970e+02, 3.96174835e+02, 7.72176981e-01,
       7.86084290e+02, 4.43214569e+02, 6.25145495e-01, 7.52827209e+02,
       4.02110229e+02, 4.06849861e-01, 5.92161072e+02, 4.33485260e+02,
       1.41675398e-01, 0., 0., 0., 8.11622498e+02, 4.82459503e+02,
       6.51032329e-01, 7.56741089e+02, 5.80413574e+02, 7.75085270e-01,
       7.60634216e+02, 4.47174377e+02, 7.60068655e-01, 5.78441650e+02,
       5.07901184e+02, 9.50669199e-02, 5.58839355e+02, 4.64799530e+02,
       1.54511780e-01, 3.49217560e+02, 4.33468903e+02, 1.99683160e-01,
       1.65009888e+02, 4.41315033e+02, 3.47871184e-01, 6.13694885e+02,
       5.56873474e+02, 9.86110494e-02, 0., 0., 0., 0., 0., 0.,
       8.85984802e+02, 3.82609619e+02, 8.91781211e-01, 8.89991577e+02,
       4.11934875e+02, 7.84752965e-01, 8.68380371e+02, 3.74694550e+02,
       1.37211516e-01, 8.82084412e+02, 4.43244629e+02, 6.40748262e-01,
       0., 0., 0., 0., 0., 0., 0., 0., 0., 0., 0., 0., 0., 0., 0.,
       1.59141602e+02, 4.45220825e+02, 2.42182493e-01 ]
