%YAML:1.0
---
pose_0: !!opencv-matrix
   rows: 1
   cols: 25
   dt: "3f"
   data: [ 8.70326599e+02, 4.43267609e+02, 6.57023251e-01,
       7.80208191e+02, 4.47116333e+02, 7.23533392e-01, 7.76387817e+02,
       3.84568573e+02, 6.57264888e-01, 7.64571411e+02, 3.27673523e+02,
       7.40469992e-01, 8.68465332e+02, 4.00246216e+02, 8.28411043e-01,
       7.88066589e+02, 5.13776978e+02, 5.91575146e-01, 8.48824707e+02,
       6.07826294e+02, 7.72075534e-01, 9.17400574e+02, 5.07848450e+02,
       5.76458573e-01, 5.66671326e+02, 4.31509216e+02, 1.89768225e-01,
       5.43192444e+02, 4.09948578e+02, 2.77538449e-01, 3.82541901e+02,
       4.27595947e+02, 5.13146818e-02, 0., 0., 0., 5.70601501e+02,
       4.88315765e+02, 1.12726033e-01, 3.49221375e+02, 5.23597900e+02,
       5.47532625e-02, 1.80760101e+02, 5.11826202e+02, 1.63829893e-01,
       8.97746460e+02, 4.33505981e+02, 5.21978319e-01, 8.86029663e+02,
       4.58932709e+02, 6.64487243e-01, 8.89939575e+02, 4.17817444e+02,
       1.31682903e-01, 8.80158081e+02, 4.76613159e+02, 2.60726511e-01,
       1.31746994e+02, 5.66672302e+02, 3.08870196e-01, 1.33723465e+02,
       5.66675903e+02, 2.82090425e-01, 0., 0., 0., 0., 0., 0., 0., 0.,
       0., 0., 0., 0. ]
