%YAML:1.0
---
pose_0: !!opencv-matrix
   rows: 1
   cols: 25
   dt: "3f"
   data: [ 9.03679993e+02, 4.47202209e+02, 8.01446199e-01,
       8.03754761e+02, 4.47165741e+02, 6.71744585e-01, 8.09587769e+02,
       3.80515472e+02, 6.27603471e-01, 8.23365723e+02, 2.70804718e+02,
       5.79211771e-01, 9.60478943e+02, 2.35593491e+02, 6.47166193e-01,
       7.89970642e+02, 5.25587402e+02, 5.56346834e-01, 6.90090820e+02,
       5.52940796e+02, 3.79349589e-01, 5.72558105e+02, 6.11771729e+02,
       1.83645025e-01, 5.80403687e+02, 4.29535828e+02, 1.79379374e-01,
       5.84335754e+02, 3.92349274e+02, 2.50798583e-01, 3.47249817e+02,
       3.64918549e+02, 4.63624388e-01, 0., 0., 0., 5.84323914e+02,
       4.82438263e+02, 9.91418511e-02, 3.94287079e+02, 5.49050842e+02,
       5.65330423e-02, 0., 0., 0., 9.15432129e+02, 4.29557129e+02,
       8.64755929e-01, 9.09565735e+02, 4.60944641e+02, 7.57044315e-01,
       8.86013245e+02, 4.07998749e+02, 6.84200168e-01, 8.97717346e+02,
       4.78502014e+02, 1.51868224e-01, 0., 0., 0., 0., 0., 0., 0., 0.,
       0., 0., 0., 0., 0., 0., 0., 0., 0., 0. ]
