%YAML:1.0
---
pose_0: !!opencv-matrix
   rows: 1
   cols: 25
   dt: "3f"
   data: [ 8.95809204e+02, 1.63099304e+02, 6.95181966e-01,
       8.27243958e+02, 1.76810303e+02, 6.75630808e-01, 8.37034973e+02,
       1.02401070e+02, 6.13623381e-01, 8.89975586e+02, 3.37861671e+01,
       7.36698389e-01, 9.15361267e+02, 1.23893509e+02, 5.63063264e-01,
       8.38982300e+02, 2.41536972e+02, 5.72717607e-01, 9.38915833e+02,
       2.59160095e+02, 8.24191272e-01, 9.54593079e+02, 1.35730438e+02,
       5.70488274e-01, 6.09803040e+02, 1.88577240e+02, 1.72306001e-01,
       6.19605835e+02, 1.43494476e+02, 2.33395368e-01, 5.17702332e+02,
       1.25869133e+02, 5.36065809e-02, 0., 0., 0., 5.99977417e+02,
       2.31696609e+02, 1.92288741e-01, 4.60904938e+02, 2.41452621e+02,
       8.62332433e-02, 3.60963623e+02, 2.45381332e+02, 1.87544614e-01,
       9.09535828e+02, 1.57238068e+02, 6.89075172e-01, 9.15441833e+02,
       1.80741287e+02, 7.85188377e-01, 9.15433228e+02, 1.33679840e+02,
       1.67311609e-01, 9.13454590e+02, 2.10099686e+02, 3.58574659e-01,
       0., 0., 0., 0., 0., 0., 3.60965851e+02, 2.41482590e+02,
       9.49677601e-02, 0., 0., 0., 0., 0., 0., 0., 0., 0. ]
