%YAML:1.0
---
pose_0: !!opencv-matrix
   rows: 1
   cols: 25
   dt: "3f"
   data: [ 8.97752258e+02, 2.14115341e+02, 7.69307375e-01,
       7.88049011e+02, 2.41406052e+02, 6.76443815e-01, 7.76316772e+02,
       1.63131866e+02, 7.15184569e-01, 6.62627625e+02, 1.33732788e+02,
       8.11494470e-01, 5.88208130e+02, 1.49493835e+02, 8.48202705e-01,
       7.91957092e+02, 3.19819427e+02, 7.01691508e-01, 6.80248718e+02,
       3.64846375e+02, 7.27461696e-01, 5.52922058e+02, 3.82569336e+02,
       7.99578965e-01, 5.25556946e+02, 2.61058990e+02, 3.38427186e-01,
       5.35330078e+02, 2.12118713e+02, 3.68765801e-01, 3.88399719e+02,
       1.92505249e+02, 1.21619418e-01, 0., 0., 0., 5.25525330e+02,
       3.04184265e+02, 3.84682178e-01, 3.68821594e+02, 3.33548492e+02,
       1.29434988e-01, 0., 0., 0., 9.01770569e+02, 1.98407074e+02,
       8.58785152e-01, 9.09505005e+02, 2.27862259e+02, 8.39542866e-01,
       8.80153931e+02, 1.80765366e+02, 5.67691684e-01, 8.88018127e+02,
       2.57229248e+02, 6.76003695e-01, 0., 0., 0., 0., 0., 0., 0., 0.,
       0., 0., 0., 0., 0., 0., 0., 0., 0., 0. ]
