%YAML:1.0
---
pose_0: !!opencv-matrix
   rows: 1
   cols: 25
   dt: "3f"
   data: [ 8.70415100e+02, 2.29698593e+02, 7.77546406e-01,
       8.39081299e+02, 3.02217102e+02, 5.72675884e-01, 8.40987671e+02,
       2.96328094e+02, 3.06458056e-01, 7.78266052e+02, 2.59050629e+02,
       1.94786131e-01, 7.48865784e+02, 2.12089737e+02, 9.04894471e-02,
       8.48819275e+02, 2.98307068e+02, 5.15649080e-01, 7.72343384e+02,
       2.45398087e+02, 4.20906901e-01, 7.17580994e+02, 1.78835495e+02,
       5.42495966e-01, 6.68578369e+02, 3.33555206e+02, 1.15663007e-01,
       6.62670349e+02, 2.98311096e+02, 9.97145548e-02, 3.21809113e+02,
       2.84562378e+02, 1.55283734e-01, 8.86851883e+01, 4.11881317e+02,
       1.61926150e-01, 6.66606934e+02, 3.70776825e+02, 1.25997886e-01,
       5.58849487e+02, 4.25608582e+02, 6.36168495e-02, 0., 0., 0.,
       8.87979065e+02, 2.27730042e+02, 1.90492898e-01, 8.93880859e+02,
       2.39534042e+02, 8.32281232e-01, 0., 0., 0., 8.99692383e+02,
       2.92425293e+02, 8.23763072e-01, 0., 0., 0., 0., 0., 0., 0., 0.,
       0., 4.36331215e+01, 4.37378418e+02, 1.02900155e-01,
       4.55579414e+01, 4.33467926e+02, 9.33725685e-02, 0., 0., 0. ]
