%YAML:1.0
---
pose_0: !!opencv-matrix
   rows: 1
   cols: 25
   dt: "3f"
   data: [ 9.31042480e+02, 3.35500427e+02, 8.72452855e-01,
       8.11608276e+02, 3.53085266e+02, 6.51890874e-01, 8.05755005e+02,
       2.74845703e+02, 6.76502168e-01, 7.15574402e+02, 2.25741959e+02,
       4.92616236e-01, 6.45056213e+02, 1.94469315e+02, 8.15981507e-01,
       8.15498352e+02, 4.29572937e+02, 6.16113901e-01, 7.09654907e+02,
       4.84382111e+02, 6.48346007e-01, 5.74532288e+02, 5.60826599e+02,
       6.94919825e-01, 5.88246704e+02, 3.62947845e+02, 1.57845005e-01,
       5.74514893e+02, 3.21791656e+02, 2.54546970e-01, 3.02200623e+02,
       3.19886536e+02, 1.85944870e-01, 0., 0., 0., 6.21533569e+02,
       4.13841217e+02, 1.29779831e-01, 6.01951294e+02, 4.94192871e+02,
       6.13665394e-02, 0., 0., 0., 9.31031311e+02, 3.11974823e+02,
       7.87959039e-01, 9.44833191e+02, 3.45327820e+02, 7.28273392e-01,
       8.95828552e+02, 2.92442078e+02, 4.32759106e-01, 9.33113464e+02,
       3.70775909e+02, 1.56503186e-01, 0., 0., 0., 0., 0., 0., 0., 0.,
       0., 0., 0., 0., 0., 0., 0., 0., 0., 0. ]
