%YAML:1.0
---
pose_0: !!opencv-matrix
   rows: 1
   cols: 25
   dt: "3f"
   data: [ 8.84082825e+02, 2.33641495e+02, 7.79288411e-01,
       7.90030396e+02, 2.59175568e+02, 7.13764310e-01, 7.74394958e+02,
       2.06174744e+02, 5.89553535e-01, 7.89988281e+02, 1.16008781e+02,
       8.07021499e-01, 8.84131165e+02, 1.74812729e+02, 8.37458372e-01,
       7.99812622e+02, 3.15918243e+02, 5.76286197e-01, 8.44879272e+02,
       3.49261719e+02, 7.54291236e-01, 9.13384460e+02, 2.76807068e+02,
       6.40423179e-01, 5.47088440e+02, 3.08070862e+02, 3.63998890e-01,
       5.41244812e+02, 2.68912384e+02, 4.85757709e-01, 3.53172791e+02,
       2.88529236e+02, 6.76111102e-01, 1.65034744e+02, 3.02211578e+02,
       5.99362016e-01, 5.52986389e+02, 3.51199341e+02, 4.24590528e-01,
       3.80592224e+02, 3.82470886e+02, 5.87440610e-01, 2.39520248e+02,
       4.33497467e+02, 5.74008167e-01, 8.86100403e+02, 2.16041718e+02,
       7.86785603e-01, 8.99745972e+02, 2.49281616e+02, 6.86273992e-01,
       8.66453674e+02, 2.02259979e+02, 2.05194592e-01, 8.85999329e+02,
       2.70888977e+02, 4.82216507e-01, 1.59193680e+02, 4.47243866e+02,
       1.61173999e-01, 1.67032791e+02, 4.57005096e+02, 1.42437071e-01,
       2.19932236e+02, 4.33485413e+02, 3.65883052e-01, 1.49392929e+02,
       3.25714447e+02, 8.55320841e-02, 1.47422943e+02, 3.17844757e+02,
       7.99866617e-02, 1.51344177e+02, 3.04192322e+02, 4.09278125e-01 ]
