%YAML:1.0
---
pose_0: !!opencv-matrix
   rows: 1
   cols: 25
   dt: "3f"
   data: [ 8.27285950e+02, 3.15923126e+02, 5.09994686e-01,
       7.48912720e+02, 2.88553253e+02, 6.35035157e-01, 7.60600708e+02,
       2.27738937e+02, 3.94279689e-01, 8.23349976e+02, 2.63004089e+02,
       6.16878510e-01, 9.03682068e+02, 3.37578613e+02, 7.77379036e-01,
       7.43008606e+02, 3.37444977e+02, 6.15301490e-01, 7.35155212e+02,
       4.43289886e+02, 8.29949737e-01, 8.09613892e+02, 4.29454193e+02,
       8.73459697e-01, 5.15741516e+02, 2.66936920e+02, 3.10517311e-01,
       5.19672485e+02, 2.25815399e+02, 4.00816202e-01, 3.62929993e+02,
       1.96406738e+02, 4.24663305e-01, 3.06076660e+02, 1.68977524e+02,
       1.98622644e-01, 5.17699890e+02, 3.08126862e+02, 3.66021603e-01,
       3.41396942e+02, 3.51153320e+02, 5.64917684e-01, 1.57212860e+02,
       3.23767029e+02, 5.47353625e-01, 8.37024780e+02, 3.08058868e+02,
       4.18902308e-01, 8.37083496e+02, 3.19762817e+02, 3.05596203e-01,
       8.48789429e+02, 2.68917114e+02, 1.79629415e-01, 0., 0., 0.,
       1.16080986e+02, 3.80597412e+02, 5.56116045e-01, 1.21948143e+02,
       3.80561737e+02, 4.98513758e-01, 1.37615524e+02, 3.08052673e+02,
       5.34551501e-01, 0., 0., 0., 0., 0., 0., 3.04123474e+02,
       1.65005798e+02, 1.00448675e-01 ]
