%YAML:1.0
---
pose_0: !!opencv-matrix
   rows: 1
   cols: 25
   dt: "3f"
   data: [ 9.13456726e+02, 4.92293152e+02, 8.69912446e-01,
       8.09635925e+02, 5.13832764e+02, 6.94395065e-01, 7.89990601e+02,
       4.49200165e+02, 6.88138783e-01, 6.78324036e+02, 4.39350830e+02,
       4.53495115e-01, 5.72551758e+02, 4.37388306e+02, 2.91045189e-01,
       8.37021973e+02, 5.86231812e+02, 7.23318100e-01, 7.42923401e+02,
       6.09755249e+02, 7.52924144e-01, 6.43095581e+02, 5.23610840e+02,
       6.07026935e-01, 6.15673340e+02, 5.43174377e+02, 1.50463447e-01,
       5.88240479e+02, 5.00085602e+02, 1.96035549e-01, 4.04088989e+02,
       4.78485382e+02, 6.79972321e-02, 0., 0., 0., 6.35260681e+02,
       5.88227112e+02, 1.33730978e-01, 0., 0., 0., 0., 0., 0.,
       9.15359497e+02, 4.78542328e+02, 9.29474294e-01, 9.25209412e+02,
       5.07882599e+02, 7.61954069e-01, 8.84066895e+02, 4.64791260e+02,
       7.20080316e-01, 9.05643311e+02, 5.37292969e+02, 6.30970955e-01,
       0., 0., 0., 0., 0., 0., 0., 0., 0., 0., 0., 0., 0., 0., 0., 0.,
       0., 0. ]
