%YAML:1.0
---
pose_0: !!opencv-matrix
   rows: 1
   cols: 25
   dt: "3f"
   data: [ 9.11483093e+02, 2.08110413e+02, 7.54571080e-01,
       8.09639404e+02, 2.19948761e+02, 6.97567582e-01, 8.05665344e+02,
       1.35652603e+02, 7.28826821e-01, 6.95913391e+02, 8.66408005e+01,
       8.32989454e-01, 6.11773560e+02, 1.00504341e+02, 8.11469138e-01,
       8.23258789e+02, 2.98308289e+02, 6.85791492e-01, 7.33183960e+02,
       3.84533691e+02, 8.17209959e-01, 6.48930054e+02, 3.51160309e+02,
       8.06044340e-01, 5.56863037e+02, 2.49319733e+02, 3.35352480e-01,
       5.54976257e+02, 2.06224960e+02, 3.94328147e-01, 3.72732910e+02,
       2.23842514e+02, 4.28104013e-01, 1.84646240e+02, 2.23804840e+02,
       4.15626407e-01, 5.60791626e+02, 2.90519928e+02, 4.04214978e-01,
       3.70771759e+02, 2.98295227e+02, 2.53674388e-01, 1.76811462e+02,
       2.88462128e+02, 3.13510597e-01, 9.15468811e+02, 1.86602997e+02,
       8.26568663e-01, 9.25209351e+02, 2.19929947e+02, 7.66474962e-01,
       8.88046570e+02, 1.65141510e+02, 6.07504070e-01, 9.13459167e+02,
       2.41473984e+02, 5.07757664e-01, 8.67223282e+01, 3.06090393e+02,
       7.25866482e-02, 9.84460754e+01, 3.15873474e+02, 8.12678635e-02,
       1.53312073e+02, 2.76724976e+02, 1.36443540e-01, 1.04334572e+02,
       1.84651093e+02, 9.19730291e-02, 1.04341034e+02, 1.82676743e+02,
       6.85371161e-02, 1.72885788e+02, 2.27723328e+02, 2.67541051e-01 ]
