%YAML:1.0
---
pose_0: !!opencv-matrix
   rows: 1
   cols: 25
   dt: "3f"
   data: [ 9.17423462e+02, 2.06184555e+02, 7.72923172e-01,
       8.07684204e+02, 2.16012360e+02, 6.59655750e-01, 8.03756714e+02,
       1.33751450e+02, 7.24914730e-01, 6.72503662e+02, 1.16015366e+02,
       5.80401897e-01, 5.72532043e+02, 1.08235489e+02, 6.23752534e-01,
       8.09636108e+02, 3.02213837e+02, 6.67415023e-01, 7.03831604e+02,
       3.53071167e+02, 7.92655230e-01, 6.82334595e+02, 3.04202545e+02,
       7.22081006e-01, 5.68635986e+02, 2.10085754e+02, 2.96604872e-01,
       5.66673096e+02, 1.67010864e+02, 3.59799623e-01, 3.82548370e+02,
       2.14045670e+02, 2.20457256e-01, 1.63088791e+02, 2.02289673e+02,
       1.15369163e-01, 5.68643921e+02, 2.63046600e+02, 2.08337054e-01,
       4.47180450e+02, 3.10040405e+02, 6.09239079e-02, 3.55129700e+02,
       2.72849579e+02, 6.75074905e-02, 9.31070801e+02, 1.82735565e+02,
       9.06933546e-01, 9.33141113e+02, 2.21872559e+02, 7.74974465e-01,
       9.01665222e+02, 1.65012207e+02, 5.92987537e-01, 9.23266174e+02,
       2.43497849e+02, 2.37858400e-01, 0., 0., 0., 0., 0., 0., 0., 0.,
       0., 1.35639435e+02, 1.65081375e+02, 6.53569773e-02, 0., 0., 0.,
       0., 0., 0. ]
