%YAML:1.0
---
pose_0: !!opencv-matrix
   rows: 1
   cols: 25
   dt: "3f"
   data: [ 8.78154175e+02, 1.04362267e+02, 7.70696282e-01,
       7.76341248e+02, 1.16141632e+02, 7.49409020e-01, 7.70421997e+02,
       3.76657867e+01, 6.84343338e-01, 6.78373718e+02, 5.35117054e+00,
       2.64680952e-01, 6.03940125e+02, 2.60151062e+01, 8.16565990e-01,
       7.82177246e+02, 1.96459137e+02, 6.86209440e-01, 6.68542603e+02,
       2.43355484e+02, 7.41013706e-01, 5.56952820e+02, 2.39538223e+02,
       8.07901204e-01, 5.27499207e+02, 1.14084396e+02, 2.67113805e-01,
       5.39280579e+02, 7.10197144e+01, 3.38553876e-01, 3.62936401e+02,
       7.10485992e+01, 1.80758059e-01, 0., 0., 0., 5.13821472e+02,
       1.53318085e+02, 2.88297474e-01, 3.72718872e+02, 1.63047394e+02,
       2.03162640e-01, 3.53106262e+02, 1.53344650e+02, 8.92447606e-02,
       8.86051819e+02, 8.68083801e+01, 8.87855768e-01, 8.88027161e+02,
       1.27800163e+02, 7.42539763e-01, 8.62530762e+02, 6.90522842e+01,
       5.20321727e-01, 8.70361877e+02, 1.47431046e+02, 5.12407005e-01,
       0., 0., 0., 0., 0., 0., 3.51112671e+02, 1.59160187e+02,
       8.55627134e-02, 0., 0., 0., 0., 0., 0., 0., 0., 0. ]
