%YAML:1.0
---
pose_0: !!opencv-matrix
   rows: 1
   cols: 25
   dt: "3f"
   data: [ 9.74148621e+02, 2.96311493e+02, 7.09681034e-01,
       8.62507751e+02, 3.02208954e+02, 5.56263566e-01, 8.56631775e+02,
       2.23808945e+02, 5.46423554e-01, 7.91955688e+02, 1.49457047e+02,
       7.11188436e-01, 8.38960022e+02, 2.39507492e+02, 5.21220446e-01,
       8.70299805e+02, 3.80532196e+02, 4.50118929e-01, 8.15511047e+02,
       4.60880371e+02, 2.38689214e-01, 8.37062805e+02, 4.45186981e+02,
       3.54746938e-01, 5.70611267e+02, 3.06124451e+02, 1.43861338e-01,
       5.62750671e+02, 2.74807587e+02, 2.14040697e-01, 3.53133087e+02,
       3.15906616e+02, 2.46154174e-01, 0., 0., 0., 6.07835999e+02,
       3.68803192e+02, 7.17720762e-02, 0., 0., 0., 0., 0., 0.,
       9.89863586e+02, 2.70809875e+02, 6.85001612e-01, 9.93711426e+02,
       3.10032593e+02, 8.07643652e-01, 9.64440308e+02, 2.31715118e+02,
       5.04561067e-01, 0., 0., 0., 0., 0., 0., 0., 0., 0., 0., 0., 0.,
       0., 0., 0., 0., 0., 0., 0., 0., 0. ]
