%YAML:1.0
---
pose_0: !!opencv-matrix
   rows: 1
   cols: 25
   dt: "3f"
   data: [ 9.31066284e+02, 4.41318115e+02, 7.20789611e-01,
       8.21379211e+02, 4.39321014e+02, 7.03762472e-01, 8.17409912e+02,
       3.53151917e+02, 6.62800550e-01, 6.90088928e+02, 3.02228271e+02,
       7.68260121e-01, 5.70659119e+02, 3.55083557e+02, 7.37872005e-01,
       8.19392883e+02, 5.19669373e+02, 5.72049439e-01, 6.96029968e+02,
       5.56861572e+02, 6.43203676e-01, 5.96056641e+02, 5.88173523e+02,
       7.28492916e-01, 6.31284302e+02, 4.31505493e+02, 1.49209842e-01,
       5.98028870e+02, 4.04096313e+02, 2.85624623e-01, 5.66707458e+02,
       5.51008789e+02, 7.75612295e-02, 0., 0., 0., 6.35281799e+02,
       4.82459503e+02, 1.21573977e-01, 0., 0., 0., 0., 0., 0.,
       9.40890015e+02, 4.15842834e+02, 8.34803343e-01, 9.44748047e+02,
       4.58893616e+02, 6.96862936e-01, 9.15341858e+02, 3.86479553e+02,
       5.41109860e-01, 0., 0., 0., 0., 0., 0., 0., 0., 0., 0., 0., 0.,
       0., 0., 0., 0., 0., 0., 0., 0., 0. ]
