%YAML:1.0
---
pose_0: !!opencv-matrix
   rows: 1
   cols: 25
   dt: "3f"
   data: [ 9.27174805e+02, 1.80780350e+02, 8.29032183e-01,
       8.05664856e+02, 1.80795242e+02, 6.55871391e-01, 8.03701355e+02,
       9.64642258e+01, 6.66277528e-01, 6.64597473e+02, 6.90484619e+01,
       6.90108240e-01, 5.54955688e+02, 8.07840805e+01, 7.41118610e-01,
       8.05717224e+02, 2.70892365e+02, 6.78277194e-01, 6.84273010e+02,
       3.04246063e+02, 7.46760786e-01, 5.56929749e+02, 3.12019470e+02,
       7.62536883e-01, 5.35335510e+02, 1.96405212e+02, 1.23837397e-01,
       5.25566162e+02, 1.49366959e+02, 1.45618036e-01, 0., 0., 0., 0.,
       0., 0., 5.47104431e+02, 2.49320740e+02, 8.82734656e-02,
       3.94276398e+02, 2.96313629e+02, 6.08719587e-02, 0., 0., 0.,
       9.33135254e+02, 1.55262115e+02, 8.42228055e-01, 9.42829468e+02,
       1.94470993e+02, 8.50101471e-01, 9.11506165e+02, 1.33703949e+02,
       5.74529171e-01, 9.31149963e+02, 2.12064178e+02, 1.05072521e-01,
       0., 0., 0., 0., 0., 0., 0., 0., 0., 0., 0., 0., 0., 0., 0., 0.,
       0., 0. ]
