%YAML:1.0
---
pose_0: !!opencv-matrix
   rows: 1
   cols: 25
   dt: "3f"
   data: [ 8.95819763e+02, 2.76707825e+02, 8.00527930e-01,
       8.09651245e+02, 3.02168518e+02, 6.65598810e-01, 8.07719971e+02,
       2.27718887e+02, 5.42487085e-01, 8.44904968e+02, 1.33667923e+02,
       7.75780559e-01, 9.29068665e+02, 2.10089111e+02, 8.03853810e-01,
       8.21341187e+02, 3.70766876e+02, 6.22594953e-01, 8.87952576e+02,
       4.47228363e+02, 8.24711263e-01, 9.44733826e+02, 3.37501526e+02,
       8.25542390e-01, 5.74529175e+02, 3.31600098e+02, 2.90408105e-01,
       5.84336060e+02, 2.84574646e+02, 2.96721309e-01, 3.82549133e+02,
       2.70798645e+02, 3.76740843e-01, 1.94489960e+02, 2.96324249e+02,
       5.44591248e-01, 5.68630066e+02, 3.68834595e+02, 3.03936183e-01,
       3.80576721e+02, 3.80556732e+02, 3.87910247e-01, 1.63123413e+02,
       4.00137238e+02, 4.43487585e-01, 9.03641724e+02, 2.57167389e+02,
       8.46991181e-01, 9.09521973e+02, 2.90399170e+02, 8.61642897e-01,
       8.86019592e+02, 2.31711487e+02, 3.02440196e-01, 8.99726990e+02,
       3.13946899e+02, 6.10100389e-01, 1.08227127e+02, 4.41293671e+02,
       3.52676034e-01, 1.14142166e+02, 4.41315643e+02, 3.81315023e-01,
       1.39610260e+02, 3.90360992e+02, 2.06794858e-01, 1.67031342e+02,
       2.59112457e+02, 2.23834693e-01, 1.65098907e+02, 2.61065887e+02,
       2.05544442e-01, 1.80789185e+02, 3.06125519e+02, 3.36938053e-01 ]
