%YAML:1.0
---
pose_0: !!opencv-matrix
   rows: 1
   cols: 25
   dt: "3f"
   data: [ 9.17333008e+02, 3.57027832e+02, 8.17616284e-01,
       8.21378662e+02, 3.11979187e+02, 6.05500877e-01, 8.31177917e+02,
       2.70877258e+02, 6.55494809e-01, 7.39067017e+02, 3.27653656e+02,
       7.41581917e-01, 8.39039734e+02, 4.29509277e+02, 8.22408378e-01,
       8.05695496e+02, 3.49239410e+02, 2.97533691e-01, 7.03828247e+02,
       4.19728546e+02, 7.72474527e-01, 7.89989868e+02, 4.53064087e+02,
       7.41207063e-01, 5.56854553e+02, 3.04188446e+02, 2.59982526e-01,
       5.49068665e+02, 2.76725128e+02, 2.29135260e-01, 3.25734619e+02,
       3.55081604e+02, 1.93413407e-01, 1.35702744e+02, 3.39423950e+02,
       2.76052266e-01, 5.54901550e+02, 3.25714630e+02, 1.94843724e-01,
       3.60984833e+02, 3.66821228e+02, 2.23642021e-01, 1.45467239e+02,
       3.33563995e+02, 2.33176365e-01, 9.31147827e+02, 3.33505554e+02,
       7.69713998e-01, 9.35020508e+02, 3.66824005e+02, 8.01789463e-01,
       9.11520874e+02, 2.90542023e+02, 8.09970558e-01, 0., 0., 0., 0.,
       0., 0., 0., 0., 0., 1.02403770e+02, 3.53157959e+02,
       1.15911938e-01, 0., 0., 0., 0., 0., 0., 0., 0., 0. ]
