%YAML:1.0
---
pose_0: !!opencv-matrix
   rows: 1
   cols: 25
   dt: "3f"
   data: [ 9.01670227e+02, 4.45131897e+02, 8.13571036e-01,
       7.93941406e+02, 4.41320557e+02, 7.18356371e-01, 7.88005493e+02,
       3.66803101e+02, 6.49091125e-01, 6.95949951e+02, 2.80653198e+02,
       8.31603587e-01, 6.45050476e+02, 3.64926727e+02, 8.28950524e-01,
       8.01740417e+02, 5.11863678e+02, 6.17318809e-01, 6.93997559e+02,
       5.66695068e+02, 7.46138453e-01, 5.99936035e+02, 5.90229492e+02,
       7.60223508e-01, 5.25561829e+02, 4.70690643e+02, 1.51752874e-01,
       5.17694214e+02, 4.31523376e+02, 1.90640226e-01, 3.78601379e+02,
       4.43261566e+02, 5.96412532e-02, 0., 0., 0., 5.41204285e+02,
       5.09884277e+02, 1.44077450e-01, 0., 0., 0., 0., 0., 0.,
       9.15301941e+02, 4.19793579e+02, 8.37322235e-01, 9.13412842e+02,
       4.56981293e+02, 7.78916061e-01, 8.84066040e+02, 3.98126740e+02,
       5.84929049e-01, 8.95809875e+02, 4.68737823e+02, 1.02033742e-01,
       0., 0., 0., 0., 0., 0., 0., 0., 0., 0., 0., 0., 0., 0., 0., 0.,
       0., 0. ]
