%YAML:1.0
---
pose_0: !!opencv-matrix
   rows: 1
   cols: 25
   dt: "3f"
   data: [ 8.99663147e+02, 2.29693451e+02, 8.24146569e-01,
       7.89968872e+02, 2.57077545e+02, 7.32716024e-01, 7.70456055e+02,
       1.82691620e+02, 6.83224857e-01, 6.80327209e+02, 1.31693527e+02,
       5.27757466e-01, 6.17545166e+02, 1.04357460e+02, 7.30593562e-01,
       8.05659180e+02, 3.23773071e+02, 6.74757004e-01, 7.54719055e+02,
       4.13899078e+02, 5.54360390e-01, 7.09673584e+02, 5.13826172e+02,
       5.60879707e-01, 5.58852356e+02, 3.00244141e+02, 3.34337324e-01,
       5.62751160e+02, 2.57155975e+02, 3.60318333e-01, 4.88317322e+02,
       2.39482620e+02, 8.44705403e-02, 0., 0., 0., 5.56903259e+02,
       3.41404572e+02, 3.98937881e-01, 3.84474304e+02, 3.96199493e+02,
       4.38944995e-01, 2.33617416e+02, 4.51093933e+02, 2.05411270e-01,
       8.99746582e+02, 2.12179947e+02, 8.70291948e-01, 9.13423889e+02,
       2.41433578e+02, 7.74812877e-01, 8.68313660e+02, 1.98361603e+02,
       4.64302868e-01, 8.91911865e+02, 2.70834717e+02, 2.79119074e-01,
       0., 0., 0., 0., 0., 0., 2.00342728e+02, 4.56976990e+02,
       1.22938037e-01, 0., 0., 0., 0., 0., 0., 0., 0., 0. ]
