%YAML:1.0
---
pose_0: !!opencv-matrix
   rows: 1
   cols: 25
   dt: "3f"
   data: [ 8.99774414e+02, 4.43271454e+02, 8.24801266e-01,
       7.91974365e+02, 4.43250305e+02, 7.26764083e-01, 7.84172546e+02,
       3.66804321e+02, 6.51383817e-01, 6.88127258e+02, 2.88456543e+02,
       8.02635193e-01, 6.37256348e+02, 3.64900787e+02, 8.41028154e-01,
       7.91994507e+02, 5.21626526e+02, 6.24076724e-01, 6.78327271e+02,
       5.62763184e+02, 6.51638985e-01, 5.82381958e+02, 5.99990234e+02,
       7.54096031e-01, 5.45130981e+02, 4.68723328e+02, 2.72778600e-01,
       5.35352905e+02, 4.27609528e+02, 3.35913718e-01, 3.74683380e+02,
       4.49147797e+02, 1.14928477e-01, 0., 0., 0., 5.56880981e+02,
       5.11812500e+02, 2.50346571e-01, 0., 0., 0., 0., 0., 0.,
       9.13462463e+02, 4.19746796e+02, 8.33834529e-01, 9.11489441e+02,
       4.56965851e+02, 7.68970132e-01, 8.86047546e+02, 3.96220123e+02,
       5.79750240e-01, 8.91911011e+02, 4.66794739e+02, 1.20634682e-01,
       0., 0., 0., 0., 0., 0., 0., 0., 0., 0., 0., 0., 0., 0., 0., 0.,
       0., 0. ]
