%YAML:1.0
---
pose_0: !!opencv-matrix
   rows: 1
   cols: 25
   dt: "3f"
   data: [ 9.13418152e+02, 3.53235199e+02, 8.29648912e-01,
       8.03757568e+02, 3.37455597e+02, 6.71350718e-01, 7.93990112e+02,
       2.59166931e+02, 6.94243491e-01, 6.68580933e+02, 1.84686935e+02,
       7.77443051e-01, 7.37107239e+02, 1.88552582e+02, 7.76765406e-01,
       8.01748047e+02, 4.15856964e+02, 5.44375896e-01, 6.82279541e+02,
       4.88341583e+02, 7.94449568e-01, 7.93932190e+02, 4.88291290e+02,
       7.81778455e-01, 5.41235229e+02, 3.66875854e+02, 1.87547058e-01,
       5.41248047e+02, 3.21837097e+02, 2.53343016e-01, 3.64870911e+02,
       3.27674530e+02, 1.72021985e-01, 0., 0., 0., 5.29477478e+02,
       4.15822968e+02, 1.49271354e-01, 3.53177094e+02, 4.68747314e+02,
       3.20277214e-01, 1.82712555e+02, 5.15729553e+02, 2.85335064e-01,
       9.25230103e+02, 3.29648651e+02, 7.64199197e-01, 9.27139771e+02,
       3.68752075e+02, 7.75394082e-01, 8.99684937e+02, 3.00270477e+02,
       6.89448059e-01, 0., 0., 0., 1.18106453e+02, 5.62776733e+02,
       1.22814119e-01, 0., 0., 0., 1.61152344e+02, 5.05944824e+02,
       1.74742788e-01, 0., 0., 0., 0., 0., 0., 0., 0., 0. ]
