%YAML:1.0
---
pose_0: !!opencv-matrix
   rows: 1
   cols: 25
   dt: "3f"
   data: [ 9.15341003e+02, 3.51206482e+02, 8.12315524e-01,
       8.05682556e+02, 3.27705627e+02, 6.73840702e-01, 7.97872375e+02,
       2.55142944e+02, 6.62784278e-01, 6.66596375e+02, 1.82760849e+02,
       8.15136075e-01, 7.27371582e+02, 1.78837875e+02, 8.00584078e-01,
       7.99837524e+02, 4.06061890e+02, 5.49790025e-01, 6.80231628e+02,
       4.74625641e+02, 8.00504088e-01, 7.89964722e+02, 4.76651306e+02,
       8.07998657e-01, 5.37318726e+02, 3.82562103e+02, 3.17005813e-01,
       5.35343811e+02, 3.35478027e+02, 3.91243339e-01, 3.62934753e+02,
       3.39400055e+02, 3.16412657e-01, 2.23846710e+02, 3.31571045e+02,
       1.15013734e-01, 5.41245605e+02, 4.29553253e+02, 3.89445484e-01,
       3.53109833e+02, 4.80474396e+02, 3.90320331e-01, 1.86616623e+02,
       5.17694519e+02, 3.21378917e-01, 9.31077393e+02, 3.23738190e+02,
       7.74008155e-01, 9.31046387e+02, 3.62947784e+02, 7.79096723e-01,
       9.05652161e+02, 2.90494141e+02, 7.29188085e-01, 0., 0., 0., 0.,
       0., 0., 0., 0., 0., 1.67032364e+02, 5.09860016e+02,
       1.37254819e-01, 1.49393799e+02, 3.21794830e+02, 5.22504561e-02,
       1.51341415e+02, 3.19872070e+02, 5.45819923e-02, 0., 0., 0. ]
