%YAML:1.0
---
pose_0: !!opencv-matrix
   rows: 1
   cols: 25
   dt: "3f"
   data: [ 1.10742603e+03, 1.96356277e+02, 6.98590338e-01,
       9.36973083e+02, 2.21867844e+02, 1.99328125e-01, 9.29091919e+02,
       1.06297440e+02, 1.18296035e-01, 0., 0., 0., 0., 0., 0.,
       9.44784546e+02, 2.86509979e+02, 2.59229064e-01, 7.45017639e+02,
       4.04065491e+02, 6.59487188e-01, 8.72319153e+02, 3.37454407e+02,
       4.52271104e-01, 5.41231506e+02, 3.21792389e+02, 5.59078902e-02,
       0., 0., 0., 0., 0., 0., 0., 0., 0., 0., 0., 0., 0., 0., 0., 0.,
       0., 0., 1.11925012e+03, 1.70949310e+02, 8.23771000e-01,
       1.12507507e+03, 2.23834671e+02, 6.86956167e-01, 1.07801465e+03,
       1.37666580e+02, 1.87677532e-01, 1.11133411e+03, 2.57193481e+02,
       7.64075145e-02, 0., 0., 0., 0., 0., 0., 0., 0., 0., 0., 0., 0.,
       0., 0., 0., 0., 0., 0. ]
