%YAML:1.0
---
pose_0: !!opencv-matrix
   rows: 1
   cols: 25
   dt: "3f"
   data: [ 8.78183044e+02, 2.41433426e+02, 8.12571704e-01,
       7.74296265e+02, 2.61084839e+02, 6.02959037e-01, 7.60714905e+02,
       1.96381012e+02, 5.49500406e-01, 0., 0., 0., 0., 0., 0.,
       7.78343384e+02, 3.25738068e+02, 6.11503959e-01, 7.09674438e+02,
       3.37433746e+02, 7.93872178e-01, 8.07647400e+02, 2.57074402e+02,
       7.50349700e-01, 5.68622620e+02, 2.47338181e+02, 2.58897632e-01,
       5.64730164e+02, 2.15991852e+02, 2.96491146e-01, 3.68830505e+02,
       2.29733337e+02, 2.10880488e-01, 0., 0., 0., 5.56911255e+02,
       2.88449188e+02, 1.61422491e-01, 3.82523468e+02, 2.92391785e+02,
       1.74489230e-01, 0., 0., 0., 8.84028381e+02, 2.25743912e+02,
       8.02097261e-01, 8.86016479e+02, 2.53206329e+02, 7.78568566e-01,
       8.54683289e+02, 2.08122787e+02, 3.20096999e-01, 8.66465759e+02,
       2.76704620e+02, 4.81746435e-01, 0., 0., 0., 0., 0., 0., 0., 0.,
       0., 0., 0., 0., 0., 0., 0., 0., 0., 0. ]
