%YAML:1.0
---
pose_0: !!opencv-matrix
   rows: 1
   cols: 25
   dt: "3f"
   data: [ 9.31026672e+02, 3.25762329e+02, 7.92721272e-01,
       8.19417114e+02, 2.94400513e+02, 6.44752026e-01, 8.31196289e+02,
       2.19948685e+02, 6.11445129e-01, 7.23398560e+02, 1.47510956e+02,
       7.57079244e-01, 5.88200073e+02, 1.49422150e+02, 8.23136985e-01,
       8.03715210e+02, 3.68883240e+02, 5.93486190e-01, 7.17579529e+02,
       4.29481171e+02, 7.19281554e-01, 6.64637695e+02, 4.80546539e+02,
       7.33788490e-01, 5.64716919e+02, 3.00245422e+02, 1.30357057e-01,
       5.62770874e+02, 2.78694794e+02, 1.13542162e-01, 0., 0., 0., 0.,
       0., 0., 0., 0., 0., 0., 0., 0., 0., 0., 0., 9.46674866e+02,
       3.06180328e+02, 8.46533179e-01, 9.46683899e+02, 3.37413147e+02,
       8.39089572e-01, 9.25184875e+02, 2.72748871e+02, 7.66860366e-01,
       0., 0., 0., 0., 0., 0., 0., 0., 0., 0., 0., 0., 0., 0., 0., 0.,
       0., 0., 0., 0., 0. ]
