%YAML:1.0
---
pose_0: !!opencv-matrix
   rows: 1
   cols: 25
   dt: "3f"
   data: [ 9.11470886e+02, 2.57205933e+02, 7.06271470e-01,
       8.07617981e+02, 2.92434052e+02, 7.47318685e-01, 7.76367981e+02,
       2.43426102e+02, 7.38288879e-01, 6.78355957e+02, 2.25743530e+02,
       7.61391163e-01, 6.48974365e+02, 1.67066544e+02, 8.13649654e-01,
       8.37093201e+02, 3.53105377e+02, 7.32398868e-01, 7.27385254e+02,
       4.43252533e+02, 6.82791173e-01, 6.15651489e+02, 4.29453827e+02,
       6.86175466e-01, 5.70594910e+02, 3.57058380e+02, 2.51728058e-01,
       5.54958374e+02, 3.19866730e+02, 2.98131943e-01, 3.45308533e+02,
       3.51167236e+02, 2.11273715e-01, 0., 0., 0., 5.88249695e+02,
       3.98219421e+02, 2.05421776e-01, 0., 0., 0., 0., 0., 0.,
       9.17379028e+02, 2.43420151e+02, 7.80554056e-01, 9.21286499e+02,
       2.72844421e+02, 8.16368461e-01, 8.87964844e+02, 2.27836639e+02,
       5.97545803e-01, 9.05609375e+02, 3.04211609e+02, 6.92824125e-01,
       0., 0., 0., 0., 0., 0., 0., 0., 0., 0., 0., 0., 0., 0., 0., 0.,
       0., 0. ]
