%YAML:1.0
---
pose_0: !!opencv-matrix
   rows: 1
   cols: 25
   dt: "3f"
   data: [ 8.97787415e+02, 2.06219131e+02, 7.68225610e-01,
       7.89971191e+02, 2.27705643e+02, 7.22739995e-01, 7.76385315e+02,
       1.49359497e+02, 7.13872671e-01, 6.64584167e+02, 1.21999672e+02,
       7.66671300e-01, 5.88181396e+02, 1.45476944e+02, 8.59058976e-01,
       7.92008545e+02, 3.06203003e+02, 6.90723836e-01, 6.86202454e+02,
       3.51074738e+02, 7.27518201e-01, 5.56831909e+02, 3.64914703e+02,
       8.20997834e-01, 5.49070435e+02, 2.53234482e+02, 2.26905882e-01,
       5.41231689e+02, 2.12098145e+02, 2.72878677e-01, 3.78606995e+02,
       3.04167694e+02, 8.02451670e-02, 0., 0., 0., 5.56876343e+02,
       2.92425720e+02, 1.93063438e-01, 4.76552612e+02, 3.19833862e+02,
       5.94354719e-02, 0., 0., 0., 9.01759399e+02, 1.90567703e+02,
       8.34487140e-01, 9.07597839e+02, 2.21859528e+02, 7.74876416e-01,
       8.82110352e+02, 1.74882050e+02, 4.88050520e-01, 8.86062073e+02,
       2.43512344e+02, 6.01900458e-01, 0., 0., 0., 0., 0., 0., 0., 0.,
       0., 0., 0., 0., 0., 0., 0., 0., 0., 0. ]
