%YAML:1.0
---
pose_0: !!opencv-matrix
   rows: 1
   cols: 25
   dt: "3f"
   data: [ 9.01662354e+02, 4.37402679e+02, 8.22645664e-01,
       7.92012329e+02, 4.25607941e+02, 7.20121384e-01, 7.76350708e+02,
       3.53106812e+02, 7.25176871e-01, 6.99895813e+02, 2.76721588e+02,
       7.89836764e-01, 8.05677551e+02, 2.45435135e+02, 8.15773010e-01,
       8.05723083e+02, 4.90309937e+02, 6.45647585e-01, 7.54792542e+02,
       6.01961609e+02, 8.26084852e-01, 8.38994690e+02, 6.51024597e+02,
       7.79416203e-01, 5.54958984e+02, 4.35453735e+02, 3.27784956e-01,
       5.60794006e+02, 3.98162628e+02, 4.44710940e-01, 3.92312500e+02,
       4.15827789e+02, 1.75156817e-01, 1.68965240e+02, 4.31486908e+02,
       1.37230232e-01, 5.54937988e+02, 4.88295898e+02, 2.92457372e-01,
       3.92351044e+02, 5.11830688e+02, 2.49784634e-01, 0., 0., 0.,
       9.15327759e+02, 4.13822754e+02, 8.06624532e-01, 9.17312134e+02,
       4.43291229e+02, 8.58406067e-01, 8.84081787e+02, 3.74705231e+02,
       8.28233838e-01, 0., 0., 0., 0., 0., 0., 0., 0., 0., 0., 0., 0.,
       0., 0., 0., 0., 0., 0., 1.65095428e+02, 4.31520874e+02,
       1.63849294e-01 ]
