%YAML:1.0
---
pose_0: !!opencv-matrix
   rows: 1
   cols: 25
   dt: "3f"
   data: [ 8.52722351e+02, 3.37527802e+02, 8.28342676e-01,
       7.72357666e+02, 3.21804260e+02, 7.34944522e-01, 7.78337402e+02,
       2.72836395e+02, 6.11991346e-01, 7.60716736e+02, 2.21832870e+02,
       7.51577020e-01, 8.37099915e+02, 2.86495850e+02, 7.77680874e-01,
       7.60726501e+02, 3.78633881e+02, 5.98131895e-01, 7.27249939e+02,
       4.76545898e+02, 8.46270502e-01, 8.21284790e+02, 4.19749512e+02,
       8.06998789e-01, 5.47088684e+02, 3.06109802e+02, 2.69872814e-01,
       5.56903931e+02, 2.64992615e+02, 2.80353785e-01, 3.53129333e+02,
       2.49305588e+02, 2.32520163e-01, 3.47264648e+02, 2.41444199e+02,
       1.07331209e-01, 5.39263611e+02, 3.51164307e+02, 2.84541398e-01,
       3.39434753e+02, 3.86423279e+02, 5.10301828e-01, 1.61162796e+02,
       3.82542053e+02, 2.31408417e-01, 8.54700439e+02, 3.17894012e+02,
       8.48528385e-01, 8.74288391e+02, 3.45296722e+02, 7.20547259e-01,
       8.60550476e+02, 2.84579712e+02, 4.99274880e-01, 0., 0., 0.,
       1.18036888e+02, 4.31463593e+02, 1.74720749e-01, 1.21940170e+02,
       4.31455505e+02, 1.61972389e-01, 1.31801331e+02, 3.66893524e+02,
       2.09060878e-01, 0., 0., 0., 0., 0., 0., 0., 0., 0. ]
