%YAML:1.0
---
pose_0: !!opencv-matrix
   rows: 1
   cols: 25
   dt: "3f"
   data: [ 9.25234619e+02, 2.37557922e+02, 7.14331210e-01,
       8.40990112e+02, 3.08069885e+02, 4.84971106e-01, 8.52750122e+02,
       3.10034454e+02, 2.17014045e-01, 0., 0., 0., 0., 0., 0.,
       8.37061157e+02, 3.25725983e+02, 3.51214081e-01, 7.11588196e+02,
       2.76785767e+02, 7.14843750e-01, 8.41029480e+02, 1.94371109e+02,
       5.24506152e-01, 5.51013611e+02, 3.41392731e+02, 1.10375702e-01,
       5.43184937e+02, 3.10032166e+02, 1.45060733e-01, 3.19858826e+02,
       3.02223267e+02, 2.78022647e-01, 0., 0., 0., 5.37291870e+02,
       3.80567505e+02, 7.39020482e-02, 3.25702667e+02, 3.04126862e+02,
       1.17228732e-01, 9.64997787e+01, 4.25615997e+02, 7.46596679e-02,
       9.38958679e+02, 2.29773117e+02, 6.25382364e-01, 9.48755920e+02,
       2.59096466e+02, 8.83429706e-01, 0., 0., 0., 9.31148743e+02,
       3.08092438e+02, 8.29443812e-01, 0., 0., 0., 0., 0., 0.,
       7.88501892e+01, 4.23659393e+02, 1.00714728e-01, 0., 0., 0., 0.,
       0., 0., 0., 0., 0. ]
