%YAML:1.0
---
pose_0: !!opencv-matrix
   rows: 1
   cols: 25
   dt: "3f"
   data: [ 9.40844666e+02, 3.92341125e+02, 7.61575580e-01,
       8.23300781e+02, 3.45302673e+02, 6.19980931e-01, 8.39034607e+02,
       2.74776367e+02, 6.29905403e-01, 7.31293213e+02, 1.90492874e+02,
       7.74034858e-01, 6.78383118e+02, 2.59073334e+02, 8.39631200e-01,
       8.01769775e+02, 4.11882172e+02, 5.55260181e-01, 6.97913696e+02,
       4.76489624e+02, 8.23184967e-01, 7.17527100e+02, 5.25551208e+02,
       7.90708721e-01, 5.78454102e+02, 3.37492676e+02, 1.45503476e-01,
       5.70625732e+02, 3.06147644e+02, 1.56144440e-01, 0., 0., 0., 0.,
       0., 0., 5.76480652e+02, 3.80577637e+02, 1.23272091e-01, 0., 0.,
       0., 0., 0., 0., 9.58483643e+02, 3.68765533e+02, 8.04538906e-01,
       9.56548462e+02, 3.98233521e+02, 7.17262328e-01, 9.32993469e+02,
       3.25748566e+02, 7.82291830e-01, 0., 0., 0., 0., 0., 0., 0., 0.,
       0., 0., 0., 0., 0., 0., 0., 0., 0., 0., 0., 0., 0. ]
