%YAML:1.0
---
pose_0: !!opencv-matrix
   rows: 1
   cols: 25
   dt: "3f"
   data: [ 1.02711389e+03, 2.27707794e+02, 7.62995362e-01,
       8.86005615e+02, 2.27792374e+02, 5.41834176e-01, 8.66438232e+02,
       1.37664841e+02, 5.27679503e-01, 7.42968262e+02, 9.45253601e+01,
       5.78211546e-01, 6.76374084e+02, 1.00487320e+02, 7.28671789e-01,
       9.13427307e+02, 3.37486908e+02, 4.45834309e-01, 7.72334473e+02,
       4.06047699e+02, 7.57195950e-01, 8.54658997e+02, 3.15875763e+02,
       7.16633677e-01, 5.88241577e+02, 2.90451752e+02, 5.47224917e-02,
       0., 0., 0., 0., 0., 0., 0., 0., 0., 6.03925110e+02,
       3.29638733e+02, 5.25716320e-02, 0., 0., 0., 0., 0., 0.,
       1.04080908e+03, 1.98406448e+02, 7.88669586e-01, 1.04077563e+03,
       2.45410919e+02, 6.19500756e-01, 9.97702454e+02, 1.65092911e+02,
       5.00825226e-01, 1.02315735e+03, 2.72803345e+02, 1.47197217e-01,
       0., 0., 0., 0., 0., 0., 0., 0., 0., 0., 0., 0., 0., 0., 0., 0.,
       0., 0. ]
