%YAML:1.0
---
pose_0: !!opencv-matrix
   rows: 2
   cols: 25
   dt: "3f"
   data: [ 9.19334656e+02, 3.51265656e+02, 7.71104455e-01,
       8.31175720e+02, 2.66922180e+02, 3.57321262e-01, 8.37023682e+02,
       2.59116699e+02, 6.51680708e-01, 7.43036011e+02, 3.31561340e+02,
       7.04421461e-01, 7.45003906e+02, 4.37359344e+02, 8.30559671e-01,
       0., 0., 0., 0., 0., 0., 0., 0., 0., 5.25545349e+02,
       2.53224167e+02, 1.81303680e-01, 5.23593750e+02, 2.63027466e+02,
       2.00507447e-01, 3.37469635e+02, 3.41382233e+02, 2.98047215e-01,
       1.43533997e+02, 3.04140717e+02, 3.06995809e-01, 5.25551636e+02,
       2.49303024e+02, 1.29411533e-01, 3.08082092e+02, 2.53239624e+02,
       1.20931134e-01, 9.64944687e+01, 2.37559616e+02, 1.18942507e-01,
       9.34973022e+02, 3.37425720e+02, 8.12412024e-01, 0., 0., 0.,
       9.21315552e+02, 2.86551819e+02, 8.16215038e-01, 0., 0., 0., 0.,
       0., 0., 0., 0., 0., 0., 0., 0., 1.16020615e+02, 3.94288666e+02,
       2.29001969e-01, 1.14125008e+02, 3.88428162e+02, 1.85976058e-01,
       1.18041389e+02, 2.88525879e+02, 2.35830933e-01, 0., 0., 0., 0.,
       0., 0., 0., 0., 0., 0., 0., 0., 0., 0., 0., 7.11641663e+02,
       2.70859192e+02, 5.97379059e-02, 6.72457581e+02, 3.31559418e+02,
       6.05607033e-01, 7.11626648e+02, 4.29605499e+02, 7.57987738e-01,
       0., 0., 0., 0., 0., 0., 0., 0., 0., 0., 0., 0., 0., 0., 0., 0.,
       0., 0., 0., 0., 0., 0., 0., 0., 0., 0., 0., 0., 0., 0., 0., 0.,
       0., 0., 0., 0., 0., 0., 0., 0., 0., 0., 0., 0., 0., 0., 0., 0.,
       0., 0., 0. ]
