%YAML:1.0
---
pose_0: !!opencv-matrix
   rows: 1
   cols: 25
   dt: "3f"
   data: [ 9.46701233e+02, 3.21752319e+02, 8.05977285e-01,
       8.39028442e+02, 2.72763214e+02, 6.33015037e-01, 8.54673035e+02,
       1.94394196e+02, 6.20105147e-01, 7.42976501e+02, 1.12136749e+02,
       7.31197834e-01, 6.02000732e+02, 1.63072678e+02, 6.86251044e-01,
       8.25291565e+02, 3.51196289e+02, 6.09355092e-01, 7.27386292e+02,
       4.17780365e+02, 7.42180228e-01, 6.84216187e+02, 4.94257721e+02,
       8.05337310e-01, 5.74528076e+02, 2.74781708e+02, 1.28126904e-01,
       5.78444946e+02, 2.27779358e+02, 1.71599701e-01, 3.33569244e+02,
       2.94386810e+02, 2.15655029e-01, 1.61139084e+02, 3.23771545e+02,
       1.53431877e-01, 5.88257263e+02, 3.37495667e+02, 7.92347789e-02,
       4.86375031e+02, 3.84461914e+02, 6.56693280e-02, 1.12172569e+02,
       3.25723846e+02, 2.29507476e-01, 9.64349731e+02, 2.90383850e+02,
       8.47170591e-01, 9.64401184e+02, 3.35404541e+02, 7.75666535e-01,
       9.52666443e+02, 2.51257751e+02, 4.75865781e-01, 0., 0., 0.,
       7.69148941e+01, 2.92434631e+02, 8.32213685e-02, 7.30258408e+01,
       3.10056671e+02, 9.13808793e-02, 9.06167374e+01, 3.35487152e+02,
       1.32029444e-01, 1.18040237e+02, 3.96218842e+02, 2.10291773e-01,
       0., 0., 0., 0., 0., 0. ]
