%YAML:1.0
---
pose_0: !!opencv-matrix
   rows: 1
   cols: 25
   dt: "3f"
   data: [ 8.86094177e+02, 1.04336540e+02, 8.11760008e-01,
       7.76317322e+02, 1.10193764e+02, 6.79837704e-01, 7.74286499e+02,
       2.40146923e+01, 6.65721714e-01, 6.78377319e+02, 4.39415026e+00,
       2.46066302e-01, 0., 0., 0., 7.76345154e+02, 1.92472275e+02,
       6.83253467e-01, 6.68613281e+02, 2.47320160e+02, 6.94150746e-01,
       5.54955505e+02, 2.72855194e+02, 8.38196099e-01, 5.15737854e+02,
       1.31788818e+02, 2.94618666e-01, 5.09847534e+02, 9.06266022e+01,
       3.26306313e-01, 3.72742218e+02, 8.67212830e+01, 7.42007196e-02,
       0., 0., 0., 5.21632263e+02, 1.78801697e+02, 3.68568867e-01,
       3.74702850e+02, 1.80722763e+02, 2.36906052e-01, 3.37476990e+02,
       1.65028824e+02, 1.22301750e-01, 8.99680237e+02, 8.47103577e+01,
       8.82022917e-01, 8.99722412e+02, 1.20059135e+02, 7.91637361e-01,
       8.76257568e+02, 5.73569908e+01, 6.23252869e-01, 8.86019775e+02,
       1.45439499e+02, 1.17114909e-01, 0., 0., 0., 0., 0., 0., 0., 0.,
       0., 0., 0., 0., 0., 0., 0., 0., 0., 0. ]
