%YAML:1.0
---
pose_0: !!opencv-matrix
   rows: 1
   cols: 25
   dt: "3f"
   data: [ 9.31096191e+02, 3.49236542e+02, 7.79238045e-01,
       8.44894836e+02, 2.74771362e+02, 4.57098693e-01, 8.54652710e+02,
       2.63018188e+02, 6.97142422e-01, 7.42954529e+02, 3.08090637e+02,
       6.69935644e-01, 8.27283691e+02, 4.37411316e+02, 6.65706336e-01,
       8.37061462e+02, 3.04108917e+02, 2.31649086e-01, 7.21425171e+02,
       3.80587036e+02, 7.07047760e-01, 8.33148743e+02, 4.37353516e+02,
       4.61803794e-01, 5.72562744e+02, 2.90450104e+02, 1.82349876e-01,
       5.70606873e+02, 2.84561890e+02, 1.44305632e-01, 3.59030670e+02,
       3.19807037e+02, 9.83079299e-02, 0., 0., 0., 5.70575073e+02,
       2.86535309e+02, 1.01729810e-01, 0., 0., 0., 0., 0., 0.,
       9.48732300e+02, 3.29617889e+02, 7.80197144e-01, 0., 0., 0.,
       9.34973328e+02, 2.76764130e+02, 8.58601332e-01, 0., 0., 0., 0.,
       0., 0., 0., 0., 0., 0., 0., 0., 0., 0., 0., 0., 0., 0., 0., 0.,
       0. ]
