%YAML:1.0
---
pose_0: !!opencv-matrix
   rows: 1
   cols: 25
   dt: "3f"
   data: [ 8.88037354e+02, 4.23665161e+02, 8.06126654e-01,
       7.84129395e+02, 4.43236755e+02, 6.62723720e-01, 7.74389099e+02,
       3.70761200e+02, 7.44280219e-01, 6.93987427e+02, 3.19823151e+02,
       7.74627686e-01, 6.64560364e+02, 2.59155273e+02, 8.57337654e-01,
       7.88029846e+02, 5.11884674e+02, 5.99560916e-01, 6.68605042e+02,
       5.82312378e+02, 7.47733951e-01, 7.39053894e+02, 5.70601501e+02,
       7.93509483e-01, 5.54959961e+02, 4.60880768e+02, 3.25213075e-01,
       5.58868958e+02, 4.15889252e+02, 4.06699508e-01, 3.55109192e+02,
       4.00158325e+02, 3.35196763e-01, 0., 0., 0., 5.51002319e+02,
       5.05953186e+02, 3.18853199e-01, 3.78624420e+02, 5.27548401e+02,
       5.36118507e-01, 0., 0., 0., 8.97742371e+02, 4.09909149e+02,
       8.18209827e-01, 9.01752869e+02, 4.37369598e+02, 7.89404511e-01,
       8.70344116e+02, 3.98181488e+02, 3.52385759e-01, 8.76245667e+02,
       4.62955994e+02, 5.56267321e-01, 0., 0., 0., 0., 0., 0., 0., 0.,
       0., 0., 0., 0., 0., 0., 0., 0., 0., 0. ]
