%YAML:1.0
---
pose_0: !!opencv-matrix
   rows: 1
   cols: 25
   dt: "3f"
   data: [ 8.83982483e+02, 3.82458130e+02, 8.75085235e-01,
       7.74418701e+02, 3.94263794e+02, 6.86966300e-01, 7.74341431e+02,
       3.29615356e+02, 6.27519131e-01, 7.86128357e+02, 2.25762146e+02,
       4.60718811e-01, 8.76201782e+02, 1.02348145e+02, 1.40705422e-01,
       7.72414185e+02, 4.62883423e+02, 5.93731821e-01, 6.92042053e+02,
       5.15744446e+02, 7.15087712e-01, 5.86322754e+02, 5.54902832e+02,
       8.30602288e-01, 5.35361084e+02, 3.94286407e+02, 2.36479774e-01,
       5.39264954e+02, 3.49206116e+02, 3.44205111e-01, 3.53101654e+02,
       2.90509979e+02, 3.77171576e-01, 0., 0., 0., 5.39235107e+02,
       4.45183350e+02, 2.80620813e-01, 3.84492310e+02, 4.92248871e+02,
       1.38786942e-01, 0., 0., 0., 8.85993164e+02, 3.62958405e+02,
       8.59729648e-01, 8.97776062e+02, 3.92328949e+02, 8.21241558e-01,
       8.64445374e+02, 3.45302155e+02, 5.29732287e-01, 8.87998413e+02,
       4.13770844e+02, 1.98475197e-01, 0., 0., 0., 0., 0., 0., 0., 0.,
       0., 0., 0., 0., 0., 0., 0., 0., 0., 0. ]
