%YAML:1.0
---
pose_0: !!opencv-matrix
   rows: 1
   cols: 25
   dt: "3f"
   data: [ 9.01695374e+02, 2.37583313e+02, 8.26872766e-01,
       7.97873535e+02, 2.51277390e+02, 6.46975219e-01, 7.88055298e+02,
       1.65137238e+02, 7.22066581e-01, 6.52949097e+02, 1.35762131e+02,
       7.19262540e-01, 5.68657654e+02, 1.63154068e+02, 8.42267990e-01,
       8.05677673e+02, 3.35430145e+02, 6.74672544e-01, 6.82278870e+02,
       3.80497772e+02, 7.32436359e-01, 5.70526611e+02, 4.27619446e+02,
       8.33670735e-01, 5.43185303e+02, 2.78687866e+02, 2.78040975e-01,
       5.39300049e+02, 2.39469940e+02, 3.76068980e-01, 3.68796265e+02,
       2.55198334e+02, 1.41093567e-01, 0., 0., 0., 5.47092102e+02,
       3.21791412e+02, 2.72207350e-01, 3.37447052e+02, 3.43350189e+02,
       3.84739906e-01, 1.43529907e+02, 3.84457123e+02, 1.80334181e-01,
       9.03687988e+02, 2.14047623e+02, 8.14492524e-01, 9.17362976e+02,
       2.51251205e+02, 8.16473126e-01, 8.84004822e+02, 1.94516953e+02,
       7.06142247e-01, 9.03709534e+02, 2.72706909e+02, 4.24427927e-01,
       1.02411804e+02, 3.76638672e+02, 1.10643595e-01, 1.06326424e+02,
       3.88389435e+02, 1.26706898e-01, 1.20021355e+02, 3.88401886e+02,
       1.26123711e-01, 0., 0., 0., 0., 0., 0., 0., 0., 0. ]
