%YAML:1.0
---
pose_0: !!opencv-matrix
   rows: 1
   cols: 25
   dt: "3f"
   data: [ 9.15409912e+02, 2.80663330e+02, 7.29737401e-01,
       8.17477966e+02, 2.61120575e+02, 6.16358578e-01, 8.23355835e+02,
       1.80744705e+02, 6.67976081e-01, 6.95965149e+02, 1.16112999e+02,
       8.56595993e-01, 6.96044800e+02, 2.10201187e+02, 8.37998569e-01,
       8.05757935e+02, 3.55097778e+02, 5.11797249e-01, 6.62712341e+02,
       3.98135132e+02, 7.50719309e-01, 7.09692749e+02, 3.53234100e+02,
       7.70173252e-01, 5.37294983e+02, 2.92397797e+02, 8.49099830e-02,
       5.74532227e+02, 2.29725098e+02, 1.05767950e-01, 5.07933960e+02,
       1.94474014e+02, 4.28046525e-01, 3.23785522e+02, 2.41523758e+02,
       8.15820396e-02, 5.13788635e+02, 3.23775665e+02, 1.09457679e-01,
       4.94254700e+02, 2.12114288e+02, 3.22854370e-01, 3.21831390e+02,
       2.43454849e+02, 8.56516212e-02, 9.32998352e+02, 2.57055054e+02,
       8.32941711e-01, 9.33071167e+02, 3.00237030e+02, 7.44015992e-01,
       9.15339783e+02, 2.25824707e+02, 5.90682030e-01, 9.19338806e+02,
       3.21720215e+02, 9.06599388e-02, 0., 0., 0., 0., 0., 0., 0., 0.,
       0., 0., 0., 0., 0., 0., 0., 0., 0., 0. ]
