%YAML:1.0
---
pose_0: !!opencv-matrix
   rows: 1
   cols: 25
   dt: "3f"
   data: [ 9.50691223e+02, 2.72750336e+02, 7.46212602e-01,
       8.40980957e+02, 2.80644348e+02, 6.59526169e-01, 8.29190796e+02,
       2.10060013e+02, 6.53393149e-01, 7.13574646e+02, 1.88574799e+02,
       6.56552553e-01, 6.43058594e+02, 1.88603607e+02, 7.67860711e-01,
       8.60558777e+02, 3.51175323e+02, 4.99443948e-01, 8.52661743e+02,
       4.00151093e+02, 2.86838621e-01, 0., 0., 0., 5.39266541e+02,
       3.15917603e+02, 8.33214372e-02, 5.43181274e+02, 2.70856476e+02,
       1.11726910e-01, 4.02134644e+02, 2.90485626e+02, 1.30380839e-01,
       1.49372498e+02, 3.64910583e+02, 1.39555007e-01, 5.19664612e+02,
       3.82527466e+02, 8.18852261e-02, 3.33568146e+02, 3.70748505e+02,
       1.72461733e-01, 1.43516296e+02, 3.64864624e+02, 8.77761766e-02,
       9.62429688e+02, 2.43535156e+02, 8.90988767e-01, 9.76157043e+02,
       2.88463013e+02, 8.41924429e-01, 9.35054138e+02, 2.23862411e+02,
       6.07001305e-01, 9.66347290e+02, 3.17881165e+02, 9.65874344e-02,
       8.67355347e+01, 3.82501160e+02, 6.03509620e-02, 0., 0., 0.,
       1.47410477e+02, 3.68798706e+02, 6.97558299e-02, 9.06066360e+01,
       3.84517914e+02, 8.66905376e-02, 9.25809479e+01, 3.82557587e+02,
       7.90405497e-02, 0., 0., 0. ]
