%YAML:1.0
---
pose_0: !!opencv-matrix
   rows: 1
   cols: 25
   dt: "3f"
   data: [ 8.89950073e+02, 3.35507202e+02, 7.18117595e-01,
       8.17429871e+02, 2.86515350e+02, 5.85912287e-01, 8.23367065e+02,
       2.12046890e+02, 6.22611642e-01, 6.96048706e+02, 1.65096451e+02,
       8.26092958e-01, 7.72387390e+02, 2.61123138e+02, 7.68364191e-01,
       8.05672302e+02, 3.59004456e+02, 2.73774475e-01, 6.66543701e+02,
       4.13854828e+02, 2.30961189e-01, 6.96023743e+02, 3.86430206e+02,
       2.13362485e-01, 5.52975830e+02, 2.88509125e+02, 1.52002156e-01,
       5.43187378e+02, 2.55197021e+02, 2.50444293e-01, 3.62919464e+02,
       2.65018463e+02, 4.64262962e-01, 1.94449188e+02, 2.74834869e+02,
       3.35819513e-01, 5.41224365e+02, 3.45304108e+02, 1.08924650e-01,
       3.55099030e+02, 3.45331604e+02, 1.42141536e-01, 3.43352600e+02,
       3.47257263e+02, 1.41751140e-01, 9.11511414e+02, 3.13942139e+02,
       7.06844687e-01, 9.09510986e+02, 3.49242889e+02, 7.12089062e-01,
       9.11507690e+02, 2.74810150e+02, 6.41651750e-01, 0., 0., 0., 0.,
       0., 0., 0., 0., 0., 3.31579102e+02, 3.49201263e+02,
       1.23413727e-01, 1.31748886e+02, 2.29780884e+02, 1.48582727e-01,
       1.33684937e+02, 2.35609375e+02, 1.05309151e-01, 0., 0., 0. ]
