%YAML:1.0
---
pose_0: !!opencv-matrix
   rows: 1
   cols: 25
   dt: "3f"
   data: [ 1.04470422e+03, 1.98439987e+02, 7.06097722e-01,
       9.29091553e+02, 2.04242523e+02, 2.10281968e-01, 9.07589966e+02,
       1.08259842e+02, 3.30171049e-01, 8.87995544e+02, 5.53308525e+01,
       8.98199677e-02, 8.89922607e+02, 1.49415192e+02, 4.90513891e-01,
       9.03669617e+02, 2.88489838e+02, 1.41590118e-01, 0., 0., 0., 0.,
       0., 0., 0., 0., 0., 0., 0., 0., 0., 0., 0., 0., 0., 0., 0., 0.,
       0., 0., 0., 0., 0., 0., 0., 1.06623877e+03, 1.78866302e+02,
       8.55926514e-01, 1.06628821e+03, 2.27681992e+02, 7.28747845e-01,
       1.04076343e+03, 1.43518967e+02, 4.20721918e-01, 1.03881689e+03,
       2.61105499e+02, 7.97929913e-02, 0., 0., 0., 0., 0., 0., 0., 0.,
       0., 0., 0., 0., 0., 0., 0., 0., 0., 0. ]
