%YAML:1.0
---
pose_0: !!opencv-matrix
   rows: 1
   cols: 25
   dt: "3f"
   data: [ 9.85952576e+02, 2.25800278e+02, 8.25430393e-01,
       8.54657959e+02, 2.63041687e+02, 5.66012859e-01, 8.33116516e+02,
       1.74882187e+02, 5.60001612e-01, 6.76417419e+02, 1.25862335e+02,
       6.90660954e-01, 7.40992004e+02, 1.65038956e+02, 7.93562531e-01,
       8.68327454e+02, 3.51151154e+02, 5.83317041e-01, 7.31320129e+02,
       4.53040710e+02, 6.39857590e-01, 8.07598206e+02, 3.27675171e+02,
       5.83342373e-01, 6.37214355e+02, 2.84573425e+02, 7.10786879e-02,
       6.05868713e+02, 2.43449600e+02, 6.18621856e-02, 0., 0., 0., 0.,
       0., 0., 6.64632813e+02, 3.35509827e+02, 7.33043700e-02, 0., 0.,
       0., 0., 0., 0., 9.87920227e+02, 1.98391586e+02, 8.30094039e-01,
       1.00165417e+03, 2.41421875e+02, 8.35026741e-01, 9.48755737e+02,
       1.84639099e+02, 6.97624981e-01, 9.91781372e+02, 2.70836731e+02,
       3.67200643e-01, 0., 0., 0., 0., 0., 0., 0., 0., 0., 0., 0., 0.,
       0., 0., 0., 0., 0., 0. ]
