%YAML:1.0
---
pose_0: !!opencv-matrix
   rows: 1
   cols: 25
   dt: "3f"
   data: [ 9.64406433e+02, 2.43412201e+02, 6.81784570e-01,
       8.35112061e+02, 2.31688705e+02, 5.65838397e-01, 8.23383118e+02,
       1.45462982e+02, 5.97839415e-01, 7.09685547e+02, 5.54510078e+01,
       8.13740909e-01, 6.68598511e+02, 1.65146896e+02, 7.94175386e-01,
       8.37015930e+02, 3.31595245e+02, 6.28530264e-01, 6.95957031e+02,
       3.68737976e+02, 6.75216436e-01, 5.70516907e+02, 4.02168884e+02,
       7.72587121e-01, 5.76480774e+02, 2.45379883e+02, 1.98326796e-01,
       5.70582764e+02, 1.96455872e+02, 2.56203562e-01, 3.57071625e+02,
       2.12119995e+02, 3.03074777e-01, 1.94463837e+02, 2.33617645e+02,
       1.86668217e-01, 5.82353149e+02, 2.96329315e+02, 2.01077700e-01,
       3.21801788e+02, 3.35449371e+02, 2.00562507e-01, 2.61075958e+02,
       3.51175507e+02, 5.29326275e-02, 9.80140503e+02, 2.15997070e+02,
       8.11015725e-01, 9.78117493e+02, 2.59127594e+02, 7.70760953e-01,
       9.50721863e+02, 1.80816238e+02, 6.08195841e-01, 9.60426819e+02,
       2.80624054e+02, 6.59714863e-02, 0., 0., 0., 0., 0., 0., 0., 0.,
       0., 1.47426926e+02, 2.37551834e+02, 5.49709275e-02, 0., 0., 0.,
       1.82697693e+02, 2.41425064e+02, 8.73688012e-02 ]
