%YAML:1.0
---
pose_0: !!opencv-matrix
   rows: 1
   cols: 25
   dt: "3f"
   data: [ 1.01148199e+03, 2.12121674e+02, 8.00390124e-01,
       8.91933838e+02, 2.27763321e+02, 3.62900406e-01, 8.86013123e+02,
       1.02397949e+02, 2.35162213e-01, 7.76341919e+02, 4.75175438e+01,
       6.15406334e-01, 8.56651123e+02, 1.31788315e+02, 7.04630554e-01,
       8.84103577e+02, 3.04168823e+02, 4.09088194e-01, 7.50843018e+02,
       3.47219818e+02, 4.24949825e-01, 6.76379028e+02, 3.80518555e+02,
       3.69721591e-01, 0., 0., 0., 0., 0., 0., 0., 0., 0., 0., 0., 0.,
       0., 0., 0., 0., 0., 0., 0., 0., 0., 1.02705322e+03,
       1.88561005e+02, 7.98165023e-01, 1.03883862e+03, 2.31702438e+02,
       5.79143584e-01, 9.95705383e+02, 1.55303757e+02, 2.78046250e-01,
       1.06431689e+03, 2.66944153e+02, 1.39103040e-01, 0., 0., 0., 0.,
       0., 0., 0., 0., 0., 0., 0., 0., 0., 0., 0., 0., 0., 0. ]
