%YAML:1.0
---
pose_0: !!opencv-matrix
   rows: 1
   cols: 25
   dt: "3f"
   data: [ 8.37102051e+02, 2.92368591e+02, 8.62241030e-01,
       7.58672058e+02, 2.92393127e+02, 7.42762208e-01, 7.60573792e+02,
       2.27768951e+02, 7.17185676e-01, 7.44972473e+02, 1.61112778e+02,
       7.99984574e-01, 8.36996887e+02, 2.39517303e+02, 7.73596704e-01,
       7.56705811e+02, 3.55142487e+02, 6.18526101e-01, 7.35140869e+02,
       4.51141479e+02, 7.72300720e-01, 8.21356934e+02, 3.70850769e+02,
       8.17990720e-01, 5.25528076e+02, 2.86518463e+02, 3.45721871e-01,
       5.31424561e+02, 2.45370605e+02, 3.89020354e-01, 3.84507019e+02,
       2.31684433e+02, 1.97458491e-01, 3.13977142e+02, 2.12153107e+02,
       8.20826814e-02, 5.21629700e+02, 3.23801208e+02, 3.69345456e-01,
       3.43344208e+02, 3.35505676e+02, 3.57082456e-01, 1.70959991e+02,
       3.39469330e+02, 3.79146039e-01, 8.48769897e+02, 2.74700775e+02,
       8.29625368e-01, 8.52767395e+02, 3.04188110e+02, 8.54585648e-01,
       8.33120056e+02, 2.53254791e+02, 5.61299980e-01, 8.44867310e+02,
       3.19847565e+02, 2.92026699e-01, 1.16035637e+02, 3.60966522e+02,
       3.10756058e-01, 1.25889328e+02, 3.64929474e+02, 3.67111266e-01,
       1.53315811e+02, 3.35478210e+02, 1.53429195e-01, 0., 0., 0., 0.,
       0., 0., 0., 0., 0. ]
