%YAML:1.0
---
pose_0: !!opencv-matrix
   rows: 1
   cols: 25
   dt: "3f"
   data: [ 8.87967712e+02, 4.49152130e+02, 8.06002676e-01,
       7.91916992e+02, 4.56991882e+02, 6.98767543e-01, 7.86063232e+02,
       3.84455078e+02, 7.15003431e-01, 6.76416138e+02, 3.51213409e+02,
       8.15586627e-01, 6.47023132e+02, 2.96336670e+02, 8.25547993e-01,
       7.88060425e+02, 5.35345215e+02, 5.66056788e-01, 6.80382935e+02,
       5.80385620e+02, 5.74403822e-01, 7.01837952e+02, 6.33327209e+02,
       5.41502833e-01, 5.72554688e+02, 4.60895599e+02, 1.92656472e-01,
       5.80382385e+02, 4.29526306e+02, 2.22258911e-01, 4.17798615e+02,
       4.19743439e+02, 5.71444705e-02, 3.37514069e+02, 3.86420563e+02,
       2.53068268e-01, 5.70612061e+02, 5.13789551e+02, 1.30897284e-01,
       0., 0., 0., 0., 0., 0., 8.99721863e+02, 4.37349762e+02,
       8.52827013e-01, 9.01727844e+02, 4.64887726e+02, 7.77882040e-01,
       8.72355591e+02, 4.15942078e+02, 6.35352790e-01, 8.84014099e+02,
       4.92179779e+02, 5.59321523e-01, 0., 0., 0., 0., 0., 0., 0., 0.,
       0., 0., 0., 0., 0., 0., 0., 3.35522675e+02, 3.84503723e+02,
       1.48872942e-01 ]
