%YAML:1.0
---
pose_0: !!opencv-matrix
   rows: 1
   cols: 25
   dt: "3f"
   data: [ 1.13487842e+03, 1.78848114e+02, 7.00253606e-01,
       9.50655579e+02, 1.72920197e+02, 3.95526171e-01, 9.31062134e+02,
       7.10211639e+01, 3.61566275e-01, 8.07648743e+02, 5.34910965e+00,
       1.44637212e-01, 7.31247742e+02, 2.20680943e+01, 2.90134609e-01,
       9.58522278e+02, 2.92401764e+02, 3.66762668e-01, 8.05680969e+02,
       3.70817810e+02, 2.73117989e-01, 6.17637390e+02, 4.17851288e+02,
       6.89823210e-01, 0., 0., 0., 0., 0., 0., 0., 0., 0., 0., 0., 0.,
       0., 0., 0., 0., 0., 0., 0., 0., 0., 1.13490417e+03,
       1.45418076e+02, 7.97627330e-01, 1.15051111e+03, 1.94421463e+02,
       5.33068061e-01, 1.07408887e+03, 9.25870209e+01, 2.23026216e-01,
       1.10348926e+03, 2.25872131e+02, 6.84186518e-02, 0., 0., 0., 0.,
       0., 0., 0., 0., 0., 0., 0., 0., 0., 0., 0., 0., 0., 0. ]
