%YAML:1.0
---
pose_0: !!opencv-matrix
   rows: 1
   cols: 25
   dt: "3f"
   data: [ 1.13484094e+03, 1.86588135e+02, 7.66799331e-01,
       9.48758850e+02, 1.80735764e+02, 2.33467817e-01, 9.40898132e+02,
       8.27855911e+01, 3.14145088e-01, 0., 0., 0., 0., 0., 0.,
       9.48727051e+02, 3.04163788e+02, 3.52460206e-01, 7.78311951e+02,
       4.00205780e+02, 4.08416003e-01, 6.39176819e+02, 4.25581665e+02,
       3.30957621e-01, 0., 0., 0., 0., 0., 0., 0., 0., 0., 0., 0., 0.,
       0., 0., 0., 0., 0., 0., 0., 0., 0., 1.14850378e+03,
       1.59169739e+02, 8.06031644e-01, 1.15249487e+03, 2.10145660e+02,
       6.60286188e-01, 1.10355481e+03, 1.21963676e+02, 5.41979074e-01,
       0., 0., 0., 0., 0., 0., 0., 0., 0., 0., 0., 0., 0., 0., 0., 0.,
       0., 0., 0., 0., 0. ]
