%YAML:1.0
---
pose_0: !!opencv-matrix
   rows: 1
   cols: 25
   dt: "3f"
   data: [ 8.72347961e+02, 2.10104462e+02, 7.67449141e-01,
       8.13563293e+02, 2.86494751e+02, 4.67741191e-01, 8.37009705e+02,
       3.00210205e+02, 2.70811915e-01, 0., 0., 0., 0., 0., 0.,
       8.19419617e+02, 2.90468384e+02, 3.31924081e-01, 6.95976746e+02,
       2.43402481e+02, 7.65947104e-01, 5.70618591e+02, 1.76839920e+02,
       7.82159686e-01, 5.74532166e+02, 3.15938599e+02, 3.36359859e-01,
       5.58855042e+02, 2.76745392e+02, 3.26883465e-01, 3.13982513e+02,
       2.39489288e+02, 4.05725062e-01, 1.53300919e+02, 3.60994476e+02,
       9.25911516e-02, 5.96073792e+02, 3.53115143e+02, 3.22359532e-01,
       3.35489563e+02, 2.86554169e+02, 3.74713123e-01, 8.47449646e+01,
       3.68797119e+02, 3.86737376e-01, 8.86075562e+02, 1.98383301e+02,
       7.34609425e-01, 9.01695190e+02, 2.25765549e+02, 8.59966397e-01,
       0., 0., 0., 9.01662109e+02, 2.76750763e+02, 8.42368126e-01,
       3.97313271e+01, 4.09977112e+02, 2.06453890e-01, 4.16721153e+01,
       4.09939697e+02, 2.17290625e-01, 6.12520866e+01, 3.80565857e+02,
       2.23071918e-01, 0., 0., 0., 0., 0., 0., 0., 0., 0. ]
