%YAML:1.0
---
pose_0: !!opencv-matrix
   rows: 1
   cols: 25
   dt: "3f"
   data: [ 9.05631958e+02, 3.39452454e+02, 7.28159308e-01,
       8.11593994e+02, 2.88427917e+02, 6.22437656e-01, 8.29187683e+02,
       2.37563965e+02, 6.24415815e-01, 7.25342896e+02, 1.65104767e+02,
       7.39758968e-01, 6.05896667e+02, 2.27826233e+02, 6.66432261e-01,
       7.90018250e+02, 3.29607880e+02, 4.73907828e-01, 7.17532776e+02,
       3.64841675e+02, 2.34131813e-01, 6.88132568e+02, 3.86453125e+02,
       3.27623457e-01, 6.13694763e+02, 2.94359467e+02, 2.99091011e-01,
       6.11758057e+02, 2.63007813e+02, 3.10014695e-01, 3.19830505e+02,
       3.51167542e+02, 3.25016916e-01, 1.53300278e+02, 3.08101593e+02,
       3.06489080e-01, 6.15655640e+02, 3.31602051e+02, 2.15619504e-01,
       4.96158173e+02, 3.43377289e+02, 6.36385307e-02, 0., 0., 0.,
       9.31054321e+02, 3.15927643e+02, 7.86963046e-01, 9.23230469e+02,
       3.51142334e+02, 7.80240297e-01, 9.05659668e+02, 2.74792694e+02,
       8.48755836e-01, 0., 0., 0., 0., 0., 0., 0., 0., 0., 0., 0., 0.,
       1.16120140e+02, 3.98171234e+02, 2.96178073e-01, 1.16090424e+02,
       3.92330078e+02, 2.28803933e-01, 1.31748001e+02, 3.04173981e+02,
       2.38149479e-01 ]
