%YAML:1.0
---
pose_0: !!opencv-matrix
   rows: 1
   cols: 25
   dt: "3f"
   data: [ 8.99666748e+02, 4.76596863e+02, 8.61671925e-01,
       8.23290222e+02, 4.92172638e+02, 4.85503763e-01, 8.64461304e+02,
       4.43251251e+02, 2.81178772e-01, 8.52688171e+02, 3.62936096e+02,
       7.59940326e-01, 7.99795837e+02, 3.82485291e+02, 1.43465921e-01,
       8.23363586e+02, 5.51015564e+02, 5.99204898e-01, 9.21327942e+02,
       5.98020020e+02, 7.66112328e-01, 9.31046326e+02, 5.17679016e+02,
       6.43718243e-01, 6.19597656e+02, 4.70696655e+02, 1.34902298e-01,
       6.13719910e+02, 4.43273773e+02, 1.50842294e-01, 5.54905029e+02,
       4.00201538e+02, 1.96293727e-01, 4.06031219e+02, 4.21725586e+02,
       8.93176571e-02, 6.15665710e+02, 5.31437195e+02, 9.94503722e-02,
       0., 0., 0., 0., 0., 0., 9.01647766e+02, 4.60968323e+02,
       9.00571704e-01, 9.11496460e+02, 4.90264740e+02, 7.94867158e-01,
       8.88008972e+02, 4.49195984e+02, 3.24401230e-01, 9.05657898e+02,
       5.11881134e+02, 3.98676217e-01, 0., 0., 0., 0., 0., 0., 0., 0.,
       0., 0., 0., 0., 0., 0., 0., 0., 0., 0. ]
