%YAML:1.0
---
pose_0: !!opencv-matrix
   rows: 1
   cols: 25
   dt: "3f"
   data: [ 9.72246094e+02, 1.47462219e+02, 7.10367084e-01,
       8.40943420e+02, 1.96423874e+02, 6.29231095e-01, 8.72293884e+02,
       2.55140198e+02, 5.68375945e-01, 7.27385864e+02, 3.70785461e+02,
       7.18526304e-01, 5.56959229e+02, 4.27588562e+02, 6.26146853e-01,
       8.05730469e+02, 1.37626526e+02, 4.35774475e-01, 0., 0., 0., 0.,
       0., 0., 5.13784790e+02, 2.25779358e+02, 9.95269567e-02,
       5.05971283e+02, 1.94477478e+02, 1.45156264e-01, 0., 0., 0., 0.,
       0., 0., 5.33388000e+02, 2.74766815e+02, 5.56685291e-02,
       3.33536560e+02, 3.12021698e+02, 8.09272453e-02, 2.23816330e+02,
       4.25627869e+02, 6.06839582e-02, 9.84026367e+02, 1.33701370e+02,
       5.13147056e-01, 9.82030151e+02, 1.67006500e+02, 7.17852592e-01,
       0., 0., 0., 9.52623474e+02, 2.10065598e+02, 6.66857660e-01, 0.,
       0., 0., 0., 0., 0., 0., 0., 0., 0., 0., 0., 0., 0., 0., 0., 0.,
       0. ]
