%YAML:1.0
---
pose_0: !!opencv-matrix
   rows: 1
   cols: 25
   dt: "3f"
   data: [ 8.91902954e+02, 2.61121094e+02, 7.35381305e-01,
       7.90053650e+02, 2.61048950e+02, 6.82025671e-01, 7.89982727e+02,
       1.80810242e+02, 7.02411354e-01, 6.70521790e+02, 1.49457260e+02,
       7.46764123e-01, 5.70520630e+02, 1.33818390e+02, 8.33031356e-01,
       7.89995239e+02, 3.43373962e+02, 5.95064878e-01, 6.86218262e+02,
       3.96235992e+02, 6.86176419e-01, 5.84323669e+02, 4.78466888e+02,
       7.27776408e-01, 5.49041931e+02, 2.72813171e+02, 2.85593092e-01,
       5.72555420e+02, 2.14082672e+02, 2.72961795e-01, 3.74709412e+02,
       2.12103729e+02, 3.24188530e-01, 1.92483536e+02, 2.29727615e+02,
       4.76009905e-01, 5.37294739e+02, 3.15928650e+02, 3.20375085e-01,
       3.55101166e+02, 3.06134552e+02, 3.72773200e-01, 1.63110870e+02,
       3.19886139e+02, 2.69127369e-01, 8.99806274e+02, 2.45410385e+02,
       8.72884631e-01, 9.01779968e+02, 2.78685669e+02, 7.69015372e-01,
       8.80131348e+02, 2.25725357e+02, 4.07260299e-01, 8.89938965e+02,
       3.04149414e+02, 3.50246131e-01, 1.00342598e+02, 3.45311768e+02,
       1.56867474e-01, 0., 0., 0., 1.55254150e+02, 3.19801270e+02,
       9.96567681e-02, 1.61145340e+02, 1.90526932e+02, 2.67197192e-01,
       1.61153122e+02, 1.92441315e+02, 2.33731464e-01, 1.76790710e+02,
       2.41498199e+02, 3.23641926e-01 ]
