%YAML:1.0
---
pose_0: !!opencv-matrix
   rows: 1
   cols: 25
   dt: "3f"
   data: [ 8.99717712e+02, 2.14077423e+02, 8.47869337e-01,
       7.92081421e+02, 2.25834808e+02, 7.02708721e-01, 7.97848938e+02,
       1.49379028e+02, 6.83647573e-01, 7.23390503e+02, 8.27707062e+01,
       7.77779222e-01, 7.05794067e+02, 1.72906174e+02, 6.36882424e-01,
       7.78319519e+02, 3.06082916e+02, 6.38952792e-01, 6.80334473e+02,
       3.27649353e+02, 5.94291329e-01, 5.58844055e+02, 3.47273834e+02,
       6.94083393e-01, 5.84337219e+02, 2.43425461e+02, 2.20183209e-01,
       5.74528381e+02, 2.04260880e+02, 2.24392787e-01, 3.80578125e+02,
       2.90434448e+02, 1.11357115e-01, 0., 0., 0., 5.94117065e+02,
       2.88480957e+02, 1.90735877e-01, 4.13869965e+02, 2.90473602e+02,
       8.84670541e-02, 0., 0., 0., 9.01793762e+02, 1.98366135e+02,
       8.66332710e-01, 9.13446533e+02, 2.27733917e+02, 8.14221621e-01,
       8.78169189e+02, 1.80698380e+02, 5.86730242e-01, 8.99737854e+02,
       2.49326462e+02, 4.18555379e-01, 0., 0., 0., 0., 0., 0., 0., 0.,
       0., 0., 0., 0., 0., 0., 0., 0., 0., 0. ]
