%YAML:1.0
---
pose_0: !!opencv-matrix
   rows: 1
   cols: 25
   dt: "3f"
   data: [ 9.46783142e+02, 3.02177094e+02, 8.11441302e-01,
       8.52699219e+02, 3.23763428e+02, 7.18390882e-01, 8.23350220e+02,
       2.57121674e+02, 6.73179984e-01, 7.19500793e+02, 2.00321182e+02,
       4.93317395e-01, 6.80341492e+02, 1.65021591e+02, 6.95071995e-01,
       8.82045593e+02, 4.00223206e+02, 6.31414533e-01, 7.99822083e+02,
       4.84436554e+02, 6.63213253e-01, 6.92058533e+02, 6.29356201e+02,
       3.42717648e-01, 5.33400818e+02, 4.06037262e+02, 2.04530478e-01,
       5.31422729e+02, 3.51201569e+02, 2.65833586e-01, 3.62937775e+02,
       3.55089905e+02, 2.47300833e-01, 0., 0., 0., 5.39248047e+02,
       4.58901184e+02, 3.23795915e-01, 3.82511627e+02, 5.54928345e+02,
       3.99787575e-01, 2.41491653e+02, 6.62661926e+02, 3.38190377e-01,
       9.60445068e+02, 2.72863342e+02, 8.32893848e-01, 9.66342163e+02,
       3.17893707e+02, 8.22977066e-01, 9.40912415e+02, 2.41544754e+02,
       7.00650454e-01, 9.62402954e+02, 3.35598785e+02, 1.00175247e-01,
       1.92503326e+02, 6.48946411e+02, 1.06134877e-01, 2.00350204e+02,
       6.56820557e+02, 9.63975191e-02, 2.16007919e+02, 6.80271240e+02,
       1.76597163e-01, 0., 0., 0., 0., 0., 0., 0., 0., 0. ]
