%YAML:1.0
---
pose_0: !!opencv-matrix
   rows: 1
   cols: 25
   dt: "3f"
   data: [ 9.09543030e+02, 3.98245453e+02, 7.97407389e-01,
       7.97872803e+02, 4.09967224e+02, 6.36987448e-01, 7.89999878e+02,
       3.35539551e+02, 7.14847744e-01, 6.78360901e+02, 3.04165649e+02,
       7.39722848e-01, 6.07827026e+02, 2.92424103e+02, 8.13667715e-01,
       8.09619812e+02, 4.92278778e+02, 5.63244462e-01, 6.86184326e+02,
       5.43227295e+02, 7.78636396e-01, 7.76342529e+02, 4.94159088e+02,
       8.26602101e-01, 5.41239563e+02, 4.23651093e+02, 2.88649917e-01,
       5.47093689e+02, 3.82477448e+02, 3.76325786e-01, 3.66845062e+02,
       3.82579498e+02, 3.05999190e-01, 0., 0., 0., 5.39256775e+02,
       4.62899445e+02, 2.44935125e-01, 3.80548157e+02, 4.96155731e+02,
       1.83834165e-01, 1.53301712e+02, 5.15721619e+02, 1.13804393e-01,
       9.17314758e+02, 3.80534576e+02, 8.88564825e-01, 9.23224731e+02,
       4.13867004e+02, 8.36221695e-01, 8.93867676e+02, 3.55069641e+02,
       7.39606559e-01, 9.15406006e+02, 4.31602997e+02, 3.14736009e-01,
       0., 0., 0., 0., 0., 0., 1.31760086e+02, 5.09823669e+02,
       8.35726187e-02, 0., 0., 0., 0., 0., 0., 0., 0., 0. ]
