%YAML:1.0
---
pose_0: !!opencv-matrix
   rows: 1
   cols: 25
   dt: "3f"
   data: [ 9.60492249e+02, 3.06187622e+02, 8.25387478e-01,
       8.38988770e+02, 3.41397614e+02, 6.35545671e-01, 8.17440063e+02,
       2.84575256e+02, 5.69588363e-01, 6.97930664e+02, 2.86533051e+02,
       1.15600966e-01, 6.80315430e+02, 3.13931519e+02, 8.81659538e-02,
       8.54753296e+02, 4.02114990e+02, 6.50399029e-01, 7.58629211e+02,
       4.68707977e+02, 7.65164077e-01, 7.01904968e+02, 3.60972595e+02,
       6.62732482e-01, 5.56888550e+02, 3.49200531e+02, 9.15867835e-02,
       5.56882080e+02, 3.06118347e+02, 1.84840038e-01, 3.68803131e+02,
       3.08075287e+02, 2.09894851e-01, 0., 0., 0., 5.47100281e+02,
       3.92318909e+02, 1.00110240e-01, 3.60953400e+02, 4.13904449e+02,
       2.04420298e-01, 0., 0., 0., 9.66323853e+02, 2.94376953e+02,
       7.94451892e-01, 9.74218079e+02, 3.27657440e+02, 8.12011540e-01,
       9.44784424e+02, 2.78685608e+02, 7.73851722e-02, 9.46710754e+02,
       3.66920563e+02, 4.98352140e-01, 0., 0., 0., 0., 0., 0., 0., 0.,
       0., 0., 0., 0., 0., 0., 0., 0., 0., 0. ]
