%YAML:1.0
---
pose_0: !!opencv-matrix
   rows: 1
   cols: 25
   dt: "3f"
   data: [ 9.15476624e+02, 2.65001740e+02, 8.24886441e-01,
       8.35096313e+02, 2.25744370e+02, 5.29679656e-01, 8.35120911e+02,
       1.61169052e+02, 6.60339475e-01, 8.01755676e+02, 1.94443314e+02,
       6.52423203e-01, 8.09653564e+02, 3.33557739e+02, 7.98548579e-01,
       8.23323059e+02, 2.76714478e+02, 3.08378249e-01, 0., 0., 0., 0.,
       0., 0., 7.52803101e+02, 2.59097656e+02, 1.78496465e-01,
       7.41046204e+02, 2.27763519e+02, 1.41940519e-01, 6.74451660e+02,
       3.19782898e+02, 1.43811882e-01, 5.68658997e+02, 3.96187012e+02,
       1.72708392e-01, 7.58700562e+02, 2.94341461e+02, 1.75555930e-01,
       6.78339783e+02, 3.21723877e+02, 4.75631535e-01, 5.70542969e+02,
       3.92340790e+02, 3.77470046e-01, 9.29106689e+02, 2.43488861e+02,
       8.78357410e-01, 9.31101990e+02, 2.70889374e+02, 7.77366281e-01,
       9.01633179e+02, 2.08126328e+02, 7.67610490e-01, 0., 0., 0.,
       5.17733887e+02, 4.04108948e+02, 1.92554608e-01, 5.23631897e+02,
       4.11916718e+02, 2.20859408e-01, 5.54887756e+02, 3.98151398e+02,
       2.80654788e-01, 5.23551331e+02, 4.09971252e+02, 1.37591586e-01,
       0., 0., 0., 0., 0., 0. ]
