%YAML:1.0
---
pose_0: !!opencv-matrix
   rows: 1
   cols: 25
   dt: "3f"
   data: [ 8.86035217e+02, 4.60886749e+02, 8.41493726e-01,
       8.21431335e+02, 4.62926727e+02, 7.14060366e-01, 8.09626892e+02,
       4.11862518e+02, 5.73889792e-01, 8.48777283e+02, 3.37445496e+02,
       7.94430375e-01, 8.76208923e+02, 4.02176544e+02, 7.17896283e-01,
       8.38960571e+02, 5.25509705e+02, 6.08987510e-01, 9.44737854e+02,
       5.52991089e+02, 8.34148765e-01, 9.78050293e+02, 4.64801331e+02,
       8.68443191e-01, 6.29396667e+02, 4.64838501e+02, 2.85525769e-01,
       6.31347656e+02, 4.31512024e+02, 2.94203967e-01, 4.29532074e+02,
       4.47198853e+02, 1.64233461e-01, 2.14088120e+02, 4.62933777e+02,
       2.13188380e-01, 6.41119019e+02, 5.17713989e+02, 1.94347128e-01,
       0., 0., 0., 0., 0., 0., 8.97727661e+02, 4.47246521e+02,
       8.66360188e-01, 8.99791382e+02, 4.76552948e+02, 8.09330463e-01,
       8.84028625e+02, 4.31575470e+02, 3.24276507e-01, 8.99665344e+02,
       4.94283234e+02, 3.70314330e-01, 0., 0., 0., 0., 0., 0., 0., 0.,
       0., 1.88587860e+02, 4.47141235e+02, 1.05656914e-01,
       1.90543762e+02, 4.45229126e+02, 1.03262052e-01, 2.08161545e+02,
       4.64819489e+02, 1.96225435e-01 ]
