%YAML:1.0
---
pose_0: !!opencv-matrix
   rows: 1
   cols: 25
   dt: "3f"
   data: [ 8.84008301e+02, 3.72776978e+02, 6.64307833e-01,
       7.86089111e+02, 2.92424683e+02, 4.36408252e-01, 7.86090881e+02,
       2.74784576e+02, 6.07453585e-01, 6.66646851e+02, 2.49325821e+02,
       7.43091702e-01, 5.88325989e+02, 3.84452942e+02, 6.23749971e-01,
       7.74345276e+02, 3.27647125e+02, 2.50299811e-01, 6.80347351e+02,
       3.51127045e+02, 5.11293411e-02, 0., 0., 0., 5.84303406e+02,
       2.86516052e+02, 1.51103422e-01, 5.58866272e+02, 2.61095367e+02,
       1.55930221e-01, 4.13912781e+02, 3.17855774e+02, 1.39661372e-01,
       3.25706512e+02, 3.68791687e+02, 1.24277398e-01, 0., 0., 0., 0.,
       0., 0., 0., 0., 0., 8.99811218e+02, 3.60967865e+02,
       7.76549339e-01, 0., 0., 0., 8.87976196e+02, 3.12015472e+02,
       8.12313735e-01, 0., 0., 0., 0., 0., 0., 0., 0., 0., 0., 0., 0.,
       0., 0., 0., 0., 0., 0., 0., 0., 0. ]
