%YAML:1.0
---
pose_0: !!opencv-matrix
   rows: 1
   cols: 25
   dt: "3f"
   data: [ 1.07609106e+03, 2.63048157e+02, 7.44863927e-01,
       9.17365723e+02, 2.53212784e+02, 2.66891897e-01, 9.50707764e+02,
       1.67036636e+02, 3.81684273e-01, 7.92024414e+02, 2.00203171e+01,
       2.95088440e-01, 8.68411072e+02, 1.31754623e+02, 4.69799101e-01,
       9.11473938e+02, 3.27674469e+02, 2.19834834e-01, 8.44886963e+02,
       4.02089600e+02, 2.34460965e-01, 0., 0., 0., 0., 0., 0., 0., 0.,
       0., 0., 0., 0., 0., 0., 0., 0., 0., 0., 0., 0., 0., 0., 0., 0.,
       1.09178528e+03, 2.29766174e+02, 8.10990453e-01, 1.09954834e+03,
       2.86456055e+02, 7.09683478e-01, 1.05838623e+03, 1.94423294e+02,
       4.10569072e-01, 0., 0., 0., 0., 0., 0., 0., 0., 0., 0., 0., 0.,
       0., 0., 0., 0., 0., 0., 0., 0., 0. ]
