%YAML:1.0
---
pose_0: !!opencv-matrix
   rows: 1
   cols: 25
   dt: "3f"
   data: [ 9.09540100e+02, 3.00211304e+02, 6.86834216e-01,
       8.09636597e+02, 3.23786438e+02, 6.88133895e-01, 7.97862915e+02,
       2.59064545e+02, 7.36977637e-01, 6.94039917e+02, 2.43508362e+02,
       2.73092180e-01, 6.74428040e+02, 2.41402267e+02, 9.76193175e-02,
       8.21365967e+02, 3.96178436e+02, 6.79463804e-01, 7.09727051e+02,
       4.00083160e+02, 8.08261514e-01, 6.76350098e+02, 2.72728912e+02,
       7.58195758e-01, 5.66675537e+02, 3.35485535e+02, 2.11902887e-01,
       5.60810181e+02, 3.02199646e+02, 2.79257953e-01, 5.21583923e+02,
       2.70853424e+02, 1.71760589e-01, 3.62943573e+02, 3.00245911e+02,
       3.54970515e-01, 5.70585205e+02, 3.82534882e+02, 1.93702042e-01,
       3.74687103e+02, 3.98141846e+02, 2.90828139e-01, 1.84659790e+02,
       4.49132599e+02, 7.26311207e-02, 9.17327576e+02, 2.84553619e+02,
       7.25240588e-01, 9.23221985e+02, 3.10034576e+02, 7.99265862e-01,
       8.84084473e+02, 2.70813812e+02, 4.00504887e-01, 9.09561035e+02,
       3.37551819e+02, 6.15855932e-01, 0., 0., 0., 0., 0., 0.,
       1.88602509e+02, 4.47157715e+02, 6.85489625e-02, 3.53115082e+02,
       3.21784607e+02, 5.23265749e-02, 3.53138275e+02, 3.21792938e+02,
       6.64236173e-02, 0., 0., 0. ]
