%YAML:1.0
---
pose_0: !!opencv-matrix
   rows: 1
   cols: 25
   dt: "3f"
   data: [ 8.54652344e+02, 1.74877243e+02, 7.44419098e-01,
       7.62571777e+02, 1.74845642e+02, 7.14165092e-01, 7.50868103e+02,
       1.04313057e+02, 7.27457404e-01, 6.43107422e+02, 6.32180443e+01,
       7.47098148e-01, 6.52913452e+02, 1.65088120e+02, 7.48820126e-01,
       7.76303650e+02, 2.37511810e+02, 6.98231339e-01, 6.95902954e+02,
       3.04251617e+02, 8.49600673e-01, 8.05714966e+02, 2.55134659e+02,
       7.89126277e-01, 5.25553650e+02, 1.96432831e+02, 3.02675098e-01,
       5.23546143e+02, 1.53305161e+02, 3.30205441e-01, 3.64878540e+02,
       1.53328766e+02, 1.70985863e-01, 3.27681458e+02, 1.70939056e+02,
       5.86575121e-02, 5.23560852e+02, 2.41510834e+02, 3.01005810e-01,
       3.62950226e+02, 2.72783295e+02, 2.70746469e-01, 2.04245941e+02,
       2.47395920e+02, 1.37707546e-01, 8.64478943e+02, 1.57220947e+02,
       7.59266198e-01, 8.66420471e+02, 1.86624603e+02, 7.52927959e-01,
       8.42961060e+02, 1.35720352e+02, 5.39228976e-01, 8.42956970e+02,
       2.10067245e+02, 4.22186196e-01, 0., 0., 0., 0., 0., 0.,
       1.82689148e+02, 2.27788666e+02, 8.72115046e-02, 3.15924713e+02,
       1.65094833e+02, 5.84399700e-02, 3.13978424e+02, 1.63130737e+02,
       5.96690103e-02, 0., 0., 0. ]
