%YAML:1.0
---
pose_0: !!opencv-matrix
   rows: 1
   cols: 25
   dt: "3f"
   data: [ 9.15349487e+02, 3.66829987e+02, 8.34721327e-01,
       8.07669495e+02, 2.92418182e+02, 7.02962220e-01, 8.31177551e+02,
       2.39462158e+02, 6.22182131e-01, 7.25340332e+02, 1.61091721e+02,
       6.95752680e-01, 5.66668396e+02, 1.61149872e+02, 6.93914175e-01,
       7.88012878e+02, 3.43368164e+02, 5.69565952e-01, 6.86189331e+02,
       3.84491089e+02, 5.80433309e-01, 6.80220093e+02, 4.31489685e+02,
       7.68157959e-01, 5.70605713e+02, 3.02194427e+02, 1.10792726e-01,
       5.60800781e+02, 2.80660004e+02, 1.02418624e-01, 4.53060944e+02,
       3.59009125e+02, 9.11357254e-02, 3.39452759e+02, 3.72745178e+02,
       1.33357465e-01, 5.96056274e+02, 3.37476318e+02, 7.63654634e-02,
       4.55013672e+02, 3.62926483e+02, 5.73829003e-02, 1.33692551e+02,
       3.19833435e+02, 1.19954802e-01, 9.33033020e+02, 3.47226776e+02,
       7.97373414e-01, 9.31158447e+02, 3.66932495e+02, 2.81849533e-01,
       9.17304749e+02, 2.92427460e+02, 8.89452875e-01, 0., 0., 0., 0.,
       0., 0., 0., 0., 0., 0., 0., 0., 0., 0., 0., 0., 0., 0., 0., 0.,
       0. ]
