%YAML:1.0
---
pose_0: !!opencv-matrix
   rows: 1
   cols: 25
   dt: "3f"
   data: [ 8.86036377e+02, 3.23732574e+02, 7.54776537e-01,
       7.93943481e+02, 2.92447235e+02, 6.77605510e-01, 8.07704346e+02,
       2.14074738e+02, 7.12662399e-01, 6.95905212e+02, 1.63102051e+02,
       7.43452311e-01, 5.62770691e+02, 1.65092041e+02, 6.70077682e-01,
       7.76276001e+02, 3.64883728e+02, 6.06305718e-01, 6.90085327e+02,
       4.00248535e+02, 7.10380197e-01, 6.13716003e+02, 4.35468567e+02,
       7.42161751e-01, 5.72582520e+02, 2.72837646e+02, 2.12153077e-01,
       5.72565613e+02, 2.35612335e+02, 2.61137187e-01, 3.37449402e+02,
       3.25711731e+02, 1.70722455e-01, 1.51365738e+02, 3.04167328e+02,
       2.27370873e-01, 5.54936035e+02, 3.31610931e+02, 1.14288591e-01,
       3.47268768e+02, 3.35439514e+02, 1.45604461e-01, 1.51337830e+02,
       3.06137482e+02, 1.71513870e-01, 9.01654358e+02, 3.06163757e+02,
       7.67492354e-01, 9.03632690e+02, 3.33556610e+02, 7.76383400e-01,
       8.99721863e+02, 2.61081909e+02, 6.90576315e-01, 0., 0., 0., 0.,
       0., 0., 0., 0., 0., 0., 0., 0., 0., 0., 0., 0., 0., 0., 0., 0.,
       0. ]
