%YAML:1.0
---
pose_0: !!opencv-matrix
   rows: 1
   cols: 25
   dt: "3f"
   data: [ 9.29090271e+02, 3.68892059e+02, 8.07415903e-01,
       8.07721863e+02, 3.86434967e+02, 7.16470957e-01, 8.01766174e+02,
       3.19752594e+02, 7.05290198e-01, 6.78372559e+02, 3.04174286e+02,
       6.37655556e-01, 5.58910034e+02, 3.04112885e+02, 7.32055306e-01,
       8.19442932e+02, 4.64785767e+02, 5.96538007e-01, 6.90125671e+02,
       5.23669250e+02, 7.43273854e-01, 6.17609802e+02, 4.62933563e+02,
       8.29897523e-01, 5.45161011e+02, 4.21712097e+02, 1.61183476e-01,
       5.52965149e+02, 3.68852875e+02, 2.64525056e-01, 3.66877777e+02,
       3.57083130e+02, 2.69636810e-01, 1.98377213e+02, 4.37414948e+02,
       3.78893584e-01, 5.58844055e+02, 4.74609192e+02, 1.73578411e-01,
       0., 0., 0., 0., 0., 0., 9.33116089e+02, 3.53173279e+02,
       9.22702193e-01, 9.42825134e+02, 3.84547516e+02, 8.25237274e-01,
       9.13467529e+02, 3.35518219e+02, 5.47638059e-01, 9.19378540e+02,
       4.13799133e+02, 5.29477417e-01, 0., 0., 0., 0., 0., 0., 0., 0.,
       0., 1.53293365e+02, 4.11923340e+02, 2.35594884e-01,
       1.59173172e+02, 4.11938751e+02, 2.09138483e-01, 1.94465515e+02,
       4.58942078e+02, 2.90042460e-01 ]
