%YAML:1.0
---
pose_0: !!opencv-matrix
   rows: 1
   cols: 25
   dt: "3f"
   data: [ 9.60440308e+02, 2.86483551e+02, 7.80538619e-01,
       8.54653015e+02, 3.08139801e+02, 6.78420305e-01, 8.23312561e+02,
       2.29715317e+02, 6.61467850e-01, 7.37117859e+02, 2.02315292e+02,
       2.42954791e-01, 0., 0., 0., 8.85984619e+02, 3.96242004e+02,
       6.19846404e-01, 8.13556458e+02, 4.78564209e+02, 5.28512418e-01,
       7.56670471e+02, 5.45140320e+02, 4.98815805e-01, 5.66691589e+02,
       3.94278107e+02, 1.99403152e-01, 5.54941528e+02, 3.35527740e+02,
       2.85497010e-01, 3.68828827e+02, 3.51129578e+02, 4.49953020e-01,
       9.05980606e+01, 3.68879852e+02, 1.81889296e-01, 5.66698853e+02,
       4.47181396e+02, 2.33466759e-01, 3.41368073e+02, 5.37316895e+02,
       5.02272069e-01, 1.98376526e+02, 6.47028625e+02, 2.04516500e-01,
       9.66410156e+02, 2.57160309e+02, 8.13996315e-01, 9.80070923e+02,
       3.02179230e+02, 8.40255857e-01, 9.46719177e+02, 2.27706589e+02,
       6.86318994e-01, 9.78017456e+02, 3.21706879e+02, 8.46826732e-02,
       1.43514618e+02, 6.37241943e+02, 5.86546436e-02, 1.45443008e+02,
       6.48973938e+02, 6.37981966e-02, 1.90513718e+02, 6.54842041e+02,
       8.66286010e-02, 7.09944077e+01, 3.39463715e+02, 6.60232604e-02,
       7.10699997e+01, 3.43340820e+02, 6.71289861e-02, 0., 0., 0. ]
