%YAML:1.0
---
pose_0: !!opencv-matrix
   rows: 1
   cols: 25
   dt: "3f"
   data: [ 9.03640625e+02, 4.11950958e+02, 7.21445560e-01,
       7.97847412e+02, 4.15811310e+02, 6.68265462e-01, 7.89953125e+02,
       3.37523468e+02, 7.20351160e-01, 6.68624451e+02, 2.74770691e+02,
       7.84937620e-01, 7.58743530e+02, 2.74796600e+02, 8.56180906e-01,
       8.03741089e+02, 4.92221985e+02, 5.75396121e-01, 6.82299133e+02,
       5.84271362e+02, 7.99835801e-01, 7.82204102e+02, 5.70550415e+02,
       7.93415129e-01, 5.39246887e+02, 4.72647369e+02, 2.77016431e-01,
       5.39274719e+02, 4.15843414e+02, 2.96408206e-01, 3.37518768e+02,
       3.80556519e+02, 5.49318731e-01, 0., 0., 0., 5.56887085e+02,
       5.15759644e+02, 3.41546416e-01, 3.82537598e+02, 5.19695923e+02,
       4.10370260e-01, 0., 0., 0., 9.17306458e+02, 3.92327911e+02,
       8.36808145e-01, 9.15465576e+02, 4.29519287e+02, 7.50930846e-01,
       8.97732727e+02, 3.66865021e+02, 5.80111861e-01, 8.88015015e+02,
       4.47155670e+02, 3.02507550e-01, 0., 0., 0., 0., 0., 0., 0., 0.,
       0., 0., 0., 0., 0., 0., 0., 0., 0., 0. ]
