%YAML:1.0
---
pose_0: !!opencv-matrix
   rows: 1
   cols: 25
   dt: "3f"
   data: [ 9.01624634e+02, 3.29628815e+02, 8.56962621e-01,
       8.07598633e+02, 2.90489899e+02, 6.34616554e-01, 8.21419495e+02,
       2.43388229e+02, 7.74554372e-01, 7.58628174e+02, 2.00339127e+02,
       7.93130994e-01, 7.74371216e+02, 3.45331818e+02, 7.35102355e-01,
       7.90017883e+02, 3.35576080e+02, 3.01034451e-01, 6.54856384e+02,
       3.41394165e+02, 2.43808717e-01, 6.19563599e+02, 4.17830963e+02,
       6.58371210e-01, 5.72557068e+02, 3.06079071e+02, 2.73374468e-01,
       5.62780457e+02, 2.76748871e+02, 2.65386432e-01, 4.43246582e+02,
       3.21807648e+02, 2.39509702e-01, 0., 0., 0., 5.70617126e+02,
       3.33508942e+02, 2.22225219e-01, 4.66766022e+02, 3.68873718e+02,
       1.78688467e-01, 3.76633179e+02, 4.23655731e+02, 9.49699581e-02,
       9.03690918e+02, 3.06091858e+02, 8.24670851e-01, 9.17303894e+02,
       3.33553162e+02, 8.36362720e-01, 8.74249207e+02, 2.74733368e+02,
       8.04287195e-01, 0., 0., 0., 0., 0., 0., 0., 0., 0., 0., 0., 0.,
       0., 0., 0., 0., 0., 0., 0., 0., 0. ]
