%YAML:1.0
---
pose_0: !!opencv-matrix
   rows: 1
   cols: 25
   dt: "3f"
   data: [ 8.99797180e+02, 2.72844849e+02, 8.04680109e-01,
       8.09634094e+02, 2.61091919e+02, 6.53180301e-01, 8.21298157e+02,
       1.80759903e+02, 6.54790998e-01, 6.99952332e+02, 1.16115173e+02,
       7.43262172e-01, 6.03978516e+02, 1.45480972e+02, 7.40418851e-01,
       8.07636414e+02, 3.47254303e+02, 6.67053938e-01, 6.86176575e+02,
       3.84576599e+02, 7.21192181e-01, 5.99954590e+02, 4.43279236e+02,
       6.69855952e-01, 5.58863464e+02, 2.43453293e+02, 1.33109704e-01,
       5.56897583e+02, 1.98364334e+02, 1.73598200e-01, 3.55089813e+02,
       1.94484406e+02, 1.19804248e-01, 0., 0., 0., 5.52980774e+02,
       3.04157227e+02, 1.40776604e-01, 3.66859222e+02, 2.98273254e+02,
       1.37659386e-01, 0., 0., 0., 9.15385864e+02, 2.53257980e+02,
       8.19448531e-01, 9.17394714e+02, 2.90396179e+02, 8.09564769e-01,
       9.01696594e+02, 2.25742111e+02, 5.85958004e-01, 9.17386108e+02,
       3.11983063e+02, 7.94929266e-02, 0., 0., 0., 0., 0., 0., 0., 0.,
       0., 0., 0., 0., 0., 0., 0., 0., 0., 0. ]
