%YAML:1.0
---
pose_0: !!opencv-matrix
   rows: 1
   cols: 25
   dt: "3f"
   data: [ 1.04078455e+03, 3.47244537e+02, 3.07201415e-01,
       9.17349548e+02, 3.04110321e+02, 4.19463575e-01, 9.11492310e+02,
       2.64990723e+02, 3.30665171e-01, 9.07572449e+02, 4.49173462e+02,
       2.86362708e-01, 9.87916809e+02, 3.98143036e+02, 1.58928931e-01,
       9.15403870e+02, 3.41386993e+02, 1.56252816e-01, 8.97760071e+02,
       4.60820709e+02, 4.49685723e-01, 9.93791260e+02, 3.88433990e+02,
       6.58759832e-01, 6.48972656e+02, 3.84481934e+02, 1.14521593e-01,
       0., 0., 0., 0., 0., 0., 0., 0., 0., 0., 0., 0., 0., 0., 0., 0.,
       0., 0., 1.05446594e+03, 3.21781860e+02, 3.96335930e-01,
       1.06427991e+03, 3.37424255e+02, 2.19792649e-01, 1.02506201e+03,
       2.82613403e+02, 5.03126681e-01, 0., 0., 0., 0., 0., 0., 0., 0.,
       0., 0., 0., 0., 0., 0., 0., 0., 0., 0., 0., 0., 0. ]
