%YAML:1.0
---
pose_0: !!opencv-matrix
   rows: 1
   cols: 25
   dt: "3f"
   data: [ 8.99665771e+02, 4.29612061e+02, 7.78824568e-01,
       8.01784973e+02, 4.29560883e+02, 6.96238518e-01, 7.99798645e+02,
       3.53107758e+02, 6.63448811e-01, 7.42990417e+02, 3.19795563e+02,
       2.41901129e-01, 7.09664490e+02, 3.06103027e+02, 5.06034315e-01,
       7.92000549e+02, 5.05950317e+02, 6.38742447e-01, 6.80329163e+02,
       5.58855835e+02, 7.79451132e-01, 7.68466736e+02, 5.66680359e+02,
       6.97222233e-01, 5.43169006e+02, 4.27582214e+02, 1.46222770e-01,
       5.41231873e+02, 3.94278259e+02, 1.92420214e-01, 3.27688080e+02,
       3.68810547e+02, 2.71757901e-01, 1.51386490e+02, 3.41404541e+02,
       1.29362658e-01, 5.52960876e+02, 4.82440216e+02, 1.22974962e-01,
       3.86487671e+02, 5.05913605e+02, 5.83036803e-02, 0., 0., 0.,
       9.13461487e+02, 4.13913696e+02, 8.57225776e-01, 9.09544312e+02,
       4.45221100e+02, 7.16221809e-01, 8.91899902e+02, 3.94244202e+02,
       6.54270649e-01, 8.80140137e+02, 4.62818054e+02, 3.01296294e-01,
       0., 0., 0., 0., 0., 0., 0., 0., 0., 0., 0., 0., 0., 0., 0., 0.,
       0., 0. ]
