%YAML:1.0
---
pose_0: !!opencv-matrix
   rows: 1
   cols: 25
   dt: "3f"
   data: [ 8.58593262e+02, 2.02314545e+02, 7.44632959e-01,
       8.05703247e+02, 2.86553070e+02, 5.15441716e-01, 8.21416321e+02,
       2.88524658e+02, 2.78278887e-01, 0., 0., 0., 0., 0., 0.,
       7.99829529e+02, 3.00229095e+02, 4.53040719e-01, 6.80279968e+02,
       2.49335342e+02, 7.13336527e-01, 5.39189697e+02, 1.84674042e+02,
       7.64644980e-01, 5.52985291e+02, 3.21751160e+02, 3.38800907e-01,
       5.41247192e+02, 2.88432098e+02, 3.75901520e-01, 3.10070160e+02,
       2.39538742e+02, 4.29719687e-01, 7.30245056e+01, 3.80544891e+02,
       3.58746529e-01, 5.60801819e+02, 3.57046478e+02, 2.76922196e-01,
       3.08080414e+02, 2.70864227e+02, 1.86991751e-01, 9.06445770e+01,
       3.68821045e+02, 2.11430371e-01, 8.74279236e+02, 1.94522873e+02,
       7.29390621e-01, 8.86036194e+02, 2.15988541e+02, 8.23690474e-01,
       0., 0., 0., 8.88026489e+02, 2.72883484e+02, 8.61422002e-01, 0.,
       0., 0., 0., 0., 0., 0., 0., 0., 3.97426109e+01, 4.02139404e+02,
       1.91153616e-01, 3.97453651e+01, 3.98144775e+02, 1.90260932e-01,
       5.92879639e+01, 3.86456451e+02, 2.44838387e-01 ]
