%YAML:1.0
---
pose_0: !!opencv-matrix
   rows: 1
   cols: 25
   dt: "3f"
   data: [ 9.36995300e+02, 2.57148804e+02, 7.42653608e-01,
       8.21389648e+02, 2.57104767e+02, 6.56211853e-01, 8.21348145e+02,
       1.74852737e+02, 6.75205290e-01, 6.95973145e+02, 1.22009575e+02,
       8.10934782e-01, 6.48884521e+02, 1.59180466e+02, 7.62198091e-01,
       8.23351135e+02, 3.49195831e+02, 5.53499818e-01, 7.01854614e+02,
       4.39354034e+02, 7.34354496e-01, 7.90016174e+02, 3.35432373e+02,
       7.46476591e-01, 5.56892517e+02, 2.61055878e+02, 1.60513431e-01,
       5.72571228e+02, 2.12131500e+02, 2.27762446e-01, 3.62923279e+02,
       2.43378799e+02, 4.32391137e-01, 1.74847458e+02, 2.59136108e+02,
       2.48159006e-01, 5.33390320e+02, 3.33527496e+02, 1.45974696e-01,
       3.51170288e+02, 3.41396698e+02, 3.71836096e-01, 0., 0., 0.,
       9.48665833e+02, 2.29724625e+02, 8.40192378e-01, 9.50666077e+02,
       2.74733887e+02, 8.24239373e-01, 9.23251709e+02, 2.04254913e+02,
       4.26816642e-01, 9.38899536e+02, 3.02199615e+02, 6.99407533e-02,
       0., 0., 0., 0., 0., 0., 0., 0., 0., 1.20006737e+02,
       2.59079803e+02, 9.53283012e-02, 1.18118095e+02, 2.55179657e+02,
       8.06576982e-02, 1.45487885e+02, 2.61060455e+02, 1.84316859e-01 ]
