%YAML:1.0
---
pose_0: !!opencv-matrix
   rows: 1
   cols: 25
   dt: "3f"
   data: [ 8.41001221e+02, 3.31551819e+02, 7.03478336e-01,
       7.48901123e+02, 3.02195343e+02, 6.54398084e-01, 7.60674561e+02,
       2.61087158e+02, 3.61323863e-01, 7.42914917e+02, 2.17947021e+02,
       6.33323789e-01, 8.33092163e+02, 2.88554016e+02, 5.70554316e-01,
       7.43056396e+02, 3.43371033e+02, 6.07451022e-01, 6.95976685e+02,
       4.47260681e+02, 8.74376237e-01, 7.80215820e+02, 4.15918732e+02,
       8.32058370e-01, 5.21625427e+02, 2.74816620e+02, 3.75206828e-01,
       5.23576721e+02, 2.37553406e+02, 4.03937578e-01, 3.31596313e+02,
       2.00327530e+02, 4.46952194e-01, 1.94431961e+02, 1.47420044e+02,
       1.63136795e-01, 5.19687927e+02, 3.17850372e+02, 4.50723290e-01,
       3.39437714e+02, 3.39492584e+02, 4.86182570e-01, 1.53336487e+02,
       3.21811676e+02, 6.48578763e-01, 8.54646240e+02, 3.19755920e+02,
       6.89743817e-01, 8.66432007e+02, 3.35447052e+02, 3.41440320e-01,
       8.52685608e+02, 2.80675232e+02, 3.63778830e-01, 0., 0., 0.,
       1.20034027e+02, 3.82532837e+02, 5.52147985e-01, 1.27862457e+02,
       3.82451813e+02, 4.68269765e-01, 1.35712875e+02, 3.08048889e+02,
       5.91674030e-01, 0., 0., 0., 0., 0., 0., 0., 0., 0. ]
