%YAML:1.0
---
pose_0: !!opencv-matrix
   rows: 1
   cols: 25
   dt: "3f"
   data: [ 8.95830505e+02, 3.72712158e+02, 7.45921075e-01,
       7.91958862e+02, 3.68849640e+02, 7.18419313e-01, 7.88011780e+02,
       2.90498932e+02, 6.00375950e-01, 6.62706116e+02, 2.27679504e+02,
       8.15302610e-01, 7.37148193e+02, 2.51282288e+02, 6.76733434e-01,
       7.92026550e+02, 4.45219818e+02, 6.42747998e-01, 6.94010559e+02,
       5.27499634e+02, 8.13754976e-01, 7.93983215e+02, 5.23527466e+02,
       7.90672779e-01, 5.62760193e+02, 4.15874023e+02, 2.79458493e-01,
       5.54927490e+02, 3.70754089e+02, 3.52426678e-01, 3.57047852e+02,
       3.78626129e+02, 1.96953282e-01, 0., 0., 0., 5.64720154e+02,
       4.62844116e+02, 2.78575152e-01, 3.53123322e+02, 4.98135590e+02,
       1.05520181e-01, 1.74856155e+02, 5.27484131e+02, 2.00460643e-01,
       9.11505615e+02, 3.53156067e+02, 8.26180637e-01, 9.13447388e+02,
       3.90373810e+02, 7.36670971e-01, 8.86079590e+02, 3.25756317e+02,
       5.95802307e-01, 8.99737366e+02, 4.13972260e+02, 9.54465717e-02,
       1.19999069e+02, 5.72544189e+02, 9.86748189e-02, 0., 0., 0.,
       1.47430908e+02, 5.13797485e+02, 1.25652388e-01, 0., 0., 0., 0.,
       0., 0., 0., 0., 0. ]
