%YAML:1.0
---
pose_0: !!opencv-matrix
   rows: 1
   cols: 25
   dt: "3f"
   data: [ 8.37060913e+02, 2.90552979e+02, 8.42338026e-01,
       7.58691284e+02, 2.82625427e+02, 6.73811436e-01, 7.62613586e+02,
       2.23850739e+02, 7.14968741e-01, 7.19473083e+02, 2.27720703e+02,
       7.72156239e-01, 7.87996399e+02, 3.31575195e+02, 7.31160939e-01,
       7.52784241e+02, 3.47252045e+02, 5.97097695e-01, 6.99941345e+02,
       4.51128632e+02, 8.26705515e-01, 7.58732239e+02, 4.17872803e+02,
       8.89554262e-01, 4.96179871e+02, 2.68911041e+02, 3.25670213e-01,
       5.05930237e+02, 2.29706543e+02, 3.49279612e-01, 3.55111664e+02,
       2.10097412e+02, 2.45525017e-01, 1.94445877e+02, 1.33770386e+02,
       2.44710058e-01, 4.88333252e+02, 3.06122559e+02, 3.63164485e-01,
       3.21810577e+02, 3.35415222e+02, 4.78836536e-01, 1.72913742e+02,
       3.37540497e+02, 4.29255038e-01, 8.50765320e+02, 2.74771271e+02,
       8.36956441e-01, 8.50783325e+02, 3.06084656e+02, 8.07134986e-01,
       8.37062683e+02, 2.53239868e+02, 7.02078640e-01, 8.37077881e+02,
       3.23827942e+02, 9.05891135e-02, 1.17990738e+02, 3.57054474e+02,
       3.09506655e-01, 1.27852684e+02, 3.64892151e+02, 3.41874301e-01,
       1.59168594e+02, 3.31606171e+02, 1.84098557e-01, 1.86593109e+02,
       1.41529053e+02, 8.41139331e-02, 1.80799500e+02, 1.33767776e+02,
       1.14543058e-01, 0., 0., 0. ]
