%YAML:1.0
---
pose_0: !!opencv-matrix
   rows: 1
   cols: 25
   dt: "3f"
   data: [ 8.99747070e+02, 3.70779297e+02, 6.88764393e-01,
       8.23289185e+02, 2.88476105e+02, 5.39177954e-01, 8.25288330e+02,
       2.72835632e+02, 6.68731511e-01, 7.11569214e+02, 2.72853119e+02,
       6.91105485e-01, 6.99973511e+02, 4.31580841e+02, 6.76239133e-01,
       8.11574524e+02, 3.13930054e+02, 2.44937852e-01, 6.54904480e+02,
       3.51239532e+02, 1.19038686e-01, 6.41113037e+02, 4.47224976e+02,
       2.79893488e-01, 6.33323425e+02, 3.04118011e+02, 2.08058044e-01,
       5.78446899e+02, 2.61095947e+02, 2.19149292e-01, 4.25632874e+02,
       3.04169739e+02, 3.28848898e-01, 3.19813812e+02, 3.53165833e+02,
       2.63888538e-01, 6.50960327e+02, 3.35459747e+02, 2.29530483e-01,
       6.62636780e+02, 4.49163116e+02, 1.81823179e-01, 6.41124084e+02,
       4.78524597e+02, 1.15184344e-01, 9.17313782e+02, 3.64858978e+02,
       7.58453488e-01, 0., 0., 0., 9.17379944e+02, 3.10031219e+02,
       8.32016826e-01, 0., 0., 0., 6.35266296e+02, 4.92288177e+02,
       9.54400152e-02, 0., 0., 0., 6.33312256e+02, 4.82455780e+02,
       1.14409141e-01, 0., 0., 0., 0., 0., 0., 0., 0., 0. ]
