%YAML:1.0
---
pose_0: !!opencv-matrix
   rows: 1
   cols: 25
   dt: "3f"
   data: [ 9.01695068e+02, 3.45297943e+02, 8.45190644e-01,
       7.93948059e+02, 3.11995514e+02, 6.14334822e-01, 8.09629272e+02,
       2.57200226e+02, 7.05489755e-01, 7.27387329e+02, 1.86645370e+02,
       7.57264495e-01, 7.44895386e+02, 3.19832733e+02, 7.13864684e-01,
       7.58683350e+02, 3.62956909e+02, 4.28240359e-01, 6.54876160e+02,
       3.64918732e+02, 4.80348080e-01, 6.23493896e+02, 4.41319885e+02,
       6.67804718e-01, 5.90215637e+02, 3.21775269e+02, 2.77262390e-01,
       5.88226318e+02, 2.94379242e+02, 2.71617800e-01, 4.49146149e+02,
       3.31608704e+02, 1.95736676e-01, 3.47277802e+02, 3.72745819e+02,
       9.56760123e-02, 5.84316589e+02, 3.51206207e+02, 2.15859130e-01,
       4.82428192e+02, 3.86494904e+02, 2.23626584e-01, 3.70760315e+02,
       4.33451324e+02, 2.58327991e-01, 9.05620483e+02, 3.21827728e+02,
       8.36536825e-01, 9.17393127e+02, 3.51134491e+02, 8.20279002e-01,
       8.72349792e+02, 2.92392792e+02, 7.86872268e-01, 0., 0., 0.,
       3.23766205e+02, 4.23645020e+02, 8.56060535e-02, 3.33502686e+02,
       4.33466064e+02, 9.24497694e-02, 3.64893555e+02, 4.37361786e+02,
       1.18513413e-01, 0., 0., 0., 0., 0., 0., 0., 0., 0. ]
