%YAML:1.0
---
pose_0: !!opencv-matrix
   rows: 1
   cols: 25
   dt: "3f"
   data: [ 8.52744324e+02, 2.16031799e+02, 7.99959004e-01,
       7.62573792e+02, 2.64955231e+02, 7.04038024e-01, 7.42967102e+02,
       2.12117920e+02, 6.88952684e-01, 7.09687744e+02, 1.29767990e+02,
       7.74438500e-01, 8.11564087e+02, 1.37690216e+02, 7.99534202e-01,
       7.76266235e+02, 3.15915924e+02, 5.91819227e-01, 7.74397095e+02,
       3.68856567e+02, 7.59818852e-01, 8.52676880e+02, 2.90368927e+02,
       7.98475146e-01, 5.21638855e+02, 2.98299530e+02, 2.48399794e-01,
       5.19679504e+02, 2.74777679e+02, 2.66574860e-01, 3.41366241e+02,
       2.78736328e+02, 3.58723760e-01, 1.65017685e+02, 2.98307129e+02,
       3.68239671e-01, 5.09861145e+02, 3.39430115e+02, 1.64293230e-01,
       3.41407837e+02, 3.35567017e+02, 2.84438312e-01, 1.86605164e+02,
       3.88391449e+02, 9.93391052e-02, 8.56642517e+02, 2.12171799e+02,
       5.07862270e-01, 8.68327942e+02, 2.29699158e+02, 8.38946998e-01,
       0., 0., 0., 8.48783936e+02, 2.70884369e+02, 5.94567597e-01, 0.,
       0., 0., 0., 0., 0., 0., 0., 0., 0., 0., 0., 0., 0., 0.,
       1.49359818e+02, 3.06139557e+02, 2.90454596e-01 ]
