%YAML:1.0
---
pose_0: !!opencv-matrix
   rows: 1
   cols: 25
   dt: "3f"
   data: [ 9.40890930e+02, 1.94460373e+02, 7.64262557e-01,
       8.23410034e+02, 2.37581375e+02, 6.97779417e-01, 7.99811646e+02,
       1.53355118e+02, 6.71073198e-01, 6.95961121e+02, 9.64725647e+01,
       7.14007974e-01, 6.46986084e+02, 1.00342628e+02, 8.06485832e-01,
       8.48809814e+02, 3.19762756e+02, 6.87955916e-01, 7.60627014e+02,
       4.27561920e+02, 8.26715946e-01, 7.13572632e+02, 3.27701965e+02,
       7.78425932e-01, 5.64748169e+02, 2.76743042e+02, 2.28809670e-01,
       5.68658569e+02, 2.27746841e+02, 2.20951989e-01, 5.07926727e+02,
       1.80718094e+02, 2.77564973e-01, 0., 0., 0., 5.76467712e+02,
       3.17880524e+02, 2.66839951e-01, 3.62932404e+02, 2.68885651e+02,
       1.58904716e-01, 1.63077225e+02, 3.45316620e+02, 2.14845002e-01,
       9.46685913e+02, 1.84645737e+02, 6.78459227e-01, 9.50675964e+02,
       2.12141357e+02, 8.40194821e-01, 0., 0., 0., 9.31062744e+02,
       2.57066559e+02, 7.99338102e-01, 1.25859406e+02, 3.57082153e+02,
       8.88168439e-02, 1.29778778e+02, 3.64864899e+02, 1.00474976e-01,
       1.37629898e+02, 3.51206238e+02, 1.31111652e-01, 0., 0., 0., 0.,
       0., 0., 0., 0., 0. ]
