%YAML:1.0
---
pose_0: !!opencv-matrix
   rows: 1
   cols: 25
   dt: "3f"
   data: [ 9.66330994e+02, 2.27744797e+02, 8.78272176e-01,
       8.42914612e+02, 2.72822876e+02, 6.12763345e-01, 8.13556396e+02,
       1.94486069e+02, 5.14726758e-01, 7.37133118e+02, 1.96406464e+02,
       1.09775893e-01, 6.72501404e+02, 1.80739151e+02, 3.03695619e-01,
       8.64442932e+02, 3.51197144e+02, 6.14607334e-01, 7.76245117e+02,
       4.74547974e+02, 8.36154759e-01, 8.23424866e+02, 3.49154724e+02,
       8.03810835e-01, 5.58852112e+02, 2.68908630e+02, 1.54756710e-01,
       5.60803650e+02, 2.29710907e+02, 1.97317168e-01, 3.23744904e+02,
       2.64971466e+02, 1.65282473e-01, 1.31768677e+02, 3.17851532e+02,
       9.13943648e-02, 5.51017822e+02, 3.33544006e+02, 1.02141686e-01,
       3.64897949e+02, 3.47248047e+02, 5.92105314e-02, 0., 0., 0.,
       9.66401306e+02, 2.04251984e+02, 8.05238724e-01, 9.82104126e+02,
       2.41510010e+02, 8.60596299e-01, 9.31145996e+02, 1.92512543e+02,
       6.88597918e-01, 9.66354980e+02, 2.72767334e+02, 3.26467991e-01,
       0., 0., 0., 0., 0., 0., 0., 0., 0., 6.31990738e+01,
       3.51187927e+02, 1.15012601e-01, 6.51334610e+01, 3.47285919e+02,
       1.05186343e-01, 0., 0., 0. ]
