%YAML:1.0
---
pose_0: !!opencv-matrix
   rows: 1
   cols: 25
   dt: "3f"
   data: [ 9.15382446e+02, 4.45118164e+02, 7.68923402e-01,
       8.19436035e+02, 4.45272675e+02, 7.16336131e-01, 8.07695679e+02,
       3.66829376e+02, 7.04710603e-01, 6.82355774e+02, 3.10030609e+02,
       7.92672038e-01, 5.84257385e+02, 3.39446167e+02, 7.93996751e-01,
       8.23407104e+02, 5.21572083e+02, 6.03970230e-01, 6.97955811e+02,
       6.01988464e+02, 7.88604498e-01, 6.68536682e+02, 5.51023193e+02,
       6.67234242e-01, 5.74530762e+02, 4.62878906e+02, 1.30379379e-01,
       5.70574768e+02, 4.21698395e+02, 1.92798361e-01, 4.00156158e+02,
       4.51077332e+02, 1.08946711e-01, 0., 0., 0., 5.74533813e+02,
       5.29445801e+02, 1.25959992e-01, 4.04067566e+02, 5.25586731e+02,
       9.66191515e-02, 0., 0., 0., 9.31060791e+02, 4.29447266e+02,
       8.36336017e-01, 9.31021179e+02, 4.60938232e+02, 7.84703255e-01,
       9.15451416e+02, 4.04076935e+02, 5.32954276e-01, 9.01723511e+02,
       4.78504395e+02, 2.30466023e-01, 0., 0., 0., 0., 0., 0., 0., 0.,
       0., 0., 0., 0., 0., 0., 0., 0., 0., 0. ]
