%YAML:1.0
---
pose_0: !!opencv-matrix
   rows: 1
   cols: 25
   dt: "3f"
   data: [ 9.99694641e+02, 2.19891953e+02, 7.41136432e-01,
       8.86082520e+02, 2.19919678e+02, 5.52060843e-01, 8.84045349e+02,
       1.27846107e+02, 5.14703810e-01, 7.43002258e+02, 3.57929497e+01,
       7.05700517e-01, 7.88006042e+02, 1.31743958e+02, 5.81920445e-01,
       8.84046021e+02, 3.04143890e+02, 4.78863597e-01, 8.23340820e+02,
       3.43380554e+02, 2.41345972e-01, 7.48913879e+02, 3.66881683e+02,
       3.90687674e-01, 5.05951019e+02, 2.86528015e+02, 7.27375597e-02,
       0., 0., 0., 0., 0., 0., 0., 0., 0., 5.09868103e+02,
       2.88500031e+02, 6.07917048e-02, 1.98399170e+02, 3.37490204e+02,
       7.23760650e-02, 0., 0., 0., 1.01534882e+03, 1.94479111e+02,
       8.47005606e-01, 1.02118756e+03, 2.41432358e+02, 7.75824189e-01,
       9.95707825e+02, 1.61150879e+02, 6.56572223e-01, 0., 0., 0., 0.,
       0., 0., 0., 0., 0., 0., 0., 0., 0., 0., 0., 0., 0., 0., 0., 0.,
       0. ]
