%YAML:1.0
---
pose_0: !!opencv-matrix
   rows: 1
   cols: 25
   dt: "3f"
   data: [ 8.39061829e+02, 2.29686752e+02, 7.60142267e-01,
       7.80256104e+02, 3.00247498e+02, 5.21303236e-01, 0., 0., 0., 0.,
       0., 0., 0., 0., 0., 7.89998474e+02, 3.10040314e+02,
       5.78486800e-01, 6.70511414e+02, 2.74754303e+02, 7.62545407e-01,
       5.56937927e+02, 2.16030014e+02, 7.96745241e-01, 5.19666260e+02,
       3.47267975e+02, 3.19115043e-01, 5.17724976e+02, 3.13984711e+02,
       2.92511761e-01, 3.49201111e+02, 3.02177185e+02, 2.82764018e-01,
       2.29686844e+02, 3.68793365e+02, 1.32357791e-01, 5.13790649e+02,
       3.72733215e+02, 2.42959991e-01, 3.31556335e+02, 2.66934723e+02,
       3.88467252e-01, 1.27816795e+02, 3.68848816e+02, 3.48977000e-01,
       8.52674194e+02, 2.25883743e+02, 7.42741048e-01, 8.64488098e+02,
       2.55122879e+02, 7.68348277e-01, 0., 0., 0., 8.52721436e+02,
       3.02168152e+02, 8.07466030e-01, 8.27700729e+01, 4.04068542e+02,
       1.27721310e-01, 8.47545853e+01, 4.04088318e+02, 1.57037318e-01,
       9.84404297e+01, 3.82568512e+02, 2.56770909e-01, 0., 0., 0., 0.,
       0., 0., 2.23801559e+02, 3.70776184e+02, 5.55850305e-02 ]
