%YAML:1.0
---
pose_0: !!opencv-matrix
   rows: 1
   cols: 25
   dt: "3f"
   data: [ 9.17462585e+02, 3.59054108e+02, 7.51259208e-01,
       8.05750305e+02, 3.78594849e+02, 6.41098857e-01, 7.99816589e+02,
       3.04190063e+02, 6.00740969e-01, 7.56727966e+02, 2.68895020e+02,
       3.95358145e-01, 6.60747192e+02, 2.19888336e+02, 5.58785915e-01,
       8.07609314e+02, 4.53073395e+02, 5.40914595e-01, 6.95995239e+02,
       5.15754639e+02, 6.48055017e-01, 5.86261108e+02, 5.82360474e+02,
       6.95381403e-01, 5.49054688e+02, 4.00167358e+02, 2.22070158e-01,
       5.54929871e+02, 3.51182129e+02, 3.16196442e-01, 3.45314209e+02,
       3.39402832e+02, 2.27980271e-01, 0., 0., 0., 5.49068054e+02,
       4.47194336e+02, 2.67091244e-01, 3.74705963e+02, 4.92232819e+02,
       3.51361632e-01, 0., 0., 0., 9.25189697e+02, 3.39495056e+02,
       6.99337602e-01, 9.33036743e+02, 3.70835480e+02, 7.89346576e-01,
       8.95805542e+02, 3.19851563e+02, 3.76355350e-01, 9.19302917e+02,
       3.98209229e+02, 1.57113314e-01, 0., 0., 0., 0., 0., 0., 0., 0.,
       0., 0., 0., 0., 0., 0., 0., 0., 0., 0. ]
