%YAML:1.0
---
pose_0: !!opencv-matrix
   rows: 1
   cols: 25
   dt: "3f"
   data: [ 8.95837036e+02, 3.41415009e+02, 7.60245323e-01,
       7.88074463e+02, 3.41395203e+02, 7.03706205e-01, 7.74286133e+02,
       2.70806152e+02, 6.97416604e-01, 6.50866821e+02, 2.02311707e+02,
       7.98677027e-01, 7.21450195e+02, 2.10115601e+02, 8.50413561e-01,
       7.93969238e+02, 4.15846375e+02, 6.11595452e-01, 6.80345764e+02,
       4.90303192e+02, 8.24307203e-01, 7.88048462e+02, 4.78457367e+02,
       7.62056112e-01, 5.25570251e+02, 3.62936188e+02, 3.27146411e-01,
       5.35365479e+02, 3.17884094e+02, 4.01123255e-01, 3.57064911e+02,
       3.45330933e+02, 4.56082702e-01, 1.51383316e+02, 3.53182556e+02,
       3.39161605e-01, 5.21644897e+02, 4.06016235e+02, 3.20237637e-01,
       3.59016022e+02, 4.74574188e+02, 4.16320354e-01, 1.80780884e+02,
       5.19675415e+02, 3.09798002e-01, 9.01681274e+02, 3.21746307e+02,
       8.75286400e-01, 9.09519897e+02, 3.55129364e+02, 7.75860250e-01,
       8.76229370e+02, 2.96360321e+02, 6.65980697e-01, 9.01756714e+02,
       3.74660126e+02, 1.66873187e-01, 1.25864845e+02, 5.72550232e+02,
       1.60514951e-01, 1.29770493e+02, 5.72549988e+02, 1.67491317e-01,
       1.57225723e+02, 5.19652405e+02, 1.52896523e-01, 0., 0., 0., 0.,
       0., 0., 0., 0., 0. ]
