%YAML:1.0
---
pose_0: !!opencv-matrix
   rows: 1
   cols: 25
   dt: "3f"
   data: [ 8.95831360e+02, 2.19957565e+02, 7.76273072e-01,
       8.11554932e+02, 1.86637375e+02, 4.69695240e-01, 8.15468933e+02,
       1.47474854e+02, 6.33983135e-01, 7.42995667e+02, 2.49301437e+02,
       7.62797296e-01, 6.74468506e+02, 3.68905701e+02, 7.94391453e-01,
       8.13537598e+02, 2.14086914e+02, 1.93123922e-01, 0., 0., 0., 0.,
       0., 0., 5.54947754e+02, 1.82702621e+02, 1.13754749e-01, 0., 0.,
       0., 0., 0., 0., 0., 0., 0., 5.56902222e+02, 1.76817215e+02,
       6.30998909e-02, 3.59011322e+02, 3.43371765e+02, 1.39033198e-01,
       0., 0., 0., 9.03639832e+02, 1.96390961e+02, 8.66155744e-01,
       9.07607178e+02, 2.29791748e+02, 7.55638301e-01, 8.82135132e+02,
       1.63054657e+02, 7.19525933e-01, 0., 0., 0., 0., 0., 0., 0., 0.,
       0., 0., 0., 0., 0., 0., 0., 0., 0., 0., 0., 0., 0. ]
