%YAML:1.0
---
pose_0: !!opencv-matrix
   rows: 1
   cols: 25
   dt: "3f"
   data: [ 9.72182495e+02, 2.59133331e+02, 7.48003662e-01,
       8.38947571e+02, 2.39531158e+02, 6.00921988e-01, 8.35023438e+02,
       1.47487213e+02, 6.14393950e-01, 7.13589722e+02, 6.12594376e+01,
       7.95326650e-01, 6.49006775e+02, 1.65144150e+02, 7.86373377e-01,
       8.35086243e+02, 3.29615387e+02, 6.10527933e-01, 7.07748291e+02,
       3.64888672e+02, 6.78921223e-01, 5.76458923e+02, 4.13765747e+02,
       7.60489464e-01, 6.19570496e+02, 2.47365112e+02, 1.96397200e-01,
       6.15672546e+02, 2.06179764e+02, 2.62790769e-01, 3.55127319e+02,
       2.21894272e+02, 2.55964130e-01, 1.92486526e+02, 2.39467468e+02,
       1.02618240e-01, 5.92154419e+02, 3.06117737e+02, 1.71364859e-01,
       3.33547424e+02, 3.37441956e+02, 2.14866683e-01, 8.27544479e+01,
       3.82492981e+02, 2.13107392e-01, 9.80124634e+02, 2.27796402e+02,
       8.72064054e-01, 9.83974304e+02, 2.72748505e+02, 7.75925457e-01,
       9.50685730e+02, 1.92435242e+02, 6.36547685e-01, 9.74193542e+02,
       2.88569061e+02, 5.07945865e-02, 0., 0., 0., 0., 0., 0.,
       6.31849670e+01, 3.80560577e+02, 1.48626417e-01, 1.53297699e+02,
       2.41464203e+02, 7.00315163e-02, 0., 0., 0., 0., 0., 0. ]
