%YAML:1.0
---
pose_0: !!opencv-matrix
   rows: 1
   cols: 25
   dt: "3f"
   data: [ 9.31152771e+02, 2.10175720e+02, 8.66520345e-01,
       8.23263794e+02, 2.27703217e+02, 7.47300386e-01, 8.11565613e+02,
       1.49375931e+02, 6.40631020e-01, 6.86228210e+02, 1.02335075e+02,
       7.44431317e-01, 5.88290894e+02, 8.47100677e+01, 8.35069537e-01,
       8.35045044e+02, 3.08076324e+02, 6.61840856e-01, 7.31270447e+02,
       3.84521515e+02, 7.26350725e-01, 6.37214111e+02, 4.64778717e+02,
       6.99995160e-01, 5.74540527e+02, 2.66926392e+02, 2.73188561e-01,
       5.70599121e+02, 2.14027405e+02, 3.59722733e-01, 3.43359772e+02,
       2.25842194e+02, 3.43670130e-01, 1.29752457e+02, 2.23792740e+02,
       2.24902615e-01, 5.92146790e+02, 3.11999481e+02, 3.30416739e-01,
       3.66857086e+02, 3.33563507e+02, 2.44027853e-01, 2.45392426e+02,
       3.53205902e+02, 1.72231361e-01, 9.37017029e+02, 1.92415131e+02,
       8.24177921e-01, 9.46722351e+02, 2.25826462e+02, 8.56418550e-01,
       9.11508179e+02, 1.68952698e+02, 6.25627398e-01, 9.29086731e+02,
       2.51301956e+02, 4.14012074e-01, 2.10127670e+02, 3.37497406e+02,
       6.95435852e-02, 0., 0., 0., 0., 0., 0., 1.00439362e+02,
       2.39487244e+02, 1.14289850e-01, 1.00362640e+02, 2.29704391e+02,
       1.21408172e-01, 1.14112343e+02, 2.21896652e+02, 1.75090313e-01 ]
