%YAML:1.0
---
pose_0: !!opencv-matrix
   rows: 1
   cols: 25
   dt: "3f"
   data: [ 9.03656128e+02, 2.06236923e+02, 7.32939124e-01,
       8.33089783e+02, 2.82608459e+02, 4.68793571e-01, 0., 0., 0., 0.,
       0., 0., 0., 0., 0., 8.40972412e+02, 2.96332031e+02,
       4.02089924e-01, 6.96035889e+02, 2.76762329e+02, 6.29493892e-01,
       5.80390686e+02, 2.12063721e+02, 6.95246339e-01, 5.72572510e+02,
       3.53158539e+02, 9.81833115e-02, 0., 0., 0., 0., 0., 0., 0., 0.,
       0., 0., 0., 0., 0., 0., 0., 0., 0., 0., 9.17349304e+02,
       1.96519592e+02, 6.94476306e-01, 9.31030457e+02, 2.25774628e+02,
       8.75171423e-01, 0., 0., 0., 9.13468994e+02, 2.78705841e+02,
       8.32542956e-01, 0., 0., 0., 0., 0., 0., 0., 0., 0., 0., 0., 0.,
       0., 0., 0., 0., 0., 0. ]
