%YAML:1.0
---
pose_0: !!opencv-matrix
   rows: 1
   cols: 25
   dt: "3f"
   data: [ 8.99788330e+02, 2.31701660e+02, 7.96865344e-01,
       8.37005859e+02, 1.94483658e+02, 4.74652261e-01, 8.35059082e+02,
       1.49377930e+02, 6.80436254e-01, 8.07739685e+02, 2.41437637e+02,
       7.91993797e-01, 7.91929260e+02, 3.68902740e+02, 7.83266485e-01,
       8.15508789e+02, 2.27743744e+02, 1.96270511e-01, 0., 0., 0., 0.,
       0., 0., 0., 0., 0., 0., 0., 0., 0., 0., 0., 0., 0., 0., 0., 0.,
       0., 0., 0., 0., 0., 0., 0., 9.13488220e+02, 2.12095917e+02,
       8.63895595e-01, 9.15437439e+02, 2.43483475e+02, 7.83843160e-01,
       8.99744019e+02, 1.80757919e+02, 6.48010969e-01, 0., 0., 0., 0.,
       0., 0., 0., 0., 0., 0., 0., 0., 0., 0., 0., 0., 0., 0., 0., 0.,
       0. ]
