%YAML:1.0
---
pose_0: !!opencv-matrix
   rows: 1
   cols: 25
   dt: "3f"
   data: [ 9.46765442e+02, 2.90404205e+02, 8.16476524e-01,
       8.25295593e+02, 3.37425659e+02, 6.70344234e-01, 7.97873230e+02,
       2.80646515e+02, 5.16506076e-01, 6.56808899e+02, 2.57196655e+02,
       5.22542059e-01, 6.03996338e+02, 2.12128845e+02, 8.26450050e-01,
       8.50793457e+02, 4.00151764e+02, 6.82155013e-01, 7.43079224e+02,
       4.56970245e+02, 8.07060719e-01, 7.44963684e+02, 3.02149323e+02,
       7.44532466e-01, 5.70592346e+02, 3.39424011e+02, 1.93150043e-01,
       5.66672119e+02, 3.02184113e+02, 2.76457608e-01, 3.66845917e+02,
       2.43406906e+02, 3.39174002e-01, 1.80700027e+02, 2.98268311e+02,
       5.05193114e-01, 5.82362793e+02, 3.98189545e+02, 1.22559704e-01,
       0., 0., 0., 0., 0., 0., 9.48799683e+02, 2.72896393e+02,
       7.63515830e-01, 9.60485291e+02, 3.06211365e+02, 8.34216297e-01,
       9.13475098e+02, 2.59200470e+02, 3.63655895e-01, 9.42805542e+02,
       3.41432495e+02, 6.51258111e-01, 0., 0., 0., 0., 0., 0., 0., 0.,
       0., 1.33742920e+02, 2.59135223e+02, 1.31953135e-01,
       1.37654541e+02, 2.61054871e+02, 1.29923329e-01, 1.68992477e+02,
       3.13981232e+02, 3.60804647e-01 ]
