%YAML:1.0
---
pose_0: !!opencv-matrix
   rows: 1
   cols: 25
   dt: "3f"
   data: [ 8.70327454e+02, 1.51334412e+02, 8.22052896e-01,
       7.78268066e+02, 1.70960983e+02, 7.23665178e-01, 7.72361816e+02,
       1.08264542e+02, 6.64660811e-01, 6.64662292e+02, 3.96508293e+01,
       8.72327924e-01, 7.50832397e+02, 8.86806488e+01, 6.57096624e-01,
       7.89946594e+02, 2.43404984e+02, 7.09015191e-01, 6.74416260e+02,
       2.90514008e+02, 8.20128202e-01, 7.43042480e+02, 2.37526764e+02,
       8.05166960e-01, 5.52987549e+02, 1.70947754e+02, 1.61166370e-01,
       5.37304077e+02, 1.29817093e+02, 1.42124504e-01, 3.68807709e+02,
       1.41545532e+02, 5.18947840e-02, 0., 0., 0., 5.66661377e+02,
       2.16004990e+02, 1.67388871e-01, 3.72734314e+02, 2.27814377e+02,
       5.75564355e-02, 0., 0., 0., 8.82056458e+02, 1.33755051e+02,
       8.15100908e-01, 8.84086182e+02, 1.65089722e+02, 8.44278097e-01,
       8.54756592e+02, 1.18022758e+02, 6.19368434e-01, 8.68336609e+02,
       1.92526947e+02, 5.02702713e-01, 0., 0., 0., 0., 0., 0., 0., 0.,
       0., 0., 0., 0., 0., 0., 0., 0., 0., 0. ]
