%YAML:1.0
---
pose_0: !!opencv-matrix
   rows: 1
   cols: 25
   dt: "3f"
   data: [ 9.54579346e+02, 2.49324631e+02, 6.56696916e-01,
       8.50761658e+02, 3.12012726e+02, 4.47702467e-01, 8.07661255e+02,
       2.68918091e+02, 2.55372792e-01, 6.64630371e+02, 2.82624359e+02,
       2.78385490e-01, 5.74589783e+02, 2.33619080e+02, 6.26914144e-01,
       8.72364197e+02, 3.66778076e+02, 5.76867461e-01, 7.35185303e+02,
       3.98278320e+02, 7.21369863e-01, 5.84343323e+02, 3.10077515e+02,
       6.80748165e-01, 5.56889465e+02, 3.57060638e+02, 1.73428774e-01,
       5.45159668e+02, 3.29627441e+02, 1.42861784e-01, 3.53169098e+02,
       2.70841034e+02, 2.23550007e-01, 0., 0., 0., 5.54926941e+02,
       3.84479034e+02, 1.43110126e-01, 3.51222931e+02, 2.74840149e+02,
       2.75571734e-01, 0., 0., 0., 9.64321533e+02, 2.41482315e+02,
       6.32317185e-01, 9.72226990e+02, 2.68928009e+02, 7.94436693e-01,
       0., 0., 0., 9.48763733e+02, 3.15908661e+02, 7.72885323e-01, 0.,
       0., 0., 0., 0., 0., 0., 0., 0., 0., 0., 0., 0., 0., 0., 0., 0.,
       0. ]
