%YAML:1.0
---
pose_0: !!opencv-matrix
   rows: 1
   cols: 25
   dt: "3f"
   data: [ 9.54591370e+02, 3.17825897e+02, 7.12446749e-01,
       8.41021667e+02, 3.51110504e+02, 6.85963273e-01, 8.23371582e+02,
       2.74829163e+02, 7.21746266e-01, 7.01894104e+02, 2.51286148e+02,
       6.00165844e-01, 5.98047058e+02, 2.27692474e+02, 8.53749871e-01,
       8.58620544e+02, 4.19794617e+02, 6.38431728e-01, 7.56661255e+02,
       4.78547821e+02, 7.41107464e-01, 6.45035461e+02, 4.58963409e+02,
       7.81405807e-01, 5.68652283e+02, 3.51188690e+02, 1.51262715e-01,
       5.86261597e+02, 3.10024902e+02, 1.85660437e-01, 3.31588684e+02,
       3.00261444e+02, 1.73146948e-01, 1.61141800e+02, 3.21864777e+02,
       7.02283382e-02, 5.68654968e+02, 4.04084625e+02, 1.44805789e-01,
       3.64899170e+02, 4.15870026e+02, 1.65786326e-01, 2.16004395e+02,
       4.49113617e+02, 1.41565949e-01, 9.62362183e+02, 3.04115540e+02,
       8.71520758e-01, 9.68300903e+02, 3.35514740e+02, 8.43512237e-01,
       9.31034485e+02, 2.90366089e+02, 2.14113295e-01, 9.46806458e+02,
       3.68845917e+02, 4.54549789e-01, 0., 0., 0., 0., 0., 0., 0., 0.,
       0., 0., 0., 0., 0., 0., 0., 0., 0., 0. ]
