%YAML:1.0
---
pose_0: !!opencv-matrix
   rows: 1
   cols: 25
   dt: "3f"
   data: [ 8.70346619e+02, 1.49390091e+02, 2.29208365e-01,
       7.58597595e+02, 1.35724838e+02, 6.31828010e-01, 7.48917603e+02,
       7.09906616e+01, 5.88851631e-01, 7.48911682e+02, 5.34714222e+00,
       2.20460430e-01, 0., 0., 0., 7.60661682e+02, 2.00316345e+02,
       5.14566541e-01, 8.09659485e+02, 2.76729828e+02, 7.14207113e-01,
       8.82131165e+02, 1.88569260e+02, 5.54586530e-01, 5.58848450e+02,
       1.47438385e+02, 1.39472932e-01, 5.35354187e+02, 1.04343819e+02,
       1.93375930e-01, 3.29623505e+02, 2.17963699e+02, 1.64741650e-01,
       1.51332352e+02, 2.31696808e+02, 2.76216418e-01, 5.76481628e+02,
       1.96404999e+02, 9.90125984e-02, 3.35506104e+02, 2.21891922e+02,
       1.11703567e-01, 1.35667542e+02, 2.37548309e+02, 1.61864430e-01,
       8.58617859e+02, 1.43537445e+02, 2.78004766e-01, 8.72338623e+02,
       1.49337326e+02, 1.11210234e-01, 8.39069580e+02, 1.31765030e+02,
       1.60756946e-01, 0., 0., 0., 8.87002411e+01, 2.59169189e+02,
       9.11765322e-02, 0., 0., 0., 0., 0., 0., 1.00389725e+02,
       2.68930756e+02, 8.86217803e-02, 1.00374779e+02, 2.64989777e+02,
       7.79787153e-02, 1.29771851e+02, 2.12163391e+02, 1.51603729e-01 ]
