%YAML:1.0
---
pose_0: !!opencv-matrix
   rows: 1
   cols: 25
   dt: "3f"
   data: [ 8.66439148e+02, 3.37388855e+02, 8.41999114e-01,
       7.82183838e+02, 2.59128235e+02, 5.04212081e-01, 7.74381592e+02,
       2.57184631e+02, 6.47633016e-01, 6.56836426e+02, 2.21846664e+02,
       7.06265152e-01, 6.05873596e+02, 3.51103546e+02, 7.77674556e-01,
       7.92012512e+02, 2.64971069e+02, 3.35967511e-01, 0., 0., 0., 0.,
       0., 0., 5.66678650e+02, 2.72853851e+02, 3.64956766e-01,
       5.68636902e+02, 2.35597855e+02, 3.56239408e-01, 4.02123169e+02,
       2.66954529e+02, 2.93810159e-01, 2.90512756e+02, 3.27672577e+02,
       2.90155441e-01, 5.60792969e+02, 3.04165253e+02, 3.81570727e-01,
       4.37392273e+02, 3.31567505e+02, 2.27871209e-01, 3.06133606e+02,
       3.64886932e+02, 6.12497665e-02, 8.82128967e+02, 3.19770905e+02,
       8.19269121e-01, 0., 0., 0., 8.70431274e+02, 2.70811371e+02,
       8.54561269e-01, 0., 0., 0., 0., 0., 0., 0., 0., 0., 0., 0., 0.,
       0., 0., 0., 0., 0., 0., 2.82611938e+02, 3.29642334e+02,
       1.18234843e-01 ]
