%YAML:1.0
---
pose_0: !!opencv-matrix
   rows: 1
   cols: 25
   dt: "3f"
   data: [ 9.46740417e+02, 3.35585754e+02, 7.56554604e-01,
       8.46866394e+02, 3.06119293e+02, 6.37249529e-01, 8.38974121e+02,
       2.19931549e+02, 6.38788104e-01, 7.15622559e+02, 1.78862350e+02,
       7.26170659e-01, 6.00019531e+02, 2.10125076e+02, 7.57681012e-01,
       8.52652649e+02, 3.74675171e+02, 5.38817227e-01, 9.35004333e+02,
       4.17774902e+02, 7.90794730e-01, 1.00950909e+03, 3.19900574e+02,
       7.85224557e-01, 5.90211731e+02, 3.21808777e+02, 1.11739412e-01,
       5.72566101e+02, 2.76731750e+02, 1.34963110e-01, 3.51172638e+02,
       2.90421600e+02, 1.12444356e-01, 0., 0., 0., 6.17630432e+02,
       3.78607086e+02, 1.44480065e-01, 3.45320648e+02, 2.94379150e+02,
       5.59347235e-02, 0., 0., 0., 9.76135132e+02, 3.04096100e+02,
       6.58513129e-01, 9.56556091e+02, 3.43335419e+02, 5.36872804e-01,
       9.54604309e+02, 2.66940491e+02, 6.90608919e-01, 0., 0., 0., 0.,
       0., 0., 0., 0., 0., 0., 0., 0., 0., 0., 0., 0., 0., 0., 0., 0.,
       0. ]
