%YAML:1.0
---
pose_0: !!opencv-matrix
   rows: 1
   cols: 25
   dt: "3f"
   data: [ 9.15391663e+02, 2.10039551e+02, 7.95780182e-01,
       8.07659119e+02, 2.25853943e+02, 7.62555003e-01, 7.92005066e+02,
       1.49392609e+02, 7.13242888e-01, 6.82331909e+02, 9.84688187e+01,
       7.30938017e-01, 5.99960510e+02, 7.10382309e+01, 8.52365673e-01,
       8.21418030e+02, 2.98315033e+02, 6.44605279e-01, 7.54775635e+02,
       3.98247864e+02, 4.25645232e-01, 6.80356689e+02, 4.94150604e+02,
       6.52763724e-01, 5.90197083e+02, 2.68902924e+02, 1.42189503e-01,
       5.78439514e+02, 2.19917328e+02, 1.41580433e-01, 0., 0., 0., 0.,
       0., 0., 6.01932312e+02, 3.19814362e+02, 1.07082941e-01,
       4.76549011e+02, 3.23750366e+02, 6.22964464e-02, 3.70769226e+02,
       3.25737244e+02, 9.16065350e-02, 9.17342529e+02, 1.86615540e+02,
       8.24198723e-01, 9.27187744e+02, 2.21894241e+02, 7.30244160e-01,
       8.85995056e+02, 1.67007904e+02, 5.53021073e-01, 9.13458801e+02,
       2.41517639e+02, 3.31830114e-01, 0., 0., 0., 0., 0., 0., 0., 0.,
       0., 0., 0., 0., 0., 0., 0., 0., 0., 0. ]
