%YAML:1.0
---
pose_0: !!opencv-matrix
   rows: 1
   cols: 25
   dt: "3f"
   data: [ 8.95808716e+02, 3.98267487e+02, 7.93458462e-01,
       7.86125488e+02, 3.80604614e+02, 6.92802191e-01, 7.78242737e+02,
       3.06096313e+02, 6.82524085e-01, 6.50909790e+02, 2.51283188e+02,
       7.84581065e-01, 7.29365051e+02, 2.72770905e+02, 7.79323399e-01,
       7.88101868e+02, 4.55007629e+02, 5.96870244e-01, 6.78332642e+02,
       5.25476074e+02, 8.14660013e-01, 7.80225403e+02, 5.39152222e+02,
       7.53444195e-01, 5.29474792e+02, 4.49161896e+02, 3.34400803e-01,
       5.33373047e+02, 4.00185669e+02, 3.81892025e-01, 3.37480011e+02,
       3.92307373e+02, 3.54694754e-01, 0., 0., 0., 5.41215454e+02,
       4.94164703e+02, 4.39160079e-01, 3.84481934e+02, 5.09871796e+02,
       2.57407665e-01, 1.80714096e+02, 5.33369446e+02, 7.94130638e-02,
       9.11469238e+02, 3.72777710e+02, 7.95090497e-01, 9.07583435e+02,
       4.09906616e+02, 7.50876546e-01, 8.84027039e+02, 3.35537994e+02,
       8.92956138e-01, 0., 0., 0., 0., 0., 0., 0., 0., 0., 0., 0., 0.,
       0., 0., 0., 0., 0., 0., 0., 0., 0. ]
