%YAML:1.0
---
pose_0: !!opencv-matrix
   rows: 1
   cols: 25
   dt: "3f"
   data: [ 8.82074463e+02, 3.53096405e+02, 8.33631754e-01,
       7.90074097e+02, 4.00115753e+02, 5.57534695e-01, 7.56702332e+02,
       3.60986023e+02, 3.04494113e-01, 0., 0., 0., 0., 0., 0.,
       8.23290894e+02, 4.45208771e+02, 7.40698755e-01, 7.70413513e+02,
       5.25496948e+02, 7.84137309e-01, 7.95894470e+02, 3.94282959e+02,
       6.77260995e-01, 5.37287964e+02, 4.15832733e+02, 1.80656135e-01,
       5.25563660e+02, 4.17797394e+02, 1.60437062e-01, 3.49173096e+02,
       3.96239746e+02, 2.28832662e-01, 1.51360489e+02, 3.88405914e+02,
       3.57469529e-01, 5.39238953e+02, 4.02121460e+02, 1.24149501e-01,
       3.53122314e+02, 3.96191681e+02, 1.66065931e-01, 1.47474808e+02,
       3.92290863e+02, 1.66072443e-01, 8.85981506e+02, 3.37542297e+02,
       8.90210807e-01, 8.93851624e+02, 3.68784088e+02, 8.20966840e-01,
       8.66421814e+02, 3.33523315e+02, 3.15145969e-01, 8.86116760e+02,
       3.98116364e+02, 6.88388169e-01, 1.31716766e+02, 3.47285339e+02,
       6.42925203e-02, 1.21995331e+02, 3.53185608e+02, 6.79214820e-02,
       1.33684357e+02, 4.00191681e+02, 1.11828864e-01, 0., 0., 0., 0.,
       0., 0., 0., 0., 0. ]
