%YAML:1.0
---
pose_0: !!opencv-matrix
   rows: 1
   cols: 25
   dt: "3f"
   data: [ 1.08778088e+03, 2.23767883e+02, 7.16706395e-01,
       9.50669800e+02, 2.35602585e+02, 2.52533317e-01, 9.48682251e+02,
       1.41537201e+02, 3.78058076e-01, 9.27162598e+02, 2.20045242e+01,
       2.80115664e-01, 0., 0., 0., 9.50671265e+02, 3.23746521e+02,
       3.32335681e-01, 9.15369995e+02, 4.80514709e+02, 7.27215767e-01,
       1.09956726e+03, 3.59035004e+02, 5.13628304e-01, 6.23505066e+02,
       3.53134247e+02, 7.73412660e-02, 5.94117859e+02, 3.13966919e+02,
       8.17318186e-02, 0., 0., 0., 0., 0., 0., 6.58773987e+02,
       3.96253601e+02, 6.62422776e-02, 0., 0., 0., 0., 0., 0.,
       1.10539160e+03, 1.80721252e+02, 8.07614028e-01, 1.11917896e+03,
       2.39552521e+02, 7.03997314e-01, 1.09367847e+03, 1.43511307e+02,
       2.47840226e-01, 1.10740906e+03, 2.74790436e+02, 1.60786003e-01,
       0., 0., 0., 0., 0., 0., 0., 0., 0., 0., 0., 0., 0., 0., 0., 0.,
       0., 0. ]
