%YAML:1.0
---
pose_0: !!opencv-matrix
   rows: 1
   cols: 25
   dt: "3f"
   data: [ 9.80123718e+02, 2.04277725e+02, 7.53132224e-01,
       8.64484070e+02, 2.25758301e+02, 4.80979264e-01, 8.42951660e+02,
       1.29796829e+02, 6.09543264e-01, 6.96034607e+02, 6.90101547e+01,
       7.72818327e-01, 7.72411438e+02, 1.47456848e+02, 6.89630210e-01,
       8.74302124e+02, 3.23751709e+02, 5.21493733e-01, 7.15632568e+02,
       4.00153320e+02, 7.36420512e-01, 7.37137146e+02, 3.31584869e+02,
       6.45452678e-01, 6.01964966e+02, 2.41484924e+02, 1.52853280e-01,
       5.84308289e+02, 1.96376053e+02, 2.20172897e-01, 3.13960236e+02,
       3.33564758e+02, 7.33458251e-02, 1.59183563e+02, 3.47297058e+02,
       1.03196293e-01, 6.41125488e+02, 2.90485199e+02, 1.11199223e-01,
       0., 0., 0., 0., 0., 0., 9.93717224e+02, 1.72897034e+02,
       8.21276069e-01, 1.00746771e+03, 2.21853271e+02, 8.21894050e-01,
       9.62382507e+02, 1.49341644e+02, 6.00558639e-01, 9.99659424e+02,
       2.49313110e+02, 1.53528363e-01, 0., 0., 0., 0., 0., 0., 0., 0.,
       0., 0., 0., 0., 0., 0., 0., 0., 0., 0. ]
