%YAML:1.0
---
pose_0: !!opencv-matrix
   rows: 1
   cols: 25
   dt: "3f"
   data: [ 1.01149121e+03, 2.08103577e+02, 7.62125850e-01,
       8.84117493e+02, 2.00314896e+02, 4.55136836e-01, 8.84083923e+02,
       1.06315094e+02, 4.49208975e-01, 7.84118286e+02, 1.81017323e+01,
       6.03804231e-01, 8.64446594e+02, 1.21951942e+02, 6.20856643e-01,
       8.86022644e+02, 3.04122894e+02, 5.43850183e-01, 7.15629333e+02,
       3.78615173e+02, 4.39940482e-01, 7.31246399e+02, 3.51223206e+02,
       5.98480880e-01, 0., 0., 0., 0., 0., 0., 0., 0., 0., 0., 0., 0.,
       0., 0., 0., 0., 0., 0., 0., 0., 0., 1.02706555e+03,
       1.78730133e+02, 8.25175166e-01, 1.02714063e+03, 2.25781738e+02,
       8.57747078e-01, 1.00555475e+03, 1.47353455e+02, 5.44038832e-01,
       1.01726099e+03, 2.57105255e+02, 5.00757173e-02, 0., 0., 0., 0.,
       0., 0., 0., 0., 0., 0., 0., 0., 0., 0., 0., 0., 0., 0. ]
