%YAML:1.0
---
pose_0: !!opencv-matrix
   rows: 1
   cols: 25
   dt: "3f"
   data: [ 9.03677673e+02, 2.00366119e+02, 7.18120098e-01,
       8.31160706e+02, 2.72851593e+02, 5.20519972e-01, 8.09636230e+02,
       2.47381744e+02, 2.56408274e-01, 6.33297302e+02, 2.74821991e+02,
       3.44855815e-01, 6.03993347e+02, 2.14018280e+02, 6.81319356e-01,
       8.38983582e+02, 2.88432098e+02, 5.36328137e-01, 7.37109863e+02,
       2.41532684e+02, 6.83385730e-01, 6.56781982e+02, 1.88539169e+02,
       7.44254589e-01, 5.64718994e+02, 3.53120239e+02, 2.21967891e-01,
       5.52959045e+02, 3.25707031e+02, 1.84087262e-01, 3.23739014e+02,
       2.61090912e+02, 1.80759490e-01, 1.02429611e+02, 3.57081879e+02,
       3.12507272e-01, 5.68648071e+02, 3.84514771e+02, 1.64373368e-01,
       3.29622314e+02, 2.49293915e+02, 2.41095647e-01, 1.04336517e+02,
       3.57060944e+02, 2.24116981e-01, 9.19313599e+02, 1.96459488e+02,
       6.09187901e-01, 9.31084167e+02, 2.23787094e+02, 8.68585885e-01,
       0., 0., 0., 9.17309937e+02, 2.74774139e+02, 8.87666047e-01, 0.,
       0., 0., 0., 0., 0., 8.46937256e+01, 3.66884064e+02,
       1.70567185e-01, 9.64972610e+01, 3.86479797e+02, 9.40207243e-02,
       9.25947647e+01, 3.84489410e+02, 8.89768824e-02, 8.66773224e+01,
       3.66859192e+02, 2.55730093e-01 ]
