%YAML:1.0
---
pose_0: !!opencv-matrix
   rows: 1
   cols: 25
   dt: "3f"
   data: [ 8.84069214e+02, 3.98251038e+02, 7.98672199e-01,
       7.76339722e+02, 3.98174896e+02, 7.22608566e-01, 7.74311951e+02,
       3.17867828e+02, 6.70930743e-01, 6.51013367e+02, 2.51292191e+02,
       7.98462272e-01, 7.11624756e+02, 2.57214294e+02, 8.53937089e-01,
       7.76271423e+02, 4.64869354e+02, 5.45097888e-01, 6.64709290e+02,
       5.41138000e+02, 8.75866652e-01, 7.62610596e+02, 5.07978973e+02,
       8.44249964e-01, 5.25523865e+02, 4.31510376e+02, 3.71440291e-01,
       5.23610535e+02, 3.84530670e+02, 4.54103082e-01, 3.33534943e+02,
       3.96207855e+02, 4.02814120e-01, 1.55273743e+02, 3.55125610e+02,
       8.51199031e-02, 5.37260620e+02, 4.76529053e+02, 4.60119009e-01,
       3.59018738e+02, 5.07938385e+02, 4.75409031e-01, 1.80728790e+02,
       5.27489563e+02, 4.58691686e-01, 8.97759766e+02, 3.78576416e+02,
       7.87565589e-01, 8.97756653e+02, 4.13928528e+02, 7.95111179e-01,
       8.72337708e+02, 3.53153442e+02, 6.08383179e-01, 8.78203735e+02,
       4.31618469e+02, 1.40832275e-01, 1.21939651e+02, 5.68656921e+02,
       2.36601740e-01, 1.31745773e+02, 5.70585999e+02, 2.82663584e-01,
       1.57243744e+02, 5.27496704e+02, 1.88400805e-01, 0., 0., 0., 0.,
       0., 0., 0., 0., 0. ]
