%YAML:1.0
---
pose_0: !!opencv-matrix
   rows: 2
   cols: 25
   dt: "3f"
   data: [ 9.17304993e+02, 3.53182800e+02, 8.44364583e-01,
       8.21335938e+02, 3.10078430e+02, 5.24154186e-01, 8.23318115e+02,
       2.65011169e+02, 6.04148149e-01, 7.41045227e+02, 3.23737366e+02,
       7.60612547e-01, 8.58577881e+02, 4.15876526e+02, 7.86709130e-01,
       8.07665771e+02, 3.53108307e+02, 2.64076561e-01, 7.35188599e+02,
       4.39312317e+02, 7.92347372e-01, 8.07697632e+02, 4.43266388e+02,
       8.23952317e-01, 0., 0., 0., 0., 0., 0., 0., 0., 0., 0., 0., 0.,
       0., 0., 0., 0., 0., 0., 0., 0., 0., 9.31089172e+02,
       3.27709534e+02, 7.46484697e-01, 9.35020386e+02, 3.62942078e+02,
       7.54285872e-01, 9.11508667e+02, 2.90396301e+02, 8.38136494e-01,
       0., 0., 0., 0., 0., 0., 0., 0., 0., 0., 0., 0., 0., 0., 0., 0.,
       0., 0., 0., 0., 0., 0., 0., 0., 7.01855713e+02, 3.19893372e+02,
       4.15945292e-01, 6.52901672e+02, 2.88531708e+02, 2.89066881e-01,
       4.62836823e+02, 2.90517609e+02, 1.37937054e-01, 0., 0., 0.,
       7.50878723e+02, 3.53114380e+02, 1.47390947e-01, 0., 0., 0., 0.,
       0., 0., 5.27505127e+02, 3.19850494e+02, 8.27871561e-02, 0., 0.,
       0., 0., 0., 0., 0., 0., 0., 0., 0., 0., 0., 0., 0., 0., 0., 0.,
       0., 0., 0., 0., 0., 0., 7.44986816e+02, 2.72890717e+02,
       5.65448515e-02, 0., 0., 0., 0., 0., 0., 0., 0., 0., 0., 0., 0.,
       0., 0., 0., 0., 0., 0., 0., 0., 0. ]
