%YAML:1.0
---
pose_0: !!opencv-matrix
   rows: 1
   cols: 25
   dt: "3f"
   data: [ 8.86103638e+02, 2.29730408e+02, 7.41283655e-01,
       7.93934448e+02, 2.41410904e+02, 7.22395837e-01, 7.89951843e+02,
       1.65021378e+02, 6.92580104e-01, 6.48953125e+02, 1.31758636e+02,
       8.17795396e-01, 5.68670959e+02, 1.31675980e+02, 8.22429061e-01,
       8.07702820e+02, 3.17907410e+02, 6.82785869e-01, 7.13688049e+02,
       3.59040222e+02, 7.95797884e-01, 6.82200134e+02, 3.06181458e+02,
       7.82788098e-01, 5.60827881e+02, 2.49319229e+02, 2.83483684e-01,
       5.60828003e+02, 2.10157684e+02, 3.10796201e-01, 5.25523743e+02,
       1.90500565e+02, 2.91692406e-01, 3.64915894e+02, 2.41433090e+02,
       3.36780429e-01, 5.54942993e+02, 2.94358856e+02, 2.24247187e-01,
       3.72733704e+02, 3.04213989e+02, 1.32631794e-01, 3.51175812e+02,
       2.90486115e+02, 1.44793659e-01, 8.99671265e+02, 2.14011230e+02,
       8.67422938e-01, 9.05663391e+02, 2.49320557e+02, 7.53909767e-01,
       8.72376770e+02, 1.94525131e+02, 6.10531330e-01, 8.99676514e+02,
       2.72733337e+02, 4.93820548e-01, 0., 0., 0., 0., 0., 0., 0., 0.,
       0., 0., 0., 0., 0., 0., 0., 0., 0., 0. ]
