%YAML:1.0
---
pose_0: !!opencv-matrix
   rows: 1
   cols: 25
   dt: "3f"
   data: [ 9.91793091e+02, 3.84551819e+02, 2.01641753e-01,
       9.25203613e+02, 3.53147614e+02, 4.04093653e-01, 9.36951721e+02,
       2.80628845e+02, 5.11197090e-01, 9.15352173e+02, 2.21892288e+02,
       1.10420421e-01, 0., 0., 0., 9.03641174e+02, 4.33492798e+02,
       2.58322865e-01, 0., 0., 0., 0., 0., 0., 0., 0., 0., 0., 0., 0.,
       0., 0., 0., 0., 0., 0., 0., 0., 0., 0., 0., 0., 0., 0., 0.,
       1.00948077e+03, 3.57089233e+02, 4.23231125e-01, 1.04080200e+03,
       3.98180237e+02, 1.96039140e-01, 1.02317102e+03, 3.25726990e+02,
       3.29234838e-01, 0., 0., 0., 0., 0., 0., 0., 0., 0., 0., 0., 0.,
       0., 0., 0., 0., 0., 0., 0., 0., 0. ]
