%YAML:1.0
---
pose_0: !!opencv-matrix
   rows: 1
   cols: 25
   dt: "3f"
   data: [ 9.50661804e+02, 2.27755875e+02, 7.36175239e-01,
       8.91880859e+02, 2.96348511e+02, 5.30866146e-01, 8.76252197e+02,
       2.70846313e+02, 2.69047171e-01, 7.33218933e+02, 2.66958710e+02,
       6.01607189e-02, 6.76428040e+02, 2.27715271e+02, 5.74246347e-01,
       8.97732178e+02, 3.25733307e+02, 5.31329811e-01, 7.56706177e+02,
       3.19760834e+02, 7.48725951e-01, 7.07750305e+02, 1.86636734e+02,
       7.79485404e-01, 7.25377808e+02, 3.00234802e+02, 1.25157416e-01,
       0., 0., 0., 0., 0., 0., 0., 0., 0., 6.99900818e+02,
       3.08085815e+02, 9.55103189e-02, 5.76488220e+02, 2.86513245e+02,
       7.87549615e-02, 0., 0., 0., 9.78001526e+02, 2.27769791e+02,
       1.19410679e-01, 9.80070862e+02, 2.43399231e+02, 7.66305983e-01,
       0., 0., 0., 9.66319763e+02, 3.04235748e+02, 8.53703856e-01, 0.,
       0., 0., 0., 0., 0., 0., 0., 0., 0., 0., 0., 0., 0., 0., 0., 0.,
       0. ]
