%YAML:1.0
---
pose_0: !!opencv-matrix
   rows: 1
   cols: 25
   dt: "3f"
   data: [ 1.16621143e+03, 5.92772636e+01, 5.77613175e-01,
       9.62442993e+02, 1.31749664e+02, 4.23685074e-01, 9.31101501e+02,
       2.40038643e+01, 3.26119214e-01, 7.93941223e+02, 5.35650730e+00,
       1.24823116e-01, 0., 0., 0., 9.87924744e+02, 2.43401367e+02,
       4.17719543e-01, 7.95888733e+02, 3.53086243e+02, 6.38442278e-01,
       6.64631958e+02, 3.33520233e+02, 6.82819545e-01, 6.70517700e+02,
       1.82697113e+02, 6.74654394e-02, 6.47015808e+02, 1.23922798e+02,
       7.04789758e-02, 0., 0., 0., 0., 0., 0., 6.92084045e+02,
       2.45412308e+02, 5.01687750e-02, 0., 0., 0., 0., 0., 0.,
       1.16226440e+03, 5.33557653e+00, 6.08649194e-01, 1.18575610e+03,
       8.08092194e+01, 3.84295523e-01, 1.13092847e+03, 5.35916090e+00,
       5.18706217e-02, 0., 0., 0., 0., 0., 0., 0., 0., 0., 0., 0., 0.,
       0., 0., 0., 0., 0., 0., 0., 0., 0. ]
