%YAML:1.0
---
pose_0: !!opencv-matrix
   rows: 1
   cols: 25
   dt: "3f"
   data: [ 1.11720984e+03, 1.04301178e+02, 6.88540101e-01,
       9.46730774e+02, 1.61138443e+02, 4.92277056e-01, 9.17385498e+02,
       5.33781128e+01, 4.75171834e-01, 0., 0., 0., 0., 0., 0.,
       9.68343323e+02, 2.68899811e+02, 3.19759488e-01, 7.84133972e+02,
       3.72757935e+02, 6.87643230e-01, 8.97795410e+02, 2.72775848e+02,
       5.74400544e-01, 6.72477844e+02, 1.92486435e+02, 6.25310019e-02,
       6.19592957e+02, 1.35687134e+02, 6.65064752e-02, 0., 0., 0., 0.,
       0., 0., 0., 0., 0., 0., 0., 0., 0., 0., 0., 1.12304651e+03,
       7.29751053e+01, 6.31590426e-01, 1.13881726e+03, 1.23894882e+02,
       7.33473659e-01, 1.08781494e+03, 5.13880501e+01, 2.73404956e-01,
       1.12310583e+03, 1.63104370e+02, 1.92628890e-01, 0., 0., 0., 0.,
       0., 0., 0., 0., 0., 0., 0., 0., 0., 0., 0., 0., 0., 0. ]
