%YAML:1.0
---
pose_0: !!opencv-matrix
   rows: 1
   cols: 25
   dt: "3f"
   data: [ 9.27131470e+02, 3.70857056e+02, 7.08970428e-01,
       8.44866699e+02, 2.82622498e+02, 4.07317758e-01, 8.46822266e+02,
       2.74794098e+02, 6.63207948e-01, 7.42919128e+02, 3.12029510e+02,
       7.36355245e-01, 6.68617249e+02, 4.51087738e+02, 7.89533794e-01,
       0., 0., 0., 0., 0., 0., 0., 0., 0., 5.76482605e+02,
       2.63037781e+02, 1.03326619e-01, 0., 0., 0., 0., 0., 0., 0., 0.,
       0., 0., 0., 0., 0., 0., 0., 0., 0., 0., 9.42827637e+02,
       3.60965851e+02, 7.17290759e-01, 0., 0., 0., 9.36941284e+02,
       3.08064606e+02, 8.29782367e-01, 0., 0., 0., 0., 0., 0., 0., 0.,
       0., 0., 0., 0., 0., 0., 0., 0., 0., 0., 0., 0., 0. ]
