%YAML:1.0
---
pose_0: !!opencv-matrix
   rows: 1
   cols: 25
   dt: "3f"
   data: [ 9.80014160e+02, 3.11974915e+02, 7.60607541e-01,
       8.40988770e+02, 3.10085175e+02, 6.05695903e-01, 8.35116455e+02,
       2.25812820e+02, 6.10394061e-01, 6.93961792e+02, 1.65041962e+02,
       8.31706524e-01, 6.82271179e+02, 2.29752258e+02, 7.90674150e-01,
       8.50771606e+02, 4.04101410e+02, 4.99330312e-01, 6.99944214e+02,
       4.94136200e+02, 6.43204451e-01, 8.01755493e+02, 3.90372650e+02,
       7.36508489e-01, 5.43191711e+02, 3.72729248e+02, 1.39041379e-01,
       5.37281433e+02, 3.17858368e+02, 1.22904189e-01, 0., 0., 0., 0.,
       0., 0., 5.41209900e+02, 4.15817719e+02, 1.94622636e-01,
       3.29615265e+02, 3.84483612e+02, 3.25317979e-01, 1.37645309e+02,
       3.88449829e+02, 2.50191271e-01, 9.93672668e+02, 2.88527954e+02,
       8.98434877e-01, 9.95709229e+02, 3.33504730e+02, 7.98024535e-01,
       9.64425598e+02, 2.59046478e+02, 4.60598648e-01, 0., 0., 0.,
       8.67117233e+01, 4.00190735e+02, 6.72135353e-02, 9.45510025e+01,
       4.11879517e+02, 9.47093740e-02, 1.27843193e+02, 3.88383728e+02,
       1.13117173e-01, 0., 0., 0., 0., 0., 0., 0., 0., 0. ]
