%YAML:1.0
---
pose_0: !!opencv-matrix
   rows: 1
   cols: 25
   dt: "3f"
   data: [ 9.17412231e+02, 3.11969543e+02, 8.24886918e-01,
       7.95944580e+02, 3.27680634e+02, 6.68000102e-01, 7.86127441e+02,
       2.53192215e+02, 6.44850492e-01, 6.60725952e+02, 2.29771988e+02,
       7.41600811e-01, 5.60823059e+02, 2.33611877e+02, 7.84258068e-01,
       8.07727356e+02, 4.13822754e+02, 6.26741290e-01, 7.07705078e+02,
       4.60829285e+02, 6.51569963e-01, 5.72514893e+02, 4.92261261e+02,
       4.29204166e-01, 5.33379211e+02, 3.62929443e+02, 2.74246603e-01,
       5.39235718e+02, 3.13945282e+02, 3.05982649e-01, 3.53165039e+02,
       2.90456848e+02, 1.78239018e-01, 0., 0., 0., 5.31432556e+02,
       4.09947998e+02, 3.20747793e-01, 3.70771576e+02, 4.33528656e+02,
       3.66775155e-01, 1.61163559e+02, 4.92214844e+02, 1.70233786e-01,
       9.27125854e+02, 2.90524872e+02, 8.61574709e-01, 9.31151550e+02,
       3.27667389e+02, 8.35154057e-01, 8.99665222e+02, 2.74747253e+02,
       6.80721223e-01, 9.15437744e+02, 3.51195221e+02, 2.49991179e-01,
       1.31692886e+02, 4.72673004e+02, 5.92204817e-02, 1.29771042e+02,
       4.78590820e+02, 6.41265586e-02, 0., 0., 0., 0., 0., 0., 0., 0.,
       0., 0., 0., 0. ]
