%YAML:1.0
---
pose_0: !!opencv-matrix
   rows: 2
   cols: 25
   dt: "3f"
   data: [ 9.19358948e+02, 3.43359528e+02, 7.37903059e-01,
       8.40999878e+02, 2.84536896e+02, 3.38931262e-01, 8.48760315e+02,
       2.59169922e+02, 7.16266572e-01, 7.70425537e+02, 3.49182007e+02,
       7.25901783e-01, 8.54641479e+02, 4.35432892e+02, 7.50270128e-01,
       8.40974548e+02, 3.08101685e+02, 1.20585844e-01, 0., 0., 0., 0.,
       0., 0., 5.58846436e+02, 2.92433075e+02, 3.12120795e-01,
       5.54954346e+02, 2.64996674e+02, 3.34689766e-01, 3.06113068e+02,
       3.23792480e+02, 2.17343092e-01, 1.04347580e+02, 3.37501831e+02,
       2.81032771e-01, 5.58835938e+02, 3.29632996e+02, 2.46836036e-01,
       3.98212524e+02, 3.53100555e+02, 1.20020077e-01, 1.25859734e+02,
       3.06134003e+02, 1.85841382e-01, 9.35039185e+02, 3.21855164e+02,
       7.81939507e-01, 9.36988342e+02, 3.51092834e+02, 6.26829207e-01,
       9.19304810e+02, 2.78670563e+02, 8.43141019e-01, 0., 0., 0.,
       1.02356674e+02, 2.70826935e+02, 1.64413154e-01, 1.04336548e+02,
       2.78691101e+02, 1.67377174e-01, 0., 0., 0., 5.33733978e+01,
       3.27656982e+02, 9.86594409e-02, 5.33582115e+01, 3.25719177e+02,
       8.19605365e-02, 8.47281952e+01, 3.39448303e+02, 2.05908448e-01,
       0., 0., 0., 0., 0., 0., 0., 0., 0., 0., 0., 0., 0., 0., 0.,
       7.74329651e+02, 3.08119293e+02, 7.94298574e-02, 7.21492920e+02,
       3.80588837e+02, 7.65630007e-01, 8.29200439e+02, 4.37368225e+02,
       6.01884961e-01, 0., 0., 0., 0., 0., 0., 0., 0., 0., 0., 0., 0.,
       0., 0., 0., 0., 0., 0., 0., 0., 0., 0., 0., 0., 0., 0., 0., 0.,
       0., 0., 0., 0., 0., 0., 0., 0., 0., 0., 0., 0., 0., 0., 0., 0.,
       0., 0., 0., 0., 0., 0., 0. ]
