%YAML:1.0
---
pose_0: !!opencv-matrix
   rows: 1
   cols: 25
   dt: "3f"
   data: [ 9.48717041e+02, 3.27683777e+02, 7.86432326e-01,
       8.27243530e+02, 3.51191986e+02, 6.26396894e-01, 8.07653687e+02,
       2.88465851e+02, 6.80579782e-01, 6.97908752e+02, 2.70838928e+02,
       5.86660087e-01, 5.88256531e+02, 2.37519196e+02, 8.37285399e-01,
       8.41007568e+02, 4.17801758e+02, 6.08648539e-01, 7.39098938e+02,
       4.84374695e+02, 7.33907580e-01, 6.50946960e+02, 4.47156036e+02,
       8.38959694e-01, 5.70593994e+02, 3.64899261e+02, 1.80469438e-01,
       5.72542664e+02, 3.19821899e+02, 2.88897753e-01, 3.17857880e+02,
       3.13964539e+02, 1.26552686e-01, 1.35663361e+02, 3.37516144e+02,
       8.30049813e-02, 5.76488403e+02, 4.25622559e+02, 1.52181521e-01,
       3.90381683e+02, 4.13849792e+02, 1.37912303e-01, 3.47248657e+02,
       4.25620850e+02, 5.66822812e-02, 9.58488464e+02, 3.10048676e+02,
       7.83853471e-01, 9.62478027e+02, 3.43357086e+02, 8.17454457e-01,
       9.31081116e+02, 2.92463287e+02, 3.25554192e-01, 9.40875854e+02,
       3.80513031e+02, 3.38032484e-01, 0., 0., 0., 0., 0., 0., 0., 0.,
       0., 1.16108589e+02, 3.49228302e+02, 8.55847150e-02,
       1.16053566e+02, 3.41378265e+02, 8.34431425e-02, 0., 0., 0. ]
