%YAML:1.0
---
pose_0: !!opencv-matrix
   rows: 1
   cols: 25
   dt: "3f"
   data: [ 9.97730713e+02, 2.59165253e+02, 7.71078229e-01,
       8.78200378e+02, 2.74786804e+02, 5.61000049e-01, 8.52713745e+02,
       1.86628403e+02, 4.91180718e-01, 7.03836975e+02, 1.16032692e+02,
       6.48305893e-01, 6.84214294e+02, 1.72907333e+02, 7.25507081e-01,
       8.91912048e+02, 3.57062286e+02, 4.54453051e-01, 7.66508179e+02,
       4.47142975e+02, 5.90497673e-01, 6.68621338e+02, 4.15761841e+02,
       7.90320516e-01, 0., 0., 0., 0., 0., 0., 0., 0., 0., 0., 0., 0.,
       0., 0., 0., 0., 0., 0., 0., 0., 0., 1.00941406e+03,
       2.29730270e+02, 8.66615236e-01, 1.01922272e+03, 2.78724762e+02,
       7.41052926e-01, 9.72242432e+02, 2.08151367e+02, 5.65889895e-01,
       1.00947668e+03, 3.06072235e+02, 1.05420947e-01, 0., 0., 0., 0.,
       0., 0., 0., 0., 0., 0., 0., 0., 0., 0., 0., 0., 0., 0. ]
