%YAML:1.0
---
pose_0: !!opencv-matrix
   rows: 1
   cols: 25
   dt: "3f"
   data: [ 9.62443726e+02, 1.96371338e+02, 7.70812690e-01,
       8.37032593e+02, 2.10135422e+02, 6.36992276e-01, 8.21302795e+02,
       1.19987740e+02, 6.67822838e-01, 6.80293457e+02, 9.45572662e+01,
       6.78379476e-01, 5.92171082e+02, 9.06101608e+01, 7.11387038e-01,
       8.50713989e+02, 2.98290436e+02, 5.93383253e-01, 7.44983643e+02,
       3.57036346e+02, 6.64241314e-01, 6.17581970e+02, 3.72715759e+02,
       6.40425980e-01, 5.62768433e+02, 2.00325348e+02, 1.25626966e-01,
       5.51019592e+02, 1.63101959e+02, 2.14955300e-01, 4.15822083e+02,
       1.82683105e+02, 6.41191155e-02, 3.15921631e+02, 2.06211472e+02,
       2.15811744e-01, 5.60797791e+02, 2.72804596e+02, 1.05435155e-01,
       4.13874359e+02, 2.86510132e+02, 5.14850281e-02, 0., 0., 0.,
       9.64418152e+02, 1.68988327e+02, 8.48595738e-01, 9.78121826e+02,
       2.10190262e+02, 7.14525402e-01, 9.33055420e+02, 1.47380096e+02,
       5.71260571e-01, 9.64385010e+02, 2.35615051e+02, 1.76934570e-01,
       0., 0., 0., 0., 0., 0., 0., 0., 0., 2.88430817e+02,
       2.29707062e+02, 6.09774888e-02, 0., 0., 0., 0., 0., 0. ]
