%YAML:1.0
---
pose_0: !!opencv-matrix
   rows: 1
   cols: 25
   dt: "3f"
   data: [ 8.84086853e+02, 3.74661407e+02, 7.07261622e-01,
       8.01761353e+02, 3.04165649e+02, 5.28964818e-01, 8.05695068e+02,
       2.88554779e+02, 6.80885255e-01, 6.99895874e+02, 2.55136749e+02,
       7.26334989e-01, 6.29398743e+02, 3.90384003e+02, 5.60105562e-01,
       7.93950500e+02, 3.23765503e+02, 3.61568034e-01, 7.07723755e+02,
       3.53119934e+02, 3.00368786e-01, 6.35243652e+02, 3.78618561e+02,
       5.99242747e-02, 5.43190674e+02, 2.84583313e+02, 2.07783788e-01,
       5.33368835e+02, 2.57177307e+02, 2.34091252e-01, 3.37505219e+02,
       3.84470581e+02, 3.04396778e-01, 8.27908173e+01, 3.47250580e+02,
       1.64251596e-01, 5.47111938e+02, 3.06153381e+02, 1.30276725e-01,
       4.43238434e+02, 3.53116913e+02, 6.26058131e-02, 0., 0., 0.,
       9.01688171e+02, 3.55156158e+02, 7.99532712e-01, 0., 0., 0.,
       8.86101624e+02, 3.10064392e+02, 8.53521526e-01, 0., 0., 0., 0.,
       0., 0., 0., 0., 0., 0., 0., 0., 3.97182961e+01, 3.13961517e+02,
       6.33501634e-02, 0., 0., 0., 0., 0., 0. ]
