%YAML:1.0
---
pose_0: !!opencv-matrix
   rows: 1
   cols: 25
   dt: "3f"
   data: [ 8.84034668e+02, 3.60992401e+02, 7.97185540e-01,
       8.01798645e+02, 4.00121704e+02, 6.81127250e-01, 7.76344238e+02,
       3.64930023e+02, 5.28631687e-01, 6.50971619e+02, 3.74682678e+02,
       5.62777162e-01, 5.68679321e+02, 3.47214111e+02, 7.85032392e-01,
       8.31134155e+02, 4.37367676e+02, 5.75587213e-01, 8.17415161e+02,
       5.11838684e+02, 7.80184209e-01, 8.05688477e+02, 3.70835663e+02,
       7.98151493e-01, 5.52954712e+02, 4.21740967e+02, 3.60906720e-01,
       5.54900574e+02, 3.86474670e+02, 4.99469250e-01, 3.51225067e+02,
       3.88400787e+02, 3.94230545e-01, 1.51407730e+02, 3.86453278e+02,
       4.11600441e-01, 5.52941101e+02, 4.60844818e+02, 2.88827002e-01,
       3.90371857e+02, 4.66773895e+02, 1.89099789e-01, 0., 0., 0.,
       8.86115723e+02, 3.47248138e+02, 8.18379581e-01, 8.97792786e+02,
       3.70834778e+02, 8.44601572e-01, 8.70368774e+02, 3.35577820e+02,
       4.38747972e-01, 8.91905212e+02, 4.00080078e+02, 6.36745572e-01,
       0., 0., 0., 0., 0., 0., 0., 0., 0., 1.33784714e+02,
       4.13860046e+02, 8.20162669e-02, 0., 0., 0., 1.39574265e+02,
       3.92323425e+02, 2.63904989e-01 ]
