%YAML:1.0
---
pose_0: !!opencv-matrix
   rows: 1
   cols: 25
   dt: "3f"
   data: [ 0., 0., 0., 8.01759460e+02, 4.25615845e+02, 2.75894493e-01,
       7.99818542e+02, 4.76510651e+02, 3.26230139e-01, 8.93822021e+02,
       5.54838684e+02, 5.88742554e-01, 8.50717773e+02, 4.49175171e+02,
       6.89413846e-01, 8.11565002e+02, 3.80533417e+02, 2.28495404e-01,
       9.23217407e+02, 3.84400116e+02, 7.27065504e-01, 9.48710205e+02,
       4.78475403e+02, 7.60875344e-01, 6.35240173e+02, 4.51096588e+02,
       6.46797493e-02, 0., 0., 0., 0., 0., 0., 0., 0., 0.,
       6.29385376e+02, 5.11835236e+02, 7.02198446e-02, 0., 0., 0., 0.,
       0., 0., 0., 0., 0., 0., 0., 0., 0., 0., 0., 0., 0., 0., 0., 0.,
       0., 0., 0., 0., 0., 0., 0., 0., 0., 0., 0., 0., 0., 0., 0., 0. ]
