%YAML:1.0
---
pose_0: !!opencv-matrix
   rows: 1
   cols: 25
   dt: "3f"
   data: [ 8.99697571e+02, 1.18078972e+02, 8.27467203e-01,
       7.86071350e+02, 1.23948586e+02, 6.36459291e-01, 7.80226624e+02,
       3.96965332e+01, 7.05789387e-01, 6.68585693e+02, 5.35024977e+00,
       3.96311313e-01, 0., 0., 0., 7.78327393e+02, 2.10106216e+02,
       6.79609776e-01, 6.62626526e+02, 2.51267410e+02, 7.41880953e-01,
       5.39324829e+02, 2.68921448e+02, 8.00402999e-01, 5.37314636e+02,
       1.27836617e+02, 1.32313251e-01, 5.25549255e+02, 7.88491135e+01,
       1.27104074e-01, 0., 0., 0., 0., 0., 0., 5.52954468e+02,
       1.72903458e+02, 1.32206142e-01, 0., 0., 0., 0., 0., 0.,
       9.05597046e+02, 1.00347153e+02, 8.55154395e-01, 9.07600952e+02,
       1.33785233e+02, 7.96585858e-01, 8.84048523e+02, 7.49402313e+01,
       6.50494993e-01, 8.89922241e+02, 1.59139282e+02, 2.76888907e-01,
       0., 0., 0., 0., 0., 0., 0., 0., 0., 0., 0., 0., 0., 0., 0., 0.,
       0., 0. ]
