%YAML:1.0
---
pose_0: !!opencv-matrix
   rows: 1
   cols: 25
   dt: "3f"
   data: [ 9.66351563e+02, 2.98306580e+02, 6.92244351e-01,
       8.48765686e+02, 3.19817078e+02, 5.62825561e-01, 8.35068115e+02,
       2.39463959e+02, 5.67741334e-01, 6.66571045e+02, 1.78826492e+02,
       7.75374055e-01, 7.11721680e+02, 2.12074951e+02, 8.48077238e-01,
       8.58641785e+02, 4.09947235e+02, 5.31557798e-01, 7.13605835e+02,
       5.17689087e+02, 6.46634936e-01, 7.76231140e+02, 4.17796906e+02,
       8.20177257e-01, 5.66687256e+02, 3.37469818e+02, 9.66621563e-02,
       5.70600403e+02, 2.82621368e+02, 1.61419675e-01, 4.55027679e+02,
       2.74787750e+02, 7.15039372e-02, 3.37491364e+02, 2.86513947e+02,
       2.24706054e-01, 5.29465515e+02, 4.00177887e+02, 8.79976675e-02,
       3.33554962e+02, 3.94265137e+02, 5.98418117e-02, 0., 0., 0.,
       9.80020630e+02, 2.74877075e+02, 8.63090336e-01, 9.85947937e+02,
       3.21737976e+02, 7.81315386e-01, 9.54584106e+02, 2.45407120e+02,
       5.14722824e-01, 9.68307129e+02, 3.43353210e+02, 1.57263726e-01,
       0., 0., 0., 0., 0., 0., 0., 0., 0., 0., 0., 0., 0., 0., 0., 0.,
       0., 0. ]
