%YAML:1.0
---
pose_0: !!opencv-matrix
   rows: 1
   cols: 25
   dt: "3f"
   data: [ 1.04282043e+03, 2.06205719e+02, 7.26201475e-01,
       9.15445862e+02, 1.88566910e+02, 3.53367001e-01, 9.05596313e+02,
       1.00380104e+02, 4.67084050e-01, 8.27242065e+02, 5.34669876e+00,
       2.62884766e-01, 8.85996216e+02, 1.80739700e+02, 5.35084307e-01,
       8.91916199e+02, 2.96334412e+02, 3.43125880e-01, 7.60626526e+02,
       3.53081512e+02, 1.70732141e-01, 0., 0., 0., 0., 0., 0., 0., 0.,
       0., 0., 0., 0., 0., 0., 0., 0., 0., 0., 0., 0., 0., 0., 0., 0.,
       1.06232922e+03, 1.80797256e+02, 8.57442498e-01, 1.05842419e+03,
       2.27672806e+02, 7.30680227e-01, 1.03882385e+03, 1.47414581e+02,
       5.48304021e-01, 0., 0., 0., 0., 0., 0., 0., 0., 0., 0., 0., 0.,
       0., 0., 0., 0., 0., 0., 0., 0., 0. ]
