%YAML:1.0
---
pose_0: !!opencv-matrix
   rows: 1
   cols: 25
   dt: "3f"
   data: [ 8.54661255e+02, 3.10077057e+02, 7.82571733e-01,
       7.76273071e+02, 2.74843262e+02, 6.94451034e-01, 7.78312195e+02,
       2.08172806e+02, 6.34809136e-01, 7.09691589e+02, 1.94499771e+02,
       7.38655925e-01, 7.80256165e+02, 3.04110626e+02, 6.35526955e-01,
       7.70440186e+02, 3.39455475e+02, 5.56620598e-01, 6.97907043e+02,
       4.33495056e+02, 8.54182601e-01, 7.66525085e+02, 4.11865204e+02,
       7.52902925e-01, 5.11861969e+02, 2.74768921e+02, 3.96124780e-01,
       5.17696960e+02, 2.29761398e+02, 4.53283370e-01, 3.66836548e+02,
       2.16019699e+02, 4.09022123e-01, 1.88569656e+02, 2.00338531e+02,
       7.23719895e-02, 5.15757080e+02, 3.17854187e+02, 4.72315907e-01,
       3.39423004e+02, 3.35481049e+02, 4.27417397e-01, 1.57216705e+02,
       3.21868256e+02, 4.87830877e-01, 8.70346924e+02, 2.90517761e+02,
       7.72562265e-01, 8.74267273e+02, 3.13978455e+02, 7.07572818e-01,
       8.54769226e+02, 2.53177780e+02, 8.12036157e-01, 0., 0., 0.,
       1.16024643e+02, 3.72727814e+02, 3.53646010e-01, 1.18045433e+02,
       3.70822479e+02, 3.61904979e-01, 1.33669357e+02, 3.06168091e+02,
       4.11333591e-01, 0., 0., 0., 0., 0., 0., 1.84634491e+02,
       2.00323837e+02, 8.86204243e-02 ]
