%YAML:1.0
---
pose_0: !!opencv-matrix
   rows: 1
   cols: 25
   dt: "3f"
   data: [ 9.03686035e+02, 3.00260193e+02, 7.43050456e-01,
       7.95877502e+02, 3.06129974e+02, 6.36564016e-01, 7.92081238e+02,
       2.27813309e+02, 6.95316076e-01, 6.92087646e+02, 1.63007889e+02,
       7.85868049e-01, 5.92135498e+02, 1.67052368e+02, 7.77583599e-01,
       7.92076233e+02, 3.90396027e+02, 6.22678101e-01, 6.78315918e+02,
       4.27605621e+02, 7.90371180e-01, 6.76426208e+02, 3.43367096e+02,
       6.73915923e-01, 5.62757324e+02, 3.06135895e+02, 2.20630124e-01,
       5.66675598e+02, 2.64987793e+02, 2.65179992e-01, 3.62921875e+02,
       2.57142548e+02, 5.29766023e-01, 1.49440201e+02, 2.55154007e+02,
       5.24069667e-01, 5.49064209e+02, 3.57088806e+02, 2.08956614e-01,
       3.35491119e+02, 3.60983948e+02, 2.51931489e-01, 1.53316376e+02,
       3.55149353e+02, 4.91114855e-01, 9.15418823e+02, 2.80675903e+02,
       8.42791975e-01, 9.17332214e+02, 3.17836365e+02, 7.92091012e-01,
       8.93837891e+02, 2.63054413e+02, 5.81859052e-01, 8.97781555e+02,
       3.37515991e+02, 3.88151765e-01, 9.65121994e+01, 3.96210358e+02,
       2.80600786e-01, 1.02432236e+02, 3.96272705e+02, 2.97646821e-01,
       1.31717926e+02, 3.43339539e+02, 2.44830847e-01, 1.47400253e+02,
       2.57228546e+02, 5.16619831e-02, 1.47446274e+02, 2.57163055e+02,
       5.52829206e-02, 1.39602768e+02, 2.57146545e+02, 3.39620054e-01 ]
