%YAML:1.0
---
pose_0: !!opencv-matrix
   rows: 1
   cols: 25
   dt: "3f"
   data: [ 9.17308533e+02, 3.51085693e+02, 8.02915335e-01,
       8.35106567e+02, 2.65008575e+02, 4.08737600e-01, 8.37027954e+02,
       2.70849243e+02, 6.84513450e-01, 7.46994629e+02, 3.19786926e+02,
       7.01500058e-01, 7.17534668e+02, 4.41262421e+02, 7.81844437e-01,
       8.37057922e+02, 2.55176910e+02, 2.70199299e-01, 0., 0., 0., 0.,
       0., 0., 5.47102051e+02, 2.37537811e+02, 1.94498748e-01,
       5.52942139e+02, 2.57134003e+02, 2.08166435e-01, 3.62959991e+02,
       3.43373199e+02, 1.87416688e-01, 1.47423416e+02, 3.06082184e+02,
       1.80276856e-01, 5.41252075e+02, 2.12095505e+02, 1.66279852e-01,
       3.57075653e+02, 3.47240845e+02, 1.70316041e-01, 1.39604630e+02,
       3.02235504e+02, 3.28611493e-01, 9.31094788e+02, 3.33531464e+02,
       8.23616922e-01, 0., 0., 0., 9.15495117e+02, 2.84598267e+02,
       8.56611609e-01, 0., 0., 0., 1.18136436e+02, 3.86468658e+02,
       3.31067681e-01, 1.21976601e+02, 3.86421295e+02, 2.83169568e-01,
       1.16093445e+02, 2.88516602e+02, 2.65957415e-01, 1.16057533e+02,
       3.92318756e+02, 2.05006912e-01, 1.14120338e+02, 3.86480103e+02,
       1.61696270e-01, 1.18020439e+02, 2.84585907e+02, 1.34642184e-01 ]
