%YAML:1.0
---
pose_0: !!opencv-matrix
   rows: 1
   cols: 25
   dt: "3f"
   data: [ 9.01750305e+02, 2.72789124e+02, 8.89283895e-01,
       8.07757935e+02, 3.00211090e+02, 7.05372572e-01, 8.03712891e+02,
       2.33624237e+02, 6.25667453e-01, 8.41035156e+02, 1.31785339e+02,
       7.90626526e-01, 9.27201538e+02, 1.96465225e+02, 7.97232628e-01,
       8.25322021e+02, 3.66834045e+02, 6.45590544e-01, 8.97778870e+02,
       4.45137451e+02, 8.31787944e-01, 9.48631409e+02, 3.35420685e+02,
       8.73761296e-01, 5.72570374e+02, 3.37473480e+02, 3.34437728e-01,
       5.76471924e+02, 2.94367554e+02, 3.30006957e-01, 3.74668976e+02,
       2.74829803e+02, 4.70764220e-01, 1.80792923e+02, 3.02181000e+02,
       5.33828259e-01, 5.80385010e+02, 3.76643585e+02, 3.40967655e-01,
       3.47270905e+02, 3.92340485e+02, 3.83712679e-01, 1.78799667e+02,
       4.13837616e+02, 4.77236420e-01, 9.01748291e+02, 2.45453857e+02,
       8.51131439e-01, 9.15481873e+02, 2.82576172e+02, 8.26271951e-01,
       8.58613770e+02, 2.31674438e+02, 5.30341983e-01, 9.01729431e+02,
       3.04176117e+02, 2.13699281e-01, 1.12166969e+02, 4.35447235e+02,
       2.23865941e-01, 1.21960136e+02, 4.43257172e+02, 2.45038182e-01,
       1.63077286e+02, 4.13862183e+02, 1.83008790e-01, 1.49440979e+02,
       2.63066956e+02, 1.63208887e-01, 0., 0., 0., 1.69007980e+02,
       3.10046051e+02, 3.68144512e-01 ]
