%YAML:1.0
---
pose_0: !!opencv-matrix
   rows: 1
   cols: 25
   dt: "3f"
   data: [ 8.84039978e+02, 2.41479462e+02, 7.87255824e-01,
       7.78331848e+02, 2.55180008e+02, 6.92739904e-01, 7.74344849e+02,
       1.80671524e+02, 7.35705256e-01, 6.60708984e+02, 1.57222519e+02,
       5.54778814e-01, 5.39224915e+02, 1.51374908e+02, 7.76851594e-01,
       7.89965515e+02, 3.31597443e+02, 6.69839799e-01, 6.72512573e+02,
       3.82600708e+02, 7.84278154e-01, 6.33323730e+02, 3.35456390e+02,
       8.54953408e-01, 5.04007996e+02, 2.59072998e+02, 2.88071483e-01,
       5.09859589e+02, 2.14094177e+02, 3.89431655e-01, 3.47267731e+02,
       2.16005386e+02, 2.35177219e-01, 2.08126816e+02, 2.39500198e+02,
       3.21784854e-01, 5.02029541e+02, 3.06108459e+02, 3.01991463e-01,
       3.35528351e+02, 3.06071655e+02, 2.96162874e-01, 1.59178131e+02,
       3.10030151e+02, 2.86506832e-01, 8.89924927e+02, 2.23806412e+02,
       7.83241570e-01, 8.97754883e+02, 2.55173370e+02, 7.63359606e-01,
       8.62496033e+02, 2.00334244e+02, 6.21781766e-01, 8.82108643e+02,
       2.74797791e+02, 4.16823566e-01, 9.25717316e+01, 3.29628387e+02,
       2.44720399e-01, 1.02447014e+02, 3.35478394e+02, 3.05817842e-01,
       1.04362694e+02, 3.08123474e+02, 8.98787901e-02, 0., 0., 0., 0.,
       0., 0., 1.96445572e+02, 2.43410294e+02, 1.67357221e-01 ]
