%YAML:1.0
---
pose_0: !!opencv-matrix
   rows: 1
   cols: 25
   dt: "3f"
   data: [ 9.21262573e+02, 3.45298676e+02, 7.29462206e-01,
       8.50770386e+02, 2.72866791e+02, 3.86824667e-01, 8.58592468e+02,
       2.57075867e+02, 6.83445871e-01, 7.76235779e+02, 1.94481400e+02,
       8.53701591e-01, 6.84222229e+02, 3.33558960e+02, 7.34234631e-01,
       8.44868713e+02, 3.04115906e+02, 1.34681508e-01, 0., 0., 0., 0.,
       0., 0., 6.62692322e+02, 2.84562408e+02, 8.67080018e-02, 0., 0.,
       0., 0., 0., 0., 0., 0., 0., 0., 0., 0., 0., 0., 0., 0., 0., 0.,
       9.40856018e+02, 3.21885498e+02, 7.52840519e-01, 9.35034424e+02,
       3.51147919e+02, 3.25709879e-01, 9.21261719e+02, 2.74737274e+02,
       8.54925036e-01, 0., 0., 0., 0., 0., 0., 0., 0., 0., 0., 0., 0.,
       0., 0., 0., 0., 0., 0., 0., 0., 0. ]
