%YAML:1.0
---
pose_0: !!opencv-matrix
   rows: 1
   cols: 25
   dt: "3f"
   data: [ 8.97795593e+02, 2.12103775e+02, 8.54175031e-01,
       7.89957764e+02, 2.27743332e+02, 7.25698948e-01, 7.70465515e+02,
       1.49399445e+02, 6.94280684e-01, 6.49012207e+02, 1.29798676e+02,
       8.10255885e-01, 5.58823547e+02, 1.47392807e+02, 8.47008407e-01,
       8.03760986e+02, 3.11987488e+02, 6.71133816e-01, 6.96049011e+02,
       3.55118561e+02, 7.37992287e-01, 5.84262695e+02, 3.41425690e+02,
       7.83031464e-01, 5.23561646e+02, 2.53211105e+02, 2.62750149e-01,
       5.21586121e+02, 2.12101151e+02, 3.72787744e-01, 3.19823792e+02,
       2.39506561e+02, 1.81336150e-01, 1.35681213e+02, 2.39455093e+02,
       3.10575306e-01, 5.13804626e+02, 2.98276550e+02, 2.17908978e-01,
       3.51164642e+02, 3.06134735e+02, 1.75701290e-01, 1.47469345e+02,
       3.21756439e+02, 1.93483382e-01, 9.03623413e+02, 1.92516617e+02,
       8.76030743e-01, 9.13425659e+02, 2.25871796e+02, 8.59563828e-01,
       8.82072449e+02, 1.68985092e+02, 7.16684699e-01, 8.97810913e+02,
       2.47343781e+02, 2.80913085e-01, 1.00400810e+02, 3.51213715e+02,
       1.65987611e-01, 0., 0., 0., 0., 0., 0., 1.02339668e+02,
       2.00310135e+02, 1.53313994e-01, 1.04333565e+02, 2.00313477e+02,
       1.29434735e-01, 1.25889267e+02, 2.49314560e+02, 2.27338046e-01 ]
