%YAML:1.0
---
pose_0: !!opencv-matrix
   rows: 1
   cols: 25
   dt: "3f"
   data: [ 8.82120728e+02, 4.00147675e+02, 8.63986969e-01,
       8.03673035e+02, 4.45266388e+02, 8.18866014e-01, 7.72418152e+02,
       4.06022888e+02, 6.69188499e-01, 6.33344116e+02, 3.96200989e+02,
       6.97776914e-01, 5.78451416e+02, 3.51235504e+02, 8.25938106e-01,
       8.33142517e+02, 4.86380493e+02, 6.42494559e-01, 7.91903198e+02,
       4.92305695e+02, 8.18791389e-01, 7.23403931e+02, 3.59047424e+02,
       7.09277153e-01, 5.50995544e+02, 4.74626465e+02, 3.57376516e-01,
       5.43211792e+02, 4.37367889e+02, 4.76691067e-01, 3.66868683e+02,
       4.31567871e+02, 5.26158214e-01, 1.72921463e+02, 4.31543488e+02,
       3.50364268e-01, 5.52989807e+02, 5.13824280e+02, 3.61555815e-01,
       3.70780365e+02, 5.66707153e+02, 5.51354408e-01, 2.17965271e+02,
       6.48929016e+02, 3.93453181e-01, 8.86059875e+02, 3.86503967e+02,
       8.87695134e-01, 8.99629089e+02, 4.15765289e+02, 8.78647745e-01,
       8.68341858e+02, 3.82498474e+02, 2.08996356e-01, 8.87994934e+02,
       4.47117554e+02, 7.26669848e-01, 1.35714386e+02, 6.39178528e+02,
       2.01857790e-01, 1.45488007e+02, 6.48966003e+02, 2.09810212e-01,
       2.00322815e+02, 6.62689941e+02, 2.03653112e-01, 1.31778763e+02,
       3.66873383e+02, 1.74038649e-01, 1.31745209e+02, 3.68854797e+02,
       1.31505325e-01, 1.57247375e+02, 4.43247986e+02, 1.91656813e-01 ]
