%YAML:1.0
---
pose_0: !!opencv-matrix
   rows: 1
   cols: 25
   dt: "3f"
   data: [ 9.19334778e+02, 1.84674637e+02, 7.03269184e-01,
       8.31151672e+02, 2.47370407e+02, 6.33576214e-01, 8.03682617e+02,
       1.94427612e+02, 6.03835166e-01, 7.29281677e+02, 1.80759445e+02,
       2.94114262e-01, 6.76410339e+02, 1.63066574e+02, 5.52673757e-01,
       8.52736755e+02, 3.08111023e+02, 6.62813246e-01, 7.42989258e+02,
       3.94271149e+02, 6.28277540e-01, 5.88269165e+02, 4.13925995e+02,
       7.53650665e-01, 5.15753906e+02, 2.78695099e+02, 1.19993903e-01,
       5.15762939e+02, 2.45394638e+02, 1.27520591e-01, 3.35510376e+02,
       2.94368347e+02, 1.05556421e-01, 9.06045914e+01, 3.80514435e+02,
       2.76149839e-01, 5.13793457e+02, 3.08081909e+02, 1.03501812e-01,
       3.17888611e+02, 3.04207306e+02, 1.14492349e-01, 8.86465149e+01,
       3.80572662e+02, 1.57701194e-01, 9.35065613e+02, 1.78821426e+02,
       4.90226448e-01, 9.48668701e+02, 1.98430161e+02, 8.24002743e-01,
       0., 0., 0., 9.35060364e+02, 2.47393524e+02, 7.76918530e-01,
       6.31882401e+01, 4.09935913e+02, 7.32989833e-02, 6.90126343e+01,
       4.07981049e+02, 1.10399030e-01, 6.70895996e+01, 3.86443390e+02,
       1.23954259e-01, 6.70784760e+01, 4.02170532e+02, 1.87680557e-01,
       6.32052917e+01, 3.96235565e+02, 1.82098493e-01, 7.49531326e+01,
       3.84473389e+02, 1.89048186e-01 ]
