%YAML:1.0
---
pose_0: !!opencv-matrix
   rows: 1
   cols: 25
   dt: "3f"
   data: [ 9.25201416e+02, 2.02291687e+02, 7.27342367e-01,
       8.17463806e+02, 2.15982559e+02, 6.62220061e-01, 8.07685913e+02,
       1.35660553e+02, 7.17470467e-01, 6.82304321e+02, 1.16049019e+02,
       6.68316483e-01, 5.80390869e+02, 1.04315216e+02, 7.73826420e-01,
       8.21345947e+02, 3.02144104e+02, 6.76938593e-01, 7.23408752e+02,
       3.53087219e+02, 8.09401274e-01, 6.94054321e+02, 3.06179474e+02,
       7.70089746e-01, 5.82364624e+02, 2.16011063e+02, 3.10503453e-01,
       5.76491150e+02, 1.76793167e+02, 3.83893609e-01, 3.84539001e+02,
       2.10105255e+02, 6.45472765e-01, 1.57233704e+02, 2.27725067e+02,
       2.53368586e-01, 5.90181641e+02, 2.63019623e+02, 2.73173988e-01,
       4.49145966e+02, 2.92423218e+02, 9.38399360e-02, 3.60984802e+02,
       2.72827057e+02, 6.05949163e-02, 9.33110168e+02, 1.80785690e+02,
       9.04703259e-01, 9.44745972e+02, 2.19943069e+02, 7.86285579e-01,
       9.09527893e+02, 1.61148376e+02, 5.53030372e-01, 9.31082520e+02,
       2.43450333e+02, 1.70821011e-01, 0., 0., 0., 0., 0., 0., 0., 0.,
       0., 1.04316864e+02, 2.70888519e+02, 8.57748687e-02, 0., 0., 0.,
       0., 0., 0. ]
