%YAML:1.0
---
pose_0: !!opencv-matrix
   rows: 1
   cols: 25
   dt: "3f"
   data: [ 9.46737488e+02, 4.00100433e+02, 8.41524720e-01,
       8.29241821e+02, 3.35514526e+02, 6.67900681e-01, 8.48779480e+02,
       2.72809021e+02, 6.42149687e-01, 7.13655029e+02, 2.19932892e+02,
       7.88873911e-01, 6.29380127e+02, 3.21893158e+02, 7.46361792e-01,
       8.07661743e+02, 3.88424591e+02, 5.23990154e-01, 6.88178467e+02,
       4.31454285e+02, 7.46869266e-01, 6.88158508e+02, 4.94215851e+02,
       7.26795554e-01, 6.05859314e+02, 3.35493469e+02, 2.33126014e-01,
       6.00011902e+02, 3.04199524e+02, 2.20792934e-01, 2.68897400e+02,
       3.35493195e+02, 2.44116187e-01, 1.31757889e+02, 3.49187164e+02,
       2.61663616e-01, 6.11740723e+02, 3.80581848e+02, 1.37414783e-01,
       2.64985596e+02, 3.39444336e+02, 9.33494642e-02, 1.31747437e+02,
       3.49251984e+02, 2.28818744e-01, 9.62390564e+02, 3.78618500e+02,
       8.29599142e-01, 9.64345398e+02, 4.00135071e+02, 3.61523807e-01,
       9.46678650e+02, 3.21877930e+02, 8.62052619e-01, 0., 0., 0.,
       9.84281616e+01, 3.23750641e+02, 1.04927629e-01, 1.00385880e+02,
       3.37456970e+02, 1.22945942e-01, 1.16101028e+02, 3.57061707e+02,
       1.39594153e-01, 9.64699249e+01, 3.21836853e+02, 1.55858085e-01,
       9.84436798e+01, 3.21828705e+02, 1.31545916e-01, 1.16055077e+02,
       3.55096558e+02, 1.99383825e-01 ]
