%YAML:1.0
---
pose_0: !!opencv-matrix
   rows: 1
   cols: 25
   dt: "3f"
   data: [ 9.70271606e+02, 2.33617065e+02, 7.50450015e-01,
       8.40973877e+02, 2.74748199e+02, 6.97212875e-01, 8.15476196e+02,
       1.96420776e+02, 5.62899947e-01, 7.33204956e+02, 1.84667145e+02,
       1.92951858e-01, 6.90079712e+02, 1.76814560e+02, 5.23371220e-01,
       8.66448975e+02, 3.53159637e+02, 6.33254468e-01, 7.78247559e+02,
       4.72667358e+02, 8.06114376e-01, 8.31139465e+02, 3.41389191e+02,
       7.80043185e-01, 5.84328308e+02, 2.59126129e+02, 1.44043416e-01,
       5.78436157e+02, 2.23825684e+02, 2.00472236e-01, 3.12022217e+02,
       2.72775757e+02, 1.87067807e-01, 1.23947845e+02, 3.19773041e+02,
       2.16291606e-01, 5.86281860e+02, 3.29630157e+02, 7.35865533e-02,
       3.53184601e+02, 3.47286255e+02, 1.55692413e-01, 0., 0., 0.,
       9.68331299e+02, 2.10097733e+02, 8.29215109e-01, 9.83995178e+02,
       2.45371933e+02, 8.21047902e-01, 9.31027710e+02, 1.94421371e+02,
       7.16315567e-01, 9.68339905e+02, 2.72853546e+02, 2.46714935e-01,
       0., 0., 0., 0., 0., 0., 0., 0., 0., 7.10522995e+01,
       3.45287048e+02, 1.02284238e-01, 7.30171432e+01, 3.39409546e+02,
       1.07323550e-01, 1.31726776e+02, 3.31554626e+02, 1.61420479e-01 ]
