%YAML:1.0
---
pose_0: !!opencv-matrix
   rows: 1
   cols: 25
   dt: "3f"
   data: [ 8.86061340e+02, 3.23744904e+02, 7.82459974e-01,
       8.15474426e+02, 2.92403595e+02, 6.20428443e-01, 8.23354980e+02,
       2.14072845e+02, 6.02677345e-01, 6.90143799e+02, 1.63133759e+02,
       7.65821695e-01, 7.41063049e+02, 2.61056488e+02, 6.95695043e-01,
       7.95881470e+02, 3.76658112e+02, 3.40663075e-01, 6.52948608e+02,
       4.15898041e+02, 6.23399496e-01, 7.21488831e+02, 3.82433441e+02,
       7.16687918e-01, 5.56895569e+02, 2.80655396e+02, 1.67968571e-01,
       5.52989502e+02, 2.51256409e+02, 2.37033457e-01, 3.55101044e+02,
       2.61066345e+02, 3.04001361e-01, 1.98371689e+02, 2.74748352e+02,
       2.68628836e-01, 5.66681946e+02, 3.37441528e+02, 8.47769976e-02,
       3.68785217e+02, 3.55093933e+02, 2.08636940e-01, 3.55117157e+02,
       3.49221771e+02, 1.81864664e-01, 9.05623352e+02, 3.04182526e+02,
       7.63804793e-01, 9.03718750e+02, 3.39429993e+02, 7.69090354e-01,
       9.05617310e+02, 2.72727966e+02, 6.56702578e-01, 0., 0., 0.,
       3.37527039e+02, 3.55129913e+02, 9.61085111e-02, 3.37557983e+02,
       3.59014862e+02, 9.29681361e-02, 0., 0., 0., 1.29805389e+02,
       2.27763702e+02, 1.19264275e-01, 1.25894783e+02, 2.27749161e+02,
       8.34600776e-02, 0., 0., 0. ]
