%YAML:1.0
---
pose_0: !!opencv-matrix
   rows: 1
   cols: 25
   dt: "3f"
   data: [ 1.00745477e+03, 2.57046753e+02, 7.83223867e-01,
       8.84084412e+02, 2.88535492e+02, 6.67552888e-01, 8.66386169e+02,
       1.96359177e+02, 6.47778690e-01, 7.39106750e+02, 1.82699326e+02,
       5.14399886e-01, 6.82221863e+02, 1.82707626e+02, 7.78130651e-01,
       9.01676086e+02, 3.80544464e+02, 5.86059451e-01, 7.76271057e+02,
       4.98139771e+02, 7.16072202e-01, 8.19431580e+02, 3.98198914e+02,
       7.85185277e-01, 5.74518738e+02, 2.72832489e+02, 9.84833911e-02,
       5.58847595e+02, 2.31693085e+02, 1.54649347e-01, 4.02120911e+02,
       2.63037872e+02, 1.34261802e-01, 2.98300415e+02, 2.70852600e+02,
       2.07829341e-01, 6.09779968e+02, 3.35526886e+02, 6.07699603e-02,
       0., 0., 0., 0., 0., 0., 1.01143500e+03, 2.29721268e+02,
       8.77194405e-01, 1.02509631e+03, 2.74808777e+02, 8.50283265e-01,
       9.80098999e+02, 2.12050552e+02, 6.20613515e-01, 1.00358112e+03,
       3.06117523e+02, 2.04741240e-01, 0., 0., 0., 0., 0., 0., 0., 0.,
       0., 0., 0., 0., 0., 0., 0., 0., 0., 0. ]
