%YAML:1.0
---
pose_0: !!opencv-matrix
   rows: 1
   cols: 25
   dt: "3f"
   data: [ 8.72340881e+02, 2.25810516e+02, 7.79492140e-01,
       7.88034119e+02, 2.53251862e+02, 6.64426982e-01, 7.86079224e+02,
       1.80709000e+02, 6.57993734e-01, 7.93976624e+02, 7.68819656e+01,
       6.50066257e-01, 8.46817505e+02, 5.34662485e+00, 2.92881787e-01,
       7.90030823e+02, 3.19895111e+02, 6.18719935e-01, 8.82132019e+02,
       3.82505280e+02, 8.78715634e-01, 8.64449341e+02, 3.19775116e+02,
       5.62731326e-01, 5.56893127e+02, 2.41490601e+02, 2.91113585e-01,
       5.52945740e+02, 1.98416000e+02, 3.36143881e-01, 4.04083527e+02,
       1.82712006e+02, 6.69400096e-02, 0., 0., 0., 5.60802002e+02,
       2.88450775e+02, 2.68492848e-01, 3.47258698e+02, 3.06188324e+02,
       1.40220702e-01, 1.55253281e+02, 3.53204224e+02, 1.63621530e-01,
       8.84091736e+02, 2.21860306e+02, 6.86803460e-01, 8.85957581e+02,
       2.41418839e+02, 8.78375292e-01, 0., 0., 0., 8.70351624e+02,
       2.72899109e+02, 7.57949233e-01, 1.02328697e+02, 4.00162262e+02,
       3.23194593e-01, 1.14093285e+02, 4.00185883e+02, 3.23690504e-01,
       1.31765152e+02, 3.37400543e+02, 1.00399345e-01, 0., 0., 0., 0.,
       0., 0., 0., 0., 0. ]
