%YAML:1.0
---
pose_0: !!opencv-matrix
   rows: 1
   cols: 25
   dt: "3f"
   data: [ 1.05641614e+03, 1.70914719e+02, 3.78887266e-01,
       9.50658936e+02, 2.25819214e+02, 3.70308816e-01, 9.40861145e+02,
       1.84647034e+02, 3.20622116e-01, 9.38928040e+02, 1.20041779e+02,
       4.25472379e-01, 1.09367981e+03, 1.27874390e+02, 3.30117464e-01,
       9.64372192e+02, 2.70851135e+02, 2.99773782e-01, 0., 0., 0., 0.,
       0., 0., 0., 0., 0., 0., 0., 0., 0., 0., 0., 0., 0., 0., 0., 0.,
       0., 0., 0., 0., 0., 0., 0., 1.02705798e+03, 1.49417709e+02,
       1.81498900e-01, 1.04667053e+03, 2.06172363e+02, 6.04784340e-02,
       9.95686523e+02, 1.57256653e+02, 8.44618976e-02, 1.04469336e+03,
       2.15981750e+02, 4.91162002e-01, 0., 0., 0., 0., 0., 0., 0., 0.,
       0., 0., 0., 0., 0., 0., 0., 0., 0., 0. ]
