%YAML:1.0
---
pose_0: !!opencv-matrix
   rows: 1
   cols: 25
   dt: "3f"
   data: [ 9.17433960e+02, 1.49445511e+02, 7.27206409e-01,
       8.35019775e+02, 2.12055634e+02, 7.52669692e-01, 8.09612732e+02,
       1.49476746e+02, 6.79313302e-01, 6.98009644e+02, 8.87116852e+01,
       6.41020954e-01, 7.15561096e+02, 1.47403152e+02, 8.11876059e-01,
       8.54670959e+02, 2.74719604e+02, 6.88978255e-01, 7.62643677e+02,
       3.72757324e+02, 7.49503851e-01, 6.33302551e+02, 4.06004974e+02,
       7.83941925e-01, 6.29387451e+02, 2.61077301e+02, 1.87697664e-01,
       6.09797180e+02, 2.21893707e+02, 2.37061575e-01, 3.86453522e+02,
       2.12068344e+02, 8.80016536e-02, 0., 0., 0., 6.47022034e+02,
       3.06134186e+02, 1.84144124e-01, 3.62940063e+02, 3.02193390e+02,
       1.74105555e-01, 1.41578049e+02, 3.66879761e+02, 1.39836356e-01,
       9.33060486e+02, 1.47477951e+02, 6.41771078e-01, 9.38893372e+02,
       1.67096161e+02, 7.81631649e-01, 0., 0., 0., 9.25205811e+02,
       2.15986053e+02, 8.06105018e-01, 0., 0., 0., 0., 0., 0.,
       1.18031120e+02, 3.70801605e+02, 7.03960061e-02, 0., 0., 0., 0.,
       0., 0., 0., 0., 0. ]
