%YAML:1.0
---
pose_0: !!opencv-matrix
   rows: 1
   cols: 25
   dt: "3f"
   data: [ 8.95838257e+02, 3.21764740e+02, 8.19959104e-01,
       7.93955627e+02, 3.19761322e+02, 6.91672683e-01, 7.93981262e+02,
       2.41485474e+02, 6.53825283e-01, 6.80361450e+02, 1.65052505e+02,
       8.36000025e-01, 6.17670471e+02, 2.59083923e+02, 7.80381024e-01,
       7.86087524e+02, 3.96255371e+02, 5.69837213e-01, 6.92075806e+02,
       4.39365509e+02, 3.66543949e-01, 6.66667480e+02, 4.33468933e+02,
       6.26935005e-01, 5.80392334e+02, 3.13975128e+02, 2.67103404e-01,
       5.84303345e+02, 2.66950470e+02, 3.11070085e-01, 4.21706238e+02,
       2.59118652e+02, 1.74563915e-01, 3.19828430e+02, 2.27830673e+02,
       2.33229592e-01, 5.74521362e+02, 3.64906647e+02, 3.35573912e-01,
       3.35503723e+02, 3.64898804e+02, 3.96288157e-01, 1.49436905e+02,
       3.53123962e+02, 3.80930483e-01, 9.03726013e+02, 3.04148560e+02,
       8.45066369e-01, 9.05628174e+02, 3.37393494e+02, 8.02473307e-01,
       8.87978149e+02, 2.84551300e+02, 6.60991728e-01, 8.86092163e+02,
       3.53131592e+02, 2.93313175e-01, 9.45511627e+01, 3.76659424e+02,
       2.20041469e-01, 1.02334412e+02, 3.82508392e+02, 2.35686079e-01,
       1.25884888e+02, 3.37472351e+02, 2.17250198e-01, 0., 0., 0., 0.,
       0., 0., 3.15909271e+02, 2.25851578e+02, 1.10181071e-01 ]
