%YAML:1.0
---
pose_0: !!opencv-matrix
   rows: 1
   cols: 25
   dt: "3f"
   data: [ 9.17458435e+02, 2.74717224e+02, 8.56450677e-01,
       7.99797241e+02, 2.80677246e+02, 6.26156092e-01, 7.97872620e+02,
       1.94393677e+02, 6.48420930e-01, 6.80273560e+02, 1.35694061e+02,
       7.10317194e-01, 5.98047485e+02, 1.53332138e+02, 7.52989590e-01,
       7.99829590e+02, 3.64906708e+02, 6.42572403e-01, 6.96010254e+02,
       4.51131195e+02, 7.74864018e-01, 6.98030579e+02, 3.84487976e+02,
       8.70420337e-01, 5.62786377e+02, 2.72856567e+02, 2.90577292e-01,
       5.68662292e+02, 2.29757507e+02, 3.44922602e-01, 4.47184235e+02,
       2.53206528e+02, 1.31218284e-01, 3.55114532e+02, 2.61121979e+02,
       9.64468867e-02, 5.64708008e+02, 3.19868591e+02, 2.38133430e-01,
       4.29533875e+02, 3.37471619e+02, 9.00223777e-02, 3.12009338e+02,
       3.33538605e+02, 6.86026737e-02, 9.25184143e+02, 2.53242462e+02,
       7.60245025e-01, 9.31077332e+02, 2.88395447e+02, 7.89295435e-01,
       8.97739624e+02, 2.29712631e+02, 6.27025127e-01, 9.19337891e+02,
       3.04260742e+02, 1.69176027e-01, 0., 0., 0., 0., 0., 0., 0., 0.,
       0., 0., 0., 0., 0., 0., 0., 0., 0., 0. ]
