%YAML:1.0
---
pose_0: !!opencv-matrix
   rows: 1
   cols: 25
   dt: "3f"
   data: [ 8.84060913e+02, 3.27660309e+02, 7.24427640e-01,
       8.35043579e+02, 2.45413803e+02, 4.76112187e-01, 8.33135498e+02,
       2.43428070e+02, 7.05553055e-01, 7.54725769e+02, 2.72782013e+02,
       7.58240759e-01, 7.50854675e+02, 3.84578339e+02, 8.17793548e-01,
       8.39030457e+02, 2.51265045e+02, 3.13219368e-01, 0., 0., 0., 0.,
       0., 0., 5.33379883e+02, 2.41452866e+02, 2.41296455e-01,
       5.25549683e+02, 2.37539078e+02, 2.52205998e-01, 3.51206207e+02,
       3.37444305e+02, 2.40845472e-01, 1.45469208e+02, 3.00233521e+02,
       8.58229026e-02, 5.37303345e+02, 2.47346680e+02, 1.41451091e-01,
       3.53132782e+02, 3.33525879e+02, 2.04649955e-01, 1.02384911e+02,
       2.57093262e+02, 2.70386577e-01, 9.01671265e+02, 3.19765198e+02,
       8.31326842e-01, 9.01686340e+02, 3.35607697e+02, 7.87250549e-02,
       9.01770508e+02, 2.70826416e+02, 8.50430965e-01, 0., 0., 0.,
       6.90616074e+01, 2.45412766e+02, 6.82699084e-02, 0., 0., 0.,
       8.47259674e+01, 2.45415573e+02, 2.16516107e-01, 0., 0., 0., 0.,
       0., 0., 0., 0., 0. ]
