%YAML:1.0
---
pose_0: !!opencv-matrix
   rows: 1
   cols: 25
   dt: "3f"
   data: [ 9.29090637e+02, 3.21770386e+02, 8.01786244e-01,
       8.23332153e+02, 2.88483948e+02, 6.59665465e-01, 8.41010010e+02,
       2.14098633e+02, 6.46727860e-01, 7.25369751e+02, 1.51420639e+02,
       7.91750193e-01, 6.33348267e+02, 2.35603531e+02, 7.70697713e-01,
       8.03723022e+02, 3.49239258e+02, 5.25440931e-01, 7.13639038e+02,
       4.08004089e+02, 2.41065428e-01, 6.80357788e+02, 4.00220825e+02,
       5.69930017e-01, 6.27428345e+02, 2.78708740e+02, 1.06478795e-01,
       6.19566162e+02, 2.47346481e+02, 1.58482209e-01, 3.53148010e+02,
       3.17826569e+02, 1.56329602e-01, 1.16063530e+02, 3.21743439e+02,
       1.13160141e-01, 6.29366272e+02, 3.55082977e+02, 9.43849012e-02,
       3.51148407e+02, 3.21864899e+02, 5.91432564e-02, 1.18074684e+02,
       3.19885651e+02, 1.45845518e-01, 9.42824097e+02, 2.98292480e+02,
       7.46555567e-01, 9.42869263e+02, 3.35421112e+02, 7.67226756e-01,
       9.19312439e+02, 2.61145233e+02, 6.84370160e-01, 0., 0., 0., 0.,
       0., 0., 0., 0., 0., 9.45483551e+01, 3.21804382e+02,
       8.77159685e-02, 8.27529755e+01, 3.08076172e+02, 5.43377884e-02,
       0., 0., 0., 0., 0., 0. ]
