%YAML:1.0
---
pose_0: !!opencv-matrix
   rows: 1
   cols: 25
   dt: "3f"
   data: [ 1.08388342e+03, 2.47338455e+02, 7.29599237e-01,
       9.15401367e+02, 2.49303238e+02, 4.86585915e-01, 8.97736145e+02,
       1.53317337e+02, 5.15779853e-01, 7.42993774e+02, 6.70898132e+01,
       7.79600382e-01, 6.52915039e+02, 1.61116058e+02, 7.57629514e-01,
       9.36966492e+02, 3.49200470e+02, 4.52997506e-01, 8.19428406e+02,
       4.47134918e+02, 1.03351370e-01, 0., 0., 0., 6.03895813e+02,
       4.04069672e+02, 9.97983143e-02, 0., 0., 0., 0., 0., 0., 0., 0.,
       0., 0., 0., 0., 0., 0., 0., 0., 0., 0., 1.08783337e+03,
       2.12168411e+02, 8.86823356e-01, 1.09175928e+03, 2.70846680e+02,
       7.20573545e-01, 1.03689331e+03, 1.78836594e+02, 3.57889146e-01,
       1.08976355e+03, 3.06133667e+02, 1.78993911e-01, 0., 0., 0., 0.,
       0., 0., 0., 0., 0., 0., 0., 0., 0., 0., 0., 0., 0., 0. ]
