%YAML:1.0
---
pose_0: !!opencv-matrix
   rows: 1
   cols: 25
   dt: "3f"
   data: [ 9.27175903e+02, 3.53160095e+02, 8.08244169e-01,
       8.11624695e+02, 2.86556335e+02, 6.59211218e-01, 8.39007019e+02,
       2.21856781e+02, 6.00192070e-01, 7.31243530e+02, 1.37667877e+02,
       6.76577091e-01, 5.82368225e+02, 1.41558395e+02, 7.16543376e-01,
       7.90024597e+02, 3.45272614e+02, 6.03761613e-01, 6.86238831e+02,
       4.00245148e+02, 7.52734661e-01, 6.84310913e+02, 4.62894836e+02,
       7.36609101e-01, 5.68628113e+02, 2.86528992e+02, 1.31533191e-01,
       5.49069397e+02, 2.66946625e+02, 1.46485820e-01, 2.88536316e+02,
       3.06182800e+02, 7.68600777e-02, 0., 0., 0., 5.86271667e+02,
       3.27674408e+02, 9.32127535e-02, 5.56933777e+02, 4.23678101e+02,
       6.88703284e-02, 0., 0., 0., 9.42827209e+02, 3.35505096e+02,
       7.67792821e-01, 9.46680847e+02, 3.53188324e+02, 3.42035234e-01,
       9.29092102e+02, 2.82634094e+02, 8.18174124e-01, 0., 0., 0., 0.,
       0., 0., 0., 0., 0., 0., 0., 0., 0., 0., 0., 0., 0., 0., 0., 0.,
       0. ]
