%YAML:1.0
---
pose_0: !!opencv-matrix
   rows: 1
   cols: 25
   dt: "3f"
   data: [ 9.17322327e+02, 2.08175629e+02, 8.36525440e-01,
       7.95948669e+02, 2.27745728e+02, 6.91614270e-01, 7.74285583e+02,
       1.55257614e+02, 5.83078146e-01, 6.45074341e+02, 1.18028183e+02,
       6.53223157e-01, 5.47113098e+02, 1.00452774e+02, 7.90253997e-01,
       8.19422363e+02, 3.04109406e+02, 5.64893484e-01, 7.78274780e+02,
       4.41271210e+02, 6.88185751e-01, 8.07681458e+02, 5.88246765e+02,
       2.66234994e-01, 5.70581909e+02, 2.84558014e+02, 2.96914548e-01,
       5.60815308e+02, 2.37561890e+02, 3.60976934e-01, 4.39340057e+02,
       2.14069290e+02, 6.17438406e-02, 3.33536407e+02, 2.12094025e+02,
       7.70735964e-02, 5.80413391e+02, 3.23788513e+02, 2.99555540e-01,
       3.84484711e+02, 3.82569183e+02, 2.32673317e-01, 3.51126923e+02,
       4.11891296e+02, 1.56799600e-01, 9.23224670e+02, 1.82714569e+02,
       7.56226122e-01, 9.31130859e+02, 2.23787598e+02, 8.37530017e-01,
       8.99680908e+02, 1.63053497e+02, 3.90495956e-01, 9.17377014e+02,
       2.43430008e+02, 2.25553975e-01, 0., 0., 0., 0., 0., 0., 0., 0.,
       0., 0., 0., 0., 0., 0., 0., 0., 0., 0. ]
