%YAML:1.0
---
pose_0: !!opencv-matrix
   rows: 1
   cols: 25
   dt: "3f"
   data: [ 9.62481140e+02, 2.78740326e+02, 7.25192547e-01,
       8.52789124e+02, 3.06138885e+02, 6.81781828e-01, 8.37016052e+02,
       2.25794296e+02, 6.63370132e-01, 7.15602844e+02, 1.72920700e+02,
       6.11750782e-01, 6.54829895e+02, 1.33739487e+02, 7.83101976e-01,
       8.66454102e+02, 3.88436798e+02, 6.29061818e-01, 7.60727478e+02,
       4.72673370e+02, 7.65929103e-01, 6.95937073e+02, 5.54947693e+02,
       7.53292024e-01, 5.51024841e+02, 3.49214600e+02, 1.67876467e-01,
       5.52982849e+02, 3.04194153e+02, 2.43913800e-01, 3.19832428e+02,
       3.37489868e+02, 3.04915100e-01, 0., 0., 0., 5.47113892e+02,
       4.00130615e+02, 1.82336092e-01, 3.70789246e+02, 4.66765717e+02,
       1.50873065e-01, 2.06214615e+02, 5.09897461e+02, 1.44178495e-01,
       9.76079773e+02, 2.59050964e+02, 8.48812103e-01, 9.80102417e+02,
       3.00260498e+02, 7.64890194e-01, 9.46733826e+02, 2.31723694e+02,
       5.47094882e-01, 9.64383057e+02, 3.19891083e+02, 2.13002652e-01,
       0., 0., 0., 0., 0., 0., 2.00339310e+02, 5.19660217e+02,
       6.45303950e-02, 0., 0., 0., 0., 0., 0., 0., 0., 0. ]
