%YAML:1.0
---
pose_0: !!opencv-matrix
   rows: 1
   cols: 25
   dt: "3f"
   data: [ 9.80100525e+02, 2.43389954e+02, 7.89380014e-01,
       8.38987671e+02, 2.35611755e+02, 5.92884302e-01, 8.36998962e+02,
       1.47409912e+02, 6.20637596e-01, 7.13597168e+02, 5.53567581e+01,
       8.48553300e-01, 6.82330261e+02, 1.57215027e+02, 7.51367807e-01,
       8.39047913e+02, 3.33486176e+02, 6.43544555e-01, 6.96054077e+02,
       3.74663635e+02, 7.35899329e-01, 5.78420593e+02, 4.02180511e+02,
       7.47354865e-01, 5.70610474e+02, 2.37533127e+02, 2.01898158e-01,
       5.62761108e+02, 1.96390015e+02, 2.93717444e-01, 3.66877289e+02,
       2.17986130e+02, 1.44543722e-01, 0., 0., 0., 5.52979858e+02,
       2.86514984e+02, 1.32296920e-01, 4.49140045e+02, 3.31573120e+02,
       9.49168652e-02, 0., 0., 0., 9.87872742e+02, 2.15994476e+02,
       7.83131659e-01, 9.93759521e+02, 2.55219116e+02, 7.05900311e-01,
       9.50657288e+02, 1.82745529e+02, 5.55111051e-01, 9.76115906e+02,
       2.76719696e+02, 8.10074955e-02, 0., 0., 0., 0., 0., 0., 0., 0.,
       0., 0., 0., 0., 0., 0., 0., 0., 0., 0. ]
