%YAML:1.0
---
pose_0: !!opencv-matrix
   rows: 1
   cols: 25
   dt: "3f"
   data: [ 8.56688538e+02, 3.70816681e+02, 3.92252624e-01,
       7.93917725e+02, 3.55077393e+02, 6.06620908e-01, 8.19380005e+02,
       2.92392670e+02, 5.76608181e-01, 9.15362732e+02, 3.57035370e+02,
       7.05635309e-01, 9.31092346e+02, 4.76519714e+02, 8.23345780e-01,
       7.74320068e+02, 4.09947968e+02, 5.40612280e-01, 6.76401733e+02,
       4.60881683e+02, 7.74083734e-01, 5.84265076e+02, 5.35342957e+02,
       7.72030294e-01, 5.35351318e+02, 3.64854523e+02, 3.30523193e-01,
       5.37282959e+02, 3.27688660e+02, 4.06691641e-01, 3.43334991e+02,
       3.23785919e+02, 3.53156984e-01, 1.47428207e+02, 2.98273621e+02,
       1.71089649e-01, 5.23620178e+02, 3.98169403e+02, 3.45941246e-01,
       3.68862488e+02, 4.74604034e+02, 6.07063234e-01, 2.43394043e+02,
       3.88383484e+02, 5.50061345e-01, 8.60575134e+02, 3.57034393e+02,
       2.93064088e-01, 8.66432312e+02, 3.74685089e+02, 1.97721958e-01,
       8.80162170e+02, 3.51154572e+02, 8.21636766e-02, 0., 0., 0.,
       1.92447449e+02, 3.82523895e+02, 1.54442787e-01, 1.96434097e+02,
       3.84499664e+02, 1.82626963e-01, 2.29718048e+02, 3.82464661e+02,
       3.74170005e-01, 0., 0., 0., 0., 0., 0., 1.31717163e+02,
       2.90410004e+02, 1.18129253e-01 ]
