%YAML:1.0
---
pose_0: !!opencv-matrix
   rows: 1
   cols: 25
   dt: "3f"
   data: [ 9.01751404e+02, 3.47238556e+02, 7.84711838e-01,
       7.92039490e+02, 3.49207428e+02, 7.25994408e-01, 7.84160706e+02,
       2.72757996e+02, 6.60244524e-01, 6.64719177e+02, 1.96485077e+02,
       8.08153212e-01, 6.80401001e+02, 2.70804504e+02, 7.98519790e-01,
       7.93978088e+02, 4.21719757e+02, 5.49875677e-01, 6.84247986e+02,
       5.11806305e+02, 8.08737874e-01, 7.76366211e+02, 4.94121918e+02,
       8.58662963e-01, 5.23589355e+02, 3.41383911e+02, 3.43169570e-01,
       5.31406738e+02, 2.98260681e+02, 4.32501495e-01, 3.49228943e+02,
       3.08061737e+02, 3.73801887e-01, 1.59153168e+02, 3.06086853e+02,
       4.51273739e-01, 5.21642151e+02, 3.88390167e+02, 3.89003605e-01,
       3.49190613e+02, 4.51128967e+02, 4.67244267e-01, 1.67021286e+02,
       5.15750732e+02, 4.41743046e-01, 9.15332642e+02, 3.21848083e+02,
       8.66178691e-01, 9.19314575e+02, 3.62932312e+02, 7.74801135e-01,
       8.84103210e+02, 2.98303070e+02, 6.70897067e-01, 9.07606873e+02,
       3.82521912e+02, 2.04479694e-01, 1.04339737e+02, 5.58872498e+02,
       1.41280994e-01, 1.10195602e+02, 5.60797363e+02, 1.51051477e-01,
       1.39627457e+02, 5.07928223e+02, 1.93804815e-01, 1.23917122e+02,
       2.92430267e+02, 1.02256641e-01, 1.29815643e+02, 2.94341187e+02,
       1.17462061e-01, 0., 0., 0. ]
