%YAML:1.0
---
pose_0: !!opencv-matrix
   rows: 1
   cols: 25
   dt: "3f"
   data: [ 8.97799377e+02, 3.04086578e+02, 8.38424683e-01,
       7.80253418e+02, 3.15940186e+02, 6.79946005e-01, 7.68452454e+02,
       2.43500092e+02, 7.13594377e-01, 6.60724915e+02, 2.17938629e+02,
       6.79161847e-01, 5.49027771e+02, 1.82751511e+02, 7.49288380e-01,
       7.92015137e+02, 3.84501099e+02, 6.18241370e-01, 7.05787292e+02,
       4.00258484e+02, 7.93541908e-01, 7.03801453e+02, 2.72841217e+02,
       7.59923637e-01, 5.49039490e+02, 3.37444458e+02, 2.53732264e-01,
       5.45139221e+02, 2.96325226e+02, 2.27417693e-01, 5.00074249e+02,
       2.59079773e+02, 5.94776087e-02, 0., 0., 0., 5.54925232e+02,
       3.78591431e+02, 2.47932687e-01, 3.60975830e+02, 4.02148743e+02,
       1.90318301e-01, 1.84656219e+02, 4.31444092e+02, 8.69428292e-02,
       8.99794495e+02, 2.86477295e+02, 8.07508111e-01, 9.13385559e+02,
       3.08114166e+02, 7.75900543e-01, 8.56689392e+02, 2.70834534e+02,
       4.80293125e-01, 8.97776672e+02, 3.35536560e+02, 3.09888542e-01,
       1.43508347e+02, 4.15867920e+02, 6.73570260e-02, 0., 0., 0.,
       1.86604568e+02, 4.31488586e+02, 7.76530728e-02, 0., 0., 0., 0.,
       0., 0., 0., 0., 0. ]
