%YAML:1.0
---
pose_0: !!opencv-matrix
   rows: 1
   cols: 25
   dt: "3f"
   data: [ 9.13464478e+02, 2.12069077e+02, 8.29712749e-01,
       8.09619507e+02, 1.74855804e+02, 6.19855762e-01, 8.19417175e+02,
       1.21939621e+02, 6.93239510e-01, 7.45033813e+02, 2.23804184e+02,
       7.16029227e-01, 7.27370300e+02, 3.62914398e+02, 7.85303593e-01,
       7.92003662e+02, 2.15992294e+02, 3.06256354e-01, 7.31243530e+02,
       2.63028137e+02, 9.09577012e-02, 0., 0., 0., 6.09786926e+02,
       1.63120209e+02, 8.00352767e-02, 5.84291748e+02, 1.47400772e+02,
       8.63772631e-02, 3.25731995e+02, 2.61044098e+02, 1.74517229e-01,
       1.31723969e+02, 2.41489883e+02, 2.93101519e-01, 0., 0., 0., 0.,
       0., 0., 0., 0., 0., 9.19325195e+02, 1.82766785e+02,
       8.55991602e-01, 9.27182800e+02, 2.17994965e+02, 7.80810356e-01,
       8.88021545e+02, 1.47500427e+02, 8.58716011e-01, 0., 0., 0., 0.,
       0., 0., 0., 0., 0., 0., 0., 0., 7.88775406e+01, 3.21777252e+02,
       1.10148579e-01, 0., 0., 0., 1.04303123e+02, 2.37566299e+02,
       1.91721901e-01 ]
