%YAML:1.0
---
pose_0: !!opencv-matrix
   rows: 1
   cols: 25
   dt: "3f"
   data: [ 9.05634644e+02, 3.90347015e+02, 7.72554398e-01,
       8.21409180e+02, 4.31574188e+02, 4.91230220e-01, 7.99812439e+02,
       4.00167572e+02, 2.19228238e-01, 0., 0., 0., 0., 0., 0.,
       8.42929565e+02, 4.78520630e+02, 6.49792254e-01, 8.23384460e+02,
       4.17830994e+02, 5.17094672e-01, 8.05591919e+02, 3.39412537e+02,
       8.18070233e-01, 5.94103760e+02, 4.51103790e+02, 1.18652567e-01,
       5.76485168e+02, 4.39346527e+02, 1.35780454e-01, 3.47251007e+02,
       5.54924561e+02, 1.38729006e-01, 3.49240784e+02, 5.54934570e+02,
       6.81786835e-02, 6.03915100e+02, 5.05953552e+02, 6.50623590e-02,
       0., 0., 0., 0., 0., 0., 9.15395813e+02, 3.76641479e+02,
       8.75348628e-01, 9.23253174e+02, 4.04108673e+02, 8.09599221e-01,
       8.99665161e+02, 3.68732117e+02, 3.25641245e-01, 9.15382935e+02,
       4.35402191e+02, 6.31116271e-01, 0., 0., 0., 0., 0., 0., 0., 0.,
       0., 0., 0., 0., 0., 0., 0., 0., 0., 0. ]
