%YAML:1.0
---
pose_0: !!opencv-matrix
   rows: 1
   cols: 25
   dt: "3f"
   data: [ 9.11448669e+02, 2.72827423e+02, 8.01284492e-01,
       8.03750854e+02, 2.92377350e+02, 6.76053822e-01, 7.91978699e+02,
       2.14093430e+02, 7.13213682e-01, 6.82218567e+02, 1.64992920e+02,
       8.29807878e-01, 5.88303772e+02, 1.49431992e+02, 8.72224450e-01,
       8.07725464e+02, 3.68783356e+02, 6.74474120e-01, 6.97966614e+02,
       4.04063812e+02, 8.26307178e-01, 6.80219910e+02, 3.19900269e+02,
       7.82702208e-01, 5.35342285e+02, 3.04124573e+02, 2.20350772e-01,
       5.41217712e+02, 2.61098907e+02, 2.43737727e-01, 3.37481689e+02,
       2.61067841e+02, 4.00153160e-01, 1.06311089e+02, 2.51276428e+02,
       1.95558146e-01, 5.35326904e+02, 3.55105743e+02, 2.17610911e-01,
       3.68793060e+02, 3.62942841e+02, 1.99158013e-01, 1.61169754e+02,
       3.57042114e+02, 2.74787515e-01, 9.17303955e+02, 2.57125946e+02,
       9.16278124e-01, 9.21315735e+02, 2.90406311e+02, 8.26034367e-01,
       8.89980896e+02, 2.39501755e+02, 4.58054870e-01, 9.07573547e+02,
       3.19758392e+02, 4.68620181e-01, 9.84447479e+01, 3.80544830e+02,
       8.48572925e-02, 0., 0., 0., 1.31793045e+02, 3.39408630e+02,
       1.31476656e-01, 0., 0., 0., 0., 0., 0., 1.00416321e+02,
       2.51275711e+02, 1.27350032e-01 ]
