%YAML:1.0
---
pose_0: !!opencv-matrix
   rows: 1
   cols: 25
   dt: "3f"
   data: [ 9.25190369e+02, 1.98342850e+02, 7.74996042e-01,
       8.42907654e+02, 1.53330078e+02, 4.54401910e-01, 8.46856689e+02,
       1.21980606e+02, 6.46938205e-01, 7.92020020e+02, 2.57061493e+02,
       8.15010548e-01, 7.78305847e+02, 3.86479645e+02, 7.60411620e-01,
       8.42915588e+02, 1.82719162e+02, 2.32614085e-01, 0., 0., 0., 0.,
       0., 0., 6.76404358e+02, 1.53311447e+02, 6.91219866e-02, 0., 0.,
       0., 0., 0., 0., 0., 0., 0., 0., 0., 0., 0., 0., 0., 0., 0., 0.,
       9.33117859e+02, 1.74832367e+02, 8.56209993e-01, 9.38965149e+02,
       2.06207199e+02, 7.69710064e-01, 9.05652161e+02, 1.33829239e+02,
       8.14752996e-01, 0., 0., 0., 0., 0., 0., 0., 0., 0., 0., 0., 0.,
       0., 0., 0., 0., 0., 0., 0., 0., 0. ]
