%YAML:1.0
---
pose_0: !!opencv-matrix
   rows: 1
   cols: 25
   dt: "3f"
   data: [ 9.32986633e+02, 1.84665131e+02, 7.47287869e-01,
       8.13521301e+02, 2.23828018e+02, 6.54068112e-01, 7.93965088e+02,
       1.35666901e+02, 6.24681294e-01, 6.58754028e+02, 1.02403152e+02,
       7.53503621e-01, 5.37255737e+02, 1.02437447e+02, 7.69311845e-01,
       8.25288574e+02, 3.04191162e+02, 6.38091981e-01, 7.05783630e+02,
       3.55097534e+02, 7.22394943e-01, 5.54954651e+02, 3.82584717e+02,
       7.95235515e-01, 5.37287109e+02, 2.43453461e+02, 2.47398227e-01,
       5.39258423e+02, 1.92483521e+02, 3.13544750e-01, 3.64902771e+02,
       1.96471756e+02, 2.79226929e-01, 1.00342690e+02, 2.04276077e+02,
       5.55215292e-02, 5.27486328e+02, 2.90456177e+02, 3.42329741e-01,
       3.55105774e+02, 3.39440582e+02, 3.53839934e-01, 1.78812057e+02,
       3.96235779e+02, 3.17388803e-01, 9.35075745e+02, 1.65004105e+02,
       8.08654666e-01, 9.46802124e+02, 2.00367401e+02, 7.96939611e-01,
       9.07563660e+02, 1.47475906e+02, 4.50703025e-01, 9.25184021e+02,
       2.29766968e+02, 4.44936037e-01, 0., 0., 0., 0., 0., 0.,
       1.55288406e+02, 3.96246246e+02, 1.64906159e-01, 0., 0., 0., 0.,
       0., 0., 0., 0., 0. ]
