%YAML:1.0
---
pose_0: !!opencv-matrix
   rows: 1
   cols: 25
   dt: "3f"
   data: [ 9.19308472e+02, 4.72612122e+02, 7.94058263e-01,
       8.19414185e+02, 4.82424622e+02, 7.04910278e-01, 8.01743347e+02,
       4.13864319e+02, 6.87639236e-01, 6.80283997e+02, 3.98111725e+02,
       4.17266428e-01, 5.90213867e+02, 3.82551636e+02, 1.71608895e-01,
       8.37016357e+02, 5.58821777e+02, 6.62607372e-01, 7.27373657e+02,
       6.25438477e+02, 7.20642090e-01, 6.03951050e+02, 6.19587830e+02,
       8.29742014e-01, 6.03879089e+02, 5.09871796e+02, 3.31498176e-01,
       6.07855896e+02, 4.62901886e+02, 3.69980544e-01, 5.43173340e+02,
       4.43256226e+02, 1.04684368e-01, 2.00321930e+02, 5.37247498e+02,
       2.09651440e-01, 6.03912537e+02, 5.51027405e+02, 3.47440898e-01,
       4.72658051e+02, 5.64729736e+02, 1.41640380e-01, 3.78595001e+02,
       6.03918335e+02, 7.29732960e-02, 9.31083679e+02, 4.51140106e+02,
       9.00524735e-01, 9.36936829e+02, 4.86388428e+02, 7.82720566e-01,
       9.07591064e+02, 4.31593811e+02, 5.83725810e-01, 9.25213196e+02,
       5.07984467e+02, 3.29203904e-01, 0., 0., 0., 0., 0., 0., 0., 0.,
       0., 1.80716995e+02, 5.45135315e+02, 5.30031398e-02,
       1.68977539e+02, 5.37283020e+02, 5.79457618e-02, 1.94455215e+02,
       5.43190430e+02, 1.86425105e-01 ]
