%YAML:1.0
---
pose_0: !!opencv-matrix
   rows: 1
   cols: 25
   dt: "3f"
   data: [ 8.60545471e+02, 2.39549332e+02, 7.35904574e-01,
       8.03766602e+02, 3.02206177e+02, 5.98204076e-01, 8.07704407e+02,
       3.00231445e+02, 3.65861595e-01, 6.99917114e+02, 2.80685974e+02,
       9.81632024e-02, 0., 0., 0., 8.09601013e+02, 3.06197906e+02,
       6.26985669e-01, 6.97994446e+02, 2.72734802e+02, 7.41195917e-01,
       6.19522034e+02, 2.10094955e+02, 8.60417247e-01, 5.56876953e+02,
       3.51144531e+02, 2.84033507e-01, 5.41254211e+02, 3.15930450e+02,
       2.61115164e-01, 3.45297333e+02, 2.72794800e+02, 2.11546093e-01,
       1.31798523e+02, 3.68856598e+02, 2.83656776e-01, 5.72554626e+02,
       3.82535889e+02, 2.14627415e-01, 3.31595367e+02, 2.90454865e+02,
       2.57043421e-01, 1.35688965e+02, 3.66901459e+02, 2.22286582e-01,
       8.68394287e+02, 2.31702164e+02, 6.72968268e-01, 8.80159912e+02,
       2.57084412e+02, 8.12759876e-01, 0., 0., 0., 8.68357239e+02,
       3.04094940e+02, 8.18995655e-01, 7.49291992e+01, 4.07969116e+02,
       1.08965673e-01, 0., 0., 0., 1.04351662e+02, 3.80543915e+02,
       1.04263797e-01, 8.27308502e+01, 4.06037201e+02, 3.12854469e-01,
       7.88615417e+01, 4.00131622e+02, 2.82037467e-01, 1.16103607e+02,
       3.80572052e+02, 1.72050968e-01 ]
