%YAML:1.0
---
pose_0: !!opencv-matrix
   rows: 1
   cols: 25
   dt: "3f"
   data: [ 8.99797485e+02, 4.17795197e+02, 8.44956040e-01,
       8.19440979e+02, 4.64868286e+02, 6.18784070e-01, 7.93931274e+02,
       4.33469360e+02, 3.90345961e-01, 7.56750732e+02, 4.15833038e+02,
       8.63715112e-02, 0., 0., 0., 8.39036682e+02, 5.07844147e+02,
       6.28416538e-01, 7.54797302e+02, 4.15815857e+02, 6.33214653e-01,
       6.88121338e+02, 2.98285156e+02, 6.99127495e-01, 6.23508362e+02,
       5.11834442e+02, 6.30249456e-02, 6.17634033e+02, 4.76571777e+02,
       7.12715238e-02, 3.41399780e+02, 4.19726227e+02, 1.82098314e-01,
       1.76827698e+02, 4.29586823e+02, 1.85801730e-01, 6.56795593e+02,
       5.60813110e+02, 6.43352792e-02, 0., 0., 0., 0., 0., 0.,
       9.09537659e+02, 4.04106110e+02, 8.12188864e-01, 9.17352600e+02,
       4.35467407e+02, 8.48672390e-01, 8.89968933e+02, 3.98283783e+02,
       1.51550025e-01, 9.05601440e+02, 4.76513031e+02, 7.33202219e-01,
       0., 0., 0., 0., 0., 0., 0., 0., 0., 1.35671967e+02,
       4.19775482e+02, 9.93025005e-02, 1.39585510e+02, 4.15810272e+02,
       9.68322903e-02, 0., 0., 0. ]
