%YAML:1.0
---
pose_0: !!opencv-matrix
   rows: 1
   cols: 25
   dt: "3f"
   data: [ 9.35049194e+02, 3.19856873e+02, 8.30890179e-01,
       8.07720642e+02, 3.35501495e+02, 6.37046576e-01, 8.05700867e+02,
       2.57137482e+02, 6.66972041e-01, 6.99897400e+02, 2.10046234e+02,
       6.52380466e-01, 6.31337219e+02, 1.82777023e+02, 7.88544714e-01,
       8.13566284e+02, 4.15867889e+02, 5.63138783e-01, 6.96010254e+02,
       4.80559479e+02, 6.94052100e-01, 5.84276123e+02, 5.41249329e+02,
       6.30840003e-01, 5.84306335e+02, 3.51199493e+02, 9.31549072e-02,
       5.84319092e+02, 3.02207092e+02, 9.34263393e-02, 0., 0., 0., 0.,
       0., 0., 6.00009094e+02, 4.00161438e+02, 9.35304612e-02, 0., 0.,
       0., 0., 0., 0., 9.33094788e+02, 3.02151550e+02, 7.76223958e-01,
       9.58456482e+02, 3.21800903e+02, 7.58933187e-01, 8.93833923e+02,
       2.88486450e+02, 4.18817818e-01, 9.33086365e+02, 3.57041656e+02,
       2.21727192e-01, 0., 0., 0., 0., 0., 0., 0., 0., 0., 0., 0., 0.,
       0., 0., 0., 0., 0., 0. ]
