%YAML:1.0
---
pose_0: !!opencv-matrix
   rows: 1
   cols: 25
   dt: "3f"
   data: [ 9.78128479e+02, 2.43507004e+02, 8.52335513e-01,
       8.39080322e+02, 2.74820770e+02, 6.85219884e-01, 8.25293396e+02,
       1.96390640e+02, 5.80271006e-01, 7.86082275e+02, 1.78735214e+02,
       2.22384900e-01, 7.09635925e+02, 1.65101685e+02, 7.04638720e-01,
       8.62509460e+02, 3.55107025e+02, 6.44529939e-01, 7.64552246e+02,
       4.62824677e+02, 7.99606800e-01, 8.27239014e+02, 3.35583832e+02,
       8.04497600e-01, 5.70592590e+02, 2.72782715e+02, 1.73946053e-01,
       5.62773560e+02, 2.39524719e+02, 2.15200931e-01, 3.33541443e+02,
       2.68895966e+02, 1.87870651e-01, 8.27936707e+01, 2.74762207e+02,
       1.13017067e-01, 5.90190552e+02, 3.21821198e+02, 9.15744454e-02,
       3.68827362e+02, 3.47247528e+02, 1.03754066e-01, 0., 0., 0.,
       9.78067566e+02, 2.23798370e+02, 8.58661413e-01, 9.95759888e+02,
       2.55212860e+02, 7.39333212e-01, 9.33095703e+02, 2.00374725e+02,
       4.97547477e-01, 9.76137939e+02, 2.84580353e+02, 1.07173041e-01,
       0., 0., 0., 0., 0., 0., 0., 0., 0., 0., 0., 0., 0., 0., 0.,
       6.12265053e+01, 2.61086426e+02, 1.17126979e-01 ]
