%YAML:1.0
---
pose_0: !!opencv-matrix
   rows: 1
   cols: 25
   dt: "3f"
   data: [ 8.52678772e+02, 1.18117165e+02, 8.16071689e-01,
       7.54721497e+02, 1.33687439e+02, 6.84337437e-01, 7.50857361e+02,
       6.71245804e+01, 6.11709416e-01, 7.09665283e+02, 5.34554625e+00,
       1.53967783e-01, 0., 0., 0., 7.48914368e+02, 2.10106018e+02,
       6.72011554e-01, 6.46954590e+02, 2.51238266e+02, 7.60471046e-01,
       6.82350769e+02, 1.65035828e+02, 6.56124532e-01, 5.31434082e+02,
       1.35705994e+02, 2.31293902e-01, 5.37307617e+02, 8.67418060e+01,
       2.89635062e-01, 3.35527069e+02, 1.00343201e+02, 3.37742686e-01,
       1.41580078e+02, 1.14113960e+02, 3.77776325e-01, 5.25541992e+02,
       1.84664139e+02, 2.40376875e-01, 3.31597290e+02, 1.78781891e+02,
       4.65046227e-01, 1.65101028e+02, 1.84658676e+02, 4.98086780e-01,
       8.58607544e+02, 1.00383957e+02, 8.19081128e-01, 8.64500916e+02,
       1.33685501e+02, 8.28809381e-01, 8.36990723e+02, 7.88658066e+01,
       6.54581547e-01, 8.50768433e+02, 1.51316833e+02, 2.09448695e-01,
       1.10221725e+02, 1.96458908e+02, 3.55741501e-01, 1.21967369e+02,
       2.08135452e+02, 3.70281398e-01, 1.49376617e+02, 1.76788773e+02,
       2.38793731e-01, 1.37618561e+02, 1.23901840e+02, 5.97685091e-02,
       0., 0., 0., 0., 0., 0. ]
