%YAML:1.0
---
pose_0: !!opencv-matrix
   rows: 1
   cols: 25
   dt: "3f"
   data: [ 8.85953796e+02, 3.62949432e+02, 8.55679870e-01,
       7.95934143e+02, 4.04084137e+02, 6.62148654e-01, 7.66520325e+02,
       3.68843353e+02, 4.17955220e-01, 6.23507385e+02, 3.92331970e+02,
       8.56746435e-02, 0., 0., 0., 8.23385742e+02, 4.47259674e+02,
       7.27779090e-01, 7.68505554e+02, 5.07943207e+02, 7.93261468e-01,
       7.76383606e+02, 3.78573395e+02, 7.08925426e-01, 5.54918823e+02,
       4.39351990e+02, 1.58142507e-01, 5.47094299e+02, 4.13874237e+02,
       2.15249494e-01, 3.53118652e+02, 3.98165588e+02, 2.81890392e-01,
       1.47490067e+02, 3.88391174e+02, 3.30354273e-01, 5.58856201e+02,
       4.76557373e+02, 8.72058198e-02, 0., 0., 0., 0., 0., 0.,
       8.86099243e+02, 3.47273010e+02, 8.53520989e-01, 8.99786804e+02,
       3.72778168e+02, 8.23254287e-01, 8.68326965e+02, 3.37485535e+02,
       4.21010971e-01, 8.88053162e+02, 4.02164856e+02, 6.36072457e-01,
       0., 0., 0., 0., 0., 0., 0., 0., 0., 0., 0., 0., 0., 0., 0.,
       1.33800217e+02, 3.96223083e+02, 2.18538418e-01 ]
