%YAML:1.0
---
pose_0: !!opencv-matrix
   rows: 1
   cols: 25
   dt: "3f"
   data: [ 8.68298035e+02, 3.53086029e+02, 8.52018356e-01,
       7.86130920e+02, 3.13960358e+02, 6.21239305e-01, 7.88081299e+02,
       2.47353958e+02, 6.92527950e-01, 7.23410950e+02, 2.59188416e+02,
       7.65617013e-01, 8.03698242e+02, 3.72774567e+02, 6.51225090e-01,
       7.78269226e+02, 3.72746063e+02, 5.18292487e-01, 7.13587585e+02,
       4.78455963e+02, 8.20289195e-01, 7.89983032e+02, 4.60885681e+02,
       7.24061489e-01, 5.21623596e+02, 3.13978973e+02, 3.22426409e-01,
       5.23541199e+02, 2.74733215e+02, 3.90150368e-01, 3.64889923e+02,
       2.59123718e+02, 2.90455908e-01, 0., 0., 0., 5.23597290e+02,
       3.57051361e+02, 3.76356900e-01, 3.37481781e+02, 3.82570740e+02,
       5.28736711e-01, 1.67045929e+02, 3.84520111e+02, 4.15577710e-01,
       8.80171448e+02, 3.35435577e+02, 7.74628758e-01, 8.84001221e+02,
       3.55114075e+02, 6.71720564e-01, 8.66470581e+02, 2.88552277e+02,
       8.15515518e-01, 0., 0., 0., 1.04311508e+02, 4.13903503e+02,
       7.69526660e-02, 0., 0., 0., 1.43487076e+02, 3.80568420e+02,
       1.87775388e-01, 0., 0., 0., 0., 0., 0., 0., 0., 0. ]
