%YAML:1.0
---
pose_0: !!opencv-matrix
   rows: 1
   cols: 25
   dt: "3f"
   data: [ 8.83992188e+02, 1.82676559e+02, 8.47157061e-01,
       8.54701660e+02, 2.63043091e+02, 5.14897585e-01, 8.56644653e+02,
       2.65002106e+02, 2.80322433e-01, 7.86119019e+02, 2.39521088e+02,
       7.32437745e-02, 0., 0., 0., 8.66441956e+02, 2.61042572e+02,
       6.25214756e-01, 7.82202209e+02, 2.27742950e+02, 6.00701988e-01,
       7.29368530e+02, 1.45455414e+02, 7.55677760e-01, 5.76492188e+02,
       3.19817291e+02, 1.31779686e-01, 5.52978210e+02, 2.80668091e+02,
       1.05767109e-01, 3.29647003e+02, 3.17851501e+02, 6.29854128e-02,
       0., 0., 0., 5.72580261e+02, 3.62929962e+02, 1.39019817e-01,
       3.39443787e+02, 3.21782135e+02, 7.10038096e-02, 0., 0., 0.,
       8.95831055e+02, 1.78823578e+02, 2.78706253e-01, 9.03701843e+02,
       1.92461777e+02, 8.52680564e-01, 0., 0., 0., 9.15463623e+02,
       2.45384338e+02, 8.45250845e-01, 0., 0., 0., 0., 0., 0., 0., 0.,
       0., 0., 0., 0., 0., 0., 0., 0., 0., 0. ]
