%YAML:1.0
---
pose_0: !!opencv-matrix
   rows: 1
   cols: 25
   dt: "3f"
   data: [ 9.23264343e+02, 2.00379700e+02, 7.13453233e-01,
       8.11619568e+02, 2.53236008e+02, 6.62129641e-01, 7.88077637e+02,
       1.76842484e+02, 5.89589119e-01, 6.50906616e+02, 1.57260056e+02,
       3.73311996e-01, 5.23614380e+02, 1.53334702e+02, 5.56511521e-01,
       8.27236084e+02, 3.25736267e+02, 6.29252434e-01, 7.21469360e+02,
       3.68832855e+02, 6.08531117e-01, 5.53010071e+02, 3.74706848e+02,
       7.72967756e-01, 5.25555176e+02, 2.76768219e+02, 3.78292292e-01,
       5.25573669e+02, 2.41408981e+02, 3.81327271e-01, 3.76659454e+02,
       2.10105591e+02, 1.94788113e-01, 1.08259315e+02, 2.04265305e+02,
       1.21021621e-01, 5.27498108e+02, 3.15933929e+02, 4.15603310e-01,
       3.53124390e+02, 3.66849701e+02, 3.44031811e-01, 1.47402908e+02,
       4.51109344e+02, 2.94834316e-01, 9.31046387e+02, 1.82731552e+02,
       8.46640885e-01, 9.42808594e+02, 2.19891205e+02, 7.99921989e-01,
       9.01746582e+02, 1.76794220e+02, 1.76523775e-01, 9.27157715e+02,
       2.57106079e+02, 6.41145289e-01, 7.09894791e+01, 4.51067322e+02,
       8.99515152e-02, 7.88358154e+01, 4.62819946e+02, 1.10576198e-01,
       1.31760818e+02, 4.64820923e+02, 2.06272334e-01, 0., 0., 0., 0.,
       0., 0., 0., 0., 0. ]
