%YAML:1.0
---
pose_0: !!opencv-matrix
   rows: 1
   cols: 25
   dt: "3f"
   data: [ 8.82051758e+02, 4.64787872e+02, 8.21464002e-01,
       7.78257202e+02, 4.53030731e+02, 6.89801157e-01, 7.74409546e+02,
       3.86430725e+02, 7.12563753e-01, 6.96043152e+02, 3.19760101e+02,
       7.49154210e-01, 7.23401184e+02, 4.02121033e+02, 6.85751319e-01,
       7.89934692e+02, 5.15729126e+02, 5.42609513e-01, 7.35157837e+02,
       5.98060303e+02, 7.37113833e-01, 7.74274963e+02, 4.82430664e+02,
       6.80009007e-01, 5.19652344e+02, 4.90294342e+02, 3.44558239e-01,
       5.21641724e+02, 4.43253021e+02, 3.94434839e-01, 3.53190735e+02,
       4.60927887e+02, 6.49088144e-01, 1.57227905e+02, 5.05973816e+02,
       4.11213458e-01, 5.23599854e+02, 5.37282104e+02, 4.30216104e-01,
       3.86448059e+02, 5.49052673e+02, 5.39305992e-02, 2.90452240e+02,
       5.41235474e+02, 8.60757455e-02, 8.85976196e+02, 4.45171661e+02,
       8.91202211e-01, 8.97752991e+02, 4.74603760e+02, 8.46483231e-01,
       8.52798462e+02, 4.15834412e+02, 8.34154665e-01, 8.70314514e+02,
       4.88299835e+02, 1.15821056e-01, 0., 0., 0., 0., 0., 0., 0., 0.,
       0., 1.20034500e+02, 4.72659851e+02, 1.39412209e-01,
       1.23926125e+02, 4.70691528e+02, 1.29690483e-01, 1.39587769e+02,
       5.11843231e+02, 3.00727308e-01 ]
