%YAML:1.0
---
pose_0: !!opencv-matrix
   rows: 1
   cols: 25
   dt: "3f"
   data: [ 9.62464539e+02, 2.41541382e+02, 8.17499042e-01,
       8.38952087e+02, 2.63031433e+02, 6.35869503e-01, 8.23355347e+02,
       1.80682007e+02, 6.81569934e-01, 6.86240234e+02, 1.37675217e+02,
       7.00430453e-01, 6.05900208e+02, 1.29781784e+02, 7.81020761e-01,
       8.52746338e+02, 3.53175446e+02, 6.13179386e-01, 7.29362366e+02,
       4.06028198e+02, 6.62465930e-01, 5.90182495e+02, 4.27529999e+02,
       7.66647816e-01, 5.78441772e+02, 2.90441162e+02, 1.99750036e-01,
       5.64709778e+02, 2.43414597e+02, 3.12958509e-01, 3.66834045e+02,
       2.49326813e+02, 1.55754119e-01, 0., 0., 0., 5.62778748e+02,
       3.45289215e+02, 1.30334556e-01, 3.88406708e+02, 3.62933319e+02,
       8.50896165e-02, 1.80777740e+02, 3.84471863e+02, 8.60090405e-02,
       9.64376648e+02, 2.21906464e+02, 8.77477348e-01, 9.78152710e+02,
       2.57205780e+02, 7.75238037e-01, 9.33097473e+02, 2.06213303e+02,
       5.74496448e-01, 9.60488098e+02, 2.88414215e+02, 2.67383456e-01,
       0., 0., 0., 0., 0., 0., 0., 0., 0., 0., 0., 0., 0., 0., 0., 0.,
       0., 0. ]
