%YAML:1.0
---
pose_0: !!opencv-matrix
   rows: 1
   cols: 25
   dt: "3f"
   data: [ 9.13452332e+02, 2.12157745e+02, 7.64878333e-01,
       8.54641785e+02, 2.72805023e+02, 6.64766550e-01, 8.37033203e+02,
       2.45407196e+02, 4.30162907e-01, 7.90058777e+02, 2.27787445e+02,
       7.32180774e-02, 7.97876038e+02, 2.10062561e+02, 8.81002918e-02,
       8.70337891e+02, 2.92393738e+02, 5.80352306e-01, 7.89961670e+02,
       2.35586533e+02, 5.08659303e-01, 7.74396729e+02, 1.63082169e+02,
       6.26210630e-01, 5.54921448e+02, 3.35518219e+02, 1.23636618e-01,
       5.45147766e+02, 3.00258392e+02, 1.45590276e-01, 1.96449707e+02,
       3.37434998e+02, 2.94871002e-01, 9.06334839e+01, 3.72763458e+02,
       3.69153321e-01, 5.54932983e+02, 3.74687653e+02, 1.10894501e-01,
       0., 0., 0., 0., 0., 0., 9.25225586e+02, 2.04276535e+02,
       6.75973475e-01, 9.35075867e+02, 2.27805435e+02, 8.26505125e-01,
       0., 0., 0., 9.32975220e+02, 2.84520660e+02, 8.21890891e-01, 0.,
       0., 0., 0., 0., 0., 0., 0., 0., 5.53384552e+01, 4.02149048e+02,
       1.90413848e-01, 5.33949089e+01, 3.98141357e+02, 1.84905604e-01,
       7.49367371e+01, 3.82541901e+02, 2.56021857e-01 ]
