%YAML:1.0
---
pose_0: !!opencv-matrix
   rows: 1
   cols: 25
   dt: "3f"
   data: [ 9.21309387e+02, 3.33582703e+02, 7.78516948e-01,
       8.23395508e+02, 3.59052216e+02, 6.19175792e-01, 7.99843567e+02,
       3.02159149e+02, 4.55661774e-01, 7.90059570e+02, 2.57148376e+02,
       2.19114602e-01, 7.62604553e+02, 2.25782394e+02, 1.28145218e-01,
       8.52625000e+02, 4.29518951e+02, 6.70379996e-01, 7.91989197e+02,
       4.96132782e+02, 8.28100920e-01, 8.07578308e+02, 3.68822449e+02,
       6.62342668e-01, 5.52964050e+02, 3.88413269e+02, 2.16638997e-01,
       5.52989929e+02, 3.51197388e+02, 3.15608293e-01, 3.43360046e+02,
       3.60988007e+02, 1.85827807e-01, 0., 0., 0., 5.43169373e+02,
       4.43253204e+02, 1.48114517e-01, 3.19821136e+02, 3.66820129e+02,
       1.21709302e-01, 1.61122879e+02, 3.60973175e+02, 9.22707766e-02,
       9.25230530e+02, 3.10011383e+02, 7.96458364e-01, 9.35070862e+02,
       3.47232666e+02, 7.72572935e-01, 8.93875305e+02, 2.90548492e+02,
       6.80043876e-01, 9.31066040e+02, 3.66888519e+02, 3.75208795e-01,
       0., 0., 0., 0., 0., 0., 0., 0., 0., 0., 0., 0., 0., 0., 0., 0.,
       0., 0. ]
