%YAML:1.0
---
pose_0: !!opencv-matrix
   rows: 1
   cols: 25
   dt: "3f"
   data: [ 8.89948120e+02, 3.39458130e+02, 6.76543117e-01,
       8.11561279e+02, 3.23738556e+02, 3.82790804e-01, 8.42942688e+02,
       2.70855103e+02, 2.55245626e-01, 9.74152954e+02, 2.31726639e+02,
       6.89454317e-01, 1.08388232e+03, 2.76736603e+02, 7.03291237e-01,
       7.84132141e+02, 3.68862671e+02, 2.98435092e-01, 6.80267212e+02,
       4.19779755e+02, 5.13814330e-01, 5.51024841e+02, 4.74593719e+02,
       2.36310959e-01, 5.54932922e+02, 3.43353027e+02, 1.97680190e-01,
       5.58864075e+02, 3.06098419e+02, 2.20520407e-01, 3.59019073e+02,
       4.60930389e+02, 2.22665280e-01, 1.84647552e+02, 5.31439697e+02,
       1.67185500e-01, 5.43181213e+02, 3.78598907e+02, 1.75569504e-01,
       3.64909210e+02, 4.60874939e+02, 3.12726021e-01, 1.74861237e+02,
       5.35309387e+02, 3.05981517e-01, 9.01682617e+02, 3.19869598e+02,
       7.62201965e-01, 9.05646362e+02, 3.51178253e+02, 7.76267350e-01,
       8.99772400e+02, 2.88518738e+02, 6.07333541e-01, 0., 0., 0.,
       1.25891342e+02, 5.33357788e+02, 1.08718149e-01, 0., 0., 0.,
       1.57234024e+02, 5.37318176e+02, 1.94797814e-01, 0., 0., 0., 0.,
       0., 0., 0., 0., 0. ]
