%YAML:1.0
---
pose_0: !!opencv-matrix
   rows: 1
   cols: 25
   dt: "3f"
   data: [ 9.15372803e+02, 3.70779785e+02, 8.36493373e-01,
       8.25350830e+02, 4.13862671e+02, 7.31884301e-01, 8.01751526e+02,
       3.70821442e+02, 5.10195017e-01, 6.29379028e+02, 3.84522491e+02,
       1.06380336e-01, 0., 0., 0., 8.52766541e+02, 4.60918091e+02,
       6.37708306e-01, 7.89938721e+02, 4.60883057e+02, 8.02636743e-01,
       7.93964783e+02, 3.31581573e+02, 7.57291019e-01, 5.70590820e+02,
       4.49145660e+02, 1.33536071e-01, 5.76488525e+02, 4.11891754e+02,
       2.19002604e-01, 3.64918335e+02, 3.80556702e+02, 1.46459863e-01,
       0., 0., 0., 5.56902100e+02, 5.00065643e+02, 1.21316761e-01,
       3.53102295e+02, 5.51023743e+02, 3.02054495e-01, 1.94473831e+02,
       6.17657837e+02, 7.16546476e-02, 9.21297546e+02, 3.55159332e+02,
       8.24244082e-01, 9.31160583e+02, 3.84572296e+02, 8.69607568e-01,
       8.99769409e+02, 3.49236481e+02, 3.11272651e-01, 9.31021362e+02,
       4.17782104e+02, 7.03133345e-01, 0., 0., 0., 0., 0., 0., 0., 0.,
       0., 0., 0., 0., 0., 0., 0., 0., 0., 0. ]
