%YAML:1.0
---
pose_0: !!opencv-matrix
   rows: 1
   cols: 25
   dt: "3f"
   data: [ 1.07216406e+03, 3.76634644e+02, 7.32040465e-01,
       9.46715698e+02, 3.25742706e+02, 4.43395257e-01, 9.64389343e+02,
       2.45396011e+02, 4.81715322e-01, 7.99835876e+02, 1.63050720e+02,
       5.39414346e-01, 6.48905701e+02, 1.27797737e+02, 7.33044446e-01,
       9.29118347e+02, 4.07994049e+02, 3.52167785e-01, 7.80216248e+02,
       4.94208008e+02, 3.17170352e-01, 6.48880981e+02, 6.23507324e+02,
       3.29678625e-01, 0., 0., 0., 0., 0., 0., 0., 0., 0., 0., 0., 0.,
       0., 0., 0., 0., 0., 0., 0., 0., 0., 1.09181787e+03,
       3.41413116e+02, 7.77393520e-01, 1.09370081e+03, 3.96198090e+02,
       7.50089765e-01, 1.07416199e+03, 3.00226318e+02, 6.35540068e-01,
       0., 0., 0., 0., 0., 0., 0., 0., 0., 0., 0., 0., 0., 0., 0., 0.,
       0., 0., 0., 0., 0. ]
