%YAML:1.0
---
pose_0: !!opencv-matrix
   rows: 1
   cols: 25
   dt: "3f"
   data: [ 9.17444702e+02, 2.72887909e+02, 8.25778842e-01,
       8.05612732e+02, 2.92466248e+02, 7.03242600e-01, 7.90089844e+02,
       2.12048386e+02, 7.42961526e-01, 6.76376526e+02, 1.90533340e+02,
       7.30479717e-01, 5.92186523e+02, 2.10096695e+02, 8.28833699e-01,
       8.15461304e+02, 3.74677155e+02, 6.35950804e-01, 6.98030151e+02,
       4.45244019e+02, 7.03027666e-01, 5.74565247e+02, 4.58963806e+02,
       7.55448222e-01, 5.39280212e+02, 3.25738556e+02, 2.49811530e-01,
       5.47079834e+02, 2.74780670e+02, 3.18654537e-01, 3.27680084e+02,
       2.74727142e+02, 2.63731539e-01, 2.55204102e+02, 2.55220337e+02,
       5.39176986e-02, 5.33377136e+02, 3.68792023e+02, 2.70912677e-01,
       3.64907288e+02, 4.15852875e+02, 3.29839855e-01, 1.67032074e+02,
       4.90237915e+02, 2.26700112e-01, 9.29129944e+02, 2.57153320e+02,
       8.98069382e-01, 9.31071289e+02, 2.90457397e+02, 8.34041595e-01,
       8.97792419e+02, 2.39539917e+02, 6.58460557e-01, 9.13426025e+02,
       3.19738159e+02, 5.35699725e-01, 9.65019608e+01, 5.09824677e+02,
       6.65085912e-02, 1.04323502e+02, 5.19660522e+02, 8.18110257e-02,
       1.35696198e+02, 4.80489777e+02, 1.31821960e-01, 0., 0., 0., 0.,
       0., 0., 0., 0., 0. ]
