%YAML:1.0
---
pose_0: !!opencv-matrix
   rows: 1
   cols: 25
   dt: "3f"
   data: [ 8.70276489e+02, 2.64971008e+02, 8.10404778e-01,
       8.03730042e+02, 3.23777802e+02, 5.65190732e-01, 8.15479065e+02,
       3.47267273e+02, 4.01236296e-01, 0., 0., 0., 0., 0., 0.,
       7.99852844e+02, 3.21810089e+02, 4.98109341e-01, 6.95923157e+02,
       2.88423676e+02, 6.89903378e-01, 8.01796570e+02, 2.08195801e+02,
       6.43798470e-01, 5.78444458e+02, 3.29647888e+02, 2.60746926e-01,
       5.74530151e+02, 2.90431763e+02, 2.84585208e-01, 3.55112061e+02,
       2.96356964e+02, 1.63275197e-01, 0., 0., 0., 5.78454102e+02,
       3.66878143e+02, 2.30167508e-01, 3.47260437e+02, 3.17889008e+02,
       1.42474264e-01, 0., 0., 0., 8.78161560e+02, 2.57144653e+02,
       7.65282035e-01, 8.87963684e+02, 2.78732483e+02, 8.27157021e-01,
       0., 0., 0., 8.84006104e+02, 3.23780365e+02, 8.03812861e-01, 0.,
       0., 0., 0., 0., 0., 0., 0., 0., 0., 0., 0., 0., 0., 0., 0., 0.,
       0. ]
