%YAML:1.0
---
pose_0: !!opencv-matrix
   rows: 1
   cols: 25
   dt: "3f"
   data: [ 9.05623047e+02, 2.27806381e+02, 7.49176145e-01,
       8.05743530e+02, 2.33659851e+02, 6.69901788e-01, 7.93975708e+02,
       1.61176224e+02, 6.89289033e-01, 6.82266541e+02, 1.18136604e+02,
       7.46961236e-01, 5.99980774e+02, 1.20052246e+02, 7.96426177e-01,
       8.07677185e+02, 3.21806885e+02, 6.50029063e-01, 6.95933533e+02,
       3.66847717e+02, 7.05836415e-01, 5.96065552e+02, 3.51226105e+02,
       7.99075484e-01, 5.35356323e+02, 2.61080750e+02, 2.37325475e-01,
       5.35323669e+02, 2.15991180e+02, 3.02470684e-01, 3.33536652e+02,
       2.25849991e+02, 3.72450352e-01, 1.04323586e+02, 2.27733963e+02,
       3.40353042e-01, 5.39238586e+02, 3.15889374e+02, 2.10608408e-01,
       3.25721039e+02, 3.29647339e+02, 2.76054502e-01, 1.78796860e+02,
       3.45296478e+02, 3.80567074e-01, 9.17308777e+02, 2.10170074e+02,
       8.57804537e-01, 9.25170715e+02, 2.45444122e+02, 7.91952133e-01,
       8.97790222e+02, 1.86632004e+02, 6.02491617e-01, 9.13457947e+02,
       2.72753265e+02, 2.52042174e-01, 1.08277298e+02, 3.64919586e+02,
       1.98985696e-01, 1.20049034e+02, 3.70783936e+02, 2.13836432e-01,
       1.63108856e+02, 3.35509796e+02, 1.90055579e-01, 8.07864990e+01,
       2.43379898e+02, 7.48533234e-02, 7.88608932e+01, 2.41401962e+02,
       6.78442270e-02, 9.06451721e+01, 2.31652435e+02, 2.58056253e-01 ]
