%YAML:1.0
---
pose_0: !!opencv-matrix
   rows: 1
   cols: 25
   dt: "3f"
   data: [ 8.97784851e+02, 4.29507416e+02, 8.24833632e-01,
       8.09626770e+02, 4.74635010e+02, 5.73383749e-01, 7.91975159e+02,
       4.47141632e+02, 3.63487244e-01, 7.39103149e+02, 4.15904510e+02,
       1.01801261e-01, 0., 0., 0., 8.29183350e+02, 5.07880554e+02,
       5.91019630e-01, 7.31278320e+02, 4.13912628e+02, 7.90314078e-01,
       6.60681580e+02, 3.06181244e+02, 7.61936069e-01, 5.43164246e+02,
       4.80496552e+02, 1.92589119e-01, 5.54929749e+02, 4.56977600e+02,
       2.23782688e-01, 3.64881470e+02, 4.11901428e+02, 1.91253930e-01,
       1.70942444e+02, 4.33444000e+02, 2.37303138e-01, 5.29450500e+02,
       5.03996490e+02, 1.71341479e-01, 3.66863861e+02, 4.15905029e+02,
       3.21497262e-01, 1.74856491e+02, 4.37373260e+02, 2.73540914e-01,
       9.03698181e+02, 4.15756409e+02, 8.81482244e-01, 9.13449646e+02,
       4.45271057e+02, 8.38048220e-01, 8.84065613e+02, 4.09968781e+02,
       1.98833182e-01, 9.01638916e+02, 4.78509888e+02, 7.23807275e-01,
       1.35676376e+02, 4.00160553e+02, 7.23759383e-02, 0., 0., 0.,
       1.43514511e+02, 4.47182495e+02, 2.07983762e-01, 1.33693497e+02,
       4.00179657e+02, 1.21188000e-01, 1.35718857e+02, 4.00178925e+02,
       1.00211740e-01, 1.47431305e+02, 4.43238068e+02, 1.80082262e-01 ]
