%YAML:1.0
---
pose_0: !!opencv-matrix
   rows: 1
   cols: 25
   dt: "3f"
   data: [ 9.72204651e+02, 2.90404633e+02, 7.65920699e-01,
       8.66418274e+02, 3.04102997e+02, 6.28508687e-01, 8.52758728e+02,
       2.27772614e+02, 6.28034413e-01, 7.68504700e+02, 1.29759720e+02,
       6.92213476e-01, 8.33107300e+02, 1.94491379e+02, 7.14185178e-01,
       8.74281921e+02, 3.80592926e+02, 5.19139051e-01, 8.39024902e+02,
       5.13790588e+02, 7.80189097e-01, 9.11457397e+02, 4.15884003e+02,
       8.02987635e-01, 6.03914124e+02, 3.53157959e+02, 9.59286913e-02,
       5.80400146e+02, 3.15925262e+02, 1.58502817e-01, 3.45306976e+02,
       3.45311920e+02, 2.22310513e-01, 0., 0., 0., 0., 0., 0., 0., 0.,
       0., 0., 0., 0., 9.82055359e+02, 2.59131104e+02, 7.57265091e-01,
       9.91848389e+02, 3.06102325e+02, 8.62822413e-01, 9.64333069e+02,
       2.29771729e+02, 6.08561516e-01, 0., 0., 0., 0., 0., 0., 0., 0.,
       0., 0., 0., 0., 0., 0., 0., 0., 0., 0., 0., 0., 0. ]
