%YAML:1.0
---
pose_0: !!opencv-matrix
   rows: 1
   cols: 25
   dt: "3f"
   data: [ 9.79993774e+02, 2.86525055e+02, 8.28719378e-01,
       8.66418457e+02, 2.92453888e+02, 5.59239149e-01, 8.60567749e+02,
       2.23814713e+02, 5.24790525e-01, 7.62594971e+02, 1.08232033e+02,
       6.60130441e-01, 8.37122864e+02, 1.72933746e+02, 8.10729861e-01,
       8.72311768e+02, 3.68784058e+02, 4.77888912e-01, 8.21291504e+02,
       4.96237030e+02, 7.93033302e-01, 8.86092468e+02, 3.86437408e+02,
       7.93367982e-01, 5.58867737e+02, 3.39446014e+02, 1.35736719e-01,
       5.70606384e+02, 2.92405334e+02, 1.59839571e-01, 5.13802246e+02,
       2.64980164e+02, 1.91807687e-01, 1.06298668e+02, 3.60982117e+02,
       1.01807691e-01, 5.47107788e+02, 4.13899078e+02, 1.15712874e-01,
       0., 0., 0., 0., 0., 0., 9.85906555e+02, 2.57229858e+02,
       8.50105405e-01, 9.95800476e+02, 3.02207123e+02, 8.28603208e-01,
       9.60433411e+02, 2.31676788e+02, 6.65000379e-01, 9.93737366e+02,
       3.23750580e+02, 1.00155868e-01, 0., 0., 0., 0., 0., 0., 0., 0.,
       0., 0., 0., 0., 0., 0., 0., 0., 0., 0. ]
