%YAML:1.0
---
pose_0: !!opencv-matrix
   rows: 1
   cols: 25
   dt: "3f"
   data: [ 9.09556763e+02, 2.72712067e+02, 7.70616710e-01,
       8.05625793e+02, 2.88536926e+02, 6.81073606e-01, 7.91967590e+02,
       2.12113922e+02, 7.34422207e-01, 6.74469177e+02, 1.61173828e+02,
       7.63350189e-01, 5.86311340e+02, 1.49377655e+02, 8.87665331e-01,
       8.07726868e+02, 3.66841675e+02, 6.92639053e-01, 6.98035400e+02,
       3.98197083e+02, 8.61879349e-01, 6.64704956e+02, 3.13956207e+02,
       5.34903407e-01, 5.15746704e+02, 3.04124603e+02, 1.76079959e-01,
       5.17711304e+02, 2.63023041e+02, 1.78842112e-01, 3.21825287e+02,
       2.61038696e+02, 1.70895636e-01, 0., 0., 0., 5.11818176e+02,
       3.51155518e+02, 1.56608120e-01, 3.64873718e+02, 3.66807159e+02,
       2.16920346e-01, 1.68979309e+02, 3.59038239e+02, 1.01423010e-01,
       9.17320557e+02, 2.53233353e+02, 8.79666448e-01, 9.21317566e+02,
       2.88473236e+02, 8.22357178e-01, 8.93842896e+02, 2.35571869e+02,
       5.00154316e-01, 9.07554565e+02, 3.15875580e+02, 3.23218584e-01,
       0., 0., 0., 0., 0., 0., 0., 0., 0., 0., 0., 0., 0., 0., 0., 0.,
       0., 0. ]
