%YAML:1.0
---
pose_0: !!opencv-matrix
   rows: 1
   cols: 25
   dt: "3f"
   data: [ 9.11498291e+02, 2.72852356e+02, 7.62292027e-01,
       8.13524963e+02, 3.23788055e+02, 6.93832815e-01, 7.91917419e+02,
       2.70817413e+02, 6.74253821e-01, 6.86200562e+02, 2.80670715e+02,
       1.75399616e-01, 6.33316406e+02, 2.88494202e+02, 5.38444221e-02,
       8.31165588e+02, 3.86419159e+02, 6.51740789e-01, 6.95974487e+02,
       4.53081635e+02, 6.84467316e-01, 5.70678711e+02, 4.00080902e+02,
       8.71836185e-01, 5.39287537e+02, 3.43352783e+02, 3.54288518e-01,
       5.35350098e+02, 3.06105255e+02, 4.06764477e-01, 3.70758575e+02,
       2.72842316e+02, 1.76307514e-01, 3.29626801e+02, 2.74747742e+02,
       3.49489868e-01, 5.41263916e+02, 3.80536926e+02, 3.72267038e-01,
       3.37483490e+02, 4.21736755e+02, 4.39806193e-01, 1.43511292e+02,
       4.62786285e+02, 3.79754335e-01, 9.17472351e+02, 2.59112946e+02,
       7.71029532e-01, 9.27147705e+02, 2.90412170e+02, 8.69644940e-01,
       9.01749756e+02, 2.55134811e+02, 1.10864326e-01, 9.15472961e+02,
       3.31558502e+02, 7.61026919e-01, 7.10198669e+01, 4.68737762e+02,
       2.39977270e-01, 8.28099442e+01, 4.78495270e+02, 2.49051124e-01,
       1.35664215e+02, 4.60896729e+02, 2.12261215e-01, 2.88460419e+02,
       2.86518097e+02, 8.08403715e-02, 0., 0., 0., 0., 0., 0. ]
