%YAML:1.0
---
pose_0: !!opencv-matrix
   rows: 1
   cols: 25
   dt: "3f"
   data: [ 9.35058594e+02, 2.74734131e+02, 8.00286233e-01,
       8.44893616e+02, 3.33491394e+02, 5.80108702e-01, 8.23390381e+02,
       2.88518250e+02, 3.65347207e-01, 0., 0., 0., 0., 0., 0.,
       8.52747864e+02, 3.76654510e+02, 6.35140061e-01, 7.31256165e+02,
       3.96202118e+02, 5.50744116e-01, 5.86344727e+02, 3.37421265e+02,
       7.46326625e-01, 5.82362000e+02, 3.72734711e+02, 5.70776276e-02,
       0., 0., 0., 0., 0., 0., 0., 0., 0., 0., 0., 0., 0., 0., 0., 0.,
       0., 0., 9.48771484e+02, 2.70781372e+02, 7.89990544e-01,
       9.60421875e+02, 2.92403107e+02, 8.50975811e-01, 0., 0., 0.,
       9.40854126e+02, 3.39461456e+02, 7.75640726e-01, 0., 0., 0., 0.,
       0., 0., 0., 0., 0., 0., 0., 0., 0., 0., 0., 0., 0., 0. ]
