%YAML:1.0
---
pose_0: !!opencv-matrix
   rows: 1
   cols: 25
   dt: "3f"
   data: [ 1.02906201e+03, 2.27743134e+02, 7.53798425e-01,
       8.97741333e+02, 2.43478088e+02, 4.37934160e-01, 8.56634766e+02,
       1.47408768e+02, 4.86013442e-01, 7.31274963e+02, 9.45209961e+01,
       5.56607723e-01, 6.66669128e+02, 1.10233391e+02, 6.57308996e-01,
       9.05630310e+02, 3.43352936e+02, 3.74238133e-01, 7.62672485e+02,
       4.13936737e+02, 6.93780780e-01, 8.54606201e+02, 3.12030426e+02,
       7.13576019e-01, 0., 0., 0., 0., 0., 0., 0., 0., 0., 0., 0., 0.,
       0., 0., 0., 0., 0., 0., 0., 0., 0., 1.04084436e+03,
       1.98368866e+02, 8.39434862e-01, 1.04471802e+03, 2.49313721e+02,
       6.80816054e-01, 9.93783264e+02, 1.65091202e+02, 5.38724422e-01,
       1.03490247e+03, 2.74862457e+02, 1.94904298e-01, 0., 0., 0., 0.,
       0., 0., 0., 0., 0., 0., 0., 0., 0., 0., 0., 0., 0., 0. ]
