%YAML:1.0
---
pose_0: !!opencv-matrix
   rows: 1
   cols: 25
   dt: "3f"
   data: [ 8.86091370e+02, 4.47138885e+02, 8.47506881e-01,
       7.90090820e+02, 4.49188843e+02, 7.03568637e-01, 7.84169922e+02,
       3.78579285e+02, 6.87398791e-01, 6.76384827e+02, 3.53062042e+02,
       8.03312778e-01, 6.50886658e+02, 3.04190125e+02, 9.06883121e-01,
       7.89951782e+02, 5.25619080e+02, 6.10108912e-01, 6.80249878e+02,
       5.74570862e+02, 6.72997117e-01, 7.13637268e+02, 6.13687683e+02,
       6.09432220e-01, 5.68645752e+02, 4.56980927e+02, 1.62970647e-01,
       5.70602905e+02, 4.23678101e+02, 1.90325618e-01, 3.74688263e+02,
       3.98181427e+02, 1.55603558e-01, 3.33568878e+02, 3.86418243e+02,
       1.11559138e-01, 5.66678833e+02, 5.11840546e+02, 1.26088351e-01,
       0., 0., 0., 0., 0., 0., 8.99717285e+02, 4.31534637e+02,
       8.70638192e-01, 9.01683533e+02, 4.62925995e+02, 7.93646097e-01,
       8.78175476e+02, 4.13898102e+02, 6.50561929e-01, 8.85987427e+02,
       4.86391907e+02, 4.80535924e-01, 0., 0., 0., 0., 0., 0., 0., 0.,
       0., 0., 0., 0., 0., 0., 0., 0., 0., 0. ]
