%YAML:1.0
---
pose_0: !!opencv-matrix
   rows: 1
   cols: 25
   dt: "3f"
   data: [ 8.64501099e+02, 4.37403992e+02, 8.03586721e-01,
       7.74258667e+02, 4.11900757e+02, 6.96119845e-01, 7.58716309e+02,
       3.49235962e+02, 6.80243909e-01, 7.72368713e+02, 2.45407776e+02,
       7.78263211e-01, 8.54634460e+02, 2.74724731e+02, 8.69091630e-01,
       7.88054443e+02, 4.76609070e+02, 6.44101024e-01, 8.07640808e+02,
       5.86232849e+02, 8.45424414e-01, 8.56701477e+02, 6.93964233e+02,
       7.60743737e-01, 5.54900757e+02, 4.39330261e+02, 3.32819998e-01,
       5.56890686e+02, 3.98251434e+02, 4.53177154e-01, 3.80580170e+02,
       4.19760193e+02, 2.18881756e-01, 2.06208130e+02, 4.09940460e+02,
       3.25762689e-01, 5.52986877e+02, 4.84389160e+02, 3.00130814e-01,
       3.82535187e+02, 5.13764648e+02, 2.79191911e-01, 2.02269287e+02,
       5.41297302e+02, 1.73082978e-01, 8.70428650e+02, 4.15853912e+02,
       8.87933135e-01, 8.82140991e+02, 4.31433044e+02, 2.89857119e-01,
       8.52627441e+02, 3.80522186e+02, 8.22206974e-01, 0., 0., 0., 0.,
       0., 0., 0., 0., 0., 1.80703064e+02, 5.33388489e+02,
       1.07874885e-01, 1.41538940e+02, 3.86443268e+02, 2.91510969e-01,
       1.41583603e+02, 3.86424255e+02, 2.42153659e-01, 1.92455414e+02,
       4.17794922e+02, 1.63866282e-01 ]
