%YAML:1.0
---
pose_0: !!opencv-matrix
   rows: 1
   cols: 25
   dt: "3f"
   data: [ 8.78218872e+02, 3.82414246e+02, 7.32486606e-01,
       7.90043762e+02, 3.06104797e+02, 6.72772467e-01, 7.91988464e+02,
       2.88439697e+02, 7.09356785e-01, 6.64588013e+02, 2.74813141e+02,
       7.70791173e-01, 5.56911804e+02, 3.92339050e+02, 6.94086790e-01,
       7.90055359e+02, 3.29645477e+02, 4.82011676e-01, 6.90120117e+02,
       3.59024109e+02, 3.98540348e-01, 6.43097839e+02, 3.66864288e+02,
       6.84913248e-02, 5.60803528e+02, 2.86496674e+02, 2.55544156e-01,
       5.45138489e+02, 2.55148026e+02, 2.88241297e-01, 4.21733124e+02,
       3.00238892e+02, 2.94682324e-01, 2.82629883e+02, 3.62926239e+02,
       2.27075040e-01, 5.45151855e+02, 3.17875366e+02, 1.62549421e-01,
       4.31503906e+02, 3.70763855e+02, 1.37789041e-01, 2.63013031e+02,
       3.66853638e+02, 1.22301370e-01, 8.93900818e+02, 3.66907837e+02,
       7.87787735e-01, 0., 0., 0., 8.93883850e+02, 3.21750946e+02,
       8.42218399e-01, 0., 0., 0., 0., 0., 0., 0., 0., 0., 0., 0., 0.,
       0., 0., 0., 0., 0., 0., 0., 0., 0. ]
