%YAML:1.0
---
pose_0: !!opencv-matrix
   rows: 1
   cols: 25
   dt: "3f"
   data: [ 9.29098328e+02, 3.68900970e+02, 7.68693089e-01,
       8.21372009e+02, 3.02174500e+02, 6.33473098e-01, 8.38984192e+02,
       2.57085510e+02, 6.54711425e-01, 7.42994202e+02, 1.76787979e+02,
       7.09572852e-01, 5.82343445e+02, 2.08144714e+02, 4.70975399e-01,
       7.92024231e+02, 3.41421448e+02, 4.21671331e-01, 6.70507507e+02,
       3.86479401e+02, 3.56842041e-01, 6.62643677e+02, 4.19786591e+02,
       2.92829335e-01, 6.25465271e+02, 2.86537750e+02, 9.15959179e-02,
       0., 0., 0., 0., 0., 0., 0., 0., 0., 0., 0., 0., 0., 0., 0., 0.,
       0., 0., 9.40895691e+02, 3.51193604e+02, 8.04963708e-01,
       9.46692688e+02, 3.70751190e+02, 1.63478613e-01, 9.17417786e+02,
       3.06053741e+02, 9.13159549e-01, 0., 0., 0., 0., 0., 0., 0., 0.,
       0., 0., 0., 0., 0., 0., 0., 0., 0., 0., 0., 0., 0. ]
