%YAML:1.0
---
pose_0: !!opencv-matrix
   rows: 1
   cols: 25
   dt: "3f"
   data: [ 8.97744934e+02, 4.41284454e+02, 7.23089099e-01,
       7.94005554e+02, 4.31570068e+02, 6.23144090e-01, 7.92028931e+02,
       3.53126343e+02, 6.70785069e-01, 6.88189453e+02, 2.88426636e+02,
       8.03861856e-01, 6.33340881e+02, 3.39413391e+02, 7.68811226e-01,
       7.90069946e+02, 5.05979980e+02, 5.07982790e-01, 6.78318176e+02,
       5.74584717e+02, 7.89369166e-01, 7.88055176e+02, 5.52910339e+02,
       7.51582205e-01, 5.39276489e+02, 4.53052307e+02, 2.14221701e-01,
       5.41211853e+02, 4.13843750e+02, 3.11359763e-01, 3.64902496e+02,
       4.00126892e+02, 2.72674263e-01, 0., 0., 0., 5.43196411e+02,
       5.09898590e+02, 1.86068222e-01, 3.92312012e+02, 5.25521484e+02,
       1.86349869e-01, 0., 0., 0., 9.09513184e+02, 4.17865509e+02,
       7.87635803e-01, 9.07588806e+02, 4.60801514e+02, 7.60578215e-01,
       8.86049377e+02, 3.96184418e+02, 5.60486436e-01, 8.97741150e+02,
       4.78558685e+02, 1.61540821e-01, 0., 0., 0., 0., 0., 0., 0., 0.,
       0., 0., 0., 0., 0., 0., 0., 0., 0., 0. ]
