%YAML:1.0
---
pose_0: !!opencv-matrix
   rows: 1
   cols: 25
   dt: "3f"
   data: [ 9.85914856e+02, 3.96219025e+02, 7.81048238e-01,
       8.56661987e+02, 4.00129333e+02, 7.07303822e-01, 8.46805847e+02,
       3.08116241e+02, 6.41824484e-01, 7.27370300e+02, 2.51279572e+02,
       7.69656003e-01, 6.35326233e+02, 2.90552063e+02, 7.38382339e-01,
       8.68360596e+02, 4.82434326e+02, 5.66181421e-01, 7.15622803e+02,
       5.52906250e+02, 6.50634646e-01, 5.99946106e+02, 5.90200012e+02,
       7.09395528e-01, 5.66690918e+02, 4.35438019e+02, 1.24909475e-01,
       5.70591858e+02, 3.84474823e+02, 1.91546246e-01, 3.49231201e+02,
       3.86467712e+02, 2.50286371e-01, 1.74850571e+02, 4.29588074e+02,
       3.55058968e-01, 5.56877869e+02, 5.03998718e+02, 1.62892669e-01,
       0., 0., 0., 0., 0., 0., 9.93836609e+02, 3.66895874e+02,
       8.94145608e-01, 1.00164813e+03, 4.09988556e+02, 7.53961682e-01,
       9.66402100e+02, 3.35540100e+02, 5.07891953e-01, 0., 0., 0., 0.,
       0., 0., 0., 0., 0., 0., 0., 0., 1.35682617e+02, 4.06044006e+02,
       7.56211206e-02, 0., 0., 0., 1.63093582e+02, 4.45181305e+02,
       2.83011347e-01 ]
