%YAML:1.0
---
pose_0: !!opencv-matrix
   rows: 1
   cols: 25
   dt: "3f"
   data: [ 8.99798767e+02, 4.62802673e+02, 8.67107451e-01,
       7.99831909e+02, 4.78540070e+02, 6.64404213e-01, 7.95929871e+02,
       4.00229919e+02, 6.96249008e-01, 7.37153442e+02, 3.37528961e+02,
       7.44099796e-01, 6.95979248e+02, 2.59084167e+02, 8.42954278e-01,
       7.92050842e+02, 5.52941895e+02, 6.67005241e-01, 6.92080566e+02,
       6.07797424e+02, 7.76223063e-01, 7.66492676e+02, 6.64672058e+02,
       7.84588218e-01, 5.72583313e+02, 4.82435425e+02, 2.75398374e-01,
       5.80395325e+02, 4.41286072e+02, 3.32708269e-01, 4.04081757e+02,
       4.33465637e+02, 2.11176842e-01, 2.10071121e+02, 4.13940643e+02,
       2.71532327e-01, 5.64740845e+02, 5.25547668e+02, 2.25729316e-01,
       4.09955505e+02, 5.43188232e+02, 1.19250856e-01, 0., 0., 0.,
       9.07593994e+02, 4.49181824e+02, 8.42633724e-01, 9.15406372e+02,
       4.78579926e+02, 8.27113628e-01, 8.84072998e+02, 4.39365082e+02,
       3.64645600e-01, 8.95841431e+02, 5.09819000e+02, 5.96180797e-01,
       0., 0., 0., 0., 0., 0., 0., 0., 0., 1.78762680e+02,
       3.82515320e+02, 8.56420621e-02, 1.78758255e+02, 3.84439056e+02,
       8.33971500e-02, 0., 0., 0. ]
