%YAML:1.0
---
pose_0: !!opencv-matrix
   rows: 1
   cols: 25
   dt: "3f"
   data: [ 8.93836548e+02, 3.53125488e+02, 8.05257499e-01,
       8.03750000e+02, 3.31552948e+02, 4.73314464e-01, 8.07691162e+02,
       2.90393616e+02, 6.65807009e-01, 7.80235046e+02, 3.86438416e+02,
       7.73893654e-01, 7.74409363e+02, 5.07838043e+02, 8.34796369e-01,
       7.42985779e+02, 3.84481262e+02, 3.07635665e-01, 6.68570496e+02,
       4.45264862e+02, 7.08424091e-01, 6.17596802e+02, 5.25582764e+02,
       8.22030544e-01, 5.60812317e+02, 3.27679199e+02, 3.03009599e-01,
       5.60807007e+02, 2.92417877e+02, 3.47537518e-01, 3.82506897e+02,
       3.94253754e+02, 2.92207539e-01, 1.49378708e+02, 3.27700378e+02,
       1.99307412e-01, 5.58843750e+02, 3.64896118e+02, 2.10518077e-01,
       3.86454926e+02, 3.96235962e+02, 1.83537364e-01, 1.45450027e+02,
       3.19825531e+02, 1.81666791e-01, 8.99667725e+02, 3.35424438e+02,
       8.78738642e-01, 9.11479126e+02, 3.59019592e+02, 7.02819347e-01,
       8.68320862e+02, 3.06212280e+02, 7.34018743e-01, 8.89944946e+02,
       3.82572540e+02, 1.34620607e-01, 1.20026489e+02, 3.02156616e+02,
       5.67141511e-02, 0., 0., 0., 1.29795654e+02, 2.92431793e+02,
       1.38262287e-01, 0., 0., 0., 0., 0., 0., 0., 0., 0. ]
