%YAML:1.0
---
pose_0: !!opencv-matrix
   rows: 1
   cols: 25
   dt: "3f"
   data: [ 8.99781921e+02, 4.29509460e+02, 8.57232928e-01,
       8.05741516e+02, 4.55011047e+02, 7.22893715e-01, 7.78273682e+02,
       3.98257050e+02, 6.86935425e-01, 6.84215515e+02, 4.17814819e+02,
       1.61412582e-01, 6.39185730e+02, 3.96206451e+02, 1.41783684e-01,
       8.29232666e+02, 5.13781006e+02, 6.43787444e-01, 7.35189880e+02,
       5.41292542e+02, 7.67622411e-01, 6.66519470e+02, 4.41304932e+02,
       7.16840923e-01, 6.31318604e+02, 4.96158325e+02, 1.83355331e-01,
       6.17634277e+02, 4.62844543e+02, 1.87973469e-01, 4.31505005e+02,
       4.33464081e+02, 5.27605936e-02, 0., 0., 0., 6.46998657e+02,
       5.35336365e+02, 1.35586992e-01, 4.74600006e+02, 4.49141266e+02,
       5.27979322e-02, 0., 0., 0., 9.03722107e+02, 4.13846252e+02,
       8.59703422e-01, 9.15397217e+02, 4.45126129e+02, 8.73256087e-01,
       8.84055969e+02, 4.00150787e+02, 4.78178620e-01, 9.03670044e+02,
       4.74582306e+02, 6.70636535e-01, 0., 0., 0., 0., 0., 0., 0., 0.,
       0., 0., 0., 0., 0., 0., 0., 0., 0., 0. ]
