%YAML:1.0
---
pose_0: !!opencv-matrix
   rows: 1
   cols: 25
   dt: "3f"
   data: [ 8.86069031e+02, 3.86472504e+02, 8.20047617e-01,
       7.76276489e+02, 3.98252716e+02, 7.20943451e-01, 7.74285034e+02,
       3.19869965e+02, 6.87959671e-01, 6.37202332e+02, 2.61102905e+02,
       7.75620282e-01, 6.90132874e+02, 2.74878326e+02, 7.84382820e-01,
       7.78298401e+02, 4.74606628e+02, 6.05642676e-01, 6.78383667e+02,
       5.58914612e+02, 8.04693460e-01, 7.74341309e+02, 5.43243469e+02,
       8.03884983e-01, 5.29482239e+02, 4.11914673e+02, 3.48494023e-01,
       5.33394287e+02, 3.64899231e+02, 4.29723322e-01, 3.49243469e+02,
       3.70761902e+02, 5.81123650e-01, 1.57220764e+02, 3.57076080e+02,
       8.37733001e-02, 5.37300903e+02, 4.56948517e+02, 4.22302663e-01,
       3.51174744e+02, 5.02025482e+02, 5.20220220e-01, 1.78821503e+02,
       5.23624756e+02, 4.55115795e-01, 8.97757751e+02, 3.68881592e+02,
       8.54936540e-01, 9.01654724e+02, 4.04083374e+02, 8.12237442e-01,
       8.68345215e+02, 3.53072205e+02, 4.74559516e-01, 8.84080872e+02,
       4.31523193e+02, 5.18067837e-01, 1.25877861e+02, 5.72551086e+02,
       2.65094101e-01, 1.31773743e+02, 5.72516724e+02, 3.04516166e-01,
       1.51395935e+02, 5.15778564e+02, 2.46283561e-01, 0., 0., 0., 0.,
       0., 0., 0., 0., 0. ]
