%YAML:1.0
---
pose_0: !!opencv-matrix
   rows: 1
   cols: 25
   dt: "3f"
   data: [ 8.83981873e+02, 3.96261322e+02, 7.94271886e-01,
       7.76412048e+02, 3.98253479e+02, 7.23533869e-01, 7.60600708e+02,
       3.25752899e+02, 6.93237424e-01, 6.56800781e+02, 2.72851318e+02,
       8.08429420e-01, 7.27372253e+02, 2.63074707e+02, 7.83737600e-01,
       7.90039551e+02, 4.64794373e+02, 6.00585520e-01, 6.70493286e+02,
       5.47117493e+02, 7.58356571e-01, 7.74336731e+02, 5.19675354e+02,
       8.02283347e-01, 5.23582031e+02, 4.60883575e+02, 3.77026916e-01,
       5.17684509e+02, 4.15801239e+02, 4.73001778e-01, 3.39427551e+02,
       3.86454681e+02, 4.65757817e-01, 0., 0., 0., 5.37310242e+02,
       5.05912659e+02, 4.33025539e-01, 3.80593018e+02, 5.11884674e+02,
       5.59644580e-01, 0., 0., 0., 8.88005615e+02, 3.74722534e+02,
       8.24924171e-01, 8.93889648e+02, 4.09946320e+02, 7.61194170e-01,
       8.66455566e+02, 3.53225494e+02, 7.17170119e-01, 8.80112915e+02,
       4.29495758e+02, 3.29095304e-01, 0., 0., 0., 0., 0., 0., 0., 0.,
       0., 0., 0., 0., 0., 0., 0., 0., 0., 0. ]
