%YAML:1.0
---
pose_0: !!opencv-matrix
   rows: 1
   cols: 25
   dt: "3f"
   data: [ 9.15353027e+02, 2.08181091e+02, 8.13990474e-01,
       7.99853149e+02, 2.14090714e+02, 6.23779178e-01, 7.93985596e+02,
       1.33684753e+02, 7.03078091e-01, 6.39196228e+02, 1.14082787e+02,
       5.01216650e-01, 5.25494324e+02, 1.04391266e+02, 7.34108984e-01,
       8.03677612e+02, 3.06063293e+02, 6.40781224e-01, 6.84213928e+02,
       3.53067871e+02, 8.04722130e-01, 6.70510498e+02, 3.04114410e+02,
       7.38592863e-01, 5.52965698e+02, 2.19944214e+02, 3.66176635e-01,
       5.41244507e+02, 1.78711929e+02, 4.58747894e-01, 3.72713867e+02,
       2.10153107e+02, 5.58117390e-01, 1.78815292e+02, 1.90538513e+02,
       4.40043211e-01, 5.62764404e+02, 2.63036041e+02, 3.46162528e-01,
       4.58928497e+02, 3.08116333e+02, 6.62421137e-02, 3.41402832e+02,
       2.68896667e+02, 3.31276298e-01, 9.21325195e+02, 1.88553009e+02,
       8.32152784e-01, 9.31040527e+02, 2.23815506e+02, 8.22300315e-01,
       8.99688538e+02, 1.67081680e+02, 5.66541016e-01, 9.11498779e+02,
       2.45355850e+02, 2.48138428e-01, 3.41394012e+02, 3.06064484e+02,
       1.12610400e-01, 3.53081360e+02, 3.04115936e+02, 1.20018959e-01,
       3.33559570e+02, 2.57165710e+02, 2.85390317e-01, 1.33715942e+02,
       1.53306992e+02, 1.24908924e-01, 1.35722656e+02, 1.53301437e+02,
       1.31280288e-01, 1.65097000e+02, 1.94433899e+02, 2.62710363e-01 ]
