%YAML:1.0
---
pose_0: !!opencv-matrix
   rows: 1
   cols: 25
   dt: "3f"
   data: [ 8.95810974e+02, 3.33482727e+02, 6.96054339e-01,
       8.17461365e+02, 2.92422150e+02, 5.23167908e-01, 8.23271667e+02,
       2.12127319e+02, 5.72139263e-01, 6.95942688e+02, 1.67043167e+02,
       7.45359123e-01, 7.62574951e+02, 2.66937653e+02, 6.99140549e-01,
       7.99828186e+02, 3.80543945e+02, 2.30719000e-01, 6.54874207e+02,
       4.15870178e+02, 3.09523821e-01, 7.01872803e+02, 3.82580170e+02,
       3.17829996e-01, 5.09876038e+02, 3.06147919e+02, 2.64284313e-01,
       5.19648376e+02, 2.61039917e+02, 3.23013216e-01, 3.49204498e+02,
       2.70787872e+02, 5.61076939e-01, 1.90557556e+02, 2.76759308e+02,
       4.51269507e-01, 5.11821228e+02, 3.55097931e+02, 2.82633334e-01,
       3.55101501e+02, 3.51100342e+02, 4.04814571e-01, 1.63096146e+02,
       3.39463196e+02, 2.22626701e-01, 9.13444275e+02, 3.08145142e+02,
       7.44020820e-01, 9.11514404e+02, 3.47249298e+02, 6.76413953e-01,
       9.15341736e+02, 2.76772705e+02, 5.61134398e-01, 0., 0., 0.,
       8.67667923e+01, 3.68788727e+02, 1.44542813e-01, 9.84825211e+01,
       3.76660126e+02, 1.53618202e-01, 1.25881615e+02, 3.70776794e+02,
       7.07038566e-02, 1.27838516e+02, 2.27809036e+02, 2.92862386e-01,
       1.25890160e+02, 2.27814392e+02, 2.46176153e-01, 1.78761459e+02,
       2.86519745e+02, 2.40395069e-01 ]
