%YAML:1.0
---
pose_0: !!opencv-matrix
   rows: 1
   cols: 25
   dt: "3f"
   data: [ 9.97723816e+02, 2.43402100e+02, 8.03664386e-01,
       8.70300659e+02, 2.41458328e+02, 5.74692845e-01, 8.68347961e+02,
       1.47480164e+02, 6.21878624e-01, 7.46955505e+02, 5.33586235e+01,
       8.36705446e-01, 7.23445923e+02, 1.35690506e+02, 7.74445713e-01,
       8.68353210e+02, 3.35481293e+02, 5.18652439e-01, 7.43025208e+02,
       4.02103851e+02, 6.33132875e-01, 6.13728760e+02, 4.29472626e+02,
       7.13925838e-01, 0., 0., 0., 0., 0., 0., 0., 0., 0., 0., 0., 0.,
       0., 0., 0., 0., 0., 0., 0., 0., 0., 1.00951459e+03,
       2.16018158e+02, 8.66274536e-01, 1.01138715e+03, 2.59034302e+02,
       8.14614058e-01, 9.78108521e+02, 1.90500244e+02, 5.69083691e-01,
       9.95699219e+02, 2.80631165e+02, 6.81123063e-02, 0., 0., 0., 0.,
       0., 0., 0., 0., 0., 0., 0., 0., 0., 0., 0., 0., 0., 0. ]
