%YAML:1.0
---
pose_0: !!opencv-matrix
   rows: 1
   cols: 25
   dt: "3f"
   data: [ 9.21324707e+02, 2.41514938e+02, 7.66479015e-01,
       8.11625061e+02, 2.64990448e+02, 6.00745022e-01, 8.03738403e+02,
       1.80684753e+02, 6.64373755e-01, 6.70557678e+02, 1.49348328e+02,
       4.07703042e-01, 6.66570984e+02, 1.72914398e+02, 4.36929047e-01,
       8.23397339e+02, 3.51141571e+02, 5.85722387e-01, 7.11658936e+02,
       4.53074860e+02, 7.59045124e-01, 7.93943054e+02, 3.08095642e+02,
       7.77973533e-01, 5.74523499e+02, 2.76763214e+02, 1.63142622e-01,
       5.62780151e+02, 2.39486649e+02, 2.47422829e-01, 4.27578491e+02,
       2.45433182e+02, 6.39148504e-02, 3.37527802e+02, 2.55145309e+02,
       8.15207064e-02, 5.70610229e+02, 3.39437134e+02, 1.32740647e-01,
       3.60990326e+02, 3.23793854e+02, 7.38978162e-02, 1.53315063e+02,
       3.11973907e+02, 1.74224094e-01, 9.31059692e+02, 2.21838684e+02,
       8.30191195e-01, 9.38904663e+02, 2.59060486e+02, 8.34443748e-01,
       8.99793030e+02, 2.00308548e+02, 5.96590698e-01, 9.29115173e+02,
       2.88487823e+02, 4.90942299e-01, 1.08249779e+02, 3.35528534e+02,
       5.16181476e-02, 0., 0., 0., 1.49376419e+02, 3.15923859e+02,
       8.28596652e-02, 0., 0., 0., 0., 0., 0., 0., 0., 0. ]
