%YAML:1.0
---
pose_0: !!opencv-matrix
   rows: 1
   cols: 25
   dt: "3f"
   data: [ 8.89906982e+02, 4.76541718e+02, 8.28014374e-01,
       7.95917786e+02, 4.84371643e+02, 6.75280988e-01, 8.01779846e+02,
       4.15879517e+02, 6.96474731e-01, 7.74258118e+02, 3.62957886e+02,
       6.96851254e-01, 7.80200684e+02, 3.13925964e+02, 6.73289597e-01,
       7.91947693e+02, 5.54975586e+02, 5.85594118e-01, 8.15509155e+02,
       6.78308044e+02, 7.59720981e-01, 8.44869690e+02, 5.82380005e+02,
       7.47766435e-01, 5.64738464e+02, 4.76594513e+02, 2.12930292e-01,
       5.66678467e+02, 4.43263367e+02, 2.66117394e-01, 3.98221161e+02,
       4.55019470e+02, 9.82800797e-02, 0., 0., 0., 5.56897583e+02,
       5.23595886e+02, 1.42328635e-01, 3.80585236e+02, 5.43173523e+02,
       6.75276816e-02, 1.86647018e+02, 5.33379150e+02, 1.06328309e-01,
       8.97768555e+02, 4.60941406e+02, 8.84759307e-01, 9.01677490e+02,
       4.92202789e+02, 7.98413396e-01, 8.72282349e+02, 4.47195709e+02,
       5.11284649e-01, 8.78177063e+02, 5.21651428e+02, 4.62384850e-01,
       0., 0., 0., 0., 0., 0., 0., 0., 0., 0., 0., 0., 0., 0., 0., 0.,
       0., 0. ]
