%YAML:1.0
---
pose_0: !!opencv-matrix
   rows: 1
   cols: 25
   dt: "3f"
   data: [ 8.91886902e+02, 4.31442841e+02, 8.21499765e-01,
       7.99802429e+02, 4.58966858e+02, 6.90025210e-01, 7.74299500e+02,
       4.02098358e+02, 6.80321634e-01, 6.78375244e+02, 4.17814758e+02,
       2.38776505e-01, 6.33256775e+02, 3.86471008e+02, 9.33350623e-02,
       8.23269592e+02, 5.17706238e+02, 6.67029798e-01, 7.31292847e+02,
       5.33360474e+02, 7.24705994e-01, 6.50889709e+02, 4.17839996e+02,
       7.15206444e-01, 6.19605652e+02, 4.94211243e+02, 1.42480955e-01,
       6.11754883e+02, 4.64826752e+02, 1.12356737e-01, 0., 0., 0., 0.,
       0., 0., 6.29376038e+02, 5.29471741e+02, 1.25882819e-01, 0., 0.,
       0., 0., 0., 0., 8.99719177e+02, 4.13934174e+02, 8.76852930e-01,
       9.07611633e+02, 4.45256744e+02, 8.54715407e-01, 8.76259705e+02,
       4.00256836e+02, 3.86286080e-01, 8.99790405e+02, 4.76520691e+02,
       6.52032375e-01, 0., 0., 0., 0., 0., 0., 0., 0., 0., 0., 0., 0.,
       0., 0., 0., 0., 0., 0. ]
