%YAML:1.0
---
pose_0: !!opencv-matrix
   rows: 1
   cols: 25
   dt: "3f"
   data: [ 9.15449768e+02, 3.53176514e+02, 8.10675025e-01,
       8.05670410e+02, 3.27687378e+02, 6.70560479e-01, 7.95900818e+02,
       2.51278473e+02, 6.46072388e-01, 6.66547180e+02, 1.88544785e+02,
       7.98495173e-01, 7.27350769e+02, 1.80678726e+02, 8.02364290e-01,
       8.01762085e+02, 4.02148651e+02, 5.41146278e-01, 6.80303467e+02,
       4.70675385e+02, 7.65563130e-01, 7.86126526e+02, 4.80460663e+02,
       7.98249066e-01, 5.43184082e+02, 3.70754150e+02, 2.94249177e-01,
       5.47120361e+02, 3.19860718e+02, 4.14770305e-01, 3.66882599e+02,
       3.39471436e+02, 2.78665245e-01, 0., 0., 0., 5.51033630e+02,
       4.23648834e+02, 3.31336379e-01, 3.53144440e+02, 4.80542053e+02,
       4.59620655e-01, 1.82719376e+02, 5.25512085e+02, 4.91932482e-01,
       9.31123169e+02, 3.29636841e+02, 7.20741272e-01, 9.31130920e+02,
       3.64874908e+02, 8.24019790e-01, 9.01706055e+02, 2.90528076e+02,
       7.78940022e-01, 0., 0., 0., 1.27868187e+02, 5.70610596e+02,
       2.78187096e-01, 1.33742432e+02, 5.70642700e+02, 3.12300891e-01,
       1.67003204e+02, 5.19680908e+02, 3.00721645e-01, 0., 0., 0., 0.,
       0., 0., 0., 0., 0. ]
