%YAML:1.0
---
pose_0: !!opencv-matrix
   rows: 1
   cols: 25
   dt: "3f"
   data: [ 9.17353760e+02, 2.53263718e+02, 8.23935509e-01,
       8.09596558e+02, 2.57080475e+02, 6.85753226e-01, 8.05696289e+02,
       1.70953033e+02, 7.02137709e-01, 6.80333008e+02, 1.31704605e+02,
       8.56920719e-01, 6.03904541e+02, 1.72866348e+02, 7.85098672e-01,
       8.13545776e+02, 3.35473236e+02, 6.40724897e-01, 7.05781677e+02,
       3.98195740e+02, 7.38645434e-01, 6.25433533e+02, 4.25638092e+02,
       7.40154445e-01, 5.99982239e+02, 2.98303070e+02, 2.81950712e-01,
       5.82372192e+02, 2.57097137e+02, 2.94681430e-01, 3.45317108e+02,
       2.70870300e+02, 1.83553129e-01, 1.49418930e+02, 2.76794067e+02,
       9.78988186e-02, 6.25438171e+02, 3.39461548e+02, 2.78444856e-01,
       4.06036560e+02, 3.49230865e+02, 8.07455108e-02, 3.39420410e+02,
       3.43346893e+02, 6.47444725e-02, 9.25232727e+02, 2.27728622e+02,
       8.22277844e-01, 9.31119751e+02, 2.63042145e+02, 8.21921945e-01,
       8.97768127e+02, 2.06161591e+02, 6.84547961e-01, 9.17433472e+02,
       2.82626617e+02, 1.76645651e-01, 0., 0., 0., 0., 0., 0., 0., 0.,
       0., 0., 0., 0., 0., 0., 0., 1.47410461e+02, 2.80632263e+02,
       5.95991798e-02 ]
