%YAML:1.0
---
pose_0: !!opencv-matrix
   rows: 1
   cols: 25
   dt: "3f"
   data: [ 1.04085120e+03, 2.04281433e+02, 7.61247873e-01,
       9.29117188e+02, 2.15989273e+02, 3.85100126e-01, 9.03643982e+02,
       1.31781326e+02, 3.62256497e-01, 0., 0., 0., 0., 0., 0.,
       9.17416565e+02, 2.90425995e+02, 2.49292433e-01, 8.29219360e+02,
       3.51213501e+02, 1.23609729e-01, 7.31287537e+02, 3.66877319e+02,
       4.61486638e-01, 6.43099060e+02, 2.74785919e+02, 5.64002432e-02,
       0., 0., 0., 0., 0., 0., 0., 0., 0., 0., 0., 0., 0., 0., 0., 0.,
       0., 0., 1.05447742e+03, 1.67033127e+02, 8.07198167e-01,
       1.06044287e+03, 2.23767746e+02, 7.26480961e-01, 1.01727698e+03,
       1.47361923e+02, 5.71025074e-01, 1.06040454e+03, 2.57111481e+02,
       1.42888367e-01, 0., 0., 0., 0., 0., 0., 0., 0., 0., 0., 0., 0.,
       0., 0., 0., 0., 0., 0. ]
