%YAML:1.0
---
pose_0: !!opencv-matrix
   rows: 1
   cols: 25
   dt: "3f"
   data: [ 9.17391235e+02, 3.19843811e+02, 8.14526320e-01,
       8.09670898e+02, 3.17832703e+02, 4.96882826e-01, 8.33152344e+02,
       2.49314545e+02, 3.42662364e-01, 9.62357300e+02, 1.72894791e+02,
       3.33908260e-01, 1.08785254e+03, 2.14024734e+02, 1.20539546e-01,
       7.89963318e+02, 3.82468475e+02, 5.20093322e-01, 6.94012817e+02,
       4.15772247e+02, 5.49343050e-01, 5.54962769e+02, 4.13832062e+02,
       7.70370483e-01, 0., 0., 0., 0., 0., 0., 0., 0., 0., 0., 0., 0.,
       0., 0., 0., 0., 0., 0., 0., 0., 0., 9.31000366e+02,
       2.92401184e+02, 8.47042263e-01, 9.35017944e+02, 3.27698517e+02,
       7.82595992e-01, 9.05609131e+02, 2.65005890e+02, 5.07597983e-01,
       0., 0., 0., 0., 0., 0., 0., 0., 0., 0., 0., 0., 0., 0., 0., 0.,
       0., 0., 0., 0., 0. ]
