%YAML:1.0
---
pose_0: !!opencv-matrix
   rows: 1
   cols: 25
   dt: "3f"
   data: [ 9.15367981e+02, 3.68834381e+02, 8.35574031e-01,
       7.92008667e+02, 3.70769806e+02, 6.99495196e-01, 7.86104370e+02,
       2.90520935e+02, 6.62677467e-01, 6.60731201e+02, 2.21907944e+02,
       7.50792980e-01, 7.27376648e+02, 2.39518478e+02, 8.39990616e-01,
       7.92015564e+02, 4.47240021e+02, 6.13788307e-01, 6.82290527e+02,
       5.19637329e+02, 7.53713429e-01, 7.93925659e+02, 5.09907562e+02,
       6.75551951e-01, 5.37302551e+02, 3.68824829e+02, 3.11896294e-01,
       5.41202698e+02, 3.25718201e+02, 3.65202814e-01, 3.51177307e+02,
       3.39462219e+02, 4.48651463e-01, 0., 0., 0., 5.37304932e+02,
       4.13862091e+02, 2.99556494e-01, 3.60966400e+02, 4.72615356e+02,
       3.56442809e-01, 1.78810028e+02, 5.23609619e+02, 4.67907339e-01,
       9.25190002e+02, 3.51170349e+02, 8.13046694e-01, 9.25212097e+02,
       3.84461823e+02, 7.76986301e-01, 8.99680359e+02, 3.25745026e+02,
       6.79198086e-01, 9.03726318e+02, 4.02158722e+02, 1.26997799e-01,
       1.27837181e+02, 5.70660889e+02, 4.55521196e-01, 1.33721985e+02,
       5.72519653e+02, 4.58779484e-01, 1.57237549e+02, 5.11821045e+02,
       3.00200254e-01, 0., 0., 0., 0., 0., 0., 0., 0., 0. ]
