%YAML:1.0
---
pose_0: !!opencv-matrix
   rows: 1
   cols: 25
   dt: "3f"
   data: [ 8.84080444e+02, 4.92205719e+02, 8.83834660e-01,
       7.80262146e+02, 5.25495422e+02, 6.51655793e-01, 7.52784485e+02,
       4.88301819e+02, 4.95336771e-01, 6.47000793e+02, 4.78517365e+02,
       6.35576487e-01, 5.47110413e+02, 4.43219208e+02, 7.58443058e-01,
       8.07617126e+02, 5.72539673e+02, 7.20203817e-01, 7.31241333e+02,
       4.90260773e+02, 2.27680385e-01, 0., 0., 0., 5.39229614e+02,
       5.47104309e+02, 3.40304583e-01, 5.51010559e+02, 5.09903137e+02,
       3.60082567e-01, 3.84483459e+02, 4.55005402e+02, 3.06569487e-01,
       2.14048721e+02, 5.41242126e+02, 3.00595999e-01, 5.27535583e+02,
       5.84312561e+02, 2.91274548e-01, 3.84568237e+02, 4.56947845e+02,
       5.35012126e-01, 2.29726822e+02, 5.41257141e+02, 2.29087099e-01,
       8.84089600e+02, 4.76546082e+02, 9.08036709e-01, 8.97757629e+02,
       5.03973969e+02, 7.79083729e-01, 8.54643433e+02, 4.62962311e+02,
       7.01181829e-01, 8.84036987e+02, 5.31390137e+02, 5.72982371e-01,
       1.51385559e+02, 4.92189362e+02, 7.68723190e-02, 1.59164108e+02,
       5.03979828e+02, 8.52358192e-02, 2.12083893e+02, 5.64732788e+02,
       1.66420102e-01, 1.65042374e+02, 5.05943604e+02, 1.30983859e-01,
       1.63106323e+02, 5.05916229e+02, 1.07033014e-01, 2.06188202e+02,
       5.60829041e+02, 2.52952158e-01 ]
