%YAML:1.0
---
pose_0: !!opencv-matrix
   rows: 1
   cols: 25
   dt: "3f"
   data: [ 8.95840393e+02, 3.98172516e+02, 8.11951995e-01,
       7.95916443e+02, 4.45296173e+02, 6.33399546e-01, 7.68500671e+02,
       4.13803497e+02, 4.41170752e-01, 7.11590759e+02, 3.84471741e+02,
       1.18833736e-01, 0., 0., 0., 8.21382202e+02, 4.88342712e+02,
       6.32268906e-01, 7.44922913e+02, 4.47145416e+02, 1.71070337e-01,
       0., 0., 0., 5.21638306e+02, 4.68743622e+02, 2.18412325e-01,
       5.35347168e+02, 4.35439484e+02, 2.36958906e-01, 3.74710175e+02,
       3.53191132e+02, 4.89634037e-01, 1.80753937e+02, 4.25590393e+02,
       4.32406813e-01, 5.25548645e+02, 5.25538818e+02, 1.11390904e-01,
       3.21839417e+02, 5.72580383e+02, 6.09589443e-02, 0., 0., 0.,
       8.99770691e+02, 3.84418243e+02, 8.95913422e-01, 9.09550781e+02,
       4.13899689e+02, 8.28849316e-01, 8.70427734e+02, 3.80510986e+02,
       3.14816684e-01, 8.97746704e+02, 4.47218536e+02, 6.92083955e-01,
       0., 0., 0., 0., 0., 0., 0., 0., 0., 1.49420410e+02,
       4.41281616e+02, 5.58432415e-02, 0., 0., 0., 1.63114288e+02,
       4.31514038e+02, 2.77692974e-01 ]
