%YAML:1.0
---
pose_0: !!opencv-matrix
   rows: 1
   cols: 25
   dt: "3f"
   data: [ 9.17340332e+02, 3.68749298e+02, 8.21152687e-01,
       8.21419006e+02, 3.19809448e+02, 5.40095687e-01, 8.40981018e+02,
       2.78686768e+02, 6.07397377e-01, 7.44919128e+02, 1.96369186e+02,
       8.24728668e-01, 6.48896851e+02, 2.92394592e+02, 7.51485527e-01,
       7.90027161e+02, 3.53082642e+02, 3.30475301e-01, 7.03809937e+02,
       3.68819183e+02, 2.89277524e-01, 6.19669739e+02, 4.19800293e+02,
       6.41551971e-01, 6.50920471e+02, 3.23761261e+02, 1.45942971e-01,
       6.35245178e+02, 2.90499481e+02, 2.07830444e-01, 4.62873016e+02,
       3.06122498e+02, 1.50541320e-01, 0., 0., 0., 6.64654175e+02,
       3.66821503e+02, 1.10921726e-01, 3.33566467e+02, 3.41398193e+02,
       1.72533110e-01, 1.49437973e+02, 3.17870056e+02, 2.61301219e-01,
       9.31090637e+02, 3.47269745e+02, 7.90476322e-01, 9.31149658e+02,
       3.76630829e+02, 7.71370053e-01, 9.11494202e+02, 3.06045929e+02,
       8.37790012e-01, 0., 0., 0., 1.29812241e+02, 2.76783203e+02,
       2.33460680e-01, 1.29758972e+02, 2.86547119e+02, 2.20155209e-01,
       0., 0., 0., 0., 0., 0., 0., 0., 0., 0., 0., 0. ]
