%YAML:1.0
---
pose_0: !!opencv-matrix
   rows: 1
   cols: 25
   dt: "3f"
   data: [ 9.17305054e+02, 2.59042389e+02, 8.08025301e-01,
       8.07645447e+02, 2.55174088e+02, 6.72288358e-01, 8.05722534e+02,
       1.72869919e+02, 6.81004047e-01, 6.80350281e+02, 1.37680557e+02,
       7.78074026e-01, 6.01906860e+02, 1.94426346e+02, 8.02679956e-01,
       8.07737549e+02, 3.41396057e+02, 6.47429764e-01, 7.09668945e+02,
       4.00203522e+02, 5.23286879e-01, 6.84291016e+02, 3.68881195e+02,
       7.44300365e-01, 5.60818848e+02, 2.74822083e+02, 2.86093533e-01,
       5.70578369e+02, 2.33635284e+02, 3.64686966e-01, 5.09859528e+02,
       1.94382217e+02, 3.68630588e-01, 0., 0., 0., 5.54932495e+02,
       3.17896393e+02, 2.57655591e-01, 3.49217346e+02, 3.53148651e+02,
       2.25228086e-01, 0., 0., 0., 9.30999451e+02, 2.41423538e+02,
       8.79298866e-01, 9.31001709e+02, 2.74759277e+02, 7.96940625e-01,
       9.07613647e+02, 2.16036087e+02, 6.20735228e-01, 9.11468018e+02,
       2.92445984e+02, 2.62982696e-01, 0., 0., 0., 0., 0., 0., 0., 0.,
       0., 0., 0., 0., 0., 0., 0., 0., 0., 0. ]
