%YAML:1.0
---
pose_0: !!opencv-matrix
   rows: 1
   cols: 25
   dt: "3f"
   data: [ 8.93881287e+02, 3.68753998e+02, 8.13092589e-01,
       7.97884888e+02, 4.15819763e+02, 5.49903214e-01, 7.60650879e+02,
       3.80544067e+02, 3.24933529e-01, 0., 0., 0., 0., 0., 0.,
       8.35047119e+02, 4.55007751e+02, 5.05052209e-01, 8.13555481e+02,
       5.23542969e+02, 7.72707343e-01, 8.21307251e+02, 3.94255188e+02,
       7.92399824e-01, 5.41249451e+02, 4.29549835e+02, 1.31021187e-01,
       5.33381287e+02, 4.31523590e+02, 2.10236803e-01, 3.35525177e+02,
       5.23565186e+02, 1.90113038e-01, 2.12106873e+02, 6.19667236e+02,
       2.83481121e-01, 0., 0., 0., 0., 0., 0., 0., 0., 0.,
       8.99821899e+02, 3.55075500e+02, 9.02866244e-01, 9.09537659e+02,
       3.84478119e+02, 8.42814565e-01, 8.84011475e+02, 3.49176392e+02,
       2.12226361e-01, 8.97758789e+02, 4.13929352e+02, 6.89809322e-01,
       0., 0., 0., 0., 0., 0., 0., 0., 0., 0., 0., 0., 0., 0., 0.,
       2.10087204e+02, 6.35281372e+02, 1.63336173e-01 ]
