%YAML:1.0
---
pose_0: !!opencv-matrix
   rows: 1
   cols: 25
   dt: "3f"
   data: [ 9.58514587e+02, 2.31671051e+02, 7.72743344e-01,
       8.31181458e+02, 2.61079285e+02, 6.12800360e-01, 8.13515625e+02,
       1.78796753e+02, 5.80446661e-01, 7.07757019e+02, 1.65102554e+02,
       3.28875929e-01, 6.70521729e+02, 1.61147888e+02, 5.35352707e-01,
       8.50754639e+02, 3.47280945e+02, 5.84369540e-01, 7.52796387e+02,
       4.64798340e+02, 7.77444303e-01, 7.84126831e+02, 3.35510620e+02,
       6.92044854e-01, 5.33374329e+02, 2.76765808e+02, 1.61496133e-01,
       5.35337280e+02, 2.43393173e+02, 2.52146810e-01, 3.51175781e+02,
       3.53182343e+02, 1.38023779e-01, 0., 0., 0., 5.11835693e+02,
       3.45301117e+02, 8.76977518e-02, 3.74708160e+02, 3.53160156e+02,
       9.10728574e-02, 1.47448044e+02, 3.37450897e+02, 7.62578771e-02,
       9.62494446e+02, 2.10033646e+02, 8.88123274e-01, 9.76078186e+02,
       2.51253677e+02, 7.68415213e-01, 9.32997131e+02, 1.82739822e+02,
       5.61151445e-01, 9.54583557e+02, 2.78717316e+02, 1.92633331e-01,
       0., 0., 0., 0., 0., 0., 0., 0., 0., 0., 0., 0., 0., 0., 0., 0.,
       0., 0. ]
