%YAML:1.0
---
pose_0: !!opencv-matrix
   rows: 1
   cols: 25
   dt: "3f"
   data: [ 8.99671814e+02, 2.64986176e+02, 7.20850825e-01,
       8.05646484e+02, 2.59107483e+02, 6.77095056e-01, 8.09599670e+02,
       1.76778229e+02, 6.46382093e-01, 6.66685242e+02, 1.31816299e+02,
       7.62861371e-01, 5.72548706e+02, 1.33819092e+02, 8.31003487e-01,
       7.95888428e+02, 3.41416443e+02, 6.12177968e-01, 6.95950134e+02,
       3.66837341e+02, 5.81655562e-01, 5.70649597e+02, 4.19736176e+02,
       5.43051302e-01, 5.54916870e+02, 2.57155121e+02, 1.50639847e-01,
       5.56877686e+02, 2.14037903e+02, 2.43466988e-01, 3.53120026e+02,
       1.98370697e+02, 1.91138953e-01, 0., 0., 0., 5.41218140e+02,
       3.12002502e+02, 1.54896811e-01, 3.53176849e+02, 2.88547638e+02,
       2.36604497e-01, 1.55273071e+02, 2.78687134e+02, 5.51941022e-02,
       9.15353943e+02, 2.45432587e+02, 8.36192787e-01, 9.15463989e+02,
       2.86526001e+02, 7.69647002e-01, 8.99661255e+02, 2.25759048e+02,
       5.98011136e-01, 9.11470703e+02, 3.06099091e+02, 1.73726782e-01,
       0., 0., 0., 0., 0., 0., 0., 0., 0., 0., 0., 0., 0., 0., 0., 0.,
       0., 0. ]
