%YAML:1.0
---
pose_0: !!opencv-matrix
   rows: 1
   cols: 25
   dt: "3f"
   data: [ 1.16624683e+03, 1.39585648e+02, 3.87915552e-01,
       1.02119824e+03, 2.14041580e+02, 9.14956108e-02, 9.76148743e+02,
       2.06214066e+02, 1.44520208e-01, 1.13289490e+03, 4.15881256e+02,
       6.42650545e-01, 1.24252295e+03, 2.63047058e+02, 6.31952524e-01,
       1.06627563e+03, 2.39499283e+02, 5.77481464e-02, 0., 0., 0., 0.,
       0., 0., 0., 0., 0., 0., 0., 0., 0., 0., 0., 0., 0., 0., 0., 0.,
       0., 0., 0., 0., 0., 0., 0., 1.16225159e+03, 1.08256569e+02,
       7.43453503e-02, 1.18379028e+03, 1.12193726e+02, 2.55431354e-01,
       1.09563367e+03, 9.25956802e+01, 7.18123540e-02, 0., 0., 0., 0.,
       0., 0., 0., 0., 0., 0., 0., 0., 0., 0., 0., 0., 0., 0., 0., 0.,
       0. ]
