%YAML:1.0
---
pose_0: !!opencv-matrix
   rows: 1
   cols: 25
   dt: "3f"
   data: [ 9.64340576e+02, 2.55114807e+02, 7.61008501e-01,
       8.46868530e+02, 3.10070129e+02, 5.43532252e-01, 8.05702454e+02,
       2.59176300e+02, 4.71840173e-01, 6.94037537e+02, 2.86480560e+02,
       3.22165728e-01, 5.92127625e+02, 2.39525787e+02, 6.35960162e-01,
       8.84007202e+02, 3.68831451e+02, 6.57961071e-01, 7.43003845e+02,
       4.15905121e+02, 7.57941008e-01, 6.09820251e+02, 3.21855286e+02,
       7.01985240e-01, 5.45158630e+02, 3.45310699e+02, 1.58485249e-01,
       5.45141357e+02, 3.10024017e+02, 2.12539777e-01, 3.51217896e+02,
       2.53237381e+02, 2.02510893e-01, 0., 0., 0., 5.43180542e+02,
       3.78618988e+02, 1.42189980e-01, 3.35533447e+02, 3.00219482e+02,
       5.27334586e-02, 0., 0., 0., 9.72212402e+02, 2.41395905e+02,
       7.21347511e-01, 9.80061157e+02, 2.72858643e+02, 8.76640677e-01,
       9.46772217e+02, 2.29779861e+02, 5.51377833e-02, 9.56522339e+02,
       3.19923431e+02, 7.92795002e-01, 0., 0., 0., 0., 0., 0., 0., 0.,
       0., 0., 0., 0., 0., 0., 0., 0., 0., 0. ]
