%YAML:1.0
---
pose_0: !!opencv-matrix
   rows: 1
   cols: 25
   dt: "3f"
   data: [ 1.04270142e+03, 3.23740845e+02, 6.24561727e-01,
       8.99712830e+02, 3.37446838e+02, 2.83342123e-01, 8.99734131e+02,
       3.02201324e+02, 7.99929649e-02, 0., 0., 0., 0., 0., 0.,
       9.13437866e+02, 3.86444305e+02, 8.63786861e-02, 8.46838562e+02,
       4.72661713e+02, 2.45165944e-01, 9.66359619e+02, 4.00175446e+02,
       5.76651335e-01, 0., 0., 0., 0., 0., 0., 0., 0., 0., 0., 0., 0.,
       0., 0., 0., 0., 0., 0., 0., 0., 0., 1.02707593e+03,
       2.92435211e+02, 6.89276099e-01, 1.05851355e+03, 3.25733887e+02,
       6.24072373e-01, 9.78067444e+02, 2.88476746e+02, 1.98239520e-01,
       1.06040198e+03, 3.53183044e+02, 1.12695210e-01, 0., 0., 0., 0.,
       0., 0., 0., 0., 0., 0., 0., 0., 0., 0., 0., 0., 0., 0. ]
