%YAML:1.0
---
pose_0: !!opencv-matrix
   rows: 1
   cols: 25
   dt: "3f"
   data: [ 9.19380615e+02, 2.02313095e+02, 7.60258257e-01,
       8.38988037e+02, 1.55275955e+02, 4.37044680e-01, 8.41003540e+02,
       1.23926727e+02, 6.65040433e-01, 7.88089417e+02, 2.57213440e+02,
       8.05836082e-01, 7.72374878e+02, 3.88451233e+02, 7.69917965e-01,
       8.35083130e+02, 1.82702164e+02, 2.20987841e-01, 7.84123718e+02,
       2.59100067e+02, 1.04023963e-01, 0., 0., 0., 6.96012268e+02,
       1.65105042e+02, 8.56897235e-02, 6.64619446e+02, 1.47449646e+02,
       6.71619177e-02, 6.82275146e+02, 2.57152832e+02, 1.64476141e-01,
       5.72658508e+02, 3.17900696e+02, 2.13908926e-01, 7.29273926e+02,
       1.88582336e+02, 7.94544816e-02, 6.80356018e+02, 2.57199982e+02,
       1.70755625e-01, 5.76513123e+02, 3.15927338e+02, 2.52593666e-01,
       9.33012390e+02, 1.78793015e+02, 9.02135372e-01, 9.36953308e+02,
       2.10103561e+02, 8.05966437e-01, 9.05609985e+02, 1.39581345e+02,
       7.95158803e-01, 0., 0., 0., 5.25573486e+02, 3.19798645e+02,
       1.87433854e-01, 5.39230652e+02, 3.27670319e+02, 1.93085104e-01,
       5.62777710e+02, 3.19899567e+02, 2.21753389e-01, 5.29480530e+02,
       3.21858154e+02, 1.94536313e-01, 5.31429749e+02, 3.19767456e+02,
       1.98386788e-01, 5.66697021e+02, 3.21727509e+02, 1.33775592e-01 ]
