%YAML:1.0
---
pose_0: !!opencv-matrix
   rows: 1
   cols: 25
   dt: "3f"
   data: [ 8.70271667e+02, 3.74690765e+02, 8.17873001e-01,
       7.95893982e+02, 4.56948395e+02, 3.78722042e-01, 7.39062744e+02,
       3.94305969e+02, 4.14196134e-01, 6.09794434e+02, 4.13898743e+02,
       1.28711104e-01, 5.11857880e+02, 4.11920013e+02, 6.32716045e-02,
       8.52705933e+02, 5.07898254e+02, 1.67450562e-01, 9.07577087e+02,
       3.88378357e+02, 3.27339679e-01, 9.62402588e+02, 2.92448578e+02,
       3.53693664e-01, 5.76492798e+02, 4.68731445e+02, 8.02104324e-02,
       5.70610779e+02, 4.35430481e+02, 8.70633796e-02, 3.55159058e+02,
       3.55086395e+02, 1.28676921e-01, 0., 0., 0., 5.94111389e+02,
       5.04009491e+02, 6.95528388e-02, 3.53127258e+02, 5.86252930e+02,
       7.84178227e-02, 0., 0., 0., 8.72276306e+02, 3.62966705e+02,
       6.84262514e-01, 8.87979065e+02, 3.82468689e+02, 7.62977719e-01,
       0., 0., 0., 8.93861450e+02, 4.21725128e+02, 2.62953222e-01, 0.,
       0., 0., 0., 0., 0., 0., 0., 0., 0., 0., 0., 0., 0., 0., 0., 0.,
       0. ]
