%YAML:1.0
---
pose_0: !!opencv-matrix
   rows: 1
   cols: 25
   dt: "3f"
   data: [ 9.31125977e+02, 4.74535522e+02, 7.81147957e-01,
       8.40936218e+02, 4.70686768e+02, 6.49096370e-01, 8.23295837e+02,
       4.06013367e+02, 4.41466540e-01, 8.99673950e+02, 3.53190613e+02,
       8.56448889e-01, 9.01784302e+02, 4.51134552e+02, 7.47844100e-01,
       8.64445374e+02, 5.29498169e+02, 5.99117815e-01, 9.58481323e+02,
       5.74554199e+02, 7.85088956e-01, 9.97714783e+02, 4.72645660e+02,
       6.38060451e-01, 6.15666504e+02, 4.72664490e+02, 2.11026967e-01,
       6.17604004e+02, 4.27606354e+02, 2.57191449e-01, 4.33470154e+02,
       4.13903717e+02, 1.80526912e-01, 0., 0., 0., 6.13688171e+02,
       5.17719543e+02, 2.08354324e-01, 4.21720184e+02, 5.07882599e+02,
       1.42325521e-01, 2.08178772e+02, 5.25526917e+02, 2.14072004e-01,
       9.37003540e+02, 4.51147369e+02, 7.80170560e-01, 9.46771240e+02,
       4.82468597e+02, 6.75622642e-01, 9.31079407e+02, 4.35446991e+02,
       1.83183715e-01, 9.35059692e+02, 5.02023865e+02, 2.51837909e-01,
       1.72916809e+02, 5.11821716e+02, 1.05486035e-01, 0., 0., 0., 0.,
       0., 0., 0., 0., 0., 0., 0., 0., 0., 0., 0. ]
