%YAML:1.0
---
pose_0: !!opencv-matrix
   rows: 1
   cols: 25
   dt: "3f"
   data: [ 9.15348572e+02, 2.88564178e+02, 7.78813004e-01,
       8.05639587e+02, 2.90465637e+02, 6.30755723e-01, 7.97835205e+02,
       2.04270660e+02, 6.37036324e-01, 6.68579468e+02, 1.65173355e+02,
       7.75220931e-01, 6.03970703e+02, 1.96446548e+02, 8.34933043e-01,
       7.99827942e+02, 3.82465332e+02, 5.32601833e-01, 6.88121033e+02,
       4.15857544e+02, 6.37840509e-01, 6.17638489e+02, 3.84445892e+02,
       8.11441243e-01, 5.84325317e+02, 3.02189850e+02, 1.84961617e-01,
       5.66679443e+02, 2.57144653e+02, 2.41454184e-01, 4.92240295e+02,
       2.37585983e+02, 2.30701789e-01, 3.33529999e+02, 2.92386810e+02,
       1.45512044e-01, 5.82363953e+02, 3.47269287e+02, 1.76534414e-01,
       4.78518066e+02, 3.82490936e+02, 7.13454261e-02, 0., 0., 0.,
       9.27135376e+02, 2.70849731e+02, 8.06991816e-01, 9.31013123e+02,
       3.06145599e+02, 7.85518944e-01, 8.99689636e+02, 2.43493057e+02,
       5.74530363e-01, 9.13426025e+02, 3.29670563e+02, 2.45623469e-01,
       0., 0., 0., 0., 0., 0., 0., 0., 0., 0., 0., 0., 0., 0., 0., 0.,
       0., 0. ]
