%YAML:1.0
---
pose_0: !!opencv-matrix
   rows: 1
   cols: 25
   dt: "3f"
   data: [ 8.66398743e+02, 4.35404877e+02, 8.00151646e-01,
       7.64569458e+02, 4.78602966e+02, 6.37834847e-01, 7.43004883e+02,
       4.53042053e+02, 4.39363241e-01, 6.01916565e+02, 4.33513489e+02,
       5.94793558e-01, 5.39322510e+02, 3.88449463e+02, 7.55285561e-01,
       7.88085754e+02, 5.17709961e+02, 6.34083092e-01, 7.03814087e+02,
       4.15783203e+02, 7.64812052e-01, 6.35268921e+02, 3.11984161e+02,
       7.89757371e-01, 5.07892700e+02, 5.09923584e+02, 3.26590747e-01,
       5.09827728e+02, 4.72665741e+02, 5.09981573e-01, 3.88409332e+02,
       4.00135498e+02, 6.81562603e-01, 1.78789047e+02, 4.49167572e+02,
       5.16573846e-01, 5.19663147e+02, 5.58865723e+02, 3.14294517e-01,
       3.68790894e+02, 5.56942749e+02, 4.02505577e-01, 2.02279449e+02,
       6.39201050e+02, 1.29103661e-01, 8.68318665e+02, 4.25581146e+02,
       8.04419637e-01, 8.74289368e+02, 4.49103577e+02, 7.76706398e-01,
       8.36973511e+02, 4.17758911e+02, 4.66891766e-01, 8.54689270e+02,
       4.82416962e+02, 6.78507566e-01, 0., 0., 0., 0., 0., 0.,
       1.96390579e+02, 6.43079224e+02, 5.92928492e-02, 1.41560349e+02,
       3.96249786e+02, 1.82350382e-01, 0., 0., 0., 1.63120575e+02,
       4.62858856e+02, 3.61953378e-01 ]
