%YAML:1.0
---
pose_0: !!opencv-matrix
   rows: 1
   cols: 25
   dt: "3f"
   data: [ 8.87952026e+02, 2.59183594e+02, 8.01521301e-01,
       7.76372986e+02, 2.74804535e+02, 7.01971591e-01, 7.74321655e+02,
       1.94425522e+02, 6.77079499e-01, 6.64598816e+02, 1.63027039e+02,
       6.74399853e-01, 5.41254395e+02, 1.63113602e+02, 8.11943293e-01,
       7.76297241e+02, 3.53141266e+02, 6.77502811e-01, 6.78338623e+02,
       4.06025879e+02, 7.03187406e-01, 5.68630859e+02, 4.64792358e+02,
       7.66193926e-01, 5.09892242e+02, 2.92423950e+02, 3.03348899e-01,
       5.11834259e+02, 2.47356277e+02, 3.36780965e-01, 3.43356445e+02,
       2.59102264e+02, 2.31098101e-01, 1.51375046e+02, 3.39438538e+02,
       1.85534552e-01, 5.11841156e+02, 3.37459961e+02, 3.03944200e-01,
       3.47269043e+02, 3.39430695e+02, 1.34745225e-01, 1.53295883e+02,
       3.35519257e+02, 2.96369731e-01, 8.97721680e+02, 2.41472885e+02,
       8.23913574e-01, 9.01778748e+02, 2.72832062e+02, 8.76835942e-01,
       8.68424255e+02, 2.25696457e+02, 6.04924142e-01, 8.95846680e+02,
       2.90504639e+02, 3.56927931e-01, 9.84425049e+01, 3.84452271e+02,
       2.61081964e-01, 1.02433273e+02, 3.84505646e+02, 2.65051097e-01,
       1.22014450e+02, 3.19841125e+02, 2.03172222e-01, 1.00447433e+02,
       3.86431335e+02, 1.56077862e-01, 1.02362785e+02, 3.82553467e+02,
       1.24911860e-01, 0., 0., 0. ]
