%YAML:1.0
---
pose_0: !!opencv-matrix
   rows: 1
   cols: 25
   dt: "3f"
   data: [ 9.17310059e+02, 2.74739258e+02, 7.90512979e-01,
       8.17413391e+02, 2.88447388e+02, 5.84736168e-01, 8.17411499e+02,
       2.08114975e+02, 6.52896464e-01, 6.86215149e+02, 1.27835976e+02,
       6.80992126e-01, 7.29256470e+02, 2.14084457e+02, 8.07673097e-01,
       8.07691467e+02, 3.74663910e+02, 5.67417562e-01, 6.78367554e+02,
       4.37354523e+02, 7.24527597e-01, 7.03862366e+02, 3.68874146e+02,
       7.90217996e-01, 5.54951965e+02, 2.86529510e+02, 3.09336692e-01,
       5.52979126e+02, 2.37571930e+02, 3.67464006e-01, 3.66865570e+02,
       2.43448288e+02, 3.53098303e-01, 1.65061249e+02, 2.68872650e+02,
       3.68318260e-01, 5.70624573e+02, 3.31605316e+02, 2.97067314e-01,
       4.47175903e+02, 3.70748413e+02, 9.88454595e-02, 3.00235138e+02,
       3.45283813e+02, 7.16969073e-02, 9.29111816e+02, 2.57208954e+02,
       8.02238524e-01, 9.33028870e+02, 2.92384033e+02, 8.11850667e-01,
       9.05590027e+02, 2.35589966e+02, 5.41145980e-01, 9.19317749e+02,
       3.19818146e+02, 3.88804018e-01, 0., 0., 0., 0., 0., 0., 0., 0.,
       0., 1.18061592e+02, 2.41445892e+02, 1.60587668e-01,
       1.20081146e+02, 2.41455978e+02, 1.51770547e-01, 1.49406494e+02,
       2.76746613e+02, 2.90166467e-01 ]
