%YAML:1.0
---
pose_0: !!opencv-matrix
   rows: 1
   cols: 25
   dt: "3f"
   data: [ 9.93766235e+02, 2.59137939e+02, 7.96103299e-01,
       8.68352783e+02, 2.74776825e+02, 5.39296329e-01, 8.54703003e+02,
       1.74856583e+02, 6.33163631e-01, 7.25339539e+02, 1.04395004e+02,
       7.04333186e-01, 8.03718994e+02, 2.25767410e+02, 7.50636876e-01,
       8.66382690e+02, 3.66879456e+02, 5.47529638e-01, 7.23422546e+02,
       4.60802704e+02, 7.69933879e-01, 7.23428528e+02, 3.82524872e+02,
       6.92484140e-01, 6.41145081e+02, 3.21794403e+02, 1.03065342e-01,
       6.11753296e+02, 2.74784180e+02, 1.07110210e-01, 0., 0., 0., 0.,
       0., 0., 6.68564941e+02, 3.66825592e+02, 7.92197883e-02, 0., 0.,
       0., 0., 0., 0., 9.97671204e+02, 2.33670517e+02, 8.20522785e-01,
       1.00938953e+03, 2.78692505e+02, 7.60045111e-01, 9.64427307e+02,
       2.08123154e+02, 6.00808740e-01, 9.91843018e+02, 3.04234314e+02,
       1.19717255e-01, 0., 0., 0., 0., 0., 0., 0., 0., 0., 0., 0., 0.,
       0., 0., 0., 0., 0., 0. ]
