%YAML:1.0
---
pose_0: !!opencv-matrix
   rows: 1
   cols: 25
   dt: "3f"
   data: [ 9.23259827e+02, 2.31701721e+02, 7.68827379e-01,
       8.39053284e+02, 1.94434753e+02, 4.64936495e-01, 8.50700012e+02,
       1.51330383e+02, 5.94797671e-01, 8.23265686e+02, 2.68929962e+02,
       8.14131737e-01, 7.90053223e+02, 3.84468597e+02, 8.56420994e-01,
       8.29221008e+02, 2.21886688e+02, 2.22815692e-01, 6.78377930e+02,
       3.02139191e+02, 6.58981204e-01, 5.84323792e+02, 3.55142822e+02,
       6.59507215e-01, 6.29382507e+02, 1.84666382e+02, 6.75577745e-02,
       0., 0., 0., 0., 0., 0., 0., 0., 0., 0., 0., 0., 0., 0., 0., 0.,
       0., 0., 9.33027771e+02, 2.10132187e+02, 9.25631404e-01,
       9.37001282e+02, 2.41416351e+02, 7.94009924e-01, 9.07611023e+02,
       1.74893005e+02, 7.50965416e-01, 0., 0., 0., 0., 0., 0., 0., 0.,
       0., 0., 0., 0., 0., 0., 0., 0., 0., 0., 0., 0., 0. ]
