%YAML:1.0
---
pose_0: !!opencv-matrix
   rows: 1
   cols: 25
   dt: "3f"
   data: [ 9.33069885e+02, 3.19807617e+02, 7.61259079e-01,
       8.27224365e+02, 3.00259644e+02, 6.58137083e-01, 8.38977112e+02,
       2.14081955e+02, 6.34047687e-01, 7.29222046e+02, 1.29763702e+02,
       8.06596518e-01, 6.05851868e+02, 1.53352936e+02, 7.60594308e-01,
       8.13565979e+02, 3.70823700e+02, 6.29027963e-01, 7.19476929e+02,
       4.33432220e+02, 7.69345701e-01, 6.50917236e+02, 4.80549133e+02,
       8.16329300e-01, 5.86272278e+02, 2.92406464e+02, 1.63083971e-01,
       5.84315674e+02, 2.45399826e+02, 1.83088660e-01, 3.53154480e+02,
       3.04115906e+02, 1.87668949e-01, 1.51390625e+02, 3.23808960e+02,
       1.37326419e-01, 5.86282959e+02, 3.51197449e+02, 1.30305260e-01,
       4.00156799e+02, 3.98236908e+02, 7.36230835e-02, 1.51384720e+02,
       3.21829498e+02, 1.31314427e-01, 9.48741272e+02, 2.92418091e+02,
       8.53439629e-01, 9.48694763e+02, 3.33480133e+02, 7.52092719e-01,
       9.25243591e+02, 2.59080811e+02, 6.24015152e-01, 0., 0., 0., 0.,
       0., 0., 0., 0., 0., 1.27843864e+02, 3.17859253e+02,
       1.27945557e-01, 1.16112991e+02, 3.29646362e+02, 8.69367048e-02,
       1.16017776e+02, 3.21835236e+02, 7.53152668e-02, 0., 0., 0. ]
