%YAML:1.0
---
pose_0: !!opencv-matrix
   rows: 1
   cols: 25
   dt: "3f"
   data: [ 8.80104065e+02, 3.19797729e+02, 8.30988407e-01,
       7.82212891e+02, 2.63038605e+02, 5.01910090e-01, 7.88094055e+02,
       2.43484863e+02, 7.35338032e-01, 6.70535828e+02, 2.12093353e+02,
       8.01833928e-01, 6.56805115e+02, 4.00160706e+02, 5.38817883e-01,
       7.86110901e+02, 2.88529175e+02, 2.11801112e-01, 0., 0., 0., 0.,
       0., 0., 5.74509216e+02, 2.72795563e+02, 3.87487292e-01,
       5.72561462e+02, 2.41484497e+02, 3.69132519e-01, 4.27542297e+02,
       2.61035553e+02, 5.41162789e-01, 3.08103119e+02, 3.04127167e+02,
       5.37319541e-01, 5.66678528e+02, 2.96321899e+02, 3.15268815e-01,
       4.53080536e+02, 3.33572571e+02, 3.14407170e-01, 0., 0., 0.,
       8.88020447e+02, 2.92429810e+02, 8.06991458e-01, 8.93897156e+02,
       3.19791504e+02, 5.41385651e-01, 8.66390320e+02, 2.51299179e+02,
       8.09661448e-01, 0., 0., 0., 0., 0., 0., 0., 0., 0., 0., 0., 0.,
       2.90478180e+02, 2.84585144e+02, 1.34652361e-01, 2.88520874e+02,
       2.82636841e+02, 1.48487687e-01, 3.04133331e+02, 3.12033356e+02,
       3.22281480e-01 ]
