%YAML:1.0
---
pose_0: !!opencv-matrix
   rows: 2
   cols: 25
   dt: "3f"
   data: [ 9.93815247e+02, 2.29727921e+02, 8.25286806e-01,
       8.62535889e+02, 2.72823242e+02, 5.73374510e-01, 8.46847839e+02,
       1.82739182e+02, 6.02562368e-01, 6.76369812e+02, 1.45476517e+02,
       6.69356525e-01, 7.03856689e+02, 1.80727539e+02, 7.20077336e-01,
       8.76234314e+02, 3.57048584e+02, 4.87514436e-01, 7.60600891e+02,
       5.00089020e+02, 4.56845611e-01, 7.92005798e+02, 3.33550293e+02,
       6.86112046e-01, 5.68632690e+02, 2.90440735e+02, 9.92073938e-02,
       0., 0., 0., 0., 0., 0., 0., 0., 0., 0., 0., 0., 0., 0., 0., 0.,
       0., 0., 9.95758606e+02, 2.10041901e+02, 8.77103686e-01,
       1.01134857e+03, 2.53182114e+02, 7.52011657e-01, 9.62441711e+02,
       1.88558090e+02, 4.61223096e-01, 9.95686401e+02, 2.84593475e+02,
       3.43564689e-01, 0., 0., 0., 0., 0., 0., 0., 0., 0., 0., 0., 0.,
       0., 0., 0., 0., 0., 0., 0., 0., 0., 0., 0., 0., 0., 0., 0., 0.,
       0., 0., 0., 0., 0., 0., 0., 0., 0., 0., 0., 0., 0., 0.,
       5.52968994e+02, 3.06113678e+02, 1.03116289e-01, 0., 0., 0., 0.,
       0., 0., 0., 0., 0., 5.54929443e+02, 3.68835541e+02,
       1.03302874e-01, 3.33564240e+02, 3.53167084e+02, 1.62689120e-01,
       1.16074684e+02, 3.59021484e+02, 2.22018450e-01, 0., 0., 0., 0.,
       0., 0., 0., 0., 0., 0., 0., 0., 0., 0., 0., 0., 0., 0., 0., 0.,
       0., 0., 0., 0., 0., 0., 0., 0., 0., 0. ]
