%YAML:1.0
---
pose_0: !!opencv-matrix
   rows: 1
   cols: 25
   dt: "3f"
   data: [ 9.46741272e+02, 3.02187500e+02, 7.62224257e-01,
       8.38953186e+02, 2.78680450e+02, 6.17265522e-01, 8.50776794e+02,
       1.92501831e+02, 6.48187935e-01, 7.27312805e+02, 1.23897499e+02,
       7.76716948e-01, 7.99795654e+02, 2.49340317e+02, 6.80568337e-01,
       8.19437439e+02, 3.60998688e+02, 4.38001633e-01, 6.64678589e+02,
       3.98195129e+02, 3.71713400e-01, 6.99954773e+02, 3.98138062e+02,
       7.00320184e-01, 5.35345337e+02, 2.74769684e+02, 1.40713081e-01,
       5.41218750e+02, 2.37550629e+02, 1.92841664e-01, 3.53150146e+02,
       2.43383392e+02, 3.36917996e-01, 1.78820007e+02, 2.57166321e+02,
       3.52575660e-01, 5.17716919e+02, 3.31603149e+02, 1.42205819e-01,
       3.57071472e+02, 3.43338745e+02, 2.43535355e-01, 1.27847305e+02,
       3.21786102e+02, 2.54634559e-01, 9.64380981e+02, 2.74811798e+02,
       8.52956474e-01, 9.60494019e+02, 3.17890717e+02, 7.65393376e-01,
       9.46806519e+02, 2.43414520e+02, 5.38322985e-01, 9.48730042e+02,
       3.37513947e+02, 5.90294003e-02, 8.66463547e+01, 2.80642426e+02,
       2.83487082e-01, 8.67675095e+01, 2.90479431e+02, 2.78240323e-01,
       1.12150444e+02, 3.45277374e+02, 2.06346661e-01, 1.41556900e+02,
       2.14058273e+02, 1.28714815e-01, 1.47453461e+02, 2.14068649e+02,
       1.18244730e-01, 1.69008911e+02, 2.59108124e+02, 1.76332235e-01 ]
