%YAML:1.0
---
pose_0: !!opencv-matrix
   rows: 1
   cols: 25
   dt: "3f"
   data: [ 9.15383850e+02, 3.66823639e+02, 8.21359158e-01,
       8.23380615e+02, 3.19886658e+02, 5.24988115e-01, 8.40994141e+02,
       2.72864288e+02, 6.15373552e-01, 7.48856567e+02, 1.90535553e+02,
       7.33216941e-01, 6.45055786e+02, 2.72813538e+02, 7.46734619e-01,
       7.91997925e+02, 3.55149506e+02, 2.97507852e-01, 6.95968018e+02,
       3.80575562e+02, 2.65929490e-01, 6.33346130e+02, 4.21733307e+02,
       6.05910599e-01, 6.35245300e+02, 3.23755554e+02, 8.30177441e-02,
       6.27409485e+02, 2.92409332e+02, 1.33148566e-01, 4.76531097e+02,
       3.06153534e+02, 8.18577707e-02, 0., 0., 0., 6.58766602e+02,
       3.64896729e+02, 5.72255142e-02, 3.29616699e+02, 3.51116913e+02,
       2.19360918e-01, 1.51381393e+02, 3.17859802e+02, 2.96403050e-01,
       9.31069153e+02, 3.41424622e+02, 7.77652740e-01, 9.31103882e+02,
       3.72783508e+02, 7.72893846e-01, 9.13380920e+02, 3.04239075e+02,
       8.45547080e-01, 0., 0., 0., 1.35675674e+02, 2.78678253e+02,
       2.68884480e-01, 1.35648239e+02, 2.88467712e+02, 2.63675421e-01,
       0., 0., 0., 0., 0., 0., 0., 0., 0., 0., 0., 0. ]
