%YAML:1.0
---
pose_0: !!opencv-matrix
   rows: 1
   cols: 25
   dt: "3f"
   data: [ 8.74282471e+02, 2.53237717e+02, 6.58728123e-01,
       7.89988281e+02, 2.55166138e+02, 6.89787030e-01, 7.89999207e+02,
       1.70942108e+02, 6.86282456e-01, 6.33333557e+02, 1.31843826e+02,
       8.11896741e-01, 5.43179199e+02, 1.31808563e+02, 8.02494645e-01,
       7.89955627e+02, 3.37424896e+02, 6.32231474e-01, 6.70555420e+02,
       3.62932739e+02, 7.23407030e-01, 5.66713257e+02, 3.57073120e+02,
       6.84956312e-01, 5.11844788e+02, 2.55188232e+02, 3.53854775e-01,
       5.23581116e+02, 2.10160446e+02, 4.58863646e-01, 3.29637970e+02,
       2.10169907e+02, 2.81277746e-01, 1.72881943e+02, 2.10115601e+02,
       2.59232461e-01, 5.07868835e+02, 2.92455811e+02, 4.07743663e-01,
       3.66889069e+02, 3.17852844e+02, 4.79072958e-01, 4.82435486e+02,
       3.31587860e+02, 5.91372699e-02, 8.93824402e+02, 2.35609650e+02,
       7.49985099e-01, 8.95794128e+02, 2.72775909e+02, 7.69008040e-01,
       8.80145447e+02, 2.12051743e+02, 6.11581862e-01, 8.85979065e+02,
       2.88563690e+02, 4.11439359e-01, 0., 0., 0., 0., 0., 0., 0., 0.,
       0., 1.76793976e+02, 2.12070663e+02, 5.27145416e-02, 0., 0., 0.,
       0., 0., 0. ]
