%YAML:1.0
---
pose_0: !!opencv-matrix
   rows: 1
   cols: 25
   dt: "3f"
   data: [ 8.86013916e+02, 2.47370544e+02, 8.25547934e-01,
       7.86113953e+02, 2.61095947e+02, 6.74754381e-01, 7.74412231e+02,
       1.90490616e+02, 6.94672465e-01, 6.72486877e+02, 1.59201950e+02,
       7.09293008e-01, 6.19525085e+02, 1.47470001e+02, 9.31444824e-01,
       7.91971008e+02, 3.37486176e+02, 6.98699594e-01, 6.76412354e+02,
       3.86519135e+02, 7.94275939e-01, 6.80300171e+02, 2.98313873e+02,
       8.07318509e-01, 5.35330933e+02, 2.59138885e+02, 1.30882174e-01,
       5.21638489e+02, 2.27790802e+02, 1.54490307e-01, 3.29635925e+02,
       2.25813461e+02, 1.82934389e-01, 0., 0., 0., 5.15760864e+02,
       3.11998352e+02, 1.05653197e-01, 3.57051788e+02, 3.23752258e+02,
       1.22006990e-01, 1.74874664e+02, 3.37548523e+02, 1.60967097e-01,
       8.91926331e+02, 2.29755554e+02, 8.39999437e-01, 8.99726685e+02,
       2.61049957e+02, 8.08309078e-01, 8.68372253e+02, 2.12145081e+02,
       6.71181858e-01, 8.84068481e+02, 2.88386475e+02, 5.69729984e-01,
       0., 0., 0., 0., 0., 0., 0., 0., 0., 0., 0., 0., 0., 0., 0., 0.,
       0., 0. ]
