%YAML:1.0
---
pose_0: !!opencv-matrix
   rows: 2
   cols: 25
   dt: "3f"
   data: [ 0., 0., 0., 7.84161072e+02, 3.17880859e+02, 4.90264863e-01,
       7.92048035e+02, 2.61119476e+02, 3.63211513e-01, 8.17467163e+02,
       2.08101700e+02, 6.62383556e-01, 8.76248962e+02, 3.17888824e+02,
       7.28461504e-01, 7.74325806e+02, 3.53190308e+02, 4.89539862e-01,
       8.15518982e+02, 4.11856689e+02, 7.17421114e-01, 8.80160950e+02,
       3.78573120e+02, 5.45469463e-01, 6.31337646e+02, 3.08077301e+02,
       7.24530965e-02, 0., 0., 0., 0., 0., 0., 0., 0., 0., 0., 0., 0.,
       0., 0., 0., 0., 0., 0., 0., 0., 0., 0., 0., 0., 0., 0., 0., 0.,
       0., 0., 0., 0., 0., 0., 0., 0., 0., 0., 0., 0., 0., 0., 0., 0.,
       0., 0., 0., 0., 0., 0., 0., 0., 0., 0., 0., 0., 0., 0., 0., 0.,
       0., 0., 0., 0., 0., 0., 0., 0., 0., 0., 0., 0., 3.98200378e+02,
       3.35523956e+02, 7.99448490e-02, 3.86449402e+02, 3.17876495e+02,
       9.75417495e-02, 2.53231323e+02, 3.25704163e+02, 2.55668730e-01,
       9.84366837e+01, 3.64921936e+02, 3.77831131e-01, 4.58930054e+02,
       3.72747070e+02, 5.60870357e-02, 2.72825714e+02, 3.51164917e+02,
       7.22171441e-02, 0., 0., 0., 0., 0., 0., 0., 0., 0., 0., 0., 0.,
       0., 0., 0., 0., 0., 0., 0., 0., 0., 0., 0., 0., 7.29858017e+01,
       3.80512024e+02, 1.09607011e-01, 7.09723434e+01, 3.68813446e+02,
       1.26512468e-01, 8.66833801e+01, 3.70753418e+02, 3.33059520e-01 ]
