%YAML:1.0
---
pose_0: !!opencv-matrix
   rows: 1
   cols: 25
   dt: "3f"
   data: [ 8.74297729e+02, 4.60802338e+02, 8.15838695e-01,
       7.89935791e+02, 4.80483856e+02, 6.93716168e-01, 7.88031250e+02,
       4.15792999e+02, 6.49881661e-01, 7.76283813e+02, 3.66839996e+02,
       2.30870575e-01, 7.89948975e+02, 3.53092499e+02, 4.95877266e-01,
       7.95937744e+02, 5.43207520e+02, 6.07168078e-01, 9.07609009e+02,
       5.99967346e+02, 7.73979127e-01, 9.15326538e+02, 5.11852386e+02,
       5.86959541e-01, 5.90182007e+02, 4.78555878e+02, 2.33568028e-01,
       5.86299316e+02, 4.47157532e+02, 3.10598493e-01, 4.88304962e+02,
       4.39355194e+02, 1.23853780e-01, 3.72730133e+02, 4.53042084e+02,
       1.06750406e-01, 5.88261658e+02, 5.33386353e+02, 1.59156799e-01,
       0., 0., 0., 0., 0., 0., 8.78224365e+02, 4.47200745e+02,
       8.45344782e-01, 8.89935608e+02, 4.74544098e+02, 7.57719755e-01,
       8.52755249e+02, 4.35442413e+02, 1.51558951e-01, 8.70408569e+02,
       5.07852356e+02, 5.80665708e-01, 0., 0., 0., 0., 0., 0., 0., 0.,
       0., 0., 0., 0., 0., 0., 0., 3.66842163e+02, 4.55005035e+02,
       7.88229331e-02 ]
