%YAML:1.0
---
pose_0: !!opencv-matrix
   rows: 1
   cols: 25
   dt: "3f"
   data: [ 0., 0., 0., 7.64561035e+02, 1.29781525e+02, 1.21505991e-01,
       8.15508728e+02, 9.25674896e+01, 9.22084972e-02, 0., 0., 0., 0.,
       0., 0., 7.50854492e+02, 1.78808075e+02, 1.68347776e-01,
       8.23300903e+02, 1.92464355e+02, 5.50419927e-01, 8.35113770e+02,
       7.10952225e+01, 6.13536417e-01, 5.45144043e+02, 1.41558655e+02,
       5.56367487e-02, 5.45141907e+02, 1.00389664e+02, 5.04601412e-02,
       0., 0., 0., 0., 0., 0., 5.70614258e+02, 1.84653931e+02,
       6.69238195e-02, 0., 0., 0., 0., 0., 0., 0., 0., 0., 0., 0., 0.,
       0., 0., 0., 0., 0., 0., 0., 0., 0., 0., 0., 0., 0., 0., 0., 0.,
       0., 0., 0., 0., 0., 0., 0., 0. ]
