%YAML:1.0
---
pose_0: !!opencv-matrix
   rows: 1
   cols: 25
   dt: "3f"
   data: [ 8.86009033e+02, 3.49166718e+02, 8.29355717e-01,
       7.78296509e+02, 3.04110107e+02, 5.97644866e-01, 7.93928528e+02,
       2.43470688e+02, 7.10558176e-01, 8.23427856e+02, 3.29633362e+02,
       8.07267666e-01, 9.01757751e+02, 3.98258514e+02, 8.21488142e-01,
       7.74290833e+02, 3.62956909e+02, 5.73143899e-01, 7.58619019e+02,
       4.60944366e+02, 8.80433917e-01, 8.29241272e+02, 4.54991638e+02,
       7.77681768e-01, 5.45145569e+02, 2.88449432e+02, 2.72246897e-01,
       5.45133179e+02, 2.47360428e+02, 3.40728223e-01, 3.66815735e+02,
       2.25753113e+02, 3.71403873e-01, 3.10039093e+02, 1.96483231e+02,
       1.18059695e-01, 5.27522949e+02, 3.21823212e+02, 2.40248933e-01,
       3.60964142e+02, 3.80533295e+02, 4.49625075e-01, 1.61140182e+02,
       3.82552277e+02, 4.31850255e-01, 8.86118408e+02, 3.29634064e+02,
       7.99819648e-01, 9.01743286e+02, 3.49197571e+02, 1.24541372e-01,
       8.68456665e+02, 2.90446899e+02, 8.59983385e-01, 0., 0., 0.,
       1.02368355e+02, 4.19768311e+02, 2.04534486e-01, 0., 0., 0.,
       1.33738235e+02, 3.70798950e+02, 3.22383493e-01, 0., 0., 0., 0.,
       0., 0., 0., 0., 0. ]
