%YAML:1.0
---
pose_0: !!opencv-matrix
   rows: 1
   cols: 25
   dt: "3f"
   data: [ 1.07209949e+03, 2.41437546e+02, 7.86956191e-01,
       9.13459167e+02, 2.57095612e+02, 4.94235754e-01, 8.97748535e+02,
       1.57250916e+02, 4.83616233e-01, 7.43000122e+02, 8.08163223e+01,
       7.26525903e-01, 6.31292114e+02, 1.35672424e+02, 7.28280067e-01,
       9.29142456e+02, 3.59030975e+02, 4.26396608e-01, 7.39075867e+02,
       4.33436035e+02, 6.21389627e-01, 8.09627747e+02, 3.37469299e+02,
       7.17293680e-01, 5.86277283e+02, 4.07995605e+02, 5.61937094e-02,
       0., 0., 0., 0., 0., 0., 0., 0., 0., 0., 0., 0., 0., 0., 0., 0.,
       0., 0., 1.08770898e+03, 2.12123215e+02, 8.87614906e-01,
       1.08782263e+03, 2.64970184e+02, 8.07348192e-01, 1.04862769e+03,
       1.84657990e+02, 3.18003446e-01, 1.07415063e+03, 3.04112274e+02,
       1.69910789e-01, 0., 0., 0., 0., 0., 0., 0., 0., 0., 0., 0., 0.,
       0., 0., 0., 0., 0., 0. ]
