%YAML:1.0
---
pose_0: !!opencv-matrix
   rows: 1
   cols: 25
   dt: "3f"
   data: [ 9.44742249e+02, 2.90516785e+02, 7.47204185e-01,
       8.23270569e+02, 2.74785675e+02, 6.44154310e-01, 8.25295532e+02,
       1.92455750e+02, 6.61759615e-01, 7.11709412e+02, 1.14137100e+02,
       8.32754493e-01, 7.09639709e+02, 1.82768494e+02, 7.96741426e-01,
       8.13536804e+02, 3.68834167e+02, 5.29773116e-01, 6.76364014e+02,
       4.27626038e+02, 7.47283757e-01, 7.68491699e+02, 3.62901245e+02,
       7.07920492e-01, 5.86299561e+02, 2.84569794e+02, 1.74234480e-01,
       5.96067688e+02, 2.37543182e+02, 2.08847657e-01, 5.05918732e+02,
       2.08124893e+02, 2.44807690e-01, 1.25858070e+02, 3.17833862e+02,
       8.73590931e-02, 5.80393250e+02, 3.37440399e+02, 2.11448237e-01,
       4.29545135e+02, 3.55128418e+02, 9.24068838e-02, 1.33742279e+02,
       3.19816284e+02, 2.71183163e-01, 9.56591736e+02, 2.70788116e+02,
       7.61179745e-01, 9.54569946e+02, 3.08069183e+02, 7.76700079e-01,
       9.33074524e+02, 2.39541016e+02, 4.90489036e-01, 9.42865967e+02,
       3.33498138e+02, 1.25965118e-01, 6.71381302e+01, 3.57054016e+02,
       1.78360075e-01, 7.49590836e+01, 3.59021423e+02, 1.95502028e-01,
       1.21974274e+02, 3.08098083e+02, 1.00330569e-01, 6.32118263e+01,
       3.59038269e+02, 1.07856914e-01, 6.70723419e+01, 3.59012878e+02,
       1.04337662e-01, 0., 0., 0. ]
