%YAML:1.0
---
pose_0: !!opencv-matrix
   rows: 1
   cols: 25
   dt: "3f"
   data: [ 1.04271985e+03, 3.17847687e+02, 6.08640790e-01,
       9.03649597e+02, 3.37403839e+02, 5.69672704e-01, 9.19375488e+02,
       2.84584473e+02, 2.77721107e-01, 8.76203613e+02, 1.94514053e+02,
       7.15519488e-01, 9.48715759e+02, 2.86559235e+02, 7.30971694e-01,
       8.93842773e+02, 3.86477173e+02, 4.53366011e-01, 8.84033997e+02,
       4.51122253e+02, 6.94887042e-01, 9.58505371e+02, 4.00211578e+02,
       7.34824419e-01, 6.84231384e+02, 3.29620850e+02, 9.55549404e-02,
       0., 0., 0., 0., 0., 0., 0., 0., 0., 0., 0., 0., 0., 0., 0., 0.,
       0., 0., 1.02703723e+03, 2.90383484e+02, 6.65024161e-01,
       1.05845129e+03, 3.19774200e+02, 6.36137128e-01, 9.93822693e+02,
       2.72756683e+02, 3.64292681e-01, 1.05647180e+03, 3.43326416e+02,
       1.24954589e-01, 0., 0., 0., 0., 0., 0., 0., 0., 0., 0., 0., 0.,
       0., 0., 0., 0., 0., 0. ]
