%YAML:1.0
---
pose_0: !!opencv-matrix
   rows: 1
   cols: 25
   dt: "3f"
   data: [ 9.23226013e+02, 2.74859741e+02, 7.94875503e-01,
       8.11572205e+02, 2.76758057e+02, 6.27778351e-01, 8.07666992e+02,
       1.92452271e+02, 6.62911654e-01, 6.88129822e+02, 1.51345764e+02,
       7.68470347e-01, 6.27393005e+02, 2.10032791e+02, 7.82523513e-01,
       8.07651062e+02, 3.62925171e+02, 5.67398131e-01, 6.99959961e+02,
       4.31451324e+02, 8.39530468e-01, 7.62570190e+02, 3.80511566e+02,
       7.57587194e-01, 5.62785828e+02, 2.88490845e+02, 1.63045242e-01,
       5.72576965e+02, 2.45426208e+02, 2.47812986e-01, 5.07896820e+02,
       2.10099686e+02, 3.43292952e-01, 3.58995361e+02, 2.45372025e+02,
       2.26774797e-01, 5.49057312e+02, 3.49232819e+02, 1.46460280e-01,
       4.13849121e+02, 3.64881134e+02, 5.83812594e-02, 1.20025726e+02,
       3.82480164e+02, 7.16532916e-02, 9.33030334e+02, 2.59110809e+02,
       9.38991129e-01, 9.33127197e+02, 2.96331635e+02, 7.50339866e-01,
       9.13397278e+02, 2.39430176e+02, 6.61369205e-01, 9.19396545e+02,
       3.17868073e+02, 3.11811388e-01, 0., 0., 0., 0., 0., 0., 0., 0.,
       0., 0., 0., 0., 0., 0., 0., 0., 0., 0. ]
