%YAML:1.0
---
pose_0: !!opencv-matrix
   rows: 1
   cols: 25
   dt: "3f"
   data: [ 1.13680029e+03, 1.76837311e+02, 7.38046765e-01,
       9.48670410e+02, 1.80764313e+02, 3.77966732e-01, 9.33006897e+02,
       7.29681244e+01, 3.96462142e-01, 8.01783752e+02, 2.00512218e+01,
       2.27020487e-01, 7.17515076e+02, 2.40802231e+01, 3.70088995e-01,
       9.50677185e+02, 2.92420502e+02, 4.66696799e-01, 8.07684021e+02,
       3.66801971e+02, 3.92685413e-01, 6.17564575e+02, 4.15848328e+02,
       6.57016218e-01, 6.37215088e+02, 3.27675446e+02, 9.66666043e-02,
       5.99971863e+02, 2.88482971e+02, 1.31635174e-01, 0., 0., 0., 0.,
       0., 0., 0., 0., 0., 0., 0., 0., 0., 0., 0., 1.13483093e+03,
       1.45408249e+02, 8.02511215e-01, 1.16228748e+03, 1.78778030e+02,
       5.46824157e-01, 1.07414246e+03, 9.84523468e+01, 2.02345222e-01,
       0., 0., 0., 0., 0., 0., 0., 0., 0., 0., 0., 0., 0., 0., 0., 0.,
       0., 0., 0., 0., 0. ]
