%YAML:1.0
---
pose_0: !!opencv-matrix
   rows: 1
   cols: 25
   dt: "3f"
   data: [ 8.78174744e+02, 4.58903656e+02, 8.01057041e-01,
       8.03678772e+02, 4.39324524e+02, 5.21603882e-01, 8.07626221e+02,
       3.82485046e+02, 3.68057966e-01, 9.09519775e+02, 3.12032257e+02,
       3.63172829e-01, 9.52649414e+02, 3.94271362e+02, 1.70982853e-01,
       8.05760681e+02, 4.98131866e+02, 3.01101863e-01, 8.31179565e+02,
       5.66700012e+02, 5.81876822e-02, 8.31159241e+02, 5.66683105e+02,
       3.63075405e-01, 5.84316406e+02, 4.78536499e+02, 6.52905032e-02,
       5.68649719e+02, 4.41290405e+02, 9.40655321e-02, 0., 0., 0., 0.,
       0., 0., 5.70597168e+02, 5.37300537e+02, 5.85392900e-02, 0., 0.,
       0., 0., 0., 0., 8.85980774e+02, 4.33509644e+02, 9.01259184e-01,
       8.95793457e+02, 4.56996216e+02, 7.55090773e-01, 8.54739685e+02,
       3.98144318e+02, 8.96954894e-01, 0., 0., 0., 0., 0., 0., 0., 0.,
       0., 0., 0., 0., 0., 0., 0., 0., 0., 0., 0., 0., 0. ]
