%YAML:1.0
---
pose_0: !!opencv-matrix
   rows: 1
   cols: 25
   dt: "3f"
   data: [ 9.01681580e+02, 1.96364777e+02, 8.07867825e-01,
       8.42939880e+02, 1.59179047e+02, 4.87457007e-01, 8.38992981e+02,
       1.10213432e+02, 6.51307940e-01, 8.05698242e+02, 1.94432404e+02,
       8.40749621e-01, 8.05682434e+02, 3.29657654e+02, 7.91867375e-01,
       8.31159485e+02, 1.96387573e+02, 2.28059441e-01, 0., 0., 0., 0.,
       0., 0., 6.25459167e+02, 1.41557770e+02, 5.85018024e-02, 0., 0.,
       0., 0., 0., 0., 0., 0., 0., 0., 0., 0., 0., 0., 0., 0., 0., 0.,
       9.15342529e+02, 1.68982254e+02, 8.42180729e-01, 9.17457275e+02,
       2.08109024e+02, 7.88049400e-01, 9.01631653e+02, 1.45417725e+02,
       6.60045743e-01, 0., 0., 0., 0., 0., 0., 0., 0., 0., 0., 0., 0.,
       0., 0., 0., 0., 0., 0., 0., 0., 0. ]
