%YAML:1.0
---
pose_0: !!opencv-matrix
   rows: 1
   cols: 25
   dt: "3f"
   data: [ 9.19318909e+02, 2.25707489e+02, 7.95979202e-01,
       8.07705017e+02, 2.53226868e+02, 7.10316479e-01, 7.88003296e+02,
       1.74878067e+02, 6.70282900e-01, 6.76395630e+02, 1.29737854e+02,
       7.38786817e-01, 6.33288757e+02, 1.55301300e+02, 7.51982868e-01,
       8.27233765e+02, 3.33569794e+02, 6.61604404e-01, 7.27352234e+02,
       4.04059753e+02, 7.78117061e-01, 6.03963928e+02, 4.51079895e+02,
       7.97520041e-01, 5.49059021e+02, 2.84540771e+02, 3.22713256e-01,
       5.56872864e+02, 2.37563950e+02, 3.81059438e-01, 3.33563202e+02,
       2.64992737e+02, 3.63730311e-01, 1.39612534e+02, 2.88457367e+02,
       1.77187309e-01, 5.49074219e+02, 3.21851715e+02, 3.86313140e-01,
       3.23748169e+02, 3.19829834e+02, 3.22495759e-01, 1.29805267e+02,
       3.53109406e+02, 4.31715608e-01, 9.25188843e+02, 2.06157684e+02,
       7.39198387e-01, 9.33051575e+02, 2.39463196e+02, 8.44223320e-01,
       8.97802979e+02, 1.84690277e+02, 6.13535404e-01, 9.19357849e+02,
       2.61055695e+02, 4.76867139e-01, 1.04313011e+02, 3.64921204e+02,
       1.04235247e-01, 1.06313560e+02, 3.66906311e+02, 1.07251123e-01,
       1.10192368e+02, 3.57062439e+02, 2.83361584e-01, 1.33716934e+02,
       3.04149414e+02, 7.97522143e-02, 0., 0., 0., 1.33755081e+02,
       2.90452087e+02, 1.68324515e-01 ]
