%YAML:1.0
---
pose_0: !!opencv-matrix
   rows: 1
   cols: 25
   dt: "3f"
   data: [ 9.44819885e+02, 2.74801880e+02, 8.25182378e-01,
       8.37043823e+02, 2.90484314e+02, 6.58750117e-01, 8.29230591e+02,
       2.04250504e+02, 6.35508478e-01, 7.15588806e+02, 1.14124657e+02,
       7.18591928e-01, 7.58698486e+02, 1.78765533e+02, 7.85198927e-01,
       8.38997925e+02, 3.74713593e+02, 6.29363716e-01, 7.31248230e+02,
       4.53048859e+02, 6.91124260e-01, 6.01932068e+02, 4.41291534e+02,
       8.03449631e-01, 5.60815186e+02, 3.02215332e+02, 1.41204208e-01,
       5.68639526e+02, 2.59060913e+02, 2.36477032e-01, 3.66872711e+02,
       2.72848206e+02, 6.15495369e-02, 0., 0., 0., 5.62766235e+02,
       3.64889984e+02, 1.15123868e-01, 3.66859467e+02, 3.53149872e+02,
       1.01079874e-01, 0., 0., 0., 9.50651855e+02, 2.53216736e+02,
       8.14814568e-01, 9.58527954e+02, 2.90497223e+02, 8.22088718e-01,
       9.23269287e+02, 2.25849915e+02, 6.46689057e-01, 9.46741394e+02,
       3.17838104e+02, 2.19189793e-01, 0., 0., 0., 0., 0., 0., 0., 0.,
       0., 0., 0., 0., 0., 0., 0., 0., 0., 0. ]
