%YAML:1.0
---
pose_0: !!opencv-matrix
   rows: 1
   cols: 25
   dt: "3f"
   data: [ 9.70254456e+02, 2.64958099e+02, 7.07084537e-01,
       8.39049805e+02, 2.41419937e+02, 6.50587440e-01, 8.38969299e+02,
       1.49374390e+02, 6.08847022e-01, 7.21469788e+02, 6.32147751e+01,
       7.14270234e-01, 6.41113892e+02, 1.63159286e+02, 7.14668870e-01,
       8.35051270e+02, 3.29657806e+02, 6.09439850e-01, 7.09672058e+02,
       3.68830994e+02, 7.38240838e-01, 5.88220398e+02, 4.19738312e+02,
       7.64278054e-01, 5.88224731e+02, 2.51258789e+02, 2.41556674e-01,
       5.86299866e+02, 2.06207916e+02, 3.31180692e-01, 3.35513702e+02,
       2.31709015e+02, 1.51106745e-01, 0., 0., 0., 5.80392700e+02,
       3.10049225e+02, 1.66913524e-01, 3.59010193e+02, 3.47242493e+02,
       2.76915997e-01, 1.18022789e+02, 3.70789459e+02, 2.48621374e-01,
       9.81997925e+02, 2.39460312e+02, 8.31145406e-01, 9.84016235e+02,
       2.74836029e+02, 7.65533626e-01, 9.48795593e+02, 1.96344894e+02,
       6.46047413e-01, 0., 0., 0., 0., 0., 0., 0., 0., 0.,
       9.64830933e+01, 3.76662445e+02, 1.54733136e-01, 0., 0., 0., 0.,
       0., 0., 0., 0., 0. ]
