%YAML:1.0
---
pose_0: !!opencv-matrix
   rows: 1
   cols: 25
   dt: "3f"
   data: [ 9.01659668e+02, 1.47421280e+02, 7.92843699e-01,
       7.99794373e+02, 1.37614685e+02, 6.08558834e-01, 8.05650574e+02,
       5.53760834e+01, 7.29409039e-01, 7.29275452e+02, 5.33508921e+00,
       4.47451770e-01, 6.58748840e+02, 2.20711842e+01, 7.31662273e-01,
       7.91979492e+02, 2.25762863e+02, 5.75611174e-01, 6.52873962e+02,
       2.61100311e+02, 7.59041488e-01, 5.51017883e+02, 2.76805023e+02,
       7.41940379e-01, 5.82365356e+02, 1.29801895e+02, 8.21612254e-02,
       5.96066223e+02, 8.66972504e+01, 5.33521213e-02, 0., 0., 0., 0.,
       0., 0., 0., 0., 0., 0., 0., 0., 0., 0., 0., 9.15299622e+02,
       1.27830910e+02, 7.75086045e-01, 9.15397217e+02, 1.65015305e+02,
       8.25737298e-01, 8.99663757e+02, 1.02422394e+02, 3.11635315e-01,
       9.05642029e+02, 1.86598572e+02, 1.64011836e-01, 0., 0., 0., 0.,
       0., 0., 0., 0., 0., 0., 0., 0., 0., 0., 0., 0., 0., 0. ]
