%YAML:1.0
---
pose_0: !!opencv-matrix
   rows: 1
   cols: 25
   dt: "3f"
   data: [ 9.15473389e+02, 3.68863983e+02, 7.48904526e-01,
       8.05627136e+02, 3.96215454e+02, 6.27810478e-01, 7.95894409e+02,
       3.19815704e+02, 6.16691232e-01, 7.54742310e+02, 2.78710358e+02,
       3.48666042e-01, 6.70508606e+02, 2.35603378e+02, 5.49395859e-01,
       8.03761108e+02, 4.70684601e+02, 5.56340754e-01, 6.88167175e+02,
       5.27575195e+02, 7.11662054e-01, 5.88190735e+02, 5.88285034e+02,
       7.17599988e-01, 5.39263489e+02, 4.11932709e+02, 1.75434858e-01,
       5.45150940e+02, 3.64911621e+02, 2.51050979e-01, 2.68888580e+02,
       3.27678497e+02, 2.30694413e-01, 1.31759399e+02, 3.12031189e+02,
       1.21820673e-01, 5.39263916e+02, 4.60902740e+02, 1.88492253e-01,
       3.80545044e+02, 5.00091370e+02, 1.21715523e-01, 0., 0., 0.,
       9.19392273e+02, 3.53090546e+02, 5.73679030e-01, 9.31100891e+02,
       3.84523743e+02, 7.90005863e-01, 8.86109436e+02, 3.35400299e+02,
       2.41371006e-01, 9.17370605e+02, 4.15739777e+02, 1.00556001e-01,
       0., 0., 0., 0., 0., 0., 0., 0., 0., 0., 0., 0., 0., 0., 0., 0.,
       0., 0. ]
