%YAML:1.0
---
pose_0: !!opencv-matrix
   rows: 1
   cols: 25
   dt: "3f"
   data: [ 8.70339783e+02, 4.25591583e+02, 7.74771750e-01,
       7.89984802e+02, 4.66743713e+02, 6.96340442e-01, 7.58662048e+02,
       4.31509705e+02, 6.11221910e-01, 7.17596191e+02, 4.31437347e+02,
       7.22273663e-02, 0., 0., 0., 8.17446899e+02, 5.07930664e+02,
       6.33695900e-01, 7.43030579e+02, 4.60857422e+02, 3.39704692e-01,
       0., 0., 0., 5.41198669e+02, 4.94182037e+02, 1.80074498e-01,
       5.35343201e+02, 4.64829529e+02, 2.16116965e-01, 3.62956024e+02,
       4.21699982e+02, 2.73543686e-01, 1.76811752e+02, 4.33459351e+02,
       4.76243198e-01, 5.35352966e+02, 5.49056458e+02, 1.32459641e-01,
       3.51171844e+02, 5.92181091e+02, 4.52835292e-01, 2.02266663e+02,
       6.50930847e+02, 1.96858719e-01, 8.74276306e+02, 4.11956390e+02,
       7.81404614e-01, 8.85968689e+02, 4.39372955e+02, 8.32298279e-01,
       8.50782104e+02, 4.02146881e+02, 3.97439331e-01, 8.76208923e+02,
       4.66780121e+02, 6.31137908e-01, 0., 0., 0., 0., 0., 0.,
       1.88556778e+02, 6.50920288e+02, 8.11097547e-02, 1.43509827e+02,
       3.86432983e+02, 2.01030567e-01, 1.43513718e+02, 3.88401825e+02,
       1.69610977e-01, 1.63102829e+02, 4.41329407e+02, 3.63611579e-01 ]
