%YAML:1.0
---
pose_0: !!opencv-matrix
   rows: 1
   cols: 25
   dt: "3f"
   data: [ 9.01737549e+02, 2.35617111e+02, 7.45181262e-01,
       8.40941345e+02, 3.21741486e+02, 5.27475238e-01, 8.54693481e+02,
       3.29627960e+02, 3.57040286e-01, 6.39175171e+02, 2.96352325e+02,
       1.90689132e-01, 6.01953247e+02, 2.43378586e+02, 7.19232023e-01,
       8.39031799e+02, 3.21762909e+02, 5.57775795e-01, 7.13692261e+02,
       2.90523560e+02, 7.41471291e-01, 7.05746033e+02, 1.88570145e+02,
       7.64595211e-01, 5.07900055e+02, 3.43354218e+02, 1.43943176e-01,
       5.09877106e+02, 3.15911652e+02, 1.68746307e-01, 3.12007263e+02,
       3.10075531e+02, 1.60180643e-01, 8.87037506e+01, 4.13869446e+02,
       1.93610728e-01, 4.90299011e+02, 3.59027496e+02, 1.28742889e-01,
       3.10058441e+02, 3.10078430e+02, 2.35306382e-01, 8.66637955e+01,
       4.13895752e+02, 2.60451645e-01, 9.23243225e+02, 2.37529099e+02,
       1.29396841e-01, 9.29119812e+02, 2.45387421e+02, 8.44762385e-01,
       0., 0., 0., 9.17437805e+02, 3.06136566e+02, 8.81832182e-01,
       3.77548561e+01, 4.45228760e+02, 2.11780071e-01, 4.55755196e+01,
       4.47193726e+02, 2.24469185e-01, 5.73160248e+01, 4.25622498e+02,
       1.47147432e-01, 4.16563797e+01, 4.47219635e+02, 1.61178321e-01,
       4.55606804e+01, 4.43262543e+02, 1.27724752e-01, 0., 0., 0. ]
