%YAML:1.0
---
pose_0: !!opencv-matrix
   rows: 1
   cols: 25
   dt: "3f"
   data: [ 8.72312683e+02, 3.31625000e+02, 7.26659536e-01,
       8.23303345e+02, 2.49323837e+02, 4.58563060e-01, 8.21364075e+02,
       2.43518356e+02, 6.96716487e-01, 7.41024597e+02, 2.63060303e+02,
       7.29314268e-01, 7.27362488e+02, 3.86479370e+02, 8.30772758e-01,
       8.33109009e+02, 2.55174423e+02, 3.13488334e-01, 0., 0., 0., 0.,
       0., 0., 5.29458252e+02, 2.39520966e+02, 1.76882014e-01,
       5.21633911e+02, 2.25810089e+02, 1.48791447e-01, 4.17787750e+02,
       2.47380325e+02, 6.61637634e-02, 0., 0., 0., 5.31436768e+02,
       2.43425827e+02, 1.04039878e-01, 3.62927979e+02, 3.33551544e+02,
       9.44389999e-02, 9.06017914e+01, 2.57125397e+02, 2.05129728e-01,
       8.95787781e+02, 3.19904663e+02, 7.86042929e-01, 8.87967529e+02,
       3.37497437e+02, 7.14118481e-02, 8.95816467e+02, 2.72790009e+02,
       8.28294039e-01, 0., 0., 0., 6.71244583e+01, 2.25782318e+02,
       7.53721818e-02, 6.70745850e+01, 2.31680084e+02, 8.32663104e-02,
       7.30038834e+01, 2.47373535e+02, 1.35049164e-01, 0., 0., 0., 0.,
       0., 0., 0., 0., 0. ]
