%YAML:1.0
---
pose_0: !!opencv-matrix
   rows: 1
   cols: 25
   dt: "3f"
   data: [ 8.86023743e+02, 2.41528107e+02, 8.44915152e-01,
       7.88106812e+02, 2.59046783e+02, 7.13069856e-01, 7.76355469e+02,
       1.82694962e+02, 7.41280317e-01, 6.74438599e+02, 1.57254562e+02,
       7.11063445e-01, 6.19593201e+02, 1.49348343e+02, 8.89276087e-01,
       7.92017456e+02, 3.33565704e+02, 7.08463430e-01, 6.70493713e+02,
       3.80557739e+02, 8.06526423e-01, 6.66572571e+02, 2.94377502e+02,
       8.06140244e-01, 5.35345825e+02, 2.64964142e+02, 3.35001260e-01,
       5.39247559e+02, 2.23854721e+02, 3.61114383e-01, 3.25710266e+02,
       2.23830948e+02, 3.47804129e-01, 1.82685394e+02, 2.12058228e+02,
       1.31072059e-01, 5.35354858e+02, 3.06153961e+02, 3.56782079e-01,
       3.59007111e+02, 3.17881287e+02, 3.02079827e-01, 1.78775406e+02,
       3.39399292e+02, 2.35699013e-01, 8.93864136e+02, 2.25750183e+02,
       8.45159888e-01, 8.99716553e+02, 2.57112457e+02, 7.73367167e-01,
       8.68369385e+02, 2.08147949e+02, 6.30566001e-01, 8.86024048e+02,
       2.82637451e+02, 3.77862275e-01, 1.18091972e+02, 3.76668365e+02,
       1.58943668e-01, 0., 0., 0., 0., 0., 0., 0., 0., 0., 0., 0., 0.,
       0., 0., 0. ]
