%YAML:1.0
---
pose_0: !!opencv-matrix
   rows: 1
   cols: 25
   dt: "3f"
   data: [ 8.89929871e+02, 3.98184174e+02, 7.95224130e-01,
       7.89976807e+02, 4.08022675e+02, 6.89201593e-01, 7.72396851e+02,
       3.39399506e+02, 7.07082093e-01, 6.56796692e+02, 2.92442444e+02,
       7.74664879e-01, 6.98039307e+02, 2.74721771e+02, 8.33937764e-01,
       7.95945740e+02, 4.76587433e+02, 5.33605576e-01, 6.78364563e+02,
       5.54849792e+02, 7.81903088e-01, 7.76321106e+02, 5.11853821e+02,
       7.87793994e-01, 5.52957031e+02, 4.55002960e+02, 2.62641698e-01,
       5.52985291e+02, 4.09969086e+02, 3.80385786e-01, 3.39470093e+02,
       3.84436920e+02, 3.43980968e-01, 0., 0., 0., 5.51000793e+02,
       4.96144135e+02, 2.46794030e-01, 3.82473602e+02, 4.96217712e+02,
       2.99687684e-01, 0., 0., 0., 8.99698181e+02, 3.80586761e+02,
       8.86569917e-01, 9.01777405e+02, 4.13909119e+02, 7.95594633e-01,
       8.74264404e+02, 3.62948792e+02, 6.24963164e-01, 8.93879089e+02,
       4.35477936e+02, 2.91639149e-01, 0., 0., 0., 0., 0., 0., 0., 0.,
       0., 0., 0., 0., 0., 0., 0., 0., 0., 0. ]
