%YAML:1.0
---
pose_0: !!opencv-matrix
   rows: 1
   cols: 25
   dt: "3f"
   data: [ 8.72282104e+02, 2.10157806e+02, 8.10570478e-01,
       7.78291382e+02, 2.12132309e+02, 6.80248380e-01, 7.72398987e+02,
       1.47372894e+02, 6.94393277e-01, 6.60746155e+02, 1.00392471e+02,
       7.97982216e-01, 5.84248901e+02, 1.49478958e+02, 8.02974463e-01,
       7.90092590e+02, 2.78722656e+02, 6.49502277e-01, 7.11672119e+02,
       3.41437286e+02, 8.34753811e-01, 8.31176270e+02, 3.04118286e+02,
       8.23446155e-01, 5.56899780e+02, 2.43412979e+02, 3.09434921e-01,
       5.45156372e+02, 1.98375412e+02, 3.30618709e-01, 4.88336121e+02,
       1.78721252e+02, 6.96120635e-02, 0., 0., 0., 5.62776978e+02,
       2.84573792e+02, 3.17222595e-01, 3.66827209e+02, 3.21870728e+02,
       3.36601764e-01, 1.82695190e+02, 3.88394989e+02, 2.52543598e-01,
       8.84060242e+02, 1.94516617e+02, 8.66366386e-01, 8.86036438e+02,
       2.25852051e+02, 8.32136154e-01, 8.68316589e+02, 1.78836700e+02,
       4.87716079e-01, 8.68388611e+02, 2.51297455e+02, 4.10849243e-01,
       1.33698318e+02, 4.13861847e+02, 1.17977023e-01, 1.45466843e+02,
       4.17785522e+02, 1.33697003e-01, 1.65086182e+02, 3.88397552e+02,
       1.77817672e-01, 0., 0., 0., 0., 0., 0., 0., 0., 0. ]
