%YAML:1.0
---
pose_0: !!opencv-matrix
   rows: 1
   cols: 25
   dt: "3f"
   data: [ 1.11909302e+03, 1.88584564e+02, 7.40873098e-01,
       9.50685791e+02, 2.29718765e+02, 2.51256287e-01, 9.44783447e+02,
       1.94432587e+02, 9.56498533e-02, 7.60585510e+02, 4.02098419e+02,
       1.58910513e-01, 0., 0., 0., 9.52651917e+02, 3.02216400e+02,
       1.56309009e-01, 0., 0., 0., 0., 0., 0., 0., 0., 0., 0., 0., 0.,
       0., 0., 0., 0., 0., 0., 0., 0., 0., 0., 0., 0., 0., 0., 0.,
       1.12696838e+03, 1.63088882e+02, 8.41155410e-01, 1.13682092e+03,
       2.12058838e+02, 7.83433318e-01, 1.08587366e+03, 1.33716873e+02,
       2.45604843e-01, 1.12109692e+03, 2.51296997e+02, 1.42089799e-01,
       0., 0., 0., 0., 0., 0., 0., 0., 0., 0., 0., 0., 0., 0., 0., 0.,
       0., 0. ]
