%YAML:1.0
---
pose_0: !!opencv-matrix
   rows: 1
   cols: 25
   dt: "3f"
   data: [ 9.03689026e+02, 3.51231201e+02, 7.74241388e-01,
       8.37003479e+02, 2.82605804e+02, 3.62371862e-01, 8.39084167e+02,
       2.78695435e+02, 7.31928468e-01, 7.48903809e+02, 3.53209717e+02,
       7.40185440e-01, 7.74316833e+02, 4.51118469e+02, 7.89800763e-01,
       0., 0., 0., 0., 0., 0., 0., 0., 0., 5.23564941e+02,
       2.92420715e+02, 2.69184977e-01, 5.19657593e+02, 2.84566559e+02,
       2.73722082e-01, 3.08107147e+02, 3.47253693e+02, 2.80609727e-01,
       1.02348663e+02, 3.39446106e+02, 3.01100135e-01, 5.21641113e+02,
       2.90466797e+02, 1.93248913e-01, 3.06097504e+02, 3.35436432e+02,
       2.12105498e-01, 1.04337364e+02, 3.39433929e+02, 1.91904262e-01,
       9.21334229e+02, 3.33470398e+02, 6.96104348e-01, 9.27132874e+02,
       3.55117859e+02, 7.58065462e-01, 9.01742554e+02, 2.88445068e+02,
       8.71166050e-01, 0., 0., 0., 4.74992905e+01, 3.10039734e+02,
       1.12808391e-01, 5.14463844e+01, 3.21845520e+02, 1.01681255e-01,
       7.09959488e+01, 3.51162872e+02, 1.37381479e-01, 4.75002174e+01,
       3.15921417e+02, 9.51563343e-02, 4.94802666e+01, 3.15905670e+02,
       5.77296950e-02, 8.27498703e+01, 3.47276245e+02, 2.21717760e-01 ]
