%YAML:1.0
---
pose_0: !!opencv-matrix
   rows: 1
   cols: 25
   dt: "3f"
   data: [ 8.68450684e+02, 4.53058472e+02, 7.77032614e-01,
       7.82223083e+02, 4.78576630e+02, 6.52327776e-01, 7.74393555e+02,
       4.11852966e+02, 7.04386830e-01, 7.60612366e+02, 3.35501038e+02,
       7.44299531e-01, 7.74438965e+02, 2.82590179e+02, 8.29420447e-01,
       7.89949219e+02, 5.49034546e+02, 6.04519308e-01, 8.56604370e+02,
       6.43101318e+02, 7.57592499e-01, 8.66450256e+02, 5.41193420e+02,
       4.28254515e-01, 5.72561279e+02, 4.82443176e+02, 2.76807398e-01,
       5.76474854e+02, 4.43250977e+02, 3.57171178e-01, 4.72644257e+02,
       4.33479889e+02, 8.96009728e-02, 3.60978760e+02, 4.49136993e+02,
       8.42385888e-02, 5.70595764e+02, 5.27523560e+02, 2.58857906e-01,
       3.96218353e+02, 5.50999329e+02, 1.59752041e-01, 0., 0., 0.,
       8.82046753e+02, 4.45227295e+02, 8.32046151e-01, 8.82114685e+02,
       4.74529572e+02, 7.90030837e-01, 8.72297241e+02, 4.39375000e+02,
       1.05791576e-01, 8.66420654e+02, 5.05885620e+02, 6.49084508e-01,
       0., 0., 0., 0., 0., 0., 0., 0., 0., 0., 0., 0., 0., 0., 0.,
       3.53143402e+02, 4.51098877e+02, 6.95900917e-02 ]
