%YAML:1.0
---
pose_0: !!opencv-matrix
   rows: 1
   cols: 25
   dt: "3f"
   data: [ 8.91886963e+02, 2.66961304e+02, 7.62213111e-01,
       8.15512207e+02, 2.45396454e+02, 6.22533083e-01, 8.23314697e+02,
       1.86609360e+02, 5.88121772e-01, 7.74266968e+02, 1.14098236e+02,
       7.94727325e-01, 8.05649109e+02, 2.47371735e+02, 8.03507388e-01,
       8.05630127e+02, 2.94378540e+02, 5.04953802e-01, 7.92019958e+02,
       3.02202972e+02, 2.99165666e-01, 0., 0., 0., 6.21544739e+02,
       2.49309357e+02, 7.49338493e-02, 0., 0., 0., 0., 0., 0., 0., 0.,
       0., 0., 0., 0., 0., 0., 0., 0., 0., 0., 8.99784668e+02,
       2.43535934e+02, 8.97602379e-01, 9.05630310e+02, 2.74842072e+02,
       8.00972939e-01, 8.82126709e+02, 2.16022827e+02, 6.24102831e-01,
       8.93853699e+02, 2.92368774e+02, 8.79586637e-02, 0., 0., 0., 0.,
       0., 0., 0., 0., 0., 0., 0., 0., 0., 0., 0., 0., 0., 0. ]
