%YAML:1.0
---
pose_0: !!opencv-matrix
   rows: 1
   cols: 25
   dt: "3f"
   data: [ 9.11449341e+02, 2.10187485e+02, 7.38916636e-01,
       8.15505005e+02, 2.78728424e+02, 4.41544533e-01, 7.80228455e+02,
       2.43485046e+02, 2.72757471e-01, 0., 0., 0., 0., 0., 0.,
       8.39028503e+02, 3.19859222e+02, 5.27874827e-01, 6.94023499e+02,
       3.08146515e+02, 6.04606807e-01, 5.56834412e+02, 2.29719086e+02,
       7.66270757e-01, 6.27425720e+02, 3.90366913e+02, 1.24332756e-01,
       6.17615906e+02, 3.64904144e+02, 8.54100510e-02, 5.04008057e+02,
       3.17884705e+02, 7.33878464e-02, 0., 0., 0., 6.35258606e+02,
       4.11895752e+02, 1.45754665e-01, 2.98303040e+02, 2.70852997e+02,
       9.27316323e-02, 1.02363907e+02, 3.49195557e+02, 7.20191076e-02,
       9.17412354e+02, 2.02297867e+02, 5.67447662e-01, 9.31087524e+02,
       2.29755493e+02, 8.53072345e-01, 0., 0., 0., 9.13401672e+02,
       2.86457825e+02, 8.26385915e-01, 0., 0., 0., 0., 0., 0., 0., 0.,
       0., 0., 0., 0., 0., 0., 0., 0., 0., 0. ]
