%YAML:1.0
---
pose_0: !!opencv-matrix
   rows: 1
   cols: 25
   dt: "3f"
   data: [ 9.33080750e+02, 3.64833374e+02, 7.98163295e-01,
       8.15522583e+02, 3.80531158e+02, 6.79347038e-01, 8.03767151e+02,
       3.02213409e+02, 6.90781713e-01, 6.76413818e+02, 2.88458466e+02,
       5.58214188e-01, 5.54906128e+02, 2.90382813e+02, 4.34383541e-01,
       8.33100098e+02, 4.55005707e+02, 6.19947135e-01, 7.17552490e+02,
       5.09954590e+02, 7.44222641e-01, 5.76526062e+02, 5.07967804e+02,
       7.90696740e-01, 5.41243530e+02, 4.04099304e+02, 2.56845981e-01,
       5.51001465e+02, 3.53167908e+02, 3.33182186e-01, 3.76669250e+02,
       3.33548492e+02, 1.45381659e-01, 0., 0., 0., 5.39281189e+02,
       4.49169617e+02, 2.52870917e-01, 3.80581360e+02, 4.70677277e+02,
       1.29106164e-01, 0., 0., 0., 9.44763367e+02, 3.41389435e+02,
       8.37403059e-01, 9.46832214e+02, 3.80501373e+02, 8.33438158e-01,
       9.15403992e+02, 3.23718994e+02, 4.91588891e-01, 9.21290222e+02,
       4.00159363e+02, 4.72749352e-01, 0., 0., 0., 0., 0., 0., 0., 0.,
       0., 0., 0., 0., 0., 0., 0., 0., 0., 0. ]
