%YAML:1.0
---
pose_0: !!opencv-matrix
   rows: 2
   cols: 25
   dt: "3f"
   data: [ 9.11472168e+02, 3.66820190e+02, 6.89258873e-01,
       8.50740784e+02, 2.78714905e+02, 4.38185275e-01, 8.54666138e+02,
       2.68892792e+02, 7.01412499e-01, 7.48929565e+02, 3.04227448e+02,
       8.10132146e-01, 7.92064331e+02, 4.33484100e+02, 8.10894191e-01,
       8.42952576e+02, 3.02207916e+02, 1.71387732e-01, 0., 0., 0., 0.,
       0., 0., 5.35352661e+02, 2.96323822e+02, 3.10333043e-01,
       5.37279846e+02, 2.74766998e+02, 3.08790416e-01, 3.19847382e+02,
       3.47268066e+02, 2.73877174e-01, 1.00398499e+02, 3.37536377e+02,
       2.99611211e-01, 5.27519897e+02, 3.21799500e+02, 2.13931486e-01,
       3.23787567e+02, 3.37464325e+02, 2.47731984e-01, 1.12173660e+02,
       3.37510468e+02, 2.15390712e-01, 9.29143799e+02, 3.55114044e+02,
       7.41585314e-01, 0., 0., 0., 9.29161255e+02, 3.06174255e+02,
       8.45064521e-01, 0., 0., 0., 0., 0., 0., 0., 0., 0.,
       6.71185303e+01, 3.33536041e+02, 1.16217256e-01, 4.75200386e+01,
       3.08123230e+02, 6.34701103e-02, 0., 0., 0., 7.68876495e+01,
       3.35500580e+02, 1.96845263e-01, 0., 0., 0., 0., 0., 0., 0., 0.,
       0., 0., 0., 0., 0., 0., 0., 8.54687317e+02, 2.86545685e+02,
       1.67729735e-01, 6.76418762e+02, 3.57067688e+02, 6.74018085e-01,
       7.31244263e+02, 4.49211517e+02, 8.18853557e-01, 0., 0., 0., 0.,
       0., 0., 0., 0., 0., 0., 0., 0., 0., 0., 0., 0., 0., 0., 0., 0.,
       0., 0., 0., 0., 0., 0., 0., 0., 0., 0., 0., 0., 0., 0., 0., 0.,
       0., 0., 0., 0., 0., 0., 0., 0., 0., 0., 0., 0., 0., 0., 0. ]
