%YAML:1.0
---
pose_0: !!opencv-matrix
   rows: 1
   cols: 25
   dt: "3f"
   data: [ 9.17354492e+02, 3.45343201e+02, 7.64312148e-01,
       8.37005615e+02, 2.84534149e+02, 3.85637701e-01, 8.42897766e+02,
       2.59127106e+02, 7.35031486e-01, 7.62612000e+02, 3.39488037e+02,
       6.37392819e-01, 8.62496033e+02, 4.33461548e+02, 6.86425090e-01,
       8.27244324e+02, 3.06161194e+02, 1.61228389e-01, 7.29255981e+02,
       3.84515778e+02, 8.17225397e-01, 8.42953125e+02, 4.31513336e+02,
       5.41732430e-01, 5.41254333e+02, 2.96343781e+02, 2.67496258e-01,
       5.37310059e+02, 2.82626099e+02, 2.78932810e-01, 3.04165253e+02,
       3.35479706e+02, 2.23184466e-01, 1.16111313e+02, 3.37517792e+02,
       2.52907783e-01, 5.41243958e+02, 2.94376404e+02, 1.61234900e-01,
       3.88407227e+02, 3.64901123e+02, 5.70605844e-02, 0., 0., 0.,
       9.33046814e+02, 3.23780090e+02, 7.62783945e-01, 9.35036255e+02,
       3.49256866e+02, 5.27629018e-01, 9.17460876e+02, 2.76773834e+02,
       8.61298203e-01, 0., 0., 0., 0., 0., 0., 0., 0., 0., 0., 0., 0.,
       0., 0., 0., 0., 0., 0., 9.26002731e+01, 3.39413422e+02,
       1.97994187e-01 ]
