%YAML:1.0
---
pose_0: !!opencv-matrix
   rows: 1
   cols: 25
   dt: "3f"
   data: [ 8.86049622e+02, 4.96174652e+02, 8.50437880e-01,
       7.90013306e+02, 5.25532104e+02, 7.20409036e-01, 7.60706116e+02,
       4.76477112e+02, 6.46721125e-01, 6.41163879e+02, 4.62850372e+02,
       5.61532199e-01, 5.58890259e+02, 4.43183533e+02, 7.41320789e-01,
       8.13561890e+02, 5.84270508e+02, 6.41529739e-01, 7.43009216e+02,
       5.35299744e+02, 6.27277911e-01, 6.48957031e+02, 3.80530487e+02,
       6.42227054e-01, 5.45153076e+02, 5.39270691e+02, 1.31327868e-01,
       5.49042297e+02, 4.94229919e+02, 1.87398478e-01, 4.62861847e+02,
       4.80501984e+02, 5.04157506e-02, 3.68831177e+02, 4.78511444e+02,
       8.28917697e-02, 5.56895996e+02, 5.92159302e+02, 1.06146619e-01,
       3.59016663e+02, 4.92240875e+02, 6.91839308e-02, 0., 0., 0.,
       8.87991638e+02, 4.80460724e+02, 8.51854861e-01, 8.99748840e+02,
       5.09864563e+02, 8.63115847e-01, 8.62528931e+02, 4.72642944e+02,
       6.23320043e-01, 8.85949890e+02, 5.37272217e+02, 6.41225696e-01,
       0., 0., 0., 0., 0., 0., 0., 0., 0., 0., 0., 0., 0., 0., 0., 0.,
       0., 0. ]
