%YAML:1.0
---
pose_0: !!opencv-matrix
   rows: 1
   cols: 25
   dt: "3f"
   data: [ 9.80143433e+02, 2.29706741e+02, 8.28140259e-01,
       8.50739380e+02, 2.55196548e+02, 6.35859191e-01, 8.33094421e+02,
       1.76790237e+02, 5.81265032e-01, 7.76335754e+02, 1.61098038e+02,
       3.29843432e-01, 7.13671448e+02, 1.33784164e+02, 6.28057599e-01,
       8.68463806e+02, 3.37492401e+02, 6.22083962e-01, 7.74350281e+02,
       4.62795685e+02, 8.07171822e-01, 8.37025818e+02, 3.35462799e+02,
       7.80405402e-01, 6.33253601e+02, 2.68895477e+02, 1.61087602e-01,
       6.15678772e+02, 2.59089111e+02, 1.39664501e-01, 5.62762756e+02,
       3.92307251e+02, 8.44760388e-02, 0., 0., 0., 6.50959717e+02,
       3.04171906e+02, 1.02971323e-01, 0., 0., 0., 0., 0., 0.,
       9.80144165e+02, 2.06179062e+02, 8.52418900e-01, 9.95786194e+02,
       2.43402679e+02, 7.53340602e-01, 9.42841675e+02, 1.82673828e+02,
       5.59493303e-01, 9.72244080e+02, 2.72874146e+02, 1.53396115e-01,
       0., 0., 0., 0., 0., 0., 0., 0., 0., 0., 0., 0., 0., 0., 0., 0.,
       0., 0. ]
