%YAML:1.0
---
pose_0: !!opencv-matrix
   rows: 1
   cols: 25
   dt: "3f"
   data: [ 8.99770935e+02, 1.49428055e+02, 8.01824689e-01,
       7.92062134e+02, 1.55242935e+02, 6.43535674e-01, 7.97836548e+02,
       6.90603409e+01, 6.54010415e-01, 6.88177002e+02, 4.39354706e+00,
       5.56551933e-01, 5.90203552e+02, 1.61461449e+01, 5.97179711e-01,
       7.88077087e+02, 2.41409058e+02, 6.53777242e-01, 6.68553955e+02,
       2.74798828e+02, 7.97806442e-01, 5.52992004e+02, 2.90543640e+02,
       8.08625162e-01, 5.39252258e+02, 1.53317352e+02, 2.06817150e-01,
       5.37276672e+02, 1.06279976e+02, 2.32620046e-01, 3.57055084e+02,
       1.20062614e+02, 6.23405389e-02, 3.59043945e+02, 1.14113251e+02,
       3.25342774e-01, 5.52985962e+02, 2.10118057e+02, 2.05225825e-01,
       3.51218384e+02, 1.80758087e+02, 6.20740280e-02, 0., 0., 0.,
       9.13464783e+02, 1.29796173e+02, 8.37900341e-01, 9.15486511e+02,
       1.65115463e+02, 8.51805389e-01, 8.93850525e+02, 1.06333252e+02,
       6.23155296e-01, 9.03633362e+02, 1.90513855e+02, 2.12954700e-01,
       0., 0., 0., 0., 0., 0., 0., 0., 0., 0., 0., 0., 0., 0., 0., 0.,
       0., 0. ]
