%YAML:1.0
---
pose_0: !!opencv-matrix
   rows: 1
   cols: 25
   dt: "3f"
   data: [ 8.84099121e+02, 4.45109711e+02, 8.09496224e-01,
       7.84173889e+02, 4.62901642e+02, 6.50452912e-01, 7.76345398e+02,
       3.96276215e+02, 7.08773077e-01, 7.13569519e+02, 3.31611053e+02,
       7.39268005e-01, 6.82274536e+02, 2.61058411e+02, 8.48381519e-01,
       7.86078613e+02, 5.41229065e+02, 5.48778772e-01, 6.95972229e+02,
       6.15620544e+02, 5.61169505e-01, 8.01799866e+02, 5.94123596e+02,
       6.45024896e-01, 5.70600342e+02, 4.78493774e+02, 2.20946655e-01,
       5.72561462e+02, 4.37408325e+02, 2.83081502e-01, 3.80566223e+02,
       4.19756317e+02, 1.59631670e-01, 1.96386414e+02, 4.02150269e+02,
       1.91964090e-01, 5.54941895e+02, 5.27508911e+02, 1.75407410e-01,
       3.84488678e+02, 5.43167847e+02, 2.94387132e-01, 0., 0., 0.,
       8.91925232e+02, 4.29588379e+02, 8.47796082e-01, 8.97805481e+02,
       4.58923126e+02, 8.08631420e-01, 8.68400879e+02, 4.15942169e+02,
       4.70413208e-01, 8.82117310e+02, 4.90308960e+02, 6.15377963e-01,
       0., 0., 0., 0., 0., 0., 0., 0., 0., 0., 0., 0., 0., 0., 0., 0.,
       0., 0. ]
