%YAML:1.0
---
pose_0: !!opencv-matrix
   rows: 1
   cols: 25
   dt: "3f"
   data: [ 9.62367126e+02, 1.80820938e+02, 6.81367218e-01,
       8.48788940e+02, 2.10089279e+02, 5.60991824e-01, 8.27279114e+02,
       1.08261208e+02, 5.65153956e-01, 6.97929443e+02, 8.08495331e+01,
       3.24505627e-01, 6.35274292e+02, 8.86516037e+01, 3.68152887e-01,
       8.50779297e+02, 3.02220184e+02, 5.86369812e-01, 7.31311584e+02,
       3.51171356e+02, 7.00377762e-01, 6.01961914e+02, 3.92320313e+02,
       7.46320188e-01, 6.17612915e+02, 2.39500092e+02, 7.43669122e-02,
       5.92168457e+02, 1.51361023e+02, 9.71393734e-02, 0., 0., 0., 0.,
       0., 0., 6.46985474e+02, 2.68895996e+02, 7.94295445e-02, 0., 0.,
       0., 0., 0., 0., 9.78185242e+02, 1.66999420e+02, 8.64387870e-01,
       9.82087463e+02, 2.12031296e+02, 6.92700148e-01, 9.48672302e+02,
       1.33778320e+02, 3.76578063e-01, 9.66399475e+02, 2.39446869e+02,
       2.23154843e-01, 0., 0., 0., 0., 0., 0., 0., 0., 0., 0., 0., 0.,
       0., 0., 0., 0., 0., 0. ]
