%YAML:1.0
---
pose_0: !!opencv-matrix
   rows: 1
   cols: 25
   dt: "3f"
   data: [ 9.03692810e+02, 3.90365906e+02, 7.40282893e-01,
       7.93943604e+02, 4.02105194e+02, 6.82895958e-01, 7.80244324e+02,
       3.25712463e+02, 6.94611728e-01, 6.54861023e+02, 2.88535706e+02,
       5.91232717e-01, 6.94056519e+02, 2.90425140e+02, 4.00966287e-01,
       8.07686462e+02, 4.76622650e+02, 6.04944408e-01, 6.76406311e+02,
       5.54975403e+02, 7.85540879e-01, 7.76397461e+02, 5.02012970e+02,
       7.71895111e-01, 5.35345398e+02, 4.33485657e+02, 3.08328718e-01,
       5.39282104e+02, 3.86429047e+02, 4.49172348e-01, 3.51175446e+02,
       3.66789215e+02, 3.30702245e-01, 1.61143707e+02, 3.35459869e+02,
       3.58653665e-01, 5.31439026e+02, 4.78567719e+02, 3.49790812e-01,
       3.74715820e+02, 5.00075928e+02, 3.56282920e-01, 1.61134445e+02,
       5.25583862e+02, 3.15187573e-01, 9.15409790e+02, 3.70752045e+02,
       8.84230673e-01, 9.19321289e+02, 4.06003845e+02, 7.76079476e-01,
       8.86067627e+02, 3.51162994e+02, 7.46247530e-01, 9.13415039e+02,
       4.29439178e+02, 5.37468195e-01, 1.02425117e+02, 5.70601990e+02,
       1.53541028e-01, 1.08264847e+02, 5.70637146e+02, 1.54839724e-01,
       1.33705231e+02, 5.09883575e+02, 1.62024662e-01, 1.43496628e+02,
       3.33545990e+02, 8.31106603e-02, 1.39580551e+02, 3.27674408e+02,
       9.35236290e-02, 1.49366806e+02, 3.33549622e+02, 3.03355277e-01 ]
