%YAML:1.0
---
pose_0: !!opencv-matrix
   rows: 1
   cols: 25
   dt: "3f"
   data: [ 9.89808899e+02, 2.61132385e+02, 7.66772926e-01,
       8.52729187e+02, 2.88516479e+02, 6.41719699e-01, 8.27256226e+02,
       2.08138748e+02, 5.86941540e-01, 7.09683472e+02, 1.92485931e+02,
       6.01950586e-01, 5.84252563e+02, 1.80850601e+02, 7.91296542e-01,
       8.76230957e+02, 3.80525665e+02, 6.12841725e-01, 7.62584717e+02,
       4.45237030e+02, 7.85208166e-01, 7.25338135e+02, 3.35548187e+02,
       7.40253687e-01, 5.52982788e+02, 3.31602020e+02, 8.67903084e-02,
       5.64719910e+02, 2.76750244e+02, 7.67114013e-02, 5.37270264e+02,
       2.23828979e+02, 1.91308573e-01, 3.35498505e+02, 2.82593658e+02,
       6.47720844e-02, 5.41218994e+02, 3.94274872e+02, 7.43065998e-02,
       0., 0., 0., 0., 0., 0., 9.93697876e+02, 2.41474747e+02,
       8.98537874e-01, 1.00553156e+03, 2.76788452e+02, 8.13055992e-01,
       9.50734985e+02, 2.15990311e+02, 4.43211138e-01, 9.82019592e+02,
       3.13987946e+02, 3.04939985e-01, 0., 0., 0., 0., 0., 0., 0., 0.,
       0., 0., 0., 0., 0., 0., 0., 0., 0., 0. ]
