%YAML:1.0
---
pose_0: !!opencv-matrix
   rows: 1
   cols: 25
   dt: "3f"
   data: [ 9.29133179e+02, 1.80790771e+02, 8.29416931e-01,
       8.05762024e+02, 1.82724075e+02, 6.58370972e-01, 8.05627380e+02,
       9.84356918e+01, 6.70697927e-01, 6.66641907e+02, 7.09926605e+01,
       6.70622110e-01, 5.52986145e+02, 8.27327042e+01, 7.37582743e-01,
       8.07661438e+02, 2.72805267e+02, 6.84221148e-01, 6.94002747e+02,
       3.06159271e+02, 7.53179848e-01, 5.64730347e+02, 3.19757202e+02,
       7.71834850e-01, 5.45144470e+02, 1.98390976e+02, 1.19447351e-01,
       5.41223694e+02, 1.49362213e+02, 1.68687239e-01, 0., 0., 0., 0.,
       0., 0., 5.56876404e+02, 2.55178482e+02, 1.03523239e-01, 0., 0.,
       0., 0., 0., 0., 9.35058533e+02, 1.59177368e+02, 8.30855250e-01,
       9.44741089e+02, 1.96336334e+02, 8.48352075e-01, 9.13466187e+02,
       1.35678299e+02, 5.84959507e-01, 9.31041626e+02, 2.12052841e+02,
       1.58438668e-01, 0., 0., 0., 0., 0., 0., 0., 0., 0., 0., 0., 0.,
       0., 0., 0., 0., 0., 0. ]
