%YAML:1.0
---
pose_0: !!opencv-matrix
   rows: 1
   cols: 25
   dt: "3f"
   data: [ 9.27121094e+02, 2.72724884e+02, 7.48811543e-01,
       8.07743164e+02, 2.86498749e+02, 6.29879177e-01, 7.97873169e+02,
       2.08135468e+02, 6.47757947e-01, 6.70519226e+02, 1.80664948e+02,
       7.15550661e-01, 6.01893311e+02, 1.74843887e+02, 8.00206542e-01,
       8.21356079e+02, 3.70760223e+02, 6.26420736e-01, 7.03816772e+02,
       4.21727753e+02, 6.88366175e-01, 5.70545166e+02, 4.74538116e+02,
       7.90464640e-01, 5.66686035e+02, 3.02214172e+02, 1.21088937e-01,
       5.68628906e+02, 2.57170380e+02, 1.72240019e-01, 4.00160187e+02,
       2.59093597e+02, 6.57752976e-02, 3.10082764e+02, 2.88449799e+02,
       1.79897666e-01, 5.58847229e+02, 3.72740509e+02, 9.13131014e-02,
       3.66816772e+02, 3.80573120e+02, 1.75669566e-01, 0., 0., 0.,
       9.32987915e+02, 2.49312790e+02, 8.72505665e-01, 9.40911865e+02,
       2.88385315e+02, 8.19548011e-01, 9.11515625e+02, 2.27794708e+02,
       6.32060230e-01, 9.27162964e+02, 3.06232666e+02, 2.34162793e-01,
       0., 0., 0., 0., 0., 0., 0., 0., 0., 0., 0., 0., 0., 0., 0.,
       3.11991821e+02, 2.88527863e+02, 1.27757668e-01 ]
