%YAML:1.0
---
pose_0: !!opencv-matrix
   rows: 1
   cols: 25
   dt: "3f"
   data: [ 1.05449573e+03, 3.57087341e+02, 7.51053095e-01,
       9.33061523e+02, 3.29625000e+02, 4.71035242e-01, 9.44752075e+02,
       2.31686081e+02, 4.67822462e-01, 7.78268005e+02, 1.53355011e+02,
       4.89227176e-01, 6.15682556e+02, 1.02452080e+02, 8.12078357e-01,
       9.01681396e+02, 4.23640442e+02, 4.14132029e-01, 7.44930786e+02,
       5.07894196e+02, 5.08265734e-01, 6.17625854e+02, 6.15618835e+02,
       3.66034478e-01, 0., 0., 0., 0., 0., 0., 0., 0., 0., 0., 0., 0.,
       0., 0., 0., 0., 0., 0., 0., 0., 0., 1.07607458e+03,
       3.29654938e+02, 7.77284622e-01, 1.07411536e+03, 3.82429504e+02,
       7.90694416e-01, 1.06820874e+03, 2.88557770e+02, 6.33551359e-01,
       0., 0., 0., 0., 0., 0., 0., 0., 0., 0., 0., 0., 0., 0., 0., 0.,
       0., 0., 0., 0., 0. ]
