%YAML:1.0
---
pose_0: !!opencv-matrix
   rows: 1
   cols: 25
   dt: "3f"
   data: [ 9.46746643e+02, 3.66935822e+02, 8.33585382e-01,
       8.52745605e+02, 3.04141174e+02, 4.12425280e-01, 8.58610168e+02,
       2.86503143e+02, 6.06007636e-01, 7.62583557e+02, 2.37556412e+02,
       7.60925770e-01, 6.64566223e+02, 3.76646942e+02, 7.58605540e-01,
       8.56655212e+02, 3.23761658e+02, 1.75065801e-01, 0., 0., 0., 0.,
       0., 0., 5.90192871e+02, 2.96330994e+02, 5.46492934e-02, 0., 0.,
       0., 0., 0., 0., 0., 0., 0., 0., 0., 0., 0., 0., 0., 0., 0., 0.,
       9.58544189e+02, 3.45276855e+02, 7.58386552e-01, 9.56540894e+02,
       3.68863922e+02, 2.31102601e-01, 9.32964478e+02, 3.04122772e+02,
       9.07686114e-01, 0., 0., 0., 0., 0., 0., 0., 0., 0., 0., 0., 0.,
       0., 0., 0., 0., 0., 0., 0., 0., 0. ]
