%YAML:1.0
---
pose_0: !!opencv-matrix
   rows: 2
   cols: 25
   dt: "3f"
   data: [ 9.01777283e+02, 2.39464905e+02, 7.80960619e-01,
       8.52733459e+02, 3.06180328e+02, 5.83352268e-01, 8.35099854e+02,
       2.90500488e+02, 2.67475754e-01, 0., 0., 0., 0., 0., 0.,
       8.68371521e+02, 3.19876221e+02, 6.10226989e-01, 7.78260681e+02,
       2.90502594e+02, 5.58406472e-01, 7.90041809e+02, 2.04271317e+02,
       6.82702422e-01, 0., 0., 0., 0., 0., 0., 0., 0., 0., 0., 0., 0.,
       0., 0., 0., 0., 0., 0., 0., 0., 0., 9.17321960e+02,
       2.33645859e+02, 2.64614254e-01, 9.29091187e+02, 2.45366028e+02,
       8.67856443e-01, 0., 0., 0., 9.23290039e+02, 3.04195709e+02,
       8.25703382e-01, 0., 0., 0., 0., 0., 0., 0., 0., 0., 0., 0., 0.,
       0., 0., 0., 0., 0., 0., 0., 0., 0., 0., 0., 0., 0., 0., 0., 0.,
       0., 0., 0., 0., 0., 0., 0., 0., 0., 0., 0., 0., 0., 0.,
       5.33388977e+02, 3.49228088e+02, 1.83279783e-01, 5.49055908e+02,
       3.12026398e+02, 1.94281697e-01, 3.27672607e+02, 3.21773926e+02,
       2.54458368e-01, 1.65036865e+02, 3.84514343e+02, 1.80275485e-01,
       5.21609985e+02, 3.70780243e+02, 1.90205261e-01, 3.17871185e+02,
       3.25747803e+02, 1.73044577e-01, 8.66808548e+01, 4.15856323e+02,
       2.16531843e-01, 0., 0., 0., 0., 0., 0., 0., 0., 0., 0., 0., 0.,
       4.36054001e+01, 4.33488922e+02, 1.25566632e-01, 5.34114914e+01,
       4.45233643e+02, 1.69719011e-01, 5.73525810e+01, 4.27570801e+02,
       1.43791527e-01, 0., 0., 0., 0., 0., 0., 0., 0., 0. ]
