%YAML:1.0
---
pose_0: !!opencv-matrix
   rows: 1
   cols: 25
   dt: "3f"
   data: [ 8.85989990e+02, 4.62925629e+02, 8.85991037e-01,
       7.78295105e+02, 4.60848175e+02, 6.74495876e-01, 7.76285034e+02,
       3.84464233e+02, 6.40663981e-01, 6.72498718e+02, 3.25697906e+02,
       5.53817213e-01, 6.64576416e+02, 3.88403229e+02, 6.10395968e-01,
       7.89985596e+02, 5.39250427e+02, 6.26322508e-01, 7.05768311e+02,
       6.05866882e+02, 7.27715075e-01, 7.62660339e+02, 4.88334930e+02,
       7.67935812e-01, 5.19648621e+02, 5.05973816e+02, 2.39049435e-01,
       5.09861755e+02, 4.60887787e+02, 2.02246293e-01, 3.53180237e+02,
       4.60962463e+02, 4.02413458e-01, 1.51343353e+02, 5.07846771e+02,
       4.50500518e-01, 5.25543152e+02, 5.41264404e+02, 3.10823858e-01,
       3.72729126e+02, 5.41241211e+02, 2.17450008e-01, 3.41379364e+02,
       5.35308289e+02, 6.20368049e-02, 8.95775879e+02, 4.43235748e+02,
       8.09572458e-01, 9.01715576e+02, 4.74600067e+02, 8.53310168e-01,
       8.64478088e+02, 4.13937042e+02, 7.16226280e-01, 8.82085754e+02,
       4.86342468e+02, 8.56068432e-02, 0., 0., 0., 0., 0., 0., 0., 0.,
       0., 1.12177673e+02, 4.68727997e+02, 1.78189561e-01,
       1.16086517e+02, 4.66811920e+02, 1.54764324e-01, 1.33706299e+02,
       5.11858612e+02, 3.51999998e-01 ]
