%YAML:1.0
---
pose_0: !!opencv-matrix
   rows: 1
   cols: 25
   dt: "3f"
   data: [ 1.05848767e+03, 2.41378983e+02, 7.98710108e-01,
       9.17439758e+02, 2.64992035e+02, 4.77823287e-01, 9.01732361e+02,
       1.72899582e+02, 4.67475295e-01, 7.58709412e+02, 1.31717880e+02,
       6.00114346e-01, 6.15668030e+02, 1.12190117e+02, 7.34941602e-01,
       9.42837585e+02, 3.62931610e+02, 5.50860524e-01, 7.92074036e+02,
       4.29603302e+02, 7.50693917e-01, 7.42928894e+02, 2.78703094e+02,
       6.84860587e-01, 6.09783386e+02, 3.80575531e+02, 5.79854026e-02,
       5.72568237e+02, 3.15925049e+02, 6.36989847e-02, 0., 0., 0., 0.,
       0., 0., 6.45062744e+02, 4.23676178e+02, 5.25046736e-02, 0., 0.,
       0., 0., 0., 0., 1.07403882e+03, 2.12103531e+02, 8.75831127e-01,
       1.07611902e+03, 2.61050964e+02, 7.73880363e-01, 1.03878577e+03,
       1.70943573e+02, 3.57026130e-01, 1.06428455e+03, 2.96352325e+02,
       1.95182234e-01, 0., 0., 0., 0., 0., 0., 0., 0., 0., 0., 0., 0.,
       0., 0., 0., 0., 0., 0. ]
