%YAML:1.0
---
pose_0: !!opencv-matrix
   rows: 1
   cols: 25
   dt: "3f"
   data: [ 8.93880249e+02, 3.66895416e+02, 7.86321759e-01,
       8.01784851e+02, 4.15850525e+02, 4.97759223e-01, 7.66530212e+02,
       3.80572083e+02, 2.86499262e-01, 0., 0., 0., 0., 0., 0.,
       8.29225281e+02, 4.55026093e+02, 3.98507446e-01, 8.23266785e+02,
       5.23561462e+02, 7.98122883e-01, 8.23344360e+02, 3.94319214e+02,
       8.13707292e-01, 5.43174561e+02, 4.58943970e+02, 1.59825087e-01,
       5.49069214e+02, 4.29527008e+02, 2.51198411e-01, 3.41405884e+02,
       5.17704590e+02, 2.97455907e-01, 2.10081604e+02, 6.19666382e+02,
       4.23081070e-01, 5.58852234e+02, 5.09866547e+02, 7.85036758e-02,
       3.43355286e+02, 5.23539490e+02, 8.26693997e-02, 2.02304352e+02,
       6.25462402e+02, 5.86235970e-02, 9.01657471e+02, 3.53176880e+02,
       9.06156361e-01, 9.09558960e+02, 3.84411957e+02, 8.34753990e-01,
       8.85961792e+02, 3.45307983e+02, 2.12505043e-01, 8.89970093e+02,
       4.15821930e+02, 6.19783223e-01, 0., 0., 0., 0., 0., 0., 0., 0.,
       0., 1.80741608e+02, 5.99972473e+02, 6.60635158e-02,
       1.78754181e+02, 5.98056885e+02, 5.54996431e-02, 2.02275803e+02,
       6.33342102e+02, 2.64218986e-01 ]
