%YAML:1.0
---
pose_0: !!opencv-matrix
   rows: 1
   cols: 25
   dt: "3f"
   data: [ 9.50680786e+02, 1.94511032e+02, 6.80480242e-01,
       8.29232605e+02, 2.08194839e+02, 5.60634196e-01, 8.27264343e+02,
       1.19994934e+02, 6.69989645e-01, 6.84233887e+02, 6.90393677e+01,
       7.75022984e-01, 5.86219360e+02, 7.11090546e+01, 8.20415676e-01,
       8.37106873e+02, 3.04204102e+02, 6.26431465e-01, 7.09673889e+02,
       3.66766632e+02, 7.74363875e-01, 5.88296692e+02, 3.37553314e+02,
       7.91222036e-01, 5.54937500e+02, 2.35577072e+02, 2.11223722e-01,
       5.51004089e+02, 1.88561584e+02, 3.24751854e-01, 3.27662415e+02,
       2.10084183e+02, 3.29760939e-01, 1.67006104e+02, 2.19925613e+02,
       2.32198283e-01, 5.56888977e+02, 2.82621368e+02, 1.92092061e-01,
       3.64911438e+02, 3.00249786e+02, 1.75374970e-01, 1.86622513e+02,
       3.06149506e+02, 1.42814860e-01, 9.68352905e+02, 1.78863922e+02,
       7.67923594e-01, 9.62473511e+02, 2.19923416e+02, 6.82463527e-01,
       9.50666077e+02, 1.51349991e+02, 5.45829058e-01, 9.42819702e+02,
       2.43402634e+02, 4.54903394e-01, 1.47411758e+02, 2.86546783e+02,
       6.12900108e-02, 1.47432556e+02, 2.92463074e+02, 6.44097105e-02,
       0., 0., 0., 1.35689651e+02, 2.27773834e+02, 1.23310931e-01,
       1.35681061e+02, 2.17960434e+02, 1.35490298e-01, 0., 0., 0. ]
