%YAML:1.0
---
pose_0: !!opencv-matrix
   rows: 1
   cols: 25
   dt: "3f"
   data: [ 8.95833374e+02, 4.74555267e+02, 7.64144897e-01,
       7.93959534e+02, 4.94220917e+02, 6.90106750e-01, 7.70409851e+02,
       4.45238342e+02, 6.52495861e-01, 6.82280518e+02, 4.47209351e+02,
       1.96106598e-01, 6.31318848e+02, 3.84465820e+02, 1.20268248e-01,
       8.21294739e+02, 5.54937561e+02, 6.51691079e-01, 7.25394775e+02,
       5.33364075e+02, 6.18490160e-01, 6.39203796e+02, 4.00141022e+02,
       4.16222036e-01, 5.68651672e+02, 5.37308777e+02, 2.04146549e-01,
       5.68628601e+02, 4.94164063e+02, 3.50657225e-01, 3.64905640e+02,
       4.49151794e+02, 5.88084996e-01, 2.08128799e+02, 5.41207764e+02,
       5.48065126e-01, 5.72576538e+02, 5.88241272e+02, 1.96693778e-01,
       4.21718475e+02, 5.84325928e+02, 5.67617491e-02, 0., 0., 0.,
       9.01624390e+02, 4.55038696e+02, 9.05056000e-01, 9.09558289e+02,
       4.88292755e+02, 8.03435206e-01, 8.74276306e+02, 4.43240448e+02,
       5.15711308e-01, 8.91933472e+02, 5.09953522e+02, 4.91637439e-01,
       0., 0., 0., 0., 0., 0., 0., 0., 0., 1.61168854e+02,
       5.19677917e+02, 3.35708261e-01, 1.63148422e+02, 5.19664490e+02,
       3.23010981e-01, 1.98363190e+02, 5.62769836e+02, 4.13399756e-01 ]
