%YAML:1.0
---
pose_0: !!opencv-matrix
   rows: 1
   cols: 25
   dt: "3f"
   data: [ 8.76221191e+02, 4.47210480e+02, 7.77393281e-01,
       7.88048462e+02, 4.78564178e+02, 6.77919686e-01, 7.78281372e+02,
       4.13867676e+02, 7.34584212e-01, 7.44979858e+02, 3.33574799e+02,
       7.87412882e-01, 7.42987000e+02, 2.63024658e+02, 8.17548752e-01,
       7.89945068e+02, 5.49077454e+02, 6.04602098e-01, 8.01782043e+02,
       6.51024719e+02, 7.82954872e-01, 8.54698792e+02, 5.72577759e+02,
       8.11313450e-01, 5.56883240e+02, 4.94177948e+02, 2.37934008e-01,
       5.58842773e+02, 4.47232666e+02, 3.22144926e-01, 3.96221252e+02,
       4.49149353e+02, 1.42291248e-01, 0., 0., 0., 5.47083313e+02,
       5.37287720e+02, 2.33094111e-01, 3.92312408e+02, 5.51034363e+02,
       3.38235527e-01, 0., 0., 0., 8.86003784e+02, 4.41284698e+02,
       8.20386350e-01, 8.89982788e+02, 4.66741180e+02, 7.78938890e-01,
       8.74265930e+02, 4.33490143e+02, 1.14019699e-01, 8.72286377e+02,
       4.98109436e+02, 6.86311722e-01, 0., 0., 0., 0., 0., 0., 0., 0.,
       0., 0., 0., 0., 0., 0., 0., 0., 0., 0. ]
