%YAML:1.0
---
pose_0: !!opencv-matrix
   rows: 1
   cols: 25
   dt: "3f"
   data: [ 8.80109009e+02, 2.59062836e+02, 8.19575429e-01,
       8.25302673e+02, 3.08131378e+02, 4.94608730e-01, 8.37000916e+02,
       3.19864960e+02, 3.67832035e-01, 7.27385864e+02, 3.00234436e+02,
       1.07131250e-01, 7.93969666e+02, 1.98343521e+02, 6.71496168e-02,
       8.29196167e+02, 3.06134277e+02, 5.50245345e-01, 7.27377319e+02,
       2.78733826e+02, 6.10409319e-01, 7.93933655e+02, 1.98387802e+02,
       7.67092347e-01, 5.82347412e+02, 3.33518524e+02, 2.01680124e-01,
       5.76471863e+02, 2.96333130e+02, 1.74558908e-01, 3.53175018e+02,
       3.04159943e+02, 1.30366400e-01, 2.57119904e+02, 3.84451355e+02,
       8.83805528e-02, 5.64733521e+02, 3.64870392e+02, 1.82087168e-01,
       3.37465881e+02, 3.08099396e+02, 3.46657395e-01, 1.25902077e+02,
       3.80519623e+02, 3.82362247e-01, 8.86008423e+02, 2.49332550e+02,
       7.90138900e-01, 8.99673950e+02, 2.72888580e+02, 9.03687358e-01,
       0., 0., 0., 8.89955322e+02, 3.21720184e+02, 8.30971837e-01,
       8.47343216e+01, 4.02148529e+02, 2.13278860e-01, 9.25970688e+01,
       4.07981049e+02, 2.49888569e-01, 1.02424095e+02, 3.84475586e+02,
       2.82159805e-01, 0., 0., 0., 0., 0., 0., 0., 0., 0. ]
