%YAML:1.0
---
pose_0: !!opencv-matrix
   rows: 1
   cols: 25
   dt: "3f"
   data: [ 9.19323242e+02, 2.12082092e+02, 8.07067752e-01,
       8.09607849e+02, 2.33619125e+02, 6.89190924e-01, 7.95907288e+02,
       1.57235138e+02, 6.26354694e-01, 6.66579651e+02, 1.27847633e+02,
       6.81809604e-01, 5.70617737e+02, 1.02395958e+02, 8.25690210e-01,
       8.23365540e+02, 3.12005280e+02, 6.52581215e-01, 7.60671936e+02,
       4.02104218e+02, 6.80894256e-01, 7.13726013e+02, 5.02041138e+02,
       6.79410458e-01, 5.88262024e+02, 2.90497894e+02, 3.01748216e-01,
       5.74530396e+02, 2.45371994e+02, 3.73960108e-01, 4.70707336e+02,
       2.35610764e+02, 1.24283157e-01, 3.29652344e+02, 2.43433365e+02,
       3.51323396e-01, 6.03920593e+02, 3.35517426e+02, 3.54579628e-01,
       3.72734375e+02, 3.66796478e+02, 1.92319214e-01, 2.06208817e+02,
       4.23667694e+02, 1.63429111e-01, 9.31006104e+02, 1.94529663e+02,
       8.92454386e-01, 9.34991150e+02, 2.27818329e+02, 8.32791328e-01,
       9.01738831e+02, 1.76834229e+02, 5.40682316e-01, 9.17351746e+02,
       2.57158020e+02, 4.49967593e-01, 1.78750534e+02, 3.86512756e+02,
       7.64716566e-02, 1.74867630e+02, 4.00206909e+02, 8.03446919e-02,
       1.92476196e+02, 4.31505524e+02, 1.10744812e-01, 3.21815277e+02,
       2.61066223e+02, 5.05506061e-02, 0., 0., 0., 3.21823181e+02,
       2.51282593e+02, 2.69204140e-01 ]
