%YAML:1.0
---
pose_0: !!opencv-matrix
   rows: 1
   cols: 25
   dt: "3f"
   data: [ 8.74236084e+02, 3.55164490e+02, 7.60465503e-01,
       7.80217773e+02, 3.17887024e+02, 3.76271844e-01, 7.90017822e+02,
       2.76719604e+02, 6.28635526e-01, 6.70512817e+02, 2.70849213e+02,
       7.13368058e-01, 6.01898499e+02, 4.13895142e+02, 3.38236213e-01,
       7.62590759e+02, 3.51154755e+02, 1.34531870e-01, 0., 0., 0., 0.,
       0., 0., 0., 0., 0., 0., 0., 0., 0., 0., 0., 0., 0., 0., 0., 0.,
       0., 0., 0., 0., 0., 0., 0., 8.97710022e+02, 3.33500854e+02,
       6.95065260e-01, 8.95795715e+02, 3.66834320e+02, 7.92191267e-01,
       8.70302002e+02, 2.90492401e+02, 8.47321987e-01, 0., 0., 0., 0.,
       0., 0., 0., 0., 0., 0., 0., 0., 0., 0., 0., 0., 0., 0., 0., 0.,
       0. ]
