%YAML:1.0
---
pose_0: !!opencv-matrix
   rows: 1
   cols: 25
   dt: "3f"
   data: [ 8.99724792e+02, 2.45449982e+02, 8.30617905e-01,
       8.37038330e+02, 2.29695190e+02, 3.11006933e-01, 8.29207642e+02,
       1.67044769e+02, 4.43928212e-01, 8.37089966e+02, 2.25767181e+02,
       2.33330071e-01, 0., 0., 0., 8.50693665e+02, 2.86531708e+02,
       1.87653586e-01, 8.37053955e+02, 3.98206909e+02, 6.70743212e-02,
       0., 0., 0., 6.45045532e+02, 2.27761276e+02, 5.06690927e-02,
       6.41130310e+02, 2.27760345e+02, 5.91224581e-02, 5.84336609e+02,
       3.47252167e+02, 8.71787593e-02, 5.41224060e+02, 3.72718079e+02,
       1.27702698e-01, 0., 0., 0., 0., 0., 0., 0., 0., 0.,
       9.09545349e+02, 2.27717331e+02, 8.44561338e-01, 9.15327698e+02,
       2.59083282e+02, 7.83149719e-01, 8.89930298e+02, 1.98346207e+02,
       5.82439542e-01, 9.01743347e+02, 2.74897430e+02, 7.13817552e-02,
       0., 0., 0., 0., 0., 0., 0., 0., 0., 0., 0., 0., 0., 0., 0.,
       5.37283936e+02, 3.76623901e+02, 6.59316033e-02 ]
