%YAML:1.0
---
pose_0: !!opencv-matrix
   rows: 1
   cols: 25
   dt: "3f"
   data: [ 8.99780334e+02, 1.45421371e+02, 8.01607966e-01,
       7.92039490e+02, 1.33797516e+02, 6.37199700e-01, 7.93990784e+02,
       5.34337502e+01, 7.03751087e-01, 7.29297729e+02, 5.33927250e+00,
       3.78946900e-01, 6.56836609e+02, 2.20812626e+01, 7.40467429e-01,
       7.88030151e+02, 2.23871429e+02, 5.60600281e-01, 6.58741333e+02,
       2.57220764e+02, 7.77637839e-01, 5.52902222e+02, 2.74888580e+02,
       7.63100505e-01, 5.49050171e+02, 1.68983429e+02, 9.18390304e-02,
       5.19665955e+02, 1.39600143e+02, 5.63718490e-02, 0., 0., 0., 0.,
       0., 0., 5.58848389e+02, 2.02298737e+02, 9.67870951e-02, 0., 0.,
       0., 0., 0., 0., 9.09558594e+02, 1.20081154e+02, 7.75472343e-01,
       9.13442505e+02, 1.63011414e+02, 7.52874553e-01, 8.86050598e+02,
       9.64838943e+01, 2.68489897e-01, 8.99709961e+02, 1.80860199e+02,
       2.16497883e-01, 0., 0., 0., 0., 0., 0., 0., 0., 0., 0., 0., 0.,
       0., 0., 0., 0., 0., 0. ]
