%YAML:1.0
---
pose_0: !!opencv-matrix
   rows: 1
   cols: 25
   dt: "3f"
   data: [ 8.95806213e+02, 3.51240204e+02, 7.87034631e-01,
       8.25317566e+02, 2.70863953e+02, 3.48507971e-01, 8.35091858e+02,
       2.57078247e+02, 6.61623955e-01, 7.29242554e+02, 2.31706787e+02,
       7.87061989e-01, 6.80318665e+02, 3.80521881e+02, 6.96253777e-01,
       8.35093140e+02, 2.72815521e+02, 1.57007426e-01, 0., 0., 0., 0.,
       0., 0., 5.27499207e+02, 2.61049591e+02, 1.90639928e-01,
       5.25555969e+02, 2.35606476e+02, 2.03512013e-01, 3.15928528e+02,
       3.29612793e+02, 2.72090226e-01, 1.25873199e+02, 2.57171295e+02,
       1.65851265e-01, 5.25557190e+02, 2.90464386e+02, 1.28469840e-01,
       4.19749451e+02, 3.45298706e+02, 8.56306478e-02, 0., 0., 0.,
       9.15350464e+02, 3.35515259e+02, 8.28832269e-01, 0., 0., 0.,
       9.03650513e+02, 2.88425415e+02, 8.66418004e-01, 0., 0., 0., 0.,
       0., 0., 0., 0., 0., 0., 0., 0., 8.47079926e+01, 2.63024811e+02,
       5.24318330e-02, 0., 0., 0., 0., 0., 0. ]
