%YAML:1.0
---
pose_0: !!opencv-matrix
   rows: 2
   cols: 25
   dt: "3f"
   data: [ 9.42856262e+02, 3.55158447e+02, 7.12036848e-01,
       8.82078064e+02, 2.74785980e+02, 3.29177618e-01, 8.87954468e+02,
       2.70856384e+02, 7.01375246e-01, 7.86116455e+02, 3.25708221e+02,
       7.24897981e-01, 8.38938232e+02, 4.45227264e+02, 8.53815198e-01,
       0., 0., 0., 0., 0., 0., 0., 0., 0., 5.49054749e+02,
       2.84564575e+02, 1.66957051e-01, 5.52967957e+02, 2.80663147e+02,
       1.17721774e-01, 3.00249481e+02, 3.35465607e+02, 2.79705048e-01,
       1.02355240e+02, 3.02157288e+02, 1.47113070e-01, 5.43175659e+02,
       2.86527740e+02, 1.48993492e-01, 3.04155273e+02, 3.29634338e+02,
       1.85501903e-01, 1.04331177e+02, 2.98298004e+02, 2.20975518e-01,
       9.60467346e+02, 3.41378754e+02, 7.75947809e-01, 0., 0., 0.,
       9.50731873e+02, 2.90499451e+02, 8.56092453e-01, 0., 0., 0., 0.,
       0., 0., 0., 0., 0., 8.47697144e+01, 3.08075226e+02,
       1.37180179e-01, 5.13850822e+01, 2.82597870e+02, 6.90689310e-02,
       5.14191399e+01, 2.82597595e+02, 5.47969192e-02, 0., 0., 0., 0.,
       0., 0., 0., 0., 0., 0., 0., 0., 0., 0., 0., 0., 0., 0.,
       8.70389465e+02, 2.57121460e+02, 1.39306068e-01, 6.97975342e+02,
       3.62905823e+02, 6.71412289e-01, 7.76354431e+02, 4.45223816e+02,
       8.40912223e-01, 0., 0., 0., 0., 0., 0., 0., 0., 0., 0., 0., 0.,
       0., 0., 0., 0., 0., 0., 0., 0., 0., 0., 0., 0., 0., 0., 0., 0.,
       0., 0., 0., 0., 0., 0., 0., 0., 0., 0., 0., 0., 0., 0., 0., 0.,
       0., 0., 0., 0., 0., 0., 0. ]
