%YAML:1.0
---
pose_0: !!opencv-matrix
   rows: 1
   cols: 25
   dt: "3f"
   data: [ 8.97775085e+02, 1.78749893e+02, 8.28539312e-01,
       8.01756042e+02, 1.65085526e+02, 6.48023427e-01, 8.09680542e+02,
       8.67172623e+01, 6.90483391e-01, 6.86192932e+02, 5.54417610e+01,
       7.57514834e-01, 6.21599670e+02, 1.74845551e+02, 6.44370735e-01,
       7.76342407e+02, 2.39525909e+02, 5.15502930e-01, 6.95985229e+02,
       2.72782471e+02, 1.72506616e-01, 5.56894897e+02, 2.72885803e+02,
       1.76427007e-01, 6.33274170e+02, 2.14050140e+02, 1.19615920e-01,
       6.05865845e+02, 1.90529953e+02, 1.43338144e-01, 0., 0., 0., 0.,
       0., 0., 6.48958252e+02, 2.49302765e+02, 8.15036818e-02, 0., 0.,
       0., 0., 0., 0., 9.07587219e+02, 1.49431610e+02, 8.30480278e-01,
       9.13456238e+02, 1.92429367e+02, 7.94011891e-01, 8.86021301e+02,
       1.25874481e+02, 6.13757789e-01, 9.15316772e+02, 2.08089417e+02,
       5.08628264e-02, 0., 0., 0., 0., 0., 0., 0., 0., 0., 0., 0., 0.,
       0., 0., 0., 0., 0., 0. ]
