%YAML:1.0
---
pose_0: !!opencv-matrix
   rows: 1
   cols: 25
   dt: "3f"
   data: [ 1.00360315e+03, 2.57173340e+02, 7.86012471e-01,
       8.89935730e+02, 2.88510315e+02, 5.90336323e-01, 8.66398743e+02,
       2.10113297e+02, 4.46947902e-01, 8.15488403e+02, 1.76785263e+02,
       2.34800920e-01, 7.15635315e+02, 1.61152893e+02, 6.37253404e-01,
       9.15444275e+02, 3.66846222e+02, 6.04092002e-01, 7.94001160e+02,
       4.76598419e+02, 7.36960292e-01, 8.25263245e+02, 3.74664093e+02,
       6.86260641e-01, 5.68642578e+02, 3.37463379e+02, 6.77814409e-02,
       0., 0., 0., 0., 0., 0., 0., 0., 0., 5.72567993e+02,
       3.72743866e+02, 7.25966245e-02, 0., 0., 0., 0., 0., 0.,
       9.76141357e+02, 2.45397537e+02, 6.87043309e-01, 1.01535004e+03,
       2.37506104e+02, 7.75493026e-01, 9.31127502e+02, 2.45392197e+02,
       6.37903064e-02, 1.05255652e+03, 2.47359940e+02, 2.51565486e-01,
       0., 0., 0., 0., 0., 0., 0., 0., 0., 0., 0., 0., 0., 0., 0., 0.,
       0., 0. ]
