%YAML:1.0
---
pose_0: !!opencv-matrix
   rows: 1
   cols: 25
   dt: "3f"
   data: [ 8.97760864e+02, 3.98232391e+02, 7.54564524e-01,
       7.91937805e+02, 4.06038025e+02, 6.92958295e-01, 7.88060425e+02,
       3.35472046e+02, 7.29811549e-01, 7.52811523e+02, 3.06055817e+02,
       5.89295805e-01, 7.03843994e+02, 2.76808228e+02, 7.76393950e-01,
       7.95915710e+02, 4.82459961e+02, 6.19629204e-01, 6.95992859e+02,
       5.72557861e+02, 8.39911282e-01, 7.92060791e+02, 5.49051514e+02,
       7.60362148e-01, 5.58838928e+02, 4.02108948e+02, 1.61900446e-01,
       5.74529358e+02, 3.57074127e+02, 1.66565850e-01, 3.57067383e+02,
       3.60954529e+02, 8.63609836e-02, 0., 0., 0., 5.51021851e+02,
       4.62862885e+02, 1.21968895e-01, 0., 0., 0., 0., 0., 0.,
       9.07569763e+02, 3.80583221e+02, 8.36408615e-01, 9.11460449e+02,
       4.13949005e+02, 7.71135211e-01, 8.84000793e+02, 3.57079865e+02,
       6.07831240e-01, 8.97813721e+02, 4.33470490e+02, 3.29239339e-01,
       0., 0., 0., 0., 0., 0., 0., 0., 0., 0., 0., 0., 0., 0., 0., 0.,
       0., 0. ]
