%YAML:1.0
---
pose_0: !!opencv-matrix
   rows: 1
   cols: 25
   dt: "3f"
   data: [ 9.31025879e+02, 1.78762390e+02, 8.19291234e-01,
       8.19400513e+02, 1.94392487e+02, 6.49746358e-01, 8.05767761e+02,
       1.02411407e+02, 7.07592905e-01, 6.80306763e+02, 6.51181183e+01,
       6.42182708e-01, 5.54961731e+02, 7.11233749e+01, 7.69040525e-01,
       8.21401123e+02, 2.84557098e+02, 6.51495397e-01, 6.97949097e+02,
       3.27648834e+02, 7.62675107e-01, 5.68632507e+02, 3.78616455e+02,
       7.64888167e-01, 5.62764526e+02, 2.08163269e+02, 2.25112557e-01,
       5.58864502e+02, 1.61138657e+02, 3.55785161e-01, 3.60994385e+02,
       1.72911285e+02, 2.81148702e-01, 0., 0., 0., 5.58854614e+02,
       2.59094177e+02, 2.15812415e-01, 3.55095459e+02, 3.17861115e+02,
       2.68897712e-01, 1.29794113e+02, 3.49237030e+02, 1.68276846e-01,
       9.34969604e+02, 1.51413757e+02, 8.55646551e-01, 9.46747803e+02,
       1.94413940e+02, 8.57673645e-01, 9.13407837e+02, 1.33689575e+02,
       6.75255001e-01, 9.35063782e+02, 2.14009811e+02, 2.33412132e-01,
       0., 0., 0., 0., 0., 0., 1.04343864e+02, 3.35506989e+02,
       8.52666423e-02, 0., 0., 0., 0., 0., 0., 0., 0., 0. ]
