%YAML:1.0
---
pose_0: !!opencv-matrix
   rows: 2
   cols: 25
   dt: "3f"
   data: [ 9.01798218e+02, 2.63029968e+02, 7.89748609e-01,
       7.94005615e+02, 3.02200684e+02, 6.51695549e-01, 7.70416504e+02,
       2.43395050e+02, 6.03479862e-01, 6.60714661e+02, 2.61082489e+02,
       3.30772161e-01, 5.41180908e+02, 2.31659180e+02, 4.23708051e-01,
       8.19444458e+02, 3.62936371e+02, 5.11856675e-01, 8.91915039e+02,
       4.78582642e+02, 2.80153751e-01, 0., 0., 0., 5.39281311e+02,
       3.55098480e+02, 1.25956908e-01, 5.41214478e+02, 3.11990173e+02,
       1.25638872e-01, 4.94187439e+02, 2.78691498e+02, 6.39789179e-02,
       3.17875366e+02, 2.57098328e+02, 6.94966763e-02, 5.51004761e+02,
       3.94281311e+02, 1.29551068e-01, 3.53111969e+02, 5.00091156e+02,
       3.52687687e-01, 2.15974136e+02, 6.19614807e+02, 3.33307862e-01,
       9.15320251e+02, 2.45451019e+02, 8.16303194e-01, 9.19313110e+02,
       2.76806549e+02, 8.21035683e-01, 8.88018433e+02, 2.31673325e+02,
       1.72468603e-01, 9.11455627e+02, 3.10053070e+02, 5.40985823e-01,
       1.63116089e+02, 6.17584351e+02, 1.42295867e-01, 1.76819443e+02,
       6.29349915e+02, 1.47561967e-01, 2.06205521e+02, 6.35219543e+02,
       2.80406743e-01, 0., 0., 0., 0., 0., 0., 3.21773224e+02,
       2.61046356e+02, 5.83377406e-02, 0., 0., 0., 0., 0., 0.,
       8.21351318e+02, 3.66799469e+02, 6.56344444e-02, 9.01656372e+02,
       4.86343597e+02, 5.66666603e-01, 1.07409424e+03, 5.07886841e+02,
       6.17328286e-01, 0., 0., 0., 0., 0., 0., 0., 0., 0., 0., 0., 0.,
       0., 0., 0., 0., 0., 0., 0., 0., 0., 0., 0., 0., 0., 0., 0., 0.,
       0., 0., 0., 0., 0., 0., 0., 0., 0., 0., 0., 0., 0., 0., 0., 0.,
       0., 0., 0., 0., 0., 0., 0., 0., 0., 0., 0., 0., 0., 0., 0., 0. ]
