%YAML:1.0
---
pose_0: !!opencv-matrix
   rows: 1
   cols: 25
   dt: "3f"
   data: [ 9.78038513e+02, 2.90398468e+02, 8.07469785e-01,
       8.54637756e+02, 2.80678619e+02, 6.25024915e-01, 8.48814209e+02,
       1.96361328e+02, 6.37984633e-01, 7.19472961e+02, 1.23959404e+02,
       6.77745998e-01, 6.64625244e+02, 1.72870392e+02, 7.16804266e-01,
       8.50740356e+02, 3.70793518e+02, 5.20735323e-01, 7.13630066e+02,
       4.21705627e+02, 5.85301816e-01, 5.90176270e+02, 4.45248383e+02,
       7.76770771e-01, 6.00002747e+02, 3.02221558e+02, 1.96746901e-01,
       5.84331787e+02, 2.57172150e+02, 3.12806666e-01, 3.55122528e+02,
       2.94363708e+02, 9.48236883e-02, 0., 0., 0., 6.15672424e+02,
       3.55125244e+02, 1.43579155e-01, 3.39434692e+02, 3.96223083e+02,
       1.41297534e-01, 9.06368179e+01, 4.33451935e+02, 1.18421860e-01,
       9.82078430e+02, 2.59176544e+02, 8.23117852e-01, 9.91814209e+02,
       3.04209717e+02, 7.77649522e-01, 9.58539795e+02, 2.27770676e+02,
       5.67411542e-01, 0., 0., 0., 0., 0., 0., 0., 0., 0.,
       7.49360733e+01, 4.33483093e+02, 6.65592477e-02, 0., 0., 0., 0.,
       0., 0., 0., 0., 0. ]
