%YAML:1.0
---
pose_0: !!opencv-matrix
   rows: 1
   cols: 25
   dt: "3f"
   data: [ 8.52752869e+02, 1.80795212e+02, 7.75562346e-01,
       7.66504028e+02, 1.80799011e+02, 6.67267859e-01, 7.56708252e+02,
       1.14082359e+02, 6.97244346e-01, 6.46944336e+02, 6.70731964e+01,
       7.89718509e-01, 6.33312317e+02, 1.63063034e+02, 7.14091837e-01,
       7.76328979e+02, 2.45416199e+02, 6.49535239e-01, 6.99906677e+02,
       3.13951111e+02, 7.94157803e-01, 8.09600708e+02, 2.70872375e+02,
       8.16166878e-01, 5.76486023e+02, 2.02282822e+02, 1.65903211e-01,
       5.54923218e+02, 1.68975586e+02, 1.80293828e-01, 3.68878845e+02,
       1.65034943e+02, 9.68825519e-02, 0., 0., 0., 5.90189270e+02,
       2.53230270e+02, 1.36465982e-01, 4.94227661e+02, 2.88436707e+02,
       1.46560386e-01, 3.78626831e+02, 2.74804016e+02, 9.79322568e-02,
       8.66406738e+02, 1.63150650e+02, 7.70715952e-01, 8.68429443e+02,
       1.96437973e+02, 8.16014111e-01, 8.48788391e+02, 1.45419708e+02,
       5.59280157e-01, 8.52759277e+02, 2.17943176e+02, 2.63577402e-01,
       0., 0., 0., 0., 0., 0., 0., 0., 0., 0., 0., 0., 0., 0., 0., 0.,
       0., 0. ]
