%YAML:1.0
---
pose_0: !!opencv-matrix
   rows: 1
   cols: 25
   dt: "3f"
   data: [ 9.64396179e+02, 2.88556396e+02, 8.10585499e-01,
       8.56670837e+02, 3.06201630e+02, 6.25932634e-01, 8.37097107e+02,
       2.23854553e+02, 6.38059258e-01, 7.31227112e+02, 1.29748230e+02,
       7.42166519e-01, 8.03763306e+02, 1.90542755e+02, 7.00785458e-01,
       8.84032288e+02, 3.96244751e+02, 5.05241990e-01, 8.21288452e+02,
       5.25491699e+02, 7.73040533e-01, 8.74289673e+02, 4.43230194e+02,
       6.03892446e-01, 6.03912354e+02, 3.57055817e+02, 9.80936214e-02,
       5.86283386e+02, 3.17891602e+02, 1.33537292e-01, 3.47257538e+02,
       3.53173096e+02, 2.96916872e-01, 0., 0., 0., 6.33283997e+02,
       4.04079773e+02, 5.28368987e-02, 0., 0., 0., 0., 0., 0.,
       9.78064392e+02, 2.59031525e+02, 8.15928757e-01, 9.82103638e+02,
       3.04212280e+02, 8.41428280e-01, 9.52641113e+02, 2.27717270e+02,
       6.00871444e-01, 0., 0., 0., 0., 0., 0., 0., 0., 0., 0., 0., 0.,
       0., 0., 0., 0., 0., 0., 0., 0., 0. ]
