%YAML:1.0
---
pose_0: !!opencv-matrix
   rows: 1
   cols: 25
   dt: "3f"
   data: [ 9.11461609e+02, 3.82553558e+02, 8.11169267e-01,
       7.97883728e+02, 3.84478546e+02, 6.31878793e-01, 8.03754211e+02,
       3.06070129e+02, 6.33247197e-01, 8.48786560e+02, 1.80772873e+02,
       4.30909723e-01, 9.21310059e+02, 1.27816689e+02, 1.75560728e-01,
       7.91966614e+02, 4.68746674e+02, 5.77243090e-01, 6.92050964e+02,
       5.09806396e+02, 6.63744032e-01, 5.54884827e+02, 4.90305908e+02,
       7.74915576e-01, 5.39270447e+02, 3.62947876e+02, 2.34447777e-01,
       5.45150513e+02, 3.21825775e+02, 3.28680933e-01, 3.47240784e+02,
       2.74815094e+02, 2.96717167e-01, 2.92390320e+02, 2.31710907e+02,
       9.37346667e-02, 5.41198608e+02, 4.06033722e+02, 1.94575146e-01,
       4.25624176e+02, 4.78514099e+02, 9.91895720e-02, 0., 0., 0.,
       9.17393188e+02, 3.59017975e+02, 8.64663243e-01, 9.27127319e+02,
       3.96245636e+02, 8.05287302e-01, 8.95795715e+02, 3.35576721e+02,
       5.82550466e-01, 9.03681824e+02, 4.13830902e+02, 1.95562437e-01,
       0., 0., 0., 0., 0., 0., 0., 0., 0., 0., 0., 0., 0., 0., 0., 0.,
       0., 0. ]
