%YAML:1.0
---
pose_0: !!opencv-matrix
   rows: 1
   cols: 25
   dt: "3f"
   data: [ 1.00945233e+03, 3.76670624e+02, 8.36710215e-01,
       8.99760132e+02, 3.21841919e+02, 5.57853162e-01, 9.15390320e+02,
       2.39509064e+02, 5.65427780e-01, 8.37014709e+02, 2.06201797e+02,
       2.75120407e-01, 7.93999512e+02, 1.69015884e+02, 5.19615531e-01,
       8.76250610e+02, 4.11881042e+02, 5.21930993e-01, 7.76247070e+02,
       5.07853424e+02, 7.16692924e-01, 7.90040710e+02, 5.90210205e+02,
       6.01517320e-01, 6.19604553e+02, 3.49230591e+02, 5.79762124e-02,
       0., 0., 0., 0., 0., 0., 0., 0., 0., 0., 0., 0., 0., 0., 0., 0.,
       0., 0., 1.03097986e+03, 3.47213501e+02, 7.67658830e-01,
       1.02710168e+03, 3.92306366e+02, 6.45648241e-01, 1.01925739e+03,
       2.96342712e+02, 6.06550157e-01, 0., 0., 0., 0., 0., 0., 0., 0.,
       0., 0., 0., 0., 0., 0., 0., 0., 0., 0., 0., 0., 0. ]
