%YAML:1.0
---
pose_0: !!opencv-matrix
   rows: 1
   cols: 25
   dt: "3f"
   data: [ 1.04076123e+03, 2.06216492e+02, 6.83465600e-01,
       9.17401123e+02, 2.08147873e+02, 3.11055779e-01, 8.80134644e+02,
       1.18032936e+02, 2.12505400e-01, 8.17449768e+02, 8.27472153e+01,
       5.65988570e-02, 8.68331116e+02, 1.63107162e+02, 6.61638260e-01,
       9.17393433e+02, 2.74796661e+02, 1.93394020e-01, 8.68371582e+02,
       3.37523804e+02, 1.54571965e-01, 7.78300598e+02, 3.55076843e+02,
       3.08466405e-01, 6.47019226e+02, 2.80645416e+02, 5.62010929e-02,
       6.05868530e+02, 2.45403961e+02, 5.88696972e-02, 0., 0., 0., 0.,
       0., 0., 0., 0., 0., 0., 0., 0., 0., 0., 0., 1.04284448e+03,
       1.65163849e+02, 7.15120852e-01, 1.05845264e+03, 2.19929352e+02,
       6.11191630e-01, 1.00750970e+03, 1.35697723e+02, 3.65728617e-01,
       0., 0., 0., 0., 0., 0., 0., 0., 0., 0., 0., 0., 0., 0., 0., 0.,
       0., 0., 0., 0., 0. ]
