%YAML:1.0
---
pose_0: !!opencv-matrix
   rows: 1
   cols: 25
   dt: "3f"
   data: [ 9.58489258e+02, 2.61120331e+02, 7.25264847e-01,
       8.40982300e+02, 2.86499207e+02, 6.01428509e-01, 8.27282104e+02,
       1.98412064e+02, 6.34509265e-01, 7.05783142e+02, 1.82698212e+02,
       6.25728667e-01, 6.35266724e+02, 1.82766907e+02, 6.13914132e-01,
       8.52724487e+02, 3.78572540e+02, 5.45839190e-01, 7.33203491e+02,
       4.62905762e+02, 7.80081809e-01, 7.62563965e+02, 3.88388062e+02,
       5.77960312e-01, 5.88221191e+02, 2.90450989e+02, 1.07474089e-01,
       5.82357849e+02, 2.57128754e+02, 1.57805085e-01, 5.17705200e+02,
       2.41488693e+02, 1.02651156e-01, 3.21783966e+02, 2.98269165e+02,
       6.07410632e-02, 5.98037842e+02, 3.86451813e+02, 5.64792268e-02,
       0., 0., 0., 0., 0., 0., 9.64365356e+02, 2.41519226e+02,
       8.79976511e-01, 9.79985840e+02, 2.82639801e+02, 7.95068264e-01,
       9.44733765e+02, 2.21865280e+02, 5.92012405e-01, 9.66358643e+02,
       3.10041168e+02, 1.51543319e-01, 0., 0., 0., 0., 0., 0., 0., 0.,
       0., 0., 0., 0., 0., 0., 0., 0., 0., 0. ]
