%YAML:1.0
---
pose_0: !!opencv-matrix
   rows: 1
   cols: 25
   dt: "3f"
   data: [ 8.70374512e+02, 3.19837860e+02, 7.83111513e-01,
       7.78254578e+02, 3.04179321e+02, 6.90177321e-01, 7.88031799e+02,
       2.29723785e+02, 7.06255555e-01, 6.62708008e+02, 1.88555725e+02,
       7.81843543e-01, 5.84304626e+02, 2.59180511e+02, 8.15240443e-01,
       7.60609985e+02, 3.70777130e+02, 5.40959358e-01, 6.39183655e+02,
       4.09918976e+02, 3.63519847e-01, 0., 0., 0., 5.52961487e+02,
       3.15904938e+02, 2.58046389e-01, 5.56885376e+02, 2.74777283e+02,
       3.00951868e-01, 3.41373993e+02, 3.33545135e+02, 1.74879178e-01,
       1.14071434e+02, 3.66904388e+02, 2.95338571e-01, 5.52986938e+02,
       3.59037170e+02, 2.37616628e-01, 3.31571228e+02, 3.33527710e+02,
       2.46222794e-01, 1.16092979e+02, 3.68821564e+02, 1.17328480e-01,
       8.85988342e+02, 2.98263977e+02, 7.73438871e-01, 8.86066956e+02,
       3.33548065e+02, 8.00528526e-01, 8.68352966e+02, 2.74830444e+02,
       7.17557907e-01, 8.78189392e+02, 3.51058960e+02, 1.51241213e-01,
       0., 0., 0., 0., 0., 0., 1.02379669e+02, 3.80580505e+02,
       9.41844881e-02, 0., 0., 0., 0., 0., 0., 1.02404755e+02,
       3.74697327e+02, 2.85684288e-01 ]
