%YAML:1.0
---
pose_0: !!opencv-matrix
   rows: 1
   cols: 25
   dt: "3f"
   data: [ 1.05057153e+03, 1.98420013e+02, 7.27556288e-01,
       9.15399780e+02, 1.90525620e+02, 2.28928804e-01, 9.13460632e+02,
       8.66811600e+01, 4.42363262e-01, 8.33126465e+02, 5.34569502e+00,
       2.64949113e-01, 8.93885437e+02, 1.35741928e+02, 6.77510858e-01,
       8.99731873e+02, 2.90461029e+02, 2.60933161e-01, 7.78296570e+02,
       3.53147522e+02, 1.06174380e-01, 7.35191833e+02, 3.78619324e+02,
       4.19670522e-01, 0., 0., 0., 0., 0., 0., 0., 0., 0., 0., 0., 0.,
       0., 0., 0., 0., 0., 0., 0., 0., 0., 1.06427539e+03,
       1.72902023e+02, 7.79778957e-01, 1.06819775e+03, 2.23840897e+02,
       7.58513749e-01, 1.03878577e+03, 1.33720963e+02, 3.58097553e-01,
       0., 0., 0., 0., 0., 0., 0., 0., 0., 0., 0., 0., 0., 0., 0., 0.,
       0., 0., 0., 0., 0. ]
