%YAML:1.0
---
pose_0: !!opencv-matrix
   rows: 1
   cols: 25
   dt: "3f"
   data: [ 9.25164001e+02, 3.66893280e+02, 7.87894666e-01,
       8.23262085e+02, 3.68767456e+02, 7.38378346e-01, 8.11600403e+02,
       3.00254700e+02, 6.72531009e-01, 7.17572998e+02, 2.23796783e+02,
       7.31913567e-01, 7.58615723e+02, 2.96295349e+02, 7.64426768e-01,
       8.35021301e+02, 4.41324493e+02, 5.70200622e-01, 7.74316101e+02,
       5.23603149e+02, 8.12394142e-01, 8.05655823e+02, 4.13910797e+02,
       7.81620622e-01, 5.45133606e+02, 3.90372375e+02, 2.54884094e-01,
       5.45163818e+02, 3.51189087e+02, 3.67012441e-01, 3.39426361e+02,
       3.64879150e+02, 1.99330464e-01, 0., 0., 0., 5.41191162e+02,
       4.33507996e+02, 2.24556923e-01, 3.62917389e+02, 4.82477417e+02,
       2.08844498e-01, 1.67043030e+02, 5.19658569e+02, 1.89262435e-01,
       9.32997620e+02, 3.41414185e+02, 8.47272396e-01, 9.38923523e+02,
       3.82425659e+02, 8.07402551e-01, 9.03635986e+02, 3.17903809e+02,
       6.63381934e-01, 9.25224548e+02, 3.98150238e+02, 2.05614895e-01,
       1.23947609e+02, 5.09884583e+02, 8.08743536e-02, 0., 0., 0., 0.,
       0., 0., 0., 0., 0., 0., 0., 0., 0., 0., 0. ]
