%YAML:1.0
---
pose_0: !!opencv-matrix
   rows: 1
   cols: 25
   dt: "3f"
   data: [ 9.95780029e+02, 2.06163788e+02, 7.68564820e-01,
       8.80150391e+02, 2.17947052e+02, 4.78516877e-01, 8.68342346e+02,
       1.25887695e+02, 4.15186793e-01, 7.41071045e+02, 4.17065468e+01,
       6.56853199e-01, 8.31158264e+02, 1.49418747e+02, 6.74663544e-01,
       8.80168640e+02, 3.10049835e+02, 4.11053419e-01, 7.19500000e+02,
       3.84556305e+02, 3.73703808e-01, 7.27323364e+02, 3.37535034e+02,
       3.85112435e-01, 5.76489685e+02, 2.06207596e+02, 7.28305727e-02,
       5.56898193e+02, 1.78752014e+02, 1.06805518e-01, 0., 0., 0., 0.,
       0., 0., 0., 0., 0., 0., 0., 0., 0., 0., 0., 1.00946509e+03,
       1.70975311e+02, 7.46058404e-01, 1.02318628e+03, 2.19955353e+02,
       8.09868097e-01, 9.85954773e+02, 1.43531769e+02, 5.08763313e-01,
       1.02712292e+03, 2.47393066e+02, 1.05369978e-01, 0., 0., 0., 0.,
       0., 0., 0., 0., 0., 0., 0., 0., 0., 0., 0., 0., 0., 0. ]
