%YAML:1.0
---
pose_0: !!opencv-matrix
   rows: 1
   cols: 25
   dt: "3f"
   data: [ 9.91808533e+02, 3.06146301e+02, 7.94642329e-01,
       8.46828064e+02, 3.10040405e+02, 6.01904333e-01, 8.37081543e+02,
       2.25759186e+02, 6.37714624e-01, 6.96017944e+02, 1.68959320e+02,
       7.95745432e-01, 6.76389526e+02, 2.12137314e+02, 8.37033868e-01,
       8.54750610e+02, 4.04070923e+02, 5.25951624e-01, 7.13666748e+02,
       5.09901215e+02, 5.04910409e-01, 8.15514282e+02, 3.82466248e+02,
       7.25050747e-01, 5.84311584e+02, 3.23769470e+02, 1.14775047e-01,
       5.70618774e+02, 2.78700470e+02, 2.06495285e-01, 2.94361053e+02,
       2.86517365e+02, 1.42135248e-01, 0., 0., 0., 5.54929993e+02,
       3.92322388e+02, 9.80795771e-02, 3.53160736e+02, 3.86464508e+02,
       6.01164475e-02, 1.14138565e+02, 3.96272797e+02, 1.07813261e-01,
       9.97666199e+02, 2.78739258e+02, 8.17379653e-01, 1.00552942e+03,
       3.21894531e+02, 7.62113869e-01, 9.64422119e+02, 2.47385818e+02,
       5.59149623e-01, 0., 0., 0., 0., 0., 0., 0., 0., 0., 0., 0., 0.,
       0., 0., 0., 0., 0., 0., 0., 0., 0. ]
