%YAML:1.0
---
pose_0: !!opencv-matrix
   rows: 1
   cols: 25
   dt: "3f"
   data: [ 9.95749268e+02, 3.62893982e+02, 8.35262299e-01,
       8.88030457e+02, 3.17890198e+02, 4.76013213e-01, 9.01724976e+02,
       2.25762360e+02, 5.25241613e-01, 7.91981628e+02, 1.14109634e+02,
       7.59868264e-01, 8.27240723e+02, 1.92426270e+02, 7.74670601e-01,
       8.72290833e+02, 4.09976044e+02, 5.58582485e-01, 7.93963562e+02,
       5.31441956e+02, 6.00523829e-01, 8.42970703e+02, 5.35336975e+02,
       6.39896631e-01, 0., 0., 0., 0., 0., 0., 0., 0., 0., 0., 0., 0.,
       0., 0., 0., 0., 0., 0., 0., 0., 0., 1.01922681e+03,
       3.33487640e+02, 7.54294157e-01, 1.01147150e+03, 3.76645538e+02,
       6.46047175e-01, 9.97693909e+02, 2.80647705e+02, 4.88204658e-01,
       0., 0., 0., 0., 0., 0., 0., 0., 0., 0., 0., 0., 0., 0., 0., 0.,
       0., 0., 0., 0., 0. ]
