%YAML:1.0
---
pose_0: !!opencv-matrix
   rows: 1
   cols: 25
   dt: "3f"
   data: [ 9.35025208e+02, 3.62974976e+02, 6.74262285e-01,
       8.84101624e+02, 2.70884857e+02, 4.89579827e-01, 8.88027527e+02,
       2.76725922e+02, 6.75387323e-01, 7.88101868e+02, 3.39482483e+02,
       7.45772123e-01, 8.15486755e+02, 4.47272034e+02, 8.13896537e-01,
       8.82064819e+02, 2.59111786e+02, 3.06320071e-01, 6.84261230e+02,
       3.58990936e+02, 6.50125444e-01, 7.33242249e+02, 4.53061951e+02,
       7.39345491e-01, 5.27498108e+02, 2.88517487e+02, 2.67472804e-01,
       5.27526855e+02, 3.06147797e+02, 2.24947751e-01, 3.64874695e+02,
       3.47268707e+02, 1.15562640e-01, 0., 0., 0., 5.29449158e+02,
       2.68901947e+02, 2.09478557e-01, 2.92397552e+02, 3.23770813e+02,
       3.64894629e-01, 1.10208084e+02, 2.98277283e+02, 2.72791088e-01,
       9.50744324e+02, 3.51194427e+02, 7.52804041e-01, 9.54628052e+02,
       3.68746735e+02, 7.30901435e-02, 9.50730774e+02, 3.00261292e+02,
       8.23387146e-01, 0., 0., 0., 0., 0., 0., 0., 0., 0.,
       8.67145462e+01, 3.04178345e+02, 1.47222146e-01, 0., 0., 0., 0.,
       0., 0., 0., 0., 0. ]
