%YAML:1.0
---
pose_0: !!opencv-matrix
   rows: 1
   cols: 25
   dt: "3f"
   data: [ 8.87950928e+02, 2.37539581e+02, 8.02985013e-01,
       7.86130798e+02, 2.47321838e+02, 6.65004253e-01, 7.74298401e+02,
       1.78739532e+02, 6.88835204e-01, 6.74432617e+02, 1.65052307e+02,
       1.01912253e-01, 0., 0., 0., 7.95912231e+02, 3.21810638e+02,
       5.98513782e-01, 7.11660950e+02, 3.68814362e+02, 8.59514534e-01,
       7.41065796e+02, 2.68873322e+02, 7.92140841e-01, 5.35331238e+02,
       2.49312531e+02, 1.24768116e-01, 5.23579956e+02, 2.14029221e+02,
       1.48165062e-01, 4.94254669e+02, 1.94434891e+02, 7.05781430e-02,
       3.51193390e+02, 2.41449066e+02, 2.61922300e-01, 5.45125977e+02,
       3.04165955e+02, 9.48767513e-02, 3.70765198e+02, 3.12018921e+02,
       5.81270829e-02, 0., 0., 0., 8.95795044e+02, 2.15981598e+02,
       8.11712384e-01, 9.01693665e+02, 2.45467697e+02, 7.95942843e-01,
       8.66417236e+02, 1.96482819e+02, 6.50579751e-01, 8.86093872e+02,
       2.72808350e+02, 5.24286211e-01, 0., 0., 0., 0., 0., 0., 0., 0.,
       0., 3.31600708e+02, 2.57134460e+02, 9.10872817e-02,
       3.33513550e+02, 2.57162048e+02, 9.17465612e-02, 3.39449615e+02,
       2.43429245e+02, 2.04723999e-01 ]
