%YAML:1.0
---
pose_0: !!opencv-matrix
   rows: 1
   cols: 25
   dt: "3f"
   data: [ 8.87961487e+02, 2.76742737e+02, 8.43691230e-01,
       7.82172729e+02, 2.64949799e+02, 6.48574352e-01, 7.91935791e+02,
       1.92496979e+02, 6.78331017e-01, 7.15573120e+02, 8.66530151e+01,
       8.15023601e-01, 7.35177429e+02, 1.70925369e+02, 7.29838669e-01,
       7.58630005e+02, 3.27674133e+02, 5.35126209e-01, 6.41119568e+02,
       3.51152252e+02, 6.67335093e-01, 5.43240601e+02, 3.66765106e+02,
       7.20285416e-01, 5.41232727e+02, 2.47342606e+02, 1.47560745e-01,
       5.39263733e+02, 2.08161682e+02, 1.69315338e-01, 3.35494019e+02,
       2.00332565e+02, 1.21068433e-01, 0., 0., 0., 5.47088318e+02,
       2.94358765e+02, 1.46788940e-01, 3.59016235e+02, 3.62942047e+02,
       3.09656322e-01, 1.63083389e+02, 3.60964600e+02, 3.33019227e-01,
       8.93869629e+02, 2.57161011e+02, 8.29516053e-01, 9.01742249e+02,
       2.88413818e+02, 8.16922247e-01, 8.68339417e+02, 2.33618896e+02,
       6.49417937e-01, 8.87999023e+02, 3.04249207e+02, 1.57163844e-01,
       1.31794464e+02, 4.13906158e+02, 1.26953781e-01, 1.33801880e+02,
       4.13846436e+02, 1.14580341e-01, 1.33771286e+02, 3.45324860e+02,
       2.71983176e-01, 0., 0., 0., 0., 0., 0., 0., 0., 0. ]
