%YAML:1.0
---
pose_0: !!opencv-matrix
   rows: 1
   cols: 25
   dt: "3f"
   data: [ 8.99784485e+02, 3.53240326e+02, 8.35838079e-01,
       7.99793884e+02, 3.35426758e+02, 6.63902402e-01, 8.07710754e+02,
       2.59068054e+02, 6.63834810e-01, 6.97930603e+02, 1.76837830e+02,
       7.64612734e-01, 6.31358032e+02, 2.06210724e+02, 7.19401419e-01,
       7.80260559e+02, 4.00199280e+02, 4.76732016e-01, 6.64571838e+02,
       4.45243317e+02, 7.75463760e-01, 7.60650269e+02, 4.78556274e+02,
       7.72872806e-01, 5.23594666e+02, 3.49227570e+02, 2.52285749e-01,
       5.33384521e+02, 3.00259521e+02, 2.50798583e-01, 3.57051880e+02,
       3.13944336e+02, 3.02509755e-01, 1.88593475e+02, 3.10014954e+02,
       2.45161414e-01, 5.17702148e+02, 3.88403290e+02, 2.40814015e-01,
       3.64859711e+02, 4.51097778e+02, 4.99718428e-01, 1.67040909e+02,
       5.11868713e+02, 4.62336004e-01, 9.15363586e+02, 3.33546234e+02,
       8.17648828e-01, 9.15472107e+02, 3.68898346e+02, 7.61365473e-01,
       8.95799133e+02, 3.06054077e+02, 5.76340139e-01, 0., 0., 0.,
       1.02417885e+02, 5.70629150e+02, 2.89540440e-01, 1.04364655e+02,
       5.70666992e+02, 2.88742900e-01, 1.39613266e+02, 5.11820160e+02,
       2.63180077e-01, 1.47441681e+02, 3.06135468e+02, 1.36146113e-01,
       1.49398438e+02, 3.04196075e+02, 1.39811665e-01, 0., 0., 0. ]
