%YAML:1.0
---
pose_0: !!opencv-matrix
   rows: 1
   cols: 25
   dt: "3f"
   data: [ 8.91884949e+02, 1.16158333e+02, 7.44611859e-01,
       7.82201965e+02, 1.18051392e+02, 6.67530537e-01, 7.76299072e+02,
       3.77167931e+01, 7.29736686e-01, 6.66568359e+02, 5.35117388e+00,
       4.08826590e-01, 0., 0., 0., 7.76393799e+02, 2.06159622e+02,
       6.73857212e-01, 6.58783325e+02, 2.43448868e+02, 7.54757226e-01,
       5.41154053e+02, 2.70778473e+02, 8.01300645e-01, 5.54945923e+02,
       9.65012360e+01, 2.03927904e-01, 5.33397278e+02, 1.00401222e+02,
       1.22231498e-01, 0., 0., 0., 0., 0., 0., 5.84296753e+02,
       7.88648682e+01, 8.64494964e-02, 0., 0., 0., 0., 0., 0.,
       9.01764893e+02, 9.64547729e+01, 8.16116154e-01, 9.03680420e+02,
       1.31832245e+02, 8.13184321e-01, 8.83994080e+02, 7.10312653e+01,
       6.26334548e-01, 8.91909363e+02, 1.51321304e+02, 2.21035793e-01,
       0., 0., 0., 0., 0., 0., 0., 0., 0., 0., 0., 0., 0., 0., 0., 0.,
       0., 0. ]
