%YAML:1.0
---
pose_0: !!opencv-matrix
   rows: 1
   cols: 25
   dt: "3f"
   data: [ 1.07413184e+03, 2.59095001e+02, 7.23316014e-01,
       9.21290710e+02, 2.68919739e+02, 4.64980513e-01, 9.09552307e+02,
       1.69007706e+02, 5.42037904e-01, 7.58625305e+02, 7.68717499e+01,
       7.69193292e-01, 7.45032471e+02, 1.22016747e+02, 7.22607732e-01,
       9.44786438e+02, 3.53141785e+02, 2.37189904e-01, 7.56715271e+02,
       4.64840942e+02, 3.14547330e-01, 8.88031799e+02, 3.82483398e+02,
       6.82656646e-01, 6.33294067e+02, 3.45302460e+02, 5.71243092e-02,
       0., 0., 0., 0., 0., 0., 0., 0., 0., 0., 0., 0., 0., 0., 0., 0.,
       0., 0., 1.02503186e+03, 2.57170105e+02, 7.77207255e-01,
       1.07204285e+03, 2.27728668e+02, 8.25780332e-01, 0., 0., 0., 0.,
       0., 0., 0., 0., 0., 0., 0., 0., 0., 0., 0., 0., 0., 0., 0., 0.,
       0., 0., 0., 0. ]
