%YAML:1.0
---
pose_0: !!opencv-matrix
   rows: 1
   cols: 25
   dt: "3f"
   data: [ 9.19334778e+02, 2.51281784e+02, 7.82772660e-01,
       8.01780884e+02, 2.61076721e+02, 6.35715425e-01, 7.84173035e+02,
       1.80760849e+02, 6.28854215e-01, 6.48943237e+02, 1.63154800e+02,
       5.82625091e-01, 5.17703857e+02, 1.64999512e+02, 2.96890020e-01,
       8.07670776e+02, 3.49187286e+02, 6.18663073e-01, 7.13581909e+02,
       3.90340149e+02, 5.82618654e-01, 5.64710876e+02, 3.98132141e+02,
       7.98439741e-01, 5.23591858e+02, 2.78683624e+02, 2.96891958e-01,
       5.23595520e+02, 2.31674988e+02, 3.90340537e-01, 3.43330536e+02,
       2.27786743e+02, 2.62195259e-01, 2.08132065e+02, 2.10096146e+02,
       9.51215327e-02, 5.25548096e+02, 3.23804474e+02, 3.69146883e-01,
       3.55110229e+02, 3.98265381e+02, 4.65191841e-01, 1.65109146e+02,
       4.92192291e+02, 4.44993079e-01, 9.31021606e+02, 2.29714996e+02,
       8.51734817e-01, 9.33013306e+02, 2.64973572e+02, 8.02044868e-01,
       9.01686646e+02, 2.08181290e+02, 5.65960884e-01, 9.13433289e+02,
       2.88529419e+02, 2.60264188e-01, 8.86899796e+01, 5.13775757e+02,
       2.38633275e-01, 1.00431335e+02, 5.21620972e+02, 2.53402799e-01,
       1.49428421e+02, 4.94193329e+02, 2.06563070e-01, 0., 0., 0., 0.,
       0., 0., 0., 0., 0. ]
