%YAML:1.0
---
pose_0: !!opencv-matrix
   rows: 1
   cols: 25
   dt: "3f"
   data: [ 9.09521484e+02, 4.27565674e+02, 8.02416444e-01,
       8.09662476e+02, 4.49193970e+02, 7.18613446e-01, 7.86136719e+02,
       3.90386414e+02, 6.80106461e-01, 6.92061890e+02, 3.94280640e+02,
       2.65177488e-01, 6.23505920e+02, 3.98167297e+02, 1.61262065e-01,
       8.37047729e+02, 5.13783691e+02, 6.87712550e-01, 7.45055115e+02,
       5.54837036e+02, 7.84841835e-01, 6.72516174e+02, 4.47142059e+02,
       7.48896182e-01, 5.86289673e+02, 4.66771973e+02, 1.30072981e-01,
       6.07817749e+02, 4.33474121e+02, 1.50052235e-01, 4.70695251e+02,
       4.15838196e+02, 6.56607226e-02, 0., 0., 0., 5.86284424e+02,
       5.09907623e+02, 1.27512008e-01, 0., 0., 0., 0., 0., 0.,
       9.15394592e+02, 4.09978821e+02, 8.72136354e-01, 9.25223572e+02,
       4.41318237e+02, 8.20018291e-01, 8.86113037e+02, 3.98223724e+02,
       5.02712131e-01, 9.15354614e+02, 4.66769867e+02, 6.26408875e-01,
       0., 0., 0., 0., 0., 0., 0., 0., 0., 0., 0., 0., 0., 0., 0., 0.,
       0., 0. ]
