%YAML:1.0
---
pose_0: !!opencv-matrix
   rows: 1
   cols: 25
   dt: "3f"
   data: [ 1.04280139e+03, 2.14079987e+02, 7.49365807e-01,
       8.89933411e+02, 2.59130096e+02, 1.95599496e-01, 8.21390259e+02,
       1.78793030e+02, 1.46056607e-01, 0., 0., 0., 0., 0., 0.,
       9.25193848e+02, 3.19831482e+02, 2.69814670e-01, 8.38994385e+02,
       4.96157837e+02, 7.18982220e-01, 8.72296631e+02, 3.35540375e+02,
       5.71215034e-01, 5.88244202e+02, 3.33539215e+02, 6.44014850e-02,
       0., 0., 0., 0., 0., 0., 0., 0., 0., 5.86272217e+02,
       3.57060242e+02, 6.86097667e-02, 0., 0., 0., 0., 0., 0.,
       1.04666162e+03, 1.84695740e+02, 6.95658743e-01, 1.06629309e+03,
       2.27779678e+02, 7.56189823e-01, 9.91833008e+02, 1.55248871e+02,
       2.49921411e-01, 1.04473108e+03, 2.63023621e+02, 1.93382248e-01,
       0., 0., 0., 0., 0., 0., 0., 0., 0., 0., 0., 0., 0., 0., 0., 0.,
       0., 0. ]
