%YAML:1.0
---
pose_0: !!opencv-matrix
   rows: 1
   cols: 25
   dt: "3f"
   data: [ 1.06627112e+03, 3.68860107e+02, 6.81728661e-01,
       9.38941040e+02, 3.25715149e+02, 3.77199233e-01, 9.54582520e+02,
       2.39517334e+02, 3.63284349e-01, 7.74304932e+02, 1.59174515e+02,
       5.31684220e-01, 6.17614319e+02, 1.16080002e+02, 8.51153970e-01,
       9.19353821e+02, 3.98231812e+02, 3.23254824e-01, 8.05696228e+02,
       4.76510681e+02, 2.85690904e-01, 6.05889954e+02, 6.17680969e+02,
       1.62446603e-01, 0., 0., 0., 0., 0., 0., 0., 0., 0., 0., 0., 0.,
       0., 0., 0., 0., 0., 0., 0., 0., 0., 1.08971875e+03,
       3.37481476e+02, 8.36340547e-01, 1.08972168e+03, 3.86475464e+02,
       7.44258404e-01, 1.07214050e+03, 2.92415863e+02, 6.00334942e-01,
       0., 0., 0., 0., 0., 0., 0., 0., 0., 0., 0., 0., 0., 0., 0., 0.,
       0., 0., 0., 0., 0. ]
