%YAML:1.0
---
pose_0: !!opencv-matrix
   rows: 1
   cols: 25
   dt: "3f"
   data: [ 9.07575134e+02, 2.39469955e+02, 6.96440399e-01,
       8.40960205e+02, 3.13947052e+02, 4.35410857e-01, 8.54720398e+02,
       3.31585571e+02, 2.92376667e-01, 7.44997559e+02, 2.90470001e+02,
       1.49669185e-01, 7.07715759e+02, 1.94489792e+02, 1.22982316e-01,
       8.46847107e+02, 3.10064941e+02, 3.50806773e-01, 7.42949036e+02,
       2.59134247e+02, 6.58187926e-01, 7.40995300e+02, 1.82696640e+02,
       6.20419860e-01, 5.86282166e+02, 3.59003571e+02, 1.53495014e-01,
       5.84313232e+02, 3.19844666e+02, 1.69805124e-01, 3.06136292e+02,
       2.76777496e+02, 3.27552289e-01, 6.90885773e+01, 4.29534241e+02,
       7.71072954e-02, 5.82353027e+02, 4.08004761e+02, 1.14170805e-01,
       3.04152283e+02, 2.78725555e+02, 8.84418339e-02, 6.70915298e+01,
       4.29520752e+02, 1.51060164e-01, 9.31097351e+02, 2.41482849e+02,
       2.28935570e-01, 9.31109741e+02, 2.53261124e+02, 8.53059947e-01,
       0., 0., 0., 9.17416992e+02, 3.11992371e+02, 7.88011909e-01,
       7.68962021e+01, 4.64807373e+02, 1.39366359e-01, 7.29904251e+01,
       4.62870422e+02, 1.41760558e-01, 4.55555763e+01, 4.33460297e+02,
       1.23169988e-01, 7.29842606e+01, 4.66752075e+02, 7.50170127e-02,
       7.49389648e+01, 4.62911957e+02, 8.87045860e-02, 0., 0., 0. ]
