%YAML:1.0
---
pose_0: !!opencv-matrix
   rows: 1
   cols: 25
   dt: "3f"
   data: [ 9.60462769e+02, 2.86485352e+02, 6.45356536e-01,
       8.48783508e+02, 2.74782684e+02, 5.77274024e-01, 8.42958984e+02,
       1.94420807e+02, 6.05910420e-01, 7.09660889e+02, 1.21946785e+02,
       7.39957631e-01, 6.48987854e+02, 1.80811035e+02, 7.78879166e-01,
       8.39048340e+02, 3.68860474e+02, 4.95597303e-01, 7.07715637e+02,
       4.15835938e+02, 4.70481455e-01, 5.86286438e+02, 4.45197235e+02,
       2.72094667e-01, 6.33288940e+02, 2.74773407e+02, 5.58869913e-02,
       5.90193298e+02, 2.43455750e+02, 8.40275511e-02, 4.98128113e+02,
       2.31677399e+02, 6.50158077e-02, 3.55103149e+02, 2.88475525e+02,
       6.76239729e-02, 0., 0., 0., 0., 0., 0., 0., 0., 0.,
       9.78173340e+02, 2.59149567e+02, 7.92478979e-01, 9.78068787e+02,
       3.04097473e+02, 8.36687207e-01, 9.64392212e+02, 2.27743942e+02,
       3.72247636e-01, 0., 0., 0., 0., 0., 0., 0., 0., 0., 0., 0., 0.,
       0., 0., 0., 0., 0., 0., 0., 0., 0. ]
