%YAML:1.0
---
pose_0: !!opencv-matrix
   rows: 1
   cols: 25
   dt: "3f"
   data: [ 8.86018982e+02, 2.86545135e+02, 8.53700578e-01,
       7.80242249e+02, 2.72741791e+02, 6.85554981e-01, 7.90092224e+02,
       2.00328613e+02, 6.56903923e-01, 7.17511536e+02, 9.64909668e+01,
       7.17011213e-01, 7.45006165e+02, 2.12069260e+02, 7.44540572e-01,
       7.58637329e+02, 3.35475830e+02, 5.64988375e-01, 6.45076660e+02,
       3.60977448e+02, 7.01014340e-01, 5.51025452e+02, 3.78566132e+02,
       7.14447737e-01, 5.33363342e+02, 2.64974091e+02, 3.45808864e-01,
       5.29471924e+02, 2.27725586e+02, 4.34418887e-01, 3.45294952e+02,
       2.27755692e+02, 2.95069277e-01, 1.82726212e+02, 1.49480743e+02,
       1.74507797e-01, 5.33380127e+02, 3.04192719e+02, 3.92065644e-01,
       3.53176880e+02, 3.68838684e+02, 5.13884068e-01, 1.59160675e+02,
       3.66811249e+02, 4.58802879e-01, 8.87979797e+02, 2.61127411e+02,
       8.42373371e-01, 8.99757935e+02, 2.90492035e+02, 7.97058165e-01,
       8.58604614e+02, 2.39517365e+02, 6.82699978e-01, 8.82089722e+02,
       3.10058502e+02, 1.41060442e-01, 1.21969368e+02, 4.19768219e+02,
       6.93140477e-02, 1.23934219e+02, 4.19742798e+02, 6.94332197e-02,
       1.33765030e+02, 3.53179871e+02, 3.72269183e-01, 0., 0., 0., 0.,
       0., 0., 0., 0., 0. ]
