%YAML:1.0
---
pose_0: !!opencv-matrix
   rows: 1
   cols: 25
   dt: "3f"
   data: [ 1.00161487e+03, 2.41396255e+02, 5.12363255e-01,
       9.01669128e+02, 2.43458649e+02, 5.43235302e-01, 9.19305847e+02,
       1.80689133e+02, 4.85774726e-01, 8.93843384e+02, 1.18053253e+02,
       3.72289360e-01, 0., 0., 0., 8.82085876e+02, 3.27661957e+02,
       5.03333211e-01, 8.36967590e+02, 4.92249756e+02, 8.02258849e-01,
       9.50676392e+02, 4.27508789e+02, 8.03136647e-01, 0., 0., 0., 0.,
       0., 0., 0., 0., 0., 0., 0., 0., 0., 0., 0., 0., 0., 0., 0., 0.,
       0., 1.01140485e+03, 2.29789688e+02, 6.07294977e-01,
       1.00945221e+03, 2.61084473e+02, 6.10672295e-01, 1.01922382e+03,
       2.14103485e+02, 7.68232122e-02, 9.99652344e+02, 2.82625214e+02,
       1.33755460e-01, 0., 0., 0., 0., 0., 0., 0., 0., 0., 0., 0., 0.,
       0., 0., 0., 0., 0., 0. ]
