%YAML:1.0
---
pose_0: !!opencv-matrix
   rows: 2
   cols: 25
   dt: "3f"
   data: [ 1.05650427e+03, 2.23844818e+02, 7.20361352e-01,
       8.97770386e+02, 2.74809784e+02, 3.06936741e-01, 8.48794617e+02,
       1.92473907e+02, 1.74643621e-01, 0., 0., 0., 0., 0., 0.,
       9.15384644e+02, 3.57082611e+02, 3.89576077e-01, 7.84122681e+02,
       5.00065430e+02, 6.15147352e-01, 8.37098267e+02, 3.68912659e+02,
       8.00848544e-01, 0., 0., 0., 0., 0., 0., 0., 0., 0., 0., 0., 0.,
       0., 0., 0., 0., 0., 0., 0., 0., 0., 1.06035400e+03,
       1.96410583e+02, 7.39504397e-01, 1.07216553e+03, 2.41464111e+02,
       6.82208538e-01, 1.00946716e+03, 1.49401596e+02, 1.39165670e-01,
       1.05255347e+03, 2.72792053e+02, 9.82882529e-02, 0., 0., 0., 0.,
       0., 0., 0., 0., 0., 0., 0., 0., 0., 0., 0., 0., 0., 0.,
       7.21458923e+02, 1.78767212e+02, 3.43769878e-01, 6.76429504e+02,
       2.12162247e+02, 5.16288877e-01, 6.27389587e+02, 1.98382248e+02,
       5.41177809e-01, 5.76470215e+02, 2.47357605e+02, 1.66267306e-01,
       5.76469971e+02, 2.64981506e+02, 5.90020977e-02, 7.27336487e+02,
       2.27751770e+02, 3.30958664e-01, 0., 0., 0., 0., 0., 0.,
       6.17621582e+02, 3.33549530e+02, 7.66898990e-02, 5.76490173e+02,
       3.17886353e+02, 8.42597261e-02, 0., 0., 0., 0., 0., 0.,
       6.54841064e+02, 3.55103546e+02, 6.44270331e-02, 0., 0., 0., 0.,
       0., 0., 7.11608826e+02, 1.65060516e+02, 4.15256292e-01,
       7.19534851e+02, 1.65154861e+02, 2.21833900e-01, 6.82356995e+02,
       1.65160934e+02, 5.36258101e-01, 0., 0., 0., 0., 0., 0., 0., 0.,
       0., 0., 0., 0., 0., 0., 0., 0., 0., 0., 0., 0., 0. ]
