%YAML:1.0
---
pose_0: !!opencv-matrix
   rows: 1
   cols: 25
   dt: "3f"
   data: [ 9.87932922e+02, 2.68931396e+02, 7.81876981e-01,
       8.42951111e+02, 2.90471924e+02, 6.30636513e-01, 8.25319824e+02,
       2.08189285e+02, 5.85895061e-01, 6.88136108e+02, 1.80780304e+02,
       6.33569658e-01, 5.70639282e+02, 1.78832947e+02, 8.49438787e-01,
       8.64496704e+02, 3.82559692e+02, 5.99136710e-01, 7.56695251e+02,
       4.47213257e+02, 7.89984465e-01, 7.11569275e+02, 3.45316101e+02,
       6.36669338e-01, 5.29454895e+02, 3.53145355e+02, 1.80875033e-01,
       5.39259155e+02, 2.96336212e+02, 1.03792772e-01, 0., 0., 0., 0.,
       0., 0., 5.25556396e+02, 3.90353973e+02, 2.06407502e-01, 0., 0.,
       0., 0., 0., 0., 9.87868408e+02, 2.43497513e+02, 8.66420805e-01,
       9.99683838e+02, 2.80667908e+02, 7.68383026e-01, 9.48703552e+02,
       2.25773483e+02, 5.18422484e-01, 9.68295349e+02, 3.19776642e+02,
       3.04160297e-01, 0., 0., 0., 0., 0., 0., 0., 0., 0., 0., 0., 0.,
       0., 0., 0., 0., 0., 0. ]
