%YAML:1.0
---
pose_0: !!opencv-matrix
   rows: 1
   cols: 25
   dt: "3f"
   data: [ 9.99692505e+02, 2.98311188e+02, 6.77263379e-01,
       8.84089722e+02, 3.04088409e+02, 6.20647192e-01, 8.84043762e+02,
       2.23821243e+02, 5.68388879e-01, 7.76312683e+02, 1.35688736e+02,
       4.87488180e-01, 7.05761230e+02, 1.41518631e+02, 7.22858369e-01,
       8.82086365e+02, 3.88434204e+02, 5.42870283e-01, 7.74417786e+02,
       4.76592896e+02, 7.69946933e-01, 6.58744019e+02, 4.92307617e+02,
       7.74755836e-01, 6.27424500e+02, 3.19849915e+02, 8.96828845e-02,
       6.15662109e+02, 2.72807648e+02, 1.34765446e-01, 0., 0., 0., 0.,
       0., 0., 6.31335144e+02, 3.70800293e+02, 8.65947083e-02, 0., 0.,
       0., 0., 0., 0., 1.01140594e+03, 2.74715576e+02, 8.10592353e-01,
       1.01729541e+03, 3.15938232e+02, 7.03365386e-01, 9.83967041e+02,
       2.41495865e+02, 3.15068394e-01, 1.00945673e+03, 3.39444672e+02,
       5.71929179e-02, 0., 0., 0., 0., 0., 0., 0., 0., 0., 0., 0., 0.,
       0., 0., 0., 0., 0., 0. ]
