%YAML:1.0
---
pose_0: !!opencv-matrix
   rows: 1
   cols: 25
   dt: "3f"
   data: [ 8.91898193e+02, 4.00084869e+02, 8.27944517e-01,
       7.91970520e+02, 4.19776337e+02, 7.15104878e-01, 7.74312622e+02,
       3.53176239e+02, 7.49555647e-01, 6.58792358e+02, 3.31569733e+02,
       7.47182727e-01, 6.72478699e+02, 2.96338470e+02, 7.94804215e-01,
       8.07616699e+02, 4.94186188e+02, 6.35122061e-01, 6.80352478e+02,
       5.60840332e+02, 6.75260723e-01, 7.60723389e+02, 5.11823395e+02,
       7.90683210e-01, 5.68658203e+02, 4.33487183e+02, 2.17225745e-01,
       5.58871826e+02, 4.02144775e+02, 3.57627779e-01, 3.39408661e+02,
       3.90394318e+02, 1.80167034e-01, 0., 0., 0., 5.64722290e+02,
       4.94195160e+02, 1.54891074e-01, 3.86453522e+02, 4.78561554e+02,
       7.95770660e-02, 1.74869797e+02, 5.35348633e+02, 1.31571263e-01,
       8.99732178e+02, 3.84436676e+02, 9.22072411e-01, 9.03656982e+02,
       4.15800049e+02, 7.97672153e-01, 8.70360840e+02, 3.68800690e+02,
       7.06015527e-01, 8.86073730e+02, 4.45121155e+02, 5.88060260e-01,
       1.20039085e+02, 5.56879883e+02, 1.09736137e-01, 0., 0., 0., 0.,
       0., 0., 0., 0., 0., 0., 0., 0., 0., 0., 0. ]
