%YAML:1.0
---
pose_0: !!opencv-matrix
   rows: 1
   cols: 25
   dt: "3f"
   data: [ 9.64457275e+02, 1.98421021e+02, 6.92124724e-01,
       8.52649231e+02, 2.23787903e+02, 6.20886147e-01, 8.40959717e+02,
       1.33714157e+02, 6.60050452e-01, 6.80291077e+02, 8.46562881e+01,
       7.23383904e-01, 5.74569275e+02, 7.29685974e+01, 8.18929672e-01,
       8.54673462e+02, 3.08076935e+02, 6.26541495e-01, 7.42944275e+02,
       3.57097687e+02, 6.77408040e-01, 6.21533813e+02, 3.21781342e+02,
       7.85908818e-01, 6.21530029e+02, 2.37553299e+02, 1.51806787e-01,
       6.01938293e+02, 1.86622986e+02, 1.28262967e-01, 0., 0., 0., 0.,
       0., 0., 6.41119873e+02, 2.92421844e+02, 1.36397928e-01, 0., 0.,
       0., 0., 0., 0., 9.79986511e+02, 1.80698532e+02, 8.63564610e-01,
       9.80109070e+02, 2.25789322e+02, 7.45876074e-01, 9.50691833e+02,
       1.57231903e+02, 4.11198676e-01, 9.62386230e+02, 2.51278473e+02,
       2.57675469e-01, 0., 0., 0., 0., 0., 0., 0., 0., 0., 0., 0., 0.,
       0., 0., 0., 0., 0., 0. ]
