%YAML:1.0
---
pose_0: !!opencv-matrix
   rows: 1
   cols: 25
   dt: "3f"
   data: [ 9.78081116e+02, 2.72722351e+02, 8.15099537e-01,
       8.44873840e+02, 3.21786499e+02, 6.81112289e-01, 8.11562012e+02,
       2.57067474e+02, 6.54152632e-01, 6.92088440e+02, 2.66949890e+02,
       2.81931311e-01, 6.09812378e+02, 2.29688156e+02, 4.58129942e-01,
       8.72307312e+02, 3.94266083e+02, 6.28510356e-01, 7.43056396e+02,
       4.62825134e+02, 8.18041384e-01, 6.80347046e+02, 3.11996155e+02,
       2.21394926e-01, 5.29452637e+02, 3.35536652e+02, 2.55769283e-01,
       5.52984192e+02, 2.98303040e+02, 2.28045180e-01, 3.41417267e+02,
       2.12131546e+02, 1.88068792e-01, 1.80705887e+02, 3.12012573e+02,
       7.82081187e-02, 5.15760254e+02, 3.55106934e+02, 2.11883619e-01,
       3.35568573e+02, 2.16001816e+02, 6.64944470e-01, 1.78798325e+02,
       3.08136139e+02, 5.63796639e-01, 9.80010559e+02, 2.55193100e+02,
       8.62930715e-01, 9.89870117e+02, 2.90527802e+02, 8.26562107e-01,
       9.35044250e+02, 2.43375626e+02, 3.23185265e-01, 9.70296753e+02,
       3.31558777e+02, 5.68003953e-01, 1.31750916e+02, 2.59084198e+02,
       2.06881598e-01, 1.31751663e+02, 2.68921326e+02, 2.20531553e-01,
       1.67026215e+02, 3.31562653e+02, 4.15005922e-01, 1.45479156e+02,
       2.59097778e+02, 1.05659649e-01, 1.49397308e+02, 2.59148193e+02,
       5.38301021e-02, 0., 0., 0. ]
