%YAML:1.0
---
pose_0: !!opencv-matrix
   rows: 1
   cols: 25
   dt: "3f"
   data: [ 9.58523254e+02, 9.05954819e+01, 2.61836052e-01,
       8.66390259e+02, 1.47432556e+02, 6.10602319e-01, 8.25330872e+02,
       7.30341721e+01, 5.04775941e-01, 6.78353394e+02, 8.08489761e+01,
       1.68534502e-01, 5.64722168e+02, 5.53387260e+01, 3.22387964e-01,
       8.91919189e+02, 2.19931229e+02, 5.23041070e-01, 7.46941223e+02,
       3.35557739e+02, 5.97359419e-01, 5.78428833e+02, 4.13848785e+02,
       6.85500562e-01, 5.51019409e+02, 1.86623138e+02, 7.38041922e-02,
       5.15764648e+02, 1.45458267e+02, 8.55183676e-02, 2.70878082e+02,
       2.51262466e+02, 6.90054446e-02, 2.61079468e+02, 2.59125488e+02,
       7.08591118e-02, 5.51010071e+02, 2.41447220e+02, 7.24951774e-02,
       2.61094055e+02, 2.61070343e+02, 5.47846593e-02, 1.90505920e+02,
       3.23741455e+02, 1.08385324e-01, 9.78050232e+02, 5.93004379e+01,
       1.04907364e-01, 9.91761719e+02, 1.14133278e+02, 5.15521646e-01,
       9.31068176e+02, 5.73582611e+01, 1.02947898e-01, 9.64409363e+02,
       1.51342651e+02, 4.01034713e-01, 0., 0., 0., 0., 0., 0., 0., 0.,
       0., 0., 0., 0., 0., 0., 0., 0., 0., 0. ]
