%YAML:1.0
---
pose_0: !!opencv-matrix
   rows: 1
   cols: 25
   dt: "3f"
   data: [ 8.99773987e+02, 1.43541046e+02, 8.22148263e-01,
       7.89996399e+02, 1.35672180e+02, 6.34029686e-01, 7.90025879e+02,
       5.34089584e+01, 6.99057460e-01, 7.27342041e+02, 5.33970404e+00,
       2.73606002e-01, 6.54868286e+02, 2.20054722e+01, 7.01898813e-01,
       7.78256042e+02, 2.25724884e+02, 6.19579434e-01, 6.56791138e+02,
       2.55222015e+02, 7.14141428e-01, 5.41216431e+02, 2.74775299e+02,
       8.17347050e-01, 5.90198608e+02, 1.61148438e+02, 1.46562621e-01,
       5.76490051e+02, 1.14108536e+02, 1.46957219e-01, 0., 0., 0., 0.,
       0., 0., 5.98036743e+02, 2.12080856e+02, 1.40210479e-01, 0., 0.,
       0., 0., 0., 0., 9.03663025e+02, 1.18092758e+02, 8.26328695e-01,
       9.15389832e+02, 1.59151016e+02, 7.49573171e-01, 8.83989441e+02,
       9.45385132e+01, 5.02399623e-01, 9.07575867e+02, 1.80697800e+02,
       1.53050989e-01, 0., 0., 0., 0., 0., 0., 0., 0., 0., 0., 0., 0.,
       0., 0., 0., 0., 0., 0. ]
