%YAML:1.0
---
pose_0: !!opencv-matrix
   rows: 2
   cols: 25
   dt: "3f"
   data: [ 9.40894897e+02, 3.59002441e+02, 6.93843961e-01,
       8.84005005e+02, 2.78692200e+02, 2.91435242e-01, 8.87994263e+02,
       2.72734802e+02, 6.73820734e-01, 7.90047485e+02, 3.35447266e+02,
       7.63162732e-01, 8.29201355e+02, 4.45262238e+02, 8.45687985e-01,
       0., 0., 0., 0., 0., 0., 0., 0., 0., 5.41191162e+02,
       2.90436157e+02, 2.04323947e-01, 5.43179382e+02, 2.82603485e+02,
       1.73332021e-01, 3.04154022e+02, 3.35502808e+02, 4.54076946e-01,
       1.18041847e+02, 3.02204865e+02, 1.30674362e-01, 5.35353760e+02,
       2.90437286e+02, 1.43277332e-01, 3.04137878e+02, 3.23736633e+02,
       2.99706787e-01, 1.00412987e+02, 2.96305389e+02, 2.48383582e-01,
       9.56556152e+02, 3.49226624e+02, 7.34995425e-01, 9.58482788e+02,
       3.66825836e+02, 8.57994482e-02, 9.52650024e+02, 2.96305176e+02,
       8.08011711e-01, 0., 0., 0., 0., 0., 0., 0., 0., 0.,
       8.27521515e+01, 2.98284943e+02, 1.35652393e-01, 1.19995506e+02,
       3.51201935e+02, 7.79396594e-02, 1.20007965e+02, 3.51187408e+02,
       8.28935578e-02, 0., 0., 0., 0., 0., 0., 0., 0., 0., 0., 0., 0.,
       0., 0., 0., 0., 0., 0., 8.72302917e+02, 2.57104889e+02,
       1.07230835e-01, 6.95896179e+02, 3.60984802e+02, 7.08699465e-01,
       7.60592224e+02, 4.51102448e+02, 8.16680729e-01, 0., 0., 0., 0.,
       0., 0., 0., 0., 0., 0., 0., 0., 0., 0., 0., 0., 0., 0., 0., 0.,
       0., 0., 0., 0., 0., 0., 0., 0., 0., 0., 0., 0., 0., 0., 0., 0.,
       0., 0., 0., 0., 0., 0., 0., 0., 0., 0., 0., 0., 0., 0., 0. ]
