%YAML:1.0
---
pose_0: !!opencv-matrix
   rows: 1
   cols: 25
   dt: "3f"
   data: [ 8.86018188e+02, 3.04182404e+02, 7.11873353e-01,
       7.78243042e+02, 3.10070984e+02, 6.64639056e-01, 7.76308960e+02,
       2.43383301e+02, 5.67034304e-01, 8.19373474e+02, 1.51410294e+02,
       6.98566794e-01, 9.05605225e+02, 2.39464447e+02, 6.22226357e-01,
       7.82170105e+02, 3.76641083e+02, 5.37770569e-01, 8.23370667e+02,
       4.66782745e+02, 7.61893749e-01, 8.99703308e+02, 3.57103516e+02,
       6.89936459e-01, 5.58840820e+02, 3.23794067e+02, 3.19675088e-01,
       5.70623169e+02, 2.84559875e+02, 3.24121982e-01, 5.17720154e+02,
       2.55160736e+02, 1.45585820e-01, 3.84455017e+02, 2.57194122e+02,
       1.71017423e-01, 5.52934631e+02, 3.66821136e+02, 3.69323611e-01,
       3.60988464e+02, 3.88404144e+02, 3.73956621e-01, 1.59210968e+02,
       3.82494293e+02, 5.56892037e-01, 8.62533691e+02, 2.88458191e+02,
       3.19154590e-01, 8.85986511e+02, 2.84587646e+02, 3.87733817e-01,
       8.39035400e+02, 2.64978455e+02, 8.84509012e-02, 0., 0., 0.,
       1.16025627e+02, 4.33482269e+02, 2.61192977e-01, 1.18057228e+02,
       4.33496277e+02, 2.49008834e-01, 1.37633118e+02, 3.68807739e+02,
       4.06995744e-01, 0., 0., 0., 0., 0., 0., 0., 0., 0. ]
