%YAML:1.0
---
pose_0: !!opencv-matrix
   rows: 1
   cols: 25
   dt: "3f"
   data: [ 9.01756287e+02, 2.72757355e+02, 8.21553290e-01,
       8.23337036e+02, 2.37581024e+02, 5.55206299e-01, 8.35027161e+02,
       1.80794281e+02, 6.56499863e-01, 7.80269897e+02, 1.65134613e+02,
       7.54060507e-01, 8.21280029e+02, 3.06085419e+02, 8.07193816e-01,
       8.01792114e+02, 2.76767365e+02, 2.95876175e-01, 5.68605591e+02,
       3.39464386e+02, 1.45526052e-01, 5.62757324e+02, 3.37468750e+02,
       5.44916168e-02, 5.76486450e+02, 2.57142609e+02, 9.58830714e-02,
       5.58862549e+02, 2.41482468e+02, 1.09879166e-01, 4.98114075e+02,
       3.06160095e+02, 6.22286238e-02, 0., 0., 0., 5.98037292e+02,
       3.04176819e+02, 5.23099788e-02, 0., 0., 0., 0., 0., 0.,
       9.15338867e+02, 2.45447037e+02, 8.51381779e-01, 9.19314087e+02,
       2.78742676e+02, 7.33428836e-01, 8.91930542e+02, 2.14038208e+02,
       6.63274944e-01, 0., 0., 0., 0., 0., 0., 0., 0., 0., 0., 0., 0.,
       0., 0., 0., 0., 0., 0., 0., 0., 0. ]
