%YAML:1.0
---
pose_0: !!opencv-matrix
   rows: 1
   cols: 25
   dt: "3f"
   data: [ 8.99754822e+02, 4.60937286e+02, 8.40688348e-01,
       7.95893921e+02, 4.78565247e+02, 6.50866866e-01, 7.91957703e+02,
       4.00200714e+02, 6.99676931e-01, 7.25309875e+02, 3.37434845e+02,
       7.52948105e-01, 6.68524109e+02, 2.51283752e+02, 7.89266706e-01,
       7.93958862e+02, 5.52985596e+02, 6.60733879e-01, 6.88184082e+02,
       6.01994934e+02, 7.70641506e-01, 7.11596985e+02, 6.80237610e+02,
       8.11985612e-01, 5.70609924e+02, 4.92250549e+02, 2.81514645e-01,
       5.84320496e+02, 4.45234406e+02, 3.20012450e-01, 3.80563568e+02,
       4.17790619e+02, 2.29964420e-01, 1.96459488e+02, 3.98191589e+02,
       1.73840180e-01, 5.64710693e+02, 5.37323730e+02, 2.83856690e-01,
       4.15828583e+02, 5.43181152e+02, 1.00307524e-01, 1.78812027e+02,
       5.41265625e+02, 1.62845582e-01, 9.05651733e+02, 4.47146118e+02,
       8.61850142e-01, 9.15357056e+02, 4.76627289e+02, 8.54309261e-01,
       8.84044312e+02, 4.33537872e+02, 4.69101906e-01, 8.93879578e+02,
       5.07846497e+02, 6.06733918e-01, 0., 0., 0., 0., 0., 0.,
       1.51404785e+02, 5.27518677e+02, 1.00760780e-01, 0., 0., 0., 0.,
       0., 0., 0., 0., 0. ]
