%YAML:1.0
---
pose_0: !!opencv-matrix
   rows: 1
   cols: 25
   dt: "3f"
   data: [ 8.97742981e+02, 3.76645477e+02, 7.66893268e-01,
       7.90016785e+02, 3.51118683e+02, 6.92918897e-01, 7.88054016e+02,
       2.72836823e+02, 6.41427457e-01, 6.64700134e+02, 2.08197617e+02,
       8.26418579e-01, 7.50817139e+02, 2.37586319e+02, 7.19717085e-01,
       7.86125183e+02, 4.25659821e+02, 5.59121609e-01, 6.82270752e+02,
       5.05894836e+02, 7.95675457e-01, 7.89979065e+02, 5.07925629e+02,
       8.16256106e-01, 5.49064209e+02, 4.13879791e+02, 3.29691082e-01,
       5.39244141e+02, 3.68771606e+02, 4.02774066e-01, 3.74685547e+02,
       3.62956879e+02, 1.18641712e-01, 0., 0., 0., 5.56929993e+02,
       4.56975616e+02, 3.70479733e-01, 3.64886230e+02, 4.90228302e+02,
       3.35060596e-01, 1.82689163e+02, 5.27486816e+02, 3.11947286e-01,
       9.13489624e+02, 3.53095184e+02, 8.40213835e-01, 9.13417603e+02,
       3.84591248e+02, 7.58492887e-01, 8.88030273e+02, 3.13977356e+02,
       8.00921857e-01, 0., 0., 0., 1.25866264e+02, 5.72568726e+02,
       1.71580940e-01, 1.31725418e+02, 5.72550964e+02, 1.91907614e-01,
       1.51392975e+02, 5.11855865e+02, 2.22336501e-01, 0., 0., 0., 0.,
       0., 0., 0., 0., 0. ]
