%YAML:1.0
---
pose_0: !!opencv-matrix
   rows: 1
   cols: 25
   dt: "3f"
   data: [ 9.13439270e+02, 1.80660812e+02, 8.51467550e-01,
       8.01753784e+02, 1.92456970e+02, 6.51360273e-01, 7.89973206e+02,
       1.02388443e+02, 6.83943450e-01, 6.52893738e+02, 8.48276672e+01,
       6.94477081e-01, 5.33375916e+02, 1.02429115e+02, 6.49045169e-01,
       8.07581360e+02, 2.78694214e+02, 6.99586391e-01, 6.96010193e+02,
       3.19839539e+02, 6.95944548e-01, 5.64723816e+02, 3.35535614e+02,
       7.97484279e-01, 5.29469849e+02, 2.27771912e+02, 2.38856629e-01,
       5.23591003e+02, 1.80692413e+02, 3.77700955e-01, 3.64902618e+02,
       1.82691986e+02, 1.61191702e-01, 0., 0., 0., 5.43186707e+02,
       2.74802307e+02, 2.52801567e-01, 3.66877930e+02, 3.04186401e+02,
       9.85042825e-02, 0., 0., 0., 9.17433960e+02, 1.51383957e+02,
       8.69392693e-01, 9.31096191e+02, 1.92422073e+02, 8.80301476e-01,
       8.88013611e+02, 1.33726974e+02, 6.96734488e-01, 9.19349121e+02,
       2.10023956e+02, 1.67186365e-01, 0., 0., 0., 0., 0., 0., 0., 0.,
       0., 0., 0., 0., 0., 0., 0., 0., 0., 0. ]
