%YAML:1.0
---
pose_0: !!opencv-matrix
   rows: 1
   cols: 25
   dt: "3f"
   data: [ 9.13424683e+02, 2.82640015e+02, 7.56930768e-01,
       7.92052429e+02, 2.84533020e+02, 6.30279183e-01, 7.93997131e+02,
       1.94410950e+02, 6.82367563e-01, 6.66641479e+02, 1.47416290e+02,
       7.63278246e-01, 5.78460754e+02, 1.64980499e+02, 8.22876453e-01,
       7.88022888e+02, 3.66809540e+02, 6.25677407e-01, 6.72458252e+02,
       4.45296143e+02, 7.82933474e-01, 6.84222168e+02, 4.00160339e+02,
       8.07765424e-01, 5.54914795e+02, 2.86495697e+02, 2.09470630e-01,
       5.60820068e+02, 2.45380829e+02, 2.67846197e-01, 3.29654938e+02,
       2.61074860e+02, 3.02971900e-01, 8.27805862e+01, 2.59069244e+02,
       6.72501326e-02, 5.47083191e+02, 3.37483948e+02, 1.66188896e-01,
       3.60957520e+02, 3.49235260e+02, 1.53406680e-01, 1.37629349e+02,
       3.19793671e+02, 2.52893865e-01, 9.17390808e+02, 2.59185303e+02,
       8.39063168e-01, 9.21325012e+02, 2.96306946e+02, 7.62327671e-01,
       8.91922974e+02, 2.39507126e+02, 6.65890574e-01, 9.05658508e+02,
       3.15904175e+02, 2.42181525e-01, 6.51488571e+01, 3.51188385e+02,
       6.43055439e-02, 0., 0., 0., 0., 0., 0., 0., 0., 0., 0., 0., 0.,
       0., 0., 0. ]
