%YAML:1.0
---
pose_0: !!opencv-matrix
   rows: 1
   cols: 25
   dt: "3f"
   data: [ 9.60440002e+02, 2.86465485e+02, 7.23357797e-01,
       8.42956360e+02, 3.06133850e+02, 6.25030518e-01, 8.25319336e+02,
       2.25764526e+02, 6.67573988e-01, 7.09663879e+02, 1.78736023e+02,
       7.03801990e-01, 6.39166321e+02, 1.39590561e+02, 7.80481935e-01,
       8.54684448e+02, 3.94248749e+02, 6.50502324e-01, 7.48930481e+02,
       4.76546295e+02, 7.75733948e-01, 6.68531311e+02, 5.72517151e+02,
       8.03765655e-01, 5.47112732e+02, 3.53156464e+02, 1.43749312e-01,
       5.39276245e+02, 3.15912994e+02, 1.83238000e-01, 3.31589539e+02,
       3.35448822e+02, 2.75010079e-01, 2.17972733e+02, 3.39462036e+02,
       9.97135267e-02, 5.45137207e+02, 4.15819580e+02, 1.14217542e-01,
       3.82525146e+02, 4.66755890e+02, 2.60466456e-01, 2.06225601e+02,
       5.15749146e+02, 2.54681945e-01, 9.64407043e+02, 2.59068512e+02,
       8.54129314e-01, 9.76131958e+02, 3.02195160e+02, 7.68454969e-01,
       9.35038208e+02, 2.31695663e+02, 6.04680777e-01, 9.62461975e+02,
       3.21831848e+02, 1.34620175e-01, 1.16112839e+02, 5.23584961e+02,
       7.63200149e-02, 1.23905838e+02, 5.33385925e+02, 6.93278089e-02,
       1.94460724e+02, 5.17695801e+02, 1.05005465e-01, 0., 0., 0., 0.,
       0., 0., 0., 0., 0. ]
