%YAML:1.0
---
pose_0: !!opencv-matrix
   rows: 1
   cols: 25
   dt: "3f"
   data: [ 8.85955322e+02, 4.72629639e+02, 7.99377680e-01,
       7.91963623e+02, 4.90250946e+02, 6.95923686e-01, 7.97895386e+02,
       4.27588287e+02, 6.63453639e-01, 7.76388733e+02, 3.68790985e+02,
       3.53502572e-01, 7.93974976e+02, 3.45330078e+02, 3.31299990e-01,
       7.90006348e+02, 5.56954956e+02, 6.25192225e-01, 8.48805237e+02,
       6.68544556e+02, 7.85739303e-01, 8.50706787e+02, 5.58889587e+02,
       4.88383710e-01, 5.56905579e+02, 4.76540833e+02, 1.55454412e-01,
       5.56885925e+02, 4.43248474e+02, 2.03621969e-01, 3.90363770e+02,
       4.51090118e+02, 1.09947011e-01, 0., 0., 0., 5.56901611e+02,
       5.25581848e+02, 1.02513909e-01, 0., 0., 0., 0., 0., 0.,
       8.91917053e+02, 4.60851624e+02, 8.57406437e-01, 8.97777527e+02,
       4.90315643e+02, 7.66301394e-01, 8.70320984e+02, 4.47222992e+02,
       3.48229021e-01, 8.70408325e+02, 5.23481018e+02, 5.86846173e-01,
       0., 0., 0., 0., 0., 0., 0., 0., 0., 0., 0., 0., 0., 0., 0., 0.,
       0., 0. ]
