%YAML:1.0
---
pose_0: !!opencv-matrix
   rows: 1
   cols: 25
   dt: "3f"
   data: [ 9.15414917e+02, 3.55129669e+02, 7.58081079e-01,
       8.25322632e+02, 2.86523254e+02, 4.84810680e-01, 8.35092590e+02,
       2.61117004e+02, 7.39605248e-01, 7.27335571e+02, 3.21815125e+02,
       7.33124197e-01, 8.25262939e+02, 4.31451630e+02, 7.01190948e-01,
       8.21388794e+02, 3.13983856e+02, 2.14820936e-01, 0., 0., 0., 0.,
       0., 0., 5.60825317e+02, 3.13977570e+02, 2.81559646e-01,
       5.60800903e+02, 2.92419800e+02, 2.98688054e-01, 3.08148468e+02,
       3.39437805e+02, 5.46354651e-01, 9.65172729e+01, 3.39469360e+02,
       3.55365843e-01, 5.58867004e+02, 3.33566406e+02, 1.53684586e-01,
       3.12006897e+02, 3.39450195e+02, 5.62369712e-02, 1.20001884e+02,
       2.94362579e+02, 2.57473111e-01, 9.33026123e+02, 3.37438385e+02,
       8.00202131e-01, 9.33132324e+02, 3.57068817e+02, 1.84354246e-01,
       9.17407410e+02, 2.88447632e+02, 8.92502427e-01, 0., 0., 0.,
       9.25757675e+01, 2.66958801e+02, 1.37961090e-01, 9.65074463e+01,
       2.76772614e+02, 1.40084505e-01, 1.06273994e+02, 2.78729858e+02,
       1.41651258e-01, 7.10126114e+01, 3.70764099e+02, 6.28319383e-02,
       5.53584595e+01, 3.53149353e+02, 6.66134357e-02, 8.08346939e+01,
       3.37502197e+02, 2.67564774e-01 ]
