%YAML:1.0
---
pose_0: !!opencv-matrix
   rows: 1
   cols: 25
   dt: "3f"
   data: [ 9.07593079e+02, 3.00211060e+02, 6.79414451e-01,
       8.15493713e+02, 3.25752380e+02, 6.69930816e-01, 8.01751465e+02,
       2.59161896e+02, 7.46683002e-01, 7.13640137e+02, 2.57115448e+02,
       4.09419119e-01, 6.19560303e+02, 2.39544632e+02, 3.11731905e-01,
       8.23402222e+02, 3.96214508e+02, 7.05456793e-01, 7.01894409e+02,
       3.96244659e+02, 7.69452691e-01, 6.62648682e+02, 2.72861938e+02,
       7.67500401e-01, 6.01929199e+02, 3.37470093e+02, 1.61041871e-01,
       5.86291077e+02, 3.21786987e+02, 1.17161162e-01, 3.55116425e+02,
       3.17842987e+02, 1.71235502e-01, 1.51379318e+02, 3.37431519e+02,
       1.72150522e-01, 6.01952698e+02, 3.45314636e+02, 1.34650484e-01,
       5.25563110e+02, 2.72779358e+02, 3.98795217e-01, 3.82524384e+02,
       3.08113098e+02, 1.03072606e-01, 9.17359436e+02, 2.86489929e+02,
       7.51032710e-01, 9.21266113e+02, 3.10044739e+02, 7.98895836e-01,
       8.88007019e+02, 2.70870300e+02, 3.65656197e-01, 9.05653259e+02,
       3.39486389e+02, 5.81688821e-01, 0., 0., 0., 0., 0., 0., 0., 0.,
       0., 0., 0., 0., 0., 0., 0., 0., 0., 0. ]
