%YAML:1.0
---
pose_0: !!opencv-matrix
   rows: 1
   cols: 25
   dt: "3f"
   data: [ 8.93844727e+02, 2.72787903e+02, 6.38264000e-01,
       7.92003174e+02, 3.27709717e+02, 7.36597478e-01, 7.76337708e+02,
       2.68864868e+02, 6.85830653e-01, 6.68554260e+02, 2.72808777e+02,
       4.89643395e-01, 5.84335999e+02, 2.59191284e+02, 3.49667519e-01,
       7.97902954e+02, 3.86491333e+02, 6.52758241e-01, 6.62681274e+02,
       3.86442261e+02, 7.68107533e-01, 5.64698242e+02, 2.78718811e+02,
       6.33302629e-01, 5.27527649e+02, 3.57048920e+02, 2.01185450e-01,
       5.23572998e+02, 3.12023468e+02, 2.93462932e-01, 3.43350433e+02,
       3.04117401e+02, 2.65658528e-01, 0., 0., 0., 5.39246887e+02,
       4.11925903e+02, 2.56453902e-01, 3.33553284e+02, 4.35405273e+02,
       4.77243483e-01, 1.78801392e+02, 4.82452545e+02, 3.52625787e-01,
       8.99752258e+02, 2.61130005e+02, 5.72387695e-01, 9.05615662e+02,
       2.90429169e+02, 7.96977997e-01, 8.68389648e+02, 2.59052490e+02,
       5.20028286e-02, 8.86098511e+02, 3.33572571e+02, 7.15469480e-01,
       1.16147408e+02, 4.74627441e+02, 1.31282508e-01, 1.23922104e+02,
       4.84380005e+02, 1.46393582e-01, 1.57229340e+02, 4.92273071e+02,
       2.01685458e-01, 0., 0., 0., 0., 0., 0., 0., 0., 0. ]
