%YAML:1.0
---
pose_0: !!opencv-matrix
   rows: 1
   cols: 25
   dt: "3f"
   data: [ 9.74149536e+02, 3.17896729e+02, 6.86944187e-01,
       8.38957092e+02, 3.11989258e+02, 5.95364034e-01, 8.38963440e+02,
       2.21876068e+02, 6.25823200e-01, 6.95903687e+02, 1.63013794e+02,
       8.14193726e-01, 6.97902771e+02, 2.43416824e+02, 8.01809132e-01,
       8.48824646e+02, 4.09969391e+02, 5.42850256e-01, 6.92072388e+02,
       4.78525543e+02, 7.40153730e-01, 7.89938477e+02, 3.96270477e+02,
       7.94912040e-01, 5.13797485e+02, 3.37478333e+02, 1.13230407e-01,
       5.25556091e+02, 2.76744965e+02, 1.63914949e-01, 3.23771210e+02,
       2.84598755e+02, 2.21107781e-01, 0., 0., 0., 5.17721985e+02,
       3.94278961e+02, 1.65001228e-01, 3.29646240e+02, 3.82598450e+02,
       2.96396375e-01, 1.02417969e+02, 3.98182007e+02, 3.02537382e-01,
       9.91755859e+02, 2.90555237e+02, 8.21270823e-01, 9.89870544e+02,
       3.35583588e+02, 7.77611375e-01, 9.64344299e+02, 2.59199493e+02,
       4.03958619e-01, 0., 0., 0., 3.38090019e+01, 4.04108795e+02,
       9.55069363e-02, 0., 0., 0., 8.47514725e+01, 4.27473541e+02,
       5.79256341e-02, 0., 0., 0., 0., 0., 0., 0., 0., 0. ]
