%YAML:1.0
---
pose_0: !!opencv-matrix
   rows: 1
   cols: 25
   dt: "3f"
   data: [ 9.15371887e+02, 3.66856720e+02, 8.26402247e-01,
       8.19435547e+02, 3.19765289e+02, 4.98150170e-01, 8.35026123e+02,
       2.82587646e+02, 6.26641273e-01, 7.31234863e+02, 2.15981705e+02,
       7.95281529e-01, 6.50893921e+02, 3.53169525e+02, 6.77766502e-01,
       7.93979004e+02, 3.51221100e+02, 2.28061542e-01, 0., 0., 0., 0.,
       0., 0., 6.09786621e+02, 3.27666687e+02, 1.35173976e-01,
       6.11742676e+02, 2.98271942e+02, 1.87569439e-01, 4.37367218e+02,
       3.10061859e+02, 9.53864753e-02, 0., 0., 0., 6.47023987e+02,
       3.74691345e+02, 6.76850080e-02, 6.31305298e+02, 4.06069580e+02,
       1.44551605e-01, 5.60848572e+02, 4.58965027e+02, 4.08807278e-01,
       9.31107849e+02, 3.49157532e+02, 7.86083221e-01, 9.31042603e+02,
       3.72758698e+02, 7.48981416e-01, 9.07593994e+02, 3.04252136e+02,
       8.48536015e-01, 0., 0., 0., 5.51012268e+02, 4.86378143e+02,
       3.03063601e-01, 5.49054626e+02, 4.84422577e+02, 2.85666257e-01,
       5.43166382e+02, 4.60893097e+02, 3.86554718e-01, 0., 0., 0., 0.,
       0., 0., 0., 0., 0. ]
