%YAML:1.0
---
pose_0: !!opencv-matrix
   rows: 1
   cols: 25
   dt: "3f"
   data: [ 9.93734131e+02, 3.08131073e+02, 8.02731276e-01,
       8.58602844e+02, 3.35485474e+02, 5.86364627e-01, 8.39017517e+02,
       2.55162018e+02, 6.23137593e-01, 7.27332764e+02, 2.39500610e+02,
       3.53263617e-01, 5.62791504e+02, 2.14081024e+02, 4.78196859e-01,
       8.74291382e+02, 4.25624512e+02, 5.76836824e-01, 7.58652893e+02,
       4.94240570e+02, 7.38761425e-01, 7.62636597e+02, 3.84491699e+02,
       6.71833992e-01, 5.19674561e+02, 3.59022247e+02, 5.63980266e-02,
       0., 0., 0., 0., 0., 0., 0., 0., 0., 5.41208740e+02,
       4.04078552e+02, 6.84099048e-02, 0., 0., 0., 0., 0., 0.,
       9.93860291e+02, 2.88443451e+02, 8.35761189e-01, 1.00748230e+03,
       3.23815216e+02, 8.04291964e-01, 9.66344299e+02, 2.65009369e+02,
       4.36562121e-01, 9.93719971e+02, 3.53203400e+02, 1.48931250e-01,
       0., 0., 0., 0., 0., 0., 0., 0., 0., 0., 0., 0., 0., 0., 0., 0.,
       0., 0. ]
