%YAML:1.0
---
pose_0: !!opencv-matrix
   rows: 2
   cols: 25
   dt: "3f"
   data: [ 8.95771057e+02, 3.96226410e+02, 7.54464567e-01,
       8.05735535e+02, 4.49122681e+02, 5.73150456e-01, 7.88058350e+02,
       4.17825409e+02, 3.10327023e-01, 7.17549683e+02, 3.98173645e+02,
       6.10989518e-02, 0., 0., 0., 8.23331848e+02, 4.78494781e+02,
       5.89609504e-01, 7.11566956e+02, 3.96251007e+02, 6.85224116e-01,
       6.17595276e+02, 2.90420197e+02, 8.06042373e-01, 6.46998047e+02,
       5.31409851e+02, 7.53538758e-02, 6.45057983e+02, 5.02031097e+02,
       6.89180419e-02, 0., 0., 0., 0., 0., 0., 6.66604553e+02,
       5.62753967e+02, 6.82907850e-02, 5.31434265e+02, 4.13885712e+02,
       1.01365700e-01, 0., 0., 0., 8.99816833e+02, 3.80577881e+02,
       8.87156487e-01, 9.11450439e+02, 4.11895233e+02, 8.24337661e-01,
       8.82121643e+02, 3.68895172e+02, 3.14912975e-01, 8.99724670e+02,
       4.45247284e+02, 5.74714303e-01, 0., 0., 0., 0., 0., 0., 0., 0.,
       0., 0., 0., 0., 0., 0., 0., 0., 0., 0., 0., 0., 0., 0., 0., 0.,
       6.95944092e+02, 4.43242340e+02, 6.44371808e-02, 6.43108582e+02,
       4.17848145e+02, 1.84577137e-01, 5.54980286e+02, 3.84509827e+02,
       4.06526595e-01, 0., 0., 0., 0., 0., 0., 0., 0., 0., 0., 0., 0.,
       0., 0., 0., 0., 0., 0., 0., 0., 0., 0., 0., 0., 0., 0., 0., 0.,
       0., 0., 0., 0., 0., 0., 0., 0., 0., 0., 0., 0., 0., 0., 0., 0.,
       0., 0., 0., 0., 0., 0., 0., 0., 0., 0., 0., 0., 0., 0., 0., 0. ]
