%YAML:1.0
---
pose_0: !!opencv-matrix
   rows: 1
   cols: 25
   dt: "3f"
   data: [ 1.02514771e+03, 2.12104843e+02, 7.84376502e-01,
       8.89915894e+02, 2.49339722e+02, 5.69800615e-01, 8.70326111e+02,
       1.53327484e+02, 5.17758787e-01, 7.29342407e+02, 1.19996216e+02,
       5.97152114e-01, 5.92196899e+02, 1.25857475e+02, 6.62733078e-01,
       9.01772705e+02, 3.43319519e+02, 5.87356627e-01, 7.78322266e+02,
       4.27539185e+02, 6.72449231e-01, 7.54792908e+02, 2.90418884e+02,
       5.90594709e-01, 6.25455872e+02, 3.29626587e+02, 6.24675304e-02,
       5.99986938e+02, 2.92417084e+02, 6.33536354e-02, 3.49229095e+02,
       3.25705750e+02, 1.39291286e-01, 1.65102631e+02, 3.37555969e+02,
       5.02530932e-02, 6.60712891e+02, 3.84508057e+02, 6.29644990e-02,
       0., 0., 0., 0., 0., 0., 1.03105444e+03, 1.92520386e+02,
       8.42104673e-01, 1.04078687e+03, 2.35576187e+02, 7.20430195e-01,
       9.95787598e+02, 1.70974915e+02, 4.46493566e-01, 1.01339386e+03,
       2.70796906e+02, 3.39196056e-01, 0., 0., 0., 0., 0., 0., 0., 0.,
       0., 0., 0., 0., 0., 0., 0., 0., 0., 0. ]
