%YAML:1.0
---
pose_0: !!opencv-matrix
   rows: 1
   cols: 25
   dt: "3f"
   data: [ 1.03295056e+03, 3.33478058e+02, 6.16426349e-01,
       8.84019348e+02, 3.27654541e+02, 5.04338861e-01, 8.74267029e+02,
       2.59159637e+02, 1.58852607e-01, 8.54717712e+02, 1.59203415e+02,
       6.31346643e-01, 9.15481628e+02, 2.70847504e+02, 7.28265643e-01,
       8.86021606e+02, 3.88427460e+02, 4.40720469e-01, 8.37114563e+02,
       4.94179657e+02, 7.86048353e-01, 9.36947754e+02, 4.29481689e+02,
       7.59014368e-01, 5.90198059e+02, 2.82616913e+02, 7.73469433e-02,
       5.80403992e+02, 2.55161713e+02, 1.05195403e-01, 5.21622986e+02,
       2.29715820e+02, 5.43750748e-02, 3.33573944e+02, 2.57183411e+02,
       7.73534551e-02, 0., 0., 0., 0., 0., 0., 0., 0., 0.,
       9.91794128e+02, 3.10082092e+02, 6.03166878e-01, 1.06233215e+03,
       3.35491577e+02, 4.94034111e-01, 9.48743042e+02, 3.02201477e+02,
       9.98189524e-02, 1.07420447e+03, 3.53064819e+02, 1.04764067e-01,
       0., 0., 0., 0., 0., 0., 0., 0., 0., 0., 0., 0., 0., 0., 0., 0.,
       0., 0. ]
