%YAML:1.0
---
pose_0: !!opencv-matrix
   rows: 1
   cols: 25
   dt: "3f"
   data: [ 9.07581116e+02, 2.64978180e+02, 7.19190478e-01,
       8.07684631e+02, 3.33546631e+02, 6.79015040e-01, 7.78303650e+02,
       2.92408203e+02, 4.83268142e-01, 6.66575195e+02, 2.98275452e+02,
       3.32845211e-01, 6.17706482e+02, 2.39445938e+02, 6.04899049e-01,
       8.37027344e+02, 3.74676056e+02, 6.67545915e-01, 7.27399658e+02,
       4.39350769e+02, 7.43154168e-01, 6.51003113e+02, 2.96338257e+02,
       3.12723786e-01, 5.23580994e+02, 3.39430939e+02, 2.93917239e-01,
       5.31427490e+02, 3.06185669e+02, 3.00166577e-01, 3.62910431e+02,
       2.55180069e+02, 3.31839323e-01, 2.00328171e+02, 3.21814392e+02,
       1.21571086e-01, 5.13801086e+02, 3.68843628e+02, 2.75663406e-01,
       3.90352966e+02, 3.17841431e+02, 1.47813559e-01, 2.27732178e+02,
       3.37445099e+02, 1.71705201e-01, 9.13465149e+02, 2.57075745e+02,
       7.22978950e-01, 9.25209167e+02, 2.82583527e+02, 7.94745088e-01,
       8.70338745e+02, 2.57073944e+02, 1.72160789e-01, 9.07564636e+02,
       3.23787964e+02, 7.64962196e-01, 1.76815613e+02, 2.86506165e+02,
       9.58998054e-02, 1.74842178e+02, 2.94389984e+02, 9.85234082e-02,
       0., 0., 0., 1.65069244e+02, 2.78686768e+02, 1.29634008e-01,
       1.65094971e+02, 2.84572113e+02, 1.19519949e-01, 0., 0., 0. ]
