%YAML:1.0
---
pose_0: !!opencv-matrix
   rows: 1
   cols: 25
   dt: "3f"
   data: [ 9.80111450e+02, 3.21885986e+02, 6.66996121e-01,
       8.56707642e+02, 2.90480835e+02, 6.35037661e-01, 8.38968872e+02,
       2.10078659e+02, 6.22390389e-01, 6.99946716e+02, 1.69016785e+02,
       6.97406292e-01, 5.84293884e+02, 1.39568481e+02, 7.56053805e-01,
       8.78196228e+02, 3.64904663e+02, 5.39761066e-01, 9.82057373e+02,
       3.90347809e+02, 7.28178501e-01, 1.06039404e+03, 3.06078827e+02,
       5.74492037e-01, 5.92158142e+02, 3.06107117e+02, 1.43711731e-01,
       5.88245789e+02, 2.70879822e+02, 2.00051069e-01, 4.82447449e+02,
       2.51287613e+02, 1.07203484e-01, 1.49425003e+02, 2.43462708e+02,
       1.07427001e-01, 5.96083435e+02, 3.55117340e+02, 1.04476228e-01,
       3.53136475e+02, 3.86444519e+02, 7.70082846e-02, 1.47435486e+02,
       3.86425079e+02, 1.32889435e-01, 9.93855591e+02, 2.92463562e+02,
       8.56711745e-01, 9.99661560e+02, 3.27695984e+02, 6.45490050e-01,
       9.68354858e+02, 2.45365112e+02, 7.69347310e-01, 0., 0., 0.,
       1.16084694e+02, 3.76622772e+02, 7.21793920e-02, 0., 0., 0.,
       1.29805359e+02, 3.92301361e+02, 8.44427273e-02, 0., 0., 0., 0.,
       0., 0., 0., 0., 0. ]
