%YAML:1.0
---
pose_0: !!opencv-matrix
   rows: 1
   cols: 25
   dt: "3f"
   data: [ 9.07547485e+02, 1.98369049e+02, 7.13424683e-01,
       8.39053589e+02, 2.84575989e+02, 4.46092069e-01, 8.50732605e+02,
       3.04120697e+02, 3.06691796e-01, 0., 0., 0., 0., 0., 0.,
       8.40975647e+02, 2.90446869e+02, 5.31258345e-01, 7.40991699e+02,
       2.25778412e+02, 6.11848474e-01, 8.40998352e+02, 1.53345062e+02,
       5.09059429e-01, 5.98024292e+02, 3.06132202e+02, 2.34985337e-01,
       5.84333435e+02, 2.72775238e+02, 3.18795681e-01, 3.12005402e+02,
       3.19797943e+02, 1.37374207e-01, 7.49575348e+01, 3.82523560e+02,
       2.26554692e-01, 6.03909302e+02, 3.49200562e+02, 1.62745863e-01,
       3.19826111e+02, 3.10073761e+02, 1.24909446e-01, 1.41538574e+02,
       3.39434448e+02, 1.11258559e-01, 9.29051453e+02, 1.96509232e+02,
       2.10506469e-01, 9.31123901e+02, 2.12011108e+02, 8.60052168e-01,
       0., 0., 0., 9.23290955e+02, 2.72817169e+02, 7.82116234e-01, 0.,
       0., 0., 0., 0., 0., 0., 0., 0., 5.14470367e+01, 4.06071228e+02,
       1.08293474e-01, 4.94865570e+01, 4.00167572e+02, 1.06082596e-01,
       0., 0., 0. ]
