%YAML:1.0
---
pose_0: !!opencv-matrix
   rows: 1
   cols: 25
   dt: "3f"
   data: [ 8.70322815e+02, 3.10070129e+02, 7.74888694e-01,
       7.74297791e+02, 3.04199524e+02, 6.88918352e-01, 7.76404907e+02,
       2.27844574e+02, 7.41639793e-01, 6.50954102e+02, 1.94460159e+02,
       8.37967813e-01, 5.68610046e+02, 2.59106384e+02, 8.35100710e-01,
       7.56672668e+02, 3.70764465e+02, 5.37135541e-01, 6.33307556e+02,
       4.17772827e+02, 3.04544032e-01, 6.45072266e+02, 4.04097260e+02,
       5.38549602e-01, 5.62752441e+02, 2.92411804e+02, 2.26395115e-01,
       5.52970154e+02, 2.59138397e+02, 2.58644432e-01, 3.27685913e+02,
       3.27661041e+02, 2.34266475e-01, 1.04348373e+02, 3.57039703e+02,
       2.79928654e-01, 5.62774109e+02, 3.37462616e+02, 1.85284540e-01,
       4.21709167e+02, 3.78584442e+02, 1.03318915e-01, 3.37493744e+02,
       3.66825104e+02, 1.09418653e-01, 8.83989624e+02, 2.90530853e+02,
       8.47646296e-01, 8.85990112e+02, 3.25744263e+02, 7.79098690e-01,
       8.56679260e+02, 2.72765198e+02, 7.05752313e-01, 8.78158203e+02,
       3.41411041e+02, 1.97415844e-01, 0., 0., 0., 0., 0., 0., 0., 0.,
       0., 8.27950974e+01, 3.57048676e+02, 9.88140106e-02,
       7.69103165e+01, 3.45323761e+02, 9.68153402e-02, 9.45455093e+01,
       3.60986603e+02, 2.15218797e-01 ]
