%YAML:1.0
---
pose_0: !!opencv-matrix
   rows: 1
   cols: 25
   dt: "3f"
   data: [ 9.40879517e+02, 1.76851547e+02, 7.86047459e-01,
       8.23307617e+02, 1.63074921e+02, 6.89161777e-01, 8.33157959e+02,
       9.26008301e+01, 7.01724231e-01, 7.41022888e+02, 1.00339539e+02,
       7.55872786e-01, 6.82311646e+02, 2.61111908e+02, 6.07996702e-01,
       8.05670776e+02, 2.21869217e+02, 5.43456078e-01, 7.09714722e+02,
       2.63042297e+02, 2.81949103e-01, 6.62657776e+02, 3.02158051e+02,
       8.97764415e-02, 0., 0., 0., 0., 0., 0., 0., 0., 0., 0., 0., 0.,
       0., 0., 0., 0., 0., 0., 0., 0., 0., 9.46852356e+02,
       1.49469223e+02, 9.10868227e-01, 9.54600098e+02, 1.80742416e+02,
       8.04817855e-01, 9.17299683e+02, 1.16054947e+02, 8.04674625e-01,
       0., 0., 0., 0., 0., 0., 0., 0., 0., 0., 0., 0., 0., 0., 0., 0.,
       0., 0., 0., 0., 0. ]
