%YAML:1.0
---
pose_0: !!opencv-matrix
   rows: 1
   cols: 25
   dt: "3f"
   data: [ 8.97746277e+02, 1.80701462e+02, 8.21002126e-01,
       7.91975281e+02, 2.12044785e+02, 7.45733440e-01, 7.70404419e+02,
       1.39603394e+02, 6.63805425e-01, 6.66606445e+02, 7.68948593e+01,
       7.19294548e-01, 6.17656311e+02, 8.47672729e+01, 8.05043638e-01,
       8.07678955e+02, 2.90454590e+02, 6.92559302e-01, 7.07710938e+02,
       3.62909241e+02, 6.84097886e-01, 5.82331604e+02, 4.11936249e+02,
       7.91386008e-01, 5.49063110e+02, 2.41432114e+02, 2.95728713e-01,
       5.51009338e+02, 1.96388779e+02, 3.45697701e-01, 3.62943115e+02,
       1.96392242e+02, 1.95798561e-01, 0., 0., 0., 5.50991943e+02,
       2.86513092e+02, 3.22848171e-01, 4.66763092e+02, 2.98307404e+02,
       6.05177656e-02, 0., 0., 0., 9.01698608e+02, 1.63118515e+02,
       8.86004090e-01, 9.13395630e+02, 1.96391235e+02, 8.50440621e-01,
       8.72329773e+02, 1.47507690e+02, 4.91032183e-01, 8.99653625e+02,
       2.25826324e+02, 6.62118196e-01, 0., 0., 0., 0., 0., 0., 0., 0.,
       0., 0., 0., 0., 0., 0., 0., 0., 0., 0. ]
