%YAML:1.0
---
pose_0: !!opencv-matrix
   rows: 1
   cols: 25
   dt: "3f"
   data: [ 8.84122620e+02, 3.31584167e+02, 7.60734260e-01,
       7.88018066e+02, 2.92383820e+02, 6.61680579e-01, 8.03750793e+02,
       2.23797302e+02, 6.57337189e-01, 6.82324219e+02, 1.63182266e+02,
       7.59940505e-01, 5.39250977e+02, 1.78736801e+02, 5.98914325e-01,
       7.66510498e+02, 3.60952667e+02, 5.62285542e-01, 6.78354492e+02,
       3.98155396e+02, 6.68780684e-01, 6.03904968e+02, 4.31439758e+02,
       7.41945028e-01, 5.54920532e+02, 2.78687347e+02, 1.75871730e-01,
       5.49069336e+02, 2.39533356e+02, 2.30825335e-01, 3.53111969e+02,
       3.49191345e+02, 2.82257855e-01, 1.45478043e+02, 3.08081635e+02,
       1.47147477e-01, 5.49050720e+02, 3.37497528e+02, 1.04466766e-01,
       3.57062256e+02, 3.41418152e+02, 1.71224862e-01, 1.57234421e+02,
       3.08087463e+02, 2.84146041e-01, 9.01671875e+02, 3.13935638e+02,
       5.82956612e-01, 8.99734741e+02, 3.37517670e+02, 8.22161615e-01,
       8.97791992e+02, 2.70892334e+02, 7.23328352e-01, 0., 0., 0., 0.,
       0., 0., 0., 0., 0., 1.25891075e+02, 3.17872437e+02,
       8.66765454e-02, 0., 0., 0., 0., 0., 0., 0., 0., 0. ]
