%YAML:1.0
---
pose_0: !!opencv-matrix
   rows: 1
   cols: 25
   dt: "3f"
   data: [ 9.29140564e+02, 1.92480713e+02, 7.88070679e-01,
       8.09630188e+02, 1.98340591e+02, 6.55284047e-01, 8.07611450e+02,
       1.10180801e+02, 6.73824489e-01, 6.68543640e+02, 8.27292404e+01,
       5.90680122e-01, 5.66708557e+02, 8.86349792e+01, 5.68253279e-01,
       8.11615234e+02, 2.86554199e+02, 6.58710659e-01, 6.88137268e+02,
       3.19781982e+02, 6.71294689e-01, 5.60787903e+02, 3.35421112e+02,
       7.85315394e-01, 5.52978455e+02, 2.12116653e+02, 1.85496598e-01,
       5.52977112e+02, 1.65079651e+02, 2.60909051e-01, 3.66815643e+02,
       1.88599319e+02, 1.79090723e-01, 0., 0., 0., 5.52981445e+02,
       2.63041168e+02, 1.82146385e-01, 3.86440674e+02, 3.04150482e+02,
       7.58488774e-02, 0., 0., 0., 9.33087158e+02, 1.65024826e+02,
       8.90694261e-01, 9.44769897e+02, 2.04289307e+02, 8.08593094e-01,
       9.03718567e+02, 1.43548187e+02, 6.50852919e-01, 9.33006714e+02,
       2.23861481e+02, 2.38446042e-01, 0., 0., 0., 0., 0., 0., 0., 0.,
       0., 0., 0., 0., 0., 0., 0., 0., 0., 0. ]
