%YAML:1.0
---
pose_0: !!opencv-matrix
   rows: 1
   cols: 25
   dt: "3f"
   data: [ 9.87882324e+02, 2.88492798e+02, 7.71270454e-01,
       8.54709229e+02, 3.35453278e+02, 7.07956970e-01, 8.27287231e+02,
       2.61067322e+02, 6.77496314e-01, 7.09720703e+02, 2.47354843e+02,
       5.46931565e-01, 5.88235535e+02, 2.18000381e+02, 8.16085041e-01,
       8.80138245e+02, 4.07984131e+02, 6.23687804e-01, 7.43070007e+02,
       4.66782318e+02, 5.62952399e-01, 7.42929810e+02, 3.19844330e+02,
       6.68329179e-01, 5.41204651e+02, 3.68815735e+02, 1.33070633e-01,
       5.70628723e+02, 3.12022095e+02, 1.20011166e-01, 5.21646423e+02,
       2.43414490e+02, 2.66526878e-01, 0., 0., 0., 5.37302734e+02,
       4.11916809e+02, 1.49735957e-01, 5.09904449e+02, 2.53244476e+02,
       2.18101427e-01, 3.51195648e+02, 2.45404068e+02, 7.34140873e-02,
       9.85951294e+02, 2.66913391e+02, 7.27407396e-01, 9.97728088e+02,
       3.04243286e+02, 8.03995609e-01, 9.44811707e+02, 2.57097107e+02,
       4.41012323e-01, 9.83990784e+02, 3.37393250e+02, 4.92211431e-01,
       0., 0., 0., 0., 0., 0., 0., 0., 0., 0., 0., 0., 0., 0., 0., 0.,
       0., 0. ]
