%YAML:1.0
---
pose_0: !!opencv-matrix
   rows: 1
   cols: 25
   dt: "3f"
   data: [ 9.64354065e+02, 2.63004700e+02, 7.97825754e-01,
       8.52681641e+02, 2.84579895e+02, 6.12960041e-01, 8.35100708e+02,
       1.98377975e+02, 6.50080144e-01, 7.29293945e+02, 1.76791473e+02,
       4.35845971e-01, 6.56811401e+02, 1.65163193e+02, 5.56956232e-01,
       8.60558655e+02, 3.76620544e+02, 5.67696512e-01, 7.39110962e+02,
       4.62872711e+02, 7.71604657e-01, 7.31297607e+02, 3.68785309e+02,
       4.93647069e-01, 5.84327393e+02, 2.92428650e+02, 1.55126259e-01,
       5.72590637e+02, 2.55181320e+02, 2.49659926e-01, 3.96246979e+02,
       2.88500061e+02, 1.31971985e-01, 1.55271561e+02, 3.66867584e+02,
       6.61991164e-02, 5.99991882e+02, 3.51190857e+02, 8.70082825e-02,
       0., 0., 0., 0., 0., 0., 9.76140015e+02, 2.39528336e+02,
       8.23343158e-01, 9.89868408e+02, 2.78747101e+02, 7.69199789e-01,
       9.46739990e+02, 2.14063568e+02, 5.95620811e-01, 9.78142151e+02,
       3.08125854e+02, 1.72276035e-01, 0., 0., 0., 0., 0., 0., 0., 0.,
       0., 0., 0., 0., 0., 0., 0., 0., 0., 0. ]
