%YAML:1.0
---
pose_0: !!opencv-matrix
   rows: 1
   cols: 25
   dt: "3f"
   data: [ 9.29120483e+02, 1.51429733e+02, 7.83197463e-01,
       8.05617310e+02, 1.53314194e+02, 6.02894962e-01, 8.01757813e+02,
       6.70624466e+01, 5.87530017e-01, 0., 0., 0., 0., 0., 0.,
       7.95897705e+02, 2.45393478e+02, 6.08825564e-01, 6.84209595e+02,
       2.90541840e+02, 7.34532535e-01, 5.72527832e+02, 3.68753876e+02,
       7.04294205e-01, 5.56880493e+02, 1.92507172e+02, 1.87806815e-01,
       5.29482544e+02, 1.45478561e+02, 1.39670536e-01, 3.49218140e+02,
       2.72810852e+02, 1.07746191e-01, 2.70848572e+02, 3.21841492e+02,
       5.98110706e-02, 5.82370361e+02, 2.29754776e+02, 2.29835838e-01,
       3.84469727e+02, 2.90496826e+02, 1.30589440e-01, 3.45306580e+02,
       3.02181610e+02, 6.24288395e-02, 9.35016479e+02, 1.31658539e+02,
       8.58056843e-01, 9.42852234e+02, 1.65179108e+02, 8.25550556e-01,
       9.13455750e+02, 1.04364273e+02, 5.76060355e-01, 9.29117554e+02,
       1.82774490e+02, 1.25688642e-01, 0., 0., 0., 0., 0., 0., 0., 0.,
       0., 0., 0., 0., 0., 0., 0., 0., 0., 0. ]
