%YAML:1.0
---
pose_0: !!opencv-matrix
   rows: 2
   cols: 25
   dt: "3f"
   data: [ 8.86094360e+02, 2.51299637e+02, 7.86699831e-01,
       7.92056335e+02, 2.90481354e+02, 6.33036733e-01, 8.11584229e+02,
       3.45298401e+02, 3.04627657e-01, 8.86000122e+02, 4.19785248e+02,
       3.96378309e-01, 9.36939941e+02, 3.17892975e+02, 6.74891949e-01,
       8.15493103e+02, 3.53107635e+02, 5.33079386e-01, 8.86042725e+02,
       4.23685760e+02, 5.44777691e-01, 0., 0., 0., 5.56911377e+02,
       3.35488617e+02, 2.19113916e-01, 5.62769409e+02, 2.90441467e+02,
       2.06195235e-01, 3.51213531e+02, 2.90543793e+02, 5.54725826e-01,
       1.68968933e+02, 3.13954498e+02, 3.96798730e-01, 5.51020020e+02,
       3.66852997e+02, 2.30531156e-01, 3.70768860e+02, 3.88395721e+02,
       5.21337092e-01, 1.80751968e+02, 4.33445007e+02, 4.92939919e-01,
       8.95801575e+02, 2.39438614e+02, 7.80057311e-01, 9.01671021e+02,
       2.62995819e+02, 8.62037778e-01, 8.78193481e+02, 2.27738983e+02,
       2.44601354e-01, 8.89952332e+02, 2.90559235e+02, 7.04237401e-01,
       1.14101204e+02, 4.41319031e+02, 2.53143042e-01, 1.21954330e+02,
       4.47247955e+02, 2.51856446e-01, 1.65041260e+02, 4.31502747e+02,
       2.60449052e-01, 1.47435883e+02, 3.35479645e+02, 5.55085912e-02,
       0., 0., 0., 1.51345978e+02, 3.21786072e+02, 3.34528625e-01, 0.,
       0., 0., 0., 0., 0., 0., 0., 0., 0., 0., 0., 0., 0., 0.,
       7.74399048e+02, 2.23844009e+02, 4.77549553e-01, 8.03701843e+02,
       1.19971489e+02, 7.51113057e-01, 8.97792114e+02, 1.63179489e+02,
       7.65289187e-01, 0., 0., 0., 0., 0., 0., 0., 0., 0., 0., 0., 0.,
       0., 0., 0., 0., 0., 0., 0., 0., 0., 0., 0., 0., 0., 0., 0., 0.,
       0., 0., 0., 0., 0., 0., 0., 0., 0., 0., 0., 0., 0., 0., 0., 0.,
       0., 0., 0., 0., 0., 0., 0. ]
