%YAML:1.0
---
pose_0: !!opencv-matrix
   rows: 1
   cols: 25
   dt: "3f"
   data: [ 9.23235474e+02, 4.35452789e+02, 7.27857471e-01,
       8.25259949e+02, 4.41274841e+02, 6.87004209e-01, 8.17438904e+02,
       3.57062653e+02, 6.58017993e-01, 6.97903259e+02, 2.96323242e+02,
       7.75623441e-01, 5.82353577e+02, 3.35470154e+02, 7.66039491e-01,
       8.29212952e+02, 5.21633362e+02, 5.97851098e-01, 7.17518555e+02,
       5.88191528e+02, 6.78004324e-01, 6.35261902e+02, 5.74546814e+02,
       7.81167984e-01, 5.88250183e+02, 4.47195160e+02, 1.97024912e-01,
       5.86299744e+02, 3.88424194e+02, 2.43324995e-01, 4.92247101e+02,
       4.04085846e+02, 7.67771453e-02, 3.51189423e+02, 4.60901947e+02,
       7.46725798e-02, 5.96082458e+02, 5.02029724e+02, 1.71161085e-01,
       0., 0., 0., 0., 0., 0., 9.38935486e+02, 4.17778137e+02,
       8.12379241e-01, 9.38916687e+02, 4.58911377e+02, 7.48291373e-01,
       9.19358826e+02, 3.98128174e+02, 5.61447024e-01, 9.29073914e+02,
       4.76625671e+02, 2.54936039e-01, 0., 0., 0., 0., 0., 0., 0., 0.,
       0., 0., 0., 0., 0., 0., 0., 0., 0., 0. ]
