%YAML:1.0
---
pose_0: !!opencv-matrix
   rows: 1
   cols: 25
   dt: "3f"
   data: [ 9.83963745e+02, 3.08057800e+02, 7.58836210e-01,
       8.54620972e+02, 3.31567749e+02, 5.52330315e-01, 8.35053833e+02,
       2.49310974e+02, 5.40287852e-01, 7.23417297e+02, 2.37573441e+02,
       1.90478921e-01, 0., 0., 0., 8.68435791e+02, 4.13886841e+02,
       5.01436472e-01, 7.50863220e+02, 5.00049164e+02, 7.04413354e-01,
       7.44983948e+02, 3.82553467e+02, 5.52108228e-01, 5.56891602e+02,
       3.88419800e+02, 8.46630484e-02, 5.43195007e+02, 3.51186798e+02,
       9.47229564e-02, 5.25531311e+02, 2.45365295e+02, 2.84812152e-01,
       0., 0., 0., 6.03916016e+02, 4.49144257e+02, 7.92503580e-02, 0.,
       0., 0., 0., 0., 0., 9.91815125e+02, 2.88436279e+02,
       8.35433483e-01, 9.99702148e+02, 3.25719482e+02, 7.86749721e-01,
       9.62423157e+02, 2.64990356e+02, 3.76815259e-01, 9.80113220e+02,
       3.57062714e+02, 1.68933317e-01, 0., 0., 0., 0., 0., 0., 0., 0.,
       0., 0., 0., 0., 0., 0., 0., 0., 0., 0. ]
