%YAML:1.0
---
pose_0: !!opencv-matrix
   rows: 1
   cols: 25
   dt: "3f"
   data: [ 9.44763916e+02, 2.76751984e+02, 7.67801404e-01,
       8.37077087e+02, 2.88533783e+02, 6.84903681e-01, 8.31130737e+02,
       1.98395447e+02, 6.60855651e-01, 7.23378784e+02, 1.10222336e+02,
       6.62864447e-01, 7.72388611e+02, 1.78717514e+02, 7.95807838e-01,
       8.39085144e+02, 3.74685852e+02, 6.34834230e-01, 7.41059814e+02,
       4.56998413e+02, 7.00834036e-01, 6.03893188e+02, 4.47129608e+02,
       8.25918734e-01, 5.84315002e+02, 3.12005249e+02, 9.61103439e-02,
       5.64724060e+02, 2.59117462e+02, 1.19514428e-01, 3.64886963e+02,
       3.49202820e+02, 6.81833029e-02, 0., 0., 0., 5.99980347e+02,
       3.66845337e+02, 8.52755010e-02, 3.55090637e+02, 3.51161835e+02,
       9.21189338e-02, 1.51338043e+02, 3.51245239e+02, 9.61526483e-02,
       9.50752930e+02, 2.57117554e+02, 8.26957047e-01, 9.60399048e+02,
       2.92466644e+02, 7.97142327e-01, 9.31013184e+02, 2.29681702e+02,
       7.11357772e-01, 9.46687256e+02, 3.17867889e+02, 2.56271333e-01,
       0., 0., 0., 0., 0., 0., 0., 0., 0., 0., 0., 0., 0., 0., 0., 0.,
       0., 0. ]
