%YAML:1.0
---
pose_0: !!opencv-matrix
   rows: 1
   cols: 25
   dt: "3f"
   data: [ 9.01629822e+02, 1.80803162e+02, 8.23000371e-01,
       7.95924194e+02, 2.14073044e+02, 7.15933800e-01, 7.76288391e+02,
       1.47383820e+02, 7.11105168e-01, 6.82234985e+02, 7.88431091e+01,
       7.17584670e-01, 6.48886658e+02, 8.47794647e+01, 7.92235613e-01,
       8.15491638e+02, 2.90522491e+02, 6.69680655e-01, 7.15564636e+02,
       3.72717712e+02, 7.42306232e-01, 5.88319641e+02, 4.15848145e+02,
       8.14183354e-01, 5.41232605e+02, 2.47345184e+02, 2.15155274e-01,
       5.51016785e+02, 1.94479004e+02, 1.55707419e-01, 3.51196808e+02,
       2.47344925e+02, 1.75141752e-01, 2.37554825e+02, 2.84566101e+02,
       1.10435843e-01, 5.45131348e+02, 2.84571930e+02, 2.14018971e-01,
       3.64895477e+02, 2.55194931e+02, 1.84979469e-01, 2.04256485e+02,
       2.98285156e+02, 5.64416349e-02, 9.07583069e+02, 1.63187027e+02,
       8.33783031e-01, 9.15463379e+02, 1.96459213e+02, 8.47848892e-01,
       8.80135498e+02, 1.47454849e+02, 5.99160969e-01, 8.99800964e+02,
       2.25865189e+02, 6.65068686e-01, 0., 0., 0., 0., 0., 0., 0., 0.,
       0., 1.70931564e+02, 2.76730865e+02, 8.19623098e-02,
       1.72895111e+02, 2.74783447e+02, 7.32655078e-02, 0., 0., 0. ]
