%YAML:1.0
---
pose_0: !!opencv-matrix
   rows: 1
   cols: 25
   dt: "3f"
   data: [ 8.99765991e+02, 1.49316772e+02, 7.93226600e-01,
       7.93918762e+02, 1.49425507e+02, 6.52826309e-01, 7.97868103e+02,
       6.31960030e+01, 6.25210881e-01, 0., 0., 0., 0., 0., 0.,
       7.89966248e+02, 2.37520599e+02, 6.59104824e-01, 6.66640564e+02,
       2.72825836e+02, 8.25843871e-01, 5.52912903e+02, 2.88386932e+02,
       7.88967609e-01, 5.66679138e+02, 1.27833130e+02, 1.00727536e-01,
       5.43190552e+02, 1.02397118e+02, 1.25492275e-01, 0., 0., 0., 0.,
       0., 0., 5.70619629e+02, 1.90533463e+02, 6.97039813e-02, 0., 0.,
       0., 0., 0., 0., 9.15323853e+02, 1.25853973e+02, 8.24990094e-01,
       9.15471008e+02, 1.63193237e+02, 8.58742177e-01, 8.91893005e+02,
       1.02300903e+02, 6.07919216e-01, 9.03675293e+02, 1.80882751e+02,
       1.87479794e-01, 0., 0., 0., 0., 0., 0., 0., 0., 0., 0., 0., 0.,
       0., 0., 0., 0., 0., 0. ]
