%YAML:1.0
---
pose_0: !!opencv-matrix
   rows: 1
   cols: 25
   dt: "3f"
   data: [ 9.35024658e+02, 3.62969818e+02, 6.75357282e-01,
       8.56644348e+02, 2.72797882e+02, 2.84499586e-01, 8.68415649e+02,
       2.61045837e+02, 7.24933505e-01, 7.74398438e+02, 3.72740265e+02,
       7.26131022e-01, 8.38991821e+02, 4.45209686e+02, 8.16972554e-01,
       8.37049133e+02, 2.94348663e+02, 7.60611072e-02, 7.27276062e+02,
       3.78575012e+02, 7.56850660e-01, 8.27274597e+02, 4.29585571e+02,
       5.93231320e-01, 5.82349121e+02, 2.66943542e+02, 1.72568858e-01,
       5.72590942e+02, 2.76733246e+02, 1.86122075e-01, 4.04076447e+02,
       3.49235901e+02, 6.55607879e-02, 0., 0., 0., 5.88253052e+02,
       2.61057953e+02, 1.10350311e-01, 2.88523071e+02, 3.25710724e+02,
       1.77792490e-01, 1.21955872e+02, 2.96342255e+02, 1.78967819e-01,
       9.50699707e+02, 3.51158875e+02, 7.70854473e-01, 0., 0., 0.,
       9.52621338e+02, 3.04251953e+02, 8.62824798e-01, 0., 0., 0., 0.,
       0., 0., 0., 0., 0., 0., 0., 0., 0., 0., 0., 0., 0., 0., 0., 0.,
       0. ]
