%YAML:1.0
---
pose_0: !!opencv-matrix
   rows: 1
   cols: 25
   dt: "3f"
   data: [ 9.95745728e+02, 2.78726501e+02, 7.33596265e-01,
       8.68395386e+02, 3.06132141e+02, 5.69671631e-01, 8.41019592e+02,
       2.14057739e+02, 5.53745270e-01, 7.54756592e+02, 1.96458725e+02,
       1.87173173e-01, 7.07765808e+02, 1.94396866e+02, 4.93379235e-01,
       8.95810059e+02, 3.96222870e+02, 4.97632444e-01, 7.62579163e+02,
       5.23544861e+02, 7.53296137e-01, 8.38967957e+02, 4.06024475e+02,
       6.37522042e-01, 5.82363037e+02, 3.06112122e+02, 1.03175849e-01,
       5.74513428e+02, 2.59082672e+02, 1.77401975e-01, 4.29528259e+02,
       2.70825592e+02, 1.27195373e-01, 3.21828613e+02, 2.80663422e+02,
       1.79543480e-01, 5.92164063e+02, 3.78598328e+02, 1.04691766e-01,
       0., 0., 0., 0., 0., 0., 1.00950995e+03, 2.57033905e+02,
       7.99816966e-01, 1.01335144e+03, 3.04110931e+02, 7.85527527e-01,
       9.80119263e+02, 2.23782608e+02, 4.54406887e-01, 9.99656067e+02,
       3.27717529e+02, 1.19524673e-01, 0., 0., 0., 0., 0., 0., 0., 0.,
       0., 0., 0., 0., 0., 0., 0., 0., 0., 0. ]
