%YAML:1.0
---
pose_0: !!opencv-matrix
   rows: 1
   cols: 25
   dt: "3f"
   data: [ 8.84022217e+02, 2.92400421e+02, 8.06597054e-01,
       8.15481628e+02, 2.80639069e+02, 5.07481873e-01, 8.33084351e+02,
       2.10118637e+02, 5.68576276e-01, 7.60737488e+02, 1.41559036e+02,
       7.59655595e-01, 8.19443665e+02, 2.66927429e+02, 7.24752784e-01,
       7.92075989e+02, 3.51183594e+02, 5.54625154e-01, 7.41015503e+02,
       4.56932037e+02, 7.64133871e-01, 8.05626709e+02, 4.23692200e+02,
       8.06465983e-01, 5.54936707e+02, 2.53221512e+02, 2.03622699e-01,
       5.50997192e+02, 2.12118362e+02, 2.67782569e-01, 3.41389313e+02,
       2.57166962e+02, 1.48679405e-01, 1.41575989e+02, 2.64993622e+02,
       2.31625423e-01, 5.43184570e+02, 3.13942932e+02, 2.02336907e-01,
       3.57060638e+02, 3.11981323e+02, 5.85498214e-02, 3.19838348e+02,
       3.06206573e+02, 1.01508185e-01, 8.99806763e+02, 2.70876465e+02,
       7.78859675e-01, 9.01755859e+02, 3.06214844e+02, 7.40474105e-01,
       8.97765686e+02, 2.41374374e+02, 5.18872440e-01, 0., 0., 0., 0.,
       0., 0., 0., 0., 0., 0., 0., 0., 9.65083084e+01, 3.12005249e+02,
       8.00838023e-02, 1.02345093e+02, 3.10028381e+02, 7.08746314e-02,
       1.16143242e+02, 2.49310852e+02, 1.50250480e-01 ]
