%YAML:1.0
---
pose_0: !!opencv-matrix
   rows: 1
   cols: 25
   dt: "3f"
   data: [ 9.17472656e+02, 2.19931107e+02, 7.55554557e-01,
       8.15496765e+02, 2.55193161e+02, 7.04578400e-01, 7.90024963e+02,
       1.78700684e+02, 7.03047097e-01, 6.80325134e+02, 1.27842682e+02,
       7.78878510e-01, 6.48869385e+02, 1.59157776e+02, 7.49712884e-01,
       8.36982727e+02, 3.31611938e+02, 6.80014133e-01, 7.39065796e+02,
       4.13903717e+02, 7.66562343e-01, 6.13667664e+02, 4.62937592e+02,
       7.70663440e-01, 5.27517822e+02, 2.82620239e+02, 2.90962309e-01,
       5.31426514e+02, 2.41515244e+02, 2.70113677e-01, 3.35490601e+02,
       2.72806244e+02, 1.85562626e-01, 1.41574112e+02, 2.84554169e+02,
       3.01239699e-01, 5.33360474e+02, 3.23742554e+02, 3.10237139e-01,
       3.19815277e+02, 3.25693207e+02, 1.53537810e-01, 0., 0., 0.,
       9.29109619e+02, 2.00368011e+02, 7.88431585e-01, 9.34988220e+02,
       2.35578079e+02, 8.07609737e-01, 9.05647949e+02, 1.82721802e+02,
       6.21097803e-01, 9.17427795e+02, 2.66927429e+02, 5.76297760e-01,
       0., 0., 0., 0., 0., 0., 0., 0., 0., 8.86825256e+01,
       2.55185898e+02, 2.05886424e-01, 9.06384735e+01, 2.53246353e+02,
       1.67861342e-01, 1.33699829e+02, 2.90392578e+02, 2.62066305e-01 ]
