%YAML:1.0
---
pose_0: !!opencv-matrix
   rows: 1
   cols: 25
   dt: "3f"
   data: [ 1.08389490e+03, 1.51336151e+02, 5.20663440e-01,
       9.33079407e+02, 1.67004715e+02, 1.55097395e-01, 9.46762207e+02,
       2.39509705e+02, 2.35516965e-01, 1.04073462e+03, 3.55104584e+02,
       7.52319813e-01, 1.14657776e+03, 2.43414902e+02, 5.45893908e-01,
       8.99748901e+02, 8.86390915e+01, 9.71371531e-02, 0., 0., 0., 0.,
       0., 0., 0., 0., 0., 0., 0., 0., 0., 0., 0., 0., 0., 0., 0., 0.,
       0., 0., 0., 0., 0., 0., 0., 1.08986206e+03, 1.31728378e+02,
       3.38245243e-01, 1.09957300e+03, 1.76831528e+02, 5.26652634e-01,
       1.07410559e+03, 1.00472862e+02, 6.96402565e-02, 1.07604761e+03,
       2.12145233e+02, 2.76085466e-01, 0., 0., 0., 0., 0., 0., 0., 0.,
       0., 0., 0., 0., 0., 0., 0., 0., 0., 0. ]
