%YAML:1.0
---
pose_0: !!opencv-matrix
   rows: 1
   cols: 25
   dt: "3f"
   data: [ 9.80079407e+02, 3.27645203e+02, 7.47083664e-01,
       8.54653259e+02, 3.08082855e+02, 5.83373189e-01, 8.52753845e+02,
       2.19948334e+02, 5.83112001e-01, 7.15594360e+02, 1.49348373e+02,
       8.08676958e-01, 7.62575500e+02, 2.74807800e+02, 7.84226835e-01,
       8.40999512e+02, 4.04067139e+02, 3.54844719e-01, 7.60670654e+02,
       4.66782654e+02, 5.43653332e-02, 0., 0., 0., 6.60713074e+02,
       3.53163513e+02, 9.82201025e-02, 6.50934082e+02, 3.13943542e+02,
       7.06975460e-02, 0., 0., 0., 0., 0., 0., 6.78365967e+02,
       4.02110352e+02, 8.19248632e-02, 0., 0., 0., 0., 0., 0.,
       9.93873718e+02, 3.04195953e+02, 9.11421299e-01, 9.95787292e+02,
       3.47240265e+02, 7.61536956e-01, 9.66363831e+02, 2.70851288e+02,
       4.77636218e-01, 9.95677246e+02, 3.68923309e+02, 5.23164310e-02,
       0., 0., 0., 0., 0., 0., 0., 0., 0., 0., 0., 0., 0., 0., 0., 0.,
       0., 0. ]
