%YAML:1.0
---
pose_0: !!opencv-matrix
   rows: 1
   cols: 25
   dt: "3f"
   data: [ 9.03687744e+02, 2.25745865e+02, 8.15828502e-01,
       8.05630371e+02, 2.27755371e+02, 7.06238031e-01, 8.05656677e+02,
       1.59159515e+02, 6.72733724e-01, 7.31264038e+02, 7.49200363e+01,
       7.63212740e-01, 6.99917969e+02, 1.33691757e+02, 6.93312705e-01,
       7.94003723e+02, 3.06093109e+02, 5.81022739e-01, 7.09694946e+02,
       3.35558929e+02, 4.16163981e-01, 5.84321472e+02, 3.57072510e+02,
       2.02521443e-01, 5.72571472e+02, 2.41446762e+02, 2.19913334e-01,
       5.72549255e+02, 2.02292664e+02, 2.29109183e-01, 3.84483368e+02,
       1.98345551e+02, 1.39241666e-01, 0., 0., 0., 5.72555298e+02,
       2.88463470e+02, 2.03478277e-01, 3.84516357e+02, 3.00227692e+02,
       1.37052059e-01, 2.88503906e+02, 2.90425842e+02, 5.63488267e-02,
       9.09562744e+02, 2.04262695e+02, 8.06530833e-01, 9.15433228e+02,
       2.37525772e+02, 7.75853753e-01, 8.84048157e+02, 1.84696243e+02,
       6.90000594e-01, 9.01742615e+02, 2.55143692e+02, 3.97625208e-01,
       0., 0., 0., 0., 0., 0., 0., 0., 0., 0., 0., 0., 0., 0., 0., 0.,
       0., 0. ]
