%YAML:1.0
---
pose_0: !!opencv-matrix
   rows: 1
   cols: 25
   dt: "3f"
   data: [ 9.44719788e+02, 1.96473755e+02, 7.48879492e-01,
       8.31167847e+02, 2.41527817e+02, 7.04922080e-01, 8.05706360e+02,
       1.63082870e+02, 6.87368691e-01, 7.03827576e+02, 1.00418304e+02,
       6.92757010e-01, 6.64680664e+02, 1.02369682e+02, 8.19929838e-01,
       8.54603088e+02, 3.19865204e+02, 7.33407617e-01, 7.76351929e+02,
       4.33504059e+02, 8.10754240e-01, 7.27264771e+02, 3.35429596e+02,
       7.32527494e-01, 5.82364868e+02, 2.70845886e+02, 1.74604729e-01,
       5.72570984e+02, 2.25773865e+02, 2.03214377e-01, 3.35507172e+02,
       2.72823853e+02, 8.02772716e-02, 1.51370773e+02, 3.64855499e+02,
       5.46858497e-02, 5.92162964e+02, 3.23741852e+02, 1.78444877e-01,
       3.55096832e+02, 2.70835815e+02, 9.80512127e-02, 1.63095764e+02,
       3.57046967e+02, 6.70524240e-02, 9.48649902e+02, 1.88591812e+02,
       7.86960483e-01, 9.52676758e+02, 2.16023911e+02, 8.07772160e-01,
       9.13455017e+02, 1.78814957e+02, 2.07013473e-01, 9.33072449e+02,
       2.57182770e+02, 7.81761885e-01, 0., 0., 0., 0., 0., 0., 0., 0.,
       0., 0., 0., 0., 0., 0., 0., 0., 0., 0. ]
