%YAML:1.0
---
pose_0: !!opencv-matrix
   rows: 1
   cols: 25
   dt: "3f"
   data: [ 8.89950012e+02, 1.78699951e+02, 7.68096209e-01,
       7.89976746e+02, 1.98340759e+02, 7.08655238e-01, 7.74382446e+02,
       1.21973106e+02, 7.06429958e-01, 6.64675476e+02, 8.66502609e+01,
       7.23790050e-01, 6.17573853e+02, 9.45578232e+01, 7.90760279e-01,
       7.97888306e+02, 2.74792725e+02, 6.79329038e-01, 6.80277832e+02,
       3.23726715e+02, 7.52922177e-01, 5.62743103e+02, 3.21836945e+02,
       7.97037482e-01, 5.13798035e+02, 1.94439957e+02, 1.72890723e-01,
       5.09855652e+02, 1.59180298e+02, 2.28221625e-01, 0., 0., 0., 0.,
       0., 0., 4.98118378e+02, 2.39517303e+02, 1.54574409e-01,
       3.21799469e+02, 2.86543182e+02, 2.39890456e-01, 1.76849915e+02,
       3.35451721e+02, 3.36437076e-01, 8.99765686e+02, 1.61119492e+02,
       8.38587880e-01, 9.03713806e+02, 1.94484207e+02, 8.08541894e-01,
       8.72307739e+02, 1.43492935e+02, 4.05553013e-01, 8.89932861e+02,
       2.23870834e+02, 5.35674274e-01, 1.23932724e+02, 3.78619293e+02,
       2.73116767e-01, 1.31799484e+02, 3.78628113e+02, 2.95620948e-01,
       1.63073090e+02, 3.21860260e+02, 1.79358080e-01, 0., 0., 0., 0.,
       0., 0., 0., 0., 0. ]
