%YAML:1.0
---
pose_0: !!opencv-matrix
   rows: 1
   cols: 25
   dt: "3f"
   data: [ 8.99770447e+02, 4.31599640e+02, 8.30331981e-01,
       7.88087646e+02, 4.29458496e+02, 7.26304054e-01, 7.74299011e+02,
       3.53223816e+02, 7.13676155e-01, 6.72489868e+02, 3.10031525e+02,
       7.20056951e-01, 7.72402527e+02, 2.74813202e+02, 7.98298597e-01,
       7.95898315e+02, 4.92205078e+02, 6.32486224e-01, 7.19483948e+02,
       5.88247864e+02, 7.69316852e-01, 8.35096985e+02, 6.01921021e+02,
       6.45520031e-01, 5.78446350e+02, 4.56990051e+02, 2.35126212e-01,
       5.70624390e+02, 4.11935669e+02, 3.40137810e-01, 3.88410004e+02,
       4.25639404e+02, 2.19950706e-01, 0., 0., 0., 5.82366760e+02,
       5.07903656e+02, 2.20618367e-01, 4.00153961e+02, 5.09927521e+02,
       1.37617007e-01, 0., 0., 0., 9.13381104e+02, 4.11863617e+02,
       7.76376009e-01, 9.11529114e+02, 4.45137024e+02, 8.32861364e-01,
       8.80165771e+02, 3.80518921e+02, 8.11138928e-01, 8.86072205e+02,
       4.60794952e+02, 6.04001060e-02, 0., 0., 0., 0., 0., 0., 0., 0.,
       0., 0., 0., 0., 0., 0., 0., 0., 0., 0. ]
