%YAML:1.0
---
pose_0: !!opencv-matrix
   rows: 2
   cols: 25
   dt: "3f"
   data: [ 9.11513062e+02, 3.39450470e+02, 7.37890303e-01,
       8.42893677e+02, 2.59149353e+02, 6.57014966e-01, 8.52783386e+02,
       2.35585739e+02, 7.55500495e-01, 7.42916077e+02, 2.68910156e+02,
       7.55967617e-01, 7.74403687e+02, 3.98205658e+02, 7.87282825e-01,
       8.35044922e+02, 2.90482849e+02, 4.79055583e-01, 7.42977783e+02,
       3.35482147e+02, 1.20755345e-01, 0., 0., 0., 5.56858032e+02,
       2.59071503e+02, 2.30616748e-01, 5.52969543e+02, 2.31666931e+02,
       2.27933690e-01, 4.41314789e+02, 2.43479889e+02, 1.70234337e-01,
       3.27674469e+02, 2.86553802e+02, 3.26334417e-01, 5.54955139e+02,
       2.88508362e+02, 1.30385444e-01, 4.53048584e+02, 3.33519012e+02,
       9.25429761e-02, 3.08088593e+02, 2.88514587e+02, 6.76181316e-02,
       9.31043518e+02, 3.29622955e+02, 7.34109461e-01, 0., 0., 0.,
       9.31028809e+02, 2.74768433e+02, 8.98913324e-01, 0., 0., 0., 0.,
       0., 0., 0., 0., 0., 0., 0., 0., 0., 0., 0., 0., 0., 0.,
       3.17879517e+02, 2.96324646e+02, 1.34086549e-01, 0., 0., 0., 0.,
       0., 0., 0., 0., 0., 0., 0., 0., 0., 0., 0., 6.80322571e+02,
       2.61097473e+02, 6.59243315e-02, 6.86171448e+02, 3.37541840e+02,
       5.79575300e-01, 7.39077148e+02, 4.25591278e+02, 7.23253965e-01,
       0., 0., 0., 0., 0., 0., 0., 0., 0., 0., 0., 0., 0., 0., 0., 0.,
       0., 0., 0., 0., 0., 0., 0., 0., 0., 0., 0., 0., 0., 0., 0., 0.,
       0., 0., 0., 0., 0., 0., 0., 0., 0., 0., 0., 0., 0., 0., 0., 0.,
       0., 0., 0. ]
