%YAML:1.0
---
pose_0: !!opencv-matrix
   rows: 1
   cols: 25
   dt: "3f"
   data: [ 9.40910278e+02, 2.92420746e+02, 7.54897714e-01,
       8.33085510e+02, 2.88478149e+02, 6.17243052e-01, 8.35105774e+02,
       2.08129105e+02, 6.76913738e-01, 7.33203613e+02, 1.14078285e+02,
       7.30213225e-01, 7.64537598e+02, 1.98406082e+02, 5.55019438e-01,
       8.19447083e+02, 3.82478455e+02, 5.53203642e-01, 6.84305664e+02,
       4.17826599e+02, 6.53357089e-01, 6.82314270e+02, 3.94295990e+02,
       7.55991161e-01, 5.47103699e+02, 3.06117493e+02, 1.36353225e-01,
       5.58857483e+02, 2.70839539e+02, 1.96001187e-01, 3.55101898e+02,
       2.57162872e+02, 7.81249478e-02, 0., 0., 0., 5.27496216e+02,
       3.49235992e+02, 1.19227827e-01, 3.66908875e+02, 3.68782837e+02,
       2.10128471e-01, 1.61161041e+02, 3.29640625e+02, 1.39487281e-01,
       9.48778931e+02, 2.72841248e+02, 8.63374770e-01, 9.52647827e+02,
       3.12003601e+02, 7.50890613e-01, 9.29110291e+02, 2.45441040e+02,
       5.66235721e-01, 9.36953308e+02, 3.35617828e+02, 1.27001286e-01,
       0., 0., 0., 0., 0., 0., 9.25815964e+01, 3.64886078e+02,
       5.05415648e-02, 0., 0., 0., 0., 0., 0., 0., 0., 0. ]
