%YAML:1.0
---
pose_0: !!opencv-matrix
   rows: 2
   cols: 25
   dt: "3f"
   data: [ 9.29113831e+02, 3.39406311e+02, 7.41575003e-01,
       8.44874329e+02, 2.63051300e+02, 2.82359600e-01, 8.54624207e+02,
       2.41435226e+02, 6.76235318e-01, 7.66494751e+02, 3.29603333e+02,
       7.12828279e-01, 8.25288635e+02, 4.15779236e+02, 8.16729486e-01,
       8.35088684e+02, 2.88520660e+02, 6.74603730e-02, 0., 0., 0., 0.,
       0., 0., 0., 0., 0., 0., 0., 0., 0., 0., 0., 0., 0., 0., 0., 0.,
       0., 0., 0., 0., 0., 0., 0., 9.46705933e+02, 3.23802185e+02,
       7.61955738e-01, 0., 0., 0., 9.38908752e+02, 2.74848206e+02,
       8.27482224e-01, 0., 0., 0., 0., 0., 0., 0., 0., 0., 0., 0., 0.,
       0., 0., 0., 0., 0., 0., 0., 0., 0., 0., 0., 0., 7.76347900e+02,
       2.63009033e+02, 8.26729164e-02, 0., 0., 0., 0., 0., 0., 0., 0.,
       0., 7.72413025e+02, 2.90437683e+02, 1.25236094e-01,
       7.21462891e+02, 3.53164703e+02, 7.76969433e-01, 8.03718750e+02,
       4.17770905e+02, 7.44705677e-01, 5.99998169e+02, 2.41458878e+02,
       1.25125200e-01, 5.86253723e+02, 2.47366547e+02, 1.06478959e-01,
       4.94189850e+02, 3.21793243e+02, 7.25707561e-02, 0., 0., 0.,
       6.15662842e+02, 2.29720947e+02, 8.98920745e-02, 0., 0., 0., 0.,
       0., 0., 0., 0., 0., 0., 0., 0., 0., 0., 0., 0., 0., 0., 0., 0.,
       0., 0., 0., 0., 0., 0., 0., 0., 0., 0., 0., 0., 0., 0., 0., 0. ]
