%YAML:1.0
---
pose_0: !!opencv-matrix
   rows: 1
   cols: 25
   dt: "3f"
   data: [ 8.60538696e+02, 1.00406586e+02, 7.79858589e-01,
       7.62569946e+02, 9.26010818e+01, 6.96414828e-01, 7.48883362e+02,
       2.40036125e+01, 6.77447259e-01, 6.84252625e+02, 5.34754753e+00,
       1.59793705e-01, 0., 0., 0., 7.76294189e+02, 1.63159317e+02,
       7.05700636e-01, 7.11718689e+02, 2.70797974e+02, 8.18360269e-01,
       7.58714783e+02, 3.47282684e+02, 8.10627282e-01, 5.07905853e+02,
       1.08273392e+02, 1.30341813e-01, 4.96148010e+02, 7.10169220e+01,
       1.24850206e-01, 3.39425751e+02, 1.65059235e+02, 1.04235038e-01,
       1.78751282e+02, 1.82672333e+02, 2.53355235e-01, 5.07916565e+02,
       1.51377411e+02, 1.16988823e-01, 3.37465942e+02, 1.65131348e+02,
       2.09593982e-01, 1.78774063e+02, 1.82718033e+02, 1.55129522e-01,
       8.72304993e+02, 8.27188950e+01, 7.55287111e-01, 8.70393188e+02,
       1.12192154e+02, 7.82366991e-01, 8.52678955e+02, 4.17159882e+01,
       8.44087481e-01, 8.52780212e+02, 1.21965202e+02, 9.83117670e-02,
       0., 0., 0., 0., 0., 0., 1.47384964e+02, 1.78747177e+02,
       7.74115995e-02, 1.27857826e+02, 1.98357239e+02, 1.47667527e-01,
       1.27862381e+02, 1.92485809e+02, 1.34658188e-01, 1.59194519e+02,
       1.78794464e+02, 1.17855534e-01 ]
