%YAML:1.0
---
pose_0: !!opencv-matrix
   rows: 1
   cols: 25
   dt: "3f"
   data: [ 1.02708594e+03, 2.17969757e+02, 7.57729650e-01,
       8.88007507e+02, 2.55210205e+02, 5.59333205e-01, 8.74250305e+02,
       1.55299652e+02, 5.38032353e-01, 7.44958435e+02, 1.27861038e+02,
       6.75702572e-01, 6.03986816e+02, 1.31675064e+02, 7.79942632e-01,
       9.01724060e+02, 3.45328796e+02, 6.08356655e-01, 7.76399719e+02,
       4.29502747e+02, 7.83748746e-01, 7.74292847e+02, 2.90401245e+02,
       6.75465524e-01, 5.70608093e+02, 3.10046173e+02, 8.38339105e-02,
       5.72555847e+02, 2.27755142e+02, 8.28235596e-02, 3.45309387e+02,
       2.41440079e+02, 2.79092014e-01, 1.74834488e+02, 2.43492371e+02,
       7.07944781e-02, 5.51019775e+02, 3.51177551e+02, 1.10625945e-01,
       3.47250488e+02, 3.33579407e+02, 2.80899912e-01, 1.18036026e+02,
       3.49196014e+02, 1.46547690e-01, 1.03101624e+03, 1.94478485e+02,
       8.60506952e-01, 1.04087585e+03, 2.39493454e+02, 7.88217127e-01,
       9.95757202e+02, 1.72935059e+02, 5.45796275e-01, 1.02117419e+03,
       2.72715698e+02, 3.67392719e-01, 0., 0., 0., 0., 0., 0., 0., 0.,
       0., 0., 0., 0., 0., 0., 0., 0., 0., 0. ]
