%YAML:1.0
---
pose_0: !!opencv-matrix
   rows: 1
   cols: 25
   dt: "3f"
   data: [ 1.00940985e+03, 2.90507233e+02, 8.03505123e-01,
       8.56612793e+02, 2.96327240e+02, 5.98313868e-01, 8.48765564e+02,
       2.12167191e+02, 6.39591575e-01, 7.13623962e+02, 1.78864410e+02,
       7.54441917e-01, 6.80235718e+02, 1.96389923e+02, 7.86285222e-01,
       8.78205322e+02, 3.88387787e+02, 5.54562390e-01, 7.48871033e+02,
       5.11828308e+02, 6.02207899e-01, 8.37088806e+02, 3.68832214e+02,
       6.65743291e-01, 5.45132141e+02, 3.96249512e+02, 7.29726776e-02,
       5.19663452e+02, 3.47266541e+02, 5.81934117e-02, 3.51194275e+02,
       2.88470032e+02, 1.49205968e-01, 1.18025124e+02, 3.06179932e+02,
       3.66989940e-01, 5.76476440e+02, 4.31512543e+02, 6.00390919e-02,
       0., 0., 0., 0., 0., 0., 1.02120862e+03, 2.70791046e+02,
       7.17629850e-01, 1.02503809e+03, 3.10071411e+02, 7.12646067e-01,
       9.78134949e+02, 2.16024902e+02, 2.72543699e-01, 0., 0., 0., 0.,
       0., 0., 0., 0., 0., 0., 0., 0., 7.09948349e+01, 3.35489929e+02,
       1.21313751e-01, 0., 0., 0., 1.02368256e+02, 3.06135468e+02,
       1.77816927e-01 ]
