%YAML:1.0
---
pose_0: !!opencv-matrix
   rows: 1
   cols: 25
   dt: "3f"
   data: [ 9.35050110e+02, 2.92436859e+02, 7.76274800e-01,
       8.25296265e+02, 2.90435181e+02, 6.69743896e-01, 8.21365967e+02,
       2.06199265e+02, 6.59942031e-01, 6.95959473e+02, 1.66991684e+02,
       8.42834771e-01, 6.50869446e+02, 2.14038406e+02, 8.31116557e-01,
       8.35037231e+02, 3.74712402e+02, 5.37214935e-01, 7.31268860e+02,
       4.33431427e+02, 8.44111860e-01, 8.29209961e+02, 3.57028870e+02,
       7.87332714e-01, 5.86276489e+02, 2.88494446e+02, 2.03290269e-01,
       5.82372620e+02, 2.51291077e+02, 2.85003632e-01, 5.21617859e+02,
       2.31669754e+02, 8.54795426e-02, 3.55078766e+02, 2.49301712e+02,
       5.51078208e-02, 5.74527649e+02, 3.39451630e+02, 1.50130704e-01,
       3.39444733e+02, 3.66860809e+02, 1.77754655e-01, 1.27824615e+02,
       3.84470764e+02, 8.81933495e-02, 9.48636902e+02, 2.74785095e+02,
       9.31309879e-01, 9.50645752e+02, 3.11969971e+02, 7.68987477e-01,
       9.19317627e+02, 2.47362534e+02, 6.55487776e-01, 9.36968323e+02,
       3.35450378e+02, 1.80549711e-01, 0., 0., 0., 0., 0., 0., 0., 0.,
       0., 0., 0., 0., 0., 0., 0., 0., 0., 0. ]
