%YAML:1.0
---
pose_0: !!opencv-matrix
   rows: 1
   cols: 25
   dt: "3f"
   data: [ 8.95809021e+02, 4.47162018e+02, 8.32940161e-01,
       8.03696594e+02, 4.39369690e+02, 7.02472568e-01, 7.95926514e+02,
       3.66850525e+02, 6.41234279e-01, 7.11556213e+02, 2.78706238e+02,
       8.12179625e-01, 6.52962769e+02, 3.66909119e+02, 8.57714415e-01,
       8.05687439e+02, 5.09894226e+02, 6.97961807e-01, 7.15556091e+02,
       5.86261353e+02, 8.22497249e-01, 6.46985901e+02, 5.58839844e+02,
       8.11120152e-01, 5.58860962e+02, 4.60872437e+02, 2.06622347e-01,
       5.62756042e+02, 4.19742859e+02, 2.72650927e-01, 3.90360779e+02,
       4.33484375e+02, 1.36164233e-01, 0., 0., 0., 5.58876709e+02,
       5.07900177e+02, 1.73733741e-01, 0., 0., 0., 0., 0., 0.,
       9.01788818e+02, 4.27543518e+02, 8.18287671e-01, 9.07556335e+02,
       4.60785126e+02, 7.78695762e-01, 8.80152649e+02, 4.00162689e+02,
       6.46370351e-01, 8.95785645e+02, 4.76623199e+02, 6.44764528e-02,
       0., 0., 0., 0., 0., 0., 0., 0., 0., 0., 0., 0., 0., 0., 0., 0.,
       0., 0. ]
