%YAML:1.0
---
pose_0: !!opencv-matrix
   rows: 1
   cols: 25
   dt: "3f"
   data: [ 9.25210022e+02, 3.06210602e+02, 7.84496725e-01,
       8.09637085e+02, 2.88486481e+02, 6.48077846e-01, 8.23376953e+02,
       2.08166763e+02, 6.72638774e-01, 6.99872742e+02, 1.49326096e+02,
       8.00487220e-01, 6.17655151e+02, 2.12127609e+02, 7.75537550e-01,
       7.91942383e+02, 3.60968475e+02, 5.60659826e-01, 6.96009094e+02,
       4.13864563e+02, 3.36618006e-01, 6.70561890e+02, 4.02136200e+02,
       3.97415191e-01, 6.11760742e+02, 2.96340454e+02, 1.82488158e-01,
       5.96057312e+02, 2.84570892e+02, 1.40345097e-01, 5.05960541e+02,
       3.60953857e+02, 1.64821833e-01, 3.60977875e+02, 3.33539886e+02,
       6.31560832e-02, 0., 0., 0., 0., 0., 0., 0., 0., 0.,
       9.33016907e+02, 2.86558136e+02, 8.42870712e-01, 9.35036499e+02,
       3.21764313e+02, 7.86018312e-01, 9.11515442e+02, 2.59169525e+02,
       6.42789423e-01, 0., 0., 0., 0., 0., 0., 0., 0., 0., 0., 0., 0.,
       0., 0., 0., 0., 0., 0., 0., 0., 0. ]
