%YAML:1.0
---
pose_0: !!opencv-matrix
   rows: 1
   cols: 25
   dt: "3f"
   data: [ 1.08979248e+03, 6.32127151e+01, 6.20914698e-01,
       9.31065125e+02, 8.86633682e+01, 2.79887825e-01, 0., 0., 0., 0.,
       0., 0., 0., 0., 0., 9.62387939e+02, 1.82728546e+02,
       4.40994292e-01, 7.80219177e+02, 3.06119659e+02, 6.30312979e-01,
       6.03870300e+02, 3.41380676e+02, 7.44282722e-01, 0., 0., 0., 0.,
       0., 0., 0., 0., 0., 0., 0., 0., 0., 0., 0., 0., 0., 0., 0., 0.,
       0., 1.11525574e+03, 2.39599571e+01, 5.95779419e-01,
       1.11919910e+03, 8.48014297e+01, 7.93867707e-01, 1.08392017e+03,
       5.35635900e+00, 1.20644554e-01, 1.12114209e+03, 1.16112381e+02,
       9.30286497e-02, 0., 0., 0., 0., 0., 0., 0., 0., 0., 0., 0., 0.,
       0., 0., 0., 0., 0., 0. ]
