%YAML:1.0
---
pose_0: !!opencv-matrix
   rows: 1
   cols: 25
   dt: "3f"
   data: [ 8.58596741e+02, 3.17914307e+02, 7.95456886e-01,
       7.72398926e+02, 3.19756622e+02, 7.06931174e-01, 7.76348206e+02,
       2.57103241e+02, 6.88467503e-01, 7.72430481e+02, 1.98362778e+02,
       7.73449361e-01, 8.52728333e+02, 2.70870148e+02, 8.03561568e-01,
       7.62615295e+02, 3.82485962e+02, 6.02975488e-01, 7.45007324e+02,
       4.78510284e+02, 8.57273340e-01, 8.29245789e+02, 4.13897644e+02,
       8.27493370e-01, 5.39235168e+02, 3.15889435e+02, 3.31548780e-01,
       5.43162476e+02, 2.72770386e+02, 3.66359621e-01, 3.53108215e+02,
       2.55208923e+02, 3.86633396e-01, 1.96449585e+02, 2.00327682e+02,
       5.03363848e-01, 5.37280457e+02, 3.53204437e+02, 4.39748943e-01,
       3.45287079e+02, 3.94263214e+02, 4.28385168e-01, 1.74882385e+02,
       3.84536835e+02, 4.45147455e-01, 8.68324524e+02, 3.02159241e+02,
       8.18365216e-01, 8.76210266e+02, 3.31602875e+02, 7.35920191e-01,
       8.54718140e+02, 2.84559235e+02, 5.20470023e-01, 8.64473450e+02,
       3.51224945e+02, 2.85742640e-01, 1.16075455e+02, 4.29539215e+02,
       1.46744490e-01, 1.18080223e+02, 4.29573029e+02, 1.58480719e-01,
       1.51347778e+02, 3.72739563e+02, 2.99531192e-01, 1.90521057e+02,
       2.23824051e+02, 5.50205000e-02, 0., 0., 0., 1.88580933e+02,
       1.94463135e+02, 2.80664682e-01 ]
