%YAML:1.0
---
pose_0: !!opencv-matrix
   rows: 1
   cols: 25
   dt: "3f"
   data: [ 1.02701733e+03, 2.57203522e+02, 7.57441640e-01,
       9.01715088e+02, 2.86505005e+02, 5.67296386e-01, 8.70367493e+02,
       1.96398727e+02, 4.59363014e-01, 7.93957031e+02, 1.49452927e+02,
       1.82805374e-01, 7.33227966e+02, 1.37663712e+02, 4.39607054e-01,
       9.31022217e+02, 3.62919708e+02, 5.67944169e-01, 8.07644470e+02,
       4.82448700e+02, 7.72662282e-01, 8.66443176e+02, 3.55092163e+02,
       7.03539133e-01, 0., 0., 0., 0., 0., 0., 0., 0., 0., 0., 0., 0.,
       0., 0., 0., 0., 0., 0., 0., 0., 0., 9.89837402e+02,
       2.43425232e+02, 6.89357996e-01, 1.03494202e+03, 2.27879227e+02,
       7.63035715e-01, 9.50691040e+02, 2.25831192e+02, 1.47783443e-01,
       1.06821692e+03, 2.35562943e+02, 5.61582781e-02, 0., 0., 0., 0.,
       0., 0., 0., 0., 0., 0., 0., 0., 0., 0., 0., 0., 0., 0. ]
