%YAML:1.0
---
pose_0: !!opencv-matrix
   rows: 1
   cols: 25
   dt: "3f"
   data: [ 1.05652344e+03, 2.29691147e+02, 6.07802689e-01,
       9.05625977e+02, 2.21872757e+02, 5.59501886e-01, 8.99709534e+02,
       1.20017746e+02, 5.80347717e-01, 7.39099487e+02, 7.10188293e+01,
       7.92620838e-01, 7.13640381e+02, 1.43480927e+02, 7.36432493e-01,
       9.19332886e+02, 3.23769684e+02, 5.56021154e-01, 8.05747131e+02,
       4.45165436e+02, 7.94589937e-01, 8.84140381e+02, 3.04188660e+02,
       6.66217983e-01, 6.62680786e+02, 2.57141357e+02, 5.19318581e-02,
       0., 0., 0., 0., 0., 0., 0., 0., 0., 0., 0., 0., 0., 0., 0., 0.,
       0., 0., 1.05447729e+03, 1.96432144e+02, 6.91443682e-01,
       1.07802673e+03, 2.29715530e+02, 4.98249829e-01, 1.00944360e+03,
       1.65057159e+02, 5.29992402e-01, 1.04278113e+03, 2.61056458e+02,
       6.47122711e-02, 0., 0., 0., 0., 0., 0., 0., 0., 0., 0., 0., 0.,
       0., 0., 0., 0., 0., 0. ]
