%YAML:1.0
---
pose_0: !!opencv-matrix
   rows: 1
   cols: 25
   dt: "3f"
   data: [ 8.88007202e+02, 5.00099640e+02, 7.92757511e-01,
       7.95946594e+02, 5.23661621e+02, 7.32679427e-01, 7.72425659e+02,
       4.76476471e+02, 6.81213021e-01, 6.66629944e+02, 4.56949127e+02,
       5.17166495e-01, 5.70645813e+02, 4.45195343e+02, 8.17768693e-01,
       8.21379761e+02, 5.82349731e+02, 6.75788939e-01, 7.41074951e+02,
       5.50957886e+02, 6.13064826e-01, 6.74398804e+02, 4.45190460e+02,
       2.90345013e-01, 5.56880676e+02, 5.33371826e+02, 8.74127597e-02,
       5.66678345e+02, 4.88314087e+02, 8.06223899e-02, 5.21627747e+02,
       4.47231934e+02, 1.61478162e-01, 0., 0., 0., 5.72577454e+02,
       5.80390015e+02, 8.66797715e-02, 0., 0., 0., 0., 0., 0.,
       8.95834045e+02, 4.82427490e+02, 8.26563120e-01, 9.01693665e+02,
       5.11862427e+02, 8.62150431e-01, 8.68453796e+02, 4.72672729e+02,
       6.74252868e-01, 8.89937988e+02, 5.39148071e+02, 6.07455909e-01,
       0., 0., 0., 0., 0., 0., 0., 0., 0., 0., 0., 0., 0., 0., 0., 0.,
       0., 0. ]
