%YAML:1.0
---
pose_0: !!opencv-matrix
   rows: 1
   cols: 25
   dt: "3f"
   data: [ 9.29114807e+02, 3.84540833e+02, 7.19310462e-01,
       8.17441467e+02, 3.66847778e+02, 6.58257604e-01, 8.21340454e+02,
       2.90505066e+02, 6.14321947e-01, 7.56669006e+02, 1.80752487e+02,
       6.79777324e-01, 7.23395020e+02, 2.10108856e+02, 8.29526424e-01,
       8.05695923e+02, 4.37368713e+02, 5.18549442e-01, 7.70443542e+02,
       4.70709747e+02, 1.89652532e-01, 0., 0., 0., 5.56898743e+02,
       3.82526093e+02, 9.72723216e-02, 5.47090088e+02, 3.37460297e+02,
       1.40649140e-01, 3.64879089e+02, 4.00164642e+02, 9.53233987e-02,
       0., 0., 0., 5.68647034e+02, 4.31489929e+02, 8.20865482e-02, 0.,
       0., 0., 0., 0., 0., 9.42830017e+02, 3.66849640e+02,
       7.17791080e-01, 9.38950806e+02, 4.00087036e+02, 7.01536536e-01,
       9.19358398e+02, 3.35568604e+02, 5.02241611e-01, 0., 0., 0., 0.,
       0., 0., 0., 0., 0., 0., 0., 0., 0., 0., 0., 0., 0., 0., 0., 0.,
       0. ]
