%YAML:1.0
---
pose_0: !!opencv-matrix
   rows: 1
   cols: 25
   dt: "3f"
   data: [ 9.82076294e+02, 2.88483704e+02, 8.05681586e-01,
       8.56651917e+02, 3.08052734e+02, 6.57508194e-01, 8.52753479e+02,
       2.21904007e+02, 6.76173806e-01, 7.48875916e+02, 1.51428970e+02,
       6.76823497e-01, 7.03795105e+02, 1.55303314e+02, 7.57824063e-01,
       8.68352539e+02, 3.92299683e+02, 6.28369451e-01, 7.91977905e+02,
       5.09899780e+02, 8.29743505e-01, 7.09683228e+02, 4.80487274e+02,
       7.71438360e-01, 5.99997498e+02, 3.25714050e+02, 1.02954805e-01,
       5.82372498e+02, 2.80655304e+02, 1.64118737e-01, 3.84453369e+02,
       2.74786194e+02, 1.26722500e-01, 0., 0., 0., 6.17615479e+02,
       3.78612946e+02, 6.63250387e-02, 0., 0., 0., 0., 0., 0.,
       9.93681274e+02, 2.70876434e+02, 8.26795340e-01, 9.95737366e+02,
       3.06069183e+02, 7.96597302e-01, 9.58491577e+02, 2.47320831e+02,
       4.76418972e-01, 9.78068237e+02, 3.35455750e+02, 2.57008851e-01,
       0., 0., 0., 0., 0., 0., 0., 0., 0., 0., 0., 0., 0., 0., 0., 0.,
       0., 0. ]
