%YAML:1.0
---
pose_0: !!opencv-matrix
   rows: 1
   cols: 25
   dt: "3f"
   data: [ 8.80154663e+02, 4.74603241e+02, 7.69789457e-01,
       7.93967834e+02, 4.90245819e+02, 6.85326993e-01, 8.01803406e+02,
       4.29485809e+02, 6.71708763e-01, 7.48910461e+02, 3.92316986e+02,
       3.25937927e-01, 8.05750671e+02, 3.66796234e+02, 5.57379127e-01,
       7.92021362e+02, 5.56867004e+02, 5.94281733e-01, 8.74321594e+02,
       6.51002563e+02, 7.50221312e-01, 8.68374512e+02, 5.39232361e+02,
       7.08998561e-01, 5.68632385e+02, 4.76546356e+02, 2.50798464e-01,
       5.68650818e+02, 4.33513611e+02, 2.99954802e-01, 3.92328827e+02,
       4.45198120e+02, 1.94046542e-01, 0., 0., 0., 5.66702026e+02,
       5.23573608e+02, 2.20276818e-01, 3.98182953e+02, 5.43200684e+02,
       5.30554056e-02, 0., 0., 0., 8.86112000e+02, 4.60854340e+02,
       8.95512879e-01, 8.91919983e+02, 4.92161804e+02, 7.65789151e-01,
       8.66419678e+02, 4.47163300e+02, 4.59057629e-01, 8.74292542e+02,
       5.19676086e+02, 5.94217002e-01, 0., 0., 0., 0., 0., 0., 0., 0.,
       0., 0., 0., 0., 0., 0., 0., 0., 0., 0. ]
