%YAML:1.0
---
pose_0: !!opencv-matrix
   rows: 2
   cols: 25
   dt: "3f"
   data: [ 8.84060059e+02, 1.35712936e+02, 6.04251742e-01,
       8.17486206e+02, 1.53293839e+02, 6.16195202e-01, 8.21383728e+02,
       8.47279816e+01, 3.85033965e-01, 8.19420959e+02, 5.53364296e+01,
       5.84148467e-02, 0., 0., 0., 8.21323425e+02, 2.10139465e+02,
       5.99564910e-01, 9.17455505e+02, 2.43440460e+02, 8.38787258e-01,
       9.60461060e+02, 1.51424637e+02, 6.43349528e-01, 6.09788696e+02,
       1.47471664e+02, 1.55789882e-01, 6.11754700e+02, 1.12176964e+02,
       1.46210968e-01, 3.57092377e+02, 2.06203049e+02, 9.82291475e-02,
       0., 0., 0., 5.88243958e+02, 1.76823853e+02, 1.74227670e-01,
       4.60884460e+02, 1.86623093e+02, 5.64201362e-02, 0., 0., 0.,
       8.91894653e+02, 1.47423828e+02, 3.17671448e-01, 8.78198364e+02,
       1.49456894e+02, 5.22300065e-01, 8.99805481e+02, 1.37634720e+02,
       9.51031595e-02, 8.74255310e+02, 1.72929565e+02, 2.05205813e-01,
       0., 0., 0., 0., 0., 0., 0., 0., 0., 0., 0., 0., 0., 0., 0., 0.,
       0., 0., 0., 0., 0., 0., 0., 0., 9.15435974e+02, 9.84397964e+01,
       1.72287852e-01, 8.86103699e+02, 2.01260338e+01, 5.98420441e-01,
       8.21371826e+02, 5.33362312e+01, 2.95469195e-01, 0., 0., 0., 0.,
       0., 0., 0., 0., 0., 0., 0., 0., 0., 0., 0., 0., 0., 0., 0., 0.,
       0., 0., 0., 0., 0., 0., 0., 0., 0., 0., 0., 0., 0., 0., 0., 0.,
       0., 0., 0., 0., 0., 0., 0., 0., 0., 0., 0., 0., 0., 0., 0., 0.,
       0., 0., 0., 0., 0., 0., 0., 0. ]
