%YAML:1.0
---
pose_0: !!opencv-matrix
   rows: 1
   cols: 25
   dt: "3f"
   data: [ 9.17444702e+02, 2.29692505e+02, 8.17900658e-01,
       8.37041382e+02, 1.80802582e+02, 4.84108180e-01, 8.41017212e+02,
       1.49383453e+02, 6.03051484e-01, 8.19443848e+02, 2.76782013e+02,
       7.18225539e-01, 7.76278809e+02, 3.90343628e+02, 7.90287852e-01,
       8.23345276e+02, 2.10115463e+02, 2.82203496e-01, 6.76355042e+02,
       2.92462646e+02, 5.65550923e-01, 5.78445313e+02, 3.49182404e+02,
       5.90733349e-01, 6.62694458e+02, 1.84656189e+02, 8.54945928e-02,
       0., 0., 0., 0., 0., 0., 0., 0., 0., 6.80339539e+02,
       1.65056870e+02, 6.67286515e-02, 0., 0., 0., 0., 0., 0.,
       9.31139893e+02, 2.04239227e+02, 8.65790129e-01, 9.33064575e+02,
       2.37576889e+02, 7.65697658e-01, 9.01753357e+02, 1.65084930e+02,
       8.74339402e-01, 0., 0., 0., 0., 0., 0., 0., 0., 0., 0., 0., 0.,
       0., 0., 0., 0., 0., 0., 0., 0., 0. ]
