%YAML:1.0
---
pose_0: !!opencv-matrix
   rows: 1
   cols: 25
   dt: "3f"
   data: [ 9.78014282e+02, 2.82616547e+02, 7.89232194e-01,
       8.54728760e+02, 2.90407745e+02, 6.40900195e-01, 8.46839233e+02,
       2.12067383e+02, 5.79407930e-01, 7.99801025e+02, 1.43524155e+02,
       4.05263305e-01, 7.60648865e+02, 1.18046860e+02, 2.60745287e-01,
       8.80108459e+02, 3.72744629e+02, 5.21375775e-01, 8.03683289e+02,
       5.09874298e+02, 8.05796981e-01, 8.58636597e+02, 4.04119934e+02,
       6.88241780e-01, 5.51020874e+02, 3.53146301e+02, 1.25571266e-01,
       5.39253357e+02, 3.11999237e+02, 1.57953188e-01, 3.86445709e+02,
       3.23780731e+02, 1.39247537e-01, 0., 0., 0., 5.41228516e+02,
       4.19764923e+02, 1.75795868e-01, 0., 0., 0., 0., 0., 0.,
       9.82018799e+02, 2.57156586e+02, 8.76395822e-01, 9.93813049e+02,
       2.98305237e+02, 8.18731606e-01, 9.52651550e+02, 2.29699478e+02,
       6.81575060e-01, 9.83971924e+02, 3.23750854e+02, 1.10172920e-01,
       0., 0., 0., 0., 0., 0., 0., 0., 0., 0., 0., 0., 0., 0., 0., 0.,
       0., 0. ]
