%YAML:1.0
---
pose_0: !!opencv-matrix
   rows: 1
   cols: 25
   dt: "3f"
   data: [ 8.95782043e+02, 4.70724457e+02, 7.57173181e-01,
       7.93937927e+02, 4.88327179e+02, 6.83232903e-01, 8.03683960e+02,
       4.13924469e+02, 6.87800884e-01, 7.60728760e+02, 3.51229126e+02,
       7.18887329e-01, 7.58705566e+02, 2.82620026e+02, 7.06604421e-01,
       7.86103149e+02, 5.58855591e+02, 6.18622839e-01, 7.76348877e+02,
       6.70513000e+02, 7.66787708e-01, 8.42940125e+02, 6.01859741e+02,
       6.91663623e-01, 5.88226379e+02, 4.74617798e+02, 2.74043918e-01,
       5.94101196e+02, 4.39322540e+02, 3.08271945e-01, 4.07991791e+02,
       4.47148163e+02, 1.64723516e-01, 0., 0., 0., 5.72538208e+02,
       5.11856201e+02, 2.23959163e-01, 3.98247101e+02, 5.43198975e+02,
       1.92315891e-01, 0., 0., 0., 8.99814331e+02, 4.58969879e+02,
       8.83850098e-01, 9.05605225e+02, 4.90262115e+02, 7.42908180e-01,
       8.76240479e+02, 4.45270935e+02, 3.00118357e-01, 8.82080017e+02,
       5.19644226e+02, 5.34324348e-01, 0., 0., 0., 0., 0., 0., 0., 0.,
       0., 0., 0., 0., 0., 0., 0., 0., 0., 0. ]
