%YAML:1.0
---
pose_0: !!opencv-matrix
   rows: 1
   cols: 25
   dt: "3f"
   data: [ 9.17353821e+02, 2.68924957e+02, 7.04398751e-01,
       8.05747559e+02, 2.59042053e+02, 6.27000630e-01, 8.25280334e+02,
       2.06209717e+02, 4.18937087e-01, 8.38988220e+02, 1.65123291e+02,
       2.76340276e-01, 9.78074951e+02, 2.00376678e+02, 2.11535692e-01,
       7.89962219e+02, 3.21750214e+02, 5.88153481e-01, 6.78378479e+02,
       3.53073669e+02, 5.38091898e-01, 5.54889771e+02, 3.57063782e+02,
       7.30977654e-01, 6.13693604e+02, 3.12002502e+02, 5.47289364e-02,
       0., 0., 0., 0., 0., 0., 0., 0., 0., 0., 0., 0., 0., 0., 0., 0.,
       0., 0., 9.31096375e+02, 2.51287369e+02, 7.21964121e-01,
       9.31108887e+02, 2.74847198e+02, 6.79143190e-01, 9.23235718e+02,
       2.27791336e+02, 4.17626947e-01, 0., 0., 0., 0., 0., 0., 0., 0.,
       0., 0., 0., 0., 0., 0., 0., 0., 0., 0., 0., 0., 0. ]
