%YAML:1.0
---
pose_0: !!opencv-matrix
   rows: 1
   cols: 25
   dt: "3f"
   data: [ 9.17331726e+02, 2.31716827e+02, 7.07962632e-01,
       8.52691528e+02, 2.96346832e+02, 6.14178538e-01, 8.42961121e+02,
       2.76725006e+02, 3.94153774e-01, 7.74398132e+02, 2.74831665e+02,
       9.29445848e-02, 0., 0., 0., 8.58584961e+02, 3.21812225e+02,
       5.31454146e-01, 7.43020813e+02, 3.88377625e+02, 2.19961643e-01,
       6.31326294e+02, 3.96207916e+02, 5.38945869e-02, 5.41232971e+02,
       3.74682312e+02, 6.02827147e-02, 0., 0., 0., 0., 0., 0., 0., 0.,
       0., 0., 0., 0., 0., 0., 0., 0., 0., 0., 9.31145996e+02,
       2.27755936e+02, 7.62577713e-01, 9.40867310e+02, 2.57062042e+02,
       8.24891090e-01, 0., 0., 0., 9.25232300e+02, 3.04158539e+02,
       8.34136605e-01, 0., 0., 0., 0., 0., 0., 0., 0., 0., 0., 0., 0.,
       0., 0., 0., 0., 0., 0. ]
