%YAML:1.0
---
pose_0: !!opencv-matrix
   rows: 1
   cols: 25
   dt: "3f"
   data: [ 9.13435852e+02, 3.53123657e+02, 8.43394399e-01,
       8.03742493e+02, 3.33545685e+02, 6.71563089e-01, 7.93991943e+02,
       2.57119629e+02, 6.95309579e-01, 6.66661133e+02, 1.82748901e+02,
       8.17091048e-01, 7.31279724e+02, 1.80776993e+02, 8.38618815e-01,
       7.97878967e+02, 4.13867462e+02, 5.49809158e-01, 6.82326782e+02,
       4.78605255e+02, 8.22488189e-01, 7.93912109e+02, 4.80454773e+02,
       8.00712049e-01, 5.60807800e+02, 3.57053070e+02, 2.08044380e-01,
       5.51001404e+02, 3.12012817e+02, 3.00844312e-01, 3.55113098e+02,
       3.35492371e+02, 2.00735256e-01, 0., 0., 0., 5.70622742e+02,
       4.13880737e+02, 1.44488543e-01, 3.57060364e+02, 4.76516174e+02,
       1.75888523e-01, 1.82694351e+02, 5.19647034e+02, 2.28807643e-01,
       9.27163818e+02, 3.23828827e+02, 7.73830652e-01, 9.27190430e+02,
       3.66851501e+02, 8.00222754e-01, 8.99740295e+02, 2.98282135e+02,
       7.06469238e-01, 0., 0., 0., 1.21986992e+02, 5.70584473e+02,
       2.04030648e-01, 1.33672363e+02, 5.72508484e+02, 2.35418111e-01,
       1.63077621e+02, 5.05969208e+02, 1.34836286e-01, 0., 0., 0., 0.,
       0., 0., 0., 0., 0. ]
