%YAML:1.0
---
pose_0: !!opencv-matrix
   rows: 1
   cols: 25
   dt: "3f"
   data: [ 8.99725281e+02, 2.55178314e+02, 8.07104707e-01,
       7.95883911e+02, 2.76781830e+02, 6.87012494e-01, 7.76365051e+02,
       2.23861221e+02, 6.81112170e-01, 7.88037048e+02, 1.16074249e+02,
       7.99973249e-01, 8.87958801e+02, 1.70975616e+02, 7.93886542e-01,
       8.07657043e+02, 3.25729767e+02, 4.98979449e-01, 8.25317383e+02,
       3.68877106e+02, 6.68582559e-01, 8.97792969e+02, 2.96341492e+02,
       7.10108221e-01, 5.56859497e+02, 3.35492554e+02, 3.46875191e-01,
       5.54893799e+02, 2.88435974e+02, 4.32250828e-01, 3.39449127e+02,
       2.96354736e+02, 5.52725077e-01, 1.51328186e+02, 3.15930084e+02,
       4.81749088e-01, 5.64724548e+02, 3.78589447e+02, 4.36716706e-01,
       3.66843903e+02, 4.13919830e+02, 6.77168906e-01, 2.21878723e+02,
       4.80553528e+02, 5.69423079e-01, 8.99675415e+02, 2.33627945e+02,
       7.95634270e-01, 9.15356873e+02, 2.59085693e+02, 7.80039430e-01,
       8.66439514e+02, 2.23865997e+02, 4.94869739e-01, 8.87986389e+02,
       2.88418060e+02, 3.30739826e-01, 1.76830765e+02, 4.66788544e+02,
       1.36715427e-01, 1.86621323e+02, 4.76555634e+02, 1.50197372e-01,
       2.08127228e+02, 4.92282257e+02, 3.41986775e-01, 0., 0., 0., 0.,
       0., 0., 1.37611542e+02, 3.25718018e+02, 3.18655491e-01 ]
