%YAML:1.0
---
pose_0: !!opencv-matrix
   rows: 1
   cols: 25
   dt: "3f"
   data: [ 9.05613831e+02, 3.41353149e+02, 7.28079021e-01,
       8.13525208e+02, 2.90401001e+02, 6.62190735e-01, 8.37067017e+02,
       2.41533264e+02, 6.86800957e-01, 7.31321594e+02, 1.67098663e+02,
       7.50694692e-01, 6.43078003e+02, 2.43444229e+02, 4.66970056e-01,
       7.91955078e+02, 3.27670776e+02, 5.74190736e-01, 7.11679382e+02,
       3.59035248e+02, 4.46874857e-01, 6.76374451e+02, 3.84442108e+02,
       6.16909802e-01, 6.03919739e+02, 2.82611023e+02, 2.07212582e-01,
       5.82371094e+02, 2.66940033e+02, 1.75254986e-01, 3.37457550e+02,
       3.43353119e+02, 1.91500500e-01, 1.51352188e+02, 3.00277008e+02,
       3.14367056e-01, 0., 0., 0., 0., 0., 0., 0., 0., 0.,
       9.31130310e+02, 3.19838684e+02, 8.18224669e-01, 9.23278259e+02,
       3.51156891e+02, 7.53486276e-01, 9.11517212e+02, 2.74793457e+02,
       8.93550515e-01, 0., 0., 0., 0., 0., 0., 0., 0., 0., 0., 0., 0.,
       1.16068123e+02, 3.96187805e+02, 1.11742944e-01, 1.18120026e+02,
       3.90337158e+02, 1.00134939e-01, 0., 0., 0. ]
