%YAML:1.0
---
pose_0: !!opencv-matrix
   rows: 1
   cols: 25
   dt: "3f"
   data: [ 9.95685730e+02, 2.00381027e+02, 7.59539604e-01,
       8.68355957e+02, 2.10156738e+02, 6.32238030e-01, 8.58603149e+02,
       1.33732971e+02, 5.65476477e-01, 7.58708801e+02, 8.86688766e+01,
       1.79668903e-01, 0., 0., 0., 8.62492798e+02, 2.98313263e+02,
       5.46548188e-01, 7.15558472e+02, 3.53137421e+02, 7.01949537e-01,
       5.88238098e+02, 3.98166443e+02, 8.25595260e-01, 5.84307922e+02,
       1.86625610e+02, 6.47943020e-02, 0., 0., 0., 0., 0., 0., 0., 0.,
       0., 0., 0., 0., 0., 0., 0., 0., 0., 0., 1.00951978e+03,
       1.72881210e+02, 8.44615817e-01, 1.01337488e+03, 2.23776031e+02,
       7.32747316e-01, 9.78070435e+02, 1.33760040e+02, 4.50369447e-01,
       0., 0., 0., 0., 0., 0., 0., 0., 0., 0., 0., 0., 0., 0., 0., 0.,
       0., 0., 0., 0., 0. ]
