%YAML:1.0
---
pose_0: !!opencv-matrix
   rows: 1
   cols: 25
   dt: "3f"
   data: [ 8.99689941e+02, 3.06189880e+02, 8.29836965e-01,
       8.03733643e+02, 3.08124756e+02, 6.96543455e-01, 7.95881592e+02,
       2.27740387e+02, 7.16641784e-01, 6.80247070e+02, 1.84673294e+02,
       7.85954714e-01, 5.86320801e+02, 1.98446243e+02, 7.88610399e-01,
       8.07590149e+02, 3.92352631e+02, 6.53290272e-01, 6.95956055e+02,
       4.47269836e+02, 8.02748919e-01, 5.88292786e+02, 4.60898804e+02,
       8.38381410e-01, 5.58841797e+02, 3.23759369e+02, 2.60008812e-01,
       5.49068909e+02, 2.82613434e+02, 3.46744686e-01, 3.51190460e+02,
       2.92443420e+02, 1.87264681e-01, 1.78733765e+02, 3.02211548e+02,
       3.05568695e-01, 5.56882996e+02, 3.72734894e+02, 2.20544770e-01,
       3.68860046e+02, 3.78619141e+02, 3.14555526e-01, 1.63069443e+02,
       3.86422760e+02, 4.51379269e-01, 9.11457336e+02, 2.88528717e+02,
       8.54408383e-01, 9.13487122e+02, 3.21807343e+02, 8.25672448e-01,
       8.91904419e+02, 2.64981079e+02, 6.38257980e-01, 8.93856079e+02,
       3.37570740e+02, 2.46114090e-01, 1.10185684e+02, 4.23673218e+02,
       3.50502729e-01, 1.18016891e+02, 4.25657166e+02, 3.53031248e-01,
       1.37665085e+02, 3.76640106e+02, 2.92378008e-01, 1.08231522e+02,
       2.61093018e+02, 1.62125707e-01, 1.06317314e+02, 2.59136688e+02,
       1.46028608e-01, 1.61147369e+02, 3.06089569e+02, 2.21427381e-01 ]
