%YAML:1.0
---
pose_0: !!opencv-matrix
   rows: 2
   cols: 25
   dt: "3f"
   data: [ 9.19378784e+02, 3.21718536e+02, 7.92300522e-01,
       8.56659973e+02, 2.45365707e+02, 1.83445796e-01, 8.64438843e+02,
       2.23793350e+02, 6.42561376e-01, 7.82184692e+02, 3.02173187e+02,
       7.55046487e-01, 8.37108459e+02, 3.98239349e+02, 8.90320301e-01,
       8.66431458e+02, 2.61101227e+02, 5.86327426e-02, 0., 0., 0., 0.,
       0., 0., 0., 0., 0., 0., 0., 0., 0., 0., 0., 0., 0., 0., 0., 0.,
       0., 0., 0., 0., 0., 0., 0., 9.36947815e+02, 3.04222260e+02,
       7.97593832e-01, 0., 0., 0., 9.31023010e+02, 2.53241653e+02,
       8.47118735e-01, 0., 0., 0., 0., 0., 0., 0., 0., 0., 0., 0., 0.,
       0., 0., 0., 0., 0., 0., 0., 0., 0., 0., 0., 0., 7.72387146e+02,
       2.57201080e+02, 3.82931381e-01, 7.91959778e+02, 2.37527512e+02,
       1.01409018e-01, 0., 0., 0., 0., 0., 0., 7.45032104e+02,
       2.76761047e+02, 2.90576398e-01, 7.11589172e+02, 3.49228119e+02,
       7.87759721e-01, 7.88013550e+02, 4.29583649e+02, 8.03182960e-01,
       5.66704590e+02, 2.45378326e+02, 2.11360112e-01, 5.56927307e+02,
       2.57121307e+02, 2.08813667e-01, 4.29536987e+02, 3.08079224e+02,
       1.02948047e-01, 3.06088440e+02, 2.72772369e+02, 1.27903685e-01,
       5.74516235e+02, 2.35598297e+02, 1.58558190e-01, 4.19746185e+02,
       2.76750458e+02, 5.21783009e-02, 3.10037476e+02, 2.64975250e+02,
       8.26336294e-02, 0., 0., 0., 0., 0., 0., 0., 0., 0., 0., 0., 0.,
       0., 0., 0., 0., 0., 0., 0., 0., 0., 0., 0., 0., 0., 0., 0., 0.,
       0., 0. ]
