%YAML:1.0
---
pose_0: !!opencv-matrix
   rows: 1
   cols: 25
   dt: "3f"
   data: [ 9.05602417e+02, 3.33529694e+02, 7.58576453e-01,
       8.21415466e+02, 3.70805695e+02, 6.02816939e-01, 7.91966858e+02,
       3.37463531e+02, 4.41912651e-01, 6.72463623e+02, 3.47268951e+02,
       4.16883081e-01, 5.84343506e+02, 3.27667053e+02, 7.13733375e-01,
       8.52781799e+02, 4.15812439e+02, 6.31561279e-01, 8.15498596e+02,
       4.62819153e+02, 8.08821082e-01, 8.23267395e+02, 3.35479645e+02,
       8.23255658e-01, 5.72573914e+02, 4.21705750e+02, 2.31656805e-01,
       5.74508057e+02, 3.82531128e+02, 3.36384952e-01, 3.45291290e+02,
       5.21578979e+02, 3.22671026e-01, 2.12041534e+02, 6.13732483e+02,
       2.81866878e-01, 5.82367981e+02, 4.64804260e+02, 1.48867577e-01,
       3.41415985e+02, 3.92316895e+02, 3.54071379e-01, 1.45453781e+02,
       3.84519409e+02, 4.61555809e-01, 9.15434082e+02, 3.17850586e+02,
       8.70449066e-01, 9.23241333e+02, 3.51074921e+02, 8.36308897e-01,
       8.99681519e+02, 3.06154846e+02, 1.87522516e-01, 9.15434204e+02,
       3.82517303e+02, 7.52087712e-01, 1.29789261e+02, 3.37486877e+02,
       1.75627783e-01, 1.27843040e+02, 3.47239044e+02, 1.78918287e-01,
       1.25884995e+02, 3.92334442e+02, 2.48715565e-01, 2.10053848e+02,
       6.33338379e+02, 7.44316205e-02, 2.04262253e+02, 6.33344177e+02,
       7.71365613e-02, 2.06183990e+02, 6.19552063e+02, 2.16711864e-01 ]
