%YAML:1.0
---
pose_0: !!opencv-matrix
   rows: 1
   cols: 25
   dt: "3f"
   data: [ 9.03641968e+02, 3.86484375e+02, 8.00440371e-01,
       7.88082336e+02, 3.90380981e+02, 6.58006728e-01, 7.84113342e+02,
       3.06162750e+02, 6.47481918e-01, 6.64639038e+02, 2.29686691e+02,
       7.61476040e-01, 7.27366577e+02, 2.61089539e+02, 8.09950590e-01,
       7.82211304e+02, 4.74595581e+02, 5.90138316e-01, 6.66562439e+02,
       5.31395325e+02, 7.78647661e-01, 7.76322144e+02, 5.23564880e+02,
       8.25570822e-01, 5.39262268e+02, 3.96253357e+02, 2.49710649e-01,
       5.43181580e+02, 3.53186462e+02, 3.21789742e-01, 3.55085419e+02,
       3.51231201e+02, 4.48780358e-01, 2.10178131e+02, 3.31575684e+02,
       5.48431538e-02, 5.37297607e+02, 4.43263397e+02, 2.23550886e-01,
       3.70805420e+02, 4.78482452e+02, 4.25042361e-01, 1.74842041e+02,
       5.33373779e+02, 3.59916747e-01, 9.15371033e+02, 3.68845306e+02,
       8.74357164e-01, 9.15461426e+02, 4.02194763e+02, 7.61778414e-01,
       8.86062988e+02, 3.49180542e+02, 6.44323111e-01, 8.91892578e+02,
       4.29535919e+02, 3.41226935e-01, 1.25877739e+02, 5.72588501e+02,
       2.45652482e-01, 1.31735825e+02, 5.72601257e+02, 2.86670566e-01,
       1.49426865e+02, 5.23590393e+02, 1.94115102e-01, 1.55264267e+02,
       3.17886108e+02, 7.60390237e-02, 1.55282715e+02, 3.19803833e+02,
       8.89761448e-02, 0., 0., 0. ]
