%YAML:1.0
---
pose_0: !!opencv-matrix
   rows: 1
   cols: 25
   dt: "3f"
   data: [ 1.02706018e+03, 2.31706635e+02, 6.58565581e-01,
       9.17342407e+02, 2.14040314e+02, 5.95747948e-01, 9.01755798e+02,
       1.23909843e+02, 5.19556940e-01, 7.42943420e+02, 6.90656509e+01,
       8.22226346e-01, 7.33264954e+02, 1.39610855e+02, 6.99035525e-01,
       9.29089050e+02, 3.15921448e+02, 4.97873783e-01, 8.05628601e+02,
       4.45185089e+02, 7.80283809e-01, 8.89909973e+02, 2.90483154e+02,
       7.56544292e-01, 0., 0., 0., 0., 0., 0., 0., 0., 0., 0., 0., 0.,
       0., 0., 0., 0., 0., 0., 0., 0., 0., 1.04473206e+03,
       2.08168152e+02, 6.43667698e-01, 1.05254846e+03, 2.45405106e+02,
       5.65441668e-01, 1.02514160e+03, 1.53303101e+02, 4.43786412e-01,
       0., 0., 0., 0., 0., 0., 0., 0., 0., 0., 0., 0., 0., 0., 0., 0.,
       0., 0., 0., 0., 0. ]
