%YAML:1.0
---
pose_0: !!opencv-matrix
   rows: 1
   cols: 25
   dt: "3f"
   data: [ 9.36970581e+02, 1.96451630e+02, 7.43878126e-01,
       8.29243469e+02, 2.10086670e+02, 6.84974670e-01, 8.11600708e+02,
       1.25867233e+02, 6.44248962e-01, 6.80366394e+02, 1.04405838e+02,
       7.00829387e-01, 5.90238586e+02, 9.84867783e+01, 7.82897115e-01,
       8.48756897e+02, 2.92428070e+02, 6.39568627e-01, 7.60662354e+02,
       3.55120300e+02, 7.49140620e-01, 6.54856079e+02, 3.47291412e+02,
       7.43032753e-01, 5.78431396e+02, 2.06201385e+02, 1.49655655e-01,
       5.56894958e+02, 1.63083008e+02, 2.14169979e-01, 3.29634888e+02,
       2.21901367e+02, 6.32063001e-02, 2.84563080e+02, 2.19912659e+02,
       5.77204898e-02, 6.00003662e+02, 2.63050201e+02, 1.09837919e-01,
       3.60990784e+02, 2.82599030e+02, 7.45575428e-02, 0., 0., 0.,
       9.48696899e+02, 1.74816528e+02, 8.79829586e-01, 9.56537781e+02,
       2.12143906e+02, 8.09119165e-01, 9.19305054e+02, 1.49338943e+02,
       7.23999739e-01, 9.46697998e+02, 2.39541214e+02, 2.81421304e-01,
       0., 0., 0., 0., 0., 0., 0., 0., 0., 0., 0., 0., 0., 0., 0., 0.,
       0., 0. ]
