%YAML:1.0
---
pose_0: !!opencv-matrix
   rows: 2
   cols: 25
   dt: "3f"
   data: [ 8.80120544e+02, 3.66750580e+02, 7.58028626e-01,
       7.97869141e+02, 3.08129059e+02, 3.99763376e-01, 8.03771179e+02,
       2.76786560e+02, 6.36152744e-01, 6.95999207e+02, 2.72863586e+02,
       6.72635496e-01, 7.09678162e+02, 4.31481628e+02, 6.86325371e-01,
       7.84175720e+02, 3.49205139e+02, 1.57752931e-01, 0., 0., 0., 0.,
       0., 0., 6.33304626e+02, 3.33540649e+02, 1.27518192e-01,
       6.27407593e+02, 3.17888489e+02, 7.91601315e-02, 0., 0., 0., 0.,
       0., 0., 6.48939941e+02, 3.53181213e+02, 1.58584833e-01,
       6.54849731e+02, 4.66780273e+02, 8.15967098e-02, 0., 0., 0.,
       9.01753479e+02, 3.37538483e+02, 7.46105313e-01, 8.97808655e+02,
       3.78641876e+02, 7.09262669e-01, 8.82128601e+02, 3.02212250e+02,
       6.99228406e-01, 0., 0., 0., 0., 0., 0., 0., 0., 0., 0., 0., 0.,
       0., 0., 0., 0., 0., 0., 0., 0., 0., 0., 0., 0., 0., 0., 0., 0.,
       0., 0., 0., 0., 0., 0., 0., 0., 0., 0., 0., 0., 0., 0., 0., 0.,
       0., 5.27532410e+02, 2.74801880e+02, 1.57121316e-01,
       5.21640259e+02, 2.68903381e+02, 1.67511433e-01, 3.51167389e+02,
       3.80577728e+02, 3.16830724e-01, 1.25881477e+02, 3.49168396e+02,
       2.45493829e-01, 5.27518494e+02, 2.68905151e+02, 1.07672736e-01,
       3.33562408e+02, 3.70750427e+02, 1.57220781e-01, 9.06311951e+01,
       3.53130798e+02, 2.24181756e-01, 0., 0., 0., 0., 0., 0., 0., 0.,
       0., 0., 0., 0., 4.94561348e+01, 3.06197083e+02, 8.29892606e-02,
       4.16642036e+01, 3.21795990e+02, 7.98343718e-02, 7.49271240e+01,
       3.55109833e+02, 1.32391721e-01, 1.33714935e+02, 4.00189606e+02,
       9.16522443e-02, 1.33761963e+02, 3.96259521e+02, 8.26281756e-02,
       0., 0., 0. ]
