%YAML:1.0
---
pose_0: !!opencv-matrix
   rows: 1
   cols: 25
   dt: "3f"
   data: [ 9.13395935e+02, 3.57075989e+02, 7.93588758e-01,
       8.23289673e+02, 4.00234833e+02, 5.84378541e-01, 7.76312195e+02,
       3.62950134e+02, 3.39468718e-01, 6.17631531e+02, 3.80584198e+02,
       1.29800573e-01, 5.49073975e+02, 3.82487396e+02, 9.68668908e-02,
       8.50701721e+02, 4.49121796e+02, 6.21207058e-01, 7.86089539e+02,
       4.72627960e+02, 7.72980332e-01, 8.07705017e+02, 3.37552002e+02,
       7.50389397e-01, 5.45130737e+02, 4.27587128e+02, 1.20582506e-01,
       5.51029907e+02, 4.00163635e+02, 1.89752668e-01, 3.49217041e+02,
       3.80546051e+02, 2.72343099e-01, 3.51163544e+02, 3.84455811e+02,
       1.18933916e-01, 5.43179382e+02, 4.62871246e+02, 8.45847055e-02,
       3.47269379e+02, 3.88418091e+02, 1.22468442e-01, 3.49242828e+02,
       3.86422363e+02, 5.60846366e-02, 9.17365723e+02, 3.45269806e+02,
       8.70403469e-01, 9.29149475e+02, 3.72745514e+02, 8.46860886e-01,
       8.99720764e+02, 3.35574585e+02, 1.61056131e-01, 9.27157288e+02,
       4.07972595e+02, 5.98600268e-01, 0., 0., 0., 0., 0., 0., 0., 0.,
       0., 0., 0., 0., 0., 0., 0., 0., 0., 0. ]
