%YAML:1.0
---
pose_0: !!opencv-matrix
   rows: 1
   cols: 25
   dt: "3f"
   data: [ 9.40894287e+02, 2.94346375e+02, 7.12160170e-01,
       8.27251892e+02, 2.92465363e+02, 6.38462901e-01, 8.21427063e+02,
       2.10102493e+02, 6.79275393e-01, 6.96027771e+02, 1.67056870e+02,
       8.36691380e-01, 6.49035400e+02, 2.25739716e+02, 8.22034657e-01,
       8.35053284e+02, 3.84487152e+02, 4.99719560e-01, 7.42929260e+02,
       4.41270538e+02, 8.21582198e-01, 8.42935974e+02, 3.51177704e+02,
       7.62428403e-01, 5.86258545e+02, 2.90457642e+02, 1.93346709e-01,
       5.86272400e+02, 2.55151733e+02, 2.79308349e-01, 4.00145172e+02,
       2.68889893e+02, 1.33664817e-01, 2.55160873e+02, 2.59177124e+02,
       1.01919129e-01, 5.56877502e+02, 3.29643768e+02, 1.27368212e-01,
       4.55004395e+02, 3.68838623e+02, 6.01529479e-02, 1.27827110e+02,
       3.84528015e+02, 9.39047411e-02, 9.48762878e+02, 2.74848236e+02,
       9.14833844e-01, 9.56529602e+02, 3.17864441e+02, 7.67831206e-01,
       9.19377441e+02, 2.53244644e+02, 6.26684725e-01, 9.44779541e+02,
       3.37377899e+02, 2.90805817e-01, 0., 0., 0., 0., 0., 0., 0., 0.,
       0., 0., 0., 0., 0., 0., 0., 0., 0., 0. ]
