%YAML:1.0
---
pose_0: !!opencv-matrix
   rows: 1
   cols: 25
   dt: "3f"
   data: [ 8.70321960e+02, 2.39521194e+02, 7.87313223e-01,
       8.03693420e+02, 2.84602478e+02, 5.20997107e-01, 8.07674988e+02,
       2.39541229e+02, 2.32681111e-01, 0., 0., 0., 0., 0., 0.,
       7.92041138e+02, 3.10062836e+02, 5.64491928e-01, 6.95956360e+02,
       2.86506683e+02, 7.39175141e-01, 7.94008545e+02, 2.10094574e+02,
       6.99756801e-01, 5.51000122e+02, 3.21848267e+02, 2.43673518e-01,
       5.49040833e+02, 2.86551788e+02, 2.52247512e-01, 3.45313721e+02,
       3.02200287e+02, 1.92571342e-01, 1.18098946e+02, 3.78603241e+02,
       2.80326962e-01, 5.41219177e+02, 3.59009399e+02, 2.22085834e-01,
       3.33558990e+02, 3.06164825e+02, 2.05906466e-01, 1.14141258e+02,
       3.80562897e+02, 2.35016763e-01, 8.82047913e+02, 2.29739899e+02,
       7.55162120e-01, 8.87975952e+02, 2.57168976e+02, 8.21527898e-01,
       0., 0., 0., 8.70437744e+02, 3.02176697e+02, 7.97244072e-01,
       8.47676773e+01, 3.88452637e+02, 5.45237921e-02, 9.06171875e+01,
       4.00155762e+02, 8.34180862e-02, 8.67424927e+01, 3.96219910e+02,
       1.72683656e-01, 9.25851288e+01, 4.00179749e+02, 8.91818032e-02,
       9.25897675e+01, 3.98171356e+02, 8.12401995e-02, 1.02381599e+02,
       3.92311829e+02, 1.45401880e-01 ]
