%YAML:1.0
---
pose_0: !!opencv-matrix
   rows: 1
   cols: 25
   dt: "3f"
   data: [ 8.62485291e+02, 4.47108734e+02, 8.29236150e-01,
       7.56679932e+02, 4.47264313e+02, 6.98874831e-01, 7.44977905e+02,
       3.80602478e+02, 6.63431883e-01, 6.21588074e+02, 3.39473877e+02,
       7.88051963e-01, 6.82361206e+02, 3.37488159e+02, 8.24996531e-01,
       7.58596130e+02, 5.15779785e+02, 6.43927753e-01, 6.60739075e+02,
       5.82355774e+02, 6.45879865e-01, 7.01904663e+02, 5.92157654e+02,
       5.43599188e-01, 5.25506226e+02, 4.66796783e+02, 3.41554999e-01,
       5.25521667e+02, 4.21695313e+02, 4.07124519e-01, 3.35526825e+02,
       4.31512115e+02, 1.04928635e-01, 0., 0., 0., 5.25578308e+02,
       5.07899170e+02, 3.75306249e-01, 3.80565643e+02, 5.39271362e+02,
       1.77430183e-01, 0., 0., 0., 8.70297363e+02, 4.27627472e+02,
       8.72329414e-01, 8.72285828e+02, 4.55005646e+02, 7.57661581e-01,
       8.38970520e+02, 4.02110474e+02, 8.07193696e-01, 8.54715515e+02,
       4.72673920e+02, 1.70887828e-01, 0., 0., 0., 0., 0., 0., 0., 0.,
       0., 0., 0., 0., 0., 0., 0., 0., 0., 0. ]
