%YAML:1.0
---
pose_0: !!opencv-matrix
   rows: 1
   cols: 25
   dt: "3f"
   data: [ 8.86034119e+02, 2.12029449e+02, 8.47241998e-01,
       7.93925232e+02, 1.92474747e+02, 6.41975641e-01, 7.99850525e+02,
       1.23915337e+02, 7.04517007e-01, 7.58702576e+02, 1.61164474e+02,
       7.54470110e-01, 7.58651245e+02, 2.90487213e+02, 8.07558775e-01,
       7.82185852e+02, 2.55195999e+02, 4.32318807e-01, 7.43054565e+02,
       2.88509735e+02, 7.44379163e-02, 0., 0., 0., 6.97958801e+02,
       2.35601395e+02, 1.14689469e-01, 6.92073181e+02, 2.23848083e+02,
       9.64176655e-02, 6.64660706e+02, 2.86566132e+02, 1.94286957e-01,
       5.39226685e+02, 3.21777283e+02, 3.19575280e-01, 7.03834290e+02,
       2.55163773e+02, 7.94895217e-02, 6.64668518e+02, 2.88499756e+02,
       1.23988926e-01, 5.41183533e+02, 3.21789734e+02, 2.72470325e-01,
       8.93867798e+02, 1.92427155e+02, 7.87190497e-01, 8.99709778e+02,
       2.21895203e+02, 7.30427384e-01, 8.70422913e+02, 1.65008072e+02,
       6.60947621e-01, 8.80162415e+02, 2.41509872e+02, 2.13702947e-01,
       4.94215759e+02, 3.19833252e+02, 1.05362460e-01, 0., 0., 0.,
       5.21614075e+02, 3.21794037e+02, 1.71037257e-01, 4.98123749e+02,
       3.23786896e+02, 1.28337473e-01, 4.96214355e+02, 3.19910217e+02,
       1.37813196e-01, 0., 0., 0. ]
