%YAML:1.0
---
pose_0: !!opencv-matrix
   rows: 1
   cols: 25
   dt: "3f"
   data: [ 9.01643921e+02, 3.82547333e+02, 8.21152091e-01,
       7.93950684e+02, 3.98266113e+02, 7.22011268e-01, 7.76342834e+02,
       3.25714722e+02, 7.32965946e-01, 6.66629211e+02, 2.90423920e+02,
       8.63910198e-01, 7.56668762e+02, 2.59219238e+02, 8.32613349e-01,
       8.11609741e+02, 4.74557678e+02, 6.34757102e-01, 6.78353699e+02,
       5.49063782e+02, 7.61419296e-01, 7.58745056e+02, 5.05880890e+02,
       8.06359529e-01, 5.39224731e+02, 4.11922150e+02, 3.48914772e-01,
       5.43180725e+02, 3.64908661e+02, 4.61150825e-01, 3.35517578e+02,
       3.39450867e+02, 5.81121743e-01, 1.51396057e+02, 3.21825745e+02,
       4.49766964e-01, 5.35323242e+02, 4.58929718e+02, 3.81806076e-01,
       3.49234985e+02, 4.56958496e+02, 4.76118833e-01, 1.65068390e+02,
       5.21617432e+02, 4.82205123e-01, 9.13386108e+02, 3.66792023e+02,
       8.56263757e-01, 9.15440735e+02, 3.98174774e+02, 8.05479169e-01,
       8.84055115e+02, 3.49228027e+02, 6.80061042e-01, 9.05625061e+02,
       4.23655029e+02, 4.46339339e-01, 1.04336250e+02, 5.70575073e+02,
       4.23336983e-01, 1.10219116e+02, 5.70585327e+02, 4.37105060e-01,
       1.39630142e+02, 5.11864838e+02, 2.54657537e-01, 0., 0., 0., 0.,
       0., 0., 1.45494522e+02, 3.23753021e+02, 2.79796064e-01 ]
