%YAML:1.0
---
pose_0: !!opencv-matrix
   rows: 1
   cols: 25
   dt: "3f"
   data: [ 8.95843750e+02, 2.33612289e+02, 7.69300759e-01,
       8.38992065e+02, 3.10042511e+02, 4.39311445e-01, 8.21380188e+02,
       2.92411621e+02, 1.71794832e-01, 7.17566101e+02, 2.88481995e+02,
       6.90202117e-02, 0., 0., 0., 8.54696472e+02, 3.21795258e+02,
       5.42187691e-01, 7.44949219e+02, 2.86547119e+02, 5.52083790e-01,
       7.45024475e+02, 1.98392258e+02, 8.06476772e-01, 5.56883057e+02,
       3.53146576e+02, 1.65416673e-01, 5.52957275e+02, 3.15892914e+02,
       2.48411268e-01, 3.21803833e+02, 3.10064209e+02, 2.29819298e-01,
       9.25669174e+01, 4.13869446e+02, 2.73060769e-01, 5.39253479e+02,
       3.84506042e+02, 1.55555040e-01, 3.90357452e+02, 3.49180725e+02,
       1.02444388e-01, 2.68905487e+02, 3.82465302e+02, 5.05792499e-02,
       9.11523682e+02, 2.29718353e+02, 2.38722503e-01, 9.17443726e+02,
       2.43392960e+02, 9.11939323e-01, 0., 0., 0., 9.19301086e+02,
       3.04090057e+02, 8.30784440e-01, 0., 0., 0., 0., 0., 0., 0., 0.,
       0., 5.34112167e+01, 4.45270905e+02, 2.35151291e-01,
       5.34097214e+01, 4.37387482e+02, 2.26770014e-01, 0., 0., 0. ]
