%YAML:1.0
---
pose_0: !!opencv-matrix
   rows: 1
   cols: 25
   dt: "3f"
   data: [ 8.87966614e+02, 1.55264832e+02, 7.70761251e-01,
       7.89968567e+02, 1.76850266e+02, 7.02096105e-01, 7.74268127e+02,
       9.84307098e+01, 6.64950550e-01, 6.62692139e+02, 5.34716797e+01,
       7.46197939e-01, 6.05866577e+02, 6.12543488e+01, 7.44631052e-01,
       7.97898682e+02, 2.57133606e+02, 6.79511786e-01, 6.84226990e+02,
       3.02241852e+02, 7.08670139e-01, 5.47121399e+02, 3.39452545e+02,
       7.67944992e-01, 5.23581970e+02, 1.90539368e+02, 1.20079562e-01,
       5.11851257e+02, 1.49381546e+02, 1.30069837e-01, 3.35519318e+02,
       2.37557724e+02, 2.31888831e-01, 1.84669434e+02, 3.12001007e+02,
       3.97694051e-01, 5.05959625e+02, 2.25807617e+02, 1.03641212e-01,
       3.51187592e+02, 2.37563766e+02, 1.66781351e-01, 1.68965820e+02,
       3.21758301e+02, 8.35562199e-02, 8.97783386e+02, 1.33749557e+02,
       8.21786165e-01, 9.01714172e+02, 1.68992493e+02, 8.05613875e-01,
       8.70401917e+02, 1.16062386e+02, 4.91696119e-01, 8.91929382e+02,
       1.94477188e+02, 5.30746043e-01, 1.14131844e+02, 3.41376984e+02,
       9.12710652e-02, 1.23942184e+02, 3.51130157e+02, 1.03712827e-01,
       0., 0., 0., 1.29767609e+02, 3.43366241e+02, 1.41176730e-01,
       1.25906921e+02, 3.37441010e+02, 1.41482145e-01, 1.78748108e+02,
       3.17894867e+02, 2.15060681e-01 ]
