%YAML:1.0
---
pose_0: !!opencv-matrix
   rows: 1
   cols: 25
   dt: "3f"
   data: [ 1.08390845e+03, 1.37653687e+02, 1.61149323e-01,
       9.17402832e+02, 1.80740814e+02, 5.25548100e-01, 9.52651367e+02,
       2.59152618e+02, 4.77263063e-01, 9.95731628e+02, 4.00104858e+02,
       7.49239147e-01, 1.10539709e+03, 2.53217209e+02, 6.82056069e-01,
       8.76243408e+02, 9.84654922e+01, 2.10404798e-01, 0., 0., 0., 0.,
       0., 0., 0., 0., 0., 0., 0., 0., 0., 0., 0., 0., 0., 0., 0., 0.,
       0., 0., 0., 0., 0., 0., 0., 1.10154688e+03, 1.37670456e+02,
       2.45838851e-01, 1.10936438e+03, 1.49363785e+02, 2.43582696e-01,
       1.04470093e+03, 1.18020134e+02, 1.75352752e-01, 0., 0., 0., 0.,
       0., 0., 0., 0., 0., 0., 0., 0., 0., 0., 0., 0., 0., 0., 0., 0.,
       0. ]
