%YAML:1.0
---
pose_0: !!opencv-matrix
   rows: 1
   cols: 25
   dt: "3f"
   data: [ 8.99689331e+02, 2.80658447e+02, 8.19196343e-01,
       8.07624695e+02, 2.47382523e+02, 6.00865662e-01, 8.15465210e+02,
       1.92513214e+02, 5.66010833e-01, 7.56703003e+02, 1.35732742e+02,
       7.66008735e-01, 7.90073120e+02, 2.88516571e+02, 7.70313382e-01,
       7.88042480e+02, 2.96341766e+02, 3.70454997e-01, 0., 0., 0., 0.,
       0., 0., 6.88144470e+02, 2.66935913e+02, 6.74588308e-02, 0., 0.,
       0., 0., 0., 0., 0., 0., 0., 7.05786377e+02, 2.96324921e+02,
       7.46392086e-02, 6.49012024e+02, 3.19913269e+02, 3.73379230e-01,
       5.39267639e+02, 3.96267365e+02, 4.89296675e-01, 9.11475586e+02,
       2.59057709e+02, 8.60214651e-01, 9.13423828e+02, 2.88441620e+02,
       7.98904181e-01, 8.84015076e+02, 2.23797821e+02, 8.27232957e-01,
       0., 0., 0., 4.94152283e+02, 3.96192444e+02, 3.38205397e-01,
       5.02009583e+02, 4.00205292e+02, 3.43471259e-01, 5.25516174e+02,
       4.00149353e+02, 2.96089619e-01, 0., 0., 0., 0., 0., 0., 0., 0.,
       0. ]
