%YAML:1.0
---
pose_0: !!opencv-matrix
   rows: 1
   cols: 25
   dt: "3f"
   data: [ 9.95799011e+02, 3.15908142e+02, 7.72044361e-01,
       9.13413635e+02, 3.02201019e+02, 4.58695441e-01, 9.25223389e+02,
       2.35616959e+02, 4.46388870e-01, 8.68325500e+02, 1.90495255e+02,
       7.59771049e-01, 9.01771484e+02, 2.88411377e+02, 7.79533148e-01,
       8.99682983e+02, 3.68828247e+02, 3.11903954e-01, 8.35093384e+02,
       4.11891052e+02, 1.55526578e-01, 8.66440491e+02, 4.00170044e+02,
       3.96290660e-01, 7.07753540e+02, 3.23748322e+02, 5.45160137e-02,
       0., 0., 0., 0., 0., 0., 0., 0., 0., 0., 0., 0., 0., 0., 0., 0.,
       0., 0., 1.01151654e+03, 2.88396820e+02, 7.97806859e-01,
       1.01148584e+03, 3.29648285e+02, 7.17092931e-01, 9.93743591e+02,
       2.51255844e+02, 4.96468455e-01, 0., 0., 0., 0., 0., 0., 0., 0.,
       0., 0., 0., 0., 0., 0., 0., 0., 0., 0., 0., 0., 0. ]
