%YAML:1.0
---
pose_0: !!opencv-matrix
   rows: 1
   cols: 25
   dt: "3f"
   data: [ 9.11511902e+02, 2.88402374e+02, 7.86263585e-01,
       8.03712585e+02, 3.04081726e+02, 6.63692713e-01, 7.92035767e+02,
       2.25770859e+02, 6.84801102e-01, 6.90095825e+02, 1.65001053e+02,
       7.96955526e-01, 5.96104797e+02, 1.57232742e+02, 7.76134372e-01,
       8.05721802e+02, 3.78643494e+02, 6.76748753e-01, 6.93987488e+02,
       4.13944611e+02, 8.27202797e-01, 6.80384033e+02, 3.33502686e+02,
       8.32380772e-01, 5.27510742e+02, 3.10062408e+02, 2.16771320e-01,
       5.39253723e+02, 2.70870880e+02, 2.37980142e-01, 3.51245941e+02,
       2.59107574e+02, 6.19296134e-01, 1.33683319e+02, 2.57143494e+02,
       3.71753514e-01, 5.23579773e+02, 3.57047943e+02, 2.42713630e-01,
       3.55094604e+02, 3.60994629e+02, 1.22001573e-01, 0., 0., 0.,
       9.17400940e+02, 2.70839111e+02, 8.82258773e-01, 9.19401306e+02,
       3.04184326e+02, 7.95224011e-01, 8.91928589e+02, 2.51276611e+02,
       5.38032591e-01, 9.03699341e+02, 3.29639923e+02, 2.85506815e-01,
       0., 0., 0., 0., 0., 0., 0., 0., 0., 0., 0., 0., 0., 0., 0., 0.,
       0., 0. ]
