%YAML:1.0
---
pose_0: !!opencv-matrix
   rows: 1
   cols: 25
   dt: "3f"
   data: [ 9.82081177e+02, 2.25704041e+02, 7.31666088e-01,
       8.52713806e+02, 2.51278137e+02, 6.00007653e-01, 8.35073425e+02,
       1.66994644e+02, 6.40926957e-01, 6.80341919e+02, 1.27825974e+02,
       6.96872532e-01, 5.60807373e+02, 1.12190887e+02, 7.84876525e-01,
       8.70303284e+02, 3.39468933e+02, 5.49806535e-01, 7.35199829e+02,
       3.98224823e+02, 6.79117680e-01, 6.05927063e+02, 3.70773773e+02,
       7.59920180e-01, 5.84303040e+02, 2.80645142e+02, 2.01002225e-01,
       5.82351196e+02, 2.37554779e+02, 2.76064843e-01, 3.66889832e+02,
       2.66944275e+02, 1.11774445e-01, 0., 0., 0., 5.98028015e+02,
       3.37468903e+02, 1.37726650e-01, 0., 0., 0., 0., 0., 0.,
       9.93752319e+02, 2.04218369e+02, 8.57626498e-01, 1.00165509e+03,
       2.43418732e+02, 7.53555655e-01, 9.64398743e+02, 1.82691177e+02,
       3.92073661e-01, 9.80088379e+02, 2.72838348e+02, 3.83850724e-01,
       0., 0., 0., 0., 0., 0., 0., 0., 0., 0., 0., 0., 0., 0., 0., 0.,
       0., 0. ]
