%YAML:1.0
---
pose_0: !!opencv-matrix
   rows: 1
   cols: 25
   dt: "3f"
   data: [ 9.89839478e+02, 2.39507736e+02, 7.53760755e-01,
       8.54613403e+02, 2.49301926e+02, 5.99017203e-01, 8.39004822e+02,
       1.51394775e+02, 6.32676601e-01, 6.99915771e+02, 1.04301079e+02,
       6.73125148e-01, 6.11767090e+02, 1.45478577e+02, 6.48292065e-01,
       8.66394104e+02, 3.47243530e+02, 5.67840755e-01, 7.31232056e+02,
       3.86511444e+02, 7.06206799e-01, 5.72536560e+02, 4.31521515e+02,
       7.76832700e-01, 5.49058655e+02, 2.92412231e+02, 1.88173071e-01,
       5.39274414e+02, 2.43422104e+02, 2.30610564e-01, 3.43338013e+02,
       2.61077789e+02, 2.53016740e-01, 9.25893173e+01, 2.90486267e+02,
       5.05680107e-02, 5.54911377e+02, 3.43325775e+02, 2.77258873e-01,
       4.04083557e+02, 3.62912872e+02, 1.51401460e-01, 2.25803146e+02,
       3.57075012e+02, 9.00624096e-02, 9.93855652e+02, 2.12039398e+02,
       8.59859765e-01, 1.00163977e+03, 2.57081573e+02, 7.75931597e-01,
       9.64352600e+02, 1.80724396e+02, 5.19968688e-01, 9.82036011e+02,
       2.78757782e+02, 1.08662792e-01, 0., 0., 0., 0., 0., 0., 0., 0.,
       0., 0., 0., 0., 0., 0., 0., 0., 0., 0. ]
