%YAML:1.0
---
pose_0: !!opencv-matrix
   rows: 1
   cols: 25
   dt: "3f"
   data: [ 9.25219177e+02, 1.90523163e+02, 6.51639044e-01,
       8.23344543e+02, 2.41391190e+02, 7.35579312e-01, 7.97835327e+02,
       1.76772873e+02, 6.44691169e-01, 7.27361206e+02, 1.47466400e+02,
       3.20193112e-01, 6.94015808e+02, 1.29758560e+02, 5.83296537e-01,
       8.44912598e+02, 3.06101013e+02, 6.56739295e-01, 7.44966614e+02,
       4.08006134e+02, 7.31792092e-01, 6.13732849e+02, 4.33461365e+02,
       3.15689087e-01, 5.60806458e+02, 2.51260498e+02, 1.26876727e-01,
       5.51009399e+02, 2.37557251e+02, 1.18491605e-01, 3.13981964e+02,
       3.17886200e+02, 1.44063145e-01, 8.47799911e+01, 3.78629852e+02,
       9.09790173e-02, 5.62760254e+02, 2.57139557e+02, 9.29248556e-02,
       3.25735718e+02, 3.17863403e+02, 1.46339193e-01, 8.46917648e+01,
       3.82505157e+02, 2.65399218e-01, 9.36939026e+02, 1.80688324e+02,
       7.20426619e-01, 9.44797668e+02, 2.06236206e+02, 7.76922047e-01,
       9.01759766e+02, 1.69041687e+02, 1.53470039e-01, 9.31081604e+02,
       2.47333298e+02, 7.78345108e-01, 5.73062820e+01, 4.06022003e+02,
       1.08753130e-01, 6.70817337e+01, 4.08010742e+02, 1.56658322e-01,
       6.51673355e+01, 3.86471954e+02, 1.90093011e-01, 0., 0., 0., 0.,
       0., 0., 0., 0., 0. ]
