%YAML:1.0
---
pose_0: !!opencv-matrix
   rows: 1
   cols: 25
   dt: "3f"
   data: [ 1.02121283e+03, 2.55152039e+02, 6.84601307e-01,
       8.82058411e+02, 2.45428207e+02, 5.29477954e-01, 8.70330322e+02,
       1.53317230e+02, 5.14226139e-01, 7.82191711e+02, 9.84155884e+01,
       1.56515032e-01, 0., 0., 0., 8.76244812e+02, 3.33518524e+02,
       3.74775887e-01, 7.13613586e+02, 4.45263519e+02, 7.99485087e-01,
       8.21366211e+02, 3.70802765e+02, 6.74549282e-01, 6.74437805e+02,
       2.72822968e+02, 5.26757501e-02, 6.45055969e+02, 2.43435364e+02,
       6.94845021e-02, 0., 0., 0., 0., 0., 0., 0., 0., 0., 0., 0., 0.,
       0., 0., 0., 1.02719360e+03, 2.23870087e+02, 7.88531065e-01,
       1.03104700e+03, 2.72886322e+02, 7.41674304e-01, 9.95776428e+02,
       1.86602188e+02, 3.25203180e-01, 1.03295081e+03, 3.04168427e+02,
       9.29180905e-02, 0., 0., 0., 0., 0., 0., 0., 0., 0., 0., 0., 0.,
       0., 0., 0., 0., 0., 0. ]
