%YAML:1.0
---
pose_0: !!opencv-matrix
   rows: 1
   cols: 25
   dt: "3f"
   data: [ 8.88042664e+02, 2.27716797e+02, 8.56807947e-01,
       7.78306458e+02, 2.41522263e+02, 7.31396914e-01, 7.62615540e+02,
       1.67086075e+02, 6.95551395e-01, 6.33353882e+02, 1.45482712e+02,
       7.56824374e-01, 5.27556335e+02, 1.45401566e+02, 7.66449928e-01,
       7.95942200e+02, 3.17887909e+02, 6.24224544e-01, 7.17561523e+02,
       3.98144287e+02, 8.25048208e-01, 7.43034180e+02, 2.88490417e+02,
       7.99412191e-01, 5.45152222e+02, 2.55172806e+02, 1.94596484e-01,
       5.41238403e+02, 2.19906601e+02, 2.80523807e-01, 3.55119812e+02,
       2.35596451e+02, 2.58989930e-01, 0., 0., 0., 5.52956360e+02,
       3.06128754e+02, 1.51112512e-01, 4.58940277e+02, 3.41382965e+02,
       5.69134392e-02, 0., 0., 0., 8.95813660e+02, 2.08162750e+02,
       8.37010860e-01, 9.01777649e+02, 2.41416107e+02, 7.71812081e-01,
       8.62526367e+02, 1.88548630e+02, 6.42894030e-01, 8.86075256e+02,
       2.62992401e+02, 3.04605722e-01, 0., 0., 0., 0., 0., 0., 0., 0.,
       0., 0., 0., 0., 0., 0., 0., 0., 0., 0. ]
