%YAML:1.0
---
pose_0: !!opencv-matrix
   rows: 1
   cols: 25
   dt: "3f"
   data: [ 8.70404419e+02, 1.49333878e+02, 8.10790658e-01,
       7.76378418e+02, 1.65121017e+02, 7.21787930e-01, 7.74368774e+02,
       9.45278931e+01, 6.90459073e-01, 6.62629150e+02, 3.57408524e+01,
       7.72037685e-01, 7.42951477e+02, 6.71431961e+01, 8.14131618e-01,
       7.78288513e+02, 2.43516495e+02, 6.84229791e-01, 6.66686707e+02,
       3.02171204e+02, 8.02953720e-01, 7.25345032e+02, 2.70884369e+02,
       2.68053532e-01, 5.45141479e+02, 1.59190399e+02, 2.10916325e-01,
       5.33394836e+02, 1.19999855e+02, 2.09617868e-01, 3.80578857e+02,
       1.33709259e+02, 5.90736121e-02, 0., 0., 0., 5.45131470e+02,
       2.08143173e+02, 1.41786739e-01, 3.82511780e+02, 1.47438492e+02,
       7.54700899e-02, 0., 0., 0., 8.84077332e+02, 1.31784683e+02,
       8.73384535e-01, 8.85963318e+02, 1.65031006e+02, 8.50812793e-01,
       8.62491577e+02, 1.14163826e+02, 5.31433403e-01, 8.68439209e+02,
       1.92472534e+02, 5.29574156e-01, 0., 0., 0., 0., 0., 0., 0., 0.,
       0., 0., 0., 0., 0., 0., 0., 0., 0., 0. ]
