%YAML:1.0
---
pose_0: !!opencv-matrix
   rows: 1
   cols: 25
   dt: "3f"
   data: [ 8.74248779e+02, 2.27744171e+02, 7.72562802e-01,
       7.84166626e+02, 2.59187408e+02, 6.80950165e-01, 7.86079285e+02,
       1.88590500e+02, 5.88528156e-01, 7.93985718e+02, 8.27810211e+01,
       6.54014051e-01, 8.38992615e+02, 5.35284472e+00, 2.12668851e-01,
       7.88021973e+02, 3.27693573e+02, 5.56958795e-01, 8.68470154e+02,
       3.98235565e+02, 9.11165655e-01, 8.54663269e+02, 3.31588135e+02,
       6.85213089e-01, 5.54941956e+02, 2.53244354e+02, 3.24766338e-01,
       5.56881775e+02, 2.10170746e+02, 4.02507097e-01, 3.68814392e+02,
       2.04225220e+02, 1.09420657e-01, 0., 0., 0., 5.56883667e+02,
       2.98256897e+02, 3.88082236e-01, 3.57067902e+02, 3.17882019e+02,
       4.57010537e-01, 1.65039581e+02, 3.51123505e+02, 2.94308037e-01,
       8.86080078e+02, 2.25864685e+02, 6.56625926e-01, 8.86069336e+02,
       2.43483643e+02, 8.57939184e-01, 0., 0., 0., 8.70313354e+02,
       2.80678680e+02, 7.17888713e-01, 1.02314636e+02, 3.76630707e+02,
       8.93636793e-02, 0., 0., 0., 0., 0., 0., 0., 0., 0., 0., 0., 0.,
       0., 0., 0. ]
