%YAML:1.0
---
pose_0: !!opencv-matrix
   rows: 1
   cols: 25
   dt: "3f"
   data: [ 8.50764587e+02, 2.14023087e+02, 7.07604349e-01,
       7.64580505e+02, 2.59158417e+02, 7.36235797e-01, 7.37149536e+02,
       2.12161957e+02, 6.34880781e-01, 6.95964111e+02, 1.31770630e+02,
       8.30530405e-01, 7.99803772e+02, 1.39601181e+02, 7.88961887e-01,
       7.90068909e+02, 3.06093933e+02, 5.57231426e-01, 7.41041382e+02,
       3.53189789e+02, 7.20553935e-01, 8.38954590e+02, 2.74751617e+02,
       7.64950097e-01, 5.23559204e+02, 3.06167023e+02, 3.45574856e-01,
       5.23588501e+02, 2.80662659e+02, 3.47113043e-01, 3.27674561e+02,
       3.51135895e+02, 2.14279011e-01, 1.98363907e+02, 3.98188629e+02,
       5.09522855e-01, 5.13807373e+02, 3.41397339e+02, 2.61999905e-01,
       3.35509277e+02, 3.51180298e+02, 6.53020144e-02, 0., 0., 0.,
       8.60528442e+02, 2.12192307e+02, 4.85990584e-01, 8.64508301e+02,
       2.29700027e+02, 7.28386760e-01, 0., 0., 0., 8.58596619e+02,
       2.59172211e+02, 4.90736425e-01, 0., 0., 0., 0., 0., 0., 0., 0.,
       0., 1.25886917e+02, 3.86487671e+02, 2.66189873e-01,
       1.23923828e+02, 3.84488190e+02, 2.37598702e-01, 1.80748016e+02,
       4.11917023e+02, 3.23233336e-01 ]
