%YAML:1.0
---
pose_0: !!opencv-matrix
   rows: 1
   cols: 25
   dt: "3f"
   data: [ 1.00748419e+03, 1.98434189e+02, 7.74974227e-01,
       8.78186768e+02, 2.23859314e+02, 5.49014091e-01, 8.70366821e+02,
       1.49411530e+02, 3.90757799e-01, 8.07654907e+02, 1.08258469e+02,
       2.21353501e-01, 7.70435425e+02, 4.55827751e+01, 1.96652040e-01,
       8.68330017e+02, 3.04103760e+02, 5.39268196e-01, 7.11600708e+02,
       3.55177795e+02, 6.80440068e-01, 5.88221924e+02, 3.98144653e+02,
       8.27238321e-01, 6.09788269e+02, 2.19925568e+02, 6.08804561e-02,
       5.76484070e+02, 1.67029739e+02, 6.29136786e-02, 0., 0., 0., 0.,
       0., 0., 6.33300781e+02, 2.74778015e+02, 5.98113053e-02, 0., 0.,
       0., 0., 0., 0., 1.01732532e+03, 1.72862549e+02, 7.78956175e-01,
       1.02511475e+03, 2.21837067e+02, 7.36994684e-01, 9.82044739e+02,
       1.35705246e+02, 5.48676789e-01, 0., 0., 0., 0., 0., 0., 0., 0.,
       0., 0., 0., 0., 0., 0., 0., 0., 0., 0., 0., 0., 0. ]
