%YAML:1.0
---
pose_0: !!opencv-matrix
   rows: 1
   cols: 25
   dt: "3f"
   data: [ 8.70295105e+02, 2.19890564e+02, 7.67333269e-01,
       7.86080505e+02, 2.41482849e+02, 6.65936053e-01, 7.82221924e+02,
       1.70950333e+02, 6.34588182e-01, 7.97838135e+02, 7.69078903e+01,
       6.07503176e-01, 8.54772278e+02, 4.39050961e+00, 5.14652014e-01,
       7.89947083e+02, 3.06189362e+02, 6.38004243e-01, 8.86126648e+02,
       3.64911560e+02, 8.30229640e-01, 8.82143982e+02, 3.04188812e+02,
       6.27870321e-01, 5.45141541e+02, 2.27766098e+02, 3.00972223e-01,
       5.45152954e+02, 1.86599380e+02, 3.62178594e-01, 3.82547577e+02,
       1.94478195e+02, 1.60125881e-01, 0., 0., 0., 5.45127380e+02,
       2.72821198e+02, 3.09833407e-01, 3.35531311e+02, 3.06167023e+02,
       1.10536762e-01, 0., 0., 0., 8.82046326e+02, 2.12057541e+02,
       8.31319451e-01, 8.82043640e+02, 2.33612396e+02, 7.93262899e-01,
       8.74246094e+02, 2.02267822e+02, 1.57166287e-01, 8.68369568e+02,
       2.61110168e+02, 6.98892713e-01, 0., 0., 0., 0., 0., 0., 0., 0.,
       0., 0., 0., 0., 0., 0., 0., 0., 0., 0. ]
