%YAML:1.0
---
pose_0: !!opencv-matrix
   rows: 1
   cols: 25
   dt: "3f"
   data: [ 9.31031372e+02, 2.84511475e+02, 7.57876575e-01,
       8.23387390e+02, 2.66946991e+02, 6.20495319e-01, 8.35077698e+02,
       1.80811340e+02, 6.50377274e-01, 7.09641296e+02, 1.14115372e+02,
       7.27949023e-01, 7.54732849e+02, 2.33612854e+02, 7.21986413e-01,
       8.07693665e+02, 3.53173523e+02, 5.67182720e-01, 6.80340881e+02,
       3.98116028e+02, 7.27386355e-01, 6.84230408e+02, 3.68780701e+02,
       7.97119796e-01, 5.41213135e+02, 2.70857819e+02, 7.55874068e-02,
       5.33390686e+02, 2.29731094e+02, 8.79584551e-02, 3.41380127e+02,
       2.41506378e+02, 2.18053520e-01, 1.61149002e+02, 2.41408264e+02,
       2.41914704e-01, 5.17719971e+02, 3.19809662e+02, 8.59442949e-02,
       3.29621429e+02, 3.17817413e+02, 3.16199094e-01, 1.49414703e+02,
       3.04156464e+02, 3.30312729e-01, 9.40855896e+02, 2.57155518e+02,
       8.25811744e-01, 9.44761108e+02, 3.00209808e+02, 7.62257397e-01,
       9.17354492e+02, 2.25853561e+02, 5.21614790e-01, 9.38951477e+02,
       3.21742493e+02, 5.02854064e-02, 8.67149506e+01, 3.53096039e+02,
       4.37292337e-01, 9.65041580e+01, 3.53122314e+02, 4.15197968e-01,
       1.18025490e+02, 2.82621674e+02, 2.25556433e-01, 1.21943863e+02,
       2.00338486e+02, 1.52926058e-01, 0., 0., 0., 0., 0., 0. ]
