%YAML:1.0
---
pose_0: !!opencv-matrix
   rows: 1
   cols: 25
   dt: "3f"
   data: [ 1.03884583e+03, 2.72830292e+02, 7.87710175e-02,
       9.29130371e+02, 2.61117950e+02, 3.96167159e-01, 9.17360840e+02,
       3.23802460e+02, 4.21166539e-01, 8.74251343e+02, 5.02058655e+02,
       5.91169298e-01, 1.01336780e+03, 4.53062744e+02, 5.68823576e-01,
       9.52637756e+02, 2.04250153e+02, 1.90992892e-01, 1.05839429e+03,
       2.57130676e+02, 1.42057493e-01, 1.15250305e+03, 2.61111969e+02,
       1.86784729e-01, 0., 0., 0., 0., 0., 0., 0., 0., 0., 0., 0., 0.,
       0., 0., 0., 0., 0., 0., 0., 0., 0., 1.04665161e+03,
       2.45402771e+02, 1.71144336e-01, 0., 0., 0., 9.82040161e+02,
       2.72834839e+02, 9.96502042e-02, 0., 0., 0., 0., 0., 0., 0., 0.,
       0., 0., 0., 0., 0., 0., 0., 0., 0., 0., 0., 0., 0. ]
