%YAML:1.0
---
pose_0: !!opencv-matrix
   rows: 1
   cols: 25
   dt: "3f"
   data: [ 8.88016968e+02, 4.08005859e+02, 7.61859059e-01,
       7.84123047e+02, 4.29491608e+02, 6.53979003e-01, 7.72394470e+02,
       3.53169617e+02, 7.23044217e-01, 6.66664734e+02, 2.90468597e+02,
       8.60031486e-01, 7.27317688e+02, 2.72787354e+02, 8.83700669e-01,
       7.89994629e+02, 4.96206818e+02, 6.15010500e-01, 6.74432617e+02,
       5.58849731e+02, 7.72285879e-01, 7.90014038e+02, 5.39187378e+02,
       8.01993132e-01, 5.29450623e+02, 4.76536682e+02, 3.25735062e-01,
       5.29450012e+02, 4.29519714e+02, 4.66362864e-01, 3.33566437e+02,
       3.98220642e+02, 4.02953237e-01, 0., 0., 0., 5.41238037e+02,
       5.19681091e+02, 3.93424183e-01, 3.78614716e+02, 5.21628296e+02,
       3.64279419e-01, 0., 0., 0., 8.99621399e+02, 3.96229156e+02,
       8.61851692e-01, 9.01777039e+02, 4.27513458e+02, 7.71032810e-01,
       8.70387512e+02, 3.82490082e+02, 4.85309422e-01, 8.86050781e+02,
       4.51112793e+02, 5.55499375e-01, 0., 0., 0., 0., 0., 0., 0., 0.,
       0., 0., 0., 0., 0., 0., 0., 0., 0., 0. ]
