%YAML:1.0
---
pose_0: !!opencv-matrix
   rows: 1
   cols: 25
   dt: "3f"
   data: [ 9.03665894e+02, 3.21840149e+02, 7.80008376e-01,
       8.33084900e+02, 2.47346313e+02, 6.12296760e-01, 8.40990967e+02,
       2.19935883e+02, 7.21600354e-01, 7.52809998e+02, 2.82604279e+02,
       7.20484316e-01, 8.05676514e+02, 3.84519470e+02, 8.31025600e-01,
       8.19384827e+02, 2.76773010e+02, 3.02125037e-01, 6.68552185e+02,
       3.19887207e+02, 7.12602139e-01, 7.58610535e+02, 3.86426178e+02,
       8.19484174e-01, 5.54912903e+02, 2.53235657e+02, 2.01547891e-01,
       5.45126831e+02, 2.49304596e+02, 1.65517986e-01, 3.51171082e+02,
       2.90481934e+02, 1.66657701e-01, 1.31767197e+02, 2.86493835e+02,
       9.63724852e-02, 0., 0., 0., 0., 0., 0., 0., 0., 0.,
       9.25201355e+02, 3.08111237e+02, 7.41081953e-01, 0., 0., 0.,
       9.25215149e+02, 2.61059753e+02, 8.18361163e-01, 0., 0., 0., 0.,
       0., 0., 0., 0., 0., 0., 0., 0., 1.10219154e+02, 2.98297363e+02,
       5.31001762e-02, 0., 0., 0., 0., 0., 0. ]
