%YAML:1.0
---
pose_0: !!opencv-matrix
   rows: 1
   cols: 25
   dt: "3f"
   data: [ 9.15382874e+02, 2.31667542e+02, 7.30816543e-01,
       8.60580566e+02, 3.06110657e+02, 4.33496654e-01, 0., 0., 0., 0.,
       0., 0., 0., 0., 0., 8.72331482e+02, 3.10019073e+02,
       4.90506202e-01, 7.58706116e+02, 2.47387985e+02, 6.88227952e-01,
       6.99922668e+02, 1.82666153e+02, 6.45420849e-01, 7.25363647e+02,
       3.41397888e+02, 8.48334432e-02, 7.07747437e+02, 3.19826416e+02,
       8.65624398e-02, 0., 0., 0., 0., 0., 0., 0., 0., 0., 0., 0., 0.,
       0., 0., 0., 9.31101379e+02, 2.31674454e+02, 9.48616415e-02,
       9.35039490e+02, 2.43386475e+02, 8.22749019e-01, 0., 0., 0.,
       9.29140503e+02, 3.06074249e+02, 7.82025397e-01, 0., 0., 0., 0.,
       0., 0., 0., 0., 0., 0., 0., 0., 0., 0., 0., 0., 0., 0. ]
