%YAML:1.0
---
pose_0: !!opencv-matrix
   rows: 1
   cols: 25
   dt: "3f"
   data: [ 9.97749023e+02, 3.66920288e+02, 8.28832626e-01,
       9.01681152e+02, 3.15888031e+02, 5.47863841e-01, 9.11519958e+02,
       2.33654785e+02, 5.87662458e-01, 7.88035400e+02, 1.12161957e+02,
       6.03313506e-01, 8.05742432e+02, 1.63152557e+02, 7.59745002e-01,
       8.82069275e+02, 3.90376373e+02, 4.22212631e-01, 8.50707275e+02,
       4.41283295e+02, 1.86468631e-01, 8.07613464e+02, 5.09881195e+02,
       2.53406048e-01, 6.09786377e+02, 2.88490845e+02, 5.63998669e-02,
       0., 0., 0., 0., 0., 0., 0., 0., 0., 0., 0., 0., 0., 0., 0., 0.,
       0., 0., 1.02501025e+03, 3.37496857e+02, 8.49145174e-01,
       1.01730975e+03, 3.84410797e+02, 7.08211362e-01, 1.00555511e+03,
       2.88474304e+02, 5.51661491e-01, 0., 0., 0., 0., 0., 0., 0., 0.,
       0., 0., 0., 0., 0., 0., 0., 0., 0., 0., 0., 0., 0. ]
