%YAML:1.0
---
pose_0: !!opencv-matrix
   rows: 1
   cols: 25
   dt: "3f"
   data: [ 9.07596802e+02, 2.88497009e+02, 7.97526956e-01,
       7.95934265e+02, 3.02218262e+02, 6.52957022e-01, 7.86071777e+02,
       2.16016525e+02, 6.50813401e-01, 6.51012451e+02, 1.94447815e+02,
       8.17742944e-01, 5.72643494e+02, 1.94512985e+02, 8.61098289e-01,
       8.05704285e+02, 3.84458984e+02, 6.63454354e-01, 6.90131775e+02,
       4.33517120e+02, 6.81396604e-01, 5.58914917e+02, 4.76513855e+02,
       8.00963759e-01, 5.41229980e+02, 3.19845947e+02, 2.99202412e-01,
       5.41216736e+02, 2.72822021e+02, 4.22937810e-01, 3.37445801e+02,
       2.90446594e+02, 2.63766080e-01, 1.20003128e+02, 3.04217072e+02,
       5.27557060e-02, 5.39267151e+02, 3.66828278e+02, 2.95748830e-01,
       3.66874146e+02, 3.76630951e+02, 3.21924955e-01, 1.78784851e+02,
       3.84528473e+02, 2.14153141e-01, 9.17354126e+02, 2.68882874e+02,
       8.66089523e-01, 9.23236084e+02, 3.04132813e+02, 8.30729842e-01,
       8.97740906e+02, 2.47350403e+02, 6.40682518e-01, 9.09535706e+02,
       3.21891571e+02, 2.64280617e-01, 1.31692673e+02, 3.68775482e+02,
       1.75224468e-01, 1.33665466e+02, 3.72776459e+02, 1.45740166e-01,
       1.74862869e+02, 3.86467499e+02, 1.22057781e-01, 0., 0., 0., 0.,
       0., 0., 0., 0., 0. ]
