%YAML:1.0
---
pose_0: !!opencv-matrix
   rows: 1
   cols: 25
   dt: "3f"
   data: [ 9.33105347e+02, 3.08094116e+02, 8.07795942e-01,
       8.21417664e+02, 3.64920471e+02, 6.22060895e-01, 8.03689392e+02,
       3.19845306e+02, 3.80878031e-01, 0., 0., 0., 0., 0., 0.,
       8.25351379e+02, 4.11918182e+02, 5.79131603e-01, 6.92039368e+02,
       4.56925995e+02, 7.09275007e-01, 5.86267456e+02, 3.55101868e+02,
       7.63813972e-01, 5.19655212e+02, 3.86478882e+02, 2.95883954e-01,
       5.25580566e+02, 3.49220764e+02, 3.94780517e-01, 3.51192627e+02,
       3.08139740e+02, 5.41572034e-01, 1.78783646e+02, 4.02156433e+02,
       2.43545189e-01, 5.09835022e+02, 4.29572968e+02, 3.32305223e-01,
       3.43331635e+02, 4.45263824e+02, 3.93588185e-01, 1.78790161e+02,
       4.98107300e+02, 7.65398666e-02, 9.44774353e+02, 3.02201691e+02,
       7.33777046e-01, 9.46776672e+02, 3.29632263e+02, 8.00293922e-01,
       0., 0., 0., 9.21322205e+02, 3.68894501e+02, 7.29001582e-01, 0.,
       0., 0., 0., 0., 0., 0., 0., 0., 1.45432510e+02, 3.57082947e+02,
       6.46092892e-02, 1.49333038e+02, 3.57098358e+02, 5.49170487e-02,
       0., 0., 0. ]
