%YAML:1.0
---
pose_0: !!opencv-matrix
   rows: 1
   cols: 25
   dt: "3f"
   data: [ 9.03642822e+02, 3.47238861e+02, 7.37216413e-01,
       7.93947998e+02, 3.37491180e+02, 6.86491549e-01, 7.89998108e+02,
       2.61078644e+02, 6.67289495e-01, 6.82275452e+02, 1.86587463e+02,
       8.11272264e-01, 6.62618835e+02, 2.33675491e+02, 7.88764596e-01,
       7.91965454e+02, 4.15772186e+02, 6.08517766e-01, 6.82336853e+02,
       4.96191071e+02, 8.29007924e-01, 7.76368774e+02, 4.86392822e+02,
       7.92939901e-01, 5.47106750e+02, 3.47255341e+02, 2.34289199e-01,
       5.33370728e+02, 3.06167389e+02, 2.77275532e-01, 3.37492279e+02,
       3.04175354e+02, 2.76594460e-01, 1.59208755e+02, 3.06120453e+02,
       3.93908918e-01, 5.60812744e+02, 3.84519562e+02, 1.73322648e-01,
       3.53150635e+02, 4.43270355e+02, 2.50088215e-01, 1.63091217e+02,
       5.19696594e+02, 3.56167436e-01, 9.15462708e+02, 3.21831055e+02,
       8.77327800e-01, 9.19387329e+02, 3.62953064e+02, 7.75030971e-01,
       8.86023560e+02, 2.92436249e+02, 6.41652703e-01, 9.13485901e+02,
       3.82415039e+02, 1.39235362e-01, 1.10230614e+02, 5.64735107e+02,
       2.81370878e-01, 1.16042114e+02, 5.64745972e+02, 3.00272912e-01,
       1.33690048e+02, 5.07946991e+02, 2.47044191e-01, 1.10193176e+02,
       3.00231018e+02, 9.72068608e-02, 1.14096390e+02, 2.94360046e+02,
       9.31001082e-02, 1.47475998e+02, 3.10024933e+02, 2.77574360e-01 ]
