%YAML:1.0
---
pose_0: !!opencv-matrix
   rows: 1
   cols: 25
   dt: "3f"
   data: [ 8.64456116e+02, 2.43486832e+02, 1.29452467e-01,
       7.76311340e+02, 2.76767303e+02, 2.29936793e-01, 7.56698730e+02,
       2.27745285e+02, 1.53046161e-01, 7.40998291e+02, 1.47509689e+02,
       7.26738572e-01, 8.29214783e+02, 1.59206833e+02, 7.69181728e-01,
       7.89968384e+02, 3.10040039e+02, 5.17052650e-01, 7.58620483e+02,
       2.37564636e+02, 5.58898270e-01, 8.46851379e+02, 2.27729080e+02,
       5.55832624e-01, 5.33390808e+02, 3.29630951e+02, 3.08788002e-01,
       5.37297913e+02, 2.92410309e+02, 3.57370108e-01, 3.45300323e+02,
       2.90436157e+02, 4.33337688e-01, 1.59165985e+02, 3.04106750e+02,
       5.48537791e-01, 5.27521240e+02, 3.66856812e+02, 3.22180808e-01,
       3.59005066e+02, 4.13931213e+02, 6.94766402e-01, 2.43387695e+02,
       5.27473877e+02, 6.41092777e-01, 8.78166931e+02, 2.41454300e+02,
       8.73342529e-02, 8.68452148e+02, 2.63025085e+02, 1.48664132e-01,
       0., 0., 0., 8.54645569e+02, 2.86517029e+02, 6.24701738e-01,
       1.92473358e+02, 5.15747131e+02, 1.42766625e-01, 2.08138992e+02,
       5.25545654e+02, 1.44273117e-01, 2.37515717e+02, 5.49048096e+02,
       3.40745777e-01, 1.45495392e+02, 3.33544617e+02, 6.18816912e-02,
       0., 0., 0., 1.47441559e+02, 3.06156464e+02, 3.51453573e-01 ]
