%YAML:1.0
---
pose_0: !!opencv-matrix
   rows: 1
   cols: 25
   dt: "3f"
   data: [ 8.13533997e+02, 1.31685974e+02, 7.34750092e-01,
       7.54765381e+02, 1.18025871e+02, 6.63866818e-01, 7.45037720e+02,
       5.33966141e+01, 6.77565813e-01, 7.46936584e+02, 5.35244083e+00,
       1.05929784e-01, 0., 0., 0., 7.46975891e+02, 1.82696075e+02,
       4.21179265e-01, 6.99872681e+02, 2.41478165e+02, 8.11751544e-01,
       7.58760864e+02, 1.47378723e+02, 7.73198962e-01, 5.09864990e+02,
       1.29774887e+02, 2.18784168e-01, 5.09886688e+02, 8.47260437e+01,
       2.90654480e-01, 3.17892242e+02, 9.84268875e+01, 3.15238804e-01,
       1.39620529e+02, 1.16049568e+02, 2.20257044e-01, 4.98113464e+02,
       1.78807159e+02, 2.92266399e-01, 3.31599457e+02, 1.82711533e+02,
       4.31223601e-01, 1.63126862e+02, 1.82762863e+02, 4.89725947e-01,
       8.21438171e+02, 1.15984871e+02, 8.98876548e-01, 8.33105042e+02,
       1.41586121e+02, 7.07637370e-01, 8.15511353e+02, 8.67450638e+01,
       5.40396810e-01, 8.38975586e+02, 1.63116898e+02, 1.23212434e-01,
       1.14133224e+02, 2.12048553e+02, 4.08889443e-01, 1.18098755e+02,
       2.12118683e+02, 4.22018319e-01, 1.45495911e+02, 1.72889420e+02,
       2.42087319e-01, 1.33703018e+02, 1.20001022e+02, 1.05425686e-01,
       1.29810547e+02, 1.16047485e+02, 1.08082213e-01, 0., 0., 0. ]
