%YAML:1.0
---
pose_0: !!opencv-matrix
   rows: 1
   cols: 25
   dt: "3f"
   data: [ 9.27189697e+02, 1.78845490e+02, 8.05038452e-01,
       8.25319763e+02, 2.57161804e+02, 7.12449551e-01, 7.95875732e+02,
       2.08118500e+02, 5.56596577e-01, 7.05786011e+02, 2.10048859e+02,
       4.05397624e-01, 6.37243530e+02, 1.82705017e+02, 6.15135968e-01,
       8.52744812e+02, 3.08118042e+02, 6.72188520e-01, 7.41042053e+02,
       3.74686432e+02, 7.05573320e-01, 5.66718567e+02, 3.66909424e+02,
       7.75081813e-01, 5.54928162e+02, 2.90492371e+02, 1.97928175e-01,
       5.51005676e+02, 2.57147827e+02, 2.46787921e-01, 3.33568542e+02,
       2.84578613e+02, 1.65286392e-01, 9.65101013e+01, 3.76638489e+02,
       2.59035647e-01, 5.78437012e+02, 3.39427704e+02, 1.50530189e-01,
       3.37451508e+02, 2.12133301e+02, 2.76823223e-01, 1.53296539e+02,
       2.84532440e+02, 3.89475524e-01, 9.42829895e+02, 1.74809692e+02,
       5.30504823e-01, 9.48690857e+02, 1.98407425e+02, 8.46307099e-01,
       0., 0., 0., 9.38937378e+02, 2.53181992e+02, 7.73060620e-01,
       1.23907013e+02, 2.27761185e+02, 9.17955562e-02, 1.23888977e+02,
       2.39467697e+02, 1.09569564e-01, 1.33699799e+02, 2.94375946e+02,
       3.19804579e-01, 5.14050865e+01, 4.04076599e+02, 1.78043991e-01,
       5.14314346e+01, 3.98206696e+02, 1.63268089e-01, 0., 0., 0. ]
