%YAML:1.0
---
pose_0: !!opencv-matrix
   rows: 1
   cols: 25
   dt: "3f"
   data: [ 8.86066406e+02, 2.70881622e+02, 7.65968084e-01,
       7.88057556e+02, 3.04119263e+02, 6.81252778e-01, 7.88083618e+02,
       2.25787201e+02, 6.52676105e-01, 7.48922302e+02, 1.18029320e+02,
       7.32746959e-01, 7.72362244e+02, 1.22406597e+01, 2.35981598e-01,
       7.78306641e+02, 3.76670074e+02, 5.89617789e-01, 6.82294495e+02,
       4.45302765e+02, 8.06681275e-01, 7.93943665e+02, 4.43208832e+02,
       7.60134161e-01, 5.56885254e+02, 2.92434998e+02, 2.90188640e-01,
       5.64724670e+02, 2.51256531e+02, 3.11644942e-01, 3.68838654e+02,
       2.55159149e+02, 1.01737387e-01, 0., 0., 0., 5.43173828e+02,
       3.33518799e+02, 3.09558988e-01, 3.72719330e+02, 3.51214752e+02,
       2.75817096e-01, 3.00251678e+02, 3.55127655e+02, 6.26076460e-02,
       8.99740356e+02, 2.63025848e+02, 5.94259977e-01, 9.01788269e+02,
       2.88464661e+02, 8.84515703e-01, 0., 0., 0., 8.84112122e+02,
       3.31554382e+02, 8.09833169e-01, 0., 0., 0., 0., 0., 0., 0., 0.,
       0., 0., 0., 0., 0., 0., 0., 0., 0., 0. ]
