%YAML:1.0
---
pose_0: !!opencv-matrix
   rows: 1
   cols: 25
   dt: "3f"
   data: [ 9.70250305e+02, 1.65058823e+02, 7.38905072e-01,
       8.42940002e+02, 2.12124695e+02, 5.77511430e-01, 8.70433533e+02,
       2.61048798e+02, 5.76588631e-01, 7.27279785e+02, 3.72748657e+02,
       6.99984431e-01, 5.52963135e+02, 4.17818817e+02, 4.67354357e-01,
       8.09614014e+02, 1.59203262e+02, 3.20015192e-01, 0., 0., 0., 0.,
       0., 0., 5.19664856e+02, 2.57143585e+02, 6.18157238e-02,
       4.98127686e+02, 2.25775269e+02, 5.78998700e-02, 0., 0., 0., 0.,
       0., 0., 5.39252441e+02, 3.11994781e+02, 5.82141988e-02,
       3.39411804e+02, 3.37510376e+02, 1.21628329e-01, 0., 0., 0.,
       9.78118958e+02, 1.49386444e+02, 5.97719550e-01, 9.84017944e+02,
       1.82745895e+02, 7.36599326e-01, 0., 0., 0., 9.60480408e+02,
       2.25729538e+02, 5.51438689e-01, 0., 0., 0., 0., 0., 0., 0., 0.,
       0., 0., 0., 0., 0., 0., 0., 0., 0., 0. ]
