%YAML:1.0
---
pose_0: !!opencv-matrix
   rows: 1
   cols: 25
   dt: "3f"
   data: [ 8.99682190e+02, 3.64902069e+02, 7.99763620e-01,
       8.03699097e+02, 3.35574677e+02, 6.96468472e-01, 8.17428162e+02,
       2.61103302e+02, 6.20449066e-01, 6.99900330e+02, 1.88609314e+02,
       7.56420672e-01, 6.03910278e+02, 2.10072983e+02, 8.11730146e-01,
       7.76377319e+02, 4.02109955e+02, 5.23948729e-01, 6.60712036e+02,
       4.43193329e+02, 7.23483682e-01, 7.48933899e+02, 4.86334473e+02,
       7.49336064e-01, 5.43185425e+02, 3.53156372e+02, 2.57521063e-01,
       5.45123352e+02, 3.06122437e+02, 2.53023624e-01, 3.53179443e+02,
       3.37529785e+02, 4.29533094e-01, 2.04238205e+02, 3.19828339e+02,
       2.92899191e-01, 5.41236877e+02, 3.98163330e+02, 2.97265142e-01,
       3.68865204e+02, 4.60848480e+02, 5.01878977e-01, 1.74866592e+02,
       5.21623657e+02, 4.13591444e-01, 9.11487793e+02, 3.37518982e+02,
       7.98803329e-01, 9.17323120e+02, 3.80506836e+02, 7.65448689e-01,
       8.93861328e+02, 3.13959320e+02, 6.00902200e-01, 0., 0., 0.,
       1.02389526e+02, 5.72583252e+02, 2.45355651e-01, 1.08256592e+02,
       5.74512878e+02, 2.36114576e-01, 1.45451416e+02, 5.09917603e+02,
       2.10860848e-01, 1.51362335e+02, 3.19790375e+02, 1.43454909e-01,
       1.53321472e+02, 3.15886414e+02, 1.44570976e-01, 1.67047409e+02,
       3.13979767e+02, 1.64258152e-01 ]
