%YAML:1.0
---
pose_0: !!opencv-matrix
   rows: 1
   cols: 25
   dt: "3f"
   data: [ 9.78033630e+02, 2.59203644e+02, 8.41538548e-01,
       8.56684143e+02, 2.76799072e+02, 5.98410368e-01, 8.36986023e+02,
       1.94435883e+02, 6.37974858e-01, 6.92048645e+02, 1.49433426e+02,
       7.12164342e-01, 6.41170715e+02, 1.76763687e+02, 6.79273129e-01,
       8.72334595e+02, 3.70781616e+02, 5.46088338e-01, 7.42969177e+02,
       4.60826569e+02, 7.98388362e-01, 6.93997009e+02, 3.92302338e+02,
       6.98567390e-01, 5.82367126e+02, 2.94391449e+02, 1.04904123e-01,
       5.56904541e+02, 2.55157837e+02, 1.83407769e-01, 3.10032166e+02,
       2.90479553e+02, 1.74739227e-01, 4.39712954e+00, 3.15935425e+02,
       1.36599824e-01, 5.80407715e+02, 3.74706909e+02, 8.76346901e-02,
       3.17897308e+02, 3.78594666e+02, 7.31659904e-02, 1.61153931e+02,
       3.70758118e+02, 8.40136707e-02, 9.82075073e+02, 2.35577301e+02,
       8.00954103e-01, 9.97713440e+02, 2.76712646e+02, 8.27843308e-01,
       9.56560181e+02, 2.10134995e+02, 6.39420509e-01, 9.93710876e+02,
       3.06043091e+02, 2.93131918e-01, 8.27836533e+01, 3.82480682e+02,
       1.17083393e-01, 9.25559387e+01, 3.90352753e+02, 1.13408670e-01,
       0., 0., 0., 5.35833549e+00, 3.19879089e+02, 9.39783007e-02,
       5.35610199e+00, 3.17895599e+02, 7.34263659e-02, 5.34940338e+00,
       3.17857025e+02, 1.19376034e-01 ]
