%YAML:1.0
---
pose_0: !!opencv-matrix
   rows: 1
   cols: 25
   dt: "3f"
   data: [ 8.50733582e+02, 2.45404694e+02, 7.79611468e-01,
       7.93919739e+02, 3.02214600e+02, 6.26298785e-01, 7.91981812e+02,
       2.90473114e+02, 4.22840238e-01, 6.43104370e+02, 2.90475372e+02,
       2.59809434e-01, 6.37222534e+02, 2.21892868e+02, 4.54121798e-01,
       8.03747742e+02, 3.15903534e+02, 6.36758804e-01, 7.01841858e+02,
       2.70819885e+02, 6.79104269e-01, 6.82291626e+02, 2.00368439e+02,
       6.64055049e-01, 5.05929443e+02, 3.51156799e+02, 3.48443180e-01,
       5.07954773e+02, 3.15923431e+02, 3.70164305e-01, 3.47245880e+02,
       3.00242310e+02, 2.88928926e-01, 2.10093781e+02, 3.66880432e+02,
       1.45659283e-01, 4.96133362e+02, 3.80562225e+02, 2.95708179e-01,
       3.06176300e+02, 2.59105316e+02, 4.92213309e-01, 1.27821831e+02,
       3.70810913e+02, 4.18928564e-01, 8.62501831e+02, 2.43447800e+02,
       5.87494195e-01, 8.68402161e+02, 2.61041199e+02, 8.55443954e-01,
       0., 0., 0., 8.58645020e+02, 3.11992004e+02, 7.22003937e-01,
       7.10853119e+01, 4.00117615e+02, 2.63703018e-01, 8.28078003e+01,
       4.02104431e+02, 3.04774970e-01, 1.08258682e+02, 3.86449951e+02,
       2.71767020e-01, 0., 0., 0., 0., 0., 0., 0., 0., 0. ]
