%YAML:1.0
---
pose_0: !!opencv-matrix
   rows: 1
   cols: 25
   dt: "3f"
   data: [ 8.70312439e+02, 2.10198013e+02, 7.91483998e-01,
       8.15482361e+02, 2.86502197e+02, 5.39336562e-01, 8.21412354e+02,
       2.92398956e+02, 4.02719080e-01, 7.31236206e+02, 2.74807648e+02,
       8.83529559e-02, 0., 0., 0., 8.19439880e+02, 2.80667053e+02,
       5.23822069e-01, 7.09700134e+02, 2.43411514e+02, 7.39338696e-01,
       7.17578308e+02, 1.65130142e+02, 7.54777730e-01, 5.41229065e+02,
       3.15933289e+02, 2.57607400e-01, 5.43203369e+02, 2.82609589e+02,
       2.41570413e-01, 2.17955154e+02, 3.49240051e+02, 2.62678802e-01,
       1.18035164e+02, 3.76666382e+02, 4.00345862e-01, 5.25534241e+02,
       3.41391174e+02, 2.27594420e-01, 3.37474915e+02, 3.06167023e+02,
       1.84818596e-01, 1.45485641e+02, 3.39458344e+02, 7.82904401e-02,
       8.86034729e+02, 2.10202972e+02, 2.38522619e-01, 8.86030945e+02,
       2.25693665e+02, 8.26070368e-01, 0., 0., 0., 8.82053345e+02,
       2.72882233e+02, 7.96243191e-01, 0., 0., 0., 0., 0., 0., 0., 0.,
       0., 8.47305603e+01, 4.04103943e+02, 3.23152661e-01,
       8.27882462e+01, 3.96254883e+02, 3.42040628e-01, 1.04335609e+02,
       3.82491913e+02, 2.31850803e-01 ]
