%YAML:1.0
---
pose_0: !!opencv-matrix
   rows: 1
   cols: 25
   dt: "3f"
   data: [ 8.76240723e+02, 2.35627686e+02, 7.40872145e-01,
       8.35104614e+02, 3.06184998e+02, 5.18287241e-01, 8.39022888e+02,
       3.08070282e+02, 3.28270823e-01, 7.43002808e+02, 2.96342407e+02,
       1.28418326e-01, 0., 0., 0., 8.39031799e+02, 3.06140533e+02,
       5.49403906e-01, 7.29305786e+02, 2.59061676e+02, 7.20228374e-01,
       6.49012451e+02, 1.96453156e+02, 8.03060651e-01, 5.56880432e+02,
       3.49230072e+02, 2.67486870e-01, 5.52969604e+02, 3.10067749e+02,
       2.76968509e-01, 3.21818512e+02, 2.74750671e+02, 1.67477876e-01,
       8.47729950e+01, 4.13843353e+02, 8.50903019e-02, 5.66671692e+02,
       3.84518860e+02, 1.92036673e-01, 3.12013092e+02, 2.90414520e+02,
       3.14594448e-01, 1.41554855e+02, 3.80567078e+02, 6.62872493e-02,
       8.93837646e+02, 2.27867188e+02, 4.24146414e-01, 8.99823425e+02,
       2.43427811e+02, 9.05655146e-01, 0., 0., 0., 8.99769775e+02,
       3.00209930e+02, 8.08910310e-01, 0., 0., 0., 0., 0., 0., 0., 0.,
       0., 4.35937157e+01, 4.45215179e+02, 9.41907316e-02, 0., 0., 0.,
       0., 0., 0. ]
