%YAML:1.0
---
pose_0: !!opencv-matrix
   rows: 1
   cols: 25
   dt: "3f"
   data: [ 8.68428101e+02, 4.33506989e+02, 8.82462144e-01,
       7.74396729e+02, 4.08015747e+02, 7.12018609e-01, 7.60620117e+02,
       3.49175201e+02, 6.87040269e-01, 7.29310059e+02, 2.43487793e+02,
       8.02213311e-01, 8.33135559e+02, 2.59023590e+02, 8.32011461e-01,
       7.90060486e+02, 4.74634186e+02, 6.60105824e-01, 7.92047913e+02,
       5.98025635e+02, 8.04122746e-01, 8.35087585e+02, 7.15612000e+02,
       5.36762297e-01, 5.62787231e+02, 4.31520264e+02, 2.17489287e-01,
       5.56926575e+02, 3.96266541e+02, 2.46325865e-01, 3.96252197e+02,
       4.04060364e+02, 7.55785406e-02, 3.64900665e+02, 4.13897644e+02,
       5.55175245e-02, 5.66677856e+02, 4.76580017e+02, 1.87822133e-01,
       0., 0., 0., 0., 0., 0., 8.78197449e+02, 4.13964661e+02,
       8.50501537e-01, 8.84063232e+02, 4.31509491e+02, 2.94828743e-01,
       8.54635986e+02, 3.76654144e+02, 8.28239799e-01, 0., 0., 0., 0.,
       0., 0., 0., 0., 0., 0., 0., 0., 0., 0., 0., 0., 0., 0., 0., 0.,
       0. ]
