%YAML:1.0
---
pose_0: !!opencv-matrix
   rows: 1
   cols: 25
   dt: "3f"
   data: [ 1.02705786e+03, 2.47330002e+02, 7.67467678e-01,
       8.84037170e+02, 2.59056305e+02, 5.62762856e-01, 8.56612488e+02,
       1.63102386e+02, 5.23373246e-01, 7.42999390e+02, 1.49438873e+02,
       1.22454755e-01, 6.82236084e+02, 1.47479706e+02, 2.87840754e-01,
       9.01705383e+02, 3.49197479e+02, 4.60896611e-01, 7.29315308e+02,
       4.66798676e+02, 4.27556843e-01, 7.91931824e+02, 3.80597015e+02,
       7.04329014e-01, 5.21630737e+02, 3.39442444e+02, 7.08261430e-02,
       5.03998108e+02, 2.90443939e+02, 6.21721484e-02, 3.23749878e+02,
       3.57052490e+02, 9.73340273e-02, 1.55290512e+02, 3.84427277e+02,
       1.25461146e-01, 5.33386780e+02, 3.84502258e+02, 8.56870562e-02,
       2.90417816e+02, 3.66842041e+02, 1.26669317e-01, 1.49380447e+02,
       3.84522278e+02, 3.02742630e-01, 1.03885046e+03, 2.14105484e+02,
       8.22405219e-01, 1.04471216e+03, 2.70832062e+02, 7.46251822e-01,
       9.97699341e+02, 1.84703064e+02, 5.39489150e-01, 1.02316882e+03,
       2.94376801e+02, 5.48537597e-02, 5.92818794e+01, 3.92327606e+02,
       1.51698098e-01, 7.10483322e+01, 4.02107513e+02, 1.75896987e-01,
       1.39584991e+02, 3.88392365e+02, 1.39596894e-01, 6.70885315e+01,
       4.00163879e+02, 5.29836118e-02, 0., 0., 0., 0., 0., 0. ]
