%YAML:1.0
---
pose_0: !!opencv-matrix
   rows: 1
   cols: 25
   dt: "3f"
   data: [ 9.48668579e+02, 3.19785767e+02, 7.73631454e-01,
       8.31170959e+02, 3.55118927e+02, 5.87315679e-01, 8.07626770e+02,
       2.92375397e+02, 5.76889932e-01, 6.92074463e+02, 2.90523285e+02,
       3.44526619e-01, 5.72571350e+02, 2.53204803e+02, 7.54163504e-01,
       8.38961975e+02, 4.17806702e+02, 6.11532509e-01, 7.17521545e+02,
       4.70680023e+02, 7.57475972e-01, 6.66684814e+02, 4.17778748e+02,
       6.96165442e-01, 5.39241272e+02, 3.51198669e+02, 2.12647736e-01,
       5.43166565e+02, 3.08072784e+02, 2.70883113e-01, 3.68839264e+02,
       3.25719727e+02, 1.44548580e-01, 0., 0., 0., 5.25558899e+02,
       3.94283051e+02, 2.01240465e-01, 3.60976379e+02, 4.15866852e+02,
       3.85707259e-01, 1.94459488e+02, 4.58888031e+02, 7.14193210e-02,
       9.60445496e+02, 3.06195007e+02, 8.16203177e-01, 9.64315674e+02,
       3.39399994e+02, 8.42925668e-01, 0., 0., 0., 9.44755981e+02,
       3.78597260e+02, 5.79013050e-01, 0., 0., 0., 0., 0., 0., 0., 0.,
       0., 0., 0., 0., 0., 0., 0., 0., 0., 0. ]
