%YAML:1.0
---
pose_0: !!opencv-matrix
   rows: 1
   cols: 25
   dt: "3f"
   data: [ 9.15375000e+02, 3.66768890e+02, 7.60805905e-01,
       8.33138367e+02, 2.88499390e+02, 5.29344559e-01, 8.38968933e+02,
       2.72750092e+02, 7.47728825e-01, 7.29333374e+02, 3.04185944e+02,
       8.24364901e-01, 7.64577332e+02, 4.33517212e+02, 7.78348744e-01,
       8.25307190e+02, 3.17859589e+02, 2.65423566e-01, 0., 0., 0., 0.,
       0., 0., 5.66696228e+02, 2.90476654e+02, 2.26246983e-01,
       5.56918030e+02, 2.65011292e+02, 3.36548626e-01, 4.29577606e+02,
       3.06083557e+02, 1.97928026e-01, 0., 0., 0., 5.64747864e+02,
       3.27662933e+02, 9.80166122e-02, 0., 0., 0., 0., 0., 0.,
       9.32979797e+02, 3.49212128e+02, 8.04507375e-01, 9.35003174e+02,
       3.68740295e+02, 1.37273937e-01, 9.19347961e+02, 3.00201843e+02,
       8.29763710e-01, 0., 0., 0., 0., 0., 0., 0., 0., 0., 0., 0., 0.,
       0., 0., 0., 0., 0., 0., 0., 0., 0. ]
