%YAML:1.0
---
pose_0: !!opencv-matrix
   rows: 1
   cols: 25
   dt: "3f"
   data: [ 8.68429749e+02, 2.10024261e+02, 8.14132333e-01,
       8.09618408e+02, 2.82632904e+02, 4.26908731e-01, 0., 0., 0., 0.,
       0., 0., 0., 0., 0., 8.21371521e+02, 2.96329803e+02,
       3.95595878e-01, 6.82333862e+02, 2.47343018e+02, 6.56667650e-01,
       5.50981934e+02, 1.80752899e+02, 7.55285680e-01, 5.54908630e+02,
       3.17876343e+02, 2.52119333e-01, 5.39230164e+02, 2.80671082e+02,
       2.77407795e-01, 3.13955872e+02, 2.41460846e+02, 1.86462700e-01,
       8.27381287e+01, 3.70766632e+02, 2.93855637e-01, 5.68656555e+02,
       3.53141296e+02, 2.06111386e-01, 3.33527771e+02, 2.78687775e+02,
       2.41162539e-01, 8.46980438e+01, 3.70749115e+02, 1.74230441e-01,
       8.82078674e+02, 1.96483810e+02, 7.75258422e-01, 8.97778320e+02,
       2.19930664e+02, 8.07238340e-01, 0., 0., 0., 8.93889648e+02,
       2.74859467e+02, 8.06561112e-01, 0., 0., 0., 0., 0., 0.,
       5.33653221e+01, 3.84503967e+02, 1.14501908e-01, 5.33788300e+01,
       4.00228485e+02, 8.42668489e-02, 5.33598175e+01, 3.98197815e+02,
       7.69886225e-02, 6.12523384e+01, 3.82555420e+02, 1.80118710e-01 ]
