%YAML:1.0
---
pose_0: !!opencv-matrix
   rows: 1
   cols: 25
   dt: "3f"
   data: [ 8.86101563e+02, 1.82689194e+02, 8.20103884e-01,
       8.54717285e+02, 2.63040619e+02, 4.84594733e-01, 8.58615662e+02,
       2.63040405e+02, 3.14281642e-01, 7.68477783e+02, 2.43394974e+02,
       1.79049060e-01, 0., 0., 0., 8.66433838e+02, 2.66923798e+02,
       5.91700852e-01, 7.60594543e+02, 2.21892014e+02, 4.80888069e-01,
       7.44938354e+02, 1.43526596e+02, 5.48510134e-01, 5.72578369e+02,
       3.33563171e+02, 1.52397141e-01, 5.58874146e+02, 2.92423340e+02,
       1.70126215e-01, 3.39419464e+02, 3.15905334e+02, 1.56780720e-01,
       0., 0., 0., 5.72549500e+02, 3.70772369e+02, 1.69641644e-01,
       2.98314758e+02, 2.72805664e+02, 2.55840868e-01, 8.67130051e+01,
       3.76636658e+02, 2.82468408e-01, 9.01749268e+02, 1.78861893e+02,
       2.60958493e-01, 9.13407654e+02, 1.92510651e+02, 8.54216158e-01,
       0., 0., 0., 9.17358215e+02, 2.51250183e+02, 7.96044111e-01,
       5.73469582e+01, 4.08009003e+02, 5.03122434e-02, 5.73027916e+01,
       4.09963867e+02, 6.09876998e-02, 6.12519531e+01, 3.86465454e+02,
       2.39984095e-01, 0., 0., 0., 0., 0., 0., 0., 0., 0. ]
