%YAML:1.0
---
pose_0: !!opencv-matrix
   rows: 1
   cols: 25
   dt: "3f"
   data: [ 8.62493530e+02, 4.43246338e+02, 6.88597798e-01,
       7.88043640e+02, 4.53073029e+02, 6.52696669e-01, 7.80240967e+02,
       3.90364014e+02, 5.21442175e-01, 8.05669128e+02, 3.27660614e+02,
       7.88278461e-01, 8.86064758e+02, 4.15884125e+02, 8.28172207e-01,
       7.92050232e+02, 5.21613586e+02, 5.05573452e-01, 8.82130249e+02,
       6.01906006e+02, 6.67983413e-01, 9.38933777e+02, 5.07943756e+02,
       2.45456606e-01, 5.74545227e+02, 4.23671082e+02, 1.68937027e-01,
       5.60798706e+02, 4.09934082e+02, 1.98344260e-01, 3.82492645e+02,
       4.00186096e+02, 1.02713615e-01, 0., 0., 0., 0., 0., 0., 0., 0.,
       0., 0., 0., 0., 8.72369080e+02, 4.33435028e+02, 5.17572284e-01,
       8.72299683e+02, 4.58878693e+02, 6.82138324e-01, 8.68356201e+02,
       4.17803558e+02, 1.22429185e-01, 8.76229980e+02, 4.90259277e+02,
       2.14169934e-01, 0., 0., 0., 0., 0., 0., 0., 0., 0., 0., 0., 0.,
       0., 0., 0., 0., 0., 0. ]
