%YAML:1.0
---
pose_0: !!opencv-matrix
   rows: 2
   cols: 25
   dt: "3f"
   data: [ 8.99755371e+02, 3.55088989e+02, 8.34772110e-01,
       8.21356079e+02, 3.04214996e+02, 5.42877555e-01, 8.33109497e+02,
       2.74733612e+02, 7.05494702e-01, 7.27311279e+02, 3.08102539e+02,
       7.87081301e-01, 7.86079102e+02, 4.41309998e+02, 7.65915751e-01,
       8.17473877e+02, 3.35507782e+02, 2.70764202e-01, 0., 0., 0., 0.,
       0., 0., 5.17717407e+02, 3.04152802e+02, 2.87181020e-01,
       5.15767395e+02, 3.08079620e+02, 3.14198524e-01, 3.29651855e+02,
       3.72753357e+02, 5.27536392e-01, 1.27831291e+02, 3.51185699e+02,
       4.53546643e-01, 5.17703125e+02, 2.90462555e+02, 1.99294567e-01,
       3.37466003e+02, 3.53111664e+02, 3.60455334e-01, 1.45460800e+02,
       3.08140076e+02, 2.98156053e-01, 9.13439697e+02, 3.29651764e+02,
       6.85416877e-01, 9.17439270e+02, 3.66746460e+02, 7.88782120e-01,
       8.97765137e+02, 2.90472321e+02, 8.10435951e-01, 0., 0., 0.,
       1.18077599e+02, 2.74845032e+02, 2.27908179e-01, 1.18058525e+02,
       2.84571594e+02, 2.29281858e-01, 1.31747498e+02, 2.92429382e+02,
       1.96431130e-01, 1.33734085e+02, 4.11878693e+02, 3.62936020e-01,
       1.29833130e+02, 4.02182068e+02, 3.07732403e-01, 1.02384003e+02,
       3.47259186e+02, 3.21722895e-01, 0., 0., 0., 0., 0., 0., 0., 0.,
       0., 0., 0., 0., 0., 0., 0., 7.42958008e+02, 3.37453583e+02,
       8.09917822e-02, 6.62635986e+02, 3.86425415e+02, 7.96034992e-01,
       7.29268921e+02, 4.82426910e+02, 8.13505650e-01, 0., 0., 0., 0.,
       0., 0., 0., 0., 0., 0., 0., 0., 0., 0., 0., 0., 0., 0., 0., 0.,
       0., 0., 0., 0., 0., 0., 0., 0., 0., 0., 0., 0., 0., 0., 0., 0.,
       0., 0., 0., 0., 0., 0., 0., 0., 0., 0., 0., 0., 0., 0., 0. ]
