%YAML:1.0
---
pose_0: !!opencv-matrix
   rows: 1
   cols: 25
   dt: "3f"
   data: [ 8.76235229e+02, 3.39397217e+02, 7.37718344e-01,
       7.76416199e+02, 3.13935089e+02, 6.79193854e-01, 7.76397156e+02,
       2.41431931e+02, 6.99979246e-01, 6.56798279e+02, 1.82778961e+02,
       7.91085005e-01, 6.21607727e+02, 2.88527435e+02, 7.93851733e-01,
       7.74413452e+02, 3.86416534e+02, 5.88096023e-01, 7.11694580e+02,
       4.19784882e+02, 2.78511912e-01, 0., 0., 0., 5.27525635e+02,
       3.33554504e+02, 2.32297033e-01, 5.37306641e+02, 2.86547699e+02,
       3.43850225e-01, 3.49213196e+02, 2.94402283e+02, 4.54357326e-01,
       1.84643188e+02, 3.17822479e+02, 4.95940328e-01, 5.23552979e+02,
       3.84451477e+02, 3.14955562e-01, 3.49191742e+02, 3.82563416e+02,
       3.78798962e-01, 1.67001709e+02, 3.86464722e+02, 4.66839254e-01,
       8.89924500e+02, 3.19873199e+02, 7.92613328e-01, 8.93867859e+02,
       3.51072571e+02, 8.05985570e-01, 8.70297180e+02, 2.80632355e+02,
       7.54925489e-01, 0., 0., 0., 1.06311668e+02, 4.27608246e+02,
       3.47918600e-01, 1.18037567e+02, 4.31453735e+02, 3.71651918e-01,
       1.47418030e+02, 3.76632751e+02, 2.90412307e-01, 1.76775757e+02,
       3.21800873e+02, 8.04020986e-02, 1.76769485e+02, 3.17832733e+02,
       7.16036409e-02, 1.70951904e+02, 3.23748260e+02, 2.93562442e-01 ]
