%YAML:1.0
---
pose_0: !!opencv-matrix
   rows: 1
   cols: 25
   dt: "3f"
   data: [ 8.56692322e+02, 4.56960510e+02, 7.88244069e-01,
       7.82189758e+02, 4.15769501e+02, 6.04843557e-01, 7.68479126e+02,
       4.60885071e+02, 5.38169622e-01, 8.23319336e+02, 5.41242859e+02,
       8.14591646e-01, 8.89931702e+02, 5.58849854e+02, 7.82801270e-01,
       7.99840210e+02, 3.66837921e+02, 3.23623508e-01, 8.84128174e+02,
       3.21763855e+02, 5.20383179e-01, 9.15453369e+02, 3.80545044e+02,
       2.31896400e-01, 5.49046936e+02, 4.21711700e+02, 1.70912951e-01,
       0., 0., 0., 0., 0., 0., 0., 0., 0., 5.51012573e+02,
       4.09946503e+02, 1.64730608e-01, 4.00150818e+02, 4.19763885e+02,
       5.44930547e-02, 0., 0., 0., 8.68304382e+02, 4.35407074e+02,
       8.22221696e-01, 8.76207764e+02, 4.51094604e+02, 3.21963578e-01,
       8.39081299e+02, 3.98261932e+02, 8.43463659e-01, 0., 0., 0., 0.,
       0., 0., 0., 0., 0., 0., 0., 0., 0., 0., 0., 0., 0., 0., 0., 0.,
       0. ]
