%YAML:1.0
---
pose_0: !!opencv-matrix
   rows: 1
   cols: 25
   dt: "3f"
   data: [ 8.80177124e+02, 4.86377472e+02, 7.79312551e-01,
       7.86101501e+02, 5.23597778e+02, 6.20083213e-01, 7.56748474e+02,
       4.84419769e+02, 4.48620498e-01, 6.43081116e+02, 4.80510162e+02,
       5.74032843e-01, 5.43154358e+02, 4.45134857e+02, 7.07663417e-01,
       8.07648438e+02, 5.68618225e+02, 7.08102584e-01, 7.31277344e+02,
       4.78501984e+02, 4.46536779e-01, 6.78348267e+02, 3.49199768e+02,
       7.14500725e-01, 5.60790955e+02, 5.56904846e+02, 1.92914411e-01,
       5.62754211e+02, 5.13815308e+02, 2.42394507e-01, 3.84492798e+02,
       4.45190430e+02, 3.26870024e-01, 2.25754440e+02, 5.35338257e+02,
       2.77834028e-01, 5.60823853e+02, 5.96069092e+02, 1.52176082e-01,
       3.84526978e+02, 4.45292328e+02, 6.50286019e-01, 2.27748993e+02,
       5.37284180e+02, 3.00360143e-01, 8.83990295e+02, 4.72593903e+02,
       8.53467166e-01, 8.91919556e+02, 4.98142365e+02, 7.96606898e-01,
       8.54729248e+02, 4.62787170e+02, 6.82452857e-01, 8.80131470e+02,
       5.25578857e+02, 6.99199259e-01, 1.63134720e+02, 4.84434296e+02,
       1.81358263e-01, 1.67050827e+02, 4.98110352e+02, 1.78323880e-01,
       2.14065674e+02, 5.56869507e+02, 2.75426477e-01, 1.74864304e+02,
       4.84429138e+02, 1.64522737e-01, 0., 0., 0., 2.16008835e+02,
       5.56889771e+02, 2.30092242e-01 ]
