%YAML:1.0
---
pose_0: !!opencv-matrix
   rows: 1
   cols: 25
   dt: "3f"
   data: [ 8.70376099e+02, 4.45204803e+02, 7.84513295e-01,
       8.05617737e+02, 4.60818787e+02, 6.85625196e-01, 7.91989990e+02,
       3.84532684e+02, 4.92775559e-01, 8.39035217e+02, 3.33482574e+02,
       8.20268095e-01, 8.97716064e+02, 4.27537354e+02, 7.60923862e-01,
       8.15503235e+02, 5.25549805e+02, 5.68728626e-01, 9.03671021e+02,
       5.86348816e+02, 7.62578845e-01, 9.64338257e+02, 4.96143250e+02,
       3.95990908e-01, 6.11745422e+02, 4.39345886e+02, 1.22605614e-01,
       5.92176636e+02, 4.27581146e+02, 1.45860702e-01, 3.90380676e+02,
       4.00162323e+02, 8.82510990e-02, 0., 0., 0., 0., 0., 0., 0., 0.,
       0., 0., 0., 0., 8.82077087e+02, 4.35437988e+02, 5.27833343e-01,
       8.82126648e+02, 4.60813690e+02, 6.73233390e-01, 8.84047729e+02,
       4.25619385e+02, 5.64660914e-02, 8.82061279e+02, 4.92305084e+02,
       2.68474638e-01, 0., 0., 0., 0., 0., 0., 0., 0., 0., 0., 0., 0.,
       0., 0., 0., 0., 0., 0. ]
