%YAML:1.0
---
pose_0: !!opencv-matrix
   rows: 1
   cols: 25
   dt: "3f"
   data: [ 1.07999402e+03, 2.66914063e+02, 7.47770786e-01,
       9.15397888e+02, 2.57151306e+02, 9.43620652e-02, 9.78111572e+02,
       1.69002762e+02, 1.54078454e-01, 0., 0., 0., 0., 0., 0.,
       9.33071960e+02, 3.27665466e+02, 1.51807353e-01, 0., 0., 0., 0.,
       0., 0., 0., 0., 0., 0., 0., 0., 0., 0., 0., 0., 0., 0., 0., 0.,
       0., 0., 0., 0., 0., 0., 0., 1.09566345e+03, 2.33611160e+02,
       7.87569880e-01, 1.10152856e+03, 2.86528931e+02, 7.37101197e-01,
       1.07206567e+03, 1.98355179e+02, 5.59382915e-01, 0., 0., 0., 0.,
       0., 0., 0., 0., 0., 0., 0., 0., 0., 0., 0., 0., 0., 0., 0., 0.,
       0. ]
