%YAML:1.0
---
pose_0: !!opencv-matrix
   rows: 1
   cols: 25
   dt: "3f"
   data: [ 9.31005432e+02, 4.76629517e+02, 7.57496953e-01,
       8.35063416e+02, 4.68740082e+02, 2.66460538e-01, 8.05675842e+02,
       3.92317719e+02, 2.15104699e-01, 8.95804321e+02, 3.57098541e+02,
       4.96634513e-01, 8.99660767e+02, 4.56976776e+02, 4.93753940e-01,
       8.60545959e+02, 5.33401550e+02, 3.09327453e-01, 9.52626038e+02,
       5.76475220e+02, 4.93294358e-01, 9.93697815e+02, 4.76560303e+02,
       2.78915018e-01, 6.48979431e+02, 4.55011627e+02, 5.41268662e-02,
       0., 0., 0., 0., 0., 0., 0., 0., 0., 0., 0., 0., 0., 0., 0., 0.,
       0., 0., 9.32976379e+02, 4.58918396e+02, 7.33599901e-01,
       9.44802551e+02, 4.90253937e+02, 6.34359121e-01, 9.17307251e+02,
       4.45231628e+02, 1.56711742e-01, 9.38921387e+02, 5.09840179e+02,
       1.22531734e-01, 0., 0., 0., 0., 0., 0., 0., 0., 0., 0., 0., 0.,
       0., 0., 0., 0., 0., 0. ]
