%YAML:1.0
---
pose_0: !!opencv-matrix
   rows: 1
   cols: 25
   dt: "3f"
   data: [ 9.15388367e+02, 1.76747986e+02, 8.25163364e-01,
       7.97870117e+02, 1.74848724e+02, 6.13807678e-01, 7.99835693e+02,
       8.86613617e+01, 6.23332560e-01, 6.66655579e+02, 3.77813034e+01,
       8.02118838e-01, 5.74579407e+02, 5.14279900e+01, 8.03830564e-01,
       7.92015869e+02, 2.61040985e+02, 6.13648355e-01, 6.80278625e+02,
       3.08072357e+02, 7.39681184e-01, 5.66644653e+02, 3.53076233e+02,
       7.99422383e-01, 5.21644043e+02, 1.80761353e+02, 2.71143287e-01,
       5.25530640e+02, 1.31760025e+02, 3.09332639e-01, 3.33545502e+02,
       1.78830841e+02, 3.32519025e-01, 1.39591324e+02, 2.06195602e+02,
       7.83283263e-02, 5.21593933e+02, 2.27776138e+02, 3.22606415e-01,
       3.74705048e+02, 2.41500443e+02, 2.45654464e-01, 2.88490875e+02,
       2.25862442e+02, 6.16254359e-02, 9.19373779e+02, 1.51337784e+02,
       8.49273443e-01, 9.30983704e+02, 1.88588120e+02, 8.26425672e-01,
       8.99708435e+02, 1.31711655e+02, 6.35969102e-01, 9.13449951e+02,
       2.12132416e+02, 1.91939533e-01, 0., 0., 0., 0., 0., 0., 0., 0.,
       0., 0., 0., 0., 0., 0., 0., 0., 0., 0. ]
