%YAML:1.0
---
pose_0: !!opencv-matrix
   rows: 1
   cols: 25
   dt: "3f"
   data: [ 8.86061157e+02, 2.43379913e+02, 7.77101815e-01,
       7.91970581e+02, 2.43365280e+02, 7.37870276e-01, 7.90005371e+02,
       1.65089005e+02, 7.64127851e-01, 6.49011414e+02, 1.31659729e+02,
       7.95064390e-01, 5.60820251e+02, 1.21958572e+02, 8.02355289e-01,
       8.01737549e+02, 3.23811890e+02, 6.30756021e-01, 6.95918335e+02,
       3.68749176e+02, 8.37950468e-01, 6.50947754e+02, 3.13980682e+02,
       7.85710335e-01, 5.41222290e+02, 2.59122162e+02, 3.16782922e-01,
       5.43196472e+02, 2.14045380e+02, 3.85251701e-01, 3.84486938e+02,
       2.27758453e+02, 8.03291380e-01, 1.65074799e+02, 2.43438507e+02,
       3.01566452e-01, 5.33393738e+02, 3.04201050e+02, 2.63623357e-01,
       3.57081421e+02, 2.98295227e+02, 3.31908107e-01, 1.61130630e+02,
       2.70840027e+02, 1.32803217e-01, 8.99636841e+02, 2.23809418e+02,
       8.18350911e-01, 9.01686646e+02, 2.59065887e+02, 8.20457637e-01,
       8.74244019e+02, 1.98417389e+02, 6.41508102e-01, 8.91926270e+02,
       2.76775848e+02, 2.47404590e-01, 0., 0., 0., 0., 0., 0.,
       1.23951057e+02, 2.72826843e+02, 7.48836473e-02, 1.02360535e+02,
       3.10025360e+02, 1.05506927e-01, 1.02406258e+02, 3.06107452e+02,
       9.51714963e-02, 1.43511246e+02, 2.49302536e+02, 2.13779867e-01 ]
