%YAML:1.0
---
pose_0: !!opencv-matrix
   rows: 1
   cols: 25
   dt: "3f"
   data: [ 8.86023865e+02, 2.41455170e+02, 8.19960713e-01,
       8.27233337e+02, 3.15937927e+02, 5.34799576e-01, 8.23350220e+02,
       3.06100769e+02, 3.15499932e-01, 7.21430054e+02, 2.72825287e+02,
       2.51062959e-01, 8.09620605e+02, 1.86617065e+02, 1.07571997e-01,
       8.37063416e+02, 3.23775543e+02, 4.75188732e-01, 7.15633606e+02,
       2.45419022e+02, 5.67524552e-01, 8.11575928e+02, 1.84664230e+02,
       5.42802751e-01, 5.99997437e+02, 3.39415222e+02, 2.08241612e-01,
       5.90219971e+02, 3.10036804e+02, 1.44462571e-01, 3.35500366e+02,
       2.96328522e+02, 7.44065270e-02, 9.25531540e+01, 4.13843567e+02,
       6.88669086e-02, 6.13700989e+02, 3.72733948e+02, 9.27106440e-02,
       0., 0., 0., 0., 0., 0., 9.01658447e+02, 2.37563919e+02,
       1.59871489e-01, 9.05617432e+02, 2.49318192e+02, 7.82599151e-01,
       0., 0., 0., 9.09539917e+02, 3.06169769e+02, 8.00688744e-01, 0.,
       0., 0., 0., 0., 0., 0., 0., 0., 4.94621429e+01, 4.45227814e+02,
       1.40932441e-01, 5.33555603e+01, 4.39378052e+02, 1.20234676e-01,
       0., 0., 0. ]
