%YAML:1.0
---
pose_0: !!opencv-matrix
   rows: 1
   cols: 25
   dt: "3f"
   data: [ 9.93725281e+02, 2.02311905e+02, 8.05243790e-01,
       8.60541931e+02, 1.98424637e+02, 5.74764132e-01, 8.50786011e+02,
       1.06318871e+02, 5.58475077e-01, 7.41019531e+02, 5.53436775e+01,
       1.36915445e-01, 7.37145813e+02, 9.64674759e+01, 4.17123526e-01,
       8.58591492e+02, 3.02155792e+02, 5.83503485e-01, 7.17527527e+02,
       3.53118591e+02, 7.14963913e-01, 5.88228638e+02, 3.98130585e+02,
       8.18309546e-01, 5.86269775e+02, 2.76731720e+02, 5.62314391e-02,
       5.74529114e+02, 1.65058548e+02, 5.83775938e-02, 0., 0., 0., 0.,
       0., 0., 6.13699036e+02, 3.06123718e+02, 5.63354716e-02, 0., 0.,
       0., 0., 0., 0., 9.99658691e+02, 1.72926300e+02, 7.96154261e-01,
       1.00950061e+03, 2.15979446e+02, 7.26935685e-01, 9.72245422e+02,
       1.37644333e+02, 5.90771317e-01, 0., 0., 0., 0., 0., 0., 0., 0.,
       0., 0., 0., 0., 0., 0., 0., 0., 0., 0., 0., 0., 0. ]
