%YAML:1.0
---
pose_0: !!opencv-matrix
   rows: 1
   cols: 25
   dt: "3f"
   data: [ 9.44745972e+02, 3.94317963e+02, 8.05502653e-01,
       8.23291931e+02, 3.41402435e+02, 6.37305796e-01, 8.39062012e+02,
       2.74790192e+02, 6.62387967e-01, 7.19467590e+02, 1.96475571e+02,
       8.11489999e-01, 6.56805054e+02, 2.80652252e+02, 7.62215376e-01,
       8.03700134e+02, 3.98210632e+02, 5.97953796e-01, 6.92059387e+02,
       4.62898712e+02, 8.00199687e-01, 7.11736084e+02, 5.23534546e+02,
       7.77924180e-01, 5.92164612e+02, 3.19815308e+02, 1.58553511e-01,
       5.70619995e+02, 3.04171692e+02, 1.57794923e-01, 4.47197693e+02,
       3.06116272e+02, 6.15271591e-02, 0., 0., 0., 6.05871887e+02,
       3.06113129e+02, 1.01997010e-01, 0., 0., 0., 0., 0., 0.,
       9.60487854e+02, 3.68831604e+02, 8.25234592e-01, 9.60464844e+02,
       3.98213318e+02, 6.45763457e-01, 9.36983704e+02, 3.25725861e+02,
       7.83100486e-01, 0., 0., 0., 0., 0., 0., 0., 0., 0., 0., 0., 0.,
       0., 0., 0., 0., 0., 0., 0., 0., 0. ]
