%YAML:1.0
---
pose_0: !!opencv-matrix
   rows: 1
   cols: 25
   dt: "3f"
   data: [ 9.15390747e+02, 3.43384308e+02, 8.11906517e-01,
       8.17461731e+02, 3.76655212e+02, 6.58930302e-01, 7.97899963e+02,
       3.06176025e+02, 6.17545009e-01, 7.42987183e+02, 2.37576447e+02,
       3.97344738e-01, 7.62598328e+02, 2.57167236e+02, 1.12364829e-01,
       8.37061951e+02, 4.47197235e+02, 6.76917136e-01, 7.74405701e+02,
       4.82476044e+02, 7.98663080e-01, 7.91981628e+02, 3.53242157e+02,
       8.35233271e-01, 5.39244690e+02, 3.88429810e+02, 3.25099796e-01,
       5.37303040e+02, 3.53171417e+02, 4.02851313e-01, 3.66875702e+02,
       3.70768036e+02, 1.81824282e-01, 3.37481049e+02, 3.70777130e+02,
       8.40864033e-02, 5.37288757e+02, 4.31560303e+02, 2.44887292e-01,
       4.00169373e+02, 4.60906342e+02, 1.50019258e-01, 3.02184479e+02,
       4.80522400e+02, 2.25707024e-01, 9.17342712e+02, 3.25713135e+02,
       8.70744884e-01, 9.30990540e+02, 3.57083435e+02, 8.01776409e-01,
       8.85987549e+02, 3.10043274e+02, 5.21053612e-01, 9.17433350e+02,
       3.82604919e+02, 5.57453513e-01, 0., 0., 0., 0., 0., 0.,
       2.96332397e+02, 4.82475616e+02, 1.11690447e-01, 0., 0., 0., 0.,
       0., 0., 0., 0., 0. ]
