%YAML:1.0
---
pose_0: !!opencv-matrix
   rows: 2
   cols: 25
   dt: "3f"
   data: [ 9.19346252e+02, 2.45446106e+02, 5.32839298e-01,
       7.97883606e+02, 2.23786163e+02, 4.33144271e-01, 8.33111938e+02,
       1.53346375e+02, 3.63068253e-01, 9.07559692e+02, 2.59127472e+02,
       2.25892678e-01, 8.82083252e+02, 3.66898560e+02, 3.16616297e-01,
       7.82220947e+02, 2.74792023e+02, 5.46776831e-01, 6.58759216e+02,
       3.13957397e+02, 5.87244511e-01, 5.43190674e+02, 3.21858215e+02,
       7.59825528e-01, 5.90210999e+02, 1.96424362e+02, 6.42728731e-02,
       0., 0., 0., 0., 0., 0., 0., 0., 0., 0., 0., 0., 0., 0., 0., 0.,
       0., 0., 9.33069519e+02, 2.35581528e+02, 5.95218778e-01,
       9.33123596e+02, 2.45394104e+02, 1.28432542e-01, 9.23272949e+02,
       2.08170959e+02, 7.44525075e-01, 0., 0., 0., 0., 0., 0., 0., 0.,
       0., 0., 0., 0., 0., 0., 0., 0., 0., 0., 0., 0., 0.,
       8.27537308e+01, 3.19887085e+02, 5.26865013e-02, 9.84492874e+01,
       3.53107178e+02, 5.43724000e-01, 8.46938553e+01, 3.53124573e+02,
       5.05433977e-01, 8.27987823e+01, 3.92308594e+02, 2.36782327e-01,
       8.67083435e+01, 4.13863403e+02, 1.09565154e-01, 1.12148521e+02,
       3.51230530e+02, 4.55286741e-01, 1.31700684e+02, 3.84534180e+02,
       2.05886900e-01, 1.29815414e+02, 4.15784241e+02, 1.19212061e-01,
       1.02471657e+02, 4.21706299e+02, 3.69514823e-01, 9.64760971e+01,
       4.23651062e+02, 3.60840708e-01, 1.02335915e+02, 4.66787933e+02,
       1.75229028e-01, 1.02398903e+02, 4.96188049e+02, 1.28653273e-01,
       1.16139076e+02, 4.21691437e+02, 3.54010403e-01, 1.18068192e+02,
       4.68735535e+02, 1.95313096e-01, 1.18098457e+02, 5.00068512e+02,
       1.63655818e-01, 0., 0., 0., 0., 0., 0., 0., 0., 0.,
       9.45277176e+01, 3.19771820e+02, 1.12459257e-01, 1.20058266e+02,
       5.05976074e+02, 1.28263548e-01, 0., 0., 0., 1.19980850e+02,
       5.03963196e+02, 1.36435717e-01, 1.14125175e+02, 5.03991547e+02,
       8.77104849e-02, 1.02427872e+02, 5.05914215e+02, 8.65418091e-02,
       1.04319191e+02, 4.98122162e+02, 1.23425722e-01 ]
