%YAML:1.0
---
pose_0: !!opencv-matrix
   rows: 1
   cols: 25
   dt: "3f"
   data: [ 8.25328369e+02, 2.27737900e+02, 7.97054708e-01,
       7.70407104e+02, 3.00238983e+02, 5.55031776e-01, 7.74389587e+02,
       3.00259552e+02, 3.17315400e-01, 5.74526001e+02, 2.90410767e+02,
       1.13483630e-01, 5.17692627e+02, 2.59111206e+02, 3.30715179e-01,
       7.74282166e+02, 3.08136353e+02, 6.16966248e-01, 6.50902100e+02,
       2.74825623e+02, 7.91466653e-01, 5.21647644e+02, 2.27738831e+02,
       7.65830576e-01, 5.51024292e+02, 3.53110809e+02, 3.00367773e-01,
       5.35356873e+02, 3.21761444e+02, 2.54485577e-01, 3.43324890e+02,
       2.68896301e+02, 3.55641782e-01, 2.29732895e+02, 3.66792999e+02,
       7.10620433e-02, 5.66691101e+02, 3.82531006e+02, 2.98606783e-01,
       3.37493469e+02, 2.76759064e+02, 2.60160238e-01, 1.31768112e+02,
       3.66890076e+02, 2.74086624e-01, 8.37108398e+02, 2.23830444e+02,
       6.70927823e-01, 8.52633301e+02, 2.47376602e+02, 8.24675739e-01,
       0., 0., 0., 8.40958984e+02, 2.94337097e+02, 8.14543486e-01,
       8.27445145e+01, 4.06040680e+02, 1.49059355e-01, 8.47049332e+01,
       4.04096436e+02, 1.64491221e-01, 1.02366432e+02, 3.82522125e+02,
       1.96588829e-01, 0., 0., 0., 0., 0., 0., 0., 0., 0. ]
