%YAML:1.0
---
pose_0: !!opencv-matrix
   rows: 1
   cols: 25
   dt: "3f"
   data: [ 9.38956482e+02, 2.94373230e+02, 7.38230646e-01,
       8.35066345e+02, 2.98308655e+02, 6.46443188e-01, 8.23311157e+02,
       2.12159058e+02, 7.00123012e-01, 6.96050720e+02, 1.51406921e+02,
       7.44332492e-01, 7.46928162e+02, 2.23832809e+02, 7.00632930e-01,
       8.39097534e+02, 3.82535400e+02, 6.69965506e-01, 7.70432739e+02,
       4.56974426e+02, 7.40151346e-01, 7.46989319e+02, 5.23522400e+02,
       7.72234678e-01, 6.11743164e+02, 3.29635468e+02, 1.36736542e-01,
       5.96062622e+02, 2.84562622e+02, 2.00262994e-01, 5.09846863e+02,
       2.61054840e+02, 3.00111026e-01, 3.47252899e+02, 3.35511414e+02,
       6.66444302e-02, 6.21556702e+02, 3.88426666e+02, 1.32731408e-01,
       3.88419525e+02, 4.31483246e+02, 5.01816645e-02, 3.39429688e+02,
       4.37401184e+02, 7.65884891e-02, 9.48788025e+02, 2.72718933e+02,
       8.52676094e-01, 9.54629395e+02, 3.10089172e+02, 7.68440962e-01,
       9.23277832e+02, 2.41452560e+02, 5.44065833e-01, 9.50691284e+02,
       3.35432709e+02, 8.97041038e-02, 0., 0., 0., 0., 0., 0.,
       3.39426880e+02, 4.43278900e+02, 6.68198243e-02, 0., 0., 0., 0.,
       0., 0., 0., 0., 0. ]
