%YAML:1.0
---
pose_0: !!opencv-matrix
   rows: 1
   cols: 25
   dt: "3f"
   data: [ 9.27150574e+02, 1.94528854e+02, 8.28200817e-01,
       8.09643677e+02, 1.84670074e+02, 6.55255854e-01, 8.15471436e+02,
       1.02327248e+02, 6.51741624e-01, 6.82242676e+02, 5.13687935e+01,
       7.33065188e-01, 5.94131897e+02, 1.02465561e+02, 7.82916903e-01,
       7.97856934e+02, 2.65009827e+02, 5.86373448e-01, 6.76364807e+02,
       3.04062103e+02, 7.10773706e-01, 5.64721375e+02, 3.68753662e+02,
       7.47523010e-01, 5.54914063e+02, 2.00339401e+02, 2.42264733e-01,
       5.41214722e+02, 1.55254349e+02, 3.11265141e-01, 3.53153564e+02,
       1.67076965e+02, 1.71726048e-01, 3.43327118e+02, 1.65112991e+02,
       1.03419833e-01, 5.66666748e+02, 2.49298721e+02, 2.77922451e-01,
       3.68818604e+02, 3.19782227e+02, 2.14408040e-01, 1.43509232e+02,
       3.43333160e+02, 2.31222808e-01, 9.33118164e+02, 1.67051178e+02,
       8.77407670e-01, 9.46662476e+02, 2.06239777e+02, 8.34239662e-01,
       9.09497986e+02, 1.35724930e+02, 6.81124032e-01, 9.33095703e+02,
       2.23872467e+02, 6.06384054e-02, 1.04342682e+02, 3.06161072e+02,
       8.39215815e-02, 0., 0., 0., 1.12176956e+02, 3.25725037e+02,
       1.39305502e-01, 0., 0., 0., 0., 0., 0., 0., 0., 0. ]
