%YAML:1.0
---
pose_0: !!opencv-matrix
   rows: 1
   cols: 25
   dt: "3f"
   data: [ 9.76161438e+02, 2.41456131e+02, 8.32718134e-01,
       8.46847900e+02, 2.57083557e+02, 5.70085406e-01, 8.31177185e+02,
       1.63057129e+02, 6.01921976e-01, 6.82340088e+02, 1.18004654e+02,
       7.67732739e-01, 5.76484253e+02, 1.37650558e+02, 6.75702095e-01,
       8.56698425e+02, 3.49233093e+02, 6.19914472e-01, 7.27324585e+02,
       4.00255676e+02, 7.34167993e-01, 5.88292358e+02, 4.11874908e+02,
       7.51161337e-01, 5.49053284e+02, 2.84585327e+02, 2.44296342e-01,
       5.41213318e+02, 2.37557022e+02, 2.44026616e-01, 3.13956360e+02,
       2.74740845e+02, 3.07871640e-01, 7.49253387e+01, 2.92406464e+02,
       2.01170802e-01, 5.62755249e+02, 3.27694824e+02, 3.12695831e-01,
       4.92262268e+02, 3.68826752e+02, 6.93188012e-02, 0., 0., 0.,
       9.80093933e+02, 2.15974945e+02, 8.29000354e-01, 9.91749329e+02,
       2.59027039e+02, 8.01517248e-01, 9.48801880e+02, 1.94358734e+02,
       5.68701267e-01, 9.74183044e+02, 2.86535919e+02, 1.93144560e-01,
       0., 0., 0., 0., 0., 0., 0., 0., 0., 4.94991379e+01,
       3.02189941e+02, 8.64125565e-02, 4.94521446e+01, 2.90478638e+02,
       9.29491669e-02, 5.92835922e+01, 2.94363068e+02, 1.92591980e-01 ]
