%YAML:1.0
---
pose_0: !!opencv-matrix
   rows: 1
   cols: 25
   dt: "3f"
   data: [ 9.80009583e+02, 3.35548035e+02, 8.81059885e-01,
       8.62502136e+02, 2.98272003e+02, 5.81248701e-01, 8.46820435e+02,
       2.14041840e+02, 5.84971011e-01, 7.23440552e+02, 1.78745590e+02,
       6.76908731e-01, 5.88304382e+02, 1.65054092e+02, 7.31210470e-01,
       8.72334473e+02, 3.68784424e+02, 5.22298515e-01, 9.78132202e+02,
       3.98224365e+02, 8.08176637e-01, 1.04865173e+03, 3.06139313e+02,
       7.06111610e-01, 5.94128174e+02, 2.96333771e+02, 1.73732549e-01,
       5.84300537e+02, 2.51284439e+02, 2.47040540e-01, 4.68728699e+02,
       2.74752930e+02, 7.66405687e-02, 3.51192993e+02, 2.70859833e+02,
       5.25749996e-02, 6.01953857e+02, 3.49214844e+02, 1.71241298e-01,
       4.45227692e+02, 3.80573212e+02, 7.11444318e-02, 1.80778534e+02,
       3.84473328e+02, 7.25725517e-02, 9.93815125e+02, 3.08094269e+02,
       8.87527049e-01, 9.95709351e+02, 3.31561218e+02, 1.53089300e-01,
       9.70258545e+02, 2.59044952e+02, 8.33462834e-01, 0., 0., 0., 0.,
       0., 0., 0., 0., 0., 0., 0., 0., 0., 0., 0., 0., 0., 0., 0., 0.,
       0. ]
