%YAML:1.0
---
pose_0: !!opencv-matrix
   rows: 1
   cols: 25
   dt: "3f"
   data: [ 9.62377747e+02, 2.25712051e+02, 8.37318718e-01,
       8.36989014e+02, 2.57128113e+02, 6.24205947e-01, 8.17444946e+02,
       1.67025848e+02, 5.99934936e-01, 6.96011780e+02, 1.55283066e+02,
       4.59411860e-01, 6.62710510e+02, 1.51383606e+02, 6.06148720e-01,
       8.54672607e+02, 3.45291321e+02, 5.81658006e-01, 7.46911377e+02,
       4.66761932e+02, 7.42328286e-01, 7.78260193e+02, 3.37528198e+02,
       7.82757044e-01, 5.52973328e+02, 2.66937897e+02, 1.69427246e-01,
       5.54944275e+02, 2.25832642e+02, 2.85214484e-01, 3.72743774e+02,
       2.45384079e+02, 7.67403468e-02, 3.17898529e+02, 2.43485825e+02,
       2.01239035e-01, 5.47098938e+02, 3.31584137e+02, 1.38684139e-01,
       3.59030426e+02, 3.37485535e+02, 7.32251555e-02, 1.45493973e+02,
       3.39439880e+02, 7.42511153e-02, 9.64398254e+02, 1.98441406e+02,
       8.34678113e-01, 9.78018921e+02, 2.41505951e+02, 8.29049706e-01,
       9.35006042e+02, 1.80668427e+02, 4.86890852e-01, 9.60448120e+02,
       2.74695862e+02, 4.70466763e-01, 0., 0., 0., 0., 0., 0., 0., 0.,
       0., 0., 0., 0., 0., 0., 0., 0., 0., 0. ]
