%YAML:1.0
---
pose_0: !!opencv-matrix
   rows: 1
   cols: 25
   dt: "3f"
   data: [ 9.17381958e+02, 3.45286530e+02, 7.41347492e-01,
       8.52690002e+02, 2.68915588e+02, 3.84044945e-01, 8.54633728e+02,
       2.59102936e+02, 7.24349618e-01, 7.80243835e+02, 2.57203278e+02,
       7.74327397e-01, 7.05814819e+02, 4.13848236e+02, 6.34797871e-01,
       0., 0., 0., 0., 0., 0., 0., 0., 0., 6.68579468e+02,
       2.63041901e+02, 1.72769666e-01, 6.64628723e+02, 2.41437561e+02,
       1.51803955e-01, 5.23571045e+02, 2.21853821e+02, 1.27253532e-01,
       1.35669800e+02, 3.06067749e+02, 2.20146641e-01, 6.64653687e+02,
       2.94364075e+02, 1.07842766e-01, 6.35241943e+02, 3.55089996e+02,
       5.97275347e-02, 0., 0., 0., 9.32991821e+02, 3.31597565e+02,
       7.93635011e-01, 9.35044189e+02, 3.51127594e+02, 1.22287288e-01,
       9.19315063e+02, 2.74804871e+02, 8.85956168e-01, 0., 0., 0., 0.,
       0., 0., 0., 0., 0., 0., 0., 0., 1.16097404e+02, 3.94239594e+02,
       1.49780676e-01, 1.18007065e+02, 3.88393402e+02, 1.41974330e-01,
       1.18039482e+02, 3.04168182e+02, 2.08071619e-01 ]
