%YAML:1.0
---
pose_0: !!opencv-matrix
   rows: 1
   cols: 25
   dt: "3f"
   data: [ 9.03630676e+02, 4.17823730e+02, 6.72197104e-01,
       8.11587708e+02, 4.04108856e+02, 5.91276467e-01, 8.35081421e+02,
       3.37503662e+02, 4.50329930e-01, 9.17423523e+02, 2.72880402e+02,
       8.18367362e-01, 1.03689758e+03, 3.35432922e+02, 6.61155283e-01,
       7.90004150e+02, 4.66774811e+02, 5.57573795e-01, 6.88127625e+02,
       5.07909454e+02, 6.91849291e-01, 5.70570435e+02, 5.74592468e+02,
       7.30837345e-01, 5.66704285e+02, 4.11917633e+02, 1.51516140e-01,
       5.60814026e+02, 3.76645966e+02, 1.79681182e-01, 3.43350861e+02,
       3.35461426e+02, 1.30469427e-01, 0., 0., 0., 5.72583069e+02,
       4.55021698e+02, 1.43110052e-01, 3.76652527e+02, 5.15749146e+02,
       8.30799863e-02, 1.94463730e+02, 5.70666077e+02, 1.13632992e-01,
       9.17430481e+02, 3.98139008e+02, 7.55249918e-01, 9.15431885e+02,
       4.29549286e+02, 7.90324569e-01, 8.97793884e+02, 3.62953796e+02,
       5.34151733e-01, 0., 0., 0., 0., 0., 0., 0., 0., 0., 0., 0., 0.,
       0., 0., 0., 0., 0., 0., 0., 0., 0. ]
