%YAML:1.0
---
pose_0: !!opencv-matrix
   rows: 1
   cols: 25
   dt: "3f"
   data: [ 1.01142493e+03, 2.25783859e+02, 7.97040403e-01,
       8.56642029e+02, 2.21901718e+02, 5.57145476e-01, 8.50712708e+02,
       1.31694229e+02, 6.34411335e-01, 7.17552795e+02, 8.87006302e+01,
       6.64340734e-01, 6.37232056e+02, 1.08277924e+02, 6.35738730e-01,
       8.66377563e+02, 3.21806061e+02, 4.35059607e-01, 7.01897644e+02,
       3.84428986e+02, 6.45557582e-01, 7.52814819e+02, 3.37498505e+02,
       6.90263927e-01, 5.96063110e+02, 2.14054077e+02, 1.78422600e-01,
       5.86286011e+02, 1.78749344e+02, 2.49519527e-01, 5.09893860e+02,
       1.63104004e+02, 8.36615562e-02, 3.15924988e+02, 2.41507767e+02,
       8.23279172e-02, 5.88240540e+02, 3.04173981e+02, 1.11131288e-01,
       5.19652893e+02, 3.49196320e+02, 1.54711843e-01, 0., 0., 0.,
       1.01150146e+03, 1.96396759e+02, 8.40676904e-01, 1.02710120e+03,
       2.33628586e+02, 5.98803103e-01, 9.76101318e+02, 1.61103622e+02,
       3.69063139e-01, 1.00943701e+03, 2.59160767e+02, 5.65581657e-02,
       0., 0., 0., 0., 0., 0., 0., 0., 0., 0., 0., 0., 0., 0., 0., 0.,
       0., 0. ]
