%YAML:1.0
---
pose_0: !!opencv-matrix
   rows: 1
   cols: 25
   dt: "3f"
   data: [ 8.84023804e+02, 3.94312042e+02, 8.39241564e-01,
       7.74272766e+02, 3.96269165e+02, 6.67854011e-01, 7.66527222e+02,
       3.23788208e+02, 6.12571120e-01, 7.62591858e+02, 2.27749130e+02,
       4.22911793e-01, 8.27248169e+02, 1.00383362e+02, 2.11820632e-01,
       7.74353088e+02, 4.68748596e+02, 5.03758609e-01, 6.99881348e+02,
       5.25521545e+02, 6.26445115e-01, 5.90248413e+02, 5.54913147e+02,
       7.66174793e-01, 5.41213013e+02, 4.02123810e+02, 2.14019358e-01,
       5.43175293e+02, 3.55142578e+02, 3.37855011e-01, 3.60993927e+02,
       3.13944580e+02, 3.36522460e-01, 0., 0., 0., 5.39271118e+02,
       4.55034119e+02, 2.51817495e-01, 4.00184326e+02, 5.21635864e+02,
       8.59141946e-02, 0., 0., 0., 8.85999329e+02, 3.76633148e+02,
       8.51730645e-01, 8.97719971e+02, 4.02175598e+02, 8.18449020e-01,
       8.60549255e+02, 3.57091492e+02, 5.43837249e-01, 8.84037109e+02,
       4.27523163e+02, 3.00688028e-01, 0., 0., 0., 0., 0., 0., 0., 0.,
       0., 0., 0., 0., 0., 0., 0., 0., 0., 0. ]
