%YAML:1.0
---
pose_0: !!opencv-matrix
   rows: 1
   cols: 25
   dt: "3f"
   data: [ 1.07015662e+03, 2.47341370e+02, 7.62451410e-01,
       9.29112610e+02, 2.45423218e+02, 3.59746695e-01, 9.23271301e+02,
       1.49376160e+02, 4.83381122e-01, 7.60649048e+02, 5.92789078e+01,
       4.86547351e-01, 7.60673279e+02, 2.31678909e+02, 5.35099626e-01,
       9.36956360e+02, 3.41376709e+02, 1.87318265e-01, 7.39113281e+02,
       4.60856232e+02, 5.40007532e-01, 8.76246765e+02, 3.94290253e+02,
       4.30575728e-01, 0., 0., 0., 0., 0., 0., 0., 0., 0., 0., 0., 0.,
       0., 0., 0., 0., 0., 0., 0., 0., 0., 1.08977136e+03,
       2.17981491e+02, 8.39919627e-01, 1.08984106e+03, 2.72797943e+02,
       8.15054178e-01, 1.06036353e+03, 1.80771057e+02, 4.94716972e-01,
       1.08777063e+03, 3.06185333e+02, 1.28080666e-01, 0., 0., 0., 0.,
       0., 0., 0., 0., 0., 0., 0., 0., 0., 0., 0., 0., 0., 0. ]
