%YAML:1.0
---
pose_0: !!opencv-matrix
   rows: 1
   cols: 25
   dt: "3f"
   data: [ 9.03621155e+02, 3.62924225e+02, 7.76631832e-01,
       8.19404114e+02, 4.11914215e+02, 4.27673817e-01, 7.74319641e+02,
       3.66800720e+02, 4.43589300e-01, 6.60713196e+02, 3.80524994e+02,
       1.15847364e-01, 5.98034607e+02, 3.82573792e+02, 5.11972196e-02,
       8.78195984e+02, 4.47204956e+02, 3.69359493e-01, 9.70243774e+02,
       4.00223450e+02, 4.57453936e-01, 1.07416614e+03, 2.92395081e+02,
       5.12684464e-01, 5.86312256e+02, 4.49156128e+02, 2.35202342e-01,
       5.86312866e+02, 4.11914795e+02, 2.98248887e-01, 3.68822601e+02,
       3.25740234e+02, 9.28846151e-02, 0., 0., 0., 5.88240662e+02,
       4.92219421e+02, 2.18366459e-01, 3.47248016e+02, 5.84328430e+02,
       3.36573213e-01, 2.14037033e+02, 6.62712097e+02, 1.46642461e-01,
       9.15359070e+02, 3.51197754e+02, 8.65302324e-01, 9.23285706e+02,
       3.82439301e+02, 7.85297632e-01, 0., 0., 0., 9.17334900e+02,
       4.15885162e+02, 3.70759487e-01, 0., 0., 0., 0., 0., 0.,
       2.06171494e+02, 6.66611450e+02, 1.03419170e-01, 0., 0., 0., 0.,
       0., 0., 0., 0., 0. ]
