%YAML:1.0
---
pose_0: !!opencv-matrix
   rows: 1
   cols: 25
   dt: "3f"
   data: [ 8.93856079e+02, 3.72772217e+02, 7.70892143e-01,
       7.99828186e+02, 4.17806152e+02, 5.65779567e-01, 7.72385986e+02,
       3.86424774e+02, 3.88352782e-01, 0., 0., 0., 0., 0., 0.,
       8.33151611e+02, 4.56998901e+02, 4.94257212e-01, 8.17451843e+02,
       5.11830872e+02, 7.28639126e-01, 8.17477905e+02, 3.84406036e+02,
       7.93401897e-01, 5.41202576e+02, 4.60910095e+02, 1.37867555e-01,
       5.37307434e+02, 4.41281494e+02, 2.22489968e-01, 3.37458862e+02,
       5.33378540e+02, 1.83836490e-01, 2.04258255e+02, 6.33330200e+02,
       6.54143393e-02, 5.49051575e+02, 5.13808105e+02, 8.07449147e-02,
       3.37506775e+02, 5.37275635e+02, 9.87585038e-02, 1.96461975e+02,
       6.33335632e+02, 1.08986020e-01, 8.99808655e+02, 3.60957703e+02,
       8.93759847e-01, 9.09528076e+02, 3.88455170e+02, 8.10299158e-01,
       8.84116821e+02, 3.51220062e+02, 2.24620625e-01, 8.99790161e+02,
       4.15914642e+02, 7.09774554e-01, 0., 0., 0., 0., 0., 0.,
       1.94391602e+02, 6.35307861e+02, 8.34391937e-02, 0., 0., 0., 0.,
       0., 0., 0., 0., 0. ]
