%YAML:1.0
---
pose_0: !!opencv-matrix
   rows: 1
   cols: 25
   dt: "3f"
   data: [ 1.04079639e+03, 2.55197403e+02, 7.88017571e-01,
       9.01649597e+02, 2.53223099e+02, 4.75203842e-01, 8.87997498e+02,
       1.61116867e+02, 5.48060417e-01, 7.58678955e+02, 1.02359947e+02,
       6.01345956e-01, 6.50885132e+02, 1.33786224e+02, 4.65294480e-01,
       9.01696167e+02, 3.39456818e+02, 3.21517646e-01, 7.60624817e+02,
       4.04106476e+02, 3.32310170e-01, 5.88319031e+02, 4.47160675e+02,
       5.08496463e-01, 0., 0., 0., 0., 0., 0., 0., 0., 0., 0., 0., 0.,
       0., 0., 0., 0., 0., 0., 0., 0., 0., 1.04278381e+03,
       2.23761108e+02, 8.38279545e-01, 1.05841809e+03, 2.70813202e+02,
       5.93075335e-01, 1.00939203e+03, 1.90522568e+02, 4.91825849e-01,
       1.04076526e+03, 3.02209900e+02, 6.67476356e-02, 0., 0., 0., 0.,
       0., 0., 0., 0., 0., 0., 0., 0., 0., 0., 0., 0., 0., 0. ]
