%YAML:1.0
---
pose_0: !!opencv-matrix
   rows: 1
   cols: 25
   dt: "3f"
   data: [ 9.87930542e+02, 2.74772919e+02, 7.58964300e-01,
       8.64479126e+02, 2.70861908e+02, 5.85679650e-01, 8.38976379e+02,
       1.90507416e+02, 5.96755385e-01, 6.93984253e+02, 1.53343063e+02,
       7.19270945e-01, 5.74529968e+02, 1.06311821e+02, 7.41886079e-01,
       8.80161255e+02, 3.51161041e+02, 5.15551329e-01, 9.80007324e+02,
       3.84444702e+02, 7.53314912e-01, 1.05445386e+03, 3.10078674e+02,
       7.08079278e-01, 6.15658020e+02, 2.59135834e+02, 1.49439335e-01,
       5.88256714e+02, 2.74760284e+02, 1.75269812e-01, 5.00084595e+02,
       2.35601547e+02, 5.86067587e-02, 2.86513031e+02, 2.10133881e+02,
       8.41394067e-02, 6.23500305e+02, 2.35610504e+02, 1.51766181e-01,
       5.09885315e+02, 2.19915466e+02, 1.63283169e-01, 2.98283508e+02,
       2.12098663e+02, 2.40309447e-01, 1.00746234e+03, 2.57176666e+02,
       8.22183728e-01, 1.01134961e+03, 2.88496002e+02, 6.61322653e-01,
       9.68344666e+02, 2.15998611e+02, 5.86067617e-01, 0., 0., 0., 0.,
       0., 0., 0., 0., 0., 0., 0., 0., 0., 0., 0., 0., 0., 0., 0., 0.,
       0. ]
