%YAML:1.0
---
pose_0: !!opencv-matrix
   rows: 1
   cols: 25
   dt: "3f"
   data: [ 9.17437866e+02, 3.57099121e+02, 7.76883245e-01,
       8.05742126e+02, 3.21807007e+02, 6.95051432e-01, 7.93966187e+02,
       2.57143463e+02, 6.57153666e-01, 6.62642700e+02, 1.98427399e+02,
       7.67624438e-01, 7.27302551e+02, 1.98443008e+02, 8.24643195e-01,
       8.09669128e+02, 3.82550781e+02, 5.04639745e-01, 7.70446899e+02,
       4.56964691e+02, 1.87468722e-01, 0., 0., 0., 5.52989136e+02,
       3.68849304e+02, 2.28794903e-01, 5.56879211e+02, 3.25701660e+02,
       3.25816810e-01, 3.66825531e+02, 3.51120117e+02, 3.28468531e-01,
       1.90543228e+02, 3.21787384e+02, 8.96056443e-02, 5.37298462e+02,
       4.11919067e+02, 1.77404374e-01, 3.84447754e+02, 4.60866760e+02,
       4.62279409e-01, 2.00334137e+02, 5.15739746e+02, 3.68847251e-01,
       9.33003540e+02, 3.33547211e+02, 8.45753431e-01, 9.35016968e+02,
       3.68757477e+02, 7.65895844e-01, 9.01766602e+02, 2.94381622e+02,
       7.21023321e-01, 0., 0., 0., 1.25898743e+02, 5.70593994e+02,
       1.85578406e-01, 1.31744995e+02, 5.70656738e+02, 2.06404671e-01,
       1.74871796e+02, 5.13804749e+02, 2.24790797e-01, 1.59175354e+02,
       3.21829224e+02, 1.19912185e-01, 1.59170883e+02, 3.19819611e+02,
       1.28171995e-01, 0., 0., 0. ]
