%YAML:1.0
---
pose_0: !!opencv-matrix
   rows: 1
   cols: 25
   dt: "3f"
   data: [ 8.50722046e+02, 3.49209625e+02, 7.43516922e-01,
       7.50867188e+02, 3.29618164e+02, 6.34812474e-01, 7.66507874e+02,
       2.70842957e+02, 6.84939742e-01, 6.48885376e+02, 2.10208374e+02,
       8.57689142e-01, 5.62800781e+02, 3.02179138e+02, 7.75379777e-01,
       7.27305237e+02, 3.74682709e+02, 4.43338692e-01, 6.11754028e+02,
       3.84449341e+02, 9.26797166e-02, 0., 0., 0., 5.68644775e+02,
       2.92393799e+02, 1.76041946e-01, 5.72583008e+02, 2.53217651e+02,
       1.65223569e-01, 5.07885895e+02, 2.35593948e+02, 1.46783456e-01,
       0., 0., 0., 5.68652405e+02, 3.31591125e+02, 1.24329455e-01, 0.,
       0., 0., 0., 0., 0., 8.68328308e+02, 3.25739410e+02,
       7.77914643e-01, 8.64430603e+02, 3.64873505e+02, 7.55912602e-01,
       8.38986389e+02, 3.02224304e+02, 6.88148677e-01, 8.52743469e+02,
       3.84379120e+02, 1.05361588e-01, 0., 0., 0., 0., 0., 0., 0., 0.,
       0., 0., 0., 0., 0., 0., 0., 0., 0., 0. ]
