%YAML:1.0
---
pose_0: !!opencv-matrix
   rows: 1
   cols: 25
   dt: "3f"
   data: [ 1.00750146e+03, 2.45432678e+02, 7.87495792e-01,
       8.78169800e+02, 2.45416763e+02, 5.85853696e-01, 8.76227783e+02,
       1.61125748e+02, 5.86202264e-01, 7.58649414e+02, 5.54027100e+01,
       8.55373025e-01, 7.31268860e+02, 1.25869415e+02, 7.70928562e-01,
       8.70353149e+02, 3.41384216e+02, 5.41566432e-01, 7.56694702e+02,
       4.15826782e+02, 7.87925303e-01, 6.19658813e+02, 4.37394623e+02,
       7.63720632e-01, 6.33303894e+02, 3.04165710e+02, 1.32801056e-01,
       6.23499634e+02, 2.57168243e+02, 1.58123225e-01, 3.82489624e+02,
       2.17982315e+02, 9.18294713e-02, 0., 0., 0., 5.96092346e+02,
       3.57049713e+02, 1.16654538e-01, 3.51182068e+02, 3.45281219e+02,
       6.69715032e-02, 0., 0., 0., 1.01334009e+03, 2.19933197e+02,
       8.33179533e-01, 1.01923767e+03, 2.61072021e+02, 7.93589830e-01,
       9.82010559e+02, 1.92446106e+02, 5.52407384e-01, 1.00358759e+03,
       2.86452728e+02, 1.13644511e-01, 0., 0., 0., 0., 0., 0., 0., 0.,
       0., 0., 0., 0., 0., 0., 0., 0., 0., 0. ]
