%YAML:1.0
---
pose_0: !!opencv-matrix
   rows: 1
   cols: 25
   dt: "3f"
   data: [ 9.13461914e+02, 3.33560425e+02, 8.15762877e-01,
       8.15503235e+02, 3.76623138e+02, 6.91675544e-01, 7.84133911e+02,
       3.27645050e+02, 5.80699801e-01, 6.52890076e+02, 3.51124512e+02,
       2.71475703e-01, 5.56849182e+02, 3.21733276e+02, 4.88544464e-01,
       8.40992310e+02, 4.23675537e+02, 5.84375501e-01, 9.62403931e+02,
       4.09951965e+02, 6.81815326e-01, 1.06035693e+03, 2.88499908e+02,
       4.92926121e-01, 5.64728271e+02, 4.00211029e+02, 2.62439787e-01,
       5.58835022e+02, 3.66819000e+02, 3.36345375e-01, 0., 0., 0., 0.,
       0., 0., 5.68646362e+02, 4.41303345e+02, 2.43963897e-01,
       3.57046844e+02, 5.54861572e+02, 3.10245037e-01, 2.04230728e+02,
       6.48915710e+02, 2.16608584e-01, 9.19328430e+02, 3.19760529e+02,
       8.55756044e-01, 9.32994690e+02, 3.49263794e+02, 8.76794338e-01,
       8.99803406e+02, 3.08073456e+02, 7.98514932e-02, 9.27157166e+02,
       3.86427002e+02, 6.27206743e-01, 1.68985229e+02, 6.01998413e+02,
       7.05509037e-02, 1.65109543e+02, 6.17600098e+02, 6.82201982e-02,
       1.94416107e+02, 6.52915466e+02, 1.25966892e-01, 0., 0., 0., 0.,
       0., 0., 0., 0., 0. ]
