%YAML:1.0
---
pose_0: !!opencv-matrix
   rows: 1
   cols: 25
   dt: "3f"
   data: [ 9.44782349e+02, 2.57109711e+02, 8.05431128e-01,
       8.27236511e+02, 2.45414398e+02, 6.63588107e-01, 8.31184631e+02,
       1.61167419e+02, 6.41571820e-01, 6.90119690e+02, 1.14149673e+02,
       6.93872333e-01, 5.66656677e+02, 1.33813507e+02, 7.66842723e-01,
       8.19363159e+02, 3.31579895e+02, 6.15194023e-01, 6.88131958e+02,
       3.78614563e+02, 7.04840362e-01, 5.72545288e+02, 4.45186584e+02,
       8.08273196e-01, 5.86269470e+02, 2.45406570e+02, 1.85239673e-01,
       5.58859253e+02, 2.00346359e+02, 2.30634660e-01, 3.53131989e+02,
       1.94486618e+02, 1.10230163e-01, 3.45307709e+02, 1.96449829e+02,
       5.08038029e-02, 6.07845703e+02, 3.04173157e+02, 1.85041189e-01,
       3.82524475e+02, 3.47256805e+02, 6.83429316e-02, 3.41396820e+02,
       3.64880615e+02, 5.07253632e-02, 9.54578735e+02, 2.27790100e+02,
       8.57457280e-01, 9.62376831e+02, 2.70781464e+02, 7.94939756e-01,
       9.25193237e+02, 1.98362411e+02, 7.07908154e-01, 0., 0., 0., 0.,
       0., 0., 0., 0., 0., 0., 0., 0., 0., 0., 0., 0., 0., 0., 0., 0.,
       0. ]
