%YAML:1.0
---
pose_0: !!opencv-matrix
   rows: 1
   cols: 25
   dt: "3f"
   data: [ 9.42847290e+02, 2.12141129e+02, 8.23835194e-01,
       8.31161682e+02, 2.02300797e+02, 6.54744744e-01, 8.37105164e+02,
       1.18014137e+02, 6.94764674e-01, 7.11636475e+02, 5.72904472e+01,
       7.22012579e-01, 6.02010376e+02, 1.14146896e+02, 7.81596899e-01,
       8.13509338e+02, 2.80652100e+02, 5.95194519e-01, 6.88122437e+02,
       3.21882111e+02, 7.46273100e-01, 5.86256165e+02, 3.92352875e+02,
       7.29731143e-01, 5.70613098e+02, 2.23837570e+02, 1.52065858e-01,
       5.52983093e+02, 1.78802643e+02, 2.21668258e-01, 3.66815186e+02,
       1.76797714e+02, 7.97236711e-02, 0., 0., 0., 5.80408875e+02,
       2.70878906e+02, 1.41224280e-01, 3.33555878e+02, 3.37431396e+02,
       2.27737412e-01, 1.47436462e+02, 3.86493164e+02, 2.62940466e-01,
       9.48834351e+02, 1.86598938e+02, 8.45166206e-01, 9.58545715e+02,
       2.25750763e+02, 8.44459593e-01, 9.25213989e+02, 1.51400116e+02,
       7.05640793e-01, 0., 0., 0., 1.02435463e+02, 3.64911743e+02,
       1.87288731e-01, 1.04384956e+02, 3.70805939e+02, 1.72798827e-01,
       1.29797440e+02, 3.88405182e+02, 1.55884281e-01, 0., 0., 0., 0.,
       0., 0., 0., 0., 0. ]
