%YAML:1.0
---
pose_0: !!opencv-matrix
   rows: 1
   cols: 25
   dt: "3f"
   data: [ 8.56628357e+02, 1.65002991e+02, 6.32385612e-01,
       7.70441956e+02, 1.35680771e+02, 3.04168671e-01, 7.66502869e+02,
       8.66898193e+01, 1.80152148e-01, 0., 0., 0., 0., 0., 0.,
       7.80217102e+02, 1.94417847e+02, 2.83402175e-01, 7.43069458e+02,
       2.78709106e+02, 4.11343396e-01, 7.29223999e+02, 1.31741974e+02,
       4.32804525e-01, 5.58859070e+02, 1.63115646e+02, 5.16452119e-02,
       0., 0., 0., 0., 0., 0., 0., 0., 0., 0., 0., 0., 0., 0., 0., 0.,
       0., 0., 8.72311584e+02, 1.49341614e+02, 6.46559417e-01,
       8.72344971e+02, 1.63109528e+02, 3.53019804e-01, 8.68391357e+02,
       1.18030357e+02, 4.70612586e-01, 0., 0., 0., 0., 0., 0., 0., 0.,
       0., 0., 0., 0., 0., 0., 0., 0., 0., 0., 0., 0., 0. ]
