%YAML:1.0
---
pose_0: !!opencv-matrix
   rows: 2
   cols: 25
   dt: "3f"
   data: [ 1.04476147e+03, 3.51239960e+02, 7.54139781e-01,
       9.33001343e+02, 3.31595703e+02, 4.28568751e-01, 9.40866455e+02,
       2.37554474e+02, 3.79205942e-01, 8.91913818e+02, 1.92465515e+02,
       1.85865358e-01, 8.03717712e+02, 1.53296753e+02, 2.62020409e-01,
       9.11478821e+02, 4.27564789e+02, 4.23828870e-01, 7.60638855e+02,
       4.92182129e+02, 5.83235264e-01, 6.68615784e+02, 5.90210144e+02,
       6.38786197e-01, 0., 0., 0., 0., 0., 0., 0., 0., 0., 0., 0., 0.,
       0., 0., 0., 0., 0., 0., 0., 0., 0., 1.07203638e+03,
       3.21914459e+02, 8.14195096e-01, 1.06818884e+03, 3.72714325e+02,
       7.25997984e-01, 1.05846643e+03, 2.90385437e+02, 4.88460779e-01,
       1.07217761e+03, 4.00172424e+02, 5.82813248e-02, 0., 0., 0., 0.,
       0., 0., 0., 0., 0., 0., 0., 0., 0., 0., 0., 0., 0., 0., 0., 0.,
       0., 0., 0., 0., 0., 0., 0., 0., 0., 0., 0., 0., 0.,
       6.46991211e+02, 1.25899834e+02, 1.06262758e-01, 7.88035278e+02,
       1.43476608e+02, 4.31862384e-01, 6.54816650e+02, 1.00381470e+02,
       6.04861796e-01, 0., 0., 0., 0., 0., 0., 0., 0., 0., 0., 0., 0.,
       0., 0., 0., 0., 0., 0., 0., 0., 0., 0., 0., 0., 0., 0., 0., 0.,
       0., 0., 0., 0., 0., 0., 0., 0., 0., 0., 0., 0., 0., 0., 0., 0.,
       0., 0., 0., 0., 0., 0., 0. ]
