%YAML:1.0
---
pose_0: !!opencv-matrix
   rows: 1
   cols: 25
   dt: "3f"
   data: [ 8.70306274e+02, 3.72749481e+02, 6.97640955e-01,
       7.89939941e+02, 3.84494751e+02, 7.32402623e-01, 7.78300476e+02,
       3.06169800e+02, 5.61183751e-01, 6.52878845e+02, 2.41456604e+02,
       8.10439110e-01, 7.17529968e+02, 2.59106018e+02, 7.84533978e-01,
       7.91998047e+02, 4.55000702e+02, 6.74207509e-01, 6.90098633e+02,
       5.47077515e+02, 7.66217589e-01, 7.84175781e+02, 5.37225647e+02,
       7.65531600e-01, 5.39241272e+02, 4.13845062e+02, 3.30370754e-01,
       5.31412231e+02, 3.68820038e+02, 4.28789616e-01, 3.29646820e+02,
       3.72733673e+02, 4.86436158e-01, 0., 0., 0., 5.41196167e+02,
       4.60835693e+02, 3.56594086e-01, 3.51196808e+02, 5.02062714e+02,
       4.82832700e-01, 1.80785034e+02, 5.25603149e+02, 4.57785636e-01,
       8.91916748e+02, 3.64899048e+02, 7.00975776e-01, 8.85983093e+02,
       3.90354919e+02, 7.10489690e-01, 8.85969238e+02, 3.39488312e+02,
       6.15016639e-01, 8.78173767e+02, 4.15863281e+02, 2.68232048e-01,
       1.47435074e+02, 4.98121857e+02, 2.48788789e-01, 1.49413345e+02,
       5.07942566e+02, 2.35868961e-01, 1.59182419e+02, 5.31434021e+02,
       2.11247683e-01, 0., 0., 0., 0., 0., 0., 0., 0., 0. ]
