%YAML:1.0
---
pose_0: !!opencv-matrix
   rows: 1
   cols: 25
   dt: "3f"
   data: [ 9.19313538e+02, 1.78812729e+02, 7.94369519e-01,
       8.35074036e+02, 2.59120453e+02, 6.70809209e-01, 8.07700806e+02,
       2.23860168e+02, 5.21791697e-01, 7.07734436e+02, 2.25825592e+02,
       3.41499031e-01, 6.07855957e+02, 1.96453751e+02, 7.33703792e-01,
       8.54662048e+02, 3.04159882e+02, 6.18279755e-01, 7.17567688e+02,
       3.64934204e+02, 6.61998570e-01, 5.60780090e+02, 3.04181213e+02,
       6.97979331e-01, 6.05874451e+02, 2.90507141e+02, 1.50861904e-01,
       5.94120667e+02, 2.61076202e+02, 1.36816666e-01, 3.49201324e+02,
       1.98430817e+02, 1.66798845e-01, 0., 0., 0., 6.03921875e+02,
       3.45312897e+02, 7.62308463e-02, 0., 0., 0., 0., 0., 0.,
       9.36935486e+02, 1.72896057e+02, 3.17686915e-01, 9.46709900e+02,
       1.94460709e+02, 8.28954875e-01, 0., 0., 0., 9.44778381e+02,
       2.55149872e+02, 8.24234843e-01, 0., 0., 0., 0., 0., 0., 0., 0.,
       0., 0., 0., 0., 0., 0., 0., 0., 0., 0. ]
