%YAML:1.0
---
pose_0: !!opencv-matrix
   rows: 1
   cols: 25
   dt: "3f"
   data: [ 9.21303894e+02, 2.14102829e+02, 7.58940578e-01,
       8.05764709e+02, 2.27744431e+02, 6.93290353e-01, 7.92033813e+02,
       1.47471954e+02, 7.19224095e-01, 6.66553345e+02, 1.06267357e+02,
       7.30398178e-01, 5.56971252e+02, 1.12144806e+02, 8.20191443e-01,
       8.11604675e+02, 3.17844879e+02, 6.40249908e-01, 6.95973328e+02,
       3.80588684e+02, 7.31295943e-01, 6.27403992e+02, 3.59014832e+02,
       7.66610026e-01, 5.51019836e+02, 2.43471207e+02, 1.40106812e-01,
       5.43169678e+02, 2.00333588e+02, 1.44153386e-01, 3.35505341e+02,
       3.10038086e+02, 6.80626780e-02, 0., 0., 0., 5.39257446e+02,
       3.00243866e+02, 1.46047965e-01, 3.37476013e+02, 3.13946106e+02,
       1.09908782e-01, 0., 0., 0., 9.27184204e+02, 1.94535873e+02,
       8.59611511e-01, 9.33121277e+02, 2.31646423e+02, 7.67708063e-01,
       8.93857544e+02, 1.76805450e+02, 6.58506334e-01, 9.17364868e+02,
       2.55141449e+02, 2.71634579e-01, 0., 0., 0., 0., 0., 0., 0., 0.,
       0., 0., 0., 0., 0., 0., 0., 0., 0., 0. ]
