%YAML:1.0
---
pose_0: !!opencv-matrix
   rows: 1
   cols: 25
   dt: "3f"
   data: [ 9.19377686e+02, 1.94385086e+02, 7.14842081e-01,
       8.58598145e+02, 2.76748566e+02, 3.72104585e-01, 8.68420959e+02,
       2.86535095e+02, 2.06221193e-01, 7.78296936e+02, 2.74818512e+02,
       1.04595132e-01, 0., 0., 0., 8.66437988e+02, 2.84582153e+02,
       4.67114389e-01, 7.74336426e+02, 2.72869324e+02, 4.00634855e-01,
       0., 0., 0., 5.33389343e+02, 3.19846436e+02, 1.52409881e-01,
       5.27497192e+02, 3.00248901e+02, 1.03689253e-01, 3.51191406e+02,
       2.90449677e+02, 6.19088970e-02, 0., 0., 0., 5.33385254e+02,
       3.49229980e+02, 1.23133726e-01, 2.96325531e+02, 3.04199738e+02,
       1.57546923e-01, 8.66610413e+01, 3.76645233e+02, 1.50750279e-01,
       9.46658997e+02, 1.94445923e+02, 9.67333466e-02, 9.46792908e+02,
       2.02271393e+02, 7.60066450e-01, 0., 0., 0., 9.40888306e+02,
       2.70809814e+02, 7.21094251e-01, 5.14344482e+01, 3.96224426e+02,
       6.65865317e-02, 5.53375511e+01, 4.00141327e+02, 9.25860777e-02,
       6.32062874e+01, 3.82484131e+02, 1.05527192e-01, 0., 0., 0., 0.,
       0., 0., 0., 0., 0. ]
