%YAML:1.0
---
pose_0: !!opencv-matrix
   rows: 1
   cols: 25
   dt: "3f"
   data: [ 8.82064575e+02, 3.43364624e+02, 7.79607058e-01,
       7.74281128e+02, 2.98302856e+02, 6.21160626e-01, 7.86104187e+02,
       2.41521530e+02, 6.87227726e-01, 8.09589417e+02, 3.15911469e+02,
       7.74909019e-01, 8.97768616e+02, 3.84515991e+02, 7.55371630e-01,
       7.60726624e+02, 3.57056152e+02, 5.70107043e-01, 7.37162415e+02,
       4.62789063e+02, 8.36805403e-01, 8.23306946e+02, 4.47250336e+02,
       8.70842159e-01, 5.19679932e+02, 3.00255737e+02, 2.96564400e-01,
       5.25563171e+02, 2.59085388e+02, 3.23668599e-01, 3.47256805e+02,
       2.17986053e+02, 4.22284901e-01, 0., 0., 0., 5.09911438e+02,
       3.39444366e+02, 3.31323564e-01, 3.51188202e+02, 3.72717590e+02,
       3.79311711e-01, 1.61138092e+02, 3.82507080e+02, 2.78426170e-01,
       8.84070679e+02, 3.25748718e+02, 7.83226013e-01, 8.93855896e+02,
       3.53134247e+02, 3.33534658e-01, 8.64449097e+02, 2.88508362e+02,
       8.01079392e-01, 0., 0., 0., 1.06314407e+02, 4.31513245e+02,
       3.75635982e-01, 1.14148544e+02, 4.31564758e+02, 3.78812671e-01,
       1.31801270e+02, 3.68784088e+02, 2.41696551e-01, 0., 0., 0., 0.,
       0., 0., 0., 0., 0. ]
