%YAML:1.0
---
pose_0: !!opencv-matrix
   rows: 1
   cols: 25
   dt: "3f"
   data: [ 8.89911438e+02, 4.13832001e+02, 8.05219769e-01,
       7.82217407e+02, 4.29553741e+02, 6.75922215e-01, 7.68485718e+02,
       3.55154419e+02, 7.06883609e-01, 6.66615967e+02, 2.94409546e+02,
       8.08278859e-01, 7.27279846e+02, 2.74845856e+02, 8.64761651e-01,
       7.92009766e+02, 4.94265900e+02, 6.54733777e-01, 6.76370911e+02,
       5.56976257e+02, 7.73003221e-01, 7.89983337e+02, 5.37286926e+02,
       7.97639847e-01, 5.23607178e+02, 4.64819427e+02, 3.41847241e-01,
       5.23576233e+02, 4.21729004e+02, 4.73042250e-01, 3.33557373e+02,
       3.88401367e+02, 4.68609899e-01, 1.68975937e+02, 3.57045654e+02,
       1.06167309e-01, 5.27517029e+02, 5.09889984e+02, 3.69073898e-01,
       3.78638763e+02, 5.11867645e+02, 4.25897479e-01, 0., 0., 0.,
       8.97771790e+02, 3.98164978e+02, 8.62863958e-01, 8.99740479e+02,
       4.29515442e+02, 7.65868485e-01, 8.70311401e+02, 3.82612488e+02,
       5.49931169e-01, 8.82089294e+02, 4.58885040e+02, 5.64458728e-01,
       0., 0., 0., 0., 0., 0., 0., 0., 0., 1.68997360e+02,
       3.51113861e+02, 6.87785000e-02, 0., 0., 0., 0., 0., 0. ]
