%YAML:1.0
---
pose_0: !!opencv-matrix
   rows: 1
   cols: 25
   dt: "3f"
   data: [ 8.82122314e+02, 4.29576233e+02, 8.44245136e-01,
       7.86119934e+02, 4.64807190e+02, 7.07749307e-01, 7.60712708e+02,
       4.29464233e+02, 6.73821688e-01, 6.97973022e+02, 4.00187592e+02,
       3.36355776e-01, 6.31272095e+02, 3.12001038e+02, 2.48365432e-01,
       8.07713074e+02, 5.07970184e+02, 7.03864098e-01, 7.09651733e+02,
       4.13921875e+02, 5.18920660e-01, 6.27432129e+02, 3.08044983e+02,
       6.36306643e-01, 5.52966675e+02, 5.05931122e+02, 2.21422732e-01,
       5.58829895e+02, 4.62852448e+02, 2.31430396e-01, 3.86498993e+02,
       3.94291016e+02, 4.77394640e-01, 1.88574554e+02, 4.66765106e+02,
       3.53521913e-01, 5.37296143e+02, 5.31431213e+02, 1.75433785e-01,
       3.86462067e+02, 3.98187408e+02, 4.57115799e-01, 2.23835281e+02,
       4.74623474e+02, 7.85611868e-02, 8.84091187e+02, 4.15752045e+02,
       8.97209644e-01, 8.97793396e+02, 4.43281281e+02, 8.00805509e-01,
       8.54697327e+02, 4.04086792e+02, 3.56848985e-01, 8.83995544e+02,
       4.74569000e+02, 6.02128983e-01, 0., 0., 0., 0., 0., 0., 0., 0.,
       0., 1.33720947e+02, 4.15875519e+02, 1.81966171e-01,
       1.33671997e+02, 4.15831787e+02, 1.57814562e-01, 1.78749619e+02,
       4.80494446e+02, 2.58353144e-01 ]
