%YAML:1.0
---
pose_0: !!opencv-matrix
   rows: 1
   cols: 25
   dt: "3f"
   data: [ 1.00938263e+03, 2.27851181e+02, 7.86627293e-01,
       8.70388733e+02, 2.43480743e+02, 5.53636491e-01, 8.60566833e+02,
       1.55252777e+02, 5.35081923e-01, 7.11693665e+02, 1.06305832e+02,
       6.54171646e-01, 6.49015930e+02, 1.41589203e+02, 6.71416044e-01,
       8.84079590e+02, 3.33567139e+02, 4.85984981e-01, 7.80203491e+02,
       4.43184601e+02, 7.69710660e-01, 8.52658875e+02, 3.19869049e+02,
       7.81742156e-01, 5.78449463e+02, 2.70855927e+02, 6.98221251e-02,
       5.45135315e+02, 2.19918121e+02, 7.22437128e-02, 0., 0., 0., 0.,
       0., 0., 5.98031067e+02, 3.33558899e+02, 6.70219436e-02, 0., 0.,
       0., 0., 0., 0., 1.00937915e+03, 2.02301727e+02, 8.02299380e-01,
       1.02713416e+03, 2.41542633e+02, 7.33505249e-01, 9.70259216e+02,
       1.80827148e+02, 6.56305850e-01, 1.01730975e+03, 2.68916565e+02,
       1.30850345e-01, 0., 0., 0., 0., 0., 0., 0., 0., 0., 0., 0., 0.,
       0., 0., 0., 0., 0., 0. ]
