%YAML:1.0
---
pose_0: !!opencv-matrix
   rows: 1
   cols: 25
   dt: "3f"
   data: [ 9.33108459e+02, 2.39442795e+02, 7.20779657e-01,
       8.74268555e+02, 3.15917664e+02, 4.24547911e-01, 8.86036255e+02,
       3.33524567e+02, 3.02711725e-01, 0., 0., 0., 0., 0., 0.,
       8.82106262e+02, 3.27656403e+02, 4.96045321e-01, 7.60606995e+02,
       2.57185730e+02, 4.89932120e-01, 8.72351318e+02, 1.70943085e+02,
       4.72105414e-01, 7.29292969e+02, 3.51195435e+02, 7.37186447e-02,
       0., 0., 0., 0., 0., 0., 0., 0., 0., 0., 0., 0., 0., 0., 0., 0.,
       0., 0., 9.50698059e+02, 2.31684448e+02, 1.56048685e-01,
       9.60407349e+02, 2.45463760e+02, 7.91447699e-01, 0., 0., 0.,
       9.48745239e+02, 3.08145874e+02, 8.36941600e-01, 0., 0., 0., 0.,
       0., 0., 0., 0., 0., 0., 0., 0., 0., 0., 0., 0., 0., 0. ]
