%YAML:1.0
---
pose_0: !!opencv-matrix
   rows: 1
   cols: 25
   dt: "3f"
   data: [ 9.50743469e+02, 2.98281647e+02, 7.26162553e-01,
       8.42927612e+02, 2.74827698e+02, 6.03544533e-01, 8.52736267e+02,
       1.94423050e+02, 6.88516557e-01, 7.27374573e+02, 1.21987106e+02,
       7.88799763e-01, 7.95886536e+02, 2.45377457e+02, 7.24637330e-01,
       8.21427307e+02, 3.62923553e+02, 4.46819961e-01, 7.62609619e+02,
       3.96253174e+02, 5.62363267e-02, 0., 0., 0., 6.01938599e+02,
       2.70866394e+02, 1.08684868e-01, 6.01944702e+02, 2.39514236e+02,
       1.53824508e-01, 3.60965210e+02, 2.31667145e+02, 2.41177455e-01,
       1.35663071e+02, 3.17898102e+02, 1.91313624e-01, 0., 0., 0., 0.,
       0., 0., 0., 0., 0., 9.64507996e+02, 2.72782196e+02,
       8.47640753e-01, 9.66406433e+02, 3.12021271e+02, 7.11454332e-01,
       9.42864807e+02, 2.35597305e+02, 4.91649330e-01, 9.64464905e+02,
       3.33522156e+02, 5.82496971e-02, 0., 0., 0., 0., 0., 0., 0., 0.,
       0., 9.84113007e+01, 3.51137482e+02, 1.24583051e-01, 0., 0., 0.,
       0., 0., 0. ]
