%YAML:1.0
---
pose_0: !!opencv-matrix
   rows: 1
   cols: 25
   dt: "3f"
   data: [ 8.84116577e+02, 4.47200409e+02, 6.88549042e-01,
       8.19353271e+02, 4.60900085e+02, 6.50502801e-01, 8.07610229e+02,
       3.88404388e+02, 3.70236337e-01, 8.68419617e+02, 3.37476349e+02,
       8.63995135e-01, 9.01717773e+02, 4.43257843e+02, 7.17867196e-01,
       8.23403442e+02, 5.23523682e+02, 6.19562984e-01, 9.29062195e+02,
       5.84279602e+02, 7.36717582e-01, 9.78151184e+02, 4.92263519e+02,
       4.26776052e-01, 6.25454895e+02, 4.06049286e+02, 6.34767637e-02,
       0., 0., 0., 0., 0., 0., 0., 0., 0., 0., 0., 0., 0., 0., 0., 0.,
       0., 0., 8.91905029e+02, 4.47151093e+02, 4.00563508e-01,
       8.86124939e+02, 4.60946442e+02, 5.02637148e-01, 8.95778809e+02,
       4.43259552e+02, 6.61214143e-02, 8.84089905e+02, 4.82489807e+02,
       1.52773052e-01, 0., 0., 0., 0., 0., 0., 0., 0., 0., 0., 0., 0.,
       0., 0., 0., 0., 0., 0. ]
