%YAML:1.0
---
pose_0: !!opencv-matrix
   rows: 1
   cols: 25
   dt: "3f"
   data: [ 8.56629211e+02, 3.11997345e+02, 7.47965515e-01,
       7.72429077e+02, 3.19817780e+02, 7.68256068e-01, 7.76293640e+02,
       2.57181122e+02, 7.17846155e-01, 7.89973633e+02, 1.80676712e+02,
       8.39605808e-01, 8.82146362e+02, 2.63012329e+02, 7.43866324e-01,
       7.66520996e+02, 3.80576477e+02, 5.35711288e-01, 7.72415344e+02,
       4.76617432e+02, 8.46234083e-01, 8.52677124e+02, 3.98242065e+02,
       8.11986208e-01, 5.33384216e+02, 3.17848755e+02, 3.36671114e-01,
       5.41195313e+02, 2.72848602e+02, 4.19296801e-01, 3.49199432e+02,
       2.55168716e+02, 4.57980573e-01, 2.00318008e+02, 2.12173309e+02,
       4.65904742e-01, 5.29450989e+02, 3.57091125e+02, 4.08905059e-01,
       3.49208252e+02, 3.94304291e+02, 3.93279582e-01, 1.67048492e+02,
       3.84532013e+02, 3.93291861e-01, 8.68358337e+02, 2.94407227e+02,
       7.81941533e-01, 8.70344849e+02, 3.25712738e+02, 7.37348318e-01,
       8.54627441e+02, 2.74805420e+02, 4.96215880e-01, 8.56625366e+02,
       3.45327972e+02, 2.43238017e-01, 1.16015800e+02, 4.33460907e+02,
       1.48503125e-01, 1.16126457e+02, 4.33460632e+02, 1.55752942e-01,
       1.43539978e+02, 3.72723175e+02, 2.49165669e-01, 0., 0., 0., 0.,
       0., 0., 1.94423645e+02, 2.14029999e+02, 2.76047111e-01 ]
