%YAML:1.0
---
pose_0: !!opencv-matrix
   rows: 1
   cols: 25
   dt: "3f"
   data: [ 9.09523254e+02, 4.43252625e+02, 7.69153237e-01,
       8.07642761e+02, 4.43266724e+02, 7.02544391e-01, 8.05671204e+02,
       3.68761139e+02, 6.81575477e-01, 7.07696350e+02, 2.90489594e+02,
       8.16292346e-01, 6.74426819e+02, 3.49159637e+02, 8.19469512e-01,
       8.05713501e+02, 5.23558472e+02, 5.87091088e-01, 6.86232605e+02,
       5.86330872e+02, 6.13798261e-01, 5.84303650e+02, 6.15619263e+02,
       7.81381607e-01, 5.70608582e+02, 4.60900879e+02, 1.97818071e-01,
       5.62766174e+02, 4.17794708e+02, 3.13167751e-01, 3.82507507e+02,
       4.39338257e+02, 1.35875881e-01, 0., 0., 0., 5.66690308e+02,
       5.13801147e+02, 1.57784954e-01, 0., 0., 0., 0., 0., 0.,
       9.15432373e+02, 4.17832672e+02, 8.62257838e-01, 9.25186646e+02,
       4.56949402e+02, 7.79142559e-01, 8.95783936e+02, 3.98103943e+02,
       5.34642577e-01, 9.07570068e+02, 4.76611084e+02, 2.05536425e-01,
       0., 0., 0., 0., 0., 0., 0., 0., 0., 0., 0., 0., 0., 0., 0., 0.,
       0., 0. ]
