%YAML:1.0
---
pose_0: !!opencv-matrix
   rows: 1
   cols: 25
   dt: "3f"
   data: [ 9.35051270e+02, 3.04114746e+02, 8.18973839e-01,
       8.19413025e+02, 2.88530396e+02, 6.33435726e-01, 8.23296936e+02,
       2.10069336e+02, 6.59922779e-01, 7.11649231e+02, 1.21972626e+02,
       8.02822053e-01, 7.09740234e+02, 1.96346497e+02, 8.42869878e-01,
       8.05720764e+02, 3.80562683e+02, 4.40614223e-01, 6.64665039e+02,
       4.17832886e+02, 6.85862839e-01, 6.97954285e+02, 3.66901337e+02,
       7.96726227e-01, 5.49057495e+02, 2.94357147e+02, 2.79095709e-01,
       5.49071716e+02, 2.55187607e+02, 3.85823041e-01, 3.68835815e+02,
       2.57142609e+02, 2.47763380e-01, 1.90537582e+02, 2.80673340e+02,
       2.90199757e-01, 5.47095520e+02, 3.39419067e+02, 2.32993782e-01,
       3.92320465e+02, 3.62931732e+02, 8.49014074e-02, 1.55273010e+02,
       3.37486450e+02, 1.76998347e-01, 9.46645325e+02, 2.76800507e+02,
       8.55575085e-01, 9.50677002e+02, 3.15916168e+02, 7.18932271e-01,
       9.15381042e+02, 2.51281693e+02, 5.00146329e-01, 9.38927551e+02,
       3.43377319e+02, 6.87742457e-02, 1.02431725e+02, 3.64876801e+02,
       5.40577210e-02, 1.06271698e+02, 3.66871979e+02, 7.48410076e-02,
       1.02393227e+02, 3.53163483e+02, 8.44456404e-02, 1.08228668e+02,
       2.35620468e+02, 1.65022522e-01, 1.06278343e+02, 2.33671204e+02,
       1.45138472e-01, 1.76800034e+02, 2.82597443e+02, 1.64841607e-01 ]
