%YAML:1.0
---
pose_0: !!opencv-matrix
   rows: 1
   cols: 25
   dt: "3f"
   data: [ 8.74301819e+02, 3.45302734e+02, 7.18101084e-01,
       7.72418091e+02, 2.76741455e+02, 5.01451075e-01, 7.80265991e+02,
       2.47355118e+02, 6.25772834e-01, 6.51013306e+02, 2.19930099e+02,
       7.07769394e-01, 5.76473755e+02, 3.41423248e+02, 5.36832035e-01,
       7.50849365e+02, 3.12018829e+02, 2.44688004e-01, 6.86178711e+02,
       3.33557800e+02, 8.09164643e-02, 0., 0., 0., 0., 0., 0., 0., 0.,
       0., 0., 0., 0., 0., 0., 0., 0., 0., 0., 0., 0., 0., 0., 0., 0.,
       8.89925171e+02, 3.27671692e+02, 7.72270977e-01, 0., 0., 0.,
       8.72364868e+02, 2.82581085e+02, 8.27476203e-01, 0., 0., 0., 0.,
       0., 0., 0., 0., 0., 0., 0., 0., 0., 0., 0., 0., 0., 0., 0., 0.,
       0. ]
