%YAML:1.0
---
pose_0: !!opencv-matrix
   rows: 1
   cols: 25
   dt: "3f"
   data: [ 8.99708862e+02, 3.08066467e+02, 8.09153557e-01,
       8.01785217e+02, 2.59169312e+02, 5.53664505e-01, 8.05682251e+02,
       2.39510300e+02, 7.42536843e-01, 7.03809509e+02, 2.68861176e+02,
       7.40285158e-01, 7.23421143e+02, 4.25604309e+02, 6.65417552e-01,
       7.95936829e+02, 2.90464111e+02, 2.84131438e-01, 0., 0., 0., 0.,
       0., 0., 5.56871948e+02, 2.70881653e+02, 3.63098919e-01,
       5.54943787e+02, 2.41424728e+02, 3.69662553e-01, 4.11925690e+02,
       2.64991669e+02, 2.29240909e-01, 3.13963776e+02, 2.92459717e+02,
       1.71262786e-01, 5.51038818e+02, 3.02195129e+02, 3.54056180e-01,
       4.25622589e+02, 3.37536926e+02, 1.58060178e-01, 1.02374008e+02,
       2.55179596e+02, 6.64174408e-02, 9.05658081e+02, 2.84537781e+02,
       7.31154680e-01, 9.13479065e+02, 3.08050201e+02, 5.36307156e-01,
       8.72393127e+02, 2.45364334e+02, 8.36184978e-01, 0., 0., 0., 0.,
       0., 0., 0., 0., 0., 0., 0., 0., 0., 0., 0., 0., 0., 0., 0., 0.,
       0. ]
