%YAML:1.0
---
pose_0: !!opencv-matrix
   rows: 1
   cols: 25
   dt: "3f"
   data: [ 9.09543884e+02, 4.29530487e+02, 7.86160052e-01,
       8.13531677e+02, 4.66764587e+02, 6.64784849e-01, 7.88072815e+02,
       4.15863037e+02, 6.93623960e-01, 7.41054565e+02, 4.08018768e+02,
       3.47157031e-01, 6.80371643e+02, 2.88447540e+02, 1.08823031e-01,
       8.37018982e+02, 5.23573242e+02, 7.16746509e-01, 7.45051880e+02,
       4.13897888e+02, 6.01941466e-01, 6.82278076e+02, 2.88553558e+02,
       7.58331835e-01, 5.52961914e+02, 5.17696045e+02, 1.35286763e-01,
       5.68655151e+02, 4.82460999e+02, 1.08116992e-01, 3.78636780e+02,
       3.70804352e+02, 6.33494973e-01, 1.84651123e+02, 4.45180359e+02,
       4.93862242e-01, 5.47088379e+02, 5.49055603e+02, 1.34392977e-01,
       5.09959320e+02, 4.09919678e+02, 1.51551634e-01, 0., 0., 0.,
       9.15308899e+02, 4.13941650e+02, 8.53102922e-01, 9.19330383e+02,
       4.45235962e+02, 8.49239349e-01, 8.84070007e+02, 4.08027832e+02,
       3.19491208e-01, 9.05629333e+02, 4.78635803e+02, 7.57503986e-01,
       0., 0., 0., 0., 0., 0., 0., 0., 0., 1.61159866e+02,
       4.62892334e+02, 9.67243761e-02, 1.63125839e+02, 4.60871338e+02,
       1.08126730e-01, 1.65071152e+02, 4.47199219e+02, 3.93164665e-01 ]
