%YAML:1.0
---
pose_0: !!opencv-matrix
   rows: 1
   cols: 25
   dt: "3f"
   data: [ 9.58531860e+02, 2.92478424e+02, 7.67574728e-01,
       8.39065857e+02, 2.72801056e+02, 5.46128035e-01, 8.52690857e+02,
       1.86599548e+02, 6.52909279e-01, 7.15641113e+02, 1.18076134e+02,
       7.62627542e-01, 7.80261108e+02, 2.41411728e+02, 7.40016341e-01,
       8.23324707e+02, 3.57055786e+02, 4.27373886e-01, 7.72392273e+02,
       4.06049713e+02, 7.07623139e-02, 0., 0., 0., 5.94117615e+02,
       2.82606659e+02, 9.52709541e-02, 5.80409973e+02, 2.49306396e+02,
       1.14001386e-01, 3.53155334e+02, 3.21796173e+02, 8.51123780e-02,
       1.55257996e+02, 3.04128601e+02, 1.84602052e-01, 0., 0., 0., 0.,
       0., 0., 0., 0., 0., 9.64479309e+02, 2.61140381e+02,
       8.26382279e-01, 9.76164612e+02, 3.04250366e+02, 8.35787117e-01,
       9.40909363e+02, 2.27842957e+02, 5.26815057e-01, 0., 0., 0., 0.,
       0., 0., 0., 0., 0., 0., 0., 0., 9.45381622e+01, 3.49187286e+02,
       8.07630420e-02, 9.64940109e+01, 3.49163422e+02, 6.24788217e-02,
       0., 0., 0. ]
