%YAML:1.0
---
pose_0: !!opencv-matrix
   rows: 1
   cols: 25
   dt: "3f"
   data: [ 9.68323853e+02, 2.27800568e+02, 7.95159042e-01,
       8.48769470e+02, 2.59148621e+02, 6.40256643e-01, 8.29180481e+02,
       1.76790924e+02, 5.91541350e-01, 6.78352539e+02, 1.27797188e+02,
       7.47236609e-01, 5.74524353e+02, 1.16171036e+02, 8.52930009e-01,
       8.60535156e+02, 3.45314178e+02, 6.14550471e-01, 7.31262634e+02,
       4.00154633e+02, 6.83026731e-01, 5.90214111e+02, 3.84541748e+02,
       7.86859691e-01, 5.86262146e+02, 2.76772614e+02, 2.40545556e-01,
       5.80395569e+02, 2.37546051e+02, 3.61408114e-01, 3.72732758e+02,
       2.57147308e+02, 1.43383756e-01, 0., 0., 0., 5.92154541e+02,
       3.37476471e+02, 1.86489493e-01, 0., 0., 0., 0., 0., 0.,
       9.78062378e+02, 2.10099350e+02, 9.06669378e-01, 9.83997559e+02,
       2.45416473e+02, 7.62156427e-01, 9.50647644e+02, 1.88540268e+02,
       6.07040405e-01, 9.64397339e+02, 2.74691467e+02, 3.25838953e-01,
       0., 0., 0., 0., 0., 0., 0., 0., 0., 0., 0., 0., 0., 0., 0., 0.,
       0., 0. ]
