%YAML:1.0
---
pose_0: !!opencv-matrix
   rows: 1
   cols: 25
   dt: "3f"
   data: [ 8.78153870e+02, 1.29727158e+02, 7.45015860e-01,
       7.64591003e+02, 1.23943451e+02, 6.69722140e-01, 7.58670654e+02,
       4.95046196e+01, 6.82722747e-01, 6.54847229e+02, 4.39195585e+00,
       5.98698974e-01, 0., 0., 0., 7.72335876e+02, 1.96450607e+02,
       6.00397944e-01, 6.74408508e+02, 2.74807983e+02, 8.04164529e-01,
       7.72348938e+02, 2.66916656e+02, 6.27259672e-01, 5.47088806e+02,
       1.25894409e+02, 2.58103698e-01, 5.45128113e+02, 8.27442245e+01,
       3.64802927e-01, 3.62920502e+02, 9.06128464e+01, 1.52783409e-01,
       0., 0., 0., 5.45144165e+02, 1.78732834e+02, 3.21395755e-01,
       3.21785919e+02, 2.10149094e+02, 2.27786168e-01, 1.76819702e+02,
       2.27692810e+02, 9.16401893e-02, 8.86044434e+02, 1.06309906e+02,
       8.51477385e-01, 8.84022217e+02, 1.39634171e+02, 7.31974900e-01,
       8.64469971e+02, 8.46344223e+01, 6.44395590e-01, 8.68365051e+02,
       1.61135941e+02, 1.97162896e-01, 0., 0., 0., 0., 0., 0., 0., 0.,
       0., 0., 0., 0., 0., 0., 0., 0., 0., 0. ]
