%YAML:1.0
---
pose_0: !!opencv-matrix
   rows: 1
   cols: 25
   dt: "3f"
   data: [ 9.07587402e+02, 2.88534637e+02, 7.84271955e-01,
       7.90029785e+02, 2.82611542e+02, 6.06564760e-01, 7.91989868e+02,
       1.96347000e+02, 7.26470053e-01, 6.68549744e+02, 1.51406082e+02,
       7.07651913e-01, 5.70534302e+02, 1.74878082e+02, 8.04018974e-01,
       7.76361633e+02, 3.68754425e+02, 6.55087352e-01, 6.58758362e+02,
       4.29594452e+02, 6.63559735e-01, 6.74454773e+02, 4.04068695e+02,
       2.90132523e-01, 5.19674744e+02, 2.88464752e+02, 2.20742971e-01,
       5.19673157e+02, 2.49315170e+02, 2.94662029e-01, 3.98210938e+02,
       2.70854462e+02, 6.97118863e-02, 1.06283981e+02, 3.17890747e+02,
       6.22087643e-02, 5.11846649e+02, 3.37481445e+02, 1.57259271e-01,
       3.45295532e+02, 3.51182648e+02, 1.08248547e-01, 1.19992172e+02,
       3.10037109e+02, 7.57399574e-02, 9.15372864e+02, 2.70787842e+02,
       8.37043166e-01, 9.17335022e+02, 3.04150330e+02, 8.22446644e-01,
       8.86085876e+02, 2.43501556e+02, 7.04259038e-01, 9.03642578e+02,
       3.19891205e+02, 2.26374760e-01, 0., 0., 0., 0., 0., 0., 0., 0.,
       0., 6.51475754e+01, 3.60956299e+02, 1.12394243e-01,
       6.70715027e+01, 3.55103149e+02, 1.14093214e-01, 0., 0., 0. ]
