%YAML:1.0
---
pose_0: !!opencv-matrix
   rows: 1
   cols: 25
   dt: "3f"
   data: [ 9.03644409e+02, 3.51098206e+02, 7.73036480e-01,
       7.95910950e+02, 3.37496887e+02, 6.87132478e-01, 7.92033203e+02,
       2.59124451e+02, 6.65329993e-01, 6.86237854e+02, 1.82742294e+02,
       7.72377849e-01, 6.54853882e+02, 2.25746048e+02, 8.35899413e-01,
       7.90053650e+02, 4.13899048e+02, 6.00655496e-01, 6.80279846e+02,
       4.88283081e+02, 7.95604706e-01, 7.76413269e+02, 4.82419220e+02,
       7.78679132e-01, 5.49051514e+02, 3.29625610e+02, 2.58261919e-01,
       5.45133911e+02, 2.86525787e+02, 3.12315881e-01, 3.41399384e+02,
       3.08104858e+02, 2.31211200e-01, 1.51370667e+02, 3.06065918e+02,
       3.46559227e-01, 5.41225403e+02, 3.68812134e+02, 1.68534487e-01,
       3.51133789e+02, 4.43266022e+02, 2.66369343e-01, 1.55272476e+02,
       5.21654358e+02, 2.87450194e-01, 9.15467712e+02, 3.23801971e+02,
       8.46483231e-01, 9.19348267e+02, 3.64872894e+02, 7.94226408e-01,
       8.88049927e+02, 2.94407440e+02, 6.07682228e-01, 9.13393188e+02,
       3.84382599e+02, 8.14081877e-02, 1.12149948e+02, 5.68656982e+02,
       2.68630803e-01, 1.14140472e+02, 5.68614929e+02, 2.98705697e-01,
       1.31717987e+02, 5.09845306e+02, 1.90065071e-01, 1.14140121e+02,
       3.02219299e+02, 9.24220085e-02, 1.18048447e+02, 3.00239777e+02,
       9.34871584e-02, 1.47403030e+02, 3.06175751e+02, 2.41079167e-01 ]
