%YAML:1.0
---
pose_0: !!opencv-matrix
   rows: 1
   cols: 25
   dt: "3f"
   data: [ 9.21277710e+02, 2.31691391e+02, 7.18784630e-01,
       8.50790222e+02, 3.04108887e+02, 5.79190969e-01, 8.52763550e+02,
       2.90469177e+02, 3.94953966e-01, 0., 0., 0., 0., 0., 0.,
       8.52703003e+02, 3.25724060e+02, 4.50683266e-01, 7.11643127e+02,
       2.82601257e+02, 4.88343090e-01, 8.05652893e+02, 1.96419632e+02,
       4.13198948e-01, 6.95971558e+02, 3.02193573e+02, 1.36448413e-01,
       0., 0., 0., 0., 0., 0., 0., 0., 0., 0., 0., 0., 0., 0., 0., 0.,
       0., 0., 9.33041199e+02, 2.27683380e+02, 7.49400377e-01,
       9.46687134e+02, 2.53255081e+02, 8.54781091e-01, 0., 0., 0.,
       9.31026794e+02, 3.04203918e+02, 8.71376634e-01, 0., 0., 0., 0.,
       0., 0., 0., 0., 0., 0., 0., 0., 0., 0., 0., 0., 0., 0. ]
