%YAML:1.0
---
pose_0: !!opencv-matrix
   rows: 1
   cols: 25
   dt: "3f"
   data: [ 9.19295044e+02, 2.74776489e+02, 8.33181143e-01,
       8.07651306e+02, 2.90423950e+02, 6.89882159e-01, 7.99789856e+02,
       2.10182648e+02, 6.85850501e-01, 6.68597595e+02, 1.86609863e+02,
       6.68735623e-01, 5.92184082e+02, 1.80783585e+02, 8.38163793e-01,
       8.15523926e+02, 3.74721130e+02, 6.10039115e-01, 6.96013489e+02,
       4.27624664e+02, 7.46676803e-01, 5.62796265e+02, 4.76505371e+02,
       7.84674048e-01, 5.39280212e+02, 3.15900024e+02, 2.46137634e-01,
       5.33382263e+02, 2.68899323e+02, 2.72072375e-01, 3.62924622e+02,
       2.82606873e+02, 9.01027694e-02, 0., 0., 0., 5.39260681e+02,
       3.62956573e+02, 2.32562885e-01, 3.68780823e+02, 3.80555359e+02,
       2.83642054e-01, 0., 0., 0., 9.30991455e+02, 2.57080566e+02,
       8.84057105e-01, 9.33112305e+02, 2.90481262e+02, 8.55287135e-01,
       9.03647827e+02, 2.33674973e+02, 6.53202415e-01, 9.27163025e+02,
       3.15871704e+02, 2.98268259e-01, 0., 0., 0., 0., 0., 0., 0., 0.,
       0., 0., 0., 0., 0., 0., 0., 0., 0., 0. ]
