%YAML:1.0
---
pose_0: !!opencv-matrix
   rows: 1
   cols: 25
   dt: "3f"
   data: [ 9.19330017e+02, 1.92495071e+02, 7.30709612e-01,
       8.52689392e+02, 2.90419250e+02, 4.66514230e-01, 8.62501831e+02,
       3.06081421e+02, 3.80458117e-01, 7.60647644e+02, 2.72853943e+02,
       9.95433629e-02, 0., 0., 0., 8.52690796e+02, 2.82590424e+02,
       4.10774231e-01, 7.27399597e+02, 2.47331131e+02, 6.46823943e-01,
       6.46974121e+02, 1.63150925e+02, 8.11970651e-01, 5.35342041e+02,
       3.15912689e+02, 1.45950347e-01, 5.19666199e+02, 2.90428619e+02,
       1.44121706e-01, 2.90490204e+02, 2.78721680e+02, 1.45785734e-01,
       8.47188187e+01, 3.76670929e+02, 1.63284004e-01, 5.33383484e+02,
       3.53143524e+02, 1.03480592e-01, 2.92419312e+02, 2.90470123e+02,
       2.07874939e-01, 8.27968521e+01, 3.76666016e+02, 4.03132349e-01,
       9.46639343e+02, 1.94419815e+02, 1.00804098e-01, 9.44820496e+02,
       2.06163605e+02, 7.90538192e-01, 0., 0., 0., 9.34974854e+02,
       2.66965393e+02, 7.82420516e-01, 3.76560555e+01, 4.02111298e+02,
       1.87961206e-01, 4.16720200e+01, 4.06032227e+02, 2.10507393e-01,
       5.73284035e+01, 3.84515991e+02, 2.27417693e-01, 4.16607857e+01,
       4.04067902e+02, 1.04647920e-01, 3.97256050e+01, 3.98257843e+02,
       8.60551521e-02, 0., 0., 0. ]
