%YAML:1.0
---
pose_0: !!opencv-matrix
   rows: 1
   cols: 25
   dt: "3f"
   data: [ 9.13430542e+02, 3.02161926e+02, 7.72122920e-01,
       8.03699646e+02, 3.21766724e+02, 6.82264209e-01, 7.88056641e+02,
       2.53257294e+02, 6.43687367e-01, 6.54860596e+02, 2.27766800e+02,
       1.96811244e-01, 5.66686890e+02, 2.12045639e+02, 1.87978312e-01,
       8.13557129e+02, 3.88431458e+02, 6.30644083e-01, 7.09664185e+02,
       4.00085785e+02, 8.21758151e-01, 6.82351929e+02, 2.68928192e+02,
       7.46343732e-01, 5.54946960e+02, 3.23778168e+02, 1.55444548e-01,
       5.54902588e+02, 2.88513702e+02, 2.40987033e-01, 5.07912903e+02,
       2.72778564e+02, 1.48933172e-01, 3.66870422e+02, 2.92398438e+02,
       1.31296411e-01, 5.54926514e+02, 3.84499298e+02, 1.53710753e-01,
       3.72724182e+02, 4.04104126e+02, 2.21877381e-01, 1.70931854e+02,
       4.37395782e+02, 1.69715002e-01, 9.17297913e+02, 2.84580200e+02,
       7.83114612e-01, 9.25207275e+02, 3.10024506e+02, 7.47158766e-01,
       8.72354614e+02, 2.66973083e+02, 4.11501467e-01, 9.07590881e+02,
       3.37465302e+02, 3.83604765e-01, 1.08301117e+02, 4.51090027e+02,
       5.37368618e-02, 0., 0., 0., 0., 0., 0., 0., 0., 0., 0., 0., 0.,
       0., 0., 0. ]
