%YAML:1.0
---
pose_0: !!opencv-matrix
   rows: 1
   cols: 25
   dt: "3f"
   data: [ 8.76244446e+02, 2.27769348e+02, 7.57008016e-01,
       7.76395569e+02, 2.41403397e+02, 7.00726449e-01, 7.72342529e+02,
       1.65101044e+02, 7.11257637e-01, 6.29359558e+02, 1.31758743e+02,
       7.87976623e-01, 5.39293335e+02, 1.33648956e+02, 8.51635396e-01,
       7.89976379e+02, 3.19875275e+02, 7.13578641e-01, 6.98039673e+02,
       3.66925629e+02, 8.61567974e-01, 6.82319397e+02, 3.04242767e+02,
       8.46629143e-01, 5.09872040e+02, 2.61053497e+02, 3.52348983e-01,
       5.09910645e+02, 2.17952194e+02, 3.61355096e-01, 3.31587402e+02,
       2.41541397e+02, 6.12326026e-01, 0., 0., 0., 5.13801575e+02,
       3.06168549e+02, 3.56036156e-01, 3.51175354e+02, 3.17866150e+02,
       1.35352075e-01, 3.19801270e+02, 2.96315430e+02, 1.00290507e-01,
       8.84138062e+02, 2.12010498e+02, 9.06449795e-01, 8.95823730e+02,
       2.45359955e+02, 8.01177502e-01, 8.62488708e+02, 1.92525406e+02,
       6.64157391e-01, 8.84118591e+02, 2.70819122e+02, 4.54941213e-01,
       0., 0., 0., 0., 0., 0., 0., 0., 0., 0., 0., 0., 0., 0., 0., 0.,
       0., 0. ]
