%YAML:1.0
---
pose_0: !!opencv-matrix
   rows: 1
   cols: 25
   dt: "3f"
   data: [ 8.99808289e+02, 2.51242569e+02, 8.26807618e-01,
       8.33137085e+02, 2.12141647e+02, 4.09283906e-01, 8.39032715e+02,
       1.63095078e+02, 5.79055429e-01, 7.97896240e+02, 1.18132706e+02,
       7.53212810e-01, 8.21300598e+02, 2.68926819e+02, 7.76773632e-01,
       8.19418335e+02, 2.53198471e+02, 1.56963959e-01, 0., 0., 0., 0.,
       0., 0., 5.27501282e+02, 2.70858551e+02, 5.46123795e-02,
       5.15741333e+02, 2.53218018e+02, 5.32204211e-02, 3.51209137e+02,
       3.31554626e+02, 4.02595162e-01, 1.72904312e+02, 3.59049774e+02,
       4.52183276e-01, 0., 0., 0., 0., 0., 0., 0., 0., 0.,
       9.09561279e+02, 2.27760117e+02, 8.56753886e-01, 9.17401001e+02,
       2.59103729e+02, 8.41533959e-01, 8.91925903e+02, 1.96421448e+02,
       6.58097625e-01, 0., 0., 0., 0., 0., 0., 0., 0., 0., 0., 0., 0.,
       1.45476822e+02, 4.13866943e+02, 3.37489963e-01, 1.39585861e+02,
       4.06040558e+02, 2.74441600e-01, 1.49424377e+02, 3.47235779e+02,
       3.66181374e-01 ]
