%YAML:1.0
---
pose_0: !!opencv-matrix
   rows: 1
   cols: 25
   dt: "3f"
   data: [ 8.95821472e+02, 4.86382660e+02, 8.00788879e-01,
       7.78322937e+02, 4.96195648e+02, 6.79849267e-01, 7.74378540e+02,
       4.23675720e+02, 6.62454069e-01, 6.98052795e+02, 3.33568970e+02,
       7.69675255e-01, 7.25307617e+02, 2.25796417e+02, 6.30650282e-01,
       7.82171875e+02, 5.74578186e+02, 5.96284866e-01, 6.82229980e+02,
       6.05875671e+02, 8.01208377e-01, 5.58827698e+02, 6.45013489e+02,
       7.66279101e-01, 5.43206848e+02, 4.92241272e+02, 2.41821423e-01,
       5.50997620e+02, 4.49143372e+02, 3.68529022e-01, 3.29645813e+02,
       4.15900055e+02, 3.12492579e-01, 1.80747223e+02, 3.70837921e+02,
       2.67754585e-01, 5.49050720e+02, 5.39231873e+02, 1.93881571e-01,
       4.39339600e+02, 5.72560181e+02, 6.91281334e-02, 0., 0., 0.,
       8.99672852e+02, 4.68761444e+02, 8.72834146e-01, 9.07540649e+02,
       4.96135651e+02, 7.54239321e-01, 8.68426941e+02, 4.51089996e+02,
       6.49951875e-01, 8.85966492e+02, 5.23543518e+02, 2.91603446e-01,
       0., 0., 0., 0., 0., 0., 0., 0., 0., 0., 0., 0., 0., 0., 0.,
       1.74846878e+02, 3.68844757e+02, 2.15128779e-01 ]
