%YAML:1.0
---
pose_0: !!opencv-matrix
   rows: 1
   cols: 25
   dt: "3f"
   data: [ 9.95749268e+02, 3.49246613e+02, 8.61113131e-01,
       8.95824097e+02, 3.06128235e+02, 4.88578558e-01, 9.11515686e+02,
       2.31675827e+02, 4.83818442e-01, 8.21289856e+02, 1.37653275e+02,
       7.35413373e-01, 8.68304565e+02, 2.43508453e+02, 7.37040043e-01,
       8.78215881e+02, 3.92317749e+02, 4.95517284e-01, 8.21276978e+02,
       5.11823273e+02, 7.12765872e-01, 8.74240601e+02, 4.94230682e+02,
       7.96595752e-01, 0., 0., 0., 0., 0., 0., 0., 0., 0., 0., 0., 0.,
       0., 0., 0., 0., 0., 0., 0., 0., 0., 1.01924194e+03,
       3.17901001e+02, 7.82226443e-01, 1.01334222e+03, 3.66778412e+02,
       7.24260449e-01, 9.93762939e+02, 2.61036255e+02, 4.54059571e-01,
       0., 0., 0., 0., 0., 0., 0., 0., 0., 0., 0., 0., 0., 0., 0., 0.,
       0., 0., 0., 0., 0. ]
