%YAML:1.0
---
pose_0: !!opencv-matrix
   rows: 1
   cols: 25
   dt: "3f"
   data: [ 9.17430969e+02, 3.62949127e+02, 7.80586243e-01,
       8.37017090e+02, 3.04131683e+02, 3.51525962e-01, 8.42921570e+02,
       2.78694427e+02, 7.02973485e-01, 7.72365356e+02, 3.76624054e+02,
       7.35465646e-01, 837., 4.51149078e+02, 7.73770094e-01,
       8.19417419e+02, 3.27685913e+02, 1.44125193e-01, 7.11648499e+02,
       4.15784027e+02, 8.46663773e-01, 7.90001160e+02, 4.60903107e+02,
       7.14887977e-01, 5.56900269e+02, 2.92445282e+02, 2.44183570e-01,
       5.52950134e+02, 2.66920746e+02, 2.88555592e-01, 4.11893311e+02,
       3.10029572e+02, 1.26255825e-01, 1.33730957e+02, 3.31579193e+02,
       1.83048531e-01, 5.47082642e+02, 3.25727692e+02, 2.00157747e-01,
       3.53149231e+02, 3.62939453e+02, 1.57146379e-01, 1.35675751e+02,
       3.37460999e+02, 2.35712543e-01, 9.33029968e+02, 3.35582947e+02,
       8.08489442e-01, 9.36953064e+02, 3.68804901e+02, 7.69142032e-01,
       9.15366699e+02, 2.98274109e+02, 8.15503776e-01, 0., 0., 0., 0.,
       0., 0., 0., 0., 0., 9.06213760e+01, 3.53134125e+02,
       1.44712359e-01, 0., 0., 0., 0., 0., 0., 0., 0., 0. ]
