%YAML:1.0
---
pose_0: !!opencv-matrix
   rows: 1
   cols: 25
   dt: "3f"
   data: [ 9.25217651e+02, 2.39529800e+02, 7.26315379e-01,
       8.23339600e+02, 2.84553101e+02, 6.96392477e-01, 8.05755127e+02,
       2.00346451e+02, 6.52250946e-01, 6.99899719e+02, 1.82748444e+02,
       2.75519520e-01, 6.58740906e+02, 1.78725250e+02, 6.00797355e-01,
       8.33155273e+02, 3.64912903e+02, 6.21512532e-01, 7.13552612e+02,
       4.33529694e+02, 7.55099118e-01, 7.01883423e+02, 3.15918182e+02,
       4.25725847e-01, 5.27503235e+02, 3.04169708e+02, 1.59490198e-01,
       5.43180908e+02, 2.55135971e+02, 2.63862580e-01, 3.15909546e+02,
       2.64999146e+02, 1.75988734e-01, 0., 0., 0., 5.33370483e+02,
       3.64891388e+02, 1.91183567e-01, 3.37463348e+02, 3.64915527e+02,
       1.00107707e-01, 0., 0., 0., 9.32979614e+02, 2.14116028e+02,
       7.86494315e-01, 9.48675110e+02, 2.57145447e+02, 8.95872176e-01,
       9.11453552e+02, 2.00367142e+02, 2.50759333e-01, 9.36949341e+02,
       2.90424988e+02, 4.23360616e-01, 0., 0., 0., 0., 0., 0., 0., 0.,
       0., 0., 0., 0., 0., 0., 0., 0., 0., 0. ]
