%YAML:1.0
---
pose_0: !!opencv-matrix
   rows: 1
   cols: 25
   dt: "3f"
   data: [ 9.40868469e+02, 2.41378738e+02, 7.24228561e-01,
       8.62500488e+02, 3.12014771e+02, 5.61273277e-01, 8.42926758e+02,
       2.88467102e+02, 3.65354180e-01, 7.29295105e+02, 2.74820801e+02,
       1.25962406e-01, 6.45048767e+02, 2.57093384e+02, 4.18625921e-01,
       8.74291504e+02, 3.39405792e+02, 5.73252082e-01, 7.31316223e+02,
       3.72707520e+02, 6.58844888e-01, 6.11749573e+02, 2.66950165e+02,
       6.01296306e-01, 6.05872314e+02, 3.33543030e+02, 1.07793555e-01,
       0., 0., 0., 0., 0., 0., 0., 0., 0., 6.05892212e+02,
       3.19831451e+02, 1.11851767e-01, 3.62937012e+02, 2.33650742e+02,
       4.43366259e-01, 1.70931870e+02, 4.00152649e+02, 5.80574349e-02,
       9.52662109e+02, 2.33663849e+02, 4.85313356e-01, 9.62499756e+02,
       2.57134827e+02, 8.72026026e-01, 0., 0., 0., 9.50683044e+02,
       3.08112061e+02, 8.06912422e-01, 0., 0., 0., 0., 0., 0., 0., 0.,
       0., 0., 0., 0., 0., 0., 0., 0., 0., 0. ]
