%YAML:1.0
---
pose_0: !!opencv-matrix
   rows: 1
   cols: 25
   dt: "3f"
   data: [ 9.79987488e+02, 2.72898560e+02, 8.62394392e-01,
       8.33132141e+02, 2.92437653e+02, 5.62472939e-01, 8.19364258e+02,
       1.98352982e+02, 6.27638042e-01, 6.64650024e+02, 1.53294632e+02,
       6.81577325e-01, 5.56898193e+02, 1.39617416e+02, 7.43621349e-01,
       8.46811340e+02, 3.88379028e+02, 6.02583289e-01, 7.33235046e+02,
       4.70659210e+02, 7.32573152e-01, 6.52869934e+02, 4.15779663e+02,
       6.60432875e-01, 5.60809631e+02, 2.90477661e+02, 1.98483542e-01,
       5.51003357e+02, 2.49297165e+02, 2.88013697e-01, 3.39436279e+02,
       2.86517822e+02, 3.03442329e-01, 0., 0., 0., 5.70588257e+02,
       3.49200745e+02, 2.09645107e-01, 4.02127869e+02, 3.76675720e+02,
       5.53995706e-02, 0., 0., 0., 9.82000305e+02, 2.51270599e+02,
       8.24896336e-01, 9.93689636e+02, 2.88525818e+02, 8.66470218e-01,
       9.46778442e+02, 2.25726929e+02, 5.00906050e-01, 9.66396851e+02,
       3.19760010e+02, 2.47773349e-01, 0., 0., 0., 0., 0., 0., 0., 0.,
       0., 0., 0., 0., 0., 0., 0., 0., 0., 0. ]
