%YAML:1.0
---
pose_0: !!opencv-matrix
   rows: 1
   cols: 25
   dt: "3f"
   data: [ 8.76260620e+02, 1.84644104e+02, 7.11821496e-01,
       7.74394714e+02, 1.92481445e+02, 6.92189217e-01, 7.68482788e+02,
       1.16106209e+02, 7.04184473e-01, 6.50955078e+02, 8.86485214e+01,
       8.13095272e-01, 5.96080505e+02, 1.16169296e+02, 8.11870933e-01,
       7.76357483e+02, 2.72797943e+02, 6.80957675e-01, 6.68606201e+02,
       3.19823059e+02, 8.03912997e-01, 5.62759338e+02, 3.37410828e+02,
       8.11299264e-01, 5.23560059e+02, 2.21861893e+02, 3.25907320e-01,
       5.25587036e+02, 1.78786545e+02, 3.39555115e-01, 4.92281464e+02,
       1.33728210e+02, 4.42240119e-01, 3.37500458e+02, 1.78735458e+02,
       4.55022633e-01, 5.21644043e+02, 2.61063324e+02, 3.45277250e-01,
       3.21827209e+02, 2.98285187e+02, 2.07327142e-01, 1.43488113e+02,
       3.27693085e+02, 2.41374418e-01, 8.86070435e+02, 1.65164474e+02,
       8.33482921e-01, 8.88019287e+02, 1.98404602e+02, 8.10485125e-01,
       8.66453430e+02, 1.47490387e+02, 5.06384254e-01, 8.70339722e+02,
       2.25742310e+02, 5.08596063e-01, 1.00445480e+02, 3.88390381e+02,
       2.19521627e-01, 1.00447701e+02, 3.86456299e+02, 2.15714991e-01,
       1.16128311e+02, 3.15899506e+02, 2.08518252e-01, 2.86520691e+02,
       1.65097168e+02, 5.01603596e-02, 0., 0., 0., 3.25708405e+02,
       1.82746277e+02, 1.82480901e-01 ]
