%YAML:1.0
---
pose_0: !!opencv-matrix
   rows: 1
   cols: 25
   dt: "3f"
   data: [ 8.58581665e+02, 1.55266022e+02, 7.66552627e-01,
       7.76273315e+02, 1.17997292e+02, 7.03952789e-01, 7.78254639e+02,
       5.14407921e+01, 6.06578112e-01, 7.92000366e+02, 5.34090328e+00,
       8.70990753e-02, 0., 0., 0., 7.76254272e+02, 1.80716904e+02,
       5.33807814e-01, 8.07613159e+02, 2.55162613e+02, 7.73569822e-01,
       8.84046631e+02, 3.19767303e+02, 8.52334023e-01, 5.49053528e+02,
       1.65053864e+02, 1.44448534e-01, 5.41211853e+02, 1.18017616e+02,
       1.36067301e-01, 3.49233459e+02, 2.14093323e+02, 1.12807274e-01,
       1.47393677e+02, 2.25766190e+02, 3.37764800e-01, 5.47093201e+02,
       2.08159348e+02, 1.47615165e-01, 3.43353027e+02, 2.19889709e+02,
       1.76115930e-01, 1.45475189e+02, 2.19905472e+02, 2.51743495e-01,
       8.70445679e+02, 1.33647842e+02, 8.15593004e-01, 8.78171082e+02,
       1.57245300e+02, 6.76128268e-01, 8.52785889e+02, 9.25551071e+01,
       8.37936521e-01, 0., 0., 0., 8.67905426e+01, 2.72810242e+02,
       1.89947426e-01, 0., 0., 0., 1.18030495e+02, 2.02271271e+02,
       1.59990728e-01, 9.25950317e+01, 2.72852844e+02, 3.28414530e-01,
       9.25756760e+01, 2.70835480e+02, 2.80526042e-01, 1.20015450e+02,
       2.10114517e+02, 1.80276915e-01 ]
