%YAML:1.0
---
pose_0: !!opencv-matrix
   rows: 1
   cols: 25
   dt: "3f"
   data: [ 8.99771118e+02, 1.43544235e+02, 7.59359121e-01,
       8.01814331e+02, 1.63054245e+02, 6.66911066e-01, 7.88098999e+02,
       8.46890564e+01, 6.66162014e-01, 6.68553284e+02, 3.38061485e+01,
       7.40908325e-01, 6.07819275e+02, 4.36290474e+01, 7.81980157e-01,
       8.09602966e+02, 2.43371368e+02, 6.68744445e-01, 6.99889832e+02,
       2.92404755e+02, 7.34366179e-01, 5.60851379e+02, 3.37532288e+02,
       7.94253707e-01, 5.62771301e+02, 1.74865845e+02, 1.29232988e-01,
       5.54946594e+02, 1.29789322e+02, 1.25655115e-01, 5.00089417e+02,
       8.67085419e+01, 9.58594680e-02, 0., 0., 0., 5.72571899e+02,
       2.21897476e+02, 1.08803265e-01, 0., 0., 0., 0., 0., 0.,
       9.11489136e+02, 1.27799217e+02, 6.44654989e-01, 9.13455872e+02,
       1.59187836e+02, 7.78410494e-01, 8.91919434e+02, 1.00499329e+02,
       4.30369258e-01, 8.97746277e+02, 1.80722504e+02, 4.38331574e-01,
       0., 0., 0., 0., 0., 0., 0., 0., 0., 0., 0., 0., 0., 0., 0., 0.,
       0., 0. ]
