%YAML:1.0
---
pose_0: !!opencv-matrix
   rows: 1
   cols: 25
   dt: "3f"
   data: [ 9.56518677e+02, 3.08077515e+02, 7.67861784e-01,
       8.40951050e+02, 2.55181534e+02, 5.68843961e-01, 8.56637146e+02,
       1.65099884e+02, 5.83010614e-01, 7.54761597e+02, 6.90504379e+01,
       7.53485203e-01, 6.35317932e+02, 1.23895676e+02, 7.74592042e-01,
       8.33110107e+02, 3.37467377e+02, 5.77707112e-01, 7.39083252e+02,
       4.00169830e+02, 7.70544231e-01, 6.72452087e+02, 4.60981384e+02,
       7.86670506e-01, 5.60795227e+02, 2.88448578e+02, 2.67354846e-01,
       5.54920349e+02, 2.41446869e+02, 3.13759536e-01, 3.39419006e+02,
       2.55197922e+02, 3.64356101e-01, 1.27843491e+02, 2.51260056e+02,
       2.47583985e-01, 5.66678101e+02, 3.35506622e+02, 3.16281557e-01,
       3.80596710e+02, 3.84577484e+02, 5.09745598e-01, 2.06195068e+02,
       3.35430695e+02, 4.97330487e-01, 9.78073914e+02, 2.86510986e+02,
       8.08774710e-01, 9.74189697e+02, 3.17842224e+02, 6.47298932e-01,
       9.56578491e+02, 2.33615967e+02, 7.92024016e-01, 0., 0., 0.,
       1.31750488e+02, 4.00242432e+02, 3.24580193e-01, 1.35733948e+02,
       4.02166290e+02, 2.95080841e-01, 1.84648453e+02, 3.13965881e+02,
       2.69602031e-01, 8.86927490e+01, 2.47342194e+02, 1.06149837e-01,
       9.05929871e+01, 2.35597549e+02, 1.28550172e-01, 1.04342186e+02,
       2.53196915e+02, 2.06315354e-01 ]
