%YAML:1.0
---
pose_0: !!opencv-matrix
   rows: 1
   cols: 25
   dt: "3f"
   data: [ 9.36980347e+02, 1.96450287e+02, 7.88173020e-01,
       8.27245178e+02, 2.10066193e+02, 7.03306377e-01, 8.09601013e+02,
       1.25876472e+02, 6.61392450e-01, 6.80294678e+02, 1.10170334e+02,
       7.18464553e-01, 5.86302002e+02, 1.00329781e+02, 8.32280934e-01,
       8.48768616e+02, 2.90490906e+02, 6.53306007e-01, 7.70460266e+02,
       3.55101837e+02, 7.54731476e-01, 6.66631348e+02, 3.33501160e+02,
       7.86201954e-01, 5.58849182e+02, 2.14071014e+02, 2.65337974e-01,
       5.54929016e+02, 1.68991180e+02, 3.79322171e-01, 3.23741058e+02,
       2.25790405e+02, 1.91438168e-01, 3.19818329e+02, 2.25782440e+02,
       7.44402483e-02, 5.64742920e+02, 2.64997498e+02, 2.23348081e-01,
       3.45289185e+02, 2.82626465e+02, 6.14803284e-02, 3.21834564e+02,
       2.70843140e+02, 1.24926694e-01, 9.46784729e+02, 1.74881165e+02,
       8.86251509e-01, 9.52617676e+02, 2.12125412e+02, 8.15384686e-01,
       9.15461670e+02, 1.49447418e+02, 7.58410633e-01, 9.42830078e+02,
       2.37561401e+02, 3.37221503e-01, 0., 0., 0., 0., 0., 0., 0., 0.,
       0., 0., 0., 0., 0., 0., 0., 0., 0., 0. ]
