%YAML:1.0
---
pose_0: !!opencv-matrix
   rows: 1
   cols: 25
   dt: "3f"
   data: [ 8.78204895e+02, 1.96420029e+02, 8.33966315e-01,
       7.78279968e+02, 1.82737640e+02, 6.32482409e-01, 7.82179565e+02,
       1.17995834e+02, 7.18530595e-01, 7.41059692e+02, 1.68991806e+02,
       6.78516626e-01, 7.29397827e+02, 3.06171661e+02, 7.59195328e-01,
       7.68456421e+02, 2.59099426e+02, 5.17024219e-01, 7.25406677e+02,
       2.90497284e+02, 1.44133389e-01, 0., 0., 0., 5.21629028e+02,
       1.98359207e+02, 2.20243767e-01, 5.25550720e+02, 1.57250626e+02,
       2.72857904e-01, 3.49210602e+02, 1.53347443e+02, 2.40937948e-01,
       0., 0., 0., 5.11815552e+02, 2.39500671e+02, 2.50387728e-01,
       3.51170807e+02, 3.00223114e+02, 5.28998733e-01, 1.80715393e+02,
       2.45385773e+02, 4.58873957e-01, 8.84115295e+02, 1.78761124e+02,
       8.89142632e-01, 8.91885132e+02, 2.10038971e+02, 7.28920341e-01,
       8.56692810e+02, 1.57203140e+02, 6.58711791e-01, 8.70392273e+02,
       2.27781464e+02, 1.87721819e-01, 1.35668518e+02, 2.12040787e+02,
       8.32893178e-02, 1.37678909e+02, 2.14092178e+02, 9.95687172e-02,
       1.63087051e+02, 2.27801147e+02, 2.76947141e-01, 0., 0., 0., 0.,
       0., 0., 0., 0., 0. ]
