%YAML:1.0
---
pose_0: !!opencv-matrix
   rows: 1
   cols: 25
   dt: "3f"
   data: [ 9.17399048e+02, 2.10043365e+02, 7.99937189e-01,
       8.33147339e+02, 1.63069702e+02, 3.80731940e-01, 8.38953491e+02,
       1.31726608e+02, 6.71938956e-01, 7.76334290e+02, 2.57089386e+02,
       8.02312374e-01, 7.58721741e+02, 3.88384918e+02, 8.11085045e-01,
       8.31154907e+02, 1.88592941e+02, 1.88792467e-01, 7.74353210e+02,
       2.55189972e+02, 9.29788351e-02, 0., 0., 0., 0., 0., 0., 0., 0.,
       0., 0., 0., 0., 0., 0., 0., 0., 0., 0., 0., 0., 0., 0., 0., 0.,
       9.31076294e+02, 1.80829880e+02, 8.89343441e-01, 9.33017395e+02,
       2.14091110e+02, 7.81088591e-01, 8.99781921e+02, 1.45465820e+02,
       8.48984122e-01, 0., 0., 0., 0., 0., 0., 0., 0., 0., 0., 0., 0.,
       0., 0., 0., 0., 0., 0., 0., 0., 0. ]
