%YAML:1.0
---
pose_0: !!opencv-matrix
   rows: 1
   cols: 25
   dt: "3f"
   data: [ 9.25178223e+02, 3.35429443e+02, 7.71552861e-01,
       8.19388977e+02, 2.80661499e+02, 6.60488963e-01, 8.38963745e+02,
       2.12033447e+02, 6.78181469e-01, 7.15613464e+02, 1.57250458e+02,
       6.62802696e-01, 5.70577393e+02, 1.33787643e+02, 8.41007829e-01,
       7.95930115e+02, 3.47285767e+02, 5.59863210e-01, 6.98044800e+02,
       3.98193542e+02, 7.47620225e-01, 6.96056152e+02, 4.68714691e+02,
       7.08415329e-01, 5.76486694e+02, 2.68892273e+02, 2.22194746e-01,
       5.70593201e+02, 2.88466370e+02, 1.89887911e-01, 3.94285339e+02,
       3.39414093e+02, 1.40683904e-01, 0., 0., 0., 5.80395996e+02,
       2.45380264e+02, 1.68397680e-01, 3.94291107e+02, 3.21788239e+02,
       8.55437070e-02, 0., 0., 0., 9.46658508e+02, 3.04179291e+02,
       8.06350112e-01, 9.42871094e+02, 3.39442780e+02, 5.68550169e-01,
       9.29124146e+02, 2.59192108e+02, 5.86428761e-01, 0., 0., 0., 0.,
       0., 0., 0., 0., 0., 0., 0., 0., 0., 0., 0., 0., 0., 0., 0., 0.,
       0. ]
