%YAML:1.0
---
pose_0: !!opencv-matrix
   rows: 1
   cols: 25
   dt: "3f"
   data: [ 9.13443481e+02, 3.43327026e+02, 7.55958796e-01,
       8.35041199e+02, 2.74751373e+02, 4.47603375e-01, 8.46856506e+02,
       2.43476318e+02, 6.79756641e-01, 7.46996033e+02, 1.78765137e+02,
       7.74707317e-01, 6.50923401e+02, 2.76770874e+02, 5.73298633e-01,
       8.19423645e+02, 3.06156250e+02, 1.66473284e-01, 7.23408264e+02,
       3.19818085e+02, 1.53635174e-01, 6.72454895e+02, 3.90385345e+02,
       4.90612060e-01, 6.03923462e+02, 2.92432007e+02, 2.50791252e-01,
       6.03927124e+02, 2.59115631e+02, 3.07132483e-01, 4.60898438e+02,
       2.94367249e+02, 1.31402403e-01, 3.55100342e+02, 3.21768799e+02,
       1.14699863e-01, 5.86272644e+02, 3.27665253e+02, 1.80086389e-01,
       4.47179474e+02, 3.53095123e+02, 8.84336978e-02, 3.64910767e+02,
       3.62923981e+02, 5.62443137e-02, 9.31163330e+02, 3.21837463e+02,
       7.72430539e-01, 9.30999207e+02, 3.51160767e+02, 6.58856273e-01,
       9.17338501e+02, 2.74844727e+02, 9.21601415e-01, 0., 0., 0., 0.,
       0., 0., 0., 0., 0., 0., 0., 0., 0., 0., 0., 0., 0., 0., 0., 0.,
       0. ]
