%YAML:1.0
---
pose_0: !!opencv-matrix
   rows: 1
   cols: 25
   dt: "3f"
   data: [ 9.46654175e+02, 3.84484406e+02, 8.29176366e-01,
       8.41005676e+02, 3.19849701e+02, 6.16981149e-01, 8.54720520e+02,
       2.74816956e+02, 7.16958582e-01, 7.44943054e+02, 2.41479828e+02,
       8.09815168e-01, 6.50877197e+02, 3.86468933e+02, 6.28444314e-01,
       8.21408936e+02, 3.64924866e+02, 2.86164075e-01, 0., 0., 0., 0.,
       0., 0., 6.95995972e+02, 3.37433228e+02, 6.44965619e-02,
       6.90105835e+02, 3.00258606e+02, 5.29402532e-02, 0., 0., 0., 0.,
       0., 0., 7.15572205e+02, 3.64876160e+02, 8.58100802e-02, 0., 0.,
       0., 0., 0., 0., 9.62411621e+02, 3.62958344e+02, 7.64648318e-01,
       9.60505859e+02, 3.84589905e+02, 2.79526621e-01, 9.40897522e+02,
       3.17821564e+02, 8.22334170e-01, 0., 0., 0., 0., 0., 0., 0., 0.,
       0., 0., 0., 0., 0., 0., 0., 0., 0., 0., 0., 0., 0. ]
