%YAML:1.0
---
pose_0: !!opencv-matrix
   rows: 1
   cols: 25
   dt: "3f"
   data: [ 9.29120117e+02, 1.51352814e+02, 8.14962685e-01,
       8.05683716e+02, 1.49427002e+02, 6.58603549e-01, 8.05703552e+02,
       5.73414345e+01, 6.77932143e-01, 0., 0., 0., 0., 0., 0.,
       7.97871033e+02, 2.41402542e+02, 6.16828680e-01, 6.84206604e+02,
       2.88483093e+02, 7.55045474e-01, 5.70677429e+02, 3.59006256e+02,
       7.48596430e-01, 5.64728455e+02, 1.76812424e+02, 1.37378901e-01,
       5.56881409e+02, 1.21944557e+02, 1.89460263e-01, 3.53166870e+02,
       3.02191284e+02, 1.06653154e-01, 0., 0., 0., 5.66684082e+02,
       2.31678452e+02, 1.28169730e-01, 3.64906311e+02, 3.04138092e+02,
       1.64622724e-01, 2.14048798e+02, 3.21806458e+02, 8.98131132e-02,
       9.35043823e+02, 1.27788788e+02, 8.26507747e-01, 9.44738953e+02,
       1.65006058e+02, 8.47414196e-01, 9.11519592e+02, 1.00403419e+02,
       5.23925900e-01, 9.25180603e+02, 1.80729233e+02, 1.15724958e-01,
       0., 0., 0., 0., 0., 0., 0., 0., 0., 0., 0., 0., 0., 0., 0., 0.,
       0., 0. ]
