%YAML:1.0
---
pose_0: !!opencv-matrix
   rows: 2
   cols: 25
   dt: "3f"
   data: [ 8.82114746e+02, 2.45416351e+02, 1.98556229e-01,
       7.93986572e+02, 2.92449677e+02, 4.01868790e-01, 7.84165222e+02,
       2.66924866e+02, 1.80940270e-01, 7.56755066e+02, 1.61137909e+02,
       5.11114657e-01, 8.48806335e+02, 1.63084656e+02, 6.20738328e-01,
       8.07602600e+02, 3.12018982e+02, 4.63629633e-01, 7.58671692e+02,
       1.63143814e+02, 4.46568727e-01, 8.42972900e+02, 1.63105194e+02,
       2.18097627e-01, 5.39230530e+02, 3.53154205e+02, 2.16260433e-01,
       0., 0., 0., 0., 0., 0., 0., 0., 0., 0., 0., 0., 0., 0., 0., 0.,
       0., 0., 8.93882446e+02, 2.47334579e+02, 5.03228232e-02,
       8.86007507e+02, 2.59115021e+02, 2.15604290e-01, 0., 0., 0.,
       8.72326843e+02, 2.86507813e+02, 5.73704064e-01, 0., 0., 0., 0.,
       0., 0., 0., 0., 0., 0., 0., 0., 0., 0., 0., 0., 0., 0., 0., 0.,
       0., 0., 0., 0., 0., 0., 0., 0., 0., 0., 0., 0., 0.,
       7.76386169e+02, 2.63060913e+02, 1.46935612e-01, 7.95916321e+02,
       2.27710251e+02, 2.93285221e-01, 8.80164673e+02, 2.27786957e+02,
       3.67991626e-01, 0., 0., 0., 0., 0., 0., 0., 0., 0., 0., 0., 0.,
       0., 0., 0., 0., 0., 0., 0., 0., 0., 0., 0., 0., 0., 0., 0., 0.,
       0., 0., 0., 0., 0., 0., 0., 0., 0., 0., 0., 0., 0., 0., 0., 0.,
       0., 0., 0., 0., 0., 0., 0. ]
