%YAML:1.0
---
pose_0: !!opencv-matrix
   rows: 1
   cols: 25
   dt: "3f"
   data: [ 9.13465576e+02, 2.12010071e+02, 8.13765049e-01,
       8.09623291e+02, 2.25808456e+02, 7.40277410e-01, 7.97897156e+02,
       1.49412277e+02, 7.00978339e-01, 6.82216736e+02, 1.14076569e+02,
       7.76988447e-01, 5.88186401e+02, 1.18002075e+02, 8.21069837e-01,
       8.25306641e+02, 3.04146729e+02, 6.98078871e-01, 7.33259827e+02,
       3.98127808e+02, 8.30714464e-01, 6.99884705e+02, 3.21801575e+02,
       7.83912420e-01, 5.82369141e+02, 2.72837708e+02, 2.31483623e-01,
       5.72566284e+02, 2.14064102e+02, 2.67446935e-01, 3.86449127e+02,
       2.19931610e+02, 2.25004554e-01, 1.72885910e+02, 2.39533218e+02,
       3.22191894e-01, 5.99966980e+02, 3.19865051e+02, 2.62255877e-01,
       4.45216492e+02, 3.10031433e+02, 6.74402416e-02, 0., 0., 0.,
       9.19303650e+02, 1.92488251e+02, 8.38794291e-01, 9.27142578e+02,
       2.25798492e+02, 8.18480074e-01, 8.91923645e+02, 1.67104248e+02,
       6.45494103e-01, 9.11500916e+02, 2.43510437e+02, 4.64274466e-01,
       0., 0., 0., 0., 0., 0., 0., 0., 0., 1.29788666e+02,
       2.06190414e+02, 1.06777176e-01, 1.31757690e+02, 2.02286316e+02,
       9.24910009e-02, 1.61155273e+02, 2.47329544e+02, 2.02899650e-01 ]
