%YAML:1.0
---
pose_0: !!opencv-matrix
   rows: 1
   cols: 25
   dt: "3f"
   data: [ 9.05618835e+02, 3.96278870e+02, 7.63798475e-01,
       7.91998291e+02, 4.00238495e+02, 7.12013185e-01, 7.80205383e+02,
       3.35431458e+02, 6.58100069e-01, 6.74418335e+02, 2.43451111e+02,
       7.67807305e-01, 7.60653564e+02, 2.68929779e+02, 7.95777321e-01,
       7.99828430e+02, 4.82420380e+02, 5.52285135e-01, 6.80371643e+02,
       5.56911499e+02, 8.04494321e-01, 7.92005493e+02, 5.54992371e+02,
       8.15098703e-01, 5.41246887e+02, 4.13878601e+02, 2.81807244e-01,
       5.41223816e+02, 3.66871307e+02, 3.64818543e-01, 4.35422272e+02,
       3.64878204e+02, 5.28039560e-02, 0., 0., 0., 5.45121521e+02,
       4.60895996e+02, 3.27910513e-01, 3.80587006e+02, 4.96128021e+02,
       3.46005917e-01, 3.72771393e+02, 4.94207001e+02, 2.25937381e-01,
       9.15456482e+02, 3.70802887e+02, 8.48550797e-01, 9.19376526e+02,
       4.13796051e+02, 8.27003121e-01, 8.89968018e+02, 3.49173523e+02,
       6.71292424e-01, 9.15361511e+02, 4.29529205e+02, 2.02290103e-01,
       0., 0., 0., 0., 0., 0., 3.64881287e+02, 4.90259186e+02,
       2.31896177e-01, 0., 0., 0., 0., 0., 0., 0., 0., 0. ]
