%YAML:1.0
---
pose_0: !!opencv-matrix
   rows: 1
   cols: 25
   dt: "3f"
   data: [ 8.93858521e+02, 2.86530640e+02, 6.24092340e-01,
       7.99814575e+02, 2.43488846e+02, 3.42522562e-01, 8.33130798e+02,
       1.80761841e+02, 3.89191687e-01, 8.50739563e+02, 2.29734833e+02,
       6.93773180e-02, 0., 0., 0., 7.66517090e+02, 2.92460236e+02,
       3.84068102e-01, 6.56803284e+02, 3.45288483e+02, 4.55224246e-01,
       5.54889099e+02, 4.00107391e+02, 3.08244586e-01, 5.82366577e+02,
       2.37556549e+02, 7.81512186e-02, 0., 0., 0., 0., 0., 0., 0., 0.,
       0., 0., 0., 0., 0., 0., 0., 0., 0., 0., 9.17344788e+02,
       2.74743408e+02, 6.66647732e-01, 9.15419861e+02, 2.88520233e+02,
       2.40154982e-01, 9.15350708e+02, 2.33657578e+02, 7.98701167e-01,
       0., 0., 0., 0., 0., 0., 0., 0., 0., 0., 0., 0., 0., 0., 0., 0.,
       0., 0., 0., 0., 0. ]
