%YAML:1.0
---
pose_0: !!opencv-matrix
   rows: 1
   cols: 25
   dt: "3f"
   data: [ 8.93836792e+02, 2.55212265e+02, 5.21365106e-01,
       7.76254578e+02, 2.86499542e+02, 7.15953588e-01, 7.44960266e+02,
       2.27816132e+02, 6.82583809e-01, 7.29287292e+02, 1.47411880e+02,
       7.69767165e-01, 8.23354797e+02, 1.57201309e+02, 8.25902581e-01,
       8.07609619e+02, 3.35547821e+02, 7.42530584e-01, 7.56664490e+02,
       3.04220306e+02, 5.61586916e-01, 8.23326782e+02, 2.61125946e+02,
       3.83340418e-01, 5.47095215e+02, 3.51146088e+02, 2.87204713e-01,
       5.39262573e+02, 3.06094421e+02, 3.63524377e-01, 3.33554596e+02,
       2.96316437e+02, 3.04081053e-01, 1.45468719e+02, 3.13959900e+02,
       4.52531666e-01, 5.54911743e+02, 3.90390289e+02, 2.82300830e-01,
       3.68855591e+02, 4.31521912e+02, 3.40570539e-01, 2.29744385e+02,
       5.50974060e+02, 2.00131282e-01, 8.95845520e+02, 2.41379654e+02,
       6.60606503e-01, 8.99744080e+02, 2.59183075e+02, 5.21967947e-01,
       8.54699707e+02, 2.27802322e+02, 5.98718047e-01, 8.74309570e+02,
       2.88531799e+02, 6.92239881e-01, 0., 0., 0., 0., 0., 0.,
       2.23861191e+02, 5.62768433e+02, 1.25170931e-01, 1.31752762e+02,
       3.37513794e+02, 6.10422194e-02, 1.27823151e+02, 3.35431702e+02,
       7.03795701e-02, 1.31795227e+02, 3.21767029e+02, 2.61404008e-01 ]
