%YAML:1.0
---
pose_0: !!opencv-matrix
   rows: 1
   cols: 25
   dt: "3f"
   data: [ 8.62511719e+02, 1.53287674e+02, 7.38635600e-01,
       7.74413269e+02, 1.65074661e+02, 7.40753233e-01, 7.66548462e+02,
       8.86689606e+01, 6.84533298e-01, 6.47025696e+02, 3.38268700e+01,
       7.56281555e-01, 7.07760498e+02, 5.73766975e+01, 7.81267941e-01,
       7.78240845e+02, 2.43455643e+02, 6.87461674e-01, 6.62719910e+02,
       3.04231384e+02, 7.22875953e-01, 0., 0., 0., 5.25555847e+02,
       1.78749496e+02, 2.54048586e-01, 5.21620789e+02, 1.29780991e+02,
       2.82416672e-01, 3.80589630e+02, 1.55274857e+02, 1.22206509e-01,
       0., 0., 0., 5.27528992e+02, 2.23823395e+02, 3.08077425e-01,
       3.70778931e+02, 2.41436218e+02, 2.58989990e-01, 3.62912567e+02,
       2.29743958e+02, 1.26701817e-01, 8.70347534e+02, 1.35642410e+02,
       8.26841772e-01, 8.76197388e+02, 1.68952026e+02, 8.08037400e-01,
       8.54751648e+02, 1.16046967e+02, 5.43973565e-01, 8.68331604e+02,
       1.94375244e+02, 4.80876207e-01, 0., 0., 0., 0., 0., 0., 0., 0.,
       0., 0., 0., 0., 0., 0., 0., 0., 0., 0. ]
