%YAML:1.0
---
pose_0: !!opencv-matrix
   rows: 1
   cols: 25
   dt: "3f"
   data: [ 8.52682068e+02, 1.68952362e+02, 7.87046254e-01,
       7.60676331e+02, 1.72922028e+02, 7.24891365e-01, 7.46921082e+02,
       1.02361221e+02, 7.59333849e-01, 6.39188843e+02, 6.31624489e+01,
       7.38671422e-01, 6.70503052e+02, 1.63012711e+02, 7.65173912e-01,
       7.74303223e+02, 2.29768021e+02, 6.02672935e-01, 6.82303406e+02,
       2.94364746e+02, 8.24386835e-01, 7.82183960e+02, 2.41460037e+02,
       6.74211025e-01, 5.25573547e+02, 1.94476059e+02, 2.99072385e-01,
       5.23548340e+02, 1.47442261e+02, 3.44576299e-01, 3.64905731e+02,
       1.49443939e+02, 2.44216055e-01, 0., 0., 0., 5.25521362e+02,
       2.41491028e+02, 3.57851923e-01, 3.60968079e+02, 2.62999207e+02,
       3.01986247e-01, 1.96385788e+02, 2.31698135e+02, 1.34793997e-01,
       8.56675964e+02, 1.49434509e+02, 8.19198370e-01, 8.68307739e+02,
       1.80727936e+02, 8.44885588e-01, 8.38991394e+02, 1.31695389e+02,
       6.95925176e-01, 8.50784424e+02, 2.04249222e+02, 3.71024907e-01,
       0., 0., 0., 0., 0., 0., 1.92503876e+02, 2.27719620e+02,
       1.10392630e-01, 0., 0., 0., 0., 0., 0., 0., 0., 0. ]
