%YAML:1.0
---
pose_0: !!opencv-matrix
   rows: 1
   cols: 25
   dt: "3f"
   data: [ 8.99710571e+02, 3.53158600e+02, 8.22520494e-01,
       8.07704529e+02, 3.08068970e+02, 5.67938566e-01, 8.23394836e+02,
       2.70891083e+02, 6.84816360e-01, 7.27319946e+02, 3.06124603e+02,
       8.00694168e-01, 8.19409546e+02, 4.35443817e+02, 7.95853794e-01,
       7.72398438e+02, 3.43363556e+02, 2.92244017e-01, 6.82340515e+02,
       4.11937653e+02, 8.34825158e-01, 7.60686584e+02, 4.60984558e+02,
       8.55515957e-01, 5.58851624e+02, 3.00269897e+02, 2.87299335e-01,
       5.58876953e+02, 2.68890656e+02, 2.86536396e-01, 4.74591949e+02,
       2.74771667e+02, 5.89029305e-02, 0., 0., 0., 5.52969421e+02,
       3.31611603e+02, 2.39550501e-01, 3.86462006e+02, 3.47248108e+02,
       1.30006567e-01, 0., 0., 0., 9.15367432e+02, 3.29630310e+02,
       6.88766539e-01, 9.17407837e+02, 3.64824615e+02, 7.70533800e-01,
       8.97808594e+02, 2.90425323e+02, 8.16422343e-01, 0., 0., 0., 0.,
       0., 0., 0., 0., 0., 0., 0., 0., 0., 0., 0., 0., 0., 0., 0., 0.,
       0. ]
