%YAML:1.0
---
pose_0: !!opencv-matrix
   rows: 1
   cols: 25
   dt: "3f"
   data: [ 8.56627319e+02, 2.14067780e+02, 8.09606612e-01,
       8.23279297e+02, 2.88418457e+02, 5.71517587e-01, 7.92011597e+02,
       2.68922363e+02, 2.89329797e-01, 7.27355835e+02, 2.41501938e+02,
       1.32697955e-01, 0., 0., 0., 8.41003723e+02, 2.98278290e+02,
       5.65194547e-01, 7.25335022e+02, 2.41403885e+02, 4.80528504e-01,
       6.33232788e+02, 1.96509232e+02, 7.34934568e-01, 5.56875977e+02,
       3.43341858e+02, 1.05663128e-01, 0., 0., 0., 0., 0., 0., 0., 0.,
       0., 0., 0., 0., 0., 0., 0., 0., 0., 0., 8.68465515e+02,
       2.10177750e+02, 2.88076818e-01, 8.82045837e+02, 2.21859177e+02,
       8.35354149e-01, 0., 0., 0., 8.93864807e+02, 2.74806335e+02,
       7.96667993e-01, 0., 0., 0., 0., 0., 0., 0., 0., 0., 0., 0., 0.,
       0., 0., 0., 0., 0., 0. ]
