%YAML:1.0
---
pose_0: !!opencv-matrix
   rows: 1
   cols: 25
   dt: "3f"
   data: [ 9.31068848e+02, 3.37523651e+02, 7.01424956e-01,
       8.31198975e+02, 3.02200348e+02, 6.25350654e-01, 8.29231995e+02,
       2.17983994e+02, 6.34802461e-01, 7.09732483e+02, 1.80799850e+02,
       6.80698931e-01, 6.03881104e+02, 2.25776840e+02, 7.72555828e-01,
       8.29216553e+02, 3.64916565e+02, 4.68822151e-01, 8.86116882e+02,
       4.31582275e+02, 7.98681021e-01, 9.76088928e+02, 3.37502167e+02,
       7.43826509e-01, 5.88238403e+02, 3.06142578e+02, 1.43011108e-01,
       5.72591980e+02, 2.70857635e+02, 2.47519001e-01, 3.25707733e+02,
       3.04187408e+02, 9.41802561e-02, 0., 0., 0., 5.96080078e+02,
       3.72754242e+02, 1.15835927e-01, 3.12000580e+02, 3.86456451e+02,
       8.27877447e-02, 1.18032219e+02, 3.88423950e+02, 2.26263329e-01,
       9.48681458e+02, 3.19760071e+02, 5.57053685e-01, 9.56521790e+02,
       3.43321533e+02, 3.92474651e-01, 9.35012817e+02, 2.72767639e+02,
       7.31999993e-01, 0., 0., 0., 4.94861641e+01, 4.19760040e+02,
       5.59950657e-02, 0., 0., 0., 1.16106720e+02, 3.96238586e+02,
       9.32196006e-02, 0., 0., 0., 0., 0., 0., 0., 0., 0. ]
