%YAML:1.0
---
pose_0: !!opencv-matrix
   rows: 1
   cols: 25
   dt: "3f"
   data: [ 9.33033081e+02, 3.53181580e+02, 7.97091842e-01,
       8.60565002e+02, 2.88409027e+02, 5.09518504e-01, 8.70306702e+02,
       2.57207184e+02, 7.33986259e-01, 7.62652649e+02, 3.06142181e+02,
       7.58038521e-01, 8.38948669e+02, 4.43227661e+02, 7.82822788e-01,
       8.56629578e+02, 3.15890289e+02, 1.72270313e-01, 0., 0., 0., 0.,
       0., 0., 5.72523193e+02, 2.90471588e+02, 3.86349410e-01,
       5.70574341e+02, 2.57188629e+02, 4.23142850e-01, 4.31493500e+02,
       2.88495667e+02, 1.58889890e-01, 1.29790878e+02, 3.17860168e+02,
       8.03483278e-02, 5.70551208e+02, 3.25703094e+02, 4.09707218e-01,
       4.41291046e+02, 3.49217957e+02, 2.00952381e-01, 3.41391327e+02,
       3.45303802e+02, 1.06686622e-01, 9.52623352e+02, 3.37525543e+02,
       7.59348154e-01, 0., 0., 0., 9.46790222e+02, 2.88408997e+02,
       8.84920001e-01, 0., 0., 0., 0., 0., 0., 0., 0., 0., 0., 0., 0.,
       9.65123672e+01, 3.21749847e+02, 8.37901384e-02, 9.45250549e+01,
       3.15939545e+02, 8.85091200e-02, 0., 0., 0. ]
