%YAML:1.0
---
pose_0: !!opencv-matrix
   rows: 1
   cols: 25
   dt: "3f"
   data: [ 8.39015625e+02, 3.19783966e+02, 4.08093154e-01,
       7.56716492e+02, 2.84575439e+02, 5.90054035e-01, 7.72391113e+02,
       2.25735733e+02, 4.18042809e-01, 8.29204224e+02, 2.57138733e+02,
       6.08765662e-01, 9.05628723e+02, 3.49243011e+02, 7.73045778e-01,
       7.48859131e+02, 3.37507080e+02, 6.29453480e-01, 7.46985474e+02,
       4.43207123e+02, 8.26614738e-01, 8.21398804e+02, 4.27602966e+02,
       8.80087256e-01, 5.31443481e+02, 2.59079956e+02, 1.43376842e-01,
       5.43179138e+02, 2.12122513e+02, 2.11416826e-01, 3.68839966e+02,
       2.08123367e+02, 1.41670540e-01, 0., 0., 0., 5.31424194e+02,
       3.06132782e+02, 1.45393178e-01, 3.25717102e+02, 3.37546692e+02,
       3.67525131e-01, 1.49415131e+02, 3.21776947e+02, 6.37127340e-01,
       8.41025146e+02, 3.15896942e+02, 2.84038246e-01, 8.40962585e+02,
       3.19883392e+02, 1.92136317e-01, 8.39049988e+02, 3.00208496e+02,
       1.58530727e-01, 0., 0., 0., 1.16056870e+02, 3.80514618e+02,
       5.09262025e-01, 1.21959343e+02, 3.78590363e+02, 4.29960787e-01,
       1.33727005e+02, 3.08060760e+02, 6.25230432e-01, 0., 0., 0., 0.,
       0., 0., 0., 0., 0. ]
