%YAML:1.0
---
pose_0: !!opencv-matrix
   rows: 1
   cols: 25
   dt: "3f"
   data: [ 9.58505737e+02, 2.61032837e+02, 7.57619262e-01,
       8.66398804e+02, 2.57188293e+02, 6.58424497e-01, 8.50703064e+02,
       1.67018234e+02, 6.02930486e-01, 8.13554138e+02, 1.02346947e+02,
       2.94123501e-01, 7.82191833e+02, 6.90486526e+01, 2.86869287e-01,
       8.83989563e+02, 3.51162323e+02, 5.64289808e-01, 8.05623413e+02,
       4.96145966e+02, 8.20536077e-01, 8.37108765e+02, 4.27618378e+02,
       7.44069755e-01, 5.56877502e+02, 3.13949677e+02, 2.30515555e-01,
       5.45138062e+02, 2.70841125e+02, 2.80172050e-01, 3.62932098e+02,
       2.94359863e+02, 2.65820712e-01, 1.00362595e+02, 3.21790070e+02,
       1.05722390e-01, 5.56908020e+02, 3.64878998e+02, 2.13652149e-01,
       3.49227081e+02, 3.98245270e+02, 2.08187625e-01, 0., 0., 0.,
       9.76100403e+02, 2.29703094e+02, 7.35888779e-01, 9.80093079e+02,
       2.74822357e+02, 8.18360865e-01, 9.56520386e+02, 1.96390045e+02,
       6.16774082e-01, 0., 0., 0., 0., 0., 0., 0., 0., 0., 0., 0., 0.,
       0., 0., 0., 0., 0., 0., 0., 0., 0. ]
