%YAML:1.0
---
pose_0: !!opencv-matrix
   rows: 1
   cols: 25
   dt: "3f"
   data: [ 8.70428711e+02, 1.94347321e+02, 8.19163680e-01,
       8.07652832e+02, 2.72768402e+02, 6.07587099e-01, 8.17451111e+02,
       2.74800812e+02, 4.27194566e-01, 7.13651489e+02, 2.72748962e+02,
       7.25085586e-02, 0., 0., 0., 8.05716919e+02, 2.70804321e+02,
       6.24472380e-01, 6.94048462e+02, 2.43480270e+02, 5.96252322e-01,
       6.37243469e+02, 1.45469879e+02, 7.52198339e-01, 5.19646912e+02,
       3.17858551e+02, 3.49508733e-01, 5.21614868e+02, 2.88515533e+02,
       2.57465482e-01, 3.29658173e+02, 3.37453552e+02, 2.66713619e-01,
       1.35672333e+02, 3.68847504e+02, 9.92129371e-02, 5.09899963e+02,
       3.37448517e+02, 2.98602402e-01, 3.23790894e+02, 2.78717804e+02,
       4.33679998e-01, 1.31734055e+02, 3.70779449e+02, 4.87494379e-01,
       8.88050781e+02, 1.94397003e+02, 7.98179805e-02, 8.86055420e+02,
       2.00344940e+02, 8.06404889e-01, 0., 0., 0., 8.82133240e+02,
       2.53227615e+02, 8.08936238e-01, 8.46937714e+01, 4.04097443e+02,
       2.81731248e-01, 8.67528610e+01, 4.04113770e+02, 3.37343514e-01,
       1.08253418e+02, 3.80533386e+02, 2.93523997e-01, 0., 0., 0., 0.,
       0., 0., 0., 0., 0. ]
