%YAML:1.0
---
pose_0: !!opencv-matrix
   rows: 1
   cols: 25
   dt: "3f"
   data: [ 8.80118469e+02, 3.64873077e+02, 7.91556299e-01,
       7.93924072e+02, 3.06113708e+02, 6.11548424e-01, 8.03690369e+02,
       2.59147797e+02, 6.83593333e-01, 7.64537903e+02, 3.57111176e+02,
       7.01866508e-01, 8.23391052e+02, 4.51087006e+02, 8.23366106e-01,
       7.80235229e+02, 3.47233337e+02, 3.62056553e-01, 7.17572815e+02,
       4.62829254e+02, 8.53796780e-01, 7.88095154e+02, 4.60948517e+02,
       7.95069158e-01, 5.56877747e+02, 2.88473816e+02, 2.11220622e-01,
       5.41201782e+02, 2.59106842e+02, 2.63538510e-01, 3.55121094e+02,
       2.39489166e+02, 2.62889087e-01, 0., 0., 0., 5.60818665e+02,
       3.31594116e+02, 1.20154329e-01, 3.37499146e+02, 3.70754608e+02,
       1.79349422e-01, 1.49389496e+02, 3.53087463e+02, 1.37774810e-01,
       8.95841064e+02, 3.39458984e+02, 7.15791821e-01, 8.97755188e+02,
       3.68857788e+02, 6.84894681e-01, 8.83979248e+02, 3.00198029e+02,
       7.97192633e-01, 0., 0., 0., 9.06304474e+01, 3.84528137e+02,
       5.43168746e-02, 0., 0., 0., 0., 0., 0., 0., 0., 0., 0., 0., 0.,
       0., 0., 0. ]
