%YAML:1.0
---
pose_0: !!opencv-matrix
   rows: 1
   cols: 25
   dt: "3f"
   data: [ 9.93862244e+02, 2.94368347e+02, 8.40521753e-01,
       8.68422119e+02, 3.37522827e+02, 7.14766085e-01, 8.40971985e+02,
       2.59151001e+02, 6.61657274e-01, 7.13648010e+02, 2.43510712e+02,
       5.87313116e-01, 5.98040894e+02, 2.21839386e+02, 7.57393718e-01,
       8.84065247e+02, 4.15814911e+02, 6.38273060e-01, 7.48903625e+02,
       4.64843719e+02, 6.66376054e-01, 7.76344299e+02, 3.10062439e+02,
       6.87761903e-01, 5.43179321e+02, 3.80575226e+02, 7.63065889e-02,
       0., 0., 0., 0., 0., 0., 0., 0., 0., 5.56900330e+02,
       4.21705414e+02, 9.66684073e-02, 3.55072662e+02, 3.92351074e+02,
       2.20931768e-01, 0., 0., 0., 9.97685669e+02, 2.72871887e+02,
       8.32363248e-01, 1.00749512e+03, 3.11978180e+02, 7.93221235e-01,
       9.60427917e+02, 2.57117645e+02, 4.92057800e-01, 9.85945618e+02,
       3.47283112e+02, 3.64814430e-01, 0., 0., 0., 0., 0., 0., 0., 0.,
       0., 0., 0., 0., 0., 0., 0., 0., 0., 0. ]
