%YAML:1.0
---
pose_0: !!opencv-matrix
   rows: 1
   cols: 25
   dt: "3f"
   data: [ 9.44760193e+02, 3.02170044e+02, 7.31833041e-01,
       8.37046326e+02, 2.80637634e+02, 6.04729354e-01, 8.48803955e+02,
       1.94466461e+02, 5.91035962e-01, 7.23375305e+02, 1.19988014e+02,
       7.57049441e-01, 7.93950195e+02, 2.49292313e+02, 6.85777724e-01,
       8.15505737e+02, 3.64894928e+02, 3.31222624e-01, 6.66565918e+02,
       3.98275940e+02, 5.59601605e-01, 7.13612366e+02, 3.90359070e+02,
       7.27344275e-01, 5.33394287e+02, 2.74800354e+02, 1.52838960e-01,
       5.37301086e+02, 2.39503860e+02, 2.10843518e-01, 3.45287262e+02,
       2.43393097e+02, 3.41781616e-01, 1.74826660e+02, 2.57084442e+02,
       4.02772307e-01, 5.21622681e+02, 3.31598236e+02, 1.52893215e-01,
       3.53175476e+02, 3.49216766e+02, 2.15202808e-01, 1.31755173e+02,
       3.17902863e+02, 2.61878818e-01, 9.64356506e+02, 2.74793396e+02,
       8.22592854e-01, 9.58489258e+02, 3.19793579e+02, 7.46484995e-01,
       9.50701721e+02, 2.43467514e+02, 4.92612094e-01, 9.46827881e+02,
       3.37566681e+02, 5.19721322e-02, 6.51329498e+01, 3.49194275e+02,
       1.60126358e-01, 7.30287018e+01, 3.53110962e+02, 2.04818130e-01,
       1.00411179e+02, 3.37473328e+02, 1.08281866e-01, 1.00425545e+02,
       2.12109375e+02, 1.58288330e-01, 1.02326714e+02, 2.12098267e+02,
       1.26280099e-01, 1.61129257e+02, 2.61072479e+02, 2.22969562e-01 ]
