%YAML:1.0
---
pose_0: !!opencv-matrix
   rows: 1
   cols: 25
   dt: "3f"
   data: [ 8.82127991e+02, 2.39514832e+02, 8.15182805e-01,
       7.76414307e+02, 2.72858826e+02, 7.40935326e-01, 7.64561401e+02,
       2.10120667e+02, 6.27103209e-01, 7.80210693e+02, 1.16064690e+02,
       7.81945825e-01, 8.82076111e+02, 1.57203995e+02, 7.91583478e-01,
       7.89964233e+02, 3.33537231e+02, 6.18011534e-01, 8.35118286e+02,
       3.98186066e+02, 8.48311424e-01, 9.03730103e+02, 3.04219788e+02,
       8.26591372e-01, 5.41224182e+02, 3.11976349e+02, 3.74005318e-01,
       5.41240784e+02, 2.70856049e+02, 4.28213656e-01, 3.45322327e+02,
       2.82634766e+02, 4.08365667e-01, 1.63158524e+02, 3.02193756e+02,
       6.10159189e-02, 5.41242249e+02, 3.53097321e+02, 3.92390996e-01,
       3.37490234e+02, 3.51141052e+02, 1.74558058e-01, 1.49350403e+02,
       3.84423126e+02, 1.53762490e-01, 8.82051147e+02, 2.25784622e+02,
       8.33005846e-01, 8.95806641e+02, 2.43480453e+02, 7.72751987e-01,
       8.44879761e+02, 2.21835098e+02, 4.02261198e-01, 8.70340027e+02,
       2.76738312e+02, 3.29264790e-01, 1.08277962e+02, 3.59032043e+02,
       1.09108016e-01, 1.16132439e+02, 3.68834137e+02, 1.36554956e-01,
       1.35677277e+02, 3.96274597e+02, 1.57131433e-01, 1.29775681e+02,
       2.61092255e+02, 5.13212085e-02, 0., 0., 0., 0., 0., 0. ]
