%YAML:1.0
---
pose_0: !!opencv-matrix
   rows: 1
   cols: 25
   dt: "3f"
   data: [ 9.25205566e+02, 1.96372910e+02, 8.22784305e-01,
       8.07701660e+02, 2.00303329e+02, 6.60106480e-01, 8.05615295e+02,
       1.14132736e+02, 6.58612788e-01, 6.66578613e+02, 8.48153458e+01,
       6.59897864e-01, 5.56873047e+02, 9.84470596e+01, 5.81556797e-01,
       8.11581360e+02, 2.90424805e+02, 6.47180378e-01, 6.95970581e+02,
       3.23786621e+02, 5.21345496e-01, 5.56912170e+02, 3.37434387e+02,
       8.03542137e-01, 5.52973389e+02, 2.19926926e+02, 1.91698253e-01,
       5.51011841e+02, 1.69015228e+02, 2.99309760e-01, 3.66864166e+02,
       1.82682693e+02, 1.73501059e-01, 0., 0., 0., 5.41231140e+02,
       2.74758789e+02, 1.89733267e-01, 3.74694641e+02, 3.02208282e+02,
       1.07557006e-01, 0., 0., 0., 9.32993530e+02, 1.68962234e+02,
       8.71690691e-01, 9.42851196e+02, 2.10128464e+02, 8.54328096e-01,
       9.05636841e+02, 1.47483490e+02, 6.22451663e-01, 9.31088135e+02,
       2.27711243e+02, 1.95254028e-01, 0., 0., 0., 0., 0., 0., 0., 0.,
       0., 0., 0., 0., 0., 0., 0., 0., 0., 0. ]
