%YAML:1.0
---
pose_0: !!opencv-matrix
   rows: 1
   cols: 25
   dt: "3f"
   data: [ 9.32973572e+02, 2.57139038e+02, 8.08681011e-01,
       8.23345581e+02, 3.08054657e+02, 6.41967237e-01, 8.05724731e+02,
       2.61064911e+02, 3.80023748e-01, 0., 0., 0., 0., 0., 0.,
       8.31154724e+02, 3.55125427e+02, 5.99742949e-01, 7.13579590e+02,
       3.82546875e+02, 7.22495437e-01, 5.56937073e+02, 3.49218842e+02,
       7.28497684e-01, 5.58869690e+02, 3.33544464e+02, 1.79045886e-01,
       5.47078430e+02, 2.90429321e+02, 2.84789830e-01, 3.23733673e+02,
       2.66956207e+02, 3.01098704e-01, 0., 0., 0., 5.52980591e+02,
       3.92345428e+02, 2.33401880e-01, 3.47248749e+02, 4.45273071e+02,
       4.33191061e-01, 1.43497726e+02, 4.92255219e+02, 3.97658437e-01,
       9.44765442e+02, 2.47361649e+02, 7.31682956e-01, 9.48824768e+02,
       2.74767029e+02, 8.74323130e-01, 0., 0., 0., 9.29105591e+02,
       3.21767303e+02, 8.06497753e-01, 7.29860764e+01, 4.62889435e+02,
       1.63263753e-01, 8.28063736e+01, 4.78559265e+02, 1.71645224e-01,
       1.23932686e+02, 5.05938232e+02, 2.12038100e-01, 0., 0., 0., 0.,
       0., 0., 0., 0., 0. ]
