%YAML:1.0
---
pose_0: !!opencv-matrix
   rows: 1
   cols: 25
   dt: "3f"
   data: [ 9.15370911e+02, 2.37574493e+02, 8.20920527e-01,
       7.99839417e+02, 2.59087189e+02, 7.05135047e-01, 7.84169189e+02,
       1.76811661e+02, 6.68078303e-01, 6.66568359e+02, 1.51427811e+02,
       8.04195046e-01, 5.92130554e+02, 1.80740982e+02, 8.05532455e-01,
       8.13566467e+02, 3.37510162e+02, 6.68282688e-01, 6.97937744e+02,
       4.04067963e+02, 7.82760024e-01, 5.88306213e+02, 4.00186829e+02,
       8.56359601e-01, 5.47090088e+02, 2.90473816e+02, 2.83895612e-01,
       5.49058716e+02, 2.49294952e+02, 3.45304042e-01, 3.49222748e+02,
       2.49298462e+02, 1.68253839e-01, 0., 0., 0., 5.45133362e+02,
       3.37494110e+02, 2.19806269e-01, 3.55110321e+02, 3.78627686e+02,
       2.04590783e-01, 2.04233841e+02, 4.06051453e+02, 1.59715742e-01,
       9.17471680e+02, 2.16034607e+02, 8.63071859e-01, 9.27125977e+02,
       2.53205811e+02, 7.78518677e-01, 8.91913696e+02, 1.96523209e+02,
       6.24006331e-01, 9.09565369e+02, 2.74756195e+02, 5.21427095e-01,
       0., 0., 0., 0., 0., 0., 0., 0., 0., 0., 0., 0., 0., 0., 0., 0.,
       0., 0. ]
