%YAML:1.0
---
pose_0: !!opencv-matrix
   rows: 1
   cols: 25
   dt: "3f"
   data: [ 8.82084961e+02, 3.84593903e+02, 8.31910610e-01,
       7.99807800e+02, 4.31457153e+02, 7.98267245e-01, 7.68491455e+02,
       3.90345306e+02, 5.96981406e-01, 6.54888916e+02, 3.98120178e+02,
       7.09425807e-01, 5.72643127e+02, 3.60963165e+02, 8.03271115e-01,
       8.29209045e+02, 4.76481903e+02, 6.71102285e-01, 7.99855103e+02,
       5.17687683e+02, 7.51173615e-01, 7.58625977e+02, 3.84510834e+02,
       7.46521890e-01, 5.41245728e+02, 4.74591888e+02, 3.76742333e-01,
       5.41223816e+02, 4.33450012e+02, 4.87263262e-01, 3.66813660e+02,
       4.33498871e+02, 6.13561809e-01, 1.74863922e+02, 4.41261444e+02,
       3.60849857e-01, 5.43188599e+02, 5.13798218e+02, 4.04785991e-01,
       3.53161835e+02, 5.54872070e+02, 5.33168793e-01, 2.27782623e+02,
       6.25478516e+02, 2.03023896e-01, 8.85968384e+02, 3.74721741e+02,
       8.70731533e-01, 8.95767639e+02, 4.02086517e+02, 8.38862896e-01,
       8.60579834e+02, 3.68874359e+02, 3.55047733e-01, 8.82092407e+02,
       4.37351807e+02, 6.97223902e-01, 1.43487900e+02, 6.33247620e+02,
       6.49328455e-02, 1.49359818e+02, 6.41112488e+02, 7.14743808e-02,
       0., 0., 0., 0., 0., 0., 0., 0., 0., 1.55256912e+02,
       4.49159332e+02, 2.38356680e-01 ]
