%YAML:1.0
---
pose_0: !!opencv-matrix
   rows: 1
   cols: 25
   dt: "3f"
   data: [ 8.86006714e+02, 2.57077911e+02, 7.71058381e-01,
       7.90001709e+02, 2.90389130e+02, 7.01888740e-01, 7.90085388e+02,
       2.15981049e+02, 6.11668110e-01, 7.76378967e+02, 9.84723511e+01,
       6.73532188e-01, 8.09669250e+02, 5.34203339e+00, 3.35359126e-01,
       7.82191040e+02, 3.57069214e+02, 5.50068915e-01, 7.60729309e+02,
       4.62802765e+02, 8.61499012e-01, 8.35013672e+02, 4.07973511e+02,
       7.79225826e-01, 5.52948242e+02, 2.78716553e+02, 1.93643078e-01,
       5.50999756e+02, 2.41432144e+02, 2.27685750e-01, 3.74700378e+02,
       2.45389145e+02, 1.39536157e-01, 0., 0., 0., 5.41227051e+02,
       3.21803131e+02, 1.46542028e-01, 3.70793640e+02, 3.37429474e+02,
       1.16377614e-01, 0., 0., 0., 8.99714600e+02, 2.57065033e+02,
       4.35844451e-01, 8.99798035e+02, 2.72762177e+02, 8.97350371e-01,
       0., 0., 0., 8.82143494e+02, 3.17812469e+02, 8.26679409e-01, 0.,
       0., 0., 0., 0., 0., 0., 0., 0., 0., 0., 0., 0., 0., 0., 0., 0.,
       0. ]
