%YAML:1.0
---
pose_0: !!opencv-matrix
   rows: 1
   cols: 25
   dt: "3f"
   data: [ 9.13436951e+02, 3.96230988e+02, 7.84145117e-01,
       8.07651001e+02, 4.02157990e+02, 7.13818431e-01, 7.93929871e+02,
       3.31588043e+02, 6.70899749e-01, 6.72478821e+02, 2.96356476e+02,
       7.18183160e-01, 6.00015625e+02, 3.15922607e+02, 7.30868995e-01,
       8.21394043e+02, 4.82489075e+02, 6.36924088e-01, 6.98024414e+02,
       5.41237976e+02, 8.44459295e-01, 7.70426941e+02, 4.68758270e+02,
       7.59655237e-01, 5.56883972e+02, 4.19769867e+02, 2.17237934e-01,
       5.52963318e+02, 3.80560516e+02, 3.40109468e-01, 3.55109406e+02,
       3.86503113e+02, 2.76929051e-01, 0., 0., 0., 5.56890320e+02,
       4.70699432e+02, 1.44001737e-01, 3.88391693e+02, 4.92259979e+02,
       1.77830651e-01, 0., 0., 0., 9.19393921e+02, 3.70831970e+02,
       8.22307467e-01, 9.29079163e+02, 4.11863434e+02, 7.98864365e-01,
       8.97783142e+02, 3.51169525e+02, 7.11565435e-01, 9.19317627e+02,
       4.29582733e+02, 4.55237329e-01, 0., 0., 0., 0., 0., 0., 0., 0.,
       0., 0., 0., 0., 0., 0., 0., 0., 0., 0. ]
