%YAML:1.0
---
pose_0: !!opencv-matrix
   rows: 1
   cols: 25
   dt: "3f"
   data: [ 8.99767578e+02, 3.82586212e+02, 8.25502753e-01,
       7.93917664e+02, 3.96195618e+02, 6.62123084e-01, 7.86073608e+02,
       3.19815186e+02, 6.82947874e-01, 6.68601746e+02, 2.76721466e+02,
       7.85320759e-01, 7.60693542e+02, 2.57191040e+02, 8.31040740e-01,
       8.03729431e+02, 4.74599365e+02, 5.80193579e-01, 6.74440613e+02,
       5.41246582e+02, 8.05577159e-01, 7.54738892e+02, 5.07846252e+02,
       7.42121816e-01, 5.23566223e+02, 4.23685364e+02, 3.80999207e-01,
       5.25555054e+02, 3.76653076e+02, 4.75612789e-01, 3.27658081e+02,
       3.37547943e+02, 4.80053961e-01, 0., 0., 0., 5.23551575e+02,
       4.62885376e+02, 4.07607824e-01, 3.60983582e+02, 4.76513672e+02,
       5.88505268e-01, 0., 0., 0., 9.13434631e+02, 3.66747955e+02,
       8.41387928e-01, 9.15385132e+02, 3.98168213e+02, 8.16135645e-01,
       8.86062073e+02, 3.43365601e+02, 6.87271535e-01, 9.03657043e+02,
       4.17839050e+02, 4.35794413e-01, 0., 0., 0., 0., 0., 0., 0., 0.,
       0., 0., 0., 0., 0., 0., 0., 0., 0., 0. ]
