%YAML:1.0
---
pose_0: !!opencv-matrix
   rows: 1
   cols: 25
   dt: "3f"
   data: [ 9.05622681e+02, 2.51264511e+02, 7.47577071e-01,
       7.99817444e+02, 2.82635651e+02, 6.52968407e-01, 7.74401062e+02,
       2.21907440e+02, 6.26881242e-01, 6.82286377e+02, 2.12075882e+02,
       7.88372830e-02, 0., 0., 0., 8.21331787e+02, 3.43342529e+02,
       5.86952269e-01, 8.48812256e+02, 4.80524139e+02, 7.27261662e-01,
       9.17315247e+02, 5.54875488e+02, 5.54071665e-01, 5.52986267e+02,
       3.41389893e+02, 2.41625860e-01, 5.43189209e+02, 3.04128937e+02,
       2.50692934e-01, 3.59003418e+02, 4.70675629e+02, 1.86780795e-01,
       2.72812500e+02, 5.41278320e+02, 1.17993832e-01, 5.56906616e+02,
       3.86425476e+02, 2.28073657e-01, 3.53106110e+02, 4.76600006e+02,
       3.54713708e-01, 2.76717743e+02, 5.41253113e+02, 6.43704385e-02,
       9.15404419e+02, 2.33608826e+02, 8.49067152e-01, 9.23224670e+02,
       2.66952698e+02, 8.02086830e-01, 8.99679443e+02, 2.23832489e+02,
       2.07519352e-01, 9.11473694e+02, 3.02178223e+02, 4.26541507e-01,
       0., 0., 0., 0., 0., 0., 0., 0., 0., 0., 0., 0., 0., 0., 0., 0.,
       0., 0. ]
