%YAML:1.0
---
pose_0: !!opencv-matrix
   rows: 1
   cols: 25
   dt: "3f"
   data: [ 9.50693848e+02, 3.17870483e+02, 7.76514590e-01,
       8.17484985e+02, 3.37431244e+02, 6.55744374e-01, 8.03774109e+02,
       2.59083191e+02, 7.04590619e-01, 6.47015198e+02, 2.25729752e+02,
       5.35860240e-01, 5.56902710e+02, 2.04266403e+02, 7.34865069e-01,
       8.25349670e+02, 4.23637390e+02, 6.27223790e-01, 7.31319824e+02,
       4.94255066e+02, 7.40786493e-01, 7.44909912e+02, 3.47260468e+02,
       7.79805779e-01, 5.60821777e+02, 3.31602814e+02, 2.05717370e-01,
       5.56881958e+02, 2.86544739e+02, 3.16812098e-01, 3.80580994e+02,
       3.04173889e+02, 1.62568867e-01, 3.19843292e+02, 3.04109161e+02,
       9.09695625e-02, 5.66688599e+02, 3.88419250e+02, 1.76720947e-01,
       4.13881561e+02, 3.72747040e+02, 5.23006730e-02, 0., 0., 0.,
       9.62345764e+02, 3.02165100e+02, 7.10165381e-01, 9.62418640e+02,
       3.33574158e+02, 8.25718343e-01, 9.17323242e+02, 2.70839630e+02,
       3.39456230e-01, 9.38924438e+02, 3.64849426e+02, 2.97922552e-01,
       0., 0., 0., 0., 0., 0., 0., 0., 0., 0., 0., 0., 0., 0., 0., 0.,
       0., 0. ]
