%YAML:1.0
---
pose_0: !!opencv-matrix
   rows: 1
   cols: 25
   dt: "3f"
   data: [ 8.66395752e+02, 2.23824188e+02, 7.03485012e-01,
       8.05669312e+02, 2.98263031e+02, 5.83031833e-01, 8.01761169e+02,
       2.80665619e+02, 3.64624441e-01, 7.07729309e+02, 2.70858643e+02,
       1.71581492e-01, 5.94097595e+02, 2.37546005e+02, 2.41865844e-01,
       8.09630737e+02, 3.15918945e+02, 5.61105072e-01, 7.05779846e+02,
       3.35497894e+02, 7.36380517e-01, 5.88311584e+02, 2.43444153e+02,
       5.97166836e-01, 6.19598267e+02, 3.29654297e+02, 1.81776881e-01,
       5.94105774e+02, 3.12003937e+02, 1.06861584e-01, 2.94354675e+02,
       2.70830688e+02, 2.91215122e-01, 7.49359207e+01, 4.17772614e+02,
       1.15954094e-01, 6.43068481e+02, 3.55110291e+02, 1.30003318e-01,
       2.82633362e+02, 2.72858459e+02, 2.47951895e-01, 7.30014572e+01,
       4.13877625e+02, 1.80244103e-01, 8.83989929e+02, 2.23820786e+02,
       3.21231127e-01, 8.84082886e+02, 2.41494995e+02, 8.49740505e-01,
       0., 0., 0., 8.78166931e+02, 2.88569183e+02, 8.30892682e-01, 0.,
       0., 0., 0., 0., 0., 5.33584709e+01, 4.15821808e+02,
       1.50602102e-01, 0., 0., 0., 0., 0., 0., 5.33491020e+01,
       4.39351074e+02, 8.91092196e-02 ]
