%YAML:1.0
---
pose_0: !!opencv-matrix
   rows: 1
   cols: 25
   dt: "3f"
   data: [ 1.02702539e+03, 2.02264206e+02, 7.66019762e-01,
       8.99795227e+02, 2.14016235e+02, 5.59439421e-01, 8.76243042e+02,
       1.14120125e+02, 5.58200419e-01, 7.31267822e+02, 3.77392616e+01,
       6.43176019e-01, 8.35068542e+02, 1.49410522e+02, 7.37279415e-01,
       9.05637634e+02, 2.94354218e+02, 4.23443973e-01, 8.52735901e+02,
       3.51191681e+02, 2.05923051e-01, 7.88043335e+02, 3.61006165e+02,
       4.26326722e-01, 6.56809265e+02, 2.66945648e+02, 5.78359552e-02,
       6.31343811e+02, 2.14048157e+02, 5.05296662e-02, 0., 0., 0., 0.,
       0., 0., 6.96002441e+02, 3.04160034e+02, 6.01521619e-02, 0., 0.,
       0., 0., 0., 0., 1.03682605e+03, 1.67001556e+02, 7.87875175e-01,
       1.04666809e+03, 2.16016144e+02, 7.63462424e-01, 1.00162616e+03,
       1.45448807e+02, 5.58746755e-01, 1.05447192e+03, 2.43552582e+02,
       7.31623322e-02, 0., 0., 0., 0., 0., 0., 0., 0., 0., 0., 0., 0.,
       0., 0., 0., 0., 0., 0. ]
