%YAML:1.0
---
pose_0: !!opencv-matrix
   rows: 1
   cols: 25
   dt: "3f"
   data: [ 8.56682312e+02, 2.55204758e+02, 7.42388368e-01,
       7.93979858e+02, 3.19866028e+02, 5.27208805e-01, 8.05729492e+02,
       3.33554443e+02, 3.70507479e-01, 6.96020203e+02, 2.92448853e+02,
       1.61335915e-01, 7.31269775e+02, 2.70859070e+02, 9.77512226e-02,
       8.03747070e+02, 3.10066437e+02, 4.94186491e-01, 6.95949829e+02,
       2.82597351e+02, 6.27572536e-01, 7.31319885e+02, 2.04266495e+02,
       5.06674826e-01, 5.51024170e+02, 3.35507996e+02, 1.33822501e-01,
       5.47109558e+02, 3.06106262e+02, 2.11326331e-01, 3.41375793e+02,
       3.23730957e+02, 1.32941052e-01, 1.29817459e+02, 3.74678436e+02,
       1.36668473e-01, 5.52974915e+02, 3.84475586e+02, 1.00339770e-01,
       3.21784058e+02, 2.72773895e+02, 2.84103960e-01, 1.29783081e+02,
       3.70808624e+02, 4.21850353e-01, 8.68443604e+02, 2.47326904e+02,
       7.10359633e-01, 8.80122864e+02, 2.72720581e+02, 8.06707621e-01,
       0., 0., 0., 8.70289978e+02, 3.19749329e+02, 8.47890496e-01,
       8.27679214e+01, 4.06055664e+02, 1.40940070e-01, 8.67078934e+01,
       4.07974457e+02, 1.79605201e-01, 1.02354652e+02, 3.84479614e+02,
       2.81947851e-01, 8.47741241e+01, 4.02155731e+02, 7.09901899e-02,
       0., 0., 0., 1.14139130e+02, 3.88446533e+02, 7.36779720e-02 ]
