%YAML:1.0
---
pose_0: !!opencv-matrix
   rows: 1
   cols: 25
   dt: "3f"
   data: [ 9.13463196e+02, 2.51277084e+02, 7.43764043e-01,
       8.07742920e+02, 2.90428131e+02, 7.47169495e-01, 7.76252686e+02,
       2.41527466e+02, 6.89937472e-01, 6.80352539e+02, 2.43388916e+02,
       7.27564573e-01, 6.52858765e+02, 1.80735016e+02, 8.07335973e-01,
       8.42950378e+02, 3.49173309e+02, 6.57603920e-01, 7.44936768e+02,
       4.31544128e+02, 6.10112727e-01, 6.31372253e+02, 4.08016327e+02,
       4.80644941e-01, 5.56901855e+02, 3.29630829e+02, 1.94240600e-01,
       5.52980042e+02, 3.23752472e+02, 2.37484902e-01, 3.08105164e+02,
       3.51179138e+02, 1.27158418e-01, 0., 0., 0., 5.74523682e+02,
       3.76660095e+02, 1.06783845e-01, 0., 0., 0., 0., 0., 0.,
       9.17359802e+02, 2.37508667e+02, 7.84459531e-01, 9.29088135e+02,
       2.64970062e+02, 8.10000837e-01, 8.86046326e+02, 2.25855881e+02,
       4.39099610e-01, 9.15439087e+02, 3.02199738e+02, 6.32140815e-01,
       0., 0., 0., 0., 0., 0., 0., 0., 0., 0., 0., 0., 0., 0., 0., 0.,
       0., 0. ]
