%YAML:1.0
---
pose_0: !!opencv-matrix
   rows: 2
   cols: 25
   dt: "3f"
   data: [ 9.01730042e+02, 3.68794434e+02, 7.50161290e-01,
       8.36987854e+02, 2.80685730e+02, 4.06980723e-01, 8.38979492e+02,
       2.72754822e+02, 6.58011079e-01, 7.25336548e+02, 2.82583069e+02,
       7.19270349e-01, 7.29330261e+02, 4.33531067e+02, 7.60748386e-01,
       8.42910095e+02, 2.82626740e+02, 2.20718876e-01, 0., 0., 0., 0.,
       0., 0., 6.52887634e+02, 3.04141174e+02, 7.16717988e-02, 0., 0.,
       0., 0., 0., 0., 0., 0., 0., 6.60733032e+02, 3.19799805e+02,
       7.64345080e-02, 0., 0., 0., 0., 0., 0., 9.21269043e+02,
       3.59036194e+02, 7.20416427e-01, 9.19378845e+02, 3.82521027e+02,
       5.51953353e-02, 9.21325745e+02, 3.10053040e+02, 7.98855305e-01,
       0., 0., 0., 0., 0., 0., 0., 0., 0., 0., 0., 0., 0., 0., 0., 0.,
       0., 0., 0., 0., 0., 0., 0., 0., 0., 0., 0., 0., 0., 0., 0., 0.,
       0., 0., 0., 0., 0., 0., 0., 0., 0., 0., 0., 0., 0.,
       5.58838928e+02, 2.82608734e+02, 2.25150034e-01, 5.52977844e+02,
       2.64976959e+02, 2.13975698e-01, 4.31491302e+02, 3.00245636e+02,
       1.32340565e-01, 0., 0., 0., 5.64736084e+02, 2.96312164e+02,
       1.41387135e-01, 4.47183960e+02, 3.51223694e+02, 7.68583864e-02,
       1.16060623e+02, 2.92400909e+02, 1.77349612e-01, 0., 0., 0., 0.,
       0., 0., 0., 0., 0., 0., 0., 0., 9.64758148e+01, 2.66957092e+02,
       1.13353871e-01, 1.00352219e+02, 2.76723450e+02, 1.29453778e-01,
       1.02356598e+02, 2.74721893e+02, 1.12587020e-01, 0., 0., 0., 0.,
       0., 0., 0., 0., 0. ]
