%YAML:1.0
---
pose_0: !!opencv-matrix
   rows: 1
   cols: 25
   dt: "3f"
   data: [ 9.13410339e+02, 1.96473114e+02, 8.44201565e-01,
       8.21445679e+02, 2.10103561e+02, 7.33976781e-01, 8.17483765e+02,
       1.31700378e+02, 6.77616835e-01, 7.09660522e+02, 8.46634674e+01,
       7.89945126e-01, 6.21591431e+02, 1.00353378e+02, 8.15152645e-01,
       8.29247437e+02, 2.88553650e+02, 6.95379198e-01, 7.29346252e+02,
       3.68855011e+02, 7.68804073e-01, 6.31326965e+02, 3.66822144e+02,
       8.32204342e-01, 5.76471375e+02, 2.35584885e+02, 3.50020379e-01,
       5.72606934e+02, 1.90533234e+02, 4.48718011e-01, 3.72744354e+02,
       2.16008575e+02, 2.50663787e-01, 1.82698730e+02, 2.23853088e+02,
       2.42707357e-01, 5.76505920e+02, 2.78686737e+02, 4.37749684e-01,
       3.84478638e+02, 2.84547485e+02, 2.24571109e-01, 1.82683472e+02,
       2.25800537e+02, 2.74483204e-01, 9.17372437e+02, 1.78788132e+02,
       9.12661314e-01, 9.31000610e+02, 2.12123016e+02, 8.62983406e-01,
       8.99706360e+02, 1.59188995e+02, 7.00554788e-01, 9.15459412e+02,
       2.37577591e+02, 3.65154326e-01, 8.67316132e+01, 1.82687897e+02,
       5.40689155e-02, 0., 0., 0., 1.61163452e+02, 2.29707397e+02,
       1.44283712e-01, 1.00363083e+02, 1.84691010e+02, 1.21930450e-01,
       1.00367531e+02, 1.82734131e+02, 9.93442684e-02, 1.59165405e+02,
       2.27766937e+02, 1.44380480e-01 ]
