%YAML:1.0
---
pose_0: !!opencv-matrix
   rows: 1
   cols: 25
   dt: "3f"
   data: [ 8.41000488e+02, 1.18002342e+02, 7.36767113e-01,
       7.80214905e+02, 1.02358925e+02, 5.92045903e-01, 7.99825684e+02,
       4.94487495e+01, 3.26718271e-01, 0., 0., 0., 0., 0., 0.,
       7.74315186e+02, 1.55281555e+02, 4.43420708e-01, 8.23426514e+02,
       1.94360855e+02, 8.07219982e-01, 8.70399048e+02, 1.18023300e+02,
       7.43185759e-01, 6.39186523e+02, 6.31904716e+01, 9.29422453e-02,
       6.07840515e+02, 2.40491333e+01, 7.32011572e-02, 0., 0., 0., 0.,
       0., 0., 6.47000366e+02, 1.14116852e+02, 1.13251597e-01, 0., 0.,
       0., 0., 0., 0., 8.52775513e+02, 9.45288086e+01, 7.46848881e-01,
       8.58615906e+02, 1.19985382e+02, 6.39070094e-01, 8.36985168e+02,
       6.71109009e+01, 4.92370784e-01, 0., 0., 0., 0., 0., 0., 0., 0.,
       0., 0., 0., 0., 0., 0., 0., 0., 0., 0., 0., 0., 0. ]
