%YAML:1.0
---
pose_0: !!opencv-matrix
   rows: 1
   cols: 25
   dt: "3f"
   data: [ 8.70304504e+02, 2.39437225e+02, 7.95836091e-01,
       8.01751770e+02, 3.00251160e+02, 5.95822036e-01, 8.09599670e+02,
       3.04121429e+02, 3.92970741e-01, 0., 0., 0., 0., 0., 0.,
       7.93964661e+02, 3.04212433e+02, 5.98158777e-01, 6.84254578e+02,
       2.82589081e+02, 6.95641279e-01, 7.86132385e+02, 1.98403595e+02,
       5.99325895e-01, 5.39269775e+02, 3.25720703e+02, 2.14565888e-01,
       5.41203857e+02, 2.84584198e+02, 2.45345280e-01, 3.33563934e+02,
       2.96325317e+02, 1.60189569e-01, 1.33670532e+02, 3.72755859e+02,
       2.65744805e-01, 5.43184570e+02, 3.78604279e+02, 1.45862818e-01,
       3.21822571e+02, 3.02236053e+02, 2.46948734e-01, 1.35669220e+02,
       3.68796661e+02, 2.66632408e-01, 8.78226257e+02, 2.27797760e+02,
       7.80993283e-01, 8.86063477e+02, 2.57057556e+02, 8.42770755e-01,
       0., 0., 0., 8.74267944e+02, 2.98299225e+02, 7.76603103e-01,
       8.86922836e+01, 4.00221008e+02, 1.43546283e-01, 0., 0., 0.,
       1.06295181e+02, 3.78591095e+02, 1.51023015e-01, 8.86391373e+01,
       4.02163696e+02, 3.35791737e-01, 8.67318497e+01, 3.98183929e+02,
       3.11679184e-01, 1.16117027e+02, 3.80549072e+02, 1.66012973e-01 ]
