%YAML:1.0
---
pose_0: !!opencv-matrix
   rows: 1
   cols: 25
   dt: "3f"
   data: [ 1.04280676e+03, 2.53239990e+02, 7.37126231e-01,
       8.85982483e+02, 2.59109131e+02, 5.10632634e-01, 8.64441956e+02,
       1.51336060e+02, 5.31506360e-01, 7.50824890e+02, 1.33708694e+02,
       8.23134631e-02, 0., 0., 0., 8.99734802e+02, 3.57042023e+02,
       4.99318361e-01, 7.27359375e+02, 4.56971405e+02, 6.88258171e-01,
       7.76393738e+02, 3.82510956e+02, 7.13357806e-01, 5.72566895e+02,
       3.82521637e+02, 6.78127781e-02, 5.43181580e+02, 3.60973083e+02,
       6.51766360e-02, 0., 0., 0., 0., 0., 0., 6.15663635e+02,
       4.31507416e+02, 5.07400632e-02, 0., 0., 0., 0., 0., 0.,
       1.04283618e+03, 2.14053131e+02, 8.56877983e-01, 1.06041528e+03,
       2.66925598e+02, 6.34892941e-01, 9.97705566e+02, 1.76850372e+02,
       4.83977854e-01, 0., 0., 0., 0., 0., 0., 0., 0., 0., 0., 0., 0.,
       0., 0., 0., 0., 0., 0., 0., 0., 0. ]
