%YAML:1.0
---
pose_0: !!opencv-matrix
   rows: 1
   cols: 25
   dt: "3f"
   data: [ 8.86112000e+02, 2.78666290e+02, 8.37507486e-01,
       7.84136902e+02, 2.66971466e+02, 6.50190413e-01, 7.92020081e+02,
       1.96375809e+02, 6.60889149e-01, 7.29239990e+02, 1.04381462e+02,
       7.88703620e-01, 7.64541199e+02, 2.43458832e+02, 7.38621116e-01,
       7.60613708e+02, 3.37514465e+02, 5.61950803e-01, 6.56792908e+02,
       3.66806702e+02, 7.46086478e-01, 5.56977905e+02, 3.84425140e+02,
       8.13093424e-01, 5.41197998e+02, 2.66938354e+02, 3.24275374e-01,
       5.37312012e+02, 2.25759308e+02, 4.10128653e-01, 3.31581207e+02,
       2.23858627e+02, 3.82535726e-01, 1.80780029e+02, 1.47473679e+02,
       1.92016274e-01, 5.39271790e+02, 3.08114655e+02, 3.66327494e-01,
       3.53140808e+02, 3.68813354e+02, 5.74426353e-01, 1.59178558e+02,
       3.64871307e+02, 3.12312871e-01, 8.91884155e+02, 2.59103821e+02,
       8.27765465e-01, 9.01695984e+02, 2.88492798e+02, 7.97124147e-01,
       8.66388855e+02, 2.35589630e+02, 6.18940413e-01, 8.86052551e+02,
       3.06134155e+02, 2.06428081e-01, 1.25885277e+02, 4.29524963e+02,
       1.08673997e-01, 0., 0., 0., 1.31773987e+02, 3.45322510e+02,
       2.84373105e-01, 0., 0., 0., 0., 0., 0., 0., 0., 0. ]
