%YAML:1.0
---
pose_0: !!opencv-matrix
   rows: 1
   cols: 25
   dt: "3f"
   data: [ 8.62514099e+02, 3.49212036e+02, 7.69769430e-01,
       7.72398804e+02, 3.08075104e+02, 7.12966859e-01, 7.74371033e+02,
       2.41466171e+02, 7.07350791e-01, 6.64645508e+02, 2.12176056e+02,
       8.04979980e-01, 6.97959229e+02, 3.41397491e+02, 7.12680340e-01,
       7.62592285e+02, 3.76635681e+02, 5.47678709e-01, 6.62630371e+02,
       4.53056366e+02, 7.85827696e-01, 7.13557922e+02, 4.62784149e+02,
       8.33839595e-01, 5.39279114e+02, 3.19829803e+02, 3.04667920e-01,
       5.45125793e+02, 2.76714447e+02, 3.64534527e-01, 4.25638977e+02,
       2.68889618e+02, 1.75589547e-01, 3.53156219e+02, 2.86552063e+02,
       1.57447711e-01, 5.29447632e+02, 3.64877991e+02, 3.26356441e-01,
       3.55083588e+02, 3.82495911e+02, 3.10441256e-01, 1.63111465e+02,
       3.86426605e+02, 2.30856299e-01, 8.78177368e+02, 3.25759888e+02,
       7.28503227e-01, 8.80159668e+02, 3.53065887e+02, 7.89870739e-01,
       8.62491028e+02, 2.84586304e+02, 7.41424859e-01, 0., 0., 0.,
       1.02474136e+02, 4.11932617e+02, 6.00536615e-02, 0., 0., 0.,
       1.33704269e+02, 3.76651825e+02, 9.64791179e-02, 0., 0., 0., 0.,
       0., 0., 0., 0., 0. ]
