%YAML:1.0
---
pose_0: !!opencv-matrix
   rows: 1
   cols: 25
   dt: "3f"
   data: [ 1.06235266e+03, 2.57089386e+02, 7.38794506e-01,
       8.95840027e+02, 2.43471466e+02, 5.31302512e-01, 8.76243713e+02,
       1.51368179e+02, 4.08976972e-01, 6.97953552e+02, 1.80745422e+02,
       6.87844455e-02, 0., 0., 0., 9.15391113e+02, 3.37508972e+02,
       4.68765110e-01, 7.29318970e+02, 4.45227936e+02, 6.13794327e-01,
       7.44989136e+02, 3.96262787e+02, 6.25315070e-01, 6.31341858e+02,
       3.51187744e+02, 6.99016899e-02, 5.90204346e+02, 3.04165649e+02,
       8.09371620e-02, 0., 0., 0., 0., 0., 0., 6.74426575e+02,
       4.08001801e+02, 6.26830086e-02, 0., 0., 0., 0., 0., 0.,
       1.05851196e+03, 2.19936813e+02, 8.31189990e-01, 1.09178516e+03,
       2.59052612e+02, 6.64840162e-01, 1.01335565e+03, 1.76796982e+02,
       4.82471883e-01, 0., 0., 0., 0., 0., 0., 0., 0., 0., 0., 0., 0.,
       0., 0., 0., 0., 0., 0., 0., 0., 0. ]
