%YAML:1.0
---
pose_0: !!opencv-matrix
   rows: 1
   cols: 25
   dt: "3f"
   data: [ 9.09548950e+02, 3.82502106e+02, 7.68471003e-01,
       8.03738281e+02, 4.00189484e+02, 6.78180039e-01, 7.92032837e+02,
       3.25725800e+02, 6.57417297e-01, 7.44999207e+02, 2.88482361e+02,
       4.03111517e-01, 6.78341614e+02, 2.51234344e+02, 6.24662995e-01,
       8.05723083e+02, 4.80497681e+02, 6.06393933e-01, 6.97907227e+02,
       5.35321228e+02, 6.32582903e-01, 5.74542603e+02, 6.05836670e+02,
       5.98941088e-01, 5.56911926e+02, 4.11885712e+02, 2.12025821e-01,
       5.52969177e+02, 3.70775238e+02, 3.19884658e-01, 3.08094757e+02,
       3.49201447e+02, 1.46226630e-01, 1.37640137e+02, 3.19812866e+02,
       2.34935507e-01, 5.52965881e+02, 4.58933167e+02, 1.86461285e-01,
       3.84502136e+02, 5.02016571e+02, 1.67131066e-01, 0., 0., 0.,
       9.15330811e+02, 3.62956329e+02, 7.78841019e-01, 9.21315796e+02,
       3.98164795e+02, 7.73602486e-01, 8.85973206e+02, 3.41428467e+02,
       3.50169629e-01, 9.05629456e+02, 4.17841888e+02, 1.73847675e-01,
       0., 0., 0., 0., 0., 0., 0., 0., 0., 0., 0., 0., 0., 0., 0., 0.,
       0., 0. ]
