%YAML:1.0
---
pose_0: !!opencv-matrix
   rows: 1
   cols: 25
   dt: "3f"
   data: [ 9.80097839e+02, 2.45433594e+02, 8.10438991e-01,
       8.60530640e+02, 2.90399872e+02, 6.95473969e-01, 8.23402100e+02,
       2.14030243e+02, 6.62835538e-01, 7.07768555e+02, 2.10104477e+02,
       6.11897767e-01, 6.03888123e+02, 1.92472031e+02, 8.38449478e-01,
       8.93832336e+02, 3.68818237e+02, 6.62064552e-01, 7.74298035e+02,
       4.33537048e+02, 7.58719742e-01, 7.13620544e+02, 2.90479553e+02,
       6.87381864e-01, 5.86283936e+02, 3.25707031e+02, 1.25428051e-01,
       5.68653076e+02, 2.72798553e+02, 1.44983232e-01, 3.82487610e+02,
       2.43400726e+02, 1.52985483e-01, 0., 0., 0., 5.98030273e+02,
       3.80560394e+02, 9.67001840e-02, 0., 0., 0., 0., 0., 0.,
       9.85977722e+02, 2.25752930e+02, 7.95594513e-01, 1.00162799e+03,
       2.59173309e+02, 8.53405356e-01, 9.56537292e+02, 2.06198578e+02,
       4.52741683e-01, 9.91760254e+02, 2.96299225e+02, 5.09711146e-01,
       0., 0., 0., 0., 0., 0., 0., 0., 0., 0., 0., 0., 0., 0., 0., 0.,
       0., 0. ]
