%YAML:1.0
---
pose_0: !!opencv-matrix
   rows: 1
   cols: 25
   dt: "3f"
   data: [ 9.44799744e+02, 2.10026672e+02, 7.79643416e-01,
       8.60543640e+02, 2.90536621e+02, 5.66117764e-01, 8.35101563e+02,
       2.61075531e+02, 3.61659765e-01, 7.13679382e+02, 2.63036041e+02,
       1.08986206e-01, 6.64631958e+02, 2.17997131e+02, 8.36931318e-02,
       8.80126404e+02, 3.29632019e+02, 6.14760220e-01, 7.44904724e+02,
       3.66851593e+02, 7.44236529e-01, 6.54876831e+02, 2.14065735e+02,
       7.32982755e-01, 5.56870667e+02, 3.19870361e+02, 1.72286779e-01,
       5.60808167e+02, 2.90436829e+02, 2.00269207e-01, 2.94387909e+02,
       3.51170929e+02, 4.15336072e-01, 1.35679459e+02, 4.17785919e+02,
       2.78418601e-01, 5.78441345e+02, 3.70770081e+02, 9.60970595e-02,
       0., 0., 0., 0., 0., 0., 0., 0., 0., 9.64376465e+02,
       2.17987152e+02, 7.57137179e-01, 0., 0., 0., 9.62490234e+02,
       2.86514343e+02, 8.42646718e-01, 0., 0., 0., 0., 0., 0., 0., 0.,
       0., 0., 0., 0., 0., 0., 0., 1.00399635e+02, 4.19754852e+02,
       1.65413111e-01 ]
