%YAML:1.0
---
pose_0: !!opencv-matrix
   rows: 1
   cols: 25
   dt: "3f"
   data: [ 9.01753906e+02, 2.12101517e+02, 7.60244966e-01,
       8.54636658e+02, 2.76795135e+02, 5.25010765e-01, 8.52748779e+02,
       2.74768555e+02, 2.57456809e-01, 6.64586792e+02, 2.72871216e+02,
       3.61562252e-01, 6.68630859e+02, 1.90542572e+02, 7.17060804e-01,
       8.68367371e+02, 2.88443268e+02, 4.97370124e-01, 7.70462708e+02,
       2.19893097e+02, 5.71469784e-01, 7.11657349e+02, 1.53319427e+02,
       7.56413698e-01, 5.60808289e+02, 3.23777618e+02, 2.19783872e-01,
       5.56866272e+02, 2.92412231e+02, 2.50772744e-01, 3.49236847e+02,
       2.92393494e+02, 9.50560272e-02, 0., 0., 0., 5.60816101e+02,
       3.66858063e+02, 1.52728707e-01, 3.66828430e+02, 3.04210999e+02,
       5.61676249e-02, 0., 0., 0., 9.15480164e+02, 2.02261139e+02,
       6.99575126e-01, 9.31102173e+02, 2.29726974e+02, 8.69693398e-01,
       0., 0., 0., 9.23248535e+02, 2.82588562e+02, 7.63808012e-01, 0.,
       0., 0., 0., 0., 0., 0., 0., 0., 0., 0., 0., 0., 0., 0., 0., 0.,
       0. ]
