%YAML:1.0
---
pose_0: !!opencv-matrix
   rows: 1
   cols: 25
   dt: "3f"
   data: [ 9.46781921e+02, 2.23844727e+02, 8.68211210e-01,
       8.21360046e+02, 2.31681488e+02, 6.71422660e-01, 8.19417664e+02,
       1.45435165e+02, 6.55671656e-01, 7.01889648e+02, 9.06536942e+01,
       7.37642527e-01, 6.68601929e+02, 1.29725418e+02, 8.20670724e-01,
       8.23300598e+02, 3.17869476e+02, 6.57605529e-01, 7.27263916e+02,
       3.98157379e+02, 8.28780532e-01, 6.35269043e+02, 3.98150116e+02,
       8.29930305e-01, 5.88252991e+02, 2.55144852e+02, 3.18237901e-01,
       5.88255066e+02, 2.08157043e+02, 3.48187387e-01, 3.98214203e+02,
       2.17993301e+02, 1.11062944e-01, 3.47269440e+02, 2.21866196e+02,
       7.99423009e-02, 5.90213196e+02, 2.96344482e+02, 2.46724203e-01,
       4.60879761e+02, 2.96322479e+02, 1.33483842e-01, 3.43348602e+02,
       2.74809021e+02, 9.07283351e-02, 9.44826904e+02, 1.96524689e+02,
       8.85337889e-01, 9.66319702e+02, 2.25793762e+02, 7.67734528e-01,
       9.01762146e+02, 1.80743210e+02, 7.78951049e-01, 9.42829102e+02,
       2.57118469e+02, 2.07921311e-01, 0., 0., 0., 0., 0., 0., 0., 0.,
       0., 0., 0., 0., 0., 0., 0., 0., 0., 0. ]
