%YAML:1.0
---
pose_0: !!opencv-matrix
   rows: 1
   cols: 25
   dt: "3f"
   data: [ 1.07404358e+03, 2.41376114e+02, 7.72960544e-01,
       9.25222900e+02, 2.33666641e+02, 5.21990120e-01, 9.23278870e+02,
       1.53319885e+02, 5.29306829e-01, 8.68447510e+02, 2.60007401e+01,
       7.07117677e-01, 1.05638916e+03, 1.29770569e+02, 7.06253707e-01,
       9.17336853e+02, 3.19852448e+02, 4.92779195e-01, 8.66451111e+02,
       4.49122986e+02, 6.46777689e-01, 1.02707117e+03, 3.60979797e+02,
       5.12690902e-01, 5.70608337e+02, 3.17871735e+02, 5.42882830e-02,
       0., 0., 0., 0., 0., 0., 0., 0., 0., 0., 0., 0., 0., 0., 0., 0.,
       0., 0., 1.08778247e+03, 2.14013687e+02, 7.44233191e-01,
       1.08979834e+03, 2.63003693e+02, 6.88879490e-01, 1.08777527e+03,
       1.84639633e+02, 3.85063440e-01, 1.06236877e+03, 2.96303711e+02,
       3.27773333e-01, 0., 0., 0., 0., 0., 0., 0., 0., 0., 0., 0., 0.,
       0., 0., 0., 0., 0., 0. ]
