%YAML:1.0
---
pose_0: !!opencv-matrix
   rows: 1
   cols: 25
   dt: "3f"
   data: [ 8.72350342e+02, 2.51302887e+02, 7.71941841e-01,
       8.23383972e+02, 3.02159241e+02, 5.47684848e-01, 8.33105347e+02,
       2.98283020e+02, 3.61981124e-01, 0., 0., 0., 0., 0., 0.,
       8.29228821e+02, 3.08078064e+02, 5.28026938e-01, 7.41033875e+02,
       2.76715668e+02, 6.88096762e-01, 7.39094727e+02, 1.96388443e+02,
       6.74402118e-01, 5.39223938e+02, 3.45303894e+02, 1.87750161e-01,
       5.37275452e+02, 3.13979675e+02, 2.04326972e-01, 3.39436737e+02,
       3.02203400e+02, 1.67391509e-01, 1.31805283e+02, 3.78612732e+02,
       1.48034543e-01, 5.23617065e+02, 3.64887421e+02, 1.23734906e-01,
       3.29648590e+02, 2.94350220e+02, 2.57323474e-01, 1.27858002e+02,
       3.78629425e+02, 3.12210143e-01, 8.82140137e+02, 2.41459473e+02,
       8.37980032e-01, 8.95791992e+02, 2.65023529e+02, 8.08614969e-01,
       0., 0., 0., 8.84128906e+02, 3.12031738e+02, 7.85809636e-01,
       8.27766037e+01, 4.00189056e+02, 1.27471834e-01, 9.05955887e+01,
       4.04105988e+02, 1.48134723e-01, 1.10203125e+02, 3.86427734e+02,
       2.47104421e-01, 8.86757965e+01, 4.04079163e+02, 7.48891234e-02,
       8.86545563e+01, 4.02160767e+02, 5.78692481e-02, 1.18038284e+02,
       3.86431641e+02, 8.98342356e-02 ]
