%YAML:1.0
---
pose_0: !!opencv-matrix
   rows: 1
   cols: 25
   dt: "3f"
   data: [ 9.38922119e+02, 3.04088379e+02, 4.98562872e-01,
       8.39001038e+02, 2.72760925e+02, 5.89401901e-01, 8.40996277e+02,
       2.27788071e+02, 3.67201358e-01, 0., 0., 0., 0., 0., 0.,
       8.35111389e+02, 3.10048615e+02, 4.96328115e-01, 8.37022949e+02,
       3.94265411e+02, 7.57759750e-01, 9.13412598e+02, 4.04085815e+02,
       7.47791886e-01, 6.17620117e+02, 2.39496704e+02, 1.61732405e-01,
       5.86291077e+02, 2.47343140e+02, 1.21118717e-01, 2.63053741e+02,
       3.11999359e+02, 1.10676162e-01, 1.00397385e+02, 3.08096405e+02,
       3.14164758e-01, 6.45033508e+02, 2.19907578e+02, 1.23815186e-01,
       0., 0., 0., 0., 0., 0., 9.50665283e+02, 2.90541687e+02,
       6.52433157e-01, 9.56578552e+02, 3.06201752e+02, 3.01199645e-01,
       9.60451904e+02, 2.45452454e+02, 6.39769614e-01, 0., 0., 0., 0.,
       0., 0., 0., 0., 0., 0., 0., 0., 5.72962418e+01, 2.76774689e+02,
       1.30689308e-01, 6.12629814e+01, 2.76772430e+02, 1.18641831e-01,
       8.47868576e+01, 3.21776917e+02, 2.11692929e-01 ]
