%YAML:1.0
---
pose_0: !!opencv-matrix
   rows: 1
   cols: 25
   dt: "3f"
   data: [ 9.11473022e+02, 2.43384613e+02, 8.07503819e-01,
       8.07718262e+02, 3.02195679e+02, 6.72842145e-01, 7.89958496e+02,
       2.29707886e+02, 5.83680630e-01, 6.70525879e+02, 2.27724686e+02,
       2.22345442e-01, 5.84299744e+02, 2.23829407e+02, 1.03022240e-01,
       8.21357727e+02, 3.68874725e+02, 6.54465616e-01, 6.93994690e+02,
       4.29479462e+02, 7.16900408e-01, 5.52934753e+02, 3.90359619e+02,
       7.78933585e-01, 5.37277527e+02, 3.11996399e+02, 1.84198901e-01,
       5.27525879e+02, 2.68908813e+02, 2.25150913e-01, 3.66824768e+02,
       2.74804321e+02, 5.06825298e-02, 0., 0., 0., 5.29473206e+02,
       3.62942810e+02, 1.34072274e-01, 3.31591583e+02, 4.13913879e+02,
       2.32565030e-01, 1.41555298e+02, 4.62841125e+02, 1.92706808e-01,
       9.17386719e+02, 2.27774323e+02, 8.35926533e-01, 9.30999146e+02,
       2.59151398e+02, 8.90251696e-01, 0., 0., 0., 9.15375427e+02,
       3.02131134e+02, 6.29478157e-01, 7.29596558e+01, 4.64845886e+02,
       1.22595645e-01, 8.66677780e+01, 4.78494049e+02, 1.18484549e-01,
       1.45451721e+02, 4.64807373e+02, 1.52934507e-01, 0., 0., 0., 0.,
       0., 0., 0., 0., 0. ]
