%YAML:1.0
---
pose_0: !!opencv-matrix
   rows: 1
   cols: 25
   dt: "3f"
   data: [ 8.72319946e+02, 2.27731964e+02, 7.81156123e-01,
       8.07677612e+02, 2.88437378e+02, 5.45819104e-01, 8.03720764e+02,
       2.64996063e+02, 1.72044411e-01, 0., 0., 0., 0., 0., 0.,
       8.09602844e+02, 3.10051208e+02, 5.30499876e-01, 7.25355896e+02,
       2.63043488e+02, 7.31082261e-01, 7.91911499e+02, 1.82677933e+02,
       8.43536019e-01, 6.03904297e+02, 3.15930420e+02, 3.13228786e-01,
       5.92181580e+02, 2.78715424e+02, 3.14452201e-01, 4.25625580e+02,
       3.13949341e+02, 6.45263493e-02, 0., 0., 0., 6.27426147e+02,
       3.45326935e+02, 2.25548536e-01, 3.15922241e+02, 3.39455597e+02,
       3.34652513e-01, 1.27869827e+02, 3.80600220e+02, 2.80495495e-01,
       8.86052795e+02, 2.25763077e+02, 6.84664488e-01, 8.91897766e+02,
       2.45381012e+02, 8.03475678e-01, 0., 0., 0., 8.83982422e+02,
       2.90513519e+02, 8.08610380e-01, 9.64530945e+01, 3.84475952e+02,
       8.34157318e-02, 1.00380165e+02, 3.98176361e+02, 1.13946781e-01,
       1.14128281e+02, 3.88426239e+02, 2.14083433e-01, 0., 0., 0., 0.,
       0., 0., 0., 0., 0. ]
