%YAML:1.0
---
pose_0: !!opencv-matrix
   rows: 1
   cols: 25
   dt: "3f"
   data: [ 8.88026794e+02, 3.51227692e+02, 2.34790027e-01,
       7.76316895e+02, 3.21867188e+02, 4.69329327e-01, 7.97896484e+02,
       2.57134735e+02, 4.73870188e-01, 7.78279236e+02, 2.84608276e+02,
       6.63280070e-01, 8.70309387e+02, 3.66867065e+02, 8.30797911e-01,
       7.68461670e+02, 3.82467377e+02, 5.73086619e-01, 7.11747437e+02,
       4.90220642e+02, 8.29470158e-01, 7.95937683e+02, 4.60848389e+02,
       8.34632754e-01, 5.25573364e+02, 3.23766602e+02, 2.79715449e-01,
       5.31423584e+02, 2.88451477e+02, 3.27425003e-01, 3.51186310e+02,
       2.49306931e+02, 2.15192989e-01, 0., 0., 0., 5.19681824e+02,
       3.64906586e+02, 2.69236982e-01, 3.37490662e+02, 3.74672424e+02,
       2.17059746e-01, 1.53327454e+02, 3.53090118e+02, 3.31874371e-01,
       8.99674805e+02, 3.49234253e+02, 3.35093558e-01, 0., 0., 0.,
       8.97717285e+02, 3.27660400e+02, 5.31676233e-01, 0., 0., 0.,
       9.64806519e+01, 3.80552063e+02, 1.81843340e-01, 1.04374084e+02,
       3.84503113e+02, 2.00065538e-01, 1.29818283e+02, 3.35505951e+02,
       2.35613927e-01, 0., 0., 0., 0., 0., 0., 0., 0., 0. ]
