%YAML:1.0
---
pose_0: !!opencv-matrix
   rows: 1
   cols: 25
   dt: "3f"
   data: [ 9.15455994e+02, 3.53174622e+02, 8.58707070e-01,
       8.07646851e+02, 3.51235657e+02, 5.33860981e-01, 8.25285767e+02,
       2.70834839e+02, 5.85255086e-01, 8.39010864e+02, 2.21857697e+02,
       2.81405270e-01, 9.89846802e+02, 1.53346283e+02, 7.46417940e-02,
       7.88100342e+02, 4.41315674e+02, 5.13924718e-01, 6.90103882e+02,
       4.62842102e+02, 6.54275298e-01, 5.56824524e+02, 4.47279022e+02,
       7.87166595e-01, 5.49070374e+02, 3.35542755e+02, 1.74755633e-01,
       5.51000549e+02, 3.00229156e+02, 2.05970153e-01, 3.55120453e+02,
       2.31670685e+02, 1.11197248e-01, 0., 0., 0., 5.56914429e+02,
       3.84521667e+02, 1.35312304e-01, 0., 0., 0., 0., 0., 0.,
       9.23230652e+02, 3.25757355e+02, 7.95735776e-01, 9.33049194e+02,
       3.66790314e+02, 8.61216426e-01, 8.99664490e+02, 3.00261017e+02,
       4.36427534e-01, 9.17320740e+02, 3.84389648e+02, 8.31498355e-02,
       0., 0., 0., 0., 0., 0., 0., 0., 0., 0., 0., 0., 0., 0., 0., 0.,
       0., 0. ]
