%YAML:1.0
---
pose_0: !!opencv-matrix
   rows: 1
   cols: 25
   dt: "3f"
   data: [ 8.97764709e+02, 3.76610321e+02, 6.85240448e-01,
       7.90028076e+02, 3.78605469e+02, 6.89699113e-01, 7.88073792e+02,
       3.02211975e+02, 6.17551506e-01, 6.60718872e+02, 2.33656509e+02,
       7.35782683e-01, 7.29366455e+02, 2.55151978e+02, 7.79646218e-01,
       7.91944336e+02, 4.49156342e+02, 6.19866192e-01, 6.92077942e+02,
       5.39239990e+02, 8.06590080e-01, 7.86073364e+02, 5.29487061e+02,
       7.31683016e-01, 5.41211609e+02, 4.04106720e+02, 3.08711737e-01,
       5.39257080e+02, 3.64861969e+02, 3.70584011e-01, 3.37479004e+02,
       3.72777435e+02, 3.43825847e-01, 0., 0., 0., 5.43168030e+02,
       4.51100677e+02, 3.19824696e-01, 3.53141510e+02, 5.00085480e+02,
       1.52808338e-01, 1.74857361e+02, 5.25596619e+02, 1.93173319e-01,
       9.11472595e+02, 3.55153839e+02, 7.57825613e-01, 9.03675232e+02,
       3.90355042e+02, 6.42127752e-01, 8.85998230e+02, 3.35547363e+02,
       5.74400187e-01, 8.86009338e+02, 4.13827972e+02, 2.00100213e-01,
       1.18098320e+02, 5.68625977e+02, 5.67187779e-02, 0., 0., 0., 0.,
       0., 0., 0., 0., 0., 0., 0., 0., 0., 0., 0. ]
