%YAML:1.0
---
pose_0: !!opencv-matrix
   rows: 1
   cols: 25
   dt: "3f"
   data: [ 8.93830139e+02, 1.63055511e+02, 7.12277114e-01,
       8.01737122e+02, 1.96481903e+02, 7.31323361e-01, 7.80268250e+02,
       1.20058624e+02, 6.91523135e-01, 6.84221191e+02, 6.32135582e+01,
       7.32212603e-01, 6.78295227e+02, 1.16146614e+02, 8.31543565e-01,
       8.17471802e+02, 2.72829285e+02, 7.07785189e-01, 7.13630737e+02,
       3.51148560e+02, 7.81671882e-01, 5.99923828e+02, 3.78594086e+02,
       7.80960619e-01, 5.47079407e+02, 2.39526657e+02, 3.20568413e-01,
       5.54962585e+02, 1.94473999e+02, 3.01162630e-01, 4.90282257e+02,
       1.49377914e+02, 3.95412803e-01, 1.41548370e+02, 2.84549225e+02,
       6.83630928e-02, 5.45161743e+02, 2.74795685e+02, 3.12159717e-01,
       3.68795746e+02, 2.57129303e+02, 3.98751497e-01, 1.63086868e+02,
       3.19798370e+02, 3.91756952e-01, 9.01681824e+02, 1.47434296e+02,
       8.22874784e-01, 9.09553955e+02, 1.78821869e+02, 8.23841214e-01,
       8.80138489e+02, 1.33671951e+02, 4.03365821e-01, 8.95842346e+02,
       2.12001251e+02, 7.29016960e-01, 1.06323326e+02, 3.39414124e+02,
       1.25717059e-01, 1.18064262e+02, 3.45319550e+02, 1.40145779e-01,
       1.47437088e+02, 3.27647919e+02, 3.10073435e-01, 0., 0., 0., 0.,
       0., 0., 0., 0., 0. ]
