%YAML:1.0
---
pose_0: !!opencv-matrix
   rows: 1
   cols: 25
   dt: "3f"
   data: [ 1.12120923e+03, 7.29724274e+01, 7.21696198e-01,
       9.48729980e+02, 1.35680603e+02, 4.86997962e-01, 9.15397888e+02,
       3.18538971e+01, 4.81338978e-01, 7.11678894e+02, 5.33624554e+00,
       5.34386277e-01, 0., 0., 0., 9.78058533e+02, 2.51285858e+02,
       4.32920843e-01, 7.92017456e+02, 3.70751678e+02, 5.43116391e-01,
       7.60616028e+02, 3.04219025e+02, 4.16049391e-01, 6.74443726e+02,
       1.98372116e+02, 8.80774707e-02, 6.43085938e+02, 1.49380005e+02,
       1.07742250e-01, 0., 0., 0., 0., 0., 0., 6.78358093e+02,
       2.63014465e+02, 7.09660575e-02, 0., 0., 0., 0., 0., 0.,
       1.13688354e+03, 3.76937370e+01, 6.62461042e-01, 1.15243896e+03,
       9.45676651e+01, 7.76157022e-01, 1.09764233e+03, 5.34243441e+00,
       4.67867881e-01, 1.13680713e+03, 1.45455261e+02, 4.52046514e-01,
       0., 0., 0., 0., 0., 0., 0., 0., 0., 0., 0., 0., 0., 0., 0., 0.,
       0., 0. ]
