%YAML:1.0
---
pose_0: !!opencv-matrix
   rows: 1
   cols: 25
   dt: "3f"
   data: [ 9.48746216e+02, 2.25748535e+02, 8.80624533e-01,
       8.21289490e+02, 2.35562164e+02, 6.45056963e-01, 8.17424438e+02,
       1.47435684e+02, 6.41288638e-01, 6.97968628e+02, 8.87288132e+01,
       7.26216674e-01, 6.64604431e+02, 1.23946320e+02, 8.08057427e-01,
       8.23352844e+02, 3.19785309e+02, 6.53601646e-01, 7.25344666e+02,
       3.98291290e+02, 8.24518800e-01, 6.43064148e+02, 3.96282471e+02,
       7.87264585e-01, 5.86285522e+02, 2.43451935e+02, 2.79344797e-01,
       5.86261658e+02, 1.98354218e+02, 3.42002153e-01, 3.33558929e+02,
       2.35575256e+02, 2.02535406e-01, 8.86651154e+01, 2.43420410e+02,
       1.94792837e-01, 5.84304199e+02, 2.90487183e+02, 1.98326960e-01,
       4.64811432e+02, 2.98300598e+02, 1.14977852e-01, 3.57080658e+02,
       2.88486328e+02, 1.06423482e-01, 9.48663330e+02, 2.00379181e+02,
       8.76941264e-01, 9.64322205e+02, 2.31691132e+02, 7.23228574e-01,
       9.07600891e+02, 1.80781754e+02, 7.45200932e-01, 9.40865051e+02,
       2.59086395e+02, 2.04687074e-01, 3.39486053e+02, 2.96354523e+02,
       1.82514668e-01, 3.47254333e+02, 3.02152679e+02, 1.76557600e-01,
       0., 0., 0., 0., 0., 0., 0., 0., 0., 0., 0., 0. ]
