%YAML:1.0
---
pose_0: !!opencv-matrix
   rows: 1
   cols: 25
   dt: "3f"
   data: [ 8.99738159e+02, 3.53230225e+02, 7.98753679e-01,
       8.33135986e+02, 3.27684326e+02, 3.60343456e-01, 8.29231262e+02,
       3.21780182e+02, 3.16859871e-01, 6.82282654e+02, 4.41259583e+02,
       3.46789211e-01, 5.54978943e+02, 4.92254669e+02, 2.38646388e-01,
       8.25314758e+02, 3.47256775e+02, 2.09262684e-01, 6.80313599e+02,
       4.45121033e+02, 3.82243574e-01, 5.54936890e+02, 4.92240570e+02,
       4.59901929e-01, 5.70595154e+02, 3.27668945e+02, 1.16861641e-01,
       5.70631836e+02, 3.04159302e+02, 1.59294993e-01, 3.35508881e+02,
       2.15975586e+02, 2.48589173e-01, 1.68982605e+02, 1.23898865e+02,
       8.64654779e-02, 5.60809082e+02, 3.37460541e+02, 8.26008543e-02,
       3.31593536e+02, 2.14087906e+02, 1.54749423e-01, 1.72892532e+02,
       1.21967041e+02, 1.02857411e-01, 9.09544250e+02, 3.35458618e+02,
       7.93447137e-01, 9.11503540e+02, 3.68799133e+02, 7.45410681e-01,
       8.93849548e+02, 3.06220612e+02, 6.28790915e-01, 0., 0., 0., 0.,
       0., 0., 0., 0., 0., 0., 0., 0., 0., 0., 0., 0., 0., 0., 0., 0.,
       0. ]
