%YAML:1.0
---
pose_0: !!opencv-matrix
   rows: 1
   cols: 25
   dt: "3f"
   data: [ 9.29120972e+02, 3.51106812e+02, 8.29334915e-01,
       8.15521179e+02, 3.68802826e+02, 6.89511359e-01, 8.03768250e+02,
       2.92420715e+02, 7.34267533e-01, 6.64682190e+02, 2.76737152e+02,
       6.78123891e-01, 5.86309753e+02, 2.74713379e+02, 8.74352098e-01,
       8.25278809e+02, 4.47179901e+02, 6.29449427e-01, 7.05767822e+02,
       5.07861298e+02, 7.70213723e-01, 6.99914673e+02, 3.94280182e+02,
       7.96176076e-01, 5.41200684e+02, 3.84485626e+02, 3.00422788e-01,
       5.54937256e+02, 3.37452271e+02, 3.44218522e-01, 4.15819550e+02,
       3.17866547e+02, 7.15596154e-02, 3.62953491e+02, 2.88522400e+02,
       2.51363963e-01, 5.31415039e+02, 4.23688171e+02, 3.05520922e-01,
       3.62947083e+02, 4.72632965e+02, 3.12169611e-01, 1.65066513e+02,
       5.07948853e+02, 3.19980502e-01, 9.33019165e+02, 3.29604492e+02,
       8.92604232e-01, 9.44742188e+02, 3.64868134e+02, 8.38331401e-01,
       9.01775330e+02, 3.08124146e+02, 6.45316243e-01, 9.23226685e+02,
       3.88402588e+02, 3.14621270e-01, 9.25960770e+01, 5.15759338e+02,
       1.34428173e-01, 1.04304955e+02, 5.23596375e+02, 1.45952150e-01,
       1.49388016e+02, 5.03982086e+02, 1.15263082e-01, 0., 0., 0., 0.,
       0., 0., 0., 0., 0. ]
