%YAML:1.0
---
pose_0: !!opencv-matrix
   rows: 1
   cols: 25
   dt: "3f"
   data: [ 8.86029602e+02, 3.98111664e+02, 8.11391652e-01,
       7.76309875e+02, 4.17848419e+02, 7.24483252e-01, 7.60643311e+02,
       3.51169830e+02, 7.36375332e-01, 6.39192505e+02, 3.02235809e+02,
       7.70414114e-01, 6.84232666e+02, 2.90537170e+02, 7.77844727e-01,
       7.89964844e+02, 4.92275818e+02, 6.30011678e-01, 6.72462708e+02,
       5.72630188e+02, 7.80488014e-01, 7.74416504e+02, 5.47071289e+02,
       7.93040872e-01, 5.13825684e+02, 4.29509308e+02, 3.42838347e-01,
       5.19686035e+02, 3.82491669e+02, 4.28135961e-01, 3.49210388e+02,
       3.70753387e+02, 3.35712433e-01, 0., 0., 0., 5.21596680e+02,
       4.74595154e+02, 3.86637390e-01, 3.64888245e+02, 4.94196289e+02,
       3.35883677e-01, 1.82718307e+02, 5.25593872e+02, 2.32472733e-01,
       8.86110596e+02, 3.82488495e+02, 8.53651941e-01, 8.97798950e+02,
       4.11948853e+02, 7.26823330e-01, 8.58632507e+02, 3.68865784e+02,
       4.89658475e-01, 8.80131409e+02, 4.45152557e+02, 6.98511183e-01,
       1.47425079e+02, 5.09856079e+02, 1.19340152e-01, 0., 0., 0.,
       1.59202896e+02, 5.17719910e+02, 1.08571872e-01, 0., 0., 0., 0.,
       0., 0., 0., 0., 0. ]
