%YAML:1.0
---
pose_0: !!opencv-matrix
   rows: 1
   cols: 25
   dt: "3f"
   data: [ 9.23256470e+02, 2.41512268e+02, 7.74702966e-01,
       8.52630737e+02, 3.21810120e+02, 5.95227838e-01, 8.62510925e+02,
       3.37496948e+02, 4.27117884e-01, 0., 0., 0., 0., 0., 0.,
       8.46808105e+02, 3.15910461e+02, 5.27878940e-01, 7.27276917e+02,
       2.64956818e+02, 7.07265556e-01, 8.50784851e+02, 1.94399521e+02,
       5.09066820e-01, 5.50995911e+02, 3.35509460e+02, 1.62272155e-01,
       5.35352478e+02, 3.17874329e+02, 1.08122543e-01, 3.21780914e+02,
       3.21785706e+02, 1.03047252e-01, 0., 0., 0., 5.52981750e+02,
       3.29629181e+02, 1.14645362e-01, 4.21713928e+02, 3.57068451e+02,
       6.05727993e-02, 3.33531464e+02, 3.31575195e+02, 1.15571558e-01,
       9.42799072e+02, 2.41449600e+02, 1.95468023e-01, 9.46683899e+02,
       2.57055145e+02, 8.49617183e-01, 0., 0., 0., 9.33147461e+02,
       3.15946136e+02, 8.07149053e-01, 0., 0., 0., 0., 0., 0., 0., 0.,
       0., 0., 0., 0., 0., 0., 0., 0., 0., 0. ]
