%YAML:1.0
---
pose_0: !!opencv-matrix
   rows: 1
   cols: 25
   dt: "3f"
   data: [ 9.15426514e+02, 2.90498566e+02, 8.47253621e-01,
       8.09620239e+02, 3.13984344e+02, 6.84829593e-01, 7.97890015e+02,
       2.51288483e+02, 6.84945881e-01, 7.01876465e+02, 2.37574158e+02,
       2.45654166e-01, 7.35157288e+02, 3.08085419e+02, 8.08411539e-02,
       8.21352478e+02, 3.80579742e+02, 6.33175731e-01, 7.47001709e+02,
       4.00140961e+02, 8.12060535e-01, 7.37123108e+02, 3.04210571e+02,
       6.45541191e-01, 5.74533569e+02, 3.13945129e+02, 2.08490819e-01,
       5.74544189e+02, 2.72848541e+02, 2.39609495e-01, 3.37508606e+02,
       2.94351532e+02, 4.11415190e-01, 1.65036194e+02, 3.49188416e+02,
       9.76160988e-02, 5.70611572e+02, 3.66855865e+02, 1.54373467e-01,
       3.68834076e+02, 3.68828339e+02, 1.87164590e-01, 3.53185059e+02,
       3.66836426e+02, 1.00112528e-01, 9.19297607e+02, 2.74757141e+02,
       8.86904538e-01, 9.29096558e+02, 3.06168060e+02, 8.45763922e-01,
       8.91908630e+02, 2.59146606e+02, 5.10764480e-01, 9.09561340e+02,
       3.35556610e+02, 5.17736614e-01, 3.51082733e+02, 3.76667969e+02,
       8.69610235e-02, 3.51195129e+02, 3.82475128e+02, 8.00128207e-02,
       0., 0., 0., 1.06312660e+02, 3.86471802e+02, 1.40174523e-01,
       1.10228630e+02, 3.84466064e+02, 1.34892866e-01, 0., 0., 0. ]
