%YAML:1.0
---
pose_0: !!opencv-matrix
   rows: 1
   cols: 25
   dt: "3f"
   data: [ 8.87973267e+02, 1.63104813e+02, 7.90610671e-01,
       7.91912292e+02, 1.96421677e+02, 7.74956763e-01, 7.72407654e+02,
       1.18063538e+02, 6.96976721e-01, 6.66651794e+02, 6.12482147e+01,
       7.91894674e-01, 6.48983765e+02, 1.08231842e+02, 7.36313581e-01,
       8.05748108e+02, 2.74767426e+02, 7.30208755e-01, 7.05767639e+02,
       3.39419525e+02, 6.80513799e-01, 5.86191956e+02, 3.70780579e+02,
       8.05318713e-01, 5.50992615e+02, 2.37568619e+02, 2.86449820e-01,
       5.49066956e+02, 1.88588593e+02, 2.58787960e-01, 4.82478333e+02,
       1.49442017e+02, 1.52395740e-01, 0., 0., 0., 5.54906311e+02,
       2.78688171e+02, 3.89713377e-01, 3.51194458e+02, 2.63064941e+02,
       4.32862699e-01, 1.67034241e+02, 3.06202148e+02, 3.56372744e-01,
       8.97721741e+02, 1.47495911e+02, 8.27929020e-01, 9.03627075e+02,
       1.78852249e+02, 8.42328250e-01, 8.70397949e+02, 1.33729843e+02,
       5.02804279e-01, 8.89947693e+02, 2.12024994e+02, 6.90916598e-01,
       1.47410019e+02, 2.61057343e+02, 1.80334643e-01, 1.43514954e+02,
       2.72807373e+02, 1.55102521e-01, 1.47409195e+02, 3.19825104e+02,
       2.30170533e-01, 0., 0., 0., 0., 0., 0., 0., 0., 0. ]
