%YAML:1.0
---
pose_0: !!opencv-matrix
   rows: 1
   cols: 25
   dt: "3f"
   data: [ 1.07405261e+03, 2.43414627e+02, 7.65095949e-01,
       9.33069031e+02, 2.59098541e+02, 4.52203751e-01, 9.19355347e+02,
       1.51351685e+02, 4.83868599e-01, 7.64563354e+02, 9.64696121e+01,
       6.00153804e-01, 6.19517456e+02, 9.65238266e+01, 7.45942354e-01,
       9.44759583e+02, 3.62906464e+02, 5.05573571e-01, 8.05726440e+02,
       4.57003906e+02, 6.87274873e-01, 7.11598694e+02, 4.04116425e+02,
       6.64459646e-01, 6.47023071e+02, 2.55186203e+02, 7.11461902e-02,
       6.39174316e+02, 2.10110626e+02, 9.42251012e-02, 5.72550720e+02,
       1.67037186e+02, 5.27216606e-02, 0., 0., 0., 0., 0., 0., 0., 0.,
       0., 0., 0., 0., 1.08982544e+03, 2.21867462e+02, 7.28061974e-01,
       1.09170459e+03, 2.72767792e+02, 6.14867091e-01, 1.05642505e+03,
       1.80767029e+02, 3.18407774e-01, 1.05848022e+03, 3.04151764e+02,
       1.86025456e-01, 0., 0., 0., 0., 0., 0., 0., 0., 0., 0., 0., 0.,
       0., 0., 0., 0., 0., 0. ]
