%YAML:1.0
---
pose_0: !!opencv-matrix
   rows: 1
   cols: 25
   dt: "3f"
   data: [ 9.13454529e+02, 3.51218353e+02, 8.36042881e-01,
       8.05612183e+02, 3.29635406e+02, 6.77164316e-01, 7.99804504e+02,
       2.57141846e+02, 6.84716463e-01, 6.66683105e+02, 1.82758469e+02,
       7.82880247e-01, 7.33188416e+02, 1.80748428e+02, 7.55387247e-01,
       7.99807678e+02, 4.08010468e+02, 5.49141109e-01, 6.80372620e+02,
       4.76564636e+02, 8.47755909e-01, 7.91922791e+02, 4.78489594e+02,
       8.66531909e-01, 5.25564758e+02, 3.76637177e+02, 3.05172533e-01,
       5.27519226e+02, 3.29644501e+02, 3.80549103e-01, 3.64880066e+02,
       3.35538269e+02, 2.47171238e-01, 0., 0., 0., 5.27504761e+02,
       4.21727966e+02, 3.39558840e-01, 3.51172241e+02, 4.82417786e+02,
       4.74702358e-01, 1.92467239e+02, 5.15771301e+02, 4.16214406e-01,
       9.30975098e+02, 3.23766418e+02, 8.08310747e-01, 9.29087769e+02,
       3.64839081e+02, 7.53051400e-01, 9.07587402e+02, 2.90534668e+02,
       6.80587351e-01, 0., 0., 0., 1.27842789e+02, 5.70543274e+02,
       2.32957408e-01, 1.33725204e+02, 5.70634460e+02, 2.44644776e-01,
       1.72924118e+02, 5.07867889e+02, 2.52669573e-01, 0., 0., 0., 0.,
       0., 0., 0., 0., 0. ]
