%YAML:1.0
---
pose_0: !!opencv-matrix
   rows: 1
   cols: 25
   dt: "3f"
   data: [ 9.27184326e+02, 1.94367935e+02, 7.41697669e-01,
       8.13538818e+02, 2.29730362e+02, 6.79694772e-01, 7.91985779e+02,
       1.49394455e+02, 6.68325603e-01, 6.52906799e+02, 1.18013275e+02,
       8.01267922e-01, 5.19663147e+02, 1.18074677e+02, 7.58524299e-01,
       8.23420776e+02, 3.12004974e+02, 6.48411155e-01, 7.11678589e+02,
       3.66824249e+02, 7.03631043e-01, 5.52941589e+02, 3.82415771e+02,
       7.91005969e-01, 5.25548645e+02, 2.53210876e+02, 3.12202662e-01,
       5.37286255e+02, 2.02304916e+02, 3.56615037e-01, 3.37485535e+02,
       2.02301483e+02, 3.79043430e-01, 1.21959366e+02, 2.04245834e+02,
       2.31913030e-01, 5.21612732e+02, 2.94369446e+02, 3.70298743e-01,
       3.43343414e+02, 3.49185669e+02, 3.60007942e-01, 1.76832031e+02,
       4.11938995e+02, 3.59338403e-01, 9.31168701e+02, 1.72868027e+02,
       8.41326177e-01, 9.42827026e+02, 2.10025650e+02, 8.22128892e-01,
       9.05607422e+02, 1.57262878e+02, 4.49917138e-01, 9.21282715e+02,
       2.41392822e+02, 5.86674094e-01, 1.33717606e+02, 3.86456512e+02,
       5.09962179e-02, 0., 0., 0., 1.57247482e+02, 4.15852905e+02,
       1.89935371e-01, 1.00390297e+02, 2.14041580e+02, 1.03132807e-01,
       1.00430420e+02, 2.08143143e+02, 1.10973023e-01, 0., 0., 0. ]
