%YAML:1.0
---
pose_0: !!opencv-matrix
   rows: 1
   cols: 25
   dt: "3f"
   data: [ 9.01739258e+02, 2.90388702e+02, 8.61437619e-01,
       7.92074646e+02, 3.04186401e+02, 7.04058945e-01, 7.86135132e+02,
       2.25754974e+02, 6.95109785e-01, 6.52855957e+02, 1.96341888e+02,
       8.35511923e-01, 5.72495483e+02, 1.96442307e+02, 8.60465467e-01,
       8.01807495e+02, 3.86453461e+02, 6.15465760e-01, 6.82248657e+02,
       4.45239441e+02, 7.39935815e-01, 5.60794250e+02, 4.76470337e+02,
       7.96886861e-01, 5.37285217e+02, 3.23794250e+02, 3.22488457e-01,
       5.37313049e+02, 2.74779053e+02, 4.36088830e-01, 3.45285736e+02,
       2.86529388e+02, 4.52414513e-01, 1.94477219e+02, 2.92459961e+02,
       1.15618601e-01, 5.33391113e+02, 3.76642548e+02, 2.98290998e-01,
       3.66864441e+02, 3.78572021e+02, 4.60373700e-01, 1.67048416e+02,
       3.86488892e+02, 3.91845345e-01, 9.15329285e+02, 2.72750763e+02,
       8.91796708e-01, 9.17453552e+02, 3.06087524e+02, 8.42752695e-01,
       8.93834229e+02, 2.53196609e+02, 6.54865861e-01, 9.09524719e+02,
       3.27690857e+02, 3.74795318e-01, 1.06295990e+02, 4.23663055e+02,
       1.58159748e-01, 1.16135910e+02, 4.29485931e+02, 1.82479292e-01,
       1.47421371e+02, 3.80581879e+02, 1.69254124e-01, 1.12145592e+02,
       3.06093567e+02, 1.02532253e-01, 0., 0., 0., 0., 0., 0. ]
