%YAML:1.0
---
pose_0: !!opencv-matrix
   rows: 1
   cols: 25
   dt: "3f"
   data: [ 9.13398438e+02, 3.37496155e+02, 8.09786677e-01,
       8.07728088e+02, 2.90531982e+02, 6.77025795e-01, 8.31155396e+02,
       2.25848694e+02, 6.23665452e-01, 7.05782959e+02, 1.59187622e+02,
       6.94791794e-01, 5.62766235e+02, 1.49442429e+02, 6.89915776e-01,
       7.89984070e+02, 3.45317352e+02, 5.84447205e-01, 6.93994629e+02,
       3.94257599e+02, 6.83451951e-01, 6.95923279e+02, 4.39338257e+02,
       5.91965675e-01, 5.76496033e+02, 2.76748169e+02, 2.06696182e-01,
       5.64718384e+02, 2.53238220e+02, 1.69068813e-01, 3.53151031e+02,
       3.27687103e+02, 6.96129799e-02, 0., 0., 0., 5.74510376e+02,
       3.06115967e+02, 1.32857695e-01, 3.45307526e+02, 3.43337708e+02,
       1.13750964e-01, 1.33747665e+02, 3.19835907e+02, 2.17083707e-01,
       9.30988220e+02, 3.08084320e+02, 7.61017382e-01, 9.29147217e+02,
       3.49173828e+02, 7.50237823e-01, 9.15360657e+02, 2.64960693e+02,
       7.49717236e-01, 0., 0., 0., 0., 0., 0., 0., 0., 0.,
       1.10213974e+02, 3.35510498e+02, 1.16494313e-01, 0., 0., 0., 0.,
       0., 0., 0., 0., 0. ]
