%YAML:1.0
---
pose_0: !!opencv-matrix
   rows: 1
   cols: 25
   dt: "3f"
   data: [ 9.23247131e+02, 2.55182465e+02, 7.92823851e-01,
       8.07618835e+02, 2.74816620e+02, 6.73197508e-01, 8.01800232e+02,
       1.98408127e+02, 6.66814446e-01, 6.62713867e+02, 1.63027725e+02,
       7.58971095e-01, 6.64582764e+02, 1.86598038e+02, 8.06475163e-01,
       8.17413391e+02, 3.55082428e+02, 5.82907856e-01, 6.98016296e+02,
       4.62802277e+02, 8.00194144e-01, 7.56735657e+02, 3.31592010e+02,
       6.04353786e-01, 5.41217712e+02, 2.92424835e+02, 2.76100665e-01,
       5.43167297e+02, 2.43416824e+02, 3.69411021e-01, 3.19869110e+02,
       2.51297623e+02, 5.28837800e-01, 0., 0., 0., 5.43187439e+02,
       3.45306213e+02, 3.10635686e-01, 3.45311676e+02, 3.51181061e+02,
       9.77946147e-02, 1.57224579e+02, 3.39491272e+02, 1.96739912e-01,
       9.17475952e+02, 2.29782257e+02, 8.32754910e-01, 9.44787170e+02,
       2.59151398e+02, 6.81013525e-01, 8.86073242e+02, 2.19944855e+02,
       5.52627325e-01, 9.25228577e+02, 2.92445251e+02, 2.42274985e-01,
       1.00418312e+02, 3.21806519e+02, 1.33225277e-01, 0., 0., 0., 0.,
       0., 0., 0., 0., 0., 0., 0., 0., 0., 0., 0. ]
