%YAML:1.0
---
pose_0: !!opencv-matrix
   rows: 1
   cols: 25
   dt: "3f"
   data: [ 1.07220410e+03, 2.43416260e+02, 7.72707283e-01,
       9.17406555e+02, 2.57125336e+02, 4.99446899e-01, 9.07583618e+02,
       1.51382141e+02, 5.28819501e-01, 7.46904480e+02, 5.33761063e+01,
       7.84564853e-01, 6.97968506e+02, 1.86608826e+02, 5.68611026e-01,
       9.33060913e+02, 3.55127289e+02, 3.84127498e-01, 7.88066345e+02,
       4.76576721e+02, 1.23760894e-01, 0., 0., 0., 0., 0., 0., 0., 0.,
       0., 0., 0., 0., 0., 0., 0., 0., 0., 0., 0., 0., 0., 0., 0., 0.,
       1.08971826e+03, 2.14008224e+02, 8.54537487e-01, 1.09171985e+03,
       2.68892273e+02, 7.88395941e-01, 1.04666736e+03, 1.76847809e+02,
       4.25653428e-01, 1.08586462e+03, 3.06201233e+02, 2.25593925e-01,
       0., 0., 0., 0., 0., 0., 0., 0., 0., 0., 0., 0., 0., 0., 0., 0.,
       0., 0. ]
