%YAML:1.0
---
pose_0: !!opencv-matrix
   rows: 1
   cols: 25
   dt: "3f"
   data: [ 9.46725769e+02, 2.43476059e+02, 7.86405861e-01,
       8.23283569e+02, 2.63044922e+02, 6.88553452e-01, 8.03761230e+02,
       1.88544647e+02, 5.98030329e-01, 6.95989197e+02, 1.69008652e+02,
       3.13294888e-01, 6.60689819e+02, 1.59215698e+02, 5.46863258e-01,
       8.39050781e+02, 3.45315369e+02, 5.96045554e-01, 7.60571533e+02,
       4.70687439e+02, 7.86083400e-01, 7.94004761e+02, 3.31618774e+02,
       7.41362095e-01, 5.80398499e+02, 2.84580688e+02, 1.46933615e-01,
       5.41205566e+02, 2.41468079e+02, 1.59389585e-01, 3.90358704e+02,
       2.39519455e+02, 5.36679290e-02, 3.06116455e+02, 2.35590851e+02,
       7.96469226e-02, 5.68636780e+02, 3.47246155e+02, 1.17676757e-01,
       3.29617065e+02, 3.47229401e+02, 1.61666080e-01, 3.19825745e+02,
       3.39483459e+02, 9.23124701e-02, 9.48752197e+02, 2.19956314e+02,
       7.68312633e-01, 9.60461609e+02, 2.61083588e+02, 8.03102016e-01,
       9.17415283e+02, 1.96518860e+02, 6.06537998e-01, 9.46704529e+02,
       2.88532043e+02, 3.02033544e-01, 0., 0., 0., 0., 0., 0., 0., 0.,
       0., 0., 0., 0., 0., 0., 0., 0., 0., 0. ]
