%YAML:1.0
---
pose_0: !!opencv-matrix
   rows: 1
   cols: 25
   dt: "3f"
   data: [ 8.70306763e+02, 2.29724350e+02, 8.06149602e-01,
       8.11572327e+02, 3.02148285e+02, 5.40836811e-01, 8.21425598e+02,
       3.06188751e+02, 5.29798388e-01, 6.78288818e+02, 2.31702957e+02,
       4.68341351e-01, 7.39118408e+02, 1.80674484e+02, 7.87355185e-01,
       8.17448181e+02, 3.02178314e+02, 4.95998710e-01, 7.15606079e+02,
       2.68922852e+02, 7.37044334e-01, 7.93938904e+02, 1.90518234e+02,
       7.85533905e-01, 5.86258789e+02, 3.19830719e+02, 3.29635471e-01,
       5.86290466e+02, 2.82627075e+02, 3.34502429e-01, 3.04171692e+02,
       3.35522980e+02, 2.30819196e-01, 1.33708008e+02, 3.76619873e+02,
       1.91398948e-01, 5.74540283e+02, 3.53172852e+02, 2.30859011e-01,
       3.15913422e+02, 3.35543854e+02, 2.51778871e-01, 1.21975143e+02,
       3.82483032e+02, 1.83308214e-01, 8.84049011e+02, 2.25852386e+02,
       6.80723548e-01, 8.88015137e+02, 2.53225067e+02, 7.71307170e-01,
       0., 0., 0., 8.78162537e+02, 2.92466705e+02, 7.46428549e-01,
       8.66937561e+01, 4.00212952e+02, 7.81432912e-02, 1.00342049e+02,
       4.08020477e+02, 1.12172462e-01, 1.02359642e+02, 3.92305603e+02,
       1.29704803e-01, 9.45231705e+01, 4.02154755e+02, 9.70579013e-02,
       9.64567413e+01, 3.98237396e+02, 8.82822052e-02, 0., 0., 0. ]
