%YAML:1.0
---
pose_0: !!opencv-matrix
   rows: 1
   cols: 25
   dt: "3f"
   data: [ 8.91897522e+02, 2.31687637e+02, 7.74377346e-01,
       7.91940918e+02, 2.53200073e+02, 7.05288887e-01, 7.76304688e+02,
       1.78823578e+02, 6.94347560e-01, 6.72482056e+02, 1.67042984e+02,
       2.29553834e-01, 0., 0., 0., 8.05610840e+02, 3.25733795e+02,
       6.42801464e-01, 7.11740723e+02, 3.68794708e+02, 8.79745901e-01,
       7.31281311e+02, 2.72882935e+02, 8.56931567e-01, 5.64724854e+02,
       2.47376907e+02, 2.21088901e-01, 5.54922791e+02, 2.14036819e+02,
       2.31105804e-01, 5.00090057e+02, 2.00337875e+02, 6.61953092e-02,
       3.62945648e+02, 2.39463150e+02, 1.39640808e-01, 5.68646362e+02,
       2.98268250e+02, 1.64926037e-01, 3.53162903e+02, 2.43371155e+02,
       8.01021755e-02, 0., 0., 0., 8.99670715e+02, 2.14020752e+02,
       8.65110040e-01, 9.11456299e+02, 2.43546066e+02, 8.07799220e-01,
       8.68432068e+02, 1.96466751e+02, 6.03266001e-01, 8.93866638e+02,
       2.72795349e+02, 5.35011768e-01, 0., 0., 0., 0., 0., 0., 0., 0.,
       0., 3.55096069e+02, 2.61041687e+02, 5.22285178e-02, 0., 0., 0.,
       0., 0., 0. ]
