%YAML:1.0
---
pose_0: !!opencv-matrix
   rows: 1
   cols: 25
   dt: "3f"
   data: [ 8.87993896e+02, 2.41416260e+02, 8.21926951e-01,
       7.88039185e+02, 2.55120667e+02, 6.93879187e-01, 7.76400574e+02,
       1.78808121e+02, 7.21083999e-01, 6.50970642e+02, 1.55249557e+02,
       5.61186671e-01, 5.52903015e+02, 1.51380890e+02, 8.00003707e-01,
       7.93914490e+02, 3.31591187e+02, 6.91101670e-01, 6.84238403e+02,
       3.82532288e+02, 8.49459887e-01, 6.52961609e+02, 3.19796356e+02,
       8.28539550e-01, 5.29456970e+02, 2.66917999e+02, 3.15453440e-01,
       5.33358032e+02, 2.23827484e+02, 3.60169053e-01, 3.70798462e+02,
       2.19932312e+02, 2.02576950e-01, 2.08116913e+02, 2.41402603e+02,
       2.30402976e-01, 5.29464722e+02, 3.06146698e+02, 3.24846387e-01,
       3.60993530e+02, 3.04140961e+02, 2.41976321e-01, 1.55273560e+02,
       3.04221313e+02, 1.40990287e-01, 8.97752808e+02, 2.19950272e+02,
       8.12226474e-01, 9.01700073e+02, 2.51283066e+02, 7.47320116e-01,
       8.66464417e+02, 1.96508850e+02, 6.41074657e-01, 8.86018127e+02,
       2.74782318e+02, 4.00717974e-01, 9.06582413e+01, 3.13964630e+02,
       6.77685142e-02, 0., 0., 0., 0., 0., 0., 0., 0., 0., 0., 0., 0.,
       0., 0., 0. ]
