%YAML:1.0
---
pose_0: !!opencv-matrix
   rows: 1
   cols: 25
   dt: "3f"
   data: [ 9.58542603e+02, 2.88558746e+02, 7.87864983e-01,
       8.52652344e+02, 2.94355469e+02, 6.64952934e-01, 8.27231262e+02,
       2.16039612e+02, 6.33099914e-01, 7.13617737e+02, 1.33787949e+02,
       7.65593469e-01, 7.66510315e+02, 1.98381302e+02, 6.42748058e-01,
       8.70420227e+02, 3.82583282e+02, 6.33202672e-01, 7.91981567e+02,
       5.02058258e+02, 4.48034912e-01, 8.01746460e+02, 4.92275269e+02,
       2.92628855e-01, 5.45130005e+02, 3.33533905e+02, 2.20171124e-01,
       5.39265015e+02, 2.90464020e+02, 3.53389233e-01, 3.62947571e+02,
       3.21754425e+02, 2.73099631e-01, 0., 0., 0., 5.52972534e+02,
       3.88395782e+02, 1.85944706e-01, 3.64879944e+02, 4.49190125e+02,
       2.29229093e-01, 1.92474915e+02, 5.52928162e+02, 1.85023755e-01,
       9.66326660e+02, 2.59180023e+02, 8.26493502e-01, 9.76175903e+02,
       3.06114502e+02, 8.49284053e-01, 9.42821716e+02, 2.33617676e+02,
       6.16488993e-01, 9.68278381e+02, 3.23770599e+02, 5.68748750e-02,
       0., 0., 0., 0., 0., 0., 1.82683868e+02, 5.54949341e+02,
       9.19704884e-02, 0., 0., 0., 0., 0., 0., 0., 0., 0. ]
