%YAML:1.0
---
pose_0: !!opencv-matrix
   rows: 1
   cols: 25
   dt: "3f"
   data: [ 0., 0., 0., 9.15437500e+02, 1.80766022e+02, 2.22528338e-01,
       9.25208496e+02, 1.96410065e+02, 2.71748215e-01, 9.64365662e+02,
       2.86521423e+02, 4.68816459e-01, 1.08584753e+03, 1.72921402e+02,
       4.09243345e-01, 9.11482361e+02, 1.67020645e+02, 1.33508161e-01,
       9.31098022e+02, 2.84583405e+02, 1.05765373e-01, 0., 0., 0.,
       6.45056641e+02, 3.39418060e+02, 1.02316275e-01, 6.64644714e+02,
       3.49231506e+02, 1.04269274e-01, 0., 0., 0., 0., 0., 0., 0., 0.,
       0., 0., 0., 0., 0., 0., 0., 0., 0., 0., 0., 0., 0.,
       1.03097998e+03, 1.86610107e+02, 1.48062199e-01, 0., 0., 0., 0.,
       0., 0., 0., 0., 0., 0., 0., 0., 0., 0., 0., 0., 0., 0., 0., 0.,
       0. ]
