%YAML:1.0
---
pose_0: !!opencv-matrix
   rows: 1
   cols: 25
   dt: "3f"
   data: [ 9.78121094e+02, 3.29600403e+02, 7.23210335e-01,
       8.62533142e+02, 3.13942078e+02, 5.58392406e-01, 8.70367920e+02,
       2.25805862e+02, 6.39968038e-01, 7.45009338e+02, 1.41559708e+02,
       7.64289498e-01, 8.21319885e+02, 2.80674133e+02, 6.96441650e-01,
       8.39060242e+02, 3.98220764e+02, 3.75042498e-01, 7.88086060e+02,
       4.60857300e+02, 6.27506897e-02, 0., 0., 0., 5.58849365e+02,
       3.27677612e+02, 1.10879391e-01, 5.52962891e+02, 2.72843414e+02,
       2.24854439e-01, 3.43354645e+02, 2.92444733e+02, 2.95696050e-01,
       0., 0., 0., 5.49059692e+02, 3.84486053e+02, 1.43541157e-01,
       3.35463379e+02, 3.82557007e+02, 4.19117540e-01, 1.33757477e+02,
       3.86468323e+02, 8.14335868e-02, 9.93751648e+02, 3.04207855e+02,
       9.04927611e-01, 9.95714294e+02, 3.47293427e+02, 7.59880900e-01,
       9.64418579e+02, 2.70837158e+02, 5.59235871e-01, 0., 0., 0., 0.,
       0., 0., 0., 0., 0., 0., 0., 0., 0., 0., 0., 0., 0., 0., 0., 0.,
       0. ]
