%YAML:1.0
---
pose_0: !!opencv-matrix
   rows: 1
   cols: 25
   dt: "3f"
   data: [ 8.74301880e+02, 3.84467072e+02, 7.86135554e-01,
       7.74282227e+02, 3.88422272e+02, 6.83317721e-01, 7.56726563e+02,
       3.17905151e+02, 6.57006919e-01, 6.52907532e+02, 2.59127716e+02,
       8.15958142e-01, 7.29304443e+02, 2.61110413e+02, 8.30378890e-01,
       7.82179626e+02, 4.60864838e+02, 6.14800692e-01, 6.66611755e+02,
       5.41315186e+02, 8.43781531e-01, 7.74349426e+02, 5.11900757e+02,
       8.07538986e-01, 5.05948456e+02, 4.62834564e+02, 3.67134184e-01,
       5.02016022e+02, 4.11911713e+02, 4.25668240e-01, 3.39446320e+02,
       3.84533264e+02, 5.03237367e-01, 1.55251740e+02, 3.55086456e+02,
       1.01357341e-01, 5.19679932e+02, 5.05949127e+02, 4.67789173e-01,
       3.80595001e+02, 5.15763184e+02, 3.76188815e-01, 0., 0., 0.,
       8.86057373e+02, 3.66918488e+02, 8.79295826e-01, 8.93834167e+02,
       4.00188507e+02, 7.62319684e-01, 8.60547913e+02, 3.47261536e+02,
       6.35544240e-01, 8.80128662e+02, 4.21684570e+02, 2.44033068e-01,
       0., 0., 0., 0., 0., 0., 0., 0., 0., 0., 0., 0., 0., 0., 0., 0.,
       0., 0. ]
