%YAML:1.0
---
pose_0: !!opencv-matrix
   rows: 1
   cols: 25
   dt: "3f"
   data: [ 1.15833838e+03, 4.36154709e+01, 1.03568293e-01,
       1.00747046e+03, 1.04322998e+02, 1.70549884e-01, 0., 0., 0., 0.,
       0., 0., 0., 0., 0., 1.00751624e+03, 1.92497253e+02,
       3.10467809e-01, 8.03714478e+02, 2.88494690e+02, 5.14783263e-01,
       6.01891479e+02, 3.15869232e+02, 5.99966109e-01, 0., 0., 0., 0.,
       0., 0., 0., 0., 0., 0., 0., 0., 0., 0., 0., 0., 0., 0., 0., 0.,
       0., 1.16619568e+03, 1.42060223e+01, 7.29181021e-02,
       1.18777112e+03, 2.59527893e+01, 5.83376512e-02, 1.12894763e+03,
       5.36486626e+00, 6.69524521e-02, 0., 0., 0., 0., 0., 0., 0., 0.,
       0., 0., 0., 0., 0., 0., 0., 0., 0., 0., 0., 0., 0. ]
