%YAML:1.0
---
pose_0: !!opencv-matrix
   rows: 1
   cols: 25
   dt: "3f"
   data: [ 8.99719177e+02, 2.19887817e+02, 8.24836910e-01,
       7.90022156e+02, 2.41464233e+02, 7.41410732e-01, 7.74308899e+02,
       1.61147064e+02, 6.93412483e-01, 6.50964600e+02, 1.43466171e+02,
       7.65518665e-01, 5.70533020e+02, 1.63021713e+02, 8.58341038e-01,
       8.05649292e+02, 3.19882233e+02, 7.19314396e-01, 6.84295044e+02,
       3.74675262e+02, 7.39138246e-01, 5.84279480e+02, 3.68755066e+02,
       8.30444336e-01, 5.43210571e+02, 2.57136169e+02, 3.62020642e-01,
       5.50986938e+02, 2.12158737e+02, 4.78129804e-01, 3.64908173e+02,
       2.27758835e+02, 2.64450699e-01, 0., 0., 0., 5.47102539e+02,
       3.00220032e+02, 3.67857486e-01, 3.90384613e+02, 3.37444946e+02,
       8.87326747e-02, 0., 0., 0., 9.03708801e+02, 1.96393463e+02,
       8.94630849e-01, 9.15374634e+02, 2.29763947e+02, 8.48824739e-01,
       8.80109924e+02, 1.78666580e+02, 6.84236765e-01, 9.01691650e+02,
       2.55175949e+02, 3.51542652e-01, 0., 0., 0., 0., 0., 0., 0., 0.,
       0., 0., 0., 0., 0., 0., 0., 0., 0., 0. ]
