%YAML:1.0
---
pose_0: !!opencv-matrix
   rows: 1
   cols: 25
   dt: "3f"
   data: [ 8.72283447e+02, 4.55053802e+02, 7.82655597e-01,
       7.88011597e+02, 4.78491913e+02, 6.61362231e-01, 7.76304565e+02,
       4.09949615e+02, 7.29247689e-01, 7.52805420e+02, 3.35525696e+02,
       7.32752562e-01, 7.58736755e+02, 2.70850494e+02, 8.37048054e-01,
       7.90017578e+02, 5.49055115e+02, 6.21390224e-01, 8.27289795e+02,
       6.49025391e+02, 8.18813205e-01, 8.56642334e+02, 5.68663940e+02,
       6.14435613e-01, 5.45161987e+02, 4.92215668e+02, 3.16504657e-01,
       5.51010864e+02, 4.47177124e+02, 4.33030754e-01, 3.86453369e+02,
       4.51078796e+02, 2.29241341e-01, 2.12055832e+02, 4.64806305e+02,
       1.37392491e-01, 5.47109314e+02, 5.37306519e+02, 3.11297774e-01,
       3.92302765e+02, 5.45132080e+02, 3.28235984e-01, 0., 0., 0.,
       8.83978577e+02, 4.45143494e+02, 8.48299146e-01, 8.86022339e+02,
       4.72606323e+02, 7.97567487e-01, 8.68450378e+02, 4.35465668e+02,
       1.64548472e-01, 8.68425720e+02, 5.03974152e+02, 6.14277899e-01,
       0., 0., 0., 0., 0., 0., 0., 0., 0., 0., 0., 0., 0., 0., 0., 0.,
       0., 0. ]
