%YAML:1.0
---
pose_0: !!opencv-matrix
   rows: 1
   cols: 25
   dt: "3f"
   data: [ 1.13286926e+03, 1.92447525e+02, 5.17069995e-01,
       9.56563049e+02, 2.27773666e+02, 1.90693498e-01, 9.35008667e+02,
       1.00424469e+02, 7.81669542e-02, 0., 0., 0., 0., 0., 0.,
       9.50653442e+02, 3.13934540e+02, 3.87846470e-01, 8.01782837e+02,
       4.02118683e+02, 4.96979594e-01, 6.52882996e+02, 4.17797394e+02,
       4.32290554e-01, 0., 0., 0., 0., 0., 0., 0., 0., 0., 0., 0., 0.,
       0., 0., 0., 0., 0., 0., 0., 0., 0., 1.15054321e+03,
       1.64999466e+02, 7.91128397e-01, 1.14855713e+03, 2.16010986e+02,
       3.97477627e-01, 1.10546423e+03, 1.20042831e+02, 2.05125064e-01,
       0., 0., 0., 0., 0., 0., 0., 0., 0., 0., 0., 0., 0., 0., 0., 0.,
       0., 0., 0., 0., 0. ]
