%YAML:1.0
---
pose_0: !!opencv-matrix
   rows: 1
   cols: 25
   dt: "3f"
   data: [ 8.82032532e+02, 3.53180054e+02, 8.12343895e-01,
       7.91959778e+02, 3.11989716e+02, 4.99503940e-01, 8.03681091e+02,
       2.45425293e+02, 6.65023685e-01, 8.05604004e+02, 3.17830841e+02,
       8.06014657e-01, 8.82054443e+02, 3.94247223e+02, 7.40007520e-01,
       7.84130859e+02, 3.68832153e+02, 6.35742188e-01, 7.54729248e+02,
       4.70711365e+02, 8.00243378e-01, 8.23416504e+02, 4.60842499e+02,
       8.84724259e-01, 5.74515320e+02, 2.90459381e+02, 1.90657988e-01,
       5.64724792e+02, 2.68906738e+02, 2.44608611e-01, 3.72762756e+02,
       2.45412460e+02, 3.44595104e-01, 1.94425247e+02, 1.82667633e+02,
       2.40335748e-01, 5.47103638e+02, 3.51197357e+02, 1.47112668e-01,
       3.47262604e+02, 3.76658386e+02, 4.86616671e-01, 1.59160553e+02,
       3.82496002e+02, 4.49689209e-01, 8.86121399e+02, 3.37432220e+02,
       8.35425436e-01, 8.99780273e+02, 3.55097412e+02, 9.86259133e-02,
       8.74248596e+02, 2.90558258e+02, 8.25470150e-01, 0., 0., 0.,
       1.06282524e+02, 4.27572693e+02, 3.25293243e-01, 1.16109901e+02,
       4.29555969e+02, 3.41078341e-01, 1.33714798e+02, 3.66874939e+02,
       3.79785746e-01, 1.90493454e+02, 1.80723907e+02, 6.41611367e-02,
       1.86622681e+02, 1.80730316e+02, 7.50139579e-02, 0., 0., 0. ]
