%YAML:1.0
---
pose_0: !!opencv-matrix
   rows: 1
   cols: 25
   dt: "3f"
   data: [ 9.15448120e+02, 3.45297424e+02, 7.66362906e-01,
       8.40986267e+02, 2.76788696e+02, 4.53329921e-01, 8.54721191e+02,
       2.49336487e+02, 6.99458480e-01, 7.64539001e+02, 1.84697464e+02,
       7.41589129e-01, 6.68580200e+02, 3.08117035e+02, 6.11742437e-01,
       8.35080505e+02, 3.08088440e+02, 1.83915988e-01, 7.25368042e+02,
       3.23742828e+02, 2.72290379e-01, 6.64571716e+02, 4.00230774e+02,
       6.22009039e-01, 6.25450562e+02, 2.92403992e+02, 1.91314608e-01,
       6.33273071e+02, 2.61057831e+02, 2.61240482e-01, 3.49219391e+02,
       3.19864777e+02, 1.92887336e-01, 1.16055939e+02, 2.74796082e+02,
       2.59243399e-01, 6.01936462e+02, 3.19867371e+02, 1.22499377e-01,
       3.49234833e+02, 3.21744049e+02, 1.77722946e-01, 1.20002060e+02,
       2.72819641e+02, 1.67004824e-01, 9.36932495e+02, 3.23737183e+02,
       7.30766475e-01, 9.33042358e+02, 3.51162445e+02, 6.64295554e-01,
       9.19367004e+02, 2.74793365e+02, 8.80663157e-01, 0., 0., 0., 0.,
       0., 0., 0., 0., 0., 0., 0., 0., 1.02401085e+02, 3.00244568e+02,
       6.82276711e-02, 9.06645279e+01, 2.88479462e+02, 6.03624173e-02,
       0., 0., 0. ]
