%YAML:1.0
---
pose_0: !!opencv-matrix
   rows: 2
   cols: 25
   dt: "3f"
   data: [ 8.82124268e+02, 3.64930695e+02, 7.68721282e-01,
       8.01765686e+02, 3.08107422e+02, 3.66456300e-01, 8.05666565e+02,
       2.57111084e+02, 6.98176861e-01, 7.74414124e+02, 3.02221558e+02,
       7.07123041e-01, 8.62506531e+02, 3.86441711e+02, 7.99750865e-01,
       0., 0., 0., 0., 0., 0., 0., 0., 0., 0., 0., 0., 0., 0., 0., 0.,
       0., 0., 0., 0., 0., 0., 0., 0., 0., 0., 0., 0., 0., 0.,
       8.97752808e+02, 3.47260620e+02, 6.89627945e-01, 8.99720581e+02,
       3.72697784e+02, 5.40905952e-01, 8.86114746e+02, 3.06054108e+02,
       7.10355341e-01, 0., 0., 0., 0., 0., 0., 0., 0., 0., 0., 0., 0.,
       0., 0., 0., 0., 0., 0., 0., 0., 0., 0., 0., 0., 7.78282166e+02,
       3.21800751e+02, 4.17633772e-01, 0., 0., 0., 0., 0., 0., 0., 0.,
       0., 7.72338135e+02, 3.82470459e+02, 5.75642347e-01,
       7.11562500e+02, 4.80524200e+02, 8.30709755e-01, 7.92006165e+02,
       4.60959198e+02, 8.71985435e-01, 5.68655640e+02, 2.96339325e+02,
       1.88126117e-01, 5.50999878e+02, 2.78701294e+02, 1.68011427e-01,
       3.68813904e+02, 2.49327621e+02, 1.09920934e-01, 3.66822021e+02,
       2.55155350e+02, 8.41257125e-02, 0., 0., 0., 0., 0., 0., 0., 0.,
       0., 0., 0., 0., 0., 0., 0., 0., 0., 0., 0., 0., 0., 0., 0., 0.,
       0., 0., 0., 0., 0., 0., 3.49180237e+02, 2.70853882e+02,
       8.12381059e-02, 3.47241425e+02, 2.64996307e+02, 9.17862803e-02,
       0., 0., 0. ]
