%YAML:1.0
---
pose_0: !!opencv-matrix
   rows: 1
   cols: 25
   dt: "3f"
   data: [ 9.09507080e+02, 3.90359406e+02, 7.56410778e-01,
       7.99790833e+02, 4.25640778e+02, 6.78105652e-01, 7.78269287e+02,
       3.59007629e+02, 6.14531577e-01, 6.60703796e+02, 3.04213013e+02,
       7.57687688e-01, 6.97943359e+02, 3.19783203e+02, 7.55861104e-01,
       8.23272095e+02, 4.92278564e+02, 7.02432454e-01, 7.19540466e+02,
       5.54900391e+02, 7.44125128e-01, 7.90011169e+02, 4.37377869e+02,
       7.33537197e-01, 5.60822937e+02, 4.43279907e+02, 1.96733445e-01,
       5.52978760e+02, 4.00210297e+02, 2.83944517e-01, 3.51186859e+02,
       3.98164276e+02, 2.55715162e-01, 0., 0., 0., 5.58839417e+02,
       4.92223511e+02, 1.66807547e-01, 0., 0., 0., 0., 0., 0.,
       9.13482727e+02, 3.70849670e+02, 8.59170079e-01, 9.21307434e+02,
       4.04125366e+02, 7.83581853e-01, 8.82096497e+02, 3.64828003e+02,
       5.98926425e-01, 9.01644043e+02, 4.33515900e+02, 6.63698673e-01,
       0., 0., 0., 0., 0., 0., 0., 0., 0., 0., 0., 0., 0., 0., 0., 0.,
       0., 0. ]
