%YAML:1.0
---
pose_0: !!opencv-matrix
   rows: 1
   cols: 25
   dt: "3f"
   data: [ 9.31131958e+02, 2.02269928e+02, 8.18784952e-01,
       8.23262695e+02, 2.14042999e+02, 7.12418735e-01, 8.09618347e+02,
       1.33780090e+02, 7.11941421e-01, 6.84203979e+02, 1.16099495e+02,
       6.86431170e-01, 5.84305664e+02, 1.02414543e+02, 8.32450747e-01,
       8.33094910e+02, 3.00247131e+02, 6.57908440e-01, 7.35161438e+02,
       3.53075684e+02, 8.23353827e-01, 6.97899475e+02, 3.06111572e+02,
       7.92404771e-01, 5.88253662e+02, 2.16011688e+02, 2.95647830e-01,
       5.86289307e+02, 1.76832199e+02, 3.52352709e-01, 3.84507782e+02,
       2.10151703e+02, 6.60274148e-01, 1.47429352e+02, 2.25756744e+02,
       2.54780114e-01, 6.01943298e+02, 2.66934845e+02, 1.67983875e-01,
       4.90293243e+02, 2.98290619e+02, 7.01390058e-02, 3.76656647e+02,
       2.78716949e+02, 5.92306107e-02, 9.38941101e+02, 1.80664719e+02,
       8.89953494e-01, 9.46799133e+02, 2.17974716e+02, 8.15696836e-01,
       9.13419067e+02, 1.61097382e+02, 5.36454439e-01, 9.31066650e+02,
       2.41482269e+02, 2.35504627e-01, 0., 0., 0., 0., 0., 0., 0., 0.,
       0., 9.84643326e+01, 2.61068512e+02, 1.36783004e-01,
       9.45541153e+01, 2.57133728e+02, 1.39790058e-01, 1.29776047e+02,
       2.02318878e+02, 1.58464178e-01 ]
