%YAML:1.0
---
pose_0: !!opencv-matrix
   rows: 1
   cols: 25
   dt: "3f"
   data: [ 1.06821936e+03, 2.41549118e+02, 7.27052987e-01,
       9.38904907e+02, 2.47349136e+02, 4.42720413e-01, 9.29139526e+02,
       1.47471680e+02, 5.43650150e-01, 7.78264526e+02, 9.06408691e+01,
       4.38840121e-01, 6.17632263e+02, 8.66516876e+01, 6.73963726e-01,
       9.44796570e+02, 3.60951630e+02, 4.90237951e-01, 8.01804321e+02,
       4.60894928e+02, 6.80787861e-01, 7.31254456e+02, 3.70756195e+02,
       5.92606366e-01, 6.80337891e+02, 2.96328003e+02, 8.31021667e-02,
       6.50945251e+02, 2.55178162e+02, 8.34497735e-02, 0., 0., 0., 0.,
       0., 0., 7.07747559e+02, 3.27666077e+02, 7.46066570e-02, 0., 0.,
       0., 0., 0., 0., 1.10342444e+03, 2.21900314e+02, 7.53789186e-01,
       1.08980127e+03, 2.70808899e+02, 6.48012340e-01, 1.06037317e+03,
       1.80685501e+02, 2.74419129e-01, 1.06628113e+03, 3.00206451e+02,
       2.47069746e-01, 0., 0., 0., 0., 0., 0., 0., 0., 0., 0., 0., 0.,
       0., 0., 0., 0., 0., 0. ]
