%YAML:1.0
---
pose_0: !!opencv-matrix
   rows: 1
   cols: 25
   dt: "3f"
   data: [ 1.03492261e+03, 2.88471039e+02, 3.23295116e-01,
       9.35041992e+02, 2.59142609e+02, 1.92497373e-01, 9.27163025e+02,
       3.21827698e+02, 2.29237512e-01, 8.85950500e+02, 5.21576416e+02,
       6.45323932e-01, 1.01343408e+03, 4.56992493e+02, 6.99540496e-01,
       9.36943787e+02, 2.04233719e+02, 1.41719103e-01, 0., 0., 0., 0.,
       0., 0., 0., 0., 0., 0., 0., 0., 0., 0., 0., 0., 0., 0., 0., 0.,
       0., 0., 0., 0., 0., 0., 0., 1.05642444e+03, 2.90438690e+02,
       1.90755665e-01, 1.05648584e+03, 2.98268982e+02, 1.93599805e-01,
       0., 0., 0., 0., 0., 0., 0., 0., 0., 0., 0., 0., 0., 0., 0., 0.,
       0., 0., 0., 0., 0., 0., 0., 0. ]
