%YAML:1.0
---
pose_0: !!opencv-matrix
   rows: 1
   cols: 25
   dt: "3f"
   data: [ 8.97721252e+02, 4.15919739e+02, 8.14099371e-01,
       7.86120850e+02, 4.00232849e+02, 6.86935723e-01, 7.76328857e+02,
       3.21847687e+02, 7.20195889e-01, 6.50989014e+02, 2.55174026e+02,
       7.83334732e-01, 7.05754395e+02, 2.74714539e+02, 7.31672704e-01,
       7.88038086e+02, 4.78582306e+02, 5.73964536e-01, 6.68578979e+02,
       5.54892700e+02, 8.06847155e-01, 7.78315796e+02, 5.41324219e+02,
       7.40885079e-01, 5.64742676e+02, 4.25622681e+02, 3.35021585e-01,
       5.58846619e+02, 3.84442993e+02, 3.96575749e-01, 3.49232056e+02,
       3.80593018e+02, 4.65088248e-01, 0., 0., 0., 5.72571350e+02,
       4.62869843e+02, 3.48225921e-01, 4.62863495e+02, 5.02031342e+02,
       9.93754938e-02, 3.72746246e+02, 4.94258270e+02, 2.43915200e-01,
       9.05604187e+02, 3.96162994e+02, 8.21605146e-01, 9.05656555e+02,
       4.29545990e+02, 7.85037637e-01, 8.78216125e+02, 3.53236755e+02,
       8.07402194e-01, 8.68392029e+02, 4.29440735e+02, 9.21101719e-02,
       0., 0., 0., 0., 0., 0., 0., 0., 0., 0., 0., 0., 0., 0., 0., 0.,
       0., 0. ]
