%YAML:1.0
---
pose_0: !!opencv-matrix
   rows: 1
   cols: 25
   dt: "3f"
   data: [ 8.84078857e+02, 2.59205841e+02, 7.79066920e-01,
       8.03760315e+02, 2.70820923e+02, 6.78641796e-01, 7.99822571e+02,
       1.92437195e+02, 6.66876912e-01, 7.01897827e+02, 1.16136627e+02,
       8.03555846e-01, 6.33275452e+02, 1.59211060e+02, 7.50129163e-01,
       8.07671143e+02, 3.51122833e+02, 7.28111148e-01, 6.99925659e+02,
       4.15884857e+02, 8.19957078e-01, 6.39164490e+02, 3.57037109e+02,
       7.83926845e-01, 5.70577637e+02, 2.78704132e+02, 3.32937151e-01,
       5.70589844e+02, 2.37551147e+02, 3.81771237e-01, 3.51216034e+02,
       2.25814423e+02, 4.57582712e-01, 2.21903595e+02, 2.27724976e+02,
       5.51879346e-01, 5.68661011e+02, 3.21782776e+02, 3.61001611e-01,
       3.68850952e+02, 3.25695526e+02, 3.57895851e-01, 1.59198883e+02,
       3.45327301e+02, 3.94304425e-01, 8.99708923e+02, 2.45381485e+02,
       7.94721544e-01, 8.95831116e+02, 2.78659149e+02, 7.25984752e-01,
       8.86023071e+02, 2.25770599e+02, 6.96730971e-01, 8.84048950e+02,
       3.00229889e+02, 4.23859000e-01, 1.04361229e+02, 3.70777466e+02,
       2.88575858e-01, 1.16095291e+02, 3.76678223e+02, 3.36947054e-01,
       1.35716446e+02, 3.27697601e+02, 1.52737558e-01, 0., 0., 0., 0.,
       0., 0., 2.15977448e+02, 2.27820221e+02, 3.27310562e-01 ]
