%YAML:1.0
---
pose_0: !!opencv-matrix
   rows: 1
   cols: 25
   dt: "3f"
   data: [ 8.86027405e+02, 4.33504852e+02, 8.21805716e-01,
       7.84167847e+02, 4.62809937e+02, 6.94869161e-01, 7.58589417e+02,
       4.15834229e+02, 6.81439579e-01, 6.84235596e+02, 4.29522827e+02,
       2.19412252e-01, 0., 0., 0., 8.09597778e+02, 5.13793213e+02,
       6.42786324e-01, 7.19510254e+02, 4.92154053e+02, 6.50335073e-01,
       6.17526367e+02, 3.47245880e+02, 6.11302137e-01, 5.37295776e+02,
       4.94199860e+02, 1.14826441e-01, 5.27518555e+02, 4.56986328e+02,
       1.14626169e-01, 3.68838379e+02, 4.21698975e+02, 1.39471143e-01,
       1.76821274e+02, 5.07975281e+02, 9.09949541e-02, 5.56894531e+02,
       5.39258240e+02, 8.68104473e-02, 3.66812866e+02, 4.25615112e+02,
       1.47192270e-01, 0., 0., 0., 8.87994934e+02, 4.17841492e+02,
       8.05884600e-01, 8.99792053e+02, 4.47192413e+02, 8.63711417e-01,
       8.62506897e+02, 4.11924103e+02, 4.78623450e-01, 8.86083679e+02,
       4.76639771e+02, 6.74604893e-01, 0., 0., 0., 0., 0., 0., 0., 0.,
       0., 0., 0., 0., 0., 0., 0., 0., 0., 0. ]
