%YAML:1.0
---
pose_0: !!opencv-matrix
   rows: 1
   cols: 25
   dt: "3f"
   data: [ 9.01661499e+02, 3.49196625e+02, 8.22545171e-01,
       7.90029114e+02, 3.45294128e+02, 6.86258912e-01, 7.80203430e+02,
       2.68900421e+02, 6.72524333e-01, 6.52952393e+02, 2.04249557e+02,
       7.64111578e-01, 7.25362854e+02, 2.14010040e+02, 8.19311321e-01,
       7.91985596e+02, 4.19792847e+02, 6.21101499e-01, 6.78310364e+02,
       4.78535431e+02, 8.25449109e-01, 7.76288147e+02, 4.76634583e+02,
       8.09026361e-01, 5.43164307e+02, 3.68794647e+02, 3.19564551e-01,
       5.52950317e+02, 3.21812714e+02, 3.67300123e-01, 3.80546997e+02,
       3.51150238e+02, 3.91024321e-01, 1.57229431e+02, 3.57049408e+02,
       4.14225638e-01, 5.39246155e+02, 4.13843079e+02, 3.57480705e-01,
       3.64860962e+02, 4.72642914e+02, 4.77555454e-01, 1.78820175e+02,
       5.21649780e+02, 4.07297224e-01, 9.07565796e+02, 3.21825195e+02,
       8.31519902e-01, 9.15404541e+02, 3.60995361e+02, 7.51353502e-01,
       8.78165588e+02, 2.92427734e+02, 6.12581611e-01, 9.03720947e+02,
       3.80522888e+02, 1.06801748e-01, 1.25860954e+02, 5.72537903e+02,
       2.26033539e-01, 1.31698654e+02, 5.70644287e+02, 2.61647075e-01,
       1.53311127e+02, 5.23605042e+02, 2.38575101e-01, 9.25834427e+01,
       3.21810089e+02, 2.00472608e-01, 9.25961075e+01, 3.19878479e+02,
       1.52010947e-01, 1.45466095e+02, 3.68811920e+02, 3.09226602e-01 ]
