%YAML:1.0
---
pose_0: !!opencv-matrix
   rows: 1
   cols: 25
   dt: "3f"
   data: [ 1.13479236e+03, 1.82708206e+02, 7.67190099e-01,
       9.46714844e+02, 1.68982758e+02, 3.13781202e-01, 9.31108032e+02,
       7.49637299e+01, 3.44001502e-01, 0., 0., 0., 0., 0., 0.,
       9.48766846e+02, 3.04146484e+02, 3.82306993e-01, 7.86113953e+02,
       3.92341461e+02, 2.74158686e-01, 6.33230103e+02, 4.29465332e+02,
       5.44255316e-01, 0., 0., 0., 0., 0., 0., 0., 0., 0., 0., 0., 0.,
       0., 0., 0., 0., 0., 0., 0., 0., 0., 1.13879578e+03,
       1.49498718e+02, 8.32606614e-01, 1.15241858e+03, 2.02323685e+02,
       6.73671782e-01, 1.10149744e+03, 1.16081573e+02, 4.31013167e-01,
       0., 0., 0., 0., 0., 0., 0., 0., 0., 0., 0., 0., 0., 0., 0., 0.,
       0., 0., 0., 0., 0. ]
