%YAML:1.0
---
pose_0: !!opencv-matrix
   rows: 1
   cols: 25
   dt: "3f"
   data: [ 1.05645703e+03, 2.41492432e+02, 7.32982039e-01,
       8.95812378e+02, 2.63045715e+02, 5.66128910e-01, 8.70317444e+02,
       1.78775879e+02, 5.71809292e-01, 7.42999207e+02, 1.43532516e+02,
       6.04309678e-01, 5.92137207e+02, 1.14084053e+02, 7.56803453e-01,
       9.17351624e+02, 3.47263458e+02, 4.92653340e-01, 7.80225647e+02,
       4.19744873e+02, 7.07090497e-01, 6.56819763e+02, 2.90456299e+02,
       7.24389791e-01, 6.01950195e+02, 2.33641495e+02, 5.88825457e-02,
       6.09783936e+02, 2.06198578e+02, 7.43543357e-02, 0., 0., 0., 0.,
       0., 0., 0., 0., 0., 0., 0., 0., 0., 0., 0., 1.04273364e+03,
       2.10163177e+02, 7.52724409e-01, 1.07800427e+03, 2.41418610e+02,
       5.37462354e-01, 9.89853455e+02, 1.78820908e+02, 3.40111732e-01,
       0., 0., 0., 0., 0., 0., 0., 0., 0., 0., 0., 0., 0., 0., 0., 0.,
       0., 0., 0., 0., 0. ]
