%YAML:1.0
---
pose_0: !!opencv-matrix
   rows: 1
   cols: 25
   dt: "3f"
   data: [ 1.03689307e+03, 2.43389542e+02, 3.14742148e-01,
       9.29080322e+02, 2.47373505e+02, 4.41508830e-01, 9.35037476e+02,
       1.78755386e+02, 3.22173119e-01, 8.87963074e+02, 8.67473526e+01,
       5.39002776e-01, 1.06430212e+03, 1.96473450e+02, 5.25289774e-01,
       9.17378967e+02, 3.21837585e+02, 4.71524924e-01, 8.05735779e+02,
       4.66748322e+02, 7.24790454e-01, 9.78093811e+02, 4.17793121e+02,
       6.56572640e-01, 0., 0., 0., 0., 0., 0., 0., 0., 0., 0., 0., 0.,
       0., 0., 0., 0., 0., 0., 0., 0., 0., 1.08389209e+03,
       2.43408691e+02, 1.52673200e-01, 1.05841980e+03, 2.64985046e+02,
       4.10127312e-01, 1.01337640e+03, 2.00328873e+02, 1.23730302e-01,
       0., 0., 0., 0., 0., 0., 0., 0., 0., 0., 0., 0., 0., 0., 0., 0.,
       0., 0., 0., 0., 0. ]
