%YAML:1.0
---
pose_0: !!opencv-matrix
   rows: 1
   cols: 25
   dt: "3f"
   data: [ 1.01145160e+03, 2.27674149e+02, 8.05656135e-01,
       8.82086304e+02, 2.35614639e+02, 4.84217912e-01, 8.66447388e+02,
       1.43501389e+02, 5.21086514e-01, 7.17528198e+02, 1.00456230e+02,
       6.49545908e-01, 6.50943481e+02, 1.35686279e+02, 6.37746096e-01,
       8.91892822e+02, 3.27653046e+02, 3.57132643e-01, 7.91906799e+02,
       4.41306427e+02, 7.80285358e-01, 8.60572205e+02, 3.17902435e+02,
       7.72753417e-01, 0., 0., 0., 0., 0., 0., 0., 0., 0., 0., 0., 0.,
       0., 0., 0., 0., 0., 0., 0., 0., 0., 1.01726227e+03,
       1.96487534e+02, 7.33842790e-01, 1.03298914e+03, 2.41490311e+02,
       7.35469222e-01, 9.80122681e+02, 1.67059677e+02, 4.34497267e-01,
       1.01727460e+03, 2.72786438e+02, 5.53560257e-02, 0., 0., 0., 0.,
       0., 0., 0., 0., 0., 0., 0., 0., 0., 0., 0., 0., 0., 0. ]
