%YAML:1.0
---
pose_0: !!opencv-matrix
   rows: 1
   cols: 25
   dt: "3f"
   data: [ 9.19330627e+02, 3.72741791e+02, 7.14047313e-01,
       8.03747681e+02, 3.70759705e+02, 6.36108816e-01, 8.03772949e+02,
       2.98294037e+02, 6.22280002e-01, 6.97916016e+02, 2.12143356e+02,
       7.61268079e-01, 6.51004578e+02, 2.27789474e+02, 7.89356053e-01,
       7.92014038e+02, 4.53045441e+02, 5.58021009e-01, 6.88172668e+02,
       4.92317474e+02, 6.00157619e-01, 5.76457703e+02, 5.25567688e+02,
       7.76809096e-01, 5.70601379e+02, 3.62947388e+02, 1.76317662e-01,
       5.68647827e+02, 3.21767242e+02, 2.60609925e-01, 3.84486420e+02,
       3.55107910e+02, 1.09672241e-01, 0., 0., 0., 5.78426331e+02,
       4.21721405e+02, 1.12551421e-01, 0., 0., 0., 0., 0., 0.,
       9.31017334e+02, 3.53216583e+02, 7.38243937e-01, 9.33048706e+02,
       3.88373901e+02, 7.34962463e-01, 9.01687500e+02, 3.27646820e+02,
       5.11561751e-01, 9.21271057e+02, 4.11904877e+02, 1.33986190e-01,
       0., 0., 0., 0., 0., 0., 0., 0., 0., 0., 0., 0., 0., 0., 0., 0.,
       0., 0. ]
