%YAML:1.0
---
pose_0: !!opencv-matrix
   rows: 1
   cols: 25
   dt: "3f"
   data: [ 1.09957458e+03, 1.51360611e+02, 1.79797381e-01,
       9.19313721e+02, 1.92441727e+02, 5.72233915e-01, 9.58470825e+02,
       2.70873962e+02, 4.71259266e-01, 1.02317664e+03, 4.13919098e+02,
       7.37040818e-01, 1.13093518e+03, 2.65009033e+02, 6.80317223e-01,
       8.82083435e+02, 1.18028595e+02, 2.66249806e-01, 0., 0., 0., 0.,
       0., 0., 0., 0., 0., 0., 0., 0., 0., 0., 0., 0., 0., 0., 0., 0.,
       0., 0., 0., 0., 0., 0., 0., 1.10348450e+03, 1.45470734e+02,
       2.27143645e-01, 1.11913086e+03, 1.57195740e+02, 2.69318044e-01,
       1.04470032e+03, 1.96476761e+02, 1.04095154e-01, 1.12111523e+03,
       1.80818466e+02, 6.26890361e-02, 0., 0., 0., 0., 0., 0., 0., 0.,
       0., 0., 0., 0., 0., 0., 0., 0., 0., 0. ]
