%YAML:1.0
---
pose_0: !!opencv-matrix
   rows: 1
   cols: 25
   dt: "3f"
   data: [ 8.89967102e+02, 3.78628418e+02, 7.35168815e-01,
       7.76411804e+02, 3.72754456e+02, 6.84499264e-01, 7.72330139e+02,
       2.96342834e+02, 6.72299504e-01, 6.46956726e+02, 2.41454300e+02,
       7.95351624e-01, 7.11707947e+02, 2.55201263e+02, 7.99063265e-01,
       7.80236328e+02, 4.45207428e+02, 5.90366840e-01, 6.68571106e+02,
       5.15762756e+02, 7.65436769e-01, 7.74325073e+02, 4.96142273e+02,
       7.98932612e-01, 5.29477112e+02, 3.82529266e+02, 3.18967313e-01,
       5.31411560e+02, 3.35553619e+02, 4.12696123e-01, 3.60979340e+02,
       3.55086029e+02, 5.15349627e-01, 0., 0., 0., 5.27533447e+02,
       4.29534241e+02, 4.15823132e-01, 3.49221069e+02, 4.90303253e+02,
       4.37515199e-01, 1.76842880e+02, 5.23543274e+02, 4.18880314e-01,
       8.99719421e+02, 3.53120483e+02, 8.70837629e-01, 9.03658752e+02,
       3.92294647e+02, 7.25981832e-01, 8.70357117e+02, 3.25692688e+02,
       6.42539442e-01, 8.93875977e+02, 4.11945679e+02, 1.00970231e-01,
       1.29828262e+02, 5.74554077e+02, 2.13816479e-01, 1.29814148e+02,
       5.72636719e+02, 2.15989292e-01, 1.47463913e+02, 5.15786499e+02,
       2.55969793e-01, 0., 0., 0., 0., 0., 0., 0., 0., 0. ]
