%YAML:1.0
---
pose_0: !!opencv-matrix
   rows: 1
   cols: 25
   dt: "3f"
   data: [ 1.06235242e+03, 2.19952652e+02, 6.63196146e-01,
       9.17432800e+02, 2.23852798e+02, 5.60286701e-01, 9.09502563e+02,
       1.29783234e+02, 5.24694383e-01, 7.43012451e+02, 8.46715164e+01,
       7.88486242e-01, 7.44905579e+02, 1.31691742e+02, 8.30765486e-01,
       9.33086975e+02, 3.21842133e+02, 5.39721906e-01, 7.89947388e+02,
       4.33492004e+02, 7.69796729e-01, 8.72367737e+02, 3.06085052e+02,
       7.85547614e-01, 6.62688416e+02, 3.37450775e+02, 1.11948907e-01,
       6.27413330e+02, 2.94373047e+02, 1.03669010e-01, 0., 0., 0., 0.,
       0., 0., 6.99898010e+02, 3.72725616e+02, 9.48789343e-02, 0., 0.,
       0., 0., 0., 0., 1.07218347e+03, 1.92451019e+02, 8.37461293e-01,
       1.07606494e+03, 2.41416748e+02, 5.98962843e-01, 1.02515332e+03,
       1.57233368e+02, 5.18108487e-01, 0., 0., 0., 0., 0., 0., 0., 0.,
       0., 0., 0., 0., 0., 0., 0., 0., 0., 0., 0., 0., 0. ]
