%YAML:1.0
---
pose_0: !!opencv-matrix
   rows: 1
   cols: 25
   dt: "3f"
   data: [ 9.34973633e+02, 3.19793732e+02, 8.52026284e-01,
       8.25334900e+02, 2.86518250e+02, 6.66463852e-01, 8.42934753e+02,
       2.12095169e+02, 6.46914721e-01, 7.19504272e+02, 1.49455307e+02,
       7.77632058e-01, 6.35202393e+02, 2.25784378e+02, 8.39773595e-01,
       8.07650818e+02, 3.49241699e+02, 5.24983048e-01, 7.27328918e+02,
       4.02128082e+02, 4.67602223e-01, 6.80249756e+02, 4.00189575e+02,
       5.87808490e-01, 6.01970215e+02, 2.90435242e+02, 2.65405208e-01,
       6.05889221e+02, 2.49330093e+02, 3.29471856e-01, 3.64877045e+02,
       3.17890686e+02, 4.52614099e-01, 9.65028839e+01, 3.19889648e+02,
       3.14325720e-01, 5.92169434e+02, 3.37492676e+02, 2.57566154e-01,
       4.09962738e+02, 3.53195984e+02, 9.51962024e-02, 0., 0., 0.,
       9.44830444e+02, 2.90503479e+02, 8.45155418e-01, 9.50711304e+02,
       3.25715912e+02, 7.30330288e-01, 9.15486328e+02, 2.59162170e+02,
       7.77267635e-01, 0., 0., 0., 0., 0., 0., 0., 0., 0., 0., 0., 0.,
       2.59712906e+01, 2.98291473e+02, 1.01272643e-01, 2.41019382e+01,
       3.02197510e+02, 7.92172179e-02, 7.10607147e+01, 3.37478333e+02,
       1.97596610e-01 ]
