%YAML:1.0
---
pose_0: !!opencv-matrix
   rows: 1
   cols: 25
   dt: "3f"
   data: [ 8.54665039e+02, 1.16062958e+02, 6.10716164e-01,
       7.46978455e+02, 1.29800095e+02, 6.24477804e-01, 7.43062866e+02,
       6.70915146e+01, 5.29469907e-01, 7.45013550e+02, 5.33939838e+00,
       1.92394957e-01, 0., 0., 0., 7.52774353e+02, 1.94471161e+02,
       5.01886129e-01, 8.09588745e+02, 2.45365097e+02, 6.97208643e-01,
       8.76214478e+02, 1.61119141e+02, 2.92215854e-01, 5.47107239e+02,
       1.23938202e+02, 2.18258575e-01, 5.35348938e+02, 8.27567368e+01,
       2.43775815e-01, 3.39431885e+02, 1.80752151e+02, 7.17399567e-02,
       1.65075974e+02, 1.90559631e+02, 2.63454050e-01, 5.47110352e+02,
       1.76797958e+02, 2.04407021e-01, 3.37467529e+02, 1.84650269e+02,
       1.89240277e-01, 1.65049011e+02, 1.94380249e+02, 1.35554910e-01,
       8.52767273e+02, 5.93226814e+01, 5.02689071e-02, 8.82119995e+02,
       1.16081665e+02, 3.90353024e-01, 0., 0., 0., 0., 0., 0.,
       1.06301804e+02, 2.00320313e+02, 8.27653185e-02, 0., 0., 0.,
       1.10214348e+02, 2.19886078e+02, 5.00184633e-02, 1.16057907e+02,
       2.00315491e+02, 1.07046753e-01, 1.16079903e+02, 1.94444626e+02,
       1.06423602e-01, 1.49410141e+02, 1.78790802e+02, 1.24029905e-01 ]
