%YAML:1.0
---
pose_0: !!opencv-matrix
   rows: 2
   cols: 25
   dt: "3f"
   data: [ 8.99717651e+02, 2.31655594e+02, 7.45153964e-01,
       8.39002869e+02, 3.06101898e+02, 4.33216929e-01, 0., 0., 0., 0.,
       0., 0., 0., 0., 0., 8.50767090e+02, 3.12020996e+02,
       4.70764816e-01, 7.33183228e+02, 2.66975189e+02, 6.09993100e-01,
       6.33230530e+02, 1.96401291e+02, 7.87736237e-01, 5.54926819e+02,
       3.53184875e+02, 1.40049279e-01, 5.45133179e+02, 3.19813782e+02,
       1.71847612e-01, 3.06138275e+02, 2.72810577e+02, 1.40352890e-01,
       2.94368652e+02, 2.88462341e+02, 7.82797337e-02, 5.39258789e+02,
       3.92307861e+02, 1.03039369e-01, 4.39338104e+02, 3.68812744e+02,
       7.61063918e-02, 3.06110962e+02, 3.00247620e+02, 9.91440415e-02,
       9.17415588e+02, 2.29756744e+02, 1.02660753e-01, 9.23228943e+02,
       2.41511292e+02, 8.19485664e-01, 0., 0., 0., 9.15387878e+02,
       3.06043427e+02, 8.29645336e-01, 0., 0., 0., 0., 0., 0.,
       3.08078949e+02, 3.02196106e+02, 6.15585819e-02, 0., 0., 0., 0.,
       0., 0., 0., 0., 0., 0., 0., 0., 0., 0., 0., 8.50742615e+02,
       3.12005859e+02, 2.67444670e-01, 6.47018616e+02, 2.90455322e+02,
       2.47857764e-01, 6.27433105e+02, 2.17954132e+02, 2.76785612e-01,
       0., 0., 0., 0., 0., 0., 0., 0., 0., 0., 0., 0., 0., 0., 0., 0.,
       0., 0., 0., 0., 0., 0., 0., 0., 0., 0., 0., 0., 0., 0., 0., 0.,
       0., 0., 0., 0., 0., 0., 0., 0., 0., 0., 0., 0., 0., 0., 0., 0.,
       0., 0., 0., 0., 0., 0., 0., 0., 0., 0., 0., 0. ]
