%YAML:1.0
---
pose_0: !!opencv-matrix
   rows: 2
   cols: 25
   dt: "3f"
   data: [ 8.87970398e+02, 3.68903198e+02, 7.15205669e-01,
       8.07699280e+02, 2.90430023e+02, 5.72005749e-01, 8.19419128e+02,
       2.70880920e+02, 6.50896430e-01, 6.95916443e+02, 2.57138336e+02,
       6.87307179e-01, 6.70534302e+02, 4.33490356e+02, 5.93582988e-01,
       7.95930115e+02, 3.19775360e+02, 3.99404138e-01, 7.07733948e+02,
       3.53139465e+02, 2.67547101e-01, 0., 0., 0., 6.17597351e+02,
       3.10017029e+02, 2.00931758e-01, 0., 0., 0., 0., 0., 0., 0., 0.,
       0., 6.35261475e+02, 3.39425537e+02, 1.88861504e-01,
       6.19534607e+02, 4.68729553e+02, 3.17963809e-01, 6.01940674e+02,
       4.76572815e+02, 2.27370068e-01, 9.03684021e+02, 3.62940399e+02,
       7.06115603e-01, 9.07607910e+02, 3.82583435e+02, 5.66254854e-02,
       9.11488098e+02, 3.13938873e+02, 7.71245241e-01, 0., 0., 0.,
       6.05851318e+02, 4.82459351e+02, 1.41140983e-01, 0., 0., 0.,
       5.88206299e+02, 4.76502319e+02, 2.73282826e-01, 0., 0., 0., 0.,
       0., 0., 0., 0., 0., 0., 0., 0., 0., 0., 0., 0., 0., 0., 0., 0.,
       0., 0., 0., 0., 0., 0., 0., 0., 0., 0., 0., 0., 0.,
       5.64738831e+02, 3.00245331e+02, 2.20228598e-01, 5.56870361e+02,
       2.70819885e+02, 2.95633137e-01, 4.27593384e+02, 3.12008820e+02,
       2.23496810e-01, 3.27663879e+02, 3.57090118e+02, 3.28862667e-01,
       5.66686707e+02, 3.29616089e+02, 1.41980007e-01, 4.45254639e+02,
       3.68821411e+02, 1.36621431e-01, 0., 0., 0., 0., 0., 0., 0., 0.,
       0., 0., 0., 0., 0., 0., 0., 0., 0., 0., 0., 0., 0., 0., 0., 0.,
       0., 0., 0., 0., 0., 0., 0., 0., 0. ]
