%YAML:1.0
---
pose_0: !!opencv-matrix
   rows: 1
   cols: 25
   dt: "3f"
   data: [ 1.02703467e+03, 3.64841064e+02, 7.11322546e-01,
       9.13426941e+02, 3.23787994e+02, 2.17794031e-01, 9.15408936e+02,
       2.43435760e+02, 3.79768789e-01, 8.64485596e+02, 1.88573288e+02,
       2.78753072e-01, 7.80208923e+02, 1.63089905e+02, 3.28398466e-01,
       8.86049255e+02, 3.82535309e+02, 1.26197100e-01, 7.27292358e+02,
       4.76571991e+02, 6.13480359e-02, 0., 0., 0., 0., 0., 0., 0., 0.,
       0., 0., 0., 0., 0., 0., 0., 0., 0., 0., 0., 0., 0., 0., 0., 0.,
       9.95849915e+02, 3.51118927e+02, 5.32986879e-01, 1.04284985e+03,
       3.35453156e+02, 7.27144122e-01, 9.99653381e+02, 2.86534546e+02,
       2.62779623e-01, 0., 0., 0., 0., 0., 0., 0., 0., 0., 0., 0., 0.,
       0., 0., 0., 0., 0., 0., 0., 0., 0. ]
