%YAML:1.0
---
pose_0: !!opencv-matrix
   rows: 1
   cols: 25
   dt: "3f"
   data: [ 9.74140503e+02, 2.74809143e+02, 7.64570177e-01,
       8.40953186e+02, 2.43393387e+02, 6.32017374e-01, 8.41004456e+02,
       1.51388794e+02, 5.84468663e-01, 7.29329285e+02, 5.92787247e+01,
       7.90331244e-01, 6.37259705e+02, 1.49484314e+02, 7.52528608e-01,
       8.33099243e+02, 3.31615234e+02, 6.14645302e-01, 7.13692749e+02,
       3.76633148e+02, 6.97428823e-01, 6.03864868e+02, 4.31584076e+02,
       7.98366547e-01, 5.74532471e+02, 2.57168549e+02, 2.22546205e-01,
       5.76481934e+02, 2.12095093e+02, 2.83822626e-01, 4.76589447e+02,
       2.19928360e+02, 5.30123673e-02, 0., 0., 0., 5.64753784e+02,
       3.17898102e+02, 2.50860035e-01, 5.13801697e+02, 3.49193848e+02,
       1.16074711e-01, 2.08149948e+02, 3.59011261e+02, 2.35498369e-01,
       9.81993042e+02, 2.45446442e+02, 8.07806194e-01, 9.85937744e+02,
       2.86484711e+02, 7.58268774e-01, 9.60451599e+02, 2.00294601e+02,
       7.88976371e-01, 0., 0., 0., 0., 0., 0., 0., 0., 0.,
       1.80774002e+02, 3.57051086e+02, 1.08202703e-01, 0., 0., 0., 0.,
       0., 0., 0., 0., 0. ]
