%YAML:1.0
---
pose_0: !!opencv-matrix
   rows: 1
   cols: 25
   dt: "3f"
   data: [ 8.84045105e+02, 3.96171661e+02, 7.89350271e-01,
       7.74405457e+02, 4.13915314e+02, 7.41461158e-01, 7.60715332e+02,
       3.37507874e+02, 7.56642699e-01, 6.33238098e+02, 2.92413818e+02,
       8.36916983e-01, 6.80360535e+02, 2.90422089e+02, 8.41645598e-01,
       7.82201050e+02, 4.88291382e+02, 6.06140435e-01, 6.68528870e+02,
       5.74497803e+02, 7.96474695e-01, 7.70463013e+02, 5.47104675e+02,
       7.62182832e-01, 5.23570801e+02, 4.15850891e+02, 3.14047515e-01,
       5.23613037e+02, 3.72734985e+02, 4.08880830e-01, 3.62921631e+02,
       3.68756714e+02, 2.93510318e-01, 0., 0., 0., 5.21594360e+02,
       4.64791168e+02, 3.80467266e-01, 3.51196960e+02, 4.92175293e+02,
       4.80279416e-01, 1.80767822e+02, 5.23570435e+02, 3.88552904e-01,
       8.86083130e+02, 3.80550140e+02, 8.62297833e-01, 8.95849365e+02,
       4.11881897e+02, 7.81434655e-01, 8.64460571e+02, 3.66808197e+02,
       4.08619463e-01, 8.70409302e+02, 4.43228302e+02, 5.68569541e-01,
       1.21964706e+02, 5.70542419e+02, 1.71230271e-01, 1.27852684e+02,
       5.70577759e+02, 1.91574454e-01, 1.55301910e+02, 5.21610352e+02,
       1.95604250e-01, 0., 0., 0., 0., 0., 0., 0., 0., 0. ]
