%YAML:1.0
---
pose_0: !!opencv-matrix
   rows: 1
   cols: 25
   dt: "3f"
   data: [ 9.48737610e+02, 3.23772614e+02, 3.76920283e-01,
       8.36955811e+02, 2.98288177e+02, 6.40633345e-01, 8.25276855e+02,
       2.14090179e+02, 6.80546880e-01, 6.95977478e+02, 1.82757111e+02,
       8.00728798e-01, 6.33215088e+02, 2.39479309e+02, 7.85063982e-01,
       8.39081543e+02, 3.55143311e+02, 5.39949000e-01, 7.93983398e+02,
       4.49101501e+02, 7.84129798e-01, 8.99783325e+02, 3.49157898e+02,
       7.91510820e-01, 5.90192017e+02, 2.90447632e+02, 1.73133850e-01,
       5.88213257e+02, 2.70843475e+02, 2.47025162e-01, 4.96152344e+02,
       2.59119293e+02, 1.01129815e-01, 1.23912132e+02, 3.86422089e+02,
       1.47784919e-01, 5.76492249e+02, 3.64875366e+02, 1.10050485e-01,
       3.94286957e+02, 3.82572235e+02, 1.13136686e-01, 3.39441040e+02,
       3.82562378e+02, 1.65769547e-01, 9.54615723e+02, 2.94376923e+02,
       5.87253511e-01, 9.64420837e+02, 3.37417938e+02, 7.06333101e-01,
       9.27182495e+02, 2.63049377e+02, 4.90383148e-01, 0., 0., 0., 0.,
       0., 0., 0., 0., 0., 0., 0., 0., 7.10428848e+01, 3.66801056e+02,
       1.56444564e-01, 7.29634171e+01, 3.66830505e+02, 1.33843437e-01,
       0., 0., 0. ]
