%YAML:1.0
---
pose_0: !!opencv-matrix
   rows: 1
   cols: 25
   dt: "3f"
   data: [ 8.95773682e+02, 3.86455261e+02, 8.05832624e-01,
       8.03752563e+02, 4.31504608e+02, 7.48022735e-01, 7.72383118e+02,
       3.98157898e+02, 6.37247384e-01, 0., 0., 0., 0., 0., 0.,
       8.35096069e+02, 4.76551300e+02, 6.60387576e-01, 7.62593628e+02,
       4.55045624e+02, 6.51250899e-01, 7.29237793e+02, 3.31577332e+02,
       7.70874381e-01, 5.62778076e+02, 4.62829773e+02, 2.18458340e-01,
       5.62775696e+02, 4.27599609e+02, 2.78555393e-01, 3.53126099e+02,
       3.98140625e+02, 2.38093510e-01, 1.61111862e+02, 3.82568024e+02,
       3.34356040e-01, 5.58856873e+02, 5.00091980e+02, 1.40174538e-01,
       3.66852631e+02, 4.00117950e+02, 1.92964941e-01, 1.51336761e+02,
       3.84546356e+02, 1.95712000e-01, 8.99713135e+02, 3.72713562e+02,
       8.75401795e-01, 9.09501282e+02, 4.00202148e+02, 8.45552623e-01,
       8.74304382e+02, 3.66906311e+02, 3.83607745e-01, 9.01658997e+02,
       4.29634949e+02, 8.10041726e-01, 1.18037842e+02, 3.39459290e+02,
       9.72413421e-02, 1.18012100e+02, 3.51138397e+02, 9.92454141e-02,
       1.35676834e+02, 4.00186981e+02, 1.17156878e-01, 1.23910233e+02,
       3.39428284e+02, 1.46161065e-01, 1.21982735e+02, 3.41405762e+02,
       1.19470343e-01, 0., 0., 0. ]
