%YAML:1.0
---
pose_0: !!opencv-matrix
   rows: 1
   cols: 25
   dt: "3f"
   data: [ 9.01778625e+02, 1.41564133e+02, 7.84059703e-01,
       7.92077026e+02, 1.45492889e+02, 6.32205725e-01, 7.93983765e+02,
       5.54097137e+01, 6.85364902e-01, 6.94056519e+02, 5.33600855e+00,
       4.90741253e-01, 0., 0., 0., 7.89968506e+02, 2.29713837e+02,
       6.50789261e-01, 6.66569519e+02, 2.70893066e+02, 8.12707901e-01,
       5.52945923e+02, 2.78711700e+02, 7.78103650e-01, 5.45136108e+02,
       1.33734406e+02, 8.52602944e-02, 5.31428833e+02, 9.45458908e+01,
       8.18330199e-02, 0., 0., 0., 0., 0., 0., 5.39259644e+02,
       1.92504471e+02, 6.03749268e-02, 0., 0., 0., 0., 0., 0.,
       9.13476135e+02, 1.18064934e+02, 8.84567082e-01, 9.17373718e+02,
       1.55280594e+02, 8.11821997e-01, 8.87973938e+02, 9.64518204e+01,
       5.94085574e-01, 9.03640320e+02, 1.76832184e+02, 3.00372720e-01,
       0., 0., 0., 0., 0., 0., 0., 0., 0., 0., 0., 0., 0., 0., 0., 0.,
       0., 0. ]
