%YAML:1.0
---
pose_0: !!opencv-matrix
   rows: 1
   cols: 25
   dt: "3f"
   data: [ 1.13475183e+03, 1.76753891e+02, 2.27852181e-01, 0., 0., 0.,
       9.93788513e+02, 2.90463623e+02, 9.24199075e-02, 1.07220520e+03,
       4.62848846e+02, 6.60832942e-01, 1.20535474e+03, 3.06120758e+02,
       6.03683472e-01, 0., 0., 0., 0., 0., 0., 0., 0., 0., 0., 0., 0.,
       0., 0., 0., 0., 0., 0., 0., 0., 0., 0., 0., 0., 0., 0., 0., 0.,
       0., 0., 1.07612244e+03, 1.64979965e+02, 5.15462875e-01,
       1.14466467e+03, 1.37657608e+02, 2.15093017e-01, 1.02511670e+03,
       2.12095673e+02, 3.13310713e-01, 0., 0., 0., 0., 0., 0., 0., 0.,
       0., 0., 0., 0., 0., 0., 0., 0., 0., 0., 0., 0., 0. ]
