%YAML:1.0
---
pose_0: !!opencv-matrix
   rows: 1
   cols: 25
   dt: "3f"
   data: [ 8.89931335e+02, 1.14167671e+02, 7.52452731e-01,
       7.90088379e+02, 1.14076416e+02, 7.05870569e-01, 7.88079956e+02,
       2.39994431e+01, 5.62005758e-01, 7.07753906e+02, 5.35081482e+00,
       1.83715582e-01, 6.39162354e+02, 1.81244221e+01, 7.03705966e-01,
       7.91944580e+02, 1.94437119e+02, 6.93089843e-01, 6.95998657e+02,
       2.61107605e+02, 8.11164916e-01, 6.07831665e+02, 2.66951416e+02,
       7.69620538e-01, 5.43191284e+02, 1.33745377e+02, 1.63658291e-01,
       5.49057617e+02, 8.47422256e+01, 1.67340577e-01, 0., 0., 0., 0.,
       0., 0., 5.43181946e+02, 1.82714874e+02, 1.69465050e-01,
       3.70778900e+02, 1.70946274e+02, 1.98344201e-01, 0., 0., 0.,
       9.01783447e+02, 9.05814362e+01, 8.49119782e-01, 9.01706482e+02,
       1.31667023e+02, 7.80977845e-01, 8.84002075e+02, 6.51832733e+01,
       7.05607593e-01, 8.89970398e+02, 1.47403671e+02, 2.04080179e-01,
       0., 0., 0., 0., 0., 0., 0., 0., 0., 0., 0., 0., 0., 0., 0., 0.,
       0., 0. ]
