%YAML:1.0
---
pose_0: !!opencv-matrix
   rows: 1
   cols: 25
   dt: "3f"
   data: [ 8.78156921e+02, 3.51234314e+02, 8.30835104e-01,
       7.89951782e+02, 3.33549072e+02, 7.60466456e-01, 8.05685364e+02,
       2.80669189e+02, 6.78624213e-01, 7.76324829e+02, 2.23871841e+02,
       6.99616313e-01, 8.64445496e+02, 2.86533295e+02, 7.18414426e-01,
       7.76283081e+02, 3.96197784e+02, 6.30568266e-01, 7.42948669e+02,
       5.07827637e+02, 8.20049286e-01, 8.31160217e+02, 4.47201172e+02,
       7.93822944e-01, 5.66700439e+02, 3.08106140e+02, 2.20802590e-01,
       5.52972351e+02, 2.74823975e+02, 2.70985395e-01, 3.23793427e+02,
       2.51240082e+02, 3.41046333e-01, 1.80792969e+02, 1.96463638e+02,
       1.39156982e-01, 5.60813782e+02, 3.60969421e+02, 1.66604131e-01,
       3.39439880e+02, 3.78584839e+02, 2.72769958e-01, 1.49445801e+02,
       3.53155914e+02, 4.41576153e-01, 8.83975708e+02, 3.29623383e+02,
       7.92989969e-01, 8.95824768e+02, 3.57083344e+02, 7.59113133e-01,
       8.76220581e+02, 3.04070526e+02, 6.53114319e-01, 0., 0., 0.,
       9.45621567e+01, 3.92321808e+02, 3.45275670e-01, 1.04331596e+02,
       3.96231903e+02, 3.87147278e-01, 1.31727478e+02, 3.35522461e+02,
       3.03283334e-01, 0., 0., 0., 0., 0., 0., 0., 0., 0. ]
