%YAML:1.0
---
pose_0: !!opencv-matrix
   rows: 1
   cols: 25
   dt: "3f"
   data: [ 8.99797913e+02, 4.17833527e+02, 8.03593993e-01,
       7.92005249e+02, 4.13845886e+02, 7.19538927e-01, 7.90072998e+02,
       3.29618286e+02, 6.48785114e-01, 6.80222900e+02, 2.43388367e+02,
       7.31155813e-01, 7.13632324e+02, 2.70822083e+02, 7.69213319e-01,
       7.90014160e+02, 4.92246674e+02, 6.08960390e-01, 6.66579895e+02,
       5.41280090e+02, 8.29186916e-01, 7.76250732e+02, 5.37281494e+02,
       7.77150571e-01, 5.45129700e+02, 4.31507355e+02, 2.76725262e-01,
       5.43199829e+02, 3.86443542e+02, 3.62914950e-01, 3.37485138e+02,
       3.82558380e+02, 2.99108922e-01, 2.90479187e+02, 3.60999146e+02,
       5.91594167e-02, 5.41194214e+02, 4.80518921e+02, 2.79513121e-01,
       3.84467865e+02, 5.07971497e+02, 3.11516702e-01, 0., 0., 0.,
       9.13481506e+02, 4.00145081e+02, 8.78728926e-01, 9.13422424e+02,
       4.35450531e+02, 7.59303749e-01, 8.85974609e+02, 3.78590576e+02,
       7.04677880e-01, 8.91878479e+02, 4.60846161e+02, 1.22818537e-01,
       0., 0., 0., 0., 0., 0., 0., 0., 0., 0., 0., 0., 0., 0., 0., 0.,
       0., 0. ]
