%YAML:1.0
---
pose_0: !!opencv-matrix
   rows: 1
   cols: 25
   dt: "3f"
   data: [ 9.13454651e+02, 2.25860672e+02, 7.74974227e-01,
       8.05687683e+02, 2.45402191e+02, 7.20825851e-01, 7.84151245e+02,
       1.68990479e+02, 6.72059953e-01, 6.68544189e+02, 1.29824448e+02,
       7.72929311e-01, 6.17600952e+02, 1.57221664e+02, 7.64136493e-01,
       8.23271179e+02, 3.33518921e+02, 7.01370537e-01, 7.15623657e+02,
       3.98230774e+02, 7.55460680e-01, 5.96069275e+02, 4.45148499e+02,
       7.88914502e-01, 5.58841980e+02, 2.76769562e+02, 2.39931315e-01,
       5.56895569e+02, 2.27748184e+02, 3.32889497e-01, 3.59014740e+02,
       2.59097015e+02, 1.52272239e-01, 1.33746384e+02, 3.39446075e+02,
       1.84223935e-01, 5.68636536e+02, 3.25706512e+02, 2.85820186e-01,
       3.64900909e+02, 2.90496613e+02, 2.82927811e-01, 1.47405594e+02,
       3.45285034e+02, 2.76721209e-01, 9.17381348e+02, 2.08134811e+02,
       7.76770353e-01, 9.27172546e+02, 2.41465439e+02, 8.48796844e-01,
       8.93865295e+02, 1.84661133e+02, 6.35528684e-01, 9.15445251e+02,
       2.61086578e+02, 3.88423175e-01, 1.06317909e+02, 3.04168396e+02,
       1.12226486e-01, 1.04357384e+02, 3.06137329e+02, 1.04219422e-01,
       1.29779175e+02, 3.51151367e+02, 2.10506633e-01, 0., 0., 0., 0.,
       0., 0., 0., 0., 0. ]
