%YAML:1.0
---
pose_0: !!opencv-matrix
   rows: 1
   cols: 25
   dt: "3f"
   data: [ 9.31060791e+02, 2.21891541e+02, 8.14468622e-01,
       8.05705505e+02, 2.27691544e+02, 7.07420945e-01, 8.05658508e+02,
       1.39573502e+02, 6.97928071e-01, 6.97984192e+02, 8.47260132e+01,
       7.33159900e-01, 6.80314758e+02, 1.29820694e+02, 8.99774313e-01,
       8.07630127e+02, 3.11970947e+02, 6.60750866e-01, 7.11653870e+02,
       3.84560272e+02, 8.50902140e-01, 6.13703796e+02, 3.98167664e+02,
       8.19854736e-01, 5.86279785e+02, 2.27764191e+02, 2.04882085e-01,
       5.99978943e+02, 1.86639099e+02, 2.42095634e-01, 5.21634644e+02,
       1.78729416e+02, 7.94859678e-02, 0., 0., 0., 5.56880981e+02,
       2.90439240e+02, 1.31955564e-01, 3.60980103e+02, 2.72861084e+02,
       5.46405390e-02, 1.53301834e+02, 2.57086945e+02, 2.51679271e-01,
       9.31076721e+02, 1.96426498e+02, 8.86576235e-01, 9.48703064e+02,
       2.25818359e+02, 7.86846876e-01, 8.88042786e+02, 1.76805145e+02,
       6.90196395e-01, 9.15379639e+02, 2.55117020e+02, 2.54023463e-01,
       1.00450096e+02, 2.88519531e+02, 2.10851222e-01, 1.14120255e+02,
       2.88548645e+02, 2.71234453e-01, 1.41566147e+02, 2.47357178e+02,
       1.26448333e-01, 0., 0., 0., 0., 0., 0., 0., 0., 0. ]
