%YAML:1.0
---
pose_0: !!opencv-matrix
   rows: 1
   cols: 25
   dt: "3f"
   data: [ 9.31089661e+02, 3.02144714e+02, 8.16325545e-01,
       8.11601013e+02, 3.19844604e+02, 6.66618347e-01, 8.03704651e+02,
       2.43364960e+02, 7.28050292e-01, 6.64629639e+02, 2.25695236e+02,
       6.13363266e-01, 5.31416565e+02, 2.25722885e+02, 6.24814570e-01,
       8.23361206e+02, 4.00223358e+02, 6.44224167e-01, 7.27300598e+02,
       4.47181793e+02, 6.82522058e-01, 6.33212891e+02, 3.88381256e+02,
       7.69413948e-01, 5.37284912e+02, 3.35526672e+02, 2.52053529e-01,
       5.41192627e+02, 2.88453064e+02, 3.58161479e-01, 3.59020447e+02,
       2.63040283e+02, 2.04007119e-01, 0., 0., 0., 5.37300354e+02,
       3.82507050e+02, 2.82510668e-01, 3.51183014e+02, 4.45238281e+02,
       3.20770264e-01, 1.65089951e+02, 5.05906860e+02, 4.05887514e-01,
       9.36999207e+02, 2.84592987e+02, 8.27905357e-01, 9.44770813e+02,
       3.17825409e+02, 8.02711725e-01, 9.15404297e+02, 2.68851410e+02,
       5.12766480e-01, 9.29098022e+02, 3.43338684e+02, 2.92681098e-01,
       9.06158600e+01, 5.11845886e+02, 2.55266756e-01, 1.02355316e+02,
       5.21636475e+02, 2.85428137e-01, 1.49408157e+02, 5.02056396e+02,
       1.93385795e-01, 0., 0., 0., 0., 0., 0., 0., 0., 0. ]
