%YAML:1.0
---
pose_0: !!opencv-matrix
   rows: 1
   cols: 25
   dt: "3f"
   data: [ 9.34986389e+02, 2.80641571e+02, 7.13585854e-01,
       8.21416077e+02, 2.84571991e+02, 6.63911641e-01, 8.21372437e+02,
       2.00305252e+02, 7.02593625e-01, 6.99976074e+02, 1.51357162e+02,
       8.03733945e-01, 6.60677612e+02, 1.80697388e+02, 8.27266276e-01,
       8.21380066e+02, 3.66822388e+02, 5.90535998e-01, 6.88179382e+02,
       4.41331329e+02, 7.05728710e-01, 7.64561279e+02, 3.37459869e+02,
       7.43872285e-01, 5.72561462e+02, 2.86514313e+02, 2.79451340e-01,
       5.74511414e+02, 2.39536041e+02, 4.22806114e-01, 3.68797516e+02,
       2.63062805e+02, 6.20403051e-01, 1.65048599e+02, 2.88528748e+02,
       2.74615407e-01, 5.70592651e+02, 3.39467499e+02, 2.65872687e-01,
       3.66885956e+02, 3.64836731e+02, 3.86033058e-01, 1.55267761e+02,
       3.37495453e+02, 2.39931613e-01, 9.46779907e+02, 2.59107239e+02,
       8.52373719e-01, 9.48741150e+02, 3.02122589e+02, 7.51144171e-01,
       9.19351563e+02, 2.33638214e+02, 5.04425824e-01, 9.23253601e+02,
       3.21898529e+02, 2.56683320e-01, 8.66591339e+01, 3.64861176e+02,
       1.84964329e-01, 9.84554138e+01, 3.68785095e+02, 2.13020399e-01,
       1.49403259e+02, 3.45288849e+02, 1.66605055e-01, 1.14117119e+02,
       2.57124054e+02, 1.01275645e-01, 1.18097092e+02, 2.53248154e+02,
       8.80502686e-02, 1.47399017e+02, 2.90418030e+02, 2.15789065e-01 ]
