%YAML:1.0
---
pose_0: !!opencv-matrix
   rows: 1
   cols: 25
   dt: "3f"
   data: [ 9.17407288e+02, 3.55104584e+02, 7.85571039e-01,
       8.25297363e+02, 3.13984467e+02, 6.24351144e-01, 8.35062866e+02,
       2.70862946e+02, 6.83938742e-01, 7.56758789e+02, 3.37420288e+02,
       7.82557666e-01, 8.54710144e+02, 4.31554169e+02, 7.62208462e-01,
       8.07681274e+02, 3.51216125e+02, 3.52289617e-01, 7.31331116e+02,
       4.33530945e+02, 8.08191419e-01, 8.35107666e+02, 4.47242462e+02,
       5.80288649e-01, 5.54918762e+02, 3.10023132e+02, 2.97309667e-01,
       5.54911255e+02, 2.82615173e+02, 3.34722549e-01, 3.15909424e+02,
       3.39439301e+02, 2.64041871e-01, 1.33704651e+02, 3.33560974e+02,
       2.38909677e-01, 5.43162354e+02, 3.39435425e+02, 2.32619748e-01,
       3.19842194e+02, 3.39476807e+02, 1.47055805e-01, 1.33727600e+02,
       3.37442688e+02, 2.27712482e-01, 9.35026306e+02, 3.29607422e+02,
       6.81631804e-01, 9.35075012e+02, 3.66791870e+02, 7.69434690e-01,
       9.15348389e+02, 2.88570557e+02, 8.50799501e-01, 0., 0., 0.,
       7.49423065e+01, 3.31579437e+02, 6.51184991e-02, 0., 0., 0.,
       1.00416786e+02, 3.51170502e+02, 1.01242006e-01, 8.28188705e+01,
       3.41382935e+02, 8.09838623e-02, 8.27677002e+01, 3.39435699e+02,
       5.74147329e-02, 0., 0., 0. ]
