%YAML:1.0
---
pose_0: !!opencv-matrix
   rows: 1
   cols: 25
   dt: "3f"
   data: [ 9.17409851e+02, 2.57079712e+02, 8.66241455e-01,
       8.19354309e+02, 2.57168030e+02, 6.56784952e-01, 8.09679749e+02,
       1.70950073e+02, 6.67643189e-01, 6.93992859e+02, 1.29735611e+02,
       7.91548491e-01, 6.21528931e+02, 1.74891037e+02, 8.11152458e-01,
       8.21333130e+02, 3.37443176e+02, 6.65242553e-01, 7.15628479e+02,
       4.02185516e+02, 7.48432457e-01, 6.39220703e+02, 4.19727386e+02,
       7.34403610e-01, 5.99994690e+02, 2.90468658e+02, 3.01630735e-01,
       5.96066711e+02, 2.47355469e+02, 3.40586782e-01, 3.86457031e+02,
       2.53251999e+02, 2.50930607e-01, 1.63098434e+02, 2.76741669e+02,
       3.75891060e-01, 6.07834045e+02, 3.41368408e+02, 2.69316792e-01,
       4.84413239e+02, 3.57093109e+02, 1.08903244e-01, 3.60970184e+02,
       3.49222656e+02, 1.36503443e-01, 9.25239014e+02, 2.31646606e+02,
       7.86598623e-01, 9.32980164e+02, 2.70786346e+02, 8.36452782e-01,
       8.99711121e+02, 2.12044189e+02, 7.12904096e-01, 9.17387817e+02,
       2.88434662e+02, 3.73523176e-01, 0., 0., 0., 0., 0., 0., 0., 0.,
       0., 1.00436867e+02, 2.51242111e+02, 9.78189781e-02, 0., 0., 0.,
       1.49429214e+02, 2.88474945e+02, 2.62124002e-01 ]
