%YAML:1.0
---
pose_0: !!opencv-matrix
   rows: 1
   cols: 25
   dt: "3f"
   data: [ 1.00747021e+03, 2.66926025e+02, 7.13784754e-01,
       8.72326965e+02, 2.64976807e+02, 4.81455356e-01, 8.42904419e+02,
       1.80755508e+02, 4.76527482e-01, 6.84225342e+02, 1.39619858e+02,
       6.59174800e-01, 5.70637512e+02, 9.64952316e+01, 7.76856363e-01,
       8.86053406e+02, 3.37459900e+02, 4.54656631e-01, 9.68292236e+02,
       3.82590759e+02, 7.41652846e-01, 1.05448401e+03, 3.04186523e+02,
       7.40517914e-01, 5.70585022e+02, 2.70848724e+02, 1.82103008e-01,
       5.60802734e+02, 2.37548035e+02, 2.35182494e-01, 4.94176483e+02,
       2.17973267e+02, 1.11466311e-01, 2.74762177e+02, 2.08128540e+02,
       2.11889923e-01, 5.78452209e+02, 3.21773010e+02, 1.21545844e-01,
       3.51155518e+02, 3.68787750e+02, 2.20463231e-01, 1.20026993e+02,
       3.90360992e+02, 2.14731693e-01, 1.01732062e+03, 2.41435471e+02,
       8.06079805e-01, 1.02710388e+03, 2.82643646e+02, 4.43520337e-01,
       9.76100708e+02, 1.96447754e+02, 4.30520445e-01, 0., 0., 0.,
       1.00405930e+02, 3.64919739e+02, 6.29053339e-02, 1.00388466e+02,
       3.70781342e+02, 7.86469951e-02, 0., 0., 0., 0., 0., 0., 0., 0.,
       0., 0., 0., 0. ]
