%YAML:1.0
---
pose_0: !!opencv-matrix
   rows: 1
   cols: 25
   dt: "3f"
   data: [ 8.87971558e+02, 3.04190765e+02, 6.70628428e-01,
       7.99856384e+02, 3.04085846e+02, 6.18197918e-01, 8.21424500e+02,
       2.39485245e+02, 5.21904111e-01, 7.54764526e+02, 1.76745773e+02,
       7.28716850e-01, 8.19399231e+02, 2.72767395e+02, 7.72209942e-01,
       7.90043335e+02, 3.57038879e+02, 5.45875072e-01, 7.64595764e+02,
       4.41311493e+02, 7.61772573e-01, 8.50691833e+02, 3.68850464e+02,
       6.80581629e-01, 5.29467407e+02, 3.10058533e+02, 2.33229354e-01,
       5.35324585e+02, 2.72810730e+02, 2.68139839e-01, 3.51142426e+02,
       2.96358521e+02, 1.41324997e-01, 0., 0., 0., 5.27491821e+02,
       3.49234406e+02, 1.63862661e-01, 3.39418701e+02, 2.90413788e+02,
       2.51601398e-01, 1.37638412e+02, 3.08111145e+02, 2.97032416e-01,
       8.99718384e+02, 2.88416595e+02, 7.60675251e-01, 9.01756897e+02,
       3.19836578e+02, 7.06935644e-01, 8.84134460e+02, 2.61085388e+02,
       4.93313968e-01, 8.80135010e+02, 3.37596039e+02, 1.67309687e-01,
       1.00404106e+02, 3.64832672e+02, 3.46939772e-01, 1.04346466e+02,
       3.64869263e+02, 3.36843044e-01, 1.16118858e+02, 2.92389648e+02,
       1.89042762e-01, 0., 0., 0., 0., 0., 0., 0., 0., 0. ]
