%YAML:1.0
---
pose_0: !!opencv-matrix
   rows: 1
   cols: 25
   dt: "3f"
   data: [ 9.31026306e+02, 2.39500229e+02, 7.44194865e-01,
       8.38994080e+02, 3.04221710e+02, 7.38374949e-01, 8.11593018e+02,
       2.72753021e+02, 5.49483120e-01, 7.13623474e+02, 2.70815247e+02,
       3.64572942e-01, 6.35286316e+02, 2.43355347e+02, 8.28164637e-01,
       8.64444763e+02, 3.41400604e+02, 6.50866628e-01, 7.41046509e+02,
       4.02130737e+02, 7.09332228e-01, 5.70547607e+02, 3.66810791e+02,
       7.03011513e-01, 5.21632202e+02, 3.04141235e+02, 1.64212301e-01,
       5.13801147e+02, 2.82632721e+02, 1.82750717e-01, 3.49257172e+02,
       2.23863129e+02, 6.73775673e-01, 1.65042847e+02, 3.80539764e+02,
       6.26861900e-02, 5.23570801e+02, 3.21800781e+02, 1.12294815e-01,
       3.13958954e+02, 2.92444031e+02, 1.80172354e-01, 1.59187592e+02,
       3.33523163e+02, 1.14243746e-01, 9.44800049e+02, 2.27836319e+02,
       6.43652737e-01, 9.50670959e+02, 2.57136597e+02, 8.70336652e-01,
       0., 0., 0., 9.42827454e+02, 3.04191345e+02, 8.64565134e-01,
       1.41549133e+02, 3.35476868e+02, 6.94842190e-02, 1.47414063e+02,
       3.37497803e+02, 7.81425834e-02, 1.39630219e+02, 3.41379700e+02,
       8.46713930e-02, 0., 0., 0., 0., 0., 0., 0., 0., 0. ]
