%YAML:1.0
---
pose_0: !!opencv-matrix
   rows: 1
   cols: 25
   dt: "3f"
   data: [ 8.86010803e+02, 2.53190964e+02, 7.33897209e-01,
       7.88104797e+02, 2.57189514e+02, 6.73438489e-01, 7.88004578e+02,
       1.80704788e+02, 7.16679096e-01, 6.62665833e+02, 1.49460388e+02,
       7.90811598e-01, 5.49069153e+02, 1.33708008e+02, 8.35303187e-01,
       7.88021667e+02, 3.37530884e+02, 6.16826415e-01, 6.82224304e+02,
       3.86481812e+02, 7.12599397e-01, 5.60804810e+02, 4.66754730e+02,
       6.58206344e-01, 5.76470825e+02, 2.59131317e+02, 1.89913109e-01,
       5.82332764e+02, 2.14067551e+02, 3.16394657e-01, 3.74714569e+02,
       2.23809921e+02, 1.07529230e-01, 3.62955719e+02, 2.23856094e+02,
       1.68661296e-01, 5.68645081e+02, 3.15912903e+02, 1.40469939e-01,
       3.60956360e+02, 3.00259613e+02, 9.46225524e-02, 1.59193420e+02,
       3.21792816e+02, 7.28428289e-02, 8.97814087e+02, 2.41362488e+02,
       8.56745124e-01, 9.01635620e+02, 2.72777679e+02, 7.81001210e-01,
       8.78173096e+02, 2.19909409e+02, 3.82590771e-01, 8.88033875e+02,
       2.98315247e+02, 3.49534929e-01, 0., 0., 0., 0., 0., 0., 0., 0.,
       0., 0., 0., 0., 0., 0., 0., 0., 0., 0. ]
