%YAML:1.0
---
pose_0: !!opencv-matrix
   rows: 1
   cols: 25
   dt: "3f"
   data: [ 9.01731873e+02, 3.62951385e+02, 7.45040655e-01,
       7.91982605e+02, 3.66866119e+02, 7.14693129e-01, 7.76376526e+02,
       2.90411560e+02, 6.72160745e-01, 6.56795105e+02, 2.43478653e+02,
       7.69487679e-01, 7.31276550e+02, 2.88497314e+02, 7.61181235e-01,
       7.93981079e+02, 4.45193451e+02, 5.52062750e-01, 6.70565735e+02,
       5.21614441e+02, 7.85010338e-01, 7.62627441e+02, 5.09861206e+02,
       8.15374196e-01, 5.39227051e+02, 3.92323303e+02, 3.09187561e-01,
       5.37315918e+02, 3.51120361e+02, 4.72350657e-01, 3.55121674e+02,
       3.49255005e+02, 3.25488627e-01, 0., 0., 0., 5.39247742e+02,
       4.47152100e+02, 3.48498523e-01, 3.68839020e+02, 4.88320740e+02,
       4.98587072e-01, 1.67021698e+02, 5.21638794e+02, 3.67144972e-01,
       9.13479980e+02, 3.37566864e+02, 8.43240619e-01, 9.17344971e+02,
       3.80493469e+02, 7.93821931e-01, 8.78200012e+02, 3.19766968e+02,
       6.86903536e-01, 9.01722290e+02, 4.00075226e+02, 3.43634486e-01,
       1.27808617e+02, 4.94194336e+02, 2.13460863e-01, 1.29825806e+02,
       5.04003510e+02, 1.89704940e-01, 1.35682358e+02, 5.09824799e+02,
       1.91480890e-01, 0., 0., 0., 0., 0., 0., 0., 0., 0. ]
