%YAML:1.0
---
pose_0: !!opencv-matrix
   rows: 1
   cols: 25
   dt: "3f"
   data: [ 1.00951495e+03, 1.98427322e+02, 7.75441170e-01,
       8.78199890e+02, 2.27741959e+02, 3.67135912e-01, 8.50775391e+02,
       1.14140427e+02, 4.10830855e-01, 6.95959106e+02, 6.91086044e+01,
       5.53497493e-01, 7.54735291e+02, 1.33713120e+02, 6.08928621e-01,
       8.88006226e+02, 3.10047791e+02, 5.05536258e-01, 7.33255432e+02,
       4.13864319e+02, 6.76892340e-01, 7.58709229e+02, 3.12017700e+02,
       7.21574068e-01, 0., 0., 0., 0., 0., 0., 0., 0., 0., 0., 0., 0.,
       0., 0., 0., 0., 0., 0., 0., 0., 0., 1.02118042e+03,
       1.68962967e+02, 7.79741406e-01, 1.02904395e+03, 2.17939301e+02,
       7.83661366e-01, 9.87927124e+02, 1.47332779e+02, 6.92489862e-01,
       1.02516626e+03, 2.43489578e+02, 1.18608370e-01, 0., 0., 0., 0.,
       0., 0., 0., 0., 0., 0., 0., 0., 0., 0., 0., 0., 0., 0. ]
