%YAML:1.0
---
pose_0: !!opencv-matrix
   rows: 1
   cols: 25
   dt: "3f"
   data: [ 8.33119690e+02, 2.41473343e+02, 5.64389944e-01,
       7.76352356e+02, 2.88519409e+02, 4.68997687e-01, 7.72380615e+02,
       2.63043518e+02, 2.13624373e-01, 7.60687927e+02, 2.15981140e+02,
       1.64465055e-01, 8.60573669e+02, 2.23876816e+02, 2.27774516e-01,
       7.89944458e+02, 3.06078522e+02, 5.74589610e-01, 7.46935791e+02,
       1.63170197e+02, 8.04510236e-01, 8.37047791e+02, 1.65152054e+02,
       8.32555294e-01, 5.41212158e+02, 3.47264648e+02, 1.93560928e-01,
       5.45153320e+02, 3.04169922e+02, 2.24132240e-01, 3.43359283e+02,
       2.90397675e+02, 2.95485586e-01, 1.59176514e+02, 3.04110046e+02,
       4.93727922e-01, 5.43197266e+02, 3.84535553e+02, 1.99914172e-01,
       3.66832581e+02, 4.55029999e+02, 4.80339646e-01, 2.37563187e+02,
       5.74576660e+02, 4.49791104e-01, 8.50784302e+02, 2.31707123e+02,
       1.92589730e-01, 8.52726196e+02, 2.53218704e+02, 5.26372731e-01,
       0., 0., 0., 8.44918945e+02, 2.90383942e+02, 7.73416519e-01,
       1.37654175e+02, 5.72613159e+02, 2.18011022e-01, 1.43522568e+02,
       5.84327637e+02, 2.17800409e-01, 2.27790924e+02, 6.00013123e+02,
       3.12150180e-01, 1.29779053e+02, 2.63059357e+02, 1.54357508e-01,
       1.27848152e+02, 2.68876465e+02, 1.39646932e-01, 1.47424744e+02,
       3.10035248e+02, 3.38262439e-01 ]
