%YAML:1.0
---
pose_0: !!opencv-matrix
   rows: 1
   cols: 25
   dt: "3f"
   data: [ 1.03685144e+03, 2.57094666e+02, 6.45045936e-01,
       9.01721008e+02, 2.59133942e+02, 5.83414435e-01, 8.86056458e+02,
       1.68999222e+02, 5.04305422e-01, 7.39076233e+02, 8.47686844e+01,
       7.89400458e-01, 7.13585205e+02, 1.35687027e+02, 7.29934871e-01,
       9.21314331e+02, 3.49183380e+02, 4.39179838e-01, 7.84138794e+02,
       4.88315369e+02, 4.12638783e-01, 8.87966797e+02, 3.37504059e+02,
       5.20371795e-01, 6.41131226e+02, 3.06110779e+02, 5.73593900e-02,
       6.19599304e+02, 2.53230545e+02, 6.59770221e-02, 0., 0., 0., 0.,
       0., 0., 0., 0., 0., 0., 0., 0., 0., 0., 0., 1.00751947e+03,
       2.25794464e+02, 2.65450269e-01, 1.05651868e+03, 2.31651398e+02,
       7.39461541e-01, 9.74164368e+02, 2.02299103e+02, 2.42961526e-01,
       1.04077905e+03, 3.06193390e+02, 1.36359796e-01, 0., 0., 0., 0.,
       0., 0., 0., 0., 0., 0., 0., 0., 0., 0., 0., 0., 0., 0. ]
