%YAML:1.0
---
pose_0: !!opencv-matrix
   rows: 1
   cols: 25
   dt: "3f"
   data: [ 8.86034668e+02, 3.57089935e+02, 7.79601097e-01,
       7.90047180e+02, 3.21762878e+02, 7.02936828e-01, 8.07640930e+02,
       2.59052246e+02, 6.37611389e-01, 6.98018616e+02, 1.80824753e+02,
       7.82211900e-01, 5.72608093e+02, 1.94508408e+02, 8.19694400e-01,
       7.70428345e+02, 3.70832428e+02, 5.59326231e-01, 6.82318909e+02,
       4.08017120e+02, 4.38158810e-01, 6.62673340e+02, 4.31480011e+02,
       4.88764018e-01, 5.74522156e+02, 3.17893860e+02, 2.64886856e-01,
       5.64732849e+02, 3.02221466e+02, 2.80075133e-01, 4.66775330e+02,
       3.74687164e+02, 6.88467845e-02, 0., 0., 0., 5.86263672e+02,
       3.49218994e+02, 8.61553997e-02, 3.39418091e+02, 3.66830383e+02,
       1.30265117e-01, 1.55257721e+02, 3.21823914e+02, 2.68234730e-01,
       9.11478577e+02, 3.35584320e+02, 7.35209584e-01, 9.05617859e+02,
       3.68745544e+02, 7.85023332e-01, 8.84117065e+02, 2.98308044e+02,
       8.25222015e-01, 0., 0., 0., 1.16062912e+02, 2.90419464e+02,
       2.04344243e-01, 1.14120995e+02, 3.04170227e+02, 1.81758389e-01,
       1.31739334e+02, 3.31568604e+02, 1.30772531e-01, 0., 0., 0., 0.,
       0., 0., 0., 0., 0. ]
