%YAML:1.0
---
pose_0: !!opencv-matrix
   rows: 1
   cols: 25
   dt: "3f"
   data: [ 9.48731018e+02, 2.66969330e+02, 6.88358903e-01,
       8.36959351e+02, 2.98315552e+02, 6.04151964e-01, 8.35028015e+02,
       2.12138016e+02, 6.80244386e-01, 7.29269958e+02, 1.96334930e+02,
       7.07797587e-01, 6.52864929e+02, 1.96336411e+02, 8.78706217e-01,
       8.50726929e+02, 3.96214600e+02, 5.22924244e-01, 7.29261902e+02,
       4.60813293e+02, 8.38015676e-01, 8.37002197e+02, 3.66857269e+02,
       7.84199357e-01, 5.62764221e+02, 3.08079376e+02, 1.52773008e-01,
       5.72575073e+02, 2.63041138e+02, 1.98434874e-01, 4.78528656e+02,
       2.59136047e+02, 1.03245229e-01, 3.66865479e+02, 3.04146637e+02,
       5.99599071e-02, 5.41239502e+02, 3.62953735e+02, 1.29562706e-01,
       3.51217255e+02, 3.68841522e+02, 2.65825987e-01, 1.53321732e+02,
       3.64892548e+02, 3.47821027e-01, 9.62404419e+02, 2.47348160e+02,
       8.83287132e-01, 9.72199158e+02, 2.88510284e+02, 7.88363099e-01,
       9.35049561e+02, 2.27796555e+02, 3.61027509e-01, 9.54579163e+02,
       3.19813538e+02, 2.25241899e-01, 8.47768021e+01, 3.82501617e+02,
       3.11352670e-01, 9.06504135e+01, 3.86473053e+02, 2.90129155e-01,
       1.47403366e+02, 3.66832489e+02, 1.26822010e-01, 0., 0., 0., 0.,
       0., 0., 0., 0., 0. ]
