%YAML:1.0
---
pose_0: !!opencv-matrix
   rows: 1
   cols: 25
   dt: "3f"
   data: [ 8.72363525e+02, 2.27685287e+02, 8.07897210e-01,
       7.91950928e+02, 2.08116898e+02, 6.73539698e-01, 7.92058716e+02,
       1.53285568e+02, 6.71385646e-01, 7.62661499e+02, 2.27786819e+02,
       7.50463486e-01, 7.43055725e+02, 3.35523651e+02, 8.09641778e-01,
       7.78281738e+02, 2.45424957e+02, 3.54789674e-01, 0., 0., 0., 0.,
       0., 0., 6.48985413e+02, 2.43395233e+02, 5.19403890e-02, 0., 0.,
       0., 0., 0., 0., 0., 0., 0., 0., 0., 0., 0., 0., 0., 0., 0., 0.,
       8.82134766e+02, 2.08208420e+02, 8.40429127e-01, 8.84091064e+02,
       2.39525681e+02, 7.40061164e-01, 8.66429321e+02, 1.84684937e+02,
       6.57576382e-01, 8.72346985e+02, 2.59040466e+02, 1.70777038e-01,
       0., 0., 0., 0., 0., 0., 0., 0., 0., 0., 0., 0., 0., 0., 0., 0.,
       0., 0. ]
