%YAML:1.0
---
pose_0: !!opencv-matrix
   rows: 2
   cols: 25
   dt: "3f"
   data: [ 9.31053955e+02, 2.41466385e+02, 7.47483850e-01,
       8.46819458e+02, 3.33520477e+02, 5.01863062e-01, 8.52739136e+02,
       3.19857819e+02, 2.59099603e-01, 0., 0., 0., 0., 0., 0.,
       8.35068420e+02, 3.68809204e+02, 3.82121205e-01, 7.17526917e+02,
       3.66886047e+02, 2.60871440e-01, 0., 0., 0., 6.31318909e+02,
       3.23743347e+02, 1.88651130e-01, 5.74512268e+02, 2.94398834e+02,
       2.34108329e-01, 3.19830658e+02, 3.21777802e+02, 1.79366380e-01,
       1.27855522e+02, 4.11887512e+02, 7.23186582e-02, 6.48967896e+02,
       3.59028809e+02, 1.69285238e-01, 3.04130951e+02, 3.37444122e+02,
       1.65069163e-01, 1.33760071e+02, 3.55080383e+02, 2.15393320e-01,
       9.48693481e+02, 2.45398575e+02, 8.00510794e-02, 9.48641846e+02,
       2.55160645e+02, 8.46370637e-01, 0., 0., 0., 9.40889099e+02,
       3.17800812e+02, 7.81567335e-01, 0., 0., 0., 0., 0., 0.,
       1.04347885e+02, 3.72769135e+02, 9.97458771e-02, 0., 0., 0., 0.,
       0., 0., 0., 0., 0., 0., 0., 0., 0., 0., 0., 0., 0., 0., 0., 0.,
       0., 0., 0., 0., 8.40998230e+02, 3.04221619e+02, 2.74034202e-01,
       7.27377869e+02, 2.65013458e+02, 6.26851082e-01, 8.72311523e+02,
       1.92452194e+02, 3.21531683e-01, 0., 0., 0., 0., 0., 0., 0., 0.,
       0., 0., 0., 0., 0., 0., 0., 0., 0., 0., 0., 0., 0., 0., 0., 0.,
       0., 0., 0., 0., 0., 0., 0., 0., 0., 0., 0., 0., 0., 0., 0., 0.,
       0., 0., 0., 0., 0., 0., 0., 0., 0., 0., 0. ]
