%YAML:1.0
---
pose_0: !!opencv-matrix
   rows: 1
   cols: 25
   dt: "3f"
   data: [ 8.83960388e+02, 3.43334900e+02, 7.65147269e-01,
       7.74389832e+02, 3.82559296e+02, 4.33287680e-01, 7.64544067e+02,
       3.51195404e+02, 2.15910509e-01, 0., 0., 0., 0., 0., 0.,
       7.78322510e+02, 4.15797516e+02, 3.69201005e-01, 8.05747009e+02,
       5.35302124e+02, 8.12791049e-01, 8.21412659e+02, 4.00106598e+02,
       8.24931264e-01, 5.23556702e+02, 4.21700592e+02, 2.06738859e-01,
       5.23554443e+02, 4.02142853e+02, 2.27454454e-01, 3.49216949e+02,
       3.82532166e+02, 3.08272302e-01, 1.51376587e+02, 3.86439514e+02,
       3.11963499e-01, 0., 0., 0., 0., 0., 0., 0., 0., 0.,
       8.84143250e+02, 3.31544922e+02, 7.85843372e-01, 8.95793762e+02,
       3.57070068e+02, 7.56588697e-01, 8.56678162e+02, 3.19904053e+02,
       1.91514358e-01, 8.84111755e+02, 3.88397064e+02, 3.10425401e-01,
       0., 0., 0., 0., 0., 0., 0., 0., 0., 0., 0., 0., 0., 0., 0.,
       1.33792435e+02, 3.98196930e+02, 1.75165981e-01 ]
