%YAML:1.0
---
pose_0: !!opencv-matrix
   rows: 1
   cols: 25
   dt: "3f"
   data: [ 9.13492554e+02, 3.86440765e+02, 8.11772645e-01,
       8.07674988e+02, 4.00110107e+02, 7.27424085e-01, 7.94002808e+02,
       3.21875793e+02, 6.75181031e-01, 6.78368958e+02, 2.78676086e+02,
       7.72003829e-01, 6.51005798e+02, 3.31579987e+02, 8.08070898e-01,
       8.21390625e+02, 4.80477936e+02, 6.39408350e-01, 7.19516357e+02,
       5.27539185e+02, 7.81570315e-01, 7.50855469e+02, 4.29462433e+02,
       7.70423412e-01, 5.70595703e+02, 4.45218353e+02, 1.94796860e-01,
       5.70610168e+02, 3.94266418e+02, 2.68020093e-01, 3.41413940e+02,
       3.86445587e+02, 3.52950007e-01, 1.16094833e+02, 3.58999817e+02,
       1.66847646e-01, 5.70607544e+02, 4.96144897e+02, 1.51919737e-01,
       3.86470123e+02, 4.94254456e+02, 9.80053172e-02, 1.63156570e+02,
       5.17738831e+02, 1.11074969e-01, 9.19346985e+02, 3.68771271e+02,
       8.72523248e-01, 9.29076660e+02, 4.02138947e+02, 7.93193758e-01,
       8.95834961e+02, 3.49179626e+02, 7.02812314e-01, 9.11486450e+02,
       4.27615082e+02, 5.32112479e-01, 0., 0., 0., 0., 0., 0., 0., 0.,
       0., 7.49527969e+01, 3.64881683e+02, 7.70377740e-02, 0., 0., 0.,
       0., 0., 0. ]
