%YAML:1.0
---
pose_0: !!opencv-matrix
   rows: 1
   cols: 25
   dt: "3f"
   data: [ 9.70246399e+02, 2.55121536e+02, 7.00361967e-01,
       8.37079590e+02, 2.61109070e+02, 5.08075833e-01, 8.37039429e+02,
       1.67065781e+02, 6.81489170e-01, 6.84222778e+02, 1.33654678e+02,
       7.35690773e-01, 6.07859924e+02, 1.76755585e+02, 7.69153655e-01,
       8.31160583e+02, 3.66845123e+02, 5.11363447e-01, 6.80265198e+02,
       4.17822083e+02, 7.62532830e-01, 7.58704651e+02, 3.21813080e+02,
       8.22720945e-01, 5.04001465e+02, 2.90486572e+02, 2.21606940e-01,
       5.25527954e+02, 2.29743866e+02, 3.14146668e-01, 3.13947571e+02,
       2.41450226e+02, 3.49575043e-01, 1.65013733e+02, 2.84530304e+02,
       4.85294849e-01, 4.98131378e+02, 3.41402130e+02, 2.89469481e-01,
       3.19829132e+02, 3.43328552e+02, 4.12202179e-01, 1.16117157e+02,
       3.43377991e+02, 3.65669817e-01, 9.80037964e+02, 2.31677979e+02,
       8.55443299e-01, 9.82088745e+02, 2.74706268e+02, 7.47272134e-01,
       9.50653381e+02, 2.08202667e+02, 5.57136774e-01, 9.70296570e+02,
       3.02166107e+02, 1.57661676e-01, 4.16289291e+01, 3.68790070e+02,
       2.48521820e-01, 5.53182831e+01, 3.72721161e+02, 2.68500090e-01,
       1.06271484e+02, 3.35495941e+02, 1.54583693e-01, 7.10401917e+01,
       2.14028275e+02, 2.63098389e-01, 7.10451202e+01, 2.12152466e+02,
       2.44976938e-01, 1.51337021e+02, 2.90433228e+02, 2.72432089e-01 ]
