%YAML:1.0
---
pose_0: !!opencv-matrix
   rows: 1
   cols: 25
   dt: "3f"
   data: [ 9.15460815e+02, 2.43352005e+02, 8.75737011e-01,
       8.03712463e+02, 2.61120972e+02, 7.06294179e-01, 7.88072815e+02,
       1.80766632e+02, 7.17782915e-01, 6.70556824e+02, 1.63024689e+02,
       8.01506996e-01, 5.99994141e+02, 1.90497650e+02, 7.89112747e-01,
       8.17410828e+02, 3.47249939e+02, 6.46021962e-01, 7.03802673e+02,
       4.15888885e+02, 7.43327439e-01, 5.90215881e+02, 4.15762054e+02,
       8.14690411e-01, 5.64715027e+02, 3.00260193e+02, 2.23465040e-01,
       5.62781860e+02, 2.53220673e+02, 2.96830297e-01, 3.59019714e+02,
       2.55149124e+02, 1.87795997e-01, 0., 0., 0., 5.58864136e+02,
       3.49189789e+02, 2.37632677e-01, 3.68837189e+02, 3.82548859e+02,
       1.88528538e-01, 1.92451553e+02, 4.33505707e+02, 9.76217166e-02,
       9.23270203e+02, 2.25791077e+02, 8.81261826e-01, 9.31016907e+02,
       2.57200562e+02, 8.47472072e-01, 8.97778442e+02, 2.08114212e+02,
       6.50538087e-01, 9.11526855e+02, 2.86553589e+02, 4.12913263e-01,
       0., 0., 0., 0., 0., 0., 0., 0., 0., 0., 0., 0., 0., 0., 0., 0.,
       0., 0. ]
