%YAML:1.0
---
pose_0: !!opencv-matrix
   rows: 1
   cols: 25
   dt: "3f"
   data: [ 9.25237671e+02, 2.70892944e+02, 7.86242664e-01,
       8.05732666e+02, 2.90513245e+02, 7.12541521e-01, 7.91926575e+02,
       2.12145966e+02, 7.17183769e-01, 6.48954651e+02, 1.94363495e+02,
       7.01680303e-01, 5.11859039e+02, 1.96439362e+02, 4.18659508e-01,
       8.11582520e+02, 3.70782928e+02, 6.08429432e-01, 7.13673889e+02,
       4.15792511e+02, 7.08706617e-01, 5.92124084e+02, 4.00091461e+02,
       8.07760179e-01, 5.37283752e+02, 3.10038818e+02, 2.74260849e-01,
       5.39253967e+02, 2.59145752e+02, 3.70298237e-01, 3.43328278e+02,
       2.45384003e+02, 2.65701622e-01, 2.00343842e+02, 2.10111771e+02,
       2.63759077e-01, 5.31421326e+02, 3.57094299e+02, 3.29851210e-01,
       3.37490265e+02, 4.31568359e+02, 5.77614486e-01, 1.61152054e+02,
       5.00061707e+02, 4.92160916e-01, 9.31137817e+02, 2.57126312e+02,
       9.05198932e-01, 9.33054688e+02, 2.88448792e+02, 7.64160812e-01,
       9.01650879e+02, 2.41479218e+02, 5.55612743e-01, 9.17326599e+02,
       3.19753143e+02, 5.32449961e-01, 8.86272278e+01, 5.15753235e+02,
       3.64754379e-01, 1.00425613e+02, 5.23582214e+02, 4.03543681e-01,
       1.47418701e+02, 5.02032898e+02, 2.31976479e-01, 0., 0., 0., 0.,
       0., 0., 0., 0., 0. ]
