%YAML:1.0
---
pose_0: !!opencv-matrix
   rows: 1
   cols: 25
   dt: "3f"
   data: [ 8.84074890e+02, 1.80691895e+02, 7.78420269e-01,
       7.76377075e+02, 1.96357956e+02, 7.47462571e-01, 7.60596802e+02,
       1.18031364e+02, 7.20849931e-01, 6.50941162e+02, 6.51470871e+01,
       8.02099586e-01, 5.80363892e+02, 8.87197800e+01, 7.94478774e-01,
       7.90033691e+02, 2.76705444e+02, 7.10972250e-01, 6.68573730e+02,
       3.21822510e+02, 7.85801351e-01, 5.51016052e+02, 3.66809479e+02,
       7.98163414e-01, 5.70613953e+02, 2.25829010e+02, 2.44723141e-01,
       5.51005554e+02, 1.82688843e+02, 2.31319234e-01, 3.64899567e+02,
       1.76817474e+02, 1.71201900e-01, 0., 0., 0., 5.78438477e+02,
       2.64962921e+02, 2.15824127e-01, 3.47275177e+02, 2.74848938e+02,
       2.40376860e-01, 1.27852402e+02, 3.00248016e+02, 3.83324444e-01,
       8.88013000e+02, 1.61149155e+02, 8.07713211e-01, 8.95846680e+02,
       1.94524124e+02, 8.15328360e-01, 8.60569641e+02, 1.37653107e+02,
       6.69635713e-01, 8.82127197e+02, 2.16002945e+02, 5.00434935e-01,
       9.84633789e+01, 3.17867676e+02, 5.29775843e-02, 9.64624329e+01,
       3.17854156e+02, 7.24446550e-02, 1.08233665e+02, 2.94362946e+02,
       2.44397208e-01, 0., 0., 0., 0., 0., 0., 0., 0., 0. ]
