%YAML:1.0
---
pose_0: !!opencv-matrix
   rows: 1
   cols: 25
   dt: "3f"
   data: [ 9.89847900e+02, 2.43399979e+02, 7.72340536e-01,
       8.50727539e+02, 2.31704727e+02, 6.00324631e-01, 8.42897766e+02,
       1.47376251e+02, 6.36118293e-01, 7.25393188e+02, 5.52932510e+01,
       8.36030722e-01, 6.97909058e+02, 1.51321899e+02, 8.00586641e-01,
       8.50782898e+02, 3.33492523e+02, 6.13756001e-01, 7.09676758e+02,
       3.84415253e+02, 7.14332521e-01, 5.90168762e+02, 4.13837830e+02,
       7.72489667e-01, 5.72567627e+02, 2.76738129e+02, 6.07401170e-02,
       5.35344421e+02, 2.27776871e+02, 6.76484033e-02, 3.53159332e+02,
       2.10126831e+02, 5.63892946e-02, 0., 0., 0., 0., 0., 0., 0., 0.,
       0., 0., 0., 0., 9.95649414e+02, 2.14088120e+02, 8.67784083e-01,
       9.97720032e+02, 2.59042206e+02, 7.85270929e-01, 9.62474548e+02,
       1.82703186e+02, 4.38966811e-01, 9.89834412e+02, 2.78672058e+02,
       7.50451311e-02, 0., 0., 0., 0., 0., 0., 0., 0., 0., 0., 0., 0.,
       0., 0., 0., 0., 0., 0. ]
