%YAML:1.0
---
pose_0: !!opencv-matrix
   rows: 1
   cols: 25
   dt: "3f"
   data: [ 9.95819763e+02, 2.64992493e+02, 7.78319478e-01,
       8.84120789e+02, 2.92394470e+02, 5.99280715e-01, 8.58594727e+02,
       2.12071426e+02, 4.35338408e-01, 8.05664063e+02, 1.78787018e+02,
       2.60011971e-01, 7.03817566e+02, 1.74833740e+02, 5.93348861e-01,
       9.03697449e+02, 3.68823364e+02, 6.09338522e-01, 7.78258484e+02,
       4.76541077e+02, 7.58905053e-01, 8.03724548e+02, 3.80581940e+02,
       7.73549497e-01, 5.58849426e+02, 3.33552948e+02, 7.93743879e-02,
       5.47090210e+02, 2.76743561e+02, 6.81588724e-02, 2.86521362e+02,
       2.86534668e+02, 6.03799522e-02, 4.39926672e+00, 3.15889771e+02,
       1.64053991e-01, 5.60817322e+02, 3.68810181e+02, 9.90186259e-02,
       3.57070679e+02, 3.88424591e+02, 7.13386014e-02, 1.47458313e+02,
       3.68836395e+02, 1.67701811e-01, 9.66366455e+02, 2.49337936e+02,
       7.26443291e-01, 1.01135980e+03, 2.41436096e+02, 8.99552941e-01,
       9.33037415e+02, 2.39475800e+02, 5.05580865e-02, 1.04472034e+03,
       2.47373566e+02, 1.57819971e-01, 0., 0., 0., 0., 0., 0., 0., 0.,
       0., 0., 0., 0., 0., 0., 0., 5.34486914e+00, 3.19877411e+02,
       1.42720640e-01 ]
