%YAML:1.0
---
pose_0: !!opencv-matrix
   rows: 1
   cols: 25
   dt: "3f"
   data: [ 9.44755798e+02, 2.68911011e+02, 7.43592143e-01,
       8.25307922e+02, 2.92432648e+02, 6.84944212e-01, 8.17408447e+02,
       2.08163651e+02, 6.58473432e-01, 6.88151062e+02, 1.29744049e+02,
       6.54624760e-01, 7.11671265e+02, 1.72882629e+02, 7.99703300e-01,
       8.31162903e+02, 3.70801697e+02, 6.27581775e-01, 7.11723083e+02,
       4.43241028e+02, 7.44069695e-01, 5.96066040e+02, 4.15829102e+02,
       7.63715863e-01, 5.41219238e+02, 2.92421661e+02, 1.95076436e-01,
       5.39253052e+02, 2.57098846e+02, 3.23238790e-01, 3.45316071e+02,
       2.66945099e+02, 2.99256653e-01, 1.96408020e+02, 2.88484131e+02,
       1.19771898e-01, 5.35337219e+02, 3.49208405e+02, 1.32853150e-01,
       3.66824005e+02, 3.68818420e+02, 1.09217435e-01, 0., 0., 0.,
       9.46696472e+02, 2.43522812e+02, 8.61216724e-01, 9.56549988e+02,
       2.84551697e+02, 7.62499213e-01, 9.13437439e+02, 2.25845688e+02,
       6.25793755e-01, 9.35036865e+02, 3.10073242e+02, 2.20051914e-01,
       0., 0., 0., 0., 0., 0., 0., 0., 0., 0., 0., 0., 0., 0., 0., 0.,
       0., 0. ]
