%YAML:1.0
---
pose_0: !!opencv-matrix
   rows: 1
   cols: 25
   dt: "3f"
   data: [ 9.40834595e+02, 2.88440643e+02, 7.46078908e-01,
       8.25266724e+02, 3.10014404e+02, 7.07647741e-01, 8.05702148e+02,
       2.27716583e+02, 7.14041471e-01, 6.90080627e+02, 1.80763504e+02,
       6.96449101e-01, 6.27451477e+02, 1.51324173e+02, 7.81803787e-01,
       8.40998962e+02, 3.88437927e+02, 6.57381177e-01, 7.41057861e+02,
       4.78557007e+02, 8.01409483e-01, 6.50858887e+02, 5.86218689e+02,
       7.95449376e-01, 5.31448303e+02, 3.53109039e+02, 3.54166448e-01,
       5.25538757e+02, 3.06075623e+02, 4.66768861e-01, 3.37444733e+02,
       3.35451660e+02, 3.23603630e-01, 8.67069702e+01, 3.68820374e+02,
       1.33947611e-01, 5.39256531e+02, 3.92329071e+02, 4.00958866e-01,
       3.39436981e+02, 4.60958954e+02, 3.38058233e-01, 1.80801422e+02,
       5.04017365e+02, 9.68171582e-02, 9.46847290e+02, 2.61083282e+02,
       8.43938112e-01, 9.56538696e+02, 3.04151917e+02, 8.00666928e-01,
       9.19295288e+02, 2.39513000e+02, 6.18910909e-01, 9.44779358e+02,
       3.23772125e+02, 1.99225172e-01, 1.29777374e+02, 5.29449707e+02,
       6.35486841e-02, 1.35698990e+02, 5.39236633e+02, 6.40074015e-02,
       0., 0., 0., 0., 0., 0., 0., 0., 0., 0., 0., 0. ]
