%YAML:1.0
---
pose_0: !!opencv-matrix
   rows: 1
   cols: 25
   dt: "3f"
   data: [ 8.80140991e+02, 3.06097473e+02, 7.30214834e-01,
       7.97860657e+02, 2.88438385e+02, 6.36419475e-01, 8.09599365e+02,
       2.21899078e+02, 6.21240139e-01, 7.33219177e+02, 1.61094543e+02,
       7.52555132e-01, 7.95871094e+02, 2.55178482e+02, 7.08682716e-01,
       7.91986145e+02, 3.51200043e+02, 5.86825013e-01, 7.46950317e+02,
       4.55010590e+02, 7.89388776e-01, 8.07687012e+02, 3.90343994e+02,
       8.11132729e-01, 5.45140015e+02, 2.98292725e+02, 2.49097899e-01,
       5.52984924e+02, 2.49332565e+02, 3.08271497e-01, 3.53155151e+02,
       2.76725311e+02, 5.40829957e-01, 1.49369553e+02, 2.90525360e+02,
       3.79466712e-01, 5.39260559e+02, 3.49170532e+02, 2.64172256e-01,
       3.60988403e+02, 3.39491669e+02, 2.65277773e-01, 1.45443420e+02,
       2.94379364e+02, 1.62609771e-01, 8.95778503e+02, 2.86552795e+02,
       7.31244981e-01, 8.97726013e+02, 3.19845062e+02, 8.31922889e-01,
       8.83997803e+02, 2.57167297e+02, 5.05537629e-01, 8.89962280e+02,
       3.39410675e+02, 9.90988910e-02, 1.02326881e+02, 3.51162659e+02,
       1.41939566e-01, 1.12146538e+02, 3.53151031e+02, 1.57640740e-01,
       0., 0., 0., 1.08247444e+02, 3.53137634e+02, 2.55225092e-01,
       1.04361786e+02, 3.49202789e+02, 2.34740451e-01, 1.31757843e+02,
       2.86514099e+02, 2.72378892e-01 ]
