%YAML:1.0
---
pose_0: !!opencv-matrix
   rows: 1
   cols: 25
   dt: "3f"
   data: [ 8.76196228e+02, 3.80497650e+02, 7.72649229e-01,
       7.76258728e+02, 4.27546814e+02, 6.86149478e-01, 7.44951599e+02,
       3.86451721e+02, 5.62998891e-01, 6.09795227e+02, 4.13838593e+02,
       1.79664969e-01, 5.62784485e+02, 4.15775848e+02, 1.46583572e-01,
       8.05764832e+02, 4.70702393e+02, 6.92504287e-01, 7.66496338e+02,
       5.76484375e+02, 7.40587354e-01, 7.74436035e+02, 4.47220062e+02,
       8.52472544e-01, 5.21621704e+02, 4.76568054e+02, 3.76813382e-01,
       5.23605957e+02, 4.39323517e+02, 4.38469082e-01, 3.57042297e+02,
       4.29575531e+02, 3.47322434e-01, 1.65141815e+02, 4.37369781e+02,
       4.07841057e-01, 5.21606934e+02, 5.09915497e+02, 3.47941160e-01,
       3.68784973e+02, 5.07911285e+02, 2.93795109e-01, 2.25824997e+02,
       6.39221191e+02, 2.25977287e-01, 8.76204712e+02, 3.66788971e+02,
       8.13054740e-01, 8.85981567e+02, 3.90401428e+02, 7.85387635e-01,
       8.44894958e+02, 3.64829956e+02, 3.56266588e-01, 8.68306213e+02,
       4.25629456e+02, 6.06867552e-01, 1.78811966e+02, 6.23544250e+02,
       6.80120960e-02, 0., 0., 0., 2.17958908e+02, 6.48999817e+02,
       1.28766209e-01, 0., 0., 0., 0., 0., 0., 1.55233856e+02,
       4.43280212e+02, 2.38676727e-01 ]
