%YAML:1.0
---
pose_0: !!opencv-matrix
   rows: 1
   cols: 25
   dt: "3f"
   data: [ 1.02711670e+03, 1.29794113e+02, 7.30684996e-02,
       9.05598877e+02, 1.02434967e+02, 4.82798189e-01, 9.46726440e+02,
       1.88593231e+02, 4.33345854e-01, 7.84168152e+02, 3.04144440e+02,
       1.66718036e-01, 0., 0., 0., 8.68429810e+02, 2.20542450e+01,
       2.57818013e-01, 6.96016724e+02, 4.39827299e+00, 6.96732774e-02,
       0., 0., 0., 5.88232727e+02, 1.72894791e+02, 6.74873888e-02, 0.,
       0., 0., 0., 0., 0., 0., 0., 0., 6.03919128e+02, 2.27773682e+02,
       5.05963378e-02, 0., 0., 0., 0., 0., 0., 0., 0., 0., 0., 0., 0.,
       1.04080164e+03, 1.18101303e+02, 1.24982193e-01, 9.85962280e+02,
       2.79564686e+01, 8.78217965e-02, 0., 0., 0., 0., 0., 0., 0., 0.,
       0., 0., 0., 0., 0., 0., 0., 0., 0., 0. ]
