%YAML:1.0
---
pose_0: !!opencv-matrix
   rows: 1
   cols: 25
   dt: "3f"
   data: [ 8.93892944e+02, 4.33452362e+02, 7.78809488e-01,
       7.97882141e+02, 4.76539429e+02, 4.46062773e-01, 7.70427612e+02,
       4.45155548e+02, 2.64443070e-01, 7.27290405e+02, 3.98144257e+02,
       8.64057839e-02, 0., 0., 0., 8.21365234e+02, 5.15733704e+02,
       6.57828629e-01, 7.19525696e+02, 3.86453705e+02, 5.83340228e-01,
       6.48896179e+02, 2.84542267e+02, 7.05887139e-01, 5.43202576e+02,
       5.05962921e+02, 1.53921202e-01, 5.41257324e+02, 4.76539978e+02,
       2.65724391e-01, 3.57076569e+02, 3.92350494e+02, 2.55402803e-01,
       1.80768997e+02, 4.33442871e+02, 3.29525948e-01, 5.43178162e+02,
       5.51033691e+02, 1.13847598e-01, 4.13884735e+02, 5.50993103e+02,
       7.63740987e-02, 2.61072540e+02, 6.35197449e+02, 2.57023335e-01,
       8.99781860e+02, 4.19798798e+02, 8.64434540e-01, 9.09494629e+02,
       4.51100952e+02, 8.07159364e-01, 8.72344543e+02, 4.13957703e+02,
       2.28967860e-01, 8.89957703e+02, 4.90306976e+02, 6.71274066e-01,
       2.14084656e+02, 6.31337952e+02, 7.53912479e-02, 0., 0., 0.,
       2.55159561e+02, 6.35305603e+02, 1.36595473e-01, 1.33692429e+02,
       3.96235199e+02, 9.87508297e-02, 1.35687561e+02, 3.96211578e+02,
       7.71405548e-02, 1.59194366e+02, 4.47164520e+02, 1.68897301e-01 ]
