%YAML:1.0
---
pose_0: !!opencv-matrix
   rows: 1
   cols: 25
   dt: "3f"
   data: [ 8.86094116e+02, 4.62775085e+02, 8.44371617e-01,
       8.05674500e+02, 4.94266296e+02, 6.53170228e-01, 7.74392029e+02,
       4.58877808e+02, 4.08389807e-01, 0., 0., 0., 0., 0., 0.,
       8.23338806e+02, 5.41254333e+02, 7.22627997e-01, 7.60629089e+02,
       5.05972504e+02, 6.28421664e-01, 7.13555298e+02, 3.68758850e+02,
       8.37758720e-01, 5.80395935e+02, 5.17702515e+02, 1.33270383e-01,
       5.70583069e+02, 4.80516144e+02, 2.01788843e-01, 3.88431946e+02,
       4.35398041e+02, 5.12099743e-01, 2.02294830e+02, 4.80529175e+02,
       3.44496816e-01, 5.82362976e+02, 5.72588440e+02, 1.04225561e-01,
       0., 0., 0., 0., 0., 0., 8.89926636e+02, 4.47140411e+02,
       8.58265758e-01, 8.99793701e+02, 4.76578339e+02, 8.60143900e-01,
       8.70302063e+02, 4.41334412e+02, 2.43556008e-01, 8.89925720e+02,
       5.05960785e+02, 5.60509741e-01, 0., 0., 0., 0., 0., 0., 0., 0.,
       0., 1.94479446e+02, 5.07946564e+02, 7.18442276e-02, 0., 0., 0.,
       1.88565475e+02, 4.88321747e+02, 2.40760505e-01 ]
