%YAML:1.0
---
pose_0: !!opencv-matrix
   rows: 1
   cols: 25
   dt: "3f"
   data: [ 8.99681030e+02, 4.37393005e+02, 8.24432909e-01,
       7.92036804e+02, 4.19794281e+02, 7.05658674e-01, 7.74359436e+02,
       3.55133484e+02, 7.10954309e-01, 7.42959045e+02, 2.55164581e+02,
       7.78763413e-01, 8.50791016e+02, 2.57141846e+02, 8.24669242e-01,
       8.17420959e+02, 4.82477936e+02, 6.27062678e-01, 8.03686829e+02,
       6.17532471e+02, 8.26817513e-01, 8.82141357e+02, 6.99892212e+02,
       7.55355120e-01, 5.62764526e+02, 4.31495483e+02, 2.31949583e-01,
       5.66664734e+02, 3.96244354e+02, 3.19469690e-01, 3.88409821e+02,
       4.13893219e+02, 1.94764704e-01, 0., 0., 0., 5.68623474e+02,
       4.78565582e+02, 1.60215199e-01, 3.96226563e+02, 5.15774963e+02,
       1.15810826e-01, 0., 0., 0., 9.07572571e+02, 4.13893066e+02,
       8.20275068e-01, 9.11518127e+02, 4.43298279e+02, 7.83815980e-01,
       8.82106995e+02, 3.76642090e+02, 7.98253357e-01, 0., 0., 0., 0.,
       0., 0., 0., 0., 0., 0., 0., 0., 0., 0., 0., 0., 0., 0., 0., 0.,
       0. ]
