%YAML:1.0
---
pose_0: !!opencv-matrix
   rows: 1
   cols: 25
   dt: "3f"
   data: [ 1.01337225e+03, 2.04236221e+02, 6.95365250e-01,
       8.84130249e+02, 2.16026276e+02, 5.67239523e-01, 8.82066711e+02,
       1.39619095e+02, 4.88252610e-01, 7.70461365e+02, 3.57093086e+01,
       6.33624852e-01, 8.29248962e+02, 1.06271004e+02, 6.84289575e-01,
       8.70348511e+02, 3.00272552e+02, 5.49547791e-01, 7.11631897e+02,
       3.59001678e+02, 5.96051335e-01, 5.88319458e+02, 3.96214478e+02,
       8.04066539e-01, 5.78443970e+02, 2.27785583e+02, 1.16520807e-01,
       5.66686646e+02, 1.88566666e+02, 1.46398351e-01, 3.64888275e+02,
       3.04165588e+02, 8.34783614e-02, 1.65066666e+02, 3.29608551e+02,
       6.16121665e-02, 5.66687195e+02, 2.86512634e+02, 1.51478454e-01,
       3.72736328e+02, 3.08085297e+02, 1.38110369e-01, 1.57235352e+02,
       3.35458435e+02, 1.00924507e-01, 1.02703418e+03, 1.74856995e+02,
       8.15284252e-01, 1.03299243e+03, 2.23781326e+02, 6.94928467e-01,
       9.95731079e+02, 1.41561508e+02, 4.50636446e-01, 0., 0., 0., 0.,
       0., 0., 0., 0., 0., 0., 0., 0., 0., 0., 0., 0., 0., 0., 0., 0.,
       0. ]
