%YAML:1.0
---
pose_0: !!opencv-matrix
   rows: 1
   cols: 25
   dt: "3f"
   data: [ 9.19365662e+02, 1.98391953e+02, 7.98820853e-01,
       8.37010437e+02, 1.51395737e+02, 3.96248847e-01, 8.37090393e+02,
       1.14144333e+02, 6.18699610e-01, 7.95872803e+02, 2.41542664e+02,
       8.00772786e-01, 7.97889221e+02, 3.68870209e+02, 8.11383486e-01,
       8.25287109e+02, 1.80714523e+02, 2.00491533e-01, 6.54872437e+02,
       2.51277084e+02, 1.19543605e-01, 5.70572021e+02, 3.10028168e+02,
       1.72296003e-01, 6.37222473e+02, 1.45482391e+02, 5.36373779e-02,
       0., 0., 0., 0., 0., 0., 0., 0., 0., 0., 0., 0., 0., 0., 0., 0.,
       0., 0., 9.31124207e+02, 1.74819427e+02, 8.61741602e-01,
       9.35009216e+02, 2.06184875e+02, 7.56339729e-01, 9.03643555e+02,
       1.33738785e+02, 8.59915912e-01, 0., 0., 0., 0., 0., 0., 0., 0.,
       0., 0., 0., 0., 0., 0., 0., 0., 0., 0., 0., 0., 0. ]
