%YAML:1.0
---
pose_0: !!opencv-matrix
   rows: 1
   cols: 25
   dt: "3f"
   data: [ 9.35062439e+02, 2.74880188e+02, 7.32425749e-01,
       8.38983643e+02, 3.06184937e+02, 6.31196797e-01, 8.35045288e+02,
       2.25738098e+02, 6.49607122e-01, 7.27352783e+02, 1.96376541e+02,
       7.17583656e-01, 6.58748962e+02, 1.94466171e+02, 8.17086220e-01,
       8.48795776e+02, 3.96237701e+02, 5.36187112e-01, 7.19524963e+02,
       4.49156403e+02, 7.91544914e-01, 8.37052673e+02, 3.70836182e+02,
       7.81394958e-01, 5.78437988e+02, 2.86528900e+02, 1.31085828e-01,
       5.68629578e+02, 2.68904755e+02, 1.50095895e-01, 0., 0., 0., 0.,
       0., 0., 0., 0., 0., 0., 0., 0., 0., 0., 0., 9.46839722e+02,
       2.57195618e+02, 8.44754100e-01, 9.58494873e+02, 2.94368317e+02,
       7.86531329e-01, 9.23239258e+02, 2.41401932e+02, 2.58785337e-01,
       9.48709595e+02, 3.25715271e+02, 4.01676655e-01, 0., 0., 0., 0.,
       0., 0., 0., 0., 0., 0., 0., 0., 0., 0., 0., 0., 0., 0. ]
