%YAML:1.0
---
pose_0: !!opencv-matrix
   rows: 1
   cols: 25
   dt: "3f"
   data: [ 9.07583313e+02, 3.82515472e+02, 7.87373781e-01,
       7.91997681e+02, 3.84571838e+02, 7.06099808e-01, 7.74376953e+02,
       3.17880035e+02, 6.54922485e-01, 6.78309937e+02, 2.27737045e+02,
       8.05690825e-01, 7.60606812e+02, 2.57106415e+02, 8.61836493e-01,
       8.01807373e+02, 4.66800690e+02, 5.64589024e-01, 6.80353638e+02,
       5.41246216e+02, 8.51730227e-01, 7.92039856e+02, 5.41134338e+02,
       8.02737117e-01, 5.37298828e+02, 4.00171753e+02, 2.51464516e-01,
       5.37276001e+02, 3.51141113e+02, 3.22807223e-01, 3.45314758e+02,
       3.41418762e+02, 3.38111669e-01, 0., 0., 0., 5.31413147e+02,
       4.49178986e+02, 3.16263080e-01, 3.53131592e+02, 4.80549561e+02,
       2.94490188e-01, 1.70962860e+02, 5.27493164e+02, 4.05941159e-01,
       9.17314209e+02, 3.62928375e+02, 8.31741393e-01, 9.19308105e+02,
       3.98221893e+02, 7.53863633e-01, 8.89952026e+02, 3.37523041e+02,
       6.54084742e-01, 8.97772217e+02, 4.17787079e+02, 2.49959290e-01,
       1.02339539e+02, 5.60840759e+02, 2.03658417e-01, 1.12190544e+02,
       5.68641418e+02, 2.12324694e-01, 1.47409637e+02, 5.31427063e+02,
       1.67359069e-01, 0., 0., 0., 0., 0., 0., 0., 0., 0. ]
