%YAML:1.0
---
pose_0: !!opencv-matrix
   rows: 1
   cols: 25
   dt: "3f"
   data: [ 9.01630188e+02, 3.66768036e+02, 7.80314147e-01,
       8.23280151e+02, 2.88421143e+02, 5.84132195e-01, 8.36979126e+02,
       2.59182495e+02, 7.51795948e-01, 7.27302612e+02, 2.98303040e+02,
       7.61979103e-01, 8.09667297e+02, 4.17812225e+02, 7.75511146e-01,
       8.11575806e+02, 3.11985443e+02, 3.23775887e-01, 6.99927185e+02,
       3.82576141e+02, 8.32668900e-01, 7.58740601e+02, 4.21730652e+02,
       8.33062410e-01, 5.54938843e+02, 3.06126190e+02, 3.30343127e-01,
       5.56856934e+02, 2.76769714e+02, 3.21074992e-01, 3.49197052e+02,
       3.43370483e+02, 3.03325742e-01, 1.04333870e+02, 3.33543182e+02,
       1.69141859e-01, 5.43204041e+02, 3.33569244e+02, 2.11296737e-01,
       3.35542633e+02, 3.35462952e+02, 1.33745730e-01, 0., 0., 0.,
       9.17408630e+02, 3.51228943e+02, 7.97725797e-01, 0., 0., 0.,
       9.15415527e+02, 3.04064178e+02, 8.70389938e-01, 0., 0., 0., 0.,
       0., 0., 0., 0., 0., 0., 0., 0., 5.34048882e+01, 3.19836212e+02,
       8.96184817e-02, 5.33715591e+01, 3.21793304e+02, 5.54191358e-02,
       0., 0., 0. ]
