%YAML:1.0
---
pose_0: !!opencv-matrix
   rows: 1
   cols: 25
   dt: "3f"
   data: [ 9.46680237e+02, 3.68856110e+02, 8.19630444e-01,
       8.60539368e+02, 2.98301636e+02, 3.29737991e-01, 8.78212036e+02,
       2.74731689e+02, 6.16093338e-01, 8.03743591e+02, 1.98391159e+02,
       7.05892324e-01, 6.46966187e+02, 2.74823486e+02, 6.70974612e-01,
       8.37046509e+02, 3.27684753e+02, 1.25132427e-01, 0., 0., 0., 0.,
       0., 0., 6.60728027e+02, 3.08091461e+02, 1.09639667e-01,
       6.37231567e+02, 2.86494232e+02, 1.23864062e-01, 3.27693359e+02,
       3.25713226e+02, 1.63583368e-01, 1.16091660e+02, 3.08061951e+02,
       1.93307698e-01, 6.94014099e+02, 3.37470398e+02, 7.38312230e-02,
       3.41377441e+02, 3.35467896e+02, 1.99250102e-01, 1.18061172e+02,
       3.06111389e+02, 1.94275409e-01, 9.62360962e+02, 3.51133148e+02,
       7.98838019e-01, 9.60477051e+02, 3.70742706e+02, 1.28350317e-01,
       9.46655090e+02, 3.02231201e+02, 8.64079237e-01, 0., 0., 0., 0.,
       0., 0., 0., 0., 0., 8.47433929e+01, 2.88492615e+02,
       9.32344347e-02, 7.69182663e+01, 2.70860596e+02, 6.83642253e-02,
       0., 0., 0., 0., 0., 0. ]
