%YAML:1.0
---
pose_0: !!opencv-matrix
   rows: 1
   cols: 25
   dt: "3f"
   data: [ 9.29154663e+02, 2.84587677e+02, 7.99350321e-01,
       8.19421631e+02, 2.76760101e+02, 6.52703702e-01, 8.13509766e+02,
       1.94515640e+02, 6.63503945e-01, 6.93979797e+02, 1.59213699e+02,
       7.59029150e-01, 6.35258118e+02, 2.10202393e+02, 8.52194965e-01,
       8.15525879e+02, 3.55083862e+02, 5.55144131e-01, 7.13708252e+02,
       4.31476135e+02, 8.68699193e-01, 7.91981750e+02, 3.72757965e+02,
       7.74964035e-01, 5.72565247e+02, 2.86507721e+02, 3.02120954e-01,
       5.82333374e+02, 2.45435913e+02, 3.97076458e-01, 5.09914734e+02,
       2.14093994e+02, 3.82116497e-01, 2.57132690e+02, 2.51286270e+02,
       5.89433424e-02, 5.64716370e+02, 3.29649292e+02, 2.74752200e-01,
       3.66851288e+02, 3.64869171e+02, 1.95159793e-01, 3.15909973e+02,
       3.66836487e+02, 5.03380038e-02, 9.35079529e+02, 2.63073120e+02,
       8.43281806e-01, 9.42808167e+02, 3.02185944e+02, 7.69496083e-01,
       9.13484619e+02, 2.41498169e+02, 6.37667656e-01, 9.23238342e+02,
       3.21724457e+02, 2.79110968e-01, 0., 0., 0., 0., 0., 0., 0., 0.,
       0., 0., 0., 0., 0., 0., 0., 0., 0., 0. ]
