%YAML:1.0
---
pose_0: !!opencv-matrix
   rows: 1
   cols: 25
   dt: "3f"
   data: [ 9.31133850e+02, 2.88477295e+02, 7.99335599e-01,
       8.19373535e+02, 2.86531616e+02, 6.17916524e-01, 8.17482727e+02,
       2.06225113e+02, 6.58319175e-01, 7.01839050e+02, 1.47439743e+02,
       8.26930046e-01, 6.62687073e+02, 1.80672821e+02, 8.51570725e-01,
       8.13565430e+02, 3.68847687e+02, 5.57148874e-01, 6.80374329e+02,
       4.35443756e+02, 7.58895457e-01, 7.54746033e+02, 3.39455872e+02,
       7.58233666e-01, 5.68640381e+02, 2.84564270e+02, 2.59100318e-01,
       5.68623596e+02, 2.41430054e+02, 4.14293319e-01, 3.57037720e+02,
       2.61098724e+02, 5.66430748e-01, 1.76831604e+02, 2.84549194e+02,
       3.36738467e-01, 5.70577026e+02, 3.39433746e+02, 2.52451777e-01,
       3.57055817e+02, 3.41423065e+02, 1.17379531e-01, 1.53297043e+02,
       3.35556366e+02, 1.97997928e-01, 9.44785645e+02, 2.63033783e+02,
       7.97495067e-01, 9.46781677e+02, 3.04229828e+02, 8.15323830e-01,
       9.17349121e+02, 2.39520691e+02, 4.66214478e-01, 9.19395874e+02,
       3.27666565e+02, 1.38214007e-01, 0., 0., 0., 0., 0., 0.,
       1.31749084e+02, 3.51159454e+02, 8.90996680e-02, 1.17995331e+02,
       2.45439545e+02, 1.88686773e-01, 1.20070854e+02, 2.45436539e+02,
       1.61617219e-01, 1.67040512e+02, 2.88480255e+02, 1.86731726e-01 ]
