%YAML:1.0
---
pose_0: !!opencv-matrix
   rows: 1
   cols: 25
   dt: "3f"
   data: [ 9.31138489e+02, 1.94468338e+02, 8.44905198e-01,
       8.11582214e+02, 1.94492706e+02, 6.33877516e-01, 8.17460938e+02,
       1.08261765e+02, 6.49206698e-01, 6.82223511e+02, 6.51317368e+01,
       7.44842172e-01, 5.90205322e+02, 7.69067688e+01, 7.82219827e-01,
       8.07639648e+02, 2.84567566e+02, 6.74905181e-01, 6.97952332e+02,
       3.35566406e+02, 7.55344570e-01, 5.80423645e+02, 3.94259155e+02,
       7.59153605e-01, 5.19672058e+02, 2.06206497e+02, 1.05001897e-01,
       5.19650146e+02, 1.65043762e+02, 1.54463127e-01, 3.59015503e+02,
       2.04248077e+02, 5.26444465e-02, 0., 0., 0., 5.13778687e+02,
       2.55183502e+02, 8.21878687e-02, 3.86443176e+02, 2.92412476e+02,
       5.07340841e-02, 0., 0., 0., 9.38950623e+02, 1.70955048e+02,
       7.88086295e-01, 9.44752563e+02, 2.10149918e+02, 7.90316939e-01,
       9.13438110e+02, 1.47490799e+02, 5.84722102e-01, 9.27179871e+02,
       2.29747543e+02, 2.00608686e-01, 0., 0., 0., 0., 0., 0., 0., 0.,
       0., 0., 0., 0., 0., 0., 0., 0., 0., 0. ]
