%YAML:1.0
---
pose_0: !!opencv-matrix
   rows: 1
   cols: 25
   dt: "3f"
   data: [ 8.89972473e+02, 1.55283981e+02, 7.13221014e-01,
       8.05707397e+02, 2.25870193e+02, 8.01423848e-01, 7.78291870e+02,
       1.84645462e+02, 6.56911075e-01, 6.76405029e+02, 1.53284363e+02,
       7.18556404e-01, 6.37276855e+02, 1.74892197e+02, 8.07266951e-01,
       8.25296570e+02, 2.72805634e+02, 6.38890147e-01, 7.33205139e+02,
       3.57028900e+02, 5.93240440e-01, 5.66681702e+02, 3.80568909e+02,
       6.48899198e-01, 5.19651367e+02, 2.74743317e+02, 3.46941233e-01,
       5.19680054e+02, 2.39490356e+02, 4.23849344e-01, 3.49238434e+02,
       2.08149155e+02, 2.50024199e-01, 1.49355026e+02, 2.72803467e+02,
       6.21378049e-02, 5.13815979e+02, 3.10042816e+02, 2.73114234e-01,
       3.27682068e+02, 3.08077087e+02, 1.79471478e-01, 1.16069046e+02,
       3.84457977e+02, 3.19976747e-01, 9.15306335e+02, 1.59204285e+02,
       1.68405309e-01, 9.15464294e+02, 1.67066879e+02, 8.33653927e-01,
       0., 0., 0., 9.11487549e+02, 2.25754730e+02, 8.38262260e-01,
       7.69021225e+01, 4.00214844e+02, 1.43057272e-01, 9.06265717e+01,
       4.09937622e+02, 1.80523530e-01, 1.00409996e+02, 3.94295471e+02,
       2.33734578e-01, 0., 0., 0., 0., 0., 0., 0., 0., 0. ]
