%YAML:1.0
---
pose_0: !!opencv-matrix
   rows: 1
   cols: 25
   dt: "3f"
   data: [ 8.70442749e+02, 1.49384705e+02, 5.47354817e-01,
       8.23381165e+02, 1.27857918e+02, 1.01355284e-01, 8.19425903e+02,
       1.16074188e+02, 6.07707314e-02, 0., 0., 0., 0., 0., 0.,
       8.27247253e+02, 1.55268051e+02, 8.09287205e-02, 8.33094299e+02,
       2.37514740e+02, 5.74068189e-01, 7.91932007e+02, 1.18131317e+02,
       5.85933447e-01, 6.37222900e+02, 1.82708862e+02, 7.14238212e-02,
       0., 0., 0., 0., 0., 0., 0., 0., 0., 0., 0., 0., 0., 0., 0., 0.,
       0., 0., 8.84111206e+02, 1.35681610e+02, 3.91038030e-01,
       8.84120422e+02, 1.57202667e+02, 2.84755021e-01, 8.84124512e+02,
       1.16060822e+02, 1.94428489e-01, 0., 0., 0., 0., 0., 0., 0., 0.,
       0., 0., 0., 0., 0., 0., 0., 0., 0., 0., 0., 0., 0. ]
