%YAML:1.0
---
pose_0: !!opencv-matrix
   rows: 1
   cols: 25
   dt: "3f"
   data: [ 1.15051318e+03, 1.47482315e+02, 1.64027080e-01,
       1.00553217e+03, 2.23839142e+02, 1.31619379e-01, 9.93738159e+02,
       2.53233109e+02, 1.77628264e-01, 1.12108032e+03, 4.45189270e+02,
       6.57363832e-01, 1.23081335e+03, 2.74819275e+02, 7.32280433e-01,
       1.02315570e+03, 2.10129211e+02, 8.26079473e-02, 0., 0., 0., 0.,
       0., 0., 0., 0., 0., 0., 0., 0., 0., 0., 0., 0., 0., 0., 0., 0.,
       0., 0., 0., 0., 0., 0., 0., 0., 0., 0., 1.16623242e+03,
       1.67060867e+02, 1.14097208e-01, 0., 0., 0., 0., 0., 0., 0., 0.,
       0., 0., 0., 0., 0., 0., 0., 0., 0., 0., 0., 0., 0., 0., 0., 0. ]
