%YAML:1.0
---
pose_0: !!opencv-matrix
   rows: 1
   cols: 25
   dt: "3f"
   data: [ 9.87862915e+02, 2.55165482e+02, 7.00632274e-01,
       8.54683594e+02, 2.74780518e+02, 5.08210540e-01, 8.41027710e+02,
       1.68961227e+02, 6.78312898e-01, 7.03858704e+02, 1.14105736e+02,
       6.84709132e-01, 7.82190918e+02, 2.16042282e+02, 7.42015243e-01,
       8.60561462e+02, 3.68777008e+02, 5.70867836e-01, 7.17573547e+02,
       4.62850189e+02, 7.53387332e-01, 7.31267090e+02, 3.66894257e+02,
       7.06046939e-01, 5.92150879e+02, 2.96332642e+02, 1.23282820e-01,
       5.82334106e+02, 2.47355484e+02, 1.97650626e-01, 0., 0., 0., 0.,
       0., 0., 5.86271667e+02, 3.62941559e+02, 1.29611015e-01, 0., 0.,
       0., 0., 0., 0., 9.93745117e+02, 2.29675385e+02, 9.03193116e-01,
       1.00164880e+03, 2.72809906e+02, 7.47162402e-01, 9.62376038e+02,
       2.08192795e+02, 6.13485694e-01, 9.93743713e+02, 3.02230469e+02,
       1.95125163e-01, 0., 0., 0., 0., 0., 0., 0., 0., 0., 0., 0., 0.,
       0., 0., 0., 0., 0., 0. ]
