%YAML:1.0
---
pose_0: !!opencv-matrix
   rows: 1
   cols: 25
   dt: "3f"
   data: [ 9.15419434e+02, 1.82667343e+02, 8.52899015e-01,
       8.07614746e+02, 1.80799805e+02, 7.04211712e-01, 8.05691528e+02,
       1.00410561e+02, 6.75927699e-01, 6.82332764e+02, 5.34526215e+01,
       7.57331371e-01, 5.82373230e+02, 7.69260330e+01, 7.47809172e-01,
       7.93968445e+02, 2.63001129e+02, 6.10093594e-01, 6.78350220e+02,
       2.92473785e+02, 7.40803361e-01, 5.51044006e+02, 3.51242157e+02,
       7.87979364e-01, 5.47101379e+02, 1.96415024e+02, 1.54661894e-01,
       5.49042603e+02, 1.39580399e+02, 2.37815768e-01, 3.43343719e+02,
       1.67000427e+02, 3.23422074e-01, 1.65053894e+02, 1.76770721e+02,
       1.56832218e-01, 5.43164734e+02, 2.51267410e+02, 2.17670843e-01,
       3.53135803e+02, 3.12002075e+02, 3.14048111e-01, 1.25893333e+02,
       3.19807007e+02, 3.29650283e-01, 9.27118774e+02, 1.57204651e+02,
       8.03449094e-01, 9.33100403e+02, 1.94435303e+02, 8.66669953e-01,
       8.93882874e+02, 1.29786957e+02, 7.16700792e-01, 9.23247192e+02,
       2.10036667e+02, 1.24235302e-01, 8.86913986e+01, 2.88539124e+02,
       2.18266875e-01, 9.25543365e+01, 3.00210693e+02, 2.18212172e-01,
       1.00419266e+02, 3.08122711e+02, 2.50256360e-01, 1.27830833e+02,
       1.72937698e+02, 1.29991055e-01, 1.25902199e+02, 1.65146194e+02,
       1.37883618e-01, 1.37640656e+02, 1.70928955e+02, 1.26595035e-01 ]
