%YAML:1.0
---
pose_0: !!opencv-matrix
   rows: 1
   cols: 25
   dt: "3f"
   data: [ 9.66329163e+02, 2.16040329e+02, 7.47700691e-01,
       8.39096436e+02, 2.41480530e+02, 6.28769457e-01, 8.23325012e+02,
       1.55288696e+02, 6.14813149e-01, 7.09720093e+02, 1.33737183e+02,
       5.95182538e-01, 6.60740295e+02, 1.33752213e+02, 6.88680351e-01,
       8.58634277e+02, 3.31561066e+02, 5.37660778e-01, 7.78302917e+02,
       4.68702911e+02, 7.61089325e-01, 7.97871338e+02, 3.23773987e+02,
       7.25376010e-01, 6.05867126e+02, 2.57151093e+02, 1.63179830e-01,
       5.98017883e+02, 2.08168381e+02, 2.23036945e-01, 4.86372253e+02,
       1.94437683e+02, 1.89350426e-01, 3.02221619e+02, 2.29744354e+02,
       2.97689706e-01, 6.15663818e+02, 3.13939178e+02, 1.71354383e-01,
       5.17703369e+02, 3.49247894e+02, 1.13519743e-01, 1.47432617e+02,
       3.15897919e+02, 1.24187820e-01, 9.76170532e+02, 1.94397141e+02,
       8.56315792e-01, 9.83956787e+02, 2.33633698e+02, 7.77167320e-01,
       9.46678833e+02, 1.67056107e+02, 6.04004323e-01, 9.58526794e+02,
       2.61127502e+02, 1.99552357e-01, 0., 0., 0., 0., 0., 0.,
       1.25889565e+02, 3.04133453e+02, 6.73613623e-02, 2.78696655e+02,
       2.55189758e+02, 6.14840426e-02, 0., 0., 0., 2.86544312e+02,
       2.29709473e+02, 2.25287199e-01 ]
