%YAML:1.0
---
pose_0: !!opencv-matrix
   rows: 1
   cols: 25
   dt: "3f"
   data: [ 9.13429932e+02, 3.66919434e+02, 8.05116415e-01,
       8.03729614e+02, 3.53208130e+02, 6.52352750e-01, 7.92039368e+02,
       2.78668579e+02, 6.43557847e-01, 6.78353760e+02, 1.98415283e+02,
       7.79670537e-01, 7.50829346e+02, 2.14109329e+02, 7.92579055e-01,
       8.05728088e+02, 4.39317383e+02, 5.74965239e-01, 6.82346924e+02,
       5.07895935e+02, 8.24209034e-01, 7.97859741e+02, 5.07827820e+02,
       7.57857025e-01, 5.39284363e+02, 3.70806274e+02, 2.44963154e-01,
       5.35315918e+02, 3.31577454e+02, 3.28929931e-01, 3.72721039e+02,
       3.27692383e+02, 1.29848570e-01, 0., 0., 0., 5.29475281e+02,
       4.23667175e+02, 1.94749534e-01, 3.55124359e+02, 4.62869873e+02,
       2.14417621e-01, 1.63138733e+02, 5.23562927e+02, 1.24854416e-01,
       9.23251831e+02, 3.39443878e+02, 7.57792711e-01, 9.29121216e+02,
       3.82478119e+02, 7.70891726e-01, 9.01672729e+02, 3.13968292e+02,
       6.38312042e-01, 0., 0., 0., 1.00372849e+02, 5.54927002e+02,
       5.33081144e-02, 0., 0., 0., 0., 0., 0., 0., 0., 0., 0., 0., 0.,
       0., 0., 0. ]
