%YAML:1.0
---
pose_0: !!opencv-matrix
   rows: 1
   cols: 25
   dt: "3f"
   data: [ 8.84074219e+02, 4.31523834e+02, 8.25310647e-01,
       7.88017517e+02, 4.51117371e+02, 6.52410269e-01, 7.76294067e+02,
       3.84522797e+02, 7.27129817e-01, 6.98039246e+02, 3.25740662e+02,
       7.30830550e-01, 6.66544067e+02, 2.61045563e+02, 8.59198630e-01,
       7.89970825e+02, 5.27476685e+02, 5.66186368e-01, 6.72506775e+02,
       5.96096436e+02, 7.31493771e-01, 7.48903137e+02, 5.88182861e+02,
       7.36172259e-01, 5.62777222e+02, 4.68735748e+02, 3.44531029e-01,
       5.68639648e+02, 4.29479736e+02, 4.55148488e-01, 4.09959930e+02,
       4.15867096e+02, 1.95588261e-01, 3.41394318e+02, 4.00218323e+02,
       7.25748911e-02, 5.56885132e+02, 5.11814972e+02, 3.47979635e-01,
       3.88408783e+02, 5.41207703e+02, 4.02209193e-01, 0., 0., 0.,
       8.93853027e+02, 4.19750458e+02, 8.11244726e-01, 8.99775146e+02,
       4.47238312e+02, 8.47691476e-01, 8.70402649e+02, 4.11941437e+02,
       3.51743907e-01, 8.82102783e+02, 4.78465759e+02, 7.28190541e-01,
       0., 0., 0., 0., 0., 0., 0., 0., 0., 0., 0., 0., 0., 0., 0.,
       3.39427185e+02, 3.98231110e+02, 6.91445023e-02 ]
