%YAML:1.0
---
pose_0: !!opencv-matrix
   rows: 1
   cols: 25
   dt: "3f"
   data: [ 8.85985046e+02, 3.98193817e+02, 8.23219359e-01,
       7.80240234e+02, 4.02096344e+02, 6.69553101e-01, 7.60709473e+02,
       3.31606293e+02, 6.65732682e-01, 6.58761108e+02, 2.74879303e+02,
       7.94001758e-01, 7.23445923e+02, 2.63054993e+02, 7.68630505e-01,
       7.90067932e+02, 4.70694733e+02, 5.47544241e-01, 6.74466309e+02,
       5.45177429e+02, 7.61263013e-01, 7.74401184e+02, 5.17671997e+02,
       7.96782315e-01, 5.49037781e+02, 4.60897064e+02, 3.97032201e-01,
       5.39271484e+02, 4.15828644e+02, 4.94336724e-01, 3.39455322e+02,
       3.88452240e+02, 3.85258347e-01, 3.43329132e+02, 3.76666595e+02,
       1.06456667e-01, 5.58851868e+02, 5.03983765e+02, 4.27278519e-01,
       3.78608551e+02, 5.07953674e+02, 6.70806289e-01, 4.27600220e+02,
       6.50897217e+02, 1.78249344e-01, 8.95801453e+02, 3.78586914e+02,
       8.03189099e-01, 8.97790466e+02, 4.11919250e+02, 7.60954618e-01,
       8.68449219e+02, 3.55123901e+02, 6.62328959e-01, 8.74262634e+02,
       4.29608551e+02, 2.46256828e-01, 0., 0., 0., 0., 0., 0., 0., 0.,
       0., 0., 0., 0., 0., 0., 0., 0., 0., 0. ]
