%YAML:1.0
---
pose_0: !!opencv-matrix
   rows: 1
   cols: 25
   dt: "3f"
   data: [ 8.99677917e+02, 4.35464783e+02, 7.98587322e-01,
       7.95934875e+02, 4.70667542e+02, 6.50837123e-01, 7.70450745e+02,
       4.13802399e+02, 6.94281816e-01, 7.09717102e+02, 4.02113098e+02,
       2.46583045e-01, 6.52929810e+02, 3.06087006e+02, 1.50644824e-01,
       8.21376404e+02, 5.35327209e+02, 6.49577081e-01, 7.46976440e+02,
       4.66784729e+02, 5.41002989e-01, 6.50884827e+02, 3.00242493e+02,
       6.46553516e-01, 5.43174500e+02, 5.07900818e+02, 8.10085312e-02,
       5.56897217e+02, 4.70674103e+02, 1.13192916e-01, 3.68870300e+02,
       3.82562256e+02, 4.68376607e-01, 1.80711319e+02, 4.58958282e+02,
       4.05503154e-01, 5.45128845e+02, 5.54936218e+02, 6.87576830e-02,
       3.70799744e+02, 3.82546906e+02, 3.28944951e-01, 1.82699005e+02,
       4.60889923e+02, 1.17584810e-01, 9.01799561e+02, 4.19789551e+02,
       8.39688659e-01, 9.15330872e+02, 4.51140533e+02, 8.54981601e-01,
       8.85983521e+02, 4.13825470e+02, 2.68945158e-01, 9.01712708e+02,
       4.86375610e+02, 6.36172652e-01, 1.08217407e+02, 3.94302094e+02,
       1.30909741e-01, 1.08288391e+02, 4.00173767e+02, 1.25803038e-01,
       1.65047104e+02, 4.80526154e+02, 1.01649672e-01, 1.31771103e+02,
       4.27568604e+02, 1.85094535e-01, 1.33758331e+02, 4.27590118e+02,
       1.57940969e-01, 1.65055847e+02, 4.76570831e+02, 3.23571682e-01 ]
