%YAML:1.0
---
pose_0: !!opencv-matrix
   rows: 1
   cols: 25
   dt: "3f"
   data: [ 9.13473877e+02, 2.47347321e+02, 7.67422855e-01,
       8.05706909e+02, 2.53201340e+02, 6.78376019e-01, 7.97892273e+02,
       1.70970276e+02, 6.70864165e-01, 6.72452332e+02, 1.33795044e+02,
       7.68845975e-01, 5.88167908e+02, 1.69027863e+02, 8.27658594e-01,
       8.07597473e+02, 3.33493896e+02, 6.78030372e-01, 6.95983093e+02,
       3.86524841e+02, 7.78963447e-01, 6.02018921e+02, 4.29481781e+02,
       8.30989480e-01, 5.88244690e+02, 2.98275787e+02, 2.22657919e-01,
       5.56880615e+02, 2.49325027e+02, 2.42116079e-01, 3.39453247e+02,
       2.72805054e+02, 8.47326592e-02, 0., 0., 0., 6.17602783e+02,
       3.39440765e+02, 2.25020170e-01, 3.37461639e+02, 3.59012085e+02,
       1.17386274e-01, 1.63080338e+02, 3.82550995e+02, 1.99850932e-01,
       9.17477173e+02, 2.25804062e+02, 8.29656243e-01, 9.29069885e+02,
       2.59198029e+02, 8.26219261e-01, 8.93886780e+02, 2.00376175e+02,
       6.48753226e-01, 9.17395081e+02, 2.76764648e+02, 1.44780576e-01,
       1.29822189e+02, 3.82546814e+02, 6.96156844e-02, 1.33681671e+02,
       3.92318024e+02, 9.75325853e-02, 1.47446793e+02, 3.84510864e+02,
       1.58404574e-01, 0., 0., 0., 0., 0., 0., 0., 0., 0. ]
