%YAML:1.0
---
pose_0: !!opencv-matrix
   rows: 3
   cols: 25
   dt: "3f"
   data: [ 9.01729187e+02, 3.64831757e+02, 7.29700208e-01,
       8.19437927e+02, 3.06194244e+02, 5.09583950e-01, 8.25274902e+02,
       2.74772430e+02, 7.19640672e-01, 7.27384338e+02, 3.17848083e+02,
       7.28284597e-01, 7.76362305e+02, 4.43201782e+02, 8.35241914e-01,
       8.13526672e+02, 3.43360657e+02, 2.05355570e-01, 0., 0., 0., 0.,
       0., 0., 0., 0., 0., 0., 0., 0., 0., 0., 0., 0., 0., 0., 0., 0.,
       0., 0., 0., 0., 0., 0., 0., 9.23246033e+02, 3.37572632e+02,
       7.41861343e-01, 9.19384277e+02, 3.68923553e+02, 6.74112320e-01,
       8.99681580e+02, 3.00224396e+02, 7.68818021e-01, 0., 0., 0., 0.,
       0., 0., 0., 0., 0., 0., 0., 0., 0., 0., 0., 0., 0., 0., 0., 0.,
       0., 0., 0., 0., 0., 0., 0., 0., 0., 0., 0., 0., 0., 0., 0., 0.,
       6.78344971e+02, 3.12030304e+02, 7.01921582e-02, 6.56803894e+02,
       3.84433990e+02, 5.69630325e-01, 7.11620483e+02, 4.72663727e+02,
       6.05592608e-01, 0., 0., 0., 0., 0., 0., 0., 0., 0., 0., 0., 0.,
       0., 0., 0., 0., 0., 0., 0., 0., 0., 0., 0., 0., 0., 0., 0., 0.,
       0., 0., 0., 0., 0., 0., 0., 0., 0., 0., 0., 0., 0., 0., 0., 0.,
       0., 0., 0., 0., 0., 0., 0., 0., 0., 0., 6.97924377e+02,
       3.06167084e+02, 7.16821998e-02, 0., 0., 0., 0., 0., 0., 0., 0.,
       0., 0., 0., 0., 0., 0., 0., 0., 0., 0., 5.09858337e+02,
       2.90437103e+02, 2.12287113e-01, 5.07888397e+02, 2.98291992e+02,
       1.86080858e-01, 3.15926270e+02, 3.68867340e+02, 4.09656435e-01,
       1.31746674e+02, 3.43327515e+02, 2.62301117e-01, 5.17700806e+02,
       2.70860748e+02, 1.72395661e-01, 3.23770264e+02, 3.62899475e+02,
       2.51424372e-01, 1.08273323e+02, 3.51216827e+02, 1.72119141e-01,
       0., 0., 0., 0., 0., 0., 0., 0., 0., 0., 0., 0., 5.53234406e+01,
       3.10032867e+02, 7.97190517e-02, 0., 0., 0., 9.05991821e+01,
       3.66881348e+02, 1.31252885e-01, 0., 0., 0., 0., 0., 0., 0., 0.,
       0. ]
