%YAML:1.0
---
pose_0: !!opencv-matrix
   rows: 1
   cols: 25
   dt: "3f"
   data: [ 8.95830811e+02, 3.98181732e+02, 8.05874109e-01,
       7.91954834e+02, 4.13916992e+02, 7.43423641e-01, 7.72393188e+02,
       3.45323364e+02, 6.79528832e-01, 6.58732788e+02, 3.04212921e+02,
       7.98100114e-01, 6.94044617e+02, 2.76739014e+02, 7.66395986e-01,
       8.07634338e+02, 4.88297699e+02, 5.39595246e-01, 6.80345703e+02,
       5.54965820e+02, 8.21740985e-01, 7.70420959e+02, 5.11843903e+02,
       6.69316769e-01, 5.37313049e+02, 4.51124237e+02, 3.06719154e-01,
       5.39283997e+02, 4.06061584e+02, 3.97029966e-01, 3.27688354e+02,
       3.82529358e+02, 4.08153057e-01, 0., 0., 0., 5.35332275e+02,
       4.92270630e+02, 3.72192562e-01, 3.74688293e+02, 4.96151031e+02,
       3.55895549e-01, 1.82698441e+02, 5.39196472e+02, 3.38800728e-01,
       8.99821533e+02, 3.80595978e+02, 8.89082253e-01, 9.11482788e+02,
       4.13826935e+02, 7.74223268e-01, 8.72301575e+02, 3.64838379e+02,
       6.84537530e-01, 9.01659424e+02, 4.37413239e+02, 3.20090085e-01,
       1.23924110e+02, 5.62780945e+02, 1.61644414e-01, 1.33765686e+02,
       5.70549072e+02, 1.98501855e-01, 1.61136368e+02, 5.27500122e+02,
       1.22430295e-01, 0., 0., 0., 0., 0., 0., 0., 0., 0. ]
