%YAML:1.0
---
pose_0: !!opencv-matrix
   rows: 1
   cols: 25
   dt: "3f"
   data: [ 9.68329773e+02, 2.90380890e+02, 6.90044105e-01,
       8.44909851e+02, 3.10035309e+02, 5.14489174e-01, 8.27285095e+02,
       2.25806107e+02, 6.19410038e-01, 7.25389648e+02, 2.10181366e+02,
       8.37700218e-02, 0., 0., 0., 8.66402771e+02, 4.04082062e+02,
       5.34568965e-01, 7.23427551e+02, 5.23500427e+02, 7.09742904e-01,
       7.90101990e+02, 4.11950256e+02, 8.09766889e-01, 5.88236755e+02,
       3.19847412e+02, 6.31114095e-02, 5.86275635e+02, 2.72836365e+02,
       9.72779095e-02, 5.23572083e+02, 2.47367218e+02, 7.09378421e-02,
       0., 0., 0., 5.68641602e+02, 4.25612244e+02, 5.61095625e-02,
       3.35537811e+02, 3.98212433e+02, 6.07742071e-02, 2.90436279e+02,
       3.94251678e+02, 5.65488338e-02, 9.83974915e+02, 2.72827240e+02,
       8.34345937e-01, 9.85924988e+02, 3.17827362e+02, 7.05317676e-01,
       9.58506470e+02, 2.43388092e+02, 3.90401483e-01, 9.60429626e+02,
       3.35584290e+02, 2.33777732e-01, 0., 0., 0., 0., 0., 0., 0., 0.,
       0., 0., 0., 0., 0., 0., 0., 0., 0., 0. ]
