%YAML:1.0
---
pose_0: !!opencv-matrix
   rows: 1
   cols: 25
   dt: "3f"
   data: [ 9.33070313e+02, 2.84565247e+02, 8.19672942e-01,
       8.21344849e+02, 2.86537018e+02, 6.41476154e-01, 8.21326965e+02,
       2.02297882e+02, 6.40847385e-01, 7.01844482e+02, 1.18129158e+02,
       7.28443563e-01, 7.46914856e+02, 2.19908234e+02, 7.52797484e-01,
       8.07752991e+02, 3.78608154e+02, 5.89238107e-01, 6.80300354e+02,
       4.31466370e+02, 8.00679326e-01, 6.96019348e+02, 3.82434875e+02,
       8.32854509e-01, 5.56889648e+02, 2.90414337e+02, 3.39206189e-01,
       5.58849548e+02, 2.45370163e+02, 3.85144383e-01, 3.60997864e+02,
       2.53194305e+02, 3.25635076e-01, 1.70953110e+02, 2.74784363e+02,
       3.24588537e-01, 5.56914856e+02, 3.35495819e+02, 3.27569842e-01,
       4.21719238e+02, 3.68864868e+02, 1.00014463e-01, 3.19836975e+02,
       3.49214966e+02, 1.03739485e-01, 9.34981445e+02, 2.59080017e+02,
       8.66926551e-01, 9.48714355e+02, 2.96321289e+02, 7.58264661e-01,
       9.03676331e+02, 2.35626938e+02, 5.52777052e-01, 9.40900757e+02,
       3.21809479e+02, 1.42730504e-01, 0., 0., 0., 0., 0., 0., 0., 0.,
       0., 1.33721146e+02, 2.33641800e+02, 1.60624966e-01,
       1.33760300e+02, 2.37536469e+02, 1.40279740e-01, 1.53319092e+02,
       2.84557373e+02, 2.28701025e-01 ]
