%YAML:1.0
---
pose_0: !!opencv-matrix
   rows: 1
   cols: 25
   dt: "3f"
   data: [ 9.15369202e+02, 3.49221558e+02, 7.99449742e-01,
       8.37082947e+02, 2.74784210e+02, 3.54345560e-01, 8.52634583e+02,
       2.72822021e+02, 7.50164151e-01, 7.74273743e+02, 3.60979187e+02,
       7.53231704e-01, 8.13526978e+02, 4.45126984e+02, 8.40931892e-01,
       8.23314148e+02, 2.53204529e+02, 1.57271922e-01, 0., 0., 0., 0.,
       0., 0., 5.39227966e+02, 2.84564453e+02, 2.49781102e-01,
       5.31426086e+02, 2.94386841e+02, 2.07737133e-01, 3.17876923e+02,
       3.35497711e+02, 3.29917610e-01, 1.02337219e+02, 3.35566864e+02,
       2.69394249e-01, 5.39249023e+02, 2.66954285e+02, 2.15061843e-01,
       3.19836517e+02, 3.21802094e+02, 2.24900290e-01, 9.45557022e+01,
       3.37487518e+02, 2.36915559e-01, 9.32973450e+02, 3.23811798e+02,
       7.91369617e-01, 9.33049316e+02, 3.53130157e+02, 7.09787488e-01,
       9.13427002e+02, 2.82647369e+02, 8.15607846e-01, 0., 0., 0.,
       4.16426239e+01, 3.06114929e+02, 1.51564822e-01, 4.16868858e+01,
       3.15934204e+02, 1.36106491e-01, 7.10453644e+01, 3.45301941e+02,
       1.59314618e-01, 3.97182961e+01, 3.08059967e+02, 9.97626111e-02,
       3.96654892e+01, 3.06200928e+02, 6.06352128e-02, 8.27597046e+01,
       3.47257629e+02, 1.55748531e-01 ]
