%YAML:1.0
---
pose_0: !!opencv-matrix
   rows: 1
   cols: 25
   dt: "3f"
   data: [ 9.17332214e+02, 2.43412659e+02, 7.66733706e-01,
       8.52741638e+02, 3.08068359e+02, 4.59554762e-01, 8.72290466e+02,
       3.31615784e+02, 3.74399751e-01, 0., 0., 0., 0., 0., 0.,
       8.64449707e+02, 3.19845703e+02, 3.80827636e-01, 7.70464539e+02,
       2.86512268e+02, 7.02040672e-01, 8.38977173e+02, 2.02319397e+02,
       7.98042059e-01, 6.19589661e+02, 3.53101105e+02, 2.32127890e-01,
       6.03895691e+02, 3.21821167e+02, 2.19407409e-01, 3.13973389e+02,
       3.51226074e+02, 1.90206587e-01, 9.65027924e+01, 4.15795532e+02,
       1.58207133e-01, 6.33315247e+02, 3.78602936e+02, 1.50341839e-01,
       3.04159882e+02, 3.59030914e+02, 1.36035368e-01, 8.86713791e+01,
       4.17770660e+02, 1.78033918e-01, 9.33091248e+02, 2.43512848e+02,
       3.56150180e-01, 9.33138428e+02, 2.59059967e+02, 8.33659887e-01,
       0., 0., 0., 9.19361572e+02, 3.17804871e+02, 8.19196761e-01,
       5.53620605e+01, 4.45234283e+02, 7.31739774e-02, 6.32011452e+01,
       4.49144653e+02, 9.95590687e-02, 6.32118530e+01, 4.25645233e+02,
       1.06581308e-01, 5.72977486e+01, 4.47147369e+02, 1.13042116e-01,
       5.53242264e+01, 4.41299774e+02, 1.07336126e-01, 0., 0., 0. ]
