%YAML:1.0
---
pose_0: !!opencv-matrix
   rows: 1
   cols: 25
   dt: "3f"
   data: [ 9.32975037e+02, 2.86517090e+02, 8.12296510e-01,
       8.17445618e+02, 3.06177795e+02, 6.70135021e-01, 7.99842407e+02,
       2.37534897e+02, 5.59467316e-01, 0., 0., 0., 0., 0., 0.,
       8.27227783e+02, 3.82455963e+02, 6.49908841e-01, 7.27353394e+02,
       4.00146881e+02, 7.28039503e-01, 6.15633362e+02, 3.62902374e+02,
       7.24666595e-01, 5.70600708e+02, 3.02203644e+02, 9.31435302e-02,
       5.41237549e+02, 2.76757294e+02, 1.28711104e-01, 3.29619629e+02,
       3.04102356e+02, 3.18205982e-01, 1.43505173e+02, 3.10095459e+02,
       8.33350420e-02, 0., 0., 0., 0., 0., 0., 0., 0., 0.,
       9.33109985e+02, 2.63053528e+02, 8.51745844e-01, 9.44818909e+02,
       3.00281250e+02, 8.22547317e-01, 9.01740234e+02, 2.43474014e+02,
       5.89112937e-01, 9.25178955e+02, 3.25708618e+02, 2.33302802e-01,
       0., 0., 0., 0., 0., 0., 0., 0., 0., 0., 0., 0., 0., 0., 0., 0.,
       0., 0. ]
