%YAML:1.0
---
pose_0: !!opencv-matrix
   rows: 2
   cols: 25
   dt: "3f"
   data: [ 8.95827148e+02, 3.64873810e+02, 7.35896945e-01,
       8.07642944e+02, 3.08127686e+02, 4.13870394e-01, 8.13523438e+02,
       2.74862000e+02, 6.14871740e-01, 7.13556213e+02, 3.06165833e+02,
       7.57360935e-01, 7.44952271e+02, 4.37400970e+02, 8.07460904e-01,
       8.01787598e+02, 3.43340668e+02, 1.84273347e-01, 0., 0., 0., 0.,
       0., 0., 5.11853180e+02, 2.90458008e+02, 1.96947291e-01,
       5.09861145e+02, 2.76761932e+02, 2.35273287e-01, 3.51181458e+02,
       3.82486786e+02, 2.19115943e-01, 0., 0., 0., 0., 0., 0., 0., 0.,
       0., 0., 0., 0., 9.15451172e+02, 3.37542114e+02, 7.91979671e-01,
       9.15381226e+02, 3.70819824e+02, 6.92680597e-01, 8.87981628e+02,
       3.02144989e+02, 6.74888551e-01, 0., 0., 0., 0., 0., 0., 0., 0.,
       0., 0., 0., 0., 0., 0., 0., 0., 0., 0., 0., 0., 0., 0., 0., 0.,
       0., 0., 0., 0., 0., 0., 0., 0., 0., 0., 0., 0., 6.64607666e+02,
       3.04179993e+02, 7.68054724e-02, 6.45044312e+02, 3.62928864e+02,
       4.37325478e-01, 6.64653687e+02, 4.60879089e+02, 6.39486313e-01,
       0., 0., 0., 0., 0., 0., 0., 0., 0., 0., 0., 0., 0., 0., 0., 0.,
       0., 0., 0., 0., 0., 0., 0., 0., 0., 0., 0., 0., 0., 0., 0., 0.,
       0., 0., 0., 0., 0., 0., 0., 0., 0., 0., 0., 0., 0., 0., 0., 0.,
       0., 0., 0. ]
