%YAML:1.0
---
pose_0: !!opencv-matrix
   rows: 1
   cols: 25
   dt: "3f"
   data: [ 9.46709473e+02, 3.06130066e+02, 8.11758399e-01,
       8.52698364e+02, 3.25685242e+02, 7.01660216e-01, 8.23304993e+02,
       2.55188293e+02, 6.51855111e-01, 7.27311401e+02, 1.98402802e+02,
       4.18661892e-01, 6.96000488e+02, 1.65129349e+02, 3.98999542e-01,
       8.80135864e+02, 4.04073029e+02, 6.24774814e-01, 8.07611633e+02,
       4.84399261e+02, 6.94157600e-01, 7.29317261e+02, 5.72613770e+02,
       7.33699501e-01, 5.64730042e+02, 3.88396759e+02, 2.02533022e-01,
       5.54937622e+02, 3.41397400e+02, 3.08941871e-01, 3.33542084e+02,
       3.62914856e+02, 2.41840810e-01, 1.45465912e+02, 3.66816833e+02,
       6.29279017e-02, 5.62778809e+02, 4.41322723e+02, 2.16577634e-01,
       3.62912231e+02, 5.70565369e+02, 2.26970807e-01, 2.39522354e+02,
       6.52904724e+02, 8.07457268e-02, 9.54609436e+02, 2.78739594e+02,
       7.74596393e-01, 9.68286926e+02, 3.19920349e+02, 8.38494599e-01,
       9.33132385e+02, 2.53178589e+02, 6.68980122e-01, 9.62369995e+02,
       3.37576080e+02, 1.08092219e-01, 0., 0., 0., 0., 0., 0., 0., 0.,
       0., 8.67533417e+01, 3.55115753e+02, 6.34474680e-02,
       8.86957092e+01, 3.51236328e+02, 6.73549324e-02, 0., 0., 0. ]
