%YAML:1.0
---
pose_0: !!opencv-matrix
   rows: 1
   cols: 25
   dt: "3f"
   data: [ 9.09548218e+02, 2.41499100e+02, 7.89752364e-01,
       8.23394836e+02, 3.15935822e+02, 5.78184426e-01, 8.37035706e+02,
       3.11972076e+02, 3.71175736e-01, 0., 0., 0., 0., 0., 0.,
       8.21346008e+02, 3.21762665e+02, 4.08208698e-01, 6.99951111e+02,
       2.86505432e+02, 7.27371991e-01, 8.33150879e+02, 2.10156830e+02,
       4.21673119e-01, 5.54927246e+02, 3.35487030e+02, 1.85984030e-01,
       5.49056335e+02, 3.10040710e+02, 1.59261599e-01, 3.23757446e+02,
       3.11989075e+02, 2.21008688e-01, 1.02389793e+02, 4.04071930e+02,
       1.60379961e-01, 5.43171204e+02, 3.43361694e+02, 1.44520044e-01,
       3.10053162e+02, 3.19883942e+02, 1.37499616e-01, 9.06347275e+01,
       4.11894135e+02, 2.11560816e-01, 9.21326416e+02, 2.41481094e+02,
       4.77340758e-01, 9.23276489e+02, 2.57121368e+02, 8.19177866e-01,
       0., 0., 0., 9.13474915e+02, 3.08164795e+02, 8.02380204e-01,
       4.55448608e+01, 4.41307312e+02, 1.13832496e-01, 5.34399529e+01,
       4.45180878e+02, 1.38730660e-01, 6.71036530e+01, 4.19754425e+02,
       1.22772165e-01, 4.94630585e+01, 4.43246368e+02, 1.06965967e-01,
       5.33344917e+01, 4.37397461e+02, 9.63038355e-02, 0., 0., 0. ]
