%YAML:1.0
---
pose_0: !!opencv-matrix
   rows: 1
   cols: 25
   dt: "3f"
   data: [ 9.11508545e+02, 2.76711578e+02, 7.81771719e-01,
       8.07715698e+02, 2.78687469e+02, 6.91396952e-01, 8.07706604e+02,
       1.98352432e+02, 6.91385984e-01, 7.03791504e+02, 1.29765823e+02,
       7.79680133e-01, 6.45074585e+02, 1.92457962e+02, 8.02067518e-01,
       8.11625122e+02, 3.55167542e+02, 6.41676247e-01, 7.41049438e+02,
       4.33531097e+02, 7.52721131e-01, 7.05816956e+02, 4.25593079e+02,
       7.59042263e-01, 5.72597656e+02, 3.04184082e+02, 3.08057249e-01,
       5.80397156e+02, 2.59076813e+02, 4.16195005e-01, 3.92331482e+02,
       2.86498444e+02, 2.03983381e-01, 3.04165344e+02, 3.06104401e+02,
       8.45951587e-02, 5.68624023e+02, 3.55088348e+02, 2.71118045e-01,
       4.35436493e+02, 3.57038513e+02, 1.63688317e-01, 3.72724854e+02,
       3.41377472e+02, 9.99656767e-02, 9.17472168e+02, 2.55216995e+02,
       8.04574966e-01, 9.23278931e+02, 2.90427246e+02, 8.23282003e-01,
       8.97732483e+02, 2.31672638e+02, 6.44040108e-01, 9.15444275e+02,
       3.06218567e+02, 1.21492416e-01, 0., 0., 0., 0., 0., 0., 0., 0.,
       0., 0., 0., 0., 0., 0., 0., 0., 0., 0. ]
