%YAML:1.0
---
pose_0: !!opencv-matrix
   rows: 1
   cols: 25
   dt: "3f"
   data: [ 1.05839502e+03, 2.53256760e+02, 6.57103837e-01,
       9.68306824e+02, 2.57135834e+02, 1.80555135e-01, 8.87997559e+02,
       2.41472137e+02, 2.54353166e-01, 8.60558472e+02, 5.07886108e+02,
       6.75777316e-01, 1.01138037e+03, 4.64875549e+02, 7.00707972e-01,
       1.01729303e+03, 2.61078979e+02, 5.10962084e-02, 0., 0., 0., 0.,
       0., 0., 0., 0., 0., 0., 0., 0., 0., 0., 0., 0., 0., 0., 0., 0.,
       0., 0., 0., 0., 0., 0., 0., 1.03689246e+03, 2.04277420e+02,
       5.71294785e-01, 1.09180859e+03, 2.45416229e+02, 5.37347972e-01,
       9.93757507e+02, 1.86646133e+02, 4.47277665e-01, 0., 0., 0., 0.,
       0., 0., 0., 0., 0., 0., 0., 0., 0., 0., 0., 0., 0., 0., 0., 0.,
       0. ]
