%YAML:1.0
---
pose_0: !!opencv-matrix
   rows: 1
   cols: 25
   dt: "3f"
   data: [ 9.31022705e+02, 2.27706940e+02, 8.36629212e-01,
       8.07725647e+02, 2.41419632e+02, 6.66164994e-01, 8.05672119e+02,
       1.51324402e+02, 6.67022228e-01, 6.66678772e+02, 1.14100319e+02,
       6.92284942e-01, 5.72572632e+02, 1.14117935e+02, 7.96365023e-01,
       8.07704834e+02, 3.23741577e+02, 6.84391260e-01, 6.95983459e+02,
       3.68781738e+02, 8.00132155e-01, 5.84305603e+02, 3.84427399e+02,
       8.04550171e-01, 5.47092834e+02, 2.39514542e+02, 1.92520604e-01,
       5.47100281e+02, 1.94490311e+02, 2.39566058e-01, 3.49211334e+02,
       3.21786407e+02, 7.61531889e-02, 1.70935059e+02, 3.39451630e+02,
       1.83869064e-01, 5.33376160e+02, 2.90451935e+02, 2.17640460e-01,
       4.37382324e+02, 3.31556793e+02, 8.92263055e-02, 1.74867126e+02,
       3.37551483e+02, 1.62821233e-01, 9.38910522e+02, 2.10044724e+02,
       8.45532596e-01, 9.42869873e+02, 2.43501175e+02, 8.12573612e-01,
       9.15375305e+02, 1.88560455e+02, 4.78782117e-01, 9.05626099e+02,
       2.72794952e+02, 4.54998642e-01, 9.84504318e+01, 3.76677429e+02,
       1.05257578e-01, 1.08251694e+02, 3.82575378e+02, 1.04486294e-01,
       1.55279083e+02, 3.31610565e+02, 8.07496458e-02, 1.02374481e+02,
       3.78634521e+02, 8.31084996e-02, 1.02408409e+02, 3.80533295e+02,
       7.34631941e-02, 0., 0., 0. ]
