%YAML:1.0
---
pose_0: !!opencv-matrix
   rows: 2
   cols: 25
   dt: "3f"
   data: [ 9.05641602e+02, 3.47279236e+02, 7.18020797e-01,
       8.38960632e+02, 2.68905548e+02, 5.72800040e-01, 8.48820557e+02,
       2.43506149e+02, 6.95647895e-01, 7.42942810e+02, 2.59149841e+02,
       8.18042278e-01, 7.29303833e+02, 3.86425049e+02, 8.10068786e-01,
       8.27236084e+02, 2.92399689e+02, 4.75083321e-01, 7.58648865e+02,
       3.19837646e+02, 1.58927843e-01, 0., 0., 0., 5.74525146e+02,
       2.31665405e+02, 1.95342004e-01, 5.68647705e+02, 2.45412689e+02,
       1.74549818e-01, 4.60901550e+02, 3.00251556e+02, 1.24341033e-01,
       3.29604614e+02, 3.25728394e+02, 7.50013813e-02, 5.74549927e+02,
       2.14037720e+02, 1.60612345e-01, 4.41297852e+02, 2.41465042e+02,
       6.59489185e-02, 3.17902649e+02, 3.08079865e+02, 5.43447658e-02,
       9.27200317e+02, 3.31593994e+02, 7.43176341e-01, 9.29097107e+02,
       3.53082275e+02, 7.44048879e-02, 9.19372375e+02, 2.78676849e+02,
       8.34173620e-01, 0., 0., 0., 0., 0., 0., 0., 0., 0., 0., 0., 0.,
       0., 0., 0., 0., 0., 0., 0., 0., 0., 0., 0., 0., 0., 0., 0., 0.,
       0., 0., 0., 0., 0., 0., 0., 0., 6.64643127e+02, 2.82602234e+02,
       5.69913089e-02, 6.48897095e+02, 3.35454590e+02, 4.69365239e-01,
       6.64590942e+02, 4.39348022e+02, 6.59343779e-01, 0., 0., 0., 0.,
       0., 0., 0., 0., 0., 0., 0., 0., 0., 0., 0., 0., 0., 0., 0., 0.,
       0., 0., 0., 0., 0., 0., 0., 0., 0., 0., 0., 0., 0., 0., 0., 0.,
       0., 0., 0., 0., 0., 0., 0., 0., 0., 0., 0., 0., 0., 0., 0. ]
