%YAML:1.0
---
pose_0: !!opencv-matrix
   rows: 1
   cols: 25
   dt: "3f"
   data: [ 9.17370667e+02, 2.66931976e+02, 7.61822224e-01,
       8.05751160e+02, 2.82625183e+02, 6.21832550e-01, 8.03748169e+02,
       1.96436630e+02, 6.90038979e-01, 6.66598755e+02, 1.49354095e+02,
       7.90777802e-01, 6.96055054e+02, 2.08157700e+02, 8.16440701e-01,
       8.07599487e+02, 3.66871918e+02, 6.06910586e-01, 6.80260071e+02,
       4.47123047e+02, 7.94878662e-01, 7.29283997e+02, 3.47289825e+02,
       8.20841551e-01, 5.68645447e+02, 2.80652618e+02, 1.74469709e-01,
       5.64723389e+02, 2.41494827e+02, 2.55078495e-01, 3.59035034e+02,
       2.53222443e+02, 2.64900595e-01, 1.76779449e+02, 2.57060516e+02,
       5.75089939e-02, 5.56881897e+02, 3.43349213e+02, 1.23106055e-01,
       3.80556580e+02, 3.66858765e+02, 5.46818972e-02, 0., 0., 0.,
       9.19373718e+02, 2.43497116e+02, 7.87171423e-01, 9.31074890e+02,
       2.82635681e+02, 7.19575822e-01, 8.89946350e+02, 2.25869171e+02,
       4.98728573e-01, 9.17349365e+02, 3.06065704e+02, 2.68986225e-01,
       0., 0., 0., 0., 0., 0., 0., 0., 0., 8.47697601e+01,
       2.63058289e+02, 6.17808513e-02, 8.47485886e+01, 2.59184235e+02,
       7.42608905e-02, 0., 0., 0. ]
