%YAML:1.0
---
pose_0: !!opencv-matrix
   rows: 1
   cols: 25
   dt: "3f"
   data: [ 9.07566772e+02, 3.08115021e+02, 7.36885846e-01,
       8.03699707e+02, 2.90516876e+02, 6.49560511e-01, 8.11610840e+02,
       2.10134537e+02, 6.89830482e-01, 6.95925171e+02, 1.63062469e+02,
       7.51594126e-01, 5.66658875e+02, 1.57206924e+02, 7.47597396e-01,
       7.84163696e+02, 3.62915985e+02, 5.71830571e-01, 6.97956970e+02,
       4.04127960e+02, 7.37333834e-01, 6.19516235e+02, 4.45266907e+02,
       8.21925640e-01, 5.68650085e+02, 2.88498657e+02, 2.94256240e-01,
       5.68632385e+02, 2.47361847e+02, 3.59802932e-01, 3.70779999e+02,
       3.19833038e+02, 1.71629190e-01, 3.39433929e+02, 3.17840576e+02,
       1.21942475e-01, 5.56933350e+02, 3.35507996e+02, 2.74615824e-01,
       4.53054443e+02, 3.66814026e+02, 1.12356514e-01, 3.51200958e+02,
       3.31581360e+02, 1.37193456e-01, 9.27149902e+02, 2.88430878e+02,
       7.03053594e-01, 9.19312378e+02, 3.19918121e+02, 8.22207332e-01,
       9.01773804e+02, 2.55219345e+02, 7.13742375e-01, 9.01655396e+02,
       3.37394165e+02, 8.78489092e-02, 0., 0., 0., 0., 0., 0., 0., 0.,
       0., 0., 0., 0., 0., 0., 0., 0., 0., 0. ]
