%YAML:1.0
---
pose_0: !!opencv-matrix
   rows: 1
   cols: 25
   dt: "3f"
   data: [ 9.15450012e+02, 2.23850418e+02, 8.77348661e-01,
       8.07646667e+02, 2.41479797e+02, 7.54054487e-01, 8.03691406e+02,
       1.69002670e+02, 6.35630190e-01, 7.27374817e+02, 8.67032852e+01,
       4.58746046e-01, 6.78336792e+02, 8.47257080e+01, 7.39457726e-01,
       8.09648804e+02, 3.15928802e+02, 6.74101532e-01, 7.13661499e+02,
       3.82571960e+02, 7.38697290e-01, 6.13684631e+02, 4.45284393e+02,
       7.38996744e-01, 5.66686523e+02, 2.59081207e+02, 2.77362823e-01,
       5.56912109e+02, 2.12131104e+02, 3.84363174e-01, 3.82516052e+02,
       2.23829071e+02, 2.92995930e-01, 0., 0., 0., 5.70630310e+02,
       3.06098480e+02, 3.13067675e-01, 4.00162384e+02, 3.33551331e+02,
       2.95634478e-01, 3.74677582e+02, 3.29608704e+02, 6.30359352e-02,
       9.15455872e+02, 2.04251648e+02, 8.69292736e-01, 9.32995850e+02,
       2.27839447e+02, 8.22839797e-01, 8.85983276e+02, 1.92414566e+02,
       6.33623362e-01, 9.09538635e+02, 2.59025940e+02, 2.22601995e-01,
       0., 0., 0., 0., 0., 0., 0., 0., 0., 0., 0., 0., 0., 0., 0., 0.,
       0., 0. ]
