%YAML:1.0
---
pose_0: !!opencv-matrix
   rows: 1
   cols: 25
   dt: "3f"
   data: [ 1.10150110e+03, 2.00350021e+02, 7.56527066e-01,
       9.11502319e+02, 2.14050430e+02, 2.11747795e-01, 9.40871948e+02,
       2.70845825e+02, 2.42740303e-01, 8.50770142e+02, 3.96227325e+02,
       5.36496155e-02, 0., 0., 0., 9.15393738e+02, 1.82700043e+02,
       6.58311546e-02, 0., 0., 0., 0., 0., 0., 6.01946838e+02,
       3.33536560e+02, 8.21873546e-02, 5.72589294e+02, 2.88494904e+02,
       7.39836767e-02, 3.57057037e+02, 2.98286469e+02, 5.78885712e-02,
       3.43332428e+02, 4.00132996e+02, 6.86393455e-02, 6.03907715e+02,
       3.55102966e+02, 8.04290920e-02, 0., 0., 0., 0., 0., 0.,
       1.10742749e+03, 1.72868134e+02, 7.88653076e-01, 1.11912109e+03,
       2.23852570e+02, 8.11222792e-01, 1.07215283e+03, 1.37672821e+02,
       4.11374778e-01, 0., 0., 0., 0., 0., 0., 0., 0., 0., 0., 0., 0.,
       0., 0., 0., 0., 0., 0., 3.39426147e+02, 4.00180206e+02,
       5.21189384e-02 ]
