%YAML:1.0
---
pose_0: !!opencv-matrix
   rows: 1
   cols: 25
   dt: "3f"
   data: [ 9.13466736e+02, 3.43326202e+02, 7.88026810e-01,
       8.37037903e+02, 3.88422241e+02, 6.96573675e-01, 8.15482117e+02,
       3.53222565e+02, 4.91900295e-01, 6.66595947e+02, 3.51219910e+02,
       3.37552547e-01, 5.88249207e+02, 3.35520142e+02, 5.22511363e-01,
       8.54748535e+02, 4.31557526e+02, 6.16845906e-01, 8.15517944e+02,
       4.45209290e+02, 7.54125118e-01, 7.92067322e+02, 3.06168549e+02,
       8.16436887e-01, 5.84310425e+02, 4.19736938e+02, 1.97160482e-01,
       5.76475952e+02, 3.84482117e+02, 3.03397626e-01, 3.70775330e+02,
       3.84512878e+02, 2.62863398e-01, 0., 0., 0., 5.94112854e+02,
       4.60909882e+02, 1.43088102e-01, 3.53157654e+02, 5.43162537e+02,
       1.23449184e-01, 0., 0., 0., 9.19396851e+02, 3.27692749e+02,
       7.91299045e-01, 9.31154602e+02, 3.61001648e+02, 8.65907848e-01,
       8.99798279e+02, 3.21734344e+02, 1.55824512e-01, 9.21268127e+02,
       3.98278656e+02, 6.84766293e-01, 0., 0., 0., 0., 0., 0., 0., 0.,
       0., 0., 0., 0., 0., 0., 0., 0., 0., 0. ]
