%YAML:1.0
---
pose_0: !!opencv-matrix
   rows: 1
   cols: 25
   dt: "3f"
   data: [ 9.29094910e+02, 2.37512711e+02, 7.14018345e-01,
       8.72359741e+02, 3.02174377e+02, 5.30092895e-01, 8.56642761e+02,
       2.82626740e+02, 2.25989401e-01, 7.82178101e+02, 2.61089508e+02,
       5.68529218e-02, 0., 0., 0., 8.93831787e+02, 3.15938477e+02,
       4.98640597e-01, 7.91963623e+02, 2.61037292e+02, 5.40681541e-01,
       8.11558105e+02, 1.61119751e+02, 1.95745364e-01, 5.54924316e+02,
       3.49243591e+02, 1.76934272e-01, 5.56914795e+02, 3.11987549e+02,
       2.41668835e-01, 3.19858612e+02, 3.06179962e+02, 3.62035513e-01,
       1.33756104e+02, 3.68801208e+02, 1.94242403e-01, 5.45147949e+02,
       3.88401978e+02, 1.52462006e-01, 3.08066833e+02, 3.17835754e+02,
       1.99947119e-01, 8.27485733e+01, 4.23654480e+02, 1.40921861e-01,
       9.46726807e+02, 2.33621292e+02, 9.27951708e-02, 9.48762146e+02,
       2.43461227e+02, 8.43800187e-01, 0., 0., 0., 9.46691406e+02,
       3.06168884e+02, 8.37958336e-01, 7.49522476e+01, 4.62829895e+02,
       1.21884555e-01, 7.10869980e+01, 4.60865326e+02, 1.33770674e-01,
       6.70772095e+01, 4.29528778e+02, 1.75964534e-01, 0., 0., 0., 0.,
       0., 0., 0., 0., 0. ]
