%YAML:1.0
---
pose_0: !!opencv-matrix
   rows: 1
   cols: 25
   dt: "3f"
   data: [ 1.09563123e+03, 1.78756805e+02, 8.07398140e-01,
       9.05646973e+02, 1.88593430e+02, 4.19033080e-01, 8.88003845e+02,
       8.86629257e+01, 4.94871348e-01, 7.29317871e+02, 4.75434189e+01,
       6.13887370e-01, 6.13713440e+02, 4.94484596e+01, 6.83018804e-01,
       9.19382019e+02, 2.96305786e+02, 5.44659913e-01, 7.70421326e+02,
       3.64930511e+02, 5.02647161e-01, 5.84276794e+02, 3.84540100e+02,
       7.65412033e-01, 5.78435181e+02, 2.47341141e+02, 7.10700005e-02,
       5.74519470e+02, 1.90537384e+02, 8.86818618e-02, 3.17876831e+02,
       2.98302856e+02, 5.14768437e-02, 1.67011124e+02, 3.06160461e+02,
       3.02360952e-01, 5.96077515e+02, 3.06130829e+02, 8.29137936e-02,
       3.23748627e+02, 3.06100159e+02, 5.88598698e-02, 1.72898117e+02,
       3.06100739e+02, 7.59981126e-02, 1.09959595e+03, 1.47463837e+02,
       8.13320816e-01, 1.11132239e+03, 1.92464874e+02, 6.28602982e-01,
       1.04470496e+03, 9.05996246e+01, 2.27851063e-01, 1.08977478e+03,
       2.17973053e+02, 6.40345216e-02, 0., 0., 0., 0., 0., 0., 0., 0.,
       0., 0., 0., 0., 0., 0., 0., 1.53313034e+02, 3.00255981e+02,
       1.68331474e-01 ]
