%YAML:1.0
---
pose_0: !!opencv-matrix
   rows: 1
   cols: 25
   dt: "3f"
   data: [ 9.23239807e+02, 3.68918121e+02, 7.46521890e-01,
       8.13518616e+02, 2.96330658e+02, 6.29078031e-01, 8.31156616e+02,
       2.45365768e+02, 5.83125770e-01, 7.29267395e+02, 1.69023407e+02,
       6.79196119e-01, 5.84266602e+02, 1.90568085e+02, 7.08756447e-01,
       7.91979675e+02, 3.39454071e+02, 4.84012067e-01, 6.80328674e+02,
       3.82502197e+02, 3.02180380e-01, 6.66580078e+02, 4.13927094e+02,
       5.43654680e-01, 6.03926025e+02, 2.96330597e+02, 1.51190892e-01,
       5.88248657e+02, 2.90451752e+02, 1.31775811e-01, 5.03988373e+02,
       3.53142914e+02, 1.35523781e-01, 3.64863159e+02, 3.98245087e+02,
       3.42441499e-01, 6.29370239e+02, 3.35536804e+02, 8.84548426e-02,
       0., 0., 0., 0., 0., 0., 9.35027405e+02, 3.51221710e+02,
       8.23978305e-01, 9.46665649e+02, 3.68871155e+02, 1.80538595e-01,
       9.15401184e+02, 3.04149658e+02, 9.10271764e-01, 0., 0., 0., 0.,
       0., 0., 0., 0., 0., 0., 0., 0., 0., 0., 0., 0., 0., 0., 0., 0.,
       0. ]
