%YAML:1.0
---
pose_0: !!opencv-matrix
   rows: 1
   cols: 25
   dt: "3f"
   data: [ 8.99721680e+02, 3.60982666e+02, 7.77695477e-01,
       8.03693665e+02, 3.35559723e+02, 6.80173874e-01, 8.17437744e+02,
       2.59155609e+02, 6.42895699e-01, 6.99964172e+02, 1.80759491e+02,
       7.72542477e-01, 6.13663818e+02, 2.08122162e+02, 7.64092445e-01,
       7.76248962e+02, 4.04088562e+02, 5.16335011e-01, 6.62629333e+02,
       4.33450958e+02, 7.40422070e-01, 7.50830139e+02, 4.78597443e+02,
       8.01158369e-01, 5.33397461e+02, 3.53162903e+02, 2.13792056e-01,
       5.31410400e+02, 3.15910065e+02, 2.45169565e-01, 3.57076813e+02,
       3.31578735e+02, 2.48623803e-01, 2.29714951e+02, 3.19868286e+02,
       1.53105065e-01, 5.37280273e+02, 3.98205933e+02, 1.92846209e-01,
       3.66806580e+02, 4.56983795e+02, 3.52557659e-01, 1.68967361e+02,
       5.19684631e+02, 4.10052150e-01, 9.13413696e+02, 3.37422089e+02,
       8.26425076e-01, 9.17335388e+02, 3.76662170e+02, 7.34847426e-01,
       8.95798584e+02, 3.08077698e+02, 6.05406225e-01, 0., 0., 0.,
       1.02371315e+02, 5.78430481e+02, 2.29456678e-01, 1.02416870e+02,
       5.78429993e+02, 2.28637233e-01, 1.39591370e+02, 5.09936859e+02,
       2.61195391e-01, 0., 0., 0., 0., 0., 0., 2.17932388e+02,
       3.21772583e+02, 8.30852911e-02 ]
