%YAML:1.0
---
pose_0: !!opencv-matrix
   rows: 1
   cols: 25
   dt: "3f"
   data: [ 8.72384521e+02, 2.66942139e+02, 7.45235860e-01,
       8.13509338e+02, 3.21846344e+02, 6.11325920e-01, 8.25285217e+02,
       3.39435028e+02, 4.60924268e-01, 0., 0., 0., 0., 0., 0.,
       8.05755371e+02, 3.13985718e+02, 5.93127668e-01, 7.03819885e+02,
       2.90385315e+02, 6.59315646e-01, 8.09655457e+02, 2.10122452e+02,
       7.31520891e-01, 5.68636658e+02, 3.29644714e+02, 1.93342373e-01,
       5.68649475e+02, 2.90498535e+02, 2.11285159e-01, 3.49215332e+02,
       3.02232208e+02, 1.46541372e-01, 0., 0., 0., 5.60820679e+02,
       3.70792725e+02, 2.05425873e-01, 3.37459808e+02, 3.19820007e+02,
       2.16810912e-01, 1.18117897e+02, 3.82497131e+02, 1.11440673e-01,
       8.84033691e+02, 2.57151733e+02, 7.97136784e-01, 8.95839172e+02,
       2.78714874e+02, 8.17038536e-01, 0., 0., 0., 8.86109741e+02,
       3.23804657e+02, 8.01374197e-01, 8.86405182e+01, 3.94246857e+02,
       5.20598218e-02, 8.87065506e+01, 3.96240234e+02, 7.59008452e-02,
       1.12174126e+02, 3.96194977e+02, 6.69697225e-02, 0., 0., 0., 0.,
       0., 0., 0., 0., 0. ]
