%YAML:1.0
---
pose_0: !!opencv-matrix
   rows: 1
   cols: 25
   dt: "3f"
   data: [ 1.02513269e+03, 2.51289642e+02, 6.24543905e-01,
       8.68414978e+02, 2.41506226e+02, 5.33255756e-01, 8.50734436e+02,
       1.49450165e+02, 4.40075368e-01, 7.11696289e+02, 5.73384209e+01,
       7.88687766e-01, 6.50996582e+02, 1.49348145e+02, 7.28827775e-01,
       8.82134888e+02, 3.23787354e+02, 4.62032646e-01, 6.97977661e+02,
       4.29605927e+02, 6.85380220e-01, 8.09670044e+02, 3.49241730e+02,
       7.41961539e-01, 6.01958740e+02, 2.92404358e+02, 5.56638502e-02,
       0., 0., 0., 0., 0., 0., 0., 0., 0., 6.27429199e+02,
       3.43350342e+02, 6.31236061e-02, 0., 0., 0., 0., 0., 0.,
       1.02507178e+03, 2.12041412e+02, 4.69949663e-01, 1.05061145e+03,
       2.59112122e+02, 2.72444457e-01, 9.50700317e+02, 1.67000336e+02,
       3.05477440e-01, 0., 0., 0., 0., 0., 0., 0., 0., 0., 0., 0., 0.,
       0., 0., 0., 0., 0., 0., 0., 0., 0. ]
