%YAML:1.0
---
pose_0: !!opencv-matrix
   rows: 1
   cols: 25
   dt: "3f"
   data: [ 1.04469714e+03, 2.63012421e+02, 6.84116423e-01,
       9.07565002e+02, 2.72767639e+02, 3.42628926e-01, 8.88012634e+02,
       1.96452621e+02, 3.18361610e-01, 8.66431885e+02, 1.35726288e+02,
       1.61647618e-01, 7.46925659e+02, 8.86891251e+01, 1.47974730e-01,
       9.17415344e+02, 3.31594391e+02, 3.93708438e-01, 8.54656311e+02,
       4.33503998e+02, 7.56265968e-02, 0., 0., 0., 0., 0., 0., 0., 0.,
       0., 0., 0., 0., 0., 0., 0., 0., 0., 0., 0., 0., 0., 0., 0., 0.,
       1.00356012e+03, 2.43512314e+02, 7.72887170e-01, 1.05647876e+03,
       2.39512451e+02, 6.41100883e-01, 9.54587708e+02, 2.43473877e+02,
       2.98304409e-01, 0., 0., 0., 0., 0., 0., 0., 0., 0., 0., 0., 0.,
       0., 0., 0., 0., 0., 0., 0., 0., 0. ]
