%YAML:1.0
---
pose_0: !!opencv-matrix
   rows: 1
   cols: 25
   dt: "3f"
   data: [ 9.31004272e+02, 4.43290100e+02, 7.55594313e-01,
       8.21281006e+02, 4.39364990e+02, 6.74601972e-01, 8.15476807e+02,
       3.53196838e+02, 6.47915423e-01, 6.88136597e+02, 2.94411072e+02,
       7.27015376e-01, 5.70608093e+02, 3.49162262e+02, 7.35846698e-01,
       8.21343994e+02, 5.17698486e+02, 6.03167236e-01, 7.03842041e+02,
       5.66668579e+02, 6.44969642e-01, 6.05876770e+02, 5.86303772e+02,
       8.30221772e-01, 6.15640076e+02, 4.31524872e+02, 1.88466609e-01,
       5.98018372e+02, 4.00147003e+02, 3.30483347e-01, 3.76641510e+02,
       4.47165466e+02, 2.84532696e-01, 1.59155655e+02, 4.96206879e+02,
       2.98341215e-01, 6.13707092e+02, 4.84420837e+02, 1.52781039e-01,
       5.03979401e+02, 5.13792236e+02, 1.03550822e-01, 3.84512299e+02,
       5.07884155e+02, 6.36925772e-02, 9.38949951e+02, 4.17805695e+02,
       7.82916725e-01, 9.44759827e+02, 4.60825470e+02, 8.04371715e-01,
       9.17336792e+02, 3.94295380e+02, 5.23366332e-01, 9.31023987e+02,
       4.78688263e+02, 6.90110251e-02, 0., 0., 0., 0., 0., 0., 0., 0.,
       0., 1.04326225e+02, 4.66778503e+02, 1.78388149e-01,
       1.12148483e+02, 4.64854218e+02, 1.47092745e-01, 1.41573715e+02,
       5.07926910e+02, 2.01412961e-01 ]
