%YAML:1.0
---
pose_0: !!opencv-matrix
   rows: 1
   cols: 25
   dt: "3f"
   data: [ 9.38902710e+02, 3.04135834e+02, 7.97406435e-01,
       8.27271423e+02, 3.53150543e+02, 6.65976286e-01, 8.03725586e+02,
       3.00262573e+02, 5.04155874e-01, 7.17552368e+02, 3.04103363e+02,
       7.19616786e-02, 0., 0., 0., 8.42932556e+02, 4.11905945e+02,
       6.46853030e-01, 7.05762695e+02, 4.58899017e+02, 6.94199562e-01,
       5.86318115e+02, 3.84472748e+02, 8.20152700e-01, 5.84317322e+02,
       3.70766754e+02, 1.37125760e-01, 5.58845032e+02, 3.37494751e+02,
       1.30795881e-01, 3.60968842e+02, 3.35487823e+02, 1.25419468e-01,
       1.65129013e+02, 4.15837463e+02, 1.64933950e-01, 5.72566895e+02,
       4.15838501e+02, 1.30961686e-01, 3.51193634e+02, 3.37491913e+02,
       1.00400567e-01, 1.65065521e+02, 4.17762512e+02, 1.99265137e-01,
       9.48635986e+02, 2.94413300e+02, 7.18625486e-01, 9.56578003e+02,
       3.21777405e+02, 8.62976611e-01, 0., 0., 0., 9.33056519e+02,
       3.66949463e+02, 8.18905830e-01, 0., 0., 0., 0., 0., 0.,
       1.51333282e+02, 4.29565918e+02, 1.57224804e-01, 0., 0., 0., 0.,
       0., 0., 0., 0., 0. ]
