%YAML:1.0
---
pose_0: !!opencv-matrix
   rows: 1
   cols: 25
   dt: "3f"
   data: [ 8.89916748e+02, 4.13797516e+02, 8.10163140e-01,
       7.82222290e+02, 4.29544861e+02, 6.68837786e-01, 7.70429443e+02,
       3.57042297e+02, 7.11804032e-01, 6.66580811e+02, 2.94417297e+02,
       8.10891628e-01, 7.25403198e+02, 2.78673431e+02, 8.12397957e-01,
       7.91955322e+02, 4.94209351e+02, 6.40444994e-01, 6.76424377e+02,
       5.58859863e+02, 7.96988785e-01, 7.86118652e+02, 5.37230469e+02,
       7.66772509e-01, 5.31424072e+02, 4.68717529e+02, 3.11109483e-01,
       5.25573669e+02, 4.23682465e+02, 4.20700282e-01, 3.37455566e+02,
       3.88416412e+02, 3.89128774e-01, 0., 0., 0., 5.41204590e+02,
       5.11823700e+02, 3.38450134e-01, 3.80587250e+02, 5.13808899e+02,
       1.67016134e-01, 0., 0., 0., 8.97797302e+02, 3.98143738e+02,
       8.66424441e-01, 9.01675171e+02, 4.29516113e+02, 7.91103899e-01,
       8.70326904e+02, 3.82512604e+02, 5.56927800e-01, 8.84123230e+02,
       4.58919556e+02, 5.85151553e-01, 0., 0., 0., 0., 0., 0., 0., 0.,
       0., 0., 0., 0., 0., 0., 0., 0., 0., 0. ]
