%YAML:1.0
---
pose_0: !!opencv-matrix
   rows: 1
   cols: 25
   dt: "3f"
   data: [ 9.46812988e+02, 3.19874603e+02, 8.22195768e-01,
       8.48770752e+02, 2.88496063e+02, 5.93295574e-01, 8.50770813e+02,
       2.06186661e+02, 6.26984596e-01, 7.29229187e+02, 1.25851601e+02,
       7.87836254e-01, 7.78326599e+02, 2.66913055e+02, 7.26414323e-01,
       7.97886658e+02, 3.82506744e+02, 2.89429873e-01, 6.64630981e+02,
       4.31432892e+02, 7.75121152e-01, 7.50856812e+02, 4.13782196e+02,
       7.13024139e-01, 5.23582397e+02, 3.08068207e+02, 8.34559351e-02,
       0., 0., 0., 0., 0., 0., 0., 0., 0., 5.23580017e+02,
       3.53168335e+02, 1.33107275e-01, 4.47162933e+02, 3.60986847e+02,
       5.40424883e-02, 1.33719330e+02, 3.55091705e+02, 1.46057263e-01,
       9.62503479e+02, 2.90548035e+02, 8.74987662e-01, 9.62456604e+02,
       3.37443237e+02, 8.27252805e-01, 9.50681030e+02, 2.59079010e+02,
       4.57988530e-01, 0., 0., 0., 8.47637253e+01, 3.41404236e+02,
       5.75103946e-02, 0., 0., 0., 0., 0., 0., 0., 0., 0., 0., 0., 0.,
       0., 0., 0. ]
