%YAML:1.0
---
pose_0: !!opencv-matrix
   rows: 1
   cols: 25
   dt: "3f"
   data: [ 8.84127502e+02, 2.74728088e+02, 8.44138145e-01,
       7.76399292e+02, 3.04079620e+02, 7.08141685e-01, 7.56738525e+02,
       2.43354279e+02, 6.89650118e-01, 6.50957031e+02, 2.29766647e+02,
       3.98083389e-01, 6.01929199e+02, 2.16016632e+02, 1.39806256e-01,
       7.95914185e+02, 3.66855835e+02, 5.97687006e-01, 8.72378967e+02,
       4.64835571e+02, 6.71994209e-01, 9.54591980e+02, 5.02032471e+02,
       5.86430311e-01, 5.35335510e+02, 3.43344299e+02, 2.77593195e-01,
       5.29475220e+02, 3.04164398e+02, 3.08669418e-01, 3.57053925e+02,
       4.76524933e+02, 3.01967531e-01, 2.16002518e+02, 5.88241333e+02,
       1.65733561e-01, 5.39223694e+02, 3.86446655e+02, 2.96023190e-01,
       3.55088562e+02, 4.78566071e+02, 3.16640913e-01, 2.14019241e+02,
       5.88248352e+02, 2.41307631e-01, 8.91924805e+02, 2.61052002e+02,
       7.86454380e-01, 8.97733887e+02, 2.90416107e+02, 8.25788438e-01,
       8.72297791e+02, 2.47378326e+02, 2.14515537e-01, 8.84014526e+02,
       3.21726196e+02, 6.28157496e-01, 1.80756454e+02, 5.72591370e+02,
       8.37340802e-02, 1.88572037e+02, 5.84281189e+02, 9.19790268e-02,
       2.00343918e+02, 5.98021912e+02, 1.34894609e-01, 1.84653458e+02,
       5.74509216e+02, 5.21623604e-02, 0., 0., 0., 2.08149567e+02,
       6.01930420e+02, 9.20574814e-02 ]
