%YAML:1.0
---
pose_0: !!opencv-matrix
   rows: 1
   cols: 25
   dt: "3f"
   data: [ 9.29115601e+02, 1.33815689e+02, 7.60715961e-01,
       8.09663391e+02, 1.47482361e+02, 6.66041315e-01, 8.03733154e+02,
       6.51465378e+01, 6.72510862e-01, 6.82253174e+02, 2.40113029e+01,
       7.37387300e-01, 6.27423828e+02, 3.96655006e+01, 7.75745332e-01,
       8.21431030e+02, 2.33638718e+02, 6.51764691e-01, 7.01909302e+02,
       2.96306213e+02, 7.16141701e-01, 5.82361816e+02, 3.27702850e+02,
       7.60054171e-01, 5.68633057e+02, 2.06198456e+02, 1.25786483e-01,
       5.37304810e+02, 1.49401901e+02, 1.03738487e-01, 0., 0., 0., 0.,
       0., 0., 5.88251343e+02, 2.43423019e+02, 1.39230356e-01, 0., 0.,
       0., 0., 0., 0., 9.35005005e+02, 1.14166107e+02, 7.14586496e-01,
       9.36933044e+02, 1.53278214e+02, 7.68473864e-01, 9.03669128e+02,
       8.46732178e+01, 2.45724261e-01, 9.15382446e+02, 1.78747818e+02,
       2.96352476e-01, 0., 0., 0., 0., 0., 0., 0., 0., 0., 0., 0., 0.,
       0., 0., 0., 0., 0., 0. ]
