%YAML:1.0
---
pose_0: !!opencv-matrix
   rows: 1
   cols: 25
   dt: "3f"
   data: [ 9.44817017e+02, 2.61118958e+02, 7.94692814e-01,
       8.25310303e+02, 2.59077759e+02, 6.76652372e-01, 8.31178772e+02,
       1.72927338e+02, 6.57465518e-01, 6.92052612e+02, 1.31780746e+02,
       6.55872464e-01, 5.54982178e+02, 1.43516510e+02, 7.58877575e-01,
       8.15498108e+02, 3.43354004e+02, 5.76661468e-01, 6.84244690e+02,
       3.86480164e+02, 7.37272978e-01, 5.70586670e+02, 4.49164886e+02,
       7.82361805e-01, 5.68652466e+02, 2.59104858e+02, 1.87069386e-01,
       5.56883423e+02, 2.08167648e+02, 2.92827964e-01, 3.53132355e+02,
       2.12126541e+02, 2.06280366e-01, 3.35507050e+02, 2.08159531e+02,
       1.24792770e-01, 5.43187866e+02, 3.35484772e+02, 1.92435265e-01,
       3.53157379e+02, 3.70754578e+02, 2.39027768e-01, 0., 0., 0.,
       9.54558472e+02, 2.39459290e+02, 8.27921808e-01, 9.62369568e+02,
       2.74868561e+02, 8.16679299e-01, 9.23280701e+02, 2.10034714e+02,
       6.10690117e-01, 9.36947632e+02, 2.88495605e+02, 9.15407687e-02,
       0., 0., 0., 0., 0., 0., 0., 0., 0., 0., 0., 0., 0., 0., 0., 0.,
       0., 0. ]
