%YAML:1.0
---
pose_0: !!opencv-matrix
   rows: 1
   cols: 25
   dt: "3f"
   data: [ 8.86028625e+02, 2.94384094e+02, 8.33580673e-01,
       7.80254028e+02, 3.21886902e+02, 6.83017612e-01, 7.58741272e+02,
       2.64975372e+02, 6.84584618e-01, 6.58744934e+02, 2.59163818e+02,
       3.70887399e-01, 5.86289795e+02, 2.41444824e+02, 2.46059760e-01,
       8.03688049e+02, 3.84552704e+02, 5.84129274e-01, 9.01749146e+02,
       4.64894287e+02, 7.85771787e-01, 1.05846997e+03, 4.80533173e+02,
       5.34270585e-01, 5.51003296e+02, 3.49215485e+02, 2.85475880e-01,
       5.49060730e+02, 3.04110199e+02, 4.30638373e-01, 3.68799103e+02,
       3.04181244e+02, 1.21542454e-01, 0., 0., 0., 5.49041626e+02,
       3.98241333e+02, 2.96149701e-01, 3.62961548e+02, 4.92216095e+02,
       2.49081343e-01, 3.33570953e+02, 5.21644043e+02, 1.55963153e-01,
       8.95775452e+02, 2.80625031e+02, 7.82345891e-01, 8.99650391e+02,
       3.08099609e+02, 8.38978350e-01, 8.66417358e+02, 2.66941742e+02,
       2.33695507e-01, 8.84100830e+02, 3.37521271e+02, 5.87112129e-01,
       0., 0., 0., 0., 0., 0., 3.23755859e+02, 5.21620972e+02,
       1.04792580e-01, 0., 0., 0., 0., 0., 0., 0., 0., 0. ]
