%YAML:1.0
---
pose_0: !!opencv-matrix
   rows: 1
   cols: 25
   dt: "3f"
   data: [ 9.13419250e+02, 2.57080322e+02, 7.34983087e-01,
       8.15472168e+02, 2.66943298e+02, 5.55469871e-01, 8.11560181e+02,
       1.78837326e+02, 6.46755576e-01, 6.70492493e+02, 1.25906631e+02,
       5.36328793e-01, 7.05810730e+02, 1.96341507e+02, 7.42331028e-01,
       8.17428345e+02, 3.55107178e+02, 5.97962439e-01, 6.82242065e+02,
       4.29539337e+02, 8.03681910e-01, 7.45034119e+02, 3.45304535e+02,
       8.04451764e-01, 5.82362000e+02, 2.74796112e+02, 1.89156786e-01,
       5.66692566e+02, 2.31660538e+02, 2.29265094e-01, 3.62944855e+02,
       2.43470596e+02, 2.02021688e-01, 0., 0., 0., 5.88252014e+02,
       3.31573944e+02, 1.85840860e-01, 0., 0., 0., 0., 0., 0.,
       9.17424072e+02, 2.31713333e+02, 7.88028657e-01, 9.27188171e+02,
       2.72814667e+02, 8.21873665e-01, 8.99691040e+02, 2.10104965e+02,
       5.74949920e-01, 9.15353333e+02, 2.90566467e+02, 2.69140184e-01,
       0., 0., 0., 0., 0., 0., 0., 0., 0., 0., 0., 0., 0., 0., 0., 0.,
       0., 0. ]
