%YAML:1.0
---
pose_0: !!opencv-matrix
   rows: 1
   cols: 25
   dt: "3f"
   data: [ 8.76229004e+02, 3.86479279e+02, 7.61307061e-01,
       7.76247131e+02, 3.94271271e+02, 7.06521630e-01, 7.60626404e+02,
       3.21839661e+02, 7.20569551e-01, 6.52937805e+02, 2.63023315e+02,
       7.60638773e-01, 7.27395752e+02, 2.61077789e+02, 8.47582281e-01,
       7.84163147e+02, 4.60935760e+02, 6.09302759e-01, 6.66619934e+02,
       5.43182678e+02, 8.32180738e-01, 7.74309753e+02, 5.13843262e+02,
       7.84112036e-01, 5.03972534e+02, 4.62815277e+02, 3.66436183e-01,
       5.00086975e+02, 4.13864410e+02, 4.37872171e-01, 3.37424103e+02,
       3.86423035e+02, 5.88370025e-01, 0., 0., 0., 5.13787048e+02,
       5.05945709e+02, 4.19942439e-01, 3.80549438e+02, 5.11875641e+02,
       5.74812472e-01, 4.33487274e+02, 6.52897827e+02, 1.18219443e-01,
       8.85998779e+02, 3.68843506e+02, 9.02981758e-01, 8.91880493e+02,
       4.04092590e+02, 7.45207012e-01, 8.62494629e+02, 3.49166656e+02,
       6.42853737e-01, 8.82101685e+02, 4.23681976e+02, 2.06415311e-01,
       0., 0., 0., 0., 0., 0., 0., 0., 0., 0., 0., 0., 0., 0., 0., 0.,
       0., 0. ]
