%YAML:1.0
---
pose_0: !!opencv-matrix
   rows: 1
   cols: 25
   dt: "3f"
   data: [ 9.31087891e+02, 2.37568069e+02, 7.15568960e-01,
       8.44898682e+02, 3.06100128e+02, 4.36498344e-01, 8.35086670e+02,
       2.74797241e+02, 1.75574854e-01, 6.21558411e+02, 2.74798065e+02,
       1.66158050e-01, 5.68580688e+02, 2.12107361e+02, 4.33510423e-01,
       8.52676941e+02, 3.37530121e+02, 3.97918493e-01, 7.13625549e+02,
       3.53175110e+02, 7.12412417e-01, 5.58882324e+02, 2.82600830e+02,
       6.76104784e-01, 5.49048889e+02, 3.66852295e+02, 1.36900857e-01,
       5.41255127e+02, 3.37484436e+02, 1.33291289e-01, 2.98290680e+02,
       2.86526978e+02, 2.56322056e-01, 1.53306961e+02, 3.66844513e+02,
       8.97362232e-02, 5.43179565e+02, 3.76651245e+02, 1.25438035e-01,
       3.04201782e+02, 2.74744232e+02, 3.66425902e-01, 1.08244492e+02,
       3.98217346e+02, 2.40765870e-01, 9.44747131e+02, 2.35595047e+02,
       4.10403073e-01, 9.48662842e+02, 2.57091309e+02, 8.71662378e-01,
       0., 0., 0., 9.23219360e+02, 3.08059692e+02, 7.73818374e-01, 0.,
       0., 0., 0., 0., 0., 8.66473999e+01, 4.00176025e+02,
       1.63951546e-01, 0., 0., 0., 0., 0., 0., 0., 0., 0. ]
