%YAML:1.0
---
pose_0: !!opencv-matrix
   rows: 1
   cols: 25
   dt: "3f"
   data: [ 9.68337280e+02, 2.76726715e+02, 7.70173192e-01,
       8.37109863e+02, 2.86547577e+02, 6.08651459e-01, 8.31192200e+02,
       2.00363632e+02, 6.30068779e-01, 7.15602539e+02, 1.33765930e+02,
       7.78166652e-01, 6.88189087e+02, 1.68972214e+02, 7.92509794e-01,
       8.39054626e+02, 3.72719086e+02, 5.90761483e-01, 7.27252991e+02,
       4.39347595e+02, 7.44167626e-01, 6.03884521e+02, 4.92140472e+02,
       8.01307201e-01, 6.07830505e+02, 3.06140167e+02, 1.20530844e-01,
       5.98038635e+02, 2.61062408e+02, 1.84242830e-01, 3.45288605e+02,
       3.88409729e+02, 9.77773368e-02, 0., 0., 0., 6.17653198e+02,
       3.68840424e+02, 9.95303094e-02, 3.68834534e+02, 3.82536621e+02,
       1.16964445e-01, 3.70791962e+02, 3.80544159e+02, 5.83870187e-02,
       9.78094055e+02, 2.57082062e+02, 8.49590838e-01, 9.82009521e+02,
       2.90538330e+02, 7.48844147e-01, 9.44787964e+02, 2.27717651e+02,
       4.69685644e-01, 9.56556091e+02, 3.17893860e+02, 1.42974079e-01,
       0., 0., 0., 0., 0., 0., 0., 0., 0., 0., 0., 0., 0., 0., 0., 0.,
       0., 0. ]
