%YAML:1.0
---
pose_0: !!opencv-matrix
   rows: 1
   cols: 25
   dt: "3f"
   data: [ 9.35039673e+02, 3.64878113e+02, 6.90090001e-01,
       8.52736633e+02, 2.70861389e+02, 2.47324139e-01, 8.68371216e+02,
       2.61067841e+02, 7.11383402e-01, 7.76309570e+02, 3.80607056e+02,
       7.90365636e-01, 8.29203979e+02, 4.45171448e+02, 7.48476148e-01,
       8.37053772e+02, 2.43505585e+02, 1.13860562e-01, 0., 0., 0., 0.,
       0., 0., 5.60812378e+02, 2.68885376e+02, 2.20055655e-01,
       5.54958862e+02, 2.61055664e+02, 1.73523188e-01, 2.90452454e+02,
       3.21836029e+02, 3.64720345e-01, 1.16124840e+02, 3.33512817e+02,
       1.92122474e-01, 0., 0., 0., 0., 0., 0., 0., 0., 0.,
       9.50691956e+02, 3.51227142e+02, 7.69229829e-01, 0., 0., 0.,
       9.52636414e+02, 3.06077423e+02, 8.55507255e-01, 0., 0., 0., 0.,
       0., 0., 0., 0., 0., 0., 0., 0., 1.12180458e+02, 4.04065063e+02,
       1.12965383e-01, 1.12178772e+02, 4.00137299e+02, 1.00530043e-01,
       1.00366570e+02, 3.33515198e+02, 2.17173666e-01 ]
