%YAML:1.0
---
pose_0: !!opencv-matrix
   rows: 1
   cols: 25
   dt: "3f"
   data: [ 8.39071533e+02, 1.20012474e+02, 8.28179657e-01,
       7.54794128e+02, 1.22003464e+02, 6.12767458e-01, 7.56747498e+02,
       6.12101936e+01, 4.57232803e-01, 8.15472473e+02, 5.35182714e+00,
       1.17754847e-01, 8.56675537e+02, 6.70905151e+01, 3.10828298e-01,
       7.50863586e+02, 1.70922104e+02, 4.83020067e-01, 7.41060242e+02,
       2.27852432e+02, 7.77091861e-01, 7.88073669e+02, 1.35727249e+02,
       6.71573639e-01, 5.41239441e+02, 1.12179665e+02, 1.59158319e-01,
       5.29469604e+02, 7.10793686e+01, 1.97056174e-01, 4.55002625e+02,
       8.27760620e+01, 5.31331040e-02, 3.17857635e+02, 1.00353798e+02,
       2.78942883e-01, 5.27499268e+02, 1.65084106e+02, 1.06077679e-01,
       3.53156464e+02, 1.88558899e+02, 8.14586282e-02, 3.15904663e+02,
       1.86640472e+02, 1.63167745e-01, 8.50695862e+02, 1.02389069e+02,
       8.57201457e-01, 8.52685486e+02, 1.33812836e+02, 8.09737921e-01,
       8.31172607e+02, 8.28165359e+01, 5.18624306e-01, 8.37043579e+02,
       1.49515305e+02, 1.84904099e-01, 0., 0., 0., 0., 0., 0.,
       3.15898102e+02, 1.92493698e+02, 7.32451826e-02, 0., 0., 0., 0.,
       0., 0., 0., 0., 0. ]
