%YAML:1.0
---
pose_0: !!opencv-matrix
   rows: 1
   cols: 25
   dt: "3f"
   data: [ 8.86102478e+02, 3.23805115e+02, 7.98140705e-01,
       7.95936890e+02, 3.10038055e+02, 6.58856571e-01, 8.01806824e+02,
       2.39482925e+02, 5.79341054e-01, 8.42892578e+02, 1.57243622e+02,
       7.62233496e-01, 9.31160034e+02, 2.55192749e+02, 7.72754967e-01,
       8.01747437e+02, 3.82559540e+02, 6.16968751e-01, 8.09688782e+02,
       4.94241516e+02, 8.42764318e-01, 9.01635315e+02, 4.13879974e+02,
       8.52145076e-01, 5.74537170e+02, 3.15916260e+02, 2.52364486e-01,
       5.76471436e+02, 2.72767242e+02, 3.51128340e-01, 4.21715851e+02,
       2.66952637e+02, 1.98052540e-01, 3.59045044e+02, 2.72864960e+02,
       2.09531963e-01, 5.76467102e+02, 3.66826538e+02, 3.27226967e-01,
       3.53122223e+02, 3.68870605e+02, 3.33836496e-01, 1.61150482e+02,
       3.55150574e+02, 4.43877876e-01, 9.01719299e+02, 3.04121185e+02,
       8.44304442e-01, 9.05587952e+02, 3.37409973e+02, 7.87734866e-01,
       8.87995361e+02, 2.72823914e+02, 4.70406353e-01, 0., 0., 0.,
       9.84836655e+01, 3.86442291e+02, 2.28382185e-01, 1.02425957e+02,
       3.86457489e+02, 2.49773979e-01, 1.37622055e+02, 3.41388580e+02,
       1.93113416e-01, 3.39423096e+02, 2.80658722e+02, 7.55145699e-02,
       0., 0., 0., 3.53117340e+02, 2.78675690e+02, 1.12376235e-01 ]
