%YAML:1.0
---
pose_0: !!opencv-matrix
   rows: 1
   cols: 25
   dt: "3f"
   data: [ 9.01778625e+02, 2.23793671e+02, 8.27345312e-01,
       7.92003418e+02, 2.43457642e+02, 7.55998015e-01, 7.76402893e+02,
       1.65077164e+02, 7.39157796e-01, 6.56796448e+02, 1.45509232e+02,
       7.80546367e-01, 5.76522949e+02, 1.67091980e+02, 7.74126530e-01,
       8.07589478e+02, 3.23753662e+02, 7.27838159e-01, 6.94014099e+02,
       3.82614655e+02, 7.53768921e-01, 5.86301880e+02, 3.80569061e+02,
       8.56236160e-01, 5.52947449e+02, 2.76747498e+02, 3.04821521e-01,
       5.56899414e+02, 2.33659851e+02, 3.13439369e-01, 3.72733246e+02,
       2.31710297e+02, 1.53123245e-01, 0., 0., 0., 5.54926514e+02,
       3.19821838e+02, 2.64605850e-01, 3.76641083e+02, 2.41448746e+02,
       9.02926624e-02, 0., 0., 0., 9.13391418e+02, 2.00341629e+02,
       8.41077387e-01, 9.17370911e+02, 2.37539307e+02, 8.38607728e-01,
       8.84004822e+02, 1.82757324e+02, 6.88323319e-01, 9.03689514e+02,
       2.59173584e+02, 3.35677952e-01, 0., 0., 0., 0., 0., 0., 0., 0.,
       0., 0., 0., 0., 0., 0., 0., 0., 0., 0. ]
