%YAML:1.0
---
pose_0: !!opencv-matrix
   rows: 1
   cols: 25
   dt: "3f"
   data: [ 8.74242615e+02, 4.58969940e+02, 8.29766154e-01,
       7.91921265e+02, 4.27571655e+02, 6.89191997e-01, 7.99829590e+02,
       3.57086792e+02, 5.32008171e-01, 8.78189331e+02, 2.86565369e+02,
       6.92565441e-01, 9.19377686e+02, 3.55115479e+02, 6.28379166e-01,
       7.92057312e+02, 4.86368195e+02, 5.69471717e-01, 8.15473389e+02,
       5.54942383e+02, 6.80250049e-01, 8.70399658e+02, 6.17703552e+02,
       6.63410068e-01, 5.39250854e+02, 5.05946014e+02, 5.61750121e-02,
       0., 0., 0., 0., 0., 0., 0., 0., 0., 5.66684814e+02,
       5.27518494e+02, 5.77131696e-02, 0., 0., 0., 0., 0., 0.,
       8.84059509e+02, 4.35458710e+02, 8.49366724e-01, 8.88005737e+02,
       4.58905853e+02, 6.04073644e-01, 8.54748169e+02, 3.96186218e+02,
       8.34194243e-01, 0., 0., 0., 0., 0., 0., 0., 0., 0., 0., 0., 0.,
       0., 0., 0., 0., 0., 0., 0., 0., 0. ]
