%YAML:1.0
---
pose_0: !!opencv-matrix
   rows: 1
   cols: 25
   dt: "3f"
   data: [ 9.11443176e+02, 4.39344116e+02, 7.52999187e-01,
       8.25332397e+02, 4.80477325e+02, 4.88130540e-01, 8.05707153e+02,
       4.49119568e+02, 3.38833302e-01, 7.76388855e+02, 4.08008484e+02,
       7.08447322e-02, 0., 0., 0., 8.42942444e+02, 5.21644531e+02,
       6.44941926e-01, 7.74293213e+02, 3.88420837e+02, 7.41277218e-01,
       7.27258850e+02, 2.74832611e+02, 8.23567033e-01, 5.96070129e+02,
       5.07913696e+02, 7.58970976e-02, 5.98030701e+02, 4.80470856e+02,
       1.09609142e-01, 3.84479980e+02, 4.11896667e+02, 2.43530884e-01,
       2.57162964e+02, 4.45205597e+02, 7.65802711e-02, 0., 0., 0., 0.,
       0., 0., 0., 0., 0., 9.15462097e+02, 4.23672913e+02,
       8.74367893e-01, 9.25191101e+02, 4.53051819e+02, 8.06367218e-01,
       8.95807678e+02, 4.15761108e+02, 3.40632945e-01, 9.09568176e+02,
       4.80470642e+02, 6.83727980e-01, 0., 0., 0., 0., 0., 0., 0., 0.,
       0., 2.12102386e+02, 4.37381165e+02, 5.27846292e-02, 0., 0., 0.,
       0., 0., 0. ]
