%YAML:1.0
---
pose_0: !!opencv-matrix
   rows: 1
   cols: 25
   dt: "3f"
   data: [ 9.29162231e+02, 3.66871735e+02, 8.11210275e-01,
       8.58624695e+02, 2.84593445e+02, 4.42696512e-01, 8.70388977e+02,
       2.59078461e+02, 7.33570039e-01, 7.82179626e+02, 2.76798248e+02,
       7.62262404e-01, 7.64566895e+02, 4.04067963e+02, 7.43969381e-01,
       8.50760498e+02, 3.10043213e+02, 2.04952896e-01, 0., 0., 0., 0.,
       0., 0., 6.13722351e+02, 2.57151917e+02, 3.11052889e-01,
       6.03914551e+02, 2.72793243e+02, 2.65099227e-01, 5.86204163e+02,
       3.66773804e+02, 3.54136556e-01, 0., 0., 0., 6.23485779e+02,
       2.39502380e+02, 2.15368047e-01, 5.09891174e+02, 2.41478317e+02,
       1.20240875e-01, 0., 0., 0., 9.46782532e+02, 3.51155121e+02,
       8.13737154e-01, 9.48673157e+02, 3.68908661e+02, 1.53666258e-01,
       9.35069092e+02, 3.00256073e+02, 8.19170475e-01, 0., 0., 0., 0.,
       0., 0., 0., 0., 0., 0., 0., 0., 0., 0., 0., 0., 0., 0., 0., 0.,
       0. ]
