%YAML:1.0
---
pose_0: !!opencv-matrix
   rows: 1
   cols: 25
   dt: "3f"
   data: [ 9.17450989e+02, 4.23641144e+02, 8.36575329e-01,
       8.17423645e+02, 4.47240570e+02, 7.27377057e-01, 7.91981384e+02,
       3.84540894e+02, 7.02627838e-01, 6.84217712e+02, 3.64863403e+02,
       5.41317523e-01, 5.84306702e+02, 3.41361420e+02, 4.12491858e-01,
       8.38980469e+02, 5.11818024e+02, 6.97081983e-01, 7.46926270e+02,
       5.56827759e+02, 8.55482996e-01, 6.72515625e+02, 4.47244263e+02,
       6.69780672e-01, 6.05881775e+02, 4.86362366e+02, 1.72324210e-01,
       6.09784058e+02, 4.47183228e+02, 1.56066909e-01, 5.47108643e+02,
       3.98174805e+02, 7.63414204e-02, 0., 0., 0., 6.05868713e+02,
       5.23572449e+02, 1.61743924e-01, 4.49135437e+02, 4.37380219e+02,
       6.49339929e-02, 0., 0., 0., 9.17461731e+02, 4.04132050e+02,
       8.65128279e-01, 9.31124695e+02, 4.35443420e+02, 8.36678982e-01,
       8.88048889e+02, 3.98112762e+02, 6.11566544e-01, 9.17338623e+02,
       4.64796875e+02, 6.39408350e-01, 0., 0., 0., 0., 0., 0., 0., 0.,
       0., 0., 0., 0., 0., 0., 0., 0., 0., 0. ]
