%YAML:1.0
---
pose_0: !!opencv-matrix
   rows: 1
   cols: 25
   dt: "3f"
   data: [ 8.86042969e+02, 2.33626282e+02, 7.47236252e-01,
       8.21341187e+02, 3.04116089e+02, 4.85142529e-01, 0., 0., 0., 0.,
       0., 0., 0., 0., 0., 8.37093323e+02, 3.19829834e+02,
       5.14650047e-01, 7.11581177e+02, 2.63030579e+02, 6.70330048e-01,
       5.64745422e+02, 2.25811813e+02, 7.50475287e-01, 5.62759216e+02,
       3.59001953e+02, 1.46308318e-01, 5.39259033e+02, 3.23731354e+02,
       2.01341838e-01, 2.88500000e+02, 2.70854126e+02, 3.71800631e-01,
       8.27840500e+01, 4.19735840e+02, 1.84525192e-01, 5.80388733e+02,
       4.08005310e+02, 1.44198358e-01, 0., 0., 0., 0., 0., 0.,
       9.01633606e+02, 2.27744308e+02, 6.93895221e-01, 9.13460205e+02,
       2.53240143e+02, 8.29982340e-01, 0., 0., 0., 9.01689392e+02,
       3.06064758e+02, 8.88350129e-01, 0., 0., 0., 0., 0., 0., 0., 0.,
       0., 3.57400818e+01, 4.56965698e+02, 6.77338466e-02, 0., 0., 0.,
       0., 0., 0. ]
