%YAML:1.0
---
pose_0: !!opencv-matrix
   rows: 1
   cols: 25
   dt: "3f"
   data: [ 9.46691162e+02, 4.13799622e+02, 8.45866442e-01,
       8.37106628e+02, 4.31460480e+02, 7.05525756e-01, 8.29186890e+02,
       3.53180695e+02, 6.54770195e-01, 7.62595093e+02, 2.53218079e+02,
       6.47518814e-01, 7.35183105e+02, 1.37615417e+02, 5.82702935e-01,
       8.46828613e+02, 5.11879059e+02, 6.11042440e-01, 7.44937378e+02,
       5.68668213e+02, 7.22910702e-01, 6.03961670e+02, 5.64750732e+02,
       7.37631917e-01, 5.74534363e+02, 4.27594208e+02, 1.82237297e-01,
       5.72552490e+02, 3.82487091e+02, 2.48484164e-01, 4.06019104e+02,
       3.66854187e+02, 1.61591470e-01, 0., 0., 0., 5.80392639e+02,
       4.80470337e+02, 1.60862043e-01, 0., 0., 0., 0., 0., 0.,
       9.48787598e+02, 3.88435913e+02, 8.77303362e-01, 9.60459656e+02,
       4.27552246e+02, 8.26809406e-01, 9.19334595e+02, 3.70746460e+02,
       6.96848214e-01, 9.38931213e+02, 4.47106232e+02, 3.41153473e-01,
       0., 0., 0., 0., 0., 0., 0., 0., 0., 0., 0., 0., 0., 0., 0., 0.,
       0., 0. ]
