%YAML:1.0
---
pose_0: !!opencv-matrix
   rows: 1
   cols: 25
   dt: "3f"
   data: [ 8.86068726e+02, 2.19908630e+02, 7.97888517e-01,
       7.90020752e+02, 2.35617432e+02, 7.08774984e-01, 7.76400940e+02,
       1.65045242e+02, 7.30746388e-01, 6.80309448e+02, 1.35694458e+02,
       4.67453331e-01, 6.35313843e+02, 1.35702576e+02, 6.15436614e-01,
       7.97838440e+02, 3.10079498e+02, 6.61166787e-01, 6.72464172e+02,
       3.53226013e+02, 7.91452587e-01, 6.21598145e+02, 3.08059265e+02,
       8.18047583e-01, 5.25515259e+02, 2.51277817e+02, 3.22876096e-01,
       5.23570679e+02, 2.12069672e+02, 3.15978467e-01, 4.00157745e+02,
       1.94405258e+02, 8.01736861e-02, 3.41403412e+02, 1.84697739e+02,
       1.83574244e-01, 5.23568481e+02, 2.90436768e+02, 3.10842246e-01,
       3.39417419e+02, 3.08140808e+02, 4.45188373e-01, 1.78816086e+02,
       3.39462463e+02, 4.89744186e-01, 8.97774841e+02, 2.00338181e+02,
       8.18440616e-01, 8.99724304e+02, 2.33670670e+02, 7.79659212e-01,
       8.72342957e+02, 1.82704742e+02, 5.44574142e-01, 8.84045593e+02,
       2.57223694e+02, 5.93797922e-01, 1.21945023e+02, 3.80554810e+02,
       3.66422594e-01, 1.31723801e+02, 3.80575043e+02, 4.25383806e-01,
       1.61140213e+02, 3.31561920e+02, 2.62031287e-01, 3.17846161e+02,
       1.92446060e+02, 9.40760672e-02, 0., 0., 0., 0., 0., 0. ]
