%YAML:1.0
---
pose_0: !!opencv-matrix
   rows: 1
   cols: 25
   dt: "3f"
   data: [ 8.54715332e+02, 1.53323257e+02, 7.81302869e-01,
       7.60696655e+02, 1.37626160e+02, 4.05631304e-01, 7.68481628e+02,
       7.30021973e+01, 4.03527766e-01, 7.41077454e+02, 3.18109169e+01,
       7.16059506e-01, 7.93936523e+02, 1.33749344e+02, 6.88045144e-01,
       7.58645081e+02, 2.19940445e+02, 4.87294644e-01, 6.98019287e+02,
       2.86493164e+02, 4.70689446e-01, 7.11624451e+02, 1.61156281e+02,
       6.45564318e-01, 5.80404663e+02, 1.74866013e+02, 5.78441471e-02,
       5.35342163e+02, 1.55274445e+02, 5.86745255e-02, 3.15905701e+02,
       2.10040329e+02, 8.46278667e-02, 1.61105621e+02, 1.98420715e+02,
       3.87827784e-01, 0., 0., 0., 0., 0., 0., 0., 0., 0.,
       8.68349854e+02, 1.33734940e+02, 8.14270079e-01, 8.70417969e+02,
       1.61179016e+02, 7.93496549e-01, 8.40978149e+02, 9.45599442e+01,
       7.75688469e-01, 0., 0., 0., 0., 0., 0., 0., 0., 0., 0., 0., 0.,
       1.16063622e+02, 2.43409012e+02, 2.68503308e-01, 1.14150833e+02,
       2.35618164e+02, 2.29045197e-01, 1.41535339e+02, 1.88562820e+02,
       2.56028056e-01 ]
