%YAML:1.0
---
pose_0: !!opencv-matrix
   rows: 1
   cols: 25
   dt: "3f"
   data: [ 9.17399597e+02, 4.29511292e+02, 8.33188653e-01,
       8.17477661e+02, 4.60815918e+02, 6.68235004e-01, 7.95920227e+02,
       3.86438751e+02, 6.50586367e-01, 6.72488159e+02, 3.66805603e+02,
       4.62634981e-01, 5.52953064e+02, 3.43374725e+02, 3.53677630e-01,
       8.36996033e+02, 5.33410461e+02, 6.64070606e-01, 7.27304016e+02,
       5.62773071e+02, 7.04259217e-01, 6.33225952e+02, 4.74536163e+02,
       6.84772789e-01, 5.70612488e+02, 4.80474609e+02, 1.07787803e-01,
       5.49058350e+02, 4.31483887e+02, 1.64540008e-01, 0., 0., 0., 0.,
       0., 0., 6.01966125e+02, 5.35344543e+02, 1.01909593e-01, 0., 0.,
       0., 0., 0., 0., 9.29152588e+02, 4.11906189e+02, 8.66814911e-01,
       9.35007813e+02, 4.45230316e+02, 8.63075137e-01, 9.09525146e+02,
       3.98262756e+02, 2.41162241e-01, 9.19388184e+02, 4.76586395e+02,
       6.14924073e-01, 0., 0., 0., 0., 0., 0., 0., 0., 0., 0., 0., 0.,
       0., 0., 0., 0., 0., 0. ]
