%YAML:1.0
---
pose_0: !!opencv-matrix
   rows: 1
   cols: 25
   dt: "3f"
   data: [ 9.48655518e+02, 2.80674896e+02, 7.15523005e-01,
       8.36972046e+02, 3.08104126e+02, 6.65410936e-01, 8.19390381e+02,
       2.27804245e+02, 6.68871224e-01, 6.99922729e+02, 1.80676819e+02,
       7.49710798e-01, 6.33206909e+02, 1.47354797e+02, 8.67528915e-01,
       8.48791565e+02, 3.88390106e+02, 6.11607254e-01, 7.44957458e+02,
       4.76639496e+02, 7.95749545e-01, 6.41158508e+02, 5.92174377e+02,
       7.08001256e-01, 5.21628113e+02, 3.62924774e+02, 2.04543293e-01,
       5.21616272e+02, 3.19851440e+02, 3.08820546e-01, 3.23782593e+02,
       3.35531281e+02, 3.50850075e-01, 0., 0., 0., 5.23604675e+02,
       4.13882080e+02, 2.21823409e-01, 3.57058014e+02, 4.68754822e+02,
       3.58418912e-01, 2.06172577e+02, 5.09910767e+02, 5.52934527e-01,
       9.60396973e+02, 2.59168365e+02, 8.34396780e-01, 9.64411499e+02,
       3.02154114e+02, 8.20785582e-01, 9.31058838e+02, 2.35583755e+02,
       4.74745333e-01, 9.54586182e+02, 3.21743164e+02, 1.57481715e-01,
       1.31730057e+02, 5.35354797e+02, 3.11918020e-01, 1.45440125e+02,
       5.41206787e+02, 3.17829400e-01, 1.90532043e+02, 5.05948273e+02,
       2.90906161e-01, 0., 0., 0., 0., 0., 0., 0., 0., 0. ]
