%YAML:1.0
---
pose_0: !!opencv-matrix
   rows: 1
   cols: 25
   dt: "3f"
   data: [ 9.15307678e+02, 2.59117828e+02, 8.50570619e-01,
       8.03687622e+02, 2.74809906e+02, 6.50837183e-01, 7.90077026e+02,
       1.98370972e+02, 7.24491477e-01, 6.74426025e+02, 1.53306976e+02,
       7.10249901e-01, 5.74539856e+02, 1.47407730e+02, 8.27283025e-01,
       8.07645691e+02, 3.53210022e+02, 6.54527783e-01, 6.95997437e+02,
       3.86469055e+02, 8.06649804e-01, 6.33295837e+02, 3.21799103e+02,
       8.07256758e-01, 6.13705017e+02, 2.86491669e+02, 5.19304611e-02,
       5.84310852e+02, 2.55149521e+02, 8.94375369e-02, 0., 0., 0., 0.,
       0., 0., 0., 0., 0., 0., 0., 0., 0., 0., 0., 9.17463013e+02,
       2.41431900e+02, 8.74993801e-01, 9.27171387e+02, 2.74859680e+02,
       8.27111185e-01, 8.91933411e+02, 2.19926483e+02, 5.11557579e-01,
       9.05618774e+02, 3.04168762e+02, 3.65583122e-01, 0., 0., 0., 0.,
       0., 0., 0., 0., 0., 0., 0., 0., 0., 0., 0., 0., 0., 0. ]
