%YAML:1.0
---
pose_0: !!opencv-matrix
   rows: 1
   cols: 25
   dt: "3f"
   data: [ 9.44798767e+02, 3.04096161e+02, 6.15149081e-01,
       8.36987427e+02, 2.74764893e+02, 4.80039358e-01, 8.33121460e+02,
       2.49305267e+02, 3.53942126e-01, 8.29207153e+02, 3.86436218e+02,
       7.02741623e-01, 9.01747070e+02, 4.09911591e+02, 7.21701980e-01,
       8.37015015e+02, 3.04138733e+02, 3.10660303e-01, 8.29218079e+02,
       3.88446716e+02, 2.79729873e-01, 8.99772766e+02, 4.07968475e+02,
       2.17667550e-01, 6.21552124e+02, 2.94372284e+02, 8.28801990e-02,
       0., 0., 0., 0., 0., 0., 0., 0., 0., 0., 0., 0., 0., 0., 0., 0.,
       0., 0., 9.56539612e+02, 2.90432220e+02, 6.24716341e-01,
       9.60479187e+02, 3.06203949e+02, 4.00273740e-01, 9.48751343e+02,
       2.49344147e+02, 6.59185290e-01, 0., 0., 0., 0., 0., 0., 0., 0.,
       0., 0., 0., 0., 0., 0., 0., 0., 0., 0., 0., 0., 0. ]
