%YAML:1.0
---
pose_0: !!opencv-matrix
   rows: 1
   cols: 25
   dt: "3f"
   data: [ 9.81991760e+02, 2.68912231e+02, 6.85617328e-01,
       8.66411194e+02, 2.92425262e+02, 6.11055970e-01, 8.33149109e+02,
       2.04277725e+02, 5.50654948e-01, 7.35175110e+02, 1.96440796e+02,
       1.70466095e-01, 6.99901489e+02, 1.96392166e+02, 4.36526895e-01,
       8.82076111e+02, 3.72738495e+02, 5.50871670e-01, 7.42985474e+02,
       4.76476166e+02, 7.35700548e-01, 7.68505981e+02, 3.80558990e+02,
       7.07279801e-01, 5.60809814e+02, 3.21792389e+02, 7.75621310e-02,
       5.54928223e+02, 2.63030151e+02, 1.21312648e-01, 3.13935730e+02,
       2.88435913e+02, 1.93906352e-01, 2.79249458e+01, 3.06162384e+02,
       5.45893647e-02, 5.76480652e+02, 3.82524506e+02, 7.86024481e-02,
       3.51194305e+02, 3.76665131e+02, 7.03126788e-02, 3.18431358e+01,
       3.06102325e+02, 8.08592811e-02, 9.93752319e+02, 2.43470398e+02,
       8.31923485e-01, 9.97714478e+02, 2.88510284e+02, 7.57593036e-01,
       9.60476868e+02, 2.16007019e+02, 2.66511500e-01, 9.78105469e+02,
       3.17828583e+02, 8.07549655e-02, 0., 0., 0., 0., 0., 0., 0., 0.,
       0., 0., 0., 0., 0., 0., 0., 0., 0., 0. ]
