%YAML:1.0
---
pose_0: !!opencv-matrix
   rows: 1
   cols: 25
   dt: "3f"
   data: [ 1.05256885e+03, 3.37460205e+02, 1.91212893e-01,
       8.97750061e+02, 3.06070313e+02, 5.49025476e-01, 9.01754150e+02,
       3.64856293e+02, 4.08918262e-01, 9.11462097e+02, 4.62928131e+02,
       5.60956240e-01, 9.97754333e+02, 3.72738739e+02, 4.90025342e-01,
       8.84017395e+02, 2.39532440e+02, 1.91803873e-01, 8.84093262e+02,
       1.63078751e+02, 1.50353611e-01, 9.44796387e+02, 2.49324768e+02,
       1.29444689e-01, 0., 0., 0., 0., 0., 0., 0., 0., 0., 0., 0., 0.,
       0., 0., 0., 0., 0., 0., 0., 0., 0., 0., 0., 0., 1.07014673e+03,
       3.23781738e+02, 1.15694933e-01, 9.54594543e+02, 3.21823517e+02,
       8.13706517e-02, 0., 0., 0., 0., 0., 0., 0., 0., 0., 0., 0., 0.,
       0., 0., 0., 0., 0., 0., 0., 0., 0. ]
