%YAML:1.0
---
pose_0: !!opencv-matrix
   rows: 1
   cols: 25
   dt: "3f"
   data: [ 9.03663574e+02, 3.53095581e+02, 8.12334776e-01,
       7.97847229e+02, 3.37470947e+02, 6.88090503e-01, 7.97874512e+02,
       2.59097168e+02, 6.45565629e-01, 6.92085083e+02, 1.78846176e+02,
       7.67874241e-01, 6.50966736e+02, 2.14022049e+02, 8.33534181e-01,
       7.88067871e+02, 4.09958862e+02, 5.72315156e-01, 6.76363525e+02,
       4.78503784e+02, 8.36742520e-01, 7.76290527e+02, 4.78589020e+02,
       7.77690470e-01, 5.27522522e+02, 3.37476868e+02, 3.50043178e-01,
       5.35316345e+02, 2.92393646e+02, 3.63341540e-01, 3.84483917e+02,
       2.92405121e+02, 2.78599024e-01, 1.65104782e+02, 3.04184967e+02,
       3.79065931e-01, 5.25532349e+02, 3.76667694e+02, 3.29379261e-01,
       3.45301422e+02, 4.45277344e+02, 3.76082301e-01, 1.67047592e+02,
       5.11886841e+02, 4.23596591e-01, 9.15471069e+02, 3.25706573e+02,
       8.25262666e-01, 9.19380859e+02, 3.66826965e+02, 8.18307877e-01,
       8.95781982e+02, 3.02140228e+02, 6.02841139e-01, 9.15356323e+02,
       3.84433685e+02, 6.73729330e-02, 1.10188728e+02, 5.68619995e+02,
       1.25138924e-01, 1.14118477e+02, 5.68608826e+02, 1.34404019e-01,
       1.35727127e+02, 5.07942505e+02, 2.37694323e-01, 1.35701050e+02,
       3.04122681e+02, 1.22843742e-01, 1.41537338e+02, 3.00261688e+02,
       1.46161869e-01, 0., 0., 0. ]
