%YAML:1.0
---
pose_0: !!opencv-matrix
   rows: 1
   cols: 25
   dt: "3f"
   data: [ 9.03646362e+02, 4.27531097e+02, 7.68212318e-01,
       7.99789368e+02, 4.15854950e+02, 6.62195146e-01, 8.01738892e+02,
       3.35489624e+02, 6.54132664e-01, 7.50863281e+02, 3.02177704e+02,
       3.95158798e-01, 7.25360291e+02, 2.88488342e+02, 5.62963367e-01,
       7.91993652e+02, 4.94260498e+02, 5.46117723e-01, 6.70529358e+02,
       5.51035889e+02, 7.27820575e-01, 7.74357849e+02, 5.45186462e+02,
       7.20462382e-01, 5.39267090e+02, 4.27589142e+02, 3.60204607e-01,
       5.43171326e+02, 3.84546936e+02, 4.06968385e-01, 3.60999786e+02,
       3.84456085e+02, 2.87467390e-01, 2.92431427e+02, 3.66866608e+02,
       1.11455165e-01, 5.33401062e+02, 4.64845734e+02, 3.84298056e-01,
       3.86501892e+02, 5.07956085e+02, 3.80990654e-01, 0., 0., 0.,
       9.15480408e+02, 4.06003571e+02, 8.52781117e-01, 9.15412537e+02,
       4.41264282e+02, 7.24660933e-01, 8.87959045e+02, 3.82463562e+02,
       6.04818404e-01, 9.01698608e+02, 4.62749512e+02, 1.08424708e-01,
       0., 0., 0., 0., 0., 0., 0., 0., 0., 0., 0., 0., 0., 0., 0.,
       2.88472717e+02, 3.64885742e+02, 7.95719028e-02 ]
