%YAML:1.0
---
pose_0: !!opencv-matrix
   rows: 1
   cols: 25
   dt: "3f"
   data: [ 9.40866333e+02, 2.23876160e+02, 7.71293998e-01,
       8.23293396e+02, 2.23800278e+02, 6.47830963e-01, 8.21298828e+02,
       1.41560440e+02, 6.66422844e-01, 6.97968445e+02, 9.65044937e+01,
       6.98641062e-01, 6.07826050e+02, 1.02469414e+02, 7.90340006e-01,
       8.25278381e+02, 3.12003235e+02, 6.45875931e-01, 7.11627380e+02,
       3.57088318e+02, 7.60770202e-01, 6.09791504e+02, 3.53085693e+02,
       7.84416020e-01, 5.66695435e+02, 2.55200790e+02, 1.33091077e-01,
       5.70586792e+02, 2.06195709e+02, 1.76360965e-01, 4.09958313e+02,
       2.06191925e+02, 1.00523144e-01, 0., 0., 0., 5.72576233e+02,
       3.11988373e+02, 1.13964133e-01, 3.84473846e+02, 3.10020416e+02,
       6.02575205e-02, 0., 0., 0., 9.44781677e+02, 1.96467163e+02,
       8.46593499e-01, 9.50723694e+02, 2.37533569e+02, 7.07164526e-01,
       9.13488220e+02, 1.69012482e+02, 5.15341043e-01, 9.40887451e+02,
       2.59017578e+02, 1.31811514e-01, 0., 0., 0., 0., 0., 0., 0., 0.,
       0., 0., 0., 0., 0., 0., 0., 0., 0., 0. ]
