%YAML:1.0
---
pose_0: !!opencv-matrix
   rows: 1
   cols: 25
   dt: "3f"
   data: [ 8.82090637e+02, 4.33497986e+02, 7.82799602e-01,
       7.80250244e+02, 4.64834320e+02, 6.85281754e-01, 7.58597778e+02,
       4.19796326e+02, 6.64672613e-01, 6.80323364e+02, 4.15782349e+02,
       4.78065819e-01, 6.15643799e+02, 3.35463409e+02, 2.52381295e-01,
       8.07588135e+02, 5.19661377e+02, 6.95510149e-01, 7.19507996e+02,
       4.64809479e+02, 4.57484335e-01, 6.11760193e+02, 3.33563416e+02,
       5.35371184e-01, 5.29454956e+02, 4.84422668e+02, 1.91741258e-01,
       5.35345215e+02, 4.53062836e+02, 1.73638344e-01, 3.80552765e+02,
       4.13859375e+02, 2.00392529e-01, 2.02299896e+02, 4.96171936e+02,
       1.33788109e-01, 5.23553406e+02, 5.11853180e+02, 1.47000849e-01,
       3.78580444e+02, 4.13877716e+02, 3.71635348e-01, 2.02308548e+02,
       4.96192535e+02, 1.93425998e-01, 8.85946594e+02, 4.19788788e+02,
       8.55607450e-01, 8.93862549e+02, 4.49160217e+02, 7.79115975e-01,
       8.60528625e+02, 4.13762787e+02, 5.04790306e-01, 8.82121460e+02,
       4.78475220e+02, 6.90382779e-01, 1.63040543e+02, 4.90245239e+02,
       6.19392358e-02, 1.63091553e+02, 4.94252502e+02, 7.48858228e-02,
       1.88584061e+02, 5.09899109e+02, 1.51922449e-01, 1.55289566e+02,
       4.88303345e+02, 7.63188899e-02, 0., 0., 0., 0., 0., 0. ]
