%YAML:1.0
---
pose_0: !!opencv-matrix
   rows: 2
   cols: 25
   dt: "3f"
   data: [ 8.74255066e+02, 3.37483948e+02, 7.52342403e-01,
       7.70430176e+02, 3.02159882e+02, 4.34395373e-01, 7.91952942e+02,
       2.29749039e+02, 7.09258914e-01, 7.76274414e+02, 2.88418091e+02,
       8.08809519e-01, 8.68333313e+02, 3.61006165e+02, 7.34002233e-01,
       7.60699646e+02, 3.53192902e+02, 4.73573238e-01, 7.13630676e+02,
       4.66795990e+02, 6.22138739e-01, 8.05660034e+02, 4.45277740e+02,
       5.76242805e-01, 5.11850250e+02, 3.02228271e+02, 3.26103628e-01,
       5.13782532e+02, 2.59155884e+02, 3.74613971e-01, 3.49244476e+02,
       2.27771774e+02, 5.90143681e-01, 1.92452103e+02, 1.72911362e+02,
       5.28084040e-01, 5.13797363e+02, 3.45321411e+02, 3.79117638e-01,
       3.43352325e+02, 3.80498260e+02, 4.91908312e-01, 1.59190323e+02,
       3.82559143e+02, 4.81597841e-01, 8.84109985e+02, 3.21769409e+02,
       7.82344222e-01, 8.86114014e+02, 3.49142487e+02, 5.09955108e-01,
       8.68384521e+02, 2.84535065e+02, 7.07681060e-01, 0., 0., 0.,
       1.12145050e+02, 4.31474548e+02, 2.67014682e-01, 1.16097443e+02,
       4.31475647e+02, 2.65629411e-01, 1.33775711e+02, 3.68849152e+02,
       4.39258128e-01, 0., 0., 0., 0., 0., 0., 1.80797653e+02,
       1.65080032e+02, 3.62355113e-01, 0., 0., 0., 0., 0., 0.,
       7.58659241e+02, 3.60960358e+02, 1.32968575e-01, 7.13683411e+02,
       4.72641907e+02, 4.20579314e-01, 8.05760620e+02, 4.45280945e+02,
       4.23901439e-01, 0., 0., 0., 0., 0., 0., 0., 0., 0., 0., 0., 0.,
       0., 0., 0., 0., 0., 0., 0., 0., 0., 0., 0., 0., 0., 0., 0., 0.,
       0., 0., 0., 0., 0., 0., 0., 0., 0., 0., 0., 0., 0., 0., 0., 0.,
       0., 0., 0., 0., 0., 0., 0., 0., 0., 0., 0., 0., 0., 0., 0., 0. ]
