%YAML:1.0
---
pose_0: !!opencv-matrix
   rows: 1
   cols: 25
   dt: "3f"
   data: [ 9.17325806e+02, 2.88535278e+02, 8.38460565e-01,
       8.09599060e+02, 3.15890686e+02, 7.02114284e-01, 7.93920654e+02,
       2.47368759e+02, 6.54045463e-01, 6.50930298e+02, 2.61069824e+02,
       1.70282230e-01, 7.07742371e+02, 3.39417206e+02, 7.48098269e-02,
       8.21368347e+02, 3.78615234e+02, 6.11627519e-01, 7.54728882e+02,
       4.00118134e+02, 7.61727989e-01, 6.84288635e+02, 3.06205627e+02,
       6.39660299e-01, 5.68633911e+02, 3.15921783e+02, 8.64244550e-02,
       5.45151062e+02, 2.74786621e+02, 1.33918151e-01, 3.27688934e+02,
       3.04133087e+02, 1.51675880e-01, 0., 0., 0., 5.90194031e+02,
       3.70792480e+02, 6.20682165e-02, 0., 0., 0., 0., 0., 0.,
       9.25190247e+02, 2.72732910e+02, 8.33782911e-01, 9.31071655e+02,
       3.06049042e+02, 8.61796975e-01, 8.99689026e+02, 2.57070343e+02,
       5.39871216e-01, 9.13487488e+02, 3.35457520e+02, 5.33345282e-01,
       0., 0., 0., 0., 0., 0., 0., 0., 0., 0., 0., 0., 0., 0., 0., 0.,
       0., 0. ]
