%YAML:1.0
---
pose_0: !!opencv-matrix
   rows: 1
   cols: 25
   dt: "3f"
   data: [ 8.54765198e+02, 1.59161530e+02, 7.63160408e-01,
       7.60735107e+02, 1.70942429e+02, 6.93496287e-01, 7.56703857e+02,
       1.04327835e+02, 6.41319573e-01, 6.62712830e+02, 5.53966446e+01,
       7.92116404e-01, 7.15563477e+02, 1.51351685e+02, 8.07080805e-01,
       7.74326111e+02, 2.43437012e+02, 7.22178757e-01, 6.72450073e+02,
       2.74855072e+02, 8.15106809e-01, 7.50851624e+02, 1.94373947e+02,
       7.63952732e-01, 5.96060486e+02, 2.06205139e+02, 1.14719942e-01,
       5.72558411e+02, 1.61156952e+02, 1.03640705e-01, 3.53092377e+02,
       2.37571136e+02, 7.57827014e-02, 0., 0., 0., 6.11737549e+02,
       2.45399841e+02, 1.10280916e-01, 3.55099792e+02, 2.39513840e+02,
       6.81859627e-02, 0., 0., 0., 8.66471436e+02, 1.39618835e+02,
       7.67967165e-01, 8.68431702e+02, 1.68964981e+02, 8.04130554e-01,
       8.48794495e+02, 1.19988281e+02, 5.39498806e-01, 8.56608704e+02,
       1.94348297e+02, 4.47116643e-01, 0., 0., 0., 0., 0., 0., 0., 0.,
       0., 0., 0., 0., 0., 0., 0., 0., 0., 0. ]
