%YAML:1.0
---
pose_0: !!opencv-matrix
   rows: 1
   cols: 25
   dt: "3f"
   data: [ 9.29060303e+02, 4.66807587e+02, 7.99106717e-01,
       8.25256653e+02, 4.76624420e+02, 7.22329319e-01, 8.07674683e+02,
       4.04104706e+02, 6.99791253e-01, 6.86198059e+02, 3.74670929e+02,
       6.79623961e-01, 5.82330078e+02, 3.33493988e+02, 5.65743387e-01,
       8.39085815e+02, 5.54982666e+02, 6.24612570e-01, 7.29307068e+02,
       6.19683228e+02, 7.68042743e-01, 6.02023132e+02, 6.27425842e+02,
       7.88170695e-01, 6.17640930e+02, 5.11852325e+02, 2.71104097e-01,
       6.25481750e+02, 4.60870880e+02, 3.53624940e-01, 5.39290649e+02,
       4.31526520e+02, 2.10928068e-01, 3.86466461e+02, 4.74601166e+02,
       2.46445909e-01, 6.15681824e+02, 5.54971313e+02, 2.92099476e-01,
       4.74586426e+02, 5.60837830e+02, 9.90843475e-02, 0., 0., 0.,
       9.33114685e+02, 4.49145599e+02, 9.20827508e-01, 9.44754761e+02,
       4.82417908e+02, 8.23125243e-01, 9.11463745e+02, 4.31471375e+02,
       6.16320014e-01, 9.27181824e+02, 5.07795074e+02, 4.99423265e-01,
       0., 0., 0., 0., 0., 0., 0., 0., 0., 0., 0., 0., 0., 0., 0., 0.,
       0., 0. ]
