%YAML:1.0
---
pose_0: !!opencv-matrix
   rows: 1
   cols: 25
   dt: "3f"
   data: [ 8.99742004e+02, 3.66841980e+02, 8.41030061e-01,
       8.01749329e+02, 3.35525208e+02, 6.50578976e-01, 8.15500244e+02,
       2.61086945e+02, 6.47421598e-01, 6.95941528e+02, 1.96328445e+02,
       8.14364552e-01, 5.92169434e+02, 2.12182922e+02, 7.88300872e-01,
       7.80248718e+02, 3.98192200e+02, 5.05017042e-01, 6.64594177e+02,
       4.51073425e+02, 5.76341927e-01, 7.54732361e+02, 4.92167542e+02,
       3.20403397e-01, 5.70593506e+02, 3.51183411e+02, 1.65150478e-01,
       5.80406738e+02, 2.92417938e+02, 2.27738082e-01, 3.51167694e+02,
       3.37463867e+02, 3.16001624e-01, 1.78738113e+02, 3.19807861e+02,
       4.06314999e-01, 5.64713135e+02, 4.06023041e+02, 1.95804611e-01,
       3.59039063e+02, 4.62826904e+02, 4.00113702e-01, 1.76844879e+02,
       5.21637817e+02, 4.04620737e-01, 9.13428528e+02, 3.39440125e+02,
       7.83395827e-01, 9.17346130e+02, 3.80586670e+02, 7.91633844e-01,
       8.95846863e+02, 3.13990723e+02, 6.12911820e-01, 0., 0., 0.,
       1.02397148e+02, 5.70565430e+02, 1.39569059e-01, 1.06330109e+02,
       5.72520569e+02, 1.42825559e-01, 1.51359192e+02, 5.13823059e+02,
       1.84505805e-01, 1.35676834e+02, 3.17874664e+02, 1.42281309e-01,
       1.37614746e+02, 3.11976105e+02, 1.52525321e-01, 1.55281906e+02,
       3.10066193e+02, 2.64914781e-01 ]
