%YAML:1.0
---
pose_0: !!opencv-matrix
   rows: 1
   cols: 25
   dt: "3f"
   data: [ 9.64475891e+02, 2.68893402e+02, 8.09898078e-01,
       8.31190491e+02, 2.74808228e+02, 6.21045053e-01, 8.23371765e+02,
       1.96483292e+02, 6.97864532e-01, 7.64572998e+02, 1.65022842e+02,
       3.51113200e-01, 7.09727112e+02, 1.37619003e+02, 7.02244043e-01,
       8.39028564e+02, 3.64924011e+02, 6.15112066e-01, 7.25347473e+02,
       4.51089813e+02, 7.82037437e-01, 8.07686279e+02, 3.37489258e+02,
       5.99219143e-01, 5.66696899e+02, 2.68912628e+02, 1.61299646e-01,
       5.62772400e+02, 2.29723450e+02, 2.67929554e-01, 3.55109375e+02,
       2.51252640e+02, 4.53249604e-01, 1.55259842e+02, 2.64997070e+02,
       1.64957494e-01, 5.45151855e+02, 3.29625793e+02, 1.44344255e-01,
       3.53201660e+02, 3.21781647e+02, 2.95582086e-01, 1.47407562e+02,
       3.15906616e+02, 1.57824591e-01, 9.70246277e+02, 2.43366089e+02,
       8.42705309e-01, 9.78054932e+02, 2.80645020e+02, 7.34917283e-01,
       9.35048584e+02, 2.14075806e+02, 5.07329762e-01, 9.46789978e+02,
       3.04165710e+02, 2.19188690e-01, 9.84262772e+01, 3.21803925e+02,
       7.52272531e-02, 0., 0., 0., 1.35716507e+02, 3.25735962e+02,
       1.53605998e-01, 1.35678452e+02, 2.63045166e+02, 6.79033622e-02,
       0., 0., 0., 0., 0., 0. ]
