%YAML:1.0
---
pose_0: !!opencv-matrix
   rows: 1
   cols: 25
   dt: "3f"
   data: [ 8.44890747e+02, 1.00397820e+02, 7.25226879e-01,
       7.45019897e+02, 1.16077530e+02, 6.98581934e-01, 7.37150513e+02,
       3.96398888e+01, 6.37115180e-01, 6.64581604e+02, 5.34771967e+00,
       1.91062868e-01, 0., 0., 0., 7.54780701e+02, 1.86609512e+02,
       6.45059705e-01, 7.27251770e+02, 2.63059723e+02, 7.28988767e-01,
       8.03714233e+02, 1.86617081e+02, 2.51679808e-01, 5.13809937e+02,
       1.16107071e+02, 3.36319983e-01, 5.17704834e+02, 6.91132889e+01,
       3.98625940e-01, 3.64866272e+02, 7.69324036e+01, 1.74949914e-01,
       3.23783447e+02, 8.47833252e+01, 7.00968429e-02, 5.17712341e+02,
       1.63107605e+02, 3.67530763e-01, 3.35518158e+02, 1.80725693e+02,
       3.57822031e-01, 1.68985535e+02, 1.92459213e+02, 3.08735579e-01,
       8.58565186e+02, 8.86955109e+01, 7.32798517e-01, 8.54660217e+02,
       1.16108147e+02, 7.22212851e-01, 8.44906982e+02, 7.11257477e+01,
       3.26575637e-01, 8.35082642e+02, 1.47509323e+02, 6.45818532e-01,
       1.14092117e+02, 2.08174469e+02, 1.59236148e-01, 0., 0., 0.,
       1.45472672e+02, 1.88572510e+02, 1.23109117e-01, 0., 0., 0., 0.,
       0., 0., 0., 0., 0. ]
