%YAML:1.0
---
pose_0: !!opencv-matrix
   rows: 1
   cols: 25
   dt: "3f"
   data: [ 8.72324585e+02, 3.04120026e+02, 8.12049210e-01,
       8.07600769e+02, 2.84582642e+02, 6.53142214e-01, 8.09605591e+02,
       2.04270370e+02, 6.77700579e-01, 6.68546997e+02, 1.45482910e+02,
       7.12491870e-01, 6.88125671e+02, 2.10145737e+02, 7.68245459e-01,
       8.03730408e+02, 3.78576904e+02, 5.52272499e-01, 6.88171448e+02,
       4.37397247e+02, 2.75731295e-01, 6.74438477e+02, 4.21715790e+02,
       4.65497136e-01, 5.54909424e+02, 2.88474457e+02, 2.26468682e-01,
       5.51028198e+02, 2.47340775e+02, 3.00546199e-01, 3.92324310e+02,
       2.55159378e+02, 6.45208359e-02, 3.27678345e+02, 2.49319183e+02,
       6.57451600e-02, 5.47096130e+02, 3.45314697e+02, 1.61700696e-01,
       3.37526978e+02, 3.41373840e+02, 1.52249783e-01, 1.35686035e+02,
       3.53151825e+02, 9.88492668e-02, 8.93835876e+02, 2.76712524e+02,
       7.87532270e-01, 8.97785034e+02, 3.19822510e+02, 8.11940849e-01,
       8.88047363e+02, 2.43403473e+02, 6.36657894e-01, 0., 0., 0.,
       8.87177811e+01, 3.80549805e+02, 7.96042979e-02, 0., 0., 0., 0.,
       0., 0., 0., 0., 0., 0., 0., 0., 0., 0., 0. ]
