%YAML:1.0
---
pose_0: !!opencv-matrix
   rows: 1
   cols: 25
   dt: "3f"
   data: [ 8.50792114e+02, 1.53337982e+02, 7.89412081e-01,
       7.46975281e+02, 1.37619949e+02, 6.48290694e-01, 7.48911743e+02,
       6.90430069e+01, 5.92115641e-01, 0., 0., 0., 0., 0., 0.,
       7.46985352e+02, 2.14063934e+02, 5.87229669e-01, 6.66585144e+02,
       2.76803680e+02, 7.06000924e-01, 6.80333801e+02, 1.63129150e+02,
       6.47361279e-01, 5.37303650e+02, 1.94443619e+02, 9.51037854e-02,
       5.19655579e+02, 1.41564407e+02, 7.30814040e-02, 3.15931305e+02,
       2.04261826e+02, 1.61916673e-01, 1.65067993e+02, 2.02300858e+02,
       4.49190408e-01, 5.68636658e+02, 2.29713608e+02, 9.08879340e-02,
       3.19818298e+02, 2.08154373e+02, 1.36236340e-01, 1.49428207e+02,
       2.04226410e+02, 1.38146847e-01, 8.66426147e+02, 1.33741623e+02,
       8.14692914e-01, 8.64503906e+02, 1.63164856e+02, 8.35803032e-01,
       8.39060242e+02, 9.65308685e+01, 8.26831818e-01, 0., 0., 0.,
       1.08259453e+02, 2.41496933e+02, 1.34874627e-01, 0., 0., 0.,
       1.31777771e+02, 1.84684265e+02, 1.02031298e-01, 1.19993118e+02,
       2.43409927e+02, 2.78703868e-01, 1.18097992e+02, 2.35605988e+02,
       2.45210052e-01, 1.47419403e+02, 1.92513641e+02, 2.84372687e-01 ]
