%YAML:1.0
---
pose_0: !!opencv-matrix
   rows: 1
   cols: 25
   dt: "3f"
   data: [ 9.07578552e+02, 2.49336166e+02, 6.95253551e-01,
       8.05759705e+02, 3.06105042e+02, 7.00579882e-01, 7.84126343e+02,
       2.41405228e+02, 5.87970436e-01, 6.66617310e+02, 2.57155396e+02,
       9.03455317e-02, 0., 0., 0., 8.21374939e+02, 3.76672028e+02,
       6.57544911e-01, 6.94031189e+02, 4.35429382e+02, 6.98499858e-01,
       5.56914612e+02, 3.98183929e+02, 8.23797464e-01, 5.47105835e+02,
       3.35527618e+02, 2.45461062e-01, 5.29471802e+02, 2.96324493e+02,
       2.45272338e-01, 3.06129700e+02, 4.25602783e+02, 1.72659352e-01,
       1.53332550e+02, 4.60932739e+02, 3.35932136e-01, 5.68666260e+02,
       3.72752045e+02, 2.16429025e-01, 4.21717102e+02, 4.07982422e+02,
       5.90871982e-02, 1.37644577e+02, 4.62848694e+02, 1.21062502e-01,
       9.17369446e+02, 2.39514420e+02, 7.66776562e-01, 9.27135498e+02,
       2.72712646e+02, 8.33827615e-01, 8.99768616e+02, 2.27847748e+02,
       6.62618801e-02, 9.09502380e+02, 3.10089417e+02, 6.95430815e-01,
       7.10122604e+01, 4.62807404e+02, 1.79727107e-01, 8.27511520e+01,
       4.72623840e+02, 1.83155879e-01, 0., 0., 0., 7.68920364e+01,
       4.62858002e+02, 1.05251931e-01, 7.88401489e+01, 4.62812836e+02,
       9.01708230e-02, 0., 0., 0. ]
