%YAML:1.0
---
pose_0: !!opencv-matrix
   rows: 1
   cols: 25
   dt: "3f"
   data: [ 8.87955688e+02, 1.84682465e+02, 7.70797193e-01,
       7.88019165e+02, 2.12117233e+02, 6.99566364e-01, 7.68476257e+02,
       1.39622101e+02, 6.72636211e-01, 6.54854797e+02, 8.47987518e+01,
       7.64145255e-01, 5.94085510e+02, 8.67244339e+01, 7.81183302e-01,
       7.99842224e+02, 2.90522156e+02, 6.54326797e-01, 6.84287415e+02,
       3.51259857e+02, 7.59237945e-01, 5.68623901e+02, 3.98282043e+02,
       8.18301558e-01, 5.66671387e+02, 2.35606735e+02, 1.82090268e-01,
       5.49060730e+02, 1.88589325e+02, 2.37443119e-01, 3.68869385e+02,
       1.96454666e+02, 6.56763688e-02, 0., 0., 0., 5.94091248e+02,
       2.88485748e+02, 1.66412070e-01, 3.64912140e+02, 2.88462799e+02,
       5.97835481e-02, 0., 0., 0., 8.99649048e+02, 1.67005035e+02,
       8.62459540e-01, 9.03666260e+02, 2.02291656e+02, 7.91509330e-01,
       8.70422791e+02, 1.49491150e+02, 5.80048800e-01, 8.89939697e+02,
       2.27767319e+02, 6.25821054e-01, 0., 0., 0., 0., 0., 0., 0., 0.,
       0., 0., 0., 0., 0., 0., 0., 0., 0., 0. ]
