%YAML:1.0
---
pose_0: !!opencv-matrix
   rows: 1
   cols: 25
   dt: "3f"
   data: [ 9.03687378e+02, 3.64832184e+02, 7.50495017e-01,
       8.23386169e+02, 4.15891846e+02, 7.32649446e-01, 7.91950745e+02,
       3.82465546e+02, 6.87943816e-01, 6.64643677e+02, 3.98210602e+02,
       2.68068731e-01, 5.84330750e+02, 3.60964722e+02, 6.21313751e-01,
       8.56614746e+02, 4.62824890e+02, 6.68500185e-01, 7.90075684e+02,
       4.31533173e+02, 6.75280571e-01, 7.09686462e+02, 2.74796143e+02,
       7.00716317e-01, 6.31326416e+02, 4.84403656e+02, 9.09456983e-02,
       6.03912903e+02, 4.29563812e+02, 1.50873497e-01, 3.41421326e+02,
       3.84521820e+02, 2.87205011e-01, 1.67055405e+02, 3.82508362e+02,
       3.24496835e-01, 6.60717896e+02, 5.25573181e+02, 8.05028602e-02,
       0., 0., 0., 0., 0., 0., 9.15403748e+02, 3.53065765e+02,
       8.99231017e-01, 9.27147827e+02, 3.82580475e+02, 8.77214789e-01,
       0., 0., 0., 9.15458496e+02, 4.25652771e+02, 7.21468329e-01, 0.,
       0., 0., 0., 0., 0., 0., 0., 0., 1.45451416e+02, 4.02166931e+02,
       6.40505701e-02, 1.41545685e+02, 3.98225739e+02, 5.90024889e-02,
       0., 0., 0. ]
