%YAML:1.0
---
pose_0: !!opencv-matrix
   rows: 1
   cols: 25
   dt: "3f"
   data: [ 9.46692322e+02, 2.12096558e+02, 7.70785332e-01,
       8.27277405e+02, 2.21856110e+02, 6.33204579e-01, 8.23397583e+02,
       1.31763504e+02, 6.69014573e-01, 6.97937378e+02, 7.10683365e+01,
       7.73941576e-01, 6.02022400e+02, 8.48324280e+01, 8.65953028e-01,
       8.35087036e+02, 3.06198944e+02, 6.49539053e-01, 7.11637817e+02,
       3.62963379e+02, 7.85683155e-01, 6.01893677e+02, 3.51138092e+02,
       8.08069110e-01, 5.56897949e+02, 2.27727524e+02, 2.71835804e-01,
       5.52941162e+02, 1.86611313e+02, 3.63837481e-01, 3.55121735e+02,
       2.06222763e+02, 2.92877644e-01, 2.00320724e+02, 2.21892502e+02,
       6.16608486e-02, 5.45138733e+02, 2.63044617e+02, 2.41228223e-01,
       4.00146545e+02, 2.96299011e+02, 3.15047383e-01, 2.27781616e+02,
       3.11995331e+02, 3.65726113e-01, 9.62427734e+02, 1.82730026e+02,
       8.33463013e-01, 9.62352905e+02, 2.29716156e+02, 8.14059079e-01,
       9.33071411e+02, 1.57223175e+02, 4.94885713e-01, 9.50706360e+02,
       2.57152649e+02, 1.22920007e-01, 1.27847931e+02, 3.39473297e+02,
       9.20632109e-02, 1.31762909e+02, 3.51140869e+02, 9.81519222e-02,
       2.15995560e+02, 3.04138306e+02, 2.02719569e-01, 0., 0., 0., 0.,
       0., 0., 0., 0., 0. ]
