%YAML:1.0
---
pose_0: !!opencv-matrix
   rows: 1
   cols: 25
   dt: "3f"
   data: [ 8.78179382e+02, 2.64956604e+02, 7.39507079e-01,
       8.19404358e+02, 3.21816772e+02, 6.06823444e-01, 8.29182007e+02,
       3.39469635e+02, 4.93197292e-01, 0., 0., 0., 0., 0., 0.,
       8.13512695e+02, 3.08142151e+02, 5.50386965e-01, 7.09679993e+02,
       2.88454193e+02, 7.13702798e-01, 8.11596924e+02, 2.04241241e+02,
       6.82500720e-01, 5.70601135e+02, 3.37438629e+02, 2.54457206e-01,
       5.68660217e+02, 3.00252686e+02, 3.07489961e-01, 3.64900299e+02,
       3.33543884e+02, 1.47979394e-01, 2.65012451e+02, 3.82508392e+02,
       1.83649182e-01, 5.62761841e+02, 3.78627930e+02, 1.91544041e-01,
       3.21829407e+02, 3.21802856e+02, 3.70859504e-01, 1.29758026e+02,
       3.82525085e+02, 5.04177451e-01, 8.86003723e+02, 2.55212860e+02,
       8.00598204e-01, 8.97779602e+02, 2.76792023e+02, 8.41580391e-01,
       0., 0., 0., 8.88030640e+02, 3.23751862e+02, 8.10594141e-01,
       8.08428268e+01, 3.98208344e+02, 2.10365966e-01, 9.25513153e+01,
       4.02170471e+02, 2.47499213e-01, 1.08256142e+02, 3.90378540e+02,
       3.14966768e-01, 0., 0., 0., 0., 0., 0., 2.59122955e+02,
       3.84465820e+02, 1.28066018e-01 ]
