%YAML:1.0
---
pose_0: !!opencv-matrix
   rows: 1
   cols: 25
   dt: "3f"
   data: [ 8.91919739e+02, 1.98375092e+02, 7.21819401e-01,
       7.88047180e+02, 2.17955170e+02, 6.61220074e-01, 7.74403320e+02,
       1.43532516e+02, 6.89408898e-01, 6.60722229e+02, 1.16114769e+02,
       7.86265731e-01, 5.84347107e+02, 1.41540100e+02, 7.93061852e-01,
       7.90073303e+02, 3.02142242e+02, 6.92980051e-01, 6.82337646e+02,
       3.39507141e+02, 7.56107688e-01, 5.56835144e+02, 3.53248993e+02,
       8.13216329e-01, 5.45134155e+02, 2.41440002e+02, 2.56425232e-01,
       5.47117188e+02, 1.92508530e+02, 2.92989612e-01, 3.59022278e+02,
       1.70932571e+02, 1.18177205e-01, 0., 0., 0., 5.52961670e+02,
       2.82603333e+02, 2.61556298e-01, 3.59006042e+02, 3.02211578e+02,
       2.57517189e-01, 1.47399963e+02, 3.27690826e+02, 2.76523709e-01,
       9.01685059e+02, 1.84632111e+02, 8.22305858e-01, 9.01710083e+02,
       2.14037460e+02, 8.10636282e-01, 8.74268066e+02, 1.68955063e+02,
       4.74520504e-01, 8.83994019e+02, 2.43361206e+02, 6.34586275e-01,
       9.84620361e+01, 3.78587708e+02, 1.00254148e-01, 1.04312248e+02,
       3.80516663e+02, 1.10340536e-01, 1.18031265e+02, 3.12022705e+02,
       2.35690400e-01, 0., 0., 0., 0., 0., 0., 0., 0., 0. ]
