%YAML:1.0
---
pose_0: !!opencv-matrix
   rows: 1
   cols: 25
   dt: "3f"
   data: [ 1.01923193e+03, 2.43467941e+02, 7.82207370e-01,
       8.86016357e+02, 2.27755890e+02, 3.87383044e-01, 8.95833374e+02,
       1.33793671e+02, 5.53990960e-01, 8.07683777e+02, 3.76389236e+01,
       7.99332619e-01, 8.54741455e+02, 1.80733154e+02, 6.86278582e-01,
       8.56646423e+02, 3.31573761e+02, 3.31759244e-01, 7.76291748e+02,
       3.66918884e+02, 8.73101130e-02, 7.21463440e+02, 3.78622986e+02,
       2.55630612e-01, 0., 0., 0., 0., 0., 0., 0., 0., 0., 0., 0., 0.,
       0., 0., 0., 0., 0., 0., 0., 0., 0., 1.02518445e+03,
       2.15985382e+02, 8.66559982e-01, 1.03294617e+03, 2.59158661e+02,
       6.83073938e-01, 9.91842468e+02, 1.80818298e+02, 5.04272819e-01,
       0., 0., 0., 0., 0., 0., 0., 0., 0., 0., 0., 0., 0., 0., 0., 0.,
       0., 0., 0., 0., 0. ]
