%YAML:1.0
---
pose_0: !!opencv-matrix
   rows: 1
   cols: 25
   dt: "3f"
   data: [ 8.50724121e+02, 2.19906967e+02, 7.52628803e-01,
       8.05699585e+02, 2.88437347e+02, 4.09197450e-01, 7.76303955e+02,
       2.61111389e+02, 1.49245396e-01, 6.07845764e+02, 2.88427856e+02,
       6.60571754e-02, 5.49055420e+02, 2.43395874e+02, 1.65501580e-01,
       8.25263916e+02, 3.02182404e+02, 5.41956484e-01, 6.80378052e+02,
       2.39530319e+02, 6.53813720e-01, 5.37303284e+02, 2.12020599e+02,
       7.35003233e-01, 5.09861755e+02, 3.60979706e+02, 2.40040079e-01,
       5.07927612e+02, 3.23761444e+02, 2.92056620e-01, 2.98293823e+02,
       2.88506012e+02, 3.16495359e-01, 8.47140274e+01, 4.11935577e+02,
       2.48729512e-01, 5.09904144e+02, 4.02136566e+02, 2.10711315e-01,
       3.02160858e+02, 2.80677643e+02, 2.30840743e-01, 8.27222900e+01,
       4.11913147e+02, 2.19019562e-01, 8.64444519e+02, 2.12125397e+02,
       2.82330126e-01, 8.70399780e+02, 2.25864105e+02, 8.78290296e-01,
       0., 0., 0., 8.74264221e+02, 2.82625427e+02, 7.68373370e-01,
       4.75522804e+01, 4.47196808e+02, 1.41166732e-01, 5.33740425e+01,
       4.47189148e+02, 1.79330170e-01, 0., 0., 0., 4.75322990e+01,
       4.47183960e+02, 2.92476952e-01, 4.36316872e+01, 4.39348755e+02,
       2.51896352e-01, 0., 0., 0. ]
