%YAML:1.0
---
pose_0: !!opencv-matrix
   rows: 1
   cols: 25
   dt: "3f"
   data: [ 9.78124268e+02, 3.37510345e+02, 8.77671301e-01,
       8.60525879e+02, 2.98300476e+02, 5.97951055e-01, 8.48797180e+02,
       2.17963699e+02, 6.09219968e-01, 7.23398193e+02, 1.78833298e+02,
       6.98716760e-01, 5.80398376e+02, 1.78834686e+02, 6.18997693e-01,
       8.70390137e+02, 3.66875824e+02, 5.37596941e-01, 9.72199158e+02,
       4.00262054e+02, 7.70952165e-01, 1.04083020e+03, 3.06066040e+02,
       7.63342857e-01, 5.94125000e+02, 2.88459808e+02, 1.09499387e-01,
       5.88227783e+02, 2.47366776e+02, 1.21067874e-01, 3.88395874e+02,
       3.08102417e+02, 6.59456328e-02, 0., 0., 0., 6.01935852e+02,
       3.41406006e+02, 7.89119676e-02, 5.21610535e+02, 4.00160187e+02,
       5.55893928e-02, 3.88397491e+02, 3.92319580e+02, 5.68873771e-02,
       9.93721741e+02, 3.10057861e+02, 8.09080839e-01, 9.93701172e+02,
       3.37473389e+02, 1.84607148e-01, 9.74147095e+02, 2.59186279e+02,
       8.15511286e-01, 0., 0., 0., 0., 0., 0., 0., 0., 0., 0., 0., 0.,
       0., 0., 0., 0., 0., 0., 0., 0., 0. ]
