%YAML:1.0
---
pose_0: !!opencv-matrix
   rows: 1
   cols: 25
   dt: "3f"
   data: [ 9.97733276e+02, 2.41519440e+02, 8.11307311e-01,
       8.58630615e+02, 2.35570099e+02, 5.75052083e-01, 8.56626160e+02,
       1.45503616e+02, 6.32104993e-01, 7.37101685e+02, 5.33862076e+01,
       8.19431663e-01, 7.11709778e+02, 1.43522049e+02, 7.57290721e-01,
       8.64463745e+02, 3.35457916e+02, 6.16622090e-01, 7.27325134e+02,
       3.98158051e+02, 6.09454453e-01, 6.03861877e+02, 4.17852539e+02,
       7.15181470e-01, 5.74527954e+02, 3.13952271e+02, 9.46797729e-02,
       0., 0., 0., 0., 0., 0., 0., 0., 0., 5.90194519e+02,
       3.43349945e+02, 1.05045736e-01, 5.02020264e+02, 1.98380844e+02,
       7.05569237e-02, 3.43364105e+02, 2.39462021e+02, 6.53822497e-02,
       1.00355878e+03, 2.12192123e+02, 8.27242672e-01, 1.00944714e+03,
       2.57056000e+02, 7.13867486e-01, 9.66337463e+02, 1.82761536e+02,
       5.44710219e-01, 9.89882813e+02, 2.76776886e+02, 9.52470750e-02,
       0., 0., 0., 0., 0., 0., 0., 0., 0., 0., 0., 0., 0., 0., 0., 0.,
       0., 0. ]
