%YAML:1.0
---
pose_0: !!opencv-matrix
   rows: 1
   cols: 25
   dt: "3f"
   data: [ 9.11480103e+02, 3.66905457e+02, 7.90126204e-01,
       8.21335938e+02, 3.15908325e+02, 4.61826891e-01, 8.27246277e+02,
       2.80664856e+02, 6.49526000e-01, 7.25300171e+02, 2.29729965e+02,
       7.78959572e-01, 6.47040222e+02, 4.47154541e+02, 4.62955058e-01,
       8.05702271e+02, 3.49249084e+02, 1.63111836e-01, 0., 0., 0., 0.,
       0., 0., 6.23530090e+02, 3.43326691e+02, 3.56194347e-01,
       6.17651733e+02, 3.11985413e+02, 3.56368452e-01, 3.23765106e+02,
       3.41414551e+02, 2.26133719e-01, 1.29779297e+02, 3.35492432e+02,
       3.59352708e-01, 6.33265869e+02, 3.72724579e+02, 2.91650683e-01,
       6.17626404e+02, 4.21726074e+02, 7.33480677e-02, 5.70642090e+02,
       4.56957733e+02, 2.05391318e-01, 9.31052368e+02, 3.49210785e+02,
       7.52656996e-01, 9.27178711e+02, 3.76658142e+02, 7.32961833e-01,
       9.07563293e+02, 3.06059082e+02, 8.55438828e-01, 0., 0., 0.,
       5.41254333e+02, 4.94237976e+02, 1.95276335e-01, 5.52915161e+02,
       4.96161682e+02, 2.00219601e-01, 5.54956909e+02, 4.60922577e+02,
       1.50743276e-01, 8.08175354e+01, 3.55127350e+02, 1.17512509e-01,
       7.49643021e+01, 3.47244049e+02, 1.13380887e-01, 1.02396942e+02,
       3.37487457e+02, 1.93741694e-01 ]
