%YAML:1.0
---
pose_0: !!opencv-matrix
   rows: 1
   cols: 25
   dt: "3f"
   data: [ 8.86041626e+02, 2.59100128e+02, 7.87098527e-01,
       7.93990356e+02, 2.41382660e+02, 6.78822637e-01, 8.07667725e+02,
       1.67075394e+02, 6.45911694e-01, 7.37102783e+02, 8.87196198e+01,
       7.40708470e-01, 7.58686035e+02, 2.10141785e+02, 7.31086731e-01,
       7.68463989e+02, 3.02187408e+02, 5.37420154e-01, 6.56785828e+02,
       3.19792419e+02, 4.44302976e-01, 5.54880005e+02, 3.39448059e+02,
       3.41399550e-01, 6.23499146e+02, 2.27746231e+02, 1.15083583e-01,
       6.09785278e+02, 1.98359238e+02, 9.05731246e-02, 3.39451660e+02,
       3.39433899e+02, 1.88090622e-01, 1.63141556e+02, 3.66807373e+02,
       3.69603872e-01, 6.46994263e+02, 2.76722229e+02, 5.33057787e-02,
       0., 0., 0., 0., 0., 0., 8.99703918e+02, 2.37531891e+02,
       8.20982039e-01, 8.99714661e+02, 2.70884857e+02, 7.43381858e-01,
       8.80153198e+02, 2.10107620e+02, 6.75380945e-01, 8.91892151e+02,
       2.88458008e+02, 1.38507515e-01, 0., 0., 0., 0., 0., 0., 0., 0.,
       0., 1.21965431e+02, 4.17824219e+02, 1.06616259e-01,
       1.23947258e+02, 4.17789124e+02, 9.28738117e-02, 1.35715363e+02,
       3.53142548e+02, 2.12368280e-01 ]
