%YAML:1.0
---
pose_0: !!opencv-matrix
   rows: 1
   cols: 25
   dt: "3f"
   data: [ 9.30996948e+02, 4.39328766e+02, 7.65675366e-01,
       8.21413391e+02, 4.33503265e+02, 6.85646653e-01, 8.21336670e+02,
       3.51139954e+02, 6.66037083e-01, 6.84228394e+02, 3.04230865e+02,
       8.23230803e-01, 5.90190674e+02, 3.64932831e+02, 7.87661970e-01,
       8.15524353e+02, 5.19662415e+02, 5.88805616e-01, 6.80299133e+02,
       5.50998169e+02, 7.56825328e-01, 5.72565979e+02, 5.88202454e+02,
       7.94193447e-01, 6.03921448e+02, 4.49175751e+02, 2.12687880e-01,
       5.86273987e+02, 4.09966705e+02, 2.90550262e-01, 3.82519409e+02,
       4.33483307e+02, 1.07687429e-01, 0., 0., 0., 5.90215454e+02,
       5.04009491e+02, 1.65524632e-01, 3.62948822e+02, 5.07852295e+02,
       1.66671172e-01, 1.18031952e+02, 5.43162781e+02, 1.83396623e-01,
       9.37006714e+02, 4.13950500e+02, 8.45808327e-01, 9.42858704e+02,
       4.56987823e+02, 7.43974745e-01, 9.15387878e+02, 3.84489380e+02,
       5.99585176e-01, 0., 0., 0., 0., 0., 0., 0., 0., 0.,
       1.12143143e+02, 5.41204529e+02, 1.62985697e-01, 0., 0., 0., 0.,
       0., 0., 0., 0., 0. ]
