%YAML:1.0
---
pose_0: !!opencv-matrix
   rows: 1
   cols: 25
   dt: "3f"
   data: [ 9.05632141e+02, 2.70887787e+02, 5.71098685e-01,
       8.03743958e+02, 2.43394272e+02, 4.94029343e-01, 8.25301392e+02,
       1.80739151e+02, 2.55915046e-01, 9.62374390e+02, 2.17951813e+02,
       6.91157162e-01, 9.78075195e+02, 3.64854126e+02, 6.79296136e-01,
       7.88065735e+02, 3.02177094e+02, 4.78337765e-01, 6.70520325e+02,
       3.37437469e+02, 5.58869302e-01, 5.52910461e+02, 3.45293030e+02,
       6.96776390e-01, 0., 0., 0., 0., 0., 0., 0., 0., 0., 0., 0., 0.,
       0., 0., 0., 0., 0., 0., 0., 0., 0., 9.17378174e+02,
       2.59138855e+02, 5.27059376e-01, 9.21286072e+02, 2.74786255e+02,
       2.46577859e-01, 9.17395935e+02, 2.31664093e+02, 3.69458348e-01,
       0., 0., 0., 0., 0., 0., 0., 0., 0., 0., 0., 0., 0., 0., 0., 0.,
       0., 0., 0., 0., 0. ]
