%YAML:1.0
---
pose_0: !!opencv-matrix
   rows: 1
   cols: 25
   dt: "3f"
   data: [ 8.56671631e+02, 2.17972519e+02, 7.60690570e-01,
       7.70413330e+02, 2.74736877e+02, 6.96960330e-01, 7.44921082e+02,
       2.19905533e+02, 6.48086905e-01, 7.25379028e+02, 1.31723648e+02,
       7.69620538e-01, 8.21429382e+02, 1.59137817e+02, 8.42193842e-01,
       7.88089966e+02, 3.25747742e+02, 5.12509704e-01, 0., 0., 0., 0.,
       0., 0., 5.37302246e+02, 3.23789551e+02, 3.63870978e-01,
       5.25579224e+02, 2.86507202e+02, 4.27157611e-01, 3.53117554e+02,
       2.80658447e+02, 2.83519536e-01, 0., 0., 0., 5.45152466e+02,
       3.64886292e+02, 4.26813662e-01, 3.64920929e+02, 4.15908691e+02,
       5.76640487e-01, 2.29721481e+02, 5.23536133e+02, 5.15582561e-01,
       8.66357727e+02, 2.12062744e+02, 4.70873445e-01, 8.74270081e+02,
       2.27804321e+02, 7.78396428e-01, 0., 0., 0., 8.54733643e+02,
       2.84550110e+02, 4.65447128e-01, 1.67027451e+02, 5.23552917e+02,
       1.25762194e-01, 1.78814362e+02, 5.31426697e+02, 1.27006426e-01,
       2.17972000e+02, 5.33374878e+02, 3.05031925e-01, 0., 0., 0., 0.,
       0., 0., 0., 0., 0. ]
