%YAML:1.0
---
pose_0: !!opencv-matrix
   rows: 1
   cols: 25
   dt: "3f"
   data: [ 9.48815735e+02, 3.15920624e+02, 7.91648507e-01,
       8.21299133e+02, 3.39472351e+02, 6.32589400e-01, 8.05667847e+02,
       2.70841370e+02, 6.76479042e-01, 6.90087891e+02, 2.57141876e+02,
       5.86810648e-01, 5.56934631e+02, 2.21860428e+02, 7.37641513e-01,
       8.33114319e+02, 4.19728424e+02, 6.20942950e-01, 7.29314453e+02,
       4.62872894e+02, 8.20666909e-01, 7.58709167e+02, 3.15922974e+02,
       5.51942050e-01, 5.54922852e+02, 3.21769714e+02, 1.15136884e-01,
       5.58858887e+02, 2.84557678e+02, 1.45113677e-01, 5.09941284e+02,
       2.53227676e+02, 9.53399539e-02, 3.33540741e+02, 3.02194000e+02,
       5.38768321e-02, 5.56901794e+02, 3.90360657e+02, 7.76140392e-02,
       0., 0., 0., 0., 0., 0., 9.56540222e+02, 2.92407990e+02,
       6.73700571e-01, 9.62484741e+02, 3.33554108e+02, 8.50907683e-01,
       9.17404175e+02, 2.72760925e+02, 2.95673907e-01, 9.46699768e+02,
       3.64876221e+02, 2.99323261e-01, 0., 0., 0., 0., 0., 0., 0., 0.,
       0., 0., 0., 0., 0., 0., 0., 0., 0., 0. ]
