%YAML:1.0
---
pose_0: !!opencv-matrix
   rows: 1
   cols: 25
   dt: "3f"
   data: [ 8.68405945e+02, 2.66911926e+02, 6.93798184e-01,
       7.78253113e+02, 2.86466553e+02, 7.07701921e-01, 7.76393250e+02,
       2.16031113e+02, 6.59073710e-01, 8.19411560e+02, 1.19971481e+02,
       8.04704785e-01, 9.07568481e+02, 2.02312698e+02, 7.45013356e-01,
       7.82213867e+02, 3.51173584e+02, 6.22477472e-01, 8.25319214e+02,
       4.13931946e+02, 8.49372506e-01, 9.07590454e+02, 3.19775146e+02,
       7.42004991e-01, 5.50998596e+02, 2.88500336e+02, 3.55449498e-01,
       5.52994934e+02, 2.45397125e+02, 4.58976269e-01, 3.86445190e+02,
       2.55169098e+02, 2.65490025e-01, 0., 0., 0., 5.52940613e+02,
       3.33547760e+02, 4.20418143e-01, 3.55092010e+02, 3.35535767e+02,
       2.03569248e-01, 2.90453278e+02, 3.39481049e+02, 1.43169835e-01,
       8.80164795e+02, 2.43528229e+02, 7.35749185e-01, 8.82099365e+02,
       2.78693329e+02, 7.01707721e-01, 8.54632507e+02, 2.25761276e+02,
       3.23045999e-01, 8.70325623e+02, 2.92497589e+02, 3.12588423e-01,
       1.96446091e+02, 3.33499115e+02, 6.55757636e-02, 0., 0., 0.,
       2.88476074e+02, 3.33550049e+02, 6.43083230e-02, 0., 0., 0., 0.,
       0., 0., 0., 0., 0. ]
