%YAML:1.0
---
pose_0: !!opencv-matrix
   rows: 1
   cols: 25
   dt: "3f"
   data: [ 8.84076416e+02, 3.84476990e+02, 7.63800859e-01,
       7.78260010e+02, 3.84465118e+02, 7.24317253e-01, 7.76268860e+02,
       3.06152893e+02, 7.11918354e-01, 6.48964661e+02, 2.43432083e+02,
       8.61593366e-01, 7.11592102e+02, 2.57109344e+02, 8.07435453e-01,
       7.78249573e+02, 4.56942596e+02, 5.68785906e-01, 6.66591675e+02,
       5.25466858e+02, 8.45097601e-01, 7.66511536e+02, 5.04016174e+02,
       7.48713076e-01, 5.19659119e+02, 4.07986725e+02, 3.49934578e-01,
       5.21634033e+02, 3.59030640e+02, 4.53471005e-01, 3.39446228e+02,
       3.72710541e+02, 4.46097583e-01, 0., 0., 0., 5.23625549e+02,
       4.51076263e+02, 4.53434438e-01, 3.51209808e+02, 4.98132080e+02,
       5.16111910e-01, 1.80769913e+02, 5.23584351e+02, 4.63049710e-01,
       8.97719727e+02, 3.66891510e+02, 8.52625966e-01, 8.99671326e+02,
       4.00185181e+02, 7.40968943e-01, 8.70343384e+02, 3.41387299e+02,
       6.16452157e-01, 8.74290588e+02, 4.19798431e+02, 1.73163801e-01,
       1.25873604e+02, 5.72572876e+02, 1.68050781e-01, 1.29775406e+02,
       5.72544617e+02, 1.78941607e-01, 1.55298203e+02, 5.15762573e+02,
       2.45002851e-01, 0., 0., 0., 0., 0., 0., 0., 0., 0. ]
