%YAML:1.0
---
pose_0: !!opencv-matrix
   rows: 1
   cols: 25
   dt: "3f"
   data: [ 9.01740173e+02, 4.17829163e+02, 7.76023567e-01,
       8.03690735e+02, 4.31495697e+02, 6.69786572e-01, 7.92039368e+02,
       3.53180359e+02, 6.87516391e-01, 6.94046570e+02, 2.74792023e+02,
       7.52293229e-01, 6.66688660e+02, 2.92379608e+02, 7.79100657e-01,
       8.03733276e+02, 5.09859589e+02, 5.59159398e-01, 6.94012878e+02,
       5.74530884e+02, 6.67252779e-01, 5.78448181e+02, 6.23545593e+02,
       7.39786029e-01, 5.43200928e+02, 4.53073700e+02, 2.26285070e-01,
       5.45130737e+02, 4.06056061e+02, 3.35933298e-01, 3.66834015e+02,
       4.19756409e+02, 1.27761453e-01, 0., 0., 0., 5.52962463e+02,
       5.05957489e+02, 2.35956967e-01, 3.86464783e+02, 5.21649231e+02,
       7.10405260e-02, 0., 0., 0., 9.13455688e+02, 4.00073853e+02,
       8.41423392e-01, 9.17334839e+02, 4.33504272e+02, 7.92928517e-01,
       8.89963135e+02, 3.76640930e+02, 5.10351777e-01, 8.97732056e+02,
       4.58863190e+02, 3.51468801e-01, 0., 0., 0., 0., 0., 0., 0., 0.,
       0., 0., 0., 0., 0., 0., 0., 0., 0., 0. ]
