%YAML:1.0
---
pose_0: !!opencv-matrix
   rows: 1
   cols: 25
   dt: "3f"
   data: [ 1.08389661e+03, 2.55216782e+02, 7.64163315e-01,
       9.19354736e+02, 2.29701096e+02, 3.78474653e-01, 9.25214600e+02,
       1.47392822e+02, 4.68626767e-01, 8.62495422e+02, 5.13798332e+01,
       6.69458985e-01, 1.04475769e+03, 1.49447861e+02, 7.41614044e-01,
       9.19313965e+02, 3.17892303e+02, 3.95827591e-01, 8.39007568e+02,
       4.58889343e+02, 6.34317458e-01, 9.95798035e+02, 3.82496674e+02,
       6.94296122e-01, 0., 0., 0., 0., 0., 0., 0., 0., 0., 0., 0., 0.,
       0., 0., 0., 0., 0., 0., 0., 0., 0., 1.08787988e+03,
       2.12110458e+02, 7.92834580e-01, 1.09764539e+03, 2.72722992e+02,
       5.87375581e-01, 1.06428943e+03, 1.80768784e+02, 3.03399712e-01,
       0., 0., 0., 0., 0., 0., 0., 0., 0., 0., 0., 0., 0., 0., 0., 0.,
       0., 0., 0., 0., 0. ]
