%YAML:1.0
---
pose_0: !!opencv-matrix
   rows: 1
   cols: 25
   dt: "3f"
   data: [ 1.05638489e+03, 2.66960968e+02, 7.22163022e-01,
       9.33014282e+02, 2.74773804e+02, 2.99437732e-01, 9.13433105e+02,
       1.96414429e+02, 3.03855300e-01, 7.91949341e+02, 5.73010750e+01,
       6.71343505e-01, 8.68395813e+02, 2.27736526e+02, 3.56246501e-01,
       9.17356567e+02, 3.37463470e+02, 8.71349201e-02, 0., 0., 0., 0.,
       0., 0., 0., 0., 0., 0., 0., 0., 0., 0., 0., 0., 0., 0., 0., 0.,
       0., 0., 0., 0., 0., 0., 0., 1.07011096e+03, 2.41474808e+02,
       8.53250802e-01, 1.07211523e+03, 2.90440002e+02, 7.82322586e-01,
       1.02510730e+03, 1.98353317e+02, 2.99984396e-01, 0., 0., 0., 0.,
       0., 0., 0., 0., 0., 0., 0., 0., 0., 0., 0., 0., 0., 0., 0., 0.,
       0. ]
