%YAML:1.0
---
pose_0: !!opencv-matrix
   rows: 1
   cols: 25
   dt: "3f"
   data: [ 9.15442261e+02, 2.92396637e+02, 8.10087502e-01,
       8.07611450e+02, 3.17852844e+02, 6.87218547e-01, 7.97875488e+02,
       2.51254318e+02, 6.64341033e-01, 6.88166504e+02, 2.47358078e+02,
       1.47893250e-01, 6.01952209e+02, 2.12098862e+02, 1.53022051e-01,
       8.11624878e+02, 3.84522552e+02, 6.21151686e-01, 7.35187195e+02,
       4.07999878e+02, 7.49603927e-01, 7.56715088e+02, 3.19901245e+02,
       8.04150462e-01, 5.58878906e+02, 3.19793640e+02, 3.48658860e-01,
       5.58829712e+02, 2.74749390e+02, 4.26145822e-01, 3.74713074e+02,
       2.88422272e+02, 4.33365881e-01, 1.45470581e+02, 3.04137970e+02,
       1.87813729e-01, 5.62767517e+02, 3.64885162e+02, 4.09827352e-01,
       3.68760406e+02, 3.66906891e+02, 4.67371643e-01, 1.49401184e+02,
       3.02209625e+02, 1.35230243e-01, 9.19319214e+02, 2.78667389e+02,
       8.37081671e-01, 9.27140198e+02, 3.08067230e+02, 8.19524348e-01,
       8.95817566e+02, 2.68873322e+02, 3.81093681e-01, 9.05618042e+02,
       3.37390381e+02, 5.64911306e-01, 0., 0., 0., 0., 0., 0., 0., 0.,
       0., 1.31722076e+02, 3.23787201e+02, 5.54614402e-02,
       1.29764221e+02, 3.23801605e+02, 6.34484738e-02, 0., 0., 0. ]
