%YAML:1.0
---
pose_0: !!opencv-matrix
   rows: 1
   cols: 25
   dt: "3f"
   data: [ 9.23246704e+02, 3.55171844e+02, 7.56374836e-01,
       8.19404114e+02, 3.80576843e+02, 6.61911964e-01, 8.05706604e+02,
       3.06074036e+02, 7.43684590e-01, 6.82279968e+02, 2.92482819e+02,
       4.99875367e-01, 5.70608032e+02, 2.86521057e+02, 6.16565466e-01,
       8.27260986e+02, 4.58964569e+02, 6.37819529e-01, 6.96068665e+02,
       5.07989746e+02, 8.60226333e-01, 6.90118103e+02, 4.09960693e+02,
       7.74578512e-01, 5.60798950e+02, 3.84477020e+02, 2.59745985e-01,
       5.70583557e+02, 3.39432343e+02, 3.77296597e-01, 4.00157349e+02,
       3.17861328e+02, 2.15802580e-01, 0., 0., 0., 5.56903809e+02,
       4.33503632e+02, 2.04418391e-01, 3.68797272e+02, 4.70701080e+02,
       2.91091353e-01, 1.65076416e+02, 5.09893494e+02, 2.64397800e-01,
       9.31168579e+02, 3.37557312e+02, 9.33659732e-01, 9.42800781e+02,
       3.70787537e+02, 8.24211895e-01, 9.03661743e+02, 3.21728210e+02,
       5.13268709e-01, 9.23252930e+02, 4.00099274e+02, 3.97093356e-01,
       9.45204391e+01, 5.17692932e+02, 1.77078187e-01, 1.02372604e+02,
       5.25532104e+02, 1.91764846e-01, 1.06314201e+02, 5.23578613e+02,
       8.63731280e-02, 0., 0., 0., 0., 0., 0., 0., 0., 0. ]
