%YAML:1.0
---
pose_0: !!opencv-matrix
   rows: 1
   cols: 25
   dt: "3f"
   data: [ 8.99775574e+02, 2.84578125e+02, 8.07057798e-01,
       8.03712158e+02, 3.29623962e+02, 6.75570190e-01, 7.76278076e+02,
       2.72747955e+02, 6.28392994e-01, 6.94034363e+02, 2.64974670e+02,
       8.74711350e-02, 0., 0., 0., 8.23284119e+02, 3.84475067e+02,
       6.27087474e-01, 9.23274170e+02, 4.78548981e+02, 6.15192056e-01,
       1.08976599e+03, 5.07916077e+02, 3.15706313e-01, 5.62758179e+02,
       3.84484741e+02, 2.10656583e-01, 5.62761292e+02, 3.35494354e+02,
       2.82693386e-01, 3.55146484e+02, 5.15738220e+02, 3.07402372e-01,
       2.23833176e+02, 6.23523560e+02, 2.03971401e-01, 5.66679810e+02,
       4.27583069e+02, 1.97817728e-01, 3.57045624e+02, 5.23587463e+02,
       4.75710630e-01, 2.10156998e+02, 6.35337036e+02, 3.88017327e-01,
       9.13373718e+02, 2.72806976e+02, 8.06730449e-01, 9.15480652e+02,
       3.02199921e+02, 8.55361998e-01, 0., 0., 0., 9.07549255e+02,
       3.37424286e+02, 6.78451359e-01, 1.70925949e+02, 6.45041077e+02,
       1.65204987e-01, 1.80786392e+02, 6.50919128e+02, 1.76562428e-01,
       1.98391388e+02, 6.48949036e+02, 2.21797064e-01, 0., 0., 0., 0.,
       0., 0., 2.12057053e+02, 6.46967224e+02, 8.94626528e-02 ]
