%YAML:1.0
---
pose_0: !!opencv-matrix
   rows: 1
   cols: 25
   dt: "3f"
   data: [ 9.48678955e+02, 3.08141693e+02, 8.48545671e-01,
       8.37032593e+02, 3.17871185e+02, 6.84679329e-01, 8.07707092e+02,
       2.39536713e+02, 6.44169807e-01, 7.29353271e+02, 2.08110779e+02,
       1.93323374e-01, 0., 0., 0., 8.60568115e+02, 3.98265259e+02,
       5.95476449e-01, 7.80202026e+02, 4.94191742e+02, 4.26231563e-01,
       7.82192139e+02, 5.21623474e+02, 3.03856343e-01, 5.41221130e+02,
       3.68817596e+02, 1.11869678e-01, 5.25558533e+02, 3.27679443e+02,
       1.77814394e-01, 3.21824585e+02, 3.39447510e+02, 1.52999476e-01,
       1.78758545e+02, 3.37422485e+02, 1.62939012e-01, 5.27513733e+02,
       4.29551392e+02, 1.21346667e-01, 3.53148529e+02, 5.05979004e+02,
       2.19799370e-01, 1.94427841e+02, 5.90170959e+02, 3.95104975e-01,
       9.60448853e+02, 2.82623627e+02, 7.66779065e-01, 9.66349060e+02,
       3.21859039e+02, 8.00178707e-01, 9.27147400e+02, 2.55150650e+02,
       6.30349219e-01, 0., 0., 0., 1.14119324e+02, 6.17654602e+02,
       1.57199055e-01, 1.21959343e+02, 6.25470398e+02, 1.62563726e-01,
       1.78795853e+02, 5.99974670e+02, 2.26095259e-01, 1.63106216e+02,
       3.47239258e+02, 5.06787263e-02, 0., 0., 0., 0., 0., 0. ]
