%YAML:1.0
---
pose_0: !!opencv-matrix
   rows: 1
   cols: 25
   dt: "3f"
   data: [ 9.31038452e+02, 2.55151428e+02, 8.09166729e-01,
       8.37015625e+02, 2.61115021e+02, 6.21881962e-01, 8.23318359e+02,
       1.78750519e+02, 6.19114280e-01, 7.21450439e+02, 1.45503525e+02,
       4.44078147e-01, 6.62639404e+02, 1.33771530e+02, 4.59289432e-01,
       8.48780945e+02, 3.53114014e+02, 5.78661919e-01, 7.41066956e+02,
       4.62887177e+02, 7.08007097e-01, 7.66548645e+02, 3.84545654e+02,
       5.29967725e-01, 5.62779236e+02, 2.41478760e+02, 1.01166502e-01,
       5.54950867e+02, 2.10138077e+02, 1.86946169e-01, 4.76595612e+02,
       2.21865906e+02, 8.50851685e-02, 2.94370178e+02, 2.47358444e+02,
       3.08756471e-01, 5.60818359e+02, 3.08082245e+02, 6.36409894e-02,
       0., 0., 0., 0., 0., 0., 9.42854187e+02, 2.29680191e+02,
       8.26709151e-01, 9.48695679e+02, 2.72766296e+02, 8.00675631e-01,
       9.21298340e+02, 2.10020538e+02, 5.29398799e-01, 9.42847717e+02,
       2.94384766e+02, 9.62387919e-02, 0., 0., 0., 0., 0., 0., 0., 0.,
       0., 0., 0., 0., 0., 0., 0., 0., 0., 0. ]
