%YAML:1.0
---
pose_0: !!opencv-matrix
   rows: 1
   cols: 25
   dt: "3f"
   data: [ 9.48659790e+02, 3.35527435e+02, 8.60538483e-01,
       8.37113342e+02, 3.33556519e+02, 6.95756435e-01, 8.23278259e+02,
       2.45392456e+02, 6.76222980e-01, 6.99885193e+02, 1.61156296e+02,
       7.34551311e-01, 7.45052063e+02, 1.80675400e+02, 8.31234694e-01,
       8.52637085e+02, 4.21686401e+02, 5.71733773e-01, 7.76256226e+02,
       5.43207581e+02, 7.79426813e-01, 8.31188660e+02, 5.07821259e+02,
       7.75968552e-01, 5.56879700e+02, 3.82533386e+02, 2.14574844e-01,
       5.52955383e+02, 3.31600037e+02, 3.32596511e-01, 3.59024078e+02,
       3.39452576e+02, 2.21236199e-01, 0., 0., 0., 5.64739014e+02,
       4.33464478e+02, 2.23040059e-01, 3.55094330e+02, 4.96131470e+02,
       3.98976415e-01, 1.98416183e+02, 5.47107544e+02, 3.17020774e-01,
       9.58547363e+02, 3.06168274e+02, 8.41029465e-01, 9.66333618e+02,
       3.47259216e+02, 7.73630798e-01, 9.31009399e+02, 2.74703827e+02,
       6.47502005e-01, 0., 0., 0., 0., 0., 0., 0., 0., 0.,
       1.80782639e+02, 5.49065613e+02, 1.51892111e-01, 0., 0., 0., 0.,
       0., 0., 0., 0., 0. ]
