%YAML:1.0
---
pose_0: !!opencv-matrix
   rows: 1
   cols: 25
   dt: "3f"
   data: [ 8.85962341e+02, 3.74728821e+02, 7.33151734e-01,
       8.15520874e+02, 4.56966888e+02, 4.13511008e-01, 7.48904663e+02,
       3.74707916e+02, 4.41655606e-01, 6.29373657e+02, 3.74675659e+02,
       2.54522383e-01, 5.45143311e+02, 3.35548279e+02, 3.68429601e-01,
       8.82086914e+02, 5.25541260e+02, 1.87907413e-01, 0., 0., 0., 0.,
       0., 0., 5.60823547e+02, 4.31510559e+02, 1.72816187e-01,
       5.60815613e+02, 3.94293640e+02, 2.71913946e-01, 3.51214691e+02,
       3.29609436e+02, 1.38595253e-01, 0., 0., 0., 5.52967407e+02,
       4.74626648e+02, 1.72682613e-01, 3.55107178e+02, 5.41275024e+02,
       2.00525716e-01, 2.06224930e+02, 6.31323364e+02, 1.62590355e-01,
       8.86109192e+02, 3.53092346e+02, 7.20796049e-01, 9.11492798e+02,
       3.82553741e+02, 6.98772073e-01, 8.54674744e+02, 3.37436707e+02,
       2.10703075e-01, 9.17386536e+02, 4.25622162e+02, 2.25447789e-01,
       0., 0., 0., 0., 0., 0., 0., 0., 0., 0., 0., 0., 0., 0., 0., 0.,
       0., 0. ]
