%YAML:1.0
---
pose_0: !!opencv-matrix
   rows: 1
   cols: 25
   dt: "3f"
   data: [ 8.78170532e+02, 2.68900757e+02, 7.51176834e-01,
       7.84164246e+02, 2.86513550e+02, 6.68522656e-01, 7.76395203e+02,
       2.12044479e+02, 7.13940024e-01, 6.84275146e+02, 1.45489624e+02,
       8.10573936e-01, 6.19637329e+02, 1.51354935e+02, 8.17508876e-01,
       7.88016907e+02, 3.64831329e+02, 6.45630777e-01, 6.78350159e+02,
       4.06010803e+02, 7.93483794e-01, 6.99964355e+02, 3.19823273e+02,
       7.99500823e-01, 5.35327576e+02, 2.90413116e+02, 3.49350959e-01,
       5.37288574e+02, 2.45393448e+02, 4.11780298e-01, 3.72747650e+02,
       2.41428024e+02, 5.20237029e-01, 1.84674530e+02, 2.39495850e+02,
       2.97008485e-01, 5.37265015e+02, 3.31602417e+02, 4.07095850e-01,
       3.35476013e+02, 3.37450134e+02, 4.66966599e-01, 1.68979202e+02,
       3.51118561e+02, 5.15222669e-01, 8.85963562e+02, 2.53249969e+02,
       8.83569062e-01, 8.89932739e+02, 2.86445831e+02, 7.68857479e-01,
       8.66443970e+02, 2.37511948e+02, 6.00136995e-01, 8.74258423e+02,
       3.06093170e+02, 5.68959415e-01, 1.18088486e+02, 3.78607941e+02,
       3.19566637e-01, 1.31731659e+02, 3.82455109e+02, 3.56813133e-01,
       1.55273972e+02, 3.37510406e+02, 2.41060510e-01, 1.80736145e+02,
       2.41440903e+02, 1.00001127e-01, 1.80729782e+02, 2.39470856e+02,
       1.16312824e-01, 1.78740982e+02, 2.41519440e+02, 2.59049237e-01 ]
