%YAML:1.0
---
pose_0: !!opencv-matrix
   rows: 1
   cols: 25
   dt: "3f"
   data: [ 8.25304138e+02, 2.25808731e+02, 8.01293850e-01,
       7.68461121e+02, 3.00257050e+02, 5.58686554e-01, 7.76301758e+02,
       3.04136871e+02, 3.60560924e-01, 6.50906677e+02, 2.82621826e+02,
       6.69967309e-02, 0., 0., 0., 7.70396606e+02, 3.04179596e+02,
       5.79810739e-01, 6.46960510e+02, 2.72844849e+02, 7.85582423e-01,
       5.15732300e+02, 2.29761002e+02, 7.27082491e-01, 5.52969177e+02,
       3.51214752e+02, 2.81193972e-01, 5.37311218e+02, 3.21796295e+02,
       2.19178766e-01, 3.37450409e+02, 2.72792542e+02, 2.21961290e-01,
       2.39525528e+02, 3.57039337e+02, 1.13467239e-01, 5.66693604e+02,
       3.82487091e+02, 2.40775526e-01, 3.66852631e+02, 3.04121735e+02,
       1.42731309e-01, 1.21949799e+02, 3.72702393e+02, 4.18912292e-01,
       8.37062988e+02, 2.17955170e+02, 7.25685954e-01, 8.50698181e+02,
       2.43373352e+02, 8.49148154e-01, 0., 0., 0., 8.38930847e+02,
       2.90518738e+02, 8.67475748e-01, 8.27782059e+01, 4.04106049e+02,
       2.33101949e-01, 8.66673584e+01, 4.06023102e+02, 2.59628177e-01,
       9.84410248e+01, 3.82527191e+02, 2.63645023e-01, 0., 0., 0., 0.,
       0., 0., 0., 0., 0. ]
