%YAML:1.0
---
pose_0: !!opencv-matrix
   rows: 1
   cols: 25
   dt: "3f"
   data: [ 8.42966614e+02, 2.94340363e+02, 7.41426468e-01,
       7.60612549e+02, 2.88513214e+02, 6.06025219e-01, 7.72350220e+02,
       2.16004410e+02, 7.13610053e-01, 7.29397278e+02, 2.29690079e+02,
       7.84004390e-01, 8.13550171e+02, 3.23779633e+02, 7.59434521e-01,
       7.48911438e+02, 3.53118011e+02, 5.98164976e-01, 7.11712891e+02,
       4.60806763e+02, 8.93195987e-01, 7.74385681e+02, 4.13817139e+02,
       9.13111508e-01, 5.09888062e+02, 2.78685150e+02, 3.76942694e-01,
       5.17719299e+02, 2.39489990e+02, 4.11196947e-01, 3.57068787e+02,
       2.08181961e+02, 5.13355494e-01, 2.00343155e+02, 1.35712555e+02,
       4.05914575e-01, 5.09828583e+02, 3.21781860e+02, 4.55275536e-01,
       3.29630981e+02, 3.33524963e+02, 3.24290633e-01, 1.68968979e+02,
       3.37491516e+02, 5.10644794e-01, 8.54716553e+02, 2.74797424e+02,
       8.52163017e-01, 8.58634827e+02, 3.06202240e+02, 7.73543954e-01,
       8.40976563e+02, 2.53219177e+02, 6.71019137e-01, 8.54680237e+02,
       3.25736603e+02, 6.15185201e-02, 1.16003563e+02, 3.51167908e+02,
       3.17959160e-01, 1.25852226e+02, 3.59042542e+02, 3.22946995e-01,
       1.55281677e+02, 3.31576630e+02, 2.04988047e-01, 1.76836777e+02,
       1.41560211e+02, 1.15590841e-01, 1.76851852e+02, 1.33692398e+02,
       1.56502604e-01, 1.92493088e+02, 1.31811447e+02, 2.67290831e-01 ]
