%YAML:1.0
---
pose_0: !!opencv-matrix
   rows: 1
   cols: 25
   dt: "3f"
   data: [ 1.02707556e+03, 3.51198792e+02, 1.94914982e-01,
       9.21319763e+02, 3.19852051e+02, 5.25861263e-01, 9.33067322e+02,
       2.59113495e+02, 4.78570759e-01, 9.01781006e+02, 1.78753174e+02,
       7.75547147e-01, 9.72214172e+02, 2.61064819e+02, 7.55580962e-01,
       9.01665771e+02, 3.82500671e+02, 3.43395680e-01, 9.15445068e+02,
       4.55042999e+02, 6.73539400e-01, 9.87917419e+02, 4.00093353e+02,
       7.00510621e-01, 6.84235535e+02, 3.68797852e+02, 8.23999569e-02,
       6.58758789e+02, 3.41372528e+02, 1.04468778e-01, 0., 0., 0., 0.,
       0., 0., 7.15582092e+02, 3.94288086e+02, 5.46834096e-02, 0., 0.,
       0., 0., 0., 0., 1.04081226e+03, 3.19841980e+02, 2.69423902e-01,
       1.05646973e+03, 3.39401672e+02, 2.42854491e-01, 1.01730713e+03,
       2.78722778e+02, 2.88865566e-01, 0., 0., 0., 0., 0., 0., 0., 0.,
       0., 0., 0., 0., 0., 0., 0., 0., 0., 0., 0., 0., 0. ]
