%YAML:1.0
---
pose_0: !!opencv-matrix
   rows: 2
   cols: 25
   dt: "3f"
   data: [ 8.99751038e+02, 3.23803284e+02, 7.68920839e-01,
       8.31182373e+02, 2.53216873e+02, 4.19841647e-01, 8.42896118e+02,
       2.25862503e+02, 7.08852768e-01, 7.58703430e+02, 2.74855438e+02,
       7.93195486e-01, 7.90084717e+02, 3.86472260e+02, 8.32117319e-01,
       8.11580261e+02, 2.86486816e+02, 1.81473091e-01, 0., 0., 0., 0.,
       0., 0., 5.41233337e+02, 2.64962585e+02, 2.35609785e-01,
       5.37308472e+02, 2.35588806e+02, 2.13267684e-01, 3.21800018e+02,
       3.04158783e+02, 2.28391051e-01, 1.16078392e+02, 2.63058899e+02,
       1.37395635e-01, 5.39238525e+02, 2.94390228e+02, 1.49763599e-01,
       3.15929626e+02, 3.06097931e+02, 2.18822405e-01, 1.10210548e+02,
       2.57153595e+02, 1.80560946e-01, 9.17374084e+02, 3.17801605e+02,
       7.99069762e-01, 0., 0., 0., 9.19320618e+02, 2.62991364e+02,
       8.51896346e-01, 0., 0., 0., 0., 0., 0., 0., 0., 0., 0., 0., 0.,
       0., 0., 0., 0., 0., 0., 0., 0., 0., 0., 0., 0., 0., 0., 0., 0.,
       0., 0., 0., 0., 0., 0., 0., 0., 7.60655701e+02, 2.61104309e+02,
       8.69277418e-02, 6.66630920e+02, 3.21733490e+02, 7.25258589e-01,
       7.37164001e+02, 4.04050476e+02, 5.99717617e-01, 0., 0., 0., 0.,
       0., 0., 0., 0., 0., 0., 0., 0., 0., 0., 0., 0., 0., 0., 0., 0.,
       0., 0., 0., 0., 0., 0., 0., 0., 0., 0., 0., 0., 0., 0., 0., 0.,
       0., 0., 0., 0., 0., 0., 0., 0., 0., 0., 0., 0., 0., 0., 0. ]
