%YAML:1.0
---
pose_0: !!opencv-matrix
   rows: 1
   cols: 25
   dt: "3f"
   data: [ 8.74290100e+02, 3.82600433e+02, 7.74127364e-01,
       7.74322449e+02, 3.84490173e+02, 7.27097690e-01, 7.58684204e+02,
       3.08089935e+02, 6.75819695e-01, 6.52885498e+02, 2.57211914e+02,
       8.08423638e-01, 7.31260254e+02, 2.61037323e+02, 8.22254300e-01,
       7.84128296e+02, 4.56984283e+02, 6.12678051e-01, 6.68548340e+02,
       5.41179199e+02, 8.24969351e-01, 7.74271362e+02, 5.11809937e+02,
       8.20884347e-01, 5.09888428e+02, 4.56983795e+02, 3.59408557e-01,
       5.07871826e+02, 4.02155396e+02, 4.63715225e-01, 3.41408417e+02,
       3.84530426e+02, 5.19442797e-01, 0., 0., 0., 5.23615906e+02,
       4.98135284e+02, 4.37762529e-01, 3.82581848e+02, 5.07971558e+02,
       5.88847458e-01, 0., 0., 0., 8.86054688e+02, 3.64876404e+02,
       8.49462926e-01, 8.86078552e+02, 4.00075165e+02, 7.73881853e-01,
       8.66420776e+02, 3.39496216e+02, 6.16875708e-01, 8.64454834e+02,
       4.15857941e+02, 2.03268096e-01, 0., 0., 0., 0., 0., 0., 0., 0.,
       0., 0., 0., 0., 0., 0., 0., 0., 0., 0. ]
