%YAML:1.0
---
pose_0: !!opencv-matrix
   rows: 1
   cols: 25
   dt: "3f"
   data: [ 8.99796814e+02, 1.96402893e+02, 8.28030646e-01,
       8.33137268e+02, 2.90442627e+02, 4.83852804e-01, 8.41009949e+02,
       3.06170197e+02, 3.49918485e-01, 0., 0., 0., 0., 0., 0.,
       8.33098267e+02, 2.80650024e+02, 4.80564475e-01, 7.13682800e+02,
       2.39494827e+02, 7.15388477e-01, 8.25337708e+02, 1.63023590e+02,
       5.55549145e-01, 5.43182922e+02, 2.98277954e+02, 1.49018243e-01,
       0., 0., 0., 0., 0., 0., 0., 0., 0., 5.41245117e+02,
       2.96335724e+02, 1.06068410e-01, 3.35512329e+02, 2.98302795e+02,
       1.50011852e-01, 8.47350616e+01, 3.74682587e+02, 3.09579253e-01,
       9.17308472e+02, 1.94460098e+02, 1.75891489e-01, 9.19398010e+02,
       2.10033081e+02, 8.24793100e-01, 0., 0., 0., 9.23243408e+02,
       2.68892944e+02, 7.64272869e-01, 5.73371849e+01, 4.08009064e+02,
       7.79392347e-02, 5.73425179e+01, 4.09959747e+02, 9.08757821e-02,
       6.31932526e+01, 3.84488342e+02, 2.33868584e-01, 0., 0., 0., 0.,
       0., 0., 0., 0., 0. ]
