%YAML:1.0
---
pose_0: !!opencv-matrix
   rows: 1
   cols: 25
   dt: "3f"
   data: [ 8.40965942e+02, 2.92447754e+02, 7.76387870e-01,
       7.58741760e+02, 2.86525452e+02, 6.18542492e-01, 7.66492004e+02,
       2.16022568e+02, 7.13336527e-01, 7.27405457e+02, 2.33613815e+02,
       7.72947252e-01, 8.05613281e+02, 3.27639069e+02, 7.68405080e-01,
       7.48858154e+02, 3.51231476e+02, 6.07159436e-01, 7.09702332e+02,
       4.58878662e+02, 8.34968209e-01, 7.70403381e+02, 4.15761261e+02,
       8.75646114e-01, 5.05931122e+02, 2.72820587e+02, 3.42774361e-01,
       5.09888947e+02, 2.33627579e+02, 3.51913363e-01, 3.53147858e+02,
       2.10107880e+02, 3.64593744e-01, 1.96398819e+02, 1.33781128e+02,
       2.07825631e-01, 4.94204315e+02, 3.06166809e+02, 3.81867319e-01,
       3.15928345e+02, 3.33575012e+02, 3.68899167e-01, 1.65079666e+02,
       3.39483063e+02, 3.70626152e-01, 8.54637817e+02, 2.74793365e+02,
       8.68901014e-01, 8.54729492e+02, 3.06159393e+02, 7.82267034e-01,
       8.38946350e+02, 2.53254089e+02, 6.93283021e-01, 8.50712830e+02,
       3.27712036e+02, 6.65259808e-02, 1.16113037e+02, 3.64907959e+02,
       2.89064318e-01, 1.23934235e+02, 3.68789978e+02, 3.21520567e-01,
       1.18032661e+02, 3.49202881e+02, 2.04945967e-01, 1.88552979e+02,
       1.43492645e+02, 7.94707984e-02, 0., 0., 0., 0., 0., 0. ]
