%YAML:1.0
---
pose_0: !!opencv-matrix
   rows: 1
   cols: 25
   dt: "3f"
   data: [ 9.58493347e+02, 2.12005264e+02, 8.20493102e-01,
       8.56616516e+02, 2.47344147e+02, 6.11384988e-01, 8.33132507e+02,
       1.57235245e+02, 6.06967688e-01, 6.70526367e+02, 1.12141808e+02,
       4.77528483e-01, 6.99938477e+02, 1.47500748e+02, 6.49426818e-01,
       8.70344727e+02, 3.33542328e+02, 6.37823105e-01, 7.33234192e+02,
       4.41291077e+02, 6.37126744e-01, 7.58581421e+02, 3.23817535e+02,
       7.13055313e-01, 6.33295471e+02, 2.88484924e+02, 5.77959381e-02,
       0., 0., 0., 0., 0., 0., 0., 0., 0., 6.58752380e+02,
       3.33546509e+02, 7.40729421e-02, 0., 0., 0., 0., 0., 0.,
       9.64466980e+02, 1.82732910e+02, 8.50185752e-01, 9.82068848e+02,
       2.25847595e+02, 8.68160844e-01, 9.44772522e+02, 1.63083359e+02,
       6.59970582e-01, 9.78174377e+02, 2.57167206e+02, 6.08628869e-01,
       0., 0., 0., 0., 0., 0., 0., 0., 0., 0., 0., 0., 0., 0., 0., 0.,
       0., 0. ]
