%YAML:1.0
---
pose_0: !!opencv-matrix
   rows: 1
   cols: 25
   dt: "3f"
   data: [ 9.91784851e+02, 2.47391739e+02, 8.04997921e-01,
       8.66377625e+02, 2.88495819e+02, 6.67743206e-01, 8.36973389e+02,
       2.12116119e+02, 6.61221206e-01, 7.13686707e+02, 2.06203217e+02,
       6.54231489e-01, 6.03846069e+02, 1.88560654e+02, 8.07217121e-01,
       8.97771240e+02, 3.70749084e+02, 6.40327096e-01, 7.74417664e+02,
       4.37415741e+02, 7.69698799e-01, 7.19479187e+02, 2.90425293e+02,
       6.90438092e-01, 6.01949951e+02, 3.29635651e+02, 1.00412421e-01,
       5.86274780e+02, 2.86540405e+02, 1.36701360e-01, 3.78623535e+02,
       2.61076996e+02, 2.54061759e-01, 1.59202484e+02, 2.51254700e+02,
       1.54449135e-01, 0., 0., 0., 0., 0., 0., 0., 0., 0.,
       9.93755798e+02, 2.27774582e+02, 9.22962606e-01, 1.00936481e+03,
       2.61083496e+02, 8.56734276e-01, 9.54585144e+02, 2.10160294e+02,
       4.52197134e-01, 9.91853516e+02, 3.02220978e+02, 5.48892856e-01,
       0., 0., 0., 0., 0., 0., 0., 0., 0., 1.04364586e+02,
       2.55155685e+02, 9.40354764e-02, 1.06309380e+02, 2.49329681e+02,
       8.77126902e-02, 0., 0., 0. ]
