%YAML:1.0
---
pose_0: !!opencv-matrix
   rows: 1
   cols: 25
   dt: "3f"
   data: [ 1.04269238e+03, 2.27684067e+02, 8.42610776e-01,
       8.93856201e+02, 2.39512238e+02, 4.19729561e-01, 8.74267761e+02,
       1.35704361e+02, 4.57780778e-01, 7.46906372e+02, 9.64808807e+01,
       5.77427089e-01, 6.66619690e+02, 1.02461853e+02, 7.33122468e-01,
       9.07570679e+02, 3.37438690e+02, 4.65826362e-01, 7.74351624e+02,
       4.00100861e+02, 8.29167545e-01, 8.46812012e+02, 3.27644470e+02,
       6.20079815e-01, 5.98034729e+02, 2.74781921e+02, 5.35799414e-02,
       0., 0., 0., 0., 0., 0., 0., 0., 0., 0., 0., 0., 0., 0., 0., 0.,
       0., 0., 1.04277649e+03, 1.98405716e+02, 8.60108256e-01,
       1.05839734e+03, 2.41422577e+02, 6.96762681e-01, 9.99686462e+02,
       1.65144547e+02, 5.14562070e-01, 1.04074829e+03, 2.72791687e+02,
       1.32136568e-01, 0., 0., 0., 0., 0., 0., 0., 0., 0., 0., 0., 0.,
       0., 0., 0., 0., 0., 0. ]
