%YAML:1.0
---
pose_0: !!opencv-matrix
   rows: 1
   cols: 25
   dt: "3f"
   data: [ 1.16615332e+03, 5.54226341e+01, 3.42764646e-01,
       9.66331299e+02, 1.14150909e+02, 3.92382920e-01, 9.35017334e+02,
       2.20252476e+01, 3.20067763e-01, 7.27343140e+02, 5.36031485e+00,
       7.90434256e-02, 6.15677551e+02, 5.34876060e+00, 2.03174353e-01,
       9.91820923e+02, 2.23851486e+02, 3.26798826e-01, 8.21379761e+02,
       3.39467346e+02, 4.48720664e-01, 6.45049927e+02, 3.45266327e+02,
       6.62613153e-01, 0., 0., 0., 0., 0., 0., 0., 0., 0., 0., 0., 0.,
       0., 0., 0., 0., 0., 0., 0., 0., 0., 1.16816296e+03,
       5.35376978e+00, 2.38383532e-01, 1.19357910e+03, 6.90771103e+01,
       4.13699389e-01, 1.12502478e+03, 5.36067152e+00, 9.49469283e-02,
       1.18188672e+03, 1.06282768e+02, 9.46343094e-02, 0., 0., 0., 0.,
       0., 0., 0., 0., 0., 0., 0., 0., 0., 0., 0., 0., 0., 0. ]
