%YAML:1.0
---
pose_0: !!opencv-matrix
   rows: 1
   cols: 25
   dt: "3f"
   data: [ 8.68380737e+02, 4.31482788e+02, 8.65221798e-01,
       7.86074280e+02, 4.70712097e+02, 5.93431473e-01, 7.62650452e+02,
       4.35402527e+02, 4.92741257e-01, 6.21561218e+02, 4.43239288e+02,
       3.80901814e-01, 5.37262634e+02, 3.98240417e+02, 5.93448460e-01,
       8.05623901e+02, 5.11881378e+02, 6.71461523e-01, 7.62650940e+02,
       4.60868561e+02, 6.73799962e-02, 0., 0., 0., 5.07889954e+02,
       4.94231110e+02, 3.99064451e-01, 5.15762329e+02, 4.60860168e+02,
       4.69567627e-01, 3.92327637e+02, 3.92346954e+02, 6.80474102e-01,
       2.27769119e+02, 4.19774231e+02, 3.81832302e-01, 5.05941528e+02,
       5.35307678e+02, 4.09850895e-01, 3.37491211e+02, 5.88217346e+02,
       4.17208999e-01, 2.00320145e+02, 6.48919373e+02, 2.23559439e-01,
       8.70347473e+02, 4.17819672e+02, 8.66269469e-01, 8.82053345e+02,
       4.45243317e+02, 8.23738217e-01, 8.42963684e+02, 4.13902740e+02,
       3.44458222e-01, 8.68329590e+02, 4.78446198e+02, 8.13424885e-01,
       1.39618729e+02, 6.43085999e+02, 9.32544395e-02, 1.47402069e+02,
       6.50907837e+02, 1.02251813e-01, 1.90528351e+02, 6.50944031e+02,
       8.49048719e-02, 2.10108551e+02, 4.23673676e+02, 7.57101327e-02,
       0., 0., 0., 1.76820236e+02, 4.37376221e+02, 2.84391165e-01 ]
