%YAML:1.0
---
pose_0: !!opencv-matrix
   rows: 1
   cols: 25
   dt: "3f"
   data: [ 9.44745667e+02, 2.98308167e+02, 7.04642475e-01,
       8.27245667e+02, 2.74746826e+02, 5.90122700e-01, 8.39054016e+02,
       1.94404053e+02, 6.23084962e-01, 7.15589600e+02, 1.16100700e+02,
       8.32511663e-01, 7.44993652e+02, 2.14075623e+02, 7.27254033e-01,
       8.07697632e+02, 3.66870575e+02, 4.50160772e-01, 6.72493835e+02,
       4.09951233e+02, 6.25151336e-01, 7.39080811e+02, 3.70815277e+02,
       2.85501897e-01, 5.43168030e+02, 2.84556274e+02, 2.25356519e-01,
       5.54955322e+02, 2.39489380e+02, 2.60419458e-01, 3.72730988e+02,
       2.35601547e+02, 2.33865440e-01, 1.80784973e+02, 2.57159607e+02,
       3.07354808e-01, 5.29467102e+02, 3.29619232e+02, 2.27042556e-01,
       3.43344421e+02, 3.35531891e+02, 3.27022016e-01, 1.33697876e+02,
       3.19810608e+02, 3.14852834e-01, 9.60483887e+02, 2.74754944e+02,
       8.60296488e-01, 9.52677673e+02, 3.17862457e+02, 7.07615852e-01,
       9.36991699e+02, 2.43498367e+02, 4.60282743e-01, 9.44773926e+02,
       3.37553192e+02, 6.39925748e-02, 6.90423126e+01, 3.51150482e+02,
       2.23800302e-01, 8.27544556e+01, 3.51235687e+02, 2.48607665e-01,
       1.31757309e+02, 3.27654022e+02, 1.44110620e-01, 1.06315483e+02,
       2.15999344e+02, 1.07629545e-01, 1.06296547e+02, 2.12114471e+02,
       8.60897973e-02, 0., 0., 0. ]
