%YAML:1.0
---
pose_0: !!opencv-matrix
   rows: 2
   cols: 25
   dt: "3f"
   data: [ 9.60484253e+02, 1.98439514e+02, 7.55339682e-01,
       8.48779053e+02, 2.74784302e+02, 6.32728875e-01, 8.09651245e+02,
       2.23827499e+02, 1.63980901e-01, 7.46930176e+02, 2.12028061e+02,
       1.15294389e-01, 6.80340454e+02, 1.92471481e+02, 3.69913816e-01,
       8.84016479e+02, 3.29600952e+02, 5.56274891e-01, 7.84131226e+02,
       4.45283234e+02, 7.36920834e-01, 6.96057068e+02, 3.41378693e+02,
       7.15920925e-01, 6.31332703e+02, 3.08098022e+02, 5.17160147e-02,
       0., 0., 0., 0., 0., 0., 0., 0., 0., 0., 0., 0., 0., 0., 0., 0.,
       0., 0., 9.68329590e+02, 2.00346786e+02, 4.33709323e-01,
       9.76154053e+02, 2.16031265e+02, 8.31396818e-01, 0., 0., 0.,
       9.50748291e+02, 2.74711395e+02, 8.82732093e-01, 0., 0., 0., 0.,
       0., 0., 0., 0., 0., 0., 0., 0., 0., 0., 0., 0., 0., 0., 0., 0.,
       0., 0., 0., 0., 0., 0., 0., 0., 0., 0., 0., 0., 0.,
       8.07685974e+02, 2.25737930e+02, 3.24166536e-01, 7.52797363e+02,
       2.12102631e+02, 1.41033769e-01, 6.80309326e+02, 1.92420303e+02,
       2.88846999e-01, 0., 0., 0., 0., 0., 0., 0., 0., 0., 0., 0., 0.,
       0., 0., 0., 0., 0., 0., 0., 0., 0., 0., 0., 0., 0., 0., 0., 0.,
       0., 0., 0., 0., 0., 0., 0., 0., 0., 0., 0., 0., 0., 0., 0., 0.,
       0., 0., 0., 0., 0., 0., 0. ]
