%YAML:1.0
---
pose_0: !!opencv-matrix
   rows: 1
   cols: 25
   dt: "3f"
   data: [ 8.84072693e+02, 2.55115143e+02, 7.10607648e-01,
       7.82191040e+02, 2.63009064e+02, 6.56693816e-01, 7.74393494e+02,
       1.82693314e+02, 7.34661937e-01, 6.66662048e+02, 1.33741791e+02,
       8.13917875e-01, 6.01881897e+02, 1.41538147e+02, 7.67449498e-01,
       7.90078003e+02, 3.49207306e+02, 6.75640583e-01, 6.82266541e+02,
       4.09926086e+02, 7.45545208e-01, 6.03888550e+02, 3.53071228e+02,
       8.78625274e-01, 5.37295532e+02, 2.78708832e+02, 2.78211534e-01,
       5.39261414e+02, 2.31690094e+02, 3.47042114e-01, 3.68878265e+02,
       2.10198151e+02, 4.54930276e-01, 1.96456131e+02, 2.14095154e+02,
       1.25872508e-01, 5.23598511e+02, 3.27663971e+02, 3.26671630e-01,
       3.64837250e+02, 3.29635376e+02, 5.54767966e-01, 0., 0., 0.,
       8.99727905e+02, 2.35622391e+02, 7.95234144e-01, 8.99739990e+02,
       2.72696808e+02, 7.68608928e-01, 8.80117493e+02, 2.17968796e+02,
       5.44056952e-01, 8.80140076e+02, 2.90528442e+02, 3.66706163e-01,
       0., 0., 0., 0., 0., 0., 0., 0., 0., 0., 0., 0., 0., 0., 0.,
       1.94407516e+02, 2.17969849e+02, 8.84769261e-02 ]
