%YAML:1.0
---
pose_0: !!opencv-matrix
   rows: 1
   cols: 25
   dt: "3f"
   data: [ 8.68334961e+02, 2.86562592e+02, 7.74116814e-01,
       7.66550232e+02, 2.96307251e+02, 6.42188847e-01, 7.70419556e+02,
       2.25797852e+02, 5.35722494e-01, 7.82158691e+02, 1.31831802e+02,
       7.93870211e-01, 8.76249084e+02, 2.08168198e+02, 7.77092695e-01,
       7.62569214e+02, 3.59042297e+02, 5.58166981e-01, 7.92029541e+02,
       4.27577759e+02, 8.01234186e-01, 8.80146484e+02, 3.35470398e+02,
       6.10084653e-01, 5.39249634e+02, 2.90430573e+02, 3.30013216e-01,
       5.49041016e+02, 2.45428726e+02, 3.42037708e-01, 3.82581940e+02,
       2.25866028e+02, 6.77087724e-01, 2.27760086e+02, 2.27752625e+02,
       5.40054202e-01, 5.35325012e+02, 3.35469696e+02, 3.53653729e-01,
       3.23781342e+02, 3.49227386e+02, 5.30493855e-01, 1.61119095e+02,
       3.23791626e+02, 6.52755380e-01, 8.74282959e+02, 2.68875671e+02,
       7.39735484e-01, 8.76222046e+02, 3.02151642e+02, 7.01456726e-01,
       8.58627625e+02, 2.49346756e+02, 3.06551844e-01, 8.54761047e+02,
       3.19816467e+02, 4.15664643e-01, 1.16103981e+02, 3.82506897e+02,
       6.04915440e-01, 1.22002579e+02, 3.82516968e+02, 5.10113001e-01,
       1.41552307e+02, 3.10021057e+02, 5.78467250e-01, 1.57223495e+02,
       1.94436340e+02, 1.64264545e-01, 1.55294342e+02, 1.92510818e+02,
       1.34370565e-01, 2.17936920e+02, 2.27788208e+02, 3.31699848e-01 ]
