%YAML:1.0
---
pose_0: !!opencv-matrix
   rows: 1
   cols: 25
   dt: "3f"
   data: [ 8.99672546e+02, 2.70855011e+02, 7.79668570e-01,
       7.99835938e+02, 3.00275818e+02, 7.09903955e-01, 7.76275146e+02,
       2.41490814e+02, 7.75212586e-01, 6.80272156e+02, 2.04258377e+02,
       6.91034913e-01, 6.45002258e+02, 1.61145035e+02, 7.82739580e-01,
       8.23267639e+02, 3.66888580e+02, 6.99049413e-01, 7.11622375e+02,
       4.41325256e+02, 7.26018667e-01, 5.72562256e+02, 4.56962860e+02,
       7.12659240e-01, 5.54935242e+02, 3.55089996e+02, 3.14277440e-01,
       5.47105042e+02, 3.13975708e+02, 3.40723217e-01, 3.23764221e+02,
       3.45296661e+02, 1.76375747e-01, 0., 0., 0., 5.74517090e+02,
       3.96254150e+02, 2.60413289e-01, 0., 0., 0., 0., 0., 0.,
       9.01756775e+02, 2.53188004e+02, 7.67683029e-01, 9.11527161e+02,
       2.82612366e+02, 7.84642100e-01, 8.80156311e+02, 2.33644592e+02,
       5.50079584e-01, 8.99704834e+02, 3.08157410e+02, 5.56892931e-01,
       0., 0., 0., 0., 0., 0., 0., 0., 0., 0., 0., 0., 0., 0., 0., 0.,
       0., 0. ]
