%YAML:1.0
---
pose_0: !!opencv-matrix
   rows: 1
   cols: 25
   dt: "3f"
   data: [ 9.01661438e+02, 2.00373917e+02, 7.57311523e-01,
       8.35088440e+02, 2.74751495e+02, 4.66066897e-01, 8.39002319e+02,
       2.72848114e+02, 2.11931586e-01, 0., 0., 0., 0., 0., 0.,
       8.40962708e+02, 2.86488281e+02, 4.71869737e-01, 7.45000122e+02,
       2.35591965e+02, 7.25476921e-01, 6.82219971e+02, 1.76855667e+02,
       6.93921506e-01, 5.86273621e+02, 3.37447815e+02, 1.39725700e-01,
       5.70595154e+02, 3.04170471e+02, 1.46830782e-01, 3.17876953e+02,
       2.57107483e+02, 2.18392342e-01, 9.06033783e+01, 3.70746948e+02,
       2.53571868e-01, 6.03930664e+02, 3.80536224e+02, 1.36601880e-01,
       5.58845154e+02, 4.13857819e+02, 1.11286208e-01, 0., 0., 0.,
       9.17354736e+02, 1.96485764e+02, 5.61623037e-01, 9.31075623e+02,
       2.23804459e+02, 8.61476719e-01, 0., 0., 0., 9.17370483e+02,
       2.76729004e+02, 8.44294190e-01, 0., 0., 0., 0., 0., 0., 0., 0.,
       0., 5.53416634e+01, 4.02134888e+02, 7.79338554e-02,
       5.34509659e+01, 4.00169952e+02, 6.91173449e-02, 0., 0., 0. ]
