%YAML:1.0
---
pose_0: !!opencv-matrix
   rows: 1
   cols: 25
   dt: "3f"
   data: [ 9.66349060e+02, 2.45358978e+02, 7.48059273e-01,
       8.54642517e+02, 2.66914307e+02, 5.80443144e-01, 8.42909180e+02,
       1.82697159e+02, 6.08161151e-01, 7.76324036e+02, 1.47441788e+02,
       4.62644756e-01, 6.97967468e+02, 8.47112732e+01, 4.50640798e-01,
       8.68334656e+02, 3.51147247e+02, 6.10265017e-01, 7.76389404e+02,
       4.49181793e+02, 7.91564882e-01, 6.93979858e+02, 5.70610168e+02,
       5.45152903e-01, 5.54933594e+02, 3.31588898e+02, 1.23112634e-01,
       5.49058289e+02, 2.76762054e+02, 1.74318567e-01, 3.51185913e+02,
       2.90434448e+02, 1.36054665e-01, 1.18071747e+02, 3.21865234e+02,
       5.79955354e-02, 5.45140564e+02, 3.86447296e+02, 1.45289257e-01,
       3.60993805e+02, 4.29530609e+02, 2.44876117e-01, 1.25878220e+02,
       5.11847534e+02, 1.15401864e-01, 9.79993652e+02, 2.21884460e+02,
       8.12223792e-01, 9.83969604e+02, 2.63014069e+02, 7.84121990e-01,
       9.56574890e+02, 1.88592865e+02, 5.93471110e-01, 9.70268311e+02,
       2.82603882e+02, 1.49016738e-01, 1.08259140e+02, 5.07917755e+02,
       1.42234862e-01, 1.16111015e+02, 5.17677917e+02, 1.58648834e-01,
       1.14096382e+02, 5.09858948e+02, 1.16659813e-01, 0., 0., 0., 0.,
       0., 0., 0., 0., 0. ]
