%YAML:1.0
---
pose_0: !!opencv-matrix
   rows: 1
   cols: 25
   dt: "3f"
   data: [ 8.78195618e+02, 2.41482574e+02, 7.97413707e-01,
       7.74409668e+02, 2.55180466e+02, 7.09779024e-01, 7.68506042e+02,
       1.80743927e+02, 7.00244665e-01, 6.33310242e+02, 1.47460938e+02,
       7.65206099e-01, 5.33378906e+02, 1.47420746e+02, 7.27558911e-01,
       7.80228027e+02, 3.33499329e+02, 6.52914882e-01, 6.68558899e+02,
       3.78564850e+02, 6.90443635e-01, 5.84343384e+02, 3.53205719e+02,
       8.11655760e-01, 5.39269531e+02, 2.55165237e+02, 2.11248398e-01,
       5.41218628e+02, 2.06219254e+02, 3.08115005e-01, 3.51195313e+02,
       2.12086716e+02, 1.56461969e-01, 1.94495331e+02, 2.27829483e+02,
       4.50857341e-01, 5.35330383e+02, 3.08097198e+02, 1.77546993e-01,
       3.66866455e+02, 3.04171631e+02, 1.05014130e-01, 1.49383011e+02,
       3.13959473e+02, 9.66310278e-02, 8.86004028e+02, 2.25734192e+02,
       8.78010631e-01, 8.89976563e+02, 2.57165497e+02, 7.44511545e-01,
       8.58625122e+02, 2.02331650e+02, 5.97790420e-01, 8.80166687e+02,
       2.84583069e+02, 3.81459713e-01, 8.87100983e+01, 3.15923340e+02,
       1.61689177e-01, 1.02361183e+02, 3.29643799e+02, 1.74029738e-01,
       0., 0., 0., 1.49385376e+02, 1.80764877e+02, 1.55483887e-01,
       1.61124054e+02, 1.82743576e+02, 1.22463286e-01, 1.80724976e+02,
       2.41456726e+02, 2.82476217e-01 ]
