%YAML:1.0
---
pose_0: !!opencv-matrix
   rows: 1
   cols: 25
   dt: "3f"
   data: [ 9.01748047e+02, 2.29722687e+02, 7.71350920e-01,
       8.37037170e+02, 3.02212708e+02, 4.45091963e-01, 0., 0., 0., 0.,
       0., 0., 0., 0., 0., 8.52691895e+02, 3.13940918e+02,
       3.80624056e-01, 7.44992249e+02, 2.64961304e+02, 5.44753730e-01,
       6.76347595e+02, 2.10078537e+02, 7.36355543e-01, 6.90113342e+02,
       3.39449951e+02, 5.16489185e-02, 0., 0., 0., 0., 0., 0., 0., 0.,
       0., 0., 0., 0., 0., 0., 0., 0., 0., 0., 9.15434265e+02,
       2.25740295e+02, 6.74820542e-01, 9.29144531e+02, 2.47402649e+02,
       8.35982859e-01, 0., 0., 0., 9.15345459e+02, 3.04104248e+02,
       8.76884401e-01, 0., 0., 0., 0., 0., 0., 0., 0., 0., 0., 0., 0.,
       0., 0., 0., 0., 0., 0. ]
