%YAML:1.0
---
pose_0: !!opencv-matrix
   rows: 1
   cols: 25
   dt: "3f"
   data: [ 9.89814148e+02, 2.25697754e+02, 7.95454204e-01,
       8.68371277e+02, 2.27731476e+02, 5.15937269e-01, 8.68339844e+02,
       1.27838722e+02, 5.30366778e-01, 7.17543396e+02, 3.97740173e+01,
       7.94148743e-01, 6.94000793e+02, 1.21956230e+02, 7.68524349e-01,
       8.60544556e+02, 3.21803314e+02, 3.98052514e-01, 7.15612976e+02,
       3.98145050e+02, 7.82555819e-01, 8.11555481e+02, 3.62928772e+02,
       7.05679953e-01, 5.88222290e+02, 2.72822235e+02, 9.33773816e-02,
       5.58874084e+02, 2.33640472e+02, 7.84444809e-02, 0., 0., 0., 0.,
       0., 0., 5.92157837e+02, 3.27659912e+02, 7.72047862e-02, 0., 0.,
       0., 0., 0., 0., 1.00354791e+03, 1.98338013e+02, 8.21930349e-01,
       1.00943329e+03, 2.43446594e+02, 8.04991305e-01, 9.80033997e+02,
       1.65156219e+02, 5.92888713e-01, 9.68282776e+02, 2.70895294e+02,
       1.40968814e-01, 0., 0., 0., 0., 0., 0., 0., 0., 0., 0., 0., 0.,
       0., 0., 0., 0., 0., 0. ]
