%YAML:1.0
---
pose_0: !!opencv-matrix
   rows: 1
   cols: 25
   dt: "3f"
   data: [ 8.78196655e+02, 2.27811111e+02, 7.77193844e-01,
       7.90094604e+02, 2.10100601e+02, 6.84917450e-01, 7.97832092e+02,
       1.51333527e+02, 6.72755599e-01, 7.60591003e+02, 2.21884064e+02,
       8.43534410e-01, 7.37142822e+02, 3.43365997e+02, 7.71116197e-01,
       7.76336548e+02, 2.51248001e+02, 3.70700032e-01, 6.58734497e+02,
       3.21752411e+02, 7.76407719e-01, 5.66695251e+02, 3.62942322e+02,
       7.72069991e-01, 5.37276428e+02, 2.41471985e+02, 1.65237263e-01,
       5.13809875e+02, 2.12070038e+02, 1.17784493e-01, 3.53138000e+02,
       3.39466736e+02, 4.15763289e-01, 1.63101288e+02, 3.35532074e+02,
       4.85171854e-01, 5.47081848e+02, 2.72799866e+02, 1.13246933e-01,
       3.62922974e+02, 3.35551971e+02, 1.85214311e-01, 0., 0., 0.,
       8.85997925e+02, 2.10212433e+02, 8.59679699e-01, 8.93879089e+02,
       2.41411636e+02, 7.49448597e-01, 8.68401062e+02, 1.90507370e+02,
       6.51037693e-01, 8.78199890e+02, 2.59087219e+02, 2.15113148e-01,
       0., 0., 0., 0., 0., 0., 0., 0., 0., 1.20012955e+02,
       3.55110718e+02, 1.31459236e-01, 1.20017609e+02, 3.37480255e+02,
       1.62523717e-01, 1.41558640e+02, 3.23764221e+02, 2.97564477e-01 ]
