%YAML:1.0
---
pose_0: !!opencv-matrix
   rows: 1
   cols: 25
   dt: "3f"
   data: [ 9.48678772e+02, 1.98396927e+02, 7.35018969e-01,
       8.44851868e+02, 2.57121552e+02, 7.12139964e-01, 8.09654419e+02,
       1.80814346e+02, 6.67783439e-01, 7.43006409e+02, 1.47397980e+02,
       3.56315821e-01, 6.95989075e+02, 1.19990128e+02, 6.92854941e-01,
       8.70375366e+02, 3.23743591e+02, 7.16535628e-01, 8.07634094e+02,
       4.47225067e+02, 8.53792906e-01, 7.42947144e+02, 3.55126282e+02,
       7.70991743e-01, 6.03929443e+02, 2.92401581e+02, 1.41211092e-01,
       5.86293884e+02, 2.57161987e+02, 1.41727105e-01, 2.76745880e+02,
       3.35464447e+02, 9.08151641e-02, 1.08239845e+02, 4.02134430e+02,
       2.80189693e-01, 6.31303467e+02, 3.37443390e+02, 1.06980748e-01,
       0., 0., 0., 0., 0., 0., 9.60439331e+02, 1.96337936e+02,
       5.57318568e-01, 9.62481689e+02, 2.21860779e+02, 8.43231678e-01,
       0., 0., 0., 9.44754028e+02, 2.61127625e+02, 8.40364218e-01, 0.,
       0., 0., 0., 0., 0., 0., 0., 0., 7.30154114e+01, 4.45154541e+02,
       1.51277080e-01, 7.10483932e+01, 4.33518921e+02, 1.41327649e-01,
       0., 0., 0. ]
