%YAML:1.0
---
pose_0: !!opencv-matrix
   rows: 1
   cols: 25
   dt: "3f"
   data: [ 8.82052917e+02, 4.47202209e+02, 8.06037903e-01,
       7.88086792e+02, 4.76566071e+02, 6.82240129e-01, 7.76401672e+02,
       4.13799316e+02, 7.33759165e-01, 7.37150879e+02, 3.31614746e+02,
       6.93287432e-01, 7.27234009e+02, 2.59144989e+02, 8.27643394e-01,
       7.90075684e+02, 5.43220032e+02, 6.62019551e-01, 7.62569763e+02,
       6.52866333e+02, 7.67166734e-01, 8.52698486e+02, 5.80419434e+02,
       7.39612937e-01, 5.60821899e+02, 4.88303711e+02, 3.05626005e-01,
       5.68642639e+02, 4.43270111e+02, 3.87663871e-01, 4.00175354e+02,
       4.39346130e+02, 1.63637429e-01, 3.02198395e+02, 4.45207397e+02,
       6.94271550e-02, 5.58882507e+02, 5.27546082e+02, 3.32353145e-01,
       3.88430603e+02, 5.49026367e+02, 3.74508142e-01, 0., 0., 0.,
       8.86113281e+02, 4.35460388e+02, 8.19121122e-01, 8.97709900e+02,
       4.64785187e+02, 8.16123128e-01, 8.68392761e+02, 4.29525482e+02,
       2.22369313e-01, 8.76219849e+02, 4.94178009e+02, 7.11850524e-01,
       0., 0., 0., 0., 0., 0., 0., 0., 0., 0., 0., 0., 0., 0., 0., 0.,
       0., 0. ]
