%YAML:1.0
---
pose_0: !!opencv-matrix
   rows: 1
   cols: 25
   dt: "3f"
   data: [ 9.17376953e+02, 2.59079102e+02, 8.26695979e-01,
       8.05698608e+02, 2.76780212e+02, 6.53621674e-01, 8.01799927e+02,
       1.96470673e+02, 6.83486402e-01, 6.62693298e+02, 1.57252686e+02,
       6.66658044e-01, 6.78367371e+02, 1.96474701e+02, 8.05183411e-01,
       8.09645935e+02, 3.64867584e+02, 5.93633175e-01, 6.86163574e+02,
       4.62911896e+02, 7.03568935e-01, 7.44936523e+02, 3.33530304e+02,
       8.15371871e-01, 5.43180725e+02, 2.92399811e+02, 2.35481575e-01,
       5.47090393e+02, 2.45370255e+02, 3.46203595e-01, 3.66843689e+02,
       2.64976868e+02, 1.66939273e-01, 0., 0., 0., 5.39278137e+02,
       3.43339447e+02, 2.04011232e-01, 3.98196289e+02, 3.53187378e+02,
       1.19412079e-01, 1.47391144e+02, 3.39424103e+02, 1.69611767e-01,
       9.17383118e+02, 2.39508682e+02, 8.46958637e-01, 9.48700439e+02,
       2.59143341e+02, 7.32461274e-01, 8.86047302e+02, 2.21899216e+02,
       5.63611984e-01, 9.17363464e+02, 3.02205811e+02, 2.31874764e-01,
       0., 0., 0., 0., 0., 0., 0., 0., 0., 0., 0., 0., 0., 0., 0., 0.,
       0., 0. ]
