%YAML:1.0
---
pose_0: !!opencv-matrix
   rows: 1
   cols: 25
   dt: "3f"
   data: [ 8.68402222e+02, 3.43376251e+02, 8.08936954e-01,
       7.74392639e+02, 3.15882233e+02, 6.99008703e-01, 7.76309143e+02,
       2.41522995e+02, 6.95878744e-01, 6.54853455e+02, 1.96472778e+02,
       8.05099189e-01, 6.60745178e+02, 3.19824402e+02, 7.91303515e-01,
       7.64544983e+02, 3.86470398e+02, 5.68400860e-01, 6.68566711e+02,
       4.45270203e+02, 6.96374297e-01, 0., 0., 0., 5.99989258e+02,
       3.29603943e+02, 3.11400652e-01, 5.88217468e+02, 2.86482544e+02,
       3.82503539e-01, 4.78520569e+02, 2.70857635e+02, 1.78333938e-01,
       1.96354660e+02, 3.06130096e+02, 3.75903100e-01, 6.13716248e+02,
       3.66861847e+02, 3.19278836e-01, 3.62918335e+02, 3.78605957e+02,
       2.51648009e-01, 1.63111053e+02, 3.86460236e+02, 2.28136703e-01,
       8.82116211e+02, 3.23737335e+02, 7.74828315e-01, 8.84091553e+02,
       3.51168762e+02, 8.57089281e-01, 8.60580872e+02, 2.78747467e+02,
       7.35557318e-01, 0., 0., 0., 1.04334381e+02, 4.27544281e+02,
       1.94427103e-01, 1.16048058e+02, 4.29580444e+02, 2.19528303e-01,
       1.33681976e+02, 3.72738770e+02, 1.05143495e-01, 1.35671387e+02,
       2.72792633e+02, 2.01336741e-01, 1.37625717e+02, 2.72770233e+02,
       1.64424032e-01, 1.90554108e+02, 3.17874878e+02, 1.73209801e-01 ]
