%YAML:1.0
---
pose_0: !!opencv-matrix
   rows: 1
   cols: 25
   dt: "3f"
   data: [ 8.99672546e+02, 3.49139740e+02, 7.84882843e-01,
       7.89929382e+02, 3.43344116e+02, 6.88404143e-01, 7.76264954e+02,
       2.68918854e+02, 6.92478180e-01, 6.52858276e+02, 2.00373398e+02,
       7.74803400e-01, 7.25382874e+02, 2.11999680e+02, 8.53973687e-01,
       7.92008972e+02, 4.17764526e+02, 6.19192302e-01, 6.78360901e+02,
       4.80450439e+02, 8.24396849e-01, 7.78238647e+02, 4.76651154e+02,
       8.00288260e-01, 5.37289001e+02, 3.66891235e+02, 3.03549677e-01,
       5.45143005e+02, 3.19849030e+02, 3.61762434e-01, 3.76647095e+02,
       3.45330719e+02, 4.09884095e-01, 1.55257645e+02, 3.57062469e+02,
       4.43163067e-01, 5.33382263e+02, 4.13813507e+02, 3.55751425e-01,
       3.59042175e+02, 4.74564972e+02, 4.27723825e-01, 1.78782257e+02,
       5.21610474e+02, 4.53426421e-01, 9.03658813e+02, 3.21752075e+02,
       8.46663594e-01, 9.13394287e+02, 3.60947937e+02, 7.57944703e-01,
       8.76212402e+02, 2.92422119e+02, 6.44976556e-01, 9.05594971e+02,
       3.78623962e+02, 8.85957181e-02, 1.27810249e+02, 5.74513428e+02,
       3.26287597e-01, 1.31725006e+02, 5.72630798e+02, 3.43754917e-01,
       1.53333633e+02, 5.13828491e+02, 2.73627311e-01, 1.00401665e+02,
       3.29638489e+02, 1.11940429e-01, 0., 0., 0., 1.45428650e+02,
       3.66810852e+02, 3.17373306e-01 ]
