%YAML:1.0
---
pose_0: !!opencv-matrix
   rows: 1
   cols: 25
   dt: "3f"
   data: [ 9.17359802e+02, 3.68774841e+02, 8.14105392e-01,
       8.50749512e+02, 2.88430664e+02, 3.54408324e-01, 8.56622314e+02,
       2.65012207e+02, 6.24204814e-01, 7.60668396e+02, 2.43520569e+02,
       7.87673950e-01, 7.01893433e+02, 3.86482544e+02, 4.99913365e-01,
       8.40974060e+02, 3.13959442e+02, 1.31298542e-01, 0., 0., 0., 0.,
       0., 0., 6.21547791e+02, 2.76752594e+02, 8.40147287e-02, 0., 0.,
       0., 0., 0., 0., 0., 0., 0., 0., 0., 0., 0., 0., 0., 0., 0., 0.,
       9.35041382e+02, 3.51243744e+02, 7.41020441e-01, 9.36922180e+02,
       3.70824921e+02, 1.70480490e-01, 9.29105530e+02, 3.02168152e+02,
       8.40000510e-01, 0., 0., 0., 0., 0., 0., 0., 0., 0., 0., 0., 0.,
       0., 0., 0., 0., 0., 0., 0., 0., 0. ]
