%YAML:1.0
---
pose_0: !!opencv-matrix
   rows: 1
   cols: 25
   dt: "3f"
   data: [ 8.97755981e+02, 4.08007050e+02, 7.63822436e-01,
       7.88020264e+02, 4.27563995e+02, 6.78840160e-01, 7.72428589e+02,
       3.53182587e+02, 7.31944323e-01, 6.62708618e+02, 3.02146698e+02,
       8.06420207e-01, 7.13548462e+02, 2.80672485e+02, 8.15959871e-01,
       7.95927490e+02, 4.94166656e+02, 6.51174247e-01, 6.78355164e+02,
       5.62766724e+02, 7.63921559e-01, 7.92040894e+02, 5.39334229e+02,
       7.85749555e-01, 5.25583618e+02, 4.64803955e+02, 3.54131013e-01,
       5.31437256e+02, 4.15884674e+02, 4.35609549e-01, 3.39452118e+02,
       3.98201599e+02, 4.05129194e-01, 0., 0., 0., 5.35321228e+02,
       5.09842010e+02, 3.90716463e-01, 3.66862488e+02, 5.15760559e+02,
       3.11521411e-01, 0., 0., 0., 9.01622253e+02, 3.92348145e+02,
       8.64800513e-01, 9.11465942e+02, 4.21722351e+02, 7.66884148e-01,
       8.74285828e+02, 3.80501709e+02, 4.66660440e-01, 8.86076599e+02,
       4.49112549e+02, 6.32336557e-01, 0., 0., 0., 0., 0., 0., 0., 0.,
       0., 0., 0., 0., 0., 0., 0., 0., 0., 0. ]
