%YAML:1.0
---
pose_0: !!opencv-matrix
   rows: 1
   cols: 25
   dt: "3f"
   data: [ 9.29106262e+02, 3.66820862e+02, 7.44238138e-01,
       8.76214844e+02, 2.78691742e+02, 4.78570551e-01, 8.78174927e+02,
       2.88416687e+02, 5.95883369e-01, 7.68441833e+02, 3.31591431e+02,
       6.77781582e-01, 7.62625977e+02, 4.51080078e+02, 8.01668406e-01,
       8.82125916e+02, 2.72816254e+02, 3.14953685e-01, 0., 0., 0., 0.,
       0., 0., 5.39260498e+02, 2.74785339e+02, 2.19187066e-01,
       5.41210999e+02, 2.74763306e+02, 2.42178991e-01, 2.96351227e+02,
       3.39422058e+02, 3.44259202e-01, 1.49420135e+02, 3.06129883e+02,
       1.92509130e-01, 0., 0., 0., 0., 0., 0., 0., 0., 0.,
       9.48661682e+02, 3.53153717e+02, 8.00957322e-01, 9.50732849e+02,
       3.70825348e+02, 8.52443203e-02, 9.46714233e+02, 3.06146973e+02,
       8.79243731e-01, 0., 0., 0., 0., 0., 0., 0., 0., 0., 0., 0., 0.,
       0., 0., 0., 0., 0., 0., 0., 0., 0. ]
