%YAML:1.0
---
pose_0: !!opencv-matrix
   rows: 1
   cols: 25
   dt: "3f"
   data: [ 8.97793823e+02, 4.51071899e+02, 5.99830806e-01,
       8.13573242e+02, 4.45275452e+02, 7.13427305e-01, 8.21388367e+02,
       3.84488708e+02, 4.97101218e-01, 9.33095764e+02, 3.66816406e+02,
       8.62453580e-01, 9.62333862e+02, 4.53033569e+02, 7.75253117e-01,
       8.19429810e+02, 4.92266083e+02, 6.07543051e-01, 8.93873169e+02,
       5.49052795e+02, 7.84063637e-01, 8.70274292e+02, 4.62867432e+02,
       8.72123718e-01, 6.17621155e+02, 4.68716614e+02, 3.16372663e-01,
       6.19637817e+02, 4.29548340e+02, 4.05274689e-01, 4.82433838e+02,
       4.35445282e+02, 1.14150316e-01, 4.27550293e+02, 4.37371155e+02,
       1.87092468e-01, 6.17647461e+02, 5.11811737e+02, 3.26496065e-01,
       4.13845490e+02, 5.37282043e+02, 1.67174697e-01, 3.90347351e+02,
       5.41165405e+02, 1.04933955e-01, 9.01687134e+02, 4.33518799e+02,
       6.52598321e-01, 9.09555603e+02, 4.49151703e+02, 4.30269986e-01,
       8.72309875e+02, 4.09976624e+02, 3.93138915e-01, 0., 0., 0., 0.,
       0., 0., 0., 0., 0., 3.88403900e+02, 5.41241516e+02,
       9.76497307e-02, 4.04092133e+02, 4.39324066e+02, 9.84725431e-02,
       4.06020630e+02, 4.33453094e+02, 1.10817112e-01, 0., 0., 0. ]
