%YAML:1.0
---
pose_0: !!opencv-matrix
   rows: 1
   cols: 25
   dt: "3f"
   data: [ 8.97752075e+02, 2.88550171e+02, 6.82196438e-01,
       7.99850647e+02, 2.84539001e+02, 6.39051497e-01, 8.07677002e+02,
       2.02287338e+02, 6.46614850e-01, 6.82324951e+02, 1.49494614e+02,
       7.17069209e-01, 5.66716980e+02, 1.53313507e+02, 7.60922730e-01,
       7.92040894e+02, 3.58991974e+02, 6.76776350e-01, 6.99932373e+02,
       4.15759430e+02, 8.11001539e-01, 6.09762085e+02, 4.62939056e+02,
       7.60806143e-01, 5.51021973e+02, 2.88514618e+02, 2.37360686e-01,
       5.52958984e+02, 2.43448059e+02, 2.53557026e-01, 3.82506073e+02,
       2.59086853e+02, 1.24610938e-01, 0., 0., 0., 5.41221863e+02,
       3.37486328e+02, 2.00356379e-01, 3.88394775e+02, 3.55116089e+02,
       1.68222919e-01, 1.55279678e+02, 3.33564148e+02, 1.80858120e-01,
       9.01691284e+02, 2.72889984e+02, 8.58036280e-01, 9.11468079e+02,
       3.00277130e+02, 7.50464916e-01, 8.88000916e+02, 2.43460052e+02,
       5.87587893e-01, 9.01656982e+02, 3.19708252e+02, 1.78281456e-01,
       0., 0., 0., 0., 0., 0., 0., 0., 0., 0., 0., 0., 0., 0., 0., 0.,
       0., 0. ]
