%YAML:1.0
---
pose_0: !!opencv-matrix
   rows: 1
   cols: 25
   dt: "3f"
   data: [ 8.84131592e+02, 1.29830948e+02, 8.07729483e-01,
       7.78289978e+02, 1.25903122e+02, 6.72080338e-01, 7.76366882e+02,
       3.96643753e+01, 7.34873116e-01, 7.09669800e+02, 5.34603691e+00,
       2.42655411e-01, 6.50970093e+02, 1.61459179e+01, 6.80566370e-01,
       7.74339539e+02, 2.10087646e+02, 6.24571443e-01, 6.58795410e+02,
       2.41475983e+02, 7.33227611e-01, 5.35344238e+02, 2.64971802e+02,
       7.55581796e-01, 5.15747681e+02, 1.12154068e+02, 1.90250993e-01,
       5.11850647e+02, 6.90685883e+01, 2.39245415e-01, 3.45320068e+02,
       7.69160461e+01, 9.93222296e-02, 0., 0., 0., 5.15734985e+02,
       1.68978409e+02, 1.85706422e-01, 3.21818481e+02, 1.61150787e+02,
       1.03522375e-01, 0., 0., 0., 8.99656738e+02, 1.06320557e+02,
       8.16344559e-01, 8.97798584e+02, 1.47434784e+02, 7.84735799e-01,
       8.70358521e+02, 7.88973236e+01, 4.13452953e-01, 8.82103333e+02,
       1.65159698e+02, 1.89721107e-01, 0., 0., 0., 0., 0., 0., 0., 0.,
       0., 0., 0., 0., 0., 0., 0., 0., 0., 0. ]
