%YAML:1.0
---
pose_0: !!opencv-matrix
   rows: 1
   cols: 25
   dt: "3f"
   data: [ 9.01763672e+02, 1.78750427e+02, 7.80599058e-01,
       8.03723206e+02, 2.14083984e+02, 7.19398320e-01, 7.78313110e+02,
       1.45474762e+02, 6.82835460e-01, 6.99955872e+02, 8.67268372e+01,
       4.10633802e-01, 6.84220703e+02, 8.66552048e+01, 4.66279596e-01,
       8.21356995e+02, 2.90453644e+02, 6.92972183e-01, 7.25359863e+02,
       3.82513641e+02, 7.97086120e-01, 6.03947510e+02, 4.19753815e+02,
       8.00740719e-01, 5.43164551e+02, 2.53205551e+02, 3.23645294e-01,
       5.43198425e+02, 2.08171692e+02, 2.79993623e-01, 3.37494812e+02,
       2.27733887e+02, 3.33211094e-01, 1.51366608e+02, 2.53254486e+02,
       3.89586151e-01, 5.47106018e+02, 2.90399048e+02, 3.63710999e-01,
       3.57051544e+02, 2.53240585e+02, 5.33652246e-01, 1.61138382e+02,
       3.08123627e+02, 2.72478342e-01, 9.13484985e+02, 1.63109482e+02,
       8.44127297e-01, 9.19320679e+02, 1.96332779e+02, 8.48396122e-01,
       8.84105164e+02, 1.49376846e+02, 3.54543239e-01, 9.01731384e+02,
       2.27780899e+02, 7.27107763e-01, 9.06325531e+01, 2.90436523e+02,
       7.36667216e-02, 9.84222946e+01, 3.06101288e+02, 8.76926258e-02,
       1.39611221e+02, 3.17894440e+02, 1.74783573e-01, 1.02336777e+02,
       2.12072906e+02, 1.79803804e-01, 1.04373589e+02, 2.12105560e+02,
       1.51683480e-01, 1.41557236e+02, 2.59174164e+02, 2.66079724e-01 ]
