%YAML:1.0
---
pose_0: !!opencv-matrix
   rows: 1
   cols: 25
   dt: "3f"
   data: [ 8.52637939e+02, 3.10055389e+02, 7.89163947e-01,
       7.68461121e+02, 2.74822510e+02, 6.80777252e-01, 7.74325439e+02,
       2.06185242e+02, 6.55491233e-01, 6.84266479e+02, 1.80828873e+02,
       7.79886544e-01, 7.58646729e+02, 3.06107971e+02, 8.02525222e-01,
       7.62622192e+02, 3.49166138e+02, 5.70881724e-01, 6.80242188e+02,
       4.29613251e+02, 8.42451811e-01, 7.50824463e+02, 4.00273010e+02,
       7.93891490e-01, 5.27497864e+02, 2.72781036e+02, 2.77253836e-01,
       5.27485168e+02, 2.27766449e+02, 3.53578329e-01, 3.68841034e+02,
       2.14035110e+02, 2.55269229e-01, 1.92502853e+02, 2.21842850e+02,
       2.64659733e-01, 5.23571472e+02, 3.17839569e+02, 3.59828830e-01,
       3.33538208e+02, 3.37409271e+02, 3.89751136e-01, 1.53337631e+02,
       3.23751404e+02, 5.05565166e-01, 8.68408936e+02, 2.90407776e+02,
       8.38990867e-01, 8.70364624e+02, 3.13956146e+02, 7.56242812e-01,
       8.52779663e+02, 2.49281281e+02, 8.42540383e-01, 0., 0., 0.,
       1.12181717e+02, 3.78566589e+02, 2.91874409e-01, 1.16093964e+02,
       3.76648987e+02, 2.91921198e-01, 1.33689285e+02, 3.10025848e+02,
       3.84197533e-01, 0., 0., 0., 0., 0., 0., 0., 0., 0. ]
