%YAML:1.0
---
pose_0: !!opencv-matrix
   rows: 1
   cols: 25
   dt: "3f"
   data: [ 9.44736633e+02, 2.41510117e+02, 7.79010057e-01,
       8.64467285e+02, 2.90443054e+02, 5.48425853e-01, 8.54657288e+02,
       2.61046753e+02, 1.95620328e-01, 0., 0., 0., 0., 0., 0.,
       8.70321350e+02, 3.21815002e+02, 4.76292998e-01, 7.88073059e+02,
       2.86519318e+02, 6.90878749e-01, 8.39080933e+02, 1.94479111e+02,
       8.02104712e-01, 7.21447510e+02, 3.31581390e+02, 5.19420430e-02,
       0., 0., 0., 0., 0., 0., 0., 0., 0., 0., 0., 0., 0., 0., 0., 0.,
       0., 0., 9.48814209e+02, 2.29712860e+02, 7.62541056e-01,
       9.62460815e+02, 2.59106506e+02, 8.99246633e-01, 0., 0., 0.,
       9.44828918e+02, 3.06213043e+02, 8.36216807e-01, 0., 0., 0., 0.,
       0., 0., 0., 0., 0., 0., 0., 0., 0., 0., 0., 0., 0., 0. ]
