%YAML:1.0
---
pose_0: !!opencv-matrix
   rows: 1
   cols: 25
   dt: "3f"
   data: [ 8.64493774e+02, 2.57093109e+02, 8.09002757e-01,
       8.03695251e+02, 3.21769775e+02, 5.78201473e-01, 8.09662170e+02,
       3.37499084e+02, 4.59897518e-01, 6.97950806e+02, 3.04177765e+02,
       2.29850069e-01, 7.25381409e+02, 2.74785614e+02, 9.78675783e-02,
       8.03719421e+02, 3.10046295e+02, 5.33963501e-01, 6.88154846e+02,
       2.80633667e+02, 5.67457199e-01, 7.58655151e+02, 1.98381363e+02,
       5.27982235e-01, 5.45124939e+02, 3.37469391e+02, 2.34868765e-01,
       5.49061523e+02, 3.02175903e+02, 3.32778841e-01, 3.47264038e+02,
       2.72816254e+02, 1.79619282e-01, 1.29756134e+02, 3.76645050e+02,
       1.52957290e-01, 5.39275757e+02, 3.84470886e+02, 1.92105845e-01,
       3.23797333e+02, 2.74769073e+02, 3.75283480e-01, 1.31708389e+02,
       3.70835327e+02, 4.35830086e-01, 8.70425842e+02, 2.47396439e+02,
       7.14750171e-01, 8.83982849e+02, 2.72746155e+02, 8.46312881e-01,
       0., 0., 0., 8.72333557e+02, 3.19907471e+02, 8.69195521e-01,
       8.47075653e+01, 4.06051300e+02, 1.78986892e-01, 8.86595535e+01,
       4.07966583e+02, 2.19135121e-01, 1.10202896e+02, 3.82531067e+02,
       2.51500785e-01, 8.47227783e+01, 4.09922913e+02, 1.46145687e-01,
       8.47041931e+01, 4.02105469e+02, 1.26885563e-01, 1.12152206e+02,
       3.90369141e+02, 9.01478827e-02 ]
