%YAML:1.0
---
pose_0: !!opencv-matrix
   rows: 1
   cols: 25
   dt: "3f"
   data: [ 1.19357800e+03, 1.67025894e+02, 2.26852253e-01,
       1.02118103e+03, 2.06217575e+02, 1.01912647e-01, 1.01923608e+03,
       2.23844376e+02, 1.57445401e-01, 1.17208630e+03, 4.31505035e+02,
       6.28213882e-01, 1.27981860e+03, 2.82590179e+02, 3.83741021e-01,
       0., 0., 0., 0., 0., 0., 0., 0., 0., 0., 0., 0., 0., 0., 0., 0.,
       0., 0., 0., 0., 0., 0., 0., 0., 0., 0., 0., 0., 0., 0.,
       1.19757092e+03, 1.31760696e+02, 2.77475059e-01, 1.21520313e+03,
       1.84673813e+02, 1.90684006e-01, 1.14655969e+03, 1.02400284e+02,
       1.50786072e-01, 0., 0., 0., 0., 0., 0., 0., 0., 0., 0., 0., 0.,
       0., 0., 0., 0., 0., 0., 0., 0., 0. ]
