%YAML:1.0
---
pose_0: !!opencv-matrix
   rows: 1
   cols: 25
   dt: "3f"
   data: [ 1.03687817e+03, 2.53238373e+02, 6.92286670e-01,
       8.97775269e+02, 2.59069977e+02, 5.10259509e-01, 8.91917480e+02,
       1.67010483e+02, 4.73985016e-01, 7.52795288e+02, 1.04372437e+02,
       2.58564204e-01, 6.33271729e+02, 1.31780853e+02, 8.03824961e-02,
       8.95799377e+02, 3.49199371e+02, 4.48898762e-01, 7.56717651e+02,
       4.15849518e+02, 5.74386895e-01, 5.90211060e+02, 4.43205994e+02,
       5.62854707e-01, 0., 0., 0., 0., 0., 0., 0., 0., 0., 0., 0., 0.,
       0., 0., 0., 0., 0., 0., 0., 0., 0., 1.04279871e+03,
       2.25801727e+02, 8.05218816e-01, 1.04864636e+03, 2.72898590e+02,
       7.20903873e-01, 1.01141455e+03, 1.90496140e+02, 3.66828740e-01,
       1.03101318e+03, 3.04150970e+02, 1.07420169e-01, 0., 0., 0., 0.,
       0., 0., 0., 0., 0., 0., 0., 0., 0., 0., 0., 0., 0., 0. ]
