%YAML:1.0
---
pose_0: !!opencv-matrix
   rows: 1
   cols: 25
   dt: "3f"
   data: [ 1.08782825e+03, 2.31681473e+02, 3.07861090e-01,
       9.48714966e+02, 2.47332321e+02, 4.53631788e-01, 9.46726440e+02,
       1.65023758e+02, 4.63828504e-01, 9.23243774e+02, 2.00439262e+01,
       2.48361453e-01, 1.08981824e+03, 9.64654541e+01, 1.57184765e-01,
       9.46708557e+02, 3.29639557e+02, 4.34890240e-01, 8.91875610e+02,
       4.92185883e+02, 7.25430548e-01, 1.06627356e+03, 3.84510895e+02,
       5.59450030e-01, 6.21552856e+02, 3.04170105e+02, 5.49354516e-02,
       0., 0., 0., 0., 0., 0., 0., 0., 0., 0., 0., 0., 0., 0., 0., 0.,
       0., 0., 1.05650732e+03, 2.19912186e+02, 3.51514161e-01,
       1.10738245e+03, 2.49328171e+02, 3.07101041e-01, 1.05450281e+03,
       1.78761490e+02, 1.17718533e-01, 0., 0., 0., 0., 0., 0., 0., 0.,
       0., 0., 0., 0., 0., 0., 0., 0., 0., 0., 0., 0., 0. ]
