%YAML:1.0
---
pose_0: !!opencv-matrix
   rows: 1
   cols: 25
   dt: "3f"
   data: [ 8.95782593e+02, 2.39493607e+02, 7.79860377e-01,
       8.27240845e+02, 3.13954620e+02, 5.46819627e-01, 8.39056091e+02,
       3.15937286e+02, 3.29900265e-01, 0., 0., 0., 0., 0., 0.,
       8.25298767e+02, 3.19852936e+02, 4.78963345e-01, 6.98037842e+02,
       2.88471863e+02, 7.51326144e-01, 8.03747498e+02, 2.04244278e+02,
       8.22309479e-02, 5.84323303e+02, 3.53124786e+02, 2.18477800e-01,
       5.78434814e+02, 3.17889252e+02, 2.25380257e-01, 3.94273987e+02,
       3.21816132e+02, 5.33753857e-02, 0., 0., 0., 5.70602417e+02,
       3.84524139e+02, 1.29277006e-01, 3.08108795e+02, 3.04140320e+02,
       1.98227346e-01, 8.67105865e+01, 4.13871643e+02, 3.22003692e-01,
       9.09543091e+02, 2.31688156e+02, 5.47870815e-01, 9.15478821e+02,
       2.51265762e+02, 8.66592884e-01, 0., 0., 0., 9.13473694e+02,
       3.04088287e+02, 8.57577324e-01, 4.55705605e+01, 4.43234375e+02,
       1.68978214e-01, 5.33993988e+01, 4.45177185e+02, 2.14488789e-01,
       6.70885849e+01, 4.17792053e+02, 1.65548846e-01, 0., 0., 0., 0.,
       0., 0., 0., 0., 0. ]
