%YAML:1.0
---
pose_0: !!opencv-matrix
   rows: 1
   cols: 25
   dt: "3f"
   data: [ 9.54587097e+02, 2.94370300e+02, 7.18943357e-01,
       8.44893494e+02, 2.76773621e+02, 5.80139339e-01, 8.52698181e+02,
       1.90552902e+02, 6.77518010e-01, 7.27247986e+02, 1.20066673e+02,
       7.65461683e-01, 7.99782715e+02, 2.55164413e+02, 7.43562579e-01,
       8.23341736e+02, 3.53135468e+02, 3.86997849e-01, 6.84230408e+02,
       3.98258484e+02, 1.91322595e-01, 6.98024658e+02, 3.94243896e+02,
       5.22987604e-01, 6.03912415e+02, 2.74783875e+02, 6.64168671e-02,
       5.86272827e+02, 2.35600342e+02, 6.72906339e-02, 2.86538910e+02,
       3.10052826e+02, 6.47999197e-02, 1.37648865e+02, 3.13958649e+02,
       2.18148455e-01, 6.37224548e+02, 3.33529205e+02, 6.98508024e-02,
       3.47255096e+02, 3.21792267e+02, 6.71885982e-02, 1.45477890e+02,
       3.06172760e+02, 2.04205140e-01, 9.64488647e+02, 2.68878967e+02,
       8.21446657e-01, 9.68346863e+02, 3.08136078e+02, 7.41918504e-01,
       9.40880249e+02, 2.33627930e+02, 5.35984099e-01, 9.66334595e+02,
       3.27676758e+02, 7.76781812e-02, 0., 0., 0., 0., 0., 0.,
       8.86585464e+01, 3.35494446e+02, 6.38935491e-02, 8.08098602e+01,
       3.53120972e+02, 1.35631502e-01, 7.69186478e+01, 3.49242462e+02,
       1.14509456e-01, 0., 0., 0. ]
