%YAML:1.0
---
pose_0: !!opencv-matrix
   rows: 1
   cols: 25
   dt: "3f"
   data: [ 9.42833740e+02, 3.92328796e+02, 7.42689073e-01,
       8.37017822e+02, 3.21864227e+02, 6.28332257e-01, 8.52714661e+02,
       2.76755005e+02, 6.85922742e-01, 7.35193054e+02, 2.41441956e+02,
       7.64750123e-01, 6.46960693e+02, 3.82551819e+02, 6.26854300e-01,
       8.07642334e+02, 3.68822052e+02, 3.13134372e-01, 7.21477539e+02,
       3.82481995e+02, 1.23382151e-01, 0., 0., 0., 7.13625732e+02,
       3.39465729e+02, 5.43103553e-02, 0., 0., 0., 0., 0., 0., 0., 0.,
       0., 7.27308411e+02, 3.61002716e+02, 5.44040985e-02, 0., 0., 0.,
       0., 0., 0., 9.60420227e+02, 3.68858704e+02, 7.53961027e-01,
       9.62343994e+02, 3.94316467e+02, 2.56279081e-01, 9.40905945e+02,
       3.19800873e+02, 8.48029256e-01, 0., 0., 0., 0., 0., 0., 0., 0.,
       0., 0., 0., 0., 0., 0., 0., 0., 0., 0., 0., 0., 0. ]
