%YAML:1.0
---
pose_0: !!opencv-matrix
   rows: 1
   cols: 25
   dt: "3f"
   data: [ 9.27144409e+02, 2.25752686e+02, 7.41874099e-01,
       8.21424377e+02, 2.57114990e+02, 7.56911874e-01, 7.95898254e+02,
       1.80776932e+02, 7.09325552e-01, 6.88182373e+02, 1.29789627e+02,
       7.84086406e-01, 6.62658936e+02, 1.61123306e+02, 8.37266624e-01,
       8.40997681e+02, 3.33495941e+02, 6.74845636e-01, 7.43068726e+02,
       4.21711304e+02, 7.86813855e-01, 6.19551392e+02, 4.74593903e+02,
       7.60272622e-01, 5.56870422e+02, 3.08107910e+02, 1.68995202e-01,
       5.58869019e+02, 2.66936157e+02, 2.08420306e-01, 5.05891479e+02,
       2.19944489e+02, 1.48672596e-01, 0., 0., 0., 5.88239746e+02,
       3.68806396e+02, 1.15820289e-01, 0., 0., 0., 0., 0., 0.,
       9.33033875e+02, 2.08142365e+02, 8.16185236e-01, 9.38943604e+02,
       2.41380173e+02, 8.08655024e-01, 9.11511353e+02, 1.88555405e+02,
       5.76790094e-01, 9.19396729e+02, 2.68916290e+02, 5.89535117e-01,
       0., 0., 0., 0., 0., 0., 0., 0., 0., 0., 0., 0., 0., 0., 0., 0.,
       0., 0. ]
