%YAML:1.0
---
pose_0: !!opencv-matrix
   rows: 1
   cols: 25
   dt: "3f"
   data: [ 9.01795410e+02, 2.84535278e+02, 8.06225419e-01,
       7.97844727e+02, 3.25699432e+02, 6.44074023e-01, 7.72357056e+02,
       2.72748962e+02, 5.89396358e-01, 6.39198364e+02, 2.88409515e+02,
       4.35499430e-01, 5.41253357e+02, 2.57122925e+02, 6.58696711e-01,
       8.21426147e+02, 3.84545441e+02, 6.06740475e-01, 9.19382141e+02,
       4.76505005e+02, 7.73893356e-01, 1.09955542e+03, 4.56934570e+02,
       3.18294704e-01, 5.47091431e+02, 3.86478333e+02, 2.56855041e-01,
       5.45131653e+02, 3.39403503e+02, 3.39191169e-01, 3.60982758e+02,
       3.00255646e+02, 1.19545214e-01, 0., 0., 0., 5.54903015e+02,
       4.29585724e+02, 2.89342165e-01, 3.49249481e+02, 5.23546326e+02,
       5.09955287e-01, 2.10143768e+02, 6.35313477e+02, 5.44182718e-01,
       9.13443054e+02, 2.68868469e+02, 7.89388597e-01, 9.19375488e+02,
       2.98276886e+02, 8.22426677e-01, 8.88025330e+02, 2.57147583e+02,
       1.73132256e-01, 9.15446960e+02, 3.35441559e+02, 5.85107625e-01,
       1.63077087e+02, 6.29372559e+02, 1.97875619e-01, 1.76790375e+02,
       6.39196106e+02, 2.15473801e-01, 2.06191391e+02, 6.49009094e+02,
       3.63599569e-01, 0., 0., 0., 0., 0., 0., 0., 0., 0. ]
