%YAML:1.0
---
pose_0: !!opencv-matrix
   rows: 1
   cols: 25
   dt: "3f"
   data: [ 8.88026062e+02, 3.51091156e+02, 7.46035635e-01,
       7.86078979e+02, 3.57040436e+02, 6.87508821e-01, 7.72347595e+02,
       2.88483063e+02, 6.67870939e-01, 6.50986206e+02, 2.16040771e+02,
       7.81156063e-01, 7.31259644e+02, 2.31660904e+02, 8.06371868e-01,
       7.93976440e+02, 4.31469574e+02, 6.36104047e-01, 6.82353333e+02,
       5.09922150e+02, 8.33913684e-01, 7.92046143e+02, 4.92250885e+02,
       8.37610245e-01, 5.27499878e+02, 3.80577332e+02, 3.11376959e-01,
       5.27535156e+02, 3.33522491e+02, 3.88851941e-01, 3.59023438e+02,
       3.45306061e+02, 3.61163229e-01, 1.61121994e+02, 3.51149048e+02,
       2.51455605e-01, 5.27531006e+02, 4.29509521e+02, 4.28157121e-01,
       3.62946259e+02, 4.76585632e+02, 5.95046282e-01, 1.88569290e+02,
       5.29451050e+02, 3.98570001e-01, 8.99777954e+02, 3.27639160e+02,
       8.37747395e-01, 8.99784424e+02, 3.66755249e+02, 7.94960916e-01,
       8.70321350e+02, 3.04169647e+02, 6.23670280e-01, 8.86053345e+02,
       3.82540619e+02, 4.37713295e-01, 1.19995453e+02, 5.74519165e+02,
       2.57271618e-01, 1.25907204e+02, 5.74526611e+02, 2.85105824e-01,
       1.61145844e+02, 5.25559143e+02, 1.68196529e-01, 0., 0., 0., 0.,
       0., 0., 0., 0., 0. ]
