%YAML:1.0
---
pose_0: !!opencv-matrix
   rows: 1
   cols: 25
   dt: "3f"
   data: [ 1.13489587e+03, 1.82661758e+02, 8.11693251e-01,
       9.44776550e+02, 1.74846405e+02, 3.42517436e-01, 9.40850464e+02,
       7.09995728e+01, 3.51258934e-01, 8.09618042e+02, 5.34941339e+00,
       1.49062574e-01, 7.33228943e+02, 2.00322495e+01, 3.24067235e-01,
       9.54616943e+02, 2.86539490e+02, 3.38253826e-01, 7.92002625e+02,
       3.82571716e+02, 3.10864300e-01, 6.21593628e+02, 4.29523315e+02,
       6.35798573e-01, 0., 0., 0., 0., 0., 0., 0., 0., 0., 0., 0., 0.,
       0., 0., 0., 0., 0., 0., 0., 0., 0., 1.13687463e+03,
       1.49355164e+02, 8.84299397e-01, 1.15253894e+03, 1.98391327e+02,
       7.38754153e-01, 1.09760339e+03, 1.06285522e+02, 4.29067254e-01,
       0., 0., 0., 0., 0., 0., 0., 0., 0., 0., 0., 0., 0., 0., 0., 0.,
       0., 0., 0., 0., 0. ]
