%YAML:1.0
---
pose_0: !!opencv-matrix
   rows: 2
   cols: 25
   dt: "3f"
   data: [ 9.62486267e+02, 2.74831482e+02, 7.64602959e-01,
       8.52746460e+02, 2.94381805e+02, 6.16117835e-01, 8.27259949e+02,
       2.06223801e+02, 5.90714335e-01, 7.35188110e+02, 2.10121307e+02,
       1.14003047e-01, 6.86177246e+02, 1.80782318e+02, 4.84848976e-01,
       8.66455627e+02, 3.74722290e+02, 5.62341392e-01, 7.23418152e+02,
       4.74588440e+02, 6.95192695e-01, 7.60604370e+02, 3.80524231e+02,
       7.87214458e-01, 5.98040588e+02, 3.60966949e+02, 1.04950063e-01,
       6.19598694e+02, 3.94283173e+02, 5.83021753e-02, 0., 0., 0., 0.,
       0., 0., 0., 0., 0., 0., 0., 0., 0., 0., 0., 9.37017517e+02,
       2.57052216e+02, 4.85467345e-01, 9.85970032e+02, 2.90471741e+02,
       6.15816236e-01, 9.17416199e+02, 2.29691406e+02, 1.40227124e-01,
       0., 0., 0., 0., 0., 0., 0., 0., 0., 0., 0., 0., 0., 0., 0., 0.,
       0., 0., 0., 0., 0., 0., 0., 0., 0., 0., 0., 5.41229980e+02,
       2.59130127e+02, 5.28623834e-02, 3.25713409e+02, 2.82587860e+02,
       4.21757102e-01, 3.57492332e+01, 3.06147644e+02, 2.68473685e-01,
       0., 0., 0., 0., 0., 0., 0., 0., 0., 0., 0., 0., 0., 0., 0., 0.,
       0., 0., 0., 0., 0., 0., 0., 0., 0., 0., 0., 0., 0., 0., 0., 0.,
       0., 0., 0., 0., 0., 0., 0., 0., 0., 0., 0., 0., 0., 0., 0., 0.,
       0., 0., 0., 0., 0., 0., 0., 0., 0., 0., 0., 0. ]
