%YAML:1.0
---
pose_0: !!opencv-matrix
   rows: 1
   cols: 25
   dt: "3f"
   data: [ 9.80004333e+02, 2.96328979e+02, 7.75256336e-01,
       8.52711914e+02, 3.08108124e+02, 6.61906004e-01, 8.40932861e+02,
       2.25818649e+02, 6.78213298e-01, 7.33193420e+02, 1.63152969e+02,
       7.45813012e-01, 6.66620544e+02, 1.49431580e+02, 8.35768342e-01,
       8.66367432e+02, 3.98160034e+02, 6.32713616e-01, 7.91975708e+02,
       5.23604187e+02, 7.76238143e-01, 7.15593018e+02, 4.76522919e+02,
       6.64293051e-01, 5.76484741e+02, 3.31592834e+02, 1.01669729e-01,
       5.60794250e+02, 2.86513428e+02, 1.87062323e-01, 3.70788239e+02,
       2.82602905e+02, 1.09792270e-01, 0., 0., 0., 5.70606567e+02,
       3.98187897e+02, 1.02471374e-01, 0., 0., 0., 0., 0., 0.,
       9.89846313e+02, 2.74778839e+02, 7.68261194e-01, 9.93697388e+02,
       3.12005646e+02, 7.69077063e-01, 9.56572815e+02, 2.43452347e+02,
       4.34059560e-01, 9.74206787e+02, 3.37455322e+02, 1.51611820e-01,
       0., 0., 0., 0., 0., 0., 0., 0., 0., 0., 0., 0., 0., 0., 0., 0.,
       0., 0. ]
