%YAML:1.0
---
pose_0: !!opencv-matrix
   rows: 1
   cols: 25
   dt: "3f"
   data: [ 1.04862598e+03, 2.29744888e+02, 6.63190126e-01,
       9.09528076e+02, 2.61092926e+02, 5.36141992e-01, 8.84102234e+02,
       1.74839142e+02, 5.31074524e-01, 7.48912903e+02, 1.39581787e+02,
       5.61836302e-01, 6.09818359e+02, 1.14092216e+02, 7.17715502e-01,
       9.33021179e+02, 3.49245667e+02, 4.96762514e-01, 7.97900696e+02,
       4.19772980e+02, 6.93196774e-01, 6.95967468e+02, 2.78733521e+02,
       7.16027319e-01, 5.43172180e+02, 3.68828735e+02, 5.99741340e-02,
       0., 0., 0., 0., 0., 0., 0., 0., 0., 5.43191833e+02,
       3.86453735e+02, 5.47966808e-02, 2.80674500e+02, 3.43354279e+02,
       1.58328876e-01, 2.79202309e+01, 3.55085724e+02, 1.64980605e-01,
       1.05849036e+03, 2.10172119e+02, 6.99593544e-01, 1.07015332e+03,
       2.59086639e+02, 6.50929451e-01, 1.00947705e+03, 1.67077576e+02,
       2.44867444e-01, 1.05058667e+03, 2.94400330e+02, 2.55571753e-01,
       0., 0., 0., 0., 0., 0., 5.35458231e+00, 3.59052155e+02,
       1.19621657e-01, 0., 0., 0., 0., 0., 0., 0., 0., 0. ]
