%YAML:1.0
---
pose_0: !!opencv-matrix
   rows: 1
   cols: 25
   dt: "3f"
   data: [ 1.00357721e+03, 2.12017822e+02, 7.51640558e-01,
       8.74291321e+02, 2.31692322e+02, 5.79566836e-01, 8.62496216e+02,
       1.37656586e+02, 5.88182449e-01, 7.19502502e+02, 1.02322342e+02,
       6.35093868e-01, 5.84297668e+02, 8.66660080e+01, 8.11999381e-01,
       8.88048035e+02, 3.29651215e+02, 5.77701151e-01, 7.60659973e+02,
       3.86440338e+02, 7.71845818e-01, 7.29392273e+02, 2.76720642e+02,
       6.73734009e-01, 6.05860046e+02, 2.27781570e+02, 1.97160006e-01,
       6.15656250e+02, 1.88553909e+02, 2.86385924e-01, 4.62869080e+02,
       1.82691803e+02, 1.11181460e-01, 3.41392548e+02, 1.80744156e+02,
       8.91115591e-02, 5.84308777e+02, 2.90459930e+02, 1.46349028e-01,
       3.51204224e+02, 2.88504211e+02, 8.86899307e-02, 0., 0., 0.,
       1.01136432e+03, 1.86639450e+02, 8.48245502e-01, 1.02119727e+03,
       2.29702820e+02, 7.71127820e-01, 9.82004578e+02, 1.61124268e+02,
       4.53416526e-01, 9.89842407e+02, 2.59187561e+02, 3.07895422e-01,
       0., 0., 0., 0., 0., 0., 0., 0., 0., 0., 0., 0., 0., 0., 0., 0.,
       0., 0. ]
