%YAML:1.0
---
pose_0: !!opencv-matrix
   rows: 1
   cols: 25
   dt: "3f"
   data: [ 8.84078735e+02, 3.96258057e+02, 8.07872653e-01,
       7.74430298e+02, 4.13932587e+02, 7.47451663e-01, 7.60627441e+02,
       3.43339417e+02, 7.15005279e-01, 6.35223083e+02, 3.00253265e+02,
       7.96929061e-01, 6.82226746e+02, 2.90433624e+02, 8.28789651e-01,
       7.89982239e+02, 4.80502136e+02, 6.59758985e-01, 6.68620422e+02,
       5.74571167e+02, 7.70895720e-01, 7.70464966e+02, 5.47135986e+02,
       7.42361009e-01, 5.17699890e+02, 4.19778381e+02, 3.54063511e-01,
       5.21642029e+02, 3.76652344e+02, 4.51490074e-01, 3.45317322e+02,
       3.68838959e+02, 4.50688839e-01, 0., 0., 0., 5.21586304e+02,
       4.68725891e+02, 4.13632810e-01, 3.53165588e+02, 4.90304260e+02,
       5.34096897e-01, 1.78772690e+02, 5.25569641e+02, 3.53358060e-01,
       8.86098022e+02, 3.80576813e+02, 8.49869192e-01, 8.95821960e+02,
       4.11938416e+02, 7.80995369e-01, 8.60561707e+02, 3.66782410e+02,
       4.65910494e-01, 8.74283081e+02, 4.45122253e+02, 6.19820237e-01,
       1.23896637e+02, 5.72551392e+02, 1.82907000e-01, 1.29747696e+02,
       5.72561768e+02, 2.00309768e-01, 1.57233444e+02, 5.21602051e+02,
       1.71255633e-01, 0., 0., 0., 0., 0., 0., 0., 0., 0. ]
