%YAML:1.0
---
pose_0: !!opencv-matrix
   rows: 1
   cols: 25
   dt: "3f"
   data: [ 1.00164502e+03, 2.41434158e+02, 7.24412024e-01,
       8.60559021e+02, 2.57185944e+02, 5.14056563e-01, 8.52656982e+02,
       1.65092682e+02, 6.17169797e-01, 7.13639038e+02, 1.33699814e+02,
       7.61968255e-01, 6.17632141e+02, 1.47373322e+02, 8.02294731e-01,
       8.70399170e+02, 3.51153992e+02, 5.55481017e-01, 7.41010620e+02,
       4.43225616e+02, 6.96329951e-01, 7.92005310e+02, 3.00260223e+02,
       7.11307824e-01, 5.41223694e+02, 2.74782410e+02, 1.04674384e-01,
       5.43174377e+02, 2.29731155e+02, 1.67023525e-01, 3.43336761e+02,
       2.39487762e+02, 1.37960255e-01, 1.67031281e+02, 2.61066528e+02,
       5.86408749e-02, 5.31432434e+02, 3.27675110e+02, 8.87067765e-02,
       3.51203949e+02, 3.35523193e+02, 5.72131500e-02, 1.16102432e+02,
       3.39471008e+02, 5.46630397e-02, 1.01136969e+03, 2.12191116e+02,
       7.92606175e-01, 1.01534991e+03, 2.61048737e+02, 6.98353231e-01,
       9.78088440e+02, 1.80797821e+02, 2.89791435e-01, 9.93786377e+02,
       2.88549347e+02, 1.14781991e-01, 0., 0., 0., 0., 0., 0., 0., 0.,
       0., 0., 0., 0., 0., 0., 0., 0., 0., 0. ]
