%YAML:1.0
---
pose_0: !!opencv-matrix
   rows: 1
   cols: 25
   dt: "3f"
   data: [ 9.78049072e+02, 3.17868164e+02, 7.03015447e-01,
       8.54679260e+02, 3.12007385e+02, 5.59867501e-01, 8.52688232e+02,
       2.27777679e+02, 6.29620969e-01, 7.07737061e+02, 1.51357162e+02,
       7.46390879e-01, 7.88073669e+02, 2.47327652e+02, 7.81630814e-01,
       8.50729431e+02, 4.17776001e+02, 4.98965353e-01, 6.95977295e+02,
       4.80511414e+02, 2.82104403e-01, 7.42980164e+02, 4.39336853e+02,
       7.46138453e-01, 5.70603455e+02, 3.29643860e+02, 1.76058024e-01,
       5.54919495e+02, 2.80648529e+02, 2.35562027e-01, 3.43349274e+02,
       2.84546387e+02, 2.65895426e-01, 1.72899918e+02, 3.21739624e+02,
       4.83879954e-01, 5.70596924e+02, 3.86433594e+02, 1.73645049e-01,
       3.53134888e+02, 3.96227051e+02, 2.05246598e-01, 1.21983940e+02,
       3.98237457e+02, 1.83583736e-01, 9.93674316e+02, 2.92433929e+02,
       8.63378048e-01, 9.93841919e+02, 3.37481140e+02, 8.11905086e-01,
       9.68292969e+02, 2.59185547e+02, 4.93170023e-01, 0., 0., 0.,
       7.49590302e+01, 3.96219849e+02, 7.73692057e-02, 0., 0., 0., 0.,
       0., 0., 1.16083527e+02, 3.25749084e+02, 6.65343329e-02,
       1.20028496e+02, 3.21751740e+02, 6.16295263e-02, 1.61133774e+02,
       3.27707520e+02, 2.68108845e-01 ]
