%YAML:1.0
---
pose_0: !!opencv-matrix
   rows: 1
   cols: 25
   dt: "3f"
   data: [ 9.27149902e+02, 3.66807617e+02, 8.06813836e-01,
       8.19380371e+02, 3.84534546e+02, 6.86910272e-01, 8.05628723e+02,
       3.08135620e+02, 7.15605736e-01, 6.72508911e+02, 3.00228088e+02,
       6.28625393e-01, 5.56937317e+02, 2.88565399e+02, 7.45190740e-01,
       8.27225037e+02, 4.60928162e+02, 6.33357942e-01, 6.96002808e+02,
       5.11802155e+02, 8.31639826e-01, 6.80213806e+02, 4.27619263e+02,
       8.14055979e-01, 5.39278198e+02, 3.86486908e+02, 3.38776618e-01,
       5.50997925e+02, 3.45317535e+02, 4.21383977e-01, 3.62933868e+02,
       3.33498993e+02, 4.78377044e-01, 2.12142822e+02, 3.94247864e+02,
       4.48265254e-01, 5.35355652e+02, 4.31483795e+02, 3.34553272e-01,
       3.72731293e+02, 4.74620789e+02, 5.18276691e-01, 1.76811951e+02,
       5.09818817e+02, 3.16028714e-01, 9.33014526e+02, 3.43366943e+02,
       8.87245357e-01, 9.44772156e+02, 3.80592407e+02, 8.60292971e-01,
       9.01767212e+02, 3.21885956e+02, 6.21760786e-01, 9.25226379e+02,
       4.02141235e+02, 2.75577873e-01, 9.45427017e+01, 5.11811371e+02,
       1.78113684e-01, 1.02406937e+02, 5.21655457e+02, 1.93712682e-01,
       1.65045105e+02, 5.05966644e+02, 1.44875333e-01, 1.67053482e+02,
       3.72757324e+02, 1.84227675e-01, 1.72892532e+02, 3.74685303e+02,
       1.81866929e-01, 2.06194519e+02, 4.09976959e+02, 2.97288090e-01 ]
