%YAML:1.0
---
pose_0: !!opencv-matrix
   rows: 1
   cols: 25
   dt: "3f"
   data: [ 9.46793884e+02, 2.63046661e+02, 8.39631081e-01,
       8.35023682e+02, 2.88540588e+02, 6.92672193e-01, 8.21440186e+02,
       2.12119583e+02, 7.22098827e-01, 6.95945679e+02, 1.82730515e+02,
       6.15321100e-01, 5.78428467e+02, 1.74828888e+02, 6.68114007e-01,
       8.46855957e+02, 3.64857178e+02, 6.51247621e-01, 7.54724792e+02,
       4.11914917e+02, 7.16194570e-01, 6.35268616e+02, 3.47238617e+02,
       6.37989521e-01, 5.60813293e+02, 2.88494141e+02, 1.05894864e-01,
       5.84329041e+02, 2.41467819e+02, 1.76917106e-01, 3.53127228e+02,
       2.21885529e+02, 1.93041414e-01, 0., 0., 0., 5.88250061e+02,
       3.51187195e+02, 1.07229002e-01, 3.37493866e+02, 3.84559845e+02,
       3.15209121e-01, 1.33764618e+02, 4.47243927e+02, 3.28358740e-01,
       9.50750549e+02, 2.43445724e+02, 8.56437147e-01, 9.62443237e+02,
       2.78672699e+02, 8.66735101e-01, 9.29126648e+02, 2.27689041e+02,
       5.07517815e-01, 9.40895203e+02, 3.13943207e+02, 3.32792997e-01,
       6.12544327e+01, 4.49108368e+02, 2.13017628e-01, 7.10025253e+01,
       4.60887299e+02, 2.05911443e-01, 1.23932449e+02, 4.49140350e+02,
       1.72459900e-01, 0., 0., 0., 0., 0., 0., 0., 0., 0. ]
