%YAML:1.0
---
pose_0: !!opencv-matrix
   rows: 1
   cols: 25
   dt: "3f"
   data: [ 9.01673096e+02, 2.16013687e+02, 8.12099040e-01,
       7.92060730e+02, 2.35578156e+02, 7.14601040e-01, 7.74407166e+02,
       1.63045670e+02, 6.65923476e-01, 6.62677856e+02, 1.16005775e+02,
       7.04140663e-01, 5.74522095e+02, 8.47483292e+01, 8.55494201e-01,
       8.09666199e+02, 3.10050720e+02, 6.21107936e-01, 7.70428589e+02,
       4.33501068e+02, 5.96799910e-01, 7.56720886e+02, 5.54924500e+02,
       4.94357258e-01, 5.62759644e+02, 2.74733185e+02, 2.69923240e-01,
       5.62768921e+02, 2.27768616e+02, 3.62089455e-01, 3.15918365e+02,
       2.27738312e+02, 1.99725613e-01, 1.29781021e+02, 2.25838120e+02,
       3.32777053e-01, 5.62771790e+02, 3.19852631e+02, 2.37164587e-01,
       3.68816223e+02, 3.64897919e+02, 2.99476922e-01, 2.14041290e+02,
       4.29564178e+02, 2.81368732e-01, 9.07590454e+02, 1.96452515e+02,
       8.27526927e-01, 9.15351685e+02, 2.29721573e+02, 8.24598610e-01,
       8.82065308e+02, 1.78698776e+02, 5.73340535e-01, 8.99794495e+02,
       2.57074890e+02, 5.11746824e-01, 0., 0., 0., 0., 0., 0.,
       1.98361176e+02, 4.31559723e+02, 1.87501475e-01, 0., 0., 0., 0.,
       0., 0., 1.16070305e+02, 2.39487076e+02, 2.30402872e-01 ]
