%YAML:1.0
---
pose_0: !!opencv-matrix
   rows: 1
   cols: 25
   dt: "3f"
   data: [ 8.46854980e+02, 2.19891571e+02, 7.70367205e-01,
       7.90058594e+02, 2.86491638e+02, 5.50012708e-01, 7.88068176e+02,
       2.72792572e+02, 2.37282217e-01, 6.80375488e+02, 2.70823273e+02,
       1.36401266e-01, 0., 0., 0., 8.03720642e+02, 2.98288910e+02,
       4.85987276e-01, 6.80332336e+02, 2.49325653e+02, 7.17093945e-01,
       6.17541260e+02, 1.96324478e+02, 7.79028475e-01, 5.15734619e+02,
       3.55092773e+02, 4.02612418e-01, 5.11828522e+02, 3.21753815e+02,
       4.56728071e-01, 3.60981873e+02, 3.08075806e+02, 2.88741618e-01,
       2.45369400e+02, 3.68785034e+02, 2.97407031e-01, 5.19689941e+02,
       3.90347717e+02, 3.53369474e-01, 3.31565094e+02, 2.86503296e+02,
       4.81041431e-01, 1.29773010e+02, 3.74674774e+02, 4.23874676e-01,
       8.52772522e+02, 2.10080765e+02, 8.66490722e-01, 8.68440002e+02,
       2.35582504e+02, 8.42590153e-01, 0., 0., 0., 8.60541138e+02,
       2.82628052e+02, 7.86955357e-01, 7.69201355e+01, 4.00153839e+02,
       1.46015361e-01, 8.46970673e+01, 4.02143677e+02, 1.80792347e-01,
       1.02371750e+02, 3.82563812e+02, 2.93572247e-01, 2.29720490e+02,
       3.66852386e+02, 1.49534360e-01, 2.29724838e+02, 3.60985199e+02,
       1.76797688e-01, 2.39533661e+02, 3.72723297e+02, 1.57421976e-01 ]
