%YAML:1.0
---
pose_0: !!opencv-matrix
   rows: 2
   cols: 25
   dt: "3f"
   data: [ 9.76134277e+02, 3.31558228e+02, 7.23447442e-01,
       8.54623718e+02, 3.13942627e+02, 5.67103803e-01, 8.58636230e+02,
       2.25828857e+02, 6.20598257e-01, 7.44901917e+02, 1.39624222e+02,
       7.99825132e-01, 8.11609131e+02, 2.92410583e+02, 6.90779626e-01,
       8.31149170e+02, 3.98201843e+02, 3.37614477e-01, 6.76392029e+02,
       4.31500336e+02, 1.55781016e-01, 7.09724609e+02, 4.29540405e+02,
       4.67788815e-01, 6.07820984e+02, 3.21815063e+02, 8.21354762e-02,
       0., 0., 0., 0., 0., 0., 0., 0., 0., 0., 0., 0., 0., 0., 0., 0.,
       0., 0., 9.91826843e+02, 3.06037659e+02, 8.82493913e-01,
       9.93702881e+02, 3.49264648e+02, 7.76948094e-01, 9.62395630e+02,
       2.72716278e+02, 6.38674855e-01, 0., 0., 0., 0., 0., 0., 0., 0.,
       0., 0., 0., 0., 0., 0., 0., 0., 0., 0., 0., 0., 0., 0., 0., 0.,
       0., 0., 0., 0., 0., 0., 0., 0., 0., 0., 0., 0., 0., 0., 0., 0.,
       0., 0., 0., 0., 0., 5.72574890e+02, 3.35516022e+02,
       8.27569813e-02, 5.45130676e+02, 2.59094391e+02, 1.38330102e-01,
       3.41372986e+02, 3.00232758e+02, 4.77874696e-01, 1.65099854e+02,
       3.23742371e+02, 5.78271449e-01, 5.78451172e+02, 3.84477814e+02,
       1.41413614e-01, 3.35498535e+02, 3.80565369e+02, 5.61892748e-01,
       1.16062439e+02, 3.98205292e+02, 3.55410397e-01, 0., 0., 0., 0.,
       0., 0., 0., 0., 0., 0., 0., 0., 3.97229919e+01, 4.27571075e+02,
       1.65708870e-01, 5.92707405e+01, 4.31544525e+02, 1.60754219e-01,
       0., 0., 0., 1.06291626e+02, 2.88467346e+02, 1.93708479e-01,
       1.08233208e+02, 2.86510864e+02, 1.69132337e-01, 1.59158478e+02,
       3.33532532e+02, 4.03173983e-01 ]
