%YAML:1.0
---
pose_0: !!opencv-matrix
   rows: 1
   cols: 25
   dt: "3f"
   data: [ 8.99772522e+02, 4.76566925e+02, 8.73252690e-01,
       7.97870361e+02, 4.92226837e+02, 7.09442854e-01, 7.74369568e+02,
       4.31500793e+02, 6.73548341e-01, 6.66594238e+02, 4.47191284e+02,
       9.00715515e-02, 0., 0., 0., 8.21356995e+02, 5.56953796e+02,
       6.79589331e-01, 7.09680786e+02, 6.15644592e+02, 7.22193837e-01,
       6.15605469e+02, 5.47100464e+02, 6.80981398e-01, 5.70607117e+02,
       5.13815491e+02, 1.52388170e-01, 5.68638916e+02, 4.74607788e+02,
       2.15667993e-01, 0., 0., 0., 0., 0., 0., 5.86272583e+02,
       5.68649353e+02, 1.50373474e-01, 0., 0., 0., 0., 0., 0.,
       9.09540161e+02, 4.56970856e+02, 8.33407879e-01, 9.15363098e+02,
       4.92154602e+02, 8.46166432e-01, 8.84033203e+02, 4.35435059e+02,
       5.88750660e-01, 8.95820740e+02, 5.09940735e+02, 2.66080171e-01,
       0., 0., 0., 0., 0., 0., 0., 0., 0., 0., 0., 0., 0., 0., 0., 0.,
       0., 0. ]
