%YAML:1.0
---
pose_0: !!opencv-matrix
   rows: 1
   cols: 25
   dt: "3f"
   data: [ 9.29154358e+02, 2.92416016e+02, 7.57150590e-01,
       8.35088379e+02, 3.55101105e+02, 6.53874099e-01, 8.19417908e+02,
       3.21763580e+02, 3.83002967e-01, 0., 0., 0., 0., 0., 0.,
       8.39074524e+02, 3.94298981e+02, 6.47218049e-01, 6.99928162e+02,
       4.31596344e+02, 7.12746561e-01, 5.88167847e+02, 3.35525726e+02,
       7.72581220e-01, 5.70599182e+02, 3.62949677e+02, 1.21567324e-01,
       5.39265442e+02, 3.49241821e+02, 1.42345041e-01, 3.55117645e+02,
       2.86543671e+02, 2.93021530e-01, 1.86608932e+02, 3.53153503e+02,
       2.91425586e-01, 5.72579773e+02, 3.62936737e+02, 1.24578327e-01,
       3.68869293e+02, 2.72795807e+02, 4.33048934e-01, 1.82682968e+02,
       3.53191437e+02, 2.70799786e-01, 9.44725342e+02, 2.90383026e+02,
       6.37022913e-01, 9.46687256e+02, 3.15923889e+02, 8.36763978e-01,
       0., 0., 0., 9.27129456e+02, 3.59016815e+02, 7.33716726e-01,
       1.51363312e+02, 3.04204926e+02, 5.81221245e-02, 1.61134949e+02,
       3.19787567e+02, 7.10499287e-02, 1.65091858e+02, 3.68819092e+02,
       2.09677160e-01, 1.51331253e+02, 3.06079926e+02, 1.24435134e-01,
       1.51372421e+02, 3.06169434e+02, 9.74576473e-02, 1.70951782e+02,
       3.68834839e+02, 2.10053578e-01 ]
