%YAML:1.0
---
pose_0: !!opencv-matrix
   rows: 1
   cols: 25
   dt: "3f"
   data: [ 8.99754028e+02, 2.27775070e+02, 8.21579039e-01,
       8.23378052e+02, 1.88599411e+02, 5.45110345e-01, 8.25284424e+02,
       1.41535156e+02, 6.49250627e-01, 7.95953308e+02, 2.47334702e+02,
       6.40926123e-01, 7.68454590e+02, 3.84451080e+02, 6.61765337e-01,
       8.07638306e+02, 2.25784576e+02, 2.77961671e-01, 7.88009094e+02,
       2.47373428e+02, 8.69146138e-02, 0., 0., 0., 5.15749390e+02,
       2.21883286e+02, 6.84641227e-02, 0., 0., 0., 0., 0., 0., 0., 0.,
       0., 5.17712585e+02, 2.43421432e+02, 5.91532886e-02,
       3.66847839e+02, 3.45325439e+02, 9.97527838e-02, 0., 0., 0.,
       9.13419617e+02, 2.06192459e+02, 8.32262397e-01, 9.13454834e+02,
       2.41368011e+02, 7.96695411e-01, 8.91898071e+02, 1.74875809e+02,
       6.59324110e-01, 0., 0., 0., 0., 0., 0., 0., 0., 0., 0., 0., 0.,
       0., 0., 0., 0., 0., 0., 0., 0., 0. ]
