%YAML:1.0
---
pose_0: !!opencv-matrix
   rows: 1
   cols: 25
   dt: "3f"
   data: [ 9.60472229e+02, 2.43415985e+02, 8.20360720e-01,
       8.36978821e+02, 2.43456329e+02, 6.00127876e-01, 8.27287231e+02,
       1.65059601e+02, 6.71674073e-01, 7.09671875e+02, 1.31700363e+02,
       7.33743191e-01, 6.58780334e+02, 1.47391785e+02, 7.51282811e-01,
       8.46851013e+02, 3.31570740e+02, 5.26350498e-01, 7.43046509e+02,
       4.58873688e+02, 7.70649314e-01, 8.05680725e+02, 3.21788696e+02,
       6.47475421e-01, 5.94122742e+02, 2.49315460e+02, 1.23662561e-01,
       5.94105774e+02, 2.12076935e+02, 1.92433417e-01, 3.21836273e+02,
       2.41522415e+02, 3.19694638e-01, 0., 0., 0., 6.15668030e+02,
       3.00252930e+02, 5.35252318e-02, 0., 0., 0., 0., 0., 0.,
       9.64423218e+02, 2.14084427e+02, 8.33667397e-01, 9.74215454e+02,
       2.59071533e+02, 7.72980869e-01, 9.35050171e+02, 1.80813019e+02,
       3.99842262e-01, 9.58535461e+02, 2.88506409e+02, 1.00789130e-01,
       0., 0., 0., 0., 0., 0., 0., 0., 0., 0., 0., 0., 0., 0., 0., 0.,
       0., 0. ]
