%YAML:1.0
---
pose_0: !!opencv-matrix
   rows: 1
   cols: 25
   dt: "3f"
   data: [ 8.88027039e+02, 2.96360382e+02, 6.93277359e-01,
       7.91943787e+02, 2.80630646e+02, 5.08461118e-01, 8.27244629e+02,
       2.14027756e+02, 3.25889736e-01, 9.62348755e+02, 2.55175613e+02,
       7.90092826e-01, 1.03493713e+03, 3.66889587e+02, 5.68673015e-01,
       7.74314209e+02, 3.33564026e+02, 5.60877264e-01, 6.66674500e+02,
       3.82540894e+02, 6.55434072e-01, 5.54947449e+02, 4.37374512e+02,
       5.15627801e-01, 5.94111267e+02, 2.61067535e+02, 9.12161544e-02,
       5.84323059e+02, 2.33647324e+02, 8.29101801e-02, 3.53160431e+02,
       4.27589172e+02, 1.71343058e-01, 1.80761078e+02, 5.02049042e+02,
       1.99310064e-01, 0., 0., 0., 0., 0., 0., 0., 0., 0.,
       8.99719971e+02, 2.82594543e+02, 7.51936555e-01, 9.01693665e+02,
       3.06058350e+02, 7.38041222e-01, 8.89938965e+02, 2.59030975e+02,
       3.66678119e-01, 0., 0., 0., 0., 0., 0., 0., 0., 0., 0., 0., 0.,
       0., 0., 0., 0., 0., 0., 1.65029968e+02, 5.07934967e+02,
       1.29552722e-01 ]
