%YAML:1.0
---
pose_0: !!opencv-matrix
   rows: 1
   cols: 25
   dt: "3f"
   data: [ 8.99794739e+02, 1.63062622e+02, 8.06302965e-01,
       7.92074463e+02, 1.68986160e+02, 6.71255529e-01, 7.97883057e+02,
       8.47537231e+01, 6.48063421e-01, 6.78375061e+02, 2.39360905e+01,
       7.99498260e-01, 5.84247009e+02, 2.79026947e+01, 7.72239149e-01,
       7.86113892e+02, 2.55121872e+02, 6.10641241e-01, 6.64707458e+02,
       2.90515594e+02, 8.20332229e-01, 5.54955566e+02, 3.19877289e+02,
       8.56734633e-01, 5.68645569e+02, 1.33696259e+02, 1.70053542e-01,
       5.80398376e+02, 9.45516281e+01, 2.15557784e-01, 4.68733612e+02,
       1.12148170e+02, 8.62549990e-02, 3.59048859e+02, 1.35718185e+02,
       2.54878879e-01, 5.35350647e+02, 2.00335617e+02, 9.27303135e-02,
       3.66858765e+02, 2.16018829e+02, 5.18708602e-02, 3.06155914e+02,
       1.96450989e+02, 9.27081853e-02, 9.13378723e+02, 1.39616272e+02,
       7.82248020e-01, 9.17343567e+02, 1.78750259e+02, 8.79081786e-01,
       8.93875000e+02, 1.20004478e+02, 5.13595462e-01, 8.99720581e+02,
       1.98459778e+02, 2.17074290e-01, 0., 0., 0., 0., 0., 0., 0., 0.,
       0., 0., 0., 0., 0., 0., 0., 0., 0., 0. ]
