%YAML:1.0
---
pose_0: !!opencv-matrix
   rows: 1
   cols: 25
   dt: "3f"
   data: [ 9.46765625e+02, 2.41475327e+02, 7.66307473e-01,
       8.72323914e+02, 3.15925140e+02, 5.28649986e-01, 8.50772278e+02,
       2.88494598e+02, 2.66079128e-01, 7.27334412e+02, 2.88445618e+02,
       2.82815576e-01, 6.39168884e+02, 2.70823212e+02, 6.48358047e-01,
       8.84038818e+02, 3.37512360e+02, 5.62881827e-01, 7.48920898e+02,
       3.21803345e+02, 6.76947236e-01, 6.64695374e+02, 1.90503845e+02,
       8.10578108e-01, 6.58759399e+02, 3.66840820e+02, 1.07377350e-01,
       6.70523254e+02, 3.35492737e+02, 1.10714465e-01, 5.27500732e+02,
       3.04197845e+02, 7.50064328e-02, 0., 0., 0., 6.52897217e+02,
       3.98184570e+02, 9.71727148e-02, 5.23611328e+02, 3.15896240e+02,
       7.76260048e-02, 0., 0., 0., 9.66423096e+02, 2.43427246e+02,
       1.69429079e-01, 9.68317566e+02, 2.57171051e+02, 8.40322614e-01,
       0., 0., 0., 9.50682922e+02, 3.13972504e+02, 7.78715134e-01, 0.,
       0., 0., 0., 0., 0., 0., 0., 0., 0., 0., 0., 0., 0., 0., 0., 0.,
       0. ]
