%YAML:1.0
---
pose_0: !!opencv-matrix
   rows: 1
   cols: 25
   dt: "3f"
   data: [ 8.70364868e+02, 1.20023186e+02, 4.67454553e-01,
       7.90050659e+02, 1.45500763e+02, 4.81338710e-01, 7.78270264e+02,
       7.88781891e+01, 2.28724867e-01, 7.97884705e+02, 3.76719131e+01,
       6.60992190e-02, 0., 0., 0., 7.95879211e+02, 1.96417709e+02,
       4.97982383e-01, 8.89976685e+02, 2.39493607e+02, 7.76051998e-01,
       9.42830322e+02, 1.49348022e+02, 4.14904922e-01, 5.58847534e+02,
       1.80749588e+02, 5.72770312e-02, 0., 0., 0., 0., 0., 0., 0., 0.,
       0., 0., 0., 0., 0., 0., 0., 0., 0., 0., 8.76217346e+02,
       1.18000114e+02, 1.68797836e-01, 8.83992737e+02, 1.37622025e+02,
       3.05350006e-01, 0., 0., 0., 8.68386475e+02, 1.63111008e+02,
       7.40344450e-02, 0., 0., 0., 0., 0., 0., 0., 0., 0., 0., 0., 0.,
       0., 0., 0., 0., 0., 0. ]
