%YAML:1.0
---
pose_0: !!opencv-matrix
   rows: 2
   cols: 25
   dt: "3f"
   data: [ 8.89968018e+02, 4.58895416e+02, 3.43513072e-01,
       7.74395142e+02, 4.64865509e+02, 5.92571080e-01, 7.82212769e+02,
       5.09904266e+02, 4.38809603e-01, 8.52669495e+02, 5.72592834e+02,
       7.26554275e-01, 9.17311707e+02, 4.76534515e+02, 4.78553653e-01,
       7.74340454e+02, 4.04116638e+02, 5.08383334e-01, 7.76273315e+02,
       3.31563629e+02, 5.38230181e-01, 8.52773560e+02, 4.13788788e+02,
       3.63925725e-01, 6.03902222e+02, 4.51111298e+02, 5.90007678e-02,
       0., 0., 0., 0., 0., 0., 0., 0., 0., 5.90194397e+02,
       4.21726227e+02, 5.98629601e-02, 5.27526123e+02, 4.13933044e+02,
       1.56371832e-01, 3.88414551e+02, 4.31533203e+02, 5.96739911e-02,
       8.88011536e+02, 4.31583191e+02, 2.28093207e-01, 9.03627380e+02,
       4.35452881e+02, 2.48846710e-01, 8.66422852e+02, 4.37421326e+02,
       9.65104699e-02, 0., 0., 0., 0., 0., 0., 0., 0., 0., 0., 0., 0.,
       0., 0., 0., 0., 0., 0., 0., 0., 0., 0., 0., 0., 0., 0., 0.,
       7.74301086e+02, 4.00167328e+02, 8.45119804e-02, 7.74300293e+02,
       3.25691193e+02, 4.16876793e-01, 8.54654114e+02, 4.13862518e+02,
       5.24844527e-01, 0., 0., 0., 0., 0., 0., 0., 0., 0., 0., 0., 0.,
       0., 0., 0., 0., 0., 0., 0., 0., 0., 0., 0., 0., 0., 0., 0., 0.,
       0., 0., 0., 0., 0., 0., 0., 0., 0., 0., 0., 0., 0., 0., 0., 0.,
       0., 0., 0., 0., 0., 0., 0., 0., 0., 0., 0., 0., 0., 0., 0., 0. ]
