%YAML:1.0
---
pose_0: !!opencv-matrix
   rows: 1
   cols: 25
   dt: "3f"
   data: [ 8.84037903e+02, 3.51241089e+02, 8.61054122e-01,
       7.76331604e+02, 3.00209595e+02, 4.54234689e-01, 7.82169373e+02,
       2.70842407e+02, 6.24763250e-01, 6.50929688e+02, 2.43372070e+02,
       7.37602353e-01, 5.52931946e+02, 3.51132172e+02, 7.66636610e-01,
       7.74374207e+02, 3.33516937e+02, 1.67186022e-01, 0., 0., 0., 0.,
       0., 0., 5.51019226e+02, 2.78717072e+02, 2.35076413e-01,
       5.52976440e+02, 2.59108002e+02, 1.91277385e-01, 3.23744232e+02,
       4.13843842e+02, 2.03738853e-01, 0., 0., 0., 0., 0., 0., 0., 0.,
       0., 0., 0., 0., 8.91871277e+02, 3.21864319e+02, 7.73468018e-01,
       8.97760010e+02, 3.53104126e+02, 6.97376132e-01, 8.58624878e+02,
       2.88376984e+02, 8.29517126e-01, 0., 0., 0., 0., 0., 0., 0., 0.,
       0., 0., 0., 0., 0., 0., 0., 0., 0., 0., 0., 0., 0. ]
