%YAML:1.0
---
pose_0: !!opencv-matrix
   rows: 1
   cols: 25
   dt: "3f"
   data: [ 8.74266785e+02, 3.82491455e+02, 8.11683059e-01,
       7.76277405e+02, 4.29597870e+02, 6.92036748e-01, 7.45000488e+02,
       3.96196198e+02, 5.02597928e-01, 6.05887146e+02, 4.15852142e+02,
       8.83181766e-02, 5.70590576e+02, 4.17822754e+02, 7.16945007e-02,
       8.05683533e+02, 4.76503113e+02, 7.16947556e-01, 7.60571045e+02,
       5.82370239e+02, 8.22880983e-01, 7.72332703e+02, 4.55033325e+02,
       7.84144998e-01, 5.35334595e+02, 4.76577362e+02, 2.66468853e-01,
       5.37304138e+02, 4.39360504e+02, 3.54426533e-01, 3.64920929e+02,
       5.05964294e+02, 1.67075440e-01, 0., 0., 0., 5.25554932e+02,
       5.11830383e+02, 2.12883487e-01, 3.86447937e+02, 5.21618530e+02,
       6.41092807e-02, 0., 0., 0., 8.76213379e+02, 3.68825745e+02,
       8.33922446e-01, 8.84134094e+02, 3.98102203e+02, 8.07705641e-01,
       8.44863647e+02, 3.66881866e+02, 3.87857884e-01, 8.70308044e+02,
       4.29449524e+02, 7.18134165e-01, 0., 0., 0., 0., 0., 0., 0., 0.,
       0., 0., 0., 0., 0., 0., 0., 0., 0., 0. ]
