%YAML:1.0
---
pose_0: !!opencv-matrix
   rows: 1
   cols: 25
   dt: "3f"
   data: [ 8.86097961e+02, 2.10131729e+02, 8.68025780e-01,
       7.84148987e+02, 2.10101212e+02, 6.71676636e-01, 7.90102966e+02,
       1.41550644e+02, 7.17298508e-01, 7.29245605e+02, 1.00361740e+02,
       8.01219583e-01, 7.23421082e+02, 2.57159729e+02, 6.57777429e-01,
       7.64593506e+02, 2.80674896e+02, 5.44077992e-01, 6.66580750e+02,
       3.15916534e+02, 2.21155360e-01, 0., 0., 0., 6.27409119e+02,
       2.37561310e+02, 1.70958087e-01, 5.99974731e+02, 1.94432022e+02,
       1.78466663e-01, 3.39432587e+02, 2.84578094e+02, 2.46456474e-01,
       1.69013351e+02, 2.66920441e+02, 3.86032879e-01, 6.45031738e+02,
       2.74808563e+02, 1.56586111e-01, 3.49225342e+02, 2.84545288e+02,
       2.69312054e-01, 1.65048279e+02, 2.57172272e+02, 3.09187531e-01,
       8.88033936e+02, 1.90564270e+02, 8.36949825e-01, 9.05613892e+02,
       2.14064148e+02, 8.16794693e-01, 8.64434937e+02, 1.74840530e+02,
       6.14847958e-01, 8.86023132e+02, 2.41480392e+02, 2.57632136e-01,
       1.21968010e+02, 2.98289368e+02, 6.69761300e-02, 0., 0., 0.,
       1.45472015e+02, 2.41433853e+02, 2.60008782e-01, 1.29792648e+02,
       3.15903320e+02, 1.14001788e-01, 1.31730377e+02, 3.11997162e+02,
       1.02490611e-01, 1.49403503e+02, 2.47359116e+02, 2.38194242e-01 ]
