%YAML:1.0
---
pose_0: !!opencv-matrix
   rows: 1
   cols: 25
   dt: "3f"
   data: [ 8.78191467e+02, 2.35609039e+02, 7.34370649e-01,
       7.76303284e+02, 2.63057861e+02, 6.11878157e-01, 7.62651550e+02,
       1.96465698e+02, 5.51320970e-01, 0., 0., 0., 0., 0., 0.,
       7.88099670e+02, 3.29651245e+02, 6.73097074e-01, 7.15604492e+02,
       3.39502350e+02, 7.53699899e-01, 8.07664001e+02, 2.43434738e+02,
       4.41273302e-01, 5.43197754e+02, 2.55173141e+02, 1.98276848e-01,
       5.41248596e+02, 2.23855759e+02, 2.29357034e-01, 3.62924774e+02,
       2.41470169e+02, 4.17336255e-01, 2.19902176e+02, 2.90503021e+02,
       8.52442682e-02, 5.25562256e+02, 2.94350891e+02, 1.25888273e-01,
       3.55082581e+02, 3.04082062e+02, 2.44194418e-01, 2.35601166e+02,
       2.96333282e+02, 6.48490638e-02, 8.85978455e+02, 2.21852448e+02,
       8.29312980e-01, 8.89958801e+02, 2.49315094e+02, 7.76371300e-01,
       8.56645020e+02, 2.08104141e+02, 2.99090534e-01, 8.76217773e+02,
       2.74866241e+02, 5.03556907e-01, 0., 0., 0., 0., 0., 0., 0., 0.,
       0., 0., 0., 0., 0., 0., 0., 0., 0., 0. ]
