%YAML:1.0
---
pose_0: !!opencv-matrix
   rows: 1
   cols: 25
   dt: "3f"
   data: [ 8.97787659e+02, 2.61131256e+02, 7.35917926e-01,
       8.07735596e+02, 2.59129913e+02, 6.72839761e-01, 8.19396057e+02,
       1.80678772e+02, 6.62288666e-01, 6.86184204e+02, 1.29730896e+02,
       7.25689292e-01, 5.84269409e+02, 1.39609650e+02, 7.32174098e-01,
       8.05621277e+02, 3.43368011e+02, 6.16756916e-01, 6.86214722e+02,
       3.76634735e+02, 6.16797626e-01, 5.86306335e+02, 4.31521851e+02,
       6.90148354e-01, 5.58856812e+02, 2.31668213e+02, 2.09293023e-01,
       5.54926147e+02, 1.94421509e+02, 3.00969779e-01, 3.62904236e+02,
       1.98369110e+02, 3.49318206e-01, 1.68966812e+02, 2.08135391e+02,
       3.98015052e-01, 5.52967896e+02, 2.88464508e+02, 1.55731320e-01,
       3.64922852e+02, 2.90456360e+02, 2.74737179e-01, 1.63095276e+02,
       2.80665924e+02, 2.28804678e-01, 9.15382507e+02, 2.47360672e+02,
       8.55260253e-01, 9.17345215e+02, 2.86459808e+02, 7.42788553e-01,
       8.99717102e+02, 2.25765259e+02, 4.83784467e-01, 9.11469360e+02,
       3.06043549e+02, 1.93685308e-01, 8.66489258e+01, 3.17831635e+02,
       7.07148165e-02, 0., 0., 0., 0., 0., 0., 0., 0., 0., 0., 0., 0.,
       1.59163193e+02, 2.12122894e+02, 2.11695910e-01 ]
