%YAML:1.0
---
pose_0: !!opencv-matrix
   rows: 1
   cols: 25
   dt: "3f"
   data: [ 9.32987183e+02, 3.06058258e+02, 8.44133377e-01,
       8.23413574e+02, 3.64861359e+02, 5.88603258e-01, 8.07722046e+02,
       3.21827271e+02, 3.28656226e-01, 0., 0., 0., 0., 0., 0.,
       8.27230042e+02, 4.09959198e+02, 5.26924908e-01, 6.94066345e+02,
       4.47204041e+02, 7.20098794e-01, 5.86299133e+02, 3.47293457e+02,
       7.64659524e-01, 5.21592590e+02, 3.72741852e+02, 2.86465347e-01,
       5.25512268e+02, 3.35515442e+02, 3.61188382e-01, 3.55088501e+02,
       3.04114960e+02, 6.57690763e-01, 1.78807465e+02, 3.96262268e+02,
       4.99271691e-01, 5.09904572e+02, 4.13906830e+02, 3.56287509e-01,
       3.47255157e+02, 4.43250763e+02, 5.85360169e-01, 1.65045898e+02,
       4.98137390e+02, 3.31238896e-01, 9.40879822e+02, 2.96332062e+02,
       6.70521975e-01, 9.46728577e+02, 3.21893768e+02, 8.52768421e-01,
       0., 0., 0., 9.19333618e+02, 3.68781708e+02, 7.73105919e-01,
       9.06073227e+01, 4.60864960e+02, 1.21642686e-01, 9.84656525e+01,
       4.74605133e+02, 1.34017915e-01, 1.39620178e+02, 5.09909576e+02,
       2.23520577e-01, 1.35694000e+02, 3.68779053e+02, 2.17688173e-01,
       1.37632751e+02, 3.66868286e+02, 2.10377470e-01, 1.67054443e+02,
       4.15878998e+02, 4.15091276e-01 ]
