%YAML:1.0
---
pose_0: !!opencv-matrix
   rows: 1
   cols: 25
   dt: "3f"
   data: [ 9.03704468e+02, 2.12060196e+02, 8.05524349e-01,
       7.97836975e+02, 2.19923264e+02, 6.33130372e-01, 7.92004822e+02,
       1.37651291e+02, 7.02813566e-01, 6.49016418e+02, 1.12137138e+02,
       7.22160459e-01, 5.21592834e+02, 1.02421700e+02, 7.39277124e-01,
       7.95891602e+02, 3.06104736e+02, 6.28333390e-01, 6.66586060e+02,
       3.43378387e+02, 6.88616753e-01, 5.88259827e+02, 3.04208710e+02,
       8.11175227e-01, 5.39270142e+02, 1.98386200e+02, 2.58920312e-01,
       5.43163025e+02, 1.63056473e+02, 3.60969007e-01, 3.49241638e+02,
       1.80763107e+02, 1.94445208e-01, 0., 0., 0., 5.39254333e+02,
       2.47347397e+02, 2.08940253e-01, 3.61003021e+02, 2.55207214e+02,
       1.14370100e-01, 0., 0., 0., 9.17327576e+02, 1.94393356e+02,
       9.14486766e-01, 9.19313049e+02, 2.27773117e+02, 8.16529691e-01,
       8.93890564e+02, 1.68981354e+02, 6.32603586e-01, 9.01746765e+02,
       2.49304031e+02, 2.97587305e-01, 0., 0., 0., 0., 0., 0., 0., 0.,
       0., 0., 0., 0., 0., 0., 0., 0., 0., 0. ]
