%YAML:1.0
---
pose_0: !!opencv-matrix
   rows: 1
   cols: 25
   dt: "3f"
   data: [ 8.66419067e+02, 2.25836884e+02, 8.36192846e-01,
       8.07735840e+02, 2.82630005e+02, 5.89539826e-01, 8.09637451e+02,
       2.76765045e+02, 3.48280281e-01, 0., 0., 0., 0., 0., 0.,
       8.17421631e+02, 2.92419128e+02, 6.32445395e-01, 6.94023499e+02,
       2.74755646e+02, 7.91238189e-01, 7.29261841e+02, 1.76780548e+02,
       2.75037855e-01, 5.56889648e+02, 3.49227081e+02, 1.75825447e-01,
       5.52991272e+02, 3.15919586e+02, 2.02727646e-01, 3.21809631e+02,
       2.90489899e+02, 1.69317663e-01, 1.31761353e+02, 3.72732849e+02,
       1.08354434e-01, 5.45138672e+02, 3.80540497e+02, 1.70710489e-01,
       3.29631104e+02, 2.90406860e+02, 2.13064462e-01, 1.31749374e+02,
       3.70774323e+02, 1.01961210e-01, 8.70452271e+02, 2.15976974e+02,
       7.86395907e-01, 8.84114929e+02, 2.41534698e+02, 8.77876639e-01,
       0., 0., 0., 8.74279663e+02, 2.90389465e+02, 8.48244071e-01, 0.,
       0., 0., 0., 0., 0., 0., 0., 0., 8.27561798e+01, 3.94253265e+02,
       1.01757735e-01, 8.27465591e+01, 3.86466400e+02, 9.45670232e-02,
       0., 0., 0. ]
