%YAML:1.0
---
pose_0: !!opencv-matrix
   rows: 1
   cols: 25
   dt: "3f"
   data: [ 8.50748657e+02, 1.63163498e+02, 8.22203040e-01,
       7.62632385e+02, 1.92465714e+02, 6.59678757e-01, 7.60698853e+02,
       1.21942680e+02, 5.23490429e-01, 8.05710999e+02, 2.98838120e+01,
       6.18584037e-01, 0., 0., 0., 7.72379089e+02, 2.51262329e+02,
       4.64776337e-01, 8.74307373e+02, 2.90367981e+02, 7.42017448e-01,
       8.74268494e+02, 2.35582245e+02, 3.12287033e-01, 5.33395447e+02,
       1.74853775e+02, 2.48635650e-01, 5.39266418e+02, 1.31708130e+02,
       2.66062498e-01, 3.57048096e+02, 1.16092506e+02, 1.12601489e-01,
       0., 0., 0., 5.27493286e+02, 2.12136520e+02, 3.10781509e-01,
       3.53150635e+02, 2.31668320e+02, 1.93019956e-01, 1.70949417e+02,
       2.70827789e+02, 2.65481114e-01, 8.56639771e+02, 1.59173813e+02,
       5.02921104e-01, 8.56646606e+02, 1.78802429e+02, 7.69917369e-01,
       8.58621643e+02, 1.65134369e+02, 7.50540048e-02, 8.40945740e+02,
       2.12177277e+02, 7.01372325e-01, 1.16020821e+02, 2.98282837e+02,
       3.21343303e-01, 1.19974350e+02, 3.02202301e+02, 3.34329426e-01,
       1.55266495e+02, 2.55178040e+02, 1.34058356e-01, 0., 0., 0., 0.,
       0., 0., 0., 0., 0. ]
