%YAML:1.0
---
pose_0: !!opencv-matrix
   rows: 1
   cols: 25
   dt: "3f"
   data: [ 8.56661743e+02, 2.00313858e+02, 7.80533493e-01,
       8.03738831e+02, 2.74780884e+02, 5.45120001e-01, 7.78263550e+02,
       2.49320633e+02, 2.57281750e-01, 0., 0., 0., 0., 0., 0.,
       8.09632813e+02, 2.98253174e+02, 4.98187810e-01, 6.80276245e+02,
       2.51296555e+02, 6.73506320e-01, 5.39252380e+02, 1.92468857e+02,
       7.45303154e-01, 5.90182190e+02, 3.15944366e+02, 3.45300674e-01,
       5.70621399e+02, 2.78687531e+02, 3.53765368e-01, 3.17878113e+02,
       2.45394562e+02, 3.11568320e-01, 6.71061707e+01, 3.84482422e+02,
       1.99723065e-01, 6.09808105e+02, 3.51209412e+02, 3.60910475e-01,
       3.78602295e+02, 3.04098969e+02, 2.56223619e-01, 8.08041687e+01,
       3.74679260e+02, 2.53110796e-01, 8.72292358e+02, 1.92509857e+02,
       6.76666260e-01, 8.85970459e+02, 2.12053604e+02, 8.71964455e-01,
       0., 0., 0., 8.88048340e+02, 2.70812286e+02, 8.16430926e-01,
       7.30006561e+01, 4.13842804e+02, 7.54053742e-02, 7.49548035e+01,
       4.11920319e+02, 7.29858577e-02, 4.17069168e+01, 3.92336578e+02,
       1.86927512e-01, 5.53816566e+01, 4.13909332e+02, 1.39543861e-01,
       5.53290863e+01, 4.11951813e+02, 1.33074716e-01, 4.36185684e+01,
       3.96209595e+02, 2.09819615e-01 ]
