%YAML:1.0
---
pose_0: !!opencv-matrix
   rows: 1
   cols: 25
   dt: "3f"
   data: [ 9.29119446e+02, 1.35643036e+02, 7.86238372e-01,
       8.19365417e+02, 1.47447067e+02, 6.49412215e-01, 8.07604614e+02,
       6.31637421e+01, 6.87147379e-01, 6.80328491e+02, 2.39959030e+01,
       7.86659122e-01, 6.25447327e+02, 3.97375336e+01, 7.99517334e-01,
       8.23435181e+02, 2.39452423e+02, 6.71997190e-01, 7.15582275e+02,
       2.92449615e+02, 6.49035573e-01, 5.80409180e+02, 3.23761658e+02,
       7.63513565e-01, 5.82360962e+02, 1.86629501e+02, 1.28294736e-01,
       5.60804199e+02, 1.35693741e+02, 1.06316790e-01, 0., 0., 0., 0.,
       0., 0., 6.01936340e+02, 2.25802856e+02, 1.13137931e-01, 0., 0.,
       0., 0., 0., 0., 9.33032349e+02, 1.15996742e+02, 8.33972037e-01,
       9.40887451e+02, 1.53313385e+02, 7.98090577e-01, 9.07593628e+02,
       9.06043091e+01, 5.27178705e-01, 9.23234375e+02, 1.78838638e+02,
       3.24241132e-01, 0., 0., 0., 0., 0., 0., 0., 0., 0., 0., 0., 0.,
       0., 0., 0., 0., 0., 0. ]
