%YAML:1.0
---
pose_0: !!opencv-matrix
   rows: 1
   cols: 25
   dt: "3f"
   data: [ 9.17355164e+02, 3.70826874e+02, 6.78883910e-01,
       8.52724304e+02, 2.88518127e+02, 4.86045331e-01, 8.50718567e+02,
       2.88523926e+02, 6.90365314e-01, 7.37111389e+02, 3.08084961e+02,
       6.74443841e-01, 6.98036499e+02, 4.51109406e+02, 7.77801573e-01,
       8.60571960e+02, 2.82616486e+02, 3.13794702e-01, 0., 0., 0., 0.,
       0., 0., 5.52968262e+02, 2.84543762e+02, 3.21216464e-01,
       5.47078979e+02, 2.53248215e+02, 3.33115965e-01, 4.19762634e+02,
       2.90499359e+02, 2.34136805e-01, 3.10023224e+02, 3.45281982e+02,
       2.37639397e-01, 5.54886841e+02, 3.13933746e+02, 2.84360766e-01,
       4.56988007e+02, 3.55138458e+02, 2.11623281e-01, 3.15921783e+02,
       3.62935822e+02, 2.27720171e-01, 9.35008423e+02, 3.64912537e+02,
       7.53707886e-01, 9.36985596e+02, 3.82484955e+02, 6.29354194e-02,
       9.35036621e+02, 3.12018372e+02, 8.01742375e-01, 0., 0., 0., 0.,
       0., 0., 0., 0., 0., 0., 0., 0., 0., 0., 0., 0., 0., 0., 0., 0.,
       0. ]
