%YAML:1.0
---
pose_0: !!opencv-matrix
   rows: 1
   cols: 25
   dt: "3f"
   data: [ 8.80164368e+02, 2.41533371e+02, 8.11089873e-01,
       7.94012268e+02, 2.76786163e+02, 6.78711474e-01, 7.93966370e+02,
       2.06193878e+02, 5.47424734e-01, 8.17442810e+02, 1.16047028e+02,
       8.07423353e-01, 9.13426208e+02, 1.74823410e+02, 7.88607419e-01,
       7.97849548e+02, 3.41429718e+02, 6.12813890e-01, 8.54690735e+02,
       4.00227936e+02, 8.67666066e-01, 9.21305786e+02, 3.15942719e+02,
       7.54074991e-01, 5.58836426e+02, 3.06141602e+02, 3.06176066e-01,
       5.60829895e+02, 2.63049835e+02, 3.41387361e-01, 3.45287842e+02,
       2.80682404e+02, 2.61534423e-01, 1.80763733e+02, 2.94337708e+02,
       3.01645130e-01, 5.60806580e+02, 3.51132538e+02, 3.33815575e-01,
       3.47276978e+02, 3.53150787e+02, 3.94659638e-01, 1.74848145e+02,
       3.82515594e+02, 2.95733988e-01, 8.84087524e+02, 2.27855179e+02,
       7.76962638e-01, 8.95837280e+02, 2.55177795e+02, 7.64116108e-01,
       8.48768372e+02, 2.23786850e+02, 5.88034689e-02, 8.82137695e+02,
       2.90396088e+02, 6.57676697e-01, 1.06300591e+02, 3.66868744e+02,
       2.47812659e-01, 1.16032562e+02, 3.76656158e+02, 2.64188111e-01,
       1.51337692e+02, 3.98128723e+02, 2.06541494e-01, 1.47393600e+02,
       2.61079163e+02, 8.69816989e-02, 0., 0., 0., 1.63057068e+02,
       3.08076599e+02, 1.57135040e-01 ]
