%YAML:1.0
---
pose_0: !!opencv-matrix
   rows: 1
   cols: 25
   dt: "3f"
   data: [ 9.33118835e+02, 2.10099518e+02, 8.62989902e-01,
       8.21408691e+02, 2.19902115e+02, 6.57259643e-01, 8.13564941e+02,
       1.35662857e+02, 6.69366598e-01, 6.82336914e+02, 9.26196365e+01,
       7.43303418e-01, 5.80406494e+02, 7.29923935e+01, 7.86332428e-01,
       8.23334045e+02, 3.06060120e+02, 6.73491001e-01, 7.03805237e+02,
       3.39420227e+02, 6.34183645e-01, 5.70646362e+02, 3.53088165e+02,
       8.11709523e-01, 5.74520935e+02, 2.14068146e+02, 1.91784367e-01,
       5.74536926e+02, 1.72880707e+02, 2.22739592e-01, 0., 0., 0., 0.,
       0., 0., 5.82348267e+02, 2.74811646e+02, 1.48519501e-01, 0., 0.,
       0., 0., 0., 0., 9.42823181e+02, 1.88605316e+02, 8.17487955e-01,
       9.46765808e+02, 2.25699661e+02, 8.20964575e-01, 9.15324219e+02,
       1.68966019e+02, 6.85921967e-01, 9.31110779e+02, 2.45449219e+02,
       4.04981762e-01, 0., 0., 0., 0., 0., 0., 0., 0., 0., 0., 0., 0.,
       0., 0., 0., 0., 0., 0. ]
