%YAML:1.0
---
pose_0: !!opencv-matrix
   rows: 1
   cols: 25
   dt: "3f"
   data: [ 9.76149048e+02, 2.80685760e+02, 7.17070282e-01,
       8.54685364e+02, 2.92400421e+02, 6.72995925e-01, 8.52739441e+02,
       2.12031570e+02, 7.06560075e-01, 7.44908813e+02, 1.35725189e+02,
       7.86557376e-01, 7.13603088e+02, 1.65042023e+02, 8.88204873e-01,
       8.58579468e+02, 3.78639191e+02, 6.09213650e-01, 7.60679688e+02,
       4.72613617e+02, 6.94132030e-01, 6.41107178e+02, 4.90288971e+02,
       7.60805726e-01, 6.15642517e+02, 3.55094543e+02, 1.08576380e-01,
       6.03914001e+02, 2.88480377e+02, 1.26486048e-01, 3.88437897e+02,
       2.57161987e+02, 9.71099138e-02, 0., 0., 0., 6.19585999e+02,
       3.98190186e+02, 1.24079458e-01, 3.17864441e+02, 4.02112854e+02,
       8.66534859e-02, 1.49427704e+02, 4.15832764e+02, 6.09804355e-02,
       9.84006653e+02, 2.59145355e+02, 8.17488670e-01, 9.83968384e+02,
       3.04077942e+02, 7.83840418e-01, 9.48792175e+02, 2.35559082e+02,
       5.61932445e-01, 9.72213013e+02, 3.21760834e+02, 2.25809991e-01,
       0., 0., 0., 0., 0., 0., 0., 0., 0., 0., 0., 0., 0., 0., 0., 0.,
       0., 0. ]
