%YAML:1.0
---
pose_0: !!opencv-matrix
   rows: 1
   cols: 25
   dt: "3f"
   data: [ 8.99720581e+02, 2.84583466e+02, 7.62349308e-01,
       8.05744385e+02, 2.72784546e+02, 7.23871827e-01, 8.09681091e+02,
       1.82730316e+02, 6.48494542e-01, 7.11591919e+02, 9.06523895e+01,
       6.73832715e-01, 6.58797607e+02, 1.57220947e+02, 7.29108393e-01,
       8.03681152e+02, 3.51098053e+02, 6.32690310e-01, 7.09653381e+02,
       4.08005096e+02, 7.55401850e-01, 6.23467529e+02, 4.64822510e+02,
       7.17851222e-01, 5.56889832e+02, 2.57140289e+02, 2.44658023e-01,
       5.54949707e+02, 2.10121353e+02, 3.12783480e-01, 3.66853882e+02,
       2.29726944e+02, 9.86283347e-02, 0., 0., 0., 5.47106812e+02,
       3.06094238e+02, 2.76032120e-01, 3.70797913e+02, 3.06112579e+02,
       1.39433771e-01, 0., 0., 0., 9.15348816e+02, 2.63007355e+02,
       7.87069321e-01, 9.15412598e+02, 3.02197327e+02, 7.71849215e-01,
       8.99761108e+02, 2.29773468e+02, 6.36568546e-01, 8.70408081e+02,
       2.88413940e+02, 5.07462583e-02, 0., 0., 0., 0., 0., 0., 0., 0.,
       0., 0., 0., 0., 0., 0., 0., 0., 0., 0. ]
