%YAML:1.0
---
pose_0: !!opencv-matrix
   rows: 1
   cols: 25
   dt: "3f"
   data: [ 9.21266541e+02, 3.53219543e+02, 7.58210540e-01,
       8.68394287e+02, 2.74783783e+02, 4.80095148e-01, 8.68446960e+02,
       2.78676300e+02, 6.65675461e-01, 7.74398315e+02, 3.29618683e+02,
       6.85339510e-01, 7.80210205e+02, 4.37424286e+02, 7.94903517e-01,
       8.70349060e+02, 2.68928497e+02, 3.31138551e-01, 0., 0., 0., 0.,
       0., 0., 5.49068481e+02, 2.68906219e+02, 2.75605589e-01,
       5.41253296e+02, 2.53232666e+02, 2.47052521e-01, 3.53144531e+02,
       3.66806427e+02, 9.99518633e-02, 0., 0., 0., 5.52986084e+02,
       2.96332397e+02, 1.50599986e-01, 3.35497040e+02, 3.64904694e+02,
       1.82103813e-01, 1.29796524e+02, 3.06167297e+02, 1.35106608e-01,
       9.36969543e+02, 3.37470276e+02, 7.75103033e-01, 0., 0., 0.,
       9.27135986e+02, 2.86511047e+02, 8.07599187e-01, 0., 0., 0., 0.,
       0., 0., 0., 0., 0., 0., 0., 0., 0., 0., 0., 0., 0., 0., 0., 0.,
       0. ]
