%YAML:1.0
---
pose_0: !!opencv-matrix
   rows: 1
   cols: 25
   dt: "3f"
   data: [ 9.21326477e+02, 2.27730103e+02, 8.14847708e-01,
       8.50720825e+02, 1.84692444e+02, 4.98377085e-01, 8.39088318e+02,
       1.45440567e+02, 6.29003763e-01, 8.72327332e+02, 2.66935577e+02,
       4.76507813e-01, 8.44913879e+02, 3.66913849e+02, 4.39723611e-01,
       8.58597351e+02, 2.21885574e+02, 2.48471037e-01, 8.74297729e+02,
       2.74802094e+02, 5.01705050e-01, 8.41019714e+02, 3.68833527e+02,
       6.10361040e-01, 6.13711792e+02, 1.84667938e+02, 6.30032271e-02,
       0., 0., 0., 0., 0., 0., 0., 0., 0., 0., 0., 0., 0., 0., 0., 0.,
       0., 0., 9.30976440e+02, 2.06201431e+02, 8.34092796e-01,
       9.36934326e+02, 2.31644821e+02, 7.14660168e-01, 9.07586182e+02,
       1.78772797e+02, 6.19305372e-01, 0., 0., 0., 0., 0., 0., 0., 0.,
       0., 0., 0., 0., 0., 0., 0., 0., 0., 0., 0., 0., 0. ]
