%YAML:1.0
---
pose_0: !!opencv-matrix
   rows: 1
   cols: 25
   dt: "3f"
   data: [ 8.74244751e+02, 1.88562988e+02, 7.24066734e-01,
       8.05651917e+02, 2.74752136e+02, 5.68433940e-01, 8.13544128e+02,
       2.86558655e+02, 4.12718236e-01, 7.19497803e+02, 2.64985748e+02,
       1.73043847e-01, 0., 0., 0., 8.03712097e+02, 2.68876160e+02,
       5.09716749e-01, 6.99920044e+02, 2.45422318e+02, 5.12790084e-01,
       6.41151978e+02, 1.45410583e+02, 7.30334699e-01, 5.15751770e+02,
       3.06140045e+02, 2.72778571e-01, 5.15751953e+02, 2.90421753e+02,
       2.20687792e-01, 3.33548004e+02, 3.33574310e+02, 2.76848078e-01,
       2.45427353e+02, 3.66858582e+02, 6.18001260e-02, 0., 0., 0., 0.,
       0., 0., 0., 0., 0., 0., 0., 0., 8.93854004e+02, 1.96481949e+02,
       8.00288796e-01, 0., 0., 0., 8.86009521e+02, 2.49286285e+02,
       7.59654403e-01, 0., 0., 0., 0., 0., 0., 0., 0., 0., 0., 0., 0.,
       0., 0., 0., 0., 0., 0. ]
