%YAML:1.0
---
pose_0: !!opencv-matrix
   rows: 1
   cols: 25
   dt: "3f"
   data: [ 8.95764954e+02, 3.37543823e+02, 7.82512248e-01,
       7.80227356e+02, 3.04141754e+02, 6.15786850e-01, 8.03740051e+02,
       2.45369904e+02, 6.49659276e-01, 6.84267029e+02, 1.82764740e+02,
       7.61625290e-01, 5.86345764e+02, 2.88563385e+02, 8.19988906e-01,
       7.48901001e+02, 3.47255890e+02, 4.71974552e-01, 6.64626404e+02,
       3.62946533e+02, 1.57491297e-01, 6.35260803e+02, 3.76648895e+02,
       1.62498415e-01, 5.96075073e+02, 2.76747559e+02, 2.40309581e-01,
       6.03913879e+02, 2.37552826e+02, 2.85145998e-01, 5.02017059e+02,
       2.16044739e+02, 2.28265762e-01, 0., 0., 0., 5.94109802e+02,
       3.21774445e+02, 1.89689070e-01, 4.60866821e+02, 3.57083313e+02,
       2.80991256e-01, 3.25733765e+02, 3.86474243e+02, 2.84919739e-01,
       9.03702820e+02, 3.12000610e+02, 7.35471964e-01, 9.09515320e+02,
       3.49178436e+02, 7.66266465e-01, 8.74292908e+02, 2.74845428e+02,
       8.24714839e-01, 0., 0., 0., 0., 0., 0., 0., 0., 0.,
       3.19799622e+02, 3.98191895e+02, 1.68353498e-01, 0., 0., 0., 0.,
       0., 0., 0., 0., 0. ]
