%YAML:1.0
---
pose_0: !!opencv-matrix
   rows: 1
   cols: 25
   dt: "3f"
   data: [ 8.70450439e+02, 3.78583557e+02, 7.90056109e-01,
       7.88100769e+02, 4.21723236e+02, 7.43091941e-01, 7.58625977e+02,
       3.82446869e+02, 7.07256079e-01, 6.52925781e+02, 4.00172394e+02,
       6.61371231e-01, 5.70512634e+02, 3.80532776e+02, 8.05115700e-01,
       8.17466003e+02, 4.64841461e+02, 6.98278129e-01, 7.90019775e+02,
       5.45120117e+02, 7.91495800e-01, 7.76329712e+02, 4.17848907e+02,
       8.55312705e-01, 5.52952209e+02, 4.70702637e+02, 3.24190289e-01,
       5.54921204e+02, 4.33475616e+02, 3.99260521e-01, 3.64873322e+02,
       4.31478699e+02, 2.97143131e-01, 1.70965439e+02, 4.41303314e+02,
       1.82218179e-01, 5.51003296e+02, 5.09854156e+02, 2.83355743e-01,
       3.96256744e+02, 5.07879303e+02, 1.70299798e-01, 2.29685211e+02,
       6.21514648e+02, 1.84996054e-01, 8.82078186e+02, 3.66800446e+02,
       8.53186250e-01, 8.86002014e+02, 3.96164246e+02, 8.22141409e-01,
       8.56606812e+02, 3.60966431e+02, 3.41548681e-01, 8.80103088e+02,
       4.23689575e+02, 6.78762436e-01, 0., 0., 0., 0., 0., 0.,
       2.14079605e+02, 6.31306458e+02, 1.08440205e-01, 0., 0., 0., 0.,
       0., 0., 0., 0., 0. ]
