%YAML:1.0
---
pose_0: !!opencv-matrix
   rows: 1
   cols: 25
   dt: "3f"
   data: [ 9.21267090e+02, 2.21860916e+02, 7.80074298e-01,
       7.94004822e+02, 2.25822342e+02, 6.75430298e-01, 7.94007813e+02,
       1.37661942e+02, 6.86046362e-01, 7.07744690e+02, 9.64431992e+01,
       6.39720142e-01, 6.78328125e+02, 1.31770157e+02, 8.85163307e-01,
       7.99817627e+02, 3.10045746e+02, 6.46274805e-01, 6.99878967e+02,
       3.82615784e+02, 8.51926923e-01, 6.01999390e+02, 3.98093597e+02,
       8.47622335e-01, 5.54958923e+02, 2.27756592e+02, 2.41422072e-01,
       5.58864685e+02, 1.90553009e+02, 2.14660466e-01, 5.19660950e+02,
       1.70954910e+02, 1.57854646e-01, 3.70794464e+02, 2.06233414e+02,
       3.52944344e-01, 5.52952698e+02, 2.74741760e+02, 1.79026052e-01,
       0., 0., 0., 0., 0., 0., 9.19391296e+02, 1.96411530e+02,
       8.66965473e-01, 9.38894287e+02, 2.27690781e+02, 7.41373479e-01,
       8.84118469e+02, 1.76815582e+02, 7.36717463e-01, 9.03689941e+02,
       2.55106705e+02, 2.07720697e-01, 0., 0., 0., 0., 0., 0., 0., 0.,
       0., 3.64857697e+02, 2.29723373e+02, 7.42173642e-02,
       3.62956360e+02, 2.31719589e+02, 8.10326338e-02, 0., 0., 0. ]
