%YAML:1.0
---
pose_0: !!opencv-matrix
   rows: 1
   cols: 25
   dt: "3f"
   data: [ 9.25229431e+02, 2.45446198e+02, 6.50512397e-01,
       8.11572021e+02, 3.04160065e+02, 6.60484076e-01, 7.89955444e+02,
       2.41521149e+02, 5.51229596e-01, 0., 0., 0., 0., 0., 0.,
       8.21312378e+02, 3.59026978e+02, 5.97619891e-01, 6.64704407e+02,
       3.70771606e+02, 7.35768497e-01, 5.27493286e+02, 3.17834442e+02,
       7.38256037e-01, 5.17698730e+02, 3.51160461e+02, 1.40987813e-01,
       4.92235687e+02, 3.15906464e+02, 1.17110603e-01, 3.29632965e+02,
       2.63041046e+02, 2.24995077e-01, 0., 0., 0., 5.00074829e+02,
       3.88412292e+02, 1.48394108e-01, 3.25729279e+02, 4.31511505e+02,
       4.63890672e-01, 1.80741180e+02, 4.80551147e+02, 4.16442990e-01,
       9.33067932e+02, 2.41504868e+02, 5.85257173e-01, 9.35048462e+02,
       2.66905426e+02, 7.51254022e-01, 8.76215027e+02, 2.33613373e+02,
       1.57282412e-01, 9.13480957e+02, 3.06124329e+02, 6.96207047e-01,
       1.16125877e+02, 4.53061340e+02, 1.69886574e-01, 1.21964966e+02,
       4.66791870e+02, 1.81676403e-01, 1.63138779e+02, 4.94227875e+02,
       2.92854726e-01, 0., 0., 0., 0., 0., 0., 0., 0., 0. ]
