%YAML:1.0
---
pose_0: !!opencv-matrix
   rows: 1
   cols: 25
   dt: "3f"
   data: [ 9.01727722e+02, 3.41350677e+02, 7.57331192e-01,
       8.05716003e+02, 3.04091431e+02, 6.73903823e-01, 8.21368164e+02,
       2.27781891e+02, 6.53233111e-01, 7.11587219e+02, 1.63171783e+02,
       8.05567145e-01, 5.72597046e+02, 1.51424179e+02, 8.31810474e-01,
       7.88043152e+02, 3.68861877e+02, 6.00087643e-01, 6.92074890e+02,
       4.31477386e+02, 6.78979516e-01, 6.58753967e+02, 4.78522644e+02,
       7.20045507e-01, 5.92150024e+02, 2.90431122e+02, 1.28391534e-01,
       6.01951538e+02, 2.43468201e+02, 1.13198169e-01, 3.25718384e+02,
       3.47255280e+02, 1.29303843e-01, 1.76777893e+02, 3.21749695e+02,
       3.20678353e-01, 5.88247437e+02, 3.31575989e+02, 8.58785138e-02,
       0., 0., 0., 0., 0., 0., 9.29112244e+02, 3.19854034e+02,
       6.20003939e-01, 9.21295654e+02, 3.51188507e+02, 7.80952334e-01,
       9.13487610e+02, 2.76808044e+02, 8.14882338e-01, 0., 0., 0., 0.,
       0., 0., 0., 0., 0., 0., 0., 0., 0., 0., 0., 0., 0., 0.,
       1.49349030e+02, 3.08091492e+02, 1.69491813e-01 ]
