%YAML:1.0
---
pose_0: !!opencv-matrix
   rows: 1
   cols: 25
   dt: "3f"
   data: [ 8.99790039e+02, 3.21897736e+02, 8.74139726e-01,
       8.15466980e+02, 2.88507813e+02, 5.26347935e-01, 8.23352539e+02,
       2.41524460e+02, 7.10572481e-01, 7.74267090e+02, 2.14051880e+02,
       7.99605668e-01, 7.88071777e+02, 3.62948120e+02, 6.64609551e-01,
       7.95920471e+02, 3.35460297e+02, 2.66693503e-01, 0., 0., 0., 0.,
       0., 0., 6.01964478e+02, 2.96319733e+02, 2.56583154e-01,
       5.99973328e+02, 2.68891266e+02, 2.62091547e-01, 4.45240997e+02,
       3.11999329e+02, 2.93168694e-01, 0., 0., 0., 5.88232361e+02,
       3.27654297e+02, 2.19900876e-01, 4.78554657e+02, 3.60986176e+02,
       3.25672299e-01, 3.49234741e+02, 3.94290344e+02, 1.01983964e-01,
       9.07544983e+02, 3.02183197e+02, 7.90949166e-01, 9.15438354e+02,
       3.29663788e+02, 7.83503473e-01, 8.82111755e+02, 2.68930786e+02,
       7.46674955e-01, 0., 0., 0., 0., 0., 0., 0., 0., 0., 0., 0., 0.,
       0., 0., 0., 0., 0., 0., 0., 0., 0. ]
