%YAML:1.0
---
pose_0: !!opencv-matrix
   rows: 1
   cols: 25
   dt: "3f"
   data: [ 8.97790527e+02, 3.78553040e+02, 7.33830869e-01,
       7.97858154e+02, 3.59015289e+02, 6.50483310e-01, 8.05704224e+02,
       2.76719147e+02, 6.53424323e-01, 6.66603088e+02, 2.27806122e+02,
       8.36940885e-01, 5.68625610e+02, 2.33632828e+02, 8.04255724e-01,
       7.86087219e+02, 4.37371582e+02, 5.81093371e-01, 6.78349243e+02,
       4.96149506e+02, 8.06961179e-01, 7.72364258e+02, 5.05925751e+02,
       7.12047756e-01, 5.45140198e+02, 3.66833160e+02, 2.66150296e-01,
       5.52956848e+02, 3.19812408e+02, 3.47428292e-01, 3.51219299e+02,
       3.39430023e+02, 4.16077912e-01, 1.98376480e+02, 3.17833557e+02,
       1.06780216e-01, 5.41219055e+02, 4.13848694e+02, 2.68977165e-01,
       3.59047577e+02, 4.72664459e+02, 4.18552071e-01, 1.65102188e+02,
       5.27522949e+02, 3.90436679e-01, 9.09522461e+02, 3.53136200e+02,
       7.70879328e-01, 9.15439209e+02, 3.90361969e+02, 7.12632179e-01,
       8.89947327e+02, 3.25732910e+02, 6.37163520e-01, 0., 0., 0.,
       1.00468330e+02, 5.66695068e+02, 2.78394580e-01, 1.12156410e+02,
       5.70642822e+02, 2.93650329e-01, 1.37656464e+02, 5.17724060e+02,
       2.54907489e-01, 0., 0., 0., 0., 0., 0., 0., 0., 0. ]
