%YAML:1.0
---
pose_0: !!opencv-matrix
   rows: 1
   cols: 25
   dt: "3f"
   data: [ 8.97733093e+02, 2.37539673e+02, 7.62799859e-01,
       7.94013489e+02, 2.55202072e+02, 7.18100846e-01, 7.88020874e+02,
       1.80690125e+02, 7.22912729e-01, 6.56821472e+02, 1.63046783e+02,
       5.14389873e-01, 5.23555176e+02, 1.53296188e+02, 7.33536422e-01,
       8.05678284e+02, 3.29634674e+02, 6.81698203e-01, 7.03841431e+02,
       3.78634705e+02, 7.78332233e-01, 6.96012268e+02, 2.94412048e+02,
       8.17041337e-01, 5.41209290e+02, 2.64990326e+02, 2.97447354e-01,
       5.39262024e+02, 2.23825027e+02, 4.43543583e-01, 3.74683746e+02,
       2.31674164e+02, 5.06215811e-01, 2.37542191e+02, 2.43468979e+02,
       1.49053663e-01, 5.37286804e+02, 3.11998993e+02, 2.87066996e-01,
       3.74723785e+02, 3.08075470e+02, 2.46669129e-01, 0., 0., 0.,
       8.99822327e+02, 2.16040726e+02, 8.65835845e-01, 9.09510925e+02,
       2.49293640e+02, 7.66576350e-01, 8.76211731e+02, 1.96384369e+02,
       5.90865195e-01, 8.93862610e+02, 2.72822845e+02, 5.27356684e-01,
       0., 0., 0., 0., 0., 0., 0., 0., 0., 2.23826599e+02,
       2.57140961e+02, 5.92972301e-02, 0., 0., 0., 2.23831375e+02,
       2.41458984e+02, 7.29523823e-02 ]
