%YAML:1.0
---
pose_0: !!opencv-matrix
   rows: 2
   cols: 25
   dt: "3f"
   data: [ 8.74260193e+02, 4.58942322e+02, 8.24360549e-01,
       7.90013733e+02, 4.39347076e+02, 6.48607135e-01, 7.78291016e+02,
       3.98204468e+02, 3.26762319e-01, 0., 0., 0., 0., 0., 0.,
       7.97835144e+02, 4.86353668e+02, 5.51018059e-01, 8.23372437e+02,
       5.54962830e+02, 5.09842038e-01, 8.56621033e+02, 6.17645874e+02,
       4.98590469e-01, 5.66677246e+02, 4.74607849e+02, 1.63199171e-01,
       5.68620178e+02, 4.35409546e+02, 2.18348935e-01, 5.09901031e+02,
       4.09941315e+02, 1.19929694e-01, 3.72739899e+02, 4.25631256e+02,
       7.56227598e-02, 5.58845093e+02, 5.23561951e+02, 1.48390636e-01,
       3.72759521e+02, 5.23602966e+02, 5.13459072e-02, 0., 0., 0.,
       8.84023193e+02, 4.37413055e+02, 8.50326955e-01, 8.87990173e+02,
       4.58912292e+02, 7.45131731e-01, 8.54736633e+02, 3.98182587e+02,
       8.63882959e-01, 0., 0., 0., 0., 0., 0., 0., 0., 0., 0., 0., 0.,
       0., 0., 0., 0., 0., 0., 0., 0., 0., 0., 0., 0., 0., 0., 0.,
       8.05652527e+02, 3.66837097e+02, 2.64947891e-01, 8.93834900e+02,
       3.00230103e+02, 5.15184820e-01, 9.33097107e+02, 3.74712463e+02,
       3.63082558e-01, 0., 0., 0., 0., 0., 0., 0., 0., 0., 0., 0., 0.,
       0., 0., 0., 0., 0., 0., 0., 0., 0., 0., 0., 0., 0., 0., 0., 0.,
       0., 0., 0., 0., 0., 0., 0., 0., 0., 0., 0., 0., 0., 0., 0., 0.,
       0., 0., 0., 0., 0., 0., 0., 0., 0., 0., 0., 0., 0., 0., 0., 0. ]
