%YAML:1.0
---
pose_0: !!opencv-matrix
   rows: 1
   cols: 25
   dt: "3f"
   data: [ 8.85959961e+02, 3.88459442e+02, 8.44467998e-01,
       7.99835510e+02, 4.29529694e+02, 7.38506675e-01, 7.60648499e+02,
       3.84418701e+02, 6.18002117e-01, 6.21563538e+02, 3.68889282e+02,
       6.03409350e-01, 5.70525452e+02, 3.37482849e+02, 8.71798277e-01,
       8.35111084e+02, 4.76631165e+02, 6.88899755e-01, 7.86089172e+02,
       4.60889862e+02, 6.52676404e-01, 7.29216370e+02, 3.21776489e+02,
       7.69845307e-01, 5.45121887e+02, 4.60876312e+02, 3.77989918e-01,
       5.45137451e+02, 4.19727966e+02, 4.85074997e-01, 3.45280060e+02,
       4.00158661e+02, 6.71437263e-01, 1.63146362e+02, 3.86486481e+02,
       4.78070080e-01, 5.43181946e+02, 5.02017242e+02, 3.85184646e-01,
       3.66838623e+02, 5.43193237e+02, 3.42250496e-01, 3.37496155e+02,
       5.60819031e+02, 6.55785128e-02, 8.89987549e+02, 3.74687653e+02,
       8.17866027e-01, 9.01658203e+02, 4.02111938e+02, 8.75153661e-01,
       8.70419983e+02, 3.66894592e+02, 4.78324205e-01, 8.95815247e+02,
       4.31524475e+02, 7.08034992e-01, 0., 0., 0., 0., 0., 0., 0., 0.,
       0., 1.33763992e+02, 4.07980011e+02, 1.07159667e-01, 0., 0., 0.,
       1.47460831e+02, 3.92335358e+02, 2.73657262e-01 ]
