%YAML:1.0
---
pose_0: !!opencv-matrix
   rows: 1
   cols: 25
   dt: "3f"
   data: [ 8.87979492e+02, 3.51177551e+02, 7.55158186e-01,
       7.90089905e+02, 3.17870239e+02, 6.99816525e-01, 8.07617798e+02,
       2.47374741e+02, 6.44355476e-01, 6.95993530e+02, 1.78855042e+02,
       8.02927792e-01, 5.62782471e+02, 1.76804535e+02, 7.74934232e-01,
       7.70458557e+02, 3.76662262e+02, 5.83543360e-01, 6.80283142e+02,
       4.15784973e+02, 6.48619711e-01, 6.58783813e+02, 4.51125458e+02,
       5.09333551e-01, 5.58835876e+02, 3.11993652e+02, 2.68293202e-01,
       5.54927002e+02, 2.74765656e+02, 2.35885635e-01, 3.80541779e+02,
       3.78599640e+02, 8.04549009e-02, 0., 0., 0., 5.58860657e+02,
       3.49247131e+02, 2.42572963e-01, 4.74612244e+02, 4.00145813e+02,
       5.53759299e-02, 0., 0., 0., 9.15339600e+02, 3.33491516e+02,
       6.70468986e-01, 9.07581787e+02, 3.64835938e+02, 7.43192494e-01,
       8.87976685e+02, 2.90508728e+02, 8.56517076e-01, 0., 0., 0., 0.,
       0., 0., 0., 0., 0., 0., 0., 0., 0., 0., 0., 0., 0., 0., 0., 0.,
       0. ]
