%YAML:1.0
---
pose_0: !!opencv-matrix
   rows: 1
   cols: 25
   dt: "3f"
   data: [ 8.80163208e+02, 3.41393890e+02, 7.01954722e-01,
       7.76293945e+02, 3.02202637e+02, 7.05071628e-01, 7.93946777e+02,
       2.29733597e+02, 6.74886644e-01, 6.76354187e+02, 1.67099548e+02,
       7.44249165e-01, 5.52973022e+02, 1.98411880e+02, 7.98940778e-01,
       7.54763916e+02, 3.62959869e+02, 5.65075278e-01, 6.52949097e+02,
       3.84563568e+02, 7.05189705e-01, 5.84295166e+02, 4.09923187e+02,
       5.51997364e-01, 5.47121826e+02, 3.04180878e+02, 2.90131539e-01,
       5.54910767e+02, 2.57142365e+02, 3.12204510e-01, 3.25734283e+02,
       3.53199554e+02, 2.49684170e-01, 1.27827438e+02, 3.19850922e+02,
       3.08895588e-01, 5.47100830e+02, 3.39464264e+02, 2.26083040e-01,
       4.13862183e+02, 3.72728363e+02, 5.88332564e-02, 0., 0., 0.,
       9.01739502e+02, 3.19793427e+02, 7.15426326e-01, 8.97802124e+02,
       3.51206055e+02, 8.12499285e-01, 8.80148621e+02, 2.80679596e+02,
       7.66880095e-01, 0., 0., 0., 0., 0., 0., 0., 0., 0., 0., 0., 0.,
       9.64824829e+01, 3.98234528e+02, 6.03268184e-02, 1.00338867e+02,
       3.98146393e+02, 5.06614633e-02, 1.08234352e+02, 3.21826813e+02,
       2.40003660e-01 ]
