%YAML:1.0
---
pose_0: !!opencv-matrix
   rows: 1
   cols: 25
   dt: "3f"
   data: [ 8.68417114e+02, 1.45464417e+02, 6.26012325e-01,
       7.60625366e+02, 1.53302811e+02, 6.22743189e-01, 7.56721191e+02,
       8.47307892e+01, 5.88490844e-01, 7.78278992e+02, 5.34000492e+00,
       3.57326835e-01, 8.74280518e+02, 8.27748413e+01, 4.40722406e-01,
       7.70419861e+02, 2.19911545e+02, 5.18319130e-01, 8.54650574e+02,
       2.72720306e+02, 7.68761396e-01, 9.31009583e+02, 1.82764053e+02,
       1.25309467e-01, 5.84322693e+02, 1.45451630e+02, 1.11847900e-01,
       5.50994202e+02, 1.18051971e+02, 1.44620448e-01, 0., 0., 0., 0.,
       0., 0., 5.86271790e+02, 1.98362778e+02, 8.11950564e-02, 0., 0.,
       0., 0., 0., 0., 8.99660400e+02, 1.31822006e+02, 3.82790327e-01,
       8.82050171e+02, 1.65042023e+02, 7.52559185e-01, 9.07563416e+02,
       1.12173218e+02, 7.92257339e-02, 8.66438660e+02, 1.82687256e+02,
       2.58782208e-01, 0., 0., 0., 0., 0., 0., 0., 0., 0., 0., 0., 0.,
       0., 0., 0., 0., 0., 0. ]
