%YAML:1.0
---
pose_0: !!opencv-matrix
   rows: 1
   cols: 25
   dt: "3f"
   data: [ 9.15351074e+02, 3.53196503e+02, 7.67616630e-01,
       8.58622742e+02, 2.74852081e+02, 4.79060143e-01, 8.66396851e+02,
       2.84589111e+02, 6.90672100e-01, 7.70411316e+02, 3.29653992e+02,
       6.69227779e-01, 7.54710938e+02, 4.33472046e+02, 7.50459671e-01,
       8.56690552e+02, 2.64991974e+02, 3.21878701e-01, 0., 0., 0., 0.,
       0., 0., 5.31412292e+02, 2.63010193e+02, 2.16892794e-01,
       5.23612122e+02, 2.70856140e+02, 1.58015832e-01, 4.04091522e+02,
       3.55097656e+02, 6.98889345e-02, 3.02211670e+02, 3.47254272e+02,
       1.39150292e-01, 5.19664185e+02, 2.47347031e+02, 1.44067720e-01,
       4.04078644e+02, 2.90472046e+02, 5.18988185e-02, 3.02205994e+02,
       3.49196472e+02, 7.03504309e-02, 9.31138184e+02, 3.35579376e+02,
       8.18098247e-01, 9.33052368e+02, 3.59029358e+02, 1.28044635e-01,
       9.17321716e+02, 2.88386963e+02, 8.78317475e-01, 0., 0., 0., 0.,
       0., 0., 0., 0., 0., 0., 0., 0., 0., 0., 0., 0., 0., 0., 0., 0.,
       0. ]
