%YAML:1.0
---
pose_0: !!opencv-matrix
   rows: 1
   cols: 25
   dt: "3f"
   data: [ 9.31096130e+02, 3.04087280e+02, 7.33797789e-01,
       8.23363220e+02, 2.92376923e+02, 6.39850378e-01, 8.27218445e+02,
       2.08150833e+02, 6.43442035e-01, 7.23429688e+02, 1.16139587e+02,
       7.51066208e-01, 7.44955811e+02, 2.14077057e+02, 7.77248681e-01,
       8.05689941e+02, 3.82558258e+02, 5.09999394e-01, 6.66670959e+02,
       4.17768646e+02, 6.61611140e-01, 6.78385071e+02, 3.86458984e+02,
       7.77942598e-01, 5.52981079e+02, 2.80668304e+02, 2.10939616e-01,
       5.56881836e+02, 2.43476807e+02, 2.82100409e-01, 4.49151764e+02,
       2.47370605e+02, 7.14734495e-02, 0., 0., 0., 5.41210388e+02,
       3.35535706e+02, 1.20742835e-01, 3.76643341e+02, 3.47239288e+02,
       1.77634001e-01, 0., 0., 0., 9.48645020e+02, 2.76791901e+02,
       7.89982617e-01, 9.40885315e+02, 3.19866516e+02, 7.49266744e-01,
       9.25212585e+02, 2.57166779e+02, 4.00732845e-01, 9.21309082e+02,
       3.43329590e+02, 1.57272696e-01, 0., 0., 0., 0., 0., 0., 0., 0.,
       0., 0., 0., 0., 0., 0., 0., 0., 0., 0. ]
