%YAML:1.0
---
pose_0: !!opencv-matrix
   rows: 1
   cols: 25
   dt: "3f"
   data: [ 9.36938782e+02, 3.04100739e+02, 7.58859396e-01,
       8.21387756e+02, 2.96340179e+02, 6.31415665e-01, 8.23370422e+02,
       2.08192230e+02, 6.30608797e-01, 7.19520813e+02, 1.18038651e+02,
       7.65430748e-01, 7.27335815e+02, 2.10088242e+02, 8.05721760e-01,
       8.07652344e+02, 3.84525513e+02, 5.16565382e-01, 6.66536377e+02,
       4.15913300e+02, 7.11492479e-01, 6.84242432e+02, 3.80504486e+02,
       7.27818489e-01, 5.51024292e+02, 2.84591888e+02, 2.43991241e-01,
       5.52981873e+02, 2.51247650e+02, 3.10726821e-01, 3.76651764e+02,
       2.59101898e+02, 2.19284147e-01, 1.78820923e+02, 2.84584930e+02,
       3.80611420e-01, 5.41242798e+02, 3.37452637e+02, 2.01333851e-01,
       3.84511292e+02, 3.53159729e+02, 1.62162229e-01, 1.53326187e+02,
       3.41367889e+02, 3.36775005e-01, 9.46775146e+02, 2.78720276e+02,
       8.50269258e-01, 9.48702209e+02, 3.19822357e+02, 7.72851169e-01,
       9.17430298e+02, 2.57201630e+02, 5.16885400e-01, 9.36948853e+02,
       3.47288818e+02, 9.34506506e-02, 1.00344124e+02, 3.62934021e+02,
       1.41750976e-01, 1.10211441e+02, 3.66900940e+02, 1.67415053e-01,
       1.29774368e+02, 3.53132568e+02, 1.47174373e-01, 1.06316101e+02,
       2.33669846e+02, 2.92889744e-01, 1.10195999e+02, 2.33655045e+02,
       2.69981086e-01, 1.57244690e+02, 2.86546936e+02, 2.11675495e-01 ]
