%YAML:1.0
---
pose_0: !!opencv-matrix
   rows: 1
   cols: 25
   dt: "3f"
   data: [ 8.70288635e+02, 4.72676239e+02, 8.47299278e-01,
       7.58737732e+02, 4.53047089e+02, 6.82428777e-01, 7.58680542e+02,
       3.86420471e+02, 7.02778459e-01, 6.78353882e+02, 3.29606995e+02,
       7.23319113e-01, 7.27324036e+02, 4.35458466e+02, 7.05991566e-01,
       7.60589050e+02, 5.23616455e+02, 5.92734039e-01, 6.82215759e+02,
       6.09766052e+02, 7.09700227e-01, 7.11685364e+02, 5.15775330e+02,
       7.88106203e-01, 5.39274292e+02, 4.60894073e+02, 7.11037517e-02,
       0., 0., 0., 0., 0., 0., 0., 0., 0., 0., 0., 0., 0., 0., 0., 0.,
       0., 0., 8.70418152e+02, 4.47266388e+02, 8.48939121e-01,
       8.84042480e+02, 4.72675171e+02, 8.36195230e-01, 8.37109253e+02,
       4.15832489e+02, 8.22067440e-01, 0., 0., 0., 0., 0., 0., 0., 0.,
       0., 0., 0., 0., 0., 0., 0., 0., 0., 0., 0., 0., 0. ]
