%YAML:1.0
---
pose_0: !!opencv-matrix
   rows: 1
   cols: 25
   dt: "3f"
   data: [ 8.68358765e+02, 2.37518021e+02, 8.38795722e-01,
       7.56746094e+02, 2.51267944e+02, 6.97265565e-01, 7.52791382e+02,
       1.80808136e+02, 7.26627409e-01, 6.64601990e+02, 1.31709473e+02,
       8.29068661e-01, 6.19646118e+02, 4.94442253e+01, 7.32150614e-01,
       7.54726135e+02, 3.25707123e+02, 5.50041854e-01, 6.66576172e+02,
       3.21791840e+02, 8.13076854e-01, 7.72398987e+02, 2.96347595e+02,
       4.57909346e-01, 5.31441101e+02, 2.29704849e+02, 2.89735913e-01,
       5.37257080e+02, 1.94414063e+02, 3.78029704e-01, 3.59013733e+02,
       1.90562988e+02, 3.23856473e-01, 0., 0., 0., 5.25529053e+02,
       2.72824677e+02, 2.55130649e-01, 3.57038116e+02, 2.63010986e+02,
       1.80858329e-01, 0., 0., 0., 8.70377869e+02, 2.21849045e+02,
       8.55695009e-01, 8.80147888e+02, 2.45383240e+02, 8.09457600e-01,
       8.44870239e+02, 2.10105865e+02, 4.48619545e-01, 8.54643250e+02,
       2.74856476e+02, 5.36438525e-01, 0., 0., 0., 0., 0., 0., 0., 0.,
       0., 0., 0., 0., 0., 0., 0., 0., 0., 0. ]
