%YAML:1.0
---
pose_0: !!opencv-matrix
   rows: 2
   cols: 25
   dt: "3f"
   data: [ 8.89945313e+02, 3.27661469e+02, 7.19676137e-01,
       7.97882080e+02, 3.08086365e+02, 6.81908965e-01, 8.13568359e+02,
       2.43476578e+02, 6.74528718e-01, 6.96010803e+02, 1.76784866e+02,
       8.38588655e-01, 6.17582947e+02, 2.53251938e+02, 8.01986575e-01,
       7.78294739e+02, 3.64860291e+02, 5.73980212e-01, 7.13577332e+02,
       4.02087402e+02, 3.53426844e-01, 6.68554871e+02, 3.96225616e+02,
       4.53470826e-01, 6.29380920e+02, 3.04166229e+02, 1.42069355e-01,
       6.15661011e+02, 2.78711670e+02, 1.48502827e-01, 5.41254517e+02,
       2.37573441e+02, 8.93315822e-02, 0., 0., 0., 6.43093811e+02,
       3.45292786e+02, 7.63857067e-02, 5.62749268e+02, 3.80592163e+02,
       5.42386808e-02, 0., 0., 0., 9.01682312e+02, 3.06190399e+02,
       8.27663183e-01, 9.05600403e+02, 3.43310944e+02, 7.37008512e-01,
       8.84020508e+02, 2.86460663e+02, 6.93673968e-01, 8.93882996e+02,
       3.59040070e+02, 9.55124870e-02, 0., 0., 0., 0., 0., 0., 0., 0.,
       0., 0., 0., 0., 0., 0., 0., 0., 0., 0., 0., 0., 0., 0., 0., 0.,
       0., 0., 0., 0., 0., 0., 0., 0., 0., 0., 0., 0., 0., 0., 0., 0.,
       0., 0., 3.66886322e+02, 3.47244019e+02, 1.00271098e-01,
       3.62951691e+02, 3.45294312e+02, 8.87380093e-02, 2.61047363e+02,
       3.25724152e+02, 1.96205303e-01, 1.49442245e+02, 3.11994171e+02,
       3.62309426e-01, 3.72717987e+02, 3.49241730e+02, 9.87303257e-02,
       2.88483704e+02, 3.37540588e+02, 2.24628314e-01, 1.16099602e+02,
       3.78616608e+02, 2.09449440e-01, 0., 0., 0., 0., 0., 0., 0., 0.,
       0., 0., 0., 0., 1.00400696e+02, 3.76634216e+02, 5.22619598e-02,
       1.02381905e+02, 3.82520233e+02, 8.15311745e-02, 1.02365005e+02,
       3.80562012e+02, 1.39278159e-01, 1.25852928e+02, 2.82620056e+02,
       2.26443484e-01, 1.21986275e+02, 2.82634247e+02, 2.31056958e-01,
       1.31777679e+02, 3.11989899e+02, 2.48184443e-01 ]
