%YAML:1.0
---
pose_0: !!opencv-matrix
   rows: 1
   cols: 25
   dt: "3f"
   data: [ 9.05619629e+02, 1.68964157e+02, 7.26564467e-01,
       7.94011108e+02, 1.74862976e+02, 6.57914281e-01, 8.03728333e+02,
       8.86496735e+01, 6.53273642e-01, 6.66620667e+02, 3.57409096e+01,
       7.81252861e-01, 5.74552612e+02, 4.16836472e+01, 7.80427516e-01,
       7.89971741e+02, 2.59057251e+02, 6.26990974e-01, 6.70547302e+02,
       3.04211273e+02, 7.55193114e-01, 5.58867004e+02, 3.41407166e+02,
       7.84242868e-01, 5.47080017e+02, 1.67009033e+02, 1.99770242e-01,
       5.39250427e+02, 1.27832474e+02, 2.27016032e-01, 3.35474701e+02,
       1.65073944e+02, 2.32808083e-01, 1.31746109e+02, 1.63088654e+02,
       1.33063674e-01, 5.25559814e+02, 2.31671371e+02, 1.92412123e-01,
       3.51184570e+02, 2.27794891e+02, 1.58301592e-01, 1.21980896e+02,
       1.57241577e+02, 1.22597486e-01, 9.17340515e+02, 1.49369171e+02,
       8.69680405e-01, 9.19306030e+02, 1.88540482e+02, 7.99661696e-01,
       8.99692749e+02, 1.23954437e+02, 5.68269610e-01, 9.13402649e+02,
       2.10114426e+02, 2.38154858e-01, 9.25797348e+01, 1.25905800e+02,
       1.17990270e-01, 9.45410461e+01, 1.31788361e+02, 1.21667415e-01,
       0., 0., 0., 0., 0., 0., 0., 0., 0., 0., 0., 0. ]
