%YAML:1.0
---
pose_0: !!opencv-matrix
   rows: 1
   cols: 25
   dt: "3f"
   data: [ 9.21292603e+02, 2.59058624e+02, 8.16143632e-01,
       8.03678833e+02, 2.76729736e+02, 6.64159238e-01, 7.88086487e+02,
       1.96415268e+02, 6.86411798e-01, 6.43104919e+02, 1.78712265e+02,
       6.92815065e-01, 5.07906677e+02, 1.80745911e+02, 5.26552260e-01,
       8.07748230e+02, 3.60993195e+02, 6.29333913e-01, 7.11694824e+02,
       4.02137177e+02, 6.67071998e-01, 5.74536865e+02, 4.00137085e+02,
       8.32932472e-01, 5.31431152e+02, 2.94380859e+02, 2.96984851e-01,
       5.29458008e+02, 2.49310455e+02, 3.84230971e-01, 3.45318939e+02,
       2.35607269e+02, 3.85062635e-01, 1.31709381e+02, 1.98376923e+02,
       3.37950051e-01, 5.29450989e+02, 3.39447449e+02, 3.42446208e-01,
       3.43358521e+02, 4.17854706e+02, 5.50787330e-01, 1.61125671e+02,
       4.96167969e+02, 4.47721899e-01, 9.31050293e+02, 2.43455017e+02,
       8.86472583e-01, 9.33057312e+02, 2.74826630e+02, 8.07434976e-01,
       9.01666626e+02, 2.25799072e+02, 5.62861443e-01, 9.17342041e+02,
       3.04154358e+02, 5.80644011e-01, 8.86914368e+01, 5.15765137e+02,
       2.45166525e-01, 1.02357788e+02, 5.23579468e+02, 2.79834837e-01,
       1.45462448e+02, 4.94257385e+02, 2.16098160e-01, 1.04309349e+02,
       2.10065384e+02, 1.20082438e-01, 1.02437042e+02, 2.02260071e+02,
       1.29492164e-01, 0., 0., 0. ]
