%YAML:1.0
---
pose_0: !!opencv-matrix
   rows: 1
   cols: 25
   dt: "3f"
   data: [ 1.00750299e+03, 2.43395477e+02, 8.08686793e-01,
       8.74277893e+02, 2.29738983e+02, 4.89072114e-01, 8.66425842e+02,
       1.33783722e+02, 5.60652435e-01, 7.46900940e+02, 3.57327957e+01,
       7.53723681e-01, 7.92002502e+02, 1.61088364e+02, 7.50188529e-01,
       8.60542419e+02, 3.29646118e+02, 4.52759236e-01, 6.96036255e+02,
       3.98230164e+02, 5.12013853e-01, 7.58709595e+02, 3.53134613e+02,
       5.26510119e-01, 5.54935303e+02, 2.59088776e+02, 9.55990329e-02,
       5.37292053e+02, 2.10114639e+02, 1.07668258e-01, 3.08066803e+02,
       2.59087646e+02, 7.09783062e-02, 3.57318420e+01, 2.74714417e+02,
       1.07093357e-01, 5.45148315e+02, 3.13953827e+02, 1.74298480e-01,
       3.41401947e+02, 3.55148163e+02, 2.45661020e-01, 1.47428848e+02,
       3.66800140e+02, 1.57252729e-01, 1.01923682e+03, 2.12189514e+02,
       8.17797363e-01, 1.02317828e+03, 2.59170746e+02, 7.22866833e-01,
       9.91794189e+02, 1.76770844e+02, 2.57954359e-01, 0., 0., 0.,
       1.16098648e+02, 3.68823792e+02, 6.77039176e-02, 1.16122330e+02,
       3.72730682e+02, 8.18918273e-02, 0., 0., 0., 0., 0., 0., 0., 0.,
       0., 0., 0., 0. ]
