%YAML:1.0
---
pose_0: !!opencv-matrix
   rows: 1
   cols: 25
   dt: "3f"
   data: [ 9.38936768e+02, 2.90493103e+02, 7.69738138e-01,
       8.33093445e+02, 3.04220551e+02, 6.93930984e-01, 8.17445251e+02,
       2.15982971e+02, 6.61132574e-01, 6.80307373e+02, 1.57240433e+02,
       6.94818139e-01, 7.13615540e+02, 2.06233047e+02, 7.58957982e-01,
       8.40933899e+02, 3.84523529e+02, 6.84185565e-01, 7.58737366e+02,
       4.66749237e+02, 7.81395793e-01, 7.11664307e+02, 5.56840881e+02,
       7.48591959e-01, 5.54945435e+02, 3.21790222e+02, 2.59958237e-01,
       5.41235535e+02, 2.80656708e+02, 4.19467121e-01, 3.55098846e+02,
       3.27674744e+02, 1.96145803e-01, 0., 0., 0., 5.54939514e+02,
       3.68855896e+02, 1.83942467e-01, 3.82530975e+02, 4.31543518e+02,
       1.43401876e-01, 3.35526611e+02, 4.45238708e+02, 7.06772506e-02,
       9.48702026e+02, 2.70807373e+02, 8.68507504e-01, 9.56548645e+02,
       3.06182983e+02, 8.14076364e-01, 9.23244385e+02, 2.41439087e+02,
       5.88388026e-01, 9.46764526e+02, 3.29645630e+02, 1.24676853e-01,
       0., 0., 0., 0., 0., 0., 3.37520782e+02, 4.45210144e+02,
       6.07726425e-02, 0., 0., 0., 0., 0., 0., 0., 0., 0. ]
