%YAML:1.0
---
pose_0: !!opencv-matrix
   rows: 1
   cols: 25
   dt: "3f"
   data: [ 8.95788269e+02, 3.80531311e+02, 7.84088433e-01,
       7.97863159e+02, 4.33443359e+02, 4.70115423e-01, 7.52792664e+02,
       3.92347565e+02, 3.43326628e-01, 0., 0., 0., 0., 0., 0.,
       8.37025208e+02, 4.74616272e+02, 5.25636494e-01, 8.19412048e+02,
       4.86379639e+02, 3.58003318e-01, 8.09629272e+02, 3.68878906e+02,
       7.89931238e-01, 5.56894592e+02, 4.51107819e+02, 1.63387328e-01,
       5.54967224e+02, 4.29549591e+02, 2.40463942e-01, 3.51152740e+02,
       4.15786957e+02, 3.21150213e-01, 1.63091156e+02, 4.29527771e+02,
       1.87140688e-01, 5.49052612e+02, 4.76570282e+02, 6.72939345e-02,
       3.33581970e+02, 5.56871765e+02, 5.62387817e-02, 3.35567108e+02,
       5.52982056e+02, 7.11619332e-02, 8.99823914e+02, 3.66764435e+02,
       8.98930550e-01, 9.09537476e+02, 3.98094818e+02, 8.20442200e-01,
       8.85970886e+02, 3.53252533e+02, 1.46552742e-01, 8.97763245e+02,
       4.29539581e+02, 6.95881605e-01, 0., 0., 0., 0., 0., 0.,
       3.35448975e+02, 5.54958008e+02, 5.68863079e-02, 0., 0., 0., 0.,
       0., 0., 0., 0., 0. ]
