%YAML:1.0
---
pose_0: !!opencv-matrix
   rows: 1
   cols: 25
   dt: "3f"
   data: [ 8.70326599e+02, 1.31788208e+02, 8.47181559e-01,
       7.74399719e+02, 1.16031487e+02, 7.27494597e-01, 7.58753113e+02,
       3.97036552e+01, 6.58981204e-01, 7.07734985e+02, 5.34243727e+00,
       3.23099285e-01, 0., 0., 0., 7.86061646e+02, 1.82744583e+02,
       6.05976582e-01, 7.43054016e+02, 2.90502502e+02, 8.27814519e-01,
       7.90062073e+02, 3.82517242e+02, 8.51003528e-01, 5.39256592e+02,
       1.31754471e+02, 3.31826806e-01, 5.41240601e+02, 8.66920700e+01,
       4.44525152e-01, 3.62943481e+02, 1.02326172e+02, 2.83243835e-01,
       3.25696655e+02, 1.14142990e+02, 2.84252226e-01, 5.39296875e+02,
       1.80714142e+02, 3.81625980e-01, 3.39447021e+02, 2.10091873e+02,
       4.76873189e-01, 1.59187943e+02, 2.27767761e+02, 3.54290217e-01,
       8.84029785e+02, 1.08239014e+02, 7.88836658e-01, 8.85998291e+02,
       1.35667648e+02, 8.24314952e-01, 8.56678528e+02, 7.10233917e+01,
       8.77281547e-01, 0., 0., 0., 8.66989517e+01, 2.57121063e+02,
       1.46201313e-01, 0., 0., 0., 1.04325523e+02, 2.57156006e+02,
       6.82980269e-02, 3.23768829e+02, 1.16092560e+02, 5.47758266e-02,
       3.23743469e+02, 1.16025787e+02, 6.07077628e-02, 3.21853210e+02,
       1.20015556e+02, 1.69942275e-01 ]
