%YAML:1.0
---
pose_0: !!opencv-matrix
   rows: 1
   cols: 25
   dt: "3f"
   data: [ 9.62414001e+02, 2.27835266e+02, 8.11145782e-01,
       8.31142517e+02, 2.57114929e+02, 5.82322478e-01, 8.17414185e+02,
       1.72910263e+02, 6.14750922e-01, 7.52807739e+02, 1.61145706e+02,
       3.89867634e-01, 6.90118469e+02, 1.47474106e+02, 7.09049582e-01,
       8.48804077e+02, 3.41413330e+02, 5.40004730e-01, 7.58679810e+02,
       4.66811279e+02, 6.80594683e-01, 8.19377869e+02, 3.43338654e+02,
       7.41266608e-01, 5.74525391e+02, 2.59103943e+02, 1.13797441e-01,
       5.54930481e+02, 2.21884018e+02, 1.44678608e-01, 3.13949097e+02,
       2.68892975e+02, 1.49808317e-01, 5.33550110e+01, 2.72870636e+02,
       1.46319211e-01, 5.78430542e+02, 3.19860138e+02, 1.02205299e-01,
       3.55104614e+02, 3.27683075e+02, 1.58637762e-01, 1.55261124e+02,
       3.19806335e+02, 1.28681749e-01, 9.64340698e+02, 2.08134705e+02,
       8.60621750e-01, 9.76117615e+02, 2.45362076e+02, 7.73125648e-01,
       9.25228455e+02, 1.80802414e+02, 4.70945835e-01, 9.54579529e+02,
       2.74784424e+02, 1.46429390e-01, 0., 0., 0., 0., 0., 0., 0., 0.,
       0., 0., 0., 0., 0., 0., 0., 0., 0., 0. ]
