%YAML:1.0
---
pose_0: !!opencv-matrix
   rows: 1
   cols: 25
   dt: "3f"
   data: [ 8.88036011e+02, 4.00248352e+02, 8.16640019e-01,
       7.82174133e+02, 4.33474457e+02, 6.84571683e-01, 7.60714355e+02,
       3.68825775e+02, 7.61698842e-01, 6.37182556e+02, 3.43384369e+02,
       7.38627017e-01, 6.60732971e+02, 3.21901367e+02, 7.46120870e-01,
       8.01798340e+02, 5.09835266e+02, 6.53209686e-01, 6.86239807e+02,
       5.70661499e+02, 8.28312814e-01, 7.80242676e+02, 4.92201996e+02,
       7.96717107e-01, 5.39268433e+02, 4.45227020e+02, 2.92854518e-01,
       5.41220337e+02, 4.02123169e+02, 4.25698251e-01, 3.57057526e+02,
       3.80552826e+02, 3.55843335e-01, 0., 0., 0., 5.29451660e+02,
       4.94177551e+02, 2.96798646e-01, 3.68876373e+02, 4.96221161e+02,
       3.09017986e-01, 0., 0., 0., 8.95819519e+02, 3.84522552e+02,
       8.71290863e-01, 9.03630615e+02, 4.15818512e+02, 7.96204567e-01,
       8.64482605e+02, 3.72736694e+02, 6.17419124e-01, 8.82106323e+02,
       4.47134216e+02, 7.09391594e-01, 0., 0., 0., 0., 0., 0., 0., 0.,
       0., 0., 0., 0., 0., 0., 0., 0., 0., 0. ]
