%YAML:1.0
---
pose_0: !!opencv-matrix
   rows: 1
   cols: 25
   dt: "3f"
   data: [ 8.99699280e+02, 3.70771179e+02, 7.76442707e-01,
       8.23303894e+02, 2.98279144e+02, 5.12190282e-01, 8.29190674e+02,
       2.76805847e+02, 7.18279421e-01, 7.19533569e+02, 2.86553650e+02,
       6.83702946e-01, 7.13683044e+02, 4.29494751e+02, 7.71188736e-01,
       8.13562988e+02, 3.21869293e+02, 2.98481286e-01, 0., 0., 0., 0.,
       0., 0., 6.39194519e+02, 3.02214355e+02, 2.64132708e-01,
       6.19583618e+02, 2.72790466e+02, 1.90767795e-01, 5.07900482e+02,
       2.41498993e+02, 1.05731234e-01, 0., 0., 0., 6.54830139e+02,
       3.31591888e+02, 2.66454548e-01, 6.80337097e+02, 4.49158234e+02,
       2.75257647e-01, 6.64612305e+02, 4.80480865e+02, 1.01417683e-01,
       9.17362183e+02, 3.53161072e+02, 7.88088918e-01, 0., 0., 0.,
       9.07572266e+02, 3.06071564e+02, 8.56621325e-01, 0., 0., 0., 0.,
       0., 0., 0., 0., 0., 6.62695557e+02, 4.78562134e+02,
       1.06954709e-01, 0., 0., 0., 0., 0., 0., 0., 0., 0. ]
