%YAML:1.0
---
pose_0: !!opencv-matrix
   rows: 1
   cols: 25
   dt: "3f"
   data: [ 9.25210999e+02, 1.82670410e+02, 7.82226026e-01,
       8.19366394e+02, 1.70949753e+02, 6.29399240e-01, 8.21442261e+02,
       8.86913452e+01, 6.64043546e-01, 7.11632874e+02, 2.19578743e+01,
       6.02475822e-01, 5.88291443e+02, 5.53892822e+01, 7.58205712e-01,
       8.05757935e+02, 2.59189667e+02, 6.52000010e-01, 6.90098267e+02,
       2.90529297e+02, 4.10301059e-01, 5.68658142e+02, 3.21888855e+02,
       4.09366757e-01, 6.15656433e+02, 1.61144714e+02, 7.92518109e-02,
       5.98029907e+02, 1.16080307e+02, 7.41638094e-02, 0., 0., 0., 0.,
       0., 0., 6.25472412e+02, 2.17960892e+02, 7.00583607e-02, 0., 0.,
       0., 0., 0., 0., 9.33088135e+02, 1.57227631e+02, 8.41926396e-01,
       9.38923462e+02, 1.96362930e+02, 8.23257923e-01, 9.09528625e+02,
       1.33695679e+02, 5.86129904e-01, 9.29136230e+02, 2.12152908e+02,
       9.10606384e-02, 0., 0., 0., 0., 0., 0., 0., 0., 0., 0., 0., 0.,
       0., 0., 0., 0., 0., 0. ]
