%YAML:1.0
---
pose_0: !!opencv-matrix
   rows: 1
   cols: 25
   dt: "3f"
   data: [ 8.97708984e+02, 3.39402985e+02, 7.53695607e-01,
       8.15513245e+02, 3.02193695e+02, 6.48104966e-01, 8.23308472e+02,
       2.14061493e+02, 6.28957570e-01, 7.01859558e+02, 1.65069092e+02,
       7.81756639e-01, 7.88018860e+02, 2.68913330e+02, 7.43691564e-01,
       8.01797424e+02, 3.72722870e+02, 4.68081951e-01, 7.27301636e+02,
       4.19768707e+02, 7.59664699e-02, 0., 0., 0., 5.64733093e+02,
       2.70865906e+02, 1.60399303e-01, 5.39241699e+02, 2.45421906e+02,
       2.67701924e-01, 3.53155151e+02, 2.63033813e+02, 5.75644195e-01,
       1.92459991e+02, 2.72879730e+02, 4.66430545e-01, 6.01935791e+02,
       2.59081024e+02, 6.41483292e-02, 0., 0., 0., 0., 0., 0.,
       9.13396118e+02, 3.17823364e+02, 7.79327333e-01, 9.15338135e+02,
       3.51178284e+02, 7.55939662e-01, 9.09533997e+02, 2.74751984e+02,
       6.75021827e-01, 0., 0., 0., 0., 0., 0., 0., 0., 0., 0., 0., 0.,
       1.19996910e+02, 2.27783035e+02, 2.51972944e-01, 1.18097862e+02,
       2.27718292e+02, 2.27366522e-01, 1.80753128e+02, 2.78724091e+02,
       2.51150131e-01 ]
