%YAML:1.0
---
pose_0: !!opencv-matrix
   rows: 1
   cols: 25
   dt: "3f"
   data: [ 8.99730896e+02, 3.74677551e+02, 8.14104497e-01,
       7.99793945e+02, 3.51132172e+02, 6.45341516e-01, 8.07727661e+02,
       2.72859131e+02, 6.82394981e-01, 6.76356323e+02, 2.21899139e+02,
       7.37368762e-01, 5.70663452e+02, 2.29748199e+02, 8.22206914e-01,
       7.82208191e+02, 4.27611938e+02, 5.83223104e-01, 6.74437561e+02,
       4.88319183e+02, 7.05667078e-01, 7.70448608e+02, 5.05982727e+02,
       7.09973514e-01, 5.64721741e+02, 3.55100769e+02, 2.51236647e-01,
       5.70580200e+02, 3.08121521e+02, 3.20396841e-01, 3.59020386e+02,
       3.37453644e+02, 2.59501278e-01, 1.65030228e+02, 3.17865784e+02,
       2.74325907e-01, 5.58851563e+02, 4.06029633e+02, 3.27988029e-01,
       3.82540833e+02, 4.60949982e+02, 4.78671551e-01, 1.68966019e+02,
       5.23605286e+02, 4.16335225e-01, 9.09556213e+02, 3.51168182e+02,
       8.06101203e-01, 9.15437561e+02, 3.86488190e+02, 7.59779692e-01,
       8.86032898e+02, 3.21854340e+02, 6.53380275e-01, 0., 0., 0.,
       1.00390518e+02, 5.66682922e+02, 1.56224579e-01, 1.02409935e+02,
       5.70567200e+02, 1.57036334e-01, 1.37668549e+02, 5.15754028e+02,
       2.79864699e-01, 1.29775299e+02, 3.10049377e+02, 7.51862302e-02,
       1.31759644e+02, 3.06117615e+02, 9.27598253e-02, 1.47479813e+02,
       3.10050598e+02, 2.35281914e-01 ]
