%YAML:1.0
---
pose_0: !!opencv-matrix
   rows: 1
   cols: 25
   dt: "3f"
   data: [ 8.35092468e+02, 2.27835602e+02, 7.64600575e-01,
       7.76299194e+02, 2.96366669e+02, 5.53602993e-01, 7.76368713e+02,
       2.90463562e+02, 3.07968199e-01, 5.72530762e+02, 2.88453583e+02,
       1.09823190e-01, 5.25607605e+02, 2.59106842e+02, 2.05700696e-01,
       7.80214111e+02, 3.08122192e+02, 6.22111619e-01, 6.58752686e+02,
       2.74803009e+02, 7.62726545e-01, 5.41200500e+02, 2.25761932e+02,
       7.97096729e-01, 5.29463196e+02, 3.49217743e+02, 2.80906618e-01,
       5.23564697e+02, 3.17843933e+02, 2.64990032e-01, 3.51144318e+02,
       3.02195374e+02, 3.46391201e-01, 2.33648163e+02, 3.68755402e+02,
       1.53033555e-01, 5.35349426e+02, 3.80559692e+02, 2.21015364e-01,
       3.21792267e+02, 2.68872528e+02, 4.82631147e-01, 1.29760483e+02,
       3.68839813e+02, 4.27563429e-01, 8.40986389e+02, 2.25706650e+02,
       6.85499787e-01, 8.54692505e+02, 2.53171677e+02, 8.11756849e-01,
       0., 0., 0., 8.44868652e+02, 2.94365265e+02, 7.66774654e-01,
       8.27775421e+01, 4.07995422e+02, 2.49179527e-01, 8.27625122e+01,
       4.06031738e+02, 2.64493585e-01, 1.04325569e+02, 3.80592163e+02,
       3.13085824e-01, 0., 0., 0., 0., 0., 0., 0., 0., 0. ]
