%YAML:1.0
---
pose_0: !!opencv-matrix
   rows: 1
   cols: 25
   dt: "3f"
   data: [ 1.09172949e+03, 1.98404236e+02, 7.92994201e-01,
       9.31066101e+02, 2.35601273e+02, 2.28299841e-01, 8.99753357e+02,
       1.37650955e+02, 1.40666857e-01, 0., 0., 0., 0., 0., 0.,
       9.36963928e+02, 3.06119354e+02, 1.74230471e-01, 8.36984131e+02,
       4.62851318e+02, 7.53257632e-01, 9.34969543e+02, 3.21810303e+02,
       5.89652240e-01, 0., 0., 0., 0., 0., 0., 0., 0., 0., 0., 0., 0.,
       0., 0., 0., 0., 0., 0., 0., 0., 0., 1.09176733e+03,
       1.67078629e+02, 8.25694263e-01, 1.12310657e+03, 2.12063644e+02,
       7.12920129e-01, 1.05058350e+03, 1.49321472e+02, 5.46596110e-01,
       1.11131763e+03, 2.49324280e+02, 8.22541267e-02, 0., 0., 0., 0.,
       0., 0., 0., 0., 0., 0., 0., 0., 0., 0., 0., 0., 0., 0. ]
