%YAML:1.0
---
pose_0: !!opencv-matrix
   rows: 1
   cols: 25
   dt: "3f"
   data: [ 8.54648071e+02, 3.68775635e+02, 7.84845293e-01,
       7.58647827e+02, 3.25702667e+02, 4.90023792e-01, 7.62597412e+02,
       2.88442261e+02, 5.35425842e-01, 6.37222839e+02, 2.61060577e+02,
       7.74792314e-01, 5.88267456e+02, 3.90359619e+02, 6.96811855e-01,
       7.35172729e+02, 3.66830597e+02, 2.47379541e-01, 0., 0., 0., 0.,
       0., 0., 5.52984985e+02, 3.06102844e+02, 1.58298761e-01,
       5.62767395e+02, 2.74772430e+02, 1.48766890e-01, 5.03988556e+02,
       2.39510300e+02, 9.80221927e-02, 0., 0., 0., 5.41226074e+02,
       3.25721741e+02, 1.44891903e-01, 3.13969391e+02, 3.96238037e+02,
       2.69714832e-01, 1.33706573e+02, 3.08133209e+02, 2.62848496e-01,
       8.80110596e+02, 3.39464417e+02, 6.61927640e-01, 8.72318542e+02,
       3.80498138e+02, 7.28479147e-01, 8.52723145e+02, 3.02193390e+02,
       7.48122871e-01, 0., 0., 0., 1.16101082e+02, 2.74844147e+02,
       2.11350903e-01, 1.16122009e+02, 2.86513153e+02, 2.16331333e-01,
       1.21977058e+02, 2.86511597e+02, 1.64371699e-01, 0., 0., 0., 0.,
       0., 0., 0., 0., 0. ]
