%YAML:1.0
---
pose_0: !!opencv-matrix
   rows: 1
   cols: 25
   dt: "3f"
   data: [ 9.35033447e+02, 2.41539093e+02, 7.45927036e-01,
       8.48828003e+02, 3.12008301e+02, 4.22560990e-01, 8.54742126e+02,
       3.35499054e+02, 2.78712094e-01, 0., 0., 0., 0., 0., 0.,
       8.48770203e+02, 3.19846130e+02, 5.05714655e-01, 7.42998596e+02,
       2.86535675e+02, 6.47176027e-01, 8.56640442e+02, 1.92415085e+02,
       7.18362391e-01, 5.68655029e+02, 3.49235168e+02, 2.12556154e-01,
       5.60807251e+02, 3.10072723e+02, 2.70750165e-01, 3.27684326e+02,
       3.21780304e+02, 8.09613764e-02, 0., 0., 0., 5.82367065e+02,
       3.88432068e+02, 1.57333329e-01, 4.19761414e+02, 4.02111328e+02,
       5.11659347e-02, 0., 0., 0., 9.46779419e+02, 2.37519684e+02,
       6.45955265e-01, 9.50733154e+02, 2.61048889e+02, 8.21312368e-01,
       0., 0., 0., 9.35047729e+02, 3.10062622e+02, 7.58764446e-01, 0.,
       0., 0., 0., 0., 0., 0., 0., 0., 0., 0., 0., 0., 0., 0., 0., 0.,
       0. ]
