%YAML:1.0
---
pose_0: !!opencv-matrix
   rows: 1
   cols: 25
   dt: "3f"
   data: [ 9.97701050e+02, 2.90392517e+02, 8.33243847e-01,
       8.68391296e+02, 2.84584167e+02, 5.76772392e-01, 8.64493408e+02,
       1.96385635e+02, 6.29406631e-01, 7.44919128e+02, 1.25905136e+02,
       7.27816880e-01, 6.95948425e+02, 1.51412399e+02, 7.35168517e-01,
       8.64478943e+02, 3.84445831e+02, 5.13614535e-01, 7.41013367e+02,
       4.45140961e+02, 6.45070314e-01, 6.17674805e+02, 4.62915161e+02,
       8.27791095e-01, 6.47010742e+02, 3.04162323e+02, 1.01631105e-01,
       6.23506348e+02, 2.64970612e+02, 1.03966407e-01, 0., 0., 0., 0.,
       0., 0., 0., 0., 0., 0., 0., 0., 0., 0., 0., 9.97695618e+02,
       2.61091553e+02, 8.37702990e-01, 1.02314801e+03, 2.96342285e+02,
       6.84329033e-01, 9.66355591e+02, 2.39461411e+02, 4.91015822e-01,
       1.00555823e+03, 3.25723389e+02, 1.06566086e-01, 0., 0., 0., 0.,
       0., 0., 0., 0., 0., 0., 0., 0., 0., 0., 0., 0., 0., 0. ]
