%YAML:1.0
---
pose_0: !!opencv-matrix
   rows: 1
   cols: 25
   dt: "3f"
   data: [ 1.04079944e+03, 2.70806061e+02, 2.85143584e-01,
       9.31071289e+02, 2.57134766e+02, 5.32680929e-01, 9.46712219e+02,
       1.78815063e+02, 4.10907984e-01, 9.19389343e+02, 1.00320473e+02,
       6.32973135e-01, 1.11132813e+03, 2.37540482e+02, 4.53476995e-01,
       9.05594360e+02, 3.25721344e+02, 4.53970671e-01, 8.13558899e+02,
       4.88337433e+02, 6.79215550e-01, 9.80014160e+02, 4.43276459e+02,
       4.99323487e-01, 0., 0., 0., 0., 0., 0., 0., 0., 0., 0., 0., 0.,
       0., 0., 0., 0., 0., 0., 0., 0., 0., 1.06232446e+03,
       2.59191132e+02, 3.25745612e-01, 1.05846863e+03, 2.72822632e+02,
       1.45926535e-01, 1.05650586e+03, 2.33615646e+02, 6.10769726e-02,
       0., 0., 0., 0., 0., 0., 0., 0., 0., 0., 0., 0., 0., 0., 0., 0.,
       0., 0., 0., 0., 0. ]
