%YAML:1.0
---
pose_0: !!opencv-matrix
   rows: 1
   cols: 25
   dt: "3f"
   data: [ 9.15342957e+02, 2.21835464e+02, 7.95027792e-01,
       8.25289246e+02, 1.80786728e+02, 4.83323574e-01, 8.33146851e+02,
       1.45454361e+02, 5.73978424e-01, 8.19389709e+02, 2.76717407e+02,
       8.14311385e-01, 7.74287292e+02, 3.86481018e+02, 8.13350379e-01,
       8.09612488e+02, 2.12087616e+02, 2.60412812e-01, 6.58781738e+02,
       2.88561737e+02, 7.51907945e-01, 5.58823425e+02, 3.35407684e+02,
       7.75463223e-01, 5.52956299e+02, 1.96421738e+02, 1.32526234e-01,
       5.27500793e+02, 1.70944458e+02, 1.30961969e-01, 3.70747681e+02,
       3.49178192e+02, 5.43863654e-01, 1.49435867e+02, 3.21820862e+02,
       3.55862677e-01, 0., 0., 0., 0., 0., 0., 0., 0., 0.,
       9.27193420e+02, 1.96385895e+02, 8.67344201e-01, 9.31031860e+02,
       2.27704941e+02, 7.87310719e-01, 8.99807190e+02, 1.61103806e+02,
       6.86046958e-01, 0., 0., 0., 0., 0., 0., 0., 0., 0., 0., 0., 0.,
       1.06283524e+02, 3.55122925e+02, 1.24521181e-01, 1.02422325e+02,
       3.51155334e+02, 1.10300414e-01, 1.29789154e+02, 3.04158020e+02,
       1.91581726e-01 ]
