%YAML:1.0
---
pose_0: !!opencv-matrix
   rows: 1
   cols: 25
   dt: "3f"
   data: [ 8.93867004e+02, 3.55102783e+02, 7.71874249e-01,
       8.05693176e+02, 3.23748230e+02, 5.70621729e-01, 8.07684509e+02,
       2.84585388e+02, 6.51106536e-01, 7.88001587e+02, 3.82481140e+02,
       6.90992951e-01, 7.74377686e+02, 5.05980255e+02, 7.45499134e-01,
       7.76306396e+02, 3.66820801e+02, 2.58203149e-01, 6.68557800e+02,
       4.45270386e+02, 7.47484684e-01, 6.21615356e+02, 5.25550354e+02,
       8.13831329e-01, 5.54915894e+02, 3.33575348e+02, 2.80330032e-01,
       5.47108459e+02, 3.04130432e+02, 3.12357515e-01, 3.60990967e+02,
       3.72724518e+02, 2.92172074e-01, 1.59165771e+02, 3.21833252e+02,
       3.32201630e-01, 5.64719177e+02, 3.70764252e+02, 1.64359495e-01,
       3.41405701e+02, 3.96233093e+02, 1.45514011e-01, 1.80695480e+02,
       3.82553101e+02, 2.52739698e-01, 8.99756897e+02, 3.35556183e+02,
       8.95731747e-01, 9.09566772e+02, 3.64884338e+02, 7.43523479e-01,
       8.70444275e+02, 3.08088348e+02, 7.19758928e-01, 0., 0., 0., 0.,
       0., 0., 0., 0., 0., 1.61105621e+02, 3.84486450e+02,
       1.41702130e-01, 1.16044853e+02, 2.88505371e+02, 2.63022721e-01,
       1.14114738e+02, 2.88483795e+02, 2.51765996e-01, 0., 0., 0. ]
