%YAML:1.0
---
pose_0: !!opencv-matrix
   rows: 1
   cols: 25
   dt: "3f"
   data: [ 8.86034668e+02, 4.00212616e+02, 8.27715278e-01,
       7.88010498e+02, 4.15894257e+02, 6.80135012e-01, 7.76245911e+02,
       3.49159576e+02, 7.17889667e-01, 6.82372681e+02, 2.96313538e+02,
       7.58087397e-01, 6.66670044e+02, 2.55220993e+02, 8.24561298e-01,
       7.92066956e+02, 4.88325592e+02, 6.18210733e-01, 6.84266113e+02,
       5.74577576e+02, 7.71677434e-01, 7.66499329e+02, 5.54950073e+02,
       7.93100476e-01, 5.54950745e+02, 4.31479156e+02, 3.46701592e-01,
       5.62743530e+02, 3.86456360e+02, 4.29546326e-01, 3.35529358e+02,
       3.84452515e+02, 2.24705398e-01, 1.51360733e+02, 3.59055237e+02,
       4.28115040e-01, 5.54895508e+02, 4.72622009e+02, 3.60046804e-01,
       3.70797913e+02, 5.09956635e+02, 4.06873435e-01, 2.10130936e+02,
       5.60790771e+02, 1.86951846e-01, 8.95782532e+02, 3.86508087e+02,
       8.23384523e-01, 9.01652527e+02, 4.17786194e+02, 7.85959303e-01,
       8.68441711e+02, 3.74708527e+02, 4.17739153e-01, 8.76265320e+02,
       4.47186707e+02, 6.36782527e-01, 1.55296875e+02, 5.86263062e+02,
       9.89484340e-02, 1.65069580e+02, 5.94089294e+02, 1.05299078e-01,
       0., 0., 0., 1.00400475e+02, 3.64882355e+02, 1.22018747e-01,
       1.02366051e+02, 3.62915558e+02, 1.15425237e-01, 1.35702332e+02,
       3.66830750e+02, 2.85035968e-01 ]
