%YAML:1.0
---
pose_0: !!opencv-matrix
   rows: 1
   cols: 25
   dt: "3f"
   data: [ 8.87977478e+02, 1.80836258e+02, 7.08058953e-01,
       8.39056580e+02, 2.59044159e+02, 4.89611924e-01, 8.48759705e+02,
       2.59079285e+02, 2.91618735e-01, 0., 0., 0., 0., 0., 0.,
       8.42931030e+02, 2.61084747e+02, 5.96808434e-01, 7.23440186e+02,
       2.57079620e+02, 7.08524525e-01, 6.50971130e+02, 1.49493973e+02,
       8.42166126e-01, 5.68656738e+02, 3.02201385e+02, 1.76616028e-01,
       5.64737976e+02, 2.78691589e+02, 1.64472356e-01, 3.74707642e+02,
       2.92409363e+02, 1.76623330e-01, 0., 0., 0., 5.58846619e+02,
       3.19823792e+02, 1.32864133e-01, 3.88403168e+02, 2.88517487e+02,
       1.05441287e-01, 0., 0., 0., 0., 0., 0., 9.03664490e+02,
       1.94422638e+02, 8.06089997e-01, 0., 0., 0., 9.01762268e+02,
       2.45432022e+02, 8.02325010e-01, 0., 0., 0., 0., 0., 0., 0., 0.,
       0., 0., 0., 0., 0., 0., 0., 0., 0., 0. ]
