%YAML:1.0
---
pose_0: !!opencv-matrix
   rows: 1
   cols: 25
   dt: "3f"
   data: [ 8.80126038e+02, 1.98412857e+02, 8.16835225e-01,
       7.76328003e+02, 1.90547638e+02, 6.18257403e-01, 7.84141602e+02,
       1.23919960e+02, 6.66298687e-01, 7.31287292e+02, 1.45436584e+02,
       7.18833089e-01, 7.29229431e+02, 2.96305481e+02, 7.51862168e-01,
       7.60704041e+02, 2.61047272e+02, 4.87828165e-01, 6.41146301e+02,
       2.92434296e+02, 2.94463307e-01, 5.27512512e+02, 3.15906647e+02,
       2.22399652e-01, 5.35338135e+02, 1.98384445e+02, 1.32984549e-01,
       5.29469604e+02, 1.65092316e+02, 2.04859018e-01, 3.25710785e+02,
       1.61123917e+02, 2.12703213e-01, 0., 0., 0., 5.09841553e+02,
       2.41450226e+02, 1.56081527e-01, 0., 0., 0., 0., 0., 0.,
       8.84129272e+02, 1.80767426e+02, 8.87279272e-01, 8.95816101e+02,
       2.10115936e+02, 7.83276558e-01, 8.56658020e+02, 1.61167572e+02,
       6.51237249e-01, 8.76199829e+02, 2.29768524e+02, 1.80386290e-01,
       0., 0., 0., 0., 0., 0., 0., 0., 0., 0., 0., 0., 0., 0., 0., 0.,
       0., 0. ]
