%YAML:1.0
---
pose_0: !!opencv-matrix
   rows: 1
   cols: 25
   dt: "3f"
   data: [ 9.17376770e+02, 3.06155853e+02, 5.65170169e-01,
       8.11618408e+02, 2.84587616e+02, 5.77970266e-01, 8.23294067e+02,
       2.35578308e+02, 3.69271129e-01, 8.21387390e+02, 1.82747345e+02,
       7.16553867e-01, 8.86094299e+02, 3.08111572e+02, 6.12648070e-01,
       8.07707642e+02, 3.35530334e+02, 5.31938493e-01, 8.03777222e+02,
       4.06074188e+02, 6.82563007e-01, 8.74304138e+02, 4.11951172e+02,
       7.23066270e-01, 5.98023987e+02, 2.37538651e+02, 1.36930227e-01,
       5.78425659e+02, 2.23820755e+02, 1.13428302e-01, 0., 0., 0., 0.,
       0., 0., 0., 0., 0., 0., 0., 0., 0., 0., 0., 9.23256165e+02,
       2.88511261e+02, 5.88385761e-01, 9.35041199e+02, 3.15940552e+02,
       3.65863860e-01, 9.17432678e+02, 2.45451599e+02, 6.32420242e-01,
       0., 0., 0., 0., 0., 0., 0., 0., 0., 0., 0., 0., 0., 0., 0., 0.,
       0., 0., 0., 0., 0. ]
