%YAML:1.0
---
pose_0: !!opencv-matrix
   rows: 1
   cols: 25
   dt: "3f"
   data: [ 8.58569153e+02, 1.61122955e+02, 7.36164153e-01,
       7.84184082e+02, 1.78716354e+02, 6.71145678e-01, 7.88066711e+02,
       1.06309975e+02, 5.76601148e-01, 8.23305115e+02, 4.16575699e+01,
       3.25974524e-01, 886., 4.16843834e+01, 4.57720935e-01,
       7.91984497e+02, 2.41409714e+02, 5.65988302e-01, 8.95785034e+02,
       2.61078491e+02, 7.90175855e-01, 9.15374634e+02, 1.90528839e+02,
       5.55974603e-01, 6.17623413e+02, 1.82694489e+02, 8.32536593e-02,
       0., 0., 0., 0., 0., 0., 0., 0., 0., 0., 0., 0., 0., 0., 0., 0.,
       0., 0., 8.68425598e+02, 1.49436371e+02, 7.37813175e-01,
       8.68458435e+02, 1.74822296e+02, 7.69800425e-01, 8.70360168e+02,
       1.45449814e+02, 8.46476108e-02, 8.56700684e+02, 1.98354599e+02,
       2.45388463e-01, 0., 0., 0., 0., 0., 0., 0., 0., 0., 0., 0., 0.,
       0., 0., 0., 0., 0., 0. ]
