%YAML:1.0
---
pose_0: !!opencv-matrix
   rows: 1
   cols: 25
   dt: "3f"
   data: [ 8.99745178e+02, 3.82563263e+02, 8.32913041e-01,
       7.99845642e+02, 3.59050354e+02, 6.47247136e-01, 8.03759216e+02,
       2.84597687e+02, 6.55222297e-01, 6.66601624e+02, 2.39499054e+02,
       7.35909164e-01, 5.56958435e+02, 2.41494156e+02, 7.77982235e-01,
       7.90095032e+02, 4.41284058e+02, 5.96839428e-01, 6.80343018e+02,
       5.07970001e+02, 8.51200342e-01, 7.60637329e+02, 5.07929291e+02,
       8.29359412e-01, 5.47096680e+02, 3.66824493e+02, 2.33138412e-01,
       5.49065613e+02, 3.17872589e+02, 2.81481594e-01, 3.60962585e+02,
       3.35546844e+02, 3.04045320e-01, 0., 0., 0., 5.43189392e+02,
       4.15861847e+02, 2.80988574e-01, 3.60996399e+02, 4.76537231e+02,
       1.69751793e-01, 1.59198212e+02, 5.23589905e+02, 1.23894617e-01,
       9.11484314e+02, 3.55119690e+02, 7.41550088e-01, 9.17410522e+02,
       3.96251617e+02, 7.60215998e-01, 8.87971008e+02, 3.31621674e+02,
       5.92878819e-01, 0., 0., 0., 1.00322975e+02, 5.64721252e+02,
       7.89124370e-02, 0., 0., 0., 0., 0., 0., 0., 0., 0., 0., 0., 0.,
       0., 0., 0. ]
