%YAML:1.0
---
pose_0: !!opencv-matrix
   rows: 1
   cols: 25
   dt: "3f"
   data: [ 9.11506470e+02, 3.51129028e+02, 7.88228035e-01,
       8.38969421e+02, 2.76765961e+02, 3.86480570e-01, 8.46864685e+02,
       2.76736115e+02, 7.24313378e-01, 7.60680481e+02, 3.58986267e+02,
       7.71705925e-01, 7.93935608e+02, 4.45274292e+02, 8.47003698e-01,
       8.31179260e+02, 2.59092102e+02, 1.95848957e-01, 0., 0., 0., 0.,
       0., 0., 5.35323120e+02, 2.90468994e+02, 2.67781019e-01,
       5.25575623e+02, 2.84572021e+02, 2.87605226e-01, 3.15932678e+02,
       3.35531555e+02, 2.89145619e-01, 9.84724121e+01, 3.37443085e+02,
       2.26784945e-01, 0., 0., 0., 0., 0., 0., 0., 0., 0.,
       9.30999268e+02, 3.25705170e+02, 7.38960803e-01, 9.31122742e+02,
       3.53168213e+02, 6.96828663e-01, 9.09534851e+02, 2.88394745e+02,
       8.23376060e-01, 0., 0., 0., 0., 0., 0., 0., 0., 0., 0., 0., 0.,
       3.57618217e+01, 3.08112396e+02, 1.02492385e-01, 3.37760849e+01,
       3.08089508e+02, 6.88107163e-02, 0., 0., 0. ]
