%YAML:1.0
---
pose_0: !!opencv-matrix
   rows: 1
   cols: 25
   dt: "3f"
   data: [ 9.62387207e+02, 2.57106842e+02, 8.16999674e-01,
       8.38963440e+02, 2.72803009e+02, 6.72258615e-01, 8.23357117e+02,
       1.78798859e+02, 6.68035388e-01, 6.88127441e+02, 1.33706131e+02,
       7.49906242e-01, 5.72569153e+02, 1.47430130e+02, 8.26396823e-01,
       8.52730652e+02, 3.59012939e+02, 6.19711637e-01, 7.31278809e+02,
       4.45179840e+02, 7.41618574e-01, 6.56810547e+02, 3.76619385e+02,
       7.08402038e-01, 5.92149109e+02, 2.70867432e+02, 1.27216145e-01,
       5.80391113e+02, 2.29744553e+02, 2.14340329e-01, 3.21807861e+02,
       2.74787689e+02, 2.51643658e-01, 8.86816406e+01, 2.90529480e+02,
       6.58837333e-02, 5.60829346e+02, 3.53151947e+02, 1.22230425e-01,
       3.19855957e+02, 3.55151978e+02, 1.94258243e-01, 1.49372406e+02,
       3.66796448e+02, 2.29267329e-01, 9.66369812e+02, 2.31659851e+02,
       8.13465416e-01, 9.76116333e+02, 2.72839508e+02, 7.79575229e-01,
       9.36968689e+02, 2.10036850e+02, 5.92042804e-01, 9.54576172e+02,
       2.94410004e+02, 1.36718705e-01, 8.47301788e+01, 3.96203613e+02,
       2.01975241e-01, 1.00382950e+02, 4.00141571e+02, 2.20684677e-01,
       1.23941650e+02, 3.53108246e+02, 9.29516703e-02, 0., 0., 0., 0.,
       0., 0., 0., 0., 0. ]
