%YAML:1.0
---
pose_0: !!opencv-matrix
   rows: 1
   cols: 25
   dt: "3f"
   data: [ 9.15343628e+02, 3.80577118e+02, 8.05152237e-01,
       7.93991089e+02, 3.82470428e+02, 6.97682321e-01, 7.84174683e+02,
       3.08130737e+02, 6.47924662e-01, 6.80269409e+02, 2.23802628e+02,
       7.86412597e-01, 7.58754700e+02, 2.45382004e+02, 8.31163824e-01,
       8.03708130e+02, 4.60899902e+02, 5.72857916e-01, 6.80351074e+02,
       5.31460815e+02, 7.82121658e-01, 7.95876282e+02, 5.31401794e+02,
       7.50876188e-01, 5.29493835e+02, 3.82488098e+02, 3.59612405e-01,
       5.39220276e+02, 3.37425201e+02, 4.47977066e-01, 3.33564392e+02,
       3.37505402e+02, 3.11714619e-01, 0., 0., 0., 5.29461914e+02,
       4.29516663e+02, 3.85722488e-01, 3.53135376e+02, 4.78475494e+02,
       4.58686829e-01, 1.78790894e+02, 5.23528992e+02, 3.69500935e-01,
       9.21295532e+02, 3.53238068e+02, 8.20248544e-01, 9.29074280e+02,
       3.96216522e+02, 7.55385041e-01, 8.93838928e+02, 3.33484589e+02,
       6.74699128e-01, 9.03661926e+02, 4.11938873e+02, 1.87166780e-01,
       1.04356201e+02, 5.66679626e+02, 1.74740389e-01, 0., 0., 0.,
       1.45480118e+02, 5.21647461e+02, 1.61436260e-01, 0., 0., 0., 0.,
       0., 0., 0., 0., 0. ]
