%YAML:1.0
---
pose_0: !!opencv-matrix
   rows: 1
   cols: 25
   dt: "3f"
   data: [ 9.78086365e+02, 2.47341049e+02, 7.66923726e-01,
       8.52697266e+02, 2.76764069e+02, 5.29020190e-01, 8.39044800e+02,
       1.78760712e+02, 6.64229691e-01, 6.90101990e+02, 1.20006371e+02,
       7.26443172e-01, 7.60602722e+02, 2.10163925e+02, 8.16066027e-01,
       8.56606750e+02, 3.68878693e+02, 5.90965986e-01, 7.17577942e+02,
       4.68764587e+02, 7.23677218e-01, 7.43096863e+02, 3.62956360e+02,
       7.96888530e-01, 5.68643005e+02, 2.90476685e+02, 1.68306485e-01,
       5.62774963e+02, 2.41495300e+02, 2.77367324e-01, 3.33547302e+02,
       2.31651688e+02, 1.44023761e-01, 0., 0., 0., 5.66691101e+02,
       3.51178680e+02, 1.46640450e-01, 3.51194153e+02, 3.53163574e+02,
       8.86996314e-02, 2.90426270e+02, 3.53153809e+02, 9.13007259e-02,
       9.85913208e+02, 2.25789658e+02, 8.29459310e-01, 9.95732971e+02,
       2.70859680e+02, 8.10495734e-01, 9.60470581e+02, 2.04232880e+02,
       6.43966675e-01, 9.85925171e+02, 3.00218628e+02, 1.98366955e-01,
       0., 0., 0., 0., 0., 0., 0., 0., 0., 0., 0., 0., 0., 0., 0., 0.,
       0., 0. ]
