%YAML:1.0
---
pose_0: !!opencv-matrix
   rows: 1
   cols: 25
   dt: "3f"
   data: [ 8.64481079e+02, 1.49502441e+02, 7.93710172e-01,
       7.74426514e+02, 1.18081497e+02, 7.14836895e-01, 7.74327271e+02,
       5.14600258e+01, 6.40247941e-01, 7.90023499e+02, 5.34884930e+00,
       1.10736705e-01, 0., 0., 0., 7.78265503e+02, 1.84685684e+02,
       5.81608474e-01, 8.07678406e+02, 2.59070892e+02, 8.30622613e-01,
       8.72370911e+02, 3.41386566e+02, 7.84923732e-01, 5.54907410e+02,
       1.47461624e+02, 2.05685169e-01, 5.49056335e+02, 1.04345802e+02,
       2.29799986e-01, 3.29640289e+02, 2.16005951e+02, 1.21494748e-01,
       1.49436996e+02, 2.23857880e+02, 3.60103548e-01, 5.52977478e+02,
       1.96444916e+02, 1.75445557e-01, 4.21712524e+02, 2.04265045e+02,
       6.91501051e-02, 3.41375732e+02, 2.16009445e+02, 1.28550604e-01,
       8.72383423e+02, 1.31756119e+02, 7.86681890e-01, 8.82083618e+02,
       1.53288025e+02, 7.29582727e-01, 8.52719604e+02, 8.68074875e+01,
       8.50222588e-01, 0., 0., 0., 0., 0., 0., 0., 0., 0., 0., 0., 0.,
       9.64795685e+01, 2.59163666e+02, 1.24921188e-01, 9.84139481e+01,
       2.57142731e+02, 1.12081096e-01, 1.25896278e+02, 2.12053864e+02,
       1.95352107e-01 ]
