%YAML:1.0
---
pose_0: !!opencv-matrix
   rows: 1
   cols: 25
   dt: "3f"
   data: [ 9.05643799e+02, 4.15899048e+02, 7.58184791e-01,
       7.95953003e+02, 4.17830231e+02, 6.49536014e-01, 7.86128906e+02,
       3.41410126e+02, 6.63128316e-01, 6.68620667e+02, 2.78670654e+02,
       7.53372550e-01, 7.58589844e+02, 2.74796326e+02, 8.43168795e-01,
       8.05623047e+02, 4.94261780e+02, 5.81281364e-01, 6.82347412e+02,
       5.86273193e+02, 8.43184054e-01, 7.80275696e+02, 5.72484375e+02,
       8.22309017e-01, 5.41198730e+02, 4.76561249e+02, 2.96276152e-01,
       5.41216858e+02, 4.19744904e+02, 3.75166297e-01, 3.51214294e+02,
       3.86472412e+02, 3.74805421e-01, 0., 0., 0., 5.54959656e+02,
       5.21620422e+02, 3.38779330e-01, 3.82525757e+02, 5.23624390e+02,
       4.89916146e-01, 0., 0., 0., 9.17336975e+02, 3.98221191e+02,
       8.92197549e-01, 9.17421082e+02, 4.33538269e+02, 7.41315246e-01,
       8.93867615e+02, 3.70813995e+02, 6.31145239e-01, 8.89949402e+02,
       4.56934875e+02, 1.15017660e-01, 0., 0., 0., 0., 0., 0., 0., 0.,
       0., 0., 0., 0., 0., 0., 0., 0., 0., 0. ]
