%YAML:1.0
---
pose_0: !!opencv-matrix
   rows: 1
   cols: 25
   dt: "3f"
   data: [ 9.17302368e+02, 2.61116760e+02, 8.30463171e-01,
       8.05663574e+02, 2.82642853e+02, 7.08002865e-01, 7.91948364e+02,
       2.00313766e+02, 7.01153874e-01, 6.74410889e+02, 1.78747208e+02,
       7.85236120e-01, 6.00016296e+02, 2.00324722e+02, 7.71996439e-01,
       8.15479370e+02, 3.66802032e+02, 6.57675385e-01, 6.99913879e+02,
       4.33537933e+02, 7.42315650e-01, 5.84311951e+02, 4.45143005e+02,
       7.79204488e-01, 5.45147034e+02, 3.21777100e+02, 2.18683332e-01,
       5.45149292e+02, 2.70875732e+02, 2.80690432e-01, 3.41399719e+02,
       2.59127380e+02, 1.15784541e-01, 0., 0., 0., 5.41216553e+02,
       3.62943665e+02, 2.01785669e-01, 3.68842560e+02, 4.09946228e+02,
       1.96908593e-01, 1.65041519e+02, 4.78513763e+02, 2.49505848e-01,
       9.29044556e+02, 2.43530350e+02, 8.62566590e-01, 9.30999939e+02,
       2.80665527e+02, 8.05886209e-01, 8.99741455e+02, 2.25806061e+02,
       6.65832162e-01, 9.09553101e+02, 3.06044373e+02, 6.15056694e-01,
       1.00426308e+02, 5.09893860e+02, 5.67477196e-02, 1.14115738e+02,
       5.19685120e+02, 7.04871938e-02, 1.55250031e+02, 4.76568390e+02,
       1.36226758e-01, 0., 0., 0., 0., 0., 0., 0., 0., 0. ]
