%YAML:1.0
---
pose_0: !!opencv-matrix
   rows: 1
   cols: 25
   dt: "3f"
   data: [ 9.17309875e+02, 2.41462540e+02, 7.48374462e-01,
       8.17466370e+02, 2.92459900e+02, 6.96663976e-01, 7.78251526e+02,
       2.43387833e+02, 6.64965451e-01, 6.92063171e+02, 2.57190521e+02,
       5.72455168e-01, 6.56847473e+02, 1.92469254e+02, 7.45927811e-01,
       8.52705872e+02, 3.53112488e+02, 6.68973625e-01, 7.45048035e+02,
       4.33509003e+02, 7.25633025e-01, 6.37183594e+02, 3.92323792e+02,
       7.23610163e-01, 5.80412720e+02, 3.33559845e+02, 2.66003221e-01,
       5.76468994e+02, 3.02204742e+02, 3.05785328e-01, 3.64906067e+02,
       3.21826447e+02, 2.47952312e-01, 1.43512115e+02, 3.66837616e+02,
       3.19645792e-01, 5.88246460e+02, 3.74695801e+02, 1.37341857e-01,
       3.45324799e+02, 3.31583008e+02, 2.54037529e-01, 1.39610916e+02,
       3.66917542e+02, 1.61550745e-01, 9.23234985e+02, 2.27812454e+02,
       6.90046012e-01, 9.33035156e+02, 2.59068848e+02, 8.85763407e-01,
       0., 0., 0., 9.17344849e+02, 2.96321960e+02, 7.50681162e-01, 0.,
       0., 0., 0., 0., 0., 1.02417877e+02, 3.78592590e+02,
       9.94388312e-02, 9.84372253e+01, 3.84445282e+02, 1.36416376e-01,
       0., 0., 0., 1.14124306e+02, 3.78600250e+02, 1.64875537e-01 ]
