%YAML:1.0
---
pose_0: !!opencv-matrix
   rows: 1
   cols: 25
   dt: "3f"
   data: [ 8.85985107e+02, 2.78717865e+02, 8.50411057e-01,
       8.01781433e+02, 2.51295746e+02, 6.22729897e-01, 8.09680359e+02,
       1.94452377e+02, 6.33989692e-01, 7.46920044e+02, 1.18031197e+02,
       8.05803537e-01, 7.88038879e+02, 2.55147873e+02, 7.27745473e-01,
       7.84176270e+02, 2.98310303e+02, 4.47712094e-01, 7.33238464e+02,
       3.17896729e+02, 1.69273466e-01, 7.72387939e+02, 3.08122711e+02,
       6.96969256e-02, 6.21540161e+02, 2.45391495e+02, 9.68030840e-02,
       0., 0., 0., 0., 0., 0., 0., 0., 0., 0., 0., 0., 0., 0., 0., 0.,
       0., 0., 8.97711487e+02, 2.59028503e+02, 8.82666647e-01,
       9.01686401e+02, 2.90369568e+02, 8.48836005e-01, 8.74261841e+02,
       2.27819992e+02, 7.13561416e-01, 8.87988098e+02, 3.06172516e+02,
       5.07730804e-02, 0., 0., 0., 0., 0., 0., 0., 0., 0., 0., 0., 0.,
       0., 0., 0., 0., 0., 0. ]
