%YAML:1.0
---
pose_0: !!opencv-matrix
   rows: 1
   cols: 25
   dt: "3f"
   data: [ 9.21303162e+02, 3.45267456e+02, 7.09271848e-01,
       8.54670715e+02, 2.72785309e+02, 3.75413448e-01, 8.58588318e+02,
       2.59145477e+02, 6.79699183e-01, 7.90079895e+02, 2.37559921e+02,
       6.77646160e-01, 6.82367371e+02, 4.43266907e+02, 5.42601585e-01,
       8.60541016e+02, 2.72791962e+02, 2.10616097e-01, 0., 0., 0., 0.,
       0., 0., 6.66601257e+02, 2.55202042e+02, 7.39787221e-02,
       6.45059021e+02, 2.31689499e+02, 6.76421374e-02, 0., 0., 0., 0.,
       0., 0., 0., 0., 0., 0., 0., 0., 0., 0., 0., 9.35047852e+02,
       3.25722290e+02, 7.42836595e-01, 9.36957764e+02, 3.49243164e+02,
       1.71703219e-01, 9.21271667e+02, 2.74730042e+02, 8.57264161e-01,
       0., 0., 0., 0., 0., 0., 0., 0., 0., 0., 0., 0., 0., 0., 0., 0.,
       0., 0., 0., 0., 0. ]
