%YAML:1.0
---
pose_0: !!opencv-matrix
   rows: 1
   cols: 25
   dt: "3f"
   data: [ 8.86063538e+02, 2.78693451e+02, 8.55279684e-01,
       7.78284485e+02, 2.70848450e+02, 6.81225061e-01, 7.89936646e+02,
       1.96422653e+02, 6.39416814e-01, 7.17547485e+02, 9.06028290e+01,
       7.38714933e-01, 7.37108276e+02, 1.84687424e+02, 6.57411337e-01,
       7.58622437e+02, 3.35469086e+02, 5.32426000e-01, 6.46993225e+02,
       3.53259430e+02, 7.42007375e-01, 5.47121704e+02, 3.68816376e+02,
       7.42545009e-01, 5.52980774e+02, 2.55211395e+02, 2.49652773e-01,
       5.39275330e+02, 2.17939178e+02, 3.08721244e-01, 3.53112000e+02,
       2.21892349e+02, 8.84462893e-02, 0., 0., 0., 5.52968811e+02,
       3.04147430e+02, 2.08184630e-01, 3.53167297e+02, 3.66800507e+02,
       2.75457799e-01, 1.61152649e+02, 3.62952271e+02, 3.52183074e-01,
       8.88014648e+02, 2.59114349e+02, 8.65738451e-01, 9.03627991e+02,
       2.88396332e+02, 8.20141733e-01, 8.60570740e+02, 2.39444504e+02,
       6.30652487e-01, 8.91907104e+02, 3.06072723e+02, 1.82589218e-01,
       1.20050385e+02, 4.29481842e+02, 1.27731219e-01, 0., 0., 0.,
       1.31795197e+02, 3.51126923e+02, 2.99239993e-01, 0., 0., 0., 0.,
       0., 0., 0., 0., 0. ]
