%YAML:1.0
---
pose_0: !!opencv-matrix
   rows: 1
   cols: 25
   dt: "3f"
   data: [ 8.68458679e+02, 2.12155289e+02, 8.05302680e-01,
       8.17476135e+02, 2.82617279e+02, 5.49144030e-01, 8.25260803e+02,
       2.82637634e+02, 3.91162634e-01, 6.48890808e+02, 2.43458832e+02,
       4.23932135e-01, 6.76379333e+02, 1.76788116e+02, 7.03129888e-01,
       8.23283447e+02, 2.86559967e+02, 5.48715174e-01, 7.21457336e+02,
       2.43453979e+02, 6.83413982e-01, 7.41072144e+02, 1.74843063e+02,
       7.35863268e-01, 5.54916382e+02, 3.19871002e+02, 2.64238805e-01,
       5.58863831e+02, 2.90435028e+02, 1.70797452e-01, 3.37465881e+02,
       3.06183594e+02, 2.75879472e-01, 1.41570724e+02, 3.66885284e+02,
       1.57212153e-01, 5.39274231e+02, 3.37454407e+02, 2.40917116e-01,
       3.25737335e+02, 3.12005188e+02, 1.82625562e-01, 1.29801865e+02,
       3.72742218e+02, 2.35840127e-01, 8.85958130e+02, 2.12114319e+02,
       3.62754822e-01, 8.86091431e+02, 2.27769226e+02, 7.67774582e-01,
       0., 0., 0., 8.82135986e+02, 2.74871277e+02, 7.96668708e-01,
       8.67663956e+01, 4.00126343e+02, 1.21495925e-01, 1.00371338e+02,
       4.02172882e+02, 1.64089873e-01, 1.00389137e+02, 3.82547119e+02,
       1.75184339e-01, 9.64738235e+01, 4.00218994e+02, 1.29552916e-01,
       9.25866394e+01, 3.96251160e+02, 1.20810308e-01, 0., 0., 0. ]
