%YAML:1.0
---
pose_0: !!opencv-matrix
   rows: 1
   cols: 25
   dt: "3f"
   data: [ 9.01727417e+02, 3.78624237e+02, 8.06535363e-01,
       8.21325562e+02, 4.27625549e+02, 7.24493623e-01, 7.91982178e+02,
       3.90377075e+02, 5.72930336e-01, 7.31279053e+02, 3.74703918e+02,
       3.18860114e-01, 6.78353699e+02, 2.88513885e+02, 6.03321269e-02,
       8.44897339e+02, 4.64863495e+02, 6.04285121e-01, 7.76314392e+02,
       4.35423248e+02, 6.48759902e-01, 6.68529785e+02, 2.72757538e+02,
       6.80281341e-01, 6.33289490e+02, 4.76578674e+02, 8.91048089e-02,
       6.13698730e+02, 4.47189362e+02, 1.22608058e-01, 3.53139313e+02,
       3.82454468e+02, 1.98897541e-01, 3.41393158e+02, 3.82562744e+02,
       8.19127858e-02, 6.60734131e+02, 5.11826752e+02, 7.69680291e-02,
       5.52967896e+02, 3.98232300e+02, 6.05538934e-02, 0., 0., 0.,
       9.13438171e+02, 3.66780182e+02, 8.48753452e-01, 9.19407715e+02,
       3.96208801e+02, 8.32426965e-01, 8.93835876e+02, 3.57039337e+02,
       1.36676490e-01, 9.11482300e+02, 4.31613007e+02, 7.68643439e-01,
       0., 0., 0., 0., 0., 0., 0., 0., 0., 0., 0., 0., 0., 0., 0., 0.,
       0., 0. ]
