%YAML:1.0
---
pose_0: !!opencv-matrix
   rows: 1
   cols: 25
   dt: "3f"
   data: [ 8.86010864e+02, 3.35420807e+02, 8.58939469e-01,
       7.88058472e+02, 3.64841492e+02, 7.10092902e-01, 7.60696777e+02,
       3.08107025e+02, 6.96890414e-01, 6.48967224e+02, 3.06122559e+02,
       5.82164228e-01, 5.47084229e+02, 2.84566986e+02, 6.60583794e-01,
       8.07664490e+02, 4.15835876e+02, 6.13837957e-01, 9.29147766e+02,
       4.47240753e+02, 7.84286141e-01, 1.04468311e+03, 4.02106567e+02,
       5.64839959e-01, 5.74513184e+02, 3.84521667e+02, 3.45083594e-01,
       5.68651489e+02, 3.41382538e+02, 5.02249002e-01, 3.29635712e+02,
       2.92400299e+02, 1.65467933e-01, 0., 0., 0., 5.82353943e+02,
       4.33449646e+02, 3.30490619e-01, 3.51239166e+02, 5.27533569e+02,
       5.64871550e-01, 2.14035965e+02, 6.19558411e+02, 5.02310514e-01,
       8.93881226e+02, 3.19857239e+02, 8.18337679e-01, 8.99672241e+02,
       3.51109802e+02, 8.44630003e-01, 8.68394836e+02, 3.06204315e+02,
       2.63127595e-01, 8.89923584e+02, 3.82440826e+02, 5.13127923e-01,
       1.78793152e+02, 6.13733826e+02, 8.79711583e-02, 1.88579483e+02,
       6.19593689e+02, 9.03902352e-02, 1.98369919e+02, 6.29370789e+02,
       2.31557369e-01, 0., 0., 0., 0., 0., 0., 0., 0., 0. ]
