%YAML:1.0
---
pose_0: !!opencv-matrix
   rows: 2
   cols: 25
   dt: "3f"
   data: [ 8.80161377e+02, 1.80823776e+02, 8.34300041e-01,
       8.52710510e+02, 2.57115509e+02, 5.44883966e-01, 8.52714233e+02,
       2.55168228e+02, 2.76463240e-01, 7.84121399e+02, 2.25790573e+02,
       1.30762786e-01, 0., 0., 0., 8.66455139e+02, 2.63069794e+02,
       6.24528229e-01, 7.80245300e+02, 2.16013855e+02, 4.55980271e-01,
       7.05775452e+02, 1.49315201e+02, 7.12993383e-01, 6.68560181e+02,
       3.19838898e+02, 5.80007508e-02, 0., 0., 0., 0., 0., 0., 0., 0.,
       0., 6.68557129e+02, 3.53148499e+02, 5.20237274e-02,
       1.88574249e+02, 3.27679016e+02, 1.12622000e-01, 6.91028748e+01,
       3.82506012e+02, 1.95147797e-01, 8.91930908e+02, 1.78751251e+02,
       2.68111944e-01, 9.01661499e+02, 1.90552185e+02, 8.61467183e-01,
       0., 0., 0., 9.13483154e+02, 2.45422913e+02, 8.14557254e-01,
       4.94702606e+01, 4.00142151e+02, 6.57534078e-02, 4.55587997e+01,
       4.00164948e+02, 8.49391222e-02, 4.55687065e+01, 3.94303986e+02,
       1.72482923e-01, 0., 0., 0., 0., 0., 0., 0., 0., 0., 0., 0., 0.,
       0., 0., 0., 0., 0., 0., 0., 0., 0., 0., 0., 0., 0., 0., 0., 0.,
       0., 0., 0., 0., 0., 5.41213257e+02, 3.23739349e+02,
       9.31799263e-02, 5.41219666e+02, 2.92411072e+02, 1.23460673e-01,
       1.94484024e+02, 3.17865112e+02, 2.11244851e-01, 8.46899338e+01,
       3.72715729e+02, 3.60081255e-01, 5.47103027e+02, 3.72715302e+02,
       8.75135958e-02, 3.15909515e+02, 2.59155273e+02, 5.03827743e-02,
       0., 0., 0., 0., 0., 0., 0., 0., 0., 0., 0., 0., 0., 0., 0., 0.,
       0., 0., 0., 0., 0., 0., 0., 0., 4.36269836e+01, 4.02116089e+02,
       1.14143878e-01, 4.36278458e+01, 3.98155029e+02, 1.02694571e-01,
       6.51363068e+01, 3.84509338e+02, 2.27263093e-01 ]
