%YAML:1.0
---
pose_0: !!opencv-matrix
   rows: 1
   cols: 25
   dt: "3f"
   data: [ 8.97749573e+02, 4.09934692e+02, 7.62525678e-01,
       7.84175842e+02, 4.25645355e+02, 6.52470648e-01, 7.72364502e+02,
       3.53128204e+02, 7.24130273e-01, 6.64654968e+02, 2.94394470e+02,
       8.08741689e-01, 7.15636902e+02, 2.74847015e+02, 8.44193876e-01,
       7.93990112e+02, 4.92297394e+02, 6.60750091e-01, 6.76429077e+02,
       5.62762695e+02, 7.48551905e-01, 7.92068848e+02, 5.39267822e+02,
       7.97864676e-01, 5.41197632e+02, 4.60892426e+02, 3.58110458e-01,
       5.39272339e+02, 4.15887115e+02, 4.79460865e-01, 3.51208160e+02,
       4.00150055e+02, 3.74415964e-01, 0., 0., 0., 5.47080688e+02,
       5.07887268e+02, 4.20090616e-01, 3.76647888e+02, 5.23581055e+02,
       4.82651412e-01, 0., 0., 0., 8.99769836e+02, 3.92322449e+02,
       8.61064553e-01, 9.09518555e+02, 4.23692413e+02, 7.42476225e-01,
       8.72291321e+02, 3.80523743e+02, 4.96511996e-01, 8.84103333e+02,
       4.49113464e+02, 5.56781769e-01, 0., 0., 0., 0., 0., 0., 0., 0.,
       0., 0., 0., 0., 0., 0., 0., 0., 0., 0. ]
