%YAML:1.0
---
pose_0: !!opencv-matrix
   rows: 1
   cols: 25
   dt: "3f"
   data: [ 1.04665771e+03, 2.63038666e+02, 7.03109920e-01,
       9.03706360e+02, 2.92419128e+02, 4.56662506e-01, 8.84015381e+02,
       1.94467667e+02, 4.13568079e-01, 7.76312805e+02, 1.53296539e+02,
       1.05107442e-01, 7.39110291e+02, 1.35684357e+02, 3.24888617e-01,
       9.31028992e+02, 3.86428528e+02, 3.18814069e-01, 7.84173767e+02,
       4.94241089e+02, 7.00777233e-01, 9.15386475e+02, 3.68762848e+02,
       6.66092932e-01, 5.78440308e+02, 2.53235916e+02, 7.53666908e-02,
       5.56883118e+02, 2.16011307e+02, 8.57106596e-02, 0., 0., 0., 0.,
       0., 0., 6.15661926e+02, 3.06148590e+02, 5.39055578e-02, 0., 0.,
       0., 0., 0., 0., 1.00751349e+03, 2.57171112e+02, 7.49991059e-01,
       1.05445276e+03, 2.39491074e+02, 7.60036767e-01, 9.66410339e+02,
       2.39511383e+02, 1.43313766e-01, 0., 0., 0., 0., 0., 0., 0., 0.,
       0., 0., 0., 0., 0., 0., 0., 0., 0., 0., 0., 0., 0. ]
