%YAML:1.0
---
pose_0: !!opencv-matrix
   rows: 1
   cols: 25
   dt: "3f"
   data: [ 9.46764221e+02, 2.41480698e+02, 7.48382211e-01,
       8.74256531e+02, 3.13982971e+02, 5.37663698e-01, 8.56628113e+02,
       2.88533051e+02, 3.00958633e-01, 7.27294983e+02, 2.92451508e+02,
       1.93065554e-01, 6.37211731e+02, 2.61080536e+02, 7.24272311e-01,
       8.84087830e+02, 3.37498383e+02, 5.91674685e-01, 7.46917480e+02,
       3.35450653e+02, 7.49069810e-01, 6.51038879e+02, 1.96421692e+02,
       8.21425796e-01, 6.47013733e+02, 3.76650238e+02, 7.71051049e-02,
       6.60716797e+02, 3.43355682e+02, 7.26965442e-02, 5.25597961e+02,
       3.00239899e+02, 7.15828761e-02, 0., 0., 0., 6.62687073e+02,
       4.11899384e+02, 7.09055737e-02, 5.25528931e+02, 3.02219818e+02,
       9.22708660e-02, 0., 0., 0., 9.66344604e+02, 2.43390366e+02,
       2.69390643e-01, 9.68329773e+02, 2.57154541e+02, 8.29551220e-01,
       0., 0., 0., 9.58508728e+02, 3.11970123e+02, 7.65529752e-01, 0.,
       0., 0., 0., 0., 0., 0., 0., 0., 0., 0., 0., 0., 0., 0., 0., 0.,
       0. ]
