%YAML:1.0
---
pose_0: !!opencv-matrix
   rows: 1
   cols: 25
   dt: "3f"
   data: [ 0., 0., 0., 7.91969971e+02, 1.21958679e+02, 4.40565437e-01,
       8.09594727e+02, 6.71139832e+01, 2.58969396e-01, 0., 0., 0., 0.,
       0., 0., 7.78278931e+02, 1.72909943e+02, 3.26698273e-01,
       8.48766785e+02, 1.78832047e+02, 7.05758691e-01, 8.50726318e+02,
       5.34607849e+01, 6.73942149e-01, 6.01945190e+02, 9.45504532e+01,
       1.21863976e-01, 5.90201965e+02, 6.71036987e+01, 1.49699464e-01,
       0., 0., 0., 0., 0., 0., 5.88237427e+02, 1.67020920e+02,
       7.26667047e-02, 3.57060272e+02, 1.78752731e+02, 8.92794356e-02,
       0., 0., 0., 0., 0., 0., 0., 0., 0., 0., 0., 0., 0., 0., 0., 0.,
       0., 0., 0., 0., 0., 0., 0., 0., 0., 0., 0., 0., 0., 0., 0., 0.,
       0. ]
