%YAML:1.0
---
pose_0: !!opencv-matrix
   rows: 1
   cols: 25
   dt: "3f"
   data: [ 1.02122382e+03, 2.25825989e+02, 8.05949926e-01,
       8.86062744e+02, 2.25810410e+02, 5.48762321e-01, 8.78210449e+02,
       1.33763992e+02, 6.03869975e-01, 7.23405029e+02, 9.06445084e+01,
       6.61870718e-01, 6.62678345e+02, 1.37678909e+02, 7.31468678e-01,
       9.05629150e+02, 3.19840240e+02, 5.34150183e-01, 7.95893127e+02,
       4.43185791e+02, 7.41359770e-01, 8.70380737e+02, 3.12011108e+02,
       7.58793652e-01, 6.48973755e+02, 2.31688873e+02, 1.13112271e-01,
       6.31339355e+02, 1.96397995e+02, 1.98938340e-01, 0., 0., 0., 0.,
       0., 0., 6.54842468e+02, 3.04163300e+02, 7.35628381e-02, 0., 0.,
       0., 0., 0., 0., 1.02516577e+03, 1.98335846e+02, 8.68491888e-01,
       1.03885315e+03, 2.41522629e+02, 7.53139615e-01, 9.89829346e+02,
       1.74841034e+02, 6.13896132e-01, 1.00161554e+03, 2.61127716e+02,
       7.42808357e-02, 0., 0., 0., 0., 0., 0., 0., 0., 0., 0., 0., 0.,
       0., 0., 0., 0., 0., 0. ]
