%YAML:1.0
---
pose_0: !!opencv-matrix
   rows: 1
   cols: 25
   dt: "3f"
   data: [ 9.17320313e+02, 1.45416901e+02, 8.48563313e-01,
       8.05648621e+02, 1.45488831e+02, 6.42037511e-01, 7.99814087e+02,
       6.51248169e+01, 6.63786948e-01, 6.84261902e+02, 4.38449669e+00,
       7.10397720e-01, 6.13702148e+02, 3.96458130e+01, 7.94062674e-01,
       8.03741333e+02, 2.31655563e+02, 5.51658511e-01, 6.68539551e+02,
       2.90391205e+02, 7.56658375e-01, 5.43204041e+02, 3.11994476e+02,
       7.59066284e-01, 5.47087830e+02, 1.43510834e+02, 1.35105833e-01,
       5.43191895e+02, 9.84458008e+01, 1.54246762e-01, 0., 0., 0., 0.,
       0., 0., 5.39270508e+02, 2.00331146e+02, 1.41633630e-01, 0., 0.,
       0., 0., 0., 0., 9.29088806e+02, 1.18104362e+02, 8.35254252e-01,
       9.31071472e+02, 1.63051331e+02, 7.94241667e-01, 9.01754272e+02,
       9.06356659e+01, 5.55570185e-01, 9.03685120e+02, 1.80723877e+02,
       2.43445650e-01, 0., 0., 0., 0., 0., 0., 0., 0., 0., 0., 0., 0.,
       0., 0., 0., 0., 0., 0. ]
