%YAML:1.0
---
pose_0: !!opencv-matrix
   rows: 1
   cols: 25
   dt: "3f"
   data: [ 9.01761108e+02, 3.55125153e+02, 7.83107221e-01,
       8.13557617e+02, 3.12020691e+02, 5.67775905e-01, 8.23342163e+02,
       2.72781616e+02, 6.97594285e-01, 7.15574768e+02, 3.11987701e+02,
       7.66365349e-01, 7.95907288e+02, 4.29538269e+02, 7.98859715e-01,
       7.97884888e+02, 3.51151184e+02, 2.51422614e-01, 6.74441528e+02,
       4.00130981e+02, 8.25082839e-01, 7.45028564e+02, 4.55022064e+02,
       8.21123958e-01, 5.60795959e+02, 2.98272491e+02, 1.89524099e-01,
       5.52966919e+02, 2.82619568e+02, 1.82414562e-01, 3.11987061e+02,
       3.35486511e+02, 3.29991341e-01, 1.31799469e+02, 3.35476624e+02,
       3.35266858e-01, 0., 0., 0., 0., 0., 0., 0., 0., 0.,
       9.17455688e+02, 3.29656769e+02, 7.45558500e-01, 9.23234802e+02,
       3.66764679e+02, 7.67810941e-01, 8.99688354e+02, 2.90513794e+02,
       8.45690191e-01, 0., 0., 0., 0., 0., 0., 0., 0., 0., 0., 0., 0.,
       9.45496292e+01, 3.64852417e+02, 7.45380670e-02, 8.48076706e+01,
       3.53130219e+02, 6.16533831e-02, 1.04319382e+02, 3.37447662e+02,
       1.92072421e-01 ]
