%YAML:1.0
---
pose_0: !!opencv-matrix
   rows: 1
   cols: 25
   dt: "3f"
   data: [ 8.50781860e+02, 3.00262238e+02, 7.60603070e-01,
       7.66539917e+02, 2.61122009e+02, 6.86024070e-01, 7.66538940e+02,
       1.94491516e+02, 6.79980934e-01, 6.52952759e+02, 1.63164856e+02,
       7.95019746e-01, 6.82331665e+02, 2.76747620e+02, 7.54590392e-01,
       7.60694397e+02, 3.25727203e+02, 4.56444710e-01, 7.15577698e+02,
       3.70787354e+02, 2.26757675e-01, 7.13583862e+02, 3.23745117e+02,
       6.75368086e-02, 5.41222046e+02, 2.74788361e+02, 1.80390254e-01,
       5.39280029e+02, 2.29736252e+02, 2.43125275e-01, 3.39413696e+02,
       2.25792313e+02, 2.84863204e-01, 1.84674713e+02, 2.37574860e+02,
       4.31092680e-01, 5.27533264e+02, 3.19808807e+02, 2.11941183e-01,
       3.37504913e+02, 3.35416687e+02, 5.41271031e-01, 1.67057281e+02,
       3.23797119e+02, 4.75398958e-01, 8.68468567e+02, 2.76769531e+02,
       6.62704349e-01, 8.70429932e+02, 3.06071686e+02, 8.29426944e-01,
       8.54638184e+02, 2.41402786e+02, 8.64814758e-01, 0., 0., 0.,
       1.16047546e+02, 3.70778442e+02, 4.25489932e-01, 1.20015755e+02,
       3.70791107e+02, 4.02416319e-01, 1.45486237e+02, 3.12005219e+02,
       2.99311876e-01, 1.45455688e+02, 2.00350861e+02, 1.97920069e-01,
       1.45490692e+02, 2.02284683e+02, 1.76150829e-01, 1.72905884e+02,
       2.49318634e+02, 2.61194706e-01 ]
