%YAML:1.0
---
pose_0: !!opencv-matrix
   rows: 1
   cols: 25
   dt: "3f"
   data: [ 9.31078796e+02, 3.04102264e+02, 7.44159222e-01,
       8.25271179e+02, 2.90420990e+02, 6.53545022e-01, 8.33101746e+02,
       2.08119125e+02, 6.42153978e-01, 7.33213562e+02, 1.14118896e+02,
       7.53232598e-01, 7.72360474e+02, 2.25729263e+02, 7.42030263e-01,
       8.09680237e+02, 3.80558594e+02, 5.63570976e-01, 6.78364868e+02,
       4.15940826e+02, 7.56061196e-01, 6.80256470e+02, 3.96194061e+02,
       7.63469100e-01, 5.82335632e+02, 2.90463440e+02, 2.46024892e-01,
       5.74508850e+02, 2.53222885e+02, 2.67116547e-01, 3.53173340e+02,
       2.64972900e+02, 1.77821010e-01, 1.65064667e+02, 2.76712921e+02,
       2.32648998e-01, 5.84310364e+02, 3.39457703e+02, 1.70035005e-01,
       3.60988190e+02, 3.51203583e+02, 2.19890088e-01, 0., 0., 0.,
       9.46763733e+02, 2.76809906e+02, 8.04622471e-01, 9.42847534e+02,
       3.19880524e+02, 7.71566033e-01, 9.31055115e+02, 2.57190521e+02,
       5.55558920e-01, 9.23241577e+02, 3.37627930e+02, 1.39374465e-01,
       0., 0., 0., 0., 0., 0., 0., 0., 0., 1.00435707e+02,
       2.35584396e+02, 1.43211707e-01, 1.00409668e+02, 2.35611252e+02,
       1.09405138e-01, 0., 0., 0. ]
