%YAML:1.0
---
pose_0: !!opencv-matrix
   rows: 1
   cols: 25
   dt: "3f"
   data: [ 9.01713745e+02, 1.76766586e+02, 8.36449504e-01,
       7.92050964e+02, 1.80793121e+02, 7.09474206e-01, 7.84152161e+02,
       9.64940338e+01, 6.39390767e-01, 6.48937195e+02, 7.88792191e+01,
       7.01286435e-01, 5.25497559e+02, 8.67732468e+01, 8.06883514e-01,
       7.95952148e+02, 2.68921417e+02, 6.38367653e-01, 6.95958923e+02,
       3.06171997e+02, 7.38296807e-01, 5.54955688e+02, 3.21793701e+02,
       8.30150723e-01, 5.23598145e+02, 2.16008820e+02, 2.12055504e-01,
       5.17690430e+02, 1.68988297e+02, 3.11664313e-01, 3.68811066e+02,
       1.80699554e+02, 8.68019909e-02, 0., 0., 0., 5.39247437e+02,
       2.68912476e+02, 2.27532983e-01, 0., 0., 0., 0., 0., 0.,
       9.13440735e+02, 1.47480194e+02, 8.73796225e-01, 9.21305115e+02,
       1.80851578e+02, 8.69936645e-01, 8.85983276e+02, 1.23962257e+02,
       6.10214412e-01, 9.15471863e+02, 1.98378128e+02, 1.53610960e-01,
       0., 0., 0., 0., 0., 0., 0., 0., 0., 0., 0., 0., 0., 0., 0., 0.,
       0., 0. ]
