%YAML:1.0
---
pose_0: !!opencv-matrix
   rows: 1
   cols: 25
   dt: "3f"
   data: [ 8.97758423e+02, 4.29510437e+02, 8.20138097e-01,
       7.90091553e+02, 4.35406677e+02, 6.45174980e-01, 8.01797241e+02,
       3.66849823e+02, 6.34111643e-01, 8.07693604e+02, 2.86490845e+02,
       3.84757817e-01, 9.13425537e+02, 1.59190353e+02, 1.51060686e-01,
       7.74379578e+02, 5.09899231e+02, 5.46660364e-01, 6.66621765e+02,
       5.43228638e+02, 6.82358086e-01, 5.13815491e+02, 5.72602722e+02,
       5.61114967e-01, 5.68634399e+02, 4.31514465e+02, 2.12970704e-01,
       5.70610352e+02, 4.00120605e+02, 2.83470005e-01, 3.47283478e+02,
       3.21822571e+02, 2.02259645e-01, 3.21821503e+02, 3.06075317e+02,
       9.95099023e-02, 5.52956848e+02, 4.74611115e+02, 1.15184665e-01,
       4.53057281e+02, 5.25517456e+02, 8.72549415e-02, 0., 0., 0.,
       9.03628296e+02, 4.08016510e+02, 8.40327024e-01, 9.11526367e+02,
       4.43250549e+02, 7.92385340e-01, 8.84034424e+02, 3.84596039e+02,
       6.83380306e-01, 8.91921936e+02, 4.62943146e+02, 2.23247677e-01,
       0., 0., 0., 0., 0., 0., 0., 0., 0., 0., 0., 0., 0., 0., 0., 0.,
       0., 0. ]
