%YAML:1.0
---
pose_0: !!opencv-matrix
   rows: 1
   cols: 25
   dt: "3f"
   data: [ 8.99687378e+02, 3.53158142e+02, 8.36615384e-01,
       8.05644958e+02, 3.17820374e+02, 5.81896603e-01, 8.21328003e+02,
       2.70830811e+02, 6.83559895e-01, 7.23389832e+02, 3.06164368e+02,
       7.79170036e-01, 8.19443420e+02, 4.29563965e+02, 8.49447250e-01,
       7.76299438e+02, 3.53148163e+02, 3.81745547e-01, 6.84287537e+02,
       4.15830750e+02, 8.35599303e-01, 7.64560364e+02, 4.56993561e+02,
       7.38471210e-01, 5.54956299e+02, 3.06101288e+02, 3.61125082e-01,
       5.54893616e+02, 2.74823853e+02, 3.18513811e-01, 3.21789063e+02,
       3.49246857e+02, 2.08963737e-01, 1.14132599e+02, 3.47223053e+02,
       3.51746738e-01, 5.52979492e+02, 3.33558075e+02, 2.88188487e-01,
       3.27670105e+02, 3.53163025e+02, 1.73215657e-01, 1.31796417e+02,
       3.33554169e+02, 1.68515563e-01, 9.15442505e+02, 3.29607391e+02,
       6.92313492e-01, 9.17345154e+02, 3.64874054e+02, 7.88667858e-01,
       8.99697144e+02, 2.88551666e+02, 8.44971895e-01, 0., 0., 0., 0.,
       0., 0., 0., 0., 0., 0., 0., 0., 1.27855423e+02, 4.00199280e+02,
       9.49547589e-02, 1.29769470e+02, 3.98164124e+02, 9.37209129e-02,
       8.86677551e+01, 3.45292114e+02, 2.36780077e-01 ]
