%YAML:1.0
---
pose_0: !!opencv-matrix
   rows: 1
   cols: 25
   dt: "3f"
   data: [ 9.46659851e+02, 2.45396057e+02, 8.21251690e-01,
       8.31167786e+02, 2.39549362e+02, 6.80419803e-01, 8.38998962e+02,
       1.51402069e+02, 6.68279529e-01, 6.97977905e+02, 1.00377159e+02,
       7.04374075e-01, 5.74575317e+02, 1.31693695e+02, 7.95333087e-01,
       8.19365356e+02, 3.19847046e+02, 6.53538823e-01, 6.93980896e+02,
       3.66859741e+02, 7.72282779e-01, 5.80412842e+02, 4.33539368e+02,
       7.38626122e-01, 5.92142456e+02, 2.37550171e+02, 1.16042443e-01,
       5.68646118e+02, 1.94449188e+02, 1.36973664e-01, 3.25715363e+02,
       3.64880096e+02, 2.07591712e-01, 1.47421753e+02, 4.11908386e+02,
       7.23962709e-02, 5.88243225e+02, 3.06127228e+02, 1.15313798e-01,
       3.19833588e+02, 3.66910889e+02, 1.57543749e-01, 1.47407486e+02,
       4.07987488e+02, 3.81345987e-01, 9.60388977e+02, 2.19951874e+02,
       8.12382460e-01, 9.60483521e+02, 2.59099670e+02, 8.22807014e-01,
       9.29080139e+02, 1.86588715e+02, 6.94390357e-01, 0., 0., 0.,
       9.45296173e+01, 3.98161774e+02, 1.68231010e-01, 0., 0., 0.,
       1.27859726e+02, 4.07982635e+02, 2.18616962e-01, 0., 0., 0., 0.,
       0., 0., 0., 0., 0. ]
