%YAML:1.0
---
pose_0: !!opencv-matrix
   rows: 1
   cols: 25
   dt: "3f"
   data: [ 9.17351196e+02, 3.35523560e+02, 8.12797070e-01,
       8.35090088e+02, 2.59098297e+02, 7.01292396e-01, 8.39071045e+02,
       2.27817352e+02, 7.51369596e-01, 7.27324280e+02, 2.74786774e+02,
       8.17711949e-01, 8.05688904e+02, 3.98260040e+02, 8.15171957e-01,
       8.23384827e+02, 2.90484924e+02, 5.39522111e-01, 7.11635559e+02,
       3.55141418e+02, 8.16412508e-01, 7.82175049e+02, 4.13893738e+02,
       7.43667364e-01, 5.54947937e+02, 2.72844452e+02, 4.08165991e-01,
       5.54920532e+02, 2.43440475e+02, 4.29562449e-01, 3.92318665e+02,
       2.82627258e+02, 2.00990230e-01, 1.29806183e+02, 3.08120300e+02,
       1.53644234e-01, 5.52946167e+02, 3.02221649e+02, 3.54680896e-01,
       4.08006775e+02, 3.23780701e+02, 1.91804200e-01, 1.35676743e+02,
       3.08121796e+02, 1.75523698e-01, 9.33128601e+02, 3.19853363e+02,
       8.08958769e-01, 0., 0., 0., 9.29117310e+02, 2.70860718e+02,
       8.41035843e-01, 0., 0., 0., 1.18064644e+02, 3.92283783e+02,
       7.31937885e-02, 1.19981400e+02, 3.94296570e+02, 5.55429161e-02,
       1.16114220e+02, 3.13967438e+02, 9.66122597e-02, 1.14151878e+02,
       3.94282715e+02, 1.44414499e-01, 1.16134201e+02, 3.88422791e+02,
       1.32346600e-01, 0., 0., 0. ]
