%YAML:1.0
---
pose_0: !!opencv-matrix
   rows: 1
   cols: 25
   dt: "3f"
   data: [ 1.07217078e+03, 2.74755463e+02, 6.86071754e-01,
       9.19362671e+02, 2.45393051e+02, 3.80383581e-01, 9.05622559e+02,
       1.43510803e+02, 3.45320702e-01, 7.31304077e+02, 6.71285400e+01,
       1.66474029e-01, 8.05656372e+02, 1.80758530e+02, 2.37270743e-01,
       9.21302185e+02, 3.21781311e+02, 3.29528302e-01, 7.62603210e+02,
       4.62798340e+02, 5.61656654e-01, 8.87976990e+02, 4.02176544e+02,
       6.53083801e-01, 0., 0., 0., 0., 0., 0., 0., 0., 0., 0., 0., 0.,
       0., 0., 0., 0., 0., 0., 0., 0., 0., 1.09170313e+03,
       2.43404633e+02, 7.84283638e-01, 1.09178589e+03, 2.90387085e+02,
       6.92758501e-01, 1.05835925e+03, 1.92486557e+02, 7.74564683e-01,
       0., 0., 0., 0., 0., 0., 0., 0., 0., 0., 0., 0., 0., 0., 0., 0.,
       0., 0., 0., 0., 0. ]
