%YAML:1.0
---
pose_0: !!opencv-matrix
   rows: 1
   cols: 25
   dt: "3f"
   data: [ 8.86065002e+02, 2.41546906e+02, 8.15159380e-01,
       7.76366577e+02, 2.61044617e+02, 7.07540810e-01, 7.56671082e+02,
       1.96502808e+02, 6.71200395e-01, 6.43105652e+02, 1.76756302e+02,
       3.86563659e-01, 5.43200317e+02, 1.39604813e+02, 3.82692277e-01,
       7.99809875e+02, 3.27686005e+02, 5.78448176e-01, 8.23280640e+02,
       4.58920410e+02, 8.08561087e-01, 8.99715881e+02, 5.52976685e+02,
       6.34751320e-01, 5.33379822e+02, 3.15919647e+02, 2.70105213e-01,
       5.27523254e+02, 2.76746063e+02, 3.07194442e-01, 3.68828705e+02,
       4.19772125e+02, 1.81235746e-01, 2.15993530e+02, 5.41217285e+02,
       1.14513852e-01, 5.27534912e+02, 3.55100525e+02, 2.74824142e-01,
       3.68821350e+02, 4.27608429e+02, 3.27829182e-01, 2.12107605e+02,
       5.41256042e+02, 4.29388702e-01, 8.97789734e+02, 2.25856949e+02,
       8.27454805e-01, 8.99733154e+02, 2.59056885e+02, 8.35752845e-01,
       8.72351746e+02, 2.10152222e+02, 3.31171542e-01, 8.84081665e+02,
       2.88386078e+02, 4.22165811e-01, 1.80747009e+02, 5.19688049e+02,
       6.50139526e-02, 1.92415359e+02, 5.27502930e+02, 7.32371584e-02,
       1.98394455e+02, 5.54912476e+02, 2.28966862e-01, 0., 0., 0., 0.,
       0., 0., 0., 0., 0. ]
