%YAML:1.0
---
pose_0: !!opencv-matrix
   rows: 1
   cols: 25
   dt: "3f"
   data: [ 8.80148438e+02, 2.27768326e+02, 8.27196121e-01,
       7.78283875e+02, 2.21877609e+02, 5.14692366e-01, 7.94010010e+02,
       1.61162720e+02, 6.80896878e-01, 8.07680908e+02, 2.27822052e+02,
       6.45177066e-01, 7.97858826e+02, 3.33487457e+02, 7.34992504e-01,
       7.52820679e+02, 2.82617432e+02, 5.27754545e-01, 6.50977234e+02,
       3.35445068e+02, 6.63129270e-01, 5.70619141e+02, 3.68921143e+02,
       8.02351534e-01, 5.54920410e+02, 2.41462082e+02, 1.15714312e-01,
       0., 0., 0., 0., 0., 0., 0., 0., 0., 0., 0., 0., 0., 0., 0., 0.,
       0., 0., 8.84029968e+02, 2.10160782e+02, 8.78810406e-01,
       8.97765381e+02, 2.33641144e+02, 7.64210045e-01, 8.64457275e+02,
       1.92453461e+02, 6.06044352e-01, 8.78157593e+02, 2.55199326e+02,
       2.02186137e-01, 0., 0., 0., 0., 0., 0., 0., 0., 0., 0., 0., 0.,
       0., 0., 0., 0., 0., 0. ]
