%YAML:1.0
---
pose_0: !!opencv-matrix
   rows: 1
   cols: 25
   dt: "3f"
   data: [ 8.74305481e+02, 2.55226196e+02, 7.77849078e-01,
       8.27290161e+02, 3.04108490e+02, 6.01937592e-01, 8.37008667e+02,
       3.06115112e+02, 4.52357024e-01, 7.35181763e+02, 2.92430054e+02,
       1.06096312e-01, 0., 0., 0., 8.27274902e+02, 3.02225861e+02,
       5.60641766e-01, 7.35184570e+02, 2.76785492e+02, 6.03624701e-01,
       7.60651794e+02, 2.00358337e+02, 7.29443133e-01, 5.70603577e+02,
       3.41373108e+02, 2.10104123e-01, 5.68657043e+02, 3.11986023e+02,
       2.46599615e-01, 3.55097565e+02, 2.96320099e+02, 2.31835037e-01,
       2.45399719e+02, 3.80572754e+02, 1.03208788e-01, 5.52979492e+02,
       3.70761658e+02, 1.25768706e-01, 3.53144226e+02, 3.02199615e+02,
       2.22880036e-01, 1.31753464e+02, 3.76661407e+02, 5.04274487e-01,
       8.84021240e+02, 2.43489792e+02, 8.24112773e-01, 8.95831787e+02,
       2.70889587e+02, 8.41851413e-01, 0., 0., 0., 8.86131348e+02,
       3.17820282e+02, 8.17633748e-01, 8.47400513e+01, 4.02161804e+02,
       2.96929717e-01, 9.45082397e+01, 4.06060181e+02, 3.13012928e-01,
       1.14153542e+02, 3.82509491e+02, 3.57680589e-01, 0., 0., 0., 0.,
       0., 0., 0., 0., 0. ]
