%YAML:1.0
---
pose_0: !!opencv-matrix
   rows: 1
   cols: 25
   dt: "3f"
   data: [ 8.84136536e+02, 4.62906982e+02, 8.56223941e-01,
       7.72398560e+02, 4.51095032e+02, 6.94715738e-01, 7.70387573e+02,
       3.82471710e+02, 6.44107819e-01, 6.64610901e+02, 3.17800629e+02,
       8.29104960e-01, 6.43105225e+02, 4.06049133e+02, 7.19862938e-01,
       7.70445190e+02, 5.19642029e+02, 5.95575690e-01, 6.64722595e+02,
       5.98052246e+02, 7.81666875e-01, 6.54824219e+02, 5.25635742e+02,
       7.37766623e-01, 5.72554871e+02, 4.60868195e+02, 2.22365320e-01,
       5.64708191e+02, 4.23668457e+02, 3.06138456e-01, 3.84444153e+02,
       4.31527771e+02, 7.90696442e-02, 0., 0., 0., 5.84325195e+02,
       5.05977509e+02, 1.20053768e-01, 0., 0., 0., 0., 0., 0.,
       8.86110840e+02, 4.43277496e+02, 8.43043566e-01, 8.99734070e+02,
       4.64835388e+02, 8.15147996e-01, 8.52736389e+02, 4.13846893e+02,
       7.45964944e-01, 0., 0., 0., 0., 0., 0., 0., 0., 0., 0., 0., 0.,
       0., 0., 0., 0., 0., 0., 0., 0., 0. ]
