%YAML:1.0
---
pose_0: !!opencv-matrix
   rows: 1
   cols: 25
   dt: "3f"
   data: [ 8.84017334e+02, 4.45255524e+02, 7.92339206e-01,
       7.88043335e+02, 4.66816559e+02, 6.64812505e-01, 7.76362366e+02,
       4.00168640e+02, 7.47524321e-01, 7.21477478e+02, 3.31592834e+02,
       6.96671367e-01, 6.96008118e+02, 2.61073059e+02, 8.58031988e-01,
       7.89984985e+02, 5.37285095e+02, 6.12995625e-01, 7.09664063e+02,
       6.33273560e+02, 8.01884294e-01, 8.21283386e+02, 5.92207275e+02,
       7.31114030e-01, 5.60809753e+02, 4.80509644e+02, 2.42678761e-01,
       5.64715088e+02, 4.43224030e+02, 2.87914902e-01, 4.09962677e+02,
       4.31547974e+02, 1.08705252e-01, 2.12110428e+02, 4.17772400e+02,
       8.79741311e-02, 5.45141846e+02, 5.25553284e+02, 2.13755220e-01,
       3.84534363e+02, 5.43168640e+02, 2.17139661e-01, 0., 0., 0.,
       8.91907410e+02, 4.33431549e+02, 8.22065532e-01, 8.99658691e+02,
       4.60924744e+02, 8.20154786e-01, 8.70365967e+02, 4.25624512e+02,
       3.92793357e-01, 8.78204834e+02, 4.92236176e+02, 7.05660820e-01,
       0., 0., 0., 0., 0., 0., 0., 0., 0., 2.00325394e+02,
       4.15834900e+02, 7.46712238e-02, 2.00344559e+02, 4.13892639e+02,
       7.79140666e-02, 0., 0., 0. ]
