%YAML:1.0
---
pose_0: !!opencv-matrix
   rows: 1
   cols: 25
   dt: "3f"
   data: [ 8.97734009e+02, 2.88536774e+02, 7.96165705e-01,
       8.05738403e+02, 3.04170471e+02, 6.76406205e-01, 8.05648804e+02,
       2.31692535e+02, 5.91941059e-01, 8.39033691e+02, 1.35670334e+02,
       8.39940310e-01, 9.21286804e+02, 2.17943771e+02, 7.53403068e-01,
       8.11554382e+02, 3.76678925e+02, 5.94711542e-01, 8.74272095e+02,
       4.56966827e+02, 7.78735220e-01, 9.31055481e+02, 3.49184418e+02,
       8.33462954e-01, 5.76497437e+02, 3.29621002e+02, 2.63316780e-01,
       5.88235352e+02, 2.84570984e+02, 2.88899034e-01, 3.80582520e+02,
       2.59064667e+02, 5.01416445e-01, 2.10113159e+02, 2.86484863e+02,
       5.62043250e-01, 5.72529419e+02, 3.68857513e+02, 2.95351595e-01,
       3.25703186e+02, 3.84464630e+02, 3.56757134e-01, 1.55292770e+02,
       3.84552246e+02, 5.89172006e-01, 9.01745850e+02, 2.62996094e+02,
       7.45478272e-01, 9.09503174e+02, 3.00214355e+02, 7.34135807e-01,
       8.70406128e+02, 2.41528671e+02, 2.71916777e-01, 8.97787903e+02,
       3.17907227e+02, 9.04024467e-02, 1.06287994e+02, 4.29548920e+02,
       3.10401618e-01, 1.14136055e+02, 4.29586548e+02, 3.08505446e-01,
       1.33780487e+02, 3.72737030e+02, 4.67198104e-01, 1.78768661e+02,
       2.98265686e+02, 2.48700932e-01, 1.76843216e+02, 2.82621826e+02,
       2.81429589e-01, 1.96416367e+02, 2.92404541e+02, 3.44322562e-01 ]
