%YAML:1.0
---
pose_0: !!opencv-matrix
   rows: 1
   cols: 25
   dt: "3f"
   data: [ 9.03629150e+02, 1.63162201e+02, 7.82945275e-01,
       7.92074097e+02, 1.70913574e+02, 6.72221124e-01, 8.01763428e+02,
       8.66654816e+01, 6.48338377e-01, 6.70538269e+02, 2.41174183e+01,
       7.71597981e-01, 5.78442383e+02, 3.76833878e+01, 7.77363300e-01,
       7.88004150e+02, 2.57148224e+02, 6.13370419e-01, 6.66607971e+02,
       2.98304657e+02, 7.37692595e-01, 5.56921570e+02, 3.31607056e+02,
       8.11199486e-01, 5.39262573e+02, 1.51384705e+02, 2.21421272e-01,
       5.35353882e+02, 1.16052963e+02, 2.77045488e-01, 3.47238861e+02,
       1.51370636e+02, 3.49228323e-01, 1.20008194e+02, 1.74838989e+02,
       2.42275581e-01, 5.21639771e+02, 2.08160034e+02, 1.50983751e-01,
       3.51199860e+02, 2.21842880e+02, 2.27157235e-01, 1.19994980e+02,
       1.72905014e+02, 2.09789827e-01, 9.15392090e+02, 1.45503143e+02,
       8.71114612e-01, 9.19303162e+02, 1.80672821e+02, 8.35876822e-01,
       8.97809875e+02, 1.25878792e+02, 6.04138136e-01, 9.07604675e+02,
       2.06189041e+02, 2.62327731e-01, 9.45578003e+01, 1.29799088e+02,
       1.19515881e-01, 9.45468369e+01, 1.33723618e+02, 1.08134985e-01,
       1.00419838e+02, 1.90529510e+02, 1.31100133e-01, 0., 0., 0., 0.,
       0., 0., 0., 0., 0. ]
