%YAML:1.0
---
pose_0: !!opencv-matrix
   rows: 1
   cols: 25
   dt: "3f"
   data: [ 9.01674011e+02, 1.98342728e+02, 7.94380844e-01,
       8.37053345e+02, 2.88485565e+02, 4.89643961e-01, 8.44870117e+02,
       3.04185303e+02, 3.31633687e-01, 0., 0., 0., 0., 0., 0.,
       8.37033203e+02, 2.88448090e+02, 4.94467914e-01, 7.29303528e+02,
       2.41445984e+02, 6.93558574e-01, 8.33156677e+02, 1.61177963e+02,
       5.76061547e-01, 5.86263306e+02, 3.08098724e+02, 2.28624552e-01,
       5.74539490e+02, 2.72820038e+02, 2.89620101e-01, 3.21815063e+02,
       3.06096039e+02, 1.60706952e-01, 9.06118927e+01, 3.76628265e+02,
       1.86864078e-01, 5.96076660e+02, 3.51190063e+02, 1.72238886e-01,
       3.27684784e+02, 3.04131683e+02, 7.51463398e-02, 8.67031326e+01,
       3.76641388e+02, 2.95350730e-01, 9.17408813e+02, 1.96410645e+02,
       2.51089126e-01, 9.25214050e+02, 2.12003830e+02, 8.14668894e-01,
       0., 0., 0., 9.21297913e+02, 2.72707428e+02, 8.07534873e-01,
       5.53902435e+01, 4.02147095e+02, 1.59091979e-01, 6.51539154e+01,
       4.06028778e+02, 1.87965259e-01, 6.71238785e+01, 3.80577667e+02,
       2.10658118e-01, 6.12116013e+01, 4.07978485e+02, 1.49926990e-01,
       5.92712250e+01, 4.00227844e+02, 1.53210074e-01, 0., 0., 0. ]
