%YAML:1.0
---
pose_0: !!opencv-matrix
   rows: 1
   cols: 25
   dt: "3f"
   data: [ 9.15331055e+02, 4.02127197e+02, 8.34868312e-01,
       8.25287964e+02, 4.45226410e+02, 7.58933663e-01, 7.95908630e+02,
       4.00146332e+02, 6.12668455e-01, 7.64569031e+02, 3.96195435e+02,
       1.24734804e-01, 0., 0., 0., 8.52716309e+02, 4.94267059e+02,
       7.01786697e-01, 7.88051514e+02, 4.43237549e+02, 3.34212780e-01,
       0., 0., 0., 5.56909912e+02, 4.64803040e+02, 2.21079916e-01,
       5.56906006e+02, 4.25608093e+02, 2.86327302e-01, 3.68885010e+02,
       3.78615204e+02, 6.31988287e-01, 1.65091812e+02, 3.98188293e+02,
       4.14450794e-01, 5.51029968e+02, 5.09872345e+02, 2.56513923e-01,
       3.64854401e+02, 5.56934631e+02, 5.59315443e-01, 1.80785187e+02,
       6.19640015e+02, 4.14519906e-01, 9.19404236e+02, 3.86475342e+02,
       8.31943512e-01, 9.32959717e+02, 4.15916412e+02, 8.95006537e-01,
       9.01698242e+02, 3.82450775e+02, 2.08055526e-01, 9.21304260e+02,
       4.49193878e+02, 6.19424403e-01, 1.00460052e+02, 6.31335083e+02,
       2.54387677e-01, 1.10233727e+02, 6.37239258e+02, 2.41216347e-01,
       1.70917862e+02, 6.27409119e+02, 1.66327894e-01, 1.51351730e+02,
       4.27539459e+02, 5.05853668e-02, 0., 0., 0., 1.47464569e+02,
       4.02130432e+02, 3.02926630e-01 ]
