%YAML:1.0
---
pose_0: !!opencv-matrix
   rows: 1
   cols: 25
   dt: "3f"
   data: [ 8.58605591e+02, 3.49149414e+02, 7.25319445e-01,
       7.60666138e+02, 3.23796112e+02, 6.88715160e-01, 7.76376343e+02,
       2.63045593e+02, 7.06206203e-01, 6.62616455e+02, 1.96446518e+02,
       8.16807151e-01, 5.76507385e+02, 2.82616119e+02, 7.63378263e-01,
       7.37125854e+02, 3.74699585e+02, 4.84031528e-01, 5.92152710e+02,
       3.96241547e+02, 2.89977103e-01, 0., 0., 0., 5.70606873e+02,
       2.90466156e+02, 1.68296233e-01, 5.80411194e+02, 2.53237778e+02,
       1.90666094e-01, 4.56992432e+02, 2.70865021e+02, 9.49078202e-02,
       3.35524170e+02, 3.21859680e+02, 1.82171822e-01, 5.76475586e+02,
       3.33558746e+02, 8.27011243e-02, 3.35533112e+02, 3.88399353e+02,
       4.83623236e-01, 1.31769165e+02, 3.49235809e+02, 2.29379281e-01,
       8.72327271e+02, 3.23751160e+02, 8.08253467e-01, 8.74257080e+02,
       3.60984222e+02, 7.37919450e-01, 8.50790955e+02, 3.00223694e+02,
       6.66012645e-01, 0., 0., 0., 0., 0., 0., 0., 0., 0.,
       9.06314011e+01, 3.45295868e+02, 1.25016540e-01, 3.23780701e+02,
       3.19881073e+02, 8.88832211e-02, 3.23741241e+02, 3.19769562e+02,
       9.02161822e-02, 3.21854462e+02, 3.23773529e+02, 1.58967420e-01 ]
