%YAML:1.0
---
pose_0: !!opencv-matrix
   rows: 2
   cols: 25
   dt: "3f"
   data: [ 1.04278247e+03, 2.27784897e+02, 4.67245936e-01,
       9.13427734e+02, 2.43464203e+02, 2.40163788e-01, 8.70353821e+02,
       1.59177078e+02, 1.35803014e-01, 0., 0., 0., 0., 0., 0.,
       9.23272705e+02, 3.31579407e+02, 4.71180886e-01, 7.74369568e+02,
       4.29588806e+02, 7.46212125e-01, 8.54704346e+02, 3.12005585e+02,
       7.42072642e-01, 0., 0., 0., 0., 0., 0., 0., 0., 0., 0., 0., 0.,
       0., 0., 0., 0., 0., 0., 0., 0., 0., 1.05839099e+03,
       1.96464005e+02, 5.34998477e-01, 1.05840662e+03, 2.47343857e+02,
       3.94326776e-01, 1.00947290e+03, 1.63050797e+02, 2.16357663e-01,
       1.04075745e+03, 2.70843964e+02, 1.28255859e-01, 0., 0., 0., 0.,
       0., 0., 0., 0., 0., 0., 0., 0., 0., 0., 0., 0., 0., 0.,
       7.01864136e+02, 1.37617493e+02, 3.35631728e-01, 6.97906372e+02,
       1.92517700e+02, 3.64353448e-01, 6.31313660e+02, 1.69004089e+02,
       3.25631976e-01, 0., 0., 0., 0., 0., 0., 7.56703186e+02,
       2.10114944e+02, 2.36441821e-01, 0., 0., 0., 0., 0., 0.,
       6.52897400e+02, 3.72733215e+02, 9.46159214e-02, 6.05853271e+02,
       3.70767853e+02, 1.07038818e-01, 0., 0., 0., 0., 0., 0.,
       7.09693054e+02, 3.90364258e+02, 7.91827887e-02, 0., 0., 0., 0.,
       0., 0., 6.97955566e+02, 1.23938637e+02, 4.34629232e-01,
       7.17516907e+02, 1.31731445e+02, 4.14617598e-01, 6.90112000e+02,
       1.20065079e+02, 1.35554537e-01, 7.43074829e+02, 1.35669113e+02,
       3.88520360e-01, 0., 0., 0., 0., 0., 0., 0., 0., 0., 0., 0., 0.,
       0., 0., 0., 0., 0., 0. ]
