%YAML:1.0
---
pose_0: !!opencv-matrix
   rows: 1
   cols: 25
   dt: "3f"
   data: [ 9.42814392e+02, 2.27699112e+02, 7.98932970e-01,
       8.36974304e+02, 2.39520325e+02, 6.58677459e-01, 8.23416687e+02,
       1.51410507e+02, 6.67640030e-01, 7.09708313e+02, 1.08242813e+02,
       6.80824041e-01, 6.11742188e+02, 1.21954292e+02, 7.29714155e-01,
       8.44897766e+02, 3.21853119e+02, 6.30325019e-01, 7.46976501e+02,
       4.15907257e+02, 7.38269269e-01, 6.99883118e+02, 3.59031799e+02,
       7.36195087e-01, 5.90193542e+02, 2.59093536e+02, 1.92614511e-01,
       5.98020142e+02, 2.02306976e+02, 2.71358490e-01, 5.07907288e+02,
       1.76830261e+02, 8.05835202e-02, 0., 0., 0., 5.86277527e+02,
       3.11989014e+02, 2.72564679e-01, 4.15860352e+02, 3.04193634e+02,
       1.54378593e-01, 4.00133484e+02, 3.04142883e+02, 7.29373395e-02,
       9.48650818e+02, 2.08205246e+02, 8.92716646e-01, 9.58470154e+02,
       2.41539536e+02, 8.47079039e-01, 9.21274597e+02, 1.82770599e+02,
       6.53116226e-01, 9.46720215e+02, 2.63062866e+02, 3.15877169e-01,
       0., 0., 0., 0., 0., 0., 0., 0., 0., 0., 0., 0., 0., 0., 0., 0.,
       0., 0. ]
