%YAML:1.0
---
pose_0: !!opencv-matrix
   rows: 1
   cols: 25
   dt: "3f"
   data: [ 1.02117383e+03, 2.37580002e+02, 6.91873372e-01,
       8.84028015e+02, 2.59144836e+02, 6.08832836e-01, 8.62497375e+02,
       1.78747299e+02, 5.22583365e-01, 7.21481140e+02, 1.37648697e+02,
       5.96821904e-01, 5.86208496e+02, 1.10226357e+02, 7.16444016e-01,
       9.03677429e+02, 3.41409088e+02, 5.26645064e-01, 7.66539246e+02,
       4.19787537e+02, 6.92116618e-01, 6.46945984e+02, 3.04140289e+02,
       7.39759445e-01, 5.74529358e+02, 2.33629974e+02, 7.49912858e-02,
       5.70612244e+02, 1.98391937e+02, 7.82458186e-02, 0., 0., 0., 0.,
       0., 0., 0., 0., 0., 0., 0., 0., 0., 0., 0., 1.02700769e+03,
       2.12144684e+02, 8.29656065e-01, 1.03876172e+03, 2.59084076e+02,
       7.29931176e-01, 9.93726990e+02, 1.84665817e+02, 3.79371911e-01,
       1.01921313e+03, 2.90450195e+02, 1.29689217e-01, 0., 0., 0., 0.,
       0., 0., 0., 0., 0., 0., 0., 0., 0., 0., 0., 0., 0., 0. ]
