%YAML:1.0
---
pose_0: !!opencv-matrix
   rows: 1
   cols: 25
   dt: "3f"
   data: [ 9.15370300e+02, 3.47238098e+02, 8.04383218e-01,
       8.31191895e+02, 2.84589447e+02, 4.57481742e-01, 8.35072937e+02,
       2.59161591e+02, 6.95451677e-01, 7.46897766e+02, 3.35583527e+02,
       7.31436253e-01, 8.52697144e+02, 4.25648804e+02, 7.35027313e-01,
       8.29216919e+02, 3.08113037e+02, 2.07960859e-01, 7.37122864e+02,
       3.88383667e+02, 7.26853669e-01, 8.42919739e+02, 4.25611542e+02,
       4.19269383e-01, 5.51009338e+02, 3.04159271e+02, 1.92968518e-01,
       5.43163086e+02, 2.92427155e+02, 2.07512274e-01, 3.08114960e+02,
       3.35451813e+02, 2.37378776e-01, 1.02375160e+02, 3.37427155e+02,
       1.95123002e-01, 5.47114380e+02, 3.02206116e+02, 1.26561567e-01,
       3.10035919e+02, 3.37464905e+02, 1.23954654e-01, 1.31742325e+02,
       3.35484375e+02, 1.20156780e-01, 9.29114197e+02, 3.25729980e+02,
       7.45555282e-01, 9.31108459e+02, 3.49225006e+02, 5.26452303e-01,
       9.17363281e+02, 2.78692322e+02, 8.63151848e-01, 0., 0., 0., 0.,
       0., 0., 0., 0., 0., 0., 0., 0., 5.92581902e+01, 3.39430664e+02,
       7.60062709e-02, 5.73019485e+01, 3.37440308e+02, 7.54181892e-02,
       0., 0., 0. ]
