%YAML:1.0
---
pose_0: !!opencv-matrix
   rows: 1
   cols: 25
   dt: "3f"
   data: [ 9.46729736e+02, 2.78662628e+02, 7.96545029e-01,
       8.54715637e+02, 2.57171936e+02, 5.39256930e-01, 8.70406067e+02,
       1.78788681e+02, 4.21868622e-01, 8.17438293e+02, 1.18120232e+02,
       7.46255219e-01, 8.86060242e+02, 2.55173523e+02, 7.25453973e-01,
       8.48782166e+02, 3.29651978e+02, 4.81571019e-01, 8.07673462e+02,
       4.47153870e+02, 8.29017520e-01, 8.76220398e+02, 4.19721405e+02,
       7.50663579e-01, 5.84331787e+02, 3.17872742e+02, 6.12539276e-02,
       0., 0., 0., 0., 0., 0., 0., 0., 0., 0., 0., 0., 0., 0., 0., 0.,
       0., 0., 9.64353027e+02, 2.47358047e+02, 8.01286221e-01,
       9.64458374e+02, 2.90457184e+02, 7.84952104e-01, 9.46802734e+02,
       2.08105972e+02, 5.01661658e-01, 0., 0., 0., 0., 0., 0., 0., 0.,
       0., 0., 0., 0., 0., 0., 0., 0., 0., 0., 0., 0., 0. ]
