%YAML:1.0
---
pose_0: !!opencv-matrix
   rows: 1
   cols: 25
   dt: "3f"
   data: [ 9.29061584e+02, 3.39445984e+02, 8.16111445e-01,
       8.17414307e+02, 3.66853973e+02, 6.92317069e-01, 8.05615906e+02,
       2.88544098e+02, 7.24547625e-01, 6.80311584e+02, 2.72713501e+02,
       6.53357029e-01, 5.84296997e+02, 2.61130951e+02, 8.23811233e-01,
       8.25302734e+02, 4.43265137e+02, 6.14231408e-01, 7.13658325e+02,
       5.02035095e+02, 7.29581654e-01, 6.97977051e+02, 3.86477448e+02,
       8.25825810e-01, 5.47111755e+02, 3.82484680e+02, 2.87989497e-01,
       5.54969421e+02, 3.35474121e+02, 4.11911279e-01, 4.17797150e+02,
       3.21785675e+02, 1.10776216e-01, 3.53104187e+02, 2.84555328e+02,
       1.30846903e-01, 5.43193970e+02, 4.25616760e+02, 2.99925327e-01,
       3.66871277e+02, 4.64826904e+02, 4.49256182e-01, 1.72882065e+02,
       5.07911407e+02, 3.74242127e-01, 9.33052979e+02, 3.21811279e+02,
       9.40427363e-01, 9.44818054e+02, 3.53216034e+02, 8.65809083e-01,
       9.05592957e+02, 3.04127899e+02, 5.77516615e-01, 9.21283691e+02,
       3.84463013e+02, 3.62019986e-01, 9.64681015e+01, 5.15765625e+02,
       2.31598705e-01, 1.06284821e+02, 5.23642761e+02, 2.46323317e-01,
       1.55254196e+02, 5.07880371e+02, 1.84475422e-01, 0., 0., 0., 0.,
       0., 0., 0., 0., 0. ]
