%YAML:1.0
---
pose_0: !!opencv-matrix
   rows: 1
   cols: 25
   dt: "3f"
   data: [ 9.48693665e+02, 2.88546082e+02, 8.44564855e-01,
       8.17483337e+02, 2.80654785e+02, 5.78788459e-01, 8.21434387e+02,
       1.96372849e+02, 6.57583117e-01, 7.11646118e+02, 1.16058937e+02,
       8.46661210e-01, 6.97878662e+02, 1.74863480e+02, 8.09449017e-01,
       8.13545105e+02, 3.72733612e+02, 5.30373037e-01, 6.80305603e+02,
       4.33476257e+02, 8.11369061e-01, 7.76365234e+02, 3.55156830e+02,
       6.42961919e-01, 5.92161621e+02, 2.72823914e+02, 1.69040859e-01,
       6.03902527e+02, 2.25817551e+02, 2.54510641e-01, 5.19667236e+02,
       2.10145294e+02, 2.74011195e-01, 3.41411285e+02, 2.41522064e+02,
       1.13868862e-01, 5.84296570e+02, 3.37456726e+02, 1.69505283e-01,
       3.62949921e+02, 3.41379059e+02, 7.07835704e-02, 1.35689728e+02,
       3.17843262e+02, 2.98144400e-01, 9.58510437e+02, 2.61032684e+02,
       8.20233524e-01, 9.60446045e+02, 3.04206451e+02, 7.45425940e-01,
       9.25183228e+02, 2.27850433e+02, 5.27959883e-01, 9.40866333e+02,
       3.25735626e+02, 9.16536972e-02, 6.90609970e+01, 3.57083313e+02,
       2.96778202e-01, 7.88508377e+01, 3.60955231e+02, 2.93739676e-01,
       1.20002525e+02, 3.04178040e+02, 1.45426944e-01, 0., 0., 0., 0.,
       0., 0., 0., 0., 0. ]
