%YAML:1.0
---
pose_0: !!opencv-matrix
   rows: 1
   cols: 25
   dt: "3f"
   data: [ 9.48748352e+02, 3.02133270e+02, 7.36586571e-01,
       8.42907898e+02, 2.76777100e+02, 5.80626070e-01, 8.52696655e+02,
       1.94410751e+02, 6.67905092e-01, 7.27401062e+02, 1.23925224e+02,
       7.84452677e-01, 7.91957031e+02, 2.41466904e+02, 7.06857920e-01,
       8.21342285e+02, 3.64892456e+02, 4.13073778e-01, 6.86184814e+02,
       4.00158447e+02, 1.04075760e-01, 0., 0., 0., 6.15661804e+02,
       2.76741852e+02, 5.01224808e-02, 0., 0., 0., 0., 0., 0., 0., 0.,
       0., 0., 0., 0., 0., 0., 0., 0., 0., 0., 9.64481995e+02,
       2.74759583e+02, 8.54804039e-01, 9.62445801e+02, 3.17879761e+02,
       7.80288577e-01, 9.46693115e+02, 2.41522415e+02, 4.74019825e-01,
       9.54576538e+02, 3.35501892e+02, 8.67469609e-02, 0., 0., 0., 0.,
       0., 0., 0., 0., 0., 0., 0., 0., 0., 0., 0., 0., 0., 0. ]
