%YAML:1.0
---
pose_0: !!opencv-matrix
   rows: 1
   cols: 25
   dt: "3f"
   data: [ 9.19344727e+02, 2.27674088e+02, 8.56942296e-01,
       8.03678589e+02, 2.33641708e+02, 6.31337702e-01, 7.90025879e+02,
       1.49455841e+02, 6.70535803e-01, 6.50976257e+02, 1.37611786e+02,
       6.08468354e-01, 5.17708374e+02, 1.41574402e+02, 5.02292097e-01,
       8.09643005e+02, 3.19798187e+02, 6.14533305e-01, 7.07722290e+02,
       3.57106995e+02, 5.70050836e-01, 5.54982971e+02, 3.78618317e+02,
       7.86005497e-01, 5.21631836e+02, 2.66931335e+02, 2.59928823e-01,
       5.31416260e+02, 2.12054749e+02, 2.60503381e-01, 3.51201416e+02,
       2.08194641e+02, 2.53661960e-01, 1.47416824e+02, 1.96468704e+02,
       7.54729807e-02, 5.13791626e+02, 3.04196381e+02, 2.92920381e-01,
       3.43346466e+02, 3.82566467e+02, 4.06721354e-01, 1.80749771e+02,
       4.45222900e+02, 3.38071793e-01, 9.31001831e+02, 2.02281998e+02,
       8.44962835e-01, 9.35005920e+02, 2.41417282e+02, 8.34147453e-01,
       8.99775757e+02, 1.80697754e+02, 6.71079636e-01, 9.29133911e+02,
       2.59162018e+02, 2.18889579e-01, 0., 0., 0., 0., 0., 0.,
       1.59188583e+02, 4.43268036e+02, 2.12248117e-01, 0., 0., 0., 0.,
       0., 0., 0., 0., 0. ]
