%YAML:1.0
---
pose_0: !!opencv-matrix
   rows: 1
   cols: 25
   dt: "3f"
   data: [ 9.05607971e+02, 1.80717346e+02, 7.50331759e-01,
       8.05729065e+02, 1.69004684e+02, 6.69015646e-01, 8.17460815e+02,
       9.25608826e+01, 6.52005792e-01, 6.95991821e+02, 3.97545662e+01,
       7.27289319e-01, 6.01969238e+02, 1.31739807e+02, 3.15835744e-01,
       7.82185181e+02, 2.51255127e+02, 5.70646703e-01, 6.68571533e+02,
       2.72824768e+02, 6.31809533e-01, 5.54895874e+02, 2.86493225e+02,
       6.20496571e-01, 6.07845825e+02, 1.88583511e+02, 7.61425197e-02,
       5.86249878e+02, 1.51342651e+02, 8.89157355e-02, 0., 0., 0., 0.,
       0., 0., 6.17631470e+02, 2.39518600e+02, 5.76718599e-02, 0., 0.,
       0., 0., 0., 0., 9.17311646e+02, 1.51415375e+02, 8.32271814e-01,
       9.23249634e+02, 1.94382904e+02, 8.18097949e-01, 8.97809387e+02,
       1.29764359e+02, 5.38046837e-01, 9.19335449e+02, 2.10087982e+02,
       8.49083364e-02, 0., 0., 0., 0., 0., 0., 0., 0., 0., 0., 0., 0.,
       0., 0., 0., 0., 0., 0. ]
