%YAML:1.0
---
pose_0: !!opencv-matrix
   rows: 1
   cols: 25
   dt: "3f"
   data: [ 8.82113098e+02, 3.53066681e+02, 7.61171937e-01,
       7.91950867e+02, 2.74799683e+02, 4.47293729e-01, 8.03729797e+02,
       2.53250275e+02, 6.56950831e-01, 6.86177246e+02, 2.10152512e+02,
       7.51054347e-01, 5.92122375e+02, 3.39393829e+02, 6.64673984e-01,
       7.80261902e+02, 3.06139191e+02, 1.92200959e-01, 0., 0., 0., 0.,
       0., 0., 5.74517761e+02, 2.78688293e+02, 8.62654597e-02,
       5.74532104e+02, 2.25794052e+02, 1.11424103e-01, 4.11924683e+02,
       2.45396683e+02, 7.09272176e-02, 3.02175751e+02, 3.33540833e+02,
       5.48301414e-02, 0., 0., 0., 0., 0., 0., 0., 0., 0.,
       8.99691895e+02, 3.35460571e+02, 8.30904245e-01, 0., 0., 0.,
       8.84004944e+02, 2.88474365e+02, 8.94676268e-01, 0., 0., 0., 0.,
       0., 0., 0., 0., 0., 0., 0., 0., 0., 0., 0., 0., 0., 0., 0., 0.,
       0. ]
