%YAML:1.0
---
pose_0: !!opencv-matrix
   rows: 1
   cols: 25
   dt: "3f"
   data: [ 8.93836792e+02, 4.51127472e+02, 7.77892947e-01,
       8.25271667e+02, 4.29549469e+02, 6.74948454e-01, 8.35039917e+02,
       3.72750214e+02, 4.84850496e-01, 9.31059387e+02, 3.35409210e+02,
       8.05865586e-01, 9.78123962e+02, 4.21701691e+02, 5.89142621e-01,
       8.25340454e+02, 4.76539429e+02, 5.89155078e-01, 8.38998047e+02,
       5.56825745e+02, 8.58815134e-01, 8.03695435e+02, 4.88288361e+02,
       7.88945019e-01, 6.03896545e+02, 4.78532471e+02, 2.43001550e-01,
       6.15647522e+02, 4.31520203e+02, 2.17830583e-01, 5.58862671e+02,
       4.00216614e+02, 2.83866078e-01, 3.94297729e+02, 4.31535126e+02,
       2.69820958e-01, 5.99967957e+02, 5.17722046e+02, 2.49588400e-01,
       4.19744354e+02, 5.25570740e+02, 5.03163785e-02, 4.04090668e+02,
       5.23570862e+02, 7.78574944e-02, 8.99734619e+02, 4.31496490e+02,
       9.09020960e-01, 9.13382629e+02, 4.53060455e+02, 7.86423087e-01,
       8.78154175e+02, 3.98275421e+02, 6.79203629e-01, 0., 0., 0.,
       3.94291687e+02, 5.23557678e+02, 6.99778125e-02, 3.98191711e+02,
       5.25542786e+02, 6.00580201e-02, 0., 0., 0., 3.78612152e+02,
       4.45223053e+02, 1.11179098e-01, 0., 0., 0., 3.80550903e+02,
       4.39320740e+02, 1.60947800e-01 ]
