%YAML:1.0
---
pose_0: !!opencv-matrix
   rows: 1
   cols: 25
   dt: "3f"
   data: [ 8.87965332e+02, 2.39467621e+02, 8.06778431e-01,
       7.86103333e+02, 2.68925995e+02, 5.70648015e-01, 7.68457336e+02,
       2.10081253e+02, 3.61590475e-01, 0., 0., 0., 0., 0., 0.,
       7.91986633e+02, 3.31580536e+02, 6.59268260e-01, 7.29370728e+02,
       3.45330658e+02, 7.77914882e-01, 7.89960571e+02, 2.23849899e+02,
       4.97236073e-01, 5.43198303e+02, 2.55160126e+02, 2.57449538e-01,
       5.45150330e+02, 2.17947556e+02, 3.51902783e-01, 3.45298767e+02,
       2.57157318e+02, 5.08666575e-01, 1.33767029e+02, 2.82640778e+02,
       2.33442694e-01, 5.33392883e+02, 2.94401428e+02, 2.11284399e-01,
       3.90365448e+02, 3.10041992e+02, 1.48822233e-01, 3.29637573e+02,
       3.02180237e+02, 7.17959628e-02, 8.91905457e+02, 2.21916046e+02,
       7.86553383e-01, 8.99765686e+02, 2.51247589e+02, 7.95500815e-01,
       8.62503723e+02, 2.10098480e+02, 4.00243491e-01, 8.86066467e+02,
       2.78710449e+02, 5.15790999e-01, 0., 0., 0., 0., 0., 0.,
       3.27650177e+02, 3.04137207e+02, 6.87057078e-02, 0., 0., 0., 0.,
       0., 0., 0., 0., 0. ]
