%YAML:1.0
---
pose_0: !!opencv-matrix
   rows: 1
   cols: 25
   dt: "3f"
   data: [ 8.99750916e+02, 3.51145996e+02, 7.78393745e-01,
       7.92031555e+02, 3.53203857e+02, 7.21747160e-01, 7.80227112e+02,
       2.76751648e+02, 7.15953887e-01, 6.60722168e+02, 2.25810043e+02,
       7.90380836e-01, 7.13604004e+02, 2.92373535e+02, 8.18345726e-01,
       7.97842529e+02, 4.31482971e+02, 5.70922256e-01, 6.80357239e+02,
       5.13806030e+02, 7.99023807e-01, 7.80262573e+02, 5.00095459e+02,
       7.66701877e-01, 5.23555420e+02, 3.68853271e+02, 3.43810916e-01,
       5.27493408e+02, 3.25689728e+02, 4.36731845e-01, 3.37511444e+02,
       3.29639282e+02, 2.45849535e-01, 1.53327209e+02, 3.06213928e+02,
       2.21953064e-01, 5.21595154e+02, 4.15852112e+02, 3.94338459e-01,
       3.53147736e+02, 4.74603607e+02, 2.52851844e-01, 1.65096100e+02,
       5.13797913e+02, 1.84934720e-01, 9.13485291e+02, 3.29641724e+02,
       7.87963748e-01, 9.11516479e+02, 3.66749542e+02, 7.36850441e-01,
       8.84028198e+02, 3.06125397e+02, 7.40176916e-01, 8.97760132e+02,
       3.84539398e+02, 3.53327185e-01, 1.02383545e+02, 5.53002808e+02,
       5.25946468e-02, 0., 0., 0., 0., 0., 0., 0., 0., 0., 0., 0., 0.,
       0., 0., 0. ]
