%YAML:1.0
---
pose_0: !!opencv-matrix
   rows: 1
   cols: 25
   dt: "3f"
   data: [ 9.17293945e+02, 3.21820526e+02, 8.74152839e-01,
       7.95897644e+02, 3.39422668e+02, 6.79001451e-01, 7.86115662e+02,
       2.59124512e+02, 6.85949087e-01, 6.52924988e+02, 2.47317886e+02,
       7.05035031e-01, 5.52903564e+02, 2.43443314e+02, 8.12856674e-01,
       8.07607422e+02, 4.25622192e+02, 6.18825078e-01, 6.97917725e+02,
       4.62955780e+02, 7.11802602e-01, 5.47104370e+02, 5.07900055e+02,
       7.15617418e-01, 5.31441162e+02, 3.64889160e+02, 2.30456859e-01,
       5.29447754e+02, 3.21775146e+02, 2.69806862e-01, 3.64904480e+02,
       2.98293915e+02, 1.48966327e-01, 1.45480591e+02, 2.43501312e+02,
       1.60606608e-01, 5.27519897e+02, 4.13870667e+02, 2.13404655e-01,
       3.70788483e+02, 4.47176147e+02, 1.76334560e-01, 1.59199753e+02,
       4.92264252e+02, 2.22714275e-01, 9.25180481e+02, 3.04165344e+02,
       8.69840801e-01, 9.31053040e+02, 3.37496643e+02, 8.58261764e-01,
       8.95830139e+02, 2.86529663e+02, 6.17499292e-01, 9.15373169e+02,
       3.64879456e+02, 2.77503014e-01, 0., 0., 0., 0., 0., 0., 0., 0.,
       0., 0., 0., 0., 0., 0., 0., 0., 0., 0. ]
