%YAML:1.0
---
pose_0: !!opencv-matrix
   rows: 1
   cols: 25
   dt: "3f"
   data: [ 1.02507556e+03, 2.74819122e+02, 7.37703800e-01,
       8.74277893e+02, 2.94405396e+02, 4.70824480e-01, 8.60569397e+02,
       2.12076935e+02, 5.22788167e-01, 7.82183472e+02, 1.96354401e+02,
       3.01878154e-01, 0., 0., 0., 8.99684937e+02, 3.90360809e+02,
       4.97012228e-01, 7.88043091e+02, 5.11877930e+02, 6.94878876e-01,
       8.52618225e+02, 3.72735291e+02, 6.32451773e-01, 0., 0., 0., 0.,
       0., 0., 0., 0., 0., 0., 0., 0., 0., 0., 0., 0., 0., 0., 0., 0.,
       0., 1.03683545e+03, 2.55196060e+02, 7.16565967e-01,
       1.03884192e+03, 2.98294769e+02, 6.87303066e-01, 9.82063232e+02,
       2.10163223e+02, 2.24210382e-01, 1.02509717e+03, 3.25686340e+02,
       1.06921695e-01, 0., 0., 0., 0., 0., 0., 0., 0., 0., 0., 0., 0.,
       0., 0., 0., 0., 0., 0. ]
