%YAML:1.0
---
pose_0: !!opencv-matrix
   rows: 1
   cols: 25
   dt: "3f"
   data: [ 9.33113647e+02, 2.08174240e+02, 8.12859058e-01,
       8.11565796e+02, 2.14099991e+02, 6.13065839e-01, 8.13534546e+02,
       1.31794357e+02, 6.32174969e-01, 6.82342468e+02, 8.27663193e+01,
       6.89724207e-01, 5.94122864e+02, 8.86836548e+01, 7.80239880e-01,
       8.07755615e+02, 3.02191925e+02, 6.77552640e-01, 6.96025269e+02,
       3.55170074e+02, 8.00768554e-01, 5.82338379e+02, 3.98266907e+02,
       7.96266794e-01, 5.74520264e+02, 2.17959625e+02, 1.00207098e-01,
       5.72559265e+02, 1.74833603e+02, 8.74051303e-02, 0., 0., 0., 0.,
       0., 0., 5.52979004e+02, 2.86529694e+02, 7.39406645e-02, 0., 0.,
       0., 0., 0., 0., 9.46662048e+02, 1.90532410e+02, 8.55925679e-01,
       9.46727722e+02, 2.25789185e+02, 7.64469564e-01, 9.15442017e+02,
       1.67073532e+02, 5.29562593e-01, 9.15434753e+02, 2.53198074e+02,
       2.99089968e-01, 0., 0., 0., 0., 0., 0., 0., 0., 0., 0., 0., 0.,
       0., 0., 0., 0., 0., 0. ]
