%YAML:1.0
---
pose_0: !!opencv-matrix
   rows: 1
   cols: 25
   dt: "3f"
   data: [ 8.58604980e+02, 4.43247711e+02, 8.02394867e-01,
       7.74385376e+02, 4.13840607e+02, 7.57975101e-01, 7.66531494e+02,
       3.53142059e+02, 5.91227591e-01, 8.05730164e+02, 2.61025604e+02,
       8.38630378e-01, 8.66381104e+02, 2.92465607e+02, 7.85549164e-01,
       7.86111206e+02, 4.76538635e+02, 6.32162690e-01, 8.17433655e+02,
       5.70670654e+02, 7.97863722e-01, 8.78159424e+02, 6.76421326e+02,
       6.55160308e-01, 5.62771240e+02, 4.45213409e+02, 2.92849004e-01,
       5.58890381e+02, 4.11913086e+02, 2.66517460e-01, 5.39221252e+02,
       3.78586914e+02, 1.42757609e-01, 3.57046875e+02, 4.25600403e+02,
       1.75350636e-01, 5.68630310e+02, 4.80490295e+02, 2.49442071e-01,
       3.98146179e+02, 5.23527100e+02, 2.67982513e-01, 0., 0., 0.,
       8.70336975e+02, 4.19798340e+02, 8.47654998e-01, 8.82018921e+02,
       4.33541534e+02, 1.79893106e-01, 8.42960205e+02, 3.84473969e+02,
       8.42301786e-01, 0., 0., 0., 0., 0., 0., 0., 0., 0., 0., 0., 0.,
       3.37496582e+02, 4.15861115e+02, 6.36810437e-02, 3.37494537e+02,
       4.17796967e+02, 5.15854508e-02, 3.47284332e+02, 4.25644562e+02,
       9.58098546e-02 ]
