%YAML:1.0
---
pose_0: !!opencv-matrix
   rows: 1
   cols: 25
   dt: "3f"
   data: [ 9.01684143e+02, 3.51084778e+02, 8.01848471e-01,
       7.92081177e+02, 3.53088440e+02, 7.26606548e-01, 7.78319702e+02,
       2.74755219e+02, 7.17608750e-01, 6.60738098e+02, 2.14080322e+02,
       7.51514554e-01, 6.99956299e+02, 2.86560303e+02, 7.86252379e-01,
       7.97851440e+02, 4.27577271e+02, 5.52793741e-01, 6.82268494e+02,
       5.11837860e+02, 8.40088308e-01, 7.76333740e+02, 4.98109375e+02,
       8.26226771e-01, 5.21646484e+02, 3.64873169e+02, 3.09454739e-01,
       5.25577515e+02, 3.17882751e+02, 4.41302866e-01, 3.49207397e+02,
       3.19869598e+02, 3.74949515e-01, 1.65016479e+02, 3.06189789e+02,
       4.34073597e-01, 5.23557312e+02, 4.11898865e+02, 3.60389769e-01,
       3.55117615e+02, 4.60956177e+02, 4.06095982e-01, 1.78786758e+02,
       5.09927338e+02, 3.16190660e-01, 9.15329468e+02, 3.25706116e+02,
       8.31097424e-01, 9.15410400e+02, 3.64857086e+02, 7.79469907e-01,
       8.84028198e+02, 3.04154083e+02, 6.90044940e-01, 8.99765320e+02,
       3.84423340e+02, 3.68089706e-01, 0., 0., 0., 0., 0., 0.,
       1.53330246e+02, 5.02068237e+02, 1.33792073e-01, 1.25863182e+02,
       2.76767181e+02, 1.02600895e-01, 1.25890953e+02, 2.76731567e+02,
       1.01469025e-01, 1.51362610e+02, 3.08084900e+02, 2.81683356e-01 ]
