%YAML:1.0
---
pose_0: !!opencv-matrix
   rows: 1
   cols: 25
   dt: "3f"
   data: [ 9.46650330e+02, 3.94272980e+02, 8.34253311e-01,
       8.37022644e+02, 3.51153107e+02, 6.40040696e-01, 8.52721252e+02,
       2.80679260e+02, 6.20845020e-01, 7.60663757e+02, 1.78716736e+02,
       8.01250041e-01, 7.15598267e+02, 2.29783249e+02, 8.26178253e-01,
       8.19391907e+02, 4.13844421e+02, 5.07609606e-01, 7.72417236e+02,
       4.58933929e+02, 1.45069748e-01, 0., 0., 0., 5.86264221e+02,
       3.51198059e+02, 1.14125952e-01, 5.72568970e+02, 3.19841919e+02,
       1.25154585e-01, 4.17782715e+02, 4.15847534e+02, 5.42619452e-02,
       0., 0., 0., 5.88250671e+02, 4.06043457e+02, 8.55401009e-02, 0.,
       0., 0., 0., 0., 0., 9.58526733e+02, 3.68787781e+02,
       8.25976789e-01, 9.62474609e+02, 3.98188843e+02, 7.56868958e-01,
       9.36962463e+02, 3.31554504e+02, 6.37964845e-01, 0., 0., 0., 0.,
       0., 0., 0., 0., 0., 0., 0., 0., 0., 0., 0., 0., 0., 0., 0., 0.,
       0. ]
