%YAML:1.0
---
pose_0: !!opencv-matrix
   rows: 1
   cols: 25
   dt: "3f"
   data: [ 8.80113098e+02, 2.31678589e+02, 7.29663074e-01,
       7.86113525e+02, 2.39544296e+02, 6.77685618e-01, 7.76328735e+02,
       1.65066788e+02, 7.34928489e-01, 6.37274963e+02, 1.31802902e+02,
       7.68430114e-01, 5.52904480e+02, 1.33693192e+02, 8.39529216e-01,
       7.93924255e+02, 3.19854462e+02, 6.97670639e-01, 7.09717712e+02,
       3.59060028e+02, 8.01058888e-01, 6.82357361e+02, 3.04201813e+02,
       8.15457940e-01, 5.25569824e+02, 2.55181595e+02, 2.96993196e-01,
       5.33372009e+02, 2.10113251e+02, 3.32961559e-01, 3.35453308e+02,
       2.41450531e+02, 4.82633531e-01, 0., 0., 0., 5.25548035e+02,
       3.04183746e+02, 2.86543429e-01, 3.66857208e+02, 3.19826477e+02,
       1.78412274e-01, 3.37504395e+02, 3.00247162e+02, 1.45230800e-01,
       8.86036133e+02, 2.12168610e+02, 8.66897047e-01, 8.97712769e+02,
       2.47394547e+02, 7.81012297e-01, 8.68299500e+02, 1.94399628e+02,
       7.10945725e-01, 8.84074219e+02, 2.70868378e+02, 3.98647428e-01,
       0., 0., 0., 0., 0., 0., 0., 0., 0., 0., 0., 0., 0., 0., 0., 0.,
       0., 0. ]
