%YAML:1.0
---
pose_0: !!opencv-matrix
   rows: 1
   cols: 25
   dt: "3f"
   data: [ 9.64357361e+02, 2.72834442e+02, 2.67167807e-01,
       8.86088013e+02, 2.70830261e+02, 6.06289625e-01, 8.84120605e+02,
       2.06195786e+02, 4.99334425e-01, 8.72275330e+02, 1.16125801e+02,
       7.15016186e-01, 9.70249878e+02, 2.10039124e+02, 7.13443398e-01,
       8.86028809e+02, 3.31590759e+02, 4.70799088e-01, 8.70417603e+02,
       4.47147125e+02, 8.06223035e-01, 9.68276306e+02, 3.68873383e+02,
       7.32814848e-01, 0., 0., 0., 0., 0., 0., 0., 0., 0., 0., 0., 0.,
       0., 0., 0., 0., 0., 0., 0., 0., 0., 9.83999207e+02,
       2.57111908e+02, 6.99318349e-02, 9.82018494e+02, 2.72831726e+02,
       9.51865613e-02, 0., 0., 0., 9.64439087e+02, 2.86468658e+02,
       5.16803861e-02, 0., 0., 0., 0., 0., 0., 0., 0., 0., 0., 0., 0.,
       0., 0., 0., 0., 0., 0. ]
