%YAML:1.0
---
pose_0: !!opencv-matrix
   rows: 1
   cols: 25
   dt: "3f"
   data: [ 8.88054993e+02, 3.98225342e+02, 8.36472094e-01,
       8.05632080e+02, 4.41321472e+02, 7.02193379e-01, 7.72381470e+02,
       4.02111572e+02, 6.02774680e-01, 7.19518433e+02, 3.98172943e+02,
       1.23204596e-01, 0., 0., 0., 8.35113953e+02, 4.82437561e+02,
       6.80923700e-01, 7.60647461e+02, 4.47165100e+02, 5.99282444e-01,
       7.09677246e+02, 3.15936493e+02, 7.38884151e-01, 5.39281250e+02,
       4.68717651e+02, 3.11452121e-01, 5.41257751e+02, 4.33496277e+02,
       3.32132071e-01, 3.70778168e+02, 3.94274658e+02, 3.32611769e-01,
       2.04234085e+02, 3.98244598e+02, 3.05057645e-01, 5.37285156e+02,
       4.98131378e+02, 2.47811392e-01, 3.84488037e+02, 3.94266937e+02,
       2.06186309e-01, 0., 0., 0., 8.97749756e+02, 3.82450104e+02,
       8.56479645e-01, 9.03748535e+02, 4.13790527e+02, 8.48443627e-01,
       8.70336243e+02, 3.70740631e+02, 3.92423719e-01, 8.99781921e+02,
       4.39348236e+02, 6.91920877e-01, 0., 0., 0., 0., 0., 0., 0., 0.,
       0., 1.78756195e+02, 4.02135895e+02, 8.98762047e-02, 0., 0., 0.,
       1.78797363e+02, 4.00145782e+02, 1.86336190e-01 ]
