%YAML:1.0
---
pose_0: !!opencv-matrix
   rows: 1
   cols: 25
   dt: "3f"
   data: [ 1.11330835e+03, 1.86650482e+02, 5.94674051e-01,
       9.48730591e+02, 2.35591583e+02, 1.81088641e-01, 9.13468445e+02,
       1.49366531e+02, 8.69167298e-02, 0., 0., 0., 0., 0., 0.,
       9.48767822e+02, 3.00258301e+02, 2.13532060e-01, 0., 0., 0., 0.,
       0., 0., 0., 0., 0., 0., 0., 0., 0., 0., 0., 0., 0., 0., 0., 0.,
       0., 0., 0., 0., 0., 0., 0., 1.12103784e+03, 1.63117508e+02,
       7.27180481e-01, 1.13090771e+03, 2.12069260e+02, 6.51046634e-01,
       1.08784497e+03, 1.33801285e+02, 1.82278246e-01, 1.10937500e+03,
       2.45462524e+02, 1.02000378e-01, 0., 0., 0., 0., 0., 0., 0., 0.,
       0., 0., 0., 0., 0., 0., 0., 0., 0., 0. ]
