%YAML:1.0
---
pose_0: !!opencv-matrix
   rows: 1
   cols: 25
   dt: "3f"
   data: [ 9.03622559e+02, 4.45226044e+02, 8.11815619e-01,
       8.05619568e+02, 4.49126190e+02, 6.66032016e-01, 7.88088013e+02,
       3.76655426e+02, 7.08515823e-01, 6.68566162e+02, 3.39408264e+02,
       8.10611308e-01, 7.42912109e+02, 3.10064148e+02, 8.38343441e-01,
       8.09679382e+02, 5.25556091e+02, 5.55716276e-01, 6.80378967e+02,
       5.88237000e+02, 8.42372179e-01, 8.03753052e+02, 5.70687012e+02,
       7.69419193e-01, 5.54918396e+02, 4.43244019e+02, 3.83847684e-01,
       5.62760864e+02, 4.00118286e+02, 5.22651613e-01, 3.43336823e+02,
       3.72735626e+02, 3.87974203e-01, 0., 0., 0., 5.43202759e+02,
       4.82469757e+02, 3.52539986e-01, 3.59007721e+02, 4.96176300e+02,
       2.55253255e-01, 1.65069794e+02, 5.29466797e+02, 2.72586018e-01,
       9.15364868e+02, 4.27611603e+02, 8.62929940e-01, 9.17395813e+02,
       4.60913208e+02, 7.97179461e-01, 8.87984314e+02, 4.04060730e+02,
       6.50803089e-01, 9.05656921e+02, 4.78561035e+02, 3.43386948e-01,
       1.00440224e+02, 5.72543274e+02, 1.66225493e-01, 1.06314110e+02,
       5.72615356e+02, 1.75356552e-01, 1.35677246e+02, 5.21617249e+02,
       1.59112573e-01, 0., 0., 0., 0., 0., 0., 0., 0., 0. ]
