%YAML:1.0
---
pose_0: !!opencv-matrix
   rows: 1
   cols: 25
   dt: "3f"
   data: [ 9.01696350e+02, 4.49204132e+02, 7.99010634e-01,
       8.19426208e+02, 4.43219971e+02, 6.93476319e-01, 8.21402283e+02,
       3.82497681e+02, 5.52384377e-01, 9.33141174e+02, 3.70848358e+02,
       8.39620531e-01, 9.60456177e+02, 4.62837006e+02, 8.66390109e-01,
       8.23325684e+02, 4.90295227e+02, 5.98671377e-01, 8.99768616e+02,
       5.47083313e+02, 8.36192131e-01, 8.66468811e+02, 4.60889313e+02,
       8.53352547e-01, 6.15640625e+02, 4.66800354e+02, 3.11820358e-01,
       6.19565369e+02, 4.31473572e+02, 3.37207437e-01, 5.96046814e+02,
       4.11907318e+02, 1.92052275e-01, 4.21708893e+02, 4.43259979e+02,
       1.28469214e-01, 6.17624390e+02, 5.07954163e+02, 3.03687304e-01,
       4.94208221e+02, 5.23542969e+02, 9.01740491e-02, 2.19898392e+02,
       5.54911560e+02, 3.73275667e-01, 9.03721863e+02, 4.31547607e+02,
       7.47430205e-01, 9.15428772e+02, 4.47175629e+02, 5.08826613e-01,
       8.74278076e+02, 4.09986206e+02, 3.01477492e-01, 0., 0., 0.,
       1.51405273e+02, 5.90181885e+02, 1.21614240e-01, 1.63110901e+02,
       5.94137939e+02, 1.23074517e-01, 1.98376724e+02, 5.47111389e+02,
       1.92249596e-01, 4.00177063e+02, 4.45217010e+02, 5.56427389e-02,
       0., 0., 0., 0., 0., 0. ]
