%YAML:1.0
---
pose_0: !!opencv-matrix
   rows: 1
   cols: 25
   dt: "3f"
   data: [ 8.80129456e+02, 2.43497391e+02, 7.79527426e-01,
       7.82209351e+02, 2.49294464e+02, 6.60951614e-01, 7.80276672e+02,
       1.67011581e+02, 6.97063148e-01, 6.47018738e+02, 1.29820404e+02,
       7.59773672e-01, 5.52951599e+02, 1.21956512e+02, 8.12824249e-01,
       7.86102722e+02, 3.35424133e+02, 6.75365210e-01, 6.66658020e+02,
       3.76635742e+02, 7.49328792e-01, 6.15648926e+02, 3.21877625e+02,
       8.05993080e-01, 5.23610291e+02, 2.61052521e+02, 3.72663707e-01,
       5.29463318e+02, 2.17946274e+02, 4.36795920e-01, 3.68884460e+02,
       2.27776566e+02, 6.85999155e-01, 1.88581085e+02, 2.14047821e+02,
       4.19339687e-01, 5.23554565e+02, 3.06150909e+02, 3.64679337e-01,
       3.51196533e+02, 3.00258881e+02, 3.51403773e-01, 1.57236282e+02,
       2.82587250e+02, 3.38181734e-01, 8.87993164e+02, 2.25868622e+02,
       8.37423563e-01, 8.95821838e+02, 2.61116425e+02, 7.98811793e-01,
       8.70287354e+02, 2.02311111e+02, 6.17206872e-01, 8.84052246e+02,
       2.86545044e+02, 2.73094416e-01, 9.06053925e+01, 3.17880890e+02,
       2.32033446e-01, 1.00388565e+02, 3.19798340e+02, 2.56981134e-01,
       1.20028061e+02, 2.68891632e+02, 1.48383319e-01, 1.16098938e+02,
       1.63157715e+02, 1.36280119e-01, 1.18026367e+02, 1.63146072e+02,
       1.13862813e-01, 1.74858627e+02, 2.12164581e+02, 2.37213820e-01 ]
