%YAML:1.0
---
pose_0: !!opencv-matrix
   rows: 1
   cols: 25
   dt: "3f"
   data: [ 1.04071436e+03, 2.57175995e+02, 8.29705834e-01,
       8.83996704e+02, 2.90422699e+02, 5.76796174e-01, 8.54742004e+02,
       1.96419617e+02, 5.92096746e-01, 7.35177002e+02, 1.86650635e+02,
       2.95542717e-01, 6.94007996e+02, 1.84667725e+02, 4.83513176e-01,
       9.05628845e+02, 3.82519531e+02, 5.26122689e-01, 8.11605652e+02,
       5.21631348e+02, 7.22472668e-01, 8.54747559e+02, 3.66860291e+02,
       7.88587093e-01, 5.86268005e+02, 2.92407013e+02, 5.90207092e-02,
       5.70599304e+02, 2.57135895e+02, 6.73562065e-02, 0., 0., 0., 0.,
       0., 0., 0., 0., 0., 0., 0., 0., 0., 0., 0., 1.04473694e+03,
       2.27738586e+02, 8.13100100e-01, 1.05452161e+03, 2.74781067e+02,
       7.77986526e-01, 1.00550525e+03, 1.82713272e+02, 3.69002908e-01,
       1.03492163e+03, 3.06200012e+02, 1.32187575e-01, 0., 0., 0., 0.,
       0., 0., 0., 0., 0., 0., 0., 0., 0., 0., 0., 0., 0., 0. ]
