%YAML:1.0
---
pose_0: !!opencv-matrix
   rows: 1
   cols: 25
   dt: "3f"
   data: [ 9.78118103e+02, 2.43502472e+02, 8.49873722e-01,
       8.52742004e+02, 2.78726868e+02, 5.66849113e-01, 8.39021118e+02,
       1.82723877e+02, 6.01262152e-01, 6.80335938e+02, 1.29738556e+02,
       6.95558012e-01, 7.37152039e+02, 1.98434326e+02, 7.51980364e-01,
       8.56633240e+02, 3.68839569e+02, 5.84796011e-01, 7.21436951e+02,
       4.76515533e+02, 7.44616032e-01, 7.58636230e+02, 3.53218445e+02,
       7.74936497e-01, 5.66697998e+02, 2.82621979e+02, 1.73551962e-01,
       5.70599792e+02, 2.33628296e+02, 3.18857759e-01, 3.33565063e+02,
       2.37517471e+02, 2.83660769e-01, 1.08271980e+02, 2.57166779e+02,
       3.99701655e-01, 5.52961670e+02, 3.51172821e+02, 1.75439119e-01,
       3.27691101e+02, 3.53111450e+02, 4.02491003e-01, 1.29790939e+02,
       3.57099792e+02, 2.66145408e-01, 9.84010193e+02, 2.23795715e+02,
       8.08909535e-01, 9.95826538e+02, 2.64960968e+02, 8.14385235e-01,
       9.60462463e+02, 1.98370773e+02, 6.36046290e-01, 9.89840637e+02,
       2.98277344e+02, 2.14241177e-01, 6.12565689e+01, 3.51208466e+02,
       9.40441713e-02, 6.90829620e+01, 3.57068207e+02, 9.48256999e-02,
       1.04329567e+02, 3.57050507e+02, 1.23469159e-01, 9.45285568e+01,
       2.72860657e+02, 1.12885311e-01, 0., 0., 0., 9.25876923e+01,
       2.64982117e+02, 2.46151999e-01 ]
