%YAML:1.0
---
pose_0: !!opencv-matrix
   rows: 1
   cols: 25
   dt: "3f"
   data: [ 8.99735168e+02, 2.96315887e+02, 7.79775441e-01,
       8.15469421e+02, 3.06105652e+02, 6.83559656e-01, 8.09627563e+02,
       2.37539444e+02, 5.68139732e-01, 8.60541931e+02, 1.33665161e+02,
       8.14471781e-01, 9.48712158e+02, 2.31718750e+02, 7.93705761e-01,
       8.19375610e+02, 3.82483398e+02, 6.17803693e-01, 8.52704834e+02,
       4.74637634e+02, 8.68668556e-01, 9.29113770e+02, 3.84471100e+02,
       8.20941210e-01, 5.84336548e+02, 3.17855316e+02, 2.21859545e-01,
       5.82337219e+02, 2.76720001e+02, 2.86911219e-01, 4.00134430e+02,
       2.80656616e+02, 2.08636522e-01, 0., 0., 0., 5.88272766e+02,
       3.66852631e+02, 2.10814297e-01, 4.33458374e+02, 3.74687897e+02,
       7.88814425e-02, 1.63119461e+02, 3.62945099e+02, 1.99726388e-01,
       9.15329651e+02, 2.76782532e+02, 7.98651814e-01, 9.15380859e+02,
       3.15913666e+02, 7.75765717e-01, 9.01704346e+02, 2.57188416e+02,
       3.43494564e-01, 9.01700012e+02, 3.35381989e+02, 2.95471787e-01,
       0., 0., 0., 0., 0., 0., 0., 0., 0., 0., 0., 0., 0., 0., 0., 0.,
       0., 0. ]
