%YAML:1.0
---
pose_0: !!opencv-matrix
   rows: 1
   cols: 25
   dt: "3f"
   data: [ 1.06434106e+03, 2.35561386e+02, 7.28166103e-01,
       9.17421021e+02, 2.72854248e+02, 5.11015773e-01, 9.03640503e+02,
       1.74839127e+02, 4.41140294e-01, 7.60622681e+02, 1.16056664e+02,
       1.41628966e-01, 6.23544006e+02, 1.15989983e+02, 2.31681630e-01,
       9.31126892e+02, 3.62913879e+02, 4.89931256e-01, 7.70442627e+02,
       4.35457123e+02, 6.27715707e-01, 7.76414124e+02, 3.06087830e+02,
       7.24032044e-01, 0., 0., 0., 0., 0., 0., 0., 0., 0., 0., 0., 0.,
       0., 0., 0., 0., 0., 0., 0., 0., 0., 1.07802881e+03,
       2.10119949e+02, 8.42572749e-01, 1.08775061e+03, 2.59141235e+02,
       7.93717146e-01, 1.04271790e+03, 1.80770020e+02, 4.07937884e-01,
       1.07804150e+03, 3.00264740e+02, 8.45728070e-02, 0., 0., 0., 0.,
       0., 0., 0., 0., 0., 0., 0., 0., 0., 0., 0., 0., 0., 0. ]
