%YAML:1.0
---
pose_0: !!opencv-matrix
   rows: 1
   cols: 25
   dt: "3f"
   data: [ 9.19357117e+02, 2.35613083e+02, 7.83207834e-01,
       8.01752380e+02, 2.43497833e+02, 6.35772526e-01, 7.88094543e+02,
       1.65038223e+02, 6.68565929e-01, 6.48990845e+02, 1.49424149e+02,
       4.56492245e-01, 5.37319092e+02, 1.49359589e+02, 3.01429659e-01,
       8.05770935e+02, 3.31555847e+02, 6.09025180e-01, 7.01865112e+02,
       3.74715515e+02, 5.39999366e-01, 5.54942932e+02, 3.86499023e+02,
       8.01495254e-01, 5.17725098e+02, 2.59113220e+02, 2.98699021e-01,
       5.21626953e+02, 2.14025925e+02, 4.03410375e-01, 3.47277954e+02,
       2.19896927e+02, 3.37609291e-01, 1.37654785e+02, 1.98377792e+02,
       7.14683235e-02, 5.21611877e+02, 3.06165222e+02, 3.42102736e-01,
       3.39440582e+02, 3.96257813e+02, 5.83948016e-01, 1.68978104e+02,
       4.76604828e+02, 4.30027843e-01, 9.30999573e+02, 2.14037369e+02,
       8.61626029e-01, 9.33118835e+02, 2.51236404e+02, 7.93103099e-01,
       9.01683777e+02, 1.94423233e+02, 5.29444695e-01, 9.15409485e+02,
       2.74773651e+02, 2.09145695e-01, 9.25917053e+01, 5.11860352e+02,
       2.68271446e-01, 1.04315414e+02, 5.15778992e+02, 2.83903569e-01,
       1.49415817e+02, 4.78547546e+02, 2.36536205e-01, 0., 0., 0., 0.,
       0., 0., 0., 0., 0. ]
