%YAML:1.0
---
pose_0: !!opencv-matrix
   rows: 1
   cols: 25
   dt: "3f"
   data: [ 8.99732849e+02, 4.43217682e+02, 8.44894528e-01,
       7.92027649e+02, 4.41307587e+02, 6.88408852e-01, 7.92048584e+02,
       3.68870026e+02, 6.36653066e-01, 7.92072876e+02, 2.88493652e+02,
       5.52358270e-01, 8.66397583e+02, 1.33714966e+02, 1.25261098e-01,
       7.88049622e+02, 5.19687866e+02, 5.76678872e-01, 6.80337952e+02,
       5.62739441e+02, 7.08260238e-01, 5.52988098e+02, 5.88297546e+02,
       7.84891367e-01, 5.56897339e+02, 4.47216156e+02, 1.87482998e-01,
       5.58865417e+02, 4.11880280e+02, 2.73375630e-01, 3.29627045e+02,
       3.35492920e+02, 3.34632277e-01, 1.86632202e+02, 2.64985596e+02,
       2.05067709e-01, 5.47096741e+02, 4.98119293e+02, 1.28583446e-01,
       4.23680664e+02, 5.39269104e+02, 6.39838353e-02, 0., 0., 0.,
       9.03736877e+02, 4.19740112e+02, 8.39189053e-01, 9.13483398e+02,
       4.53090851e+02, 8.10542226e-01, 8.84023743e+02, 3.98272064e+02,
       7.02901781e-01, 8.99677551e+02, 4.74586914e+02, 1.43406093e-01,
       0., 0., 0., 0., 0., 0., 0., 0., 0., 1.63072327e+02,
       2.57108978e+02, 7.50474930e-02, 1.63089203e+02, 2.55177917e+02,
       9.08000991e-02, 0., 0., 0. ]
