%YAML:1.0
---
pose_0: !!opencv-matrix
   rows: 1
   cols: 25
   dt: "3f"
   data: [ 8.70330811e+02, 2.45393829e+02, 7.44758725e-01,
       7.84150452e+02, 2.45428024e+02, 6.71932220e-01, 7.82215027e+02,
       1.65136551e+02, 7.12767005e-01, 6.48998535e+02, 1.29809586e+02,
       6.41510963e-01, 5.45174255e+02, 1.25865753e+02, 7.56437957e-01,
       7.86105835e+02, 3.33488403e+02, 6.46720469e-01, 6.60742371e+02,
       3.72765686e+02, 7.00639844e-01, 5.96074036e+02, 3.31564850e+02,
       7.63790131e-01, 5.31412842e+02, 2.43451569e+02, 3.18050534e-01,
       5.27522522e+02, 2.04235794e+02, 4.40397918e-01, 3.57067230e+02,
       2.19897461e+02, 2.29264498e-01, 3.51239471e+02, 2.12040543e+02,
       6.09190837e-02, 5.27492920e+02, 2.92417145e+02, 3.13152820e-01,
       3.57066498e+02, 2.92456177e+02, 1.57898560e-01, 1.68977081e+02,
       2.88514130e+02, 8.70220438e-02, 8.85992554e+02, 2.27828079e+02,
       8.34876418e-01, 8.87977844e+02, 2.66957916e+02, 7.47179747e-01,
       8.72280334e+02, 2.04238922e+02, 5.84163904e-01, 8.78188965e+02,
       2.86480103e+02, 3.43333364e-01, 0., 0., 0., 0., 0., 0., 0., 0.,
       0., 0., 0., 0., 0., 0., 0., 0., 0., 0. ]
