%YAML:1.0
---
pose_0: !!opencv-matrix
   rows: 1
   cols: 25
   dt: "3f"
   data: [ 8.78210815e+02, 3.51228546e+02, 8.14595819e-01,
       7.90020203e+02, 3.04159241e+02, 6.09046698e-01, 7.90077026e+02,
       2.43409470e+02, 7.47604132e-01, 7.50818848e+02, 2.88425995e+02,
       7.76418328e-01, 8.33099182e+02, 3.80595032e+02, 6.60856485e-01,
       7.86078003e+02, 3.68818665e+02, 6.17130160e-01, 7.29363647e+02,
       4.78583588e+02, 8.34053218e-01, 8.09672852e+02, 4.58933929e+02,
       7.66465962e-01, 5.39226746e+02, 3.08071014e+02, 3.32223326e-01,
       5.39262024e+02, 2.70874268e+02, 3.94903362e-01, 3.84504486e+02,
       2.57181763e+02, 1.72255009e-01, 3.47263367e+02, 2.51292313e+02,
       3.83986384e-01, 5.37274475e+02, 3.51190613e+02, 3.85911018e-01,
       3.39460480e+02, 3.80583954e+02, 4.96805400e-01, 1.57220215e+02,
       3.84457184e+02, 4.71482307e-01, 8.86052673e+02, 3.31580963e+02,
       8.14357936e-01, 8.91937012e+02, 3.53214691e+02, 5.11741579e-01,
       8.70373657e+02, 2.90550934e+02, 8.91792774e-01, 0., 0., 0.,
       1.02340591e+02, 4.19742706e+02, 9.63291973e-02, 1.04389687e+02,
       4.23661682e+02, 1.10144980e-01, 1.31761154e+02, 3.74715942e+02,
       3.26406479e-01, 2.96321320e+02, 2.43427048e+02, 7.90479705e-02,
       2.96312134e+02, 2.39495865e+02, 7.91076869e-02, 0., 0., 0. ]
