%YAML:1.0
---
pose_0: !!opencv-matrix
   rows: 1
   cols: 25
   dt: "3f"
   data: [ 8.68320190e+02, 4.33453827e+02, 8.41471195e-01,
       7.72391907e+02, 4.78598694e+02, 5.98286390e-01, 7.48891174e+02,
       4.49189758e+02, 4.25856084e-01, 6.03951904e+02, 4.35432404e+02,
       3.87171090e-01, 5.37304993e+02, 3.96259399e+02, 5.14306366e-01,
       7.90095276e+02, 5.15738159e+02, 6.52744949e-01, 7.21462952e+02,
       4.00161743e+02, 6.80087507e-01, 6.64601440e+02, 3.00264923e+02,
       7.25744128e-01, 5.23609497e+02, 5.17693359e+02, 2.41997868e-01,
       5.29452454e+02, 4.76532867e+02, 3.50587368e-01, 3.86425720e+02,
       4.02108551e+02, 5.17874479e-01, 1.80768021e+02, 4.43235626e+02,
       4.46953595e-01, 5.25547546e+02, 5.62756653e+02, 1.75454393e-01,
       3.55115356e+02, 5.72569519e+02, 2.61122167e-01, 1.94463455e+02,
       6.46997925e+02, 1.42677829e-01, 8.68407776e+02, 4.21682373e+02,
       8.33532035e-01, 8.78207214e+02, 4.47232025e+02, 8.06632578e-01,
       8.37024475e+02, 4.15866821e+02, 3.99876058e-01, 8.60534485e+02,
       4.78584259e+02, 6.13832951e-01, 0., 0., 0., 0., 0., 0.,
       1.80739334e+02, 6.45044617e+02, 5.22344969e-02, 1.63083435e+02,
       4.72620667e+02, 7.66174346e-02, 0., 0., 0., 1.65057236e+02,
       4.45193146e+02, 2.98775494e-01 ]
