%YAML:1.0
---
pose_0: !!opencv-matrix
   rows: 1
   cols: 25
   dt: "3f"
   data: [ 8.54741638e+02, 2.47351624e+02, 7.63962746e-01,
       7.93954041e+02, 3.10066071e+02, 5.36449850e-01, 8.03704956e+02,
       3.15912628e+02, 3.36313277e-01, 6.99891418e+02, 2.90473633e+02,
       2.33087897e-01, 7.01857788e+02, 2.41502426e+02, 8.33896995e-02,
       8.03683899e+02, 3.13958496e+02, 4.88129109e-01, 6.99912842e+02,
       2.72780884e+02, 6.47384226e-01, 7.03822815e+02, 2.00301086e+02,
       6.46476746e-01, 5.41225220e+02, 3.49228607e+02, 2.72349954e-01,
       5.39252991e+02, 3.13961029e+02, 3.15190345e-01, 3.17887238e+02,
       2.63051849e+02, 1.99299455e-01, 1.23933548e+02, 3.74709351e+02,
       1.77123189e-01, 5.29460693e+02, 3.82553864e+02, 2.09278122e-01,
       3.51138245e+02, 3.19789032e+02, 1.58115208e-01, 0., 0., 0.,
       8.68407288e+02, 2.43506134e+02, 6.96661055e-01, 8.76224670e+02,
       2.63054749e+02, 7.83578634e-01, 0., 0., 0., 8.66426025e+02,
       3.13980133e+02, 7.94227242e-01, 0., 0., 0., 0., 0., 0., 0., 0.,
       0., 8.47927551e+01, 4.00149384e+02, 9.62368846e-02,
       8.47217102e+01, 3.98193665e+02, 7.63934106e-02, 1.04329750e+02,
       3.82507355e+02, 9.76041853e-02 ]
