%YAML:1.0
---
pose_0: !!opencv-matrix
   rows: 1
   cols: 25
   dt: "3f"
   data: [ 9.31031738e+02, 3.00208588e+02, 7.07585096e-01,
       8.25326355e+02, 2.76777802e+02, 4.14316446e-01, 8.21414490e+02,
       2.55157318e+02, 4.02340889e-01, 8.19411255e+02, 3.88407654e+02,
       6.93989336e-01, 8.99676575e+02, 4.11889893e+02, 6.83715343e-01,
       8.31173645e+02, 3.04210938e+02, 2.77184159e-01, 8.17484131e+02,
       3.94249329e+02, 2.63069570e-01, 9.01701538e+02, 4.06051392e+02,
       2.41647914e-01, 6.03893494e+02, 2.68905334e+02, 1.24853916e-01,
       0., 0., 0., 0., 0., 0., 0., 0., 0., 6.23511353e+02,
       2.64986755e+02, 8.38066265e-02, 3.08107574e+02, 2.74821381e+02,
       8.55016261e-02, 1.27832100e+02, 2.92392181e+02, 1.50031328e-01,
       9.35052429e+02, 2.72839600e+02, 6.79423690e-01, 9.48655701e+02,
       3.06152222e+02, 6.57499790e-01, 9.31057983e+02, 2.45397552e+02,
       6.59108460e-01, 0., 0., 0., 0., 0., 0., 0., 0., 0., 0., 0., 0.,
       0., 0., 0., 0., 0., 0., 0., 0., 0. ]
