%YAML:1.0
---
pose_0: !!opencv-matrix
   rows: 1
   cols: 25
   dt: "3f"
   data: [ 9.46770264e+02, 3.94318085e+02, 8.00759971e-01,
       8.37065125e+02, 3.21877136e+02, 6.14836693e-01, 8.50719177e+02,
       2.78731415e+02, 6.33967996e-01, 7.25414307e+02, 2.37560364e+02,
       7.65526772e-01, 6.31319336e+02, 3.84454590e+02, 7.28123248e-01,
       8.09635132e+02, 3.68870819e+02, 2.35153243e-01, 7.33234985e+02,
       3.84466339e+02, 5.18653393e-02, 0., 0., 0., 7.17533386e+02,
       3.35528595e+02, 1.02581963e-01, 6.99890686e+02, 3.08125916e+02,
       9.83499140e-02, 0., 0., 0., 0., 0., 0., 7.27340332e+02,
       3.59041962e+02, 8.97370875e-02, 7.35162598e+02, 3.72711121e+02,
       5.19852191e-02, 6.25453369e+02, 4.37369934e+02, 1.36692941e-01,
       9.62418518e+02, 3.68865234e+02, 7.96313643e-01, 9.64366760e+02,
       3.96190948e+02, 2.24876642e-01, 9.42864136e+02, 3.19915955e+02,
       8.64069700e-01, 0., 0., 0., 6.13723145e+02, 4.45199402e+02,
       2.93655455e-01, 6.17648682e+02, 4.47130554e+02, 2.74178952e-01,
       6.23492493e+02, 4.41273926e+02, 1.28501311e-01, 0., 0., 0., 0.,
       0., 0., 0., 0., 0. ]
