%YAML:1.0
---
pose_0: !!opencv-matrix
   rows: 1
   cols: 25
   dt: "3f"
   data: [ 1.04276672e+03, 3.64903168e+02, 1.95317119e-01,
       9.33105591e+02, 3.29620361e+02, 5.40910006e-01, 9.50678528e+02,
       2.55151947e+02, 4.79415596e-01, 8.05698547e+02, 1.45450699e+02,
       6.97938979e-01, 7.11596008e+02, 1.33812988e+02, 7.68656731e-01,
       9.17339111e+02, 4.13853546e+02, 4.34020102e-01, 7.74263672e+02,
       5.11837250e+02, 6.78980768e-01, 7.11700378e+02, 6.05889587e+02,
       5.39306879e-01, 0., 0., 0., 0., 0., 0., 0., 0., 0., 0., 0., 0.,
       0., 0., 0., 0., 0., 0., 0., 0., 0., 1.08387317e+03,
       3.41407654e+02, 1.80683628e-01, 1.06822009e+03, 3.96217194e+02,
       1.82701990e-01, 1.06625977e+03, 3.06145630e+02, 3.95353377e-01,
       0., 0., 0., 0., 0., 0., 0., 0., 0., 0., 0., 0., 0., 0., 0., 0.,
       0., 0., 0., 0., 0. ]
