%YAML:1.0
---
pose_0: !!opencv-matrix
   rows: 1
   cols: 25
   dt: "3f"
   data: [ 9.46821167e+02, 2.31709808e+02, 7.62004077e-01,
       8.23371033e+02, 2.59120819e+02, 5.93192160e-01, 8.11585999e+02,
       1.78809799e+02, 6.50258780e-01, 7.44982727e+02, 1.63081955e+02,
       3.91788989e-01, 6.80353455e+02, 1.51319794e+02, 7.32485473e-01,
       8.38985352e+02, 3.43356018e+02, 5.50767362e-01, 7.43014160e+02,
       4.60878265e+02, 7.99470186e-01, 8.07593384e+02, 3.49187653e+02,
       7.11977959e-01, 5.82366760e+02, 2.72807159e+02, 1.52430803e-01,
       5.60803894e+02, 2.35585724e+02, 2.26148590e-01, 3.21776184e+02,
       2.57152405e+02, 2.58769304e-01, 0., 0., 0., 5.82348755e+02,
       3.25720367e+02, 1.16861433e-01, 3.35530090e+02, 3.25733368e+02,
       1.87807336e-01, 1.53291092e+02, 3.19827454e+02, 2.02439681e-01,
       9.48823792e+02, 2.12106140e+02, 8.29476953e-01, 9.64354187e+02,
       2.47354614e+02, 8.17435801e-01, 9.21284668e+02, 1.94396072e+02,
       6.00684404e-01, 9.46767456e+02, 2.76719177e+02, 3.78208429e-01,
       9.26032104e+01, 3.33562347e+02, 7.61189982e-02, 0., 0., 0.,
       1.47479340e+02, 3.21775238e+02, 1.21422440e-01, 0., 0., 0., 0.,
       0., 0., 0., 0., 0. ]
