%YAML:1.0
---
pose_0: !!opencv-matrix
   rows: 1
   cols: 25
   dt: "3f"
   data: [ 1.04078845e+03, 2.25742538e+02, 8.16842914e-01,
       8.97727356e+02, 2.25838409e+02, 4.79298264e-01, 8.76213623e+02,
       1.29808731e+02, 5.12885571e-01, 7.46906311e+02, 8.67534637e+01,
       5.91451049e-01, 6.62698242e+02, 1.02480774e+02, 7.39843607e-01,
       9.01760559e+02, 3.25697968e+02, 3.80060345e-01, 7.74428528e+02,
       3.96208374e+02, 8.09092343e-01, 8.50744812e+02, 3.19780426e+02,
       6.99323177e-01, 5.92154785e+02, 2.37562408e+02, 7.24040642e-02,
       5.82355530e+02, 1.94471527e+02, 9.94334742e-02, 0., 0., 0., 0.,
       0., 0., 6.01956970e+02, 3.21802887e+02, 9.46041793e-02, 0., 0.,
       0., 0., 0., 0., 1.04670618e+03, 1.96445221e+02, 8.12447309e-01,
       1.05642017e+03, 2.41479492e+02, 5.77806592e-01, 1.00947083e+03,
       1.59184616e+02, 3.29450876e-01, 0., 0., 0., 0., 0., 0., 0., 0.,
       0., 0., 0., 0., 0., 0., 0., 0., 0., 0., 0., 0., 0. ]
