%YAML:1.0
---
pose_0: !!opencv-matrix
   rows: 1
   cols: 25
   dt: "3f"
   data: [ 9.17312744e+02, 3.17866394e+02, 7.90627360e-01,
       8.37020874e+02, 2.41514542e+02, 5.22680163e-01, 8.39084534e+02,
       2.12135208e+02, 6.99701190e-01, 7.56729736e+02, 2.88513580e+02,
       6.65738463e-01, 8.56667053e+02, 3.84545135e+02, 6.97377741e-01,
       8.25291931e+02, 2.72795044e+02, 2.78969467e-01, 7.35166016e+02,
       3.51194122e+02, 7.75678396e-01, 8.27269775e+02, 3.96177124e+02,
       5.26759803e-01, 5.52939758e+02, 2.45386353e+02, 2.48142585e-01,
       5.52959412e+02, 2.41454895e+02, 2.13528410e-01, 3.12017609e+02,
       2.74773163e+02, 1.23308182e-01, 8.86534729e+01, 2.51257385e+02,
       9.65432227e-02, 5.49057678e+02, 2.49296616e+02, 1.88329339e-01,
       3.31590515e+02, 2.57145905e+02, 1.18651249e-01, 1.02394081e+02,
       2.49322754e+02, 9.09410268e-02, 9.32993652e+02, 3.04072113e+02,
       8.33504796e-01, 0., 0., 0., 9.29103516e+02, 2.49348038e+02,
       8.14086497e-01, 0., 0., 0., 0., 0., 0., 0., 0., 0., 0., 0., 0.,
       5.93162270e+01, 2.23808304e+02, 5.11782654e-02, 0., 0., 0., 0.,
       0., 0. ]
