%YAML:1.0
---
pose_0: !!opencv-matrix
   rows: 1
   cols: 25
   dt: "3f"
   data: [ 9.17313660e+02, 2.90483215e+02, 8.53530943e-01,
       8.09662720e+02, 3.17875244e+02, 7.03744590e-01, 7.95940735e+02,
       2.51289825e+02, 6.77804410e-01, 6.78363403e+02, 2.57085663e+02,
       2.99820930e-01, 7.25356506e+02, 3.33550903e+02, 2.30545357e-01,
       8.21393005e+02, 3.80573151e+02, 6.02416992e-01, 7.52796936e+02,
       3.98251038e+02, 7.99079657e-01, 7.13546265e+02, 3.02207977e+02,
       5.76868892e-01, 5.70602539e+02, 2.98278015e+02, 1.35508388e-01,
       5.68633057e+02, 2.72785858e+02, 1.48206413e-01, 3.33573029e+02,
       3.02144653e+02, 2.23462448e-01, 0., 0., 0., 5.88245300e+02,
       3.53172211e+02, 5.79839274e-02, 0., 0., 0., 0., 0., 0.,
       9.23242798e+02, 2.74703888e+02, 8.51846635e-01, 9.31068359e+02,
       3.06229919e+02, 8.34960043e-01, 8.99682251e+02, 2.57213898e+02,
       5.48703909e-01, 9.15375183e+02, 3.35563232e+02, 5.27096689e-01,
       0., 0., 0., 0., 0., 0., 0., 0., 0., 0., 0., 0., 0., 0., 0., 0.,
       0., 0. ]
