%YAML:1.0
---
pose_0: !!opencv-matrix
   rows: 2
   cols: 25
   dt: "3f"
   data: [ 1.07998755e+03, 2.66931335e+02, 7.26768434e-01,
       9.03674561e+02, 2.55191345e+02, 2.26345524e-01, 9.17407776e+02,
       1.51362091e+02, 1.57582283e-01, 7.86114685e+02, 3.57771149e+01,
       5.95305786e-02, 8.50787903e+02, 1.33692261e+02, 4.14613247e-01,
       9.19344849e+02, 3.33536133e+02, 1.71173275e-01, 6.99931091e+02,
       4.00199799e+02, 2.54784197e-01, 7.91985596e+02, 3.86460663e+02,
       1.02087915e-01, 5.96072021e+02, 3.08092102e+02, 8.11857581e-02,
       0., 0., 0., 0., 0., 0., 0., 0., 0., 0., 0., 0., 0., 0., 0., 0.,
       0., 0., 1.08984399e+03, 2.27849747e+02, 8.50653410e-01,
       1.10343677e+03, 2.84582886e+02, 7.09620595e-01, 1.05647412e+03,
       1.92445984e+02, 4.05892044e-01, 0., 0., 0., 0., 0., 0., 0., 0.,
       0., 0., 0., 0., 0., 0., 0., 0., 0., 0., 0., 0., 0., 0., 0., 0.,
       0., 0., 0., 8.87990051e+02, 3.19793457e+02, 9.44692567e-02,
       6.97990295e+02, 4.00236908e+02, 4.95038360e-01, 7.93963562e+02,
       3.86500366e+02, 5.92245042e-01, 0., 0., 0., 0., 0., 0., 0., 0.,
       0., 0., 0., 0., 0., 0., 0., 0., 0., 0., 0., 0., 0., 0., 0., 0.,
       0., 0., 0., 0., 0., 0., 0., 0., 0., 0., 0., 0., 0., 0., 0., 0.,
       0., 0., 0., 0., 0., 0., 0., 0., 0., 0., 0., 0., 0., 0., 0., 0.,
       0., 0., 0., 0. ]
