%YAML:1.0
---
pose_0: !!opencv-matrix
   rows: 2
   cols: 25
   dt: "3f"
   data: [ 9.17366028e+02, 2.41396561e+02, 7.34310865e-01,
       8.37074463e+02, 3.29602539e+02, 3.18286061e-01, 8.44905518e+02,
       3.37457855e+02, 1.44483685e-01, 6.56804932e+02, 3.31607483e+02,
       1.99679226e-01, 5.86286072e+02, 2.68900452e+02, 4.83913124e-01,
       8.39036072e+02, 3.35470398e+02, 5.43658257e-01, 7.27276672e+02,
       2.92404205e+02, 6.35883570e-01, 6.84214661e+02, 1.80746658e+02,
       8.02261114e-01, 6.60715881e+02, 3.96254028e+02, 6.07423261e-02,
       0., 0., 0., 0., 0., 0., 0., 0., 0., 0., 0., 0., 0., 0., 0., 0.,
       0., 0., 9.42845703e+02, 2.43480255e+02, 9.75020602e-02,
       9.40865784e+02, 2.55196686e+02, 8.15781593e-01, 0., 0., 0.,
       9.21333557e+02, 3.11982178e+02, 8.03449333e-01, 0., 0., 0., 0.,
       0., 0., 0., 0., 0., 0., 0., 0., 0., 0., 0., 0., 0., 0., 0., 0.,
       0., 0., 0., 0., 0., 0., 0., 0., 0., 0., 0., 0., 0., 0., 0., 0.,
       0., 0., 0., 0., 0., 0., 5.03994476e+02, 3.55088654e+02,
       7.66231939e-02, 5.15755249e+02, 3.33559509e+02, 8.61303657e-02,
       2.94366730e+02, 3.19845032e+02, 1.60979867e-01, 8.27593918e+01,
       4.15823669e+02, 2.24380270e-01, 4.92242645e+02, 3.70787231e+02,
       7.05918521e-02, 2.92404816e+02, 3.21785828e+02, 2.28411809e-01,
       7.68913422e+01, 4.17836823e+02, 1.94246516e-01, 0., 0., 0., 0.,
       0., 0., 0., 0., 0., 0., 0., 0., 3.57490196e+01, 4.55010986e+02,
       1.30065948e-01, 4.16989288e+01, 4.56987061e+02, 1.69166729e-01,
       3.97462311e+01, 4.39342072e+02, 1.31360456e-01, 3.96982956e+01,
       4.56970581e+02, 1.44382507e-01, 3.96875801e+01, 4.49155731e+02,
       1.21318407e-01, 0., 0., 0. ]
