%YAML:1.0
---
pose_0: !!opencv-matrix
   rows: 1
   cols: 25
   dt: "3f"
   data: [ 8.85979736e+02, 3.27698303e+02, 7.43891478e-01,
       8.21323792e+02, 2.94353058e+02, 6.70825005e-01, 8.25301270e+02,
       2.21850189e+02, 6.46592855e-01, 6.99882324e+02, 1.59146957e+02,
       7.45599031e-01, 7.68508789e+02, 2.51265427e+02, 7.02094078e-01,
       8.05748901e+02, 3.80543457e+02, 4.79613185e-01, 7.29291504e+02,
       4.11946716e+02, 1.88760847e-01, 6.80354553e+02, 3.98237549e+02,
       5.02090275e-01, 5.72552917e+02, 2.92432983e+02, 1.71834990e-01,
       5.70590820e+02, 2.53234192e+02, 2.26344347e-01, 3.51195007e+02,
       2.45366608e+02, 2.90096790e-01, 1.96444092e+02, 2.78712830e+02,
       1.52555153e-01, 5.72572083e+02, 3.51211182e+02, 1.55750662e-01,
       3.53157501e+02, 3.47245850e+02, 2.53922462e-01, 1.63090973e+02,
       3.37526764e+02, 9.30888876e-02, 9.05633850e+02, 3.04234039e+02,
       8.18836212e-01, 9.07611206e+02, 3.37480499e+02, 7.82358766e-01,
       9.05638123e+02, 2.61121735e+02, 5.95605910e-01, 0., 0., 0., 0.,
       0., 0., 0., 0., 0., 0., 0., 0., 0., 0., 0., 0., 0., 0., 0., 0.,
       0. ]
