%YAML:1.0
---
pose_0: !!opencv-matrix
   rows: 1
   cols: 25
   dt: "3f"
   data: [ 9.01634033e+02, 3.06128601e+02, 8.59764934e-01,
       8.01747375e+02, 3.49178955e+02, 6.76975429e-01, 7.74357117e+02,
       2.92418335e+02, 6.42168105e-01, 6.64639832e+02, 3.02184875e+02,
       1.36905223e-01, 5.86289856e+02, 3.08095795e+02, 1.12408228e-01,
       8.21390198e+02, 3.98183899e+02, 6.03087008e-01, 8.87984680e+02,
       4.45177216e+02, 3.00740212e-01, 0., 0., 0., 5.84318726e+02,
       3.78619598e+02, 1.62179008e-01, 5.82334290e+02, 3.39459045e+02,
       2.96846896e-01, 3.68800964e+02, 3.10053986e+02, 1.65257737e-01,
       0., 0., 0., 5.90207458e+02, 4.33485352e+02, 1.25645280e-01, 0.,
       0., 0., 0., 0., 0., 9.11471069e+02, 2.92435944e+02,
       7.90483296e-01, 9.17399414e+02, 3.21893677e+02, 8.58817756e-01,
       0., 0., 0., 9.11501343e+02, 3.62914368e+02, 5.99240780e-01, 0.,
       0., 0., 0., 0., 0., 0., 0., 0., 0., 0., 0., 0., 0., 0., 0., 0.,
       0. ]
