%YAML:1.0
---
pose_0: !!opencv-matrix
   rows: 1
   cols: 25
   dt: "3f"
   data: [ 8.87958435e+02, 3.19793549e+02, 7.51376748e-01,
       7.93991516e+02, 3.06158386e+02, 6.64652169e-01, 7.93986511e+02,
       2.29724808e+02, 6.89754605e-01, 6.80322388e+02, 1.80665817e+02,
       8.69685650e-01, 5.88180359e+02, 2.19923050e+02, 7.58062482e-01,
       7.92060425e+02, 3.86497345e+02, 6.17157221e-01, 6.88147034e+02,
       4.31604828e+02, 6.87421203e-01, 6.03864319e+02, 4.53067657e+02,
       8.05247247e-01, 5.51005432e+02, 3.31602722e+02, 2.68323749e-01,
       5.43173340e+02, 2.88467224e+02, 3.69336993e-01, 3.66860779e+02,
       2.90480316e+02, 3.21685404e-01, 1.80783356e+02, 3.17868958e+02,
       1.75820649e-01, 5.54917542e+02, 3.78625946e+02, 2.35555902e-01,
       3.64899109e+02, 3.78591980e+02, 1.62098765e-01, 0., 0., 0.,
       9.01756470e+02, 3.02225037e+02, 8.23248863e-01, 9.01715088e+02,
       3.35447540e+02, 7.98322380e-01, 8.91905701e+02, 2.74739929e+02,
       6.58581018e-01, 8.95791870e+02, 3.51243378e+02, 1.81103468e-01,
       0., 0., 0., 0., 0., 0., 0., 0., 0., 1.47382294e+02,
       2.84571625e+02, 1.30867511e-01, 1.47407227e+02, 2.86536224e+02,
       9.11840349e-02, 0., 0., 0. ]
