%YAML:1.0
---
pose_0: !!opencv-matrix
   rows: 1
   cols: 25
   dt: "3f"
   data: [ 8.78194031e+02, 3.53138580e+02, 7.96887517e-01,
       8.01809143e+02, 2.98310364e+02, 5.80608606e-01, 7.97884460e+02,
       2.43445908e+02, 7.02810466e-01, 7.78307800e+02, 3.04234222e+02,
       8.38979185e-01, 8.56677246e+02, 3.86476410e+02, 5.59862435e-01,
       7.88102600e+02, 3.68816864e+02, 6.36008561e-01, 7.45003418e+02,
       4.76493622e+02, 8.65720332e-01, 8.21348938e+02, 4.60833252e+02,
       8.55669856e-01, 5.68656616e+02, 2.98284332e+02, 1.72894523e-01,
       5.54932007e+02, 2.72792114e+02, 2.17800915e-01, 3.72734528e+02,
       2.53234314e+02, 8.90578926e-02, 1.94443710e+02, 1.96423019e+02,
       1.14312597e-01, 5.58835693e+02, 3.53151489e+02, 1.31813899e-01,
       3.45325592e+02, 3.70826202e+02, 3.15141201e-01, 1.57231720e+02,
       3.82507660e+02, 4.21890795e-01, 8.87950195e+02, 3.37467377e+02,
       8.35629463e-01, 8.91936401e+02, 3.59049225e+02, 2.21253186e-01,
       8.74252197e+02, 2.92472687e+02, 8.31158102e-01, 0., 0., 0.,
       1.02433723e+02, 4.17790375e+02, 1.90243080e-01, 1.10217087e+02,
       4.21718475e+02, 2.00539276e-01, 1.33733719e+02, 3.68854950e+02,
       3.38951558e-01, 0., 0., 0., 0., 0., 0., 1.92438507e+02,
       1.94415237e+02, 1.34068847e-01 ]
