%YAML:1.0
---
pose_0: !!opencv-matrix
   rows: 1
   cols: 25
   dt: "3f"
   data: [ 9.31083313e+02, 3.15940979e+02, 7.50615597e-01,
       8.29197021e+02, 3.15897675e+02, 5.84829092e-01, 8.23344788e+02,
       2.55144745e+02, 4.75338578e-01, 8.29226929e+02, 1.80677628e+02,
       7.25170791e-01, 8.82114624e+02, 3.04139526e+02, 7.58594751e-01,
       8.25313904e+02, 3.66846771e+02, 5.83352447e-01, 8.19390503e+02,
       4.47189941e+02, 7.83745706e-01, 8.91908630e+02, 4.00123596e+02,
       7.33012021e-01, 5.86274170e+02, 3.06138153e+02, 1.08554736e-01,
       0., 0., 0., 0., 0., 0., 0., 0., 0., 6.05876831e+02,
       3.55113586e+02, 9.10466984e-02, 3.66870819e+02, 4.00158081e+02,
       7.44519830e-02, 1.61144852e+02, 3.37473999e+02, 5.08466586e-02,
       9.33053345e+02, 2.84561737e+02, 7.40194917e-01, 9.48755615e+02,
       3.21730255e+02, 8.32529545e-01, 9.13411438e+02, 2.61120026e+02,
       3.62790614e-01, 9.23255310e+02, 3.43387421e+02, 5.33330068e-02,
       0., 0., 0., 0., 0., 0., 0., 0., 0., 0., 0., 0., 0., 0., 0., 0.,
       0., 0. ]
