%YAML:1.0
---
pose_0: !!opencv-matrix
   rows: 1
   cols: 25
   dt: "3f"
   data: [ 8.99739075e+02, 3.70835632e+02, 8.46610188e-01,
       7.95917725e+02, 3.37500061e+02, 6.56772077e-01, 8.11576538e+02,
       2.61089539e+02, 6.77554190e-01, 6.84264832e+02, 2.00299774e+02,
       7.80929863e-01, 5.86328064e+02, 2.17954041e+02, 7.79095650e-01,
       7.76333618e+02, 4.09947540e+02, 5.63817859e-01, 6.62632935e+02,
       4.62889465e+02, 7.25188673e-01, 7.58668152e+02, 4.94192627e+02,
       7.75688112e-01, 5.47100098e+02, 3.57062927e+02, 1.57572314e-01,
       5.47086426e+02, 3.15904327e+02, 1.79407567e-01, 3.57055695e+02,
       3.37428314e+02, 3.03725779e-01, 1.76825851e+02, 3.17832092e+02,
       3.43067348e-01, 5.43184570e+02, 4.09963654e+02, 1.60159379e-01,
       3.64876251e+02, 4.62913116e+02, 4.18606490e-01, 1.72911667e+02,
       5.23557678e+02, 3.76479387e-01, 9.13448792e+02, 3.45296692e+02,
       7.36840069e-01, 9.17324707e+02, 3.84474518e+02, 8.11899841e-01,
       8.97734863e+02, 3.17825226e+02, 5.79436719e-01, 0., 0., 0.,
       1.02415848e+02, 5.70619812e+02, 2.21775234e-01, 1.08261742e+02,
       5.72524841e+02, 2.26213619e-01, 1.39624298e+02, 5.11815247e+02,
       2.20759496e-01, 1.33689011e+02, 3.06113403e+02, 7.23705143e-02,
       1.33709396e+02, 3.04174561e+02, 6.27428442e-02, 1.53337723e+02,
       3.10029968e+02, 2.36785561e-01 ]
