%YAML:1.0
---
pose_0: !!opencv-matrix
   rows: 1
   cols: 25
   dt: "3f"
   data: [ 8.82103577e+02, 2.41477600e+02, 8.08578134e-01,
       7.74350281e+02, 2.53250717e+02, 6.80158138e-01, 7.64569397e+02,
       1.78776108e+02, 7.02283084e-01, 6.35249512e+02, 1.47380142e+02,
       7.55389452e-01, 5.37280640e+02, 1.43503052e+02, 7.56048679e-01,
       7.76257385e+02, 3.35430664e+02, 6.92165256e-01, 6.62654602e+02,
       3.68875671e+02, 7.79395700e-01, 5.62737061e+02, 3.68926849e+02,
       7.33429074e-01, 5.17701477e+02, 2.55178421e+02, 2.80577093e-01,
       5.23580688e+02, 2.08140198e+02, 4.22763973e-01, 3.39427490e+02,
       2.25796951e+02, 3.35195333e-01, 1.82745560e+02, 2.27807312e+02,
       5.22591293e-01, 5.13784790e+02, 3.02198761e+02, 3.16110253e-01,
       3.41389923e+02, 2.92427765e+02, 2.86139190e-01, 1.61139496e+02,
       3.11979828e+02, 1.49860874e-01, 8.86064697e+02, 2.25732819e+02,
       8.80403996e-01, 8.97752686e+02, 2.57065338e+02, 7.83598959e-01,
       8.56698853e+02, 2.02299133e+02, 5.69217086e-01, 8.82120300e+02,
       2.86478729e+02, 2.99572498e-01, 9.06403809e+01, 3.13952820e+02,
       1.47596404e-01, 1.02397141e+02, 3.25737183e+02, 1.55433431e-01,
       0., 0., 0., 1.43507919e+02, 1.80726227e+02, 1.99505970e-01,
       1.41550735e+02, 1.82704910e+02, 1.58471614e-01, 1.72876770e+02,
       2.41492371e+02, 3.44426006e-01 ]
