%YAML:1.0
---
pose_0: !!opencv-matrix
   rows: 1
   cols: 25
   dt: "3f"
   data: [ 8.95792908e+02, 4.60972229e+02, 8.23097348e-01,
       7.89991455e+02, 4.56987213e+02, 6.58332705e-01, 7.82170715e+02,
       3.76644043e+02, 6.34665608e-01, 6.68524658e+02, 3.19863464e+02,
       8.21097374e-01, 6.09763611e+02, 3.72702576e+02, 7.64625788e-01,
       7.92014465e+02, 5.37270081e+02, 6.06906772e-01, 6.84207947e+02,
       6.15605774e+02, 7.18094945e-01, 7.44950012e+02, 5.07950287e+02,
       8.45816970e-01, 5.54932190e+02, 4.96176056e+02, 2.74299294e-01,
       5.52955994e+02, 4.53069336e+02, 2.47801632e-01, 5.15729736e+02,
       4.04105286e+02, 3.69875342e-01, 3.62922028e+02, 4.62878662e+02,
       5.07602729e-02, 5.56884949e+02, 5.39247925e+02, 3.07064474e-01,
       3.68835114e+02, 5.31417908e+02, 3.73181015e-01, 3.64879822e+02,
       5.25574341e+02, 7.69963413e-02, 9.03629211e+02, 4.39312225e+02,
       7.95294940e-01, 9.09545349e+02, 4.74627991e+02, 8.00949454e-01,
       8.76229004e+02, 4.11944641e+02, 6.67293787e-01, 8.91874634e+02,
       4.90298187e+02, 8.01800266e-02, 0., 0., 0., 0., 0., 0., 0., 0.,
       0., 0., 0., 0., 0., 0., 0., 0., 0., 0. ]
