%YAML:1.0
---
pose_0: !!opencv-matrix
   rows: 1
   cols: 25
   dt: "3f"
   data: [ 8.84055664e+02, 4.25649292e+02, 8.01939130e-01,
       7.84175598e+02, 4.47189758e+02, 6.61491036e-01, 7.74331726e+02,
       3.78570374e+02, 7.01570332e-01, 6.95964233e+02, 3.21848175e+02,
       7.78689623e-01, 6.64556091e+02, 2.59139343e+02, 8.59094620e-01,
       7.89944885e+02, 5.23561157e+02, 6.50455713e-01, 6.68629272e+02,
       5.86337952e+02, 7.88479865e-01, 7.37159302e+02, 5.84352173e+02,
       7.22087860e-01, 5.62790344e+02, 4.62846893e+02, 3.46739888e-01,
       5.68615051e+02, 4.19743927e+02, 4.02405024e-01, 3.51215302e+02,
       4.00176849e+02, 3.21730763e-01, 1.55266022e+02, 3.60959167e+02,
       7.42802694e-02, 5.60802246e+02, 5.05936920e+02, 3.61154497e-01,
       3.82489868e+02, 5.37295349e+02, 4.30451572e-01, 0., 0., 0.,
       8.89991699e+02, 4.13828461e+02, 8.49431932e-01, 8.97797729e+02,
       4.43247986e+02, 7.83480287e-01, 8.70379578e+02, 4.00245667e+02,
       3.38182509e-01, 8.78188049e+02, 4.74570374e+02, 7.09699810e-01,
       0., 0., 0., 0., 0., 0., 0., 0., 0., 0., 0., 0., 0., 0., 0., 0.,
       0., 0. ]
