%YAML:1.0
---
pose_0: !!opencv-matrix
   rows: 1
   cols: 25
   dt: "3f"
   data: [ 8.39086609e+02, 1.27858963e+02, 7.95722306e-01,
       7.64561523e+02, 1.00394020e+02, 6.82925105e-01, 7.78314148e+02,
       3.76586952e+01, 6.22649372e-01, 7.68487061e+02, 5.34994841e+00,
       8.26027989e-02, 0., 0., 0., 7.60632080e+02, 1.61113617e+02,
       5.02269804e-01, 7.95921204e+02, 2.02262711e+02, 7.24947751e-01,
       8.72385193e+02, 1.78727295e+02, 8.28839064e-01, 5.35319702e+02,
       1.10205391e+02, 2.66820073e-01, 5.37281555e+02, 7.10491333e+01,
       3.14782798e-01, 3.62941650e+02, 8.86825714e+01, 8.40492100e-02,
       0., 0., 0., 5.25541321e+02, 1.45475662e+02, 2.35499620e-01,
       3.62947968e+02, 1.76809921e+02, 1.36323735e-01, 0., 0., 0.,
       8.52671265e+02, 1.04295570e+02, 8.65251184e-01, 8.56656189e+02,
       1.31679581e+02, 7.23580480e-01, 8.25325623e+02, 6.89982376e+01,
       8.40341806e-01, 0., 0., 0., 0., 0., 0., 0., 0., 0., 0., 0., 0.,
       0., 0., 0., 0., 0., 0., 0., 0., 0. ]
