%YAML:1.0
---
pose_0: !!opencv-matrix
   rows: 1
   cols: 25
   dt: "3f"
   data: [ 9.38902588e+02, 2.72815582e+02, 7.67076850e-01,
       8.35049683e+02, 2.92422668e+02, 6.70609653e-01, 8.23311584e+02,
       2.04225113e+02, 6.72120452e-01, 7.03799500e+02, 1.18119171e+02,
       7.14033663e-01, 7.35164978e+02, 1.76790878e+02, 7.98331738e-01,
       8.37055664e+02, 3.72717163e+02, 6.38765872e-01, 7.29276306e+02,
       4.45243042e+02, 7.08085537e-01, 5.96060425e+02, 4.31467529e+02,
       7.99296558e-01, 5.80394287e+02, 2.90443634e+02, 2.35292137e-01,
       5.74521545e+02, 2.47328781e+02, 3.17257971e-01, 4.49144135e+02,
       2.57140472e+02, 7.98867196e-02, 0., 0., 0., 5.78439819e+02,
       3.41398285e+02, 1.76326573e-01, 4.84401428e+02, 3.94287537e+02,
       5.44936471e-02, 0., 0., 0., 9.46853577e+02, 2.47359207e+02,
       8.42880070e-01, 9.54631409e+02, 2.88545990e+02, 8.17684472e-01,
       9.21262207e+02, 2.25817978e+02, 6.26314044e-01, 9.46761536e+02,
       3.15943176e+02, 1.40822813e-01, 0., 0., 0., 0., 0., 0., 0., 0.,
       0., 0., 0., 0., 0., 0., 0., 0., 0., 0. ]
