%YAML:1.0
---
pose_0: !!opencv-matrix
   rows: 1
   cols: 25
   dt: "3f"
   data: [ 9.15464905e+02, 2.59135315e+02, 8.50110352e-01,
       8.23356140e+02, 2.72843201e+02, 6.83938742e-01, 8.15474060e+02,
       1.86648773e+02, 6.18986607e-01, 6.82331543e+02, 1.41543533e+02,
       6.60603821e-01, 6.27431946e+02, 1.55281998e+02, 6.08174205e-01,
       8.38949829e+02, 3.60992798e+02, 5.95961750e-01, 7.27329224e+02,
       4.66746826e+02, 7.08879948e-01, 7.43057190e+02, 3.88406219e+02,
       6.11221194e-01, 5.43166504e+02, 2.88482422e+02, 1.47102371e-01,
       5.51018494e+02, 2.41434143e+02, 2.26890638e-01, 3.66873230e+02,
       2.55206284e+02, 9.40999165e-02, 5.34257698e+01, 2.35585602e+02,
       8.99838954e-02, 5.35343750e+02, 3.53120514e+02, 1.50122911e-01,
       3.13977753e+02, 3.39449066e+02, 1.01533487e-01, 1.47433594e+02,
       3.43380920e+02, 2.13383868e-01, 9.29142029e+02, 2.41376831e+02,
       8.39673042e-01, 9.35031738e+02, 2.76729950e+02, 7.97912538e-01,
       9.11460205e+02, 2.14029083e+02, 4.31189001e-01, 9.29121582e+02,
       3.04102081e+02, 2.05368936e-01, 8.66628113e+01, 3.84498077e+02,
       1.57142609e-01, 9.84357529e+01, 3.86427826e+02, 1.78849071e-01,
       1.25879547e+02, 3.27659149e+02, 1.29311398e-01, 0., 0., 0., 0.,
       0., 0., 0., 0., 0. ]
