%YAML:1.0
---
pose_0: !!opencv-matrix
   rows: 1
   cols: 25
   dt: "3f"
   data: [ 9.21316345e+02, 1.35718582e+02, 7.57246256e-01,
       8.09686218e+02, 1.47364197e+02, 6.27629638e-01, 8.05722900e+02,
       5.92845726e+01, 6.96844161e-01, 6.80378357e+02, 2.19980354e+01,
       7.82985926e-01, 6.19650879e+02, 4.16345329e+01, 7.98112631e-01,
       8.21321167e+02, 2.39493790e+02, 6.30210638e-01, 6.95984131e+02,
       2.94339722e+02, 6.97724640e-01, 5.68583679e+02, 3.17878204e+02,
       8.00454736e-01, 5.64725342e+02, 1.49380447e+02, 1.06498510e-01,
       5.56903931e+02, 1.00439064e+02, 1.17107384e-01, 0., 0., 0., 0.,
       0., 0., 5.70602661e+02, 2.00320465e+02, 7.86210373e-02, 0., 0.,
       0., 0., 0., 0., 9.31166992e+02, 1.16054604e+02, 8.56275678e-01,
       9.34991394e+02, 1.57219162e+02, 7.95573354e-01, 9.07577148e+02,
       8.87193069e+01, 4.98494923e-01, 9.17348999e+02, 1.80689850e+02,
       3.12298000e-01, 0., 0., 0., 0., 0., 0., 0., 0., 0., 0., 0., 0.,
       0., 0., 0., 0., 0., 0. ]
