%YAML:1.0
---
pose_0: !!opencv-matrix
   rows: 1
   cols: 25
   dt: "3f"
   data: [ 9.17445740e+02, 3.31574493e+02, 6.98732734e-01,
       8.25355591e+02, 3.02209900e+02, 6.43272340e-01, 8.25335754e+02,
       2.19953110e+02, 6.52072668e-01, 6.96046143e+02, 1.82741211e+02,
       6.95541024e-01, 6.03950012e+02, 2.31652145e+02, 7.77431905e-01,
       8.29192871e+02, 3.64920929e+02, 4.88991618e-01, 8.60543213e+02,
       4.45170807e+02, 7.65063584e-01, 9.56528137e+02, 3.41416473e+02,
       6.99893117e-01, 5.64724792e+02, 3.23764252e+02, 1.57250002e-01,
       5.64735168e+02, 2.86524780e+02, 2.68701762e-01, 3.55120331e+02,
       2.94398041e+02, 8.54911059e-02, 0., 0., 0., 5.58840332e+02,
       3.84463104e+02, 1.30501345e-01, 3.04151031e+02, 3.86424469e+02,
       6.01647608e-02, 1.10221703e+02, 3.84500214e+02, 1.39515176e-01,
       9.33088562e+02, 3.17890717e+02, 6.53998911e-01, 9.42814148e+02,
       3.37493073e+02, 4.53633130e-01, 9.36941956e+02, 2.72742798e+02,
       7.24363446e-01, 0., 0., 0., 7.30370255e+01, 3.66831970e+02,
       8.60061124e-02, 7.49501038e+01, 3.68859985e+02, 8.49381834e-02,
       0., 0., 0., 0., 0., 0., 0., 0., 0., 0., 0., 0. ]
