%YAML:1.0
---
pose_0: !!opencv-matrix
   rows: 2
   cols: 25
   dt: "3f"
   data: [ 8.84105652e+02, 2.37513657e+02, 7.33403206e-01,
       8.39058167e+02, 3.04188934e+02, 4.74815249e-01, 0., 0., 0., 0.,
       0., 0., 0., 0., 0., 8.52731445e+02, 3.06172058e+02,
       5.26545048e-01, 7.42990723e+02, 2.57052460e+02, 6.59934163e-01,
       6.82235596e+02, 1.96346649e+02, 8.21190000e-01, 5.78434509e+02,
       3.51181946e+02, 1.90820873e-01, 5.82370422e+02, 3.21810394e+02,
       1.42020062e-01, 3.04164886e+02, 2.92405670e+02, 1.50531664e-01,
       1.00392250e+02, 4.02171600e+02, 1.74104631e-01, 5.72562012e+02,
       3.78606323e+02, 1.55251935e-01, 2.98293274e+02, 2.96358673e+02,
       1.84756130e-01, 9.06464920e+01, 4.08002655e+02, 2.29816750e-01,
       8.99813049e+02, 2.31677689e+02, 2.48465046e-01, 9.07557800e+02,
       2.43428299e+02, 8.22705030e-01, 0., 0., 0., 9.01759033e+02,
       3.02239929e+02, 7.92723715e-01, 4.16755638e+01, 4.41260895e+02,
       1.98471472e-01, 5.33521881e+01, 4.45141998e+02, 2.23119855e-01,
       6.32084389e+01, 4.13889984e+02, 1.51794016e-01, 4.55481682e+01,
       4.45178802e+02, 1.50347009e-01, 5.14460602e+01, 4.41272400e+02,
       1.35709718e-01, 0., 0., 0., 0., 0., 0., 0., 0., 0.,
       8.46818787e+02, 3.00261810e+02, 3.24564606e-01, 6.50991394e+02,
       2.90448059e+02, 3.50413322e-01, 6.48900085e+02, 2.25791214e+02,
       6.36917770e-01, 0., 0., 0., 0., 0., 0., 0., 0., 0., 0., 0., 0.,
       0., 0., 0., 0., 0., 0., 0., 0., 0., 0., 0., 0., 0., 0., 0., 0.,
       0., 0., 0., 0., 0., 0., 0., 0., 0., 0., 0., 0., 0., 0., 0., 0.,
       0., 0., 0., 0., 0., 0., 0., 0., 0., 0., 0., 0., 0., 0., 0., 0. ]
