%YAML:1.0
---
pose_0: !!opencv-matrix
   rows: 1
   cols: 25
   dt: "3f"
   data: [ 8.99764832e+02, 4.00117706e+02, 8.86307001e-01,
       8.19351318e+02, 4.45187164e+02, 4.38065648e-01, 8.01776428e+02,
       4.15786407e+02, 2.25222528e-01, 0., 0., 0., 0., 0., 0.,
       8.36981445e+02, 4.80500671e+02, 5.48596025e-01, 8.17438599e+02,
       4.25612396e+02, 7.17189252e-01, 7.91962646e+02, 3.31567383e+02,
       7.98212767e-01, 5.88263672e+02, 4.35443390e+02, 1.05358154e-01,
       5.74522217e+02, 4.39333313e+02, 1.32135823e-01, 3.43346436e+02,
       4.17801422e+02, 2.61107087e-01, 1.63118729e+02, 4.27566223e+02,
       9.97409597e-02, 5.98039001e+02, 4.29572815e+02, 7.42829740e-02,
       3.51196991e+02, 4.23680298e+02, 1.44893497e-01, 1.76824997e+02,
       4.27544525e+02, 7.40150437e-02, 9.05641052e+02, 3.84489014e+02,
       8.69031072e-01, 9.15444824e+02, 4.15820618e+02, 8.43285501e-01,
       8.86032166e+02, 3.76654205e+02, 2.28229553e-01, 9.03714539e+02,
       4.47140778e+02, 6.69067681e-01, 0., 0., 0., 0., 0., 0., 0., 0.,
       0., 0., 0., 0., 0., 0., 0., 0., 0., 0. ]
