%YAML:1.0
---
pose_0: !!opencv-matrix
   rows: 1
   cols: 25
   dt: "3f"
   data: [ 8.52778259e+02, 2.19892532e+02, 7.94352055e-01,
       7.97874512e+02, 2.88491913e+02, 5.59522629e-01, 8.05692749e+02,
       3.02210999e+02, 3.47749919e-01, 6.99920044e+02, 2.70855621e+02,
       1.07661530e-01, 0., 0., 0., 8.05721008e+02, 2.82641724e+02,
       4.78389651e-01, 6.90125061e+02, 2.57097717e+02, 6.75286829e-01,
       6.46999146e+02, 1.86611526e+02, 7.58329332e-01, 5.35351624e+02,
       3.55130035e+02, 3.78376633e-01, 5.39251587e+02, 3.19872925e+02,
       4.21337068e-01, 3.53155151e+02, 3.35557617e+02, 3.08232576e-01,
       2.43466385e+02, 3.70801239e+02, 2.34180629e-01, 5.35336365e+02,
       3.94245026e+02, 3.75937939e-01, 4.23656433e+02, 3.66791229e+02,
       1.50427535e-01, 3.53182037e+02, 3.49237549e+02, 5.78740686e-02,
       8.60569580e+02, 2.10191299e+02, 7.60792673e-01, 8.76258728e+02,
       2.33657394e+02, 7.65548408e-01, 0., 0., 0., 8.68300720e+02,
       2.82642273e+02, 8.08292449e-01, 0., 0., 0., 0., 0., 0., 0., 0.,
       0., 2.29706635e+02, 3.66778076e+02, 9.40027982e-02, 0., 0., 0.,
       2.37549179e+02, 3.78607635e+02, 1.15489043e-01 ]
