%YAML:1.0
---
pose_0: !!opencv-matrix
   rows: 1
   cols: 25
   dt: "3f"
   data: [ 9.44760437e+02, 3.92352844e+02, 8.16232264e-01,
       8.27294495e+02, 3.51198700e+02, 6.17042065e-01, 8.50769836e+02,
       2.84553650e+02, 5.98219752e-01, 7.45054565e+02, 1.80739746e+02,
       8.26431572e-01, 6.99872742e+02, 2.43382843e+02, 8.62993836e-01,
       8.05685791e+02, 4.13897766e+02, 5.45723200e-01, 7.05815369e+02,
       4.84442139e+02, 7.13232160e-01, 7.25309448e+02, 5.33351563e+02,
       7.29406357e-01, 5.66691833e+02, 3.49211517e+02, 1.34996548e-01,
       5.49063171e+02, 3.17872345e+02, 1.29584476e-01, 0., 0., 0., 0.,
       0., 0., 5.72585876e+02, 3.98185944e+02, 9.36732814e-02, 0., 0.,
       0., 0., 0., 0., 9.56538879e+02, 3.68800751e+02, 8.25456619e-01,
       9.60423462e+02, 3.98198792e+02, 7.47972190e-01, 9.33030762e+02,
       3.29643646e+02, 7.33385503e-01, 0., 0., 0., 0., 0., 0., 0., 0.,
       0., 0., 0., 0., 0., 0., 0., 0., 0., 0., 0., 0., 0. ]
