%YAML:1.0
---
pose_0: !!opencv-matrix
   rows: 1
   cols: 25
   dt: "3f"
   data: [ 8.76216553e+02, 3.88391541e+02, 7.25729704e-01,
       7.76239929e+02, 3.96254852e+02, 7.27618456e-01, 7.58697815e+02,
       3.21865662e+02, 7.23063588e-01, 6.54876038e+02, 2.68896973e+02,
       7.45133221e-01, 7.27387695e+02, 2.62988770e+02, 8.11925948e-01,
       7.88022034e+02, 4.62857513e+02, 6.24233365e-01, 6.66646179e+02,
       5.43252808e+02, 8.13668728e-01, 7.72368042e+02, 5.17745605e+02,
       7.77960837e-01, 5.17720947e+02, 4.62833374e+02, 3.67530257e-01,
       5.09878662e+02, 4.15814789e+02, 4.70131934e-01, 3.35556366e+02,
       3.90341919e+02, 5.54789960e-01, 0., 0., 0., 5.31408264e+02,
       5.07861359e+02, 4.20946360e-01, 3.80537354e+02, 5.11796539e+02,
       5.69313049e-01, 0., 0., 0., 8.86041748e+02, 3.70773529e+02,
       8.78706872e-01, 8.87990112e+02, 4.06034546e+02, 7.35918999e-01,
       8.64468445e+02, 3.51192902e+02, 6.25822902e-01, 8.78159668e+02,
       4.27594421e+02, 3.01802337e-01, 0., 0., 0., 0., 0., 0., 0., 0.,
       0., 0., 0., 0., 0., 0., 0., 0., 0., 0. ]
