%YAML:1.0
---
pose_0: !!opencv-matrix
   rows: 2
   cols: 25
   dt: "3f"
   data: [ 9.19317566e+02, 3.51252075e+02, 7.61123896e-01,
       8.35078003e+02, 2.66943054e+02, 3.32556218e-01, 8.39046936e+02,
       2.55133316e+02, 6.78594828e-01, 7.43080322e+02, 3.37462585e+02,
       7.84398794e-01, 7.60710022e+02, 4.33452179e+02, 7.80550063e-01,
       8.31158569e+02, 2.88528259e+02, 1.19908661e-01, 0., 0., 0., 0.,
       0., 0., 5.29472046e+02, 2.43444168e+02, 2.39708394e-01,
       5.27506409e+02, 2.68882843e+02, 2.15835184e-01, 3.51159729e+02,
       3.35553711e+02, 1.58434987e-01, 1.47456970e+02, 3.04147888e+02,
       1.34045213e-01, 5.37279907e+02, 2.25771896e+02, 1.94599152e-01,
       3.17856812e+02, 2.47345047e+02, 1.19273454e-01, 1.02373489e+02,
       2.41450912e+02, 9.94128063e-02, 9.35019531e+02, 3.37434143e+02,
       7.94963777e-01, 0., 0., 0., 9.29089722e+02, 2.86492584e+02,
       8.24330330e-01, 0., 0., 0., 0., 0., 0., 0., 0., 0., 0., 0., 0.,
       1.14138924e+02, 3.88423920e+02, 1.21690311e-01, 1.14117897e+02,
       3.84520660e+02, 1.11452818e-01, 0., 0., 0., 0., 0., 0., 0., 0.,
       0., 0., 0., 0., 0., 0., 0., 0., 0., 0., 8.21342896e+02,
       2.41465256e+02, 7.13181347e-02, 6.88141541e+02, 3.35531219e+02,
       6.38371289e-01, 7.35160522e+02, 4.31498718e+02, 7.34206915e-01,
       0., 0., 0., 0., 0., 0., 0., 0., 0., 0., 0., 0., 0., 0., 0., 0.,
       0., 0., 0., 0., 0., 0., 0., 0., 0., 0., 0., 0., 0., 0., 0., 0.,
       0., 0., 0., 0., 0., 0., 0., 0., 0., 0., 0., 0., 0., 0., 0., 0.,
       0., 0., 0. ]
