%YAML:1.0
---
pose_0: !!opencv-matrix
   rows: 1
   cols: 25
   dt: "3f"
   data: [ 9.48781555e+02, 2.37592224e+02, 6.79138601e-01,
       8.82092102e+02, 3.06152496e+02, 4.30738539e-01, 8.82084106e+02,
       2.78731812e+02, 1.51293844e-01, 0., 0., 0., 0., 0., 0.,
       8.68397949e+02, 3.35466187e+02, 5.03976226e-01, 7.44964966e+02,
       3.00229614e+02, 7.47451901e-01, 7.13553711e+02, 1.92429794e+02,
       8.41611743e-01, 7.05783752e+02, 3.37488037e+02, 8.75203535e-02,
       7.03838623e+02, 3.04164276e+02, 7.66898766e-02, 0., 0., 0., 0.,
       0., 0., 6.82294434e+02, 3.60995667e+02, 8.49199668e-02, 0., 0.,
       0., 0., 0., 0., 9.72214905e+02, 2.39524185e+02, 2.50337243e-01,
       9.78073853e+02, 2.55224518e+02, 8.35112214e-01, 0., 0., 0.,
       9.62333496e+02, 3.08154816e+02, 7.86437094e-01, 0., 0., 0., 0.,
       0., 0., 0., 0., 0., 0., 0., 0., 0., 0., 0., 0., 0., 0. ]
