%YAML:1.0
---
pose_0: !!opencv-matrix
   rows: 1
   cols: 25
   dt: "3f"
   data: [ 9.50733032e+02, 2.27748459e+02, 8.45608175e-01,
       8.21292908e+02, 2.33648087e+02, 6.31320596e-01, 8.11579773e+02,
       1.45463776e+02, 6.13227904e-01, 6.90119507e+02, 9.06108246e+01,
       7.07733154e-01, 6.50882874e+02, 1.21950882e+02, 7.83667684e-01,
       8.21420898e+02, 3.19872620e+02, 6.47019506e-01, 7.21476013e+02,
       3.98278564e+02, 8.00131083e-01, 6.47017517e+02, 3.92310059e+02,
       7.54538834e-01, 5.62776733e+02, 2.37556702e+02, 2.00712726e-01,
       5.54927063e+02, 2.00338928e+02, 3.03567261e-01, 3.27671387e+02,
       2.39478806e+02, 2.39267677e-01, 0., 0., 0., 5.54935974e+02,
       2.92408356e+02, 1.24411903e-01, 4.00157104e+02, 2.88492889e+02,
       5.86131774e-02, 0., 0., 0., 9.50704895e+02, 2.00342133e+02,
       8.24820340e-01, 9.64410400e+02, 2.39467728e+02, 7.26382136e-01,
       9.13395813e+02, 1.78834869e+02, 6.95713758e-01, 9.48750977e+02,
       2.59168884e+02, 1.37534603e-01, 0., 0., 0., 0., 0., 0., 0., 0.,
       0., 0., 0., 0., 0., 0., 0., 0., 0., 0. ]
