%YAML:1.0
---
pose_0: !!opencv-matrix
   rows: 1
   cols: 25
   dt: "3f"
   data: [ 9.29128235e+02, 3.64821289e+02, 7.04379380e-01,
       8.39006287e+02, 2.78718933e+02, 4.72835153e-01, 8.40937988e+02,
       2.57108673e+02, 6.80975139e-01, 7.43085754e+02, 3.45309845e+02,
       7.27800727e-01, 8.37063354e+02, 4.39344666e+02, 7.78346062e-01,
       8.35064514e+02, 3.10048737e+02, 2.03285128e-01, 0., 0., 0., 0.,
       0., 0., 5.74537231e+02, 2.90464020e+02, 2.45605260e-01,
       5.70628906e+02, 2.70839630e+02, 2.65047461e-01, 4.15833069e+02,
       3.23776062e+02, 8.52732733e-02, 3.33551544e+02, 3.11988281e+02,
       1.39640346e-01, 5.66701111e+02, 3.15895630e+02, 1.31775126e-01,
       4.33449219e+02, 3.53179382e+02, 9.60080922e-02, 0., 0., 0.,
       9.44800415e+02, 3.51212036e+02, 8.00749004e-01, 0., 0., 0.,
       9.44801941e+02, 3.06060455e+02, 8.55375409e-01, 0., 0., 0., 0.,
       0., 0., 0., 0., 0., 0., 0., 0., 0., 0., 0., 0., 0., 0., 0., 0.,
       0. ]
