%YAML:1.0
---
pose_0: !!opencv-matrix
   rows: 1
   cols: 25
   dt: "3f"
   data: [ 9.48709351e+02, 1.98419296e+02, 7.38116920e-01,
       8.40940552e+02, 2.49334137e+02, 6.89537883e-01, 8.09593689e+02,
       1.76824158e+02, 6.41251266e-01, 7.27329468e+02, 1.23955162e+02,
       5.42494237e-01, 6.93992004e+02, 1.12164467e+02, 6.87719584e-01,
       8.68399109e+02, 3.21801270e+02, 7.09535301e-01, 8.03721436e+02,
       4.45276459e+02, 8.30484986e-01, 7.41053833e+02, 3.51191833e+02,
       7.60655463e-01, 5.78432068e+02, 2.74802643e+02, 1.95002615e-01,
       5.76494568e+02, 2.33635574e+02, 1.85271204e-01, 3.37473907e+02,
       2.68901550e+02, 1.85672671e-01, 1.23944298e+02, 3.98231293e+02,
       1.69726461e-01, 5.66682800e+02, 3.10041534e+02, 1.98439077e-01,
       3.41386078e+02, 2.72795441e+02, 1.84216857e-01, 1.31746246e+02,
       3.88413116e+02, 3.27798814e-01, 9.54621948e+02, 1.94359467e+02,
       6.24951243e-01, 9.62434753e+02, 2.17958282e+02, 8.33000779e-01,
       9.13433472e+02, 1.88604477e+02, 6.18251078e-02, 9.42806580e+02,
       2.59171722e+02, 8.39678764e-01, 8.66793442e+01, 4.29558319e+02,
       1.63549200e-01, 9.45144958e+01, 4.31496857e+02, 1.79339930e-01,
       1.02379547e+02, 4.09935822e+02, 1.82424009e-01, 9.45151825e+01,
       4.29538483e+02, 1.06958091e-01, 0., 0., 0., 1.12150505e+02,
       4.17838593e+02, 1.25818104e-01 ]
