%YAML:1.0
---
pose_0: !!opencv-matrix
   rows: 1
   cols: 25
   dt: "3f"
   data: [ 1.08195361e+03, 2.78686493e+02, 6.49828792e-01,
       9.15381042e+02, 2.43463211e+02, 1.29860654e-01, 8.97755188e+02,
       2.92395905e+02, 1.77598476e-01, 8.86027588e+02, 5.07894684e+02,
       6.22945487e-01, 1.04274280e+03, 4.68764923e+02, 6.96309805e-01,
       9.15424316e+02, 2.14038651e+02, 8.35582539e-02, 0., 0., 0., 0.,
       0., 0., 0., 0., 0., 0., 0., 0., 0., 0., 0., 0., 0., 0., 0., 0.,
       0., 0., 0., 0., 0., 0., 0., 1.08981677e+03, 2.43388229e+02,
       7.82716930e-01, 1.10543005e+03, 2.88500793e+02, 4.65375990e-01,
       1.01531573e+03, 1.86605133e+02, 3.58058751e-01, 0., 0., 0., 0.,
       0., 0., 0., 0., 0., 0., 0., 0., 0., 0., 0., 0., 0., 0., 0., 0.,
       0. ]
