%YAML:1.0
---
pose_0: !!opencv-matrix
   rows: 1
   cols: 25
   dt: "3f"
   data: [ 8.99682861e+02, 3.11969666e+02, 7.98303664e-01,
       8.05764221e+02, 3.06194031e+02, 7.19737589e-01, 8.05636963e+02,
       2.27773651e+02, 7.38175511e-01, 6.82366455e+02, 1.80656342e+02,
       8.49252284e-01, 5.88274048e+02, 2.10024033e+02, 8.15869153e-01,
       8.05721130e+02, 3.88409515e+02, 6.35500133e-01, 6.97992493e+02,
       4.41318848e+02, 7.75632858e-01, 5.98014954e+02, 4.53064392e+02,
       7.72543311e-01, 5.72546509e+02, 3.21818207e+02, 2.18427911e-01,
       5.54964111e+02, 2.82616852e+02, 2.93241382e-01, 3.60969849e+02,
       3.02192993e+02, 1.71364814e-01, 1.80707687e+02, 3.17867218e+02,
       2.50752926e-01, 5.78450500e+02, 3.68846588e+02, 1.69870034e-01,
       4.00163635e+02, 3.86433136e+02, 7.38949329e-02, 0., 0., 0.,
       9.11475769e+02, 2.90535461e+02, 8.29095781e-01, 9.15396118e+02,
       3.27682343e+02, 7.77367413e-01, 8.95798218e+02, 2.68913971e+02,
       6.33605361e-01, 9.01701599e+02, 3.49170593e+02, 1.51619583e-01,
       0., 0., 0., 0., 0., 0., 0., 0., 0., 1.37648376e+02,
       2.70850952e+02, 2.22546756e-01, 1.43510330e+02, 2.72763519e+02,
       1.87328234e-01, 0., 0., 0. ]
