%YAML:1.0
---
pose_0: !!opencv-matrix
   rows: 1
   cols: 25
   dt: "3f"
   data: [ 9.11478455e+02, 4.33460114e+02, 8.02734017e-01,
       8.07607544e+02, 4.39338837e+02, 6.64153814e-01, 7.95911072e+02,
       3.64839569e+02, 6.92649662e-01, 6.80289001e+02, 3.06052063e+02,
       8.47796261e-01, 7.48871277e+02, 2.74884033e+02, 8.09860408e-01,
       8.03694702e+02, 5.23544250e+02, 5.23993611e-01, 6.82287292e+02,
       5.88180664e+02, 8.44825506e-01, 7.84181458e+02, 5.72592224e+02,
       7.45578170e-01, 5.45135925e+02, 4.74584717e+02, 2.24566102e-01,
       5.47103882e+02, 4.27591339e+02, 3.16322058e-01, 3.90373810e+02,
       3.92328796e+02, 9.64910239e-02, 0., 0., 0., 5.54929932e+02,
       5.23550537e+02, 2.37651348e-01, 3.84514252e+02, 5.13803955e+02,
       5.94768263e-02, 0., 0., 0., 9.17445374e+02, 4.15764099e+02,
       8.93030465e-01, 9.23277954e+02, 4.51113190e+02, 7.58048356e-01,
       8.95846802e+02, 3.90384827e+02, 6.50244117e-01, 9.15406616e+02,
       4.72619751e+02, 1.91409856e-01, 0., 0., 0., 0., 0., 0., 0., 0.,
       0., 0., 0., 0., 0., 0., 0., 0., 0., 0. ]
