%YAML:1.0
---
pose_0: !!opencv-matrix
   rows: 1
   cols: 25
   dt: "3f"
   data: [ 8.74281006e+02, 2.41400620e+02, 7.47702837e-01,
       8.01755676e+02, 2.90505920e+02, 5.38506329e-01, 0., 0., 0., 0.,
       0., 0., 0., 0., 0., 7.95878540e+02, 3.08117126e+02,
       5.84330380e-01, 6.84228027e+02, 2.82612915e+02, 7.13218272e-01,
       7.91931519e+02, 2.08159042e+02, 5.20056009e-01, 5.43174072e+02,
       3.21841949e+02, 1.92399338e-01, 5.49043213e+02, 2.88451538e+02,
       2.03812078e-01, 3.49218170e+02, 2.90476166e+02, 1.37818649e-01,
       0., 0., 0., 5.39244202e+02, 3.68831390e+02, 1.49120271e-01,
       3.60979828e+02, 2.94384491e+02, 8.89573544e-02, 0., 0., 0.,
       8.84014709e+02, 2.31660507e+02, 7.80922830e-01, 8.89980591e+02,
       2.57203613e+02, 8.07476044e-01, 0., 0., 0., 8.74254089e+02,
       3.02170166e+02, 7.81121314e-01, 0., 0., 0., 0., 0., 0., 0., 0.,
       0., 0., 0., 0., 0., 0., 0., 0., 0., 0. ]
