%YAML:1.0
---
pose_0: !!opencv-matrix
   rows: 1
   cols: 25
   dt: "3f"
   data: [ 9.34978210e+02, 1.80818909e+02, 8.00974727e-01,
       8.23413757e+02, 1.82676712e+02, 6.06948435e-01, 8.23397766e+02,
       1.00410889e+02, 6.62173748e-01, 7.15598877e+02, 2.59917336e+01,
       6.76263273e-01, 6.05896362e+02, 2.60050621e+01, 7.83690810e-01,
       8.21348511e+02, 2.72734619e+02, 6.62542224e-01, 7.11719788e+02,
       3.23739990e+02, 6.79857016e-01, 5.96039917e+02, 3.86430573e+02,
       6.82901263e-01, 6.11739746e+02, 1.94449448e+02, 1.15883008e-01,
       5.88256165e+02, 1.37637405e+02, 1.18278056e-01, 0., 0., 0., 0.,
       0., 0., 6.15641174e+02, 2.47335953e+02, 1.33383349e-01,
       5.45132263e+02, 2.86521698e+02, 1.11523531e-01, 3.98197815e+02,
       2.61084625e+02, 1.75049037e-01, 9.46773315e+02, 1.59211868e+02,
       8.46507847e-01, 9.48767212e+02, 1.96498047e+02, 8.39942157e-01,
       9.23250916e+02, 1.33738678e+02, 5.63631177e-01, 9.44753052e+02,
       2.16051254e+02, 1.58244520e-01, 3.57067383e+02, 2.41466049e+02,
       2.05747843e-01, 3.60985107e+02, 2.47346069e+02, 1.89122513e-01,
       0., 0., 0., 0., 0., 0., 0., 0., 0., 0., 0., 0. ]
