%YAML:1.0
---
pose_0: !!opencv-matrix
   rows: 1
   cols: 25
   dt: "3f"
   data: [ 9.19337036e+02, 3.68830536e+02, 7.74984896e-01,
       8.11597900e+02, 2.92450500e+02, 6.66715682e-01, 8.31184753e+02,
       2.41514130e+02, 6.30263090e-01, 7.25379089e+02, 1.65001053e+02,
       7.59488702e-01, 5.70543274e+02, 1.76755554e+02, 5.20331144e-01,
       7.91939026e+02, 3.41358978e+02, 5.12811542e-01, 6.88152222e+02,
       3.70759247e+02, 3.64267051e-01, 6.74415283e+02, 4.21693970e+02,
       6.38011217e-01, 5.56884155e+02, 2.90441467e+02, 1.39579311e-01,
       5.52992065e+02, 2.92408997e+02, 1.60642296e-01, 4.88319794e+02,
       3.53179749e+02, 9.04890448e-02, 0., 0., 0., 0., 0., 0., 0., 0.,
       0., 0., 0., 0., 9.33153076e+02, 3.51158234e+02, 8.30587745e-01,
       9.42787170e+02, 3.68787506e+02, 2.05202013e-01, 9.15325867e+02,
       3.02128082e+02, 8.39963675e-01, 0., 0., 0., 0., 0., 0., 0., 0.,
       0., 0., 0., 0., 0., 0., 0., 0., 0., 0., 0., 0., 0. ]
