%YAML:1.0
---
pose_0: !!opencv-matrix
   rows: 2
   cols: 25
   dt: "3f"
   data: [ 9.01782227e+02, 2.00328979e+02, 7.23499000e-01,
       8.35105286e+02, 2.74762512e+02, 4.60441262e-01, 0., 0., 0., 0.,
       0., 0., 0., 0., 0., 8.39062500e+02, 2.86558319e+02,
       4.98875231e-01, 7.17573608e+02, 2.57084625e+02, 6.27862573e-01,
       6.21571838e+02, 2.00336639e+02, 7.53467143e-01, 5.33391113e+02,
       3.37463745e+02, 1.38170570e-01, 5.23580078e+02, 3.37510681e+02,
       1.26869872e-01, 3.10041351e+02, 3.10026825e+02, 2.16438964e-01,
       1.53334717e+02, 3.66854614e+02, 3.86515260e-01, 0., 0., 0., 0.,
       0., 0., 0., 0., 0., 9.17372620e+02, 1.96396378e+02,
       6.55686975e-01, 9.31056152e+02, 2.23825302e+02, 8.72108757e-01,
       0., 0., 0., 9.15395081e+02, 2.74853546e+02, 8.58192325e-01, 0.,
       0., 0., 0., 0., 0., 0., 0., 0., 1.27857155e+02, 3.84537109e+02,
       1.97527304e-01, 1.29769302e+02, 3.74679108e+02, 2.04225093e-01,
       1.47395889e+02, 3.74699066e+02, 2.48444900e-01, 0., 0., 0., 0.,
       0., 0., 8.13538269e+02, 2.43504013e+02, 2.05358356e-01,
       6.27442444e+02, 2.76761566e+02, 2.52807260e-01, 5.86223633e+02,
       2.14062515e+02, 5.10830343e-01, 0., 0., 0., 0., 0., 0., 0., 0.,
       0., 0., 0., 0., 0., 0., 0., 0., 0., 0., 0., 0., 0., 0., 0., 0.,
       0., 0., 0., 0., 0., 0., 0., 0., 0., 0., 0., 0., 0., 0., 0., 0.,
       0., 0., 0., 0., 0., 0., 0., 0., 0., 0., 0., 0., 0., 0., 0., 0.,
       0., 0., 0., 0. ]
