%YAML:1.0
---
pose_0: !!opencv-matrix
   rows: 1
   cols: 25
   dt: "3f"
   data: [ 9.31064880e+02, 1.84653305e+02, 7.24102736e-01,
       8.68357666e+02, 2.68892639e+02, 4.70000625e-01, 8.46849487e+02,
       2.43435501e+02, 2.34146684e-01, 0., 0., 0., 0., 0., 0.,
       8.82086182e+02, 2.84563629e+02, 4.68914330e-01, 7.58617432e+02,
       2.74788757e+02, 7.79727936e-01, 6.56812073e+02, 1.70937408e+02,
       7.57563531e-01, 6.50931213e+02, 3.21808319e+02, 1.17510900e-01,
       6.50937500e+02, 2.88509369e+02, 8.79897773e-02, 2.90492584e+02,
       3.21809753e+02, 9.36779752e-02, 0., 0., 0., 6.43092407e+02,
       3.55100616e+02, 1.02085352e-01, 0., 0., 0., 0., 0., 0.,
       9.50657532e+02, 1.86598984e+02, 6.22627959e-02, 9.60420349e+02,
       1.96415390e+02, 7.48089671e-01, 0., 0., 0., 9.52671326e+02,
       2.61053375e+02, 7.72491693e-01, 0., 0., 0., 0., 0., 0., 0., 0.,
       0., 0., 0., 0., 0., 0., 0., 0., 0., 0. ]
