%YAML:1.0
---
pose_0: !!opencv-matrix
   rows: 1
   cols: 25
   dt: "3f"
   data: [ 9.33076538e+02, 3.64933472e+02, 7.32692838e-01,
       8.78178772e+02, 2.76743958e+02, 4.59901720e-01, 8.74251282e+02,
       2.90430664e+02, 5.69989085e-01, 7.78278931e+02, 3.35481689e+02,
       6.96153820e-01, 7.91953369e+02, 4.51133209e+02, 7.72593617e-01,
       8.84042786e+02, 2.66936859e+02, 2.85283208e-01, 0., 0., 0., 0.,
       0., 0., 5.27529175e+02, 2.86517792e+02, 2.76468515e-01,
       5.33380005e+02, 3.04160461e+02, 2.14919567e-01, 3.15923065e+02,
       3.41414551e+02, 4.14512366e-01, 1.23937492e+02, 3.08108398e+02,
       1.79898471e-01, 5.25524353e+02, 2.63036072e+02, 2.31891215e-01,
       3.06118164e+02, 3.25714905e+02, 3.51161838e-01, 1.16097641e+02,
       3.04110413e+02, 1.90388530e-01, 9.48800903e+02, 3.51271698e+02,
       8.03809047e-01, 9.60382690e+02, 3.70750549e+02, 5.85717447e-02,
       9.48768311e+02, 3.04248291e+02, 8.97821069e-01, 0., 0., 0., 0.,
       0., 0., 0., 0., 0., 6.90844574e+01, 2.90446014e+02,
       1.00675792e-01, 1.00396988e+02, 3.31588593e+02, 7.16588497e-02,
       1.02341362e+02, 3.33555237e+02, 7.79868960e-02, 0., 0., 0. ]
