%YAML:1.0
---
pose_0: !!opencv-matrix
   rows: 1
   cols: 25
   dt: "3f"
   data: [ 8.66395508e+02, 3.60941254e+02, 7.38459289e-01,
       7.64579956e+02, 3.21762207e+02, 4.60032731e-01, 7.72408203e+02,
       2.76706024e+02, 5.56875050e-01, 6.56821045e+02, 2.68888611e+02,
       6.93170309e-01, 5.82335815e+02, 4.04064575e+02, 4.81334507e-01,
       7.42985474e+02, 3.59036774e+02, 2.59655803e-01, 0., 0., 0., 0.,
       0., 0., 5.74519348e+02, 3.06141052e+02, 2.12526843e-01,
       5.76476440e+02, 2.74794067e+02, 1.92354903e-01, 4.29545441e+02,
       3.12011230e+02, 7.73347393e-02, 0., 0., 0., 5.72575439e+02,
       3.45294678e+02, 1.27928168e-01, 4.53056213e+02, 3.66841248e+02,
       1.30274236e-01, 3.35482605e+02, 4.02128754e+02, 1.31772771e-01,
       8.85977356e+02, 3.35484802e+02, 7.29636729e-01, 8.86090332e+02,
       3.66849152e+02, 7.32943892e-01, 8.56685181e+02, 2.92458435e+02,
       6.86285794e-01, 0., 0., 0., 0., 0., 0., 0., 0., 0., 0., 0., 0.,
       0., 0., 0., 0., 0., 0., 0., 0., 0. ]
