%YAML:1.0
---
pose_0: !!opencv-matrix
   rows: 1
   cols: 25
   dt: "3f"
   data: [ 9.83996704e+02, 2.90391327e+02, 7.89681613e-01,
       8.62513306e+02, 2.86480621e+02, 5.67330301e-01, 8.56677368e+02,
       1.96452713e+02, 6.64299846e-01, 7.29336914e+02, 1.27821411e+02,
       7.18780994e-01, 6.80384033e+02, 1.61118820e+02, 7.51297712e-01,
       8.54672241e+02, 3.72714508e+02, 4.73240137e-01, 7.29338623e+02,
       4.27594086e+02, 4.76680398e-01, 6.07831909e+02, 4.57007355e+02,
       3.95063847e-01, 6.62691162e+02, 2.96327454e+02, 7.90625885e-02,
       6.09793701e+02, 2.61065369e+02, 8.02674890e-02, 0., 0., 0., 0.,
       0., 0., 6.78375000e+02, 3.51203278e+02, 6.73821792e-02, 0., 0.,
       0., 0., 0., 0., 9.93729980e+02, 2.61035400e+02, 8.47468436e-01,
       9.95801636e+02, 3.06056000e+02, 7.99652517e-01, 9.64377136e+02,
       2.31655319e+02, 4.60894704e-01, 0., 0., 0., 0., 0., 0., 0., 0.,
       0., 0., 0., 0., 0., 0., 0., 0., 0., 0., 0., 0., 0. ]
