%YAML:1.0
---
pose_0: !!opencv-matrix
   rows: 1
   cols: 25
   dt: "3f"
   data: [ 1.00942603e+03, 3.06113434e+02, 7.13247716e-01,
       8.70383179e+02, 3.08085083e+02, 5.16678333e-01, 8.64470276e+02,
       2.17967026e+02, 4.21925038e-01, 7.50844727e+02, 1.49377335e+02,
       5.85287869e-01, 6.58786377e+02, 1.37622803e+02, 6.46042347e-01,
       8.83999329e+02, 4.13836853e+02, 5.59875548e-01, 7.74343750e+02,
       5.02018372e+02, 7.51011312e-01, 6.66627136e+02, 5.07904480e+02,
       8.40963244e-01, 5.54930725e+02, 3.23746979e+02, 7.95613825e-02,
       5.37297241e+02, 2.78689575e+02, 1.15736768e-01, 3.51166046e+02,
       2.86520325e+02, 1.66516528e-01, 0., 0., 0., 5.56900818e+02,
       3.82510132e+02, 8.08122903e-02, 0., 0., 0., 0., 0., 0.,
       1.00938867e+03, 2.74812103e+02, 7.76719630e-01, 1.03097583e+03,
       3.08084625e+02, 5.09411931e-01, 9.66380493e+02, 2.43448318e+02,
       2.46813014e-01, 1.00942230e+03, 3.41441254e+02, 8.43633264e-02,
       0., 0., 0., 0., 0., 0., 0., 0., 0., 0., 0., 0., 0., 0., 0., 0.,
       0., 0. ]
