%YAML:1.0
---
pose_0: !!opencv-matrix
   rows: 1
   cols: 25
   dt: "3f"
   data: [ 8.84020325e+02, 2.59077759e+02, 7.79129565e-01,
       7.93947510e+02, 2.70795715e+02, 7.09738970e-01, 7.92011841e+02,
       1.88552185e+02, 7.08107650e-01, 6.95994873e+02, 1.18019699e+02,
       8.53598773e-01, 6.23480347e+02, 1.51391449e+02, 7.30490685e-01,
       8.05604675e+02, 3.49230499e+02, 6.75759554e-01, 6.96060852e+02,
       4.15923981e+02, 8.17216396e-01, 6.35180786e+02, 3.55145508e+02,
       8.20390999e-01, 5.54948792e+02, 2.74811737e+02, 3.51445019e-01,
       5.52992065e+02, 2.29735062e+02, 4.03673023e-01, 3.68903290e+02,
       2.25762222e+02, 6.56412542e-01, 2.19942535e+02, 2.27734161e+02,
       5.46895683e-01, 5.58870911e+02, 3.19883057e+02, 3.56612116e-01,
       3.66828278e+02, 3.31600494e+02, 3.65563303e-01, 1.65022171e+02,
       3.41428497e+02, 4.50648218e-01, 8.97809998e+02, 2.43353378e+02,
       8.34977984e-01, 8.97801636e+02, 2.76746094e+02, 7.53850758e-01,
       8.84042786e+02, 2.21867874e+02, 6.60601854e-01, 8.86022156e+02,
       3.00222534e+02, 4.75118458e-01, 1.08235947e+02, 3.68832703e+02,
       4.01755273e-01, 1.18082932e+02, 3.74668793e+02, 4.56815571e-01,
       1.47423767e+02, 3.25729980e+02, 2.15521604e-01, 1.33726181e+02,
       1.82717422e+02, 1.60785988e-01, 1.33716003e+02, 1.80784592e+02,
       1.41946703e-01, 2.12074722e+02, 2.29760223e+02, 2.99555659e-01 ]
