%YAML:1.0
---
pose_0: !!opencv-matrix
   rows: 1
   cols: 25
   dt: "3f"
   data: [ 9.01744995e+02, 1.94466675e+02, 8.03607106e-01,
       8.38989258e+02, 2.88554474e+02, 5.20910323e-01, 8.50790222e+02,
       3.04193054e+02, 4.00514305e-01, 0., 0., 0., 0., 0., 0.,
       8.37002991e+02, 2.74795380e+02, 4.96469349e-01, 7.15606628e+02,
       2.39441422e+02, 7.27710485e-01, 8.19421936e+02, 1.59174744e+02,
       6.39857531e-01, 5.76479248e+02, 3.06130737e+02, 1.86783746e-01,
       5.74515808e+02, 2.70868652e+02, 2.17270702e-01, 3.17877106e+02,
       2.88480652e+02, 1.34886399e-01, 1.00444611e+02, 3.68792145e+02,
       2.61158913e-01, 5.58869751e+02, 3.43355255e+02, 1.62323877e-01,
       3.37466278e+02, 2.96335114e+02, 2.15668291e-01, 1.57235626e+02,
       3.51184937e+02, 1.48827732e-01, 9.19350342e+02, 1.94366058e+02,
       2.22563535e-01, 9.23227051e+02, 2.06196823e+02, 7.90891707e-01,
       0., 0., 0., 9.23253357e+02, 2.61115906e+02, 7.73923695e-01, 0.,
       0., 0., 0., 0., 0., 0., 0., 0., 6.31698990e+01, 4.00238281e+02,
       2.55498320e-01, 5.73682480e+01, 3.96215576e+02, 2.38275871e-01,
       0., 0., 0. ]
