%YAML:1.0
---
pose_0: !!opencv-matrix
   rows: 1
   cols: 25
   dt: "3f"
   data: [ 9.50713745e+02, 2.41435196e+02, 8.24794888e-01,
       8.46859802e+02, 2.43500214e+02, 6.61954284e-01, 8.38958984e+02,
       1.63112930e+02, 6.96149468e-01, 7.29281189e+02, 1.02398392e+02,
       8.12677979e-01, 6.45056335e+02, 1.31686066e+02, 8.00435722e-01,
       8.58608215e+02, 3.33497986e+02, 6.64942324e-01, 7.62611084e+02,
       4.31593964e+02, 8.20322812e-01, 7.39051636e+02, 3.66826050e+02,
       8.03022802e-01, 6.15667969e+02, 2.57123199e+02, 2.61358351e-01,
       6.17572083e+02, 2.10079453e+02, 3.68110120e-01, 4.17806213e+02,
       2.21881393e+02, 2.08125770e-01, 3.82463623e+02, 2.27739029e+02,
       6.07095845e-02, 6.19614075e+02, 3.06109985e+02, 2.34125629e-01,
       4.70692444e+02, 3.19847229e+02, 8.39384720e-02, 3.98193756e+02,
       3.27693359e+02, 1.10358596e-01, 9.60436707e+02, 2.14113358e+02,
       8.42857301e-01, 9.64417725e+02, 2.57051697e+02, 8.37310076e-01,
       9.29056091e+02, 1.94361008e+02, 6.48622572e-01, 9.54586670e+02,
       2.72857605e+02, 1.95485502e-01, 3.90364868e+02, 3.55102203e+02,
       6.85327873e-02, 0., 0., 0., 3.82544189e+02, 3.23737762e+02,
       9.68213156e-02, 0., 0., 0., 0., 0., 0., 0., 0., 0. ]
