%YAML:1.0
---
pose_0: !!opencv-matrix
   rows: 1
   cols: 25
   dt: "3f"
   data: [ 9.03729553e+02, 4.00191650e+02, 8.14550042e-01,
       8.21388733e+02, 4.45149292e+02, 5.71466267e-01, 7.99816345e+02,
       4.07986023e+02, 3.58192623e-01, 0., 0., 0., 0., 0., 0.,
       8.50749756e+02, 4.92262665e+02, 6.52987778e-01, 7.99824158e+02,
       4.29536407e+02, 6.93445683e-01, 7.58661072e+02, 3.08112610e+02,
       7.88752496e-01, 5.62765747e+02, 4.78542877e+02, 1.26689821e-01,
       5.62773804e+02, 4.45238495e+02, 1.62602291e-01, 3.39439148e+02,
       4.27566284e+02, 2.59875000e-01, 1.72891479e+02, 4.29532257e+02,
       1.42356589e-01, 5.68640747e+02, 5.25554199e+02, 1.10412814e-01,
       4.09955811e+02, 5.39250000e+02, 5.62280193e-02, 3.37433807e+02,
       5.86253601e+02, 5.56637198e-02, 9.15452759e+02, 3.88421356e+02,
       8.89369428e-01, 9.25229553e+02, 4.17786743e+02, 8.53792429e-01,
       8.99761658e+02, 3.80569611e+02, 1.87336892e-01, 9.17302490e+02,
       4.51073944e+02, 7.02547312e-01, 0., 0., 0., 0., 0., 0., 0., 0.,
       0., 1.49342072e+02, 4.02128510e+02, 7.73702785e-02,
       1.49442429e+02, 4.00164978e+02, 7.02498555e-02, 0., 0., 0. ]
