%YAML:1.0
---
pose_0: !!opencv-matrix
   rows: 1
   cols: 25
   dt: "3f"
   data: [ 8.84031982e+02, 1.78681885e+02, 7.89863110e-01,
       7.78300659e+02, 1.96446884e+02, 7.17037201e-01, 7.60614014e+02,
       1.18027588e+02, 6.99916184e-01, 6.52891968e+02, 6.51476517e+01,
       7.86715627e-01, 6.01874512e+02, 9.26173096e+01, 7.77471840e-01,
       7.91939270e+02, 2.76746063e+02, 7.12566137e-01, 6.78390564e+02,
       3.23727661e+02, 7.76983917e-01, 5.56963379e+02, 3.66828888e+02,
       8.48849773e-01, 5.35338562e+02, 2.23827347e+02, 2.51401603e-01,
       5.29456482e+02, 1.76826248e+02, 2.91715026e-01, 3.64864319e+02,
       1.78808289e+02, 1.48363665e-01, 0., 0., 0., 5.39229370e+02,
       2.65005920e+02, 2.66658872e-01, 3.12003204e+02, 2.82637756e+02,
       1.57996550e-01, 1.27809128e+02, 3.04136505e+02, 4.15315747e-01,
       8.87987183e+02, 1.57211975e+02, 7.87783742e-01, 8.95851624e+02,
       1.92449799e+02, 7.90155411e-01, 8.66465454e+02, 1.35692688e+02,
       6.49671793e-01, 8.84004944e+02, 2.12121857e+02, 7.03357399e-01,
       1.04351105e+02, 3.19835480e+02, 6.60972893e-02, 1.00425964e+02,
       3.15905365e+02, 7.86116570e-02, 1.12166527e+02, 3.00216827e+02,
       2.62861699e-01, 0., 0., 0., 0., 0., 0., 0., 0., 0. ]
