%YAML:1.0
---
pose_0: !!opencv-matrix
   rows: 1
   cols: 25
   dt: "3f"
   data: [ 8.91879028e+02, 1.80727341e+02, 7.73692310e-01,
       7.88070068e+02, 2.12165405e+02, 7.13061690e-01, 7.66521973e+02,
       1.41566193e+02, 6.62618399e-01, 6.64567383e+02, 8.46438828e+01,
       7.51756907e-01, 6.05915955e+02, 8.48253708e+01, 8.09542894e-01,
       8.03724670e+02, 2.90517120e+02, 6.82214260e-01, 6.95950623e+02,
       3.53155426e+02, 7.54353404e-01, 5.72632996e+02, 4.02171112e+02,
       8.01178813e-01, 5.64724121e+02, 2.41498291e+02, 1.98334351e-01,
       5.52955505e+02, 1.96436905e+02, 2.38936111e-01, 3.70795197e+02,
       1.96398956e+02, 9.00821984e-02, 0., 0., 0., 5.70618652e+02,
       2.92424011e+02, 1.82137802e-01, 0., 0., 0., 0., 0., 0.,
       8.99743713e+02, 1.63155304e+02, 9.01711702e-01, 9.05612488e+02,
       1.98356689e+02, 8.11523139e-01, 8.70394165e+02, 1.49314224e+02,
       5.39619029e-01, 8.91939148e+02, 2.25865891e+02, 6.96102381e-01,
       0., 0., 0., 0., 0., 0., 0., 0., 0., 0., 0., 0., 0., 0., 0., 0.,
       0., 0. ]
