%YAML:1.0
---
pose_0: !!opencv-matrix
   rows: 1
   cols: 25
   dt: "3f"
   data: [ 9.01684082e+02, 2.12029755e+02, 7.76404679e-01,
       8.03745300e+02, 2.25809830e+02, 7.15989232e-01, 7.91969299e+02,
       1.45412552e+02, 7.09270358e-01, 6.80365173e+02, 9.25796738e+01,
       7.98031867e-01, 5.99947021e+02, 1.02356644e+02, 8.34219933e-01,
       8.17467468e+02, 3.04123901e+02, 6.91541910e-01, 7.29305542e+02,
       3.96264740e+02, 8.40065837e-01, 6.51018921e+02, 3.39421967e+02,
       7.90492773e-01, 5.54925537e+02, 2.59108368e+02, 2.41528869e-01,
       5.66684875e+02, 2.10098419e+02, 2.95974940e-01, 5.17691528e+02,
       1.76805634e+02, 3.51712227e-01, 1.55291824e+02, 2.88457184e+02,
       2.43624613e-01, 5.52980774e+02, 3.06117310e+02, 2.35298470e-01,
       3.64873901e+02, 2.88523560e+02, 2.73095191e-01, 1.63101868e+02,
       2.84542664e+02, 9.07983407e-02, 9.09560547e+02, 1.94367188e+02,
       7.82247186e-01, 9.15398010e+02, 2.25859344e+02, 8.16854000e-01,
       8.82083374e+02, 1.72878113e+02, 6.54120862e-01, 9.01726563e+02,
       2.45375702e+02, 4.18212414e-01, 0., 0., 0., 0., 0., 0., 0., 0.,
       0., 1.47400085e+02, 3.13927673e+02, 5.17895669e-02, 0., 0., 0.,
       1.35665894e+02, 2.78691559e+02, 1.89844981e-01 ]
