%YAML:1.0
---
pose_0: !!opencv-matrix
   rows: 1
   cols: 25
   dt: "3f"
   data: [ 1.00940625e+03, 2.66968628e+02, 3.34711403e-01,
       8.74258240e+02, 2.61058075e+02, 2.92992979e-01, 8.89945313e+02,
       1.84647568e+02, 1.72170550e-01, 9.66362061e+02, 1.47426315e+02,
       6.12707853e-01, 1.09955847e+03, 2.68867554e+02, 5.91167331e-01,
       8.58632263e+02, 3.35537079e+02, 4.31117147e-01, 8.46828735e+02,
       4.82453064e+02, 7.17254519e-01, 9.54575378e+02, 4.35399048e+02,
       7.71264136e-01, 8.05709473e+02, 2.92409760e+02, 5.13870940e-02,
       0., 0., 0., 0., 0., 0., 0., 0., 0., 0., 0., 0., 0., 0., 0., 0.,
       0., 0., 1.02907324e+03, 2.70838257e+02, 4.01649922e-01,
       1.02703650e+03, 2.84529480e+02, 3.80701303e-01, 1.02707385e+03,
       2.49347580e+02, 5.25146723e-02, 0., 0., 0., 0., 0., 0., 0., 0.,
       0., 0., 0., 0., 0., 0., 0., 0., 0., 0., 0., 0., 0. ]
