%YAML:1.0
---
pose_0: !!opencv-matrix
   rows: 1
   cols: 25
   dt: "3f"
   data: [ 8.76243225e+02, 1.43527420e+02, 5.83786607e-01,
       8.09593445e+02, 1.74820877e+02, 6.70770943e-01, 8.07640808e+02,
       9.84465408e+01, 4.64319348e-01, 8.74241577e+02, 1.61643887e+01,
       5.86005151e-01, 9.07560486e+02, 1.19982590e+02, 4.90675002e-01,
       8.21357849e+02, 2.29766830e+02, 5.60989439e-01, 9.25217102e+02,
       2.59040558e+02, 7.67917156e-01, 9.48662476e+02, 1.49378937e+02,
       6.56157613e-01, 5.72579163e+02, 2.35586166e+02, 1.05779424e-01,
       5.66697510e+02, 2.19921768e+02, 9.34309885e-02, 3.66866364e+02,
       2.29691147e+02, 1.32205486e-01, 0., 0., 0., 5.70601990e+02,
       2.47343491e+02, 1.07024454e-01, 3.45294952e+02, 2.33664368e+02,
       8.80325586e-02, 1.63069702e+02, 2.29739792e+02, 2.30394691e-01,
       8.86008301e+02, 1.45500885e+02, 2.18411803e-01, 8.86002075e+02,
       1.61128494e+02, 5.23779690e-01, 0., 0., 0., 8.86101685e+02,
       1.82680649e+02, 2.92959362e-01, 1.31741974e+02, 2.08108368e+02,
       1.14082366e-01, 1.31773666e+02, 2.10182449e+02, 1.14306077e-01,
       1.43483444e+02, 2.12111465e+02, 1.55878097e-01, 0., 0., 0., 0.,
       0., 0., 0., 0., 0. ]
