%YAML:1.0
---
pose_0: !!opencv-matrix
   rows: 1
   cols: 25
   dt: "3f"
   data: [ 8.70284424e+02, 1.10188950e+02, 8.03417325e-01,
       7.74274109e+02, 1.18092064e+02, 7.07764864e-01, 7.60735962e+02,
       3.96522598e+01, 7.35823274e-01, 6.66608765e+02, 5.34774303e+00,
       3.79208148e-01, 6.03862427e+02, 3.76583939e+01, 8.78607571e-01,
       7.74363770e+02, 2.00327499e+02, 6.95984960e-01, 6.56802002e+02,
       2.41381378e+02, 7.37452090e-01, 5.80385498e+02, 2.25791092e+02,
       8.13879132e-01, 5.02053467e+02, 1.18080688e+02, 3.13348323e-01,
       5.03969666e+02, 7.68976212e+01, 3.48342955e-01, 3.23780304e+02,
       9.64802017e+01, 1.99138805e-01, 1.39584702e+02, 1.14077271e+02,
       1.29894853e-01, 5.03995239e+02, 1.63143784e+02, 3.69883060e-01,
       3.27672150e+02, 1.67064117e+02, 2.15194553e-01, 0., 0., 0.,
       8.82032898e+02, 9.06042252e+01, 8.31237733e-01, 8.82100037e+02,
       1.27828125e+02, 7.42972732e-01, 8.56632935e+02, 7.10351181e+01,
       6.34741724e-01, 8.66439331e+02, 1.49314789e+02, 4.75843221e-01,
       0., 0., 0., 0., 0., 0., 0., 0., 0., 0., 0., 0., 0., 0., 0.,
       1.33666336e+02, 1.16118057e+02, 1.30620629e-01 ]
