%YAML:1.0
---
pose_0: !!opencv-matrix
   rows: 1
   cols: 25
   dt: "3f"
   data: [ 9.31052429e+02, 2.78729340e+02, 7.41902590e-01,
       8.36971619e+02, 3.06185913e+02, 6.37658834e-01, 8.25313721e+02,
       2.25728485e+02, 6.85037315e-01, 7.17547424e+02, 1.92488144e+02,
       7.03973174e-01, 6.52945435e+02, 1.92510788e+02, 8.00287724e-01,
       8.41000244e+02, 3.98130035e+02, 5.38477600e-01, 7.13580444e+02,
       4.47176208e+02, 8.24816525e-01, 8.27295654e+02, 3.74716217e+02,
       7.64856517e-01, 5.90189575e+02, 2.98290619e+02, 1.85006768e-01,
       5.98025330e+02, 2.55203003e+02, 2.42773101e-01, 5.25559753e+02,
       2.43384872e+02, 2.00958624e-01, 3.80580963e+02, 2.92467957e+02,
       6.63325936e-02, 5.88237854e+02, 3.51194611e+02, 9.47299600e-02,
       3.66837189e+02, 3.84541931e+02, 6.37388378e-02, 0., 0., 0.,
       9.40852356e+02, 2.59206360e+02, 7.71989882e-01, 9.46835754e+02,
       3.00245789e+02, 8.37330699e-01, 9.13479614e+02, 2.45373276e+02,
       2.67623782e-01, 9.46740479e+02, 3.33516815e+02, 4.07070130e-01,
       0., 0., 0., 0., 0., 0., 0., 0., 0., 0., 0., 0., 0., 0., 0., 0.,
       0., 0. ]
