%YAML:1.0
---
pose_0: !!opencv-matrix
   rows: 1
   cols: 25
   dt: "3f"
   data: [ 8.82110657e+02, 2.53222015e+02, 7.94459701e-01,
       7.84131348e+02, 2.66961060e+02, 6.45669878e-01, 7.74400146e+02,
       1.94424530e+02, 7.36483634e-01, 6.76417603e+02, 1.61077988e+02,
       7.12400317e-01, 6.19653748e+02, 1.45484238e+02, 8.70027840e-01,
       7.90083923e+02, 3.41414063e+02, 6.98796868e-01, 6.80329590e+02,
       3.96177429e+02, 8.45150948e-01, 6.92093628e+02, 2.92394196e+02,
       7.96101093e-01, 5.41259521e+02, 2.82594086e+02, 2.98785448e-01,
       5.43189087e+02, 2.35609085e+02, 3.08591038e-01, 3.37441040e+02,
       2.41427353e+02, 3.73569459e-01, 0., 0., 0., 5.41209167e+02,
       3.23747711e+02, 3.95755023e-01, 3.70760437e+02, 3.27674103e+02,
       3.21506947e-01, 1.74860947e+02, 3.45303070e+02, 4.64047551e-01,
       8.86067200e+02, 2.33646927e+02, 8.64509344e-01, 8.93879456e+02,
       2.68882690e+02, 7.67632067e-01, 8.64474426e+02, 2.14099548e+02,
       6.32825017e-01, 8.76263184e+02, 2.90374115e+02, 6.17586851e-01,
       1.19978233e+02, 3.82519562e+02, 4.13207501e-01, 1.31768814e+02,
       3.82551758e+02, 4.33222890e-01, 1.59158890e+02, 3.33493652e+02,
       2.32185751e-01, 0., 0., 0., 0., 0., 0., 0., 0., 0. ]
