%YAML:1.0
---
pose_0: !!opencv-matrix
   rows: 2
   cols: 25
   dt: "3f"
   data: [ 8.62525513e+02, 3.55111511e+02, 7.59356439e-01,
       7.86118347e+02, 3.15928711e+02, 4.64831710e-01, 7.91918579e+02,
       2.74842957e+02, 6.98640108e-01, 6.84266907e+02, 2.47360275e+02,
       7.30751574e-01, 6.35338684e+02, 4.00136078e+02, 4.12639171e-01,
       7.74354126e+02, 3.49214874e+02, 1.85156271e-01, 0., 0., 0., 0.,
       0., 0., 5.98019531e+02, 3.17868805e+02, 5.79800084e-02, 0., 0.,
       0., 0., 0., 0., 0., 0., 0., 0., 0., 0., 0., 0., 0., 0., 0., 0.,
       8.80146667e+02, 3.35462830e+02, 7.59057641e-01, 8.76248901e+02,
       3.68813293e+02, 7.76898861e-01, 8.58631836e+02, 2.96351898e+02,
       6.99823916e-01, 0., 0., 0., 0., 0., 0., 0., 0., 0., 0., 0., 0.,
       0., 0., 0., 0., 0., 0., 0., 0., 0., 0., 0., 0., 0., 0., 0., 0.,
       0., 0., 0., 0., 0., 0., 0., 0., 0., 0., 0., 0., 0., 0., 0., 0.,
       0., 5.11871460e+02, 3.17890747e+02, 3.05926174e-01,
       5.05971130e+02, 2.88468567e+02, 3.24327856e-01, 3.27687988e+02,
       3.96248901e+02, 5.85588992e-01, 1.16061211e+02, 3.51237518e+02,
       4.16393101e-01, 5.23589539e+02, 3.47243561e+02, 2.43285134e-01,
       4.27607819e+02, 3.96210602e+02, 1.16384551e-01, 0., 0., 0., 0.,
       0., 0., 0., 0., 0., 0., 0., 0., 0., 0., 0., 0., 0., 0., 0., 0.,
       0., 0., 0., 0., 5.14589233e+01, 3.19777344e+02, 1.79521382e-01,
       5.13995285e+01, 3.19796204e+02, 1.46299899e-01, 9.65041428e+01,
       3.53153351e+02, 2.30214104e-01 ]
