%YAML:1.0
---
pose_0: !!opencv-matrix
   rows: 1
   cols: 25
   dt: "3f"
   data: [ 9.15429321e+02, 2.74737579e+02, 8.36810172e-01,
       8.21346863e+02, 3.33570190e+02, 7.11237073e-01, 7.97895691e+02,
       2.74807434e+02, 6.13055944e-01, 7.05787781e+02, 2.74866852e+02,
       1.27862751e-01, 0., 0., 0., 8.35121277e+02, 3.88440216e+02,
       6.49303138e-01, 7.11659485e+02, 4.56955566e+02, 5.63670814e-01,
       5.72568726e+02, 3.98187836e+02, 8.48680258e-01, 5.39230408e+02,
       3.45306244e+02, 3.35159242e-01, 5.35309937e+02, 3.06129303e+02,
       4.58010912e-01, 3.57041412e+02, 2.78718262e+02, 3.90772581e-01,
       1.80737579e+02, 3.19889221e+02, 4.34115410e-01, 5.39220520e+02,
       3.84449738e+02, 3.01521659e-01, 3.49184357e+02, 4.23657349e+02,
       5.09782851e-01, 1.45493927e+02, 4.62842926e+02, 3.63723934e-01,
       9.29091675e+02, 2.64964874e+02, 7.01427162e-01, 9.31175110e+02,
       2.92436188e+02, 8.57687891e-01, 0., 0., 0., 9.17357422e+02,
       3.37487762e+02, 8.28709245e-01, 6.91296616e+01, 4.68727570e+02,
       2.11814150e-01, 8.27742996e+01, 4.78472839e+02, 2.31729344e-01,
       1.35713684e+02, 4.62848816e+02, 2.17781022e-01, 1.39609787e+02,
       3.33557129e+02, 1.50419235e-01, 1.41569092e+02, 3.21822449e+02,
       1.60746649e-01, 1.63069016e+02, 3.21847412e+02, 2.89276093e-01 ]
