%YAML:1.0
---
pose_0: !!opencv-matrix
   rows: 1
   cols: 25
   dt: "3f"
   data: [ 9.50635620e+02, 2.41399765e+02, 8.21498930e-01,
       8.40974792e+02, 2.57121033e+02, 6.60054684e-01, 8.37048706e+02,
       1.74819107e+02, 6.50278926e-01, 7.13616882e+02, 1.20077972e+02,
       7.81617403e-01, 6.01916809e+02, 1.33683609e+02, 7.82355845e-01,
       8.52684937e+02, 3.35448883e+02, 6.64744973e-01, 7.42962341e+02,
       3.82426239e+02, 6.69822872e-01, 6.17635376e+02, 3.68760284e+02,
       8.55033100e-01, 5.54924683e+02, 2.49303741e+02, 1.66580081e-01,
       5.43188843e+02, 2.06211151e+02, 1.86535686e-01, 3.59027679e+02,
       1.96392242e+02, 9.55634043e-02, 0., 0., 0., 5.47090332e+02,
       2.94377228e+02, 1.79339021e-01, 3.64904205e+02, 3.45293396e+02,
       1.44666642e-01, 1.57222153e+02, 4.17792664e+02, 5.88372760e-02,
       9.62358154e+02, 2.16024826e+02, 8.49365473e-01, 9.64422913e+02,
       2.55215942e+02, 8.45679998e-01, 9.31144592e+02, 1.96414825e+02,
       5.01013041e-01, 9.44806824e+02, 2.86558350e+02, 4.17813241e-01,
       0., 0., 0., 0., 0., 0., 0., 0., 0., 0., 0., 0., 0., 0., 0., 0.,
       0., 0. ]
