%YAML:1.0
---
pose_0: !!opencv-matrix
   rows: 1
   cols: 25
   dt: "3f"
   data: [ 9.13429565e+02, 4.13850647e+02, 8.66469502e-01,
       8.07691162e+02, 4.62851379e+02, 2.04988822e-01, 7.60659119e+02,
       4.17781403e+02, 1.18458256e-01, 0., 0., 0., 0., 0., 0.,
       8.50769958e+02, 4.90247101e+02, 3.69353294e-01, 8.82101685e+02,
       3.55106049e+02, 5.35583556e-01, 8.82047363e+02, 3.06130707e+02,
       1.49322152e-01, 5.86267456e+02, 4.74621368e+02, 1.63368583e-01,
       5.78454346e+02, 4.37393188e+02, 1.78017199e-01, 3.57054016e+02,
       3.66867249e+02, 1.47077680e-01, 1.80699738e+02, 3.39494720e+02,
       5.44566847e-02, 5.72539124e+02, 5.07910156e+02, 1.40040070e-01,
       3.59028778e+02, 3.66861328e+02, 2.52433300e-01, 1.82702820e+02,
       3.39417236e+02, 8.23014304e-02, 9.15392029e+02, 3.98107269e+02,
       8.76463771e-01, 9.27130188e+02, 4.27616058e+02, 8.14873457e-01,
       9.01646423e+02, 3.94255646e+02, 1.10203490e-01, 9.17327759e+02,
       4.60888885e+02, 5.46739519e-01, 0., 0., 0., 0., 0., 0.,
       1.78839920e+02, 3.37540985e+02, 7.55275488e-02, 0., 0., 0., 0.,
       0., 0., 0., 0., 0. ]
