%YAML:1.0
---
pose_0: !!opencv-matrix
   rows: 1
   cols: 25
   dt: "3f"
   data: [ 8.93887329e+02, 2.43492615e+02, 8.14280510e-01,
       8.03708801e+02, 2.27774765e+02, 6.95392787e-01, 8.11559631e+02,
       1.61133636e+02, 6.66595638e-01, 7.45006531e+02, 1.02309624e+02,
       8.28894377e-01, 7.62672241e+02, 2.27757538e+02, 8.15293849e-01,
       7.74347046e+02, 2.90517853e+02, 5.53186715e-01, 6.70529297e+02,
       3.08096222e+02, 4.76642221e-01, 0., 0., 0., 6.80352600e+02,
       2.29733383e+02, 1.07004307e-01, 6.52885254e+02, 1.98351547e+02,
       1.19137950e-01, 3.53166992e+02, 1.74864273e+02, 5.44535890e-02,
       0., 0., 0., 6.99943359e+02, 2.72832886e+02, 8.12201202e-02,
       6.64598572e+02, 3.06190491e+02, 1.83534995e-01, 5.39190613e+02,
       3.39431335e+02, 4.92178231e-01, 9.01646790e+02, 2.25804428e+02,
       9.11111951e-01, 9.09507629e+02, 2.57074768e+02, 7.72619128e-01,
       8.82067749e+02, 1.98434265e+02, 6.45157754e-01, 8.89940491e+02,
       2.72911102e+02, 1.74389988e-01, 0., 0., 0., 0., 0., 0.,
       5.23585571e+02, 3.37500641e+02, 2.94245929e-01, 0., 0., 0., 0.,
       0., 0., 0., 0., 0. ]
