%YAML:1.0
---
pose_0: !!opencv-matrix
   rows: 1
   cols: 25
   dt: "3f"
   data: [ 8.62478210e+02, 2.27705673e+02, 8.14821541e-01,
       7.58684387e+02, 2.47322830e+02, 7.41387248e-01, 7.52821899e+02,
       1.80740143e+02, 6.99997962e-01, 6.82368408e+02, 1.02352097e+02,
       7.85694540e-01, 0., 0., 0., 7.60648865e+02, 3.00247498e+02,
       5.73939800e-01, 6.66615723e+02, 3.23831726e+02, 7.56517649e-01,
       7.76402954e+02, 3.08105957e+02, 7.51486659e-01, 5.15732239e+02,
       2.33649689e+02, 2.24165916e-01, 5.21609497e+02, 1.96434280e+02,
       1.65901124e-01, 3.51189056e+02, 1.70960907e+02, 8.76643807e-02,
       0., 0., 0., 4.96152893e+02, 2.63039307e+02, 1.75148800e-01,
       3.49234283e+02, 2.68916168e+02, 2.02213049e-01, 1.78763458e+02,
       2.74764526e+02, 2.83225387e-01, 8.68339478e+02, 2.14059784e+02,
       8.39743137e-01, 8.70415466e+02, 2.43349503e+02, 7.97044635e-01,
       8.39024292e+02, 2.06237137e+02, 3.37789387e-01, 8.50749573e+02,
       2.72877014e+02, 7.16009319e-01, 1.14136757e+02, 2.82614532e+02,
       1.60710961e-01, 1.21984207e+02, 2.90506714e+02, 1.67311013e-01,
       1.55279144e+02, 2.66955597e+02, 1.04452215e-01, 0., 0., 0., 0.,
       0., 0., 0., 0., 0. ]
