%YAML:1.0
---
pose_0: !!opencv-matrix
   rows: 1
   cols: 25
   dt: "3f"
   data: [ 8.86089233e+02, 4.39325317e+02, 7.51746118e-01,
       7.92030457e+02, 4.27599609e+02, 6.49139762e-01, 7.93985046e+02,
       3.53145782e+02, 6.84139013e-01, 6.78383728e+02, 2.86553955e+02,
       8.14523220e-01, 5.92199829e+02, 3.29604858e+02, 7.32890308e-01,
       7.89950806e+02, 5.07890472e+02, 5.22800863e-01, 6.78367371e+02,
       5.66655701e+02, 7.30296552e-01, 7.88042480e+02, 5.45123352e+02,
       7.18791306e-01, 5.51004028e+02, 4.51101379e+02, 2.33374864e-01,
       5.51021301e+02, 4.06055817e+02, 3.15110475e-01, 3.41392792e+02,
       3.86444611e+02, 3.36400300e-01, 0., 0., 0., 5.43205078e+02,
       5.07868317e+02, 3.03756565e-01, 3.88433319e+02, 5.23552673e+02,
       2.88293600e-01, 0., 0., 0., 9.01698242e+02, 4.17787384e+02,
       8.36374640e-01, 9.03639404e+02, 4.58875336e+02, 7.80645549e-01,
       8.86032593e+02, 3.92340088e+02, 6.41428828e-01, 8.97764038e+02,
       4.78451721e+02, 7.23289251e-02, 0., 0., 0., 0., 0., 0., 0., 0.,
       0., 0., 0., 0., 0., 0., 0., 0., 0., 0. ]
