%YAML:1.0
---
pose_0: !!opencv-matrix
   rows: 1
   cols: 25
   dt: "3f"
   data: [ 1.02122345e+03, 3.39493744e+02, 7.20301330e-01,
       9.19334656e+02, 3.31573853e+02, 5.35255432e-01, 9.19359070e+02,
       2.47333237e+02, 4.92797226e-01, 8.84057495e+02, 1.80739929e+02,
       1.97624967e-01, 8.11567749e+02, 1.67022461e+02, 2.60128468e-01,
       9.15454712e+02, 4.13861176e+02, 3.39040965e-01, 8.97779968e+02,
       4.62829010e+02, 1.63184151e-01, 8.15503723e+02, 4.96163147e+02,
       4.07906741e-01, 0., 0., 0., 0., 0., 0., 0., 0., 0., 0., 0., 0.,
       0., 0., 0., 0., 0., 0., 0., 0., 0., 1.04267688e+03,
       3.08095673e+02, 8.07409108e-01, 1.04470166e+03, 3.62903076e+02,
       7.59706616e-01, 1.02702808e+03, 2.76724518e+02, 5.04863322e-01,
       0., 0., 0., 0., 0., 0., 0., 0., 0., 0., 0., 0., 0., 0., 0., 0.,
       0., 0., 0., 0., 0. ]
