%YAML:1.0
---
pose_0: !!opencv-matrix
   rows: 1
   cols: 25
   dt: "3f"
   data: [ 9.46729126e+02, 2.12097900e+02, 8.43950927e-01,
       8.42931580e+02, 2.21895599e+02, 6.46160066e-01, 8.42931458e+02,
       1.33744934e+02, 6.79557443e-01, 7.44969849e+02, 5.34196587e+01,
       8.35277498e-01, 6.37224121e+02, 7.30666504e+01, 7.54686236e-01,
       8.50696594e+02, 3.06083099e+02, 6.43067539e-01, 7.29342468e+02,
       3.68920502e+02, 7.80837178e-01, 6.13713928e+02, 3.92344757e+02,
       7.65418053e-01, 6.00002625e+02, 2.49318253e+02, 1.79285541e-01,
       5.98021118e+02, 2.02291031e+02, 1.66070625e-01, 3.53165161e+02,
       3.37461090e+02, 1.46354109e-01, 1.65045792e+02, 3.84461365e+02,
       1.86317161e-01, 5.94106018e+02, 3.00261505e+02, 1.76761374e-01,
       3.51163452e+02, 3.43334869e+02, 1.57294244e-01, 1.72912735e+02,
       3.84464874e+02, 2.43595988e-01, 9.54631409e+02, 1.88565414e+02,
       7.80195177e-01, 9.60500671e+02, 2.27696472e+02, 8.58767211e-01,
       9.31057800e+02, 1.65039825e+02, 6.05122149e-01, 9.44801758e+02,
       2.51239960e+02, 2.79869378e-01, 9.25694580e+01, 3.78632568e+02,
       6.54108375e-02, 0., 0., 0., 1.49412613e+02, 4.00164703e+02,
       9.49737281e-02, 1.00405571e+02, 3.82567688e+02, 7.52207190e-02,
       9.84275436e+01, 3.82557281e+02, 5.13138995e-02, 0., 0., 0. ]
