%YAML:1.0
---
pose_0: !!opencv-matrix
   rows: 1
   cols: 25
   dt: "3f"
   data: [ 0., 0., 0., 8.68458130e+02, 1.35656418e+02, 6.88130617e-01,
       9.03658264e+02, 2.12044785e+02, 5.85629165e-01, 7.43055298e+02,
       3.33540222e+02, 7.26308227e-01, 5.88265137e+02, 3.98249908e+02,
       5.92351675e-01, 8.35063599e+02, 5.73127136e+01, 5.00731528e-01,
       6.84245850e+02, 6.12439919e+01, 1.98050573e-01, 5.86284302e+02,
       4.16797409e+01, 2.47830763e-01, 6.07838562e+02, 1.90544159e+02,
       6.97951540e-02, 0., 0., 0., 0., 0., 0., 0., 0., 0.,
       6.03919067e+02, 1.51351822e+02, 6.12264127e-02, 0., 0., 0., 0.,
       0., 0., 0., 0., 0., 0., 0., 0., 9.87909607e+02, 1.33769943e+02,
       4.72027719e-01, 9.23264893e+02, 6.89954681e+01, 2.02724516e-01,
       0., 0., 0., 0., 0., 0., 0., 0., 0., 0., 0., 0., 0., 0., 0., 0.,
       0., 0. ]
