%YAML:1.0
---
pose_0: !!opencv-matrix
   rows: 1
   cols: 25
   dt: "3f"
   data: [ 9.44722778e+02, 1.68975845e+02, 7.76203096e-01,
       8.23348328e+02, 1.57198807e+02, 6.56933725e-01, 8.36968384e+02,
       7.69346695e+01, 6.99790001e-01, 7.42984619e+02, 8.86407547e+01,
       7.32351780e-01, 6.82254272e+02, 2.43443039e+02, 6.71405673e-01,
       8.05720215e+02, 2.23814377e+02, 6.39500618e-01, 7.05796021e+02,
       2.72750854e+02, 6.51740670e-01, 6.17577148e+02, 3.15928040e+02,
       7.34198213e-01, 0., 0., 0., 0., 0., 0., 0., 0., 0., 0., 0., 0.,
       0., 0., 0., 0., 0., 0., 0., 0., 0., 9.50640625e+02,
       1.45444870e+02, 8.75398874e-01, 9.54627380e+02, 1.78800308e+02,
       8.24849725e-01, 9.25228210e+02, 1.04351677e+02, 7.06787586e-01,
       0., 0., 0., 0., 0., 0., 0., 0., 0., 0., 0., 0., 0., 0., 0., 0.,
       0., 0., 0., 0., 0. ]
