%YAML:1.0
---
pose_0: !!opencv-matrix
   rows: 1
   cols: 25
   dt: "3f"
   data: [ 1.01336554e+03, 2.55145935e+02, 6.78892851e-01,
       8.74260437e+02, 2.33646454e+02, 1.59681231e-01, 8.56647400e+02,
       1.45454849e+02, 1.30530253e-01, 7.44920959e+02, 6.51293793e+01,
       1.51719719e-01, 7.52809265e+02, 1.39596466e+02, 5.65147884e-02,
       8.70333618e+02, 3.25707855e+02, 3.07184219e-01, 7.29298401e+02,
       4.62789795e+02, 6.49173379e-01, 8.17429443e+02, 3.98253845e+02,
       3.77817124e-01, 0., 0., 0., 0., 0., 0., 0., 0., 0., 0., 0., 0.,
       0., 0., 0., 0., 0., 0., 0., 0., 0., 1.02906641e+03,
       2.25836853e+02, 7.47255445e-01, 1.02704041e+03, 2.74787262e+02,
       6.96338713e-01, 9.89845215e+02, 1.76797516e+02, 1.86485887e-01,
       9.93754333e+02, 3.02229919e+02, 1.20360993e-01, 0., 0., 0., 0.,
       0., 0., 0., 0., 0., 0., 0., 0., 0., 0., 0., 0., 0., 0. ]
