%YAML:1.0
---
pose_0: !!opencv-matrix
   rows: 1
   cols: 25
   dt: "3f"
   data: [ 1.04075952e+03, 2.25755753e+02, 8.17400098e-01,
       8.97792969e+02, 2.16028595e+02, 4.88664001e-01, 8.82108582e+02,
       1.23932892e+02, 5.87117672e-01, 7.45014954e+02, 8.66289139e+01,
       6.82956278e-01, 6.64605408e+02, 1.02351921e+02, 7.93636560e-01,
       9.17419128e+02, 3.21775604e+02, 3.66000444e-01, 7.70458801e+02,
       3.92356903e+02, 7.54401565e-01, 8.48767273e+02, 3.17839600e+02,
       7.52578974e-01, 5.98042114e+02, 2.37559814e+02, 6.81409016e-02,
       5.76485168e+02, 2.00315018e+02, 6.05664589e-02, 0., 0., 0., 0.,
       0., 0., 6.31342529e+02, 3.04141327e+02, 6.21638373e-02, 0., 0.,
       0., 0., 0., 0., 1.04863635e+03, 1.96480087e+02, 8.07004213e-01,
       1.05060815e+03, 2.41519821e+02, 6.44261718e-01, 1.00949451e+03,
       1.59179443e+02, 3.52019489e-01, 1.02714722e+03, 2.72773376e+02,
       5.39375246e-02, 0., 0., 0., 0., 0., 0., 0., 0., 0., 0., 0., 0.,
       0., 0., 0., 0., 0., 0. ]
