%YAML:1.0
---
pose_0: !!opencv-matrix
   rows: 2
   cols: 25
   dt: "3f"
   data: [ 9.17340027e+02, 1.96335602e+02, 7.89733112e-01,
       8.54756042e+02, 2.59078522e+02, 4.85507339e-01, 8.48793274e+02,
       2.41450058e+02, 2.00219929e-01, 6.86204041e+02, 2.39491623e+02,
       3.25249672e-01, 7.58673157e+02, 1.47390015e+02, 7.47650266e-01,
       8.70388672e+02, 2.82589996e+02, 5.58470488e-01, 7.89986450e+02,
       2.25740799e+02, 4.85660195e-01, 8.23286560e+02, 1.49358521e+02,
       7.18152642e-01, 6.25455261e+02, 3.04147400e+02, 6.78608418e-02,
       0., 0., 0., 0., 0., 0., 0., 0., 0., 0., 0., 0., 0., 0., 0., 0.,
       0., 0., 9.34974976e+02, 1.94430908e+02, 3.09912205e-01,
       9.42859924e+02, 2.10151764e+02, 8.30824494e-01, 0., 0., 0.,
       9.33090698e+02, 2.70875580e+02, 8.25462520e-01, 0., 0., 0., 0.,
       0., 0., 0., 0., 0., 0., 0., 0., 0., 0., 0., 0., 0., 0., 0., 0.,
       0., 0., 0., 0., 0., 0., 0., 0., 0., 0., 0., 0., 0., 0., 0., 0.,
       0., 0., 0., 0., 0., 0., 5.62759888e+02, 3.19825775e+02,
       1.18385687e-01, 5.68643921e+02, 2.88485413e+02, 1.01972789e-01,
       3.06118317e+02, 3.19832397e+02, 2.21945480e-01, 8.66700745e+01,
       3.80532990e+02, 8.25610980e-02, 5.58863525e+02, 3.53147156e+02,
       1.07915640e-01, 2.98306458e+02, 3.31595825e+02, 3.02707434e-01,
       8.28039703e+01, 3.84444550e+02, 3.13877553e-01, 0., 0., 0., 0.,
       0., 0., 0., 0., 0., 0., 0., 0., 4.16336937e+01, 4.02139923e+02,
       7.67082646e-02, 5.14463348e+01, 4.11934692e+02, 1.03711031e-01,
       5.73208618e+01, 3.90343842e+02, 2.04836905e-01, 0., 0., 0., 0.,
       0., 0., 0., 0., 0. ]
