%YAML:1.0
---
pose_0: !!opencv-matrix
   rows: 1
   cols: 25
   dt: "3f"
   data: [ 8.37006470e+02, 1.00423973e+02, 2.41623297e-01,
       7.76348633e+02, 1.21942909e+02, 4.77082312e-01, 7.93988892e+02,
       6.31908302e+01, 3.33200097e-01, 0., 0., 0., 0., 0., 0.,
       7.64571838e+02, 1.72903503e+02, 4.27680433e-01, 8.46863403e+02,
       1.80682541e+02, 7.51623571e-01, 8.64455383e+02, 6.51125412e+01,
       6.40226960e-01, 6.03894348e+02, 1.04337296e+02, 1.35085732e-01,
       6.00010437e+02, 6.90632553e+01, 1.94100708e-01, 0., 0., 0., 0.,
       0., 0., 5.86285889e+02, 1.59193192e+02, 1.14851497e-01,
       3.49212860e+02, 1.78806503e+02, 1.20115459e-01, 0., 0., 0.,
       8.40997742e+02, 8.66568909e+01, 1.52848735e-01, 8.44899963e+02,
       1.14099731e+02, 1.61355346e-01, 0., 0., 0., 8.35046997e+02,
       1.33658646e+02, 6.54817149e-02, 0., 0., 0., 0., 0., 0., 0., 0.,
       0., 0., 0., 0., 0., 0., 0., 0., 0., 0. ]
