%YAML:1.0
---
pose_0: !!opencv-matrix
   rows: 1
   cols: 25
   dt: "3f"
   data: [ 9.25206238e+02, 1.78779617e+02, 7.83190727e-01,
       8.35028076e+02, 2.59063232e+02, 7.29703546e-01, 8.05757263e+02,
       2.14091751e+02, 5.65296590e-01, 6.99892761e+02, 2.21864227e+02,
       4.55871522e-01, 6.17594971e+02, 1.92527084e+02, 7.96660066e-01,
       8.52742126e+02, 3.04210052e+02, 6.30670011e-01, 7.33219360e+02,
       3.68840118e+02, 7.05929518e-01, 5.56922729e+02, 3.35520355e+02,
       7.96165287e-01, 5.41231567e+02, 2.78688446e+02, 2.20403627e-01,
       5.29460510e+02, 2.43480591e+02, 2.47928604e-01, 3.45278076e+02,
       2.10152649e+02, 2.51915246e-01, 0., 0., 0., 5.21625183e+02,
       3.04161469e+02, 1.09779343e-01, 2.53202713e+02, 3.37419312e+02,
       2.96915919e-01, 8.66753616e+01, 3.78637207e+02, 4.30277199e-01,
       9.40858093e+02, 1.70941757e+02, 4.45395947e-01, 9.46833313e+02,
       1.96351532e+02, 8.51544678e-01, 0., 0., 0., 9.42803955e+02,
       2.55185364e+02, 7.95350313e-01, 4.94814072e+01, 4.00212799e+02,
       3.04600030e-01, 5.73101921e+01, 4.02193115e+02, 3.39918435e-01,
       6.71130066e+01, 3.80588318e+02, 3.00205886e-01, 0., 0., 0., 0.,
       0., 0., 0., 0., 0. ]
