%YAML:1.0
---
pose_0: !!opencv-matrix
   rows: 1
   cols: 25
   dt: "3f"
   data: [ 9.29047180e+02, 3.66890625e+02, 8.06496203e-01,
       8.07763733e+02, 3.84552002e+02, 7.14984894e-01, 7.97861877e+02,
       3.17831848e+02, 6.83381021e-01, 6.66622009e+02, 3.04093872e+02,
       7.41201282e-01, 5.56901428e+02, 3.02168488e+02, 6.02157712e-01,
       8.23260925e+02, 4.62913544e+02, 6.40409529e-01, 6.95914429e+02,
       5.21661926e+02, 7.71433353e-01, 6.35241394e+02, 4.45260498e+02,
       7.94304252e-01, 5.62761230e+02, 4.06044830e+02, 2.28166744e-01,
       5.60811523e+02, 3.66799591e+02, 3.20464879e-01, 3.55080780e+02,
       3.51156525e+02, 4.76588339e-01, 2.10172653e+02, 4.25625946e+02,
       4.20298934e-01, 5.70605347e+02, 4.58946564e+02, 1.77239269e-01,
       3.88426178e+02, 4.78568909e+02, 1.98749050e-01, 0., 0., 0.,
       9.33061279e+02, 3.51132446e+02, 9.12695408e-01, 9.42837891e+02,
       3.82587006e+02, 8.36390615e-01, 9.13428833e+02, 3.33499115e+02,
       5.32440186e-01, 9.21286743e+02, 4.11882263e+02, 4.13506716e-01,
       0., 0., 0., 0., 0., 0., 0., 0., 0., 1.72910889e+02,
       3.82522491e+02, 2.17601582e-01, 1.78746979e+02, 3.84491364e+02,
       1.71095118e-01, 2.00330078e+02, 4.51110748e+02, 2.74038315e-01 ]
