%YAML:1.0
---
pose_0: !!opencv-matrix
   rows: 1
   cols: 25
   dt: "3f"
   data: [ 8.87963074e+02, 2.41549454e+02, 7.73996592e-01,
       8.35030457e+02, 3.21769958e+02, 5.35897672e-01, 0., 0., 0., 0.,
       0., 0., 0., 0., 0., 8.37100891e+02, 3.23738922e+02,
       4.73969579e-01, 7.11657166e+02, 2.47324005e+02, 6.46858394e-01,
       8.29234070e+02, 1.86595413e+02, 5.20469069e-01, 5.62767883e+02,
       3.31597534e+02, 1.44239679e-01, 5.56882874e+02, 3.41376221e+02,
       1.09322369e-01, 3.25709015e+02, 3.11992920e+02, 1.59156948e-01,
       0., 0., 0., 5.68644409e+02, 3.08103760e+02, 1.25859782e-01,
       3.21792725e+02, 3.15902771e+02, 1.39295906e-01, 7.68941193e+01,
       4.09943298e+02, 1.39939636e-01, 9.03656799e+02, 2.39546936e+02,
       1.15773194e-01, 9.09527588e+02, 2.55136963e+02, 7.92648196e-01,
       0., 0., 0., 9.09562317e+02, 3.08133118e+02, 7.83082664e-01,
       5.34201622e+01, 4.45239136e+02, 1.40916705e-01, 5.73267365e+01,
       4.47126099e+02, 1.42912090e-01, 0., 0., 0., 0., 0., 0., 0., 0.,
       0., 0., 0., 0. ]
