%YAML:1.0
---
pose_0: !!opencv-matrix
   rows: 1
   cols: 25
   dt: "3f"
   data: [ 8.38999512e+02, 2.78690765e+02, 8.15692365e-01,
       7.58729431e+02, 2.92448578e+02, 7.17887819e-01, 7.58707703e+02,
       2.27750137e+02, 7.26197541e-01, 7.64560913e+02, 1.47373901e+02,
       7.97502339e-01, 8.52741882e+02, 2.23812103e+02, 7.90884614e-01,
       7.58686890e+02, 3.59045135e+02, 5.94295919e-01, 7.56721008e+02,
       4.43262909e+02, 8.07997167e-01, 8.40968811e+02, 3.57068817e+02,
       7.19007373e-01, 5.23565063e+02, 2.90433685e+02, 3.78327727e-01,
       5.25544800e+02, 2.49282837e+02, 4.36946005e-01, 3.80585999e+02,
       2.27705948e+02, 2.70963550e-01, 2.10107635e+02, 2.10057709e+02,
       3.46757293e-01, 5.23579102e+02, 3.35485748e+02, 4.49970424e-01,
       3.33528046e+02, 3.37451538e+02, 3.67436558e-01, 1.70940323e+02,
       3.41399109e+02, 4.50734884e-01, 8.50717468e+02, 2.63000488e+02,
       8.03518176e-01, 8.56675964e+02, 2.90552124e+02, 7.91681170e-01,
       8.33117249e+02, 2.45402878e+02, 5.35629988e-01, 8.52651306e+02,
       3.13925842e+02, 5.42234182e-01, 1.14114563e+02, 3.55085571e+02,
       3.10701370e-01, 1.23938126e+02, 3.64870239e+02, 3.64711046e-01,
       1.53294418e+02, 3.35481689e+02, 1.54990286e-01, 1.90518692e+02,
       1.70971848e+02, 1.28575504e-01, 0., 0., 0., 2.06196121e+02,
       2.10087646e+02, 2.20883593e-01 ]
