%YAML:1.0
---
pose_0: !!opencv-matrix
   rows: 1
   cols: 25
   dt: "3f"
   data: [ 1.16812244e+03, 3.08097839e+02, 2.31064990e-01,
       1.08390210e+03, 2.49321777e+02, 6.21769577e-02, 1.01337476e+03,
       2.61084625e+02, 1.70947477e-01, 9.80051758e+02, 5.17696716e+02,
       6.92269266e-01, 1.14268066e+03, 4.60906891e+02, 7.47763276e-01,
       0., 0., 0., 0., 0., 0., 0., 0., 0., 0., 0., 0., 0., 0., 0., 0.,
       0., 0., 0., 0., 0., 0., 0., 0., 0., 0., 0., 0., 0., 0.,
       1.18189795e+03, 2.88534332e+02, 2.53921300e-01, 0., 0., 0.,
       1.19744641e+03, 1.94394089e+02, 4.05891716e-01, 0., 0., 0., 0.,
       0., 0., 0., 0., 0., 0., 0., 0., 0., 0., 0., 0., 0., 0., 0., 0.,
       0. ]
