%YAML:1.0
---
pose_0: !!opencv-matrix
   rows: 1
   cols: 25
   dt: "3f"
   data: [ 9.89883789e+02, 4.00164032e+02, 7.65874803e-01,
       8.54757324e+02, 4.00206665e+02, 6.95908725e-01, 8.46811462e+02,
       3.11990417e+02, 6.26760960e-01, 7.29343872e+02, 2.57205475e+02,
       8.17649484e-01, 6.45026489e+02, 3.04224152e+02, 7.65905142e-01,
       8.66398315e+02, 4.86386536e+02, 5.93834400e-01, 7.13657837e+02,
       5.52914856e+02, 6.46146595e-01, 6.00010620e+02, 5.88287048e+02,
       7.08824217e-01, 5.86285583e+02, 4.39353729e+02, 1.01689532e-01,
       5.90191101e+02, 3.76640625e+02, 1.40044928e-01, 3.66817352e+02,
       3.96252747e+02, 1.13725722e-01, 0., 0., 0., 5.82368469e+02,
       5.05937225e+02, 9.94478911e-02, 0., 0., 0., 0., 0., 0.,
       9.95704468e+02, 3.74682495e+02, 8.62455726e-01, 1.00554327e+03,
       4.13813202e+02, 7.13307381e-01, 9.64398438e+02, 3.47223022e+02,
       5.18093169e-01, 9.95802429e+02, 4.31463806e+02, 5.29939346e-02,
       0., 0., 0., 0., 0., 0., 0., 0., 0., 0., 0., 0., 0., 0., 0., 0.,
       0., 0. ]
