%YAML:1.0
---
pose_0: !!opencv-matrix
   rows: 1
   cols: 25
   dt: "3f"
   data: [ 9.50722595e+02, 2.61022339e+02, 7.79756665e-01,
       8.37001404e+02, 2.63021942e+02, 6.18521631e-01, 8.33111328e+02,
       1.76826187e+02, 6.50206745e-01, 6.95984375e+02, 1.12144829e+02,
       7.92266726e-01, 6.66697693e+02, 1.65058105e+02, 8.50823998e-01,
       8.37097595e+02, 3.57079987e+02, 5.62830269e-01, 7.13671265e+02,
       4.60887299e+02, 7.84704447e-01, 7.60662415e+02, 3.45332397e+02,
       7.85344422e-01, 6.01977234e+02, 2.68903595e+02, 2.74186373e-01,
       5.99992188e+02, 2.23837494e+02, 3.13212842e-01, 3.47247009e+02,
       2.51257355e+02, 4.74201322e-01, 1.29795151e+02, 2.57089600e+02,
       2.25702584e-01, 6.09801758e+02, 3.13950989e+02, 2.47099936e-01,
       4.60881927e+02, 3.49193726e+02, 1.65795356e-01, 0., 0., 0.,
       9.60460144e+02, 2.33668655e+02, 7.95020401e-01, 9.72225464e+02,
       2.74702148e+02, 8.43515694e-01, 9.29100037e+02, 2.12113297e+02,
       7.31027246e-01, 9.62474609e+02, 2.98258881e+02, 1.11130759e-01,
       0., 0., 0., 0., 0., 0., 0., 0., 0., 8.47153397e+01,
       2.25782791e+02, 1.35639504e-01, 8.66791382e+01, 2.25746399e+02,
       1.29108071e-01, 1.08242981e+02, 2.57143036e+02, 2.12220773e-01 ]
