%YAML:1.0
---
pose_0: !!opencv-matrix
   rows: 1
   cols: 25
   dt: "3f"
   data: [ 9.80125854e+02, 3.33508972e+02, 7.89125085e-01,
       8.60533813e+02, 2.94405548e+02, 5.86853981e-01, 8.39001282e+02,
       2.10088699e+02, 6.12322092e-01, 7.09698547e+02, 1.74842621e+02,
       6.77715421e-01, 5.88181824e+02, 1.49496445e+02, 7.88418710e-01,
       8.76244812e+02, 3.68810059e+02, 5.25974452e-01, 9.82033936e+02,
       3.92300690e+02, 7.33789682e-01, 1.05639099e+03, 3.08069641e+02,
       6.32191002e-01, 5.72567810e+02, 3.06126404e+02, 2.49241427e-01,
       5.68626221e+02, 2.57185181e+02, 3.10287386e-01, 3.64910278e+02,
       2.49304230e+02, 1.75198063e-01, 1.53297348e+02, 2.72845642e+02,
       7.08752051e-02, 5.86239136e+02, 3.53143768e+02, 2.73032635e-01,
       4.58937622e+02, 4.00164886e+02, 5.70347533e-02, 1.65059799e+02,
       3.84436401e+02, 6.61900192e-02, 9.93871338e+02, 3.04150330e+02,
       8.83383751e-01, 9.97770752e+02, 3.35513733e+02, 4.21886861e-01,
       9.68315430e+02, 2.55212662e+02, 8.04443657e-01, 0., 0., 0., 0.,
       0., 0., 0., 0., 0., 0., 0., 0., 0., 0., 0., 0., 0., 0., 0., 0.,
       0. ]
