%YAML:1.0
---
pose_0: !!opencv-matrix
   rows: 1
   cols: 25
   dt: "3f"
   data: [ 9.97688660e+02, 1.98435410e+02, 7.84331381e-01,
       8.80114075e+02, 2.41476013e+02, 3.16623271e-01, 8.46823914e+02,
       1.61168915e+02, 2.60544360e-01, 0., 0., 0., 0., 0., 0.,
       8.95784973e+02, 3.21802460e+02, 3.67002994e-01, 7.89944275e+02,
       4.47246185e+02, 7.50360131e-01, 8.66456787e+02, 3.06161499e+02,
       6.62398279e-01, 6.15655579e+02, 2.88490631e+02, 5.71850687e-02,
       0., 0., 0., 0., 0., 0., 0., 0., 0., 6.43087708e+02,
       3.23779205e+02, 7.46040344e-02, 5.49067322e+02, 3.64853912e+02,
       5.72212040e-02, 0., 0., 0., 1.00747583e+03, 1.78766464e+02,
       8.25700045e-01, 1.01731726e+03, 2.17951202e+02, 7.77457058e-01,
       9.76127686e+02, 1.57213135e+02, 3.56846899e-01, 1.02312354e+03,
       2.47328293e+02, 3.38931322e-01, 0., 0., 0., 0., 0., 0., 0., 0.,
       0., 0., 0., 0., 0., 0., 0., 0., 0., 0. ]
