%YAML:1.0
---
pose_0: !!opencv-matrix
   rows: 1
   cols: 25
   dt: "3f"
   data: [ 9.40840698e+02, 3.02208008e+02, 6.82151020e-01,
       8.35023071e+02, 2.98260590e+02, 6.43471181e-01, 8.23406433e+02,
       2.10178818e+02, 7.08920002e-01, 6.97964661e+02, 1.72885925e+02,
       7.99663544e-01, 6.50890381e+02, 2.25817383e+02, 8.42760086e-01,
       8.38959229e+02, 3.84523804e+02, 5.02996147e-01, 7.46923035e+02,
       4.45115051e+02, 8.36995065e-01, 8.54634277e+02, 3.43382202e+02,
       7.87471831e-01, 5.80406738e+02, 3.02210114e+02, 2.30403543e-01,
       5.86274475e+02, 2.59075684e+02, 3.49369258e-01, 3.86446899e+02,
       2.57159210e+02, 3.39138150e-01, 1.86593155e+02, 2.74804108e+02,
       4.62869644e-01, 5.58868958e+02, 3.55126282e+02, 2.87140638e-01,
       3.51184692e+02, 3.68809814e+02, 2.30095565e-01, 0., 0., 0.,
       9.52607788e+02, 2.84518890e+02, 8.28647077e-01, 9.48782043e+02,
       3.19903198e+02, 7.63338447e-01, 9.25202148e+02, 2.57107208e+02,
       6.02664232e-01, 9.31066101e+02, 3.41392639e+02, 3.05875659e-01,
       0., 0., 0., 0., 0., 0., 0., 0., 0., 1.33709991e+02,
       2.47342667e+02, 1.22473784e-01, 1.39586853e+02, 2.45394989e+02,
       1.15908526e-01, 1.74872940e+02, 2.82634583e+02, 2.66885132e-01 ]
