%YAML:1.0
---
pose_0: !!opencv-matrix
   rows: 1
   cols: 25
   dt: "3f"
   data: [ 8.66393372e+02, 1.80809967e+02, 7.69538999e-01,
       7.72424072e+02, 1.84697601e+02, 6.45856917e-01, 7.62586548e+02,
       1.04397812e+02, 7.07282066e-01, 6.50979797e+02, 7.68998184e+01,
       7.69914627e-01, 6.05898010e+02, 1.02350853e+02, 8.11479807e-01,
       7.74277893e+02, 2.68923798e+02, 6.46880507e-01, 6.64698730e+02,
       3.13974213e+02, 7.65505850e-01, 5.70589478e+02, 3.33571472e+02,
       8.24901104e-01, 5.25507202e+02, 2.08165817e+02, 3.20750803e-01,
       5.27484375e+02, 1.63094406e+02, 3.70777398e-01, 3.90364716e+02,
       1.65029785e+02, 1.31570086e-01, 3.37460175e+02, 1.68993530e+02,
       3.11158091e-01, 5.27483276e+02, 2.53212418e+02, 3.38178068e-01,
       3.64900818e+02, 2.82624847e+02, 2.31144026e-01, 1.49386688e+02,
       3.25722443e+02, 2.66290009e-01, 8.78223816e+02, 1.63077301e+02,
       7.67931461e-01, 8.80146118e+02, 1.96477310e+02, 8.29634964e-01,
       8.64489197e+02, 1.37639404e+02, 4.96060729e-01, 8.62520264e+02,
       2.14115585e+02, 2.48951703e-01, 1.02329025e+02, 3.70766907e+02,
       1.83629721e-01, 1.08274712e+02, 3.70813324e+02, 1.97103500e-01,
       1.21995010e+02, 3.13954681e+02, 2.04337806e-01, 2.88441803e+02,
       1.65033569e+02, 5.95193841e-02, 2.88520081e+02, 1.59224594e+02,
       5.07783853e-02, 3.33540833e+02, 1.78827148e+02, 1.86829269e-01 ]
