%YAML:1.0
---
pose_0: !!opencv-matrix
   rows: 1
   cols: 25
   dt: "3f"
   data: [ 9.19369629e+02, 1.78796478e+02, 8.03642869e-01,
       8.01757141e+02, 1.80683456e+02, 6.49958670e-01, 7.93997131e+02,
       9.25562439e+01, 6.50612116e-01, 6.62705200e+02, 6.71219788e+01,
       6.24405026e-01, 5.47113159e+02, 7.88675156e+01, 6.68354750e-01,
       8.03726624e+02, 2.68861786e+02, 6.55684352e-01, 6.84297180e+02,
       3.04131958e+02, 7.75301933e-01, 5.52960266e+02, 3.08107483e+02,
       7.80043125e-01, 5.25541382e+02, 1.94470108e+02, 1.62163630e-01,
       5.21605286e+02, 1.49420609e+02, 1.85652375e-01, 3.57066498e+02,
       1.80707291e+02, 5.58549948e-02, 0., 0., 0., 5.33377563e+02,
       2.47347870e+02, 1.20663382e-01, 3.82515991e+02, 3.00212463e+02,
       6.52721226e-02, 0., 0., 0., 9.31166382e+02, 1.51405899e+02,
       8.76296639e-01, 9.35018860e+02, 1.92484253e+02, 8.03986371e-01,
       9.05621399e+02, 1.31764023e+02, 5.51621079e-01, 9.19307068e+02,
       2.10075912e+02, 1.87818527e-01, 0., 0., 0., 0., 0., 0., 0., 0.,
       0., 0., 0., 0., 0., 0., 0., 0., 0., 0. ]
