%YAML:1.0
---
pose_0: !!opencv-matrix
   rows: 1
   cols: 25
   dt: "3f"
   data: [ 9.80061157e+02, 2.10175568e+02, 7.42930651e-01,
       8.56641541e+02, 2.27745804e+02, 5.75327814e-01, 8.50753967e+02,
       1.39627777e+02, 5.93707144e-01, 6.97954346e+02, 9.06154709e+01,
       5.34037888e-01, 5.78448059e+02, 8.27917099e+01, 7.75088429e-01,
       8.70430359e+02, 3.21746307e+02, 6.20561957e-01, 7.62649353e+02,
       3.66790436e+02, 7.29214787e-01, 6.60744751e+02, 3.06067657e+02,
       7.02704072e-01, 6.50921631e+02, 2.59105621e+02, 1.36448964e-01,
       6.35284668e+02, 2.25797348e+02, 9.91765708e-02, 7.05763245e+02,
       1.65052475e+02, 4.86190349e-01, 6.03936890e+02, 2.72804565e+02,
       1.42514527e-01, 6.76397705e+02, 2.86535522e+02, 1.18704066e-01,
       7.01892151e+02, 1.65042725e+02, 1.88308939e-01, 0., 0., 0.,
       9.89846497e+02, 1.84687683e+02, 6.99319959e-01, 9.95779907e+02,
       2.27791397e+02, 7.84598410e-01, 9.54584595e+02, 1.63087296e+02,
       3.46878737e-01, 9.74202820e+02, 2.59058563e+02, 1.94262818e-01,
       0., 0., 0., 0., 0., 0., 0., 0., 0., 0., 0., 0., 0., 0., 0., 0.,
       0., 0. ]
