%YAML:1.0
---
pose_0: !!opencv-matrix
   rows: 1
   cols: 25
   dt: "3f"
   data: [ 1.10539893e+03, 1.57255096e+02, 4.50048864e-01,
       9.44775024e+02, 2.17933258e+02, 5.64014733e-01, 9.70301147e+02,
       2.90410400e+02, 5.23430169e-01, 1.08196130e+03, 4.17849884e+02,
       6.99294269e-01, 1.17984351e+03, 2.63048248e+02, 6.98964238e-01,
       9.09555115e+02, 1.33698166e+02, 2.29729921e-01, 9.21315125e+02,
       4.36271286e+01, 2.09133729e-01, 0., 0., 0., 7.58669250e+02,
       2.47350494e+02, 5.01834713e-02, 0., 0., 0., 0., 0., 0., 0., 0.,
       0., 0., 0., 0., 0., 0., 0., 0., 0., 0., 1.10146509e+03,
       1.29784668e+02, 2.35402241e-01, 1.12311560e+03, 1.65130493e+02,
       4.17504609e-01, 1.05645203e+03, 1.18079460e+02, 8.65894333e-02,
       1.11524756e+03, 2.04257751e+02, 9.37210992e-02, 0., 0., 0., 0.,
       0., 0., 0., 0., 0., 0., 0., 0., 0., 0., 0., 0., 0., 0. ]
