%YAML:1.0
---
pose_0: !!opencv-matrix
   rows: 1
   cols: 25
   dt: "3f"
   data: [ 8.86056396e+02, 3.92329926e+02, 7.27199912e-01,
       7.91975281e+02, 4.09951508e+02, 7.06420362e-01, 7.82174133e+02,
       3.37498627e+02, 7.05263138e-01, 7.37127502e+02, 3.06081970e+02,
       4.44079965e-01, 6.90131836e+02, 2.76749664e+02, 7.53525198e-01,
       7.95934082e+02, 4.88299347e+02, 6.03461146e-01, 6.97959045e+02,
       5.76531433e+02, 7.99319446e-01, 7.92087524e+02, 5.49035645e+02,
       7.51832485e-01, 5.56920227e+02, 4.04072449e+02, 3.02091181e-01,
       5.58867310e+02, 3.66824615e+02, 3.60482723e-01, 3.51191437e+02,
       3.70789734e+02, 1.45315751e-01, 0., 0., 0., 5.54912109e+02,
       4.47188446e+02, 3.55165839e-01, 3.76653992e+02, 4.98147339e+02,
       4.41391200e-01, 3.72742920e+02, 4.76538605e+02, 1.04627438e-01,
       8.99763123e+02, 3.80486237e+02, 8.72018039e-01, 8.99769348e+02,
       4.13803223e+02, 7.57796824e-01, 8.76235413e+02, 3.60981750e+02,
       5.38916171e-01, 8.86062561e+02, 4.33533905e+02, 3.64803463e-01,
       3.51259155e+02, 5.07854797e+02, 6.63171709e-02, 0., 0., 0., 0.,
       0., 0., 0., 0., 0., 0., 0., 0., 0., 0., 0. ]
