%YAML:1.0
---
pose_0: !!opencv-matrix
   rows: 1
   cols: 25
   dt: "3f"
   data: [ 8.70320557e+02, 2.43411713e+02, 7.44362175e-01,
       7.97874695e+02, 2.72737885e+02, 6.88859701e-01, 8.03713379e+02,
       1.98382904e+02, 5.99586904e-01, 8.36962463e+02, 1.16067017e+02,
       8.55905652e-01, 9.21272644e+02, 1.94398148e+02, 8.16432893e-01,
       8.03746399e+02, 3.37433289e+02, 6.52448058e-01, 8.54771057e+02,
       3.96230377e+02, 8.64585042e-01, 9.27131958e+02, 3.06207550e+02,
       8.21845949e-01, 5.78437561e+02, 2.92438782e+02, 3.40655535e-01,
       5.72620056e+02, 2.55151978e+02, 4.29977804e-01, 3.72723846e+02,
       2.72848511e+02, 3.68027270e-01, 1.80707870e+02, 2.84542358e+02,
       4.86988217e-01, 5.86221802e+02, 3.39434601e+02, 4.19473767e-01,
       4.02146851e+02, 3.45300812e+02, 2.44435281e-01, 3.64861237e+02,
       3.39468719e+02, 1.45735845e-01, 8.84080627e+02, 2.31643936e+02,
       7.02534735e-01, 8.84079773e+02, 2.61072693e+02, 7.32547104e-01,
       8.58624756e+02, 2.14118073e+02, 7.52844438e-02, 8.74245056e+02,
       2.88562866e+02, 6.84609056e-01, 0., 0., 0., 0., 0., 0., 0., 0.,
       0., 1.47444611e+02, 2.43397888e+02, 1.58052355e-01,
       1.47430267e+02, 2.43419647e+02, 1.26961887e-01, 1.65030838e+02,
       2.92399078e+02, 3.40925008e-01 ]
