%YAML:1.0
---
pose_0: !!opencv-matrix
   rows: 1
   cols: 25
   dt: "3f"
   data: [ 8.50709595e+02, 1.65098618e+02, 7.67763972e-01,
       7.66505432e+02, 1.69017624e+02, 6.73527002e-01, 7.60612305e+02,
       9.64616318e+01, 7.19489813e-01, 7.15575928e+02, 7.30284042e+01,
       4.39728498e-01, 6.76406311e+02, 8.08384705e+01, 4.07883078e-01,
       7.72359558e+02, 2.51245041e+02, 6.53047860e-01, 6.68580383e+02,
       3.02124390e+02, 7.09880114e-01, 6.17563782e+02, 3.06138336e+02,
       7.85415173e-01, 5.13778870e+02, 1.94474945e+02, 3.50997001e-01,
       5.17707825e+02, 1.45440994e+02, 3.94584298e-01, 3.68830444e+02,
       1.45461792e+02, 2.92980582e-01, 3.33527924e+02, 1.63031982e+02,
       2.20726162e-01, 5.13788940e+02, 2.39495819e+02, 4.42594677e-01,
       3.62937958e+02, 2.68882141e+02, 5.17027736e-01, 1.98361954e+02,
       2.90475830e+02, 3.76622707e-01, 8.62484680e+02, 1.47461990e+02,
       7.21813738e-01, 8.66461853e+02, 1.80674149e+02, 8.63591194e-01,
       8.46863525e+02, 1.23941368e+02, 5.95888615e-01, 8.54686096e+02,
       1.98413544e+02, 3.17063987e-01, 1.49431992e+02, 2.64965912e+02,
       8.65696371e-02, 1.63081726e+02, 2.74798981e+02, 9.08802748e-02,
       1.76803146e+02, 2.98265778e+02, 1.70215264e-01, 3.19826050e+02,
       1.63042389e+02, 6.87927306e-02, 0., 0., 0., 3.33530640e+02,
       1.67014557e+02, 1.78557232e-01 ]
