%YAML:1.0
---
pose_0: !!opencv-matrix
   rows: 1
   cols: 25
   dt: "3f"
   data: [ 9.62323975e+02, 3.15896912e+02, 7.49064565e-01,
       8.37046875e+02, 3.53081360e+02, 5.88946164e-01, 8.11616455e+02,
       2.90429199e+02, 4.35360521e-01, 0., 0., 0., 0., 0., 0.,
       8.44912598e+02, 4.11887329e+02, 5.83219647e-01, 7.29276917e+02,
       4.64840057e+02, 8.25187624e-01, 6.80302185e+02, 3.76632080e+02,
       7.56507039e-01, 5.41223450e+02, 3.51174530e+02, 1.67303473e-01,
       5.43176392e+02, 3.06132965e+02, 2.66311884e-01, 3.55080872e+02,
       3.02225830e+02, 1.53607294e-01, 0., 0., 0., 5.27503418e+02,
       3.98198425e+02, 1.35786653e-01, 3.62927368e+02, 4.15839233e+02,
       2.74700493e-01, 2.43418320e+02, 4.47150635e+02, 9.66961533e-02,
       9.64456604e+02, 3.04252930e+02, 7.68654943e-01, 9.72205261e+02,
       3.35416504e+02, 7.86930263e-01, 0., 0., 0., 9.50693726e+02,
       3.68927185e+02, 5.31284094e-01, 0., 0., 0., 0., 0., 0., 0., 0.,
       0., 0., 0., 0., 0., 0., 0., 0., 0., 0. ]
