%YAML:1.0
---
pose_0: !!opencv-matrix
   rows: 1
   cols: 25
   dt: "3f"
   data: [ 1.01535364e+03, 3.33558319e+02, 3.52395117e-01,
       9.03684937e+02, 3.31608124e+02, 2.65584975e-01, 9.29122559e+02,
       2.70828369e+02, 3.16373289e-01, 8.93854126e+02, 1.78727356e+02,
       7.46493459e-01, 9.64425781e+02, 2.72812897e+02, 7.05195069e-01,
       8.70400024e+02, 3.96234406e+02, 2.95941740e-01, 9.01738647e+02,
       4.76489014e+02, 5.70654154e-01, 9.80055542e+02, 4.15779816e+02,
       7.29808807e-01, 0., 0., 0., 0., 0., 0., 0., 0., 0., 0., 0., 0.,
       0., 0., 0., 0., 0., 0., 0., 0., 0., 1.02318390e+03,
       3.06182617e+02, 2.71549225e-01, 1.04075110e+03, 3.35499512e+02,
       2.33227223e-01, 1.00945270e+03, 2.92462402e+02, 1.02537431e-01,
       0., 0., 0., 0., 0., 0., 0., 0., 0., 0., 0., 0., 0., 0., 0., 0.,
       0., 0., 0., 0., 0. ]
