%YAML:1.0
---
pose_0: !!opencv-matrix
   rows: 1
   cols: 25
   dt: "3f"
   data: [ 8.50785095e+02, 1.49353622e+02, 6.94068491e-01,
       8.05674927e+02, 1.29776489e+02, 3.65465105e-01, 8.09642090e+02,
       8.08034439e+01, 1.76675200e-01, 0., 0., 0., 0., 0., 0.,
       8.03713684e+02, 1.76824829e+02, 2.97041535e-01, 8.03693970e+02,
       2.49318863e+02, 6.37083948e-01, 7.72395630e+02, 1.25895920e+02,
       6.43537581e-01, 5.74533508e+02, 1.39604706e+02, 6.04040250e-02,
       0., 0., 0., 0., 0., 0., 0., 0., 0., 5.47105408e+02,
       2.00336273e+02, 6.94590881e-02, 3.55117676e+02, 2.04247986e+02,
       1.22532099e-01, 1.65043579e+02, 1.98369492e+02, 1.75348982e-01,
       8.68390320e+02, 1.43516968e+02, 6.65500522e-01, 8.68312988e+02,
       1.61136627e+02, 7.00449526e-01, 8.72293640e+02, 1.08276611e+02,
       2.19280094e-01, 0., 0., 0., 1.49377808e+02, 1.78738403e+02,
       6.53829575e-02, 1.47407059e+02, 1.82722626e+02, 7.47005716e-02,
       1.43540405e+02, 1.88604004e+02, 1.05836734e-01, 0., 0., 0., 0.,
       0., 0., 0., 0., 0. ]
