%YAML:1.0
---
pose_0: !!opencv-matrix
   rows: 1
   cols: 25
   dt: "3f"
   data: [ 1.00163422e+03, 2.10127228e+02, 6.86521888e-01,
       8.70421692e+02, 2.33629974e+02, 5.48935533e-01, 8.58604004e+02,
       1.37649841e+02, 5.56408286e-01, 7.15566040e+02, 1.00402977e+02,
       6.57942235e-01, 5.84324463e+02, 8.48263855e+01, 8.31925213e-01,
       8.86045471e+02, 3.31594604e+02, 6.12892449e-01, 7.62663391e+02,
       3.78581818e+02, 7.49133706e-01, 6.97935120e+02, 2.70846893e+02,
       6.11231387e-01, 5.80401306e+02, 2.27759628e+02, 7.72906095e-02,
       5.72557861e+02, 1.90516190e+02, 1.21947855e-01, 0., 0., 0., 0.,
       0., 0., 6.45042114e+02, 3.10046326e+02, 6.64383769e-02, 0., 0.,
       0., 0., 0., 0., 1.00937567e+03, 1.82762054e+02, 8.00270379e-01,
       1.01533618e+03, 2.27784653e+02, 7.61734128e-01, 9.74178040e+02,
       1.57239807e+02, 2.74922669e-01, 9.95771606e+02, 2.59095856e+02,
       3.91301066e-01, 0., 0., 0., 0., 0., 0., 0., 0., 0., 0., 0., 0.,
       0., 0., 0., 0., 0., 0. ]
