%YAML:1.0
---
pose_0: !!opencv-matrix
   rows: 1
   cols: 25
   dt: "3f"
   data: [ 8.99775940e+02, 4.51132751e+02, 8.37212682e-01,
       8.13518372e+02, 4.92191345e+02, 5.54868758e-01, 7.92001038e+02,
       4.60914459e+02, 4.25681472e-01, 7.60634949e+02, 4.29572113e+02,
       1.30271733e-01, 0., 0., 0., 8.37017944e+02, 5.31447327e+02,
       6.77980006e-01, 7.56720276e+02, 4.11875366e+02, 6.97848201e-01,
       6.95974854e+02, 2.90412476e+02, 7.92534053e-01, 5.82359985e+02,
       5.27508911e+02, 1.15537405e-01, 5.86265930e+02, 4.88332672e+02,
       1.56390548e-01, 3.88403595e+02, 4.15873260e+02, 3.50808084e-01,
       1.96392532e+02, 4.84428040e+02, 3.25830638e-01, 5.70605042e+02,
       5.70625305e+02, 1.07003063e-01, 3.92306122e+02, 4.17777710e+02,
       4.11500812e-01, 1.90536850e+02, 4.84422546e+02, 2.95886189e-01,
       9.11462219e+02, 4.37384003e+02, 8.17410707e-01, 9.17358643e+02,
       4.70696594e+02, 8.44275117e-01, 8.87989441e+02, 4.27578247e+02,
       2.95115858e-01, 9.01738525e+02, 5.02013947e+02, 6.11822605e-01,
       1.33725113e+02, 4.29545197e+02, 1.58299685e-01, 1.33752960e+02,
       4.43245422e+02, 1.54164031e-01, 1.76793533e+02, 4.96168549e+02,
       2.64941901e-01, 1.47400742e+02, 4.47195648e+02, 1.12350948e-01,
       1.49386444e+02, 4.47178894e+02, 8.51673111e-02, 1.80778732e+02,
       4.98137390e+02, 2.67108142e-01 ]
