%YAML:1.0
---
pose_0: !!opencv-matrix
   rows: 1
   cols: 25
   dt: "3f"
   data: [ 9.25234253e+02, 4.33523926e+02, 7.47135878e-01,
       8.21429199e+02, 4.33454926e+02, 6.94438100e-01, 8.21438599e+02,
       3.45305878e+02, 6.74410760e-01, 6.95938660e+02, 3.06062286e+02,
       8.19187880e-01, 6.01912842e+02, 3.68756409e+02, 8.57557714e-01,
       8.17482544e+02, 5.19635742e+02, 5.89483261e-01, 6.80309998e+02,
       5.47094421e+02, 7.57714152e-01, 5.68655457e+02, 5.86345032e+02,
       8.00252318e-01, 5.70623352e+02, 4.45204865e+02, 3.16296756e-01,
       5.74525024e+02, 3.98162079e+02, 3.82753670e-01, 3.98220245e+02,
       4.29528748e+02, 1.90639347e-01, 1.04357231e+02, 5.41249695e+02,
       1.60711497e-01, 5.72574097e+02, 4.92196655e+02, 3.86417806e-01,
       3.37459290e+02, 5.07912781e+02, 2.24011138e-01, 1.08240318e+02,
       5.43148682e+02, 2.92754620e-01, 9.35058777e+02, 4.13805389e+02,
       7.74704039e-01, 9.40902466e+02, 4.51143463e+02, 7.79687285e-01,
       9.17351563e+02, 3.82484894e+02, 5.01123488e-01, 9.36945923e+02,
       4.78504944e+02, 5.75943254e-02, 5.92817726e+01, 5.11851898e+02,
       5.33922687e-02, 0., 0., 0., 9.65020142e+01, 5.41201782e+02,
       1.74313173e-01, 0., 0., 0., 0., 0., 0., 0., 0., 0. ]
