%YAML:1.0
---
pose_0: !!opencv-matrix
   rows: 1
   cols: 25
   dt: "3f"
   data: [ 9.58469360e+02, 3.17909241e+02, 7.50043988e-01,
       8.39036255e+02, 2.88528198e+02, 5.47917843e-01, 8.44904297e+02,
       2.04270798e+02, 6.10444546e-01, 7.19485168e+02, 1.31708359e+02,
       7.69365132e-01, 7.58636597e+02, 2.55173233e+02, 7.28223264e-01,
       8.27273193e+02, 3.90386383e+02, 2.86007762e-01, 6.68528931e+02,
       4.33544220e+02, 7.33961046e-01, 7.64558716e+02, 4.11893127e+02,
       6.89968228e-01, 5.82362366e+02, 3.10042053e+02, 9.88479778e-02,
       5.72564087e+02, 2.72785492e+02, 1.42013296e-01, 3.51182983e+02,
       2.70843964e+02, 2.37542123e-01, 1.76798553e+02, 2.88464020e+02,
       2.26382524e-01, 5.70604553e+02, 3.72721100e+02, 9.93576497e-02,
       3.49218079e+02, 3.66786163e+02, 1.54000416e-01, 3.33520355e+02,
       3.53217346e+02, 1.07406653e-01, 9.66349548e+02, 2.90390015e+02,
       8.38023186e-01, 9.72198608e+02, 3.35555237e+02, 7.80725837e-01,
       9.42850586e+02, 2.57097839e+02, 4.66615409e-01, 0., 0., 0., 0.,
       0., 0., 0., 0., 0., 0., 0., 0., 8.86708679e+01, 2.31675781e+02,
       9.95787829e-02, 8.47941895e+01, 2.27772293e+02, 9.70730036e-02,
       0., 0., 0. ]
