%YAML:1.0
---
pose_0: !!opencv-matrix
   rows: 1
   cols: 25
   dt: "3f"
   data: [ 8.97802246e+02, 1.65095642e+02, 8.28099251e-01,
       8.27253723e+02, 2.47325851e+02, 5.81340373e-01, 8.05716064e+02,
       2.27764633e+02, 4.46581304e-01, 7.21437927e+02, 2.23842468e+02,
       3.52888882e-01, 6.31291138e+02, 2.06197479e+02, 6.92387283e-01,
       8.48825439e+02, 2.70855255e+02, 6.27045035e-01, 7.15639099e+02,
       3.04161865e+02, 7.81012893e-01, 5.88251526e+02, 2.23811096e+02,
       6.61117613e-01, 5.58860107e+02, 3.02210938e+02, 2.74168491e-01,
       5.62775085e+02, 2.61098633e+02, 2.87679672e-01, 3.66818970e+02,
       2.12147049e+02, 4.44965839e-01, 0., 0., 0., 5.45123047e+02,
       3.33575378e+02, 2.69098341e-01, 3.49216034e+02, 2.66923035e+02,
       2.54418641e-01, 1.96418991e+02, 3.47253326e+02, 6.19368441e-02,
       9.15410950e+02, 1.65097992e+02, 1.99112177e-01, 9.15427795e+02,
       1.78762772e+02, 8.56486142e-01, 0., 0., 0., 9.15436340e+02,
       2.37537079e+02, 8.39539945e-01, 0., 0., 0., 0., 0., 0., 0., 0.,
       0., 0., 0., 0., 0., 0., 0., 0., 0., 0. ]
