%YAML:1.0
---
pose_0: !!opencv-matrix
   rows: 1
   cols: 25
   dt: "3f"
   data: [ 8.78215454e+02, 4.55017395e+02, 6.75283372e-01,
       8.84111572e+02, 5.13818420e+02, 9.01869461e-02, 8.25304321e+02,
       5.27541382e+02, 3.21301162e-01, 9.35040833e+02, 5.58820007e+02,
       8.17816734e-01, 9.64477051e+02, 4.76527893e+02, 8.31688464e-01,
       9.13428711e+02, 5.05950012e+02, 5.04143052e-02, 0., 0., 0., 0.,
       0., 0., 0., 0., 0., 0., 0., 0., 0., 0., 0., 0., 0., 0., 0., 0.,
       0., 0., 0., 0., 0., 0., 0., 8.52806885e+02, 4.58943146e+02,
       7.88018942e-01, 8.86013794e+02, 4.45135712e+02, 7.18741834e-01,
       8.40990051e+02, 4.92256805e+02, 3.90827984e-01, 9.15482117e+02,
       4.53083282e+02, 5.36295623e-02, 0., 0., 0., 0., 0., 0., 0., 0.,
       0., 0., 0., 0., 0., 0., 0., 0., 0., 0. ]
