%YAML:1.0
---
pose_0: !!opencv-matrix
   rows: 1
   cols: 25
   dt: "3f"
   data: [ 1.07216919e+03, 2.43409943e+02, 2.95519143e-01,
       9.15435852e+02, 2.35601044e+02, 2.10098013e-01, 9.23241333e+02,
       1.63116913e+02, 1.89591676e-01, 8.72360413e+02, 6.90699768e+01,
       6.28432870e-01, 1.05643127e+03, 1.78678772e+02, 7.15958953e-01,
       9.31118713e+02, 3.17840820e+02, 3.19230974e-01, 8.11554016e+02,
       4.58899872e+02, 6.81884289e-01, 9.85931580e+02, 3.98170258e+02,
       7.25052714e-01, 0., 0., 0., 0., 0., 0., 0., 0., 0., 0., 0., 0.,
       0., 0., 0., 0., 0., 0., 0., 0., 0., 1.08982336e+03,
       2.25764709e+02, 2.55342275e-01, 1.08777808e+03, 2.64996094e+02,
       2.59131491e-01, 1.00750037e+03, 1.90502197e+02, 7.90495947e-02,
       1.05642798e+03, 2.57149902e+02, 8.71716663e-02, 0., 0., 0., 0.,
       0., 0., 0., 0., 0., 0., 0., 0., 0., 0., 0., 0., 0., 0. ]
