%YAML:1.0
---
pose_0: !!opencv-matrix
   rows: 1
   cols: 25
   dt: "3f"
   data: [ 8.80102295e+02, 2.90542877e+02, 7.96588182e-01,
       8.07596436e+02, 2.84591705e+02, 6.50210738e-01, 8.05737183e+02,
       1.96430679e+02, 7.15280890e-01, 6.70500671e+02, 1.47369278e+02,
       7.63871968e-01, 6.64665649e+02, 1.98352615e+02, 8.37687731e-01,
       8.07639160e+02, 3.74706238e+02, 5.92784047e-01, 6.92080505e+02,
       4.60909973e+02, 3.63246590e-01, 6.74461609e+02, 4.23677979e+02,
       6.65063560e-01, 5.35329651e+02, 3.00249939e+02, 2.86539495e-01,
       5.39225220e+02, 2.51281723e+02, 3.47975343e-01, 3.43346405e+02,
       2.47338531e+02, 3.25000465e-01, 0., 0., 0., 5.29445496e+02,
       3.51134796e+02, 3.20484281e-01, 3.84500946e+02, 3.68869476e+02,
       9.47893709e-02, 3.06121765e+02, 3.47261932e+02, 3.05855066e-01,
       8.95792847e+02, 2.70855011e+02, 7.85390615e-01, 8.99795898e+02,
       3.08103271e+02, 8.28111529e-01, 8.87990234e+02, 2.37589340e+02,
       6.39162362e-01, 9.11474854e+02, 3.33481384e+02, 9.29006562e-02,
       0., 0., 0., 0., 0., 0., 0., 0., 0., 0., 0., 0., 0., 0., 0., 0.,
       0., 0. ]
