%YAML:1.0
---
pose_0: !!opencv-matrix
   rows: 2
   cols: 25
   dt: "3f"
   data: [ 9.29081421e+02, 3.53165527e+02, 7.85191119e-01,
       8.64434998e+02, 2.84554077e+02, 4.36782748e-01, 8.72343750e+02,
       2.64958252e+02, 7.34301805e-01, 7.66514587e+02, 3.21841614e+02,
       7.40360379e-01, 8.21267456e+02, 4.35459534e+02, 7.92884350e-01,
       8.52735596e+02, 3.08073425e+02, 2.41521969e-01, 7.91967041e+02,
       3.41383728e+02, 3.13158810e-01, 8.21356934e+02, 4.29496277e+02,
       2.45220810e-01, 5.70593445e+02, 2.82638733e+02, 2.80243009e-01,
       5.64741516e+02, 2.51273529e+02, 3.11976910e-01, 4.25619659e+02,
       2.90457001e+02, 2.41842195e-01, 0., 0., 0., 5.68628723e+02,
       3.19853088e+02, 2.12498546e-01, 4.41288391e+02, 3.53173889e+02,
       9.15446952e-02, 1.14126793e+02, 3.04167145e+02, 1.80666581e-01,
       9.46709717e+02, 3.37458801e+02, 7.97895849e-01, 9.46750610e+02,
       3.62902191e+02, 1.27250016e-01, 9.38892212e+02, 2.86488525e+02,
       8.15627098e-01, 0., 0., 0., 0., 0., 0., 0., 0., 0., 0., 0., 0.,
       0., 0., 0., 0., 0., 0., 0., 0., 0., 0., 0., 0., 0., 0., 0., 0.,
       0., 0., 0., 0., 0., 0., 0., 0., 7.31251099e+02, 3.00212433e+02,
       8.48854557e-02, 6.94040771e+02, 3.53231293e+02, 7.06764698e-01,
       7.50889099e+02, 4.33447937e+02, 7.96171129e-01, 0., 0., 0., 0.,
       0., 0., 0., 0., 0., 0., 0., 0., 0., 0., 0., 0., 0., 0., 0., 0.,
       0., 0., 0., 0., 0., 0., 0., 0., 0., 0., 0., 0., 0., 0., 0., 0.,
       0., 0., 0., 0., 0., 0., 0., 0., 0., 0., 0., 0., 0., 0., 0. ]
