%YAML:1.0
---
pose_0: !!opencv-matrix
   rows: 1
   cols: 25
   dt: "3f"
   data: [ 8.54717163e+02, 2.88493530e+02, 7.65677452e-01,
       7.60579224e+02, 2.90506500e+02, 7.34586358e-01, 7.60667725e+02,
       2.27791367e+02, 6.87524557e-01, 7.48909668e+02, 1.61100418e+02,
       7.55681276e-01, 8.44911072e+02, 2.27726868e+02, 8.38969588e-01,
       7.50831970e+02, 3.43362000e+02, 5.23592055e-01, 7.39075073e+02,
       4.35435211e+02, 7.80015588e-01, 8.48782288e+02, 3.43341400e+02,
       4.17133629e-01, 5.45120667e+02, 2.88517609e+02, 3.01976621e-01,
       5.50992859e+02, 2.45395157e+02, 3.51730764e-01, 3.90363037e+02,
       2.37530136e+02, 2.29666561e-01, 3.70745209e+02, 2.25772675e+02,
       2.78792381e-01, 5.37298279e+02, 3.33527496e+02, 3.65799278e-01,
       3.31586273e+02, 3.47260895e+02, 2.67232090e-01, 1.61166473e+02,
       3.25719238e+02, 3.66650432e-01, 8.68471985e+02, 2.74705170e+02,
       8.13756168e-01, 8.70355103e+02, 3.04208038e+02, 7.59884298e-01,
       8.52745544e+02, 2.59145508e+02, 3.22378606e-01, 8.54688904e+02,
       3.21853821e+02, 2.72786766e-01, 1.16126587e+02, 3.82476166e+02,
       4.21225488e-01, 1.18122292e+02, 3.82442871e+02, 3.84289920e-01,
       1.33741241e+02, 3.06158478e+02, 2.68725693e-01, 0., 0., 0., 0.,
       0., 0., 3.66828033e+02, 2.27794983e+02, 2.17853442e-01 ]
