%YAML:1.0
---
pose_0: !!opencv-matrix
   rows: 1
   cols: 25
   dt: "3f"
   data: [ 9.33052734e+02, 1.98400665e+02, 8.05397928e-01,
       8.27222107e+02, 2.12091919e+02, 6.99988127e-01, 8.07702515e+02,
       1.31786713e+02, 6.91529810e-01, 6.90117554e+02, 1.16054451e+02,
       6.67242110e-01, 5.80418518e+02, 1.02367371e+02, 8.29885185e-01,
       8.42956299e+02, 2.90528473e+02, 6.64031923e-01, 7.66517700e+02,
       3.53122253e+02, 7.86777973e-01, 6.92089600e+02, 3.17842468e+02,
       7.64271319e-01, 5.82374329e+02, 2.14081619e+02, 2.92878211e-01,
       5.74531982e+02, 1.72925583e+02, 3.91322732e-01, 3.37505646e+02,
       2.14042480e+02, 5.35862565e-01, 1.41561981e+02, 2.45421768e+02,
       1.00359872e-01, 5.90201538e+02, 2.63036438e+02, 2.65157193e-01,
       4.45222412e+02, 2.88438416e+02, 1.04168892e-01, 3.45315857e+02,
       2.68909302e+02, 1.40764013e-01, 9.44797913e+02, 1.78746414e+02,
       8.80348206e-01, 9.48653992e+02, 2.14103027e+02, 8.15413237e-01,
       9.15414001e+02, 1.51420349e+02, 6.99978113e-01, 9.33105530e+02,
       2.39548874e+02, 3.33659947e-01, 3.41418457e+02, 2.82639160e+02,
       1.56349316e-01, 0., 0., 0., 3.41374664e+02, 2.66923340e+02,
       1.16951317e-01, 9.84394684e+01, 2.72801208e+02, 6.26090840e-02,
       9.65012360e+01, 2.74779877e+02, 5.35783358e-02, 0., 0., 0. ]
