%YAML:1.0
---
pose_0: !!opencv-matrix
   rows: 1
   cols: 25
   dt: "3f"
   data: [ 8.68390076e+02, 3.74684204e+02, 8.27637732e-01,
       7.86090027e+02, 4.25633789e+02, 7.15769172e-01, 7.56665039e+02,
       3.84453003e+02, 6.51898205e-01, 6.54848999e+02, 4.00110748e+02,
       1.28006101e-01, 5.96074219e+02, 3.98151581e+02, 7.89466873e-02,
       8.13512695e+02, 4.70657471e+02, 7.00853467e-01, 7.80235657e+02,
       5.56945557e+02, 8.11523974e-01, 7.76382996e+02, 4.31486053e+02,
       8.49005818e-01, 5.39248840e+02, 4.64835205e+02, 3.41820747e-01,
       5.39254822e+02, 4.27585114e+02, 4.02020931e-01, 3.62934723e+02,
       4.29496704e+02, 5.22155225e-01, 1.72896225e+02, 4.37367981e+02,
       3.94768536e-01, 5.41211975e+02, 5.05968597e+02, 3.73647749e-01,
       3.66835358e+02, 5.07906860e+02, 3.35234672e-01, 2.33611893e+02,
       6.23521912e+02, 3.26794654e-01, 8.70462524e+02, 3.64904144e+02,
       8.73556972e-01, 8.83968018e+02, 3.90400391e+02, 8.20075393e-01,
       8.52674377e+02, 3.57069733e+02, 4.03534293e-01, 8.70438599e+02,
       4.21677765e+02, 6.96500123e-01, 1.78757095e+02, 6.17622681e+02,
       6.30620942e-02, 0., 0., 0., 2.17979996e+02, 6.33338684e+02,
       1.93748266e-01, 0., 0., 0., 0., 0., 0., 1.61120773e+02,
       4.43228271e+02, 3.10735881e-01 ]
