%YAML:1.0
---
pose_0: !!opencv-matrix
   rows: 1
   cols: 25
   dt: "3f"
   data: [ 9.11490906e+02, 2.29716461e+02, 7.44265258e-01,
       8.52709900e+02, 2.90520294e+02, 6.55489624e-01, 8.46838989e+02,
       2.76723999e+02, 3.79323721e-01, 0., 0., 0., 0., 0., 0.,
       8.62510925e+02, 3.15882233e+02, 6.24161303e-01, 7.23417542e+02,
       2.84592682e+02, 5.72954655e-01, 7.74347961e+02, 1.80767014e+02,
       4.23449010e-01, 5.11835815e+02, 3.49231201e+02, 7.55166337e-02,
       5.09884125e+02, 3.19858002e+02, 8.49032253e-02, 2.61090027e+02,
       3.04160370e+02, 8.40697959e-02, 0., 0., 0., 5.21637634e+02,
       3.80581635e+02, 7.58985877e-02, 2.88501495e+02, 2.86497711e+02,
       1.74272075e-01, 6.90606308e+01, 4.31486938e+02, 1.98133841e-01,
       9.27196167e+02, 2.25739334e+02, 6.88047290e-01, 9.34994690e+02,
       2.53214127e+02, 8.13453197e-01, 0., 0., 0., 9.19372803e+02,
       3.04148224e+02, 8.41074347e-01, 7.68887024e+01, 4.62901154e+02,
       1.00055099e-01, 7.30317383e+01, 4.62912537e+02, 1.00672565e-01,
       4.75176086e+01, 4.35424133e+02, 1.48134723e-01, 0., 0., 0., 0.,
       0., 0., 0., 0., 0. ]
