%YAML:1.0
---
pose_0: !!opencv-matrix
   rows: 1
   cols: 25
   dt: "3f"
   data: [ 1.07415454e+03, 1.82710709e+02, 7.05533624e-01,
       8.95824036e+02, 1.90532120e+02, 4.07912940e-01, 8.74262756e+02,
       9.64690475e+01, 2.76698232e-01, 7.05766846e+02, 6.90506821e+01,
       4.85299349e-01, 5.72577026e+02, 6.51471329e+01, 7.37555981e-01,
       9.15352478e+02, 2.90440094e+02, 4.24512088e-01, 7.72390381e+02,
       3.51152557e+02, 3.04039717e-01, 5.84316833e+02, 3.66873657e+02,
       7.40678132e-01, 5.49054016e+02, 2.76738647e+02, 7.06817508e-02,
       5.37295715e+02, 1.94462479e+02, 5.29238991e-02, 0., 0., 0., 0.,
       0., 0., 5.62769043e+02, 3.08075775e+02, 7.37243593e-02,
       3.64898376e+02, 3.12011017e+02, 5.39451428e-02, 0., 0., 0.,
       1.07404297e+03, 1.49421417e+02, 7.79454470e-01, 1.08787024e+03,
       1.96474411e+02, 5.56488276e-01, 1.02510962e+03, 1.18050568e+02,
       2.41233945e-01, 1.05450549e+03, 2.29727707e+02, 8.89602676e-02,
       0., 0., 0., 0., 0., 0., 0., 0., 0., 0., 0., 0., 0., 0., 0., 0.,
       0., 0. ]
