%YAML:1.0
---
pose_0: !!opencv-matrix
   rows: 1
   cols: 25
   dt: "3f"
   data: [ 9.82070251e+02, 3.15878174e+02, 7.28757739e-01,
       8.46832825e+02, 3.35511261e+02, 5.90068042e-01, 8.31148560e+02,
       2.51252365e+02, 5.72960496e-01, 6.68579102e+02, 2.21883789e+02,
       2.98968732e-01, 5.29470703e+02, 2.10067627e+02, 6.28531694e-01,
       8.58566467e+02, 4.27599792e+02, 5.84777951e-01, 7.48892517e+02,
       5.11874084e+02, 7.21300602e-01, 7.27387390e+02, 4.27600250e+02,
       6.84131563e-01, 5.62761230e+02, 3.37457306e+02, 7.74973780e-02,
       5.49048889e+02, 2.90455963e+02, 1.13810264e-01, 3.19859528e+02,
       3.06131622e+02, 1.33830070e-01, 0., 0., 0., 5.84320374e+02,
       4.19763885e+02, 5.97930029e-02, 0., 0., 0., 0., 0., 0.,
       9.89853394e+02, 2.88504059e+02, 7.75995374e-01, 9.97704834e+02,
       3.27673370e+02, 7.70103335e-01, 9.58528564e+02, 2.63051605e+02,
       3.70969355e-01, 9.80057190e+02, 3.55146942e+02, 1.15606137e-01,
       0., 0., 0., 0., 0., 0., 0., 0., 0., 0., 0., 0., 0., 0., 0., 0.,
       0., 0. ]
