%YAML:1.0
---
pose_0: !!opencv-matrix
   rows: 1
   cols: 25
   dt: "3f"
   data: [ 8.72280762e+02, 2.45356674e+02, 8.09489310e-01,
       7.74297607e+02, 2.63033356e+02, 6.90521955e-01, 7.62646545e+02,
       1.82680969e+02, 7.03259528e-01, 6.49038452e+02, 1.51391190e+02,
       7.63861120e-01, 5.56931519e+02, 1.63052383e+02, 8.42798114e-01,
       7.74373901e+02, 3.43340820e+02, 6.53196096e-01, 6.66549011e+02,
       3.92299713e+02, 6.81372941e-01, 5.43250000e+02, 4.43280121e+02,
       7.77633309e-01, 5.25564819e+02, 2.84573975e+02, 2.64695257e-01,
       5.27496155e+02, 2.39498322e+02, 3.13033253e-01, 3.64918732e+02,
       2.31649826e+02, 4.69242632e-01, 1.80747025e+02, 2.27755661e+02,
       4.65408742e-01, 5.23553467e+02, 3.27696991e+02, 2.79008687e-01,
       3.53144897e+02, 3.49179382e+02, 2.97635496e-01, 1.47452042e+02,
       3.33575500e+02, 5.34475327e-01, 8.82115784e+02, 2.25836395e+02,
       8.46952438e-01, 8.88020020e+02, 2.59031952e+02, 8.65706384e-01,
       8.54644714e+02, 2.10068161e+02, 6.30351424e-01, 8.82117676e+02,
       2.86524323e+02, 5.63667059e-01, 9.84277573e+01, 3.84448273e+02,
       4.99823451e-01, 1.02440269e+02, 3.84489685e+02, 4.65948939e-01,
       1.25881744e+02, 3.19833282e+02, 4.20110404e-01, 1.25900345e+02,
       1.98418060e+02, 1.25174031e-01, 1.31719345e+02, 1.96457367e+02,
       1.11548513e-01, 1.67043457e+02, 2.29737640e+02, 2.79200435e-01 ]
