%YAML:1.0
---
pose_0: !!opencv-matrix
   rows: 1
   cols: 25
   dt: "3f"
   data: [ 9.01727844e+02, 4.70725922e+02, 8.51084709e-01,
       7.90077698e+02, 4.78557587e+02, 6.70787334e-01, 7.90042786e+02,
       4.02138306e+02, 6.47190273e-01, 7.56732361e+02, 2.96347168e+02,
       5.78401387e-01, 8.39062195e+02, 2.08196381e+02, 6.71491861e-01,
       7.86116150e+02, 5.54979248e+02, 6.29984915e-01, 6.78379333e+02,
       5.84299988e+02, 6.41756594e-01, 5.56857788e+02, 6.35229248e+02,
       7.70418286e-01, 5.92158447e+02, 4.64816345e+02, 1.91469178e-01,
       5.84319702e+02, 4.29512573e+02, 2.52521306e-01, 3.23767639e+02,
       3.82556152e+02, 3.49903494e-01, 1.90522644e+02, 3.35539398e+02,
       1.57312527e-01, 6.01958191e+02, 5.23570068e+02, 1.09893225e-01,
       0., 0., 0., 0., 0., 0., 9.07612061e+02, 4.51141418e+02,
       8.05995464e-01, 9.15338989e+02, 4.80484802e+02, 8.08055937e-01,
       8.82109314e+02, 4.31446899e+02, 5.86843371e-01, 8.91895508e+02,
       5.05946472e+02, 2.15799317e-01, 0., 0., 0., 0., 0., 0., 0., 0.,
       0., 0., 0., 0., 0., 0., 0., 0., 0., 0. ]
