%YAML:1.0
---
pose_0: !!opencv-matrix
   rows: 1
   cols: 25
   dt: "3f"
   data: [ 8.70319702e+02, 2.88549255e+02, 8.40667009e-01,
       7.66489258e+02, 3.02161865e+02, 6.40362740e-01, 7.60580994e+02,
       2.29697998e+02, 6.86588287e-01, 6.31285339e+02, 1.92496460e+02,
       7.24155307e-01, 5.35332825e+02, 1.51403000e+02, 8.06423903e-01,
       7.76323669e+02, 3.72756165e+02, 6.14962339e-01, 6.96065430e+02,
       3.94248932e+02, 8.19385707e-01, 7.44960999e+02, 2.88462402e+02,
       8.36167634e-01, 5.13802429e+02, 3.15909027e+02, 3.46972197e-01,
       5.11867218e+02, 2.72849670e+02, 4.19350863e-01, 3.35536285e+02,
       2.39508530e+02, 2.54051119e-01, 1.88565125e+02, 1.96454865e+02,
       8.07472244e-02, 5.19691833e+02, 3.57078888e+02, 3.91756535e-01,
       3.53168427e+02, 4.08024841e+02, 5.23955703e-01, 1.74851700e+02,
       4.31567017e+02, 4.55824018e-01, 8.76218262e+02, 2.72737518e+02,
       7.86678672e-01, 8.82127563e+02, 3.02231598e+02, 7.84482419e-01,
       8.46817688e+02, 2.53248566e+02, 4.84902024e-01, 8.70341492e+02,
       3.21899536e+02, 4.07040298e-01, 1.10205467e+02, 4.56978241e+02,
       2.26151884e-01, 1.20007996e+02, 4.62888062e+02, 2.37226710e-01,
       1.53342224e+02, 4.21717957e+02, 1.82673141e-01, 0., 0., 0., 0.,
       0., 0., 0., 0., 0. ]
