%YAML:1.0
---
pose_0: !!opencv-matrix
   rows: 1
   cols: 25
   dt: "3f"
   data: [ 9.54600952e+02, 2.96329041e+02, 7.15268135e-01,
       8.40997498e+02, 2.74719971e+02, 5.94851732e-01, 8.39060181e+02,
       1.80759033e+02, 6.78801894e-01, 7.19500366e+02, 1.18026375e+02,
       7.82888353e-01, 6.31325806e+02, 1.86617691e+02, 7.78016448e-01,
       8.37078735e+02, 3.64905426e+02, 5.93078077e-01, 7.19520630e+02,
       4.04060913e+02, 6.82709813e-01, 6.01985840e+02, 4.54999146e+02,
       7.50831962e-01, 6.01955627e+02, 2.90471924e+02, 1.45339817e-01,
       5.90208008e+02, 2.45382599e+02, 2.25856110e-01, 3.62920349e+02,
       2.86511139e+02, 1.88613415e-01, 3.55082397e+02, 2.84553894e+02,
       5.65646216e-02, 5.92159241e+02, 3.62936035e+02, 1.49201512e-01,
       3.96239014e+02, 3.68844879e+02, 9.19031054e-02, 0., 0., 0.,
       9.72209717e+02, 2.66973419e+02, 7.57787466e-01, 9.70269043e+02,
       3.12009674e+02, 7.34803677e-01, 9.48746216e+02, 2.27844803e+02,
       4.50249165e-01, 0., 0., 0., 0., 0., 0., 0., 0., 0., 0., 0., 0.,
       0., 0., 0., 0., 0., 0., 0., 0., 0. ]
