%YAML:1.0
---
pose_0: !!opencv-matrix
   rows: 1
   cols: 25
   dt: "3f"
   data: [ 8.50722351e+02, 2.25736115e+02, 7.86583304e-01,
       7.89996765e+02, 2.98274048e+02, 5.30789256e-01, 7.74337158e+02,
       2.74834259e+02, 2.64972568e-01, 6.62707764e+02, 2.51262146e+02,
       2.10210592e-01, 5.37268738e+02, 2.41450577e+02, 3.05241227e-01,
       8.05644348e+02, 3.17867340e+02, 5.06387532e-01, 6.64671448e+02,
       2.55196609e+02, 5.49893379e-01, 5.23590881e+02, 2.10109253e+02,
       6.73822641e-01, 5.58863220e+02, 3.53196930e+02, 2.52811819e-01,
       5.39271484e+02, 3.19822632e+02, 2.49917299e-01, 2.98297943e+02,
       2.70885651e+02, 2.50202119e-01, 7.88367615e+01, 4.15867554e+02,
       1.21280819e-01, 5.82348267e+02, 3.90390442e+02, 2.23938450e-01,
       2.92432495e+02, 2.76760925e+02, 3.08201820e-01, 8.07924271e+01,
       4.11938263e+02, 2.26512372e-01, 8.62496460e+02, 2.21835739e+02,
       3.35440576e-01, 8.68466492e+02, 2.35628510e+02, 8.36080849e-01,
       0., 0., 0., 8.68400940e+02, 2.90375885e+02, 8.37452114e-01,
       5.14243355e+01, 4.45218628e+02, 1.22451380e-01, 5.14555359e+01,
       4.45234955e+02, 1.48079827e-01, 0., 0., 0., 4.75319023e+01,
       4.47175659e+02, 1.25253156e-01, 4.94715424e+01, 4.45204041e+02,
       1.15373261e-01, 0., 0., 0. ]
