%YAML:1.0
---
pose_0: !!opencv-matrix
   rows: 1
   cols: 25
   dt: "3f"
   data: [ 9.74190857e+02, 2.74804932e+02, 7.68890202e-01,
       8.52632690e+02, 2.90447784e+02, 6.30492806e-01, 8.42903137e+02,
       2.08152924e+02, 6.55537009e-01, 7.31262329e+02, 1.35743439e+02,
       7.09324419e-01, 7.01864563e+02, 1.65041794e+02, 8.38511705e-01,
       8.50762268e+02, 3.70823120e+02, 5.68273902e-01, 7.43036865e+02,
       4.60862579e+02, 7.53794670e-01, 6.17632751e+02, 4.92213348e+02,
       7.72580862e-01, 6.11744873e+02, 3.70788422e+02, 9.11249742e-02,
       5.82356995e+02, 3.31598602e+02, 6.02093562e-02, 0., 0., 0., 0.,
       0., 0., 6.33302063e+02, 4.13876678e+02, 7.87270591e-02,
       2.92439056e+02, 4.02111786e+02, 5.36265709e-02, 0., 0., 0.,
       9.80060669e+02, 2.55194626e+02, 8.38846028e-01, 9.83962463e+02,
       2.92443634e+02, 7.70627201e-01, 9.48669312e+02, 2.29749954e+02,
       4.99690890e-01, 9.74151917e+02, 3.19732819e+02, 2.06037074e-01,
       0., 0., 0., 0., 0., 0., 0., 0., 0., 0., 0., 0., 0., 0., 0., 0.,
       0., 0. ]
