%YAML:1.0
---
pose_0: !!opencv-matrix
   rows: 1
   cols: 25
   dt: "3f"
   data: [ 8.99686462e+02, 2.45378540e+02, 6.34882987e-01,
       8.03673828e+02, 3.11999207e+02, 6.71076179e-01, 7.78269165e+02,
       2.51292847e+02, 6.63594007e-01, 6.64648132e+02, 2.70847961e+02,
       3.36777031e-01, 5.70609192e+02, 2.61068359e+02, 2.51742274e-01,
       8.09593079e+02, 3.68879913e+02, 6.35205030e-01, 6.64642883e+02,
       3.78606079e+02, 7.15475559e-01, 5.37267029e+02, 3.02138306e+02,
       7.19186425e-01, 5.58845398e+02, 3.37465759e+02, 1.17175713e-01,
       5.68660889e+02, 2.94405853e+02, 2.09696785e-01, 4.70697571e+02,
       2.74780884e+02, 1.79907426e-01, 0., 0., 0., 6.01941589e+02,
       3.82486511e+02, 8.69641826e-02, 3.31596924e+02, 4.29481049e+02,
       4.86724257e-01, 1.76831894e+02, 4.84398956e+02, 4.75775957e-01,
       9.15426514e+02, 2.43421417e+02, 3.79905313e-01, 9.17443237e+02,
       2.72738739e+02, 7.73276150e-01, 0., 0., 0., 9.01784424e+02,
       3.08148773e+02, 6.19856775e-01, 1.16057930e+02, 4.56972778e+02,
       1.48367882e-01, 1.20058136e+02, 4.76579010e+02, 1.58165142e-01,
       1.59162643e+02, 4.94237457e+02, 3.05682749e-01, 0., 0., 0., 0.,
       0., 0., 0., 0., 0. ]
