%YAML:1.0
---
pose_0: !!opencv-matrix
   rows: 1
   cols: 25
   dt: "3f"
   data: [ 8.74249573e+02, 3.53105042e+02, 7.71950603e-01,
       7.76345154e+02, 2.82610779e+02, 3.81696045e-01, 7.92014221e+02,
       2.57187897e+02, 6.92175210e-01, 6.68611145e+02, 2.12130875e+02,
       7.62742758e-01, 5.72540405e+02, 3.23774658e+02, 6.31010711e-01,
       7.50855896e+02, 3.15924286e+02, 1.41546935e-01, 6.82239441e+02,
       3.35510132e+02, 5.47585711e-02, 0., 0., 0., 6.09777466e+02,
       2.80659576e+02, 5.87930530e-02, 0., 0., 0., 0., 0., 0., 0., 0.,
       0., 0., 0., 0., 0., 0., 0., 0., 0., 0., 8.91884033e+02,
       3.35431885e+02, 7.94723451e-01, 0., 0., 0., 8.76208923e+02,
       2.88448029e+02, 8.33139241e-01, 0., 0., 0., 0., 0., 0., 0., 0.,
       0., 0., 0., 0., 0., 0., 0., 0., 0., 0., 0., 0., 0. ]
