%YAML:1.0
---
pose_0: !!opencv-matrix
   rows: 1
   cols: 25
   dt: "3f"
   data: [ 9.31051880e+02, 2.66912048e+02, 7.65191674e-01,
       8.15468079e+02, 2.57145477e+02, 6.18393958e-01, 8.21288818e+02,
       1.76813644e+02, 6.79619074e-01, 6.93992065e+02, 1.18123535e+02,
       8.26418042e-01, 6.49008118e+02, 1.63141327e+02, 8.63170862e-01,
       8.11622192e+02, 3.51109924e+02, 5.72248995e-01, 6.86201965e+02,
       4.29589050e+02, 7.77453542e-01, 7.76293823e+02, 3.39409363e+02,
       7.64892876e-01, 5.60822693e+02, 2.57175690e+02, 1.99717343e-01,
       5.70598816e+02, 2.12142273e+02, 3.11206490e-01, 3.53095764e+02,
       2.41493301e+02, 5.32150269e-01, 1.49417938e+02, 2.45379242e+02,
       4.13398683e-01, 5.31439819e+02, 3.21839233e+02, 1.71224520e-01,
       3.45315521e+02, 3.19852203e+02, 1.75125450e-01, 1.51354507e+02,
       3.08110138e+02, 3.27972740e-01, 9.40883728e+02, 2.41444702e+02,
       8.03832889e-01, 9.44775330e+02, 2.84525909e+02, 7.65375972e-01,
       9.17347168e+02, 2.12063812e+02, 5.62292814e-01, 9.36996460e+02,
       3.06022858e+02, 1.21087983e-01, 8.67309113e+01, 3.47270477e+02,
       3.68172526e-01, 1.00426926e+02, 3.51162811e+02, 3.63322973e-01,
       1.33729675e+02, 2.92447723e+02, 2.07968205e-01, 6.32013550e+01,
       1.96404572e+02, 7.70917609e-02, 6.70753326e+01, 1.94480865e+02,
       7.42060319e-02, 1.35699600e+02, 2.57136261e+02, 2.77675509e-01 ]
