%YAML:1.0
---
pose_0: !!opencv-matrix
   rows: 1
   cols: 25
   dt: "3f"
   data: [ 8.88027649e+02, 3.64888000e+02, 8.41536164e-01,
       7.92013550e+02, 4.00098450e+02, 7.19107091e-01, 7.64583313e+02,
       3.51231079e+02, 5.75394809e-01, 6.48941711e+02, 3.57054749e+02,
       2.33953387e-01, 5.49050842e+02, 3.21866486e+02, 3.31985384e-01,
       8.17468140e+02, 4.47160156e+02, 5.10152459e-01, 9.35035645e+02,
       4.21690857e+02, 5.98896563e-01, 9.95742737e+02, 3.06151459e+02,
       7.58690655e-01, 5.78443787e+02, 4.13853882e+02, 2.22470462e-01,
       5.78450928e+02, 3.72725739e+02, 3.46541852e-01, 3.88431793e+02,
       4.45202698e+02, 5.60131446e-02, 0., 0., 0., 5.76488586e+02,
       4.58938751e+02, 1.91820800e-01, 0., 0., 0., 0., 0., 0.,
       8.95787537e+02, 3.49157745e+02, 7.93384135e-01, 9.03700806e+02,
       3.78590912e+02, 7.73054123e-01, 8.60561646e+02, 3.37441284e+02,
       1.94288701e-01, 8.97781738e+02, 4.11933563e+02, 5.60957313e-01,
       0., 0., 0., 0., 0., 0., 0., 0., 0., 0., 0., 0., 0., 0., 0., 0.,
       0., 0. ]
