%YAML:1.0
---
pose_0: !!opencv-matrix
   rows: 1
   cols: 25
   dt: "3f"
   data: [ 1.00936420e+03, 2.33625473e+02, 7.86338687e-01,
       8.87995728e+02, 2.35612289e+02, 5.96680284e-01, 8.87997009e+02,
       1.41536942e+02, 6.55171931e-01, 7.56719482e+02, 7.10440521e+01,
       7.59665787e-01, 7.21490112e+02, 1.43518784e+02, 7.64471650e-01,
       8.89921021e+02, 3.37458344e+02, 5.46673059e-01, 7.45010315e+02,
       4.00124725e+02, 6.37791336e-01, 5.98065674e+02, 4.60816772e+02,
       7.14323163e-01, 5.66696411e+02, 3.10052612e+02, 1.08643308e-01,
       5.49056519e+02, 2.70844910e+02, 8.52309540e-02, 0., 0., 0., 0.,
       0., 0., 5.84316956e+02, 3.53142456e+02, 1.47707149e-01,
       3.84482727e+02, 3.39414124e+02, 1.12957962e-01, 0., 0., 0.,
       1.01728058e+03, 2.08136292e+02, 7.57873774e-01, 1.02318280e+03,
       2.57092010e+02, 7.63194740e-01, 9.91791870e+02, 1.70938889e+02,
       4.64614213e-01, 1.00357825e+03, 2.76837372e+02, 1.43190339e-01,
       0., 0., 0., 0., 0., 0., 0., 0., 0., 0., 0., 0., 0., 0., 0., 0.,
       0., 0. ]
