%YAML:1.0
---
pose_0: !!opencv-matrix
   rows: 1
   cols: 25
   dt: "3f"
   data: [ 9.15325684e+02, 2.92398987e+02, 7.49874353e-01,
       8.11623352e+02, 3.13984619e+02, 6.98160708e-01, 7.97844055e+02,
       2.41490646e+02, 6.77670479e-01, 7.58727905e+02, 2.12037704e+02,
       5.01579881e-01, 7.13600464e+02, 1.76759277e+02, 7.62017965e-01,
       8.27243713e+02, 3.88422089e+02, 6.53429568e-01, 7.19529602e+02,
       4.60968048e+02, 7.76166797e-01, 5.86316101e+02, 4.94148926e+02,
       8.27112734e-01, 5.60836121e+02, 3.72749512e+02, 2.88336784e-01,
       5.56931763e+02, 3.27668823e+02, 2.58944660e-01, 5.03992493e+02,
       2.72856659e+02, 1.66509509e-01, 0., 0., 0., 5.80381226e+02,
       4.13889404e+02, 2.46385008e-01, 3.64910797e+02, 3.41378265e+02,
       3.89340371e-01, 1.61161224e+02, 3.62950531e+02, 2.18706578e-01,
       9.17436401e+02, 2.72898315e+02, 8.22033167e-01, 9.29060913e+02,
       3.08057617e+02, 8.20000231e-01, 8.89974548e+02, 2.55154327e+02,
       5.92241108e-01, 9.15457581e+02, 3.35404999e+02, 4.95009243e-01,
       0., 0., 0., 0., 0., 0., 1.25888710e+02, 3.68837433e+02,
       8.81241783e-02, 0., 0., 0., 0., 0., 0., 0., 0., 0. ]
