%YAML:1.0
---
pose_0: !!opencv-matrix
   rows: 1
   cols: 25
   dt: "3f"
   data: [ 9.54602661e+02, 2.57054657e+02, 7.20398307e-01,
       8.48808716e+02, 2.63042053e+02, 6.23927891e-01, 8.36970703e+02,
       1.82678818e+02, 6.57660544e-01, 7.78254333e+02, 1.47472733e+02,
       3.52690995e-01, 7.15571594e+02, 1.10228508e+02, 7.04982460e-01,
       8.60528931e+02, 3.51137115e+02, 6.19995236e-01, 7.72319580e+02,
       4.47197479e+02, 7.61681020e-01, 6.84265320e+02, 5.68632813e+02,
       6.87796354e-01, 5.41211182e+02, 3.23744659e+02, 1.85924888e-01,
       5.27519104e+02, 2.72851471e+02, 2.69935548e-01, 3.31585785e+02,
       2.92417236e+02, 2.60444403e-01, 1.78763901e+02, 3.12017487e+02,
       1.30289122e-01, 5.41222351e+02, 3.72738129e+02, 2.32364953e-01,
       3.59012817e+02, 4.29476776e+02, 3.48407269e-01, 1.78822769e+02,
       4.90271973e+02, 4.06455725e-01, 9.66423645e+02, 2.27700272e+02,
       7.11814046e-01, 9.76182800e+02, 2.70860504e+02, 8.29572678e-01,
       9.46744141e+02, 1.94393692e+02, 6.15700722e-01, 9.62485840e+02,
       2.88586029e+02, 1.39667511e-01, 1.14102364e+02, 5.09907898e+02,
       3.30655724e-01, 1.23954140e+02, 5.17682922e+02, 3.29563439e-01,
       1.63097977e+02, 4.92234406e+02, 1.88764587e-01, 0., 0., 0., 0.,
       0., 0., 0., 0., 0. ]
