%YAML:1.0
---
pose_0: !!opencv-matrix
   rows: 1
   cols: 25
   dt: "3f"
   data: [ 9.46784973e+02, 2.72736969e+02, 8.64585221e-01,
       8.35025269e+02, 2.96326416e+02, 6.57383323e-01, 8.21315308e+02,
       2.25819229e+02, 7.05487609e-01, 6.97937256e+02, 1.98412125e+02,
       4.59321678e-01, 5.84286743e+02, 1.82733429e+02, 4.15429562e-01,
       8.50772583e+02, 3.70747437e+02, 6.68880820e-01, 7.74425964e+02,
       4.25630646e+02, 7.60277092e-01, 6.50933289e+02, 3.39436554e+02,
       7.59586751e-01, 5.74524597e+02, 3.10042236e+02, 1.96376294e-01,
       5.84333374e+02, 2.57180664e+02, 2.59473771e-01, 3.47257843e+02,
       2.27759933e+02, 1.81145146e-01, 0., 0., 0., 5.58848083e+02,
       3.62921234e+02, 1.32357121e-01, 3.47255646e+02, 3.96274414e+02,
       3.64060462e-01, 1.33774246e+02, 4.51104065e+02, 3.91599178e-01,
       9.54592224e+02, 2.51234558e+02, 7.95115054e-01, 9.62476746e+02,
       2.88417694e+02, 8.98923397e-01, 9.29121277e+02, 2.33618896e+02,
       3.89401525e-01, 9.44786194e+02, 3.19881714e+02, 5.51919878e-01,
       6.71278458e+01, 4.53085388e+02, 1.21630743e-01, 7.30287094e+01,
       4.62847961e+02, 1.18830696e-01, 1.21973320e+02, 4.49111420e+02,
       2.17810914e-01, 0., 0., 0., 0., 0., 0., 0., 0., 0. ]
