%YAML:1.0
---
pose_0: !!opencv-matrix
   rows: 1
   cols: 25
   dt: "3f"
   data: [ 8.84081299e+02, 3.21766296e+02, 7.96048224e-01,
       8.15515808e+02, 2.88532410e+02, 6.72139943e-01, 8.23369202e+02,
       2.14048859e+02, 6.70791507e-01, 6.90140320e+02, 1.59174606e+02,
       7.10432589e-01, 7.13552124e+02, 2.45405701e+02, 7.58252561e-01,
       8.05682068e+02, 3.66897217e+02, 3.74646723e-01, 6.50961487e+02,
       4.21719116e+02, 6.22218311e-01, 7.42983887e+02, 3.80604034e+02,
       8.01137626e-01, 5.56885254e+02, 2.94386017e+02, 1.84503734e-01,
       5.56907593e+02, 2.63007263e+02, 2.23372668e-01, 3.84498627e+02,
       2.61076630e+02, 1.48538634e-01, 1.82688232e+02, 2.66968811e+02,
       2.25031897e-01, 5.51013000e+02, 3.39446167e+02, 1.19513780e-01,
       3.59009399e+02, 3.57085297e+02, 1.82046607e-01, 3.15904572e+02,
       3.53078308e+02, 5.59523329e-02, 9.01802612e+02, 3.00222076e+02,
       7.94522226e-01, 9.03647339e+02, 3.37437805e+02, 8.02393734e-01,
       9.01645630e+02, 2.66962860e+02, 5.60379207e-01, 0., 0., 0., 0.,
       0., 0., 0., 0., 0., 0., 0., 0., 1.20024551e+02, 2.17963699e+02,
       1.62317544e-01, 1.16102051e+02, 2.14096771e+02, 1.49038821e-01,
       0., 0., 0. ]
