%YAML:1.0
---
pose_0: !!opencv-matrix
   rows: 1
   cols: 25
   dt: "3f"
   data: [ 9.42829224e+02, 2.57100708e+02, 7.63627887e-01,
       8.23408875e+02, 2.72841431e+02, 6.91752791e-01, 8.15493408e+02,
       1.90539703e+02, 6.15193129e-01, 6.95924500e+02, 1.61134705e+02,
       6.85065031e-01, 6.17558044e+02, 1.47507278e+02, 7.73224115e-01,
       8.38961853e+02, 3.57058960e+02, 6.27425194e-01, 7.17549255e+02,
       4.15802521e+02, 7.18074262e-01, 5.88221985e+02, 4.56940369e+02,
       7.56818056e-01, 5.47094666e+02, 3.10051544e+02, 1.42706707e-01,
       5.52967712e+02, 2.57096283e+02, 1.99904725e-01, 5.07854492e+02,
       2.21911896e+02, 1.53109819e-01, 3.49239960e+02, 2.88440094e+02,
       6.26442209e-02, 5.47094177e+02, 3.64901642e+02, 1.59836397e-01,
       3.68817810e+02, 3.80556946e+02, 8.61195028e-02, 3.15918274e+02,
       3.80582397e+02, 7.62849823e-02, 9.48679016e+02, 2.33667068e+02,
       8.54390144e-01, 9.58492004e+02, 2.72827332e+02, 8.14959407e-01,
       9.23276917e+02, 2.14044937e+02, 6.29752874e-01, 9.46773193e+02,
       2.94372528e+02, 2.52399355e-01, 0., 0., 0., 0., 0., 0., 0., 0.,
       0., 0., 0., 0., 0., 0., 0., 0., 0., 0. ]
