%YAML:1.0
---
pose_0: !!opencv-matrix
   rows: 1
   cols: 25
   dt: "3f"
   data: [ 9.03648682e+02, 2.10073883e+02, 7.58209407e-01,
       8.42946350e+02, 2.78693604e+02, 5.60083389e-01, 0., 0., 0., 0.,
       0., 0., 0., 0., 0., 8.56622253e+02, 2.88512604e+02,
       4.92167890e-01, 7.42987000e+02, 2.57097809e+02, 5.05434334e-01,
       7.56684814e+02, 1.65017365e+02, 4.41250920e-01, 5.96073608e+02,
       3.37443573e+02, 2.11225823e-01, 5.66695496e+02, 3.02222046e+02,
       2.23852143e-01, 2.88498474e+02, 2.74760712e+02, 1.27806321e-01,
       8.86921463e+01, 3.70769043e+02, 4.14966077e-01, 6.11745911e+02,
       3.78614197e+02, 1.50664613e-01, 3.31582611e+02, 3.19868896e+02,
       1.11936495e-01, 3.35503113e+02, 3.17871094e+02, 5.59389219e-02,
       9.27169128e+02, 2.10119537e+02, 2.62861907e-01, 9.31123596e+02,
       2.25815247e+02, 8.80273163e-01, 0., 0., 0., 9.17370483e+02,
       2.82635742e+02, 8.05069208e-01, 0., 0., 0., 0., 0., 0., 0., 0.,
       0., 5.73280907e+01, 4.00197540e+02, 2.24857718e-01,
       5.53294296e+01, 3.92301056e+02, 2.29496270e-01, 8.08031616e+01,
       3.80559875e+02, 2.59747356e-01 ]
