%YAML:1.0
---
pose_0: !!opencv-matrix
   rows: 1
   cols: 25
   dt: "3f"
   data: [ 7.45121643e+02, 3.77256805e+02, 8.26871276e-01,
       8.60038452e+02, 4.00820007e+02, 6.86296403e-01, 8.59815796e+02,
       5.00797424e+02, 7.58072913e-01, 9.86480774e+02, 5.30369873e+02,
       7.62797594e-01, 1.08940564e+03, 5.53728882e+02, 8.05534780e-01,
       8.80539001e+02, 3.09566895e+02, 6.89990044e-01, 9.65911377e+02,
       2.15391190e+02, 7.77120769e-01, 1.02765234e+03, 1.06345566e+02,
       8.73068333e-01, 1.13951843e+03, 3.80136993e+02, 5.45871019e-01,
       1.14242102e+03, 4.27248932e+02, 5.44902325e-01, 1.34844067e+03,
       4.80288666e+02, 7.85916150e-01, 1.54280835e+03, 5.74372437e+02,
       6.62179410e-01, 1.13654956e+03, 3.27182770e+02, 5.11654019e-01,
       1.35734302e+03, 3.18310089e+02, 6.87952399e-01, 1.57808264e+03,
       3.15466949e+02, 6.82477236e-01, 7.33343384e+02, 3.89131439e+02,
       8.55614185e-01, 7.39305054e+02, 3.62355194e+02, 8.89358521e-01,
       7.42311035e+02, 4.21451355e+02, 6.41548097e-01, 7.62779053e+02,
       3.41958130e+02, 3.92732948e-01, 1.63991321e+03, 2.91757996e+02,
       5.59579670e-01, 1.63685852e+03, 2.85976013e+02, 5.88308930e-01,
       1.60748474e+03, 3.18456848e+02, 3.07085007e-01, 1.61346936e+03,
       5.98016174e+02, 5.76866269e-01, 1.60749072e+03, 6.03870972e+02,
       5.44778824e-01, 1.56922400e+03, 5.68569580e+02, 3.81372750e-01 ]
