%YAML:1.0
---
pose_0: !!opencv-matrix
   rows: 1
   cols: 25
   dt: "3f"
   data: [ 7.36356140e+02, 3.62358246e+02, 8.51529598e-01,
       8.59936768e+02, 3.68431580e+02, 7.56990969e-01, 8.56962280e+02,
       4.56631317e+02, 6.63388252e-01, 9.09938354e+02, 5.71528015e+02,
       8.29168260e-01, 7.98096497e+02, 5.89097229e+02, 7.18150020e-01,
       8.68823730e+02, 2.88927338e+02, 6.56727254e-01, 9.59981262e+02,
       1.94772049e+02, 8.06346536e-01, 9.24696594e+02, 5.93466797e+01,
       8.43957305e-01, 1.11301453e+03, 3.86010529e+02, 5.83155155e-01,
       1.10425012e+03, 4.33090607e+02, 5.72390676e-01, 1.31323975e+03,
       4.39022644e+02, 6.04450941e-01, 1.53973364e+03, 4.62627716e+02,
       6.02078915e-01, 1.11304590e+03, 3.33038452e+02, 5.42723715e-01,
       1.34555811e+03, 3.18432098e+02, 4.24269021e-01, 1.56040979e+03,
       3.09474945e+02, 5.43154716e-01, 7.21627930e+02, 3.83130615e+02,
       7.73155212e-01, 7.24529907e+02, 3.42069427e+02, 7.85629749e-01,
       7.48110718e+02, 4.12497101e+02, 4.72526759e-01, 7.48043518e+02,
       3.24282898e+02, 2.22669825e-01, 1.63991699e+03, 2.71232544e+02,
       5.52304626e-01, 1.63405188e+03, 2.68343262e+02, 5.41182637e-01,
       1.58693848e+03, 3.18362427e+02, 2.32715994e-01, 1.60453113e+03,
       4.62592468e+02, 3.94056380e-01, 1.59278198e+03, 4.80209076e+02,
       3.44740659e-01, 1.56926611e+03, 4.53809326e+02, 3.18081737e-01 ]
