%YAML:1.0
---
pose_0: !!opencv-matrix
   rows: 1
   cols: 25
   dt: "3f"
   data: [ 0., 0., 0., 7.50998901e+02, 5.30206604e+02, 1.78071901e-01,
       7.51019958e+02, 5.97996338e+02, 1.13119192e-01, 0., 0., 0., 0.,
       0., 0., 7.45143738e+02, 4.83146454e+02, 2.02669322e-01,
       7.59896484e+02, 4.12699768e+02, 6.59731388e-01, 5.77469849e+02,
       5.09784546e+02, 7.42077947e-01, 1.06009558e+03, 5.33266663e+02,
       3.81017655e-01, 1.06887903e+03, 5.97907654e+02, 3.81863534e-01,
       1.33377832e+03, 5.98039978e+02, 5.56859732e-01, 1.66639441e+03,
       5.80419739e+02, 4.80303615e-01, 1.06299109e+03, 4.77237000e+02,
       3.97647142e-01, 1.37492505e+03, 4.89035217e+02, 4.39207852e-01,
       1.57515100e+03, 4.80306549e+02, 4.74789917e-01, 0., 0., 0., 0.,
       0., 0., 0., 0., 0., 0., 0., 0., 1.68701367e+03, 4.59560730e+02,
       2.93634653e-01, 1.68405786e+03, 4.56731476e+02, 3.40744436e-01,
       1.59282227e+03, 4.77309357e+02, 2.02500150e-01, 1.77517920e+03,
       6.33277832e+02, 3.53192329e-01, 1.77235181e+03, 6.30345032e+02,
       3.37023169e-01, 1.71347717e+03, 5.65621094e+02, 2.51427382e-01 ]
