%YAML:1.0
---
pose_0: !!opencv-matrix
   rows: 1
   cols: 25
   dt: "3f"
   data: [ 6.65726501e+02, 4.80213318e+02, 8.06884408e-01,
       8.09908691e+02, 4.65594940e+02, 7.24364519e-01, 8.01070923e+02,
       5.50968750e+02, 6.72221422e-01, 9.12925354e+02, 6.42096741e+02,
       7.73167372e-01, 9.74770569e+02, 6.18516724e+02, 5.77037513e-01,
       8.27498108e+02, 3.86013214e+02, 6.55631244e-01, 9.83523682e+02,
       3.94909760e+02, 7.12148011e-01, 8.83542786e+02, 3.68381744e+02,
       8.22226524e-01, 1.10131067e+03, 4.89050873e+02, 5.14010608e-01,
       1.09537524e+03, 5.36122009e+02, 5.18544316e-01, 1.30440601e+03,
       5.36205688e+02, 6.25100970e-01, 1.59576965e+03, 5.59679626e+02,
       5.16491115e-01, 1.11009790e+03, 4.33222015e+02, 4.77004409e-01,
       1.34849170e+03, 4.36134674e+02, 5.87652504e-01, 1.56634265e+03,
       4.59573364e+02, 4.81151193e-01, 6.45122986e+02, 4.89132690e+02,
       6.97454989e-01, 6.48167603e+02, 4.56655945e+02, 8.38496149e-01,
       6.68515381e+02, 5.06728851e+02, 7.65064508e-02, 6.92107727e+02,
       4.12603943e+02, 5.44218719e-01, 1.63992554e+03, 4.12610718e+02,
       4.25337940e-01, 1.63686646e+03, 4.12637268e+02, 4.59239691e-01,
       1.58989026e+03, 4.86153931e+02, 3.22979152e-01, 1.69876599e+03,
       5.39157715e+02, 3.21814269e-01, 1.69869275e+03, 5.59723328e+02,
       2.69010842e-01, 1.63396936e+03, 5.33317993e+02, 2.36809254e-01 ]
