%YAML:1.0
---
pose_0: !!opencv-matrix
   rows: 1
   cols: 25
   dt: "3f"
   data: [ 7.65767822e+02, 4.15594391e+02, 3.60501856e-01,
       8.33433411e+02, 4.65564087e+02, 6.19441152e-01, 8.24603271e+02,
       5.30220764e+02, 6.85152233e-01, 9.48174316e+02, 5.97944336e+02,
       8.23707819e-01, 1.09533777e+03, 6.06834900e+02, 8.03435564e-01,
       8.30432251e+02, 4.06617706e+02, 4.67806697e-01, 9.98278503e+02,
       4.00779572e+02, 5.22387147e-01, 1.09555420e+03, 3.21391083e+02,
       8.13965440e-01, 1.10717639e+03, 4.68480408e+02, 4.45860744e-01,
       1.09836462e+03, 5.15556335e+02, 3.77728999e-01, 1.33085339e+03,
       4.77232819e+02, 7.26216257e-01, 1.55455029e+03, 5.33301941e+02,
       5.33449531e-01, 1.11299573e+03, 4.18488861e+02, 4.88458365e-01,
       1.33382141e+03, 4.21355133e+02, 5.44280767e-01, 1.53682056e+03,
       4.65574066e+02, 4.98192132e-01, 7.62737793e+02, 4.56598633e+02,
       3.35436255e-01, 7.62796265e+02, 4.15545319e+02, 2.68589258e-01,
       7.48086792e+02, 4.94956696e+02, 3.63400817e-01, 7.62746521e+02,
       4.06591370e+02, 1.24017298e-01, 1.60457581e+03, 4.12489899e+02,
       3.55978996e-01, 1.59870068e+03, 4.12529083e+02, 3.53137672e-01,
       1.56042126e+03, 4.77265533e+02, 2.85842806e-01, 1.62813586e+03,
       5.30369873e+02, 5.14529705e-01, 1.61348315e+03, 5.47984680e+02,
       4.55553114e-01, 1.57810522e+03, 5.45031860e+02, 2.95050532e-01 ]
