%YAML:1.0
---
pose_0: !!opencv-matrix
   rows: 1
   cols: 25
   dt: "3f"
   data: [ 6.56886597e+02, 3.65343445e+02, 8.57692182e-01,
       8.01084839e+02, 3.68384857e+02, 6.36757433e-01, 8.12820496e+02,
       4.59760376e+02, 6.30333900e-01, 9.68782898e+02, 5.06663239e+02,
       6.55503035e-01, 1.11306213e+03, 5.50950623e+02, 8.13194036e-01,
       8.09818054e+02, 2.71271606e+02, 6.56199276e-01, 9.80688416e+02,
       2.21301163e+02, 7.89788663e-01, 1.11896985e+03, 1.74245743e+02,
       8.67060065e-01, 1.12482568e+03, 3.36051025e+02, 4.27130401e-01,
       1.11605029e+03, 3.91907135e+02, 4.59551722e-01, 1.35736169e+03,
       3.91929993e+02, 5.53411424e-01, 1.64580505e+03, 3.62497742e+02,
       4.71290886e-01, 1.12484167e+03, 2.71394501e+02, 3.84670645e-01,
       1.36324341e+03, 2.91917542e+02, 5.93105853e-01, 1.54567383e+03,
       2.97818909e+02, 4.11256164e-01, 6.44927307e+02, 3.83149658e+02,
       7.48365760e-01, 6.45104614e+02, 3.41863922e+02, 8.56288850e-01,
       6.56864868e+02, 4.06618286e+02, 2.36827075e-01, 6.71515259e+02,
       3.15306824e+02, 4.36971784e-01, 1.63401135e+03, 2.77167175e+02,
       1.73381329e-01, 1.62810132e+03, 2.74207245e+02, 2.18504369e-01,
       1.56920923e+03, 3.09475311e+02, 2.02453762e-01, 1.77832166e+03,
       3.12410614e+02, 4.19166505e-01, 1.77830750e+03, 3.18447388e+02,
       3.17121863e-01, 1.70170435e+03, 3.74285217e+02, 1.80398822e-01 ]
