%YAML:1.0
---
pose_0: !!opencv-matrix
   rows: 1
   cols: 25
   dt: "3f"
   data: [ 7.30471375e+02, 4.71397064e+02, 7.97516644e-01,
       8.60006409e+02, 4.68424591e+02, 7.12471604e-01, 8.65817810e+02,
       5.50855469e+02, 6.54942751e-01, 9.71790222e+02, 6.27458008e+02,
       7.19457507e-01, 9.24696106e+02, 6.30388428e+02, 5.49314976e-01,
       8.71672241e+02, 3.86147369e+02, 6.68882847e-01, 1.02477625e+03,
       3.62577423e+02, 5.12648702e-01, 1.02184595e+03, 3.71393494e+02,
       4.94759858e-01, 1.13945007e+03, 4.89073730e+02, 5.56500196e-01,
       1.12486450e+03, 5.33322693e+02, 5.99903166e-01, 1.31033032e+03,
       5.59757690e+02, 6.17464066e-01, 1.51335339e+03, 5.77456238e+02,
       5.62612712e-01, 1.13952954e+03, 4.36076202e+02, 5.23259282e-01,
       1.35145129e+03, 4.50790192e+02, 5.62044859e-01, 1.56037048e+03,
       4.59684021e+02, 6.40586793e-01, 7.15725464e+02, 4.86196289e+02,
       7.90351152e-01, 7.18542114e+02, 4.53812531e+02, 8.63344669e-01,
       7.39267578e+02, 5.06633331e+02, 2.35660940e-01, 7.42263794e+02,
       4.21343597e+02, 5.35577774e-01, 1.61631396e+03, 4.36106628e+02,
       5.98735332e-01, 1.61047473e+03, 4.33203125e+02, 6.64560080e-01,
       1.58105017e+03, 4.71433868e+02, 3.16931844e-01, 1.58690161e+03,
       5.77356934e+02, 2.89584190e-01, 1.56631226e+03, 5.92120972e+02,
       2.57201642e-01, 1.54574390e+03, 5.68547852e+02, 2.81341344e-01 ]
