%YAML:1.0
---
pose_0: !!opencv-matrix
   rows: 2
   cols: 25
   dt: "3f"
   data: [ 0., 0., 0., 7.30393921e+02, 5.15546997e+02, 1.06189772e-01,
       6.65639404e+02, 6.21603882e+02, 1.20054558e-01, 8.04019409e+02,
       6.50963196e+02, 4.37407136e-01, 6.48049133e+02, 5.15609253e+02,
       5.87674022e-01, 7.42220215e+02, 4.74318939e+02, 1.28173724e-01,
       0., 0., 0., 0., 0., 0., 1.04540210e+03, 5.24356628e+02,
       4.59062904e-01, 1.02469604e+03, 5.92107788e+02, 4.79098350e-01,
       1.31319971e+03, 6.92155945e+02, 5.49989402e-01, 1.55157935e+03,
       7.36238220e+02, 2.96919972e-01, 1.05126746e+03, 4.53743988e+02,
       3.94134760e-01, 1.35733386e+03, 4.59776703e+02, 5.62481344e-01,
       1.72817871e+03, 4.83131287e+02, 4.27841961e-01, 0., 0., 0., 0.,
       0., 0., 0., 0., 0., 0., 0., 0., 1.85187793e+03, 4.41983917e+02,
       2.22727180e-01, 1.85184814e+03, 4.44900391e+02, 2.20354423e-01,
       1.75466797e+03, 5.06689270e+02, 2.28448287e-01, 1.58104150e+03,
       7.53980774e+02, 1.01102889e-01, 0., 0., 0., 1.58686389e+03,
       7.33380432e+02, 1.93725437e-01, 0., 0., 0., 0., 0., 0., 0., 0.,
       0., 0., 0., 0., 0., 0., 0., 6.95086731e+02, 3.50773834e+02,
       9.43127424e-02, 8.56859863e+02, 3.42037048e+02, 7.24674284e-01,
       6.45066406e+02, 4.09730042e+02, 6.33680463e-01, 0., 0., 0., 0.,
       0., 0., 0., 0., 0., 0., 0., 0., 0., 0., 0., 0., 0., 0., 0., 0.,
       0., 0., 0., 0., 0., 0., 0., 0., 0., 0., 0., 0., 0., 0., 0., 0.,
       0., 0., 0., 0., 0., 0., 0., 0., 0., 0., 0., 0., 0., 0., 0. ]
