%YAML:1.0
---
pose_0: !!opencv-matrix
   rows: 1
   cols: 25
   dt: "3f"
   data: [ 7.45250610e+02, 3.94908264e+02, 8.47002387e-01,
       8.74627258e+02, 4.12554718e+02, 7.27804363e-01, 8.59911255e+02,
       5.00761139e+02, 7.76075125e-01, 9.89380676e+02, 5.50946045e+02,
       5.94252348e-01, 1.01592749e+03, 5.77494141e+02, 8.06878924e-01,
       8.83506775e+02, 3.33120087e+02, 5.86951137e-01, 1.02471460e+03,
       3.21358734e+02, 7.02758014e-01, 1.05715088e+03, 2.62449829e+02,
       7.60780454e-01, 1.12187500e+03, 4.09541626e+02, 5.61171353e-01,
       1.12484814e+03, 4.53796295e+02, 5.54346025e-01, 1.35432825e+03,
       4.56657104e+02, 7.93801665e-01, 1.56044409e+03, 5.33207092e+02,
       6.41955197e-01, 1.11892322e+03, 3.56628571e+02, 5.41787148e-01,
       1.33091626e+03, 3.15412201e+02, 5.83021462e-01, 1.56628577e+03,
       2.91878693e+02, 5.89201927e-01, 7.36280640e+02, 4.09715973e+02,
       8.50387633e-01, 7.39341431e+02, 3.77280670e+02, 8.69230628e-01,
       7.48125000e+02, 4.36030640e+02, 4.78283376e-01, 7.65720764e+02,
       3.56613678e+02, 5.58138728e-01, 1.63987170e+03, 2.68327179e+02,
       4.48716760e-01, 1.63692480e+03, 2.65406433e+02, 4.75360870e-01,
       1.60157056e+03, 2.91925476e+02, 2.68843621e-01, 1.61639648e+03,
       5.30260681e+02, 5.06813169e-01, 1.61053882e+03, 5.47852478e+02,
       5.19938946e-01, 1.58102295e+03, 5.53923340e+02, 3.57665032e-01 ]
