%YAML:1.0
---
pose_0: !!opencv-matrix
   rows: 1
   cols: 25
   dt: "3f"
   data: [ 7.36232178e+02, 3.86032928e+02, 8.66771698e-01,
       8.57105713e+02, 4.03720795e+02, 7.80411720e-01, 8.56908386e+02,
       4.83076385e+02, 7.79369950e-01, 9.74604553e+02, 5.53885681e+02,
       8.64442885e-01, 9.95303833e+02, 6.24590942e+02, 8.35056245e-01,
       8.62866028e+02, 3.18385925e+02, 7.07747817e-01, 9.89392761e+02,
       2.68322266e+02, 7.69005537e-01, 1.07190234e+03, 2.24350098e+02,
       8.82991970e-01, 1.13661414e+03, 4.39096649e+02, 5.99385858e-01,
       1.12482166e+03, 4.86236084e+02, 5.74520648e-01, 1.32498938e+03,
       5.03922424e+02, 7.92250156e-01, 1.54864575e+03, 5.45047058e+02,
       6.33887172e-01, 1.14247461e+03, 3.86141266e+02, 5.90480983e-01,
       1.35731226e+03, 3.41955902e+02, 4.82912123e-01, 1.55750488e+03,
       2.97875458e+02, 5.04825652e-01, 7.18607910e+02, 3.94899567e+02,
       8.03938031e-01, 7.21558594e+02, 3.65428040e+02, 8.63203168e-01,
       7.39127502e+02, 4.15613525e+02, 5.94672143e-01, 7.45110046e+02,
       3.42010529e+02, 5.85614979e-01, 1.63687756e+03, 2.53629868e+02,
       3.42035711e-01, 1.63110388e+03, 2.53669296e+02, 3.60025704e-01,
       1.56926453e+03, 2.91965759e+02, 2.63137698e-01, 1.61636328e+03,
       5.47909851e+02, 2.79052794e-01, 1.61348120e+03, 5.53829224e+02,
       3.03899139e-01, 1.58104004e+03, 5.33244690e+02, 4.13012922e-01 ]
