%YAML:1.0
---
pose_0: !!opencv-matrix
   rows: 1
   cols: 25
   dt: "3f"
   data: [ 7.39313416e+02, 4.86200500e+02, 8.67446065e-01,
       8.56901001e+02, 5.06742767e+02, 7.28965163e-01, 8.57042236e+02,
       5.74505554e+02, 6.57969534e-01, 9.98335693e+02, 6.27435730e+02,
       7.36198902e-01, 1.09837720e+03, 6.68613770e+02, 8.23334873e-01,
       8.56978149e+02, 4.36224915e+02, 6.30922854e-01, 1.01585431e+03,
       3.91922272e+02, 7.33323693e-01, 1.16018420e+03, 3.62590027e+02,
       8.14142704e-01, 1.11598901e+03, 5.18555847e+02, 5.79548895e-01,
       1.11013647e+03, 5.71427185e+02, 5.80129802e-01, 1.30737402e+03,
       5.77247131e+02, 7.51274467e-01, 1.54279456e+03, 5.92105591e+02,
       5.30131102e-01, 1.11896912e+03, 4.62564209e+02, 5.86831927e-01,
       1.35443530e+03, 4.44941895e+02, 4.20130849e-01, 1.59574121e+03,
       4.15503052e+02, 5.20747006e-01, 7.21611877e+02, 5.03733856e+02,
       7.91539609e-01, 7.30434387e+02, 4.71394958e+02, 7.68969893e-01,
       7.39295898e+02, 5.27305664e+02, 4.39232707e-01, 7.59867493e+02,
       4.44897247e+02, 5.90809286e-01, 1.68997913e+03, 3.91969788e+02,
       1.74514756e-01, 1.68698975e+03, 3.91930054e+02, 2.05291688e-01,
       1.67808801e+03, 4.33115356e+02, 1.56849787e-01, 1.61055310e+03,
       5.65600952e+02, 3.30311030e-01, 1.60162561e+03, 5.80361755e+02,
       2.55721003e-01, 1.57218445e+03, 5.97994446e+02, 2.53724337e-01 ]
