%YAML:1.0
---
pose_0: !!opencv-matrix
   rows: 1
   cols: 25
   dt: "3f"
   data: [ 0., 0., 0., 9.77617004e+02, 4.83170349e+02, 3.16785157e-01,
       9.33521240e+02, 5.12622009e+02, 3.26927125e-01, 8.51119507e+02,
       5.03697693e+02, 3.26634705e-01, 9.80573547e+02, 4.39041748e+02,
       2.10746333e-01, 1.00119012e+03, 4.56762054e+02, 2.14259237e-01,
       0., 0., 0., 0., 0., 0., 1.16312024e+03, 4.92007385e+02,
       4.32204425e-01, 1.17191748e+03, 5.30282471e+02, 3.91719639e-01,
       1.39554272e+03, 4.39030609e+02, 7.81776547e-01, 1.58396338e+03,
       6.33278320e+02, 5.68216562e-01, 1.16312964e+03, 4.39096619e+02,
       4.06397820e-01, 1.37207117e+03, 3.88952301e+02, 4.08714473e-01,
       0., 0., 0., 0., 0., 0., 0., 0., 0., 0., 0., 0., 0., 0., 0., 0.,
       0., 0., 0., 0., 0., 0., 0., 0., 1.62521667e+03, 6.62672974e+02,
       4.55029488e-01, 1.60753186e+03, 6.71505432e+02, 4.98998553e-01,
       1.60164270e+03, 6.45083618e+02, 3.46266627e-01 ]
