%YAML:1.0
---
pose_0: !!opencv-matrix
   rows: 1
   cols: 25
   dt: "3f"
   data: [ 0., 0., 0., 8.12922607e+02, 5.27321167e+02, 4.86419976e-01,
       8.12905090e+02, 5.24438721e+02, 4.27889943e-01, 9.12926025e+02,
       4.92017395e+02, 3.74095857e-01, 8.09970215e+02, 4.09565430e+02,
       7.54147947e-01, 8.01041321e+02, 5.42009460e+02, 4.56134796e-01,
       9.15890869e+02, 5.03793854e+02, 5.24483621e-02, 0., 0., 0.,
       1.09243201e+03, 5.03812317e+02, 3.78855556e-01, 1.08654663e+03,
       5.06770599e+02, 2.87190259e-01, 1.33386755e+03, 4.80216217e+02,
       7.23749161e-01, 1.58991406e+03, 6.48001892e+02, 5.78332245e-01,
       1.10714453e+03, 4.89115051e+02, 2.66480446e-01, 1.36323840e+03,
       4.59689270e+02, 3.67998302e-01, 1.56341626e+03, 5.06736603e+02,
       5.48742890e-01, 0., 0., 0., 0., 0., 0., 7.65709229e+02,
       4.83301758e+02, 7.03050643e-02, 7.36301392e+02, 5.47899353e+02,
       1.15097150e-01, 1.61633069e+03, 4.56763367e+02, 1.78129300e-01,
       1.61043127e+03, 4.59683990e+02, 2.10222036e-01, 1.58685352e+03,
       5.12636597e+02, 2.29824290e-01, 1.64581458e+03, 6.71481873e+02,
       4.78976399e-01, 1.63098792e+03, 6.80418457e+02, 5.09314954e-01,
       1.60754639e+03, 6.65702942e+02, 3.03324759e-01 ]
