%YAML:1.0
---
pose_0: !!opencv-matrix
   rows: 1
   cols: 25
   dt: "3f"
   data: [ 7.62904297e+02, 4.15565460e+02, 8.75655770e-01,
       8.83557251e+02, 4.39109650e+02, 7.61955082e-01, 8.86486389e+02,
       5.27443176e+02, 7.21239626e-01, 9.77561951e+02, 6.21524841e+02,
       8.50787282e-01, 1.05132056e+03, 6.45097229e+02, 7.83931732e-01,
       8.80445129e+02, 3.65372375e+02, 6.42116547e-01, 1.01889661e+03,
       2.88951965e+02, 8.04728031e-01, 1.13965759e+03, 2.09468048e+02,
       8.26836169e-01, 1.14545630e+03, 4.30162567e+02, 6.01709902e-01,
       1.14248340e+03, 4.77344299e+02, 6.32225275e-01, 1.35136938e+03,
       5.27197083e+02, 6.97177231e-01, 1.55157446e+03, 5.74327820e+02,
       6.56700492e-01, 1.15134204e+03, 3.71380280e+02, 5.69666803e-01,
       1.35440259e+03, 3.38919952e+02, 6.37166560e-01, 1.57224805e+03,
       2.97764435e+02, 6.36310399e-01, 7.48140625e+02, 4.33195709e+02,
       8.11252952e-01, 7.56928101e+02, 4.03722778e+02, 8.08646739e-01,
       7.65702698e+02, 4.56808502e+02, 6.77493095e-01, 7.74588745e+02,
       3.80178864e+02, 5.60521185e-01, 1.64573633e+03, 2.65352631e+02,
       3.50975811e-01, 1.63987634e+03, 2.62447235e+02, 3.65779459e-01,
       1.60454675e+03, 2.97761017e+02, 2.29632348e-01, 1.60755981e+03,
       6.15590576e+02, 4.81425375e-01, 1.61033154e+03, 6.06805298e+02,
       5.24553835e-01, 1.58393018e+03, 5.53875305e+02, 4.48393136e-01 ]
