%YAML:1.0
---
pose_0: !!opencv-matrix
   rows: 1
   cols: 25
   dt: "3f"
   data: [ 7.12667969e+02, 4.36181091e+02, 8.53201330e-01,
       8.15773560e+02, 4.97910767e+02, 7.10810542e-01, 8.12780457e+02,
       5.77326172e+02, 7.04797447e-01, 9.04070801e+02, 6.48098206e+02,
       7.32753277e-01, 9.83534302e+02, 6.50919922e+02, 6.70922041e-01,
       8.15853394e+02, 4.30152130e+02, 6.37780428e-01, 9.86515015e+02,
       4.15598663e+02, 7.20390081e-01, 8.56872437e+02, 4.09630157e+02,
       8.37698340e-01, 1.11006946e+03, 4.83115784e+02, 5.40400386e-01,
       1.10712073e+03, 5.30178467e+02, 6.03809893e-01, 1.30734949e+03,
       5.53783813e+02, 7.68728197e-01, 1.56338647e+03, 6.01063782e+02,
       5.61742306e-01, 1.10421973e+03, 4.27287048e+02, 5.28102517e-01,
       1.33084253e+03, 4.36023041e+02, 7.14290142e-01, 1.56636401e+03,
       4.59619476e+02, 6.33880198e-01, 6.92148926e+02, 4.56726837e+02,
       8.83277893e-01, 6.98095337e+02, 4.18494385e+02, 7.73361802e-01,
       7.12697693e+02, 4.91989777e+02, 6.88368082e-01, 7.36281738e+02,
       4.09642273e+02, 2.01900467e-01, 1.63388330e+03, 4.36183533e+02,
       5.20060658e-01, 1.62520288e+03, 4.33233368e+02, 5.39382517e-01,
       1.60456091e+03, 4.68433838e+02, 2.50285357e-01, 1.68408801e+03,
       5.80271179e+02, 4.58876461e-01, 1.67225537e+03, 5.95068726e+02,
       3.74227971e-01, 1.58985779e+03, 6.12666626e+02, 3.54807764e-01 ]
