%YAML:1.0
---
pose_0: !!opencv-matrix
   rows: 1
   cols: 25
   dt: "3f"
   data: [ 0., 0., 0., 8.30480530e+02, 5.21495667e+02, 3.84532571e-01,
       8.15788452e+02, 5.62685791e+02, 5.79537868e-01, 9.51044922e+02,
       6.27451233e+02, 7.71245420e-01, 1.08941443e+03, 5.74422302e+02,
       8.08359027e-01, 8.36404053e+02, 4.77316956e+02, 1.72037244e-01,
       1.02772217e+03, 5.03805389e+02, 3.05212915e-01, 1.14839868e+03,
       4.77338989e+02, 4.57280874e-01, 1.10132202e+03, 5.77436462e+02,
       4.54482257e-01, 1.09246838e+03, 6.24526123e+02, 4.70020473e-01,
       1.35134607e+03, 5.45017456e+02, 7.86442637e-01, 1.60753149e+03,
       6.92152954e+02, 4.85071659e-01, 1.11893970e+03, 5.27418579e+02,
       4.10102189e-01, 1.37805676e+03, 5.03822021e+02, 7.50514865e-01,
       1.56340027e+03, 5.83273376e+02, 5.67355394e-01, 0., 0., 0., 0.,
       0., 0., 7.48135742e+02, 5.30305664e+02, 6.71379119e-02, 0., 0.,
       0., 1.62517322e+03, 5.30282837e+02, 3.25305253e-01,
       1.62221582e+03, 5.30292053e+02, 3.48204762e-01, 1.58693335e+03,
       6.18475830e+02, 4.41072524e-01, 1.72228369e+03, 6.21557434e+02,
       2.89395630e-01, 1.72524329e+03, 6.27451111e+02, 2.45435998e-01,
       1.62810278e+03, 7.24550842e+02, 3.16211522e-01 ]
