%YAML:1.0
---
pose_0: !!opencv-matrix
   rows: 1
   cols: 25
   dt: "3f"
   data: [ 7.09806885e+02, 4.33256409e+02, 8.57387245e-01,
       7.77520813e+02, 4.80205811e+02, 7.55879879e-01, 7.45171265e+02,
       5.27232788e+02, 6.02847219e-01, 6.62762573e+02, 4.89069305e+02,
       3.67924094e-01, 0., 0., 0., 8.04059265e+02, 4.27257416e+02,
       6.91625953e-01, 9.77724304e+02, 3.97882477e+02, 8.36406171e-01,
       8.57005310e+02, 3.89078094e+02, 8.88457656e-01, 1.09831873e+03,
       5.06750031e+02, 5.22618771e-01, 1.09245105e+03, 5.53860291e+02,
       5.49189806e-01, 1.29549377e+03, 5.95045593e+02, 7.44508684e-01,
       1.57222900e+03, 6.12734497e+02, 5.71815491e-01, 1.09545496e+03,
       4.56606445e+02, 4.97184962e-01, 1.32780786e+03, 4.56656433e+02,
       7.17342496e-01, 1.56339014e+03, 4.68445007e+02, 5.48176467e-01,
       6.89273804e+02, 4.47849030e+02, 8.30705702e-01, 6.95042847e+02,
       4.21368073e+02, 5.98796189e-01, 6.95106812e+02, 4.80191742e+02,
       8.12330425e-01, 0., 0., 0., 1.63692053e+03, 4.36165192e+02,
       4.53382313e-01, 1.63389343e+03, 4.36102539e+02, 5.00546098e-01,
       1.60456897e+03, 4.77282135e+02, 2.72095770e-01, 1.68405652e+03,
       5.83224121e+02, 3.41146737e-01, 1.67814893e+03, 5.98043762e+02,
       2.86161661e-01, 1.60751294e+03, 6.12731201e+02, 2.82816529e-01 ]
