%YAML:1.0
---
pose_0: !!opencv-matrix
   rows: 1
   cols: 25
   dt: "3f"
   data: [ 7.21690308e+02, 5.56794006e+02, 8.58224094e-01,
       8.36494934e+02, 5.53904419e+02, 6.72222376e-01, 8.27506470e+02,
       6.21554871e+02, 5.80182612e-01, 9.83559814e+02, 6.56862183e+02,
       4.89303172e-01, 1.14833276e+03, 7.01023132e+02, 7.01503873e-01,
       8.54049988e+02, 4.83172638e+02, 6.49623752e-01, 1.02768213e+03,
       4.33125732e+02, 6.24795914e-01, 1.16594861e+03, 4.09517914e+02,
       7.41167545e-01, 1.11601123e+03, 5.53810608e+02, 5.82465887e-01,
       1.11013281e+03, 6.03944702e+02, 6.12748623e-01, 1.35148401e+03,
       7.12749390e+02, 7.37183690e-01, 1.49564380e+03, 6.62698120e+02,
       4.21040535e-01, 1.11896753e+03, 4.97935364e+02, 5.51833272e-01,
       1.32794128e+03, 5.74473022e+02, 6.87872350e-01, 1.62223303e+03,
       6.01020081e+02, 4.39905941e-01, 7.12745789e+02, 5.74489136e+02,
       8.36941004e-01, 7.15700867e+02, 5.39168152e+02, 8.43469083e-01,
       7.27510864e+02, 5.97919861e+02, 3.88217986e-01, 7.39265259e+02,
       5.21372864e+02, 6.39424205e-01, 1.69875867e+03, 5.71412354e+02,
       4.11697447e-01, 1.68996143e+03, 5.65623474e+02, 4.29945409e-01,
       1.67521716e+03, 6.36200623e+02, 2.45134875e-01, 1.54279504e+03,
       6.92094299e+02, 2.83668637e-01, 1.52212061e+03, 6.98007263e+02,
       3.02551866e-01, 1.51921362e+03, 6.33289368e+02, 3.14052403e-01 ]
