%YAML:1.0
---
pose_0: !!opencv-matrix
   rows: 1
   cols: 25
   dt: "3f"
   data: [ 6.36224976e+02, 4.86203644e+02, 7.82171309e-01,
       7.65734680e+02, 5.03760925e+02, 7.30371654e-01, 7.65716614e+02,
       5.95078735e+02, 7.22049594e-01, 9.06958679e+02, 6.68658203e+02,
       8.29704881e-01, 1.05128625e+03, 7.45162781e+02, 8.20981920e-01,
       7.68683289e+02, 4.06704193e+02, 4.93983567e-01, 9.33505554e+02,
       4.12499084e+02, 3.69847327e-01, 1.03061865e+03, 4.36208649e+02,
       3.24791104e-01, 1.06597095e+03, 5.56759521e+02, 4.70510423e-01,
       1.05416614e+03, 6.18571899e+02, 4.28936362e-01, 1.15720093e+03,
       6.62750488e+02, 1.02170117e-01, 0., 0., 0., 1.07481677e+03,
       4.92012360e+02, 4.31283027e-01, 1.30433716e+03, 4.92073883e+02,
       4.30520684e-01, 1.65163855e+03, 5.03708527e+02, 3.78464907e-01,
       6.21615662e+02, 5.09722717e+02, 7.56815791e-01, 6.21442993e+02,
       4.71386078e+02, 7.55034089e-01, 6.44996033e+02, 5.39144104e+02,
       3.58339727e-01, 6.53918823e+02, 4.39103546e+02, 4.74615067e-01,
       1.73113367e+03, 4.80183136e+02, 2.22567201e-01, 1.72813025e+03,
       4.74402649e+02, 2.12245360e-01, 1.65754114e+03, 5.09646088e+02,
       2.12593436e-01, 0., 0., 0., 0., 0., 0., 0., 0., 0. ]
