%YAML:1.0
---
pose_0: !!opencv-matrix
   rows: 1
   cols: 25
   dt: "3f"
   data: [ 6.47996399e+02, 4.80182220e+02, 8.65446568e-01,
       7.89305664e+02, 4.80161713e+02, 7.62342215e-01, 7.89194824e+02,
       5.53836426e+02, 6.69273973e-01, 9.24657837e+02, 6.42004456e+02,
       7.58242130e-01, 9.77704956e+02, 6.24375061e+02, 7.20625222e-01,
       8.06988098e+02, 3.94863953e+02, 6.56227887e-01, 9.74571106e+02,
       3.91957520e+02, 8.23740780e-01, 8.53980103e+02, 3.83054199e+02,
       7.60204077e-01, 1.08358118e+03, 4.89067444e+02, 5.21218419e-01,
       1.07776343e+03, 5.36200134e+02, 5.56403160e-01, 1.30145959e+03,
       5.30360840e+02, 7.30839789e-01, 1.58685706e+03, 5.59735779e+02,
       5.57910502e-01, 1.08066858e+03, 4.33222412e+02, 5.37225187e-01,
       1.33673962e+03, 4.36161987e+02, 4.51076984e-01, 1.58391833e+03,
       4.56623383e+02, 5.09993315e-01, 6.27364685e+02, 4.86122192e+02,
       7.63520598e-01, 6.42125000e+02, 4.56537994e+02, 8.60449553e-01,
       6.44981323e+02, 5.06910339e+02, 1.49125472e-01, 6.77456665e+02,
       4.12513885e+02, 5.57737291e-01, 1.64578247e+03, 4.21352844e+02,
       4.47667301e-01, 1.63986194e+03, 4.18415680e+02, 5.02341807e-01,
       1.60459814e+03, 4.80279968e+02, 2.98138708e-01, 1.69878198e+03,
       5.50899902e+02, 4.11608756e-01, 1.69284033e+03, 5.59746521e+02,
       3.51961792e-01, 1.61634863e+03, 5.39122681e+02, 2.47603506e-01 ]
