%YAML:1.0
---
pose_0: !!opencv-matrix
   rows: 2
   cols: 25
   dt: "3f"
   data: [ 0., 0., 0., 0., 0., 0., 9.51115601e+02, 3.56589081e+02,
       8.87872800e-02, 1.05417444e+03, 4.15559326e+02, 7.13556886e-01,
       1.16315295e+03, 4.97896484e+02, 8.41057301e-01, 0., 0., 0., 0.,
       0., 0., 0., 0., 0., 0., 0., 0., 0., 0., 0., 0., 0., 0., 0., 0.,
       0., 0., 0., 0., 0., 0., 0., 0., 0., 0., 0., 0., 0., 0., 0., 0.,
       0., 0., 0., 0., 0., 0., 0., 0., 0., 0., 0., 0., 0., 0., 0., 0.,
       0., 0., 0., 0., 0., 0., 0., 0., 7.89284363e+02, 3.89038177e+02,
       7.80349791e-01, 8.68732117e+02, 3.06580475e+02, 5.30495524e-01,
       8.65807373e+02, 2.91925964e+02, 3.81914556e-01, 8.48100708e+02,
       3.86127472e+02, 2.38910675e-01, 8.48162048e+02, 4.62555359e+02,
       3.68071169e-01, 8.68760681e+02, 3.12435974e+02, 6.42490327e-01,
       9.51016602e+02, 4.53765320e+02, 7.78910875e-01, 1.02768750e+03,
       6.00936035e+02, 7.36489952e-01, 1.18965588e+03, 3.18412018e+02,
       5.34192085e-01, 1.18372522e+03, 3.68430634e+02, 5.94928980e-01,
       1.33378857e+03, 5.27184631e+02, 8.25986862e-01, 1.55160071e+03,
       5.65573669e+02, 5.62314391e-01, 1.20426636e+03, 2.68312531e+02,
       3.78376216e-01, 1.41620642e+03, 2.88888733e+02, 6.06378675e-01,
       1.56040198e+03, 1.74237625e+02, 4.09706652e-01, 0., 0., 0.,
       7.77470520e+02, 3.77274200e+02, 6.97506845e-01, 0., 0., 0.,
       7.86343018e+02, 3.30128082e+02, 6.04361594e-01, 1.61333020e+03,
       2.21109512e+02, 5.98433353e-02, 0., 0., 0., 1.57221460e+03,
       1.44694351e+02, 2.05680147e-01, 1.60744775e+03, 6.42078735e+02,
       3.51855457e-01, 1.59283728e+03, 6.30400635e+02, 3.43975037e-01,
       1.58692517e+03, 5.50805298e+02, 4.36497271e-01 ]
