%YAML:1.0
---
pose_0: !!opencv-matrix
   rows: 1
   cols: 25
   dt: "3f"
   data: [ 7.36322266e+02, 4.44963501e+02, 8.21188152e-01,
       8.54094727e+02, 4.36215424e+02, 7.13167787e-01, 8.56881592e+02,
       5.06878387e+02, 7.15082765e-01, 9.89417297e+02, 5.56825989e+02,
       5.75368404e-01, 1.11594617e+03, 6.12659424e+02, 3.28169048e-01,
       8.48140137e+02, 3.77190613e+02, 5.57835996e-01, 1.00125537e+03,
       3.21298767e+02, 8.05189133e-01, 1.11885876e+03, 3.15436340e+02,
       8.73027563e-01, 1.11305701e+03, 4.42040100e+02, 5.65996230e-01,
       1.10123279e+03, 4.95016388e+02, 6.07542753e-01, 1.30440625e+03,
       5.30292114e+02, 7.42950380e-01, 1.57812219e+03, 5.77278259e+02,
       5.95107794e-01, 1.11605200e+03, 3.88943146e+02, 5.59585869e-01,
       1.34557593e+03, 4.09473511e+02, 6.58372462e-01, 1.56927209e+03,
       3.97865051e+02, 5.74352384e-01, 7.18649414e+02, 4.59672882e+02,
       8.26382935e-01, 7.18756165e+02, 4.30130890e+02, 8.32721472e-01,
       7.39293579e+02, 4.77260986e+02, 1.76382929e-01, 7.42255188e+02,
       3.94879883e+02, 6.45874858e-01, 1.63691968e+03, 4.42045746e+02,
       2.05950066e-01, 1.63408130e+03, 4.30255066e+02, 1.73426062e-01,
       1.61043689e+03, 3.89047546e+02, 2.29990363e-01, 1.67814417e+03,
       5.92103027e+02, 3.35315645e-01, 0., 0., 0., 1.61041003e+03,
       5.53930054e+02, 2.75351375e-01 ]
