%YAML:1.0
---
pose_0: !!opencv-matrix
   rows: 2
   cols: 25
   dt: "3f"
   data: [ 0., 0., 0., 8.65813599e+02, 5.09726471e+02, 8.01390037e-02,
       0., 0., 0., 0., 0., 0., 0., 0., 0., 0., 0., 0., 0., 0., 0., 0.,
       0., 0., 1.13662915e+03, 5.62681763e+02, 4.78925496e-01,
       1.13072961e+03, 5.97964050e+02, 3.90060484e-01, 1.40446863e+03,
       4.83102661e+02, 8.42354119e-01, 1.63695447e+03, 7.12673340e+02,
       6.48022175e-01, 1.14243347e+03, 5.27274597e+02, 3.89226466e-01,
       1.35734729e+03, 4.47834442e+02, 5.87861300e-01, 1.49579724e+03,
       6.47953308e+02, 3.72978628e-01, 0., 0., 0., 0., 0., 0., 0., 0.,
       0., 0., 0., 0., 0., 0., 0., 0., 0., 0., 1.48978076e+03,
       6.62757874e+02, 3.14846516e-01, 1.68396155e+03, 7.27491333e+02,
       4.57529426e-01, 1.66352783e+03, 7.39342041e+02, 5.15911102e-01,
       1.64287219e+03, 7.24533752e+02, 3.64263207e-01, 0., 0., 0., 0.,
       0., 0., 9.27631836e+02, 5.27291199e+02, 6.01772815e-02,
       9.57057678e+02, 5.27364441e+02, 6.42133594e-01, 1.07191077e+03,
       4.53755432e+02, 5.73993981e-01, 0., 0., 0., 0., 0., 0., 0., 0.,
       0., 0., 0., 0., 0., 0., 0., 0., 0., 0., 0., 0., 0., 0., 0., 0.,
       0., 0., 0., 0., 0., 0., 0., 0., 0., 0., 0., 0., 0., 0., 0., 0.,
       0., 0., 0., 0., 0., 0., 0., 0., 0., 0., 0., 0., 0., 0., 0., 0.,
       0., 0., 0., 0. ]
