%YAML:1.0
---
pose_0: !!opencv-matrix
   rows: 1
   cols: 25
   dt: "3f"
   data: [ 7.39219482e+02, 5.06611938e+02, 8.88660550e-01,
       8.33471741e+02, 4.39123657e+02, 6.01570606e-01, 8.27567993e+02,
       4.94954803e+02, 4.85382706e-01, 9.45303833e+02, 5.09756927e+02,
       1.10203795e-01, 0., 0., 0., 8.39302124e+02, 3.94933960e+02,
       6.19888842e-01, 9.74739685e+02, 3.88891144e+02, 8.62523913e-01,
       1.08065613e+03, 4.36190338e+02, 8.42262506e-01, 1.11902173e+03,
       4.42033722e+02, 4.69920933e-01, 1.11590881e+03, 4.89101837e+02,
       5.95509052e-01, 1.29847485e+03, 5.74404602e+02, 7.47236371e-01,
       1.53978455e+03, 5.42060974e+02, 5.53407431e-01, 1.12482214e+03,
       3.86123108e+02, 4.86373663e-01, 1.34554553e+03, 4.33100708e+02,
       6.94667816e-01, 1.58688293e+03, 4.09696259e+02, 6.14253998e-01,
       7.18785339e+02, 5.06820190e+02, 3.43226701e-01, 7.24579956e+02,
       4.83351257e+02, 7.95850754e-01, 0., 0., 0., 7.42122742e+02,
       4.39000916e+02, 6.69896543e-01, 1.66043542e+03, 4.59762390e+02,
       1.24333344e-01, 1.65763452e+03, 4.56621582e+02, 1.04621917e-01,
       1.62810376e+03, 4.12538513e+02, 1.81888953e-01, 1.60750134e+03,
       5.15587219e+02, 1.69978872e-01, 1.58979749e+03, 5.36214600e+02,
       1.26920953e-01, 1.57804297e+03, 5.24419800e+02, 3.85543615e-01 ]
