%YAML:1.0
---
pose_0: !!opencv-matrix
   rows: 1
   cols: 25
   dt: "3f"
   data: [ 6.71659241e+02, 5.21428467e+02, 8.05376232e-01,
       7.98102112e+02, 5.50909180e+02, 7.17532635e-01, 7.89197327e+02,
       6.21570557e+02, 7.41479635e-01, 9.30563232e+02, 6.71601074e+02,
       7.81016946e-01, 1.01593188e+03, 6.03885437e+02, 7.27255046e-01,
       8.12855591e+02, 4.77342102e+02, 4.32007939e-01, 9.36422852e+02,
       4.36125702e+02, 1.22805342e-01, 0., 0., 0., 1.08950049e+03,
       5.71532471e+02, 5.48030972e-01, 1.07774158e+03, 6.21628479e+02,
       5.23613095e-01, 1.31323291e+03, 6.27401306e+02, 6.09328806e-01,
       1.56040100e+03, 6.59788513e+02, 4.94329959e-01, 1.09537451e+03,
       5.15599243e+02, 5.16720653e-01, 1.32784216e+03, 5.06855194e+02,
       6.48513019e-01, 1.52222156e+03, 5.44949036e+02, 5.48063636e-01,
       6.62764526e+02, 5.36241821e+02, 7.58590519e-01, 6.68475220e+02,
       5.06626862e+02, 7.84900844e-01, 6.77510071e+02, 5.74394470e+02,
       6.75399423e-01, 6.92258179e+02, 4.86201752e+02, 3.94152492e-01,
       1.61341907e+03, 5.18541870e+02, 4.96028066e-01, 1.61046863e+03,
       5.06775238e+02, 5.13539016e-01, 1.53988965e+03, 5.65606506e+02,
       3.23698074e-01, 1.64868774e+03, 6.27485901e+02, 4.91728008e-01,
       1.63996289e+03, 6.42141846e+02, 4.01823133e-01, 1.58988208e+03,
       6.71611572e+02, 2.44337812e-01 ]
