%YAML:1.0
---
pose_0: !!opencv-matrix
   rows: 1
   cols: 25
   dt: "3f"
   data: [ 6.86326416e+02, 5.00811859e+02, 7.86645174e-01,
       8.09929626e+02, 4.56680084e+02, 7.75634170e-01, 8.09834961e+02,
       5.50863770e+02, 7.74030626e-01, 9.48150635e+02, 6.18505432e+02,
       6.73372328e-01, 1.02186432e+03, 6.48011047e+02, 8.17058921e-01,
       8.12878906e+02, 3.65542694e+02, 6.60330176e-01, 9.57025635e+02,
       2.91901154e+02, 7.84468055e-01, 1.04546887e+03, 2.21193268e+02,
       8.62808704e-01, 1.09837073e+03, 5.03763153e+02, 5.81324935e-01,
       1.08944812e+03, 5.50996155e+02, 5.77277303e-01, 1.32793921e+03,
       6.03893799e+02, 7.47757792e-01, 1.51928174e+03, 6.06853455e+02,
       5.49121559e-01, 1.11306653e+03, 4.44902283e+02, 4.95630682e-01,
       1.35431384e+03, 4.56763947e+02, 7.11516619e-01, 1.59278931e+03,
       4.50812469e+02, 5.73077023e-01, 6.68626648e+02, 5.06783264e+02,
       5.69198847e-01, 6.68646423e+02, 4.80228180e+02, 7.89761186e-01,
       0., 0., 0., 6.77515564e+02, 4.33218781e+02, 5.64185381e-01,
       1.66339685e+03, 4.33094208e+02, 3.75058919e-01, 1.66044592e+03,
       4.30203644e+02, 3.85116875e-01, 1.63398962e+03, 4.59659760e+02,
       2.21876204e-01, 1.61037671e+03, 6.21492249e+02, 2.39090830e-01,
       0., 0., 0., 1.55456152e+03, 5.92075989e+02, 2.83647597e-01 ]
