%YAML:1.0
---
pose_0: !!opencv-matrix
   rows: 3
   cols: 25
   dt: "3f"
   data: [ 7.36285339e+02, 5.03779877e+02, 1.31910175e-01,
       7.89391541e+02, 5.62685608e+02, 4.93261129e-01, 8.04044189e+02,
       5.62666138e+02, 5.52009284e-01, 9.12908203e+02, 5.18494873e+02,
       6.68971181e-01, 7.98109558e+02, 4.27267517e+02, 7.64887333e-01,
       7.86367065e+02, 5.74411255e+02, 2.86910653e-01, 0., 0., 0., 0.,
       0., 0., 1.11893860e+03, 5.53899963e+02, 2.24894151e-01,
       1.08657251e+03, 5.77367493e+02, 1.53966799e-01, 0., 0., 0., 0.,
       0., 0., 0., 0., 0., 0., 0., 0., 0., 0., 0., 7.39205994e+02,
       5.06663330e+02, 1.21608429e-01, 7.36297729e+02, 4.97927917e+02,
       5.21977618e-02, 7.45169739e+02, 5.30303711e+02, 1.86354250e-01,
       7.15644592e+02, 5.92097229e+02, 1.01082906e-01, 0., 0., 0., 0.,
       0., 0., 0., 0., 0., 0., 0., 0., 0., 0., 0., 0., 0., 0., 0., 0.,
       0., 0., 0., 0., 0., 0., 0., 0., 0., 0., 0., 0., 0., 0., 0., 0.,
       0., 0., 0., 0., 0., 0., 1.17482153e+03, 5.53829346e+02,
       2.46726260e-01, 1.16606348e+03, 5.65637024e+02, 2.05271453e-01,
       1.32792944e+03, 5.27392151e+02, 7.29277492e-01, 1.59284644e+03,
       6.95039490e+02, 5.38589537e-01, 1.18074219e+03, 5.36173645e+02,
       2.44484842e-01, 1.35439905e+03, 5.09782440e+02, 4.62168694e-01,
       1.58104346e+03, 5.86228271e+02, 5.37031710e-01, 0., 0., 0., 0.,
       0., 0., 0., 0., 0., 0., 0., 0., 1.70164063e+03, 5.86215576e+02,
       2.75800079e-01, 1.69582361e+03, 5.83274963e+02, 2.69588649e-01,
       1.59579041e+03, 6.15616333e+02, 2.98075885e-01, 1.66058618e+03,
       7.18681641e+02, 3.48659128e-01, 1.64285913e+03, 7.36226196e+02,
       3.48127067e-01, 1.61632190e+03, 7.15696045e+02, 3.16565812e-01,
       0., 0., 0., 0., 0., 0., 0., 0., 0., 0., 0., 0., 0., 0., 0.,
       9.04052246e+02, 5.03710510e+02, 9.39861536e-02, 9.57022583e+02,
       4.56584534e+02, 5.22933364e-01, 8.68767456e+02, 4.24374298e+02,
       7.20452905e-01, 0., 0., 0., 0., 0., 0., 0., 0., 0., 0., 0., 0.,
       0., 0., 0., 0., 0., 0., 0., 0., 0., 0., 0., 0., 0., 0., 0., 0.,
       0., 0., 0., 0., 0., 0., 0., 0., 0., 0., 0., 0., 0., 0., 0., 0.,
       0., 0., 0., 0., 0., 0., 0. ]
