%YAML:1.0
---
pose_0: !!opencv-matrix
   rows: 1
   cols: 25
   dt: "3f"
   data: [ 6.51007935e+02, 4.30093506e+02, 7.86799669e-01,
       7.92343689e+02, 4.47875610e+02, 6.95912063e-01, 7.86402405e+02,
       5.33250671e+02, 6.78432107e-01, 9.04057983e+02, 6.36234863e+02,
       7.43528664e-01, 9.74675903e+02, 6.03856079e+02, 7.20768869e-01,
       8.09919373e+02, 3.68412628e+02, 6.50538146e-01, 9.80559448e+02,
       3.47825836e+02, 8.38048875e-01, 8.65850342e+02, 3.41830688e+02,
       8.08512330e-01, 1.09540649e+03, 4.68471191e+02, 5.38950086e-01,
       1.09244556e+03, 5.21412842e+02, 5.54203689e-01, 1.32789587e+03,
       5.06824829e+02, 6.78672791e-01, 1.61638403e+03, 5.53868225e+02,
       5.81748188e-01, 1.09832068e+03, 4.12513641e+02, 5.20530403e-01,
       1.36027649e+03, 4.09537018e+02, 4.60306346e-01, 1.57511694e+03,
       4.06604675e+02, 4.81793642e-01, 6.44955750e+02, 4.47841370e+02,
       6.70483112e-01, 6.45072937e+02, 4.09712524e+02, 8.46591413e-01,
       6.65654358e+02, 4.71419617e+02, 3.74271095e-01, 6.71547424e+02,
       3.88977081e+02, 4.96960133e-01, 1.65757019e+03, 3.89072845e+02,
       4.73995745e-01, 1.65463611e+03, 3.86084106e+02, 5.04853547e-01,
       1.63396216e+03, 4.12569977e+02, 1.64535165e-01, 1.71641028e+03,
       5.53791260e+02, 5.31683683e-01, 1.70470032e+03, 5.68548645e+02,
       4.96877193e-01, 1.63700012e+03, 5.50896912e+02, 2.67651945e-01 ]
