%YAML:1.0
---
pose_0: !!opencv-matrix
   rows: 1
   cols: 25
   dt: "3f"
   data: [ 7.15652039e+02, 4.91993317e+02, 7.44132221e-01,
       8.48158020e+02, 4.77317261e+02, 6.82554245e-01, 8.51070129e+02,
       5.68536438e+02, 6.01246297e-01, 9.80655090e+02, 6.21468628e+02,
       7.03999698e-01, 1.11007141e+03, 6.83277161e+02, 6.63929522e-01,
       8.56993958e+02, 3.80156036e+02, 6.50943637e-01, 1.01587030e+03,
       3.53694366e+02, 6.43012643e-01, 1.16902881e+03, 3.18373199e+02,
       7.81533003e-01, 1.13071033e+03, 5.09745392e+02, 5.56053460e-01,
       1.11889368e+03, 5.62640198e+02, 6.21067166e-01, 1.21323230e+03,
       6.42035950e+02, 5.35462022e-01, 1.51922571e+03, 5.97887512e+02,
       3.76964509e-01, 1.13958142e+03, 4.59568787e+02, 5.61495185e-01,
       1.35741052e+03, 5.09648956e+02, 6.78220630e-01, 1.59572046e+03,
       4.92055176e+02, 5.52584291e-01, 6.92198486e+02, 5.06658661e+02,
       7.81993151e-01, 6.92237549e+02, 4.68479370e+02, 7.51529694e-01,
       7.15833313e+02, 5.18516541e+02, 6.90464675e-02, 7.12797424e+02,
       4.33160004e+02, 6.20182872e-01, 1.68106641e+03, 5.27367004e+02,
       2.12916106e-01, 1.68407214e+03, 4.89104950e+02, 2.20416933e-01,
       1.61047131e+03, 4.77243652e+02, 3.58049512e-01, 1.49569031e+03,
       6.50960144e+02, 2.26983666e-01, 1.48980811e+03, 6.45117554e+02,
       2.53084123e-01, 1.55750085e+03, 5.83324158e+02, 2.38630742e-01 ]
