%YAML:1.0
---
pose_0: !!opencv-matrix
   rows: 1
   cols: 25
   dt: "3f"
   data: [ 7.59827576e+02, 5.06649628e+02, 7.52050877e-01,
       8.36320190e+02, 4.39005402e+02, 5.29087365e-01, 8.24625366e+02,
       4.41981842e+02, 3.46270651e-01, 9.51124756e+02, 5.24346069e+02,
       6.28167838e-02, 0., 0., 0., 8.42223816e+02, 4.36201111e+02,
       7.46842086e-01, 9.68823242e+02, 5.30369934e+02, 8.25572252e-01,
       8.33493347e+02, 5.53700073e+02, 8.40301216e-01, 1.11009192e+03,
       4.15549133e+02, 3.91677469e-01, 1.11601929e+03, 3.89024170e+02,
       3.09613347e-01, 1.23668481e+03, 4.30219849e+02, 7.44034573e-02,
       0., 0., 0., 1.11300159e+03, 4.41969543e+02, 3.25698644e-01,
       1.34854614e+03, 4.80164581e+02, 6.39606953e-01, 1.63690942e+03,
       4.27212769e+02, 5.28098941e-01, 0., 0., 0., 7.42283447e+02,
       4.86221832e+02, 7.41298437e-01, 0., 0., 0., 7.59758057e+02,
       4.47837402e+02, 6.46298110e-01, 1.68116321e+03, 3.74289581e+02,
       2.96877086e-01, 1.68112842e+03, 3.77233093e+02, 2.87503421e-01,
       1.67516736e+03, 4.15529663e+02, 1.89075902e-01, 0., 0., 0., 0.,
       0., 0., 0., 0., 0. ]
