%YAML:1.0
---
pose_0: !!opencv-matrix
   rows: 1
   cols: 25
   dt: "3f"
   data: [ 6.00990479e+02, 4.97878296e+02, 5.54610550e-01,
       7.21620667e+02, 5.15602783e+02, 4.38117176e-01, 7.15674805e+02,
       5.83253052e+02, 2.40941003e-01, 8.42285522e+02, 6.45141541e+02,
       2.36235663e-01, 7.71613831e+02, 5.77289001e+02, 1.28681168e-01,
       7.33390686e+02, 4.42029846e+02, 5.31636298e-01, 8.62821899e+02,
       3.88944611e+02, 8.11357081e-01, 7.36304871e+02, 4.77248688e+02,
       7.50789165e-01, 1.06597583e+03, 5.21460693e+02, 4.96617734e-01,
       1.06300354e+03, 5.74522034e+02, 5.31930625e-01, 1.18665955e+03,
       6.33317078e+02, 1.71637043e-01, 1.63401660e+03, 5.50830261e+02,
       7.59895071e-02, 1.06884851e+03, 4.56641205e+02, 4.90688592e-01,
       1.30143298e+03, 4.83194733e+02, 3.90165627e-01, 1.54275244e+03,
       5.47899536e+02, 9.64617729e-02, 5.95028076e+02, 5.21478943e+02,
       6.83967590e-01, 5.83279724e+02, 4.83224030e+02, 2.92135298e-01,
       6.06830811e+02, 5.53903931e+02, 4.70406502e-01, 6.39193115e+02,
       4.39062714e+02, 1.87228382e-01, 0., 0., 0., 0., 0., 0., 0., 0.,
       0., 0., 0., 0., 0., 0., 0., 0., 0., 0. ]
