%YAML:1.0
---
pose_0: !!opencv-matrix
   rows: 1
   cols: 25
   dt: "3f"
   data: [ 7.80493347e+02, 4.39047028e+02, 7.94509470e-01,
       8.53988586e+02, 4.68471527e+02, 6.00803673e-01, 8.36429016e+02,
       5.21421692e+02, 5.36194384e-01, 9.45277588e+02, 5.80323059e+02,
       2.82697439e-01, 9.95300415e+02, 6.18615234e+02, 3.46397191e-01,
       8.83468689e+02, 4.15511658e+02, 4.21745509e-01, 1.03353308e+03,
       3.91979279e+02, 2.68672854e-01, 1.11013171e+03, 3.85959930e+02,
       2.27101743e-01, 1.13073022e+03, 4.83216187e+02, 5.30235589e-01,
       1.12193713e+03, 5.39126953e+02, 5.08258760e-01, 1.35728931e+03,
       6.00826355e+02, 7.90651679e-01, 1.54279626e+03, 6.92026001e+02,
       7.02236295e-01, 1.13067114e+03, 4.30214142e+02, 5.49288571e-01,
       1.31027295e+03, 3.41897675e+02, 6.77406490e-01, 1.48684351e+03,
       3.00698517e+02, 3.77339303e-01, 7.62901184e+02, 4.56635773e+02,
       7.86253095e-01, 7.65885376e+02, 4.27321716e+02, 7.44414866e-01,
       7.74524170e+02, 4.83124542e+02, 5.88337839e-01, 7.86365723e+02,
       4.12581543e+02, 4.56154615e-01, 1.55740967e+03, 2.91900299e+02,
       9.17988718e-02, 0., 0., 0., 1.51332898e+03, 2.91904633e+02,
       2.52876312e-01, 1.61055176e+03, 6.65629150e+02, 6.83675170e-01,
       1.60744189e+03, 6.77479919e+02, 5.96350610e-01, 1.55453430e+03,
       7.09824768e+02, 4.96316075e-01 ]
