%YAML:1.0
---
pose_0: !!opencv-matrix
   rows: 1
   cols: 25
   dt: "3f"
   data: [ 5.30305542e+02, 6.24439026e+02, 7.35198930e-02,
       6.71618958e+02, 6.09744690e+02, 2.58573383e-01, 7.12753296e+02,
       6.71531555e+02, 9.46569964e-02, 0., 0., 0., 0., 0., 0.,
       6.27467224e+02, 5.47915344e+02, 1.23484865e-01, 6.36220032e+02,
       4.53739929e+02, 4.65381145e-01, 8.18764038e+02, 3.94962677e+02,
       4.08231497e-01, 1.06302197e+03, 6.92095703e+02, 3.53628755e-01,
       1.04239758e+03, 7.56912354e+02, 2.93020874e-01, 1.15721265e+03,
       8.56885193e+02, 1.56938300e-01, 0., 0., 0., 1.07479688e+03,
       6.21537415e+02, 3.28086406e-01, 1.39560315e+03, 7.18768066e+02,
       2.86035448e-01, 1.77232898e+03, 7.18604187e+02, 1.42733678e-01,
       0., 0., 0., 0., 0., 0., 5.33251404e+02, 6.03872070e+02,
       1.14704944e-01, 5.09739777e+02, 5.77356689e+02, 1.15629986e-01,
       0., 0., 0., 0., 0., 0., 1.78708618e+03, 7.33375305e+02,
       1.22260265e-01, 0., 0., 0., 0., 0., 0., 0., 0., 0. ]
