%YAML:1.0
---
pose_0: !!opencv-matrix
   rows: 1
   cols: 25
   dt: "3f"
   data: [ 7.03944458e+02, 4.65535004e+02, 7.97120571e-01,
       8.36437622e+02, 4.62665497e+02, 7.61596799e-01, 8.36423401e+02,
       5.50908386e+02, 7.25337029e-01, 9.48212708e+02, 6.59774902e+02,
       6.33154333e-01, 9.10001953e+02, 6.18525269e+02, 3.60401213e-01,
       8.45238098e+02, 3.80163544e+02, 6.46399915e-01, 9.74687744e+02,
       3.41985474e+02, 6.72932386e-01, 1.04524536e+03, 3.36024017e+02,
       7.66709030e-01, 1.13067065e+03, 4.83181488e+02, 6.05574191e-01,
       1.11900488e+03, 5.30285522e+02, 6.26107931e-01, 1.35436475e+03,
       5.50904053e+02, 6.67510927e-01, 1.51042688e+03, 5.45002075e+02,
       4.56146121e-01, 1.13948303e+03, 4.33054016e+02, 5.69404483e-01,
       1.35435828e+03, 4.39152924e+02, 5.98005354e-01, 1.57806982e+03,
       4.56780426e+02, 5.94978929e-01, 6.92045044e+02, 4.83242432e+02,
       8.35753024e-01, 6.92191895e+02, 4.50773529e+02, 8.30181241e-01,
       7.15630005e+02, 5.06641174e+02, 3.43960047e-01, 7.18534424e+02,
       4.18394257e+02, 6.14768207e-01, 1.63405420e+03, 4.24317078e+02,
       4.96743768e-01, 1.63098950e+03, 4.24283813e+02, 5.23467064e-01,
       1.61051575e+03, 4.68503815e+02, 3.46108168e-01, 1.58386255e+03,
       5.47950745e+02, 2.16831967e-01, 1.56631360e+03, 5.56722900e+02,
       2.13835970e-01, 1.54275928e+03, 5.33249939e+02, 2.55952299e-01 ]
