%YAML:1.0
---
pose_0: !!opencv-matrix
   rows: 1
   cols: 25
   dt: "3f"
   data: [ 7.42113464e+02, 4.27252563e+02, 8.65264893e-01,
       8.42281921e+02, 4.18408875e+02, 7.12053597e-01, 8.30488098e+02,
       5.03755829e+02, 6.24810040e-01, 9.15892578e+02, 5.59697449e+02,
       2.83434510e-01, 9.74666565e+02, 5.74472107e+02, 1.84453681e-01,
       8.56873413e+02, 3.44944427e+02, 7.30282247e-01, 9.57058350e+02,
       2.62442932e+02, 8.12253594e-01, 9.33540100e+02, 3.88990021e+02,
       7.58848667e-01, 1.12482434e+03, 4.24281433e+02, 5.46192646e-01,
       1.12184058e+03, 4.68526611e+02, 5.72907448e-01, 1.33676355e+03,
       5.50853699e+02, 7.64280617e-01, 1.53688989e+03, 5.68581665e+02,
       6.10969424e-01, 1.12188477e+03, 3.68473541e+02, 5.15520215e-01,
       1.36025305e+03, 3.18412201e+02, 6.84816957e-01, 1.53984448e+03,
       1.80046326e+02, 6.20761275e-01, 7.21690063e+02, 4.36214935e+02,
       8.04887116e-01, 7.27513428e+02, 4.06585388e+02, 8.09673190e-01,
       7.42176941e+02, 4.56774780e+02, 3.04612100e-01, 7.51054810e+02,
       3.68508026e+02, 5.46183825e-01, 1.61635950e+03, 1.44693405e+02,
       1.42044634e-01, 1.61045178e+03, 1.41800705e+02, 1.29958615e-01,
       0., 0., 0., 1.58400940e+03, 5.27221191e+02, 2.50531763e-01,
       1.57514636e+03, 5.36185364e+02, 2.12114319e-01, 1.56923083e+03,
       5.53917908e+02, 3.55017513e-01 ]
