%YAML:1.0
---
pose_0: !!opencv-matrix
   rows: 1
   cols: 25
   dt: "3f"
   data: [ 5.97958191e+02, 6.48062561e+02, 8.86611104e-01,
       7.48105774e+02, 6.71682190e+02, 5.28567433e-01, 7.45142456e+02,
       7.56943604e+02, 5.21985054e-01, 9.07147461e+02, 8.74582825e+02,
       7.61684835e-01, 7.83431824e+02, 8.24554138e+02, 7.61451066e-01,
       7.33404785e+02, 6.00882141e+02, 4.34998631e-01, 9.51223328e+02,
       5.53719421e+02, 8.14831495e-01, 8.12775574e+02, 5.33328552e+02,
       8.31570208e-01, 1.09532544e+03, 6.65673401e+02, 4.86804307e-01,
       1.09238538e+03, 7.21569946e+02, 5.20650566e-01, 1.35738831e+03,
       7.62715942e+02, 5.73670506e-01, 1.66931970e+03, 8.18692566e+02,
       3.71390998e-01, 1.09533313e+03, 5.98004211e+02, 4.75489944e-01,
       1.34552551e+03, 5.47858765e+02, 4.12411928e-01, 1.51041760e+03,
       5.53899536e+02, 2.27498099e-01, 5.71441101e+02, 6.68616882e+02,
       8.67159545e-01, 5.80401428e+02, 6.21427979e+02, 8.52871835e-01,
       5.92076294e+02, 6.95041016e+02, 2.54911125e-01, 6.12713379e+02,
       5.92136353e+02, 3.60701144e-01, 1.49568164e+03, 6.56883911e+02,
       1.53476089e-01, 1.51042542e+03, 6.50955383e+02, 1.31642580e-01,
       1.54273450e+03, 5.59748718e+02, 1.74500033e-01, 1.75168970e+03,
       7.89243042e+02, 1.69300348e-01, 0., 0., 0., 1.74288892e+03,
       8.51056641e+02, 1.43203706e-01 ]
