%YAML:1.0
---
pose_0: !!opencv-matrix
   rows: 1
   cols: 25
   dt: "3f"
   data: [ 7.65750183e+02, 4.33255035e+02, 8.92021179e-01,
       8.86430115e+02, 4.53704498e+02, 7.21398413e-01, 8.80601685e+02,
       5.27336548e+02, 8.24077129e-01, 9.95304138e+02, 5.83313293e+02,
       8.05366814e-01, 1.01886304e+03, 6.39125793e+02, 8.24810386e-01,
       8.89391846e+02, 3.71334320e+02, 5.86542368e-01, 1.03363403e+03,
       3.41939453e+02, 8.13857377e-01, 1.08365601e+03, 2.74200562e+02,
       7.87853360e-01, 1.14250269e+03, 4.47846527e+02, 5.62213659e-01,
       1.14243005e+03, 4.92043396e+02, 5.68735301e-01, 1.34843457e+03,
       5.09629669e+02, 7.27428913e-01, 1.55450659e+03, 5.74436279e+02,
       6.48650229e-01, 1.14242908e+03, 3.91956543e+02, 5.78516722e-01,
       1.33082422e+03, 3.47786713e+02, 6.24801934e-01, 1.56632971e+03,
       3.03633484e+02, 4.77006704e-01, 7.50986511e+02, 4.44969147e+02,
       7.90775537e-01, 7.56940063e+02, 4.12479309e+02, 8.48631620e-01,
       7.68708740e+02, 4.68437836e+02, 4.14661527e-01, 7.74587402e+02,
       3.86179810e+02, 5.53479135e-01, 1.64582983e+03, 2.71199982e+02,
       3.58615428e-01, 1.64283203e+03, 2.68342255e+02, 3.78999233e-01,
       1.58690161e+03, 2.94826416e+02, 2.57420897e-01, 1.60749109e+03,
       6.18629700e+02, 4.21553135e-01, 1.61049524e+03, 6.12742920e+02,
       4.19016689e-01, 1.58693213e+03, 5.56848450e+02, 4.96389985e-01 ]
