%YAML:1.0
---
pose_0: !!opencv-matrix
   rows: 1
   cols: 25
   dt: "3f"
   data: [ 7.42105530e+02, 5.56754456e+02, 8.98710489e-01,
       8.42272156e+02, 5.74402893e+02, 7.22734213e-01, 8.39409851e+02,
       6.36261475e+02, 6.37966573e-01, 9.83523621e+02, 6.98062988e+02,
       7.57851601e-01, 1.10131250e+03, 7.59790710e+02, 7.97488511e-01,
       8.45194946e+02, 5.03859711e+02, 6.15734220e-01, 9.77676880e+02,
       4.77336426e+02, 3.24269325e-01, 9.95313965e+02, 4.77238251e+02,
       1.98886171e-01, 1.11303345e+03, 5.62634705e+02, 5.42078853e-01,
       1.11306970e+03, 6.09722778e+02, 5.70012093e-01, 1.32197876e+03,
       6.24555176e+02, 7.07290649e-01, 1.54271509e+03, 6.68692749e+02,
       7.06598878e-01, 1.10425769e+03, 5.09662292e+02, 5.55212379e-01,
       1.34851904e+03, 4.77350708e+02, 5.55662394e-01, 1.57511670e+03,
       4.65597687e+02, 5.63359916e-01, 7.21614136e+02, 5.74349121e+02,
       8.54323030e-01, 7.36205872e+02, 5.36204651e+02, 8.33719730e-01,
       7.39119934e+02, 5.97967834e+02, 5.71288705e-01, 7.59801208e+02,
       5.12649231e+02, 6.52229846e-01, 1.65748218e+03, 4.53725403e+02,
       2.53146231e-01, 1.64579199e+03, 4.44934662e+02, 3.00246775e-01,
       1.63107458e+03, 4.74314636e+02, 2.45895252e-01, 1.61643933e+03,
       6.65613647e+02, 5.22136271e-01, 1.61038135e+03, 6.74503662e+02,
       4.71627980e-01, 1.56044031e+03, 6.68611084e+02, 3.27264994e-01 ]
