%YAML:1.0
---
pose_0: !!opencv-matrix
   rows: 1
   cols: 25
   dt: "3f"
   data: [ 5.03876282e+02, 6.06772705e+02, 1.69411764e-01,
       6.39202942e+02, 5.24325500e+02, 2.10228071e-01, 6.21548645e+02,
       4.97906677e+02, 1.29851252e-01, 6.83315125e+02, 7.00967285e+02,
       7.37797022e-02, 0., 0., 0., 6.50960022e+02, 5.21460876e+02,
       2.21897289e-01, 6.83339783e+02, 7.06841370e+02, 5.98310828e-01,
       4.59706207e+02, 6.68671204e+02, 7.94711113e-01, 1.03649365e+03,
       5.92117554e+02, 3.10895383e-01, 1.03355237e+03, 6.62738892e+02,
       2.99316436e-01, 1.29259888e+03, 6.68704529e+02, 2.89436340e-01,
       1.73406091e+03, 6.80396301e+02, 3.51213247e-01, 1.03943213e+03,
       5.18523926e+02, 3.38347346e-01, 1.32203076e+03, 5.36163940e+02,
       3.13046873e-01, 1.71352002e+03, 5.47890198e+02, 5.08650780e-01,
       4.86165710e+02, 6.00993225e+02, 1.24712341e-01, 4.91986053e+02,
       5.89184082e+02, 2.14789495e-01, 0., 0., 0., 5.00849304e+02,
       5.50779053e+02, 4.19825405e-01, 1.82535132e+03, 4.92036621e+02,
       2.51684219e-01, 1.82235596e+03, 4.92058990e+02, 2.53144920e-01,
       1.73404834e+03, 5.74422485e+02, 2.71892160e-01, 1.82531213e+03,
       6.53887634e+02, 9.48771462e-02, 0., 0., 0., 1.75175464e+03,
       6.71560120e+02, 2.12839887e-01 ]
