%YAML:1.0
---
pose_0: !!opencv-matrix
   rows: 1
   cols: 25
   dt: "3f"
   data: [ 7.39351868e+02, 5.27251038e+02, 8.93238425e-01,
       8.57009888e+02, 5.30214966e+02, 7.50312924e-01, 8.57079407e+02,
       6.06788452e+02, 6.35105252e-01, 9.92316650e+02, 6.36281738e+02,
       6.44643307e-01, 1.10716785e+03, 6.62717041e+02, 6.79170430e-01,
       8.62953857e+02, 4.53779968e+02, 6.68941855e-01, 1.00715613e+03,
       4.33128235e+02, 8.53404760e-01, 9.27536072e+02, 5.00812744e+02,
       8.74722898e-01, 1.12196680e+03, 5.30407104e+02, 6.35364056e-01,
       1.11888135e+03, 5.77421936e+02, 6.96438730e-01, 1.31025781e+03,
       6.00831543e+02, 7.49759078e-01, 1.52803601e+03, 6.48096924e+02,
       6.49488568e-01, 1.13366455e+03, 4.83108063e+02, 6.10026121e-01,
       1.34264221e+03, 4.83122528e+02, 5.75191379e-01, 1.54284656e+03,
       4.86102509e+02, 7.09257126e-01, 7.21705872e+02, 5.33324036e+02,
       7.99791992e-01, 7.33348022e+02, 5.03861328e+02, 8.76761794e-01,
       7.42250732e+02, 5.53961853e+02, 5.30122638e-01, 7.59847107e+02,
       4.80216095e+02, 6.47212207e-01, 1.61052991e+03, 4.50803375e+02,
       5.01700103e-01, 1.60460242e+03, 4.47920929e+02, 5.10155201e-01,
       1.57509119e+03, 4.94965942e+02, 3.33674967e-01, 1.63394043e+03,
       6.42143250e+02, 4.26509053e-01, 1.61048242e+03, 6.56854736e+02,
       3.92814249e-01, 1.54282788e+03, 6.56891907e+02, 4.19889748e-01 ]
