%YAML:1.0
---
pose_0: !!opencv-matrix
   rows: 1
   cols: 25
   dt: "3f"
   data: [ 7.74576294e+02, 4.33116608e+02, 8.54260325e-01,
       8.71739624e+02, 3.91955688e+02, 6.54910505e-01, 8.48170898e+02,
       4.36157990e+02, 5.36594391e-01, 9.51110291e+02, 4.71448730e+02,
       8.68629366e-02, 0., 0., 0., 8.95241882e+02, 3.62414001e+02,
       6.85942829e-01, 1.00124286e+03, 2.97824493e+02, 7.96926498e-01,
       9.86533875e+02, 4.44921967e+02, 7.66381025e-01, 1.16302222e+03,
       4.21376068e+02, 5.20508111e-01, 1.16013464e+03, 4.62557831e+02,
       5.48136353e-01, 1.33095654e+03, 5.53892334e+02, 8.23834956e-01,
       1.54574426e+03, 5.27444885e+02, 6.84125900e-01, 1.16013354e+03,
       3.71393311e+02, 4.72120047e-01, 1.39865198e+03, 3.44886475e+02,
       7.11645186e-01, 1.54575952e+03, 1.88847702e+02, 3.76856923e-01,
       7.59795959e+02, 4.36182709e+02, 8.06111991e-01, 7.65712646e+02,
       4.09586823e+02, 8.60289872e-01, 0., 0., 0., 7.86332153e+02,
       3.71419342e+02, 6.26760006e-01, 0., 0., 0., 0., 0., 0.,
       1.55747266e+03, 1.71162415e+02, 1.63567588e-01, 1.58989966e+03,
       6.03864197e+02, 4.97143209e-01, 1.58696484e+03, 5.98066284e+02,
       4.27948594e-01, 1.57219043e+03, 5.06749786e+02, 5.47172070e-01 ]
