%YAML:1.0
---
pose_0: !!opencv-matrix
   rows: 1
   cols: 25
   dt: "3f"
   data: [ 8.06961060e+02, 5.15535095e+02, 7.53522158e-01,
       9.06948975e+02, 5.06761017e+02, 8.36377621e-01, 9.06972961e+02,
       5.77392700e+02, 6.97568178e-01, 9.06976074e+02, 7.12670410e+02,
       8.71659338e-01, 8.27503967e+02, 6.71685425e+02, 7.35025167e-01,
       9.06938538e+02, 4.36171570e+02, 7.20800638e-01, 9.33636841e+02,
       3.15388916e+02, 7.99727976e-01, 9.21746582e+02, 1.71233810e+02,
       7.92605877e-01, 1.14255945e+03, 5.24417725e+02, 6.17053270e-01,
       1.14239685e+03, 5.71422180e+02, 6.16404295e-01, 1.33672583e+03,
       6.27424255e+02, 7.62704432e-01, 1.51924341e+03, 6.39193054e+02,
       6.46019638e-01, 1.14837097e+03, 4.77217255e+02, 5.59414923e-01,
       1.37195728e+03, 4.68474609e+02, 6.69005334e-01, 1.55746167e+03,
       4.36213593e+02, 6.98575974e-01, 7.89392700e+02, 5.30230042e+02,
       7.38866568e-01, 7.86449097e+02, 5.03675568e+02, 7.84399271e-01,
       8.12747925e+02, 5.47865601e+02, 4.76193070e-01, 8.03970337e+02,
       4.74311188e+02, 2.36189976e-01, 1.60463025e+03, 4.80311890e+02,
       1.98605865e-01, 1.61044507e+03, 4.50832611e+02, 2.33086705e-01,
       1.57221692e+03, 4.15571045e+02, 3.45161468e-01, 1.56629456e+03,
       6.89146667e+02, 4.04229343e-01, 1.57221997e+03, 6.77490173e+02,
       4.02821988e-01, 1.54868250e+03, 6.21439209e+02, 5.01544714e-01 ]
