%YAML:1.0
---
pose_0: !!opencv-matrix
   rows: 2
   cols: 25
   dt: "3f"
   data: [ 0., 0., 0., 0., 0., 0., 9.27620239e+02, 3.62432098e+02,
       5.92957623e-02, 1.03652832e+03, 4.06636993e+02, 6.74183309e-01,
       1.11886304e+03, 4.62695587e+02, 8.16008389e-01, 0., 0., 0., 0.,
       0., 0., 0., 0., 0., 0., 0., 0., 0., 0., 0., 0., 0., 0., 0., 0.,
       0., 0., 0., 0., 0., 0., 0., 0., 0., 0., 0., 0., 0., 0., 0., 0.,
       0., 0., 0., 0., 0., 0., 0., 0., 0., 0., 0., 0., 0., 0., 0., 0.,
       0., 0., 0., 0., 0., 0., 0., 0., 7.74546631e+02, 3.89138062e+02,
       7.02662230e-01, 8.33347717e+02, 2.94887085e+02, 4.99326468e-01,
       8.36405884e+02, 2.91841400e+02, 3.75080407e-01, 0., 0., 0., 0.,
       0., 0., 8.15768127e+02, 3.00718109e+02, 7.11186290e-01,
       8.98223511e+02, 4.33184113e+02, 8.58068585e-01, 9.51184937e+02,
       5.74335693e+02, 8.49995852e-01, 1.12480530e+03, 3.09536743e+02,
       4.53800619e-01, 1.12189453e+03, 3.62524323e+02, 5.29916406e-01,
       1.32195825e+03, 4.83347565e+02, 6.80174172e-01, 1.51916187e+03,
       5.30224670e+02, 7.34684169e-01, 1.12478638e+03, 2.68391083e+02,
       4.83240366e-01, 1.37788000e+03, 2.35984802e+02, 3.67551535e-01,
       1.54276392e+03, 1.44700485e+02, 3.48490357e-01, 0., 0., 0.,
       7.62821167e+02, 3.85931183e+02, 7.99058735e-01, 0., 0., 0.,
       7.56935913e+02, 3.39021027e+02, 6.38817310e-01, 1.61042407e+03,
       1.06487640e+02, 1.22471109e-01, 1.60751294e+03, 1.09425461e+02,
       1.39091253e-01, 0., 0., 0., 1.57805115e+03, 5.74508179e+02,
       3.94842029e-01, 1.56334106e+03, 5.77319519e+02, 3.69003177e-01,
       1.54284521e+03, 5.15537354e+02, 5.06590247e-01 ]
