%YAML:1.0
---
pose_0: !!opencv-matrix
   rows: 1
   cols: 25
   dt: "3f"
   data: [ 7.83302734e+02, 5.50811951e+02, 8.32373500e-01,
       8.86463074e+02, 5.30285278e+02, 7.90285468e-01, 8.86502014e+02,
       6.09742981e+02, 7.03834295e-01, 9.98190857e+02, 6.71687134e+02,
       7.63977885e-01, 1.08652930e+03, 7.18630005e+02, 8.24715912e-01,
       8.92356384e+02, 4.59606812e+02, 6.74529850e-01, 9.98285583e+02,
       3.85941895e+02, 7.60450125e-01, 9.33598083e+02, 2.91777161e+02,
       5.93917251e-01, 1.11899365e+03, 5.50964111e+02, 5.88454664e-01,
       1.11898999e+03, 5.97928528e+02, 5.82946062e-01, 1.33097424e+03,
       6.15596680e+02, 6.56607330e-01, 1.51929517e+03, 6.24510681e+02,
       6.41544998e-01, 1.12193872e+03, 5.03807770e+02, 5.38100898e-01,
       1.34852917e+03, 4.74340912e+02, 3.96908373e-01, 1.53985938e+03,
       4.41979523e+02, 5.92532337e-01, 7.65708557e+02, 5.62660461e+02,
       8.06212783e-01, 7.62897522e+02, 5.30238770e+02, 8.56558263e-01,
       7.86204590e+02, 5.77447388e+02, 3.64559829e-01, 7.77537598e+02,
       4.97951233e+02, 5.02190769e-01, 1.61351343e+03, 4.33157288e+02,
       5.08485436e-01, 1.61046558e+03, 4.27272339e+02, 5.01710415e-01,
       1.57219165e+03, 4.50786285e+02, 2.23016083e-01, 1.58097754e+03,
       6.71635437e+02, 2.53554612e-01, 1.58389587e+03, 6.68638489e+02,
       2.57561713e-01, 1.55159229e+03, 6.09758484e+02, 4.99234021e-01 ]
