%YAML:1.0
---
pose_0: !!opencv-matrix
   rows: 1
   cols: 25
   dt: "3f"
   data: [ 6.80340698e+02, 5.06899536e+02, 7.21788228e-01,
       7.95247864e+02, 4.62542786e+02, 7.44616449e-01, 7.95163147e+02,
       5.50785034e+02, 7.46186256e-01, 9.30494141e+02, 6.21525757e+02,
       6.85545444e-01, 9.06928894e+02, 5.77329590e+02, 6.29056871e-01,
       8.06987610e+02, 3.77252411e+02, 6.12141848e-01, 9.54036865e+02,
       2.85926941e+02, 7.40286589e-01, 8.65843567e+02, 3.38852051e+02,
       3.63688439e-01, 1.09241931e+03, 5.03710785e+02, 5.36980093e-01,
       1.07482031e+03, 5.53872681e+02, 5.65857589e-01, 1.31026587e+03,
       6.01060303e+02, 6.18797183e-01, 1.56337988e+03, 6.06865173e+02,
       5.17145038e-01, 1.09829871e+03, 4.36161407e+02, 4.82751906e-01,
       1.36907117e+03, 4.56686981e+02, 5.62880814e-01, 1.59868359e+03,
       4.59572693e+02, 5.76083720e-01, 6.68524353e+02, 5.12628479e+02,
       2.49922171e-01, 6.68710388e+02, 4.97860748e+02, 6.91473722e-01,
       0., 0., 0., 6.89125793e+02, 4.59564728e+02, 5.69655955e-01,
       1.67226868e+03, 4.18412933e+02, 5.22907436e-01, 1.66344678e+03,
       4.15571625e+02, 5.38349867e-01, 1.62813892e+03, 4.77321930e+02,
       2.80042857e-01, 1.68705933e+03, 6.18619263e+02, 3.98266107e-01,
       1.68397156e+03, 6.24532227e+02, 3.73126477e-01, 1.60753259e+03,
       5.97933655e+02, 2.40556568e-01 ]
