%YAML:1.0
---
pose_0: !!opencv-matrix
   rows: 1
   cols: 25
   dt: "3f"
   data: [ 7.65652039e+02, 4.36139587e+02, 9.09612238e-01,
       8.45254944e+02, 4.56751862e+02, 7.03989148e-01, 8.48160156e+02,
       5.03684021e+02, 5.75020373e-01, 9.77564514e+02, 5.77343689e+02,
       8.58729780e-01, 8.74684143e+02, 5.53711792e+02, 8.44007611e-01,
       8.42289551e+02, 4.09667786e+02, 6.76115990e-01, 9.74670776e+02,
       3.83058258e+02, 8.19668174e-01, 8.42290833e+02, 4.47831757e+02,
       7.61680722e-01, 1.13658533e+03, 4.53726166e+02, 5.39670944e-01,
       1.13956909e+03, 5.00798645e+02, 5.71048498e-01, 1.33081116e+03,
       5.00750244e+02, 7.05165565e-01, 1.56036182e+03, 5.00795227e+02,
       6.16078973e-01, 1.13066284e+03, 3.94932526e+02, 5.55550456e-01,
       1.31906152e+03, 3.30118011e+02, 4.97951269e-01, 1.48980103e+03,
       2.91855530e+02, 2.95085669e-01, 7.56908081e+02, 4.53653656e+02,
       7.63698637e-01, 7.62641357e+02, 4.27238281e+02, 7.79784262e-01,
       7.62838684e+02, 4.80369720e+02, 5.11745930e-01, 7.74566284e+02,
       4.09651337e+02, 5.07556379e-01, 0., 0., 0., 0., 0., 0.,
       1.52215759e+03, 2.71350067e+02, 2.08266333e-01, 1.63397644e+03,
       4.97894379e+02, 5.33097804e-01, 1.61929492e+03, 5.06819336e+02,
       5.13358355e-01, 1.57518811e+03, 4.83278137e+02, 3.28790128e-01 ]
