%YAML:1.0
---
pose_0: !!opencv-matrix
   rows: 1
   cols: 25
   dt: "3f"
   data: [ 7.95151672e+02, 3.89126160e+02, 8.44235241e-01,
       8.83593079e+02, 3.65536804e+02, 6.58907294e-01, 8.59992981e+02,
       4.21345703e+02, 7.65188336e-01, 9.39401001e+02, 3.44892181e+02,
       7.92688370e-01, 8.74680725e+02, 2.38847900e+02, 7.63440847e-01,
       9.09985779e+02, 3.18347321e+02, 3.89928520e-01, 9.92414917e+02,
       2.00503067e+02, 5.16149402e-01, 8.80488953e+02, 1.71106461e+02,
       6.75477982e-01, 1.11885376e+03, 4.30254639e+02, 6.57011390e-01,
       1.09544861e+03, 4.77243774e+02, 6.10915363e-01, 1.29845984e+03,
       5.97836853e+02, 7.93111145e-01, 1.47801001e+03, 6.86226746e+02,
       6.52434349e-01, 1.13952319e+03, 3.85981323e+02, 6.30860507e-01,
       1.33968140e+03, 3.80102142e+02, 6.47809386e-01, 1.55454260e+03,
       3.91933044e+02, 6.28559232e-01, 7.86273560e+02, 4.00824005e+02,
       7.67414093e-01, 7.83431274e+02, 3.71403076e+02, 7.33398139e-01,
       8.06987244e+02, 4.09761475e+02, 9.75053310e-02, 7.92266235e+02,
       3.41892273e+02, 5.54201066e-01, 1.61642029e+03, 3.68469788e+02,
       4.68735844e-01, 1.61051306e+03, 3.65484619e+02, 5.03270328e-01,
       1.58686475e+03, 3.97854004e+02, 3.35252106e-01, 1.56340430e+03,
       7.36338989e+02, 3.87204260e-01, 1.55751746e+03, 7.36256775e+02,
       3.84327471e-01, 1.49577637e+03, 6.89193848e+02, 4.12361771e-01 ]
