%YAML:1.0
---
pose_0: !!opencv-matrix
   rows: 1
   cols: 25
   dt: "3f"
   data: [ 7.15761353e+02, 4.35984558e+02, 8.74764204e-01,
       8.30414551e+02, 4.80255066e+02, 6.91331506e-01, 8.33364441e+02,
       5.59722595e+02, 4.92065430e-01, 9.15862305e+02, 6.56877502e+02,
       5.63177049e-01, 9.42356201e+02, 6.45086914e+02, 5.35914183e-01,
       8.45245239e+02, 4.06636292e+02, 6.63898826e-01, 1.00128510e+03,
       3.89018036e+02, 8.89337897e-01, 9.09996948e+02, 3.71311371e+02,
       7.86206186e-01, 1.11012354e+03, 5.03722595e+02, 5.48091114e-01,
       1.10124329e+03, 5.50816406e+02, 6.16105437e-01, 1.31316406e+03,
       5.98100281e+02, 7.17941225e-01, 1.55157141e+03, 6.15619507e+02,
       5.85255027e-01, 1.11596094e+03, 4.41964203e+02, 5.35627782e-01,
       1.34853467e+03, 4.53690948e+02, 5.18491209e-01, 1.56628967e+03,
       4.65536743e+02, 4.98099029e-01, 6.98129089e+02, 4.53764191e+02,
       7.76704133e-01, 7.03921936e+02, 4.21344025e+02, 6.94511771e-01,
       7.18548645e+02, 4.80311340e+02, 7.45102644e-01, 0., 0., 0.,
       1.63692285e+03, 4.41943237e+02, 3.00884485e-01, 1.63388904e+03,
       4.36199585e+02, 3.39084923e-01, 1.59280969e+03, 4.65525604e+02,
       2.53431559e-01, 1.63696362e+03, 5.83302429e+02, 3.28516811e-01,
       1.62220837e+03, 6.00920410e+02, 2.95143753e-01, 1.58101111e+03,
       6.12726746e+02, 3.38086545e-01 ]
