%YAML:1.0
---
pose_0: !!opencv-matrix
   rows: 1
   cols: 25
   dt: "3f"
   data: [ 7.36272034e+02, 3.24223389e+02, 7.99148977e-01,
       8.01109924e+02, 2.71360596e+02, 5.09734511e-01, 7.95148499e+02,
       2.56588715e+02, 3.58656913e-01, 9.01150208e+02, 4.09708740e+02,
       1.53739840e-01, 9.60021545e+02, 5.50793396e+02, 9.65477750e-02,
       8.06946594e+02, 2.80117432e+02, 6.17166758e-01, 9.04091003e+02,
       4.12610809e+02, 7.96729207e-01, 9.65878662e+02, 5.50764954e+02,
       7.80742764e-01, 1.09835559e+03, 2.97730713e+02, 4.40435767e-01,
       1.09837451e+03, 3.44834106e+02, 4.71484959e-01, 1.28381506e+03,
       4.80277161e+02, 8.34825873e-01, 1.51037720e+03, 5.24341309e+02,
       4.53842819e-01, 1.09540857e+03, 2.44789337e+02, 3.93922627e-01,
       1.39552759e+03, 1.97765305e+02, 4.36731875e-01, 1.58105933e+03,
       1.29974838e+02, 2.44589970e-01, 7.18560730e+02, 3.30106232e+02,
       6.54174089e-01, 7.21704529e+02, 3.12383820e+02, 7.59825110e-01,
       0., 0., 0., 7.39212219e+02, 2.71404694e+02, 6.68849826e-01, 0.,
       0., 0., 0., 0., 0., 1.58988904e+03, 1.27062920e+02,
       2.02534676e-01, 1.56926709e+03, 4.65519592e+02, 1.45336971e-01,
       1.55746106e+03, 4.97926544e+02, 1.05561368e-01, 1.55160779e+03,
       5.21474487e+02, 2.90860116e-01 ]
