%YAML:1.0
---
pose_0: !!opencv-matrix
   rows: 1
   cols: 25
   dt: "3f"
   data: [ 6.77523193e+02, 5.27363159e+02, 8.68860126e-01,
       8.15811523e+02, 5.33219971e+02, 6.88419223e-01, 8.33497192e+02,
       6.06866333e+02, 6.25370264e-01, 9.80609985e+02, 6.74468933e+02,
       8.24121594e-01, 8.80581604e+02, 6.92103638e+02, 8.75503898e-01,
       8.03943237e+02, 4.62597260e+02, 5.89596391e-01, 9.30704224e+02,
       3.50748535e+02, 7.55073488e-01, 9.80655518e+02, 3.86134705e+02,
       8.45813811e-01, 1.11896741e+03, 5.59721191e+02, 5.68825305e-01,
       1.11300769e+03, 6.12701782e+02, 6.05188787e-01, 1.27200317e+03,
       6.74541321e+02, 4.33364779e-01, 1.44562463e+03, 7.01012756e+02,
       2.42673278e-01, 1.12192493e+03, 5.03709747e+02, 5.28133452e-01,
       1.35445325e+03, 5.94977356e+02, 6.59355283e-01, 1.69873425e+03,
       5.74454285e+02, 2.80957609e-01, 6.65691589e+02, 5.42097290e+02,
       8.11444283e-01, 6.71453796e+02, 5.06626587e+02, 9.04427946e-01,
       6.77418762e+02, 5.71379089e+02, 3.97325933e-01, 6.92274963e+02,
       4.83072266e+02, 6.88316226e-01, 1.75465149e+03, 5.21449890e+02,
       1.72031522e-01, 1.75465845e+03, 5.24374329e+02, 1.69402838e-01,
       1.74879480e+03, 6.18585083e+02, 1.69140697e-01, 0., 0., 0., 0.,
       0., 0., 1.47507031e+03, 6.92155396e+02, 7.60353729e-02 ]
