%YAML:1.0
---
pose_0: !!opencv-matrix
   rows: 1
   cols: 25
   dt: "3f"
   data: [ 7.86260071e+02, 5.42091309e+02, 7.37812400e-01,
       8.77510498e+02, 5.27274841e+02, 6.82001889e-01, 9.04010193e+02,
       6.27498962e+02, 5.70882618e-01, 1.04835046e+03, 6.68671570e+02,
       7.58937538e-01, 1.15132288e+03, 7.01038635e+02, 7.04721272e-01,
       8.39427002e+02, 4.33175903e+02, 5.61811388e-01, 8.33317566e+02,
       3.15477722e+02, 7.17036963e-01, 7.06830505e+02, 2.94860504e+02,
       7.95396686e-01, 1.14543689e+03, 5.59771667e+02, 5.91912627e-01,
       1.13963904e+03, 6.06821289e+02, 6.00745916e-01, 1.34557739e+03,
       6.50978210e+02, 5.44567525e-01, 1.53981909e+03, 6.92271606e+02,
       6.07232988e-01, 1.15427234e+03, 5.09679230e+02, 5.75560987e-01,
       1.31319055e+03, 5.00905090e+02, 5.01282334e-01, 1.48097632e+03,
       4.47907166e+02, 2.45857880e-01, 7.71672668e+02, 5.53983765e+02,
       7.78264225e-01, 7.68670532e+02, 5.27367676e+02, 7.39623427e-01,
       7.92265259e+02, 5.77490723e+02, 4.90365714e-01, 7.86333496e+02,
       4.94932495e+02, 5.49868643e-01, 1.55159912e+03, 4.80293884e+02,
       5.93160801e-02, 0., 0., 0., 1.49864661e+03, 4.33124786e+02,
       1.23527788e-01, 1.59573767e+03, 6.83315918e+02, 3.06107581e-01,
       1.58994910e+03, 6.95166138e+02, 3.00973147e-01, 1.56923181e+03,
       6.92227539e+02, 3.23189616e-01 ]
