%YAML:1.0
---
pose_0: !!opencv-matrix
   rows: 1
   cols: 25
   dt: "3f"
   data: [ 5.36174011e+02, 5.77377319e+02, 1.45392969e-01,
       5.89165710e+02, 5.59729919e+02, 1.77178189e-01, 6.39186218e+02,
       5.15572449e+02, 9.50538442e-02, 7.18682251e+02, 4.62589813e+02,
       2.47061402e-01, 0., 0., 0., 5.18499573e+02, 6.06790039e+02,
       1.51837006e-01, 0., 0., 0., 0., 0., 0., 1.05711719e+03,
       5.77443665e+02, 3.23436320e-01, 1.06298425e+03, 6.45106628e+02,
       2.79393286e-01, 0., 0., 0., 0., 0., 0., 1.05122754e+03,
       5.15562500e+02, 3.06481928e-01, 1.34851135e+03, 5.80292053e+02,
       1.94394812e-01, 1.39854578e+03, 5.86177429e+02, 1.16287708e-01,
       5.18521484e+02, 5.74452454e+02, 1.37766659e-01, 5.27316467e+02,
       5.50872925e+02, 2.53294319e-01, 5.30324951e+02, 6.00983093e+02,
       7.74454027e-02, 5.53784790e+02, 5.21408386e+02, 1.02985092e-01,
       0., 0., 0., 0., 0., 0., 0., 0., 0., 0., 0., 0., 0., 0., 0., 0.,
       0., 0. ]
