%YAML:1.0
---
pose_0: !!opencv-matrix
   rows: 1
   cols: 25
   dt: "3f"
   data: [ 7.36238953e+02, 4.83358154e+02, 8.46280098e-01,
       8.33342346e+02, 4.92023956e+02, 7.20582664e-01, 8.18740601e+02,
       5.50950745e+02, 6.84883475e-01, 9.30591797e+02, 6.00867249e+02,
       5.98188937e-01, 1.08070386e+03, 6.68632324e+02, 5.49720585e-01,
       8.36471680e+02, 4.36039917e+02, 6.80000663e-01, 9.98294678e+02,
       3.86176331e+02, 7.93880939e-01, 1.13364661e+03, 3.50704163e+02,
       7.48147428e-01, 1.09244849e+03, 5.12600525e+02, 5.79548657e-01,
       1.08071338e+03, 5.65556091e+02, 5.63204587e-01, 1.27790002e+03,
       5.77432129e+02, 4.44369823e-01, 1.54274084e+03, 5.94964355e+02,
       4.96206075e-01, 1.10124231e+03, 4.59565735e+02, 5.55297375e-01,
       1.32491711e+03, 4.56587189e+02, 5.21952689e-01, 1.57515234e+03,
       4.03772430e+02, 4.44084913e-01, 7.18556335e+02, 5.03692047e+02,
       8.12256873e-01, 7.18699890e+02, 4.68432800e+02, 8.08267236e-01,
       7.36367798e+02, 5.21496826e+02, 3.79962474e-01, 7.42176819e+02,
       4.41954102e+02, 6.11170411e-01, 1.66642029e+03, 4.56761841e+02,
       2.08849981e-01, 1.67227710e+03, 4.36191711e+02, 2.14762002e-01,
       1.61340381e+03, 3.86099548e+02, 2.77273297e-01, 1.61038440e+03,
       5.68520386e+02, 2.71937907e-01, 1.59869226e+03, 5.80289124e+02,
       2.13126555e-01, 1.57222559e+03, 5.97997375e+02, 2.68336773e-01 ]
