%YAML:1.0
---
pose_0: !!opencv-matrix
   rows: 1
   cols: 25
   dt: "3f"
   data: [ 7.62845032e+02, 5.21466187e+02, 1.90982282e-01,
       7.86236206e+02, 4.50835327e+02, 3.52406412e-01, 7.86283081e+02,
       4.50808990e+02, 3.38430017e-01, 0., 0., 0., 0., 0., 0.,
       7.83361145e+02, 4.56655701e+02, 5.55954337e-01, 9.10051880e+02,
       4.27248535e+02, 6.96670234e-01, 1.07188110e+03, 4.77293579e+02,
       7.78407574e-01, 1.06006177e+03, 4.53747040e+02, 1.90405756e-01,
       1.07477832e+03, 4.92042328e+02, 1.52112186e-01, 0., 0., 0., 0.,
       0., 0., 1.03654089e+03, 4.06647949e+02, 1.98425442e-01,
       1.32787646e+03, 4.50754578e+02, 6.23709559e-01, 1.58688867e+03,
       4.18446838e+02, 4.47706580e-01, 7.62759094e+02, 5.12653381e+02,
       1.00697897e-01, 7.51037476e+02, 5.09637024e+02, 1.76152930e-01,
       0., 0., 0., 7.24580322e+02, 4.77271210e+02, 2.76664793e-01,
       1.65750708e+03, 4.83164246e+02, 1.19525537e-01, 1.66040332e+03,
       4.77290680e+02, 9.96521488e-02, 1.61634973e+03, 4.03760437e+02,
       2.07088023e-01, 0., 0., 0., 0., 0., 0., 0., 0., 0. ]
