%YAML:1.0
---
pose_0: !!opencv-matrix
   rows: 1
   cols: 25
   dt: "3f"
   data: [ 7.56868713e+02, 3.83115021e+02, 7.91825891e-01,
       8.36376648e+02, 3.18326904e+02, 4.41165209e-01, 8.30483154e+02,
       3.36046600e+02, 2.57520258e-01, 0., 0., 0., 0., 0., 0.,
       8.48148621e+02, 3.00740021e+02, 6.52060509e-01, 9.51123840e+02,
       4.00790955e+02, 7.37653971e-01, 9.74844299e+02, 5.30308289e+02,
       8.50216091e-01, 1.13945850e+03, 3.36042542e+02, 4.57548797e-01,
       1.13652551e+03, 3.83038879e+02, 4.37871754e-01, 1.31317188e+03,
       4.89084106e+02, 6.60103261e-01, 1.53687366e+03, 5.30182861e+02,
       6.44101620e-01, 1.13954248e+03, 2.88902100e+02, 3.95544916e-01,
       1.28369653e+03, 2.68415161e+02, 7.14707151e-02, 0., 0., 0.,
       7.39180542e+02, 3.83059113e+02, 6.22833490e-01, 7.48051758e+02,
       3.62362579e+02, 7.59243250e-01, 0., 0., 0., 7.65804443e+02,
       3.15456573e+02, 6.77368999e-01, 0., 0., 0., 0., 0., 0., 0., 0.,
       0., 1.58686157e+03, 5.97936096e+02, 3.87894481e-01,
       1.56929956e+03, 5.94998718e+02, 3.57292652e-01, 1.56342639e+03,
       5.06825317e+02, 4.92880404e-01 ]
