%YAML:1.0
---
pose_0: !!opencv-matrix
   rows: 1
   cols: 25
   dt: "3f"
   data: [ 7.15660217e+02, 3.71423492e+02, 8.52149665e-01,
       8.12826782e+02, 3.42028564e+02, 7.77351439e-01, 8.12824524e+02,
       4.09532593e+02, 5.25722206e-01, 8.86373657e+02, 4.65590881e+02,
       7.10585415e-01, 8.15758301e+02, 4.59610199e+02, 6.34610653e-01,
       8.18673584e+02, 2.71276093e+02, 7.66116321e-01, 8.59910034e+02,
       3.35951660e+02, 7.49363780e-01, 7.86435669e+02, 4.47889130e+02,
       6.02919638e-01, 1.10420166e+03, 3.91907440e+02, 5.36481500e-01,
       1.09830518e+03, 4.39074219e+02, 5.60946107e-01, 1.32781458e+03,
       4.80250488e+02, 7.93576658e-01, 1.58693591e+03, 5.42088257e+02,
       5.43433368e-01, 1.11011475e+03, 3.36039429e+02, 5.16203225e-01,
       1.35147705e+03, 3.36066803e+02, 4.19666648e-01, 1.55452710e+03,
       3.15526276e+02, 5.06366074e-01, 6.95254700e+02, 3.88961853e+02,
       8.08019161e-01, 6.98028259e+02, 3.53709961e+02, 8.07082176e-01,
       7.27514954e+02, 4.06600861e+02, 6.41832724e-02, 7.15738892e+02,
       3.15322693e+02, 5.85220635e-01, 1.63406787e+03, 2.97770294e+02,
       4.01660234e-01, 1.63106982e+03, 2.94743134e+02, 4.27444905e-01,
       1.59868030e+03, 3.18395508e+02, 2.19261214e-01, 1.65166858e+03,
       5.00885498e+02, 2.56919950e-01, 1.64285461e+03, 5.09718903e+02,
       2.00990856e-01, 1.61344885e+03, 5.53793030e+02, 3.47545236e-01 ]
