%YAML:1.0
---
pose_0: !!opencv-matrix
   rows: 1
   cols: 25
   dt: "3f"
   data: [ 7.77472656e+02, 5.74305908e+02, 8.34298372e-01,
       8.74610718e+02, 5.15566772e+02, 5.39396465e-01, 8.71712402e+02,
       5.53846802e+02, 3.39993536e-01, 0., 0., 0., 0., 0., 0.,
       8.77498413e+02, 4.80278015e+02, 7.00694323e-01, 1.00999646e+03,
       4.41966980e+02, 6.60976648e-01, 1.12482813e+03, 4.06549194e+02,
       7.68899024e-01, 1.11307446e+03, 5.68566406e+02, 3.11622053e-01,
       1.11302222e+03, 6.24481384e+02, 2.14363396e-01, 1.33382153e+03,
       5.30232971e+02, 4.46464539e-01, 1.52215259e+03, 4.56622101e+02,
       2.25621447e-01, 1.12482800e+03, 5.39106812e+02, 2.72858292e-01,
       1.35442078e+03, 5.27404053e+02, 5.29825866e-01, 1.53100403e+03,
       4.53725616e+02, 4.64414477e-01, 7.62700134e+02, 5.77470703e+02,
       7.73742795e-01, 7.62786743e+02, 5.53695129e+02, 8.49845707e-01,
       0., 0., 0., 7.68769714e+02, 5.12583801e+02, 5.96189439e-01,
       1.63394177e+03, 4.15512177e+02, 2.65503258e-01, 1.63108325e+03,
       4.12617462e+02, 2.59902507e-01, 1.54572449e+03, 4.33129639e+02,
       2.14920223e-01, 0., 0., 0., 0., 0., 0., 1.54277063e+03,
       4.15547058e+02, 7.81126916e-02 ]
