%YAML:1.0
---
pose_0: !!opencv-matrix
   rows: 1
   cols: 25
   dt: "3f"
   data: [ 7.21664795e+02, 4.56776337e+02, 8.80296946e-01,
       8.12840088e+02, 4.33214386e+02, 7.47798979e-01, 7.98082886e+02,
       4.92075500e+02, 6.18534863e-01, 9.09980164e+02, 5.18544495e+02,
       2.57177293e-01, 9.77730286e+02, 5.33320251e+02, 1.90584511e-01,
       8.33393555e+02, 3.74280426e+02, 6.19670510e-01, 9.51172302e+02,
       3.38817444e+02, 7.16248930e-01, 1.08069714e+03, 3.24298981e+02,
       6.88250065e-01, 1.09536768e+03, 4.56656555e+02, 4.76089358e-01,
       1.09240369e+03, 4.97916870e+02, 4.11763430e-01, 1.30727856e+03,
       4.62582397e+02, 2.76202470e-01, 1.50746631e+03, 4.03729553e+02,
       3.63432050e-01, 1.10419885e+03, 4.09540375e+02, 3.62725139e-01,
       1.31614575e+03, 4.53732483e+02, 3.57712090e-01, 1.51632800e+03,
       4.06632690e+02, 3.80564839e-01, 7.12693298e+02, 4.62628967e+02,
       8.01461756e-01, 7.15793396e+02, 4.36133820e+02, 8.82301271e-01,
       7.27468323e+02, 4.80339905e+02, 1.11615121e-01, 7.39144043e+02,
       4.06689453e+02, 6.51350856e-01, 1.61345288e+03, 3.68441315e+02,
       9.98914018e-02, 1.61637329e+03, 3.71328552e+02, 1.03357129e-01,
       1.54276611e+03, 4.00766571e+02, 1.85956374e-01, 0., 0., 0., 0.,
       0., 0., 1.52509363e+03, 3.77230225e+02, 9.70804170e-02 ]
