%YAML:1.0
---
pose_0: !!opencv-matrix
   rows: 1
   cols: 25
   dt: "3f"
   data: [ 7.65855103e+02, 4.44970825e+02, 7.68990874e-01,
       8.45252930e+02, 4.21373840e+02, 4.91736650e-01, 8.45233887e+02,
       4.59654205e+02, 5.00680923e-01, 9.77630371e+02, 5.21483154e+02,
       1.67158917e-01, 9.98251282e+02, 5.15608459e+02, 1.36839628e-01,
       8.54016602e+02, 3.83122559e+02, 4.05100524e-01, 1.04243494e+03,
       3.33100372e+02, 4.20512140e-01, 1.02488635e+03, 2.24242645e+02,
       5.27020216e-01, 1.13956677e+03, 4.56711304e+02, 5.81161261e-01,
       1.13070947e+03, 5.03902802e+02, 6.04904652e-01, 1.31610144e+03,
       5.47903137e+02, 6.79517508e-01, 1.52507605e+03, 5.74510010e+02,
       5.20290852e-01, 1.14538586e+03, 4.03712341e+02, 5.47175765e-01,
       1.35445422e+03, 3.89057220e+02, 6.71380460e-01, 1.55744250e+03,
       3.85905396e+02, 6.20459914e-01, 7.59780518e+02, 4.56799866e+02,
       7.12471843e-01, 7.59850525e+02, 4.33062439e+02, 7.62264550e-01,
       7.83377930e+02, 4.62642548e+02, 8.59439075e-02, 7.68769104e+02,
       3.94943726e+02, 5.85087121e-01, 1.62220557e+03, 3.62586639e+02,
       4.57812369e-01, 1.61630945e+03, 3.59538269e+02, 4.91108894e-01,
       1.58396106e+03, 3.83140656e+02, 2.86783218e-01, 1.60459058e+03,
       5.50829346e+02, 2.38786608e-01, 0., 0., 0., 1.56340063e+03,
       5.74405701e+02, 1.95936799e-01 ]
