%YAML:1.0
---
pose_0: !!opencv-matrix
   rows: 1
   cols: 25
   dt: "3f"
   data: [ 6.74503052e+02, 5.06879395e+02, 8.63747299e-01,
       8.09942993e+02, 5.27228088e+02, 7.55913913e-01, 7.98160950e+02,
       6.09729248e+02, 6.97777808e-01, 9.01149780e+02, 6.98052490e+02,
       7.75775731e-01, 9.54176819e+02, 6.95020752e+02, 7.70586193e-01,
       8.18697937e+02, 4.36160950e+02, 6.15430653e-01, 9.45231628e+02,
       4.12689941e+02, 5.40618002e-01, 1.02483984e+03, 4.36217957e+02,
       4.03819114e-01, 1.10421631e+03, 5.27304993e+02, 5.31191826e-01,
       1.09833276e+03, 5.77423096e+02, 5.64258873e-01, 1.32490259e+03,
       5.59700073e+02, 5.95121205e-01, 1.57810413e+03, 5.83308105e+02,
       5.46814620e-01, 1.10422253e+03, 4.62666016e+02, 5.51522791e-01,
       1.33967224e+03, 4.56643585e+02, 5.55537105e-01, 1.51925403e+03,
       4.94954620e+02, 6.08098149e-01, 6.62720886e+02, 5.27393677e+02,
       8.02081883e-01, 6.68487183e+02, 4.86194305e+02, 8.30039084e-01,
       6.74475281e+02, 5.50941406e+02, 4.10847127e-01, 6.95051697e+02,
       4.59658875e+02, 5.31829834e-01, 1.61930823e+03, 4.62606689e+02,
       2.05814853e-01, 1.61632996e+03, 4.59698944e+02, 2.24700838e-01,
       1.54571509e+03, 5.09679474e+02, 3.93843144e-01, 1.68694641e+03,
       5.80316406e+02, 4.06249315e-01, 1.67225000e+03, 5.94990173e+02,
       3.41334045e-01, 1.59869470e+03, 5.77362549e+02, 3.24008256e-01 ]
