%YAML:1.0
---
pose_0: !!opencv-matrix
   rows: 2
   cols: 25
   dt: "3f"
   data: [ 0., 0., 0., 0., 0., 0., 0., 0., 0., 0., 0., 0., 0., 0., 0.,
       6.80397827e+02, 4.89139435e+02, 9.32611749e-02, 8.30470154e+02,
       4.74312531e+02, 6.73815906e-01, 6.33303040e+02, 5.39089050e+02,
       6.22408807e-01, 0., 0., 0., 0., 0., 0., 0., 0., 0., 0., 0., 0.,
       0., 0., 0., 0., 0., 0., 0., 0., 0., 0., 0., 0., 0., 0., 0., 0.,
       0., 0., 0., 0., 0., 0., 0., 0., 0., 0., 0., 0., 0., 0., 0., 0.,
       0., 0., 0., 0., 0., 0., 0., 5.30239990e+02, 4.89064301e+02,
       5.46748400e-01, 6.24473938e+02, 5.62670227e+02, 1.11153089e-01,
       6.56851318e+02, 6.03877502e+02, 9.32144746e-02, 0., 0., 0., 0.,
       0., 0., 0., 0., 0., 0., 0., 0., 0., 0., 0., 1.07479614e+03,
       5.47936890e+02, 1.95313990e-01, 1.07184473e+03, 6.21553650e+02,
       1.80608541e-01, 1.23665723e+03, 6.83360413e+02, 2.13529468e-01,
       1.73995398e+03, 6.83289612e+02, 2.93714255e-01, 1.06892603e+03,
       4.68462402e+02, 2.49707878e-01, 1.26905457e+03, 3.83067047e+02,
       9.30347294e-02, 1.35734888e+03, 3.38905029e+02, 1.00004882e-01,
       5.09668182e+02, 5.12621582e+02, 6.40152037e-01, 5.21418945e+02,
       4.83355743e+02, 1.51699185e-01, 5.33192810e+02, 5.95010620e+02,
       2.31675342e-01, 0., 0., 0., 0., 0., 0., 0., 0., 0.,
       1.36027307e+03, 3.06591553e+02, 5.70809543e-02, 0., 0., 0., 0.,
       0., 0., 1.75171387e+03, 6.74494873e+02, 1.94136500e-01 ]
