%YAML:1.0
---
pose_0: !!opencv-matrix
   rows: 1
   cols: 25
   dt: "3f"
   data: [ 7.86193970e+02, 3.89035522e+02, 9.22164977e-01,
       9.03947754e+02, 4.30177094e+02, 6.93389654e-01, 9.04102600e+02,
       5.06852478e+02, 7.53670216e-01, 1.03652698e+03, 5.47874695e+02,
       8.15010488e-01, 1.06879968e+03, 4.39075928e+02, 7.77112663e-01,
       8.92306641e+02, 3.56670074e+02, 6.54722214e-01, 1.04819690e+03,
       2.74283936e+02, 7.99837649e-01, 1.16608276e+03, 2.06486572e+02,
       8.39699924e-01, 1.16312427e+03, 3.68453033e+02, 5.85611641e-01,
       1.16896631e+03, 4.15486664e+02, 6.06287956e-01, 1.36905542e+03,
       4.36013519e+02, 7.91941702e-01, 1.55155151e+03, 5.27216980e+02,
       6.70537293e-01, 1.16298291e+03, 3.18452209e+02, 6.11528099e-01,
       1.37789026e+03, 3.06549805e+02, 5.70690870e-01, 1.58399988e+03,
       2.91827972e+02, 6.41673207e-01, 7.65728027e+02, 4.00807587e+02,
       8.54883313e-01, 7.77539001e+02, 3.68454102e+02, 8.41087937e-01,
       7.83287476e+02, 4.33049347e+02, 6.90595090e-01, 8.06838989e+02,
       3.59452393e+02, 6.84560776e-01, 1.64581335e+03, 2.68283417e+02,
       3.98371249e-01, 1.63702197e+03, 2.65383667e+02, 4.79416400e-01,
       1.63105286e+03, 2.94892639e+02, 3.26368511e-01, 1.61932104e+03,
       5.50934631e+02, 6.81334257e-01, 1.60456958e+03, 5.56820740e+02,
       6.38026655e-01, 1.56633472e+03, 5.24350830e+02, 4.17975485e-01 ]
