%YAML:1.0
---
pose_0: !!opencv-matrix
   rows: 1
   cols: 25
   dt: "3f"
   data: [ 0., 0., 0., 8.74660339e+02, 1.91792709e+02, 9.90218967e-02,
       0., 0., 0., 0., 0., 0., 0., 0., 0., 8.45184692e+02,
       2.24159332e+02, 3.41841310e-01, 8.89318665e+02, 3.94876434e+02,
       7.57756710e-01, 9.51091980e+02, 5.44960999e+02, 8.03620160e-01,
       1.13367627e+03, 2.62463501e+02, 3.19826961e-01, 1.13661194e+03,
       3.21279999e+02, 2.76195019e-01, 1.29847314e+03, 4.36213318e+02,
       7.73503780e-01, 1.49268542e+03, 3.36034210e+02, 4.56599891e-01,
       1.15129871e+03, 2.15319962e+02, 2.76618749e-01, 1.35739417e+03,
       2.18278717e+02, 4.02845800e-01, 1.60162024e+03, 1.53471725e+02,
       3.24667364e-01, 0., 0., 0., 0., 0., 0., 0., 0., 0., 0., 0., 0.,
       1.68698743e+03, 1.35927322e+02, 1.62168011e-01, 1.68398450e+03,
       1.33025223e+02, 1.74712658e-01, 0., 0., 0., 1.52511646e+03,
       3.27214844e+02, 1.51779786e-01, 1.51915808e+03, 3.38994720e+02,
       1.83594406e-01, 1.52508899e+03, 3.15444885e+02, 3.10197681e-01 ]
