%YAML:1.0
---
pose_0: !!opencv-matrix
   rows: 1
   cols: 25
   dt: "3f"
   data: [ 7.12771301e+02, 5.92073181e+02, 8.44256759e-01,
       8.33349670e+02, 5.77441223e+02, 6.07702732e-01, 8.21671631e+02,
       6.33281494e+02, 3.90472859e-01, 9.80612549e+02, 6.62698364e+02,
       5.96127093e-01, 1.06592871e+03, 7.36337891e+02, 8.36015463e-01,
       8.39378540e+02, 5.24349854e+02, 6.45698667e-01, 9.95262024e+02,
       4.92017120e+02, 6.98556662e-01, 1.13948340e+03, 4.83362488e+02,
       7.87286580e-01, 1.13072681e+03, 6.24519714e+02, 6.11986816e-01,
       1.12184058e+03, 6.68671692e+02, 6.54765546e-01, 1.30433459e+03,
       7.80482300e+02, 7.46983945e-01, 1.43386389e+03, 6.65633240e+02,
       3.07412922e-01, 1.13956628e+03, 5.77490540e+02, 5.98553598e-01,
       1.30727026e+03, 6.71707092e+02, 7.74779975e-01, 1.57216797e+03,
       6.74509216e+02, 5.61662197e-01, 6.95089783e+02, 6.00950012e+02,
       8.41391623e-01, 6.98163574e+02, 5.71507568e+02, 8.52250159e-01,
       7.15687012e+02, 6.21529663e+02, 2.62275785e-01, 7.30419922e+02,
       5.45013184e+02, 5.85152209e-01, 1.63697852e+03, 6.36252686e+02,
       4.43320572e-01, 1.63409338e+03, 6.36256958e+02, 4.35889751e-01,
       1.59276135e+03, 6.80362366e+02, 2.66599327e-01, 0., 0., 0., 0.,
       0., 0., 0., 0., 0. ]
