%YAML:1.0
---
pose_0: !!opencv-matrix
   rows: 1
   cols: 25
   dt: "3f"
   data: [ 5.97913513e+02, 5.30319885e+02, 5.44882268e-02,
       6.92094238e+02, 5.50809204e+02, 5.05032241e-01, 6.74482422e+02,
       6.50952026e+02, 4.47302550e-01, 7.83346863e+02, 8.59996887e+02,
       7.90775061e-01, 6.92148193e+02, 1.02180225e+03, 5.83840668e-01,
       7.15650024e+02, 4.39025787e+02, 6.64722264e-01, 7.30445740e+02,
       5.06685852e+02, 6.25810385e-01, 5.44989197e+02, 6.74603210e+02,
       5.67040980e-01, 1.07478003e+03, 5.39127686e+02, 1.02706060e-01,
       1.07772778e+03, 6.12714233e+02, 1.14730790e-01, 1.11308044e+03,
       6.45004150e+02, 8.10633600e-02, 1.72231311e+03, 6.00830017e+02,
       3.68746549e-01, 1.07184131e+03, 4.62593597e+02, 1.60304174e-01,
       0., 0., 0., 0., 0., 0., 0., 0., 0., 5.86177063e+02,
       5.18494507e+02, 7.94904828e-02, 0., 0., 0., 5.86239563e+02,
       4.65534180e+02, 1.62725881e-01, 0., 0., 0., 0., 0., 0., 0., 0.,
       0., 1.81648621e+03, 5.95064758e+02, 8.12863186e-02, 0., 0., 0.,
       1.73707068e+03, 6.00912292e+02, 1.57090396e-01 ]
