%YAML:1.0
---
pose_0: !!opencv-matrix
   rows: 1
   cols: 25
   dt: "3f"
   data: [ 8.33431946e+02, 5.27459351e+02, 8.18069816e-01,
       9.27533142e+02, 5.03815491e+02, 8.16841006e-01, 9.12904541e+02,
       5.80286987e+02, 6.53510213e-01, 8.33399109e+02, 6.74482361e+02,
       8.76472116e-01, 7.86241333e+02, 6.24531738e+02, 7.25263417e-01,
       9.30443665e+02, 4.21390350e+02, 7.20366716e-01, 9.27601563e+02,
       3.18272827e+02, 8.19046199e-01, 8.83609070e+02, 1.97630508e+02,
       8.50207806e-01, 1.16899158e+03, 5.24421387e+02, 6.00381374e-01,
       1.16605762e+03, 5.71440735e+02, 6.31364167e-01, 1.35736267e+03,
       6.45181274e+02, 7.53047466e-01, 1.52219604e+03, 6.33309875e+02,
       6.81964278e-01, 1.17193506e+03, 4.77222931e+02, 5.56651771e-01,
       1.36318652e+03, 4.80359131e+02, 7.52807736e-01, 1.54861145e+03,
       4.36197205e+02, 7.32250988e-01, 8.15734741e+02, 5.39158264e+02,
       7.35335469e-01, 8.15735901e+02, 5.06891418e+02, 7.60594010e-01,
       8.36332458e+02, 5.56770752e+02, 2.55866587e-01, 8.33425415e+02,
       4.80303253e+02, 5.32297909e-01, 1.61332166e+03, 4.36062073e+02,
       4.25325781e-01, 1.61033997e+03, 4.30175385e+02, 5.02094269e-01,
       1.56631592e+03, 4.21388214e+02, 3.13091248e-01, 1.56337878e+03,
       7.03929260e+02, 5.28747380e-01, 1.56335681e+03, 6.95049805e+02,
       4.95735645e-01, 1.54578088e+03, 6.15626892e+02, 5.51151633e-01 ]
