%YAML:1.0
---
pose_0: !!opencv-matrix
   rows: 1
   cols: 25
   dt: "3f"
   data: [ 5.44959778e+02, 5.65653625e+02, 7.74265528e-01,
       6.47987976e+02, 5.86246765e+02, 6.45568907e-01, 6.24531555e+02,
       6.50964233e+02, 3.70480418e-01, 8.01028992e+02, 8.33414368e+02,
       4.26862240e-01, 7.39250916e+02, 8.15778748e+02, 6.00779831e-01,
       6.68517578e+02, 5.12689209e+02, 6.47602201e-01, 7.45167542e+02,
       5.09757507e+02, 7.44943917e-01, 5.89144470e+02, 6.74489502e+02,
       6.93770170e-01, 1.03945898e+03, 5.80284851e+02, 4.18131202e-01,
       1.03655566e+03, 6.48009216e+02, 4.60771441e-01, 1.29550574e+03,
       6.98031616e+02, 5.11943139e-02, 0., 0., 0., 1.04238867e+03,
       5.18484680e+02, 4.19325560e-01, 1.28375110e+03, 5.80358521e+02,
       4.16082501e-01, 1.54571814e+03, 5.89120728e+02, 1.55834198e-01,
       5.27273926e+02, 5.86228149e+02, 7.83586442e-01, 5.27383362e+02,
       5.47949524e+02, 8.14997196e-01, 5.42070435e+02, 6.21545776e+02,
       6.45485282e-01, 5.53719238e+02, 5.24307129e+02, 3.99540186e-01,
       0., 0., 0., 0., 0., 0., 1.56925488e+03, 6.00971313e+02,
       1.34839207e-01, 0., 0., 0., 0., 0., 0., 0., 0., 0. ]
