%YAML:1.0
---
pose_0: !!opencv-matrix
   rows: 1
   cols: 25
   dt: "3f"
   data: [ 6.71593262e+02, 5.30379395e+02, 7.92513371e-01,
       7.65711304e+02, 4.47891754e+02, 4.74401444e-01, 7.42270569e+02,
       4.74377777e+02, 3.28513503e-01, 8.39319885e+02, 5.30250244e+02,
       8.95577669e-02, 0., 0., 0., 7.86373352e+02, 4.33046448e+02,
       6.66437984e-01, 9.07003479e+02, 5.12625793e+02, 8.11863065e-01,
       7.80437012e+02, 5.74334412e+02, 7.35644937e-01, 1.11011914e+03,
       4.56705841e+02, 2.37405717e-01, 1.09833862e+03, 4.44917023e+02,
       1.39014333e-01, 1.33082300e+03, 4.86176117e+02, 2.31943071e-01,
       1.62515381e+03, 4.15520416e+02, 2.74768054e-01, 1.13070007e+03,
       4.59690948e+02, 2.85277992e-01, 1.33080396e+03, 5.03715027e+02,
       5.18213034e-01, 1.65456335e+03, 4.18430725e+02, 3.51011366e-01,
       0., 0., 0., 6.59789246e+02, 5.09790894e+02, 7.30647922e-01, 0.,
       0., 0., 6.80359070e+02, 4.59745056e+02, 6.07489228e-01,
       1.70469629e+03, 3.62400818e+02, 2.68434346e-01, 1.70761047e+03,
       3.62520172e+02, 2.27042884e-01, 1.69870618e+03, 4.33118530e+02,
       1.65642545e-01, 0., 0., 0., 0., 0., 0., 1.70167529e+03,
       4.21396057e+02, 5.18666431e-02 ]
