%YAML:1.0
---
pose_0: !!opencv-matrix
   rows: 1
   cols: 25
   dt: "3f"
   data: [ 7.42321655e+02, 5.36154785e+02, 7.45145798e-01,
       8.33337219e+02, 4.80116180e+02, 6.03249311e-01, 8.15784302e+02,
       4.80262482e+02, 4.55466509e-01, 9.77658569e+02, 5.50969299e+02,
       6.23112679e-01, 9.18788452e+02, 6.06795654e+02, 7.21019506e-01,
       8.45216309e+02, 4.74328918e+02, 6.35435581e-01, 9.77677368e+02,
       4.94945343e+02, 8.50241303e-01, 8.80515747e+02, 5.80387634e+02,
       8.29657853e-01, 1.15721399e+03, 4.83179779e+02, 3.15276563e-01,
       1.14248621e+03, 4.97909027e+02, 1.58273295e-01, 1.34853418e+03,
       5.53844543e+02, 1.97122514e-01, 1.54868713e+03, 4.42013947e+02,
       1.41473472e-01, 1.18074756e+03, 4.68485535e+02, 3.30135942e-01,
       1.37795496e+03, 5.24394897e+02, 5.34910381e-01, 1.58690076e+03,
       4.36086975e+02, 4.25931305e-01, 0., 0., 0., 7.39147034e+02,
       5.24374390e+02, 7.56257653e-01, 0., 0., 0., 7.53961914e+02,
       4.80325897e+02, 6.50764704e-01, 1.67813806e+03, 3.68449036e+02,
       4.77155805e-01, 1.67523022e+03, 3.71317657e+02, 4.34879780e-01,
       1.61342810e+03, 4.50785370e+02, 1.75741613e-01, 0., 0., 0., 0.,
       0., 0., 0., 0., 0. ]
