%YAML:1.0
---
pose_0: !!opencv-matrix
   rows: 1
   cols: 25
   dt: "3f"
   data: [ 6.62769775e+02, 4.65528625e+02, 8.39994550e-01,
       7.98179077e+02, 5.06639648e+02, 7.46494889e-01, 8.06926208e+02,
       5.92038269e+02, 6.49981678e-01, 9.27673950e+02, 6.56811951e+02,
       7.95237720e-01, 1.00122644e+03, 6.45022644e+02, 6.44038975e-01,
       8.06898254e+02, 4.24311646e+02, 6.65733516e-01, 9.77671326e+02,
       4.18412781e+02, 7.90768743e-01, 8.83356323e+02, 3.92060150e+02,
       8.48101556e-01, 1.09237744e+03, 4.86173004e+02, 5.44655621e-01,
       1.08950281e+03, 5.36123230e+02, 5.57993531e-01, 1.31910498e+03,
       5.33237610e+02, 6.45293057e-01, 1.60747058e+03, 5.65640991e+02,
       5.06807268e-01, 1.08950427e+03, 4.33094238e+02, 5.14865935e-01,
       1.35145349e+03, 4.30176849e+02, 5.14481783e-01, 1.57219067e+03,
       4.56765869e+02, 4.99545515e-01, 6.45185974e+02, 4.83251312e+02,
       8.66340697e-01, 6.51080200e+02, 4.50838226e+02, 8.47689271e-01,
       6.68506165e+02, 5.15546570e+02, 6.18852794e-01, 6.92020325e+02,
       4.33047455e+02, 6.19319201e-01, 1.64575403e+03, 4.24293762e+02,
       5.22449791e-01, 1.63699988e+03, 4.21363647e+02, 5.76519907e-01,
       1.60453979e+03, 4.74366943e+02, 3.11027706e-01, 1.71932849e+03,
       5.47961792e+02, 3.43781501e-01, 1.70763208e+03, 5.56757874e+02,
       2.63460755e-01, 1.62515955e+03, 5.62637512e+02, 2.39237189e-01 ]
