%YAML:1.0
---
pose_0: !!opencv-matrix
   rows: 2
   cols: 25
   dt: "3f"
   data: [ 0., 0., 0., 6.92223083e+02, 6.00885071e+02, 6.29603788e-02,
       6.95031189e+02, 6.06807678e+02, 3.47004503e-01, 8.54017822e+02,
       6.12693970e+02, 6.58121586e-01, 7.36210022e+02, 4.39100922e+02,
       7.49170542e-01, 6.92123718e+02, 6.12660461e+02, 1.19389988e-01,
       0., 0., 0., 0., 0., 0., 7.15655945e+02, 5.03791077e+02,
       1.91629261e-01, 6.74479797e+02, 5.33265442e+02, 8.12282264e-02,
       0., 0., 0., 0., 0., 0., 7.15694214e+02, 4.71438477e+02,
       9.56881568e-02, 0., 0., 0., 0., 0., 0., 0., 0., 0., 0., 0., 0.,
       0., 0., 0., 0., 0., 0., 0., 0., 0., 0., 0., 0., 0., 0., 0., 0.,
       0., 0., 0., 0., 0., 0., 0., 0., 5.36189270e+02, 5.36228394e+02,
       5.60107350e-01, 5.68510498e+02, 4.92043579e+02, 2.83918142e-01,
       0., 0., 0., 0., 0., 0., 0., 0., 0., 6.48000549e+02,
       4.12615112e+02, 1.13629594e-01, 9.33515198e+02, 3.27244202e+02,
       6.75309718e-01, 7.71645874e+02, 3.21296814e+02, 5.66145122e-01,
       1.08070032e+03, 5.33193542e+02, 4.71466422e-01, 1.06299463e+03,
       6.03842590e+02, 4.73045856e-01, 1.32201880e+03, 7.24562195e+02,
       2.91635960e-01, 1.55749658e+03, 8.45215698e+02, 3.64084840e-01,
       1.09835767e+03, 4.62609924e+02, 4.09202427e-01, 1.36322827e+03,
       4.71435242e+02, 3.71505320e-01, 1.73995190e+03, 4.83316681e+02,
       2.90448397e-01, 5.09665497e+02, 5.44968384e+02, 4.46808279e-01,
       5.33235352e+02, 5.12611145e+02, 4.50618178e-01, 0., 0., 0.,
       5.53774841e+02, 4.77298126e+02, 2.15343699e-01, 0., 0., 0., 0.,
       0., 0., 1.75170862e+03, 5.03778534e+02, 1.42313838e-01,
       1.62223389e+03, 8.30472290e+02, 1.41104877e-01, 0., 0., 0.,
       1.59871130e+03, 8.59981934e+02, 2.55269259e-01 ]
