%YAML:1.0
---
pose_0: !!opencv-matrix
   rows: 1
   cols: 25
   dt: "3f"
   data: [ 7.12754089e+02, 4.44971863e+02, 8.00955951e-01,
       7.80451111e+02, 4.86154999e+02, 6.18886113e-01, 7.42224976e+02,
       5.27361694e+02, 5.60726523e-01, 6.71572815e+02, 5.03723541e+02,
       5.18385828e-01, 6.65639038e+02, 4.50827057e+02, 2.58789122e-01,
       8.03986145e+02, 4.44969421e+02, 4.32883233e-01, 8.74642273e+02,
       4.33173828e+02, 6.84931502e-02, 0., 0., 0., 1.10131421e+03,
       4.80217407e+02, 5.27251720e-01, 1.10717200e+03, 5.27435242e+02,
       5.64664602e-01, 1.31905920e+03, 5.33245667e+02, 3.29684824e-01,
       1.54572937e+03, 5.53950745e+02, 3.59609604e-01, 1.09542883e+03,
       4.21382050e+02, 4.88358110e-01, 1.31025818e+03, 4.30237793e+02,
       5.35901725e-01, 1.61634277e+03, 4.53682129e+02, 4.41603541e-01,
       6.92046204e+02, 4.56663696e+02, 8.19636106e-01, 7.01005737e+02,
       4.33114502e+02, 7.74364352e-01, 6.95101563e+02, 4.83310608e+02,
       5.79226196e-01, 7.21661133e+02, 4.24350800e+02, 2.32645810e-01,
       1.72807471e+03, 4.18491333e+02, 2.98787206e-01, 1.72232495e+03,
       4.15534027e+02, 2.97024310e-01, 1.62810962e+03, 4.59598053e+02,
       2.07544833e-01, 1.50449060e+03, 6.45039856e+02, 1.38462737e-01,
       0., 0., 0., 1.58104907e+03, 5.50847229e+02, 2.30247408e-01 ]
