%YAML:1.0
---
pose_0: !!opencv-matrix
   rows: 1
   cols: 25
   dt: "3f"
   data: [ 7.39156433e+02, 3.38950256e+02, 7.15536892e-01,
       8.12853455e+02, 2.83010712e+02, 4.89014894e-01, 8.12783569e+02,
       3.21294373e+02, 3.32401156e-01, 9.10027100e+02, 3.97841248e+02,
       2.22036824e-01, 9.27514282e+02, 5.06806458e+02, 2.06241444e-01,
       8.15771545e+02, 2.50647568e+02, 7.19819307e-01, 9.07163696e+02,
       3.68367188e+02, 6.14041209e-01, 9.27754883e+02, 5.24383789e+02,
       7.12128818e-01, 1.11599182e+03, 3.30144623e+02, 5.32313883e-01,
       1.11006641e+03, 3.74276367e+02, 5.27434230e-01, 1.30138416e+03,
       4.97933258e+02, 7.84835935e-01, 1.51628259e+03, 5.12644775e+02,
       5.18851280e-01, 1.11899902e+03, 2.77181152e+02, 4.74457830e-01,
       1.23373975e+03, 2.44763199e+02, 1.38998732e-01, 1.55750659e+03,
       1.50558731e+02, 1.49943978e-01, 7.21571167e+02, 3.47837738e+02,
       5.67040086e-01, 7.18585327e+02, 3.18277130e+02, 7.27046311e-01,
       0., 0., 0., 7.33397339e+02, 2.77221161e+02, 5.79863012e-01, 0.,
       0., 0., 0., 0., 0., 1.56332214e+03, 1.56479248e+02,
       1.19865604e-01, 1.58394739e+03, 5.68553589e+02, 1.22808032e-01,
       1.57512158e+03, 5.68533813e+02, 1.20455280e-01, 1.55749438e+03,
       5.03777832e+02, 3.72309864e-01 ]
