%YAML:1.0
---
pose_0: !!opencv-matrix
   rows: 1
   cols: 25
   dt: "3f"
   data: [ 5.03736359e+02, 5.74360718e+02, 8.05840850e-01,
       6.06835449e+02, 5.36226501e+02, 5.58758557e-01, 6.21546631e+02,
       6.00923340e+02, 2.68042952e-01, 7.06892578e+02, 6.92191040e+02,
       1.79490283e-01, 5.80335510e+02, 7.48088501e+02, 3.36460263e-01,
       6.42104675e+02, 4.56732910e+02, 6.97261989e-01, 5.83257141e+02,
       5.83271240e+02, 6.92122996e-01, 4.33020966e+02, 7.18708679e+02,
       7.12023377e-01, 1.01004852e+03, 6.12669312e+02, 2.00160787e-01,
       1.01003094e+03, 6.77420959e+02, 1.79618731e-01, 0., 0., 0., 0.,
       0., 0., 1.01003094e+03, 5.68547241e+02, 1.82881266e-01,
       1.28379810e+03, 6.21484314e+02, 2.35146105e-01, 0., 0., 0.,
       4.80319214e+02, 5.97960449e+02, 6.98436618e-01, 4.83268402e+02,
       5.50817993e+02, 7.71924078e-01, 4.86170715e+02, 6.33275452e+02,
       6.71273768e-02, 5.06694397e+02, 5.03814026e+02, 5.24368882e-01,
       0., 0., 0., 0., 0., 0., 0., 0., 0., 0., 0., 0., 0., 0., 0., 0.,
       0., 0. ]
