%YAML:1.0
---
pose_0: !!opencv-matrix
   rows: 1
   cols: 25
   dt: "3f"
   data: [ 0., 0., 0., 7.71658203e+02, 5.56775940e+02, 3.20695996e-01,
       8.06923767e+02, 6.15638611e+02, 1.67828798e-01, 8.39399658e+02,
       6.83309814e+02, 4.38267946e-01, 6.68639954e+02, 5.92123474e+02,
       5.80234647e-01, 7.33367859e+02, 4.83246826e+02, 1.58399582e-01,
       8.39288452e+02, 3.86101013e+02, 7.75262415e-01, 6.53964661e+02,
       4.33217133e+02, 7.36890078e-01, 1.04829993e+03, 5.59746094e+02,
       4.07922655e-01, 1.03061658e+03, 6.36239441e+02, 4.28711444e-01,
       1.32495972e+03, 7.39269836e+02, 3.37834239e-01, 1.51926013e+03,
       7.86240906e+02, 2.33265847e-01, 1.05714294e+03, 4.97884644e+02,
       3.59906852e-01, 1.37497742e+03, 5.12680664e+02, 4.73151088e-01,
       1.71055408e+03, 5.30314148e+02, 4.69914347e-01, 0., 0., 0., 0.,
       0., 0., 0., 0., 0., 0., 0., 0., 1.82239355e+03, 4.94942596e+02,
       2.21204996e-01, 1.82232361e+03, 4.95002777e+02, 2.19995707e-01,
       1.73110693e+03, 5.50867310e+02, 1.92042530e-01, 0., 0., 0., 0.,
       0., 0., 1.55161255e+03, 7.86337280e+02, 1.86168939e-01 ]
