%YAML:1.0
---
pose_0: !!opencv-matrix
   rows: 1
   cols: 25
   dt: "3f"
   data: [ 6.95076050e+02, 5.00815430e+02, 8.34755838e-01,
       8.15760437e+02, 4.41989929e+02, 7.10040033e-01, 8.30536072e+02,
       5.24420898e+02, 6.19498610e-01, 9.57142883e+02, 5.71490601e+02,
       7.03984618e-01, 1.05132092e+03, 6.51022034e+02, 7.80728161e-01,
       8.09853088e+02, 3.74311401e+02, 6.46993399e-01, 8.83375732e+02,
       2.94725800e+02, 8.51496577e-01, 9.36497253e+02, 2.15322510e+02,
       7.79988289e-01, 1.09545325e+03, 4.86223633e+02, 5.71387708e-01,
       1.08952051e+03, 5.36122681e+02, 5.76513231e-01, 1.30145605e+03,
       5.77417175e+02, 6.92010522e-01, 1.53098108e+03, 5.74498657e+02,
       5.39596856e-01, 1.11007092e+03, 4.33180298e+02, 5.36068797e-01,
       1.33672290e+03, 4.36171051e+02, 5.51591039e-01, 1.58983228e+03,
       4.56739075e+02, 5.98466039e-01, 6.74517029e+02, 5.03763153e+02,
       2.39865959e-01, 6.86217651e+02, 4.80239044e+02, 7.93324053e-01,
       0., 0., 0., 7.00962585e+02, 4.36011444e+02, 6.67106271e-01,
       1.66354358e+03, 4.36073914e+02, 3.88851374e-01, 1.66057825e+03,
       4.33123566e+02, 4.17954832e-01, 1.61048193e+03, 4.77264893e+02,
       2.87867725e-01, 1.49862781e+03, 6.65697510e+02, 4.23137218e-01,
       1.49564392e+03, 6.53940674e+02, 3.82831246e-01, 1.56634216e+03,
       5.53813782e+02, 3.56973231e-01 ]
