%YAML:1.0
---
pose_0: !!opencv-matrix
   rows: 1
   cols: 25
   dt: "3f"
   data: [ 6.48091248e+02, 4.97897430e+02, 8.21383715e-01,
       7.89372864e+02, 5.06860565e+02, 7.45481431e-01, 7.89174622e+02,
       6.09786560e+02, 7.17808843e-01, 8.65818970e+02, 7.18754028e+02,
       7.08981395e-01, 8.83443115e+02, 6.86219238e+02, 7.84193993e-01,
       8.06895203e+02, 4.12654694e+02, 6.29145920e-01, 9.51131348e+02,
       4.03658630e+02, 4.40361679e-01, 9.74701111e+02, 3.86117950e+02,
       5.48127413e-01, 1.09838049e+03, 5.09764740e+02, 5.38735688e-01,
       1.09535962e+03, 5.71410034e+02, 5.39838672e-01, 1.34263501e+03,
       5.56829285e+02, 6.71656430e-01, 1.60456079e+03, 5.71506104e+02,
       4.92815226e-01, 1.10714856e+03, 4.56635284e+02, 5.15753388e-01,
       1.33082324e+03, 4.33139618e+02, 5.30718267e-01, 1.59573352e+03,
       4.86106781e+02, 2.56734461e-01, 6.39115906e+02, 5.15560852e+02,
       7.87669837e-01, 6.42037476e+02, 4.80150665e+02, 8.43289256e-01,
       6.56881287e+02, 5.47825684e+02, 4.45975214e-01, 6.68514038e+02,
       4.50834137e+02, 5.20900130e-01, 1.69582959e+03, 5.21460510e+02,
       2.61844307e-01, 1.70160864e+03, 5.06743500e+02, 3.24816406e-01,
       1.64865881e+03, 4.53795959e+02, 1.45293802e-01, 1.71055872e+03,
       5.62683655e+02, 3.25543523e-01, 1.69579272e+03, 5.80307190e+02,
       3.02417368e-01, 1.63105200e+03, 5.53870972e+02, 2.55455434e-01 ]
