%YAML:1.0
---
pose_0: !!opencv-matrix
   rows: 1
   cols: 25
   dt: "3f"
   data: [ 7.65765503e+02, 5.21494263e+02, 5.39068341e-01,
       8.36309143e+02, 4.44938446e+02, 4.62206453e-01, 8.36331909e+02,
       4.39021667e+02, 3.23302299e-01, 1.01003668e+03, 4.74384460e+02,
       1.84894413e-01, 1.15131824e+03, 5.30310059e+02, 8.59654024e-02,
       8.36410156e+02, 4.56788025e+02, 6.56091630e-01, 1.00417255e+03,
       4.71433716e+02, 6.72855020e-01, 1.14241479e+03, 5.27331299e+02,
       5.30550301e-01, 1.14249414e+03, 3.88964111e+02, 4.79794651e-01,
       1.13068848e+03, 4.30167603e+02, 2.77055174e-01, 1.34556653e+03,
       4.50811554e+02, 7.51063824e-01, 1.55156116e+03, 3.94959381e+02,
       5.78849554e-01, 1.14549194e+03, 3.59608246e+02, 5.04617751e-01,
       1.33381580e+03, 5.06779724e+02, 7.74975002e-01, 1.59280322e+03,
       4.27292297e+02, 3.71810019e-01, 7.53926697e+02, 5.15617065e+02,
       7.35014826e-02, 7.53982788e+02, 5.06610901e+02, 5.74829638e-01,
       0., 0., 0., 7.59866760e+02, 4.59714691e+02, 5.11287451e-01,
       1.68108240e+03, 3.80123901e+02, 3.70092750e-01, 1.68100781e+03,
       3.77271210e+02, 3.61124486e-01, 1.62222400e+03, 4.53740265e+02,
       1.59583747e-01, 1.59284558e+03, 3.44952850e+02, 1.62641495e-01,
       1.58993921e+03, 3.62431427e+02, 1.02769330e-01, 1.57807886e+03,
       3.77217651e+02, 3.69037390e-01 ]
