%YAML:1.0
---
pose_0: !!opencv-matrix
   rows: 1
   cols: 25
   dt: "3f"
   data: [ 7.54014038e+02, 4.12506836e+02, 8.62340808e-01,
       8.36494690e+02, 4.06598785e+02, 7.78905153e-01, 8.21707947e+02,
       4.59729370e+02, 7.21742868e-01, 9.09979492e+02, 5.06811615e+02,
       4.98136997e-01, 9.86491028e+02, 5.30243286e+02, 5.20296216e-01,
       8.57005005e+02, 3.50704590e+02, 6.99628234e-01, 9.68836487e+02,
       2.74198242e+02, 8.00112665e-01, 9.54105896e+02, 4.30242401e+02,
       8.46954882e-01, 1.13072876e+03, 4.12638824e+02, 5.07231832e-01,
       1.13654846e+03, 4.59555084e+02, 5.25117457e-01, 1.34261609e+03,
       5.18526672e+02, 7.44304419e-01, 1.54866968e+03, 5.27289246e+02,
       7.09899127e-01, 1.12775171e+03, 3.65513580e+02, 4.12343979e-01,
       1.35453284e+03, 3.38897125e+02, 7.02607751e-01, 1.54862732e+03,
       1.74202225e+02, 5.00790775e-01, 7.39122314e+02, 4.21407104e+02,
       7.70857453e-01, 7.42250427e+02, 3.89060028e+02, 8.24716806e-01,
       7.48091919e+02, 4.41970306e+02, 1.83379695e-01, 7.62879150e+02,
       3.62584991e+02, 6.67216539e-01, 1.63396204e+03, 1.32932648e+02,
       1.52137339e-01, 1.62809009e+03, 1.30078674e+02, 1.39982536e-01,
       0., 0., 0., 1.56637280e+03, 5.98029846e+02, 3.74967784e-01,
       1.56329016e+03, 5.92125061e+02, 3.43069315e-01, 1.57221912e+03,
       5.06823792e+02, 5.58393657e-01 ]
