%YAML:1.0
---
pose_0: !!opencv-matrix
   rows: 1
   cols: 25
   dt: "3f"
   data: [ 7.68648193e+02, 3.65546204e+02, 8.62396657e-01,
       8.80604736e+02, 3.62603790e+02, 7.85103083e-01, 8.74599670e+02,
       4.33262360e+02, 6.74588978e-01, 1.02169788e+03, 4.89075500e+02,
       6.60699964e-01, 1.10426929e+03, 5.12609802e+02, 7.41680205e-01,
       9.01067200e+02, 2.85954620e+02, 6.96098149e-01, 1.03649304e+03,
       2.47734360e+02, 8.71318400e-01, 1.01594958e+03, 1.59498734e+02,
       7.99517632e-01, 1.13656824e+03, 3.77213470e+02, 5.66667914e-01,
       1.12775842e+03, 4.21366547e+02, 5.79444766e-01, 1.35739001e+03,
       4.65523285e+02, 7.65029430e-01, 1.54571765e+03, 5.59710876e+02,
       6.31529093e-01, 1.13662537e+03, 3.21349792e+02, 5.54934978e-01,
       1.36024561e+03, 3.30133698e+02, 5.97023249e-01, 1.57805115e+03,
       3.18270203e+02, 6.14392281e-01, 7.59769775e+02, 3.85960846e+02,
       7.78333187e-01, 7.59875183e+02, 3.44979431e+02, 8.24047446e-01,
       7.68776123e+02, 4.06624908e+02, 3.36968482e-01, 7.86212646e+02,
       3.21399445e+02, 5.23781598e-01, 1.63998987e+03, 2.88931976e+02,
       4.49635595e-01, 1.63686609e+03, 2.85953522e+02, 4.83002484e-01,
       1.61044360e+03, 3.21281982e+02, 2.86906540e-01, 1.61334241e+03,
       6.15573303e+02, 5.23690760e-01, 1.60749377e+03, 6.15595459e+02,
       4.53790128e-01, 1.58099121e+03, 5.53854126e+02, 4.59288180e-01 ]
