%YAML:1.0
---
pose_0: !!opencv-matrix
   rows: 1
   cols: 25
   dt: "3f"
   data: [ 7.33382629e+02, 5.03830780e+02, 8.68292630e-01,
       8.56886658e+02, 5.30411194e+02, 7.36766398e-01, 8.56841736e+02,
       6.15599670e+02, 6.85927927e-01, 9.86480530e+02, 6.48065247e+02,
       7.72181034e-01, 1.11304883e+03, 6.71724365e+02, 8.29975963e-01,
       8.59817078e+02, 4.59691376e+02, 7.27138996e-01, 1.00410321e+03,
       4.33155151e+02, 8.83598804e-01, 9.30629700e+02, 4.06601074e+02,
       8.70758176e-01, 1.11887488e+03, 5.30293518e+02, 6.25647187e-01,
       1.11589526e+03, 5.77362671e+02, 6.40075564e-01, 1.30728796e+03,
       5.74361572e+02, 4.70373660e-01, 1.54572876e+03, 5.53891724e+02,
       6.01474166e-01, 1.11601660e+03, 4.80327240e+02, 6.28831267e-01,
       1.30728394e+03, 4.83118530e+02, 6.90123975e-01, 1.56341321e+03,
       4.77306244e+02, 5.84178627e-01, 7.15815247e+02, 5.21414795e+02,
       8.39688659e-01, 7.21568420e+02, 4.83172272e+02, 8.59972775e-01,
       7.36247253e+02, 5.50921570e+02, 7.00505733e-01, 7.45235962e+02,
       4.62603516e+02, 5.97343028e-01, 1.67514453e+03, 4.53764679e+02,
       1.81523919e-01, 1.67513684e+03, 4.53718689e+02, 1.81321248e-01,
       1.58102844e+03, 4.89090546e+02, 3.28405797e-01, 1.61340381e+03,
       5.98057861e+02, 3.28201443e-01, 1.61040247e+03, 5.97967773e+02,
       3.18741530e-01, 1.58101855e+03, 5.39139954e+02, 3.60159546e-01 ]
