%YAML:1.0
---
pose_0: !!opencv-matrix
   rows: 1
   cols: 25
   dt: "3f"
   data: [ 7.65781799e+02, 4.15536896e+02, 8.64709914e-01,
       8.83421814e+02, 4.47839081e+02, 7.19010711e-01, 8.80590088e+02,
       5.27203003e+02, 8.06685925e-01, 1.00121423e+03, 5.65595337e+02,
       5.01916826e-01, 1.02189636e+03, 5.68499268e+02, 5.73671997e-01,
       8.83576904e+02, 3.65521667e+02, 6.77395582e-01, 1.02770056e+03,
       3.27225159e+02, 7.52985537e-01, 1.11899072e+03, 2.97847260e+02,
       8.30616355e-01, 1.13663208e+03, 4.33191620e+02, 5.51010430e-01,
       1.12781531e+03, 4.83236633e+02, 5.76741636e-01, 1.33079785e+03,
       5.06837921e+02, 6.95672810e-01, 1.54568225e+03, 5.89119141e+02,
       5.13474643e-01, 1.13950598e+03, 3.80207123e+02, 5.14680862e-01,
       1.32498450e+03, 3.62412384e+02, 3.43025744e-01, 1.54570056e+03,
       3.15433105e+02, 3.25652361e-01, 7.54020142e+02, 4.36112000e+02,
       8.44928384e-01, 7.59828430e+02, 4.06571289e+02, 8.41691077e-01,
       7.65890259e+02, 4.71415924e+02, 6.37601852e-01, 7.83367493e+02,
       3.86069946e+02, 3.74485791e-01, 1.63409802e+03, 2.71239197e+02,
       4.78881299e-01, 1.63396851e+03, 2.71215576e+02, 4.43168581e-01,
       1.60454480e+03, 3.33067627e+02, 1.33012652e-01, 1.61353174e+03,
       5.92106323e+02, 5.36679029e-01, 1.60461340e+03, 6.03876160e+02,
       4.82745647e-01, 1.58099463e+03, 5.92073486e+02, 2.58894324e-01 ]
