%YAML:1.0
---
pose_0: !!opencv-matrix
   rows: 1
   cols: 25
   dt: "3f"
   data: [ 7.86325378e+02, 4.94974518e+02, 8.08467925e-01,
       8.57026733e+02, 5.50990723e+02, 7.21318960e-01, 8.27563721e+02,
       5.83263855e+02, 5.27602315e-01, 7.42174072e+02, 5.50836548e+02,
       4.88625348e-01, 7.42133789e+02, 5.09672363e+02, 2.13792130e-01,
       8.89376648e+02, 5.21432861e+02, 5.18979311e-01, 9.48186279e+02,
       4.27290466e+02, 4.72728789e-01, 9.68873108e+02, 2.97825745e+02,
       6.32651269e-01, 1.13662207e+03, 5.33300354e+02, 5.17201900e-01,
       1.13658899e+03, 5.86233032e+02, 4.09647286e-01, 1.35738599e+03,
       6.18484985e+02, 6.75644159e-01, 1.54578772e+03, 6.98104919e+02,
       6.46827757e-01, 1.13366443e+03, 4.80303772e+02, 5.58316588e-01,
       1.27488794e+03, 3.86158325e+02, 4.72740889e-01, 1.39856812e+03,
       3.77188995e+02, 2.17984930e-01, 7.65870422e+02, 5.03849915e+02,
       8.43937159e-01, 7.71621643e+02, 4.83150482e+02, 5.83155513e-01,
       7.80476074e+02, 5.33255066e+02, 6.61094964e-01, 0., 0., 0.,
       1.49263818e+03, 3.65477661e+02, 6.17950261e-02, 0., 0., 0.,
       1.48974487e+03, 3.74289429e+02, 1.02796003e-01, 1.61050757e+03,
       6.83315979e+02, 6.43669069e-01, 1.60456775e+03, 6.95098267e+02,
       5.85765541e-01, 1.56335144e+03, 7.21546326e+02, 4.75399107e-01 ]
