%YAML:1.0
---
pose_0: !!opencv-matrix
   rows: 1
   cols: 25
   dt: "3f"
   data: [ 8.09961060e+02, 3.86020905e+02, 8.70410919e-01,
       9.01067993e+02, 4.30153778e+02, 6.40424550e-01, 9.01146790e+02,
       4.80209747e+02, 7.54957557e-01, 1.01880560e+03, 5.39084106e+02,
       5.90559125e-01, 1.03062109e+03, 5.00875854e+02, 2.47129887e-01,
       8.98179138e+02, 3.83116272e+02, 4.74582523e-01, 1.01878821e+03,
       3.62554596e+02, 7.96240687e-01, 1.02481567e+03, 4.89100952e+02,
       7.43198812e-01, 1.17483557e+03, 3.65430664e+02, 5.13697147e-01,
       1.18073389e+03, 4.12583832e+02, 5.63258529e-01, 1.39860217e+03,
       4.89035126e+02, 7.94381917e-01, 1.52220715e+03, 6.53884888e+02,
       5.80177307e-01, 1.16607947e+03, 3.15497162e+02, 5.98358214e-01,
       1.35731189e+03, 2.47716736e+02, 6.23753786e-01, 1.57218982e+03,
       2.65362152e+02, 5.45622468e-01, 7.92231506e+02, 3.94909851e+02,
       7.73093164e-01, 8.03942505e+02, 3.68440002e+02, 6.72746480e-01,
       8.06911804e+02, 4.30136627e+02, 6.82574332e-01, 8.33222717e+02,
       3.62521179e+02, 6.10803962e-02, 1.64867236e+03, 2.00731003e+02,
       3.68288040e-01, 1.64575500e+03, 2.03546494e+02, 3.37091982e-01,
       1.60745679e+03, 2.74211639e+02, 3.97390068e-01, 1.61331738e+03,
       6.77410034e+02, 6.59805715e-01, 1.58996570e+03, 6.92166565e+02,
       6.26325130e-01, 1.51927380e+03, 6.74540222e+02, 3.69148850e-01 ]
