%YAML:1.0
---
pose_0: !!opencv-matrix
   rows: 1
   cols: 25
   dt: "3f"
   data: [ 6.53890320e+02, 5.30141541e+02, 8.59889150e-01,
       7.86345337e+02, 5.36191833e+02, 6.79682314e-01, 7.86269165e+02,
       6.06841187e+02, 6.31811857e-01, 9.39445557e+02, 6.74556641e+02,
       6.82650805e-01, 1.06894275e+03, 7.42164429e+02, 8.17555547e-01,
       7.89378845e+02, 4.65533173e+02, 5.37626565e-01, 9.54047424e+02,
       4.09719971e+02, 7.79073358e-01, 1.09838232e+03, 3.85948273e+02,
       8.03873777e-01, 1.06599109e+03, 5.47888184e+02, 5.16226470e-01,
       1.06008081e+03, 5.97997742e+02, 5.56259036e-01, 1.29553149e+03,
       6.21637573e+02, 6.66088223e-01, 1.56332324e+03, 6.48145447e+02,
       5.25046945e-01, 1.06591162e+03, 4.83137207e+02, 5.03488183e-01,
       1.33382727e+03, 4.80335205e+02, 4.85561311e-01, 1.56042603e+03,
       4.50782776e+02, 6.10881686e-01, 6.42121582e+02, 5.47958069e+02,
       7.62466073e-01, 6.45090210e+02, 5.09728241e+02, 8.34021389e-01,
       6.56886902e+02, 5.74357483e+02, 4.21194315e-01, 6.71697083e+02,
       4.86112213e+02, 5.52356720e-01, 1.66343457e+03, 4.74371887e+02,
       2.51337081e-01, 1.66340442e+03, 4.62651611e+02, 2.36442670e-01,
       1.57516956e+03, 4.30249573e+02, 2.90595770e-01, 1.65169153e+03,
       6.33328430e+02, 4.88669902e-01, 1.63997620e+03, 6.47958679e+02,
       4.19894814e-01, 1.58694275e+03, 6.48020935e+02, 2.34972537e-01 ]
