%YAML:1.0
---
pose_0: !!opencv-matrix
   rows: 1
   cols: 25
   dt: "3f"
   data: [ 7.18564575e+02, 4.44898499e+02, 7.48198152e-01,
       8.36418457e+02, 4.94972626e+02, 6.86304092e-01, 8.21661133e+02,
       5.50946716e+02, 7.20675826e-01, 9.27690735e+02, 6.27405396e+02,
       8.24581861e-01, 1.00128918e+03, 6.24470947e+02, 8.64499390e-01,
       8.39344788e+02, 4.33223236e+02, 5.47894061e-01, 1.02174194e+03,
       4.59743317e+02, 6.64523363e-01, 1.14833105e+03, 4.24307739e+02,
       7.93673873e-01, 1.11886987e+03, 5.74469910e+02, 6.15655422e-01,
       1.09248389e+03, 6.21490479e+02, 5.15443802e-01, 1.32799084e+03,
       5.68531494e+02, 7.55159736e-01, 1.55162463e+03, 6.74527161e+02,
       5.67612052e-01, 1.13958203e+03, 5.30246948e+02, 6.10673726e-01,
       1.37797473e+03, 5.24435913e+02, 7.14094043e-01, 1.56327332e+03,
       6.03937256e+02, 6.90906882e-01, 6.98011353e+02, 4.68447388e+02,
       7.32750058e-01, 7.03888184e+02, 4.36114471e+02, 4.14559245e-01,
       7.21570984e+02, 5.09746796e+02, 5.24101734e-01, 0., 0., 0.,
       1.61332227e+03, 5.50947693e+02, 4.84248132e-01, 1.61038977e+03,
       5.53854797e+02, 4.70077038e-01, 1.57223694e+03, 6.24472961e+02,
       5.09521306e-01, 1.61639795e+03, 6.42108093e+02, 1.64930284e-01,
       1.65746814e+03, 6.77458557e+02, 1.24918371e-01, 1.59574646e+03,
       7.06880127e+02, 2.97969818e-01 ]
