%YAML:1.0
---
pose_0: !!opencv-matrix
   rows: 1
   cols: 25
   dt: "3f"
   data: [ 6.21429138e+02, 5.03726990e+02, 7.83425689e-01,
       7.51018677e+02, 4.80290344e+02, 6.81248128e-01, 7.39199280e+02,
       5.95021973e+02, 6.77956700e-01, 8.71708008e+02, 6.68666016e+02,
       7.97910094e-01, 1.01877069e+03, 7.59747131e+02, 8.06279838e-01,
       7.71686951e+02, 3.65474762e+02, 6.44785523e-01, 9.54078064e+02,
       3.86143341e+02, 8.12146783e-01, 1.11901404e+03, 4.00756256e+02,
       8.07031453e-01, 1.05709729e+03, 5.53799561e+02, 5.46649575e-01,
       1.03651636e+03, 6.18529175e+02, 4.85704571e-01, 1.30429285e+03,
       6.21616638e+02, 4.31130946e-01, 1.61334546e+03, 6.21442444e+02,
       4.98413384e-01, 1.07187280e+03, 4.86196991e+02, 5.01184106e-01,
       1.31320630e+03, 4.74375519e+02, 4.83554780e-01, 1.67517419e+03,
       4.36159149e+02, 4.54996824e-01, 6.03849365e+02, 5.27193665e+02,
       7.30227888e-01, 5.95054504e+02, 4.83146454e+02, 7.11680293e-01,
       6.27436584e+02, 5.50757996e+02, 3.60298336e-01, 6.18600098e+02,
       4.36177338e+02, 4.43077832e-01, 1.75765869e+03, 4.39065796e+02,
       3.14389467e-01, 1.75470813e+03, 4.33141724e+02, 3.11223000e-01,
       1.68407849e+03, 4.39069000e+02, 2.66821265e-01, 1.72229553e+03,
       6.03837097e+02, 3.08765978e-01, 1.70753247e+03, 6.18565857e+02,
       2.62190491e-01, 1.63103101e+03, 6.03948914e+02, 3.01217705e-01 ]
