%YAML:1.0
---
pose_0: !!opencv-matrix
   rows: 1
   cols: 25
   dt: "3f"
   data: [ 0., 0., 0., 7.89285828e+02, 5.50910767e+02, 4.56874043e-01,
       7.89265869e+02, 5.56722839e+02, 5.97147644e-01, 9.27521790e+02,
       4.94974915e+02, 5.17265677e-01, 7.92324158e+02, 3.97890198e+02,
       6.40443563e-01, 7.74601624e+02, 5.65566650e+02, 3.97027999e-01,
       9.27562317e+02, 4.94925385e+02, 2.05847397e-01, 7.86344177e+02,
       3.92033142e+02, 1.13798380e-01, 1.06895203e+03, 5.56783508e+02,
       3.21130395e-01, 1.05712793e+03, 5.68517456e+02, 2.27766201e-01,
       1.35433545e+03, 5.30229919e+02, 8.34704459e-01, 1.63403528e+03,
       7.12698853e+02, 4.58918184e-01, 1.08656641e+03, 5.53801697e+02,
       2.21973732e-01, 1.34559143e+03, 5.24424866e+02, 7.84705803e-02,
       0., 0., 0., 0., 0., 0., 0., 0., 0., 7.36332764e+02,
       5.30279236e+02, 7.37394914e-02, 6.95152893e+02, 5.74327148e+02,
       9.27971229e-02, 0., 0., 0., 0., 0., 0., 0., 0., 0.,
       1.68114783e+03, 7.09744019e+02, 1.51481271e-01, 1.66934534e+03,
       7.18786377e+02, 1.65311530e-01, 1.65459924e+03, 7.39241211e+02,
       3.59618425e-01 ]
