%YAML:1.0
---
pose_0: !!opencv-matrix
   rows: 1
   cols: 25
   dt: "3f"
   data: [ 7.42342896e+02, 4.80300110e+02, 9.16517437e-01,
       8.59871033e+02, 5.12684692e+02, 7.35588491e-01, 8.51025269e+02,
       5.74333252e+02, 7.60147750e-01, 9.54215698e+02, 6.06842468e+02,
       7.80698895e-01, 1.08062476e+03, 6.56858582e+02, 7.84323335e-01,
       8.74631104e+02, 4.59679138e+02, 5.57448626e-01, 9.33518005e+02,
       4.47846375e+02, 1.09743103e-01, 0., 0., 0., 1.13656482e+03,
       4.77291473e+02, 5.36887288e-01, 1.13072485e+03, 5.27263794e+02,
       5.56349754e-01, 1.34855566e+03, 5.77380371e+02, 7.35205829e-01,
       1.55453882e+03, 6.50943604e+02, 6.44474506e-01, 1.13656287e+03,
       4.18465607e+02, 5.29766619e-01, 1.34550708e+03, 4.18401520e+02,
       6.76770210e-01, 1.56924622e+03, 4.33142029e+02, 6.57304704e-01,
       7.30417297e+02, 4.92024994e+02, 7.97457695e-01, 7.39360901e+02,
       4.59673462e+02, 9.17745650e-01, 7.42118530e+02, 5.27303833e+02,
       7.92915940e-01, 7.74570007e+02, 4.50739929e+02, 6.42551363e-01,
       1.63701306e+03, 4.18497711e+02, 3.63351882e-01, 1.63400366e+03,
       4.12618103e+02, 4.03469384e-01, 1.60459314e+03, 4.39016235e+02,
       2.72881389e-01, 1.63105896e+03, 6.62739197e+02, 3.91905546e-01,
       1.61928992e+03, 6.71643738e+02, 4.01978463e-01, 1.58396423e+03,
       6.48098083e+02, 3.39389622e-01 ]
