%YAML:1.0
---
pose_0: !!opencv-matrix
   rows: 1
   cols: 25
   dt: "3f"
   data: [ 6.92033264e+02, 5.27344543e+02, 8.77776504e-01,
       8.15850525e+02, 5.65648560e+02, 6.89971268e-01, 8.18728027e+02,
       6.44980713e+02, 7.29204774e-01, 9.68790588e+02, 6.74505615e+02,
       7.73995697e-01, 1.07479236e+03, 6.42184326e+02, 8.03725541e-01,
       8.06869324e+02, 4.95003143e+02, 4.89137292e-01, 8.83461792e+02,
       4.47834534e+02, 2.55546659e-01, 9.30554871e+02, 4.50770874e+02,
       2.31228665e-01, 1.09839099e+03, 5.74321594e+02, 5.75658023e-01,
       1.09240454e+03, 6.21476746e+02, 5.46894848e-01, 1.33386865e+03,
       6.33309265e+02, 7.42072046e-01, 1.56632434e+03, 6.50957947e+02,
       5.38326800e-01, 1.11591870e+03, 5.18512695e+02, 5.60040653e-01,
       1.32199475e+03, 5.00902313e+02, 5.27397156e-01, 1.57809521e+03,
       5.00861877e+02, 3.99205238e-01, 6.74552917e+02, 5.50790344e+02,
       7.61016309e-01, 6.77457397e+02, 5.15535645e+02, 7.25184739e-01,
       6.95079895e+02, 5.83344849e+02, 6.15568697e-01, 7.06881958e+02,
       5.00901001e+02, 2.55089104e-01, 1.70166663e+03, 4.62610565e+02,
       2.65141129e-01, 1.70167651e+03, 4.59636139e+02, 2.76257277e-01,
       1.58981250e+03, 5.03733276e+02, 1.90902516e-01, 1.65457776e+03,
       6.44998413e+02, 5.18192053e-01, 1.63705908e+03, 6.56849487e+02,
       4.26521719e-01, 1.58990247e+03, 6.48022461e+02, 2.74520606e-01 ]
