%YAML:1.0
---
pose_0: !!opencv-matrix
   rows: 1
   cols: 25
   dt: "3f"
   data: [ 7.45205994e+02, 5.56769226e+02, 8.23119938e-01,
       8.27505432e+02, 5.12580566e+02, 6.01331055e-01, 8.15810181e+02,
       5.62682800e+02, 3.82368386e-01, 0., 0., 0., 0., 0., 0.,
       8.36438721e+02, 4.59679932e+02, 5.96578300e-01, 9.74776855e+02,
       4.53776276e+02, 7.91993082e-01, 1.09246826e+03, 4.71446442e+02,
       8.05295825e-01, 1.11599402e+03, 5.39118896e+02, 3.48581463e-01,
       1.12480225e+03, 5.21429382e+02, 2.69019425e-01, 1.35446094e+03,
       4.83260254e+02, 4.87589568e-01, 1.53391138e+03, 4.56667847e+02,
       2.53246069e-01, 0., 0., 0., 0., 0., 0., 0., 0., 0.,
       7.33401245e+02, 5.68533142e+02, 7.24803090e-01, 7.39152466e+02,
       5.39113525e+02, 7.52384424e-01, 0., 0., 0., 7.45183289e+02,
       5.03658325e+02, 6.23699188e-01, 0., 0., 0., 0., 0., 0., 0., 0.,
       0., 0., 0., 0., 0., 0., 0., 0., 0., 0. ]
