%YAML:1.0
---
pose_0: !!opencv-matrix
   rows: 2
   cols: 25
   dt: "3f"
   data: [ 7.33342163e+02, 5.33275574e+02, 7.58960366e-01,
       8.09899170e+02, 4.68449341e+02, 6.01623237e-01, 8.06855957e+02,
       4.68465546e+02, 4.68068212e-01, 9.04135498e+02, 5.30283508e+02,
       2.97568709e-01, 8.59937134e+02, 5.65551636e+02, 3.73671144e-01,
       8.12934387e+02, 4.65574066e+02, 7.23283589e-01, 9.51199768e+02,
       5.30347839e+02, 8.77137959e-01, 8.39317322e+02, 5.98014526e+02,
       8.26587677e-01, 1.11602576e+03, 4.62612579e+02, 2.78005183e-01,
       0., 0., 0., 0., 0., 0., 0., 0., 0., 1.13953882e+03,
       4.62661957e+02, 3.46769750e-01, 1.33087842e+03, 5.21470703e+02,
       6.28170013e-01, 1.61052393e+03, 4.33220978e+02, 5.49930453e-01,
       7.18744751e+02, 5.33356140e+02, 5.19843139e-02, 7.18726196e+02,
       5.24340881e+02, 7.94237077e-01, 0., 0., 0., 7.30418274e+02,
       4.80246277e+02, 7.17223048e-01, 1.66345789e+03, 4.97854706e+02,
       1.19131029e-01, 1.66930200e+03, 4.83220520e+02, 9.23094824e-02,
       1.64578699e+03, 4.12521851e+02, 2.67107636e-01, 0., 0., 0., 0.,
       0., 0., 0., 0., 0., 0., 0., 0., 0., 0., 0., 0., 0., 0., 0., 0.,
       0., 0., 0., 0., 0., 0., 0., 0., 0., 0., 0., 0., 0., 0., 0., 0.,
       1.12481628e+03, 4.41993713e+02, 1.43330544e-01, 1.32785657e+03,
       5.06840271e+02, 3.23541820e-01, 1.58989026e+03, 4.36067261e+02,
       1.71928704e-01, 0., 0., 0., 0., 0., 0., 0., 0., 0., 0., 0., 0.,
       0., 0., 0., 0., 0., 0., 0., 0., 0., 0., 0., 0., 0., 0., 0., 0.,
       0., 0., 0., 0., 0., 0., 0., 0., 0., 0., 0. ]
