%YAML:1.0
---
pose_0: !!opencv-matrix
   rows: 1
   cols: 25
   dt: "3f"
   data: [ 7.36347717e+02, 5.09650818e+02, 8.65231454e-01,
       8.57062073e+02, 5.30242432e+02, 8.00407171e-01, 8.56992615e+02,
       6.21561646e+02, 7.17707515e-01, 9.54139771e+02, 7.30415527e+02,
       7.88735092e-01, 9.36436951e+02, 6.68500977e+02, 7.61572838e-01,
       8.60035767e+02, 4.42057434e+02, 6.51274800e-01, 9.36450562e+02,
       4.09724823e+02, 5.48214376e-01, 1.01588367e+03, 4.09649475e+02,
       7.82317519e-01, 1.11895923e+03, 5.53893433e+02, 5.73285997e-01,
       1.11594177e+03, 6.03913940e+02, 5.77967107e-01, 1.31617065e+03,
       5.97991455e+02, 5.58344126e-01, 1.53979016e+03, 5.95086670e+02,
       3.86343598e-01, 1.12188513e+03, 4.97889435e+02, 5.36501646e-01,
       1.30141895e+03, 4.97938965e+02, 4.68427896e-01, 1.55157581e+03,
       5.21468323e+02, 3.34019512e-01, 7.18631958e+02, 5.27396179e+02,
       8.32090139e-01, 7.21540649e+02, 4.92042938e+02, 8.02937329e-01,
       7.39292542e+02, 5.50824646e+02, 6.40083134e-01, 7.45221802e+02,
       4.65541016e+02, 5.11567831e-01, 1.64577832e+03, 6.00949158e+02,
       6.39794394e-02, 0., 0., 0., 1.56630457e+03, 5.21447327e+02,
       1.47380024e-01, 1.64869177e+03, 5.98009033e+02, 2.15017855e-01,
       1.63107532e+03, 6.06791931e+02, 1.89104140e-01, 1.58101587e+03,
       5.89154053e+02, 1.96941316e-01 ]
