%YAML:1.0
---
pose_0: !!opencv-matrix
   rows: 1
   cols: 25
   dt: "3f"
   data: [ 7.74546936e+02, 4.47869659e+02, 8.19246054e-01,
       8.65851013e+02, 4.80194977e+02, 7.38254070e-01, 8.54001221e+02,
       5.30223206e+02, 6.94573641e-01, 9.77622009e+02, 5.74448547e+02,
       1.09100953e-01, 9.80669373e+02, 5.77364807e+02, 2.23361313e-01,
       8.83455872e+02, 4.27299194e+02, 6.05444670e-01, 8.80631226e+02,
       3.09544708e+02, 6.61772251e-01, 8.80450195e+02, 2.21156662e+02,
       7.05760896e-01, 1.13661426e+03, 4.77253448e+02, 5.45314252e-01,
       1.13951111e+03, 5.24421814e+02, 5.68183005e-01, 1.35440002e+03,
       5.92026306e+02, 6.24298155e-01, 1.52807678e+03, 6.59769958e+02,
       6.28821194e-01, 1.13363696e+03, 4.18445801e+02, 5.50504982e-01,
       1.28380811e+03, 3.15370270e+02, 5.15733480e-01, 1.49575977e+03,
       2.38913132e+02, 4.28948760e-01, 7.59800110e+02, 4.59711365e+02,
       8.90777588e-01, 7.65731262e+02, 4.33069092e+02, 9.02349830e-01,
       7.65776978e+02, 5.03691193e+02, 7.12584853e-01, 7.92261902e+02,
       4.21396545e+02, 2.54925013e-01, 1.51915234e+03, 2.15323944e+02,
       9.52868164e-02, 1.51037244e+03, 2.15373688e+02, 1.17840588e-01,
       1.51034253e+03, 2.27201370e+02, 3.95488411e-01, 1.60461499e+03,
       6.36200684e+02, 6.42050207e-01, 1.58997742e+03, 6.48103699e+02,
       5.91672122e-01, 1.53984106e+03, 6.74548157e+02, 4.79400992e-01 ]
