%YAML:1.0
---
pose_0: !!opencv-matrix
   rows: 1
   cols: 25
   dt: "3f"
   data: [ 7.18779114e+02, 4.80167511e+02, 8.67474854e-01,
       8.42255981e+02, 4.80125275e+02, 7.40712404e-01, 8.42306885e+02,
       5.50832886e+02, 6.89434528e-01, 9.65831482e+02, 6.15587830e+02,
       7.49367416e-01, 1.07172791e+03, 6.68514832e+02, 8.71388912e-01,
       8.39356445e+02, 4.06673737e+02, 5.91850519e-01, 9.80612549e+02,
       3.56578003e+02, 7.35114634e-01, 1.11305872e+03, 3.12461243e+02,
       8.08115602e-01, 1.09536731e+03, 4.92033020e+02, 5.95236540e-01,
       1.08945740e+03, 5.42030273e+02, 5.72207093e-01, 1.30439258e+03,
       5.50987000e+02, 6.89461648e-01, 1.53986523e+03, 5.74335449e+02,
       4.87971574e-01, 1.09839246e+03, 4.36197906e+02, 5.75961232e-01,
       1.29549548e+03, 4.36171021e+02, 5.24023890e-01, 1.52215381e+03,
       4.56638000e+02, 4.31057751e-01, 7.03977112e+02, 4.86214111e+02,
       7.96631396e-01, 7.15578003e+02, 4.56676819e+02, 8.76793385e-01,
       7.21661255e+02, 5.06826111e+02, 3.49524826e-01, 7.39203308e+02,
       4.24302032e+02, 6.39735699e-01, 1.62518665e+03, 4.15521637e+02,
       3.07388335e-01, 1.62221326e+03, 4.12625214e+02, 3.23207885e-01,
       1.54271082e+03, 4.59664673e+02, 1.67798653e-01, 1.61926611e+03,
       5.50947754e+02, 3.33134472e-01, 1.61053479e+03, 5.62630554e+02,
       2.75474399e-01, 1.57217957e+03, 5.74360779e+02, 2.56355286e-01 ]
