%YAML:1.0
---
pose_0: !!opencv-matrix
   rows: 1
   cols: 25
   dt: "3f"
   data: [ 7.39142273e+02, 5.09701050e+02, 8.31216335e-01,
       8.24627441e+02, 4.36191406e+02, 6.75206721e-01, 8.09886230e+02,
       4.83130249e+02, 7.08897591e-01, 9.45295593e+02, 5.09684418e+02,
       2.30390832e-01, 1.06596558e+03, 5.03666901e+02, 2.35660926e-01,
       8.33468201e+02, 4.09484192e+02, 6.91057086e-01, 9.57032532e+02,
       3.97847565e+02, 7.40523338e-01, 1.08944946e+03, 4.53715515e+02,
       8.10737848e-01, 1.09834424e+03, 4.44927521e+02, 3.96397442e-01,
       1.09541016e+03, 4.89128448e+02, 4.50288951e-01, 1.28671057e+03,
       5.80344971e+02, 7.94340193e-01, 1.48979211e+03, 4.83209900e+02,
       5.21732688e-01, 1.11303430e+03, 3.89034760e+02, 3.71033549e-01,
       1.34853479e+03, 4.33161804e+02, 7.51029849e-01, 1.57807202e+03,
       4.12633270e+02, 4.37521398e-01, 7.18788513e+02, 5.09640259e+02,
       5.10470271e-02, 7.24517578e+02, 4.97917419e+02, 7.52708793e-01,
       0., 0., 0., 7.39296143e+02, 4.53778564e+02, 6.74902022e-01,
       1.65460999e+03, 4.68489563e+02, 1.58247322e-01, 1.65461926e+03,
       4.56688843e+02, 1.67617157e-01, 1.63406238e+03, 4.50745941e+02,
       1.61461711e-01, 1.51919763e+03, 5.33209167e+02, 8.55133981e-02,
       1.51332495e+03, 5.27376160e+02, 9.49870199e-02, 1.50448145e+03,
       4.62689789e+02, 3.55897009e-01 ]
