%YAML:1.0
---
pose_0: !!opencv-matrix
   rows: 1
   cols: 25
   dt: "3f"
   data: [ 7.62767090e+02, 4.80342865e+02, 8.49529624e-01,
       8.60009277e+02, 5.03688812e+02, 6.34485245e-01, 8.51099182e+02,
       5.44959839e+02, 4.37369198e-01, 9.30481323e+02, 4.50788971e+02,
       6.16788626e-01, 9.51049744e+02, 3.41982025e+02, 6.90285683e-01,
       8.68749023e+02, 4.62595917e+02, 3.09640348e-01, 1.01886340e+03,
       3.97815857e+02, 7.20562100e-01, 1.13367249e+03, 3.38848816e+02,
       7.73405790e-01, 1.12483325e+03, 5.36220703e+02, 5.61984837e-01,
       1.11598730e+03, 5.89138123e+02, 5.36897302e-01, 1.33672046e+03,
       6.39140747e+02, 6.20841146e-01, 1.54271118e+03, 6.95084839e+02,
       6.09143198e-01, 1.13656421e+03, 4.86090027e+02, 5.79011381e-01,
       1.32495972e+03, 4.21437164e+02, 6.91269100e-01, 1.53098755e+03,
       3.92030060e+02, 6.16750896e-01, 7.45204468e+02, 4.92071075e+02,
       7.27061808e-01, 7.50993958e+02, 4.62564362e+02, 7.46580899e-01,
       7.62817993e+02, 5.18545227e+02, 5.05848348e-01, 7.71585693e+02,
       4.44906189e+02, 3.89008284e-01, 1.58992786e+03, 3.30160828e+02,
       2.44687870e-01, 1.58697168e+03, 3.36021118e+02, 2.32943624e-01,
       1.56628918e+03, 4.03659851e+02, 4.14902210e-01, 1.60457153e+03,
       6.68656128e+02, 4.53168184e-01, 1.59577344e+03, 6.83301025e+02,
       3.92079771e-01, 1.56630493e+03, 7.12762573e+02, 3.73369366e-01 ]
