%YAML:1.0
---
pose_0: !!opencv-matrix
   rows: 1
   cols: 25
   dt: "3f"
   data: [ 7.54008179e+02, 3.91990326e+02, 8.51169646e-01,
       8.77615417e+02, 4.24372284e+02, 7.09568501e-01, 8.60071167e+02,
       5.12688293e+02, 7.30841935e-01, 9.98175476e+02, 5.50783691e+02,
       7.07307398e-01, 1.04545361e+03, 5.12683411e+02, 7.46773124e-01,
       8.83487000e+02, 3.44828888e+02, 6.83053792e-01, 1.02473279e+03,
       2.91842468e+02, 7.43040919e-01, 1.16313660e+03, 2.44768494e+02,
       7.92200863e-01, 1.14254980e+03, 3.83145996e+02, 5.42470098e-01,
       1.14549231e+03, 4.33028412e+02, 5.76883018e-01, 1.35735999e+03,
       4.86160217e+02, 7.25140214e-01, 1.54572717e+03, 5.59698853e+02,
       5.55235565e-01, 1.13659851e+03, 3.38869476e+02, 5.35489976e-01,
       1.33673792e+03, 3.15294250e+02, 6.52812839e-01, 1.54869678e+03,
       2.94872070e+02, 6.08400464e-01, 7.39249329e+02, 4.09649017e+02,
       8.78454685e-01, 7.42324341e+02, 3.80217804e+02, 8.68208349e-01,
       7.53931030e+02, 4.36120850e+02, 6.94233835e-01, 7.65883423e+02,
       3.62607391e+02, 4.99696255e-01, 1.63406177e+03, 2.88930328e+02,
       4.34638560e-01, 1.63394507e+03, 2.83003387e+02, 4.00894016e-01,
       1.57510706e+03, 2.97786621e+02, 3.09528679e-01, 1.61040613e+03,
       6.12735168e+02, 4.91328657e-01, 1.60454370e+03, 6.12680359e+02,
       4.37337935e-01, 1.58396765e+03, 5.53829590e+02, 4.41237330e-01 ]
