%YAML:1.0
---
pose_0: !!opencv-matrix
   rows: 1
   cols: 25
   dt: "3f"
   data: [ 0., 0., 0., 9.42355530e+02, 4.97918396e+02, 9.55435634e-02,
       0., 0., 0., 0., 0., 0., 0., 0., 0., 9.80588379e+02,
       4.47916992e+02, 7.05112591e-02, 0., 0., 0., 0., 0., 0.,
       1.13952722e+03, 5.24389221e+02, 3.14992040e-01, 1.13364001e+03,
       5.42049072e+02, 2.54193366e-01, 1.35146021e+03, 4.83346344e+02,
       7.86973536e-01, 1.61932422e+03, 6.65666016e+02, 6.31798327e-01,
       1.15129565e+03, 4.94968109e+02, 2.48936042e-01, 1.38677332e+03,
       4.71460114e+02, 4.32227165e-01, 1.54283887e+03, 5.06820190e+02,
       5.05420268e-01, 0., 0., 0., 0., 0., 0., 0., 0., 0., 0., 0., 0.,
       1.60459631e+03, 4.42035950e+02, 3.39129359e-01, 1.59868286e+03,
       4.44901642e+02, 3.21170628e-01, 1.56634985e+03, 5.27329773e+02,
       3.76774013e-01, 1.66344214e+03, 6.59728760e+02, 2.55401701e-01,
       1.65463000e+03, 6.71568115e+02, 3.41126889e-01, 1.63406140e+03,
       6.86217712e+02, 5.34515858e-01 ]
