%YAML:1.0
---
pose_0: !!opencv-matrix
   rows: 1
   cols: 25
   dt: "3f"
   data: [ 7.45248352e+02, 3.88933807e+02, 8.70621264e-01,
       8.56942688e+02, 3.83124634e+02, 7.79694378e-01, 8.59982849e+02,
       4.44968170e+02, 7.19397008e-01, 9.24703918e+02, 5.65564209e+02,
       7.86310911e-01, 9.27470581e+02, 6.53882813e+02, 7.80132532e-01,
       8.39385315e+02, 3.18418579e+02, 6.81238890e-01, 8.56982666e+02,
       2.38898941e+02, 5.46283603e-01, 8.18742859e+02, 1.74041550e+02,
       5.37216663e-01, 1.11602197e+03, 3.68376892e+02, 5.48853278e-01,
       1.11305933e+03, 4.15552673e+02, 5.31602383e-01, 1.33095398e+03,
       4.39124115e+02, 7.26133168e-01, 1.54575842e+03, 4.65523743e+02,
       5.39184988e-01, 1.11889307e+03, 3.15493500e+02, 5.51862836e-01,
       1.35151306e+03, 3.12408081e+02, 5.88243484e-01, 1.56930322e+03,
       2.91804932e+02, 5.90093434e-01, 7.36245361e+02, 3.97864075e+02,
       7.76794910e-01, 7.39230103e+02, 3.68394684e+02, 8.28195810e-01,
       7.51024841e+02, 4.12555756e+02, 6.47005215e-02, 7.56927673e+02,
       3.41821411e+02, 6.09193325e-01, 1.64579858e+03, 2.47837021e+02,
       4.06992763e-01, 1.63997913e+03, 2.50639160e+02, 4.32403356e-01,
       1.59573364e+03, 2.80128082e+02, 2.07591385e-01, 1.60741406e+03,
       4.80298401e+02, 3.43297124e-01, 0., 0., 0., 1.58105139e+03,
       4.56673279e+02, 3.84760141e-01 ]
