%YAML:1.0
---
pose_0: !!opencv-matrix
   rows: 1
   cols: 25
   dt: "3f"
   data: [ 5.50924316e+02, 4.83337646e+02, 8.48867834e-01,
       7.06875549e+02, 5.50837402e+02, 4.31625456e-01, 7.06887085e+02,
       6.56845398e+02, 3.23699504e-01, 8.51052673e+02, 7.59772888e+02,
       2.95986831e-01, 9.54063721e+02, 8.36302185e+02, 2.95090675e-01,
       7.09790466e+02, 4.59617157e+02, 3.52930069e-01, 9.07053772e+02,
       4.36087311e+02, 7.17031837e-01, 1.11898438e+03, 4.09513031e+02,
       4.83784348e-01, 1.06301318e+03, 5.65600952e+02, 2.33798176e-01,
       1.07771326e+03, 6.24478027e+02, 2.50209898e-01, 1.33087341e+03,
       6.24401123e+02, 3.29477042e-01, 1.70165234e+03, 6.59759949e+02,
       3.78161252e-01, 1.04828467e+03, 5.00858368e+02, 2.49183819e-01,
       1.23963013e+03, 4.15529327e+02, 1.83934137e-01, 1.53099170e+03,
       3.68402100e+02, 2.26778120e-01, 5.30281799e+02, 5.18521912e+02,
       7.47055233e-01, 5.36131348e+02, 4.77203369e+02, 7.66813397e-01,
       5.59707397e+02, 5.89117249e+02, 3.69761527e-01, 5.77427490e+02,
       4.56575012e+02, 1.63283378e-01, 0., 0., 0., 0., 0., 0.,
       1.56924500e+03, 3.71338623e+02, 1.45034283e-01, 1.78125610e+03,
       6.86260864e+02, 5.15984036e-02, 1.77820654e+03, 6.95065002e+02,
       6.31537512e-02, 1.71345691e+03, 6.45022705e+02, 1.96911097e-01 ]
