%YAML:1.0
---
pose_0: !!opencv-matrix
   rows: 1
   cols: 25
   dt: "3f"
   data: [ 5.53849548e+02, 6.24487000e+02, 7.93322846e-02,
       6.83332397e+02, 5.95029419e+02, 1.27814189e-01, 6.95044922e+02,
       6.68595581e+02, 1.02837101e-01, 8.30508911e+02, 6.56836609e+02,
       4.57767010e-01, 6.50984436e+02, 6.00992737e+02, 5.97860515e-01,
       6.45038818e+02, 5.39094971e+02, 6.52054697e-02, 0., 0., 0., 0.,
       0., 0., 1.05124658e+03, 5.94993713e+02, 3.47648442e-01,
       1.03066943e+03, 6.68561096e+02, 3.79374325e-01, 1.28963184e+03,
       7.86355103e+02, 4.92999554e-01, 1.56631750e+03, 8.18734314e+02,
       2.09396392e-01, 1.07181335e+03, 5.12620300e+02, 3.30530405e-01,
       1.35430481e+03, 5.47906921e+02, 6.22725904e-01, 1.70766235e+03,
       5.50888550e+02, 4.66391206e-01, 0., 0., 0., 5.47911255e+02,
       6.21578491e+02, 8.13882649e-02, 0., 0., 0., 0., 0., 0.,
       1.80473584e+03, 5.03756592e+02, 1.17500246e-01, 1.80763098e+03,
       5.06713837e+02, 1.22393623e-01, 1.73703418e+03, 5.74430359e+02,
       1.88300729e-01, 1.62813196e+03, 7.92233276e+02, 7.02907741e-02,
       0., 0., 0., 1.60164404e+03, 8.27578186e+02, 1.69716001e-01 ]
