%YAML:1.0
---
pose_0: !!opencv-matrix
   rows: 1
   cols: 25
   dt: "3f"
   data: [ 9.92351013e+02, 5.00869385e+02, 6.80587143e-02,
       1.02481970e+03, 4.83224609e+02, 3.09030503e-01, 1.03949902e+03,
       4.83221130e+02, 2.19154730e-01, 1.07478442e+03, 6.00869080e+02,
       2.30422303e-01, 1.06890320e+03, 6.12695923e+02, 7.33256713e-02,
       1.02184259e+03, 4.74396820e+02, 4.22362566e-01, 1.07187097e+03,
       5.95076294e+02, 2.93303937e-01, 1.05717200e+03, 6.56822937e+02,
       9.82601717e-02, 1.18960291e+03, 4.15553162e+02, 4.12594199e-01,
       1.20132117e+03, 4.03741272e+02, 3.05203468e-01, 1.35449780e+03,
       4.95008514e+02, 7.11358070e-01, 1.56328699e+03, 3.89032471e+02,
       7.63080895e-01, 1.18951318e+03, 4.30244934e+02, 3.97260278e-01,
       1.35739990e+03, 5.33191711e+02, 6.86809063e-01, 1.63688159e+03,
       4.27309021e+02, 6.45651698e-01, 0., 0., 0., 0., 0., 0., 0., 0.,
       0., 9.30600342e+02, 4.83175201e+02, 1.35068238e-01,
       1.68703247e+03, 3.71323975e+02, 2.15949878e-01, 1.68398926e+03,
       3.77268524e+02, 2.33180493e-01, 1.64285657e+03, 4.09563324e+02,
       2.50573665e-01, 1.58983606e+03, 3.24300934e+02, 3.29046428e-01,
       1.58694580e+03, 3.38918488e+02, 2.80846030e-01, 1.58395911e+03,
       3.71383820e+02, 4.71556872e-01 ]
