%YAML:1.0
---
pose_0: !!opencv-matrix
   rows: 1
   cols: 25
   dt: "3f"
   data: [ 7.21670837e+02, 4.97885040e+02, 7.87548482e-01,
       8.56940063e+02, 4.53808868e+02, 7.03768373e-01, 8.59855591e+02,
       5.50980957e+02, 7.52778411e-01, 9.92371094e+02, 6.00855957e+02,
       6.99579656e-01, 1.11904443e+03, 6.71618469e+02, 8.10078621e-01,
       8.57039429e+02, 3.62545258e+02, 5.07864952e-01, 1.01000159e+03,
       3.18299408e+02, 5.09975672e-01, 1.13949011e+03, 2.68377655e+02,
       3.82475793e-01, 1.15127258e+03, 5.03692352e+02, 5.43154180e-01,
       1.14245142e+03, 5.53729675e+02, 5.51744878e-01, 1.35146875e+03,
       5.74452942e+02, 4.94120866e-01, 1.52513086e+03, 6.03915222e+02,
       5.84317386e-01, 1.16299988e+03, 4.39111298e+02, 5.40000498e-01,
       1.36325903e+03, 4.80311890e+02, 6.51663542e-01, 1.59871216e+03,
       4.59557281e+02, 5.65819502e-01, 7.15589172e+02, 5.03915039e+02,
       2.67415613e-01, 7.15646362e+02, 4.80269531e+02, 8.40752900e-01,
       0., 0., 0., 7.27459351e+02, 4.36142151e+02, 6.20683551e-01,
       1.67525757e+03, 4.24343750e+02, 4.29268271e-01, 1.66931360e+03,
       4.24282471e+02, 4.33549494e-01, 1.65165442e+03, 4.77232910e+02,
       2.12203383e-01, 1.59281250e+03, 5.97997620e+02, 3.93747777e-01,
       1.58685278e+03, 6.09773987e+02, 3.41754884e-01, 1.56040601e+03,
       6.00881226e+02, 3.17576259e-01 ]
