%YAML:1.0
---
pose_0: !!opencv-matrix
   rows: 1
   cols: 25
   dt: "3f"
   data: [ 0., 0., 0., 7.65757874e+02, 5.30377075e+02, 5.27453959e-01,
       7.68756165e+02, 5.24375305e+02, 4.31213737e-01, 9.18811035e+02,
       5.03776886e+02, 7.51867175e-01, 8.86446899e+02, 3.92003479e+02,
       7.68001080e-01, 7.65703979e+02, 5.50779663e+02, 4.32307780e-01,
       9.27574158e+02, 5.06683929e+02, 2.07533896e-01, 0., 0., 0.,
       1.11007825e+03, 5.71510010e+02, 5.43928862e-01, 1.09838574e+03,
       6.03946655e+02, 4.88280535e-01, 1.35448926e+03, 5.06695892e+02,
       7.15782225e-01, 1.62517358e+03, 6.95200623e+02, 5.34274280e-01,
       1.11597778e+03, 5.30277527e+02, 5.27166963e-01, 1.36025574e+03,
       5.03790253e+02, 3.89219224e-01, 1.49863098e+03, 6.42140991e+02,
       4.80263621e-01, 0., 0., 0., 0., 0., 0., 7.15705627e+02,
       5.12613770e+02, 1.66590914e-01, 6.92102478e+02, 5.71484314e+02,
       9.09402519e-02, 0., 0., 0., 0., 0., 0., 1.48978296e+03,
       6.65602234e+02, 3.33293825e-01, 1.65765356e+03, 7.00968506e+02,
       1.60030574e-01, 1.65463586e+03, 7.12782288e+02, 2.10135669e-01,
       1.63995520e+03, 7.21651184e+02, 4.22127903e-01 ]
