%YAML:1.0
---
pose_0: !!opencv-matrix
   rows: 1
   cols: 25
   dt: "3f"
   data: [ 6.44979919e+02, 5.06731598e+02, 8.69623601e-01,
       7.71679138e+02, 5.53740417e+02, 6.89613581e-01, 7.68658691e+02,
       6.36204895e+02, 6.56576276e-01, 9.04104980e+02, 7.15755920e+02,
       7.75564015e-01, 9.54154663e+02, 6.86235962e+02, 7.39557087e-01,
       7.68706238e+02, 4.80282471e+02, 4.71849412e-01, 9.18759888e+02,
       3.65373108e+02, 8.06495607e-01, 8.09762085e+02, 4.12543121e+02,
       8.35776031e-01, 1.06298633e+03, 5.30377991e+02, 5.00419021e-01,
       1.06006567e+03, 5.80397522e+02, 4.97277230e-01, 1.32792883e+03,
       5.97890930e+02, 5.61995924e-01, 1.59282922e+03, 6.03948303e+02,
       5.76375604e-01, 1.05711365e+03, 4.77340057e+02, 5.21932721e-01,
       1.28668872e+03, 4.59658386e+02, 5.99354744e-01, 1.53691406e+03,
       4.71379791e+02, 4.90207553e-01, 6.24436646e+02, 5.27218262e+02,
       8.40700686e-01, 6.30416260e+02, 4.86105469e+02, 7.86546230e-01,
       6.42076599e+02, 5.53870911e+02, 5.57823896e-01, 6.65630615e+02,
       4.68428986e+02, 5.17738044e-01, 1.63108618e+03, 4.53773346e+02,
       2.90563345e-01, 1.63105811e+03, 4.44941162e+02, 3.20356607e-01,
       1.56044751e+03, 4.91985291e+02, 2.36097157e-01, 1.69875562e+03,
       5.77367126e+02, 2.36838132e-01, 1.69285400e+03, 5.97920715e+02,
       1.68740332e-01, 1.62517029e+03, 6.00885010e+02, 2.54003584e-01 ]
