%YAML:1.0
---
pose_0: !!opencv-matrix
   rows: 1
   cols: 25
   dt: "3f"
   data: [ 8.01035339e+02, 3.94954437e+02, 8.15034866e-01,
       8.83611145e+02, 4.53759155e+02, 7.76041508e-01, 8.83503540e+02,
       5.30226990e+02, 5.78298032e-01, 9.65935181e+02, 6.48102783e+02,
       8.49994957e-01, 8.56926636e+02, 6.74572266e+02, 8.63238633e-01,
       9.01045715e+02, 3.86152679e+02, 8.00055385e-01, 9.51256958e+02,
       4.59693268e+02, 8.74126077e-01, 8.36499695e+02, 5.30335083e+02,
       8.56030166e-01, 1.13656555e+03, 4.27249023e+02, 4.38007236e-01,
       1.14834351e+03, 4.74316437e+02, 4.46696073e-01, 1.35733521e+03,
       4.80211365e+02, 7.21817851e-01, 1.56636707e+03, 5.03801971e+02,
       5.76130152e-01, 1.12778369e+03, 3.71364380e+02, 4.74874794e-01,
       1.35435620e+03, 2.59522766e+02, 5.48600376e-01, 1.53097278e+03,
       1.71200317e+02, 4.31860089e-01, 7.86244812e+02, 4.09714233e+02,
       8.97458911e-01, 7.89330872e+02, 3.85959656e+02, 8.98147404e-01,
       7.92305298e+02, 4.56618347e+02, 6.19684815e-01, 8.09935303e+02,
       3.71387177e+02, 1.55003279e-01, 1.60755969e+03, 1.15283661e+02,
       1.80681899e-01, 1.60750598e+03, 1.15333282e+02, 1.38630360e-01,
       0., 0., 0., 1.58990918e+03, 5.77324463e+02, 1.87916011e-01, 0.,
       0., 0., 1.60752893e+03, 4.92011322e+02, 4.34088171e-01 ]
