%YAML:1.0
---
pose_0: !!opencv-matrix
   rows: 1
   cols: 25
   dt: "3f"
   data: [ 7.42348938e+02, 5.56808350e+02, 8.67422998e-01,
       8.39388550e+02, 5.56767151e+02, 7.32660413e-01, 8.36381958e+02,
       6.12749390e+02, 6.41919255e-01, 9.80619873e+02, 6.50923950e+02,
       5.92370450e-01, 9.27681152e+02, 7.03950134e+02, 7.55355358e-01,
       8.56920044e+02, 4.97870697e+02, 7.28055835e-01, 9.74635132e+02,
       4.53797302e+02, 8.17678571e-01, 1.04233899e+03, 4.38991943e+02,
       8.41207325e-01, 1.09829224e+03, 5.68493225e+02, 6.00544333e-01,
       1.09545801e+03, 6.15606079e+02, 6.08834028e-01, 1.28959900e+03,
       6.24523621e+02, 6.40476823e-01, 1.50155151e+03, 6.27430359e+02,
       4.55503583e-01, 1.10714758e+03, 5.18481445e+02, 5.88279068e-01,
       1.30428137e+03, 5.27346802e+02, 7.36085773e-01, 1.48387939e+03,
       4.62609619e+02, 5.48448205e-01, 7.36264099e+02, 5.74334351e+02,
       8.18707943e-01, 7.39172180e+02, 5.42078979e+02, 8.37693036e-01,
       7.45142822e+02, 5.95058960e+02, 4.95792329e-01, 7.62654175e+02,
       5.15618408e+02, 6.77458584e-01, 1.51927368e+03, 5.03907349e+02,
       5.99820204e-02, 0., 0., 0., 1.49565955e+03, 4.53687347e+02,
       3.55179340e-01, 1.56342944e+03, 6.71511597e+02, 1.85126528e-01,
       1.55748938e+03, 6.71480713e+02, 1.67799294e-01, 1.53979126e+03,
       6.21475708e+02, 3.09868515e-01 ]
