%YAML:1.0
---
pose_0: !!opencv-matrix
   rows: 1
   cols: 25
   dt: "3f"
   data: [ 7.03972351e+02, 4.62543304e+02, 8.26105952e-01,
       8.36452820e+02, 4.59633667e+02, 7.80326784e-01, 8.33388428e+02,
       5.47963745e+02, 7.01870382e-01, 9.27563904e+02, 6.50960327e+02,
       5.98737776e-01, 9.09946838e+02, 6.36196899e+02, 3.58044297e-01,
       8.56942627e+02, 3.68430206e+02, 7.06285655e-01, 9.33486877e+02,
       3.59561829e+02, 4.34475690e-01, 1.00426068e+03, 3.56588715e+02,
       7.39311814e-01, 1.11902722e+03, 4.80303345e+02, 5.97241282e-01,
       1.11308423e+03, 5.30165283e+02, 6.17581069e-01, 1.35434802e+03,
       5.53831848e+02, 6.08788013e-01, 1.53396497e+03, 5.53904114e+02,
       5.88134110e-01, 1.12777612e+03, 4.27274536e+02, 5.37205577e-01,
       1.34560754e+03, 4.39034821e+02, 7.10846424e-01, 1.57510217e+03,
       4.59581177e+02, 6.37979627e-01, 6.92109924e+02, 4.83140747e+02,
       8.42929542e-01, 6.92223022e+02, 4.47868469e+02, 8.25647891e-01,
       7.15598999e+02, 5.03904602e+02, 2.44203672e-01, 7.18618042e+02,
       4.15572693e+02, 6.13472044e-01, 1.63696851e+03, 4.24352020e+02,
       5.13585746e-01, 1.63389551e+03, 4.21373474e+02, 5.37204921e-01,
       1.58989929e+03, 4.74361328e+02, 3.05445999e-01, 1.61340833e+03,
       5.53794800e+02, 5.12458444e-01, 1.59865808e+03, 5.65629822e+02,
       4.27485257e-01, 1.56341614e+03, 5.45010986e+02, 3.14619839e-01 ]
