%YAML:1.0
---
pose_0: !!opencv-matrix
   rows: 1
   cols: 25
   dt: "3f"
   data: [ 7.18681763e+02, 4.68480042e+02, 8.47711682e-01,
       8.21712158e+02, 4.65494843e+02, 6.34042144e-01, 8.15785034e+02,
       5.24399109e+02, 5.26079834e-01, 9.27586670e+02, 5.74360413e+02,
       2.91366577e-01, 9.74713623e+02, 6.03943970e+02, 3.46298158e-01,
       8.30426208e+02, 4.09710327e+02, 6.44184053e-01, 9.54103027e+02,
       3.44805389e+02, 8.11757624e-01, 1.07187915e+03, 3.18332031e+02,
       8.84979963e-01, 1.11012219e+03, 4.80221619e+02, 5.96146107e-01,
       1.10124988e+03, 5.27402893e+02, 5.95060349e-01, 1.28371057e+03,
       5.74446106e+02, 6.73434973e-01, 1.51624780e+03, 5.74393738e+02,
       5.95428884e-01, 1.11599890e+03, 4.27271118e+02, 5.63150823e-01,
       1.32203687e+03, 4.36123016e+02, 7.06722796e-01, 1.58105566e+03,
       4.15509094e+02, 5.62711716e-01, 7.03964539e+02, 4.83131592e+02,
       7.67734826e-01, 7.12814453e+02, 4.53637146e+02, 8.66061091e-01,
       7.18770386e+02, 5.06677338e+02, 3.37807745e-01, 7.39345398e+02,
       4.18407257e+02, 6.33582234e-01, 1.66352527e+03, 4.62652283e+02,
       8.57506171e-02, 1.66347351e+03, 4.53725433e+02, 8.02363902e-02,
       1.61344348e+03, 4.09617249e+02, 2.04073593e-01, 1.59279565e+03,
       5.80360718e+02, 1.33376658e-01, 0., 0., 0., 1.55451001e+03,
       5.53879639e+02, 3.24791819e-01 ]
