%YAML:1.0
---
pose_0: !!opencv-matrix
   rows: 1
   cols: 25
   dt: "3f"
   data: [ 7.15783264e+02, 4.83066833e+02, 9.00345027e-01,
       8.56976929e+02, 4.83224884e+02, 7.00318754e-01, 8.57038696e+02,
       5.59778992e+02, 6.11694574e-01, 9.80594482e+02, 5.80333801e+02,
       1.49033725e-01, 0., 0., 0., 8.51136292e+02, 4.09576019e+02,
       5.80185533e-01, 1.00120667e+03, 3.65558716e+02, 7.74925768e-01,
       1.13654858e+03, 3.38942505e+02, 8.43489766e-01, 1.11903369e+03,
       5.06717468e+02, 6.09301984e-01, 1.11893176e+03, 5.53781433e+02,
       6.18337810e-01, 1.32489307e+03, 5.45047729e+02, 6.51577652e-01,
       1.56923584e+03, 5.12655029e+02, 6.30173683e-01, 1.12775366e+03,
       4.56716553e+02, 5.81353664e-01, 1.35145459e+03, 4.27267700e+02,
       5.60981512e-01, 1.53979517e+03, 4.18448853e+02, 5.69015086e-01,
       6.98156189e+02, 4.92046173e+02, 7.87861764e-01, 7.09766113e+02,
       4.59698669e+02, 8.51899028e-01, 7.15836243e+02, 5.09771576e+02,
       3.66274536e-01, 7.33356018e+02, 4.36015259e+02, 6.28625274e-01,
       1.60755273e+03, 4.06699249e+02, 4.94600862e-01, 1.60740820e+03,
       4.03704132e+02, 5.50695181e-01, 1.56044507e+03, 4.33203735e+02,
       2.74870962e-01, 1.66051831e+03, 5.15582397e+02, 3.05547357e-01,
       0., 0., 0., 1.58988977e+03, 4.94976227e+02, 3.19624066e-01 ]
