%YAML:1.0
---
pose_0: !!opencv-matrix
   rows: 1
   cols: 25
   dt: "3f"
   data: [ 6.86274048e+02, 4.33125183e+02, 8.90843034e-01,
       8.18767822e+02, 4.59647095e+02, 7.41870642e-01, 8.27496521e+02,
       5.50896851e+02, 6.77008927e-01, 9.59961548e+02, 5.89110962e+02,
       7.26293325e-01, 1.02486328e+03, 5.77442749e+02, 8.77998531e-01,
       8.27548157e+02, 3.71409302e+02, 6.07078850e-01, 9.71747192e+02,
       3.09546783e+02, 7.98995435e-01, 9.07142456e+02, 3.35941895e+02,
       8.29442084e-01, 1.09543079e+03, 4.77291718e+02, 6.11349881e-01,
       1.08944910e+03, 5.24434998e+02, 6.02187395e-01, 1.31021216e+03,
       5.42027893e+02, 6.83363020e-01, 1.50159387e+03, 5.56729492e+02,
       5.20025790e-01, 1.10718225e+03, 4.15550385e+02, 5.45589268e-01,
       1.33378235e+03, 4.12436035e+02, 6.31249845e-01, 1.57515625e+03,
       4.33102295e+02, 4.31780517e-01, 6.68721008e+02, 4.41994598e+02,
       8.21371198e-01, 6.74544189e+02, 4.12494934e+02, 8.82633805e-01,
       6.92033447e+02, 4.71429169e+02, 5.82646310e-01, 7.09824036e+02,
       3.91926270e+02, 6.59468889e-01, 1.64282910e+03, 4.09546387e+02,
       1.71066970e-01, 1.63701013e+03, 4.03745270e+02, 1.95739567e-01,
       1.61339539e+03, 4.41983673e+02, 2.08827347e-01, 1.57805066e+03,
       5.39091797e+02, 4.12634909e-01, 1.56342871e+03, 5.50941467e+02,
       3.76573443e-01, 1.53985059e+03, 545., 2.16380149e-01 ]
