%YAML:1.0
---
pose_0: !!opencv-matrix
   rows: 1
   cols: 25
   dt: "3f"
   data: [ 7.01036499e+02, 6.00947815e+02, 8.09539557e-01,
       8.33332458e+02, 6.09804260e+02, 7.31589854e-01, 8.06875366e+02,
       6.92253174e+02, 7.66525507e-01, 9.45289124e+02, 7.42338013e+02,
       7.82932699e-01, 1.02774316e+03, 6.71537476e+02, 7.78368771e-01,
       8.51128052e+02, 5.33312744e+02, 5.71199596e-01, 1.02470959e+03,
       5.27319031e+02, 8.39595318e-01, 1.17775476e+03, 5.27207642e+02,
       7.36201763e-01, 1.11903674e+03, 6.56804382e+02, 5.69007576e-01,
       1.11589075e+03, 7.12787476e+02, 5.62788963e-01, 1.33093677e+03,
       7.42244263e+02, 6.79485619e-01, 1.58400635e+03, 7.59895325e+02,
       5.49211144e-01, 1.12773608e+03, 6.00861145e+02, 5.60106277e-01,
       1.33088965e+03, 5.74528931e+02, 4.16888922e-01, 1.56925232e+03,
       5.74464844e+02, 5.00936270e-01, 6.89152771e+02, 6.15641296e+02,
       7.31477678e-01, 6.92033203e+02, 5.77510620e+02, 7.79612660e-01,
       7.06871765e+02, 6.33331177e+02, 2.81647146e-01, 7.15692078e+02,
       5.50745117e+02, 5.18264055e-01, 1.66641614e+03, 5.33195862e+02,
       2.99203902e-01, 1.66347485e+03, 5.27381653e+02, 2.87140906e-01,
       1.59283875e+03, 5.80313171e+02, 2.08065704e-01, 1.66042505e+03,
       7.42229370e+02, 4.19102550e-01, 1.65744482e+03, 7.59861389e+02,
       3.70835364e-01, 1.61047559e+03, 7.51080139e+02, 2.30793715e-01 ]
