%YAML:1.0
---
pose_0: !!opencv-matrix
   rows: 2
   cols: 25
   dt: "3f"
   data: [ 0., 0., 0., 8.39301025e+02, 4.74307800e+02, 2.88489431e-01,
       8.59887756e+02, 5.00830444e+02, 5.59314728e-01, 1.00119299e+03,
       5.50974304e+02, 8.37118566e-01, 1.13939160e+03, 5.03687958e+02,
       8.10241044e-01, 8.27557495e+02, 4.41972229e+02, 1.08666457e-01,
       0., 0., 0., 0., 0., 0., 1.14244153e+03, 5.09682953e+02,
       4.77562428e-01, 1.12779944e+03, 5.56755920e+02, 4.70062435e-01,
       1.35149158e+03, 5.09636353e+02, 5.82682729e-01, 1.59280933e+03,
       6.45114624e+02, 5.43604136e-01, 1.14540601e+03, 4.65552704e+02,
       4.11340564e-01, 1.39563806e+03, 4.59663940e+02, 5.30318081e-01,
       1.56336462e+03, 5.42059204e+02, 3.59744072e-01, 0., 0., 0., 0.,
       0., 0., 7.80481384e+02, 4.30233856e+02, 1.76628038e-01, 0., 0.,
       0., 1.61334973e+03, 4.77304108e+02, 2.30671763e-01,
       1.60749756e+03, 4.80194092e+02, 2.54140705e-01, 1.61338635e+03,
       6.03903015e+02, 2.86092132e-01, 1.64284363e+03, 6.71560730e+02,
       3.38263333e-01, 1.63098962e+03, 6.80396790e+02, 3.91371548e-01,
       1.61636267e+03, 6.62705811e+02, 3.35366964e-01, 0., 0., 0., 0.,
       0., 0., 0., 0., 0., 0., 0., 0., 0., 0., 0., 9.42344421e+02,
       4.39091370e+02, 8.78747702e-02, 1.05418066e+03, 4.47851868e+02,
       3.52150083e-01, 1.16606775e+03, 4.12634064e+02, 5.65117717e-01,
       0., 0., 0., 0., 0., 0., 0., 0., 0., 0., 0., 0., 0., 0., 0., 0.,
       0., 0., 0., 0., 0., 0., 0., 0., 0., 0., 0., 0., 0., 0., 0., 0.,
       0., 0., 0., 0., 0., 0., 0., 0., 0., 0., 0., 0., 0., 0., 0., 0.,
       0., 0., 0. ]
