%YAML:1.0
---
pose_0: !!opencv-matrix
   rows: 1
   cols: 25
   dt: "3f"
   data: [ 5.86176819e+02, 5.09728699e+02, 6.16854370e-01,
       7.12718750e+02, 5.03823059e+02, 4.51919615e-01, 7.03937500e+02,
       5.74425232e+02, 3.52002472e-01, 7.48100830e+02, 6.48042847e+02,
       4.54380751e-01, 8.65845215e+02, 6.68703918e+02, 4.72337186e-01,
       7.09837646e+02, 4.39111664e+02, 3.30668837e-01, 8.80614624e+02,
       4.06610992e+02, 5.13780296e-01, 8.39293701e+02, 4.47878510e+02,
       4.71099377e-01, 1.04533752e+03, 5.30318359e+02, 4.99618500e-01,
       1.03068323e+03, 5.92041138e+02, 5.13873756e-01, 1.16016772e+03,
       6.42133850e+02, 2.30545267e-01, 1.39268213e+03, 6.00881775e+02,
       1.64831817e-01, 1.04533472e+03, 4.62614594e+02, 4.51300651e-01,
       1.24549036e+03, 4.59618988e+02, 4.01697636e-01, 1.52509094e+03,
       4.59734039e+02, 1.63122863e-01, 5.65555542e+02, 5.33252075e+02,
       5.58235705e-01, 5.62636902e+02, 4.86219666e+02, 6.11404598e-01,
       5.83230469e+02, 5.53740417e+02, 1.65400490e-01, 5.80334839e+02,
       4.56693024e+02, 3.92910838e-01, 0., 0., 0., 0., 0., 0.,
       1.54277026e+03, 4.53757538e+02, 1.03782192e-01, 0., 0., 0., 0.,
       0., 0., 0., 0., 0. ]
