%YAML:1.0
---
pose_0: !!opencv-matrix
   rows: 1
   cols: 25
   dt: "3f"
   data: [ 7.51077759e+02, 3.56613525e+02, 8.06210756e-01,
       8.83370422e+02, 3.88965332e+02, 8.25339854e-01, 8.62977661e+02,
       4.65591370e+02, 7.09488571e-01, 9.77794312e+02, 5.59692871e+02,
       8.18547726e-01, 1.09831372e+03, 5.27385193e+02, 7.57716894e-01,
       9.01123535e+02, 3.09498169e+02, 6.69919729e-01, 1.03943591e+03,
       2.94894562e+02, 8.11373711e-01, 1.16602576e+03, 2.53639618e+02,
       8.14042568e-01, 1.13953760e+03, 4.33064484e+02, 5.80761194e-01,
       1.13364929e+03, 4.80286743e+02, 5.99198461e-01, 1.33386707e+03,
       5.06609741e+02, 7.56961823e-01, 1.54573132e+03, 5.47993958e+02,
       6.25645936e-01, 1.14258923e+03, 3.80163147e+02, 5.88150442e-01,
       1.33375220e+03, 3.38880157e+02, 6.48254752e-01, 1.56331177e+03,
       2.86038605e+02, 4.99932915e-01, 7.39320618e+02, 3.71400940e+02,
       8.05831671e-01, 7.42166321e+02, 3.41821655e+02, 8.55858862e-01,
       7.62741577e+02, 4.06701263e+02, 6.13554955e-01, 7.65830627e+02,
       3.24260529e+02, 3.84758264e-01, 1.63987061e+03, 2.50753510e+02,
       3.95482779e-01, 1.63692615e+03, 2.50704330e+02, 3.99486393e-01,
       0., 0., 0., 1.61337939e+03, 5.30217285e+02, 4.64154094e-01,
       1.60751587e+03, 5.44949646e+02, 4.01866674e-01, 1.56923254e+03,
       5.56802979e+02, 3.79039884e-01 ]
