%YAML:1.0
---
pose_0: !!opencv-matrix
   rows: 1
   cols: 25
   dt: "3f"
   data: [ 7.65671997e+02, 5.95016846e+02, 8.87941837e-01,
       8.80403564e+02, 5.97981445e+02, 7.28301585e-01, 8.77617920e+02,
       6.56880798e+02, 6.59084499e-01, 9.60010132e+02, 6.83350098e+02,
       4.72575873e-01, 1.05712097e+03, 7.24489746e+02, 7.48188794e-01,
       8.83384155e+02, 5.30205933e+02, 7.27356315e-01, 1.02472314e+03,
       4.94994202e+02, 7.84033000e-01, 1.14251575e+03, 4.80385956e+02,
       9.03947234e-01, 1.12484790e+03, 6.03856934e+02, 6.11652911e-01,
       1.11900781e+03, 6.48075989e+02, 6.25753284e-01, 1.28084900e+03,
       6.68467346e+02, 4.16672736e-01, 1.52217883e+03, 6.27408691e+02,
       3.28104228e-01, 1.13656384e+03, 5.53808960e+02, 6.05254769e-01,
       1.30440027e+03, 6.03905334e+02, 7.93125391e-01, 1.55161816e+03,
       6.24558899e+02, 4.07018423e-01, 7.51037415e+02, 6.03814636e+02,
       8.03921640e-01, 7.59751953e+02, 5.74557007e+02, 8.75377655e-01,
       7.65775635e+02, 6.24555115e+02, 5.12904406e-01, 7.80423157e+02,
       5.53849670e+02, 6.69782460e-01, 1.64874744e+03, 6.24568848e+02,
       2.60981858e-01, 1.64286572e+03, 6.21581726e+02, 2.93660939e-01,
       1.56339941e+03, 6.00915710e+02, 2.21548140e-01, 0., 0., 0., 0.,
       0., 0., 1.54284216e+03, 5.83309143e+02, 1.41107425e-01 ]
