%YAML:1.0
---
pose_0: !!opencv-matrix
   rows: 1
   cols: 25
   dt: "3f"
   data: [ 6.45148193e+02, 4.12601776e+02, 7.46771276e-01,
       7.86294922e+02, 4.94975342e+02, 5.95240772e-01, 7.89197876e+02,
       6.00888306e+02, 6.09227717e-01, 9.30693909e+02, 6.51025269e+02,
       7.03703403e-01, 1.06899402e+03, 7.15776611e+02, 8.85245919e-01,
       7.86401672e+02, 3.86135376e+02, 5.28269053e-01, 9.51259827e+02,
       3.15524994e+02, 7.97233462e-01, 1.12187219e+03, 2.24341202e+02,
       8.32709432e-01, 1.10421899e+03, 4.47871368e+02, 3.22209239e-01,
       1.10129419e+03, 5.09735840e+02, 3.49793434e-01, 1.38677356e+03,
       5.42101013e+02, 5.75599611e-01, 1.64575537e+03, 5.50775513e+02,
       5.26450634e-01, 1.08951892e+03, 3.83148621e+02, 3.64086211e-01,
       1.19839185e+03, 3.36040161e+02, 2.82565683e-01, 1.58982361e+03,
       1.74162125e+02, 1.96758255e-01, 6.21427429e+02, 4.36149200e+02,
       7.26267338e-01, 6.39165894e+02, 3.97832794e+02, 6.00630760e-01,
       6.42130249e+02, 5.03765259e+02, 3.37113768e-01, 6.65718872e+02,
       3.83166077e+02, 5.12236580e-02, 0., 0., 0., 0., 0., 0., 0., 0.,
       0., 1.74293604e+03, 5.89117554e+02, 3.71059716e-01, 0., 0., 0.,
       1.66053894e+03, 5.30286560e+02, 3.84982467e-01 ]
