%YAML:1.0
---
pose_0: !!opencv-matrix
   rows: 1
   cols: 25
   dt: "3f"
   data: [ 7.39293457e+02, 4.71360260e+02, 8.40709388e-01,
       8.48194519e+02, 4.59640900e+02, 6.45686567e-01, 8.42227417e+02,
       5.21446655e+02, 5.99720180e-01, 9.60046143e+02, 5.56732666e+02,
       3.79594624e-01, 1.00122662e+03, 5.77460144e+02, 2.47945845e-01,
       8.42251587e+02, 4.09579865e+02, 5.73271155e-01, 9.71810547e+02,
       3.47820190e+02, 6.98920906e-01, 1.07180664e+03, 3.44873657e+02,
       8.20580244e-01, 1.11589368e+03, 4.56742706e+02, 5.94449699e-01,
       1.10717139e+03, 5.03895569e+02, 6.02821350e-01, 1.30438318e+03,
       5.50880493e+02, 8.02796125e-01, 1.58993201e+03, 6.00905396e+02,
       5.78111708e-01, 1.11888611e+03, 4.06571350e+02, 5.64847469e-01,
       1.32200452e+03, 4.42046204e+02, 6.95117116e-01, 1.58689490e+03,
       4.12704041e+02, 6.46707952e-01, 7.21589417e+02, 4.83163605e+02,
       7.77107120e-01, 7.24547852e+02, 4.53703156e+02, 8.21299613e-01,
       7.45100952e+02, 5.03726227e+02, 2.20462009e-01, 7.45199768e+02,
       4.24306335e+02, 5.79520941e-01, 1.64870752e+03, 3.65471954e+02,
       4.10035133e-01, 1.64282214e+03, 3.65585022e+02, 4.26066756e-01,
       1.62807385e+03, 4.27248169e+02, 2.60426104e-01, 1.69284534e+03,
       6.65689026e+02, 3.42969120e-01, 1.68404846e+03, 6.68516968e+02,
       3.33631903e-01, 1.63402087e+03, 5.86191467e+02, 3.42443079e-01 ]
