%YAML:1.0
---
pose_0: !!opencv-matrix
   rows: 1
   cols: 25
   dt: "3f"
   data: [ 7.12768982e+02, 4.39084900e+02, 8.81163597e-01,
       8.30435364e+02, 4.59545105e+02, 6.50931180e-01, 8.36476440e+02,
       5.42051758e+02, 4.45065409e-01, 9.51181824e+02, 5.74359070e+02,
       1.53260350e-01, 0., 0., 0., 8.18740845e+02, 3.83118378e+02,
       6.19046330e-01, 9.68800110e+02, 3.24235962e+02, 7.54237592e-01,
       1.09554736e+03, 2.71335449e+02, 8.75059247e-01, 1.12187524e+03,
       4.33171173e+02, 5.71145773e-01, 1.11899060e+03, 4.83145569e+02,
       5.91915369e-01, 1.31906396e+03, 5.18553589e+02, 5.23888171e-01,
       1.50453955e+03, 5.21409424e+02, 4.91433769e-01, 1.12777307e+03,
       3.80147369e+02, 5.31963706e-01, 1.33085168e+03, 3.83049103e+02,
       4.71722990e-01, 1.58693164e+03, 4.09509064e+02, 5.50287008e-01,
       6.92152954e+02, 4.56664185e+02, 8.61133218e-01, 6.98148193e+02,
       4.15611359e+02, 8.26366544e-01, 7.12656006e+02, 4.80352264e+02,
       5.43941319e-01, 7.27474915e+02, 3.91968140e+02, 6.00495100e-01,
       1.66043994e+03, 3.68483093e+02, 5.26058555e-01, 1.65465369e+03,
       3.68395477e+02, 5.24854839e-01, 1.61048730e+03, 4.18489960e+02,
       2.91871995e-01, 1.58392029e+03, 5.03821350e+02, 2.11582512e-01,
       1.56922717e+03, 5.15555359e+02, 1.81667671e-01, 1.53976282e+03,
       5.06757782e+02, 3.40706557e-01 ]
