%YAML:1.0
---
pose_0: !!opencv-matrix
   rows: 1
   cols: 25
   dt: "3f"
   data: [ 5.95063354e+02, 5.09774628e+02, 7.26211548e-01,
       7.45127502e+02, 4.80165070e+02, 6.50225341e-01, 7.45193481e+02,
       5.98056030e+02, 6.92551613e-01, 9.24638367e+02, 6.56860413e+02,
       7.15506077e-01, 1.08942383e+03, 7.06897156e+02, 7.94946909e-01,
       7.56925049e+02, 3.62435547e+02, 5.58705091e-01, 9.36491211e+02,
       3.42023132e+02, 7.11846530e-01, 1.13367480e+03, 3.38890045e+02,
       6.39053047e-01, 1.07179419e+03, 5.27285706e+02, 5.16996622e-01,
       1.04830579e+03, 5.86202637e+02, 5.08819640e-01, 1.19251208e+03,
       6.42133545e+02, 1.97839141e-01, 1.44268970e+03, 6.39155518e+02,
       1.94877163e-01, 1.08652588e+03, 4.56768127e+02, 4.27570105e-01,
       1.30438269e+03, 4.53730957e+02, 6.16497062e-02, 1.48680725e+03,
       4.50800903e+02, 1.50898606e-01, 5.74308594e+02, 5.30244751e+02,
       6.82476223e-01, 5.71443054e+02, 4.83238464e+02, 7.11993635e-01,
       5.98026428e+02, 5.47907898e+02, 9.82527062e-02, 5.98028320e+02,
       4.33186005e+02, 5.17647147e-01, 0., 0., 0., 0., 0., 0.,
       1.51627869e+03, 4.68497253e+02, 1.16680905e-01, 1.52214734e+03,
       5.80366028e+02, 5.33261746e-02, 0., 0., 0., 1.47508337e+03,
       6.36227173e+02, 5.44026196e-02 ]
