%YAML:1.0
---
pose_0: !!opencv-matrix
   rows: 1
   cols: 25
   dt: "3f"
   data: [ 5.62626343e+02, 5.33208801e+02, 4.46995407e-01,
       6.42100830e+02, 5.30355042e+02, 1.43319249e-01, 6.62715210e+02,
       5.89172974e+02, 8.33088458e-02, 0., 0., 0., 0., 0., 0.,
       6.42098633e+02, 4.59660339e+02, 1.92536190e-01, 7.56886230e+02,
       4.30257538e+02, 7.19447553e-01, 6.68597900e+02, 5.45048889e+02,
       6.93518758e-01, 1.05415869e+03, 5.50908813e+02, 2.99101204e-01,
       1.04834326e+03, 6.21543213e+02, 2.61889875e-01, 1.16611426e+03,
       6.92124878e+02, 1.73777506e-01, 0., 0., 0., 1.05126074e+03,
       4.86168976e+02, 3.30677032e-01, 1.33080835e+03, 5.71476807e+02,
       4.58712637e-01, 1.65755127e+03, 5.86208008e+02, 1.38981134e-01,
       5.36189758e+02, 5.53887512e+02, 4.32080299e-01, 5.36184204e+02,
       5.06871429e+02, 3.82212877e-01, 5.50907104e+02, 5.77456970e+02,
       1.21723875e-01, 5.50903381e+02, 4.83181091e+02, 2.37923414e-01,
       0., 0., 0., 0., 0., 0., 0., 0., 0., 0., 0., 0., 0., 0., 0., 0.,
       0., 0. ]
