%YAML:1.0
---
pose_0: !!opencv-matrix
   rows: 1
   cols: 25
   dt: "3f"
   data: [ 0., 0., 0., 9.86469116e+02, 5.65615784e+02, 1.41145721e-01,
       0., 0., 0., 0., 0., 0., 0., 0., 0., 9.27667297e+02,
       5.74459290e+02, 1.05738871e-01, 9.39353394e+02, 4.94940582e+02,
       2.29340196e-01, 8.09948486e+02, 4.18496643e+02, 1.62501708e-01,
       1.18659937e+03, 5.59724731e+02, 2.09787428e-01, 1.17783081e+03,
       5.62626892e+02, 2.01498553e-01, 1.33967432e+03, 5.30400879e+02,
       6.33201063e-01, 1.63695789e+03, 7.09802795e+02, 2.51331359e-01,
       1.18955811e+03, 5.56765808e+02, 1.84091374e-01, 1.35435999e+03,
       5.15585510e+02, 3.54602844e-01, 1.63990491e+03, 7.15690979e+02,
       2.76439548e-01, 0., 0., 0., 0., 0., 0., 0., 0., 0., 0., 0., 0.,
       1.66349194e+03, 7.45169922e+02, 1.09083548e-01, 0., 0., 0.,
       1.66052637e+03, 7.45105286e+02, 2.01961666e-01, 1.68702161e+03,
       7.18591187e+02, 2.36567676e-01, 1.67808997e+03, 7.33350891e+02,
       1.86553657e-01, 1.66348547e+03, 7.39265503e+02, 1.41225487e-01 ]
