%YAML:1.0
---
pose_0: !!opencv-matrix
   rows: 1
   cols: 25
   dt: "3f"
   data: [ 7.62834534e+02, 4.80292786e+02, 9.27307129e-01,
       8.83526367e+02, 5.06690094e+02, 8.25025558e-01, 8.65773132e+02,
       5.74548645e+02, 7.51700222e-01, 9.68846130e+02, 6.45124146e+02,
       7.92198241e-01, 1.06007813e+03, 7.30475769e+02, 7.48649895e-01,
       9.03961670e+02, 4.39089752e+02, 6.79288566e-01, 1.03059448e+03,
       3.88931763e+02, 7.77601182e-01, 1.11903076e+03, 3.15555237e+02,
       8.64483595e-01, 1.14241199e+03, 4.89082458e+02, 5.95074475e-01,
       1.13958057e+03, 5.36159851e+02, 6.04445755e-01, 1.34845093e+03,
       5.56743164e+02, 7.72228479e-01, 1.54864417e+03, 5.56874084e+02,
       6.50850117e-01, 1.13948291e+03, 4.36049927e+02, 6.10907018e-01,
       1.33079712e+03, 4.33183624e+02, 7.63251185e-01, 1.57215088e+03,
       4.30193756e+02, 6.55574918e-01, 7.42340393e+02, 4.92008942e+02,
       8.54513407e-01, 7.59752319e+02, 4.59660980e+02, 8.71577322e-01,
       7.59814636e+02, 5.24455566e+02, 6.96800053e-01, 7.83398743e+02,
       4.41937866e+02, 6.54534876e-01, 1.63694189e+03, 4.12653442e+02,
       3.01163614e-01, 1.63392175e+03, 4.09662048e+02, 3.50477695e-01,
       1.60161890e+03, 4.18458160e+02, 2.35942855e-01, 1.61057263e+03,
       5.86227966e+02, 4.44623977e-01, 1.60755432e+03, 5.89172180e+02,
       4.58077282e-01, 1.58100732e+03, 5.39152527e+02, 4.30565327e-01 ]
