%YAML:1.0
---
pose_0: !!opencv-matrix
   rows: 2
   cols: 25
   dt: "3f"
   data: [ 7.98087891e+02, 3.71401917e+02, 7.48409986e-01,
       8.62972351e+02, 2.91777832e+02, 4.90155458e-01, 0., 0., 0., 0.,
       0., 0., 0., 0., 0., 8.62917297e+02, 2.91781219e+02,
       7.60924280e-01, 9.48189880e+02, 4.15500793e+02, 7.73717582e-01,
       1.00707843e+03, 5.53981079e+02, 7.79983878e-01, 1.16307568e+03,
       3.00679535e+02, 5.08762777e-01, 1.16018738e+03, 3.50726624e+02,
       5.61045170e-01, 1.35438684e+03, 4.68450226e+02, 7.84772992e-01,
       1.55160535e+03, 5.18538940e+02, 7.05882609e-01, 1.16305347e+03,
       2.50638718e+02, 4.32686895e-01, 1.37800549e+03, 2.47873062e+02,
       6.12326503e-01, 1.56334790e+03, 1.38826309e+02, 4.35674965e-01,
       7.86253784e+02, 3.77245209e+02, 3.88651252e-01, 7.89316711e+02,
       3.62368317e+02, 8.34413648e-01, 0., 0., 0., 7.92205811e+02,
       3.15382050e+02, 7.35796452e-01, 1.61631897e+03, 8.58577652e+01,
       3.18198562e-01, 1.61336523e+03, 8.58229065e+01, 3.09282839e-01,
       0., 0., 0., 1.57806299e+03, 5.83222595e+02, 6.03058159e-01,
       1.56337927e+03, 5.77401672e+02, 6.38442755e-01, 1.57807690e+03,
       5.03739380e+02, 5.94642997e-01, 0., 0., 0., 0., 0., 0.,
       9.74641785e+02, 3.53685455e+02, 5.53932972e-02, 1.05716821e+03,
       4.00732086e+02, 6.36758864e-01, 1.14257080e+03, 4.80347137e+02,
       8.09259951e-01, 0., 0., 0., 0., 0., 0., 0., 0., 0., 0., 0., 0.,
       0., 0., 0., 0., 0., 0., 0., 0., 0., 0., 0., 0., 0., 0., 0., 0.,
       0., 0., 0., 0., 0., 0., 0., 0., 0., 0., 0., 0., 0., 0., 0., 0.,
       0., 0., 0., 0., 0., 0., 0., 0., 0., 0., 0., 0., 0., 0., 0., 0. ]
