%YAML:1.0
---
pose_0: !!opencv-matrix
   rows: 1
   cols: 25
   dt: "3f"
   data: [ 5.59707397e+02, 4.86118225e+02, 4.68256950e-01,
       6.48044922e+02, 4.59730988e+02, 2.98404157e-01, 6.03891602e+02,
       5.33207886e+02, 1.53270096e-01, 0., 0., 0., 0., 0., 0.,
       7.09830933e+02, 3.71386688e+02, 3.44444036e-01, 8.86435303e+02,
       3.09556030e+02, 4.40666437e-01, 1.06895300e+03, 2.21321716e+02,
       6.14644408e-01, 1.03949377e+03, 5.42078918e+02, 4.44166631e-01,
       1.02181427e+03, 5.98005554e+02, 4.45996284e-01, 1.32789868e+03,
       6.06872803e+02, 3.00156415e-01, 1.70172717e+03, 6.06821838e+02,
       5.66466451e-01, 1.05417065e+03, 4.80168579e+02, 4.23054516e-01,
       1.34845361e+03, 4.80320496e+02, 3.60921144e-01, 1.61637610e+03,
       4.59626038e+02, 4.02253002e-01, 5.47939148e+02, 5.06758575e+02,
       3.23253512e-01, 5.33207581e+02, 4.80147064e+02, 3.00508022e-01,
       5.56845825e+02, 5.30208252e+02, 1.84097216e-01, 5.53755371e+02,
       4.59686218e+02, 1.40841469e-01, 1.72525549e+03, 4.21393005e+02,
       3.93812984e-01, 1.72224036e+03, 4.18439911e+02, 4.29371476e-01,
       1.70459937e+03, 4.62654572e+02, 1.28942788e-01, 1.82532690e+03,
       5.86204163e+02, 1.39120176e-01, 1.82232153e+03, 6.00961609e+02,
       1.21975496e-01, 1.71936768e+03, 5.95045349e+02, 3.07126999e-01 ]
