%YAML:1.0
---
pose_0: !!opencv-matrix
   rows: 1
   cols: 25
   dt: "3f"
   data: [ 7.80483154e+02, 5.27428467e+02, 6.54181361e-01,
       8.59924500e+02, 4.47910797e+02, 4.77956921e-01, 8.54064087e+02,
       4.33126282e+02, 2.53708720e-01, 0., 0., 0., 0., 0., 0.,
       8.74649414e+02, 4.65544342e+02, 6.33791625e-01, 1.02467883e+03,
       4.89031128e+02, 7.75322199e-01, 1.16613440e+03, 5.27431152e+02,
       7.58668303e-01, 1.17192407e+03, 3.97863464e+02, 3.51392806e-01,
       0., 0., 0., 0., 0., 0., 0., 0., 0., 1.17779651e+03,
       4.00796295e+02, 3.83527875e-01, 1.35449084e+03, 5.45037659e+02,
       7.65986383e-01, 1.63984595e+03, 4.21348358e+02, 6.07546568e-01,
       0., 0., 0., 7.65873779e+02, 5.06866394e+02, 6.49755895e-01, 0.,
       0., 0., 7.86393738e+02, 4.71377319e+02, 5.65837145e-01,
       1.67220813e+03, 4.83146942e+02, 5.71378991e-02, 0., 0., 0.,
       1.64581689e+03, 3.94896881e+02, 2.98975378e-01, 0., 0., 0., 0.,
       0., 0., 0., 0., 0. ]
