%YAML:1.0
---
pose_0: !!opencv-matrix
   rows: 1
   cols: 25
   dt: "3f"
   data: [ 7.45211426e+02, 3.59623230e+02, 8.30817163e-01,
       8.59886108e+02, 3.41882629e+02, 5.41604817e-01, 8.62861633e+02,
       4.15514221e+02, 4.20204729e-01, 9.92318970e+02, 4.71363220e+02,
       5.83324373e-01, 9.68808899e+02, 4.36129974e+02, 9.04095247e-02,
       8.65827209e+02, 2.62440125e+02, 5.64816356e-01, 1.01891443e+03,
       2.35977585e+02, 7.98498631e-01, 9.30713501e+02, 3.35957153e+02,
       8.20655644e-01, 1.13955127e+03, 3.65461029e+02, 5.97285509e-01,
       1.12486169e+03, 4.12661682e+02, 5.93625426e-01, 1.31911084e+03,
       4.36126587e+02, 6.84562206e-01, 1.52806750e+03, 5.03784027e+02,
       4.77637380e-01, 1.14539001e+03, 3.12414001e+02, 5.75909197e-01,
       1.33970911e+03, 3.09484070e+02, 5.91906190e-01, 1.58401331e+03,
       2.94969299e+02, 6.55075192e-01, 7.30463318e+02, 3.68492767e+02,
       7.69425452e-01, 7.39149719e+02, 3.38876312e+02, 8.76618862e-01,
       7.42333801e+02, 3.89082092e+02, 1.65117308e-01, 7.59877014e+02,
       3.03704376e+02, 5.41262388e-01, 1.65454126e+03, 2.68389069e+02,
       3.92086685e-01, 1.64279749e+03, 2.65434784e+02, 4.12840307e-01,
       1.61040796e+03, 3.00676117e+02, 2.65706003e-01, 1.59279639e+03,
       5.03784424e+02, 2.49938115e-01, 1.58103552e+03, 5.18473755e+02,
       2.28039607e-01, 1.56040857e+03, 5.15564514e+02, 2.57686853e-01 ]
