%YAML:1.0
---
pose_0: !!opencv-matrix
   rows: 1
   cols: 25
   dt: "3f"
   data: [ 7.65692078e+02, 4.21361389e+02, 8.30359340e-01,
       8.83504272e+02, 4.41936676e+02, 7.23814905e-01, 8.80590088e+02,
       5.24406372e+02, 8.24863911e-01, 9.86471375e+02, 5.62706238e+02,
       5.08520007e-01, 1.02175562e+03, 5.77385864e+02, 7.52079368e-01,
       8.83605286e+02, 3.62491974e+02, 6.83606327e-01, 1.02767773e+03,
       3.36017242e+02, 7.95936286e-01, 1.11906262e+03, 3.12502991e+02,
       8.34592402e-01, 1.13949524e+03, 4.44948303e+02, 5.80263376e-01,
       1.13359912e+03, 4.97865997e+02, 5.77546597e-01, 1.35139587e+03,
       5.27408264e+02, 7.97880530e-01, 1.54278357e+03, 5.89112122e+02,
       6.13309205e-01, 1.14245532e+03, 3.91931396e+02, 5.63901067e-01,
       1.36908472e+03, 3.47841217e+02, 5.58075070e-01, 1.56633716e+03,
       3.15449585e+02, 5.58088124e-01, 7.56843750e+02, 4.36285370e+02,
       8.22619021e-01, 7.54019897e+02, 4.09528778e+02, 8.28405559e-01,
       7.68751587e+02, 4.71401611e+02, 5.54131687e-01, 7.77524658e+02,
       3.86120605e+02, 4.33003485e-01, 1.63992627e+03, 2.68401733e+02,
       3.55794877e-01, 1.63696252e+03, 2.71222076e+02, 3.73071283e-01,
       1.61927051e+03, 3.15444183e+02, 2.32480645e-01, 1.61332300e+03,
       5.86248596e+02, 5.46833277e-01, 1.60163062e+03, 6.00848267e+02,
       5.05957425e-01, 1.56932739e+03, 5.83260681e+02, 3.52372706e-01 ]
