%YAML:1.0
---
pose_0: !!opencv-matrix
   rows: 1
   cols: 25
   dt: "3f"
   data: [ 7.65769226e+02, 5.03805725e+02, 8.56020212e-01,
       8.59968384e+02, 5.15579712e+02, 7.48256147e-01, 8.59834473e+02,
       5.94932190e+02, 7.77509689e-01, 9.89445801e+02, 6.27419250e+02,
       7.55683720e-01, 1.11310522e+03, 6.71703247e+02, 8.34410310e-01,
       8.68795349e+02, 4.36174957e+02, 5.25825083e-01, 9.95262512e+02,
       4.15468109e+02, 1.37884915e-01, 0., 0., 0., 1.13654358e+03,
       5.06774780e+02, 5.19060969e-01, 1.13655286e+03, 5.56837891e+02,
       5.49696505e-01, 1.34843701e+03, 6.24339478e+02, 6.79138839e-01,
       1.54864307e+03, 6.71673401e+02, 6.09480441e-01, 1.13363879e+03,
       4.53762573e+02, 4.85923797e-01, 1.33093701e+03, 4.56789948e+02,
       7.38818049e-01, 1.56637195e+03, 4.62682861e+02, 6.30185485e-01,
       7.51034119e+02, 5.12593933e+02, 7.41020322e-01, 7.59794556e+02,
       4.83159210e+02, 8.05303097e-01, 7.62751099e+02, 5.39089478e+02,
       5.31796932e-01, 7.86340698e+02, 4.59561951e+02, 5.29722929e-01,
       1.64869324e+03, 4.44943390e+02, 2.79929996e-01, 1.63991260e+03,
       4.41961334e+02, 3.28101814e-01, 1.61635352e+03, 4.77287384e+02,
       2.52829611e-01, 1.62512244e+03, 6.59751648e+02, 5.37744701e-01,
       1.61346985e+03, 6.71537720e+02, 4.64409560e-01, 1.57219092e+03,
       6.92159607e+02, 2.54446894e-01 ]
