%YAML:1.0
---
pose_0: !!opencv-matrix
   rows: 1
   cols: 25
   dt: "3f"
   data: [ 7.53923035e+02, 5.33187195e+02, 7.79632747e-01,
       8.51141357e+02, 4.80258179e+02, 6.18001819e-01, 8.33407349e+02,
       5.09741272e+02, 4.86470014e-01, 1.02176550e+03, 5.56791199e+02,
       5.21396756e-01, 1.04543164e+03, 6.68700623e+02, 6.67130828e-01,
       8.65788635e+02, 4.56597809e+02, 5.91043711e-01, 1.00710773e+03,
       4.18480469e+02, 7.22711086e-01, 1.08952307e+03, 5.33236328e+02,
       7.34260440e-01, 1.13957556e+03, 4.80286591e+02, 2.93603390e-01,
       1.12186646e+03, 5.15568542e+02, 1.69332176e-01, 0., 0., 0., 0.,
       0., 0., 1.14547400e+03, 4.56739410e+02, 3.01198781e-01,
       1.36318994e+03, 4.80317413e+02, 4.50525224e-01, 1.61343701e+03,
       4.27258728e+02, 3.12657326e-01, 7.39275024e+02, 5.30167542e+02,
       1.88683152e-01, 7.42357666e+02, 5.12596558e+02, 7.70077527e-01,
       0., 0., 0., 7.68749451e+02, 4.77311951e+02, 6.70051515e-01, 0.,
       0., 0., 0., 0., 0., 1.64874011e+03, 4.06704224e+02,
       1.76240116e-01, 0., 0., 0., 0., 0., 0., 0., 0., 0. ]
