%YAML:1.0
---
pose_0: !!opencv-matrix
   rows: 1
   cols: 25
   dt: "3f"
   data: [ 6.68616089e+02, 5.09731995e+02, 8.51529121e-01,
       7.89404663e+02, 5.30327881e+02, 7.20037937e-01, 8.03941895e+02,
       6.18530151e+02, 6.80981636e-01, 9.39440857e+02, 6.71665527e+02,
       7.98947096e-01, 1.03361353e+03, 6.71457397e+02, 8.30284894e-01,
       7.77491943e+02, 4.59640106e+02, 6.45510495e-01, 9.51045837e+02,
       4.30104553e+02, 8.25324059e-01, 8.15734192e+02, 4.24269196e+02,
       7.73086667e-01, 1.08362170e+03, 5.30248291e+02, 5.36438704e-01,
       1.08652148e+03, 5.77348267e+02, 5.43901384e-01, 1.33377173e+03,
       5.94937317e+02, 5.50852180e-01, 1.57514929e+03, 6.06807373e+02,
       6.00956202e-01, 1.08068884e+03, 4.77296387e+02, 5.31924069e-01,
       1.31023669e+03, 4.59667053e+02, 4.60084885e-01, 1.52512024e+03,
       4.56581818e+02, 4.18663949e-01, 6.50922180e+02, 5.30198975e+02,
       8.26295495e-01, 6.53941223e+02, 4.91988922e+02, 7.70766020e-01,
       6.74468201e+02, 5.50966248e+02, 4.07965273e-01, 6.86211609e+02,
       4.62549042e+02, 5.86450160e-01, 1.65161975e+03, 4.33122498e+02,
       1.27133891e-01, 1.64869153e+03, 4.24286194e+02, 1.36922568e-01,
       1.54576953e+03, 4.42017548e+02, 2.57353961e-01, 1.65752527e+03,
       6.42121277e+02, 4.73601192e-01, 1.65165625e+03, 6.42139282e+02,
       4.83993977e-01, 1.61037878e+03, 5.83327209e+02, 4.02264893e-01 ]
