%YAML:1.0
---
pose_0: !!opencv-matrix
   rows: 2
   cols: 25
   dt: "3f"
   data: [ 7.62719116e+02, 4.53693146e+02, 4.05137211e-01,
       8.33366211e+02, 5.06764160e+02, 4.96680647e-01, 8.45188538e+02,
       5.50784851e+02, 7.00182676e-01, 9.71689331e+02, 6.03813416e+02,
       7.74226308e-01, 1.10426514e+03, 5.97841492e+02, 7.69078374e-01,
       8.15805603e+02, 4.59715057e+02, 2.72634417e-01, 0., 0., 0., 0.,
       0., 0., 1.11011609e+03, 5.24387573e+02, 6.05610549e-01,
       1.09830481e+03, 5.56782776e+02, 5.24901330e-01, 1.31320471e+03,
       4.80097473e+02, 7.96224475e-01, 1.49857983e+03, 5.98041748e+02,
       5.38868010e-01, 1.11891443e+03, 4.83168518e+02, 5.89668274e-01,
       1.32793311e+03, 4.59763519e+02, 5.57504296e-01, 1.52515686e+03,
       5.30367004e+02, 5.92421830e-01, 7.45218994e+02, 4.59661560e+02,
       2.52652436e-01, 7.50992676e+02, 4.47901398e+02, 1.33698389e-01,
       7.62811462e+02, 4.89102844e+02, 2.21151426e-01, 0., 0., 0.,
       1.59572522e+03, 4.74347565e+02, 3.95990372e-01, 1.59279065e+03,
       4.80214508e+02, 3.70203674e-01, 1.54278821e+03, 5.74344116e+02,
       3.09757054e-01, 1.59868481e+03, 5.39157715e+02, 1.59319818e-01,
       1.59871643e+03, 5.50914734e+02, 1.29829422e-01, 1.51918738e+03,
       6.18568787e+02, 4.38082606e-01, 0., 0., 0., 0., 0., 0., 0., 0.,
       0., 0., 0., 0., 0., 0., 0., 9.27613770e+02, 4.59625061e+02,
       1.36478603e-01, 1.05421667e+03, 4.53804169e+02, 5.78134060e-01,
       1.14260474e+03, 3.91990631e+02, 7.73824215e-01, 0., 0., 0., 0.,
       0., 0., 0., 0., 0., 0., 0., 0., 0., 0., 0., 0., 0., 0., 0., 0.,
       0., 0., 0., 0., 0., 0., 0., 0., 0., 0., 0., 0., 0., 0., 0., 0.,
       0., 0., 0., 0., 0., 0., 0., 0., 0., 0., 0., 0., 0., 0., 0. ]
