%YAML:1.0
---
pose_0: !!opencv-matrix
   rows: 1
   cols: 25
   dt: "3f"
   data: [ 6.80405640e+02, 5.06848114e+02, 8.31543803e-01,
       8.18706726e+02, 5.03707031e+02, 7.23394156e-01, 8.27535339e+02,
       5.71524902e+02, 5.33099890e-01, 9.80652405e+02, 6.21586548e+02,
       6.68808341e-01, 1.09829492e+03, 6.92122375e+02, 7.45517433e-01,
       8.12805786e+02, 4.33246185e+02, 6.42606974e-01, 9.51268494e+02,
       3.62578003e+02, 8.07575464e-01, 1.08953564e+03, 3.18275421e+02,
       8.40935707e-01, 1.09840527e+03, 5.12585693e+02, 5.77147007e-01,
       1.09254504e+03, 5.62643005e+02, 6.28943145e-01, 1.28962268e+03,
       6.01081055e+02, 6.78315401e-01, 1.51632800e+03, 6.09758911e+02,
       5.91417372e-01, 1.10713074e+03, 4.56806793e+02, 5.64043701e-01,
       1.32488220e+03, 4.62574463e+02, 7.36750782e-01, 1.58100220e+03,
       4.24310394e+02, 5.50972998e-01, 6.68673462e+02, 5.27202515e+02,
       7.76067257e-01, 6.71442932e+02, 4.89148743e+02, 8.16883445e-01,
       6.92289001e+02, 5.33249023e+02, 2.35150114e-01, 6.95235596e+02,
       4.59664886e+02, 6.30346417e-01, 1.65749548e+03, 3.80192932e+02,
       3.27311188e-01, 1.65165857e+03, 3.80206207e+02, 3.48567575e-01,
       1.60751904e+03, 4.12492279e+02, 2.03872085e-01, 1.61932593e+03,
       6.24545654e+02, 1.77356929e-01, 0., 0., 0., 1.55450415e+03,
       5.95025513e+02, 3.77769053e-01 ]
