%YAML:1.0
---
pose_0: !!opencv-matrix
   rows: 1
   cols: 25
   dt: "3f"
   data: [ 6.86254272e+02, 3.44971222e+02, 8.14949751e-01,
       8.09910095e+02, 3.44836151e+02, 7.33947814e-01, 8.09943298e+02,
       4.33149719e+02, 7.16831207e-01, 9.27652832e+02, 4.83123230e+02,
       8.50095689e-01, 9.98256226e+02, 4.80267029e+02, 8.83186102e-01,
       8.12925476e+02, 2.56592712e+02, 5.70523977e-01, 9.51137146e+02,
       2.24119415e+02, 8.24639678e-01, 1.03071619e+03, 1.97578903e+02,
       8.14196587e-01, 1.08361646e+03, 3.50719116e+02, 5.33263028e-01,
       1.07771436e+03, 3.97828522e+02, 5.43298781e-01, 1.30428625e+03,
       4.15471924e+02, 7.06131399e-01, 1.51920911e+03, 4.36128387e+02,
       5.84454894e-01, 1.08651978e+03, 2.97725250e+02, 5.23089707e-01,
       1.28677429e+03, 2.94761261e+02, 6.72146499e-01, 1.55748450e+03,
       2.91803070e+02, 5.75469196e-01, 6.68661133e+02, 3.65369110e+02,
       8.07892323e-01, 6.71610291e+02, 3.27196320e+02, 8.18177760e-01,
       6.92149536e+02, 3.86103943e+02, 2.21790880e-01, 6.98012451e+02,
       2.94864899e+02, 6.18764818e-01, 1.63409473e+03, 2.71367737e+02,
       5.47282100e-01, 1.63387146e+03, 2.68324036e+02, 5.75015008e-01,
       1.58395618e+03, 2.94834595e+02, 2.00734854e-01, 1.61037061e+03,
       4.36126251e+02, 5.47109962e-01, 1.59284485e+03, 4.50776886e+02,
       4.52699959e-01, 1.54286462e+03, 4.30203400e+02, 3.08267385e-01 ]
