%YAML:1.0
---
pose_0: !!opencv-matrix
   rows: 1
   cols: 25
   dt: "3f"
   data: [ 8.09926270e+02, 5.00790527e+02, 6.48745745e-02,
       8.30484314e+02, 4.36090729e+02, 3.18734080e-01, 8.27529724e+02,
       4.39049194e+02, 2.37963274e-01, 9.77712463e+02, 4.89066010e+02,
       1.65331051e-01, 0., 0., 0., 8.30411926e+02, 4.38997711e+02,
       5.17488003e-01, 9.51231445e+02, 4.12445801e+02, 7.74301708e-01,
       1.12184863e+03, 4.39082550e+02, 7.02467263e-01, 1.09834473e+03,
       4.71399719e+02, 1.86235487e-01, 1.10423083e+03, 4.83250427e+02,
       1.65326387e-01, 1.32779163e+03, 4.83315308e+02, 4.44080353e-01,
       1.55453308e+03, 4.12611725e+02, 3.78302217e-01, 1.08947681e+03,
       4.24342590e+02, 1.84112400e-01, 1.32796863e+03, 4.94918488e+02,
       5.43401122e-01, 1.56925391e+03, 4.27278290e+02, 3.48101199e-01,
       8.06998230e+02, 4.97922028e+02, 6.34844303e-02, 7.89344910e+02,
       4.94942505e+02, 1.04690112e-01, 0., 0., 0., 7.71648682e+02,
       4.65531952e+02, 2.32557386e-01, 1.65750842e+03, 4.62563934e+02,
       5.14312722e-02, 1.65171094e+03, 4.56687805e+02, 5.34523726e-02,
       1.59573096e+03, 4.15526184e+02, 1.67343989e-01, 1.62807068e+03,
       3.65405975e+02, 2.56075025e-01, 0., 0., 0., 1.58393213e+03,
       3.83141205e+02, 1.33188114e-01 ]
