%YAML:1.0
---
pose_0: !!opencv-matrix
   rows: 1
   cols: 25
   dt: "3f"
   data: [ 6.50927734e+02, 4.83110138e+02, 6.74455464e-01,
       7.86334900e+02, 4.53779022e+02, 6.40350401e-01, 8.09985413e+02,
       5.68475708e+02, 5.64992607e-01, 9.62970459e+02, 6.03869690e+02,
       5.29773533e-01, 1.11897839e+03, 6.71644775e+02, 4.41286325e-01,
       7.71606689e+02, 3.62580444e+02, 6.39294684e-01, 9.04093079e+02,
       2.91969391e+02, 7.03902245e-01, 1.02467664e+03, 1.97735443e+02,
       7.73383737e-01, 1.11007629e+03, 5.00826263e+02, 5.33093750e-01,
       1.08953772e+03, 5.53895752e+02, 5.39669156e-01, 1.31612097e+03,
       6.53920837e+02, 7.01141417e-01, 1.60454675e+03, 6.62736938e+02,
       5.31579256e-01, 1.12192017e+03, 4.33242035e+02, 4.83654588e-01,
       1.37793762e+03, 4.71390839e+02, 6.57801509e-01, 1.63102527e+03,
       4.62640930e+02, 5.33193886e-01, 6.33324524e+02, 4.97870972e+02,
       6.00588620e-01, 6.30362061e+02, 4.65511658e+02, 5.71332455e-01,
       6.62677368e+02, 5.03855713e+02, 1.62698418e-01, 6.48015747e+02,
       4.33171448e+02, 3.92334789e-01, 1.72813831e+03, 4.15487183e+02,
       3.64667267e-01, 1.72230542e+03, 4.15544586e+02, 3.75580043e-01,
       1.65164880e+03, 4.80250275e+02, 2.38547966e-01, 1.67520544e+03,
       6.18541077e+02, 2.32675582e-01, 1.66047107e+03, 6.27420105e+02,
       1.58371985e-01, 1.63692554e+03, 6.45116028e+02, 2.78592467e-01 ]
