%YAML:1.0
---
pose_0: !!opencv-matrix
   rows: 1
   cols: 25
   dt: "3f"
   data: [ 7.12700928e+02, 3.15498077e+02, 8.38581324e-01,
       8.09814209e+02, 2.41763214e+02, 7.06564665e-01, 8.09829102e+02,
       3.15408661e+02, 6.71268344e-01, 9.07024841e+02, 4.36229950e+02,
       7.60727882e-01, 9.80703491e+02, 5.53739868e+02, 7.20782518e-01,
       8.09841248e+02, 1.68206894e+02, 5.02828300e-01, 9.86485291e+02,
       8.59111710e+01, 6.51162207e-01, 1.09550806e+03, 8.58537521e+01,
       7.90425241e-01, 1.09235742e+03, 2.88912903e+02, 5.68524480e-01,
       1.07476501e+03, 3.38888672e+02, 5.61656356e-01, 1.29259473e+03,
       3.74303192e+02, 5.76313734e-01, 1.46624084e+03, 4.12574432e+02,
       1.73593327e-01, 1.10718518e+03, 2.27190964e+02, 5.16000867e-01,
       1.31318567e+03, 1.97588669e+02, 3.13931286e-01, 1.57511462e+03,
       1.12363129e+02, 2.98479885e-01, 6.95112183e+02, 3.18515045e+02,
       4.45751965e-01, 6.95232910e+02, 3.00679443e+02, 7.63816297e-01,
       0., 0., 0., 7.09817383e+02, 2.44842056e+02, 6.40959203e-01, 0.,
       0., 0., 0., 0., 0., 1.58101990e+03, 1.03462181e+02,
       1.96226746e-01, 0., 0., 0., 0., 0., 0., 1.49860986e+03,
       4.15527039e+02, 1.22906834e-01 ]
