%YAML:1.0
---
pose_0: !!opencv-matrix
   rows: 1
   cols: 25
   dt: "3f"
   data: [ 7.42142883e+02, 4.68487244e+02, 8.59513760e-01,
       8.59912170e+02, 4.62651611e+02, 7.68388569e-01, 8.65800659e+02,
       5.47994263e+02, 6.67360902e-01, 9.77786377e+02, 6.09780579e+02,
       8.19187284e-01, 8.65862000e+02, 5.80417236e+02, 7.99432397e-01,
       8.62944885e+02, 3.83092010e+02, 6.97739780e-01, 9.74654785e+02,
       3.47778839e+02, 7.65723944e-01, 1.05424170e+03, 3.39010468e+02,
       8.14533472e-01, 1.13367053e+03, 4.91979126e+02, 5.33526957e-01,
       1.12484143e+03, 5.36129028e+02, 5.38301885e-01, 1.32795789e+03,
       5.50948792e+02, 6.71403348e-01, 1.49262842e+03, 5.68559753e+02,
       6.45157933e-01, 1.13071875e+03, 4.36164185e+02, 5.31705737e-01,
       1.33678625e+03, 4.56653229e+02, 7.41602480e-01, 1.56329968e+03,
       4.59551086e+02, 6.50518060e-01, 7.24509094e+02, 4.83293396e+02,
       8.04913521e-01, 7.33354980e+02, 4.50856873e+02, 8.28022063e-01,
       7.42363159e+02, 5.03880310e+02, 3.36037934e-01, 7.59874329e+02,
       4.18411346e+02, 6.01247489e-01, 1.61935767e+03, 4.36156433e+02,
       3.98586422e-01, 1.61336987e+03, 4.33160095e+02, 4.50396299e-01,
       1.58695691e+03, 4.59603271e+02, 3.12969863e-01, 1.49566589e+03,
       6.48098999e+02, 3.00978124e-01, 1.48391748e+03, 6.42116028e+02,
       2.68955559e-01, 1.51336133e+03, 5.53832153e+02, 4.19898123e-01 ]
