%YAML:1.0
---
pose_0: !!opencv-matrix
   rows: 1
   cols: 25
   dt: "3f"
   data: [ 7.39321716e+02, 5.36239258e+02, 7.36737311e-01,
       8.12906555e+02, 4.59658051e+02, 6.08411670e-01, 8.15748657e+02,
       4.44894348e+02, 4.34777021e-01, 0., 0., 0., 0., 0., 0.,
       8.09973206e+02, 4.80346832e+02, 7.67401218e-01, 9.54206055e+02,
       5.06638855e+02, 8.88572693e-01, 1.00412134e+03, 6.12676025e+02,
       7.26795256e-01, 1.08950684e+03, 4.30167786e+02, 3.59561056e-01,
       1.08066492e+03, 4.03701935e+02, 2.92633027e-01, 1.34558276e+03,
       5.03808624e+02, 6.45810008e-01, 1.42506494e+03, 4.44918640e+02,
       2.85318166e-01, 1.10422229e+03, 4.53719269e+02, 2.79923141e-01,
       1.34259558e+03, 5.39136658e+02, 6.10971093e-01, 1.61638635e+03,
       4.33095459e+02, 4.03923124e-01, 0., 0., 0., 7.30453125e+02,
       5.24408508e+02, 7.24678516e-01, 0., 0., 0., 7.42244263e+02,
       4.83212067e+02, 6.87409878e-01, 1.67807788e+03, 3.83029907e+02,
       3.54723722e-01, 1.67519824e+03, 3.83083496e+02, 3.25589210e-01,
       1.64872375e+03, 4.24295837e+02, 2.06766516e-01, 1.44860986e+03,
       4.83358795e+02, 6.22914620e-02, 0., 0., 0., 1.42799561e+03,
       4.33001862e+02, 1.63869336e-01 ]
