%YAML:1.0
---
pose_0: !!opencv-matrix
   rows: 1
   cols: 25
   dt: "3f"
   data: [ 7.42301758e+02, 3.91969574e+02, 8.50059986e-01,
       8.56926697e+02, 3.88899750e+02, 7.64857292e-01, 8.56858887e+02,
       4.56667664e+02, 6.77471399e-01, 9.65923279e+02, 4.89127930e+02,
       7.22182870e-01, 9.62908752e+02, 5.50942200e+02, 8.38125944e-01,
       8.59851746e+02, 3.18304321e+02, 6.48580849e-01, 1.00130908e+03,
       2.71182587e+02, 8.03450286e-01, 1.12189429e+03, 2.38952026e+02,
       7.94067025e-01, 1.10425452e+03, 4.09544006e+02, 5.56601107e-01,
       1.09830713e+03, 4.56671692e+02, 6.02248251e-01, 1.32787451e+03,
       5.18535400e+02, 6.79836690e-01, 1.53683960e+03, 5.68493652e+02,
       6.17689431e-01, 1.11007458e+03, 3.53709808e+02, 5.08327723e-01,
       1.35733215e+03, 3.50743652e+02, 3.85143638e-01, 1.54576184e+03,
       3.18404022e+02, 4.70261395e-01, 7.33350281e+02, 4.09534485e+02,
       8.03856909e-01, 7.36289490e+02, 3.71420319e+02, 7.99033821e-01,
       7.48120972e+02, 4.30100555e+02, 3.40136617e-01, 7.59802551e+02,
       3.42060364e+02, 6.45714402e-01, 1.63695642e+03, 2.71249573e+02,
       4.46934223e-01, 1.63392969e+03, 2.71220490e+02, 4.24745172e-01,
       1.58102466e+03, 3.18302338e+02, 2.46197537e-01, 1.60460535e+03,
       5.95006165e+02, 3.92651796e-01, 1.60164783e+03, 5.97875305e+02,
       3.89732569e-01, 1.56629614e+03, 5.47957886e+02, 3.83524179e-01 ]
