%YAML:1.0
---
pose_0: !!opencv-matrix
   rows: 1
   cols: 25
   dt: "3f"
   data: [ 6.27530823e+02, 5.00777802e+02, 8.02693129e-01,
       7.68715576e+02, 4.33121155e+02, 6.51292145e-01, 7.68723755e+02,
       5.18530151e+02, 5.56999564e-01, 9.27644226e+02, 5.74417786e+02,
       6.53126001e-01, 1.06887537e+03, 6.42075867e+02, 7.97582328e-01,
       7.65789917e+02, 3.42023956e+02, 5.34526885e-01, 9.24616455e+02,
       3.00681732e+02, 7.07185924e-01, 1.08945605e+03, 2.62440002e+02,
       7.22320139e-01, 1.08948413e+03, 4.83185211e+02, 5.42013049e-01,
       1.07771069e+03, 5.42036072e+02, 5.36083698e-01, 1.31026160e+03,
       5.56755920e+02, 6.95520461e-01, 1.61927563e+03, 5.80399658e+02,
       3.54437083e-01, 1.09536658e+03, 4.18487671e+02, 4.85434055e-01,
       1.35145813e+03, 4.30258026e+02, 5.44639349e-01, 1.63691821e+03,
       4.33064209e+02, 4.45045173e-01, 6.21385010e+02, 4.97962494e+02,
       6.67640746e-01, 6.24475403e+02, 4.80184082e+02, 8.24950397e-01,
       0., 0., 0., 6.36230286e+02, 4.30144989e+02, 5.25645792e-01,
       1.72825012e+03, 4.36061066e+02, 1.02476016e-01, 0., 0., 0.,
       1.71347522e+03, 4.74329956e+02, 8.43237638e-02, 1.70760938e+03,
       6.45067566e+02, 2.52797306e-01, 1.70756970e+03, 6.42086975e+02,
       2.70245105e-01, 1.66347668e+03, 5.68579163e+02, 2.61392772e-01 ]
