%YAML:1.0
---
pose_0: !!opencv-matrix
   rows: 2
   cols: 25
   dt: "3f"
   data: [ 7.24554688e+02, 3.15440948e+02, 7.94695616e-01,
       7.89222656e+02, 2.41883316e+02, 4.56419706e-01, 8.12878723e+02,
       2.94813751e+02, 2.79959530e-01, 9.54216370e+02, 3.24247406e+02,
       6.03514314e-01, 9.54195557e+02, 5.00775909e+02, 8.13788652e-01,
       7.59896118e+02, 1.74139282e+02, 4.50955808e-01, 7.51019653e+02,
       1.27037140e+02, 1.14187412e-01, 0., 0., 0., 1.13657544e+03,
       2.71307617e+02, 1.24082670e-01, 1.14836743e+03, 3.06555389e+02,
       1.16767518e-01, 1.32793274e+03, 3.41883606e+02, 1.97953463e-01,
       1.54277551e+03, 2.44721695e+02, 1.64874822e-01, 0., 0., 0., 0.,
       0., 0., 0., 0., 0., 7.12781189e+02, 3.18323761e+02,
       3.88690770e-01, 7.15621887e+02, 2.94874725e+02, 7.76074231e-01,
       0., 0., 0., 7.18616333e+02, 2.47644424e+02, 5.29962122e-01, 0.,
       0., 0., 0., 0., 0., 0., 0., 0., 0., 0., 0., 0., 0., 0.,
       1.56039526e+03, 2.35970917e+02, 1.51860207e-01, 0., 0., 0., 0.,
       0., 0., 0., 0., 0., 0., 0., 0., 0., 0., 0., 0., 0., 0., 0., 0.,
       0., 0., 0., 0., 1.06007654e+03, 2.27166000e+02, 1.72897711e-01,
       1.06004236e+03, 2.03578217e+02, 1.36927053e-01, 1.19844189e+03,
       1.97663712e+02, 1.01185739e-01, 1.42496960e+03, 2.03673660e+02,
       9.45820585e-02, 1.09245703e+03, 2.47744461e+02, 1.72107190e-01,
       1.20135132e+03, 2.12419968e+02, 2.12993979e-01, 1.41623901e+03,
       2.06589554e+02, 2.04850182e-01, 0., 0., 0., 0., 0., 0., 0., 0.,
       0., 0., 0., 0., 0., 0., 0., 0., 0., 0., 1.44562061e+03,
       2.21274643e+02, 8.68005008e-02, 0., 0., 0., 0., 0., 0., 0., 0.,
       0. ]
