%YAML:1.0
---
pose_0: !!opencv-matrix
   rows: 1
   cols: 25
   dt: "3f"
   data: [ 0., 0., 0., 6.15649658e+02, 5.68529419e+02, 1.17187984e-01,
       6.48007568e+02, 6.24441223e+02, 8.96313936e-02, 6.00888855e+02,
       7.06915161e+02, 4.11099255e-01, 3.65418427e+02, 6.53889221e+02,
       5.05309105e-01, 6.15662842e+02, 5.50902527e+02, 5.78819811e-02,
       0., 0., 0., 0., 0., 0., 9.71758972e+02, 5.42083557e+02,
       2.83275574e-01, 9.57043091e+02, 6.03862061e+02, 2.22721189e-01,
       1.32495471e+03, 6.33266724e+02, 8.07883367e-02, 1.77829358e+03,
       6.68518250e+02, 2.75201648e-01, 9.65899780e+02, 4.80320648e+02,
       2.88953125e-01, 1.29256665e+03, 4.74333130e+02, 1.93799615e-01,
       1.71936450e+03, 4.62653992e+02, 3.68557513e-01, 0., 0., 0., 0.,
       0., 0., 0., 0., 0., 0., 0., 0., 1.84894910e+03, 4.59590515e+02,
       1.50761560e-01, 1.85183167e+03, 4.56758057e+02, 1.72395647e-01,
       1.72230017e+03, 4.65523224e+02, 1.34684280e-01, 0., 0., 0., 0.,
       0., 0., 1.79881702e+03, 6.59761475e+02, 1.65730774e-01 ]
