%YAML:1.0
---
pose_0: !!opencv-matrix
   rows: 1
   cols: 25
   dt: "3f"
   data: [ 7.42267395e+02, 4.39097076e+02, 8.29265654e-01,
       8.42325745e+02, 4.15461243e+02, 6.57132030e-01, 8.36394348e+02,
       4.80172394e+02, 5.16312659e-01, 9.74762756e+02, 5.62607788e+02,
       2.32948691e-01, 9.77721069e+02, 5.56793152e+02, 2.44668186e-01,
       8.59840942e+02, 3.38952667e+02, 5.98474622e-01, 9.74779358e+02,
       3.15491852e+02, 6.79201603e-01, 1.07176587e+03, 3.18261993e+02,
       8.30317855e-01, 1.14837024e+03, 4.56674530e+02, 5.18652976e-01,
       1.13958301e+03, 5.03854034e+02, 4.99350309e-01, 1.21609229e+03,
       5.47909912e+02, 1.09173149e-01, 0., 0., 0., 1.16010303e+03,
       4.06578888e+02, 5.14972746e-01, 1.36323889e+03, 4.36060181e+02,
       3.87303591e-01, 1.58988647e+03, 4.12542633e+02, 3.68978918e-01,
       7.27496765e+02, 4.53786957e+02, 7.74183691e-01, 7.36205078e+02,
       4.15581787e+02, 7.81591177e-01, 7.45198914e+02, 4.68493958e+02,
       6.30365163e-02, 7.62692871e+02, 3.85977875e+02, 6.26237035e-01,
       1.65462427e+03, 3.65489532e+02, 1.77304000e-01, 1.65170178e+03,
       3.65530518e+02, 1.98193684e-01, 1.63403320e+03, 4.27290588e+02,
       1.54638141e-01, 0., 0., 0., 0., 0., 0., 0., 0., 0. ]
