%YAML:1.0
---
pose_0: !!opencv-matrix
   rows: 1
   cols: 25
   dt: "3f"
   data: [ 6.92185059e+02, 5.30407410e+02, 7.41013110e-01,
       7.65780640e+02, 4.59733917e+02, 4.31282043e-01, 7.62787354e+02,
       4.41979553e+02, 2.81875253e-01, 0., 0., 0., 0., 0., 0.,
       7.80423279e+02, 4.80191895e+02, 3.76330197e-01, 9.06940979e+02,
       5.03880615e+02, 4.64396566e-01, 1.04525049e+03, 5.95044739e+02,
       3.36271584e-01, 1.08363110e+03, 4.36135529e+02, 2.42827266e-01,
       0., 0., 0., 0., 0., 0., 0., 0., 0., 1.08950842e+03,
       4.27280273e+02, 2.25652069e-01, 1.37196924e+03, 4.94993469e+02,
       5.00513136e-01, 1.63397961e+03, 4.15585449e+02, 2.83013940e-01,
       0., 0., 0., 6.74599182e+02, 5.09784637e+02, 6.84444785e-01, 0.,
       0., 0., 6.95010254e+02, 4.71434265e+02, 5.69962680e-01,
       1.71049146e+03, 3.59574493e+02, 1.61467671e-01, 1.71935901e+03,
       3.62593536e+02, 1.13887347e-01, 1.67519885e+03, 4.44916748e+02,
       1.18078873e-01, 0., 0., 0., 0., 0., 0., 0., 0., 0. ]
