%YAML:1.0
---
pose_0: !!opencv-matrix
   rows: 1
   cols: 25
   dt: "3f"
   data: [ 7.48063232e+02, 3.94840881e+02, 8.46836567e-01,
       8.60021912e+02, 4.03706024e+02, 7.11876333e-01, 8.56908997e+02,
       4.77226013e+02, 6.30989909e-01, 9.71817993e+02, 5.09691772e+02,
       6.06936038e-01, 1.05423340e+03, 5.71464966e+02, 7.85722435e-01,
       8.80488403e+02, 3.27165955e+02, 6.56519949e-01, 1.03360144e+03,
       2.88971375e+02, 7.27386594e-01, 1.15426843e+03, 2.41893005e+02,
       7.89482057e-01, 1.13654858e+03, 3.91916656e+02, 5.65088153e-01,
       1.12778564e+03, 4.39067413e+02, 5.92348635e-01, 1.34560522e+03,
       5.03906494e+02, 7.65480101e-01, 1.54275623e+03, 5.65569336e+02,
       6.45937741e-01, 1.13657056e+03, 3.39038269e+02, 5.52585244e-01,
       1.35437988e+03, 3.21358215e+02, 5.07260203e-01, 1.57220618e+03,
       2.97795380e+02, 6.62436128e-01, 7.36234741e+02, 4.09684143e+02,
       8.55145335e-01, 7.39364990e+02, 3.80125275e+02, 8.74342680e-01,
       7.45224854e+02, 4.35969910e+02, 4.90347534e-01, 7.65812927e+02,
       3.56609406e+02, 5.55678546e-01, 1.64289978e+03, 2.88968475e+02,
       4.99238521e-01, 1.63706482e+03, 2.83005219e+02, 5.12767076e-01,
       1.60162036e+03, 2.94885071e+02, 2.67532110e-01, 1.61036609e+03,
       6.03863037e+02, 5.44670403e-01, 1.60748853e+03, 6.01031494e+02,
       5.38374901e-01, 1.57223889e+03, 5.50816528e+02, 4.51298058e-01 ]
