%YAML:1.0
---
pose_0: !!opencv-matrix
   rows: 1
   cols: 25
   dt: "3f"
   data: [ 4.83207947e+02, 5.27428284e+02, 6.06117606e-01,
       6.15594910e+02, 5.21409241e+02, 3.63984495e-01, 6.03889832e+02,
       5.77336365e+02, 2.88907975e-01, 7.15684998e+02, 6.80425781e+02,
       6.75537646e-01, 5.03874329e+02, 6.01025818e+02, 6.68662250e-01,
       6.03921265e+02, 4.53757996e+02, 2.56548226e-01, 6.83300964e+02,
       3.65449005e+02, 5.60162723e-01, 4.62567596e+02, 3.91986725e+02,
       3.65878224e-01, 1.00123004e+03, 4.80277832e+02, 4.40002799e-01,
       9.95245667e+02, 5.44975952e+02, 4.84790415e-01, 1.01878674e+03,
       6.44943726e+02, 4.94101018e-01, 1.31905554e+03, 6.27378967e+02,
       5.31811379e-02, 1.00115521e+03, 4.18489532e+02, 3.81825268e-01,
       1.31316772e+03, 4.33154907e+02, 3.28840852e-01, 1.53981750e+03,
       4.30242828e+02, 1.11680567e-01, 4.36188904e+02, 5.39088562e+02,
       5.18952787e-01, 4.65507690e+02, 4.83217316e+02, 4.05312121e-01,
       4.47881744e+02, 5.74413696e+02, 6.50807843e-02, 5.27359680e+02,
       4.53799683e+02, 3.24195266e-01, 0., 0., 0., 0., 0., 0.,
       1.54866162e+03, 4.44929779e+02, 7.84758553e-02, 0., 0., 0., 0.,
       0., 0., 0., 0., 0. ]
