%YAML:1.0
---
pose_0: !!opencv-matrix
   rows: 1
   cols: 25
   dt: "3f"
   data: [ 6.80400452e+02, 5.00862518e+02, 8.14473212e-01,
       8.12848511e+02, 5.21493225e+02, 7.15999782e-01, 8.15857422e+02,
       6.15612793e+02, 6.72407329e-01, 9.54175598e+02, 6.59801758e+02,
       7.37280905e-01, 1.07187024e+03, 6.45134033e+02, 8.47949088e-01,
       8.12840088e+02, 4.36189972e+02, 6.11573756e-01, 9.98255310e+02,
       4.09586670e+02, 7.29562879e-01, 1.15131177e+03, 3.77228729e+02,
       6.34778559e-01, 1.09534387e+03, 5.39141174e+02, 5.78260422e-01,
       1.07478149e+03, 5.92139282e+02, 5.73647916e-01, 1.30740063e+03,
       5.97859985e+02, 5.62215507e-01, 1.57219995e+03, 6.03849121e+02,
       5.20142794e-01, 1.10422363e+03, 4.83116364e+02, 5.50057173e-01,
       1.29846045e+03, 4.80365204e+02, 5.93391180e-01, 1.61049878e+03,
       4.68494995e+02, 6.02499545e-01, 6.68548950e+02, 5.09810272e+02,
       8.22248638e-01, 6.71489929e+02, 4.80268768e+02, 8.97988439e-01,
       6.89176453e+02, 5.39088196e+02, 4.89001960e-01, 6.95235596e+02,
       4.56732819e+02, 5.71441293e-01, 1.71054883e+03, 4.15504395e+02,
       5.47740996e-01, 1.70765686e+03, 4.15477356e+02, 4.53889012e-01,
       1.62227417e+03, 4.86093689e+02, 3.17973524e-01, 1.65750769e+03,
       5.74489441e+02, 4.28519636e-01, 1.64287805e+03, 5.86216797e+02,
       3.26115787e-01, 1.59280371e+03, 6.00948975e+02, 2.67220825e-01 ]
