%YAML:1.0
---
pose_0: !!opencv-matrix
   rows: 1
   cols: 25
   dt: "3f"
   data: [ 7.24568298e+02, 4.50800110e+02, 8.29875827e-01,
       8.33501404e+02, 4.83174927e+02, 6.40422642e-01, 8.45261597e+02,
       5.89135925e+02, 4.70235705e-01, 9.36478638e+02, 6.21557800e+02,
       1.53021216e-01, 0., 0., 0., 8.21641479e+02, 4.09639099e+02,
       6.44866049e-01, 9.54212341e+02, 3.62384430e+02, 7.55664825e-01,
       9.77556335e+02, 2.91899506e+02, 8.48140240e-01, 1.10127100e+03,
       4.59680847e+02, 5.69467545e-01, 1.09540332e+03, 5.06831116e+02,
       5.95182598e-01, 1.28382385e+03, 5.53770874e+02, 4.84266043e-01,
       1.49565393e+03, 5.59739502e+02, 4.47386146e-01, 1.10712659e+03,
       4.09573120e+02, 5.29585242e-01, 1.34552490e+03, 4.09695770e+02,
       6.19567990e-01, 1.56926526e+03, 4.36216248e+02, 5.94337940e-01,
       7.09772583e+02, 4.59651672e+02, 8.80559266e-01, 7.18784851e+02,
       4.30157990e+02, 8.70040655e-01, 7.15816956e+02, 4.97871368e+02,
       6.41881764e-01, 7.51034912e+02, 4.12453491e+02, 4.89269406e-01,
       1.64282361e+03, 4.12526550e+02, 3.74907315e-01, 1.63697961e+03,
       4.09611420e+02, 4.03837860e-01, 1.59572778e+03, 4.44960541e+02,
       2.22472996e-01, 1.49575134e+03, 6.44944641e+02, 5.18766195e-02,
       0., 0., 0., 1.52509131e+03, 5.47947815e+02, 2.82120705e-01 ]
