%YAML:1.0
---
pose_0: !!opencv-matrix
   rows: 1
   cols: 25
   dt: "3f"
   data: [ 8.03961304e+02, 3.50784698e+02, 7.38855362e-01,
       9.06949585e+02, 3.71321442e+02, 6.88962400e-01, 8.83427368e+02,
       4.39077698e+02, 5.84743321e-01, 7.56908081e+02, 4.68533569e+02,
       6.74782515e-01, 6.03847778e+02, 4.59682526e+02, 5.45316756e-01,
       9.27597229e+02, 3.09579895e+02, 5.47672749e-01, 1.09538562e+03,
       2.71418396e+02, 3.45182419e-01, 1.22781628e+03, 2.68389343e+02,
       2.57925898e-01, 1.18075049e+03, 3.86025940e+02, 5.03710270e-01,
       1.16903455e+03, 4.36185333e+02, 5.10363877e-01, 1.37501025e+03,
       5.42064087e+02, 6.36843801e-01, 1.52513342e+03, 6.68677673e+02,
       5.81530094e-01, 1.18072351e+03, 3.21344696e+02, 4.65133816e-01,
       1.25729993e+03, 2.71288513e+02, 3.30380052e-01, 1.56634106e+03,
       1.26944351e+02, 2.75518984e-01, 7.86279846e+02, 3.71313568e+02,
       8.09077859e-01, 7.86443359e+02, 3.38840210e+02, 8.22796643e-01,
       8.04042236e+02, 4.06704376e+02, 5.45824170e-01, 8.15827698e+02,
       3.15417694e+02, 4.40617979e-01, 1.63399683e+03, 8.88050156e+01,
       1.04187086e-01, 1.63396277e+03, 8.58914337e+01, 1.09109692e-01,
       1.58985791e+03, 1.06411049e+02, 1.92318201e-01, 1.61032874e+03,
       6.77407288e+02, 6.02964103e-01, 1.58988721e+03, 6.92184265e+02,
       5.31069636e-01, 1.53687366e+03, 6.92222656e+02, 3.79590273e-01 ]
