%YAML:1.0
---
pose_0: !!opencv-matrix
   rows: 1
   cols: 25
   dt: "3f"
   data: [ 7.56864563e+02, 4.09716431e+02, 8.89285088e-01,
       8.71650208e+02, 4.33111237e+02, 7.14076638e-01, 8.83408142e+02,
       5.24293701e+02, 6.37249470e-01, 1.00708887e+03, 5.74442017e+02,
       8.14106405e-01, 1.09530261e+03, 6.21509216e+02, 8.68801475e-01,
       8.71666199e+02, 3.39026978e+02, 6.92978740e-01, 9.71687561e+02,
       2.44902618e+02, 8.64821076e-01, 1.09835400e+03, 2.44706268e+02,
       7.32515395e-01, 1.13949475e+03, 4.03750610e+02, 5.69045067e-01,
       1.14246033e+03, 4.50844421e+02, 5.83438754e-01, 1.33670020e+03,
       4.92067841e+02, 7.26366699e-01, 1.54570471e+03, 5.77361023e+02,
       6.54044151e-01, 1.13365942e+03, 3.47798340e+02, 5.43096662e-01,
       1.33080652e+03, 3.35950317e+02, 4.87899005e-01, 1.57517871e+03,
       3.15466309e+02, 6.07596338e-01, 7.39288635e+02, 4.27314178e+02,
       8.45259905e-01, 7.42344727e+02, 3.89117523e+02, 8.57408702e-01,
       7.51047913e+02, 4.56735291e+02, 5.99469721e-01, 7.71644714e+02,
       3.68436737e+02, 4.49405402e-01, 1.64002551e+03, 2.88934875e+02,
       4.61199880e-01, 1.63699316e+03, 2.85955963e+02, 4.98763204e-01,
       1.61633899e+03, 3.15492004e+02, 2.56827593e-01, 1.61050146e+03,
       5.80333130e+02, 4.23234463e-01, 1.61039124e+03, 5.95059387e+02,
       4.70125228e-01, 1.57217883e+03, 5.77358704e+02, 3.69225115e-01 ]
