%YAML:1.0
---
pose_0: !!opencv-matrix
   rows: 1
   cols: 25
   dt: "3f"
   data: [ 7.33310303e+02, 4.27218170e+02, 8.04260135e-01,
       8.56974670e+02, 4.39078400e+02, 7.18798101e-01, 8.62834473e+02,
       5.24356567e+02, 7.28739321e-01, 9.86512512e+02, 5.71447876e+02,
       7.92171955e-01, 1.07173792e+03, 6.27408081e+02, 8.85719478e-01,
       8.53973206e+02, 3.59597321e+02, 6.42314255e-01, 9.98147461e+02,
       3.21357178e+02, 8.22771192e-01, 1.07474792e+03, 3.86057404e+02,
       7.09451377e-01, 1.11891650e+03, 4.65509674e+02, 5.84557295e-01,
       1.11301892e+03, 5.12677002e+02, 5.53882360e-01, 1.33077795e+03,
       5.42030640e+02, 7.11020172e-01, 1.53098792e+03, 5.89162476e+02,
       6.13575280e-01, 1.12480432e+03, 4.12515228e+02, 6.03733778e-01,
       1.35440222e+03, 3.62586090e+02, 5.87045789e-01, 1.56924268e+03,
       3.15467712e+02, 5.44759393e-01, 7.18618958e+02, 4.39091858e+02,
       8.14678729e-01, 7.18684692e+02, 4.09650543e+02, 8.73437166e-01,
       7.39278442e+02, 4.62637482e+02, 4.83342499e-01, 7.42242981e+02,
       3.89023560e+02, 5.32526433e-01, 1.64001233e+03, 2.71382355e+02,
       4.83374178e-01, 1.63696997e+03, 2.71370880e+02, 4.87111926e-01,
       1.61338965e+03, 3.15469055e+02, 2.21961737e-01, 1.61052258e+03,
       5.83276367e+02, 5.56334257e-01, 1.59580884e+03, 5.98022217e+02,
       5.10811210e-01, 1.55749243e+03, 5.86208130e+02, 2.44345918e-01 ]
