%YAML:1.0
---
pose_0: !!opencv-matrix
   rows: 1
   cols: 25
   dt: "3f"
   data: [ 5.62644714e+02, 4.53710602e+02, 4.82527137e-01,
       7.09839905e+02, 5.33247009e+02, 4.47451234e-01, 6.95166992e+02,
       6.50953674e+02, 2.46935964e-01, 7.86430115e+02, 8.18688843e+02,
       2.83794880e-01, 8.27540649e+02, 9.83593933e+02, 6.63137957e-02,
       7.12772583e+02, 4.33109833e+02, 5.14106095e-01, 8.09786377e+02,
       4.77283936e+02, 5.92689157e-01, 7.18588379e+02, 6.45097046e+02,
       4.30194378e-01, 1.07479834e+03, 5.12608459e+02, 2.20670864e-01,
       1.08950989e+03, 5.95009399e+02, 2.16663092e-01, 1.37800586e+03,
       5.74439331e+02, 2.88383871e-01, 1.71639124e+03, 5.97857788e+02,
       3.85314465e-01, 1.07183777e+03, 4.56658936e+02, 2.69853503e-01,
       1.25726355e+03, 3.68415863e+02, 1.68546438e-01, 1.53981934e+03,
       2.83016571e+02, 1.77890554e-01, 5.30294373e+02, 4.77335236e+02,
       3.97402674e-01, 5.50882935e+02, 4.39072052e+02, 3.06729436e-01,
       5.56814209e+02, 5.74361816e+02, 1.60582781e-01, 5.77290833e+02,
       4.30125793e+02, 7.30007812e-02, 1.53986938e+03, 3.15442474e+02,
       1.12839371e-01, 0., 0., 0., 1.56336365e+03, 2.83029083e+02,
       1.45305008e-01, 1.82527063e+03, 5.80357300e+02, 1.05369754e-01,
       0., 0., 0., 1.73112207e+03, 5.77405212e+02, 1.39768571e-01 ]
