%YAML:1.0
---
pose_0: !!opencv-matrix
   rows: 1
   cols: 25
   dt: "3f"
   data: [ 7.30383789e+02, 4.09469055e+02, 8.01502883e-01,
       8.21649963e+02, 4.59556976e+02, 6.43200815e-01, 8.30494141e+02,
       5.36206116e+02, 5.92416763e-01, 9.62893921e+02, 5.80408081e+02,
       7.29974210e-01, 1.05419446e+03, 5.47988037e+02, 7.76228189e-01,
       8.33493225e+02, 3.83119873e+02, 5.67773819e-01, 9.98302917e+02,
       3.47774078e+02, 8.13016772e-01, 1.11594141e+03, 2.86010223e+02,
       8.25032115e-01, 1.11006238e+03, 4.62567017e+02, 5.90231717e-01,
       1.09545740e+03, 5.06792206e+02, 5.91150999e-01, 1.33094031e+03,
       5.30213806e+02, 8.12330782e-01, 1.56636084e+03, 5.59673767e+02,
       6.07458532e-01, 1.11888513e+03, 4.12554993e+02, 5.68596244e-01,
       1.35731213e+03, 3.92003754e+02, 5.95604837e-01, 1.55452368e+03,
       3.91955048e+02, 6.22828841e-01, 7.15601196e+02, 4.18421143e+02,
       8.21886837e-01, 7.15832703e+02, 3.91917114e+02, 6.08321786e-01,
       7.24500244e+02, 4.56588654e+02, 7.48705745e-01, 0., 0., 0.,
       1.61334241e+03, 3.83054657e+02, 5.59171081e-01, 1.60747900e+03,
       3.71393738e+02, 5.64721823e-01, 1.58691431e+03, 3.91920380e+02,
       3.57768148e-01, 1.64872656e+03, 5.50919556e+02, 3.96678984e-01,
       1.63991479e+03, 5.68571289e+02, 3.63299608e-01, 1.59281970e+03,
       5.53834045e+02, 3.22438896e-01 ]
