%YAML:1.0
---
pose_0: !!opencv-matrix
   rows: 1
   cols: 25
   dt: "3f"
   data: [ 8.06975342e+02, 4.18517670e+02, 8.72532487e-01,
       9.18752319e+02, 4.50828705e+02, 6.38015449e-01, 9.27695007e+02,
       5.27236877e+02, 6.93021476e-01, 1.04835571e+03, 5.62622803e+02,
       7.69283712e-01, 1.05713135e+03, 4.59741821e+02, 6.56242430e-01,
       9.04129761e+02, 3.85953674e+02, 6.70719504e-01, 1.06896777e+03,
       3.00750671e+02, 7.03055441e-01, 1.18959570e+03, 2.50654480e+02,
       8.07032406e-01, 1.18660327e+03, 4.00816010e+02, 5.32213151e-01,
       1.18662219e+03, 4.47904327e+02, 5.61662078e-01, 1.38087170e+03,
       5.09792419e+02, 7.51620829e-01, 1.56043555e+03, 5.68579834e+02,
       6.24858558e-01, 1.17781726e+03, 3.47860229e+02, 5.64683139e-01,
       1.37205615e+03, 3.38826874e+02, 6.00155473e-01, 1.57514331e+03,
       3.03700409e+02, 6.16106868e-01, 7.89291443e+02, 4.33242188e+02,
       8.80541265e-01, 7.98117920e+02, 4.06553833e+02, 8.50799084e-01,
       8.07003052e+02, 4.56832062e+02, 5.86312294e-01, 8.24560608e+02,
       3.83138000e+02, 6.76752627e-01, 1.64573682e+03, 2.65360229e+02,
       4.65041608e-01, 1.63702820e+03, 2.65376770e+02, 4.86384839e-01,
       1.60750720e+03, 3.09491699e+02, 2.80391723e-01, 1.60162610e+03,
       6.18616577e+02, 3.55767727e-01, 0., 0., 0., 1.58986694e+03,
       5.53890076e+02, 4.78663027e-01 ]
