%YAML:1.0
---
pose_0: !!opencv-matrix
   rows: 2
   cols: 25
   dt: "3f"
   data: [ 6.89192139e+02, 5.03718353e+02, 5.28673828e-02,
       7.48058350e+02, 4.83205475e+02, 1.44495070e-01, 0., 0., 0., 0.,
       0., 0., 0., 0., 0., 0., 0., 0., 0., 0., 0., 0., 0., 0.,
       1.07479822e+03, 5.15563965e+02, 3.80595505e-01, 1.05713916e+03,
       5.92100891e+02, 3.31114709e-01, 1.32792834e+03, 7.12816345e+02,
       5.35109639e-01, 1.55744775e+03, 7.56895874e+02, 2.08007932e-01,
       1.08654224e+03, 4.47908905e+02, 3.47265780e-01, 1.36614368e+03,
       4.65588989e+02, 4.73302513e-01, 1.73109448e+03, 4.83290222e+02,
       4.80772913e-01, 0., 0., 0., 0., 0., 0., 0., 0., 0., 0., 0., 0.,
       1.84589270e+03, 4.47856842e+02, 8.98540169e-02, 1.84592212e+03,
       4.53692657e+02, 9.06115621e-02, 1.76349451e+03, 5.06719788e+02,
       1.90422177e-01, 1.58989478e+03, 7.62821533e+02, 5.35081662e-02,
       0., 0., 0., 1.58983911e+03, 7.62781067e+02, 1.34362683e-01,
       5.06833435e+02, 5.06839630e+02, 4.75955844e-01, 5.59701477e+02,
       4.83146057e+02, 7.22488314e-02, 0., 0., 0., 0., 0., 0., 0., 0.,
       0., 7.15752869e+02, 3.62543976e+02, 1.16075233e-01,
       8.86376831e+02, 3.41904083e+02, 7.71669090e-01, 6.98028381e+02,
       3.89093048e+02, 5.71440637e-01, 0., 0., 0., 0., 0., 0., 0., 0.,
       0., 0., 0., 0., 0., 0., 0., 0., 0., 0., 0., 0., 0.,
       4.83254028e+02, 5.30299805e+02, 4.87453431e-01, 4.83132233e+02,
       4.89098297e+02, 3.73139054e-01, 5.03813812e+02, 5.50853943e+02,
       1.26088440e-01, 4.92022064e+02, 4.59610291e+02, 1.63285255e-01,
       0., 0., 0., 0., 0., 0., 0., 0., 0., 0., 0., 0., 0., 0., 0., 0.,
       0., 0. ]
