%YAML:1.0
---
pose_0: !!opencv-matrix
   rows: 1
   cols: 25
   dt: "3f"
   data: [ 7.24593323e+02, 5.30194031e+02, 6.70132697e-01,
       7.89348511e+02, 4.50840240e+02, 4.21554327e-01, 7.95213196e+02,
       4.94926971e+02, 2.75440097e-01, 0., 0., 0., 0., 0., 0.,
       7.92227051e+02, 4.18482635e+02, 5.19530356e-01, 9.12864746e+02,
       3.83096100e+02, 7.67850518e-01, 1.02770862e+03, 4.33155518e+02,
       8.23658943e-01, 1.11307263e+03, 4.74389465e+02, 5.65352798e-01,
       1.10131946e+03, 5.21478821e+02, 5.91576338e-01, 1.31317725e+03,
       5.77286377e+02, 7.82191217e-01, 1.56043713e+03, 5.86209412e+02,
       4.48937654e-01, 1.11887939e+03, 4.15572601e+02, 5.69427967e-01,
       1.34855212e+03, 4.39007324e+02, 6.67328537e-01, 1.58098730e+03,
       4.21431183e+02, 6.13719106e-01, 7.03963379e+02, 5.30254700e+02,
       1.02322705e-01, 7.15687622e+02, 5.21408691e+02, 6.07079566e-01,
       0., 0., 0., 7.24541260e+02, 4.68496429e+02, 5.34389019e-01,
       1.64876953e+03, 3.86035889e+02, 3.91598463e-01, 1.64576355e+03,
       3.86043365e+02, 4.25203383e-01, 1.60459583e+03, 4.15522186e+02,
       2.58521885e-01, 1.64872180e+03, 6.44999634e+02, 1.85344100e-01,
       0., 0., 0., 1.61044775e+03, 5.77309998e+02, 3.12781155e-01 ]
