%YAML:1.0
---
pose_0: !!opencv-matrix
   rows: 1
   cols: 25
   dt: "3f"
   data: [ 7.95150330e+02, 4.86099091e+02, 8.55125070e-01,
       8.80602234e+02, 5.06844818e+02, 7.04819977e-01, 8.80614746e+02,
       5.62704834e+02, 6.43758118e-01, 9.33579956e+02, 5.27403137e+02,
       6.63617432e-01, 9.39393982e+02, 3.65526978e+02, 6.99379563e-01,
       8.65826599e+02, 4.59546722e+02, 5.44244349e-01, 9.24671265e+02,
       4.00793884e+02, 1.96930036e-01, 9.45331116e+02, 3.41908051e+02,
       6.82625845e-02, 1.11300122e+03, 4.56725220e+02, 5.90206563e-01,
       1.11600586e+03, 5.03801758e+02, 6.00862503e-01, 1.32199426e+03,
       5.21383423e+02, 6.63399518e-01, 1.51927710e+03, 5.27433472e+02,
       6.15145802e-01, 1.10717249e+03, 4.09570740e+02, 6.09990537e-01,
       1.24253833e+03, 3.53663940e+02, 6.32096529e-01, 1.39561450e+03,
       3.77202240e+02, 6.18673265e-01, 7.83298462e+02, 5.03788910e+02,
       8.61993551e-01, 7.86427551e+02, 4.74409119e+02, 8.42908978e-01,
       7.92179810e+02, 5.30381653e+02, 6.91768825e-01, 8.09825867e+02,
       4.56795868e+02, 2.72475600e-01, 1.48684961e+03, 3.44841339e+02,
       3.52951795e-01, 1.47508813e+03, 3.41876099e+02, 3.95538092e-01,
       1.40737610e+03, 3.88999176e+02, 3.94829214e-01, 1.59277356e+03,
       5.03738312e+02, 4.36221093e-01, 1.58688220e+03, 5.12647034e+02,
       3.62646103e-01, 1.54275989e+03, 5.27393860e+02, 3.31583887e-01 ]
