%YAML:1.0
---
pose_0: !!opencv-matrix
   rows: 1
   cols: 25
   dt: "3f"
   data: [ 7.65839050e+02, 5.59693420e+02, 7.54794419e-01,
       8.59902710e+02, 5.03736328e+02, 5.82881570e-01, 8.95240723e+02,
       5.97893982e+02, 3.97785008e-01, 1.02187030e+03, 6.45047363e+02,
       3.45094502e-01, 1.12778528e+03, 6.95044495e+02, 3.33521485e-01,
       8.12792542e+02, 4.33114502e+02, 4.36029732e-01, 7.48057190e+02,
       3.41891693e+02, 5.42724371e-01, 6.45142151e+02, 3.41868134e+02,
       7.88837552e-01, 1.13074585e+03, 5.53758850e+02, 5.14651597e-01,
       1.13360803e+03, 6.00930786e+02, 4.95903760e-01, 1.31323010e+03,
       6.59762878e+02, 6.70939267e-01, 1.53681616e+03, 6.92084961e+02,
       6.00103498e-01, 1.13656970e+03, 4.94937683e+02, 5.33589482e-01,
       1.32498755e+03, 4.56637421e+02, 3.22909802e-01, 1.35738025e+03,
       4.36166748e+02, 1.36697263e-01, 7.54036926e+02, 5.68532715e+02,
       1.16892353e-01, 7.59782532e+02, 5.48000061e+02, 7.37606883e-01,
       0., 0., 0., 7.62676819e+02, 5.15530151e+02, 6.22921050e-01, 0.,
       0., 0., 0., 0., 0., 0., 0., 0., 1.59869958e+03, 7.15679382e+02,
       2.17142582e-01, 1.59278467e+03, 7.18576965e+02, 2.70051092e-01,
       1.56341797e+03, 6.77514282e+02, 4.18157041e-01 ]
