%YAML:1.0
---
pose_0: !!opencv-matrix
   rows: 1
   cols: 25
   dt: "3f"
   data: [ 7.42339355e+02, 3.65411102e+02, 8.45719218e-01,
       8.59844727e+02, 3.65494812e+02, 7.64018297e-01, 8.59812012e+02,
       4.44949005e+02, 7.10358143e-01, 9.27481140e+02, 5.50883545e+02,
       8.99466991e-01, 9.04204102e+02, 6.59767212e+02, 7.80738890e-01,
       8.57019958e+02, 2.91829926e+02, 6.08319342e-01, 8.21666260e+02,
       2.18197968e+02, 6.45596147e-01, 7.80466003e+02, 1.71153168e+02,
       7.27134705e-01, 1.11011914e+03, 3.65407318e+02, 5.75358272e-01,
       1.10421179e+03, 4.12532745e+02, 5.72983325e-01, 1.30739063e+03,
       4.33122894e+02, 7.10425735e-01, 1.54271130e+03, 4.53762573e+02,
       6.07826531e-01, 1.11592102e+03, 3.12490845e+02, 5.48211932e-01,
       1.34558130e+03, 2.97773346e+02, 6.18227780e-01, 1.55746423e+03,
       2.85934326e+02, 4.74868476e-01, 7.27508179e+02, 3.77205170e+02,
       7.23568499e-01, 7.36297668e+02, 3.44823456e+02, 7.75041401e-01,
       7.42261963e+02, 4.03692047e+02, 2.96336174e-01, 7.62724243e+02,
       3.21266327e+02, 4.36257690e-01, 1.63690784e+03, 2.59515106e+02,
       5.48521936e-01, 1.63390417e+03, 2.53612411e+02, 5.66387534e-01,
       1.61341223e+03, 2.91850037e+02, 1.99717507e-01, 1.61047131e+03,
       4.68477753e+02, 4.35850829e-01, 0., 0., 0., 1.56926563e+03,
       4.36117401e+02, 3.89550805e-01 ]
