%YAML:1.0
---
pose_0: !!opencv-matrix
   rows: 1
   cols: 25
   dt: "3f"
   data: [ 7.62885254e+02, 5.24379150e+02, 8.45009983e-01,
       8.59994263e+02, 5.36196960e+02, 7.33392119e-01, 8.59808899e+02,
       6.21397522e+02, 7.39852071e-01, 9.83508240e+02, 6.59780518e+02,
       7.36560702e-01, 1.11602710e+03, 7.12652344e+02, 8.25129271e-01,
       8.71708862e+02, 4.62641235e+02, 5.63681304e-01, 9.83560364e+02,
       4.53709778e+02, 1.39451951e-01, 1.03358862e+03, 4.50864563e+02,
       7.63615966e-02, 1.12191138e+03, 5.21450500e+02, 5.72068036e-01,
       1.12481580e+03, 5.71445374e+02, 5.97208619e-01, 1.33077490e+03,
       6.24436523e+02, 7.99857974e-01, 1.56038184e+03, 6.77475647e+02,
       5.99375248e-01, 1.12187109e+03, 4.65558990e+02, 5.54432094e-01,
       1.32794714e+03, 4.59613922e+02, 7.62693584e-01, 1.56926221e+03,
       4.59761261e+02, 5.81296563e-01, 7.45192261e+02, 5.33227417e+02,
       8.08914542e-01, 7.51023621e+02, 5.03781769e+02, 8.26402605e-01,
       7.59908081e+02, 5.59715271e+02, 6.20405376e-01, 7.74618408e+02,
       4.83080109e+02, 6.15197897e-01, 1.65167358e+03, 4.53709717e+02,
       3.59363586e-01, 1.64283716e+03, 4.42003082e+02, 3.90138477e-01,
       1.61341187e+03, 4.77211884e+02, 2.60454476e-01, 1.63106531e+03,
       6.53955139e+02, 5.64063549e-01, 1.61931384e+03, 6.71492004e+02,
       4.80902165e-01, 1.58398767e+03, 6.98006531e+02, 3.00579131e-01 ]
