%YAML:1.0
---
pose_0: !!opencv-matrix
   rows: 1
   cols: 25
   dt: "3f"
   data: [ 7.06873596e+02, 4.56828735e+02, 8.05244207e-01,
       8.27571594e+02, 4.39051941e+02, 5.40893614e-01, 8.36420227e+02,
       5.21415527e+02, 4.76635665e-01, 9.68833496e+02, 5.77325378e+02,
       7.55062759e-01, 1.04526709e+03, 6.50971252e+02, 8.14735115e-01,
       8.24594238e+02, 3.68391541e+02, 3.95368397e-01, 9.83567078e+02,
       2.97821320e+02, 7.19398081e-01, 1.11600671e+03, 2.68421600e+02,
       8.85068297e-01, 1.11306677e+03, 4.80225891e+02, 5.89392364e-01,
       1.09838599e+03, 5.30279053e+02, 5.97318530e-01, 1.30426636e+03,
       5.80386414e+02, 6.62355781e-01, 1.58992395e+03, 6.27379333e+02,
       4.89676714e-01, 1.11898267e+03, 4.18427673e+02, 5.10057092e-01,
       1.36908923e+03, 4.12503601e+02, 5.93179464e-01, 1.60455237e+03,
       4.15575928e+02, 5.28535664e-01, 6.92114990e+02, 4.71452057e+02,
       7.38128960e-01, 6.92188171e+02, 4.36144287e+02, 8.18124056e-01,
       7.12677002e+02, 4.83343018e+02, 1.01169579e-01, 7.15579407e+02,
       4.06644318e+02, 6.15906715e-01, 1.68100732e+03, 4.24294800e+02,
       2.64740855e-01, 1.66349292e+03, 3.94901550e+02, 2.88503975e-01,
       1.63402576e+03, 4.30254333e+02, 2.41082937e-01, 1.67228308e+03,
       5.98013733e+02, 2.10431933e-01, 1.66342358e+03, 6.18608948e+02,
       1.42943189e-01, 1.63397400e+03, 6.24535950e+02, 2.48445138e-01 ]
