%YAML:1.0
---
pose_0: !!opencv-matrix
   rows: 1
   cols: 25
   dt: "3f"
   data: [ 5.27268677e+02, 5.47894958e+02, 7.78429389e-01,
       6.56855469e+02, 5.50979492e+02, 5.14523566e-01, 6.71551331e+02,
       6.27413147e+02, 4.36032981e-01, 7.89234009e+02, 7.42282715e+02,
       8.11308444e-01, 6.00989685e+02, 6.89135864e+02, 6.56174302e-01,
       6.48004028e+02, 4.68522614e+02, 4.53826636e-01, 8.30424072e+02,
       4.27208679e+02, 6.81883574e-01, 6.24550537e+02, 5.06669464e+02,
       6.12160027e-01, 1.05129749e+03, 5.97899231e+02, 4.61507022e-01,
       1.04239612e+03, 6.62727539e+02, 4.90563184e-01, 1.18957385e+03,
       7.06846985e+02, 1.40071034e-01, 1.70167761e+03, 6.53880798e+02,
       2.71288157e-01, 1.05716211e+03, 5.24315247e+02, 4.34074312e-01,
       1.27198962e+03, 4.80188599e+02, 2.42873222e-01, 1.53985156e+03,
       4.74368317e+02, 1.41431645e-01, 5.03776703e+02, 5.68519592e+02,
       7.96204090e-01, 5.06731415e+02, 5.12668335e+02, 7.98115432e-01,
       5.24405457e+02, 5.98004150e+02, 2.57107705e-01, 5.30244690e+02,
       4.77285431e+02, 4.27561939e-01, 1.64871704e+03, 4.68515747e+02,
       8.13573375e-02, 1.65164685e+03, 4.65549957e+02, 9.71451625e-02,
       1.55159033e+03, 4.97897980e+02, 1.05604574e-01, 0., 0., 0., 0.,
       0., 0., 1.71345239e+03, 6.47997314e+02, 1.69236034e-01 ]
