%YAML:1.0
---
pose_0: !!opencv-matrix
   rows: 1
   cols: 25
   dt: "3f"
   data: [ 7.21655945e+02, 5.27309753e+02, 8.66251051e-01,
       8.56963989e+02, 5.65564575e+02, 6.96485400e-01, 8.54050720e+02,
       6.45003601e+02, 7.58008718e-01, 9.80671997e+02, 6.74585938e+02,
       7.41105080e-01, 1.12185510e+03, 7.09796143e+02, 7.89132237e-01,
       8.54017334e+02, 4.89049316e+02, 5.03387928e-01, 1.02186951e+03,
       4.53645538e+02, 7.13677883e-01, 1.16012878e+03, 4.21401825e+02,
       7.71718085e-01, 1.11591870e+03, 5.65628113e+02, 5.31397700e-01,
       1.11005969e+03, 6.18590210e+02, 5.33614516e-01, 1.35438208e+03,
       6.21489624e+02, 6.66457653e-01, 1.56041040e+03, 6.33263184e+02,
       6.14100039e-01, 1.11590466e+03, 5.06818298e+02, 5.50236642e-01,
       1.33078613e+03, 4.62600494e+02, 6.37868345e-01, 1.59571252e+03,
       4.12450623e+02, 5.67855537e-01, 7.15607727e+02, 5.39170532e+02,
       7.70959616e-01, 7.18568115e+02, 5.06730591e+02, 8.74932051e-01,
       7.24611267e+02, 5.71395935e+02, 6.22988224e-01, 7.51042847e+02,
       4.86192566e+02, 5.87751925e-01, 1.71638623e+03, 3.68412079e+02,
       2.72960365e-01, 1.71350037e+03, 3.65543915e+02, 2.74549723e-01,
       1.61048621e+03, 3.94867371e+02, 3.01695913e-01, 1.63105176e+03,
       6.21469360e+02, 5.01553655e-01, 1.61350171e+03, 6.33325623e+02,
       4.56224620e-01, 1.58100537e+03, 6.36232788e+02, 2.73504645e-01 ]
