%YAML:1.0
---
pose_0: !!opencv-matrix
   rows: 1
   cols: 25
   dt: "3f"
   data: [ 6.98092834e+02, 3.15425964e+02, 8.11512172e-01,
       8.01064392e+02, 2.41772812e+02, 4.94550139e-01, 8.30458008e+02,
       2.97822174e+02, 2.75321841e-01, 9.74668335e+02, 3.15382965e+02,
       8.44702274e-02, 0., 0., 0., 7.83416565e+02, 1.77116501e+02,
       6.19083047e-01, 9.04189209e+02, 7.40132599e+01, 7.77926505e-01,
       9.83553101e+02, 1.77016037e+02, 7.04415023e-01, 1.07184680e+03,
       2.47759125e+02, 2.49123707e-01, 1.07185303e+03, 3.06568024e+02,
       1.99712142e-01, 1.21311230e+03, 2.00582428e+02, 6.41600043e-02,
       1.35145300e+03, 1.80054016e+02, 5.88831194e-02, 1.08952478e+03,
       2.03570160e+02, 2.30628237e-01, 0., 0., 0., 0., 0., 0.,
       6.89141785e+02, 3.15381195e+02, 1.73777312e-01, 6.92057983e+02,
       2.94901489e+02, 8.02759826e-01, 0., 0., 0., 6.95095520e+02,
       2.41839905e+02, 5.62729001e-01, 0., 0., 0., 0., 0., 0., 0., 0.,
       0., 0., 0., 0., 0., 0., 0., 0., 0., 0. ]
