%YAML:1.0
---
pose_0: !!opencv-matrix
   rows: 1
   cols: 25
   dt: "3f"
   data: [ 7.42134460e+02, 4.59775513e+02, 6.51688933e-01,
       8.09926086e+02, 5.27347412e+02, 6.04995191e-01, 8.12788269e+02,
       5.50976013e+02, 7.91630507e-01, 9.30580139e+02, 6.12747864e+02,
       7.97366500e-01, 1.06892981e+03, 5.59733582e+02, 7.52777755e-01,
       8.09836670e+02, 4.97913269e+02, 3.57335567e-01, 1.00124115e+03,
       5.12652161e+02, 2.88157016e-01, 1.13953418e+03, 4.56788910e+02,
       5.24943471e-01, 1.08947546e+03, 5.71452698e+02, 4.68050659e-01,
       1.07189685e+03, 6.06800903e+02, 4.77710456e-01, 1.33074438e+03,
       4.80333679e+02, 7.49381244e-01, 1.52215405e+03, 6.24555664e+02,
       4.36873734e-01, 1.10131348e+03, 5.30272217e+02, 4.40676868e-01,
       1.33386670e+03, 4.83240234e+02, 4.64895844e-01, 1.50744946e+03,
       6.33318726e+02, 3.31992984e-01, 7.24522766e+02, 4.71390839e+02,
       5.10378480e-01, 7.33400330e+02, 4.50832214e+02, 8.05026665e-02,
       7.39252136e+02, 5.00793793e+02, 5.87340474e-01, 0., 0., 0.,
       1.63398523e+03, 5.86205627e+02, 6.94742203e-02, 1.63105115e+03,
       5.95039673e+02, 6.29200041e-02, 1.49267371e+03, 6.68463318e+02,
       2.64684379e-01, 1.60456519e+03, 5.80318542e+02, 2.68318832e-01,
       0., 0., 0., 1.54571545e+03, 6.68660828e+02, 2.70568848e-01 ]
