%YAML:1.0
---
pose_0: !!opencv-matrix
   rows: 1
   cols: 25
   dt: "3f"
   data: [ 6.89176331e+02, 4.62593445e+02, 8.54135633e-01,
       8.27517456e+02, 4.59683716e+02, 7.54434347e-01, 8.12807190e+02,
       5.50798950e+02, 7.49749482e-01, 9.01102600e+02, 6.39183716e+02,
       8.07113528e-01, 9.48278137e+02, 6.21396851e+02, 8.34571123e-01,
       8.42285645e+02, 3.77218323e+02, 6.40075445e-01, 1.01887665e+03,
       3.88920380e+02, 7.85171270e-01, 9.68863037e+02, 3.62525482e+02,
       7.98764467e-01, 1.11889307e+03, 4.86177856e+02, 6.16380155e-01,
       1.11011707e+03, 5.30391296e+02, 6.10148489e-01, 1.30437061e+03,
       5.50881775e+02, 7.31607974e-01, 1.56926831e+03, 5.65601563e+02,
       5.09810686e-01, 1.12486011e+03, 4.36063507e+02, 5.61990857e-01,
       1.35735498e+03, 4.33068115e+02, 5.78468919e-01, 1.56928967e+03,
       4.59582703e+02, 5.47938943e-01, 6.71463074e+02, 4.80357391e+02,
       8.27733040e-01, 6.71665955e+02, 4.44973694e+02, 8.19875419e-01,
       6.92210510e+02, 5.00827850e+02, 3.01396608e-01, 6.95209412e+02,
       4.12623108e+02, 6.01788998e-01, 1.63705615e+03, 4.15469574e+02,
       4.34989452e-01, 1.63400623e+03, 4.15479279e+02, 4.74694490e-01,
       1.60752722e+03, 4.68502228e+02, 2.41491780e-01, 1.67815906e+03,
       5.50819580e+02, 2.74982840e-01, 1.66636902e+03, 5.62697510e+02,
       2.12075189e-01, 1.60752246e+03, 5.59708313e+02, 2.62636244e-01 ]
