%YAML:1.0
---
pose_0: !!opencv-matrix
   rows: 1
   cols: 25
   dt: "3f"
   data: [ 6.42165466e+02, 5.12703064e+02, 8.28990459e-01,
       7.77518250e+02, 5.50883484e+02, 7.10495174e-01, 7.65849365e+02,
       6.45041260e+02, 6.65453553e-01, 9.21755188e+02, 6.92213318e+02,
       4.33753550e-01, 9.33490845e+02, 6.74540466e+02, 4.17019933e-01,
       7.89320190e+02, 4.59590881e+02, 6.12133384e-01, 9.24688049e+02,
       3.53719116e+02, 7.89737225e-01, 8.39313293e+02, 4.00740265e+02,
       6.78496480e-01, 1.06896643e+03, 5.42058716e+02, 5.43523490e-01,
       1.06597351e+03, 5.97872620e+02, 5.47899723e-01, 1.30143408e+03,
       6.00945435e+02, 5.95987141e-01, 1.58693030e+03, 5.98068787e+02,
       3.45154703e-01, 1.06890308e+03, 4.80240936e+02, 5.91407776e-01,
       1.26907056e+03, 4.83101807e+02, 5.00407219e-01, 1.54277551e+03,
       4.89137604e+02, 2.29169860e-01, 6.24415039e+02, 5.30300476e+02,
       8.77992332e-01, 6.27372437e+02, 4.97892944e+02, 8.11233461e-01,
       6.42179199e+02, 5.56852600e+02, 4.59506363e-01, 6.59794006e+02,
       4.68447571e+02, 5.45233011e-01, 1.70457886e+03, 4.59661713e+02,
       1.18389986e-01, 1.69878198e+03, 4.59599640e+02, 1.34861305e-01,
       1.56925879e+03, 4.94953674e+02, 1.77301049e-01, 1.70163721e+03,
       5.86230530e+02, 1.27306804e-01, 1.68414124e+03, 6.03879150e+02,
       8.57871771e-02, 1.62517700e+03, 5.97965759e+02, 2.27813154e-01 ]
