%YAML:1.0
---
pose_0: !!opencv-matrix
   rows: 1
   cols: 25
   dt: "3f"
   data: [ 6.94986267e+02, 5.50845276e+02, 7.79815316e-01,
       7.68693909e+02, 4.77264130e+02, 6.31980598e-01, 7.53978882e+02,
       5.06774963e+02, 5.15252650e-01, 9.48188538e+02, 5.56783936e+02,
       1.36935413e-01, 9.89443176e+02, 5.89145447e+02, 5.87758906e-02,
       7.89328491e+02, 4.42045624e+02, 5.86300790e-01, 9.07037170e+02,
       4.06722382e+02, 8.36620450e-01, 1.02179596e+03, 5.39169617e+02,
       7.63443470e-01, 1.02479297e+03, 4.80238190e+02, 2.63732076e-01,
       1.02178223e+03, 5.18476685e+02, 1.58752918e-01, 0., 0., 0., 0.,
       0., 0., 1.02770703e+03, 4.33134674e+02, 2.51122355e-01,
       1.32791492e+03, 5.33275513e+02, 7.32483029e-01, 1.61636353e+03,
       4.36120148e+02, 3.79864424e-01, 6.77445129e+02, 5.47977051e+02,
       5.45950718e-02, 6.86265564e+02, 5.30239380e+02, 7.45381773e-01,
       0., 0., 0., 6.95229675e+02, 4.80336365e+02, 6.43766820e-01, 0.,
       0., 0., 0., 0., 0., 0., 0., 0., 0., 0., 0., 0., 0., 0., 0., 0.,
       0. ]
