%YAML:1.0
---
pose_0: !!opencv-matrix
   rows: 1
   cols: 25
   dt: "3f"
   data: [ 6.65592590e+02, 4.77219727e+02, 8.47919822e-01,
       8.06898987e+02, 5.09693878e+02, 7.36254334e-01, 7.98147278e+02,
       5.98040710e+02, 6.99400067e-01, 9.24718933e+02, 6.68569580e+02,
       8.13166499e-01, 1.00127411e+03, 6.44993835e+02, 6.11805201e-01,
       8.12763672e+02, 4.24284698e+02, 6.78739905e-01, 9.77740784e+02,
       4.15463928e+02, 8.31624746e-01, 9.01063721e+02, 3.91984711e+02,
       8.14752281e-01, 1.09534180e+03, 4.83262024e+02, 5.10406554e-01,
       1.09542993e+03, 5.33252441e+02, 5.61675787e-01, 1.31320459e+03,
       5.27400391e+02, 7.33979046e-01, 1.59871362e+03, 5.59708313e+02,
       4.97649193e-01, 1.09242432e+03, 4.30255554e+02, 5.10232747e-01,
       1.34261829e+03, 4.33250671e+02, 5.54341555e-01, 1.58101453e+03,
       4.59710571e+02, 4.73020911e-01, 6.47916748e+02, 4.89037170e+02,
       8.35838616e-01, 6.51034302e+02, 4.56678070e+02, 8.72944713e-01,
       6.65724426e+02, 5.24338501e+02, 6.71575904e-01, 6.89119385e+02,
       4.36044678e+02, 6.28068328e-01, 1.63986938e+03, 4.21399506e+02,
       4.75504041e-01, 1.63685437e+03, 4.21399872e+02, 5.20964801e-01,
       1.63096936e+03, 4.65586792e+02, 3.16118360e-01, 1.72232446e+03,
       5.47928528e+02, 3.94286245e-01, 1.71054150e+03, 5.56791870e+02,
       3.11150461e-01, 1.62222229e+03, 5.56745544e+02, 3.14169705e-01 ]
