%YAML:1.0
---
pose_0: !!opencv-matrix
   rows: 1
   cols: 25
   dt: "3f"
   data: [ 7.51050720e+02, 4.09584076e+02, 7.66323924e-01,
       8.18739075e+02, 3.68499512e+02, 6.29350781e-01, 8.06951782e+02,
       4.18476166e+02, 4.39982086e-01, 6.95125488e+02, 4.03765076e+02,
       3.75120789e-01, 7.12755249e+02, 3.89049652e+02, 6.87801689e-02,
       8.39365540e+02, 3.21337280e+02, 6.95467234e-01, 9.42384949e+02,
       3.06585602e+02, 7.34465659e-01, 9.71709473e+02, 4.89103119e+02,
       7.22340465e-01, 1.11895752e+03, 3.71383545e+02, 4.54356879e-01,
       1.11595837e+03, 4.24311462e+02, 4.60130572e-01, 1.33969873e+03,
       5.06721222e+02, 7.75748432e-01, 1.56327637e+03, 5.56843323e+02,
       6.58698320e-01, 1.12188611e+03, 3.18320435e+02, 3.54806691e-01,
       1.36618713e+03, 2.71395691e+02, 5.23392975e-01, 1.55155908e+03,
       1.59451279e+02, 3.58171403e-01, 7.39339661e+02, 4.09648926e+02,
       5.01765013e-01, 7.45120789e+02, 3.88999268e+02, 7.76853740e-01,
       0., 0., 0., 7.62850952e+02, 3.62377960e+02, 6.84606314e-01,
       1.66039990e+03, 1.33008713e+02, 1.19470388e-01, 1.66038684e+03,
       1.32955231e+02, 1.13436542e-01, 0., 0., 0., 1.58983069e+03,
       6.27469727e+02, 4.36336637e-01, 1.57218335e+03, 6.21623779e+02,
       4.03573453e-01, 1.58982971e+03, 5.47892273e+02, 5.24167657e-01 ]
