%YAML:1.0
---
pose_0: !!opencv-matrix
   rows: 1
   cols: 25
   dt: "3f"
   data: [ 7.18555420e+02, 5.06617249e+02, 8.92091215e-01,
       8.36304443e+02, 5.27234070e+02, 7.44398355e-01, 8.39353699e+02,
       6.18626770e+02, 6.91259921e-01, 9.48165283e+02, 7.15583679e+02,
       8.48056078e-01, 8.83520508e+02, 6.24465820e+02, 6.96592331e-01,
       8.39329956e+02, 4.30254547e+02, 6.75026774e-01, 9.77559692e+02,
       4.09517151e+02, 7.50429153e-01, 1.05121082e+03, 3.91985321e+02,
       8.23689640e-01, 1.10717273e+03, 5.62662781e+02, 5.20410120e-01,
       1.09833789e+03, 6.18482239e+02, 5.77793181e-01, 1.27196021e+03,
       6.21423340e+02, 2.84075856e-01, 1.50449634e+03, 6.09733643e+02,
       2.33550385e-01, 1.11011438e+03, 5.03779572e+02, 5.58680296e-01,
       1.30428845e+03, 5.30229858e+02, 6.69340611e-01, 1.62224036e+03,
       5.53815979e+02, 2.54335374e-01, 6.98120117e+02, 5.27350586e+02,
       8.40521634e-01, 7.03986511e+02, 4.83329163e+02, 8.05672586e-01,
       7.18539246e+02, 5.59735657e+02, 4.84196097e-01, 7.33367371e+02,
       4.62555450e+02, 3.68537575e-01, 1.74872278e+03, 5.74511780e+02,
       1.25589758e-01, 1.75177844e+03, 5.65562927e+02, 1.25315398e-01,
       1.72810620e+03, 5.45010986e+02, 1.06312111e-01, 0., 0., 0., 0.,
       0., 0., 1.53097815e+03, 6.01012390e+02, 7.91691393e-02 ]
