%YAML:1.0
---
pose_0: !!opencv-matrix
   rows: 1
   cols: 25
   dt: "3f"
   data: [ 7.98087158e+02, 4.44957397e+02, 2.45444402e-01,
       8.77545349e+02, 4.86110626e+02, 5.16083539e-01, 8.57069702e+02,
       5.30228943e+02, 7.86788106e-01, 9.95259705e+02, 5.97918518e+02,
       8.23843896e-01, 1.11294702e+03, 5.44990723e+02, 7.33851969e-01,
       8.86441223e+02, 4.39105255e+02, 2.55334973e-01, 0., 0., 0., 0.,
       0., 0., 1.16304224e+03, 5.65576111e+02, 4.69627500e-01,
       1.15715295e+03, 6.06803772e+02, 4.57301021e-01, 1.38084863e+03,
       5.24435364e+02, 7.60353088e-01, 1.64870740e+03, 7.15783875e+02,
       5.10172129e-01, 1.16606824e+03, 5.18548584e+02, 4.20513213e-01,
       1.38095032e+03, 4.50827271e+02, 7.26350367e-01, 1.58682434e+03,
       5.94987244e+02, 4.04913723e-01, 7.77521240e+02, 4.56701782e+02,
       2.92546690e-01, 7.83430481e+02, 4.36167816e+02, 1.59298971e-01,
       7.86419800e+02, 4.92020813e+02, 2.83203214e-01, 0., 0., 0.,
       1.73699976e+03, 6.09735046e+02, 2.63004333e-01, 1.73404761e+03,
       6.06834229e+02, 2.54549325e-01, 1.60749231e+03, 6.18548096e+02,
       2.30064824e-01, 1.71050024e+03, 7.21646545e+02, 2.09979534e-01,
       1.69579089e+03, 7.39349304e+02, 2.35243946e-01, 1.66930676e+03,
       7.42262512e+02, 2.92713374e-01 ]
