%YAML:1.0
---
pose_0: !!opencv-matrix
   rows: 1
   cols: 25
   dt: "3f"
   data: [ 6.30386353e+02, 5.03654083e+02, 7.77634442e-01,
       7.68780579e+02, 5.06861389e+02, 6.43169522e-01, 7.62688232e+02,
       5.95029846e+02, 7.14320421e-01, 9.07051147e+02, 6.68664978e+02,
       7.48789907e-01, 1.04544080e+03, 7.42186707e+02, 8.32529783e-01,
       7.86300537e+02, 4.15536224e+02, 3.85148108e-01, 9.30594910e+02,
       4.09683685e+02, 8.40160474e-02, 0., 0., 0., 1.06597522e+03,
       5.65574646e+02, 4.72313046e-01, 1.04534937e+03, 6.30388611e+02,
       4.35539901e-01, 1.30731079e+03, 6.24385254e+02, 5.95902085e-01,
       1.60159814e+03, 6.27468445e+02, 5.18829823e-01, 1.07481848e+03,
       5.00763794e+02, 4.86307919e-01, 1.28379956e+03, 4.80354767e+02,
       5.00891328e-01, 1.58689661e+03, 5.09638763e+02, 4.76851672e-01,
       6.21522644e+02, 5.24294678e+02, 7.81743884e-01, 6.18591064e+02,
       4.80248199e+02, 8.10884535e-01, 6.33345459e+02, 5.47916870e+02,
       4.08159971e-01, 6.45041565e+02, 4.56577240e+02, 5.61173618e-01,
       1.70758606e+03, 4.71463165e+02, 2.14864820e-01, 1.70463000e+03,
       4.65578430e+02, 2.18560144e-01, 1.61049988e+03, 5.30329224e+02,
       3.04948926e-01, 1.70466382e+03, 6.24550415e+02, 4.48039353e-01,
       1.68706067e+03, 6.42124207e+02, 3.99484724e-01, 1.62224402e+03,
       6.18513489e+02, 2.67850250e-01 ]
