%YAML:1.0
---
pose_0: !!opencv-matrix
   rows: 1
   cols: 25
   dt: "3f"
   data: [ 4.53720276e+02, 6.30341003e+02, 6.76410317e-01,
       5.56818298e+02, 5.71440552e+02, 1.81401074e-01, 5.53849121e+02,
       6.48037109e+02, 1.09349161e-01, 0., 0., 0., 0., 0., 0.,
       5.92072571e+02, 5.03759399e+02, 5.38223147e-01, 6.98014221e+02,
       5.80284302e+02, 5.78032494e-01, 6.24604980e+02, 8.09817627e+02,
       6.61160827e-01, 1.03356592e+03, 6.48024658e+02, 1.92236394e-01,
       1.01004108e+03, 7.21585083e+02, 1.74756527e-01, 0., 0., 0., 0.,
       0., 0., 1.04832458e+03, 5.95044128e+02, 2.72074699e-01,
       1.37502722e+03, 6.89255798e+02, 2.59139448e-01, 1.77529089e+03,
       7.09793152e+02, 1.82965353e-01, 4.30149292e+02, 6.48058167e+02,
       6.81328237e-01, 4.30113403e+02, 6.00888367e+02, 6.40422285e-01,
       4.50753174e+02, 6.68730713e+02, 6.85473755e-02, 4.39051971e+02,
       5.59716980e+02, 4.50629324e-01, 1.84299878e+03, 6.62724792e+02,
       1.43540218e-01, 1.84299719e+03, 6.53893433e+02, 1.28392890e-01,
       1.79294788e+03, 7.27503296e+02, 1.98667824e-01, 0., 0., 0., 0.,
       0., 0., 0., 0., 0. ]
