%YAML:1.0
---
pose_0: !!opencv-matrix
   rows: 1
   cols: 25
   dt: "3f"
   data: [ 7.68638306e+02, 4.12534973e+02, 8.29012990e-01,
       8.65779907e+02, 3.59514740e+02, 5.30417323e-01, 8.56874756e+02,
       3.74295837e+02, 3.82049739e-01, 0., 0., 0., 0., 0., 0.,
       8.80486450e+02, 3.41972290e+02, 6.74567938e-01, 9.89389282e+02,
       3.83129242e+02, 7.25879788e-01, 9.77597473e+02, 5.15626648e+02,
       7.50981867e-01, 1.16606519e+03, 3.86026062e+02, 4.97038603e-01,
       1.16010376e+03, 4.33183746e+02, 4.92689252e-01, 1.33095203e+03,
       5.24331909e+02, 7.34369755e-01, 1.54862097e+03, 5.27409546e+02,
       6.99136794e-01, 1.17776770e+03, 3.35987701e+02, 4.09249753e-01,
       1.38097815e+03, 3.09557922e+02, 6.15807712e-01, 1.56342749e+03,
       1.50530975e+02, 2.93354839e-01, 7.56958252e+02, 4.12707367e+02,
       2.59467751e-01, 7.59906616e+02, 3.94904114e+02, 7.47103989e-01,
       0., 0., 0., 7.71663208e+02, 3.59515228e+02, 6.07164443e-01,
       1.59288293e+03, 1.03500954e+02, 2.42733076e-01, 1.59278259e+03,
       1.06392967e+02, 2.49185175e-01, 0., 0., 0., 1.58993140e+03,
       6.18489075e+02, 6.22622907e-01, 1.57517371e+03, 6.03919312e+02,
       4.92847264e-01, 1.57517871e+03, 5.06788757e+02, 5.41765332e-01 ]
