%YAML:1.0
---
pose_0: !!opencv-matrix
   rows: 1
   cols: 25
   dt: "3f"
   data: [ 7.21594604e+02, 4.39027222e+02, 8.53884041e-01,
       8.01063782e+02, 4.27229218e+02, 7.20092773e-01, 7.86452576e+02,
       4.83294220e+02, 7.81008959e-01, 8.59844421e+02, 5.15588989e+02,
       6.65131032e-01, 9.54069885e+02, 5.42042908e+02, 7.09869266e-01,
       8.09897705e+02, 3.56662842e+02, 5.81758380e-01, 9.51179443e+02,
       3.21284882e+02, 8.06236982e-01, 1.07774121e+03, 3.15377930e+02,
       8.08247149e-01, 1.06302527e+03, 4.56746429e+02, 4.52449113e-01,
       1.06009583e+03, 5.06693054e+02, 4.23097342e-01, 1.13948035e+03,
       5.50917358e+02, 1.49224520e-01, 0., 0., 0., 1.06893237e+03,
       4.09525360e+02, 3.48956496e-01, 1.33379675e+03, 4.18464661e+02,
       3.20954978e-01, 1.55453479e+03, 4.09570862e+02, 2.12979287e-01,
       7.12706909e+02, 4.53796631e+02, 8.01117420e-01, 7.15678650e+02,
       4.24279999e+02, 8.30646157e-01, 7.24569702e+02, 4.74335419e+02,
       2.89187849e-01, 7.39134094e+02, 3.91976837e+02, 6.80425048e-01,
       0., 0., 0., 0., 0., 0., 1.55747681e+03, 4.09605804e+02,
       1.48644000e-01, 0., 0., 0., 0., 0., 0., 0., 0., 0. ]
