%YAML:1.0
---
pose_0: !!opencv-matrix
   rows: 1
   cols: 25
   dt: "3f"
   data: [ 7.39335571e+02, 4.68433167e+02, 8.32906842e-01,
       8.42227234e+02, 4.56562378e+02, 7.09603786e-01, 8.59853271e+02,
       5.30356079e+02, 6.14389181e-01, 9.92412109e+02, 5.56726379e+02,
       6.44025624e-01, 1.11004199e+03, 5.98005920e+02, 7.68332958e-01,
       8.33515686e+02, 3.74254242e+02, 6.95433199e-01, 9.57043518e+02,
       3.42070801e+02, 8.17352712e-01, 1.08950500e+03, 3.24258911e+02,
       7.64216840e-01, 1.11300708e+03, 4.56717957e+02, 6.02859020e-01,
       1.11007813e+03, 5.03861145e+02, 6.28403544e-01, 1.31321472e+03,
       5.06750580e+02, 7.20695913e-01, 1.58399951e+03, 5.30257446e+02,
       5.81710339e-01, 1.11594360e+03, 4.06612183e+02, 5.66866457e-01,
       1.33971326e+03, 4.09634460e+02, 6.23879313e-01, 1.55752222e+03,
       4.15475250e+02, 6.16026521e-01, 7.21669861e+02, 4.80326263e+02,
       7.85208344e-01, 7.24491211e+02, 4.50811951e+02, 7.73318112e-01,
       7.42162964e+02, 4.94942505e+02, 1.29489139e-01, 7.39286560e+02,
       4.15534393e+02, 6.14256620e-01, 1.62513623e+03, 3.88954803e+02,
       3.78430545e-01, 1.61632214e+03, 3.86100159e+02, 4.35100824e-01,
       1.58693213e+03, 4.30242157e+02, 3.15762609e-01, 1.65744531e+03,
       4.97911530e+02, 2.55281746e-01, 1.64287549e+03, 5.09684723e+02,
       1.57543167e-01, 1.62221631e+03, 5.24380066e+02, 2.66864091e-01 ]
