%YAML:1.0
---
pose_0: !!opencv-matrix
   rows: 1
   cols: 25
   dt: "3f"
   data: [ 6.62705627e+02, 5.30304565e+02, 8.66236806e-01,
       7.80391846e+02, 5.27261841e+02, 7.05984712e-01, 7.65855286e+02,
       5.92031250e+02, 6.75068974e-01, 9.24708008e+02, 6.47953308e+02,
       6.25609875e-01, 1.05423633e+03, 7.36236694e+02, 7.78574467e-01,
       7.89240967e+02, 4.56695282e+02, 5.36275744e-01, 9.27611084e+02,
       3.88959717e+02, 7.85111248e-01, 1.07175195e+03, 3.56588013e+02,
       8.18146050e-01, 1.06003516e+03, 5.36196411e+02, 5.56086779e-01,
       1.05120081e+03, 5.89172974e+02, 5.71911216e-01, 1.27782593e+03,
       6.24388000e+02, 7.00788260e-01, 1.51919312e+03, 6.45153259e+02,
       5.67616343e-01, 1.06595679e+03, 4.80265320e+02, 5.16151547e-01,
       1.35733777e+03, 4.65554932e+02, 3.74829829e-01, 1.58399536e+03,
       4.53770966e+02, 5.03922045e-01, 6.45103760e+02, 5.45039063e+02,
       7.07410932e-01, 6.48098816e+02, 5.09702820e+02, 8.25216174e-01,
       6.68670837e+02, 5.59699768e+02, 1.85397610e-01, 6.80379700e+02,
       4.80344757e+02, 5.42433798e-01, 1.67811694e+03, 5.03854126e+02,
       1.14265025e-01, 1.67810144e+03, 4.97910950e+02, 9.40351114e-02,
       1.60749756e+03, 4.36129517e+02, 2.48891547e-01, 1.63993030e+03,
       6.42087463e+02, 4.84615594e-01, 1.63104321e+03, 6.48057068e+02,
       4.31122422e-01, 1.54566980e+03, 6.30402893e+02, 3.18836510e-01 ]
