%YAML:1.0
---
pose_0: !!opencv-matrix
   rows: 1
   cols: 25
   dt: "3f"
   data: [ 0., 0., 0., 8.15806885e+02, 5.53750671e+02, 5.23177624e-01,
       8.21697510e+02, 5.53862183e+02, 6.29649341e-01, 9.33494812e+02,
       4.97939453e+02, 7.36880243e-01, 8.39279053e+02, 4.06578705e+02,
       6.64084792e-01, 8.06904541e+02, 5.65639709e+02, 3.91740352e-01,
       9.36515503e+02, 4.92027374e+02, 1.47619039e-01, 8.53997925e+02,
       4.09530823e+02, 9.36317146e-02, 1.10125830e+03, 5.56750916e+02,
       3.52378726e-01, 1.09834583e+03, 5.39147339e+02, 2.74474591e-01,
       1.33375757e+03, 5.09756531e+02, 7.00616777e-01, 1.58687878e+03,
       6.83291687e+02, 5.73128343e-01, 1.09544141e+03, 5.77349976e+02,
       2.49038845e-01, 1.35140369e+03, 4.97853638e+02, 4.09712106e-01,
       1.57220874e+03, 5.77460205e+02, 5.38834929e-01, 0., 0., 0., 0.,
       0., 0., 7.62785339e+02, 5.27356384e+02, 7.62405246e-02,
       7.33309570e+02, 5.74384399e+02, 2.30905950e-01, 1.60751624e+03,
       4.97863922e+02, 2.20847905e-01, 1.59578467e+03, 5.03731781e+02,
       2.20983535e-01, 1.58988098e+03, 6.03889404e+02, 3.82847041e-01,
       1.65163745e+03, 7.15757629e+02, 4.94298458e-01, 1.63390466e+03,
       7.24560791e+02, 5.14072418e-01, 1.61049988e+03, 6.86288269e+02,
       2.11876974e-01 ]
