%YAML:1.0
---
pose_0: !!opencv-matrix
   rows: 1
   cols: 25
   dt: "3f"
   data: [ 4.65520935e+02, 5.03707794e+02, 3.93430173e-01,
       5.74416077e+02, 5.09754517e+02, 3.22993577e-01, 6.00926392e+02,
       5.68571899e+02, 2.01443687e-01, 7.12723267e+02, 6.59743774e+02,
       6.83313370e-01, 5.33289001e+02, 5.80328979e+02, 5.10831475e-01,
       5.59745789e+02, 4.59653137e+02, 1.26919523e-01, 7.15731506e+02,
       3.59537842e+02, 6.60476267e-01, 4.89063354e+02, 4.39055664e+02,
       5.17706096e-01, 9.92373291e+02, 5.21475952e+02, 3.29413384e-01,
       9.71781250e+02, 5.86165161e+02, 2.78524727e-01, 1.03654443e+03,
       6.47994812e+02, 1.36915565e-01, 0., 0., 0., 1.01001862e+03,
       4.56681885e+02, 2.94535279e-01, 1.35438464e+03, 4.83101318e+02,
       2.69824117e-01, 1.74288708e+03, 4.83134430e+02, 3.43896806e-01,
       4.39011230e+02, 5.15580811e+02, 2.86883414e-01, 4.44907684e+02,
       4.80308350e+02, 2.47915745e-01, 4.59629913e+02, 5.39086670e+02,
       8.17344636e-02, 4.62542023e+02, 4.56812225e+02, 5.75728379e-02,
       1.86652075e+03, 4.36062775e+02, 2.50096381e-01, 1.86641895e+03,
       4.36118683e+02, 2.37114221e-01, 1.79882971e+03, 5.18518311e+02,
       1.56033218e-01, 0., 0., 0., 0., 0., 0., 0., 0., 0. ]
