%YAML:1.0
---
pose_0: !!opencv-matrix
   rows: 1
   cols: 25
   dt: "3f"
   data: [ 7.51036377e+02, 4.62591980e+02, 6.46374404e-01,
       8.09928650e+02, 5.33213867e+02, 5.17382860e-01, 8.33475281e+02,
       5.53766602e+02, 6.93985164e-01, 9.68847534e+02, 5.50741577e+02,
       6.99180603e-01, 1.07773999e+03, 4.59732513e+02, 6.76191986e-01,
       8.12841797e+02, 5.03828033e+02, 2.27575839e-01, 1.05713135e+03,
       4.77336792e+02, 1.66932672e-01, 1.11595715e+03, 4.33143433e+02,
       2.81136066e-01, 1.13950940e+03, 5.71475098e+02, 5.74876666e-01,
       1.12192969e+03, 6.06852905e+02, 4.68556553e-01, 1.37205115e+03,
       5.09723419e+02, 7.87785947e-01, 1.61035095e+03, 6.98070251e+02,
       5.79473197e-01, 1.15134302e+03, 5.30334045e+02, 4.87096727e-01,
       1.35138110e+03, 4.65586517e+02, 5.47117472e-01, 1.58686328e+03,
       5.86221863e+02, 5.43083489e-01, 7.33395874e+02, 4.77278015e+02,
       6.21707678e-01, 7.36318848e+02, 4.53717743e+02, 1.20977327e-01,
       7.42217651e+02, 5.06693817e+02, 4.85416025e-01, 0., 0., 0.,
       1.70760425e+03, 5.74497498e+02, 4.66798156e-01, 1.70471252e+03,
       5.74420471e+02, 3.93526256e-01, 1.60160693e+03, 6.18611877e+02,
       3.07055295e-01, 1.66061218e+03, 7.33304810e+02, 3.89116645e-01,
       1.64578064e+03, 7.39313599e+02, 4.40501392e-01, 1.61931055e+03,
       7.18664856e+02, 3.35869133e-01 ]
