%YAML:1.0
---
pose_0: !!opencv-matrix
   rows: 1
   cols: 25
   dt: "3f"
   data: [ 6.80344971e+02, 3.85952728e+02, 8.41166139e-01,
       7.36256470e+02, 4.33242676e+02, 7.28700936e-01, 6.95138733e+02,
       4.80272400e+02, 6.28794968e-01, 6.24504517e+02, 4.39076416e+02,
       6.26185715e-01, 6.24520630e+02, 3.89001465e+02, 4.47593987e-01,
       7.62868835e+02, 3.88932770e+02, 6.37901604e-01, 9.68838318e+02,
       3.18509583e+02, 7.80505717e-01, 8.59935730e+02, 4.15562500e+02,
       7.76781797e-01, 1.08653296e+03, 4.56774078e+02, 5.11697650e-01,
       1.07773828e+03, 5.06792450e+02, 5.03990710e-01, 1.31028711e+03,
       5.39099915e+02, 5.56594372e-01, 1.63402307e+03, 5.53823120e+02,
       4.55817580e-01, 1.08653906e+03, 3.94940735e+02, 4.41135168e-01,
       1.21607104e+03, 3.38934509e+02, 2.15479210e-01, 1.39553796e+03,
       2.91767029e+02, 4.32689488e-01, 6.56793396e+02, 3.91968170e+02,
       7.91108489e-01, 6.71475952e+02, 3.65560577e+02, 7.96472311e-01,
       6.56829773e+02, 4.33144501e+02, 6.66933417e-01, 0., 0., 0.,
       1.51628650e+03, 2.85999023e+02, 1.26407370e-01, 0., 0., 0.,
       1.39860535e+03, 2.68312805e+02, 1.98915750e-01, 1.74870898e+03,
       5.77339111e+02, 1.85260415e-01, 1.72820898e+03, 5.89125183e+02,
       1.77783221e-01, 1.66046851e+03, 5.39175781e+02, 2.94268727e-01 ]
