%YAML:1.0
---
pose_0: !!opencv-matrix
   rows: 1
   cols: 25
   dt: "3f"
   data: [ 6.77403870e+02, 4.56721405e+02, 8.44851136e-01,
       8.06916138e+02, 5.09742462e+02, 6.43960178e-01, 8.12780823e+02,
       6.00840027e+02, 7.22725987e-01, 9.45284424e+02, 6.45138672e+02,
       8.32068324e-01, 1.02468481e+03, 7.09862488e+02, 8.47672343e-01,
       7.89270996e+02, 4.39056519e+02, 4.65341032e-01, 8.92315613e+02,
       4.27253113e+02, 7.50873759e-02, 0., 0., 0., 1.10425146e+03,
       4.77288300e+02, 5.17283916e-01, 1.09829260e+03, 5.27248047e+02,
       5.59623480e-01, 1.32492212e+03, 5.50910706e+02, 3.86270523e-01,
       1.51927026e+03, 5.62706848e+02, 4.76996243e-01, 1.10129285e+03,
       4.12506897e+02, 5.08107960e-01, 1.33081909e+03, 4.35989746e+02,
       6.07850373e-01, 1.61932410e+03, 4.56620514e+02, 5.77877760e-01,
       6.62669861e+02, 4.68474426e+02, 7.52103984e-01, 6.71573669e+02,
       4.33212219e+02, 8.65050375e-01, 6.71578735e+02, 5.03733002e+02,
       6.49455965e-01, 7.03930176e+02, 4.15503754e+02, 4.63922083e-01,
       1.71930981e+03, 4.15551453e+02, 4.01612341e-01, 1.71056238e+03,
       4.15534973e+02, 4.23455209e-01, 1.63398657e+03, 4.62635254e+02,
       2.67532468e-01, 1.49577661e+03, 6.47934570e+02, 2.37050220e-01,
       1.49269202e+03, 6.33303223e+02, 2.12046728e-01, 1.55454919e+03,
       5.53784607e+02, 3.15636635e-01 ]
