%YAML:1.0
---
pose_0: !!opencv-matrix
   rows: 1
   cols: 25
   dt: "3f"
   data: [ 7.68683777e+02, 5.09729675e+02, 6.94636524e-01,
       8.39415466e+02, 5.03777832e+02, 6.40333235e-01, 8.24592163e+02,
       5.59729675e+02, 2.91281909e-01, 7.45160950e+02, 6.01026184e+02,
       5.25044143e-01, 6.98047546e+02, 5.15617004e+02, 3.21501911e-01,
       8.39275574e+02, 4.42032043e+02, 6.23548031e-01, 8.80405884e+02,
       5.03683838e+02, 7.32051969e-01, 8.68753357e+02, 6.18556763e+02,
       7.29631126e-01, 1.11891968e+03, 5.27353821e+02, 5.81884325e-01,
       1.11011096e+03, 5.74331665e+02, 5.35188198e-01, 1.31024438e+03,
       6.24463196e+02, 6.36321485e-01, 1.51623315e+03, 6.50929565e+02,
       5.49198806e-01, 1.12776965e+03, 4.80248474e+02, 5.46140134e-01,
       1.34845300e+03, 4.80111938e+02, 5.38739741e-01, 1.54568188e+03,
       4.39094543e+02, 6.06495500e-01, 7.48130859e+02, 5.18561523e+02,
       6.59545302e-01, 7.62823853e+02, 4.89078186e+02, 7.09276319e-01,
       7.45216980e+02, 5.50741455e+02, 2.87723124e-01, 7.86437744e+02,
       4.59758362e+02, 4.37646270e-01, 1.61039063e+03, 4.09626251e+02,
       4.16449070e-01, 1.60455066e+03, 4.09570679e+02, 4.46232796e-01,
       1.58692407e+03, 4.44944763e+02, 2.58860528e-01, 1.57808960e+03,
       6.92139038e+02, 3.46103847e-01, 1.57808264e+03, 6.89165283e+02,
       3.57801557e-01, 1.55156982e+03, 6.36282104e+02, 3.37220222e-01 ]
