%YAML:1.0
---
pose_0: !!opencv-matrix
   rows: 1
   cols: 25
   dt: "3f"
   data: [ 7.48097107e+02, 3.59581421e+02, 8.24153900e-01,
       8.77588135e+02, 4.06580231e+02, 7.29102790e-01, 8.59868042e+02,
       4.83190857e+02, 8.13499749e-01, 9.98368835e+02, 5.21493896e+02,
       8.33624303e-01, 1.07196277e+03, 4.30265656e+02, 8.59926164e-01,
       8.86455078e+02, 3.27150177e+02, 6.58542335e-01, 1.03061853e+03,
       2.77235229e+02, 7.18515098e-01, 1.13961914e+03, 2.38844498e+02,
       8.12489331e-01, 1.13952332e+03, 3.62591492e+02, 6.33342326e-01,
       1.13959644e+03, 4.12452179e+02, 6.39989436e-01, 1.33377783e+03,
       4.50800323e+02, 5.64860463e-01, 1.53984229e+03, 5.30417603e+02,
       6.06133521e-01, 1.13945044e+03, 3.15479614e+02, 6.52598619e-01,
       1.31611243e+03, 2.91991333e+02, 4.13379967e-01, 1.37789978e+03,
       2.88923157e+02, 7.80758113e-02, 7.36363403e+02, 3.71348938e+02,
       8.23748231e-01, 7.42104980e+02, 3.39032654e+02, 8.88068199e-01,
       7.53916870e+02, 4.03675171e+02, 6.42046094e-01, 7.65818665e+02,
       3.21418457e+02, 4.67976451e-01, 0., 0., 0., 0., 0., 0., 0., 0.,
       0., 1.61340771e+03, 5.42040771e+02, 2.61316478e-01,
       1.61334058e+03, 5.50903625e+02, 2.65280247e-01, 1.57219397e+03,
       5.36152771e+02, 3.28559697e-01 ]
