%YAML:1.0
---
pose_0: !!opencv-matrix
   rows: 1
   cols: 25
   dt: "3f"
   data: [ 7.83426514e+02, 4.24319641e+02, 8.12147737e-01,
       8.80507629e+02, 4.38989777e+02, 7.74348378e-01, 8.59955261e+02,
       5.03778778e+02, 8.29307437e-01, 9.51280945e+02, 5.98011353e+02,
       8.66769433e-01, 9.65868347e+02, 4.68505066e+02, 7.34809875e-01,
       8.95259766e+02, 3.68374664e+02, 5.28137326e-01, 1.00120898e+03,
       3.38979095e+02, 2.07476959e-01, 1.03064343e+03, 3.18464203e+02,
       1.34093612e-01, 1.16298877e+03, 4.59588715e+02, 5.84565878e-01,
       1.15716541e+03, 5.06785828e+02, 5.25735557e-01, 1.37502612e+03,
       5.62635559e+02, 7.20675647e-01, 1.54569409e+03, 6.92075195e+02,
       5.22724986e-01, 1.16299207e+03, 4.06595734e+02, 5.83457470e-01,
       1.36911426e+03, 3.27222595e+02, 4.54975814e-01, 1.56330579e+03,
       3.44918274e+02, 4.77832139e-01, 7.65790466e+02, 4.38998322e+02,
       8.46522868e-01, 7.68708191e+02, 4.09590820e+02, 8.49344671e-01,
       7.86311646e+02, 4.65567657e+02, 6.65182352e-01, 7.98172974e+02,
       3.89049713e+02, 5.58122337e-01, 1.63995557e+03, 3.21353912e+02,
       2.47523829e-01, 1.63986365e+03, 3.18367310e+02, 2.70540327e-01,
       1.60161658e+03, 3.56659546e+02, 2.64039516e-01, 1.62517932e+03,
       6.92127319e+02, 5.55942059e-01, 1.61342981e+03, 7.01032471e+02,
       4.77772325e-01, 1.56042041e+03, 7.18636841e+02, 2.60838211e-01 ]
