%YAML:1.0
---
pose_0: !!opencv-matrix
   rows: 1
   cols: 25
   dt: "3f"
   data: [ 7.86315613e+02, 4.86084412e+02, 8.17664385e-01,
       8.39385010e+02, 5.50833801e+02, 5.89280665e-01, 8.56917969e+02,
       5.92096252e+02, 4.64775205e-01, 9.95351318e+02, 6.45157593e+02,
       2.84568608e-01, 9.95334717e+02, 6.42054260e+02, 2.07855567e-01,
       8.33369202e+02, 5.06743164e+02, 5.33677280e-01, 8.18724182e+02,
       4.36143982e+02, 3.01479578e-01, 8.06886841e+02, 3.91917511e+02,
       1.77912623e-01, 1.16311804e+03, 5.24356018e+02, 4.57850158e-01,
       1.16605835e+03, 5.74367737e+02, 4.12658513e-01, 1.35739563e+03,
       6.24559265e+02, 4.55364197e-01, 1.54273096e+03, 7.33312622e+02,
       5.18396795e-01, 1.16304260e+03, 4.59619446e+02, 4.36687261e-01,
       1.32792468e+03, 3.44900208e+02, 3.50139856e-01, 1.54863928e+03,
       2.97756012e+02, 3.17969650e-01, 7.65846069e+02, 4.97866760e+02,
       8.54447186e-01, 7.68724609e+02, 4.80264496e+02, 5.52051783e-01,
       7.71589661e+02, 5.30405945e+02, 7.12077498e-01, 0., 0., 0., 0.,
       0., 0., 0., 0., 0., 1.56635364e+03, 2.91927124e+02,
       3.10445398e-01, 1.61334937e+03, 6.95191833e+02, 5.31366467e-01,
       1.60751501e+03, 7.12688049e+02, 4.33769494e-01, 1.55455920e+03,
       7.53967712e+02, 3.74704063e-01 ]
