%YAML:1.0
---
pose_0: !!opencv-matrix
   rows: 1
   cols: 25
   dt: "3f"
   data: [ 7.42198975e+02, 5.30414795e+02, 8.75707388e-01,
       8.56939636e+02, 5.33226440e+02, 7.04066038e-01, 8.54010742e+02,
       6.09783081e+02, 6.31761372e-01, 9.74721680e+02, 6.39195801e+02,
       4.00318384e-01, 1.02473657e+03, 6.50991943e+02, 1.88754886e-01,
       8.74583862e+02, 4.59577057e+02, 6.75002098e-01, 9.98274963e+02,
       4.50772583e+02, 6.22209609e-01, 1.11305066e+03, 4.59723816e+02,
       4.19607252e-01, 1.12184033e+03, 5.59748291e+02, 5.82168937e-01,
       1.11886987e+03, 6.03854187e+02, 6.11852527e-01, 1.28967664e+03,
       6.36215637e+02, 2.40415901e-01, 1.51921216e+03, 6.27400635e+02,
       5.13673186e-01, 1.12482886e+03, 5.09638916e+02, 5.59573889e-01,
       1.31322559e+03, 5.30431152e+02, 5.53263545e-01, 1.58398962e+03,
       5.30346375e+02, 5.39678335e-01, 7.30395447e+02, 5.50807129e+02,
       7.83077717e-01, 7.30448486e+02, 5.12632446e+02, 7.78603673e-01,
       7.45137573e+02, 5.71482605e+02, 3.99862796e-01, 7.56960266e+02,
       4.86125488e+02, 6.26718581e-01, 1.65168787e+03, 4.86106110e+02,
       2.30900407e-01, 1.64577576e+03, 4.86134308e+02, 2.52728403e-01,
       1.61039807e+03, 5.50886780e+02, 2.49831781e-01, 1.56930554e+03,
       6.68574097e+02, 2.07808226e-01, 1.56336353e+03, 6.71480896e+02,
       2.03592822e-01, 1.55452100e+03, 6.18557495e+02, 3.58549565e-01 ]
