%YAML:1.0
---
pose_0: !!opencv-matrix
   rows: 1
   cols: 25
   dt: "3f"
   data: [ 7.42275146e+02, 4.36118469e+02, 6.48875952e-01,
       8.36294922e+02, 5.12654541e+02, 6.92189038e-01, 8.27585632e+02,
       5.95008118e+02, 7.26016283e-01, 9.54232910e+02, 6.36221802e+02,
       7.83221185e-01, 1.06882434e+03, 5.98034607e+02, 8.90754223e-01,
       8.36347900e+02, 4.44899017e+02, 4.08596396e-01, 9.15839539e+02,
       4.36027435e+02, 6.40616044e-02, 0., 0., 0., 1.10420337e+03,
       4.92033997e+02, 5.25245547e-01, 1.10717725e+03, 5.42087830e+02,
       5.13058543e-01, 1.33079065e+03, 5.50759155e+02, 6.70473039e-01,
       1.56044629e+03, 5.68485962e+02, 5.64126015e-01, 1.09836035e+03,
       4.36075623e+02, 5.46850443e-01, 1.34264526e+03, 4.06695831e+02,
       4.31215405e-01, 1.53097693e+03, 4.03763458e+02, 3.08042675e-01,
       7.15821838e+02, 4.53728973e+02, 6.71341300e-01, 7.24579651e+02,
       4.27293304e+02, 2.88840711e-01, 7.39241028e+02, 5.09666382e+02,
       4.06333029e-01, 0., 0., 0., 1.61933203e+03, 3.59538025e+02,
       4.24141198e-01, 1.61348181e+03, 3.56639038e+02, 4.35954928e-01,
       1.54571814e+03, 4.15535889e+02, 1.53139725e-01, 1.63394873e+03,
       5.71528748e+02, 4.90510017e-01, 1.61924463e+03, 5.80362671e+02,
       4.50705588e-01, 1.58694849e+03, 5.47896973e+02, 2.79373109e-01 ]
