%YAML:1.0
---
pose_0: !!opencv-matrix
   rows: 1
   cols: 25
   dt: "3f"
   data: [ 6.68542175e+02, 5.12633606e+02, 7.82800794e-01,
       7.86418274e+02, 5.39122009e+02, 7.05472946e-01, 7.68764526e+02,
       6.03972900e+02, 7.47304976e-01, 9.10045349e+02, 6.59771912e+02,
       7.62825608e-01, 1.03943542e+03, 5.97973938e+02, 8.56768847e-01,
       8.01079895e+02, 4.59678589e+02, 4.22110796e-01, 9.65889343e+02,
       4.59551361e+02, 4.44589227e-01, 1.12192896e+03, 4.56808502e+02,
       8.01212430e-01, 1.10127563e+03, 5.74359802e+02, 5.27777016e-01,
       1.09540100e+03, 6.24368225e+02, 5.17778218e-01, 1.33379077e+03,
       6.00888367e+02, 7.27108598e-01, 1.61932788e+03, 6.77454468e+02,
       5.41694760e-01, 1.11303247e+03, 5.18544128e+02, 5.70522964e-01,
       1.36620093e+03, 5.09656708e+02, 6.30356073e-01, 1.56332690e+03,
       5.74375854e+02, 7.21625984e-01, 6.48051880e+02, 5.36176880e+02,
       7.21416533e-01, 6.50985291e+02, 5.06740479e+02, 7.73835599e-01,
       6.68641968e+02, 5.74467041e+02, 6.14625037e-01, 6.74471985e+02,
       4.94902069e+02, 4.96842861e-01, 1.63409680e+03, 5.03784973e+02,
       5.37916481e-01, 1.62813232e+03, 5.03861725e+02, 5.04655361e-01,
       1.57804944e+03, 5.98012085e+02, 5.01078486e-01, 1.72229382e+03,
       6.21423157e+02, 5.48328817e-01, 1.72231958e+03, 6.27417542e+02,
       4.16474462e-01, 1.64284619e+03, 6.95164246e+02, 3.19613904e-01 ]
