%YAML:1.0
---
pose_0: !!opencv-matrix
   rows: 2
   cols: 25
   dt: "3f"
   data: [ 0., 0., 0., 0., 0., 0., 6.86256592e+02, 6.21588196e+02,
       1.33305356e-01, 6.39146667e+02, 7.15797180e+02, 5.33252239e-01,
       4.00743896e+02, 6.62671631e+02, 6.00927532e-01, 0., 0., 0., 0.,
       0., 0., 0., 0., 0., 0., 0., 0., 0., 0., 0., 0., 0., 0., 0., 0.,
       0., 0., 0., 0., 0., 0., 0., 0., 0., 0., 0., 0., 0., 0., 0., 0.,
       0., 0., 0., 0., 0., 0., 0., 0., 0., 0., 0., 0., 0., 0., 0., 0.,
       0., 0., 0., 0., 0., 0., 0., 0., 4.18425415e+02, 5.24311646e+02,
       2.60252327e-01, 5.45010620e+02, 5.56810791e+02, 1.61910191e-01,
       5.33242249e+02, 6.24439087e+02, 9.18610990e-02, 0., 0., 0., 0.,
       0., 0., 5.39108643e+02, 4.86144409e+02, 8.36228430e-02,
       6.74515137e+02, 3.94909576e+02, 4.84566957e-01, 4.09526093e+02,
       4.59732025e+02, 5.65748632e-01, 9.80589233e+02, 5.44973267e+02,
       2.53193051e-01, 9.74711975e+02, 6.09788086e+02, 2.05606177e-01,
       1.31319226e+03, 6.36208801e+02, 1.80826753e-01, 0., 0., 0.,
       9.77667908e+02, 4.80176300e+02, 2.68291771e-01, 1.25135474e+03,
       4.59686584e+02, 1.33654520e-01, 1.68404126e+03, 4.53681976e+02,
       3.53768468e-01, 4.06690186e+02, 5.50927246e+02, 1.81444392e-01,
       4.09679871e+02, 5.09688080e+02, 5.74789681e-02, 0., 0., 0., 0.,
       0., 0., 1.76941321e+03, 4.74313477e+02, 2.06089288e-01, 0., 0.,
       0., 1.69580188e+03, 4.42019989e+02, 1.73568934e-01, 0., 0., 0.,
       0., 0., 0., 0., 0., 0. ]
