%YAML:1.0
---
pose_0: !!opencv-matrix
   rows: 1
   cols: 25
   dt: "3f"
   data: [ 7.36285217e+02, 5.59764282e+02, 8.42321455e-01,
       8.53994385e+02, 5.95053772e+02, 6.67845666e-01, 8.56926941e+02,
       6.56820007e+02, 5.49866438e-01, 9.98316406e+02, 7.12729492e+02,
       7.65600801e-01, 1.14255518e+03, 7.62915649e+02, 7.78739154e-01,
       8.57038086e+02, 5.30420776e+02, 6.33208990e-01, 9.30578613e+02,
       5.27235718e+02, 1.65679723e-01, 0., 0., 0., 1.11897217e+03,
       5.83298035e+02, 5.70930064e-01, 1.11606580e+03, 6.36205139e+02,
       5.65564692e-01, 1.31326331e+03, 6.45095276e+02, 7.75191963e-01,
       1.55160229e+03, 6.65673889e+02, 6.27651691e-01, 1.11894775e+03,
       5.30312744e+02, 5.72750092e-01, 1.32497473e+03, 5.03897003e+02,
       7.43442178e-01, 1.52807874e+03, 4.53802826e+02, 5.76908886e-01,
       7.18559998e+02, 5.77307373e+02, 8.88583362e-01, 7.30367798e+02,
       5.47880798e+02, 8.28240871e-01, 7.33317932e+02, 6.00955200e+02,
       6.69964969e-01, 7.62741943e+02, 5.30167542e+02, 6.20143712e-01,
       1.62228174e+03, 4.33221893e+02, 3.93311173e-01, 1.62226172e+03,
       4.33113434e+02, 4.03986067e-01, 1.54281067e+03, 4.33182007e+02,
       2.12826416e-01, 1.63388599e+03, 6.65695374e+02, 4.54865038e-01,
       1.62228113e+03, 6.74513855e+02, 4.47271317e-01, 1.57220300e+03,
       6.51021973e+02, 3.34685594e-01 ]
