%YAML:1.0
---
pose_0: !!opencv-matrix
   rows: 1
   cols: 25
   dt: "3f"
   data: [ 7.65679993e+02, 4.74378998e+02, 8.33070636e-01,
       8.80561035e+02, 4.59780090e+02, 8.05719674e-01, 8.80393921e+02,
       5.33246521e+02, 7.21441090e-01, 9.98223511e+02, 5.97950562e+02,
       8.78500700e-01, 8.80493896e+02, 5.53949951e+02, 8.41204107e-01,
       8.80401245e+02, 3.91918671e+02, 6.87954247e-01, 9.68823975e+02,
       3.41952667e+02, 8.10607374e-01, 1.06004529e+03, 3.38920807e+02,
       8.12326074e-01, 1.14248877e+03, 4.92024261e+02, 5.59270799e-01,
       1.13651453e+03, 5.42056641e+02, 5.45948565e-01, 1.23667566e+03,
       5.97981323e+02, 1.68478385e-01, 1.49567041e+03, 5.92091187e+02,
       1.84608579e-01, 1.15128491e+03, 4.39015594e+02, 5.36515415e-01,
       1.35150012e+03, 4.59771545e+02, 6.00590825e-01, 1.56336560e+03,
       4.62617126e+02, 6.58963025e-01, 7.45093628e+02, 4.83124634e+02,
       7.70725846e-01, 7.59804077e+02, 4.50869751e+02, 8.25503588e-01,
       7.62714417e+02, 5.06671722e+02, 1.78139240e-01, 7.89343140e+02,
       4.18493622e+02, 6.31538868e-01, 1.61632959e+03, 4.33198792e+02,
       5.00818193e-01, 1.61332410e+03, 4.33141907e+02, 5.53004861e-01,
       1.59576367e+03, 4.65557495e+02, 3.27189356e-01, 1.49865625e+03,
       6.59765564e+02, 1.16445221e-01, 0., 0., 0., 1.52514075e+03,
       5.80329895e+02, 1.38473660e-01 ]
