%YAML:1.0
---
pose_0: !!opencv-matrix
   rows: 1
   cols: 25
   dt: "3f"
   data: [ 7.48052246e+02, 4.39103943e+02, 8.03183973e-01,
       8.36329712e+02, 4.36062866e+02, 7.81728864e-01, 8.33414795e+02,
       4.86233154e+02, 6.61294758e-01, 9.33538391e+02, 5.59797913e+02,
       8.03825140e-01, 8.27522644e+02, 5.30278320e+02, 8.56449366e-01,
       8.42282288e+02, 3.86075836e+02, 6.61519825e-01, 9.33456116e+02,
       3.65486664e+02, 8.44454169e-01, 8.12918945e+02, 4.15504578e+02,
       7.52809763e-01, 1.12191101e+03, 4.50851440e+02, 5.45550942e-01,
       1.12486145e+03, 4.97897644e+02, 5.55824041e-01, 1.32791748e+03,
       5.00786469e+02, 7.15869665e-01, 1.56041772e+03, 5.03653473e+02,
       6.29437685e-01, 1.11899182e+03, 3.94907959e+02, 5.65964341e-01,
       1.32492371e+03, 3.62518311e+02, 5.75692892e-01, 1.52218042e+03,
       3.65498810e+02, 3.49810839e-01, 7.36341370e+02, 4.56787933e+02,
       8.21347713e-01, 7.39337463e+02, 4.27214783e+02, 8.02936912e-01,
       7.56870605e+02, 4.80303070e+02, 3.51499677e-01, 7.62685364e+02,
       3.97807281e+02, 5.86685479e-01, 1.58980054e+03, 4.18440063e+02,
       8.54936615e-02, 1.58983374e+03, 4.12590027e+02, 1.02576844e-01,
       1.55156799e+03, 3.62460510e+02, 2.12922931e-01, 1.62513599e+03,
       5.00835388e+02, 3.79641950e-01, 1.61634021e+03, 5.09715302e+02,
       3.89914125e-01, 1.58395471e+03, 4.83280151e+02, 3.53160203e-01 ]
