%YAML:1.0
---
pose_0: !!opencv-matrix
   rows: 1
   cols: 25
   dt: "3f"
   data: [ 7.86421936e+02, 3.89174072e+02, 8.72514844e-01,
       8.83539734e+02, 3.68385925e+02, 7.44049549e-01, 8.83544861e+02,
       4.36179688e+02, 7.79780388e-01, 9.74740845e+02, 3.89013885e+02,
       7.87791431e-01, 8.83388000e+02, 2.83095306e+02, 7.26853549e-01,
       8.83490906e+02, 2.88937408e+02, 4.32323366e-01, 1.00708472e+03,
       2.12447479e+02, 7.06955254e-01, 9.04144897e+02, 1.88819885e+02,
       6.95010602e-01, 1.13946594e+03, 4.21347198e+02, 6.43517017e-01,
       1.11890747e+03, 4.68475464e+02, 6.53402090e-01, 1.30722034e+03,
       5.77275879e+02, 8.10460448e-01, 1.49570068e+03, 6.83327026e+02,
       5.87197006e-01, 1.16005725e+03, 3.68369263e+02, 6.15600824e-01,
       1.35141516e+03, 3.65597321e+02, 6.83494449e-01, 1.54870935e+03,
       3.92022186e+02, 6.09260678e-01, 7.74529297e+02, 4.06634003e+02,
       7.44001627e-01, 7.74623596e+02, 3.71369690e+02, 7.65724659e-01,
       7.98096008e+02, 4.12576263e+02, 1.42619058e-01, 7.89405823e+02,
       3.39068604e+02, 5.27398586e-01, 1.61929553e+03, 3.71363739e+02,
       5.32823205e-01, 1.61343701e+03, 3.65541656e+02, 5.73380649e-01,
       1.58101038e+03, 4.09509796e+02, 3.36633623e-01, 1.56626538e+03,
       7.27462097e+02, 4.21191067e-01, 1.55746497e+03, 7.30458069e+02,
       3.75139773e-01, 1.51929614e+03, 6.89188293e+02, 3.87389183e-01 ]
