%YAML:1.0
---
pose_0: !!opencv-matrix
   rows: 1
   cols: 25
   dt: "3f"
   data: [ 6.01052673e+02, 4.97912689e+02, 8.04748118e-01,
       7.42171936e+02, 5.03687286e+02, 6.46232605e-01, 7.36353149e+02,
       5.77452637e+02, 6.15776420e-01, 9.10028625e+02, 6.56813599e+02,
       5.86470246e-01, 1.04545801e+03, 6.94979736e+02, 8.55097711e-01,
       7.42208923e+02, 4.30251465e+02, 4.47982490e-01, 9.33492554e+02,
       3.77251343e+02, 6.97896183e-01, 1.09552063e+03, 3.36039612e+02,
       7.22359538e-01, 1.05716663e+03, 5.18507019e+02, 5.20877779e-01,
       1.04825256e+03, 5.74528992e+02, 5.54181218e-01, 1.28671289e+03,
       6.00838013e+02, 5.33283055e-01, 1.58391724e+03, 6.44993164e+02,
       5.47595859e-01, 1.06881921e+03, 4.56600067e+02, 5.11137247e-01,
       1.34846790e+03, 4.47896454e+02, 4.46275711e-01, 1.60456091e+03,
       4.15484894e+02, 3.88323009e-01, 5.94935730e+02, 5.15602051e+02,
       7.58163452e-01, 5.94995056e+02, 4.77338287e+02, 8.16643238e-01,
       6.15579346e+02, 5.47869263e+02, 4.30316836e-01, 6.21507874e+02,
       4.47829895e+02, 5.89902461e-01, 1.72520886e+03, 4.33122986e+02,
       1.33606285e-01, 1.72513220e+03, 4.27246185e+02, 1.32173851e-01,
       1.62224036e+03, 4.03689270e+02, 2.48647079e-01, 1.70760864e+03,
       6.33290100e+02, 5.08073807e-01, 1.68704236e+03, 6.45147034e+02,
       4.53296155e-01, 1.59581006e+03, 6.42160706e+02, 3.08783412e-01 ]
