%YAML:1.0
---
pose_0: !!opencv-matrix
   rows: 1
   cols: 25
   dt: "3f"
   data: [ 7.33378906e+02, 3.68356781e+02, 8.06304157e-01,
       8.15832397e+02, 3.47819031e+02, 4.73134339e-01, 8.09860352e+02,
       3.85980072e+02, 4.06296343e-01, 9.95234009e+02, 4.77340027e+02,
       3.26468915e-01, 1.00114764e+03, 4.77270874e+02, 2.72964746e-01,
       8.42275452e+02, 2.74306519e+02, 4.13213760e-01, 1.00114856e+03,
       2.47769867e+02, 8.36023390e-01, 9.07087708e+02, 3.38836853e+02,
       8.29243183e-01, 1.11902698e+03, 3.71382874e+02, 5.79775333e-01,
       1.11009192e+03, 4.24314117e+02, 5.62506735e-01, 1.32787585e+03,
       4.62568542e+02, 7.44803846e-01, 1.52221008e+03, 5.15596436e+02,
       5.89214027e-01, 1.13365527e+03, 3.18330353e+02, 5.52027225e-01,
       1.35139233e+03, 3.24225220e+02, 5.85276544e-01, 1.56636511e+03,
       3.15423187e+02, 6.06662035e-01, 7.18546387e+02, 3.80155457e+02,
       7.37440884e-01, 7.18739929e+02, 3.50745819e+02, 7.83894539e-01,
       7.33397766e+02, 3.89172760e+02, 1.28679439e-01, 7.39262817e+02,
       3.21307312e+02, 5.58293283e-01, 1.63984961e+03, 2.94864624e+02,
       5.76754868e-01, 1.63406262e+03, 2.91842468e+02, 6.10134244e-01,
       1.59276013e+03, 3.18388519e+02, 2.89536536e-01, 1.60749756e+03,
       5.30271362e+02, 2.01128542e-01, 0., 0., 0., 1.56043909e+03,
       5.06791138e+02, 3.15274358e-01 ]
