%YAML:1.0
---
pose_0: !!opencv-matrix
   rows: 1
   cols: 25
   dt: "3f"
   data: [ 7.39128662e+02, 4.86248474e+02, 7.59893417e-01,
       8.62892761e+02, 4.53707245e+02, 7.31854439e-01, 8.62842590e+02,
       5.47850769e+02, 7.01687634e-01, 1.01881464e+03, 5.97846619e+02,
       5.95023990e-01, 1.13950854e+03, 6.36222534e+02, 6.46495998e-01,
       8.74599670e+02, 3.62448120e+02, 6.28389716e-01, 1.02487549e+03,
       3.36019440e+02, 7.35647976e-01, 1.18074341e+03, 2.88990601e+02,
       8.10030699e-01, 1.14538770e+03, 4.83307068e+02, 5.63031077e-01,
       1.13660632e+03, 5.42086670e+02, 5.67086875e-01, 1.32790125e+03,
       5.71523682e+02, 2.29337245e-01, 1.51632263e+03, 6.03834656e+02,
       4.88419175e-01, 1.15719006e+03, 4.33056580e+02, 5.55830300e-01,
       1.35739880e+03, 4.80163086e+02, 6.54865265e-01, 1.59573779e+03,
       4.59566254e+02, 5.75605094e-01, 7.18630005e+02, 5.00849945e+02,
       5.05212247e-01, 7.18620544e+02, 4.68534760e+02, 7.10853636e-01,
       0., 0., 0., 7.33395630e+02, 4.33120789e+02, 6.10059261e-01,
       1.66936316e+03, 4.24348572e+02, 3.99032533e-01, 1.66635840e+03,
       4.24313354e+02, 4.03981000e-01, 1.63696399e+03, 4.74374176e+02,
       2.12919921e-01, 1.58988757e+03, 6.00945618e+02, 3.41172159e-01,
       1.58394861e+03, 6.12740234e+02, 2.71755397e-01, 1.55161206e+03,
       5.92112488e+02, 2.77832448e-01 ]
