%YAML:1.0
---
pose_0: !!opencv-matrix
   rows: 1
   cols: 25
   dt: "3f"
   data: [ 8.68730042e+02, 4.50805542e+02, 9.89945307e-02,
       9.18814758e+02, 5.03843384e+02, 2.89820075e-01, 9.04062317e+02,
       5.50918518e+02, 1.75143361e-01, 7.98109619e+02, 5.56860168e+02,
       2.81079262e-01, 0., 0., 0., 9.39430237e+02, 4.62560577e+02,
       2.34420627e-01, 9.51098877e+02, 4.15522400e+02, 3.15128684e-01,
       9.04041809e+02, 4.09547424e+02, 6.49519712e-02, 1.11302295e+03,
       5.50857971e+02, 2.95572102e-01, 1.10124915e+03, 5.59696777e+02,
       2.61202544e-01, 1.32496252e+03, 5.06827301e+02, 7.10880041e-01,
       1.62516687e+03, 7.18601807e+02, 5.54127336e-01, 1.12479578e+03,
       5.36160400e+02, 2.42092252e-01, 1.33671753e+03, 5.00824707e+02,
       2.64875978e-01, 1.56342749e+03, 5.71431580e+02, 4.18020546e-01,
       0., 0., 0., 0., 0., 0., 0., 0., 0., 0., 0., 0., 1.61046167e+03,
       4.80286255e+02, 2.94791460e-01, 1.60743713e+03, 4.83150543e+02,
       2.79259115e-01, 1.57808691e+03, 5.86219543e+02, 2.07537875e-01,
       1.67522363e+03, 6.98050598e+02, 2.23777980e-01, 1.66049133e+03,
       7.18661194e+02, 2.58786887e-01, 1.63691260e+03, 7.42169495e+02,
       4.30557728e-01 ]
