%YAML:1.0
---
pose_0: !!opencv-matrix
   rows: 1
   cols: 25
   dt: "3f"
   data: [ 7.77510376e+02, 4.09745209e+02, 8.77815843e-01,
       8.83553223e+02, 4.00731415e+02, 7.03574538e-01, 8.86410767e+02,
       4.80184113e+02, 5.67319751e-01, 1.02778369e+03, 5.06800293e+02,
       6.82941914e-01, 1.12483081e+03, 5.50755127e+02, 8.02478552e-01,
       8.95276428e+02, 3.18361206e+02, 7.08409965e-01, 9.77766296e+02,
       2.24304489e+02, 8.77329946e-01, 1.03943665e+03, 1.50541946e+02,
       7.87115693e-01, 1.17188379e+03, 3.62493652e+02, 4.74889517e-01,
       1.17782092e+03, 4.12520172e+02, 5.23194492e-01, 1.36907153e+03,
       4.86190521e+02, 7.36259282e-01, 1.54279773e+03, 5.56763916e+02,
       6.79541111e-01, 1.16303442e+03, 3.09527222e+02, 4.77338433e-01,
       1.33088940e+03, 2.91775757e+02, 4.62670118e-01, 1.57511768e+03,
       2.91834015e+02, 6.21784091e-01, 7.62758789e+02, 4.27205536e+02,
       7.99748480e-01, 7.65681946e+02, 3.89109406e+02, 8.71454656e-01,
       7.74584473e+02, 4.44915314e+02, 2.81994998e-01, 7.89196167e+02,
       3.68346039e+02, 5.51879346e-01, 1.63697998e+03, 2.74285004e+02,
       5.13681591e-01, 1.63401111e+03, 2.71207855e+02, 5.47924697e-01,
       1.59572900e+03, 2.91923370e+02, 3.16092551e-01, 1.61331213e+03,
       6.03920349e+02, 5.09658992e-01, 1.61333484e+03, 6.01045349e+02,
       5.14197707e-01, 1.57225916e+03, 5.47986694e+02, 4.74269956e-01 ]
