%YAML:1.0
---
pose_0: !!opencv-matrix
   rows: 1
   cols: 25
   dt: "3f"
   data: [ 7.15635437e+02, 5.09789215e+02, 7.79560268e-01,
       8.39291992e+02, 5.42020691e+02, 7.40476191e-01, 8.24564880e+02,
       6.24555054e+02, 7.22028971e-01, 9.48134460e+02, 6.71704651e+02,
       7.47128487e-01, 1.06594507e+03, 6.71515259e+02, 7.87156641e-01,
       8.59843018e+02, 4.62557037e+02, 6.29321635e-01, 1.00713019e+03,
       4.36214752e+02, 7.73710310e-01, 1.12780017e+03, 4.09679718e+02,
       7.85702229e-01, 1.08652795e+03, 5.59772278e+02, 5.80273628e-01,
       1.07474780e+03, 6.06888000e+02, 5.94369650e-01, 1.30429272e+03,
       6.15593933e+02, 6.93757892e-01, 1.54862817e+03, 6.36215881e+02,
       5.18622875e-01, 1.09243213e+03, 5.06842560e+02, 6.06152058e-01,
       1.30735498e+03, 4.80186218e+02, 5.67959964e-01, 1.49868921e+03,
       5.03703674e+02, 4.77569580e-01, 6.98081177e+02, 5.30226135e+02,
       7.11426973e-01, 6.98148254e+02, 5.00899597e+02, 7.34965861e-01,
       7.18642090e+02, 5.53963867e+02, 7.03559518e-01, 7.27505981e+02,
       4.80354553e+02, 4.58860487e-01, 1.60456653e+03, 4.59691711e+02,
       2.06165612e-01, 1.60162256e+03, 4.59610382e+02, 2.21849963e-01,
       1.52806372e+03, 5.09670715e+02, 2.54055172e-01, 1.63097742e+03,
       6.00844055e+02, 4.72550333e-01, 1.62220728e+03, 6.12675293e+02,
       3.59136492e-01, 1.56930212e+03, 6.47960938e+02, 2.99400926e-01 ]
