%YAML:1.0
---
pose_0: !!opencv-matrix
   rows: 1
   cols: 25
   dt: "3f"
   data: [ 6.98006104e+02, 5.03681549e+02, 8.00064087e-01,
       8.24642822e+02, 4.56642273e+02, 7.10865498e-01, 8.36358704e+02,
       5.53785339e+02, 6.52892172e-01, 9.74603943e+02, 6.06840698e+02,
       7.21520185e-01, 1.08657629e+03, 6.71615540e+02, 7.93927252e-01,
       8.30408936e+02, 3.62577759e+02, 6.00023389e-01, 9.77667480e+02,
       3.00780121e+02, 5.56992114e-01, 1.09250366e+03, 2.44709396e+02,
       5.12966871e-01, 1.09539160e+03, 5.00854340e+02, 4.33297575e-01,
       1.08658264e+03, 5.56822693e+02, 4.18637425e-01, 1.16601648e+03,
       5.97922180e+02, 6.82904273e-02, 0., 0., 0., 1.10421765e+03,
       4.36196136e+02, 3.61812562e-01, 1.33383411e+03, 4.77331482e+02,
       6.82522953e-01, 1.59576672e+03, 4.56705872e+02, 5.87836862e-01,
       6.89176880e+02, 5.06719025e+02, 2.68196851e-01, 6.89223633e+02,
       4.83225128e+02, 7.46552944e-01, 0., 0., 0., 6.98015747e+02,
       4.42027374e+02, 5.90207160e-01, 1.67222522e+03, 4.27264343e+02,
       4.95108902e-01, 1.66346191e+03, 4.27211334e+02, 5.27244270e-01,
       1.63989905e+03, 4.74348358e+02, 2.32282698e-01, 0., 0., 0., 0.,
       0., 0., 0., 0., 0. ]
