%YAML:1.0
---
pose_0: !!opencv-matrix
   rows: 1
   cols: 25
   dt: "3f"
   data: [ 7.56885864e+02, 4.18494629e+02, 8.18065286e-01,
       8.45252686e+02, 4.09683716e+02, 7.47935951e-01, 8.30529236e+02,
       4.77232544e+02, 6.80824876e-01, 9.42355896e+02, 5.18530151e+02,
       4.39024270e-01, 1.00416760e+03, 5.30176636e+02, 3.51932466e-01,
       8.59942078e+02, 3.50704163e+02, 6.87243998e-01, 9.74583496e+02,
       2.71308990e+02, 8.42360914e-01, 9.54265442e+02, 4.21420685e+02,
       7.74289250e-01, 1.13952588e+03, 4.09589996e+02, 4.02544856e-01,
       1.13363428e+03, 4.56613586e+02, 4.60733026e-01, 1.34851660e+03,
       5.27305847e+02, 8.08176458e-01, 1.54863428e+03, 5.27286865e+02,
       7.01918840e-01, 1.13072021e+03, 3.47790649e+02, 2.90714592e-01,
       1.36032947e+03, 3.44925537e+02, 4.11630869e-01, 1.54288635e+03,
       1.80002045e+02, 4.43575054e-01, 7.39210938e+02, 4.33080597e+02,
       8.19125116e-01, 7.42337402e+02, 3.97886169e+02, 8.05259883e-01,
       7.59786194e+02, 4.50789459e+02, 1.53119937e-01, 7.65654907e+02,
       3.68415497e+02, 6.55510426e-01, 1.63394995e+03, 1.50546814e+02,
       1.17879383e-01, 1.63101587e+03, 1.47670166e+02, 1.02837853e-01,
       0., 0., 0., 1.56337476e+03, 5.95073669e+02, 3.81748021e-01,
       1.55450781e+03, 5.86199768e+02, 3.49606067e-01, 1.57509729e+03,
       5.06725159e+02, 5.51666737e-01 ]
