%YAML:1.0
---
pose_0: !!opencv-matrix
   rows: 1
   cols: 25
   dt: "3f"
   data: [ 7.15768066e+02, 5.47834656e+02, 8.17620575e-01,
       8.12747559e+02, 5.45029907e+02, 6.78128481e-01, 7.71611755e+02,
       6.09712097e+02, 4.05518919e-01, 7.86445374e+02, 7.21583008e+02,
       2.45409250e-01, 8.12824280e+02, 8.01070129e+02, 2.85856575e-01,
       8.36414673e+02, 4.83198273e+02, 6.62044704e-01, 9.74813049e+02,
       4.42039154e+02, 6.45559549e-01, 1.07779431e+03, 3.92043854e+02,
       5.29401422e-01, 1.08953601e+03, 5.71455994e+02, 4.91199762e-01,
       1.09245117e+03, 6.18607544e+02, 5.12778521e-01, 1.29555676e+03,
       6.39159302e+02, 6.27032340e-01, 1.51922070e+03, 6.68563110e+02,
       5.21840215e-01, 1.08654395e+03, 5.18540955e+02, 5.11612952e-01,
       1.31905713e+03, 4.80309601e+02, 6.71869874e-01, 1.51628564e+03,
       4.77323730e+02, 5.62363148e-01, 6.98031433e+02, 5.53792114e+02,
       7.32540131e-01, 7.09849243e+02, 5.24430420e+02, 7.86076903e-01,
       7.15630737e+02, 5.77353699e+02, 4.21483189e-01, 7.39153198e+02,
       5.00826447e+02, 6.07404113e-01, 1.59291919e+03, 4.56626953e+02,
       4.25090164e-01, 1.58986157e+03, 4.50765198e+02, 4.64366585e-01,
       1.56042725e+03, 4.83110657e+02, 2.71848947e-01, 1.58992590e+03,
       6.68562317e+02, 2.32566252e-01, 1.58693823e+03, 6.83288391e+02,
       2.15643942e-01, 1.55161475e+03, 6.62713745e+02, 2.88412839e-01 ]
