%YAML:1.0
---
pose_0: !!opencv-matrix
   rows: 1
   cols: 25
   dt: "3f"
   data: [ 7.65782166e+02, 4.68432678e+02, 8.54001939e-01,
       8.74605530e+02, 4.94964966e+02, 7.00665116e-01, 8.56818481e+02,
       5.39130737e+02, 7.99869359e-01, 9.01145874e+02, 4.50762207e+02,
       5.31283319e-01, 0., 0., 0., 9.01183350e+02, 4.50801666e+02,
       4.75162864e-01, 1.00414075e+03, 4.12614532e+02, 1.59048021e-01,
       0., 0., 0., 1.11889624e+03, 4.83177124e+02, 6.02173090e-01,
       1.11606750e+03, 5.30250916e+02, 6.25418961e-01, 1.35148755e+03,
       5.92116089e+02, 7.39882052e-01, 1.53678979e+03, 6.62757080e+02,
       6.79125249e-01, 1.11603052e+03, 4.33208099e+02, 6.12055123e-01,
       1.26314832e+03, 3.62405731e+02, 6.90182924e-01, 1.46916003e+03,
       3.38983032e+02, 6.52367294e-01, 7.53965820e+02, 4.86111969e+02,
       8.37985694e-01, 7.59806396e+02, 4.56612518e+02, 8.53252172e-01,
       7.65775208e+02, 5.18485413e+02, 4.23112750e-01, 7.80429382e+02,
       4.41975830e+02, 3.13833147e-01, 1.53983154e+03, 2.97758514e+02,
       1.95831627e-01, 1.53101831e+03, 2.97818542e+02, 1.98593274e-01,
       1.49560522e+03, 3.38885559e+02, 3.80033135e-01, 1.60745227e+03,
       6.39140930e+02, 5.93802094e-01, 1.58996326e+03, 6.50998901e+02,
       5.64772129e-01, 1.54282898e+03, 6.74616882e+02, 5.02180636e-01 ]
