%YAML:1.0
---
pose_0: !!opencv-matrix
   rows: 1
   cols: 25
   dt: "3f"
   data: [ 7.56886963e+02, 5.53722351e+02, 8.57190549e-01,
       8.77595947e+02, 5.56723511e+02, 6.61101878e-01, 8.80604553e+02,
       6.42161316e+02, 6.22211099e-01, 1.00421558e+03, 6.74513550e+02,
       4.49841887e-01, 1.13655432e+03, 6.98030945e+02, 3.35135043e-01,
       8.83544128e+02, 4.83258362e+02, 6.04095876e-01, 1.03941589e+03,
       4.56565002e+02, 7.83105493e-01, 1.16595789e+03, 4.24344116e+02,
       8.23119879e-01, 1.11603613e+03, 5.71410034e+02, 5.99841952e-01,
       1.11591077e+03, 6.18598328e+02, 5.98852158e-01, 1.32781970e+03,
       6.21485352e+02, 4.65969682e-01, 1.51931079e+03, 6.24377075e+02,
       5.99210918e-01, 1.12186877e+03, 5.15536804e+02, 5.75594544e-01,
       1.28376550e+03, 5.33335999e+02, 6.84523046e-01, 1.53684875e+03,
       5.27408691e+02, 5.67273021e-01, 7.39354004e+02, 5.68549805e+02,
       7.72644699e-01, 7.42126587e+02, 5.33250122e+02, 8.21674943e-01,
       7.56917114e+02, 5.83215149e+02, 3.87502342e-01, 7.65661560e+02,
       5.09645203e+02, 6.09683216e-01, 1.61043994e+03, 5.06738220e+02,
       2.43182629e-01, 1.60749731e+03, 5.03768250e+02, 3.12686145e-01,
       1.56334009e+03, 5.50907471e+02, 2.62410402e-01, 1.57220508e+03,
       6.56860657e+02, 2.04547510e-01, 1.56924207e+03, 6.50993469e+02,
       2.28133962e-01, 1.55450134e+03, 6.09777832e+02, 3.68549407e-01 ]
