%YAML:1.0
---
pose_0: !!opencv-matrix
   rows: 1
   cols: 25
   dt: "3f"
   data: [ 7.45170471e+02, 4.77309204e+02, 1.37793109e-01,
       8.09932678e+02, 5.33271423e+02, 3.96044672e-01, 8.21703247e+02,
       5.56867981e+02, 5.25274038e-01, 9.53998779e+02, 6.21471985e+02,
       7.84275055e-01, 1.11595020e+03, 6.30354248e+02, 7.94066072e-01,
       8.09850769e+02, 5.09689758e+02, 2.07979247e-01, 1.02476636e+03,
       5.00774963e+02, 3.31305504e-01, 1.12193787e+03, 4.12528687e+02,
       6.46066785e-01, 1.11894763e+03, 5.59735779e+02, 4.70065087e-01,
       1.11305139e+03, 5.77429688e+02, 3.37449849e-01, 1.35155237e+03,
       4.86190765e+02, 7.53779531e-01, 1.56045667e+03, 6.21470825e+02,
       6.19011641e-01, 1.13071643e+03, 5.33293762e+02, 4.31032956e-01,
       1.35740979e+03, 5.03825775e+02, 3.58695567e-01, 1.50162317e+03,
       6.27381958e+02, 4.22456145e-01, 7.42241028e+02, 4.83150543e+02,
       1.12049423e-01, 0., 0., 0., 7.45218872e+02, 4.86207825e+02,
       1.81835905e-01, 0., 0., 0., 0., 0., 0., 0., 0., 0.,
       1.49277539e+03, 6.56799866e+02, 3.30891788e-01, 1.64286682e+03,
       5.56818176e+02, 5.05541325e-01, 1.65163208e+03, 5.74404053e+02,
       4.31441396e-01, 1.56928650e+03, 6.45079346e+02, 4.91811633e-01 ]
