%YAML:1.0
---
pose_0: !!opencv-matrix
   rows: 1
   cols: 25
   dt: "3f"
   data: [ 7.62753235e+02, 3.94920044e+02, 8.73060405e-01,
       8.59863770e+02, 3.88899475e+02, 7.52929509e-01, 8.74668396e+02,
       4.47913879e+02, 5.02085686e-01, 9.98221252e+02, 4.71447296e+02,
       5.56306958e-01, 1.09541150e+03, 5.42009155e+02, 6.33468628e-01,
       8.62905640e+02, 3.06569427e+02, 6.14046633e-01, 1.00709784e+03,
       2.74273865e+02, 5.74315071e-01, 9.98335266e+02, 2.50717377e+02,
       7.01861560e-01, 1.13369031e+03, 4.21345367e+02, 5.63819587e-01,
       1.11898657e+03, 4.68532867e+02, 5.90805233e-01, 1.33377014e+03,
       5.42039307e+02, 6.58487737e-01, 1.54270007e+03, 5.74481934e+02,
       6.61896050e-01, 1.13954565e+03, 3.65475464e+02, 5.23017764e-01,
       1.34552808e+03, 3.65407440e+02, 6.31362557e-01, 1.57218555e+03,
       3.09475006e+02, 5.47855794e-01, 7.45135437e+02, 4.12480225e+02,
       7.77000487e-01, 7.48114258e+02, 3.80181061e+02, 8.30239832e-01,
       7.65647278e+02, 4.33121552e+02, 2.61438906e-01, 7.80394348e+02,
       3.44941254e+02, 5.30938864e-01, 1.65161560e+03, 2.80072937e+02,
       3.71666461e-01, 1.64279736e+03, 2.77159363e+02, 4.21939313e-01,
       1.63387720e+03, 3.12424805e+02, 2.61793286e-01, 1.58983997e+03,
       5.45044312e+02, 2.65451729e-01, 0., 0., 0., 1.57223181e+03,
       5.65646057e+02, 3.34952056e-01 ]
