%YAML:1.0
---
pose_0: !!opencv-matrix
   rows: 1
   cols: 25
   dt: "3f"
   data: [ 5.42033630e+02, 6.62679443e+02, 1.42404437e-01,
       6.24442017e+02, 5.74418945e+02, 3.23219180e-01, 6.48029907e+02,
       6.53872925e+02, 2.15190053e-01, 6.98047668e+02, 6.74592896e+02,
       1.58396766e-01, 8.33384644e+02, 7.86447998e+02, 3.10800940e-01,
       6.56817871e+02, 4.77305725e+02, 2.76586980e-01, 8.53949646e+02,
       3.94912445e+02, 7.71618009e-01, 6.92108765e+02, 4.89106964e+02,
       7.09512830e-01, 1.05126282e+03, 6.39143677e+02, 4.62175667e-01,
       1.03648511e+03, 7.03977905e+02, 4.70536858e-01, 1.23667688e+03,
       8.39338318e+02, 2.00619832e-01, 1.38088000e+03, 8.51105408e+02,
       5.56269810e-02, 1.06884082e+03, 5.68496216e+02, 4.05599594e-01,
       1.34261926e+03, 6.45084229e+02, 4.37159151e-01, 1.74584937e+03,
       6.68513794e+02, 2.84479022e-01, 5.15570190e+02, 6.62722229e+02,
       1.51801884e-01, 0., 0., 0., 0., 0., 0., 5.03767975e+02,
       6.50938599e+02, 1.29960194e-01, 1.84001367e+03, 6.15644592e+02,
       2.71614790e-01, 1.84003723e+03, 6.15626038e+02, 2.46039584e-01,
       1.77227869e+03, 6.92204224e+02, 2.09052101e-01, 0., 0., 0., 0.,
       0., 0., 0., 0., 0. ]
