%YAML:1.0
---
pose_0: !!opencv-matrix
   rows: 1
   cols: 25
   dt: "3f"
   data: [ 7.59766235e+02, 5.09793213e+02, 8.36257458e-01,
       8.74645203e+02, 5.24420593e+02, 7.06450582e-01, 8.68782166e+02,
       6.00964050e+02, 6.45562291e-01, 9.92382996e+02, 6.42043396e+02,
       6.81598067e-01, 1.09551855e+03, 6.68644409e+02, 8.02381992e-01,
       8.89369019e+02, 4.50827576e+02, 6.39943421e-01, 1.03653979e+03,
       4.15480957e+02, 7.87600279e-01, 9.80600586e+02, 4.77245300e+02,
       8.37353230e-01, 1.13069983e+03, 5.47853760e+02, 6.18809521e-01,
       1.12192554e+03, 5.89191833e+02, 6.02859497e-01, 1.30724683e+03,
       6.03814819e+02, 6.94623709e-01, 1.49562793e+03, 6.48070007e+02,
       6.09740734e-01, 1.13950916e+03, 4.92041656e+02, 6.08594596e-01,
       1.33382849e+03, 4.83322815e+02, 6.28749669e-01, 1.53982813e+03,
       4.83261200e+02, 6.29323363e-01, 7.42153320e+02, 5.27391113e+02,
       8.39984059e-01, 7.45118591e+02, 5.00755005e+02, 8.38208079e-01,
       7.62831299e+02, 5.50884155e+02, 7.02663541e-01, 7.65864624e+02,
       4.77253082e+02, 6.19506955e-01, 1.61329980e+03, 4.59643250e+02,
       4.35549349e-01, 1.60752209e+03, 4.56683990e+02, 4.48719472e-01,
       1.56337732e+03, 4.80161133e+02, 3.37034345e-01, 1.57811816e+03,
       6.56889221e+02, 5.83416283e-01, 1.56326489e+03, 6.68663452e+02,
       5.67721069e-01, 1.51622131e+03, 6.45010864e+02, 4.10561651e-01 ]
