%YAML:1.0
---
pose_0: !!opencv-matrix
   rows: 1
   cols: 25
   dt: "3f"
   data: [ 0., 0., 0., 6.36257263e+02, 6.18560547e+02, 1.28732458e-01,
       6.62766602e+02, 6.71598877e+02, 1.53963342e-01, 7.33332092e+02,
       7.53984924e+02, 5.09099305e-01, 5.30280273e+02, 6.89222107e+02,
       5.19664288e-01, 6.15642090e+02, 5.33247559e+02, 8.36428329e-02,
       7.42148193e+02, 4.09716187e+02, 7.48082638e-01, 5.06791779e+02,
       5.00788910e+02, 4.07435179e-01, 1.00415692e+03, 5.50901428e+02,
       3.46811235e-01, 1.00416327e+03, 6.24477295e+02, 2.61098057e-01,
       1.33376282e+03, 6.27457825e+02, 2.35191122e-01, 1.73410425e+03,
       6.65705627e+02, 5.28071076e-02, 1.00418512e+03, 4.83253967e+02,
       3.49642605e-01, 1.25726318e+03, 4.41968048e+02, 2.08095163e-01,
       1.54272571e+03, 4.21397491e+02, 1.67613298e-01, 0., 0., 0., 0.,
       0., 0., 0., 0., 0., 0., 0., 0., 0., 0., 0., 0., 0., 0., 0., 0.,
       0., 0., 0., 0., 0., 0., 0., 1.77532129e+03, 6.65700134e+02,
       5.88584505e-02 ]
