%YAML:1.0
---
pose_0: !!opencv-matrix
   rows: 1
   cols: 25
   dt: "3f"
   data: [ 7.15654358e+02, 4.92009186e+02, 7.72424638e-01,
       8.36307861e+02, 5.24292725e+02, 7.74417162e-01, 8.12928284e+02,
       5.89099487e+02, 7.36303091e-01, 9.27519531e+02, 6.48106750e+02,
       7.59819269e-01, 1.00705884e+03, 6.65584900e+02, 7.77624130e-01,
       8.56975281e+02, 4.53738922e+02, 5.86986661e-01, 1.00121185e+03,
       4.36072388e+02, 7.67456651e-01, 1.11891724e+03, 4.09715179e+02,
       8.69436443e-01, 1.11594556e+03, 5.56770020e+02, 5.86607754e-01,
       1.09830530e+03, 6.03943115e+02, 5.45482457e-01, 1.30141138e+03,
       5.97979736e+02, 7.63817132e-01, 1.50155994e+03, 6.77475769e+02,
       5.55501640e-01, 1.12485571e+03, 5.06734741e+02, 5.80936968e-01,
       1.34550256e+03, 5.00888947e+02, 7.58229613e-01, 1.55162659e+03,
       5.71394043e+02, 6.40145183e-01, 7.00942871e+02, 5.06810211e+02,
       7.77356088e-01, 7.01052368e+02, 4.83088654e+02, 7.68516302e-01,
       7.18564697e+02, 5.36163940e+02, 6.49002373e-01, 7.18731079e+02,
       4.71434692e+02, 4.39388335e-01, 1.61036108e+03, 5.00847870e+02,
       4.06056643e-01, 1.60164429e+03, 5.03818787e+02, 4.13995951e-01,
       1.56929004e+03, 5.97993408e+02, 4.15180445e-01, 1.63401782e+03,
       6.45051819e+02, 2.32450813e-01, 1.63400806e+03, 6.50985535e+02,
       1.45832092e-01, 1.53393347e+03, 6.89210327e+02, 3.77468467e-01 ]
