%YAML:1.0
---
pose_0: !!opencv-matrix
   rows: 1
   cols: 25
   dt: "3f"
   data: [ 6.68641968e+02, 4.56783356e+02, 7.83294916e-01,
       8.12822388e+02, 4.86166962e+02, 6.72207952e-01, 8.12944336e+02,
       5.71509460e+02, 5.04322052e-01, 9.42369446e+02, 6.51040527e+02,
       7.79195249e-01, 7.98085205e+02, 6.15674927e+02, 7.46085703e-01,
       8.12921021e+02, 3.97817169e+02, 6.75410688e-01, 9.68836487e+02,
       3.33053436e+02, 7.44389713e-01, 1.07480505e+03, 3.30134521e+02,
       7.07643330e-01, 1.10714392e+03, 5.47864258e+02, 5.35541296e-01,
       1.08948376e+03, 5.98060303e+02, 5.52293122e-01, 1.28078931e+03,
       6.68527405e+02, 3.39875877e-01, 1.43678442e+03, 6.89250854e+02,
       2.22391680e-01, 1.12191101e+03, 4.83194641e+02, 4.95094091e-01,
       1.35438892e+03, 5.92132507e+02, 5.09274006e-01, 1.73115381e+03,
       5.65563843e+02, 4.06874567e-01, 6.59779236e+02, 4.80315155e+02,
       7.45940924e-01, 6.59746338e+02, 4.47879303e+02, 5.52468061e-01,
       6.89194641e+02, 5.15534363e+02, 5.05218029e-01, 0., 0., 0.,
       1.79289038e+03, 4.94975464e+02, 2.31522053e-01, 1.78999329e+03,
       4.95008423e+02, 1.98989779e-01, 1.76054639e+03, 5.92110535e+02,
       1.70460299e-01, 0., 0., 0., 0., 0., 0., 1.46916309e+03,
       6.77434143e+02, 7.62585551e-02 ]
