%YAML:1.0
---
pose_0: !!opencv-matrix
   rows: 1
   cols: 25
   dt: "3f"
   data: [ 8.12838745e+02, 5.27222046e+02, 7.86214113e-01,
       8.92275452e+02, 5.06693451e+02, 6.78974688e-01, 8.86436890e+02,
       5.65605286e+02, 5.51213503e-01, 7.65799194e+02, 5.97825439e+02,
       8.47911954e-01, 7.18588501e+02, 5.18467529e+02, 5.82651258e-01,
       8.80502625e+02, 4.50849640e+02, 5.29575527e-01, 8.65857483e+02,
       3.41930634e+02, 2.95693845e-01, 8.39299500e+02, 2.97816071e+02,
       1.26027331e-01, 1.16013538e+03, 5.27228699e+02, 5.44792235e-01,
       1.15715979e+03, 5.71469421e+02, 5.53280354e-01, 1.35432239e+03,
       6.36289612e+02, 6.87395453e-01, 1.52223877e+03, 6.33335083e+02,
       6.72441900e-01, 1.16306116e+03, 4.74371857e+02, 5.47424078e-01,
       1.34553918e+03, 4.77261658e+02, 6.78678453e-01, 1.54568140e+03,
       4.44937775e+02, 6.05377197e-01, 8.03948242e+02, 5.30432251e+02,
       6.04995728e-01, 7.98166199e+02, 5.06744293e+02, 7.38808572e-01,
       8.21661377e+02, 5.50893616e+02, 3.02347183e-01, 8.12945984e+02,
       4.80357239e+02, 4.37814176e-01, 1.61333386e+03, 4.27264923e+02,
       4.43228960e-01, 1.60755200e+03, 4.21410431e+02, 4.81019020e-01,
       1.58392517e+03, 4.50785278e+02, 2.48006269e-01, 1.57512012e+03,
       6.80423645e+02, 5.34865499e-01, 1.57219348e+03, 6.77435181e+02,
       5.23234010e-01, 1.54867761e+03, 6.15660522e+02, 4.99295533e-01 ]
