%YAML:1.0
---
pose_0: !!opencv-matrix
   rows: 1
   cols: 25
   dt: "3f"
   data: [ 7.42121887e+02, 4.33187439e+02, 8.85540426e-01,
       8.68748596e+02, 4.36104858e+02, 7.05063283e-01, 8.71681519e+02,
       5.15546509e+02, 6.95484400e-01, 9.86465271e+02, 5.74514771e+02,
       8.22557569e-01, 1.06900830e+03, 6.47904541e+02, 8.53685260e-01,
       8.71688599e+02, 3.62409515e+02, 5.89065671e-01, 1.00713745e+03,
       3.38906555e+02, 7.33190060e-01, 1.05420874e+03, 2.94973907e+02,
       7.41441548e-01, 1.13363574e+03, 4.53692841e+02, 5.79993427e-01,
       1.12189063e+03, 5.00889893e+02, 6.10298753e-01, 1.33378076e+03,
       5.30200989e+02, 7.40418315e-01, 1.54867395e+03, 5.77465271e+02,
       6.92381501e-01, 1.13949243e+03, 3.94920135e+02, 6.00813746e-01,
       1.33092078e+03, 3.62587219e+02, 6.93310738e-01, 1.56928760e+03,
       3.03654541e+02, 6.20223165e-01, 7.21670776e+02, 4.44937500e+02,
       7.90816009e-01, 7.33313660e+02, 4.09715851e+02, 8.40103388e-01,
       7.42235840e+02, 4.62709534e+02, 3.18745524e-01, 7.59813660e+02,
       3.83055969e+02, 5.50891161e-01, 1.64279810e+03, 2.71199402e+02,
       5.01221061e-01, 1.63694751e+03, 2.68327118e+02, 4.99063969e-01,
       1.58985278e+03, 2.97749176e+02, 2.61207223e-01, 1.60166309e+03,
       5.53793884e+02, 2.43935093e-01, 0., 0., 0., 1.58104651e+03,
       5.71437134e+02, 4.27910626e-01 ]
