%YAML:1.0
---
pose_0: !!opencv-matrix
   rows: 1
   cols: 25
   dt: "3f"
   data: [ 5.27282776e+02, 5.18488037e+02, 4.22820181e-01,
       6.18607361e+02, 5.53895447e+02, 3.36057484e-01, 5.68559998e+02,
       6.21520142e+02, 2.20621660e-01, 4.80225311e+02, 5.97905579e+02,
       1.43818259e-01, 0., 0., 0., 6.48068481e+02, 4.83254028e+02,
       2.12245330e-01, 8.45202454e+02, 4.59679993e+02, 7.31133163e-01,
       6.33330688e+02, 5.12635742e+02, 7.00350106e-01, 1.06891821e+03,
       5.50901306e+02, 2.73398459e-01, 1.06007898e+03, 6.27443726e+02,
       1.93905830e-01, 1.23964783e+03, 6.86248169e+02, 1.04213051e-01,
       0., 0., 0., 1.06885181e+03, 4.83129486e+02, 3.13651890e-01,
       1.29258813e+03, 3.83074554e+02, 2.00458914e-01, 1.35142041e+03,
       3.59524689e+02, 2.33293772e-01, 5.06736664e+02, 5.27392639e+02,
       5.11858821e-01, 5.15555542e+02, 5.03749390e+02, 3.97566617e-01,
       5.24331177e+02, 5.71440186e+02, 2.26739019e-01, 5.39097290e+02,
       4.83213684e+02, 2.29449213e-01, 0., 0., 0., 0., 0., 0.,
       1.36324695e+03, 3.33133911e+02, 1.09046698e-01, 0., 0., 0., 0.,
       0., 0., 0., 0., 0. ]
