%YAML:1.0
---
pose_0: !!opencv-matrix
   rows: 1
   cols: 25
   dt: "3f"
   data: [ 7.89449463e+02, 4.03701843e+02, 8.19043100e-01,
       8.95228943e+02, 4.68436676e+02, 6.82499051e-01, 8.83392761e+02,
       5.47940369e+02, 7.95817316e-01, 9.80558899e+02, 6.33265015e+02,
       8.10839057e-01, 8.80519226e+02, 6.51072021e+02, 8.46350849e-01,
       8.89383057e+02, 3.86120880e+02, 7.56747842e-01, 9.83505371e+02,
       4.30163025e+02, 8.17156196e-01, 8.65850952e+02, 5.21377014e+02,
       7.31507123e-01, 1.13659509e+03, 4.33177155e+02, 4.81606692e-01,
       1.14247937e+03, 4.80346924e+02, 5.06697237e-01, 1.35435999e+03,
       4.80301910e+02, 6.87393844e-01, 1.56635510e+03, 4.97917267e+02,
       5.77706456e-01, 1.12191504e+03, 3.83145874e+02, 5.34670532e-01,
       1.35140466e+03, 2.65358154e+02, 5.01829088e-01, 1.52220898e+03,
       1.74130463e+02, 5.05420566e-01, 7.71645691e+02, 4.12652588e+02,
       8.05942118e-01, 7.86308960e+02, 3.86172821e+02, 8.62530231e-01,
       7.89202393e+02, 4.62583221e+02, 6.43264294e-01, 0., 0., 0.,
       1.61333191e+03, 1.15338264e+02, 2.52546221e-01, 1.61335852e+03,
       1.21145042e+02, 2.05386728e-01, 1.52513965e+03, 1.65284637e+02,
       2.38654852e-01, 1.63100476e+03, 5.24434998e+02, 4.46028829e-01,
       1.62519299e+03, 5.27343018e+02, 4.55961704e-01, 1.59282422e+03,
       4.83169617e+02, 4.38168764e-01 ]
