%YAML:1.0
---
pose_0: !!opencv-matrix
   rows: 1
   cols: 25
   dt: "3f"
   data: [ 7.39214905e+02, 5.30323608e+02, 7.56363690e-01,
       8.12766541e+02, 5.03731476e+02, 7.36591935e-01, 8.27562744e+02,
       5.71410522e+02, 5.40842593e-01, 9.48256592e+02, 6.06789246e+02,
       4.66798246e-01, 1.04818359e+03, 6.65648743e+02, 7.56446958e-01,
       8.01096375e+02, 4.36131287e+02, 6.49528086e-01, 7.65751099e+02,
       3.18307739e+02, 7.16754377e-01, 6.50960388e+02, 2.94752319e+02,
       7.31481254e-01, 1.08658215e+03, 5.18478516e+02, 5.75040877e-01,
       1.08947937e+03, 5.59737122e+02, 5.66246212e-01, 1.27783130e+03,
       6.00790649e+02, 7.70667195e-01, 1.49572058e+03, 6.06848328e+02,
       5.44707537e-01, 1.08941162e+03, 4.62667114e+02, 5.57642281e-01,
       1.28087256e+03, 4.12510406e+02, 4.52676177e-01, 1.46621143e+03,
       3.21379211e+02, 3.42541724e-01, 7.24493835e+02, 5.42030640e+02,
       5.48078060e-01, 7.21683472e+02, 5.15533875e+02, 6.90590858e-01,
       7.45162964e+02, 5.47974854e+02, 9.44160521e-02, 7.39198364e+02,
       4.83209503e+02, 6.63666427e-01, 1.51037415e+03, 3.38885040e+02,
       6.96197450e-02, 0., 0., 0., 1.48681665e+03, 3.12463257e+02,
       2.21163616e-01, 1.52512219e+03, 5.50855713e+02, 2.94313520e-01,
       1.51927979e+03, 5.53920715e+02, 2.44335607e-01, 1.53686218e+03,
       6.03866943e+02, 2.63474762e-01 ]
