%YAML:1.0
---
pose_0: !!opencv-matrix
   rows: 1
   cols: 25
   dt: "3f"
   data: [ 7.51034424e+02, 3.62387482e+02, 8.20141673e-01,
       8.83398071e+02, 3.88964600e+02, 8.23196590e-01, 8.71682190e+02,
       4.65522369e+02, 6.97532892e-01, 9.77587646e+02, 5.65593994e+02,
       8.09489906e-01, 1.10418994e+03, 5.56761780e+02, 7.29139507e-01,
       8.98211975e+02, 3.03643127e+02, 6.80457830e-01, 1.04525134e+03,
       2.94839966e+02, 8.34574461e-01, 1.18072815e+03, 2.56600861e+02,
       7.22187579e-01, 1.13952246e+03, 4.36147858e+02, 6.50829077e-01,
       1.12775793e+03, 4.83237122e+02, 6.25328898e-01, 1.33385791e+03,
       5.09769867e+02, 6.99786365e-01, 1.54282288e+03, 5.50854370e+02,
       6.40493274e-01, 1.14545251e+03, 3.86151764e+02, 6.23835206e-01,
       1.36912683e+03, 3.38933929e+02, 4.95595276e-01, 1.56627551e+03,
       2.91803680e+02, 5.28225780e-01, 7.39289673e+02, 3.83042938e+02,
       8.03704143e-01, 7.39367493e+02, 3.41982452e+02, 8.23018670e-01,
       7.62893982e+02, 4.09676910e+02, 5.95313668e-01, 7.65755676e+02,
       3.18514618e+02, 3.86203229e-01, 1.64582739e+03, 2.65366974e+02,
       2.67259419e-01, 1.63990869e+03, 2.59513153e+02, 2.98735023e-01,
       0., 0., 0., 1.61043127e+03, 5.30190857e+02, 3.87873769e-01,
       1.60460803e+03, 5.39143616e+02, 3.05123210e-01, 1.57223962e+03,
       5.47961487e+02, 3.12536895e-01 ]
