%YAML:1.0
---
pose_0: !!opencv-matrix
   rows: 1
   cols: 25
   dt: "3f"
   data: [ 6.89199829e+02, 4.83192322e+02, 8.84888113e-01,
       8.15787354e+02, 4.83282410e+02, 7.56723464e-01, 8.12748840e+02,
       5.74322693e+02, 7.60682166e-01, 8.86459839e+02, 6.62734497e+02,
       5.27122319e-01, 9.15867554e+02, 6.86234070e+02, 5.89928150e-01,
       8.36372559e+02, 3.94957855e+02, 6.42572820e-01, 9.77740417e+02,
       3.89051025e+02, 5.32959342e-01, 1.02184955e+03, 3.88967987e+02,
       2.40560040e-01, 1.09533008e+03, 5.06672363e+02, 5.99350989e-01,
       1.08948132e+03, 5.53889160e+02, 5.80035865e-01, 1.30740625e+03,
       5.50825256e+02, 6.76308155e-01, 1.58988440e+03, 5.62721375e+02,
       5.62281489e-01, 1.09833911e+03, 4.50776123e+02, 5.38144946e-01,
       1.35446558e+03, 4.36102753e+02, 6.95186555e-01, 1.54276465e+03,
       4.65598267e+02, 4.53856051e-01, 6.71539063e+02, 5.03666992e+02,
       8.31367970e-01, 6.74486084e+02, 4.62565399e+02, 8.31179142e-01,
       6.92024292e+02, 5.24343872e+02, 3.77535254e-01, 7.03903931e+02,
       4.33258850e+02, 6.65469289e-01, 1.61928076e+03, 4.36124634e+02,
       2.11022511e-01, 1.61343213e+03, 4.36033722e+02, 2.81069756e-01,
       1.57511780e+03, 4.86119843e+02, 3.25128019e-01, 1.69868152e+03,
       5.47957031e+02, 5.96445680e-01, 1.68694592e+03, 5.53925293e+02,
       5.04498959e-01, 1.61047400e+03, 5.56806946e+02, 2.75199711e-01 ]
