%YAML:1.0
---
pose_0: !!opencv-matrix
   rows: 1
   cols: 25
   dt: "3f"
   data: [ 6.98139832e+02, 3.50742401e+02, 7.48235822e-01,
       8.30486328e+02, 3.38833069e+02, 7.62096286e-01, 8.33348999e+02,
       4.15578400e+02, 6.65965497e-01, 9.54080322e+02, 4.80252747e+02,
       8.02335024e-01, 1.03361670e+03, 5.27275085e+02, 7.98769116e-01,
       8.36278931e+02, 2.47842529e+02, 6.51134729e-01, 9.74630432e+02,
       1.94648407e+02, 7.85305083e-01, 1.07179907e+03, 1.53556107e+02,
       8.60984385e-01, 1.11302551e+03, 3.50725952e+02, 5.57238102e-01,
       1.09841028e+03, 3.97847565e+02, 5.89396000e-01, 1.28674731e+03,
       4.18470581e+02, 6.60576880e-01, 1.54567285e+03, 4.12551575e+02,
       6.27487540e-01, 1.11893445e+03, 2.94837433e+02, 5.16149461e-01,
       1.32496411e+03, 2.91809784e+02, 6.71298563e-01, 1.55750500e+03,
       2.94893127e+02, 5.73842168e-01, 6.83374939e+02, 3.62584717e+02,
       6.96696520e-01, 6.89156799e+02, 3.33069336e+02, 7.69294620e-01,
       0., 0., 0., 7.03971008e+02, 2.94716644e+02, 5.63516557e-01,
       1.63694922e+03, 2.65434845e+02, 3.71316403e-01, 1.63397876e+03,
       2.65339539e+02, 3.82086933e-01, 1.58695374e+03, 3.21320190e+02,
       2.48563930e-01, 1.61639648e+03, 3.71327423e+02, 4.43422586e-01,
       1.61045264e+03, 3.86091644e+02, 3.85204613e-01, 1.56343567e+03,
       4.06698608e+02, 2.80145049e-01 ]
