%YAML:1.0
---
pose_0: !!opencv-matrix
   rows: 1
   cols: 25
   dt: "3f"
   data: [ 7.33293274e+02, 4.36153778e+02, 8.53207171e-01,
       8.15775269e+02, 4.24356384e+02, 6.95998788e-01, 8.12745667e+02,
       4.86133362e+02, 7.06848562e-01, 9.07040405e+02, 5.21437073e+02,
       4.71406311e-01, 9.71782288e+02, 5.36174133e+02, 4.60974127e-01,
       8.24633362e+02, 3.53676178e+02, 5.01810312e-01, 9.68859985e+02,
       3.18430298e+02, 7.84208715e-01, 1.09844421e+03, 3.12409943e+02,
       7.78229296e-01, 1.10717627e+03, 4.53803009e+02, 5.71260214e-01,
       1.09545361e+03, 5.03671753e+02, 5.77407658e-01, 1.30440283e+03,
       5.56828491e+02, 7.58449018e-01, 1.48097412e+03, 4.92043121e+02,
       4.21493560e-01, 1.11605945e+03, 4.03682465e+02, 5.18728733e-01,
       1.32795361e+03, 4.06698792e+02, 6.61345840e-01, 1.56040894e+03,
       3.97826752e+02, 5.60368299e-01, 7.18622864e+02, 4.53810638e+02,
       8.23176742e-01, 7.18616211e+02, 4.21333313e+02, 8.26317191e-01,
       7.39297607e+02, 4.65615692e+02, 2.82975405e-01, 7.36358765e+02,
       3.89097137e+02, 6.91156387e-01, 1.62815820e+03, 3.56575348e+02,
       3.35419357e-01, 1.62225732e+03, 3.56633545e+02, 3.78388286e-01,
       1.58689832e+03, 4.18432831e+02, 2.29984447e-01, 1.56635815e+03,
       5.03825348e+02, 1.66605771e-01, 1.54570654e+03, 5.18544312e+02,
       1.62954539e-01, 1.51331604e+03, 4.68485657e+02, 2.75964290e-01 ]
