%YAML:1.0
---
pose_0: !!opencv-matrix
   rows: 1
   cols: 25
   dt: "3f"
   data: [ 7.33356140e+02, 3.47786469e+02, 6.93818510e-01,
       8.18767212e+02, 2.59513031e+02, 5.74421287e-01, 8.30469788e+02,
       3.38959717e+02, 5.00610948e-01, 8.98144958e+02, 4.80149170e+02,
       6.63232028e-01, 9.54173462e+02, 5.98078064e+02, 7.84412026e-01,
       8.09877441e+02, 1.94700546e+02, 4.44279999e-01, 9.74683472e+02,
       1.06586334e+02, 7.36503839e-01, 1.11009839e+03, 1.30125336e+02,
       6.56498432e-01, 1.11304614e+03, 2.88930298e+02, 4.74178553e-01,
       1.10129126e+03, 3.39009460e+02, 4.95747805e-01, 1.31320923e+03,
       4.09540924e+02, 4.07405913e-01, 1.48389954e+03, 4.86107452e+02,
       3.00999910e-01, 1.12186182e+03, 2.24119537e+02, 4.46447402e-01,
       1.25728772e+03, 1.91820251e+02, 3.04604739e-01, 1.42203088e+03,
       1.53519501e+02, 2.24683940e-01, 7.15762695e+02, 3.53675812e+02,
       6.03214353e-02, 7.15768555e+02, 3.38900391e+02, 7.82126546e-01,
       0., 0., 0., 7.18771667e+02, 2.91807251e+02, 6.43139422e-01, 0.,
       0., 0., 0., 0., 0., 1.43386951e+03, 1.30027634e+02,
       1.06384978e-01, 1.51616907e+03, 5.00864471e+02, 6.11901246e-02,
       0., 0., 0., 1.51037109e+03, 4.89079926e+02, 2.09073186e-01 ]
