%YAML:1.0
---
pose_0: !!opencv-matrix
   rows: 1
   cols: 25
   dt: "3f"
   data: [ 7.15653015e+02, 4.36241516e+02, 8.35851610e-01,
       8.15826782e+02, 4.36045837e+02, 6.62156105e-01, 8.33425842e+02,
       5.03711487e+02, 5.88069677e-01, 9.57072083e+02, 5.30201355e+02,
       4.61037666e-01, 1.08357813e+03, 5.80343750e+02, 5.14501750e-01,
       8.09959167e+02, 3.68376587e+02, 5.79765975e-01, 9.86446899e+02,
       3.21358673e+02, 7.26412773e-01, 1.13947766e+03, 3.21344116e+02,
       8.01864624e-01, 1.11606360e+03, 4.59718842e+02, 5.83889842e-01,
       1.10717822e+03, 5.09718536e+02, 5.69768488e-01, 1.32203796e+03,
       5.50969666e+02, 7.79153407e-01, 1.59869836e+03, 6.50930908e+02,
       6.54687464e-01, 1.12187085e+03, 4.09503632e+02, 5.46067655e-01,
       1.35146252e+03, 4.12582703e+02, 4.98491913e-01, 1.59276514e+03,
       4.12571472e+02, 5.54234266e-01, 7.00983521e+02, 4.59537964e+02,
       8.01589370e-01, 6.95232605e+02, 4.21403595e+02, 7.88319767e-01,
       7.15811035e+02, 4.80329346e+02, 3.46250176e-01, 7.18749512e+02,
       3.92015656e+02, 6.47778988e-01, 1.65753430e+03, 3.74277954e+02,
       3.96787465e-01, 1.65462744e+03, 3.74284363e+02, 4.21509087e-01,
       1.63399915e+03, 4.36084747e+02, 2.09750846e-01, 1.66349695e+03,
       5.98043945e+02, 5.05036294e-01, 1.66045813e+03, 6.12683411e+02,
       3.88891429e-01, 1.61336890e+03, 6.68577576e+02, 4.69143212e-01 ]
