%YAML:1.0
---
pose_0: !!opencv-matrix
   rows: 1
   cols: 25
   dt: "3f"
   data: [ 6.30435852e+02, 4.86080719e+02, 8.20997417e-01,
       7.62901184e+02, 5.27214722e+02, 7.00938702e-01, 7.65710327e+02,
       6.18481506e+02, 6.69390798e-01, 8.95236145e+02, 6.71501099e+02,
       6.84129179e-01, 1.00418225e+03, 6.71686401e+02, 8.41176152e-01,
       7.42263733e+02, 4.39118408e+02, 6.00616634e-01, 9.30527466e+02,
       3.94908691e+02, 8.58002186e-01, 7.89352783e+02, 3.92036835e+02,
       8.32427621e-01, 1.06885754e+03, 5.27286560e+02, 5.42835176e-01,
       1.06301453e+03, 5.77325134e+02, 5.47596335e-01, 1.32499280e+03,
       5.80292236e+02, 6.19517207e-01, 1.59285889e+03, 5.89186279e+02,
       5.60204208e-01, 1.06891040e+03, 4.62634674e+02, 5.27099907e-01,
       1.33380981e+03, 4.36244476e+02, 6.55611277e-01, 1.55162354e+03,
       4.53702881e+02, 5.33449650e-01, 6.21445129e+02, 5.06649719e+02,
       8.49659026e-01, 6.24368713e+02, 4.65558716e+02, 8.48368049e-01,
       6.42115234e+02, 5.33248901e+02, 5.94712734e-01, 6.53855591e+02,
       4.44950531e+02, 4.93265867e-01, 1.63394678e+03, 4.36099640e+02,
       5.53918064e-01, 1.62810693e+03, 4.30231293e+02, 5.24735034e-01,
       1.58101892e+03, 4.56645508e+02, 2.28788644e-01, 1.70460413e+03,
       5.80362305e+02, 4.49988633e-01, 1.68994238e+03, 5.95050659e+02,
       3.99205625e-01, 1.62518494e+03, 5.74482971e+02, 2.82942981e-01 ]
