%YAML:1.0
---
pose_0: !!opencv-matrix
   rows: 2
   cols: 25
   dt: "3f"
   data: [ 0., 0., 0., 0., 0., 0., 9.68812317e+02, 3.36057068e+02,
       5.45936301e-02, 1.04838525e+03, 4.03680939e+02, 6.46068633e-01,
       1.13664355e+03, 4.86083160e+02, 7.74385452e-01, 0., 0., 0., 0.,
       0., 0., 0., 0., 0., 0., 0., 0., 0., 0., 0., 0., 0., 0., 0., 0.,
       0., 0., 0., 0., 0., 0., 0., 0., 0., 0., 0., 0., 0., 0., 0., 0.,
       0., 0., 0., 0., 0., 0., 0., 0., 0., 0., 0., 0., 0., 0., 0., 0.,
       0., 0., 0., 0., 0., 0., 0., 0., 7.80507263e+02, 3.88947235e+02,
       7.03195691e-01, 8.56901611e+02, 3.33090729e+02, 5.32946050e-01,
       8.36373169e+02, 3.59578247e+02, 3.36786747e-01, 8.80494629e+02,
       4.09545227e+02, 5.59960119e-02, 0., 0., 0., 8.77552429e+02,
       3.15421906e+02, 6.25245154e-01, 9.77617798e+02, 3.91958771e+02,
       6.64614201e-01, 1.00107434e+03, 5.39168152e+02, 7.74182498e-01,
       1.14544141e+03, 3.27243988e+02, 4.50794369e-01, 1.14248340e+03,
       3.71404022e+02, 4.28208560e-01, 1.34841077e+03, 4.77268494e+02,
       7.43996799e-01, 1.54862891e+03, 5.18522888e+02, 5.92712641e-01,
       1.14838037e+03, 2.80097504e+02, 3.32644761e-01, 1.37785803e+03,
       2.53670059e+02, 4.02666628e-01, 1.53986853e+03, 1.53646622e+02,
       1.93298548e-01, 7.65757019e+02, 3.86144043e+02, 2.91850567e-01,
       7.68784119e+02, 3.74274445e+02, 5.85597157e-01, 0., 0., 0.,
       7.86415955e+02, 3.35985107e+02, 5.94300032e-01, 1.57804956e+03,
       1.30014725e+02, 9.72969607e-02, 0., 0., 0., 1.54577405e+03,
       1.47674500e+02, 1.48424864e-01, 1.56331177e+03, 5.83222290e+02,
       4.27631795e-01, 1.55453882e+03, 5.77509399e+02, 4.25289184e-01,
       1.58103357e+03, 5.00833771e+02, 5.17360926e-01 ]
