%YAML:1.0
---
pose_0: !!opencv-matrix
   rows: 1
   cols: 25
   dt: "3f"
   data: [ 6.24443970e+02, 5.15549072e+02, 8.70319068e-01,
       7.62907410e+02, 5.47929626e+02, 7.24532306e-01, 7.65749329e+02,
       6.39209778e+02, 7.15695143e-01, 8.95263855e+02, 6.80384949e+02,
       4.60510045e-01, 9.24669800e+02, 6.89228394e+02, 6.43582225e-01,
       7.59847900e+02, 4.74341980e+02, 4.90069777e-01, 9.24637939e+02,
       3.44833557e+02, 4.40649629e-01, 8.62889038e+02, 3.86041931e+02,
       4.68845367e-01, 1.05419495e+03, 5.42049988e+02, 5.19550443e-01,
       1.04830139e+03, 5.97876892e+02, 5.52273095e-01, 1.30733081e+03,
       6.21626831e+02, 3.82436812e-01, 1.60160669e+03, 5.97892029e+02,
       3.92477751e-01, 1.05422217e+03, 4.80245331e+02, 5.26584446e-01,
       1.31908875e+03, 5.09657898e+02, 5.72844863e-01, 1.63996667e+03,
       5.30234680e+02, 5.36290228e-01, 6.06882690e+02, 5.30244507e+02,
       8.18794727e-01, 6.21399597e+02, 4.92077179e+02, 8.65888059e-01,
       6.24428894e+02, 5.54001526e+02, 5.43570518e-01, 6.48026001e+02,
       4.68472198e+02, 5.86256266e-01, 1.69876587e+03, 6.15644165e+02,
       2.93928176e-01, 1.70466675e+03, 6.00963135e+02, 2.59288013e-01,
       1.66634277e+03, 5.27302979e+02, 2.53345102e-01, 1.68990356e+03,
       6.24392700e+02, 2.29904279e-01, 1.68111060e+03, 6.24488037e+02,
       1.94559261e-01, 1.62808752e+03, 5.95040466e+02, 1.87182263e-01 ]
