%YAML:1.0
---
pose_0: !!opencv-matrix
   rows: 1
   cols: 25
   dt: "3f"
   data: [ 7.39353882e+02, 3.91928619e+02, 8.60151768e-01,
       8.59924683e+02, 3.86083923e+02, 7.55523562e-01, 8.80508972e+02,
       4.62664734e+02, 6.47294760e-01, 1.00132703e+03, 5.09784912e+02,
       7.69665062e-01, 1.08938989e+03, 5.94958618e+02, 7.91247666e-01,
       8.54018555e+02, 3.00779724e+02, 6.53265655e-01, 9.77569397e+02,
       2.00604431e+02, 8.46319199e-01, 1.07481140e+03, 2.97730286e+02,
       7.98456192e-01, 1.13660852e+03, 4.12658234e+02, 6.22665048e-01,
       1.12488000e+03, 4.62546021e+02, 6.25185668e-01, 1.32782190e+03,
       4.97958099e+02, 7.12359071e-01, 1.54279272e+03, 5.47875427e+02,
       6.74098730e-01, 1.14249695e+03, 3.62492706e+02, 6.26711607e-01,
       1.35436584e+03, 3.41876068e+02, 5.36348045e-01, 1.56334143e+03,
       2.94732849e+02, 6.16230965e-01, 7.27492004e+02, 4.12616028e+02,
       7.87386239e-01, 7.21701721e+02, 3.77271393e+02, 7.94304252e-01,
       7.42268311e+02, 4.33275452e+02, 2.29289606e-01, 7.42224670e+02,
       3.50754547e+02, 5.13236403e-01, 1.63707605e+03, 2.62444122e+02,
       4.93332058e-01, 1.63403796e+03, 2.59543945e+02, 5.15905499e-01,
       1.58394312e+03, 2.83070160e+02, 2.15406120e-01, 1.61055664e+03,
       5.33217407e+02, 5.23803711e-01, 1.60745801e+03, 5.50862122e+02,
       4.93271530e-01, 1.56345276e+03, 5.47905701e+02, 3.50151002e-01 ]
