%YAML:1.0
---
pose_0: !!opencv-matrix
   rows: 2
   cols: 25
   dt: "3f"
   data: [ 7.27491943e+02, 4.09573303e+02, 8.59625757e-01,
       8.09971375e+02, 4.56792450e+02, 6.94659472e-01, 7.71643555e+02,
       5.00848419e+02, 3.08327168e-01, 6.89218872e+02, 4.65571869e+02,
       2.63131201e-01, 0., 0., 0., 8.30440308e+02, 3.92002930e+02,
       5.99736094e-01, 9.89411438e+02, 3.62377319e+02, 7.95874238e-01,
       1.10721130e+03, 2.94729156e+02, 8.17462265e-01, 1.10422021e+03,
       4.74394165e+02, 5.27680993e-01, 1.09539612e+03, 5.24395386e+02,
       5.32380760e-01, 1.33386438e+03, 5.30338745e+02, 7.32105374e-01,
       1.56631738e+03, 5.56872986e+02, 6.12963557e-01, 1.11303723e+03,
       4.15562836e+02, 5.09331584e-01, 1.32787488e+03, 3.94899384e+02,
       5.20192146e-01, 1.55454590e+03, 3.86138000e+02, 3.94265920e-01,
       7.12671143e+02, 4.15599243e+02, 8.21372807e-01, 7.18540955e+02,
       3.94878052e+02, 5.31628907e-01, 7.18597046e+02, 4.53721802e+02,
       7.85990953e-01, 0., 0., 0., 1.61346899e+03, 3.59585297e+02,
       4.84474450e-01, 1.61038184e+03, 3.56662567e+02, 5.12412786e-01,
       1.60746497e+03, 3.91923492e+02, 2.24574640e-01, 1.63986108e+03,
       5.53805237e+02, 4.97045308e-01, 1.63390564e+03, 5.68562744e+02,
       4.55625266e-01, 1.59282581e+03, 5.47969971e+02, 3.11391771e-01,
       0., 0., 0., 0., 0., 0., 8.30432739e+02, 5.47855103e+02,
       4.82137382e-01, 9.62894531e+02, 5.97944031e+02, 7.53184140e-01,
       1.05122791e+03, 5.68569397e+02, 7.55618811e-01, 0., 0., 0., 0.,
       0., 0., 0., 0., 0., 0., 0., 0., 0., 0., 0., 0., 0., 0., 0., 0.,
       0., 0., 0., 0., 0., 0., 0., 0., 0., 0., 0., 0., 0., 0., 0., 0.,
       0., 0., 0., 0., 0., 0., 0., 0., 0., 0., 0., 0., 0., 0., 0., 0.,
       0., 0., 0., 0., 0., 0., 0., 0. ]
