%YAML:1.0
---
pose_0: !!opencv-matrix
   rows: 1
   cols: 25
   dt: "3f"
   data: [ 7.18787231e+02, 5.27219788e+02, 8.77010703e-01,
       8.56926147e+02, 5.53881714e+02, 7.62476981e-01, 8.51092896e+02,
       6.42150391e+02, 7.25416780e-01, 9.77556885e+02, 6.74614685e+02,
       7.88953841e-01, 1.11604236e+03, 6.95268860e+02, 8.30967963e-01,
       8.59876892e+02, 4.80268494e+02, 5.85583806e-01, 1.02487231e+03,
       4.44916534e+02, 7.41905570e-01, 1.16013049e+03, 4.18471710e+02,
       7.62505472e-01, 1.11886230e+03, 5.71427307e+02, 5.97066760e-01,
       1.11302124e+03, 6.21417542e+02, 5.92219353e-01, 1.33966846e+03,
       6.21506653e+02, 6.42605245e-01, 1.55745044e+03, 6.33269226e+02,
       6.15079224e-01, 1.11896484e+03, 5.12603149e+02, 5.65062582e-01,
       1.35136755e+03, 4.56665405e+02, 7.18139827e-01, 1.57221912e+03,
       4.33135162e+02, 4.60687250e-01, 7.15557617e+02, 5.39097839e+02,
       7.52152503e-01, 7.15709045e+02, 5.06782257e+02, 8.91370475e-01,
       7.27533142e+02, 5.71391846e+02, 6.91981733e-01, 7.42164795e+02,
       4.89063995e+02, 5.11490405e-01, 1.70173291e+03, 3.91971008e+02,
       3.37840796e-01, 1.69876794e+03, 3.86103210e+02, 3.39987427e-01,
       1.60165125e+03, 4.24309082e+02, 2.41411895e-01, 1.62516138e+03,
       6.00964172e+02, 5.59140563e-01, 1.61346790e+03, 6.18606934e+02,
       4.73303527e-01, 1.56929041e+03, 6.45105530e+02, 3.61120224e-01 ]
