%YAML:1.0
---
pose_0: !!opencv-matrix
   rows: 2
   cols: 25
   dt: "3f"
   data: [ 7.77472534e+02, 4.36206238e+02, 8.67932022e-01,
       8.54019348e+02, 4.62669891e+02, 6.39565885e-01, 8.83469849e+02,
       5.71473572e+02, 5.92026770e-01, 9.83494934e+02, 6.45129150e+02,
       8.68277192e-01, 8.95291199e+02, 6.68701904e+02, 8.55501652e-01,
       8.74630493e+02, 4.12634155e+02, 7.85569191e-01, 9.57098389e+02,
       4.65592743e+02, 7.84145474e-01, 8.42290100e+02, 5.53789551e+02,
       8.19259703e-01, 1.12185852e+03, 4.56682648e+02, 5.07389784e-01,
       1.13067712e+03, 5.00873688e+02, 5.68996429e-01, 1.33679858e+03,
       4.94932037e+02, 6.81943119e-01, 1.56330493e+03, 5.00749146e+02,
       6.10181212e-01, 1.11591785e+03, 4.06692139e+02, 5.32984078e-01,
       1.32787073e+03, 3.12410828e+02, 6.34134412e-01, 1.52511902e+03,
       2.06486511e+02, 4.67821807e-01, 7.59807556e+02, 4.53701416e+02,
       8.52377772e-01, 7.65805725e+02, 4.18514648e+02, 8.15849602e-01,
       0., 0., 0., 7.86337769e+02, 4.06617554e+02, 5.51820159e-01,
       1.61338794e+03, 1.41801132e+02, 3.07290792e-01, 1.61342432e+03,
       1.44719604e+02, 2.63046861e-01, 1.52515173e+03, 2.00639191e+02,
       2.24770918e-01, 1.62804370e+03, 5.12626099e+02, 3.17001015e-01,
       1.62222876e+03, 5.18473877e+02, 3.37500274e-01, 1.58986047e+03,
       4.83153320e+02, 3.72142255e-01, 0., 0., 0., 0., 0., 0.,
       8.15833740e+02, 5.00831024e+02, 3.51040155e-01, 7.39310364e+02,
       4.80218964e+02, 1.72728062e-01, 0., 0., 0., 0., 0., 0., 0., 0.,
       0., 0., 0., 0., 0., 0., 0., 0., 0., 0., 0., 0., 0., 0., 0., 0.,
       0., 0., 0., 0., 0., 0., 0., 0., 0., 0., 0., 0., 0., 0., 0.,
       7.65829712e+02, 4.77193115e+02, 4.82436001e-01, 0., 0., 0., 0.,
       0., 0., 0., 0., 0., 0., 0., 0., 0., 0., 0., 0., 0., 0., 0., 0.,
       0. ]
