%YAML:1.0
---
pose_0: !!opencv-matrix
   rows: 1
   cols: 25
   dt: "3f"
   data: [ 7.15585144e+02, 4.65491882e+02, 8.02905142e-01,
       8.36359802e+02, 4.80353790e+02, 7.97180772e-01, 8.33432312e+02,
       5.71401672e+02, 7.30586767e-01, 9.45227234e+02, 6.15670654e+02,
       7.66672850e-01, 1.06299707e+03, 6.45067261e+02, 7.56270111e-01,
       8.48162903e+02, 3.92004761e+02, 6.77493632e-01, 9.92337646e+02,
       3.74258728e+02, 7.53749788e-01, 1.11903601e+03, 3.41910461e+02,
       8.68416488e-01, 1.10422485e+03, 5.03723267e+02, 5.34163117e-01,
       1.09835938e+03, 5.53737915e+02, 5.46993613e-01, 1.33083813e+03,
       5.15573425e+02, 1.63098082e-01, 1.53096191e+03, 5.27384766e+02,
       1.24154575e-01, 1.10718738e+03, 4.50848785e+02, 5.35538375e-01,
       1.26320862e+03, 4.36161774e+02, 2.86906004e-01, 0., 0., 0.,
       6.95108337e+02, 4.80281250e+02, 8.12068820e-01, 6.95222778e+02,
       4.47855652e+02, 7.63688684e-01, 7.12666199e+02, 5.03895996e+02,
       3.87855768e-01, 7.18700562e+02, 4.18394165e+02, 6.07347369e-01,
       0., 0., 0., 0., 0., 0., 0., 0., 0., 0., 0., 0., 0., 0., 0.,
       1.54271082e+03, 5.30354065e+02, 9.51966047e-02 ]
