%YAML:1.0
---
pose_0: !!opencv-matrix
   rows: 1
   cols: 25
   dt: "3f"
   data: [ 4.59608124e+02, 6.21481140e+02, 7.65679181e-01,
       5.77491760e+02, 5.80280090e+02, 6.12693489e-01, 5.83240051e+02,
       6.50959045e+02, 2.74576217e-01, 6.24532959e+02, 7.39264954e+02,
       6.32987618e-02, 6.21498657e+02, 8.09882080e+02, 1.67339876e-01,
       6.00995422e+02, 4.94993011e+02, 6.40494943e-01, 6.24521790e+02,
       6.21521790e+02, 7.40342140e-01, 5.50914978e+02, 8.06912537e+02,
       7.16712058e-01, 9.95295166e+02, 6.42120239e+02, 2.07255185e-01,
       9.98309204e+02, 7.18661621e+02, 2.72611678e-01, 1.13953320e+03,
       7.77497803e+02, 1.81091473e-01, 0., 0., 0., 9.57039856e+02,
       5.53882751e+02, 2.21331120e-01, 1.14243933e+03, 5.50861511e+02,
       1.46008641e-01, 1.16313745e+03, 5.47925720e+02, 2.36483425e-01,
       4.36132294e+02, 6.36235229e+02, 7.45280206e-01, 4.36164063e+02,
       5.94979370e+02, 7.21878052e-01, 0., 0., 0., 4.56800690e+02,
       5.39146545e+02, 5.27776778e-01, 0., 0., 0., 0., 0., 0., 0., 0.,
       0., 0., 0., 0., 0., 0., 0., 0., 0., 0. ]
