%YAML:1.0
---
pose_0: !!opencv-matrix
   rows: 1
   cols: 25
   dt: "3f"
   data: [ 6.24461182e+02, 5.47927917e+02, 8.49435270e-01,
       7.68711975e+02, 5.77426880e+02, 6.45306349e-01, 7.65726379e+02,
       6.71611633e+02, 6.86766326e-01, 8.92286743e+02, 7.15788391e+02,
       7.83306777e-01, 1.02766028e+03, 7.83401550e+02, 8.19139719e-01,
       7.71614502e+02, 4.83115417e+02, 5.50372064e-01, 9.68769653e+02,
       4.39097961e+02, 6.30439639e-01, 1.10419897e+03, 4.33217377e+02,
       7.74010062e-01, 1.07475940e+03, 5.89106506e+02, 5.28790355e-01,
       1.06591064e+03, 6.47939392e+02, 5.40991426e-01, 1.32497241e+03,
       6.50956421e+02, 5.06362081e-01, 1.62813208e+03, 6.56820251e+02,
       5.73826551e-01, 1.08364392e+03, 5.27244324e+02, 5.08511662e-01,
       1.35141919e+03, 5.27405640e+02, 4.66588855e-01, 1.63699280e+03,
       5.09647766e+02, 5.53057909e-01, 6.06772034e+02, 5.59740601e+02,
       7.66652882e-01, 6.12689636e+02, 5.24377869e+02, 7.79969096e-01,
       6.21581116e+02, 5.86185425e+02, 4.59409773e-01, 6.44999084e+02,
       4.92014130e+02, 4.15034473e-01, 1.76646814e+03, 4.59644958e+02,
       3.70657831e-01, 1.76351001e+03, 4.56697327e+02, 3.53300035e-01,
       1.64574707e+03, 5.27327576e+02, 3.01159233e-01, 1.73403467e+03,
       6.45004211e+02, 2.98426867e-01, 1.72818445e+03, 6.53878418e+02,
       2.20348984e-01, 1.64576843e+03, 6.48049133e+02, 2.66741395e-01 ]
