%YAML:1.0
---
pose_0: !!opencv-matrix
   rows: 1
   cols: 25
   dt: "3f"
   data: [ 7.36211548e+02, 3.38842590e+02, 7.09733069e-01,
       8.30447571e+02, 2.44786484e+02, 5.11080742e-01, 8.12831482e+02,
       2.27161682e+02, 2.84235775e-01, 8.80630432e+02, 3.89075531e+02,
       1.75181285e-01, 9.33505249e+02, 5.42078796e+02, 1.25323176e-01,
       8.36424805e+02, 2.56584808e+02, 5.73323548e-01, 8.83578735e+02,
       4.00739319e+02, 7.16946185e-01, 9.36431885e+02, 5.44955444e+02,
       7.75213182e-01, 1.12188855e+03, 2.85987335e+02, 5.34368634e-01,
       1.11894641e+03, 3.33028534e+02, 5.66000700e-01, 1.28669727e+03,
       4.56643677e+02, 8.04953158e-01, 1.49572766e+03, 3.74308380e+02,
       5.07647216e-01, 1.12486206e+03, 2.30115448e+02, 4.84627962e-01,
       1.35144458e+03, 2.09452545e+02, 3.70959252e-01, 1.60746985e+03,
       1.53479523e+02, 2.35719875e-01, 7.18605591e+02, 3.33123901e+02,
       5.84716462e-02, 7.18679932e+02, 3.18262421e+02, 7.43557513e-01,
       0., 0., 0., 7.36216675e+02, 2.71383942e+02, 6.05130076e-01,
       1.67807642e+03, 1.47653854e+02, 8.20803866e-02, 0., 0., 0.,
       1.63106274e+03, 1.47599289e+02, 1.35809660e-01, 1.58983960e+03,
       3.91982178e+02, 1.20330021e-01, 0., 0., 0., 1.52802490e+03,
       3.59574677e+02, 3.71421158e-01 ]
