%YAML:1.0
---
pose_0: !!opencv-matrix
   rows: 1
   cols: 25
   dt: "3f"
   data: [ 0., 0., 0., 8.83490051e+02, 6.18571167e+02, 3.61876369e-01,
       8.77605286e+02, 6.21506287e+02, 4.45825279e-01, 9.30525085e+02,
       4.83145874e+02, 6.14690244e-01, 9.71803406e+02, 3.30155243e+02,
       7.93233037e-01, 0., 0., 0., 0., 0., 0., 0., 0., 0.,
       1.14839331e+03, 5.56786865e+02, 5.28034210e-01, 1.16013440e+03,
       6.09709167e+02, 5.23044109e-01, 1.36028552e+03, 6.44994019e+02,
       7.07186103e-01, 1.56330713e+03, 7.18635742e+02, 6.01883233e-01,
       1.13960107e+03, 5.06792572e+02, 6.18531942e-01, 1.27202332e+03,
       4.33005737e+02, 7.53712177e-01, 1.45449023e+03, 5.03696503e+02,
       6.95807517e-01, 8.01056091e+02, 5.50831970e+02, 1.45137504e-01,
       0., 0., 0., 8.15847839e+02, 5.80332336e+02, 1.23990655e-01, 0.,
       0., 0., 1.52512622e+03, 4.71433502e+02, 3.56381893e-01,
       1.51928552e+03, 4.65570068e+02, 3.77438873e-01, 1.46919177e+03,
       5.27338989e+02, 5.53637087e-01, 1.61928943e+03, 6.86299683e+02,
       4.60028917e-01, 1.61343274e+03, 6.98045105e+02, 3.96138728e-01,
       1.58693323e+03, 7.36271729e+02, 3.77840877e-01 ]
