%YAML:1.0
---
pose_0: !!opencv-matrix
   rows: 1
   cols: 25
   dt: "3f"
   data: [ 7.53959900e+02, 4.65489807e+02, 6.52627230e-01,
       8.45177124e+02, 4.59684418e+02, 7.13172138e-01, 8.51055664e+02,
       5.06820374e+02, 6.49812579e-01, 8.98183228e+02, 5.74466797e+02,
       8.48225474e-01, 7.68658142e+02, 5.30427979e+02, 8.70011210e-01,
       8.30525452e+02, 4.12611542e+02, 5.68255365e-01, 8.83457581e+02,
       3.83165619e+02, 8.59906971e-01, 7.86213318e+02, 4.33020416e+02,
       8.32083404e-01, 1.10126099e+03, 4.59692810e+02, 5.74778438e-01,
       1.10128931e+03, 5.06668854e+02, 5.96099913e-01, 1.31021826e+03,
       5.00863770e+02, 7.40336061e-01, 1.53985840e+03, 5.06702087e+02,
       6.10721767e-01, 1.09835950e+03, 4.12479401e+02, 6.01953089e-01,
       1.31029224e+03, 4.03688080e+02, 5.01467347e-01, 1.51633203e+03,
       4.03726715e+02, 4.36073005e-01, 7.39202637e+02, 4.77343262e+02,
       6.60272598e-01, 7.39150635e+02, 4.56555420e+02, 6.64819598e-01,
       7.59820984e+02, 4.89160828e+02, 1.79618523e-01, 7.42278259e+02,
       4.27304840e+02, 3.42187196e-01, 1.59869934e+03, 4.03724152e+02,
       1.99421257e-01, 0., 0., 0., 1.53982983e+03, 3.91996368e+02,
       2.19339162e-01, 1.62222888e+03, 4.97947815e+02, 4.83683348e-01,
       1.61332031e+03, 5.09664764e+02, 4.48652744e-01, 1.56337659e+03,
       5.03785187e+02, 2.02667639e-01 ]
