%YAML:1.0
---
pose_0: !!opencv-matrix
   rows: 1
   cols: 25
   dt: "3f"
   data: [ 7.30379395e+02, 6.01034851e+02, 8.44170809e-01,
       8.30540833e+02, 5.83285278e+02, 6.92587674e-01, 8.09817261e+02,
       6.42040955e+02, 5.18189788e-01, 9.04064026e+02, 6.68632629e+02,
       8.33787620e-02, 1.06599548e+03, 7.18584351e+02, 1.13951012e-01,
       8.56875122e+02, 5.27426392e+02, 7.24621534e-01, 9.95294128e+02,
       5.00815033e+02, 7.39855766e-01, 1.13664355e+03, 4.86197174e+02,
       8.08504105e-01, 1.11890173e+03, 6.24574951e+02, 5.81482291e-01,
       1.11011206e+03, 6.71496887e+02, 5.61041772e-01, 1.27493286e+03,
       6.95111938e+02, 3.41722697e-01, 1.50446851e+03, 6.33294373e+02,
       3.53449017e-01, 1.13068298e+03, 5.77465881e+02, 5.70699632e-01,
       1.31904150e+03, 6.48155579e+02, 7.33308792e-01, 1.56331982e+03,
       6.68698120e+02, 5.49511850e-01, 7.15562561e+02, 6.09724976e+02,
       7.93239236e-01, 7.18759033e+02, 5.80336609e+02, 8.47572327e-01,
       7.24488708e+02, 6.24402710e+02, 7.93613791e-02, 7.42218323e+02,
       5.56773560e+02, 6.23576641e-01, 1.63989697e+03, 6.47939941e+02,
       4.45313454e-01, 1.63702344e+03, 6.45003662e+02, 4.57990944e-01,
       1.59279675e+03, 6.92193237e+02, 2.44036585e-01, 0., 0., 0., 0.,
       0., 0., 1.52215649e+03, 6.03902527e+02, 2.41164848e-01 ]
