%YAML:1.0
---
pose_0: !!opencv-matrix
   rows: 1
   cols: 25
   dt: "3f"
   data: [ 6.92193420e+02, 5.42070862e+02, 2.61657834e-01,
       7.45120789e+02, 5.80347046e+02, 4.92157787e-01, 7.27486389e+02,
       6.42160706e+02, 6.34111524e-01, 8.77595764e+02, 7.12696655e+02,
       7.22831368e-01, 1.05123181e+03, 7.48085205e+02, 8.00602257e-01,
       7.59875854e+02, 5.27349365e+02, 2.89284408e-01, 8.80544922e+02,
       5.06656006e+02, 1.38597459e-01, 0., 0., 0., 1.09246582e+03,
       5.65615417e+02, 4.94755894e-01, 1.08952710e+03, 6.18535950e+02,
       4.29888934e-01, 1.33375903e+03, 6.21371460e+02, 6.78326607e-01,
       1.62813623e+03, 6.56850159e+02, 5.86541593e-01, 1.09535474e+03,
       5.06815308e+02, 4.98811632e-01, 1.32500525e+03, 4.59660339e+02,
       8.14051569e-01, 1.52512927e+03, 5.50932129e+02, 6.82510853e-01,
       6.71606018e+02, 5.45012695e+02, 2.34180003e-01, 6.86259949e+02,
       5.27271362e+02, 2.03613430e-01, 6.68556519e+02, 5.74426331e+02,
       2.99479365e-01, 6.92206360e+02, 5.12620544e+02, 1.26459301e-01,
       1.62519043e+03, 4.83261200e+02, 4.41159725e-01, 1.61929529e+03,
       4.83236053e+02, 4.12466735e-01, 1.54577625e+03, 5.80332031e+02,
       4.50454712e-01, 1.74290466e+03, 6.42147339e+02, 3.70880157e-01,
       1.73405212e+03, 6.50977295e+02, 3.21963221e-01, 1.64869861e+03,
       6.59818726e+02, 2.78158635e-01 ]
