%YAML:1.0
---
pose_0: !!opencv-matrix
   rows: 1
   cols: 25
   dt: "3f"
   data: [ 7.21695251e+02, 3.44829315e+02, 7.56227672e-01,
       8.15758789e+02, 2.94756836e+02, 4.40164536e-01, 8.12905762e+02,
       3.36024658e+02, 2.34479770e-01, 0., 0., 0., 0., 0., 0.,
       8.18696228e+02, 2.65430145e+02, 7.11216331e-01, 9.21718933e+02,
       3.59594971e+02, 7.31073499e-01, 9.27576843e+02, 5.06838104e+02,
       7.39147842e-01, 1.11302185e+03, 3.38891663e+02, 5.28690219e-01,
       1.10422656e+03, 3.85973358e+02, 5.39731562e-01, 1.30423499e+03,
       5.03752258e+02, 8.23164463e-01, 1.51627490e+03, 5.53768127e+02,
       5.82312167e-01, 1.11595471e+03, 2.85960175e+02, 4.61489499e-01,
       1.35153296e+03, 2.44765823e+02, 5.95204175e-01, 1.56043213e+03,
       1.50498199e+02, 4.16858971e-01, 7.12702942e+02, 3.62417328e+02,
       6.53571784e-01, 7.12725586e+02, 3.24311157e+02, 7.31630862e-01,
       0., 0., 0., 7.36224976e+02, 2.91833984e+02, 5.81919611e-01,
       1.65459070e+03, 1.27029907e+02, 2.44649768e-01, 1.65454626e+03,
       1.24112389e+02, 2.32298002e-01, 0., 0., 0., 1.49276416e+03,
       6.48080444e+02, 2.79159307e-01, 1.49268921e+03, 6.39180725e+02,
       2.46915758e-01, 1.55746350e+03, 5.47925171e+02, 4.22386259e-01 ]
