%YAML:1.0
---
pose_0: !!opencv-matrix
   rows: 1
   cols: 25
   dt: "3f"
   data: [ 7.36358093e+02, 4.62552216e+02, 8.50865364e-01,
       8.62844116e+02, 4.71455688e+02, 7.35948265e-01, 8.59896362e+02,
       5.53868286e+02, 8.11513424e-01, 9.92362549e+02, 5.97826477e+02,
       7.25866675e-01, 1.11600781e+03, 6.42187744e+02, 8.35565746e-01,
       8.74573547e+02, 3.88998138e+02, 6.89164579e-01, 1.02180267e+03,
       3.65403137e+02, 8.32710445e-01, 1.16315234e+03, 3.33113068e+02,
       8.29756379e-01, 1.12479089e+03, 4.86214050e+02, 5.80882609e-01,
       1.11897241e+03, 5.39086731e+02, 6.04119897e-01, 1.33080042e+03,
       5.92126343e+02, 7.29947686e-01, 1.55160681e+03, 6.53945740e+02,
       6.39983296e-01, 1.12775940e+03, 4.36057312e+02, 5.68079591e-01,
       1.32795972e+03, 4.33146790e+02, 7.01438963e-01, 1.55751147e+03,
       4.36199524e+02, 5.47325909e-01, 7.21559509e+02, 4.83173004e+02,
       8.08875859e-01, 7.21575073e+02, 4.53642609e+02, 8.46546054e-01,
       7.42178833e+02, 5.06690704e+02, 4.82131779e-01, 7.51072510e+02,
       4.21434204e+02, 6.04663134e-01, 1.63988879e+03, 4.27286255e+02,
       2.50829548e-01, 1.63402368e+03, 4.21355774e+02, 2.97101319e-01,
       1.59868652e+03, 4.39083099e+02, 2.62082726e-01, 1.62517542e+03,
       6.53952698e+02, 4.76636291e-01, 1.61340222e+03, 6.71555359e+02,
       4.83367115e-01, 1.57223828e+03, 6.48069580e+02, 3.36740077e-01 ]
