%YAML:1.0
---
pose_0: !!opencv-matrix
   rows: 1
   cols: 25
   dt: "3f"
   data: [ 7.45138000e+02, 5.50888367e+02, 8.68880987e-01,
       8.51137817e+02, 5.71429993e+02, 7.01725841e-01, 8.54085205e+02,
       6.45015686e+02, 6.36654437e-01, 9.95361450e+02, 6.95087402e+02,
       7.66299844e-01, 1.11298767e+03, 7.42306702e+02, 8.42322171e-01,
       8.54079895e+02, 4.94958435e+02, 5.18908203e-01, 9.77700073e+02,
       4.77340027e+02, 1.82322845e-01, 1.02475769e+03, 4.77214691e+02,
       7.47870803e-02, 1.11597168e+03, 5.50880676e+02, 5.66616893e-01,
       1.11601013e+03, 5.98038025e+02, 5.95280409e-01, 1.32491125e+03,
       6.24403320e+02, 7.91841924e-01, 1.54285400e+03, 6.71529053e+02,
       6.61951780e-01, 1.11305396e+03, 4.97951447e+02, 5.29772997e-01,
       1.33673425e+03, 4.65527893e+02, 5.36527514e-01, 1.56634875e+03,
       4.68485901e+02, 5.68794370e-01, 7.27524780e+02, 5.59773438e+02,
       8.02138269e-01, 7.39228882e+02, 5.30192688e+02, 9.13637102e-01,
       7.39341309e+02, 5.89116821e+02, 6.57242656e-01, 7.62882202e+02,
       5.09648376e+02, 6.67877972e-01, 1.65451538e+03, 4.36048004e+02,
       3.51509869e-01, 1.64280859e+03, 4.36055115e+02, 3.91102225e-01,
       1.61340027e+03, 4.77333923e+02, 2.27918267e-01, 1.62517578e+03,
       6.62747986e+02, 5.62498927e-01, 1.61334485e+03, 6.74508362e+02,
       5.01098573e-01, 1.56627795e+03, 6.77487366e+02, 2.91321218e-01 ]
