%YAML:1.0
---
pose_0: !!opencv-matrix
   rows: 1
   cols: 25
   dt: "3f"
   data: [ 7.15600342e+02, 4.97856842e+02, 8.06820571e-01,
       8.01040771e+02, 4.33234741e+02, 5.04947543e-01, 7.83375793e+02,
       4.56728424e+02, 3.20285857e-01, 8.54041138e+02, 5.30290955e+02,
       5.90528809e-02, 7.48144348e+02, 5.33198608e+02, 6.11646026e-02,
       8.12831909e+02, 4.15549316e+02, 6.57973528e-01, 9.07028687e+02,
       5.27408936e+02, 8.42158794e-01, 7.65783630e+02, 5.50982056e+02,
       7.93077350e-01, 1.09831238e+03, 4.36138153e+02, 2.83876956e-01,
       1.10127991e+03, 4.12549316e+02, 1.56607136e-01, 1.32791626e+03,
       4.68463867e+02, 3.61416668e-01, 1.58985083e+03, 4.09657684e+02,
       2.66318023e-01, 1.13071033e+03, 4.41952881e+02, 2.80369997e-01,
       1.33076123e+03, 4.80173981e+02, 5.99281251e-01, 1.59281738e+03,
       4.12589874e+02, 3.51857722e-01, 6.95152954e+02, 4.89110474e+02,
       3.15099388e-01, 6.98096313e+02, 4.74303101e+02, 7.55910635e-01,
       0., 0., 0., 7.18647827e+02, 4.33034393e+02, 6.45763397e-01,
       1.67524329e+03, 3.77247162e+02, 1.76032543e-01, 1.68104358e+03,
       3.74284058e+02, 1.48973763e-01, 1.61929016e+03, 4.12602020e+02,
       1.35282800e-01, 0., 0., 0., 0., 0., 0., 0., 0., 0. ]
