%YAML:1.0
---
pose_0: !!opencv-matrix
   rows: 1
   cols: 25
   dt: "3f"
   data: [ 7.65890259e+02, 4.12566498e+02, 8.86043608e-01,
       8.56942322e+02, 4.50784607e+02, 7.40807176e-01, 8.48191956e+02,
       5.06764954e+02, 5.81755340e-01, 9.74578735e+02, 5.77504639e+02,
       8.45662296e-01, 8.57007080e+02, 5.50741028e+02, 7.90842056e-01,
       8.65775940e+02, 3.85994995e+02, 7.24381030e-01, 9.80555237e+02,
       3.71381134e+02, 7.01181591e-01, 8.60025452e+02, 4.36153687e+02,
       8.16513360e-01, 1.12189856e+03, 4.53731781e+02, 5.95183909e-01,
       1.12483313e+03, 5.00853241e+02, 6.05885863e-01, 1.32489917e+03,
       5.06705841e+02, 7.37322509e-01, 1.56039368e+03, 5.03777863e+02,
       6.33379996e-01, 1.12190002e+03, 3.97882690e+02, 5.83801210e-01,
       1.32493750e+03, 3.38941345e+02, 4.67825949e-01, 1.51330762e+03,
       3.38913940e+02, 2.97257662e-01, 7.51037292e+02, 4.30193024e+02,
       8.24045300e-01, 7.62835999e+02, 3.94960632e+02, 8.28486502e-01,
       7.62894165e+02, 4.59749054e+02, 7.10499406e-01, 7.86435425e+02,
       3.85908325e+02, 1.06971718e-01, 1.61035547e+03, 2.74252441e+02,
       2.86767602e-01, 1.61036755e+03, 2.74214752e+02, 2.65097290e-01,
       1.54572876e+03, 3.41950073e+02, 1.62228107e-01, 1.63384351e+03,
       5.21423584e+02, 3.30116779e-01, 1.62808716e+03, 5.27263794e+02,
       3.49957079e-01, 1.59278491e+03, 4.83235413e+02, 4.05617416e-01 ]
