%YAML:1.0
---
pose_0: !!opencv-matrix
   rows: 1
   cols: 25
   dt: "3f"
   data: [ 7.86405334e+02, 4.56599854e+02, 8.58236015e-01,
       8.80434387e+02, 5.00832336e+02, 7.06414878e-01, 8.62826050e+02,
       5.44978516e+02, 6.36308432e-01, 9.92387695e+02, 6.00939819e+02,
       2.54159540e-01, 1.00707941e+03, 6.18567078e+02, 3.50187987e-01,
       8.86427307e+02, 4.53687622e+02, 5.47564864e-01, 8.83514160e+02,
       3.80116119e+02, 3.72031748e-01, 9.04062134e+02, 2.94788605e+02,
       2.42447078e-01, 1.15135010e+03, 5.06762665e+02, 5.14947891e-01,
       1.15427698e+03, 5.62629456e+02, 4.34975475e-01, 1.34851074e+03,
       6.00967285e+02, 6.36382759e-01, 1.53988684e+03, 6.92055969e+02,
       6.57998800e-01, 1.14841064e+03, 4.53770081e+02, 5.42422771e-01,
       1.29554028e+03, 3.83127136e+02, 2.91151404e-01, 1.47213074e+03,
       3.94868530e+02, 1.00612886e-01, 7.74529236e+02, 4.65581085e+02,
       7.51358271e-01, 7.74603943e+02, 4.36238831e+02, 7.70666897e-01,
       7.89196167e+02, 5.00818726e+02, 7.22523570e-01, 8.01061218e+02,
       4.30199463e+02, 1.36610404e-01, 0., 0., 0., 0., 0., 0.,
       1.49860815e+03, 4.00748291e+02, 1.13679156e-01, 1.60756421e+03,
       6.62746460e+02, 5.95178604e-01, 1.59866003e+03, 6.74496643e+02,
       5.05810082e-01, 1.54871497e+03, 7.12743958e+02, 4.15211886e-01 ]
