%YAML:1.0
---
pose_0: !!opencv-matrix
   rows: 2
   cols: 25
   dt: "3f"
   data: [ 0., 0., 0., 8.68755371e+02, 4.86142761e+02, 2.69679546e-01,
       0., 0., 0., 0., 0., 0., 0., 0., 0., 8.59915588e+02,
       5.06734772e+02, 4.64495867e-01, 9.86501282e+02, 5.24375061e+02,
       4.89053756e-01, 1.14253442e+03, 5.30377319e+02, 3.66566300e-01,
       1.14540479e+03, 5.36151550e+02, 2.52295405e-01, 1.16015356e+03,
       5.53835266e+02, 2.54085362e-01, 1.36325269e+03, 4.80344757e+02,
       8.11820388e-01, 1.59283936e+03, 6.45063416e+02, 5.03114104e-01,
       1.13955847e+03, 5.06734833e+02, 1.95385739e-01, 1.35441687e+03,
       4.12713165e+02, 7.83688664e-01, 1.56344055e+03, 5.06752075e+02,
       5.00696838e-01, 0., 0., 0., 0., 0., 0., 0., 0., 0., 0., 0., 0.,
       1.61343506e+03, 4.39076447e+02, 2.24810228e-01, 1.61039502e+03,
       4.42021454e+02, 2.23952055e-01, 1.58692224e+03, 5.36179810e+02,
       2.69565105e-01, 1.65762964e+03, 6.77403381e+02, 4.47446525e-01,
       1.63696387e+03, 6.92067993e+02, 4.51779842e-01, 1.61931470e+03,
       6.71599670e+02, 2.71624506e-01, 0., 0., 0., 0., 0., 0.,
       8.56979492e+02, 5.03733185e+02, 2.81971425e-01, 9.92377686e+02,
       5.24426392e+02, 3.23146880e-01, 1.14250232e+03, 5.27459534e+02,
       2.98822224e-01, 0., 0., 0., 0., 0., 0., 0., 0., 0., 0., 0., 0.,
       0., 0., 0., 0., 0., 0., 0., 0., 0., 0., 0., 0., 0., 0., 0., 0.,
       0., 0., 0., 0., 0., 0., 0., 0., 0., 0., 0., 0., 0., 0., 0., 0.,
       0., 0., 0., 0., 0., 0., 0., 0., 0., 0., 0., 0., 0., 0., 0., 0. ]
