%YAML:1.0
---
pose_0: !!opencv-matrix
   rows: 1
   cols: 25
   dt: "3f"
   data: [ 7.83447876e+02, 5.30410645e+02, 8.69151533e-01,
       8.77593750e+02, 5.27298401e+02, 7.75430441e-01, 8.80529480e+02,
       5.95021301e+02, 7.46679723e-01, 9.48256592e+02, 6.89177368e+02,
       8.42263341e-01, 8.98195740e+02, 7.56920288e+02, 7.90190578e-01,
       8.74657898e+02, 4.56717499e+02, 6.16588354e-01, 8.77537537e+02,
       3.36016388e+02, 6.23065948e-01, 8.09932312e+02, 3.18409119e+02,
       5.65821409e-01, 1.14243762e+03, 5.47954834e+02, 4.99173820e-01,
       1.13958118e+03, 5.95083313e+02, 4.96776223e-01, 1.33083325e+03,
       6.21447876e+02, 6.88938498e-01, 1.53101660e+03, 6.42154358e+02,
       6.49734974e-01, 1.13957751e+03, 4.97919403e+02, 4.45892990e-01,
       1.34552820e+03, 4.62631439e+02, 6.49924457e-01, 1.54861865e+03,
       4.36057922e+02, 6.76470041e-01, 7.65823975e+02, 5.45010437e+02,
       7.92280316e-01, 7.68718689e+02, 5.12595032e+02, 7.79095650e-01,
       7.86413696e+02, 5.56735046e+02, 1.98287189e-01, 7.89215576e+02,
       4.83250244e+02, 5.84405184e-01, 1.61930017e+03, 4.30195587e+02,
       3.95081520e-01, 1.61344067e+03, 4.18476807e+02, 4.35276747e-01,
       1.56925195e+03, 4.18501282e+02, 2.77691662e-01, 1.58690588e+03,
       6.92160034e+02, 5.90556979e-01, 1.58101440e+03, 6.92065002e+02,
       5.18639863e-01, 1.56038354e+03, 6.21616638e+02, 5.21267116e-01 ]
