%YAML:1.0
---
pose_0: !!opencv-matrix
   rows: 1
   cols: 25
   dt: "3f"
   data: [ 7.83427429e+02, 5.33223633e+02, 7.48763919e-01,
       8.33390991e+02, 5.92094971e+02, 5.91537416e-01, 8.42255005e+02,
       6.24548340e+02, 4.31032300e-01, 9.27739868e+02, 4.71389984e+02,
       4.61382538e-01, 9.77754089e+02, 3.21353119e+02, 7.07638979e-01,
       8.45271423e+02, 5.50799927e+02, 3.49644363e-01, 9.27590637e+02,
       4.83137573e+02, 4.03380334e-01, 9.77555725e+02, 3.33123962e+02,
       2.16984466e-01, 1.13949158e+03, 5.71419739e+02, 5.41179478e-01,
       1.14247888e+03, 6.12728210e+02, 5.35968125e-01, 1.35736658e+03,
       6.47934448e+02, 7.39269972e-01, 1.56035828e+03, 7.18543640e+02,
       6.41153991e-01, 1.13365796e+03, 5.24318237e+02, 5.84776461e-01,
       1.25429834e+03, 4.77279846e+02, 7.11437881e-01, 1.42807007e+03,
       5.42038635e+02, 6.93689227e-01, 7.62880615e+02, 5.45027649e+02,
       7.64820218e-01, 7.62877136e+02, 5.27196350e+02, 1.42911702e-01,
       7.68771667e+02, 5.77463684e+02, 5.07570803e-01, 0., 0., 0.,
       1.54576147e+03, 5.24359253e+02, 3.39747012e-01, 1.54282788e+03,
       5.12629211e+02, 3.56511921e-01, 1.44557324e+03, 5.59743774e+02,
       5.00986636e-01, 1.62221179e+03, 6.71635559e+02, 4.55072403e-01,
       1.61633972e+03, 6.92148743e+02, 4.02507067e-01, 1.57223901e+03,
       7.39159729e+02, 4.45987880e-01 ]
