%YAML:1.0
---
pose_0: !!opencv-matrix
   rows: 2
   cols: 25
   dt: "3f"
   data: [ 7.51072998e+02, 5.50920166e+02, 7.62020111e-01,
       8.30483337e+02, 4.80289795e+02, 6.39399111e-01, 8.15751892e+02,
       5.00824097e+02, 4.65376735e-01, 9.54077026e+02, 5.50771423e+02,
       1.71253353e-01, 1.06887073e+03, 5.77317017e+02, 5.44502065e-02,
       8.33529602e+02, 4.77252869e+02, 6.39637232e-01, 9.74699341e+02,
       4.53749023e+02, 7.70563245e-01, 1.07775391e+03, 5.50767883e+02,
       7.69027591e-01, 1.06596130e+03, 4.83242371e+02, 2.67528117e-01,
       1.06300549e+03, 5.21441650e+02, 1.79493964e-01, 0., 0., 0., 0.,
       0., 0., 1.05421411e+03, 4.36190338e+02, 2.87262708e-01,
       1.33091931e+03, 5.27319641e+02, 6.78824842e-01, 1.60160132e+03,
       4.39064240e+02, 4.87526625e-01, 0., 0., 0., 7.42127441e+02,
       5.30406860e+02, 7.99561083e-01, 0., 0., 0., 7.54018616e+02,
       4.89077332e+02, 6.40716136e-01, 1.65747119e+03, 5.03871552e+02,
       5.49856722e-02, 0., 0., 0., 1.63400598e+03, 4.33175537e+02,
       1.86946616e-01, 0., 0., 0., 0., 0., 0., 0., 0., 0., 0., 0., 0.,
       0., 0., 0., 0., 0., 0., 0., 0., 0., 0., 0., 0., 0., 0., 0., 0.,
       0., 0., 0., 0., 0., 0., 0., 0., 1.13661292e+03, 4.09673676e+02,
       1.31872132e-01, 1.33081824e+03, 5.09656372e+02, 4.81679529e-01,
       1.57513745e+03, 4.44915680e+02, 2.43575826e-01, 0., 0., 0., 0.,
       0., 0., 0., 0., 0., 0., 0., 0., 0., 0., 0., 0., 0., 0., 0., 0.,
       0., 0., 0., 0., 0., 0., 0., 0., 0., 0., 0., 0., 0., 0., 0., 0.,
       0., 0., 0. ]
