%YAML:1.0
---
pose_0: !!opencv-matrix
   rows: 1
   cols: 25
   dt: "3f"
   data: [ 8.09787415e+02, 4.62696533e+02, 3.79400671e-01,
       8.36362488e+02, 5.44957886e+02, 6.53905213e-01, 8.39407959e+02,
       5.71476624e+02, 6.71671391e-01, 9.48180908e+02, 5.30385986e+02,
       7.86945641e-01, 9.33471619e+02, 3.97811951e+02, 7.89405704e-01,
       8.36323059e+02, 5.09669098e+02, 3.54252696e-01, 8.98202759e+02,
       5.03805481e+02, 1.98825181e-01, 0., 0., 0., 1.11896155e+03,
       4.91993774e+02, 3.83665591e-01, 1.13072998e+03, 5.36190125e+02,
       3.29799861e-01, 1.33384290e+03, 5.98045471e+02, 5.50286412e-01,
       1.53098645e+03, 6.98013733e+02, 5.74322999e-01, 1.11897791e+03,
       4.41971527e+02, 3.28499615e-01, 1.33971118e+03, 3.65491943e+02,
       5.26477575e-01, 1.55453308e+03, 3.15400391e+02, 4.81597096e-01,
       7.92186035e+02, 4.62661011e+02, 3.48591328e-01, 0., 0., 0.,
       7.89300110e+02, 4.91991302e+02, 4.10296381e-01, 0., 0., 0.,
       1.63700293e+03, 2.68340485e+02, 3.41549575e-01, 1.63994214e+03,
       2.68339294e+02, 3.00988197e-01, 1.57516455e+03, 3.15445038e+02,
       2.27398321e-01, 1.61042017e+03, 6.98077332e+02, 5.80004275e-01,
       1.59578735e+03, 7.12802856e+02, 5.01893699e-01, 1.54570386e+03,
       7.15643188e+02, 3.59948456e-01 ]
