%YAML:1.0
---
pose_0: !!opencv-matrix
   rows: 1
   cols: 25
   dt: "3f"
   data: [ 7.39291138e+02, 5.27388489e+02, 9.29104567e-01,
       8.57010071e+02, 5.39069275e+02, 7.30207562e-01, 8.57044250e+02,
       6.18479614e+02, 6.76889360e-01, 9.86498108e+02, 6.45086304e+02,
       5.92384160e-01, 1.08946375e+03, 6.56819336e+02, 4.56429601e-01,
       8.62863159e+02, 4.62613037e+02, 6.76828027e-01, 1.00422974e+03,
       4.53800110e+02, 8.39016557e-01, 9.24647522e+02, 5.06725616e+02,
       8.90278041e-01, 1.13366797e+03, 5.27391541e+02, 5.99905849e-01,
       1.12486414e+03, 5.74482300e+02, 6.44468486e-01, 1.33970496e+03,
       6.03902405e+02, 6.85123563e-01, 1.57810181e+03, 6.45047485e+02,
       6.17683411e-01, 1.13945581e+03, 4.77342285e+02, 5.73125720e-01,
       1.35145251e+03, 4.80250671e+02, 6.20357990e-01, 1.54865332e+03,
       4.83202087e+02, 6.88718498e-01, 7.21601318e+02, 5.39070557e+02,
       8.22202206e-01, 7.33375183e+02, 5.06640808e+02, 8.71013999e-01,
       7.39330994e+02, 5.59799805e+02, 4.97019053e-01, 7.62666138e+02,
       4.83222229e+02, 6.99393809e-01, 1.61340735e+03, 4.56624847e+02,
       5.27454078e-01, 1.60746826e+03, 4.53681061e+02, 5.44318974e-01,
       1.57804578e+03, 4.94982910e+02, 3.37701052e-01, 1.67518823e+03,
       6.24377686e+02, 4.78486449e-01, 1.66046204e+03, 6.42076965e+02,
       4.37892765e-01, 1.59575439e+03, 6.53860962e+02, 3.22783500e-01 ]
