%YAML:1.0
---
pose_0: !!opencv-matrix
   rows: 2
   cols: 25
   dt: "3f"
   data: [ 5.06735992e+02, 6.86293091e+02, 7.12067783e-02,
       6.18553528e+02, 5.97950012e+02, 4.66853648e-01, 6.36238770e+02,
       6.89218201e+02, 1.17377952e-01, 0., 0., 0., 0., 0., 0.,
       6.03920715e+02, 5.03862427e+02, 6.23060405e-01, 8.24573486e+02,
       4.56606384e+02, 5.23824692e-01, 8.74672729e+02, 5.65618469e+02,
       2.99369663e-01, 1.06596362e+03, 6.77430481e+02, 2.04940528e-01,
       1.05125171e+03, 7.42197388e+02, 1.91543788e-01, 1.27198962e+03,
       8.15756897e+02, 8.49416032e-02, 1.41328235e+03, 8.59915039e+02,
       5.03155775e-02, 1.08066077e+03, 6.21504639e+02, 1.79217815e-01,
       1.36912366e+03, 7.12717407e+02, 1.66354612e-01, 1.57808228e+03,
       6.86247009e+02, 5.96523769e-02, 0., 0., 0., 4.83194183e+02,
       6.71508972e+02, 8.30578506e-02, 0., 0., 0., 4.97866119e+02,
       6.12703735e+02, 2.39956528e-01, 0., 0., 0., 0., 0., 0., 0., 0.,
       0., 0., 0., 0., 0., 0., 0., 0., 0., 0., 0., 0., 0., 0., 0., 0.,
       7.62778198e+02, 6.98047852e+02, 6.44028783e-02, 8.56923706e+02,
       8.03941528e+02, 1.87448159e-01, 9.74744141e+02, 9.21758911e+02,
       3.55943501e-01, 0., 0., 0., 0., 0., 0., 0., 0., 0., 0., 0., 0.,
       0., 0., 0., 0., 0., 0., 0., 0., 0., 0., 0., 0., 0., 0., 0., 0.,
       0., 0., 0., 0., 0., 0., 0., 0., 0., 0., 0., 0., 0., 0., 0., 0.,
       0., 0., 0., 0., 0., 0., 0., 0., 0., 0., 0., 0., 0., 0., 0., 0. ]
