%YAML:1.0
---
pose_0: !!opencv-matrix
   rows: 1
   cols: 25
   dt: "3f"
   data: [ 0., 0., 0., 8.15801575e+02, 5.47847168e+02, 4.81633067e-01,
       8.21648621e+02, 5.33230591e+02, 3.96063626e-01, 9.77629578e+02,
       5.36218872e+02, 2.44015530e-01, 1.16603784e+03, 4.86163086e+02,
       2.62356967e-01, 8.15736633e+02, 5.59692932e+02, 5.96150398e-01,
       9.74647339e+02, 5.36186768e+02, 4.76175249e-01, 1.16014893e+03,
       4.92008850e+02, 3.94916952e-01, 1.13662659e+03, 6.00967712e+02,
       3.45134676e-01, 1.13658423e+03, 6.21574219e+02, 3.38218182e-01,
       1.39856433e+03, 5.06790833e+02, 7.97102869e-01, 1.63994714e+03,
       7.18731506e+02, 6.37857258e-01, 1.14542505e+03, 5.62699341e+02,
       2.20792249e-01, 1.39851343e+03, 5.00837708e+02, 2.59048045e-01,
       0., 0., 0., 0., 0., 0., 0., 0., 0., 7.62870361e+02,
       5.06698669e+02, 1.02102831e-01, 7.39268250e+02, 5.68546936e+02,
       1.71218857e-01, 0., 0., 0., 0., 0., 0., 0., 0., 0.,
       1.70465881e+03, 7.39153992e+02, 3.99203092e-01, 1.68695532e+03,
       7.48115112e+02, 3.96387070e-01, 1.65456384e+03, 7.42150818e+02,
       4.03195947e-01 ]
