%YAML:1.0
---
pose_0: !!opencv-matrix
   rows: 1
   cols: 25
   dt: "3f"
   data: [ 8.27554443e+02, 5.06773682e+02, 8.59317362e-01,
       9.09947327e+02, 5.30236267e+02, 7.40919471e-01, 9.01134216e+02,
       5.92085815e+02, 6.45617604e-01, 7.89283936e+02, 6.59774963e+02,
       8.21425557e-01, 7.62744385e+02, 5.92047058e+02, 5.62796593e-01,
       9.21666138e+02, 4.68456635e+02, 6.48779571e-01, 9.12913513e+02,
       3.65449310e+02, 7.29802668e-01, 8.83385620e+02, 2.53655670e+02,
       7.93425977e-01, 1.17487781e+03, 5.21468018e+02, 5.69827855e-01,
       1.17194238e+03, 5.68488708e+02, 6.07959211e-01, 1.36913940e+03,
       6.48120117e+02, 7.80446589e-01, 1.53684314e+03, 6.47924194e+02,
       7.37571836e-01, 1.17776233e+03, 4.68519196e+02, 5.46122432e-01,
       1.37200146e+03, 4.86246002e+02, 7.35114098e-01, 1.56925464e+03,
       4.36186554e+02, 6.59032881e-01, 8.09810608e+02, 5.27228516e+02,
       7.99361587e-01, 8.12944214e+02, 4.89030365e+02, 7.73025930e-01,
       8.27551392e+02, 5.53816345e+02, 4.89905924e-01, 8.45208496e+02,
       4.80133911e+02, 1.54956937e-01, 1.63387561e+03, 4.59674988e+02,
       2.27995157e-01, 1.62228223e+03, 4.47897278e+02, 2.40530923e-01,
       1.59573425e+03, 4.12621490e+02, 2.75814384e-01, 1.58680786e+03,
       6.89163757e+02, 5.81034184e-01, 1.58104785e+03, 6.86283020e+02,
       5.25063872e-01, 1.56037061e+03, 6.24470520e+02, 5.45323908e-01 ]
