%YAML:1.0
---
pose_0: !!opencv-matrix
   rows: 1
   cols: 25
   dt: "3f"
   data: [ 7.74587219e+02, 4.56754608e+02, 8.58158886e-01,
       8.80634949e+02, 4.83097534e+02, 7.23102093e-01, 8.60078979e+02,
       5.44940308e+02, 7.47105181e-01, 9.51270386e+02, 6.62771545e+02,
       8.58513892e-01, 9.95356018e+02, 5.53786072e+02, 8.29904914e-01,
       8.83547729e+02, 4.24352692e+02, 4.57222015e-01, 9.80652649e+02,
       4.15466431e+02, 8.74345899e-02, 0., 0., 0., 1.14255176e+03,
       4.56615021e+02, 5.51057518e-01, 1.14253442e+03, 5.03877380e+02,
       5.16004860e-01, 1.37806543e+03, 5.65610779e+02, 7.01946497e-01,
       1.54283569e+03, 6.89238892e+02, 5.81282496e-01, 1.14249219e+03,
       3.94949768e+02, 5.70841074e-01, 1.34556885e+03, 3.44850769e+02,
       4.42522138e-01, 1.54865698e+03, 3.47840698e+02, 3.35486680e-01,
       7.59894409e+02, 4.68499268e+02, 7.92040348e-01, 7.65765686e+02,
       4.36076355e+02, 8.71261835e-01, 7.68740967e+02, 5.03731354e+02,
       7.45172501e-01, 7.98163330e+02, 4.15487000e+02, 5.47933400e-01,
       1.64868567e+03, 3.27227448e+02, 2.29870632e-01, 1.64869873e+03,
       3.18442017e+02, 2.52211243e-01, 1.56924780e+03, 3.47784546e+02,
       2.21853644e-01, 1.62226855e+03, 7.12758301e+02, 4.82436121e-01,
       1.61332471e+03, 7.18637512e+02, 4.59886789e-01, 1.55452148e+03,
       7.06851563e+02, 3.41517180e-01 ]
