%YAML:1.0
---
pose_0: !!opencv-matrix
   rows: 1
   cols: 25
   dt: "3f"
   data: [ 7.45222961e+02, 3.30092102e+02, 7.43983507e-01,
       8.30552063e+02, 2.47788116e+02, 4.76205885e-01, 8.33487854e+02,
       2.38858276e+02, 3.46520931e-01, 0., 0., 0., 0., 0., 0.,
       8.15836426e+02, 2.68254791e+02, 7.16466725e-01, 9.12987366e+02,
       4.12455780e+02, 8.19457650e-01, 9.80645325e+02, 5.36150940e+02,
       8.10181558e-01, 1.13653650e+03, 2.71362793e+02, 4.52493966e-01,
       1.12488281e+03, 3.18346924e+02, 4.98752058e-01, 1.28368652e+03,
       4.53700470e+02, 8.17501545e-01, 1.46919006e+03, 4.33102295e+02,
       4.47807968e-01, 1.13656421e+03, 2.21278748e+02, 3.78354192e-01,
       1.37196167e+03, 2.21254227e+02, 5.58264077e-01, 1.52806042e+03,
       1.30124146e+02, 2.93493986e-01, 7.36333801e+02, 3.27237762e+02,
       5.24705172e-01, 7.42229187e+02, 3.15297119e+02, 8.16605747e-01,
       0., 0., 0., 7.45133057e+02, 2.68231354e+02, 6.63486242e-01,
       1.58391235e+03, 8.59074326e+01, 1.56915754e-01, 1.57514014e+03,
       8.87672806e+01, 1.74510300e-01, 1.55748523e+03, 1.24093811e+02,
       1.54714823e-01, 1.51630957e+03, 4.56683777e+02, 9.26579684e-02,
       0., 0., 0., 1.50453809e+03, 4.27252777e+02, 2.79873043e-01 ]
