%YAML:1.0
---
pose_0: !!opencv-matrix
   rows: 1
   cols: 25
   dt: "3f"
   data: [ 7.65886841e+02, 4.09719025e+02, 7.08283901e-01,
       8.62881287e+02, 4.09622864e+02, 6.71359420e-01, 8.68750977e+02,
       4.74393585e+02, 6.90190792e-01, 9.62913940e+02, 4.92003906e+02,
       6.96868300e-01, 8.71717346e+02, 4.30137939e+02, 7.32335687e-01,
       8.42274292e+02, 3.39053101e+02, 6.41363978e-01, 1.00112787e+03,
       3.15302399e+02, 7.77528524e-01, 8.77617920e+02, 3.41807983e+02,
       7.97034383e-01, 1.12187158e+03, 4.30220917e+02, 6.05411112e-01,
       1.11304626e+03, 4.77264221e+02, 6.17775559e-01, 1.29847717e+03,
       5.27172485e+02, 6.93883538e-01, 1.49865601e+03, 5.53863708e+02,
       5.76359570e-01, 1.13654163e+03, 3.80117462e+02, 5.50624728e-01,
       1.33381543e+03, 3.85969208e+02, 4.76182342e-01, 1.56334424e+03,
       3.86121277e+02, 6.32668197e-01, 7.59831116e+02, 4.21334259e+02,
       5.95116019e-01, 7.56894958e+02, 3.91945801e+02, 6.35890424e-01,
       7.71603210e+02, 4.36095306e+02, 1.93132803e-01, 7.65835999e+02,
       3.65406097e+02, 5.55745721e-01, 1.62816602e+03, 3.65514313e+02,
       5.18203735e-01, 1.61928198e+03, 3.62465576e+02, 5.41801691e-01,
       1.58990112e+03, 3.86105835e+02, 3.02473903e-01, 1.56342175e+03,
       5.50853516e+02, 2.49095172e-01, 1.55155188e+03, 5.65579712e+02,
       2.02380255e-01, 1.54274048e+03, 5.47958130e+02, 3.83647829e-01 ]
