%YAML:1.0
---
pose_0: !!opencv-matrix
   rows: 1
   cols: 25
   dt: "3f"
   data: [ 7.62920044e+02, 4.30215698e+02, 8.41007113e-01,
       8.54016296e+02, 4.09574585e+02, 5.80650330e-01, 8.45202393e+02,
       4.53795135e+02, 4.54323232e-01, 0., 0., 0., 0., 0., 0.,
       8.62869324e+02, 3.62529144e+02, 5.99879205e-01, 9.95374878e+02,
       3.06578003e+02, 7.32523382e-01, 9.59974976e+02, 4.56585968e+02,
       7.92192817e-01, 1.13364844e+03, 4.33202576e+02, 4.85711157e-01,
       1.13070190e+03, 4.77338898e+02, 4.58640724e-01, 1.33089661e+03,
       5.86182251e+02, 7.21423924e-01, 1.53984985e+03, 5.68597290e+02,
       5.42074203e-01, 1.13070996e+03, 3.86030304e+02, 3.94521922e-01,
       1.38095471e+03, 3.30146423e+02, 5.55050969e-01, 1.57221265e+03,
       1.65317368e+02, 3.36921096e-01, 7.45234619e+02, 4.41986511e+02,
       7.44268358e-01, 7.53972473e+02, 4.09472504e+02, 7.79029727e-01,
       7.62685791e+02, 4.59767517e+02, 1.71356231e-01, 7.77472473e+02,
       3.74338379e+02, 5.60459673e-01, 1.66052185e+03, 1.12369316e+02,
       9.17400643e-02, 1.65750916e+03, 1.15284592e+02, 8.66926387e-02,
       1.58396338e+03, 1.35892868e+02, 1.59508690e-01, 1.48981421e+03,
       6.65684631e+02, 6.45565331e-01, 1.49264099e+03, 6.56855835e+02,
       5.06411195e-01, 1.57807349e+03, 5.44977295e+02, 4.72124189e-01 ]
