%YAML:1.0
---
pose_0: !!opencv-matrix
   rows: 1
   cols: 25
   dt: "3f"
   data: [ 0., 0., 0., 8.06927795e+02, 5.06798187e+02, 3.39567095e-01,
       8.04045105e+02, 5.06722565e+02, 2.96625853e-01, 9.57029480e+02,
       5.27239807e+02, 2.29297206e-01, 1.17777441e+03, 4.65548553e+02,
       2.32942238e-01, 7.92295166e+02, 5.24339294e+02, 4.50493366e-01,
       9.54167358e+02, 5.24397705e+02, 3.89251351e-01, 1.16014917e+03,
       4.77359253e+02, 3.21520984e-01, 1.11597559e+03, 5.77411316e+02,
       2.96490371e-01, 1.11594922e+03, 5.95028503e+02, 3.42195958e-01,
       1.40141187e+03, 5.00861938e+02, 7.86586523e-01, 1.63399951e+03,
       6.98034851e+02, 4.94642586e-01, 1.13660535e+03, 5.47940125e+02,
       1.78621501e-01, 1.39857019e+03, 4.77286987e+02, 3.22344929e-01,
       1.49857507e+03, 6.39158752e+02, 4.20083880e-01, 0., 0., 0., 0.,
       0., 0., 7.42217896e+02, 4.68477570e+02, 9.13551226e-02,
       7.21631836e+02, 5.42054321e+02, 1.35414675e-01, 1.61341724e+03,
       5.30232483e+02, 6.31302521e-02, 1.61046143e+03, 5.30383118e+02,
       5.32862470e-02, 1.48978601e+03, 6.56859131e+02, 3.64777476e-01,
       1.68407629e+03, 7.18616821e+02, 2.61162788e-01, 1.66929285e+03,
       7.33356140e+02, 2.88974375e-01, 1.64873181e+03, 7.24536804e+02,
       3.13993365e-01 ]
