%YAML:1.0
---
pose_0: !!opencv-matrix
   rows: 2
   cols: 25
   dt: "3f"
   data: [ 0., 0., 0., 8.92298157e+02, 4.00769348e+02, 1.82300150e-01,
       8.71667542e+02, 4.39074463e+02, 3.76719654e-01, 8.83604492e+02,
       3.85973602e+02, 5.44969320e-01, 8.77600708e+02, 2.71229187e+02,
       8.39758873e-01, 9.27672607e+02, 3.68439880e+02, 7.78730735e-02,
       0., 0., 0., 0., 0., 0., 1.14835437e+03, 3.92015594e+02,
       5.22623777e-01, 1.15427417e+03, 4.39058624e+02, 5.26327968e-01,
       1.35437183e+03, 4.59694885e+02, 7.05658257e-01, 1.53687903e+03,
       4.77335358e+02, 5.32814622e-01, 1.14840576e+03, 3.39040955e+02,
       5.21162748e-01, 1.35735120e+03, 3.21391693e+02, 5.68325043e-01,
       1.58103052e+03, 2.94763794e+02, 4.85419571e-01, 0., 0., 0., 0.,
       0., 0., 7.92276733e+02, 4.12580505e+02, 1.01049788e-01, 0., 0.,
       0., 1.65162976e+03, 2.59476166e+02, 3.05318147e-01,
       1.64282019e+03, 2.59486938e+02, 3.45345914e-01, 1.63103345e+03,
       2.91892303e+02, 1.78685650e-01, 1.61032886e+03, 4.68457916e+02,
       4.51600641e-01, 1.59871716e+03, 4.80245514e+02, 3.76738548e-01,
       1.56929407e+03, 4.62642303e+02, 2.64754951e-01, 7.86407410e+02,
       3.86031738e+02, 5.30854702e-01, 8.09839722e+02, 3.86005676e+02,
       9.51816142e-02, 0., 0., 0., 0., 0., 0., 0., 0., 0.,
       7.92216187e+02, 3.41999115e+02, 8.98662582e-02, 7.62835815e+02,
       3.38994080e+02, 6.38804972e-01, 6.53861633e+02, 4.12596924e+02,
       7.29389489e-01, 0., 0., 0., 0., 0., 0., 0., 0., 0., 0., 0., 0.,
       0., 0., 0., 0., 0., 0., 0., 0., 0., 7.77556824e+02,
       3.94854828e+02, 4.53599185e-01, 7.86277405e+02, 3.77266907e+02,
       2.64831215e-01, 0., 0., 0., 7.65804016e+02, 3.97813934e+02,
       9.85746384e-02, 0., 0., 0., 0., 0., 0., 0., 0., 0., 0., 0., 0.,
       0., 0., 0., 0., 0., 0. ]
