%YAML:1.0
---
pose_0: !!opencv-matrix
   rows: 1
   cols: 25
   dt: "3f"
   data: [ 7.65794434e+02, 5.77274780e+02, 8.37195098e-01,
       8.54088257e+02, 6.21420471e+02, 7.42525160e-01, 8.27544128e+02,
       6.95110107e+02, 5.62144339e-01, 9.04118530e+02, 7.65856812e+02,
       3.17149013e-01, 9.21772339e+02, 7.62723694e+02, 6.25757426e-02,
       8.77596619e+02, 5.50818237e+02, 6.04188919e-01, 9.86473755e+02,
       5.42072388e+02, 2.17142284e-01, 1.06590674e+03, 5.27385986e+02,
       2.25231767e-01, 1.11901367e+03, 6.21421265e+02, 5.82153201e-01,
       1.12186658e+03, 6.65673523e+02, 5.63703358e-01, 1.28385437e+03,
       6.71643921e+02, 4.91533637e-01, 1.42505945e+03, 6.92260193e+02,
       1.89600572e-01, 1.12193030e+03, 5.71457275e+02, 5.58488846e-01,
       1.30736975e+03, 5.97987122e+02, 7.04361916e-01, 1.52509692e+03,
       6.27393738e+02, 3.78914028e-01, 7.45165039e+02, 5.83229126e+02,
       7.39501119e-01, 7.65669739e+02, 5.53972839e+02, 8.01031828e-01,
       7.56842651e+02, 6.21488159e+02, 5.98034024e-01, 7.98159851e+02,
       5.50824402e+02, 3.88587177e-01, 1.61350012e+03, 5.92033875e+02,
       4.69322145e-01, 1.61051660e+03, 5.83300659e+02, 4.83948559e-01,
       1.54572522e+03, 6.48004883e+02, 1.77648157e-01, 0., 0., 0., 0.,
       0., 0., 0., 0., 0. ]
