%YAML:1.0
---
pose_0: !!opencv-matrix
   rows: 1
   cols: 25
   dt: "3f"
   data: [ 6.95198425e+02, 4.68448151e+02, 8.24810863e-01,
       8.36529785e+02, 4.62567993e+02, 7.61350930e-01, 8.33296143e+02,
       5.53822205e+02, 7.41534650e-01, 9.06964661e+02, 6.45001892e+02,
       6.35202348e-01, 9.24664490e+02, 6.24523987e+02, 6.73375905e-01,
       8.57036926e+02, 3.71308990e+02, 7.05441177e-01, 9.95307861e+02,
       3.65410797e+02, 4.83740538e-01, 1.01885284e+03, 3.50790497e+02,
       6.27291679e-01, 1.12184912e+03, 4.80194275e+02, 5.67997694e-01,
       1.11308752e+03, 5.30178894e+02, 5.99619925e-01, 1.31908704e+03,
       5.53769348e+02, 6.21234834e-01, 1.51922607e+03, 5.65593445e+02,
       3.67901921e-01, 1.13068298e+03, 4.15579315e+02, 5.27138591e-01,
       1.33971350e+03, 4.39116119e+02, 6.81704998e-01, 1.53099854e+03,
       4.50813568e+02, 3.32477510e-01, 6.86211670e+02, 4.83185608e+02,
       7.88689852e-01, 6.89236816e+02, 4.47906799e+02, 8.08608592e-01,
       7.03932922e+02, 5.03783295e+02, 2.63113856e-01, 7.15710205e+02,
       4.12692505e+02, 6.52551115e-01, 1.51620874e+03, 4.92083008e+02,
       8.77894387e-02, 1.51915405e+03, 4.97911163e+02, 6.36623353e-02,
       1.54572839e+03, 4.39071503e+02, 1.27931684e-01, 0., 0., 0., 0.,
       0., 0., 1.54281604e+03, 5.53825500e+02, 1.76125228e-01 ]
