%YAML:1.0
---
pose_0: !!opencv-matrix
   rows: 1
   cols: 25
   dt: "3f"
   data: [ 7.45114014e+02, 4.56729370e+02, 7.42865026e-01,
       8.59835938e+02, 5.06744110e+02, 6.88046157e-01, 8.48100647e+02,
       5.50970032e+02, 7.24619329e-01, 9.74740906e+02, 6.01082764e+02,
       7.97054052e-01, 1.09540869e+03, 6.00938477e+02, 8.29903185e-01,
       8.62930786e+02, 4.59744171e+02, 5.22678077e-01, 1.05128259e+03,
       4.77262787e+02, 6.47276402e-01, 1.18360938e+03, 4.56768158e+02,
       8.34255695e-01, 1.13066492e+03, 5.62697510e+02, 5.67678988e-01,
       1.11593909e+03, 6.06804382e+02, 4.59663868e-01, 1.30728430e+03,
       5.74472107e+02, 7.89538801e-01, 1.58986780e+03, 6.92118225e+02,
       5.46430528e-01, 1.14540479e+03, 5.24428345e+02, 5.64435303e-01,
       1.36915845e+03, 4.86249847e+02, 7.50553966e-01, 1.56929468e+03,
       5.97954590e+02, 6.90793276e-01, 7.36283630e+02, 4.77262238e+02,
       6.91661119e-01, 7.39146851e+02, 4.53723236e+02, 2.31874958e-01,
       7.59812988e+02, 5.06855957e+02, 5.00135362e-01, 0., 0., 0.,
       1.66343115e+03, 5.97897644e+02, 9.91532654e-02, 0., 0., 0.,
       1.58694836e+03, 6.21461365e+02, 4.66661692e-01, 1.68113611e+03,
       6.30380981e+02, 3.75050426e-01, 1.68102795e+03, 6.45075623e+02,
       3.09212863e-01, 1.62519104e+03, 7.18637634e+02, 3.79837513e-01 ]
