%YAML:1.0
---
pose_0: !!opencv-matrix
   rows: 1
   cols: 25
   dt: "3f"
   data: [ 7.86250305e+02, 3.92051788e+02, 8.17550302e-01,
       8.86439514e+02, 3.92005096e+02, 6.61985755e-01, 8.89406860e+02,
       4.65507507e+02, 7.00556576e-01, 9.92316650e+02, 4.59578613e+02,
       7.62756228e-01, 9.07104065e+02, 3.68358673e+02, 8.17711890e-01,
       8.74644592e+02, 3.30116852e+02, 5.43128550e-01, 1.04522095e+03,
       2.71367096e+02, 8.10762167e-01, 9.42372803e+02, 2.77129913e+02,
       7.70576358e-01, 1.14248877e+03, 4.15481323e+02, 6.27486467e-01,
       1.13075952e+03, 4.62533722e+02, 6.44284964e-01, 1.30425098e+03,
       5.50833923e+02, 7.90445566e-01, 1.47219324e+03, 6.03862122e+02,
       6.52946472e-01, 1.15423267e+03, 3.62611298e+02, 6.05293036e-01,
       1.36912805e+03, 3.71335999e+02, 4.59121495e-01, 1.56038806e+03,
       3.88922241e+02, 6.39526427e-01, 7.74535950e+02, 4.09675049e+02,
       6.89033985e-01, 7.68782043e+02, 3.80202179e+02, 7.62638032e-01,
       7.92234009e+02, 4.32982880e+02, 4.57066536e-01, 7.92232544e+02,
       3.50736176e+02, 4.49513465e-01, 1.61936841e+03, 3.62534973e+02,
       5.63990593e-01, 1.61344690e+03, 3.59524292e+02, 5.88757277e-01,
       1.58392688e+03, 3.94944489e+02, 3.45568180e-01, 1.48979150e+03,
       6.62726379e+02, 5.22368908e-01, 1.47803564e+03, 6.56894836e+02,
       5.09871900e-01, 1.49857886e+03, 6.00879028e+02, 4.31863874e-01 ]
