%YAML:1.0
---
pose_0: !!opencv-matrix
   rows: 1
   cols: 25
   dt: "3f"
   data: [ 7.33349121e+02, 5.71436523e+02, 8.30389023e-01,
       8.54021423e+02, 5.77367493e+02, 7.06194997e-01, 8.53973022e+02,
       6.45047058e+02, 5.39375782e-01, 9.77715332e+02, 6.74545044e+02,
       3.47565353e-01, 1.10422791e+03, 7.15633972e+02, 1.75262451e-01,
       8.56955505e+02, 5.09683624e+02, 6.32009864e-01, 1.00123566e+03,
       4.83080353e+02, 7.83584237e-01, 1.12773022e+03, 4.59778381e+02,
       7.02389359e-01, 1.11603455e+03, 5.92068481e+02, 5.89915395e-01,
       1.11306750e+03, 6.39213318e+02, 5.84971726e-01, 1.28673230e+03,
       6.48035217e+02, 2.58539259e-01, 1.53981494e+03, 6.45022217e+02,
       2.79255629e-01, 1.11901855e+03, 5.33285706e+02, 5.70484638e-01,
       1.32203943e+03, 5.89193420e+02, 5.73194265e-01, 1.58396936e+03,
       6.03852600e+02, 5.20439506e-01, 7.15796753e+02, 5.80335754e+02,
       8.51656020e-01, 7.18765320e+02, 5.50900146e+02, 8.76429141e-01,
       7.39150940e+02, 6.01065186e+02, 4.53441769e-01, 7.45163513e+02,
       5.30154968e+02, 6.44983709e-01, 1.66046399e+03, 5.53850220e+02,
       4.86064881e-01, 1.65461719e+03, 5.53813354e+02, 4.47430074e-01,
       1.60456470e+03, 6.33289185e+02, 3.49203885e-01, 1.54575037e+03,
       7.09834106e+02, 7.91651979e-02, 0., 0., 0., 1.55747107e+03,
       6.51016907e+02, 1.72509328e-01 ]
