%YAML:1.0
---
pose_0: !!opencv-matrix
   rows: 1
   cols: 25
   dt: "3f"
   data: [ 7.36209839e+02, 5.56761047e+02, 6.54231429e-01,
       8.36356750e+02, 4.77291443e+02, 4.71666753e-01, 8.18711121e+02,
       4.77300415e+02, 2.46616200e-01, 0., 0., 0., 0., 0., 0.,
       8.56955688e+02, 4.77269012e+02, 5.63708723e-01, 1.00121051e+03,
       5.06668274e+02, 8.22429597e-01, 1.04834436e+03, 6.27405151e+02,
       6.25526905e-01, 1.13364771e+03, 4.33140198e+02, 3.61463189e-01,
       1.11600061e+03, 4.50791809e+02, 2.00909421e-01, 1.37790845e+03,
       5.30171326e+02, 6.79006159e-01, 1.59576965e+03, 4.24325165e+02,
       3.39221209e-01, 1.13657642e+03, 4.33131714e+02, 3.22687745e-01,
       1.37509717e+03, 5.50905396e+02, 7.10236371e-01, 1.63987317e+03,
       4.24301361e+02, 3.82022798e-01, 7.18632751e+02, 5.53823486e+02,
       5.98773621e-02, 7.18755920e+02, 5.33312378e+02, 6.52536571e-01,
       0., 0., 0., 7.39199646e+02, 4.92048035e+02, 6.10765696e-01,
       1.72232031e+03, 3.59600281e+02, 3.72235805e-01, 1.72521533e+03,
       3.62461670e+02, 3.15106243e-01, 1.66935132e+03, 4.39061676e+02,
       1.76746055e-01, 0., 0., 0., 0., 0., 0., 0., 0., 0. ]
