%YAML:1.0
---
pose_0: !!opencv-matrix
   rows: 1
   cols: 25
   dt: "3f"
   data: [ 7.45236145e+02, 4.56795074e+02, 7.33201861e-01,
       8.59981445e+02, 5.03773956e+02, 7.61495590e-01, 8.45237976e+02,
       5.53903625e+02, 7.28632927e-01, 9.65858643e+02, 6.18468506e+02,
       7.17093647e-01, 1.07180737e+03, 6.21564575e+02, 8.46081138e-01,
       8.77603760e+02, 4.47862549e+02, 5.78822315e-01, 1.03358618e+03,
       4.59653442e+02, 6.71491027e-01, 1.16003711e+03, 4.42026398e+02,
       7.61847615e-01, 1.11897327e+03, 5.65623230e+02, 5.93779325e-01,
       1.09832385e+03, 6.06778564e+02, 4.80101794e-01, 1.30726086e+03,
       5.86171265e+02, 7.52919018e-01, 1.60162952e+03, 6.92150208e+02,
       5.47825992e-01, 1.14243860e+03, 5.27213562e+02, 6.11703873e-01,
       1.36326453e+03, 4.83335541e+02, 7.68417716e-01, 1.56636694e+03,
       5.97876587e+02, 7.02485383e-01, 7.39220215e+02, 4.80116943e+02,
       7.48360157e-01, 7.39229370e+02, 4.50796997e+02, 4.20421600e-01,
       7.62717163e+02, 5.18465271e+02, 5.42070806e-01, 0., 0., 0.,
       1.63687549e+03, 5.92036499e+02, 6.54198080e-02, 0., 0., 0.,
       1.58392371e+03, 6.21379883e+02, 5.58889747e-01, 1.69876660e+03,
       6.18584473e+02, 3.43366265e-01, 1.70168860e+03, 6.18601624e+02,
       2.63271272e-01, 1.63105969e+03, 7.15708069e+02, 4.08184946e-01 ]
