%YAML:1.0
---
pose_0: !!opencv-matrix
   rows: 2
   cols: 25
   dt: "3f"
   data: [ 7.45184387e+02, 5.36239624e+02, 7.48584628e-01,
       8.18690125e+02, 5.06775543e+02, 6.09286129e-01, 8.71661743e+02,
       6.15640625e+02, 3.12766641e-01, 1.01880988e+03, 6.45066406e+02,
       1.99424818e-01, 1.11599756e+03, 6.95213745e+02, 2.48558223e-01,
       7.89362183e+02, 4.36070648e+02, 5.80430031e-01, 7.36343872e+02,
       3.65557556e+02, 5.93393087e-01, 6.00957031e+02, 3.15407593e+02,
       6.98379278e-01, 1.11598059e+03, 5.50867126e+02, 3.15742075e-01,
       1.12484375e+03, 6.03902161e+02, 2.56729603e-01, 1.33089380e+03,
       6.59790527e+02, 2.66155243e-01, 1.53388806e+03, 6.89183228e+02,
       4.39513445e-01, 1.11897107e+03, 5.21455933e+02, 2.67823398e-01,
       1.33084924e+03, 4.86135162e+02, 3.41738254e-01, 1.46620361e+03,
       3.94930237e+02, 2.47165069e-01, 7.36298157e+02, 5.50977295e+02,
       7.67694712e-01, 7.39242371e+02, 5.24368286e+02, 7.84974217e-01,
       7.62847351e+02, 5.68510132e+02, 6.78267479e-02, 7.45181458e+02,
       4.83350677e+02, 5.56184053e-01, 1.51337488e+03, 3.83126282e+02,
       1.49276495e-01, 1.51327039e+03, 3.74324249e+02, 1.48468092e-01,
       1.47506262e+03, 3.88947083e+02, 1.85977340e-01, 1.59571765e+03,
       6.62764404e+02, 1.61544248e-01, 1.58395959e+03, 6.71538269e+02,
       1.10732563e-01, 1.55455823e+03, 6.92116089e+02, 2.03224480e-01,
       0., 0., 0., 0., 0., 0., 0., 0., 0., 0., 0., 0., 0., 0., 0., 0.,
       0., 0., 0., 0., 0., 0., 0., 0., 0., 0., 0., 1.09539294e+03,
       5.30303528e+02, 1.39604196e-01, 1.31610291e+03, 4.89083893e+02,
       2.92117238e-01, 1.42201465e+03, 4.15480103e+02, 1.66642487e-01,
       0., 0., 0., 0., 0., 0., 0., 0., 0., 0., 0., 0., 0., 0., 0., 0.,
       0., 0., 0., 0., 0., 0., 0., 0., 0., 0., 0., 0., 0., 0., 0., 0.,
       0., 0., 0., 0., 0., 0., 0. ]
