%YAML:1.0
---
pose_0: !!opencv-matrix
   rows: 1
   cols: 25
   dt: "3f"
   data: [ 0., 0., 0., 9.24684570e+02, 5.27320374e+02, 1.19537100e-01,
       0., 0., 0., 0., 0., 0., 0., 0., 0., 0., 0., 0., 0., 0., 0., 0.,
       0., 0., 1.18070227e+03, 5.42040833e+02, 3.61692160e-01,
       1.17778564e+03, 5.95017456e+02, 3.72777641e-01, 1.35432654e+03,
       6.42180420e+02, 7.13060677e-01, 1.53099072e+03, 6.45091003e+02,
       6.97370172e-01, 1.18664099e+03, 4.89115143e+02, 3.72270554e-01,
       1.36320837e+03, 4.80270264e+02, 5.95782518e-01, 1.55746118e+03,
       4.36114380e+02, 6.52297974e-01, 0., 0., 0., 0., 0., 0., 0., 0.,
       0., 0., 0., 0., 1.62812549e+03, 4.56707092e+02, 4.53984261e-01,
       1.62226770e+03, 4.42011139e+02, 4.20198500e-01, 1.57808569e+03,
       4.15551239e+02, 2.94286668e-01, 1.58398535e+03, 7.06885925e+02,
       5.70218086e-01, 1.56930725e+03, 7.00990906e+02, 5.10484517e-01,
       1.55451807e+03, 6.24494263e+02, 5.59883535e-01 ]
