%YAML:1.0
---
pose_0: !!opencv-matrix
   rows: 1
   cols: 25
   dt: "3f"
   data: [ 7.36295166e+02, 4.36216766e+02, 8.59462798e-01,
       8.33482788e+02, 4.18456543e+02, 6.48584306e-01, 8.36390076e+02,
       4.83310425e+02, 6.20514810e-01, 9.60012817e+02, 5.12646912e+02,
       4.47010517e-01, 1.05126050e+03, 5.44980408e+02, 3.74915421e-01,
       8.36385925e+02, 3.62447784e+02, 5.91985226e-01, 9.98279114e+02,
       3.33013641e+02, 7.42521346e-01, 1.12772656e+03, 3.35963654e+02,
       7.75961578e-01, 1.10126172e+03, 4.36167419e+02, 5.99049389e-01,
       1.09244421e+03, 4.83300262e+02, 6.34980679e-01, 1.29847375e+03,
       5.27396973e+02, 8.09315979e-01, 1.56627417e+03, 5.86235596e+02,
       5.62366068e-01, 1.11306653e+03, 3.86121246e+02, 5.64711571e-01,
       1.34849451e+03, 3.94888641e+02, 5.80292761e-01, 1.56344250e+03,
       3.94876312e+02, 6.48882747e-01, 7.21583984e+02, 4.53755524e+02,
       7.80409694e-01, 7.18660095e+02, 4.21377289e+02, 7.92843699e-01,
       7.39332581e+02, 4.59788757e+02, 2.39098474e-01, 7.36337036e+02,
       3.89122070e+02, 6.42852545e-01, 1.63098792e+03, 4.39133179e+02,
       1.31940141e-01, 1.62222351e+03, 4.27209229e+02, 1.23006560e-01,
       1.60164282e+03, 3.88977844e+02, 2.85781622e-01, 1.62520569e+03,
       5.50843872e+02, 2.43333042e-01, 1.61340808e+03, 5.59772644e+02,
       1.82020545e-01, 1.59870300e+03, 5.83321838e+02, 2.53873765e-01 ]
