%YAML:1.0
---
pose_0: !!opencv-matrix
   rows: 2
   cols: 25
   dt: "3f"
   data: [ 0., 0., 0., 9.95291260e+02, 4.59631836e+02, 2.94011205e-01,
       0., 0., 0., 0., 0., 0., 0., 0., 0., 9.98290466e+02,
       4.56653595e+02, 1.92676991e-01, 9.74739868e+02, 5.36185547e+02,
       1.90420970e-01, 9.07071533e+02, 5.86198059e+02, 1.89551353e-01,
       1.16606750e+03, 4.33119659e+02, 3.82582277e-01, 1.16605872e+03,
       4.30209839e+02, 2.85900831e-01, 1.34266821e+03, 4.77276703e+02,
       6.97195888e-01, 1.55163342e+03, 3.89026123e+02, 7.47869194e-01,
       1.16896838e+03, 4.27308929e+02, 3.86814833e-01, 1.35144690e+03,
       5.18545776e+02, 7.39761949e-01, 1.61631287e+03, 4.35992645e+02,
       6.39892101e-01, 0., 0., 0., 0., 0., 0., 0., 0., 0.,
       9.30534119e+02, 4.62614929e+02, 9.46654156e-02, 1.68399927e+03,
       3.80129517e+02, 2.98247963e-01, 1.68107471e+03, 3.83102356e+02,
       2.97789037e-01, 1.62227759e+03, 4.21387604e+02, 2.43613183e-01,
       1.58694971e+03, 3.33055328e+02, 3.73081863e-01, 1.58686633e+03,
       3.41869568e+02, 3.12061399e-01, 1.56930640e+03, 3.83162170e+02,
       4.36050385e-01, 0., 0., 0., 0., 0., 0., 9.95303345e+02,
       4.77329620e+02, 2.54919916e-01, 9.71796143e+02, 5.36222168e+02,
       4.99985188e-01, 9.04029297e+02, 5.86175293e+02, 5.51745057e-01,
       0., 0., 0., 0., 0., 0., 0., 0., 0., 0., 0., 0., 0., 0., 0., 0.,
       0., 0., 0., 0., 0., 0., 0., 0., 0., 0., 0., 0., 0., 0., 0., 0.,
       0., 0., 0., 0., 0., 0., 0., 0., 0., 0., 0., 0., 0., 0., 0., 0.,
       0., 0., 0., 0., 0., 0., 0., 0., 0., 0., 0., 0. ]
