%YAML:1.0
---
pose_0: !!opencv-matrix
   rows: 1
   cols: 25
   dt: "3f"
   data: [ 7.48091797e+02, 4.30215088e+02, 7.32233167e-01,
       8.27579407e+02, 4.12600891e+02, 6.65482640e-01, 8.33470154e+02,
       4.53753052e+02, 5.69828391e-01, 8.80525513e+02, 5.30169006e+02,
       8.69094372e-01, 7.62854736e+02, 4.83209991e+02, 8.85275722e-01,
       8.21642517e+02, 3.68421600e+02, 5.44204533e-01, 8.77518066e+02,
       3.38861572e+02, 8.20771575e-01, 7.62721069e+02, 3.86213196e+02,
       7.69237399e-01, 1.11900244e+03, 4.50857910e+02, 5.70429206e-01,
       1.11595056e+03, 4.97900604e+02, 5.73100924e-01, 1.30743152e+03,
       5.03793091e+02, 8.23697686e-01, 1.53975464e+03, 5.15567078e+02,
       6.09600842e-01, 1.12777380e+03, 4.03689545e+02, 5.45153737e-01,
       1.34846130e+03, 4.06686890e+02, 6.35261536e-01, 1.55449731e+03,
       4.03682892e+02, 6.06007099e-01, 7.39231567e+02, 4.36059540e+02,
       7.38536656e-01, 7.39330811e+02, 4.12517578e+02, 7.85152555e-01,
       7.45229858e+02, 4.56758606e+02, 2.32892573e-01, 7.45218079e+02,
       3.86141937e+02, 4.24876034e-01, 1.61642310e+03, 3.74318451e+02,
       5.28212786e-01, 1.61330908e+03, 3.68436707e+02, 5.89592755e-01,
       1.57219617e+03, 4.12498657e+02, 2.99488008e-01, 1.61040381e+03,
       4.97863739e+02, 2.08024129e-01, 1.59575952e+03, 5.12661133e+02,
       1.59406975e-01, 1.56631946e+03, 5.03840240e+02, 3.76775771e-01 ]
