%YAML:1.0
---
pose_0: !!opencv-matrix
   rows: 1
   cols: 25
   dt: "3f"
   data: [ 7.62657471e+02, 5.09675964e+02, 8.56226504e-01,
       8.45232727e+02, 5.06629639e+02, 7.52538621e-01, 8.42320679e+02,
       5.56749023e+02, 6.63865387e-01, 8.42256409e+02, 6.51061768e+02,
       7.80804694e-01, 8.06995361e+02, 5.50860962e+02, 8.61493826e-01,
       8.45230225e+02, 4.56591034e+02, 6.80272639e-01, 7.95218384e+02,
       3.92025940e+02, 6.66436374e-01, 6.77451965e+02, 4.00764191e+02,
       7.47256160e-01, 1.09535291e+03, 5.27226318e+02, 5.59100866e-01,
       1.09245288e+03, 5.71450806e+02, 5.67385435e-01, 1.31031030e+03,
       6.12729309e+02, 5.83687365e-01, 1.51630188e+03, 6.45102112e+02,
       6.61979079e-01, 1.09544995e+03, 4.77292603e+02, 5.33954918e-01,
       1.32798181e+03, 4.59730957e+02, 7.64418006e-01, 1.53394055e+03,
       4.33237640e+02, 6.21430993e-01, 7.42247437e+02, 5.21402344e+02,
       7.89000928e-01, 7.53918213e+02, 4.89150757e+02, 7.70817459e-01,
       7.59827393e+02, 5.36196960e+02, 1.64338440e-01, 7.71624939e+02,
       4.65553650e+02, 5.91099143e-01, 1.61926782e+03, 4.21414886e+02,
       3.68490160e-01, 1.61345703e+03, 4.15570557e+02, 4.05789673e-01,
       1.55749780e+03, 4.15576569e+02, 2.31476814e-01, 1.58686694e+03,
       6.86224060e+02, 4.90325928e-01, 1.58389746e+03, 6.83320862e+02,
       4.85498786e-01, 1.54570972e+03, 6.27402588e+02, 4.21053976e-01 ]
