%YAML:1.0
---
pose_0: !!opencv-matrix
   rows: 1
   cols: 25
   dt: "3f"
   data: [ 6.65717834e+02, 4.80269012e+02, 9.10395145e-01,
       8.01061584e+02, 5.18524597e+02, 6.31424904e-01, 8.09953064e+02,
       5.98069580e+02, 7.24302649e-01, 9.51060181e+02, 6.39206909e+02,
       7.56947577e-01, 1.06305371e+03, 7.00994629e+02, 7.75005519e-01,
       7.89328308e+02, 4.39014526e+02, 4.29413289e-01, 9.18802246e+02,
       3.86125458e+02, 1.64831668e-01, 0., 0., 0., 1.11011414e+03,
       5.03716339e+02, 5.22195101e-01, 1.10419519e+03, 5.50961548e+02,
       5.47756076e-01, 1.32203748e+03, 5.89145752e+02, 5.44840038e-01,
       1.49857446e+03, 5.83237061e+02, 5.81204593e-01, 1.10716675e+03,
       4.39018280e+02, 4.76871639e-01, 1.35439392e+03, 4.56763855e+02,
       5.37776232e-01, 1.61343774e+03, 4.71463104e+02, 5.21244049e-01,
       6.48074951e+02, 5.00785583e+02, 8.05651069e-01, 6.53921265e+02,
       4.59722687e+02, 8.27506959e-01, 6.68488464e+02, 5.30325806e+02,
       6.32719457e-01, 6.92180115e+02, 4.42022858e+02, 4.63913500e-01,
       1.70761121e+03, 4.39070313e+02, 4.00924891e-01, 1.70471985e+03,
       4.39053009e+02, 4.22029316e-01, 1.62227417e+03, 4.80258118e+02,
       1.80525839e-01, 1.58695337e+03, 5.80392517e+02, 1.41256556e-01,
       0., 0., 0., 1.52513013e+03, 5.71483948e+02, 3.54599714e-01 ]
