%YAML:1.0
---
pose_0: !!opencv-matrix
   rows: 1
   cols: 25
   dt: "3f"
   data: [ 6.86276794e+02, 5.33269836e+02, 8.29561472e-01,
       8.15872498e+02, 5.36234741e+02, 6.61822081e-01, 8.18697754e+02,
       6.27505676e+02, 6.06209219e-01, 9.07113953e+02, 7.62780212e+02,
       8.54930103e-01, 8.39346863e+02, 7.15723999e+02, 6.54087663e-01,
       8.21700256e+02, 4.56583496e+02, 5.94944835e-01, 9.68778809e+02,
       4.18443970e+02, 7.20204592e-01, 1.05424658e+03, 4.18410858e+02,
       7.83420682e-01, 1.11013062e+03, 5.53910828e+02, 5.56123793e-01,
       1.10125806e+03, 6.06826538e+02, 5.30784309e-01, 1.31319507e+03,
       5.98047852e+02, 4.65582848e-01, 1.60164368e+03, 6.03827332e+02,
       4.30204570e-01, 1.11601624e+03, 4.97953705e+02, 5.41068614e-01,
       1.32492676e+03, 4.80315155e+02, 5.07234931e-01, 1.53100513e+03,
       5.06764465e+02, 3.55761975e-01, 6.71488403e+02, 5.53827087e+02,
       8.56173456e-01, 6.71481567e+02, 5.15575195e+02, 8.13249171e-01,
       6.92099121e+02, 5.77274170e+02, 2.66677737e-01, 6.95107483e+02,
       4.86209290e+02, 5.32218635e-01, 1.63398901e+03, 4.77329468e+02,
       2.25766495e-01, 1.63109277e+03, 4.74393494e+02, 2.43699223e-01,
       1.55457544e+03, 5.12637146e+02, 2.12101519e-01, 1.70451782e+03,
       5.95000854e+02, 3.95762771e-01, 1.68697742e+03, 6.03857361e+02,
       3.38334054e-01, 1.61930176e+03, 5.98034241e+02, 2.66083419e-01 ]
