%YAML:1.0
---
pose_0: !!opencv-matrix
   rows: 1
   cols: 25
   dt: "3f"
   data: [ 7.62723511e+02, 6.03919495e+02, 8.95809293e-01,
       8.68709412e+02, 6.03831421e+02, 6.76428318e-01, 8.65835144e+02,
       6.68504639e+02, 5.49562156e-01, 1.01296082e+03, 6.92224365e+02,
       5.34498155e-01, 1.09832959e+03, 7.42219360e+02, 7.84589171e-01,
       8.80533325e+02, 5.33261169e+02, 7.09464967e-01, 1.01885223e+03,
       5.03807465e+02, 7.91776061e-01, 1.14237891e+03, 4.89061829e+02,
       7.81167328e-01, 1.13362585e+03, 6.18519409e+02, 6.15343451e-01,
       1.13068445e+03, 6.56867126e+02, 5.95232606e-01, 1.28669653e+03,
       6.71593384e+02, 3.89471591e-01, 1.54269836e+03, 6.27486694e+02,
       3.07388902e-01, 1.13944299e+03, 5.71408081e+02, 6.11235321e-01,
       1.28674963e+03, 6.03925781e+02, 7.38722563e-01, 1.56332703e+03,
       6.21590820e+02, 4.34235632e-01, 7.42247803e+02, 6.21508545e+02,
       8.41502607e-01, 7.48159729e+02, 5.89109253e+02, 8.19374025e-01,
       7.59841187e+02, 6.44973267e+02, 3.29832703e-01, 7.80430786e+02,
       5.62674805e+02, 5.86441100e-01, 1.65456787e+03, 6.18557434e+02,
       3.36263746e-01, 1.64574487e+03, 6.03955200e+02, 3.48053843e-01,
       1.57515210e+03, 6.00860046e+02, 2.33403489e-01, 0., 0., 0., 0.,
       0., 0., 1.56331909e+03, 5.86284851e+02, 1.18861891e-01 ]
