%YAML:1.0
---
pose_0: !!opencv-matrix
   rows: 1
   cols: 25
   dt: "3f"
   data: [ 6.62770020e+02, 5.06680878e+02, 8.25310707e-01,
       7.68773499e+02, 4.89078735e+02, 6.48353457e-01, 7.68725525e+02,
       5.74304810e+02, 4.93921638e-01, 9.30626465e+02, 5.95052368e+02,
       3.13680708e-01, 9.51181152e+02, 5.97944336e+02, 6.36096224e-02,
       7.68766418e+02, 4.06589264e+02, 6.31688356e-01, 9.07071228e+02,
       3.50785553e+02, 7.46897280e-01, 1.02778003e+03, 3.15356934e+02,
       8.35002720e-01, 1.09836877e+03, 4.83121674e+02, 4.90519643e-01,
       1.09832031e+03, 5.33321655e+02, 5.05503714e-01, 1.29554285e+03,
       5.27209290e+02, 5.21101952e-01, 1.63700891e+03, 4.59536163e+02,
       3.74823004e-01, 1.09834082e+03, 4.15532471e+02, 4.58387047e-01,
       1.33968127e+03, 4.80142029e+02, 3.48467380e-01, 1.63687817e+03,
       4.59713989e+02, 2.07860142e-01, 6.45146851e+02, 5.27226929e+02,
       8.34181666e-01, 6.47909058e+02, 4.83321930e+02, 8.03561389e-01,
       6.68568115e+02, 5.47875977e+02, 2.03363448e-01, 6.68645813e+02,
       4.53764862e+02, 5.85305870e-01, 1.77234387e+03, 4.36138062e+02,
       1.20557271e-01, 1.77236169e+03, 4.33140686e+02, 1.22543514e-01,
       1.63990613e+03, 4.56668457e+02, 8.86209533e-02, 1.76350476e+03,
       4.36086853e+02, 1.21048205e-01, 0., 0., 0., 0., 0., 0. ]
