%YAML:1.0
---
pose_0: !!opencv-matrix
   rows: 1
   cols: 25
   dt: "3f"
   data: [ 7.53966187e+02, 5.36164307e+02, 8.04003179e-01,
       8.24588745e+02, 4.83293549e+02, 5.98257959e-01, 8.15778198e+02,
       5.33240051e+02, 3.69489253e-01, 0., 0., 0., 0., 0., 0.,
       8.36472961e+02, 4.33203186e+02, 6.49608731e-01, 9.74604309e+02,
       4.36033142e+02, 8.25062633e-01, 1.06899353e+03, 4.56747498e+02,
       8.73513103e-01, 1.11301038e+03, 5.50879761e+02, 5.12236476e-01,
       1.11013562e+03, 5.97872009e+02, 5.14982104e-01, 1.32780103e+03,
       6.21403564e+02, 7.65429974e-01, 1.54568750e+03, 6.71670837e+02,
       6.26868188e-01, 1.11300073e+03, 5.03687561e+02, 4.87412751e-01,
       1.35435291e+03, 4.65594696e+02, 6.16648853e-01, 1.56039001e+03,
       4.53688293e+02, 5.61769903e-01, 7.39132080e+02, 5.44972229e+02,
       7.71928549e-01, 7.42261108e+02, 5.18504761e+02, 7.66848207e-01,
       0., 0., 0., 7.56941223e+02, 4.80093170e+02, 6.17459357e-01,
       1.63997791e+03, 4.30244690e+02, 2.11614072e-01, 1.63691296e+03,
       4.27268158e+02, 2.28804231e-01, 1.57807471e+03, 4.39106049e+02,
       2.60432363e-01, 1.62806433e+03, 6.48007263e+02, 5.19404590e-01,
       1.61635437e+03, 6.65607727e+02, 4.32055891e-01, 1.56040637e+03,
       6.95110596e+02, 3.37367386e-01 ]
