%YAML:1.0
---
pose_0: !!opencv-matrix
   rows: 1
   cols: 25
   dt: "3f"
   data: [ 7.92320435e+02, 3.62569458e+02, 8.28203142e-01,
       8.80491394e+02, 3.86038513e+02, 7.20912457e-01, 8.68738892e+02,
       4.39047699e+02, 5.68526030e-01, 7.39340088e+02, 4.89121887e+02,
       7.33615041e-01, 7.09819519e+02, 4.36020172e+02, 3.60716194e-01,
       8.86488831e+02, 3.15494263e+02, 6.46457791e-01, 8.86401184e+02,
       2.21329910e+02, 7.44391978e-01, 8.56873901e+02, 1.29914276e+02,
       7.49399841e-01, 1.13944714e+03, 3.83120148e+02, 5.48314571e-01,
       1.13946191e+03, 4.33061829e+02, 5.87887347e-01, 1.36318945e+03,
       4.59620300e+02, 7.60091841e-01, 1.54867493e+03, 4.68507721e+02,
       6.58622742e-01, 1.13366919e+03, 3.24308044e+02, 5.17322421e-01,
       1.36617529e+03, 3.30156128e+02, 5.43654382e-01, 1.57804871e+03,
       2.94842224e+02, 6.41150057e-01, 7.83316101e+02, 3.83119476e+02,
       7.59426355e-01, 7.86223022e+02, 3.42044769e+02, 7.55352437e-01,
       7.95234192e+02, 4.18407043e+02, 4.88866746e-01, 8.09814941e+02,
       3.24265228e+02, 8.03345144e-02, 1.65159729e+03, 2.77171356e+02,
       4.62969244e-01, 1.63990955e+03, 2.71353882e+02, 5.32678902e-01,
       1.60752271e+03, 2.94742401e+02, 2.38018289e-01, 1.60163257e+03,
       5.03822784e+02, 2.61895776e-01, 1.59573364e+03, 5.06761902e+02,
       2.47493401e-01, 1.58390588e+03, 4.56671112e+02, 5.15208304e-01 ]
