%YAML:1.0
---
pose_0: !!opencv-matrix
   rows: 1
   cols: 25
   dt: "3f"
   data: [ 7.18738953e+02, 5.18493347e+02, 8.20501208e-01,
       8.30447205e+02, 5.03855621e+02, 6.12239003e-01, 8.12882996e+02,
       5.53803162e+02, 4.85194117e-01, 0., 0., 0., 0., 0., 0.,
       8.36355347e+02, 4.53790344e+02, 6.20846868e-01, 9.57006409e+02,
       4.33269897e+02, 8.21312189e-01, 1.11607642e+03, 4.27287415e+02,
       7.51481295e-01, 1.11012769e+03, 5.53833252e+02, 5.56436002e-01,
       1.10423267e+03, 6.00895325e+02, 5.54727495e-01, 1.31907214e+03,
       6.21544678e+02, 7.79632211e-01, 1.54577246e+03, 6.68555054e+02,
       6.56532764e-01, 1.11888440e+03, 5.03838318e+02, 5.16220987e-01,
       1.36907068e+03, 4.62673889e+02, 4.60240334e-01, 1.56926514e+03,
       4.39015411e+02, 5.94497383e-01, 7.12705994e+02, 5.30345825e+02,
       7.86217928e-01, 7.12804565e+02, 5.03725861e+02, 8.64935517e-01,
       7.27516052e+02, 5.50860718e+02, 3.18288833e-01, 7.36266174e+02,
       4.77274231e+02, 6.84554875e-01, 1.63699561e+03, 4.44944458e+02,
       3.54558647e-01, 1.63403979e+03, 4.33096802e+02, 4.19533998e-01,
       1.61041919e+03, 4.33181946e+02, 2.17521295e-01, 1.63110535e+03,
       6.74519531e+02, 3.53456467e-01, 0., 0., 0., 1.58103528e+03,
       6.51047668e+02, 3.42617095e-01 ]
