%YAML:1.0
---
pose_0: !!opencv-matrix
   rows: 1
   cols: 25
   dt: "3f"
   data: [ 7.15626465e+02, 4.83318512e+02, 8.32546592e-01,
       8.33450562e+02, 5.03782776e+02, 7.50403106e-01, 8.33437195e+02,
       5.77306519e+02, 7.43003786e-01, 9.24706970e+02, 6.68564514e+02,
       7.38388479e-01, 9.74808105e+02, 6.62713684e+02, 7.53335774e-01,
       8.36416016e+02, 4.33084503e+02, 6.35906816e-01, 1.00425714e+03,
       4.09568207e+02, 7.98826396e-01, 9.04020813e+02, 4.09558350e+02,
       7.96107888e-01, 1.13359973e+03, 4.97909546e+02, 5.58454096e-01,
       1.12480371e+03, 5.44969543e+02, 5.97295702e-01, 1.30438452e+03,
       5.86249207e+02, 7.03092635e-01, 1.58400330e+03, 6.03966064e+02,
       6.17147207e-01, 1.13656055e+03, 4.41971008e+02, 5.46019971e-01,
       1.31317200e+03, 4.50821930e+02, 6.28714800e-01, 1.56627551e+03,
       4.71378296e+02, 6.14917338e-01, 6.95215454e+02, 5.03789673e+02,
       7.31582284e-01, 6.98009521e+02, 4.74298920e+02, 7.76375771e-01,
       7.15778687e+02, 5.24432434e+02, 4.79226738e-01, 7.21703064e+02,
       4.50767151e+02, 5.03054976e-01, 1.63110352e+03, 4.42019379e+02,
       5.57448328e-01, 1.62224146e+03, 4.39080505e+02, 5.94796002e-01,
       1.59282581e+03, 4.80234863e+02, 4.02846098e-01, 1.69878430e+03,
       5.83216675e+02, 3.84594440e-01, 1.68990027e+03, 5.97995728e+02,
       3.19559455e-01, 1.60458301e+03, 5.98020691e+02, 2.55800188e-01 ]
