%YAML:1.0
---
pose_0: !!opencv-matrix
   rows: 1
   cols: 25
   dt: "3f"
   data: [ 7.39256226e+02, 5.24372437e+02, 5.69633469e-02,
       8.09828003e+02, 4.56607513e+02, 2.97790676e-01, 8.06973450e+02,
       4.62599548e+02, 1.44360319e-01, 0., 0., 0., 0., 0., 0.,
       8.18703613e+02, 4.30189941e+02, 3.07268143e-01, 9.54096497e+02,
       4.39016937e+02, 6.13231361e-01, 1.10130652e+03, 5.06646851e+02,
       5.46061754e-01, 1.13072559e+03, 4.33115631e+02, 3.35449904e-01,
       1.13953552e+03, 4.09532440e+02, 2.69971877e-01, 1.32491382e+03,
       4.56556946e+02, 5.60370803e-01, 1.55158008e+03, 4.15540588e+02,
       4.02559876e-01, 1.12480054e+03, 4.56701782e+02, 2.95509160e-01,
       1.31021948e+03, 5.53876648e+02, 7.08381176e-01, 1.55162769e+03,
       4.39059845e+02, 3.14192444e-01, 0., 0., 0., 0., 0., 0., 0., 0.,
       0., 7.53949280e+02, 4.65511566e+02, 1.60856590e-01,
       1.64284546e+03, 4.80274292e+02, 1.25918806e-01, 0., 0., 0., 0.,
       0., 0., 1.58986121e+03, 3.50772247e+02, 2.32240617e-01,
       1.58694897e+03, 3.59541901e+02, 1.68826252e-01, 1.58986377e+03,
       3.85999664e+02, 2.10746840e-01 ]
