%YAML:1.0
---
pose_0: !!opencv-matrix
   rows: 1
   cols: 25
   dt: "3f"
   data: [ 7.62646179e+02, 3.94857574e+02, 8.66467714e-01,
       8.59980225e+02, 3.85982147e+02, 7.51376212e-01, 8.59827637e+02,
       4.53787964e+02, 6.29288554e-01, 1.00419885e+03, 4.83212250e+02,
       7.00167775e-01, 1.09526831e+03, 5.62626282e+02, 8.18815053e-01,
       8.80424133e+02, 3.00759094e+02, 6.77037239e-01, 1.00114874e+03,
       2.77119171e+02, 7.38609850e-01, 1.04529053e+03, 2.53620834e+02,
       7.18519747e-01, 1.13658862e+03, 4.24363159e+02, 5.70777416e-01,
       1.12478162e+03, 4.74388367e+02, 6.01671994e-01, 1.33080298e+03,
       5.39132935e+02, 7.42739975e-01, 1.54275647e+03, 5.74412170e+02,
       6.28875434e-01, 1.14245459e+03, 3.68405457e+02, 5.41590512e-01,
       1.37505176e+03, 3.59599091e+02, 5.18556058e-01, 1.56636743e+03,
       3.12495850e+02, 6.08762324e-01, 7.42219788e+02, 4.12492249e+02,
       8.29582691e-01, 7.45144287e+02, 3.77243103e+02, 8.32620442e-01,
       7.62862183e+02, 4.33136475e+02, 2.48392791e-01, 7.68650452e+02,
       3.44845612e+02, 5.18872499e-01, 1.63992896e+03, 2.77145416e+02,
       5.32906890e-01, 1.63688782e+03, 2.74239166e+02, 5.39418519e-01,
       1.58981970e+03, 2.97838196e+02, 2.05814466e-01, 1.60451355e+03,
       6.12717224e+02, 4.57984805e-01, 1.60753381e+03, 6.06811096e+02,
       4.83107179e-01, 1.57224194e+03, 5.53775757e+02, 4.66534346e-01 ]
