%YAML:1.0
---
pose_0: !!opencv-matrix
   rows: 1
   cols: 25
   dt: "3f"
   data: [ 7.56860718e+02, 5.06650482e+02, 5.19960880e-01,
       8.21648193e+02, 4.33030487e+02, 4.38251883e-01, 8.18688599e+02,
       4.27304169e+02, 3.65002692e-01, 9.15867554e+02, 5.27288574e+02,
       1.17082208e-01, 8.12897095e+02, 5.36212708e+02, 1.60626724e-01,
       8.24576538e+02, 4.36032593e+02, 7.35332966e-01, 9.42292664e+02,
       5.27396790e+02, 8.06404293e-01, 8.09846008e+02, 5.42098328e+02,
       7.95383513e-01, 1.09241248e+03, 4.24312469e+02, 3.80875319e-01,
       1.10712573e+03, 3.89050079e+02, 2.92208552e-01, 1.32785608e+03,
       4.68445831e+02, 3.50319982e-01, 1.54286523e+03, 4.09620667e+02,
       4.58170533e-01, 1.08950439e+03, 4.44937805e+02, 3.13443989e-01,
       1.32780688e+03, 4.83227020e+02, 5.69129765e-01, 1.62225562e+03,
       4.33057587e+02, 3.90860140e-01, 7.45118896e+02, 5.03840118e+02,
       5.04381992e-02, 7.48042358e+02, 4.89047729e+02, 5.49788713e-01,
       0., 0., 0., 7.59852295e+02, 4.53681702e+02, 5.54734409e-01,
       1.67812097e+03, 3.77243591e+02, 3.55597585e-01, 1.67808936e+03,
       3.80187988e+02, 3.26867282e-01, 1.66053467e+03, 4.41967834e+02,
       1.83813229e-01, 0., 0., 0., 0., 0., 0., 1.56921826e+03,
       3.68384674e+02, 1.92282170e-01 ]
