%YAML:1.0
---
pose_0: !!opencv-matrix
   rows: 1
   cols: 25
   dt: "3f"
   data: [ 7.86218079e+02, 5.68481323e+02, 8.37975323e-01,
       9.06995667e+02, 5.53865356e+02, 7.56494224e-01, 9.01098938e+02,
       6.42075012e+02, 5.99681437e-01, 1.05128833e+03, 7.12813293e+02,
       7.44177520e-01, 1.16317969e+03, 7.68706055e+02, 7.96562374e-01,
       9.30460144e+02, 4.62546478e+02, 6.67927742e-01, 9.57057373e+02,
       3.59589539e+02, 6.47664785e-01, 8.86482910e+02, 2.41758499e+02,
       7.61208236e-01, 1.17194775e+03, 6.00968628e+02, 6.50755644e-01,
       1.16598364e+03, 6.47958496e+02, 6.62713647e-01, 1.35441345e+03,
       6.86316711e+02, 6.36458397e-01, 1.54281799e+03, 6.95181274e+02,
       6.40503466e-01, 1.18366675e+03, 5.50945007e+02, 6.26093507e-01,
       1.36324951e+03, 5.56727051e+02, 7.05791831e-01, 1.56933691e+03,
       4.77286621e+02, 6.02360904e-01, 7.65761353e+02, 5.77356079e+02,
       8.15451682e-01, 7.71692322e+02, 5.50751282e+02, 8.30069423e-01,
       7.86392578e+02, 5.97991272e+02, 2.99000442e-01, 8.03984558e+02,
       5.27250549e+02, 6.13710463e-01, 1.63400549e+03, 4.06613770e+02,
       5.57212412e-01, 1.63106848e+03, 4.06697937e+02, 4.79057014e-01,
       1.59278625e+03, 4.80131927e+02, 2.80072600e-01, 1.59864966e+03,
       7.45112610e+02, 2.12467447e-01, 1.59870349e+03, 7.39192078e+02,
       2.44377464e-01, 1.57224915e+03, 6.89178955e+02, 3.81069601e-01 ]
