%YAML:1.0
---
pose_0: !!opencv-matrix
   rows: 1
   cols: 25
   dt: "3f"
   data: [ 6.45181152e+02, 5.09756042e+02, 8.61877799e-01,
       7.71590576e+02, 5.56840393e+02, 6.94646776e-01, 7.77554504e+02,
       6.47968750e+02, 6.52667522e-01, 9.24635315e+02, 7.15722900e+02,
       7.90512085e-01, 9.30591431e+02, 6.62697266e+02, 8.20955098e-01,
       7.62742371e+02, 4.92035400e+02, 4.73713607e-01, 7.86372742e+02,
       4.56644623e+02, 2.11869389e-01, 8.36447083e+02, 4.21412903e+02,
       4.05955136e-01, 1.06889893e+03, 5.44945862e+02, 5.26319921e-01,
       1.06296863e+03, 5.97948792e+02, 5.56382120e-01, 1.28079895e+03,
       6.03882935e+02, 3.90858859e-01, 1.52215906e+03, 6.03833984e+02,
       2.30497763e-01, 1.06300208e+03, 4.83110931e+02, 5.64873815e-01,
       1.30139465e+03, 5.03684143e+02, 5.45068324e-01, 1.57809436e+03,
       5.03850311e+02, 2.62646377e-01, 6.24523438e+02, 5.30225891e+02,
       8.51224601e-01, 6.36257568e+02, 4.92068756e+02, 7.77708590e-01,
       6.45095459e+02, 5.65566223e+02, 5.58650434e-01, 6.65708557e+02,
       4.74315704e+02, 4.58850145e-01, 1.76347839e+03, 4.97865753e+02,
       1.03588372e-01, 0., 0., 0., 1.58985205e+03, 5.00882751e+02,
       1.53698951e-01, 0., 0., 0., 0., 0., 0., 0., 0., 0. ]
