%YAML:1.0
---
pose_0: !!opencv-matrix
   rows: 2
   cols: 25
   dt: "3f"
   data: [ 7.98101379e+02, 4.47822327e+02, 5.98604739e-01,
       9.06931335e+02, 3.86101257e+02, 5.91287732e-01, 8.77486816e+02,
       4.36124908e+02, 7.26590335e-01, 9.04036133e+02, 3.38983185e+02,
       5.20839751e-01, 8.27564575e+02, 2.44645599e+02, 7.08447635e-01,
       8.77573914e+02, 4.33073669e+02, 1.61113217e-01, 0., 0., 0., 0.,
       0., 0., 1.13946106e+03, 4.36014374e+02, 6.93864942e-01,
       1.11608911e+03, 4.83099762e+02, 6.82349682e-01, 1.30443823e+03,
       5.92082581e+02, 7.99797893e-01, 1.51036218e+03, 7.15656006e+02,
       6.25238776e-01, 1.15716833e+03, 3.86106323e+02, 6.32051229e-01,
       1.35741321e+03, 3.88910797e+02, 6.65371656e-01, 1.56332312e+03,
       3.85949799e+02, 6.31909370e-01, 0., 0., 0., 7.89206421e+02,
       4.36186676e+02, 6.53788209e-01, 0., 0., 0., 7.92211243e+02,
       4.12630493e+02, 7.06061780e-01, 1.62515869e+03, 3.56636993e+02,
       4.49086308e-01, 1.61348267e+03, 3.50756927e+02, 5.00454545e-01,
       1.59281555e+03, 3.86008057e+02, 3.18691492e-01, 1.58700830e+03,
       7.45175232e+02, 5.44480920e-01, 1.57215784e+03, 7.53981262e+02,
       4.97403383e-01, 1.51927686e+03, 7.15675171e+02, 4.00749117e-01,
       0., 0., 0., 0., 0., 0., 0., 0., 0., 0., 0., 0., 0., 0., 0.,
       9.24640198e+02, 3.41979614e+02, 2.56384164e-01, 9.62907715e+02,
       1.88875473e+02, 1.97866023e-01, 8.39314697e+02, 1.74141388e+02,
       4.98264074e-01, 0., 0., 0., 0., 0., 0., 0., 0., 0., 0., 0., 0.,
       0., 0., 0., 0., 0., 0., 0., 0., 0., 0., 0., 0., 0., 0., 0., 0.,
       0., 0., 0., 0., 0., 0., 0., 0., 0., 0., 0., 0., 0., 0., 0., 0.,
       0., 0., 0., 0., 0., 0., 0. ]
