%YAML:1.0
---
pose_0: !!opencv-matrix
   rows: 1
   cols: 25
   dt: "3f"
   data: [ 7.83436951e+02, 4.62656860e+02, 7.36811221e-01,
       8.65825684e+02, 4.83083527e+02, 6.98434889e-01, 8.42225464e+02,
       5.27409485e+02, 7.38188863e-01, 9.24629211e+02, 4.30231506e+02,
       4.93839890e-01, 9.74747192e+02, 2.94763519e+02, 7.74660170e-01,
       8.83516479e+02, 4.39031555e+02, 4.22101289e-01, 1.02480725e+03,
       4.09569916e+02, 7.74191737e-01, 1.14538635e+03, 3.44847931e+02,
       7.79157400e-01, 1.13071399e+03, 5.30194397e+02, 5.80897570e-01,
       1.12776306e+03, 5.77288452e+02, 5.26089132e-01, 1.36027808e+03,
       6.18629395e+02, 7.18529522e-01, 1.53989685e+03, 6.89121948e+02,
       6.91945851e-01, 1.13657336e+03, 4.80285614e+02, 6.02310419e-01,
       1.32499670e+03, 4.30137085e+02, 5.86817026e-01, 1.51038049e+03,
       3.83112671e+02, 4.99901175e-01, 7.68668152e+02, 4.80255310e+02,
       6.91411495e-01, 7.68739258e+02, 4.53798828e+02, 7.35375762e-01,
       7.86216064e+02, 5.06716980e+02, 4.93725032e-01, 7.89394470e+02,
       4.33116882e+02, 4.39877868e-01, 1.53392627e+03, 4.30166718e+02,
       9.19058919e-02, 1.54277795e+03, 4.06683258e+02, 9.40150172e-02,
       1.53394214e+03, 3.71316986e+02, 2.97283053e-01, 1.61044043e+03,
       6.80375732e+02, 5.99999011e-01, 1.59286548e+03, 6.92241333e+02,
       6.02594018e-01, 1.54871228e+03, 7.00967529e+02, 4.00153100e-01 ]
