%YAML:1.0
---
pose_0: !!opencv-matrix
   rows: 1
   cols: 25
   dt: "3f"
   data: [ 7.30457642e+02, 3.53704315e+02, 7.53059268e-01,
       8.09935730e+02, 2.94939514e+02, 4.40865278e-01, 8.01062256e+02,
       2.91898926e+02, 3.00945878e-01, 9.24593384e+02, 4.12501862e+02,
       1.89207345e-01, 9.57134949e+02, 5.53863464e+02, 1.89009398e-01,
       8.15800659e+02, 2.97799408e+02, 6.30302846e-01, 9.21783264e+02,
       4.12470062e+02, 6.45627975e-01, 9.62984558e+02, 5.53957153e+02,
       7.61465132e-01, 1.11595703e+03, 3.44940247e+02, 4.57290113e-01,
       1.11601257e+03, 3.94913635e+02, 4.63890493e-01, 1.30438159e+03,
       5.06794159e+02, 7.57761657e-01, 1.52218616e+03, 5.65644836e+02,
       6.16606176e-01, 1.11303430e+03, 2.91890839e+02, 3.64786297e-01,
       1.24841589e+03, 2.62401031e+02, 3.43611598e-01, 1.58985059e+03,
       1.29920547e+02, 2.29741678e-01, 7.15630981e+02, 3.62524536e+02,
       7.23206103e-01, 7.18607727e+02, 3.33123962e+02, 7.84606457e-01,
       0., 0., 0., 7.36299988e+02, 2.94735138e+02, 6.24199927e-01,
       1.63989270e+03, 1.06470718e+02, 6.58404008e-02, 1.64577148e+03,
       1.09377922e+02, 7.09591284e-02, 0., 0., 0., 1.58401086e+03,
       6.21568542e+02, 2.81671882e-01, 1.56925317e+03, 6.21445129e+02,
       2.81539619e-01, 1.55747717e+03, 5.50834534e+02, 5.19084573e-01 ]
