%YAML:1.0
---
pose_0: !!opencv-matrix
   rows: 1
   cols: 25
   dt: "3f"
   data: [ 5.74369507e+02, 5.03865723e+02, 8.02319765e-01,
       7.36243958e+02, 5.21477539e+02, 4.79901403e-01, 7.36317749e+02,
       6.24488342e+02, 4.89453316e-01, 8.42249146e+02, 6.71507935e+02,
       3.07137191e-01, 8.95244202e+02, 6.77443420e+02, 3.69501054e-01,
       7.06903381e+02, 4.39004700e+02, 3.06344807e-01, 8.92299011e+02,
       4.03750488e+02, 1.47731572e-01, 8.98174377e+02, 4.00780823e+02,
       2.47434601e-01, 1.04535938e+03, 5.30373779e+02, 4.60890174e-01,
       1.03355579e+03, 5.95028503e+02, 4.45765764e-01, 1.17484229e+03,
       6.30364746e+02, 9.57992822e-02, 1.64577075e+03, 5.47926453e+02,
       3.33167017e-01, 1.04833203e+03, 4.62577148e+02, 3.99094313e-01,
       1.25430554e+03, 4.42025360e+02, 1.27282485e-01, 1.43680334e+03,
       4.27255615e+02, 1.37231156e-01, 5.53718689e+02, 5.27266785e+02,
       7.81484723e-01, 5.53873840e+02, 4.80130310e+02, 8.02273393e-01,
       5.71486023e+02, 5.50875793e+02, 2.26781696e-01, 5.92112244e+02,
       4.41998505e+02, 4.55503792e-01, 0., 0., 0., 0., 0., 0.,
       1.44270593e+03, 4.36130951e+02, 9.91091728e-02, 1.75463403e+03,
       5.77320251e+02, 1.92294195e-01, 0., 0., 0., 1.66052722e+03,
       5.30198364e+02, 2.43043199e-01 ]
