%YAML:1.0
---
pose_0: !!opencv-matrix
   rows: 1
   cols: 25
   dt: "3f"
   data: [ 6.71473572e+02, 3.18373016e+02, 6.97230935e-01,
       7.77552063e+02, 2.85935699e+02, 5.00087380e-01, 7.71690674e+02,
       3.62456146e+02, 5.56537747e-01, 9.07026184e+02, 4.33243805e+02,
       6.20426536e-01, 1.02177350e+03, 5.27429871e+02, 5.86239874e-01,
       7.71633850e+02, 2.15316238e+02, 2.55162597e-01, 9.36436462e+02,
       1.30107986e+02, 4.06188160e-01, 1.03948926e+03, 1.06573883e+02,
       2.89030612e-01, 1.07191260e+03, 3.15397003e+02, 5.32069147e-01,
       1.06889502e+03, 3.65399048e+02, 5.12158334e-01, 1.29550098e+03,
       3.86128021e+02, 4.76725608e-01, 1.33678455e+03, 3.85993103e+02,
       1.02648214e-01, 1.07777039e+03, 2.53660950e+02, 4.88503486e-01,
       1.35436877e+03, 2.15376190e+02, 4.34331954e-01, 1.56931592e+03,
       1.74088318e+02, 3.94213140e-01, 6.53924683e+02, 3.24300293e+02,
       4.57151592e-01, 6.56892273e+02, 2.97818298e+02, 5.16203642e-01,
       6.68700806e+02, 3.36080353e+02, 5.16433306e-02, 6.74533691e+02,
       2.71193298e+02, 3.28620344e-01, 1.66928748e+03, 1.24071510e+02,
       3.78342718e-01, 1.66641248e+03, 1.21202667e+02, 3.51537436e-01,
       1.58687012e+03, 1.80006668e+02, 2.16957793e-01, 0., 0., 0., 0.,
       0., 0., 0., 0., 0. ]
