%YAML:1.0
---
pose_0: !!opencv-matrix
   rows: 1
   cols: 25
   dt: "3f"
   data: [ 6.48147583e+02, 5.27218811e+02, 8.13810468e-01,
       7.92258179e+02, 4.89148865e+02, 5.63435376e-01, 8.33437927e+02,
       5.80344971e+02, 3.48597765e-01, 9.27682251e+02, 6.95143372e+02,
       8.52197766e-01, 8.01089417e+02, 6.45086243e+02, 7.55536199e-01,
       7.71633484e+02, 3.94900879e+02, 6.33369684e-01, 9.27641602e+02,
       3.41903687e+02, 7.63834357e-01, 1.02776514e+03, 3.65352722e+02,
       7.97501743e-01, 1.07185229e+03, 5.39126770e+02, 5.18932819e-01,
       1.06589038e+03, 5.98023865e+02, 5.54929852e-01, 1.28963489e+03,
       6.56835327e+02, 2.47634232e-01, 1.41913269e+03, 6.62758484e+02,
       8.58264863e-02, 1.07774597e+03, 4.74352081e+02, 4.94145423e-01,
       1.33676575e+03, 5.50822815e+02, 5.82098842e-01, 1.65459241e+03,
       5.42062805e+02, 3.40168417e-01, 6.27510376e+02, 5.39153442e+02,
       7.49489427e-01, 6.36276306e+02, 5.03647095e+02, 7.64492393e-01,
       6.45142578e+02, 5.62713440e+02, 1.56490028e-01, 6.68673645e+02,
       4.59781067e+02, 5.47677875e-01, 1.73702954e+03, 5.00814819e+02,
       1.44447774e-01, 1.73998584e+03, 5.03729370e+02, 1.31557256e-01,
       1.67816797e+03, 5.77364807e+02, 1.96952343e-01, 0., 0., 0., 0.,
       0., 0., 0., 0., 0. ]
