%YAML:1.0
---
pose_0: !!opencv-matrix
   rows: 1
   cols: 25
   dt: "3f"
   data: [ 6.21588501e+02, 4.83254700e+02, 8.82887006e-01,
       7.59771545e+02, 5.03720062e+02, 6.74690187e-01, 7.62719543e+02,
       5.98057556e+02, 7.29106486e-01, 8.92311401e+02, 6.65618713e+02,
       7.33854949e-01, 9.80697754e+02, 6.45009216e+02, 7.15624452e-01,
       7.51067200e+02, 4.15491150e+02, 5.94384849e-01, 9.30442810e+02,
       3.80154755e+02, 8.29734027e-01, 7.83446167e+02, 3.85933960e+02,
       8.41171086e-01, 1.05128796e+03, 4.94959198e+02, 4.95673388e-01,
       1.04826648e+03, 5.47888489e+02, 5.23298383e-01, 1.31321387e+03,
       5.50991028e+02, 6.79591775e-01, 1.57810999e+03, 5.56837158e+02,
       5.22729933e-01, 1.04827783e+03, 4.36088837e+02, 5.18500388e-01,
       1.30727454e+03, 4.33122406e+02, 5.10375500e-01, 1.51925940e+03,
       4.53729919e+02, 3.57676357e-01, 6.06842285e+02, 5.03751923e+02,
       7.86324978e-01, 6.09806274e+02, 4.62654846e+02, 7.98892736e-01,
       6.27378967e+02, 5.27362976e+02, 5.68725765e-01, 6.42170776e+02,
       4.36146545e+02, 6.18629992e-01, 1.66636218e+03, 4.24318420e+02,
       8.70947391e-02, 1.66054358e+03, 4.21379364e+02, 9.75696221e-02,
       1.54575586e+03, 4.56653595e+02, 1.98289663e-01, 1.70167383e+03,
       5.53767944e+02, 4.38408822e-01, 1.68702136e+03, 5.62658081e+02,
       3.43190759e-01, 1.61045264e+03, 5.47964478e+02, 2.93549836e-01 ]
