%YAML:1.0
---
pose_0: !!opencv-matrix
   rows: 1
   cols: 25
   dt: "3f"
   data: [ 6.18619019e+02, 4.33241425e+02, 8.47547174e-01,
       7.39369690e+02, 4.92014252e+02, 6.85204625e-01, 7.39158447e+02,
       5.89116882e+02, 6.29487514e-01, 8.83394592e+02, 6.71540222e+02,
       8.22139382e-01, 1.02769543e+03, 6.68582031e+02, 8.38648438e-01,
       7.42205261e+02, 3.94900146e+02, 5.66352844e-01, 9.33460022e+02,
       3.68492554e+02, 8.27403069e-01, 8.06949097e+02, 3.47834351e+02,
       8.06576252e-01, 1.05716870e+03, 5.09645721e+02, 5.08573234e-01,
       1.04832056e+03, 5.71403198e+02, 4.79481280e-01, 1.30432703e+03,
       5.62648254e+02, 2.79213399e-01, 1.55746606e+03, 5.39150635e+02,
       1.34056538e-01, 1.06004175e+03, 4.50769348e+02, 4.37320441e-01,
       1.28082166e+03, 4.59626801e+02, 3.94586325e-01, 1.51920068e+03,
       4.53768860e+02, 1.59405351e-01, 5.97905823e+02, 4.56640442e+02,
       8.50909233e-01, 6.00938538e+02, 4.27306244e+02, 5.66481471e-01,
       6.12705261e+02, 4.94966003e+02, 6.30107403e-01, 6.36233948e+02,
       4.09721039e+02, 6.02082089e-02, 0., 0., 0., 0., 0., 0.,
       1.55745581e+03, 4.44923157e+02, 1.02845401e-01, 0., 0., 0., 0.,
       0., 0., 0., 0., 0. ]
