%YAML:1.0
---
pose_0: !!opencv-matrix
   rows: 1
   cols: 25
   dt: "3f"
   data: [ 7.39376038e+02, 5.27295471e+02, 7.85070002e-01,
       8.12898132e+02, 4.56667328e+02, 5.56845784e-01, 8.09818604e+02,
       4.42009613e+02, 3.70861381e-01, 0., 0., 0., 0., 0., 0.,
       8.24651428e+02, 4.65536163e+02, 6.54729486e-01, 9.60066162e+02,
       4.80242004e+02, 8.44174504e-01, 1.02171295e+03, 5.92130188e+02,
       7.68579006e-01, 1.13367004e+03, 4.18443512e+02, 3.30960482e-01,
       1.12776331e+03, 4.12583405e+02, 2.08728626e-01, 1.33670850e+03,
       4.53794281e+02, 7.06163704e-01, 1.55455225e+03, 3.88937531e+02,
       7.66569257e-01, 1.14541150e+03, 4.15552582e+02, 3.15797716e-01,
       1.35133337e+03, 5.03687500e+02, 7.58931160e-01, 1.63395947e+03,
       4.24316010e+02, 6.08579993e-01, 0., 0., 0., 7.30371155e+02,
       5.06806976e+02, 7.14124620e-01, 0., 0., 0., 7.39318848e+02,
       4.71375031e+02, 6.17904425e-01, 1.68707043e+03, 3.71315826e+02,
       3.18191677e-01, 1.68412341e+03, 3.77260010e+02, 3.06281924e-01,
       1.66931250e+03, 4.36093231e+02, 2.21380979e-01, 1.59277588e+03,
       3.33114868e+02, 2.98575461e-01, 1.58989026e+03, 3.41927979e+02,
       2.52823055e-01, 1.56933423e+03, 3.71331940e+02, 4.23042864e-01 ]
