%YAML:1.0
---
pose_0: !!opencv-matrix
   rows: 1
   cols: 25
   dt: "3f"
   data: [ 5.50792908e+02, 5.44987915e+02, 4.64355975e-01,
       6.59792114e+02, 4.65571777e+02, 2.33841017e-01, 6.51004028e+02,
       5.74398621e+02, 1.31413922e-01, 0., 0., 0., 0., 0., 0.,
       6.45047363e+02, 3.89060760e+02, 1.74967647e-01, 8.56908630e+02,
       3.09557587e+02, 6.94361985e-01, 6.42082581e+02, 3.56562347e+02,
       6.82152331e-01, 1.02471851e+03, 5.42064514e+02, 3.66790295e-01,
       1.00417517e+03, 6.18547546e+02, 3.58404547e-01, 1.31028296e+03,
       6.95057434e+02, 4.65884387e-01, 1.58394165e+03, 7.27451660e+02,
       1.40714675e-01, 1.03944604e+03, 4.68433838e+02, 3.77586603e-01,
       1.37205591e+03, 5.03795197e+02, 4.84531701e-01, 1.72228040e+03,
       4.97887238e+02, 4.75248367e-01, 4.94982147e+02, 5.50786926e+02,
       3.95937860e-01, 5.00787476e+02, 5.27400757e+02, 1.96316868e-01,
       0., 0., 0., 4.97925934e+02, 4.42019135e+02, 1.89572230e-01,
       1.85773035e+03, 4.91999329e+02, 1.46204829e-01, 1.86060681e+03,
       4.83161896e+02, 1.67147025e-01, 1.73409216e+03, 5.12625183e+02,
       1.98238790e-01, 0., 0., 0., 0., 0., 0., 1.61338782e+03,
       7.15701477e+02, 6.11091815e-02 ]
