%YAML:1.0
---
pose_0: !!opencv-matrix
   rows: 1
   cols: 25
   dt: "3f"
   data: [ 7.36332397e+02, 4.15565369e+02, 8.06607008e-01,
       8.56977295e+02, 4.62589600e+02, 5.95592141e-01, 8.42272156e+02,
       5.44938599e+02, 5.75059175e-01, 9.77592834e+02, 5.77515991e+02,
       6.64382339e-01, 1.05713245e+03, 5.30192444e+02, 7.85253167e-01,
       8.57044067e+02, 4.06632477e+02, 4.53671843e-01, 1.01588922e+03,
       3.62414154e+02, 7.76183963e-01, 1.09554517e+03, 2.92008972e+02,
       8.66692066e-01, 1.11602649e+03, 4.68477478e+02, 5.23494601e-01,
       1.11603931e+03, 5.18535034e+02, 5.54633975e-01, 1.32199646e+03,
       5.30448975e+02, 6.97736442e-01, 1.55163196e+03, 5.71468689e+02,
       5.95248520e-01, 1.11889185e+03, 4.18424927e+02, 5.55524945e-01,
       1.32492493e+03, 4.09492462e+02, 6.53177381e-01, 1.55456213e+03,
       3.86059174e+02, 6.00619555e-01, 7.18742310e+02, 4.36051544e+02,
       8.22322488e-01, 7.21569580e+02, 4.09668854e+02, 6.79016948e-01,
       7.39300415e+02, 4.65546356e+02, 6.38097584e-01, 0., 0., 0.,
       1.63099402e+03, 3.47849487e+02, 4.64482814e-01, 1.61930432e+03,
       3.44937012e+02, 5.02999961e-01, 1.59868030e+03, 3.88993347e+02,
       2.61992455e-01, 1.61932959e+03, 5.53915222e+02, 5.36473334e-01,
       1.61050488e+03, 5.71435364e+02, 4.85604346e-01, 1.57811157e+03,
       5.59756042e+02, 2.73861676e-01 ]
