%YAML:1.0
---
pose_0: !!opencv-matrix
   rows: 1
   cols: 25
   dt: "3f"
   data: [ 6.77425293e+02, 4.94899200e+02, 8.09068501e-01,
       8.04012146e+02, 5.30433960e+02, 7.33862877e-01, 8.03965332e+02,
       6.27369751e+02, 6.62801385e-01, 9.21662598e+02, 7.01013489e+02,
       7.55545378e-01, 9.80677551e+02, 6.71676697e+02, 8.11855316e-01,
       8.04033386e+02, 4.56685181e+02, 6.96783960e-01, 9.51275208e+02,
       3.97839844e+02, 8.27866375e-01, 8.24570618e+02, 4.21357025e+02,
       7.67870486e-01, 1.08064063e+03, 5.30246582e+02, 5.71259618e-01,
       1.07776672e+03, 5.77451782e+02, 6.08926654e-01, 1.30142737e+03,
       5.83268677e+02, 5.27162492e-01, 1.56924207e+03, 5.86242432e+02,
       4.38821703e-01, 1.07774072e+03, 4.71400299e+02, 5.61376154e-01,
       1.29844800e+03, 4.80276764e+02, 5.75682104e-01, 1.56925464e+03,
       4.86117493e+02, 2.33697742e-01, 6.62766113e+02, 5.06796570e+02,
       8.75031114e-01, 6.71484985e+02, 4.77202606e+02, 8.66162777e-01,
       6.74464661e+02, 5.39172180e+02, 5.60714424e-01, 7.00973633e+02,
       4.56608459e+02, 4.53293443e-01, 0., 0., 0., 0., 0., 0.,
       1.56930334e+03, 4.83135193e+02, 2.02814355e-01, 1.65763037e+03,
       5.77412476e+02, 2.87976623e-01, 1.64874109e+03, 5.97912292e+02,
       2.31213614e-01, 1.60164087e+03, 5.80315247e+02, 2.25257233e-01 ]
