%YAML:1.0
---
pose_0: !!opencv-matrix
   rows: 1
   cols: 25
   dt: "3f"
   data: [ 7.45221680e+02, 5.42029968e+02, 7.36860812e-01,
       8.30490784e+02, 4.65554169e+02, 5.53057611e-01, 8.09935730e+02,
       4.80300079e+02, 3.93877447e-01, 0., 0., 0., 0., 0., 0.,
       8.48126831e+02, 4.56786072e+02, 6.57061100e-01, 9.71830994e+02,
       4.80350464e+02, 8.81840825e-01, 9.01107422e+02, 5.92048889e+02,
       7.96728015e-01, 1.13949060e+03, 4.74336182e+02, 4.24209476e-01,
       1.12187415e+03, 4.86120972e+02, 2.49604538e-01, 1.35441528e+03,
       4.97868866e+02, 3.45166504e-01, 1.60458215e+03, 4.30157562e+02,
       3.14050525e-01, 1.14839966e+03, 4.62583588e+02, 3.85394722e-01,
       1.36320764e+03, 5.30355347e+02, 5.25264919e-01, 1.54571033e+03,
       5.06787781e+02, 2.74367303e-01, 0., 0., 0., 7.39172974e+02,
       5.27180786e+02, 8.02871764e-01, 0., 0., 0., 7.54000305e+02,
       4.80183838e+02, 6.39597178e-01, 1.58977405e+03, 5.30270752e+02,
       1.11879677e-01, 0., 0., 0., 1.56040332e+03, 5.06697723e+02,
       2.58512169e-01, 1.67228967e+03, 3.65544586e+02, 2.61522382e-01,
       1.66642957e+03, 3.80160950e+02, 1.77842006e-01, 1.65456372e+03,
       4.09581512e+02, 8.58817101e-02 ]
