%YAML:1.0
---
pose_0: !!opencv-matrix
   rows: 1
   cols: 25
   dt: "3f"
   data: [ 7.62746399e+02, 2.91914093e+02, 1.67632520e-01,
       8.77541382e+02, 3.09489075e+02, 3.95845860e-01, 8.65815552e+02,
       3.65432037e+02, 5.59034944e-01, 7.89229553e+02, 5.06707062e+02,
       5.03763735e-01, 7.15596924e+02, 6.30415100e+02, 6.47076249e-01,
       8.80564758e+02, 2.47669983e+02, 1.93973258e-01, 9.21697021e+02,
       2.24126343e+02, 1.96982741e-01, 8.33449646e+02, 2.88911804e+02,
       1.38934746e-01, 1.12188550e+03, 3.03696594e+02, 5.08273125e-01,
       1.12183997e+03, 3.53662262e+02, 5.08281112e-01, 1.29258008e+03,
       4.36173126e+02, 2.74319291e-01, 1.49563379e+03, 5.50857849e+02,
       3.50180119e-01, 1.12191089e+03, 2.50646606e+02, 4.82620806e-01,
       1.32498450e+03, 1.82984772e+02, 2.44107068e-01, 1.39266284e+03,
       1.65364670e+02, 2.68702179e-01, 7.56905090e+02, 3.03669891e+02,
       1.41990811e-01, 7.53946594e+02, 2.91929932e+02, 8.52358937e-02,
       7.62884949e+02, 3.35987183e+02, 2.27091104e-01, 7.62828186e+02,
       2.83051239e+02, 1.27264023e-01, 0., 0., 0., 0., 0., 0.,
       1.40443433e+03, 1.38857620e+02, 8.71253386e-02, 1.49272388e+03,
       648., 1.24642640e-01, 0., 0., 0., 1.51929407e+03, 5.50873535e+02,
       2.63076574e-01 ]
