%YAML:1.0
---
pose_0: !!opencv-matrix
   rows: 1
   cols: 25
   dt: "3f"
   data: [ 7.15724304e+02, 4.86197845e+02, 8.96556079e-01,
       8.39348145e+02, 5.03807159e+02, 6.88213229e-01, 8.51073730e+02,
       5.80266846e+02, 6.69824183e-01, 9.89447754e+02, 6.21585083e+02,
       7.89389849e-01, 1.11904797e+03, 6.71515503e+02, 8.25459421e-01,
       8.36471802e+02, 4.33080444e+02, 5.70563138e-01, 1.01001215e+03,
       3.89057892e+02, 7.25103199e-01, 1.15129797e+03, 3.65541229e+02,
       7.76855707e-01, 1.13651453e+03, 5.03779755e+02, 6.02263808e-01,
       1.12777112e+03, 5.50869385e+02, 6.27629995e-01, 1.33383203e+03,
       6.21661987e+02, 7.82275200e-01, 1.54866162e+03, 6.74526917e+02,
       5.94891846e-01, 1.13662646e+03, 4.53682770e+02, 5.63311577e-01,
       1.32202490e+03, 4.56752899e+02, 7.18301296e-01, 1.57223328e+03,
       4.68433960e+02, 6.25127196e-01, 6.98131775e+02, 5.03862885e+02,
       8.12149644e-01, 7.09802734e+02, 4.77235840e+02, 8.49477708e-01,
       7.18679810e+02, 5.27291565e+02, 5.00273228e-01, 7.30415222e+02,
       4.53687714e+02, 5.70169091e-01, 1.65168982e+03, 4.42035278e+02,
       3.25152874e-01, 1.64287463e+03, 4.39095123e+02, 3.69384229e-01,
       1.61044885e+03, 4.77237366e+02, 2.94653058e-01, 1.61934155e+03,
       6.56821045e+02, 4.82642263e-01, 1.61333899e+03, 6.68656311e+02,
       4.24206972e-01, 1.57809338e+03, 6.83354675e+02, 2.73821533e-01 ]
