%YAML:1.0
---
pose_0: !!opencv-matrix
   rows: 1
   cols: 25
   dt: "3f"
   data: [ 7.80422546e+02, 5.53916809e+02, 8.28883111e-01,
       8.89400757e+02, 5.50780090e+02, 7.11811125e-01, 8.92311829e+02,
       6.21574158e+02, 6.41500533e-01, 1.00409784e+03, 6.68683411e+02,
       7.42316008e-01, 1.08361230e+03, 7.21650208e+02, 7.80975699e-01,
       8.95234985e+02, 4.80322662e+02, 6.10412300e-01, 1.02486841e+03,
       4.33068115e+02, 8.18400979e-01, 1.03062256e+03, 3.47781067e+02,
       5.97379506e-01, 1.12485938e+03, 5.68573975e+02, 6.10178173e-01,
       1.12480969e+03, 6.12670776e+02, 6.09092057e-01, 1.32792102e+03,
       6.33322205e+02, 3.75454038e-01, 1.52512390e+03, 6.48093445e+02,
       5.74924827e-01, 1.13072192e+03, 5.21439392e+02, 5.87163985e-01,
       1.32785339e+03, 5.03898041e+02, 6.60442591e-01, 1.53098975e+03,
       4.53781403e+02, 5.71461558e-01, 7.62701843e+02, 5.71481567e+02,
       7.85282612e-01, 7.65704468e+02, 5.33253845e+02, 7.97808647e-01,
       7.86263062e+02, 5.83222107e+02, 1.33458436e-01, 7.86319824e+02,
       5.03775970e+02, 5.59023798e-01, 1.62516479e+03, 4.33100006e+02,
       3.90070558e-01, 1.61349207e+03, 4.21408020e+02, 4.07662421e-01,
       1.56043152e+03, 4.41995850e+02, 1.60351142e-01, 1.58392004e+03,
       6.98097656e+02, 4.20444578e-01, 1.58388440e+03, 6.95096924e+02,
       4.18798745e-01, 1.55452783e+03, 6.30371033e+02, 4.31136459e-01 ]
