%YAML:1.0
---
pose_0: !!opencv-matrix
   rows: 1
   cols: 25
   dt: "3f"
   data: [ 7.36203369e+02, 4.56605896e+02, 8.40216815e-01,
       8.39406250e+02, 4.47918121e+02, 7.05445051e-01, 8.56918152e+02,
       5.18530701e+02, 6.99889541e-01, 9.65843689e+02, 5.45014893e+02,
       7.46566832e-01, 1.06303442e+03, 6.00897156e+02, 8.17484617e-01,
       8.36355103e+02, 3.83118622e+02, 6.54019356e-01, 9.77696228e+02,
       3.42089386e+02, 8.08769524e-01, 1.09542871e+03, 3.47754822e+02,
       8.00808370e-01, 1.11010925e+03, 4.62620728e+02, 5.92892349e-01,
       1.10716248e+03, 5.06811493e+02, 6.48220956e-01, 1.30732654e+03,
       5.21452087e+02, 6.80159926e-01, 1.55450854e+03, 5.27362427e+02,
       5.78416646e-01, 1.11601257e+03, 4.12623199e+02, 6.13590837e-01,
       1.32784888e+03, 4.09540955e+02, 5.82959175e-01, 1.52803284e+03,
       4.15453156e+02, 5.73083818e-01, 7.18608093e+02, 4.65597870e+02,
       8.00102830e-01, 7.18672180e+02, 4.33249603e+02, 8.69457483e-01,
       7.39264038e+02, 4.83186798e+02, 2.91726142e-01, 7.39293945e+02,
       4.03732635e+02, 5.95995784e-01, 1.61033875e+03, 4.06677643e+02,
       3.01576257e-01, 1.60452124e+03, 4.00749420e+02, 3.21266741e-01,
       1.55450879e+03, 4.18447906e+02, 3.10924709e-01, 1.63690222e+03,
       5.00805756e+02, 2.69777983e-01, 1.62811670e+03, 5.09690643e+02,
       2.01891109e-01, 1.57807581e+03, 5.09740845e+02, 2.78252304e-01 ]
