%YAML:1.0
---
pose_0: !!opencv-matrix
   rows: 1
   cols: 25
   dt: "3f"
   data: [ 7.83340393e+02, 4.83213196e+02, 7.64530003e-01,
       9.04032898e+02, 4.83269165e+02, 5.80464482e-01, 9.04039124e+02,
       5.50790588e+02, 6.01977050e-01, 1.00115723e+03, 6.21621094e+02,
       8.93931270e-01, 9.04042969e+02, 5.77493835e+02, 8.44056249e-01,
       8.80538208e+02, 4.18452057e+02, 4.27472681e-01, 9.68839783e+02,
       3.74353180e+02, 4.11429882e-01, 1.04840967e+03, 3.62542114e+02,
       7.75925994e-01, 1.16606580e+03, 5.00848328e+02, 3.97917777e-01,
       1.16596997e+03, 5.53940613e+02, 3.87019068e-01, 1.23080615e+03,
       5.97962341e+02, 2.52237439e-01, 1.39555701e+03, 4.62561890e+02,
       5.03284819e-02, 1.16898572e+03, 4.44914734e+02, 4.28946853e-01,
       1.35738477e+03, 4.77228394e+02, 3.54408503e-01, 1.58106042e+03,
       4.65550537e+02, 3.82131964e-01, 7.65729370e+02, 5.00807983e+02,
       6.68704152e-01, 7.62907715e+02, 4.65556976e+02, 7.51612484e-01,
       7.89253357e+02, 5.09634583e+02, 2.02739894e-01, 7.86308044e+02,
       4.36206757e+02, 5.22512734e-01, 1.63700818e+03, 4.36070007e+02,
       3.48316491e-01, 1.63687512e+03, 4.36033600e+02, 3.54331404e-01,
       1.61633325e+03, 4.80278687e+02, 2.16231465e-01, 0., 0., 0., 0.,
       0., 0., 0., 0., 0. ]
