%YAML:1.0
---
pose_0: !!opencv-matrix
   rows: 1
   cols: 25
   dt: "3f"
   data: [ 7.06928040e+02, 4.59690216e+02, 7.03293025e-01,
       7.92262024e+02, 5.06862183e+02, 7.04234242e-01, 7.89366211e+02,
       5.50885010e+02, 8.17814112e-01, 9.01027405e+02, 6.39163025e+02,
       8.03828895e-01, 9.74664551e+02, 5.24402588e+02, 7.91460752e-01,
       7.89316711e+02, 4.68485077e+02, 4.80530202e-01, 0., 0., 0., 0.,
       0., 0., 1.08068591e+03, 5.68539185e+02, 4.42104280e-01,
       1.05417456e+03, 6.00838318e+02, 3.80298406e-01, 1.30724841e+03,
       5.27212708e+02, 7.74358749e-01, 1.56341650e+03, 6.56842163e+02,
       3.60025167e-01, 1.09833362e+03, 5.30373657e+02, 3.80184740e-01,
       1.32791504e+03, 5.24338074e+02, 3.01408798e-01, 1.53977271e+03,
       6.42132141e+02, 3.04145247e-01, 6.92263489e+02, 4.77275726e+02,
       8.35704267e-01, 6.92229431e+02, 4.53742188e+02, 1.27842918e-01,
       7.09760376e+02, 5.06718689e+02, 7.04322994e-01, 0., 0., 0.,
       1.61644495e+03, 7.33388550e+02, 5.46890944e-02, 0., 0., 0.,
       1.58982727e+03, 7.00982239e+02, 1.73875153e-01, 1.63692371e+03,
       7.15708496e+02, 1.47138566e-01, 1.62220337e+03, 7.18757874e+02,
       1.25008136e-01, 1.60752112e+03, 6.95153381e+02, 2.48099983e-01 ]
