%YAML:1.0
---
pose_0: !!opencv-matrix
   rows: 1
   cols: 25
   dt: "3f"
   data: [ 7.21626343e+02, 5.24400818e+02, 8.23080182e-01,
       8.09791565e+02, 5.09718262e+02, 7.94348240e-01, 7.98155334e+02,
       5.83241821e+02, 6.26624703e-01, 7.48073486e+02, 6.68740356e+02,
       8.17644060e-01, 6.42079956e+02, 6.53872498e+02, 6.81919038e-01,
       8.09805054e+02, 4.44898834e+02, 7.06829429e-01, 8.39355957e+02,
       4.83267395e+02, 7.20981240e-01, 8.39315063e+02, 6.15626587e+02,
       8.09610784e-01, 1.04838452e+03, 5.36180969e+02, 5.76638699e-01,
       1.04825867e+03, 5.80338928e+02, 6.10981226e-01, 1.25430359e+03,
       6.06850342e+02, 7.56609917e-01, 1.48687341e+03, 6.56829407e+02,
       6.43955290e-01, 1.05423376e+03, 4.83287384e+02, 5.99663854e-01,
       1.27200537e+03, 4.80164398e+02, 7.31110811e-01, 1.50746997e+03,
       4.59565277e+02, 6.62694216e-01, 7.12702454e+02, 5.33226501e+02,
       7.96355546e-01, 7.15697266e+02, 5.03813202e+02, 8.88683617e-01,
       7.21653442e+02, 5.59755676e+02, 3.23920161e-01, 7.39115417e+02,
       4.71412872e+02, 5.74573338e-01, 1.59278503e+03, 4.39106049e+02,
       4.06898141e-01, 1.58982080e+03, 4.36027405e+02, 4.47345495e-01,
       1.52805237e+03, 4.41994659e+02, 1.84641585e-01, 1.56638110e+03,
       6.83321045e+02, 5.33788741e-01, 1.56043481e+03, 6.89141663e+02,
       5.42925894e-01, 1.51036902e+03, 6.42157898e+02, 4.19510961e-01 ]
