%YAML:1.0
---
pose_0: !!opencv-matrix
   rows: 1
   cols: 25
   dt: "3f"
   data: [ 5.50977051e+02, 5.53774048e+02, 8.58249366e-01,
       6.44951416e+02, 5.92107788e+02, 5.18202960e-01, 6.18605835e+02,
       6.42178040e+02, 3.97607088e-01, 5.77337219e+02, 6.92059998e+02,
       2.45713115e-01, 5.92042786e+02, 6.74487427e+02, 9.98558849e-02,
       6.48085022e+02, 5.30252380e+02, 6.14468396e-01, 7.86369080e+02,
       4.97906281e+02, 7.68114090e-01, 6.51045227e+02, 6.18559143e+02,
       5.15867770e-01, 1.03945117e+03, 5.77393860e+02, 4.74997520e-01,
       1.03649170e+03, 6.45008301e+02, 5.00176072e-01, 1.31320325e+03,
       6.50945007e+02, 2.01219827e-01, 1.64286475e+03, 5.97966858e+02,
       2.15634674e-01, 1.04242981e+03, 5.12585144e+02, 4.80600774e-01,
       1.30142371e+03, 5.50798645e+02, 2.41446167e-01, 1.50746619e+03,
       5.00830444e+02, 2.55950451e-01, 5.30369995e+02, 5.74448242e+02,
       8.23303878e-01, 5.33297607e+02, 5.39120483e+02, 7.58368492e-01,
       5.47988953e+02, 6.03903381e+02, 6.30760312e-01, 5.68552246e+02,
       5.27194336e+02, 3.18995297e-01, 0., 0., 0., 0., 0., 0.,
       1.51927441e+03, 5.06748779e+02, 1.40851647e-01, 0., 0., 0., 0.,
       0., 0., 1.66046960e+03, 6.00901917e+02, 1.43419236e-01 ]
