%YAML:1.0
---
pose_0: !!opencv-matrix
   rows: 1
   cols: 25
   dt: "3f"
   data: [ 7.68668213e+02, 4.71392090e+02, 8.32521141e-01,
       8.80509827e+02, 4.97861145e+02, 6.59817934e-01, 8.59819824e+02,
       5.36206726e+02, 8.26616347e-01, 9.07088440e+02, 4.59567535e+02,
       3.96148801e-01, 0., 0., 0., 9.04087891e+02, 4.53804352e+02,
       4.10200417e-01, 1.04529639e+03, 4.09643005e+02, 5.02110541e-01,
       1.16303577e+03, 3.68462830e+02, 3.99735421e-01, 1.12486182e+03,
       4.86142914e+02, 5.81970036e-01, 1.12777173e+03, 5.30409790e+02,
       5.87050021e-01, 1.33971680e+03, 5.80398804e+02, 6.52127385e-01,
       1.53099109e+03, 6.59735107e+02, 6.02336645e-01, 1.12191370e+03,
       4.39064545e+02, 6.06600285e-01, 1.28372412e+03, 3.65386017e+02,
       6.44257724e-01, 1.47801794e+03, 3.62601105e+02, 5.85466981e-01,
       7.56949036e+02, 4.86164337e+02, 8.20709407e-01, 7.59915833e+02,
       4.56691559e+02, 8.74696493e-01, 7.71667603e+02, 5.15518372e+02,
       3.63237172e-01, 7.80466919e+02, 4.39146515e+02, 1.88906744e-01,
       1.56333850e+03, 2.94943634e+02, 2.02596441e-01, 1.56037048e+03,
       2.94958069e+02, 2.08412632e-01, 1.50447314e+03, 3.62509552e+02,
       3.14027548e-01, 1.60161768e+03, 6.42067017e+02, 5.97778320e-01,
       1.58982739e+03, 6.53864502e+02, 5.54142714e-01, 1.54280420e+03,
       6.74460571e+02, 4.31452841e-01 ]
