%YAML:1.0
---
pose_0: !!opencv-matrix
   rows: 1
   cols: 25
   dt: "3f"
   data: [ 6.18486694e+02, 5.03711395e+02, 7.77205467e-01,
       7.45161804e+02, 4.83185669e+02, 6.55356288e-01, 7.33351196e+02,
       5.89121155e+02, 5.08566856e-01, 8.65841492e+02, 6.68562378e+02,
       7.48822749e-01, 1.01592346e+03, 7.62761780e+02, 7.70580232e-01,
       7.83323059e+02, 3.71403809e+02, 5.93284607e-01, 9.51196533e+02,
       3.83134857e+02, 7.50043154e-01, 1.12484851e+03, 3.85947021e+02,
       7.53535569e-01, 1.06002795e+03, 5.50788757e+02, 5.37926555e-01,
       1.04236377e+03, 6.06807129e+02, 5.15237749e-01, 1.30729150e+03,
       6.18580078e+02, 5.63664138e-01, 1.62810608e+03, 6.24462708e+02,
       4.83379990e-01, 1.07476050e+03, 4.83148926e+02, 5.28257906e-01,
       1.28379309e+03, 4.59536835e+02, 4.83126193e-01, 1.61639111e+03,
       4.59721893e+02, 3.09495747e-01, 6.00905090e+02, 5.27387939e+02,
       8.12649906e-01, 5.95050598e+02, 4.83211121e+02, 7.48894393e-01,
       6.21600403e+02, 5.51000977e+02, 2.92503893e-01, 6.09777588e+02,
       4.50799347e+02, 4.19277161e-01, 1.73116284e+03, 4.36097961e+02,
       1.78368390e-01, 1.72818127e+03, 4.30215271e+02, 1.94401890e-01,
       1.63991431e+03, 4.59657043e+02, 1.82118639e-01, 1.72815393e+03,
       6.09771423e+02, 2.56227642e-01, 1.70768237e+03, 6.36258789e+02,
       2.27164418e-01, 1.63992993e+03, 6.03947388e+02, 2.40132049e-01 ]
