%YAML:1.0
---
pose_0: !!opencv-matrix
   rows: 1
   cols: 25
   dt: "3f"
   data: [ 7.00967407e+02, 3.77198456e+02, 8.01698029e-01,
       8.09921692e+02, 3.85964996e+02, 6.90759301e-01, 8.24648376e+02,
       4.56680603e+02, 6.21451139e-01, 9.36505676e+02, 5.06815308e+02,
       7.94029653e-01, 1.01881702e+03, 5.06842651e+02, 8.40811014e-01,
       8.01046387e+02, 3.15372437e+02, 6.14966035e-01, 9.30571594e+02,
       2.71172363e+02, 5.35496473e-01, 1.02767578e+03, 2.62393829e+02,
       7.79163301e-01, 1.09533533e+03, 3.85998444e+02, 5.52800000e-01,
       1.09237622e+03, 4.33177612e+02, 5.85714579e-01, 1.30733447e+03,
       4.50829926e+02, 7.22095251e-01, 1.51922925e+03, 4.77333649e+02,
       5.79813540e-01, 1.09535254e+03, 3.33061768e+02, 5.45519292e-01,
       1.31324646e+03, 3.27246979e+02, 5.99295974e-01, 1.56628589e+03,
       3.00709351e+02, 6.45603538e-01, 6.89144897e+02, 3.88990845e+02,
       8.28617930e-01, 6.92268738e+02, 3.59464996e+02, 8.38603437e-01,
       7.03974548e+02, 4.12502991e+02, 2.57274806e-01, 7.18635925e+02,
       3.24310425e+02, 5.91263354e-01, 1.63699219e+03, 2.74286652e+02,
       5.34833133e-01, 1.63396741e+03, 2.71312073e+02, 5.62461197e-01,
       1.60159888e+03, 3.06594269e+02, 2.68874794e-01, 1.61036279e+03,
       4.83172546e+02, 5.74933767e-01, 1.58993591e+03, 4.94940674e+02,
       4.70155776e-01, 1.54566980e+03, 4.62570648e+02, 3.68793875e-01 ]
