%YAML:1.0
---
pose_0: !!opencv-matrix
   rows: 1
   cols: 25
   dt: "3f"
   data: [ 7.15620911e+02, 4.36229095e+02, 8.28487396e-01,
       8.15864868e+02, 4.36152191e+02, 6.68535888e-01, 8.36320496e+02,
       5.03881165e+02, 6.10328019e-01, 9.65866150e+02, 5.30245361e+02,
       4.52940375e-01, 1.09235876e+03, 5.83269226e+02, 5.57723999e-01,
       8.12742432e+02, 3.71344543e+02, 6.00599229e-01, 9.92353760e+02,
       3.18517120e+02, 7.66554177e-01, 1.13943591e+03, 3.15301910e+02,
       7.75321841e-01, 1.10130322e+03, 4.56704803e+02, 5.60260057e-01,
       1.09536047e+03, 5.06763916e+02, 5.79033911e-01, 1.31324768e+03,
       5.53780945e+02, 7.53116965e-01, 1.61049841e+03, 6.47995239e+02,
       6.27472281e-01, 1.10715564e+03, 4.00804199e+02, 5.01675427e-01,
       1.32794324e+03, 4.09618927e+02, 5.50271273e-01, 1.60161353e+03,
       4.12652527e+02, 5.11267841e-01, 6.98114197e+02, 4.56622925e+02,
       7.55620897e-01, 6.98004639e+02, 4.18514740e+02, 7.69675612e-01,
       7.15655518e+02, 4.77308685e+02, 3.13263923e-01, 7.21567017e+02,
       3.91898193e+02, 6.16684914e-01, 1.67230444e+03, 3.91981476e+02,
       3.57032031e-01, 1.66641113e+03, 3.89052795e+02, 3.79167467e-01,
       1.63986487e+03, 4.30239563e+02, 2.06653029e-01, 1.67810071e+03,
       6.00873535e+02, 4.49637741e-01, 1.66636243e+03, 6.12673462e+02,
       3.23022634e-01, 1.63397852e+03, 6.68600281e+02, 3.62805009e-01 ]
