%YAML:1.0
---
pose_0: !!opencv-matrix
   rows: 1
   cols: 25
   dt: "3f"
   data: [ 7.98144226e+02, 3.83140442e+02, 6.70807362e-01,
       8.92269531e+02, 3.86008728e+02, 5.29155612e-01, 8.83477051e+02,
       4.44892456e+02, 5.36244094e-01, 8.24651245e+02, 5.27297302e+02,
       5.61480165e-01, 7.27494568e+02, 6.21469788e+02, 6.35060370e-01,
       9.15849243e+02, 3.21338989e+02, 2.98372895e-01, 1.07179968e+03,
       2.62469849e+02, 1.97967470e-01, 1.18073071e+03, 2.41779526e+02,
       1.30755544e-01, 1.17188416e+03, 3.74276672e+02, 4.02586937e-01,
       1.17484143e+03, 4.33227844e+02, 4.10814464e-01, 1.33676172e+03,
       5.36165833e+02, 2.59928644e-01, 1.52216138e+03, 7.09798096e+02,
       3.94652694e-01, 1.16898193e+03, 3.12503723e+02, 3.53733987e-01,
       1.26609753e+03, 2.71184174e+02, 2.70473242e-01, 1.58991541e+03,
       1.71136536e+02, 2.56146789e-01, 7.83368408e+02, 3.91981689e+02,
       6.17697358e-01, 7.89224609e+02, 3.62514374e+02, 6.60482764e-01,
       7.86352173e+02, 4.21353760e+02, 2.58194864e-01, 8.09920105e+02,
       3.38994720e+02, 5.05075514e-01, 0., 0., 0., 0., 0., 0.,
       1.60747632e+03, 1.71239349e+02, 1.93065688e-01, 1.62519800e+03,
       6.98096863e+02, 4.15450871e-01, 1.61050378e+03, 7.15650330e+02,
       3.60222697e-01, 1.53982703e+03, 7.33398682e+02, 3.03530067e-01 ]
