%YAML:1.0
---
pose_0: !!opencv-matrix
   rows: 1
   cols: 25
   dt: "3f"
   data: [ 7.15658020e+02, 4.86253937e+02, 8.76490235e-01,
       8.42301086e+02, 5.03870789e+02, 6.89549387e-01, 8.53973145e+02,
       5.80333801e+02, 6.91915452e-01, 9.92398804e+02, 6.21628540e+02,
       8.00626516e-01, 1.11893201e+03, 6.68729614e+02, 8.51477563e-01,
       8.36507263e+02, 4.33160980e+02, 5.96154034e-01, 1.00706512e+03,
       3.88993927e+02, 7.81080246e-01, 1.14242188e+03, 3.65521912e+02,
       8.66959870e-01, 1.12184558e+03, 5.03791199e+02, 5.99536180e-01,
       1.11894495e+03, 5.50905945e+02, 6.24249697e-01, 1.32778540e+03,
       6.21595581e+02, 7.96401620e-01, 1.54578174e+03, 6.71487976e+02,
       6.45956457e-01, 1.12191138e+03, 4.53770203e+02, 5.76915741e-01,
       1.32793933e+03, 4.56741089e+02, 6.99580073e-01, 1.56925256e+03,
       4.65599762e+02, 6.61949158e-01, 6.98027283e+02, 5.03922394e+02,
       8.05106640e-01, 7.06883850e+02, 4.77230927e+02, 8.40854645e-01,
       7.18691345e+02, 5.27259399e+02, 4.94875371e-01, 7.36248657e+02,
       4.50753632e+02, 5.86204529e-01, 1.63994263e+03, 4.50762817e+02,
       4.68683064e-01, 1.63687402e+03, 4.42013000e+02, 4.91500944e-01,
       1.59575415e+03, 4.77236053e+02, 3.38249922e-01, 1.61933704e+03,
       6.50964233e+02, 4.24906492e-01, 1.61336926e+03, 6.68675049e+02,
       3.96170795e-01, 1.57515369e+03, 6.71584290e+02, 2.81620473e-01 ]
