%YAML:1.0
---
pose_0: !!opencv-matrix
   rows: 2
   cols: 25
   dt: "3f"
   data: [ 0., 0., 0., 8.36376221e+02, 5.30199707e+02, 4.20002162e-01,
       8.36355835e+02, 5.27409607e+02, 4.98717785e-01, 9.45256958e+02,
       4.71397919e+02, 4.24938649e-01, 8.15760071e+02, 4.27282074e+02,
       5.82706332e-01, 8.27554443e+02, 5.39075317e+02, 3.40157151e-01,
       9.51189331e+02, 4.74326324e+02, 1.34491131e-01, 0., 0., 0.,
       1.11893457e+03, 5.15578735e+02, 2.40268558e-01, 1.09832764e+03,
       5.30320007e+02, 1.70192599e-01, 1.33970789e+03, 4.83307770e+02,
       6.07831120e-01, 1.61633398e+03, 6.65710571e+02, 5.32650769e-01,
       1.13660461e+03, 4.94965576e+02, 2.05898196e-01, 1.35146741e+03,
       4.50826508e+02, 5.12766063e-01, 1.56635327e+03, 5.06889618e+02,
       6.50464654e-01, 0., 0., 0., 0., 0., 0., 0., 0., 0., 0., 0., 0.,
       1.60461353e+03, 4.53674408e+02, 3.75134587e-01, 1.59576892e+03,
       4.56595581e+02, 4.08599675e-01, 1.58686780e+03, 5.39128113e+02,
       4.55670685e-01, 1.65762244e+03, 6.71555786e+02, 3.15655857e-01,
       1.64287170e+03, 6.86289673e+02, 3.55962574e-01, 1.63988342e+03,
       6.89140930e+02, 3.95975322e-01, 0., 0., 0., 0., 0., 0., 0., 0.,
       0., 0., 0., 0., 0., 0., 0., 9.24693054e+02, 4.65561859e+02,
       9.81929824e-02, 9.65843872e+02, 4.09677948e+02, 3.45212251e-01,
       8.98113098e+02, 3.80182983e+02, 5.50363481e-01, 0., 0., 0., 0.,
       0., 0., 0., 0., 0., 0., 0., 0., 0., 0., 0., 0., 0., 0., 0., 0.,
       0., 0., 0., 0., 0., 0., 0., 0., 0., 0., 0., 0., 0., 0., 0., 0.,
       0., 0., 0., 0., 0., 0., 0., 0., 0., 0., 0., 0., 0., 0., 0. ]
