%YAML:1.0
---
pose_0: !!opencv-matrix
   rows: 1
   cols: 25
   dt: "3f"
   data: [ 6.42023193e+02, 5.33208862e+02, 8.13844979e-01,
       7.68713562e+02, 5.68530334e+02, 6.60924077e-01, 7.65805603e+02,
       6.45006104e+02, 7.07963228e-01, 9.18780151e+02, 6.74484314e+02,
       6.73788428e-01, 1.09830786e+03, 6.39167175e+02, 7.81893373e-01,
       7.71667603e+02, 4.97914734e+02, 5.29217601e-01, 9.24710022e+02,
       4.50775848e+02, 3.10710669e-01, 0., 0., 0., 1.10421692e+03,
       5.59739014e+02, 4.89470690e-01, 1.09247571e+03, 6.18576172e+02,
       4.96053159e-01, 1.35433826e+03, 6.24459778e+02, 7.44130015e-01,
       1.61636902e+03, 6.74551392e+02, 5.75595081e-01, 1.11605774e+03,
       5.00778961e+02, 4.94117022e-01, 1.33969971e+03, 4.68487427e+02,
       5.53723812e-01, 1.65746631e+03, 4.12441956e+02, 4.68219072e-01,
       6.27364075e+02, 5.53938293e+02, 8.24375927e-01, 6.24516968e+02,
       5.24436829e+02, 8.43827128e-01, 6.45091553e+02, 5.86212524e+02,
       5.92235267e-01, 6.59824402e+02, 5.06629761e+02, 5.32090247e-01,
       1.72811145e+03, 3.74237183e+02, 9.50544178e-02, 1.72230408e+03,
       3.74321655e+02, 9.27498192e-02, 1.67228308e+03, 4.09613434e+02,
       1.79008514e-01, 1.71931897e+03, 6.27502686e+02, 5.05317092e-01,
       1.71056592e+03, 6.45044373e+02, 3.85290980e-01, 1.64281787e+03,
       6.92140076e+02, 3.00062299e-01 ]
