%YAML:1.0
---
pose_0: !!opencv-matrix
   rows: 1
   cols: 25
   dt: "3f"
   data: [ 7.45117798e+02, 4.83106567e+02, 9.13401246e-01,
       8.59992676e+02, 5.18500854e+02, 7.23473847e-01, 8.53971863e+02,
       5.77344727e+02, 7.66683757e-01, 9.54005798e+02, 6.06823792e+02,
       8.11093986e-01, 1.07174561e+03, 6.62752502e+02, 8.45987201e-01,
       8.77602844e+02, 4.62610077e+02, 5.79337537e-01, 9.24641418e+02,
       4.50758209e+02, 1.42950907e-01, 0., 0., 0., 1.13071350e+03,
       4.80212494e+02, 5.04393339e-01, 1.13653992e+03, 5.30220947e+02,
       5.52133381e-01, 1.35145129e+03, 5.92044495e+02, 7.22767830e-01,
       1.56330640e+03, 6.53872559e+02, 6.21116102e-01, 1.12482813e+03,
       4.27267517e+02, 5.18770456e-01, 1.32206055e+03, 4.30148468e+02,
       6.72876954e-01, 1.57215698e+03, 4.33047302e+02, 6.22989774e-01,
       7.30469971e+02, 5.00754089e+02, 8.04136455e-01, 7.42109192e+02,
       4.62551788e+02, 8.89173090e-01, 7.42205994e+02, 5.30209045e+02,
       7.88625062e-01, 7.74608093e+02, 4.53660278e+02, 6.13800406e-01,
       1.63993713e+03, 4.44955963e+02, 3.03045511e-01, 1.63706287e+03,
       4.30159088e+02, 3.38040590e-01, 1.60748694e+03, 4.30194977e+02,
       2.10715398e-01, 1.63096167e+03, 6.65652832e+02, 4.68132585e-01,
       0., 0., 0., 1.58694934e+03, 6.48073975e+02, 3.03097755e-01 ]
