%YAML:1.0
---
pose_0: !!opencv-matrix
   rows: 1
   cols: 25
   dt: "3f"
   data: [ 6.59843018e+02, 5.27371338e+02, 7.57530212e-01,
       7.83409912e+02, 5.50904846e+02, 7.22524881e-01, 7.62892578e+02,
       6.18577148e+02, 7.72515416e-01, 9.06936401e+02, 6.59761597e+02,
       7.81755805e-01, 1.04527637e+03, 6.00845642e+02, 8.60602140e-01,
       8.03959412e+02, 4.83111908e+02, 5.21878898e-01, 9.57089233e+02,
       4.83336456e+02, 5.41227400e-01, 1.11897913e+03, 4.59519501e+02,
       7.86141574e-01, 1.06596948e+03, 5.74488281e+02, 5.38035870e-01,
       1.05123438e+03, 6.33314880e+02, 5.01985192e-01, 1.32779834e+03,
       6.21410278e+02, 6.11609876e-01, 1.62224780e+03, 6.89228699e+02,
       4.76616979e-01, 1.08358240e+03, 5.18510559e+02, 5.25805593e-01,
       1.35442212e+03, 5.03707092e+02, 5.50856948e-01, 1.54274060e+03,
       5.71485107e+02, 4.32493389e-01, 6.45185486e+02, 5.47885620e+02,
       6.84156835e-01, 6.47927734e+02, 5.15549194e+02, 7.59228230e-01,
       6.68524170e+02, 5.77286560e+02, 6.35567427e-01, 6.68637268e+02,
       5.03661072e+02, 7.02378869e-01, 1.63397668e+03, 5.00878815e+02,
       2.70150274e-01, 1.62811267e+03, 5.00887512e+02, 2.81586319e-01,
       1.56628235e+03, 5.92121155e+02, 2.42760420e-01, 1.71642664e+03,
       6.24468506e+02, 5.21000147e-01, 1.71059216e+03, 6.39171387e+02,
       4.16213900e-01, 1.64578247e+03, 7.03924072e+02, 2.74265677e-01 ]
