%YAML:1.0
---
pose_0: !!opencv-matrix
   rows: 2
   cols: 25
   dt: "3f"
   data: [ 7.89328857e+02, 4.59648499e+02, 6.23227477e-01,
       8.74635132e+02, 5.27402161e+02, 4.39933926e-01, 8.83464478e+02,
       5.50931763e+02, 4.79121178e-01, 1.02470923e+03, 5.62649719e+02,
       3.04183781e-01, 1.16901038e+03, 4.83356689e+02, 2.37774298e-01,
       0., 0., 0., 0., 0., 0., 0., 0., 0., 1.18666565e+03,
       6.00988586e+02, 2.66312599e-01, 1.20131873e+03, 6.09749939e+02,
       2.57882744e-01, 1.39550586e+03, 5.27402527e+02, 6.77712858e-01,
       1.62514551e+03, 7.15769897e+02, 5.32849848e-01, 1.18955127e+03,
       5.80299927e+02, 2.15862811e-01, 1.37785669e+03, 4.68484344e+02,
       5.96734107e-01, 1.57513794e+03, 5.77465393e+02, 5.25461376e-01,
       7.65879395e+02, 4.77227875e+02, 5.17664313e-01, 7.80464233e+02,
       4.56655579e+02, 1.61620915e-01, 7.86240784e+02, 5.06799072e+02,
       3.41730803e-01, 0., 0., 0., 1.65755737e+03, 5.27361084e+02,
       2.54977375e-01, 1.65756567e+03, 5.27355713e+02, 2.36116931e-01,
       1.59284790e+03, 6.09775574e+02, 3.15924257e-01, 1.68400183e+03,
       7.36320984e+02, 5.24239480e-01, 1.66346509e+03, 7.45167114e+02,
       5.19174755e-01, 1.63698486e+03, 7.39243469e+02, 3.20349365e-01,
       0., 0., 0., 0., 0., 0., 0., 0., 0., 0., 0., 0., 0., 0., 0.,
       8.80585693e+02, 5.36171753e+02, 3.37001652e-01, 1.02473706e+03,
       5.65574951e+02, 5.82263172e-01, 1.18663818e+03, 5.56729248e+02,
       7.79517770e-01, 0., 0., 0., 0., 0., 0., 0., 0., 0., 0., 0., 0.,
       0., 0., 0., 0., 0., 0., 0., 0., 0., 0., 0., 0., 0., 0., 0., 0.,
       0., 0., 0., 0., 0., 0., 0., 0., 0., 0., 0., 0., 0., 0., 0., 0.,
       0., 0., 0., 0., 0., 0., 0. ]
