%YAML:1.0
---
pose_0: !!opencv-matrix
   rows: 1
   cols: 25
   dt: "3f"
   data: [ 6.06877380e+02, 4.83238556e+02, 8.59903157e-01,
       7.39352173e+02, 4.92003998e+02, 6.57639802e-01, 7.33393250e+02,
       5.65621033e+02, 5.66225290e-01, 9.30569153e+02, 6.44993469e+02,
       4.85577345e-01, 1.06299939e+03, 6.95126526e+02, 7.47541249e-01,
       7.53953857e+02, 4.18453857e+02, 4.79657173e-01, 9.36421631e+02,
       3.59607117e+02, 7.37374902e-01, 1.09252307e+03, 3.09503601e+02,
       7.36781955e-01, 1.06593469e+03, 5.12617310e+02, 5.26637673e-01,
       1.04832703e+03, 5.71505371e+02, 5.46315849e-01, 1.28080994e+03,
       6.00856445e+02, 6.40135050e-01, 1.58981323e+03, 6.24434753e+02,
       5.94368756e-01, 1.07182813e+03, 4.53703247e+02, 5.15062273e-01,
       1.35146350e+03, 4.50772034e+02, 3.41653049e-01, 1.63101770e+03,
       4.30204132e+02, 5.13175547e-01, 5.97908630e+02, 5.03804688e+02,
       8.06398630e-01, 5.98023743e+02, 4.62706940e+02, 8.34585726e-01,
       6.21402832e+02, 5.30241150e+02, 3.63037109e-01, 6.27411682e+02,
       4.36223206e+02, 6.36708915e-01, 1.69875610e+03, 3.83157623e+02,
       2.57067382e-01, 1.69581201e+03, 3.85955017e+02, 2.64140785e-01,
       1.64579626e+03, 4.39064148e+02, 1.85006022e-01, 1.70471436e+03,
       6.27433167e+02, 3.46993804e-01, 1.68705371e+03, 6.42068359e+02,
       3.09684724e-01, 1.61336108e+03, 6.01044739e+02, 3.59045297e-01 ]
