%YAML:1.0
---
pose_0: !!opencv-matrix
   rows: 1
   cols: 25
   dt: "3f"
   data: [ 7.68742065e+02, 5.06824554e+02, 2.74748802e-01,
       8.59892700e+02, 5.06731506e+02, 4.90844876e-01, 8.59898804e+02,
       5.50856995e+02, 4.38327581e-01, 8.36385986e+02, 6.30376221e+02,
       7.17291355e-01, 8.18707825e+02, 5.27311218e+02, 6.26092911e-01,
       8.54030396e+02, 4.62623413e+02, 2.87333399e-01, 7.65710449e+02,
       4.27215454e+02, 3.28518927e-01, 6.45125000e+02, 4.33141815e+02,
       6.99008167e-01, 1.10719287e+03, 5.30269165e+02, 4.82517034e-01,
       1.10717432e+03, 5.77368530e+02, 4.83556002e-01, 1.31022278e+03,
       6.12733215e+02, 6.44248903e-01, 1.51920874e+03, 6.45039917e+02,
       7.05101132e-01, 1.10718115e+03, 4.80244507e+02, 4.54706013e-01,
       1.32494775e+03, 4.59715179e+02, 6.89450502e-01, 1.53098755e+03,
       4.33247131e+02, 6.30130529e-01, 7.59883301e+02, 5.09710510e+02,
       1.52863279e-01, 7.65784241e+02, 4.91978668e+02, 1.87492281e-01,
       0., 0., 0., 7.89336975e+02, 4.74369324e+02, 1.42261058e-01,
       1.61632764e+03, 4.24294434e+02, 4.17388707e-01, 1.61335400e+03,
       4.15558960e+02, 4.42846715e-01, 1.56042542e+03, 4.27244781e+02,
       2.24155575e-01, 1.58398462e+03, 6.80361877e+02, 5.78548133e-01,
       1.58099048e+03, 6.77496765e+02, 5.70032537e-01, 1.54572107e+03,
       6.21599609e+02, 4.72936749e-01 ]
