%YAML:1.0
---
pose_0: !!opencv-matrix
   rows: 1
   cols: 25
   dt: "3f"
   data: [ 7.18552124e+02, 4.56792145e+02, 8.35353255e-01,
       7.98166199e+02, 4.44913971e+02, 5.44072509e-01, 8.01041016e+02,
       5.06848297e+02, 5.16505539e-01, 9.27613586e+02, 5.36181458e+02,
       2.19001874e-01, 9.71742432e+02, 5.36178711e+02, 1.19326338e-01,
       7.95213562e+02, 3.83131531e+02, 4.39293414e-01, 8.39325684e+02,
       3.44916534e+02, 4.43015665e-01, 9.30636902e+02, 2.97794189e+02,
       6.08914793e-01, 1.10421228e+03, 4.74320190e+02, 5.57008386e-01,
       1.09833191e+03, 5.21391541e+02, 5.52984238e-01, 1.30727637e+03,
       5.56876465e+02, 7.38668978e-01, 1.60163965e+03, 6.18582886e+02,
       4.46516633e-01, 1.11308276e+03, 4.18412537e+02, 5.50761938e-01,
       1.34263403e+03, 4.33007660e+02, 5.54244876e-01, 1.60161230e+03,
       4.53731598e+02, 5.46331882e-01, 7.00961548e+02, 4.68529358e+02,
       7.28939414e-01, 6.98158813e+02, 4.36011169e+02, 7.97813654e-01,
       7.15707153e+02, 4.86187836e+02, 1.73069894e-01, 7.15795654e+02,
       4.06620758e+02, 5.84042788e-01, 1.67807849e+03, 4.42003754e+02,
       4.52000111e-01, 1.66929553e+03, 4.36074402e+02, 4.84904289e-01,
       1.62222778e+03, 4.59698425e+02, 2.74896532e-01, 1.66053137e+03,
       5.68535583e+02, 3.22175562e-01, 1.65752539e+03, 5.77404907e+02,
       2.30052322e-01, 1.65164758e+03, 6.30350098e+02, 1.53232262e-01 ]
