%YAML:1.0
---
pose_0: !!opencv-matrix
   rows: 1
   cols: 25
   dt: "3f"
   data: [ 6.98072021e+02, 5.30196899e+02, 8.41221750e-01,
       8.33499878e+02, 5.36196167e+02, 6.88579321e-01, 8.33361572e+02,
       6.12687195e+02, 6.10331774e-01, 9.74749268e+02, 6.71509277e+02,
       7.66007841e-01, 1.10712585e+03, 7.21566101e+02, 7.60756314e-01,
       8.33519653e+02, 4.65587769e+02, 5.78080237e-01, 9.92412292e+02,
       4.18426727e+02, 7.38601446e-01, 1.13949158e+03, 3.88930817e+02,
       8.36067438e-01, 1.10422205e+03, 5.42062622e+02, 5.52281022e-01,
       1.09835498e+03, 5.94964600e+02, 5.72509646e-01, 1.31910034e+03,
       6.00998718e+02, 7.20667243e-01, 1.56038464e+03, 6.33253906e+02,
       5.70510209e-01, 1.11301965e+03, 4.83274231e+02, 5.65367043e-01,
       1.35438538e+03, 4.56766602e+02, 4.99512613e-01, 1.56634338e+03,
       4.15591248e+02, 5.83525896e-01, 6.86279480e+02, 5.39074890e+02,
       7.18081832e-01, 6.92269775e+02, 5.06843597e+02, 8.35044801e-01,
       7.03895203e+02, 5.59690918e+02, 3.09742033e-01, 7.18766296e+02,
       4.83088470e+02, 5.72182953e-01, 1.68403503e+03, 4.18421967e+02,
       8.87732506e-02, 1.68109216e+03, 4.12539124e+02, 1.00177258e-01,
       1.58695068e+03, 4.03747253e+02, 2.99599051e-01, 1.62806567e+03,
       6.06792053e+02, 5.61898887e-01, 1.61633667e+03, 6.21525208e+02,
       5.23730576e-01, 1.58399316e+03, 6.42113281e+02, 3.05835634e-01 ]
