%YAML:1.0
---
pose_0: !!opencv-matrix
   rows: 1
   cols: 25
   dt: "3f"
   data: [ 7.21643921e+02, 4.59755219e+02, 8.44852328e-01,
       8.36518494e+02, 4.59767059e+02, 7.44875669e-01, 8.39426514e+02,
       5.47869263e+02, 6.64472401e-01, 9.27677551e+02, 6.56820068e+02,
       6.99580908e-01, 8.89406311e+02, 6.21466553e+02, 1.52581781e-01,
       8.42286316e+02, 3.74321625e+02, 6.16872489e-01, 9.74613220e+02,
       3.38890686e+02, 8.14552248e-01, 1.04819641e+03, 3.21356415e+02,
       8.79606664e-01, 1.12484277e+03, 4.74357758e+02, 5.68963647e-01,
       1.11901074e+03, 5.24311096e+02, 6.09287679e-01, 1.34258899e+03,
       5.45015442e+02, 6.19042993e-01, 1.50161401e+03, 5.09651093e+02,
       5.26652694e-01, 1.12777405e+03, 4.15503082e+02, 5.80908954e-01,
       1.32792444e+03, 4.33164215e+02, 7.21693039e-01, 1.58400635e+03,
       4.44909454e+02, 5.85604191e-01, 7.12662720e+02, 4.80259338e+02,
       8.19986105e-01, 7.12758057e+02, 4.39124451e+02, 8.21126938e-01,
       7.30419556e+02, 5.00793915e+02, 2.47182623e-01, 7.33383301e+02,
       4.12531982e+02, 5.56938648e-01, 1.64581531e+03, 4.12573120e+02,
       4.10137922e-01, 1.63985510e+03, 4.12468719e+02, 4.68832672e-01,
       1.60749915e+03, 4.56756989e+02, 3.36437345e-01, 1.58098242e+03,
       5.36144043e+02, 3.22978169e-01, 1.56331799e+03, 5.45013794e+02,
       3.11830342e-01, 1.52213855e+03, 4.94945343e+02, 3.13829333e-01 ]
