%YAML:1.0
---
pose_0: !!opencv-matrix
   rows: 1
   cols: 25
   dt: "3f"
   data: [ 7.65820557e+02, 5.03775269e+02, 8.35431933e-01,
       8.59885193e+02, 5.24332031e+02, 7.10502982e-01, 8.57082275e+02,
       5.98027588e+02, 7.88175344e-01, 9.83503967e+02, 6.33344177e+02,
       7.20969856e-01, 1.11592566e+03, 6.77522034e+02, 8.07126760e-01,
       8.62898438e+02, 4.47845856e+02, 4.30138290e-01, 9.30654419e+02,
       4.44892120e+02, 5.67988828e-02, 0., 0., 0., 1.13658191e+03,
       5.06805786e+02, 4.95015413e-01, 1.13368347e+03, 5.56823730e+02,
       5.08297622e-01, 1.32788269e+03, 6.18505554e+02, 7.29191244e-01,
       1.56043530e+03, 6.74491760e+02, 5.59216559e-01, 1.13954358e+03,
       4.56646667e+02, 4.54522192e-01, 1.33964661e+03, 4.56796997e+02,
       6.75460458e-01, 1.58393591e+03, 4.62669434e+02, 6.26631320e-01,
       7.51069946e+02, 5.09760040e+02, 7.43007779e-01, 7.59774536e+02,
       4.83220062e+02, 7.70893395e-01, 7.62856567e+02, 5.42093323e+02,
       5.75458467e-01, 7.83384216e+02, 4.59690887e+02, 3.86815369e-01,
       1.65755884e+03, 4.80172302e+02, 2.90998191e-01, 1.64875427e+03,
       4.59613281e+02, 3.03255111e-01, 1.61339807e+03, 4.59710480e+02,
       2.57790357e-01, 1.62812854e+03, 6.56862305e+02, 4.88310546e-01,
       1.61928577e+03, 6.71481689e+02, 4.06667203e-01, 1.59864783e+03,
       6.86301758e+02, 2.57589579e-01 ]
