%YAML:1.0
---
pose_0: !!opencv-matrix
   rows: 1
   cols: 25
   dt: "3f"
   data: [ 7.89255249e+02, 4.94936157e+02, 8.14449608e-01,
       8.83572632e+02, 5.12604004e+02, 7.38772571e-01, 8.83529297e+02,
       5.74485046e+02, 6.24950886e-01, 1.00111340e+03, 6.45130310e+02,
       8.41068506e-01, 9.27657898e+02, 6.98127014e+02, 7.69078493e-01,
       8.92279846e+02, 4.47899261e+02, 6.50189102e-01, 1.00131110e+03,
       3.83079895e+02, 8.27032864e-01, 9.54143616e+02, 2.65400177e+02,
       8.57371390e-01, 1.13360876e+03, 5.27293823e+02, 5.99420786e-01,
       1.12483496e+03, 5.74323181e+02, 6.13400817e-01, 1.33082617e+03,
       6.12687866e+02, 6.68938041e-01, 1.52800818e+03, 6.44942871e+02,
       6.77045584e-01, 1.13657300e+03, 4.74400024e+02, 5.58544040e-01,
       1.36028833e+03, 4.59696503e+02, 7.64746308e-01, 1.55155957e+03,
       4.36071625e+02, 7.00751007e-01, 7.77461487e+02, 5.06902008e+02,
       8.14556837e-01, 7.74627014e+02, 4.80212982e+02, 8.08429122e-01,
       7.92181335e+02, 5.39124451e+02, 6.64530396e-01, 7.92329224e+02,
       4.59626587e+02, 4.20870721e-01, 1.61642700e+03, 4.36043304e+02,
       4.90716726e-01, 1.61342139e+03, 4.27236969e+02, 5.25989413e-01,
       1.56925488e+03, 4.27260681e+02, 2.72198141e-01, 1.58400061e+03,
       6.92188782e+02, 4.93933350e-01, 1.58396558e+03, 6.89219727e+02,
       4.51902419e-01, 1.56044751e+03, 6.21547974e+02, 4.87840891e-01 ]
