%YAML:1.0
---
pose_0: !!opencv-matrix
   rows: 1
   cols: 25
   dt: "3f"
   data: [ 7.42267090e+02, 4.83167572e+02, 8.58660102e-01,
       8.51096436e+02, 4.39015411e+02, 5.85891128e-01, 8.39293030e+02,
       4.86163269e+02, 4.50943232e-01, 1.00709174e+03, 5.03883057e+02,
       4.67426777e-01, 1.09548022e+03, 5.62690002e+02, 6.94443703e-01,
       8.59860046e+02, 3.89113251e+02, 5.97108424e-01, 9.74608704e+02,
       3.62531128e+02, 7.21828520e-01, 1.09248865e+03, 3.56679474e+02,
       6.66318953e-01, 1.11897754e+03, 4.33109253e+02, 4.26050663e-01,
       1.11896814e+03, 4.33149078e+02, 3.29630107e-01, 1.32784497e+03,
       4.80263123e+02, 4.48528856e-01, 1.52805615e+03, 4.09564362e+02,
       4.31175947e-01, 1.12775098e+03, 4.24327820e+02, 3.63017797e-01,
       1.32786914e+03, 4.94910919e+02, 4.63528425e-01, 1.53981042e+03,
       4.12497223e+02, 2.38755837e-01, 7.27465088e+02, 4.83255768e+02,
       2.76796281e-01, 7.36246399e+02, 4.62581696e+02, 7.74739027e-01,
       0., 0., 0., 7.59858215e+02, 4.24385895e+02, 5.78233242e-01, 0.,
       0., 0., 0., 0., 0., 1.58393372e+03, 4.36113251e+02,
       1.34690240e-01, 0., 0., 0., 0., 0., 0., 1.54865674e+03,
       3.91947479e+02, 1.16705358e-01 ]
