%YAML:1.0
---
pose_0: !!opencv-matrix
   rows: 1
   cols: 25
   dt: "3f"
   data: [ 6.92205139e+02, 4.47900604e+02, 8.26287389e-01,
       8.33478516e+02, 4.41941437e+02, 7.65055299e-01, 8.21645203e+02,
       5.30265015e+02, 7.02377796e-01, 9.06953064e+02, 6.21557678e+02,
       6.00943565e-01, 9.30644592e+02, 6.06802124e+02, 5.40845096e-01,
       8.54071289e+02, 3.50738403e+02, 6.57359838e-01, 9.92392517e+02,
       3.38830597e+02, 7.30898917e-01, 1.04544373e+03, 3.21267548e+02,
       7.09663093e-01, 1.12184717e+03, 4.62661682e+02, 5.67760944e-01,
       1.11305908e+03, 5.12576233e+02, 6.04992390e-01, 1.31320422e+03,
       5.30444397e+02, 6.37994945e-01, 1.51328137e+03, 5.53959045e+02,
       5.82739711e-01, 1.12777075e+03, 4.09699768e+02, 5.33462763e-01,
       1.34854224e+03, 4.18497040e+02, 5.73730826e-01, 1.58394519e+03,
       4.38993500e+02, 5.76579571e-01, 6.74514648e+02, 4.59807037e+02,
       7.75328279e-01, 6.74564270e+02, 4.27306946e+02, 8.09891641e-01,
       6.98067383e+02, 4.83155884e+02, 2.61507571e-01, 7.12726929e+02,
       3.89057922e+02, 5.12440205e-01, 1.64573450e+03, 4.15534363e+02,
       2.75532544e-01, 1.63705042e+03, 4.12583069e+02, 3.35345477e-01,
       1.61930774e+03, 4.39059296e+02, 2.66001582e-01, 1.58690735e+03,
       5.33177307e+02, 2.56738335e-01, 1.56634082e+03, 5.50887878e+02,
       2.09029168e-01, 1.53986072e+03, 5.50951416e+02, 3.04562181e-01 ]
