%YAML:1.0
---
pose_0: !!opencv-matrix
   rows: 1
   cols: 25
   dt: "3f"
   data: [ 6.45021423e+02, 5.27203369e+02, 8.73287559e-01,
       7.71619446e+02, 5.59781494e+02, 6.80581987e-01, 7.65652100e+02,
       6.39177490e+02, 7.58601129e-01, 9.36468262e+02, 6.50974976e+02,
       7.36165702e-01, 1.09239502e+03, 6.21395874e+02, 7.96905279e-01,
       7.80490295e+02, 4.97923737e+02, 4.99184966e-01, 8.89348633e+02,
       4.71456268e+02, 2.81580120e-01, 9.51141846e+02, 4.56648346e+02,
       2.86438107e-01, 1.09237061e+03, 5.68555725e+02, 5.51142097e-01,
       1.07774658e+03, 6.24401672e+02, 5.50652862e-01, 1.36322815e+03,
       6.42111755e+02, 6.72601998e-01, 1.61337573e+03, 6.86265381e+02,
       5.38482368e-01, 1.10129468e+03, 5.09740540e+02, 5.47235548e-01,
       1.33085864e+03, 4.65579498e+02, 4.24376905e-01, 1.58395129e+03,
       4.80317993e+02, 3.50220293e-01, 6.24559509e+02, 5.50809875e+02,
       7.94298887e-01, 6.33252808e+02, 5.12603149e+02, 7.87502527e-01,
       6.48145386e+02, 5.92121704e+02, 6.64280653e-01, 6.59744568e+02,
       5.03630981e+02, 3.29807252e-01, 1.66933008e+03, 4.36103027e+02,
       1.30508348e-01, 1.66344360e+03, 4.36081116e+02, 1.61527827e-01,
       1.61927124e+03, 4.80194092e+02, 1.96689606e-01, 1.71057349e+03,
       6.21561035e+02, 5.13947248e-01, 1.71343787e+03, 6.30335205e+02,
       3.76308560e-01, 1.63693115e+03, 6.95173584e+02, 3.49017501e-01 ]
