%YAML:1.0
---
pose_0: !!opencv-matrix
   rows: 1
   cols: 25
   dt: "3f"
   data: [ 7.15793518e+02, 4.94916107e+02, 8.61109436e-01,
       8.39356934e+02, 5.03795746e+02, 7.16176033e-01, 8.54041199e+02,
       5.77310425e+02, 6.87425673e-01, 9.86519958e+02, 6.06854858e+02,
       7.09099710e-01, 1.11603735e+03, 6.56819336e+02, 8.23503911e-01,
       8.36346924e+02, 4.27309479e+02, 6.00682914e-01, 9.98225342e+02,
       3.89088196e+02, 7.88567305e-01, 1.13958777e+03, 3.65456726e+02,
       8.63323927e-01, 1.12777930e+03, 5.06696106e+02, 5.80948174e-01,
       1.12484583e+03, 5.53857910e+02, 6.22633457e-01, 1.33679956e+03,
       6.24487366e+02, 7.51886010e-01, 1.54865784e+03, 6.74482666e+02,
       6.25409961e-01, 1.13072034e+03, 4.56647766e+02, 5.72344422e-01,
       1.31617139e+03, 4.56698517e+02, 7.25954235e-01, 1.56627295e+03,
       4.68532410e+02, 6.51549816e-01, 7.01009888e+02, 5.06768860e+02,
       8.07061255e-01, 7.09853577e+02, 4.77329712e+02, 8.56160760e-01,
       7.18790466e+02, 5.30179077e+02, 4.94567782e-01, 7.39174622e+02,
       4.44934937e+02, 6.03980064e-01, 1.64290833e+03, 4.36172913e+02,
       3.89148444e-01, 1.63985608e+03, 4.36129425e+02, 4.18653697e-01,
       1.60453357e+03, 4.80150482e+02, 3.07698905e-01, 1.62512341e+03,
       6.56866516e+02, 4.33175027e-01, 1.61341931e+03, 6.71613525e+02,
       3.94410640e-01, 1.57220276e+03, 6.77489563e+02, 2.55118132e-01 ]
