%YAML:1.0
---
pose_0: !!opencv-matrix
   rows: 2
   cols: 25
   dt: "3f"
   data: [ 7.21610535e+02, 4.32999725e+02, 8.52544427e-01,
       8.27530640e+02, 4.33159180e+02, 6.96942091e-01, 8.06906128e+02,
       4.86215149e+02, 4.14036572e-01, 0., 0., 0., 0., 0., 0.,
       8.51059753e+02, 3.53690216e+02, 6.09533966e-01, 9.95249084e+02,
       3.21398468e+02, 7.91365981e-01, 1.11309094e+03, 2.88964050e+02,
       8.63591492e-01, 1.13368884e+03, 4.44905731e+02, 5.53508878e-01,
       1.12780066e+03, 4.92060028e+02, 5.56426644e-01, 1.35146033e+03,
       5.03719879e+02, 3.82860243e-01, 1.53686401e+03, 4.62627625e+02,
       2.75228530e-01, 1.13659094e+03, 3.86163818e+02, 5.75346828e-01,
       1.33089941e+03, 3.89028839e+02, 5.60525775e-01, 1.58399414e+03,
       4.09520172e+02, 3.67013931e-01, 7.06925537e+02, 4.41939331e+02,
       7.84188688e-01, 7.15791931e+02, 4.09474213e+02, 8.86969686e-01,
       7.21599548e+02, 4.62691803e+02, 4.25141484e-01, 7.42114380e+02,
       3.77250977e+02, 5.62391818e-01, 1.66042285e+03, 3.68462677e+02,
       3.91167969e-01, 1.65746277e+03, 3.68372894e+02, 4.07233119e-01,
       1.60457800e+03, 4.15472198e+02, 2.12213397e-01, 0., 0., 0., 0.,
       0., 0., 1.60161279e+03, 4.15516602e+02, 6.90830350e-02, 0., 0.,
       0., 0., 0., 0., 8.56973206e+02, 5.39064270e+02, 1.77627087e-01,
       1.02176624e+03, 5.59783508e+02, 4.97840315e-01, 1.18372217e+03,
       5.77422241e+02, 3.74238670e-01, 0., 0., 0., 0., 0., 0., 0., 0.,
       0., 0., 0., 0., 0., 0., 0., 0., 0., 0., 0., 0., 0., 0., 0., 0.,
       0., 0., 0., 0., 0., 0., 0., 0., 0., 0., 0., 0., 0., 0., 0., 0.,
       0., 0., 0., 0., 0., 0., 0., 0., 0., 0., 0., 0., 0., 0., 0., 0.,
       0., 0., 0., 0. ]
