%YAML:1.0
---
pose_0: !!opencv-matrix
   rows: 1
   cols: 25
   dt: "3f"
   data: [ 7.42220276e+02, 4.42045990e+02, 6.02494240e-01,
       8.24609070e+02, 5.00804199e+02, 5.59981108e-01, 8.15863647e+02,
       5.33287781e+02, 7.34700739e-01, 9.24709717e+02, 6.33294495e+02,
       7.86062181e-01, 9.98376038e+02, 5.56863892e+02, 7.81811953e-01,
       8.12886230e+02, 4.53782074e+02, 2.75938779e-01, 0., 0., 0., 0.,
       0., 0., 1.10129065e+03, 5.27404785e+02, 5.06235361e-01,
       1.07480823e+03, 5.62632385e+02, 4.23994303e-01, 1.30442273e+03,
       5.30394043e+02, 7.22263753e-01, 1.56039172e+03, 6.68520935e+02,
       5.45887828e-01, 1.12479211e+03, 4.89099396e+02, 4.04025704e-01,
       1.35447522e+03, 4.83318909e+02, 6.76203728e-01, 1.53989478e+03,
       5.39098938e+02, 5.90726495e-01, 7.21632141e+02, 4.56797455e+02,
       6.53301477e-01, 7.21627319e+02, 4.39015411e+02, 1.67079270e-01,
       7.42228699e+02, 4.86176056e+02, 4.54472274e-01, 0., 0., 0.,
       1.59867334e+03, 4.77241638e+02, 4.43953007e-01, 1.58986951e+03,
       4.80230927e+02, 4.39734042e-01, 1.56335901e+03, 5.71462036e+02,
       3.97622764e-01, 1.63391260e+03, 6.71564514e+02, 2.25227222e-01,
       1.61341345e+03, 6.92104980e+02, 2.50772566e-01, 1.58984607e+03,
       6.89219727e+02, 3.46290857e-01 ]
