%YAML:1.0
---
pose_0: !!opencv-matrix
   rows: 2
   cols: 25
   dt: "3f"
   data: [ 7.59754211e+02, 3.62510864e+02, 2.92961806e-01,
       7.74611572e+02, 3.62561035e+02, 3.00038815e-01, 8.54047302e+02,
       4.09601593e+02, 4.02897805e-01, 8.77563293e+02, 3.44836029e+02,
       3.47286880e-01, 8.83433105e+02, 2.47797073e+02, 7.00056970e-01,
       6.95101440e+02, 3.50713287e+02, 2.37052813e-01, 6.24494690e+02,
       3.86096161e+02, 2.66501546e-01, 5.92089539e+02, 4.44922729e+02,
       2.44958773e-01, 0., 0., 0., 0., 0., 0., 0., 0., 0., 0., 0., 0.,
       0., 0., 0., 0., 0., 0., 0., 0., 0., 0., 0., 0., 7.62821777e+02,
       3.62475403e+02, 1.30022258e-01, 7.56909668e+02, 3.77244354e+02,
       7.20706284e-02, 0., 0., 0., 0., 0., 0., 0., 0., 0., 0., 0., 0.,
       0., 0., 0., 0., 0., 0., 0., 0., 0., 0., 0., 0., 8.83549683e+02,
       3.65559235e+02, 2.12275624e-01, 0., 0., 0., 0., 0., 0., 0., 0.,
       0., 9.15863037e+02, 3.41971100e+02, 1.30025476e-01, 0., 0., 0.,
       0., 0., 0., 1.13067358e+03, 3.74275146e+02, 3.03577513e-01,
       1.12774536e+03, 4.18415527e+02, 2.80678540e-01, 1.33672217e+03,
       4.36175323e+02, 4.40332949e-01, 1.53683960e+03, 4.50858795e+02,
       5.50846338e-01, 1.13659546e+03, 3.33104553e+02, 2.95270920e-01,
       1.34848108e+03, 3.06583435e+02, 3.89913529e-01, 1.55157410e+03,
       2.80077423e+02, 4.11969602e-01, 0., 0., 0., 0., 0., 0., 0., 0.,
       0., 0., 0., 0., 1.63397839e+03, 2.59502502e+02, 3.32657218e-01,
       1.63397949e+03, 2.53671631e+02, 3.10274750e-01, 1.56634448e+03,
       2.80097626e+02, 1.76383585e-01, 1.61048340e+03, 4.59720581e+02,
       3.66673052e-01, 1.60747168e+03, 4.68450012e+02, 3.48018378e-01,
       1.56045154e+03, 4.36079926e+02, 3.01943481e-01 ]
