%YAML:1.0
---
pose_0: !!opencv-matrix
   rows: 1
   cols: 25
   dt: "3f"
   data: [ 6.86210327e+02, 5.30428223e+02, 8.36017013e-01,
       8.21638428e+02, 5.74387146e+02, 6.72507167e-01, 8.24588013e+02,
       6.56831055e+02, 6.54245257e-01, 9.83546814e+02, 6.83354187e+02,
       6.90487504e-01, 1.13360571e+03, 6.71684021e+02, 6.16813064e-01,
       8.18708069e+02, 4.97921234e+02, 4.71336812e-01, 9.83559204e+02,
       4.65529572e+02, 4.02891546e-01, 1.07190112e+03, 4.62581970e+02,
       4.24697638e-01, 1.09838171e+03, 5.74374146e+02, 5.77784479e-01,
       1.09235706e+03, 6.21603699e+02, 6.10622704e-01, 1.18953516e+03,
       6.68661194e+02, 1.59762666e-01, 0., 0., 0., 1.11006677e+03,
       5.21409729e+02, 5.17855644e-01, 1.33376355e+03, 5.03853943e+02,
       6.70090497e-01, 1.61639893e+03, 4.71421997e+02, 5.67594171e-01,
       6.71552246e+02, 5.53876770e+02, 7.84618795e-01, 6.71645630e+02,
       5.24355957e+02, 8.30324888e-01, 6.92215027e+02, 5.86196533e+02,
       5.58500171e-01, 7.06909180e+02, 5.03887085e+02, 2.98099935e-01,
       1.72524731e+03, 4.39025696e+02, 2.39038676e-01, 0., 0., 0.,
       1.63698108e+03, 4.77303192e+02, 2.93861836e-01, 0., 0., 0., 0.,
       0., 0., 0., 0., 0. ]
