%YAML:1.0
---
pose_0: !!opencv-matrix
   rows: 1
   cols: 25
   dt: "3f"
   data: [ 7.27469055e+02, 4.71436676e+02, 7.58342445e-01,
       8.56859314e+02, 4.59773529e+02, 7.24961400e-01, 8.59927368e+02,
       5.47894653e+02, 5.86763203e-01, 1.01587360e+03, 5.97847290e+02,
       5.57867706e-01, 9.98122314e+02, 5.74459534e+02, 6.45364344e-01,
       8.51052063e+02, 3.86074615e+02, 7.32947052e-01, 9.48218628e+02,
       3.21420929e+02, 7.83466697e-01, 9.98181030e+02, 3.38921478e+02,
       8.46406937e-01, 1.16011743e+03, 5.03757385e+02, 5.79771698e-01,
       1.15424365e+03, 5.50860657e+02, 5.60606956e-01, 1.35434131e+03,
       5.50920044e+02, 4.03851748e-01, 1.51036768e+03, 5.50866943e+02,
       5.07425845e-01, 1.16595410e+03, 4.50762512e+02, 5.85954964e-01,
       1.35440845e+03, 5.03709839e+02, 7.08468795e-01, 1.57216357e+03,
       4.59602692e+02, 6.16700888e-01, 7.18572693e+02, 4.83274139e+02,
       7.19997287e-01, 7.18536682e+02, 4.53815491e+02, 8.47748637e-01,
       7.39308350e+02, 5.03777832e+02, 3.16855460e-01, 7.42220642e+02,
       4.27250763e+02, 4.92642045e-01, 1.64001465e+03, 4.36038696e+02,
       3.70068520e-01, 1.63699512e+03, 4.33207092e+02, 4.13095146e-01,
       1.59282959e+03, 4.47888702e+02, 2.42476642e-01, 1.51927759e+03,
       6.24519165e+02, 1.28948346e-01, 1.51038586e+03, 6.15596069e+02,
       1.40538394e-01, 1.52808423e+03, 5.39149109e+02, 2.85592347e-01 ]
