%YAML:1.0
---
pose_0: !!opencv-matrix
   rows: 1
   cols: 25
   dt: "3f"
   data: [ 9.04016418e+02, 4.65516235e+02, 8.24743733e-02,
       9.27553772e+02, 5.27318787e+02, 5.23374498e-01, 8.89390198e+02,
       5.71467407e+02, 4.88707721e-01, 7.89378662e+02, 5.71392456e+02,
       7.08655655e-01, 8.83483032e+02, 4.94926727e+02, 4.92012799e-01,
       9.65842102e+02, 4.86102783e+02, 3.67448837e-01, 9.74775330e+02,
       4.62567627e+02, 1.37786672e-01, 9.27632751e+02, 4.41957825e+02,
       1.30543768e-01, 1.11593469e+03, 5.77465881e+02, 4.60866958e-01,
       1.09247144e+03, 6.06774780e+02, 3.63084555e-01, 1.37209253e+03,
       5.27399658e+02, 8.15742373e-01, 1.64282056e+03, 7.18609009e+02,
       5.50675929e-01, 1.13363184e+03, 5.53789368e+02, 3.62384617e-01,
       1.35732690e+03, 5.06851196e+02, 1.81465149e-01, 0., 0., 0.,
       8.83455750e+02, 4.74346344e+02, 7.95824081e-02, 8.77592224e+02,
       4.18438965e+02, 6.46736398e-02, 8.62834595e+02, 4.97871124e+02,
       1.60530269e-01, 0., 0., 0., 0., 0., 0., 0., 0., 0., 0., 0., 0.,
       1.68401904e+03, 7.15627686e+02, 2.42101535e-01, 1.67811780e+03,
       7.30445251e+02, 2.58327186e-01, 1.66344971e+03, 7.45109619e+02,
       3.51584673e-01 ]
