%YAML:1.0
---
pose_0: !!opencv-matrix
   rows: 1
   cols: 25
   dt: "3f"
   data: [ 6.74584473e+02, 5.36232117e+02, 7.87117243e-01,
       8.12891479e+02, 5.74301941e+02, 6.79983318e-01, 8.12922791e+02,
       6.51052917e+02, 7.10883498e-01, 9.54080261e+02, 6.98011353e+02,
       7.28387475e-01, 1.11011914e+03, 7.09870667e+02, 7.32558846e-01,
       8.30435120e+02, 4.83276978e+02, 5.65843165e-01, 9.83568787e+02,
       4.59540161e+02, 7.32520878e-01, 1.13367944e+03, 4.44964722e+02,
       5.51896214e-01, 1.11007410e+03, 5.74480408e+02, 6.03489041e-01,
       1.09830212e+03, 6.24435181e+02, 6.12810016e-01, 1.30143115e+03,
       6.30411194e+02, 3.52985382e-01, 1.56037695e+03, 6.53955200e+02,
       5.09567380e-01, 1.11605603e+03, 5.18509338e+02, 5.88662446e-01,
       1.32786719e+03, 5.00844849e+02, 5.68645537e-01, 1.61343884e+03,
       4.65509003e+02, 5.07823825e-01, 6.65718567e+02, 5.53974182e+02,
       7.99410641e-01, 6.68718689e+02, 5.24323425e+02, 8.14009428e-01,
       6.86324768e+02, 5.80429199e+02, 5.41592777e-01, 6.95235168e+02,
       5.00772430e+02, 4.12360251e-01, 1.71936340e+03, 4.21425110e+02,
       3.41459841e-01, 1.71058264e+03, 4.21366333e+02, 3.65809292e-01,
       1.63402332e+03, 4.77263916e+02, 2.43907139e-01, 1.65748572e+03,
       6.36190613e+02, 5.48491597e-01, 1.64284509e+03, 6.48007080e+02,
       4.59065348e-01, 1.57513416e+03, 6.59754944e+02, 2.79799551e-01 ]
