%YAML:1.0
---
pose_0: !!opencv-matrix
   rows: 1
   cols: 25
   dt: "3f"
   data: [ 0., 0., 0., 7.80483459e+02, 5.39147888e+02, 2.97260612e-01,
       7.95184082e+02, 5.71419495e+02, 3.85732502e-01, 9.27554749e+02,
       6.27423767e+02, 7.30511308e-01, 1.09252234e+03, 5.98042725e+02,
       7.61982322e-01, 7.83410461e+02, 5.12681641e+02, 1.08862936e-01,
       0., 0., 0., 0., 0., 0., 1.09837085e+03, 5.50858643e+02,
       5.14102936e-01, 1.09533545e+03, 5.80375732e+02, 4.03323263e-01,
       1.33671814e+03, 5.03826813e+02, 8.05099070e-01, 1.63398181e+03,
       6.39213318e+02, 4.45643604e-01, 1.11011707e+03, 5.06824066e+02,
       4.68428880e-01, 1.34844495e+03, 4.89065552e+02, 4.15312082e-01,
       1.50745215e+03, 6.27425110e+02, 3.32906812e-01, 0., 0., 0., 0.,
       0., 0., 7.39312744e+02, 5.09680237e+02, 9.50969830e-02, 0., 0.,
       0., 0., 0., 0., 0., 0., 0., 1.48975342e+03, 6.53907959e+02,
       2.71016002e-01, 1.75171741e+03, 6.24476746e+02, 4.01374012e-01,
       1.74874939e+03, 6.36277344e+02, 3.16412628e-01, 1.66051294e+03,
       6.74552246e+02, 3.07765603e-01 ]
