%YAML:1.0
---
pose_0: !!opencv-matrix
   rows: 1
   cols: 25
   dt: "3f"
   data: [ 7.21640503e+02, 5.53760071e+02, 7.01761484e-01,
       7.86365723e+02, 4.71390472e+02, 5.39620876e-01, 7.86341736e+02,
       5.03796448e+02, 2.96090186e-01, 0., 0., 0., 0., 0., 0.,
       7.86461914e+02, 4.50757660e+02, 6.62840664e-01, 9.07149231e+02,
       4.12641724e+02, 7.86840022e-01, 1.08357104e+03, 4.39024933e+02,
       7.42418110e-01, 1.11304065e+03, 4.89111969e+02, 4.41917390e-01,
       1.11304822e+03, 5.36209778e+02, 4.67792869e-01, 1.31906763e+03,
       6.09742065e+02, 7.00686812e-01, 1.49569360e+03, 5.15535889e+02,
       2.70472050e-01, 1.11600842e+03, 4.39044403e+02, 3.60051721e-01,
       1.35437195e+03, 4.77274597e+02, 7.10953355e-01, 1.59577686e+03,
       4.62560364e+02, 5.04958689e-01, 0., 0., 0., 7.09852478e+02,
       5.42104614e+02, 6.15850449e-01, 0., 0., 0., 7.12776550e+02,
       4.97915405e+02, 5.94907761e-01, 1.67808362e+03, 5.00842651e+02,
       2.92491257e-01, 1.67809265e+03, 4.83214447e+02, 2.68720508e-01,
       1.61636938e+03, 4.39087219e+02, 1.87935665e-01, 0., 0., 0., 0.,
       0., 0., 1.51631787e+03, 5.09672760e+02, 1.70203283e-01 ]
