%YAML:1.0
---
pose_0: !!opencv-matrix
   rows: 1
   cols: 25
   dt: "3f"
   data: [ 6.21417175e+02, 5.03893951e+02, 9.07184482e-01,
       7.59808533e+02, 5.30326477e+02, 6.89318359e-01, 7.56899597e+02,
       6.27393250e+02, 6.56458199e-01, 9.04056702e+02, 6.95122437e+02,
       8.08072269e-01, 9.95223938e+02, 6.92044861e+02, 8.30552936e-01,
       7.62814941e+02, 4.47846802e+02, 5.55906177e-01, 9.12933655e+02,
       3.65587952e+02, 8.44801426e-01, 7.86397339e+02, 3.89112762e+02,
       8.46063375e-01, 1.06301660e+03, 5.30365356e+02, 5.57325184e-01,
       1.05130249e+03, 5.83306763e+02, 5.36688924e-01, 1.30137598e+03,
       5.97867554e+02, 4.55337405e-01, 1.55455115e+03, 5.98056458e+02,
       2.47618914e-01, 1.06588477e+03, 4.68503571e+02, 5.40643632e-01,
       1.27495972e+03, 4.77344330e+02, 5.31936109e-01, 1.52803101e+03,
       4.71403717e+02, 2.26121277e-01, 6.00987061e+02, 5.21470764e+02,
       8.42010379e-01, 6.06818909e+02, 4.83153717e+02, 8.44937563e-01,
       6.21445129e+02, 5.50820740e+02, 5.52744269e-01, 6.30332825e+02,
       4.59741608e+02, 5.99924266e-01, 0., 0., 0., 0., 0., 0.,
       1.55746545e+03, 4.74317230e+02, 2.06879750e-01, 0., 0., 0., 0.,
       0., 0., 0., 0., 0. ]
