%YAML:1.0
---
pose_0: !!opencv-matrix
   rows: 1
   cols: 25
   dt: "3f"
   data: [ 7.62792603e+02, 4.36050781e+02, 9.00712669e-01,
       8.77513306e+02, 4.18486664e+02, 6.92431390e-01, 8.59913940e+02,
       5.00830536e+02, 8.06274295e-01, 9.57049561e+02, 5.12670532e+02,
       8.18595409e-01, 8.80417725e+02, 4.09625519e+02, 8.28339994e-01,
       8.83540527e+02, 3.44853241e+02, 6.83994830e-01, 9.98242126e+02,
       2.65392609e+02, 8.60489368e-01, 9.36448181e+02, 2.21082993e+02,
       8.19665730e-01, 1.13958813e+03, 4.65502899e+02, 6.42459035e-01,
       1.12191162e+03, 5.12633789e+02, 6.27018988e-01, 1.31029456e+03,
       5.71416809e+02, 7.69699574e-01, 1.51918567e+03, 6.39198303e+02,
       6.20597661e-01, 1.15128027e+03, 4.12481171e+02, 6.32240832e-01,
       1.33969617e+03, 4.33010498e+02, 7.20276356e-01, 1.56633191e+03,
       4.30130249e+02, 6.08045399e-01, 7.45214355e+02, 4.50821350e+02,
       7.89247394e-01, 7.48088501e+02, 4.12709290e+02, 8.14710081e-01,
       7.65712036e+02, 4.62667328e+02, 2.34818235e-01, 7.65741699e+02,
       3.88890015e+02, 5.97045720e-01, 1.63401538e+03, 4.09619598e+02,
       5.00804901e-01, 1.62809827e+03, 4.03720398e+02, 5.28032482e-01,
       1.60161145e+03, 4.33145264e+02, 2.82252789e-01, 1.58696533e+03,
       6.50958618e+02, 4.66046959e-01, 1.58096570e+03, 6.56875610e+02,
       4.40873027e-01, 1.54863342e+03, 6.30371826e+02, 4.38443661e-01 ]
