%YAML:1.0
---
pose_0: !!opencv-matrix
   rows: 1
   cols: 25
   dt: "3f"
   data: [ 7.62851318e+02, 3.15489807e+02, 7.01076984e-01,
       8.71697632e+02, 2.44711700e+02, 3.75729531e-01, 8.57024536e+02,
       2.38877655e+02, 2.12908015e-01, 9.71821045e+02, 3.44823212e+02,
       1.36985436e-01, 9.80714111e+02, 4.97947052e+02, 1.57243565e-01,
       8.86406372e+02, 2.44812531e+02, 5.38205504e-01, 9.71717224e+02,
       3.53671936e+02, 6.23347640e-01, 9.89388184e+02, 5.00791901e+02,
       7.36270070e-01, 1.15720251e+03, 2.15349747e+02, 1.40686527e-01,
       0., 0., 0., 0., 0., 0., 0., 0., 0., 1.16012878e+03,
       2.06517426e+02, 1.39396578e-01, 1.37204565e+03, 2.21304504e+02,
       1.59010649e-01, 1.55750000e+03, 1.27097473e+02, 1.10939920e-01,
       7.42334351e+02, 3.09477692e+02, 3.08119535e-01, 7.62879150e+02,
       2.94831696e+02, 6.97329283e-01, 0., 0., 0., 7.86343811e+02,
       2.47841537e+02, 4.86617714e-01, 0., 0., 0., 0., 0., 0., 0., 0.,
       0., 0., 0., 0., 0., 0., 0., 0., 0., 0. ]
