%YAML:1.0
---
pose_0: !!opencv-matrix
   rows: 1
   cols: 25
   dt: "3f"
   data: [ 7.65706726e+02, 3.65405792e+02, 8.77338588e-01,
       8.71741028e+02, 3.77237640e+02, 6.89061165e-01, 8.65857849e+02,
       4.59755371e+02, 7.00699031e-01, 1.00705573e+03, 5.03720612e+02,
       7.68703341e-01, 1.11006128e+03, 5.30333313e+02, 7.87908852e-01,
       8.80553650e+02, 2.94763641e+02, 7.39133596e-01, 9.77675903e+02,
       2.09455383e+02, 8.37743461e-01, 1.04235767e+03, 1.00620598e+02,
       8.28804135e-01, 1.12780469e+03, 3.53720581e+02, 5.53501487e-01,
       1.13067224e+03, 4.03694244e+02, 5.60593188e-01, 1.34853943e+03,
       4.36037018e+02, 7.75309026e-01, 1.54572498e+03, 5.27429932e+02,
       6.71093106e-01, 1.12779761e+03, 2.97733337e+02, 5.30502081e-01,
       1.32497168e+03, 2.83062897e+02, 3.64816755e-01, 1.56626685e+03,
       2.91934204e+02, 5.03347516e-01, 7.50989746e+02, 3.80180695e+02,
       7.71523952e-01, 7.53921814e+02, 3.44888885e+02, 7.92009056e-01,
       7.65630920e+02, 4.06606903e+02, 6.05513573e-01, 7.71660889e+02,
       3.24283478e+02, 5.00547767e-01, 1.63710107e+03, 2.68360291e+02,
       4.64479327e-01, 1.63694836e+03, 2.65357391e+02, 4.64457393e-01,
       1.58104797e+03, 3.00679596e+02, 2.19229475e-01, 1.61638708e+03,
       5.36206482e+02, 5.66804886e-01, 1.60461865e+03, 5.50952148e+02,
       5.66990077e-01, 1.56341589e+03, 5.36201965e+02, 4.05483872e-01 ]
