%YAML:1.0
---
pose_0: !!opencv-matrix
   rows: 1
   cols: 25
   dt: "3f"
   data: [ 6.92014282e+02, 5.15565430e+02, 7.75366008e-01,
       8.24624146e+02, 5.30340027e+02, 6.57436371e-01, 8.27601990e+02,
       6.03906677e+02, 5.72844863e-01, 9.83570068e+02, 6.71539368e+02,
       2.75538087e-01, 1.09536890e+03, 7.18689941e+02, 2.26636127e-01,
       8.27581421e+02, 4.62684448e+02, 5.72683454e-01, 9.86468384e+02,
       4.09612823e+02, 7.60006428e-01, 1.13070520e+03, 3.68362823e+02,
       7.42025793e-01, 1.09538293e+03, 5.30394653e+02, 5.64883769e-01,
       1.08949548e+03, 5.86204346e+02, 5.43853998e-01, 1.33090405e+03,
       6.01054382e+02, 5.37352324e-01, 1.53988123e+03, 6.33343750e+02,
       5.45584500e-01, 1.10126440e+03, 4.80134216e+02, 5.33281028e-01,
       1.28969116e+03, 4.68436890e+02, 2.72903979e-01, 0., 0., 0.,
       6.71683228e+02, 5.30236694e+02, 7.42725670e-01, 6.74538574e+02,
       5.00815094e+02, 7.63237476e-01, 6.95112244e+02, 5.50889771e+02,
       5.93774378e-01, 7.06863770e+02, 4.77257446e+02, 4.54266399e-01,
       0., 0., 0., 0., 0., 0., 0., 0., 0., 1.62225488e+03,
       6.01010254e+02, 5.08771122e-01, 1.61348315e+03, 6.18618164e+02,
       4.40703928e-01, 1.56333533e+03, 6.48030945e+02, 3.17169935e-01 ]
