%YAML:1.0
---
pose_0: !!opencv-matrix
   rows: 1
   cols: 25
   dt: "3f"
   data: [ 7.56861267e+02, 4.35973236e+02, 8.65300477e-01,
       8.59941650e+02, 4.18486664e+02, 7.56571651e-01, 8.56850281e+02,
       4.95004974e+02, 7.77877927e-01, 9.45311829e+02, 5.03847748e+02,
       8.51519942e-01, 8.56983032e+02, 4.09555725e+02, 8.16946447e-01,
       8.71709595e+02, 3.44855469e+02, 6.38296843e-01, 9.98148987e+02,
       2.65290161e+02, 8.54701996e-01, 9.24704834e+02, 2.18248077e+02,
       8.40549290e-01, 1.11899316e+03, 4.59738953e+02, 6.65873468e-01,
       1.11011169e+03, 5.06831390e+02, 6.52346671e-01, 1.31316748e+03,
       5.77265381e+02, 7.77843595e-01, 1.50744763e+03, 6.45096802e+02,
       6.65410280e-01, 1.13365991e+03, 4.12478363e+02, 6.33152008e-01,
       1.34848486e+03, 4.24290131e+02, 5.69507599e-01, 1.56045593e+03,
       4.27292938e+02, 5.97005308e-01, 7.42177917e+02, 4.47878540e+02,
       7.86885023e-01, 7.42120239e+02, 4.12604248e+02, 8.63619506e-01,
       7.62670776e+02, 4.59833160e+02, 2.50708491e-01, 7.62804871e+02,
       3.85981110e+02, 6.45028412e-01, 1.63098608e+03, 4.03766327e+02,
       4.61278707e-01, 1.61933850e+03, 4.00738159e+02, 4.94470596e-01,
       1.58986548e+03, 4.33091858e+02, 3.46307099e-01, 1.58692651e+03,
       6.44998657e+02, 4.66358542e-01, 1.56925500e+03, 6.53913513e+02,
       4.32182133e-01, 1.52512927e+03, 6.51040039e+02, 3.89327168e-01 ]
