%YAML:1.0
---
pose_0: !!opencv-matrix
   rows: 1
   cols: 25
   dt: "3f"
   data: [ 0., 0., 0., 7.65801758e+02, 5.27384766e+02, 3.46799731e-01,
       7.80466553e+02, 5.21438599e+02, 4.36281741e-01, 9.27656250e+02,
       4.71425140e+02, 7.28601813e-01, 8.83588318e+02, 3.68359497e+02,
       6.27582312e-01, 7.65710876e+02, 5.36135254e+02, 2.79258221e-01,
       9.27652344e+02, 4.74360077e+02, 1.34638295e-01, 0., 0., 0.,
       1.10713867e+03, 5.56757690e+02, 3.26759100e-01, 1.09242908e+03,
       5.74430481e+02, 2.49410912e-01, 1.35151428e+03, 5.09685944e+02,
       6.65364385e-01, 1.63994189e+03, 7.15680420e+02, 4.29650933e-01,
       1.11895850e+03, 5.33226196e+02, 2.65241921e-01, 1.37794177e+03,
       5.06671722e+02, 2.24866807e-01, 1.56628125e+03, 6.00956177e+02,
       2.21603662e-01, 0., 0., 0., 0., 0., 0., 7.15778625e+02,
       4.83220795e+02, 9.26827192e-02, 0., 0., 0., 1.60458423e+03,
       5.47894409e+02, 1.35701269e-01, 1.60162219e+03, 5.47941101e+02,
       1.38349593e-01, 1.58997522e+03, 6.03877563e+02, 1.90531194e-01,
       1.68396570e+03, 7.27484436e+02, 3.71761173e-01, 1.66351904e+03,
       7.42140320e+02, 4.09851730e-01, 1.66931665e+03, 7.39281982e+02,
       2.31259257e-01 ]
