%YAML:1.0
---
pose_0: !!opencv-matrix
   rows: 1
   cols: 25
   dt: "3f"
   data: [ 6.12728882e+02, 4.86153442e+02, 2.18203425e-01,
       7.27436768e+02, 5.56748657e+02, 2.46063679e-01, 7.06882141e+02,
       6.42138062e+02, 2.39370912e-01, 8.27524963e+02, 8.62971802e+02,
       4.92631584e-01, 7.15731812e+02, 9.98240662e+02, 3.48226190e-01,
       7.42166809e+02, 4.59567688e+02, 3.38853568e-01, 8.33359192e+02,
       4.80179260e+02, 6.99428976e-01, 6.44967285e+02, 6.15588318e+02,
       6.72602773e-01, 1.10422534e+03, 5.12642273e+02, 2.55629241e-01,
       1.09541321e+03, 5.89170044e+02, 2.76131392e-01, 1.25730298e+03,
       6.36279907e+02, 2.02687889e-01, 0., 0., 0., 1.10714246e+03,
       4.47884247e+02, 2.59326190e-01, 1.37501123e+03, 3.62566254e+02,
       2.55294502e-01, 1.56340979e+03, 2.71287415e+02, 2.89457023e-01,
       5.86255798e+02, 4.92056519e+02, 1.84509709e-01, 6.00872192e+02,
       4.68536896e+02, 2.11793080e-01, 6.18539673e+02, 5.30341858e+02,
       9.71473306e-02, 6.21486938e+02, 4.59694275e+02, 1.49872676e-01,
       1.66932898e+03, 2.24185852e+02, 1.12179078e-01, 1.66635303e+03,
       2.24174103e+02, 1.14159361e-01, 0., 0., 0., 0., 0., 0., 0., 0.,
       0., 0., 0., 0. ]
