%YAML:1.0
---
pose_0: !!opencv-matrix
   rows: 1
   cols: 25
   dt: "3f"
   data: [ 7.59833069e+02, 4.83120667e+02, 8.93977463e-01,
       8.65809387e+02, 5.09653137e+02, 7.06692636e-01, 8.59852905e+02,
       5.77358276e+02, 7.63099551e-01, 9.74607117e+02, 5.98065918e+02,
       8.18498850e-01, 1.10718298e+03, 6.21423218e+02, 8.14424157e-01,
       8.74633179e+02, 4.53793701e+02, 5.50059795e-01, 0., 0., 0., 0.,
       0., 0., 1.13070422e+03, 4.56778839e+02, 5.74378431e-01,
       1.12780212e+03, 5.06686859e+02, 6.16952777e-01, 1.34266797e+03,
       5.74277161e+02, 7.66419053e-01, 1.56342310e+03, 6.59751099e+02,
       5.69662154e-01, 1.12774109e+03, 4.06714752e+02, 5.49130678e-01,
       1.34556226e+03, 4.09720276e+02, 7.42555022e-01, 1.56640918e+03,
       4.36163330e+02, 7.29085743e-01, 7.42186523e+02, 5.00816254e+02,
       8.49258900e-01, 7.45245239e+02, 4.62631989e+02, 8.23919117e-01,
       7.56899414e+02, 5.27364197e+02, 6.93474233e-01, 7.71668518e+02,
       4.50828339e+02, 4.90011513e-01, 1.63685681e+03, 4.24291931e+02,
       5.53062677e-01, 1.63388696e+03, 4.15532288e+02, 5.85000277e-01,
       1.58695544e+03, 4.56605774e+02, 3.85604709e-01, 1.62815576e+03,
       6.47929810e+02, 5.84930241e-01, 1.61637219e+03, 6.62673401e+02,
       5.13111413e-01, 1.59869202e+03, 6.80372803e+02, 2.55067617e-01 ]
