%YAML:1.0
---
pose_0: !!opencv-matrix
   rows: 1
   cols: 25
   dt: "3f"
   data: [ 0., 0., 0., 6.24437012e+02, 5.30254333e+02, 1.51559830e-01,
       0., 0., 0., 0., 0., 0., 0., 0., 0., 6.48003235e+02,
       4.71402740e+02, 2.32596174e-01, 7.18588745e+02, 5.33191101e+02,
       6.69992805e-01, 4.56750641e+02, 6.45167542e+02, 7.95955658e-01,
       1.05714246e+03, 5.06725891e+02, 2.50619590e-01, 1.06006763e+03,
       5.80304993e+02, 2.44497925e-01, 1.15132251e+03, 6.83302429e+02,
       1.37879655e-01, 0., 0., 0., 1.05714734e+03, 4.39116333e+02,
       3.06002170e-01, 1.16900317e+03, 3.89111786e+02, 9.22372788e-02,
       1.65750403e+03, 1.80113647e+02, 1.50350019e-01, 0., 0., 0., 0.,
       0., 0., 0., 0., 0., 0., 0., 0., 1.76940442e+03, 1.41755157e+02,
       1.43848404e-01, 1.76939148e+03, 1.35869980e+02, 1.37556210e-01,
       0., 0., 0., 0., 0., 0., 0., 0., 0., 0., 0., 0. ]
