%YAML:1.0
---
pose_0: !!opencv-matrix
   rows: 1
   cols: 25
   dt: "3f"
   data: [ 7.48051331e+02, 4.71412506e+02, 1.85587630e-01,
       7.86365540e+02, 5.33201111e+02, 5.43882012e-01, 7.89262085e+02,
       5.42072754e+02, 6.52783930e-01, 9.09997314e+02, 5.33243469e+02,
       7.12367117e-01, 9.92344482e+02, 4.56758820e+02, 7.22297072e-01,
       0., 0., 0., 0., 0., 0., 0., 0., 0., 1.13068188e+03,
       5.71528137e+02, 4.58505869e-01, 1.11602490e+03, 6.00987488e+02,
       3.91845763e-01, 1.38382886e+03, 5.06651093e+02, 8.22138488e-01,
       1.63405884e+03, 7.12720520e+02, 6.00285351e-01, 1.13959082e+03,
       5.33297302e+02, 4.02887732e-01, 1.35146411e+03, 4.97908173e+02,
       1.33352160e-01, 0., 0., 0., 7.30443115e+02, 4.77325470e+02,
       1.75660431e-01, 0., 0., 0., 7.30391663e+02, 4.94979248e+02,
       2.41103798e-01, 0., 0., 0., 0., 0., 0., 0., 0., 0., 0., 0., 0.,
       1.67521460e+03, 7.15715332e+02, 2.87786573e-01, 1.66052112e+03,
       7.30428406e+02, 3.59481066e-01, 1.64286975e+03, 7.33369263e+02,
       3.81868541e-01 ]
