%YAML:1.0
---
pose_0: !!opencv-matrix
   rows: 1
   cols: 25
   dt: "3f"
   data: [ 5.59781494e+02, 4.50750061e+02, 5.25044918e-01,
       6.92200195e+02, 5.44979553e+02, 4.76275563e-01, 6.92088684e+02,
       6.59769287e+02, 2.94490755e-01, 7.95141968e+02, 7.89290405e+02,
       2.17877805e-01, 8.86489807e+02, 9.30551453e+02, 1.21943101e-01,
       7.06885925e+02, 4.33058960e+02, 5.81800818e-01, 8.36356201e+02,
       4.65508728e+02, 6.60705149e-01, 7.98125061e+02, 6.48053589e+02,
       3.54530871e-01, 1.07183630e+03, 5.24400513e+02, 2.06802487e-01,
       1.08656982e+03, 5.94984314e+02, 2.21908510e-01, 1.37203418e+03,
       5.77370056e+02, 2.53134996e-01, 0., 0., 0., 1.06890405e+03,
       4.62601044e+02, 2.49889746e-01, 1.29256482e+03, 3.68464264e+02,
       1.18833162e-01, 1.39856885e+03, 3.30181946e+02, 2.58533418e-01,
       5.50772949e+02, 4.86163849e+02, 3.19287807e-01, 5.47873779e+02,
       4.41970673e+02, 2.95670569e-01, 5.62638733e+02, 5.74451355e+02,
       1.85027868e-01, 0., 0., 0., 1.52805969e+03, 3.47816345e+02,
       1.43734068e-01, 0., 0., 0., 1.40741846e+03, 3.09533447e+02,
       1.01907514e-01, 0., 0., 0., 0., 0., 0., 0., 0., 0. ]
