%YAML:1.0
---
pose_0: !!opencv-matrix
   rows: 1
   cols: 25
   dt: "3f"
   data: [ 0., 0., 0., 6.48067749e+02, 5.71470520e+02, 8.99246261e-02,
       6.21560364e+02, 7.18634399e+02, 6.06197156e-02, 0., 0., 0., 0.,
       0., 0., 6.48072754e+02, 4.53756287e+02, 1.33613735e-01,
       8.12750793e+02, 4.59568634e+02, 7.23966837e-01, 6.18590759e+02,
       5.71448425e+02, 4.79227483e-01, 1.01888171e+03, 5.59713196e+02,
       2.38218114e-01, 1.03064294e+03, 6.24442383e+02, 2.27837697e-01,
       1.37793079e+03, 6.27455017e+02, 3.10986370e-01, 1.78116101e+03,
       6.71464172e+02, 3.13806266e-01, 1.01588940e+03, 4.89069885e+02,
       2.52430707e-01, 1.30141443e+03, 4.03708740e+02, 1.18872173e-01,
       1.43682422e+03, 3.56630188e+02, 1.56075031e-01, 0., 0., 0., 0.,
       0., 0., 0., 0., 0., 0., 0., 0., 1.51630627e+03, 3.80158875e+02,
       8.67092162e-02, 0., 0., 0., 1.53685693e+03, 3.50758240e+02,
       1.20443098e-01, 1.81353003e+03, 6.27454407e+02, 1.31474569e-01,
       0., 0., 0., 1.79295996e+03, 6.68565552e+02, 2.10422844e-01 ]
