%YAML:1.0
---
pose_0: !!opencv-matrix
   rows: 1
   cols: 25
   dt: "3f"
   data: [ 7.62891724e+02, 4.12625916e+02, 8.52290571e-01,
       8.54009583e+02, 3.89051270e+02, 7.88787484e-01, 8.51109192e+02,
       4.59622192e+02, 7.18186080e-01, 9.51080017e+02, 5.03881195e+02,
       8.66264701e-01, 8.42297729e+02, 4.47904358e+02, 7.51408279e-01,
       8.54000977e+02, 3.21381622e+02, 6.82488203e-01, 9.83539246e+02,
       3.12427765e+02, 7.62796521e-01, 8.57059387e+02, 3.50791290e+02,
       7.11418450e-01, 1.11897717e+03, 4.36079224e+02, 6.47526681e-01,
       1.10716211e+03, 4.83070770e+02, 6.34996891e-01, 1.28084229e+03,
       5.06879395e+02, 7.68462479e-01, 1.49863159e+03, 5.44976990e+02,
       5.54912031e-01, 1.13655334e+03, 3.86086334e+02, 5.73793113e-01,
       1.33965625e+03, 3.89095337e+02, 6.89074636e-01, 1.55744226e+03,
       3.94930817e+02, 6.73756480e-01, 7.53929871e+02, 4.27318756e+02,
       7.18586266e-01, 7.48109802e+02, 3.91977966e+02, 7.79241145e-01,
       7.68784912e+02, 4.36002380e+02, 1.18236572e-01, 7.65641174e+02,
       3.65451569e+02, 6.93373263e-01, 1.61636523e+03, 3.80137817e+02,
       5.63252687e-01, 1.61333765e+03, 3.68480225e+02, 6.33867502e-01,
       1.57222607e+03, 4.06677063e+02, 3.81803393e-01, 1.56629700e+03,
       5.09736725e+02, 3.22873175e-01, 1.55456909e+03, 5.30304138e+02,
       2.48892888e-01, 1.52803625e+03, 5.45019531e+02, 2.85445333e-01 ]
