%YAML:1.0
---
pose_0: !!opencv-matrix
   rows: 1
   cols: 25
   dt: "3f"
   data: [ 7.39144348e+02, 5.68562012e+02, 8.70050430e-01,
       8.42339783e+02, 5.77370178e+02, 7.05402017e-01, 8.51052063e+02,
       6.48114990e+02, 6.19156241e-01, 9.83580750e+02, 7.03906921e+02,
       7.36310601e-01, 1.09554260e+03, 7.59813660e+02, 8.44318867e-01,
       8.45193726e+02, 5.06676758e+02, 6.21830702e-01, 9.95307739e+02,
       4.77309296e+02, 3.47109824e-01, 1.11897510e+03, 4.56670349e+02,
       6.78201765e-02, 1.11012427e+03, 5.71475891e+02, 5.86737275e-01,
       1.11012256e+03, 6.18489990e+02, 5.79459965e-01, 1.32794861e+03,
       6.27409058e+02, 7.47676551e-01, 1.54870520e+03, 6.71461792e+02,
       6.29626989e-01, 1.10714795e+03, 5.18518921e+02, 5.60646057e-01,
       1.35440649e+03, 4.80320068e+02, 7.83119559e-01, 1.56332849e+03,
       4.65554901e+02, 6.05240881e-01, 7.18655151e+02, 5.77429077e+02,
       8.73703003e-01, 7.27485046e+02, 5.47892578e+02, 8.38685393e-01,
       7.39120300e+02, 6.00916504e+02, 6.01121962e-01, 7.53958191e+02,
       5.24305603e+02, 6.49880707e-01, 1.65452161e+03, 4.39110352e+02,
       3.60510021e-01, 1.64576929e+03, 4.38990845e+02, 3.96397144e-01,
       1.61046375e+03, 4.74317383e+02, 2.06175059e-01, 1.62806311e+03,
       6.56890991e+02, 4.68303382e-01, 1.61631653e+03, 6.71548218e+02,
       4.30155635e-01, 1.57225220e+03, 6.68575500e+02, 2.93130338e-01 ]
