%YAML:1.0
---
pose_0: !!opencv-matrix
   rows: 1
   cols: 25
   dt: "3f"
   data: [ 7.42196899e+02, 5.74456665e+02, 8.85622263e-01,
       8.45257629e+02, 5.77333618e+02, 7.29508519e-01, 8.45242615e+02,
       6.39157166e+02, 5.42027414e-01, 9.68799438e+02, 6.89154846e+02,
       4.09284562e-01, 9.71741638e+02, 6.92164917e+02, 2.37960652e-01,
       8.57033508e+02, 5.06783691e+02, 7.23261118e-01, 9.86461670e+02,
       4.59555298e+02, 8.37010503e-01, 1.06880969e+03, 4.56742737e+02,
       8.52187753e-01, 1.10130591e+03, 5.77426453e+02, 6.34773314e-01,
       1.09834387e+03, 6.21639160e+02, 6.61548078e-01, 1.26608484e+03,
       6.45064026e+02, 3.69920522e-01, 1.49274817e+03, 6.27364197e+02,
       4.08244133e-01, 1.10715344e+03, 5.30278625e+02, 6.38290524e-01,
       1.27496204e+03, 5.56788940e+02, 7.44599462e-01, 1.50745825e+03,
       5.39113770e+02, 3.51180464e-01, 7.30405579e+02, 5.83265564e+02,
       7.70390511e-01, 7.36240967e+02, 5.53823669e+02, 8.39090765e-01,
       7.45122437e+02, 6.03865234e+02, 5.42752922e-01, 7.56902405e+02,
       5.30293457e+02, 6.07642472e-01, 1.58991675e+03, 4.83106659e+02,
       3.17015678e-01, 1.58987305e+03, 4.80294464e+02, 3.51741225e-01,
       1.59573950e+03, 4.89104828e+02, 1.12555549e-01, 1.55456213e+03,
       5.95063416e+02, 1.42822415e-01, 1.53972717e+03, 6.12723572e+02,
       1.15984283e-01, 1.51627600e+03, 6.36231628e+02, 2.53974974e-01 ]
