%YAML:1.0
---
pose_0: !!opencv-matrix
   rows: 1
   cols: 25
   dt: "3f"
   data: [ 6.89117188e+02, 4.80149567e+02, 8.27150702e-01,
       8.09845703e+02, 5.27276611e+02, 6.39611840e-01, 8.12799194e+02,
       6.01038635e+02, 7.15660334e-01, 9.45234192e+02, 6.33331909e+02,
       7.31396914e-01, 1.04543921e+03, 6.80370911e+02, 8.03102195e-01,
       7.92208679e+02, 4.53761688e+02, 4.58373427e-01, 8.80496094e+02,
       4.36162140e+02, 8.34737048e-02, 0., 0., 0., 1.10129980e+03,
       4.89053558e+02, 5.06712914e-01, 1.09837012e+03, 5.44949158e+02,
       5.37468851e-01, 1.29849683e+03, 5.56850281e+02, 2.87096620e-01,
       1.52512134e+03, 5.74360474e+02, 4.34793681e-01, 1.09833704e+03,
       4.33188660e+02, 5.09051263e-01, 1.31613696e+03, 4.56752625e+02,
       4.74234074e-01, 1.62514050e+03, 4.77275543e+02, 5.27542710e-01,
       6.68471130e+02, 4.91979858e+02, 7.84726560e-01, 6.74608093e+02,
       4.56723602e+02, 8.19363832e-01, 6.74503235e+02, 5.27372375e+02,
       4.93180752e-01, 7.12705322e+02, 4.39070557e+02, 4.68335509e-01,
       1.70474353e+03, 4.50791107e+02, 4.02830303e-01, 1.70172705e+03,
       4.47839386e+02, 4.15557057e-01, 1.63987512e+03, 4.89084381e+02,
       2.09914520e-01, 1.58996594e+03, 5.74469055e+02, 8.53179842e-02,
       0., 0., 0., 1.57216968e+03, 5.56778870e+02, 2.69799113e-01 ]
