%YAML:1.0
---
pose_0: !!opencv-matrix
   rows: 1
   cols: 25
   dt: "3f"
   data: [ 7.39347473e+02, 5.27195068e+02, 6.26778722e-01,
       8.01056030e+02, 4.56594330e+02, 4.97347295e-01, 7.89374634e+02,
       4.47859009e+02, 3.44161630e-01, 8.83525879e+02, 5.27250977e+02,
       5.35544530e-02, 8.39364563e+02, 5.42050415e+02, 8.86865109e-02,
       8.09895203e+02, 4.59690216e+02, 7.63119400e-01, 9.39397827e+02,
       5.24418823e+02, 8.14256012e-01, 8.15769226e+02, 5.68565063e+02,
       8.05756450e-01, 1.09838525e+03, 4.33174225e+02, 3.71303976e-01,
       1.09241138e+03, 4.33167511e+02, 2.40981609e-01, 1.33387524e+03,
       4.80179535e+02, 5.36154211e-01, 1.55454688e+03, 3.92048157e+02,
       5.34865260e-01, 1.11303247e+03, 4.33109619e+02, 3.04173797e-01,
       1.34262622e+03, 5.00741150e+02, 6.45936489e-01, 1.63698572e+03,
       4.15572388e+02, 4.93658543e-01, 0., 0., 0., 7.33413574e+02,
       5.06710083e+02, 6.14664018e-01, 0., 0., 0., 7.42308655e+02,
       4.68532623e+02, 6.02912426e-01, 1.68697534e+03, 3.68403900e+02,
       2.69217491e-01, 1.68404236e+03, 3.71346802e+02, 2.61997730e-01,
       1.67521606e+03, 4.15549042e+02, 2.17861548e-01, 0., 0., 0., 0.,
       0., 0., 1.57216455e+03, 3.65416534e+02, 2.43479460e-01 ]
