%YAML:1.0
---
pose_0: !!opencv-matrix
   rows: 1
   cols: 25
   dt: "3f"
   data: [ 6.89153992e+02, 5.50796387e+02, 7.99922287e-01,
       7.65803589e+02, 4.71450287e+02, 4.08752680e-01, 7.65714294e+02,
       4.68445587e+02, 3.08094352e-01, 0., 0., 0., 0., 0., 0.,
       7.65651489e+02, 4.74410828e+02, 7.58534312e-01, 9.30531006e+02,
       5.12694275e+02, 7.99548924e-01, 8.59978821e+02, 6.36195740e+02,
       7.44157553e-01, 1.07480371e+03, 4.39081696e+02, 2.27322489e-01,
       1.07478198e+03, 4.21393066e+02, 1.72748044e-01, 1.35430884e+03,
       5.00822479e+02, 5.47766387e-01, 1.67519751e+03, 4.06713043e+02,
       3.79968315e-01, 1.08950476e+03, 4.56663300e+02, 2.17605412e-01,
       0., 0., 0., 0., 0., 0., 0., 0., 0., 6.71564331e+02,
       5.30282104e+02, 8.26114058e-01, 0., 0., 0., 6.89176575e+02,
       4.83282257e+02, 6.49874032e-01, 0., 0., 0., 0., 0., 0., 0., 0.,
       0., 1.72522168e+03, 3.47815399e+02, 3.61072868e-01,
       1.72230664e+03, 3.62478790e+02, 3.08797896e-01, 1.72227124e+03,
       4.12566925e+02, 1.22397088e-01 ]
