%YAML:1.0
---
pose_0: !!opencv-matrix
   rows: 2
   cols: 25
   dt: "3f"
   data: [ 0., 0., 0., 7.39243225e+02, 5.77438904e+02, 3.27305913e-01,
       0., 0., 0., 0., 0., 0., 0., 0., 0., 7.24513855e+02,
       6.24505127e+02, 3.79298657e-01, 8.89328186e+02, 6.95199280e+02,
       2.58781731e-01, 0., 0., 0., 1.09247729e+03, 5.47929016e+02,
       4.67645347e-01, 1.09246277e+03, 5.89114990e+02, 3.81078511e-01,
       1.33081055e+03, 5.74448547e+02, 7.48956561e-01, 1.63700464e+03,
       6.59754211e+02, 5.99167466e-01, 1.09539587e+03, 5.03714813e+02,
       4.52563345e-01, 1.31030505e+03, 4.91980957e+02, 5.91276765e-01,
       1.54286292e+03, 5.53792358e+02, 6.19790316e-01, 0., 0., 0., 0.,
       0., 0., 0., 0., 0., 6.42076355e+02, 6.00905823e+02,
       2.35406905e-01, 1.63403113e+03, 4.80260254e+02, 5.20202816e-01,
       1.62814758e+03, 4.80266205e+02, 4.96590912e-01, 1.56631934e+03,
       5.77433594e+02, 5.20113468e-01, 1.74584290e+03, 6.42174194e+02,
       5.07845402e-01, 1.73413232e+03, 6.53872559e+02, 4.39977676e-01,
       1.65462561e+03, 6.77436890e+02, 3.67647439e-01, 0., 0., 0., 0.,
       0., 0., 7.36339722e+02, 6.27376770e+02, 3.76488984e-01,
       8.89407532e+02, 6.92271423e+02, 5.78981817e-01, 1.08654480e+03,
       7.18556396e+02, 6.60881937e-01, 0., 0., 0., 0., 0., 0., 0., 0.,
       0., 0., 0., 0., 0., 0., 0., 0., 0., 0., 0., 0., 0., 0., 0., 0.,
       0., 0., 0., 0., 0., 0., 0., 0., 0., 0., 0., 0., 6.89198425e+02,
       5.45013611e+02, 1.78338632e-01, 0., 0., 0., 0., 0., 0., 0., 0.,
       0., 0., 0., 0., 0., 0., 0., 0., 0., 0., 0., 0., 0. ]
