%YAML:1.0
---
pose_0: !!opencv-matrix
   rows: 1
   cols: 25
   dt: "3f"
   data: [ 7.92205811e+02, 4.24278992e+02, 8.42976749e-01,
       9.15896851e+02, 4.56631897e+02, 6.89880788e-01, 9.24705627e+02,
       5.36192322e+02, 6.50360823e-01, 1.04232861e+03, 6.06783325e+02,
       8.06582391e-01, 1.09243933e+03, 5.18528809e+02, 8.20536315e-01,
       9.04111755e+02, 3.85998169e+02, 6.44570112e-01, 1.04833838e+03,
       3.00740265e+02, 7.80913591e-01, 1.16617847e+03, 2.24187378e+02,
       8.52824807e-01, 1.18077905e+03, 3.97823425e+02, 5.27395010e-01,
       1.18371143e+03, 4.47881470e+02, 5.93234599e-01, 1.36327930e+03,
       4.86160400e+02, 7.12923348e-01, 1.54571460e+03, 5.62715515e+02,
       4.90398079e-01, 1.17195447e+03, 3.42023651e+02, 5.82700908e-01,
       1.35730627e+03, 3.21261017e+02, 6.90269232e-01, 1.56926794e+03,
       3.00680725e+02, 5.76752007e-01, 7.83297791e+02, 4.35991272e+02,
       8.32991004e-01, 7.86407471e+02, 4.06626709e+02, 8.98166180e-01,
       7.92218445e+02, 4.59554260e+02, 6.06136262e-01, 8.09895386e+02,
       3.85950653e+02, 6.58289552e-01, 1.64575049e+03, 2.86013153e+02,
       4.29294258e-01, 1.63987695e+03, 2.74310028e+02, 4.72701371e-01,
       1.59575537e+03, 2.97757385e+02, 2.71212488e-01, 1.61040662e+03,
       6.00977539e+02, 3.62811595e-01, 1.60163049e+03, 6.03921387e+02,
       3.25503796e-01, 1.58399805e+03, 5.59749207e+02, 4.09282058e-01 ]
