%YAML:1.0
---
pose_0: !!opencv-matrix
   rows: 1
   cols: 25
   dt: "3f"
   data: [ 7.42144165e+02, 5.15520386e+02, 8.76351416e-01,
       8.56971619e+02, 5.53818542e+02, 7.90131211e-01, 8.36487854e+02,
       6.09796204e+02, 7.48656631e-01, 9.30544006e+02, 6.42190430e+02,
       8.35695148e-01, 1.02475647e+03, 6.92176697e+02, 8.46762717e-01,
       8.71657043e+02, 5.03712708e+02, 6.72225475e-01, 9.33488525e+02,
       4.83240356e+02, 1.02613866e-01, 9.33468872e+02, 4.83107666e+02,
       5.22973165e-02, 1.11894153e+03, 5.06770020e+02, 5.56796312e-01,
       1.11894897e+03, 5.53863708e+02, 5.75970888e-01, 1.33086316e+03,
       5.98075134e+02, 7.98712611e-01, 1.56627783e+03, 6.53914795e+02,
       6.19242013e-01, 1.11889526e+03, 4.56646942e+02, 5.58442950e-01,
       1.33078577e+03, 4.33248322e+02, 7.07169652e-01, 1.56628711e+03,
       4.30168823e+02, 6.50256753e-01, 7.21640747e+02, 5.30161926e+02,
       8.75004232e-01, 7.39237793e+02, 4.97914948e+02, 9.00295496e-01,
       7.39202454e+02, 5.59776184e+02, 7.20286787e-01, 7.68643860e+02,
       4.80308472e+02, 6.84152782e-01, 1.63407373e+03, 4.36065491e+02,
       3.88475776e-01, 1.63390344e+03, 4.24316284e+02, 4.18287933e-01,
       1.57515930e+03, 4.15587646e+02, 2.85191953e-01, 1.63387402e+03,
       6.89180054e+02, 4.50866163e-01, 1.62518433e+03, 6.89226440e+02,
       4.64531541e-01, 1.59278662e+03, 6.45052124e+02, 3.81883293e-01 ]
