%YAML:1.0
---
pose_0: !!opencv-matrix
   rows: 1
   cols: 25
   dt: "3f"
   data: [ 4.83230896e+02, 5.33238037e+02, 7.60170877e-01,
       6.03835327e+02, 5.36168518e+02, 5.82134306e-01, 5.98000732e+02,
       6.00988342e+02, 4.16344553e-01, 7.98171814e+02, 7.48082275e+02,
       6.87169313e-01, 6.00987366e+02, 6.68662964e+02, 8.02205324e-01,
       6.06791565e+02, 4.77332886e+02, 4.49627370e-01, 8.12796997e+02,
       4.33187134e+02, 7.89158463e-01, 6.18629211e+02, 5.03731659e+02,
       6.89608991e-01, 1.03064954e+03, 5.45037659e+02, 4.50462252e-01,
       1.01880994e+03, 6.03933777e+02, 4.63847250e-01, 1.06884290e+03,
       6.77496765e+02, 2.85414815e-01, 1.70463171e+03, 5.98084045e+02,
       1.46814346e-01, 1.03359094e+03, 4.77351471e+02, 3.90558690e-01,
       1.27196680e+03, 4.50828003e+02, 9.79666114e-02, 1.54276086e+03,
       4.27277802e+02, 1.18984848e-01, 4.62571594e+02, 5.50788086e+02,
       7.22622693e-01, 4.71419525e+02, 5.18456421e+02, 6.87069237e-01,
       4.83165314e+02, 5.77268188e+02, 3.96109968e-01, 5.03791840e+02,
       4.83201019e+02, 4.63906646e-01, 0., 0., 0., 0., 0., 0., 0., 0.,
       0., 1.79879724e+03, 5.94992920e+02, 5.46569414e-02, 0., 0., 0.,
       1.70759229e+03, 6.03901794e+02, 1.28723428e-01 ]
