%YAML:1.0
---
pose_0: !!opencv-matrix
   rows: 1
   cols: 25
   dt: "3f"
   data: [ 7.98080994e+02, 5.06854279e+02, 8.17100525e-01,
       8.98187988e+02, 5.27326355e+02, 7.56863594e-01, 8.95260193e+02,
       5.98051453e+02, 6.08106434e-01, 8.54038696e+02, 7.15673523e+02,
       8.37516189e-01, 8.15759827e+02, 6.42118530e+02, 3.82328212e-01,
       9.04134155e+02, 4.50815338e+02, 6.54365063e-01, 9.30468628e+02,
       3.21355743e+02, 8.00325692e-01, 9.06893066e+02, 1.83032623e+02,
       7.90303290e-01, 1.14837817e+03, 5.27302795e+02, 5.73597968e-01,
       1.14839844e+03, 5.74431702e+02, 5.81306159e-01, 1.34259473e+03,
       6.27485352e+02, 6.97924793e-01, 1.52805603e+03, 6.45169983e+02,
       6.79960847e-01, 1.14838135e+03, 4.77267059e+02, 5.62862873e-01,
       1.35438733e+03, 4.62658173e+02, 7.14710951e-01, 1.55745349e+03,
       4.33183380e+02, 7.07622945e-01, 7.83410950e+02, 5.27224792e+02,
       8.31081152e-01, 7.86399597e+02, 4.89098663e+02, 7.93518245e-01,
       7.98150330e+02, 5.50799011e+02, 4.11538869e-01, 8.09886780e+02,
       4.68491486e+02, 5.15771031e-01, 1.61929187e+03, 4.33168427e+02,
       5.01002133e-01, 1.61347668e+03, 4.24337830e+02, 5.53206861e-01,
       1.57809717e+03, 4.18418854e+02, 2.53864408e-01, 1.56922302e+03,
       7.15604187e+02, 5.74326754e-01, 1.56633911e+03, 7.06908752e+02,
       4.83980924e-01, 1.56038184e+03, 6.24507263e+02, 5.02354980e-01 ]
