%YAML:1.0
---
pose_0: !!opencv-matrix
   rows: 1
   cols: 25
   dt: "3f"
   data: [ 0., 0., 0., 9.30546692e+02, 5.33210144e+02, 1.38488919e-01,
       9.15868103e+02, 5.56812988e+02, 7.58299902e-02, 0., 0., 0., 0.,
       0., 0., 9.24653198e+02, 5.03776489e+02, 1.12928592e-01, 0., 0.,
       0., 0., 0., 0., 1.14540222e+03, 5.06740601e+02, 3.75923753e-01,
       1.16604810e+03, 4.65593414e+02, 2.77306646e-01, 1.35735657e+03,
       4.80165314e+02, 6.54444337e-01, 1.56038904e+03, 4.36083405e+02,
       6.38510346e-01, 1.13948499e+03, 5.50860779e+02, 3.15443158e-01,
       1.35152258e+03, 6.45044006e+02, 6.25192463e-01, 1.53972583e+03,
       6.45092041e+02, 7.02421367e-01, 0., 0., 0., 0., 0., 0., 0., 0.,
       0., 0., 0., 0., 1.56924768e+03, 7.15686157e+02, 4.85125661e-01,
       1.58695300e+03, 6.92197021e+02, 5.18769622e-01, 1.56039514e+03,
       6.24436890e+02, 5.08164763e-01, 1.63385547e+03, 4.47885986e+02,
       2.47993454e-01, 1.62811914e+03, 4.53752594e+02, 3.08245242e-01,
       1.58694470e+03, 4.15518799e+02, 4.14343566e-01 ]
