%YAML:1.0
---
pose_0: !!opencv-matrix
   rows: 1
   cols: 25
   dt: "3f"
   data: [ 7.62678589e+02, 4.83072662e+02, 8.70232999e-01,
       8.83568054e+02, 4.62665497e+02, 7.32555747e-01, 8.95251038e+02,
       5.47948303e+02, 5.85814238e-01, 1.02173621e+03, 6.15662354e+02,
       7.94939399e-01, 9.09939209e+02, 5.74298523e+02, 7.66004622e-01,
       8.77627380e+02, 3.88986603e+02, 7.10523129e-01, 9.57065674e+02,
       3.39056091e+02, 7.65102506e-01, 1.02764185e+03, 3.38839264e+02,
       7.95863450e-01, 1.16311060e+03, 5.06730743e+02, 5.80931962e-01,
       1.15716516e+03, 5.53886047e+02, 5.60056269e-01, 1.23661133e+03,
       5.95045227e+02, 1.34125024e-01, 0., 0., 0., 1.17188672e+03,
       4.53676575e+02, 5.14105797e-01, 1.37497290e+03, 4.97886597e+02,
       5.59687734e-01, 1.56040479e+03, 4.62561249e+02, 3.80234748e-01,
       7.42320557e+02, 5.00798767e+02, 8.10479641e-01, 7.45166199e+02,
       4.59542725e+02, 8.34868491e-01, 7.65787598e+02, 5.09807770e+02,
       1.33451119e-01, 7.68646057e+02, 4.30146362e+02, 6.13356829e-01,
       1.63406238e+03, 4.15475647e+02, 2.43179679e-01, 1.63396289e+03,
       4.15494598e+02, 2.46549085e-01, 1.61046448e+03, 4.59659821e+02,
       1.69214591e-01, 0., 0., 0., 0., 0., 0., 0., 0., 0. ]
