%YAML:1.0
---
pose_0: !!opencv-matrix
   rows: 1
   cols: 25
   dt: "3f"
   data: [ 6.42025269e+02, 5.27392151e+02, 8.81384134e-01,
       7.71626465e+02, 5.59760071e+02, 6.58304274e-01, 7.65672546e+02,
       6.42159119e+02, 7.74690032e-01, 9.27615295e+02, 6.56812256e+02,
       6.01072669e-01, 1.09547375e+03, 6.24371094e+02, 8.26238453e-01,
       7.80476074e+02, 4.92001770e+02, 4.15155202e-01, 8.89335327e+02,
       4.74380737e+02, 2.36912698e-01, 8.80544495e+02, 4.86132538e+02,
       1.16076134e-01, 1.08942908e+03, 5.71451721e+02, 5.07410407e-01,
       1.07478516e+03, 6.24415466e+02, 5.09123683e-01, 1.35438953e+03,
       6.30385803e+02, 6.82778835e-01, 1.61631152e+03, 6.89247009e+02,
       5.85810661e-01, 1.09833826e+03, 5.06856659e+02, 5.06238997e-01,
       1.34258997e+03, 4.68430481e+02, 5.36829233e-01, 1.65162207e+03,
       4.36171906e+02, 4.25377727e-01, 6.24403320e+02, 5.50945007e+02,
       8.13973188e-01, 6.24584106e+02, 5.18471863e+02, 8.11730683e-01,
       6.45168518e+02, 5.89162354e+02, 6.56842470e-01, 6.56833130e+02,
       5.03686401e+02, 3.49194020e-01, 1.73408337e+03, 3.86113953e+02,
       2.71741450e-01, 1.73118542e+03, 3.86081085e+02, 2.41349861e-01,
       1.68110217e+03, 4.44929016e+02, 1.51968241e-01, 1.71054993e+03,
       6.27434937e+02, 5.68100333e-01, 1.70761841e+03, 6.42119873e+02,
       4.57020640e-01, 1.63690222e+03, 7.03950500e+02, 3.31817091e-01 ]
