%YAML:1.0
---
pose_0: !!opencv-matrix
   rows: 2
   cols: 25
   dt: "3f"
   data: [ 7.36292358e+02, 4.86198334e+02, 4.25305307e-01,
       7.86366028e+02, 5.56841980e+02, 5.49885094e-01, 8.03972778e+02,
       5.59780029e+02, 6.69541419e-01, 9.06972290e+02, 5.18528625e+02,
       7.28064358e-01, 8.03937195e+02, 4.21438507e+02, 7.78815269e-01,
       6.86313293e+02, 5.74484009e+02, 2.13935316e-01, 7.68640381e+02,
       5.09758850e+02, 5.61716892e-02, 0., 0., 0., 1.11590344e+03,
       5.56754944e+02, 4.92797077e-01, 1.09540735e+03, 5.92051331e+02,
       4.35870320e-01, 1.35141406e+03, 5.30422180e+02, 7.48052239e-01,
       1.61038489e+03, 7.03939697e+02, 4.91758585e-01, 1.12188855e+03,
       5.27266785e+02, 3.95925909e-01, 1.38972522e+03, 5.27352783e+02,
       4.91897523e-01, 1.56345508e+03, 5.74526489e+02, 6.70987248e-01,
       7.24550598e+02, 4.97863892e+02, 3.13370466e-01, 7.30358276e+02,
       4.83267944e+02, 7.85264149e-02, 7.36337708e+02, 5.27264648e+02,
       3.08075428e-01, 0., 0., 0., 1.60746191e+03, 4.83174347e+02,
       4.99002635e-01, 1.59870691e+03, 4.86164032e+02, 4.25559282e-01,
       1.58398083e+03, 5.98067749e+02, 4.81141269e-01, 1.66056909e+03,
       7.18705322e+02, 3.59912664e-01, 1.64286597e+03, 7.36234436e+02,
       3.82485658e-01, 1.62226770e+03, 7.21621094e+02, 3.10301811e-01,
       0., 0., 0., 0., 0., 0., 0., 0., 0., 0., 0., 0., 0., 0., 0.,
       8.89358582e+02, 5.03713348e+02, 8.58468264e-02, 9.57090942e+02,
       4.56678467e+02, 4.60262775e-01, 8.74615967e+02, 4.12592072e+02,
       7.45224655e-01, 0., 0., 0., 0., 0., 0., 0., 0., 0., 0., 0., 0.,
       0., 0., 0., 0., 0., 0., 0., 0., 0., 0., 0., 0., 0., 0., 0., 0.,
       0., 0., 0., 0., 0., 0., 0., 0., 0., 0., 0., 0., 0., 0., 0., 0.,
       0., 0., 0., 0., 0., 0., 0. ]
