%YAML:1.0
---
pose_0: !!opencv-matrix
   rows: 1
   cols: 25
   dt: "3f"
   data: [ 6.98041260e+02, 4.59518219e+02, 8.77990365e-01,
       8.24604004e+02, 5.03802155e+02, 7.08642602e-01, 8.10000244e+02,
       5.89182922e+02, 7.42502451e-01, 8.80547241e+02, 6.92172302e+02,
       8.98662567e-01, 9.24596619e+02, 6.68648804e+02, 7.52747655e-01,
       8.36456543e+02, 4.24317261e+02, 5.78822136e-01, 1.00414496e+03,
       4.09619232e+02, 8.33432674e-01, 9.04168701e+02, 4.03709167e+02,
       7.83306241e-01, 1.10420190e+03, 5.09681122e+02, 5.25516152e-01,
       1.10129407e+03, 5.56841309e+02, 5.28112769e-01, 1.33376331e+03,
       5.45003784e+02, 7.26690054e-01, 1.58688147e+03, 5.80389648e+02,
       6.20969653e-01, 1.10720081e+03, 4.56629211e+02, 5.22098780e-01,
       1.35731555e+03, 4.36171387e+02, 6.34586513e-01, 1.56040466e+03,
       4.71448486e+02, 4.89897877e-01, 6.86229492e+02, 4.80217224e+02,
       7.95627117e-01, 6.92092773e+02, 4.39112518e+02, 8.49440277e-01,
       6.95220642e+02, 5.21402344e+02, 6.36120141e-01, 7.18566284e+02,
       4.24364807e+02, 3.81394356e-01, 1.63393494e+03, 4.38999847e+02,
       4.92863476e-01, 1.62811829e+03, 4.36105530e+02, 5.36093473e-01,
       1.60751282e+03, 4.83193298e+02, 2.23793656e-01, 1.68699207e+03,
       5.71482788e+02, 3.60975862e-01, 1.67815540e+03, 5.83252136e+02,
       3.21650237e-01, 1.61051575e+03, 5.77389038e+02, 3.22878301e-01 ]
