%YAML:1.0
---
pose_0: !!opencv-matrix
   rows: 1
   cols: 25
   dt: "3f"
   data: [ 7.86204346e+02, 4.56600708e+02, 7.54322410e-01,
       8.83379211e+02, 4.33239349e+02, 8.07061017e-01, 8.80514038e+02,
       4.80257996e+02, 7.39900112e-01, 8.95216187e+02, 5.47986755e+02,
       7.86765993e-01, 7.65829529e+02, 5.12637573e+02, 8.52115273e-01,
       8.80619324e+02, 3.86087738e+02, 6.61108077e-01, 8.89421387e+02,
       3.50753296e+02, 7.60907829e-01, 7.62809570e+02, 4.18415405e+02,
       6.85239732e-01, 1.12483069e+03, 4.59627289e+02, 6.02349102e-01,
       1.11901233e+03, 5.03894409e+02, 6.28042758e-01, 1.30734680e+03,
       4.97939697e+02, 7.08976448e-01, 1.56039856e+03, 5.09760895e+02,
       5.95243752e-01, 1.13363489e+03, 4.12451385e+02, 6.03899598e-01,
       1.33077625e+03, 4.15522278e+02, 7.10813463e-01, 1.56038232e+03,
       4.18438019e+02, 6.40226781e-01, 7.68671265e+02, 4.59621735e+02,
       7.02277958e-01, 7.71623596e+02, 4.36138641e+02, 7.19489396e-01,
       7.86190918e+02, 4.80349731e+02, 1.20161027e-01, 7.86326538e+02,
       4.15482971e+02, 2.36464947e-01, 1.61339380e+03, 3.94914642e+02,
       4.39200342e-01, 1.61033228e+03, 3.91937866e+02, 5.34888804e-01,
       1.58686157e+03, 4.33062714e+02, 3.79465461e-01, 1.62813025e+03,
       4.97910767e+02, 5.45715809e-01, 1.61630334e+03, 5.09652771e+02,
       5.11489511e-01, 1.59277502e+03, 5.15568115e+02, 2.38649666e-01 ]
