%YAML:1.0
---
pose_0: !!opencv-matrix
   rows: 1
   cols: 25
   dt: "3f"
   data: [ 7.39227661e+02, 4.83118927e+02, 8.46516073e-01,
       8.36485107e+02, 4.89071350e+02, 5.97170174e-01, 8.59893738e+02,
       5.62630493e+02, 4.86173242e-01, 9.98183350e+02, 6.03822815e+02,
       4.07535255e-01, 9.83560913e+02, 5.77315918e+02, 5.53436577e-01,
       8.18708801e+02, 4.39076141e+02, 6.35796249e-01, 8.62943909e+02,
       3.97876740e+02, 6.55754089e-01, 9.54035339e+02, 3.65553650e+02,
       8.63809645e-01, 1.14248230e+03, 5.00890167e+02, 4.21303004e-01,
       1.14834253e+03, 5.50803772e+02, 4.39281374e-01, 1.35136536e+03,
       5.53868958e+02, 4.20150787e-01, 1.50153992e+03, 5.39141602e+02,
       4.81617659e-01, 1.14247449e+03, 4.44889984e+02, 3.50233078e-01,
       1.35141113e+03, 4.59782013e+02, 6.53783023e-01, 1.57511780e+03,
       4.77227783e+02, 6.42901063e-01, 7.21604736e+02, 4.94964203e+02,
       6.58463776e-01, 7.27469910e+02, 4.59760406e+02, 7.53090143e-01,
       7.39231628e+02, 5.09628479e+02, 1.82521567e-01, 7.56853516e+02,
       4.39004364e+02, 5.60830176e-01, 1.63698462e+03, 4.39019775e+02,
       5.18913865e-01, 1.63389893e+03, 4.36165222e+02, 5.52885592e-01,
       1.59574902e+03, 4.86095184e+02, 3.41075867e-01, 1.50744690e+03,
       6.21482788e+02, 1.63176805e-01, 1.49277014e+03, 6.03912537e+02,
       1.90893561e-01, 1.52508582e+03, 5.30423035e+02, 3.47555876e-01 ]
