%YAML:1.0
---
pose_0: !!opencv-matrix
   rows: 1
   cols: 25
   dt: "3f"
   data: [ 6.86236572e+02, 4.44962860e+02, 8.19784760e-01,
       8.09920898e+02, 4.80361633e+02, 7.70776451e-01, 8.09864136e+02,
       5.53944214e+02, 7.31411815e-01, 9.06985352e+02, 5.97999695e+02,
       6.89561069e-01, 9.86538574e+02, 6.24599060e+02, 7.23882139e-01,
       8.12818359e+02, 4.09626526e+02, 6.80476189e-01, 9.71719055e+02,
       3.86064453e+02, 8.54008079e-01, 8.62926941e+02, 3.83114197e+02,
       8.12720299e-01, 1.08947388e+03, 4.80183899e+02, 5.47599792e-01,
       1.08363489e+03, 5.27340454e+02, 6.03073001e-01, 1.28676172e+03,
       5.47942261e+02, 6.61487818e-01, 1.53983154e+03, 5.83327576e+02,
       5.61286926e-01, 1.08659387e+03, 4.27241608e+02, 5.06833732e-01,
       1.31020532e+03, 4.33039551e+02, 7.04061031e-01, 1.54272546e+03,
       4.50823090e+02, 6.65283859e-01, 6.68726501e+02, 4.59798004e+02,
       8.51531982e-01, 6.74462097e+02, 4.30251831e+02, 8.75848770e-01,
       6.92139954e+02, 4.92069794e+02, 6.42015219e-01, 7.06884521e+02,
       4.09679657e+02, 6.76399827e-01, 1.61350366e+03, 4.39056122e+02,
       6.61742687e-01, 1.61054468e+03, 4.33204102e+02, 7.11923003e-01,
       1.55452478e+03, 4.56736053e+02, 3.11729163e-01, 1.61630273e+03,
       5.50943909e+02, 2.97357559e-01, 1.60752087e+03, 5.59718079e+02,
       2.21159130e-01, 1.56631299e+03, 5.80313171e+02, 3.48992527e-01 ]
