%YAML:1.0
---
pose_0: !!opencv-matrix
   rows: 1
   cols: 25
   dt: "3f"
   data: [ 7.62815308e+02, 4.56615021e+02, 8.91354680e-01,
       8.62844666e+02, 4.80135986e+02, 7.36363113e-01, 8.59961182e+02,
       5.33251465e+02, 7.30040014e-01, 9.95212891e+02, 6.00944824e+02,
       8.53741765e-01, 8.95266907e+02, 6.00945496e+02, 8.27546537e-01,
       8.60000366e+02, 4.06710022e+02, 6.78817272e-01, 9.77790344e+02,
       4.09666656e+02, 8.05390656e-01, 8.77518677e+02, 4.97919067e+02,
       7.67113209e-01, 1.11886658e+03, 4.62611511e+02, 6.06965184e-01,
       1.11894202e+03, 5.06866302e+02, 6.35223329e-01, 1.31908301e+03,
       5.03768127e+02, 7.36254930e-01, 1.56041455e+03, 5.06641327e+02,
       6.39003873e-01, 1.11886511e+03, 4.09699188e+02, 6.16458774e-01,
       1.32495715e+03, 3.18509369e+02, 5.50921023e-01, 1.40444800e+03,
       2.94798096e+02, 5.58434948e-02, 7.48054565e+02, 4.62661316e+02,
       8.21281075e-01, 7.53991638e+02, 4.35994781e+02, 8.57118189e-01,
       7.62925598e+02, 4.86156403e+02, 6.84160471e-01, 7.80394348e+02,
       4.15552887e+02, 6.30623460e-01, 1.56334790e+03, 2.03572083e+02,
       1.20742373e-01, 1.56035596e+03, 2.09490616e+02, 1.23965465e-01,
       0., 0., 0., 1.62519067e+03, 5.03756714e+02, 4.48009253e-01,
       1.61644043e+03, 5.09734222e+02, 4.65548992e-01, 1.58686011e+03,
       4.94997833e+02, 2.89054751e-01 ]
