%YAML:1.0
---
pose_0: !!opencv-matrix
   rows: 1
   cols: 25
   dt: "3f"
   data: [ 6.51016724e+02, 5.06645233e+02, 8.65368962e-01,
       7.74596558e+02, 5.33199402e+02, 7.40814507e-01, 7.68748169e+02,
       6.15639526e+02, 6.77829146e-01, 8.83466980e+02, 6.95121216e+02,
       6.59809530e-01, 9.51271179e+02, 6.92072876e+02, 8.50867391e-01,
       7.71614624e+02, 4.59702087e+02, 6.60525978e-01, 9.30588440e+02,
       3.89027802e+02, 8.78668010e-01, 7.98081970e+02, 4.15564575e+02,
       7.67045617e-01, 1.06298022e+03, 5.30379211e+02, 4.90159184e-01,
       1.06593066e+03, 5.80294800e+02, 5.42299151e-01, 1.31022144e+03,
       5.80353943e+02, 6.63418412e-01, 1.58979919e+03, 6.01064575e+02,
       6.31942391e-01, 1.05711206e+03, 4.77273773e+02, 4.94898319e-01,
       1.31905774e+03, 4.50785431e+02, 5.26130974e-01, 1.53097266e+03,
       4.65598999e+02, 5.21120965e-01, 6.39173279e+02, 5.24326355e+02,
       7.81997442e-01, 6.45082825e+02, 4.86096924e+02, 8.43735695e-01,
       6.48135376e+02, 5.50904236e+02, 5.46320081e-01, 6.71586121e+02,
       4.68436676e+02, 5.55181444e-01, 1.61052466e+03, 4.53754639e+02,
       4.14907873e-01, 1.60754077e+03, 4.41970856e+02, 4.38819677e-01,
       1.55451501e+03, 4.80204498e+02, 2.23818436e-01, 1.70758752e+03,
       5.83313904e+02, 2.75533587e-01, 1.70458813e+03, 6.00912598e+02,
       2.61540234e-01, 1.61633911e+03, 5.95067200e+02, 2.59518296e-01 ]
