%YAML:1.0
---
pose_0: !!opencv-matrix
   rows: 1
   cols: 25
   dt: "3f"
   data: [ 6.98094299e+02, 5.33206543e+02, 8.37973714e-01,
       8.30466553e+02, 5.27384399e+02, 6.72423840e-01, 8.45190063e+02,
       6.01058289e+02, 5.83633065e-01, 9.89445984e+02, 6.24355774e+02,
       6.78985417e-01, 1.11609387e+03, 6.68726318e+02, 7.99709201e-01,
       8.30469055e+02, 4.41982666e+02, 6.09652042e-01, 9.80629700e+02,
       4.03696899e+02, 6.87529266e-01, 1.12487000e+03, 3.62591309e+02,
       8.29804063e-01, 1.09830896e+03, 5.36164795e+02, 5.46026051e-01,
       1.09536035e+03, 5.94970764e+02, 5.43780684e-01, 1.21306824e+03,
       6.21455688e+02, 9.96829718e-02, 1.51918225e+03, 5.50878540e+02,
       7.63631389e-02, 1.11009717e+03, 4.83276245e+02, 5.79722762e-01,
       1.25132092e+03, 5.77463013e+02, 7.64862478e-01, 1.53983435e+03,
       5.36240051e+02, 4.17573005e-01, 6.86274353e+02, 5.50984680e+02,
       8.25606167e-01, 6.89210510e+02, 5.15591431e+02, 8.03387702e-01,
       6.95089722e+02, 5.74388489e+02, 2.53614277e-01, 7.12705017e+02,
       4.86140533e+02, 6.12052321e-01, 1.67222229e+03, 5.65612854e+02,
       2.05239683e-01, 1.67806384e+03, 5.50885925e+02, 2.15209723e-01,
       0., 0., 0., 0., 0., 0., 0., 0., 0., 0., 0., 0. ]
