%YAML:1.0
---
pose_0: !!opencv-matrix
   rows: 1
   cols: 25
   dt: "3f"
   data: [ 6.24555359e+02, 4.59544586e+02, 8.97073030e-01,
       7.59871277e+02, 4.92032471e+02, 6.94546998e-01, 7.56874573e+02,
       5.80316895e+02, 6.59540355e-01, 9.01136292e+02, 6.68522156e+02,
       7.95491576e-01, 1.00130707e+03, 6.45125977e+02, 8.46883655e-01,
       7.42148010e+02, 4.09689209e+02, 6.56957328e-01, 9.36422668e+02,
       3.77253937e+02, 8.03107798e-01, 8.01014648e+02, 3.83129120e+02,
       8.16101015e-01, 1.07482080e+03, 4.97927063e+02, 5.03070831e-01,
       1.07184180e+03, 5.50841125e+02, 5.40504456e-01, 1.32493347e+03,
       5.50748413e+02, 6.13610625e-01, 1.60754858e+03, 5.56816833e+02,
       6.28972709e-01, 1.07474902e+03, 4.36108856e+02, 5.00936866e-01,
       1.31613391e+03, 4.15459900e+02, 6.45605505e-01, 1.54572644e+03,
       4.27257446e+02, 4.78805840e-01, 6.15678223e+02, 4.80175079e+02,
       7.93933392e-01, 6.18627014e+02, 4.38986328e+02, 8.35322022e-01,
       6.36202759e+02, 5.06631378e+02, 6.07973993e-01, 6.47953430e+02,
       4.15581421e+02, 5.18898487e-01, 1.62515918e+03, 4.36139893e+02,
       2.50002831e-01, 1.61932910e+03, 4.21437653e+02, 2.88941622e-01,
       1.56335596e+03, 4.12618042e+02, 1.99968234e-01, 1.72517285e+03,
       5.50814819e+02, 5.38546681e-01, 1.71056763e+03, 5.56833496e+02,
       4.42002237e-01, 1.63101965e+03, 5.42059937e+02, 3.20984900e-01 ]
