%YAML:1.0
---
pose_0: !!opencv-matrix
   rows: 1
   cols: 25
   dt: "3f"
   data: [ 6.95171204e+02, 4.89099396e+02, 8.39062214e-01,
       8.18742676e+02, 5.03882965e+02, 7.37642884e-01, 8.18737793e+02,
       5.77325500e+02, 6.99909031e-01, 9.27594116e+02, 6.48027283e+02,
       7.10173845e-01, 9.89459045e+02, 6.65570557e+02, 6.75255775e-01,
       8.21682800e+02, 4.36032257e+02, 6.96952045e-01, 9.77784851e+02,
       4.09579529e+02, 8.53695512e-01, 8.71655273e+02, 4.21341644e+02,
       7.14089036e-01, 1.08947217e+03, 5.06735413e+02, 5.72980165e-01,
       1.08658093e+03, 5.50989014e+02, 5.80165982e-01, 1.30721326e+03,
       5.74337952e+02, 7.38626778e-01, 1.56927258e+03, 6.03945984e+02,
       5.56686580e-01, 1.09242236e+03, 4.56657654e+02, 5.59518695e-01,
       1.33968774e+03, 4.50851807e+02, 4.57087874e-01, 1.55455847e+03,
       4.56688263e+02, 5.78971624e-01, 6.80401794e+02, 5.06751495e+02,
       7.60500252e-01, 6.89221497e+02, 4.74322998e+02, 8.21935415e-01,
       7.01052734e+02, 5.27437256e+02, 3.41036916e-01, 7.15764343e+02,
       4.39090912e+02, 6.53303564e-01, 1.61357056e+03, 4.42012024e+02,
       5.92262864e-01, 1.61055786e+03, 4.36138245e+02, 6.36659741e-01,
       1.58983484e+03, 4.56783966e+02, 2.61886597e-01, 1.63105579e+03,
       5.68480469e+02, 3.76084208e-01, 1.61930017e+03, 5.77280640e+02,
       2.77380943e-01, 1.61341187e+03, 6.00935059e+02, 2.06664070e-01 ]
