%YAML:1.0
---
pose_0: !!opencv-matrix
   rows: 1
   cols: 25
   dt: "3f"
   data: [ 7.42199097e+02, 5.00894318e+02, 8.85754049e-01,
       8.60012939e+02, 5.27208618e+02, 7.94694185e-01, 8.53939880e+02,
       5.95067505e+02, 7.39841878e-01, 9.57075012e+02, 6.45154602e+02,
       8.30438256e-01, 1.06298413e+03, 7.18797974e+02, 8.31051648e-01,
       8.80515564e+02, 4.53724457e+02, 6.82391703e-01, 1.02173413e+03,
       4.33262573e+02, 7.92570114e-01, 1.11603833e+03, 3.83158997e+02,
       8.19301546e-01, 1.12480298e+03, 5.12633667e+02, 5.86070061e-01,
       1.12193176e+03, 5.56873413e+02, 5.85325599e-01, 1.33091638e+03,
       5.59755981e+02, 7.14794517e-01, 1.55161597e+03, 5.59676025e+02,
       6.37053013e-01, 1.12191296e+03, 4.62593719e+02, 5.92198431e-01,
       1.33376208e+03, 4.56619873e+02, 7.21125245e-01, 1.56626440e+03,
       4.41940399e+02, 6.22284234e-01, 7.24576050e+02, 5.09776367e+02,
       8.30327809e-01, 7.39095093e+02, 4.80301910e+02, 9.06908929e-01,
       7.39265564e+02, 5.47845642e+02, 6.97328806e-01, 7.62725159e+02,
       4.59673187e+02, 6.73208475e-01, 1.64583167e+03, 4.36145142e+02,
       3.59531850e-01, 1.63994067e+03, 4.30229889e+02, 3.84983897e-01,
       1.58693542e+03, 4.33145905e+02, 2.54890233e-01, 1.61351965e+03,
       5.97954346e+02, 3.35226208e-01, 1.61340112e+03, 5.95079224e+02,
       3.42146784e-01, 1.58694690e+03, 5.45006226e+02, 4.41422582e-01 ]
