%YAML:1.0
---
pose_0: !!opencv-matrix
   rows: 2
   cols: 25
   dt: "3f"
   data: [ 0., 0., 0., 0., 0., 0., 7.62864258e+02, 7.12752441e+02,
       3.17588031e-01, 9.01130798e+02, 7.62810547e+02, 5.23900509e-01,
       1.07173975e+03, 8.33311707e+02, 8.40715587e-01, 0., 0., 0., 0.,
       0., 0., 0., 0., 0., 0., 0., 0., 0., 0., 0., 0., 0., 0., 0., 0.,
       0., 0., 0., 0., 0., 0., 0., 0., 0., 0., 0., 0., 0., 0., 0., 0.,
       0., 0., 0., 0., 0., 0., 0., 0., 0., 0., 0., 0., 0., 0., 0., 0.,
       0., 0., 0., 0., 0., 0., 0., 0., 6.21479431e+02, 5.06775421e+02,
       5.39597392e-01, 6.74541992e+02, 5.53857544e+02, 3.65314007e-01,
       6.09796082e+02, 5.98043457e+02, 2.06707895e-01, 5.71415100e+02,
       5.74430054e+02, 8.82819742e-02, 0., 0., 0., 7.12739990e+02,
       5.00899780e+02, 4.41129863e-01, 8.83430969e+02, 4.06662750e+02,
       5.42082369e-01, 1.04833167e+03, 2.24276794e+02, 7.83083320e-01,
       1.10131982e+03, 5.30262024e+02, 4.09389824e-01, 1.09539246e+03,
       5.97931396e+02, 4.10217971e-01, 1.36907605e+03, 6.24424072e+02,
       3.55940461e-01, 1.54862927e+03, 6.00881287e+02, 2.54923791e-01,
       1.09542920e+03, 4.65493958e+02, 4.08184111e-01, 1.36026660e+03,
       3.56620728e+02, 1.91510305e-01, 1.39859570e+03, 3.18237518e+02,
       8.89105126e-02, 5.92073059e+02, 5.21401794e+02, 5.07226646e-01,
       6.12650574e+02, 4.92028931e+02, 4.19957399e-01, 5.98021362e+02,
       5.53808655e+02, 1.77265152e-01, 6.30372375e+02, 4.83198059e+02,
       1.32486194e-01, 0., 0., 0., 0., 0., 0., 1.60752539e+03,
       2.21261398e+02, 1.92889661e-01, 1.59279260e+03, 6.24467529e+02,
       5.06363548e-02, 1.59868127e+03, 6.21629150e+02, 5.28200381e-02,
       1.58985779e+03, 5.89174927e+02, 8.53085443e-02 ]
