%YAML:1.0
---
pose_0: !!opencv-matrix
   rows: 1
   cols: 25
   dt: "3f"
   data: [ 7.21689758e+02, 3.85954315e+02, 7.84396470e-01,
       8.30530579e+02, 3.68435577e+02, 5.17585099e-01, 8.24620605e+02,
       4.30191071e+02, 3.54356050e-01, 9.54092468e+02, 5.00829376e+02,
       2.05066264e-01, 9.74752991e+02, 5.00887970e+02, 6.26461506e-02,
       8.48152283e+02, 2.97851196e+02, 4.10769522e-01, 9.95303101e+02,
       2.62467010e+02, 1.99819252e-01, 1.04829272e+03, 2.62410339e+02,
       8.23826417e-02, 1.12485779e+03, 3.65474335e+02, 4.40792829e-01,
       1.12484924e+03, 4.15564972e+02, 4.37730640e-01, 1.34853479e+03,
       4.12517792e+02, 7.66381323e-01, 1.64287524e+03, 4.36009430e+02,
       6.53051853e-01, 1.12777100e+03, 3.09504333e+02, 4.12395716e-01,
       1.37207275e+03, 3.12480072e+02, 6.15954161e-01, 1.56634021e+03,
       2.97873169e+02, 4.64423120e-01, 7.15620911e+02, 4.00774048e+02,
       6.83000207e-01, 7.15591187e+02, 3.65511230e+02, 8.02471697e-01,
       7.24502502e+02, 4.18389221e+02, 2.86434859e-01, 7.27505737e+02,
       3.44814423e+02, 4.91197973e-01, 1.63991565e+03, 2.71351837e+02,
       4.52612638e-01, 1.63408862e+03, 2.71263397e+02, 5.26692629e-01,
       1.62222058e+03, 2.97881989e+02, 1.77603051e-01, 1.77225891e+03,
       4.21416016e+02, 3.55777085e-01, 1.75474792e+03, 4.36138489e+02,
       2.99339950e-01, 1.66044458e+03, 4.30159698e+02, 3.33028913e-01 ]
