%YAML:1.0
---
pose_0: !!opencv-matrix
   rows: 1
   cols: 25
   dt: "3f"
   data: [ 6.83345215e+02, 4.47927368e+02, 7.06120968e-01,
       8.27512939e+02, 4.56583954e+02, 6.83628798e-01, 8.12865662e+02,
       5.50768921e+02, 7.29605377e-01, 9.07056580e+02, 6.39146179e+02,
       7.40849078e-01, 9.54098938e+02, 6.24494812e+02, 6.87205017e-01,
       8.45236694e+02, 3.62564240e+02, 6.42826676e-01, 1.00415002e+03,
       3.59479462e+02, 7.48023093e-01, 9.33592102e+02, 3.65610077e+02,
       6.76060200e-01, 1.11301318e+03, 4.74323395e+02, 4.72440690e-01,
       1.10129089e+03, 5.27226807e+02, 5.01507998e-01, 1.31903137e+03,
       5.30445068e+02, 6.82679355e-01, 1.57511096e+03, 5.68498840e+02,
       5.64116716e-01, 1.11594507e+03, 4.12517792e+02, 4.73436594e-01,
       1.35147681e+03, 4.24300873e+02, 4.57631737e-01, 1.57809534e+03,
       4.36238373e+02, 5.37338555e-01, 6.65707886e+02, 4.62606354e+02,
       6.98458374e-01, 6.68571533e+02, 4.30223358e+02, 8.27996433e-01,
       6.89245361e+02, 4.83147980e+02, 3.76551628e-01, 6.92190186e+02,
       4.06708862e+02, 4.63234752e-01, 1.64285754e+03, 4.09642456e+02,
       4.01276559e-01, 1.63704590e+03, 4.09518158e+02, 4.65590835e-01,
       1.61044043e+03, 4.56640381e+02, 2.46492893e-01, 1.68405383e+03,
       5.36128418e+02, 2.89734572e-01, 1.67226489e+03, 5.53823181e+02,
       2.49350518e-01, 1.59285120e+03, 5.62639099e+02, 3.61726701e-01 ]
