%YAML:1.0
---
pose_0: !!opencv-matrix
   rows: 1
   cols: 25
   dt: "3f"
   data: [ 7.56910767e+02, 5.24442993e+02, 6.95199728e-01,
       8.18712219e+02, 4.39025482e+02, 5.31710804e-01, 8.21666321e+02,
       4.21401215e+02, 3.97685230e-01, 9.95356445e+02, 3.42023712e+02,
       1.18325859e-01, 0., 0., 0., 8.12810181e+02, 4.59759460e+02,
       7.62941182e-01, 9.68870056e+02, 5.06867310e+02, 7.97967613e-01,
       9.98265381e+02, 6.01012634e+02, 6.70686007e-01, 1.13656824e+03,
       4.12578308e+02, 3.81426096e-01, 1.13365979e+03, 3.91970154e+02,
       2.06784695e-01, 1.34257043e+03, 4.56601013e+02, 7.20533133e-01,
       1.56046375e+03, 3.86078400e+02, 7.98146009e-01, 1.14244324e+03,
       4.27218201e+02, 3.56385678e-01, 1.35151941e+03, 5.06814819e+02,
       7.58901119e-01, 1.63705798e+03, 4.24351257e+02, 6.46394730e-01,
       0., 0., 0., 7.42098572e+02, 5.06610962e+02, 7.86117017e-01, 0.,
       0., 0., 7.48101013e+02, 4.59652496e+02, 6.89311445e-01,
       1.68410400e+03, 3.68409088e+02, 4.39422458e-01, 1.68117566e+03,
       3.71370941e+02, 4.08905417e-01, 1.66633630e+03, 4.27242950e+02,
       2.98476458e-01, 1.64873633e+03, 3.80115234e+02, 1.92616165e-01,
       0., 0., 0., 1.57806677e+03, 3.71337982e+02, 4.74018544e-01 ]
