%YAML:1.0
---
pose_0: !!opencv-matrix
   rows: 1
   cols: 25
   dt: "3f"
   data: [ 7.68647400e+02, 4.83200653e+02, 8.33048224e-01,
       8.83513794e+02, 4.86124634e+02, 7.22570598e-01, 9.04100525e+02,
       5.68482300e+02, 6.28889561e-01, 1.02185938e+03, 6.15669678e+02,
       8.28838885e-01, 9.27570129e+02, 5.80338989e+02, 6.98726118e-01,
       8.68791260e+02, 4.06690796e+02, 6.46661401e-01, 9.59963440e+02,
       3.65623138e+02, 8.14197838e-01, 1.03648828e+03, 3.59514404e+02,
       8.18808019e-01, 1.18071753e+03, 5.15597107e+02, 5.00441015e-01,
       1.17489063e+03, 5.71420776e+02, 5.11630714e-01, 1.35146753e+03,
       5.77435120e+02, 2.05893755e-01, 1.50451294e+03, 5.95015137e+02,
       3.48218381e-01, 1.18075342e+03, 4.59712952e+02, 5.46811342e-01,
       1.36325281e+03, 4.92008087e+02, 5.71753502e-01, 1.56631909e+03,
       4.80243134e+02, 5.89860201e-01, 7.53947266e+02, 4.97917694e+02,
       5.97679257e-01, 7.62667175e+02, 4.62612000e+02, 7.22575009e-01,
       7.71614807e+02, 5.18492920e+02, 2.27304250e-01, 7.92236511e+02,
       4.36152344e+02, 4.32023495e-01, 1.63102722e+03, 4.36083771e+02,
       4.35624629e-01, 1.61930518e+03, 4.36107544e+02, 4.57459390e-01,
       1.60458252e+03, 4.83204315e+02, 2.89957374e-01, 1.55158972e+03,
       5.77458435e+02, 2.03378975e-01, 1.53980237e+03, 5.86209961e+02,
       1.69656217e-01, 1.53981873e+03, 5.83266052e+02, 2.09412992e-01 ]
