%YAML:1.0
---
pose_0: !!opencv-matrix
   rows: 1
   cols: 25
   dt: "3f"
   data: [ 7.56846191e+02, 4.36029968e+02, 8.58693480e-01,
       8.59960022e+02, 4.30229980e+02, 7.15304613e-01, 8.45228333e+02,
       5.03798981e+02, 5.14900923e-01, 1.01296136e+03, 5.00899963e+02,
       6.39407992e-01, 1.09236011e+03, 5.71418152e+02, 8.60122025e-01,
       8.65879517e+02, 3.47771912e+02, 6.58309460e-01, 9.74599487e+02,
       2.47734848e+02, 8.69831502e-01, 9.54042786e+02, 3.68440308e+02,
       8.91978562e-01, 1.14250427e+03, 4.33191895e+02, 6.05256498e-01,
       1.13955481e+03, 4.80176300e+02, 6.54162407e-01, 1.32493713e+03,
       5.74519653e+02, 8.34501624e-01, 1.56331763e+03, 5.68591003e+02,
       6.39890194e-01, 1.14254565e+03, 3.86064148e+02, 5.35349011e-01,
       1.37493115e+03, 3.42025940e+02, 8.04558396e-01, 1.52507678e+03,
       1.94685089e+02, 6.54413402e-01, 7.39170044e+02, 4.50834625e+02,
       8.08619559e-01, 7.42133850e+02, 4.12552704e+02, 8.66637290e-01,
       7.59807922e+02, 4.65609100e+02, 2.63200432e-01, 7.62802734e+02,
       3.86074890e+02, 6.05576515e-01, 1.61929260e+03, 1.41784592e+02,
       2.16065004e-01, 1.61345593e+03, 1.38875351e+02, 1.97350740e-01,
       1.52805457e+03, 1.74086060e+02, 2.77980089e-01, 1.61336108e+03,
       6.45031433e+02, 5.22561491e-01, 1.61048352e+03, 6.39219116e+02,
       4.35554385e-01, 1.58983655e+03, 5.50848083e+02, 5.05950391e-01 ]
