%YAML:1.0
---
pose_0: !!opencv-matrix
   rows: 1
   cols: 25
   dt: "3f"
   data: [ 0., 0., 0., 7.62852112e+02, 5.44963745e+02, 2.09006459e-01,
       7.86348206e+02, 5.39114868e+02, 2.13434428e-01, 9.27617310e+02,
       5.53775452e+02, 4.14639205e-01, 1.08062610e+03, 4.86091675e+02,
       6.51851654e-01, 7.62810181e+02, 5.50851318e+02, 1.77569106e-01,
       9.04104492e+02, 5.53761658e+02, 1.48218542e-01, 0., 0., 0.,
       1.09541040e+03, 5.86224304e+02, 3.68186593e-01, 1.09244812e+03,
       6.00897888e+02, 3.90615702e-01, 1.37500793e+03, 5.30203918e+02,
       7.23143995e-01, 1.58694885e+03, 601., 4.00783479e-01,
       1.11012561e+03, 5.59750305e+02, 2.48491809e-01, 1.37791785e+03,
       5.24389343e+02, 2.58228779e-01, 1.54278296e+03, 6.65657043e+02,
       1.73176914e-01, 0., 0., 0., 0., 0., 0., 7.39267700e+02,
       5.09661224e+02, 8.13281387e-02, 0., 0., 0., 0., 0., 0., 0., 0.,
       0., 1.54572791e+03, 6.80392822e+02, 9.78907347e-02,
       1.61632886e+03, 5.21437805e+02, 2.35860959e-01, 1.61343958e+03,
       5.30260864e+02, 1.83505461e-01, 1.63401208e+03, 6.27376709e+02,
       2.74225712e-01 ]
