%YAML:1.0
---
pose_0: !!opencv-matrix
   rows: 1
   cols: 25
   dt: "3f"
   data: [ 7.45158875e+02, 5.21438538e+02, 6.97452247e-01,
       8.30522217e+02, 4.94998810e+02, 6.76763356e-01, 8.48168823e+02,
       5.62617004e+02, 4.98301893e-01, 9.98308777e+02, 5.97947021e+02,
       6.40276432e-01, 1.06881348e+03, 6.51054688e+02, 7.78301358e-01,
       8.12927307e+02, 4.27222748e+02, 5.88428974e-01, 7.51012146e+02,
       3.38999023e+02, 7.32645333e-01, 6.50928101e+02, 3.33096710e+02,
       6.96889758e-01, 1.10130103e+03, 5.15548828e+02, 5.93232572e-01,
       1.10712585e+03, 5.53936218e+02, 5.71222901e-01, 1.31025586e+03,
       6.01065125e+02, 7.77611256e-01, 1.51918542e+03, 5.95032166e+02,
       6.42078459e-01, 1.10129626e+03, 4.65580597e+02, 5.40181458e-01,
       1.14549878e+03, 4.30217072e+02, 3.37347686e-01, 1.43387415e+03,
       3.12423004e+02, 1.73860103e-01, 7.36332764e+02, 5.27441589e+02,
       5.94676971e-01, 7.39181213e+02, 5.03882019e+02, 7.19598651e-01,
       7.56857849e+02, 5.36208313e+02, 1.58282757e-01, 7.48057739e+02,
       4.80104858e+02, 5.47427535e-01, 0., 0., 0., 0., 0., 0.,
       1.51335962e+03, 2.68298309e+02, 2.76549816e-01, 1.57810474e+03,
       6.47958862e+02, 4.87139761e-01, 1.57812537e+03, 6.45010193e+02,
       4.76151496e-01, 1.54569592e+03, 5.68531555e+02, 4.68820661e-01 ]
