%YAML:1.0
---
pose_0: !!opencv-matrix
   rows: 1
   cols: 25
   dt: "3f"
   data: [ 7.51007385e+02, 5.27467529e+02, 8.73796403e-01,
       8.12956421e+02, 4.86101746e+02, 6.37232363e-01, 8.12783936e+02,
       5.33272156e+02, 3.54369521e-01, 0., 0., 0., 0., 0., 0.,
       8.33455933e+02, 4.30179413e+02, 6.23380542e-01, 9.71817322e+02,
       4.30100525e+02, 7.46586204e-01, 1.06880237e+03, 4.47906738e+02,
       8.16177964e-01, 1.10714758e+03, 5.44984375e+02, 5.41548729e-01,
       1.10718091e+03, 5.86246521e+02, 5.44376135e-01, 1.32792993e+03,
       6.21451050e+02, 7.82135129e-01, 1.54285107e+03, 6.74523438e+02,
       6.05367839e-01, 1.10425659e+03, 4.95004517e+02, 5.53002536e-01,
       1.35737366e+03, 4.59625092e+02, 4.17065799e-01, 1.55749011e+03,
       4.53793121e+02, 3.98872912e-01, 7.39148804e+02, 5.33187317e+02,
       8.22196424e-01, 7.42138550e+02, 5.06853394e+02, 8.39079559e-01,
       0., 0., 0., 7.45239075e+02, 4.74307495e+02, 5.56632638e-01,
       1.63397925e+03, 4.24332520e+02, 1.57389417e-01, 1.62812720e+03,
       4.21354248e+02, 1.71625823e-01, 1.57515649e+03, 4.42000946e+02,
       1.88126683e-01, 1.63105396e+03, 6.50908813e+02, 5.09742439e-01,
       1.62224292e+03, 6.68550049e+02, 4.37057525e-01, 1.56331873e+03,
       7.00987183e+02, 4.08581972e-01 ]
