%YAML:1.0
---
pose_0: !!opencv-matrix
   rows: 1
   cols: 25
   dt: "3f"
   data: [ 7.21688843e+02, 5.33189575e+02, 7.68185854e-01,
       7.89413269e+02, 4.59632141e+02, 5.67737639e-01, 7.95159912e+02,
       4.50836304e+02, 4.23369586e-01, 9.42321228e+02, 5.27366211e+02,
       5.09363487e-02, 8.89373413e+02, 5.80329163e+02, 6.67529851e-02,
       7.86399048e+02, 4.74399292e+02, 7.68418789e-01, 9.33571533e+02,
       5.27287537e+02, 8.43249798e-01, 8.74610718e+02, 6.00865173e+02,
       7.49161422e-01, 1.07180872e+03, 4.47888519e+02, 4.30421382e-01,
       1.07181506e+03, 4.21389099e+02, 3.03022623e-01, 1.33090491e+03,
       4.86193176e+02, 6.14421189e-01, 1.58991833e+03, 4.33238220e+02,
       3.76003027e-01, 1.06891687e+03, 4.71419891e+02, 3.40281427e-01,
       1.35133826e+03, 5.24447144e+02, 6.56108558e-01, 1.61039099e+03,
       4.36055908e+02, 3.54625642e-01, 0., 0., 0., 7.15578064e+02,
       5.21378723e+02, 7.50877082e-01, 0., 0., 0., 7.18696777e+02,
       4.77355347e+02, 7.01064885e-01, 1.66932703e+03, 3.77262115e+02,
       2.62732327e-01, 1.67227551e+03, 3.80152008e+02, 2.32128114e-01,
       1.63992627e+03, 4.39027954e+02, 1.72642261e-01, 0., 0., 0., 0.,
       0., 0., 0., 0., 0. ]
