%YAML:1.0
---
pose_0: !!opencv-matrix
   rows: 1
   cols: 25
   dt: "3f"
   data: [ 4.56622253e+02, 5.03897369e+02, 6.07104897e-01,
       5.98025391e+02, 5.47910767e+02, 2.42927775e-01, 5.83278564e+02,
       5.77380920e+02, 8.18869397e-02, 0., 0., 0., 0., 0., 0.,
       6.24499451e+02, 4.56761169e+02, 2.96473175e-01, 8.24606995e+02,
       4.53680695e+02, 6.66769147e-01, 5.80378235e+02, 5.03801208e+02,
       7.21620560e-01, 1.04831543e+03, 5.33252136e+02, 2.48955607e-01,
       1.04534106e+03, 6.42125122e+02, 1.61944211e-01, 1.18667896e+03,
       6.74567932e+02, 1.48928240e-01, 0., 0., 0., 1.04537976e+03,
       4.68456879e+02, 2.80066431e-01, 1.32787830e+03, 3.71389648e+02,
       1.90224856e-01, 1.40149207e+03, 3.53635437e+02, 5.60203269e-02,
       4.21426971e+02, 5.18527649e+02, 6.63494587e-01, 4.53727234e+02,
       4.80115936e+02, 5.36983550e-01, 4.36155670e+02, 5.89107605e+02,
       2.13269591e-01, 5.03866241e+02, 4.50844788e+02, 1.69723630e-01,
       1.53097461e+03, 4.00808105e+02, 6.09061010e-02, 0., 0., 0.,
       1.55159485e+03, 3.83094299e+02, 5.77500463e-02, 0., 0., 0., 0.,
       0., 0., 0., 0., 0. ]
