%YAML:1.0
---
pose_0: !!opencv-matrix
   rows: 1
   cols: 25
   dt: "3f"
   data: [ 7.68761536e+02, 4.36146759e+02, 8.37105691e-01,
       8.80438660e+02, 4.30210785e+02, 7.46145844e-01, 8.77490906e+02,
       5.06650024e+02, 6.87634230e-01, 9.86454041e+02, 5.44967407e+02,
       5.60580730e-01, 1.06303625e+03, 5.36203247e+02, 5.90014458e-01,
       8.83468628e+02, 3.53651062e+02, 6.78674042e-01, 1.02183881e+03,
       3.18263977e+02, 7.98713624e-01, 1.01889844e+03, 2.91750122e+02,
       7.95008540e-01, 1.11894324e+03, 4.53676270e+02, 5.97032964e-01,
       1.11303918e+03, 5.00799286e+02, 6.10825658e-01, 1.30724963e+03,
       5.45025757e+02, 7.31356621e-01, 1.49575134e+03, 5.97976990e+02,
       6.57024980e-01, 1.12485974e+03, 3.94910522e+02, 5.73053181e-01,
       1.32790869e+03, 4.21356842e+02, 6.69998527e-01, 1.57805078e+03,
       4.30147766e+02, 6.18541002e-01, 7.54021301e+02, 4.50818787e+02,
       7.53001273e-01, 7.59877625e+02, 4.15530762e+02, 8.05550098e-01,
       7.74580566e+02, 4.62661102e+02, 1.69030875e-01, 7.80487854e+02,
       3.86113739e+02, 5.94690561e-01, 1.63398730e+03, 3.97796326e+02,
       4.74167287e-01, 1.62804517e+03, 3.91981049e+02, 5.27957559e-01,
       1.60744226e+03, 4.36016754e+02, 3.90753031e-01, 1.58981775e+03,
       6.45025757e+02, 4.68075067e-01, 1.56926001e+03, 6.47936279e+02,
       4.45449352e-01, 1.52219971e+03, 5.83312378e+02, 4.25741315e-01 ]
