%YAML:1.0
---
pose_0: !!opencv-matrix
   rows: 1
   cols: 25
   dt: "3f"
   data: [ 7.15675354e+02, 3.44913910e+02, 5.15714824e-01,
       8.12906921e+02, 3.53667786e+02, 3.01762015e-01, 8.06964722e+02,
       3.86002930e+02, 1.85011357e-01, 9.33502441e+02, 4.36113617e+02,
       1.92250565e-01, 1.00420929e+03, 4.59550507e+02, 4.70616072e-01,
       8.36387451e+02, 3.21338074e+02, 2.69350678e-01, 9.74745056e+02,
       2.88884766e+02, 2.87623882e-01, 1.02775342e+03, 2.21201874e+02,
       6.61047280e-01, 1.11595374e+03, 3.59588806e+02, 5.10148704e-01,
       1.11302869e+03, 4.09557587e+02, 4.80261803e-01, 1.32794080e+03,
       4.21398926e+02, 5.63978910e-01, 1.53096094e+03, 4.33251526e+02,
       5.77451587e-01, 1.11601184e+03, 3.06556488e+02, 4.75082725e-01,
       1.34852161e+03, 3.12418091e+02, 5.37558019e-01, 1.56330420e+03,
       2.91789917e+02, 5.78904688e-01, 6.98094971e+02, 3.59537811e+02,
       4.21720803e-01, 7.06910034e+02, 3.35958191e+02, 4.31142777e-01,
       7.15651367e+02, 3.83082001e+02, 2.09223986e-01, 7.42201843e+02,
       3.15386444e+02, 2.71830827e-01, 1.63687061e+03, 2.71244904e+02,
       4.01046932e-01, 1.63392700e+03, 2.68295929e+02, 4.45150584e-01,
       1.58103931e+03, 2.74200165e+02, 2.14541167e-01, 1.60166602e+03,
       4.27265350e+02, 3.37114573e-01, 1.58988452e+03, 4.39007751e+02,
       3.04983884e-01, 1.55453235e+03, 4.24318085e+02, 3.04721951e-01 ]
