%YAML:1.0
---
pose_0: !!opencv-matrix
   rows: 1
   cols: 25
   dt: "3f"
   data: [ 7.45139160e+02, 5.94978699e+02, 8.37105155e-01,
       8.45229614e+02, 5.92127625e+02, 7.00309396e-01, 8.36452271e+02,
       6.53903931e+02, 6.82921112e-01, 9.12920410e+02, 7.03910339e+02,
       3.15013021e-01, 9.74802124e+02, 7.15807922e+02, 6.96299791e-01,
       8.59886719e+02, 5.21453613e+02, 7.01970160e-01, 9.77763550e+02,
       4.83084076e+02, 8.39279413e-01, 1.07188354e+03, 4.59671906e+02,
       8.60792816e-01, 1.10422546e+03, 5.98017944e+02, 6.18629873e-01,
       1.10422107e+03, 6.44996216e+02, 6.07581258e-01, 1.30441968e+03,
       6.48082336e+02, 5.79618931e-01, 1.50449329e+03, 6.45007080e+02,
       5.89557350e-01, 1.10718396e+03, 5.50903625e+02, 6.14893317e-01,
       1.30731213e+03, 5.59712341e+02, 6.57113016e-01, 1.50745410e+03,
       5.30385681e+02, 5.30465066e-01, 7.33364746e+02, 6.03953613e+02,
       8.11086297e-01, 7.36290405e+02, 5.74472290e+02, 8.64542603e-01,
       7.48074402e+02, 6.30329712e+02, 4.33044463e-01, 7.51034607e+02,
       5.50848938e+02, 5.11606574e-01, 1.59277576e+03, 4.97914978e+02,
       2.43410230e-01, 0., 0., 0., 1.58100720e+03, 5.15572266e+02,
       1.11456878e-01, 1.55159546e+03, 5.95039307e+02, 2.25527629e-01,
       1.53986255e+03, 6.09775635e+02, 1.98217422e-01, 1.52516321e+03,
       6.48091125e+02, 3.35765749e-01 ]
