%YAML:1.0
---
pose_0: !!opencv-matrix
   rows: 1
   cols: 25
   dt: "3f"
   data: [ 5.42070129e+02, 5.83229431e+02, 2.49401957e-01,
       6.74554626e+02, 5.36200012e+02, 1.14759818e-01, 6.74548279e+02,
       5.92036682e+02, 3.24906975e-01, 7.89241638e+02, 5.56756775e+02,
       5.95400810e-01, 6.48028381e+02, 3.86009491e+02, 7.04659402e-01,
       6.68704834e+02, 5.94997314e+02, 2.05156446e-01, 7.86388794e+02,
       5.65636230e+02, 9.94495824e-02, 0., 0., 0., 1.04538538e+03,
       5.36146179e+02, 1.57032862e-01, 1.02474927e+03, 6.03871948e+02,
       2.08227843e-01, 1.34855127e+03, 7.65856567e+02, 5.15997708e-01,
       1.58692285e+03, 9.09979248e+02, 4.18436259e-01, 1.07773743e+03,
       4.71400543e+02, 1.50835335e-01, 1.38089514e+03, 5.21499023e+02,
       3.82142067e-01, 1.74584705e+03, 4.92051331e+02, 3.09900612e-01,
       0., 0., 0., 5.27412109e+02, 5.71540588e+02, 2.43615925e-01, 0.,
       0., 0., 5.50963440e+02, 5.47975891e+02, 3.74530971e-01,
       1.86934631e+03, 5.03798767e+02, 1.31990999e-01, 0., 0., 0.,
       1.74877502e+03, 5.06793823e+02, 1.39908940e-01, 1.63409888e+03,
       9.12912415e+02, 8.55003968e-02, 0., 0., 0., 1.61634387e+03,
       9.21739563e+02, 3.06184530e-01 ]
