%YAML:1.0
---
pose_0: !!opencv-matrix
   rows: 1
   cols: 25
   dt: "3f"
   data: [ 7.42123962e+02, 5.30431335e+02, 8.79197001e-01,
       8.54003418e+02, 5.44943848e+02, 6.54759705e-01, 8.45239807e+02,
       6.09738037e+02, 6.11814737e-01, 9.95276611e+02, 6.47973999e+02,
       4.31480080e-01, 1.11607056e+03, 6.95018494e+02, 4.64139968e-01,
       8.71713379e+02, 4.59693237e+02, 6.63785756e-01, 9.98322693e+02,
       4.56786835e+02, 5.99376440e-01, 1.08654028e+03, 4.65553192e+02,
       2.68292964e-01, 1.11889832e+03, 5.65625305e+02, 5.82005262e-01,
       1.11303296e+03, 6.09796753e+02, 5.96121609e-01, 1.25429211e+03,
       6.36256226e+02, 2.38966823e-01, 1.51924255e+03, 6.24569946e+02,
       2.64329135e-01, 1.12481323e+03, 5.12595581e+02, 5.56258261e-01,
       1.33376160e+03, 5.30434509e+02, 7.12520540e-01, 1.58689697e+03,
       5.42057678e+02, 5.19500673e-01, 7.30409973e+02, 5.50856201e+02,
       7.55248308e-01, 7.33323120e+02, 5.12637329e+02, 7.86353171e-01,
       7.42252319e+02, 5.74506348e+02, 4.53752756e-01, 7.59810242e+02,
       4.89140106e+02, 5.39070725e-01, 1.66933228e+03, 4.94942505e+02,
       2.42063046e-01, 1.66932886e+03, 4.92026459e+02, 2.42698580e-01,
       1.61048962e+03, 5.65606628e+02, 2.59276062e-01, 1.48977173e+03,
       6.68589905e+02, 1.82608753e-01, 1.48094958e+03, 6.62727722e+02,
       1.98129416e-01, 1.54575171e+03, 6.21580200e+02, 1.83025330e-01 ]
