%YAML:1.0
---
pose_0: !!opencv-matrix
   rows: 1
   cols: 25
   dt: "3f"
   data: [ 7.89218201e+02, 5.30222839e+02, 4.22014117e-01,
       8.74641785e+02, 5.15566895e+02, 2.54290670e-01, 8.68757751e+02,
       5.56765503e+02, 1.96716547e-01, 8.57008423e+02, 6.21522827e+02,
       6.31880760e-01, 8.53994019e+02, 5.06767334e+02, 4.63262975e-01,
       8.68734009e+02, 4.62658447e+02, 2.61070341e-01, 0., 0., 0., 0.,
       0., 0., 1.11603125e+03, 5.24445007e+02, 5.25985301e-01,
       1.11888196e+03, 5.74329834e+02, 5.39966106e-01, 1.31911035e+03,
       6.06861450e+02, 7.27466822e-01, 1.51628821e+03, 6.33254700e+02,
       6.14865065e-01, 1.11308655e+03, 4.77245483e+02, 4.73103702e-01,
       1.34259253e+03, 4.56809570e+02, 6.80764914e-01, 1.53979407e+03,
       4.36239868e+02, 5.27881324e-01, 7.65809204e+02, 5.30250916e+02,
       3.12100768e-01, 7.74610229e+02, 5.09769409e+02, 2.35909626e-01,
       0., 0., 0., 7.86366638e+02, 4.92014465e+02, 1.29628181e-01,
       1.61333875e+03, 4.15573120e+02, 4.61311013e-01, 1.61038293e+03,
       4.15472565e+02, 4.77319181e-01, 1.58395203e+03, 4.50843750e+02,
       1.97372600e-01, 1.57806641e+03, 6.74463013e+02, 4.15666312e-01,
       1.57511804e+03, 6.71585144e+02, 4.21294957e-01, 1.54863647e+03,
       6.12672546e+02, 4.22471941e-01 ]
