%YAML:1.0
---
pose_0: !!opencv-matrix
   rows: 1
   cols: 25
   dt: "3f"
   data: [ 7.18756470e+02, 5.27176331e+02, 8.80278826e-01,
       8.56865906e+02, 5.62644531e+02, 6.83228076e-01, 8.54022949e+02,
       6.45143921e+02, 7.37382054e-01, 9.77695740e+02, 6.74610535e+02,
       7.59021580e-01, 1.12194104e+03, 7.15722961e+02, 8.15011978e-01,
       8.54064575e+02, 4.83302307e+02, 5.50945997e-01, 1.02467871e+03,
       4.41966614e+02, 7.89619267e-01, 1.15424805e+03, 4.18441315e+02,
       7.88766086e-01, 1.11898560e+03, 5.59749390e+02, 5.56973994e-01,
       1.11298743e+03, 6.15617615e+02, 5.46357214e-01, 1.31612000e+03,
       6.12712402e+02, 1.66905001e-01, 1.43389783e+03, 6.30326904e+02,
       8.59146938e-02, 1.12189612e+03, 5.06670868e+02, 5.39185882e-01,
       1.33385352e+03, 4.65493408e+02, 6.89618230e-01, 1.60748999e+03,
       4.12486755e+02, 6.28426075e-01, 7.12710266e+02, 5.36205444e+02,
       8.00854445e-01, 7.15706482e+02, 5.06689362e+02, 9.09511685e-01,
       7.18708435e+02, 5.74420532e+02, 7.62465119e-01, 7.45136841e+02,
       4.86182800e+02, 5.25600255e-01, 1.70458813e+03, 3.80194489e+02,
       2.22029254e-01, 1.70167529e+03, 3.77224792e+02, 2.15033785e-01,
       1.61640186e+03, 3.91990479e+02, 2.49206603e-01, 0., 0., 0., 0.,
       0., 0., 0., 0., 0. ]
