%YAML:1.0
---
pose_0: !!opencv-matrix
   rows: 1
   cols: 25
   dt: "3f"
   data: [ 7.42086182e+02, 5.09684570e+02, 8.87075901e-01,
       8.59819214e+02, 5.30382568e+02, 7.88850188e-01, 8.56977112e+02,
       6.21632385e+02, 7.51249790e-01, 9.54008667e+02, 7.12667480e+02,
       7.76358724e-01, 9.74604858e+02, 6.68652100e+02, 8.61720562e-01,
       8.62910095e+02, 4.53787415e+02, 6.38638675e-01, 1.02181805e+03,
       4.09720520e+02, 8.25412035e-01, 9.48251953e+02, 4.53715607e+02,
       5.92496216e-01, 1.11896228e+03, 5.50946716e+02, 5.51834941e-01,
       1.11595068e+03, 6.00955444e+02, 5.70777237e-01, 1.28374939e+03,
       5.86211426e+02, 3.91189039e-01, 1.55454773e+03, 5.94980591e+02,
       4.53202635e-01, 1.12192310e+03, 4.92055267e+02, 5.37306905e-01,
       1.33675195e+03, 4.77327911e+02, 4.85345036e-01, 1.52222034e+03,
       5.03871674e+02, 4.88267303e-01, 7.24593018e+02, 5.27375977e+02,
       8.08011651e-01, 7.33386047e+02, 4.92001617e+02, 8.02420855e-01,
       7.42124207e+02, 5.51006165e+02, 6.12012148e-01, 7.62728088e+02,
       4.62576660e+02, 5.80943584e-01, 1.61051733e+03, 4.94956146e+02,
       1.94603950e-01, 0., 0., 0., 1.54283301e+03, 5.21414185e+02,
       1.70782059e-01, 1.65463501e+03, 5.83263123e+02, 4.45439517e-01,
       1.63696765e+03, 5.98039856e+02, 3.90480191e-01, 1.57515808e+03,
       5.86239929e+02, 2.41452202e-01 ]
