%YAML:1.0
---
pose_0: !!opencv-matrix
   rows: 1
   cols: 25
   dt: "3f"
   data: [ 0., 0., 0., 8.65817261e+02, 4.50850403e+02, 2.00733930e-01,
       8.68736145e+02, 4.41990021e+02, 1.26242846e-01, 0., 0., 0., 0.,
       0., 0., 8.77600403e+02, 4.36022858e+02, 3.07356596e-01,
       1.00121051e+03, 4.36155975e+02, 6.64480448e-01, 1.12198376e+03,
       5.39097229e+02, 6.98063970e-01, 1.14546240e+03, 3.94935364e+02,
       2.93416440e-01, 1.16311060e+03, 3.68403595e+02, 1.98199317e-01,
       1.35737622e+03, 5.03889435e+02, 3.96441519e-01, 1.57513953e+03,
       4.09655396e+02, 3.78277361e-01, 1.13954724e+03, 4.12502899e+02,
       3.87895823e-01, 1.36026831e+03, 5.24306824e+02, 6.25463247e-01,
       1.62518323e+03, 4.12667053e+02, 4.35828030e-01, 0., 0., 0., 0.,
       0., 0., 0., 0., 0., 8.09890808e+02, 4.65543762e+02,
       1.02130994e-01, 1.68707471e+03, 3.62451385e+02, 3.94161046e-01,
       1.68702087e+03, 3.62547272e+02, 3.65645230e-01, 1.63692444e+03,
       4.12564240e+02, 1.81606054e-01, 0., 0., 0., 0., 0., 0.,
       1.58980933e+03, 3.65437653e+02, 1.92623898e-01 ]
