%YAML:1.0
---
pose_0: !!opencv-matrix
   rows: 1
   cols: 25
   dt: "3f"
   data: [ 7.21611023e+02, 2.83089691e+02, 5.17737746e-01,
       7.89262207e+02, 2.24139511e+02, 4.51895267e-01, 7.92260071e+02,
       2.94886322e+02, 1.54947951e-01, 0., 0., 0., 0., 0., 0.,
       7.92215759e+02, 1.53474167e+02, 3.68571877e-01, 9.57151123e+02,
       1.03452965e+02, 8.58437061e-01, 1.01594879e+03, 2.30073975e+02,
       7.43483782e-01, 1.06010107e+03, 2.83074799e+02, 3.89682114e-01,
       1.06591626e+03, 3.24274963e+02, 3.82193863e-01, 1.21607349e+03,
       3.15371124e+02, 8.25505555e-02, 0., 0., 0., 1.06888257e+03,
       2.27167038e+02, 3.84703279e-01, 1.18662024e+03, 1.97652527e+02,
       2.18524069e-01, 1.35443860e+03, 1.77047302e+02, 3.79872978e-01,
       7.15598267e+02, 2.94784851e+02, 3.97975177e-01, 6.98097839e+02,
       2.71214539e+02, 5.24798751e-01, 7.42212280e+02, 2.94732697e+02,
       6.26346245e-02, 6.98115295e+02, 2.30044662e+02, 4.48828518e-01,
       1.55451758e+03, 1.30074387e+02, 5.43863401e-02, 1.55749133e+03,
       1.35894867e+02, 5.80063723e-02, 1.36325342e+03, 1.94788528e+02,
       1.46277666e-01, 0., 0., 0., 0., 0., 0., 0., 0., 0. ]
