%YAML:1.0
---
pose_0: !!opencv-matrix
   rows: 1
   cols: 25
   dt: "3f"
   data: [ 7.30389587e+02, 5.06706696e+02, 6.80474490e-02,
       8.04006897e+02, 5.47995605e+02, 5.68272173e-01, 7.86372375e+02,
       6.15613586e+02, 7.04832911e-01, 9.27656433e+02, 6.68527527e+02,
       8.28499675e-01, 1.07775671e+03, 6.86324524e+02, 8.00025702e-01,
       8.30455750e+02, 4.74407562e+02, 3.87308180e-01, 9.95340881e+02,
       4.53659821e+02, 6.69014633e-01, 1.11300269e+03, 3.94968445e+02,
       7.40947425e-01, 1.09248010e+03, 5.39130859e+02, 5.28703392e-01,
       1.09536328e+03, 5.89104492e+02, 4.72057790e-01, 1.31907373e+03,
       5.71533020e+02, 6.96125865e-01, 1.57511926e+03, 6.00935730e+02,
       5.37998438e-01, 1.09532849e+03, 4.86098907e+02, 5.71007252e-01,
       1.32490613e+03, 4.77287445e+02, 7.68297553e-01, 1.51040796e+03,
       6.44985046e+02, 3.76291662e-01, 7.06915833e+02, 5.42038574e+02,
       7.43018389e-02, 7.15712402e+02, 4.94949829e+02, 7.67203718e-02,
       7.09831970e+02, 5.59700256e+02, 1.12083167e-01, 7.12782410e+02,
       4.86128693e+02, 6.10389188e-02, 1.48093945e+03, 6.65696045e+02,
       2.54273117e-01, 1.49559424e+03, 6.68703552e+02, 2.34213650e-01,
       1.50453723e+03, 6.65627319e+02, 2.22474352e-01, 1.66050684e+03,
       5.68522278e+02, 5.35405934e-01, 1.65755164e+03, 5.80332520e+02,
       4.57004756e-01, 1.59864746e+03, 6.21565369e+02, 3.71910334e-01 ]
