%YAML:1.0
---
pose_0: !!opencv-matrix
   rows: 1
   cols: 25
   dt: "3f"
   data: [ 6.62740356e+02, 4.83081787e+02, 8.52441072e-01,
       7.83411865e+02, 4.62655396e+02, 6.34928703e-01, 7.89300110e+02,
       5.47877991e+02, 4.35536027e-01, 9.33549438e+02, 5.77396545e+02,
       2.33545572e-01, 9.86482300e+02, 5.77353027e+02, 5.61095141e-02,
       7.89339600e+02, 3.83157715e+02, 6.32306933e-01, 9.06982666e+02,
       3.15487183e+02, 8.41129065e-01, 9.83592712e+02, 2.30095657e+02,
       8.05633128e-01, 1.08651282e+03, 4.68478424e+02, 4.95855570e-01,
       1.07475623e+03, 5.24384155e+02, 5.33478558e-01, 1.24260498e+03,
       4.83084351e+02, 6.61413789e-01, 1.43386487e+03, 5.30259888e+02,
       1.97851881e-01, 1.08656409e+03, 4.12500366e+02, 5.01900673e-01,
       1.28670422e+03, 4.33062592e+02, 4.45512116e-01, 1.55156189e+03,
       4.97915741e+02, 1.41876504e-01, 6.45018555e+02, 4.97955444e+02,
       8.11710954e-01, 6.45118286e+02, 4.56799927e+02, 8.52004886e-01,
       6.65642700e+02, 5.12599548e+02, 1.53081805e-01, 6.68661072e+02,
       4.21419495e+02, 5.35144925e-01, 0., 0., 0., 0., 0., 0.,
       1.55747034e+03, 5.00786163e+02, 1.27435341e-01, 1.51329407e+03,
       5.42040771e+02, 7.09350482e-02, 0., 0., 0., 0., 0., 0. ]
