%YAML:1.0
---
pose_0: !!opencv-matrix
   rows: 1
   cols: 25
   dt: "3f"
   data: [ 7.42309875e+02, 5.09710083e+02, 8.42282355e-01,
       8.59998596e+02, 5.33191040e+02, 7.82891035e-01, 8.57060791e+02,
       6.03924133e+02, 7.32398331e-01, 9.77768494e+02, 6.45038269e+02,
       8.08232367e-01, 1.11894568e+03, 6.77510803e+02, 8.27868879e-01,
       8.62972839e+02, 4.68451813e+02, 6.77409351e-01, 1.00425043e+03,
       4.33033020e+02, 8.00644279e-01, 1.13963599e+03, 3.89105591e+02,
       8.69879127e-01, 1.11603247e+03, 5.33230042e+02, 6.00033045e-01,
       1.11305225e+03, 5.77525330e+02, 5.99164844e-01, 1.32783667e+03,
       5.53975769e+02, 6.08656764e-01, 1.54275818e+03, 5.59722595e+02,
       5.71313381e-01, 1.11600818e+03, 4.83103241e+02, 6.29889190e-01,
       1.30139868e+03, 4.86080811e+02, 7.10969448e-01, 1.54278174e+03,
       4.86091949e+02, 4.74879861e-01, 7.30431030e+02, 5.30170471e+02,
       8.15309703e-01, 7.36317261e+02, 4.94966888e+02, 8.38030815e-01,
       7.45132385e+02, 5.53977539e+02, 5.96375942e-01, 7.62700439e+02,
       4.77230591e+02, 6.49772227e-01, 1.61337976e+03, 4.53796631e+02,
       4.44812894e-01, 1.61041638e+03, 4.53798096e+02, 4.83806223e-01,
       1.57808264e+03, 5.00852356e+02, 2.64980167e-01, 1.61351746e+03,
       5.65593323e+02, 3.74855995e-01, 1.61045911e+03, 5.74463745e+02,
       3.70431662e-01, 1.56636230e+03, 5.56759949e+02, 2.90571243e-01 ]
