%YAML:1.0
---
pose_0: !!opencv-matrix
   rows: 1
   cols: 25
   dt: "3f"
   data: [ 7.77470154e+02, 4.00775330e+02, 6.52395129e-01,
       8.80624756e+02, 4.12565643e+02, 6.80884361e-01, 8.80495056e+02,
       4.77283081e+02, 7.44567394e-01, 9.83615051e+02, 4.86081482e+02,
       7.50196517e-01, 8.98148499e+02, 4.15504761e+02, 7.93061376e-01,
       8.65776550e+02, 3.41953339e+02, 5.44866502e-01, 1.02179352e+03,
       3.00705017e+02, 7.80010641e-01, 9.04048340e+02, 3.24219727e+02,
       7.41881371e-01, 1.12485352e+03, 4.18442657e+02, 5.88230669e-01,
       1.11603186e+03, 4.65583984e+02, 6.24680519e-01, 1.31030347e+03,
       5.33234192e+02, 7.61143565e-01, 1.49268921e+03, 5.65649658e+02,
       6.02489233e-01, 1.13660193e+03, 3.65439392e+02, 6.01301908e-01,
       1.37199951e+03, 3.86016998e+02, 5.95658660e-01, 1.55745349e+03,
       3.86104431e+02, 6.09773159e-01, 7.62833740e+02, 4.12507660e+02,
       6.45154536e-01, 7.65631897e+02, 3.83073425e+02, 6.52283490e-01,
       7.83422546e+02, 4.33190521e+02, 3.69400829e-01, 7.89243530e+02,
       3.47843994e+02, 3.69091243e-01, 1.61927991e+03, 3.68406342e+02,
       5.03254056e-01, 1.61338757e+03, 3.62572235e+02, 5.51884234e-01,
       1.58104272e+03, 3.85975555e+02, 2.90013373e-01, 1.54575415e+03,
       5.95036560e+02, 2.65968800e-01, 1.53394031e+03, 6.00920410e+02,
       2.82314807e-01, 1.51924182e+03, 5.53920105e+02, 3.88990164e-01 ]
