%YAML:1.0
---
pose_0: !!opencv-matrix
   rows: 2
   cols: 25
   dt: "3f"
   data: [ 7.56910645e+02, 4.68456390e+02, 1.85993657e-01,
       8.18694763e+02, 5.30286377e+02, 4.47374672e-01, 8.12753235e+02,
       5.50907043e+02, 6.97016239e-01, 9.51039368e+02, 5.06689423e+02,
       8.36139739e-01, 9.27622314e+02, 4.18478394e+02, 6.90485895e-01,
       0., 0., 0., 0., 0., 0., 0., 0., 0., 1.11901270e+03,
       5.71442627e+02, 5.28127253e-01, 1.11010583e+03, 6.00882874e+02,
       4.62017685e-01, 1.35447571e+03, 5.03842896e+02, 7.08366275e-01,
       1.61346277e+03, 7.09787048e+02, 5.26709557e-01, 1.13365723e+03,
       5.30390991e+02, 4.27314818e-01, 1.39263025e+03, 5.06763214e+02,
       2.95472324e-01, 1.57219397e+03, 5.80345947e+02, 4.44833279e-01,
       7.50990234e+02, 4.77318604e+02, 1.51271001e-01, 0., 0., 0.,
       7.62739075e+02, 4.92030731e+02, 2.04179004e-01, 0., 0., 0.,
       1.60747974e+03, 4.97943542e+02, 1.90419987e-01, 1.59287952e+03,
       5.03769562e+02, 1.90842599e-01, 1.61336279e+03, 6.36192871e+02,
       2.45396271e-01, 1.66933936e+03, 6.95202942e+02, 2.78678119e-01,
       1.65465100e+03, 7.15763000e+02, 2.95857400e-01, 1.63100757e+03,
       7.33361633e+02, 3.42952669e-01, 0., 0., 0., 0., 0., 0., 0., 0.,
       0., 0., 0., 0., 0., 0., 0., 7.92273621e+02, 5.50876099e+02,
       2.62102485e-01, 9.98200623e+02, 4.62623108e+02, 1.74408764e-01,
       9.77710388e+02, 4.36093628e+02, 5.15623093e-01, 0., 0., 0., 0.,
       0., 0., 0., 0., 0., 0., 0., 0., 0., 0., 0., 0., 0., 0., 0., 0.,
       0., 0., 0., 0., 0., 0., 0., 0., 0., 0., 7.15792114e+02,
       5.62645935e+02, 1.26744017e-01, 0., 0., 0., 0., 0., 0., 0., 0.,
       0., 0., 0., 0., 0., 0., 0., 0., 0., 0. ]
