%YAML:1.0
---
pose_0: !!opencv-matrix
   rows: 1
   cols: 25
   dt: "3f"
   data: [ 0., 0., 0., 7.45142761e+02, 4.86194244e+02, 2.79632151e-01,
       7.98137146e+02, 4.92047577e+02, 2.98253179e-01, 9.24657715e+02,
       4.83259277e+02, 7.01697111e-01, 8.74668823e+02, 3.74239716e+02,
       6.58547819e-01, 6.92151367e+02, 5.03688934e+02, 3.33291829e-01,
       0., 0., 0., 0., 0., 0., 1.12194470e+03, 5.24356934e+02,
       4.84278738e-01, 1.11592456e+03, 5.50878662e+02, 3.91918391e-01,
       1.35138489e+03, 4.83166351e+02, 7.06151247e-01, 1.61052905e+03,
       6.65579895e+02, 6.40147924e-01, 1.13657397e+03, 4.92004913e+02,
       4.12967682e-01, 1.38090613e+03, 4.65570404e+02, 4.17709410e-01,
       1.56338403e+03, 5.06727722e+02, 5.98850548e-01, 0., 0., 0., 0.,
       0., 0., 7.27446472e+02, 4.56725586e+02, 9.99439657e-02, 0., 0.,
       0., 1.59867566e+03, 4.41969482e+02, 1.89651698e-01,
       1.58994507e+03, 4.50805634e+02, 2.05123752e-01, 1.58683276e+03,
       5.27229858e+02, 3.75756979e-01, 1.66351868e+03, 6.74480957e+02,
       5.99559963e-01, 1.65165955e+03, 6.89144592e+02, 6.27865911e-01,
       1.61343164e+03, 6.80382629e+02, 4.64656770e-01 ]
