%YAML:1.0
---
pose_0: !!opencv-matrix
   rows: 1
   cols: 25
   dt: "3f"
   data: [ 7.56848450e+02, 4.36066681e+02, 8.71350825e-01,
       8.65847290e+02, 4.15463348e+02, 6.60684168e-01, 8.62905457e+02,
       4.86193359e+02, 4.06025201e-01, 9.98250671e+02, 5.56816528e+02,
       4.01078492e-01, 1.02173584e+03, 5.56748962e+02, 4.66103762e-01,
       8.77534607e+02, 3.36019592e+02, 6.02466047e-01, 9.98174011e+02,
       3.15417236e+02, 7.64682651e-01, 1.08657751e+03, 3.15487335e+02,
       8.09990704e-01, 1.16014319e+03, 4.56728821e+02, 5.46046317e-01,
       1.14544983e+03, 5.03824005e+02, 5.73026478e-01, 1.28672241e+03,
       5.47889832e+02, 2.15165764e-01, 1.51918884e+03, 4.83265839e+02,
       1.48485780e-01, 1.16601929e+03, 4.00822845e+02, 5.00570118e-01,
       1.37791821e+03, 4.39071594e+02, 5.44603944e-01, 1.60456934e+03,
       4.15475861e+02, 3.40457588e-01, 7.36320801e+02, 4.50816223e+02,
       8.20770800e-01, 7.42258911e+02, 4.12435394e+02, 8.75787199e-01,
       7.56864258e+02, 4.65515472e+02, 1.22339271e-01, 7.65843262e+02,
       3.80160034e+02, 5.83248734e-01, 1.66048743e+03, 3.68447052e+02,
       4.06427175e-01, 1.65750244e+03, 3.71348999e+02, 4.28605109e-01,
       1.65168030e+03, 4.09640656e+02, 1.65022671e-01, 0., 0., 0., 0.,
       0., 0., 1.52215869e+03, 4.86149811e+02, 7.98879713e-02 ]
