%YAML:1.0
---
pose_0: !!opencv-matrix
   rows: 1
   cols: 25
   dt: "3f"
   data: [ 6.74447327e+02, 4.86132385e+02, 8.83659422e-01,
       8.03947449e+02, 5.06808563e+02, 7.35617042e-01, 8.01009888e+02,
       5.97931396e+02, 7.20267296e-01, 9.27692444e+02, 6.27467041e+02,
       6.22541666e-01, 1.02467896e+03, 6.24512329e+02, 6.16868317e-01,
       8.09796326e+02, 4.18465576e+02, 6.35245681e-01, 9.54025085e+02,
       3.65604126e+02, 8.95684779e-01, 8.57095764e+02, 4.09549866e+02,
       8.58671546e-01, 1.07192322e+03, 5.06726593e+02, 5.68623245e-01,
       1.06891003e+03, 5.53773376e+02, 5.83704472e-01, 1.28079175e+03,
       5.74324036e+02, 6.83365822e-01, 1.49568567e+03, 5.83231506e+02,
       4.06071723e-01, 1.07480017e+03, 4.56655212e+02, 5.41717350e-01,
       1.31613416e+03, 4.56606232e+02, 6.15795910e-01, 1.55156726e+03,
       4.65575226e+02, 5.80531001e-01, 6.62669556e+02, 5.03740814e+02,
       8.22894812e-01, 6.68614624e+02, 4.65555939e+02, 8.74401927e-01,
       6.71586426e+02, 5.27433472e+02, 5.76969504e-01, 6.95105530e+02,
       4.42022308e+02, 5.67645252e-01, 1.63096777e+03, 4.50786133e+02,
       4.94478047e-01, 1.61934314e+03, 4.44931793e+02, 5.13115764e-01,
       1.56630151e+03, 4.92006714e+02, 2.53867567e-01, 1.58095911e+03,
       5.97918518e+02, 1.39762372e-01, 1.56042151e+03, 6.01018372e+02,
       1.38912737e-01, 1.52808313e+03, 5.62639893e+02, 2.59366840e-01 ]
