%YAML:1.0
---
pose_0: !!opencv-matrix
   rows: 1
   cols: 25
   dt: "3f"
   data: [ 6.95191772e+02, 4.89068359e+02, 8.32210422e-01,
       8.30439880e+02, 5.18531250e+02, 6.64801478e-01, 8.21674072e+02,
       6.12698730e+02, 6.73219562e-01, 9.77633972e+02, 6.65663818e+02,
       3.31161559e-01, 1.09538599e+03, 6.98008667e+02, 2.41167888e-01,
       8.24647400e+02, 4.36048645e+02, 5.67610502e-01, 9.80676392e+02,
       3.74326263e+02, 7.09948659e-01, 1.13073450e+03, 3.06593140e+02,
       7.27486074e-01, 1.11893677e+03, 5.12599792e+02, 5.56861818e-01,
       1.11591650e+03, 5.59772278e+02, 5.73075950e-01, 1.32203381e+03,
       5.74449158e+02, 7.22452641e-01, 1.59277283e+03, 6.18549500e+02,
       5.78596652e-01, 1.11899231e+03, 4.53792816e+02, 5.27589619e-01,
       1.35439600e+03, 4.59520020e+02, 7.85031974e-01, 1.58687769e+03,
       4.47895569e+02, 5.54909706e-01, 6.80422424e+02, 5.03836426e+02,
       7.98505902e-01, 6.89239563e+02, 4.74331940e+02, 8.12614560e-01,
       6.95058655e+02, 5.33217102e+02, 6.11244619e-01, 7.12750244e+02,
       4.47854645e+02, 6.20907366e-01, 1.64573193e+03, 4.30167480e+02,
       5.38711011e-01, 1.63699475e+03, 4.21384064e+02, 5.96516788e-01,
       1.61925684e+03, 4.53741119e+02, 3.06869596e-01, 1.70458752e+03,
       6.27379822e+02, 3.47348869e-01, 1.68699609e+03, 6.39148193e+02,
       3.29021126e-01, 1.61348999e+03, 6.03895447e+02, 3.24619144e-01 ]
