%YAML:1.0
---
pose_0: !!opencv-matrix
   rows: 1
   cols: 25
   dt: "3f"
   data: [ 7.42148315e+02, 3.65621429e+02, 8.54994774e-01,
       8.54081421e+02, 3.68377014e+02, 7.37398624e-01, 8.59819214e+02,
       4.47831665e+02, 7.06699848e-01, 9.77529968e+02, 5.06760406e+02,
       8.83887589e-01, 9.45299133e+02, 6.18565430e+02, 8.27034414e-01,
       8.45206055e+02, 2.97848267e+02, 6.21945679e-01, 9.51166992e+02,
       1.74159348e+02, 8.07639897e-01, 8.42290588e+02, 9.16996536e+01,
       7.35963821e-01, 1.10714160e+03, 3.65419098e+02, 5.91572702e-01,
       1.09837024e+03, 4.12447113e+02, 5.89421272e-01, 1.31912451e+03,
       4.30122986e+02, 6.54877663e-01, 1.53981287e+03, 4.53670776e+02,
       5.68861842e-01, 1.11302332e+03, 3.12488708e+02, 5.29758453e-01,
       1.35438806e+03, 2.97719666e+02, 5.30915797e-01, 1.56633716e+03,
       2.77148071e+02, 5.72304428e-01, 7.24591553e+02, 3.83117188e+02,
       7.47618735e-01, 7.27535461e+02, 3.47824432e+02, 7.57390916e-01,
       7.45215698e+02, 4.03725006e+02, 3.21964294e-01, 7.48110535e+02,
       3.18487305e+02, 4.89961803e-01, 1.63709814e+03, 2.68316833e+02,
       5.08040488e-01, 1.63404810e+03, 2.62410004e+02, 5.41259110e-01,
       1.59282190e+03, 2.74216370e+02, 2.45641634e-01, 1.61035291e+03,
       4.47870728e+02, 3.76725405e-01, 1.59572412e+03, 4.59704803e+02,
       3.27501953e-01, 1.57217993e+03, 4.42021759e+02, 2.56121904e-01 ]
