%YAML:1.0
---
pose_0: !!opencv-matrix
   rows: 1
   cols: 25
   dt: "3f"
   data: [ 7.71623901e+02, 4.41983643e+02, 4.96844828e-01,
       8.48184631e+02, 3.83102081e+02, 3.80276293e-01, 8.45234863e+02,
       3.65483124e+02, 2.27004439e-01, 8.36413330e+02, 5.15593567e+02,
       1.53099999e-01, 8.24615723e+02, 6.12689148e+02, 2.06875145e-01,
       8.48130066e+02, 3.94885071e+02, 3.75675201e-01, 8.42309265e+02,
       5.09703125e+02, 2.84066111e-01, 8.18770142e+02, 6.18597961e+02,
       2.40902141e-01, 1.13365015e+03, 3.83086060e+02, 2.96559185e-01,
       1.14544604e+03, 3.38971558e+02, 2.27298453e-01, 1.34555286e+03,
       2.83010742e+02, 1.86723113e-01, 1.53682751e+03, 1.56487320e+02,
       2.53600180e-01, 1.12184851e+03, 4.15507233e+02, 2.82921880e-01,
       1.33376208e+03, 5.53892883e+02, 2.96036154e-01, 1.51040027e+03,
       6.06797852e+02, 2.22233132e-01, 0., 0., 0., 7.62915527e+02,
       4.33116516e+02, 5.53778529e-01, 0., 0., 0., 7.74626038e+02,
       3.89093079e+02, 4.85519648e-01, 0., 0., 0., 0., 0., 0.,
       1.51630994e+03, 6.00985107e+02, 1.35803521e-01, 0., 0., 0., 0.,
       0., 0., 1.53688086e+03, 1.53533081e+02, 1.46864355e-01 ]
