%YAML:1.0
---
pose_0: !!opencv-matrix
   rows: 1
   cols: 25
   dt: "3f"
   data: [ 6.77514893e+02, 4.80359528e+02, 8.51749241e-01,
       8.27569031e+02, 4.77326416e+02, 6.70687020e-01, 8.27557312e+02,
       5.59780945e+02, 6.00269198e-01, 9.71809082e+02, 6.00826660e+02,
       5.50768614e-01, 1.10717737e+03, 6.53956665e+02, 6.05349839e-01,
       8.33381287e+02, 3.86022339e+02, 6.75048888e-01, 1.00710071e+03,
       3.83076630e+02, 7.28176951e-01, 1.16900806e+03, 3.68412445e+02,
       7.78675973e-01, 1.12183594e+03, 5.24416443e+02, 5.84336936e-01,
       1.11007764e+03, 5.77289368e+02, 6.04081690e-01, 1.34261023e+03,
       6.39218750e+02, 6.83268189e-01, 1.49571460e+03, 5.97988892e+02,
       6.84446573e-01, 1.13656726e+03, 4.62643036e+02, 5.47801793e-01,
       1.35141858e+03, 4.97922485e+02, 7.50432849e-01, 1.61047388e+03,
       4.97945251e+02, 5.82268894e-01, 6.65588013e+02, 4.92015686e+02,
       7.52146840e-01, 6.68727600e+02, 4.56758820e+02, 8.61241698e-01,
       6.80386108e+02, 5.09743042e+02, 1.10333145e-01, 6.95159180e+02,
       4.18503876e+02, 5.39752960e-01, 1.68408691e+03, 4.62653534e+02,
       4.42616016e-01, 1.68102820e+03, 4.62592194e+02, 4.78975505e-01,
       1.65460083e+03, 5.12619568e+02, 2.36061633e-01, 1.49279016e+03,
       6.68578125e+02, 5.27340770e-01, 1.48093372e+03, 6.59758423e+02,
       5.06733477e-01, 1.52218982e+03, 5.77458008e+02, 4.52712625e-01 ]
