%YAML:1.0
---
pose_0: !!opencv-matrix
   rows: 2
   cols: 25
   dt: "3f"
   data: [ 0., 0., 0., 0., 0., 0., 9.68833923e+02, 3.39050049e+02,
       9.23090577e-02, 1.06880505e+03, 4.09638428e+02, 7.96025634e-01,
       1.14255310e+03, 4.83232605e+02, 8.19964051e-01, 0., 0., 0., 0.,
       0., 0., 0., 0., 0., 0., 0., 0., 0., 0., 0., 0., 0., 0., 0., 0.,
       0., 0., 0., 0., 0., 0., 0., 0., 0., 0., 0., 0., 0., 0., 0., 0.,
       0., 0., 0., 0., 0., 0., 0., 0., 0., 0., 0., 0., 0., 0., 0., 0.,
       0., 0., 0., 0., 0., 0., 0., 0., 7.89164429e+02, 3.77241974e+02,
       8.39162111e-01, 8.65830994e+02, 3.03666748e+02, 5.10569453e-01,
       8.59856140e+02, 3.27172333e+02, 3.39757621e-01, 0., 0., 0., 0.,
       0., 0., 8.77564514e+02, 2.91862946e+02, 7.08426118e-01,
       9.62962280e+02, 4.12486511e+02, 7.56912470e-01, 1.00708942e+03,
       5.53857849e+02, 8.18117023e-01, 1.16016956e+03, 3.15480988e+02,
       4.87594575e-01, 1.15721863e+03, 3.65451782e+02, 5.32556653e-01,
       1.35148071e+03, 4.71419067e+02, 7.64809370e-01, 1.55162854e+03,
       5.21491455e+02, 7.07144976e-01, 1.16303076e+03, 2.68345032e+02,
       3.87400329e-01, 1.38380823e+03, 2.50623001e+02, 6.12765014e-01,
       1.52805530e+03, 1.53661133e+02, 5.45175195e-01, 7.68699463e+02,
       3.74266479e+02, 5.88723004e-01, 7.86382629e+02, 3.59515259e+02,
       8.11599970e-01, 0., 0., 0., 8.01040588e+02, 3.15378601e+02,
       5.83024144e-01, 1.59870117e+03, 8.88188553e+01, 3.02992791e-01,
       1.59572900e+03, 9.17189941e+01, 3.11666161e-01, 1.54277563e+03,
       1.50572784e+02, 2.27161169e-01, 1.56928784e+03, 5.86194275e+02,
       6.23469532e-01, 1.55751819e+03, 5.77487427e+02, 6.51925623e-01,
       1.58099951e+03, 5.03836517e+02, 5.78029037e-01 ]
