%YAML:1.0
---
pose_0: !!opencv-matrix
   rows: 1
   cols: 25
   dt: "3f"
   data: [ 7.42315002e+02, 5.03845490e+02, 9.17056262e-01,
       8.57019653e+02, 5.33333862e+02, 7.30522454e-01, 8.39425293e+02,
       5.95088806e+02, 7.33844578e-01, 9.45235657e+02, 6.24484802e+02,
       8.29415083e-01, 1.04241260e+03, 6.74450806e+02, 8.16014111e-01,
       8.65814392e+02, 4.86178528e+02, 5.77201128e-01, 0., 0., 0., 0.,
       0., 0., 1.12480164e+03, 4.94928040e+02, 5.21484315e-01,
       1.12479480e+03, 5.44995972e+02, 5.40044785e-01, 1.33080103e+03,
       5.92116455e+02, 7.23969281e-01, 1.55451086e+03, 6.50916260e+02,
       6.33089781e-01, 1.12481152e+03, 4.39075409e+02, 5.17345488e-01,
       1.32797229e+03, 4.33146240e+02, 7.29045093e-01, 1.56627295e+03,
       4.33075531e+02, 6.45997643e-01, 7.27506531e+02, 5.12705078e+02,
       8.11796904e-01, 7.39366821e+02, 4.83150177e+02, 9.21235025e-01,
       7.39239746e+02, 5.50750549e+02, 7.45245218e-01, 7.68746338e+02,
       4.62635223e+02, 6.43586397e-01, 1.63699377e+03, 4.33165192e+02,
       3.37524444e-01, 1.63398462e+03, 4.21368225e+02, 3.51175159e-01,
       1.58984778e+03, 4.27270447e+02, 2.84472317e-01, 1.62225562e+03,
       6.59815735e+02, 3.66490662e-01, 1.61637244e+03, 6.71604248e+02,
       3.89414400e-01, 1.57516125e+03, 6.45151001e+02, 3.61069471e-01 ]
