%YAML:1.0
---
pose_0: !!opencv-matrix
   rows: 1
   cols: 25
   dt: "3f"
   data: [ 7.36247559e+02, 4.12488922e+02, 8.47124159e-01,
       8.12878906e+02, 4.83303833e+02, 6.57329500e-01, 8.33363892e+02,
       5.74404114e+02, 6.83714807e-01, 9.51041870e+02, 6.21403442e+02,
       7.97770441e-01, 1.05424292e+03, 6.03848267e+02, 7.37329364e-01,
       8.15754150e+02, 4.09680542e+02, 6.19700849e-01, 9.80558960e+02,
       3.68369446e+02, 8.09368849e-01, 1.10132800e+03, 3.09470551e+02,
       7.86964417e-01, 1.09834595e+03, 4.80177643e+02, 5.55833697e-01,
       1.09836743e+03, 5.27370483e+02, 5.47754288e-01, 1.34557532e+03,
       5.33305237e+02, 7.04768300e-01, 1.56634106e+03, 5.59687622e+02,
       6.21376812e-01, 1.09833582e+03, 4.24346710e+02, 5.07083178e-01,
       1.35443262e+03, 3.91971283e+02, 5.70161402e-01, 1.53982788e+03,
       3.97834564e+02, 4.45314169e-01, 7.12728943e+02, 4.21426971e+02,
       7.59557903e-01, 7.15772705e+02, 3.97860413e+02, 2.83808410e-01,
       7.15698853e+02, 4.59581848e+02, 6.98609054e-01, 0., 0., 0.,
       1.61338293e+03, 3.65534912e+02, 5.21742582e-01, 1.60745337e+03,
       3.62589142e+02, 5.32548785e-01, 1.56632935e+03, 4.09641907e+02,
       2.13303477e-01, 1.64875781e+03, 5.56760437e+02, 5.52192211e-01,
       1.63702405e+03, 5.71470154e+02, 5.37418008e-01, 1.58989661e+03,
       5.44986023e+02, 3.22272658e-01 ]
