%YAML:1.0
---
pose_0: !!opencv-matrix
   rows: 2
   cols: 25
   dt: "3f"
   data: [ 0., 0., 0., 8.39342468e+02, 5.30215332e+02, 4.72804904e-01,
       8.56952759e+02, 4.89102386e+02, 2.08666712e-01, 1.04834949e+03,
       4.36161011e+02, 2.76279479e-01, 1.11006104e+03, 3.71307007e+02,
       3.12935144e-01, 8.33481934e+02, 5.53901917e+02, 6.55610025e-01,
       9.80623840e+02, 6.12694031e+02, 5.66601992e-01, 1.12777087e+03,
       6.42026062e+02, 4.56239283e-01, 1.13656592e+03, 5.06727448e+02,
       3.80724132e-01, 1.13953833e+03, 4.91994995e+02, 3.53166729e-01,
       1.35136365e+03, 4.86233917e+02, 6.96179092e-01, 1.54566321e+03,
       5.44991882e+02, 4.26618129e-01, 1.12484717e+03, 5.27307373e+02,
       2.83582658e-01, 1.35441187e+03, 4.92064545e+02, 4.38968778e-01,
       1.51633752e+03, 5.77380432e+02, 4.24967557e-01, 0., 0., 0., 0.,
       0., 0., 0., 0., 0., 7.45178955e+02, 5.50862000e+02,
       2.14700893e-01, 0., 0., 0., 0., 0., 0., 1.54273828e+03,
       6.00863647e+02, 3.75779837e-01, 1.60740417e+03, 4.62587616e+02,
       4.20813233e-01, 1.60459253e+03, 4.77313080e+02, 3.27939153e-01,
       1.56921680e+03, 5.80299988e+02, 2.51064301e-01, 0., 0., 0., 0.,
       0., 0., 8.36334717e+02, 5.50892517e+02, 3.14890742e-01,
       9.83581726e+02, 6.15659241e+02, 3.18023741e-01, 1.13654260e+03,
       6.44972961e+02, 3.65857422e-01, 0., 0., 0., 0., 0., 0., 0., 0.,
       0., 0., 0., 0., 0., 0., 0., 0., 0., 0., 0., 0., 0., 0., 0., 0.,
       0., 0., 0., 0., 0., 0., 0., 0., 0., 0., 0., 0., 7.83407837e+02,
       4.80272217e+02, 1.29451185e-01, 0., 0., 0., 0., 0., 0., 0., 0.,
       0., 0., 0., 0., 0., 0., 0., 0., 0., 0., 0., 0., 0. ]
