%YAML:1.0
---
pose_0: !!opencv-matrix
   rows: 1
   cols: 25
   dt: "3f"
   data: [ 6.71684387e+02, 4.33218201e+02, 8.96863997e-01,
       8.12849304e+02, 4.56711578e+02, 7.79863000e-01, 8.12854187e+02,
       5.47849609e+02, 7.02493668e-01, 9.51135193e+02, 5.94974670e+02,
       7.03129649e-01, 1.02475220e+03, 5.80270813e+02, 8.54076326e-01,
       8.24642029e+02, 3.65423645e+02, 6.62189424e-01, 9.74576843e+02,
       3.18307983e+02, 8.78086686e-01, 8.80526794e+02, 3.38959259e+02,
       8.45614135e-01, 1.09541797e+03, 4.65566071e+02, 5.95705867e-01,
       1.08943689e+03, 5.12647888e+02, 6.00918591e-01, 1.29553760e+03,
       5.44937378e+02, 6.81835890e-01, 1.50453308e+03, 5.47990234e+02,
       5.75378418e-01, 1.09836267e+03, 4.12481018e+02, 5.61502814e-01,
       1.33082263e+03, 4.09603394e+02, 7.03606129e-01, 1.54573706e+03,
       4.27234741e+02, 5.74419320e-01, 6.59770691e+02, 4.42047333e+02,
       7.75447071e-01, 6.68703064e+02, 4.09700439e+02, 9.14361358e-01,
       6.77491272e+02, 4.65517975e+02, 4.53485250e-01, 6.95130005e+02,
       3.88897766e+02, 6.71765745e-01, 1.63407446e+03, 4.09538574e+02,
       2.72282630e-01, 1.63103760e+03, 4.06645416e+02, 2.91618317e-01,
       1.56924426e+03, 4.15572083e+02, 2.52866060e-01, 1.58990955e+03,
       5.42042358e+02, 3.10075223e-01, 1.57810718e+03, 5.53918091e+02,
       2.72511661e-01, 1.53683972e+03, 5.30352112e+02, 2.81074107e-01 ]
