%YAML:1.0
---
pose_0: !!opencv-matrix
   rows: 1
   cols: 25
   dt: "3f"
   data: [ 7.33312317e+02, 3.36018372e+02, 8.14717174e-01,
       8.48150574e+02, 3.53730469e+02, 6.94373012e-01, 8.36357910e+02,
       4.30240448e+02, 6.77340150e-01, 8.89390869e+02, 5.33239258e+02,
       8.04443359e-01, 7.59846313e+02, 5.33267517e+02, 7.68442512e-01,
       8.60067444e+02, 2.68373169e+02, 5.99199653e-01, 9.51277100e+02,
       1.53681473e+02, 7.39821196e-01, 0., 0., 0., 1.11898303e+03,
       3.65449951e+02, 6.18082643e-01, 1.11603540e+03, 4.12509277e+02,
       6.07856393e-01, 1.32786206e+03, 4.33065338e+02, 6.43335581e-01,
       1.53987952e+03, 4.53720306e+02, 6.45654202e-01, 1.12190723e+03,
       3.15320831e+02, 5.72586358e-01, 1.34846228e+03, 3.12418579e+02,
       5.95076025e-01, 1.57810718e+03, 2.91954956e+02, 6.17104232e-01,
       7.15786682e+02, 3.50714050e+02, 8.06273222e-01, 7.18672974e+02,
       3.18297302e+02, 8.51283789e-01, 7.39130554e+02, 3.80208221e+02,
       5.50449669e-01, 7.42260803e+02, 2.97872742e+02, 4.43787575e-01,
       1.64281958e+03, 2.71235199e+02, 5.10960460e-01, 1.63696484e+03,
       2.68282684e+02, 5.87748468e-01, 1.61050024e+03, 2.94866425e+02,
       2.19288796e-01, 1.60746802e+03, 4.56680664e+02, 4.47214752e-01,
       1.58997241e+03, 4.68453430e+02, 4.07944530e-01, 1.56926648e+03,
       4.36071167e+02, 3.79096240e-01 ]
