%YAML:1.0
---
pose_0: !!opencv-matrix
   rows: 1
   cols: 25
   dt: "3f"
   data: [ 0., 0., 0., 8.68770142e+02, 4.83183807e+02, 3.22506100e-01,
       0., 0., 0., 0., 0., 0., 0., 0., 0., 8.62856689e+02,
       5.03788727e+02, 5.49684048e-01, 9.98274841e+02, 5.24294922e+02,
       7.36577868e-01, 1.13649951e+03, 5.36136169e+02, 7.34240830e-01,
       1.12484338e+03, 5.50898804e+02, 2.96774983e-01, 1.13956177e+03,
       5.65598938e+02, 3.31042975e-01, 1.35151196e+03, 4.92041046e+02,
       7.56410301e-01, 1.59575061e+03, 6.48071899e+02, 5.01189470e-01,
       1.13955200e+03, 4.92053467e+02, 2.32693821e-01, 1.35729626e+03,
       4.15586975e+02, 7.37725675e-01, 1.56336768e+03, 5.06832245e+02,
       6.27090633e-01, 0., 0., 0., 0., 0., 0., 0., 0., 0., 0., 0., 0.,
       1.61341248e+03, 4.56652252e+02, 3.62669051e-01, 1.60750745e+03,
       4.56642334e+02, 3.79630238e-01, 1.57806970e+03, 5.30359497e+02,
       4.23482925e-01, 1.65749854e+03, 6.80403625e+02, 3.96049768e-01,
       1.63691711e+03, 6.92150574e+02, 4.21626389e-01, 1.62812329e+03,
       6.71521973e+02, 3.08915287e-01 ]
