%YAML:1.0
---
pose_0: !!opencv-matrix
   rows: 1
   cols: 25
   dt: "3f"
   data: [ 6.24432251e+02, 5.50768616e+02, 8.74453068e-01,
       7.65708984e+02, 5.53969788e+02, 6.97678864e-01, 7.65751465e+02,
       6.53907898e+02, 6.18898392e-01, 9.01102600e+02, 7.18578308e+02,
       8.38585973e-01, 1.02765527e+03, 7.86380798e+02, 8.54948044e-01,
       7.80393738e+02, 4.59657471e+02, 6.60949349e-01, 9.45246948e+02,
       4.30125610e+02, 6.87638760e-01, 1.11006738e+03, 4.06600708e+02,
       7.28370547e-01, 1.06304370e+03, 5.83295349e+02, 5.27245879e-01,
       1.05129309e+03, 6.42131653e+02, 5.51706433e-01, 1.28372595e+03,
       6.48003967e+02, 4.01772588e-01, 1.62808899e+03, 6.53920776e+02,
       3.40959698e-01, 1.06598718e+03, 5.24397034e+02, 5.24179935e-01,
       1.26905774e+03, 5.30426514e+02, 6.09294295e-01, 1.64872571e+03,
       5.06868378e+02, 3.97716880e-01, 6.06828796e+02, 5.62668030e+02,
       7.69029379e-01, 6.15575439e+02, 5.24392334e+02, 7.98077226e-01,
       6.27433838e+02, 5.83275146e+02, 3.04818183e-01, 6.44934326e+02,
       4.83312988e+02, 5.91664374e-01, 1.77532849e+03, 4.71434387e+02,
       3.70337307e-01, 1.77234131e+03, 4.62603912e+02, 3.62410754e-01,
       1.76639526e+03, 5.00841583e+02, 5.97165078e-02, 1.74285205e+03,
       6.39208069e+02, 1.47231162e-01, 1.73404712e+03, 6.50951233e+02,
       8.78470391e-02, 1.63989490e+03, 6.50928528e+02, 1.78499535e-01 ]
