%YAML:1.0
---
pose_0: !!opencv-matrix
   rows: 1
   cols: 25
   dt: "3f"
   data: [ 0., 0., 0., 9.42331543e+02, 5.03904022e+02, 2.36091718e-01,
       8.80561279e+02, 5.27254517e+02, 2.41692364e-01, 1.00116479e+03,
       5.74380249e+02, 5.74607372e-01, 1.16608289e+03, 5.06649445e+02,
       7.91140258e-01, 9.89452942e+02, 4.86124603e+02, 1.07959054e-01,
       1.06887000e+03, 5.03863617e+02, 5.29677421e-02, 0., 0., 0.,
       1.17483484e+03, 5.71499573e+02, 3.98320198e-01, 1.17484436e+03,
       6.03871277e+02, 3.85392874e-01, 1.38681897e+03, 5.06788849e+02,
       7.62361109e-01, 1.65162122e+03, 7.12750244e+02, 4.81808007e-01,
       1.18367883e+03, 5.30223938e+02, 3.43207449e-01, 1.39260144e+03,
       4.42048401e+02, 7.51459658e-01, 1.57515991e+03, 5.86184509e+02,
       3.07914048e-01, 0., 0., 0., 0., 0., 0., 0., 0., 0., 0., 0., 0.,
       1.62815479e+03, 5.36189941e+02, 9.44502056e-02, 1.62519495e+03,
       5.42008118e+02, 1.07967049e-01, 1.60167188e+03, 5.97939148e+02,
       1.21694550e-01, 1.71054993e+03, 7.30398560e+02, 1.95232615e-01,
       1.70166492e+03, 7.39302979e+02, 2.44524196e-01, 1.66930457e+03,
       7.42184875e+02, 2.96627790e-01 ]
