%YAML:1.0
---
pose_0: !!opencv-matrix
   rows: 1
   cols: 25
   dt: "3f"
   data: [ 7.45119629e+02, 4.30129486e+02, 8.45953822e-01,
       8.36464355e+02, 4.30254211e+02, 7.28164315e-01, 8.33401428e+02,
       5.06732178e+02, 6.58349931e-01, 9.27621521e+02, 5.53874390e+02,
       3.09902787e-01, 9.74713074e+02, 5.68530884e+02, 2.09187880e-01,
       8.57018311e+02, 3.44936981e+02, 6.74922347e-01, 9.62909790e+02,
       2.50671387e+02, 8.16390097e-01, 9.33526672e+02, 3.86068542e+02,
       8.67316365e-01, 1.12186621e+03, 4.30262787e+02, 6.01876378e-01,
       1.11898682e+03, 4.77214142e+02, 6.17944896e-01, 1.34260425e+03,
       5.65557068e+02, 7.33555615e-01, 1.55160986e+03, 5.68509399e+02,
       6.16659403e-01, 1.12192407e+03, 3.83101776e+02, 5.25100172e-01,
       1.35731152e+03, 3.38983185e+02, 7.74959922e-01, 1.51916150e+03,
       2.00612671e+02, 5.67492962e-01, 7.27511963e+02, 4.38994446e+02,
       8.15924585e-01, 7.36342896e+02, 4.06656189e+02, 8.52125287e-01,
       7.42197998e+02, 4.62671143e+02, 4.04839665e-01, 7.56871887e+02,
       3.74314941e+02, 5.09992898e-01, 1.56926294e+03, 1.47625763e+02,
       1.95691854e-01, 1.56630786e+03, 1.50537201e+02, 1.93883076e-01,
       0., 0., 0., 1.59283594e+03, 6.27467163e+02, 3.04349482e-01,
       1.59575745e+03, 6.24469666e+02, 2.96317071e-01, 1.58399243e+03,
       5.47881653e+02, 4.78769153e-01 ]
