%YAML:1.0
---
pose_0: !!opencv-matrix
   rows: 1
   cols: 25
   dt: "3f"
   data: [ 6.74615845e+02, 4.35974365e+02, 8.17310631e-01,
       8.15727112e+02, 4.27289978e+02, 7.27819145e-01, 8.06970581e+02,
       5.09768341e+02, 6.72677279e-01, 8.89339050e+02, 6.21578064e+02,
       8.12625051e-01, 9.18845825e+02, 5.83330261e+02, 7.80226350e-01,
       8.33425598e+02, 3.41936981e+02, 6.34178638e-01, 9.65902893e+02,
       3.18459076e+02, 3.20629984e-01, 9.95320618e+02, 3.18328186e+02,
       5.55091858e-01, 1.11888513e+03, 4.56673004e+02, 5.83824039e-01,
       1.11010217e+03, 5.06628113e+02, 6.01126313e-01, 1.33090759e+03,
       5.18485352e+02, 6.39962316e-01, 1.58986682e+03, 5.53801758e+02,
       6.18315279e-01, 1.12192957e+03, 3.94910919e+02, 5.08961380e-01,
       1.34845703e+03, 4.12611023e+02, 6.26001418e-01, 1.58693713e+03,
       4.06633423e+02, 5.24136484e-01, 6.65574951e+02, 4.53713623e+02,
       7.51765072e-01, 6.68520996e+02, 4.12522644e+02, 8.28684568e-01,
       6.80360352e+02, 4.71400452e+02, 1.55875847e-01, 6.92243591e+02,
       3.80123352e+02, 5.83466589e-01, 1.65750928e+03, 3.83051208e+02,
       4.06322271e-01, 1.65161523e+03, 3.74326080e+02, 4.25892800e-01,
       1.62803809e+03, 4.09657806e+02, 2.56621718e-01, 1.70753235e+03,
       5.50830933e+02, 3.63571316e-01, 1.68702026e+03, 5.65565552e+02,
       3.26797217e-01, 1.61928723e+03, 5.45020020e+02, 3.64305794e-01 ]
