%YAML:1.0
---
pose_0: !!opencv-matrix
   rows: 1
   cols: 25
   dt: "3f"
   data: [ 7.65821777e+02, 3.65587646e+02, 8.73599410e-01,
       8.80474243e+02, 3.62425507e+02, 7.38290548e-01, 8.77532776e+02,
       4.33112000e+02, 6.30095720e-01, 1.01298431e+03, 4.80248657e+02,
       6.41816497e-01, 1.09538147e+03, 5.06785522e+02, 8.46255898e-01,
       8.92327820e+02, 2.77175354e+02, 6.68613374e-01, 1.03951636e+03,
       2.65354065e+02, 8.17017674e-01, 1.01585608e+03, 1.88894836e+02,
       7.80997694e-01, 1.14540857e+03, 3.74302185e+02, 5.88710129e-01,
       1.14242566e+03, 4.21348053e+02, 6.05659425e-01, 1.36323608e+03,
       4.65537750e+02, 7.02050805e-01, 1.53986108e+03, 5.56730347e+02,
       6.72862709e-01, 1.14836218e+03, 3.21267609e+02, 5.56892693e-01,
       1.35151013e+03, 3.30116852e+02, 6.28012538e-01, 1.57517651e+03,
       3.18413544e+02, 6.63472116e-01, 7.54013855e+02, 3.85958893e+02,
       7.84425378e-01, 7.59808228e+02, 3.44959290e+02, 8.13759148e-01,
       7.68684509e+02, 4.03674042e+02, 2.35227048e-01, 7.83421143e+02,
       3.18465637e+02, 5.58582306e-01, 1.63997485e+03, 2.91896790e+02,
       5.51554501e-01, 1.63689453e+03, 2.88948730e+02, 5.76558471e-01,
       1.60749805e+03, 3.30095520e+02, 3.10759366e-01, 1.61345862e+03,
       6.00921509e+02, 6.90636516e-01, 1.59280286e+03, 6.06782715e+02,
       5.99934399e-01, 1.56045569e+03, 5.50837708e+02, 5.00435293e-01 ]
