%YAML:1.0
---
pose_0: !!opencv-matrix
   rows: 1
   cols: 25
   dt: "3f"
   data: [ 7.06921509e+02, 4.36021881e+02, 8.65459919e-01,
       8.30421692e+02, 4.62563263e+02, 7.32272685e-01, 8.33470520e+02,
       5.53739624e+02, 6.66772187e-01, 9.71759521e+02, 5.98007385e+02,
       7.50795543e-01, 1.04233264e+03, 5.80281555e+02, 8.18117857e-01,
       8.33469360e+02, 3.86100128e+02, 7.63678193e-01, 9.80589539e+02,
       3.38979279e+02, 8.68370771e-01, 9.07127625e+02, 3.59472321e+02,
       8.10593069e-01, 1.09830908e+03, 4.83218750e+02, 5.92997193e-01,
       1.09237048e+03, 5.30215454e+02, 6.09886706e-01, 1.30143066e+03,
       5.53861938e+02, 5.98915935e-01, 1.49269360e+03, 5.56864502e+02,
       5.56801021e-01, 1.10422107e+03, 4.33107239e+02, 5.37841022e-01,
       1.35152271e+03, 4.33278687e+02, 6.94955349e-01, 1.54274756e+03,
       4.53758362e+02, 6.37885928e-01, 6.92131958e+02, 4.53801605e+02,
       8.09864759e-01, 6.95155212e+02, 4.12679871e+02, 8.25116456e-01,
       7.12659119e+02, 4.80210754e+02, 6.15138888e-01, 7.24538635e+02,
       3.91923676e+02, 5.68459332e-01, 1.61629175e+03, 4.39100739e+02,
       6.56156898e-01, 1.61331018e+03, 4.36042938e+02, 6.68357372e-01,
       1.55450549e+03, 4.62667511e+02, 3.09620082e-01, 1.56033240e+03,
       5.56744019e+02, 4.23596472e-01, 1.53989880e+03, 5.71424744e+02,
       4.18525755e-01, 1.51624878e+03, 5.50856201e+02, 3.06958854e-01 ]
