%YAML:1.0
---
pose_0: !!opencv-matrix
   rows: 1
   cols: 25
   dt: "3f"
   data: [ 7.42192810e+02, 4.12439758e+02, 7.93655753e-01,
       8.36430542e+02, 4.33084808e+02, 6.12316549e-01, 8.15767151e+02,
       4.86107300e+02, 3.85515094e-01, 9.86494080e+02, 5.47985718e+02,
       6.84817851e-01, 1.06600171e+03, 5.03666534e+02, 8.10015798e-01,
       8.54035156e+02, 3.62583344e+02, 5.01200199e-01, 1.02167291e+03,
       3.38922333e+02, 8.41818571e-01, 1.09257092e+03, 2.71288269e+02,
       8.87008131e-01, 1.13954712e+03, 4.59645477e+02, 6.09965920e-01,
       1.13366821e+03, 5.06743927e+02, 6.11280203e-01, 1.33671729e+03,
       5.27311462e+02, 6.86978638e-01, 1.56630786e+03, 5.53930786e+02,
       6.35058701e-01, 1.14255701e+03, 4.09626099e+02, 5.94142616e-01,
       1.36909717e+03, 3.97870789e+02, 5.81847429e-01, 1.54869507e+03,
       4.00780670e+02, 6.47926390e-01, 7.24545898e+02, 4.27197449e+02,
       6.84937477e-01, 7.36361206e+02, 3.91940735e+02, 6.66708469e-01,
       7.42198425e+02, 4.56598541e+02, 5.73698401e-01, 7.62799683e+02,
       3.71337799e+02, 3.36991489e-01, 1.61343518e+03, 3.71311676e+02,
       5.76486170e-01, 1.61036047e+03, 3.65539429e+02, 5.83454907e-01,
       1.58098328e+03, 4.09513977e+02, 3.24052870e-01, 1.64285730e+03,
       5.50850220e+02, 5.23466349e-01, 1.63399866e+03, 5.62636169e+02,
       4.84972924e-01, 1.58985144e+03, 5.62634827e+02, 3.49175394e-01 ]
