%YAML:1.0
---
pose_0: !!opencv-matrix
   rows: 2
   cols: 25
   dt: "3f"
   data: [ 7.06846069e+02, 4.36048401e+02, 8.84421587e-01,
       8.01054749e+02, 4.80305603e+02, 6.87104106e-01, 7.71682861e+02,
       5.30261108e+02, 3.71855527e-01, 6.71447571e+02, 4.94905640e+02,
       2.04851359e-01, 0., 0., 0., 8.12926575e+02, 4.27315033e+02,
       6.49464011e-01, 9.74608337e+02, 4.12481384e+02, 7.47598231e-01,
       8.51124695e+02, 4.09498077e+02, 8.01680386e-01, 1.09829883e+03,
       4.83221039e+02, 5.61335146e-01, 1.09535999e+03, 5.30281738e+02,
       6.03217900e-01, 1.30738501e+03, 5.53880859e+02, 7.81162620e-01,
       1.54869128e+03, 6.06822815e+02, 5.65177381e-01, 1.09832629e+03,
       4.33046021e+02, 5.30688345e-01, 1.32791553e+03, 4.30186707e+02,
       5.06850481e-01, 1.55743945e+03, 4.56799683e+02, 5.53816676e-01,
       6.89230347e+02, 4.56556366e+02, 8.68096590e-01, 6.98009155e+02,
       4.15512604e+02, 8.20206404e-01, 6.95165039e+02, 4.83219269e+02,
       7.09948838e-01, 7.33395264e+02, 4.09679718e+02, 2.50556111e-01,
       1.62816101e+03, 4.39039948e+02, 4.45413202e-01, 1.61933936e+03,
       4.33202667e+02, 4.93688703e-01, 1.57515051e+03, 4.65541016e+02,
       2.33234897e-01, 1.64285950e+03, 5.80357849e+02, 3.41106087e-01,
       1.63689282e+03, 5.98012512e+02, 2.77623415e-01, 1.57806885e+03,
       6.06825500e+02, 3.75944883e-01, 0., 0., 0., 0., 0., 0.,
       8.01039978e+02, 5.62656250e+02, 3.45137298e-01, 8.95281189e+02,
       6.21423889e+02, 3.96817356e-01, 9.77650391e+02, 6.33341370e+02,
       5.63395500e-01, 0., 0., 0., 0., 0., 0., 0., 0., 0., 0., 0., 0.,
       0., 0., 0., 0., 0., 0., 0., 0., 0., 0., 0., 0., 0., 0., 0., 0.,
       0., 0., 0., 0., 0., 0., 0., 0., 0., 0., 0., 0., 0., 0., 0., 0.,
       0., 0., 0., 0., 0., 0., 0., 0., 0., 0., 0., 0., 0., 0., 0., 0. ]
