%YAML:1.0
---
pose_0: !!opencv-matrix
   rows: 1
   cols: 25
   dt: "3f"
   data: [ 7.39200195e+02, 5.33247437e+02, 7.86777735e-01,
       8.33317810e+02, 4.68454193e+02, 5.38981676e-01, 8.21703186e+02,
       4.59668884e+02, 3.76962751e-01, 0., 0., 0., 0., 0., 0.,
       8.33507446e+02, 4.80165039e+02, 7.17785060e-01, 9.86519531e+02,
       4.80366577e+02, 8.22332203e-01, 1.04534448e+03, 5.92082947e+02,
       7.45598793e-01, 1.13660535e+03, 4.44909241e+02, 3.13358307e-01,
       1.12777393e+03, 4.56653992e+02, 2.17382699e-01, 1.35445874e+03,
       5.06727142e+02, 5.35163045e-01, 1.58697961e+03, 4.30234039e+02,
       2.40602136e-01, 1.13658398e+03, 4.33158325e+02, 2.42492884e-01,
       1.35439807e+03, 5.30370911e+02, 6.73908830e-01, 1.63099597e+03,
       4.12646423e+02, 5.45375824e-01, 0., 0., 0., 7.27540161e+02,
       5.21401917e+02, 7.08448648e-01, 0., 0., 0., 7.48132324e+02,
       4.83132660e+02, 6.86005473e-01, 1.66932959e+03, 4.83170074e+02,
       1.26515970e-01, 1.67228821e+03, 4.71400299e+02, 9.24995542e-02,
       1.65753430e+03, 3.91987701e+02, 2.44531006e-01, 0., 0., 0., 0.,
       0., 0., 0., 0., 0. ]
