%YAML:1.0
---
pose_0: !!opencv-matrix
   rows: 1
   cols: 25
   dt: "3f"
   data: [ 8.09906982e+02, 5.39148499e+02, 8.22690725e-01,
       8.86363159e+02, 5.06736206e+02, 7.96889126e-01, 8.83600708e+02,
       5.71462769e+02, 7.27720201e-01, 9.27722717e+02, 6.68659851e+02,
       8.74813080e-01, 9.01097656e+02, 7.39153870e+02, 7.89433122e-01,
       8.83556335e+02, 4.53734772e+02, 6.09466970e-01, 8.45227783e+02,
       4.12621155e+02, 6.40389919e-01, 7.65887451e+02, 4.12447845e+02,
       8.21781635e-01, 1.13951257e+03, 5.27367065e+02, 5.82723737e-01,
       1.13655164e+03, 5.74375244e+02, 5.83215296e-01, 1.35134521e+03,
       6.24476807e+02, 7.16685712e-01, 1.52219995e+03, 6.27418396e+02,
       6.67580962e-01, 1.14244495e+03, 4.77354889e+02, 5.71027398e-01,
       1.35154858e+03, 4.68521271e+02, 6.79022849e-01, 1.55160632e+03,
       4.39040985e+02, 6.51721418e-01, 7.92300354e+02, 5.47844849e+02,
       6.71805680e-01, 8.06909851e+02, 5.21456909e+02, 7.61386812e-01,
       0., 0., 0., 8.27549255e+02, 4.83163300e+02, 5.50098419e-01,
       1.62220984e+03, 4.44924866e+02, 3.97123694e-01, 1.61629993e+03,
       4.33221161e+02, 4.66058224e-01, 1.58394275e+03, 4.33134247e+02,
       2.58277565e-01, 1.57219666e+03, 6.92174377e+02, 5.24527907e-01,
       1.57219019e+03, 6.89151855e+02, 4.62627649e-01, 1.55161255e+03,
       6.06851624e+02, 4.92952645e-01 ]
