%YAML:1.0
---
pose_0: !!opencv-matrix
   rows: 1
   cols: 25
   dt: "3f"
   data: [ 6.27443909e+02, 4.97889252e+02, 7.73187041e-01,
       7.65778870e+02, 5.09712616e+02, 6.88311517e-01, 7.65778870e+02,
       6.00820984e+02, 7.12886989e-01, 9.07081421e+02, 6.68707520e+02,
       7.44650722e-01, 1.04530847e+03, 7.42231445e+02, 8.64589930e-01,
       7.68681946e+02, 4.21355316e+02, 4.38173205e-01, 9.30532776e+02,
       4.09584167e+02, 2.96861768e-01, 1.03061707e+03, 4.36182922e+02,
       2.61203110e-01, 1.06887036e+03, 5.56817810e+02, 5.50975025e-01,
       1.04837646e+03, 6.21433777e+02, 5.51692784e-01, 1.14545044e+03,
       6.68658508e+02, 1.06454626e-01, 0., 0., 0., 1.07774084e+03,
       4.97869141e+02, 5.10312438e-01, 1.33085010e+03, 4.86101349e+02,
       4.86655653e-01, 1.60163416e+03, 5.00800934e+02, 4.01260018e-01,
       6.18574280e+02, 5.18521851e+02, 7.47335136e-01, 6.15677551e+02,
       4.77246307e+02, 7.80481219e-01, 6.27447021e+02, 5.47948730e+02,
       3.97339493e-01, 6.47988831e+02, 4.47908813e+02, 5.43018222e-01,
       1.71053162e+03, 4.86147644e+02, 2.09231108e-01, 1.70754224e+03,
       4.80245209e+02, 2.39174560e-01, 1.63105652e+03, 5.00848663e+02,
       2.83925116e-01, 0., 0., 0., 0., 0., 0., 0., 0., 0. ]
