%YAML:1.0
---
pose_0: !!opencv-matrix
   rows: 1
   cols: 25
   dt: "3f"
   data: [ 7.12701782e+02, 4.95013641e+02, 7.96413124e-01,
       8.09794373e+02, 4.42010406e+02, 5.27288556e-01, 7.89389282e+02,
       4.59663086e+02, 3.35891962e-01, 9.45307617e+02, 5.18544373e+02,
       7.28787482e-02, 0., 0., 0., 8.15731140e+02, 4.33133057e+02,
       7.44183123e-01, 9.48179993e+02, 5.12658752e+02, 7.83907533e-01,
       8.83397095e+02, 6.03858704e+02, 7.61435807e-01, 1.12774426e+03,
       4.36050598e+02, 4.56908762e-01, 1.11305176e+03, 4.56665039e+02,
       2.85255313e-01, 1.33088977e+03, 4.71416260e+02, 6.30894125e-01,
       1.56629773e+03, 4.03725464e+02, 4.31568831e-01, 1.13659961e+03,
       4.18429230e+02, 4.00919855e-01, 1.33971497e+03, 5.06839539e+02,
       7.00633943e-01, 1.62515942e+03, 4.15504883e+02, 3.51690918e-01,
       6.92148743e+02, 5.00827972e+02, 5.33929169e-01, 6.95106873e+02,
       4.74356628e+02, 8.16524565e-01, 0., 0., 0., 7.15638367e+02,
       4.30253967e+02, 6.83500350e-01, 1.68410437e+03, 3.59624115e+02,
       1.72646195e-01, 1.68994238e+03, 3.62601440e+02, 1.14057243e-01,
       1.65756592e+03, 4.56718903e+02, 1.71801284e-01, 1.68990247e+03,
       3.59596680e+02, 4.29836810e-01, 1.68696887e+03, 3.65508759e+02,
       3.34434867e-01, 1.58693298e+03, 3.65511230e+02, 2.29362160e-01 ]
