%YAML:1.0
---
pose_0: !!opencv-matrix
   rows: 1
   cols: 25
   dt: "3f"
   data: [ 7.42157104e+02, 3.91974274e+02, 8.69419754e-01,
       8.62881104e+02, 3.86118805e+02, 7.72811055e-01, 8.83401489e+02,
       4.68498962e+02, 6.71597064e-01, 1.01003058e+03, 5.09739807e+02,
       7.68844724e-01, 1.08950256e+03, 5.89116699e+02, 7.81160653e-01,
       8.59844543e+02, 3.00726410e+02, 6.54767632e-01, 9.71816162e+02,
       1.91761673e+02, 7.79021502e-01, 1.09536890e+03, 2.71201721e+02,
       8.06931734e-01, 1.13947388e+03, 4.09635956e+02, 6.34859681e-01,
       1.12780188e+03, 4.59523834e+02, 6.36401474e-01, 1.33086047e+03,
       4.92048645e+02, 7.24312723e-01, 1.54269971e+03, 5.47846313e+02,
       6.60972893e-01, 1.14254395e+03, 3.53666321e+02, 5.87243617e-01,
       1.36027039e+03, 3.41801605e+02, 6.32197917e-01, 1.57217102e+03,
       2.91983978e+02, 6.54462993e-01, 7.33304260e+02, 4.12502747e+02,
       7.99164951e-01, 7.33297974e+02, 3.80107330e+02, 7.92609096e-01,
       7.45242004e+02, 4.33147858e+02, 3.21399331e-01, 7.48065125e+02,
       3.50787323e+02, 4.73085076e-01, 1.63991333e+03, 2.71309509e+02,
       4.93572414e-01, 1.63687000e+03, 2.68374298e+02, 5.25990069e-01,
       1.61039624e+03, 2.94779358e+02, 2.50531226e-01, 1.61336951e+03,
       5.30350952e+02, 5.82188845e-01, 1.60452881e+03, 5.50799377e+02,
       5.20346045e-01, 1.56335901e+03, 5.50898193e+02, 3.54428649e-01 ]
