%YAML:1.0
---
pose_0: !!opencv-matrix
   rows: 2
   cols: 25
   dt: "3f"
   data: [ 7.80427368e+02, 5.50806824e+02, 6.72910631e-01,
       8.59925293e+02, 4.74305420e+02, 5.62120974e-01, 8.45208191e+02,
       4.77281555e+02, 3.33584100e-01, 0., 0., 0., 0., 0., 0.,
       8.71750854e+02, 4.77354218e+02, 6.20356858e-01, 1.00998645e+03,
       4.80347382e+02, 8.25681508e-01, 1.13075757e+03, 5.65612061e+02,
       7.71773517e-01, 1.10128052e+03, 4.65534363e+02, 2.70981580e-01,
       1.08359729e+03, 5.03750397e+02, 1.49403781e-01, 0., 0., 0., 0.,
       0., 0., 1.11305615e+03, 4.36206848e+02, 3.77632052e-01,
       1.35434363e+03, 5.30349976e+02, 7.45581508e-01, 1.61336768e+03,
       4.33169800e+02, 4.01092052e-01, 7.62790405e+02, 5.47942200e+02,
       5.53602502e-02, 7.65846680e+02, 5.30287048e+02, 6.93123519e-01,
       0., 0., 0., 7.86307983e+02, 4.89048096e+02, 6.41068280e-01,
       1.68402930e+03, 3.68458801e+02, 2.69643873e-01, 1.68402490e+03,
       3.68473053e+02, 2.35638008e-01, 1.65166296e+03, 4.59718384e+02,
       1.45791695e-01, 0., 0., 0., 0., 0., 0., 0., 0., 0., 0., 0., 0.,
       0., 0., 0., 0., 0., 0., 0., 0., 0., 0., 0., 0., 0., 0., 0., 0.,
       0., 0., 0., 0., 0., 0., 0., 0., 1.13957251e+03, 4.09626465e+02,
       1.29250124e-01, 1.35436414e+03, 5.15546326e+02, 3.07069421e-01,
       1.59576489e+03, 4.36077332e+02, 2.63851225e-01, 0., 0., 0., 0.,
       0., 0., 0., 0., 0., 0., 0., 0., 0., 0., 0., 0., 0., 0., 0., 0.,
       0., 0., 0., 0., 0., 0., 0., 0., 0., 0., 0., 0., 0., 0., 0., 0.,
       0., 0., 0. ]
