%YAML:1.0
---
pose_0: !!opencv-matrix
   rows: 1
   cols: 25
   dt: "3f"
   data: [ 9.06970337e+02, 4.83116821e+02, 1.88160822e-01,
       9.54079041e+02, 3.88994568e+02, 3.56543094e-01, 9.30526062e+02,
       3.53666321e+02, 2.23974690e-01, 8.83449463e+02, 2.83033630e+02,
       1.78004265e-01, 7.51019592e+02, 2.85992889e+02, 2.64106572e-01,
       9.80617798e+02, 4.15480286e+02, 8.71787593e-02, 0., 0., 0., 0.,
       0., 0., 1.14840588e+03, 3.65544067e+02, 5.34860075e-01,
       1.14833777e+03, 4.15475159e+02, 5.51351428e-01, 1.35733972e+03,
       4.39150604e+02, 7.59900928e-01, 1.54280347e+03, 4.47921356e+02,
       6.45511508e-01, 1.15421680e+03, 3.18358765e+02, 5.02227008e-01,
       1.36910376e+03, 3.12456604e+02, 6.76211596e-01, 1.57224304e+03,
       2.85968018e+02, 6.22324347e-01, 9.04156677e+02, 4.77272766e+02,
       1.19374491e-01, 9.03988525e+02, 4.74337677e+02, 1.89655781e-01,
       0., 0., 0., 9.03980286e+02, 4.56711761e+02, 3.39288116e-01,
       1.64283020e+03, 2.50672348e+02, 2.93405086e-01, 1.63405542e+03,
       2.50668427e+02, 3.39684755e-01, 1.60751355e+03, 2.77214661e+02,
       2.75997490e-01, 1.61033728e+03, 4.59632202e+02, 5.79327643e-01,
       1.59285400e+03, 4.74352234e+02, 5.47276974e-01, 1.56638342e+03,
       4.30240173e+02, 3.44090730e-01 ]
