%YAML:1.0
---
pose_0: !!opencv-matrix
   rows: 1
   cols: 25
   dt: "3f"
   data: [ 7.39154175e+02, 4.65584137e+02, 8.73648465e-01,
       8.51046387e+02, 5.06667419e+02, 6.95794940e-01, 8.57057678e+02,
       6.00859009e+02, 7.16437459e-01, 9.89455627e+02, 6.30382141e+02,
       6.02356434e-01, 1.11599011e+03, 6.59730042e+02, 6.25772595e-01,
       8.36358521e+02, 4.27295441e+02, 5.70886135e-01, 9.59959473e+02,
       3.62484863e+02, 7.67785192e-01, 1.04244482e+03, 2.71281647e+02,
       8.59359980e-01, 1.13066980e+03, 4.65575195e+02, 5.16704500e-01,
       1.12478308e+03, 5.24311523e+02, 5.71083426e-01, 1.32492676e+03,
       5.77512146e+02, 7.76675105e-01, 1.57517102e+03, 6.27407349e+02,
       5.66343188e-01, 1.12482092e+03, 4.09653595e+02, 5.28711021e-01,
       1.37792725e+03, 4.12461884e+02, 6.28025949e-01, 1.57217407e+03,
       4.36235962e+02, 6.46276057e-01, 7.15831421e+02, 4.80288666e+02,
       9.08769786e-01, 7.30365234e+02, 4.47884308e+02, 8.24593544e-01,
       7.33401123e+02, 5.06891113e+02, 6.85761452e-01, 7.56865601e+02,
       4.30255493e+02, 6.30138040e-01, 1.63995740e+03, 4.21403687e+02,
       4.04916883e-01, 1.63689575e+03, 4.15513458e+02, 4.27158773e-01,
       1.60165308e+03, 4.39070526e+02, 2.83621341e-01, 1.66049182e+03,
       5.97918823e+02, 3.55067462e-01, 1.66933545e+03, 6.27380310e+02,
       2.71456480e-01, 1.59872278e+03, 6.33287964e+02, 3.13551724e-01 ]
