%YAML:1.0
---
pose_0: !!opencv-matrix
   rows: 1
   cols: 25
   dt: "3f"
   data: [ 0., 0., 0., 6.95051575e+02, 5.21469055e+02, 2.78861284e-01,
       6.86261414e+02, 6.71566162e+02, 3.91372979e-01, 7.80443481e+02,
       8.80557312e+02, 7.19897509e-01, 6.00964844e+02, 9.57044861e+02,
       7.22888350e-01, 7.06867493e+02, 4.38998840e+02, 6.25222325e-01,
       6.92112488e+02, 5.21492371e+02, 7.02325821e-01, 4.68506805e+02,
       6.71457275e+02, 6.96832836e-01, 1.08655518e+03, 4.97913055e+02,
       1.42489791e-01, 1.08359668e+03, 5.56770020e+02, 9.49723870e-02,
       1.11304492e+03, 6.30348816e+02, 9.15895104e-02, 1.71058337e+03,
       6.00923157e+02, 3.82171243e-01, 1.07181360e+03, 4.39028717e+02,
       2.23171845e-01, 1.17782874e+03, 3.68505646e+02, 1.46093935e-01,
       1.61634143e+03, 1.71174194e+02, 1.38890103e-01, 0., 0., 0.,
       5.80336609e+02, 4.68539246e+02, 5.71118221e-02, 0., 0., 0.,
       5.80339294e+02, 4.62563904e+02, 9.61337239e-02, 0., 0., 0., 0.,
       0., 0., 1.62514880e+03, 1.77071198e+02, 1.29069999e-01,
       1.84004211e+03, 5.80329468e+02, 1.33768246e-01, 1.82828906e+03,
       5.97980408e+02, 9.57902446e-02, 1.73109436e+03, 5.80315002e+02,
       1.63587078e-01 ]
