%YAML:1.0
---
pose_0: !!opencv-matrix
   rows: 1
   cols: 25
   dt: "3f"
   data: [ 6.71679626e+02, 4.27296143e+02, 8.53220940e-01,
       8.06857361e+02, 4.59698486e+02, 6.96851432e-01, 8.09862061e+02,
       5.50982727e+02, 6.68671191e-01, 9.30634888e+02, 5.86261169e+02,
       6.63410366e-01, 1.01296637e+03, 5.94966064e+02, 8.12224984e-01,
       7.98112427e+02, 3.80139160e+02, 6.17757976e-01, 9.60016846e+02,
       3.44810608e+02, 8.32361996e-01, 8.51143127e+02, 3.62539032e+02,
       7.36193299e-01, 1.09237244e+03, 4.62646149e+02, 5.61599374e-01,
       1.08070081e+03, 5.09675781e+02, 5.91632485e-01, 1.31319189e+03,
       5.50750854e+02, 6.19910061e-01, 1.53096558e+03, 5.68554443e+02,
       5.77426434e-01, 1.09248425e+03, 4.09655762e+02, 5.45806468e-01,
       1.32790967e+03, 4.09537201e+02, 5.47904968e-01, 1.57806982e+03,
       4.33018921e+02, 6.55761600e-01, 6.56833618e+02, 4.39048126e+02,
       8.40196967e-01, 6.68659119e+02, 4.06710419e+02, 8.91080022e-01,
       6.71635315e+02, 4.77191650e+02, 5.46218395e-01, 6.98141174e+02,
       3.85966827e+02, 3.65717232e-01, 1.63997717e+03, 4.09613129e+02,
       3.72851133e-01, 1.63687720e+03, 4.06602295e+02, 4.12184447e-01,
       1.60752588e+03, 4.36143250e+02, 2.98712790e-01, 1.63986670e+03,
       5.68576294e+02, 2.06067115e-01, 1.61638171e+03, 5.80379517e+02,
       1.77580446e-01, 1.56332507e+03, 5.50896240e+02, 3.03958982e-01 ]
