%YAML:1.0
---
pose_0: !!opencv-matrix
   rows: 1
   cols: 25
   dt: "3f"
   data: [ 5.06814087e+02, 5.59749268e+02, 8.24251473e-01,
       6.01041687e+02, 5.47931885e+02, 6.06514275e-01, 5.68539124e+02,
       6.24477173e+02, 2.15817899e-01, 6.89174683e+02, 7.42219849e+02,
       3.95634890e-01, 5.56759705e+02, 7.51061707e+02, 3.33292991e-01,
       6.45054321e+02, 4.56749481e+02, 6.96557343e-01, 6.21516663e+02,
       5.65629150e+02, 6.64573073e-01, 4.53703613e+02, 7.09821533e+02,
       6.47495329e-01, 1.03060815e+03, 6.21516541e+02, 3.48526746e-01,
       1.02474365e+03, 6.92202576e+02, 3.67148012e-01, 1.16598755e+03,
       7.48110474e+02, 1.40479356e-01, 0., 0., 0., 1.03944312e+03,
       5.50906921e+02, 2.86637753e-01, 1.35441980e+03, 6.24431274e+02,
       4.01812941e-01, 1.63988477e+03, 5.95057434e+02, 2.12104782e-01,
       4.83256226e+02, 5.80395081e+02, 7.44567573e-01, 5.00741730e+02,
       5.33312866e+02, 7.85046458e-01, 4.97910492e+02, 6.18633545e+02,
       2.04298243e-01, 5.30312927e+02, 5.00789520e+02, 5.83285213e-01,
       1.71936487e+03, 5.42066833e+02, 1.44874662e-01, 1.71642871e+03,
       5.42080139e+02, 1.46313086e-01, 1.74582251e+03, 6.68624939e+02,
       1.09506987e-01, 0., 0., 0., 0., 0., 0., 0., 0., 0. ]
