%YAML:1.0
---
pose_0: !!opencv-matrix
   rows: 1
   cols: 25
   dt: "3f"
   data: [ 7.42172546e+02, 5.83267151e+02, 8.68250668e-01,
       8.42309082e+02, 5.77316650e+02, 6.89510882e-01, 8.42312378e+02,
       6.47994385e+02, 5.92879117e-01, 9.89447815e+02, 7.00971680e+02,
       6.29917741e-01, 1.11900635e+03, 7.62714355e+02, 8.47581863e-01,
       8.45263123e+02, 5.03678070e+02, 6.44563556e-01, 1.00122552e+03,
       4.62642914e+02, 7.83411741e-01, 1.13942639e+03, 4.36166351e+02,
       8.33670676e-01, 1.11301184e+03, 5.89179565e+02, 5.53550363e-01,
       1.11304846e+03, 6.42069153e+02, 5.70919752e-01, 1.32490906e+03,
       6.47916565e+02, 6.93755746e-01, 1.55158398e+03, 6.71559937e+02,
       6.42033994e-01, 1.11007800e+03, 5.30384033e+02, 5.87852359e-01,
       1.34263818e+03, 4.83301788e+02, 6.29078865e-01, 1.55452515e+03,
       4.74337494e+02, 5.45663178e-01, 7.24592712e+02, 5.98081482e+02,
       8.22574139e-01, 7.33329468e+02, 5.65599670e+02, 7.89371133e-01,
       7.42327209e+02, 6.21391846e+02, 2.85908967e-01, 7.48091370e+02,
       5.30418213e+02, 6.19384825e-01, 1.63701843e+03, 4.59733063e+02,
       5.34153223e-01, 1.63409460e+03, 4.56664429e+02, 5.54999471e-01,
       1.56634595e+03, 4.62569885e+02, 2.72455722e-01, 1.63388281e+03,
       6.68686035e+02, 4.54566061e-01, 1.61928918e+03, 6.80420776e+02,
       4.33317184e-01, 1.56933459e+03, 6.65717224e+02, 3.34765136e-01 ]
