%YAML:1.0
---
pose_0: !!opencv-matrix
   rows: 1
   cols: 25
   dt: "3f"
   data: [ 7.18672852e+02, 5.03824310e+02, 7.85787553e-02,
       8.33474731e+02, 4.80307526e+02, 5.96354842e-01, 8.45175781e+02,
       5.30237915e+02, 4.37714845e-01, 7.98118591e+02, 5.94955139e+02,
       6.87659383e-01, 7.12767944e+02, 5.53715881e+02, 7.68100142e-01,
       8.15792847e+02, 4.33202423e+02, 4.50761437e-01, 7.98082886e+02,
       3.89126770e+02, 6.65582061e-01, 6.27463501e+02, 4.83128754e+02,
       7.77731657e-01, 1.10418701e+03, 5.33263000e+02, 5.18073559e-01,
       1.09242358e+03, 5.95062927e+02, 5.36198258e-01, 1.32489954e+03,
       6.00850342e+02, 6.05873942e-01, 1.63994250e+03, 6.01047791e+02,
       5.13348877e-01, 1.11308118e+03, 4.77259674e+02, 4.81462806e-01,
       1.39266150e+03, 4.86175537e+02, 5.35427809e-01, 1.60754480e+03,
       4.97936188e+02, 5.98758578e-01, 0., 0., 0., 7.24541992e+02,
       4.83294159e+02, 1.08699150e-01, 0., 0., 0., 7.36340149e+02,
       4.83293854e+02, 1.95183769e-01, 1.68407495e+03, 4.59751343e+02,
       5.75822353e-01, 1.68099219e+03, 4.59663147e+02, 5.89725912e-01,
       1.62223682e+03, 5.15556702e+02, 3.77154559e-01, 0., 0., 0., 0.,
       0., 0., 1.66349121e+03, 5.83316772e+02, 2.25785062e-01 ]
