%YAML:1.0
---
pose_0: !!opencv-matrix
   rows: 1
   cols: 25
   dt: "3f"
   data: [ 7.51059753e+02, 4.68511932e+02, 7.76512623e-01,
       8.65869873e+02, 4.77204681e+02, 6.68648958e-01, 8.71718323e+02,
       5.53819092e+02, 6.61268771e-01, 1.00124225e+03, 5.97843384e+02,
       7.49627233e-01, 1.11902271e+03, 6.45084045e+02, 8.64520192e-01,
       8.60049927e+02, 4.00810913e+02, 5.88730395e-01, 1.02772021e+03,
       3.39015839e+02, 7.20047116e-01, 1.16005444e+03, 2.74251434e+02,
       7.34264791e-01, 1.13652686e+03, 4.62598022e+02, 5.61510921e-01,
       1.12777881e+03, 5.09749603e+02, 5.96934080e-01, 1.33383813e+03,
       5.77392822e+02, 7.52849102e-01, 1.53986353e+03, 6.50949280e+02,
       6.54813170e-01, 1.13658838e+03, 4.09664063e+02, 5.61124921e-01,
       1.34557166e+03, 4.15556091e+02, 5.42134821e-01, 1.58102600e+03,
       4.50803375e+02, 6.35289669e-01, 7.39197083e+02, 4.83236359e+02,
       8.36845458e-01, 7.39291870e+02, 4.50839386e+02, 8.56048167e-01,
       7.56860474e+02, 5.06754944e+02, 2.81476438e-01, 7.65673584e+02,
       4.18444641e+02, 5.46117127e-01, 1.63987964e+03, 4.27289703e+02,
       5.35979867e-01, 1.63409473e+03, 4.18491974e+02, 6.00074768e-01,
       1.60747864e+03, 4.56802399e+02, 3.63589704e-01, 1.62217822e+03,
       6.62748657e+02, 3.32304358e-01, 0., 0., 0., 1.56633069e+03,
       6.48062561e+02, 3.41963857e-01 ]
