%YAML:1.0
---
pose_0: !!opencv-matrix
   rows: 1
   cols: 25
   dt: "3f"
   data: [ 1.00714435e+03, 5.18466614e+02, 1.67893767e-01,
       1.05420093e+03, 4.62562744e+02, 2.73446709e-01, 1.03650110e+03,
       4.74343018e+02, 1.71048522e-01, 1.04244031e+03, 5.56774719e+02,
       8.36599320e-02, 0., 0., 0., 1.06895703e+03, 4.44922211e+02,
       1.95463851e-01, 0., 0., 0., 0., 0., 0., 1.19544934e+03,
       4.15532959e+02, 3.20361525e-01, 1.20720874e+03, 4.00792938e+02,
       2.12820873e-01, 1.37206543e+03, 5.09645630e+02, 5.42951643e-01,
       1.56635559e+03, 4.09601440e+02, 4.06290352e-01, 1.20428784e+03,
       4.30207367e+02, 3.68563175e-01, 1.36320203e+03, 5.27421875e+02,
       7.19846189e-01, 1.64576318e+03, 4.12463043e+02, 5.38646996e-01,
       1.00123450e+03, 5.06824768e+02, 1.53011933e-01, 1.01591705e+03,
       5.03838715e+02, 1.94696546e-01, 0., 0., 0., 1.02181329e+03,
       4.86143005e+02, 1.39096901e-01, 1.70169238e+03, 3.65378082e+02,
       2.50494391e-01, 1.69874133e+03, 3.65528137e+02, 2.55211532e-01,
       1.67810193e+03, 3.91924957e+02, 2.14575440e-01, 0., 0., 0., 0.,
       0., 0., 1.58688074e+03, 3.68461334e+02, 2.22468346e-01 ]
