%YAML:1.0
---
pose_0: !!opencv-matrix
   rows: 1
   cols: 25
   dt: "3f"
   data: [ 0., 0., 0., 9.92354797e+02, 5.03688599e+02, 3.26064855e-01,
       9.60014526e+02, 5.47916870e+02, 3.80365968e-01, 8.30476318e+02,
       4.94941162e+02, 6.34078503e-01, 9.36525818e+02, 4.56688660e+02,
       1.84233561e-01, 1.01589630e+03, 4.59745605e+02, 1.70875803e-01,
       0., 0., 0., 0., 0., 0., 1.16608081e+03, 5.12651978e+02,
       3.49516332e-01, 1.16311023e+03, 5.50855652e+02, 3.13293993e-01,
       1.37208984e+03, 4.36194244e+02, 7.46597886e-01, 1.58691650e+03,
       6.39116333e+02, 6.12911582e-01, 1.16902783e+03, 4.74372131e+02,
       2.88608372e-01, 1.37792053e+03, 4.27319214e+02, 2.76094973e-01,
       1.55743530e+03, 5.12623474e+02, 8.57110992e-02, 0., 0., 0., 0.,
       0., 0., 0., 0., 0., 0., 0., 0., 1.58983484e+03, 5.03796722e+02,
       6.06397539e-02, 1.58987671e+03, 5.03797577e+02, 6.16788194e-02,
       0., 0., 0., 1.61935107e+03, 6.48026428e+02, 4.06552196e-01,
       1.60754260e+03, 6.59796753e+02, 3.98571610e-01, 1.59571912e+03,
       6.48065796e+02, 4.13284123e-01 ]
