%YAML:1.0
---
pose_0: !!opencv-matrix
   rows: 1
   cols: 25
   dt: "3f"
   data: [ 6.24366760e+02, 5.27396240e+02, 8.51660967e-01,
       7.45147522e+02, 5.53849243e+02, 6.42037988e-01, 7.48074158e+02,
       6.30349304e+02, 5.01594782e-01, 9.04031555e+02, 6.89161743e+02,
       7.45207727e-01, 1.06889771e+03, 6.71497009e+02, 8.15499127e-01,
       7.42153687e+02, 4.89122833e+02, 4.68890429e-01, 8.51118347e+02,
       4.68496124e+02, 4.53599870e-01, 7.53959412e+02, 5.30193726e+02,
       5.00750005e-01, 1.08068994e+03, 5.44956238e+02, 5.23837686e-01,
       1.07177588e+03, 5.95071167e+02, 5.60342789e-01, 1.33678357e+03,
       6.18521912e+02, 6.26575112e-01, 1.61342029e+03, 6.74581299e+02,
       5.73363721e-01, 1.08945801e+03, 4.83188263e+02, 4.95822310e-01,
       1.32495984e+03, 4.53752441e+02, 4.32672948e-01, 1.61050476e+03,
       4.27239166e+02, 4.19303745e-01, 6.06799988e+02, 5.47873718e+02,
       7.85599411e-01, 6.18513000e+02, 5.03919067e+02, 8.00981522e-01,
       6.24498474e+02, 5.74502075e+02, 5.27647138e-01, 6.48071533e+02,
       4.83247772e+02, 6.30530536e-01, 1.70456470e+03, 4.15593445e+02,
       7.95934498e-02, 1.69580188e+03, 4.09597687e+02, 1.05879039e-01,
       1.62814111e+03, 4.18497864e+02, 2.77250469e-01, 1.71055896e+03,
       6.27434387e+02, 5.60680211e-01, 1.70757849e+03, 6.42127686e+02,
       4.67468113e-01, 1.63702539e+03, 6.95109253e+02, 3.46998751e-01 ]
