%YAML:1.0
---
pose_0: !!opencv-matrix
   rows: 1
   cols: 25
   dt: "3f"
   data: [ 7.83419312e+02, 3.89003510e+02, 8.59333515e-01,
       8.89396057e+02, 3.86065399e+02, 6.82055891e-01, 8.89382874e+02,
       4.59757080e+02, 7.22855151e-01, 1.00109601e+03, 4.80114960e+02,
       7.43467331e-01, 9.42352295e+02, 3.83157135e+02, 7.67677069e-01,
       8.92275818e+02, 3.12462189e+02, 5.83602011e-01, 1.04532642e+03,
       2.86024719e+02, 7.85083652e-01, 9.33543152e+02, 2.91847382e+02,
       8.03775012e-01, 1.13958472e+03, 4.27251495e+02, 6.50419354e-01,
       1.12185974e+03, 4.71454193e+02, 6.35343313e-01, 1.30430103e+03,
       5.50971741e+02, 8.08478355e-01, 1.46625940e+03, 6.00857117e+02,
       7.41963387e-01, 1.16007043e+03, 3.68477997e+02, 5.93801022e-01,
       1.35436682e+03, 3.80154968e+02, 6.70805216e-01, 1.54576343e+03,
       3.92030273e+02, 6.62562370e-01, 7.68638611e+02, 4.06618195e+02,
       7.69316018e-01, 7.65828979e+02, 3.71295990e+02, 8.06059420e-01,
       7.89188354e+02, 4.21401031e+02, 4.07864690e-01, 7.86383667e+02,
       3.41868011e+02, 6.11863732e-01, 1.61335022e+03, 3.83080811e+02,
       5.58597028e-01, 1.61035657e+03, 3.74248810e+02, 5.98733008e-01,
       1.56923279e+03, 4.03688934e+02, 3.51548463e-01, 1.48969702e+03,
       6.68535583e+02, 5.18994749e-01, 1.47510864e+03, 6.62707825e+02,
       5.07054806e-01, 1.48972449e+03, 5.92140869e+02, 5.06278276e-01 ]
