%YAML:1.0
---
pose_0: !!opencv-matrix
   rows: 1
   cols: 25
   dt: "3f"
   data: [ 7.53981079e+02, 3.65445862e+02, 8.66035521e-01,
       8.62896729e+02, 3.94938446e+02, 6.70588791e-01, 8.59980103e+02,
       4.89076202e+02, 7.09189415e-01, 9.92356079e+02, 5.30349670e+02,
       7.37229943e-01, 1.09530029e+03, 5.42092834e+02, 8.22185278e-01,
       8.83411133e+02, 3.06628143e+02, 6.53574169e-01, 9.77529236e+02,
       2.12384583e+02, 8.30368578e-01, 1.02186469e+03, 1.00603798e+02,
       8.73052001e-01, 1.13954517e+03, 3.77276337e+02, 5.55402100e-01,
       1.13952576e+03, 4.27265625e+02, 5.80801785e-01, 1.35152380e+03,
       4.80283325e+02, 7.73854852e-01, 1.54570313e+03, 5.74399048e+02,
       6.40080690e-01, 1.13950208e+03, 3.24255646e+02, 5.23659170e-01,
       1.33972473e+03, 3.18395905e+02, 7.61646628e-01, 1.57518066e+03,
       3.15459747e+02, 6.90799236e-01, 7.39202698e+02, 3.85995697e+02,
       8.24783087e-01, 7.42215942e+02, 3.44922058e+02, 8.06647420e-01,
       7.56850952e+02, 4.12592438e+02, 5.61699092e-01, 7.65845581e+02,
       3.33037292e+02, 2.87547171e-01, 1.64282837e+03, 2.86024597e+02,
       5.20837903e-01, 1.63692212e+03, 2.83030853e+02, 5.66153347e-01,
       1.60457422e+03, 3.18452332e+02, 2.84305155e-01, 1.61047546e+03,
       5.97967407e+02, 4.33438897e-01, 1.60161926e+03, 6.03892212e+02,
       4.34090853e-01, 1.57518506e+03, 5.68515564e+02, 3.66569996e-01 ]
