%YAML:1.0
---
pose_0: !!opencv-matrix
   rows: 1
   cols: 25
   dt: "3f"
   data: [ 7.21639648e+02, 4.21379700e+02, 7.89740145e-01,
       7.95187866e+02, 3.86079193e+02, 5.67815721e-01, 8.09851135e+02,
       4.53691528e+02, 3.33966494e-01, 0., 0., 0., 0., 0., 0.,
       7.89411011e+02, 3.18300446e+02, 5.89242935e-01, 9.48163269e+02,
       2.41892548e+02, 7.98007727e-01, 9.30506104e+02, 3.91917145e+02,
       8.30218971e-01, 1.10714429e+03, 4.12634338e+02, 3.92434597e-01,
       1.10423706e+03, 4.68493347e+02, 3.59644771e-01, 1.34849146e+03,
       5.50950745e+02, 6.44709349e-01, 1.56921118e+03, 5.56771912e+02,
       6.57524586e-01, 1.11604016e+03, 3.59575439e+02, 3.57901275e-01,
       1.37498792e+03, 3.30187439e+02, 3.74943376e-01, 1.56044202e+03,
       1.97663269e+02, 2.35263333e-01, 7.12811340e+02, 4.36130676e+02,
       7.90720642e-01, 7.15571472e+02, 4.06654083e+02, 8.20241749e-01,
       7.39318848e+02, 4.39166016e+02, 8.60070437e-02, 7.24509216e+02,
       3.68502289e+02, 5.86529553e-01, 0., 0., 0., 0., 0., 0.,
       1.56631567e+03, 1.97676361e+02, 1.14364095e-01, 1.59278650e+03,
       6.27460205e+02, 3.92490655e-01, 1.58399890e+03, 6.24394531e+02,
       3.84311616e-01, 1.59571802e+03, 5.42088135e+02, 5.02957284e-01 ]
