%YAML:1.0
---
pose_0: !!opencv-matrix
   rows: 1
   cols: 25
   dt: "3f"
   data: [ 7.86304565e+02, 5.51008240e+02, 8.01594615e-01,
       8.74628967e+02, 4.83307098e+02, 5.97473562e-01, 8.62868774e+02,
       4.91981720e+02, 4.41634595e-01, 9.83551819e+02, 5.53759460e+02,
       1.25272214e-01, 0., 0., 0., 8.80454651e+02, 4.86177734e+02,
       7.06320107e-01, 1.02179529e+03, 4.94996338e+02, 7.58807182e-01,
       1.14547571e+03, 5.77417297e+02, 7.89171696e-01, 1.11604272e+03,
       4.56657715e+02, 3.08277845e-01, 1.08951538e+03, 4.94970306e+02,
       1.57812923e-01, 0., 0., 0., 0., 0., 0., 1.12481531e+03,
       4.33209564e+02, 4.30238962e-01, 1.36915479e+03, 5.47859985e+02,
       5.14884174e-01, 1.61931079e+03, 4.24308502e+02, 2.71191239e-01,
       0., 0., 0., 7.71663757e+02, 5.30458984e+02, 7.06359029e-01, 0.,
       0., 0., 7.89403809e+02, 5.00756775e+02, 6.77298903e-01,
       1.68109497e+03, 3.74313049e+02, 2.00063393e-01, 1.68107544e+03,
       3.71382080e+02, 1.77875221e-01, 0., 0., 0., 0., 0., 0., 0., 0.,
       0., 0., 0., 0. ]
