%YAML:1.0
---
pose_0: !!opencv-matrix
   rows: 1
   cols: 25
   dt: "3f"
   data: [ 6.95113892e+02, 5.06844177e+02, 8.20267200e-01,
       8.06957458e+02, 4.39108734e+02, 7.19385028e-01, 8.12840149e+02,
       5.24366638e+02, 7.05164433e-01, 9.39432861e+02, 5.74305420e+02,
       7.36175418e-01, 1.02768152e+03, 6.51064331e+02, 7.77700961e-01,
       7.98166321e+02, 3.71374359e+02, 6.28388762e-01, 8.80600281e+02,
       2.88992554e+02, 8.34139585e-01, 9.51186218e+02, 2.00774658e+02,
       8.74283195e-01, 1.08654016e+03, 4.94942444e+02, 5.64991832e-01,
       1.07182605e+03, 5.42069824e+02, 5.89649856e-01, 1.29848083e+03,
       5.77285583e+02, 6.34308279e-01, 1.52221277e+03, 5.53833618e+02,
       5.27279019e-01, 1.09538367e+03, 4.36137421e+02, 5.55916309e-01,
       1.34260828e+03, 4.44951111e+02, 4.19653237e-01, 1.60455884e+03,
       4.59560547e+02, 4.10561621e-01, 6.86215027e+02, 5.09715668e+02,
       1.11072257e-01, 6.89107727e+02, 4.95004700e+02, 7.20883250e-01,
       0., 0., 0., 7.00985413e+02, 4.44883911e+02, 5.89211464e-01,
       1.66936279e+03, 4.33133240e+02, 3.67982686e-01, 1.66343176e+03,
       4.33090118e+02, 4.42720145e-01, 1.65752063e+03, 4.68489441e+02,
       2.20281988e-01, 1.50449573e+03, 6.56803894e+02, 2.09332228e-01,
       1.49574609e+03, 6.47994751e+02, 1.81444138e-01, 1.56335095e+03,
       5.30301025e+02, 2.86632061e-01 ]
