%YAML:1.0
---
pose_0: !!opencv-matrix
   rows: 1
   cols: 25
   dt: "3f"
   data: [ 6.24506409e+02, 4.24368195e+02, 8.10719252e-01,
       7.15754211e+02, 4.56808899e+02, 6.88350916e-01, 6.92126343e+02,
       5.21435425e+02, 5.28791547e-01, 5.97869690e+02, 4.86174194e+02,
       3.49231720e-01, 5.77346436e+02, 4.56745575e+02, 1.83575571e-01,
       7.27439331e+02, 3.94882324e+02, 6.07404053e-01, 9.33506958e+02,
       3.62635925e+02, 8.85124385e-01, 7.89324585e+02, 3.65507935e+02,
       8.66599023e-01, 1.05709839e+03, 5.00830353e+02, 5.31369627e-01,
       1.04836768e+03, 5.50887634e+02, 5.24376035e-01, 1.31022070e+03,
       5.47982117e+02, 5.59337497e-01, 1.60165991e+03, 5.53979431e+02,
       5.66003919e-01, 1.06009802e+03, 4.39053070e+02, 4.87680227e-01,
       1.30438318e+03, 4.09652557e+02, 4.71539319e-01, 1.53976758e+03,
       4.36053802e+02, 3.30161512e-01, 6.06860901e+02, 4.42021851e+02,
       7.27556169e-01, 6.18487244e+02, 4.12596832e+02, 6.70777082e-01,
       6.24377014e+02, 4.77357422e+02, 7.31021702e-01, 6.42042297e+02,
       4.06687897e+02, 1.65920436e-01, 1.64869641e+03, 4.12604340e+02,
       2.54321754e-01, 1.64284387e+03, 4.06675446e+02, 3.02138478e-01,
       1.54866992e+03, 4.56621887e+02, 2.47244865e-01, 1.71642090e+03,
       5.50905884e+02, 4.35921252e-01, 1.70752710e+03, 5.59741150e+02,
       3.72891366e-01, 1.61931226e+03, 5.50910278e+02, 3.13618869e-01 ]
