%YAML:1.0
---
pose_0: !!opencv-matrix
   rows: 1
   cols: 25
   dt: "3f"
   data: [ 7.62650024e+02, 3.15275024e+02, 8.16952109e-01,
       8.12851501e+02, 2.27123596e+02, 3.16900849e-01, 8.36422668e+02,
       2.71355713e+02, 2.71397561e-01, 9.57110779e+02, 3.15436005e+02,
       1.74144238e-01, 9.80626648e+02, 3.86038544e+02, 2.71356761e-01,
       7.77550049e+02, 1.94752701e+02, 2.58424759e-01, 7.92252258e+02,
       1.27015244e+02, 1.11115783e-01, 0., 0., 0., 1.07184473e+03,
       2.41863800e+02, 5.67861423e-02, 0., 0., 0., 0., 0., 0., 0., 0.,
       0., 1.06891248e+03, 1.91827377e+02, 7.14407787e-02, 0., 0., 0.,
       0., 0., 0., 7.42096802e+02, 3.12396606e+02, 1.59811020e-01,
       7.42263855e+02, 2.91939392e+02, 8.31024945e-01, 0., 0., 0.,
       7.48114624e+02, 2.44659836e+02, 5.40823996e-01, 0., 0., 0., 0.,
       0., 0., 0., 0., 0., 0., 0., 0., 0., 0., 0., 0., 0., 0. ]
