%YAML:1.0
---
pose_0: !!opencv-matrix
   rows: 1
   cols: 25
   dt: "3f"
   data: [ 6.74588928e+02, 4.71431519e+02, 8.04898679e-01,
       8.03947693e+02, 4.83279968e+02, 7.32095838e-01, 7.92255005e+02,
       5.71414368e+02, 6.88975573e-01, 9.07031738e+02, 6.48007629e+02,
       7.82795429e-01, 9.80659790e+02, 6.65722961e+02, 7.41552234e-01,
       8.12920471e+02, 4.06626190e+02, 6.57084227e-01, 9.77595337e+02,
       4.09475311e+02, 8.32704961e-01, 8.60068787e+02, 3.85953003e+02,
       7.89362073e-01, 1.07181323e+03, 5.03774536e+02, 5.48174024e-01,
       1.07185339e+03, 5.50926453e+02, 5.45104682e-01, 1.34853394e+03,
       5.53812500e+02, 7.32999265e-01, 1.58995715e+03, 5.86182373e+02,
       6.43287659e-01, 1.07183179e+03, 4.47868134e+02, 5.38050354e-01,
       1.34261218e+03, 4.36206665e+02, 4.67444122e-01, 1.57515393e+03,
       4.36203949e+02, 5.56790054e-01, 6.65572571e+02, 4.83272247e+02,
       7.92991102e-01, 6.68594910e+02, 4.53767303e+02, 8.66139412e-01,
       6.80385498e+02, 5.09775970e+02, 5.08293688e-01, 6.95228760e+02,
       4.27209320e+02, 4.35994029e-01, 1.63987170e+03, 4.33050507e+02,
       6.08045697e-01, 1.63685071e+03, 4.21431091e+02, 6.04792893e-01,
       1.61040161e+03, 4.39081696e+02, 2.40138665e-01, 1.69581641e+03,
       5.77477173e+02, 5.02728224e-01, 1.68104688e+03, 5.95083740e+02,
       4.65163857e-01, 1.61333362e+03, 5.89116394e+02, 3.50894749e-01 ]
