%YAML:1.0
---
pose_0: !!opencv-matrix
   rows: 1
   cols: 25
   dt: "3f"
   data: [ 6.71638000e+02, 4.59550446e+02, 8.18233252e-01,
       8.09873291e+02, 4.83302460e+02, 6.53260112e-01, 7.98120789e+02,
       5.74357788e+02, 4.65958208e-01, 9.33547729e+02, 6.53903076e+02,
       7.75722206e-01, 7.80496216e+02, 6.21548828e+02, 7.63955474e-01,
       8.18717163e+02, 3.91965027e+02, 6.59284472e-01, 9.71681152e+02,
       3.33103363e+02, 7.49196053e-01, 1.09538977e+03, 3.41922729e+02,
       7.77955830e-01, 1.11589636e+03, 5.50783203e+02, 5.57834089e-01,
       1.09533191e+03, 6.00972656e+02, 6.16453111e-01, 1.28078906e+03,
       6.71463379e+02, 4.53995973e-01, 1.44859119e+03, 6.92205811e+02,
       2.55771518e-01, 1.13068677e+03, 4.83151123e+02, 5.16644597e-01,
       1.35148657e+03, 5.95036743e+02, 5.37411153e-01, 1.66639746e+03,
       5.59778992e+02, 4.21759099e-01, 6.59765686e+02, 4.80378571e+02,
       8.01996827e-01, 6.62763916e+02, 4.47889191e+02, 6.45955741e-01,
       6.80364136e+02, 5.15569336e+02, 6.06509566e-01, 6.98046875e+02,
       4.27195587e+02, 1.82604611e-01, 1.74587219e+03, 5.06681458e+02,
       2.96361148e-01, 1.74586462e+03, 5.06670471e+02, 2.52445042e-01,
       1.70759265e+03, 5.94954163e+02, 3.10415864e-01, 0., 0., 0., 0.,
       0., 0., 1.49278052e+03, 6.80369629e+02, 1.33485138e-01 ]
