%YAML:1.0
---
pose_0: !!opencv-matrix
   rows: 1
   cols: 25
   dt: "3f"
   data: [ 7.42274414e+02, 4.47881287e+02, 8.30176890e-01,
       8.54067993e+02, 4.36196625e+02, 7.34808445e-01, 8.59913269e+02,
       5.06730286e+02, 6.61401331e-01, 9.77751282e+02, 5.47841431e+02,
       7.46469259e-01, 1.09232239e+03, 6.03947388e+02, 7.96003878e-01,
       8.48204651e+02, 3.80151367e+02, 5.97648978e-01, 9.80669373e+02,
       3.41840210e+02, 8.33642006e-01, 1.08949231e+03, 3.44857269e+02,
       8.07877481e-01, 1.09533374e+03, 4.56621674e+02, 6.06759012e-01,
       1.09248901e+03, 5.00900604e+02, 6.09596491e-01, 1.31323474e+03,
       5.30301147e+02, 6.55195355e-01, 1.52806311e+03, 5.39167236e+02,
       5.36008775e-01, 1.09839087e+03, 4.06641541e+02, 5.59457600e-01,
       1.32793445e+03, 4.09464386e+02, 5.53799629e-01, 1.52512085e+03,
       4.09696350e+02, 5.11604428e-01, 7.30415771e+02, 4.59748901e+02,
       8.01063478e-01, 7.36232178e+02, 4.30188538e+02, 8.17394614e-01,
       7.45173828e+02, 4.80231445e+02, 1.65217131e-01, 7.51070984e+02,
       3.94919586e+02, 5.89766145e-01, 1.61332080e+03, 4.00804443e+02,
       3.04545224e-01, 1.61038599e+03, 3.92009033e+02, 3.02712560e-01,
       1.54862891e+03, 4.06683716e+02, 1.71269670e-01, 1.59282202e+03,
       5.21436462e+02, 2.57695526e-01, 1.58690466e+03, 5.30338379e+02,
       2.12262169e-01, 1.55158228e+03, 5.33274414e+02, 2.72306979e-01 ]
