%YAML:1.0
---
pose_0: !!opencv-matrix
   rows: 1
   cols: 25
   dt: "3f"
   data: [ 6.95153687e+02, 5.50962646e+02, 8.32266808e-01,
       8.06910645e+02, 5.36237000e+02, 6.24093413e-01, 7.89262512e+02,
       5.98033386e+02, 4.70280588e-01, 9.09979126e+02, 6.42069153e+02,
       1.50000885e-01, 9.98294556e+02, 6.42161621e+02, 8.85967687e-02,
       8.12881470e+02, 4.71381134e+02, 5.56345403e-01, 9.57055725e+02,
       4.06569580e+02, 7.47689724e-01, 1.08358911e+03, 3.41863525e+02,
       8.17361355e-01, 1.11590613e+03, 5.27391846e+02, 5.74910462e-01,
       1.10417969e+03, 5.77311157e+02, 6.01685464e-01, 1.21611609e+03,
       6.01012512e+02, 6.15956426e-01, 1.55455481e+03, 6.65646851e+02,
       4.86096621e-01, 1.11890942e+03, 4.74364990e+02, 5.11940658e-01,
       1.34262720e+03, 5.30282837e+02, 6.38557613e-01, 1.63106531e+03,
       6.00830200e+02, 4.95234609e-01, 6.80388367e+02, 5.65553528e+02,
       7.43469179e-01, 6.86237305e+02, 5.30279419e+02, 7.94715941e-01,
       6.95073730e+02, 5.80379395e+02, 3.04557800e-01, 7.06851257e+02,
       5.03800232e+02, 5.54297805e-01, 1.70457117e+03, 5.74407715e+02,
       4.25174862e-01, 1.70162915e+03, 5.74327698e+02, 4.28679377e-01,
       1.65460840e+03, 6.27426147e+02, 2.36735091e-01, 0., 0., 0., 0.,
       0., 0., 1.58992798e+03, 6.65636902e+02, 2.80780286e-01 ]
