%YAML:1.0
---
pose_0: !!opencv-matrix
   rows: 1
   cols: 25
   dt: "3f"
   data: [ 7.45083008e+02, 5.62627319e+02, 8.47795188e-01,
       8.59962830e+02, 5.92130554e+02, 7.71919906e-01, 8.54030762e+02,
       6.65615540e+02, 5.52930415e-01, 1.00116675e+03, 7.39144470e+02,
       7.35331178e-01, 1.10714587e+03, 7.74524170e+02, 7.34375000e-01,
       8.65861206e+02, 5.06780457e+02, 6.94855750e-01, 8.83545288e+02,
       3.80139709e+02, 7.93394387e-01, 8.06970398e+02, 2.65443848e+02,
       7.98654437e-01, 1.11887488e+03, 6.15582275e+02, 6.01106703e-01,
       1.11595166e+03, 6.62715271e+02, 6.00480795e-01, 1.31025671e+03,
       6.91998474e+02, 5.30601501e-01, 1.53978052e+03, 6.92112732e+02,
       6.17623448e-01, 1.11891956e+03, 5.56799316e+02, 5.92603505e-01,
       1.30737610e+03, 5.68562012e+02, 6.27409577e-01, 1.51626123e+03,
       5.42028748e+02, 5.01976192e-01, 7.30366455e+02, 5.77421265e+02,
       7.84712315e-01, 7.39152527e+02, 5.50750000e+02, 8.63458037e-01,
       7.42291077e+02, 6.06801819e+02, 5.88506579e-01, 7.62708984e+02,
       5.33175781e+02, 3.91603678e-01, 1.62519727e+03, 5.30275879e+02,
       1.37789369e-01, 0., 0., 0., 1.53689807e+03, 5.27392944e+02,
       2.36205325e-01, 1.59872217e+03, 7.33362976e+02, 3.13276231e-01,
       1.59576318e+03, 7.30407837e+02, 3.24096769e-01, 1.56340332e+03,
       6.71534973e+02, 4.25463170e-01 ]
