%YAML:1.0
---
pose_0: !!opencv-matrix
   rows: 1
   cols: 25
   dt: "3f"
   data: [ 7.50976807e+02, 3.74308197e+02, 7.47697830e-01,
       8.77610779e+02, 3.97872040e+02, 6.26348555e-01, 8.86431335e+02,
       4.77217194e+02, 5.58272243e-01, 1.00124133e+03, 5.30206299e+02,
       8.25541496e-01, 8.86493408e+02, 5.27359253e+02, 6.92490816e-01,
       8.59973450e+02, 3.41816620e+02, 6.14421964e-01, 1.00416644e+03,
       2.68306213e+02, 8.09944749e-01, 9.01172302e+02, 2.06475479e+02,
       7.48614192e-01, 1.16010400e+03, 4.09578552e+02, 5.81972480e-01,
       1.15715747e+03, 4.56637787e+02, 5.69936216e-01, 1.35734851e+03,
       4.59797882e+02, 6.47743285e-01, 1.54865710e+03, 4.77305084e+02,
       6.06515288e-01, 1.16304834e+03, 3.59514954e+02, 5.73879302e-01,
       1.33970630e+03, 3.41914246e+02, 7.34616458e-01, 1.57511572e+03,
       3.00725769e+02, 5.61715484e-01, 7.36257080e+02, 3.86121002e+02,
       6.62436962e-01, 7.42262512e+02, 3.59624451e+02, 8.25582683e-01,
       7.56936096e+02, 4.12558746e+02, 4.03058529e-01, 7.77494934e+02,
       3.41849518e+02, 4.50242937e-01, 1.65166162e+03, 2.65417480e+02,
       4.17003006e-01, 1.64286304e+03, 2.68230255e+02, 4.46618289e-01,
       1.62221741e+03, 3.00725647e+02, 2.02155277e-01, 1.61041492e+03,
       4.68440887e+02, 4.80178833e-01, 1.60456396e+03, 4.83146423e+02,
       4.44009990e-01, 1.57512000e+03, 4.62621155e+02, 3.33627790e-01 ]
