%YAML:1.0
---
pose_0: !!opencv-matrix
   rows: 1
   cols: 25
   dt: "3f"
   data: [ 7.36256470e+02, 3.65511047e+02, 8.54583263e-01,
       8.48154785e+02, 3.62510162e+02, 7.77393341e-01, 8.48158813e+02,
       4.41965576e+02, 7.05139518e-01, 9.30648132e+02, 5.50908081e+02,
       8.94898176e-01, 9.24590698e+02, 6.71678101e+02, 8.05722952e-01,
       8.42283386e+02, 2.85962891e+02, 6.55074596e-01, 8.36275085e+02,
       1.35886139e+02, 8.20531309e-01, 7.45195190e+02, 1.32999344e+02,
       7.74336398e-01, 1.09829907e+03, 3.65447296e+02, 5.71045637e-01,
       1.09538708e+03, 4.12571686e+02, 5.64578593e-01, 1.31030664e+03,
       4.30258209e+02, 6.84225082e-01, 1.53976123e+03, 4.53751831e+02,
       6.14850760e-01, 1.09836230e+03, 3.15321259e+02, 5.28949618e-01,
       1.33089294e+03, 2.94767609e+02, 5.91187000e-01, 1.56042200e+03,
       2.77218475e+02, 5.51152050e-01, 7.18696411e+02, 3.83137238e+02,
       7.82536864e-01, 7.18692078e+02, 3.47855438e+02, 7.89931059e-01,
       7.42242981e+02, 4.00736542e+02, 3.95856887e-01, 7.39280640e+02,
       3.21263153e+02, 5.96471012e-01, 1.63697009e+03, 2.65348419e+02,
       4.75873351e-01, 1.63401807e+03, 2.56552429e+02, 5.21764815e-01,
       1.58395801e+03, 2.80128510e+02, 2.04616323e-01, 1.61037036e+03,
       4.59627869e+02, 3.95773232e-01, 1.59571838e+03, 4.71400269e+02,
       3.56735766e-01, 1.56631250e+03, 4.36063416e+02, 3.71801794e-01 ]
