%YAML:1.0
---
pose_0: !!opencv-matrix
   rows: 1
   cols: 25
   dt: "3f"
   data: [ 7.15651550e+02, 3.65530182e+02, 8.92242551e-01,
       8.06877319e+02, 3.44909119e+02, 6.41505778e-01, 7.95151855e+02,
       4.12481781e+02, 4.19500589e-01, 8.77593079e+02, 4.42013000e+02,
       1.37849823e-01, 0., 0., 0., 8.18719788e+02, 2.74278046e+02,
       6.59256279e-01, 9.06973206e+02, 3.00684784e+02, 8.27478051e-01,
       8.18772949e+02, 4.15491241e+02, 6.76000118e-01, 1.11591125e+03,
       3.86002594e+02, 5.73821187e-01, 1.10130164e+03, 4.33143463e+02,
       5.77405035e-01, 1.31031348e+03, 4.80120209e+02, 7.46682048e-01,
       1.55747705e+03, 5.27402222e+02, 6.02703750e-01, 1.11901990e+03,
       3.30117432e+02, 5.17391205e-01, 1.35436536e+03, 3.18296417e+02,
       5.73241651e-01, 1.57218872e+03, 3.15408722e+02, 6.31496549e-01,
       7.03891418e+02, 3.83139862e+02, 7.72078574e-01, 6.98111572e+02,
       3.47764374e+02, 7.73608387e-01, 7.18676819e+02, 3.97879639e+02,
       2.03808591e-01, 7.18629150e+02, 3.15428833e+02, 5.92504799e-01,
       1.64289648e+03, 2.91834595e+02, 4.38723117e-01, 1.63702954e+03,
       2.88891388e+02, 4.73551035e-01, 1.59868127e+03, 3.18339752e+02,
       2.69406170e-01, 1.63395667e+03, 5.06847412e+02, 1.66371346e-01,
       1.61348193e+03, 5.33206482e+02, 1.53035223e-01, 1.58687866e+03,
       5.30216370e+02, 3.80454063e-01 ]
