%YAML:1.0
---
pose_0: !!opencv-matrix
   rows: 1
   cols: 25
   dt: "3f"
   data: [ 6.68657349e+02, 5.71549927e+02, 8.15220177e-01,
       7.86370483e+02, 5.86151672e+02, 6.42580032e-01, 7.65820007e+02,
       6.65705139e+02, 7.85105348e-01, 8.80390625e+02, 6.39146118e+02,
       7.65749872e-01, 9.83532166e+02, 5.47947205e+02, 7.28427470e-01,
       7.92223694e+02, 5.09722839e+02, 3.18772197e-01, 9.48221497e+02,
       4.89112762e+02, 1.46499500e-01, 1.00412518e+03, 5.00819885e+02,
       7.14504719e-02, 1.07480371e+03, 6.03844360e+02, 5.46966314e-01,
       1.07186194e+03, 6.50994629e+02, 5.39427698e-01, 1.33085901e+03,
       6.95018066e+02, 2.79806554e-01, 1.56923450e+03, 7.45123413e+02,
       4.33990657e-01, 1.07480261e+03, 5.50803894e+02, 4.89607215e-01,
       1.30733838e+03, 5.30189453e+02, 5.73850513e-01, 1.56627087e+03,
       4.77256531e+02, 4.62562501e-01, 6.50914429e+02, 5.83247375e+02,
       7.47653008e-01, 6.50947205e+02, 5.47898010e+02, 7.77863741e-01,
       6.71627808e+02, 6.06768311e+02, 3.94176930e-01, 6.74607605e+02,
       5.15553711e+02, 4.96812701e-01, 1.67814819e+03, 4.83238739e+02,
       1.36276141e-01, 1.67226575e+03, 4.68463715e+02, 1.68715671e-01,
       1.58986084e+03, 4.59583069e+02, 1.99254140e-01, 1.65165869e+03,
       7.33384460e+02, 2.55727232e-01, 1.64577466e+03, 7.45120300e+02,
       1.82033241e-01, 1.58985010e+03, 7.42226379e+02, 2.34653786e-01 ]
