%YAML:1.0
---
pose_0: !!opencv-matrix
   rows: 1
   cols: 25
   dt: "3f"
   data: [ 7.48146423e+02, 4.33037964e+02, 8.32115412e-01,
       8.80530457e+02, 4.36070374e+02, 7.59798467e-01, 8.86471741e+02,
       5.24300964e+02, 6.59843445e-01, 1.01882501e+03, 5.53834961e+02,
       8.16053271e-01, 1.16604810e+03, 5.77465210e+02, 5.75839579e-01,
       8.80591187e+02, 3.62471893e+02, 6.12202764e-01, 1.01300806e+03,
       3.18337524e+02, 7.65317082e-01, 1.11298511e+03, 2.97722656e+02,
       8.27693760e-01, 1.16310242e+03, 4.56706909e+02, 6.03540659e-01,
       1.15127771e+03, 5.06640961e+02, 6.13522053e-01, 1.26024060e+03,
       5.77421082e+02, 1.82410792e-01, 0., 0., 0., 1.16897913e+03,
       4.03668793e+02, 5.20508826e-01, 1.38092957e+03, 4.36034454e+02,
       5.16815066e-01, 1.59871326e+03, 4.12675262e+02, 5.32721460e-01,
       7.36215820e+02, 4.39132721e+02, 7.81122744e-01, 7.42211548e+02,
       4.06713898e+02, 8.64743769e-01, 7.56954651e+02, 4.62629059e+02,
       1.96031779e-01, 7.68677917e+02, 3.74321655e+02, 5.42931437e-01,
       1.65749182e+03, 3.62601746e+02, 5.07122159e-01, 1.65160999e+03,
       3.65456665e+02, 4.84842390e-01, 1.63406799e+03, 4.21431213e+02,
       2.66076863e-01, 0., 0., 0., 0., 0., 0., 0., 0., 0. ]
