%YAML:1.0
---
pose_0: !!opencv-matrix
   rows: 1
   cols: 25
   dt: "3f"
   data: [ 7.45229248e+02, 4.59717041e+02, 5.44212580e-01,
       8.09951233e+02, 5.27316162e+02, 6.07999921e-01, 8.12790344e+02,
       5.53929993e+02, 7.55828559e-01, 9.48132996e+02, 5.03784393e+02,
       8.17453444e-01, 8.68793213e+02, 4.00785583e+02, 6.13796890e-01,
       8.12822388e+02, 4.86145203e+02, 2.76813179e-01, 9.71808289e+02,
       4.47901306e+02, 8.86630267e-02, 9.07022705e+02, 4.09541321e+02,
       1.21273838e-01, 1.11599268e+03, 5.56821899e+02, 4.84536409e-01,
       1.10713428e+03, 5.80381287e+02, 4.09690797e-01, 1.35135400e+03,
       5.06838257e+02, 6.78600669e-01, 1.58992944e+03, 6.92074585e+02,
       5.70438266e-01, 1.12192188e+03, 5.30378418e+02, 3.82151067e-01,
       1.37496118e+03, 5.00897797e+02, 3.29145074e-01, 1.56629321e+03,
       5.74396484e+02, 5.12371421e-01, 7.39151672e+02, 4.77271362e+02,
       4.16465819e-01, 7.39329590e+02, 4.56668457e+02, 1.77124962e-01,
       7.45137939e+02, 5.09711792e+02, 4.09921974e-01, 0., 0., 0.,
       1.61333105e+03, 4.89137054e+02, 2.76056528e-01, 1.60460046e+03,
       4.94970306e+02, 2.76251823e-01, 1.58686536e+03, 6.00864319e+02,
       3.50175619e-01, 1.65170410e+03, 7.18684692e+02, 4.86723870e-01,
       1.63391455e+03, 7.33296875e+02, 4.89514947e-01, 1.61038928e+03,
       7.09822998e+02, 2.71616876e-01 ]
