%YAML:1.0
---
pose_0: !!opencv-matrix
   rows: 1
   cols: 25
   dt: "3f"
   data: [ 6.74578003e+02, 5.12612000e+02, 8.33014429e-01,
       8.18788635e+02, 5.27359985e+02, 7.64857054e-01, 8.12916687e+02,
       6.21422852e+02, 7.71275461e-01, 9.51054443e+02, 6.68739746e+02,
       7.22085297e-01, 1.01889563e+03, 6.59746948e+02, 7.08108127e-01,
       8.27592712e+02, 4.39018921e+02, 6.90180779e-01, 9.71811890e+02,
       3.83167664e+02, 8.22607458e-01, 8.86413452e+02, 3.94910126e+02,
       7.59558618e-01, 1.09236450e+03, 5.39146179e+02, 5.21585166e-01,
       1.07775952e+03, 5.89188354e+02, 5.30405998e-01, 1.30428247e+03,
       6.12651184e+02, 4.20955211e-01, 1.58398169e+03, 6.06842773e+02,
       4.48326677e-01, 1.08953772e+03, 4.83142059e+02, 5.25751114e-01,
       1.33965930e+03, 4.86162872e+02, 5.66378891e-01, 1.60748340e+03,
       4.65586212e+02, 6.21309280e-01, 6.62747986e+02, 5.30261719e+02,
       8.36888194e-01, 6.68606873e+02, 4.97902069e+02, 8.58275890e-01,
       6.83295166e+02, 5.53937256e+02, 3.09389204e-01, 6.95000427e+02,
       4.68463196e+02, 4.79412407e-01, 1.66643762e+03, 4.33191254e+02,
       2.04916239e-01, 1.66054968e+03, 4.36007629e+02, 2.40554377e-01,
       1.63393652e+03, 4.68496765e+02, 3.07640970e-01, 1.66047388e+03,
       6.27371033e+02, 3.67511660e-01, 1.64872607e+03, 6.39134766e+02,
       3.57913524e-01, 1.60750745e+03, 5.94982483e+02, 2.90905446e-01 ]
