%YAML:1.0
---
pose_0: !!opencv-matrix
   rows: 1
   cols: 25
   dt: "3f"
   data: [ 7.71697998e+02, 4.09724945e+02, 8.61317873e-01,
       8.80556396e+02, 3.91957245e+02, 7.24664986e-01, 8.83434937e+02,
       4.77215118e+02, 5.90541959e-01, 1.02179327e+03, 5.03745544e+02,
       6.50244355e-01, 1.11892578e+03, 5.42081421e+02, 8.16367984e-01,
       8.86378967e+02, 3.18282349e+02, 7.15386868e-01, 9.83549194e+02,
       2.35981613e+02, 7.88218498e-01, 1.02190491e+03, 1.65334396e+02,
       8.17971110e-01, 1.15717615e+03, 3.74261200e+02, 5.30742586e-01,
       1.15715686e+03, 4.18465149e+02, 5.73931396e-01, 1.35144458e+03,
       4.97854034e+02, 7.45446801e-01, 1.54868555e+03, 5.56879700e+02,
       6.18328631e-01, 1.15129736e+03, 3.18371979e+02, 5.46510100e-01,
       1.37205933e+03, 2.94750977e+02, 5.21322310e-01, 1.58393860e+03,
       2.94810120e+02, 6.09654367e-01, 7.59883118e+02, 4.24346893e+02,
       7.82352507e-01, 7.62788269e+02, 3.89089020e+02, 8.87454331e-01,
       7.80409241e+02, 4.39060059e+02, 2.73184776e-01, 7.83366089e+02,
       3.65443237e+02, 5.77035487e-01, 1.63998499e+03, 2.77191589e+02,
       4.34601218e-01, 1.63700574e+03, 2.74199677e+02, 5.04745841e-01,
       1.61928613e+03, 3.03686279e+02, 2.72280127e-01, 1.61034106e+03,
       6.09785400e+02, 5.39535880e-01, 1.60455212e+03, 6.06877197e+02,
       4.89812642e-01, 1.58685583e+03, 5.50876099e+02, 4.84641790e-01 ]
