%YAML:1.0
---
pose_0: !!opencv-matrix
   rows: 1
   cols: 25
   dt: "3f"
   data: [ 6.71540466e+02, 5.03715759e+02, 8.61707449e-01,
       8.06936157e+02, 5.09739960e+02, 7.14015603e-01, 8.06993164e+02,
       5.97854919e+02, 6.28906131e-01, 9.51222412e+02, 6.56805420e+02,
       7.36873507e-01, 1.05126111e+03, 6.45165100e+02, 8.27842474e-01,
       8.09864197e+02, 4.42009735e+02, 5.69439769e-01, 9.83521729e+02,
       3.91929596e+02, 6.98994815e-01, 1.12778381e+03, 3.62451752e+02,
       7.62904406e-01, 1.08064526e+03, 5.30371338e+02, 5.60158968e-01,
       1.06299719e+03, 5.83294678e+02, 5.35395622e-01, 1.16010583e+03,
       6.45046082e+02, 1.32074863e-01, 0., 0., 0., 1.09240356e+03,
       4.77274597e+02, 5.35475731e-01, 1.32497437e+03, 4.77218597e+02,
       5.47570705e-01, 1.61341418e+03, 4.68455261e+02, 5.65768063e-01,
       6.53894226e+02, 5.09712555e+02, 7.82010853e-01, 6.65729736e+02,
       4.80229706e+02, 8.46875191e-01, 6.71647034e+02, 5.33316650e+02,
       4.53371555e-01, 6.95030640e+02, 4.50768494e+02, 6.05968475e-01,
       1.72227014e+03, 4.15525818e+02, 4.55190092e-01, 1.71932385e+03,
       4.15454285e+02, 4.35493499e-01, 1.62814453e+03, 4.83289368e+02,
       2.86883920e-01, 0., 0., 0., 0., 0., 0., 0., 0., 0. ]
