%YAML:1.0
---
pose_0: !!opencv-matrix
   rows: 1
   cols: 25
   dt: "3f"
   data: [ 6.50919006e+02, 5.30223511e+02, 8.70008230e-01,
       7.86360718e+02, 5.33327271e+02, 6.83640659e-01, 7.89425659e+02,
       6.30344543e+02, 5.92496336e-01, 9.07128052e+02, 7.36234314e+02,
       6.76022530e-01, 8.36364197e+02, 6.95098633e+02, 2.70016909e-01,
       7.74580444e+02, 4.56711975e+02, 5.48704982e-01, 9.48155762e+02,
       3.86069641e+02, 7.89603829e-01, 1.01595337e+03, 3.91945618e+02,
       7.65660822e-01, 1.06886865e+03, 5.50835876e+02, 5.63699663e-01,
       1.05125256e+03, 6.00974915e+02, 5.69217026e-01, 1.25434570e+03,
       6.44994873e+02, 3.18103909e-01, 1.46619580e+03, 6.47931824e+02,
       2.36771777e-01, 1.07183252e+03, 4.83307678e+02, 5.51990092e-01,
       1.30430469e+03, 5.47927551e+02, 6.24314129e-01, 1.68405493e+03,
       5.71453552e+02, 3.19553852e-01, 6.39173584e+02, 5.50777893e+02,
       8.10919166e-01, 6.42124146e+02, 5.06808746e+02, 8.27375233e-01,
       6.50987793e+02, 5.74366699e+02, 4.06878293e-01, 6.68570068e+02,
       4.83104828e+02, 5.53129613e-01, 0., 0., 0., 0., 0., 0., 0., 0.,
       0., 0., 0., 0., 0., 0., 0., 1.49573279e+03, 6.48073914e+02,
       1.43585384e-01 ]
