%YAML:1.0
---
pose_0: !!opencv-matrix
   rows: 1
   cols: 25
   dt: "3f"
   data: [ 7.18579407e+02, 4.83322418e+02, 8.84399474e-01,
       8.36443604e+02, 4.77301666e+02, 6.26481950e-01, 8.30495117e+02,
       5.24426086e+02, 3.50579739e-01, 0., 0., 0., 0., 0., 0.,
       8.54045166e+02, 4.09676849e+02, 6.66421950e-01, 9.83539612e+02,
       3.89133209e+02, 7.81949997e-01, 1.13656018e+03, 3.86058807e+02,
       8.10675621e-01, 1.11298315e+03, 5.27249939e+02, 5.63699365e-01,
       1.10424536e+03, 5.74359436e+02, 5.58876932e-01, 1.32779285e+03,
       6.03928711e+02, 7.76027143e-01, 1.55450659e+03, 6.68521851e+02,
       6.31722927e-01, 1.11304004e+03, 4.74390625e+02, 5.45950711e-01,
       1.33381519e+03, 4.56776428e+02, 6.73414290e-01, 1.56635071e+03,
       4.42048706e+02, 5.54485142e-01, 7.09785828e+02, 5.03821777e+02,
       7.99025893e-01, 7.09772522e+02, 4.74346649e+02, 8.04441690e-01,
       7.18775635e+02, 5.27290405e+02, 3.73943180e-01, 7.33301758e+02,
       4.47836792e+02, 5.58181226e-01, 1.63985229e+03, 4.15489349e+02,
       3.55336457e-01, 1.63406006e+03, 4.12661774e+02, 4.04685050e-01,
       1.61044031e+03, 4.53689148e+02, 2.71640867e-01, 1.62810852e+03,
       6.47953674e+02, 5.62474310e-01, 1.61634558e+03, 6.62676819e+02,
       4.58365381e-01, 1.57515747e+03, 6.83328186e+02, 2.79932141e-01 ]
