%YAML:1.0
---
pose_0: !!opencv-matrix
   rows: 1
   cols: 25
   dt: "3f"
   data: [ 0., 0., 0., 6.74488953e+02, 6.00979980e+02, 1.68136522e-01,
       0., 0., 0., 0., 0., 0., 0., 0., 0., 6.45037720e+02,
       5.00791687e+02, 1.39514849e-01, 6.53877075e+02, 4.74389984e+02,
       2.99522877e-01, 8.62927124e+02, 4.30150055e+02, 2.77157336e-01,
       1.08656384e+03, 6.77427307e+02, 1.67983443e-01, 1.07775757e+03,
       7.45132263e+02, 1.56393841e-01, 1.30729858e+03, 8.33349792e+02,
       7.48733729e-02, 0., 0., 0., 1.09246179e+03, 6.03881958e+02,
       1.85882613e-01, 1.39556079e+03, 7.15627197e+02, 4.47069705e-01,
       1.73411304e+03, 6.71594116e+02, 2.15079427e-01, 0., 0., 0., 0.,
       0., 0., 0., 0., 0., 0., 0., 0., 1.79887488e+03, 6.27391418e+02,
       1.57302916e-01, 1.80176904e+03, 6.27407166e+02, 1.48217157e-01,
       1.77521838e+03, 6.95157104e+02, 1.93193391e-01, 0., 0., 0., 0.,
       0., 0., 0., 0., 0. ]
