%YAML:1.0
---
pose_0: !!opencv-matrix
   rows: 2
   cols: 25
   dt: "3f"
   data: [ 7.68653137e+02, 3.94912994e+02, 6.73561394e-01,
       8.33479553e+02, 3.65580170e+02, 4.75119114e-01, 7.68706665e+02,
       3.89052032e+02, 2.47909874e-01, 0., 0., 0., 0., 0., 0.,
       8.83565674e+02, 3.59522949e+02, 5.02481878e-01, 9.77667297e+02,
       4.68505646e+02, 7.12989748e-01, 1.02171106e+03, 5.77325500e+02,
       6.63701057e-01, 9.60048401e+02, 3.41930359e+02, 1.20653637e-01,
       9.24693970e+02, 3.86036530e+02, 8.24306980e-02, 9.77589783e+02,
       4.94938446e+02, 1.28657609e-01, 1.02471545e+03, 6.00915039e+02,
       2.81479985e-01, 9.98182007e+02, 3.18373779e+02, 1.64977252e-01,
       1.06008008e+03, 3.83112183e+02, 5.56031391e-02, 0., 0., 0.,
       7.53949829e+02, 3.89123230e+02, 4.79887545e-01, 7.68785522e+02,
       3.77228516e+02, 6.40542567e-01, 0., 0., 0., 8.03950073e+02,
       3.53712830e+02, 5.50674081e-01, 0., 0., 0., 0., 0., 0., 0., 0.,
       0., 0., 0., 0., 0., 0., 0., 1.03940808e+03, 6.01011169e+02,
       2.03835830e-01, 0., 0., 0., 0., 0., 0., 0., 0., 0., 0., 0., 0.,
       0., 0., 0., 0., 0., 0., 0., 0., 0., 0., 0., 0., 1.19249561e+03,
       3.33119965e+02, 4.57000911e-01, 1.19253650e+03, 3.89107788e+02,
       4.49236780e-01, 1.35433337e+03, 5.03707397e+02, 8.06127906e-01,
       1.56626294e+03, 5.47946716e+02, 7.08327293e-01, 1.20719141e+03,
       2.80135925e+02, 5.05393445e-01, 1.39265112e+03, 2.47859390e+02,
       6.29401743e-01, 1.58394141e+03, 1.27114677e+02, 3.84355962e-01,
       0., 0., 0., 0., 0., 0., 0., 0., 0., 0., 0., 0., 1.67810303e+03,
       1.00540215e+02, 2.06876665e-01, 1.66935254e+03, 9.46666336e+01,
       1.98841766e-01, 1.59282434e+03, 1.06516228e+02, 1.75796881e-01,
       1.58685291e+03, 6.24467773e+02, 5.47478676e-01, 1.58103796e+03,
       6.21436462e+02, 4.93385524e-01, 1.58993140e+03, 5.30302002e+02,
       5.51820457e-01 ]
