%YAML:1.0
---
pose_0: !!opencv-matrix
   rows: 1
   cols: 25
   dt: "3f"
   data: [ 7.42189758e+02, 4.97939117e+02, 8.40584874e-01,
       8.51069092e+02, 5.00889404e+02, 7.07596660e-01, 8.51124268e+02,
       5.71455750e+02, 6.38052940e-01, 9.83533752e+02, 6.21623047e+02,
       7.15978980e-01, 1.09255078e+03, 6.68697388e+02, 8.34649920e-01,
       8.56915649e+02, 4.18465424e+02, 6.32274032e-01, 1.00412451e+03,
       3.89013153e+02, 8.09507132e-01, 1.13358057e+03, 3.50761719e+02,
       7.71116018e-01, 1.12484448e+03, 5.06845337e+02, 5.61205983e-01,
       1.12186499e+03, 5.56819519e+02, 5.87616146e-01, 1.33964441e+03,
       6.21509521e+02, 7.21695185e-01, 1.55749658e+03, 6.68653381e+02,
       5.94845295e-01, 1.12774585e+03, 4.56643402e+02, 5.56856990e-01,
       1.34850952e+03, 4.56794495e+02, 7.55814195e-01, 1.56625757e+03,
       4.68481140e+02, 5.82274556e-01, 7.24515930e+02, 5.09644928e+02,
       7.90133774e-01, 7.30472717e+02, 4.77335663e+02, 8.20117235e-01,
       7.42212463e+02, 5.30406616e+02, 4.21951562e-01, 7.51074890e+02,
       4.50767181e+02, 5.50994277e-01, 1.63688806e+03, 4.53760468e+02,
       2.62063563e-01, 1.63400208e+03, 4.50805084e+02, 2.75182247e-01,
       1.59868213e+03, 4.80232971e+02, 2.58928239e-01, 1.61931311e+03,
       6.56866516e+02, 4.38082576e-01, 1.61351416e+03, 6.71499756e+02,
       4.08027649e-01, 1.58984509e+03, 6.68596558e+02, 2.90155977e-01 ]
