%YAML:1.0
---
pose_0: !!opencv-matrix
   rows: 1
   cols: 25
   dt: "3f"
   data: [ 7.21590210e+02, 3.83139526e+02, 7.99588382e-01,
       8.06971558e+02, 3.44932770e+02, 6.48305953e-01, 8.09854858e+02,
       4.09539032e+02, 3.76567304e-01, 8.48154602e+02, 4.53763062e+02,
       1.48273915e-01, 0., 0., 0., 8.12975952e+02, 2.85942017e+02,
       6.37249470e-01, 8.15850891e+02, 3.62614777e+02, 8.16663980e-01,
       7.74602051e+02, 4.83130615e+02, 8.06169510e-01, 1.11597363e+03,
       3.89036285e+02, 4.66771811e-01, 1.11300854e+03, 4.36217316e+02,
       4.92401063e-01, 1.32795447e+03, 4.80089905e+02, 7.75521755e-01,
       1.59277588e+03, 5.53782288e+02, 5.67308068e-01, 1.11595984e+03,
       3.33105713e+02, 4.28788066e-01, 1.35151050e+03, 3.15363037e+02,
       4.65121329e-01, 1.57804541e+03, 2.97817566e+02, 5.71985722e-01,
       7.12685791e+02, 3.91999908e+02, 6.65396631e-01, 7.12808594e+02,
       3.62507233e+02, 8.47978592e-01, 0., 0., 0., 7.30386292e+02,
       3.18419067e+02, 5.69977641e-01, 1.64000574e+03, 2.68240753e+02,
       4.38812554e-01, 1.63706189e+03, 2.65434570e+02, 4.47620392e-01,
       1.61043860e+03, 3.03667755e+02, 2.98085153e-01, 1.67523096e+03,
       5.27199768e+02, 4.34208155e-01, 1.66348975e+03, 5.33274048e+02,
       3.51951003e-01, 1.63696362e+03, 5.92106384e+02, 3.24456811e-01 ]
