%YAML:1.0
---
pose_0: !!opencv-matrix
   rows: 1
   cols: 25
   dt: "3f"
   data: [ 7.36200623e+02, 4.95007629e+02, 8.08964610e-01,
       8.59921082e+02, 5.30299927e+02, 7.46998012e-01, 8.59895203e+02,
       6.09735291e+02, 7.20747828e-01, 9.89473022e+02, 6.47975891e+02,
       7.86503375e-01, 1.12773120e+03, 6.77524597e+02, 7.78827786e-01,
       8.59927002e+02, 4.59692230e+02, 6.32580280e-01, 9.68787598e+02,
       3.42080231e+02, 7.81390071e-01, 8.56940613e+02, 4.12668518e+02,
       8.66881728e-01, 1.12773230e+03, 5.24443909e+02, 5.68355143e-01,
       1.12484387e+03, 5.74347717e+02, 5.59003472e-01, 1.32498657e+03,
       5.62669006e+02, 4.73557204e-01, 1.54868872e+03, 5.65556763e+02,
       5.83126783e-01, 1.12478906e+03, 4.74312439e+02, 5.64352036e-01,
       1.31320520e+03, 4.68484192e+02, 6.27767563e-01, 1.59574902e+03,
       4.56742157e+02, 5.94615698e-01, 7.15828064e+02, 5.09804260e+02,
       8.51305783e-01, 7.21580017e+02, 4.80094879e+02, 8.75057817e-01,
       7.36274353e+02, 5.47881897e+02, 6.32805109e-01, 7.56896301e+02,
       4.59624969e+02, 5.50552845e-01, 1.67807581e+03, 4.18468201e+02,
       2.28989854e-01, 1.67517151e+03, 4.15486298e+02, 2.39369303e-01,
       1.62514954e+03, 4.77261963e+02, 2.30455562e-01, 1.61053076e+03,
       5.83284302e+02, 2.48628259e-01, 1.60163904e+03, 5.94999023e+02,
       2.40113497e-01, 1.58400232e+03, 5.50923279e+02, 3.93658310e-01 ]
