%YAML:1.0
---
pose_0: !!opencv-matrix
   rows: 1
   cols: 25
   dt: "3f"
   data: [ 7.74570801e+02, 4.09652435e+02, 8.67755830e-01,
       9.01156311e+02, 4.36118683e+02, 8.04987252e-01, 8.83358215e+02,
       5.09741272e+02, 7.92797863e-01, 9.86524353e+02, 6.01077209e+02,
       8.31868887e-01, 1.10425806e+03, 6.00961304e+02, 7.48131692e-01,
       9.15824768e+02, 3.62411865e+02, 6.55756593e-01, 1.05415918e+03,
       3.21432312e+02, 7.84744084e-01, 1.18361340e+03, 2.77151978e+02,
       7.77782619e-01, 1.15714587e+03, 4.77308533e+02, 5.96730053e-01,
       1.14542603e+03, 5.27323730e+02, 5.90923786e-01, 1.34265442e+03,
       5.47881042e+02, 7.33898163e-01, 1.56331836e+03, 5.83284668e+02,
       6.25434339e-01, 1.16302002e+03, 4.18447388e+02, 5.99486947e-01,
       1.35139795e+03, 3.62427002e+02, 4.24630463e-01, 1.56923242e+03,
       3.00708862e+02, 3.25958133e-01, 7.62742798e+02, 4.30207977e+02,
       8.03777099e-01, 7.65638306e+02, 3.91896393e+02, 8.39723527e-01,
       7.80396973e+02, 4.56829346e+02, 6.17003560e-01, 7.92307007e+02,
       3.74270508e+02, 3.75326574e-01, 1.63688843e+03, 2.71290497e+02,
       2.48431846e-01, 1.63401660e+03, 2.71250092e+02, 2.37571001e-01,
       1.56629773e+03, 3.00721130e+02, 2.01873437e-01, 1.61933740e+03,
       6.00914795e+02, 2.94112712e-01, 1.61641565e+03, 6.03906738e+02,
       3.38993490e-01, 1.59579077e+03, 5.74417480e+02, 3.84753048e-01 ]
