%YAML:1.0
---
pose_0: !!opencv-matrix
   rows: 1
   cols: 25
   dt: "3f"
   data: [ 0., 0., 0., 8.83537231e+02, 5.50826050e+02, 3.50322843e-01,
       8.59920776e+02, 5.89131958e+02, 2.33148277e-01, 7.68759216e+02,
       5.71410767e+02, 3.48846436e-01, 8.80548584e+02, 5.06722595e+02,
       9.85257551e-02, 9.04037048e+02, 5.15542725e+02, 2.70509660e-01,
       9.03993774e+02, 4.77351196e+02, 3.03190529e-01, 7.86265503e+02,
       3.88902008e+02, 4.54602957e-01, 1.10715479e+03, 5.71473267e+02,
       2.10735321e-01, 0., 0., 0., 0., 0., 0., 0., 0., 0.,
       1.11892322e+03, 5.56799805e+02, 1.79552019e-01, 1.33085864e+03,
       5.27355835e+02, 9.64212343e-02, 1.61340540e+03, 6.95086853e+02,
       7.01081902e-02, 0., 0., 0., 0., 0., 0., 0., 0., 0., 0., 0., 0.,
       0., 0., 0., 0., 0., 0., 0., 0., 0., 0., 0., 0., 0., 0., 0., 0.,
       0., 0. ]
