%YAML:1.0
---
pose_0: !!opencv-matrix
   rows: 1
   cols: 25
   dt: "3f"
   data: [ 7.68710999e+02, 4.30108185e+02, 8.27291429e-01,
       8.39289001e+02, 4.59609161e+02, 7.77396858e-01, 8.36538635e+02,
       5.09735962e+02, 7.96797395e-01, 9.36406799e+02, 4.86114136e+02,
       7.42224336e-01, 9.60035156e+02, 3.38959229e+02, 7.87160873e-01,
       8.36359863e+02, 4.12462555e+02, 6.42843783e-01, 8.83487366e+02,
       3.47817444e+02, 1.90765381e-01, 9.51234863e+02, 3.18473206e+02,
       8.17687288e-02, 1.14243848e+03, 4.86200470e+02, 5.77386141e-01,
       1.13947742e+03, 5.36185364e+02, 5.19868731e-01, 1.38084021e+03,
       6.18560791e+02, 6.35186553e-01, 1.55160217e+03, 7.06854980e+02,
       4.67288584e-01, 1.14256934e+03, 4.36082733e+02, 6.08243585e-01,
       1.31908020e+03, 3.80153229e+02, 3.36232662e-01, 1.54867310e+03,
       3.50748505e+02, 3.53770018e-01, 7.45227051e+02, 4.38994995e+02,
       8.87776732e-01, 7.62747314e+02, 4.09568085e+02, 9.02925014e-01,
       7.51079468e+02, 4.77333008e+02, 7.07184434e-01, 7.86233032e+02,
       3.92027557e+02, 2.21190989e-01, 1.64575500e+03, 3.18310638e+02,
       3.15380037e-01, 1.64282324e+03, 3.15483124e+02, 3.22885692e-01,
       1.61037073e+03, 3.62529297e+02, 2.46720076e-01, 1.61635986e+03,
       6.92206360e+02, 3.18998843e-01, 1.61337537e+03, 7.01053345e+02,
       2.62291759e-01, 1.57222339e+03, 7.30388245e+02, 3.14120471e-01 ]
