%YAML:1.0
---
pose_0: !!opencv-matrix
   rows: 1
   cols: 25
   dt: "3f"
   data: [ 7.68735840e+02, 4.44898682e+02, 7.94350445e-01,
       8.54037354e+02, 4.36047729e+02, 7.47281253e-01, 8.48128296e+02,
       5.06681641e+02, 5.97884893e-01, 9.48253845e+02, 5.42028992e+02,
       3.15718502e-01, 1.02769177e+03, 5.30369995e+02, 8.11019912e-02,
       8.59839294e+02, 3.74309052e+02, 6.35806620e-01, 9.92385681e+02,
       3.06651062e+02, 7.82339513e-01, 9.51224670e+02, 4.39001953e+02,
       8.35429251e-01, 1.13956396e+03, 4.33160217e+02, 5.31498075e-01,
       1.14834033e+03, 4.77254028e+02, 5.23313224e-01, 1.34855261e+03,
       5.83321594e+02, 7.23080099e-01, 1.55451941e+03, 5.59676636e+02,
       6.55900002e-01, 1.13072253e+03, 3.86100342e+02, 4.58015978e-01,
       1.38085144e+03, 3.41980011e+02, 7.34944224e-01, 1.56636023e+03,
       1.74079041e+02, 3.32142860e-01, 7.56881104e+02, 4.56746307e+02,
       7.89431393e-01, 7.59902222e+02, 4.27246399e+02, 7.85056233e-01,
       7.65883057e+02, 4.80138306e+02, 3.14532429e-01, 7.80478210e+02,
       3.92019135e+02, 5.70278406e-01, 1.63395410e+03, 1.29964569e+02,
       1.14332721e-01, 1.62811804e+03, 1.30063080e+02, 1.18916981e-01,
       1.57805725e+03, 1.50528885e+02, 1.81575730e-01, 1.58988623e+03,
       6.24518982e+02, 5.19845366e-01, 1.58982776e+03, 6.21525757e+02,
       4.96890396e-01, 1.57514026e+03, 5.42016479e+02, 5.52268982e-01 ]
