%YAML:1.0
---
pose_0: !!opencv-matrix
   rows: 1
   cols: 25
   dt: "3f"
   data: [ 7.27516479e+02, 4.83194061e+02, 8.22676837e-01,
       8.27571167e+02, 4.56705231e+02, 5.96555054e-01, 8.18689697e+02,
       5.15603699e+02, 4.35297847e-01, 9.42345032e+02, 5.56770386e+02,
       1.20651618e-01, 1.05711560e+03, 5.71431030e+02, 8.70355070e-02,
       8.36482544e+02, 3.91962646e+02, 6.21740222e-01, 9.74744629e+02,
       3.62449463e+02, 7.82635510e-01, 1.11904285e+03, 3.24205627e+02,
       8.36058557e-01, 1.11597888e+03, 4.80337585e+02, 5.57353139e-01,
       1.11597217e+03, 5.30201416e+02, 5.60248733e-01, 1.31325928e+03,
       5.27333252e+02, 7.29502916e-01, 1.58987830e+03, 5.33216675e+02,
       5.17446458e-01, 1.11603821e+03, 4.33073761e+02, 5.19233704e-01,
       1.35136633e+03, 4.12506561e+02, 6.41965747e-01, 1.55163220e+03,
       4.30244446e+02, 5.46260774e-01, 7.15663147e+02, 5.00822815e+02,
       7.70155072e-01, 7.15649414e+02, 4.62618439e+02, 8.00616622e-01,
       7.36328491e+02, 5.09692139e+02, 1.28036067e-01, 7.30409424e+02,
       4.33237885e+02, 5.82045674e-01, 1.63101782e+03, 3.91932251e+02,
       5.46197832e-01, 1.62222546e+03, 3.89072205e+02, 5.78643620e-01,
       1.58099207e+03, 4.56624634e+02, 3.68083537e-01, 1.67525073e+03,
       5.53821655e+02, 4.15685058e-01, 1.66340552e+03, 5.65568665e+02,
       4.15909171e-01, 1.61926172e+03, 5.09711121e+02, 2.99976349e-01 ]
