%YAML:1.0
---
pose_0: !!opencv-matrix
   rows: 1
   cols: 25
   dt: "3f"
   data: [ 6.89170227e+02, 4.56657776e+02, 8.74011815e-01,
       8.09861816e+02, 4.80265686e+02, 7.67646909e-01, 8.06944214e+02,
       5.53958801e+02, 7.41861880e-01, 9.04033081e+02, 6.06847595e+02,
       6.98278666e-01, 9.74644104e+02, 6.45040039e+02, 7.60546803e-01,
       8.12740845e+02, 4.03743835e+02, 6.50417089e-01, 9.74821045e+02,
       3.92027008e+02, 8.30532908e-01, 8.65804321e+02, 3.85919037e+02,
       7.99137473e-01, 1.09543604e+03, 4.77355438e+02, 5.85036576e-01,
       1.09250940e+03, 5.27229858e+02, 6.34049892e-01, 1.30725232e+03,
       5.42065247e+02, 6.81899071e-01, 1.56630591e+03, 5.80427856e+02,
       6.27235413e-01, 1.09832117e+03, 4.30121613e+02, 5.29804170e-01,
       1.33376721e+03, 4.33111298e+02, 6.23215914e-01, 1.54867151e+03,
       4.53762451e+02, 6.32295012e-01, 6.71587280e+02, 4.68487457e+02,
       7.95687973e-01, 6.74575989e+02, 4.36034454e+02, 8.68200302e-01,
       6.92213379e+02, 4.95009094e+02, 6.02344811e-01, 7.09814270e+02,
       4.12623199e+02, 6.57279551e-01, 1.61636230e+03, 4.41973389e+02,
       6.25043511e-01, 1.61332410e+03, 4.36035614e+02, 6.74300432e-01,
       1.56920935e+03, 4.56751068e+02, 2.95091331e-01, 1.63406641e+03,
       5.53844788e+02, 5.35698056e-01, 1.62224023e+03, 5.71422424e+02,
       4.12183464e-01, 1.58697021e+03, 5.86224182e+02, 4.05705750e-01 ]
