%YAML:1.0
---
pose_0: !!opencv-matrix
   rows: 1
   cols: 25
   dt: "3f"
   data: [ 6.62731384e+02, 4.80294922e+02, 8.61129463e-01,
       7.89269714e+02, 4.68452026e+02, 5.83460450e-01, 7.92285034e+02,
       5.47932861e+02, 4.51412797e-01, 9.39391296e+02, 5.95026917e+02,
       4.95004117e-01, 1.07778430e+03, 6.47925293e+02, 5.66206396e-01,
       8.06924316e+02, 3.89077026e+02, 6.41969204e-01, 9.80606689e+02,
       3.80150513e+02, 6.21335983e-01, 1.13072217e+03, 3.88881866e+02,
       7.54966736e-01, 1.09247595e+03, 5.21486267e+02, 5.99119723e-01,
       1.07483545e+03, 5.74323120e+02, 5.90660989e-01, 1.27201721e+03,
       6.44969299e+02, 7.12178171e-01, 1.51039624e+03, 6.27406860e+02,
       5.89946032e-01, 1.11304285e+03, 4.62585327e+02, 5.17185628e-01,
       1.32783313e+03, 4.77347473e+02, 6.08993411e-01, 1.59280261e+03,
       4.86146240e+02, 5.38612187e-01, 6.44971375e+02, 4.92079559e+02,
       8.06866407e-01, 6.47955505e+02, 4.56719696e+02, 8.86385381e-01,
       6.65639038e+02, 5.06869385e+02, 1.45916432e-01, 6.68713867e+02,
       4.21339294e+02, 5.60464799e-01, 1.68397424e+03, 4.80237427e+02,
       2.17291936e-01, 1.68104565e+03, 4.71456573e+02, 2.52735734e-01,
       1.61337646e+03, 4.83199707e+02, 2.16089651e-01, 1.62220764e+03,
       6.50936340e+02, 2.87901998e-01, 1.60750549e+03, 6.56834412e+02,
       2.94294804e-01, 1.54270398e+03, 6.03832275e+02, 3.89785230e-01 ]
