%YAML:1.0
---
pose_0: !!opencv-matrix
   rows: 1
   cols: 25
   dt: "3f"
   data: [ 7.45123718e+02, 3.94850250e+02, 8.44822109e-01,
       8.74593506e+02, 4.12497772e+02, 7.33461499e-01, 8.59993469e+02,
       4.94935089e+02, 7.79500306e-01, 9.74796631e+02, 5.47879639e+02,
       7.74966002e-01, 1.02778455e+03, 5.86223083e+02, 8.17755342e-01,
       8.83417603e+02, 3.30167755e+02, 6.55239403e-01, 1.02480237e+03,
       3.15543915e+02, 8.51620853e-01, 1.06306299e+03, 2.50768448e+02,
       8.30864012e-01, 1.12777087e+03, 4.09531250e+02, 5.47262847e-01,
       1.13366650e+03, 4.56647522e+02, 5.51005602e-01, 1.35436060e+03,
       4.56767792e+02, 7.99509823e-01, 1.54576440e+03, 5.27324463e+02,
       5.77152908e-01, 1.11896692e+03, 3.56600250e+02, 5.66639125e-01,
       1.32796753e+03, 3.15403198e+02, 7.24208117e-01, 1.57811011e+03,
       2.91937286e+02, 5.96169412e-01, 7.33407654e+02, 4.09697235e+02,
       8.05525184e-01, 7.39220642e+02, 3.77245850e+02, 8.42561603e-01,
       7.48036987e+02, 4.36002655e+02, 4.61684704e-01, 7.65814819e+02,
       3.47820160e+02, 5.37049890e-01, 1.63985583e+03, 2.68233246e+02,
       4.65287775e-01, 1.63407520e+03, 2.65359497e+02, 5.09258270e-01,
       1.61637439e+03, 2.94785217e+02, 2.65054733e-01, 1.61926392e+03,
       5.33275208e+02, 4.59040046e-01, 1.61049182e+03, 5.50831970e+02,
       4.78107184e-01, 1.56631409e+03, 5.33211975e+02, 3.18593800e-01 ]
