%YAML:1.0
---
pose_0: !!opencv-matrix
   rows: 1
   cols: 25
   dt: "3f"
   data: [ 7.39170837e+02, 4.50851074e+02, 8.36322010e-01,
       8.51100220e+02, 4.47841675e+02, 6.69282198e-01, 8.59969543e+02,
       5.18512024e+02, 6.77759945e-01, 9.74635681e+02, 5.47862976e+02,
       7.73621917e-01, 1.07181433e+03, 6.01046692e+02, 8.38903189e-01,
       8.39304260e+02, 3.80151276e+02, 5.96343517e-01, 9.80669983e+02,
       3.41942810e+02, 8.07061970e-01, 1.09251196e+03, 3.44931335e+02,
       8.41421843e-01, 1.11589417e+03, 4.59668304e+02, 6.30899429e-01,
       1.11006958e+03, 5.06658569e+02, 6.50008976e-01, 1.29261182e+03,
       5.27187683e+02, 6.81943297e-01, 1.53985718e+03, 5.33219299e+02,
       5.83459318e-01, 1.11899023e+03, 4.12511475e+02, 6.25869393e-01,
       1.33965051e+03, 3.94863403e+02, 4.54340160e-01, 1.53097925e+03,
       4.12611725e+02, 5.78495562e-01, 7.21547913e+02, 4.59804382e+02,
       7.89338291e-01, 7.21615601e+02, 4.33014618e+02, 8.36046934e-01,
       7.39386963e+02, 4.80330536e+02, 2.99995661e-01, 7.42211731e+02,
       4.00808929e+02, 5.70857406e-01, 1.61040503e+03, 4.03664063e+02,
       3.86335075e-01, 1.60744580e+03, 3.94859497e+02, 4.00170356e-01,
       1.56039990e+03, 4.27274078e+02, 2.39723176e-01, 1.62811536e+03,
       5.12590759e+02, 3.44102561e-01, 1.61633716e+03, 5.27339844e+02,
       2.65326917e-01, 1.56927258e+03, 5.27272827e+02, 2.66663432e-01 ]
