%YAML:1.0
---
pose_0: !!opencv-matrix
   rows: 1
   cols: 25
   dt: "3f"
   data: [ 7.68641541e+02, 4.09607147e+02, 8.82716656e-01,
       8.89409790e+02, 4.36231964e+02, 7.47172594e-01, 8.80623596e+02,
       5.09751770e+02, 7.75701344e-01, 1.00132281e+03, 5.98032288e+02,
       8.85809064e-01, 1.10418530e+03, 5.50958618e+02, 8.01519215e-01,
       9.01089478e+02, 3.65546051e+02, 6.00551128e-01, 1.05123767e+03,
       3.21270844e+02, 8.29874277e-01, 1.17780359e+03, 2.71148621e+02,
       8.34334552e-01, 1.14256433e+03, 4.41965149e+02, 6.25979662e-01,
       1.13957996e+03, 4.86219421e+02, 6.14352286e-01, 1.34844653e+03,
       5.27397278e+02, 7.97137618e-01, 1.55455603e+03, 5.83327087e+02,
       5.80758512e-01, 1.14838806e+03, 3.91913422e+02, 5.94943821e-01,
       1.33971069e+03, 3.41897766e+02, 5.75054348e-01, 1.56926575e+03,
       3.00664764e+02, 5.76607704e-01, 7.56957031e+02, 4.27286072e+02,
       7.83316314e-01, 7.62801453e+02, 3.89114258e+02, 8.75266373e-01,
       7.71645874e+02, 4.56812164e+02, 6.05790138e-01, 7.89340759e+02,
       3.71369171e+02, 5.07064939e-01, 1.64285657e+03, 2.68265808e+02,
       4.42889094e-01, 1.63992053e+03, 2.65371368e+02, 4.24935609e-01,
       1.58102856e+03, 2.94771698e+02, 2.54748672e-01, 1.61043445e+03,
       5.74375793e+02, 4.52292681e-01, 1.60746912e+03, 5.89107178e+02,
       4.03474569e-01, 1.58688416e+03, 5.86252258e+02, 3.04876745e-01 ]
