%YAML:1.0
---
pose_0: !!opencv-matrix
   rows: 1
   cols: 25
   dt: "3f"
   data: [ 6.24445679e+02, 3.85920135e+02, 8.57423723e-01,
       7.80457336e+02, 3.89070404e+02, 6.64952874e-01, 7.89399902e+02,
       4.83247040e+02, 6.51880801e-01, 9.51174805e+02, 5.15528015e+02,
       7.29157984e-01, 1.09841357e+03, 5.53924316e+02, 8.32575977e-01,
       7.86227966e+02, 2.88864746e+02, 6.43753409e-01, 9.54122925e+02,
       2.41831268e+02, 6.22438312e-01, 1.10719727e+03, 1.97749634e+02,
       8.13221812e-01, 1.09832800e+03, 3.44819031e+02, 4.67563063e-01,
       1.09242371e+03, 4.06584991e+02, 4.65130031e-01, 1.35143115e+03,
       4.09508789e+02, 5.45782447e-01, 1.63986792e+03, 3.62500061e+02,
       3.86514068e-01, 1.10130969e+03, 2.85994232e+02, 4.30409640e-01,
       1.36324939e+03, 2.91936951e+02, 6.61704183e-01, 1.52511475e+03,
       2.91913055e+02, 5.76625586e-01, 6.12655212e+02, 4.03669495e+02,
       7.86552310e-01, 6.15628540e+02, 3.62448761e+02, 8.31280231e-01,
       6.27421875e+02, 4.27232971e+02, 2.71852344e-01, 6.42115295e+02,
       3.24318604e+02, 4.50668216e-01, 1.61336316e+03, 2.68377106e+02,
       4.39885020e-01, 1.60752454e+03, 2.62464172e+02, 4.38988268e-01,
       1.55449438e+03, 3.06568298e+02, 2.66303599e-01, 1.77233459e+03,
       3.18433624e+02, 1.88057363e-01, 1.76055322e+03, 3.36012939e+02,
       1.13919735e-01, 1.66046704e+03, 3.41980194e+02, 1.57078505e-01 ]
