%YAML:1.0
---
pose_0: !!opencv-matrix
   rows: 1
   cols: 25
   dt: "3f"
   data: [ 7.68795166e+02, 4.33003540e+02, 8.45393181e-01,
       8.86414551e+02, 4.12478516e+02, 7.13315189e-01, 9.09998840e+02,
       4.97863892e+02, 5.66842675e-01, 1.04546094e+03, 5.15579590e+02,
       7.80569375e-01, 1.14237280e+03, 5.77330261e+02, 8.38902712e-01,
       8.80626282e+02, 3.38940735e+02, 6.78763449e-01, 9.71726868e+02,
       2.12420868e+02, 7.96836257e-01, 1.09244812e+03, 1.74191238e+02,
       8.04486990e-01, 1.16607263e+03, 3.62456024e+02, 5.52177906e-01,
       1.16897375e+03, 4.09700226e+02, 5.88898122e-01, 1.36617871e+03,
       4.80350433e+02, 7.29029000e-01, 1.54275269e+03, 5.68532837e+02,
       6.17516339e-01, 1.16304602e+03, 3.06640991e+02, 5.22916973e-01,
       1.33378101e+03, 2.91887787e+02, 6.69215500e-01, 1.57806543e+03,
       2.94813904e+02, 5.65886021e-01, 7.59880432e+02, 4.39165161e+02,
       8.14245164e-01, 7.62801392e+02, 4.09715790e+02, 9.10981178e-01,
       7.77570984e+02, 4.59707367e+02, 2.72593588e-01, 7.86209900e+02,
       3.85969940e+02, 5.67343712e-01, 1.63999426e+03, 2.71360718e+02,
       4.73387957e-01, 1.63696436e+03, 2.68382111e+02, 5.03239155e-01,
       1.61042786e+03, 2.97808441e+02, 2.66619980e-01, 1.61052502e+03,
       6.00957581e+02, 4.52315718e-01, 1.59577722e+03, 6.06857666e+02,
       4.16560739e-01, 1.57217480e+03, 5.59689209e+02, 4.16002363e-01 ]
