%YAML:1.0
---
pose_0: !!opencv-matrix
   rows: 1
   cols: 25
   dt: "3f"
   data: [ 7.42201355e+02, 4.89120087e+02, 8.35397422e-01,
       8.48197083e+02, 5.00824951e+02, 6.89665616e-01, 8.53987427e+02,
       5.62658752e+02, 6.13938034e-01, 9.95318115e+02, 6.00906128e+02,
       7.47324228e-01, 1.11903772e+03, 6.53860107e+02, 8.08118582e-01,
       8.45199585e+02, 4.33056244e+02, 6.05866969e-01, 9.98336975e+02,
       3.89057129e+02, 8.09836626e-01, 1.14245728e+03, 3.65384674e+02,
       8.73947144e-01, 1.12780640e+03, 5.03773285e+02, 6.04080915e-01,
       1.12189136e+03, 5.50946533e+02, 6.50329471e-01, 1.33095093e+03,
       6.24340820e+02, 7.21399486e-01, 1.54578088e+03, 6.71634583e+02,
       6.42518520e-01, 1.13367065e+03, 4.53706787e+02, 5.59728920e-01,
       1.33381250e+03, 4.56798584e+02, 7.49908447e-01, 1.56343591e+03,
       4.68502380e+02, 6.57784760e-01, 7.27499390e+02, 5.06749725e+02,
       8.16138804e-01, 7.30416931e+02, 4.77249176e+02, 8.20118189e-01,
       7.42282715e+02, 5.30261902e+02, 4.50746536e-01, 7.56864136e+02,
       4.50742432e+02, 5.61059475e-01, 1.64581299e+03, 4.39105347e+02,
       3.08908910e-01, 1.63985999e+03, 4.38996735e+02, 3.31120431e-01,
       1.59869604e+03, 4.74359222e+02, 3.06280434e-01, 1.63099878e+03,
       6.56880371e+02, 5.26034355e-01, 1.61636804e+03, 6.71575378e+02,
       4.62671876e-01, 1.56924390e+03, 6.86270630e+02, 2.91618049e-01 ]
