%YAML:1.0
---
pose_0: !!opencv-matrix
   rows: 1
   cols: 25
   dt: "3f"
   data: [ 6.71503296e+02, 3.33031189e+02, 5.09778559e-01,
       7.62699707e+02, 2.47720612e+02, 5.82415521e-01, 7.51070984e+02,
       3.21330078e+02, 3.55916828e-01, 8.62918457e+02, 3.85950256e+02,
       1.50632083e-01, 0., 0., 0., 7.68736755e+02, 1.82980759e+02,
       4.61752117e-01, 9.36471741e+02, 1.29883087e+02, 8.41018558e-01,
       9.30625183e+02, 2.00786652e+02, 8.65230680e-01, 1.06005627e+03,
       3.00714203e+02, 5.03519416e-01, 1.05417920e+03, 3.47806732e+02,
       4.80925053e-01, 1.30434705e+03, 3.38914673e+02, 2.97311813e-01,
       1.45151135e+03, 3.03665283e+02, 7.42047727e-02, 1.06007629e+03,
       2.47689804e+02, 5.00645459e-01, 1.31317822e+03, 2.15328293e+02,
       4.90051150e-01, 1.54863318e+03, 1.77070526e+02, 3.83344024e-01,
       0., 0., 0., 6.51031006e+02, 3.18289307e+02, 5.71159303e-01, 0.,
       0., 0., 6.68498352e+02, 2.86040649e+02, 6.45948768e-01,
       1.62809546e+03, 1.47663651e+02, 7.96189308e-02, 1.62519873e+03,
       1.50553909e+02, 1.03507042e-01, 1.56630151e+03, 1.71175430e+02,
       1.95207968e-01, 0., 0., 0., 0., 0., 0., 0., 0., 0. ]
