%YAML:1.0
---
pose_0: !!opencv-matrix
   rows: 1
   cols: 25
   dt: "3f"
   data: [ 4.56615967e+02, 4.95004761e+02, 7.41042376e-01,
       5.68478760e+02, 4.62665039e+02, 6.42900586e-01, 5.53885010e+02,
       5.36177490e+02, 5.74437916e-01, 7.33300659e+02, 6.65573914e+02,
       7.47670293e-01, 5.50974060e+02, 5.50811279e+02, 7.06265032e-01,
       5.74373718e+02, 3.89029999e+02, 5.02435803e-01, 7.59777222e+02,
       3.50735504e+02, 7.17586875e-01, 5.59753845e+02, 4.21400787e+02,
       7.05579638e-01, 1.00120935e+03, 5.27364197e+02, 4.65953410e-01,
       9.80614685e+02, 5.92135193e+02, 4.36479896e-01, 1.27787634e+03,
       6.44985046e+02, 4.21738774e-01, 1.57222107e+03, 6.80414246e+02,
       2.51947433e-01, 1.01296155e+03, 4.56747589e+02, 4.06967402e-01,
       1.33969104e+03, 4.74370239e+02, 2.54598349e-01, 0., 0., 0.,
       4.39037659e+02, 5.21503845e+02, 6.91227734e-01, 4.33188110e+02,
       4.77354889e+02, 7.23637938e-01, 4.59683380e+02, 5.36183167e+02,
       1.61642298e-01, 4.53694214e+02, 4.24340759e+02, 3.19213957e-01,
       0., 0., 0., 0., 0., 0., 0., 0., 0., 1.65461743e+03,
       6.56837708e+02, 5.19037060e-02, 0., 0., 0., 1.61338062e+03,
       6.83335510e+02, 1.86946586e-01 ]
