%YAML:1.0
---
pose_0: !!opencv-matrix
   rows: 1
   cols: 25
   dt: "3f"
   data: [ 8.01058350e+02, 4.80269318e+02, 8.98650885e-01,
       8.80430298e+02, 5.06649078e+02, 7.64203727e-01, 8.68745056e+02,
       5.59686340e+02, 6.09644949e-01, 8.33380981e+02, 5.71486633e+02,
       1.24497190e-01, 7.80439331e+02, 5.45014648e+02, 6.99334666e-02,
       8.83426086e+02, 4.44967682e+02, 5.96243620e-01, 1.01585516e+03,
       3.65535522e+02, 7.48094857e-01, 1.11905676e+03, 3.00683167e+02,
       8.36348712e-01, 1.12478809e+03, 4.53807770e+02, 5.49463987e-01,
       1.13073486e+03, 5.03748138e+02, 5.81715465e-01, 1.34560498e+03,
       5.21500061e+02, 5.76566100e-01, 1.53982983e+03, 5.27314087e+02,
       6.18932247e-01, 1.11600720e+03, 4.06680481e+02, 6.11803591e-01,
       1.24549927e+03, 3.36032227e+02, 5.90100050e-01, 1.44567273e+03,
       3.47770416e+02, 5.94552875e-01, 7.86264343e+02, 4.89148254e+02,
       8.56122434e-01, 7.89353516e+02, 4.62591064e+02, 8.40417683e-01,
       7.89422668e+02, 5.24390808e+02, 7.31891036e-01, 8.12967468e+02,
       4.56542938e+02, 2.08496600e-01, 1.53978223e+03, 3.15387482e+02,
       2.56235987e-01, 1.52801819e+03, 3.15342773e+02, 2.90145546e-01,
       1.47211133e+03, 3.62489197e+02, 3.18176746e-01, 1.59863562e+03,
       4.97948456e+02, 4.19794679e-01, 1.58994702e+03, 5.09674377e+02,
       3.67459655e-01, 1.57216553e+03, 5.27274658e+02, 2.61893034e-01 ]
