%YAML:1.0
---
pose_0: !!opencv-matrix
   rows: 1
   cols: 25
   dt: "3f"
   data: [ 4.62631622e+02, 5.06804779e+02, 1.57944933e-01,
       6.42105469e+02, 4.77351196e+02, 2.63392538e-01, 6.45041382e+02,
       5.44986145e+02, 2.05873206e-01, 6.71493164e+02, 6.71625061e+02,
       5.42042851e-01, 4.33063019e+02, 6.03808655e+02, 6.32172883e-01,
       6.24445740e+02, 4.09632568e+02, 1.45701617e-01, 6.95086731e+02,
       3.47825226e+02, 5.19469976e-01, 4.33210297e+02, 4.12611847e+02,
       4.09242809e-01, 1.02186688e+03, 5.47922424e+02, 4.57065165e-01,
       1.00117303e+03, 6.18522705e+02, 4.27509367e-01, 1.34554675e+03,
       6.39137512e+02, 3.19473803e-01, 1.77230701e+03, 6.68691467e+02,
       4.33463395e-01, 1.04241370e+03, 4.74356934e+02, 4.07597363e-01,
       1.35441602e+03, 4.92070709e+02, 3.38155508e-01, 1.74290833e+03,
       4.89098846e+02, 2.77131051e-01, 0., 0., 0., 4.39068237e+02,
       4.83134674e+02, 6.58399314e-02, 0., 0., 0., 0., 0., 0.,
       1.87239038e+03, 4.36111389e+02, 1.61808968e-01, 1.86942371e+03,
       4.39033295e+02, 1.64582416e-01, 1.80173376e+03, 5.24332397e+02,
       8.29608962e-02, 0., 0., 0., 0., 0., 0., 1.79583435e+03,
       6.62711365e+02, 2.34226897e-01 ]
