%YAML:1.0
---
pose_0: !!opencv-matrix
   rows: 1
   cols: 25
   dt: "3f"
   data: [ 7.89279358e+02, 3.41956512e+02, 8.32701623e-01,
       8.62830994e+02, 3.86124969e+02, 7.29886234e-01, 8.33487732e+02,
       4.21377167e+02, 6.68715954e-01, 7.59847290e+02, 4.12514404e+02,
       5.95747471e-01, 7.42262573e+02, 3.74274841e+02, 2.33678922e-01,
       8.92313965e+02, 3.41930237e+02, 5.60806036e-01, 1.06297925e+03,
       3.35945251e+02, 6.88622117e-01, 1.16608337e+03, 2.91973236e+02,
       8.47303271e-01, 1.14249500e+03, 4.12530365e+02, 6.23423398e-01,
       1.14248303e+03, 4.59545959e+02, 5.97986102e-01, 1.35735986e+03,
       4.86127441e+02, 7.69829452e-01, 1.53973462e+03, 5.27444153e+02,
       6.38635993e-01, 1.14539709e+03, 3.65398834e+02, 6.25816047e-01,
       1.32779993e+03, 3.15545410e+02, 7.27022409e-01, 1.56043018e+03,
       2.71214020e+02, 6.26872301e-01, 7.74616943e+02, 3.59478577e+02,
       7.60464191e-01, 7.77502136e+02, 3.35993408e+02, 5.04368067e-01,
       7.86351257e+02, 3.86065216e+02, 8.07112992e-01, 0., 0., 0.,
       1.64278979e+03, 2.24222321e+02, 5.28162181e-01, 1.63701111e+03,
       2.24286545e+02, 4.85826671e-01, 1.58694421e+03, 2.68300171e+02,
       2.60632932e-01, 1.59289014e+03, 5.06806091e+02, 4.90441084e-01,
       1.58978015e+03, 5.24358032e+02, 4.28558022e-01, 1.56342993e+03,
       5.33223389e+02, 3.45343024e-01 ]
