%YAML:1.0
---
pose_0: !!opencv-matrix
   rows: 1
   cols: 25
   dt: "3f"
   data: [ 6.74520874e+02, 4.12563171e+02, 8.58205974e-01,
       7.89395386e+02, 4.77287109e+02, 6.29712701e-01, 7.86298706e+02,
       5.74450562e+02, 6.21284366e-01, 8.92274719e+02, 6.53927795e+02,
       4.63688791e-01, 9.54087341e+02, 6.53945435e+02, 3.61073792e-01,
       8.12928528e+02, 3.94922394e+02, 5.36988735e-01, 1.00121735e+03,
       4.09595245e+02, 3.04869384e-01, 1.09547034e+03, 4.06553619e+02,
       5.91953062e-02, 1.09245313e+03, 4.92050507e+02, 5.27036309e-01,
       1.09533740e+03, 5.39150757e+02, 5.47484875e-01, 1.32490564e+03,
       5.27403259e+02, 5.89892447e-01, 1.61337146e+03, 5.53864197e+02,
       4.82282221e-01, 1.09246277e+03, 4.36079895e+02, 4.94067729e-01,
       1.35142847e+03, 4.30149017e+02, 4.77146566e-01, 1.58687878e+03,
       4.41961273e+02, 3.59825343e-01, 6.51048889e+02, 4.33143951e+02,
       8.35371852e-01, 6.65690613e+02, 4.03659180e+02, 7.45630026e-01,
       6.68631775e+02, 4.68452576e+02, 6.30596101e-01, 0., 0., 0.,
       1.63988477e+03, 4.12631348e+02, 4.44038302e-01, 1.63695679e+03,
       4.12593079e+02, 4.94606525e-01, 1.63103345e+03, 4.50772675e+02,
       2.32718006e-01, 1.71351709e+03, 5.56819885e+02, 3.18905830e-01,
       1.70750610e+03, 5.71518982e+02, 3.16853553e-01, 1.63107263e+03,
       5.42027893e+02, 2.65375584e-01 ]
