%YAML:1.0
---
pose_0: !!opencv-matrix
   rows: 1
   cols: 25
   dt: "3f"
   data: [ 6.77421875e+02, 5.06779419e+02, 8.63930464e-01,
       8.09954956e+02, 5.27275024e+02, 7.68182576e-01, 8.01108398e+02,
       6.03867676e+02, 6.97874784e-01, 9.09929016e+02, 6.95104126e+02,
       7.83222735e-01, 9.77772034e+02, 6.89231812e+02, 6.98795378e-01,
       8.15823486e+02, 4.39084503e+02, 5.56637168e-01, 9.86505127e+02,
       4.30232727e+02, 6.33306026e-01, 9.30528809e+02, 4.30241211e+02,
       2.33475357e-01, 1.11013953e+03, 5.24409790e+02, 5.50867438e-01,
       1.10422620e+03, 5.74469910e+02, 5.49820244e-01, 1.33076648e+03,
       5.50945251e+02, 7.83476949e-01, 1.59869653e+03, 5.86257874e+02,
       5.34231484e-01, 1.10715479e+03, 4.62579926e+02, 5.53731799e-01,
       1.36318945e+03, 4.50802246e+02, 5.12369394e-01, 1.54866968e+03,
       4.83207214e+02, 5.34348786e-01, 6.65671448e+02, 5.27359314e+02,
       8.02561641e-01, 6.68599060e+02, 4.86181366e+02, 8.59008908e-01,
       6.83299866e+02, 5.50925293e+02, 5.12323439e-01, 6.95022095e+02,
       4.59674011e+02, 5.76523721e-01, 1.63401111e+03, 4.59720673e+02,
       4.99232948e-01, 1.62816125e+03, 4.56674835e+02, 5.29054582e-01,
       1.56627368e+03, 5.03715393e+02, 3.43421817e-01, 1.69878430e+03,
       5.77372498e+02, 5.34949183e-01, 1.68700867e+03, 5.94991028e+02,
       4.61355358e-01, 1.62808911e+03, 5.92057251e+02, 2.24108428e-01 ]
