%YAML:1.0
---
pose_0: !!opencv-matrix
   rows: 1
   cols: 25
   dt: "3f"
   data: [ 4.86134613e+02, 4.86105377e+02, 5.69834113e-02,
       5.89150818e+02, 5.65589722e+02, 3.30051959e-01, 5.71499146e+02,
       6.59789368e+02, 2.11542055e-01, 7.89403381e+02, 8.83425598e+02,
       5.34399331e-01, 6.48129272e+02, 1.00419043e+03, 5.22645652e-01,
       6.27410645e+02, 4.77335632e+02, 5.87152839e-01, 7.21621704e+02,
       5.09641388e+02, 6.93263233e-01, 4.53706604e+02, 6.24338562e+02,
       7.66392648e-01, 1.02179047e+03, 5.47968323e+02, 1.79337397e-01,
       1.04532776e+03, 6.24495972e+02, 1.90636918e-01, 1.20428296e+03,
       6.48053772e+02, 1.41930088e-01, 0., 0., 0., 1.00709595e+03,
       4.83157623e+02, 2.25046456e-01, 1.12776355e+03, 4.00751862e+02,
       1.91190958e-01, 1.39850012e+03, 3.00714874e+02, 8.48345235e-02,
       0., 0., 0., 4.86226501e+02, 4.62645538e+02, 5.15451133e-02, 0.,
       0., 0., 5.50811584e+02, 5.24395508e+02, 7.12562576e-02,
       1.60747144e+03, 2.32971893e+02, 5.80512211e-02, 1.61050171e+03,
       2.24225571e+02, 6.97368234e-02, 1.42500684e+03, 3.18295837e+02,
       7.68566802e-02, 0., 0., 0., 0., 0., 0., 0., 0., 0. ]
