%YAML:1.0
---
pose_0: !!opencv-matrix
   rows: 1
   cols: 25
   dt: "3f"
   data: [ 7.92337097e+02, 3.89114441e+02, 8.41106594e-01,
       9.03981689e+02, 3.80198608e+02, 6.93409324e-01, 8.80420959e+02,
       4.30220551e+02, 7.72715926e-01, 9.21666809e+02, 3.44936340e+02,
       6.46237373e-01, 8.27598389e+02, 2.21189072e+02, 6.82350039e-01,
       9.18819397e+02, 3.36006195e+02, 3.11057925e-01, 8.86450806e+02,
       2.94958588e+02, 1.34431019e-01, 8.18792236e+02, 2.12399658e+02,
       1.01224676e-01, 1.13660181e+03, 4.27305969e+02, 6.33895516e-01,
       1.11894763e+03, 4.74344055e+02, 6.14252627e-01, 1.30445190e+03,
       5.86181274e+02, 7.85388529e-01, 1.50447827e+03, 7.00989990e+02,
       6.59569860e-01, 1.15134839e+03, 3.77227570e+02, 5.80731809e-01,
       1.37199927e+03, 3.68428192e+02, 4.90338236e-01, 1.54866162e+03,
       3.89131531e+02, 5.51882386e-01, 7.86199036e+02, 4.03700592e+02,
       7.44645178e-01, 7.86260559e+02, 3.71421265e+02, 7.73861647e-01,
       8.06970459e+02, 4.09744843e+02, 5.00692278e-02, 8.01103271e+02,
       3.41915710e+02, 5.67015409e-01, 1.61641589e+03, 3.68402588e+02,
       3.73741418e-01, 1.61339050e+03, 3.65471008e+02, 4.07858849e-01,
       1.58391687e+03, 3.94931458e+02, 2.64047921e-01, 1.58680139e+03,
       7.42163513e+02, 6.31555557e-01, 1.56632349e+03, 7.48090271e+02,
       6.04816854e-01, 1.52215527e+03, 6.98027832e+02, 4.51475918e-01 ]
