%YAML:1.0
---
pose_0: !!opencv-matrix
   rows: 1
   cols: 25
   dt: "3f"
   data: [ 5.74449219e+02, 5.80334229e+02, 2.78141260e-01,
       7.18620605e+02, 5.33295105e+02, 3.95054996e-01, 7.09838196e+02,
       6.00906921e+02, 3.20886910e-01, 8.03992615e+02, 6.89211670e+02,
       7.10123241e-01, 7.18588501e+02, 6.06785156e+02, 3.78782094e-01,
       7.24548645e+02, 4.80220184e+02, 3.07626069e-01, 8.36531006e+02,
       4.06595459e+02, 7.95626760e-01, 6.89178406e+02, 4.62658722e+02,
       7.61246741e-01, 1.04832910e+03, 5.33194824e+02, 4.33814347e-01,
       1.04530835e+03, 5.92080688e+02, 4.29035991e-01, 1.29552527e+03,
       5.98057312e+02, 2.63822883e-01, 1.50157483e+03, 6.18573059e+02,
       1.19123131e-01, 1.04835449e+03, 4.74328644e+02, 4.32229578e-01,
       1.32787708e+03, 4.65585663e+02, 3.48723114e-01, 1.51040723e+03,
       4.50770325e+02, 2.45924622e-01, 5.56734375e+02, 5.80330139e+02,
       1.70021459e-01, 5.50958252e+02, 5.65556091e+02, 2.56748825e-01,
       5.77422485e+02, 5.97874634e+02, 5.37155122e-02, 5.71512695e+02,
       5.47901611e+02, 1.91728815e-01, 0., 0., 0., 0., 0., 0.,
       1.53097815e+03, 4.47832520e+02, 1.68682128e-01, 1.49266675e+03,
       6.59800293e+02, 1.13130204e-01, 1.49266199e+03, 6.56819153e+02,
       1.12841412e-01, 0., 0., 0. ]
