%YAML:1.0
---
pose_0: !!opencv-matrix
   rows: 1
   cols: 25
   dt: "3f"
   data: [ 7.33373474e+02, 4.21392700e+02, 6.96990132e-01,
       8.33390686e+02, 5.03809937e+02, 7.17286825e-01, 8.24656189e+02,
       5.77447266e+02, 7.37818420e-01, 9.57085999e+02, 6.24375671e+02,
       8.43393147e-01, 1.05712866e+03, 5.77357117e+02, 8.50598931e-01,
       8.30433472e+02, 4.33037445e+02, 5.72651029e-01, 9.95207886e+02,
       3.91932861e+02, 7.51158774e-01, 1.11884937e+03, 3.42012909e+02,
       8.17504108e-01, 1.09538770e+03, 4.80321259e+02, 6.08445406e-01,
       1.09245349e+03, 5.27418396e+02, 6.23081565e-01, 1.33385278e+03,
       5.50948425e+02, 7.83097625e-01, 1.55163232e+03, 5.71522705e+02,
       6.38888180e-01, 1.09545691e+03, 4.33177185e+02, 6.32128894e-01,
       1.32205554e+03, 4.03702362e+02, 5.17460763e-01, 1.53101038e+03,
       3.94883972e+02, 4.24602091e-01, 7.15676025e+02, 4.33192596e+02,
       8.08399796e-01, 7.15581116e+02, 4.09549164e+02, 2.05381095e-01,
       7.24528137e+02, 4.68499664e+02, 6.76092207e-01, 0., 0., 0.,
       1.61049487e+03, 3.65390350e+02, 5.29923379e-01, 1.60746033e+03,
       3.62482574e+02, 5.35314560e-01, 1.54280750e+03, 4.09601715e+02,
       2.33684421e-01, 1.62224792e+03, 5.53845825e+02, 5.42467773e-01,
       1.61346985e+03, 5.71460266e+02, 4.86401469e-01, 1.57220300e+03,
       5.53877075e+02, 2.61861444e-01 ]
