%YAML:1.0
---
pose_0: !!opencv-matrix
   rows: 1
   cols: 25
   dt: "3f"
   data: [ 7.86396545e+02, 4.53748535e+02, 7.61810243e-01,
       8.36328613e+02, 5.21391907e+02, 6.91384614e-01, 8.62867737e+02,
       5.12626282e+02, 5.80066681e-01, 9.54101807e+02, 4.56783691e+02,
       8.03471386e-01, 9.54242920e+02, 3.18478943e+02, 8.20834816e-01,
       8.09906189e+02, 5.30301819e+02, 3.20742428e-01, 9.39378235e+02,
       4.59658295e+02, 6.61824122e-02, 0., 0., 0., 1.13951135e+03,
       4.74360657e+02, 4.28664982e-01, 1.14541284e+03, 5.24434875e+02,
       4.26414192e-01, 1.34554858e+03, 5.80312683e+02, 4.93603021e-01,
       1.52212854e+03, 6.83351257e+02, 4.80484366e-01, 1.13361768e+03,
       4.15479279e+02, 4.45600629e-01, 1.33085913e+03, 3.41838104e+02,
       4.71264303e-01, 1.53979553e+03, 2.77217834e+02, 3.85544211e-01,
       7.65801697e+02, 4.59536163e+02, 7.78102994e-01, 7.68678528e+02,
       4.36219696e+02, 2.20169842e-01, 7.74528381e+02, 4.86131744e+02,
       5.43457389e-01, 0., 0., 0., 1.64575061e+03, 2.18231110e+02,
       1.47218779e-01, 1.64874048e+03, 2.15342743e+02, 1.12939648e-01,
       1.54573816e+03, 2.77169556e+02, 3.08667541e-01, 1.60159937e+03,
       6.92222595e+02, 4.43562031e-01, 1.58988599e+03, 6.98116272e+02,
       4.00175214e-01, 1.54271802e+03, 6.95116638e+02, 3.57161164e-01 ]
