%YAML:1.0
---
pose_0: !!opencv-matrix
   rows: 1
   cols: 25
   dt: "3f"
   data: [ 7.65636169e+02, 4.12684570e+02, 7.60331452e-01,
       8.74610352e+02, 4.18493042e+02, 5.33627450e-01, 8.57017151e+02,
       4.83148376e+02, 3.93306434e-01, 9.07080750e+02, 5.53845215e+02,
       1.80540964e-01, 9.07117188e+02, 6.30382141e+02, 1.82650164e-01,
       8.65835938e+02, 3.59530731e+02, 3.88166666e-01, 1.04533203e+03,
       3.15348846e+02, 8.15355778e-01, 1.07184766e+03, 2.35997116e+02,
       8.10074508e-01, 1.13959021e+03, 4.53784302e+02, 6.13446653e-01,
       1.13069128e+03, 5.03661591e+02, 6.02595091e-01, 1.34842786e+03,
       5.30432068e+02, 7.48748958e-01, 1.56333130e+03, 5.59705017e+02,
       5.84139943e-01, 1.14547437e+03, 4.03733673e+02, 5.57646394e-01,
       1.35436475e+03, 3.97876099e+02, 6.25968993e-01, 1.55163940e+03,
       3.97864777e+02, 6.59759045e-01, 7.48099243e+02, 4.27265015e+02,
       6.30041242e-01, 7.59754761e+02, 4.00754944e+02, 6.54641390e-01,
       7.62873901e+02, 4.53727905e+02, 4.27052349e-01, 7.83345764e+02,
       3.80146332e+02, 3.89443904e-01, 1.61632642e+03, 3.68422485e+02,
       5.17446637e-01, 1.61048816e+03, 3.65494751e+02, 5.70769548e-01,
       1.57514246e+03, 4.03726257e+02, 3.52234602e-01, 1.63704016e+03,
       5.33285522e+02, 4.20157582e-01, 1.63393359e+03, 5.53767944e+02,
       3.27272177e-01, 1.58981238e+03, 5.62686951e+02, 3.14464629e-01 ]
