%YAML:1.0
---
pose_0: !!opencv-matrix
   rows: 1
   cols: 25
   dt: "3f"
   data: [ 7.30450439e+02, 4.33046631e+02, 6.44623220e-01,
       8.53980591e+02, 4.86218658e+02, 6.58804119e-01, 8.24586975e+02,
       5.44929810e+02, 6.82664216e-01, 9.30662781e+02, 6.21554749e+02,
       8.25042963e-01, 1.02173602e+03, 6.21582886e+02, 8.04911613e-01,
       8.74674316e+02, 4.36135498e+02, 4.91208911e-01, 1.04822461e+03,
       4.62598755e+02, 6.94451272e-01, 1.15720129e+03, 4.27214630e+02,
       7.55106568e-01, 1.12189905e+03, 5.74515808e+02, 5.53834438e-01,
       1.09832886e+03, 6.21483704e+02, 4.56276178e-01, 1.33964856e+03,
       5.68492004e+02, 7.22390354e-01, 1.58991064e+03, 6.92062378e+02,
       4.78052825e-01, 1.14253870e+03, 5.30308899e+02, 5.45285821e-01,
       1.37794287e+03, 5.21398376e+02, 6.75143898e-01, 1.56343823e+03,
       6.06807556e+02, 4.18464869e-01, 7.15620117e+02, 4.53707794e+02,
       6.63611531e-01, 7.15796753e+02, 4.24320465e+02, 1.23769745e-01,
       7.42120972e+02, 5.03686066e+02, 5.18117726e-01, 0., 0., 0.,
       1.61343237e+03, 5.62643433e+02, 2.49010548e-01, 1.61334827e+03,
       5.62669189e+02, 2.72722423e-01, 1.58695618e+03, 6.24467407e+02,
       2.60309309e-01, 1.68107825e+03, 7.06850525e+02, 1.68032050e-01,
       1.66341541e+03, 7.30364563e+02, 1.96401522e-01, 1.66050098e+03,
       7.45138062e+02, 3.23656440e-01 ]
