%YAML:1.0
---
pose_0: !!opencv-matrix
   rows: 1
   cols: 25
   dt: "3f"
   data: [ 7.24590149e+02, 5.33233521e+02, 6.46916330e-01,
       7.89260986e+02, 4.56729797e+02, 4.80161965e-01, 7.80476990e+02,
       4.44955353e+02, 3.22085410e-01, 0., 0., 0., 0., 0., 0.,
       8.01084473e+02, 4.59759338e+02, 6.24607801e-01, 9.27599121e+02,
       5.27430969e+02, 8.48148823e-01, 8.03967407e+02, 5.59728638e+02,
       7.53413379e-01, 1.06890930e+03, 4.68464233e+02, 2.98965931e-01,
       1.04830212e+03, 4.62594482e+02, 1.58255294e-01, 1.30145776e+03,
       5.06818085e+02, 2.38554284e-01, 1.56635132e+03, 4.53779602e+02,
       2.37884700e-01, 1.08949097e+03, 4.65558502e+02, 2.86219269e-01,
       1.31322522e+03, 5.15526184e+02, 6.59433305e-01, 1.57805994e+03,
       4.56749969e+02, 4.55460757e-01, 7.18530396e+02, 5.27320496e+02,
       5.08895218e-02, 7.15822205e+02, 5.18543152e+02, 6.70663297e-01,
       0., 0., 0., 7.21628967e+02, 4.71405212e+02, 5.47306299e-01, 0.,
       0., 0., 0., 0., 0., 1.61637134e+03, 4.56668732e+02,
       1.91585928e-01, 0., 0., 0., 0., 0., 0., 1.60748621e+03,
       4.27232086e+02, 7.42205530e-02 ]
