%YAML:1.0
---
pose_0: !!opencv-matrix
   rows: 2
   cols: 25
   dt: "3f"
   data: [ 0., 0., 0., 6.65620056e+02, 5.30298340e+02, 1.85103655e-01,
       0., 0., 0., 0., 0., 0., 0., 0., 0., 6.45060791e+02,
       4.47901947e+02, 1.33504659e-01, 8.80541992e+02, 3.42013184e+02,
       7.52078474e-01, 7.27506836e+02, 3.15542267e+02, 7.59640098e-01,
       1.06302661e+03, 5.94982849e+02, 3.98238868e-01, 1.04239856e+03,
       6.68671082e+02, 3.95864487e-01, 1.26611853e+03, 7.89236328e+02,
       2.25334197e-01, 1.51037927e+03, 9.07022400e+02, 1.69941813e-01,
       1.09536523e+03, 5.27245789e+02, 3.55504155e-01, 1.36912720e+03,
       5.53885437e+02, 4.54950362e-01, 1.71056079e+03, 5.47955200e+02,
       3.34438384e-01, 0., 0., 0., 0., 0., 0., 0., 0., 0.,
       5.06711182e+02, 6.15591797e+02, 1.35028511e-01, 1.84297046e+03,
       5.21440002e+02, 1.80369452e-01, 1.84007202e+03, 5.18495850e+02,
       1.92524284e-01, 1.77821777e+03, 5.68540649e+02, 1.26183107e-01,
       0., 0., 0., 0., 0., 0., 1.55158630e+03, 9.15856567e+02,
       1.00933544e-01, 5.74416565e+02, 6.45086243e+02, 1.69163913e-01,
       5.92100952e+02, 5.65607117e+02, 1.68211490e-01, 6.74490479e+02,
       6.24524170e+02, 1.87381238e-01, 8.33519714e+02, 6.24382935e+02,
       6.42999172e-01, 6.56886475e+02, 5.47899231e+02, 6.69079185e-01,
       4.92011139e+02, 5.56752014e+02, 1.39160439e-01, 0., 0., 0., 0.,
       0., 0., 0., 0., 0., 0., 0., 0., 0., 0., 0., 0., 0., 0., 0., 0.,
       0., 0., 0., 0., 0., 0., 0., 5.65593750e+02, 6.44956177e+02,
       1.17766380e-01, 5.50923462e+02, 6.24443909e+02, 1.62337229e-01,
       5.94975342e+02, 6.45114319e+02, 6.73636794e-02, 0., 0., 0., 0.,
       0., 0., 0., 0., 0., 0., 0., 0., 0., 0., 0., 0., 0., 0., 0., 0.,
       0. ]
