%YAML:1.0
---
pose_0: !!opencv-matrix
   rows: 1
   cols: 25
   dt: "3f"
   data: [ 7.45242126e+02, 4.86245453e+02, 8.38683844e-01,
       8.71667236e+02, 5.27218567e+02, 7.03766108e-01, 8.77537537e+02,
       6.00992126e+02, 7.05806196e-01, 9.98298767e+02, 6.33279785e+02,
       7.36352921e-01, 1.11013062e+03, 6.06888855e+02, 7.89073944e-01,
       8.62958740e+02, 4.56580658e+02, 5.92679083e-01, 1.01300201e+03,
       4.24330383e+02, 4.70058560e-01, 1.13067590e+03, 4.27303009e+02,
       3.41703713e-01, 1.12188794e+03, 5.30325378e+02, 6.26339495e-01,
       1.11598608e+03, 5.74547791e+02, 6.04783416e-01, 1.31023450e+03,
       5.89173828e+02, 4.86733764e-01, 1.54572266e+03, 5.97994629e+02,
       4.99535203e-01, 1.13066992e+03, 4.80303802e+02, 5.76653719e-01,
       1.32493335e+03, 4.62670074e+02, 6.86200678e-01, 1.61049597e+03,
       4.15582703e+02, 5.54207861e-01, 7.36271118e+02, 5.03807465e+02,
       8.23322773e-01, 7.42121399e+02, 4.74337616e+02, 8.68873894e-01,
       7.51015564e+02, 5.30242859e+02, 5.92008114e-01, 7.74551697e+02,
       4.56628906e+02, 5.39515316e-01, 1.72822583e+03, 3.62511078e+02,
       4.01258290e-01, 1.72809094e+03, 3.62560272e+02, 4.19046462e-01,
       1.62808374e+03, 4.33249634e+02, 2.86664546e-01, 1.61641907e+03,
       5.74430725e+02, 3.74629319e-01, 1.61037915e+03, 5.89127869e+02,
       3.04752380e-01, 1.57809741e+03, 5.97959961e+02, 1.90872729e-01 ]
