%YAML:1.0
---
pose_0: !!opencv-matrix
   rows: 2
   cols: 25
   dt: "3f"
   data: [ 0., 0., 0., 0., 0., 0., 0., 0., 0., 0., 0., 0., 0., 0., 0.,
       0., 0., 0., 0., 0., 0., 0., 0., 0., 1.13070386e+03,
       4.83240265e+02, 1.32771254e-01, 1.13658130e+03, 4.80235138e+02,
       7.77887180e-02, 1.32794031e+03, 5.06728271e+02, 6.11540973e-01,
       1.47804028e+03, 4.50787476e+02, 2.12562203e-01, 1.12778198e+03,
       4.89051514e+02, 1.72275111e-01, 1.33969348e+03, 5.50857971e+02,
       6.94806457e-01, 1.58392639e+03, 4.68484619e+02, 3.65235448e-01,
       0., 0., 0., 0., 0., 0., 0., 0., 0., 0., 0., 0., 1.67227979e+03,
       4.71407837e+02, 1.41353369e-01, 1.66639709e+03, 4.71402588e+02,
       1.43211961e-01, 0., 0., 0., 0., 0., 0., 0., 0., 0., 0., 0., 0.,
       7.53939392e+02, 5.47912598e+02, 3.11140358e-01, 8.09903503e+02,
       4.62581329e+02, 4.37908322e-01, 8.09888855e+02, 4.59657623e+02,
       2.44864181e-01, 0., 0., 0., 0., 0., 0., 8.12932983e+02,
       4.80317780e+02, 5.18435359e-01, 9.54177673e+02, 4.33271729e+02,
       3.35540116e-01, 1.11305945e+03, 4.50760040e+02, 2.78055638e-01,
       8.89364868e+02, 4.36112946e+02, 8.22148547e-02, 0., 0., 0., 0.,
       0., 0., 0., 0., 0., 0., 0., 0., 0., 0., 0., 0., 0., 0., 0., 0.,
       0., 7.42149109e+02, 5.30279907e+02, 3.47293437e-01, 0., 0., 0.,
       7.42104309e+02, 4.83162262e+02, 4.93835688e-01, 0., 0., 0., 0.,
       0., 0., 0., 0., 0., 0., 0., 0., 0., 0., 0., 0., 0., 0. ]
