%YAML:1.0
---
pose_0: !!opencv-matrix
   rows: 1
   cols: 25
   dt: "3f"
   data: [ 7.65665527e+02, 4.06561554e+02, 8.65497828e-01,
       8.89384216e+02, 4.36176361e+02, 7.39545524e-01, 8.80565063e+02,
       5.09716187e+02, 7.79071093e-01, 1.00136530e+03, 5.89165649e+02,
       8.33461583e-01, 1.09553345e+03, 5.27262268e+02, 8.11840475e-01,
       9.01104187e+02, 3.65418243e+02, 6.06273651e-01, 1.05128333e+03,
       3.18385956e+02, 8.20620716e-01, 1.17194971e+03, 2.65270508e+02,
       8.00307989e-01, 1.14248608e+03, 4.30228516e+02, 6.23620033e-01,
       1.13960840e+03, 4.77262299e+02, 5.99717498e-01, 1.36612195e+03,
       5.27369812e+02, 6.08874321e-01, 1.55157935e+03, 5.80288635e+02,
       6.26011729e-01, 1.14252380e+03, 3.83072388e+02, 6.06750846e-01,
       1.33083337e+03, 3.38955200e+02, 5.21307826e-01, 1.55158704e+03,
       3.00741638e+02, 5.60512543e-01, 7.51043091e+02, 4.18446625e+02,
       7.79805303e-01, 7.59872253e+02, 3.88912689e+02, 8.80584180e-01,
       7.65882324e+02, 4.56594635e+02, 6.63203478e-01, 7.86427795e+02,
       3.71363586e+02, 3.80643934e-01, 1.63697266e+03, 2.65361115e+02,
       1.74457371e-01, 1.63110645e+03, 2.65340607e+02, 1.78129196e-01,
       1.56928516e+03, 2.88976563e+02, 2.59016097e-01, 1.61354578e+03,
       6.09764893e+02, 3.51843238e-01, 1.61333374e+03, 6.09772461e+02,
       3.88035476e-01, 1.58398401e+03, 5.74452209e+02, 3.90842736e-01 ]
