%YAML:1.0
---
pose_0: !!opencv-matrix
   rows: 1
   cols: 25
   dt: "3f"
   data: [ 0., 0., 0., 8.59902466e+02, 5.03807648e+02, 1.88441962e-01,
       0., 0., 0., 0., 0., 0., 0., 0., 0., 0., 0., 0., 0., 0., 0., 0.,
       0., 0., 1.09833276e+03, 4.89107697e+02, 1.83572516e-01,
       1.09538196e+03, 4.89104462e+02, 1.54307634e-01, 1.33075391e+03,
       5.06798401e+02, 7.22996950e-01, 1.56923792e+03, 6.24561707e+02,
       6.04378819e-01, 1.10422388e+03, 4.83234741e+02, 1.43429562e-01,
       1.35139612e+03, 4.41946869e+02, 5.21502852e-01, 1.56044397e+03,
       5.06721558e+02, 6.46409452e-01, 0., 0., 0., 0., 0., 0., 0., 0.,
       0., 0., 0., 0., 1.68991992e+03, 5.33284424e+02, 8.62569213e-02,
       1.68412988e+03, 5.36196960e+02, 9.38503519e-02, 1.58982886e+03,
       5.24399292e+02, 2.80556202e-01, 1.63401282e+03, 6.71576294e+02,
       5.57777166e-01, 1.61051392e+03, 6.80384155e+02, 5.87277651e-01,
       1.60159888e+03, 6.18582581e+02, 3.66863161e-01 ]
