%YAML:1.0
---
pose_0: !!opencv-matrix
   rows: 1
   cols: 25
   dt: "3f"
   data: [ 7.00987793e+02, 4.83217316e+02, 8.65359187e-01,
       8.30530518e+02, 5.06750793e+02, 6.99371934e-01, 8.36281006e+02,
       5.80370850e+02, 7.49293506e-01, 9.74748352e+02, 6.24573730e+02,
       8.92465830e-01, 1.01875562e+03, 5.97934937e+02, 8.38623703e-01,
       8.12854187e+02, 4.36061981e+02, 4.88902092e-01, 9.77770142e+02,
       3.59613586e+02, 8.23820829e-01, 9.01166931e+02, 3.62505554e+02,
       7.37091660e-01, 1.10714929e+03, 4.89105591e+02, 5.22915244e-01,
       1.09540784e+03, 5.39125244e+02, 5.75219095e-01, 1.32201514e+03,
       5.74560791e+02, 5.18114686e-01, 1.49570972e+03, 5.74398560e+02,
       6.36811018e-01, 1.11007129e+03, 4.33249542e+02, 5.19573748e-01,
       1.31030017e+03, 4.53659912e+02, 5.68179607e-01, 1.56630261e+03,
       4.74292847e+02, 5.54408491e-01, 6.89164307e+02, 5.00749390e+02,
       7.70553112e-01, 6.95012451e+02, 4.59798950e+02, 8.50853443e-01,
       7.00958008e+02, 5.21372437e+02, 3.62587571e-01, 7.24508911e+02,
       4.36155151e+02, 6.58811748e-01, 1.63688708e+03, 4.44970367e+02,
       5.14105439e-01, 1.63107825e+03, 4.39118774e+02, 5.35523057e-01,
       1.58691199e+03, 4.80267059e+02, 3.82106304e-01, 1.56330652e+03,
       5.68529541e+02, 3.54080826e-01, 1.54573523e+03, 5.77358398e+02,
       3.42892885e-01, 1.52221619e+03, 5.59678223e+02, 3.54661882e-01 ]
