%YAML:1.0
---
pose_0: !!opencv-matrix
   rows: 1
   cols: 25
   dt: "3f"
   data: [ 7.39352234e+02, 5.33260132e+02, 8.23143363e-01,
       8.27505310e+02, 4.65504456e+02, 5.27725279e-01, 8.09841797e+02,
       4.89049988e+02, 3.81535083e-01, 0., 0., 0., 0., 0., 0.,
       8.39402100e+02, 4.56604645e+02, 6.17702723e-01, 9.68830627e+02,
       4.62651794e+02, 8.19784403e-01, 9.27524841e+02, 6.00817993e+02,
       7.64940083e-01, 1.12187195e+03, 4.80175995e+02, 4.04956818e-01,
       1.11306921e+03, 4.89095306e+02, 2.59762585e-01, 1.36617017e+03,
       4.83283783e+02, 2.74046093e-01, 1.61344873e+03, 4.24309052e+02,
       3.62557113e-01, 1.13363269e+03, 4.65522461e+02, 3.39935094e-01,
       1.37502185e+03, 5.18491211e+02, 4.07478958e-01, 1.61343860e+03,
       4.30202026e+02, 3.29175651e-01, 0., 0., 0., 7.30421265e+02,
       5.18467346e+02, 7.37134159e-01, 0., 0., 0., 7.45170959e+02,
       4.77326416e+02, 6.82087779e-01, 0., 0., 0., 0., 0., 0.,
       1.66346094e+03, 4.18454651e+02, 1.45409748e-01, 1.67230103e+03,
       3.68384918e+02, 3.04976523e-01, 1.66930469e+03, 3.80157074e+02,
       2.16685936e-01, 1.66638086e+03, 4.03738739e+02, 1.41642943e-01 ]
