%YAML:1.0
---
pose_0: !!opencv-matrix
   rows: 1
   cols: 25
   dt: "3f"
   data: [ 7.65784241e+02, 5.33293945e+02, 7.94439554e-01,
       8.57042480e+02, 4.59747131e+02, 5.99454880e-01, 8.51115173e+02,
       4.59583191e+02, 3.99436951e-01, 0., 0., 0., 0., 0., 0.,
       8.60048218e+02, 4.59803558e+02, 7.27133214e-01, 9.98324951e+02,
       4.68485077e+02, 7.74544179e-01, 1.14237927e+03, 5.50855103e+02,
       8.03473532e-01, 1.15129504e+03, 4.21394714e+02, 2.63915747e-01,
       1.14838086e+03, 4.15500854e+02, 1.72784656e-01, 1.37200208e+03,
       5.27279175e+02, 5.45020819e-01, 1.58981580e+03, 4.33135803e+02,
       3.27182174e-01, 1.15424878e+03, 4.21420044e+02, 2.82561421e-01,
       1.35738867e+03, 5.47917236e+02, 6.75461054e-01, 1.63393848e+03,
       4.18403595e+02, 4.66510296e-01, 0., 0., 0., 7.62689270e+02,
       5.21414063e+02, 7.64669180e-01, 0., 0., 0., 7.80465759e+02,
       4.77294983e+02, 6.79789543e-01, 1.67230884e+03, 5.06740479e+02,
       3.33577484e-01, 1.68099866e+03, 4.97898102e+02, 3.02830219e-01,
       1.65755493e+03, 3.94874634e+02, 3.07006955e-01, 0., 0., 0., 0.,
       0., 0., 0., 0., 0. ]
