%YAML:1.0
---
pose_0: !!opencv-matrix
   rows: 1
   cols: 25
   dt: "3f"
   data: [ 7.74608337e+02, 3.12435059e+02, 7.26325631e-01,
       8.62856323e+02, 2.24265442e+02, 5.45020938e-01, 8.42318481e+02,
       2.56573151e+02, 3.52658182e-01, 9.54091003e+02, 3.12506409e+02,
       1.16272062e-01, 9.80545349e+02, 4.12518982e+02, 2.35145211e-01,
       8.83416504e+02, 2.00691650e+02, 5.58166325e-01, 1.02185468e+03,
       2.21112900e+02, 7.82065988e-01, 9.80625977e+02, 3.88957275e+02,
       5.92849851e-01, 1.12188318e+03, 2.35954529e+02, 1.20622359e-01,
       0., 0., 0., 0., 0., 0., 0., 0., 0., 1.12777966e+03,
       2.09459381e+02, 1.17508009e-01, 1.36325952e+03, 2.15381134e+02,
       5.05576357e-02, 1.37794470e+03, 2.15308228e+02, 7.92178288e-02,
       7.62696289e+02, 3.06593903e+02, 3.01519245e-01, 7.65830688e+02,
       2.91879456e+02, 7.91351676e-01, 0., 0., 0., 7.74602051e+02,
       2.41800278e+02, 5.76330662e-01, 0., 0., 0., 0., 0., 0., 0., 0.,
       0., 0., 0., 0., 0., 0., 0., 0., 0., 0. ]
