%YAML:1.0
---
pose_0: !!opencv-matrix
   rows: 1
   cols: 25
   dt: "3f"
   data: [ 7.86335205e+02, 5.36150879e+02, 6.60488725e-01,
       8.59890991e+02, 5.97901855e+02, 5.07970393e-01, 8.59932373e+02,
       6.30363892e+02, 6.50462449e-01, 9.30480164e+02, 4.74331573e+02,
       5.45386195e-01, 9.74804688e+02, 3.21341766e+02, 7.98650086e-01,
       8.65802917e+02, 5.50896179e+02, 2.28746474e-01, 9.27553711e+02,
       4.94968445e+02, 2.48642191e-01, 0., 0., 0., 1.14252490e+03,
       5.65649048e+02, 5.40391445e-01, 1.14548926e+03, 6.15640137e+02,
       5.27947128e-01, 1.35742224e+03, 6.47902039e+02, 8.01601529e-01,
       1.54869775e+03, 7.15758240e+02, 6.42906189e-01, 1.13951538e+03,
       5.15602539e+02, 6.04910851e-01, 1.23956543e+03, 4.59730499e+02,
       8.13213527e-01, 1.42516199e+03, 5.33307495e+02, 7.12738276e-01,
       7.65856812e+02, 5.50754395e+02, 6.38498664e-01, 7.71592773e+02,
       5.30254761e+02, 1.90584928e-01, 7.83442688e+02, 5.89151978e+02,
       4.18651044e-01, 0., 0., 0., 1.53093945e+03, 5.12622131e+02,
       4.99066472e-01, 1.52506616e+03, 5.06788940e+02, 5.07284701e-01,
       1.43976025e+03, 5.59687622e+02, 5.28527796e-01, 1.61634009e+03,
       6.89258911e+02, 3.93578708e-01, 1.61041443e+03, 7.06849548e+02,
       3.33985031e-01, 1.56632056e+03, 7.33360718e+02, 4.31176186e-01 ]
