%YAML:1.0
---
pose_0: !!opencv-matrix
   rows: 1
   cols: 25
   dt: "3f"
   data: [ 6.71504395e+02, 4.36108734e+02, 8.39018226e-01,
       8.12745789e+02, 4.33163269e+02, 7.49477804e-01, 7.98084412e+02,
       5.21468689e+02, 6.49570525e-01, 8.92323792e+02, 6.21497559e+02,
       5.91694593e-01, 0., 0., 0., 8.30498596e+02, 3.41930542e+02,
       6.55594289e-01, 9.98205322e+02, 3.24223724e+02, 5.94334602e-01,
       9.65831970e+02, 3.21347321e+02, 1.06707953e-01, 1.11595874e+03,
       4.59621735e+02, 5.29660761e-01, 1.10712927e+03, 5.06867889e+02,
       5.38808882e-01, 1.32499878e+03, 5.06836212e+02, 7.57589996e-01,
       1.60166187e+03, 5.50871582e+02, 5.72083354e-01, 1.11895654e+03,
       4.06590332e+02, 4.91253406e-01, 1.35732886e+03, 4.09521118e+02,
       5.54519773e-01, 1.58397778e+03, 4.06672699e+02, 5.11058867e-01,
       6.53900085e+02, 4.56575897e+02, 7.42902160e-01, 6.59803101e+02,
       4.15447479e+02, 7.52546549e-01, 6.71588745e+02, 4.74362946e+02,
       1.97083980e-01, 6.86303711e+02, 3.88907349e+02, 5.52433074e-01,
       1.65753174e+03, 3.83070953e+02, 3.56790930e-01, 1.65160486e+03,
       3.74332275e+02, 3.87940496e-01, 1.63103674e+03, 4.15502777e+02,
       2.90748149e-01, 1.72224609e+03, 5.47971436e+02, 3.77140760e-01,
       1.71344531e+03, 5.56762024e+02, 3.30634743e-01, 1.63106580e+03,
       5.33229126e+02, 3.11805040e-01 ]
