%YAML:1.0
---
pose_0: !!opencv-matrix
   rows: 1
   cols: 25
   dt: "3f"
   data: [ 7.36198364e+02, 4.47855652e+02, 8.17028582e-01,
       8.06922424e+02, 4.36170654e+02, 7.46863186e-01, 8.01064087e+02,
       4.80282654e+02, 6.86992884e-01, 8.98199829e+02, 5.50877258e+02,
       8.39073539e-01, 7.68713928e+02, 5.18570435e+02, 8.11219394e-01,
       8.09978638e+02, 3.92015320e+02, 6.61779761e-01, 9.06966858e+02,
       3.56566193e+02, 7.84276962e-01, 7.74590942e+02, 4.06579346e+02,
       6.70890689e-01, 1.10421008e+03, 4.56582428e+02, 5.68472862e-01,
       1.10423804e+03, 5.00799957e+02, 5.61537147e-01, 1.32496814e+03,
       4.94971344e+02, 7.23082185e-01, 1.54576184e+03, 4.97906830e+02,
       6.11847878e-01, 1.10129797e+03, 4.03658722e+02, 5.52732229e-01,
       1.32493323e+03, 3.91982849e+02, 4.97642636e-01, 1.53102454e+03,
       4.06653656e+02, 4.00447786e-01, 7.18566956e+02, 4.56780609e+02,
       8.82512808e-01, 7.21580994e+02, 4.33044495e+02, 8.39609802e-01,
       7.33370544e+02, 4.80098145e+02, 3.22470784e-01, 7.39329651e+02,
       4.09458649e+02, 6.87053680e-01, 1.61638696e+03, 3.83137878e+02,
       2.70411670e-01, 1.61335229e+03, 3.80212738e+02, 2.93761402e-01,
       1.56922034e+03, 4.12560303e+02, 2.56071538e-01, 1.62224976e+03,
       5.09695313e+02, 4.23853815e-01, 1.61334583e+03, 5.24338257e+02,
       4.42635715e-01, 1.57514941e+03, 4.80191711e+02, 3.60859305e-01 ]
