%YAML:1.0
---
pose_0: !!opencv-matrix
   rows: 1
   cols: 25
   dt: "3f"
   data: [ 7.86282715e+02, 5.30244019e+02, 8.91342938e-01,
       8.33504211e+02, 5.94994080e+02, 7.24767089e-01, 8.36471680e+02,
       6.36245117e+02, 6.12362802e-01, 8.95280396e+02, 6.18509888e+02,
       2.08632365e-01, 9.27647095e+02, 5.06666656e+02, 1.24639556e-01,
       8.42307617e+02, 5.47901733e+02, 6.71048224e-01, 9.24708252e+02,
       4.80287994e+02, 5.67400455e-01, 9.80653137e+02, 3.41885681e+02,
       4.97063935e-01, 1.12772876e+03, 5.74347900e+02, 5.51611543e-01,
       1.13072620e+03, 6.18533264e+02, 5.36277831e-01, 1.35143494e+03,
       6.47920410e+02, 7.74411798e-01, 1.56041589e+03, 7.15716309e+02,
       6.44950986e-01, 1.12193469e+03, 5.27239990e+02, 5.81868827e-01,
       1.25430408e+03, 4.86132507e+02, 6.26635432e-01, 1.44553479e+03,
       5.30312561e+02, 7.40555942e-01, 7.62821594e+02, 5.36199463e+02,
       8.46811712e-01, 7.65641541e+02, 5.18478516e+02, 1.85940355e-01,
       7.62804810e+02, 5.77279602e+02, 6.87710702e-01, 0., 0., 0.,
       1.54277747e+03, 5.09688995e+02, 3.67111892e-01, 1.53689758e+03,
       5.03862000e+02, 3.80190194e-01, 1.45449084e+03, 5.50960327e+02,
       4.75863487e-01, 1.62513977e+03, 6.89182373e+02, 5.25186181e-01,
       1.61634790e+03, 7.00970947e+02, 4.56374794e-01, 1.57222742e+03,
       7.36260498e+02, 4.37435269e-01 ]
