%YAML:1.0
---
pose_0: !!opencv-matrix
   rows: 1
   cols: 25
   dt: "3f"
   data: [ 6.21391418e+02, 6.24432007e+02, 8.35672915e-01,
       7.39313354e+02, 6.15626709e+02, 5.52354574e-01, 7.80471680e+02,
       6.89197327e+02, 4.02757049e-01, 9.33539368e+02, 7.65800598e+02,
       8.39968264e-01, 8.03961853e+02, 7.39090271e+02, 7.90285349e-01,
       7.12776978e+02, 5.47890991e+02, 5.41189134e-01, 9.06925171e+02,
       4.56657471e+02, 8.42262030e-01, 7.65728760e+02, 4.74399170e+02,
       8.32178116e-01, 1.08946643e+03, 5.89173096e+02, 5.45803845e-01,
       1.07475513e+03, 6.42169739e+02, 5.84214211e-01, 1.32196680e+03,
       7.42210327e+02, 7.47945964e-01, 1.56921680e+03, 7.56856506e+02,
       6.01832926e-01, 1.09250098e+03, 5.27422729e+02, 4.87901479e-01,
       1.37499072e+03, 5.27314331e+02, 5.75517356e-01, 1.63403638e+03,
       5.24360168e+02, 5.18149495e-01, 6.00932007e+02, 6.45041077e+02,
       8.07553411e-01, 6.00846985e+02, 6.03887207e+02, 8.01403463e-01,
       6.21504761e+02, 6.68606018e+02, 3.90174627e-01, 6.21502625e+02,
       5.74471375e+02, 4.85445201e-01, 1.71935901e+03, 5.00867767e+02,
       3.93306196e-01, 1.71347632e+03, 5.00796753e+02, 4.18312788e-01,
       1.70168506e+03, 5.30337036e+02, 2.45594099e-01, 1.66932898e+03,
       8.01083435e+02, 2.76362807e-01, 1.66053931e+03, 8.01052002e+02,
       2.97180355e-01, 1.60159741e+03, 7.33365173e+02, 4.27038670e-01 ]
