%YAML:1.0
---
pose_0: !!opencv-matrix
   rows: 1
   cols: 25
   dt: "3f"
   data: [ 7.15676880e+02, 5.15605652e+02, 8.25259507e-01,
       8.36311646e+02, 4.89120544e+02, 5.38655818e-01, 8.30502136e+02,
       5.53777710e+02, 2.83414811e-01, 9.54100952e+02, 6.18563477e+02,
       6.23286664e-02, 0., 0., 0., 8.51081970e+02, 4.21394409e+02,
       5.81704140e-01, 1.00125793e+03, 3.85957581e+02, 7.46194243e-01,
       1.14254431e+03, 3.41913696e+02, 8.80853534e-01, 1.11894763e+03,
       5.21419312e+02, 5.50986528e-01, 1.11599353e+03, 5.71481262e+02,
       6.13118649e-01, 1.28385107e+03, 5.77297485e+02, 6.59003198e-01,
       1.58688416e+03, 5.27343933e+02, 5.77192605e-01, 1.12184314e+03,
       4.62554962e+02, 5.65562308e-01, 1.28072461e+03, 5.12670715e+02,
       6.70582891e-01, 1.49272534e+03, 4.33173798e+02, 6.28124654e-01,
       6.98118774e+02, 5.30398926e+02, 7.85285056e-01, 6.98130127e+02,
       5.00803955e+02, 8.09561193e-01, 7.15838928e+02, 5.50885315e+02,
       1.68612704e-01, 7.18722656e+02, 4.71417267e+02, 5.74125350e-01,
       1.58990210e+03, 4.09615509e+02, 2.34353065e-01, 1.58694287e+03,
       4.09585419e+02, 2.73068517e-01, 0., 0., 0., 1.66639795e+03,
       5.74493713e+02, 4.30838943e-01, 1.66350659e+03, 5.74391052e+02,
       4.09022719e-01, 1.61337256e+03, 5.03776794e+02, 4.41343129e-01 ]
