%YAML:1.0
---
pose_0: !!opencv-matrix
   rows: 1
   cols: 25
   dt: "3f"
   data: [ 7.77495300e+02, 5.56781250e+02, 8.30063283e-01,
       8.89380005e+02, 5.74312744e+02, 6.43617690e-01, 9.03990906e+02,
       6.45094482e+02, 5.07303953e-01, 1.03358789e+03, 6.92043457e+02,
       6.46135569e-01, 1.14239331e+03, 7.30405151e+02, 6.80308282e-01,
       8.86369934e+02, 5.06687469e+02, 6.17087722e-01, 1.04545642e+03,
       4.56676727e+02, 8.47272873e-01, 1.14834204e+03, 3.94887177e+02,
       7.98326373e-01, 1.14253589e+03, 5.80314026e+02, 6.31340861e-01,
       1.13957410e+03, 6.24605347e+02, 6.58626258e-01, 1.30726868e+03,
       6.53854736e+02, 4.02603060e-01, 1.51918616e+03, 6.45048035e+02,
       4.36881781e-01, 1.14548962e+03, 5.30278381e+02, 6.12048864e-01,
       1.30428503e+03, 5.47880676e+02, 6.37474179e-01, 1.50451343e+03,
       5.06834747e+02, 5.21754742e-01, 7.62737366e+02, 5.77286072e+02,
       8.16882014e-01, 7.62918579e+02, 5.44975586e+02, 8.21524143e-01,
       7.83310181e+02, 5.98024902e+02, 3.66515338e-01, 7.86260071e+02,
       5.21403320e+02, 5.08737981e-01, 1.57222266e+03, 5.53927368e+02,
       9.71185789e-02, 1.57516260e+03, 5.44979797e+02, 8.45107064e-02,
       1.52513550e+03, 4.89109070e+02, 2.16597363e-01, 1.58388293e+03,
       6.89163086e+02, 2.76333511e-01, 1.57216418e+03, 6.86269958e+02,
       2.59479940e-01, 1.53987585e+03, 6.24553650e+02, 4.44067150e-01 ]
