%YAML:1.0
---
pose_0: !!opencv-matrix
   rows: 1
   cols: 25
   dt: "3f"
   data: [ 8.09817993e+02, 3.47794983e+02, 7.64856100e-01,
       9.10032837e+02, 3.15435089e+02, 6.26549006e-01, 8.95279175e+02,
       3.86115082e+02, 5.92997313e-01, 8.06861572e+02, 5.06711823e+02,
       6.65432155e-01, 7.09787781e+02, 6.18501648e+02, 6.65224195e-01,
       9.30506531e+02, 2.41854141e+02, 3.70852262e-01, 1.07772009e+03,
       1.77045944e+02, 1.78539529e-01, 1.23374573e+03, 1.62382660e+02,
       1.84494644e-01, 1.18367896e+03, 3.12496704e+02, 4.75734681e-01,
       1.17189612e+03, 3.65555939e+02, 4.50363129e-01, 1.35735120e+03,
       4.80189545e+02, 3.17760587e-01, 1.50160718e+03, 6.21465942e+02,
       4.37134266e-01, 1.18959814e+03, 2.47686188e+02, 4.50459361e-01,
       1.37801648e+03, 2.00781937e+02, 4.83548313e-01, 1.52511487e+03,
       1.50626236e+02, 1.02078006e-01, 7.86373474e+02, 3.59571777e+02,
       7.66503930e-01, 7.95168091e+02, 3.21387268e+02, 7.39683688e-01,
       0., 0., 0., 8.12923767e+02, 2.80150818e+02, 5.92007995e-01,
       1.58989929e+03, 1.15309883e+02, 1.83096781e-01, 1.58686279e+03,
       1.09465195e+02, 1.95820019e-01, 1.56627185e+03, 1.50603760e+02,
       6.58159405e-02, 1.60455823e+03, 6.74478760e+02, 2.44028062e-01,
       1.58984778e+03, 6.83328796e+02, 2.09206954e-01, 1.52512903e+03,
       6.33318359e+02, 2.76970237e-01 ]
