%YAML:1.0
---
pose_0: !!opencv-matrix
   rows: 1
   cols: 25
   dt: "3f"
   data: [ 7.80498962e+02, 4.47911499e+02, 7.46994615e-02,
       8.57012024e+02, 4.89124207e+02, 3.75897199e-01, 8.56991394e+02,
       5.50832397e+02, 2.80787796e-01, 6.30321594e+02, 4.97935883e+02,
       2.55664825e-01, 7.36234802e+02, 4.74348816e+02, 3.33135813e-01,
       8.56900574e+02, 4.39027100e+02, 2.27726012e-01, 8.12876831e+02,
       3.83156860e+02, 3.71428162e-01, 7.39152100e+02, 4.36196289e+02,
       2.81935006e-01, 1.09248315e+03, 5.27259521e+02, 5.39629877e-01,
       1.08943042e+03, 5.74525513e+02, 5.78110635e-01, 1.33091321e+03,
       5.80430603e+02, 5.91027379e-01, 1.64871399e+03, 6.09776184e+02,
       5.12553453e-01, 1.09536768e+03, 4.65584320e+02, 4.67106044e-01,
       1.37209106e+03, 4.68442810e+02, 5.01722217e-01, 1.59867627e+03,
       4.56653137e+02, 5.71701467e-01, 0., 0., 0., 0., 0., 0., 0., 0.,
       0., 0., 0., 0., 1.66937695e+03, 4.39032928e+02, 5.08735478e-01,
       1.66347974e+03, 4.33230469e+02, 5.46660244e-01, 1.63401819e+03,
       4.74362183e+02, 2.71710753e-01, 1.78112939e+03, 5.97908630e+02,
       1.99194804e-01, 1.77819861e+03, 6.06819092e+02, 1.50396153e-01,
       1.75467688e+03, 6.53914978e+02, 1.53152600e-01 ]
