%YAML:1.0
---
pose_0: !!opencv-matrix
   rows: 1
   cols: 25
   dt: "3f"
   data: [ 7.59869995e+02, 4.56591797e+02, 7.60567725e-01,
       8.45192200e+02, 5.15551392e+02, 4.98711884e-01, 8.54046936e+02,
       5.47978271e+02, 6.28333807e-01, 9.80580200e+02, 5.77492615e+02,
       7.28991330e-01, 1.14250415e+03, 5.53732971e+02, 6.80474460e-01,
       8.36340820e+02, 4.80277130e+02, 2.99573123e-01, 1.06302197e+03,
       5.03746704e+02, 3.58042687e-01, 1.20134814e+03, 4.71447815e+02,
       6.13272786e-01, 1.12186609e+03, 5.95036499e+02, 3.68003428e-01,
       1.11596509e+03, 6.30341187e+02, 3.75351667e-01, 1.33083789e+03,
       5.53947815e+02, 6.88717723e-01, 1.60754797e+03, 6.98021667e+02,
       6.05490804e-01, 1.12188184e+03, 5.42100647e+02, 2.90089548e-01,
       1.35152722e+03, 4.80339813e+02, 8.27225566e-01, 1.56630139e+03,
       5.97955688e+02, 7.16590226e-01, 7.42190857e+02, 4.74320160e+02,
       7.04558969e-01, 7.42292114e+02, 4.53686676e+02, 3.57715040e-01,
       7.59877625e+02, 5.15545593e+02, 4.00958925e-01, 0., 0., 0.,
       1.61334644e+03, 5.33255066e+02, 2.49463469e-01, 0., 0., 0.,
       1.58103503e+03, 6.21400757e+02, 4.90076393e-01, 1.68109253e+03,
       6.27418640e+02, 3.32369536e-01, 1.68111499e+03, 6.42113098e+02,
       2.62700588e-01, 1.61931458e+03, 7.24571350e+02, 4.94795144e-01 ]
