%YAML:1.0
---
pose_0: !!opencv-matrix
   rows: 1
   cols: 25
   dt: "3f"
   data: [ 7.59833801e+02, 4.33180145e+02, 8.76476884e-01,
       8.83481995e+02, 4.44916687e+02, 7.34930158e-01, 8.80526855e+02,
       5.24403564e+02, 7.93839335e-01, 1.00414648e+03, 5.74472961e+02,
       8.39140594e-01, 9.80584839e+02, 6.18558899e+02, 8.70404720e-01,
       8.80537415e+02, 3.68431091e+02, 5.95441580e-01, 1.01887006e+03,
       3.18457703e+02, 8.28543365e-01, 1.10132349e+03, 2.71380798e+02,
       8.33279669e-01, 1.13957129e+03, 4.59725037e+02, 5.87313890e-01,
       1.13654956e+03, 5.09728912e+02, 5.80348909e-01, 1.33377734e+03,
       5.30181335e+02, 7.84041047e-01, 1.54866345e+03, 5.74396057e+02,
       6.63321376e-01, 1.14245483e+03, 4.09582947e+02, 5.92787862e-01,
       1.36614880e+03, 3.59587463e+02, 6.86556578e-01, 1.56629871e+03,
       3.09569031e+02, 5.92490017e-01, 7.42212952e+02, 4.42059662e+02,
       8.28387141e-01, 7.45174866e+02, 4.12526337e+02, 8.57985377e-01,
       7.62853638e+02, 4.62660187e+02, 4.77562785e-01, 7.65724854e+02,
       3.89111816e+02, 6.20448709e-01, 1.64286133e+03, 2.68271484e+02,
       3.51868182e-01, 1.63988196e+03, 2.65430481e+02, 3.40348691e-01,
       1.59574182e+03, 3.09528961e+02, 2.26547241e-01, 1.61051672e+03,
       5.53847595e+02, 3.66929352e-01, 1.61038074e+03, 5.86177979e+02,
       3.84386539e-01, 1.57511426e+03, 5.59700745e+02, 3.59769195e-01 ]
