%YAML:1.0
---
pose_0: !!opencv-matrix
   rows: 1
   cols: 25
   dt: "3f"
   data: [ 8.33439514e+02, 5.50966736e+02, 3.40507984e-01,
       9.09959290e+02, 5.15536743e+02, 5.18913209e-01, 9.27597534e+02,
       5.62645691e+02, 3.65854204e-01, 9.07089233e+02, 6.50943481e+02,
       2.46746391e-01, 8.83490234e+02, 6.71562134e+02, 2.20030800e-01,
       9.06968384e+02, 4.59643829e+02, 3.74765724e-01, 8.74649597e+02,
       4.36237122e+02, 3.25088352e-01, 7.59857971e+02, 4.62688965e+02,
       5.49800634e-01, 1.16595703e+03, 5.27417358e+02, 5.89531183e-01,
       1.16302869e+03, 5.74433228e+02, 5.92530966e-01, 1.35432642e+03,
       6.36177734e+02, 7.23230839e-01, 1.52215723e+03, 6.30310852e+02,
       6.59165382e-01, 1.16606604e+03, 4.80198853e+02, 5.85394859e-01,
       1.36322107e+03, 4.77257080e+02, 6.76075935e-01, 1.55160779e+03,
       4.36157867e+02, 6.88406467e-01, 8.18779114e+02, 5.50902649e+02,
       1.90193579e-01, 8.27523315e+02, 5.39092102e+02, 2.60225117e-01,
       0., 0., 0., 8.30436279e+02, 5.09725464e+02, 2.29118094e-01,
       1.61344263e+03, 4.44903015e+02, 4.44718003e-01, 1.61051099e+03,
       4.33164978e+02, 5.36576867e-01, 1.57217102e+03, 4.18454376e+02,
       2.85436690e-01, 1.58102661e+03, 6.77420837e+02, 4.86741751e-01,
       1.57807190e+03, 6.74484009e+02, 4.82575476e-01, 1.54868652e+03,
       6.06817627e+02, 4.85664666e-01 ]
