%YAML:1.0
---
pose_0: !!opencv-matrix
   rows: 1
   cols: 25
   dt: "3f"
   data: [ 6.89204346e+02, 5.15562195e+02, 8.07953417e-01,
       8.09822998e+02, 5.33281860e+02, 7.35610664e-01, 7.95167908e+02,
       6.18622375e+02, 7.01233029e-01, 8.77522461e+02, 7.15682617e+02,
       4.43412691e-01, 8.68765015e+02, 7.15670044e+02, 4.45111632e-01,
       8.18738159e+02, 4.59601532e+02, 6.02169812e-01, 9.57086792e+02,
       4.41970306e+02, 3.36238265e-01, 9.92362793e+02, 4.36194183e+02,
       2.65874177e-01, 1.10421643e+03, 5.36170593e+02, 5.28064549e-01,
       1.10125830e+03, 5.86211060e+02, 5.44394314e-01, 1.32792029e+03,
       5.77447388e+02, 7.49373972e-01, 1.59280591e+03, 6.03814941e+02,
       6.03944838e-01, 1.10418250e+03, 4.80198395e+02, 5.51286101e-01,
       1.35437439e+03, 4.59639191e+02, 6.87899768e-01, 1.59867139e+03,
       4.80333038e+02, 4.78638470e-01, 6.68714233e+02, 5.30367493e+02,
       8.44521463e-01, 6.71693420e+02, 4.97952789e+02, 8.23046684e-01,
       6.92013367e+02, 5.59717407e+02, 5.89707196e-01, 7.06885376e+02,
       4.77281158e+02, 5.50423324e-01, 1.63692053e+03, 4.62586823e+02,
       1.95046708e-01, 1.62815454e+03, 4.59644531e+02, 2.78203666e-01,
       1.62220227e+03, 4.74363312e+02, 2.94265896e-01, 1.68992847e+03,
       5.95015686e+02, 3.18606704e-01, 1.67230298e+03, 6.09775269e+02,
       2.85993010e-01, 1.61347314e+03, 5.95070862e+02, 3.28886420e-01 ]
