%YAML:1.0
---
pose_0: !!opencv-matrix
   rows: 1
   cols: 25
   dt: "3f"
   data: [ 7.39197693e+02, 5.21402771e+02, 8.37161124e-01,
       8.15768677e+02, 5.09683990e+02, 7.72176981e-01, 8.09884155e+02,
       5.74469543e+02, 5.72365105e-01, 7.62748230e+02, 6.24540466e+02,
       7.85097063e-01, 6.77502136e+02, 5.68556152e+02, 5.65444827e-01,
       8.12915955e+02, 4.44915222e+02, 7.18615413e-01, 8.62916199e+02,
       4.74375183e+02, 6.67177677e-01, 8.77527222e+02, 6.09802002e+02,
       8.12584460e-01, 1.07483020e+03, 5.27298828e+02, 5.83252907e-01,
       1.07481091e+03, 5.74295715e+02, 6.07387483e-01, 1.27486755e+03,
       6.00905457e+02, 7.79627562e-01, 1.48392566e+03, 6.42021118e+02,
       6.01350784e-01, 1.08066833e+03, 4.77348389e+02, 5.89061737e-01,
       1.28375977e+03, 4.62667206e+02, 7.00822055e-01, 1.51037244e+03,
       4.33168091e+02, 5.89253783e-01, 7.21659424e+02, 5.33220642e+02,
       7.64110148e-01, 7.24567566e+02, 5.03692596e+02, 7.99790382e-01,
       7.42071716e+02, 5.56806458e+02, 3.61872196e-01, 7.45191162e+02,
       4.77215637e+02, 5.52532196e-01, 1.60457727e+03, 4.18467773e+02,
       4.05638635e-01, 1.59573010e+03, 4.09620087e+02, 4.29551691e-01,
       0., 0., 0., 1.57803076e+03, 6.53942322e+02, 4.67289805e-01,
       1.56337012e+03, 6.65637329e+02, 4.60024327e-01, 1.50747266e+03,
       6.27428406e+02, 3.36420178e-01 ]
