%YAML:1.0
---
pose_0: !!opencv-matrix
   rows: 1
   cols: 25
   dt: "3f"
   data: [ 0., 0., 0., 9.54091309e+02, 5.30208435e+02, 4.40533578e-01,
       9.07006531e+02, 5.77346069e+02, 4.09492582e-01, 8.09917053e+02,
       5.53739807e+02, 7.29728699e-01, 0., 0., 0., 9.98182129e+02,
       4.86219818e+02, 3.05898845e-01, 1.03362500e+03, 4.39049927e+02,
       1.48241743e-01, 1.02179218e+03, 4.18462158e+02, 2.15777248e-01,
       1.14253857e+03, 5.65626953e+02, 4.71310556e-01, 1.13367529e+03,
       6.06783630e+02, 4.28765148e-01, 1.37488074e+03, 5.03910217e+02,
       7.95716763e-01, 1.58987122e+03, 6.86271423e+02, 6.37782454e-01,
       1.15717542e+03, 5.24383179e+02, 4.28994626e-01, 1.39853210e+03,
       5.03799835e+02, 4.24264640e-01, 1.58988110e+03, 6.00975098e+02,
       4.12291110e-01, 0., 0., 0., 0., 0., 0., 0., 0., 0., 0., 0., 0.,
       1.70466833e+03, 5.80297119e+02, 3.85934085e-01, 1.70457019e+03,
       5.80308228e+02, 3.58688325e-01, 1.61637402e+03, 6.48061707e+02,
       2.55037874e-01, 1.65452161e+03, 7.18662842e+02, 4.46245939e-01,
       1.63110608e+03, 7.27510864e+02, 4.87615138e-01, 1.59577954e+03,
       6.98133789e+02, 3.67686450e-01 ]
