%YAML:1.0
---
pose_0: !!opencv-matrix
   rows: 1
   cols: 25
   dt: "3f"
   data: [ 6.71566406e+02, 6.01085144e+02, 8.29894304e-01,
       7.98087891e+02, 5.97841980e+02, 6.75938010e-01, 7.92259949e+02,
       6.71651917e+02, 6.53252542e-01, 9.12864380e+02, 7.65725159e+02,
       8.43097627e-01, 8.21671265e+02, 7.36278137e+02, 7.99203277e-01,
       7.98093567e+02, 5.09642914e+02, 4.62674230e-01, 9.65897766e+02,
       4.56686523e+02, 8.16035390e-01, 8.33425232e+02, 4.59801880e+02,
       8.04824650e-01, 1.09548535e+03, 6.56851624e+02, 5.69586337e-01,
       1.08649951e+03, 7.12716248e+02, 5.65707982e-01, 1.32779138e+03,
       7.45183716e+02, 6.84181094e-01, 1.55451379e+03, 7.48090149e+02,
       3.25681835e-01, 1.11592297e+03, 6.00911316e+02, 5.51588297e-01,
       1.35147461e+03, 6.00966309e+02, 6.91127062e-01, 1.61926208e+03,
       5.33238586e+02, 5.08729517e-01, 6.56821228e+02, 6.18574036e+02,
       7.60555327e-01, 6.59756165e+02, 5.80405823e+02, 7.19093800e-01,
       6.74549805e+02, 6.30306946e+02, 1.47356495e-01, 6.74543030e+02,
       5.50998413e+02, 5.51351011e-01, 1.71345764e+03, 4.86089081e+02,
       4.42126334e-01, 1.71052588e+03, 4.86103149e+02, 4.21100706e-01,
       1.62518262e+03, 5.30307983e+02, 1.97333917e-01, 1.65167932e+03,
       7.39272400e+02, 1.75930902e-01, 0., 0., 0., 1.56927771e+03,
       7.45130188e+02, 2.35356256e-01 ]
