%YAML:1.0
---
pose_0: !!opencv-matrix
   rows: 1
   cols: 25
   dt: "3f"
   data: [ 7.18636719e+02, 4.74373322e+02, 1.93866193e-01,
       7.71629822e+02, 5.30290283e+02, 5.94568729e-01, 7.68760132e+02,
       5.47962158e+02, 5.24365306e-01, 9.01100830e+02, 5.09674744e+02,
       6.91732049e-01, 8.18723145e+02, 3.68383606e+02, 8.12212825e-01,
       0., 0., 0., 0., 0., 0., 0., 0., 0., 1.05418469e+03,
       5.53779480e+02, 3.12984437e-01, 1.03945703e+03, 5.71480957e+02,
       2.23714635e-01, 1.33378235e+03, 5.53967224e+02, 6.40039384e-01,
       1.60753638e+03, 6.98108032e+02, 5.04588306e-01, 1.07480200e+03,
       5.36169556e+02, 2.27850020e-01, 1.35437903e+03, 5.12645325e+02,
       4.32958931e-01, 1.57812073e+03, 5.80320435e+02, 5.85766137e-01,
       7.09850769e+02, 4.80170593e+02, 2.00295419e-01, 0., 0., 0.,
       7.12788330e+02, 4.94964630e+02, 2.70854354e-01, 0., 0., 0.,
       1.62516907e+03, 5.06761719e+02, 3.19199532e-01, 1.61928369e+03,
       5.12593506e+02, 3.22713166e-01, 1.59577356e+03, 6.12651001e+02,
       4.01481777e-01, 1.71051978e+03, 7.00957947e+02, 2.76426852e-01,
       1.69286841e+03, 7.21614624e+02, 2.49602869e-01, 1.63107532e+03,
       7.33354126e+02, 3.24809909e-01 ]
