%YAML:1.0
---
pose_0: !!opencv-matrix
   rows: 1
   cols: 25
   dt: "3f"
   data: [ 6.80420227e+02, 4.12444000e+02, 8.74242783e-01,
       7.77523560e+02, 4.53677124e+02, 7.04566121e-01, 7.33415161e+02,
       5.00844818e+02, 6.17383301e-01, 6.45150452e+02, 4.80213928e+02,
       6.73993587e-01, 6.27527649e+02, 4.33148804e+02, 3.85694444e-01,
       8.18707458e+02, 3.89102936e+02, 6.27066493e-01, 9.77687744e+02,
       4.06576782e+02, 7.96258807e-01, 8.59926514e+02, 3.91980835e+02,
       7.77515233e-01, 1.10131824e+03, 4.68463196e+02, 5.14678717e-01,
       1.10125720e+03, 5.18520203e+02, 5.53009450e-01, 1.31613171e+03,
       5.30213013e+02, 7.67844260e-01, 1.61931909e+03, 5.56862427e+02,
       4.67159003e-01, 1.09836365e+03, 4.12626404e+02, 5.11378825e-01,
       1.33964978e+03, 4.09654358e+02, 5.03051758e-01, 1.58099963e+03,
       4.36086823e+02, 4.72462833e-01, 6.65650757e+02, 4.27227722e+02,
       8.24664235e-01, 6.71586731e+02, 3.94933594e+02, 7.20953822e-01,
       6.71664551e+02, 4.56791473e+02, 7.28593111e-01, 7.12632690e+02,
       3.85901276e+02, 5.57544753e-02, 1.63991199e+03, 4.12526367e+02,
       3.37624133e-01, 1.63688928e+03, 4.09635986e+02, 3.64823461e-01,
       1.61345117e+03, 4.47889557e+02, 2.68088818e-01, 1.71643103e+03,
       5.50833679e+02, 3.61129940e-01, 1.70766760e+03, 5.62672363e+02,
       3.22519064e-01, 0., 0., 0. ]
