%YAML:1.0
---
pose_0: !!opencv-matrix
   rows: 1
   cols: 25
   dt: "3f"
   data: [ 7.42195679e+02, 2.85937561e+02, 5.94854176e-01,
       8.03971619e+02, 2.03651428e+02, 3.98083448e-01, 8.30486206e+02,
       2.80104431e+02, 1.98363930e-01, 9.48244507e+02, 3.39045410e+02,
       1.83060154e-01, 9.42317566e+02, 3.33042480e+02, 7.66628981e-02,
       7.71656372e+02, 1.41755432e+02, 2.70997584e-01, 9.77645264e+02,
       1.15275551e+02, 6.62121832e-01, 1.00410168e+03, 2.71336151e+02,
       7.68185437e-01, 1.08363220e+03, 2.06551498e+02, 2.16386482e-01,
       1.04829980e+03, 2.50659088e+02, 1.16134740e-01, 0., 0., 0., 0.,
       0., 0., 1.11603625e+03, 1.71153549e+02, 2.87081957e-01,
       1.15130640e+03, 2.35986588e+02, 5.11372872e-02, 1.56625317e+03,
       2.00616470e+02, 1.43157765e-01, 7.33391052e+02, 2.94851318e+02,
       3.03857714e-01, 7.18775696e+02, 2.71320465e+02, 6.14458799e-01,
       0., 0., 0., 7.18577332e+02, 2.38929871e+02, 5.76346457e-01, 0.,
       0., 0., 0., 0., 0., 1.56040894e+03, 1.94759781e+02,
       1.15300640e-01, 0., 0., 0., 0., 0., 0., 0., 0., 0. ]
