%YAML:1.0
---
pose_0: !!opencv-matrix
   rows: 1
   cols: 25
   dt: "3f"
   data: [ 0., 0., 0., 9.07001160e+02, 5.39088562e+02, 1.08945146e-01,
       8.83435303e+02, 5.62696411e+02, 1.75673410e-01, 7.71598450e+02,
       5.30248169e+02, 2.51296252e-01, 8.92333496e+02, 5.03742706e+02,
       4.23004508e-01, 0., 0., 0., 0., 0., 0., 0., 0., 0.,
       1.14835046e+03, 5.50872742e+02, 3.01112711e-01, 1.15717285e+03,
       5.53842224e+02, 1.81682572e-01, 1.39262451e+03, 5.00763153e+02,
       7.40299642e-01, 1.63697266e+03, 7.15705139e+02, 6.31920218e-01,
       1.16016870e+03, 5.27298645e+02, 2.65084982e-01, 1.39558887e+03,
       4.83269012e+02, 1.97142527e-01, 1.49867896e+03, 6.45122437e+02,
       2.86174029e-01, 0., 0., 0., 0., 0., 0., 0., 0., 0., 0., 0., 0.,
       0., 0., 0., 0., 0., 0., 1.48682056e+03, 6.59811768e+02,
       2.48628989e-01, 1.68395435e+03, 7.15605530e+02, 4.79936600e-01,
       1.66933875e+03, 7.24588745e+02, 4.76447463e-01, 1.64576392e+03,
       7.39214355e+02, 3.75571787e-01 ]
