%YAML:1.0
---
pose_0: !!opencv-matrix
   rows: 1
   cols: 25
   dt: "3f"
   data: [ 7.24501953e+02, 4.36094482e+02, 8.39023829e-01,
       8.12910339e+02, 5.27425964e+02, 6.04811788e-01, 8.18710266e+02,
       6.06857422e+02, 6.54794812e-01, 9.42313599e+02, 6.53884216e+02,
       7.65100718e-01, 1.02174500e+03, 6.71536621e+02, 8.62785757e-01,
       8.06899231e+02, 4.62628174e+02, 3.88538837e-01, 8.74630310e+02,
       4.39012329e+02, 5.25292084e-02, 0., 0., 0., 1.11602319e+03,
       4.80267029e+02, 4.76010054e-01, 1.12480713e+03, 5.30228394e+02,
       5.17972469e-01, 1.34848083e+03, 5.30300171e+02, 6.38266563e-01,
       1.56922449e+03, 5.53960693e+02, 5.13988137e-01, 1.11008105e+03,
       4.15513367e+02, 4.53679979e-01, 1.33090479e+03, 4.33068634e+02,
       6.39811516e-01, 1.59868958e+03, 4.36133423e+02, 5.36505103e-01,
       6.95170227e+02, 4.53689819e+02, 8.29066396e-01, 7.15693176e+02,
       4.24368469e+02, 6.99631631e-01, 7.06854309e+02, 4.94941864e+02,
       6.22675955e-01, 0., 0., 0., 1.69584155e+03, 4.15592499e+02,
       2.95261830e-01, 1.68996252e+03, 4.15509796e+02, 3.03233564e-01,
       1.61041980e+03, 4.36147095e+02, 2.33051434e-01, 1.63987085e+03,
       5.65560669e+02, 3.20030659e-01, 1.63101050e+03, 5.77321167e+02,
       3.16421002e-01, 1.60749329e+03, 5.47909607e+02, 3.21367681e-01 ]
