%YAML:1.0
---
pose_0: !!opencv-matrix
   rows: 1
   cols: 25
   dt: "3f"
   data: [ 7.18600403e+02, 4.62559906e+02, 8.33886981e-01,
       8.06968018e+02, 4.53702881e+02, 5.73095083e-01, 8.12857422e+02,
       5.06737732e+02, 4.10992533e-01, 9.57068481e+02, 5.36152161e+02,
       1.39323294e-01, 0., 0., 0., 7.95190002e+02, 4.00803101e+02,
       4.48436826e-01, 8.21645020e+02, 3.62552673e+02, 5.40384352e-01,
       8.86505981e+02, 3.18329834e+02, 7.47792244e-01, 1.10714783e+03,
       4.59760742e+02, 5.34069598e-01, 1.10124475e+03, 5.06874725e+02,
       5.60804009e-01, 1.31030017e+03, 5.71472717e+02, 6.08260751e-01,
       1.62517212e+03, 6.06854248e+02, 5.11460483e-01, 1.10718604e+03,
       4.09680847e+02, 5.29613495e-01, 1.35440869e+03, 4.30186127e+02,
       6.74204290e-01, 1.59870642e+03, 4.56773865e+02, 5.81972420e-01,
       7.06838318e+02, 4.77291290e+02, 7.36225784e-01, 7.06863708e+02,
       4.44905914e+02, 7.34526038e-01, 7.18624207e+02, 4.86261230e+02,
       1.69060111e-01, 7.18773132e+02, 4.12643097e+02, 6.01878464e-01,
       1.66938611e+03, 4.36188568e+02, 4.66682225e-01, 1.66350659e+03,
       4.33190704e+02, 4.95130390e-01, 1.62809558e+03, 4.68485199e+02,
       2.23676413e-01, 1.69287451e+03, 6.74559326e+02, 4.39813793e-01,
       1.69872363e+03, 6.71585388e+02, 4.15313780e-01, 1.66049561e+03,
       5.86235596e+02, 4.02513862e-01 ]
