%YAML:1.0
---
pose_0: !!opencv-matrix
   rows: 1
   cols: 25
   dt: "3f"
   data: [ 7.71656738e+02, 4.21372314e+02, 8.26602995e-01,
       8.86417236e+02, 4.12467102e+02, 7.15966344e-01, 9.10036438e+02,
       4.94972534e+02, 5.46118379e-01, 1.03951587e+03, 5.09730255e+02,
       7.43581593e-01, 1.13365564e+03, 5.68569702e+02, 7.76443958e-01,
       8.86369019e+02, 3.36016235e+02, 6.45093858e-01, 9.71754456e+02,
       2.12429245e+02, 7.96976745e-01, 1.07769202e+03, 1.53471390e+02,
       8.31769943e-01, 1.15721936e+03, 3.53656219e+02, 5.54745972e-01,
       1.16303357e+03, 4.03700653e+02, 5.98953843e-01, 1.36907776e+03,
       4.77281494e+02, 6.63011372e-01, 1.54286523e+03, 5.56838928e+02,
       6.41725004e-01, 1.14840247e+03, 3.00721008e+02, 5.15245259e-01,
       1.34555713e+03, 2.88979797e+02, 6.16606295e-01, 1.57811768e+03,
       2.94775757e+02, 5.64637899e-01, 7.62713562e+02, 4.36098114e+02,
       8.60547662e-01, 7.62848633e+02, 4.06715027e+02, 8.97915006e-01,
       7.83314148e+02, 4.56749176e+02, 3.56659919e-01, 7.83419312e+02,
       3.83028534e+02, 5.10705829e-01, 1.63707983e+03, 2.68393982e+02,
       2.10919440e-01, 1.63402002e+03, 2.68294861e+02, 2.59262055e-01,
       1.61048499e+03, 2.94825500e+02, 3.08706373e-01, 1.61042334e+03,
       6.15681335e+02, 5.57314992e-01, 1.60753979e+03, 6.12725891e+02,
       5.01352429e-01, 1.57812256e+03, 5.50916687e+02, 4.66172129e-01 ]
