%YAML:1.0
---
pose_0: !!opencv-matrix
   rows: 1
   cols: 25
   dt: "3f"
   data: [ 4.86154510e+02, 6.21620117e+02, 5.36200069e-02,
       6.42150940e+02, 5.83235168e+02, 3.52306575e-01, 6.71548462e+02,
       6.42102112e+02, 2.36483052e-01, 6.15677490e+02, 7.21582581e+02,
       2.97779143e-01, 0., 0., 0., 6.03924011e+02, 5.12655396e+02,
       2.05832884e-01, 6.56835205e+02, 4.30184326e+02, 3.69182765e-01,
       4.03705261e+02, 4.83153473e+02, 4.27311271e-01, 1.03947009e+03,
       5.86186890e+02, 3.53859276e-01, 1.02767773e+03, 6.65601501e+02,
       4.00989473e-01, 1.34264465e+03, 6.68556763e+02, 3.98933440e-01,
       1.73408826e+03, 6.71707703e+02, 4.07423884e-01, 1.03063745e+03,
       5.06695557e+02, 3.52308065e-01, 1.37203906e+03, 5.39104004e+02,
       2.50788152e-01, 1.71641406e+03, 5.45019470e+02, 3.07419598e-01,
       0., 0., 0., 4.83221649e+02, 6.00964172e+02, 6.18525259e-02, 0.,
       0., 0., 4.86100159e+02, 5.74431519e+02, 2.75072694e-01,
       1.83121533e+03, 4.92068695e+02, 1.63685396e-01, 1.82538477e+03,
       4.97925873e+02, 1.75197110e-01, 1.72820215e+03, 5.62685669e+02,
       1.73703417e-01, 1.77824854e+03, 6.56879211e+02, 5.47435023e-02,
       0., 0., 0., 1.75179614e+03, 6.71551819e+02, 2.59156764e-01 ]
