%YAML:1.0
---
pose_0: !!opencv-matrix
   rows: 1
   cols: 25
   dt: "3f"
   data: [ 6.51036438e+02, 4.12618317e+02, 8.49381864e-01,
       7.86297913e+02, 4.24306854e+02, 5.73865831e-01, 8.04028809e+02,
       5.09694702e+02, 5.36573887e-01, 9.36495300e+02, 5.33258972e+02,
       5.70379257e-01, 1.09829272e+03, 5.77371338e+02, 6.48122072e-01,
       7.92184509e+02, 3.21365936e+02, 5.88364005e-01, 9.30602478e+02,
       3.09490082e+02, 2.63647854e-01, 1.05123438e+03, 2.91752411e+02,
       8.22496191e-02, 1.09835449e+03, 3.89021027e+02, 4.43045318e-01,
       1.10126575e+03, 4.47852814e+02, 4.42225933e-01, 1.33672607e+03,
       4.35974457e+02, 6.31270766e-01, 1.64581177e+03, 4.30228363e+02,
       5.54239273e-01, 1.09542444e+03, 3.33093201e+02, 4.04687256e-01,
       1.36026758e+03, 3.24257294e+02, 5.98890424e-01, 1.53684314e+03,
       3.18386566e+02, 3.95967931e-01, 6.39161621e+02, 4.33097107e+02,
       8.08270097e-01, 6.44983215e+02, 3.91950256e+02, 8.35213959e-01,
       6.48104431e+02, 4.56781403e+02, 3.02908868e-01, 6.68631226e+02,
       3.65606110e+02, 5.37557483e-01, 1.63402502e+03, 2.88985657e+02,
       3.61925364e-01, 1.63105481e+03, 2.85982697e+02, 3.74842227e-01,
       1.55750928e+03, 3.12494019e+02, 1.74868479e-01, 1.77224023e+03,
       4.30228638e+02, 2.60070741e-01, 1.75461377e+03, 4.41964966e+02,
       2.19963312e-01, 1.66636023e+03, 4.12603058e+02, 3.45945835e-01 ]
