%YAML:1.0
---
pose_0: !!opencv-matrix
   rows: 1
   cols: 25
   dt: "3f"
   data: [ 7.89305725e+02, 4.15585785e+02, 8.61736178e-01,
       8.83501282e+02, 3.88988220e+02, 7.56085277e-01, 8.80601501e+02,
       4.59750458e+02, 7.42406607e-01, 1.02480615e+03, 4.71400360e+02,
       7.89154172e-01, 1.03653943e+03, 3.33110229e+02, 7.22747982e-01,
       8.92338623e+02, 3.21283234e+02, 5.74897647e-01, 1.05131677e+03,
       2.91869446e+02, 7.19838440e-01, 1.02485657e+03, 2.00660385e+02,
       8.40201199e-01, 1.14252307e+03, 4.44941498e+02, 6.40101135e-01,
       1.12485767e+03, 4.89132385e+02, 6.29324794e-01, 1.30735193e+03,
       5.42026672e+02, 5.98223925e-01, 1.51921936e+03, 5.86200745e+02,
       4.60272074e-01, 1.16303650e+03, 3.91988525e+02, 6.05900228e-01,
       1.37206470e+03, 3.88912689e+02, 5.76781273e-01, 1.56326868e+03,
       3.92044281e+02, 7.15913177e-01, 7.80431519e+02, 4.33035004e+02,
       7.36107111e-01, 7.80481262e+02, 4.03646606e+02, 7.90195763e-01,
       8.03968140e+02, 4.36181396e+02, 7.57567361e-02, 7.92295715e+02,
       3.65508759e+02, 6.62157953e-01, 1.62219531e+03, 3.68377563e+02,
       5.80290079e-01, 1.61342065e+03, 3.65446075e+02, 6.73158586e-01,
       1.58098291e+03, 4.06692078e+02, 4.42980289e-01, 1.61630884e+03,
       5.53903687e+02, 3.08508962e-01, 1.60165930e+03, 5.71527222e+02,
       2.59123951e-01, 1.56037585e+03, 5.89176880e+02, 2.67759353e-01 ]
