%YAML:1.0
---
pose_0: !!opencv-matrix
   rows: 1
   cols: 25
   dt: "3f"
   data: [ 8.30468689e+02, 4.56647766e+02, 2.41307974e-01,
       9.45272278e+02, 3.86113647e+02, 3.92574310e-01, 9.71759949e+02,
       4.33178223e+02, 3.74881715e-01, 1.09529077e+03, 4.83211761e+02,
       6.39922976e-01, 1.16315820e+03, 5.74394897e+02, 8.09647083e-01,
       9.07003845e+02, 3.59555542e+02, 3.64872724e-01, 8.59868164e+02,
       5.00768433e+02, 5.75747788e-01, 7.98091248e+02, 5.95030273e+02,
       6.00206971e-01, 1.19841895e+03, 4.06626617e+02, 4.66482818e-01,
       1.19252869e+03, 4.50828796e+02, 5.02648711e-01, 1.35735425e+03,
       5.92122437e+02, 7.41423666e-01, 1.53985535e+03, 5.83275757e+02,
       5.97716391e-01, 1.20430811e+03, 3.59586060e+02, 3.79966140e-01,
       1.42796667e+03, 2.94857117e+02, 2.86272764e-01, 1.58698511e+03,
       1.38849762e+02, 3.79336625e-01, 0., 0., 0., 8.24587830e+02,
       4.39044220e+02, 2.63812870e-01, 0., 0., 0., 8.39346130e+02,
       3.86037354e+02, 2.59359896e-01, 1.64581458e+03, 1.74023773e+02,
       5.38848601e-02, 0., 0., 0., 1.58993884e+03, 1.21118393e+02,
       2.05080464e-01, 1.58694385e+03, 6.68600952e+02, 3.47247005e-01,
       1.58104419e+03, 6.56877319e+02, 2.88791597e-01, 1.56634460e+03,
       5.56796265e+02, 5.56616664e-01 ]
