%YAML:1.0
---
pose_0: !!opencv-matrix
   rows: 1
   cols: 25
   dt: "3f"
   data: [ 8.15759155e+02, 5.06763428e+02, 8.50196362e-01,
       9.03996887e+02, 5.24302734e+02, 7.53285348e-01, 8.86476624e+02,
       5.92079407e+02, 6.46825850e-01, 8.12750610e+02, 6.92049805e+02,
       8.89611900e-01, 7.86422607e+02, 6.27464478e+02, 4.12521809e-01,
       9.21693054e+02, 4.44915588e+02, 6.57776177e-01, 9.21756897e+02,
       3.38902679e+02, 7.48133838e-01, 8.89354492e+02, 1.77003113e+02,
       7.48488665e-01, 1.15716248e+03, 5.27261169e+02, 5.89246511e-01,
       1.15420435e+03, 5.71414246e+02, 5.98829746e-01, 1.37202002e+03,
       6.45159851e+02, 6.78028107e-01, 1.53681885e+03, 6.48004089e+02,
       6.76025629e-01, 1.15716772e+03, 4.77335449e+02, 5.83595276e-01,
       1.36913013e+03, 4.80219940e+02, 7.23175645e-01, 1.56343933e+03,
       4.36053406e+02, 7.55495608e-01, 7.95177612e+02, 5.24388062e+02,
       7.92906046e-01, 8.03971802e+02, 4.86165253e+02, 7.68039703e-01,
       8.09930847e+02, 5.53855530e+02, 5.27994871e-01, 8.21700623e+02,
       4.68433777e+02, 2.60229915e-01, 1.61932678e+03, 4.56706451e+02,
       3.54532003e-01, 1.61634106e+03, 4.39018158e+02, 4.08924580e-01,
       1.58686194e+03, 4.12661285e+02, 3.82236332e-01, 1.58978455e+03,
       6.95090454e+02, 4.45977807e-01, 1.58989124e+03, 6.92125061e+02,
       4.46576476e-01, 1.56336816e+03, 6.27432922e+02, 4.92164522e-01 ]
