%YAML:1.0
---
pose_0: !!opencv-matrix
   rows: 2
   cols: 25
   dt: "3f"
   data: [ 0., 0., 0., 0., 0., 0., 0., 0., 0., 0., 0., 0., 0., 0., 0.,
       7.65740845e+02, 3.59568542e+02, 8.57027471e-02, 8.83463196e+02,
       2.21298828e+02, 7.49701858e-01, 7.01035461e+02, 1.91805923e+02,
       7.06604958e-01, 0., 0., 0., 0., 0., 0., 0., 0., 0., 0., 0., 0.,
       0., 0., 0., 0., 0., 0., 0., 0., 0., 0., 0., 0., 0., 0., 0., 0.,
       0., 0., 0., 0., 0., 0., 0., 0., 0., 0., 0., 0., 0., 0., 0., 0.,
       0., 0., 0., 0., 0., 0., 0., 5.80274902e+02, 5.89157166e+02,
       6.54085875e-01, 7.42188904e+02, 4.86111267e+02, 1.96968853e-01,
       6.95054932e+02, 5.89158264e+02, 2.04455003e-01, 7.71676575e+02,
       5.39134644e+02, 3.92626256e-01, 6.33280823e+02, 3.62424591e+02,
       4.93644059e-01, 6.92101074e+02, 5.92128967e+02, 1.16140701e-01,
       7.71659058e+02, 5.50943848e+02, 2.35322818e-01, 6.27430542e+02,
       3.56614227e+02, 2.18237296e-01, 1.09832153e+03, 5.50814697e+02,
       4.23244447e-01, 1.07475146e+03, 6.21480042e+02, 4.22961920e-01,
       1.37203418e+03, 7.74536499e+02, 4.75187182e-01, 1.61047705e+03,
       9.30483643e+02, 4.98986691e-01, 1.12485217e+03, 4.77337952e+02,
       3.57255489e-01, 1.41619739e+03, 5.24327209e+02, 3.19611549e-01,
       1.75764880e+03, 4.92005798e+02, 2.30133653e-01, 0., 0., 0.,
       5.65633789e+02, 5.74465515e+02, 6.25503004e-01, 0., 0., 0.,
       5.77287048e+02, 5.30340332e+02, 6.11372471e-01, 1.84881274e+03,
       5.09658936e+02, 5.88980727e-02, 0., 0., 0., 1.79292810e+03,
       5.18452393e+02, 8.84933397e-02, 0., 0., 0., 0., 0., 0.,
       1.63986096e+03, 9.30602051e+02, 3.20450634e-01 ]
