%YAML:1.0
---
pose_0: !!opencv-matrix
   rows: 1
   cols: 25
   dt: "3f"
   data: [ 6.92125061e+02, 4.53672089e+02, 8.34480405e-01,
       8.33435547e+02, 4.47837006e+02, 7.45463133e-01, 8.18719604e+02,
       5.33255981e+02, 7.15282679e-01, 9.04173462e+02, 6.24613342e+02,
       8.51527929e-01, 9.48230835e+02, 6.18492737e+02, 8.05612266e-01,
       8.56852844e+02, 3.56637024e+02, 6.42103791e-01, 1.02172662e+03,
       3.36017975e+02, 6.72737658e-01, 9.98225342e+02, 3.41944153e+02,
       5.97145379e-01, 1.12191272e+03, 4.71413361e+02, 5.36566436e-01,
       1.11308606e+03, 5.18541626e+02, 5.69581687e-01, 1.31322632e+03,
       5.33334229e+02, 6.43440425e-01, 1.54275195e+03, 5.56773987e+02,
       6.06712162e-01, 1.12777051e+03, 4.12592529e+02, 4.81990516e-01,
       1.34555798e+03, 4.24273468e+02, 4.74830329e-01, 1.54870007e+03,
       4.33263214e+02, 4.63521421e-01, 6.71636475e+02, 4.62698273e+02,
       7.95503438e-01, 6.74534729e+02, 4.30231567e+02, 8.44174743e-01,
       6.95223694e+02, 4.83283478e+02, 2.98207223e-01, 7.09804871e+02,
       3.94904297e+02, 5.41460693e-01, 1.63988782e+03, 4.09667053e+02,
       2.68094540e-01, 1.63406104e+03, 4.09496979e+02, 2.97355086e-01,
       1.59870569e+03, 4.41971252e+02, 2.44773626e-01, 1.63991296e+03,
       5.47973572e+02, 3.18516165e-01, 1.62807520e+03, 5.59770996e+02,
       2.61671603e-01, 1.56925122e+03, 5.50817688e+02, 3.00604880e-01 ]
