%YAML:1.0
---
pose_0: !!opencv-matrix
   rows: 1
   cols: 25
   dt: "3f"
   data: [ 7.42240784e+02, 3.97826996e+02, 7.93142200e-01,
       8.59895996e+02, 3.88972687e+02, 7.76828170e-01, 8.57065918e+02,
       4.62655487e+02, 7.89380670e-01, 9.77784668e+02, 5.30411682e+02,
       8.16119909e-01, 1.06004016e+03, 6.21426697e+02, 8.34784329e-01,
       8.62837463e+02, 3.03614227e+02, 5.84739089e-01, 1.01297473e+03,
       2.83094452e+02, 4.58783835e-01, 1.05716626e+03, 2.91813263e+02,
       4.82229054e-01, 1.12775305e+03, 4.33045532e+02, 5.76748729e-01,
       1.11898767e+03, 4.80256592e+02, 5.57062447e-01, 1.32781714e+03,
       5.00856323e+02, 7.51210511e-01, 1.53396851e+03, 5.50957581e+02,
       5.84293425e-01, 1.13657800e+03, 3.74335205e+02, 5.60827136e-01,
       1.33676660e+03, 3.38851837e+02, 4.93331194e-01, 1.55158350e+03,
       3.03695984e+02, 4.05398607e-01, 7.33348572e+02, 4.12695007e+02,
       7.38490999e-01, 7.30458984e+02, 3.85994690e+02, 7.59002090e-01,
       7.59764343e+02, 4.33118317e+02, 3.20457101e-01, 7.51004395e+02,
       3.59512634e+02, 4.30141896e-01, 1.64581372e+03, 2.56591766e+02,
       3.72519612e-01, 1.63990259e+03, 2.56517822e+02, 3.84221196e-01,
       1.56925537e+03, 3.03682648e+02, 1.88273057e-01, 1.61053174e+03,
       5.50807678e+02, 4.47285295e-01, 1.60162024e+03, 5.59681396e+02,
       3.76373559e-01, 1.56328809e+03, 5.50899536e+02, 3.05584341e-01 ]
