%YAML:1.0
---
pose_0: !!opencv-matrix
   rows: 1
   cols: 25
   dt: "3f"
   data: [ 7.68715637e+02, 4.15577179e+02, 8.28230858e-01,
       8.95288025e+02, 4.36158905e+02, 7.39822924e-01, 8.83405457e+02,
       5.12668335e+02, 7.79769599e-01, 9.86484131e+02, 5.97897461e+02,
       8.42840672e-01, 1.05124719e+03, 6.48075073e+02, 8.41368914e-01,
       9.07020447e+02, 3.59603973e+02, 6.34084105e-01, 1.06002759e+03,
       3.35959106e+02, 7.78464377e-01, 1.16613440e+03, 2.94984863e+02,
       8.60054553e-01, 1.15718713e+03, 4.83195099e+02, 6.06479943e-01,
       1.14253101e+03, 5.33208862e+02, 5.89795589e-01, 1.34854578e+03,
       5.53699890e+02, 8.07519436e-01, 1.56045288e+03, 5.92096313e+02,
       6.46777272e-01, 1.16600220e+03, 4.33135284e+02, 6.09520555e-01,
       1.37794678e+03, 3.65358582e+02, 6.33547068e-01, 1.56332556e+03,
       3.15301239e+02, 5.67123294e-01, 7.59845398e+02, 4.36213226e+02,
       8.29378307e-01, 7.62654114e+02, 4.06566406e+02, 8.49292457e-01,
       7.80434143e+02, 4.62599121e+02, 4.88302588e-01, 7.86242493e+02,
       3.80098846e+02, 5.50506055e-01, 1.64282666e+03, 2.68330780e+02,
       3.06694806e-01, 1.63703149e+03, 2.68274750e+02, 3.21712494e-01,
       1.57517212e+03, 2.94803436e+02, 2.50750661e-01, 1.61343652e+03,
       5.86240967e+02, 1.84997037e-01, 0., 0., 0., 1.59577502e+03,
       5.80300415e+02, 4.76651907e-01 ]
