%YAML:1.0
---
pose_0: !!opencv-matrix
   rows: 1
   cols: 25
   dt: "3f"
   data: [ 7.30424744e+02, 5.09652832e+02, 8.30694497e-01,
       8.56935791e+02, 5.30179321e+02, 7.65630186e-01, 8.56944580e+02,
       6.21574951e+02, 6.95971847e-01, 9.51207642e+02, 7.24540588e+02,
       8.32265794e-01, 9.15847351e+02, 6.48039185e+02, 7.05753863e-01,
       8.57074707e+02, 4.39006409e+02, 6.51240647e-01, 9.30591553e+02,
       4.15505615e+02, 4.79652822e-01, 1.02478955e+03, 4.09555054e+02,
       8.05505514e-01, 1.11299683e+03, 5.59706238e+02, 5.31687319e-01,
       1.10126733e+03, 6.09779602e+02, 5.35787284e-01, 1.26315881e+03,
       6.18558838e+02, 2.32511356e-01, 1.57805408e+03, 5.95000610e+02,
       3.32141191e-01, 1.11301111e+03, 5.03699860e+02, 5.52377522e-01,
       1.28672046e+03, 5.06644318e+02, 5.41733742e-01, 1.57512158e+03,
       5.30287170e+02, 3.19231957e-01, 7.15642029e+02, 5.30203064e+02,
       8.62842381e-01, 7.18581360e+02, 4.92027710e+02, 8.23560894e-01,
       7.39120789e+02, 5.50996643e+02, 5.29765069e-01, 7.42263000e+02,
       4.65528320e+02, 4.42768008e-01, 1.65751929e+03, 4.92058990e+02,
       2.97724247e-01, 1.65755701e+03, 4.89072357e+02, 3.28155935e-01,
       1.59573608e+03, 5.50934631e+02, 1.82070076e-01, 1.65464136e+03,
       6.03884827e+02, 2.18157560e-01, 1.63989294e+03, 6.15601868e+02,
       2.01628610e-01, 1.61929028e+03, 5.86201172e+02, 2.14295179e-01 ]
