%YAML:1.0
---
pose_0: !!opencv-matrix
   rows: 1
   cols: 25
   dt: "3f"
   data: [ 6.95155945e+02, 4.74325500e+02, 7.78609276e-01,
       7.86403442e+02, 4.24278198e+02, 5.59580684e-01, 7.74566223e+02,
       4.80156708e+02, 3.10088873e-01, 0., 0., 0., 0., 0., 0.,
       8.01079590e+02, 3.65578705e+02, 6.42857850e-01, 9.48189758e+02,
       3.21271332e+02, 7.75852859e-01, 1.07771472e+03, 3.09565002e+02,
       7.49852717e-01, 1.09246326e+03, 4.80237152e+02, 5.57807326e-01,
       1.07479773e+03, 5.27432190e+02, 5.66560209e-01, 1.28379871e+03,
       5.89157654e+02, 6.35155976e-01, 1.51039075e+03, 5.95001953e+02,
       5.79642057e-01, 1.10713232e+03, 4.27303436e+02, 4.84750688e-01,
       1.35149536e+03, 4.33132813e+02, 4.94822711e-01, 1.60459094e+03,
       4.41944855e+02, 4.80444789e-01, 6.80384216e+02, 4.83133392e+02,
       6.16812706e-01, 6.80429443e+02, 4.56666992e+02, 7.31423736e-01,
       0., 0., 0., 6.86300293e+02, 4.15578766e+02, 5.95236778e-01,
       1.67809546e+03, 4.77226807e+02, 2.84562290e-01, 1.67518030e+03,
       4.56672546e+02, 2.77340710e-01, 1.65162390e+03, 4.36043610e+02,
       2.26696879e-01, 1.49263855e+03, 6.65639771e+02, 2.77042896e-01,
       1.48389160e+03, 6.51038574e+02, 2.85245180e-01, 1.54570691e+03,
       5.68584839e+02, 3.04058969e-01 ]
