%YAML:1.0
---
pose_0: !!opencv-matrix
   rows: 1
   cols: 25
   dt: "3f"
   data: [ 7.15819336e+02, 5.06655548e+02, 8.97107303e-01,
       8.42234497e+02, 5.12666992e+02, 6.17394984e-01, 8.36515625e+02,
       5.89108215e+02, 6.16999686e-01, 1.00119928e+03, 6.21533936e+02,
       6.99820042e-01, 1.13366162e+03, 6.59805664e+02, 7.74065256e-01,
       8.54050110e+02, 4.36180450e+02, 5.83886683e-01, 1.07179016e+03,
       3.71399567e+02, 6.33600414e-01, 1.20723523e+03, 3.62490906e+02,
       7.81417668e-01, 1.11903784e+03, 5.12663025e+02, 5.68091512e-01,
       1.11596838e+03, 5.65599915e+02, 6.47239208e-01, 1.26903748e+03,
       6.21519897e+02, 2.22391069e-01, 1.46033789e+03, 6.44957642e+02,
       3.90793025e-01, 1.12776599e+03, 4.59584320e+02, 5.80229700e-01,
       1.36322803e+03, 4.97868744e+02, 5.82374156e-01, 1.63105518e+03,
       5.30240173e+02, 4.69605625e-01, 7.01048218e+02, 5.24431580e+02,
       7.40101933e-01, 7.03947876e+02, 4.86155914e+02, 8.06855321e-01,
       7.18711731e+02, 5.47955322e+02, 4.52424467e-01, 7.36314087e+02,
       4.62662537e+02, 5.80271244e-01, 1.70455139e+03, 5.00866547e+02,
       4.82140690e-01, 1.70166052e+03, 5.00776550e+02, 4.78241622e-01,
       1.64870789e+03, 5.47928040e+02, 2.65425205e-01, 1.53983545e+03,
       6.45019836e+02, 1.96088463e-01, 0., 0., 0., 1.49271399e+03,
       6.27432495e+02, 2.55500555e-01 ]
