%YAML:1.0
---
pose_0: !!opencv-matrix
   rows: 1
   cols: 25
   dt: "3f"
   data: [ 7.12823853e+02, 3.65634583e+02, 8.72428000e-01,
       8.15869812e+02, 3.44842407e+02, 7.33343303e-01, 8.15765442e+02,
       4.12626038e+02, 5.17811179e-01, 9.07144226e+02, 4.80333405e+02,
       7.81230807e-01, 8.18765747e+02, 4.53797913e+02, 6.57690883e-01,
       8.21623413e+02, 2.71249756e+02, 7.48511851e-01, 8.83505493e+02,
       3.15417114e+02, 8.59721899e-01, 8.09754761e+02, 4.33026337e+02,
       7.43883014e-01, 1.11591125e+03, 3.86148132e+02, 5.47346652e-01,
       1.10420837e+03, 4.36077545e+02, 5.80557942e-01, 1.31027002e+03,
       4.77276520e+02, 7.42597520e-01, 1.58103088e+03, 5.42079895e+02,
       5.72836041e-01, 1.11899194e+03, 3.33041962e+02, 5.08741975e-01,
       1.38378442e+03, 3.21367981e+02, 5.44926047e-01, 1.56927966e+03,
       3.15424194e+02, 6.56356871e-01, 6.95178040e+02, 3.86028351e+02,
       8.24896216e-01, 6.95206238e+02, 3.47809998e+02, 7.94998407e-01,
       7.18754150e+02, 3.97822113e+02, 1.12842269e-01, 7.18553528e+02,
       3.15292389e+02, 5.49421430e-01, 1.64280200e+03, 2.91901917e+02,
       4.65702891e-01, 1.63689197e+03, 2.88920959e+02, 5.09302318e-01,
       1.60456360e+03, 3.15454803e+02, 2.36216769e-01, 1.66341821e+03,
       5.09671021e+02, 2.44616151e-01, 1.65461169e+03, 5.27341248e+02,
       1.71681494e-01, 1.61049194e+03, 5.50862976e+02, 3.12265068e-01 ]
