%YAML:1.0
---
pose_0: !!opencv-matrix
   rows: 1
   cols: 25
   dt: "3f"
   data: [ 8.01038513e+02, 3.91921143e+02, 8.35836112e-01,
       8.80564270e+02, 4.50741364e+02, 7.81548142e-01, 8.65786987e+02,
       5.09706543e+02, 5.44088304e-01, 9.68764160e+02, 6.45067444e+02,
       8.46268773e-01, 8.56979431e+02, 6.71422546e+02, 8.87496710e-01,
       8.86371887e+02, 3.86174408e+02, 8.28508496e-01, 9.45282288e+02,
       4.59540405e+02, 8.68792593e-01, 8.33277222e+02, 5.30412903e+02,
       8.55986655e-01, 1.13949048e+03, 4.30145752e+02, 5.32793581e-01,
       1.14542139e+03, 4.74297760e+02, 5.06551802e-01, 1.35442810e+03,
       4.83344391e+02, 7.83154547e-01, 1.56337988e+03, 5.03756073e+02,
       6.67011797e-01, 1.12774426e+03, 3.80173370e+02, 5.13092041e-01,
       1.35149719e+03, 2.59540649e+02, 6.89920127e-01, 1.51926770e+03,
       1.74204742e+02, 4.22586501e-01, 7.86233032e+02, 4.09530853e+02,
       8.39529812e-01, 7.89256531e+02, 3.83075897e+02, 8.34866703e-01,
       7.92294983e+02, 4.53782196e+02, 5.50214410e-01, 0., 0., 0.,
       1.59279370e+03, 1.27083939e+02, 8.19372237e-02, 1.54868762e+03,
       1.47656403e+02, 5.13507836e-02, 1.51627722e+03, 1.74027588e+02,
       2.51702517e-01, 1.63103064e+03, 5.06682861e+02, 3.89856547e-01,
       1.62516418e+03, 5.15601990e+02, 3.96217763e-01, 1.58986731e+03,
       4.86181152e+02, 4.02227640e-01 ]
