%YAML:1.0
---
pose_0: !!opencv-matrix
   rows: 1
   cols: 25
   dt: "3f"
   data: [ 7.24604126e+02, 5.03741821e+02, 8.46450746e-01,
       8.57063049e+02, 5.09661407e+02, 6.99592233e-01, 8.57109192e+02,
       5.83298035e+02, 7.36750364e-01, 9.95353394e+02, 6.24456909e+02,
       8.13179135e-01, 1.11906458e+03, 6.71584473e+02, 8.50560009e-01,
       8.56980774e+02, 4.36191223e+02, 4.97399688e-01, 1.03653198e+03,
       3.97808685e+02, 5.55512965e-01, 1.16892749e+03, 3.74351715e+02,
       7.55428910e-01, 1.13653381e+03, 5.06753357e+02, 5.93011022e-01,
       1.13068201e+03, 5.53857178e+02, 6.24360859e-01, 1.33385522e+03,
       6.21651062e+02, 7.68082023e-01, 1.55159033e+03, 6.74505188e+02,
       6.03490055e-01, 1.13660352e+03, 4.56633972e+02, 5.79223573e-01,
       1.33093152e+03, 4.59532532e+02, 7.86740959e-01, 1.58098242e+03,
       4.74318939e+02, 6.35108888e-01, 7.12715027e+02, 5.09689606e+02,
       7.83014953e-01, 7.18674255e+02, 4.80191315e+02, 8.67002428e-01,
       7.36314575e+02, 5.30246582e+02, 2.68700421e-01, 7.45218323e+02,
       4.53765045e+02, 5.86577654e-01, 1.65452649e+03, 4.44910004e+02,
       4.35621947e-01, 1.64282764e+03, 4.41961639e+02, 4.72829670e-01,
       1.61343506e+03, 4.80276672e+02, 3.40573013e-01, 1.63101343e+03,
       6.53866394e+02, 5.95390320e-01, 1.61632031e+03, 6.68666870e+02,
       5.37167907e-01, 1.56922913e+03, 6.92091248e+02, 2.79779583e-01 ]
