%YAML:1.0
---
pose_0: !!opencv-matrix
   rows: 1
   cols: 25
   dt: "3f"
   data: [ 8.06984680e+02, 5.24342957e+02, 5.02982259e-01,
       8.74633728e+02, 5.12593872e+02, 2.78246462e-01, 8.51084412e+02,
       5.71515015e+02, 3.22010219e-01, 8.57097107e+02, 5.97871887e+02,
       5.29886365e-01, 8.77499084e+02, 4.77217682e+02, 6.94379091e-01,
       8.83507202e+02, 4.71449707e+02, 2.00463369e-01, 0., 0., 0., 0.,
       0., 0., 1.11604749e+03, 5.27272400e+02, 4.81832683e-01,
       1.11897192e+03, 5.74499939e+02, 4.82879937e-01, 1.34263782e+03,
       6.18622192e+02, 4.83174682e-01, 1.51928735e+03, 6.27372620e+02,
       6.44322097e-01, 1.11597717e+03, 4.74358337e+02, 4.60373104e-01,
       1.32780066e+03, 4.59773407e+02, 7.13211656e-01, 1.52808777e+03,
       4.39045990e+02, 5.71195185e-01, 7.89298218e+02, 5.27373535e+02,
       4.16472375e-01, 7.98089783e+02, 5.03846008e+02, 3.10941964e-01,
       8.06919922e+02, 5.47925415e+02, 1.18942648e-01, 8.12804504e+02,
       4.74375214e+02, 1.12342551e-01, 1.61039478e+03, 4.15499908e+02,
       3.45370352e-01, 1.61039966e+03, 4.12649078e+02, 3.42310160e-01,
       1.56334253e+03, 4.42023926e+02, 2.13166207e-01, 1.56930212e+03,
       6.86310242e+02, 5.70175648e-01, 1.56635779e+03, 6.83287720e+02,
       5.10188758e-01, 1.54861865e+03, 6.06789490e+02, 5.18275738e-01 ]
