%YAML:1.0
---
pose_0: !!opencv-matrix
   rows: 1
   cols: 25
   dt: "3f"
   data: [ 6.27490601e+02, 5.00838165e+02, 7.06798136e-01,
       7.89412170e+02, 4.97918213e+02, 5.95631778e-01, 7.83367249e+02,
       5.95070984e+02, 6.70717716e-01, 9.33549072e+02, 6.68689087e+02,
       8.07365775e-01, 1.09828223e+03, 7.42172546e+02, 8.33799541e-01,
       8.09943420e+02, 3.92000763e+02, 2.96035856e-01, 9.98325195e+02,
       3.83166138e+02, 4.44211692e-01, 1.14539746e+03, 4.00760925e+02,
       5.33507705e-01, 1.09831873e+03, 5.50910339e+02, 4.89023983e-01,
       1.07475891e+03, 6.12689514e+02, 4.44440335e-01, 1.16014453e+03,
       6.68666504e+02, 7.39223287e-02, 0., 0., 0., 1.11303687e+03,
       4.83231750e+02, 4.22627151e-01, 1.31908960e+03, 5.09765991e+02,
       4.96976286e-01, 1.63989600e+03, 5.00813110e+02, 1.39173463e-01,
       6.18484680e+02, 5.18516785e+02, 5.95004797e-01, 6.09712402e+02,
       4.77308289e+02, 6.97341442e-01, 6.33273926e+02, 5.36130554e+02,
       1.82559818e-01, 6.50937378e+02, 4.41975647e+02, 3.25552464e-01,
       1.73113257e+03, 4.80230255e+02, 7.03399926e-02, 1.73699182e+03,
       4.80159821e+02, 7.12772384e-02, 0., 0., 0., 0., 0., 0., 0., 0.,
       0., 0., 0., 0. ]
