%YAML:1.0
---
pose_0: !!opencv-matrix
   rows: 1
   cols: 25
   dt: "3f"
   data: [ 7.65757324e+02, 4.18419922e+02, 8.52446318e-01,
       8.86502563e+02, 4.36184540e+02, 7.39452541e-01, 8.83436707e+02,
       5.15520874e+02, 7.63095617e-01, 9.83560547e+02, 5.77389099e+02,
       7.65966177e-01, 1.02463159e+03, 6.33259521e+02, 8.50246251e-01,
       8.89319519e+02, 3.65401855e+02, 6.57406092e-01, 1.04245642e+03,
       3.38850616e+02, 7.82739520e-01, 1.14553796e+03, 3.15277252e+02,
       8.37090909e-01, 1.14839490e+03, 4.71435516e+02, 5.92633724e-01,
       1.13961804e+03, 5.24333130e+02, 6.10372484e-01, 1.34559741e+03,
       5.50897400e+02, 7.38356233e-01, 1.55742688e+03, 5.92081665e+02,
       6.46869838e-01, 1.16301135e+03, 4.18409149e+02, 5.82448721e-01,
       1.37203467e+03, 3.62594788e+02, 6.25556529e-01, 1.55747461e+03,
       3.18305054e+02, 5.31299531e-01, 7.56874390e+02, 4.36142181e+02,
       8.11967969e-01, 7.59766052e+02, 4.06695160e+02, 8.53257060e-01,
       7.71586304e+02, 4.62533173e+02, 5.24040222e-01, 7.83381897e+02,
       3.83126373e+02, 5.24933457e-01, 1.65163855e+03, 2.71364136e+02,
       3.46237123e-01, 1.64286169e+03, 2.71250000e+02, 3.71938497e-01,
       1.57513159e+03, 3.12478088e+02, 2.19766900e-01, 1.61328735e+03,
       5.95019043e+02, 3.64110917e-01, 1.61040417e+03, 6.00968994e+02,
       4.00196254e-01, 1.58396973e+03, 5.77427490e+02, 4.27191406e-01 ]
