%YAML:1.0
---
pose_0: !!opencv-matrix
   rows: 1
   cols: 25
   dt: "3f"
   data: [ 7.71671448e+02, 4.12452759e+02, 8.80977988e-01,
       8.57077515e+02, 4.47861969e+02, 7.35675275e-01, 8.57059570e+02,
       5.03721252e+02, 6.40132904e-01, 9.83600403e+02, 5.92098022e+02,
       7.99420536e-01, 8.80400024e+02, 5.71463623e+02, 8.01887870e-01,
       8.68769958e+02, 3.83103790e+02, 6.83593690e-01, 9.80628357e+02,
       3.89003082e+02, 8.15696716e-01, 8.65845642e+02, 4.56728638e+02,
       7.91561723e-01, 1.12776697e+03, 4.53719238e+02, 5.73768675e-01,
       1.13072424e+03, 5.00891968e+02, 5.93463659e-01, 1.32789758e+03,
       5.06683167e+02, 7.62967348e-01, 1.56038220e+03, 5.03873199e+02,
       6.75011992e-01, 1.12486108e+03, 3.97797424e+02, 5.67051768e-01,
       1.31020520e+03, 3.18503540e+02, 6.67474270e-01, 1.49268848e+03,
       2.91822449e+02, 3.78154635e-01, 7.56934570e+02, 4.27242676e+02,
       8.34620118e-01, 7.65630676e+02, 3.91951721e+02, 8.49173844e-01,
       7.62917725e+02, 4.56666412e+02, 7.70450830e-01, 7.89194458e+02,
       3.80138672e+02, 1.07348695e-01, 1.56930359e+03, 2.27156250e+02,
       6.84408844e-02, 0., 0., 0., 1.51921130e+03, 2.80072968e+02,
       2.36833021e-01, 1.63388660e+03, 5.03776215e+02, 3.97237509e-01,
       1.62516064e+03, 5.12613892e+02, 4.28180128e-01, 1.58399109e+03,
       4.89127991e+02, 3.24361920e-01 ]
