%YAML:1.0
---
pose_0: !!opencv-matrix
   rows: 1
   cols: 25
   dt: "3f"
   data: [ 8.06930420e+02, 4.59583008e+02, 1.19261235e-01,
       8.86421997e+02, 4.86231140e+02, 4.88616735e-01, 8.42249756e+02,
       5.27353760e+02, 6.85911357e-01, 9.51151978e+02, 6.03881836e+02,
       7.78004646e-01, 1.04546204e+03, 5.77306335e+02, 8.19424748e-01,
       9.27590942e+02, 4.56625305e+02, 3.27394873e-01, 0., 0., 0., 0.,
       0., 0., 1.14837427e+03, 5.56796631e+02, 4.70909148e-01,
       1.13362720e+03, 6.00847412e+02, 3.60328853e-01, 1.35742310e+03,
       5.50946960e+02, 7.65289605e-01, 1.65758154e+03, 7.24517944e+02,
       4.58560973e-01, 1.16302563e+03, 5.15588684e+02, 4.20424551e-01,
       1.37785889e+03, 4.56727844e+02, 7.77763546e-01, 1.56933838e+03,
       5.77446533e+02, 4.55691457e-01, 0., 0., 0., 7.95170776e+02,
       4.50809998e+02, 8.54722112e-02, 7.89368958e+02, 4.91983795e+02,
       1.62557244e-01, 0., 0., 0., 1.62227344e+03, 5.12600159e+02,
       2.35662550e-01, 1.61641980e+03, 5.12636841e+02, 2.28561893e-01,
       1.59280164e+03, 6.06859619e+02, 2.58003712e-01, 1.72515735e+03,
       7.12786865e+02, 1.62692755e-01, 1.70765381e+03, 7.36239990e+02,
       1.91391811e-01, 1.68991394e+03, 7.56895752e+02, 3.24406803e-01 ]
