%YAML:1.0
---
pose_0: !!opencv-matrix
   rows: 1
   cols: 25
   dt: "3f"
   data: [ 8.09781311e+02, 4.15492950e+02, 7.38229394e-01,
       8.92318359e+02, 4.80263702e+02, 5.34140408e-01, 8.83428345e+02,
       5.44980835e+02, 5.55180609e-01, 9.89451416e+02, 6.21376892e+02,
       7.93526590e-01, 9.80618164e+02, 4.68483154e+02, 6.73184335e-01,
       8.95214600e+02, 4.27281342e+02, 3.30097586e-01, 9.77690369e+02,
       4.18403229e+02, 1.35972336e-01, 9.83552063e+02, 4.15520325e+02,
       7.85368606e-02, 1.16302991e+03, 4.27279633e+02, 4.26541030e-01,
       1.16313135e+03, 4.80175140e+02, 4.81649131e-01, 1.37199072e+03,
       5.45032227e+02, 5.48636794e-01, 1.52516846e+03, 6.74498474e+02,
       5.63349366e-01, 1.14837976e+03, 3.65514648e+02, 4.67995852e-01,
       1.35149817e+03, 3.15283997e+02, 6.14885926e-01, 1.54865735e+03,
       3.00677704e+02, 3.38087738e-01, 7.89253174e+02, 4.33065735e+02,
       8.10015321e-01, 7.92248108e+02, 4.09486267e+02, 5.01967430e-01,
       7.98104431e+02, 4.77350769e+02, 5.76798081e-01, 0., 0., 0.,
       1.64580969e+03, 2.68308502e+02, 1.47284627e-01, 1.64574072e+03,
       2.68307800e+02, 1.57155842e-01, 1.57514587e+03, 2.97781738e+02,
       2.41039559e-01, 1.61052734e+03, 6.95150879e+02, 6.06296539e-01,
       1.59276294e+03, 7.12668457e+02, 5.10110378e-01, 1.53394666e+03,
       6.95153870e+02, 3.34202200e-01 ]
