%YAML:1.0
---
pose_0: !!opencv-matrix
   rows: 1
   cols: 25
   dt: "3f"
   data: [ 7.30387024e+02, 2.91786163e+02, 4.26453263e-01,
       8.51049622e+02, 2.94899567e+02, 6.02411687e-01, 8.33501038e+02,
       3.65446716e+02, 7.16163874e-01, 7.98176819e+02, 5.06686859e+02,
       6.36302352e-01, 7.56895325e+02, 6.44965271e+02, 6.85622692e-01,
       8.59933899e+02, 2.27187820e+02, 2.85952836e-01, 9.98283081e+02,
       1.56519669e+02, 7.07360506e-01, 1.12482849e+03, 1.24157303e+02,
       7.40522325e-01, 1.10713281e+03, 2.97816498e+02, 5.72154820e-01,
       1.09532019e+03, 3.47866333e+02, 5.94407558e-01, 1.31611694e+03,
       4.33192810e+02, 2.63207793e-01, 1.36027039e+03, 4.50772430e+02,
       2.95684248e-01, 1.11298083e+03, 2.44885620e+02, 5.56605458e-01,
       1.28376062e+03, 1.97649048e+02, 2.36546397e-01, 1.43092346e+03,
       1.53662598e+02, 9.36662853e-02, 7.12758850e+02, 2.97851746e+02,
       3.47518772e-01, 7.12734253e+02, 2.80076752e+02, 2.62573808e-01,
       7.36285706e+02, 3.21341339e+02, 3.61288756e-01, 7.30423035e+02,
       2.71168884e+02, 2.54179925e-01, 0., 0., 0., 0., 0., 0.,
       1.55744812e+03, 1.47631195e+02, 1.22382693e-01, 1.36618066e+03,
       4.59657837e+02, 6.83940649e-02, 1.35737463e+03, 4.65515045e+02,
       7.60628879e-02, 1.37790930e+03, 4.50798615e+02, 1.53586298e-01 ]
