%YAML:1.0
---
pose_0: !!opencv-matrix
   rows: 1
   cols: 25
   dt: "3f"
   data: [ 7.48136536e+02, 3.91971222e+02, 8.30188870e-01,
       8.62877502e+02, 4.12642487e+02, 7.09828317e-01, 8.77633911e+02,
       5.06743317e+02, 6.87924862e-01, 9.98215637e+02, 5.53862610e+02,
       8.39951158e-01, 1.09529626e+03, 5.94971069e+02, 8.25969279e-01,
       8.68727905e+02, 3.18492188e+02, 6.47862732e-01, 9.59981628e+02,
       2.27193604e+02, 7.50352681e-01, 1.07187268e+03, 1.53514160e+02,
       8.27833235e-01, 1.13959143e+03, 3.86038116e+02, 5.75252295e-01,
       1.14254395e+03, 4.33083466e+02, 6.10805631e-01, 1.33970862e+03,
       4.83102631e+02, 7.78761327e-01, 1.54572656e+03, 5.77319763e+02,
       6.76560462e-01, 1.13949329e+03, 3.38872650e+02, 5.48762143e-01,
       1.33091772e+03, 3.27249878e+02, 7.16530621e-01, 1.56635901e+03,
       3.15365540e+02, 5.70202649e-01, 7.36307983e+02, 4.12525360e+02,
       8.69688392e-01, 7.39356445e+02, 3.80116974e+02, 8.37764442e-01,
       7.51057800e+02, 4.39079773e+02, 5.91078460e-01, 7.62810364e+02,
       3.56652100e+02, 3.84283125e-01, 1.63697778e+03, 2.91858978e+02,
       5.44719100e-01, 1.63396326e+03, 2.86031097e+02, 5.39198399e-01,
       1.59277246e+03, 3.15388550e+02, 2.73708701e-01, 1.61037561e+03,
       5.77369019e+02, 4.96071994e-01, 1.60162756e+03, 5.92040833e+02,
       4.77912694e-01, 1.56632483e+03, 5.89193359e+02, 3.66871268e-01 ]
