%YAML:1.0
---
pose_0: !!opencv-matrix
   rows: 1
   cols: 25
   dt: "3f"
   data: [ 6.68641296e+02, 4.59614624e+02, 8.28118265e-01,
       7.95163574e+02, 4.86193665e+02, 6.33831501e-01, 7.95227722e+02,
       5.97892883e+02, 4.61647451e-01, 9.27548462e+02, 6.62769592e+02,
       7.58415818e-01, 7.86260071e+02, 6.36262756e+02, 6.94506347e-01,
       8.12744324e+02, 3.88912231e+02, 7.10035086e-01, 9.60029236e+02,
       3.38931427e+02, 8.00274014e-01, 1.08360498e+03, 3.47821625e+02,
       7.56024361e-01, 1.11592859e+03, 5.53795837e+02, 5.27048111e-01,
       1.09545227e+03, 6.06856567e+02, 5.19526005e-01, 1.31611523e+03,
       6.71517639e+02, 2.78825909e-01, 1.48390784e+03, 6.65701233e+02,
       5.35269752e-02, 1.13069250e+03, 4.86118103e+02, 4.90435839e-01,
       1.36320764e+03, 5.95026733e+02, 6.04364574e-01, 1.70464355e+03,
       5.56855286e+02, 3.14225614e-01, 6.51033813e+02, 4.80346375e+02,
       7.53187120e-01, 6.56881409e+02, 4.50850464e+02, 6.72453761e-01,
       6.71583313e+02, 5.15554138e+02, 6.45921648e-01, 6.86290405e+02,
       4.33044617e+02, 2.50086188e-01, 1.78702222e+03, 5.00774048e+02,
       2.26888478e-01, 1.78410535e+03, 5.00782745e+02, 2.02302933e-01,
       1.75466187e+03, 5.92075073e+02, 1.22538328e-01, 0., 0., 0., 0.,
       0., 0., 0., 0., 0. ]
