%YAML:1.0
---
pose_0: !!opencv-matrix
   rows: 1
   cols: 25
   dt: "3f"
   data: [ 7.65732056e+02, 4.89133331e+02, 8.15911829e-01,
       8.42279541e+02, 4.97887054e+02, 5.92207253e-01, 8.39374695e+02,
       5.56757751e+02, 5.44165075e-01, 9.18775513e+02, 4.86181580e+02,
       4.14340436e-01, 9.74596375e+02, 3.59561890e+02, 4.29527491e-01,
       8.51103699e+02, 4.36116455e+02, 4.52989817e-01, 1.01885797e+03,
       4.12509979e+02, 6.68605983e-01, 1.13953601e+03, 3.62403564e+02,
       8.22066426e-01, 1.13360181e+03, 5.50980347e+02, 6.06289387e-01,
       1.11896741e+03, 6.00856506e+02, 5.36300004e-01, 1.33673132e+03,
       6.42087280e+02, 6.21688247e-01, 1.53984729e+03, 6.98014954e+02,
       5.73572934e-01, 1.14247144e+03, 5.03756897e+02, 6.01984084e-01,
       1.32785364e+03, 4.38998505e+02, 7.11841702e-01, 1.54274365e+03,
       4.27204926e+02, 5.07186890e-01, 7.51056885e+02, 5.03830872e+02,
       7.95058966e-01, 7.56949463e+02, 4.77238495e+02, 7.72894204e-01,
       7.65654114e+02, 5.27359253e+02, 4.96448755e-01, 7.74620850e+02,
       4.53770569e+02, 5.55951178e-01, 1.61043286e+03, 3.65404449e+02,
       2.62807459e-01, 1.60750952e+03, 3.65434692e+02, 2.55622804e-01,
       1.56628662e+03, 4.18482544e+02, 2.90554076e-01, 1.59577417e+03,
       6.83303223e+02, 3.91136825e-01, 1.58985425e+03, 6.95072449e+02,
       3.52231950e-01, 1.56636548e+03, 7.12759583e+02, 3.32472622e-01 ]
