%YAML:1.0
---
pose_0: !!opencv-matrix
   rows: 1
   cols: 25
   dt: "3f"
   data: [ 5.50832642e+02, 4.59666687e+02, 7.91986942e-01,
       6.39206848e+02, 5.24349854e+02, 4.89825875e-01, 6.18541809e+02,
       6.21475220e+02, 3.00146282e-01, 8.01059326e+02, 8.56916443e+02,
       5.32292843e-01, 6.33326111e+02, 8.89421021e+02, 3.99821818e-01,
       6.68570435e+02, 4.39064514e+02, 7.00042903e-01, 7.03971680e+02,
       5.15561096e+02, 6.98066533e-01, 4.86086060e+02, 6.24557068e+02,
       7.41118968e-01, 9.51179016e+02, 5.62642090e+02, 1.24292716e-01,
       9.18802551e+02, 6.21541504e+02, 7.93780386e-02, 0., 0., 0., 0.,
       0., 0., 9.57056519e+02, 5.00857880e+02, 1.76969260e-01,
       1.15130273e+03, 3.89073364e+02, 1.11797787e-01, 1.38384290e+03,
       2.94925507e+02, 2.78109789e-01, 5.27229370e+02, 4.80211792e+02,
       6.61454141e-01, 5.30325317e+02, 4.50751526e+02, 5.99485517e-01,
       5.30315796e+02, 5.53746521e+02, 3.92625809e-01, 0., 0., 0., 0.,
       0., 0., 0., 0., 0., 1.40147766e+03, 2.94763123e+02,
       1.77267507e-01, 0., 0., 0., 0., 0., 0., 0., 0., 0. ]
