%YAML:1.0
---
pose_0: !!opencv-matrix
   rows: 1
   cols: 25
   dt: "3f"
   data: [ 7.42310486e+02, 3.89045837e+02, 8.50192070e-01,
       8.56924438e+02, 3.77259186e+02, 7.60166049e-01, 8.59988037e+02,
       4.50841949e+02, 7.52082407e-01, 9.33548401e+02, 5.56877625e+02,
       8.01786184e-01, 9.33516296e+02, 6.62740601e+02, 7.40736842e-01,
       8.51049072e+02, 3.03690002e+02, 6.60968363e-01, 8.62932190e+02,
       1.44759857e+02, 7.83729076e-01, 7.89317810e+02, 1.74034225e+02,
       8.54606748e-01, 1.11902478e+03, 3.74254242e+02, 5.50196528e-01,
       1.11604187e+03, 4.24294891e+02, 5.21198988e-01, 1.33380286e+03,
       4.39027740e+02, 7.53124535e-01, 1.54273572e+03, 4.68449158e+02,
       6.09649599e-01, 1.12193689e+03, 3.18356873e+02, 5.55969477e-01,
       1.36024304e+03, 3.00763824e+02, 6.62854850e-01, 1.57216541e+03,
       2.86044434e+02, 6.24460459e-01, 7.30414978e+02, 4.03716827e+02,
       7.69234478e-01, 7.30466980e+02, 3.65637482e+02, 7.77897537e-01,
       7.56851746e+02, 4.12607361e+02, 6.44377545e-02, 7.42269043e+02,
       3.38955658e+02, 6.15369081e-01, 1.64278833e+03, 2.59484711e+02,
       3.93323749e-01, 1.63701465e+03, 2.56527405e+02, 4.42928314e-01,
       1.61045227e+03, 2.80122589e+02, 2.22734198e-01, 1.60745544e+03,
       4.80302734e+02, 4.13453221e-01, 1.59288135e+03, 4.89100861e+02,
       4.00588065e-01, 1.57223120e+03, 4.56648224e+02, 3.75795960e-01 ]
