%YAML:1.0
---
pose_0: !!opencv-matrix
   rows: 1
   cols: 25
   dt: "3f"
   data: [ 7.68777100e+02, 4.36096832e+02, 8.50395262e-01,
       8.80600647e+02, 4.36112854e+02, 7.68798769e-01, 8.83415527e+02,
       5.12611023e+02, 7.30807245e-01, 1.00127606e+03, 5.47831543e+02,
       7.48016536e-01, 1.08949890e+03, 5.18515259e+02, 7.38921225e-01,
       8.80446106e+02, 3.65545135e+02, 6.35209620e-01, 1.01888281e+03,
       3.18364807e+02, 7.92904675e-01, 1.07769434e+03, 2.77207733e+02,
       7.72151113e-01, 1.14243994e+03, 4.47902649e+02, 5.62709033e-01,
       1.13362061e+03, 4.94927917e+02, 5.76665640e-01, 1.31903125e+03,
       5.56823425e+02, 6.88111007e-01, 1.49560229e+03, 6.24578674e+02,
       6.20536625e-01, 1.15127502e+03, 4.00789673e+02, 5.19959569e-01,
       1.35437817e+03, 4.27259888e+02, 6.23969853e-01, 1.55160364e+03,
       4.21382935e+02, 6.24175727e-01, 7.59854553e+02, 4.53684570e+02,
       7.81126976e-01, 7.59881592e+02, 4.18401398e+02, 8.04500580e-01,
       7.77466736e+02, 4.68513763e+02, 2.86092550e-01, 7.80418945e+02,
       3.89066376e+02, 6.26739442e-01, 1.61640063e+03, 4.12562347e+02,
       4.98891771e-01, 1.61339514e+03, 4.06612427e+02, 5.23152590e-01,
       1.58098706e+03, 4.27204956e+02, 3.35174620e-01, 1.57224963e+03,
       6.68586914e+02, 5.00557184e-01, 1.56628198e+03, 6.71481323e+02,
       4.86578196e-01, 1.52507947e+03, 6.24418274e+02, 4.06275779e-01 ]
