%YAML:1.0
---
pose_0: !!opencv-matrix
   rows: 1
   cols: 25
   dt: "3f"
   data: [ 7.59788635e+02, 3.86076416e+02, 8.34389091e-01,
       8.77489868e+02, 4.00821014e+02, 6.95488036e-01, 8.65809631e+02,
       4.80251617e+02, 7.55009294e-01, 9.80668396e+02, 5.44956848e+02,
       8.01300526e-01, 1.04529089e+03, 6.15637878e+02, 8.48190725e-01,
       8.80577148e+02, 3.18296326e+02, 6.78567350e-01, 1.02182794e+03,
       2.91881439e+02, 8.55657816e-01, 1.09536353e+03, 2.24089859e+02,
       9.00694549e-01, 1.11898010e+03, 3.88984314e+02, 5.63521206e-01,
       1.12187683e+03, 4.36115112e+02, 5.70184112e-01, 1.33969409e+03,
       4.56625519e+02, 6.74475670e-01, 1.51927478e+03, 5.33215393e+02,
       4.33686465e-01, 1.11893738e+03, 3.39004608e+02, 5.84560037e-01,
       1.35145544e+03, 2.94798279e+02, 4.87201214e-01, 1.57216882e+03,
       2.88985504e+02, 4.65294778e-01, 7.42275024e+02, 4.03666260e+02,
       7.15438306e-01, 7.42293152e+02, 3.65518188e+02, 8.06256533e-01,
       7.62854675e+02, 4.27244537e+02, 6.05497241e-01, 7.65800720e+02,
       3.41991760e+02, 4.19739336e-01, 1.63997888e+03, 2.65305908e+02,
       4.97500002e-01, 1.63985986e+03, 2.62427521e+02, 4.76714551e-01,
       1.61339209e+03, 2.97763855e+02, 2.18954504e-01, 1.59868848e+03,
       5.53798828e+02, 1.62085295e-01, 0., 0., 0., 1.54279956e+03,
       5.36200500e+02, 2.67148584e-01 ]
