%YAML:1.0
---
pose_0: !!opencv-matrix
   rows: 1
   cols: 25
   dt: "3f"
   data: [ 7.33410767e+02, 5.30277039e+02, 8.40433657e-01,
       8.33534729e+02, 5.47870117e+02, 7.57408977e-01, 8.33486877e+02,
       6.00855530e+02, 7.67080247e-01, 8.83377869e+02, 6.95124329e+02,
       8.76274228e-01, 7.68783020e+02, 6.95270996e+02, 8.06747019e-01,
       8.39281372e+02, 4.89030670e+02, 6.31309390e-01, 9.12886719e+02,
       4.36084259e+02, 8.28718364e-01, 8.39316040e+02, 5.50784729e+02,
       8.09286714e-01, 1.09249268e+03, 5.53795471e+02, 6.43421829e-01,
       1.08653308e+03, 5.98055237e+02, 6.26072645e-01, 1.28385181e+03,
       6.21459412e+02, 7.34803319e-01, 1.49571497e+03, 6.42108154e+02,
       6.17495954e-01, 1.09834021e+03, 5.03784027e+02, 6.10303044e-01,
       1.28382080e+03, 4.83269867e+02, 6.95797622e-01, 1.52217017e+03,
       4.56763855e+02, 6.29885197e-01, 7.18699829e+02, 5.44964417e+02,
       6.91702127e-01, 7.21573486e+02, 5.12654541e+02, 7.59667754e-01,
       7.39158936e+02, 5.59775208e+02, 5.10646880e-01, 7.45198547e+02,
       4.97838959e+02, 4.82454658e-01, 1.60742029e+03, 4.50766327e+02,
       4.58490044e-01, 1.60160583e+03, 4.39041077e+02, 4.64600831e-01,
       1.55449097e+03, 4.59700378e+02, 2.35341519e-01, 1.58105481e+03,
       6.62702942e+02, 3.96883279e-01, 0., 0., 0., 1.52513342e+03,
       6.21492920e+02, 3.35704148e-01 ]
