%YAML:1.0
---
pose_0: !!opencv-matrix
   rows: 1
   cols: 25
   dt: "3f"
   data: [ 7.30394043e+02, 4.80359772e+02, 8.34222555e-01,
       8.53986023e+02, 5.06655853e+02, 7.34378695e-01, 8.59898499e+02,
       5.98008301e+02, 7.22191274e-01, 1.00116156e+03, 6.39151611e+02,
       7.62754917e-01, 1.14252319e+03, 6.71539124e+02, 8.40323269e-01,
       8.56962280e+02, 4.18471527e+02, 6.49877548e-01, 8.98206238e+02,
       2.97774109e+02, 7.52731442e-01, 8.06870483e+02, 3.91993286e+02,
       8.22404087e-01, 1.12189844e+03, 5.06731598e+02, 5.50821424e-01,
       1.12184204e+03, 5.53863464e+02, 6.10285401e-01, 1.24550500e+03,
       5.83254211e+02, 1.25878528e-01, 0., 0., 0., 1.11893433e+03,
       4.53735260e+02, 5.71599245e-01, 1.30426074e+03, 4.59754700e+02,
       7.02098787e-01, 1.60746875e+03, 4.56569122e+02, 5.76377630e-01,
       7.12787109e+02, 5.03765869e+02, 8.67566764e-01, 7.18581848e+02,
       4.62672333e+02, 8.47963333e-01, 7.27440979e+02, 5.33340332e+02,
       5.72917402e-01, 7.42304993e+02, 4.47885834e+02, 2.97033668e-01,
       1.70470081e+03, 4.21396271e+02, 1.78922564e-01, 1.70171533e+03,
       4.18505096e+02, 1.74825385e-01, 1.62810962e+03, 4.59619080e+02,
       2.41488382e-01, 0., 0., 0., 0., 0., 0., 0., 0., 0. ]
