%YAML:1.0
---
pose_0: !!opencv-matrix
   rows: 1
   cols: 25
   dt: "3f"
   data: [ 7.15756409e+02, 4.74350555e+02, 1.33991510e-01,
       7.86376770e+02, 5.27360229e+02, 4.79658693e-01, 7.86384888e+02,
       5.50953064e+02, 6.28184497e-01, 9.21726807e+02, 5.00882751e+02,
       7.46084392e-01, 8.33415527e+02, 3.74294983e+02, 8.18802655e-01,
       0., 0., 0., 0., 0., 0., 0., 0., 0., 1.05420386e+03,
       5.53878906e+02, 2.48130187e-01, 1.03947021e+03, 5.71464355e+02,
       1.58629104e-01, 0., 0., 0., 0., 0., 0., 1.09243323e+03,
       5.44993225e+02, 2.00803801e-01, 1.35437561e+03, 5.06828552e+02,
       3.98177564e-01, 1.58684717e+03, 5.95001709e+02, 6.28657103e-01,
       7.15711731e+02, 4.83254913e+02, 1.23254865e-01, 7.18671143e+02,
       4.80257538e+02, 5.19898757e-02, 7.18708374e+02, 4.89090118e+02,
       1.50199473e-01, 0., 0., 0., 1.63102124e+03, 5.09651337e+02,
       3.52685273e-01, 1.62516602e+03, 5.12672363e+02, 3.24899793e-01,
       1.59872974e+03, 6.21427612e+02, 5.20166695e-01, 0., 0., 0., 0.,
       0., 0., 0., 0., 0. ]
