%YAML:1.0
---
pose_0: !!opencv-matrix
   rows: 1
   cols: 25
   dt: "3f"
   data: [ 7.18675171e+02, 5.06624878e+02, 8.66563559e-01,
       8.03966919e+02, 4.47921295e+02, 6.38812780e-01, 7.89266479e+02,
       5.03666046e+02, 5.56487322e-01, 1.01295282e+03, 5.06771698e+02,
       3.74253243e-01, 1.09539111e+03, 6.00937805e+02, 5.38112044e-01,
       8.12759583e+02, 3.91969513e+02, 6.83208287e-01, 9.21781555e+02,
       3.62610626e+02, 6.99408174e-01, 1.02173712e+03, 3.15545990e+02,
       7.60642767e-01, 1.11595813e+03, 4.15481354e+02, 3.80491525e-01,
       1.10129700e+03, 4.50809845e+02, 2.44571894e-01, 1.35149841e+03,
       4.80208679e+02, 3.86227012e-01, 1.54869849e+03, 4.15569916e+02,
       3.67810398e-01, 1.11603027e+03, 3.80199310e+02, 2.85845220e-01,
       1.35144897e+03, 4.86183716e+02, 3.96562040e-01, 1.61927930e+03,
       4.12617462e+02, 2.87443101e-01, 7.00987976e+02, 5.03714630e+02,
       5.95538974e-01, 7.18669250e+02, 4.83297638e+02, 8.06674480e-01,
       0., 0., 0., 7.39194153e+02, 4.39075409e+02, 5.94741285e-01,
       1.68105066e+03, 3.71327667e+02, 2.06733570e-01, 1.68104395e+03,
       3.68447906e+02, 2.02519879e-01, 1.65164294e+03, 3.97829071e+02,
       1.39336705e-01, 0., 0., 0., 0., 0., 0., 0., 0., 0. ]
