%YAML:1.0
---
pose_0: !!opencv-matrix
   rows: 1
   cols: 25
   dt: "3f"
   data: [ 5.97913513e+02, 6.51019104e+02, 8.61909330e-01,
       7.42182373e+02, 6.71583618e+02, 5.70886374e-01, 7.51021301e+02,
       7.48123779e+02, 3.69107902e-01, 9.09911865e+02, 8.56859314e+02,
       7.88720012e-01, 7.86399841e+02, 8.09750244e+02, 7.73078322e-01,
       7.36340027e+02, 5.97901794e+02, 5.17018497e-01, 9.30489929e+02,
       5.27324036e+02, 7.79995084e-01, 7.86250427e+02, 5.21499146e+02,
       8.20833504e-01, 1.09242200e+03, 6.30387878e+02, 4.58515704e-01,
       1.08363501e+03, 6.92170776e+02, 4.74893272e-01, 1.32792871e+03,
       7.27445984e+02, 6.09721899e-01, 1.62809326e+03, 8.09773682e+02,
       2.81550974e-01, 1.08953076e+03, 5.68527893e+02, 4.14344341e-01,
       1.36913269e+03, 5.27216980e+02, 4.53670114e-01, 1.60455200e+03,
       5.12632874e+02, 2.93930233e-01, 5.71437378e+02, 6.68711731e+02,
       8.79086971e-01, 5.80428711e+02, 6.24355774e+02, 8.57363164e-01,
       5.83285706e+02, 6.98032837e+02, 2.56319195e-01, 6.12663208e+02,
       5.97856140e+02, 4.34211761e-01, 1.70766370e+03, 5.30320251e+02,
       2.43674442e-01, 1.71051147e+03, 5.18501465e+02, 2.50299573e-01,
       1.60752734e+03, 5.18487366e+02, 2.13819653e-01, 0., 0., 0., 0.,
       0., 0., 1.63991089e+03, 8.09953674e+02, 1.94889441e-01 ]
