%YAML:1.0
---
pose_0: !!opencv-matrix
   rows: 1
   cols: 25
   dt: "3f"
   data: [ 7.48091492e+02, 3.77266693e+02, 8.11440170e-01,
       8.48123352e+02, 3.77256104e+02, 5.97594559e-01, 8.62846863e+02,
       4.39114349e+02, 5.04940927e-01, 1.01296271e+03, 4.80118225e+02,
       7.06104577e-01, 9.77697205e+02, 5.71412109e+02, 8.38659763e-01,
       8.39389709e+02, 3.21281372e+02, 5.88558495e-01, 1.00131384e+03,
       2.21158478e+02, 8.02804410e-01, 8.83468750e+02, 1.38884903e+02,
       7.71735489e-01, 1.12485498e+03, 3.71309387e+02, 5.67497969e-01,
       1.12194373e+03, 4.18456360e+02, 5.57514429e-01, 1.34851416e+03,
       4.36041626e+02, 7.78894961e-01, 1.54571301e+03, 4.65567413e+02,
       6.41500056e-01, 1.12772925e+03, 3.18320618e+02, 5.67118227e-01,
       1.34845984e+03, 3.09512817e+02, 5.56750774e-01, 1.57511511e+03,
       2.91959137e+02, 6.52001023e-01, 7.39156128e+02, 3.89085785e+02,
       8.27581823e-01, 7.39355957e+02, 3.62496368e+02, 8.92197490e-01,
       7.53976868e+02, 4.12456940e+02, 3.26049447e-01, 7.59901245e+02,
       3.38965485e+02, 5.78761935e-01, 1.64875781e+03, 2.65345245e+02,
       4.64366406e-01, 1.63989734e+03, 2.59523956e+02, 5.06096065e-01,
       1.60454041e+03, 2.94862579e+02, 2.36197129e-01, 1.60752954e+03,
       4.80161255e+02, 5.86339414e-01, 1.59283215e+03, 4.86110626e+02,
       5.72585404e-01, 1.56921680e+03, 4.56691742e+02, 4.04842347e-01 ]
