%YAML:1.0
---
pose_0: !!opencv-matrix
   rows: 1
   cols: 25
   dt: "3f"
   data: [ 7.42126160e+02, 5.30154541e+02, 9.48528230e-01,
       8.54084412e+02, 5.71387512e+02, 7.03826845e-01, 8.48170044e+02,
       6.27413879e+02, 6.57159090e-01, 1.00413330e+03, 7.01036560e+02,
       6.33967638e-01, 1.06598303e+03, 6.92125671e+02, 5.77787519e-01,
       8.56984375e+02, 5.06837585e+02, 6.10682130e-01, 9.09968567e+02,
       5.00792816e+02, 1.62880942e-01, 0., 0., 0., 1.11890515e+03,
       5.21398193e+02, 5.18706620e-01, 1.11898572e+03, 5.71397949e+02,
       5.59514046e-01, 1.33670398e+03, 6.09786377e+02, 7.03918397e-01,
       1.55747522e+03, 6.62687744e+02, 6.15841508e-01, 1.11594641e+03,
       4.65534546e+02, 5.39665937e-01, 1.33375830e+03, 4.44886292e+02,
       6.29149318e-01, 1.56931177e+03, 4.33248840e+02, 6.56378269e-01,
       7.21638000e+02, 5.39115906e+02, 8.50420892e-01, 7.39190369e+02,
       5.06832733e+02, 9.21241343e-01, 7.36288025e+02, 5.74323059e+02,
       7.89542794e-01, 7.62893005e+02, 4.94998779e+02, 6.58631146e-01,
       1.63710217e+03, 4.47898895e+02, 4.01771069e-01, 1.63694592e+03,
       4.33188995e+02, 4.62331712e-01, 1.58687964e+03, 4.15544189e+02,
       2.82557249e-01, 1.63106421e+03, 6.62762634e+02, 4.12457734e-01,
       1.62224182e+03, 6.71617310e+02, 4.07380849e-01, 1.58392688e+03,
       6.50960815e+02, 3.47949088e-01 ]
