%YAML:1.0
---
pose_0: !!opencv-matrix
   rows: 1
   cols: 25
   dt: "3f"
   data: [ 6.89178406e+02, 5.44992981e+02, 7.42637038e-01,
       7.77524231e+02, 4.65563568e+02, 4.53530222e-01, 7.59850708e+02,
       4.44934723e+02, 2.37785131e-01, 8.83494812e+02, 5.56833740e+02,
       9.96693373e-02, 8.36484436e+02, 6.15674377e+02, 1.01954594e-01,
       8.04032959e+02, 4.83122070e+02, 5.46011448e-01, 9.27639709e+02,
       5.45027893e+02, 7.16984630e-01, 8.36318665e+02, 6.24386414e+02,
       8.11298370e-01, 1.11604749e+03, 4.59695160e+02, 3.59748840e-01,
       1.10127112e+03, 5.03720123e+02, 1.90468520e-01, 1.35147070e+03,
       5.03802032e+02, 4.40292239e-01, 1.58986438e+03, 4.12470459e+02,
       2.93019682e-01, 1.12483960e+03, 4.30225098e+02, 3.23528230e-01,
       1.35732031e+03, 5.21430847e+02, 6.01417899e-01, 1.65757239e+03,
       4.12665924e+02, 5.47785819e-01, 0., 0., 0., 6.71639526e+02,
       5.27213745e+02, 7.98751831e-01, 0., 0., 0., 6.95055298e+02,
       4.83140442e+02, 7.30664670e-01, 1.71933350e+03, 3.62544159e+02,
       2.50123441e-01, 1.72225330e+03, 3.65484009e+02, 2.36954123e-01,
       1.68107776e+03, 4.06670807e+02, 2.15689123e-01, 0., 0., 0., 0.,
       0., 0., 1.59871338e+03, 3.71433258e+02, 1.38624087e-01 ]
