%YAML:1.0
---
pose_0: !!opencv-matrix
   rows: 1
   cols: 25
   dt: "3f"
   data: [ 0., 0., 0., 0., 0., 0., 0., 0., 0., 0., 0., 0., 0., 0., 0.,
       0., 0., 0., 0., 0., 0., 0., 0., 0., 1.14539441e+03,
       5.42046387e+02, 5.28826714e-01, 1.14548584e+03, 5.83277710e+02,
       5.28147697e-01, 1.35145984e+03, 6.24598694e+02, 4.90572482e-01,
       1.52224219e+03, 6.27493530e+02, 5.90244114e-01, 1.14548438e+03,
       4.89085236e+02, 5.43318510e-01, 1.33679846e+03, 4.80350464e+02,
       7.28520393e-01, 1.54272156e+03, 4.42045715e+02, 6.55878901e-01,
       0., 0., 0., 0., 0., 0., 0., 0., 0., 0., 0., 0., 1.61044055e+03,
       4.21420898e+02, 4.40024167e-01, 1.60165466e+03, 4.15543701e+02,
       4.67071056e-01, 1.56926245e+03, 4.39106049e+02, 2.54570663e-01,
       1.56630896e+03, 6.86257263e+02, 4.54905957e-01, 1.56342273e+03,
       6.80400879e+02, 3.94059062e-01, 1.54867981e+03, 6.12669434e+02,
       4.83876556e-01 ]
