%YAML:1.0
---
pose_0: !!opencv-matrix
   rows: 1
   cols: 25
   dt: "3f"
   data: [ 5.30322449e+02, 6.56890808e+02, 6.22674465e-01,
       6.36228699e+02, 5.59728455e+02, 3.60133052e-01, 6.68614136e+02,
       6.71634766e+02, 3.07544768e-01, 7.83456787e+02, 7.80433838e+02,
       7.05680013e-01, 7.21575317e+02, 7.12773621e+02, 6.20019734e-01,
       6.36254028e+02, 4.83206696e+02, 2.27281660e-01, 7.68775269e+02,
       4.59663147e+02, 7.09494412e-01, 5.92067627e+02, 5.71527466e+02,
       5.43530881e-01, 1.04242493e+03, 6.30359131e+02, 3.91990632e-01,
       1.02771741e+03, 6.98101807e+02, 4.01417792e-01, 1.28669678e+03,
       7.62745544e+02, 1.55443266e-01, 1.38382898e+03, 7.68681580e+02,
       9.37088802e-02, 1.05422168e+03, 5.59693787e+02, 3.62968981e-01,
       1.34852087e+03, 6.39172241e+02, 3.38815868e-01, 1.40445203e+03,
       6.42167114e+02, 5.06195500e-02, 0., 0., 0., 5.06773712e+02,
       6.42026855e+02, 6.88471437e-01, 0., 0., 0., 5.06742798e+02,
       5.97831299e+02, 6.89010024e-01, 0., 0., 0., 0., 0., 0., 0., 0.,
       0., 0., 0., 0., 0., 0., 0., 1.43386108e+03, 7.48118958e+02,
       5.41659221e-02 ]
