%YAML:1.0
---
pose_0: !!opencv-matrix
   rows: 1
   cols: 25
   dt: "3f"
   data: [ 6.30327393e+02, 4.59570892e+02, 8.76677692e-01,
       7.62827454e+02, 4.86104126e+02, 7.59276569e-01, 7.56874207e+02,
       5.74412598e+02, 6.99316382e-01, 9.01084290e+02, 6.62716797e+02,
       7.45423436e-01, 1.00115948e+03, 6.45004578e+02, 8.42930555e-01,
       7.51057068e+02, 4.09654999e+02, 6.58781171e-01, 9.48199646e+02,
       3.86046600e+02, 8.71026516e-01, 8.01068542e+02, 3.86003265e+02,
       8.15373302e-01, 1.07189343e+03, 4.94984528e+02, 5.29910088e-01,
       1.07178625e+03, 5.47918091e+02, 5.56759715e-01, 1.30727393e+03,
       5.47894470e+02, 6.90532804e-01, 1.61337708e+03, 5.56881958e+02,
       6.23615980e-01, 1.07186780e+03, 4.36098724e+02, 5.15865326e-01,
       1.33670056e+03, 4.15480469e+02, 6.32799625e-01, 1.54281396e+03,
       4.33097107e+02, 5.66988707e-01, 6.18558777e+02, 4.77308990e+02,
       8.05530131e-01, 6.21594727e+02, 4.36226715e+02, 8.75206649e-01,
       6.39170776e+02, 5.00826050e+02, 5.26587427e-01, 6.48005005e+02,
       4.12648712e+02, 6.57015383e-01, 1.62812170e+03, 4.27299988e+02,
       3.22081447e-01, 1.61928333e+03, 4.15458435e+02, 3.43143612e-01,
       1.56628284e+03, 4.30243927e+02, 2.49311879e-01, 1.72519324e+03,
       5.47892944e+02, 5.55904806e-01, 1.71055359e+03, 5.56743042e+02,
       4.76198673e-01, 1.63400806e+03, 5.53801941e+02, 2.95971721e-01 ]
