%YAML:1.0
---
pose_0: !!opencv-matrix
   rows: 1
   cols: 25
   dt: "3f"
   data: [ 7.42331787e+02, 4.97915436e+02, 8.53239000e-01,
       8.57097290e+02, 5.30331238e+02, 7.60919869e-01, 8.45234375e+02,
       5.83321167e+02, 7.19582558e-01, 9.51054504e+02, 6.21455139e+02,
       8.14659715e-01, 1.04832080e+03, 6.68595154e+02, 8.67023349e-01,
       8.77519653e+02, 4.83108948e+02, 6.12786353e-01, 0., 0., 0., 0.,
       0., 0., 1.13653479e+03, 4.94986053e+02, 5.06740212e-01,
       1.13656665e+03, 5.47888794e+02, 5.36308765e-01, 1.34556604e+03,
       5.97879395e+02, 7.24109411e-01, 1.56038342e+03, 6.51039063e+02,
       6.18467629e-01, 1.13067615e+03, 4.36211212e+02, 5.24815142e-01,
       1.32493909e+03, 4.33127960e+02, 7.47439027e-01, 1.56930017e+03,
       4.33098816e+02, 5.99356532e-01, 7.30416931e+02, 5.06885101e+02,
       8.55645001e-01, 7.39363953e+02, 4.80144104e+02, 9.25441265e-01,
       7.39379272e+02, 5.42084351e+02, 7.18324661e-01, 7.68654907e+02,
       4.59615540e+02, 6.45716786e-01, 1.64583655e+03, 4.09613586e+02,
       1.78645909e-01, 1.63697925e+03, 4.09622162e+02, 2.30107903e-01,
       1.63097852e+03, 4.47844177e+02, 2.70641625e-01, 1.62514966e+03,
       6.92185425e+02, 3.93131942e-01, 1.62220251e+03, 6.92128113e+02,
       4.12700653e-01, 1.58988135e+03, 6.45119690e+02, 4.37510163e-01 ]
