%YAML:1.0
---
pose_0: !!opencv-matrix
   rows: 1
   cols: 25
   dt: "3f"
   data: [ 6.89160217e+02, 4.86252808e+02, 8.06410551e-01,
       8.12895691e+02, 4.94922211e+02, 6.09717250e-01, 8.33338806e+02,
       5.74374084e+02, 4.98531908e-01, 9.86519226e+02, 6.00918396e+02,
       2.96408534e-01, 1.11599878e+03, 6.21581604e+02, 1.56490162e-01,
       8.21709351e+02, 4.12592682e+02, 5.72895646e-01, 9.57074890e+02,
       3.38961090e+02, 7.57517159e-01, 1.06880688e+03, 2.53658615e+02,
       7.66041398e-01, 1.10714661e+03, 4.83131989e+02, 5.77407837e-01,
       1.09545398e+03, 5.30422180e+02, 5.98204911e-01, 1.23368152e+03,
       5.48002136e+02, 6.59850240e-01, 1.50155542e+03, 5.98003296e+02,
       3.58769923e-01, 1.11304773e+03, 4.27303131e+02, 5.51978111e-01,
       1.33379614e+03, 4.71428772e+02, 6.69590116e-01, 1.63397278e+03,
       5.24392029e+02, 5.92715144e-01, 6.68693176e+02, 5.06808746e+02,
       8.36267650e-01, 6.71475830e+02, 4.74284943e+02, 8.30617428e-01,
       6.92130188e+02, 5.30353760e+02, 2.75102943e-01, 6.95109192e+02,
       4.44898743e+02, 5.31525791e-01, 1.70761816e+03, 5.06723267e+02,
       6.11953020e-01, 1.70473962e+03, 5.03695953e+02, 6.18062019e-01,
       1.64283411e+03, 5.47920105e+02, 3.34334016e-01, 1.50451331e+03,
       6.47976868e+02, 2.01940209e-01, 1.49562463e+03, 6.45070618e+02,
       2.43432194e-01, 1.54567700e+03, 5.83264893e+02, 2.03234345e-01 ]
