%YAML:1.0
---
pose_0: !!opencv-matrix
   rows: 1
   cols: 25
   dt: "3f"
   data: [ 7.86481934e+02, 5.21424561e+02, 8.56244624e-01,
       9.07131653e+02, 5.44942871e+02, 7.73337841e-01, 9.07073059e+02,
       6.24399597e+02, 6.34785771e-01, 1.03062952e+03, 6.80408081e+02,
       6.91992760e-01, 1.11890979e+03, 7.33302856e+02, 8.34433794e-01,
       9.24721802e+02, 4.62631165e+02, 7.34340489e-01, 1.06885327e+03,
       4.36241180e+02, 7.77231038e-01, 1.11010779e+03, 4.03681671e+02,
       7.55474150e-01, 1.16608105e+03, 5.65611389e+02, 6.30937457e-01,
       1.16298462e+03, 6.09735901e+02, 6.33929431e-01, 1.35144751e+03,
       6.45179626e+02, 7.37760901e-01, 1.52806335e+03, 6.77513306e+02,
       6.47458613e-01, 1.17488184e+03, 5.15600891e+02, 6.01332664e-01,
       1.37800012e+03, 5.03851929e+02, 7.24497378e-01, 1.54575378e+03,
       4.86107727e+02, 6.83352590e-01, 7.71606995e+02, 5.30391602e+02,
       8.10057282e-01, 7.83340576e+02, 5.03753784e+02, 8.96453500e-01,
       7.86437866e+02, 5.56742920e+02, 6.25465035e-01, 8.09847046e+02,
       4.80316467e+02, 6.46971464e-01, 1.61338513e+03, 4.56626343e+02,
       4.92067099e-01, 1.60744287e+03, 4.53751617e+02, 5.24235845e-01,
       1.58095459e+03, 4.83298157e+02, 3.11920762e-01, 1.57803723e+03,
       6.80359863e+02, 4.47301209e-01, 1.56929797e+03, 6.92075562e+02,
       4.90864217e-01, 1.55455408e+03, 6.71574402e+02, 4.15177584e-01 ]
