%YAML:1.0
---
pose_0: !!opencv-matrix
   rows: 1
   cols: 25
   dt: "3f"
   data: [ 6.92279602e+02, 4.36158569e+02, 8.84016812e-01,
       8.27501526e+02, 4.56678467e+02, 7.17110693e-01, 8.33423096e+02,
       5.47888550e+02, 6.56694293e-01, 9.57052856e+02, 5.77336914e+02,
       4.36371058e-01, 9.74753113e+02, 5.74512878e+02, 4.47499096e-01,
       8.27563782e+02, 3.65451843e+02, 6.34523213e-01, 9.71665344e+02,
       2.94978851e+02, 7.88479388e-01, 9.30548767e+02, 3.30084473e+02,
       7.93047667e-01, 1.11011365e+03, 4.74302063e+02, 5.68125844e-01,
       1.09831897e+03, 5.18521423e+02, 5.60140729e-01, 1.33965747e+03,
       5.33317871e+02, 6.35795116e-01, 1.50450366e+03, 5.50806152e+02,
       5.11094153e-01, 1.11887805e+03, 4.15453827e+02, 5.23978591e-01,
       1.34556812e+03, 4.15475159e+02, 6.36862516e-01, 1.58097913e+03,
       4.36021057e+02, 5.75564563e-01, 6.77469299e+02, 4.50842102e+02,
       7.40603209e-01, 6.86304443e+02, 4.15516998e+02, 8.02033961e-01,
       6.98062439e+02, 4.74352325e+02, 4.19561952e-01, 7.15690125e+02,
       3.91919006e+02, 6.22387707e-01, 1.63993677e+03, 4.12520081e+02,
       4.62715209e-01, 1.63696545e+03, 4.09556000e+02, 4.86066550e-01,
       1.61039880e+03, 4.50838013e+02, 2.70706445e-01, 1.56036719e+03,
       5.33275146e+02, 1.59128740e-01, 1.54277551e+03, 5.50854431e+02,
       1.53805047e-01, 1.54274182e+03, 5.36189819e+02, 2.89592773e-01 ]
