%YAML:1.0
---
pose_0: !!opencv-matrix
   rows: 1
   cols: 25
   dt: "3f"
   data: [ 7.18670715e+02, 4.80334290e+02, 8.89333844e-01,
       8.39359863e+02, 4.83191223e+02, 7.59023607e-01, 8.36539307e+02,
       5.59719849e+02, 7.03940988e-01, 9.27741211e+02, 6.48071472e+02,
       8.05725634e-01, 9.74828064e+02, 6.45055481e+02, 8.07255208e-01,
       8.53944458e+02, 4.09591034e+02, 6.86081409e-01, 1.01588403e+03,
       3.88960693e+02, 8.56160045e-01, 9.30536743e+02, 4.09680145e+02,
       8.41578603e-01, 1.12479407e+03, 5.00860352e+02, 6.04131222e-01,
       1.11887427e+03, 5.47927490e+02, 6.44080460e-01, 1.29844604e+03,
       5.71501770e+02, 7.01421380e-01, 1.54863647e+03, 6.00945251e+02,
       5.56195676e-01, 1.13658386e+03, 4.47867981e+02, 5.56023240e-01,
       1.33093262e+03, 4.53794250e+02, 7.42301822e-01, 1.55752087e+03,
       4.59654724e+02, 6.36329830e-01, 7.01033508e+02, 4.97899353e+02,
       7.14657247e-01, 7.09813782e+02, 4.59686127e+02, 8.26109290e-01,
       7.18676575e+02, 5.15518921e+02, 2.77703643e-01, 7.39190491e+02,
       4.33237457e+02, 6.61161363e-01, 1.61925623e+03, 4.39016541e+02,
       4.74321157e-01, 1.61339172e+03, 4.36070740e+02, 5.37609279e-01,
       1.58982056e+03, 4.59739716e+02, 3.06499690e-01, 1.61634998e+03,
       5.74343201e+02, 3.24921429e-01, 1.61039709e+03, 5.80336426e+02,
       2.37339482e-01, 1.58687268e+03, 5.92139038e+02, 1.96798816e-01 ]
