%YAML:1.0
---
pose_0: !!opencv-matrix
   rows: 1
   cols: 25
   dt: "3f"
   data: [ 7.45223267e+02, 4.33114044e+02, 8.55986357e-01,
       8.62852722e+02, 4.12507294e+02, 7.24432468e-01, 8.57008606e+02,
       4.94986725e+02, 7.60631740e-01, 9.57105591e+02, 5.03683777e+02,
       7.78041899e-01, 8.65816162e+02, 4.12604401e+02, 8.47141981e-01,
       8.77623962e+02, 3.27170166e+02, 6.45440757e-01, 1.00133368e+03,
       2.71263794e+02, 9.07973289e-01, 9.27643311e+02, 2.33000336e+02,
       8.35887730e-01, 1.11896631e+03, 4.56713409e+02, 6.57756925e-01,
       1.10716321e+03, 5.03903351e+02, 6.33797109e-01, 1.31027405e+03,
       5.68483215e+02, 7.39768445e-01, 1.50157324e+03, 6.33286499e+02,
       5.82886755e-01, 1.13366077e+03, 4.06682709e+02, 6.11967683e-01,
       1.34850439e+03, 4.18406860e+02, 5.76682925e-01, 1.56928552e+03,
       4.27303680e+02, 6.06069028e-01, 7.36243225e+02, 4.42019135e+02,
       7.84265399e-01, 7.39114136e+02, 4.09730316e+02, 8.73952389e-01,
       7.54015991e+02, 4.59677460e+02, 2.00497255e-01, 7.56958069e+02,
       3.80218506e+02, 5.68304300e-01, 1.63103674e+03, 3.91997314e+02,
       3.87197316e-01, 1.62221094e+03, 3.91954285e+02, 4.34910357e-01,
       1.61035583e+03, 4.33154327e+02, 3.50350887e-01, 1.58983154e+03,
       6.24442810e+02, 5.36066055e-01, 1.58394055e+03, 6.36259216e+02,
       4.13409173e-01, 1.53393774e+03, 6.50968567e+02, 3.40903014e-01 ]
