%YAML:1.0
---
pose_0: !!opencv-matrix
   rows: 1
   cols: 25
   dt: "3f"
   data: [ 7.45195618e+02, 3.12525421e+02, 6.46239936e-01,
       8.27516846e+02, 2.12422150e+02, 4.71031636e-01, 8.01065430e+02,
       2.53631927e+02, 1.86637342e-01, 0., 0., 0., 0., 0., 0.,
       8.42251648e+02, 1.74069962e+02, 6.53596997e-01, 9.83577576e+02,
       1.50647537e+02, 7.91576564e-01, 9.80652039e+02, 3.21342133e+02,
       7.05925465e-01, 1.04835303e+03, 2.68378998e+02, 2.27861121e-01,
       1.02774060e+03, 2.94783936e+02, 1.81404054e-01, 0., 0., 0., 0.,
       0., 0., 1.06597693e+03, 2.44789932e+02, 1.90894738e-01, 0., 0.,
       0., 0., 0., 0., 7.39159973e+02, 3.03664124e+02, 1.79667413e-01,
       7.42214905e+02, 2.91992554e+02, 6.32876039e-01, 0., 0., 0.,
       7.62743652e+02, 2.44748917e+02, 4.95181084e-01, 0., 0., 0., 0.,
       0., 0., 0., 0., 0., 0., 0., 0., 0., 0., 0., 0., 0., 0. ]
