%YAML:1.0
---
pose_0: !!opencv-matrix
   rows: 1
   cols: 25
   dt: "3f"
   data: [ 5.56865479e+02, 4.83138519e+02, 7.66683996e-01,
       6.65590027e+02, 5.45026611e+02, 5.62921047e-01, 6.86212463e+02,
       6.71599304e+02, 4.89767909e-01, 8.27489258e+02, 8.33295349e+02,
       7.77814984e-01, 6.48010864e+02, 8.30534729e+02, 7.45185733e-01,
       6.77429626e+02, 4.59704102e+02, 7.05696642e-01, 7.48123779e+02,
       5.06806061e+02, 7.84765244e-01, 5.56731445e+02, 5.98098877e+02,
       7.46637046e-01, 1.03359302e+03, 5.74411804e+02, 3.09630156e-01,
       1.03063391e+03, 6.42090088e+02, 3.36456150e-01, 1.23667590e+03,
       6.68621521e+02, 8.28502178e-02, 0., 0., 0., 1.02771680e+03,
       5.00875763e+02, 2.93871701e-01, 1.10718408e+03, 4.44941254e+02,
       1.61597177e-01, 1.42206079e+03, 3.21349823e+02, 2.44137615e-01,
       5.27386292e+02, 4.97941437e+02, 7.52973676e-01, 5.53819153e+02,
       4.59610718e+02, 7.74363577e-01, 5.36185608e+02, 5.50836731e+02,
       4.02108848e-01, 5.86193970e+02, 4.39128235e+02, 2.30656609e-01,
       0., 0., 0., 0., 0., 0., 1.44268762e+03, 3.36004120e+02,
       9.96961743e-02, 0., 0., 0., 0., 0., 0., 0., 0., 0. ]
