%YAML:1.0
---
pose_0: !!opencv-matrix
   rows: 2
   cols: 25
   dt: "3f"
   data: [ 7.89408936e+02, 3.62533264e+02, 8.82809609e-02,
       8.80535217e+02, 3.59547852e+02, 1.41484559e-01, 0., 0., 0., 0.,
       0., 0., 0., 0., 0., 0., 0., 0., 0., 0., 0., 0., 0., 0.,
       1.16310315e+03, 3.68460815e+02, 5.15350759e-01, 1.16300903e+03,
       4.18424164e+02, 5.29330611e-01, 1.36028357e+03, 4.56749847e+02,
       6.28421903e-01, 1.53988000e+03, 4.56688660e+02, 6.22789145e-01,
       1.16602185e+03, 3.18397034e+02, 4.90487188e-01, 1.37491199e+03,
       3.09490814e+02, 6.32504165e-01, 1.57217310e+03, 2.83076385e+02,
       5.82874000e-01, 7.86247864e+02, 3.65587158e+02, 8.90985131e-02,
       7.86315002e+02, 3.68404785e+02, 8.20427090e-02, 0., 0., 0.,
       7.89224609e+02, 3.56600433e+02, 5.52645139e-02, 1.63405359e+03,
       2.53585556e+02, 4.29300666e-01, 1.62809558e+03, 2.50670181e+02,
       4.81827348e-01, 1.61040625e+03, 2.91787048e+02, 2.83379436e-01,
       1.60752356e+03, 4.59664795e+02, 5.24497926e-01, 1.59280554e+03,
       4.71446533e+02, 4.75261480e-01, 1.56342725e+03, 4.42021149e+02,
       3.55858117e-01, 0., 0., 0., 0., 0., 0., 0., 0., 0., 0., 0., 0.,
       0., 0., 0., 8.12880127e+02, 3.18390533e+02, 1.19220115e-01,
       7.62686584e+02, 3.21395203e+02, 3.09983134e-01, 6.71518250e+02,
       4.06692383e+02, 4.63047594e-01, 0., 0., 0., 0., 0., 0., 0., 0.,
       0., 0., 0., 0., 0., 0., 0., 0., 0., 0., 0., 0., 0., 0., 0., 0.,
       0., 0., 0., 0., 0., 0., 0., 0., 0., 0., 0., 0., 0., 0., 0., 0.,
       0., 0., 0., 0., 0., 0., 0., 0., 0., 0., 0. ]
