%YAML:1.0
---
pose_0: !!opencv-matrix
   rows: 1
   cols: 25
   dt: "3f"
   data: [ 6.92156738e+02, 5.30315735e+02, 8.45407486e-01,
       8.27547791e+02, 5.74398682e+02, 6.76668286e-01, 8.15884766e+02,
       6.51027161e+02, 6.67451620e-01, 9.74699097e+02, 6.92096619e+02,
       6.69130504e-01, 1.11893994e+03, 6.89252380e+02, 7.90073693e-01,
       8.36427246e+02, 4.86144409e+02, 5.49812734e-01, 9.77737244e+02,
       4.59778015e+02, 6.70551956e-01, 1.09243347e+03, 4.59623291e+02,
       4.31136280e-01, 1.11006287e+03, 5.77381104e+02, 5.82167327e-01,
       1.09548401e+03, 6.27453064e+02, 5.78318417e-01, 1.31612170e+03,
       6.42009216e+02, 5.20513475e-01, 1.56638171e+03, 6.48134338e+02,
       5.79825103e-01, 1.11601184e+03, 5.21483521e+02, 5.44585764e-01,
       1.33379211e+03, 5.00874054e+02, 5.29225409e-01, 1.63692822e+03,
       4.62549988e+02, 4.45895582e-01, 6.83285828e+02, 5.53754211e+02,
       7.66974390e-01, 6.80368408e+02, 5.24396179e+02, 7.44073808e-01,
       6.95151733e+02, 5.86230103e+02, 6.04201674e-01, 7.01052612e+02,
       5.06694031e+02, 2.70826578e-01, 1.75468640e+03, 4.24297455e+02,
       3.32993686e-01, 1.74876501e+03, 4.18435150e+02, 3.65987986e-01,
       1.63692688e+03, 4.62626862e+02, 1.63243860e-01, 1.65745972e+03,
       6.53903076e+02, 5.88628054e-01, 1.63699292e+03, 6.68693237e+02,
       5.46858966e-01, 1.58688879e+03, 6.44996704e+02, 2.85805255e-01 ]
