%YAML:1.0
---
pose_0: !!opencv-matrix
   rows: 1
   cols: 25
   dt: "3f"
   data: [ 5.03807281e+02, 5.62703064e+02, 4.51259077e-01,
       6.48050964e+02, 5.30337341e+02, 4.33174938e-01, 6.56878174e+02,
       5.92073059e+02, 2.91439235e-01, 6.50938965e+02, 7.15730652e+02,
       4.06071305e-01, 4.36180328e+02, 6.74492065e+02, 3.88767600e-01,
       6.30364685e+02, 4.77265961e+02, 3.14164221e-01, 7.12707703e+02,
       4.12699860e+02, 3.68698090e-01, 4.30211700e+02, 4.62687225e+02,
       3.43133450e-01, 1.04236658e+03, 5.98022888e+02, 3.72525871e-01,
       1.02478101e+03, 6.68661804e+02, 3.95882219e-01, 1.37201807e+03,
       6.71623474e+02, 3.53722513e-01, 1.72825439e+03, 6.74500061e+02,
       4.06004399e-01, 1.04536768e+03, 5.27246216e+02, 3.93284470e-01,
       1.35144592e+03, 5.42069458e+02, 3.11776221e-01, 1.72814172e+03,
       5.42018066e+02, 3.89156610e-01, 4.83118652e+02, 5.89102600e+02,
       1.93288311e-01, 4.71420105e+02, 5.33301270e+02, 2.52498835e-01,
       0., 0., 0., 5.33197021e+02, 4.89095154e+02, 1.11725293e-01,
       1.83710046e+03, 4.89096588e+02, 1.35696948e-01, 1.83414978e+03,
       4.92042664e+02, 1.42325148e-01, 1.73113147e+03, 5.62653320e+02,
       1.56835437e-01, 0., 0., 0., 0., 0., 0., 1.75170288e+03,
       6.71511353e+02, 2.33828023e-01 ]
