%YAML:1.0
---
pose_0: !!opencv-matrix
   rows: 1
   cols: 25
   dt: "3f"
   data: [ 6.92073242e+02, 4.86175659e+02, 8.77335191e-01,
       8.10012817e+02, 5.30208923e+02, 7.31933236e-01, 8.09803955e+02,
       6.27425598e+02, 6.57525659e-01, 9.33516968e+02, 6.95148621e+02,
       8.27924490e-01, 9.74645813e+02, 6.50983093e+02, 8.34401250e-01,
       8.33334167e+02, 4.47877502e+02, 6.27194941e-01, 9.65858826e+02,
       3.86019196e+02, 8.26562107e-01, 8.71736572e+02, 4.06545776e+02,
       7.27424383e-01, 1.09249402e+03, 5.36220642e+02, 5.29646158e-01,
       1.09239307e+03, 5.94996704e+02, 5.52330315e-01, 1.30140430e+03,
       5.98040710e+02, 5.92784822e-01, 1.56925696e+03, 5.92080383e+02,
       4.44828570e-01, 1.08946899e+03, 4.80210754e+02, 5.58153629e-01,
       1.31611475e+03, 4.97839172e+02, 5.51655173e-01, 1.59570801e+03,
       4.94932220e+02, 5.42158425e-01, 6.71573853e+02, 5.06679321e+02,
       8.43208432e-01, 6.77450562e+02, 4.74369476e+02, 7.94080973e-01,
       6.92034790e+02, 5.36248779e+02, 6.56984568e-01, 7.09765076e+02,
       4.56667175e+02, 4.85806644e-01, 1.65169666e+03, 5.77294067e+02,
       9.61306542e-02, 0., 0., 0., 1.61344043e+03, 4.86113495e+02,
       3.11266005e-01, 1.64869897e+03, 5.86221680e+02, 2.81452417e-01,
       1.63704309e+03, 5.98053467e+02, 2.29829907e-01, 1.61344458e+03,
       5.77401794e+02, 2.56502211e-01 ]
