%YAML:1.0
---
pose_0: !!opencv-matrix
   rows: 1
   cols: 25
   dt: "3f"
   data: [ 0., 0., 0., 8.98167725e+02, 4.59629456e+02, 1.88432619e-01,
       8.45218079e+02, 5.03762787e+02, 1.93558693e-01, 8.12810608e+02,
       5.15533691e+02, 2.30646297e-01, 8.92317932e+02, 4.36214539e+02,
       2.24946648e-01, 9.45253540e+02, 4.18444397e+02, 1.85527608e-01,
       9.92328125e+02, 3.89032288e+02, 4.24451143e-01, 9.07041138e+02,
       3.74255402e+02, 2.38628194e-01, 1.12188721e+03, 5.00878906e+02,
       5.09238780e-01, 1.11595398e+03, 5.21430603e+02, 4.43056405e-01,
       1.34557837e+03, 4.59597748e+02, 7.29751110e-01, 1.57806055e+03,
       6.27476074e+02, 5.99115729e-01, 1.13659229e+03, 4.77342316e+02,
       3.83644611e-01, 1.35736206e+03, 4.39140045e+02, 3.62229705e-01,
       1.55458154e+03, 5.06844727e+02, 4.93512511e-01, 0., 0., 0., 0.,
       0., 0., 0., 0., 0., 0., 0., 0., 1.67226306e+03, 5.33206543e+02,
       1.07788451e-01, 1.67517834e+03, 5.36137085e+02, 1.16225086e-01,
       1.57222205e+03, 5.30298828e+02, 2.35839009e-01, 1.63396326e+03,
       6.53882263e+02, 3.29233497e-01, 1.61344617e+03, 6.68529297e+02,
       3.96599710e-01, 1.58983911e+03, 6.48070251e+02, 3.59705478e-01 ]
