%YAML:1.0
---
pose_0: !!opencv-matrix
   rows: 2
   cols: 25
   dt: "3f"
   data: [ 7.80434875e+02, 4.27280457e+02, 1.60975486e-01,
       8.39324585e+02, 3.41837646e+02, 4.15179640e-01, 8.51079346e+02,
       3.36003906e+02, 2.87457556e-01, 7.92302368e+02, 4.83180359e+02,
       2.57698953e-01, 7.18778503e+02, 6.00898254e+02, 3.41756701e-01,
       8.36293945e+02, 3.44892609e+02, 3.75982821e-01, 7.89370056e+02,
       4.92012665e+02, 2.87830323e-01, 7.18722656e+02, 5.89154236e+02,
       4.19043899e-01, 1.15718372e+03, 3.86027161e+02, 3.73075038e-01,
       1.15128271e+03, 4.33209564e+02, 4.50861156e-01, 1.28368579e+03,
       6.01060120e+02, 8.32767367e-01, 1.49868665e+03, 6.15581360e+02,
       5.24283230e-01, 1.15425684e+03, 3.44902863e+02, 2.70959973e-01,
       1.40446326e+03, 2.91874420e+02, 3.14917624e-01, 1.59281116e+03,
       1.56502319e+02, 3.02697033e-01, 0., 0., 0., 7.71606201e+02,
       4.12488312e+02, 2.41573036e-01, 0., 0., 0., 7.83417175e+02,
       3.65453094e+02, 4.33446705e-01, 1.66055005e+03, 1.29964417e+02,
       6.57334402e-02, 1.65460181e+03, 1.27072777e+02, 7.08418414e-02,
       0., 0., 0., 1.54567651e+03, 5.53950684e+02, 2.44259074e-01, 0.,
       0., 0., 1.54278015e+03, 6.03922729e+02, 3.27828079e-01, 0., 0.,
       0., 0., 0., 0., 9.51111572e+02, 4.21353088e+02, 1.22115999e-01,
       1.04536536e+03, 4.80349152e+02, 5.46456635e-01, 1.12776038e+03,
       5.68542480e+02, 5.94743669e-01, 0., 0., 0., 0., 0., 0., 0., 0.,
       0., 0., 0., 0., 0., 0., 0., 0., 0., 0., 0., 0., 0., 0., 0., 0.,
       0., 0., 0., 0., 0., 0., 0., 0., 0., 0., 0., 0., 0., 0., 0., 0.,
       0., 0., 0., 0., 0., 0., 0., 0., 0., 0., 0., 0., 0., 0., 0., 0.,
       0., 0., 0., 0. ]
