%YAML:1.0
---
pose_0: !!opencv-matrix
   rows: 1
   cols: 25
   dt: "3f"
   data: [ 0., 0., 0., 8.24580688e+02, 5.27305603e+02, 3.96492749e-01,
       8.30493408e+02, 5.33270081e+02, 4.04413402e-01, 9.80662842e+02,
       5.42092224e+02, 5.01029789e-01, 1.16601074e+03, 4.65516602e+02,
       6.18367732e-01, 8.15834412e+02, 5.33194885e+02, 3.43028605e-01,
       9.74751465e+02, 5.41999390e+02, 1.83801442e-01, 0., 0., 0.,
       1.14247388e+03, 5.74426941e+02, 3.08450222e-01, 1.14247290e+03,
       5.89126038e+02, 3.43081713e-01, 1.40444495e+03, 4.80293304e+02,
       7.79519796e-01, 1.64575977e+03, 7.18644348e+02, 5.86706698e-01,
       1.16307336e+03, 5.36171265e+02, 1.89944834e-01, 1.38382434e+03,
       4.50775391e+02, 4.13573146e-01, 1.63403638e+03, 6.50943054e+02,
       3.30690622e-01, 0., 0., 0., 0., 0., 0., 7.68709717e+02,
       4.83155579e+02, 1.69125959e-01, 0., 0., 0., 1.71932922e+03,
       6.03913025e+02, 3.24189454e-01, 1.71053528e+03, 6.06804626e+02,
       3.08671921e-01, 1.66051379e+03, 6.68667664e+02, 8.49892125e-02,
       1.70454980e+03, 6.92150146e+02, 1.58042148e-01, 1.68697803e+03,
       7.21595642e+02, 1.91218302e-01, 1.65461743e+03, 7.45137024e+02,
       4.08368975e-01 ]
