%YAML:1.0
---
pose_0: !!opencv-matrix
   rows: 1
   cols: 25
   dt: "3f"
   data: [ 0., 0., 0., 7.92298462e+02, 5.68487000e+02, 4.71700251e-01,
       8.01034729e+02, 5.59702209e+02, 5.08241713e-01, 9.39455139e+02,
       5.06678589e+02, 7.43384063e-01, 8.39357666e+02, 4.12652924e+02,
       7.66734719e-01, 7.86324829e+02, 5.77323425e+02, 4.52962279e-01,
       9.39400330e+02, 5.06707245e+02, 1.87209383e-01, 0., 0., 0.,
       1.06894397e+03, 5.68552490e+02, 3.88575375e-01, 1.07179541e+03,
       5.50905762e+02, 2.71963596e-01, 1.35146448e+03, 5.27441833e+02,
       8.09548378e-01, 1.61929907e+03, 6.95119568e+02, 4.54798400e-01,
       1.06008276e+03, 5.92063110e+02, 2.38029659e-01, 1.33675256e+03,
       5.30281311e+02, 8.53632689e-02, 0., 0., 0., 0., 0., 0., 0., 0.,
       0., 7.42210327e+02, 5.39142029e+02, 1.14527546e-01,
       7.06892822e+02, 5.89156372e+02, 1.20250672e-01, 0., 0., 0., 0.,
       0., 0., 0., 0., 0., 1.68397363e+03, 7.33393250e+02,
       2.97835588e-01, 1.66350964e+03, 7.45128113e+02, 3.40580374e-01,
       1.65754077e+03, 7.21612854e+02, 2.39388078e-01 ]
