%YAML:1.0
---
pose_0: !!opencv-matrix
   rows: 1
   cols: 25
   dt: "3f"
   data: [ 7.45164673e+02, 5.33273682e+02, 8.03622782e-01,
       8.33445251e+02, 4.83133514e+02, 5.50885558e-01, 8.15739075e+02,
       5.03730988e+02, 4.07606244e-01, 0., 0., 0., 0., 0., 0.,
       8.48172241e+02, 4.68503571e+02, 6.09668791e-01, 9.89433716e+02,
       5.03802826e+02, 8.46006632e-01, 8.59883606e+02, 5.74315369e+02,
       8.12941074e-01, 1.11301184e+03, 4.62593109e+02, 3.00117254e-01,
       1.11303784e+03, 4.33142517e+02, 1.62160993e-01, 1.24549011e+03,
       4.56721466e+02, 1.17201567e-01, 0., 0., 0., 1.13069934e+03,
       4.71390167e+02, 2.37641469e-01, 1.35740344e+03, 5.33279968e+02,
       5.77611566e-01, 1.61050488e+03, 4.30227753e+02, 4.91748035e-01,
       0., 0., 0., 7.39172729e+02, 5.21438171e+02, 8.09844315e-01, 0.,
       0., 0., 7.59788696e+02, 4.74400513e+02, 7.27982581e-01,
       1.66639526e+03, 3.68404358e+02, 4.34677780e-01, 1.66640051e+03,
       3.71307922e+02, 3.93937320e-01, 1.66052478e+03, 4.15466766e+02,
       1.54040962e-01, 0., 0., 0., 0., 0., 0., 0., 0., 0. ]
