%YAML:1.0
---
pose_0: !!opencv-matrix
   rows: 1
   cols: 25
   dt: "3f"
   data: [ 6.24545410e+02, 4.97930664e+02, 8.46955776e-01,
       7.65654724e+02, 5.30362305e+02, 7.39806235e-01, 7.62854004e+02,
       6.21575745e+02, 7.34062135e-01, 9.06961365e+02, 6.80350708e+02,
       7.62652934e-01, 1.00131860e+03, 6.83326477e+02, 7.80360937e-01,
       7.48057678e+02, 4.56729279e+02, 5.56370676e-01, 9.24654358e+02,
       3.88886047e+02, 8.91626000e-01, 7.86414795e+02, 3.92011108e+02,
       8.59797716e-01, 1.06885413e+03, 5.24387756e+02, 5.44310927e-01,
       1.06592456e+03, 5.74351013e+02, 5.64352453e-01, 1.30438306e+03,
       5.80299316e+02, 6.72724545e-01, 1.58986731e+03, 5.97945374e+02,
       4.72510159e-01, 1.06595947e+03, 4.62614655e+02, 5.44350266e-01,
       1.32200769e+03, 4.47843323e+02, 4.63551342e-01, 1.54573145e+03,
       4.59637177e+02, 2.69135803e-01, 6.09712952e+02, 5.09633820e+02,
       8.32193911e-01, 6.21452332e+02, 4.77238892e+02, 8.74024451e-01,
       6.21618408e+02, 5.42062805e+02, 5.72396517e-01, 6.50906860e+02,
       4.53764069e+02, 5.22492290e-01, 1.63398877e+03, 4.36035736e+02,
       3.28658938e-01, 1.63391443e+03, 4.33102295e+02, 3.62230331e-01,
       1.56627563e+03, 4.83200989e+02, 1.48358092e-01, 1.70751062e+03,
       5.80326050e+02, 4.44121242e-01, 1.70165356e+03, 5.95054260e+02,
       3.89363110e-01, 1.63103003e+03, 5.83294678e+02, 1.79020658e-01 ]
