%YAML:1.0
---
pose_0: !!opencv-matrix
   rows: 1
   cols: 25
   dt: "3f"
   data: [ 7.86369751e+02, 3.86187927e+02, 8.23228359e-01,
       8.86372437e+02, 3.86132782e+02, 6.49607658e-01, 8.80505066e+02,
       4.44900757e+02, 5.24483979e-01, 9.06978027e+02, 4.71394562e+02,
       8.02244619e-02, 0., 0., 0., 8.92270752e+02, 3.21290161e+02,
       4.38719451e-01, 8.54060974e+02, 2.88952911e+02, 3.80671382e-01,
       7.62829041e+02, 3.00748016e+02, 6.48885787e-01, 1.16600195e+03,
       3.85952026e+02, 5.88324666e-01, 1.16306641e+03, 4.33074493e+02,
       5.82660377e-01, 1.37207410e+03, 4.59771545e+02, 7.71584630e-01,
       1.55456775e+03, 4.71417877e+02, 6.26542628e-01, 1.16606665e+03,
       3.33024536e+02, 5.59040368e-01, 1.35734363e+03, 3.30113617e+02,
       6.66559339e-01, 1.57512988e+03, 2.94750946e+02, 6.28673553e-01,
       7.65828796e+02, 3.91993378e+02, 6.95002913e-01, 7.80470215e+02,
       3.65431854e+02, 6.79425836e-01, 7.77489441e+02, 4.15440125e+02,
       9.80844349e-02, 8.12834778e+02, 3.38933472e+02, 3.86278659e-01,
       1.64280530e+03, 2.65329254e+02, 4.28903580e-01, 1.63685535e+03,
       2.62426819e+02, 4.90014315e-01, 1.61040991e+03, 2.91900208e+02,
       2.57376909e-01, 1.60750940e+03, 4.80278961e+02, 4.13405865e-01,
       1.59871790e+03, 4.89075134e+02, 3.61091465e-01, 1.58682739e+03,
       4.59600494e+02, 4.32728678e-01 ]
