%YAML:1.0
---
pose_0: !!opencv-matrix
   rows: 1
   cols: 25
   dt: "3f"
   data: [ 6.89232544e+02, 5.06622467e+02, 9.13424015e-01,
       8.18712830e+02, 5.09767029e+02, 6.81447089e-01, 8.33423828e+02,
       6.09795532e+02, 6.87659264e-01, 9.51163025e+02, 6.59805603e+02,
       7.20885694e-01, 1.07482935e+03, 7.18721313e+02, 6.81076884e-01,
       8.15779541e+02, 4.27291229e+02, 6.06774986e-01, 9.57015564e+02,
       3.44951782e+02, 7.51354754e-01, 1.06884058e+03, 2.59479095e+02,
       7.28179216e-01, 1.09246045e+03, 5.00778351e+02, 5.51006854e-01,
       1.09242419e+03, 5.47978516e+02, 5.98180234e-01, 1.35142017e+03,
       6.18559753e+02, 5.88319421e-01, 1.49868896e+03, 5.24396057e+02,
       3.25762749e-01, 1.09242419e+03, 4.41967346e+02, 5.04982173e-01,
       1.35732935e+03, 4.56558746e+02, 6.95322335e-01, 1.59867566e+03,
       4.12670013e+02, 5.40675998e-01, 6.71459900e+02, 5.18543823e+02,
       8.45060349e-01, 6.74560486e+02, 4.83071411e+02, 8.68347108e-01,
       6.92081543e+02, 5.42090698e+02, 3.36513072e-01, 6.95238098e+02,
       4.53787872e+02, 5.98775387e-01, 1.68099292e+03, 4.89104095e+02,
       5.84595986e-02, 1.68098633e+03, 4.80317352e+02, 5.24801202e-02,
       1.62812366e+03, 4.06661560e+02, 2.03290939e-01, 0., 0., 0., 0.,
       0., 0., 1.52513477e+03, 4.94957001e+02, 2.40297049e-01 ]
