%YAML:1.0
---
pose_0: !!opencv-matrix
   rows: 1
   cols: 25
   dt: "3f"
   data: [ 6.03947693e+02, 5.06598907e+02, 8.21190655e-01,
       7.56891785e+02, 5.15525574e+02, 5.76685429e-01, 7.62814575e+02,
       6.21445557e+02, 6.10767782e-01, 8.09875000e+02, 6.48135315e+02,
       2.70194113e-01, 0., 0., 0., 7.42158997e+02, 4.30237885e+02,
       4.73359466e-01, 9.33587708e+02, 3.50782379e+02, 6.15615666e-01,
       9.09955872e+02, 3.50709778e+02, 1.05888143e-01, 1.06301672e+03,
       5.06783539e+02, 4.14292276e-01, 1.05715637e+03, 5.68569336e+02,
       3.99374485e-01, 1.37203723e+03, 5.50938232e+02, 3.21454018e-01,
       1.68104932e+03, 5.47985535e+02, 2.97728300e-01, 1.06005603e+03,
       4.36181030e+02, 4.07401890e-01, 1.18366943e+03, 4.15587524e+02,
       1.77534357e-01, 1.44858276e+03, 3.86055176e+02, 1.37226492e-01,
       5.89160706e+02, 5.27281982e+02, 7.80124307e-01, 5.94981689e+02,
       4.80252197e+02, 8.16801727e-01, 6.03877991e+02, 5.53825623e+02,
       2.36706704e-01, 6.24367676e+02, 4.44886017e+02, 5.18257439e-01,
       0., 0., 0., 0., 0., 0., 1.47508862e+03, 4.00751526e+02,
       9.61304307e-02, 1.72821826e+03, 5.59710876e+02, 2.38319978e-01,
       1.71059412e+03, 5.74373901e+02, 2.05788836e-01, 1.71934851e+03,
       5.56800049e+02, 2.22767204e-01 ]
