%YAML:1.0
---
pose_0: !!opencv-matrix
   rows: 1
   cols: 25
   dt: "3f"
   data: [ 7.89215088e+02, 4.91965576e+02, 8.36220384e-01,
       9.09934937e+02, 4.86091919e+02, 6.89958215e-01, 9.33524353e+02,
       5.71405396e+02, 6.17293477e-01, 1.06591223e+03, 5.97920166e+02,
       7.75189936e-01, 1.05417444e+03, 5.74515137e+02, 2.07334965e-01,
       8.95209106e+02, 4.12580811e+02, 6.33490920e-01, 9.80550659e+02,
       3.44847717e+02, 7.56714761e-01, 1.05129443e+03, 3.50751587e+02,
       7.38407969e-01, 1.16605566e+03, 5.09650909e+02, 5.81814587e-01,
       1.16302063e+03, 5.56815247e+02, 6.20166600e-01, 1.23967285e+03,
       6.00818970e+02, 1.13739945e-01, 0., 0., 0., 1.16896716e+03,
       4.56724915e+02, 6.13372684e-01, 1.37784375e+03, 5.06875824e+02,
       7.68475652e-01, 1.58102966e+03, 4.80172485e+02, 6.71689034e-01,
       7.68683655e+02, 5.06746399e+02, 7.68765211e-01, 7.74608093e+02,
       4.77213654e+02, 8.11195374e-01, 7.95192444e+02, 5.24400879e+02,
       1.70016408e-01, 8.03955566e+02, 4.42014221e+02, 4.96752679e-01,
       1.59867017e+03, 5.74400024e+02, 2.41073996e-01, 1.60457837e+03,
       5.62663330e+02, 2.27859095e-01, 1.60751660e+03, 4.56750732e+02,
       3.51212382e-01, 0., 0., 0., 0., 0., 0., 0., 0., 0. ]
