%YAML:1.0
---
pose_0: !!opencv-matrix
   rows: 1
   cols: 25
   dt: "3f"
   data: [ 7.71677673e+02, 4.59708588e+02, 8.26344311e-01,
       8.74655823e+02, 4.36179382e+02, 7.45584190e-01, 8.77626221e+02,
       5.18504578e+02, 6.54365003e-01, 9.98171631e+02, 5.56741943e+02,
       6.89085782e-01, 1.11590869e+03, 6.00972656e+02, 7.33001590e-01,
       8.80523560e+02, 3.65369720e+02, 7.61286557e-01, 1.00122168e+03,
       3.59470428e+02, 7.71036327e-01, 1.12479077e+03, 3.41881592e+02,
       8.12495112e-01, 1.11596301e+03, 4.65595886e+02, 5.78648210e-01,
       1.11300916e+03, 5.12615051e+02, 5.98003447e-01, 1.32203003e+03,
       5.59727051e+02, 7.34083593e-01, 1.51329980e+03, 5.74512390e+02,
       5.61197877e-01, 1.11891956e+03, 4.15501251e+02, 5.68795979e-01,
       1.33673535e+03, 4.27211700e+02, 6.72994673e-01, 1.56634021e+03,
       4.33111542e+02, 6.31391346e-01, 7.62780457e+02, 4.77263916e+02,
       7.45919108e-01, 7.59884827e+02, 4.47816162e+02, 7.56380439e-01,
       7.80461243e+02, 4.83386597e+02, 1.09960198e-01, 7.74541260e+02,
       4.09675140e+02, 6.29762113e-01, 1.63411951e+03, 4.06624023e+02,
       2.19831541e-01, 1.62815063e+03, 4.06608337e+02, 2.56164670e-01,
       1.59868616e+03, 4.27242767e+02, 2.56987870e-01, 1.60458142e+03,
       5.68547058e+02, 2.28365704e-01, 1.59277014e+03, 5.80290222e+02,
       1.71885088e-01, 1.55454968e+03, 5.56814880e+02, 2.65053123e-01 ]
