%YAML:1.0
---
pose_0: !!opencv-matrix
   rows: 1
   cols: 25
   dt: "3f"
   data: [ 7.62663635e+02, 3.91944946e+02, 8.86037648e-01,
       8.59895264e+02, 3.86043304e+02, 7.74313569e-01, 8.59888916e+02,
       4.47918549e+02, 6.15744531e-01, 9.77657837e+02, 4.83085114e+02,
       5.67395151e-01, 1.09531982e+03, 5.50977844e+02, 7.78658986e-01,
       8.71649170e+02, 3.06610291e+02, 6.45643950e-01, 1.00123834e+03,
       2.71301880e+02, 6.30069196e-01, 1.01594086e+03, 2.47851379e+02,
       5.57861686e-01, 1.12190234e+03, 4.18449890e+02, 5.86685121e-01,
       1.11589319e+03, 4.68504517e+02, 5.95774591e-01, 1.33077490e+03,
       5.44966064e+02, 7.59624839e-01, 1.53979517e+03, 5.74337952e+02,
       6.41510546e-01, 1.13367310e+03, 3.65459595e+02, 5.47688663e-01,
       1.37208191e+03, 3.62621307e+02, 6.12862706e-01, 1.56634021e+03,
       3.06639191e+02, 5.43564022e-01, 7.42270813e+02, 4.09633118e+02,
       8.09577882e-01, 7.45168640e+02, 3.77257294e+02, 8.32418799e-01,
       7.62918335e+02, 4.33080383e+02, 2.79847831e-01, 7.68705688e+02,
       3.44954193e+02, 5.08071184e-01, 1.64282629e+03, 2.91827057e+02,
       4.57228959e-01, 1.63701807e+03, 2.86017395e+02, 4.74254310e-01,
       1.58982422e+03, 2.94795044e+02, 2.41924390e-01, 1.60457678e+03,
       6.09780212e+02, 2.83202380e-01, 1.60453809e+03, 6.03875427e+02,
       3.23315710e-01, 1.56925342e+03, 5.53868408e+02, 4.11944121e-01 ]
