%YAML:1.0
---
pose_0: !!opencv-matrix
   rows: 2
   cols: 25
   dt: "3f"
   data: [ 0., 0., 0., 9.54065125e+02, 5.80299744e+02, 2.67588228e-01,
       0., 0., 0., 0., 0., 0., 0., 0., 0., 0., 0., 0., 0., 0., 0., 0.,
       0., 0., 1.15129102e+03, 5.39136108e+02, 4.78172004e-01,
       1.15718018e+03, 5.86173950e+02, 5.15845835e-01, 1.33674670e+03,
       6.24399536e+02, 7.22587943e-01, 1.52800891e+03, 6.24586487e+02,
       6.71649456e-01, 1.15424292e+03, 4.83196045e+02, 5.11674821e-01,
       1.34842871e+03, 4.80184387e+02, 7.31858075e-01, 1.53976587e+03,
       4.36208923e+02, 6.50038838e-01, 0., 0., 0., 0., 0., 0., 0., 0.,
       0., 0., 0., 0., 1.61034485e+03, 4.36145538e+02, 4.40321863e-01,
       1.60745728e+03, 4.33073853e+02, 4.78219956e-01, 1.56040674e+03,
       4.30196167e+02, 2.96501875e-01, 1.56631812e+03, 6.98003662e+02,
       5.99195719e-01, 1.56336731e+03, 6.92171753e+02, 5.21401048e-01,
       1.55161658e+03, 6.06844055e+02, 5.32749832e-01, 8.33392639e+02,
       5.53804504e+02, 8.73662829e-02, 8.39297668e+02, 5.18491028e+02,
       2.68985122e-01, 7.89292297e+02, 5.15535156e+02, 3.58257473e-01,
       7.15672424e+02, 5.62676025e+02, 4.31656569e-01, 6.51045593e+02,
       6.24500305e+02, 5.59643626e-01, 9.04098999e+02, 5.21447571e+02,
       1.45485058e-01, 8.83455688e+02, 4.50853241e+02, 1.78395152e-01,
       0., 0., 0., 8.09836121e+02, 4.80303986e+02, 2.99573570e-01,
       7.86389771e+02, 4.86110992e+02, 2.83106387e-01, 7.39258301e+02,
       5.50956238e+02, 1.25012264e-01, 6.65694153e+02, 6.15641907e+02,
       6.74128309e-02, 8.30486389e+02, 4.80195831e+02, 2.21609592e-01,
       7.65740601e+02, 5.39136230e+02, 9.28512812e-02, 0., 0., 0.,
       8.36379517e+02, 5.50766785e+02, 8.66180286e-02, 8.39301025e+02,
       5.50941284e+02, 7.56546780e-02, 8.27527222e+02, 5.39091003e+02,
       1.59110770e-01, 0., 0., 0., 0., 0., 0., 0., 0., 0., 0., 0., 0.,
       0., 0., 0., 0., 0., 0., 0., 0., 0. ]
