%YAML:1.0
---
pose_0: !!opencv-matrix
   rows: 1
   cols: 25
   dt: "3f"
   data: [ 6.98146912e+02, 3.89151520e+02, 8.44305277e-01,
       8.12829285e+02, 4.09531616e+02, 7.66092062e-01, 8.12844849e+02,
       4.89099609e+02, 5.54466188e-01, 9.07107910e+02, 6.01052246e+02,
       8.02401364e-01, 8.56927124e+02, 5.53808228e+02, 7.72554338e-01,
       8.09814941e+02, 3.27192444e+02, 7.34871626e-01, 8.65853394e+02,
       3.62585236e+02, 8.23415458e-01, 7.86274048e+02, 4.80152557e+02,
       7.95081615e-01, 1.11892175e+03, 4.33059052e+02, 5.78077376e-01,
       1.11007349e+03, 4.80329407e+02, 5.80306113e-01, 1.35436292e+03,
       5.24306213e+02, 5.65959454e-01, 1.63987207e+03, 5.56748291e+02,
       5.61190784e-01, 1.12482727e+03, 3.71343719e+02, 4.97587413e-01,
       1.38089587e+03, 3.59534241e+02, 5.12354910e-01, 1.54278772e+03,
       3.03663544e+02, 4.92733270e-01, 6.86313965e+02, 4.09609863e+02,
       8.28137934e-01, 6.92045593e+02, 3.71303223e+02, 8.18027139e-01,
       7.03897400e+02, 4.35984283e+02, 5.87376833e-01, 7.12697510e+02,
       3.44809204e+02, 5.06080925e-01, 1.62222205e+03, 2.91896576e+02,
       2.11334437e-01, 1.61336072e+03, 2.77219391e+02, 2.57441014e-01,
       1.54867041e+03, 2.77191528e+02, 1.68386340e-01, 1.75463477e+03,
       5.56730957e+02, 3.78474683e-01, 1.74587280e+03, 5.71492737e+02,
       3.32778901e-01, 1.66349158e+03, 5.44982056e+02, 2.96581060e-01 ]
