%YAML:1.0
---
pose_0: !!opencv-matrix
   rows: 1
   cols: 25
   dt: "3f"
   data: [ 7.62722168e+02, 5.27378113e+02, 8.95270944e-01,
       8.59957825e+02, 5.50778137e+02, 7.40795434e-01, 8.59932800e+02,
       6.24550903e+02, 6.90596163e-01, 9.80681580e+02, 6.68507263e+02,
       7.57542849e-01, 1.10423608e+03, 7.15696411e+02, 8.12472105e-01,
       8.65855164e+02, 4.74345703e+02, 5.46482325e-01, 9.74741943e+02,
       4.56688141e+02, 1.82478815e-01, 0., 0., 0., 1.12193481e+03,
       5.24404907e+02, 5.65535188e-01, 1.12193396e+03, 5.74359619e+02,
       5.89915991e-01, 1.33076587e+03, 6.24366760e+02, 7.99063265e-01,
       1.55451147e+03, 6.71642517e+02, 5.99728227e-01, 1.12192542e+03,
       4.71415894e+02, 5.31520903e-01, 1.33674268e+03, 4.59640411e+02,
       6.19886816e-01, 1.57219971e+03, 4.62610474e+02, 5.69623053e-01,
       7.42286133e+02, 5.36252869e+02, 7.98156738e-01, 7.48154785e+02,
       5.06756561e+02, 8.40486169e-01, 7.54020569e+02, 5.62720337e+02,
       5.58461726e-01, 7.77477417e+02, 4.86242523e+02, 5.92650354e-01,
       1.65451416e+03, 4.39059845e+02, 1.27033815e-01, 1.63990100e+03,
       4.36149597e+02, 1.81724459e-01, 1.63107153e+03, 4.77311157e+02,
       2.44394362e-01, 1.62809473e+03, 6.68527832e+02, 5.16375661e-01,
       1.61341382e+03, 6.77493896e+02, 4.51638997e-01, 1.58689294e+03,
       6.74554260e+02, 2.58357018e-01 ]
