%YAML:1.0
---
pose_0: !!opencv-matrix
   rows: 1
   cols: 25
   dt: "3f"
   data: [ 0., 0., 0., 8.33364685e+02, 4.83271118e+02, 3.79745036e-01,
       8.33433594e+02, 4.80188202e+02, 3.61784160e-01, 9.68771851e+02,
       4.94932800e+02, 2.17212975e-01, 1.13961694e+03, 4.39073792e+02,
       1.66251361e-01, 8.30530151e+02, 4.94953461e+02, 4.78746295e-01,
       9.62903259e+02, 4.91989563e+02, 5.44000864e-01, 1.14841150e+03,
       4.36050873e+02, 1.02953307e-01, 1.14839478e+03, 5.27364441e+02,
       3.42100263e-01, 1.14839648e+03, 5.65625427e+02, 2.90182710e-01,
       1.35734119e+03, 4.59570435e+02, 7.95734763e-01, 1.58986951e+03,
       6.44982788e+02, 6.06844544e-01, 1.16017957e+03, 4.77280487e+02,
       3.43322754e-01, 1.35442285e+03, 4.30214355e+02, 6.29909396e-01,
       1.56627136e+03, 5.09694153e+02, 3.99815202e-01, 0., 0., 0., 0.,
       0., 0., 7.86277527e+02, 4.39046814e+02, 7.24054053e-02,
       7.65764404e+02, 5.18524231e+02, 1.28344163e-01, 1.63398376e+03,
       4.80277344e+02, 1.82355538e-01, 1.62225293e+03, 4.77262512e+02,
       1.94450021e-01, 1.58397791e+03, 5.36171936e+02, 1.77205518e-01,
       1.64875818e+03, 6.71651794e+02, 5.09946108e-01, 1.62814807e+03,
       6.83375610e+02, 5.36074817e-01, 1.60166272e+03, 6.53955444e+02,
       3.45254928e-01 ]
