%YAML:1.0
---
pose_0: !!opencv-matrix
   rows: 2
   cols: 25
   dt: "3f"
   data: [ 0., 0., 0., 0., 0., 0., 9.04075745e+02, 2.97793091e+02,
       2.77279764e-01, 1.07484009e+03, 4.41957550e+02, 7.20373869e-01,
       1.16616882e+03, 5.30391479e+02, 7.78593242e-01, 0., 0., 0., 0.,
       0., 0., 0., 0., 0., 0., 0., 0., 0., 0., 0., 0., 0., 0., 0., 0.,
       0., 0., 0., 0., 0., 0., 0., 0., 0., 0., 0., 0., 0., 0., 0., 0.,
       0., 0., 0., 0., 0., 0., 0., 0., 0., 0., 0., 0., 0., 0., 0., 0.,
       0., 0., 0., 0., 0., 0., 0., 0., 8.30541748e+02, 4.03679932e+02,
       7.28003621e-01, 9.06917236e+02, 3.12515381e+02, 5.06467700e-01,
       0., 0., 0., 0., 0., 0., 0., 0., 0., 9.06922546e+02,
       3.12450287e+02, 7.23105311e-01, 9.74666565e+02, 4.33208405e+02,
       7.24057257e-01, 1.00713953e+03, 5.71482727e+02, 5.56280255e-01,
       1.18952063e+03, 3.33077911e+02, 5.72885990e-01, 1.18662769e+03,
       3.77221161e+02, 6.22064888e-01, 1.33387427e+03, 5.09649017e+02,
       7.88104177e-01, 1.56037708e+03, 5.50811646e+02, 6.13356113e-01,
       1.18956006e+03, 2.86000183e+02, 5.09943843e-01, 1.41328113e+03,
       2.41846436e+02, 4.16557610e-01, 1.54571643e+03, 1.59429520e+02,
       1.88412935e-01, 8.12939575e+02, 4.09596649e+02, 8.17192346e-02,
       8.12947388e+02, 3.88923950e+02, 7.89171278e-01, 0., 0., 0.,
       8.15825195e+02, 3.41973999e+02, 6.58490360e-01, 1.63695813e+03,
       1.12316658e+02, 3.15156490e-01, 1.63690808e+03, 1.09455231e+02,
       3.22354347e-01, 1.65164990e+03, 1.50619247e+02, 5.83293848e-02,
       1.58394788e+03, 6.12733521e+02, 3.26937735e-01, 1.57221216e+03,
       6.03976929e+02, 3.20482105e-01, 1.58697241e+03, 5.30385315e+02,
       5.13717711e-01 ]
