%YAML:1.0
---
pose_0: !!opencv-matrix
   rows: 1
   cols: 25
   dt: "3f"
   data: [ 7.86390625e+02, 4.83215393e+02, 8.69464397e-01,
       8.59917725e+02, 5.53727112e+02, 7.00765073e-01, 8.57038513e+02,
       5.71497681e+02, 5.36279976e-01, 9.06944580e+02, 4.39061493e+02,
       3.59710932e-01, 9.07153931e+02, 3.44878815e+02, 2.99733728e-01,
       8.80583191e+02, 5.24382385e+02, 4.12404418e-01, 1.05130762e+03,
       4.56728424e+02, 4.53864276e-01, 1.16310986e+03, 4.09453613e+02,
       7.66547859e-01, 1.16599268e+03, 5.30362000e+02, 5.74680567e-01,
       1.16602063e+03, 5.77485107e+02, 5.45035541e-01, 1.38388464e+03,
       6.27395020e+02, 7.41146684e-01, 1.56341565e+03, 7.30467529e+02,
       6.35537267e-01, 1.16306201e+03, 4.83228912e+02, 5.90137422e-01,
       1.30736755e+03, 3.83134460e+02, 5.95224023e-01, 1.53684961e+03,
       3.65522003e+02, 5.00740051e-01, 7.65857788e+02, 4.97897644e+02,
       8.20645452e-01, 7.71630676e+02, 4.77257874e+02, 3.77104044e-01,
       7.74570923e+02, 5.33265564e+02, 6.03948951e-01, 0., 0., 0., 0.,
       0., 0., 0., 0., 0., 1.56340625e+03, 3.59583588e+02,
       2.88590521e-01, 1.63096973e+03, 6.92155457e+02, 6.90176308e-01,
       1.61934546e+03, 7.09792969e+02, 5.49388409e-01, 1.57223853e+03,
       7.51091553e+02, 4.69392687e-01 ]
