%YAML:1.0
---
pose_0: !!opencv-matrix
   rows: 1
   cols: 25
   dt: "3f"
   data: [ 7.56935730e+02, 5.24321472e+02, 6.58064723e-01,
       8.39388611e+02, 4.39114258e+02, 5.40847719e-01, 8.33456299e+02,
       4.44917816e+02, 3.55057836e-01, 0., 0., 0., 0., 0., 0.,
       8.51045288e+02, 4.36128174e+02, 6.84243321e-01, 9.92321289e+02,
       4.41994690e+02, 6.95019186e-01, 1.15134045e+03, 4.59730682e+02,
       6.87283695e-01, 1.11603662e+03, 3.91946045e+02, 3.08691353e-01,
       1.10717090e+03, 4.06664368e+02, 1.42848909e-01, 1.33968579e+03,
       4.59759338e+02, 5.39149582e-01, 1.56041968e+03, 4.06675415e+02,
       3.83302867e-01, 1.12778064e+03, 3.68414063e+02, 3.59574735e-01,
       1.34850024e+03, 5.09625397e+02, 7.38830507e-01, 1.61338513e+03,
       4.18490723e+02, 2.44224697e-01, 0., 0., 0., 7.42299011e+02,
       5.06640015e+02, 7.45621741e-01, 0., 0., 0., 7.59769409e+02,
       4.59627350e+02, 6.24740303e-01, 1.68104883e+03, 3.74335846e+02,
       2.43034124e-01, 1.68103284e+03, 3.71411285e+02, 2.21702486e-01,
       1.63397839e+03, 4.09575531e+02, 1.19785920e-01, 1.67523291e+03,
       3.71412933e+02, 1.99635401e-01, 1.66055994e+03, 3.91928436e+02,
       1.20553285e-01, 1.58394971e+03, 3.74323578e+02, 2.49989778e-01 ]
