%YAML:1.0
---
pose_0: !!opencv-matrix
   rows: 1
   cols: 25
   dt: "3f"
   data: [ 7.42233032e+02, 5.09695007e+02, 8.58223796e-01,
       8.59978516e+02, 5.30384155e+02, 7.81168222e-01, 8.57041199e+02,
       6.06863770e+02, 7.29357839e-01, 9.77744080e+02, 6.45127808e+02,
       8.18828464e-01, 1.11605737e+03, 6.89209534e+02, 8.35113764e-01,
       8.68781982e+02, 4.62585449e+02, 6.99132204e-01, 1.01294940e+03,
       4.33014069e+02, 7.39955246e-01, 1.13954993e+03, 3.97796997e+02,
       8.04841161e-01, 1.11889343e+03, 5.30331116e+02, 6.13044024e-01,
       1.11592969e+03, 5.77406250e+02, 6.12407863e-01, 1.30740527e+03,
       5.68535583e+02, 5.39975286e-01, 1.54276611e+03, 5.59741394e+02,
       5.78595161e-01, 1.11895911e+03, 4.80288391e+02, 6.38930738e-01,
       1.31026416e+03, 4.86103912e+02, 7.44437099e-01, 1.52515527e+03,
       4.83225983e+02, 5.33202946e-01, 7.27540100e+02, 5.27428284e+02,
       8.12191069e-01, 7.36281006e+02, 4.95016144e+02, 8.44096065e-01,
       7.42333618e+02, 5.53906738e+02, 6.60587013e-01, 7.62701416e+02,
       4.77296539e+02, 6.65555000e-01, 1.61036206e+03, 4.59732025e+02,
       4.24406171e-01, 1.60457678e+03, 4.56741211e+02, 4.63862985e-01,
       1.55746313e+03, 4.97912659e+02, 3.09242487e-01, 1.61346777e+03,
       5.80361267e+02, 3.09599489e-01, 1.60751196e+03, 5.86237488e+02,
       2.92350799e-01, 1.57217444e+03, 5.50794312e+02, 3.59333396e-01 ]
