%YAML:1.0
---
pose_0: !!opencv-matrix
   rows: 1
   cols: 25
   dt: "3f"
   data: [ 0., 0., 0., 7.39299194e+02, 6.12663269e+02, 4.51984763e-01,
       7.51004333e+02, 7.21620483e+02, 4.25302595e-01, 9.04147461e+02,
       7.71600403e+02, 6.70572519e-01, 1.04523682e+03, 8.56875427e+02,
       8.10393214e-01, 7.59830200e+02, 4.83275665e+02, 2.68881261e-01,
       9.15868530e+02, 4.06673523e+02, 7.04734325e-01, 1.01008197e+03,
       2.88932251e+02, 6.64889097e-01, 1.08652600e+03, 5.56795288e+02,
       3.61808926e-01, 1.08947742e+03, 6.24550415e+02, 3.34400326e-01,
       1.36910474e+03, 6.27477478e+02, 3.22169513e-01, 1.51925671e+03,
       6.18533325e+02, 7.30931759e-02, 1.07191626e+03, 4.91997986e+02,
       3.77025068e-01, 1.32795569e+03, 3.74299896e+02, 7.63377771e-02,
       1.53985876e+03, 2.44749405e+02, 1.55452773e-01, 0., 0., 0., 0.,
       0., 0., 0., 0., 0., 0., 0., 0., 0., 0., 0., 0., 0., 0.,
       1.54569531e+03, 2.41808273e+02, 1.14957169e-01, 1.73117407e+03,
       6.21486572e+02, 5.13240695e-02, 0., 0., 0., 0., 0., 0. ]
