%YAML:1.0
---
pose_0: !!opencv-matrix
   rows: 1
   cols: 25
   dt: "3f"
   data: [ 6.71548950e+02, 4.74291504e+02, 8.01986337e-01,
       7.89243958e+02, 4.68480011e+02, 6.99997425e-01, 7.89418457e+02,
       5.50953918e+02, 6.80383086e-01, 9.18826599e+02, 6.18564575e+02,
       7.28809953e-01, 9.95324219e+02, 6.62691772e+02, 7.76976168e-01,
       7.89212524e+02, 3.85994812e+02, 6.17378116e-01, 9.36473267e+02,
       3.18486145e+02, 7.78424025e-01, 1.07177881e+03, 2.77236267e+02,
       8.30974698e-01, 1.04835559e+03, 5.00892792e+02, 5.84001124e-01,
       1.03950195e+03, 5.50968323e+02, 5.71167111e-01, 1.28379065e+03,
       5.77421448e+02, 7.79501438e-01, 1.53689868e+03, 6.21431641e+02,
       6.26068592e-01, 1.05709863e+03, 4.39083282e+02, 5.45592725e-01,
       1.33673645e+03, 4.39057739e+02, 5.43836236e-01, 1.57516638e+03,
       4.27316345e+02, 4.88036722e-01, 6.56797241e+02, 4.83354797e+02,
       7.17094600e-01, 6.59818909e+02, 4.53679443e+02, 7.77581871e-01,
       6.74518127e+02, 5.03902588e+02, 2.34837368e-01, 6.86289368e+02,
       4.15552795e+02, 5.63691258e-01, 1.66935229e+03, 4.12555298e+02,
       3.71421546e-01, 1.66351575e+03, 4.09533997e+02, 3.99822563e-01,
       1.63402612e+03, 4.39078522e+02, 2.03251064e-01, 1.64281348e+03,
       5.74497131e+02, 6.09860957e-01, 1.63395129e+03, 5.86200989e+02,
       5.02642453e-01, 1.55451111e+03, 6.27484131e+02, 3.61609370e-01 ]
