%YAML:1.0
---
pose_0: !!opencv-matrix
   rows: 1
   cols: 25
   dt: "3f"
   data: [ 7.45125061e+02, 4.83226715e+02, 8.02162766e-01,
       8.77543579e+02, 4.56689209e+02, 5.95360577e-01, 8.83456543e+02,
       5.24332703e+02, 2.90149808e-01, 1.03065710e+03, 5.97940063e+02,
       7.02022552e-01, 9.74694214e+02, 5.62716675e+02, 7.65956581e-01,
       8.65828735e+02, 3.88921234e+02, 6.99022293e-01, 9.54239929e+02,
       3.24266724e+02, 7.83250809e-01, 1.02191125e+03, 3.33090607e+02,
       8.07734668e-01, 1.16307764e+03, 5.06648987e+02, 5.86380780e-01,
       1.15129504e+03, 5.50974060e+02, 5.81492543e-01, 1.31318469e+03,
       5.71421631e+02, 3.46440852e-01, 1.50161230e+03, 5.50828308e+02,
       5.74108303e-01, 1.16899512e+03, 4.56614624e+02, 5.56139231e-01,
       1.36914075e+03, 5.06611420e+02, 7.01151192e-01, 1.57217346e+03,
       4.56657959e+02, 6.69156492e-01, 7.33395569e+02, 4.97859253e+02,
       7.04610765e-01, 7.36233093e+02, 4.59746582e+02, 7.55471051e-01,
       7.56857605e+02, 5.06764008e+02, 9.79373157e-02, 7.59870361e+02,
       4.33219360e+02, 5.45838773e-01, 1.64574036e+03, 4.39036133e+02,
       3.40543032e-01, 1.63706079e+03, 4.36064270e+02, 4.33435172e-01,
       1.58690771e+03, 4.36163025e+02, 2.86066473e-01, 1.49869263e+03,
       6.39211304e+02, 2.99138635e-01, 1.49277271e+03, 6.24479370e+02,
       2.94468910e-01, 1.52218164e+03, 5.30324097e+02, 3.66384804e-01 ]
