%YAML:1.0
---
pose_0: !!opencv-matrix
   rows: 1
   cols: 25
   dt: "3f"
   data: [ 7.42132935e+02, 3.86144775e+02, 8.76649380e-01,
       8.56854370e+02, 3.80193848e+02, 7.33944058e-01, 8.60047058e+02,
       4.50799805e+02, 7.52140641e-01, 9.57112854e+02, 5.47915833e+02,
       8.21120441e-01, 9.54153992e+02, 6.45126526e+02, 8.80122542e-01,
       8.42332764e+02, 3.15334290e+02, 6.70616448e-01, 9.15831787e+02,
       1.56517807e+02, 7.08747268e-01, 8.12826172e+02, 1.53525543e+02,
       8.46294582e-01, 1.11901160e+03, 3.68401794e+02, 5.56630671e-01,
       1.11606775e+03, 4.15586670e+02, 5.52338362e-01, 1.33672363e+03,
       4.36191132e+02, 7.30250597e-01, 1.55456799e+03, 4.68458099e+02,
       6.00639582e-01, 1.12184265e+03, 3.15498352e+02, 5.65711021e-01,
       1.33376416e+03, 3.12375671e+02, 7.15717852e-01, 1.57222864e+03,
       2.88930511e+02, 6.57178223e-01, 7.24593628e+02, 3.97845459e+02,
       7.80733287e-01, 7.27492981e+02, 3.65453888e+02, 8.14493954e-01,
       7.42226013e+02, 4.12717957e+02, 1.36598974e-01, 7.45127075e+02,
       3.38877502e+02, 5.95322073e-01, 1.64280652e+03, 2.53602692e+02,
       4.22718018e-01, 1.63687036e+03, 2.50732803e+02, 4.73489076e-01,
       1.60164270e+03, 2.80081085e+02, 2.48282179e-01, 1.60748511e+03,
       4.83257202e+02, 4.24617887e-01, 0., 0., 0., 1.58983716e+03,
       4.56658539e+02, 4.51611966e-01 ]
