%YAML:1.0
---
pose_0: !!opencv-matrix
   rows: 1
   cols: 25
   dt: "3f"
   data: [ 6.92263550e+02, 5.44979919e+02, 8.11420202e-01,
       7.74538635e+02, 4.68459961e+02, 4.05835658e-01, 7.71615723e+02,
       4.65533875e+02, 3.06152284e-01, 9.33501709e+02, 5.24342834e+02,
       5.32106422e-02, 0., 0., 0., 7.71687195e+02, 4.59807892e+02,
       7.67258883e-01, 9.30703552e+02, 5.21470032e+02, 8.05147529e-01,
       8.12824890e+02, 6.03933472e+02, 7.74576426e-01, 1.09541809e+03,
       4.53750671e+02, 2.10440904e-01, 1.08067993e+03, 4.36074310e+02,
       1.27532408e-01, 1.36321423e+03, 4.83226532e+02, 3.09631199e-01,
       1.63992786e+03, 4.12560883e+02, 2.66342252e-01, 1.13952588e+03,
       4.59704712e+02, 2.67471761e-01, 1.35734900e+03, 4.97854889e+02,
       4.94190216e-01, 1.65753748e+03, 4.15464508e+02, 3.52084786e-01,
       6.74535217e+02, 5.50918640e+02, 7.52387866e-02, 6.74453064e+02,
       5.24426453e+02, 8.04861069e-01, 0., 0., 0., 6.86291992e+02,
       4.71435791e+02, 6.87616587e-01, 1.71057874e+03, 3.50752594e+02,
       3.09578389e-01, 1.71346265e+03, 3.56665649e+02, 2.48945042e-01,
       1.69877771e+03, 4.33219940e+02, 1.52837217e-01, 0., 0., 0., 0.,
       0., 0., 1.70468677e+03, 4.18467804e+02, 5.20745963e-02 ]
