%YAML:1.0
---
pose_0: !!opencv-matrix
   rows: 1
   cols: 25
   dt: "3f"
   data: [ 5.74506592e+02, 4.80327820e+02, 7.50321388e-01,
       7.18593323e+02, 5.53937561e+02, 5.85870802e-01, 7.00983521e+02,
       6.68635864e+02, 4.21170801e-01, 8.33436096e+02, 8.18700623e+02,
       4.67330545e-01, 9.48270630e+02, 9.62920593e+02, 4.34907854e-01,
       7.42148193e+02, 4.53688416e+02, 5.66317499e-01, 8.80505676e+02,
       4.56803406e+02, 6.15487099e-01, 1.04242969e+03, 4.77251282e+02,
       3.03272277e-01, 1.08360266e+03, 5.56792297e+02, 2.57455200e-01,
       1.07477795e+03, 6.24413879e+02, 2.78126001e-01, 1.13072827e+03,
       6.45135315e+02, 1.24422751e-01, 0., 0., 0., 1.07186035e+03,
       4.89106567e+02, 2.68587261e-01, 1.31906897e+03, 3.89081451e+02,
       1.64843142e-01, 1.57807886e+03, 2.94901886e+02, 1.82141528e-01,
       5.47947327e+02, 5.03836212e+02, 7.72475004e-01, 5.53923279e+02,
       4.62570313e+02, 6.81018531e-01, 5.77424866e+02, 5.68509155e+02,
       4.44030225e-01, 5.97898438e+02, 4.41980499e+02, 1.19212456e-01,
       1.65757361e+03, 2.47814224e+02, 1.34503037e-01, 1.65747314e+03,
       2.47801956e+02, 1.41719937e-01, 1.63987451e+03, 2.88936523e+02,
       1.34007692e-01, 0., 0., 0., 0., 0., 0., 0., 0., 0. ]
