%YAML:1.0
---
pose_0: !!opencv-matrix
   rows: 1
   cols: 25
   dt: "3f"
   data: [ 5.92065918e+02, 5.24411865e+02, 5.65369070e-01,
       6.86284668e+02, 6.24410339e+02, 5.03100514e-01, 7.03956116e+02,
       7.36282410e+02, 4.64135557e-01, 8.33460693e+02, 7.95193237e+02,
       2.51324028e-01, 8.83570923e+02, 8.27587708e+02, 5.44761360e-01,
       6.51010437e+02, 5.27421082e+02, 3.75079483e-01, 7.50989502e+02,
       4.86148346e+02, 1.12821452e-01, 7.65682678e+02, 4.80146301e+02,
       7.32973069e-02, 1.04834045e+03, 5.71525330e+02, 3.65021259e-01,
       1.04531165e+03, 6.39198547e+02, 3.61781895e-01, 1.36321887e+03,
       6.48100952e+02, 4.32763815e-01, 1.65456750e+03, 6.01010193e+02,
       3.93193573e-01, 1.04830737e+03, 5.03828705e+02, 3.73490870e-01,
       1.18657520e+03, 4.56697937e+02, 1.22671783e-01, 1.50153418e+03,
       3.47785492e+02, 2.58805364e-01, 5.68564392e+02, 5.33174927e+02,
       4.23858494e-01, 5.77323608e+02, 5.09644958e+02, 3.15895855e-01,
       5.89180420e+02, 5.89141052e+02, 1.88664362e-01, 0., 0., 0., 0.,
       0., 0., 0., 0., 0., 1.52509705e+03, 3.44898010e+02,
       1.98042363e-01, 1.72520215e+03, 5.56767273e+02, 1.19333290e-01,
       1.71933423e+03, 5.68567200e+02, 6.52548522e-02, 1.66643347e+03,
       5.89145386e+02, 1.55024230e-01 ]
