%YAML:1.0
---
pose_0: !!opencv-matrix
   rows: 1
   cols: 25
   dt: "3f"
   data: [ 7.15638184e+02, 3.83030212e+02, 8.50502074e-01,
       8.12773682e+02, 3.44812500e+02, 7.85733819e-01, 8.12824463e+02,
       4.03752502e+02, 5.25905848e-01, 8.74604248e+02, 4.59732788e+02,
       5.75629532e-01, 8.09888489e+02, 4.80123138e+02, 4.71359968e-01,
       8.15850159e+02, 2.74172699e+02, 7.84168124e-01, 8.39374451e+02,
       3.53666046e+02, 7.83976793e-01, 7.83404663e+02, 4.44984833e+02,
       7.22562075e-01, 1.11601331e+03, 4.06606018e+02, 5.60260475e-01,
       1.11008423e+03, 4.56619995e+02, 5.66589475e-01, 1.32784583e+03,
       4.83060272e+02, 8.03187609e-01, 1.59278284e+03, 5.33277100e+02,
       6.35466814e-01, 1.12189453e+03, 3.44862732e+02, 5.17317653e-01,
       1.36908997e+03, 3.35986511e+02, 4.96941388e-01, 1.57221924e+03,
       3.18302063e+02, 6.77307129e-01, 6.95235718e+02, 3.91941528e+02,
       8.07266533e-01, 6.98007813e+02, 3.59620331e+02, 8.34000528e-01,
       7.21568970e+02, 4.09644470e+02, 2.90716171e-01, 7.18591675e+02,
       3.18490204e+02, 5.88808775e-01, 1.63406885e+03, 2.91828644e+02,
       5.37619472e-01, 1.63098987e+03, 2.88930359e+02, 5.62279940e-01,
       1.60162988e+03, 3.18423340e+02, 3.04033101e-01, 1.67817224e+03,
       5.09665436e+02, 3.03803712e-01, 1.66930920e+03, 5.27397461e+02,
       2.55646318e-01, 1.61926477e+03, 5.47920166e+02, 3.18688989e-01 ]
