%YAML:1.0
---
pose_0: !!opencv-matrix
   rows: 2
   cols: 25
   dt: "3f"
   data: [ 0., 0., 0., 0., 0., 0., 9.71778931e+02, 3.65446838e+02,
       2.80039310e-01, 1.06894434e+03, 4.33067261e+02, 8.10318112e-01,
       1.17196252e+03, 5.09643494e+02, 7.23875761e-01, 0., 0., 0., 0.,
       0., 0., 0., 0., 0., 0., 0., 0., 0., 0., 0., 0., 0., 0., 0., 0.,
       0., 0., 0., 0., 0., 0., 0., 0., 0., 0., 0., 0., 0., 0., 0., 0.,
       0., 0., 0., 0., 0., 0., 0., 0., 0., 0., 0., 0., 0., 0., 0., 0.,
       0., 0., 0., 0., 0., 0., 0., 0., 8.04005310e+02, 3.89122589e+02,
       7.02145457e-01, 8.83580505e+02, 3.15459442e+02, 4.06453311e-01,
       8.86401062e+02, 3.03641174e+02, 2.18612507e-01, 9.04048889e+02,
       4.65533325e+02, 8.70713145e-02, 0., 0., 0., 8.74613037e+02,
       3.18347260e+02, 6.22247577e-01, 9.39353821e+02, 4.59750275e+02,
       6.22065783e-01, 9.98345703e+02, 6.21478027e+02, 5.40466547e-01,
       1.18078333e+03, 3.18374634e+02, 5.11088550e-01, 1.16906006e+03,
       3.65418182e+02, 5.54403305e-01, 1.33078333e+03, 5.30378723e+02,
       8.33130181e-01, 1.56043176e+03, 5.62647949e+02, 6.37449563e-01,
       1.18370398e+03, 2.68407654e+02, 3.52374017e-01, 1.41910950e+03,
       2.94723816e+02, 5.97784579e-01, 1.56928760e+03, 1.74157745e+02,
       2.41113529e-01, 7.89312134e+02, 3.89163391e+02, 5.41603193e-02,
       7.89327209e+02, 3.80147919e+02, 7.48861730e-01, 0., 0., 0.,
       8.03973145e+02, 3.33090607e+02, 6.09703541e-01, 1.65752234e+03,
       1.35866837e+02, 1.14761539e-01, 1.64869604e+03, 1.32968063e+02,
       1.27418786e-01, 1.59867322e+03, 1.32945038e+02, 1.63891032e-01,
       1.59574878e+03, 6.18564819e+02, 2.64775038e-01, 1.58395605e+03,
       6.15688538e+02, 2.77150452e-01, 1.58986243e+03, 5.50801453e+02,
       4.47616965e-01 ]
