%YAML:1.0
---
pose_0: !!opencv-matrix
   rows: 1
   cols: 25
   dt: "3f"
   data: [ 7.15576233e+02, 4.89065430e+02, 8.73126268e-01,
       8.36359436e+02, 5.03813660e+02, 7.27186322e-01, 8.45161804e+02,
       5.74380005e+02, 6.58881485e-01, 9.83603271e+02, 6.12667480e+02,
       7.24952221e-01, 1.11605103e+03, 6.65567749e+02, 8.35422277e-01,
       8.33475830e+02, 4.33117157e+02, 6.03715539e-01, 1.00114008e+03,
       3.89160187e+02, 7.60754764e-01, 1.14239893e+03, 3.65412292e+02,
       8.47968102e-01, 1.12775696e+03, 5.03787262e+02, 5.66225171e-01,
       1.12486963e+03, 5.50925964e+02, 6.08467698e-01, 1.33087756e+03,
       6.24456604e+02, 7.69546390e-01, 1.54570044e+03, 6.71703918e+02,
       6.22085333e-01, 1.13067126e+03, 4.53770264e+02, 5.62141776e-01,
       1.32798010e+03, 4.56671783e+02, 7.01383054e-01, 1.56633496e+03,
       4.65556976e+02, 6.16040766e-01, 6.98024780e+02, 5.06676849e+02,
       8.17815244e-01, 7.03926147e+02, 4.77298126e+02, 8.60853553e-01,
       7.15829529e+02, 5.27426758e+02, 5.74422121e-01, 7.33364197e+02,
       4.53665924e+02, 5.43249190e-01, 1.63999866e+03, 4.33232697e+02,
       3.86842936e-01, 1.63702844e+03, 4.33196503e+02, 3.81427914e-01,
       1.59867419e+03, 4.80211609e+02, 2.93826789e-01, 1.62223242e+03,
       6.56800171e+02, 5.04914045e-01, 1.61346582e+03, 6.68691772e+02,
       4.36123133e-01, 1.56923047e+03, 6.89163452e+02, 3.14147800e-01 ]
