%YAML:1.0
---
pose_0: !!opencv-matrix
   rows: 1
   cols: 25
   dt: "3f"
   data: [ 7.71636475e+02, 4.59806458e+02, 6.92538202e-01,
       8.30478577e+02, 5.12659973e+02, 5.14420450e-01, 8.54068359e+02,
       5.47943176e+02, 5.69054604e-01, 1.00999664e+03, 5.53937927e+02,
       4.47204947e-01, 1.13363440e+03, 5.00796051e+02, 4.15107667e-01,
       8.33400635e+02, 4.80291718e+02, 4.95973289e-01, 9.06980469e+02,
       4.80273529e+02, 2.38332808e-01, 9.74631897e+02, 4.59681000e+02,
       3.48501891e-01, 1.16897375e+03, 5.68514221e+02, 2.99786359e-01,
       1.18071802e+03, 5.97956360e+02, 2.23117441e-01, 1.40146936e+03,
       5.09715668e+02, 7.91220427e-01, 1.63994385e+03, 7.15698364e+02,
       5.26198387e-01, 1.16601062e+03, 5.30254700e+02, 3.03585291e-01,
       1.38966516e+03, 4.68441956e+02, 7.32460439e-01, 1.51918701e+03,
       6.27397888e+02, 2.51840949e-01, 7.51059204e+02, 4.77326965e+02,
       6.23133659e-01, 7.62768066e+02, 4.56625519e+02, 2.55548269e-01,
       7.62847656e+02, 5.03798157e+02, 3.69539320e-01, 0., 0., 0., 0.,
       0., 0., 0., 0., 0., 1.49568994e+03, 6.51039551e+02,
       1.79948449e-01, 1.70458582e+03, 7.18687866e+02, 4.62309301e-01,
       1.68407495e+03, 7.39164856e+02, 4.61914718e-01, 1.65168164e+03,
       7.42179321e+02, 2.71677226e-01 ]
