%YAML:1.0
---
pose_0: !!opencv-matrix
   rows: 1
   cols: 25
   dt: "3f"
   data: [ 8.09967896e+02, 5.33177307e+02, 7.98006177e-01,
       8.59948120e+02, 6.00967712e+02, 7.04078317e-01, 8.45218201e+02,
       6.24485291e+02, 4.19189632e-01, 9.27688354e+02, 7.12694153e+02,
       2.24302500e-01, 9.71707947e+02, 7.83368164e+02, 3.74207497e-01,
       8.98187744e+02, 5.74515808e+02, 3.74621928e-01, 9.71785889e+02,
       4.86140869e+02, 6.38827384e-01, 1.01877698e+03, 3.65543610e+02,
       7.28423417e-01, 1.14540234e+03, 6.00842834e+02, 5.40545106e-01,
       1.14838281e+03, 6.45106689e+02, 5.11448920e-01, 1.35737732e+03,
       6.50992249e+02, 7.69253910e-01, 1.55156824e+03, 7.18641479e+02,
       5.89716554e-01, 1.14540771e+03, 5.53736755e+02, 5.66545010e-01,
       1.28669641e+03, 5.06799072e+02, 7.43025303e-01, 1.46923682e+03,
       5.36146729e+02, 4.79911059e-01, 7.92242737e+02, 5.42064697e+02,
       7.94706285e-01, 7.89332092e+02, 5.24416992e+02, 1.67672575e-01,
       8.01038696e+02, 5.74403015e+02, 7.50432014e-01, 0., 0., 0., 0.,
       0., 0., 0., 0., 0., 1.49563000e+03, 5.44974792e+02,
       2.64667630e-01, 1.60460425e+03, 6.98029602e+02, 4.13426816e-01,
       1.59277881e+03, 7.12780212e+02, 3.59165221e-01, 1.57220117e+03,
       7.33368896e+02, 3.74418885e-01 ]
