%YAML:1.0
---
pose_0: !!opencv-matrix
   rows: 1
   cols: 25
   dt: "3f"
   data: [ 6.68668823e+02, 5.30205261e+02, 8.72826219e-01,
       7.74529297e+02, 5.24431152e+02, 6.65702939e-01, 7.77498535e+02,
       5.97876953e+02, 5.72069705e-01, 9.09946289e+02, 6.21516113e+02,
       2.97964841e-01, 9.74658386e+02, 6.18574097e+02, 2.05382049e-01,
       7.80419556e+02, 4.39044647e+02, 6.22181475e-01, 9.15839050e+02,
       3.77222870e+02, 7.40992427e-01, 1.02490820e+03, 3.35988464e+02,
       8.46471608e-01, 1.09535742e+03, 5.09678192e+02, 5.32992303e-01,
       1.08948206e+03, 5.59726074e+02, 5.66482782e-01, 1.26031287e+03,
       5.50919312e+02, 6.74504101e-01, 1.49862439e+03, 5.83307861e+02,
       2.69096166e-01, 1.09830823e+03, 4.53754974e+02, 4.91956830e-01,
       1.32787573e+03, 5.03790619e+02, 5.27967691e-01, 1.58692944e+03,
       5.62688110e+02, 4.01021153e-01, 6.50940857e+02, 5.47955627e+02,
       8.30245495e-01, 6.53934021e+02, 5.06827423e+02, 8.07553351e-01,
       6.71511658e+02, 5.68545410e+02, 2.39155054e-01, 6.74538879e+02,
       4.83146637e+02, 6.28799081e-01, 0., 0., 0., 0., 0., 0.,
       1.59866467e+03, 5.62644775e+02, 2.13912427e-01, 1.51632898e+03,
       6.12724182e+02, 9.83063430e-02, 0., 0., 0., 0., 0., 0. ]
