%YAML:1.0
---
pose_0: !!opencv-matrix
   rows: 1
   cols: 25
   dt: "3f"
   data: [ 7.39242249e+02, 5.09657471e+02, 8.64899397e-01,
       8.59977295e+02, 5.30330078e+02, 7.65031636e-01, 8.59838501e+02,
       6.09725220e+02, 7.03353465e-01, 9.80626099e+02, 6.44925598e+02,
       7.70712972e-01, 1.11897449e+03, 6.71651367e+02, 8.79432857e-01,
       8.68802979e+02, 4.62673157e+02, 6.87529027e-01, 9.98321045e+02,
       4.36012756e+02, 8.64850283e-01, 1.09531152e+03, 3.86162140e+02,
       8.51458549e-01, 1.11590247e+03, 5.33265381e+02, 6.07768238e-01,
       1.11297510e+03, 5.77459351e+02, 6.48693919e-01, 1.30439783e+03,
       5.71395752e+02, 4.67389405e-01, 1.54283923e+03, 5.56791382e+02,
       4.73680049e-01, 1.11299280e+03, 4.83165710e+02, 6.38417542e-01,
       1.29263245e+03, 4.89137390e+02, 6.90620005e-01, 1.58102271e+03,
       4.83164520e+02, 5.09310484e-01, 7.21600769e+02, 5.27449280e+02,
       8.43998253e-01, 7.27481018e+02, 4.94955475e+02, 7.93412209e-01,
       7.39336243e+02, 5.53861450e+02, 6.78085387e-01, 7.56923706e+02,
       4.74378052e+02, 6.43887937e-01, 1.63988745e+03, 4.47872162e+02,
       3.55594635e-01, 1.63409033e+03, 4.50762970e+02, 4.20128018e-01,
       1.61048621e+03, 4.86142120e+02, 2.63198495e-01, 1.61342737e+03,
       5.80327271e+02, 2.23396257e-01, 1.61040271e+03, 5.83239197e+02,
       2.20111176e-01, 1.57220166e+03, 5.56809082e+02, 2.62522608e-01 ]
