%YAML:1.0
---
pose_0: !!opencv-matrix
   rows: 1
   cols: 25
   dt: "3f"
   data: [ 7.56920471e+02, 3.92074036e+02, 8.38982522e-01,
       8.80411072e+02, 4.33124054e+02, 7.62404919e-01, 8.59999634e+02,
       5.18495850e+02, 7.58080602e-01, 9.98339294e+02, 5.50919739e+02,
       8.86325359e-01, 1.04245105e+03, 4.89098450e+02, 7.93931782e-01,
       8.86382813e+02, 3.53660736e+02, 6.42982602e-01, 1.02477917e+03,
       2.91942047e+02, 8.19422483e-01, 1.14239978e+03, 2.44812439e+02,
       8.65398586e-01, 1.14254260e+03, 3.86102234e+02, 5.44694006e-01,
       1.14547070e+03, 4.33239502e+02, 5.73668957e-01, 1.35730261e+03,
       4.80294922e+02, 7.68040299e-01, 1.54269629e+03, 5.56852051e+02,
       6.35422528e-01, 1.13946533e+03, 3.39032318e+02, 5.58692336e-01,
       1.33675500e+03, 3.15282227e+02, 5.41758895e-01, 1.56634058e+03,
       2.97806427e+02, 5.95598757e-01, 7.39281982e+02, 4.12445557e+02,
       8.83863866e-01, 7.45115723e+02, 3.83064270e+02, 8.72862041e-01,
       7.51073486e+02, 4.39051025e+02, 6.89345062e-01, 7.74619751e+02,
       3.65427216e+02, 5.03541708e-01, 1.63992090e+03, 2.91824554e+02,
       5.54513693e-01, 1.63695813e+03, 2.80154083e+02, 5.26606023e-01,
       1.58987903e+03, 2.97800262e+02, 2.84249455e-01, 1.61034790e+03,
       6.00875427e+02, 4.00663853e-01, 1.60161389e+03, 6.00886292e+02,
       4.03558552e-01, 1.57513977e+03, 5.53772705e+02, 4.45753962e-01 ]
