%YAML:1.0
---
pose_0: !!opencv-matrix
   rows: 1
   cols: 25
   dt: "3f"
   data: [ 7.12746643e+02, 4.36020966e+02, 8.19107175e-01,
       8.33536987e+02, 4.56640137e+02, 7.00361609e-01, 8.36435303e+02,
       5.30271057e+02, 6.66789889e-01, 8.92311829e+02, 5.53910156e+02,
       4.20143306e-01, 9.71793823e+02, 5.71534119e+02, 8.33331406e-01,
       8.21641907e+02, 3.83154663e+02, 6.01351380e-01, 8.77544006e+02,
       3.30125183e+02, 4.61981654e-01, 9.27607239e+02, 3.38832214e+02,
       6.00214660e-01, 1.12188977e+03, 4.65587494e+02, 5.62106848e-01,
       1.11596594e+03, 5.18524780e+02, 5.42406738e-01, 1.34550989e+03,
       5.33185486e+02, 7.49435425e-01, 1.49277380e+03, 5.45048401e+02,
       6.09328151e-01, 1.13365308e+03, 4.12494843e+02, 5.52778542e-01,
       1.33675842e+03, 4.27267792e+02, 4.57282662e-01, 1.56923486e+03,
       4.33214783e+02, 4.75109756e-01, 6.95244934e+02, 4.50845764e+02,
       6.72788858e-01, 6.95253235e+02, 4.18401306e+02, 7.74137139e-01,
       7.18599365e+02, 4.74298187e+02, 4.93608356e-01, 7.18787781e+02,
       4.00746582e+02, 5.18665910e-01, 1.63708691e+03, 4.09625763e+02,
       2.33076707e-01, 1.63404932e+03, 4.09545258e+02, 2.74639189e-01,
       1.62222852e+03, 4.44925873e+02, 1.90193519e-01, 1.55745813e+03,
       5.18500488e+02, 1.12141266e-01, 1.53986255e+03, 5.33290710e+02,
       1.03181645e-01, 1.52216370e+03, 5.33244141e+02, 3.72906655e-01 ]
