%YAML:1.0
---
pose_0: !!opencv-matrix
   rows: 1
   cols: 25
   dt: "3f"
   data: [ 7.39108643e+02, 4.74335846e+02, 8.09766173e-01,
       8.42328003e+02, 4.59645447e+02, 6.82137847e-01, 8.59939575e+02,
       5.33306335e+02, 5.57426333e-01, 9.86453491e+02, 5.56820740e+02,
       6.49610400e-01, 1.10421521e+03, 5.97978821e+02, 7.80486584e-01,
       8.30492493e+02, 3.88998962e+02, 6.53198063e-01, 9.57093079e+02,
       3.47880829e+02, 7.61561573e-01, 1.09837354e+03, 3.18542419e+02,
       8.19840372e-01, 1.11597754e+03, 4.62545410e+02, 5.55627286e-01,
       1.11307617e+03, 5.06794067e+02, 6.06018245e-01, 1.31323926e+03,
       5.12571899e+02, 7.05154479e-01, 1.58991272e+03, 5.27269836e+02,
       5.90427756e-01, 1.11306470e+03, 4.09688843e+02, 5.66933632e-01,
       1.33968506e+03, 4.09720917e+02, 5.23562253e-01, 1.55750732e+03,
       4.18414001e+02, 6.26663208e-01, 7.18630432e+02, 4.83331848e+02,
       7.97607720e-01, 7.18718323e+02, 4.53777527e+02, 8.29476297e-01,
       7.39178040e+02, 5.03769165e+02, 1.85293317e-01, 7.39251587e+02,
       4.18462555e+02, 6.00746274e-01, 1.63109534e+03, 4.03733887e+02,
       4.44977045e-01, 1.62807556e+03, 3.97815430e+02, 4.85526919e-01,
       1.58391724e+03, 4.36074005e+02, 3.34130645e-01, 1.67229663e+03,
       5.80321899e+02, 2.73274690e-01, 1.67522192e+03, 5.74491699e+02,
       2.81559050e-01, 1.62224194e+03, 5.03850403e+02, 3.62602472e-01 ]
