%YAML:1.0
---
pose_0: !!opencv-matrix
   rows: 2
   cols: 25
   dt: "3f"
   data: [ 0., 0., 0., 8.06898315e+02, 5.56783325e+02, 2.19255581e-01,
       0., 0., 0., 0., 0., 0., 0., 0., 0., 7.86330139e+02,
       5.71427917e+02, 3.14265102e-01, 9.07068420e+02, 4.80312653e+02,
       2.14626968e-01, 7.65745728e+02, 3.91952087e+02, 3.26388896e-01,
       1.16311670e+03, 5.56786987e+02, 1.98696107e-01, 1.16300854e+03,
       5.53836243e+02, 2.10934773e-01, 1.34266296e+03, 5.30367554e+02,
       7.57942915e-01, 1.65164832e+03, 7.24529541e+02, 5.34327507e-01,
       1.16894751e+03, 5.56764587e+02, 1.56013593e-01, 1.35738525e+03,
       5.21444946e+02, 2.77437925e-01, 1.58693860e+03, 6.62757568e+02,
       1.58011571e-01, 0., 0., 0., 0., 0., 0., 0., 0., 0., 0., 0., 0.,
       0., 0., 0., 0., 0., 0., 0., 0., 0., 1.69873352e+03,
       6.39140991e+02, 1.41085744e-01, 1.70467212e+03, 6.50969971e+02,
       1.21005215e-01, 1.66047485e+03, 7.53973083e+02, 5.16639411e-01,
       0., 0., 0., 0., 0., 0., 7.92228638e+02, 5.59709595e+02,
       3.33827317e-01, 9.04125977e+02, 4.80190399e+02, 1.70571968e-01,
       7.74538269e+02, 3.97876587e+02, 3.51967186e-01, 0., 0., 0., 0.,
       0., 0., 0., 0., 0., 0., 0., 0., 0., 0., 0., 0., 0., 0., 0., 0.,
       0., 0., 0., 0., 0., 0., 0., 0., 0., 0., 0., 0., 0., 0., 0., 0.,
       0., 0., 0., 0., 0., 0., 0., 0., 0., 0., 0., 0., 0., 0., 0., 0.,
       0., 0., 0., 0., 0., 0., 0., 0. ]
