%YAML:1.0
---
pose_0: !!opencv-matrix
   rows: 1
   cols: 25
   dt: "3f"
   data: [ 0., 0., 0., 9.01094788e+02, 4.80152374e+02, 4.47442710e-01,
       8.80510864e+02, 5.24363953e+02, 4.00122344e-01, 8.06919983e+02,
       5.12681213e+02, 4.94465321e-01, 8.86385803e+02, 4.44897491e+02,
       3.18180203e-01, 9.10017212e+02, 4.33153839e+02, 3.11833590e-01,
       9.39402588e+02, 3.91959198e+02, 3.15915287e-01, 8.06885864e+02,
       3.56652161e+02, 4.98862803e-01, 1.11594348e+03, 4.97916748e+02,
       4.75974530e-01, 1.09547241e+03, 5.24396667e+02, 4.15776253e-01,
       1.31323120e+03, 4.62681213e+02, 6.58050358e-01, 1.56926563e+03,
       6.27484192e+02, 4.97064173e-01, 1.12191809e+03, 4.71384583e+02,
       3.34914923e-01, 1.33677673e+03, 4.39113312e+02, 5.07979572e-01,
       1.55750659e+03, 5.09749573e+02, 4.93655384e-01, 0., 0., 0., 0.,
       0., 0., 0., 0., 0., 0., 0., 0., 1.61336340e+03, 4.56718994e+02,
       2.41715491e-01, 1.61040503e+03, 4.59626678e+02, 2.63004124e-01,
       1.57512915e+03, 5.36155701e+02, 2.72221595e-01, 1.63402075e+03,
       6.48048096e+02, 2.78032422e-01, 1.61633704e+03, 6.65712646e+02,
       3.02863389e-01, 1.60753418e+03, 6.56872620e+02, 2.62544006e-01 ]
