%YAML:1.0
---
pose_0: !!opencv-matrix
   rows: 1
   cols: 25
   dt: "3f"
   data: [ 7.12783875e+02, 5.27436646e+02, 8.51222754e-01,
       7.89290771e+02, 5.18543762e+02, 7.66347229e-01, 7.86437500e+02,
       5.86188110e+02, 7.56746769e-01, 9.04080139e+02, 6.27385498e+02,
       5.74304402e-01, 1.02472473e+03, 6.83288086e+02, 7.22499490e-01,
       7.92258850e+02, 4.50768768e+02, 6.85620427e-01, 8.12733826e+02,
       3.03683044e+02, 8.09327781e-01, 6.98146912e+02, 2.44920944e+02,
       8.09141040e-01, 1.04242688e+03, 5.24341675e+02, 5.68971813e-01,
       1.04237610e+03, 5.71446228e+02, 5.55629969e-01, 1.27780786e+03,
       6.00799011e+02, 7.81120658e-01, 1.49573901e+03, 6.27463440e+02,
       6.02916718e-01, 1.04531042e+03, 4.71404175e+02, 5.51533282e-01,
       1.27782532e+03, 4.36019318e+02, 5.12980461e-01, 1.42500940e+03,
       3.94936707e+02, 3.57784837e-01, 6.95147034e+02, 5.42105103e+02,
       7.72802174e-01, 6.95161987e+02, 5.06780762e+02, 8.15441489e-01,
       7.15642944e+02, 5.62646606e+02, 3.97169709e-01, 7.15669373e+02,
       4.80219696e+02, 6.27642870e-01, 1.49277563e+03, 4.36210327e+02,
       1.07312538e-01, 0., 0., 0., 1.45446948e+03, 3.74284149e+02,
       2.13354483e-01, 1.58399280e+03, 6.45080688e+02, 3.74911070e-01,
       0., 0., 0., 1.52218689e+03, 6.27404602e+02, 2.72838533e-01 ]
