%YAML:1.0
---
pose_0: !!opencv-matrix
   rows: 2
   cols: 25
   dt: "3f"
   data: [ 7.74550476e+02, 4.62576599e+02, 2.28810996e-01,
       8.77614868e+02, 5.27315918e+02, 4.97929752e-01, 9.01161682e+02,
       5.00888153e+02, 4.63338375e-01, 9.54249878e+02, 3.97853943e+02,
       6.84962988e-01, 1.01004236e+03, 2.56600525e+02, 7.43388832e-01,
       8.56971069e+02, 5.71506775e+02, 2.04405963e-01, 8.59958313e+02,
       4.36112488e+02, 1.51772022e-01, 0., 0., 0., 1.15130261e+03,
       5.56808838e+02, 5.43034494e-01, 1.14255029e+03, 6.12649292e+02,
       4.91328001e-01, 1.37504089e+03, 6.44954346e+02, 7.67233610e-01,
       1.56042310e+03, 7.18613037e+02, 5.75447738e-01, 1.15716125e+03,
       5.06803040e+02, 5.89356601e-01, 1.33970605e+03, 4.27245239e+02,
       7.14898169e-01, 1.56344482e+03, 4.12589966e+02, 6.76093161e-01,
       7.68673889e+02, 4.65574799e+02, 1.52536646e-01, 0., 0., 0.,
       8.12866821e+02, 4.86145966e+02, 1.36032090e-01, 0., 0., 0.,
       1.58987378e+03, 4.77339355e+02, 5.21625988e-02, 0., 0., 0.,
       1.58985852e+03, 4.12542511e+02, 3.73145878e-01, 1.62227991e+03,
       7.09817932e+02, 4.79589313e-01, 1.61343970e+03, 7.18723816e+02,
       4.47765172e-01, 1.58398352e+03, 7.30420288e+02, 3.47077698e-01,
       0., 0., 0., 0., 0., 0., 0., 0., 0., 0., 0., 0., 0., 0., 0.,
       9.48198730e+02, 4.77227570e+02, 1.56467631e-01, 1.04535339e+03,
       4.39028564e+02, 7.10250080e-01, 1.14260815e+03, 3.88923279e+02,
       8.94139886e-01, 0., 0., 0., 0., 0., 0., 0., 0., 0., 0., 0., 0.,
       0., 0., 0., 0., 0., 0., 0., 0., 0., 0., 0., 0., 0., 0., 0., 0.,
       0., 0., 0., 0., 0., 0., 0., 0., 0., 0., 0., 0., 0., 0., 0., 0.,
       0., 0., 0., 0., 0., 0., 0. ]
