%YAML:1.0
---
pose_0: !!opencv-matrix
   rows: 1
   cols: 25
   dt: "3f"
   data: [ 7.51043335e+02, 3.59604584e+02, 7.92962193e-01,
       8.56919128e+02, 3.56633301e+02, 4.24662769e-01, 8.68753052e+02,
       4.18449707e+02, 3.24804634e-01, 1.02174628e+03, 4.53670380e+02,
       7.99822211e-01, 9.51112122e+02, 5.50790161e+02, 8.76734853e-01,
       8.54037048e+02, 3.15421936e+02, 4.21652436e-01, 1.00708588e+03,
       2.27170425e+02, 7.61195242e-01, 9.06989563e+02, 1.44696899e+02,
       7.02172577e-01, 1.13364905e+03, 3.65470123e+02, 5.58695912e-01,
       1.12779175e+03, 4.12545929e+02, 5.51347613e-01, 1.35431274e+03,
       4.33016296e+02, 6.79983974e-01, 1.56035950e+03, 4.53772644e+02,
       6.00202441e-01, 1.13950854e+03, 3.15424377e+02, 5.08132517e-01,
       1.34553833e+03, 2.97728546e+02, 5.77099323e-01, 1.56634229e+03,
       2.80078339e+02, 5.76263428e-01, 7.39118286e+02, 3.71329132e+02,
       7.29024529e-01, 7.39356873e+02, 3.41825104e+02, 8.39032888e-01,
       7.45146729e+02, 4.00784851e+02, 2.72184730e-01, 7.65653015e+02,
       3.18368317e+02, 4.25835699e-01, 1.63709949e+03, 2.85951630e+02,
       3.76483053e-01, 1.63404211e+03, 2.71309143e+02, 4.18252826e-01,
       1.58986035e+03, 2.71280151e+02, 2.65578777e-01, 1.60749121e+03,
       4.83202362e+02, 3.58557761e-01, 1.60749988e+03, 4.83200806e+02,
       3.67601633e-01, 1.59277588e+03, 4.36165131e+02, 4.78330791e-01 ]
