%YAML:1.0
---
pose_0: !!opencv-matrix
   rows: 1
   cols: 25
   dt: "3f"
   data: [ 7.59839722e+02, 4.15447906e+02, 8.56472969e-01,
       8.80533508e+02, 4.36164429e+02, 7.78987110e-01, 8.83476135e+02,
       5.24333191e+02, 7.55052388e-01, 9.74628113e+02, 6.09796265e+02,
       7.87491679e-01, 1.04530457e+03, 6.71668640e+02, 7.16700256e-01,
       8.68794373e+02, 3.62489105e+02, 6.48938060e-01, 1.01594745e+03,
       2.83018951e+02, 7.63147831e-01, 1.13964575e+03, 2.06585846e+02,
       8.38249087e-01, 1.14246240e+03, 4.39126434e+02, 6.13155782e-01,
       1.13951331e+03, 4.92005188e+02, 6.16609156e-01, 1.33090918e+03,
       5.30282532e+02, 7.86139846e-01, 1.55457507e+03, 5.77362427e+02,
       6.17468238e-01, 1.14544714e+03, 3.86155914e+02, 6.18911266e-01,
       1.33968469e+03, 3.44940369e+02, 3.90511423e-01, 1.52807935e+03,
       3.06558044e+02, 4.15133417e-01, 7.45166565e+02, 4.33213074e+02,
       7.92439759e-01, 7.45203735e+02, 4.00787018e+02, 7.95773506e-01,
       7.65624084e+02, 4.56833252e+02, 5.69281459e-01, 7.68692810e+02,
       3.77279572e+02, 5.58855772e-01, 1.62514575e+03, 2.83024933e+02,
       2.42627412e-01, 1.62219116e+03, 2.77157349e+02, 2.36880243e-01,
       1.55453320e+03, 2.97795105e+02, 2.87743807e-01, 1.60163928e+03,
       5.50951904e+02, 4.87283587e-01, 1.59570105e+03, 5.62681641e+02,
       4.28276360e-01, 1.58694739e+03, 5.92067139e+02, 3.10932249e-01 ]
