%YAML:1.0
---
pose_0: !!opencv-matrix
   rows: 1
   cols: 25
   dt: "3f"
   data: [ 6.24404602e+02, 4.59529785e+02, 8.91323864e-01,
       7.62665955e+02, 5.00807861e+02, 7.18067050e-01, 7.51019165e+02,
       5.89115051e+02, 6.74104452e-01, 8.95230530e+02, 6.68738953e+02,
       7.86903977e-01, 1.00415503e+03, 6.45143066e+02, 8.25890303e-01,
       7.42190918e+02, 4.15525909e+02, 5.33123434e-01, 9.27683228e+02,
       3.65539124e+02, 8.90915453e-01, 7.83423645e+02, 3.83009216e+02,
       8.32177758e-01, 1.06883423e+03, 5.00877747e+02, 5.34276843e-01,
       1.06595496e+03, 5.50883667e+02, 5.56567550e-01, 1.31910034e+03,
       5.50995911e+02, 6.46167874e-01, 1.61045154e+03, 5.56792297e+02,
       5.83706915e-01, 1.06592200e+03, 4.39097839e+02, 5.12170553e-01,
       1.31317371e+03, 4.24310120e+02, 4.31287795e-01, 1.54867957e+03,
       4.27240479e+02, 3.77121508e-01, 6.09764771e+02, 4.80169312e+02,
       7.89674401e-01, 6.12714783e+02, 4.39149933e+02, 7.98171639e-01,
       6.27418335e+02, 5.06833313e+02, 6.76504493e-01, 6.39220093e+02,
       4.21391602e+02, 4.24578696e-01, 1.63699939e+03, 4.12581940e+02,
       2.86110282e-01, 1.63394763e+03, 4.06677612e+02, 3.32051426e-01,
       1.56922986e+03, 4.36070099e+02, 1.62041500e-01, 1.71935925e+03,
       5.53776062e+02, 4.00686771e-01, 1.70471802e+03, 5.71496948e+02,
       3.45649362e-01, 1.63106299e+03, 5.47950745e+02, 3.13613594e-01 ]
