%YAML:1.0
---
pose_0: !!opencv-matrix
   rows: 1
   cols: 25
   dt: "3f"
   data: [ 7.27546204e+02, 5.03782593e+02, 8.78946602e-01,
       8.36318909e+02, 5.47993774e+02, 7.16139972e-01, 8.33530151e+02,
       6.27497803e+02, 6.80485070e-01, 9.54219910e+02, 6.95043579e+02,
       7.91130424e-01, 9.74676819e+02, 5.95022400e+02, 2.99590260e-01,
       8.33352661e+02, 4.74309235e+02, 5.51730394e-01, 9.95317261e+02,
       4.12676331e+02, 5.52732050e-01, 1.12192664e+03, 3.86120117e+02,
       7.42968678e-01, 1.11006409e+03, 5.50900757e+02, 5.52274048e-01,
       1.11007983e+03, 5.98063232e+02, 5.53180218e-01, 1.33969849e+03,
       6.27422668e+02, 7.11228371e-01, 1.55457251e+03, 7.03896667e+02,
       6.06775820e-01, 1.10718579e+03, 4.97907990e+02, 5.52632451e-01,
       1.35731116e+03, 4.80364960e+02, 5.72387636e-01, 1.57220398e+03,
       4.71471802e+02, 6.01551592e-01, 7.12679688e+02, 5.15631714e+02,
       8.48509550e-01, 7.18706360e+02, 4.83314240e+02, 8.57760370e-01,
       7.15809937e+02, 5.53865845e+02, 7.81359375e-01, 7.45204346e+02,
       4.74280060e+02, 1.01447321e-01, 1.63984558e+03, 4.56734497e+02,
       4.71693724e-01, 1.63407288e+03, 4.50821198e+02, 4.90131408e-01,
       1.60752661e+03, 4.80154388e+02, 3.58275473e-01, 1.62809692e+03,
       6.95192932e+02, 5.97631037e-01, 1.61337720e+03, 7.12806519e+02,
       5.62165618e-01, 1.56635339e+03, 7.21579163e+02, 3.60562861e-01 ]
