%YAML:1.0
---
pose_0: !!opencv-matrix
   rows: 1
   cols: 25
   dt: "3f"
   data: [ 6.77429443e+02, 5.42074402e+02, 7.37215281e-01,
       7.68660034e+02, 4.59725464e+02, 5.33080876e-01, 7.51066101e+02,
       4.59643921e+02, 2.94667542e-01, 8.86446533e+02, 5.44972107e+02,
       1.14521958e-01, 8.27565247e+02, 5.83240356e+02, 1.33384004e-01,
       7.89303040e+02, 4.62671326e+02, 5.55761814e-01, 9.03960327e+02,
       5.33335205e+02, 6.95719719e-01, 7.80502014e+02, 6.00889648e+02,
       7.16084063e-01, 1.07184033e+03, 4.53800293e+02, 2.48030946e-01,
       1.06008667e+03, 4.86129089e+02, 1.46723822e-01, 1.35148340e+03,
       4.92031952e+02, 2.66588986e-01, 1.62813293e+03, 4.21366974e+02,
       1.97822973e-01, 1.06889587e+03, 4.15482880e+02, 2.18315601e-01,
       0., 0., 0., 0., 0., 0., 0., 0., 0., 6.68590149e+02,
       5.24369507e+02, 7.93492734e-01, 0., 0., 0., 6.89211426e+02,
       4.77296539e+02, 6.73809111e-01, 0., 0., 0., 0., 0., 0., 0., 0.,
       0., 1.70765125e+03, 3.62586304e+02, 2.06109628e-01,
       1.70760583e+03, 3.74277191e+02, 1.37459084e-01, 0., 0., 0. ]
