%YAML:1.0
---
pose_0: !!opencv-matrix
   rows: 1
   cols: 25
   dt: "3f"
   data: [ 7.42244690e+02, 5.24331604e+02, 1.05739042e-01,
       7.83346375e+02, 4.53687592e+02, 3.33259076e-01, 7.83352966e+02,
       4.53789581e+02, 2.83649713e-01, 0., 0., 0., 0., 0., 0.,
       7.86315186e+02, 4.56661652e+02, 5.87732375e-01, 9.10050476e+02,
       4.33087952e+02, 7.12628782e-01, 1.07487817e+03, 4.77298004e+02,
       7.23965883e-01, 1.05418286e+03, 4.65524994e+02, 1.31980479e-01,
       1.06888232e+03, 5.06736115e+02, 1.01998940e-01, 1.30144934e+03,
       5.71488708e+02, 3.46385300e-01, 1.55747607e+03, 4.18509674e+02,
       1.38819829e-01, 1.03065527e+03, 4.12590607e+02, 2.02769384e-01,
       1.32499841e+03, 4.56608063e+02, 5.95229864e-01, 1.58695752e+03,
       4.15466888e+02, 4.62761611e-01, 0., 0., 0., 7.39187927e+02,
       5.12645508e+02, 1.29753470e-01, 0., 0., 0., 7.15725342e+02,
       4.89061554e+02, 4.19604987e-01, 1.66045752e+03, 4.86168335e+02,
       5.40778935e-02, 0., 0., 0., 1.61634973e+03, 4.03704498e+02,
       1.99404091e-01, 0., 0., 0., 0., 0., 0., 0., 0., 0. ]
