%YAML:1.0
---
pose_0: !!opencv-matrix
   rows: 1
   cols: 25
   dt: "3f"
   data: [ 4.83321167e+02, 5.09745972e+02, 7.27151334e-01,
       6.18578125e+02, 5.36165466e+02, 3.20779592e-01, 5.98012024e+02,
       5.83284180e+02, 1.84624240e-01, 8.18720459e+02, 7.62686401e+02,
       3.36996645e-01, 6.45152039e+02, 6.95055359e+02, 5.22867799e-01,
       6.27436157e+02, 4.74337372e+02, 2.77447224e-01, 8.09904846e+02,
       4.39063507e+02, 7.47585535e-01, 6.03876526e+02, 5.18486328e+02,
       6.31835282e-01, 1.04531641e+03, 5.39138977e+02, 4.27050769e-01,
       1.02479175e+03, 6.06783325e+02, 3.93345833e-01, 1.06304321e+03,
       6.80354492e+02, 2.62444884e-01, 0., 0., 0., 1.04831702e+03,
       4.74379944e+02, 4.12174135e-01, 1.32791016e+03, 4.09661591e+02,
       3.39506000e-01, 1.51924585e+03, 3.91914917e+02, 3.04028004e-01,
       4.59750519e+02, 5.30411133e+02, 7.53669083e-01, 4.77337158e+02,
       4.89070007e+02, 6.85411096e-01, 4.83169312e+02, 5.74299744e+02,
       4.05771255e-01, 5.09672180e+02, 4.68507172e+02, 2.45634750e-01,
       1.63695740e+03, 3.41847717e+02, 6.20083921e-02, 1.63400500e+03,
       3.41991577e+02, 7.66671151e-02, 1.54575610e+03, 3.97858978e+02,
       1.97607860e-01, 0., 0., 0., 0., 0., 0., 0., 0., 0. ]
