%YAML:1.0
---
pose_0: !!opencv-matrix
   rows: 1
   cols: 25
   dt: "3f"
   data: [ 6.45081665e+02, 5.27200195e+02, 8.75394225e-01,
       7.68777832e+02, 5.56785034e+02, 6.92205012e-01, 7.65654480e+02,
       6.27453430e+02, 7.48117924e-01, 9.12884033e+02, 6.51052979e+02,
       7.39373744e-01, 1.07177173e+03, 6.03840454e+02, 7.83714652e-01,
       7.77500244e+02, 4.89076752e+02, 4.82221484e-01, 8.48171326e+02,
       4.74346344e+02, 3.27799320e-01, 7.68662476e+02, 5.27434875e+02,
       4.69209313e-01, 1.08065759e+03, 5.74340515e+02, 4.77557540e-01,
       1.06894263e+03, 6.30323120e+02, 4.87278163e-01, 1.35149634e+03,
       6.27507202e+02, 7.14139402e-01, 1.61634351e+03, 6.89192017e+02,
       5.64579964e-01, 1.09244373e+03, 5.06821899e+02, 4.95376974e-01,
       1.35144324e+03, 4.83117096e+02, 4.93339449e-01, 1.54865442e+03,
       5.30221130e+02, 3.45681220e-01, 6.30326477e+02, 5.47865601e+02,
       7.45317340e-01, 6.36230774e+02, 5.09759094e+02, 7.89521992e-01,
       6.48115662e+02, 5.80327454e+02, 7.14866042e-01, 6.62754700e+02,
       5.00895325e+02, 4.09785092e-01, 1.68104468e+03, 4.71389709e+02,
       3.21249425e-01, 1.67522986e+03, 4.65556824e+02, 3.08728039e-01,
       1.56629456e+03, 5.53797363e+02, 2.04299673e-01, 1.72231384e+03,
       6.24484802e+02, 5.60371876e-01, 1.71935132e+03, 6.36272583e+02,
       4.49364364e-01, 1.63989160e+03, 6.98104492e+02, 3.32473874e-01 ]
