%YAML:1.0
---
pose_0: !!opencv-matrix
   rows: 1
   cols: 25
   dt: "3f"
   data: [ 0., 0., 0., 6.71616699e+02, 5.98001099e+02, 1.68468565e-01,
       0., 0., 0., 0., 0., 0., 0., 0., 0., 6.71545532e+02,
       6.59797424e+02, 1.08680286e-01, 6.24524597e+02, 7.24572998e+02,
       5.60739219e-01, 4.09493988e+02, 6.89121338e+02, 7.12636232e-01,
       1.01297955e+03, 5.94996887e+02, 2.25710839e-01, 1.01591553e+03,
       6.65702209e+02, 2.50144452e-01, 1.35142859e+03, 6.68613770e+02,
       2.99927592e-01, 1.73412097e+03, 6.74479126e+02, 5.11600018e-01,
       1.00416571e+03, 5.21486450e+02, 2.51983166e-01, 1.32784241e+03,
       5.27312683e+02, 3.83264840e-01, 1.72818970e+03, 5.36135376e+02,
       3.15003186e-01, 0., 0., 0., 0., 0., 0., 0., 0., 0., 0., 0., 0.,
       1.82535779e+03, 5.65577209e+02, 1.01381160e-01, 0., 0., 0., 0.,
       0., 0., 1.81354041e+03, 6.89231750e+02, 6.39115870e-02, 0., 0.,
       0., 1.75767664e+03, 6.62764099e+02, 2.85983503e-01 ]
