%YAML:1.0
---
pose_0: !!opencv-matrix
   rows: 1
   cols: 25
   dt: "3f"
   data: [ 7.39301392e+02, 3.42074341e+02, 8.03960383e-01,
       8.62889038e+02, 3.50783142e+02, 5.83789527e-01, 8.71699158e+02,
       4.33072906e+02, 4.73324180e-01, 9.86444031e+02, 4.91998352e+02,
       6.33999050e-01, 8.80467346e+02, 4.59693817e+02, 4.76672053e-01,
       8.68797546e+02, 2.88869232e+02, 5.27988553e-01, 9.98148254e+02,
       2.21110718e+02, 7.29675531e-01, 8.95213562e+02, 1.74046127e+02,
       7.63686061e-01, 1.15722961e+03, 3.65516327e+02, 4.78137493e-01,
       1.15133813e+03, 4.15466705e+02, 4.53682393e-01, 1.32792029e+03,
       4.33205170e+02, 7.01871872e-01, 1.54269836e+03, 4.36037109e+02,
       6.02555275e-01, 1.16602600e+03, 3.15471191e+02, 4.46260750e-01,
       1.33676025e+03, 3.15492096e+02, 5.16106367e-01, 1.54574805e+03,
       2.94902740e+02, 4.65108454e-01, 7.21636536e+02, 3.59493500e+02,
       6.02866769e-01, 7.30426025e+02, 3.35959961e+02, 6.53231561e-01,
       7.39227234e+02, 3.80143188e+02, 2.72668839e-01, 7.53934814e+02,
       3.18385925e+02, 2.88716614e-01, 1.62808948e+03, 2.65358307e+02,
       4.64166343e-01, 1.61932727e+03, 2.65316681e+02, 4.57692981e-01,
       1.58103967e+03, 3.06633911e+02, 1.63472831e-01, 1.61048889e+03,
       4.39010529e+02, 3.91547382e-01, 1.60166602e+03, 4.50773010e+02,
       3.66055846e-01, 1.56632776e+03, 4.18496002e+02, 3.41657192e-01 ]
