%YAML:1.0
---
pose_0: !!opencv-matrix
   rows: 1
   cols: 25
   dt: "3f"
   data: [ 6.83291016e+02, 4.86208435e+02, 8.15644383e-01,
       8.09800720e+02, 5.30353027e+02, 7.25299954e-01, 8.06905701e+02,
       6.24582214e+02, 6.67098880e-01, 9.27596375e+02, 6.98085022e+02,
       8.47688198e-01, 9.89423889e+02, 6.68491272e+02, 8.10669303e-01,
       8.12949951e+02, 4.53723145e+02, 5.99545896e-01, 9.57057861e+02,
       3.89018219e+02, 8.60842407e-01, 8.48120117e+02, 4.12565826e+02,
       7.71000564e-01, 1.07770422e+03, 5.33305176e+02, 5.58653176e-01,
       1.07484644e+03, 5.89113281e+02, 5.58669090e-01, 1.27787708e+03,
       5.92133545e+02, 3.85895312e-01, 1.50745911e+03, 6.00956482e+02,
       2.75167376e-01, 1.07770618e+03, 4.77272980e+02, 5.78924477e-01,
       1.31615051e+03, 4.89048309e+02, 5.98538518e-01, 1.59283557e+03,
       4.83316681e+02, 3.60400021e-01, 6.68482056e+02, 5.06726105e+02,
       8.88310492e-01, 6.71536194e+02, 4.71421509e+02, 8.19405317e-01,
       6.77426331e+02, 5.36142212e+02, 6.51722908e-01, 7.03964539e+02,
       4.47890137e+02, 4.44428861e-01, 1.64875549e+03, 5.95034058e+02,
       7.75962099e-02, 0., 0., 0., 1.60458374e+03, 4.80175323e+02,
       1.99932665e-01, 0., 0., 0., 0., 0., 0., 0., 0., 0. ]
