%YAML:1.0
---
pose_0: !!opencv-matrix
   rows: 1
   cols: 25
   dt: "3f"
   data: [ 7.53955139e+02, 3.89144379e+02, 8.24472368e-01,
       8.36283875e+02, 3.68512299e+02, 7.21516967e-01, 8.12828308e+02,
       4.18488190e+02, 6.63388431e-01, 8.80530212e+02, 4.77222412e+02,
       3.36868882e-01, 9.51100220e+02, 5.03743073e+02, 2.94925302e-01,
       8.57065857e+02, 3.27253204e+02, 6.94180906e-01, 9.68809326e+02,
       3.06602692e+02, 7.61954367e-01, 9.60052124e+02, 4.74374939e+02,
       6.49236321e-01, 1.08655798e+03, 3.83106537e+02, 3.92211676e-01,
       1.09539551e+03, 4.27228119e+02, 3.89635026e-01, 1.35431140e+03,
       4.92019226e+02, 5.72605014e-01, 1.54863354e+03, 5.21431885e+02,
       5.38104415e-01, 1.07482825e+03, 3.24286957e+02, 3.21012080e-01,
       1.35440625e+03, 4.94951538e+02, 2.03605443e-01, 1.54869446e+03,
       5.27283569e+02, 2.86330611e-01, 7.39193604e+02, 4.00741058e+02,
       7.41372943e-01, 7.42267151e+02, 3.68475464e+02, 8.14333081e-01,
       0., 0., 0., 7.65674194e+02, 3.41828949e+02, 7.22707510e-01,
       1.55751233e+03, 5.77412415e+02, 2.14101657e-01, 1.56626672e+03,
       5.74292847e+02, 2.52209723e-01, 1.57811987e+03, 5.06724548e+02,
       2.25030705e-01, 1.56635291e+03, 5.77514526e+02, 3.64437014e-01,
       1.55746411e+03, 5.77330200e+02, 3.33083421e-01, 1.58103040e+03,
       5.03738708e+02, 4.28205401e-01 ]
