%YAML:1.0
---
pose_0: !!opencv-matrix
   rows: 1
   cols: 25
   dt: "3f"
   data: [ 7.30379883e+02, 4.53737335e+02, 8.14850688e-01,
       8.33424438e+02, 5.09730438e+02, 7.00264394e-01, 8.36480408e+02,
       5.98011047e+02, 6.73730075e-01, 9.74669983e+02, 6.24575378e+02,
       8.29752326e-01, 1.08949915e+03, 6.42119385e+02, 8.11061978e-01,
       8.51134216e+02, 4.36188629e+02, 6.52246773e-01, 9.92390991e+02,
       4.09528107e+02, 8.18788528e-01, 1.12196228e+03, 3.65345795e+02,
       8.34352493e-01, 1.11005969e+03, 5.12639099e+02, 5.64424694e-01,
       1.10129614e+03, 5.56873047e+02, 5.79410315e-01, 1.30736792e+03,
       5.50980408e+02, 7.80977905e-01, 1.53974219e+03, 5.56837219e+02,
       5.89035869e-01, 1.11303772e+03, 4.59623108e+02, 5.93625307e-01,
       1.32499402e+03, 4.33251038e+02, 6.17898822e-01, 1.57221655e+03,
       4.36048584e+02, 4.91352350e-01, 7.15580139e+02, 4.59754272e+02,
       8.91628623e-01, 7.18695984e+02, 4.36123962e+02, 8.00004482e-01,
       7.21643860e+02, 4.97962372e+02, 7.32310474e-01, 0., 0., 0.,
       1.66638684e+03, 4.09551605e+02, 2.00440690e-01, 1.66348438e+03,
       4.06641724e+02, 2.19071686e-01, 1.59868677e+03, 4.33188995e+02,
       2.06308052e-01, 1.60455261e+03, 5.36188110e+02, 3.37543130e-01,
       1.58982971e+03, 5.53755249e+02, 3.04903775e-01, 1.56342004e+03,
       5.53916870e+02, 3.48066002e-01 ]
