%YAML:1.0
---
pose_0: !!opencv-matrix
   rows: 1
   cols: 25
   dt: "3f"
   data: [ 7.18721863e+02, 5.33308533e+02, 7.92017579e-01,
       8.24651001e+02, 5.15546753e+02, 5.72161496e-01, 8.30431519e+02,
       5.71415955e+02, 5.35508394e-01, 9.48188538e+02, 6.18605347e+02,
       8.01680267e-01, 8.12976807e+02, 5.92095520e+02, 7.96250701e-01,
       8.12835144e+02, 4.65575226e+02, 5.27605772e-01, 8.39302551e+02,
       4.24307709e+02, 2.29498982e-01, 0., 0., 0., 1.10716455e+03,
       5.36143494e+02, 5.20029902e-01, 1.09544995e+03, 5.92110657e+02,
       5.89842260e-01, 1.26611218e+03, 6.44975769e+02, 3.10389310e-01,
       1.67811353e+03, 5.97955383e+02, 3.04302573e-01, 1.11302466e+03,
       4.74375793e+02, 4.98625338e-01, 1.32493347e+03, 5.50816101e+02,
       6.02734506e-01, 1.66346460e+03, 5.09736908e+02, 4.21095699e-01,
       7.03967346e+02, 5.50798035e+02, 6.95990682e-01, 7.09868469e+02,
       5.18502136e+02, 7.12724447e-01, 7.18760071e+02, 5.65590942e+02,
       9.32198465e-02, 7.21679443e+02, 4.83329498e+02, 4.73696530e-01,
       1.73999036e+03, 4.62614532e+02, 2.56545901e-01, 1.73993213e+03,
       4.62561249e+02, 2.71300107e-01, 1.68409375e+03, 5.33280029e+02,
       2.55322069e-01, 1.75768848e+03, 5.94991760e+02, 5.31159118e-02,
       0., 0., 0., 1.70172681e+03, 5.98005371e+02, 2.38095298e-01 ]
