%YAML:1.0
---
pose_0: !!opencv-matrix
   rows: 1
   cols: 25
   dt: "3f"
   data: [ 7.33373108e+02, 4.33200012e+02, 8.77049446e-01,
       8.54056946e+02, 4.39110718e+02, 6.95805907e-01, 8.62835999e+02,
       5.33206299e+02, 6.49854541e-01, 1.01889661e+03, 5.53931458e+02,
       8.01108241e-01, 1.16612280e+03, 5.77540161e+02, 8.19436669e-01,
       8.59879578e+02, 3.53690033e+02, 6.14714980e-01, 1.00124536e+03,
       3.21381500e+02, 8.23103845e-01, 1.11886804e+03, 2.91851807e+02,
       9.02931988e-01, 1.13958167e+03, 4.44915833e+02, 5.86647987e-01,
       1.13363721e+03, 4.95013672e+02, 5.63350320e-01, 1.35732556e+03,
       5.03767487e+02, 4.14883047e-01, 1.50449170e+03, 4.65528076e+02,
       2.47219265e-01, 1.14249976e+03, 3.88943817e+02, 5.78890741e-01,
       1.36320422e+03, 4.06673187e+02, 4.19177741e-01, 1.58686670e+03,
       4.09626617e+02, 4.41190004e-01, 7.15596069e+02, 4.42026398e+02,
       8.19946051e-01, 7.21701477e+02, 4.09499359e+02, 8.53876770e-01,
       7.30394104e+02, 4.71360474e+02, 2.96680391e-01, 7.59815369e+02,
       3.80148010e+02, 6.24838948e-01, 1.66636243e+03, 3.68471649e+02,
       3.70689005e-01, 1.66046570e+03, 3.68397736e+02, 4.17285323e-01,
       1.61048352e+03, 4.27257233e+02, 2.00113416e-01, 0., 0., 0., 0.,
       0., 0., 1.51920300e+03, 4.62571991e+02, 1.69114664e-01 ]
