%YAML:1.0
---
pose_0: !!opencv-matrix
   rows: 1
   cols: 25
   dt: "3f"
   data: [ 5.24309753e+02, 5.33173462e+02, 6.91793084e-01,
       6.45072266e+02, 5.36193848e+02, 6.22436166e-01, 6.62749634e+02,
       6.03895874e+02, 3.55232507e-01, 6.71602783e+02, 6.95073669e+02,
       5.88751316e-01, 4.53698303e+02, 6.36242371e+02, 7.59325027e-01,
       6.36221008e+02, 4.59709808e+02, 5.58589160e-01, 6.95043884e+02,
       3.85925903e+02, 6.57731533e-01, 4.50799469e+02, 3.88914581e+02,
       7.27853656e-01, 1.01297668e+03, 5.36204590e+02, 4.57673281e-01,
       9.98241028e+02, 6.03908264e+02, 4.77015167e-01, 1.32790161e+03,
       6.27431396e+02, 4.13310856e-01, 1.73413440e+03, 6.71534546e+02,
       4.63356882e-01, 1.01886377e+03, 4.71400848e+02, 4.36024696e-01,
       1.31611523e+03, 4.83093628e+02, 3.60215753e-01, 1.72818237e+03,
       4.97858276e+02, 3.07663471e-01, 5.00853973e+02, 5.53845276e+02,
       7.00275183e-01, 5.03760803e+02, 5.09703430e+02, 6.55837178e-01,
       5.06862946e+02, 5.92034607e+02, 3.00003171e-01, 5.30257996e+02,
       4.83157501e+02, 4.80040550e-01, 1.84301904e+03, 4.53768677e+02,
       1.35759830e-01, 1.84296265e+03, 4.56660370e+02, 1.43108413e-01,
       1.74877454e+03, 5.15586914e+02, 1.51464954e-01, 1.82230017e+03,
       6.74497498e+02, 9.33911055e-02, 0., 0., 0., 1.75469824e+03,
       6.65662292e+02, 2.17973992e-01 ]
