%YAML:1.0
---
pose_0: !!opencv-matrix
   rows: 1
   cols: 25
   dt: "3f"
   data: [ 7.33328979e+02, 3.68373596e+02, 7.38971770e-01,
       8.59974854e+02, 3.62488007e+02, 6.54499292e-01, 8.65833069e+02,
       4.53780823e+02, 5.74096918e-01, 9.98339417e+02, 4.80345490e+02,
       6.47469640e-01, 1.08357288e+03, 5.27364990e+02, 6.75643802e-01,
       8.59908142e+02, 2.68422455e+02, 6.53039098e-01, 1.00117981e+03,
       2.24226944e+02, 8.02273512e-01, 1.11891809e+03, 1.97764832e+02,
       8.62197101e-01, 1.12188599e+03, 3.62527405e+02, 5.49293637e-01,
       1.11598181e+03, 4.12679443e+02, 5.52223921e-01, 1.30437524e+03,
       4.33070862e+02, 7.43845522e-01, 1.58099048e+03, 4.50782715e+02,
       5.42650878e-01, 1.12775269e+03, 3.06551056e+02, 5.07246792e-01,
       1.34557312e+03, 3.12454376e+02, 5.37484229e-01, 1.57518164e+03,
       3.12436035e+02, 6.36397123e-01, 7.18581177e+02, 3.85929230e+02,
       5.96378922e-01, 7.15789063e+02, 3.59523346e+02, 7.64967799e-01,
       7.39229675e+02, 3.97864502e+02, 3.19962233e-01, 7.33349915e+02,
       3.30157074e+02, 4.11559880e-01, 1.63997314e+03, 2.71226959e+02,
       4.80185360e-01, 1.63691870e+03, 2.71252319e+02, 5.09175360e-01,
       1.60746289e+03, 3.09526398e+02, 2.43973672e-01, 1.67224890e+03,
       4.18469208e+02, 2.68701106e-01, 1.66046997e+03, 4.36067719e+02,
       1.86065733e-01, 1.61047192e+03, 4.44924927e+02, 2.82450736e-01 ]
