%YAML:1.0
---
pose_0: !!opencv-matrix
   rows: 1
   cols: 25
   dt: "3f"
   data: [ 8.15852417e+02, 4.09675873e+02, 7.35696554e-01,
       9.04076843e+02, 3.27241089e+02, 4.86787111e-01, 9.03989441e+02,
       3.18418671e+02, 3.07737350e-01, 1.07191138e+03, 4.56776978e+02,
       5.02624869e-01, 1.15428821e+03, 5.44941833e+02, 5.86213589e-01,
       9.03944641e+02, 3.18354309e+02, 6.50301099e-01, 9.42353943e+02,
       4.56658813e+02, 5.58147013e-01, 9.51185669e+02, 6.00899353e+02,
       5.32895148e-01, 1.18670056e+03, 3.44885498e+02, 5.70383668e-01,
       1.18657410e+03, 3.89129730e+02, 6.11169457e-01, 1.32796252e+03,
       5.21464722e+02, 7.62014449e-01, 1.53394641e+03, 5.68523560e+02,
       5.31943202e-01, 1.18952612e+03, 2.97787323e+02, 5.25146842e-01,
       1.40448364e+03, 2.44845062e+02, 5.15261769e-01, 1.58399890e+03,
       1.32943451e+02, 3.49143893e-01, 0., 0., 0., 8.09953430e+02,
       3.97798401e+02, 7.22117066e-01, 0., 0., 0., 8.18708252e+02,
       3.53705048e+02, 6.00212991e-01, 1.63404810e+03, 1.21189453e+02,
       3.43646526e-01, 1.63106335e+03, 1.12384712e+02, 3.49070966e-01,
       0., 0., 0., 1.57223633e+03, 5.33243042e+02, 7.89868832e-02, 0.,
       0., 0., 1.57219287e+03, 5.59765015e+02, 4.01678681e-01 ]
