%YAML:1.0
---
pose_0: !!opencv-matrix
   rows: 1
   cols: 25
   dt: "3f"
   data: [ 6.68671387e+02, 5.12664856e+02, 8.48991990e-01,
       7.98157227e+02, 5.33206299e+02, 7.08169818e-01, 8.03958313e+02,
       6.18485901e+02, 6.93762422e-01, 9.45310181e+02, 6.74584473e+02,
       7.73118377e-01, 1.03947131e+03, 6.68707092e+02, 8.07431400e-01,
       7.95142639e+02, 4.59776611e+02, 6.07970536e-01, 9.51086060e+02,
       4.12527405e+02, 8.72609615e-01, 8.27523743e+02, 4.18404388e+02,
       7.96114922e-01, 1.07771594e+03, 5.30266602e+02, 5.58692694e-01,
       1.07475183e+03, 5.77355469e+02, 5.64826250e-01, 1.30434167e+03,
       6.00914612e+02, 6.23304307e-01, 1.58393774e+03, 6.09728882e+02,
       5.72293401e-01, 1.07774146e+03, 4.77297760e+02, 5.48498929e-01,
       1.33969556e+03, 4.65601257e+02, 5.64711154e-01, 1.54862195e+03,
       4.56651184e+02, 4.58424509e-01, 6.50987183e+02, 5.30238770e+02,
       8.08106720e-01, 6.59733948e+02, 4.94940033e+02, 7.67696619e-01,
       6.71676392e+02, 5.50935059e+02, 4.51109469e-01, 6.89148315e+02,
       4.62589111e+02, 6.32346749e-01, 1.67225854e+03, 4.36079926e+02,
       2.22249106e-01, 1.66929309e+03, 4.33092346e+02, 2.33519301e-01,
       1.56634534e+03, 4.41981720e+02, 2.29053885e-01, 1.66638525e+03,
       6.42123108e+02, 5.00842154e-01, 1.65752026e+03, 6.45136841e+02,
       5.15593052e-01, 1.61044775e+03, 5.89185242e+02, 3.88409793e-01 ]
