%YAML:1.0
---
pose_0: !!opencv-matrix
   rows: 1
   cols: 25
   dt: "3f"
   data: [ 4.86134888e+02, 5.53787415e+02, 1.27167016e-01,
       6.48031494e+02, 5.53933350e+02, 3.23217720e-01, 6.80372498e+02,
       6.00991333e+02, 2.20987514e-01, 7.68692505e+02, 6.98037170e+02,
       7.25527525e-01, 5.97916626e+02, 6.21398987e+02, 4.78751540e-01,
       6.15636841e+02, 5.18485535e+02, 2.15239972e-01, 7.56877441e+02,
       3.94923248e+02, 4.23261017e-01, 5.42053589e+02, 4.56726257e+02,
       5.25805295e-01, 1.02474768e+03, 5.74386292e+02, 3.11066568e-01,
       1.00416815e+03, 6.45036316e+02, 3.39639008e-01, 1.30436377e+03,
       7.00962708e+02, 3.25323313e-01, 1.55746716e+03, 7.21573853e+02,
       1.79432526e-01, 1.04535864e+03, 5.03750031e+02, 2.85126269e-01,
       1.31320544e+03, 5.06821686e+02, 3.17106098e-01, 1.74876379e+03,
       5.33321106e+02, 2.60136485e-01, 4.83217590e+02, 5.62627808e+02,
       9.82727557e-02, 4.86182404e+02, 5.39118835e+02, 7.87085220e-02,
       0., 0., 0., 0., 0., 0., 1.84298315e+03, 4.83282440e+02,
       2.79711783e-01, 1.84000366e+03, 4.83282715e+02, 2.53235251e-01,
       1.79001367e+03, 5.68566345e+02, 1.78976193e-01, 0., 0., 0., 0.,
       0., 0., 1.59572925e+03, 7.24548584e+02, 1.25468969e-01 ]
