%YAML:1.0
---
pose_0: !!opencv-matrix
   rows: 1
   cols: 25
   dt: "3f"
   data: [ 7.89260315e+02, 4.35994598e+02, 8.57331097e-01,
       8.89340393e+02, 4.68498688e+02, 4.73921120e-01, 9.06984497e+02,
       5.42045715e+02, 4.49001521e-01, 1.02178290e+03, 5.97898804e+02,
       5.17843604e-01, 0., 0., 0., 8.60042847e+02, 4.12626678e+02,
       5.60535848e-01, 9.27585144e+02, 3.74299957e+02, 5.82332253e-01,
       1.01003046e+03, 3.56670715e+02, 6.41096115e-01, 1.16017175e+03,
       4.80316681e+02, 5.82561731e-01, 1.15423572e+03, 5.27447205e+02,
       5.80186784e-01, 1.31904224e+03, 5.30266113e+02, 1.65935397e-01,
       1.40143042e+03, 4.74403931e+02, 1.31917670e-01, 1.16598108e+03,
       4.30225464e+02, 5.70948482e-01, 1.35739136e+03, 4.56738800e+02,
       5.92787385e-01, 1.58685437e+03, 4.50776062e+02, 5.59118450e-01,
       7.83351318e+02, 4.50759735e+02, 7.12804377e-01, 7.83423645e+02,
       4.24291748e+02, 6.68545723e-01, 7.89334961e+02, 4.80201813e+02,
       5.25241256e-01, 8.01074707e+02, 4.12632202e+02, 2.48411581e-01,
       1.65168311e+03, 3.97829803e+02, 2.45623887e-01, 1.63992969e+03,
       4.03738647e+02, 2.63572574e-01, 1.63109326e+03, 4.53751221e+02,
       2.45495066e-01, 0., 0., 0., 0., 0., 0., 1.52803052e+03,
       4.97905609e+02, 7.21571818e-02 ]
