%YAML:1.0
---
pose_0: !!opencv-matrix
   rows: 1
   cols: 25
   dt: "3f"
   data: [ 0., 0., 0., 7.80447815e+02, 5.27373901e+02, 2.18932480e-01,
       7.86300964e+02, 5.24414246e+02, 2.90008903e-01, 9.24714111e+02,
       5.33223694e+02, 3.85820329e-01, 1.14251233e+03, 4.56622284e+02,
       2.13825792e-01, 7.74608643e+02, 5.30272888e+02, 3.19315523e-01,
       9.18758423e+02, 5.30250366e+02, 3.15747023e-01, 1.15127563e+03,
       4.53739166e+02, 1.20392025e-01, 1.09542651e+03, 5.80350403e+02,
       3.72042894e-01, 1.08951001e+03, 5.95004822e+02, 3.08534861e-01,
       1.37201367e+03, 5.24303406e+02, 7.22218573e-01, 1.63704163e+03,
       7.09768555e+02, 5.18895566e-01, 1.11597266e+03, 5.62679077e+02,
       2.78296739e-01, 1.36026538e+03, 5.03842987e+02, 2.86069512e-01,
       0., 0., 0., 0., 0., 0., 0., 0., 0., 0., 0., 0., 7.01046265e+02,
       5.62652527e+02, 1.45729586e-01, 0., 0., 0., 0., 0., 0., 0., 0.,
       0., 1.70463184e+03, 6.09736328e+02, 2.95120120e-01,
       1.70754041e+03, 6.18555054e+02, 2.40459502e-01, 1.66045703e+03,
       7.36280212e+02, 4.20527995e-01 ]
