%YAML:1.0
---
pose_0: !!opencv-matrix
   rows: 1
   cols: 25
   dt: "3f"
   data: [ 7.83327148e+02, 5.09783508e+02, 8.25940371e-01,
       8.83505005e+02, 5.09641510e+02, 6.66392982e-01, 8.80589294e+02,
       5.65570862e+02, 5.02245486e-01, 9.71756348e+02, 6.01003845e+02,
       2.03408778e-01, 1.01588080e+03, 6.36253479e+02, 1.79208100e-01,
       8.95260559e+02, 4.56783447e+02, 6.61532760e-01, 1.00414966e+03,
       4.09510559e+02, 8.25473964e-01, 9.07007996e+02, 3.86180511e+02,
       8.81488740e-01, 1.16298486e+03, 5.30207336e+02, 6.06580019e-01,
       1.15720715e+03, 5.74407715e+02, 6.05618298e-01, 1.35134082e+03,
       6.18461487e+02, 6.95380688e-01, 1.52508887e+03, 6.36200684e+02,
       6.32949054e-01, 1.16315442e+03, 4.80192383e+02, 5.77054739e-01,
       1.37795459e+03, 4.62670624e+02, 7.07826257e-01, 1.55157104e+03,
       4.41962097e+02, 6.50730252e-01, 7.62866760e+02, 5.27289307e+02,
       8.31773460e-01, 7.68667053e+02, 4.97863464e+02, 8.01656306e-01,
       7.86249512e+02, 5.45016663e+02, 1.98940724e-01, 7.89391968e+02,
       4.65516937e+02, 5.76301396e-01, 1.61631360e+03, 4.36037354e+02,
       3.56791526e-01, 1.61051477e+03, 4.30146057e+02, 4.29837704e-01,
       1.57512891e+03, 4.33112885e+02, 2.96750486e-01, 1.56921692e+03,
       6.89204102e+02, 5.25540590e-01, 1.57223328e+03, 6.83339478e+02,
       4.84670550e-01, 1.55745544e+03, 6.21461731e+02, 5.26025593e-01 ]
