%YAML:1.0
---
pose_0: !!opencv-matrix
   rows: 1
   cols: 25
   dt: "3f"
   data: [ 7.42243347e+02, 3.89084198e+02, 8.92146885e-01,
       8.68711670e+02, 3.86059662e+02, 7.39313126e-01, 8.83380676e+02,
       4.80166290e+02, 7.45664895e-01, 1.01590991e+03, 5.24308167e+02,
       7.44519532e-01, 1.11603015e+03, 5.65591248e+02, 8.05524349e-01,
       8.65851135e+02, 2.94917572e+02, 6.74732864e-01, 9.71814270e+02,
       1.97753540e+02, 8.47478867e-01, 1.11589856e+03, 1.77071442e+02,
       7.40982413e-01, 1.13362598e+03, 3.62482269e+02, 5.52312791e-01,
       1.13069263e+03, 4.09692444e+02, 5.66846550e-01, 1.34257239e+03,
       4.42063751e+02, 7.38461971e-01, 1.53977380e+03, 5.30409973e+02,
       6.40543282e-01, 1.13365259e+03, 3.03633606e+02, 5.29738009e-01,
       1.33968799e+03, 2.88890472e+02, 5.30083299e-01, 1.56628406e+03,
       2.91879089e+02, 5.62980056e-01, 7.30421448e+02, 4.09582855e+02,
       8.18972826e-01, 7.33414001e+02, 3.68498932e+02, 8.13523829e-01,
       7.42361145e+02, 4.30224457e+02, 3.04437667e-01, 7.56957458e+02,
       3.41955322e+02, 4.30626363e-01, 1.63983948e+03, 2.71223480e+02,
       4.24724251e-01, 1.63689197e+03, 2.68270630e+02, 4.52254385e-01,
       1.60749011e+03, 3.06572784e+02, 2.26526022e-01, 1.61038074e+03,
       5.36220520e+02, 5.03948748e-01, 1.59580396e+03, 5.50872253e+02,
       4.56179380e-01, 1.56334839e+03, 5.30351563e+02, 3.19627970e-01 ]
