%YAML:1.0
---
pose_0: !!opencv-matrix
   rows: 2
   cols: 25
   dt: "3f"
   data: [ 7.33374207e+02, 4.09633606e+02, 8.55612755e-01,
       7.92278564e+02, 4.56780884e+02, 7.05439866e-01, 7.59819702e+02,
       5.03838135e+02, 5.63587666e-01, 6.80379517e+02, 4.68497253e+02,
       4.24008787e-01, 6.71634949e+02, 4.33063721e+02, 3.14204752e-01,
       8.21714539e+02, 4.03723572e+02, 5.88479280e-01, 9.80578491e+02,
       3.62641663e+02, 8.21964622e-01, 1.09844727e+03, 3.00702454e+02,
       7.94370055e-01, 1.10128577e+03, 4.80233917e+02, 5.39577961e-01,
       1.09831091e+03, 5.27408691e+02, 5.41608393e-01, 1.32496680e+03,
       5.30322815e+02, 7.41683781e-01, 1.56635339e+03, 5.56857300e+02,
       6.56267524e-01, 1.10419177e+03, 4.30128174e+02, 4.91371751e-01,
       1.35733313e+03, 3.89097260e+02, 5.84837317e-01, 1.53690833e+03,
       3.91992615e+02, 5.80231488e-01, 7.12707886e+02, 4.15581024e+02,
       7.93387592e-01, 7.18641052e+02, 3.92010956e+02, 3.56188864e-01,
       7.15570129e+02, 4.53766754e+02, 7.70234346e-01, 0., 0., 0.,
       1.61038782e+03, 3.65407318e+02, 5.06274581e-01, 1.60159814e+03,
       3.62464874e+02, 5.36718845e-01, 1.58395837e+03, 3.89075165e+02,
       2.67516881e-01, 1.64582361e+03, 5.50872437e+02, 5.27423263e-01,
       1.63696582e+03, 5.68546448e+02, 5.26621938e-01, 1.58691382e+03,
       5.56746338e+02, 3.22485059e-01, 0., 0., 0., 0., 0., 0.,
       8.33359131e+02, 5.62642334e+02, 3.38936150e-01, 9.62898010e+02,
       6.00990173e+02, 7.65603065e-01, 1.04834241e+03, 5.95044861e+02,
       8.16009760e-01, 0., 0., 0., 0., 0., 0., 0., 0., 0., 0., 0., 0.,
       0., 0., 0., 0., 0., 0., 0., 0., 0., 0., 0., 0., 0., 0., 0., 0.,
       0., 0., 0., 0., 0., 0., 0., 0., 0., 0., 0., 0., 0., 0., 0., 0.,
       0., 0., 0., 0., 0., 0., 0., 0., 0., 0., 0., 0., 0., 0., 0., 0. ]
