%YAML:1.0
---
pose_0: !!opencv-matrix
   rows: 1
   cols: 25
   dt: "3f"
   data: [ 6.74581787e+02, 5.12639221e+02, 8.32622647e-01,
       8.12808167e+02, 5.30400940e+02, 6.48619354e-01, 8.15851501e+02,
       6.21416138e+02, 5.81591904e-01, 9.39419678e+02, 6.45150635e+02,
       3.61116469e-01, 1.11599158e+03, 6.53959229e+02, 2.15533808e-01,
       8.04005005e+02, 4.62553925e+02, 5.74995577e-01, 9.86512939e+02,
       3.86095856e+02, 7.27867246e-01, 1.13662195e+03, 3.30097992e+02,
       6.71258450e-01, 1.09243298e+03, 5.18489014e+02, 5.32492638e-01,
       1.09235706e+03, 5.74323303e+02, 5.76067328e-01, 1.33085132e+03,
       6.36195068e+02, 2.58015692e-01, 1.46036450e+03, 6.27439026e+02,
       4.36684698e-01, 1.09244531e+03, 4.59569000e+02, 5.42530358e-01,
       1.35450293e+03, 4.59764679e+02, 6.79206789e-01, 1.56638916e+03,
       4.18449249e+02, 5.20002484e-01, 6.59825623e+02, 5.27451721e+02,
       8.09488654e-01, 6.68672913e+02, 4.92037842e+02, 8.60836864e-01,
       6.71601685e+02, 5.53724243e+02, 2.81294823e-01, 6.95037415e+02,
       4.65527496e+02, 6.42834544e-01, 1.66055261e+03, 3.86013794e+02,
       3.46013844e-01, 1.66054761e+03, 3.83161560e+02, 3.45487267e-01,
       1.60751550e+03, 4.30212128e+02, 2.46782601e-01, 1.49571973e+03,
       5.74491821e+02, 2.99037695e-01, 1.49267908e+03, 5.83311768e+02,
       2.49531746e-01, 1.49276062e+03, 6.30405945e+02, 2.79413551e-01 ]
