%YAML:1.0
---
pose_0: !!opencv-matrix
   rows: 1
   cols: 25
   dt: "3f"
   data: [ 0., 0., 0., 0., 0., 0., 0., 0., 0., 0., 0., 0., 0., 0., 0.,
       0., 0., 0., 0., 0., 0., 0., 0., 0., 1.05125842e+03,
       6.47967407e+02, 2.67787516e-01, 1.04825793e+03, 7.21648071e+02,
       2.29827553e-01, 0., 0., 0., 0., 0., 0., 1.06884570e+03,
       5.77466919e+02, 2.90221572e-01, 1.30437988e+03, 6.51001221e+02,
       2.07291469e-01, 1.73406287e+03, 6.98042603e+02, 2.75872707e-01,
       0., 0., 0., 0., 0., 0., 0., 0., 0., 0., 0., 0., 1.80470264e+03,
       6.62727844e+02, 1.56639069e-01, 1.80475562e+03, 6.62729187e+02,
       1.51848853e-01, 1.77528833e+03, 7.18649719e+02, 1.51808873e-01,
       0., 0., 0., 0., 0., 0., 0., 0., 0. ]
