%YAML:1.0
---
pose_0: !!opencv-matrix
   rows: 1
   cols: 25
   dt: "3f"
   data: [ 6.33335266e+02, 4.94993469e+02, 7.48835623e-01,
       7.86383789e+02, 4.91998291e+02, 6.37815416e-01, 7.77521423e+02,
       5.89163391e+02, 6.40875995e-01, 9.18825134e+02, 6.68735657e+02,
       8.09057415e-01, 1.08067761e+03, 7.53936157e+02, 7.85690606e-01,
       8.04020935e+02, 3.89012024e+02, 4.18218046e-01, 9.51159973e+02,
       4.03670837e+02, 1.35194883e-01, 1.01882343e+03, 4.18475403e+02,
       7.79925883e-02, 1.08658337e+03, 5.62615662e+02, 4.51336682e-01,
       1.06598071e+03, 6.21582520e+02, 4.44044828e-01, 1.14541516e+03,
       6.71595703e+02, 1.86825931e-01, 1.41913586e+03, 6.27487854e+02,
       6.60328791e-02, 1.09542517e+03, 5.00767914e+02, 3.93634975e-01,
       1.33084497e+03, 5.06688568e+02, 3.97517890e-01, 1.66343140e+03,
       4.89114075e+02, 1.82151482e-01, 6.21392273e+02, 5.15545227e+02,
       7.74856567e-01, 6.18505066e+02, 4.77217743e+02, 7.94818521e-01,
       6.27522461e+02, 5.45039185e+02, 1.32559448e-01, 6.47946106e+02,
       4.36110657e+02, 5.23204505e-01, 1.74585718e+03, 4.59745605e+02,
       7.93195143e-02, 1.74584900e+03, 4.65501465e+02, 8.37621689e-02,
       1.67817297e+03, 5.00831116e+02, 1.61577031e-01, 0., 0., 0., 0.,
       0., 0., 0., 0., 0. ]
