%YAML:1.0
---
pose_0: !!opencv-matrix
   rows: 2
   cols: 25
   dt: "3f"
   data: [ 0., 0., 0., 7.45187073e+02, 5.98028809e+02, 3.27078789e-01,
       7.62842773e+02, 7.12809998e+02, 2.54878789e-01, 9.03994446e+02,
       7.65632019e+02, 5.41802824e-01, 1.07769592e+03, 8.56871521e+02,
       7.84385502e-01, 7.12780884e+02, 5.12619141e+02, 2.47959822e-01,
       9.21737000e+02, 3.86174622e+02, 5.90318382e-01, 1.04835193e+03,
       2.44901199e+02, 5.51137447e-01, 1.09541357e+03, 5.42087769e+02,
       3.26737225e-01, 1.09538403e+03, 6.09779846e+02, 3.12170357e-01,
       1.15720654e+03, 6.47934631e+02, 5.14437668e-02, 1.40146851e+03,
       6.03929260e+02, 5.99363111e-02, 1.08952576e+03, 4.74371094e+02,
       3.40885043e-01, 1.22781934e+03, 4.06653717e+02, 1.24519102e-01,
       1.60750000e+03, 2.00559341e+02, 1.13482825e-01, 0., 0., 0., 0.,
       0., 0., 0., 0., 0., 0., 0., 0., 0., 0., 0., 0., 0., 0.,
       1.61633948e+03, 1.97739182e+02, 9.93918329e-02, 0., 0., 0., 0.,
       0., 0., 0., 0., 0., 6.27419434e+02, 5.06651062e+02,
       6.69543922e-01, 6.74524780e+02, 5.68550171e+02, 1.13757126e-01,
       0., 0., 0., 0., 0., 0., 0., 0., 0., 0., 0., 0., 0., 0., 0., 0.,
       0., 0., 0., 0., 0., 0., 0., 0., 0., 0., 0., 0., 0., 0., 0., 0.,
       0., 0., 0., 0., 0., 0., 0., 6.00877441e+02, 5.15528259e+02,
       5.50369978e-01, 6.12670654e+02, 4.89030853e+02, 4.45391238e-01,
       6.15645569e+02, 5.47937134e+02, 1.75547674e-01, 0., 0., 0., 0.,
       0., 0., 0., 0., 0., 0., 0., 0., 0., 0., 0., 0., 0., 0., 0., 0.,
       0. ]
