%YAML:1.0
---
pose_0: !!opencv-matrix
   rows: 1
   cols: 25
   dt: "3f"
   data: [ 7.33399658e+02, 4.18488617e+02, 7.81859696e-01,
       8.51065735e+02, 4.83086548e+02, 6.59318089e-01, 8.36421814e+02,
       5.53857178e+02, 7.20675230e-01, 9.71706421e+02, 5.97943726e+02,
       8.33475828e-01, 1.05417212e+03, 5.47968384e+02, 8.23582888e-01,
       8.53969238e+02, 4.12496613e+02, 5.22655308e-01, 1.00114709e+03,
       3.68466003e+02, 7.72091389e-01, 1.10426758e+03, 3.09556183e+02,
       7.78572440e-01, 1.11009644e+03, 4.77238617e+02, 5.38196027e-01,
       1.11013452e+03, 5.24423889e+02, 5.51019669e-01, 1.32777795e+03,
       5.36200378e+02, 7.26268888e-01, 1.56041382e+03, 5.74383423e+02,
       6.11206770e-01, 1.11299988e+03, 4.24321289e+02, 5.53546667e-01,
       1.33084570e+03, 4.03727203e+02, 5.69149375e-01, 1.52809583e+03,
       3.86042908e+02, 5.54785252e-01, 7.15784668e+02, 4.39002075e+02,
       8.38124216e-01, 7.18667908e+02, 4.09664276e+02, 8.10914636e-01,
       7.39298950e+02, 4.80212036e+02, 6.31404400e-01, 0., 0., 0.,
       1.61633533e+03, 3.65485382e+02, 5.07248223e-01, 1.61337061e+03,
       3.62440887e+02, 4.99104738e-01, 1.55455994e+03, 3.71376709e+02,
       2.26229668e-01, 1.62810010e+03, 5.50953857e+02, 5.07671952e-01,
       1.61639734e+03, 5.65568665e+02, 4.17924345e-01, 1.58986267e+03,
       5.74449646e+02, 2.47330219e-01 ]
