%YAML:1.0
---
pose_0: !!opencv-matrix
   rows: 1
   cols: 25
   dt: "3f"
   data: [ 6.77499817e+02, 6.01000122e+02, 8.04245830e-01,
       7.89333069e+02, 5.95077637e+02, 7.24251926e-01, 7.74634583e+02,
       6.74583679e+02, 6.25244141e-01, 9.10036011e+02, 7.80426880e+02,
       7.71687865e-01, 8.62929810e+02, 7.42336670e+02, 7.49565184e-01,
       8.06932373e+02, 5.06854858e+02, 5.82376540e-01, 9.80600281e+02,
       4.83308807e+02, 8.14554930e-01, 8.92349915e+02, 4.74362183e+02,
       7.77256608e-01, 1.08359485e+03, 6.71517456e+02, 5.94582856e-01,
       1.06594556e+03, 7.21615601e+02, 5.79334438e-01, 1.30738708e+03,
       7.45148865e+02, 5.94461977e-01, 1.58391882e+03, 7.65783203e+02,
       5.08212268e-01, 1.09537500e+03, 6.18519836e+02, 5.46854496e-01,
       1.33969116e+03, 5.98085632e+02, 6.27029896e-01, 1.58692456e+03,
       5.44978210e+02, 4.85794723e-01, 6.65677612e+02, 6.18556152e+02,
       7.58729160e-01, 6.68503601e+02, 5.80364197e+02, 7.56676137e-01,
       6.80430298e+02, 6.36289490e+02, 2.19443977e-01, 6.83320740e+02,
       5.47994080e+02, 5.56007147e-01, 1.68408423e+03, 5.00884613e+02,
       2.90208578e-01, 1.68112463e+03, 5.00812927e+02, 3.04520547e-01,
       1.61338318e+03, 5.30337219e+02, 2.55045742e-01, 1.66339990e+03,
       7.74558228e+02, 8.02914128e-02, 0., 0., 0., 1.61346558e+03,
       7.68727783e+02, 2.39434734e-01 ]
