%YAML:1.0
---
pose_0: !!opencv-matrix
   rows: 1
   cols: 25
   dt: "3f"
   data: [ 6.95039673e+02, 4.62635986e+02, 8.70505512e-01,
       8.27549866e+02, 4.83220337e+02, 7.54858315e-01, 8.12794067e+02,
       5.62684631e+02, 7.58239388e-01, 9.03944336e+02, 6.71546814e+02,
       8.44402254e-01, 9.54018188e+02, 6.71620972e+02, 7.19998896e-01,
       8.39427612e+02, 4.03722076e+02, 6.12054944e-01, 1.02472498e+03,
       4.15470581e+02, 4.98429149e-01, 1.10421826e+03, 4.12650208e+02,
       8.49942267e-02, 1.11008740e+03, 5.00792084e+02, 5.37073195e-01,
       1.10420459e+03, 5.47845215e+02, 5.30355990e-01, 1.33382642e+03,
       5.30441162e+02, 6.48861706e-01, 1.59283191e+03, 5.65560669e+02,
       5.91029942e-01, 1.11591309e+03, 4.41951904e+02, 5.19670665e-01,
       1.35140320e+03, 4.39010254e+02, 5.79593837e-01, 1.58105286e+03,
       4.71455994e+02, 6.10243380e-01, 6.80386169e+02, 4.83247284e+02,
       7.99061418e-01, 6.83307434e+02, 4.50833374e+02, 8.41162980e-01,
       7.00976379e+02, 5.09715881e+02, 5.51442564e-01, 7.09779236e+02,
       4.18443420e+02, 6.26308382e-01, 1.62521936e+03, 4.33114624e+02,
       5.50023198e-01, 1.61637329e+03, 4.33100525e+02, 6.41147673e-01,
       1.60457727e+03, 4.86160492e+02, 4.81889099e-01, 1.68996179e+03,
       5.50794434e+02, 5.83729506e-01, 1.68112268e+03, 5.56846069e+02,
       4.91827309e-01, 1.61333643e+03, 5.62693237e+02, 3.12755644e-01 ]
