%YAML:1.0
---
pose_0: !!opencv-matrix
   rows: 1
   cols: 25
   dt: "3f"
   data: [ 7.12670166e+02, 5.03717072e+02, 7.59625435e-01,
       8.18694580e+02, 4.56592041e+02, 5.94692290e-01, 8.09850098e+02,
       5.03843475e+02, 4.54587579e-01, 9.60029236e+02, 5.50881714e+02,
       3.04245144e-01, 1.04541260e+03, 5.74273254e+02, 4.17401284e-01,
       8.33508118e+02, 4.09532928e+02, 6.06454611e-01, 9.65920715e+02,
       3.86036407e+02, 6.34102881e-01, 1.12487463e+03, 3.68487915e+02,
       4.93873179e-01, 1.10422339e+03, 4.80148956e+02, 4.40653354e-01,
       1.09832019e+03, 5.12629150e+02, 3.30565214e-01, 1.32787476e+03,
       5.27324341e+02, 2.72832751e-01, 1.58689600e+03, 4.27263794e+02,
       2.99825042e-01, 1.11890076e+03, 4.36081909e+02, 3.89711201e-01,
       1.33970313e+03, 5.06630310e+02, 6.24274433e-01, 1.58991907e+03,
       4.30235779e+02, 3.97892833e-01, 6.92246948e+02, 5.03695221e+02,
       2.60145158e-01, 6.95070496e+02, 4.80312073e+02, 7.76545525e-01,
       0., 0., 0., 7.15679932e+02, 4.36073700e+02, 5.87184131e-01, 0.,
       0., 0., 0., 0., 0., 1.62222058e+03, 3.89052094e+02,
       1.91126272e-01, 0., 0., 0., 0., 0., 0., 1.61341418e+03,
       3.83135620e+02, 1.41527101e-01 ]
