%YAML:1.0
---
pose_0: !!opencv-matrix
   rows: 1
   cols: 25
   dt: "3f"
   data: [ 5.24301819e+02, 5.53794678e+02, 7.85308003e-01,
       6.42165649e+02, 5.39078796e+02, 5.23560584e-01, 6.48103333e+02,
       6.12683044e+02, 3.64200056e-01, 6.83296326e+02, 6.98126953e+02,
       5.74167669e-01, 4.50776428e+02, 6.39115540e+02, 7.56669223e-01,
       6.21470764e+02, 4.68448914e+02, 3.88031512e-01, 7.06863953e+02,
       3.88994415e+02, 5.75683355e-01, 4.71438354e+02, 4.12560547e+02,
       7.60268450e-01, 1.03065833e+03, 5.50912109e+02, 4.33207214e-01,
       1.02174091e+03, 6.21493958e+02, 4.46261734e-01, 1.33081384e+03,
       6.50982544e+02, 2.86932498e-01, 1.73998792e+03, 6.74541870e+02,
       4.13514882e-01, 1.03357251e+03, 4.80275635e+02, 4.08558756e-01,
       1.34259314e+03, 4.97917511e+02, 4.71699387e-01, 1.71055286e+03,
       5.00781006e+02, 5.21262407e-01, 5.00829132e+02, 5.74402954e+02,
       8.19741428e-01, 5.03783539e+02, 5.30196472e+02, 8.07329297e-01,
       5.15616211e+02, 6.00864807e+02, 1.90742657e-01, 5.27275574e+02,
       4.94980896e+02, 4.92434442e-01, 1.81937390e+03, 4.53728638e+02,
       1.79179877e-01, 1.81352295e+03, 4.53724884e+02, 1.79886848e-01,
       1.73699426e+03, 5.21466370e+02, 2.40856051e-01, 1.82830249e+03,
       7.06879639e+02, 6.92976862e-02, 1.82530396e+03, 7.06834045e+02,
       7.96379521e-02, 1.75769482e+03, 6.68623230e+02, 2.50595361e-01 ]
