%YAML:1.0
---
pose_0: !!opencv-matrix
   rows: 1
   cols: 25
   dt: "3f"
   data: [ 6.95068176e+02, 3.86037079e+02, 6.68817520e-01,
       7.89325623e+02, 3.86018524e+02, 2.99116939e-01, 8.12861938e+02,
       4.41960785e+02, 1.62740648e-01, 9.71723389e+02, 5.12660889e+02,
       2.66036272e-01, 1.09834839e+03, 5.50975952e+02, 3.39231491e-01,
       7.65742126e+02, 3.80184753e+02, 1.39287621e-01, 0., 0., 0., 0.,
       0., 0., 1.11304858e+03, 3.62520905e+02, 3.17182958e-01,
       1.12186023e+03, 4.21412689e+02, 3.20021540e-01, 1.34553406e+03,
       4.15476868e+02, 6.90626025e-01, 1.64287805e+03, 4.33034637e+02,
       5.51189959e-01, 1.11301685e+03, 3.09565491e+02, 3.38881850e-01,
       1.35739539e+03, 3.15340485e+02, 5.77074409e-01, 1.55451111e+03,
       3.06548737e+02, 4.79421973e-01, 6.77419922e+02, 3.97817932e+02,
       4.69446748e-01, 6.89120178e+02, 3.71349518e+02, 5.58389843e-01,
       6.89159180e+02, 4.27235229e+02, 2.32548788e-01, 7.01013611e+02,
       3.62392822e+02, 1.73297912e-01, 1.63686768e+03, 2.77193542e+02,
       4.32608485e-01, 1.63400964e+03, 2.74229767e+02, 4.65812445e-01,
       1.57516113e+03, 2.94760376e+02, 2.08798900e-01, 1.75475659e+03,
       4.36112061e+02, 2.33485937e-01, 1.73997327e+03, 4.50776764e+02,
       2.19617799e-01, 1.66343005e+03, 4.15557312e+02, 3.41404468e-01 ]
