%YAML:1.0
---
pose_0: !!opencv-matrix
   rows: 1
   cols: 25
   dt: "3f"
   data: [ 7.33315918e+02, 5.71418579e+02, 8.22589099e-01,
       8.51048462e+02, 5.77413513e+02, 6.79594517e-01, 8.51131348e+02,
       6.47936096e+02, 5.34856319e-01, 9.54168945e+02, 6.80424988e+02,
       2.03711554e-01, 0., 0., 0., 8.57042053e+02, 5.06823334e+02,
       6.10695839e-01, 1.00710895e+03, 4.83086395e+02, 7.27784872e-01,
       1.13660278e+03, 4.59789215e+02, 7.82238245e-01, 1.11009814e+03,
       5.97887756e+02, 5.70392191e-01, 1.10715137e+03, 6.44990601e+02,
       5.80266058e-01, 1.28079944e+03, 6.47937927e+02, 3.00572276e-01,
       1.52214355e+03, 6.45072388e+02, 4.06693727e-01, 1.11592358e+03,
       5.42081604e+02, 5.77667415e-01, 1.32203784e+03, 5.86259460e+02,
       6.37349546e-01, 1.58688342e+03, 6.00840698e+02, 4.66096610e-01,
       7.15744995e+02, 5.80301697e+02, 8.47194195e-01, 7.18766296e+02,
       5.50844421e+02, 8.69044185e-01, 7.36267334e+02, 6.03829102e+02,
       4.42148477e-01, 7.45175720e+02, 5.27418274e+02, 6.31932974e-01,
       1.66058655e+03, 5.56860535e+02, 3.53060484e-01, 1.66054663e+03,
       5.56820557e+02, 3.54058355e-01, 1.61046606e+03, 6.24482910e+02,
       2.43066445e-01, 1.56333203e+03, 6.98130981e+02, 2.22202852e-01,
       1.55452283e+03, 6.95224060e+02, 1.98774084e-01, 1.53981519e+03,
       6.45059143e+02, 1.67915687e-01 ]
