%YAML:1.0
---
pose_0: !!opencv-matrix
   rows: 1
   cols: 25
   dt: "3f"
   data: [ 8.09893311e+02, 3.24250061e+02, 5.20307422e-02,
       8.56949768e+02, 4.27276245e+02, 2.26162940e-01, 7.89307373e+02,
       4.65534363e+02, 1.72980592e-01, 7.21567749e+02, 5.30324219e+02,
       1.59332767e-01, 6.30348022e+02, 5.24371399e+02, 3.92826259e-01,
       9.39386353e+02, 3.88989136e+02, 1.53331399e-01, 0., 0., 0., 0.,
       0., 0., 1.09237878e+03, 5.27357727e+02, 4.01630878e-01,
       1.07186975e+03, 5.94971619e+02, 4.14227098e-01, 1.31911218e+03,
       6.80409302e+02, 5.65077424e-01, 1.56928040e+03, 6.42063965e+02,
       4.10439491e-01, 1.10127820e+03, 4.59688324e+02, 3.46098751e-01,
       1.35441406e+03, 4.59750366e+02, 6.35765195e-01, 1.72522888e+03,
       4.83286041e+02, 4.07775402e-01, 0., 0., 0., 0., 0., 0., 0., 0.,
       0., 0., 0., 0., 1.82242859e+03, 4.62551727e+02, 7.26739019e-02,
       1.81651624e+03, 4.59626862e+02, 8.98878872e-02, 1.74288550e+03,
       5.03862030e+02, 1.86229005e-01, 1.68403442e+03, 6.65649231e+02,
       1.85526222e-01, 0., 0., 0., 1.60160974e+03, 6.21577515e+02,
       2.80791312e-01 ]
