%YAML:1.0
---
pose_0: !!opencv-matrix
   rows: 1
   cols: 25
   dt: "3f"
   data: [ 7.36264282e+02, 4.83238922e+02, 8.74645650e-01,
       8.57078430e+02, 4.92058411e+02, 7.11109400e-01, 8.59900208e+02,
       5.74420166e+02, 7.57300436e-01, 9.71778259e+02, 6.74461426e+02,
       7.64752626e-01, 9.30551208e+02, 6.51033752e+02, 4.59410429e-01,
       8.57077332e+02, 4.18446869e+02, 5.57245672e-01, 9.33497070e+02,
       3.86007690e+02, 2.95186937e-01, 1.01008545e+03, 3.71421722e+02,
       6.03154540e-01, 1.13071094e+03, 4.89079407e+02, 5.42024791e-01,
       1.11904285e+03, 5.36207153e+02, 6.00097775e-01, 1.32790796e+03,
       5.97886658e+02, 7.58260965e-01, 1.53101416e+03, 5.97866638e+02,
       5.77626348e-01, 1.13072290e+03, 4.36022217e+02, 5.66024601e-01,
       1.37205981e+03, 4.53808685e+02, 6.68715656e-01, 1.54867761e+03,
       4.77337921e+02, 5.26038527e-01, 7.18661987e+02, 5.03689392e+02,
       7.63487935e-01, 7.18768188e+02, 4.65495300e+02, 7.98422933e-01,
       7.42165161e+02, 5.21423523e+02, 3.10217947e-01, 7.45224976e+02,
       4.36236664e+02, 5.94754755e-01, 1.62805774e+03, 4.36049683e+02,
       3.94720733e-01, 1.61926294e+03, 4.36027069e+02, 4.12008613e-01,
       1.58101379e+03, 4.94973816e+02, 2.71742404e-01, 1.49567480e+03,
       6.68543274e+02, 4.21955526e-01, 1.49268628e+03, 6.53974915e+02,
       4.08415049e-01, 1.56927051e+03, 5.77413208e+02, 3.87475699e-01 ]
