%YAML:1.0
---
pose_0: !!opencv-matrix
   rows: 1
   cols: 25
   dt: "3f"
   data: [ 6.92183105e+02, 5.30441467e+02, 7.88418472e-01,
       7.65782837e+02, 4.62623627e+02, 5.47192454e-01, 7.59869751e+02,
       4.50837616e+02, 3.43653440e-01, 9.18769836e+02, 5.15573181e+02,
       3.92207801e-01, 8.86384338e+02, 5.98028198e+02, 4.40539718e-01,
       7.83440369e+02, 4.80297821e+02, 5.36610305e-01, 9.21777405e+02,
       5.15597778e+02, 5.53289056e-01, 8.86502930e+02, 6.00982544e+02,
       5.37676752e-01, 1.07477612e+03, 4.33108032e+02, 3.06964725e-01,
       1.07481311e+03, 4.03716492e+02, 1.92703605e-01, 1.37203601e+03,
       4.80228455e+02, 2.33844191e-01, 1.65757031e+03, 4.06655060e+02,
       2.07080469e-01, 1.07777185e+03, 4.53691559e+02, 2.71123350e-01,
       1.37204565e+03, 4.92003571e+02, 4.93427277e-01, 1.66049670e+03,
       4.06697845e+02, 2.84255862e-01, 0., 0., 0., 6.77409424e+02,
       5.15610779e+02, 7.09390819e-01, 0., 0., 0., 6.92261597e+02,
       4.77276428e+02, 6.21451080e-01, 1.72811084e+03, 3.50767487e+02,
       2.06927881e-01, 1.72819604e+03, 3.53735931e+02, 1.72131017e-01,
       1.70759033e+03, 4.18438751e+02, 1.08344577e-01, 0., 0., 0., 0.,
       0., 0., 0., 0., 0. ]
