%YAML:1.0
---
pose_0: !!opencv-matrix
   rows: 1
   cols: 25
   dt: "3f"
   data: [ 7.39119446e+02, 4.41942535e+02, 8.34429622e-01,
       8.09763062e+02, 4.33266571e+02, 7.73433983e-01, 8.09807434e+02,
       4.77298401e+02, 7.15601385e-01, 8.83448181e+02, 5.47905396e+02,
       8.44859302e-01, 7.53971924e+02, 5.12644653e+02, 8.13090086e-01,
       8.04011108e+02, 3.89111237e+02, 6.29838645e-01, 8.89392761e+02,
       3.44919678e+02, 7.42535889e-01, 7.62720032e+02, 3.89073456e+02,
       7.84491181e-01, 1.10129407e+03, 4.56641510e+02, 5.81403732e-01,
       1.09837830e+03, 5.00829315e+02, 5.76039672e-01, 1.31910742e+03,
       4.86234192e+02, 6.56549156e-01, 1.55162195e+03, 5.03711121e+02,
       5.80611050e-01, 1.10132874e+03, 4.06590881e+02, 5.50087392e-01,
       1.32785938e+03, 4.09595764e+02, 6.01021349e-01, 1.54864172e+03,
       4.12657349e+02, 4.81936336e-01, 7.21581665e+02, 4.56637299e+02,
       8.36598277e-01, 7.24492737e+02, 4.30132263e+02, 7.90859044e-01,
       7.39264709e+02, 4.71465729e+02, 2.99470335e-01, 7.39316345e+02,
       4.06654755e+02, 7.55158603e-01, 1.62813855e+03, 3.92026062e+02,
       5.18617868e-01, 1.61932214e+03, 3.89052765e+02, 5.61756134e-01,
       1.57515442e+03, 4.33175446e+02, 3.44808042e-01, 1.63397351e+03,
       5.03796112e+02, 5.20041585e-01, 1.62512024e+03, 5.12650208e+02,
       4.52365398e-01, 1.57806677e+03, 4.86131470e+02, 2.70854920e-01 ]
