%YAML:1.0
---
pose_0: !!opencv-matrix
   rows: 1
   cols: 25
   dt: "3f"
   data: [ 7.53954651e+02, 3.68380096e+02, 8.41718614e-01,
       8.83519165e+02, 3.68453461e+02, 6.87815487e-01, 8.86471863e+02,
       4.47911285e+02, 6.85496509e-01, 1.02772461e+03, 4.59549652e+02,
       7.98005402e-01, 9.54251770e+02, 5.27366028e+02, 8.96359265e-01,
       8.95188049e+02, 2.94786377e+02, 6.31927013e-01, 1.03654089e+03,
       2.59487366e+02, 7.36545742e-01, 9.36522156e+02, 2.00750076e+02,
       7.25322664e-01, 1.16307397e+03, 3.74322052e+02, 5.36238968e-01,
       1.16301965e+03, 4.24346771e+02, 5.52934647e-01, 1.35737805e+03,
       4.38995026e+02, 7.21418977e-01, 1.54279382e+03, 4.65558533e+02,
       6.88685179e-01, 1.16017212e+03, 3.18404694e+02, 5.47553003e-01,
       1.37208081e+03, 3.15451569e+02, 7.21462190e-01, 1.57807312e+03,
       2.91842560e+02, 5.94456494e-01, 7.39272888e+02, 3.86146698e+02,
       8.55262935e-01, 7.42132507e+02, 3.56619812e+02, 8.29979420e-01,
       7.62670044e+02, 4.06670380e+02, 2.78015256e-01, 7.65637512e+02,
       3.24225098e+02, 4.74252760e-01, 1.64582202e+03, 2.71304077e+02,
       3.91028494e-01, 1.63988879e+03, 2.68317444e+02, 4.54763383e-01,
       1.61042432e+03, 2.85991913e+02, 2.14067906e-01, 1.61036768e+03,
       4.80337067e+02, 6.15808845e-01, 1.59280969e+03, 4.89105042e+02,
       5.70631742e-01, 1.56623401e+03, 4.56746368e+02, 4.44227993e-01 ]
