%YAML:1.0
---
pose_0: !!opencv-matrix
   rows: 1
   cols: 25
   dt: "3f"
   data: [ 7.24584106e+02, 5.30430908e+02, 8.51852417e-01,
       8.36476379e+02, 5.77457275e+02, 7.77710974e-01, 8.33397095e+02,
       6.50917542e+02, 7.46935606e-01, 9.71760132e+02, 6.92169128e+02,
       7.81939983e-01, 1.09243250e+03, 7.15537781e+02, 8.46558452e-01,
       8.53977234e+02, 5.09757202e+02, 5.73284984e-01, 9.07124451e+02,
       5.06793823e+02, 1.13704659e-01, 0., 0., 0., 1.11604822e+03,
       5.50859009e+02, 5.36294103e-01, 1.11603894e+03, 6.00817444e+02,
       5.46659827e-01, 1.32785437e+03, 6.21365845e+02, 7.39574552e-01,
       1.55156750e+03, 6.65647095e+02, 6.60138667e-01, 1.11302466e+03,
       4.97876038e+02, 5.17937481e-01, 1.33967102e+03, 4.59740570e+02,
       7.09716856e-01, 1.56044641e+03, 4.44900940e+02, 6.38505101e-01,
       7.12727173e+02, 5.50912476e+02, 8.86209846e-01, 7.18677795e+02,
       5.18505371e+02, 8.34170401e-01, 7.18734070e+02, 5.80323608e+02,
       7.51187801e-01, 7.51002563e+02, 5.06699707e+02, 4.85138208e-01,
       1.64002905e+03, 4.41965179e+02, 2.86550760e-01, 1.63698230e+03,
       4.33164307e+02, 3.14013511e-01, 1.57512146e+03, 4.33113525e+02,
       3.02279383e-01, 1.62807300e+03, 6.68566650e+02, 4.73157883e-01,
       1.61350635e+03, 6.77416260e+02, 4.85098958e-01, 1.57510291e+03,
       6.50996338e+02, 3.53805780e-01 ]
