%YAML:1.0
---
pose_0: !!opencv-matrix
   rows: 1
   cols: 25
   dt: "3f"
   data: [ 6.98004517e+02, 5.30353394e+02, 8.62414122e-01,
       8.24627441e+02, 5.27288696e+02, 7.10615456e-01, 8.39297546e+02,
       5.86194763e+02, 4.85421896e-01, 9.95279114e+02, 6.39156372e+02,
       7.65504897e-01, 8.54028198e+02, 6.03916321e+02, 7.87352502e-01,
       8.12843567e+02, 4.56725189e+02, 6.54264331e-01, 9.42369019e+02,
       3.80122284e+02, 7.49442816e-01, 1.04523145e+03, 3.86154602e+02,
       8.34589362e-01, 1.11896265e+03, 5.62687317e+02, 5.52630484e-01,
       1.11302869e+03, 6.21406555e+02, 5.83191454e-01, 1.35738208e+03,
       6.89129944e+02, 6.08628631e-01, 1.57512317e+03, 6.18508911e+02,
       3.92326593e-01, 1.12776038e+03, 5.03871002e+02, 5.41504562e-01,
       1.32790991e+03, 5.74542847e+02, 6.67311072e-01, 1.65750049e+03,
       5.47894592e+02, 4.47734654e-01, 6.89120422e+02, 5.53774902e+02,
       8.59965742e-01, 6.89135071e+02, 5.09777985e+02, 8.26615989e-01,
       7.00968506e+02, 5.83241272e+02, 1.85210198e-01, 7.06899170e+02,
       4.91978851e+02, 4.44995731e-01, 1.74290637e+03, 4.97844604e+02,
       3.44942451e-01, 1.73704736e+03, 4.97890320e+02, 3.36441576e-01,
       1.67520825e+03, 5.74412048e+02, 2.55550295e-01, 1.70173730e+03,
       6.24431091e+02, 1.11809261e-01, 0., 0., 0., 1.59282654e+03,
       6.03817444e+02, 2.72606820e-01 ]
