%YAML:1.0
---
pose_0: !!opencv-matrix
   rows: 1
   cols: 25
   dt: "3f"
   data: [ 7.00992371e+02, 3.15510284e+02, 7.58631706e-01,
       7.71621643e+02, 2.44823441e+02, 4.34355319e-01, 7.80425842e+02,
       3.21283234e+02, 3.16024780e-01, 8.98146118e+02, 3.38988190e+02,
       1.11840576e-01, 8.98134644e+02, 3.85923309e+02, 1.07775211e-01,
       7.65723022e+02, 1.53587463e+02, 3.06877434e-01, 9.77650330e+02,
       2.18268738e+02, 6.47837281e-01, 9.27636230e+02, 3.65549225e+02,
       7.69509137e-01, 1.06302148e+03, 2.91836212e+02, 2.40759298e-01,
       1.05419165e+03, 3.12466248e+02, 1.98103771e-01, 1.24258386e+03,
       3.15502808e+02, 7.54148141e-02, 0., 0., 0., 1.07186279e+03,
       2.80095520e+02, 1.72730669e-01, 1.21316797e+03, 3.18391663e+02,
       1.00711823e-01, 1.38678601e+03, 2.94916901e+02, 1.99947536e-01,
       6.92026917e+02, 3.18395874e+02, 5.45749962e-01, 6.92052673e+02,
       2.94912598e+02, 6.98678672e-01, 0., 0., 0., 6.95101501e+02,
       2.47810318e+02, 4.49660361e-01, 0., 0., 0., 0., 0., 0., 0., 0.,
       0., 0., 0., 0., 0., 0., 0., 0., 0., 0. ]
