%YAML:1.0
---
pose_0: !!opencv-matrix
   rows: 1
   cols: 25
   dt: "3f"
   data: [ 7.56865845e+02, 3.62380188e+02, 8.19346905e-01,
       8.74663879e+02, 3.97828033e+02, 6.90550804e-01, 8.59935242e+02,
       4.83293854e+02, 7.86893606e-01, 9.98307251e+02, 5.15538025e+02,
       8.23823154e-01, 1.05423010e+03, 4.50855133e+02, 8.26256156e-01,
       8.83602905e+02, 3.18335541e+02, 6.72752500e-01, 1.02485205e+03,
       2.68370117e+02, 7.13929415e-01, 1.16312659e+03, 2.18210022e+02,
       7.49786496e-01, 1.12482373e+03, 3.62487885e+02, 6.14165902e-01,
       1.12777478e+03, 4.09561737e+02, 6.00803375e-01, 1.35140125e+03,
       4.42029663e+02, 7.19245613e-01, 1.53982031e+03, 5.36201538e+02,
       6.04615450e-01, 1.12776355e+03, 3.15327454e+02, 5.77441156e-01,
       1.35136633e+03, 2.88824219e+02, 6.72352314e-01, 1.58098999e+03,
       2.83041687e+02, 6.26572311e-01, 7.39315796e+02, 3.74309662e+02,
       8.18863094e-01, 7.42271851e+02, 3.41842407e+02, 8.57466996e-01,
       7.59770996e+02, 4.00795593e+02, 6.63408875e-01, 7.65823486e+02,
       3.21356964e+02, 3.82316470e-01, 1.64291663e+03, 2.65337738e+02,
       4.31650490e-01, 1.63704395e+03, 2.56580475e+02, 4.77153629e-01,
       1.60745923e+03, 2.91812103e+02, 3.26840013e-01, 1.61345117e+03,
       5.36124878e+02, 4.95474428e-01, 1.60754370e+03, 5.50869202e+02,
       4.31189299e-01, 1.56337036e+03, 5.53786133e+02, 3.27283084e-01 ]
