%YAML:1.0
---
pose_0: !!opencv-matrix
   rows: 1
   cols: 25
   dt: "3f"
   data: [ 7.18617493e+02, 5.00852448e+02, 8.38538647e-01,
       8.06940125e+02, 4.33089569e+02, 4.61067259e-01, 7.98149353e+02,
       4.27264557e+02, 3.18130523e-01, 9.74704834e+02, 4.65527863e+02,
       9.58295465e-02, 1.02181744e+03, 5.65616150e+02, 1.06650487e-01,
       8.09825256e+02, 4.33236359e+02, 7.59278893e-01, 9.60055542e+02,
       4.65566833e+02, 6.43227041e-01, 1.02476880e+03, 5.77393127e+02,
       6.76651299e-01, 1.12190417e+03, 3.97857788e+02, 3.30494642e-01,
       1.11892810e+03, 4.00749908e+02, 1.90036073e-01, 1.35147510e+03,
       4.65550507e+02, 6.11457229e-01, 1.58689404e+03, 4.06618103e+02,
       3.20027739e-01, 1.13948840e+03, 3.94933746e+02, 3.16839039e-01,
       1.33972717e+03, 4.89139526e+02, 6.22162461e-01, 1.63099646e+03,
       3.97854889e+02, 4.08541650e-01, 6.98184204e+02, 4.97933136e+02,
       1.89444661e-01, 7.09843567e+02, 4.80257996e+02, 7.90037990e-01,
       0., 0., 0., 7.27512390e+02, 4.36207123e+02, 6.12868547e-01,
       1.70468030e+03, 3.62586395e+02, 2.48694718e-01, 1.69877209e+03,
       3.65391052e+02, 2.40155846e-01, 0., 0., 0., 0., 0., 0., 0., 0.,
       0., 1.58982849e+03, 3.62598602e+02, 1.90862671e-01 ]
