%YAML:1.0
---
pose_0: !!opencv-matrix
   rows: 1
   cols: 25
   dt: "3f"
   data: [ 0., 0., 0., 8.65785461e+02, 4.86126129e+02, 2.56887078e-01,
       8.27534424e+02, 5.30290405e+02, 4.91928488e-01, 9.27635620e+02,
       6.18561646e+02, 5.18307328e-01, 9.80644775e+02, 5.98034851e+02,
       4.18894827e-01, 9.04105164e+02, 4.53727325e+02, 1.71054348e-01,
       0., 0., 0., 0., 0., 0., 1.15716589e+03, 5.56775696e+02,
       4.40177381e-01, 1.15421912e+03, 5.95033325e+02, 3.63312900e-01,
       1.33092395e+03, 5.53751648e+02, 8.11765552e-01, 1.63405762e+03,
       7.15636902e+02, 4.53426063e-01, 1.16305750e+03, 5.21416077e+02,
       4.06669259e-01, 1.37489978e+03, 4.71366943e+02, 7.14906871e-01,
       1.57514819e+03, 5.89119019e+02, 6.07034564e-01, 0., 0., 0., 0.,
       0., 0., 0., 0., 0., 0., 0., 0., 1.70469971e+03, 6.21495300e+02,
       2.02142075e-01, 1.70458154e+03, 6.18564209e+02, 1.96891680e-01,
       1.58993066e+03, 6.21457703e+02, 5.19530654e-01, 1.70458545e+03,
       6.53962402e+02, 2.08273917e-01, 1.68100464e+03, 7.33310791e+02,
       1.39263451e-01, 1.67228174e+03, 7.45131409e+02, 2.73202658e-01 ]
