%YAML:1.0
---
pose_0: !!opencv-matrix
   rows: 1
   cols: 25
   dt: "3f"
   data: [ 6.27483643e+02, 5.15556702e+02, 2.78521687e-01,
       7.18634094e+02, 4.80175659e+02, 2.79049367e-01, 6.98096008e+02,
       5.36174011e+02, 1.32793099e-01, 0., 0., 0., 0., 0., 0.,
       7.59789795e+02, 3.91949036e+02, 4.39658701e-01, 8.89354309e+02,
       3.41964233e+02, 6.17676437e-01, 1.02176288e+03, 2.86046539e+02,
       7.98291981e-01, 1.07483569e+03, 5.59696777e+02, 4.69036072e-01,
       1.06595532e+03, 6.24474060e+02, 4.47986156e-01, 1.33382825e+03,
       6.48124084e+02, 5.92323005e-01, 1.67819287e+03, 6.83314148e+02,
       6.04157209e-01, 1.09240833e+03, 4.97951050e+02, 4.40361053e-01,
       1.37805518e+03, 5.30244080e+02, 6.84158325e-01, 1.60753198e+03,
       4.80267242e+02, 5.17639756e-01, 6.24406616e+02, 5.27348206e+02,
       2.18464911e-01, 6.21535583e+02, 5.12593994e+02, 1.94503099e-01,
       6.36250000e+02, 5.33246765e+02, 1.02633961e-01, 6.18533325e+02,
       4.91984863e+02, 2.57059872e-01, 1.70757080e+03, 4.50788727e+02,
       4.77101415e-01, 1.70459216e+03, 4.47848053e+02, 5.18820822e-01,
       1.70169788e+03, 4.86113190e+02, 2.03816310e-01, 1.78121533e+03,
       6.89242126e+02, 1.20527178e-01, 0., 0., 0., 1.69876904e+03,
       6.71550110e+02, 3.27116668e-01 ]
