%YAML:1.0
---
pose_0: !!opencv-matrix
   rows: 1
   cols: 25
   dt: "3f"
   data: [ 8.04051819e+02, 4.24356995e+02, 6.87361181e-01,
       8.15750183e+02, 4.94988129e+02, 6.57823205e-01, 8.15852295e+02,
       4.80260101e+02, 4.67444927e-01, 9.60003845e+02, 4.41990112e+02,
       3.40128064e-01, 0., 0., 0., 7.89242310e+02, 5.03778625e+02,
       3.70478094e-01, 9.09988586e+02, 4.56774445e+02, 1.76790506e-01,
       0., 0., 0., 1.10420935e+03, 4.53748962e+02, 2.05362082e-01, 0.,
       0., 0., 0., 0., 0., 0., 0., 0., 1.11598462e+03, 4.56718842e+02,
       1.72616199e-01, 1.35731470e+03, 5.33249390e+02, 1.33132160e-01,
       1.51622815e+03, 6.68629883e+02, 1.27067596e-01, 7.86219849e+02,
       4.30153595e+02, 7.21176863e-01, 7.86342285e+02, 4.09709137e+02,
       1.23411529e-01, 7.80485962e+02, 4.56722137e+02, 6.13591135e-01,
       0., 0., 0., 1.61056152e+03, 6.89229614e+02, 1.97489321e-01,
       1.61345190e+03, 6.80416687e+02, 1.75781623e-01, 0., 0., 0., 0.,
       0., 0., 0., 0., 0., 0., 0., 0. ]
