%YAML:1.0
---
pose_0: !!opencv-matrix
   rows: 1
   cols: 25
   dt: "3f"
   data: [ 6.74601074e+02, 5.47831116e+02, 8.05966258e-01,
       8.12807922e+02, 5.33245972e+02, 6.86919272e-01, 8.18771301e+02,
       6.21512573e+02, 4.30650204e-01, 9.21712830e+02, 7.53931824e+02,
       7.76458502e-01, 8.30434631e+02, 6.92187744e+02, 7.17063785e-01,
       8.09865234e+02, 4.62626190e+02, 5.81152380e-01, 9.68805176e+02,
       4.09479065e+02, 7.49348044e-01, 1.06899426e+03, 4.12509186e+02,
       8.81336927e-01, 1.09541980e+03, 5.65572205e+02, 5.45852661e-01,
       1.08943445e+03, 6.18610046e+02, 5.42927265e-01, 1.29551074e+03,
       6.18505737e+02, 2.55014122e-01, 1.59871130e+03, 6.00904114e+02,
       3.64493489e-01, 1.09836707e+03, 5.03788727e+02, 5.35071552e-01,
       1.26906104e+03, 5.12642273e+02, 5.84502757e-01, 1.51920862e+03,
       5.24384521e+02, 1.31487280e-01, 6.65725403e+02, 5.62611145e+02,
       7.89872408e-01, 6.68472534e+02, 5.27221252e+02, 8.45689774e-01,
       6.86303772e+02, 5.77419067e+02, 2.27343395e-01, 6.89215088e+02,
       4.97919739e+02, 5.10210097e-01, 1.68399585e+03, 6.15594910e+02,
       5.35466783e-02, 0., 0., 0., 1.61635156e+03, 5.24411804e+02,
       1.46024317e-01, 1.69582349e+03, 5.95026001e+02, 3.24011683e-01,
       1.68119629e+03, 6.03901001e+02, 2.94456720e-01, 1.61635950e+03,
       6.00926758e+02, 1.83203787e-01 ]
