%YAML:1.0
---
pose_0: !!opencv-matrix
   rows: 1
   cols: 25
   dt: "3f"
   data: [ 7.39162476e+02, 3.88946564e+02, 8.92243028e-01,
       8.59893127e+02, 4.12488251e+02, 7.96319842e-01, 8.57049927e+02,
       4.92032806e+02, 7.63271034e-01, 9.80702881e+02, 5.50755249e+02,
       8.04075062e-01, 9.80587708e+02, 5.95085083e+02, 8.26302409e-01,
       8.59864197e+02, 3.36053772e+02, 6.60195231e-01, 9.80673889e+02,
       2.94792847e+02, 7.78792560e-01, 1.04837805e+03, 2.47800766e+02,
       9.09789503e-01, 1.13070410e+03, 4.33191254e+02, 5.91302514e-01,
       1.12480432e+03, 4.83088654e+02, 5.88801980e-01, 1.33082544e+03,
       4.91982330e+02, 6.80110991e-01, 1.54571960e+03, 5.39073425e+02,
       6.03247523e-01, 1.13660400e+03, 3.83044189e+02, 5.78749776e-01,
       1.35444287e+03, 3.36022186e+02, 5.91885567e-01, 1.56335376e+03,
       2.97860413e+02, 6.17554009e-01, 7.21689026e+02, 4.03685211e+02,
       7.62835026e-01, 7.24545654e+02, 3.68437866e+02, 7.95077741e-01,
       7.39328735e+02, 4.27240662e+02, 6.23134673e-01, 7.48124146e+02,
       3.50711304e+02, 5.41967154e-01, 1.63690332e+03, 2.65430908e+02,
       5.75867355e-01, 1.63109668e+03, 2.65358521e+02, 5.63501775e-01,
       1.58396326e+03, 3.03616089e+02, 2.98436224e-01, 1.61630579e+03,
       5.47868347e+02, 5.37660241e-01, 1.60754602e+03, 5.53822876e+02,
       5.23014009e-01, 1.57222131e+03, 5.30333984e+02, 3.37081045e-01 ]
