%YAML:1.0
---
pose_0: !!opencv-matrix
   rows: 1
   cols: 25
   dt: "3f"
   data: [ 8.33501953e+02, 5.27219849e+02, 8.52389336e-01,
       9.09925171e+02, 5.15535706e+02, 7.40073442e-01, 9.04047302e+02,
       5.74508850e+02, 7.33285069e-01, 7.92207703e+02, 6.36242920e+02,
       8.33322048e-01, 7.45247437e+02, 5.74415955e+02, 6.79881394e-01,
       9.24665527e+02, 4.47913300e+02, 6.97034299e-01, 9.09936462e+02,
       3.44854675e+02, 7.26936877e-01, 8.60074402e+02, 2.30140640e+02,
       7.55728006e-01, 1.17188916e+03, 5.24414673e+02, 6.03128016e-01,
       1.16894043e+03, 5.65652222e+02, 6.35610402e-01, 1.34846387e+03,
       6.44953125e+02, 7.56787181e-01, 1.52215759e+03, 6.33260681e+02,
       6.86348200e-01, 1.17482556e+03, 4.77249176e+02, 5.85000634e-01,
       1.37204187e+03, 4.83263947e+02, 7.64987111e-01, 1.54572839e+03,
       4.36038116e+02, 7.61296153e-01, 8.15856689e+02, 5.33265381e+02,
       7.64827073e-01, 8.21690857e+02, 5.06623260e+02, 8.07085633e-01,
       8.36344788e+02, 5.59685974e+02, 3.77026886e-01, 8.42270020e+02,
       4.80331390e+02, 5.05963743e-01, 1.61056885e+03, 4.33172394e+02,
       4.71520245e-01, 1.60751514e+03, 4.27253540e+02, 5.16917348e-01,
       1.56334753e+03, 4.15535156e+02, 2.92440057e-01, 1.56339380e+03,
       7.00975098e+02, 6.14351213e-01, 1.56333875e+03, 6.95034912e+02,
       5.51550090e-01, 1.54863892e+03, 6.12704651e+02, 5.47474861e-01 ]
