%YAML:1.0
---
pose_0: !!opencv-matrix
   rows: 1
   cols: 25
   dt: "3f"
   data: [ 7.45266052e+02, 3.68371643e+02, 7.92704582e-01,
       8.36303040e+02, 2.94871277e+02, 4.76215720e-01, 8.24613892e+02,
       2.94767426e+02, 3.09763610e-01, 9.36483521e+02, 4.15506195e+02,
       1.03662185e-01, 0., 0., 0., 8.42287537e+02, 2.94956604e+02,
       6.50872171e-01, 9.36534912e+02, 4.15517792e+02, 6.93837523e-01,
       9.77676453e+02, 5.47863525e+02, 8.53788197e-01, 1.12184265e+03,
       3.12523285e+02, 4.18320775e-01, 1.11604944e+03, 3.50756958e+02,
       3.61521035e-01, 1.31612720e+03, 4.83180054e+02, 6.04977846e-01,
       1.51632520e+03, 5.30211914e+02, 5.08158088e-01, 1.12188501e+03,
       2.71292328e+02, 3.03971827e-01, 1.31322729e+03, 4.83262238e+02,
       3.41278821e-01, 1.52806311e+03, 5.30316650e+02, 3.53896976e-01,
       7.36233154e+02, 3.65426453e+02, 6.28194034e-01, 7.48093018e+02,
       3.47770813e+02, 7.78290689e-01, 0., 0., 0., 7.65864197e+02,
       3.06647522e+02, 6.15893424e-01, 1.56633643e+03, 5.92103760e+02,
       1.69536471e-01, 1.57218066e+03, 5.77303467e+02, 1.77568719e-01,
       1.56045288e+03, 5.09694092e+02, 2.96817482e-01, 1.55742651e+03,
       5.74454041e+02, 6.09742776e-02, 0., 0., 0., 1.54870154e+03,
       5.03842346e+02, 2.61449188e-01 ]
