%YAML:1.0
---
pose_0: !!opencv-matrix
   rows: 1
   cols: 25
   dt: "3f"
   data: [ 7.83327820e+02, 4.06612427e+02, 5.81265092e-01,
       8.77577515e+02, 4.33262970e+02, 7.40048409e-01, 8.59854309e+02,
       5.03825653e+02, 8.35292816e-01, 9.54052124e+02, 5.36135193e+02,
       8.28658521e-01, 9.77773987e+02, 3.71409607e+02, 7.24788785e-01,
       8.83565186e+02, 3.62577576e+02, 5.01604497e-01, 1.06298669e+03,
       3.62522430e+02, 7.71156609e-01, 1.16015759e+03, 3.06636719e+02,
       7.90040374e-01, 1.13363770e+03, 4.62624176e+02, 6.19069934e-01,
       1.12191333e+03, 5.09681854e+02, 6.36276782e-01, 1.34850891e+03,
       5.77372986e+02, 5.79500020e-01, 1.53393750e+03, 6.48012512e+02,
       6.69278383e-01, 1.13950183e+03, 4.12637115e+02, 6.33833110e-01,
       1.35144800e+03, 3.59557922e+02, 6.91965461e-01, 1.56332007e+03,
       2.88929779e+02, 5.40518463e-01, 7.68721130e+02, 4.24329834e+02,
       5.72617233e-01, 7.68673706e+02, 3.92035217e+02, 3.76050591e-01,
       7.86322998e+02, 4.62538300e+02, 5.76228797e-01, 0., 0., 0.,
       1.64577686e+03, 2.30055283e+02, 4.73967075e-01, 1.64284961e+03,
       2.30076965e+02, 4.23450500e-01, 1.58989136e+03, 2.88953796e+02,
       2.37675101e-01, 1.59864734e+03, 6.33295959e+02, 6.10333979e-01,
       1.58693066e+03, 6.47959778e+02, 5.86770475e-01, 1.54284753e+03,
       6.65635925e+02, 4.52020913e-01 ]
