%YAML:1.0
---
pose_0: !!opencv-matrix
   rows: 1
   cols: 25
   dt: "3f"
   data: [ 7.77509399e+02, 5.50844788e+02, 7.40073323e-01,
       8.86515076e+02, 5.89193665e+02, 6.72331989e-01, 8.83598022e+02,
       6.71554321e+02, 5.58331013e-01, 1.03362610e+03, 7.12773499e+02,
       6.31448209e-01, 1.11893811e+03, 6.77456726e+02, 7.38533080e-01,
       9.01090576e+02, 5.09644714e+02, 6.99995875e-01, 9.74601624e+02,
       3.89015167e+02, 7.85853684e-01, 9.30715942e+02, 2.68349731e+02,
       7.00195134e-01, 1.14245850e+03, 5.98060913e+02, 6.44709468e-01,
       1.13658521e+03, 6.42179932e+02, 6.34168863e-01, 1.32792737e+03,
       6.71495178e+02, 5.87661624e-01, 1.53988647e+03, 6.95024841e+02,
       5.39015234e-01, 1.14838086e+03, 5.50893372e+02, 6.15095198e-01,
       1.31609253e+03, 5.80355835e+02, 7.42001951e-01, 1.51334583e+03,
       5.80290710e+02, 5.51096082e-01, 7.62909729e+02, 5.71449280e+02,
       6.56955719e-01, 7.62829773e+02, 5.39086975e+02, 3.29787403e-01,
       7.86284912e+02, 5.97920044e+02, 5.38080454e-01, 0., 0., 0.,
       1.58990588e+03, 5.45012695e+02, 5.00127554e-01, 1.58692932e+03,
       5.39132751e+02, 5.13161302e-01, 1.53683203e+03, 5.97987549e+02,
       2.48724550e-01, 1.60456384e+03, 6.89215454e+02, 3.09193492e-01,
       1.59577112e+03, 6.98058044e+02, 2.74929047e-01, 1.56332617e+03,
       6.89181091e+02, 3.41897339e-01 ]
