%YAML:1.0
---
pose_0: !!opencv-matrix
   rows: 1
   cols: 25
   dt: "3f"
   data: [ 7.21594238e+02, 5.27359924e+02, 8.46731842e-01,
       8.42303223e+02, 5.06768127e+02, 6.44289732e-01, 8.27524719e+02,
       5.77318298e+02, 4.71790701e-01, 9.24686890e+02, 6.30362732e+02,
       4.89824265e-01, 9.98325195e+02, 6.45188843e+02, 6.65047705e-01,
       8.56913147e+02, 4.36151581e+02, 6.71856582e-01, 9.65834473e+02,
       3.39065796e+02, 6.83557868e-01, 9.77788391e+02, 3.80184662e+02,
       8.01879883e-01, 1.11303186e+03, 5.50778870e+02, 5.90559602e-01,
       1.09546179e+03, 5.97986694e+02, 6.12813354e-01, 1.26018970e+03,
       6.47945618e+02, 2.72085249e-01, 1.43090515e+03, 6.59821838e+02,
       2.09074020e-01, 1.11897205e+03, 4.91991089e+02, 5.46385169e-01,
       1.34261011e+03, 5.30379517e+02, 4.80181575e-01, 1.63401306e+03,
       4.83111816e+02, 5.32502651e-01, 7.03975342e+02, 5.36191162e+02,
       7.42824197e-01, 7.15558716e+02, 5.06686615e+02, 8.51509929e-01,
       7.18675659e+02, 5.56804932e+02, 2.35163629e-01, 7.39265320e+02,
       4.80286591e+02, 5.51011801e-01, 1.70462524e+03, 4.33077911e+02,
       1.85884476e-01, 1.70166772e+03, 4.36020264e+02, 2.08466217e-01,
       1.65756531e+03, 4.77335724e+02, 2.19206750e-01, 1.49567529e+03,
       6.65653809e+02, 7.55040944e-02, 0., 0., 0., 1.47213159e+03,
       6.56866760e+02, 5.29412739e-02 ]
