%YAML:1.0
---
pose_0: !!opencv-matrix
   rows: 1
   cols: 25
   dt: "3f"
   data: [ 7.36342651e+02, 4.62546356e+02, 8.87286365e-01,
       8.36495422e+02, 4.89071411e+02, 6.60127044e-01, 8.54030334e+02,
       5.98048096e+02, 5.93887866e-01, 9.51190125e+02, 6.27455627e+02,
       1.79411918e-01, 0., 0., 0., 8.33377380e+02, 4.12636292e+02,
       6.25376105e-01, 9.65909180e+02, 3.44832245e+02, 7.53567755e-01,
       1.01888782e+03, 2.74317902e+02, 8.16878974e-01, 1.11895789e+03,
       4.62624054e+02, 5.83389699e-01, 1.11591370e+03, 5.12666748e+02,
       6.04505479e-01, 1.32487805e+03, 5.74563599e+02, 7.84242094e-01,
       1.56040247e+03, 6.15677551e+02, 5.19529581e-01, 1.11896301e+03,
       4.09648010e+02, 5.67528427e-01, 1.35729993e+03, 4.12562439e+02,
       7.37622738e-01, 1.56924036e+03, 4.36215607e+02, 6.51942790e-01,
       7.15801453e+02, 4.77280212e+02, 8.71464908e-01, 7.27530701e+02,
       4.39115295e+02, 8.24826181e-01, 7.30452820e+02, 5.03834595e+02,
       6.63943827e-01, 7.59865051e+02, 4.18457611e+02, 6.59395754e-01,
       1.63994080e+03, 4.30162323e+02, 4.07841891e-01, 1.63408557e+03,
       4.18491577e+02, 4.33492362e-01, 1.59573132e+03, 4.44902771e+02,
       3.01610202e-01, 1.66052747e+03, 6.27398315e+02, 2.33897060e-01,
       1.64578369e+03, 6.45131348e+02, 2.20334500e-01, 1.59281848e+03,
       6.00924194e+02, 2.92116523e-01 ]
