%YAML:1.0
---
pose_0: !!opencv-matrix
   rows: 2
   cols: 25
   dt: "3f"
   data: [ 7.83307861e+02, 3.80170319e+02, 7.12455392e-01,
       8.56949585e+02, 2.71321228e+02, 5.24867535e-01, 8.62931702e+02,
       2.59502411e+02, 3.73563588e-01, 0., 0., 0., 0., 0., 0.,
       8.39281189e+02, 2.88949951e+02, 7.22751021e-01, 9.15825928e+02,
       4.18444275e+02, 7.78749824e-01, 9.77734497e+02, 5.59674683e+02,
       8.20307374e-01, 1.16013354e+03, 3.00740295e+02, 3.76471162e-01,
       1.14836121e+03, 3.41952698e+02, 3.05005789e-01, 1.34846277e+03,
       4.68498901e+02, 5.94135404e-01, 1.54268872e+03, 5.12650574e+02,
       5.68138421e-01, 1.16308545e+03, 2.74248566e+02, 2.22213969e-01,
       1.39561011e+03, 2.30071411e+02, 2.88286299e-01, 1.54280725e+03,
       1.50509552e+02, 1.24212533e-01, 0., 0., 0., 7.65838257e+02,
       3.65407349e+02, 8.10310662e-01, 0., 0., 0., 7.71691040e+02,
       3.18370392e+02, 6.54504776e-01, 1.58996106e+03, 9.76564178e+01,
       5.94753101e-02, 1.58982886e+03, 1.03552696e+02, 6.88490942e-02,
       1.56335132e+03, 1.50621185e+02, 7.74351656e-02, 1.58694800e+03,
       5.95029358e+02, 3.01549137e-01, 1.56637695e+03, 5.92097595e+02,
       2.81383216e-01, 1.56925269e+03, 4.94982910e+02, 4.45810139e-01,
       0., 0., 0., 0., 0., 0., 9.39407288e+02, 3.42005280e+02,
       9.73149389e-02, 1.04524939e+03, 3.92051392e+02, 6.91690147e-01,
       1.13361987e+03, 4.65505524e+02, 7.91006505e-01, 0., 0., 0., 0.,
       0., 0., 0., 0., 0., 0., 0., 0., 0., 0., 0., 0., 0., 0., 0., 0.,
       0., 0., 0., 0., 0., 0., 0., 0., 0., 0., 0., 0., 0., 0., 0., 0.,
       0., 0., 0., 0., 0., 0., 0., 0., 0., 0., 0., 0., 0., 0., 0., 0.,
       0., 0., 0., 0., 0., 0., 0., 0. ]
