%YAML:1.0
---
pose_0: !!opencv-matrix
   rows: 1
   cols: 25
   dt: "3f"
   data: [ 6.92111877e+02, 4.59572205e+02, 9.02884543e-01,
       8.12771912e+02, 4.80183441e+02, 7.82236338e-01, 8.09805664e+02,
       5.53925049e+02, 7.15619802e-01, 8.86518188e+02, 6.21419983e+02,
       7.03476846e-01, 9.54099365e+02, 6.50992126e+02, 7.37233639e-01,
       8.21675415e+02, 4.09607971e+02, 6.93498909e-01, 9.80639038e+02,
       4.06705353e+02, 7.77813911e-01, 8.86473022e+02, 3.88897430e+02,
       8.27357292e-01, 1.09541699e+03, 4.80289886e+02, 5.67328155e-01,
       1.09251819e+03, 5.27416504e+02, 5.99541128e-01, 1.30738977e+03,
       5.45016541e+02, 6.63237929e-01, 1.59572168e+03, 5.74394287e+02,
       5.51146030e-01, 1.09546924e+03, 4.30263062e+02, 5.24227977e-01,
       1.34855188e+03, 4.33188416e+02, 6.10737085e-01, 1.57217786e+03,
       4.59707947e+02, 5.97959876e-01, 6.74511414e+02, 4.74389984e+02,
       7.33372986e-01, 6.80374146e+02, 4.36255188e+02, 8.16786706e-01,
       6.95209412e+02, 4.97888794e+02, 5.55485904e-01, 7.12781677e+02,
       4.15556366e+02, 6.33500755e-01, 1.61925293e+03, 4.33209259e+02,
       6.20432436e-01, 1.61339014e+03, 4.33097443e+02, 7.15865135e-01,
       1.60457202e+03, 4.74324524e+02, 4.13458705e-01, 1.69872949e+03,
       5.47954346e+02, 5.17579317e-01, 1.69282153e+03, 5.56791931e+02,
       4.19328392e-01, 1.61639014e+03, 5.74412170e+02, 2.19607934e-01 ]
