%YAML:1.0
---
pose_0: !!opencv-matrix
   rows: 1
   cols: 25
   dt: "3f"
   data: [ 7.83449524e+02, 5.53919861e+02, 8.21716845e-01,
       8.54037415e+02, 5.06694489e+02, 5.98598063e-01, 8.45224915e+02,
       5.53852844e+02, 3.46790552e-01, 0., 0., 0., 0., 0., 0.,
       8.59993164e+02, 4.59640106e+02, 7.19665766e-01, 9.86495056e+02,
       4.47862366e+02, 7.01215982e-01, 1.09838464e+03, 4.27202850e+02,
       7.77395964e-01, 1.09837842e+03, 5.71437561e+02, 4.89721000e-01,
       1.09546582e+03, 6.18513733e+02, 5.06459236e-01, 1.33382251e+03,
       6.24593872e+02, 4.74554479e-01, 1.55748450e+03, 6.53953918e+02,
       5.23332059e-01, 1.10714612e+03, 5.27397156e+02, 4.51386213e-01,
       1.33378113e+03, 5.09707275e+02, 2.68790245e-01, 1.53097803e+03,
       4.44970581e+02, 1.80821121e-01, 7.65810364e+02, 5.65637390e+02,
       6.16200209e-01, 7.65826660e+02, 5.39164551e+02, 7.60821760e-01,
       0., 0., 0., 7.68662109e+02, 5.03872986e+02, 6.59582138e-01,
       1.62519995e+03, 4.09543549e+02, 2.36918867e-01, 1.62810303e+03,
       4.09528442e+02, 2.31395870e-01, 0., 0., 0., 1.62517932e+03,
       6.86296936e+02, 2.88825721e-01, 1.62518494e+03, 6.89208557e+02,
       3.14725429e-01, 1.59279614e+03, 6.45025940e+02, 3.16561252e-01 ]
