%YAML:1.0
---
pose_0: !!opencv-matrix
   rows: 1
   cols: 25
   dt: "3f"
   data: [ 0., 0., 0., 7.00998291e+02, 4.86115265e+02, 3.13915342e-01,
       6.92160583e+02, 3.83157013e+02, 2.00109452e-01, 6.45015442e+02,
       3.59598724e+02, 2.34561235e-01, 3.88978699e+02, 4.24323639e+02,
       1.53228119e-01, 7.09786560e+02, 5.65599976e+02, 2.51634270e-01,
       6.24426758e+02, 6.80359436e+02, 5.72401702e-01, 3.86064972e+02,
       6.18497681e+02, 6.92865312e-01, 1.02176117e+03, 5.47947998e+02,
       3.41348320e-01, 1.01296405e+03, 6.21542908e+02, 2.98333049e-01,
       1.35436938e+03, 6.36251831e+02, 3.93643290e-01, 1.76941736e+03,
       6.68494568e+02, 4.66036379e-01, 1.03359216e+03, 4.77315002e+02,
       3.36793184e-01, 1.35731396e+03, 4.86171387e+02, 4.27254945e-01,
       1.73107947e+03, 4.86235565e+02, 4.19664145e-01, 0., 0., 0., 0.,
       0., 0., 0., 0., 0., 0., 0., 0., 1.86652600e+03, 5.15536194e+02,
       8.27603266e-02, 0., 0., 0., 1.75176465e+03, 5.09699768e+02,
       1.66486546e-01, 0., 0., 0., 0., 0., 0., 1.79874622e+03,
       6.59798157e+02, 2.76818961e-01 ]
