%YAML:1.0
---
pose_0: !!opencv-matrix
   rows: 1
   cols: 25
   dt: "3f"
   data: [ 7.86388733e+02, 4.18420197e+02, 8.69300783e-01,
       9.09935852e+02, 4.53667267e+02, 7.03145146e-01, 9.12946594e+02,
       5.33273682e+02, 6.78330004e-01, 1.02477588e+03, 6.09798828e+02,
       7.85834968e-01, 1.09549927e+03, 5.50895569e+02, 7.36581683e-01,
       9.03988708e+02, 3.77234802e+02, 6.18219376e-01, 1.04245032e+03,
       2.94861877e+02, 7.93591499e-01, 1.16599585e+03, 2.21098755e+02,
       8.78085554e-01, 1.17189880e+03, 4.06676422e+02, 5.61170697e-01,
       1.17776379e+03, 4.56663696e+02, 6.07046962e-01, 1.37496204e+03,
       4.97907745e+02, 7.21844137e-01, 1.56043799e+03, 5.65646301e+02,
       6.52071774e-01, 1.16597119e+03, 3.53676880e+02, 5.97790658e-01,
       1.37791003e+03, 3.18489777e+02, 5.82534134e-01, 1.58982996e+03,
       2.94907501e+02, 6.59417331e-01, 7.71600586e+02, 4.33178192e+02,
       8.04112017e-01, 7.77565369e+02, 4.06563477e+02, 8.11766744e-01,
       7.89204224e+02, 4.56730621e+02, 6.18425965e-01, 8.01070496e+02,
       3.83106293e+02, 5.93331218e-01, 1.65451208e+03, 2.68395203e+02,
       4.60639864e-01, 1.64577368e+03, 2.68314667e+02, 5.03201842e-01,
       1.62219641e+03, 3.00687805e+02, 2.94057906e-01, 1.61339233e+03,
       6.12713623e+02, 5.25868058e-01, 1.61044360e+03, 6.09793884e+02,
       5.05304992e-01, 1.58698120e+03, 5.53818970e+02, 5.36219180e-01 ]
