%YAML:1.0
---
pose_0: !!opencv-matrix
   rows: 1
   cols: 25
   dt: "3f"
   data: [ 6.98127563e+02, 5.42059875e+02, 7.28154778e-01,
       8.09829346e+02, 4.62629791e+02, 5.39730072e-01, 8.12859741e+02,
       5.21460815e+02, 2.85843372e-01, 0., 0., 0., 0., 0., 0.,
       8.03994141e+02, 4.12568024e+02, 5.69117308e-01, 9.21694336e+02,
       3.65468719e+02, 7.79431999e-01, 1.03059680e+03, 3.62612976e+02,
       7.70788193e-01, 1.09832996e+03, 4.86200043e+02, 5.88889420e-01,
       1.09251318e+03, 5.33298340e+02, 6.16106749e-01, 1.31611450e+03,
       5.68472168e+02, 6.24928951e-01, 1.59281287e+03, 6.27374146e+02,
       6.42460823e-01, 1.10718420e+03, 4.36038025e+02, 5.71386397e-01,
       1.34260205e+03, 4.41997833e+02, 6.52761161e-01, 1.58982690e+03,
       4.33143433e+02, 6.25008762e-01, 6.92277893e+02, 5.39140076e+02,
       7.94151649e-02, 6.92244568e+02, 5.27312256e+02, 8.09950352e-01,
       0., 0., 0., 7.12796204e+02, 4.80133728e+02, 6.81403518e-01,
       1.65169373e+03, 3.83063873e+02, 5.08036017e-01, 1.64286951e+03,
       3.83152740e+02, 5.42743206e-01, 1.61638904e+03, 4.44956573e+02,
       2.70184845e-01, 1.65163049e+03, 5.83250610e+02, 4.03092146e-01,
       1.64281372e+03, 5.98003784e+02, 3.50800246e-01, 1.61346484e+03,
       6.36236450e+02, 3.41420561e-01 ]
