%YAML:1.0
---
pose_0: !!opencv-matrix
   rows: 1
   cols: 25
   dt: "3f"
   data: [ 6.21390625e+02, 4.62548584e+02, 8.44320297e-01,
       7.56869263e+02, 4.59738586e+02, 6.28972292e-01, 7.62834290e+02,
       5.44974426e+02, 5.89719415e-01, 9.48211609e+02, 6.15586975e+02,
       6.16375268e-01, 1.09542603e+03, 6.71626770e+02, 7.23743379e-01,
       7.56898987e+02, 3.83046661e+02, 4.91926610e-01, 9.51051819e+02,
       3.00751587e+02, 7.50957012e-01, 1.09537817e+03, 2.44711395e+02,
       8.81094933e-01, 1.08651245e+03, 4.97937225e+02, 5.18329501e-01,
       1.07179846e+03, 5.50952881e+02, 5.43635964e-01, 1.30441309e+03,
       5.68584534e+02, 6.85490608e-01, 1.66935522e+03, 6.06774048e+02,
       4.58579808e-01, 1.09239221e+03, 4.33160400e+02, 5.02323866e-01,
       1.32201379e+03, 4.36180939e+02, 5.19381344e-01, 1.63995313e+03,
       4.33162201e+02, 5.00578523e-01, 6.01041748e+02, 4.80271332e+02,
       8.30092907e-01, 6.03940552e+02, 4.42015839e+02, 7.81571150e-01,
       6.21640747e+02, 5.00818359e+02, 2.55385906e-01, 6.39195923e+02,
       4.09643799e+02, 6.09588981e-01, 1.73412610e+03, 4.89141785e+02,
       2.49808848e-01, 1.73700244e+03, 4.80199127e+02, 2.13949487e-01,
       1.70163440e+03, 4.59677917e+02, 1.19867459e-01, 0., 0., 0., 0.,
       0., 0., 1.78703064e+03, 6.47984070e+02, 1.19571425e-01 ]
