%YAML:1.0
---
pose_0: !!opencv-matrix
   rows: 1
   cols: 25
   dt: "3f"
   data: [ 7.15718811e+02, 5.24450623e+02, 7.99239159e-01,
       8.09865417e+02, 5.06785492e+02, 7.43012071e-01, 8.27526184e+02,
       5.80278320e+02, 5.41806102e-01, 9.54091309e+02, 6.21552917e+02,
       7.13185132e-01, 1.03354028e+03, 6.71565063e+02, 7.80701339e-01,
       7.98092896e+02, 4.36147797e+02, 6.67991579e-01, 7.86424622e+02,
       3.09585876e+02, 7.92362332e-01, 6.71522705e+02, 2.65437500e+02,
       8.10290873e-01, 1.06303503e+03, 5.12646912e+02, 5.58566570e-01,
       1.06594568e+03, 5.59756165e+02, 5.80202222e-01, 1.26908093e+03,
       6.00954773e+02, 7.67978311e-01, 1.48973376e+03, 6.18568176e+02,
       6.06723666e-01, 1.06305200e+03, 4.59600098e+02, 5.51794529e-01,
       1.28087305e+03, 4.27293701e+02, 6.12336934e-01, 1.45448694e+03,
       3.65380280e+02, 5.09396970e-01, 6.98013672e+02, 5.36248901e+02,
       7.55731046e-01, 6.98039429e+02, 5.03889618e+02, 8.29715848e-01,
       7.18659058e+02, 5.53903625e+02, 2.98464715e-01, 7.18651367e+02,
       4.77211121e+02, 5.51890254e-01, 1.52806982e+03, 3.21296875e+02,
       6.04937784e-02, 0., 0., 0., 1.47801306e+03, 3.44866455e+02,
       2.85969704e-01, 1.52214307e+03, 5.68562927e+02, 1.97169840e-01,
       1.51333667e+03, 5.77464905e+02, 1.70636609e-01, 1.51920984e+03,
       6.27396912e+02, 3.13132614e-01 ]
