%YAML:1.0
---
pose_0: !!opencv-matrix
   rows: 1
   cols: 25
   dt: "3f"
   data: [ 7.65789185e+02, 4.38993683e+02, 8.77833009e-01,
       8.57047974e+02, 4.80139038e+02, 7.22867548e-01, 8.62957458e+02,
       5.45009583e+02, 5.98529339e-01, 9.68832397e+02, 6.45164307e+02,
       8.66692483e-01, 8.71680603e+02, 6.74455383e+02, 8.38363707e-01,
       8.42232361e+02, 4.12628113e+02, 7.60078549e-01, 9.30649170e+02,
       4.65512421e+02, 8.22654605e-01, 8.27604309e+02, 5.50792603e+02,
       8.39587212e-01, 1.11304541e+03, 4.56706329e+02, 4.99416858e-01,
       1.11595886e+03, 5.03826111e+02, 5.38214386e-01, 1.32496301e+03,
       4.97929169e+02, 6.86221242e-01, 1.55163696e+03, 5.03805817e+02,
       6.31653905e-01, 1.10422058e+03, 4.03693939e+02, 4.92352933e-01,
       1.32796704e+03, 2.97782562e+02, 7.30875015e-01, 1.51924890e+03,
       2.00567490e+02, 5.23294330e-01, 7.45239624e+02, 4.56596649e+02,
       8.67748439e-01, 7.59909546e+02, 4.18451111e+02, 8.32196653e-01,
       7.62717834e+02, 4.83250336e+02, 7.18309879e-01, 7.74531799e+02,
       4.06649567e+02, 5.20493448e-01, 1.61041528e+03, 1.44766434e+02,
       2.94078410e-01, 1.61042529e+03, 1.50517960e+02, 2.51672506e-01,
       1.51921252e+03, 1.94734390e+02, 2.02421039e-01, 1.62811987e+03,
       5.03839264e+02, 4.57774997e-01, 1.61924365e+03, 5.12619019e+02,
       4.53708708e-01, 1.57516638e+03, 4.86200897e+02, 2.94842571e-01 ]
