%YAML:1.0
---
pose_0: !!opencv-matrix
   rows: 1
   cols: 25
   dt: "3f"
   data: [ 7.80479492e+02, 5.47915161e+02, 8.27521443e-01,
       8.80540710e+02, 5.30370483e+02, 7.56807625e-01, 8.80549500e+02,
       6.00892212e+02, 6.89345717e-01, 9.92364868e+02, 6.71611572e+02,
       6.80833936e-01, 1.00121545e+03, 7.39208008e+02, 5.04862010e-01,
       8.83573975e+02, 4.62643005e+02, 6.00499034e-01, 9.80596802e+02,
       3.80194183e+02, 5.82424164e-01, 9.24707153e+02, 2.97775818e+02,
       4.19812948e-01, 1.10130859e+03, 5.56731079e+02, 5.80700755e-01,
       1.09838867e+03, 6.01009155e+02, 5.70631266e-01, 1.32488892e+03,
       6.24437195e+02, 7.88483083e-01, 1.52513232e+03, 6.44962036e+02,
       6.51954710e-01, 1.11011646e+03, 5.03893463e+02, 5.76452971e-01,
       1.33089050e+03, 4.80122131e+02, 7.08610535e-01, 1.55745886e+03,
       4.36134583e+02, 6.64401174e-01, 7.62832092e+02, 5.56722595e+02,
       8.17844510e-01, 7.65855835e+02, 5.27239319e+02, 8.46615314e-01,
       7.80454285e+02, 5.74562378e+02, 1.96548238e-01, 7.86402039e+02,
       4.94934692e+02, 5.52681923e-01, 1.63108105e+03, 4.33132050e+02,
       2.32441574e-01, 1.61925684e+03, 4.24329468e+02, 2.80326217e-01,
       1.58686401e+03, 4.18479614e+02, 3.18129629e-01, 1.56627112e+03,
       7.03962646e+02, 5.72739124e-01, 1.55751001e+03, 6.98107422e+02,
       5.00841320e-01, 1.55748218e+03, 6.24420898e+02, 5.53506970e-01 ]
