%YAML:1.0
---
pose_0: !!opencv-matrix
   rows: 1
   cols: 25
   dt: "3f"
   data: [ 7.33369934e+02, 5.06737701e+02, 8.67092133e-01,
       8.39317932e+02, 5.06818115e+02, 7.66271055e-01, 8.39320984e+02,
       5.77374573e+02, 6.07039392e-01, 9.68806274e+02, 6.62714417e+02,
       7.82872200e-01, 8.68723267e+02, 5.86247131e+02, 7.38779724e-01,
       8.42280334e+02, 4.33057587e+02, 6.27412200e-01, 9.54008179e+02,
       3.65480804e+02, 8.74318600e-01, 1.02482739e+03, 4.09553986e+02,
       8.87575626e-01, 1.09838403e+03, 5.53755432e+02, 5.96709609e-01,
       1.09249451e+03, 6.00847534e+02, 6.45456553e-01, 1.26319849e+03,
       6.48052612e+02, 3.48260760e-01, 1.54276001e+03, 6.03890747e+02,
       3.71541649e-01, 1.10420520e+03, 5.00837677e+02, 5.55844367e-01,
       1.32490894e+03, 5.53736450e+02, 7.37053275e-01, 1.61344348e+03,
       5.03831726e+02, 4.49283957e-01, 7.15670715e+02, 5.27340088e+02,
       8.88745904e-01, 7.18606689e+02, 4.86147064e+02, 8.45570385e-01,
       7.33413269e+02, 5.53742126e+02, 4.12891656e-01, 7.39290527e+02,
       4.59752228e+02, 5.05203545e-01, 1.74875012e+03, 4.80206482e+02,
       6.79103583e-02, 0., 0., 0., 1.63987183e+03, 4.89080017e+02,
       2.21893951e-01, 1.65457629e+03, 5.86193909e+02, 1.22281626e-01,
       1.63991394e+03, 6.00817749e+02, 9.57501903e-02, 1.56638611e+03,
       5.97964905e+02, 1.40718430e-01 ]
