%YAML:1.0
---
pose_0: !!opencv-matrix
   rows: 1
   cols: 25
   dt: "3f"
   data: [ 7.48058777e+02, 4.09572357e+02, 8.11600566e-01,
       8.33528687e+02, 3.62543915e+02, 6.43386185e-01, 8.27525818e+02,
       4.15498596e+02, 4.11553055e-01, 0., 0., 0., 0., 0., 0.,
       8.39340454e+02, 3.15455536e+02, 7.02705503e-01, 9.54239929e+02,
       2.86000397e+02, 7.90475249e-01, 9.30476196e+02, 4.12660156e+02,
       8.14270258e-01, 1.12483594e+03, 4.09563629e+02, 4.64023769e-01,
       1.12190076e+03, 4.56688354e+02, 4.39486831e-01, 1.31907129e+03,
       5.39116333e+02, 6.75336361e-01, 1.56042639e+03, 5.68523071e+02,
       6.30182147e-01, 1.13067883e+03, 3.53682861e+02, 4.04587597e-01,
       1.37203540e+03, 2.94823181e+02, 6.70877516e-01, 1.54270618e+03,
       1.68284042e+02, 5.00057697e-01, 7.36351257e+02, 4.15584320e+02,
       7.72182345e-01, 7.39230042e+02, 3.88982422e+02, 8.02548110e-01,
       0., 0., 0., 7.45223328e+02, 3.53642914e+02, 5.73107541e-01,
       1.63109021e+03, 1.27047562e+02, 1.92650169e-01, 1.62812451e+03,
       1.27019623e+02, 1.65748805e-01, 0., 0., 0., 1.59282983e+03,
       5.24433105e+02, 2.99909174e-01, 1.58982202e+03, 5.36159302e+02,
       2.82858759e-01, 1.58979980e+03, 5.56855835e+02, 3.82796675e-01 ]
