%YAML:1.0
---
pose_0: !!opencv-matrix
   rows: 1
   cols: 25
   dt: "3f"
   data: [ 7.74631409e+02, 4.12682526e+02, 8.61518621e-01,
       9.06916321e+02, 4.53680847e+02, 7.26332784e-01, 9.07029907e+02,
       5.33206848e+02, 7.34951735e-01, 1.00411731e+03, 6.24408081e+02,
       8.45436335e-01, 1.09528528e+03, 5.94979187e+02, 7.38502383e-01,
       8.86422791e+02, 3.80200867e+02, 5.74313939e-01, 1.03650879e+03,
       2.91916107e+02, 7.80588210e-01, 1.16006775e+03, 2.12412033e+02,
       7.75339484e-01, 1.15134692e+03, 4.09583710e+02, 5.64778626e-01,
       1.15428003e+03, 4.56782715e+02, 5.92291534e-01, 1.35151355e+03,
       5.00871399e+02, 6.72051072e-01, 1.54864490e+03, 5.68510315e+02,
       6.28347933e-01, 1.14549768e+03, 3.59543549e+02, 5.94767094e-01,
       1.32793237e+03, 3.24244415e+02, 3.93823057e-01, 1.54569019e+03,
       3.00745544e+02, 3.44332278e-01, 7.62687134e+02, 4.30209839e+02,
       8.17191720e-01, 7.65897400e+02, 3.97800140e+02, 8.37828517e-01,
       7.71596924e+02, 4.56778351e+02, 5.61402559e-01, 7.92249084e+02,
       3.83070435e+02, 5.32154500e-01, 1.58100806e+03, 3.62599609e+02,
       8.05492699e-02, 0., 0., 0., 1.56926379e+03, 2.91811218e+02,
       2.07210302e-01, 1.60756262e+03, 6.00869934e+02, 5.50802588e-01,
       1.59873547e+03, 6.00943542e+02, 5.51248610e-01, 1.57806482e+03,
       5.53908325e+02, 3.92411679e-01 ]
