%YAML:1.0
---
pose_0: !!opencv-matrix
   rows: 1
   cols: 25
   dt: "3f"
   data: [ 7.15776306e+02, 4.74329285e+02, 8.10766220e-01,
       8.30528259e+02, 4.68499542e+02, 6.96555376e-01, 8.36380371e+02,
       5.56756470e+02, 6.23180568e-01, 9.57064148e+02, 5.86194336e+02,
       3.71312231e-01, 9.95275452e+02, 5.83271729e+02, 5.41274965e-01,
       8.30495300e+02, 3.89038177e+02, 6.86881363e-01, 8.98214233e+02,
       3.42039703e+02, 5.84597349e-01, 9.51082031e+02, 3.38906921e+02,
       8.08821499e-01, 1.13957214e+03, 4.89056702e+02, 5.54436326e-01,
       1.13073511e+03, 5.36203125e+02, 5.29892564e-01, 1.32491040e+03,
       5.68583374e+02, 4.61133748e-01, 1.48386438e+03, 5.50863525e+02,
       4.49972838e-01, 1.14840601e+03, 4.36125702e+02, 5.46744704e-01,
       1.34559778e+03, 4.80258209e+02, 6.73236132e-01, 1.56637158e+03,
       4.56588470e+02, 5.90570688e-01, 6.98075317e+02, 4.86108704e+02,
       6.73111081e-01, 7.00953247e+02, 4.50828125e+02, 7.68388748e-01,
       7.21642761e+02, 5.03826233e+02, 2.75145531e-01, 7.39159973e+02,
       4.15595734e+02, 4.98774290e-01, 1.64576685e+03, 4.39096588e+02,
       3.25976640e-01, 1.63985791e+03, 4.36040741e+02, 3.80483866e-01,
       1.58988379e+03, 4.36204651e+02, 2.31218696e-01, 1.53979004e+03,
       5.62690796e+02, 1.23929404e-01, 0., 0., 0., 1.50453735e+03,
       5.27336792e+02, 3.09119165e-01 ]
