%YAML:1.0
---
pose_0: !!opencv-matrix
   rows: 1
   cols: 25
   dt: "3f"
   data: [ 7.74584656e+02, 3.88997070e+02, 7.93163538e-01,
       8.74640015e+02, 3.83040649e+02, 7.07312047e-01, 8.80426453e+02,
       4.33166016e+02, 6.69627368e-01, 9.01123230e+02, 5.18498413e+02,
       6.15210533e-01, 8.62877808e+02, 5.98039246e+02, 6.30252421e-01,
       8.65783142e+02, 3.24228210e+02, 5.97525001e-01, 8.42246887e+02,
       2.71251099e+02, 5.32993853e-01, 7.53942200e+02, 2.47785202e+02,
       7.23160446e-01, 1.14247363e+03, 3.85961121e+02, 5.61544895e-01,
       1.14241589e+03, 4.33045685e+02, 5.43129802e-01, 1.35444971e+03,
       4.47908630e+02, 6.53259456e-01, 1.54277686e+03, 4.71459442e+02,
       6.15467489e-01, 1.14254578e+03, 3.33104370e+02, 5.18180847e-01,
       1.34849536e+03, 3.15411530e+02, 6.00066423e-01, 1.58393469e+03,
       2.94887543e+02, 5.61341107e-01, 7.62825012e+02, 3.94859100e+02,
       6.53365076e-01, 7.65793579e+02, 3.71334839e+02, 7.40039825e-01,
       7.74598206e+02, 4.09634735e+02, 9.10135359e-02, 7.89376709e+02,
       3.42048828e+02, 5.44747591e-01, 1.63995923e+03, 2.56558746e+02,
       5.34649849e-01, 1.63687903e+03, 2.56580109e+02, 5.51139534e-01,
       1.61632996e+03, 3.09579681e+02, 3.04924816e-01, 1.61035657e+03,
       4.80284119e+02, 5.75116158e-01, 1.59289124e+03, 4.91994080e+02,
       5.29486656e-01, 1.56925391e+03, 4.56688904e+02, 3.59525800e-01 ]
