%YAML:1.0
---
pose_0: !!opencv-matrix
   rows: 1
   cols: 25
   dt: "3f"
   data: [ 7.18644653e+02, 5.06620941e+02, 8.82944942e-01,
       8.36517944e+02, 5.00764465e+02, 6.55102074e-01, 8.36401245e+02,
       5.50888184e+02, 3.92659277e-01, 0., 0., 0., 0., 0., 0.,
       8.42328796e+02, 4.36150269e+02, 7.13047922e-01, 9.68771057e+02,
       4.12678436e+02, 7.78410852e-01, 1.11607800e+03, 4.12443298e+02,
       8.61775100e-01, 1.11889941e+03, 5.45020691e+02, 5.48580885e-01,
       1.11887817e+03, 5.95001465e+02, 5.66428423e-01, 1.32204932e+03,
       6.15566772e+02, 6.94581211e-01, 1.55451611e+03, 6.65658875e+02,
       6.35774970e-01, 1.11900183e+03, 4.94934235e+02, 5.38473427e-01,
       1.32206360e+03, 4.80168762e+02, 7.51426101e-01, 1.56331909e+03,
       4.36142639e+02, 6.43398523e-01, 7.09791626e+02, 5.24305359e+02,
       7.76653111e-01, 7.12673218e+02, 4.86183289e+02, 8.08948278e-01,
       7.21581238e+02, 5.39157532e+02, 3.58213782e-01, 7.36266235e+02,
       4.59709045e+02, 6.37274921e-01, 1.63708020e+03, 4.36076111e+02,
       2.78337270e-01, 1.63399438e+03, 4.27249207e+02, 3.57063413e-01,
       1.58101025e+03, 4.15582581e+02, 2.53663510e-01, 1.62220422e+03,
       6.45019836e+02, 3.87126178e-01, 1.61638403e+03, 6.62732422e+02,
       3.29284281e-01, 1.58396106e+03, 6.53943542e+02, 2.70295709e-01 ]
