%YAML:1.0
---
pose_0: !!opencv-matrix
   rows: 1
   cols: 25
   dt: "3f"
   data: [ 7.45165894e+02, 4.09562866e+02, 8.81676435e-01,
       8.36303894e+02, 3.94932434e+02, 8.14486146e-01, 8.12886780e+02,
       4.53713409e+02, 7.50951409e-01, 9.04068604e+02, 5.06659607e+02,
       5.00059962e-01, 9.77594238e+02, 5.27369507e+02, 4.46709186e-01,
       8.57005188e+02, 3.42010895e+02, 7.80536294e-01, 9.62980225e+02,
       2.88891235e+02, 7.65701830e-01, 9.54059143e+02, 4.36133331e+02,
       8.55738640e-01, 1.11598096e+03, 4.06685516e+02, 5.03561378e-01,
       1.11603870e+03, 4.53701904e+02, 5.05684555e-01, 1.33676831e+03,
       5.09677094e+02, 7.36700952e-01, 1.54575427e+03, 5.27259705e+02,
       7.26544738e-01, 1.11305969e+03, 3.59505127e+02, 3.88163000e-01,
       1.35732471e+03, 3.21373993e+02, 7.58927643e-01, 1.53980090e+03,
       1.77208130e+02, 5.24712801e-01, 7.33310059e+02, 4.12680695e+02,
       8.23725700e-01, 7.39319885e+02, 3.86110138e+02, 8.84052992e-01,
       7.42300293e+02, 4.36088013e+02, 2.75377125e-01, 7.62707092e+02,
       3.56650421e+02, 6.65342450e-01, 0., 0., 0., 0., 0., 0.,
       1.53979810e+03, 1.74091766e+02, 1.80280775e-01, 1.56931897e+03,
       5.97891235e+02, 5.65541625e-01, 1.56043152e+03, 5.86248657e+02,
       5.25164783e-01, 1.56925916e+03, 5.06762604e+02, 6.16888225e-01 ]
