%YAML:1.0
---
pose_0: !!opencv-matrix
   rows: 1
   cols: 25
   dt: "3f"
   data: [ 7.12699402e+02, 4.56666626e+02, 7.92938948e-01,
       8.30424072e+02, 5.06695221e+02, 6.66870058e-01, 8.15759155e+02,
       5.56874451e+02, 7.27946997e-01, 9.27562927e+02, 6.42167236e+02,
       8.42494726e-01, 9.86443665e+02, 6.24421448e+02, 8.35164428e-01,
       8.24640198e+02, 4.50812317e+02, 4.89544332e-01, 1.01889355e+03,
       4.59604156e+02, 6.70054555e-01, 1.13950012e+03, 4.27235718e+02,
       8.40330839e-01, 1.10714075e+03, 5.74376343e+02, 5.80036640e-01,
       1.08069470e+03, 6.21420898e+02, 5.32129765e-01, 1.31022278e+03,
       5.62640930e+02, 7.63528407e-01, 1.54276636e+03, 6.71471313e+02,
       5.38273811e-01, 1.13067505e+03, 5.27387817e+02, 5.76066017e-01,
       1.35730273e+03, 5.24425293e+02, 6.87816143e-01, 1.54579871e+03,
       6.00971436e+02, 6.81588471e-01, 6.92232544e+02, 4.77205017e+02,
       8.16911459e-01, 6.95234741e+02, 4.41988373e+02, 4.85608667e-01,
       7.09835938e+02, 5.09775421e+02, 6.48800492e-01, 0., 0., 0.,
       1.61047668e+03, 5.47901489e+02, 3.76753122e-01, 1.60746497e+03,
       5.50833618e+02, 3.68977010e-01, 1.56345435e+03, 6.21608704e+02,
       4.33499038e-01, 1.61932690e+03, 6.47996826e+02, 9.56808180e-02,
       1.57221533e+03, 6.86306091e+02, 5.69139272e-02, 1.57222522e+03,
       6.77487427e+02, 2.05616415e-01 ]
