%YAML:1.0
---
pose_0: !!opencv-matrix
   rows: 1
   cols: 25
   dt: "3f"
   data: [ 6.45012085e+02, 5.15603516e+02, 2.76226074e-01,
       7.86309875e+02, 5.03689972e+02, 6.02863073e-01, 7.83404236e+02,
       5.92095581e+02, 3.19119096e-01, 9.21773804e+02, 6.74450745e+02,
       6.70655310e-01, 1.04237598e+03, 7.53920288e+02, 7.51668572e-01,
       8.12818054e+02, 4.12515503e+02, 5.72406292e-01, 9.68859436e+02,
       3.74281219e+02, 6.71151876e-01, 1.13950586e+03, 3.41895294e+02,
       8.10536444e-01, 1.09832471e+03, 5.33301086e+02, 4.74903971e-01,
       1.09242395e+03, 5.97930969e+02, 5.12422681e-01, 1.31027051e+03,
       6.03928894e+02, 4.90936309e-01, 1.61932349e+03, 6.21586548e+02,
       4.37106311e-01, 1.09837073e+03, 4.77232330e+02, 4.48286533e-01,
       1.32495886e+03, 4.39055786e+02, 5.33313632e-01, 1.53688513e+03,
       4.71388306e+02, 2.38520294e-01, 0., 0., 0., 6.45091248e+02,
       5.03808350e+02, 2.57692367e-01, 0., 0., 0., 6.68617188e+02,
       4.74387939e+02, 3.46855760e-01, 1.66934619e+03, 4.41951996e+02,
       1.59712508e-01, 1.66344470e+03, 4.36195618e+02, 1.77444682e-01,
       1.55747949e+03, 4.80249207e+02, 1.45619944e-01, 1.72822583e+03,
       6.12687866e+02, 3.96973163e-01, 1.71349988e+03, 6.24418030e+02,
       3.43053192e-01, 1.63690955e+03, 6.09748108e+02, 2.36349314e-01 ]
