%YAML:1.0
---
pose_0: !!opencv-matrix
   rows: 1
   cols: 25
   dt: "3f"
   data: [ 6.03878113e+02, 5.09632660e+02, 8.23810339e-01,
       7.48049072e+02, 5.33229492e+02, 5.53660452e-01, 7.48129028e+02,
       6.42134216e+02, 4.79004145e-01, 9.36438171e+02, 6.86306030e+02,
       7.33546853e-01, 1.05125330e+03, 6.89234314e+02, 7.99069464e-01,
       7.51038086e+02, 4.53743164e+02, 4.11523372e-01, 9.42369995e+02,
       4.09634918e+02, 5.36188304e-01, 1.09837866e+03, 3.68465607e+02,
       7.27752626e-01, 1.07191626e+03, 5.30218201e+02, 5.82716107e-01,
       1.06301221e+03, 5.83264587e+02, 5.59193432e-01, 1.30732373e+03,
       6.03939392e+02, 6.35169923e-01, 1.60159521e+03, 6.68654297e+02,
       4.88818765e-01, 1.08364832e+03, 4.65517303e+02, 5.42338848e-01,
       1.30140491e+03, 4.56571228e+02, 5.07054269e-01, 1.61341418e+03,
       4.27254089e+02, 4.34136033e-01, 5.94964478e+02, 5.30292786e+02,
       8.27644587e-01, 5.95043274e+02, 4.89055725e+02, 7.86682844e-01,
       6.15629272e+02, 5.56807434e+02, 4.12474960e-01, 6.24423401e+02,
       4.59793884e+02, 4.94273424e-01, 1.72228943e+03, 4.42014008e+02,
       1.04246132e-01, 1.71933032e+03, 4.33177551e+02, 1.16072118e-01,
       0., 0., 0., 1.72519189e+03, 6.24441101e+02, 4.46600378e-01,
       1.71643860e+03, 6.36253601e+02, 3.28141510e-01, 1.61636877e+03,
       6.71592407e+02, 2.42392257e-01 ]
