%YAML:1.0
---
pose_0: !!opencv-matrix
   rows: 1
   cols: 25
   dt: "3f"
   data: [ 7.03915710e+02, 5.98030151e+02, 8.77023876e-01,
       8.12871277e+02, 5.83250671e+02, 6.81318700e-01, 7.98096863e+02,
       6.42107666e+02, 4.78269607e-01, 9.74680237e+02, 6.50922913e+02,
       4.98904735e-01, 1.05128760e+03, 7.30387878e+02, 8.12359154e-01,
       8.33467285e+02, 5.24357117e+02, 7.15251386e-01, 9.74787964e+02,
       5.03662323e+02, 7.98421681e-01, 1.11605786e+03, 4.94920044e+02,
       7.98588693e-01, 1.11602966e+03, 6.33265198e+02, 5.66691220e-01,
       1.11005688e+03, 6.71679504e+02, 6.24754548e-01, 1.29845825e+03,
       7.68745361e+02, 6.93581343e-01, 1.37802625e+03, 6.86291565e+02,
       2.25397348e-01, 1.12188000e+03, 5.83239258e+02, 5.22549033e-01,
       1.30440503e+03, 6.68525574e+02, 7.08557367e-01, 1.56922668e+03,
       6.71596802e+02, 6.08983338e-01, 6.89274109e+02, 6.06764526e+02,
       8.33526909e-01, 6.92273804e+02, 5.77308533e+02, 8.87928486e-01,
       7.03909668e+02, 6.24480286e+02, 2.80835032e-01, 7.12734558e+02,
       5.50879761e+02, 6.20278239e-01, 1.63995483e+03, 6.36208862e+02,
       4.63878095e-01, 1.63691626e+03, 6.33350220e+02, 4.71194208e-01,
       1.59277881e+03, 6.95144348e+02, 2.54073024e-01, 0., 0., 0., 0.,
       0., 0., 0., 0., 0. ]
