%YAML:1.0
---
pose_0: !!opencv-matrix
   rows: 1
   cols: 25
   dt: "3f"
   data: [ 7.80451050e+02, 4.30252228e+02, 5.24043024e-01,
       8.48106445e+02, 4.83125610e+02, 5.77701151e-01, 8.12817993e+02,
       5.36139282e+02, 5.31617761e-01, 7.30413208e+02, 5.03852875e+02,
       5.31614900e-01, 7.21686829e+02, 4.56673981e+02, 4.35486078e-01,
       8.80544128e+02, 4.30142700e+02, 4.41943735e-01, 1.02178949e+03,
       3.83086761e+02, 6.85380578e-01, 1.13653625e+03, 3.35960754e+02,
       7.44479656e-01, 1.11597595e+03, 4.80319427e+02, 5.96129060e-01,
       1.11300745e+03, 5.30239319e+02, 5.83186090e-01, 1.35733374e+03,
       6.18493469e+02, 4.81715918e-01, 1.54274817e+03, 6.95161865e+02,
       6.22188628e-01, 1.11885254e+03, 4.30201874e+02, 5.67862511e-01,
       1.21611560e+03, 3.83085114e+02, 3.04217011e-01, 1.53978699e+03,
       2.50739410e+02, 2.49547541e-01, 7.59840515e+02, 4.36155609e+02,
       5.97064078e-01, 7.65757324e+02, 4.12572327e+02, 1.57440081e-01,
       7.62675110e+02, 4.77252228e+02, 6.82910323e-01, 0., 0., 0., 0.,
       0., 0., 0., 0., 0., 0., 0., 0., 1.61055090e+03, 6.80351135e+02,
       5.32508552e-01, 1.60744531e+03, 6.92218933e+02, 4.77015853e-01,
       1.56336353e+03, 7.18636902e+02, 3.85113448e-01 ]
