%YAML:1.0
---
pose_0: !!opencv-matrix
   rows: 1
   cols: 25
   dt: "3f"
   data: [ 7.68670715e+02, 4.59800476e+02, 8.62867832e-01,
       8.83470642e+02, 4.83281067e+02, 8.11519444e-01, 8.65853271e+02,
       5.53812500e+02, 7.43520558e-01, 9.74782043e+02, 6.18524231e+02,
       7.63494730e-01, 1.08355981e+03, 6.89201294e+02, 7.82490849e-01,
       8.95203064e+02, 4.24303467e+02, 6.52088583e-01, 1.03066650e+03,
       3.62485413e+02, 8.21171761e-01, 1.13074463e+03, 2.86024567e+02,
       7.91160822e-01, 1.13958752e+03, 4.65534637e+02, 6.05438709e-01,
       1.13947888e+03, 5.12619751e+02, 6.02409005e-01, 1.34849451e+03,
       5.36245972e+02, 6.83845699e-01, 1.55454004e+03, 5.56768555e+02,
       6.48638248e-01, 1.13954199e+03, 4.12543365e+02, 6.08156562e-01,
       1.35142346e+03, 4.15480194e+02, 6.76422834e-01, 1.57218323e+03,
       4.30138855e+02, 6.17533207e-01, 7.59816101e+02, 4.80322815e+02,
       8.31230044e-01, 7.59910522e+02, 4.47885986e+02, 8.46094847e-01,
       7.74615540e+02, 5.06791626e+02, 5.73395133e-01, 7.83378357e+02,
       4.24266144e+02, 6.56327844e-01, 1.63703137e+03, 4.21376526e+02,
       3.21799189e-01, 1.63394373e+03, 4.12613495e+02, 3.81077856e-01,
       1.61041711e+03, 4.33134247e+02, 2.57651418e-01, 1.61344202e+03,
       5.97942932e+02, 4.10793096e-01, 1.61051465e+03, 5.95077026e+02,
       4.15967137e-01, 1.58688452e+03, 5.39082703e+02, 4.60263610e-01 ]
