%YAML:1.0
---
pose_0: !!opencv-matrix
   rows: 1
   cols: 25
   dt: "3f"
   data: [ 7.39124573e+02, 5.24418091e+02, 8.74039948e-01,
       8.57062683e+02, 5.15589661e+02, 7.29868829e-01, 8.53999146e+02,
       5.97925293e+02, 5.83995879e-01, 9.95229797e+02, 6.59823669e+02,
       7.50131845e-01, 8.68712341e+02, 6.48022644e+02, 7.96068311e-01,
       8.56924377e+02, 4.30264496e+02, 6.93686962e-01, 9.71670959e+02,
       3.44841583e+02, 8.26780200e-01, 1.04842188e+03, 3.89175232e+02,
       8.55694830e-01, 1.13656030e+03, 5.59733459e+02, 5.25651217e-01,
       1.12196338e+03, 6.09736328e+02, 5.54291546e-01, 1.36911377e+03,
       6.95244629e+02, 6.72919989e-01, 1.56038086e+03, 6.06834106e+02,
       5.47870874e-01, 1.14243689e+03, 5.03795105e+02, 5.38080335e-01,
       1.35438208e+03, 5.53960388e+02, 6.90708101e-01, 1.63990747e+03,
       4.80315613e+02, 5.92740774e-01, 7.21620300e+02, 5.42021851e+02,
       7.84651637e-01, 7.24599609e+02, 5.03838531e+02, 8.54725599e-01,
       7.39304077e+02, 5.71526611e+02, 3.46635312e-01, 7.59820068e+02,
       4.80192261e+02, 4.75695580e-01, 1.71350879e+03, 4.27273315e+02,
       1.98670834e-01, 1.71347278e+03, 4.33084778e+02, 1.97154507e-01,
       1.68103125e+03, 4.94940582e+02, 1.84952214e-01, 1.65455005e+03,
       6.30327942e+02, 2.37097099e-01, 1.63692627e+03, 6.42099854e+02,
       2.34127462e-01, 1.57811646e+03, 5.80374329e+02, 3.38960439e-01 ]
