%YAML:1.0
---
pose_0: !!opencv-matrix
   rows: 1
   cols: 25
   dt: "3f"
   data: [ 7.12763855e+02, 5.06727051e+02, 8.49684536e-01,
       8.09883240e+02, 4.44973236e+02, 6.94841862e-01, 8.15843689e+02,
       5.03861389e+02, 4.99167234e-01, 1.01294543e+03, 5.39091003e+02,
       7.05109417e-01, 1.07770630e+03, 6.51015747e+02, 7.75854647e-01,
       8.01060852e+02, 3.86163391e+02, 7.22195983e-01, 9.04068054e+02,
       3.41833405e+02, 7.68316388e-01, 9.80665955e+02, 2.77202393e+02,
       7.34840930e-01, 1.11892603e+03, 4.27269409e+02, 3.21901083e-01,
       1.10421350e+03, 4.33140808e+02, 2.03264520e-01, 1.35732886e+03,
       4.59741608e+02, 3.07957768e-01, 1.54282178e+03, 4.15544556e+02,
       4.04353440e-01, 1.13071301e+03, 4.12563934e+02, 2.50088692e-01,
       1.36025134e+03, 4.83245667e+02, 3.03348988e-01, 1.59280859e+03,
       4.18444855e+02, 2.29396045e-01, 6.95113281e+02, 5.06707825e+02,
       2.78349012e-01, 6.98131409e+02, 4.86080536e+02, 7.65606940e-01,
       0., 0., 0., 7.21653381e+02, 4.36121216e+02, 6.40927792e-01,
       1.66061084e+03, 3.83153107e+02, 2.32119247e-01, 1.66344678e+03,
       3.83135895e+02, 2.15241373e-01, 1.65164648e+03, 4.50824585e+02,
       1.22986645e-01, 0., 0., 0., 0., 0., 0., 1.56928162e+03,
       3.86018494e+02, 1.31389081e-01 ]
