%YAML:1.0
---
pose_0: !!opencv-matrix
   rows: 1
   cols: 25
   dt: "3f"
   data: [ 7.53978455e+02, 3.88989349e+02, 7.01495945e-01,
       8.18734497e+02, 4.36150726e+02, 6.63110912e-01, 8.18755493e+02,
       4.77331482e+02, 7.39828706e-01, 9.15829163e+02, 5.71395508e+02,
       8.08508515e-01, 9.51200928e+02, 4.94946533e+02, 7.30409265e-01,
       8.12914917e+02, 3.94906586e+02, 4.24235523e-01, 9.71720459e+02,
       3.86035095e+02, 1.18282489e-01, 9.68814453e+02, 3.86003693e+02,
       6.21387437e-02, 1.10717444e+03, 4.68441650e+02, 4.05464292e-01,
       1.07773804e+03, 5.00888519e+02, 3.17316413e-01, 1.29549854e+03,
       4.33111938e+02, 7.90363789e-01, 1.51333582e+03, 5.89128235e+02,
       4.70625460e-01, 1.12480884e+03, 4.33227661e+02, 3.56629282e-01,
       1.35143127e+03, 4.21335327e+02, 4.34400707e-01, 1.53101587e+03,
       4.68516022e+02, 6.04942799e-01, 7.36341736e+02, 4.03732880e+02,
       6.24750197e-01, 7.39187805e+02, 3.85943481e+02, 1.84749573e-01,
       7.53999634e+02, 4.36037262e+02, 5.09344399e-01, 0., 0., 0.,
       1.61335876e+03, 3.92039612e+02, 4.22430962e-01, 1.61038037e+03,
       3.97845642e+02, 3.97432417e-01, 1.53982104e+03, 5.03669373e+02,
       4.14203495e-01, 1.60750586e+03, 5.68569092e+02, 1.34704530e-01,
       1.53689160e+03, 6.09765625e+02, 1.49567500e-01, 1.54865479e+03,
       6.27435730e+02, 3.21464479e-01 ]
