%YAML:1.0
---
pose_0: !!opencv-matrix
   rows: 1
   cols: 25
   dt: "3f"
   data: [ 6.74501648e+02, 4.59701996e+02, 8.44895720e-01,
       7.92259766e+02, 4.65546722e+02, 7.11876273e-01, 8.09804749e+02,
       5.50970276e+02, 7.30715811e-01, 9.30466125e+02, 6.03945862e+02,
       8.04554522e-01, 9.98320374e+02, 6.65607910e+02, 8.34106207e-01,
       7.86391174e+02, 3.88936188e+02, 6.45172119e-01, 9.45246887e+02,
       3.15282288e+02, 7.12308288e-01, 1.07191516e+03, 2.71299072e+02,
       8.91164422e-01, 1.06299524e+03, 5.00789154e+02, 5.64444542e-01,
       1.04829431e+03, 5.50828247e+02, 5.99739730e-01, 1.28961792e+03,
       5.77536560e+02, 7.19570100e-01, 1.54575208e+03, 6.18572327e+02,
       5.49457192e-01, 1.07190161e+03, 4.36124969e+02, 5.19480705e-01,
       1.34259753e+03, 4.39024536e+02, 6.23873293e-01, 1.58398254e+03,
       4.18486084e+02, 5.23108542e-01, 6.62679810e+02, 4.80186279e+02,
       7.44606376e-01, 6.65622803e+02, 4.39100891e+02, 8.15744579e-01,
       6.77427734e+02, 5.00875427e+02, 3.28336775e-01, 6.92148865e+02,
       4.12587769e+02, 5.79853892e-01, 1.68104456e+03, 4.18450287e+02,
       2.19373196e-01, 1.67520581e+03, 4.06671997e+02, 2.37391949e-01,
       1.61337903e+03, 4.09603027e+02, 2.15364113e-01, 1.65760059e+03,
       5.92096619e+02, 3.22827429e-01, 1.65163391e+03, 6.03924561e+02,
       2.78384089e-01, 1.57811816e+03, 6.18622192e+02, 2.25417554e-01 ]
