%YAML:1.0
---
pose_0: !!opencv-matrix
   rows: 1
   cols: 25
   dt: "3f"
   data: [ 7.42308167e+02, 3.30125122e+02, 8.30593109e-01,
       8.77547180e+02, 3.41839020e+02, 6.42435014e-01, 8.80523560e+02,
       4.15495239e+02, 5.13398528e-01, 9.98302368e+02, 4.83266602e+02,
       3.85618269e-01, 1.00410168e+03, 4.83249176e+02, 4.42857504e-01,
       8.86489929e+02, 2.56514923e+02, 6.17895305e-01, 1.02478284e+03,
       2.21303314e+02, 8.15159202e-01, 1.09242249e+03, 1.09505264e+02,
       6.99042976e-01, 1.14244946e+03, 3.65387360e+02, 6.38174474e-01,
       1.13364722e+03, 4.09722717e+02, 5.88820159e-01, 1.35738721e+03,
       4.33283539e+02, 6.82378411e-01, 1.55159277e+03, 4.50816864e+02,
       6.37180150e-01, 1.14835095e+03, 3.12523651e+02, 5.66412985e-01,
       1.34851770e+03, 3.15265045e+02, 7.18074441e-01, 1.57511670e+03,
       2.88965790e+02, 6.32439137e-01, 7.33391663e+02, 3.44961639e+02,
       7.73031235e-01, 7.36292786e+02, 3.15428314e+02, 8.69764864e-01,
       7.48062439e+02, 3.80107330e+02, 4.65376347e-01, 7.62709167e+02,
       2.91942871e+02, 4.17573273e-01, 1.63998254e+03, 2.77132904e+02,
       4.33906287e-01, 1.63687866e+03, 2.71189056e+02, 4.76369947e-01,
       1.60746448e+03, 2.88891235e+02, 2.72930294e-01, 1.60459277e+03,
       4.53738953e+02, 4.50731456e-01, 1.59572485e+03, 4.62591736e+02,
       4.29841995e-01, 1.58399390e+03, 4.36077209e+02, 4.03833628e-01 ]
