%YAML:1.0
---
pose_0: !!opencv-matrix
   rows: 1
   cols: 25
   dt: "3f"
   data: [ 6.83322266e+02, 4.89124207e+02, 7.55690217e-01,
       7.86425720e+02, 4.83181671e+02, 6.16303205e-01, 7.95175964e+02,
       5.50897583e+02, 3.06916088e-01, 9.42351746e+02, 6.01000305e+02,
       2.37762749e-01, 1.07183752e+03, 6.48095459e+02, 9.51618776e-02,
       7.95242126e+02, 4.09598663e+02, 6.22007251e-01, 9.10014526e+02,
       3.86016052e+02, 7.36363888e-01, 1.02486365e+03, 3.89095123e+02,
       7.47043788e-01, 1.09240784e+03, 5.21396179e+02, 5.25986314e-01,
       1.08364441e+03, 5.74297424e+02, 5.39975166e-01, 1.30727673e+03,
       6.15665100e+02, 6.47201598e-01, 1.62221375e+03, 6.65699097e+02,
       6.16851807e-01, 1.09539673e+03, 4.56726807e+02, 5.46291471e-01,
       1.35441443e+03, 4.77292725e+02, 4.73536789e-01, 1.59577698e+03,
       4.83175873e+02, 5.34543872e-01, 6.65614075e+02, 5.06750397e+02,
       7.85021782e-01, 6.68599304e+02, 4.68511261e+02, 7.88294494e-01,
       6.77451965e+02, 5.27443176e+02, 1.59722567e-01, 6.92025452e+02,
       4.36147034e+02, 5.81315398e-01, 1.68992749e+03, 4.80172455e+02,
       2.62225747e-01, 1.68704712e+03, 4.68479370e+02, 2.71423668e-01,
       1.61639050e+03, 4.74390533e+02, 2.36182809e-01, 1.71050989e+03,
       6.92196167e+02, 1.24051541e-01, 0., 0., 0., 1.64869995e+03,
       6.50989868e+02, 3.26936126e-01 ]
