%YAML:1.0
---
pose_0: !!opencv-matrix
   rows: 1
   cols: 25
   dt: "3f"
   data: [ 7.45118958e+02, 4.83178070e+02, 8.78703892e-01,
       8.59815247e+02, 5.09767975e+02, 7.69892454e-01, 8.53956421e+02,
       5.83301697e+02, 7.11153805e-01, 9.80563660e+02, 6.21592407e+02,
       7.26833105e-01, 1.07183020e+03, 5.74301636e+02, 8.15152586e-01,
       8.65813660e+02, 4.50805542e+02, 6.17123127e-01, 9.62934326e+02,
       4.18477142e+02, 2.66995311e-01, 9.71778992e+02, 4.41970673e+02,
       1.08432323e-01, 1.11304602e+03, 5.24326843e+02, 5.50534487e-01,
       1.11008862e+03, 5.74432556e+02, 5.26479840e-01, 1.32489954e+03,
       5.97835022e+02, 6.44598246e-01, 1.54864490e+03, 6.00920593e+02,
       4.73336607e-01, 1.11604749e+03, 4.65575836e+02, 6.11786306e-01,
       1.30734338e+03, 4.53647980e+02, 5.69796920e-01, 1.52803320e+03,
       4.42013763e+02, 4.58125502e-01, 7.33416565e+02, 5.00912170e+02,
       7.86397099e-01, 7.36340393e+02, 4.62682159e+02, 8.07180643e-01,
       7.42277832e+02, 5.27351563e+02, 6.94340527e-01, 7.62804382e+02,
       4.44967255e+02, 6.34718895e-01, 1.64581531e+03, 4.09514679e+02,
       2.68344402e-01, 1.64576111e+03, 4.06602905e+02, 2.72846460e-01,
       1.54284424e+03, 4.33196991e+02, 2.22971246e-01, 1.61927185e+03,
       5.74456299e+02, 4.51300919e-01, 1.61338599e+03, 5.83312927e+02,
       3.88725817e-01, 1.57808606e+03, 6.01012024e+02, 2.16864422e-01 ]
