%YAML:1.0
---
pose_0: !!opencv-matrix
   rows: 1
   cols: 25
   dt: "3f"
   data: [ 7.33347717e+02, 4.77304626e+02, 7.08458796e-02,
       7.83377747e+02, 5.39129517e+02, 5.53723097e-01, 7.86306519e+02,
       5.45004639e+02, 4.77568269e-01, 9.36448303e+02, 5.12598145e+02,
       7.75639713e-01, 8.77498413e+02, 3.83030457e+02, 8.26523185e-01,
       7.65758362e+02, 5.59682922e+02, 5.26226282e-01, 9.30660583e+02,
       5.09649506e+02, 1.16104089e-01, 0., 0., 0., 1.08359143e+03,
       5.62650208e+02, 4.61417109e-01, 1.06597876e+03, 5.92088257e+02,
       3.86913002e-01, 1.36615527e+03, 5.27399353e+02, 6.05423748e-01,
       1.65755371e+03, 7.30419678e+02, 3.99073541e-01, 1.09832422e+03,
       5.30376709e+02, 3.72320354e-01, 1.35737415e+03, 5.06698364e+02,
       3.12295765e-01, 1.62520557e+03, 6.86308838e+02, 1.66873604e-01,
       0., 0., 0., 0., 0., 0., 7.18768860e+02, 5.00825226e+02,
       1.78899050e-01, 6.92172668e+02, 5.71454529e+02, 1.88265249e-01,
       1.70463574e+03, 6.36265442e+02, 1.31678581e-01, 1.70161230e+03,
       6.36268250e+02, 1.23694696e-01, 0., 0., 0., 1.72811511e+03,
       7.50989990e+02, 2.69060671e-01, 1.70473889e+03, 7.62818970e+02,
       2.72054136e-01, 1.66043958e+03, 7.51042236e+02, 2.90574878e-01 ]
