%YAML:1.0
---
pose_0: !!opencv-matrix
   rows: 1
   cols: 25
   dt: "3f"
   data: [ 7.01043884e+02, 4.80348846e+02, 7.87718236e-01,
       8.18736023e+02, 4.89037079e+02, 5.86010396e-01, 8.01083496e+02,
       5.53774231e+02, 2.91681260e-01, 6.74468323e+02, 5.24348816e+02,
       2.64300048e-01, 6.59807495e+02, 4.80243835e+02, 1.40565276e-01,
       8.33523071e+02, 4.21418793e+02, 6.21170282e-01, 9.77705933e+02,
       3.42007050e+02, 6.68768227e-01, 1.12773132e+03, 2.56573914e+02,
       6.61928535e-01, 1.13662952e+03, 4.59648315e+02, 4.96808320e-01,
       1.13071729e+03, 5.12666382e+02, 5.20681620e-01, 1.33076709e+03,
       5.50931885e+02, 6.49748921e-01, 1.61048120e+03, 6.06877258e+02,
       4.95290786e-01, 1.13662781e+03, 4.03662170e+02, 4.60622370e-01,
       1.35738879e+03, 4.00812744e+02, 4.68297780e-01, 1.57514136e+03,
       4.09517639e+02, 4.55292046e-01, 6.86240723e+02, 4.94931580e+02,
       6.76247001e-01, 6.92181946e+02, 4.59712891e+02, 7.97643363e-01,
       7.12714355e+02, 5.12660828e+02, 1.94566593e-01, 7.15692566e+02,
       4.36037872e+02, 5.70450962e-01, 1.65454846e+03, 3.83109772e+02,
       4.68172342e-01, 1.64873901e+03, 3.80147522e+02, 4.50159729e-01,
       1.59866956e+03, 4.09604736e+02, 2.59223104e-01, 1.71347217e+03,
       6.24510315e+02, 3.06188196e-01, 1.69285095e+03, 6.39137146e+02,
       2.88487256e-01, 1.62225183e+03, 6.00945618e+02, 4.26262468e-01 ]
