%YAML:1.0
---
pose_0: !!opencv-matrix
   rows: 1
   cols: 25
   dt: "3f"
   data: [ 6.92272400e+02, 5.56750183e+02, 8.66836727e-01,
       8.12904480e+02, 5.50885376e+02, 6.54327989e-01, 8.15808655e+02,
       6.21552673e+02, 5.43849826e-01, 9.59973450e+02, 6.39136292e+02,
       5.47793508e-01, 1.07177051e+03, 6.92120422e+02, 7.89489031e-01,
       8.24626770e+02, 4.65583313e+02, 6.04978800e-01, 9.74747192e+02,
       4.30258514e+02, 7.66926765e-01, 1.11898828e+03, 3.85987396e+02,
       8.88516665e-01, 1.09251306e+03, 5.62637878e+02, 5.28101325e-01,
       1.08953333e+03, 6.18496704e+02, 5.72165668e-01, 1.26903784e+03,
       6.24489441e+02, 1.98542356e-01, 1.60163660e+03, 5.33222473e+02,
       3.09852362e-01, 1.09545032e+03, 5.06824188e+02, 4.87537920e-01,
       1.29552197e+03, 6.15670837e+02, 5.26657164e-01, 1.56331909e+03,
       6.71653992e+02, 5.56272149e-01, 6.80386658e+02, 5.74463257e+02,
       7.86853135e-01, 6.77493958e+02, 5.39125366e+02, 7.62974560e-01,
       6.95040894e+02, 5.94946899e+02, 2.34384716e-01, 6.98138367e+02,
       5.09653137e+02, 5.84246695e-01, 1.63686597e+03, 6.48015991e+02,
       1.19037725e-01, 1.63099719e+03, 6.45009644e+02, 1.30599901e-01,
       1.58988281e+03, 6.77404663e+02, 2.53858745e-01, 0., 0., 0., 0.,
       0., 0., 1.64282715e+03, 5.18525818e+02, 2.10664481e-01 ]
