%YAML:1.0
---
pose_0: !!opencv-matrix
   rows: 1
   cols: 25
   dt: "3f"
   data: [ 6.83304749e+02, 5.27475159e+02, 8.02916050e-01,
       8.09953430e+02, 5.39132568e+02, 5.38539350e-01, 8.48128662e+02,
       6.01018250e+02, 4.07794595e-01, 9.74750061e+02, 6.62677856e+02,
       7.47384906e-01, 8.95244324e+02, 6.09717163e+02, 6.07925296e-01,
       7.86400146e+02, 4.83270142e+02, 4.94382083e-01, 9.18758545e+02,
       3.68412415e+02, 6.59933507e-01, 9.74666809e+02, 3.85902557e+02,
       7.13921607e-01, 1.10720020e+03, 5.53884705e+02, 4.61234927e-01,
       1.09837317e+03, 6.12725830e+02, 5.04506171e-01, 1.31025439e+03,
       6.42144897e+02, 2.24565312e-01, 1.58988562e+03, 6.15620300e+02,
       3.16617310e-01, 1.10424683e+03, 4.89054260e+02, 4.48337793e-01,
       1.33086060e+03, 5.33231201e+02, 7.39879847e-01, 1.66344751e+03,
       5.42085510e+02, 5.27077198e-01, 6.68670349e+02, 5.42103088e+02,
       6.78811431e-01, 6.68657959e+02, 5.09717804e+02, 7.63680339e-01,
       6.89174011e+02, 5.68533447e+02, 4.37229097e-01, 6.89253174e+02,
       4.86202484e+02, 4.30166841e-01, 1.73409277e+03, 4.92006378e+02,
       1.96761414e-01, 1.73112744e+03, 4.94943359e+02, 1.97966233e-01,
       1.68408618e+03, 5.74425842e+02, 2.54651427e-01, 0., 0., 0., 0.,
       0., 0., 1.61637402e+03, 6.09769958e+02, 1.56187043e-01 ]
