%YAML:1.0
---
pose_0: !!opencv-matrix
   rows: 1
   cols: 25
   dt: "3f"
   data: [ 7.04001099e+02, 4.39044556e+02, 8.26673150e-01,
       8.12732117e+02, 4.33221649e+02, 6.97224975e-01, 8.06944397e+02,
       4.97850220e+02, 6.14410877e-01, 9.42325195e+02, 5.30196228e+02,
       4.52190906e-01, 1.08654016e+03, 5.74368042e+02, 7.46241271e-01,
       8.15818542e+02, 3.65431122e+02, 5.27443886e-01, 9.77729370e+02,
       3.35948517e+02, 6.92527711e-01, 1.14537610e+03, 3.39044159e+02,
       8.01219940e-01, 1.11893860e+03, 4.56693848e+02, 6.32847250e-01,
       1.10423462e+03, 5.06677185e+02, 6.12432778e-01, 1.30142834e+03,
       5.77390137e+02, 7.39923656e-01, 1.57807666e+03, 6.21435730e+02,
       4.60449845e-01, 1.13655090e+03, 4.00746918e+02, 5.37254632e-01,
       1.35434399e+03, 4.33035767e+02, 7.50585318e-01, 1.61637280e+03,
       4.21377869e+02, 5.45360565e-01, 6.95016113e+02, 4.56797455e+02,
       8.03570151e-01, 6.95070923e+02, 4.24329346e+02, 8.25242996e-01,
       7.15606079e+02, 4.80225220e+02, 3.23378533e-01, 7.18740784e+02,
       3.94906616e+02, 5.97549200e-01, 1.67226123e+03, 3.83052338e+02,
       1.78647369e-01, 1.66053357e+03, 3.86003479e+02, 2.47488230e-01,
       1.66051379e+03, 4.24314331e+02, 2.36077026e-01, 1.65164954e+03,
       6.77451355e+02, 1.61998317e-01, 0., 0., 0., 1.61046753e+03,
       6.00985657e+02, 3.22489440e-01 ]
