%YAML:1.0
---
pose_0: !!opencv-matrix
   rows: 2
   cols: 25
   dt: "3f"
   data: [ 4.56701782e+02, 5.98038269e+02, 7.42456138e-01,
       5.56827148e+02, 5.39069519e+02, 4.75731730e-01, 5.30230225e+02,
       6.06812134e+02, 2.84110874e-01, 0., 0., 0., 0., 0., 0.,
       6.06768921e+02, 4.59705139e+02, 6.16892934e-01, 5.71502991e+02,
       6.00877441e+02, 7.68749774e-01, 4.24291473e+02, 7.56871338e+02,
       7.03189671e-01, 1.03653638e+03, 6.18570679e+02, 1.43181190e-01,
       1.02771643e+03, 6.92119812e+02, 1.19587108e-01, 1.13942920e+03,
       7.42259460e+02, 6.33456632e-02, 0., 0., 0., 1.04828467e+03,
       5.68547424e+02, 1.48248166e-01, 1.38970313e+03, 6.39185547e+02,
       1.83455929e-01, 1.70169995e+03, 6.21524780e+02, 1.76640868e-01,
       4.33166107e+02, 6.09772095e+02, 6.17992520e-01, 4.39080933e+02,
       5.62696289e+02, 6.77775681e-01, 0., 0., 0., 4.71403595e+02,
       5.12615295e+02, 5.22327304e-01, 1.75460498e+03, 6.95050293e+02,
       8.42564777e-02, 1.75483557e+03, 6.89236694e+02, 6.62707016e-02,
       0., 0., 0., 0., 0., 0., 0., 0., 0., 0., 0., 0., 0., 0., 0., 0.,
       0., 0., 0., 0., 0., 0., 0., 0., 0., 0., 0., 0., 0., 0., 0., 0.,
       0., 0., 0., 0., 6.83322571e+02, 6.68619141e+02, 8.12643915e-02,
       6.53938416e+02, 6.92155884e+02, 9.79603231e-02, 4.74376343e+02,
       7.92284546e+02, 2.15551823e-01, 5.77407898e+02, 8.36394104e+02,
       1.45136431e-01, 7.33362427e+02, 6.21513428e+02, 7.40235224e-02,
       4.80166595e+02, 7.92296265e+02, 2.62072414e-01, 5.86221863e+02,
       8.42293884e+02, 2.01088235e-01, 0., 0., 0., 0., 0., 0., 0., 0.,
       0., 0., 0., 0., 5.39103333e+02, 9.04154785e+02, 1.80648088e-01,
       5.65577271e+02, 9.04130310e+02, 1.65572256e-01, 6.15660706e+02,
       8.39294861e+02, 1.86982825e-01, 0., 0., 0., 0., 0., 0.,
       6.09771790e+02, 8.30500916e+02, 1.21568337e-01 ]
