%YAML:1.0
---
pose_0: !!opencv-matrix
   rows: 1
   cols: 25
   dt: "3f"
   data: [ 7.42105957e+02, 5.53860413e+02, 7.74492383e-01,
       8.30459167e+02, 4.86164764e+02, 3.87195051e-01, 8.27529114e+02,
       4.92011108e+02, 2.44520098e-01, 1.01293689e+03, 5.06803741e+02,
       1.06856726e-01, 0., 0., 0., 8.42232971e+02, 5.03833527e+02,
       4.71870303e-01, 1.00714398e+03, 5.03754517e+02, 5.57736814e-01,
       1.16893640e+03, 5.36207458e+02, 7.10700572e-01, 1.16895447e+03,
       4.33162598e+02, 2.52557516e-01, 1.16602026e+03, 4.24330658e+02,
       1.18126452e-01, 1.38096692e+03, 5.44945435e+02, 4.81245637e-01,
       1.58398047e+03, 4.30242798e+02, 3.41677308e-01, 1.18959338e+03,
       4.21399292e+02, 3.47156614e-01, 1.37805566e+03, 5.56729614e+02,
       6.45022988e-01, 1.66048596e+03, 4.12645172e+02, 3.82154584e-01,
       7.36280151e+02, 5.50935425e+02, 6.16476163e-02, 7.33311951e+02,
       5.33330811e+02, 6.70377016e-01, 0., 0., 0., 7.45123413e+02,
       4.91980530e+02, 5.81234097e-01, 1.72814917e+03, 3.59608765e+02,
       2.29133666e-01, 1.72819775e+03, 3.62446045e+02, 2.15522736e-01,
       1.71637756e+03, 4.21368805e+02, 1.00617021e-01, 0., 0., 0., 0.,
       0., 0., 0., 0., 0. ]
