%YAML:1.0
---
pose_0: !!opencv-matrix
   rows: 1
   cols: 25
   dt: "3f"
   data: [ 7.45162537e+02, 5.71389282e+02, 8.60527813e-01,
       8.62850220e+02, 5.74343262e+02, 7.30361462e-01, 8.54040771e+02,
       6.36244934e+02, 5.68837762e-01, 1.00109906e+03, 6.95178894e+02,
       7.79428959e-01, 1.11592371e+03, 7.39236633e+02, 8.66197467e-01,
       8.80434204e+02, 5.03706512e+02, 6.40848398e-01, 1.01594543e+03,
       4.59647766e+02, 7.89606929e-01, 1.13945374e+03, 4.12564148e+02,
       8.43814075e-01, 1.11891516e+03, 5.80338501e+02, 5.64315379e-01,
       1.11601526e+03, 6.33254517e+02, 5.62442839e-01, 1.32206592e+03,
       6.45095947e+02, 7.50223160e-01, 1.55454126e+03, 6.62740356e+02,
       5.92897117e-01, 1.11887903e+03, 5.27330078e+02, 6.05215251e-01,
       1.30137573e+03, 5.03857544e+02, 6.11062527e-01, 1.53394629e+03,
       4.53743835e+02, 5.72532773e-01, 7.33415161e+02, 5.77380432e+02,
       8.66328716e-01, 7.42201172e+02, 5.47988037e+02, 9.04989183e-01,
       7.45123901e+02, 6.01020569e+02, 4.23705697e-01, 7.71627930e+02,
       5.27209839e+02, 5.24430335e-01, 1.63395789e+03, 4.44917236e+02,
       4.18433517e-01, 1.62812634e+03, 4.36136353e+02, 4.37423021e-01,
       0., 0., 0., 1.63105701e+03, 6.74492371e+02, 3.00626338e-01, 0.,
       0., 0., 1.58398877e+03, 6.45117737e+02, 3.36751103e-01 ]
