%YAML:1.0
---
pose_0: !!opencv-matrix
   rows: 1
   cols: 25
   dt: "3f"
   data: [ 7.89264404e+02, 5.53736633e+02, 8.66872370e-01,
       9.01106079e+02, 5.83252319e+02, 6.79047942e-01, 9.01111206e+02,
       6.68623230e+02, 6.10943556e-01, 1.05121545e+03, 7.03924988e+02,
       6.87096834e-01, 1.14837439e+03, 6.95018005e+02, 7.85523891e-01,
       9.04114136e+02, 5.06744598e+02, 6.37897313e-01, 9.54125244e+02,
       3.88936584e+02, 7.07339704e-01, 8.98210083e+02, 2.62471100e+02,
       7.57558107e-01, 1.15427771e+03, 5.98026123e+02, 6.60135150e-01,
       1.14255969e+03, 6.42176697e+02, 6.71340406e-01, 1.32203210e+03,
       6.68503601e+02, 5.92045605e-01, 1.44858130e+03, 6.95044556e+02,
       1.64515272e-01, 1.16306262e+03, 5.50856323e+02, 6.52689457e-01,
       1.32791040e+03, 5.83310242e+02, 6.69795573e-01, 1.51334021e+03,
       5.83230896e+02, 3.62013876e-01, 7.83455811e+02, 5.74382935e+02,
       7.39187062e-01, 7.80477783e+02, 5.45042725e+02, 5.33996105e-01,
       8.09808777e+02, 6.15577942e+02, 4.90674555e-01, 7.89403931e+02,
       5.50722046e+02, 1.23795621e-01, 1.58975964e+03, 5.30281128e+02,
       4.36117828e-01, 1.58684497e+03, 5.27410767e+02, 4.29794133e-01,
       1.53982666e+03, 5.80306274e+02, 1.42023891e-01, 1.58985669e+03,
       6.92215393e+02, 1.19717993e-01, 0., 0., 0., 1.54575159e+03,
       6.92171814e+02, 1.82141230e-01 ]
