%YAML:1.0
---
pose_0: !!opencv-matrix
   rows: 1
   cols: 25
   dt: "3f"
   data: [ 6.44954895e+02, 5.30294128e+02, 8.58290792e-01,
       7.77498535e+02, 5.59723511e+02, 6.24185205e-01, 7.71675720e+02,
       6.44986877e+02, 5.74453533e-01, 9.21754700e+02, 6.86261780e+02,
       6.66335881e-01, 1.09245740e+03, 6.47916016e+02, 7.99234331e-01,
       7.74567505e+02, 5.00822540e+02, 4.98022050e-01, 9.21738525e+02,
       4.39037079e+02, 3.24535131e-01, 9.45249695e+02, 4.30148071e+02,
       1.23583525e-01, 1.09838574e+03, 5.50895874e+02, 5.09755731e-01,
       1.09234583e+03, 6.06829529e+02, 5.31349361e-01, 1.35135828e+03,
       6.21512634e+02, 7.10771441e-01, 1.61335095e+03, 6.74569763e+02,
       5.57474732e-01, 1.11308093e+03, 4.89076385e+02, 4.74684983e-01,
       1.35738965e+03, 4.56759583e+02, 5.89323401e-01, 1.66044836e+03,
       4.09651093e+02, 4.18838620e-01, 6.24582886e+02, 5.53744507e+02,
       8.14792812e-01, 6.30342163e+02, 5.18499146e+02, 7.66566575e-01,
       6.45133911e+02, 5.83247070e+02, 5.35840750e-01, 6.68479004e+02,
       5.00805511e+02, 4.84814078e-01, 0., 0., 0., 0., 0., 0.,
       1.68407312e+03, 4.09624176e+02, 1.56587541e-01, 1.72518823e+03,
       6.24592590e+02, 4.97180820e-01, 1.72227002e+03, 6.39160095e+02,
       3.70235473e-01, 1.63696814e+03, 6.92147156e+02, 2.98592836e-01 ]
