%YAML:1.0
---
pose_0: !!opencv-matrix
   rows: 1
   cols: 25
   dt: "3f"
   data: [ 7.68761536e+02, 3.65340637e+02, 8.39073062e-01,
       8.56984558e+02, 3.56565277e+02, 7.45701015e-01, 8.53956482e+02,
       4.18430756e+02, 6.72960877e-01, 9.80621948e+02, 4.59647461e+02,
       6.55885816e-01, 1.11005017e+03, 5.03911346e+02, 6.93258464e-01,
       8.65839355e+02, 2.74207092e+02, 7.13483691e-01, 9.98201538e+02,
       2.41756805e+02, 8.29032421e-01, 1.02179620e+03, 1.74133942e+02,
       8.46756816e-01, 1.11605530e+03, 3.68417389e+02, 5.98069727e-01,
       1.10719861e+03, 4.18430389e+02, 5.81730723e-01, 1.34554651e+03,
       4.59736847e+02, 7.46497571e-01, 1.54574670e+03, 5.30396362e+02,
       6.36029422e-01, 1.12190662e+03, 3.18292755e+02, 5.85677385e-01,
       1.33092529e+03, 3.09508148e+02, 5.69349647e-01, 1.57807092e+03,
       2.97716583e+02, 5.22184134e-01, 7.59821106e+02, 3.80113953e+02,
       7.63400435e-01, 7.59807312e+02, 3.42081726e+02, 8.04907322e-01,
       7.68755066e+02, 4.03648407e+02, 3.35963607e-01, 7.68731384e+02,
       3.15514252e+02, 5.58427870e-01, 1.64286646e+03, 2.65392395e+02,
       4.35191333e-01, 1.63706836e+03, 2.65320709e+02, 4.74312693e-01,
       1.61046985e+03, 3.03668915e+02, 2.16421351e-01, 1.61342175e+03,
       5.30293579e+02, 5.00717103e-01, 1.60454443e+03, 5.47924011e+02,
       4.66080040e-01, 1.56927527e+03, 5.42075806e+02, 3.64511669e-01 ]
