%YAML:1.0
---
pose_0: !!opencv-matrix
   rows: 1
   cols: 25
   dt: "3f"
   data: [ 7.89246399e+02, 3.33066589e+02, 7.70628452e-01,
       8.80453308e+02, 3.89028381e+02, 7.58197844e-01, 8.62918274e+02,
       4.59700409e+02, 6.97003961e-01, 9.33478455e+02, 5.62721863e+02,
       7.70239532e-01, 9.92321594e+02, 5.98107300e+02, 8.55218053e-01,
       8.80489685e+02, 3.18419647e+02, 5.49364686e-01, 1.06297583e+03,
       3.36019287e+02, 6.51074409e-01, 1.17186487e+03, 2.74261963e+02,
       7.43794918e-01, 1.14246777e+03, 4.09701813e+02, 6.21855319e-01,
       1.14252649e+03, 4.59551636e+02, 5.83737195e-01, 1.35743787e+03,
       4.95010529e+02, 7.13858604e-01, 1.51920471e+03, 5.42009216e+02,
       5.75101316e-01, 1.14257788e+03, 3.62540649e+02, 6.56547129e-01,
       1.33085449e+03, 3.12497040e+02, 7.27855980e-01, 1.56334412e+03,
       2.68322662e+02, 6.45617962e-01, 7.68772766e+02, 3.44925934e+02,
       7.46851742e-01, 7.71653503e+02, 3.18335968e+02, 5.19879580e-01,
       7.86379822e+02, 3.85982147e+02, 7.16308117e-01, 0., 0., 0.,
       1.63705688e+03, 2.32979889e+02, 5.06464064e-01, 1.63406494e+03,
       2.30085922e+02, 4.82108861e-01, 1.59281055e+03, 2.68312592e+02,
       3.13713998e-01, 1.58398254e+03, 5.09688995e+02, 5.40168345e-01,
       1.57218896e+03, 5.21486267e+02, 4.46596146e-01, 1.54271692e+03,
       5.50908020e+02, 2.65431285e-01 ]
