%YAML:1.0
---
pose_0: !!opencv-matrix
   rows: 1
   cols: 25
   dt: "3f"
   data: [ 7.48100647e+02, 5.12578857e+02, 7.88603365e-01,
       8.42242126e+02, 4.74391571e+02, 4.64846849e-01, 8.42264160e+02,
       5.27266785e+02, 3.12307596e-01, 0., 0., 0., 0., 0., 0.,
       8.39317139e+02, 4.21401367e+02, 4.86357272e-01, 9.71784851e+02,
       4.09729706e+02, 7.73492217e-01, 1.07485181e+03, 4.21363403e+02,
       7.66668916e-01, 1.13361243e+03, 5.27256165e+02, 5.31362951e-01,
       1.12479688e+03, 5.74380005e+02, 5.29756904e-01, 1.32781763e+03,
       6.21453613e+02, 7.59057999e-01, 1.54576611e+03, 6.86286743e+02,
       5.74627638e-01, 1.13654248e+03, 4.77255096e+02, 4.71894413e-01,
       1.36321045e+03, 4.56707123e+02, 7.24090457e-01, 1.56339172e+03,
       4.53664978e+02, 6.33494377e-01, 7.39225708e+02, 5.24377380e+02,
       7.73930788e-01, 7.39276733e+02, 5.00807098e+02, 7.96434283e-01,
       0., 0., 0., 7.45140198e+02, 4.59538239e+02, 6.17108822e-01,
       1.63404089e+03, 4.36046387e+02, 3.59485000e-01, 1.63102380e+03,
       4.33052155e+02, 3.79298925e-01, 1.58690540e+03, 4.47885651e+02,
       2.73437917e-01, 1.62809656e+03, 6.51025879e+02, 5.57748139e-01,
       1.61635242e+03, 6.68633606e+02, 4.92606461e-01, 1.56340552e+03,
       7.06853577e+02, 3.75995159e-01 ]
