%YAML:1.0
---
pose_0: !!opencv-matrix
   rows: 1
   cols: 25
   dt: "3f"
   data: [ 7.09830566e+02, 6.03851563e+02, 8.51100564e-01,
       8.15833923e+02, 5.83278137e+02, 6.74529552e-01, 7.92306458e+02,
       6.42171570e+02, 4.49828446e-01, 0., 0., 0., 0., 0., 0.,
       8.36479492e+02, 5.30192383e+02, 7.20512092e-01, 9.80606506e+02,
       4.83174255e+02, 7.51730442e-01, 1.13942468e+03, 4.59631622e+02,
       8.28705788e-01, 1.11011621e+03, 6.21449097e+02, 5.53095400e-01,
       1.09542578e+03, 6.68569946e+02, 5.96173525e-01, 1.30135254e+03,
       7.65741211e+02, 6.55077398e-01, 1.44561304e+03, 6.45053284e+02,
       2.71787077e-01, 1.11596582e+03, 5.62640747e+02, 5.32988369e-01,
       1.30729993e+03, 6.48110352e+02, 7.26983428e-01, 1.58690662e+03,
       6.83368225e+02, 5.46418369e-01, 6.92134521e+02, 6.21407288e+02,
       8.54442954e-01, 6.95146423e+02, 5.80426575e+02, 8.31264734e-01,
       7.09817932e+02, 6.30396118e+02, 7.88719207e-02, 7.15703003e+02,
       5.56768188e+02, 6.51700437e-01, 1.65764722e+03, 6.48078918e+02,
       4.27567840e-01, 1.65459338e+03, 6.48009155e+02, 4.66362804e-01,
       1.59870996e+03, 6.98075378e+02, 2.71458089e-01, 0., 0., 0., 0.,
       0., 0., 0., 0., 0. ]
