%YAML:1.0
---
pose_0: !!opencv-matrix
   rows: 2
   cols: 25
   dt: "3f"
   data: [ 0., 0., 0., 0., 0., 0., 0., 0., 0., 0., 0., 0., 0., 0., 0.,
       0., 0., 0., 0., 0., 0., 0., 0., 0., 1.17781470e+03,
       4.80252106e+02, 2.51978040e-01, 1.18075635e+03, 4.71420959e+02,
       2.41111174e-01, 1.33082751e+03, 4.95005066e+02, 6.89692199e-01,
       1.55457654e+03, 4.33242035e+02, 6.39104843e-01, 1.18371252e+03,
       4.89047363e+02, 2.39253417e-01, 1.33674475e+03, 5.56880554e+02,
       6.80320561e-01, 1.58684460e+03, 4.77290131e+02, 5.05051613e-01,
       0., 0., 0., 0., 0., 0., 0., 0., 0., 0., 0., 0., 1.68101917e+03,
       4.59627106e+02, 1.74218953e-01, 1.67811011e+03, 4.56677124e+02,
       1.84751630e-01, 1.59867603e+03, 4.86135620e+02, 2.40243882e-01,
       1.61042090e+03, 3.85975800e+02, 3.54853004e-01, 1.60164392e+03,
       3.91944580e+02, 2.95580566e-01, 1.58098425e+03, 4.12633759e+02,
       3.80208194e-01, 7.62732971e+02, 5.50776184e+02, 9.84727368e-02,
       8.09989258e+02, 4.80317902e+02, 3.11688960e-01, 8.21662659e+02,
       4.80263519e+02, 2.63410211e-01, 9.74686584e+02, 4.39003754e+02,
       2.74418682e-01, 1.13366382e+03, 4.59562225e+02, 3.30647290e-01,
       8.12772827e+02, 4.86158417e+02, 3.15950960e-01, 9.74674438e+02,
       4.36152924e+02, 2.53738850e-01, 1.13654846e+03, 4.56770782e+02,
       3.06849808e-01, 8.86452820e+02, 4.18454681e+02, 6.11703023e-02,
       0., 0., 0., 0., 0., 0., 0., 0., 0., 0., 0., 0., 0., 0., 0., 0.,
       0., 0., 0., 0., 0., 7.62750549e+02, 5.36119934e+02,
       1.20113917e-01, 7.62755249e+02, 4.56653992e+02, 6.77301735e-02,
       7.45109680e+02, 5.00848846e+02, 2.94635981e-01, 0., 0., 0., 0.,
       0., 0., 0., 0., 0., 0., 0., 0., 0., 0., 0., 0., 0., 0. ]
