%YAML:1.0
---
pose_0: !!opencv-matrix
   rows: 1
   cols: 25
   dt: "3f"
   data: [ 6.56832092e+02, 4.80329956e+02, 8.49417806e-01,
       7.86358704e+02, 4.80199799e+02, 7.03154504e-01, 7.86348389e+02,
       5.56768250e+02, 5.19073665e-01, 8.83447021e+02, 5.74528564e+02,
       1.00115746e-01, 0., 0., 0., 7.86235474e+02, 3.80194000e+02,
       6.69331491e-01, 9.30708191e+02, 3.33109955e+02, 7.74764895e-01,
       1.07487073e+03, 2.74299561e+02, 7.81367779e-01, 1.12185535e+03,
       4.53767426e+02, 4.85541433e-01, 1.11604004e+03, 5.06691467e+02,
       5.01435697e-01, 1.33089502e+03, 4.80354584e+02, 6.36149406e-01,
       1.63694653e+03, 4.39020844e+02, 5.26552856e-01, 1.11899695e+03,
       3.89074677e+02, 4.82559621e-01, 1.34559692e+03, 3.89125916e+02,
       5.98495841e-01, 1.60453870e+03, 5.00849609e+02, 2.79402167e-01,
       6.44956238e+02, 5.00800385e+02, 8.18140388e-01, 6.45127686e+02,
       4.59660278e+02, 8.59754980e-01, 6.53954468e+02, 5.27277649e+02,
       3.38714778e-01, 6.71614441e+02, 4.36079132e+02, 5.31498730e-01,
       1.70763037e+03, 4.68417084e+02, 5.43952473e-02, 1.70456519e+03,
       4.65569550e+02, 5.37378900e-02, 1.61048450e+03, 5.27346680e+02,
       2.42726997e-01, 1.73992480e+03, 4.27249054e+02, 3.35444480e-01,
       1.72822668e+03, 4.36163239e+02, 3.29315156e-01, 1.65748230e+03,
       4.27320343e+02, 2.96908349e-01 ]
