%YAML:1.0
---
pose_0: !!opencv-matrix
   rows: 1
   cols: 25
   dt: "3f"
   data: [ 7.92324829e+02, 5.50778076e+02, 7.68674493e-01,
       9.04041870e+02, 5.39098633e+02, 6.55292273e-01, 9.39422424e+02,
       6.45030396e+02, 4.65740025e-01, 1.06892383e+03, 6.92101135e+02,
       7.65351832e-01, 1.16309326e+03, 7.15545898e+02, 8.01573813e-01,
       8.83536072e+02, 4.50840302e+02, 5.45627654e-01, 8.68788269e+02,
       3.18436157e+02, 7.51335323e-01, 7.56861023e+02, 2.74257721e+02,
       7.77865112e-01, 1.16316125e+03, 5.77389404e+02, 6.14777923e-01,
       1.16301208e+03, 6.24481201e+02, 6.01871550e-01, 1.35142615e+03,
       6.62657593e+02, 5.23370981e-01, 1.54568713e+03, 6.92237793e+02,
       6.01839364e-01, 1.16605505e+03, 5.30259155e+02, 5.73616982e-01,
       1.32792969e+03, 5.27395508e+02, 4.33070719e-01, 1.49574670e+03,
       4.86233521e+02, 3.54598790e-01, 7.86427246e+02, 5.62625916e+02,
       7.23635972e-01, 7.86311646e+02, 5.33294678e+02, 7.09798515e-01,
       8.09858948e+02, 5.89135376e+02, 5.16170442e-01, 8.01085022e+02,
       5.09685486e+02, 4.20739055e-01, 1.58982202e+03, 4.59695953e+02,
       3.07217449e-01, 1.58977856e+03, 4.56660553e+02, 3.00978005e-01,
       1.51332593e+03, 4.86157928e+02, 1.94844782e-01, 1.60458118e+03,
       6.80417175e+02, 2.83905268e-01, 1.59573389e+03, 6.92229431e+02,
       2.62028873e-01, 1.56930103e+03, 6.92085388e+02, 3.57208043e-01 ]
