%YAML:1.0
---
pose_0: !!opencv-matrix
   rows: 1
   cols: 25
   dt: "3f"
   data: [ 6.89110474e+02, 5.06908813e+02, 8.47772837e-01,
       8.18740356e+02, 5.27259155e+02, 6.78730249e-01, 8.33330566e+02,
       6.21567505e+02, 7.30553150e-01, 9.51249634e+02, 6.48013245e+02,
       7.89274096e-01, 1.09534314e+03, 6.94995361e+02, 5.84580839e-01,
       8.15766724e+02, 4.36196899e+02, 5.50628960e-01, 9.77718201e+02,
       3.59550934e+02, 6.03103995e-01, 1.08955457e+03, 2.88967834e+02,
       5.65586686e-01, 1.10129272e+03, 5.06790192e+02, 5.13074994e-01,
       1.09838037e+03, 5.59721863e+02, 5.45270383e-01, 1.34846985e+03,
       6.30380432e+02, 6.55971706e-01, 1.49274646e+03, 5.74457520e+02,
       4.12244916e-01, 1.09835083e+03, 4.53775818e+02, 5.13842165e-01,
       1.33969531e+03, 4.59527161e+02, 7.12202609e-01, 1.60165576e+03,
       4.18508850e+02, 5.32890737e-01, 6.68575623e+02, 5.27347595e+02,
       8.26838493e-01, 6.71664185e+02, 4.86153381e+02, 8.35096240e-01,
       6.86300781e+02, 5.50767273e+02, 2.53604472e-01, 6.98069946e+02,
       4.59786560e+02, 6.07602835e-01, 1.66934497e+03, 3.80186462e+02,
       4.04420018e-01, 1.66344751e+03, 3.80215424e+02, 4.34916377e-01,
       1.63697803e+03, 4.33192596e+02, 3.07701170e-01, 1.49861328e+03,
       6.56865784e+02, 1.89323843e-01, 1.48970911e+03, 6.50993042e+02,
       1.82387650e-01, 1.53390076e+03, 5.33226929e+02, 2.71346748e-01 ]
