%YAML:1.0
---
pose_0: !!opencv-matrix
   rows: 1
   cols: 25
   dt: "3f"
   data: [ 7.65672241e+02, 4.36067413e+02, 8.90602767e-01,
       8.59946106e+02, 4.35986755e+02, 7.77865946e-01, 8.59838440e+02,
       5.03722839e+02, 8.56782079e-01, 9.53990662e+02, 5.06709351e+02,
       8.99860561e-01, 8.57079834e+02, 4.12537598e+02, 8.22637618e-01,
       8.56972168e+02, 3.71386230e+02, 5.87613344e-01, 9.98331665e+02,
       2.74313477e+02, 8.64912212e-01, 9.07114685e+02, 2.44820953e+02,
       8.62406194e-01, 1.11887439e+03, 4.59735046e+02, 6.65963054e-01,
       1.10718518e+03, 5.06754028e+02, 6.48605824e-01, 1.30719849e+03,
       5.74388733e+02, 8.42677355e-01, 1.49564258e+03, 6.30422668e+02,
       6.20380342e-01, 1.13069202e+03, 4.12545105e+02, 6.12485290e-01,
       1.32784595e+03, 4.33035583e+02, 7.92034388e-01, 1.56036353e+03,
       4.24327850e+02, 6.19131982e-01, 7.56885986e+02, 4.53663879e+02,
       7.66220808e-01, 7.53977844e+02, 4.15550568e+02, 7.99328208e-01,
       7.65804932e+02, 4.71420471e+02, 2.77393907e-01, 7.80450867e+02,
       3.89132568e+02, 6.08017385e-01, 1.61354541e+03, 4.06684082e+02,
       5.45098841e-01, 1.61046411e+03, 4.00735901e+02, 5.94105959e-01,
       1.58687463e+03, 4.33043274e+02, 3.49087298e-01, 1.57509082e+03,
       6.56813416e+02, 2.38906503e-01, 0., 0., 0., 1.52804651e+03,
       6.27497253e+02, 4.05577004e-01 ]
