%YAML:1.0
---
pose_0: !!opencv-matrix
   rows: 1
   cols: 25
   dt: "3f"
   data: [ 6.44975220e+02, 5.27283020e+02, 8.69168401e-01,
       7.77486816e+02, 5.56789551e+02, 6.91419542e-01, 7.65705688e+02,
       6.36216370e+02, 7.45765567e-01, 9.30554871e+02, 6.50913330e+02,
       7.92541265e-01, 1.09533374e+03, 6.01068176e+02, 7.61822641e-01,
       7.89254822e+02, 4.86096497e+02, 4.48578060e-01, 8.89336853e+02,
       4.77302765e+02, 8.96587670e-02, 0., 0., 0., 1.08656262e+03,
       5.68575867e+02, 5.20474970e-01, 1.07191675e+03, 6.24508789e+02,
       5.28291881e-01, 1.35145313e+03, 6.36184509e+02, 6.65483356e-01,
       1.63103149e+03, 6.89243530e+02, 5.22972047e-01, 1.09835754e+03,
       5.09677704e+02, 5.38425207e-01, 1.32198840e+03, 4.77295258e+02,
       5.85712910e-01, 1.56926270e+03, 5.06844055e+02, 4.69046086e-01,
       6.27402527e+02, 5.50852112e+02, 7.88007617e-01, 6.30337280e+02,
       5.12681396e+02, 7.63837039e-01, 6.50934631e+02, 5.86246216e+02,
       6.22813940e-01, 6.56865112e+02, 5.00845978e+02, 3.83062989e-01,
       1.68410071e+03, 4.62567352e+02, 2.40475833e-01, 1.68401038e+03,
       4.56700714e+02, 2.52075434e-01, 1.59280212e+03, 5.33249451e+02,
       2.17182025e-01, 1.72227161e+03, 6.24426025e+02, 5.85194409e-01,
       1.71932385e+03, 6.36231628e+02, 4.57322389e-01, 1.66637402e+03,
       7.03945557e+02, 2.89073646e-01 ]
