%YAML:1.0
---
pose_0: !!opencv-matrix
   rows: 1
   cols: 25
   dt: "3f"
   data: [ 6.15627014e+02, 4.59774933e+02, 8.40355277e-01,
       7.53954102e+02, 5.03666351e+02, 6.67650878e-01, 7.45185242e+02,
       5.97871582e+02, 6.89752042e-01, 9.01065125e+02, 6.71627991e+02,
       8.05924475e-01, 1.00128308e+03, 6.44992493e+02, 8.14634085e-01,
       7.42227661e+02, 4.12579407e+02, 5.86488545e-01, 9.18770813e+02,
       3.62485321e+02, 8.64001155e-01, 7.83391602e+02, 3.68495575e+02,
       8.17339838e-01, 1.06299036e+03, 5.06753235e+02, 5.14803827e-01,
       1.06006812e+03, 5.56816345e+02, 5.17060399e-01, 1.31615637e+03,
       5.53757568e+02, 6.00927472e-01, 1.61047131e+03, 5.59738159e+02,
       5.52887797e-01, 1.05711169e+03, 4.44944092e+02, 5.04204869e-01,
       1.30138000e+03, 4.33223938e+02, 5.85471928e-01, 1.55746875e+03,
       4.36116455e+02, 2.90874124e-01, 5.98075256e+02, 4.83122009e+02,
       8.49311054e-01, 6.01019531e+02, 4.47893005e+02, 8.45328391e-01,
       6.21549133e+02, 5.15530640e+02, 6.16321802e-01, 6.33310181e+02,
       4.21365417e+02, 4.05688405e-01, 1.67523669e+03, 4.15542786e+02,
       1.46125153e-01, 1.66933008e+03, 4.12495850e+02, 1.70450687e-01,
       1.56927295e+03, 4.56733643e+02, 1.61727399e-01, 1.72226355e+03,
       5.47885803e+02, 5.01623511e-01, 1.71053613e+03, 5.53895203e+02,
       4.17701960e-01, 1.63393591e+03, 5.47953003e+02, 2.78604686e-01 ]
