%YAML:1.0
---
pose_0: !!opencv-matrix
   rows: 1
   cols: 25
   dt: "3f"
   data: [ 7.18710938e+02, 4.56803406e+02, 8.62097919e-01,
       8.33412231e+02, 4.47818146e+02, 7.00745046e-01, 8.33475098e+02,
       5.21487427e+02, 6.84316814e-01, 9.57118774e+02, 5.83317566e+02,
       7.18942523e-01, 1.06883081e+03, 6.47889832e+02, 8.26327145e-01,
       8.36363708e+02, 3.68448059e+02, 6.23101473e-01, 9.77567932e+02,
       3.21425293e+02, 7.71535993e-01, 1.09536426e+03, 2.91981293e+02,
       9.10476565e-01, 1.08951782e+03, 4.77303650e+02, 5.66513658e-01,
       1.07776404e+03, 5.24410889e+02, 5.54742098e-01, 1.28665735e+03,
       5.47897827e+02, 6.94523096e-01, 1.52802490e+03, 5.59712158e+02,
       4.97833878e-01, 1.09537512e+03, 4.21352539e+02, 5.18851459e-01,
       1.30438342e+03, 4.18407349e+02, 6.03113353e-01, 1.54869165e+03,
       4.09690369e+02, 5.50863504e-01, 7.03918030e+02, 4.68513519e+02,
       7.69667983e-01, 7.12656067e+02, 4.36127228e+02, 8.38424623e-01,
       7.18681335e+02, 4.86135529e+02, 2.48889908e-01, 7.30478882e+02,
       4.06720032e+02, 6.10940516e-01, 1.64001465e+03, 4.30193665e+02,
       5.56457564e-02, 1.62808130e+03, 3.65525604e+02, 1.88758627e-01,
       1.60751233e+03, 4.18469818e+02, 1.73404723e-01, 1.61045483e+03,
       5.27382019e+02, 3.39584708e-01, 1.60454333e+03, 5.39151733e+02,
       2.25482106e-01, 1.57512463e+03, 5.74475342e+02, 2.17985854e-01 ]
