%YAML:1.0
---
pose_0: !!opencv-matrix
   rows: 1
   cols: 25
   dt: "3f"
   data: [ 4.53746643e+02, 5.80406311e+02, 6.72291160e-01,
       6.00962463e+02, 5.89145386e+02, 5.14593780e-01, 6.06833252e+02,
       6.68653931e+02, 3.94285500e-01, 7.89236206e+02, 7.68651001e+02,
       7.43774891e-01, 5.83273376e+02, 7.42322388e+02, 7.68906295e-01,
       5.95027588e+02, 5.12638916e+02, 4.21605825e-01, 7.89321655e+02,
       4.62644470e+02, 7.97970295e-01, 5.65612061e+02, 5.30424927e+02,
       5.81550121e-01, 1.03066028e+03, 5.80345581e+02, 2.38756999e-01,
       1.03063220e+03, 6.50977905e+02, 2.36468047e-01, 1.21317505e+03,
       6.59784485e+02, 1.05028637e-01, 1.54275317e+03, 4.06667236e+02,
       5.40520959e-02, 1.03356055e+03, 5.06784271e+02, 2.68997073e-01,
       1.28379712e+03, 4.33130402e+02, 9.32826027e-02, 1.40145959e+03,
       4.06586853e+02, 8.76383632e-02, 4.30181885e+02, 6.00963806e+02,
       6.61029339e-01, 4.33271698e+02, 5.56847046e+02, 6.35491312e-01,
       4.50836884e+02, 6.33339600e+02, 1.52555302e-01, 4.80298676e+02,
       5.09699707e+02, 3.29209477e-01, 0., 0., 0., 0., 0., 0., 0., 0.,
       0., 0., 0., 0., 0., 0., 0., 0., 0., 0. ]
