%YAML:1.0
---
pose_0: !!opencv-matrix
   rows: 1
   cols: 25
   dt: "3f"
   data: [ 7.21626404e+02, 5.30263916e+02, 8.47196221e-01,
       8.33401428e+02, 5.44962097e+02, 6.79692209e-01, 8.33339478e+02,
       5.98041382e+02, 6.65134072e-01, 8.36381409e+02, 6.95029297e+02,
       8.75068069e-01, 7.24530212e+02, 7.01044739e+02, 7.51361609e-01,
       8.30459167e+02, 4.94953278e+02, 5.39429486e-01, 8.86435852e+02,
       4.36183228e+02, 8.12251925e-01, 8.36483704e+02, 5.53767395e+02,
       8.22665751e-01, 1.07474170e+03, 5.50909729e+02, 6.25144422e-01,
       1.07182764e+03, 5.97884399e+02, 6.30266666e-01, 1.27487488e+03,
       6.18635071e+02, 7.49619722e-01, 1.49269141e+03, 6.45130188e+02,
       6.39945984e-01, 1.08066064e+03, 5.03685089e+02, 5.85227251e-01,
       1.27790515e+03, 4.83166656e+02, 7.17405498e-01, 1.51329834e+03,
       4.56651001e+02, 6.14491761e-01, 7.09798523e+02, 5.39075134e+02,
       7.23005414e-01, 7.18561829e+02, 5.09750183e+02, 7.94817209e-01,
       7.18733032e+02, 5.65558167e+02, 2.75028527e-01, 7.42156189e+02,
       4.89059998e+02, 5.32789648e-01, 1.60161987e+03, 4.53774445e+02,
       4.70096111e-01, 1.59867419e+03, 4.44909729e+02, 4.43021625e-01,
       1.52218506e+03, 4.36066284e+02, 2.38476545e-01, 1.57216809e+03,
       6.71604370e+02, 5.18477917e-01, 1.56623560e+03, 6.74529846e+02,
       5.31419516e-01, 1.51918152e+03, 6.24496521e+02, 4.48479027e-01 ]
