%YAML:1.0
---
pose_0: !!opencv-matrix
   rows: 1
   cols: 25
   dt: "3f"
   data: [ 7.15571106e+02, 4.03727295e+02, 8.42594564e-01,
       7.92300903e+02, 4.00755219e+02, 7.10164905e-01, 7.68665100e+02,
       4.59728790e+02, 7.15176821e-01, 8.39349487e+02, 5.30307312e+02,
       7.23063767e-01, 9.21751953e+02, 5.95054932e+02, 6.90119684e-01,
       8.12981445e+02, 3.38973145e+02, 7.20900536e-01, 9.10035095e+02,
       3.09563049e+02, 7.70078599e-01, 9.10014160e+02, 5.21462891e+02,
       6.61444902e-01, 1.09543982e+03, 3.97860565e+02, 4.26311314e-01,
       1.10713965e+03, 4.50856384e+02, 4.75385696e-01, 1.35433313e+03,
       5.30224731e+02, 6.93651617e-01, 1.56926440e+03, 5.62652893e+02,
       5.14275789e-01, 1.09534607e+03, 3.42016113e+02, 3.72545928e-01,
       1.35734680e+03, 2.91860077e+02, 4.23579812e-01, 1.55748926e+03,
       1.80076660e+02, 4.13830072e-01, 6.92271606e+02, 4.15452240e+02,
       8.37383568e-01, 6.98119080e+02, 3.85906921e+02, 8.29427421e-01,
       7.06880798e+02, 4.39101105e+02, 5.17387450e-01, 7.21634155e+02,
       3.59523743e+02, 6.10845208e-01, 1.63396777e+03, 1.30007446e+02,
       9.76000205e-02, 1.62810303e+03, 1.30082092e+02, 1.02737851e-01,
       1.56924304e+03, 1.74183243e+02, 1.79517105e-01, 1.59575977e+03,
       6.27394836e+02, 1.46411449e-01, 1.58993066e+03, 6.24423767e+02,
       1.60846934e-01, 1.60161194e+03, 5.53882202e+02, 3.91813070e-01 ]
