%YAML:1.0
---
pose_0: !!opencv-matrix
   rows: 1
   cols: 25
   dt: "3f"
   data: [ 7.36266113e+02, 5.50953674e+02, 8.94628167e-01,
       8.36278015e+02, 5.77477966e+02, 7.87814438e-01, 8.09940674e+02,
       6.45034668e+02, 5.42011976e-01, 9.27687073e+02, 7.18565430e+02,
       1.90543696e-01, 9.27598267e+02, 7.18610474e+02, 6.36222214e-02,
       8.59931641e+02, 5.15586731e+02, 7.20820785e-01, 9.80594543e+02,
       4.71445526e+02, 7.61652827e-01, 1.06010767e+03, 4.09561218e+02,
       6.16243780e-01, 1.09549438e+03, 6.06773438e+02, 6.12330377e-01,
       1.09547266e+03, 6.50997864e+02, 6.18435621e-01, 1.28385645e+03,
       6.65670593e+02, 4.93369371e-01, 1.52508472e+03, 6.95166138e+02,
       5.76522350e-01, 1.09839661e+03, 5.53831909e+02, 6.05263293e-01,
       1.31027515e+03, 5.80326294e+02, 7.26936638e-01, 1.50161426e+03,
       6.01059204e+02, 5.92972755e-01, 7.18583435e+02, 5.71428101e+02,
       8.04484248e-01, 7.21675842e+02, 5.36239868e+02, 7.41474152e-01,
       7.36291931e+02, 6.00849060e+02, 7.57781029e-01, 7.53994202e+02,
       5.27322510e+02, 1.17921732e-01, 1.59277307e+03, 5.71470642e+02,
       5.66583991e-01, 1.58986426e+03, 5.68507690e+02, 5.26170373e-01,
       1.51923425e+03, 6.24423279e+02, 4.22185868e-01, 1.59872205e+03,
       6.83351135e+02, 3.99580389e-01, 1.58978650e+03, 6.95151855e+02,
       3.46758038e-01, 1.54277026e+03, 6.92236084e+02, 3.01768035e-01 ]
