%YAML:1.0
---
pose_0: !!opencv-matrix
   rows: 1
   cols: 25
   dt: "3f"
   data: [ 7.39289001e+02, 5.27279663e+02, 8.67672920e-01,
       8.12822571e+02, 5.18455933e+02, 7.93519139e-01, 8.09938416e+02,
       5.77392151e+02, 7.57407844e-01, 7.39219788e+02, 6.39118042e+02,
       8.03665519e-01, 6.45047546e+02, 6.18582275e+02, 3.76837790e-01,
       8.09971375e+02, 4.56617310e+02, 7.49942362e-01, 8.48207764e+02,
       5.15552612e+02, 6.99769855e-01, 8.62988342e+02, 6.42075500e+02,
       7.75576055e-01, 1.07186853e+03, 5.30403320e+02, 5.80395103e-01,
       1.06594458e+03, 5.77415833e+02, 5.53292274e-01, 1.27491101e+03,
       6.18558105e+02, 6.13895297e-01, 1.50160242e+03, 6.62724976e+02,
       6.18333757e-01, 1.08068420e+03, 4.83121979e+02, 5.40432513e-01,
       1.28367249e+03, 4.80283356e+02, 8.33876729e-01, 1.51628516e+03,
       4.53681976e+02, 5.91401875e-01, 7.21641663e+02, 5.33230896e+02,
       7.57538617e-01, 7.30474548e+02, 5.03909180e+02, 7.92515874e-01,
       7.42105469e+02, 5.56844177e+02, 2.66585469e-01, 7.56938049e+02,
       4.80357910e+02, 5.52696705e-01, 1.60160938e+03, 4.21410156e+02,
       3.76022309e-01, 1.59573608e+03, 4.15564697e+02, 3.91190767e-01,
       1.54865332e+03, 4.65546906e+02, 1.71088934e-01, 1.57515747e+03,
       6.71582031e+02, 4.30124551e-01, 1.56629797e+03, 6.80391724e+02,
       4.48655695e-01, 1.52804663e+03, 6.50941162e+02, 3.35343897e-01 ]
