%YAML:1.0
---
pose_0: !!opencv-matrix
   rows: 1
   cols: 25
   dt: "3f"
   data: [ 7.33335571e+02, 4.56745361e+02, 8.81738901e-01,
       8.36457886e+02, 5.09660675e+02, 6.99521303e-01, 8.45220581e+02,
       5.95025208e+02, 6.30692422e-01, 9.74740845e+02, 6.24398804e+02,
       8.43941569e-01, 1.08948755e+03, 6.42051575e+02, 8.07410419e-01,
       8.53938904e+02, 4.36129333e+02, 6.91072583e-01, 9.98335266e+02,
       4.00819427e+02, 7.78135419e-01, 1.13068579e+03, 3.65396820e+02,
       8.21271062e-01, 1.10131982e+03, 5.15577271e+02, 5.76444447e-01,
       1.09832568e+03, 5.65555420e+02, 5.79890311e-01, 1.31911560e+03,
       5.50917725e+02, 7.18857646e-01, 1.54276733e+03, 5.59729370e+02,
       5.10893881e-01, 1.10716296e+03, 4.59759918e+02, 5.72653711e-01,
       1.28385498e+03, 4.50775452e+02, 6.69969141e-01, 1.59575439e+03,
       4.33141357e+02, 4.06369150e-01, 7.15607422e+02, 4.71367249e+02,
       8.49447250e-01, 7.21576782e+02, 4.38989899e+02, 8.15048218e-01,
       7.30372375e+02, 5.03848419e+02, 6.86746359e-01, 7.48139099e+02,
       4.33053955e+02, 1.34026095e-01, 1.68407739e+03, 3.89008179e+02,
       1.86055019e-01, 1.68109253e+03, 3.89094757e+02, 2.30000958e-01,
       1.67816162e+03, 4.36137421e+02, 2.18766257e-01, 1.61045251e+03,
       5.44995544e+02, 3.10685992e-01, 1.59571729e+03, 5.56805298e+02,
       2.76835144e-01, 1.57516162e+03, 5.56843445e+02, 2.71384388e-01 ]
