%YAML:1.0
---
pose_0: !!opencv-matrix
   rows: 1
   cols: 25
   dt: "3f"
   data: [ 7.59902405e+02, 4.80192383e+02, 8.83776546e-01,
       8.71699524e+02, 4.89143890e+02, 6.98094428e-01, 8.62878662e+02,
       5.71411377e+02, 7.44139910e-01, 9.80627441e+02, 5.97818176e+02,
       7.97632933e-01, 1.11900818e+03, 6.24506714e+02, 8.67698014e-01,
       8.80502258e+02, 4.21405731e+02, 5.88875294e-01, 9.60051086e+02,
       3.86092773e+02, 1.33071005e-01, 0., 0., 0., 1.13958801e+03,
       4.59562164e+02, 5.87812781e-01, 1.13948608e+03, 5.06704651e+02,
       6.37330770e-01, 1.33386169e+03, 5.74300598e+02, 7.97783494e-01,
       1.54570081e+03, 6.48167053e+02, 6.24255180e-01, 1.13659106e+03,
       4.06653931e+02, 5.55048943e-01, 1.35137549e+03, 4.09682953e+02,
       7.17673898e-01, 1.56640649e+03, 4.39084595e+02, 6.57602191e-01,
       7.45117065e+02, 4.91993378e+02, 7.75255799e-01, 7.48103088e+02,
       4.59560913e+02, 8.52029264e-01, 7.62770020e+02, 5.12657227e+02,
       6.06840491e-01, 7.77474243e+02, 4.36231232e+02, 6.31233513e-01,
       1.63689148e+03, 4.27306458e+02, 4.67627555e-01, 1.63389612e+03,
       4.21401672e+02, 5.01686573e-01, 1.60458533e+03, 4.56598572e+02,
       3.50197554e-01, 1.62219995e+03, 6.65668152e+02, 3.86855036e-01,
       1.61050940e+03, 6.80370056e+02, 3.78918946e-01, 1.57217847e+03,
       6.48000854e+02, 3.30572844e-01 ]
