%YAML:1.0
---
pose_0: !!opencv-matrix
   rows: 1
   cols: 25
   dt: "3f"
   data: [ 7.18763367e+02, 4.59701935e+02, 8.49915802e-01,
       8.48175110e+02, 4.59730011e+02, 7.45395005e-01, 8.39358643e+02,
       5.47893127e+02, 7.29864120e-01, 9.27660278e+02, 6.53919189e+02,
       7.05510378e-01, 9.42333618e+02, 6.27379272e+02, 5.35990536e-01,
       8.54030945e+02, 3.77192444e+02, 6.53187037e-01, 9.42349426e+02,
       3.56601379e+02, 4.52866703e-01, 1.00711420e+03, 3.38955475e+02,
       7.99412668e-01, 1.11895691e+03, 4.77343658e+02, 5.86463988e-01,
       1.11597852e+03, 5.27288513e+02, 6.39204621e-01, 1.30133154e+03,
       5.50850098e+02, 7.17308879e-01, 1.53987085e+03, 5.56843384e+02,
       5.73400319e-01, 1.11901843e+03, 4.18465424e+02, 5.64331591e-01,
       1.33083923e+03, 4.33133240e+02, 7.19584584e-01, 1.58106360e+03,
       4.39149536e+02, 6.34041607e-01, 7.06897156e+02, 4.80313629e+02,
       7.99038529e-01, 7.09772095e+02, 4.39036499e+02, 8.00121307e-01,
       7.21708252e+02, 5.03732239e+02, 3.08400631e-01, 7.36217285e+02,
       4.09656708e+02, 5.09499550e-01, 1.64582434e+03, 4.30143707e+02,
       4.99830216e-01, 1.63986145e+03, 4.18463348e+02, 5.36638975e-01,
       1.59867712e+03, 4.56656616e+02, 3.14382732e-01, 1.63400867e+03,
       5.44999451e+02, 2.95735598e-01, 1.62220715e+03, 5.62660095e+02,
       2.09491313e-01, 1.56926672e+03, 5.39116272e+02, 2.82881290e-01 ]
