%YAML:1.0
---
pose_0: !!opencv-matrix
   rows: 1
   cols: 25
   dt: "3f"
   data: [ 7.89312744e+02, 3.85984406e+02, 8.17793012e-01,
       8.83456726e+02, 3.86115479e+02, 5.85748434e-01, 8.71725708e+02,
       4.33117371e+02, 5.12598336e-01, 7.42217773e+02, 4.36152679e+02,
       8.63766909e-01, 6.92218567e+02, 3.44920685e+02, 7.66365528e-01,
       8.92266296e+02, 3.38960205e+02, 4.09118772e-01, 9.04011780e+02,
       2.91765930e+02, 4.52838778e-01, 8.57067993e+02, 3.41938965e+02,
       4.49913681e-01, 1.13366272e+03, 3.83138153e+02, 5.19198418e-01,
       1.13364478e+03, 4.33102997e+02, 5.23532987e-01, 1.35742529e+03,
       4.59544586e+02, 6.69936895e-01, 1.54271887e+03, 4.65560333e+02,
       5.98057389e-01, 1.13655322e+03, 3.27203217e+02, 4.93562788e-01,
       1.35147620e+03, 3.38910767e+02, 6.86833143e-01, 1.57218945e+03,
       2.94798126e+02, 5.98872781e-01, 7.68760620e+02, 3.88909454e+02,
       6.83660388e-01, 7.86286316e+02, 3.62424042e+02, 7.63200343e-01,
       7.89339905e+02, 4.06565643e+02, 1.09961696e-01, 8.12944702e+02,
       3.27189941e+02, 4.83759940e-01, 1.64574304e+03, 2.80109711e+02,
       3.75210434e-01, 1.63703699e+03, 2.74186493e+02, 4.45422024e-01,
       1.60748389e+03, 2.88923187e+02, 2.26782769e-01, 1.59572473e+03,
       4.89042114e+02, 4.33982074e-01, 1.58394519e+03, 5.00780914e+02,
       3.70604455e-01, 1.57218433e+03, 4.53807770e+02, 4.31319177e-01 ]
