%YAML:1.0
---
pose_0: !!opencv-matrix
   rows: 1
   cols: 25
   dt: "3f"
   data: [ 6.71678467e+02, 5.44976318e+02, 8.15222979e-01,
       8.04034241e+02, 5.30223145e+02, 7.04104841e-01, 8.09922607e+02,
       6.06787415e+02, 4.74488646e-01, 9.30591064e+02, 7.21549683e+02,
       8.49287033e-01, 8.18790527e+02, 6.68592834e+02, 7.94791341e-01,
       8.06897156e+02, 4.56657013e+02, 6.13871098e-01, 9.60050781e+02,
       3.89121552e+02, 8.05553973e-01, 1.06010425e+03, 4.06707123e+02,
       8.12580109e-01, 1.09251196e+03, 5.68537964e+02, 5.69956183e-01,
       1.08358594e+03, 6.21563477e+02, 5.93601525e-01, 1.27785339e+03,
       6.42023865e+02, 2.55409181e-01, 1.59283264e+03, 6.03870789e+02,
       2.79733330e-01, 1.09831006e+03, 5.03833282e+02, 5.42539775e-01,
       1.30432715e+03, 5.39117920e+02, 6.72531664e-01, 1.63399268e+03,
       5.36180115e+02, 4.33628112e-01, 6.62729553e+02, 5.62615845e+02,
       7.76108563e-01, 6.59836365e+02, 5.24395874e+02, 7.92927027e-01,
       6.77470337e+02, 5.80413147e+02, 2.06396759e-01, 6.89178528e+02,
       4.94989655e+02, 4.63546157e-01, 1.75176147e+03, 5.74414978e+02,
       7.21983761e-02, 0., 0., 0., 1.69877747e+03, 5.83269348e+02,
       1.16663657e-01, 0., 0., 0., 0., 0., 0., 1.68408765e+03,
       6.21434570e+02, 1.31293356e-01 ]
