%YAML:1.0
---
pose_0: !!opencv-matrix
   rows: 1
   cols: 25
   dt: "3f"
   data: [ 0., 0., 0., 7.56873230e+02, 6.06845093e+02, 4.56871539e-01,
       7.80445190e+02, 7.21623718e+02, 4.14101750e-01, 9.27698486e+02,
       7.77527527e+02, 6.59847081e-01, 1.07778198e+03, 8.36415222e+02,
       7.95809269e-01, 7.48109009e+02, 5.03871918e+02, 3.33457559e-01,
       9.07026917e+02, 3.89079926e+02, 5.41979969e-01, 1.05415942e+03,
       2.27141388e+02, 7.55737245e-01, 1.10716309e+03, 5.36165161e+02,
       2.32884854e-01, 1.09831897e+03, 6.03888062e+02, 2.60084927e-01,
       1.37202441e+03, 6.24500671e+02, 3.02718282e-01, 1.65463757e+03,
       5.97894775e+02, 2.30053246e-01, 1.09832666e+03, 4.62589600e+02,
       3.07861596e-01, 1.36912024e+03, 3.47838074e+02, 3.02597493e-01,
       1.61049744e+03, 2.03617355e+02, 1.23161316e-01, 0., 0., 0., 0.,
       0., 0., 0., 0., 0., 0., 0., 0., 0., 0., 0., 0., 0., 0.,
       1.61928723e+03, 2.03592590e+02, 8.49227086e-02, 0., 0., 0., 0.,
       0., 0., 0., 0., 0. ]
