%YAML:1.0
---
pose_0: !!opencv-matrix
   rows: 1
   cols: 25
   dt: "3f"
   data: [ 8.06978455e+02, 5.30345520e+02, 7.90505171e-01,
       8.98160706e+02, 4.50834106e+02, 4.71508861e-01, 8.89324036e+02,
       4.39032043e+02, 2.71580458e-01, 0., 0., 0., 0., 0., 0.,
       9.09994507e+02, 4.56725220e+02, 7.38339663e-01, 1.04531262e+03,
       4.77338043e+02, 8.18736672e-01, 1.18358826e+03, 5.00847321e+02,
       7.81884909e-01, 1.16314172e+03, 3.74311951e+02, 5.76917589e-01,
       1.18369019e+03, 3.44902405e+02, 5.48654974e-01, 1.37788855e+03,
       5.03836823e+02, 7.68111527e-01, 1.56631909e+03, 3.88918701e+02,
       7.80563414e-01, 1.14539355e+03, 4.09566589e+02, 5.03602445e-01,
       1.37202991e+03, 5.39107056e+02, 6.47175729e-01, 1.63705457e+03,
       4.27240112e+02, 6.84740365e-01, 0., 0., 0., 7.92220276e+02,
       5.12610657e+02, 7.36182451e-01, 0., 0., 0., 8.09977234e+02,
       4.68505188e+02, 6.11787677e-01, 1.68415662e+03, 3.71411835e+02,
       3.40866953e-01, 1.68117688e+03, 3.80143188e+02, 3.42592299e-01,
       1.64281580e+03, 4.12567169e+02, 2.87544966e-01, 1.65456824e+03,
       3.65488037e+02, 1.95026726e-01, 0., 0., 0., 1.58685901e+03,
       3.68395416e+02, 5.84080815e-01 ]
