%YAML:1.0
---
pose_0: !!opencv-matrix
   rows: 1
   cols: 25
   dt: "3f"
   data: [ 7.12681396e+02, 4.83134338e+02, 8.09156239e-01,
       8.45243530e+02, 4.83104736e+02, 7.44403541e-01, 8.36453918e+02,
       5.71447754e+02, 7.64263868e-01, 9.48207275e+02, 6.18560364e+02,
       8.01577508e-01, 1.04826270e+03, 6.47954407e+02, 8.48282456e-01,
       8.56891113e+02, 3.92041565e+02, 7.03036308e-01, 9.95299255e+02,
       3.74338287e+02, 7.65563011e-01, 1.11906641e+03, 3.41976196e+02,
       8.45565140e-01, 1.11008655e+03, 5.00887756e+02, 5.87683439e-01,
       1.10131116e+03, 5.47859253e+02, 5.66011786e-01, 1.29849780e+03,
       5.47954468e+02, 3.58706176e-01, 1.53978357e+03, 5.27287048e+02,
       4.87017274e-01, 1.11589722e+03, 4.50834045e+02, 5.90795517e-01,
       1.28381274e+03, 4.56706238e+02, 6.14854038e-01, 1.57512842e+03,
       4.59615295e+02, 5.51819146e-01, 6.92169800e+02, 4.92038940e+02,
       7.60479510e-01, 6.94996826e+02, 4.59682495e+02, 8.22080135e-01,
       7.15735535e+02, 5.09621338e+02, 1.73864275e-01, 7.15743591e+02,
       4.27314941e+02, 4.77679491e-01, 1.67803503e+03, 4.86104980e+02,
       7.51366615e-02, 1.67812732e+03, 4.77211884e+02, 9.57187489e-02,
       1.58689709e+03, 4.59690033e+02, 3.08263272e-01, 1.62225830e+03,
       5.42064331e+02, 1.45614654e-01, 1.61055176e+03, 5.47983521e+02,
       1.41557932e-01, 1.55746045e+03, 5.24440369e+02, 2.34148949e-01 ]
