%YAML:1.0
---
pose_0: !!opencv-matrix
   rows: 1
   cols: 25
   dt: "3f"
   data: [ 7.36283447e+02, 3.41935974e+02, 5.78152090e-02,
       7.77512695e+02, 4.36084259e+02, 1.91924989e-01, 7.12764771e+02,
       4.80295593e+02, 1.56198129e-01, 6.50933777e+02, 5.03763489e+02,
       1.29769072e-01, 5.97906433e+02, 5.12631714e+02, 2.63965219e-01,
       8.18741028e+02, 4.09551605e+02, 7.25502372e-02, 0., 0., 0., 0.,
       0., 0., 1.07183704e+03, 5.24435181e+02, 2.69644052e-01,
       1.06590295e+03, 5.94970825e+02, 2.80230671e-01, 1.31025842e+03,
       6.77404236e+02, 5.48502147e-01, 1.54279285e+03, 6.56836182e+02,
       2.29679197e-01, 1.07188049e+03, 4.56689209e+02, 2.59631723e-01,
       1.32197839e+03, 4.44955292e+02, 4.09111500e-01, 1.72525830e+03,
       4.83251801e+02, 2.69973874e-01, 7.12740540e+02, 3.30132538e+02,
       5.37102260e-02, 7.36312683e+02, 3.12491028e+02, 5.76643310e-02,
       7.09792480e+02, 3.62479279e+02, 5.90917207e-02, 7.62792603e+02,
       3.15461700e+02, 6.07712641e-02, 1.81356738e+03, 4.62585632e+02,
       1.10167615e-01, 1.81647815e+03, 4.62585236e+02, 1.23739213e-01,
       1.73109058e+03, 5.03853546e+02, 1.55799270e-01, 0., 0., 0., 0.,
       0., 0., 1.57220569e+03, 6.45014221e+02, 1.33950144e-01 ]
