%YAML:1.0
---
pose_0: !!opencv-matrix
   rows: 2
   cols: 25
   dt: "3f"
   data: [ 7.45159790e+02, 4.50824707e+02, 1.87087297e-01,
       7.95193848e+02, 5.09672577e+02, 4.90442812e-01, 8.04029968e+02,
       5.21425049e+02, 5.20296454e-01, 9.18760254e+02, 4.83261597e+02,
       6.13407075e-01, 8.53987915e+02, 3.86110626e+02, 6.95655167e-01,
       7.86292908e+02, 5.24374695e+02, 2.98174381e-01, 0., 0., 0., 0.,
       0., 0., 1.12778650e+03, 5.06690613e+02, 4.30174828e-01,
       1.11901489e+03, 5.30335632e+02, 3.70678663e-01, 1.36326355e+03,
       4.71431610e+02, 7.09170878e-01, 1.60745654e+03, 6.53925171e+02,
       5.88737786e-01, 1.13657288e+03, 4.77273254e+02, 3.51901770e-01,
       1.37799792e+03, 4.56673004e+02, 4.23821867e-01, 1.55161011e+03,
       5.00878571e+02, 4.72895980e-01, 7.42232605e+02, 4.56628174e+02,
       1.74243286e-01, 7.39265503e+02, 4.47845490e+02, 8.00601095e-02,
       7.48078613e+02, 4.71411072e+02, 2.43047222e-01, 7.03933594e+02,
       5.24421387e+02, 1.02495916e-01, 1.60755273e+03, 4.15572845e+02,
       3.62665236e-01, 1.60451172e+03, 4.21365875e+02, 3.30061972e-01,
       1.57217676e+03, 5.18526855e+02, 3.31739843e-01, 1.64581909e+03,
       6.71638794e+02, 3.77554774e-01, 1.63403040e+03, 6.86236633e+02,
       4.16848719e-01, 1.62516028e+03, 6.71504700e+02, 4.08154339e-01,
       0., 0., 0., 0., 0., 0., 0., 0., 0., 0., 0., 0., 0., 0., 0.,
       9.04078003e+02, 4.59735535e+02, 1.28731430e-01, 9.95302185e+02,
       4.39037750e+02, 4.88913715e-01, 9.39421631e+02, 3.65553986e+02,
       6.59157276e-01, 0., 0., 0., 0., 0., 0., 0., 0., 0., 0., 0., 0.,
       0., 0., 0., 0., 0., 0., 0., 0., 0., 0., 0., 0., 0., 0., 0., 0.,
       0., 0., 0., 0., 0., 0., 0., 0., 0., 0., 0., 0., 0., 0., 0., 0.,
       0., 0., 0., 0., 0., 0., 0. ]
