%YAML:1.0
---
pose_0: !!opencv-matrix
   rows: 1
   cols: 25
   dt: "3f"
   data: [ 7.36286377e+02, 4.92068939e+02, 8.21913838e-01,
       8.56957886e+02, 5.30390625e+02, 7.26636946e-01, 8.57027771e+02,
       6.09762329e+02, 7.25320041e-01, 9.92341064e+02, 6.48098938e+02,
       7.87880957e-01, 1.11903296e+03, 6.80354187e+02, 8.22736621e-01,
       8.48118591e+02, 4.62552368e+02, 6.24684513e-01, 9.74823853e+02,
       3.65493683e+02, 8.25114548e-01, 8.60039795e+02, 4.15536102e+02,
       8.35187912e-01, 1.12189368e+03, 5.27331055e+02, 5.72670937e-01,
       1.11900171e+03, 5.74502747e+02, 5.80791593e-01, 1.30139844e+03,
       5.71520996e+02, 3.00303370e-01, 1.53686633e+03, 5.56752869e+02,
       5.12389660e-01, 1.12184424e+03, 4.77273651e+02, 5.62319696e-01,
       1.31616589e+03, 4.71405548e+02, 5.79093933e-01, 1.58398499e+03,
       4.56737091e+02, 5.91263413e-01, 7.18546143e+02, 5.09700134e+02,
       8.72705758e-01, 7.21644043e+02, 4.80118774e+02, 8.69233370e-01,
       7.36220886e+02, 5.47851929e+02, 7.00338125e-01, 7.51061035e+02,
       4.59685547e+02, 4.47551370e-01, 1.66932654e+03, 4.15574951e+02,
       2.11968452e-01, 1.66054053e+03, 4.12663483e+02, 2.26912230e-01,
       1.60164539e+03, 4.65511139e+02, 3.08987945e-01, 1.61034937e+03,
       5.86174927e+02, 2.18916401e-01, 1.51926233e+03, 6.00885193e+02,
       1.05334967e-01, 1.56634412e+03, 5.47889771e+02, 2.96715081e-01 ]
