%YAML:1.0
---
pose_0: !!opencv-matrix
   rows: 1
   cols: 25
   dt: "3f"
   data: [ 6.95043335e+02, 5.09697510e+02, 8.36004078e-01,
       7.98147095e+02, 4.53659912e+02, 7.26293981e-01, 8.09786377e+02,
       5.33251648e+02, 6.82023108e-01, 9.30510803e+02, 5.89193176e+02,
       7.55841255e-01, 1.02466614e+03, 6.71647400e+02, 8.59042823e-01,
       7.95127136e+02, 3.71357269e+02, 6.56950235e-01, 9.04154114e+02,
       2.91890533e+02, 7.79886723e-01, 1.00134705e+03, 2.18253830e+02,
       8.14360976e-01, 1.06296350e+03, 5.03745850e+02, 5.80943227e-01,
       1.05123682e+03, 5.50872498e+02, 6.10999346e-01, 1.23662598e+03,
       5.65557495e+02, 2.23821104e-01, 1.51039380e+03, 5.50917786e+02,
       3.99782836e-01, 1.06594092e+03, 4.44964569e+02, 5.53492904e-01,
       1.23967749e+03, 4.80300751e+02, 6.45703077e-01, 1.55747156e+03,
       4.74402313e+02, 3.49157304e-01, 6.74521423e+02, 5.09787872e+02,
       1.93227336e-01, 6.77477173e+02, 4.92069885e+02, 7.17130482e-01,
       0., 0., 0., 6.97998230e+02, 4.36113770e+02, 6.72068536e-01,
       1.66044189e+03, 4.92035400e+02, 1.48657590e-01, 0., 0., 0.,
       1.60749805e+03, 5.03808807e+02, 1.00107856e-01, 0., 0., 0., 0.,
       0., 0., 1.53396094e+03, 5.50924622e+02, 2.30006695e-01 ]
