%YAML:1.0
---
pose_0: !!opencv-matrix
   rows: 1
   cols: 25
   dt: "3f"
   data: [ 6.92169983e+02, 5.00861328e+02, 7.80567884e-01,
       8.15851807e+02, 4.50850891e+02, 7.20651865e-01, 8.24598999e+02,
       5.42050842e+02, 5.90457082e-01, 9.54083435e+02, 6.06839966e+02,
       7.76009440e-01, 1.06305066e+03, 6.68651184e+02, 8.41047525e-01,
       8.18740173e+02, 3.62553070e+02, 6.30845368e-01, 9.71725342e+02,
       2.91962433e+02, 7.74606705e-01, 1.08357166e+03, 2.24304031e+02,
       7.61925340e-01, 1.11298718e+03, 5.03870209e+02, 6.01457953e-01,
       1.09251550e+03, 5.53776489e+02, 6.08587742e-01, 1.32498474e+03,
       5.92118469e+02, 5.72161019e-01, 1.49573657e+03, 6.06813293e+02,
       5.90612292e-01, 1.12185889e+03, 4.47863770e+02, 4.98604238e-01,
       1.34265747e+03, 4.65528931e+02, 5.51287591e-01, 1.60457190e+03,
       4.56696167e+02, 6.15656137e-01, 6.71649902e+02, 5.06646210e+02,
       2.67960995e-01, 6.71677063e+02, 4.83082764e+02, 7.39670455e-01,
       0., 0., 0., 6.80430786e+02, 4.39016449e+02, 5.70996940e-01,
       1.66937231e+03, 4.27207245e+02, 5.04751563e-01, 1.66056189e+03,
       4.24292755e+02, 5.35907924e-01, 1.63695288e+03, 4.71457397e+02,
       2.95519948e-01, 1.57215466e+03, 6.00916016e+02, 2.27373376e-01,
       1.56045569e+03, 6.18571350e+02, 1.79644555e-01, 1.53100171e+03,
       5.97989014e+02, 3.14767301e-01 ]
