%YAML:1.0
---
pose_0: !!opencv-matrix
   rows: 1
   cols: 25
   dt: "3f"
   data: [ 7.30446472e+02, 4.36099487e+02, 8.63660038e-01,
       8.27513672e+02, 4.21429657e+02, 6.84806228e-01, 8.12845642e+02,
       4.83223572e+02, 6.92059696e-01, 9.12948547e+02, 5.18519653e+02,
       5.59308410e-01, 9.83509705e+02, 5.42083374e+02, 4.74228024e-01,
       8.33535156e+02, 3.59588776e+02, 6.07687771e-01, 9.74658630e+02,
       3.21366547e+02, 7.69433677e-01, 1.10425952e+03, 3.15358582e+02,
       7.99271405e-01, 1.11004736e+03, 4.50763550e+02, 5.68581283e-01,
       1.09539417e+03, 4.97878845e+02, 5.90898037e-01, 1.30422217e+03,
       5.56797241e+02, 7.49898136e-01, 1.49559839e+03, 5.00887878e+02,
       5.37266493e-01, 1.11601904e+03, 3.94912628e+02, 5.22250295e-01,
       1.33674731e+03, 4.06581482e+02, 6.57485604e-01, 1.56334375e+03,
       3.94907440e+02, 6.31138623e-01, 7.15793579e+02, 4.53711731e+02,
       8.12576175e-01, 7.18616882e+02, 4.15615875e+02, 8.24563861e-01,
       7.39200500e+02, 4.65530182e+02, 3.39571804e-01, 7.39247314e+02,
       3.89093445e+02, 6.89796865e-01, 1.63401514e+03, 3.86026703e+02,
       2.53735125e-01, 1.61930859e+03, 3.68441986e+02, 3.13916832e-01,
       1.58985315e+03, 3.88985474e+02, 2.78503686e-01, 1.56928772e+03,
       5.21435059e+02, 3.11867625e-01, 1.56034277e+03, 5.30254944e+02,
       3.24485809e-01, 1.51924646e+03, 4.74359375e+02, 3.68428409e-01 ]
