%YAML:1.0
---
pose_0: !!opencv-matrix
   rows: 1
   cols: 25
   dt: "3f"
   data: [ 7.89326416e+02, 5.06635162e+02, 7.42725194e-01,
       8.68783691e+02, 5.18485657e+02, 5.90292156e-01, 8.51131348e+02,
       5.74442383e+02, 5.19686401e-01, 7.62796570e+02, 5.97948730e+02,
       9.04804230e-01, 7.15614319e+02, 5.03908661e+02, 7.20383406e-01,
       8.80621216e+02, 4.53701324e+02, 6.66322887e-01, 8.83550598e+02,
       4.97920105e+02, 6.20545745e-01, 8.65863342e+02, 5.80294312e+02,
       5.99910259e-01, 1.14538989e+03, 5.33207703e+02, 6.19141340e-01,
       1.13952039e+03, 5.77392029e+02, 5.98948598e-01, 1.34259375e+03,
       6.33358459e+02, 6.69451058e-01, 1.52507214e+03, 6.50991516e+02,
       6.16698503e-01, 1.15716199e+03, 4.83239197e+02, 5.76114595e-01,
       1.34850183e+03, 4.83210419e+02, 7.98794866e-01, 1.54870544e+03,
       4.39006836e+02, 6.79588020e-01, 7.68654907e+02, 5.06869598e+02,
       6.60874546e-01, 7.89293274e+02, 4.83298523e+02, 7.21054852e-01,
       7.80422180e+02, 5.42058044e+02, 3.07577461e-01, 8.30438843e+02,
       4.68473053e+02, 3.83009791e-01, 1.62516187e+03, 4.15518585e+02,
       2.98911750e-01, 1.61632141e+03, 4.15465942e+02, 3.52006614e-01,
       1.56632385e+03, 4.15573029e+02, 2.73378521e-01, 1.58678699e+03,
       6.92131531e+02, 2.67246604e-01, 1.58393982e+03, 6.89197083e+02,
       3.00254017e-01, 1.56043262e+03, 6.39165222e+02, 3.76798749e-01 ]
