%YAML:1.0
---
pose_0: !!opencv-matrix
   rows: 1
   cols: 25
   dt: "3f"
   data: [ 7.36261047e+02, 5.06855347e+02, 6.23419821e-01,
       8.06950317e+02, 4.36189606e+02, 5.08994699e-01, 8.06889648e+02,
       4.27298828e+02, 3.75554264e-01, 9.68789673e+02, 4.97945343e+02,
       6.87176213e-02, 1.00115723e+03, 5.59674866e+02, 6.38237819e-02,
       8.06970215e+02, 4.56700256e+02, 7.29982197e-01, 9.60051147e+02,
       4.94948608e+02, 7.15810597e-01, 1.00708704e+03, 5.68582642e+02,
       5.99278808e-01, 1.13947766e+03, 3.91936676e+02, 3.82847339e-01,
       0., 0., 0., 0., 0., 0., 0., 0., 0., 1.14249646e+03,
       3.94867828e+02, 4.58187103e-01, 1.33086279e+03, 4.92010437e+02,
       7.67031014e-01, 1.62809351e+03, 4.12603821e+02, 3.84875953e-01,
       0., 0., 0., 7.21578735e+02, 4.97910461e+02, 6.53710723e-01, 0.,
       0., 0., 7.42127563e+02, 4.56823090e+02, 7.20871687e-01,
       1.65755371e+03, 4.89028778e+02, 2.56940544e-01, 1.66350037e+03,
       4.80157166e+02, 2.46743485e-01, 1.67227979e+03, 3.91984283e+02,
       2.04899251e-01, 0., 0., 0., 0., 0., 0., 0., 0., 0. ]
