%YAML:1.0
---
pose_0: !!opencv-matrix
   rows: 1
   cols: 25
   dt: "3f"
   data: [ 7.39280090e+02, 4.36167236e+02, 8.79756391e-01,
       8.51137024e+02, 4.36013153e+02, 6.96388960e-01, 8.59928528e+02,
       5.03829468e+02, 6.68742061e-01, 9.83604919e+02, 5.36194214e+02,
       5.01385570e-01, 1.10717004e+03, 5.80393005e+02, 3.47798437e-01,
       8.36457581e+02, 3.68480621e+02, 6.15148485e-01, 9.98341125e+02,
       3.30165253e+02, 7.62352526e-01, 1.12487158e+03, 3.27194763e+02,
       7.55369127e-01, 1.11297949e+03, 4.44949036e+02, 5.59669852e-01,
       1.09839990e+03, 4.94984955e+02, 5.89593053e-01, 1.30144849e+03,
       5.27291199e+02, 7.95889974e-01, 1.58398657e+03, 5.83266113e+02,
       5.51825821e-01, 1.11605847e+03, 3.89123352e+02, 5.70802808e-01,
       1.33091858e+03, 4.06550049e+02, 6.26760602e-01, 1.56639014e+03,
       4.00761108e+02, 5.86735904e-01, 7.24579529e+02, 4.53774780e+02,
       7.87641883e-01, 7.24573730e+02, 4.18433441e+02, 7.72849858e-01,
       7.42168030e+02, 4.65569702e+02, 2.69917756e-01, 7.42211121e+02,
       3.89113892e+02, 6.71416581e-01, 1.63101038e+03, 3.59513763e+02,
       3.11694682e-01, 1.62226917e+03, 3.59616699e+02, 3.64969939e-01,
       1.61348340e+03, 4.15485565e+02, 2.77754486e-01, 1.69576782e+03,
       5.95002563e+02, 3.16288710e-01, 1.68399890e+03, 6.01008667e+02,
       3.12845707e-01, 1.61929602e+03, 5.77415100e+02, 2.96780348e-01 ]
