%YAML:1.0
---
pose_0: !!opencv-matrix
   rows: 1
   cols: 25
   dt: "3f"
   data: [ 5.30245239e+02, 5.83249329e+02, 7.98988163e-01,
       6.36262024e+02, 5.62661377e+02, 6.37680352e-01, 6.21463135e+02,
       6.24570190e+02, 3.96888882e-01, 6.89245300e+02, 7.12729492e+02,
       1.48994774e-01, 6.53892578e+02, 7.83445984e+02, 3.68136823e-01,
       6.65601807e+02, 4.86170624e+02, 7.19840825e-01, 6.68589600e+02,
       5.77377197e+02, 7.25353599e-01, 5.30382080e+02, 7.18696838e+02,
       7.98030376e-01, 1.04529431e+03, 5.97978882e+02, 3.57944965e-01,
       1.03359009e+03, 6.59816528e+02, 3.59744787e-01, 1.17188525e+03,
       7.71623230e+02, 1.11021012e-01, 0., 0., 0., 1.05127100e+03,
       5.33189575e+02, 3.48379552e-01, 1.30733496e+03, 6.12717773e+02,
       4.37530905e-01, 1.58689587e+03, 6.21610962e+02, 2.09350586e-01,
       5.06848877e+02, 6.12743958e+02, 7.75118530e-01, 5.09755280e+02,
       5.62636108e+02, 7.88911641e-01, 5.30195740e+02, 6.42162476e+02,
       2.47162759e-01, 5.39135315e+02, 5.27332764e+02, 4.88062382e-01,
       0., 0., 0., 0., 0., 0., 1.61337952e+03, 6.30344238e+02,
       9.77632254e-02, 0., 0., 0., 0., 0., 0., 0., 0., 0. ]
