%YAML:1.0
---
pose_0: !!opencv-matrix
   rows: 1
   cols: 25
   dt: "3f"
   data: [ 9.07062378e+02, 4.36264740e+02, 8.79378021e-02,
       9.71814209e+02, 5.18484558e+02, 5.91567814e-01, 9.42349731e+02,
       5.65582092e+02, 5.26787281e-01, 8.21635071e+02, 5.50842834e+02,
       6.68643296e-01, 9.12909363e+02, 4.77288422e+02, 4.92217600e-01,
       9.98305603e+02, 4.74404358e+02, 4.04941499e-01, 1.04237122e+03,
       4.50823914e+02, 1.39733627e-01, 1.02170099e+03, 4.33158569e+02,
       1.94484442e-01, 1.16010400e+03, 5.45022522e+02, 4.59295213e-01,
       1.14835205e+03, 5.77445618e+02, 3.87457013e-01, 1.37788721e+03,
       5.00776672e+02, 8.05361271e-01, 1.61036731e+03, 7.01030212e+02,
       5.36619723e-01, 1.16311255e+03, 5.06679993e+02, 4.17917818e-01,
       1.36324219e+03, 4.59718201e+02, 4.10251230e-01, 1.55744019e+03,
       5.62648499e+02, 2.90185124e-01, 9.04167297e+02, 4.36071503e+02,
       1.10965997e-01, 9.18810974e+02, 4.18475098e+02, 1.18138328e-01,
       9.04179443e+02, 4.74312958e+02, 2.27928415e-01, 9.51158691e+02,
       4.18421021e+02, 8.75453129e-02, 1.59577881e+03, 5.00863525e+02,
       1.99403584e-01, 1.58993359e+03, 5.03692902e+02, 1.88791320e-01,
       1.60158289e+03, 6.15630066e+02, 1.45179287e-01, 1.66041357e+03,
       7.15611450e+02, 3.30884099e-01, 1.64281226e+03, 7.21690979e+02,
       3.43347043e-01, 1.61340503e+03, 7.18760681e+02, 3.62812668e-01 ]
