%YAML:1.0
---
pose_0: !!opencv-matrix
   rows: 1
   cols: 25
   dt: "3f"
   data: [ 6.74458801e+02, 4.74317291e+02, 8.01859736e-01,
       8.12886902e+02, 4.68505920e+02, 7.35053003e-01, 8.09912292e+02,
       5.56719238e+02, 7.26312816e-01, 9.07108032e+02, 6.39144897e+02,
       7.04868913e-01, 9.48163818e+02, 6.21634888e+02, 5.21300793e-01,
       8.33420105e+02, 3.80210022e+02, 6.12043083e-01, 9.86439209e+02,
       3.85975220e+02, 4.20467645e-01, 9.51187561e+02, 3.80191345e+02,
       1.53400093e-01, 1.11891028e+03, 4.89046570e+02, 5.19471705e-01,
       1.11592041e+03, 5.36132629e+02, 5.20959437e-01, 1.30724768e+03,
       5.50735229e+02, 6.84755862e-01, 1.58685583e+03, 5.56843811e+02,
       5.82246721e-01, 1.12188318e+03, 4.36018860e+02, 5.09592712e-01,
       1.34850464e+03, 4.33173279e+02, 6.80820704e-01, 1.56630371e+03,
       4.44991119e+02, 5.52612185e-01, 6.59738403e+02, 4.83304169e+02,
       6.52167857e-01, 6.65708984e+02, 4.50866302e+02, 8.27833593e-01,
       6.77485352e+02, 5.03706268e+02, 1.30160838e-01, 6.95012634e+02,
       4.12665192e+02, 5.90526223e-01, 1.63991516e+03, 4.18438019e+02,
       4.20132518e-01, 1.63409192e+03, 4.15589264e+02, 4.56199944e-01,
       1.60748389e+03, 4.56663513e+02, 2.84882665e-01, 1.68701758e+03,
       5.45016541e+02, 4.25593346e-01, 1.68116357e+03, 5.56764587e+02,
       3.75742942e-01, 1.61050146e+03, 5.50940613e+02, 2.43101150e-01 ]
