%YAML:1.0
---
pose_0: !!opencv-matrix
   rows: 1
   cols: 25
   dt: "3f"
   data: [ 6.71721130e+02, 5.03629974e+02, 8.28299284e-01,
       8.36337585e+02, 5.12649475e+02, 6.63541496e-01, 8.10001465e+02,
       6.03932129e+02, 7.24427402e-01, 9.74644714e+02, 6.74491882e+02,
       5.34113050e-01, 1.10127295e+03, 7.21555115e+02, 5.63827276e-01,
       8.56974915e+02, 4.30228912e+02, 4.02609348e-01, 9.98249939e+02,
       3.80148102e+02, 6.76739275e-01, 1.13962244e+03, 3.33069702e+02,
       7.37908721e-01, 1.11598096e+03, 5.15564148e+02, 5.53545058e-01,
       1.10719031e+03, 5.71445190e+02, 5.62636912e-01, 1.32786646e+03,
       5.89130249e+02, 6.17239058e-01, 1.60459180e+03, 6.21446411e+02,
       5.88722527e-01, 1.11893262e+03, 4.56753479e+02, 5.49407959e-01,
       1.34854187e+03, 4.62602203e+02, 7.06834912e-01, 1.53986755e+03,
       4.56793671e+02, 5.57316244e-01, 6.59767517e+02, 5.12619507e+02,
       7.53404438e-01, 6.68567505e+02, 4.77301727e+02, 8.31578970e-01,
       6.71620483e+02, 5.42059753e+02, 2.88213700e-01, 7.01024963e+02,
       4.44900879e+02, 4.61153150e-01, 1.63985681e+03, 4.30193939e+02,
       4.14518952e-01, 1.63693457e+03, 4.21433777e+02, 4.48296070e-01,
       1.56629053e+03, 4.47901398e+02, 2.28030607e-01, 1.70761377e+03,
       6.33322815e+02, 3.67038190e-01, 1.70455994e+03, 6.42117676e+02,
       3.71161342e-01, 1.63108435e+03, 6.00936096e+02, 3.49958748e-01 ]
