%YAML:1.0
---
pose_0: !!opencv-matrix
   rows: 1
   cols: 25
   dt: "3f"
   data: [ 7.86274109e+02, 5.24321106e+02, 6.78729534e-01,
       8.62878235e+02, 5.97882996e+02, 5.81934750e-01, 8.54082581e+02,
       6.21414307e+02, 6.90139651e-01, 9.36518188e+02, 4.83135498e+02,
       5.98731279e-01, 9.65854492e+02, 3.41984192e+02, 7.97076166e-01,
       8.89364014e+02, 5.62687683e+02, 3.12519699e-01, 9.33496521e+02,
       5.00887939e+02, 2.31250376e-01, 0., 0., 0., 1.14545447e+03,
       5.39153992e+02, 5.13366282e-01, 1.15422620e+03, 5.95080017e+02,
       5.26026309e-01, 1.36613831e+03, 6.36283020e+02, 6.29989505e-01,
       1.56045886e+03, 7.18624390e+02, 5.99117875e-01, 1.13953577e+03,
       4.86185669e+02, 5.64364910e-01, 1.28379785e+03, 4.09448669e+02,
       6.94695950e-01, 1.48097583e+03, 4.41972107e+02, 4.35045868e-01,
       7.65677429e+02, 5.30207153e+02, 7.46652544e-01, 7.68691650e+02,
       5.06859711e+02, 4.13138688e-01, 7.71688477e+02, 5.77438599e+02,
       3.51804703e-01, 0., 0., 0., 1.51622046e+03, 5.03838959e+02,
       7.88346082e-02, 1.53685498e+03, 4.83192627e+02, 6.02660552e-02,
       1.50158484e+03, 4.39078400e+02, 2.68209964e-01, 1.61338818e+03,
       6.92071472e+02, 3.77922863e-01, 1.60747351e+03, 7.03951538e+02,
       3.27900976e-01, 1.58397620e+03, 7.36353394e+02, 3.74163002e-01 ]
