%YAML:1.0
---
pose_0: !!opencv-matrix
   rows: 1
   cols: 25
   dt: "3f"
   data: [ 7.50999756e+02, 5.47837158e+02, 4.87689316e-01,
       8.18766296e+02, 4.89032776e+02, 5.34859121e-01, 8.18745422e+02,
       4.83164703e+02, 3.99312943e-01, 9.71701050e+02, 5.44984314e+02,
       3.68587196e-01, 9.30613281e+02, 6.27389832e+02, 5.01464784e-01,
       8.24572327e+02, 5.03850861e+02, 6.93188310e-01, 9.71688904e+02,
       5.50819092e+02, 5.60750127e-01, 9.30629456e+02, 6.27386780e+02,
       5.53766489e-01, 1.11009058e+03, 4.42021271e+02, 3.30860406e-01,
       1.11302136e+03, 4.36142334e+02, 2.35438764e-01, 1.35145471e+03,
       5.24303406e+02, 6.40655756e-01, 1.60459863e+03, 4.33085266e+02,
       4.47712183e-01, 1.11893542e+03, 4.39091309e+02, 3.17646742e-01,
       1.34555444e+03, 5.30388916e+02, 5.17559707e-01, 1.62514551e+03,
       4.30192413e+02, 2.68308342e-01, 7.42268311e+02, 5.36190369e+02,
       5.89344837e-02, 7.42269836e+02, 5.30217834e+02, 4.81725782e-01,
       0., 0., 0., 7.59828918e+02, 4.97849365e+02, 4.95076239e-01,
       1.66932483e+03, 3.68426727e+02, 1.56387523e-01, 1.67228931e+03,
       3.71316345e+02, 1.24440104e-01, 1.66638867e+03, 4.06643555e+02,
       1.61774725e-01, 1.67519568e+03, 3.77218872e+02, 2.84730703e-01,
       1.67225244e+03, 3.86121460e+02, 2.16425657e-01, 1.62811731e+03,
       3.92021393e+02, 1.38885707e-01 ]
