%YAML:1.0
---
pose_0: !!opencv-matrix
   rows: 1
   cols: 25
   dt: "3f"
   data: [ 6.50939758e+02, 6.42140442e+02, 7.46977851e-02,
       7.65719055e+02, 6.00861755e+02, 5.25749862e-01, 7.45226807e+02,
       7.09836487e+02, 4.53165799e-01, 9.06971436e+02, 7.65890076e+02,
       7.79879510e-01, 1.04530029e+03, 7.92189453e+02, 8.11908841e-01,
       7.86322998e+02, 5.00801300e+02, 2.48600498e-01, 8.89438660e+02,
       3.86034821e+02, 7.04510808e-01, 1.02191199e+03, 2.38847412e+02,
       6.84842348e-01, 1.08064258e+03, 5.50847534e+02, 3.88445377e-01,
       1.08069336e+03, 6.09789063e+02, 3.93681407e-01, 1.35140979e+03,
       6.33296143e+02, 4.42031205e-01, 1.66052344e+03, 5.97971558e+02,
       3.60977203e-01, 1.07189941e+03, 4.80266357e+02, 4.16668355e-01,
       1.19546411e+03, 4.12590637e+02, 2.77482599e-01, 1.39559460e+03,
       3.27242340e+02, 1.45978525e-01, 6.24391296e+02, 6.27501953e+02,
       1.35283649e-01, 0., 0., 0., 0., 0., 0., 0., 0., 0., 0., 0., 0.,
       0., 0., 0., 1.41329614e+03, 3.36005890e+02, 8.85843188e-02,
       1.76056641e+03, 6.47997070e+02, 6.69933110e-02, 0., 0., 0.,
       1.67226416e+03, 5.77335938e+02, 1.50583014e-01 ]
