%YAML:1.0
---
pose_0: !!opencv-matrix
   rows: 1
   cols: 25
   dt: "3f"
   data: [ 7.53948547e+02, 5.74307129e+02, 8.55955958e-01,
       8.62975220e+02, 5.71415222e+02, 6.82119310e-01, 8.59946777e+02,
       6.24580994e+02, 5.76077759e-01, 1.00413287e+03, 6.92198853e+02,
       6.97192788e-01, 1.13947717e+03, 7.39131836e+02, 8.25648963e-01,
       8.77572998e+02, 5.00830627e+02, 6.54032350e-01, 1.00710028e+03,
       4.56717194e+02, 7.38207817e-01, 1.13658069e+03, 4.06717560e+02,
       7.85401344e-01, 1.11897449e+03, 5.86228333e+02, 5.86979508e-01,
       1.11885486e+03, 6.39138855e+02, 6.02002561e-01, 1.31906030e+03,
       6.48006104e+02, 7.11467206e-01, 1.56035071e+03, 6.62693848e+02,
       6.32092476e-01, 1.11902429e+03, 5.33297913e+02, 6.18005097e-01,
       1.32789746e+03, 5.09655334e+02, 5.53706110e-01, 1.53393188e+03,
       4.53796661e+02, 6.33316934e-01, 7.39247681e+02, 5.80387756e+02,
       8.50205064e-01, 7.42281006e+02, 5.50990540e+02, 8.98636222e-01,
       7.59881836e+02, 6.00893616e+02, 5.06002784e-01, 7.65658264e+02,
       5.30201477e+02, 6.19032025e-01, 1.63105542e+03, 4.42021271e+02,
       4.09072250e-01, 1.62806470e+03, 4.36071014e+02, 4.17428792e-01,
       1.55158569e+03, 4.36184174e+02, 2.30249688e-01, 1.63384583e+03,
       6.77466248e+02, 3.92943442e-01, 0., 0., 0., 1.58685522e+03,
       6.45038818e+02, 3.81860197e-01 ]
