%YAML:1.0
---
pose_0: !!opencv-matrix
   rows: 2
   cols: 25
   dt: "3f"
   data: [ 5.36145935e+02, 6.45104675e+02, 2.00496927e-01,
       5.71501221e+02, 5.74425354e+02, 1.91697806e-01, 6.33294556e+02,
       6.06830750e+02, 8.06486979e-02, 0., 0., 0., 0., 0., 0.,
       6.48005920e+02, 4.80255432e+02, 1.23737976e-01, 8.06867615e+02,
       4.44896881e+02, 7.23859429e-01, 6.21485229e+02, 5.53758301e+02,
       5.54493904e-01, 1.05712598e+03, 6.45113281e+02, 4.58583415e-01,
       1.03063037e+03, 7.09847656e+02, 4.34615433e-01, 1.23662537e+03,
       8.04030457e+02, 7.09475651e-02, 0., 0., 0., 1.07188452e+03,
       5.74496582e+02, 3.90556246e-01, 1.38969043e+03, 6.68504578e+02,
       3.28811318e-01, 1.74288440e+03, 6.95041870e+02, 2.64878243e-01,
       0., 0., 0., 5.06819885e+02, 6.42097778e+02, 2.11465210e-01, 0.,
       0., 0., 5.00815857e+02, 5.86234741e+02, 2.52591759e-01,
       1.80475000e+03, 6.50942322e+02, 1.40361041e-01, 1.80473206e+03,
       6.48072327e+02, 1.38402298e-01, 1.77823206e+03, 7.18650940e+02,
       1.67303160e-01, 0., 0., 0., 0., 0., 0., 0., 0., 0., 0., 0., 0.,
       0., 0., 0., 6.71554016e+02, 6.68685974e+02, 1.21378481e-01,
       7.39321655e+02, 7.36322632e+02, 3.52385998e-01, 8.33457214e+02,
       8.09795532e+02, 3.16189647e-01, 0., 0., 0., 0., 0., 0., 0., 0.,
       0., 0., 0., 0., 0., 0., 0., 0., 0., 0., 0., 0., 0., 0., 0., 0.,
       0., 0., 0., 0., 0., 0., 0., 0., 0., 0., 0., 0., 0., 0., 0., 0.,
       0., 0., 0., 0., 0., 0., 0., 0., 0., 0., 0., 0., 0., 0., 0., 0.,
       0., 0., 0., 0. ]
