%YAML:1.0
---
pose_0: !!opencv-matrix
   rows: 1
   cols: 25
   dt: "3f"
   data: [ 0., 0., 0., 8.77618713e+02, 5.47952209e+02, 3.02735776e-01,
       0., 0., 0., 0., 0., 0., 0., 0., 0., 8.60030579e+02,
       5.65558228e+02, 5.47064662e-01, 1.00713123e+03, 5.53810974e+02,
       5.92563152e-01, 1.18076758e+03, 5.50814453e+02, 4.58108306e-01,
       1.21010315e+03, 6.00917847e+02, 3.36484343e-01, 1.21605042e+03,
       6.06817322e+02, 3.96628827e-01, 1.39554529e+03, 4.94995575e+02,
       6.80408657e-01, 1.63995630e+03, 7.15803162e+02, 5.84339321e-01,
       1.20425708e+03, 5.80300781e+02, 2.45400861e-01, 1.39266589e+03,
       4.80336670e+02, 4.05347914e-01, 1.50450024e+03, 6.47999695e+02,
       2.02323064e-01, 0., 0., 0., 0., 0., 0., 0., 0., 0.,
       7.83425903e+02, 5.71446167e+02, 1.31519675e-01, 0., 0., 0., 0.,
       0., 0., 1.49568408e+03, 6.65687317e+02, 2.29459703e-01,
       1.70756360e+03, 7.12712280e+02, 1.86943293e-01, 1.68995435e+03,
       7.33360413e+02, 2.11281344e-01, 1.65164087e+03, 7.42260986e+02,
       4.58841890e-01 ]
