%YAML:1.0
---
pose_0: !!opencv-matrix
   rows: 1
   cols: 25
   dt: "3f"
   data: [ 6.50947754e+02, 5.30152344e+02, 8.55892003e-01,
       7.92203796e+02, 5.24287781e+02, 7.13766813e-01, 7.89308289e+02,
       6.21411438e+02, 7.20518947e-01, 8.98199585e+02, 7.50990906e+02,
       6.59845233e-01, 8.54051880e+02, 7.15646240e+02, 3.56102228e-01,
       8.06897888e+02, 4.21405579e+02, 6.16130769e-01, 9.51226624e+02,
       3.86080597e+02, 7.86201596e-01, 1.00124933e+03, 3.94899200e+02,
       6.94073677e-01, 1.07195081e+03, 5.50921936e+02, 5.90254247e-01,
       1.06302893e+03, 6.03891479e+02, 5.86619973e-01, 1.22197131e+03,
       6.24448547e+02, 2.56710052e-01, 1.48392188e+03, 6.21500977e+02,
       2.18835443e-01, 1.08364185e+03, 4.86141632e+02, 5.43414712e-01,
       1.28962488e+03, 5.24314514e+02, 5.41615367e-01, 1.60454492e+03,
       5.36219788e+02, 2.77055949e-01, 6.42026978e+02, 5.50752075e+02,
       8.12467813e-01, 6.39203979e+02, 5.06639465e+02, 8.13939869e-01,
       6.53941956e+02, 5.68582031e+02, 2.52800524e-01, 6.65623474e+02,
       4.77270386e+02, 4.90119338e-01, 1.69580518e+03, 5.97977539e+02,
       1.54509917e-01, 0., 0., 0., 1.61336072e+03, 5.42020508e+02,
       2.17522115e-01, 0., 0., 0., 0., 0., 0., 1.49861841e+03,
       6.30350586e+02, 6.57591224e-02 ]
