%YAML:1.0
---
pose_0: !!opencv-matrix
   rows: 1
   cols: 25
   dt: "3f"
   data: [ 7.56924072e+02, 4.74390320e+02, 7.93886721e-01,
       8.59943665e+02, 4.59745544e+02, 7.14229286e-01, 8.62845276e+02,
       5.27400574e+02, 6.96766913e-01, 9.92386414e+02, 5.74320984e+02,
       7.27504849e-01, 1.11304980e+03, 6.42050171e+02, 7.96670973e-01,
       8.57022827e+02, 3.92039948e+02, 5.52776337e-01, 1.00125256e+03,
       3.44827545e+02, 7.92930424e-01, 1.13367590e+03, 2.97845215e+02,
       7.59949982e-01, 1.12190308e+03, 4.80229797e+02, 6.11876428e-01,
       1.11894666e+03, 5.27274231e+02, 6.48349404e-01, 1.33086072e+03,
       5.98062012e+02, 7.45363116e-01, 1.54280566e+03, 6.59815369e+02,
       5.63445985e-01, 1.12485242e+03, 4.33052155e+02, 5.62059879e-01,
       1.35440002e+03, 4.36227783e+02, 6.18001461e-01, 1.58098254e+03,
       4.53678284e+02, 6.42776608e-01, 7.42155518e+02, 4.86184143e+02,
       7.94873536e-01, 7.42164795e+02, 4.56769745e+02, 8.61476183e-01,
       7.59878357e+02, 5.03836212e+02, 3.22113931e-01, 7.62704041e+02,
       4.27236267e+02, 6.11663461e-01, 1.64283472e+03, 4.24317902e+02,
       3.78440380e-01, 1.63686267e+03, 4.18462341e+02, 4.38633412e-01,
       1.61049878e+03, 4.56758270e+02, 3.24944794e-01, 1.63110010e+03,
       6.62725586e+02, 2.64093786e-01, 0., 0., 0., 1.57809607e+03,
       6.50938904e+02, 2.95295626e-01 ]
