%YAML:1.0
---
pose_0: !!opencv-matrix
   rows: 1
   cols: 25
   dt: "3f"
   data: [ 8.68763000e+02, 4.56686615e+02, 1.03239529e-01,
       8.74656738e+02, 5.06658142e+02, 4.13316488e-01, 8.30456360e+02,
       5.56769836e+02, 3.95144224e-01, 7.42143677e+02, 5.42095459e+02,
       5.55779397e-01, 8.54066956e+02, 5.03767273e+02, 4.70379591e-01,
       9.09949219e+02, 4.56639618e+02, 2.79388547e-01, 9.51199036e+02,
       4.30230804e+02, 1.60938084e-01, 8.83529785e+02, 4.00786163e+02,
       1.07018776e-01, 1.11303442e+03, 5.53829590e+02, 4.04150635e-01,
       1.08953455e+03, 5.89127380e+02, 2.89612651e-01, 1.35735510e+03,
       5.21438171e+02, 6.92176580e-01, 1.61931567e+03, 6.98058777e+02,
       5.22664845e-01, 1.13363928e+03, 5.24341919e+02, 3.15303564e-01,
       1.38677759e+03, 5.06715149e+02, 3.10590208e-01, 1.54868652e+03,
       5.74395935e+02, 4.33213085e-01, 8.56965210e+02, 4.56712250e+02,
       7.85789862e-02, 8.62959167e+02, 4.39051941e+02, 1.12487204e-01,
       8.33389038e+02, 4.68473541e+02, 5.68928532e-02, 8.65806641e+02,
       4.36037018e+02, 6.42675906e-02, 1.61928040e+03, 5.03763062e+02,
       4.45500970e-01, 1.61342163e+03, 5.03837677e+02, 4.37937707e-01,
       1.57222131e+03, 5.92103943e+02, 2.90626824e-01, 1.68399731e+03,
       7.30368408e+02, 3.20597202e-01, 1.66343616e+03, 7.42097595e+02,
       3.64038765e-01, 1.63403601e+03, 7.21583801e+02, 3.30912262e-01 ]
