%YAML:1.0
---
pose_0: !!opencv-matrix
   rows: 1
   cols: 25
   dt: "3f"
   data: [ 6.15653259e+02, 4.41966614e+02, 7.84315944e-01,
       7.45242859e+02, 5.00837036e+02, 6.98511600e-01, 7.39271301e+02,
       5.98005554e+02, 7.28077531e-01, 8.83507935e+02, 6.68675842e+02,
       8.17091346e-01, 9.77791809e+02, 6.59756348e+02, 7.08354175e-01,
       7.68763428e+02, 4.06668121e+02, 6.47434533e-01, 9.42292297e+02,
       3.68396973e+02, 7.89159358e-01, 8.83371338e+02, 3.38958740e+02,
       8.04242492e-01, 1.04837415e+03, 5.21472412e+02, 5.43196619e-01,
       1.03655469e+03, 5.77291870e+02, 5.46261907e-01, 1.25726575e+03,
       5.97962708e+02, 2.27982610e-01, 1.48974548e+03, 5.97923767e+02,
       1.13617584e-01, 1.05714905e+03, 4.56633514e+02, 4.82583195e-01,
       1.26607275e+03, 4.83113342e+02, 5.57813227e-01, 1.51921216e+03,
       5.12643127e+02, 5.69411851e-02, 5.97973877e+02, 4.62622589e+02,
       8.60788584e-01, 6.01023682e+02, 4.33134979e+02, 7.86543965e-01,
       6.21392456e+02, 5.03780151e+02, 7.26844311e-01, 6.27492493e+02,
       4.12546417e+02, 1.33553907e-01, 0., 0., 0., 0., 0., 0., 0., 0.,
       0., 0., 0., 0., 0., 0., 0., 0., 0., 0. ]
