%YAML:1.0
---
pose_0: !!opencv-matrix
   rows: 1
   cols: 25
   dt: "3f"
   data: [ 7.01051758e+02, 5.50957886e+02, 8.57535899e-01,
       8.01088806e+02, 4.97845337e+02, 6.68894172e-01, 7.89223267e+02,
       5.56830078e+02, 6.66076601e-01, 9.15859375e+02, 6.00899048e+02,
       3.71116906e-01, 9.54080505e+02, 6.21570313e+02, 9.96136814e-02,
       8.09928894e+02, 4.33077484e+02, 5.93057096e-01, 9.24589539e+02,
       3.62623138e+02, 7.59889007e-01, 1.03950171e+03, 3.41817596e+02,
       7.82688379e-01, 1.09835120e+03, 5.03717316e+02, 5.70631325e-01,
       1.09539075e+03, 5.50915527e+02, 6.03106081e-01, 1.31909351e+03,
       5.83311462e+02, 6.84550643e-01, 1.59577393e+03, 6.44943176e+02,
       5.42984784e-01, 1.10420532e+03, 4.44970825e+02, 5.13093352e-01,
       1.31032910e+03, 4.65512177e+02, 6.29848719e-01, 1.59287903e+03,
       4.62667999e+02, 5.51491678e-01, 6.92211609e+02, 5.53692139e+02,
       3.59813869e-01, 6.95072144e+02, 5.30440369e+02, 8.28569710e-01,
       0., 0., 0., 7.15611877e+02, 4.86169434e+02, 6.50193810e-01,
       1.66055481e+03, 4.24312866e+02, 2.29395792e-01, 1.65751563e+03,
       4.24345612e+02, 2.82049209e-01, 1.64579846e+03, 4.89077118e+02,
       2.09561527e-01, 1.74871252e+03, 6.65679016e+02, 1.53429046e-01,
       0., 0., 0., 1.63694641e+03, 6.24567505e+02, 3.06264043e-01 ]
