%YAML:1.0
---
pose_0: !!opencv-matrix
   rows: 1
   cols: 25
   dt: "3f"
   data: [ 7.42290894e+02, 4.36005829e+02, 8.68655622e-01,
       8.65781860e+02, 4.12696594e+02, 6.52653277e-01, 8.86414185e+02,
       4.86133392e+02, 5.10877013e-01, 1.01005957e+03, 5.24401794e+02,
       7.09533393e-01, 1.09250330e+03, 6.09785583e+02, 8.06758702e-01,
       8.54069214e+02, 3.42022003e+02, 6.54293954e-01, 1.00130573e+03,
       2.94797943e+02, 8.97538364e-01, 1.07473645e+03, 3.94908051e+02,
       7.87109315e-01, 1.13653357e+03, 4.44966003e+02, 5.58222651e-01,
       1.12193152e+03, 4.97943329e+02, 5.95679939e-01, 1.32795288e+03,
       5.30269043e+02, 7.74935842e-01, 1.54277185e+03, 5.80330322e+02,
       6.28282607e-01, 1.13960168e+03, 3.89068451e+02, 6.02089047e-01,
       1.35141968e+03, 3.65362610e+02, 7.01568067e-01, 1.56332019e+03,
       3.15516327e+02, 6.53621674e-01, 7.33330627e+02, 4.53680115e+02,
       7.77062774e-01, 7.33409180e+02, 4.15504944e+02, 8.18112731e-01,
       7.45187622e+02, 4.65498901e+02, 1.99339867e-01, 7.56863342e+02,
       3.86124512e+02, 5.77818871e-01, 1.63401514e+03, 2.74228638e+02,
       2.70098656e-01, 1.62517163e+03, 2.74216827e+02, 2.73582399e-01,
       1.58692249e+03, 3.06594086e+02, 2.59962410e-01, 1.60162683e+03,
       5.53833130e+02, 4.75246131e-01, 1.58995410e+03, 5.68576355e+02,
       4.08517361e-01, 1.57516223e+03, 5.95035095e+02, 3.40561301e-01 ]
