%YAML:1.0
---
pose_0: !!opencv-matrix
   rows: 1
   cols: 25
   dt: "3f"
   data: [ 7.39281067e+02, 4.00829224e+02, 7.64407575e-01,
       8.12842346e+02, 4.36035492e+02, 6.27998114e-01, 7.89252014e+02,
       4.83147614e+02, 4.75470543e-01, 9.77641663e+02, 5.62634094e+02,
       4.49067593e-01, 1.05415869e+03, 5.30298950e+02, 5.93621373e-01,
       8.36366150e+02, 3.83112000e+02, 4.49605107e-01, 1.00705444e+03,
       3.41960144e+02, 8.41878772e-01, 1.10128162e+03, 2.74271362e+02,
       8.14542890e-01, 1.11591736e+03, 4.56731659e+02, 5.50842345e-01,
       1.11298291e+03, 5.03879639e+02, 5.34152627e-01, 1.33676953e+03,
       5.27474365e+02, 7.75900245e-01, 1.56328809e+03, 5.53728149e+02,
       6.61774218e-01, 1.11893103e+03, 4.09508392e+02, 5.20362735e-01,
       1.34848083e+03, 3.97863037e+02, 4.80186045e-01, 1.55159583e+03,
       3.94956543e+02, 6.31155729e-01, 7.21551331e+02, 4.12556244e+02,
       7.70412266e-01, 7.24603088e+02, 3.86137177e+02, 4.89956439e-01,
       7.36279785e+02, 4.44986053e+02, 6.76600158e-01, 0., 0., 0.,
       1.61637646e+03, 3.68367157e+02, 5.85717320e-01, 1.61051733e+03,
       3.65493286e+02, 6.22286558e-01, 1.58393188e+03, 4.03724121e+02,
       2.79945523e-01, 1.63704272e+03, 5.45016724e+02, 4.14260507e-01,
       1.63394604e+03, 5.56768250e+02, 3.86372894e-01, 1.58691833e+03,
       5.47887329e+02, 3.50914687e-01 ]
