%YAML:1.0
---
pose_0: !!opencv-matrix
   rows: 1
   cols: 25
   dt: "3f"
   data: [ 6.48055908e+02, 4.12679077e+02, 8.60930264e-01,
       7.80446167e+02, 4.56681091e+02, 6.87061071e-01, 7.71693726e+02,
       5.33295288e+02, 6.16305530e-01, 8.83457397e+02, 6.30366760e+02,
       7.75965393e-01, 9.54170166e+02, 6.36275085e+02, 7.08992958e-01,
       7.86360718e+02, 3.80152557e+02, 6.42323732e-01, 9.71772156e+02,
       3.56599670e+02, 8.15241277e-01, 8.39300598e+02, 3.50744476e+02,
       7.24747717e-01, 1.07482239e+03, 4.77343170e+02, 5.46145499e-01,
       1.06896594e+03, 5.27422424e+02, 5.45852840e-01, 1.32489014e+03,
       5.06863892e+02, 6.72630608e-01, 1.59869617e+03, 5.50980164e+02,
       5.60071230e-01, 1.08067847e+03, 4.15571503e+02, 4.97829378e-01,
       1.33376062e+03, 4.12451599e+02, 5.54081261e-01, 1.58987610e+03,
       4.09640656e+02, 4.63671982e-01, 6.39180725e+02, 4.36211487e+02,
       7.49489903e-01, 6.42033508e+02, 4.06581238e+02, 7.38080740e-01,
       6.59763550e+02, 4.77299530e+02, 5.39338171e-01, 6.71555786e+02,
       3.85965881e+02, 2.93500662e-01, 1.65751526e+03, 3.83064728e+02,
       4.94170934e-01, 1.65164954e+03, 3.80116669e+02, 5.25917172e-01,
       1.63408618e+03, 4.12557648e+02, 2.40857095e-01, 1.71938562e+03,
       5.53852783e+02, 3.87319028e-01, 1.71053772e+03, 5.65611389e+02,
       3.43896687e-01, 1.63107690e+03, 5.36151855e+02, 2.99095750e-01 ]
