%YAML:1.0
---
pose_0: !!opencv-matrix
   rows: 1
   cols: 25
   dt: "3f"
   data: [ 7.06854736e+02, 6.00927429e+02, 7.97718823e-01,
       8.15801758e+02, 6.03950806e+02, 6.93551302e-01, 7.98127319e+02,
       6.89129700e+02, 6.88118041e-01, 9.33569458e+02, 7.24612122e+02,
       7.56060779e-01, 1.04526917e+03, 6.44962769e+02, 8.02394569e-01,
       8.33403931e+02, 5.33284058e+02, 5.08392990e-01, 1.02477246e+03,
       5.27384399e+02, 8.02800655e-01, 1.18966223e+03, 5.30208984e+02,
       5.52197754e-01, 1.11307581e+03, 6.56811035e+02, 5.19703329e-01,
       1.09838843e+03, 7.09800110e+02, 4.97357637e-01, 1.34847510e+03,
       7.42090820e+02, 6.23939276e-01, 1.58695813e+03, 7.59774048e+02,
       5.30539155e-01, 1.11604309e+03, 6.00903748e+02, 5.09168983e-01,
       1.33968323e+03, 5.71505371e+02, 4.88938630e-01, 1.57516296e+03,
       5.74325745e+02, 5.70410728e-01, 6.89136902e+02, 6.15679077e+02,
       7.65261769e-01, 6.92096008e+02, 5.77469482e+02, 8.02275479e-01,
       7.06848999e+02, 6.36251221e+02, 2.60811836e-01, 7.15692688e+02,
       5.47954285e+02, 5.95215559e-01, 1.68399548e+03, 5.33241089e+02,
       3.09089929e-01, 1.68108997e+03, 5.30237061e+02, 2.98274636e-01,
       1.60746973e+03, 5.77383972e+02, 2.88390219e-01, 1.65753784e+03,
       7.24570251e+02, 3.61870140e-01, 1.65169397e+03, 7.42235535e+02,
       2.82348305e-01, 1.62807385e+03, 7.56942749e+02, 2.65885234e-01 ]
