%YAML:1.0
---
pose_0: !!opencv-matrix
   rows: 1
   cols: 25
   dt: "3f"
   data: [ 0., 0., 0., 9.01129639e+02, 4.89060364e+02, 2.65687257e-01,
       8.33491882e+02, 5.30293823e+02, 2.25373730e-01, 7.03965881e+02,
       5.03776825e+02, 8.05225968e-02, 0., 0., 0., 9.42345459e+02,
       4.56659760e+02, 2.63503343e-01, 9.60049438e+02, 4.09581055e+02,
       5.33994138e-01, 8.83518433e+02, 3.83027069e+02, 7.79647470e-01,
       1.10423022e+03, 5.03807678e+02, 2.39308327e-01, 1.09245898e+03,
       5.03807068e+02, 1.61074013e-01, 1.33670947e+03, 4.83166840e+02,
       6.71474218e-01, 1.59869995e+03, 6.50956177e+02, 4.86686081e-01,
       1.12188586e+03, 4.97920837e+02, 2.16428012e-01, 1.34846350e+03,
       4.53791504e+02, 5.54032028e-01, 1.56922876e+03, 5.06690399e+02,
       6.64016664e-01, 0., 0., 0., 0., 0., 0., 0., 0., 0., 0., 0., 0.,
       1.60745984e+03, 4.50820801e+02, 1.71649814e-01, 1.59576855e+03,
       4.56679016e+02, 2.09165782e-01, 1.58693140e+03, 5.27311218e+02,
       3.95974517e-01, 1.65756726e+03, 6.74479797e+02, 3.89428139e-01,
       1.63703296e+03, 6.89195496e+02, 4.20419216e-01, 1.62815198e+03,
       6.71536011e+02, 2.96350390e-01 ]
