%YAML:1.0
---
pose_0: !!opencv-matrix
   rows: 1
   cols: 25
   dt: "3f"
   data: [ 7.68716309e+02, 4.62532257e+02, 8.60018313e-01,
       8.86382324e+02, 4.71384888e+02, 7.59628892e-01, 8.74671265e+02,
       5.47876282e+02, 7.34903812e-01, 9.86472778e+02, 6.03929749e+02,
       7.10189939e-01, 1.09529736e+03, 6.68650391e+02, 8.43582392e-01,
       9.04034912e+02, 3.94864441e+02, 6.83122098e-01, 1.04525586e+03,
       3.47857178e+02, 7.13001072e-01, 1.17196094e+03, 2.83020142e+02,
       7.34788239e-01, 1.14248486e+03, 4.59683563e+02, 5.84487736e-01,
       1.13956372e+03, 5.06825165e+02, 6.07333839e-01, 1.35445117e+03,
       5.44974304e+02, 6.85414255e-01, 1.55451453e+03, 5.59727722e+02,
       6.31335735e-01, 1.14242090e+03, 4.09571625e+02, 5.99155664e-01,
       1.34847986e+03, 4.12636505e+02, 7.60808289e-01, 1.58104102e+03,
       4.30166901e+02, 6.62217677e-01, 7.62705261e+02, 4.80246185e+02,
       8.30842972e-01, 7.62676819e+02, 4.50781647e+02, 8.34192455e-01,
       7.80446716e+02, 5.03680603e+02, 4.97427523e-01, 7.83400757e+02,
       4.15607544e+02, 6.55469835e-01, 1.64576111e+03, 4.41973175e+02,
       4.05177265e-01, 1.64575623e+03, 4.30219269e+02, 4.37394768e-01,
       1.60164734e+03, 4.15545441e+02, 2.65701056e-01, 1.61332678e+03,
       5.74443909e+02, 4.26995277e-01, 0., 0., 0., 1.58393262e+03,
       5.42078247e+02, 3.77880991e-01 ]
