%YAML:1.0
---
pose_0: !!opencv-matrix
   rows: 1
   cols: 25
   dt: "3f"
   data: [ 7.62753784e+02, 5.15553101e+02, 4.47729677e-01,
       8.30439880e+02, 4.53780914e+02, 4.82853949e-01, 8.27507507e+02,
       4.50807007e+02, 3.06210846e-01, 9.98314331e+02, 4.83132660e+02,
       1.14943147e-01, 1.09235645e+03, 5.47871338e+02, 7.95549154e-02,
       8.36398682e+02, 4.62692108e+02, 6.06914878e-01, 9.98164429e+02,
       4.83178528e+02, 6.87145948e-01, 1.09244104e+03, 5.45043579e+02,
       5.85333765e-01, 1.14243384e+03, 3.97839722e+02, 4.17661637e-01,
       1.12775720e+03, 4.36083435e+02, 2.34906435e-01, 0., 0., 0., 0.,
       0., 0., 1.15426270e+03, 3.65504730e+02, 5.01720726e-01,
       1.32778406e+03, 5.03702728e+02, 8.06781352e-01, 1.61346631e+03,
       4.24328705e+02, 4.46715176e-01, 7.42179382e+02, 5.06817047e+02,
       1.31299898e-01, 7.53947815e+02, 5.03736237e+02, 4.51064885e-01,
       0., 0., 0., 7.62871826e+02, 4.59582245e+02, 4.53691810e-01,
       1.67228467e+03, 4.83239380e+02, 9.28753987e-02, 1.67228918e+03,
       4.71388733e+02, 6.83922097e-02, 0., 0., 0., 0., 0., 0., 0., 0.,
       0., 0., 0., 0. ]
