%YAML:1.0
---
pose_0: !!opencv-matrix
   rows: 1
   cols: 25
   dt: "3f"
   data: [ 7.39203491e+02, 4.36001312e+02, 6.06598556e-01,
       8.45223328e+02, 4.97893921e+02, 4.63816911e-01, 8.21633179e+02,
       5.30355042e+02, 6.80691123e-01, 9.51112549e+02, 5.80301636e+02,
       7.64178336e-01, 1.11304919e+03, 5.74331848e+02, 6.85211360e-01,
       8.83487976e+02, 4.56756744e+02, 3.15931797e-01, 1.04539734e+03,
       4.97846191e+02, 6.30824506e-01, 1.16311060e+03, 4.53711823e+02,
       8.14439237e-01, 1.13068994e+03, 6.06852661e+02, 3.86623055e-01,
       1.13067664e+03, 6.30325439e+02, 4.13773060e-01, 1.35437231e+03,
       5.30304810e+02, 7.41360426e-01, 1.65465027e+03, 7.27436340e+02,
       5.17885268e-01, 1.14245581e+03, 5.68573975e+02, 2.71756053e-01,
       1.37197961e+03, 5.06779205e+02, 5.70340872e-01, 1.58983606e+03,
       6.68587585e+02, 2.10591927e-01, 7.18740051e+02, 4.53699982e+02,
       5.58339894e-01, 7.27501099e+02, 4.30203796e+02, 1.41866565e-01,
       7.45115417e+02, 5.00783966e+02, 3.53821367e-01, 0., 0., 0., 0.,
       0., 0., 0., 0., 0., 0., 0., 0., 1.70763062e+03, 7.33305725e+02,
       2.65109628e-01, 1.69285974e+03, 7.45152161e+02, 2.79023498e-01,
       1.67226123e+03, 7.53958984e+02, 2.93711871e-01 ]
