%YAML:1.0
---
pose_0: !!opencv-matrix
   rows: 1
   cols: 25
   dt: "3f"
   data: [ 7.12658813e+02, 4.44892670e+02, 8.02093267e-01,
       8.12831665e+02, 4.30139038e+02, 6.64507926e-01, 7.92326782e+02,
       4.86232117e+02, 5.93686044e-01, 8.77547607e+02, 5.24293091e+02,
       5.11288106e-01, 9.68821899e+02, 5.62613281e+02, 3.64116579e-01,
       8.33366394e+02, 3.56605194e+02, 4.74743247e-01, 9.89402283e+02,
       3.38804871e+02, 6.71939492e-01, 1.14552783e+03, 3.39075775e+02,
       7.66189694e-01, 1.12192493e+03, 4.59577271e+02, 6.06975794e-01,
       1.11009302e+03, 5.06812683e+02, 6.00760996e-01, 1.28386523e+03,
       5.89190430e+02, 6.84651673e-01, 1.53981421e+03, 6.00920105e+02,
       5.64256191e-01, 1.13946057e+03, 4.06622803e+02, 5.40576756e-01,
       1.36912744e+03, 4.33072968e+02, 5.66926599e-01, 1.60750671e+03,
       4.27204071e+02, 5.54944217e-01, 6.95029175e+02, 4.59652374e+02,
       8.14781547e-01, 6.95087097e+02, 4.27237213e+02, 8.29909503e-01,
       7.15706421e+02, 4.80224640e+02, 2.26315677e-01, 7.18569519e+02,
       3.89104370e+02, 6.00728571e-01, 1.66638049e+03, 3.86089478e+02,
       3.27688187e-01, 1.66043616e+03, 3.86077759e+02, 3.92475188e-01,
       1.64576416e+03, 4.33186218e+02, 1.86281234e-01, 1.63990344e+03,
       6.48107483e+02, 2.73590267e-01, 1.63099988e+03, 6.48073059e+02,
       2.59995401e-01, 1.58391394e+03, 5.77329834e+02, 3.07204962e-01 ]
