%YAML:1.0
---
pose_0: !!opencv-matrix
   rows: 2
   cols: 25
   dt: "3f"
   data: [ 0., 0., 0., 7.39193970e+02, 5.33264282e+02, 5.62921405e-01,
       7.45212219e+02, 5.30240784e+02, 5.20151019e-01, 8.80443542e+02,
       5.03853149e+02, 7.86422253e-01, 8.51083923e+02, 4.06684204e+02,
       5.97470045e-01, 7.36367371e+02, 5.47895996e+02, 4.63324904e-01,
       8.77547058e+02, 5.03768158e+02, 1.05732605e-01, 0., 0., 0.,
       1.07479346e+03, 5.59712952e+02, 5.23609698e-01, 1.06302917e+03,
       5.97918579e+02, 4.64366645e-01, 1.35439966e+03, 5.27342407e+02,
       7.46866584e-01, 1.63398730e+03, 7.09839905e+02, 5.08608162e-01,
       1.08950916e+03, 5.24409119e+02, 4.44516242e-01, 1.37791797e+03,
       5.09730164e+02, 4.10408080e-01, 1.56047534e+03, 5.77292542e+02,
       6.54411137e-01, 0., 0., 0., 0., 0., 0., 6.92219116e+02,
       5.27314148e+02, 1.04170144e-01, 6.71534973e+02, 5.74463989e+02,
       1.53132007e-01, 1.61632068e+03, 5.06743591e+02, 4.42471087e-01,
       1.61334668e+03, 5.09690613e+02, 4.24169630e-01, 1.58099011e+03,
       6.00878784e+02, 4.74455357e-01, 1.68705554e+03, 7.30409058e+02,
       3.41802865e-01, 1.67225244e+03, 7.42232239e+02, 3.83591533e-01,
       1.64873950e+03, 7.36304321e+02, 2.81619012e-01, 0., 0., 0., 0.,
       0., 0., 0., 0., 0., 0., 0., 0., 0., 0., 0., 8.56943420e+02,
       4.59708405e+02, 6.65007606e-02, 9.51069275e+02, 4.44966248e+02,
       3.04636002e-01, 8.98119751e+02, 4.09617523e+02, 5.63123822e-01,
       0., 0., 0., 0., 0., 0., 0., 0., 0., 0., 0., 0., 0., 0., 0., 0.,
       0., 0., 0., 0., 0., 0., 0., 0., 0., 0., 0., 0., 0., 0., 0., 0.,
       0., 0., 0., 0., 0., 0., 0., 0., 0., 0., 0., 0., 0., 0., 0., 0.,
       0., 0., 0. ]
