%YAML:1.0
---
pose_0: !!opencv-matrix
   rows: 1
   cols: 25
   dt: "3f"
   data: [ 7.77480530e+02, 5.50822510e+02, 2.52342105e-01,
       8.18694885e+02, 4.80236450e+02, 5.43714285e-01, 8.18729309e+02,
       4.65521179e+02, 3.16384733e-01, 9.04080872e+02, 4.12563385e+02,
       1.63548455e-01, 0., 0., 0., 8.33540283e+02, 4.94926331e+02,
       6.10007405e-01, 9.89407166e+02, 4.56653381e+02, 5.70215464e-01,
       1.13073132e+03, 5.00820068e+02, 5.83018661e-01, 1.11597095e+03,
       4.47876740e+02, 2.00350553e-01, 0., 0., 0., 0., 0., 0., 0., 0.,
       0., 1.12480786e+03, 4.41975739e+02, 2.11302102e-01,
       1.32790747e+03, 5.77498657e+02, 6.77366555e-01, 1.55160681e+03,
       4.83149658e+02, 5.30335248e-01, 0., 0., 0., 7.65829895e+02,
       5.39085205e+02, 3.10115397e-01, 0., 0., 0., 7.65788208e+02,
       5.03716553e+02, 4.23415184e-01, 1.66050342e+03, 4.56722412e+02,
       1.01539090e-01, 1.65758887e+03, 4.53747589e+02, 1.09682649e-01,
       1.57222815e+03, 4.80249420e+02, 3.02870125e-01, 0., 0., 0., 0.,
       0., 0., 0., 0., 0. ]
