%YAML:1.0
---
pose_0: !!opencv-matrix
   rows: 1
   cols: 25
   dt: "3f"
   data: [ 7.65647339e+02, 4.21361389e+02, 8.49365175e-01,
       8.83577820e+02, 4.39140625e+02, 7.26131439e-01, 8.83426575e+02,
       5.24380249e+02, 7.74112463e-01, 1.00128491e+03, 5.74474731e+02,
       8.27462196e-01, 1.06899377e+03, 6.21603638e+02, 8.59620929e-01,
       8.86439636e+02, 3.65432526e+02, 6.63459778e-01, 1.03357178e+03,
       3.18428741e+02, 8.09481025e-01, 1.13656311e+03, 2.41836990e+02,
       7.87408590e-01, 1.14244666e+03, 4.24366425e+02, 5.84272504e-01,
       1.13957898e+03, 4.74333099e+02, 5.96371651e-01, 1.35435876e+03,
       4.86209442e+02, 7.67733097e-01, 1.53979395e+03, 5.77292725e+02,
       6.15931094e-01, 1.13957385e+03, 3.71388550e+02, 5.77567399e-01,
       1.33082605e+03, 3.35991760e+02, 7.52986133e-01, 1.56628540e+03,
       3.06642456e+02, 6.04128897e-01, 7.48156189e+02, 4.36179321e+02,
       8.29776525e-01, 7.56837708e+02, 4.09450287e+02, 8.33602488e-01,
       7.65847656e+02, 4.59701538e+02, 6.02532327e-01, 7.77500916e+02,
       3.85957001e+02, 5.46719074e-01, 1.63705042e+03, 2.77203613e+02,
       4.58076447e-01, 1.63400586e+03, 2.74207306e+02, 4.83992875e-01,
       1.59279102e+03, 3.00720062e+02, 2.66772389e-01, 1.61347327e+03,
       5.95023804e+02, 5.20456195e-01, 1.60455359e+03, 6.00997314e+02,
       4.81033623e-01, 1.56330029e+03, 5.74420654e+02, 3.27240020e-01 ]
