%YAML:1.0
---
pose_0: !!opencv-matrix
   rows: 1
   cols: 25
   dt: "3f"
   data: [ 7.62797913e+02, 4.41960907e+02, 8.86282384e-01,
       8.59904175e+02, 4.80301636e+02, 7.45345235e-01, 8.62836670e+02,
       5.50822693e+02, 7.17649221e-01, 9.74702209e+02, 6.39130554e+02,
       8.48859966e-01, 8.80560669e+02, 6.65693420e+02, 8.47565293e-01,
       8.48123108e+02, 4.15467346e+02, 7.28884161e-01, 9.45247437e+02,
       4.53685638e+02, 8.05783153e-01, 8.33420471e+02, 5.36152893e+02,
       8.09741616e-01, 1.11300842e+03, 4.59584717e+02, 5.08807421e-01,
       1.11307581e+03, 5.03887268e+02, 5.49228430e-01, 1.31613708e+03,
       5.00833527e+02, 7.35941291e-01, 1.56342639e+03, 5.03883575e+02,
       6.34338260e-01, 1.10714526e+03, 4.06585083e+02, 5.21951556e-01,
       1.31617200e+03, 3.09561493e+02, 6.36478186e-01, 1.52216907e+03,
       2.03620880e+02, 5.27671933e-01, 7.42322083e+02, 4.56814972e+02,
       8.93561125e-01, 7.53997253e+02, 4.27293427e+02, 8.19556475e-01,
       7.62838318e+02, 4.83285950e+02, 7.40069747e-01, 7.68696167e+02,
       4.09638489e+02, 6.20746017e-01, 1.60454614e+03, 1.47637314e+02,
       3.66010845e-01, 1.60158374e+03, 1.50560913e+02, 3.19558620e-01,
       1.53099634e+03, 1.94765259e+02, 2.08704546e-01, 1.62515918e+03,
       4.97927551e+02, 3.35440010e-01, 1.61927454e+03, 5.12598755e+02,
       3.35927725e-01, 1.59283459e+03, 4.94972290e+02, 3.16387385e-01 ]
