%YAML:1.0
---
pose_0: !!opencv-matrix
   rows: 2
   cols: 25
   dt: "3f"
   data: [ 7.89429138e+02, 5.03905853e+02, 8.81334484e-01,
       8.80568542e+02, 5.21490173e+02, 6.83095813e-01, 8.80603516e+02,
       5.77347290e+02, 7.74604321e-01, 9.83594849e+02, 6.24568787e+02,
       3.50165129e-01, 1.02476331e+03, 6.47937805e+02, 2.63783604e-01,
       8.60043396e+02, 4.59692108e+02, 5.59285283e-01, 9.06953369e+02,
       3.94923676e+02, 5.55784822e-01, 9.71798767e+02, 3.41917877e+02,
       4.32436764e-01, 1.16314844e+03, 5.68537598e+02, 5.66780865e-01,
       1.15428687e+03, 6.18593994e+02, 5.36763549e-01, 1.37490918e+03,
       6.44905334e+02, 7.80596137e-01, 1.55745667e+03, 7.01016174e+02,
       6.07806385e-01, 1.16606592e+03, 5.09754700e+02, 5.64234912e-01,
       1.33380859e+03, 4.53695435e+02, 7.57520437e-01, 1.53686987e+03,
       4.39085785e+02, 6.41994178e-01, 7.80436768e+02, 5.18459717e+02,
       7.82101750e-01, 7.86207581e+02, 4.86095856e+02, 8.30664635e-01,
       7.89437317e+02, 5.45011536e+02, 6.33720577e-01, 8.03959473e+02,
       4.68528961e+02, 5.84014654e-01, 1.62520715e+03, 3.65495422e+02,
       3.90714735e-01, 1.62226050e+03, 3.65513947e+02, 3.50595236e-01,
       1.55747302e+03, 4.56615143e+02, 3.81511897e-01, 1.60160693e+03,
       6.80416565e+02, 4.42606390e-01, 1.59277551e+03, 6.95064148e+02,
       4.30780560e-01, 1.57811194e+03, 7.18620850e+02, 3.73016298e-01,
       0., 0., 0., 0., 0., 0., 0., 0., 0., 0., 0., 0., 0., 0., 0.,
       9.68817688e+02, 4.80263153e+02, 2.09815502e-01, 1.06305676e+03,
       4.50844116e+02, 6.21597707e-01, 1.18972998e+03, 4.09580475e+02,
       8.42339039e-01, 0., 0., 0., 0., 0., 0., 0., 0., 0., 0., 0., 0.,
       0., 0., 0., 0., 0., 0., 0., 0., 0., 0., 0., 0., 0., 0., 0., 0.,
       0., 0., 0., 0., 0., 0., 0., 0., 0., 0., 0., 0., 0., 0., 0., 0.,
       0., 0., 0., 0., 0., 0., 0. ]
