%YAML:1.0
---
pose_0: !!opencv-matrix
   rows: 1
   cols: 25
   dt: "3f"
   data: [ 6.71554260e+02, 5.27235535e+02, 8.77806067e-01,
       7.98163635e+02, 5.50811584e+02, 6.28633857e-01, 8.09774292e+02,
       6.27488098e+02, 6.44023716e-01, 9.39384094e+02, 6.39187561e+02,
       5.95429599e-01, 1.09249316e+03, 6.18510315e+02, 7.65232027e-01,
       7.92254944e+02, 4.83146667e+02, 3.96319300e-01, 9.07014954e+02,
       4.39033936e+02, 1.25278100e-01, 0., 0., 0., 1.07191919e+03,
       5.15592773e+02, 4.84873593e-01, 1.06896069e+03, 5.71403442e+02,
       5.77007532e-01, 1.23369653e+03, 6.21573853e+02, 3.79933149e-01,
       1.47506104e+03, 6.48117004e+02, 3.61406863e-01, 1.07481079e+03,
       4.59724579e+02, 4.59131598e-01, 1.34555249e+03, 4.62631500e+02,
       5.79688549e-01, 1.59867322e+03, 4.18496521e+02, 4.49339449e-01,
       6.51059326e+02, 5.33300415e+02, 7.87464797e-01, 6.65707397e+02,
       5.03768494e+02, 8.67243886e-01, 6.68610901e+02, 5.59747192e+02,
       4.61721539e-01, 6.92167236e+02, 4.80200378e+02, 6.41001463e-01,
       1.67523816e+03, 3.80160767e+02, 2.16493934e-01, 1.67514819e+03,
       3.80149567e+02, 2.24048644e-01, 1.62224573e+03, 4.06679718e+02,
       1.60117775e-01, 1.51041675e+03, 6.42093262e+02, 1.60722673e-01,
       0., 0., 0., 1.53686682e+03, 6.33286255e+02, 2.52653211e-01 ]
