%YAML:1.0
---
pose_0: !!opencv-matrix
   rows: 1
   cols: 25
   dt: "3f"
   data: [ 4.62661591e+02, 5.30347717e+02, 7.22187042e-01,
       6.18524048e+02, 5.18540527e+02, 3.66286814e-01, 6.18621155e+02,
       5.86190918e+02, 2.78002977e-01, 6.74540833e+02, 6.89172974e+02,
       3.78293365e-01, 4.42034943e+02, 6.00915771e+02, 5.51845849e-01,
       6.06830444e+02, 4.62619904e+02, 2.72848487e-01, 6.68622681e+02,
       3.68379730e+02, 4.37983215e-01, 3.94945465e+02, 4.12581665e+02,
       7.39545226e-01, 9.89439209e+02, 5.03785004e+02, 3.82958025e-01,
       9.74677795e+02, 5.74355713e+02, 3.50639343e-01, 1.01295062e+03,
       6.42115173e+02, 1.63684100e-01, 0., 0., 0., 9.89445496e+02,
       4.36046478e+02, 3.53716940e-01, 1.30727722e+03, 4.36179993e+02,
       3.62852305e-01, 1.52807556e+03, 4.36049591e+02, 5.91299161e-02,
       4.36016205e+02, 5.39136414e+02, 5.09753466e-01, 4.56643372e+02,
       4.97849945e+02, 6.06558084e-01, 0., 0., 0., 5.00839569e+02,
       4.62586304e+02, 3.21232677e-01, 0., 0., 0., 0., 0., 0., 0., 0.,
       0., 0., 0., 0., 0., 0., 0., 0., 0., 0. ]
