%YAML:1.0
---
pose_0: !!opencv-matrix
   rows: 1
   cols: 25
   dt: "3f"
   data: [ 7.74585449e+02, 3.62479950e+02, 2.08467841e-01,
       8.86466736e+02, 3.83116364e+02, 2.53878385e-01, 8.77605835e+02,
       3.91978058e+02, 2.37281382e-01, 8.83400452e+02, 3.71332581e+02,
       1.23903550e-01, 8.86401245e+02, 2.56614929e+02, 3.52088630e-01,
       8.83510620e+02, 3.80170135e+02, 1.37854084e-01, 0., 0., 0., 0.,
       0., 0., 1.14538794e+03, 3.83073486e+02, 4.06390935e-01,
       1.14834424e+03, 4.33038818e+02, 4.36209202e-01, 1.33670923e+03,
       4.39098907e+02, 5.91527283e-01, 1.53684192e+03, 4.53800110e+02,
       5.24043202e-01, 1.14548914e+03, 3.30130585e+02, 4.01638001e-01,
       1.33673328e+03, 3.00697083e+02, 2.00564846e-01, 1.40143762e+03,
       2.94750122e+02, 5.63399494e-02, 7.68655945e+02, 3.68379730e+02,
       1.60016179e-01, 0., 0., 0., 0., 0., 0., 0., 0., 0., 0., 0., 0.,
       0., 0., 0., 0., 0., 0., 1.61052759e+03, 4.53704590e+02,
       4.30425286e-01, 1.60752820e+03, 4.59681671e+02, 3.90794486e-01,
       1.56040833e+03, 4.39095490e+02, 2.71142572e-01 ]
