%YAML:1.0
---
pose_0: !!opencv-matrix
   rows: 1
   cols: 25
   dt: "3f"
   data: [ 7.45105530e+02, 4.42056885e+02, 7.87191153e-01,
       8.36362732e+02, 5.36159058e+02, 6.40085518e-01, 8.33327332e+02,
       6.15571960e+02, 7.03226388e-01, 9.51115601e+02, 6.44994507e+02,
       8.33842933e-01, 1.07189856e+03, 6.30370178e+02, 7.92317510e-01,
       8.33387146e+02, 4.77318298e+02, 3.88915658e-01, 0., 0., 0., 0.,
       0., 0., 1.11601453e+03, 4.86170044e+02, 4.96759117e-01,
       1.12187000e+03, 5.39130432e+02, 5.19205630e-01, 1.33384814e+03,
       5.50811035e+02, 5.76718330e-01, 1.56036108e+03, 5.53961853e+02,
       5.53294897e-01, 1.10713098e+03, 4.36028015e+02, 5.33527493e-01,
       1.32788855e+03, 4.39108551e+02, 7.17541337e-01, 1.57224109e+03,
       4.36213806e+02, 4.28529888e-01, 7.18758179e+02, 4.56665894e+02,
       8.70248199e-01, 7.36252136e+02, 4.33095734e+02, 4.76220310e-01,
       7.30391968e+02, 4.97865540e+02, 6.65831208e-01, 0., 0., 0.,
       1.68105957e+03, 4.18410095e+02, 1.89703941e-01, 1.67518335e+03,
       4.12660065e+02, 1.99327707e-01, 1.58987463e+03, 4.42009155e+02,
       1.60466149e-01, 1.62226196e+03, 5.77410339e+02, 2.96136856e-01,
       1.61337915e+03, 5.80377747e+02, 3.14351469e-01, 1.58989844e+03,
       5.42069397e+02, 3.18928719e-01 ]
