%YAML:1.0
---
pose_0: !!opencv-matrix
   rows: 1
   cols: 25
   dt: "3f"
   data: [ 7.83335144e+02, 5.06700287e+02, 4.18560296e-01,
       8.30484253e+02, 4.33064606e+02, 4.65029299e-01, 8.21649109e+02,
       4.33100494e+02, 3.53461951e-01, 0., 0., 0., 0., 0., 0.,
       8.27510437e+02, 4.24302612e+02, 5.90439439e-01, 9.51151245e+02,
       4.06671570e+02, 7.40689039e-01, 1.10131372e+03, 4.50765167e+02,
       6.99630678e-01, 1.05712292e+03, 4.56760498e+02, 1.95655555e-01,
       1.05418164e+03, 4.77345459e+02, 1.43412441e-01, 1.21309106e+03,
       5.18475647e+02, 7.02156872e-02, 1.56628918e+03, 4.15559265e+02,
       2.44288906e-01, 1.05125671e+03, 4.15509033e+02, 1.76642537e-01,
       1.35135559e+03, 4.86217468e+02, 3.12622726e-01, 1.47804285e+03,
       4.12622925e+02, 1.16693228e-01, 7.65712952e+02, 5.03832825e+02,
       1.50806844e-01, 7.65760254e+02, 5.00790436e+02, 3.63833815e-01,
       0., 0., 0., 7.62850281e+02, 4.50828522e+02, 3.73136878e-01, 0.,
       0., 0., 0., 0., 0., 0., 0., 0., 0., 0., 0., 0., 0., 0.,
       1.56926221e+03, 4.15498199e+02, 9.89491865e-02 ]
