%YAML:1.0
---
pose_0: !!opencv-matrix
   rows: 1
   cols: 25
   dt: "3f"
   data: [ 7.86393921e+02, 4.33208649e+02, 8.95258784e-01,
       8.83513855e+02, 4.53772186e+02, 7.85385370e-01, 8.71691711e+02,
       5.21397461e+02, 6.89390182e-01, 9.53996094e+02, 6.42084900e+02,
       8.57370913e-01, 9.77812622e+02, 5.30388367e+02, 7.85364151e-01,
       9.03971741e+02, 3.83130005e+02, 5.19629717e-01, 1.01003040e+03,
       3.88976227e+02, 1.65196568e-01, 0., 0., 0., 1.16596399e+03,
       4.41961823e+02, 5.34786105e-01, 1.16602356e+03, 4.92039124e+02,
       5.19199312e-01, 1.39269458e+03, 5.53838745e+02, 7.31516838e-01,
       1.55156531e+03, 6.74589966e+02, 6.06456339e-01, 1.16303540e+03,
       3.88946472e+02, 6.09565973e-01, 1.35148523e+03, 3.24257690e+02,
       5.53092182e-01, 1.54568848e+03, 3.41887634e+02, 4.18898195e-01,
       7.68772339e+02, 4.47859314e+02, 7.80462980e-01, 7.77499390e+02,
       4.12637634e+02, 8.36915374e-01, 7.86349121e+02, 4.77256531e+02,
       6.84079826e-01, 8.06920715e+02, 3.92051208e+02, 6.39299333e-01,
       1.64282178e+03, 3.18370911e+02, 2.75862336e-01, 1.63992920e+03,
       3.15465332e+02, 2.91064084e-01, 1.57808789e+03, 3.44863098e+02,
       2.22699448e-01, 1.62515613e+03, 6.92193420e+02, 5.47058821e-01,
       1.61041614e+03, 7.01059265e+02, 5.12239993e-01, 1.56039478e+03,
       7.00986938e+02, 3.58809471e-01 ]
