%YAML:1.0
---
pose_0: !!opencv-matrix
   rows: 1
   cols: 25
   dt: "3f"
   data: [ 7.36260254e+02, 5.39104919e+02, 7.36237288e-01,
       8.04032349e+02, 4.56754791e+02, 5.72977960e-01, 8.01084167e+02,
       4.47912506e+02, 4.47863102e-01, 0., 0., 0., 0., 0., 0.,
       8.06876404e+02, 4.65587738e+02, 7.32246578e-01, 9.45318298e+02,
       5.27381470e+02, 8.50725770e-01, 8.83537659e+02, 6.21553406e+02,
       8.15373838e-01, 1.11010803e+03, 4.59619202e+02, 3.86753798e-01,
       1.08951953e+03, 4.68471191e+02, 2.37258255e-01, 1.32795667e+03,
       4.94964813e+02, 5.86626351e-01, 1.43387878e+03, 4.50756897e+02,
       2.25463822e-01, 1.12774487e+03, 4.53764648e+02, 3.23418081e-01,
       1.32797864e+03, 5.33303284e+02, 7.47883320e-01, 1.61050073e+03,
       4.33249939e+02, 4.08655047e-01, 0., 0., 0., 7.18709290e+02,
       5.27173889e+02, 8.16863060e-01, 0., 0., 0., 7.27537720e+02,
       4.80251617e+02, 6.85487211e-01, 1.66048743e+03, 3.65580597e+02,
       2.20715389e-01, 1.66052344e+03, 3.68461914e+02, 1.89300165e-01,
       1.65456750e+03, 4.33175537e+02, 1.85081661e-01, 1.43096326e+03,
       4.83278229e+02, 5.02273142e-02, 0., 0., 0., 1.42508594e+03,
       4.30147583e+02, 9.84512195e-02 ]
