%YAML:1.0
---
pose_0: !!opencv-matrix
   rows: 1
   cols: 25
   dt: "3f"
   data: [ 0., 0., 0., 8.59934692e+02, 5.18531616e+02, 2.25963369e-01,
       8.12778198e+02, 5.56752197e+02, 3.42915088e-01, 0., 0., 0., 0.,
       0., 0., 9.07041443e+02, 4.97853729e+02, 1.64750859e-01,
       9.51078796e+02, 5.03910950e+02, 7.17437118e-02, 0., 0., 0.,
       1.09242603e+03, 5.74385986e+02, 3.58726978e-01, 1.08949951e+03,
       5.71485657e+02, 2.63493419e-01, 1.36027832e+03, 5.27458496e+02,
       8.11270714e-01, 1.63396326e+03, 7.12668091e+02, 5.25899470e-01,
       1.09835522e+03, 5.65630615e+02, 2.52439469e-01, 1.34843872e+03,
       5.27395630e+02, 5.99242859e-02, 0., 0., 0., 0., 0., 0., 0., 0.,
       0., 0., 0., 0., 0., 0., 0., 0., 0., 0., 0., 0., 0., 0., 0., 0.,
       1.67818909e+03, 7.12684814e+02, 2.69448072e-01, 1.66350269e+03,
       7.21556824e+02, 2.70737380e-01, 1.65166284e+03, 7.24554749e+02,
       3.50598246e-01 ]
