%YAML:1.0
---
pose_0: !!opencv-matrix
   rows: 1
   cols: 25
   dt: "3f"
   data: [ 6.77467712e+02, 5.03741669e+02, 7.81435132e-01,
       7.77503174e+02, 5.03747162e+02, 6.34199560e-01, 8.09957520e+02,
       5.86165833e+02, 3.65854204e-01, 9.24668457e+02, 6.27411072e+02,
       1.96040213e-01, 1.04830151e+03, 6.53890076e+02, 9.57921296e-02,
       7.77475586e+02, 4.36029633e+02, 6.08308613e-01, 9.03977417e+02,
       3.86196228e+02, 7.79352248e-01, 9.98340820e+02, 3.85905334e+02,
       8.25572670e-01, 1.10418298e+03, 5.27321838e+02, 4.80179995e-01,
       1.09542786e+03, 5.77468750e+02, 5.03798544e-01, 1.33673438e+03,
       6.21467224e+02, 6.50090694e-01, 1.62226318e+03, 6.59839844e+02,
       5.99811137e-01, 1.09834448e+03, 4.62550201e+02, 4.96973693e-01,
       1.35152783e+03, 4.77316284e+02, 5.76436698e-01, 1.59868445e+03,
       4.83121124e+02, 5.93109846e-01, 6.62720703e+02, 5.18480042e+02,
       7.57621944e-01, 6.65676880e+02, 4.80176300e+02, 7.80458391e-01,
       6.74591309e+02, 5.36141418e+02, 1.93903908e-01, 6.89201965e+02,
       4.42050751e+02, 5.65716803e-01, 1.68414026e+03, 4.74359131e+02,
       3.98507804e-01, 1.68397876e+03, 4.65522644e+02, 4.06547606e-01,
       1.62226611e+03, 4.86157196e+02, 2.55558282e-01, 1.74287952e+03,
       6.77443176e+02, 1.68457806e-01, 0., 0., 0., 1.64875671e+03,
       6.48013428e+02, 3.31106395e-01 ]
