%YAML:1.0
---
pose_0: !!opencv-matrix
   rows: 1
   cols: 25
   dt: "3f"
   data: [ 7.89357422e+02, 3.38958130e+02, 7.93590605e-01,
       9.04099487e+02, 3.65510956e+02, 6.68543458e-01, 8.83467346e+02,
       4.53709045e+02, 5.40305138e-01, 7.42189758e+02, 5.44942322e+02,
       6.17998064e-01, 6.42144714e+02, 6.03860657e+02, 6.71184719e-01,
       9.12940002e+02, 2.91774658e+02, 4.99044955e-01, 1.06591882e+03,
       2.18244354e+02, 7.10806012e-01, 1.18969287e+03, 1.53497849e+02,
       8.20545912e-01, 1.17191211e+03, 3.44881317e+02, 4.92681444e-01,
       1.17188708e+03, 4.09574066e+02, 4.93872821e-01, 1.35435571e+03,
       5.09706726e+02, 3.95020515e-01, 1.52219641e+03, 6.68642517e+02,
       3.97650689e-01, 1.16613318e+03, 2.86033783e+02, 4.97216105e-01,
       1.23962671e+03, 2.38944534e+02, 2.77025402e-01, 1.56629663e+03,
       1.35855637e+02, 1.41900852e-01, 7.74626465e+02, 3.59545471e+02,
       7.56571472e-01, 7.86260376e+02, 3.18399475e+02, 6.84299290e-01,
       7.95157837e+02, 3.88988678e+02, 6.16400242e-01, 8.09832336e+02,
       3.00706848e+02, 1.86255574e-01, 1.61930554e+03, 1.27040741e+02,
       1.01706035e-01, 1.61046899e+03, 1.24098312e+02, 1.09941050e-01,
       1.59277429e+03, 1.24132660e+02, 1.22424446e-01, 1.61043616e+03,
       6.95175964e+02, 3.88764143e-01, 1.59577588e+03, 7.09760437e+02,
       3.21926564e-01, 1.54863379e+03, 6.89240784e+02, 2.64823407e-01 ]
