%YAML:1.0
---
pose_0: !!opencv-matrix
   rows: 1
   cols: 25
   dt: "3f"
   data: [ 6.94971802e+02, 5.59676453e+02, 8.60931277e-01,
       8.15768127e+02, 5.50900757e+02, 6.58506870e-01, 8.06982788e+02,
       6.21549866e+02, 4.76941884e-01, 9.59978394e+02, 6.42040710e+02,
       5.46095848e-01, 1.06594397e+03, 6.95204712e+02, 8.05895507e-01,
       8.33433777e+02, 4.77261566e+02, 6.58163846e-01, 9.77751465e+02,
       4.36060883e+02, 8.14394891e-01, 1.12198547e+03, 3.88913727e+02,
       8.42260301e-01, 1.10419238e+03, 5.77344971e+02, 5.81538975e-01,
       1.09539990e+03, 6.24375122e+02, 5.58227658e-01, 1.30429785e+03,
       6.33300537e+02, 3.29347342e-01, 1.58989673e+03, 5.33282288e+02,
       5.23770154e-01, 1.11307666e+03, 5.30218018e+02, 5.25280535e-01,
       1.31027954e+03, 6.24418457e+02, 5.70198536e-01, 1.58692798e+03,
       6.86310791e+02, 5.36557555e-01, 6.77423035e+02, 5.77373657e+02,
       7.90702939e-01, 6.80360718e+02, 5.39095581e+02, 7.77117968e-01,
       6.94993896e+02, 5.97978027e+02, 2.10506275e-01, 7.06846619e+02,
       5.06729553e+02, 5.60849309e-01, 1.65453418e+03, 6.48078552e+02,
       2.54622608e-01, 1.64870361e+03, 6.48102417e+02, 2.69099146e-01,
       1.60162915e+03, 6.89222473e+02, 2.86933810e-01, 1.63408325e+03,
       4.83117584e+02, 1.89804867e-01, 1.63397058e+03, 4.89048950e+02,
       1.12750836e-01, 1.62225098e+03, 5.06790833e+02, 2.60861635e-01 ]
