%YAML:1.0
---
pose_0: !!opencv-matrix
   rows: 1
   cols: 25
   dt: "3f"
   data: [ 7.24565735e+02, 3.41916595e+02, 8.13504040e-01,
       8.68715454e+02, 3.36027496e+02, 6.91368163e-01, 8.74679688e+02,
       4.24362274e+02, 6.62530303e-01, 1.01590936e+03, 4.59804962e+02,
       7.57311881e-01, 1.12483386e+03, 5.24323059e+02, 7.82799661e-01,
       8.62953979e+02, 2.44869186e+02, 7.06622481e-01, 1.00418182e+03,
       1.97570328e+02, 8.14534307e-01, 1.12775073e+03, 1.47682739e+02,
       8.16928566e-01, 1.13955664e+03, 3.39012573e+02, 5.58886945e-01,
       1.13365344e+03, 3.88922607e+02, 5.84126353e-01, 1.32197632e+03,
       3.89139069e+02, 7.52106547e-01, 1.61051086e+03, 4.00728729e+02,
       5.92161536e-01, 1.14244202e+03, 2.85988159e+02, 5.08566380e-01,
       1.37204553e+03, 2.91793396e+02, 6.36606157e-01, 1.57512451e+03,
       3.12393005e+02, 5.49315870e-01, 7.09825500e+02, 3.59587677e+02,
       7.52209783e-01, 7.12721680e+02, 3.18440338e+02, 7.97332883e-01,
       7.30461243e+02, 3.68536560e+02, 8.79018456e-02, 7.33323181e+02,
       2.80153473e+02, 4.46880400e-01, 1.63388745e+03, 2.65387024e+02,
       4.94080812e-01, 1.62520374e+03, 2.68218567e+02, 5.40766358e-01,
       1.60455627e+03, 3.21324219e+02, 4.45052505e-01, 1.70460181e+03,
       3.47819031e+02, 2.65346080e-01, 1.69873462e+03, 3.62562775e+02,
       2.33452410e-01, 1.63400940e+03, 4.03717590e+02, 3.91074181e-01 ]
