%YAML:1.0
---
pose_0: !!opencv-matrix
   rows: 2
   cols: 25
   dt: "3f"
   data: [ 0., 0., 0., 0., 0., 0., 7.18743530e+02, 6.59755981e+02,
       1.43447340e-01, 8.30517090e+02, 6.18556091e+02, 5.47340870e-01,
       6.53933899e+02, 5.33193726e+02, 5.53467453e-01, 0., 0., 0., 0.,
       0., 0., 0., 0., 0., 0., 0., 0., 0., 0., 0., 0., 0., 0., 0., 0.,
       0., 0., 0., 0., 0., 0., 0., 0., 0., 0., 0., 0., 0., 0., 0., 0.,
       0., 0., 0., 0., 0., 0., 0., 0., 0., 0., 0., 0., 0., 0., 0., 0.,
       0., 0., 0., 0., 0., 0., 0., 0., 0., 0., 0., 5.95031799e+02,
       5.89103699e+02, 9.24782678e-02, 0., 0., 0., 0., 0., 0., 0., 0.,
       0., 5.15590271e+02, 5.98014343e+02, 1.04423180e-01, 0., 0., 0.,
       0., 0., 0., 1.07187476e+03, 6.03876282e+02, 1.88977301e-01,
       1.05126660e+03, 6.74486267e+02, 1.88144833e-01, 1.36029126e+03,
       8.33435059e+02, 4.02058691e-01, 1.60747400e+03, 9.74774902e+02,
       1.99144125e-01, 1.13070203e+03, 5.44979919e+02, 1.70701042e-01,
       1.37792322e+03, 5.71465942e+02, 3.42485607e-01, 1.72522705e+03,
       5.50821899e+02, 2.34730631e-01, 0., 0., 0., 0., 0., 0., 0., 0.,
       0., 0., 0., 0., 0., 0., 0., 0., 0., 0., 1.79291577e+03,
       5.65587708e+02, 1.03339918e-01, 1.63413037e+03, 9.62947449e+02,
       6.44011647e-02, 0., 0., 0., 1.63395532e+03, 9.80566650e+02,
       1.64844707e-01 ]
