%YAML:1.0
---
pose_0: !!opencv-matrix
   rows: 1
   cols: 25
   dt: "3f"
   data: [ 7.65623535e+02, 3.65537933e+02, 8.67268980e-01,
       8.80458252e+02, 3.65526642e+02, 7.45362639e-01, 8.77502258e+02,
       4.33262512e+02, 7.15591788e-01, 9.15858398e+02, 5.12648010e+02,
       7.53254354e-01, 8.80631348e+02, 6.09805908e+02, 7.15914190e-01,
       8.77617920e+02, 3.00692017e+02, 6.04229569e-01, 8.56942749e+02,
       2.56599579e+02, 4.77843761e-01, 7.53963257e+02, 2.21340729e+02,
       7.92752266e-01, 1.13366919e+03, 3.77218048e+02, 5.62360108e-01,
       1.12482837e+03, 4.21410431e+02, 5.53476334e-01, 1.33965686e+03,
       4.36051697e+02, 7.33471453e-01, 1.53986792e+03, 4.53756958e+02,
       6.38010263e-01, 1.13958301e+03, 3.21385071e+02, 5.11103630e-01,
       1.35154272e+03, 3.12434998e+02, 7.19876289e-01, 1.56627417e+03,
       2.85969666e+02, 5.85060239e-01, 7.42321899e+02, 3.74253204e+02,
       7.16354251e-01, 7.62750122e+02, 3.42022003e+02, 7.71931589e-01,
       7.45197388e+02, 3.97805908e+02, 1.02385320e-01, 8.01045715e+02,
       3.15396271e+02, 4.24217761e-01, 1.63700732e+03, 2.68376404e+02,
       4.90881830e-01, 1.63403821e+03, 2.65321442e+02, 5.23322105e-01,
       1.60450781e+03, 2.88932251e+02, 2.41314918e-01, 1.60158105e+03,
       4.68461853e+02, 4.20542955e-01, 1.58695569e+03, 4.80174835e+02,
       4.10364807e-01, 1.56926184e+03, 4.36057434e+02, 3.79006863e-01 ]
