%YAML:1.0
---
pose_0: !!opencv-matrix
   rows: 1
   cols: 25
   dt: "3f"
   data: [ 0., 0., 0., 6.33295959e+02, 5.42033691e+02, 3.67063850e-01,
       6.68556213e+02, 6.21523132e+02, 2.18397722e-01, 6.18541626e+02,
       6.68662170e+02, 3.79007161e-01, 4.39053223e+02, 5.92110657e+02,
       5.61859012e-01, 6.00926697e+02, 4.74392609e+02, 2.16298029e-01,
       6.56858215e+02, 3.65595093e+02, 4.93410438e-01, 4.33140961e+02,
       4.41957550e+02, 5.55889189e-01, 1.01004718e+03, 5.39132385e+02,
       4.38228875e-01, 9.98218689e+02, 6.12644470e+02, 4.73212600e-01,
       1.29551453e+03, 6.12725891e+02, 2.93638378e-01, 1.56039722e+03,
       6.24416260e+02, 1.89773396e-01, 1.02179657e+03, 4.74338623e+02,
       4.13852781e-01, 1.36027429e+03, 4.80190674e+02, 2.77184606e-01,
       1.73706274e+03, 4.89062317e+02, 4.07065839e-01, 0., 0., 0., 0.,
       0., 0., 0., 0., 0., 0., 0., 0., 1.86061804e+03, 4.39136108e+02,
       1.89781457e-01, 1.85771863e+03, 4.39104309e+02, 1.85662493e-01,
       1.76056714e+03, 5.09710999e+02, 1.72314718e-01, 0., 0., 0., 0.,
       0., 0., 1.58989014e+03, 6.27398193e+02, 6.71924427e-02 ]
