%YAML:1.0
---
pose_0: !!opencv-matrix
   rows: 1
   cols: 25
   dt: "3f"
   data: [ 7.42165955e+02, 5.33287476e+02, 8.26673388e-01,
       8.39368347e+02, 5.27390991e+02, 7.05127656e-01, 8.39372131e+02,
       5.95027710e+02, 5.16443133e-01, 9.51258057e+02, 6.68631042e+02,
       7.29795694e-01, 1.04541907e+03, 7.18822388e+02, 8.46003771e-01,
       8.54019531e+02, 4.47845184e+02, 5.96210718e-01, 9.54079956e+02,
       3.62392334e+02, 7.69617736e-01, 9.21770996e+02, 2.71352509e+02,
       7.22881377e-01, 1.10126819e+03, 5.53938110e+02, 6.15421295e-01,
       1.09538123e+03, 6.00918274e+02, 6.07629478e-01, 1.29552002e+03,
       6.39193481e+02, 6.12379134e-01, 1.50452148e+03, 6.86303955e+02,
       4.82926548e-01, 1.11307092e+03, 5.06672394e+02, 5.88055134e-01,
       1.32784448e+03, 4.86088776e+02, 5.94724059e-01, 1.52802649e+03,
       4.74384247e+02, 5.45392334e-01, 7.27532837e+02, 5.50841125e+02,
       6.86467528e-01, 7.27447815e+02, 5.12699585e+02, 7.47276843e-01,
       7.51024719e+02, 5.68586792e+02, 2.37624466e-01, 7.56936829e+02,
       4.86172882e+02, 6.42787993e-01, 1.61052917e+03, 4.50789001e+02,
       5.81082106e-01, 1.60753809e+03, 4.41970398e+02, 5.64401627e-01,
       1.55161707e+03, 4.80178864e+02, 2.60294199e-01, 1.58396033e+03,
       6.74526550e+02, 3.66759032e-01, 1.57510291e+03, 6.92111572e+02,
       3.28005195e-01, 1.53984497e+03, 6.86250732e+02, 3.06557566e-01 ]
