%YAML:1.0
---
pose_0: !!opencv-matrix
   rows: 1
   cols: 25
   dt: "3f"
   data: [ 6.48154419e+02, 5.24375671e+02, 8.55096459e-01,
       7.74627563e+02, 5.53921814e+02, 6.86642528e-01, 7.62894958e+02,
       6.24565063e+02, 7.99732566e-01, 9.07070313e+02, 6.56796082e+02,
       7.25219727e-01, 1.06002600e+03, 6.00804382e+02, 8.04350376e-01,
       7.89251404e+02, 4.83267548e+02, 4.28252399e-01, 9.83542480e+02,
       4.94990021e+02, 1.56340346e-01, 1.11594458e+03, 4.59579865e+02,
       4.15810436e-01, 1.07771436e+03, 5.59734924e+02, 5.13375938e-01,
       1.07179443e+03, 6.21580383e+02, 5.01845062e-01, 1.34853894e+03,
       6.30403687e+02, 6.16249859e-01, 1.61344348e+03, 6.89273682e+02,
       5.46613753e-01, 1.08948486e+03, 5.03859070e+02, 5.78208089e-01,
       1.34846655e+03, 4.83261749e+02, 5.55536628e-01, 1.54277417e+03,
       5.53906128e+02, 4.64884818e-01, 6.42034119e+02, 5.42033691e+02,
       7.44002759e-01, 6.44976624e+02, 5.09660736e+02, 8.41940641e-01,
       6.50997009e+02, 5.77408630e+02, 7.18837738e-01, 6.68591858e+02,
       5.00874146e+02, 5.28998792e-01, 1.65457019e+03, 4.91995087e+02,
       3.52437824e-01, 1.64577686e+03, 4.89107971e+02, 3.44490319e-01,
       1.55161475e+03, 5.97943542e+02, 2.60349691e-01, 1.72518616e+03,
       6.21537964e+02, 5.34438789e-01, 1.72229333e+03, 6.27481079e+02,
       4.34261322e-01, 1.63400061e+03, 6.98090698e+02, 2.59087235e-01 ]
