%YAML:1.0
---
pose_0: !!opencv-matrix
   rows: 2
   cols: 25
   dt: "3f"
   data: [ 0., 0., 0., 8.80586365e+02, 4.83218170e+02, 2.74844944e-01,
       0., 0., 0., 0., 0., 0., 0., 0., 0., 9.12901367e+02,
       4.59624817e+02, 3.13328087e-01, 9.77772644e+02, 4.15542664e+02,
       7.19677210e-01, 9.09966309e+02, 3.65400787e+02, 7.93228567e-01,
       1.11896643e+03, 5.03799377e+02, 4.99830723e-01, 1.11301807e+03,
       5.27364014e+02, 3.73703539e-01, 1.36024475e+03, 4.80212555e+02,
       7.77049065e-01, 1.59577319e+03, 6.48010315e+02, 6.02264464e-01,
       1.13071509e+03, 4.80231720e+02, 4.00138348e-01, 1.37803308e+03,
       4.59786499e+02, 5.75352073e-01, 1.56925488e+03, 5.09666382e+02,
       5.62257409e-01, 0., 0., 0., 0., 0., 0., 0., 0., 0., 0., 0., 0.,
       1.62226355e+03, 4.41992310e+02, 1.65314004e-01, 1.61346167e+03,
       4.47880219e+02, 1.82561532e-01, 1.58989709e+03, 5.33198975e+02,
       3.06844950e-01, 1.64282446e+03, 6.71594055e+02, 5.10139406e-01,
       1.62812793e+03, 6.83324951e+02, 5.21449566e-01, 1.61635657e+03,
       6.62759033e+02, 3.44048798e-01, 0., 0., 0., 7.95233398e+02,
       5.27366516e+02, 4.57239151e-01, 8.09878601e+02, 5.24409668e+02,
       5.51637769e-01, 9.07108643e+02, 4.97845428e+02, 6.98125899e-01,
       8.30496826e+02, 3.85929779e+02, 7.74727345e-01, 7.89316345e+02,
       5.33223877e+02, 3.07523370e-01, 0., 0., 0., 0., 0., 0., 0., 0.,
       0., 0., 0., 0., 0., 0., 0., 0., 0., 0., 0., 0., 0., 0., 0., 0.,
       0., 0., 0., 0., 0., 0., 0., 0., 0., 7.45180420e+02,
       4.83166809e+02, 7.61963427e-02, 7.18698853e+02, 5.39148743e+02,
       9.28260237e-02, 0., 0., 0., 0., 0., 0., 0., 0., 0., 0., 0., 0.,
       0., 0., 0., 0., 0., 0. ]
