%YAML:1.0
---
pose_0: !!opencv-matrix
   rows: 1
   cols: 25
   dt: "3f"
   data: [ 6.47971313e+02, 5.03836670e+02, 8.83692086e-01,
       7.86201721e+02, 5.47839539e+02, 7.34582901e-01, 7.74563782e+02,
       6.30400635e+02, 6.51367366e-01, 8.92281738e+02, 7.12737976e+02,
       6.99215293e-01, 9.54230591e+02, 6.92082764e+02, 8.52557898e-01,
       7.86338318e+02, 4.65504761e+02, 6.45889103e-01, 9.27477966e+02,
       3.80177368e+02, 8.08232367e-01, 7.95144714e+02, 4.15440674e+02,
       7.71264255e-01, 1.06591199e+03, 5.30296265e+02, 4.98064339e-01,
       1.06592407e+03, 5.77465393e+02, 5.33666909e-01, 1.32789355e+03,
       5.86221863e+02, 6.00123644e-01, 1.59288599e+03, 6.03873596e+02,
       6.19872808e-01, 1.05713757e+03, 4.77248901e+02, 5.06774962e-01,
       1.33376404e+03, 4.56566284e+02, 5.49419701e-01, 1.55157629e+03,
       4.80255402e+02, 2.60396928e-01, 6.30331970e+02, 5.24314880e+02,
       7.93065310e-01, 6.39189270e+02, 4.83197876e+02, 8.26903939e-01,
       6.45111145e+02, 5.53832458e+02, 6.28585041e-01, 6.68679993e+02,
       4.62658173e+02, 4.38237339e-01, 1.63692346e+03, 4.36086487e+02,
       3.72618169e-01, 1.63108032e+03, 4.33226868e+02, 3.99817824e-01,
       1.56927893e+03, 5.27399170e+02, 1.85134098e-01, 1.70471472e+03,
       5.83227478e+02, 3.08284700e-01, 1.69877881e+03, 6.00872681e+02,
       2.68424690e-01, 1.61640991e+03, 5.98042786e+02, 2.75993943e-01 ]
