%YAML:1.0
---
pose_0: !!opencv-matrix
   rows: 1
   cols: 25
   dt: "3f"
   data: [ 7.51029846e+02, 5.09717224e+02, 7.31859922e-01,
       8.30393982e+02, 4.33119659e+02, 5.96279740e-01, 8.12894226e+02,
       4.59677856e+02, 4.19932902e-01, 0., 0., 0., 0., 0., 0.,
       8.33384888e+02, 4.15471710e+02, 6.55918837e-01, 9.57030334e+02,
       4.03649414e+02, 7.67387390e-01, 1.09255664e+03, 4.56660797e+02,
       8.85895550e-01, 1.09539844e+03, 4.44962341e+02, 3.93068701e-01,
       1.09240979e+03, 4.97920746e+02, 4.67487693e-01, 1.29262170e+03,
       5.80379333e+02, 7.81514347e-01, 1.49864136e+03, 4.83159760e+02,
       4.10313398e-01, 1.11009265e+03, 3.86145477e+02, 3.59216362e-01,
       1.33673413e+03, 4.36083069e+02, 7.37769306e-01, 1.58689331e+03,
       4.24354279e+02, 4.73834753e-01, 7.39310669e+02, 5.09823639e+02,
       5.35060205e-02, 7.39320557e+02, 5.00815521e+02, 7.60582507e-01,
       0., 0., 0., 7.45170715e+02, 4.53755676e+02, 6.38653398e-01,
       1.66639880e+03, 4.80198883e+02, 1.73179924e-01, 1.66348669e+03,
       4.65573883e+02, 1.29745200e-01, 1.63698181e+03, 4.44900299e+02,
       2.03521580e-01, 0., 0., 0., 0., 0., 0., 1.51923987e+03,
       4.77315857e+02, 2.15766624e-01 ]
