%YAML:1.0
---
pose_0: !!opencv-matrix
   rows: 1
   cols: 25
   dt: "3f"
   data: [ 7.24549988e+02, 4.77259064e+02, 7.70772934e-01,
       8.36444458e+02, 4.94972809e+02, 7.85622239e-01, 8.12886414e+02,
       5.59778137e+02, 7.87973106e-01, 9.42342773e+02, 6.12682007e+02,
       7.84734964e-01, 1.03356165e+03, 5.42066956e+02, 8.06010127e-01,
       8.60059265e+02, 4.27301422e+02, 6.33815169e-01, 9.62968628e+02,
       4.12647400e+02, 2.58393854e-01, 9.77634338e+02, 4.33190674e+02,
       5.17731830e-02, 1.09239917e+03, 5.15585754e+02, 5.31925559e-01,
       1.08943408e+03, 5.71439148e+02, 5.64580560e-01, 1.28371252e+03,
       5.77253357e+02, 5.94963491e-01, 1.51628076e+03, 6.00868286e+02,
       4.47950512e-01, 1.09242297e+03, 4.59740753e+02, 5.54413915e-01,
       1.32201978e+03, 4.53704102e+02, 5.81580400e-01, 1.51621619e+03,
       4.74377899e+02, 4.32282925e-01, 7.12762451e+02, 4.86211243e+02,
       7.53430367e-01, 7.15772766e+02, 4.56603485e+02, 8.44611168e-01,
       7.36270996e+02, 5.12655029e+02, 5.89403570e-01, 7.48053223e+02,
       4.33246765e+02, 5.92936993e-01, 1.58690356e+03, 4.47894135e+02,
       3.62295300e-01, 1.58101978e+03, 4.39016998e+02, 3.97877276e-01,
       1.54568457e+03, 4.86146027e+02, 2.37199560e-01, 1.48981592e+03,
       6.65718140e+02, 3.27423662e-01, 1.47803699e+03, 6.59744080e+02,
       3.17486078e-01, 1.55747607e+03, 5.95067200e+02, 3.08832735e-01 ]
