%YAML:1.0
---
pose_0: !!opencv-matrix
   rows: 1
   cols: 25
   dt: "3f"
   data: [ 7.00992859e+02, 4.77328491e+02, 8.28033209e-01,
       8.24620117e+02, 4.92065796e+02, 6.56172216e-01, 8.36387878e+02,
       5.92099792e+02, 6.60756469e-01, 9.80639282e+02, 6.24362122e+02,
       7.28809476e-01, 1.12197241e+03, 6.56880493e+02, 7.78987527e-01,
       8.36277527e+02, 4.09614166e+02, 6.63569391e-01, 8.39322144e+02,
       2.80071381e+02, 7.80039608e-01, 7.42165649e+02, 3.85960693e+02,
       8.22128654e-01, 1.11011316e+03, 4.89119019e+02, 5.07346332e-01,
       1.10126880e+03, 5.44960938e+02, 5.42103410e-01, 1.33380273e+03,
       5.53936035e+02, 4.53713685e-01, 1.53682874e+03, 5.71515259e+02,
       5.00312626e-01, 1.10419678e+03, 4.33103577e+02, 5.26787698e-01,
       1.30725269e+03, 4.56692627e+02, 7.22120821e-01, 1.61335815e+03,
       4.59534912e+02, 4.69628185e-01, 6.89196106e+02, 4.92044342e+02,
       8.17232370e-01, 6.92259094e+02, 4.56800781e+02, 8.97946894e-01,
       7.00982117e+02, 5.27303650e+02, 6.33992434e-01, 7.18601440e+02,
       4.36064758e+02, 5.73367655e-01, 1.72225610e+03, 4.00805023e+02,
       3.30104887e-01, 1.71345422e+03, 4.03753784e+02, 3.19034487e-01,
       1.70465051e+03, 4.56703796e+02, 9.52395126e-02, 1.60165662e+03,
       5.56792053e+02, 1.54886156e-01, 1.58979944e+03, 5.74393738e+02,
       1.23049267e-01, 1.57216956e+03, 5.62683960e+02, 2.55105138e-01 ]
