%YAML:1.0
---
pose_0: !!opencv-matrix
   rows: 1
   cols: 25
   dt: "3f"
   data: [ 6.95037170e+02, 4.56562714e+02, 8.61326337e-01,
       8.33359070e+02, 4.39002045e+02, 7.45163083e-01, 8.33390686e+02,
       5.27439819e+02, 6.99559629e-01, 9.45261536e+02, 6.39227417e+02,
       7.80529976e-01, 8.80513489e+02, 6.12698730e+02, 6.53084874e-01,
       8.39415833e+02, 3.44868744e+02, 6.77359998e-01, 9.54154785e+02,
       3.18485413e+02, 7.57877111e-01, 1.04821887e+03, 3.15396240e+02,
       8.71193469e-01, 1.11007227e+03, 4.65546326e+02, 5.20275295e-01,
       1.09836438e+03, 5.15557495e+02, 5.44487953e-01, 1.32792505e+03,
       5.33213379e+02, 3.72715354e-01, 1.49861096e+03, 5.50825867e+02,
       4.97291565e-01, 1.11009192e+03, 4.09695801e+02, 4.83466148e-01,
       1.33967273e+03, 4.24296753e+02, 6.06605470e-01, 1.57808118e+03,
       4.36152374e+02, 5.72310865e-01, 6.74611206e+02, 4.65579193e+02,
       7.45352626e-01, 6.83337036e+02, 4.33055298e+02, 8.35980654e-01,
       6.95130249e+02, 4.86081573e+02, 1.76461831e-01, 7.12671570e+02,
       3.97880219e+02, 5.54953456e-01, 1.64282971e+03, 4.06686127e+02,
       2.84491450e-01, 1.63409058e+03, 4.03729950e+02, 3.36151928e-01,
       1.61634106e+03, 4.50792664e+02, 2.49610066e-01, 1.57216052e+03,
       5.36248413e+02, 2.72362798e-01, 1.56325281e+03, 5.50924805e+02,
       2.37189084e-01, 1.52808289e+03, 5.33257019e+02, 2.82873362e-01 ]
