%YAML:1.0
---
pose_0: !!opencv-matrix
   rows: 1
   cols: 25
   dt: "3f"
   data: [ 7.65887817e+02, 4.21365753e+02, 8.26589406e-01,
       8.92291199e+02, 4.36099579e+02, 7.51116276e-01, 8.83375916e+02,
       5.12605835e+02, 7.74729669e-01, 9.83575989e+02, 5.86246155e+02,
       7.81090379e-01, 1.04246118e+03, 6.47974976e+02, 8.64383161e-01,
       9.04056885e+02, 3.59546204e+02, 6.74484551e-01, 1.05133252e+03,
       3.36068939e+02, 8.16674948e-01, 1.16309753e+03, 3.06611481e+02,
       8.29012632e-01, 1.14549146e+03, 4.80242889e+02, 6.32471383e-01,
       1.13947388e+03, 5.30231567e+02, 6.17757261e-01, 1.33385889e+03,
       5.50985535e+02, 8.00618649e-01, 1.56624255e+03, 5.94952454e+02,
       6.58830047e-01, 1.16015991e+03, 4.33029297e+02, 6.11308873e-01,
       1.36619666e+03, 3.68410492e+02, 6.40751183e-01, 1.55163354e+03,
       3.15374969e+02, 6.22726560e-01, 7.59802979e+02, 4.36230286e+02,
       8.29087555e-01, 7.59881836e+02, 4.06701843e+02, 8.59343648e-01,
       7.77535095e+02, 4.62535736e+02, 4.50038075e-01, 7.86202148e+02,
       3.80130280e+02, 5.41091859e-01, 1.63689087e+03, 2.71349274e+02,
       4.45403934e-01, 1.63109619e+03, 2.71291992e+02, 4.21954751e-01,
       1.56635278e+03, 2.94852661e+02, 2.47677937e-01, 1.53986365e+03,
       6.68488647e+02, 4.82254863e-01, 1.53684875e+03, 6.51035400e+02,
       4.26316381e-01, 1.60159705e+03, 5.80387268e+02, 5.30620456e-01 ]
