%YAML:1.0
---
pose_0: !!opencv-matrix
   rows: 1
   cols: 25
   dt: "3f"
   data: [ 6.92013367e+02, 5.03900757e+02, 8.97560835e-01,
       8.12806213e+02, 5.06858093e+02, 6.99562430e-01, 8.12931885e+02,
       6.00876221e+02, 6.94213390e-01, 9.54073242e+02, 6.62748779e+02,
       3.22929025e-01, 1.04243701e+03, 6.48035889e+02, 1.41935244e-01,
       8.15791260e+02, 4.24294861e+02, 6.07751369e-01, 9.77646179e+02,
       4.33042908e+02, 7.74770498e-01, 8.83546448e+02, 4.24374969e+02,
       7.22061813e-01, 1.11013171e+03, 5.06714478e+02, 5.06054163e-01,
       1.10715601e+03, 5.53901367e+02, 5.40752351e-01, 1.31033167e+03,
       5.53857544e+02, 7.09534585e-01, 1.60747900e+03, 5.92089172e+02,
       5.27750790e-01, 1.11008545e+03, 4.50854095e+02, 5.22693038e-01,
       1.33386755e+03, 4.53725494e+02, 6.07127070e-01, 1.56627356e+03,
       4.80230072e+02, 4.56113219e-01, 6.71596130e+02, 5.18572876e+02,
       8.22263181e-01, 6.74585266e+02, 4.83091980e+02, 8.48964334e-01,
       6.92040833e+02, 5.42081299e+02, 4.17555213e-01, 6.98106934e+02,
       4.56709106e+02, 5.84700525e-01, 1.63700208e+03, 4.36090271e+02,
       5.71145535e-01, 1.63398340e+03, 4.36092163e+02, 5.97364128e-01,
       1.59869763e+03, 5.00847565e+02, 2.64086366e-01, 1.70755737e+03,
       5.74457520e+02, 6.01331055e-01, 1.69582458e+03, 5.92044495e+02,
       4.81135786e-01, 1.62225354e+03, 5.92088745e+02, 2.55678266e-01 ]
