%YAML:1.0
---
pose_0: !!opencv-matrix
   rows: 1
   cols: 25
   dt: "3f"
   data: [ 7.59872803e+02, 3.92065186e+02, 8.67508531e-01,
       8.80648315e+02, 4.36207794e+02, 7.74930298e-01, 8.77604126e+02,
       5.21496948e+02, 7.14510441e-01, 1.00410138e+03, 5.71416504e+02,
       8.17473531e-01, 1.07484277e+03, 4.80331207e+02, 7.69339740e-01,
       8.83555664e+02, 3.62549011e+02, 6.65563285e-01, 1.04526013e+03,
       3.12505463e+02, 8.22228014e-01, 1.16308423e+03, 2.47791687e+02,
       8.90520692e-01, 1.14838843e+03, 4.12480560e+02, 5.79550683e-01,
       1.15717993e+03, 4.59678589e+02, 5.99355757e-01, 1.33080359e+03,
       4.97934662e+02, 6.13879740e-01, 1.54569873e+03, 5.80296509e+02,
       6.04752123e-01, 1.14254395e+03, 3.62413544e+02, 6.06042981e-01,
       1.37796729e+03, 3.15492615e+02, 3.82577479e-01, 1.56632153e+03,
       2.97820831e+02, 5.45320094e-01, 7.42307251e+02, 4.12591583e+02,
       8.38890135e-01, 7.48114014e+02, 3.85954041e+02, 8.58919263e-01,
       7.62774170e+02, 4.47879028e+02, 6.82146788e-01, 7.77548889e+02,
       3.65599915e+02, 4.14629936e-01, 1.63991809e+03, 2.71203522e+02,
       5.26832581e-01, 1.63692920e+03, 2.68352692e+02, 5.42806029e-01,
       1.60455884e+03, 3.09558594e+02, 2.42317200e-01, 1.61332336e+03,
       6.15650085e+02, 2.39990443e-01, 1.61052686e+03, 6.18597534e+02,
       2.43228003e-01, 1.58696411e+03, 5.77293762e+02, 4.68156189e-01 ]
