%YAML:1.0
---
pose_0: !!opencv-matrix
   rows: 2
   cols: 25
   dt: "3f"
   data: [ 7.86265930e+02, 4.33162994e+02, 1.27802730e-01,
       8.42302856e+02, 4.68516479e+02, 4.72118497e-01, 8.36317139e+02,
       5.21498230e+02, 7.04875112e-01, 9.51275146e+02, 5.95069214e+02,
       8.11097562e-01, 1.11309033e+03, 6.03858948e+02, 7.92805910e-01,
       8.39366699e+02, 4.18485199e+02, 2.25463375e-01, 0., 0., 0., 0.,
       0., 0., 1.18367725e+03, 4.56674072e+02, 3.84148359e-01,
       1.18653577e+03, 4.86186310e+02, 3.81329030e-01, 1.38971582e+03,
       4.59690521e+02, 5.57264328e-01, 1.56632385e+03, 5.33277771e+02,
       4.97267872e-01, 1.18368848e+03, 4.12600616e+02, 3.29844356e-01,
       1.40734521e+03, 4.36174561e+02, 3.28020930e-01, 1.54570313e+03,
       4.77321869e+02, 3.07808816e-01, 7.65834534e+02, 4.53764343e+02,
       1.53176486e-01, 7.83294556e+02, 4.36045990e+02, 1.05076924e-01,
       7.62884460e+02, 4.77278320e+02, 1.03216961e-01, 0., 0., 0.,
       1.62520325e+03, 5.30259521e+02, 1.87337965e-01, 1.63107214e+03,
       5.24403931e+02, 1.34737089e-01, 1.60164392e+03, 5.71401245e+02,
       1.10410020e-01, 1.63104395e+03, 5.27275452e+02, 5.94744444e-01,
       1.61933740e+03, 5.36213440e+02, 4.92965549e-01, 1.58985583e+03,
       5.53832520e+02, 2.91901439e-01, 0., 0., 0., 0., 0., 0., 0., 0.,
       0., 0., 0., 0., 0., 0., 0., 8.80525269e+02, 4.15456421e+02,
       2.22623289e-01, 1.02478613e+03, 4.03728424e+02, 5.80192804e-01,
       1.11301489e+03, 3.18413544e+02, 7.80085087e-01, 0., 0., 0., 0.,
       0., 0., 0., 0., 0., 0., 0., 0., 0., 0., 0., 0., 0., 0., 0., 0.,
       0., 0., 0., 0., 0., 0., 0., 0., 0., 0., 0., 0., 0., 0., 0., 0.,
       0., 0., 0., 0., 0., 0., 0., 0., 0., 0., 0., 0., 0., 0., 0. ]
