%YAML:1.0
---
pose_0: !!opencv-matrix
   rows: 1
   cols: 25
   dt: "3f"
   data: [ 6.94990356e+02, 3.71327332e+02, 8.61029148e-01,
       8.12786560e+02, 3.77261017e+02, 6.78495944e-01, 8.15879700e+02,
       4.56677032e+02, 7.13591337e-01, 9.33598755e+02, 5.06846588e+02,
       8.34448934e-01, 1.01589447e+03, 5.12607422e+02, 8.07056367e-01,
       8.12927673e+02, 2.94742584e+02, 6.36050880e-01, 9.39376160e+02,
       2.50660416e+02, 7.07720041e-01, 1.04533899e+03, 2.47684372e+02,
       8.53990793e-01, 1.08946912e+03, 3.80134033e+02, 5.56095064e-01,
       1.08651184e+03, 4.30162750e+02, 5.76182187e-01, 1.30435425e+03,
       4.36188660e+02, 7.21803725e-01, 1.52219019e+03, 4.74364166e+02,
       5.66212595e-01, 1.09238281e+03, 3.21272583e+02, 5.68673313e-01,
       1.34261780e+03, 3.15541962e+02, 5.08100867e-01, 1.56339819e+03,
       3.00716736e+02, 6.52257562e-01, 6.77437378e+02, 3.86115936e+02,
       7.73649514e-01, 6.89104126e+02, 3.50771729e+02, 7.96853244e-01,
       6.95101379e+02, 4.12440552e+02, 3.25342357e-01, 7.15739258e+02,
       3.21349457e+02, 5.72333217e-01, 1.63701770e+03, 2.74233765e+02,
       5.78118682e-01, 1.63396313e+03, 2.71239532e+02, 5.91672540e-01,
       1.58693555e+03, 3.06591309e+02, 2.90358543e-01, 1.60744019e+03,
       4.71403076e+02, 4.76662755e-01, 1.58989978e+03, 4.83143860e+02,
       4.64215308e-01, 1.54574316e+03, 4.65576050e+02, 3.13499182e-01 ]
