%YAML:1.0
---
pose_0: !!opencv-matrix
   rows: 1
   cols: 25
   dt: "3f"
   data: [ 7.36263062e+02, 5.53896484e+02, 8.94515157e-01,
       8.48127319e+02, 5.94973328e+02, 6.58509791e-01, 8.48189087e+02,
       6.68517456e+02, 5.58451355e-01, 9.86502258e+02, 7.12736389e+02,
       7.60138035e-01, 1.13358154e+03, 7.59915466e+02, 7.72043765e-01,
       8.59864014e+02, 5.27435303e+02, 5.95152617e-01, 9.45280457e+02,
       5.09705872e+02, 1.42266214e-01, 0., 0., 0., 1.11888220e+03,
       5.80288147e+02, 5.96185982e-01, 1.11598621e+03, 6.27420776e+02,
       5.82955241e-01, 1.32784619e+03, 6.44932068e+02, 6.99235439e-01,
       1.55450842e+03, 6.68478577e+02, 6.09197915e-01, 1.11604053e+03,
       5.27433777e+02, 6.02652848e-01, 1.33971252e+03, 4.97907227e+02,
       5.97239196e-01, 1.55455835e+03, 4.44894928e+02, 5.73097408e-01,
       7.18535950e+02, 5.74334167e+02, 8.74781966e-01, 7.27489746e+02,
       5.39078857e+02, 8.03264558e-01, 7.30431885e+02, 6.00845642e+02,
       7.07960486e-01, 7.62663757e+02, 5.27364868e+02, 5.39417863e-01,
       1.63693091e+03, 4.44920654e+02, 4.17174697e-01, 1.63396741e+03,
       4.36059540e+02, 4.41973716e-01, 1.58392981e+03, 4.36147705e+02,
       2.80084342e-01, 1.63107593e+03, 6.65634460e+02, 3.55564564e-01,
       1.61933105e+03, 6.77463562e+02, 3.36463034e-01, 1.58393262e+03,
       6.51040894e+02, 3.37648690e-01 ]
