%YAML:1.0
---
pose_0: !!opencv-matrix
   rows: 1
   cols: 25
   dt: "3f"
   data: [ 7.03942444e+02, 5.33190308e+02, 6.89208448e-01,
       7.86372192e+02, 4.53764740e+02, 5.10770917e-01, 7.65803772e+02,
       4.33188507e+02, 2.83555359e-01, 9.27571716e+02, 5.27384399e+02,
       1.39372900e-01, 8.62936890e+02, 5.77522278e+02, 1.59431159e-01,
       8.09797852e+02, 4.62585724e+02, 5.97155511e-01, 9.45239990e+02,
       5.24417725e+02, 7.77552962e-01, 8.36499878e+02, 5.92072021e+02,
       7.88785398e-01, 1.10126318e+03, 4.33167328e+02, 2.79532880e-01,
       1.10128760e+03, 4.06647644e+02, 1.77829236e-01, 1.35446887e+03,
       4.89095917e+02, 2.20953360e-01, 1.61339612e+03, 4.15582397e+02,
       2.41034582e-01, 1.11894617e+03, 4.50839386e+02, 2.46422008e-01,
       1.35435657e+03, 5.06811249e+02, 5.97572148e-01, 1.62811426e+03,
       4.15563995e+02, 3.71219486e-01, 0., 0., 0., 6.95055786e+02,
       5.18511963e+02, 6.79266453e-01, 0., 0., 0., 7.15750916e+02,
       4.80158752e+02, 6.57817960e-01, 1.71345801e+03, 3.62488892e+02,
       2.42642760e-01, 1.71936768e+03, 3.62561920e+02, 2.07460731e-01,
       1.66638000e+03, 4.33166016e+02, 1.45487145e-01, 0., 0., 0., 0.,
       0., 0., 1.70164746e+03, 4.36140289e+02, 5.23066483e-02 ]
