%YAML:1.0
---
pose_0: !!opencv-matrix
   rows: 1
   cols: 25
   dt: "3f"
   data: [ 6.44998108e+02, 4.68423096e+02, 8.37876201e-01,
       7.89294434e+02, 4.83216034e+02, 6.89100862e-01, 8.04050659e+02,
       5.77358154e+02, 6.66581810e-01, 9.54098816e+02, 6.42132141e+02,
       7.94864535e-01, 1.07775012e+03, 7.24602600e+02, 7.19053388e-01,
       7.83324463e+02, 3.86153015e+02, 6.10737085e-01, 9.45271484e+02,
       3.36005554e+02, 5.11504173e-01, 1.09830115e+03, 3.15327148e+02,
       4.61270005e-01, 1.09243054e+03, 4.80242462e+02, 5.81129849e-01,
       1.07483398e+03, 5.30198669e+02, 5.91279864e-01, 1.33965686e+03,
       6.06851990e+02, 5.46281934e-01, 1.51629480e+03, 6.12724609e+02,
       4.59972948e-01, 1.10127380e+03, 4.15504120e+02, 4.64307845e-01,
       1.33677026e+03, 4.50837372e+02, 5.26962996e-01, 1.63698328e+03,
       4.56642090e+02, 3.73114705e-01, 6.24553284e+02, 4.86109070e+02,
       8.28209281e-01, 6.27409302e+02, 4.41987427e+02, 8.01715195e-01,
       6.45154968e+02, 5.09636810e+02, 3.06810141e-01, 6.65613647e+02,
       4.09651611e+02, 5.45136631e-01, 1.72815344e+03, 4.12489838e+02,
       4.55132753e-01, 1.72527771e+03, 4.12501770e+02, 4.14271384e-01,
       1.71930396e+03, 4.65544312e+02, 9.71235707e-02, 0., 0., 0., 0.,
       0., 0., 1.55453638e+03, 6.03850525e+02, 2.65074819e-01 ]
