%YAML:1.0
---
pose_0: !!opencv-matrix
   rows: 1
   cols: 25
   dt: "3f"
   data: [ 7.18788696e+02, 5.30170105e+02, 8.52082253e-01,
       8.33418579e+02, 5.09702942e+02, 5.93110859e-01, 8.12885864e+02,
       5.68511353e+02, 4.08978194e-01, 0., 0., 0., 0., 0., 0.,
       8.39373474e+02, 4.59665253e+02, 5.38875520e-01, 9.65924988e+02,
       4.41988892e+02, 7.10119367e-01, 1.09832996e+03, 4.33245148e+02,
       8.52305293e-01, 1.11594458e+03, 5.71412415e+02, 5.45391500e-01,
       1.11307434e+03, 6.18531067e+02, 5.39836943e-01, 1.32780981e+03,
       6.24509766e+02, 7.98086345e-01, 1.55161292e+03, 6.68475403e+02,
       6.18191957e-01, 1.11886829e+03, 5.21424072e+02, 5.25164127e-01,
       1.36027649e+03, 4.80246002e+02, 6.90358281e-01, 1.56631287e+03,
       4.36222351e+02, 6.68775737e-01, 7.12701843e+02, 5.44976013e+02,
       7.69476175e-01, 7.12790039e+02, 5.06897583e+02, 8.38480175e-01,
       7.30398743e+02, 5.56774475e+02, 2.18040988e-01, 7.36303406e+02,
       4.83095917e+02, 6.30835772e-01, 1.63695605e+03, 4.74304047e+02,
       1.89071000e-01, 1.63404858e+03, 4.39044434e+02, 2.22771317e-01,
       1.58692627e+03, 4.18453888e+02, 2.69778043e-01, 1.63387415e+03,
       6.62711365e+02, 3.47169966e-01, 1.62514954e+03, 6.74555176e+02,
       3.53085041e-01, 1.58392761e+03, 6.50932190e+02, 3.23879868e-01 ]
