%YAML:1.0
---
pose_0: !!opencv-matrix
   rows: 2
   cols: 25
   dt: "3f"
   data: [ 7.74568115e+02, 4.33227173e+02, 7.19543338e-01,
       8.71716003e+02, 4.59645050e+02, 6.43048108e-01, 8.74669678e+02,
       5.27301575e+02, 7.79431939e-01, 9.51160889e+02, 4.50830780e+02,
       6.16711080e-01, 9.95297791e+02, 3.21273743e+02, 7.14088976e-01,
       8.45265076e+02, 3.94865295e+02, 3.87188584e-01, 8.80447388e+02,
       3.21398438e+02, 3.58556420e-01, 9.45267883e+02, 2.68320038e+02,
       1.40368462e-01, 1.14246155e+03, 4.80310394e+02, 6.61363780e-01,
       1.13946021e+03, 5.27388916e+02, 6.41833186e-01, 1.35434033e+03,
       5.80406433e+02, 6.79671347e-01, 1.54283704e+03, 6.53905334e+02,
       6.40997291e-01, 1.14836743e+03, 4.33244110e+02, 6.24935627e-01,
       1.35450623e+03, 3.65554230e+02, 6.65234387e-01, 1.54573560e+03,
       3.09472107e+02, 5.60295045e-01, 7.65755676e+02, 4.53801239e+02,
       7.13934183e-01, 7.62846130e+02, 4.27215302e+02, 5.24077713e-01,
       7.86316406e+02, 4.83325378e+02, 5.72329283e-01, 7.83384583e+02,
       4.09487518e+02, 8.05202350e-02, 1.63410425e+03, 2.41891861e+02,
       4.73932654e-01, 1.63399219e+03, 2.41879517e+02, 4.03336942e-01,
       1.56340466e+03, 3.15401581e+02, 2.54925042e-01, 1.60754517e+03,
       6.30393677e+02, 6.68436706e-01, 1.59866162e+03, 6.45161804e+02,
       6.36348665e-01, 1.56331226e+03, 6.74478394e+02, 4.72705990e-01,
       0., 0., 0., 0., 0., 0., 0., 0., 0., 0., 0., 0., 0., 0., 0.,
       9.77656677e+02, 4.09519165e+02, 2.06275314e-01, 1.06591663e+03,
       3.80190796e+02, 7.63291359e-01, 1.17780554e+03, 3.21332458e+02,
       7.87681758e-01, 0., 0., 0., 0., 0., 0., 0., 0., 0., 0., 0., 0.,
       0., 0., 0., 0., 0., 0., 0., 0., 0., 0., 0., 0., 0., 0., 0., 0.,
       0., 0., 0., 0., 0., 0., 0., 0., 0., 0., 0., 0., 0., 0., 0., 0.,
       0., 0., 0., 0., 0., 0., 0. ]
