%YAML:1.0
---
pose_0: !!opencv-matrix
   rows: 1
   cols: 25
   dt: "3f"
   data: [ 7.95205872e+02, 5.06652130e+02, 8.45311224e-01,
       9.03950562e+02, 5.06683990e+02, 7.72745132e-01, 9.01119873e+02,
       5.77293701e+02, 6.29164398e-01, 9.98373169e+02, 6.59762878e+02,
       7.90116727e-01, 8.92352966e+02, 6.53853027e+02, 7.58045673e-01,
       9.07036194e+02, 4.39011932e+02, 6.78103983e-01, 1.00125433e+03,
       3.86030823e+02, 8.37471485e-01, 9.04142944e+02, 3.74335236e+02,
       8.34153593e-01, 1.15422876e+03, 5.30198425e+02, 6.27150655e-01,
       1.14540222e+03, 5.74497498e+02, 6.36056781e-01, 1.34560803e+03,
       6.21513000e+02, 7.46236742e-01, 1.52802954e+03, 6.45074890e+02,
       6.41964674e-01, 1.16017554e+03, 4.80129608e+02, 5.98221302e-01,
       1.34262329e+03, 4.74307526e+02, 6.26656175e-01, 1.56343396e+03,
       4.36151337e+02, 6.91424847e-01, 7.83420837e+02, 5.18549744e+02,
       7.78490007e-01, 7.83431274e+02, 4.86157806e+02, 7.86446691e-01,
       8.04041565e+02, 5.36166626e+02, 4.20394421e-01, 8.01108582e+02,
       4.59700775e+02, 5.42548954e-01, 1.63700854e+03, 4.53786865e+02,
       3.59184921e-01, 1.63398267e+03, 4.39037476e+02, 3.91988873e-01,
       1.58695996e+03, 4.15540405e+02, 3.58219564e-01, 1.58098767e+03,
       6.92246155e+02, 5.12730122e-01, 1.57810620e+03, 6.92094482e+02,
       4.67844248e-01, 1.56039001e+03, 6.24531067e+02, 4.88262504e-01 ]
