%YAML:1.0
---
pose_0: !!opencv-matrix
   rows: 1
   cols: 25
   dt: "3f"
   data: [ 0., 0., 0., 8.51065186e+02, 4.62630280e+02, 4.11013573e-01,
       0., 0., 0., 0., 0., 0., 0., 0., 0., 8.59960144e+02,
       4.50832947e+02, 3.05983365e-01, 9.77779663e+02, 4.30148224e+02,
       6.93991184e-01, 1.07486316e+03, 5.27421753e+02, 8.00964534e-01,
       1.13950378e+03, 4.00824707e+02, 2.57388115e-01, 1.15716504e+03,
       3.83084961e+02, 2.25925282e-01, 1.34557568e+03, 4.94919373e+02,
       6.48244917e-01, 1.54861072e+03, 3.91996429e+02, 6.47719324e-01,
       0., 0., 0., 0., 0., 0., 0., 0., 0., 0., 0., 0., 0., 0., 0., 0.,
       0., 0., 7.71680359e+02, 4.80242889e+02, 1.64435923e-01, 0., 0.,
       0., 0., 0., 0., 0., 0., 0., 1.59574524e+03, 3.36066833e+02,
       2.67114401e-01, 1.58986096e+03, 3.44860138e+02, 1.97215289e-01,
       1.56928955e+03, 3.77228424e+02, 3.16614389e-01 ]
