%YAML:1.0
---
pose_0: !!opencv-matrix
   rows: 1
   cols: 25
   dt: "3f"
   data: [ 7.21543823e+02, 4.62593231e+02, 7.29350865e-01,
       7.95169861e+02, 5.15523499e+02, 6.07031047e-01, 8.04023254e+02,
       5.50967163e+02, 7.40667939e-01, 9.10008545e+02, 6.24630127e+02,
       8.32771063e-01, 1.01883203e+03, 5.33243835e+02, 7.20901787e-01,
       7.83438660e+02, 4.80154266e+02, 4.46742654e-01, 8.95244812e+02,
       4.83142426e+02, 1.49490505e-01, 9.59996033e+02, 4.59593628e+02,
       1.35638177e-01, 1.07773145e+03, 5.71433228e+02, 3.76997143e-01,
       1.05127698e+03, 5.97991028e+02, 3.85397881e-01, 1.31035168e+03,
       4.94993866e+02, 7.14294255e-01, 1.52218115e+03, 6.27474792e+02,
       3.47028583e-01, 1.10420313e+03, 5.36220581e+02, 2.83338904e-01,
       1.31610095e+03, 4.97928955e+02, 2.00120285e-01, 1.50746484e+03,
       6.42104370e+02, 2.94897139e-01, 7.09828552e+02, 4.80313354e+02,
       6.86335683e-01, 7.12728699e+02, 4.56718353e+02, 1.93090871e-01,
       7.21618713e+02, 5.09661957e+02, 5.14418244e-01, 0., 0., 0.,
       1.58701587e+03, 7.12714905e+02, 6.63254336e-02, 0., 0., 0.,
       1.55454541e+03, 6.89180664e+02, 1.43206611e-01, 1.61050623e+03,
       6.92067627e+02, 2.66396701e-01, 1.59570227e+03, 6.98086792e+02,
       2.26220354e-01, 1.57805078e+03, 6.92126038e+02, 2.17703968e-01 ]
