%YAML:1.0
---
pose_0: !!opencv-matrix
   rows: 2
   cols: 25
   dt: "3f"
   data: [ 0., 0., 0., 7.59782715e+02, 5.98017151e+02, 5.06096601e-01,
       7.65858459e+02, 7.06888489e+02, 5.39216638e-01, 9.09948059e+02,
       7.65683716e+02, 7.51958430e-01, 1.08653137e+03, 8.54094299e+02,
       8.00643802e-01, 7.15685974e+02, 5.03798584e+02, 3.36680084e-01,
       9.18814575e+02, 3.85948639e+02, 5.98852515e-01, 1.04843335e+03,
       2.41745590e+02, 7.49535203e-01, 1.07772302e+03, 5.33218506e+02,
       3.11148793e-01, 1.07773743e+03, 6.00986145e+02, 3.02900165e-01,
       1.19249304e+03, 6.36222107e+02, 5.56421354e-02, 1.61929492e+03,
       5.77339172e+02, 2.30963647e-01, 1.07476086e+03, 4.65558807e+02,
       3.49017739e-01, 1.33377002e+03, 3.62555573e+02, 9.97194126e-02,
       1.61339697e+03, 2.06568710e+02, 1.76277339e-01, 0., 0., 0., 0.,
       0., 0., 0., 0., 0., 0., 0., 0., 0., 0., 0., 0., 0., 0., 0., 0.,
       0., 0., 0., 0., 0., 0., 0., 0., 0., 0., 6.24452148e+02,
       5.03729065e+02, 5.14516950e-01, 6.71569519e+02, 5.53901184e+02,
       7.02585429e-02, 0., 0., 0., 0., 0., 0., 0., 0., 0., 0., 0., 0.,
       0., 0., 0., 0., 0., 0., 0., 0., 0., 0., 0., 0., 0., 0., 0., 0.,
       0., 0., 0., 0., 0., 0., 0., 0., 0., 0., 0., 5.97878418e+02,
       5.12676270e+02, 4.71061081e-01, 6.12665039e+02, 4.86226013e+02,
       3.32444787e-01, 6.24488342e+02, 5.39149048e+02, 1.33192614e-01,
       0., 0., 0., 0., 0., 0., 0., 0., 0., 0., 0., 0., 0., 0., 0., 0.,
       0., 0., 0., 0., 0. ]
