%YAML:1.0
---
pose_0: !!opencv-matrix
   rows: 1
   cols: 25
   dt: "3f"
   data: [ 6.92227783e+02, 4.59712616e+02, 8.01033139e-01,
       8.03997559e+02, 5.50827698e+02, 6.95689857e-01, 7.92274841e+02,
       6.21599976e+02, 7.20890045e-01, 9.33529114e+02, 6.65647766e+02,
       7.40812600e-01, 1.09252209e+03, 6.77429321e+02, 8.12280536e-01,
       8.06916504e+02, 4.71458496e+02, 5.51149964e-01, 9.83553589e+02,
       4.39031555e+02, 7.62437522e-01, 1.11585486e+03, 4.09700470e+02,
       8.40717912e-01, 1.07481567e+03, 5.36239136e+02, 5.79560995e-01,
       1.06896350e+03, 5.92043152e+02, 5.57658672e-01, 1.31024329e+03,
       5.86153076e+02, 6.96524024e-01, 1.56631287e+03, 6.03905212e+02,
       6.01920366e-01, 1.08361169e+03, 4.83235321e+02, 5.85562706e-01,
       1.31617712e+03, 4.59791260e+02, 7.18600631e-01, 1.50159363e+03,
       5.36154968e+02, 6.55609429e-01, 6.71525085e+02, 4.74363464e+02,
       8.02908838e-01, 6.80358032e+02, 4.47835114e+02, 1.72294602e-01,
       6.80433655e+02, 5.15544861e+02, 6.21693850e-01, 0., 0., 0.,
       1.56926440e+03, 5.06690887e+02, 6.17371127e-02, 0., 0., 0.,
       1.52507825e+03, 5.50885315e+02, 4.27706361e-01, 1.66044031e+03,
       5.74327759e+02, 5.58447957e-01, 1.65458423e+03, 5.83321716e+02,
       4.52793866e-01, 1.58987415e+03, 6.21470215e+02, 3.22552621e-01 ]
