%YAML:1.0
---
pose_0: !!opencv-matrix
   rows: 1
   cols: 25
   dt: "3f"
   data: [ 7.59760803e+02, 4.33021545e+02, 8.31737518e-01,
       8.36298706e+02, 4.24330963e+02, 6.39971912e-01, 8.33491699e+02,
       4.59669525e+02, 5.76500952e-01, 8.92333862e+02, 5.30334473e+02,
       7.76392698e-01, 7.42305603e+02, 5.06726196e+02, 8.73992562e-01,
       8.33489807e+02, 3.83081329e+02, 5.20507336e-01, 8.92343689e+02,
       3.24218414e+02, 7.61730313e-01, 7.42206421e+02, 3.85969757e+02,
       8.41058195e-01, 1.12191431e+03, 4.50833862e+02, 5.42598009e-01,
       1.11899927e+03, 5.00747314e+02, 5.90833068e-01, 1.31315112e+03,
       4.86219635e+02, 7.12960005e-01, 1.54862354e+03, 5.03822388e+02,
       6.12294614e-01, 1.12486108e+03, 3.94867096e+02, 5.59548318e-01,
       1.33093518e+03, 4.12498260e+02, 7.00716317e-01, 1.57512646e+03,
       4.30133850e+02, 6.31147265e-01, 7.45122314e+02, 4.39052734e+02,
       7.63071835e-01, 7.45162415e+02, 4.12600983e+02, 8.10655713e-01,
       7.62752991e+02, 4.59587585e+02, 2.43799686e-01, 7.62789612e+02,
       3.89138916e+02, 5.02201021e-01, 1.63400122e+03, 3.94853699e+02,
       4.89857912e-01, 1.62811829e+03, 3.91936340e+02, 5.37046909e-01,
       1.58989099e+03, 4.44943695e+02, 4.85392183e-01, 1.62219910e+03,
       5.06746887e+02, 3.46548706e-01, 1.61055518e+03, 5.21467224e+02,
       3.44809413e-01, 1.57513025e+03, 4.89108765e+02, 2.77200729e-01 ]
