%YAML:1.0
---
pose_0: !!opencv-matrix
   rows: 1
   cols: 25
   dt: "3f"
   data: [ 0., 0., 0., 8.39375793e+02, 5.27252869e+02, 4.78506297e-01,
       8.68768311e+02, 4.80258179e+02, 2.24642873e-01, 1.04820020e+03,
       4.30267487e+02, 6.64839625e-01, 1.09530200e+03, 3.68423828e+02,
       7.61425078e-01, 8.30452820e+02, 5.65577454e+02, 6.47103310e-01,
       9.80671814e+02, 6.21536194e+02, 7.60324717e-01, 1.12775208e+03,
       6.47900269e+02, 7.14947701e-01, 1.11888782e+03, 5.03732452e+02,
       4.82845604e-01, 1.12191016e+03, 4.77255951e+02, 4.08247828e-01,
       1.34257996e+03, 5.03771301e+02, 6.59373999e-01, 1.52514722e+03,
       5.77310486e+02, 4.84192312e-01, 1.10717871e+03, 5.30322205e+02,
       3.91444057e-01, 1.35442346e+03, 4.86216187e+02, 4.99036163e-01,
       1.53984375e+03, 5.30222107e+02, 4.89575535e-01, 0., 0., 0., 0.,
       0., 0., 0., 0., 0., 7.42163757e+02, 5.53768433e+02,
       2.99619913e-01, 1.60746411e+03, 4.59668976e+02, 4.25885558e-01,
       1.60161731e+03, 4.59746674e+02, 3.71588111e-01, 1.57216858e+03,
       5.71496582e+02, 2.17655331e-01, 1.61037878e+03, 5.30304138e+02,
       1.02973484e-01, 1.61343542e+03, 5.44969543e+02, 6.39974251e-02,
       1.55750415e+03, 5.97907593e+02, 3.29676986e-01 ]
