%YAML:1.0
---
pose_0: !!opencv-matrix
   rows: 1
   cols: 25
   dt: "3f"
   data: [ 7.42283264e+02, 5.09747223e+02, 3.93336535e-01,
       8.06867188e+02, 4.44917145e+02, 4.39481825e-01, 7.89234802e+02,
       4.50803741e+02, 2.43737295e-01, 9.07077759e+02, 5.27308594e+02,
       7.94297382e-02, 8.27527222e+02, 5.30257507e+02, 1.04227193e-01,
       8.12925415e+02, 4.42006409e+02, 6.51014686e-01, 9.24722534e+02,
       5.30304504e+02, 8.58146906e-01, 7.95190552e+02, 5.50937073e+02,
       8.11794400e-01, 1.09835889e+03, 4.53786652e+02, 3.07435095e-01,
       1.08948291e+03, 4.62605621e+02, 1.83280230e-01, 1.33080066e+03,
       4.62595825e+02, 5.58585644e-01, 1.61042517e+03, 4.33010132e+02,
       3.26844484e-01, 1.11303967e+03, 4.39096802e+02, 3.19216371e-01,
       1.33966211e+03, 5.00835236e+02, 5.92352986e-01, 1.60754321e+03,
       4.36157043e+02, 2.38764405e-01, 0., 0., 0., 7.42222412e+02,
       5.00805908e+02, 4.19556499e-01, 0., 0., 0., 7.51053040e+02,
       4.56644562e+02, 5.51153779e-01, 1.66345581e+03, 3.89068695e+02,
       1.02461807e-01, 1.67225586e+03, 3.92018616e+02, 6.69288635e-02,
       1.63990295e+03, 4.44946442e+02, 1.16902895e-01, 1.66344592e+03,
       3.86050232e+02, 3.78676295e-01, 1.66045789e+03, 3.91968201e+02,
       3.10903430e-01, 1.65746802e+03, 4.36079315e+02, 1.50515243e-01 ]
