%YAML:1.0
---
pose_0: !!opencv-matrix
   rows: 1
   cols: 25
   dt: "3f"
   data: [ 7.65713135e+02, 4.56811066e+02, 4.87071276e-01,
       8.30503113e+02, 5.09651093e+02, 4.09110636e-01, 8.60036377e+02,
       5.50780273e+02, 6.53069317e-01, 9.98217224e+02, 5.86204041e+02,
       7.34485924e-01, 1.14832654e+03, 5.03811188e+02, 8.17549169e-01,
       7.89287048e+02, 4.65538177e+02, 1.63284555e-01, 0., 0., 0., 0.,
       0., 0., 1.18365808e+03, 5.80314575e+02, 2.79568374e-01,
       1.18659753e+03, 6.03858459e+02, 2.24468186e-01, 1.39552295e+03,
       5.12678589e+02, 6.36858463e-01, 1.65459607e+03, 7.24566711e+02,
       5.81863940e-01, 1.18661926e+03, 5.47909424e+02, 2.30536178e-01,
       1.38387878e+03, 4.80107147e+02, 6.67861402e-01, 1.53684875e+03,
       6.33319580e+02, 1.69484645e-01, 7.45185425e+02, 4.71398743e+02,
       2.49490350e-01, 7.59826172e+02, 4.53809204e+02, 8.48760754e-02,
       7.62823669e+02, 4.97896576e+02, 2.37625718e-01, 0., 0., 0., 0.,
       0., 0., 0., 0., 0., 0., 0., 0., 1.70463452e+03, 7.27503235e+02,
       3.18130553e-01, 1.68706030e+03, 7.42193481e+02, 3.53475600e-01,
       1.66344067e+03, 7.42268860e+02, 3.68950695e-01 ]
