%YAML:1.0
---
pose_0: !!opencv-matrix
   rows: 1
   cols: 25
   dt: "3f"
   data: [ 6.21352051e+02, 4.91991028e+02, 8.46054554e-01,
       7.65685547e+02, 5.06653320e+02, 7.82061934e-01, 7.59803162e+02,
       6.03849976e+02, 6.92726851e-01, 9.01173828e+02, 6.68577271e+02,
       8.16049695e-01, 9.45301514e+02, 6.42169434e+02, 7.98613608e-01,
       7.71680298e+02, 4.12648346e+02, 6.70598149e-01, 9.30688782e+02,
       3.65498016e+02, 8.85738671e-01, 8.33479492e+02, 3.62654510e+02,
       8.88118863e-01, 1.05122925e+03, 5.00765320e+02, 5.79135001e-01,
       1.04524121e+03, 5.50844055e+02, 5.98697543e-01, 1.28078662e+03,
       5.56835022e+02, 3.59682977e-01, 1.59285388e+03, 5.53863525e+02,
       2.68132955e-01, 1.05414575e+03, 4.38997223e+02, 5.55849850e-01,
       1.28666663e+03, 4.59574249e+02, 6.35689080e-01, 1.60748389e+03,
       4.56788971e+02, 3.70784938e-01, 6.00935913e+02, 5.06750793e+02,
       8.44448268e-01, 6.06758057e+02, 4.71415619e+02, 8.26303482e-01,
       6.24502319e+02, 5.30209045e+02, 4.29940850e-01, 6.42153992e+02,
       4.33248322e+02, 5.75261533e-01, 1.75474792e+03, 4.80243927e+02,
       7.73051977e-02, 0., 0., 0., 1.61928870e+03, 4.56759583e+02,
       2.73564935e-01, 1.68995642e+03, 5.62667969e+02, 2.10952327e-01,
       1.68403662e+03, 5.74394226e+02, 1.79213926e-01, 1.68108276e+03,
       5.56790405e+02, 1.20717309e-01 ]
