%YAML:1.0
---
pose_0: !!opencv-matrix
   rows: 1
   cols: 25
   dt: "3f"
   data: [ 6.62698303e+02, 5.27294678e+02, 8.33575010e-01,
       8.09791565e+02, 4.86194946e+02, 6.97308600e-01, 8.18760193e+02,
       5.71520569e+02, 4.91004884e-01, 9.59959717e+02, 6.65632263e+02,
       8.03103089e-01, 8.06979370e+02, 6.27375549e+02, 7.92912602e-01,
       7.92319519e+02, 3.94904114e+02, 6.60862505e-01, 9.27536560e+02,
       3.18479156e+02, 8.54534924e-01, 1.02490466e+03, 3.59477692e+02,
       8.50991130e-01, 1.11010437e+03, 5.47927490e+02, 5.24278820e-01,
       1.09243457e+03, 6.01022583e+02, 5.66066265e-01, 1.30430920e+03,
       6.68606384e+02, 3.95737410e-01, 1.46919653e+03, 6.71554199e+02,
       2.18126088e-01, 1.12185388e+03, 4.83142548e+02, 5.11228323e-01,
       1.34847473e+03, 5.59701904e+02, 5.89073777e-01, 1.61633130e+03,
       5.42090576e+02, 3.36357325e-01, 6.45014282e+02, 5.44950684e+02,
       8.05260420e-01, 6.45132019e+02, 5.03701172e+02, 8.63683343e-01,
       6.65705872e+02, 5.56746765e+02, 1.20628543e-01, 6.68676758e+02,
       4.62559814e+02, 4.86626387e-01, 0., 0., 0., 0., 0., 0.,
       1.63691174e+03, 5.68571045e+02, 1.16912618e-01, 1.49572803e+03,
       6.92173828e+02, 5.85750006e-02, 1.47226953e+03, 6.98092102e+02,
       5.42986430e-02, 1.51625220e+03, 6.51012573e+02, 1.04502738e-01 ]
