%YAML:1.0
---
pose_0: !!opencv-matrix
   rows: 1
   cols: 25
   dt: "3f"
   data: [ 6.95227173e+02, 3.24242340e+02, 6.77060068e-01,
       7.65660583e+02, 2.47793320e+02, 6.42628193e-01, 7.59858948e+02,
       3.18318542e+02, 5.77120364e-01, 8.89420410e+02, 3.88995819e+02,
       5.50624013e-01, 1.00118207e+03, 4.83308319e+02, 4.98870075e-01,
       7.59854370e+02, 1.79996994e+02, 4.50970680e-01, 9.27650085e+02,
       1.00508446e+02, 8.20943534e-01, 1.02479333e+03, 1.56467606e+02,
       7.67176509e-01, 1.06894238e+03, 2.71372314e+02, 5.11958599e-01,
       1.05713452e+03, 3.27188019e+02, 4.75753367e-01, 1.27492676e+03,
       3.56666534e+02, 3.72878075e-01, 1.33089734e+03, 3.62507080e+02,
       4.71730888e-01, 1.08358447e+03, 2.15375946e+02, 4.78058219e-01,
       1.33384705e+03, 1.74202316e+02, 4.16595131e-01, 0., 0., 0., 0.,
       0., 0., 6.89159363e+02, 3.18259155e+02, 6.93723619e-01, 0., 0.,
       0., 6.92015747e+02, 2.88867249e+02, 6.04233801e-01, 0., 0., 0.,
       0., 0., 0., 0., 0., 0., 1.42206091e+03, 3.41928558e+02,
       1.51221246e-01, 1.41032800e+03, 3.65473175e+02, 1.05505385e-01,
       1.36029736e+03, 3.59540955e+02, 2.49196023e-01 ]
