%YAML:1.0
---
pose_0: !!opencv-matrix
   rows: 2
   cols: 25
   dt: "3f"
   data: [ 7.39208191e+02, 4.33073761e+02, 7.70805001e-01,
       8.36352661e+02, 5.09758026e+02, 6.88201189e-01, 7.42351746e+02,
       5.06748077e+02, 1.08182833e-01, 6.95018372e+02, 5.09708893e+02,
       2.97242999e-01, 6.89223938e+02, 4.77335663e+02, 1.36794329e-01,
       8.33475098e+02, 4.39073944e+02, 5.14184892e-01, 9.89459412e+02,
       4.06680023e+02, 6.78363502e-01, 1.11604480e+03, 3.62483429e+02,
       8.30325246e-01, 1.10128345e+03, 4.83156555e+02, 5.90706289e-01,
       1.10126306e+03, 5.30195740e+02, 5.97374558e-01, 1.33081836e+03,
       5.50889954e+02, 7.91206241e-01, 1.55454321e+03, 5.71415344e+02,
       5.75229466e-01, 1.10131616e+03, 4.33165283e+02, 6.16637349e-01,
       1.32783252e+03, 4.09533783e+02, 5.95220804e-01, 1.52222913e+03,
       3.97843140e+02, 5.04125714e-01, 7.15769104e+02, 4.36242554e+02,
       8.24827552e-01, 7.15770691e+02, 4.15551605e+02, 1.66184574e-01,
       7.27452881e+02, 4.80155334e+02, 6.28437042e-01, 0., 0., 0.,
       1.61343896e+03, 3.68447937e+02, 5.23377240e-01, 1.61039819e+03,
       3.65506134e+02, 5.45230091e-01, 1.54274634e+03, 3.88968506e+02,
       1.96338087e-01, 1.63097510e+03, 5.53774536e+02, 5.31133592e-01,
       1.61636658e+03, 5.68572144e+02, 4.66195285e-01, 1.57513806e+03,
       5.59738159e+02, 2.17421114e-01, 0., 0., 0., 0., 0., 0.,
       8.30443909e+02, 5.89124695e+02, 7.29278266e-01, 9.62964050e+02,
       6.30304932e+02, 7.46001422e-01, 1.06599829e+03, 5.89135315e+02,
       8.27347994e-01, 0., 0., 0., 0., 0., 0., 0., 0., 0., 0., 0., 0.,
       0., 0., 0., 0., 0., 0., 0., 0., 0., 0., 0., 0., 0., 0., 0., 0.,
       0., 0., 0., 0., 0., 0., 0., 0., 0., 0., 0., 0., 0., 0., 0., 0.,
       0., 0., 0., 0., 0., 0., 0., 0., 0., 0., 0., 0., 0., 0., 0., 0. ]
