%YAML:1.0
---
pose_0: !!opencv-matrix
   rows: 1
   cols: 25
   dt: "3f"
   data: [ 6.42167603e+02, 5.27269104e+02, 8.13244462e-01,
       7.65825317e+02, 4.91984192e+02, 6.40302896e-01, 7.92263733e+02,
       5.98000122e+02, 3.90375525e-01, 9.04167908e+02, 7.15716980e+02,
       8.09472322e-01, 8.09891357e+02, 6.65590088e+02, 7.13163137e-01,
       7.68661377e+02, 3.91973328e+02, 6.69373453e-01, 9.27588989e+02,
       3.56680756e+02, 7.49344707e-01, 1.02488696e+03, 3.65369141e+02,
       8.51913154e-01, 1.05415503e+03, 5.30339905e+02, 5.55242002e-01,
       1.04241296e+03, 5.92021545e+02, 5.75234532e-01, 1.20724097e+03,
       6.44944031e+02, 3.51335883e-01, 1.42505005e+03, 6.47962708e+02,
       2.10071176e-01, 1.06599255e+03, 4.65491211e+02, 5.11453390e-01,
       1.33675012e+03, 5.42099670e+02, 4.87304538e-01, 1.70170618e+03,
       5.50885559e+02, 2.81513453e-01, 6.24392334e+02, 5.42068787e+02,
       7.91961551e-01, 6.24458252e+02, 5.03867340e+02, 8.46509457e-01,
       6.44984314e+02, 5.53978333e+02, 1.42255262e-01, 6.50946106e+02,
       4.68444702e+02, 5.56178868e-01, 1.81649927e+03, 5.27266418e+02,
       1.83772415e-01, 1.81941162e+03, 5.27261536e+02, 1.92202851e-01,
       1.76645093e+03, 5.94948853e+02, 1.37979597e-01, 0., 0., 0., 0.,
       0., 0., 1.49267603e+03, 6.45082275e+02, 6.95699006e-02 ]
