%YAML:1.0
---
pose_0: !!opencv-matrix
   rows: 1
   cols: 25
   dt: "3f"
   data: [ 7.18773987e+02, 4.68437561e+02, 8.41994405e-01,
       8.42308105e+02, 4.56744690e+02, 6.40889764e-01, 8.51125427e+02,
       5.27318909e+02, 5.23296475e-01, 9.74693665e+02, 5.45012939e+02,
       2.62986988e-01, 1.04528735e+03, 5.74483948e+02, 3.98129523e-01,
       8.42321289e+02, 3.89025635e+02, 5.99147558e-01, 9.83575195e+02,
       3.62391541e+02, 7.26498842e-01, 1.11901819e+03, 3.39085266e+02,
       8.89777064e-01, 1.11595593e+03, 4.80260010e+02, 5.30199349e-01,
       1.11597620e+03, 5.27299744e+02, 5.64726830e-01, 1.31021875e+03,
       5.24293701e+02, 6.78128600e-01, 1.57220239e+03, 5.12591553e+02,
       6.22929037e-01, 1.11595471e+03, 4.33049377e+02, 4.91353750e-01,
       1.33080896e+03, 4.33063629e+02, 6.70965314e-01, 1.53688452e+03,
       4.27284668e+02, 5.89994669e-01, 7.03978027e+02, 4.80362183e+02,
       8.23535085e-01, 7.12820190e+02, 4.47886810e+02, 8.44015121e-01,
       7.21574707e+02, 5.00824646e+02, 1.63145542e-01, 7.39109619e+02,
       4.15493378e+02, 6.61334395e-01, 1.61331055e+03, 3.92009888e+02,
       5.03119230e-01, 1.61037427e+03, 3.92017700e+02, 5.11005163e-01,
       1.57222937e+03, 4.39018982e+02, 4.69988912e-01, 1.66055420e+03,
       5.30317810e+02, 4.27515417e-01, 1.65747107e+03, 5.33260315e+02,
       4.47907776e-01, 1.59868359e+03, 4.97914307e+02, 3.76766920e-01 ]
