%YAML:1.0
---
pose_0: !!opencv-matrix
   rows: 1
   cols: 25
   dt: "3f"
   data: [ 6.98041077e+02, 5.74315491e+02, 5.67150414e-01,
       8.15751099e+02, 6.15612793e+02, 3.80996048e-01, 7.86413879e+02,
       6.77443481e+02, 4.85092908e-01, 9.03966919e+02, 6.89135742e+02,
       7.30713367e-01, 1.00112939e+03, 5.97909851e+02, 7.74420857e-01,
       8.45218445e+02, 5.50833862e+02, 2.30241686e-01, 9.89432922e+02,
       5.39096191e+02, 1.35164738e-01, 1.02772742e+03, 5.30265564e+02,
       9.29669365e-02, 1.09245020e+03, 6.33301941e+02, 4.30850863e-01,
       1.08658032e+03, 6.80419800e+02, 4.25447613e-01, 1.34851501e+03,
       7.24574707e+02, 2.94013470e-01, 1.57511475e+03, 7.48060059e+02,
       5.20649076e-01, 1.09247986e+03, 5.80275452e+02, 3.62464607e-01,
       1.33967444e+03, 5.53836609e+02, 5.21318614e-01, 1.58400098e+03,
       5.45024841e+02, 5.07228196e-01, 6.74543701e+02, 5.94969971e+02,
       5.25549948e-01, 6.77423950e+02, 5.53900269e+02, 4.20312554e-01,
       6.95174622e+02, 6.21465332e+02, 3.31325114e-01, 7.03947693e+02,
       5.42058350e+02, 1.03863955e-01, 1.68698547e+03, 4.83272125e+02,
       4.86719370e-01, 1.68693152e+03, 4.83244446e+02, 3.96200836e-01,
       1.61042371e+03, 5.50807495e+02, 2.44836301e-01, 1.65747107e+03,
       7.33369934e+02, 4.04079407e-01, 1.64869897e+03, 7.42280212e+02,
       3.28998119e-01, 1.59285535e+03, 7.45136414e+02, 2.72332460e-01 ]
