%YAML:1.0
---
pose_0: !!opencv-matrix
   rows: 1
   cols: 25
   dt: "3f"
   data: [ 0., 0., 0., 7.89248413e+02, 5.50894226e+02, 2.84645855e-01,
       7.86367859e+02, 5.50846558e+02, 3.65490377e-01, 8.71666382e+02,
       4.74344086e+02, 3.45367521e-01, 7.56941772e+02, 3.88922760e+02,
       7.38763809e-01, 7.74604309e+02, 5.56827881e+02, 2.33585179e-01,
       0., 0., 0., 0., 0., 0., 1.05123291e+03, 5.62661560e+02,
       2.67602265e-01, 0., 0., 0., 0., 0., 0., 0., 0., 0.,
       1.07477283e+03, 5.56768555e+02, 1.82760864e-01, 1.32783606e+03,
       5.21459045e+02, 2.00660378e-01, 1.64870398e+03, 7.21633362e+02,
       2.22719356e-01, 0., 0., 0., 0., 0., 0., 0., 0., 0., 0., 0., 0.,
       1.70762256e+03, 6.27461853e+02, 7.55479261e-02, 1.69878540e+03,
       6.27403809e+02, 6.19915314e-02, 1.66039795e+03, 7.51073975e+02,
       2.34375238e-01, 0., 0., 0., 0., 0., 0., 0., 0., 0. ]
