%YAML:1.0
---
pose_0: !!opencv-matrix
   rows: 1
   cols: 25
   dt: "3f"
   data: [ 7.33348633e+02, 4.83252502e+02, 7.13159323e-01,
       8.57048157e+02, 4.47863007e+02, 7.30579674e-01, 8.56998657e+02,
       5.36226746e+02, 6.87466681e-01, 9.95289856e+02, 5.80423584e+02,
       5.51723242e-01, 1.12192017e+03, 6.21641052e+02, 6.73273385e-01,
       8.62971313e+02, 3.53696930e+02, 6.25596046e-01, 1.02482227e+03,
       3.39071411e+02, 8.02051187e-01, 1.16899939e+03, 2.94951172e+02,
       8.07156563e-01, 1.14834192e+03, 4.89055420e+02, 5.48172951e-01,
       1.13946204e+03, 5.47929565e+02, 5.86466670e-01, 1.35146326e+03,
       5.77457947e+02, 6.62900448e-01, 1.51918726e+03, 6.00826721e+02,
       6.38976634e-01, 1.16014258e+03, 4.33034424e+02, 5.14791369e-01,
       1.35448035e+03, 4.62597778e+02, 6.96089745e-01, 1.59865991e+03,
       4.56612244e+02, 5.72040021e-01, 7.18572571e+02, 4.97870850e+02,
       3.59463811e-01, 7.15778442e+02, 4.65540314e+02, 6.66807353e-01,
       0., 0., 0., 7.21703003e+02, 4.36015076e+02, 5.36550224e-01,
       1.67525964e+03, 4.33095184e+02, 3.07020307e-01, 1.66637317e+03,
       4.27271301e+02, 3.23826492e-01, 1.62811145e+03, 4.50839355e+02,
       1.96384817e-01, 1.58995996e+03, 6.00922485e+02, 5.49575210e-01,
       1.58392859e+03, 6.09739929e+02, 4.80853528e-01, 1.54285876e+03,
       5.92134766e+02, 3.16827416e-01 ]
