%YAML:1.0
---
pose_0: !!opencv-matrix
   rows: 1
   cols: 25
   dt: "3f"
   data: [ 7.53940674e+02, 3.15399658e+02, 7.61019826e-01,
       8.36341614e+02, 2.44743591e+02, 2.79152274e-01, 8.33427734e+02,
       2.53620972e+02, 1.90708518e-01, 0., 0., 0., 0., 0., 0.,
       8.36405518e+02, 2.56562408e+02, 2.71691859e-01, 1.00417963e+03,
       2.21288391e+02, 3.75871599e-01, 9.54243347e+02, 3.80210083e+02,
       6.88605189e-01, 1.04533850e+03, 2.21242737e+02, 6.20578974e-02,
       0., 0., 0., 0., 0., 0., 0., 0., 0., 1.05126135e+03,
       2.15372803e+02, 5.03017604e-02, 0., 0., 0., 0., 0., 0.,
       7.36262573e+02, 3.15280426e+02, 7.59464428e-02, 7.39232910e+02,
       2.94695801e+02, 8.27956438e-01, 0., 0., 0., 7.53998596e+02,
       2.44672501e+02, 5.83058596e-01, 0., 0., 0., 0., 0., 0., 0., 0.,
       0., 0., 0., 0., 0., 0., 0., 0., 0., 0. ]
