%YAML:1.0
---
pose_0: !!opencv-matrix
   rows: 1
   cols: 25
   dt: "3f"
   data: [ 7.15603516e+02, 5.27326050e+02, 8.42971206e-01,
       8.30510559e+02, 5.06713501e+02, 5.73058784e-01, 8.36377930e+02,
       5.80309387e+02, 3.72348458e-01, 9.77698547e+02, 6.18549438e+02,
       3.14808488e-01, 1.11607813e+03, 6.48081055e+02, 2.97911286e-01,
       8.39291504e+02, 4.36006836e+02, 5.61227441e-01, 9.95249390e+02,
       3.89077362e+02, 7.78161287e-01, 1.13959229e+03, 3.44930542e+02,
       8.33927274e-01, 1.12185107e+03, 5.27320557e+02, 5.40937006e-01,
       1.11307886e+03, 5.74522461e+02, 5.41143119e-01, 1.24842480e+03,
       6.00861633e+02, 2.75188357e-01, 1.51628552e+03, 4.59647339e+02,
       1.75425693e-01, 1.13071057e+03, 4.80155731e+02, 5.46792269e-01,
       1.26023364e+03, 5.45036133e+02, 5.68630040e-01, 1.49273047e+03,
       5.21418762e+02, 2.09632039e-01, 6.98059326e+02, 5.42025696e+02,
       7.46796131e-01, 6.98048523e+02, 5.06670898e+02, 8.21837485e-01,
       7.12809570e+02, 5.53988403e+02, 2.34802097e-01, 7.18684937e+02,
       4.80317230e+02, 6.44513607e-01, 0., 0., 0., 0., 0., 0., 0., 0.,
       0., 0., 0., 0., 0., 0., 0., 1.58392578e+03, 4.39067505e+02,
       1.04693905e-01 ]
