%YAML:1.0
---
pose_0: !!opencv-matrix
   rows: 1
   cols: 25
   dt: "3f"
   data: [ 5.56740356e+02, 5.68491577e+02, 7.59331226e-01,
       6.62717285e+02, 5.27379456e+02, 6.29078925e-01, 6.59773621e+02,
       5.97960999e+02, 4.65439796e-01, 7.42183655e+02, 6.45012207e+02,
       1.67418331e-01, 0., 0., 0., 6.65623230e+02, 4.50817352e+02,
       5.26616156e-01, 8.68764099e+02, 3.91947479e+02, 7.96545744e-01,
       7.42122803e+02, 4.36013367e+02, 8.61517906e-01, 1.05713733e+03,
       5.39120422e+02, 4.37314451e-01, 1.05126184e+03, 5.98025696e+02,
       4.56768245e-01, 1.30426978e+03, 5.98054871e+02, 6.00468457e-01,
       1.52218469e+03, 6.03897278e+02, 5.63866831e-02, 1.05417175e+03,
       4.77251953e+02, 4.44203794e-01, 1.30438318e+03, 4.50821930e+02,
       3.05739075e-01, 1.49861438e+03, 4.33105164e+02, 2.39228398e-01,
       5.42101257e+02, 5.80347656e+02, 7.56914675e-01, 5.44937500e+02,
       5.45041260e+02, 7.31368542e-01, 5.74441040e+02, 5.89132996e+02,
       6.53467774e-02, 5.59701477e+02, 5.03842316e+02, 6.08228862e-01,
       1.59577271e+03, 3.97827820e+02, 5.30259907e-02, 0., 0., 0.,
       1.52805090e+03, 4.18418091e+02, 1.53219298e-01, 0., 0., 0., 0.,
       0., 0., 0., 0., 0. ]
