%YAML:1.0
---
pose_0: !!opencv-matrix
   rows: 1
   cols: 25
   dt: "3f"
   data: [ 0., 0., 0., 9.51097656e+02, 5.53910156e+02, 2.22189561e-01,
       9.57108276e+02, 5.33235840e+02, 2.37134472e-01, 9.80567993e+02,
       5.06824158e+02, 1.96497843e-01, 1.04536755e+03, 4.56615753e+02,
       1.79371923e-01, 9.27605164e+02, 5.83314575e+02, 1.41671002e-01,
       0., 0., 0., 0., 0., 0., 1.16015088e+03, 5.59737732e+02,
       3.39845419e-01, 1.15720239e+03, 5.97913086e+02, 2.89911002e-01,
       1.37507813e+03, 5.03704712e+02, 7.92670786e-01, 1.60166406e+03,
       6.95161011e+02, 5.53197742e-01, 1.16601270e+03, 5.15603455e+02,
       3.05544764e-01, 1.35149927e+03, 4.77279114e+02, 3.58354419e-01,
       1.56336731e+03, 5.77368652e+02, 2.32306153e-01, 0., 0., 0., 0.,
       0., 0., 0., 0., 0., 0., 0., 0., 1.59871448e+03, 5.09644928e+02,
       1.83976158e-01, 1.58988855e+03, 5.12587402e+02, 1.86343670e-01,
       1.58695068e+03, 5.77405212e+02, 9.75813344e-02, 1.66341431e+03,
       7.18747681e+02, 3.98998976e-01, 1.64868616e+03, 7.33347595e+02,
       4.25240397e-01, 1.61039941e+03, 7.18598999e+02, 4.03758556e-01 ]
