%YAML:1.0
---
pose_0: !!opencv-matrix
   rows: 1
   cols: 25
   dt: "3f"
   data: [ 7.36289734e+02, 4.65589752e+02, 8.16444933e-01,
       8.59936035e+02, 4.62666351e+02, 7.30229497e-01, 8.65818787e+02,
       5.45024414e+02, 6.30279303e-01, 9.77711548e+02, 6.27512390e+02,
       8.35939705e-01, 9.09978699e+02, 6.27378113e+02, 7.27886856e-01,
       8.65884460e+02, 3.86134705e+02, 6.77373111e-01, 9.95273254e+02,
       3.56677948e+02, 3.61359090e-01, 1.02175488e+03, 3.59553162e+02,
       5.58989346e-01, 1.13958899e+03, 4.86195190e+02, 5.82851529e-01,
       1.13074866e+03, 5.33212341e+02, 6.09625995e-01, 1.33379712e+03,
       5.59667358e+02, 6.79674983e-01, 1.50744373e+03, 5.77301147e+02,
       5.61841309e-01, 1.14249634e+03, 4.36055725e+02, 5.49667239e-01,
       1.37799365e+03, 4.42039459e+02, 5.46710908e-01, 1.56630981e+03,
       4.59678772e+02, 6.98475063e-01, 7.15765320e+02, 4.83251282e+02,
       8.21947575e-01, 7.18707703e+02, 4.53675598e+02, 8.55175674e-01,
       7.39303406e+02, 5.03780579e+02, 2.18547881e-01, 7.45197205e+02,
       4.12555603e+02, 5.57475746e-01, 1.62225256e+03, 4.33185638e+02,
       4.27048981e-01, 1.61346558e+03, 4.33093292e+02, 5.03759384e-01,
       1.59863403e+03, 4.62617218e+02, 3.20553839e-01, 1.57510400e+03,
       5.74367065e+02, 3.17031503e-01, 1.56327344e+03, 5.86194519e+02,
       2.94800192e-01, 1.54275000e+03, 5.65600281e+02, 3.05547655e-01 ]
