%YAML:1.0
---
pose_0: !!opencv-matrix
   rows: 1
   cols: 25
   dt: "3f"
   data: [ 7.39128906e+02, 4.86213806e+02, 7.67597198e-01,
       8.15738342e+02, 4.12686218e+02, 4.81878668e-01, 8.09872375e+02,
       4.15475525e+02, 3.32133859e-01, 0., 0., 0., 0., 0., 0.,
       8.21686096e+02, 4.12534729e+02, 7.43270636e-01, 9.54047546e+02,
       4.89126678e+02, 8.36965442e-01, 8.18702881e+02, 5.36215881e+02,
       7.54545271e-01, 1.13069739e+03, 4.18451721e+02, 2.80711263e-01,
       1.09834753e+03, 4.36075775e+02, 1.51299343e-01, 0., 0., 0., 0.,
       0., 0., 1.15423364e+03, 4.12503357e+02, 3.10493737e-01,
       1.34553320e+03, 4.80116760e+02, 6.19603634e-01, 1.60455701e+03,
       4.09637054e+02, 3.71082157e-01, 7.18711426e+02, 4.86186768e+02,
       1.33727923e-01, 7.21696045e+02, 4.74361298e+02, 7.39600599e-01,
       0., 0., 0., 7.39195923e+02, 4.27318634e+02, 6.22806787e-01,
       1.68697473e+03, 3.65444519e+02, 3.15206766e-01, 1.68989343e+03,
       3.65390015e+02, 2.68993348e-01, 1.65166101e+03, 4.18417969e+02,
       1.36842638e-01, 0., 0., 0., 0., 0., 0., 0., 0., 0. ]
