%YAML:1.0
---
pose_0: !!opencv-matrix
   rows: 1
   cols: 25
   dt: "3f"
   data: [ 5.97824768e+02, 6.45070557e+02, 8.86766553e-01,
       7.18585815e+02, 6.44993164e+02, 5.12167573e-01, 7.56878845e+02,
       7.15660706e+02, 3.32191050e-01, 9.04085754e+02, 7.98090942e+02,
       7.46357381e-01, 7.68779602e+02, 7.62869385e+02, 8.08141112e-01,
       7.03954102e+02, 5.74335815e+02, 5.34879565e-01, 8.83531372e+02,
       4.80144501e+02, 8.38501155e-01, 7.45156372e+02, 4.86127014e+02,
       8.18627298e-01, 1.08361414e+03, 5.92105225e+02, 4.68835801e-01,
       1.07187903e+03, 6.45130005e+02, 4.75103199e-01, 1.32198425e+03,
       7.27523743e+02, 6.94894254e-01, 1.61049060e+03, 8.03938660e+02,
       4.77291524e-01, 1.07772925e+03, 5.30276489e+02, 4.27122802e-01,
       1.36908313e+03, 5.03886108e+02, 3.42178762e-01, 1.63690613e+03,
       5.06882111e+02, 5.82747221e-01, 5.74356018e+02, 6.65614075e+02,
       8.57874513e-01, 5.80272095e+02, 6.21389099e+02, 8.70530963e-01,
       5.83333130e+02, 6.92270081e+02, 2.29597777e-01, 6.03843750e+02,
       5.86249207e+02, 5.50510228e-01, 1.71930969e+03, 4.92052795e+02,
       3.78687292e-01, 1.71061987e+03, 4.89079803e+02, 3.91524971e-01,
       1.68106897e+03, 5.39064636e+02, 2.55201012e-01, 1.68103662e+03,
       7.65697571e+02, 1.57756597e-01, 0., 0., 0., 1.63703027e+03,
       7.92297485e+02, 2.26672783e-01 ]
