%YAML:1.0
---
pose_0: !!opencv-matrix
   rows: 1
   cols: 25
   dt: "3f"
   data: [ 8.21714050e+02, 4.36147125e+02, 5.30752420e-01,
       9.21770935e+02, 3.86049408e+02, 5.31434715e-01, 8.95252747e+02,
       4.33183716e+02, 4.48423088e-01, 8.92254822e+02, 3.33068237e+02,
       7.37602174e-01, 8.01046082e+02, 2.38821991e+02, 7.44719982e-01,
       9.51080322e+02, 3.36004181e+02, 2.89721280e-01, 0., 0., 0., 0.,
       0., 0., 1.16594312e+03, 4.33083557e+02, 6.54073238e-01,
       1.15130957e+03, 4.80139374e+02, 6.04652882e-01, 1.33096387e+03,
       5.97870361e+02, 8.10561538e-01, 1.51928394e+03, 7.18605896e+02,
       6.83649659e-01, 1.17488916e+03, 3.83131012e+02, 5.89792371e-01,
       1.37208521e+03, 3.77222260e+02, 6.50877953e-01, 1.56339209e+03,
       3.86007599e+02, 5.82996726e-01, 8.12854431e+02, 4.39104492e+02,
       1.58188596e-01, 8.09977051e+02, 4.33185333e+02, 5.05150795e-01,
       0., 0., 0., 8.12791382e+02, 4.06689606e+02, 6.42067432e-01,
       1.58981702e+03, 4.56561981e+02, 9.41462591e-02, 0., 0., 0.,
       1.60452698e+03, 3.77237671e+02, 2.88481683e-01, 1.58691187e+03,
       7.51027283e+02, 5.68263888e-01, 1.56923999e+03, 7.62721558e+02,
       5.60230970e-01, 1.53979895e+03, 7.15788269e+02, 4.18260545e-01 ]
