%YAML:1.0
---
pose_0: !!opencv-matrix
   rows: 1
   cols: 25
   dt: "3f"
   data: [ 7.83305786e+02, 4.83112274e+02, 8.90314221e-01,
       8.92350830e+02, 4.83301788e+02, 6.87040031e-01, 9.18830933e+02,
       5.47941956e+02, 4.91241127e-01, 1.04534961e+03, 5.97970886e+02,
       8.66178870e-01, 9.60043701e+02, 5.33312988e+02, 6.79549932e-01,
       8.74572754e+02, 4.33079529e+02, 6.36004925e-01, 9.51288940e+02,
       3.38935425e+02, 8.72623980e-01, 1.02774573e+03, 3.59542480e+02,
       8.30250502e-01, 1.16607788e+03, 5.03857452e+02, 5.98339975e-01,
       1.16305762e+03, 5.53868652e+02, 6.12361610e-01, 1.23963892e+03,
       5.97877930e+02, 1.59565464e-01, 0., 0., 0., 1.17483093e+03,
       4.53776459e+02, 5.75378537e-01, 1.35740906e+03, 4.97917938e+02,
       6.79922342e-01, 1.58394580e+03, 4.71404083e+02, 6.18205249e-01,
       7.65692078e+02, 5.00852539e+02, 8.31474543e-01, 7.65886841e+02,
       4.65531281e+02, 8.24415565e-01, 7.83461914e+02, 5.24455566e+02,
       4.31883067e-01, 7.89274597e+02, 4.50743927e+02, 6.38856232e-01,
       1.63401428e+03, 4.39016541e+02, 4.43575948e-01, 1.62812549e+03,
       4.36205963e+02, 4.99283910e-01, 1.61348108e+03, 4.74355499e+02,
       3.40272576e-01, 0., 0., 0., 0., 0., 0., 0., 0., 0. ]
