%YAML:1.0
---
pose_0: !!opencv-matrix
   rows: 1
   cols: 25
   dt: "3f"
   data: [ 6.74555298e+02, 3.91903961e+02, 8.40682149e-01,
       8.01038696e+02, 4.59668762e+02, 6.42938495e-01, 8.09902100e+02,
       5.71454346e+02, 6.93039596e-01, 9.74685486e+02, 6.74451355e+02,
       4.84301001e-01, 9.92402771e+02, 7.00983154e+02, 2.50369191e-01,
       7.89373840e+02, 3.71370544e+02, 5.31580150e-01, 9.68824219e+02,
       2.97809875e+02, 6.09617770e-01, 9.27685913e+02, 3.21294983e+02,
       4.11164522e-01, 1.10129626e+03, 4.47858276e+02, 4.26004916e-01,
       1.09833496e+03, 5.03863159e+02, 4.52639043e-01, 1.33376379e+03,
       5.27292419e+02, 6.11002028e-01, 1.61048071e+03, 5.30363647e+02,
       4.35804009e-01, 1.09249915e+03, 3.85979034e+02, 4.44313735e-01,
       1.16901819e+03, 3.27194244e+02, 1.88285172e-01, 1.38674426e+03,
       2.62413361e+02, 4.20618445e-01, 6.53853088e+02, 4.09621674e+02,
       8.62994194e-01, 6.71436279e+02, 3.71296204e+02, 8.20630431e-01,
       6.68640076e+02, 4.42023926e+02, 5.67717195e-01, 6.98046753e+02,
       3.47842163e+02, 9.10365880e-02, 1.49569922e+03, 2.41882889e+02,
       1.69307694e-01, 0., 0., 0., 1.40150684e+03, 2.44708694e+02,
       1.75903916e-01, 1.72230066e+03, 5.45023743e+02, 1.28297225e-01,
       1.70459229e+03, 5.56748535e+02, 1.37590855e-01, 1.63692371e+03,
       5.21457214e+02, 2.80873924e-01 ]
