%YAML:1.0
---
pose_0: !!opencv-matrix
   rows: 1
   cols: 25
   dt: "3f"
   data: [ 6.56851990e+02, 4.97946869e+02, 7.76790857e-01,
       7.80402405e+02, 4.89038391e+02, 6.43355727e-01, 7.89220520e+02,
       5.74329529e+02, 4.93490607e-01, 9.36453796e+02, 5.92102661e+02,
       2.93913990e-01, 9.51110779e+02, 5.92086548e+02, 6.65529221e-02,
       7.77515869e+02, 3.94894531e+02, 5.96999347e-01, 9.10019958e+02,
       3.42005890e+02, 8.00188541e-01, 1.04527429e+03, 3.00680756e+02,
       7.92082071e-01, 1.10424768e+03, 4.77333710e+02, 5.12861907e-01,
       1.10131445e+03, 5.30186951e+02, 5.20786405e-01, 1.31907690e+03,
       5.03886963e+02, 5.97219229e-01, 1.63992090e+03, 4.56598724e+02,
       3.80782187e-01, 1.10423145e+03, 4.12478607e+02, 4.82211232e-01,
       1.33377966e+03, 4.39000061e+02, 4.12568867e-01, 1.63992883e+03,
       4.56674561e+02, 2.50903368e-01, 6.45003601e+02, 5.12626465e+02,
       8.08431983e-01, 6.45050110e+02, 4.80092499e+02, 8.52114379e-01,
       6.56878540e+02, 5.36203735e+02, 2.82716691e-01, 6.68704529e+02,
       4.44929108e+02, 5.45773625e-01, 1.75766284e+03, 4.21411194e+02,
       2.70043343e-01, 1.76059998e+03, 4.18426086e+02, 2.34130353e-01,
       0., 0., 0., 1.75765149e+03, 4.15499237e+02, 2.41324350e-01,
       1.75176550e+03, 4.33154510e+02, 1.61297485e-01, 0., 0., 0. ]
