%YAML:1.0
---
pose_0: !!opencv-matrix
   rows: 1
   cols: 25
   dt: "3f"
   data: [ 7.30420837e+02, 5.27325439e+02, 8.52396607e-01,
       8.56945984e+02, 5.27273132e+02, 7.58191705e-01, 8.62933411e+02,
       5.98054749e+02, 6.00605965e-01, 9.74642273e+02, 6.74541748e+02,
       8.38295460e-01, 8.57058105e+02, 6.53891541e+02, 7.81800687e-01,
       8.45270203e+02, 4.36098938e+02, 6.73124611e-01, 9.71687561e+02,
       3.62371857e+02, 8.28646362e-01, 1.06301367e+03, 3.94848083e+02,
       8.13377976e-01, 1.11596338e+03, 5.53860413e+02, 6.04986131e-01,
       1.10423291e+03, 6.03834351e+02, 6.07953846e-01, 1.37206274e+03,
       6.95072632e+02, 6.43006742e-01, 1.56924878e+03, 6.15598083e+02,
       4.40368593e-01, 1.12188342e+03, 5.03707642e+02, 5.87247491e-01,
       1.35737219e+03, 5.53918152e+02, 7.25776732e-01, 1.61927563e+03,
       4.83126923e+02, 5.56995213e-01, 7.18556213e+02, 5.44968201e+02,
       7.97312677e-01, 7.18603638e+02, 5.06654785e+02, 8.74278367e-01,
       7.39172546e+02, 5.68563721e+02, 2.66636163e-01, 7.42217224e+02,
       4.83093781e+02, 5.43942392e-01, 1.68993933e+03, 4.27218842e+02,
       2.95829922e-01, 1.68702478e+03, 4.30155853e+02, 2.91053802e-01,
       1.64874060e+03, 4.71418274e+02, 2.05838293e-01, 1.66346924e+03,
       6.33272339e+02, 1.76598698e-01, 0., 0., 0., 1.60163623e+03,
       5.97987610e+02, 2.28191599e-01 ]
