%YAML:1.0
---
pose_0: !!opencv-matrix
   rows: 1
   cols: 25
   dt: "3f"
   data: [ 7.27432983e+02, 5.56738525e+02, 8.37976336e-01,
       8.42248596e+02, 5.62664001e+02, 6.42412543e-01, 8.36447998e+02,
       6.27370178e+02, 5.91960609e-01, 1.01001434e+03, 6.71697571e+02,
       6.48854017e-01, 1.14257471e+03, 7.06932495e+02, 7.65060306e-01,
       8.56857727e+02, 4.86132141e+02, 6.39973044e-01, 1.01302161e+03,
       4.50830780e+02, 6.92099810e-01, 1.13361072e+03, 4.30208527e+02,
       6.66451275e-01, 1.11305676e+03, 5.62628967e+02, 5.72137773e-01,
       1.10419678e+03, 6.09750977e+02, 6.15032136e-01, 1.34258765e+03,
       6.92251892e+02, 2.85368085e-01, 1.40148975e+03, 6.98049805e+02,
       3.73825103e-01, 1.11887561e+03, 5.06705414e+02, 6.20240033e-01,
       1.30738428e+03, 5.74363342e+02, 6.10003591e-01, 1.62813586e+03,
       6.03830261e+02, 5.48848927e-01, 7.15623108e+02, 5.74504761e+02,
       8.46232295e-01, 7.15787354e+02, 5.42008545e+02, 8.39382827e-01,
       7.36258728e+02, 5.98020325e+02, 3.39881361e-01, 7.42130371e+02,
       5.18541809e+02, 6.46294951e-01, 1.69870874e+03, 5.71443359e+02,
       4.40925479e-01, 1.68989490e+03, 5.68499451e+02, 4.55730051e-01,
       1.66343567e+03, 6.36244507e+02, 2.88072705e-01, 1.50741528e+03,
       6.80369202e+02, 2.16113731e-01, 1.48096118e+03, 6.95053833e+02,
       2.00846791e-01, 1.48093457e+03, 6.56815491e+02, 1.57363534e-01 ]
