%YAML:1.0
---
pose_0: !!opencv-matrix
   rows: 1
   cols: 25
   dt: "3f"
   data: [ 5.92125916e+02, 6.45046875e+02, 8.37861538e-01,
       7.24527344e+02, 6.71669434e+02, 5.64060032e-01, 7.21584412e+02,
       7.53958862e+02, 4.96235073e-01, 9.01185791e+02, 8.80430481e+02,
       8.34935546e-01, 7.83325928e+02, 8.30432434e+02, 8.11211109e-01,
       7.01012024e+02, 6.00838989e+02, 4.86626476e-01, 9.57060242e+02,
       5.53967712e+02, 8.15838873e-01, 8.15889526e+02, 5.47887756e+02,
       8.15186858e-01, 1.10131213e+03, 6.68643677e+02, 4.99594927e-01,
       1.09244751e+03, 7.30461121e+02, 5.21298885e-01, 1.35441467e+03,
       7.68663391e+02, 4.92687821e-01, 1.63403015e+03, 8.12841187e+02,
       3.88878226e-01, 1.10422656e+03, 6.00918457e+02, 4.67578083e-01,
       1.33965637e+03, 5.53722839e+02, 3.86002451e-01, 1.52513037e+03,
       5.59757263e+02, 2.08265990e-01, 5.59734192e+02, 6.65591187e+02,
       8.15986991e-01, 5.77363647e+02, 6.18609741e+02, 8.81674170e-01,
       5.77326416e+02, 6.95242615e+02, 3.75873208e-01, 6.01040771e+02,
       5.89156067e+02, 4.03146565e-01, 0., 0., 0., 0., 0., 0.,
       1.56924890e+03, 5.65592590e+02, 1.60034671e-01, 1.75758325e+03,
       8.15754211e+02, 1.34962484e-01, 0., 0., 0., 1.72817053e+03,
       8.36380005e+02, 7.26279542e-02 ]
