%YAML:1.0
---
pose_0: !!opencv-matrix
   rows: 1
   cols: 25
   dt: "3f"
   data: [ 0., 0., 0., 8.65846619e+02, 5.39105225e+02, 4.87657875e-01,
       8.77513672e+02, 5.42014832e+02, 3.71131003e-01, 1.02470276e+03,
       5.59750854e+02, 4.92241025e-01, 1.18670239e+03, 5.53751648e+02,
       6.04330122e-01, 8.74638062e+02, 5.50784729e+02, 5.05316973e-01,
       1.02766235e+03, 5.56737976e+02, 2.83808410e-01, 1.18076794e+03,
       5.51049377e+02, 9.49446559e-02, 1.19841443e+03, 6.00902344e+02,
       2.87525177e-01, 1.21306091e+03, 6.06786377e+02, 3.04217160e-01,
       1.37788794e+03, 5.12660889e+02, 6.90694094e-01, 1.60752283e+03,
       6.89162598e+02, 4.87329334e-01, 1.20135303e+03, 5.53840271e+02,
       2.14360759e-01, 1.37499866e+03, 4.65605865e+02, 6.64195478e-01,
       1.57218872e+03, 5.77430908e+02, 4.21401054e-01, 0., 0., 0., 0.,
       0., 0., 8.12845459e+02, 4.94994904e+02, 1.95462421e-01,
       7.83361328e+02, 5.59692627e+02, 1.67515337e-01, 1.60746191e+03,
       5.03797943e+02, 1.62116855e-01, 1.60165417e+03, 5.06687073e+02,
       1.58580989e-01, 1.58987085e+03, 6.00859375e+02, 2.22031415e-01,
       1.67807544e+03, 7.36329163e+02, 1.24859065e-01, 0., 0., 0.,
       1.63108240e+03, 7.18671631e+02, 3.30665380e-01 ]
