%YAML:1.0
---
pose_0: !!opencv-matrix
   rows: 1
   cols: 25
   dt: "3f"
   data: [ 8.06874817e+02, 3.38928619e+02, 8.22438300e-01,
       9.09962830e+02, 3.59544495e+02, 6.53302729e-01, 8.86427002e+02,
       4.36131042e+02, 6.14763319e-01, 7.68655579e+02, 4.83239777e+02,
       6.88942552e-01, 6.33290344e+02, 5.30222595e+02, 4.86318082e-01,
       9.30505859e+02, 2.80137360e+02, 4.54597026e-01, 1.02769348e+03,
       2.68339020e+02, 1.79959893e-01, 0., 0., 0., 1.18076355e+03,
       3.50747131e+02, 4.32276934e-01, 1.17488135e+03, 4.09672424e+02,
       4.77398753e-01, 1.36613879e+03, 5.27375000e+02, 2.88597763e-01,
       1.53395630e+03, 6.68543884e+02, 4.40648556e-01, 1.18073401e+03,
       2.91782043e+02, 4.44275975e-01, 1.38092932e+03, 2.30068451e+02,
       3.70620906e-01, 1.58390332e+03, 1.27018257e+02, 1.87295020e-01,
       7.89243591e+02, 3.53655548e+02, 7.73078978e-01, 7.89398987e+02,
       3.18281311e+02, 8.06148350e-01, 8.09798584e+02, 3.80206970e+02,
       6.19221807e-01, 8.15809082e+02, 2.91984283e+02, 5.56704879e-01,
       1.63109778e+03, 1.03561470e+02, 9.80482101e-02, 1.63108545e+03,
       1.03523842e+02, 1.02736436e-01, 1.60159851e+03, 1.09397400e+02,
       1.34108305e-01, 1.61045642e+03, 6.77472473e+02, 4.11135793e-01,
       1.59575513e+03, 6.92140564e+02, 3.71294677e-01, 1.54279968e+03,
       6.89217834e+02, 2.97345728e-01 ]
