%YAML:1.0
---
pose_0: !!opencv-matrix
   rows: 1
   cols: 25
   dt: "3f"
   data: [ 7.18600647e+02, 4.12565308e+02, 8.89110327e-01,
       8.01110901e+02, 4.12553558e+02, 7.31858075e-01, 7.80422974e+02,
       4.80338623e+02, 6.86506271e-01, 8.74622925e+02, 5.50910767e+02,
       5.56205750e-01, 9.45235901e+02, 5.83295166e+02, 4.58610922e-01,
       8.15799133e+02, 3.41964630e+02, 7.32038438e-01, 9.24670410e+02,
       2.83071136e+02, 7.82713056e-01, 9.04206543e+02, 4.44945496e+02,
       8.07895064e-01, 1.06891650e+03, 4.12537201e+02, 3.92208904e-01,
       1.09242627e+03, 4.56728424e+02, 3.31374198e-01, 1.34551172e+03,
       5.36132507e+02, 6.08666539e-01, 1.56626099e+03, 5.56872375e+02,
       5.13391674e-01, 1.06300146e+03, 3.62531158e+02, 3.31715107e-01,
       1.36031091e+03, 3.00722382e+02, 4.36908275e-01, 1.56340442e+03,
       1.80026001e+02, 2.60432541e-01, 6.98073364e+02, 4.27269989e+02,
       7.73895860e-01, 7.06838135e+02, 3.91924194e+02, 7.93171763e-01,
       7.12789124e+02, 4.53664276e+02, 5.09599090e-01, 7.30460144e+02,
       3.68423553e+02, 5.98942518e-01, 0., 0., 0., 0., 0., 0., 0., 0.,
       0., 1.58974207e+03, 6.21571777e+02, 9.58213210e-02,
       1.57221069e+03, 6.21376526e+02, 9.46502090e-02, 1.60452002e+03,
       5.47944214e+02, 3.05231929e-01 ]
