%YAML:1.0
---
pose_0: !!opencv-matrix
   rows: 1
   cols: 25
   dt: "3f"
   data: [ 7.36315491e+02, 5.77358215e+02, 9.18085933e-01,
       8.39280212e+02, 5.77429504e+02, 7.10534036e-01, 8.36332764e+02,
       6.45102478e+02, 6.52509212e-01, 9.86467224e+02, 7.01031616e+02,
       7.19352901e-01, 1.11015552e+03, 7.62899475e+02, 8.19503725e-01,
       8.39411194e+02, 5.09695587e+02, 6.06841564e-01, 1.00112976e+03,
       4.68515442e+02, 7.47741044e-01, 1.12183582e+03, 4.41989716e+02,
       7.82350957e-01, 1.11307800e+03, 5.77311890e+02, 5.67621052e-01,
       1.11597021e+03, 6.24508240e+02, 5.88511288e-01, 1.31904785e+03,
       6.42185669e+02, 6.53149962e-01, 1.54285632e+03, 6.68645386e+02,
       6.76686168e-01, 1.11008838e+03, 5.27244507e+02, 5.65731883e-01,
       1.34844324e+03, 4.83239410e+02, 7.16805875e-01, 1.56624353e+03,
       4.65570648e+02, 6.51587129e-01, 7.18664490e+02, 5.92037903e+02,
       8.14936817e-01, 7.24569458e+02, 5.56719177e+02, 8.33863556e-01,
       7.39141785e+02, 6.12634155e+02, 4.20498431e-01, 7.53944580e+02,
       5.33182617e+02, 6.24474704e-01, 1.64288513e+03, 4.44925690e+02,
       4.72445905e-01, 1.63985510e+03, 4.41953430e+02, 5.15137315e-01,
       1.58986536e+03, 4.59659576e+02, 2.73545206e-01, 1.63107788e+03,
       6.59793579e+02, 5.01276612e-01, 1.61638855e+03, 6.71622009e+02,
       4.49922770e-01, 1.56335413e+03, 6.65694946e+02, 3.53899658e-01 ]
