%YAML:1.0
---
pose_0: !!opencv-matrix
   rows: 1
   cols: 25
   dt: "3f"
   data: [ 7.98084290e+02, 5.36231384e+02, 7.75444269e-01,
       8.80590210e+02, 5.06826538e+02, 8.35316896e-01, 8.80621033e+02,
       5.77371948e+02, 7.53057063e-01, 9.30709167e+02, 6.71676575e+02,
       8.40591729e-01, 9.12938110e+02, 7.51014893e+02, 7.51330197e-01,
       8.80431152e+02, 4.53673340e+02, 6.52831316e-01, 8.56979126e+02,
       4.09466644e+02, 7.72771001e-01, 7.86372437e+02, 3.86058685e+02,
       8.65268886e-01, 1.13951257e+03, 5.27339233e+02, 5.62413454e-01,
       1.13653943e+03, 5.74351440e+02, 5.67048609e-01, 1.34553760e+03,
       6.24422668e+02, 7.47096837e-01, 1.52221362e+03, 6.27385620e+02,
       7.00671732e-01, 1.13953833e+03, 4.77349152e+02, 5.16630113e-01,
       1.33674377e+03, 4.68463776e+02, 6.53339267e-01, 1.54867676e+03,
       4.36167419e+02, 6.68513358e-01, 7.86261536e+02, 5.47844788e+02,
       7.69351125e-01, 7.89371155e+02, 5.21443237e+02, 7.80460656e-01,
       0., 0., 0., 8.09973877e+02, 4.83156830e+02, 6.03936851e-01,
       1.61644946e+03, 4.53744263e+02, 4.08709824e-01, 1.61345300e+03,
       4.36140350e+02, 4.37297463e-01, 1.57807886e+03, 4.30161896e+02,
       2.53690273e-01, 1.57217273e+03, 6.83303833e+02, 6.12265766e-01,
       1.57222449e+03, 6.77430542e+02, 5.67149401e-01, 1.54577051e+03,
       6.06805664e+02, 5.70283413e-01 ]
