%YAML:1.0
---
pose_0: !!opencv-matrix
   rows: 1
   cols: 25
   dt: "3f"
   data: [ 7.15682739e+02, 5.09714264e+02, 7.87237227e-01,
       8.51076599e+02, 5.50866089e+02, 7.30104566e-01, 8.36302124e+02,
       6.36273804e+02, 7.42234111e-01, 9.60040222e+02, 6.74585022e+02,
       7.35595107e-01, 1.08656030e+03, 6.74491455e+02, 7.13586271e-01,
       8.59998291e+02, 4.71388214e+02, 6.11520648e-01, 1.01294220e+03,
       4.39104889e+02, 7.76802599e-01, 1.13940906e+03, 4.12545258e+02,
       7.76776016e-01, 1.09546008e+03, 5.68504578e+02, 5.83522618e-01,
       1.08650427e+03, 6.21415649e+02, 5.96412301e-01, 1.32200586e+03,
       6.18497742e+02, 4.76799309e-01, 1.55743347e+03, 6.30323364e+02,
       5.92516899e-01, 1.10425330e+03, 5.06841736e+02, 5.60180068e-01,
       1.30730920e+03, 4.68506012e+02, 4.63350534e-01, 1.51619922e+03,
       4.80304871e+02, 3.71543825e-01, 7.03906128e+02, 5.30227234e+02,
       7.40466058e-01, 7.00954651e+02, 5.00798370e+02, 6.74307168e-01,
       7.21699219e+02, 5.59744873e+02, 5.98022819e-01, 7.36290222e+02,
       4.83090576e+02, 3.00333321e-01, 1.63110889e+03, 4.30131653e+02,
       9.40926969e-02, 1.63102454e+03, 4.27284668e+02, 1.03813469e-01,
       1.53389600e+03, 4.89104309e+02, 2.08314121e-01, 1.63400854e+03,
       6.06804626e+02, 6.07908905e-01, 1.62224402e+03, 6.21575256e+02,
       4.94236082e-01, 1.57221082e+03, 6.45065491e+02, 2.99262047e-01 ]
