%YAML:1.0
---
pose_0: !!opencv-matrix
   rows: 1
   cols: 25
   dt: "3f"
   data: [ 7.15781555e+02, 5.30163391e+02, 8.76244128e-01,
       8.24644409e+02, 5.21440308e+02, 6.65209293e-01, 8.30456848e+02,
       5.71485901e+02, 5.51543117e-01, 9.54130249e+02, 6.39189697e+02,
       7.97915220e-01, 8.06967957e+02, 5.80350891e+02, 7.99153090e-01,
       8.12955078e+02, 4.59649841e+02, 6.12737119e-01, 9.04067139e+02,
       3.86017212e+02, 3.31242442e-01, 9.57090698e+02, 3.62587189e+02,
       7.01015055e-01, 1.12188416e+03, 5.42034668e+02, 5.51726460e-01,
       1.11594250e+03, 5.94986450e+02, 5.79701960e-01, 1.28964868e+03,
       6.45009399e+02, 2.56666929e-01, 1.59281653e+03, 6.00903259e+02,
       3.15458328e-01, 1.12486865e+03, 4.80201935e+02, 5.34175754e-01,
       1.35137878e+03, 5.39151978e+02, 5.81818402e-01, 1.66933386e+03,
       5.06723358e+02, 4.39242929e-01, 7.00953796e+02, 5.42089478e+02,
       7.51763761e-01, 7.06863953e+02, 5.06792480e+02, 7.81744003e-01,
       7.15608215e+02, 5.62651428e+02, 1.68539211e-01, 7.24565186e+02,
       4.80365692e+02, 5.19183397e-01, 1.76938342e+03, 4.65577942e+02,
       1.70335054e-01, 1.76058630e+03, 4.65515778e+02, 1.78063408e-01,
       1.68697632e+03, 4.92047302e+02, 1.07269540e-01, 1.77527905e+03,
       5.92104919e+02, 5.42254299e-02, 0., 0., 0., 1.70167566e+03,
       6.00968811e+02, 1.78313404e-01 ]
