%YAML:1.0
---
pose_0: !!opencv-matrix
   rows: 1
   cols: 25
   dt: "3f"
   data: [ 6.21535767e+02, 5.03788971e+02, 8.16041231e-01,
       7.30406799e+02, 5.83231262e+02, 4.36745882e-01, 7.56858948e+02,
       6.74481140e+02, 5.44232488e-01, 8.86464661e+02, 7.24543274e+02,
       7.59541988e-01, 1.04524609e+03, 7.68804749e+02, 8.37578118e-01,
       7.03958740e+02, 5.12629883e+02, 4.04067636e-01, 8.04017090e+02,
       4.83121765e+02, 1.35490507e-01, 0., 0., 0., 1.06893762e+03,
       5.74386658e+02, 5.54579973e-01, 1.05713757e+03, 6.24572205e+02,
       5.18987417e-01, 1.32489783e+03, 6.45017822e+02, 6.48171663e-01,
       1.63402380e+03, 6.53885437e+02, 6.38002396e-01, 1.07769543e+03,
       5.09675293e+02, 5.02472878e-01, 1.32496838e+03, 5.03711304e+02,
       5.49466848e-01, 1.62226611e+03, 4.89138733e+02, 5.42455733e-01,
       5.98007874e+02, 5.21415894e+02, 8.11348557e-01, 6.09752869e+02,
       4.89082855e+02, 4.95218366e-01, 6.09755310e+02, 5.53973633e+02,
       6.74285293e-01, 0., 0., 0., 1.71049158e+03, 4.65545685e+02,
       3.10843676e-01, 1.70469189e+03, 4.59745544e+02, 3.06870073e-01,
       1.63993005e+03, 4.89118286e+02, 2.53696084e-01, 1.74878455e+03,
       6.42096252e+02, 4.40498948e-01, 1.74287988e+03, 6.48070068e+02,
       3.51320148e-01, 1.64872815e+03, 6.42134460e+02, 3.31144363e-01 ]
