%YAML:1.0
---
pose_0: !!opencv-matrix
   rows: 1
   cols: 25
   dt: "3f"
   data: [ 6.95166077e+02, 5.53845093e+02, 9.01450872e-01,
       8.21626892e+02, 5.59782349e+02, 6.68711603e-01, 8.27584717e+02,
       6.33288696e+02, 6.71171844e-01, 9.48261169e+02, 6.68713196e+02,
       6.93707705e-01, 1.04536426e+03, 7.15630615e+02, 7.82545447e-01,
       8.12938782e+02, 4.86145752e+02, 5.94127595e-01, 9.95260254e+02,
       4.39063477e+02, 7.57917941e-01, 1.13947754e+03, 4.12446808e+02,
       8.56257319e-01, 1.11602209e+03, 5.86245117e+02, 5.42593479e-01,
       1.10424927e+03, 6.30380371e+02, 4.71764237e-01, 1.31024548e+03,
       6.27422668e+02, 2.69594342e-01, 0., 0., 0., 1.12777869e+03,
       5.44967285e+02, 4.86164689e-01, 1.36911743e+03, 6.33326233e+02,
       4.91724849e-01, 1.56331445e+03, 6.71512024e+02, 5.82429051e-01,
       6.83325134e+02, 5.68550354e+02, 7.94284999e-01, 6.89257507e+02,
       5.33228821e+02, 8.51053357e-01, 6.95125000e+02, 5.83239990e+02,
       3.22980374e-01, 7.15566895e+02, 5.06849121e+02, 7.01018393e-01,
       1.63397278e+03, 6.33264709e+02, 4.03686941e-01, 1.63391589e+03,
       6.33255493e+02, 4.05698866e-01, 1.58696289e+03, 6.95071106e+02,
       2.35568061e-01, 0., 0., 0., 0., 0., 0., 0., 0., 0. ]
