%YAML:1.0
---
pose_0: !!opencv-matrix
   rows: 1
   cols: 25
   dt: "3f"
   data: [ 7.83389404e+02, 4.56604431e+02, 7.05659449e-01,
       8.80405640e+02, 4.33164276e+02, 8.10214400e-01, 8.77617737e+02,
       4.83145660e+02, 7.42773056e-01, 8.71712952e+02, 5.50997559e+02,
       7.94028163e-01, 7.48147217e+02, 5.21500610e+02, 8.27921152e-01,
       8.77563599e+02, 3.83161560e+02, 6.42813802e-01, 8.80514282e+02,
       3.56654144e+02, 7.80523777e-01, 7.42317749e+02, 4.27253998e+02,
       7.17243850e-01, 1.12193481e+03, 4.59739899e+02, 5.77398121e-01,
       1.11901721e+03, 5.06765625e+02, 6.29060090e-01, 1.31322095e+03,
       5.03619690e+02, 7.40271389e-01, 1.55450391e+03, 5.09733276e+02,
       6.35307312e-01, 1.13066406e+03, 4.12487213e+02, 5.91081858e-01,
       1.34844141e+03, 4.15501892e+02, 6.39989197e-01, 1.56035571e+03,
       4.27292755e+02, 6.51306510e-01, 7.65868530e+02, 4.59787598e+02,
       6.54335976e-01, 7.68651062e+02, 4.39142151e+02, 6.22946024e-01,
       7.86466248e+02, 4.80263550e+02, 1.29379049e-01, 7.83429932e+02,
       4.30248016e+02, 2.98509657e-01, 1.61633667e+03, 3.92002289e+02,
       5.26264548e-01, 1.61046240e+03, 3.89116394e+02, 6.03824198e-01,
       1.58097058e+03, 4.36179565e+02, 4.98169839e-01, 1.62514771e+03,
       4.97901978e+02, 5.62555909e-01, 1.61336353e+03, 5.09678955e+02,
       5.37891865e-01, 1.57223962e+03, 5.18517761e+02, 2.56257981e-01 ]
