%YAML:1.0
---
pose_0: !!opencv-matrix
   rows: 1
   cols: 25
   dt: "3f"
   data: [ 6.95067505e+02, 4.56748352e+02, 8.74418497e-01,
       7.95203552e+02, 4.33053589e+02, 6.86148763e-01, 7.83428406e+02,
       5.00868835e+02, 5.92452645e-01, 8.86430115e+02, 5.39076294e+02,
       3.88678849e-01, 1.02179425e+03, 5.56875122e+02, 7.23240435e-01,
       8.09984863e+02, 3.59514313e+02, 6.33710563e-01, 9.54129517e+02,
       3.41862976e+02, 7.79197991e-01, 1.11597253e+03, 3.38881378e+02,
       7.42335737e-01, 1.09540161e+03, 4.62555115e+02, 5.37487447e-01,
       1.08948108e+03, 5.09677216e+02, 5.20070970e-01, 1.31617737e+03,
       5.98083496e+02, 6.59748673e-01, 1.49864075e+03, 5.06734863e+02,
       4.37781364e-01, 1.10423901e+03, 4.09617706e+02, 4.38106954e-01,
       1.35148535e+03, 4.27314362e+02, 5.52924216e-01, 1.59866650e+03,
       4.21357941e+02, 4.00047749e-01, 6.74588318e+02, 4.68482880e+02,
       7.51290500e-01, 6.80400146e+02, 4.33209412e+02, 8.28896761e-01,
       6.98115723e+02, 4.83257263e+02, 1.12588644e-01, 7.01058716e+02,
       3.91939148e+02, 6.23393238e-01, 1.68096167e+03, 4.56661011e+02,
       8.95192698e-02, 1.67224463e+03, 4.33157745e+02, 9.41531062e-02,
       1.64576721e+03, 4.12561584e+02, 2.09194139e-01, 1.53987231e+03,
       5.50871155e+02, 5.29826507e-02, 0., 0., 0., 1.52807971e+03,
       4.89088562e+02, 2.24573046e-01 ]
