%YAML:1.0
---
pose_0: !!opencv-matrix
   rows: 1
   cols: 25
   dt: "3f"
   data: [ 7.92195984e+02, 5.27336975e+02, 7.20549583e-01,
       8.62836670e+02, 6.00842102e+02, 5.34945250e-01, 8.56929016e+02,
       6.24384216e+02, 6.80408180e-01, 9.33475220e+02, 4.77298676e+02,
       5.92658401e-01, 9.68853088e+02, 3.36077301e+02, 7.93599308e-01,
       8.83469238e+02, 5.65647034e+02, 3.03977907e-01, 9.30501892e+02,
       4.94934967e+02, 3.02253276e-01, 0., 0., 0., 1.14836243e+03,
       5.53824707e+02, 5.44690192e-01, 1.15427966e+03, 6.01008118e+02,
       5.17622828e-01, 1.35736670e+03, 6.42038818e+02, 6.61297381e-01,
       1.56042163e+03, 7.18568237e+02, 6.43369198e-01, 1.14240759e+03,
       5.03719543e+02, 5.86251259e-01, 1.28386475e+03, 4.12665344e+02,
       7.76171625e-01, 1.48093335e+03, 4.74328461e+02, 6.46675289e-01,
       7.71615417e+02, 5.33272705e+02, 6.68551385e-01, 7.77466980e+02,
       5.18489746e+02, 2.17770249e-01, 7.83426697e+02, 5.80385620e+02,
       3.54812473e-01, 0., 0., 0., 1.56043713e+03, 4.33084808e+02,
       2.15583503e-01, 1.55744202e+03, 4.33084961e+02, 2.24446803e-01,
       1.50745032e+03, 4.86098633e+02, 3.33680451e-01, 1.61343201e+03,
       6.92120056e+02, 3.93174291e-01, 1.60748230e+03, 7.06872009e+02,
       3.43641520e-01, 1.58105835e+03, 7.36253723e+02, 3.97508740e-01 ]
