%YAML:1.0
---
pose_0: !!opencv-matrix
   rows: 1
   cols: 25
   dt: "3f"
   data: [ 6.71470276e+02, 3.86127350e+02, 8.85727882e-01,
       7.42328308e+02, 4.36053223e+02, 7.26405442e-01, 7.21636841e+02,
       5.00793579e+02, 5.45802414e-01, 8.12866333e+02, 5.89170044e+02,
       5.92854559e-01, 9.30503784e+02, 6.45095032e+02, 7.91786909e-01,
       7.71614441e+02, 3.80140106e+02, 5.90056360e-01, 9.77687134e+02,
       3.18387726e+02, 8.49494815e-01, 9.21725952e+02, 3.65555573e+02,
       6.61266625e-01, 1.08657825e+03, 4.44919983e+02, 5.15781224e-01,
       1.07769800e+03, 5.03685577e+02, 5.03925681e-01, 1.31611523e+03,
       5.39079285e+02, 6.41511798e-01, 1.63103943e+03, 5.53839417e+02,
       4.83864844e-01, 1.09241162e+03, 3.86012329e+02, 5.01885176e-01,
       1.28963208e+03, 3.09550934e+02, 2.79615104e-01, 1.39849219e+03,
       2.71170105e+02, 4.42028552e-01, 6.47964600e+02, 3.97857788e+02,
       8.18622530e-01, 6.62724182e+02, 3.65569061e+02, 7.90911376e-01,
       6.56869507e+02, 4.36097626e+02, 7.24595487e-01, 6.92163879e+02,
       3.59472595e+02, 8.91464800e-02, 1.52801111e+03, 2.44839020e+02,
       2.45927066e-01, 1.52507178e+03, 2.38886612e+02, 2.46344760e-01,
       1.39858765e+03, 2.47736267e+02, 1.52208000e-01, 1.73108289e+03,
       5.77370178e+02, 1.61477864e-01, 0., 0., 0., 1.64583508e+03,
       5.50804443e+02, 3.10419172e-01 ]
