%YAML:1.0
---
pose_0: !!opencv-matrix
   rows: 1
   cols: 25
   dt: "3f"
   data: [ 6.65662476e+02, 5.21430054e+02, 3.74468237e-01,
       7.36282104e+02, 4.44964661e+02, 4.13977057e-01, 7.33348145e+02,
       4.86133636e+02, 1.84667826e-01, 0., 0., 0., 0., 0., 0.,
       7.42307495e+02, 4.18488007e+02, 5.14796853e-01, 9.04130310e+02,
       3.74320251e+02, 3.82543266e-01, 1.09544617e+03, 3.85953857e+02,
       7.14477956e-01, 1.05712146e+03, 4.59635559e+02, 1.23457313e-01,
       1.06007642e+03, 4.50818665e+02, 9.40939486e-02, 1.36324829e+03,
       4.74371979e+02, 1.19332075e-01, 1.56040088e+03, 4.21424255e+02,
       2.74460286e-01, 0., 0., 0., 0., 0., 0., 0., 0., 0.,
       6.50934814e+02, 5.12619812e+02, 1.21432647e-01, 6.53882324e+02,
       5.06666016e+02, 3.57979983e-01, 0., 0., 0., 6.62720154e+02,
       4.56743744e+02, 3.82637084e-01, 0., 0., 0., 0., 0., 0., 0., 0.,
       0., 0., 0., 0., 0., 0., 0., 1.57221411e+03, 3.86076721e+02,
       9.47311446e-02 ]
