%YAML:1.0
---
pose_0: !!opencv-matrix
   rows: 1
   cols: 25
   dt: "3f"
   data: [ 7.18775024e+02, 5.27306274e+02, 7.83995867e-01,
       8.06919189e+02, 4.59623566e+02, 4.53061372e-01, 7.98087341e+02,
       4.50818970e+02, 3.04754794e-01, 9.33471191e+02, 5.47879456e+02,
       3.41439247e-01, 8.59990601e+02, 5.94947937e+02, 4.32816118e-01,
       8.12841248e+02, 4.65553894e+02, 5.22178948e-01, 9.30682068e+02,
       5.53741455e+02, 6.07229531e-01, 8.56949585e+02, 5.98056030e+02,
       5.77436507e-01, 1.14251270e+03, 4.36158630e+02, 3.78672093e-01,
       1.13659021e+03, 4.41986816e+02, 2.21004561e-01, 1.34549780e+03,
       4.91986572e+02, 5.37213504e-01, 1.58103833e+03, 3.94871948e+02,
       4.79372025e-01, 1.14840735e+03, 4.27249329e+02, 3.47388625e-01,
       1.34266504e+03, 5.06715454e+02, 5.07611930e-01, 1.63406311e+03,
       4.12565582e+02, 3.95793378e-01, 7.12809021e+02, 5.27424500e+02,
       9.79233608e-02, 7.15709839e+02, 5.06707642e+02, 7.78935254e-01,
       0., 0., 0., 7.24610046e+02, 4.65523956e+02, 5.81593871e-01,
       1.69579114e+03, 3.65520752e+02, 1.96582928e-01, 1.68996143e+03,
       3.65550110e+02, 1.89122885e-01, 1.67520129e+03, 4.09562469e+02,
       2.18819425e-01, 1.68403052e+03, 3.68446594e+02, 2.26863936e-01,
       1.68115283e+03, 3.77241730e+02, 1.52128264e-01, 1.59867224e+03,
       3.62536621e+02, 3.01210463e-01 ]
