%YAML:1.0
---
pose_0: !!opencv-matrix
   rows: 1
   cols: 25
   dt: "3f"
   data: [ 6.45074097e+02, 4.12625763e+02, 8.69337440e-01,
       7.89312500e+02, 4.09572723e+02, 6.06662750e-01, 8.15820068e+02,
       5.03798126e+02, 5.49481153e-01, 9.80625183e+02, 5.24393555e+02,
       6.46533847e-01, 1.14538281e+03, 5.71433289e+02, 8.19987297e-01,
       7.92269226e+02, 3.06603485e+02, 6.03775084e-01, 9.74785095e+02,
       2.47878433e+02, 7.88846314e-01, 1.12197632e+03, 2.00650620e+02,
       8.15529048e-01, 1.13951038e+03, 3.65511505e+02, 4.82505709e-01,
       1.13363867e+03, 4.18481781e+02, 4.81248289e-01, 1.32798022e+03,
       4.12686981e+02, 6.66401505e-01, 1.63696460e+03, 3.59564697e+02,
       4.97185528e-01, 1.13659485e+03, 3.06622955e+02, 4.74583685e-01,
       1.37505664e+03, 2.68417450e+02, 6.22205555e-01, 1.55456213e+03,
       3.97834198e+02, 2.10183874e-01, 6.33279114e+02, 4.33124054e+02,
       7.99206614e-01, 6.30314819e+02, 3.92009216e+02, 7.71414936e-01,
       6.50907288e+02, 4.56656067e+02, 2.90945828e-01, 6.53891235e+02,
       3.68392975e+02, 4.92871732e-01, 0., 0., 0., 0., 0., 0.,
       1.58398840e+03, 4.33145447e+02, 1.88865483e-01, 1.76646277e+03,
       3.24219421e+02, 2.59714693e-01, 1.75472766e+03, 3.38929504e+02,
       2.23175481e-01, 1.65762195e+03, 3.44859161e+02, 2.66376257e-01 ]
