%YAML:1.0
---
pose_0: !!opencv-matrix
   rows: 1
   cols: 25
   dt: "3f"
   data: [ 7.33409546e+02, 4.44937347e+02, 7.65710592e-01,
       8.36319885e+02, 4.83114166e+02, 8.01701069e-01, 8.15796387e+02,
       5.50840393e+02, 7.71742642e-01, 9.39424988e+02, 6.03851929e+02,
       8.06339085e-01, 1.02778247e+03, 5.30205688e+02, 8.43538940e-01,
       8.57060547e+02, 4.12622772e+02, 5.66431224e-01, 9.80591980e+02,
       4.18490082e+02, 2.72542030e-01, 1.08065015e+03, 4.27276062e+02,
       3.87390763e-01, 1.09835791e+03, 5.18488586e+02, 5.32243490e-01,
       1.09246985e+03, 5.68491150e+02, 5.28302491e-01, 1.30427454e+03,
       5.50888367e+02, 7.14904666e-01, 1.50156396e+03, 6.24419495e+02,
       5.62699199e-01, 1.11009229e+03, 4.65491486e+02, 5.36923707e-01,
       1.33094495e+03, 4.56737793e+02, 7.57253766e-01, 1.53983252e+03,
       4.86091644e+02, 6.51370168e-01, 7.15752869e+02, 4.62682678e+02,
       7.95632184e-01, 7.18559814e+02, 4.33255157e+02, 7.25569129e-01,
       7.33396790e+02, 5.03731354e+02, 6.51878297e-01, 7.42172424e+02,
       4.21399109e+02, 1.38631091e-01, 1.61636914e+03, 4.33094147e+02,
       5.12351215e-01, 1.61041492e+03, 4.33096039e+02, 5.25327027e-01,
       1.56041089e+03, 5.00861511e+02, 3.46997112e-01, 1.61046985e+03,
       5.77351868e+02, 6.05540276e-01, 1.60452771e+03, 5.89150635e+02,
       4.31377769e-01, 1.53686707e+03, 6.45116028e+02, 3.27514857e-01 ]
