%YAML:1.0
---
pose_0: !!opencv-matrix
   rows: 1
   cols: 25
   dt: "3f"
   data: [ 7.68720886e+02, 3.89088257e+02, 4.96495217e-01,
       8.33384888e+02, 4.53753204e+02, 5.95224202e-01, 8.33481262e+02,
       4.83222565e+02, 7.62203515e-01, 9.30700684e+02, 5.56820068e+02,
       8.36844862e-01, 9.89397034e+02, 4.83300995e+02, 6.78506196e-01,
       8.24607849e+02, 4.12615173e+02, 3.71928245e-01, 9.74785095e+02,
       3.86154633e+02, 1.25212610e-01, 9.71738770e+02, 3.88976868e+02,
       8.93718824e-02, 1.10125427e+03, 4.65499878e+02, 4.21915561e-01,
       1.07481250e+03, 5.00859863e+02, 3.41593981e-01, 1.30725745e+03,
       4.18480927e+02, 8.14459801e-01, 1.51629175e+03, 5.89101868e+02,
       5.60441613e-01, 1.11597498e+03, 4.33165344e+02, 3.49126816e-01,
       1.33085034e+03, 4.09651154e+02, 4.83895838e-01, 1.53094751e+03,
       4.77302795e+02, 5.58255196e-01, 7.51045532e+02, 4.00813202e+02,
       3.41525197e-01, 7.51061646e+02, 3.86142059e+02, 9.12499130e-02,
       7.65842529e+02, 4.30199677e+02, 4.20518458e-01, 0., 0., 0.,
       1.58989429e+03, 4.33190125e+02, 4.54166889e-01, 1.58689893e+03,
       4.33085205e+02, 4.96970773e-01, 1.54274866e+03, 5.06679413e+02,
       3.26354742e-01, 1.60164233e+03, 5.45001282e+02, 2.15035275e-01,
       1.58394861e+03, 5.71488770e+02, 1.84969515e-01, 1.53685999e+03,
       6.18514587e+02, 4.42233235e-01 ]
