%YAML:1.0
---
pose_0: !!opencv-matrix
   rows: 1
   cols: 25
   dt: "3f"
   data: [ 6.50919189e+02, 4.59623962e+02, 8.49921048e-01,
       7.65667419e+02, 4.47858368e+02, 6.29599810e-01, 7.65801941e+02,
       5.18540894e+02, 4.11623359e-01, 8.65819885e+02, 5.68531982e+02,
       6.72739074e-02, 0., 0., 0., 7.65861755e+02, 3.65464020e+02,
       6.83522224e-01, 8.77643188e+02, 2.94912964e+02, 7.91997313e-01,
       9.71719177e+02, 2.24234192e+02, 8.08752298e-01, 1.09533423e+03,
       4.44912750e+02, 4.96411264e-01, 1.08945825e+03, 4.97867920e+02,
       4.81134474e-01, 1.30729041e+03, 4.56742157e+02, 5.53725719e-01,
       1.58691980e+03, 4.12525452e+02, 2.69845933e-01, 1.09543860e+03,
       3.86133575e+02, 4.84756559e-01, 1.33381970e+03, 4.30210083e+02,
       2.88101733e-01, 1.60162720e+03, 5.06848877e+02, 2.47092977e-01,
       6.39209045e+02, 4.80283813e+02, 8.02508593e-01, 6.39144836e+02,
       4.36227417e+02, 8.12615812e-01, 6.62722168e+02, 4.97924255e+02,
       1.75175205e-01, 6.62734375e+02, 4.09553253e+02, 5.43677866e-01,
       1.68998120e+03, 5.24422058e+02, 2.47474521e-01, 0., 0., 0.,
       1.60458765e+03, 5.15531555e+02, 1.59852326e-01, 0., 0., 0., 0.,
       0., 0., 1.61340869e+03, 4.03694519e+02, 1.63687021e-01 ]
