%YAML:1.0
---
pose_0: !!opencv-matrix
   rows: 1
   cols: 25
   dt: "3f"
   data: [ 7.42338318e+02, 4.97843994e+02, 8.16553116e-01,
       8.54062744e+02, 5.00850189e+02, 7.15150714e-01, 8.56908752e+02,
       5.68512878e+02, 6.49716914e-01, 9.98266663e+02, 6.03889221e+02,
       7.21047282e-01, 1.11608215e+03, 6.65638184e+02, 7.62750149e-01,
       8.56916565e+02, 4.18499146e+02, 6.07888460e-01, 1.00420514e+03,
       3.88948578e+02, 7.97073066e-01, 1.14237769e+03, 3.59501770e+02,
       8.40738535e-01, 1.12195032e+03, 5.03799957e+02, 5.88331342e-01,
       1.12189575e+03, 5.53753479e+02, 6.11650646e-01, 1.33094031e+03,
       6.21504883e+02, 7.87129343e-01, 1.54574927e+03, 6.71566772e+02,
       5.88198960e-01, 1.12485193e+03, 4.50825439e+02, 5.29995561e-01,
       1.33382373e+03, 4.56753845e+02, 7.14936018e-01, 1.55745740e+03,
       4.68493805e+02, 5.37644506e-01, 7.33331665e+02, 5.06844482e+02,
       8.21650028e-01, 7.36249512e+02, 4.80102203e+02, 8.36984396e-01,
       7.45161926e+02, 5.30343811e+02, 4.68331784e-01, 7.56944702e+02,
       4.47908691e+02, 6.04731321e-01, 1.63392554e+03, 4.44921356e+02,
       2.33447924e-01, 1.63103784e+03, 4.41968628e+02, 2.25720316e-01,
       1.58690125e+03, 4.83181183e+02, 2.03424990e-01, 1.61640454e+03,
       6.50963196e+02, 4.82432097e-01, 1.61055432e+03, 6.65668213e+02,
       3.93405378e-01, 1.57806128e+03, 6.83327820e+02, 2.62913436e-01 ]
