%YAML:1.0
---
pose_0: !!opencv-matrix
   rows: 1
   cols: 25
   dt: "3f"
   data: [ 7.42076538e+02, 5.03721771e+02, 8.96164417e-01,
       8.59834045e+02, 5.27242249e+02, 7.88505197e-01, 8.53957214e+02,
       5.97895203e+02, 7.25643396e-01, 9.57004456e+02, 6.44972107e+02,
       8.12179863e-01, 1.06879797e+03, 7.09776245e+02, 8.27635467e-01,
       8.74654297e+02, 4.56598389e+02, 6.63332582e-01, 1.00710181e+03,
       4.36151031e+02, 5.00712037e-01, 1.10124646e+03, 4.03754700e+02,
       3.56156349e-01, 1.11896655e+03, 5.27292786e+02, 5.97050071e-01,
       1.11602881e+03, 5.74295898e+02, 5.85644186e-01, 1.32487207e+03,
       5.62660156e+02, 7.24050403e-01, 1.54570691e+03, 5.59706177e+02,
       6.30352557e-01, 1.11897180e+03, 4.77286102e+02, 5.80154479e-01,
       1.32788367e+03, 4.59730865e+02, 7.34705687e-01, 1.56046497e+03,
       4.50761566e+02, 6.06393337e-01, 7.21667969e+02, 5.12634827e+02,
       8.32672536e-01, 7.36260559e+02, 4.83112091e+02, 8.80823553e-01,
       7.39231750e+02, 5.45030884e+02, 6.71888232e-01, 7.59905396e+02,
       4.59773712e+02, 6.29428566e-01, 1.64575806e+03, 4.21382507e+02,
       2.42740080e-01, 1.63698755e+03, 4.18414642e+02, 2.71248311e-01,
       1.58103552e+03, 4.47873566e+02, 2.50619560e-01, 1.61037402e+03,
       5.95070618e+02, 4.12694782e-01, 1.59579150e+03, 5.97936890e+02,
       3.60964060e-01, 1.57806982e+03, 5.45023743e+02, 4.38779265e-01 ]
