%YAML:1.0
---
pose_0: !!opencv-matrix
   rows: 1
   cols: 25
   dt: "3f"
   data: [ 7.56891541e+02, 4.30251587e+02, 8.13769281e-01,
       8.36502563e+02, 4.15443359e+02, 7.18816578e-01, 8.45201721e+02,
       4.56684814e+02, 6.60212040e-01, 9.01177856e+02, 5.27305054e+02,
       8.24899852e-01, 7.62825745e+02, 5.03690247e+02, 8.48131180e-01,
       8.33377014e+02, 3.74245575e+02, 5.45779824e-01, 9.07086914e+02,
       3.18422821e+02, 7.57744968e-01, 7.62773804e+02, 3.74286041e+02,
       6.76788568e-01, 1.11605957e+03, 4.50795288e+02, 5.69331408e-01,
       1.11592847e+03, 4.94969147e+02, 6.00458205e-01, 1.32495105e+03,
       4.97949341e+02, 7.12741971e-01, 1.54572791e+03, 5.09691681e+02,
       6.14835680e-01, 1.11897681e+03, 3.92041687e+02, 6.16317868e-01,
       1.32493616e+03, 4.12515381e+02, 7.24611998e-01, 1.56042773e+03,
       4.27257599e+02, 5.61685205e-01, 7.42173096e+02, 4.39034515e+02,
       7.98761427e-01, 7.42234253e+02, 4.12460052e+02, 8.46052527e-01,
       7.59848511e+02, 4.59739990e+02, 2.69037515e-01, 7.59913025e+02,
       3.86127197e+02, 6.50086462e-01, 1.63691089e+03, 4.00808441e+02,
       4.00920063e-01, 1.63108435e+03, 3.94933594e+02, 4.36920315e-01,
       1.57516504e+03, 4.39061279e+02, 3.51376891e-01, 1.61929980e+03,
       5.06742096e+02, 4.03401881e-01, 1.60754553e+03, 5.24349915e+02,
       3.44066888e-01, 1.57219788e+03, 5.03815552e+02, 2.80516297e-01 ]
