%YAML:1.0
---
pose_0: !!opencv-matrix
   rows: 1
   cols: 25
   dt: "3f"
   data: [ 6.48151001e+02, 4.53692291e+02, 8.24094772e-01,
       7.89231384e+02, 4.41952576e+02, 5.98831832e-01, 8.01097900e+02,
       5.21424255e+02, 3.72104943e-01, 9.77638489e+02, 5.59745117e+02,
       2.12833345e-01, 1.11600842e+03, 6.03937500e+02, 2.89437503e-01,
       7.89254700e+02, 3.44915375e+02, 6.24122679e-01, 9.54055359e+02,
       3.09557892e+02, 7.66583979e-01, 1.11013721e+03, 2.50775375e+02,
       7.74149537e-01, 1.11607312e+03, 4.12530640e+02, 5.40524840e-01,
       1.11009497e+03, 4.65531647e+02, 5.42678475e-01, 1.33081873e+03,
       4.56573578e+02, 7.04923749e-01, 1.65162671e+03, 4.33166504e+02,
       5.82853198e-01, 1.11887085e+03, 3.50786865e+02, 5.17598271e-01,
       1.36325110e+03, 3.44824036e+02, 5.02571464e-01, 1.52514722e+03,
       4.83228363e+02, 6.33984655e-02, 6.39136841e+02, 4.65489899e+02,
       7.99084723e-01, 6.42102295e+02, 4.33038513e+02, 8.02303672e-01,
       6.48089600e+02, 4.89142944e+02, 3.05936277e-01, 6.65689087e+02,
       4.03652710e+02, 4.82506484e-01, 0., 0., 0., 0., 0., 0., 0., 0.,
       0., 1.76352710e+03, 4.33173920e+02, 2.98873723e-01,
       1.75176147e+03, 4.41965729e+02, 2.96114057e-01, 1.67223914e+03,
       4.12642578e+02, 3.23748022e-01 ]
