%YAML:1.0
---
pose_0: !!opencv-matrix
   rows: 1
   cols: 25
   dt: "3f"
   data: [ 6.48028564e+02, 5.09632660e+02, 5.86978734e-01,
       7.77558350e+02, 4.41964142e+02, 5.65707684e-01, 8.09894958e+02,
       5.53789612e+02, 3.67647678e-01, 9.27655518e+02, 5.77427612e+02,
       9.41618830e-02, 0., 0., 0., 7.74569214e+02, 3.59553131e+02,
       5.84143937e-01, 9.07105896e+02, 2.65429108e+02, 7.87816048e-01,
       1.01891321e+03, 1.53484421e+02, 8.22179437e-01, 1.11298804e+03,
       5.09714325e+02, 5.38772643e-01, 1.08949390e+03, 5.74434753e+02,
       5.48874080e-01, 1.31318127e+03, 6.45101807e+02, 6.43312454e-01,
       1.64578857e+03, 6.92088013e+02, 6.15623116e-01, 1.13655396e+03,
       4.53678894e+02, 4.83652592e-01, 1.38381262e+03, 4.83201324e+02,
       6.37767851e-01, 1.63101318e+03, 4.68463348e+02, 5.60008168e-01,
       6.27436035e+02, 5.15544312e+02, 2.64596075e-01, 6.27516052e+02,
       4.94966064e+02, 5.48250854e-01, 0., 0., 0., 6.42150513e+02,
       4.56714935e+02, 5.02723455e-01, 1.71934338e+03, 4.12673828e+02,
       3.76256078e-01, 1.71345923e+03, 4.15486969e+02, 3.51637781e-01,
       1.64575769e+03, 4.80287720e+02, 2.91421115e-01, 1.70756750e+03,
       6.42074524e+02, 2.54180044e-01, 1.69875427e+03, 6.51001648e+02,
       1.76236242e-01, 1.66638000e+03, 6.95202820e+02, 3.27882588e-01 ]
