%YAML:1.0
---
pose_0: !!opencv-matrix
   rows: 1
   cols: 25
   dt: "3f"
   data: [ 6.74599365e+02, 5.00842194e+02, 8.14505100e-01,
       7.89212891e+02, 5.27368469e+02, 7.75492668e-01, 7.86304443e+02,
       5.98072510e+02, 7.06555188e-01, 9.01045044e+02, 6.74589600e+02,
       7.09929883e-01, 9.68860413e+02, 6.71716675e+02, 8.19278240e-01,
       7.89272949e+02, 4.59733337e+02, 6.24053597e-01, 9.51053833e+02,
       4.09683228e+02, 8.71001124e-01, 8.12762390e+02, 4.18478455e+02,
       8.12252522e-01, 1.06891394e+03, 5.24444153e+02, 5.20833910e-01,
       1.06884644e+03, 5.74438477e+02, 5.34575701e-01, 1.31022571e+03,
       5.74535339e+02, 7.27640033e-01, 1.58990112e+03, 6.03977112e+02,
       5.94132304e-01, 1.06597046e+03, 4.62598083e+02, 5.26691973e-01,
       1.30141931e+03, 4.53809906e+02, 5.98313570e-01, 1.53099670e+03,
       4.59612518e+02, 3.46004397e-01, 6.59801453e+02, 5.09641663e+02,
       7.48707592e-01, 6.68591431e+02, 4.80184509e+02, 8.51659298e-01,
       6.74529785e+02, 5.42020447e+02, 5.84630132e-01, 6.95031433e+02,
       4.59627289e+02, 5.86007535e-01, 1.62811792e+03, 4.56700439e+02,
       2.38469273e-01, 0., 0., 0., 1.54574023e+03, 4.53724396e+02,
       1.54287621e-01, 1.69580139e+03, 5.80286926e+02, 3.69209647e-01,
       1.68700574e+03, 5.97916443e+02, 3.16047549e-01, 1.61634595e+03,
       6.03846741e+02, 2.61535466e-01 ]
