%YAML:1.0
---
pose_0: !!opencv-matrix
   rows: 1
   cols: 25
   dt: "3f"
   data: [ 6.09733826e+02, 6.30315063e+02, 2.66522139e-01,
       7.36303162e+02, 5.45020630e+02, 1.84650853e-01, 7.48125122e+02,
       6.65722656e+02, 3.35820913e-01, 8.59994019e+02, 6.24579651e+02,
       6.63133681e-01, 6.77430298e+02, 5.33316040e+02, 6.05151832e-01,
       7.39245850e+02, 4.33098907e+02, 2.04916984e-01, 9.04100891e+02,
       3.41876953e+02, 6.84781432e-01, 7.65807617e+02, 2.94964203e+02,
       6.95012391e-01, 1.08363867e+03, 5.77369324e+02, 2.70910829e-01,
       1.08654248e+03, 6.65639648e+02, 1.87603131e-01, 1.35440002e+03,
       8.06882141e+02, 2.15952441e-01, 1.61635132e+03, 9.68842224e+02,
       7.35379010e-02, 1.11307227e+03, 5.12601990e+02, 2.26987928e-01,
       1.40147998e+03, 5.56836121e+02, 2.82044590e-01, 1.51928394e+03,
       5.65571106e+02, 1.71258405e-01, 5.77438171e+02, 6.36212585e+02,
       2.37460464e-01, 5.77334534e+02, 6.24405762e+02, 2.73032397e-01,
       0., 0., 0., 5.74321899e+02, 5.59775879e+02, 3.64996105e-01, 0.,
       0., 0., 0., 0., 0., 1.53396533e+03, 5.95086243e+02,
       1.09585039e-01, 0., 0., 0., 0., 0., 0., 1.63989075e+03,
       9.68808594e+02, 5.85674569e-02 ]
