%YAML:1.0
---
pose_0: !!opencv-matrix
   rows: 1
   cols: 25
   dt: "3f"
   data: [ 7.62841614e+02, 4.80111725e+02, 8.83503795e-01,
       8.92286743e+02, 4.65520416e+02, 6.78373814e-01, 9.04036255e+02,
       5.45003662e+02, 6.12132251e-01, 1.02778125e+03, 6.03947205e+02,
       7.79741466e-01, 9.21756836e+02, 5.56818665e+02, 7.87911654e-01,
       8.80462463e+02, 3.91942871e+02, 6.89933658e-01, 9.57107910e+02,
       3.33083588e+02, 7.46855795e-01, 1.04532813e+03, 3.35918457e+02,
       7.28232205e-01, 1.17776965e+03, 5.06717346e+02, 6.29332900e-01,
       1.16598169e+03, 5.53739868e+02, 6.37766659e-01, 1.33670984e+03,
       5.53849731e+02, 3.02397788e-01, 1.51336060e+03, 5.47872437e+02,
       4.88384247e-01, 1.18664233e+03, 4.56643188e+02, 6.19377971e-01,
       1.37786035e+03, 5.03870575e+02, 6.82201445e-01, 1.57518787e+03,
       4.56719696e+02, 5.94947100e-01, 7.45196045e+02, 4.92018066e+02,
       7.99563468e-01, 7.48126099e+02, 4.56821381e+02, 8.75865638e-01,
       7.65840576e+02, 5.09686157e+02, 2.72477567e-01, 7.71638855e+02,
       4.33141571e+02, 6.49187088e-01, 1.64279333e+03, 4.36102203e+02,
       2.52038360e-01, 1.63693799e+03, 4.36066925e+02, 3.11718255e-01,
       1.61043750e+03, 4.47900238e+02, 2.54583955e-01, 1.56931018e+03,
       5.62661133e+02, 2.32401684e-01, 0., 0., 0., 1.53688013e+03,
       5.33222290e+02, 2.90162116e-01 ]
