%YAML:1.0
---
pose_0: !!opencv-matrix
   rows: 1
   cols: 25
   dt: "3f"
   data: [ 7.89324097e+02, 5.21450378e+02, 8.08639079e-02,
       8.83451904e+02, 4.59728516e+02, 3.63158941e-01, 8.80569641e+02,
       4.86141479e+02, 2.29891181e-01, 1.03359119e+03, 4.80252350e+02,
       1.12953566e-01, 1.13358008e+03, 5.68579102e+02, 6.07158951e-02,
       9.04123474e+02, 4.47861786e+02, 3.42660457e-01, 1.03058582e+03,
       4.77238220e+02, 6.75541818e-01, 1.13663867e+03, 5.71384338e+02,
       7.07706690e-01, 1.15718860e+03, 4.12521118e+02, 4.09709215e-01,
       1.16307715e+03, 3.88960693e+02, 3.36076975e-01, 1.36911768e+03,
       4.94958038e+02, 6.26106560e-01, 1.56326025e+03, 3.89082367e+02,
       7.78590322e-01, 1.15133508e+03, 4.33180573e+02, 3.48378778e-01,
       1.36032605e+03, 5.30298584e+02, 7.53193617e-01, 1.61638245e+03,
       4.36027802e+02, 6.95815027e-01, 0., 0., 0., 7.89300964e+02,
       5.03724640e+02, 8.86983424e-02, 8.27587952e+02, 4.33172760e+02,
       9.84355882e-02, 8.06940186e+02, 4.68464478e+02, 1.50588021e-01,
       1.68105188e+03, 3.86040161e+02, 3.29816341e-01, 1.67807983e+03,
       3.88949066e+02, 3.14570248e-01, 1.62813574e+03, 4.27294861e+02,
       3.38743329e-01, 0., 0., 0., 0., 0., 0., 1.57807813e+03,
       3.77257751e+02, 4.87133801e-01 ]
