%YAML:1.0
---
pose_0: !!opencv-matrix
   rows: 1
   cols: 25
   dt: "3f"
   data: [ 6.83299988e+02, 4.12427521e+02, 8.74238074e-01,
       7.68744568e+02, 4.53752930e+02, 5.77451289e-01, 7.39239075e+02,
       4.92050659e+02, 4.14027214e-01, 6.42159912e+02, 4.74328613e+02,
       3.25846970e-01, 6.24613831e+02, 4.33168671e+02, 8.85775313e-02,
       8.09928894e+02, 3.92015991e+02, 4.34461027e-01, 9.80652222e+02,
       4.09633972e+02, 8.22525263e-01, 8.92352783e+02, 3.89081268e+02,
       8.22723925e-01, 1.09538904e+03, 4.80248352e+02, 5.22860050e-01,
       1.09833777e+03, 5.27362183e+02, 5.76727033e-01, 1.33079993e+03,
       5.30164001e+02, 5.90698898e-01, 1.61342480e+03, 5.53832031e+02,
       5.08400619e-01, 1.09537756e+03, 4.27282440e+02, 5.09572685e-01,
       1.36616174e+03, 4.15527161e+02, 3.97545010e-01, 1.57221216e+03,
       4.36147339e+02, 3.55792850e-01, 6.62761902e+02, 4.30123413e+02,
       8.04295957e-01, 6.71500366e+02, 3.94934692e+02, 7.38531947e-01,
       6.71699280e+02, 4.59658997e+02, 6.89650953e-01, 0., 0., 0.,
       1.64582642e+03, 4.12587280e+02, 3.39904070e-01, 1.64284583e+03,
       4.09668823e+02, 3.36321771e-01, 1.62512952e+03, 4.56703552e+02,
       1.90649688e-01, 1.71350061e+03, 5.50783997e+02, 4.50359881e-01,
       1.70467065e+03, 5.56848999e+02, 3.90525639e-01, 1.63989832e+03,
       5.59707153e+02, 2.37854287e-01 ]
