%YAML:1.0
---
pose_0: !!opencv-matrix
   rows: 1
   cols: 25
   dt: "3f"
   data: [ 6.01023132e+02, 6.42076538e+02, 8.53249431e-01,
       7.15643555e+02, 6.24541931e+02, 5.80724537e-01, 7.24534180e+02,
       6.92176758e+02, 2.91397303e-01, 9.10001526e+02, 7.86319214e+02,
       8.00989747e-01, 7.80445068e+02, 7.56906372e+02, 7.68751204e-01,
       7.12701660e+02, 5.56804199e+02, 5.64094961e-01, 8.86450928e+02,
       4.62544830e+02, 8.36442292e-01, 7.42323181e+02, 4.83153015e+02,
       8.58331919e-01, 1.08357532e+03, 5.89157837e+02, 4.85166460e-01,
       1.06897827e+03, 6.45100403e+02, 5.46009421e-01, 1.30743152e+03,
       7.27442200e+02, 7.37951517e-01, 1.58990491e+03, 7.86390320e+02,
       4.89315391e-01, 1.08067896e+03, 5.27380676e+02, 4.42894667e-01,
       1.35147070e+03, 5.09663849e+02, 4.60736632e-01, 1.62223950e+03,
       5.09781586e+02, 5.59980512e-01, 5.77446167e+02, 6.56899536e+02,
       8.24645340e-01, 5.92056396e+02, 6.15582947e+02, 8.24070275e-01,
       5.95049805e+02, 6.86263794e+02, 1.66543260e-01, 6.12682922e+02,
       5.77470581e+02, 5.41835606e-01, 1.70771204e+03, 4.89127258e+02,
       3.08041811e-01, 1.70758032e+03, 4.89063446e+02, 2.98447490e-01,
       1.63696423e+03, 5.06839294e+02, 2.19998673e-01, 1.65760400e+03,
       7.45203857e+02, 1.98208034e-01, 0., 0., 0., 1.62518457e+03,
       7.83432739e+02, 2.28633836e-01 ]
