%YAML:1.0
---
pose_0: !!opencv-matrix
   rows: 1
   cols: 25
   dt: "3f"
   data: [ 8.12754456e+02, 4.09686829e+02, 7.51295686e-01,
       9.03973816e+02, 4.89035889e+02, 4.76752222e-01, 8.95245728e+02,
       5.42046936e+02, 4.86158162e-01, 9.98288452e+02, 6.27372131e+02,
       8.21247995e-01, 9.98259827e+02, 4.80345612e+02, 8.27507019e-01,
       9.03982422e+02, 4.50838013e+02, 3.20531338e-01, 0., 0., 0., 0.,
       0., 0., 1.15718848e+03, 4.15474335e+02, 4.48122144e-01,
       1.16017432e+03, 4.62567047e+02, 4.88500148e-01, 1.37209583e+03,
       5.33257324e+02, 7.19725847e-01, 1.53974939e+03, 6.80353638e+02,
       6.13972664e-01, 1.14836816e+03, 3.62539978e+02, 4.53285336e-01,
       1.33379102e+03, 3.06613007e+02, 4.13111389e-01, 1.55747290e+03,
       2.97833435e+02, 2.68974662e-01, 7.89324890e+02, 4.27225403e+02,
       7.85297036e-01, 7.92281311e+02, 4.06628479e+02, 2.97182739e-01,
       8.04019409e+02, 4.77199402e+02, 6.44303560e-01, 0., 0., 0.,
       1.63688391e+03, 2.71339722e+02, 2.06770092e-01, 1.63393164e+03,
       2.71219879e+02, 2.12181360e-01, 1.58687915e+03, 3.00744934e+02,
       2.26846725e-01, 1.61348413e+03, 6.98111633e+02, 6.21427357e-01,
       1.59287524e+03, 7.15707092e+02, 5.95642090e-01, 1.54270959e+03,
       6.95101624e+02, 3.52970213e-01 ]
