%YAML:1.0
---
pose_0: !!opencv-matrix
   rows: 1
   cols: 25
   dt: "3f"
   data: [ 6.92068665e+02, 5.44955566e+02, 8.09960008e-01,
       8.18764160e+02, 5.33221802e+02, 6.49194419e-01, 8.36313049e+02,
       6.21397644e+02, 5.42750120e-01, 9.71740845e+02, 6.68515869e+02,
       7.85673738e-01, 8.56912842e+02, 6.42112427e+02, 6.56319141e-01,
       8.09804565e+02, 4.53716492e+02, 6.22366071e-01, 9.45231445e+02,
       3.88969513e+02, 7.29808509e-01, 1.04836401e+03, 4.00784241e+02,
       7.87700474e-01, 1.09249036e+03, 5.65563110e+02, 5.56333840e-01,
       1.08648438e+03, 6.18576172e+02, 5.85669875e-01, 1.30142383e+03,
       6.65707214e+02, 3.56226355e-01, 1.47506860e+03, 6.45009644e+02,
       5.28780483e-02, 1.09543140e+03, 5.03809540e+02, 5.41492999e-01,
       1.32495972e+03, 5.68489197e+02, 5.31707883e-01, 1.65757129e+03,
       5.42022949e+02, 5.55652618e-01, 6.71576355e+02, 5.56823364e+02,
       8.10365140e-01, 6.71674194e+02, 5.24354553e+02, 8.24507892e-01,
       6.92179016e+02, 5.80321655e+02, 2.45633572e-01, 6.95242126e+02,
       4.89046661e+02, 4.49599862e-01, 1.73704736e+03, 4.97930756e+02,
       1.95513159e-01, 1.73114539e+03, 5.00848450e+02, 2.03247905e-01,
       1.70759070e+03, 5.95021118e+02, 1.54069856e-01, 0., 0., 0., 0.,
       0., 0., 0., 0., 0. ]
