%YAML:1.0
---
pose_0: !!opencv-matrix
   rows: 1
   cols: 25
   dt: "3f"
   data: [ 6.97996277e+02, 4.39001984e+02, 8.22978437e-01,
       7.83377014e+02, 5.03788025e+02, 7.09432840e-01, 7.80508667e+02,
       5.80334045e+02, 5.60004830e-01, 8.62858643e+02, 6.27401550e+02,
       4.96113956e-01, 9.68809937e+02, 6.71537354e+02, 6.65377200e-01,
       7.80476868e+02, 4.30153748e+02, 6.69944644e-01, 9.54005127e+02,
       4.03744232e+02, 8.42622697e-01, 8.12929565e+02, 4.03719849e+02,
       8.10017407e-01, 1.07481116e+03, 5.12636780e+02, 4.95754123e-01,
       1.07476733e+03, 5.62673584e+02, 5.49676359e-01, 1.30137866e+03,
       5.80319885e+02, 7.15726912e-01, 1.57810815e+03, 6.15641235e+02,
       5.81794441e-01, 1.07182568e+03, 4.56670990e+02, 5.28849363e-01,
       1.33376917e+03, 4.44907318e+02, 6.05068088e-01, 1.55161975e+03,
       4.56618561e+02, 4.69642460e-01, 6.71693909e+02, 4.56646820e+02,
       8.57379079e-01, 6.83382751e+02, 4.33029572e+02, 7.31851995e-01,
       6.89179749e+02, 4.97896484e+02, 6.89852715e-01, 0., 0., 0.,
       1.63404883e+03, 4.39097076e+02, 5.38748026e-01, 1.63104590e+03,
       4.36112244e+02, 5.62355399e-01, 1.61929358e+03, 4.71359253e+02,
       2.24955916e-01, 1.68113428e+03, 5.68576721e+02, 5.19491971e-01,
       1.68110864e+03, 5.77404907e+02, 4.06287998e-01, 1.59286377e+03,
       6.21458252e+02, 2.80588090e-01 ]
