%YAML:1.0
---
pose_0: !!opencv-matrix
   rows: 1
   cols: 25
   dt: "3f"
   data: [ 7.21692505e+02, 4.80290955e+02, 7.88092136e-01,
       8.39332642e+02, 4.39138214e+02, 7.06211805e-01, 8.39367493e+02,
       5.30333130e+02, 6.75504327e-01, 9.74733276e+02, 5.77319885e+02,
       3.56607527e-01, 1.09540015e+03, 6.06838440e+02, 2.31203496e-01,
       8.42325134e+02, 3.59537354e+02, 6.37349129e-01, 1.01586865e+03,
       3.38941559e+02, 7.97475219e-01, 1.16312610e+03, 3.09485840e+02,
       8.08067560e-01, 1.13663440e+03, 4.89082794e+02, 5.92852414e-01,
       1.12184094e+03, 5.42082031e+02, 5.92631638e-01, 1.35446228e+03,
       5.89129639e+02, 6.13082349e-01, 1.51333630e+03, 5.98057312e+02,
       5.03340364e-01, 1.14543091e+03, 4.33213348e+02, 5.46918035e-01,
       1.36028467e+03, 4.56638519e+02, 6.50908351e-01, 1.59576013e+03,
       4.56591125e+02, 5.82416117e-01, 7.12771912e+02, 4.91990479e+02,
       5.03831267e-01, 7.09876404e+02, 4.59717743e+02, 7.55573988e-01,
       0., 0., 0., 7.18559570e+02, 4.24332428e+02, 6.16122246e-01,
       1.66935571e+03, 4.30214600e+02, 4.64786410e-01, 1.66341882e+03,
       4.27265350e+02, 4.91082788e-01, 1.62223181e+03, 4.71385895e+02,
       2.09987223e-01, 1.57223096e+03, 5.98005859e+02, 1.39415056e-01,
       1.55742798e+03, 6.12724121e+02, 9.50698107e-02, 1.56043970e+03,
       5.94966980e+02, 3.01870137e-01 ]
