%YAML:1.0
---
pose_0: !!opencv-matrix
   rows: 1
   cols: 25
   dt: "3f"
   data: [ 7.18619141e+02, 5.27396179e+02, 7.63046980e-01,
       8.30484741e+02, 4.56656372e+02, 5.32885313e-01, 8.12921631e+02,
       4.71398865e+02, 2.96046615e-01, 0., 0., 0., 0., 0., 0.,
       8.42237488e+02, 4.39027008e+02, 4.43074286e-01, 9.80608093e+02,
       4.33165466e+02, 1.66779384e-01, 1.13073608e+03, 4.30214050e+02,
       1.02413617e-01, 1.16010547e+03, 4.50809082e+02, 1.87375173e-01,
       1.13364709e+03, 5.12633606e+02, 9.96029451e-02, 0., 0., 0., 0.,
       0., 0., 1.16011670e+03, 4.33091553e+02, 2.92924374e-01,
       1.35446912e+03, 5.18490723e+02, 5.04797935e-01, 1.65751306e+03,
       4.12466827e+02, 3.72684121e-01, 0., 0., 0., 7.09767212e+02,
       5.06783234e+02, 7.54772961e-01, 0., 0., 0., 7.33321228e+02,
       4.59767548e+02, 5.88486493e-01, 1.70470911e+03, 3.59548279e+02,
       2.44180694e-01, 1.70766003e+03, 3.62411652e+02, 1.95137322e-01,
       1.69582727e+03, 4.09619385e+02, 1.53617173e-01, 0., 0., 0., 0.,
       0., 0., 0., 0., 0. ]
