%YAML:1.0
---
pose_0: !!opencv-matrix
   rows: 2
   cols: 25
   dt: "3f"
   data: [ 4.53682312e+02, 6.12718750e+02, 6.84295833e-01,
       5.68538147e+02, 5.83288940e+02, 3.40181917e-01, 5.24381775e+02,
       6.65708740e+02, 1.56055272e-01, 0., 0., 0., 0., 0., 0.,
       6.03955750e+02, 4.86098999e+02, 5.66787362e-01, 7.53939758e+02,
       5.24363464e+02, 5.91038167e-01, 5.74379089e+02, 7.24588684e+02,
       5.97096562e-01, 1.03654199e+03, 6.42088257e+02, 1.72526971e-01,
       1.02477893e+03, 7.12724365e+02, 1.64863437e-01, 0., 0., 0., 0.,
       0., 0., 1.04534521e+03, 5.89136780e+02, 2.58126646e-01,
       1.35141504e+03, 6.65652161e+02, 2.15845317e-01, 0., 0., 0.,
       4.24322968e+02, 6.30420776e+02, 6.73553050e-01, 4.30152344e+02,
       5.80316040e+02, 6.81744814e-01, 0., 0., 0., 4.56609222e+02,
       5.30264038e+02, 5.31484962e-01, 0., 0., 0., 0., 0., 0., 0., 0.,
       0., 0., 0., 0., 0., 0., 0., 0., 0., 0., 0., 0., 0., 0., 0., 0.,
       6.65673035e+02, 7.15641174e+02, 2.48876601e-01, 7.71605286e+02,
       8.24627991e+02, 6.41267300e-01, 6.56890076e+02, 8.65839783e+02,
       6.88208342e-01, 0., 0., 0., 0., 0., 0., 0., 0., 0., 0., 0., 0.,
       0., 0., 0., 0., 0., 0., 0., 0., 0., 0., 0., 0., 0., 0., 0., 0.,
       0., 0., 0., 0., 0., 0., 0., 0., 4.42037140e+02, 6.53892090e+02,
       7.49419481e-02, 0., 0., 0., 0., 0., 0., 0., 0., 0., 0., 0., 0.,
       0., 0., 0., 0., 0., 0., 0., 0., 0. ]
