%YAML:1.0
---
pose_0: !!opencv-matrix
   rows: 1
   cols: 25
   dt: "3f"
   data: [ 7.68747192e+02, 5.53766785e+02, 7.32089579e-01,
       8.80561340e+02, 5.24422058e+02, 6.26344800e-01, 9.15823425e+02,
       6.18612671e+02, 4.02158409e-01, 1.04830591e+03, 6.59777893e+02,
       2.12448135e-01, 1.14548145e+03, 7.18685974e+02, 1.47275254e-01,
       8.48186584e+02, 4.44935425e+02, 4.71633852e-01, 8.12778259e+02,
       3.38937744e+02, 5.24676859e-01, 7.01000488e+02, 3.15459198e+02,
       7.62215197e-01, 1.13954553e+03, 5.62671509e+02, 3.83579314e-01,
       1.13955750e+03, 6.09784119e+02, 4.29987162e-01, 1.35735925e+03,
       6.71588989e+02, 3.07710737e-01, 1.39853076e+03, 6.77459595e+02,
       8.66641328e-02, 1.13959192e+03, 5.09688843e+02, 3.11499029e-01,
       1.18367383e+03, 4.94975769e+02, 1.06734492e-01, 1.36619714e+03,
       4.77292145e+02, 3.09369028e-01, 7.62728577e+02, 5.53976135e+02,
       5.08684516e-01, 7.62871521e+02, 5.33279907e+02, 6.59034431e-01,
       7.86339111e+02, 5.71434143e+02, 7.23340660e-02, 7.74563538e+02,
       5.03824493e+02, 4.17711556e-01, 1.51618506e+03, 3.91959015e+02,
       2.48825565e-01, 1.51335181e+03, 3.88988373e+02, 2.37524882e-01,
       1.38384558e+03, 4.83220917e+02, 1.83873847e-01, 0., 0., 0., 0.,
       0., 0., 0., 0., 0. ]
