%YAML:1.0
---
pose_0: !!opencv-matrix
   rows: 1
   cols: 25
   dt: "3f"
   data: [ 7.86243591e+02, 5.06888245e+02, 8.28387797e-01,
       8.80421692e+02, 5.15586365e+02, 7.60264933e-01, 8.80499573e+02,
       5.92097778e+02, 6.17662430e-01, 9.15876953e+02, 6.83381958e+02,
       7.72204041e-01, 8.30385132e+02, 6.24532898e+02, 8.33796084e-01,
       8.83583008e+02, 4.44905609e+02, 6.49858356e-01, 9.12885742e+02,
       3.62615326e+02, 8.21224332e-01, 8.15735535e+02, 3.68508453e+02,
       7.97154367e-01, 1.11891492e+03, 5.27388733e+02, 6.31465912e-01,
       1.11591846e+03, 5.74355103e+02, 6.16389394e-01, 1.31613696e+03,
       6.12678589e+02, 6.61226034e-01, 1.51920325e+03, 6.47988953e+02,
       6.56115294e-01, 1.12194421e+03, 4.80144196e+02, 5.90152025e-01,
       1.31322192e+03, 4.77203949e+02, 7.27631330e-01, 1.54282007e+03,
       4.36007141e+02, 6.87298238e-01, 7.65706543e+02, 5.21481628e+02,
       7.80601501e-01, 7.68770630e+02, 4.86249603e+02, 7.66330540e-01,
       7.83415466e+02, 5.44997437e+02, 3.91520470e-01, 7.92254211e+02,
       4.62551117e+02, 5.63248754e-01, 1.61635547e+03, 4.41993469e+02,
       5.14274836e-01, 1.61346069e+03, 4.33125946e+02, 5.45611143e-01,
       1.56339893e+03, 4.18431976e+02, 2.70424664e-01, 1.58694434e+03,
       6.86278748e+02, 2.39462346e-01, 1.58398389e+03, 6.77449890e+02,
       2.94386178e-01, 1.55450818e+03, 6.39202942e+02, 3.07617962e-01 ]
