%YAML:1.0
---
pose_0: !!opencv-matrix
   rows: 1
   cols: 25
   dt: "3f"
   data: [ 6.44940613e+02, 4.74394501e+02, 7.66459465e-01,
       7.80454346e+02, 4.59554810e+02, 6.55858278e-01, 8.06919067e+02,
       5.74307556e+02, 5.56479216e-01, 9.51260864e+02, 6.21604614e+02,
       6.55365348e-01, 1.13069653e+03, 7.30451355e+02, 6.40863836e-01,
       7.80457336e+02, 3.65421722e+02, 6.51329756e-01, 9.36502258e+02,
       3.12410522e+02, 6.11371458e-01, 1.05415991e+03, 2.47746078e+02,
       6.58297420e-01, 1.09247473e+03, 4.83235504e+02, 5.73210418e-01,
       1.07193970e+03, 5.33313965e+02, 5.85191727e-01, 1.31033240e+03,
       6.42020081e+02, 6.52129471e-01, 1.53985461e+03, 6.44995178e+02,
       5.06411076e-01, 1.10715479e+03, 4.24277740e+02, 4.80735838e-01,
       1.35439807e+03, 4.53731812e+02, 5.60828209e-01, 1.62815173e+03,
       4.56771454e+02, 5.99496722e-01, 6.24411255e+02, 4.89105896e+02,
       7.89342165e-01, 6.21624695e+02, 4.50841278e+02, 7.88623571e-01,
       6.45078125e+02, 5.09790833e+02, 1.52295753e-01, 6.45095642e+02,
       4.09512390e+02, 5.53169131e-01, 1.72229980e+03, 4.27249298e+02,
       4.26617086e-01, 1.71637769e+03, 4.21430328e+02, 4.25714642e-01,
       1.65754810e+03, 4.62580536e+02, 2.70321488e-01, 1.67518787e+03,
       6.50946655e+02, 9.58880261e-02, 0., 0., 0., 1.57221729e+03,
       6.24470032e+02, 2.73330033e-01 ]
