%YAML:1.0
---
pose_0: !!opencv-matrix
   rows: 1
   cols: 25
   dt: "3f"
   data: [ 7.21554932e+02, 3.41847198e+02, 8.45364273e-01,
       7.95251343e+02, 3.47804382e+02, 7.04595029e-01, 7.86344360e+02,
       4.12569489e+02, 5.96395969e-01, 7.12791016e+02, 4.27214966e+02,
       7.68001437e-01, 6.27376221e+02, 3.21329254e+02, 7.55596936e-01,
       8.09772095e+02, 2.83062592e+02, 6.58808768e-01, 8.36511047e+02,
       3.24242859e+02, 7.69436896e-01, 8.62831360e+02, 4.18510345e+02,
       8.18517089e-01, 1.08949707e+03, 3.59619385e+02, 5.22256553e-01,
       1.09237268e+03, 4.09505066e+02, 5.30570626e-01, 1.30737915e+03,
       4.24323822e+02, 6.92965269e-01, 1.52219788e+03, 4.50751160e+02,
       5.71661949e-01, 1.09241748e+03, 3.06566681e+02, 4.86051679e-01,
       1.30426660e+03, 3.09503113e+02, 7.13477910e-01, 1.55160168e+03,
       2.83040649e+02, 4.74039108e-01, 7.09762146e+02, 3.59486298e+02,
       7.54839122e-01, 7.09833313e+02, 3.21426575e+02, 7.83117354e-01,
       7.21581726e+02, 3.80168976e+02, 6.06146812e-01, 7.24553223e+02,
       2.97814667e+02, 4.32457119e-01, 1.63689270e+03, 2.68288849e+02,
       5.02596200e-01, 1.63397583e+03, 2.62456940e+02, 5.30585229e-01,
       1.57512805e+03, 2.80154846e+02, 1.94946200e-01, 1.60453186e+03,
       4.36178070e+02, 4.40227389e-01, 1.59280774e+03, 4.53738770e+02,
       3.67257029e-01, 1.55161743e+03, 4.47852661e+02, 2.50350624e-01 ]
