%YAML:1.0
---
pose_0: !!opencv-matrix
   rows: 1
   cols: 25
   dt: "3f"
   data: [ 7.86274841e+02, 4.42063080e+02, 8.42318594e-01,
       8.83585999e+02, 4.71418060e+02, 6.94526792e-01, 8.65887207e+02,
       5.30364929e+02, 7.31558859e-01, 9.48261475e+02, 6.59812317e+02,
       8.21621895e-01, 9.95334778e+02, 5.53979858e+02, 8.26573670e-01,
       8.95215027e+02, 4.09672424e+02, 4.56550717e-01, 9.89409912e+02,
       4.00759399e+02, 1.72556251e-01, 9.86466675e+02, 3.94903656e+02,
       6.54208511e-02, 1.15421606e+03, 4.42006592e+02, 5.42735875e-01,
       1.15716760e+03, 4.91990845e+02, 5.08571148e-01, 1.38097742e+03,
       5.56790771e+02, 7.71982729e-01, 1.53990466e+03, 6.74468567e+02,
       6.14372015e-01, 1.14840540e+03, 3.88952301e+02, 5.88426173e-01,
       1.35148083e+03, 3.36086700e+02, 4.11451221e-01, 1.53984009e+03,
       3.44913910e+02, 3.18423450e-01, 7.65760803e+02, 4.59683289e+02,
       8.41586292e-01, 7.71676208e+02, 4.30198029e+02, 8.26851547e-01,
       7.83413025e+02, 4.86202515e+02, 7.00165629e-01, 8.06896423e+02,
       4.09510376e+02, 6.06832087e-01, 1.63707666e+03, 3.33057556e+02,
       1.54392973e-01, 0., 0., 0., 1.56630823e+03, 3.44853333e+02,
       2.02794552e-01, 1.61933301e+03, 6.89239258e+02, 5.65033972e-01,
       1.60752075e+03, 6.98112671e+02, 5.28157711e-01, 1.54867163e+03,
       6.95069458e+02, 3.83256018e-01 ]
