%YAML:1.0
---
pose_0: !!opencv-matrix
   rows: 2
   cols: 25
   dt: "3f"
   data: [ 7.71652100e+02, 3.86089264e+02, 8.00312877e-01,
       8.39304626e+02, 3.41889740e+02, 6.19515061e-01, 8.15852844e+02,
       3.74280945e+02, 3.96556318e-01, 8.62920288e+02, 4.42051361e+02,
       9.66529623e-02, 9.09964966e+02, 4.92062134e+02, 1.34667963e-01,
       8.60038574e+02, 3.15322540e+02, 6.89097226e-01, 9.74577087e+02,
       3.41842194e+02, 8.05042207e-01, 9.80700623e+02, 5.03852417e+02,
       7.91452408e-01, 1.15723511e+03, 3.33088257e+02, 3.80832136e-01,
       1.15129102e+03, 3.71347168e+02, 3.82706404e-01, 1.34554785e+03,
       4.83263458e+02, 7.85102427e-01, 1.55743103e+03, 5.21482666e+02,
       6.99562132e-01, 1.15134570e+03, 2.97751678e+02, 4.20479238e-01,
       1.37493616e+03, 2.71322693e+02, 4.69190657e-01, 1.55749854e+03,
       1.53547348e+02, 4.86544371e-01, 7.62719299e+02, 3.86155640e+02,
       6.42769933e-01, 7.65834106e+02, 3.65465729e+02, 7.79214501e-01,
       0., 0., 0., 7.86323242e+02, 3.27198303e+02, 6.34971619e-01,
       1.61346252e+03, 9.46713715e+01, 1.71509683e-01, 1.61049072e+03,
       9.76005478e+01, 1.75815672e-01, 1.57513379e+03, 1.41764450e+02,
       1.69953063e-01, 1.56924426e+03, 6.00888550e+02, 5.28659105e-01,
       1.55744336e+03, 5.86215454e+02, 4.88343865e-01, 1.58105017e+03,
       5.03777100e+02, 5.79400897e-01, 0., 0., 0., 0., 0., 0., 0., 0.,
       0., 0., 0., 0., 0., 0., 0., 0., 0., 0., 0., 0., 0., 0., 0., 0.,
       0., 0., 0., 1.18366772e+03, 2.62410248e+02, 1.16610855e-01,
       1.36031812e+03, 2.74248352e+02, 3.95755678e-01, 1.54865930e+03,
       1.53656235e+02, 1.15854494e-01, 0., 0., 0., 0., 0., 0., 0., 0.,
       0., 0., 0., 0., 0., 0., 0., 0., 0., 0., 0., 0., 0., 0., 0., 0.,
       0., 0., 0., 0., 0., 0., 0., 0., 0., 0., 0., 0., 0., 0., 0. ]
