%YAML:1.0
---
pose_0: !!opencv-matrix
   rows: 1
   cols: 25
   dt: "3f"
   data: [ 7.42192383e+02, 3.86012878e+02, 8.88366938e-01,
       8.62949280e+02, 4.09545532e+02, 7.54609704e-01, 8.59996704e+02,
       4.86119629e+02, 7.62398720e-01, 9.65920227e+02, 5.74503906e+02,
       8.21975231e-01, 1.04532666e+03, 6.21562561e+02, 8.13701153e-01,
       8.68773438e+02, 3.24321960e+02, 5.93115389e-01, 1.01300146e+03,
       2.47889282e+02, 8.03332448e-01, 1.11901306e+03, 1.94644470e+02,
       8.46869528e-01, 1.12187756e+03, 4.24348755e+02, 6.04206264e-01,
       1.11890845e+03, 4.74388885e+02, 5.85928261e-01, 1.32501025e+03,
       4.97859161e+02, 7.09422529e-01, 1.54280310e+03, 5.42082825e+02,
       6.17977202e-01, 1.13360498e+03, 3.68393585e+02, 5.89508235e-01,
       1.33090857e+03, 3.38951752e+02, 6.33550286e-01, 1.56923792e+03,
       2.94941772e+02, 6.47612810e-01, 7.27513794e+02, 3.92043884e+02,
       7.92499125e-01, 7.36234619e+02, 3.65429138e+02, 8.60009789e-01,
       7.42204224e+02, 4.18413483e+02, 6.04701042e-01, 7.56899719e+02,
       3.42050323e+02, 6.37857437e-01, 1.63709265e+03, 2.68314819e+02,
       4.43392336e-01, 1.63690442e+03, 2.68233368e+02, 4.63224292e-01,
       1.60458264e+03, 2.97745819e+02, 2.42104784e-01, 1.61331519e+03,
       5.30225708e+02, 5.01879275e-01, 1.60747729e+03, 5.42016052e+02,
       4.42423880e-01, 1.57216772e+03, 5.39109802e+02, 3.56548190e-01 ]
