%YAML:1.0
---
pose_0: !!opencv-matrix
   rows: 1
   cols: 25
   dt: "3f"
   data: [ 7.51009033e+02, 4.12701904e+02, 8.58347058e-01,
       8.74584229e+02, 4.36158813e+02, 7.13645637e-01, 8.83471191e+02,
       5.27392334e+02, 7.42937565e-01, 1.00714850e+03, 5.77482849e+02,
       8.39869380e-01, 1.09254785e+03, 6.27495361e+02, 8.51840138e-01,
       8.62933044e+02, 3.47791138e+02, 6.94156528e-01, 9.77562012e+02,
       2.62402863e+02, 8.24734688e-01, 1.09828064e+03, 3.15330261e+02,
       7.53392816e-01, 1.14257947e+03, 4.15459717e+02, 5.81229091e-01,
       1.14546887e+03, 4.62557404e+02, 6.18273139e-01, 1.33677747e+03,
       5.03822479e+02, 7.59078979e-01, 1.54277307e+03, 5.80372620e+02,
       6.90276682e-01, 1.14249402e+03, 3.62590027e+02, 5.92697561e-01,
       1.34552832e+03, 3.44855957e+02, 5.43680549e-01, 1.56625000e+03,
       3.18310608e+02, 6.44313753e-01, 7.39109131e+02, 4.33254700e+02,
       8.76473784e-01, 7.42109314e+02, 4.00833130e+02, 8.45426559e-01,
       7.53940308e+02, 4.59670807e+02, 4.99918818e-01, 7.65698364e+02,
       3.83103912e+02, 2.98718780e-01, 1.63990222e+03, 2.80082916e+02,
       4.47340071e-01, 1.63408350e+03, 2.77204803e+02, 4.66151297e-01,
       1.59866992e+03, 3.15405304e+02, 2.27987960e-01, 1.61035889e+03,
       5.77405273e+02, 5.86226046e-01, 1.59578979e+03, 5.92097778e+02,
       5.17707229e-01, 1.56340198e+03, 5.92062134e+02, 3.79895836e-01 ]
