%YAML:1.0
---
pose_0: !!opencv-matrix
   rows: 1
   cols: 25
   dt: "3f"
   data: [ 4.94999481e+02, 5.83219666e+02, 7.07741678e-01,
       5.95005493e+02, 5.83293701e+02, 3.81336182e-01, 5.71476318e+02,
       6.36221436e+02, 2.86223412e-01, 6.65701477e+02, 6.77421021e+02,
       5.80077097e-02, 0., 0., 0., 6.06781067e+02, 5.36140686e+02,
       3.92233253e-01, 8.12733093e+02, 4.83201782e+02, 6.99948072e-01,
       6.12647949e+02, 5.77314575e+02, 6.86749339e-01, 1.06302954e+03,
       5.59702759e+02, 1.83426350e-01, 1.06894226e+03, 6.27397644e+02,
       1.97548851e-01, 1.22196729e+03, 6.83318481e+02, 2.75657237e-01,
       1.41033679e+03, 6.68632019e+02, 1.82700843e-01, 1.05711267e+03,
       4.92025024e+02, 2.48028025e-01, 1.33384131e+03, 3.88959625e+02,
       1.19918473e-01, 1.40147339e+03, 3.56584076e+02, 1.25016943e-01,
       4.68458496e+02, 5.97929565e+02, 7.70415068e-01, 4.83246796e+02,
       5.59673889e+02, 7.71568060e-01, 4.74357788e+02, 6.33267578e+02,
       2.58726418e-01, 5.09667297e+02, 5.30165283e+02, 5.27522266e-01,
       0., 0., 0., 0., 0., 0., 1.56331750e+03, 3.39012146e+02,
       1.07105181e-01, 0., 0., 0., 0., 0., 0., 1.44561829e+03,
       6.68664612e+02, 8.18459317e-02 ]
