%YAML:1.0
---
pose_0: !!opencv-matrix
   rows: 1
   cols: 25
   dt: "3f"
   data: [ 0., 0., 0., 8.74610107e+02, 5.30309814e+02, 1.08366437e-01,
       8.12865662e+02, 5.68540771e+02, 1.09841846e-01, 6.51035400e+02,
       5.27421082e+02, 4.80751097e-01, 0., 0., 0., 8.83502625e+02,
       5.18521118e+02, 9.87687036e-02, 8.89378174e+02, 5.27307434e+02,
       1.72179759e-01, 1.00120801e+03, 4.80349426e+02, 2.27434039e-01,
       1.11590198e+03, 5.74466003e+02, 5.16098976e-01, 1.09831982e+03,
       6.03875183e+02, 3.90230387e-01, 1.37791284e+03, 5.24454895e+02,
       7.82242596e-01, 1.63989380e+03, 7.15695007e+02, 4.64400709e-01,
       1.12190881e+03, 5.44955872e+02, 3.95114005e-01, 1.38379016e+03,
       5.12594727e+02, 3.72843772e-01, 1.58396069e+03, 6.65669312e+02,
       1.26288623e-01, 0., 0., 0., 0., 0., 0., 0., 0., 0., 0., 0., 0.,
       1.70468860e+03, 6.30384338e+02, 1.21017523e-01, 1.69580725e+03,
       6.27506287e+02, 1.14094317e-01, 0., 0., 0., 1.69879822e+03,
       7.24559204e+02, 3.15623492e-01, 1.68394214e+03, 7.39344788e+02,
       3.74940515e-01, 1.66047754e+03, 7.42112732e+02, 3.01465660e-01 ]
