%YAML:1.0
---
pose_0: !!opencv-matrix
   rows: 1
   cols: 25
   dt: "3f"
   data: [ 9.98214661e+02, 4.12606110e+02, 6.57927617e-02,
       9.54153870e+02, 4.65585876e+02, 3.61102700e-01, 9.30541687e+02,
       4.83166168e+02, 2.29375675e-01, 9.65839478e+02, 4.80113617e+02,
       6.98385239e-01, 9.60069946e+02, 3.89082306e+02, 7.38980949e-01,
       9.98208069e+02, 4.36102783e+02, 2.46565565e-01, 0., 0., 0., 0.,
       0., 0., 1.13955542e+03, 5.06692657e+02, 4.57642555e-01,
       1.12479077e+03, 5.36199890e+02, 3.60725224e-01, 1.34556763e+03,
       4.36038361e+02, 7.25248098e-01, 1.58101367e+03, 6.33256165e+02,
       5.58256805e-01, 1.14836963e+03, 4.77284973e+02, 3.68905485e-01,
       1.35145239e+03, 4.18476379e+02, 4.96685982e-01, 1.54281934e+03,
       4.97863342e+02, 3.06371480e-01, 0., 0., 0., 0., 0., 0., 0., 0.,
       0., 0., 0., 0., 1.59281775e+03, 4.39035095e+02, 2.48081222e-01,
       1.58982886e+03, 4.39031555e+02, 2.49197453e-01, 1.56925574e+03,
       5.21471985e+02, 2.10475713e-01, 1.63398486e+03, 6.62776733e+02,
       5.47934830e-01, 1.61343701e+03, 6.71611816e+02, 5.85340440e-01,
       1.58986414e+03, 6.48032349e+02, 2.79072821e-01 ]
