%YAML:1.0
---
pose_0: !!opencv-matrix
   rows: 1
   cols: 25
   dt: "3f"
   data: [ 7.27533936e+02, 3.80134888e+02, 7.30386198e-01,
       8.09972351e+02, 3.30118469e+02, 6.83035791e-01, 8.15807434e+02,
       3.86018555e+02, 4.27668571e-01, 8.80528320e+02, 4.09623291e+02,
       4.02602822e-01, 8.36404419e+02, 4.74376068e+02, 5.94986796e-01,
       8.24611206e+02, 2.68288361e+02, 7.39081025e-01, 8.36469360e+02,
       3.38935944e+02, 8.37013721e-01, 7.86347290e+02, 4.80346649e+02,
       7.76318908e-01, 1.11604883e+03, 3.71383759e+02, 4.79496002e-01,
       1.11305493e+03, 4.27283966e+02, 5.53100228e-01, 1.32201843e+03,
       4.62692169e+02, 7.24418640e-01, 1.58982605e+03, 5.50896362e+02,
       5.23780048e-01, 1.11895886e+03, 3.15480316e+02, 4.48801160e-01,
       1.36028333e+03, 3.12470367e+02, 5.14787912e-01, 1.57805566e+03,
       2.97798370e+02, 5.13152361e-01, 7.15583130e+02, 3.89022461e+02,
       7.30776012e-01, 7.15779175e+02, 3.59546021e+02, 8.08031201e-01,
       0., 0., 0., 7.30444824e+02, 3.15449738e+02, 5.95723331e-01,
       1.64577063e+03, 2.65310883e+02, 4.06962335e-01, 1.63991748e+03,
       2.65320923e+02, 4.32984471e-01, 1.61340601e+03, 3.00705444e+02,
       2.19188899e-01, 1.66342126e+03, 5.21465515e+02, 2.87109971e-01,
       1.65748669e+03, 5.30398071e+02, 2.13206023e-01, 1.63393652e+03,
       5.80351257e+02, 2.99188703e-01 ]
