%YAML:1.0
---
pose_0: !!opencv-matrix
   rows: 1
   cols: 25
   dt: "3f"
   data: [ 6.95028625e+02, 5.36194214e+02, 8.70660901e-01,
       8.27590271e+02, 5.50907898e+02, 7.18492031e-01, 8.33428284e+02,
       6.24420532e+02, 7.26538658e-01, 9.51212585e+02, 6.53921265e+02,
       4.54031289e-01, 1.05122839e+03, 6.92240723e+02, 4.91398752e-01,
       8.18723633e+02, 4.74377869e+02, 6.09857082e-01, 9.77770874e+02,
       4.33067963e+02, 7.70846725e-01, 1.13365747e+03, 3.89024872e+02,
       8.13045681e-01, 1.09829736e+03, 5.77391296e+02, 6.09527826e-01,
       1.08946594e+03, 6.27356506e+02, 5.77062190e-01, 1.23369849e+03,
       6.65661499e+02, 1.78707287e-01, 0., 0., 0., 1.11591833e+03,
       5.30192688e+02, 5.75438857e-01, 1.28387842e+03, 6.21524841e+02,
       7.53152072e-01, 1.55157825e+03, 6.65594604e+02, 5.30364096e-01,
       6.80366272e+02, 5.50945618e+02, 8.03188205e-01, 6.89183899e+02,
       5.18552551e+02, 8.30559969e-01, 6.95113953e+02, 5.74368835e+02,
       4.11991000e-01, 7.15695435e+02, 4.86228210e+02, 6.25375092e-01,
       1.62811389e+03, 6.33326965e+02, 9.74776298e-02, 0., 0., 0.,
       1.57810596e+03, 6.71508423e+02, 3.22156221e-01, 0., 0., 0., 0.,
       0., 0., 0., 0., 0. ]
