%YAML:1.0
---
pose_0: !!opencv-matrix
   rows: 1
   cols: 25
   dt: "3f"
   data: [ 7.59877563e+02, 3.83007324e+02, 7.89825916e-01,
       8.83431580e+02, 3.86009857e+02, 8.08502555e-01, 8.74694519e+02,
       4.65501770e+02, 7.09471047e-01, 9.74718994e+02, 5.53825867e+02,
       8.66371036e-01, 1.06302014e+03, 6.18522034e+02, 7.58157969e-01,
       8.98120361e+02, 2.94951935e+02, 6.85317755e-01, 1.04245569e+03,
       2.91782227e+02, 7.64828503e-01, 1.16015454e+03, 2.68448120e+02,
       8.50154102e-01, 1.13950476e+03, 4.42010284e+02, 6.23570859e-01,
       1.12195825e+03, 4.89085419e+02, 5.78395903e-01, 1.33094153e+03,
       5.09716827e+02, 7.54907668e-01, 1.55451465e+03, 5.50819580e+02,
       6.34570062e-01, 1.14841553e+03, 3.91996277e+02, 5.95578432e-01,
       1.33381860e+03, 3.62441589e+02, 5.24523675e-01, 1.56631592e+03,
       2.94943054e+02, 4.93241221e-01, 7.45137268e+02, 3.94865936e+02,
       7.55755424e-01, 7.42252014e+02, 3.62606537e+02, 8.29512477e-01,
       7.68643433e+02, 4.12634583e+02, 4.62286472e-01, 7.62896851e+02,
       3.36016602e+02, 5.81696391e-01, 1.63695605e+03, 2.53603729e+02,
       3.31277460e-01, 1.63400171e+03, 2.53594574e+02, 3.46027732e-01,
       1.60160156e+03, 2.94790375e+02, 2.07834303e-01, 1.61349634e+03,
       5.42078918e+02, 5.34117997e-01, 1.60749109e+03, 5.53770996e+02,
       5.06179810e-01, 1.58102026e+03, 5.50879822e+02, 3.10094237e-01 ]
