%YAML:1.0
---
pose_0: !!opencv-matrix
   rows: 2
   cols: 25
   dt: "3f"
   data: [ 0., 0., 0., 9.54156494e+02, 4.86161346e+02, 6.48995340e-02,
       0., 0., 0., 0., 0., 0., 0., 0., 0., 0., 0., 0., 0., 0., 0., 0.,
       0., 0., 1.17776965e+03, 5.00861694e+02, 3.69196951e-01,
       1.15131311e+03, 5.47906128e+02, 2.54616678e-01, 1.37498059e+03,
       4.59540527e+02, 8.07156146e-01, 1.59278564e+03, 6.44977966e+02,
       5.82846045e-01, 1.18658716e+03, 4.59734894e+02, 3.48220944e-01,
       1.39563306e+03, 4.39028564e+02, 3.60264957e-01, 1.54861243e+03,
       5.00875427e+02, 5.36989927e-01, 0., 0., 0., 0., 0., 0., 0., 0.,
       0., 0., 0., 0., 1.60748877e+03, 4.27301971e+02, 3.99046272e-01,
       1.60162378e+03, 4.30247681e+02, 3.78241718e-01, 1.56341870e+03,
       5.24318909e+02, 3.22159559e-01, 1.64281885e+03, 6.71603638e+02,
       4.57285345e-01, 1.62810376e+03, 6.80408630e+02, 4.99726057e-01,
       1.61044653e+03, 6.62741699e+02, 3.25922072e-01, 0., 0., 0., 0.,
       0., 0., 8.15785339e+02, 5.09714661e+02, 1.61513358e-01,
       9.42379700e+02, 5.24290344e+02, 5.22683084e-01, 1.02177643e+03,
       4.36018372e+02, 5.58920741e-01, 0., 0., 0., 0., 0., 0., 0., 0.,
       0., 0., 0., 0., 0., 0., 0., 0., 0., 0., 0., 0., 0., 0., 0., 0.,
       0., 0., 0., 0., 0., 0., 0., 0., 0., 0., 0., 0., 0., 0., 0., 0.,
       0., 0., 0., 0., 0., 0., 0., 0., 0., 0., 0., 0., 0., 0., 0., 0.,
       0., 0., 0., 0. ]
