%YAML:1.0
---
pose_0: !!opencv-matrix
   rows: 1
   cols: 25
   dt: "3f"
   data: [ 0., 0., 0., 8.83527527e+02, 5.18491516e+02, 3.44769478e-01,
       8.54062561e+02, 5.68535828e+02, 2.11706385e-01, 7.65848022e+02,
       5.47918762e+02, 4.75586653e-01, 8.83491760e+02, 4.77249115e+02,
       7.58909583e-02, 9.04082336e+02, 4.77322296e+02, 2.49199152e-01,
       9.01095520e+02, 4.33213715e+02, 2.06450239e-01, 7.74622009e+02,
       3.53659607e+02, 3.71507913e-01, 1.14244849e+03, 5.45020691e+02,
       2.68868238e-01, 1.13947412e+03, 5.50902405e+02, 2.68221557e-01,
       1.32784790e+03, 5.50908813e+02, 6.99637294e-01, 1.64575696e+03,
       7.15629944e+02, 4.50306803e-01, 1.14542395e+03, 5.39084961e+02,
       2.34652400e-01, 1.33096814e+03, 4.86186218e+02, 6.33120179e-01,
       1.57808276e+03, 5.80390198e+02, 4.97994810e-01, 0., 0., 0., 0.,
       0., 0., 0., 0., 0., 0., 0., 0., 1.73700940e+03, 5.95060242e+02,
       1.89110160e-01, 1.73119373e+03, 5.95068542e+02, 1.87192708e-01,
       1.61346448e+03, 6.18493164e+02, 3.80960643e-01, 1.70765649e+03,
       6.39209473e+02, 1.60492808e-01, 1.69287500e+03, 7.03912231e+02,
       1.07980557e-01, 1.66340796e+03, 7.42266968e+02, 3.03208709e-01 ]
