%YAML:1.0
---
pose_0: !!opencv-matrix
   rows: 1
   cols: 25
   dt: "3f"
   data: [ 7.56870361e+02, 4.59696655e+02, 6.70611143e-01,
       8.06983826e+02, 5.27392334e+02, 5.73030055e-01, 8.12842163e+02,
       5.47835571e+02, 6.67406261e-01, 9.54096497e+02, 5.36209900e+02,
       7.13776112e-01, 1.06596301e+03, 4.80225800e+02, 7.29916215e-01,
       8.09825500e+02, 5.12644226e+02, 2.75673240e-01, 1.03948596e+03,
       4.80165924e+02, 8.28745216e-02, 1.12479761e+03, 4.59721619e+02,
       1.83176205e-01, 1.11605200e+03, 5.74500061e+02, 5.63508153e-01,
       1.10126782e+03, 6.09762085e+02, 4.93407339e-01, 1.34849512e+03,
       5.30205078e+02, 7.72432745e-01, 1.58693250e+03, 6.89181274e+02,
       5.84578574e-01, 1.13363464e+03, 5.36147034e+02, 4.17006940e-01,
       1.36320142e+03, 5.06710022e+02, 4.85575467e-01, 1.56631738e+03,
       5.80323120e+02, 6.74420297e-01, 7.36320984e+02, 4.71399414e+02,
       5.70129275e-01, 7.39281006e+02, 4.47870728e+02, 6.97861016e-02,
       7.45195496e+02, 4.97895905e+02, 5.17966330e-01, 0., 0., 0.,
       1.60459973e+03, 5.03768158e+02, 2.03545257e-01, 1.59285938e+03,
       5.15546997e+02, 2.04229578e-01, 1.58688977e+03, 6.01018677e+02,
       5.26802540e-01, 1.66639685e+03, 7.15789124e+02, 4.84151483e-01,
       1.64574719e+03, 7.30369019e+02, 4.56251115e-01, 1.60747290e+03,
       7.12751038e+02, 2.51813680e-01 ]
