%YAML:1.0
---
pose_0: !!opencv-matrix
   rows: 1
   cols: 25
   dt: "3f"
   data: [ 7.42173706e+02, 4.24271240e+02, 8.40403914e-01,
       8.59979797e+02, 4.36092285e+02, 7.43239999e-01, 8.71684387e+02,
       5.21380188e+02, 6.72049642e-01, 9.92394348e+02, 5.74311096e+02,
       8.28167319e-01, 1.06882568e+03, 6.30312134e+02, 8.67264569e-01,
       8.57059021e+02, 3.59564087e+02, 6.56227410e-01, 9.95228882e+02,
       3.33114105e+02, 6.99332595e-01, 1.07178406e+03, 3.15525177e+02,
       8.81209791e-01, 1.13074963e+03, 4.53755585e+02, 5.93673646e-01,
       1.12186377e+03, 5.03677094e+02, 5.85125625e-01, 1.33388916e+03,
       5.27386963e+02, 7.71495879e-01, 1.53972754e+03, 5.83271729e+02,
       6.02137923e-01, 1.13660913e+03, 4.03666656e+02, 5.87173104e-01,
       1.34847742e+03, 3.62417725e+02, 6.04650557e-01, 1.56922766e+03,
       3.15373993e+02, 5.92072785e-01, 7.30452637e+02, 4.39016907e+02,
       7.80786514e-01, 7.33351135e+02, 4.09615204e+02, 8.62554193e-01,
       7.48043884e+02, 4.62592102e+02, 5.96881390e-01, 7.53937134e+02,
       3.86184326e+02, 5.88920951e-01, 1.64283215e+03, 2.68376617e+02,
       5.37597299e-01, 1.63703186e+03, 2.68404572e+02, 5.10990500e-01,
       1.60749341e+03, 3.18299133e+02, 2.34741777e-01, 1.61347363e+03,
       5.86217285e+02, 5.64872503e-01, 1.60455859e+03, 5.98057983e+02,
       5.19055426e-01, 1.56339819e+03, 5.83305725e+02, 3.01631510e-01 ]
