%YAML:1.0
---
pose_0: !!opencv-matrix
   rows: 1
   cols: 25
   dt: "3f"
   data: [ 6.00875916e+02, 5.12687683e+02, 7.24725306e-01,
       6.98015259e+02, 4.92020477e+02, 3.37467462e-01, 6.92097046e+02,
       5.47938843e+02, 2.50344098e-01, 8.65791687e+02, 6.62679810e+02,
       1.31787360e-01, 8.86415344e+02, 6.74563354e+02, 2.78262347e-01,
       7.01002930e+02, 4.47914886e+02, 3.33580673e-01, 8.98152710e+02,
       3.68480560e+02, 7.65799701e-01, 7.89351624e+02, 4.38985992e+02,
       7.79670894e-01, 1.07772900e+03, 5.15554260e+02, 4.60439116e-01,
       1.06893176e+03, 5.74441223e+02, 4.60543811e-01, 1.18661584e+03,
       6.18591431e+02, 8.99542570e-02, 0., 0., 0., 1.07477649e+03,
       4.47884552e+02, 4.61614162e-01, 1.26613220e+03, 4.53798248e+02,
       3.65261078e-01, 1.48978296e+03, 4.83177490e+02, 1.70445129e-01,
       5.89104980e+02, 5.33345459e+02, 6.81412399e-01, 5.77517395e+02,
       5.00757202e+02, 7.47035742e-01, 6.12672974e+02, 5.53844788e+02,
       2.23520249e-01, 6.00850464e+02, 4.59663635e+02, 4.52049434e-01,
       0., 0., 0., 0., 0., 0., 1.50157385e+03, 4.97881927e+02,
       1.26640156e-01, 0., 0., 0., 0., 0., 0., 0., 0., 0. ]
