%YAML:1.0
---
pose_0: !!opencv-matrix
   rows: 1
   cols: 25
   dt: "3f"
   data: [ 8.01017334e+02, 3.92009674e+02, 6.13202810e-01,
       8.77556030e+02, 4.47887970e+02, 5.50242007e-01, 8.80610474e+02,
       4.83155090e+02, 7.55347967e-01, 1.01880084e+03, 5.30344238e+02,
       8.15220475e-01, 1.13961133e+03, 4.59576141e+02, 8.44672203e-01,
       8.62836365e+02, 4.00817993e+02, 4.18468058e-01, 9.65869202e+02,
       3.91994995e+02, 1.76237375e-01, 9.95350891e+02, 3.83062378e+02,
       1.85907066e-01, 0., 0., 0., 0., 0., 0., 0., 0., 0., 0., 0., 0.,
       0., 0., 0., 0., 0., 0., 0., 0., 0., 7.80496277e+02,
       4.09669617e+02, 5.08328438e-01, 7.86327759e+02, 3.86146332e+02,
       2.27833182e-01, 8.03960754e+02, 4.41997192e+02, 3.98750424e-01,
       0., 0., 0., 0., 0., 0., 0., 0., 0., 0., 0., 0., 0., 0., 0., 0.,
       0., 0., 0., 0., 0. ]
