%YAML:1.0
---
pose_0: !!opencv-matrix
   rows: 1
   cols: 25
   dt: "3f"
   data: [ 0., 0., 0., 8.54028870e+02, 4.77318115e+02, 4.68232721e-01,
       8.71705627e+02, 4.89056854e+02, 5.33031702e-01, 9.65880554e+02,
       5.50731995e+02, 7.28688359e-01, 1.11897815e+03, 5.53716858e+02,
       8.31119418e-01, 8.39318665e+02, 4.74345764e+02, 2.38483950e-01,
       0., 0., 0., 0., 0., 0., 1.14543896e+03, 4.59657288e+02,
       3.53071332e-01, 1.13956091e+03, 4.86144287e+02, 3.12160641e-01,
       1.35740540e+03, 4.00809479e+02, 7.63827741e-01, 1.52808667e+03,
       5.30329834e+02, 4.68282461e-01, 1.15427087e+03, 4.30178223e+02,
       2.62127489e-01, 1.36912292e+03, 3.91943054e+02, 5.13016403e-01,
       1.53971423e+03, 4.65565002e+02, 5.08570611e-01, 0., 0., 0., 0.,
       0., 0., 8.01081421e+02, 4.21374817e+02, 1.37773976e-01, 0., 0.,
       0., 1.60166382e+03, 4.03754456e+02, 4.54514712e-01,
       1.59865967e+03, 4.06621277e+02, 3.63909900e-01, 1.56640161e+03,
       4.83230743e+02, 1.98692605e-01, 1.62516907e+03, 5.30305908e+02,
       5.13988912e-01, 1.61048987e+03, 5.44983093e+02, 4.70402360e-01,
       1.53098145e+03, 5.56726868e+02, 4.00565892e-01 ]
