%YAML:1.0
---
pose_0: !!opencv-matrix
   rows: 2
   cols: 25
   dt: "3f"
   data: [ 6.86289917e+02, 5.42033386e+02, 5.64304054e-01,
       7.45201050e+02, 4.77285553e+02, 4.28520143e-01, 7.42199524e+02,
       4.74346222e+02, 2.71008223e-01, 0., 0., 0., 0., 0., 0.,
       7.54012695e+02, 4.80170990e+02, 7.30286837e-01, 9.06942749e+02,
       5.15596802e+02, 8.00262570e-01, 8.03964050e+02, 5.80447937e+02,
       7.05098152e-01, 1.09245642e+03, 4.47881927e+02, 2.20503598e-01,
       0., 0., 0., 0., 0., 0., 0., 0., 0., 1.11011096e+03,
       4.44928284e+02, 2.57482141e-01, 1.35144775e+03, 5.12611938e+02,
       6.07817292e-01, 1.65459131e+03, 4.12623779e+02, 5.11323452e-01,
       6.71640564e+02, 5.33261597e+02, 5.62844612e-02, 6.71669983e+02,
       5.27311401e+02, 6.13030791e-01, 0., 0., 0., 6.86245117e+02,
       4.83204224e+02, 6.20897651e-01, 1.71352319e+03, 3.62545380e+02,
       3.40629458e-01, 1.71934521e+03, 3.65381195e+02, 3.12771052e-01,
       1.68991565e+03, 4.18434174e+02, 1.59437016e-01, 0., 0., 0., 0.,
       0., 0., 0., 0., 0., 0., 0., 0., 0., 0., 0., 0., 0., 0., 0., 0.,
       0., 0., 0., 0., 0., 0., 0., 0., 0., 0., 0., 0., 0., 0., 0., 0.,
       1.09240308e+03, 4.30230042e+02, 1.60854042e-01, 1.35144580e+03,
       5.00781799e+02, 4.26532090e-01, 1.62811841e+03, 4.15595917e+02,
       2.05773473e-01, 0., 0., 0., 0., 0., 0., 0., 0., 0., 0., 0., 0.,
       0., 0., 0., 0., 0., 0., 0., 0., 0., 0., 0., 0., 0., 0., 0., 0.,
       0., 0., 0., 0., 0., 0., 0., 0., 0., 0., 0. ]
