%YAML:1.0
---
pose_0: !!opencv-matrix
   rows: 1
   cols: 25
   dt: "3f"
   data: [ 7.45126099e+02, 5.97892151e+02, 8.65912795e-01,
       8.36405029e+02, 5.53733093e+02, 5.82783878e-01, 8.27590820e+02,
       6.06815491e+02, 3.96537662e-01, 0., 0., 0., 0., 0., 0.,
       8.54078369e+02, 4.94991241e+02, 5.72393656e-01, 1.00116046e+03,
       4.62568787e+02, 7.48588562e-01, 1.13068640e+03, 4.39141754e+02,
       7.66882479e-01, 1.11595984e+03, 5.89188782e+02, 5.50601780e-01,
       1.11604004e+03, 6.42070374e+02, 5.61243415e-01, 1.31323230e+03,
       6.47956116e+02, 7.36918926e-01, 1.55746692e+03, 6.71585693e+02,
       6.40929818e-01, 1.11601929e+03, 5.33259277e+02, 5.84752679e-01,
       1.31907349e+03, 5.00792542e+02, 6.78893209e-01, 1.54271729e+03,
       4.74319305e+02, 5.93890488e-01, 7.36226013e+02, 6.03827026e+02,
       7.08229780e-01, 7.36313660e+02, 5.77315369e+02, 8.40973020e-01,
       0., 0., 0., 7.45217896e+02, 5.44934814e+02, 5.93699634e-01,
       1.63106616e+03, 4.50851135e+02, 5.67476630e-01, 1.62225354e+03,
       4.44901794e+02, 5.40444911e-01, 1.56339038e+03, 4.68513458e+02,
       2.53021389e-01, 1.62520190e+03, 6.80375183e+02, 4.36086625e-01,
       1.61635266e+03, 6.92134399e+02, 4.63433087e-01, 1.58394055e+03,
       6.62750244e+02, 3.48147273e-01 ]
