%YAML:1.0
---
pose_0: !!opencv-matrix
   rows: 1
   cols: 25
   dt: "3f"
   data: [ 7.36332275e+02, 4.86188385e+02, 8.14286113e-01,
       8.60040588e+02, 5.27340515e+02, 7.05444813e-01, 8.60054443e+02,
       6.06843018e+02, 7.00216413e-01, 1.00121814e+03, 6.47936279e+02,
       8.00068736e-01, 1.13651685e+03, 6.77506836e+02, 7.89796531e-01,
       8.65861572e+02, 4.50782593e+02, 5.54224253e-01, 9.51196167e+02,
       3.35974060e+02, 8.22725832e-01, 8.36458496e+02, 4.12672241e+02,
       8.39177728e-01, 1.13365869e+03, 5.24371582e+02, 5.70598423e-01,
       1.13070679e+03, 5.74291687e+02, 5.69435477e-01, 1.30434204e+03,
       5.71512695e+02, 3.47488254e-01, 1.53978967e+03, 5.59749695e+02,
       5.02636254e-01, 1.13069873e+03, 4.65581451e+02, 5.65314651e-01,
       1.33376123e+03, 4.68449646e+02, 6.31639838e-01, 1.59868677e+03,
       4.56614807e+02, 4.98364091e-01, 7.18609924e+02, 5.06820007e+02,
       8.50155532e-01, 7.21594421e+02, 4.77207825e+02, 8.21178913e-01,
       7.39155212e+02, 5.39152771e+02, 6.49809062e-01, 7.53984680e+02,
       4.56814453e+02, 3.57267439e-01, 1.68107813e+03, 4.24325653e+02,
       2.10529104e-01, 1.68104492e+03, 4.21403961e+02, 2.15703011e-01,
       1.61635266e+03, 4.59654663e+02, 2.14504540e-01, 1.60461218e+03,
       5.95001038e+02, 1.63898259e-01, 0., 0., 0., 1.58392908e+03,
       5.50797424e+02, 3.43832582e-01 ]
