%YAML:1.0
---
pose_0: !!opencv-matrix
   rows: 1
   cols: 25
   dt: "3f"
   data: [ 6.89218140e+02, 6.09716431e+02, 7.61116147e-01,
       8.09901062e+02, 6.00969055e+02, 7.17250288e-01, 7.86299377e+02,
       6.86293640e+02, 7.24950850e-01, 9.15837891e+02, 7.83354187e+02,
       6.95493460e-01, 9.10015015e+02, 7.30391785e+02, 5.35520554e-01,
       8.33460266e+02, 5.24325378e+02, 4.77231860e-01, 9.92340637e+02,
       5.03772125e+02, 6.00121498e-01, 9.54138000e+02, 4.71378387e+02,
       2.61636168e-01, 1.08949585e+03, 6.74466309e+02, 5.28556824e-01,
       1.07478162e+03, 7.30401428e+02, 4.72673714e-01, 1.31910925e+03,
       7.54016907e+02, 4.02638257e-01, 1.56929602e+03, 7.65659424e+02,
       4.21410859e-01, 1.09543115e+03, 6.18506409e+02, 5.11926591e-01,
       1.35139001e+03, 5.83259155e+02, 3.98121953e-01, 1.57805798e+03,
       5.53830017e+02, 5.22593677e-01, 6.68666382e+02, 6.21639465e+02,
       7.46451139e-01, 6.68699890e+02, 5.89163147e+02, 7.56553769e-01,
       6.92122009e+02, 6.39200928e+02, 1.53439164e-01, 6.92145264e+02,
       5.50968445e+02, 5.94961822e-01, 1.66058459e+03, 4.92071838e+02,
       4.54962194e-01, 1.66048413e+03, 4.94995148e+02, 4.05856937e-01,
       1.59868579e+03, 5.71430054e+02, 2.62640774e-01, 1.63987244e+03,
       7.62811340e+02, 5.28154261e-02, 0., 0., 0., 1.59282544e+03,
       7.59794373e+02, 2.60405511e-01 ]
