%YAML:1.0
---
pose_0: !!opencv-matrix
   rows: 1
   cols: 25
   dt: "3f"
   data: [ 7.74631348e+02, 3.86184296e+02, 7.31049776e-01,
       8.39286621e+02, 2.83036682e+02, 5.23236573e-01, 8.51105469e+02,
       2.68384521e+02, 3.59891057e-01, 1.04242883e+03, 4.00725800e+02,
       4.79467988e-01, 1.11903284e+03, 4.62565979e+02, 6.92064941e-01,
       8.30489990e+02, 2.94815552e+02, 7.29671121e-01, 9.04072327e+02,
       4.30257019e+02, 8.43947232e-01, 9.54206970e+02, 5.68516357e+02,
       8.23304832e-01, 1.13066626e+03, 3.12509766e+02, 4.83283490e-01,
       1.13071875e+03, 3.62519714e+02, 5.17777681e-01, 1.31611292e+03,
       4.80177429e+02, 7.38476396e-01, 1.52212744e+03, 5.27222717e+02,
       6.57103777e-01, 1.13366956e+03, 2.65355774e+02, 3.92339677e-01,
       1.37492017e+03, 2.38841095e+02, 4.21060830e-01, 1.53983972e+03,
       1.47690826e+02, 3.27510506e-01, 7.65848206e+02, 3.89121979e+02,
       5.47970198e-02, 7.62869324e+02, 3.74270172e+02, 7.39736140e-01,
       0., 0., 0., 7.65662292e+02, 3.21367828e+02, 6.29411101e-01,
       1.61051001e+03, 1.00534073e+02, 1.96549222e-01, 1.61037878e+03,
       1.00599800e+02, 2.05678657e-01, 0., 0., 0., 1.57513647e+03,
       5.77491028e+02, 2.81460375e-01, 1.56337207e+03, 5.77461365e+02,
       2.93217182e-01, 1.55457483e+03, 5.12600708e+02, 4.36166555e-01 ]
