%YAML:1.0
---
pose_0: !!opencv-matrix
   rows: 1
   cols: 25
   dt: "3f"
   data: [ 7.65655273e+02, 3.62372406e+02, 8.38119686e-01,
       8.59944397e+02, 3.38890015e+02, 6.82726860e-01, 8.56902344e+02,
       4.06683746e+02, 6.07266247e-01, 9.74703369e+02, 4.33216217e+02,
       3.29964757e-01, 1.03360730e+03, 4.59744202e+02, 4.58172530e-01,
       8.80458252e+02, 2.62490601e+02, 5.99145889e-01, 1.03652686e+03,
       2.24309921e+02, 7.75716007e-01, 9.98249817e+02, 2.80142731e+02,
       8.28339219e-01, 1.13950171e+03, 3.65418457e+02, 5.88810503e-01,
       1.12773474e+03, 4.12492615e+02, 5.95675707e-01, 1.34553870e+03,
       4.50790955e+02, 6.26474261e-01, 1.53681604e+03, 5.27340881e+02,
       5.32574534e-01, 1.14247046e+03, 3.15308746e+02, 5.17228246e-01,
       1.35738135e+03, 3.12423431e+02, 4.70421404e-01, 1.58397754e+03,
       2.97804260e+02, 6.35243773e-01, 7.48149902e+02, 3.71394745e+02,
       7.34564960e-01, 7.48092468e+02, 3.38983887e+02, 8.14767897e-01,
       7.65821777e+02, 3.88947083e+02, 1.88306063e-01, 7.65666870e+02,
       3.09559753e+02, 5.81836104e-01, 1.64287622e+03, 2.68317871e+02,
       4.75336403e-01, 1.63699329e+03, 2.65426605e+02, 5.35083771e-01,
       1.61342163e+03, 2.97811340e+02, 2.93173760e-01, 1.60457153e+03,
       5.50888916e+02, 2.84614682e-01, 0., 0., 0., 1.56630872e+03,
       5.24401672e+02, 3.51294070e-01 ]
