%YAML:1.0
---
pose_0: !!opencv-matrix
   rows: 1
   cols: 25
   dt: "3f"
   data: [ 0., 0., 0., 0., 0., 0., 0., 0., 0., 0., 0., 0., 0., 0., 0.,
       0., 0., 0., 0., 0., 0., 0., 0., 0., 1.17191943e+03,
       5.53813904e+02, 2.17116907e-01, 1.16309399e+03, 5.56777893e+02,
       2.03775808e-01, 1.33087341e+03, 5.30347778e+02, 7.10587740e-01,
       1.59576245e+03, 6.92192322e+02, 4.46902305e-01, 1.18663562e+03,
       5.39152222e+02, 1.86624795e-01, 1.35433997e+03, 5.00802368e+02,
       5.08926392e-01, 1.56932666e+03, 5.77323242e+02, 5.73438346e-01,
       0., 0., 0., 0., 0., 0., 0., 0., 0., 0., 0., 0., 1.70169543e+03,
       5.89174500e+02, 2.85483688e-01, 1.69875085e+03, 5.86198364e+02,
       2.82979667e-01, 1.58984216e+03, 6.00907104e+02, 2.59464681e-01,
       1.66935327e+03, 7.33405640e+02, 3.93568963e-01, 1.64871082e+03,
       7.42298279e+02, 4.32300419e-01, 1.63398926e+03, 7.30410828e+02,
       1.94554076e-01 ]
