%YAML:1.0
---
pose_0: !!opencv-matrix
   rows: 1
   cols: 25
   dt: "3f"
   data: [ 6.00920044e+02, 5.03875671e+02, 8.62337410e-01,
       7.45118347e+02, 5.24310486e+02, 6.44769907e-01, 7.42165771e+02,
       6.18501160e+02, 6.13695025e-01, 9.27584595e+02, 6.74450562e+02,
       7.25438893e-01, 1.04524255e+03, 6.92208191e+02, 8.42798114e-01,
       7.51058716e+02, 4.36217590e+02, 4.94056731e-01, 9.39419861e+02,
       3.91923615e+02, 7.38320231e-01, 1.09255054e+03, 3.53711304e+02,
       7.58097887e-01, 1.06598462e+03, 5.21440918e+02, 5.23407996e-01,
       1.05128467e+03, 5.77296082e+02, 5.44691801e-01, 1.30724170e+03,
       6.03877686e+02, 5.72700202e-01, 1.58988989e+03, 6.53947449e+02,
       4.82154220e-01, 1.06895837e+03, 4.56794891e+02, 5.28229058e-01,
       1.31614954e+03, 4.53804749e+02, 5.22311449e-01, 1.57219214e+03,
       4.18517426e+02, 4.90616322e-01, 5.89102600e+02, 5.24361877e+02,
       7.82513380e-01, 5.92030029e+02, 4.83069885e+02, 8.03891540e-01,
       6.03892029e+02, 5.50875061e+02, 4.00358588e-01, 6.21610535e+02,
       4.56686829e+02, 6.25035167e-01, 1.65454272e+03, 3.89014557e+02,
       7.04809800e-02, 1.64579614e+03, 3.91957397e+02, 9.60534811e-02,
       1.60752429e+03, 4.12475983e+02, 2.92466193e-01, 1.70763184e+03,
       6.27496216e+02, 3.64183098e-01, 1.70457861e+03, 6.42106140e+02,
       2.87093043e-01, 1.61342102e+03, 6.65673462e+02, 3.12521905e-01 ]
