%YAML:1.0
---
pose_0: !!opencv-matrix
   rows: 1
   cols: 25
   dt: "3f"
   data: [ 7.59775940e+02, 5.06689148e+02, 8.73962224e-01,
       8.33441833e+02, 4.68441528e+02, 5.73745072e-01, 8.12884521e+02,
       5.12676270e+02, 3.80301625e-01, 0., 0., 0., 0., 0., 0.,
       8.56929199e+02, 4.15580322e+02, 4.84213412e-01, 9.77793823e+02,
       3.94940125e+02, 6.94133639e-01, 1.09234985e+03, 4.09533020e+02,
       7.53096819e-01, 1.13661206e+03, 5.27253906e+02, 5.88793755e-01,
       1.13071985e+03, 5.74328186e+02, 5.85844278e-01, 1.33092114e+03,
       6.21642151e+02, 8.02059293e-01, 1.54862610e+03, 6.77466797e+02,
       5.77185869e-01, 1.13956836e+03, 4.77332397e+02, 5.50594807e-01,
       1.35444763e+03, 4.56682281e+02, 7.66617477e-01, 1.56332007e+03,
       4.53786743e+02, 6.36236906e-01, 7.42175659e+02, 5.09659485e+02,
       8.22781384e-01, 7.48127686e+02, 4.86208984e+02, 7.89681256e-01,
       0., 0., 0., 7.62871155e+02, 4.59548981e+02, 6.22794390e-01,
       1.63404443e+03, 4.18442291e+02, 3.35639447e-01, 1.63101001e+03,
       4.15539337e+02, 3.71322155e-01, 1.60160046e+03, 4.56727661e+02,
       2.73250699e-01, 1.63106763e+03, 6.59773376e+02, 6.11980081e-01,
       1.61930212e+03, 6.71582703e+02, 5.63193381e-01, 1.56927087e+03,
       6.95082092e+02, 3.09220016e-01 ]
