%YAML:1.0
---
pose_0: !!opencv-matrix
   rows: 1
   cols: 25
   dt: "3f"
   data: [ 7.45164429e+02, 3.56672089e+02, 8.15676391e-01,
       8.80549255e+02, 3.92011658e+02, 7.98579752e-01, 8.59982117e+02,
       4.74336609e+02, 7.57465124e-01, 9.95269043e+02, 5.50996582e+02,
       8.36935341e-01, 1.09536560e+03, 4.95015198e+02, 7.81693935e-01,
       9.01044189e+02, 3.15396027e+02, 7.11321354e-01, 1.04532422e+03,
       2.91997437e+02, 8.59742522e-01, 1.16004736e+03, 2.50676346e+02,
       7.84176588e-01, 1.13945581e+03, 4.09671387e+02, 6.15467012e-01,
       1.13068933e+03, 4.56779602e+02, 6.03573799e-01, 1.34841968e+03,
       4.97940674e+02, 7.30410814e-01, 1.55452332e+03, 5.45015930e+02,
       5.97169816e-01, 1.13957605e+03, 3.62446960e+02, 5.84293306e-01,
       1.33384900e+03, 3.30093231e+02, 5.23829699e-01, 1.56334680e+03,
       2.88846588e+02, 5.71955144e-01, 7.36273438e+02, 3.71324646e+02,
       8.00723612e-01, 7.39294250e+02, 3.39020050e+02, 8.65582943e-01,
       7.56874634e+02, 4.06605347e+02, 5.86964905e-01, 7.65850708e+02,
       3.21284943e+02, 3.68251115e-01, 1.63708923e+03, 2.65396912e+02,
       3.93729508e-01, 1.63403687e+03, 2.59472168e+02, 4.11713213e-01,
       1.58398584e+03, 2.83019318e+02, 2.78627574e-01, 1.61351660e+03,
       5.42074097e+02, 3.07639867e-01, 1.61053308e+03, 5.53877625e+02,
       3.05948317e-01, 1.58686841e+03, 5.39102905e+02, 3.58330905e-01 ]
