%YAML:1.0
---
pose_0: !!opencv-matrix
   rows: 1
   cols: 25
   dt: "3f"
   data: [ 7.53965088e+02, 3.65519440e+02, 8.61965299e-01,
       8.74606506e+02, 3.59611847e+02, 7.11112559e-01, 8.65810425e+02,
       4.27256592e+02, 5.97648621e-01, 1.02189429e+03, 4.80294922e+02,
       5.95377088e-01, 1.01593579e+03, 5.06750488e+02, 5.62628746e-01,
       8.83424683e+02, 2.71276520e+02, 7.13420630e-01, 1.02172357e+03,
       2.24206146e+02, 7.97458410e-01, 1.13958838e+03, 1.71214050e+02,
       8.20535064e-01, 1.14547925e+03, 3.83166168e+02, 6.02984667e-01,
       1.13951880e+03, 4.33142426e+02, 6.32169962e-01, 1.33379651e+03,
       4.80337158e+02, 6.37949228e-01, 1.52510498e+03, 4.89078369e+02,
       5.45859277e-01, 1.15427795e+03, 3.30100372e+02, 5.62883556e-01,
       1.35147925e+03, 3.33122284e+02, 5.10303199e-01, 1.57809436e+03,
       3.12386841e+02, 5.39690971e-01, 7.39232788e+02, 3.86066833e+02,
       8.40184808e-01, 7.42091248e+02, 3.47831329e+02, 8.18605423e-01,
       7.59828796e+02, 4.09514099e+02, 2.84857631e-01, 7.62835327e+02,
       3.18411560e+02, 5.33048570e-01, 1.64575061e+03, 2.71192047e+02,
       5.20339787e-01, 1.63701843e+03, 2.68422852e+02, 5.55792570e-01,
       1.61039160e+03, 3.15452332e+02, 3.27709645e-01, 1.58987878e+03,
       4.56698914e+02, 3.41119856e-01, 1.57221521e+03, 4.65541077e+02,
       2.65074313e-01, 1.56630139e+03, 4.97904175e+02, 2.38004655e-01 ]
