%YAML:1.0
---
pose_0: !!opencv-matrix
   rows: 2
   cols: 25
   dt: "3f"
   data: [ 7.27439819e+02, 4.12671661e+02, 7.52845407e-01,
       7.83397705e+02, 4.65579834e+02, 6.30847394e-01, 7.39245422e+02,
       5.06672943e+02, 5.35306871e-01, 6.74500183e+02, 4.83148285e+02,
       3.69667113e-01, 6.71710266e+02, 4.33121094e+02, 2.22043157e-01,
       8.09967224e+02, 4.18441101e+02, 5.67400515e-01, 9.80554382e+02,
       3.77182648e+02, 7.56056726e-01, 1.10419519e+03, 3.15355194e+02,
       8.18325579e-01, 1.11307361e+03, 4.80213593e+02, 5.45981050e-01,
       1.11592273e+03, 5.27368652e+02, 5.74216247e-01, 1.32794348e+03,
       5.30449890e+02, 7.69403756e-01, 1.56929468e+03, 5.62678833e+02,
       5.68954527e-01, 1.11013611e+03, 4.24341248e+02, 5.14363766e-01,
       1.35740564e+03, 3.91920563e+02, 6.18061483e-01, 1.53097302e+03,
       4.09539429e+02, 4.03604746e-01, 7.09854492e+02, 4.27199249e+02,
       7.39165187e-01, 7.15618286e+02, 4.06574005e+02, 2.22070470e-01,
       7.15571228e+02, 4.56604828e+02, 7.27053523e-01, 0., 0., 0.,
       1.61334338e+03, 3.65535583e+02, 5.52753747e-01, 1.60755347e+03,
       3.62600769e+02, 5.45729458e-01, 1.55455786e+03, 4.18420105e+02,
       1.95523113e-01, 1.65163745e+03, 5.53852844e+02, 4.59846765e-01,
       1.63987976e+03, 5.71464783e+02, 4.13910836e-01, 1.60751782e+03,
       5.50832153e+02, 2.42288560e-01, 0., 0., 0., 0., 0., 0.,
       8.33486877e+02, 5.77452332e+02, 4.58635837e-01, 9.51264282e+02,
       6.24418274e+02, 7.97064483e-01, 1.04822363e+03, 6.24505249e+02,
       7.80437350e-01, 0., 0., 0., 0., 0., 0., 0., 0., 0., 0., 0., 0.,
       0., 0., 0., 0., 0., 0., 0., 0., 0., 0., 0., 0., 0., 0., 0., 0.,
       0., 0., 0., 0., 0., 0., 0., 0., 0., 0., 0., 0., 0., 0., 0., 0.,
       0., 0., 0., 0., 0., 0., 0., 0., 0., 0., 0., 0., 0., 0., 0., 0. ]
