%YAML:1.0
---
pose_0: !!opencv-matrix
   rows: 1
   cols: 25
   dt: "3f"
   data: [ 5.74302429e+02, 5.27390442e+02, 8.42084050e-01,
       6.74559021e+02, 5.53753174e+02, 5.66825747e-01, 6.80393372e+02,
       6.36248169e+02, 4.50792015e-01, 8.01064819e+02, 7.15750488e+02,
       6.12199962e-01, 9.09987061e+02, 6.95076782e+02, 6.59066558e-01,
       6.71571960e+02, 4.80325043e+02, 4.99595106e-01, 8.48117859e+02,
       4.15597717e+02, 4.80192989e-01, 9.04165771e+02, 3.42039124e+02,
       4.40800130e-01, 1.04534155e+03, 5.33301636e+02, 4.84396398e-01,
       1.03651941e+03, 5.94956360e+02, 4.67145503e-01, 1.30144275e+03,
       6.18521301e+02, 3.89254332e-01, 1.66045398e+03, 5.97983765e+02,
       4.02110577e-01, 1.04534338e+03, 4.80174286e+02, 4.91815627e-01,
       1.30736426e+03, 4.12554077e+02, 3.99866998e-01, 1.42498328e+03,
       3.77186340e+02, 1.90703169e-01, 5.53920959e+02, 5.50795349e+02,
       7.80729055e-01, 5.53942078e+02, 5.06783051e+02, 8.33138883e-01,
       5.77376526e+02, 5.83260803e+02, 3.82100582e-01, 5.83243774e+02,
       4.83197754e+02, 5.09246647e-01, 1.52212854e+03, 3.65472443e+02,
       9.91120711e-02, 0., 0., 0., 1.47506384e+03, 3.86087585e+02,
       6.38752878e-02, 1.75464551e+03, 6.36211243e+02, 7.18979612e-02,
       0., 0., 0., 1.68694031e+03, 5.74390198e+02, 1.54824466e-01 ]
