%YAML:1.0
---
pose_0: !!opencv-matrix
   rows: 1
   cols: 25
   dt: "3f"
   data: [ 7.39315491e+02, 3.97863159e+02, 8.08196306e-01,
       8.59911987e+02, 3.86098999e+02, 7.92638421e-01, 8.74661377e+02,
       4.68504028e+02, 6.79534793e-01, 9.98164612e+02, 5.09742157e+02,
       7.76526630e-01, 1.09230615e+03, 5.95026306e+02, 8.02580893e-01,
       8.56961121e+02, 2.97850647e+02, 6.59145355e-01, 9.98363464e+02,
       2.44645691e+02, 8.68933439e-01, 1.09527954e+03, 3.18417938e+02,
       8.99040163e-01, 1.13944324e+03, 4.12592590e+02, 6.13137960e-01,
       1.12775989e+03, 4.59601532e+02, 6.22172892e-01, 1.33671375e+03,
       4.91985321e+02, 7.20673263e-01, 1.54577246e+03, 5.50755188e+02,
       6.47431374e-01, 1.14251843e+03, 3.62490326e+02, 6.02054596e-01,
       1.34847327e+03, 3.33023590e+02, 3.94103914e-01, 1.56038147e+03,
       3.06539642e+02, 5.58848560e-01, 7.27504700e+02, 4.12629364e+02,
       7.59881675e-01, 7.24552795e+02, 3.83141968e+02, 7.76867032e-01,
       7.50991394e+02, 4.32977356e+02, 1.94390982e-01, 7.42207092e+02,
       3.50724487e+02, 5.05486608e-01, 1.64280347e+03, 2.77170624e+02,
       3.30334693e-01, 1.63702490e+03, 2.71289001e+02, 3.50805849e-01,
       1.56927332e+03, 2.97754639e+02, 2.83580065e-01, 1.61345642e+03,
       5.33297729e+02, 6.37094975e-01, 1.60745264e+03, 5.50840271e+02,
       5.92336893e-01, 1.56636780e+03, 5.53871460e+02, 3.27683240e-01 ]
