%YAML:1.0
---
pose_0: !!opencv-matrix
   rows: 2
   cols: 25
   dt: "3f"
   data: [ 7.89257446e+02, 4.80216187e+02, 8.28172684e-01,
       8.83403564e+02, 5.00824341e+02, 6.25107348e-01, 8.59909546e+02,
       5.33328247e+02, 7.20500708e-01, 9.27620056e+02, 4.65562073e+02,
       3.95090282e-01, 1.01296124e+03, 2.91970612e+02, 5.49438298e-01,
       8.71706177e+02, 4.47894897e+02, 3.16267371e-01, 9.45282898e+02,
       3.83148071e+02, 3.46505731e-01, 1.01298730e+03, 2.94794281e+02,
       4.72168505e-01, 1.15134045e+03, 5.30221130e+02, 5.87631524e-01,
       1.14838391e+03, 5.74440491e+02, 5.71733594e-01, 1.32782178e+03,
       6.03909668e+02, 5.72559059e-01, 1.53096973e+03, 6.83305481e+02,
       5.09909213e-01, 1.15721484e+03, 4.83136261e+02, 6.25071228e-01,
       1.33086426e+03, 4.39132690e+02, 3.65037650e-01, 1.51331799e+03,
       4.09626953e+02, 4.07718480e-01, 7.74529297e+02, 4.86216370e+02,
       7.24294066e-01, 7.80475342e+02, 4.59620728e+02, 7.69826889e-01,
       7.89274475e+02, 5.12578552e+02, 4.29839313e-01, 8.01052734e+02,
       4.39048065e+02, 3.43665421e-01, 1.60161157e+03, 3.47839661e+02,
       1.61420017e-01, 1.59576367e+03, 3.47776093e+02, 1.72660530e-01,
       1.54273718e+03, 4.12507385e+02, 3.34020108e-01, 1.60456848e+03,
       6.71611877e+02, 3.63576919e-01, 1.58983752e+03, 6.86319092e+02,
       3.12458515e-01, 1.54866162e+03, 6.92208496e+02, 3.38961601e-01,
       0., 0., 0., 0., 0., 0., 0., 0., 0., 0., 0., 0., 0., 0., 0.,
       9.42322021e+02, 4.56707947e+02, 2.98366398e-01, 1.05714038e+03,
       4.15474396e+02, 6.65452063e-01, 1.16605774e+03, 3.65334595e+02,
       8.37182820e-01, 0., 0., 0., 0., 0., 0., 0., 0., 0., 0., 0., 0.,
       0., 0., 0., 0., 0., 0., 0., 0., 0., 0., 0., 0., 0., 0., 0., 0.,
       0., 0., 0., 0., 0., 0., 0., 0., 0., 0., 0., 0., 0., 0., 0., 0.,
       0., 0., 0., 0., 0., 0., 0. ]
