%YAML:1.0
---
pose_0: !!opencv-matrix
   rows: 1
   cols: 25
   dt: "3f"
   data: [ 7.21667175e+02, 3.41960999e+02, 7.69556463e-01,
       7.89334778e+02, 3.62588867e+02, 6.79418921e-01, 7.89243164e+02,
       4.15510651e+02, 7.08060503e-01, 8.12921997e+02, 4.36220428e+02,
       7.49676108e-01, 8.56926941e+02, 2.94853119e+02, 4.70642686e-01,
       7.83379089e+02, 3.03682312e+02, 4.47857797e-01, 8.54069580e+02,
       2.71319946e+02, 1.69788048e-01, 8.68747742e+02, 2.56569092e+02,
       5.13808280e-02, 1.06894861e+03, 3.68445435e+02, 5.37776053e-01,
       1.06596594e+03, 4.15576508e+02, 5.22579134e-01, 1.28380811e+03,
       4.30146515e+02, 6.92155600e-01, 1.52219324e+03, 4.53756958e+02,
       5.62026620e-01, 1.07191565e+03, 3.18286682e+02, 5.19461989e-01,
       1.30723877e+03, 3.00717590e+02, 6.72400892e-01, 1.53974475e+03,
       2.74315643e+02, 6.18618906e-01, 7.12691833e+02, 3.53725006e+02,
       6.88282788e-01, 7.12810181e+02, 3.33042206e+02, 6.11516297e-01,
       7.18661133e+02, 3.85943665e+02, 5.02104819e-01, 7.24582092e+02,
       3.09549896e+02, 2.35051990e-01, 1.63099500e+03, 2.68373291e+02,
       3.07303160e-01, 1.62807678e+03, 2.65318268e+02, 3.13501447e-01,
       1.56334680e+03, 2.68313690e+02, 2.21176118e-01, 1.61052734e+03,
       4.56645386e+02, 5.46800435e-01, 1.60450488e+03, 4.65540527e+02,
       4.59544361e-01, 1.54867273e+03, 4.53765228e+02, 2.65796125e-01 ]
