%YAML:1.0
---
pose_0: !!opencv-matrix
   rows: 1
   cols: 25
   dt: "3f"
   data: [ 7.86280762e+02, 5.09707672e+02, 8.30536008e-01,
       8.86401245e+02, 5.06665985e+02, 7.51425505e-01, 8.83384827e+02,
       5.71443909e+02, 6.76450670e-01, 1.00121143e+03, 6.24610229e+02,
       7.93970168e-01, 9.62888184e+02, 7.21570923e+02, 7.09658682e-01,
       8.95227661e+02, 4.36205597e+02, 6.74176991e-01, 1.00120343e+03,
       3.62594727e+02, 8.41025651e-01, 9.98320740e+02, 2.47792786e+02,
       8.58628273e-01, 1.13652661e+03, 5.24440247e+02, 6.04756594e-01,
       1.12779626e+03, 5.68567688e+02, 6.09483421e-01, 1.33969812e+03,
       6.09745239e+02, 6.70306623e-01, 1.52218640e+03, 6.27379822e+02,
       6.79714084e-01, 1.13947876e+03, 4.74307129e+02, 5.81591606e-01,
       1.35731750e+03, 4.68472046e+02, 6.56477690e-01, 1.54571875e+03,
       4.39129272e+02, 6.59199297e-01, 7.68696716e+02, 5.27466858e+02,
       8.05504918e-01, 7.65894104e+02, 4.94923004e+02, 7.76742399e-01,
       7.89398987e+02, 5.50787415e+02, 2.49602199e-01, 7.89424744e+02,
       4.62589508e+02, 5.01338303e-01, 1.61336890e+03, 4.24306427e+02,
       4.08700466e-01, 1.60754456e+03, 4.18438202e+02, 4.41660762e-01,
       1.57804382e+03, 4.36164337e+02, 2.62471676e-01, 1.57218665e+03,
       6.80363953e+02, 5.30312717e-01, 1.57222363e+03, 6.74513794e+02,
       4.86856818e-01, 1.55160645e+03, 6.09797119e+02, 5.22630036e-01 ]
