%YAML:1.0
---
pose_0: !!opencv-matrix
   rows: 1
   cols: 25
   dt: "3f"
   data: [ 7.21617554e+02, 4.92047760e+02, 8.13057125e-01,
       8.39377869e+02, 5.03896210e+02, 7.03222573e-01, 8.56883240e+02,
       5.74365112e+02, 6.69368863e-01, 9.86501160e+02, 6.03945862e+02,
       7.24142671e-01, 1.11607520e+03, 6.56791565e+02, 8.19117248e-01,
       8.33510742e+02, 4.36056183e+02, 5.94904006e-01, 9.95367065e+02,
       3.88995544e+02, 8.11258435e-01, 1.14245996e+03, 3.65439789e+02,
       8.80342901e-01, 1.12779041e+03, 5.03803192e+02, 6.00090742e-01,
       1.12192847e+03, 5.50956970e+02, 6.39931917e-01, 1.33382410e+03,
       6.24344604e+02, 7.50859499e-01, 1.54866809e+03, 6.71581604e+02,
       6.53300762e-01, 1.13364709e+03, 4.53728577e+02, 5.66290975e-01,
       1.33080432e+03, 4.59515015e+02, 7.76542068e-01, 1.56633716e+03,
       4.68533081e+02, 6.32203519e-01, 7.09777405e+02, 5.06742584e+02,
       7.97653437e-01, 7.15663574e+02, 4.77245667e+02, 8.78521264e-01,
       7.21652893e+02, 5.30308838e+02, 4.76002604e-01, 7.42131287e+02,
       4.50850616e+02, 5.83205044e-01, 1.63997852e+03, 4.42009155e+02,
       4.62222189e-01, 1.63693005e+03, 4.39082031e+02, 4.99798566e-01,
       1.59574951e+03, 4.80219818e+02, 3.01863432e-01, 1.62806274e+03,
       6.56846252e+02, 4.63032633e-01, 1.61345630e+03, 6.71545593e+02,
       4.18515861e-01, 1.56929504e+03, 6.74558655e+02, 2.88100988e-01 ]
