%YAML:1.0
---
pose_0: !!opencv-matrix
   rows: 1
   cols: 25
   dt: "3f"
   data: [ 7.24613770e+02, 3.86087280e+02, 7.74466038e-01,
       8.15866760e+02, 3.97877808e+02, 5.37249267e-01, 8.09890015e+02,
       4.53785309e+02, 6.12038255e-01, 8.27579773e+02, 4.68444153e+02,
       6.43926024e-01, 8.33554138e+02, 3.41904877e+02, 6.83551311e-01,
       8.27563965e+02, 3.56626007e+02, 2.91529328e-01, 7.86353271e+02,
       3.09492767e+02, 9.97175127e-02, 0., 0., 0., 1.09239282e+03,
       3.89048798e+02, 5.33813119e-01, 1.09249780e+03, 4.36109161e+02,
       5.32559454e-01, 1.31614343e+03, 4.56823822e+02, 7.64350772e-01,
       1.54284558e+03, 4.77357361e+02, 5.97749233e-01, 1.08952148e+03,
       3.38993134e+02, 5.21356702e-01, 1.31617371e+03, 3.18294617e+02,
       6.81006730e-01, 1.56332141e+03, 2.86004883e+02, 5.64884424e-01,
       7.09818787e+02, 3.92022736e+02, 6.75242364e-01, 7.18769714e+02,
       3.62561646e+02, 8.14230561e-01, 7.24568970e+02, 4.18429443e+02,
       2.87866235e-01, 7.59773804e+02, 3.41966339e+02, 4.90025431e-01,
       1.63998901e+03, 2.77162720e+02, 4.83346045e-01, 1.63697229e+03,
       2.71226379e+02, 5.19301713e-01, 1.58392822e+03, 2.71299988e+02,
       2.48834789e-01, 1.61334033e+03, 4.80297150e+02, 2.54729837e-01,
       1.61054431e+03, 4.89098480e+02, 2.39254087e-01, 1.58104980e+03,
       4.62644745e+02, 4.30540532e-01 ]
