%YAML:1.0
---
pose_0: !!opencv-matrix
   rows: 1
   cols: 25
   dt: "3f"
   data: [ 8.06940796e+02, 5.12613892e+02, 7.01075613e-01,
       8.59874878e+02, 5.77401367e+02, 6.94563270e-01, 8.30498718e+02,
       6.00874817e+02, 4.38459575e-01, 7.51050354e+02, 5.53913574e+02,
       2.08550826e-01, 0., 0., 0., 8.95271179e+02, 5.53756470e+02,
       5.03634214e-01, 9.51183838e+02, 4.80127899e+02, 6.36533499e-01,
       9.77673462e+02, 3.41953064e+02, 7.49366164e-01, 1.14243958e+03,
       5.74507568e+02, 4.97175872e-01, 1.15128137e+03, 6.24384155e+02,
       4.80301857e-01, 1.36027625e+03, 6.45145935e+02, 8.02150548e-01,
       1.55156116e+03, 7.15788086e+02, 6.83480740e-01, 1.13661292e+03,
       5.27230652e+02, 5.47577500e-01, 1.28383960e+03, 4.56795288e+02,
       7.27534652e-01, 1.48978076e+03, 4.65554169e+02, 3.32684457e-01,
       7.86332825e+02, 5.24329590e+02, 6.97681904e-01, 7.92199585e+02,
       5.03732697e+02, 2.57119060e-01, 7.89292908e+02, 5.53792603e+02,
       4.89880621e-01, 0., 0., 0., 1.52804370e+03, 5.18471252e+02,
       1.02480114e-01, 0., 0., 0., 1.53098633e+03, 4.62597321e+02,
       2.44494662e-01, 1.61050928e+03, 6.92093567e+02, 5.91886520e-01,
       1.60454138e+03, 7.09772095e+02, 5.33851802e-01, 1.56623816e+03,
       7.39268677e+02, 5.05647182e-01 ]
