%YAML:1.0
---
pose_0: !!opencv-matrix
   rows: 1
   cols: 25
   dt: "3f"
   data: [ 7.06899414e+02, 6.03840942e+02, 8.41527760e-01,
       8.12871521e+02, 5.80270508e+02, 6.60332620e-01, 7.95147949e+02,
       6.36229675e+02, 3.65142047e-01, 0., 0., 0., 0., 0., 0.,
       8.33377625e+02, 5.27322937e+02, 7.54664838e-01, 9.74658630e+02,
       4.83299194e+02, 7.77727723e-01, 1.13367896e+03, 4.62627441e+02,
       7.70485699e-01, 1.11009387e+03, 6.27378967e+02, 5.74886501e-01,
       1.09540161e+03, 6.71629089e+02, 6.07881725e-01, 1.30433752e+03,
       7.42198608e+02, 6.72365963e-01, 1.38678076e+03, 6.71593079e+02,
       2.30751336e-01, 1.11605469e+03, 5.74445862e+02, 5.65293670e-01,
       1.30729688e+03, 6.50911926e+02, 6.02401197e-01, 1.58105872e+03,
       6.74588135e+02, 5.53502679e-01, 6.92055908e+02, 6.21443054e+02,
       8.46824646e-01, 6.94989746e+02, 5.83233643e+02, 8.26297820e-01,
       7.09775757e+02, 6.30366211e+02, 7.30892941e-02, 7.12801086e+02,
       5.53909912e+02, 6.34440958e-01, 1.66049426e+03, 6.45028687e+02,
       4.27949041e-01, 1.65755640e+03, 6.44990967e+02, 4.52724874e-01,
       1.61038757e+03, 6.95122375e+02, 2.74512649e-01, 1.41034253e+03,
       6.92195984e+02, 7.27270767e-02, 1.40447754e+03, 6.89261841e+02,
       6.83006719e-02, 0., 0., 0. ]
