%YAML:1.0
---
pose_0: !!opencv-matrix
   rows: 1
   cols: 25
   dt: "3f"
   data: [ 7.06875244e+02, 3.15256836e+02, 8.10066283e-01,
       7.92280457e+02, 2.30088486e+02, 6.30677164e-01, 8.09757263e+02,
       3.12488892e+02, 6.49799228e-01, 9.21739929e+02, 3.92016235e+02,
       6.76506639e-01, 1.02171967e+03, 5.06683136e+02, 6.66352928e-01,
       7.86296143e+02, 1.59473373e+02, 5.08769572e-01, 9.39418701e+02,
       8.29225540e+01, 7.68070936e-01, 1.06589868e+03, 1.03445496e+02,
       7.54927576e-01, 1.06883179e+03, 2.85948181e+02, 4.94030058e-01,
       1.05714355e+03, 3.38866913e+02, 5.06185055e-01, 1.28378186e+03,
       3.59475220e+02, 5.63411713e-01, 1.31024194e+03, 3.59578735e+02,
       5.54459244e-02, 1.07769873e+03, 2.24257660e+02, 4.47556555e-01,
       1.30434961e+03, 1.94655975e+02, 3.15717906e-01, 1.56338574e+03,
       1.21209129e+02, 2.57025301e-01, 6.92137939e+02, 3.15302948e+02,
       6.71718955e-01, 6.98137756e+02, 2.91905060e+02, 8.14072251e-01,
       0., 0., 0., 7.12678650e+02, 2.41775864e+02, 5.75109482e-01,
       1.61929285e+03, 1.29943390e+02, 9.68334824e-02, 1.61632764e+03,
       1.21180771e+02, 1.09596968e-01, 1.57512646e+03, 1.09463608e+02,
       1.87425420e-01, 1.31328992e+03, 3.62577789e+02, 6.99922219e-02,
       0., 0., 0., 0., 0., 0. ]
