%YAML:1.0
---
pose_0: !!opencv-matrix
   rows: 1
   cols: 25
   dt: "3f"
   data: [ 7.59806030e+02, 5.03860321e+02, 7.70330191e-01,
       8.39350281e+02, 4.41956390e+02, 4.31582123e-01, 8.36303711e+02,
       4.50810913e+02, 2.84554780e-01, 0., 0., 0., 0., 0., 0.,
       8.39406921e+02, 4.36069244e+02, 7.73010969e-01, 9.60036438e+02,
       5.30322266e+02, 8.29240263e-01, 8.33345581e+02, 5.47977844e+02,
       8.22102904e-01, 1.11300159e+03, 4.27279633e+02, 3.31172079e-01,
       1.11893469e+03, 3.91932556e+02, 2.22527295e-01, 1.34849854e+03,
       4.62608643e+02, 2.95161456e-01, 1.63398877e+03, 4.30128906e+02,
       1.33874446e-01, 1.11600317e+03, 4.33218933e+02, 3.97352755e-01,
       1.34551270e+03, 4.80194794e+02, 5.63685954e-01, 1.63392371e+03,
       4.24367126e+02, 4.64794606e-01, 0., 0., 0., 7.45185059e+02,
       4.83299377e+02, 7.59514570e-01, 0., 0., 0., 7.62699890e+02,
       4.47897491e+02, 6.10873401e-01, 1.67522766e+03, 3.77267853e+02,
       2.66030192e-01, 1.67808081e+03, 3.80210876e+02, 2.57717282e-01,
       1.66932434e+03, 4.09614105e+02, 1.90598667e-01, 1.66638586e+03,
       3.77247253e+02, 1.57906041e-01, 1.66052295e+03, 3.91956055e+02,
       8.18264708e-02, 1.68405225e+03, 3.89159729e+02, 5.99020123e-02 ]
