%YAML:1.0
---
pose_0: !!opencv-matrix
   rows: 1
   cols: 25
   dt: "3f"
   data: [ 7.36202576e+02, 5.36170654e+02, 7.36472309e-01,
       8.09837280e+02, 4.59759613e+02, 5.66400111e-01, 8.06967041e+02,
       4.53760284e+02, 4.28317606e-01, 9.54061646e+02, 5.24383972e+02,
       5.91997243e-02, 0., 0., 0., 8.09847168e+02, 4.77357178e+02,
       7.66012907e-01, 9.51249817e+02, 5.15573730e+02, 8.22961450e-01,
       9.60061157e+02, 6.24519470e+02, 6.79955542e-01, 1.11897400e+03,
       4.53714752e+02, 4.90250438e-01, 1.11593445e+03, 4.80179443e+02,
       3.75378370e-01, 1.33081152e+03, 4.91997131e+02, 6.46909356e-01,
       1.43680811e+03, 4.41977997e+02, 3.48003238e-01, 1.11897095e+03,
       4.15552399e+02, 4.05050695e-01, 1.33376550e+03, 5.44925659e+02,
       7.42859542e-01, 1.59285999e+03, 4.36183044e+02, 3.80575001e-01,
       0., 0., 0., 7.18817505e+02, 5.21503174e+02, 7.59337246e-01, 0.,
       0., 0., 7.42097473e+02, 4.80280121e+02, 7.02205300e-01,
       1.67807751e+03, 3.85967743e+02, 4.05715644e-01, 1.67523169e+03,
       3.85967468e+02, 3.73227775e-01, 1.62221094e+03, 4.36135529e+02,
       1.62033886e-01, 1.44271765e+03, 4.80307617e+02, 7.28176162e-02,
       0., 0., 0., 1.44855212e+03, 4.21401855e+02, 1.39267474e-01 ]
