%YAML:1.0
---
pose_0: !!opencv-matrix
   rows: 1
   cols: 25
   dt: "3f"
   data: [ 7.15664490e+02, 3.36081299e+02, 6.84412956e-01,
       7.86311951e+02, 2.44702072e+02, 6.20574355e-01, 7.74582581e+02,
       3.09490112e+02, 4.60169971e-01, 8.95215210e+02, 4.30233582e+02,
       5.14285326e-01, 9.83570251e+02, 5.50915466e+02, 6.66760564e-01,
       7.89223389e+02, 1.77093491e+02, 4.49955314e-01, 9.48250305e+02,
       1.03528008e+02, 8.00712109e-01, 1.06886633e+03, 1.47574677e+02,
       7.92343080e-01, 1.07481299e+03, 2.86003418e+02, 4.48988467e-01,
       1.07186096e+03, 3.36068542e+02, 4.64886844e-01, 1.31908875e+03,
       3.83160706e+02, 3.52797806e-01, 1.35738879e+03, 3.89045746e+02,
       1.60345778e-01, 1.08358801e+03, 2.24243607e+02, 3.90270412e-01,
       1.22194165e+03, 1.94734299e+02, 2.43621349e-01, 1.39553479e+03,
       1.59469528e+02, 2.88611799e-01, 6.98044983e+02, 3.41959534e+02,
       5.09718172e-02, 6.95257263e+02, 3.24251648e+02, 7.13503957e-01,
       0., 0., 0., 6.98115234e+02, 2.80139771e+02, 5.81672549e-01,
       1.46924426e+03, 1.35907761e+02, 5.40437773e-02, 1.46326343e+03,
       1.35924454e+02, 5.97055070e-02, 1.40737878e+03, 1.44725800e+02,
       1.36247590e-01, 0., 0., 0., 0., 0., 0., 1.37206592e+03,
       3.89088776e+02, 1.09409086e-01 ]
