%YAML:1.0
---
pose_0: !!opencv-matrix
   rows: 1
   cols: 25
   dt: "3f"
   data: [ 6.92112854e+02, 4.83343353e+02, 8.67390811e-01,
       8.18721619e+02, 5.03726349e+02, 6.99789524e-01, 8.33435547e+02,
       5.89121094e+02, 6.10489011e-01, 9.45216675e+02, 6.21600830e+02,
       6.33411109e-01, 1.02773364e+03, 6.18542297e+02, 7.95462012e-01,
       8.24559814e+02, 4.24342133e+02, 5.56979358e-01, 9.74586426e+02,
       3.41881866e+02, 8.71646583e-01, 9.03953979e+02, 3.89001831e+02,
       8.78070712e-01, 1.11012866e+03, 5.15605957e+02, 5.28134644e-01,
       1.09830396e+03, 5.62671265e+02, 5.18728971e-01, 1.30434680e+03,
       5.74510071e+02, 6.16040945e-01, 1.47507947e+03, 5.74349548e+02,
       5.55482030e-01, 1.11599194e+03, 4.59586884e+02, 5.37536800e-01,
       1.34551611e+03, 4.59801727e+02, 7.23158062e-01, 1.54864490e+03,
       4.68521088e+02, 6.19961023e-01, 6.71588013e+02, 4.97906830e+02,
       7.38497496e-01, 6.83294556e+02, 4.62699402e+02, 7.72658467e-01,
       6.92177429e+02, 5.18495117e+02, 1.99380800e-01, 7.12781860e+02,
       4.39067352e+02, 5.94503403e-01, 1.62518579e+03, 4.86167297e+02,
       3.16350251e-01, 1.62221936e+03, 4.77226776e+02, 3.57797027e-01,
       1.57516394e+03, 4.62567017e+02, 2.65592307e-01, 1.54272046e+03,
       5.71486450e+02, 3.90470862e-01, 1.53387695e+03, 5.80279663e+02,
       3.56600016e-01, 1.49573840e+03, 5.50965942e+02, 3.46870095e-01 ]
