%YAML:1.0
---
pose_0: !!opencv-matrix
   rows: 1
   cols: 25
   dt: "3f"
   data: [ 0., 0., 0., 8.27589233e+02, 5.21480530e+02, 3.48304063e-01,
       8.48156921e+02, 5.06724091e+02, 2.23401368e-01, 9.27625305e+02,
       4.74335571e+02, 3.59186023e-01, 8.45240845e+02, 3.97805634e+02,
       5.20584702e-01, 8.01065186e+02, 5.27348328e+02, 2.58036435e-01,
       0., 0., 0., 0., 0., 0., 1.13364917e+03, 5.21424866e+02,
       2.00197011e-01, 1.11598804e+03, 5.36158752e+02, 1.52922541e-01,
       1.34558350e+03, 4.80164673e+02, 6.85525239e-01, 1.61043726e+03,
       6.59792603e+02, 6.01521552e-01, 1.15426099e+03, 5.00838562e+02,
       1.91710338e-01, 1.35143567e+03, 4.53755249e+02, 4.21697021e-01,
       1.56928894e+03, 5.06885712e+02, 6.78916276e-01, 0., 0., 0., 0.,
       0., 0., 0., 0., 0., 7.56867554e+02, 5.47954773e+02,
       5.47671765e-02, 1.60455029e+03, 4.47885834e+02, 3.43875140e-01,
       1.59288831e+03, 4.50842590e+02, 3.67795140e-01, 1.58694861e+03,
       5.30279419e+02, 5.15706718e-01, 1.66339453e+03, 6.71572510e+02,
       5.75903654e-01, 1.64872754e+03, 6.86218750e+02, 5.63938856e-01,
       1.61638977e+03, 6.77486816e+02, 3.70672703e-01 ]
