%YAML:1.0
---
pose_0: !!opencv-matrix
   rows: 1
   cols: 25
   dt: "3f"
   data: [ 6.95044067e+02, 4.91988525e+02, 8.16843331e-01,
       8.21713745e+02, 5.27390137e+02, 7.47848034e-01, 8.06948181e+02,
       6.00915771e+02, 7.66675413e-01, 9.18798279e+02, 6.65666199e+02,
       7.36915827e-01, 1.00713208e+03, 6.68493896e+02, 8.02260160e-01,
       8.42230042e+02, 4.56610260e+02, 5.89942575e-01, 9.98205627e+02,
       4.33252197e+02, 7.78670490e-01, 1.11010217e+03, 4.09635712e+02,
       8.08107495e-01, 1.07776367e+03, 5.59732971e+02, 5.81038535e-01,
       1.06598657e+03, 6.03961487e+02, 5.35977185e-01, 1.28078516e+03,
       6.00823059e+02, 7.39375055e-01, 1.52805200e+03, 6.51030396e+02,
       5.03939390e-01, 1.09239355e+03, 5.06781494e+02, 5.97033203e-01,
       1.31906885e+03, 4.94938324e+02, 6.65926933e-01, 1.53392236e+03,
       5.47845154e+02, 6.38020813e-01, 6.86291687e+02, 5.09647858e+02,
       7.75372207e-01, 6.86228027e+02, 4.83075806e+02, 7.70666063e-01,
       7.01020142e+02, 5.47922913e+02, 6.82446301e-01, 7.06854980e+02,
       4.65564697e+02, 2.08130687e-01, 1.60462305e+03, 5.00819946e+02,
       4.72250164e-01, 1.59570984e+03, 4.97895844e+02, 4.78191495e-01,
       1.55161450e+03, 5.71464783e+02, 4.01490927e-01, 1.62517896e+03,
       6.18538818e+02, 4.29376900e-01, 1.61633704e+03, 6.24559143e+02,
       3.24300855e-01, 1.55746228e+03, 6.68578857e+02, 2.53230244e-01 ]
