%YAML:1.0
---
pose_0: !!opencv-matrix
   rows: 1
   cols: 25
   dt: "3f"
   data: [ 6.86257385e+02, 6.00871338e+02, 6.96105897e-01,
       8.01019409e+02, 5.77450806e+02, 6.08837605e-01, 8.12753784e+02,
       6.68568665e+02, 6.09201729e-01, 9.51069763e+02, 7.48118713e+02,
       8.09928298e-01, 8.33517456e+02, 7.18635986e+02, 8.36850941e-01,
       7.77504883e+02, 5.09708618e+02, 4.47737455e-01, 9.65928528e+02,
       4.36115021e+02, 8.17452788e-01, 8.30398193e+02, 4.62593323e+02,
       8.17267060e-01, 1.12482996e+03, 6.18524719e+02, 5.92609584e-01,
       1.11306958e+03, 6.68614746e+02, 6.18612289e-01, 1.34849536e+03,
       7.65900818e+02, 7.89098322e-01, 1.54274438e+03, 7.24508118e+02,
       6.40965283e-01, 1.13948340e+03, 5.53920532e+02, 5.22910178e-01,
       1.37793762e+03, 5.62620911e+02, 7.04966068e-01, 1.63695398e+03,
       5.24398132e+02, 5.16989589e-01, 6.71458496e+02, 6.21449585e+02,
       6.79207027e-01, 6.68688904e+02, 5.92059937e+02, 6.16550624e-01,
       6.95224915e+02, 6.24525940e+02, 1.68187007e-01, 6.71487305e+02,
       5.59708496e+02, 4.07309830e-01, 1.71931592e+03, 4.94964630e+02,
       3.76359671e-01, 1.70769080e+03, 4.89133423e+02, 4.46893811e-01,
       1.69871875e+03, 5.33183655e+02, 1.81751564e-01, 1.63108789e+03,
       7.80457642e+02, 1.67749852e-01, 0., 0., 0., 1.56340942e+03,
       7.00965393e+02, 5.45158088e-01 ]
