%YAML:1.0
---
pose_0: !!opencv-matrix
   rows: 1
   cols: 25
   dt: "3f"
   data: [ 7.80490479e+02, 5.50995300e+02, 7.58837759e-01,
       8.62864685e+02, 4.92014709e+02, 5.35694718e-01, 8.54074341e+02,
       4.86118774e+02, 3.58533293e-01, 0., 0., 0., 0., 0., 0.,
       8.80484314e+02, 5.03673859e+02, 7.35976160e-01, 1.02172797e+03,
       5.06802765e+02, 8.49101603e-01, 1.10128748e+03, 6.21567322e+02,
       7.52017617e-01, 1.14248767e+03, 4.59611267e+02, 4.31688130e-01,
       1.13068713e+03, 4.94927490e+02, 2.75193483e-01, 1.36914282e+03,
       5.36130493e+02, 5.36679208e-01, 1.57809802e+03, 4.47843292e+02,
       3.80245000e-01, 1.14546204e+03, 4.33184143e+02, 3.78362089e-01,
       1.36911633e+03, 5.53746704e+02, 6.88161314e-01, 1.60750549e+03,
       4.36063904e+02, 3.00861388e-01, 0., 0., 0., 7.68755615e+02,
       5.30447510e+02, 7.29326129e-01, 0., 0., 0., 7.92292297e+02,
       5.03659271e+02, 6.94059193e-01, 1.68105640e+03, 3.65484222e+02,
       3.71352762e-01, 1.68102759e+03, 3.68363495e+02, 3.36979717e-01,
       1.63397205e+03, 4.59681000e+02, 1.58540726e-01, 0., 0., 0., 0.,
       0., 0., 0., 0., 0. ]
