%YAML:1.0
---
pose_0: !!opencv-matrix
   rows: 1
   cols: 25
   dt: "3f"
   data: [ 6.48096069e+02, 5.27250366e+02, 8.26056421e-01,
       7.77475159e+02, 5.59754883e+02, 6.47905588e-01, 7.89204895e+02,
       6.51029602e+02, 6.66284919e-01, 9.33489075e+02, 7.01028076e+02,
       7.08045363e-01, 9.27489929e+02, 6.48097107e+02, 8.31950545e-01,
       7.56887756e+02, 4.91988281e+02, 5.56270480e-01, 8.01104797e+02,
       4.53751678e+02, 5.29233038e-01, 8.71701233e+02, 4.09599579e+02,
       6.19719446e-01, 1.07180359e+03, 5.50825989e+02, 5.33809125e-01,
       1.06598877e+03, 5.98072266e+02, 5.54701328e-01, 1.29554553e+03,
       6.18581360e+02, 2.80122876e-01, 1.50747424e+03, 6.18620789e+02,
       1.76611885e-01, 1.06884912e+03, 4.86188507e+02, 5.12627363e-01,
       1.32490857e+03, 5.06784088e+02, 6.19865537e-01, 1.63988660e+03,
       5.21494141e+02, 3.90529096e-01, 6.30353027e+02, 5.36164001e+02,
       7.48774827e-01, 6.42181274e+02, 5.03668549e+02, 7.84509718e-01,
       6.48046204e+02, 5.74356873e+02, 4.72616792e-01, 6.71552002e+02,
       4.80310760e+02, 4.16118056e-01, 1.68415503e+03, 6.15669067e+02,
       1.10296264e-01, 1.70163647e+03, 6.03946533e+02, 9.29702371e-02,
       0., 0., 0., 0., 0., 0., 0., 0., 0., 1.54864368e+03,
       6.24413086e+02, 8.57074633e-02 ]
