%YAML:1.0
---
pose_0: !!opencv-matrix
   rows: 1
   cols: 25
   dt: "3f"
   data: [ 6.48055481e+02, 4.44939514e+02, 8.33114505e-01,
       7.65820190e+02, 4.33220215e+02, 6.75384879e-01, 7.74558044e+02,
       5.06751160e+02, 3.79419893e-01, 8.98203186e+02, 5.53849304e+02,
       9.01736692e-02, 0., 0., 0., 7.68721924e+02, 3.44932770e+02,
       6.50494158e-01, 8.83549438e+02, 2.91844421e+02, 8.10599327e-01,
       9.98279907e+02, 2.24068283e+02, 8.79380584e-01, 1.10124902e+03,
       4.24349823e+02, 5.04915297e-01, 1.09834302e+03, 4.80193634e+02,
       4.82807308e-01, 1.30442261e+03, 4.36029053e+02, 4.89095688e-01,
       1.53981763e+03, 4.15553040e+02, 7.54469484e-02, 1.10421545e+03,
       3.62585297e+02, 5.06748438e-01, 1.30733508e+03, 3.65407745e+02,
       4.14484411e-01, 1.40443213e+03, 3.80223816e+02, 1.07074700e-01,
       6.33335266e+02, 4.62572845e+02, 7.96368241e-01, 6.36247192e+02,
       4.24332001e+02, 7.91684270e-01, 6.47983032e+02, 4.86239075e+02,
       2.35763118e-01, 6.65661499e+02, 3.89025787e+02, 5.18121719e-01,
       0., 0., 0., 0., 0., 0., 0., 0., 0., 0., 0., 0., 0., 0., 0., 0.,
       0., 0. ]
