%YAML:1.0
---
pose_0: !!opencv-matrix
   rows: 1
   cols: 25
   dt: "3f"
   data: [ 7.68698792e+02, 4.39036835e+02, 4.16946322e-01,
       8.42276917e+02, 4.80150177e+02, 6.69893742e-01, 8.27511780e+02,
       5.33280151e+02, 7.18941927e-01, 9.48267456e+02, 6.00812622e+02,
       8.40652049e-01, 1.09832056e+03, 6.15692017e+02, 7.77851760e-01,
       8.68721375e+02, 4.12619110e+02, 3.38971406e-01, 1.01302637e+03,
       3.83100159e+02, 7.35830963e-01, 1.11295190e+03, 3.15336853e+02,
       8.27228665e-01, 1.10422168e+03, 4.80163635e+02, 5.27125120e-01,
       1.11302979e+03, 5.21458313e+02, 4.29608315e-01, 1.32784045e+03,
       4.83325592e+02, 7.31476605e-01, 1.54275574e+03, 5.33281494e+02,
       5.88241279e-01, 1.10717871e+03, 4.30126282e+02, 5.82893491e-01,
       1.32498962e+03, 4.12601166e+02, 5.95922709e-01, 1.53390112e+03,
       4.56787842e+02, 6.11549735e-01, 7.54002258e+02, 4.56706848e+02,
       3.80684763e-01, 7.62890869e+02, 4.30191956e+02, 3.51242304e-01,
       7.42257263e+02, 5.00803436e+02, 4.11026508e-01, 0., 0., 0.,
       1.60751782e+03, 4.09534210e+02, 4.80233192e-01, 1.59579187e+03,
       4.09509430e+02, 4.55900818e-01, 1.55450269e+03, 4.71457916e+02,
       4.92780477e-01, 1.61353296e+03, 5.36172424e+02, 5.44969082e-01,
       1.60459521e+03, 5.50874390e+02, 5.00482917e-01, 1.56634412e+03,
       5.30320740e+02, 2.92520046e-01 ]
