%YAML:1.0
---
pose_0: !!opencv-matrix
   rows: 1
   cols: 25
   dt: "3f"
   data: [ 7.15839294e+02, 4.68507080e+02, 8.40158165e-01,
       8.30536499e+02, 4.74340332e+02, 7.13243961e-01, 8.33532410e+02,
       5.47872803e+02, 7.05599308e-01, 9.54182068e+02, 6.06877075e+02,
       8.04925680e-01, 1.06889771e+03, 6.65645569e+02, 8.25783491e-01,
       8.30535706e+02, 3.97827362e+02, 6.04402006e-01, 9.74659180e+02,
       3.44837982e+02, 7.78908491e-01, 1.09545911e+03, 2.97860229e+02,
       8.48155797e-01, 1.07478381e+03, 4.83237793e+02, 6.04851782e-01,
       1.06883533e+03, 5.30404541e+02, 6.15298986e-01, 1.31029700e+03,
       5.50951782e+02, 6.77052975e-01, 1.52216467e+03, 5.77309021e+02,
       5.37976205e-01, 1.08358606e+03, 4.33111145e+02, 6.09716535e-01,
       1.27786230e+03, 4.36175964e+02, 6.43704116e-01, 1.52514771e+03,
       4.33206940e+02, 4.42644536e-01, 6.98145447e+02, 4.83127594e+02,
       7.77846694e-01, 7.09865356e+02, 4.50768677e+02, 8.10505867e-01,
       7.18766174e+02, 5.03910309e+02, 3.05147290e-01, 7.36268433e+02,
       4.18421783e+02, 6.52592123e-01, 1.63402734e+03, 4.24326782e+02,
       4.06279564e-01, 1.63392883e+03, 4.12633179e+02, 4.28405344e-01,
       1.53391516e+03, 4.56718811e+02, 1.92429408e-01, 1.60747314e+03,
       5.30315125e+02, 3.16700429e-01, 1.58985095e+03, 5.45024597e+02,
       2.45469198e-01, 1.55163110e+03, 5.77346802e+02, 2.97649235e-01 ]
