%YAML:1.0
---
pose_0: !!opencv-matrix
   rows: 1
   cols: 25
   dt: "3f"
   data: [ 7.48112732e+02, 4.86229340e+02, 8.28163505e-01,
       8.56978271e+02, 5.24402588e+02, 7.82777011e-01, 8.39393860e+02,
       5.83251831e+02, 7.70699501e-01, 9.57078613e+02, 6.03810364e+02,
       7.82722771e-01, 1.09834680e+03, 6.21579712e+02, 8.18639755e-01,
       8.68753357e+02, 4.65503510e+02, 5.79803050e-01, 9.24726135e+02,
       4.50794037e+02, 5.33401817e-02, 0., 0., 0., 1.12195459e+03,
       4.71391235e+02, 5.63490272e-01, 1.12184705e+03, 5.24332153e+02,
       5.96955180e-01, 1.33085754e+03, 5.74330688e+02, 7.53772080e-01,
       1.56329016e+03, 6.65587524e+02, 6.15765154e-01, 1.12193335e+03,
       4.12676300e+02, 5.79066098e-01, 1.33092407e+03, 4.18504913e+02,
       6.81770265e-01, 1.56625195e+03, 4.36240662e+02, 6.63777232e-01,
       7.36249634e+02, 5.06671997e+02, 8.84975851e-01, 7.39383301e+02,
       4.74355316e+02, 8.76384377e-01, 7.42316284e+02, 5.36209961e+02,
       6.38369620e-01, 7.65763306e+02, 4.56667389e+02, 5.02213836e-01,
       1.63999512e+03, 4.18451813e+02, 3.37389082e-01, 1.63699976e+03,
       4.15466675e+02, 3.68427724e-01, 1.60456628e+03, 4.50817902e+02,
       2.85709262e-01, 1.63100525e+03, 6.50942993e+02, 5.82571924e-01,
       1.61926514e+03, 6.68564026e+02, 5.19352913e-01, 1.58691418e+03,
       6.83303101e+02, 2.43478864e-01 ]
