%YAML:1.0
---
pose_0: !!opencv-matrix
   rows: 1
   cols: 25
   dt: "3f"
   data: [ 7.86332336e+02, 4.56746735e+02, 7.31487513e-01,
       8.74592957e+02, 4.74398224e+02, 4.93919253e-01, 8.56932434e+02,
       5.30281433e+02, 4.21721965e-01, 8.59971924e+02, 5.77410461e+02,
       5.91632463e-02, 7.48131653e+02, 5.09656616e+02, 1.66393131e-01,
       9.01070068e+02, 4.12519287e+02, 3.74373227e-01, 1.03355066e+03,
       4.09580444e+02, 9.89386514e-02, 0., 0., 0., 1.13950415e+03,
       4.56753448e+02, 5.14971077e-01, 1.13363367e+03, 5.06808075e+02,
       5.01333773e-01, 1.31324573e+03, 5.77407593e+02, 4.77038801e-01,
       1.53395410e+03, 7.18750061e+02, 4.72855181e-01, 1.13945776e+03,
       4.00818665e+02, 5.10188997e-01, 1.25430786e+03, 3.41922394e+02,
       3.13981980e-01, 1.54271875e+03, 2.21260941e+02, 3.23514074e-01,
       7.62907288e+02, 4.71431244e+02, 7.11063385e-01, 7.68685730e+02,
       4.36239319e+02, 6.55453682e-01, 7.80433411e+02, 5.06846680e+02,
       3.93678576e-01, 7.92220947e+02, 4.21387451e+02, 2.05859214e-01,
       1.62220898e+03, 1.77040405e+02, 1.83804408e-01, 1.61931091e+03,
       1.74230484e+02, 1.73969492e-01, 1.56926074e+03, 2.18255219e+02,
       2.16394335e-01, 1.61632385e+03, 7.01037354e+02, 3.58501524e-01,
       1.61046338e+03, 7.15677002e+02, 2.89396405e-01, 1.56041467e+03,
       7.39318542e+02, 3.39509219e-01 ]
