%YAML:1.0
---
pose_0: !!opencv-matrix
   rows: 1
   cols: 25
   dt: "3f"
   data: [ 6.98014038e+02, 5.50879639e+02, 8.02835524e-01,
       7.83380798e+02, 4.83329102e+02, 5.11681914e-01, 7.68740967e+02,
       4.86095306e+02, 3.67695212e-01, 0., 0., 0., 0., 0., 0.,
       7.86410339e+02, 4.86098297e+02, 6.99018896e-01, 9.45219055e+02,
       5.06614380e+02, 7.72223771e-01, 9.98335144e+02, 6.27388916e+02,
       5.84214747e-01, 1.08363086e+03, 4.36131226e+02, 2.45850310e-01,
       1.08949255e+03, 4.36093201e+02, 1.29951611e-01, 1.35443970e+03,
       5.03834045e+02, 6.94662213e-01, 1.55451599e+03, 4.33141052e+02,
       3.95500094e-01, 1.10716968e+03, 4.15492126e+02, 2.23246098e-01,
       1.36615247e+03, 5.44965759e+02, 6.87200010e-01, 1.65756567e+03,
       4.15525604e+02, 4.10995603e-01, 6.86315857e+02, 5.47929016e+02,
       8.78054947e-02, 6.92122986e+02, 5.30245850e+02, 7.94467211e-01,
       0., 0., 0., 7.12794861e+02, 4.86146057e+02, 6.80359781e-01,
       1.71344470e+03, 3.62609924e+02, 3.84280950e-01, 1.71642859e+03,
       3.65446381e+02, 3.20386916e-01, 1.68702405e+03, 4.36092438e+02,
       1.65319890e-01, 0., 0., 0., 0., 0., 0., 0., 0., 0. ]
