%YAML:1.0
---
pose_0: !!opencv-matrix
   rows: 2
   cols: 25
   dt: "3f"
   data: [ 4.83251282e+02, 5.50963318e+02, 5.36286473e-01,
       6.15619141e+02, 5.50868958e+02, 3.92134249e-01, 5.92122803e+02,
       6.00873840e+02, 1.81070641e-01, 7.01000427e+02, 7.03931580e+02,
       2.90908933e-01, 5.12610168e+02, 6.27408691e+02, 1.69119596e-01,
       6.18559998e+02, 4.89077240e+02, 3.07667434e-01, 6.95008972e+02,
       3.94965820e+02, 6.75311208e-01, 4.83289368e+02, 4.59602112e+02,
       7.11766183e-01, 1.00119507e+03, 5.83245667e+02, 4.61598575e-01,
       9.89434204e+02, 6.47942810e+02, 4.89200681e-01, 1.26903760e+03,
       6.53862000e+02, 2.31046885e-01, 1.53684814e+03, 6.74496094e+02,
       3.22059423e-01, 1.01300366e+03, 5.12588562e+02, 4.22611028e-01,
       1.33381458e+03, 5.30254883e+02, 5.20221412e-01, 1.71054492e+03,
       5.39160278e+02, 3.89423549e-01, 4.56636841e+02, 5.68518555e+02,
       4.61389989e-01, 4.71427734e+02, 5.30216309e+02, 3.77771229e-01,
       4.62630249e+02, 5.95079407e+02, 1.40359610e-01, 4.97918213e+02,
       5.03718872e+02, 1.14908770e-01, 1.82824792e+03, 4.97910034e+02,
       1.61226809e-01, 1.82532849e+03, 4.97893921e+02, 1.54423118e-01,
       1.74876208e+03, 5.68509705e+02, 2.18703985e-01, 1.60456628e+03,
       6.92198425e+02, 1.26802340e-01, 0., 0., 0., 1.55745813e+03,
       6.83324829e+02, 1.67443365e-01, 0., 0., 0., 0., 0., 0., 0., 0.,
       0., 0., 0., 0., 0., 0., 0., 5.80345337e+02, 5.89121948e+02,
       6.15129322e-02, 7.03989685e+02, 6.98090027e+02, 3.61005068e-01,
       5.00869507e+02, 6.27457397e+02, 6.53418779e-01, 0., 0., 0., 0.,
       0., 0., 0., 0., 0., 0., 0., 0., 0., 0., 0., 0., 0., 0., 0., 0.,
       0., 0., 0., 0., 0., 0., 0., 0., 0., 0., 0., 0., 0., 0., 0., 0.,
       0., 0., 0., 0., 0., 0., 0., 0., 0., 0., 0., 0., 0., 0., 0. ]
