%YAML:1.0
---
pose_0: !!opencv-matrix
   rows: 1
   cols: 25
   dt: "3f"
   data: [ 0., 0., 0., 7.65743652e+02, 5.09664825e+02, 4.37250018e-01,
       7.74602356e+02, 5.77376465e+02, 1.84884548e-01, 7.39225769e+02,
       6.15635925e+02, 5.72122671e-02, 6.00867737e+02, 5.62704407e+02,
       1.33063465e-01, 7.48110291e+02, 4.59644501e+02, 2.41775244e-01,
       7.42151672e+02, 4.27206848e+02, 7.43195295e-01, 5.77502930e+02,
       5.06642609e+02, 7.97446728e-01, 1.06889038e+03, 5.42082336e+02,
       4.23113734e-01, 1.07180017e+03, 5.97943115e+02, 4.47402716e-01,
       1.33084705e+03, 5.98042419e+02, 5.29160738e-01, 1.69284082e+03,
       5.94965515e+02, 3.45631748e-01, 1.06887903e+03, 4.80240936e+02,
       4.09353018e-01, 1.36026013e+03, 5.00797607e+02, 3.81066442e-01,
       1.60458862e+03, 4.89042572e+02, 2.68734604e-01, 0., 0., 0., 0.,
       0., 0., 0., 0., 0., 0., 0., 0., 1.68396960e+03, 4.53765228e+02,
       3.63535136e-01, 1.68113464e+03, 4.53752869e+02, 3.27682406e-01,
       1.68102832e+03, 5.06661285e+02, 1.84831873e-01, 1.77526563e+03,
       6.27481995e+02, 2.73309708e-01, 1.77521619e+03, 6.24542847e+02,
       2.69756109e-01, 1.73105737e+03, 6.12645935e+02, 2.00291321e-01 ]
