%YAML:1.0
---
pose_0: !!opencv-matrix
   rows: 1
   cols: 25
   dt: "3f"
   data: [ 7.42161743e+02, 4.18440735e+02, 8.77596498e-01,
       8.62837891e+02, 4.39151306e+02, 7.23392487e-01, 8.80416138e+02,
       5.30166016e+02, 7.43600309e-01, 1.00119409e+03, 5.74489502e+02,
       8.77903104e-01, 1.08939734e+03, 6.27530212e+02, 8.02968562e-01,
       8.59904541e+02, 3.56596710e+02, 6.88809991e-01, 9.95366028e+02,
       2.91851349e+02, 8.33905935e-01, 1.08659265e+03, 3.77270203e+02,
       7.28732288e-01, 1.13956653e+03, 4.36156555e+02, 6.07734203e-01,
       1.13662622e+03, 4.83235870e+02, 6.50887847e-01, 1.33375549e+03,
       5.27311890e+02, 8.00356150e-01, 1.54273645e+03, 5.83337769e+02,
       6.45609915e-01, 1.14249988e+03, 3.86026703e+02, 6.05541348e-01,
       1.36615735e+03, 3.56607971e+02, 5.58503568e-01, 1.55451147e+03,
       3.18521179e+02, 6.21121466e-01, 7.30442078e+02, 4.36089874e+02,
       8.27577174e-01, 7.36281921e+02, 4.06717743e+02, 8.71705890e-01,
       7.42282043e+02, 4.59807526e+02, 6.36372745e-01, 7.59790710e+02,
       3.83079773e+02, 5.04718900e-01, 1.63702405e+03, 2.88882843e+02,
       3.24069679e-01, 1.63400012e+03, 2.86005371e+02, 3.38012755e-01,
       1.56635852e+03, 3.09505402e+02, 2.96693593e-01, 1.60747754e+03,
       5.83251831e+02, 4.32139188e-01, 1.59868127e+03, 5.95080078e+02,
       3.99841279e-01, 1.57217480e+03, 5.80382019e+02, 3.58153611e-01 ]
