%YAML:1.0
---
pose_0: !!opencv-matrix
   rows: 1
   cols: 25
   dt: "3f"
   data: [ 8.51092590e+02, 4.42041840e+02, 9.86093059e-02,
       8.56960999e+02, 5.06877411e+02, 5.38081110e-01, 7.65811218e+02,
       5.50841003e+02, 3.94415826e-01, 8.57027039e+02, 4.89085693e+02,
       6.36963069e-01, 8.12858154e+02, 4.12568726e+02, 6.86325729e-01,
       8.89369019e+02, 4.80258575e+02, 3.68039936e-01, 9.51112915e+02,
       4.47906921e+02, 5.20275831e-01, 8.95206909e+02, 4.00800079e+02,
       6.46729589e-01, 1.09239526e+03, 5.71435669e+02, 4.96270120e-01,
       1.07479785e+03, 5.98045715e+02, 4.15634811e-01, 1.35149866e+03,
       5.30315186e+02, 8.13960195e-01, 1.64582507e+03, 7.18708740e+02,
       5.27835429e-01, 1.10128345e+03, 5.36183960e+02, 4.05561179e-01,
       1.36323364e+03, 5.12606506e+02, 3.62453073e-01, 1.51918835e+03,
       6.33324829e+02, 8.63081142e-02, 8.39368347e+02, 4.41963287e+02,
       6.19641729e-02, 8.51065002e+02, 4.33237732e+02, 9.73299369e-02,
       0., 0., 0., 0., 0., 0., 0., 0., 0., 0., 0., 0., 0., 0., 0.,
       1.68108643e+03, 6.56860352e+02, 1.39186129e-01, 1.68097119e+03,
       7.15671936e+02, 1.13997959e-01, 1.66346570e+03, 7.42277466e+02,
       3.90136451e-01 ]
