%YAML:1.0
---
pose_0: !!opencv-matrix
   rows: 1
   cols: 25
   dt: "3f"
   data: [ 8.03956909e+02, 5.03776794e+02, 5.26525855e-01,
       8.33465576e+02, 5.56757019e+02, 5.65317869e-01, 8.68742798e+02,
       5.59726501e+02, 3.31341863e-01, 9.48157288e+02, 4.71398834e+02,
       4.31601644e-01, 9.62950317e+02, 3.47803436e+02, 4.31615502e-01,
       8.65808472e+02, 5.39119141e+02, 1.91455901e-01, 9.45303833e+02,
       4.74384338e+02, 3.35310370e-01, 9.62977539e+02, 3.41874817e+02,
       6.35952055e-01, 1.14539844e+03, 5.53932983e+02, 5.30529439e-01,
       1.14547949e+03, 6.03910156e+02, 5.12055337e-01, 1.35153296e+03,
       6.39230164e+02, 7.30401516e-01, 1.54567419e+03, 7.15611206e+02,
       6.36373758e-01, 1.14247363e+03, 5.06653717e+02, 5.73868155e-01,
       1.30425769e+03, 4.33116852e+02, 7.49022841e-01, 1.49271069e+03,
       4.30170563e+02, 4.19380724e-01, 7.86353943e+02, 5.06698700e+02,
       4.56168711e-01, 7.89252930e+02, 4.94933685e+02, 1.35739490e-01,
       7.86416565e+02, 5.27378296e+02, 3.83267939e-01, 0., 0., 0.,
       1.52509167e+03, 4.80334076e+02, 9.29019600e-02, 1.54274255e+03,
       4.56751984e+02, 8.24122354e-02, 1.52216162e+03, 4.18419586e+02,
       2.35223770e-01, 1.61053174e+03, 6.95035217e+02, 6.32604361e-01,
       1.60457568e+03, 7.09793274e+02, 5.37392616e-01, 1.56334106e+03,
       7.33399536e+02, 4.24914390e-01 ]
