%YAML:1.0
---
pose_0: !!opencv-matrix
   rows: 1
   cols: 25
   dt: "3f"
   data: [ 0., 0., 0., 9.15828186e+02, 5.00856995e+02, 2.87139565e-01,
       8.77512573e+02, 5.33213867e+02, 5.81950128e-01, 1.01888879e+03,
       5.53964478e+02, 7.65414298e-01, 1.13662646e+03, 4.68467529e+02,
       7.30775476e-01, 9.65891296e+02, 4.62591522e+02, 1.75051302e-01,
       1.07183167e+03, 4.92023224e+02, 1.22629210e-01, 0., 0., 0.,
       1.15425159e+03, 5.53926636e+02, 5.67583323e-01, 1.13947290e+03,
       5.97977295e+02, 5.17494440e-01, 1.37805566e+03, 5.12585205e+02,
       7.87073374e-01, 1.61923804e+03, 7.12741699e+02, 5.66034377e-01,
       1.16893250e+03, 5.12637512e+02, 5.11929929e-01, 1.37799951e+03,
       4.33281036e+02, 8.44285667e-01, 1.58985205e+03, 5.97963074e+02,
       4.61184233e-01, 0., 0., 0., 0., 0., 0., 0., 0., 0., 0., 0., 0.,
       1.70762341e+03, 5.77405762e+02, 3.84884894e-01, 1.70759131e+03,
       5.77422363e+02, 3.53791088e-01, 1.61637610e+03, 6.42109924e+02,
       2.79241741e-01, 1.68102454e+03, 7.39264038e+02, 5.08197784e-01,
       1.65760156e+03, 7.45224731e+02, 5.18283188e-01, 1.63108630e+03,
       7.21646240e+02, 3.41833383e-01 ]
