%YAML:1.0
---
pose_0: !!opencv-matrix
   rows: 1
   cols: 25
   dt: "3f"
   data: [ 6.68638916e+02, 4.89124268e+02, 8.77837121e-01,
       7.89359558e+02, 5.18503479e+02, 7.35958099e-01, 7.86457336e+02,
       6.03904053e+02, 7.36965239e-01, 9.18796692e+02, 6.42151672e+02,
       4.75048006e-01, 9.83572754e+02, 6.50953552e+02, 5.35551190e-01,
       7.95195129e+02, 4.36190277e+02, 6.53317153e-01, 9.48255371e+02,
       4.09697571e+02, 8.50670934e-01, 8.39298157e+02, 4.33024628e+02,
       8.30186367e-01, 1.07484985e+03, 5.03807098e+02, 4.79886681e-01,
       1.07481702e+03, 5.53849915e+02, 5.51424146e-01, 1.29848792e+03,
       5.74494507e+02, 7.00237870e-01, 1.53101416e+03, 5.97894897e+02,
       5.80759943e-01, 1.07480945e+03, 4.50838562e+02, 5.08105278e-01,
       1.29850073e+03, 4.56635712e+02, 7.47028649e-01, 1.53686450e+03,
       4.62564667e+02, 6.34527743e-01, 6.50935608e+02, 5.06661469e+02,
       8.43390644e-01, 6.62675842e+02, 4.74294342e+02, 8.37676644e-01,
       6.68631714e+02, 5.33207520e+02, 5.69601059e-01, 6.92028076e+02,
       4.44971252e+02, 6.05248332e-01, 1.61936865e+03, 4.59604004e+02,
       4.49260294e-01, 1.61638550e+03, 4.56595001e+02, 4.64763433e-01,
       1.55454382e+03, 4.56734711e+02, 2.66656935e-01, 1.61342908e+03,
       5.80353760e+02, 2.74515837e-01, 1.60752051e+03, 5.98023071e+02,
       2.46013001e-01, 1.56625720e+03, 5.77388733e+02, 3.01560551e-01 ]
