%YAML:1.0
---
pose_0: !!opencv-matrix
   rows: 1
   cols: 25
   dt: "3f"
   data: [ 7.15731567e+02, 5.53808899e+02, 8.13173354e-01,
       7.95159363e+02, 4.83114441e+02, 5.14076352e-01, 7.86432495e+02,
       4.71433502e+02, 3.40331286e-01, 0., 0., 0., 0., 0., 0.,
       8.09858032e+02, 4.92072235e+02, 6.28313065e-01, 9.65843872e+02,
       5.03909332e+02, 7.71460056e-01, 1.09547510e+03, 6.03857300e+02,
       5.31459868e-01, 1.13950830e+03, 4.36090912e+02, 2.57727623e-01,
       1.05125098e+03, 4.12562134e+02, 7.28281438e-02, 0., 0., 0., 0.,
       0., 0., 1.14540442e+03, 4.15531647e+02, 3.16380262e-01,
       1.37486658e+03, 5.47913269e+02, 7.36585975e-01, 1.65755298e+03,
       4.12546692e+02, 2.87729591e-01, 6.98047058e+02, 5.50756165e+02,
       6.70775250e-02, 7.06854126e+02, 5.30441040e+02, 7.22236991e-01,
       0., 0., 0., 7.27534851e+02, 4.86170471e+02, 6.57067239e-01,
       1.72815051e+03, 3.59611053e+02, 3.37926269e-01, 1.72819543e+03,
       3.59613281e+02, 3.04111451e-01, 1.65755676e+03, 4.09590759e+02,
       1.20428793e-01, 0., 0., 0., 0., 0., 0., 0., 0., 0. ]
