%YAML:1.0
---
pose_0: !!opencv-matrix
   rows: 1
   cols: 25
   dt: "3f"
   data: [ 7.24513123e+02, 5.06751251e+02, 8.62516999e-01,
       8.36534912e+02, 5.27219116e+02, 7.37914801e-01, 8.45242065e+02,
       6.18596191e+02, 5.97442448e-01, 9.51067993e+02, 7.21551697e+02,
       8.42915416e-01, 9.01020569e+02, 6.39225098e+02, 7.12120831e-01,
       8.53955688e+02, 4.36061157e+02, 6.83313608e-01, 9.86525818e+02,
       4.12514832e+02, 7.87723899e-01, 1.05416431e+03, 3.89083557e+02,
       8.14057708e-01, 1.09831335e+03, 5.56866455e+02, 5.63456833e-01,
       1.09250354e+03, 6.12677368e+02, 5.64068317e-01, 1.25429968e+03,
       6.21470398e+02, 2.55762249e-01, 1.42499988e+03, 6.18529846e+02,
       2.14415833e-01, 1.10423218e+03, 5.03680145e+02, 5.61039031e-01,
       1.26315369e+03, 5.18538452e+02, 5.88455439e-01, 1.56927173e+03,
       5.47941223e+02, 2.82317996e-01, 7.12738770e+02, 5.27393555e+02,
       8.31933975e-01, 7.15608032e+02, 4.86220398e+02, 8.20660055e-01,
       7.27499634e+02, 5.53723938e+02, 5.69739342e-01, 7.39160767e+02,
       4.62540466e+02, 4.64860231e-01, 1.68115027e+03, 5.18466858e+02,
       1.78220198e-01, 1.68399402e+03, 5.12610413e+02, 2.12748781e-01,
       1.59573462e+03, 5.74456421e+02, 1.70280606e-01, 0., 0., 0., 0.,
       0., 0., 1.51627686e+03, 6.09742371e+02, 9.49049145e-02 ]
