%YAML:1.0
---
pose_0: !!opencv-matrix
   rows: 1
   cols: 25
   dt: "3f"
   data: [ 6.65619141e+02, 5.00849701e+02, 8.31661224e-01,
       7.86382629e+02, 5.18496582e+02, 7.06200719e-01, 7.86430115e+02,
       6.15647095e+02, 4.89202946e-01, 9.24733948e+02, 6.98095154e+02,
       8.11072350e-01, 9.04189758e+02, 6.53958923e+02, 8.05092752e-01,
       7.98137024e+02, 4.39105286e+02, 5.88424683e-01, 9.15843445e+02,
       3.59472260e+02, 8.00383627e-01, 7.92217590e+02, 3.88936279e+02,
       8.20918262e-01, 1.05422314e+03, 5.27309509e+02, 5.42919934e-01,
       1.04833545e+03, 5.77342773e+02, 5.64223051e-01, 1.30438110e+03,
       5.98006531e+02, 5.77700198e-01, 1.55749695e+03, 6.00895996e+02,
       3.27539742e-01, 1.06298450e+03, 4.62680389e+02, 5.54854095e-01,
       1.31612097e+03, 4.62660461e+02, 4.28224057e-01, 1.58986609e+03,
       4.77250580e+02, 4.35217768e-01, 6.47946106e+02, 5.12663208e+02,
       8.45763206e-01, 6.50899902e+02, 4.80273346e+02, 8.71010542e-01,
       6.68536926e+02, 5.45037659e+02, 5.75576603e-01, 6.77462097e+02,
       4.59614716e+02, 4.23987418e-01, 1.66935303e+03, 4.39103455e+02,
       1.68422893e-01, 1.66052722e+03, 4.36181671e+02, 2.13841125e-01,
       1.61341138e+03, 4.77323456e+02, 2.42339030e-01, 1.68414563e+03,
       5.80376648e+02, 1.91053852e-01, 1.67228027e+03, 5.97910156e+02,
       1.47765785e-01, 1.58686731e+03, 5.97914001e+02, 2.19729543e-01 ]
