%YAML:1.0
---
pose_0: !!opencv-matrix
   rows: 1
   cols: 25
   dt: "3f"
   data: [ 8.01022156e+02, 4.33079254e+02, 7.22893476e-01,
       8.54066956e+02, 3.15324066e+02, 4.35652703e-01, 8.59954590e+02,
       3.09517731e+02, 2.63197303e-01, 1.04841992e+03, 4.42016663e+02,
       5.92205763e-01, 1.14242749e+03, 5.09641724e+02, 7.80330598e-01,
       8.36342346e+02, 3.21410645e+02, 6.87250376e-01, 9.03954773e+02,
       4.68467834e+02, 7.66884387e-01, 9.27550720e+02, 6.03965393e+02,
       7.90468514e-01, 1.13952637e+03, 3.41981537e+02, 4.74033833e-01,
       1.13657837e+03, 3.94844025e+02, 5.08303761e-01, 1.32501038e+03,
       5.36184875e+02, 7.38832355e-01, 1.51619800e+03, 5.71526306e+02,
       6.24804914e-01, 1.14241418e+03, 3.00678894e+02, 4.29312110e-01,
       1.21014270e+03, 3.15484344e+02, 1.30964011e-01, 1.53686792e+03,
       1.59476303e+02, 1.27092555e-01, 7.86416565e+02, 4.36055725e+02,
       7.57186636e-02, 7.86274292e+02, 4.15481079e+02, 7.22201645e-01,
       0., 0., 0., 7.77557739e+02, 3.65509827e+02, 5.75986505e-01, 0.,
       0., 0., 0., 0., 0., 1.52803723e+03, 1.59472992e+02,
       9.63807702e-02, 1.49275830e+03, 6.51045166e+02, 5.41332483e-01,
       1.49264014e+03, 6.45135071e+02, 4.81148124e-01, 1.54283911e+03,
       5.53870972e+02, 4.49377835e-01 ]
