%YAML:1.0
---
pose_0: !!opencv-matrix
   rows: 2
   cols: 25
   dt: "3f"
   data: [ 7.62821899e+02, 4.36044861e+02, 8.27294528e-01,
       8.33535156e+02, 4.27310852e+02, 7.80392170e-01, 8.15733765e+02,
       4.86092041e+02, 7.10481107e-01, 9.24621399e+02, 5.47964600e+02,
       4.91381884e-01, 9.36494385e+02, 5.50847656e+02, 1.64577246e-01,
       8.53958557e+02, 3.68391541e+02, 6.67872488e-01, 9.74589844e+02,
       3.38853821e+02, 8.42357814e-01, 9.30630859e+02, 4.77348206e+02,
       7.89586246e-01, 1.06886609e+03, 4.33133423e+02, 3.03311765e-01,
       1.05711108e+03, 4.80165649e+02, 2.82216251e-01, 1.16312231e+03,
       5.62622742e+02, 1.33491144e-01, 0., 0., 0., 1.07182361e+03,
       3.68411835e+02, 2.26711571e-01, 0., 0., 0., 0., 0., 0.,
       7.42300354e+02, 4.42033539e+02, 7.53886580e-01, 7.48131531e+02,
       4.12674683e+02, 7.30871081e-01, 7.56933472e+02, 4.62654480e+02,
       3.65543455e-01, 7.68648804e+02, 3.88983704e+02, 5.98174155e-01,
       0., 0., 0., 0., 0., 0., 0., 0., 0., 0., 0., 0., 0., 0., 0., 0.,
       0., 0., 0., 0., 0., 0., 0., 0., 0., 0., 0., 0., 0., 0., 0., 0.,
       0., 0., 0., 0., 0., 0., 0., 0., 0., 0., 1.14836658e+03,
       4.12513214e+02, 3.29105109e-01, 1.16016394e+03, 4.59646057e+02,
       2.54229665e-01, 1.35154700e+03, 5.53841187e+02, 8.13596547e-01,
       1.55454150e+03, 5.56735901e+02, 6.79445803e-01, 1.16306140e+03,
       3.65469421e+02, 2.82235861e-01, 1.37498352e+03, 3.18490234e+02,
       6.07116878e-01, 1.56931177e+03, 1.59429382e+02, 3.16754609e-01,
       0., 0., 0., 0., 0., 0., 0., 0., 0., 0., 0., 0., 1.68115283e+03,
       1.12352745e+02, 1.99614048e-01, 1.68116467e+03, 1.09453033e+02,
       1.87657088e-01, 0., 0., 0., 1.58698547e+03, 6.27409119e+02,
       5.88969767e-01, 1.57808691e+03, 6.24370544e+02, 5.24210930e-01,
       1.58099890e+03, 5.39094666e+02, 5.45884669e-01 ]
