%YAML:1.0
---
pose_0: !!opencv-matrix
   rows: 1
   cols: 25
   dt: "3f"
   data: [ 0., 0., 0., 7.92208679e+02, 5.50829285e+02, 4.69576597e-01,
       8.09880737e+02, 5.39115417e+02, 4.74335074e-01, 9.48255066e+02,
       5.03870667e+02, 7.27561593e-01, 8.57023071e+02, 3.71325378e+02,
       7.88122773e-01, 7.71672668e+02, 5.59702820e+02, 3.18617910e-01,
       9.36422424e+02, 5.00861786e+02, 5.19139916e-02, 0., 0., 0.,
       1.08946545e+03, 5.68560242e+02, 3.56595159e-01, 1.07477307e+03,
       5.86190552e+02, 3.06595773e-01, 1.35439880e+03, 5.24386719e+02,
       6.02812946e-01, 1.58986841e+03, 5.98056519e+02, 2.91349560e-01,
       1.10125830e+03, 5.42062378e+02, 2.49457106e-01, 1.35138770e+03,
       5.03801575e+02, 3.26333523e-01, 1.61633911e+03, 6.92208557e+02,
       1.01485997e-01, 0., 0., 0., 0., 0., 0., 7.42269531e+02,
       5.06799713e+02, 8.95461366e-02, 0., 0., 0., 0., 0., 0., 0., 0.,
       0., 0., 0., 0., 1.68700256e+03, 6.27420715e+02, 7.09077939e-02,
       0., 0., 0., 1.63403259e+03, 6.24471313e+02, 1.71327427e-01 ]
