%YAML:1.0
---
pose_0: !!opencv-matrix
   rows: 1
   cols: 25
   dt: "3f"
   data: [ 7.56881836e+02, 3.88946289e+02, 6.04065597e-01,
       8.24620178e+02, 4.36213715e+02, 5.56361258e-01, 8.24632874e+02,
       4.74399231e+02, 6.48513675e-01, 9.15893677e+02, 5.77435303e+02,
       7.90025473e-01, 9.07011169e+02, 5.30354065e+02, 7.75963843e-01,
       8.24629150e+02, 4.00761414e+02, 3.02430093e-01, 9.83528198e+02,
       4.09707031e+02, 7.67329261e-02, 1.08068140e+03, 4.09615601e+02,
       7.66958669e-02, 1.09535986e+03, 4.74347473e+02, 4.71617639e-01,
       1.07477954e+03, 5.06710205e+02, 4.19617712e-01, 1.30133179e+03,
       4.77329468e+02, 7.31820464e-01, 1.52218884e+03, 5.98017395e+02,
       5.34021437e-01, 1.11012756e+03, 4.36075714e+02, 3.74678791e-01,
       1.34855884e+03, 4.12610229e+02, 7.09588766e-01, 1.53981226e+03,
       4.80204315e+02, 6.78032160e-01, 7.39193604e+02, 4.00758911e+02,
       5.42387366e-01, 7.39263977e+02, 3.83152283e+02, 1.20936491e-01,
       7.54019348e+02, 4.30261108e+02, 4.60697055e-01, 0., 0., 0.,
       1.59864661e+03, 4.27258453e+02, 3.21284503e-01, 1.58985364e+03,
       4.33090912e+02, 3.67410302e-01, 1.56040710e+03, 5.03749786e+02,
       3.50878775e-01, 1.60456921e+03, 6.36249146e+02, 2.93962121e-01,
       1.58392603e+03, 6.45142273e+02, 2.99656838e-01, 1.54870996e+03,
       5.97917969e+02, 2.45528191e-01 ]
