%YAML:1.0
---
pose_0: !!opencv-matrix
   rows: 2
   cols: 25
   dt: "3f"
   data: [ 7.03960999e+02, 4.36056976e+02, 8.85196149e-01,
       7.89420776e+02, 4.68479645e+02, 7.01397777e-01, 7.62815491e+02,
       5.12655701e+02, 5.42494953e-01, 6.71491699e+02, 4.89051056e+02,
       3.61888260e-01, 0., 0., 0., 8.18688965e+02, 4.12604889e+02,
       6.57677233e-01, 9.54095886e+02, 3.18271667e+02, 9.08932805e-01,
       8.80590759e+02, 3.62600067e+02, 8.83866072e-01, 1.08952905e+03,
       4.83290070e+02, 5.19674242e-01, 1.08361084e+03, 5.30379517e+02,
       5.31319916e-01, 1.30723462e+03, 5.53945435e+02, 7.24029422e-01,
       1.49864111e+03, 5.74418762e+02, 5.50468683e-01, 1.08654504e+03,
       4.33150848e+02, 4.91440356e-01, 1.34851086e+03, 4.33190704e+02,
       5.43783426e-01, 1.56036401e+03, 4.56610809e+02, 6.76798463e-01,
       6.89162537e+02, 4.53776550e+02, 8.59236896e-01, 6.95190063e+02,
       4.18406281e+02, 8.07080507e-01, 6.95155518e+02, 4.83097717e+02,
       6.62874341e-01, 7.30442322e+02, 4.09608368e+02, 1.13546677e-01,
       1.62815723e+03, 4.56718048e+02, 5.15151858e-01, 1.62805542e+03,
       4.47847839e+02, 5.23522437e-01, 1.57219360e+03, 4.50782532e+02,
       3.05992484e-01, 1.56920007e+03, 5.71463440e+02, 3.85654092e-01,
       1.55748621e+03, 5.83277771e+02, 3.53551179e-01, 1.53390857e+03,
       5.56815613e+02, 2.78492421e-01, 0., 0., 0., 0., 0., 0.,
       8.36408630e+02, 5.74337280e+02, 1.40544072e-01, 9.30570251e+02,
       6.00948425e+02, 4.20644343e-01, 1.01597418e+03, 5.97841858e+02,
       7.58321404e-01, 0., 0., 0., 0., 0., 0., 0., 0., 0., 0., 0., 0.,
       0., 0., 0., 0., 0., 0., 0., 0., 0., 0., 0., 0., 0., 0., 0., 0.,
       0., 0., 0., 0., 0., 0., 0., 0., 0., 0., 0., 0., 0., 0., 0., 0.,
       0., 0., 0., 0., 0., 0., 0., 0., 0., 0., 0., 0., 0., 0., 0., 0. ]
