%YAML:1.0
---
pose_0: !!opencv-matrix
   rows: 1
   cols: 25
   dt: "3f"
   data: [ 7.53996582e+02, 3.62601166e+02, 8.03408027e-01,
       8.80609131e+02, 3.53701874e+02, 6.90977454e-01, 8.86493347e+02,
       4.42056519e+02, 6.25153959e-01, 1.02775867e+03, 4.77335632e+02,
       6.89073443e-01, 1.14260181e+03, 5.15594543e+02, 6.86517715e-01,
       8.80521545e+02, 2.65443390e+02, 6.78621471e-01, 1.02479565e+03,
       2.24175232e+02, 8.19489837e-01, 1.16598901e+03, 1.85923447e+02,
       8.20172131e-01, 1.14834827e+03, 3.59559662e+02, 5.70987523e-01,
       1.13958569e+03, 4.09685883e+02, 5.88971496e-01, 1.32784290e+03,
       4.15553650e+02, 7.43624508e-01, 1.60461218e+03, 4.39100433e+02,
       5.99150658e-01, 1.15722131e+03, 2.97792145e+02, 5.53559959e-01,
       1.37504675e+03, 3.00681763e+02, 6.48065507e-01, 1.58399646e+03,
       3.03693207e+02, 6.13482833e-01, 7.42185364e+02, 3.77217194e+02,
       5.95141530e-01, 7.39302734e+02, 3.44850891e+02, 7.69582272e-01,
       7.65662903e+02, 3.89124786e+02, 3.68548393e-01, 7.59756470e+02,
       3.18334167e+02, 4.72506106e-01, 1.63989038e+03, 2.65396515e+02,
       5.04638791e-01, 1.63688733e+03, 2.65394531e+02, 5.63869476e-01,
       1.62219873e+03, 3.09553375e+02, 2.61950791e-01, 1.70172290e+03,
       4.12511871e+02, 2.15830743e-01, 1.66934729e+03, 4.33223541e+02,
       1.52114809e-01, 1.63103296e+03, 4.36191040e+02, 3.47094923e-01 ]
