%YAML:1.0
---
pose_0: !!opencv-matrix
   rows: 1
   cols: 25
   dt: "3f"
   data: [ 6.77432678e+02, 6.03849609e+02, 8.01885247e-01,
       7.98100037e+02, 5.97854431e+02, 6.26298666e-01, 7.86226624e+02,
       6.83341187e+02, 5.89630306e-01, 9.12869385e+02, 7.80512268e+02,
       6.59564495e-01, 8.89327087e+02, 7.53959045e+02, 3.98872197e-01,
       8.12823181e+02, 5.09671387e+02, 4.79804188e-01, 9.98232422e+02,
       5.00863525e+02, 8.07609200e-01, 9.27684265e+02, 4.80175049e+02,
       8.37897360e-01, 1.07477307e+03, 6.71592041e+02, 6.04739070e-01,
       1.06006995e+03, 7.21621094e+02, 5.59366226e-01, 1.31315649e+03,
       7.45235962e+02, 5.63940346e-01, 1.57512622e+03, 7.62813782e+02,
       5.43015480e-01, 1.09238599e+03, 6.21412659e+02, 5.54767370e-01,
       1.33381104e+03, 5.92129883e+02, 4.26178336e-01, 1.57808459e+03,
       5.50922668e+02, 4.71979648e-01, 6.65642090e+02, 6.21549316e+02,
       7.10579038e-01, 6.65583191e+02, 5.83232117e+02, 7.42949426e-01,
       6.89241455e+02, 6.33318115e+02, 1.47237331e-01, 6.77504700e+02,
       5.50814026e+02, 5.76189756e-01, 1.68697791e+03, 5.09647125e+02,
       3.08408737e-01, 1.68403320e+03, 5.06697418e+02, 3.01278353e-01,
       1.60163245e+03, 5.36149231e+02, 2.38177016e-01, 1.65456836e+03,
       7.36333313e+02, 2.34838665e-01, 1.64280359e+03, 7.56936523e+02,
       1.79153129e-01, 1.59869666e+03, 7.56942566e+02, 2.60703534e-01 ]
