%YAML:1.0
---
pose_0: !!opencv-matrix
   rows: 1
   cols: 25
   dt: "3f"
   data: [ 6.48145630e+02, 4.36103882e+02, 8.81101549e-01,
       7.83450867e+02, 4.33053436e+02, 5.71123838e-01, 8.12838257e+02,
       5.06698364e+02, 3.04639310e-01, 9.98302917e+02, 5.44934326e+02,
       4.02440190e-01, 1.15426001e+03, 5.80404053e+02, 6.60511374e-01,
       7.83348206e+02, 3.36074310e+02, 6.13874495e-01, 9.27629944e+02,
       2.71294373e+02, 7.52499998e-01, 1.06886511e+03, 2.03627396e+02,
       8.07167888e-01, 1.11894861e+03, 3.97851532e+02, 5.26602864e-01,
       1.11597327e+03, 4.53714935e+02, 5.03959239e-01, 1.32795874e+03,
       4.27287628e+02, 6.55585945e-01, 1.63692810e+03, 3.65395660e+02,
       4.54680026e-01, 1.11889526e+03, 3.41887726e+02, 5.29133618e-01,
       1.35435730e+03, 3.18393616e+02, 6.40309334e-01, 1.53391846e+03,
       3.83082336e+02, 9.14326757e-02, 6.39184448e+02, 4.56700073e+02,
       8.31148863e-01, 6.42125244e+02, 4.15519257e+02, 8.23853672e-01,
       6.48137695e+02, 4.80310211e+02, 2.36161023e-01, 6.65692017e+02,
       3.89082550e+02, 4.77226645e-01, 0., 0., 0., 0., 0., 0., 0., 0.,
       0., 1.77226685e+03, 3.21350891e+02, 2.28866443e-01,
       1.76054675e+03, 3.38914246e+02, 1.62507966e-01, 1.65755994e+03,
       3.42006805e+02, 2.71911681e-01 ]
