%YAML:1.0
---
pose_0: !!opencv-matrix
   rows: 1
   cols: 25
   dt: "3f"
   data: [ 7.51036377e+02, 4.56627502e+02, 5.33793569e-01,
       8.77497131e+02, 5.00851563e+02, 6.90788865e-01, 8.42245544e+02,
       5.56771973e+02, 7.03279078e-01, 9.51074707e+02, 6.21621704e+02,
       8.06583822e-01, 1.05709680e+03, 6.44984802e+02, 7.65330791e-01,
       9.04123291e+02, 4.36138489e+02, 5.18120944e-01, 1.03064490e+03,
       4.59557648e+02, 7.29163408e-01, 1.14236279e+03, 4.36102966e+02,
       8.87972772e-01, 1.11890857e+03, 5.62637634e+02, 6.06859982e-01,
       1.09543604e+03, 6.01055908e+02, 5.29732645e-01, 1.31025134e+03,
       5.97828003e+02, 7.81559348e-01, 1.59574048e+03, 6.89130859e+02,
       4.54626888e-01, 1.13950293e+03, 5.18510803e+02, 5.63158333e-01,
       1.35734216e+03, 4.86093262e+02, 8.04548085e-01, 1.56930029e+03,
       5.92079895e+02, 6.36559308e-01, 7.39152283e+02, 4.77249268e+02,
       7.31864214e-01, 7.36305664e+02, 4.50825623e+02, 1.82542965e-01,
       7.62717529e+02, 5.24357849e+02, 5.41090846e-01, 0., 0., 0.,
       1.60455261e+03, 5.15611084e+02, 2.12998375e-01, 0., 0., 0.,
       1.58986206e+03, 6.18595398e+02, 4.83467489e-01, 1.70461926e+03,
       6.15666626e+02, 2.12078571e-01, 1.70750342e+03, 6.18579468e+02,
       1.45985246e-01, 1.64285620e+03, 7.03955261e+02, 3.04809391e-01 ]
