%YAML:1.0
---
pose_0: !!opencv-matrix
   rows: 1
   cols: 25
   dt: "3f"
   data: [ 6.30378662e+02, 5.09658356e+02, 6.02511466e-01,
       7.68783020e+02, 4.89041412e+02, 6.31341279e-01, 7.45126038e+02,
       5.77459473e+02, 4.99951601e-01, 9.01051758e+02, 6.74497803e+02,
       7.16400981e-01, 1.02466589e+03, 7.56897400e+02, 8.02032113e-01,
       8.09900879e+02, 3.92040466e+02, 5.34814596e-01, 9.68867065e+02,
       3.83032104e+02, 6.88354909e-01, 1.12777087e+03, 3.62408051e+02,
       7.62024939e-01, 1.08065967e+03, 5.36175537e+02, 5.05805075e-01,
       1.06597693e+03, 5.97899902e+02, 4.96099174e-01, 1.30727527e+03,
       6.12655945e+02, 4.19110358e-01, 1.61339844e+03, 6.24508606e+02,
       4.27345395e-01, 1.08950696e+03, 4.77291718e+02, 4.84180272e-01,
       1.29848059e+03, 4.53661987e+02, 3.56479108e-01, 1.58687122e+03,
       4.77219666e+02, 3.58627439e-01, 6.21438843e+02, 5.27362671e+02,
       4.72069085e-01, 6.21518188e+02, 4.94991943e+02, 5.08073270e-01,
       6.42112671e+02, 5.39104797e+02, 2.05979824e-01, 6.42082336e+02,
       4.77220917e+02, 4.97558177e-01, 1.69288220e+03, 4.53728577e+02,
       1.52113795e-01, 0., 0., 0., 1.59279565e+03, 4.83230072e+02,
       2.23884761e-01, 1.72528796e+03, 6.06811646e+02, 3.42814058e-01,
       1.71056897e+03, 6.21489380e+02, 2.86329001e-01, 1.63405005e+03,
       6.21549255e+02, 2.10118666e-01 ]
