%YAML:1.0
---
pose_0: !!opencv-matrix
   rows: 1
   cols: 25
   dt: "3f"
   data: [ 7.62681641e+02, 4.80182953e+02, 8.91460776e-01,
       8.68778503e+02, 5.00863861e+02, 6.95501447e-01, 8.59968567e+02,
       5.74409058e+02, 7.88162053e-01, 9.77557983e+02, 5.95092590e+02,
       8.00694883e-01, 1.11893127e+03, 6.24336243e+02, 8.69631648e-01,
       8.80430847e+02, 4.33102814e+02, 5.51941395e-01, 9.45282288e+02,
       4.21388733e+02, 8.68429318e-02, 0., 0., 0., 1.13952014e+03,
       4.59705811e+02, 5.43307900e-01, 1.13655945e+03, 5.09757324e+02,
       5.78183413e-01, 1.34849902e+03, 5.74290344e+02, 7.72911429e-01,
       1.56044580e+03, 6.59750793e+02, 5.88523448e-01, 1.13365662e+03,
       4.03670929e+02, 5.03286421e-01, 1.33676965e+03, 4.12469574e+02,
       7.03571737e-01, 1.56343835e+03, 4.36151215e+02, 6.97290003e-01,
       7.42308655e+02, 4.91989685e+02, 8.28132868e-01, 7.48080261e+02,
       4.59590881e+02, 8.55808377e-01, 7.59880127e+02, 5.18500793e+02,
       6.29434466e-01, 7.71599426e+02, 4.38986359e+02, 6.07553899e-01,
       1.63687036e+03, 4.24286713e+02, 4.61619079e-01, 1.63109167e+03,
       4.18403717e+02, 4.89336997e-01, 1.59280066e+03, 4.41987366e+02,
       3.00955713e-01, 1.62517737e+03, 6.48052124e+02, 2.51089960e-01,
       0., 0., 0., 1.59571680e+03, 6.50966614e+02, 3.44431162e-01 ]
