%YAML:1.0
---
pose_0: !!opencv-matrix
   rows: 1
   cols: 25
   dt: "3f"
   data: [ 7.45114868e+02, 5.27247192e+02, 8.33543420e-01,
       8.18773010e+02, 5.12657349e+02, 7.03990936e-01, 8.21696228e+02,
       5.74495300e+02, 6.34934366e-01, 8.56900269e+02, 6.56880554e+02,
       4.88266081e-01, 7.56921997e+02, 6.68499817e+02, 2.23935977e-01,
       8.15843689e+02, 4.59672394e+02, 7.16241121e-01, 9.04028259e+02,
       4.59596954e+02, 8.57967913e-01, 8.80533142e+02, 5.94981201e+02,
       8.28852296e-01, 1.09236560e+03, 5.30303589e+02, 6.24929070e-01,
       1.08070239e+03, 5.74510620e+02, 6.02611899e-01, 1.28675806e+03,
       6.00847839e+02, 7.35084653e-01, 1.49565857e+03, 6.24378662e+02,
       7.09344745e-01, 1.09545593e+03, 4.80340729e+02, 6.29861414e-01,
       1.28389441e+03, 4.59660980e+02, 8.06275427e-01, 1.49572693e+03,
       4.21357880e+02, 6.71325564e-01, 7.33328674e+02, 5.36175659e+02,
       7.72259116e-01, 7.36330078e+02, 5.06673187e+02, 8.39291394e-01,
       7.45192200e+02, 5.56761780e+02, 2.70991653e-01, 7.53950012e+02,
       4.80364014e+02, 6.32786155e-01, 1.59278809e+03, 3.97871338e+02,
       4.78087127e-01, 1.58980176e+03, 3.92002930e+02, 4.73636597e-01,
       1.51333069e+03, 4.09628479e+02, 2.49141887e-01, 1.56920166e+03,
       6.50916992e+02, 5.18657148e-01, 1.56339941e+03, 6.50989746e+02,
       5.05047202e-01, 1.51927295e+03, 6.06781555e+02, 4.41469938e-01 ]
