%YAML:1.0
---
pose_0: !!opencv-matrix
   rows: 1
   cols: 25
   dt: "3f"
   data: [ 6.27365967e+02, 4.83358154e+02, 8.54777813e-01,
       7.65662476e+02, 4.36110626e+02, 7.05532551e-01, 7.65805481e+02,
       5.27239014e+02, 6.41998053e-01, 9.27618530e+02, 5.74515137e+02,
       7.17723429e-01, 1.07173730e+03, 6.45039307e+02, 8.04141164e-01,
       7.59873230e+02, 3.47833191e+02, 5.30528009e-01, 9.24585999e+02,
       2.97843140e+02, 7.46538758e-01, 1.08952856e+03, 2.47837433e+02,
       8.06131840e-01, 1.07777832e+03, 4.86131958e+02, 5.53546607e-01,
       1.06892700e+03, 5.44969360e+02, 5.41563690e-01, 1.31325073e+03,
       5.53837769e+02, 7.32725918e-01, 1.63105273e+03, 5.97853210e+02,
       6.04717731e-01, 1.09241797e+03, 4.30141876e+02, 5.35559058e-01,
       1.35435962e+03, 4.33028534e+02, 5.32459557e-01, 1.63689832e+03,
       4.36121063e+02, 5.42833805e-01, 6.15614136e+02, 4.94955872e+02,
       4.96813476e-01, 6.18559631e+02, 4.68426971e+02, 7.89834976e-01,
       0., 0., 0., 6.24469116e+02, 4.15583557e+02, 6.09506488e-01,
       1.71938599e+03, 4.12569397e+02, 2.43895382e-01, 1.71641614e+03,
       4.09649597e+02, 2.65413523e-01, 1.66636938e+03, 4.71401245e+02,
       1.81641832e-01, 1.71059021e+03, 5.97943298e+02, 1.40838951e-01,
       0., 0., 0., 1.72525586e+03, 6.21471619e+02, 2.43329883e-01 ]
