%YAML:1.0
---
pose_0: !!opencv-matrix
   rows: 1
   cols: 25
   dt: "3f"
   data: [ 5.36212524e+02, 5.00896729e+02, 1.28729761e-01,
       6.24498230e+02, 5.06751984e+02, 6.51822463e-02, 0., 0., 0., 0.,
       0., 0., 0., 0., 0., 0., 0., 0., 0., 0., 0., 0., 0., 0.,
       1.06009363e+03, 4.86172211e+02, 2.44061545e-01, 1.04530383e+03,
       5.65613159e+02, 2.37073243e-01, 1.31615271e+03, 6.47963318e+02,
       2.69001156e-01, 1.61045789e+03, 6.45007324e+02, 1.83100402e-01,
       1.07180945e+03, 4.21351868e+02, 2.78096557e-01, 1.34846045e+03,
       4.36094299e+02, 3.45052302e-01, 1.74292859e+03, 4.30209564e+02,
       3.13590139e-01, 0., 0., 0., 5.59677490e+02, 4.83240448e+02,
       1.48339003e-01, 0., 0., 0., 5.97921326e+02, 4.80186127e+02,
       1.02193013e-01, 1.82530859e+03, 3.80199921e+02, 1.31889492e-01,
       1.82531958e+03, 3.80221436e+02, 1.19640946e-01, 1.77527295e+03,
       4.56651764e+02, 1.81277499e-01, 0., 0., 0., 0., 0., 0.,
       1.63399304e+03, 6.33349487e+02, 1.32337689e-01 ]
