%YAML:1.0
---
pose_0: !!opencv-matrix
   rows: 1
   cols: 25
   dt: "3f"
   data: [ 6.62672241e+02, 5.03875763e+02, 8.63990486e-01,
       7.86287109e+02, 4.80351959e+02, 7.47171998e-01, 7.80500977e+02,
       5.53901001e+02, 6.23893619e-01, 9.21748413e+02, 6.65556580e+02,
       8.09223771e-01, 7.98159851e+02, 6.48000854e+02, 8.15987170e-01,
       7.89310059e+02, 3.88961548e+02, 7.24922776e-01, 9.48270264e+02,
       3.38877991e+02, 8.16860378e-01, 1.05130078e+03, 3.47858276e+02,
       7.81390846e-01, 1.06891199e+03, 5.21435791e+02, 5.45842111e-01,
       1.05421887e+03, 5.74448853e+02, 5.64513505e-01, 1.26017053e+03,
       6.06809387e+02, 2.73241043e-01, 1.37798730e+03, 6.00884216e+02,
       9.66475010e-02, 1.07477209e+03, 4.56684357e+02, 5.27741611e-01,
       1.31611902e+03, 5.00851685e+02, 5.92627943e-01, 1.65757593e+03,
       4.83299194e+02, 4.12648737e-01, 6.45108337e+02, 5.21408752e+02,
       8.05317163e-01, 6.47974365e+02, 4.83149200e+02, 8.60961556e-01,
       6.68583679e+02, 5.39092773e+02, 2.27584496e-01, 6.71503906e+02,
       4.50783813e+02, 5.92587829e-01, 1.80468762e+03, 4.62622009e+02,
       1.69245869e-01, 1.80184863e+03, 4.62546204e+02, 1.77792028e-01,
       1.66642920e+03, 4.86135345e+02, 1.96473584e-01, 0., 0., 0., 0.,
       0., 0., 0., 0., 0. ]
