%YAML:1.0
---
pose_0: !!opencv-matrix
   rows: 1
   cols: 25
   dt: "3f"
   data: [ 7.21581787e+02, 4.12457397e+02, 7.45453358e-01,
       8.33547119e+02, 4.83116913e+02, 8.03490698e-01, 8.15884949e+02,
       5.53795837e+02, 7.51619875e-01, 9.42310181e+02, 6.00922485e+02,
       8.22304249e-01, 1.08951611e+03, 6.24615784e+02, 8.20248783e-01,
       8.45234985e+02, 4.06678680e+02, 6.14853919e-01, 9.98174011e+02,
       3.77261292e+02, 8.22755754e-01, 1.11309412e+03, 3.21402222e+02,
       7.87748218e-01, 1.09546118e+03, 4.83272430e+02, 5.96170127e-01,
       1.09536890e+03, 5.33185364e+02, 5.80145657e-01, 1.30732617e+03,
       5.27258423e+02, 7.08643973e-01, 1.53976611e+03, 5.33324768e+02,
       5.88694215e-01, 1.09837390e+03, 4.33229065e+02, 6.18618250e-01,
       1.30734033e+03, 4.06594299e+02, 7.19678998e-01, 1.50159399e+03,
       4.56763489e+02, 6.69507861e-01, 7.06828430e+02, 4.24312225e+02,
       7.09440351e-01, 7.12654175e+02, 4.03740112e+02, 2.72800267e-01,
       7.15815674e+02, 4.62596924e+02, 6.86175227e-01, 0., 0., 0.,
       1.60751233e+03, 3.89102783e+02, 4.31923658e-01, 1.60162122e+03,
       3.89074005e+02, 4.04442757e-01, 1.52802466e+03, 4.74355286e+02,
       4.61181968e-01, 1.62217908e+03, 5.27359192e+02, 4.69951183e-01,
       1.61337366e+03, 5.39110229e+02, 3.98376107e-01, 1.56629968e+03,
       5.27375793e+02, 2.44429901e-01 ]
