%YAML:1.0
---
pose_0: !!opencv-matrix
   rows: 1
   cols: 25
   dt: "3f"
   data: [ 6.53967407e+02, 4.59696777e+02, 8.45965922e-01,
       7.98086304e+02, 5.00820557e+02, 6.32435620e-01, 8.06882690e+02,
       5.86170654e+02, 6.26367867e-01, 9.42339172e+02, 6.42132996e+02,
       7.80277014e-01, 1.04840149e+03, 7.24505676e+02, 8.18505168e-01,
       7.89236328e+02, 4.15570587e+02, 3.92957062e-01, 8.74621216e+02,
       4.09585815e+02, 6.38501048e-02, 0., 0., 0., 1.10423071e+03,
       4.80196106e+02, 5.34373879e-01, 1.09545483e+03, 5.30301392e+02,
       5.58019042e-01, 1.32793787e+03, 5.77283203e+02, 5.55628121e-01,
       1.51624255e+03, 5.80424500e+02, 6.53956175e-01, 1.10426013e+03,
       4.12629547e+02, 5.25491238e-01, 1.33672400e+03, 4.39153168e+02,
       6.88926518e-01, 1.63692957e+03, 4.53704468e+02, 5.11370540e-01,
       6.42082214e+02, 4.80164368e+02, 7.98397601e-01, 6.47914001e+02,
       4.36208832e+02, 8.43451679e-01, 6.59736633e+02, 5.03883362e+02,
       4.11200106e-01, 6.80364197e+02, 4.12512268e+02, 5.06471276e-01,
       1.72520386e+03, 4.09625702e+02, 5.67039251e-01, 1.71348657e+03,
       4.09588379e+02, 5.87267697e-01, 1.64286450e+03, 4.62580780e+02,
       2.25841001e-01, 1.48980298e+03, 6.65600159e+02, 5.58518529e-01,
       1.47513196e+03, 6.53870483e+02, 5.19593120e-01, 1.54278320e+03,
       5.71451660e+02, 4.62576419e-01 ]
