%YAML:1.0
---
pose_0: !!opencv-matrix
   rows: 1
   cols: 25
   dt: "3f"
   data: [ 0., 0., 0., 6.06784058e+02, 5.59743103e+02, 2.60279953e-01,
       5.56799194e+02, 6.36238525e+02, 7.45367184e-02, 0., 0., 0., 0.,
       0., 0., 6.21467712e+02, 4.83279297e+02, 4.69400883e-01,
       8.33402893e+02, 4.80307831e+02, 6.35093331e-01, 7.15733093e+02,
       6.48015564e+02, 6.10719860e-01, 1.04832434e+03, 6.62723328e+02,
       3.69080216e-01, 1.03944543e+03, 7.27472107e+02, 3.41022581e-01,
       1.20427881e+03, 8.18692017e+02, 1.48233831e-01, 0., 0., 0.,
       1.05420752e+03, 5.95003723e+02, 3.12657535e-01, 1.35735156e+03,
       6.71494690e+02, 3.59976828e-01, 1.74587708e+03, 6.62674072e+02,
       2.09513575e-01, 0., 0., 0., 0., 0., 0., 0., 0., 0.,
       4.89102203e+02, 5.53871155e+02, 1.20887853e-01, 1.80469434e+03,
       6.21516724e+02, 1.52307451e-01, 1.80184265e+03, 6.21513245e+02,
       1.62056938e-01, 1.76643542e+03, 6.80406982e+02, 1.96591392e-01,
       0., 0., 0., 0., 0., 0., 0., 0., 0. ]
