%YAML:1.0
---
pose_0: !!opencv-matrix
   rows: 2
   cols: 25
   dt: "3f"
   data: [ 7.65717957e+02, 4.30205414e+02, 8.29250097e-01,
       8.21683289e+02, 4.65498627e+02, 6.16914392e-01, 8.30439880e+02,
       5.06751831e+02, 6.98260427e-01, 9.15868591e+02, 4.39146027e+02,
       7.27907598e-01, 9.77742188e+02, 2.71195190e+02, 7.80928969e-01,
       8.06876526e+02, 4.12609741e+02, 5.70464194e-01, 8.59891174e+02,
       3.65431671e+02, 5.83297074e-01, 9.54122925e+02, 2.94761597e+02,
       2.50043035e-01, 1.12775708e+03, 5.15549255e+02, 5.73174834e-01,
       1.11897754e+03, 5.59764221e+02, 5.39199173e-01, 1.37496912e+03,
       6.39132568e+02, 6.51539505e-01, 1.55155994e+03, 7.15795288e+02,
       5.96986294e-01, 1.13659546e+03, 4.62666016e+02, 5.84209502e-01,
       1.35135583e+03, 4.06682892e+02, 6.31280899e-01, 1.57219775e+03,
       3.62568970e+02, 5.55804610e-01, 7.42316589e+02, 4.36248169e+02,
       8.83112609e-01, 7.54017639e+02, 4.12568817e+02, 7.93585539e-01,
       7.42203857e+02, 4.77256531e+02, 7.46883988e-01, 7.62880188e+02,
       3.91999084e+02, 8.73945057e-02, 1.65463696e+03, 3.18415527e+02,
       4.03606355e-01, 1.65161707e+03, 3.15490570e+02, 3.96614164e-01,
       1.60162305e+03, 3.65505951e+02, 2.49424130e-01, 1.62516406e+03,
       6.95176025e+02, 5.28297782e-01, 1.61632886e+03, 7.12708740e+02,
       4.36235100e-01, 1.56926709e+03, 7.39154175e+02, 3.54980409e-01,
       0., 0., 0., 0., 0., 0., 0., 0., 0., 0., 0., 0., 0., 0., 0.,
       9.30615234e+02, 4.47826416e+02, 2.35590875e-01, 1.04531543e+03,
       4.15454987e+02, 7.03589261e-01, 1.14259326e+03, 3.56634705e+02,
       8.27941060e-01, 0., 0., 0., 0., 0., 0., 0., 0., 0., 0., 0., 0.,
       0., 0., 0., 0., 0., 0., 0., 0., 0., 0., 0., 0., 0., 0., 0., 0.,
       0., 0., 0., 0., 0., 0., 0., 0., 0., 0., 0., 0., 0., 0., 0., 0.,
       0., 0., 0., 0., 0., 0., 0. ]
