%YAML:1.0
---
pose_0: !!opencv-matrix
   rows: 1
   cols: 25
   dt: "3f"
   data: [ 7.77488281e+02, 4.65567413e+02, 2.76935726e-01,
       8.06952515e+02, 5.30271912e+02, 2.94671118e-01, 8.62950623e+02,
       5.47933044e+02, 4.78034377e-01, 1.00114801e+03, 5.62607178e+02,
       5.80641150e-01, 1.14841980e+03, 4.89109619e+02, 5.65324426e-01,
       7.39212402e+02, 5.53875488e+02, 2.88765609e-01, 8.01100281e+02,
       4.83173798e+02, 2.12180540e-01, 7.65754272e+02, 4.83262329e+02,
       5.71685284e-02, 1.16894312e+03, 5.71511536e+02, 3.82804543e-01,
       1.14541907e+03, 6.09784180e+02, 3.55099022e-01, 1.37505835e+03,
       5.06700012e+02, 8.68690193e-01, 1.61930811e+03, 7.15656433e+02,
       6.25098228e-01, 1.19544641e+03, 5.27320129e+02, 3.15407336e-01,
       1.37500757e+03, 4.59708405e+02, 7.04463363e-01, 1.56928210e+03,
       5.77318176e+02, 5.32691956e-01, 7.62845825e+02, 4.80142944e+02,
       1.86734036e-01, 0., 0., 0., 7.83402161e+02, 4.92065399e+02,
       1.41792208e-01, 0., 0., 0., 1.61038074e+03, 4.94966064e+02,
       2.27026477e-01, 1.60455603e+03, 4.97932281e+02, 2.22280443e-01,
       1.58691296e+03, 6.00925049e+02, 4.08046126e-01, 1.66339063e+03,
       7.33356995e+02, 4.11559522e-01, 1.64872339e+03, 7.42141052e+02,
       4.77268219e-01, 1.63397705e+03, 7.30450500e+02, 4.09116745e-01 ]
