%YAML:1.0
---
pose_0: !!opencv-matrix
   rows: 1
   cols: 25
   dt: "3f"
   data: [ 7.68723083e+02, 4.09725769e+02, 8.68105650e-01,
       8.80603027e+02, 4.12493958e+02, 7.09106505e-01, 8.71739685e+02,
       4.80163086e+02, 6.79904938e-01, 1.00123969e+03, 5.03674347e+02,
       7.18196392e-01, 1.05119250e+03, 4.33096008e+02, 4.71827984e-01,
       8.83541992e+02, 3.44933441e+02, 4.40529674e-01, 1.04824158e+03,
       3.18310547e+02, 7.05243051e-01, 1.04845471e+03, 2.21249420e+02,
       8.00350428e-01, 1.14834570e+03, 4.53705322e+02, 6.03750825e-01,
       1.13653491e+03, 5.00813385e+02, 6.10663414e-01, 1.32500598e+03,
       5.33314026e+02, 6.77033901e-01, 1.55747290e+03, 5.71455872e+02,
       5.53723574e-01, 1.16304431e+03, 4.00741699e+02, 5.47985077e-01,
       1.37795862e+03, 3.89123871e+02, 5.70829451e-01, 1.56334314e+03,
       4.03668549e+02, 6.64872825e-01, 7.56946045e+02, 4.21348633e+02,
       7.71956205e-01, 7.62851868e+02, 3.89119965e+02, 8.53273928e-01,
       7.68656250e+02, 4.42015625e+02, 4.47395444e-01, 7.89339539e+02,
       3.68434570e+02, 6.38545752e-01, 1.62225061e+03, 3.65380402e+02,
       5.26157379e-01, 1.61347571e+03, 3.62585663e+02, 6.00759149e-01,
       1.58685254e+03, 4.12546936e+02, 3.66266906e-01, 1.64576892e+03,
       5.50929382e+02, 4.55371022e-01, 1.63400330e+03, 5.65614746e+02,
       4.01361108e-01, 1.57806177e+03, 5.74487244e+02, 2.88180053e-01 ]
