%YAML:1.0
---
pose_0: !!opencv-matrix
   rows: 1
   cols: 25
   dt: "3f"
   data: [ 6.74588562e+02, 5.06834290e+02, 8.17374289e-01,
       8.04000549e+02, 5.30189575e+02, 7.24488616e-01, 8.03994324e+02,
       6.03853699e+02, 7.12534904e-01, 9.30479431e+02, 6.68638000e+02,
       8.43915343e-01, 1.00415271e+03, 6.71454468e+02, 8.30202281e-01,
       7.83407410e+02, 4.56798584e+02, 6.40860915e-01, 9.51187988e+02,
       4.32994995e+02, 8.53184402e-01, 8.18768188e+02, 4.24362427e+02,
       7.84036875e-01, 1.07773535e+03, 5.27286743e+02, 5.35039723e-01,
       1.07774219e+03, 5.74407043e+02, 5.51434875e-01, 1.30731396e+03,
       5.77484009e+02, 7.76010573e-01, 1.57806470e+03, 6.01020508e+02,
       6.30009353e-01, 1.07771594e+03, 4.71394867e+02, 5.05995989e-01,
       1.33079797e+03, 4.41974609e+02, 4.57467556e-01, 1.52804395e+03,
       4.53706879e+02, 4.88938183e-01, 6.65696899e+02, 5.27258362e+02,
       7.95141160e-01, 6.68546631e+02, 4.86223450e+02, 8.01064014e-01,
       6.89159851e+02, 5.45022217e+02, 4.46145713e-01, 6.92249207e+02,
       4.62561493e+02, 6.12648427e-01, 1.62519714e+03, 4.30179321e+02,
       2.82440156e-01, 1.61926660e+03, 4.24324402e+02, 3.21155846e-01,
       1.55455676e+03, 4.53766785e+02, 2.01874241e-01, 1.66049292e+03,
       6.50934631e+02, 4.54503477e-01, 1.66044373e+03, 6.48035095e+02,
       4.61571902e-01, 1.61337756e+03, 5.77489319e+02, 4.12315667e-01 ]
