%YAML:1.0
---
pose_0: !!opencv-matrix
   rows: 1
   cols: 25
   dt: "3f"
   data: [ 7.21576477e+02, 4.33172302e+02, 8.66388559e-01,
       8.18725342e+02, 4.27253906e+02, 6.64160013e-01, 7.92225525e+02,
       5.00841400e+02, 5.05334496e-01, 9.01113892e+02, 5.47972717e+02,
       5.24362862e-01, 9.74740234e+02, 5.24435242e+02, 2.32560873e-01,
       8.33317383e+02, 3.44903931e+02, 6.88866913e-01, 9.36413330e+02,
       2.47648697e+02, 8.28330517e-01, 9.24590698e+02, 3.91976379e+02,
       8.19715679e-01, 1.05420776e+03, 4.18492859e+02, 3.27503145e-01,
       1.04534705e+03, 4.62586884e+02, 2.13890493e-01, 0., 0., 0., 0.,
       0., 0., 1.05126550e+03, 3.71325562e+02, 2.97081977e-01,
       1.37200427e+03, 3.15490936e+02, 4.80538160e-01, 1.56930017e+03,
       1.85957962e+02, 3.20342213e-01, 7.06842896e+02, 4.44931152e+02,
       7.73764610e-01, 7.12716187e+02, 4.09609039e+02, 8.32538366e-01,
       7.18586853e+02, 4.65558441e+02, 4.17498410e-01, 7.39165466e+02,
       3.80172028e+02, 5.82641721e-01, 1.68101379e+03, 1.50531174e+02,
       1.71679437e-01, 1.68104236e+03, 1.50522644e+02, 1.47671506e-01,
       0., 0., 0., 0., 0., 0., 0., 0., 0., 0., 0., 0. ]
