%YAML:1.0
---
pose_0: !!opencv-matrix
   rows: 1
   cols: 25
   dt: "3f"
   data: [ 7.53996887e+02, 4.12639282e+02, 8.01117718e-01,
       8.33439514e+02, 3.89031708e+02, 6.46789610e-01, 8.24593140e+02,
       4.39021210e+02, 4.89700943e-01, 9.09943420e+02, 4.80147949e+02,
       1.06717952e-01, 0., 0., 0., 8.45210388e+02, 3.38915375e+02,
       6.30918026e-01, 9.74577881e+02, 2.65317749e+02, 7.52421498e-01,
       9.33489624e+02, 4.12514252e+02, 8.12867105e-01, 1.13070007e+03,
       4.09641724e+02, 5.30288875e-01, 1.12482251e+03, 4.56704163e+02,
       5.56367159e-01, 1.32786047e+03, 5.53700256e+02, 7.88679838e-01,
       1.56041211e+03, 5.65647522e+02, 6.32457018e-01, 1.13367590e+03,
       3.59617096e+02, 4.45942074e-01, 1.37504761e+03, 3.18494141e+02,
       7.23045051e-01, 1.52803479e+03, 1.80043869e+02, 5.15503287e-01,
       7.39178650e+02, 4.30183380e+02, 7.98517644e-01, 7.39287903e+02,
       3.94908020e+02, 7.66101956e-01, 7.51001953e+02, 4.42003632e+02,
       1.36367083e-01, 7.53941345e+02, 3.65548462e+02, 6.12479031e-01,
       1.60745081e+03, 1.47628738e+02, 1.42997608e-01, 0., 0., 0.,
       1.53391443e+03, 1.62392029e+02, 2.62940139e-01, 1.61038977e+03,
       6.39179932e+02, 3.22063178e-01, 1.61048157e+03, 6.33264343e+02,
       2.88573623e-01, 1.58984705e+03, 5.50823547e+02, 4.65462744e-01 ]
