%YAML:1.0
---
pose_0: !!opencv-matrix
   rows: 1
   cols: 25
   dt: "3f"
   data: [ 6.74502625e+02, 5.47899353e+02, 8.07109535e-01,
       8.09798218e+02, 5.27441101e+02, 7.30081558e-01, 8.12956482e+02,
       6.12671082e+02, 5.61730981e-01, 9.48255859e+02, 7.01007996e+02,
       7.88724959e-01, 8.30467712e+02, 6.48141052e+02, 6.69518113e-01,
       8.01111816e+02, 4.53747711e+02, 6.37126982e-01, 9.51032898e+02,
       3.88889679e+02, 8.41842413e-01, 1.06004407e+03, 4.06600281e+02,
       8.02797437e-01, 1.09237061e+03, 5.71458008e+02, 5.64387083e-01,
       1.07482690e+03, 6.21603271e+02, 5.83153367e-01, 1.30137964e+03,
       6.45101501e+02, 5.18175602e-01, 1.53982178e+03, 6.24509338e+02,
       2.95531541e-01, 1.09543152e+03, 5.06651855e+02, 5.50043762e-01,
       1.30441089e+03, 5.50835205e+02, 6.57180429e-01, 1.62808264e+03,
       5.47900818e+02, 4.67659414e-01, 6.59793945e+02, 5.65580811e+02,
       7.85988927e-01, 6.59805603e+02, 5.24388977e+02, 7.82805622e-01,
       6.74575745e+02, 5.86231567e+02, 1.40627950e-01, 6.83307129e+02,
       4.89116486e+02, 4.32066500e-01, 1.69286426e+03, 5.03788025e+02,
       2.06378594e-01, 1.68695581e+03, 5.03846405e+02, 2.27876335e-01,
       1.65456580e+03, 5.65595215e+02, 2.23337919e-01, 0., 0., 0., 0.,
       0., 0., 1.58987329e+03, 6.15653015e+02, 1.31733388e-01 ]
