%YAML:1.0
---
pose_0: !!opencv-matrix
   rows: 1
   cols: 25
   dt: "3f"
   data: [ 6.42043762e+02, 4.33230408e+02, 8.39839399e-01,
       7.39192444e+02, 4.47823120e+02, 6.86498284e-01, 7.18593262e+02,
       5.00875214e+02, 5.33516109e-01, 8.80550110e+02, 6.30375610e+02,
       2.77633697e-01, 9.62916565e+02, 6.39153992e+02, 2.35488683e-01,
       7.62745728e+02, 3.86132996e+02, 6.90615058e-01, 9.57031006e+02,
       3.59609650e+02, 8.16391945e-01, 8.30540466e+02, 3.62562347e+02,
       6.97778285e-01, 1.06304248e+03, 4.74382172e+02, 5.21985948e-01,
       1.06005115e+03, 5.24375916e+02, 5.11356771e-01, 1.32788025e+03,
       5.18533325e+02, 6.32070422e-01, 1.60752576e+03, 5.53748657e+02,
       6.47738874e-01, 1.06885046e+03, 4.15495941e+02, 5.05413771e-01,
       1.35438232e+03, 4.09547882e+02, 5.52403271e-01, 1.56926221e+03,
       4.06683746e+02, 3.30038309e-01, 6.24384155e+02, 4.50823914e+02,
       7.41779089e-01, 6.33250916e+02, 4.15483765e+02, 7.62672424e-01,
       6.42170898e+02, 4.68536316e+02, 4.69727635e-01, 6.62701355e+02,
       3.92032898e+02, 5.47806978e-01, 1.66338586e+03, 3.94869598e+02,
       4.81518090e-01, 1.66044019e+03, 3.88981934e+02, 5.24351954e-01,
       1.64577905e+03, 4.09595917e+02, 2.07460195e-01, 1.71639844e+03,
       5.50916016e+02, 4.89754796e-01, 1.70468176e+03, 5.62640686e+02,
       4.34423178e-01, 1.62226477e+03, 545., 3.45898151e-01 ]
