%YAML:1.0
---
pose_0: !!opencv-matrix
   rows: 1
   cols: 25
   dt: "3f"
   data: [ 7.48105530e+02, 5.24414917e+02, 8.08934927e-01,
       8.21671265e+02, 4.77230347e+02, 5.35455406e-01, 8.15757263e+02,
       5.24335022e+02, 3.60033095e-01, 0., 0., 0., 0., 0., 0.,
       8.36321228e+02, 4.21395447e+02, 5.93671501e-01, 9.71723999e+02,
       4.12714050e+02, 7.77005434e-01, 1.07475269e+03, 4.35991119e+02,
       8.32573950e-01, 1.11890356e+03, 5.27400269e+02, 5.04754543e-01,
       1.11602271e+03, 5.77327698e+02, 5.05831361e-01, 1.31905701e+03,
       6.21389221e+02, 7.17670441e-01, 1.53975439e+03, 6.74555725e+02,
       6.23925090e-01, 1.11895691e+03, 4.80182861e+02, 4.74587858e-01,
       1.35451001e+03, 4.59613190e+02, 7.05205619e-01, 1.56635010e+03,
       4.53662384e+02, 6.25064015e-01, 7.39122986e+02, 5.30288818e+02,
       7.67371655e-01, 7.39221558e+02, 5.03892792e+02, 8.17413151e-01,
       0., 0., 0., 7.42226929e+02, 4.59781555e+02, 6.34074569e-01,
       1.63696204e+03, 4.27245483e+02, 3.89851987e-01, 1.63392212e+03,
       4.24285614e+02, 4.10044193e-01, 1.60752161e+03, 4.56705475e+02,
       2.62858301e-01, 1.62807153e+03, 6.65626099e+02, 5.19298315e-01,
       1.61048193e+03, 6.74567139e+02, 4.64895725e-01, 1.54871570e+03,
       6.92094299e+02, 3.72418284e-01 ]
