%YAML:1.0
---
pose_0: !!opencv-matrix
   rows: 1
   cols: 25
   dt: "3f"
   data: [ 5.15603455e+02, 5.65644470e+02, 4.91199613e-01,
       6.68702881e+02, 4.86140289e+02, 5.63684225e-01, 6.68637878e+02,
       5.97910156e+02, 6.31213248e-01, 8.36417969e+02, 6.18581665e+02,
       6.08953178e-01, 7.18707520e+02, 5.30232483e+02, 6.21306598e-01,
       6.53936401e+02, 4.00770386e+02, 3.24721694e-01, 8.80490784e+02,
       3.03669312e+02, 6.94619536e-01, 6.62715942e+02, 3.33088501e+02,
       4.53368902e-01, 1.03358813e+03, 5.42038635e+02, 4.51233715e-01,
       1.00706757e+03, 6.03907410e+02, 4.88383263e-01, 1.18370618e+03,
       6.98061035e+02, 3.34053338e-01, 1.47510754e+03, 7.39294434e+02,
       5.84035069e-02, 1.05419287e+03, 4.71455414e+02, 4.08975899e-01,
       1.37494958e+03, 5.03842102e+02, 4.49097455e-01, 1.72825781e+03,
       4.86198395e+02, 3.46560687e-01, 4.92049408e+02, 5.71426819e+02,
       1.98717967e-01, 4.89122009e+02, 5.53785645e+02, 3.78038406e-01,
       0., 0., 0., 4.97912354e+02, 4.89108765e+02, 2.58750409e-01,
       1.81062378e+03, 5.21434509e+02, 6.53327554e-02, 0., 0., 0.,
       1.73406836e+03, 4.92010376e+02, 1.70190379e-01, 0., 0., 0., 0.,
       0., 0., 0., 0., 0. ]
