%YAML:1.0
---
pose_0: !!opencv-matrix
   rows: 1
   cols: 25
   dt: "3f"
   data: [ 8.09765625e+02, 4.12663544e+02, 2.45180920e-01,
       8.77588562e+02, 3.47803162e+02, 3.34400058e-01, 8.77609375e+02,
       3.50751526e+02, 1.57282144e-01, 1.06005652e+03, 4.83154724e+02,
       2.81606495e-01, 1.13362183e+03, 5.59748718e+02, 3.54054689e-01,
       8.83563782e+02, 3.36076691e+02, 4.73138630e-01, 8.86413025e+02,
       4.59720856e+02, 4.11924183e-01, 8.80618408e+02, 5.95037476e+02,
       2.72198081e-01, 1.18362903e+03, 3.62435425e+02, 5.13524413e-01,
       1.18077319e+03, 4.12550171e+02, 5.56514442e-01, 1.31317664e+03,
       5.33311768e+02, 6.24431491e-01, 1.51917578e+03, 5.80270813e+02,
       5.14978468e-01, 1.18074719e+03, 3.12499786e+02, 4.85161841e-01,
       1.28667542e+03, 2.74185303e+02, 2.31326774e-01, 1.55454590e+03,
       1.53508362e+02, 2.95269042e-01, 8.01048828e+02, 4.09601990e+02,
       5.64308912e-02, 8.04028625e+02, 4.09474121e+02, 2.45758981e-01,
       0., 0., 0., 8.18696228e+02, 3.65509521e+02, 2.72463173e-01,
       1.62224646e+03, 1.09456512e+02, 1.85754046e-01, 1.61638025e+03,
       1.09381905e+02, 1.77046597e-01, 1.55746008e+03, 1.53533615e+02,
       1.44189566e-01, 1.59276929e+03, 6.21486572e+02, 1.25581384e-01,
       1.58394482e+03, 6.21601624e+02, 1.34862289e-01, 1.56333533e+03,
       5.71442688e+02, 3.55375767e-01 ]
