%YAML:1.0
---
pose_0: !!opencv-matrix
   rows: 1
   cols: 25
   dt: "3f"
   data: [ 4.65520081e+02, 5.30259155e+02, 6.74004495e-01,
       6.62710449e+02, 4.62612671e+02, 2.07639813e-01, 6.65692200e+02,
       5.27329285e+02, 1.18888415e-01, 7.53991516e+02, 6.56876770e+02,
       3.85387808e-01, 5.83242493e+02, 5.92064026e+02, 4.60533738e-01,
       6.62744080e+02, 4.27279144e+02, 1.11391626e-01, 7.68648804e+02,
       3.35997681e+02, 5.16410828e-01, 5.33250916e+02, 3.91998993e+02,
       4.20039594e-01, 1.03654919e+03, 5.42089783e+02, 3.80445123e-01,
       1.01590210e+03, 6.15648071e+02, 3.57984364e-01, 1.30439478e+03,
       6.56801697e+02, 3.24054480e-01, 1.71639404e+03, 6.92118286e+02,
       2.91256428e-01, 1.04834583e+03, 4.74347412e+02, 3.60827416e-01,
       1.37202954e+03, 5.00858185e+02, 3.21165919e-01, 1.74291797e+03,
       5.00757507e+02, 3.97825569e-01, 4.42001099e+02, 5.39072754e+02,
       1.96308970e-01, 4.47869080e+02, 5.09637817e+02, 4.34347630e-01,
       0., 0., 0., 4.71426727e+02, 4.59695831e+02, 2.98538208e-01,
       1.85768762e+03, 4.50772430e+02, 8.50835368e-02, 1.85769568e+03,
       4.53794922e+02, 9.64807868e-02, 1.76645337e+03, 5.18512329e+02,
       1.22549936e-01, 1.78413220e+03, 6.56879944e+02, 1.06567904e-01,
       0., 0., 0., 1.74291028e+03, 6.89223511e+02, 2.04631358e-01 ]
