%YAML:1.0
---
pose_0: !!opencv-matrix
   rows: 1
   cols: 25
   dt: "3f"
   data: [ 6.68566040e+02, 4.12539673e+02, 8.55242431e-01,
       7.77553467e+02, 4.03760406e+02, 4.91340220e-01, 7.71632141e+02,
       4.59738678e+02, 3.53260607e-01, 9.51139343e+02, 5.27279663e+02,
       3.31597716e-01, 1.09533374e+03, 5.65632141e+02, 4.75344807e-01,
       7.98116699e+02, 3.21370697e+02, 4.99946505e-01, 9.30562134e+02,
       2.94953735e+02, 2.24292576e-01, 9.95314514e+02, 2.91839203e+02,
       7.19064921e-02, 1.09832483e+03, 3.86084412e+02, 4.20382977e-01,
       1.09538342e+03, 4.39114716e+02, 4.10610408e-01, 1.34262146e+03,
       4.33074921e+02, 6.30151153e-01, 1.63989258e+03, 4.30225311e+02,
       5.28191328e-01, 1.10128796e+03, 3.21346466e+02, 3.90828550e-01,
       1.35149353e+03, 3.21288757e+02, 5.78081608e-01, 1.53686865e+03,
       3.18349548e+02, 4.28117901e-01, 6.48138733e+02, 4.30257660e+02,
       7.98941374e-01, 6.51027649e+02, 3.89138062e+02, 8.19599271e-01,
       6.65716675e+02, 4.50831818e+02, 2.66264617e-01, 6.77448914e+02,
       3.65536743e+02, 5.65783203e-01, 1.63098010e+03, 2.85999359e+02,
       2.37583518e-01, 1.62519519e+03, 2.83089355e+02, 2.68186808e-01,
       1.56631677e+03, 3.09519775e+02, 1.72354877e-01, 1.76056445e+03,
       4.36095795e+02, 1.72114611e-01, 1.74874805e+03, 4.44966736e+02,
       1.51584998e-01, 1.66345825e+03, 4.15504578e+02, 3.39820296e-01 ]
