%YAML:1.0
---
pose_0: !!opencv-matrix
   rows: 1
   cols: 25
   dt: "3f"
   data: [ 7.06922668e+02, 4.36123230e+02, 8.47537935e-01,
       7.65773926e+02, 4.86106903e+02, 7.43327260e-01, 7.42256958e+02,
       5.33281189e+02, 4.23841953e-01, 0., 0., 0., 0., 0., 0.,
       7.86380554e+02, 4.27252258e+02, 7.14501441e-01, 9.62969116e+02,
       4.03713470e+02, 7.94650316e-01, 8.30431885e+02, 4.00780914e+02,
       7.92660177e-01, 1.08951111e+03, 5.12640869e+02, 5.24351716e-01,
       1.08365198e+03, 5.59708740e+02, 5.44839263e-01, 1.30143909e+03,
       5.89099976e+02, 6.23183668e-01, 1.58401062e+03, 6.12659424e+02,
       6.05479896e-01, 1.08652966e+03, 4.56717407e+02, 5.33690095e-01,
       1.32781677e+03, 4.56621765e+02, 6.12460315e-01, 1.57513464e+03,
       4.59733337e+02, 5.39917469e-01, 6.83314026e+02, 4.53656860e+02,
       8.01398635e-01, 6.92261780e+02, 4.30123108e+02, 6.85191691e-01,
       6.89264771e+02, 4.83344391e+02, 7.18457580e-01, 0., 0., 0.,
       1.63697986e+03, 4.36147705e+02, 5.14305770e-01, 1.63395593e+03,
       4.36065247e+02, 5.63697159e-01, 1.61926624e+03, 4.68461761e+02,
       2.66917229e-01, 1.68994934e+03, 5.71488770e+02, 5.51253855e-01,
       1.68413440e+03, 5.80356384e+02, 4.70832050e-01, 1.60161877e+03,
       6.15651794e+02, 3.42016160e-01 ]
