%YAML:1.0
---
pose_0: !!opencv-matrix
   rows: 1
   cols: 25
   dt: "3f"
   data: [ 6.89213806e+02, 4.83280823e+02, 8.82917762e-01,
       8.15758179e+02, 5.06798767e+02, 7.51605213e-01, 8.06931396e+02,
       5.97930115e+02, 7.16724575e-01, 8.83599121e+02, 7.21606934e+02,
       7.35489607e-01, 8.65803406e+02, 6.77486023e+02, 6.51905596e-01,
       8.30463135e+02, 4.33036591e+02, 6.15135133e-01, 1.00115082e+03,
       3.86117493e+02, 5.20944178e-01, 9.74666748e+02, 3.85993225e+02,
       4.08914566e-01, 1.09540369e+03, 5.24436157e+02, 5.50300539e-01,
       1.08949939e+03, 5.74513367e+02, 5.16555250e-01, 1.33377185e+03,
       5.50906433e+02, 6.99879885e-01, 1.59280432e+03, 5.86176270e+02,
       6.00185931e-01, 1.10417847e+03, 4.59705627e+02, 5.48516095e-01,
       1.34558716e+03, 4.36170105e+02, 5.50035179e-01, 1.51626538e+03,
       4.59696136e+02, 4.91977036e-01, 6.71678406e+02, 5.03873352e+02,
       7.97074795e-01, 6.74489746e+02, 4.68516205e+02, 8.09646845e-01,
       6.95057678e+02, 5.30289246e+02, 6.45636618e-01, 6.98093750e+02,
       4.42025848e+02, 5.57470918e-01, 1.62514929e+03, 4.56656799e+02,
       2.59259850e-01, 1.61928455e+03, 4.44889587e+02, 2.79272974e-01,
       1.54276233e+03, 4.71394470e+02, 2.32313350e-01, 1.68997632e+03,
       5.74438660e+02, 4.67731416e-01, 1.68110168e+03, 5.86241028e+02,
       4.03518438e-01, 1.61343860e+03, 5.89115723e+02, 3.34558994e-01 ]
