%YAML:1.0
---
pose_0: !!opencv-matrix
   rows: 1
   cols: 25
   dt: "3f"
   data: [ 7.33333557e+02, 3.89157806e+02, 8.48114312e-01,
       8.54064941e+02, 3.86144104e+02, 7.52776504e-01, 8.74669189e+02,
       4.68434601e+02, 6.10421479e-01, 1.00123260e+03, 5.21486633e+02,
       7.99936950e-01, 1.08653308e+03, 5.95067444e+02, 8.05051804e-01,
       8.42240540e+02, 3.09538025e+02, 6.65832162e-01, 9.77705078e+02,
       2.21101486e+02, 8.40311646e-01, 1.07189026e+03, 3.21329132e+02,
       8.41364384e-01, 1.11891394e+03, 4.18415894e+02, 6.16623640e-01,
       1.11306055e+03, 4.65569458e+02, 5.90380669e-01, 1.31322974e+03,
       5.03668823e+02, 7.45878816e-01, 1.53989148e+03, 5.45033691e+02,
       6.61187291e-01, 1.13068518e+03, 3.65459930e+02, 5.87390244e-01,
       1.32498181e+03, 3.56653229e+02, 6.64169490e-01, 1.56042065e+03,
       2.94823700e+02, 6.24241829e-01, 7.15743774e+02, 4.09733002e+02,
       8.20254326e-01, 7.15824646e+02, 3.77208496e+02, 8.34559381e-01,
       7.39107605e+02, 4.33077576e+02, 2.72979289e-01, 7.39233582e+02,
       3.47802307e+02, 5.16159058e-01, 1.63701685e+03, 2.68270050e+02,
       4.63788629e-01, 1.63408142e+03, 2.65358490e+02, 4.63648319e-01,
       1.58105188e+03, 2.86005585e+02, 2.61114269e-01, 1.61349951e+03,
       5.39137451e+02, 5.42490661e-01, 1.61035767e+03, 5.50882507e+02,
       5.53032041e-01, 1.56624316e+03, 5.39111511e+02, 3.23307484e-01 ]
