%YAML:1.0
---
pose_0: !!opencv-matrix
   rows: 1
   cols: 25
   dt: "3f"
   data: [ 7.33356873e+02, 3.62429169e+02, 3.39528918e-01,
       8.36309143e+02, 2.65351471e+02, 4.35085416e-01, 8.36388672e+02,
       2.53603867e+02, 2.67237812e-01, 8.86487488e+02, 4.06680389e+02,
       2.52138853e-01, 9.04023560e+02, 5.47867737e+02, 1.31333083e-01,
       8.30449951e+02, 2.71244629e+02, 5.89257956e-01, 8.92272461e+02,
       4.03742981e+02, 6.14503264e-01, 9.04072998e+02, 5.47908142e+02,
       8.23640227e-01, 1.11301770e+03, 3.24222534e+02, 4.56763089e-01,
       1.11592126e+03, 3.71322998e+02, 4.71840799e-01, 1.30141772e+03,
       5.03817963e+02, 8.18588972e-01, 1.51621826e+03, 5.21477478e+02,
       5.44170856e-01, 1.11012012e+03, 2.71283051e+02, 3.80473197e-01,
       1.35438123e+03, 2.27089539e+02, 1.36118457e-01, 1.42211707e+03,
       2.00612137e+02, 1.31305069e-01, 7.15783203e+02, 3.50779663e+02,
       8.60429779e-02, 7.21636719e+02, 3.42039948e+02, 3.47545475e-01,
       0., 0., 0., 7.33371216e+02, 3.06577789e+02, 3.98125708e-01, 0.,
       0., 0., 0., 0., 0., 1.44268152e+03, 2.15287323e+02,
       5.09842113e-02, 1.49276807e+03, 6.24441895e+02, 1.20191768e-01,
       1.49271155e+03, 5.97981262e+02, 1.23130068e-01, 1.54868958e+03,
       5.15549011e+02, 3.59398782e-01 ]
