%YAML:1.0
---
pose_0: !!opencv-matrix
   rows: 1
   cols: 25
   dt: "3f"
   data: [ 4.36201050e+02, 6.21411499e+02, 7.77304590e-01,
       5.74345093e+02, 5.80288086e+02, 5.14267206e-01, 5.27301270e+02,
       6.71597351e+02, 3.65920097e-01, 6.59776550e+02, 7.09844543e+02,
       6.49123639e-02, 0., 0., 0., 6.06786743e+02, 4.92066162e+02,
       5.26887417e-01, 7.89330383e+02, 5.12657104e+02, 7.22892404e-01,
       6.27462585e+02, 6.98073975e+02, 6.77730799e-01, 9.95337769e+02,
       6.45124084e+02, 2.55410671e-01, 9.92365479e+02, 7.15680725e+02,
       2.16932431e-01, 1.38087231e+03, 6.95090210e+02, 8.58668312e-02,
       1.54274133e+03, 6.42159851e+02, 1.18108675e-01, 1.01002393e+03,
       5.77329590e+02, 2.11365968e-01, 1.33675488e+03, 6.71624268e+02,
       1.69015989e-01, 1.56045361e+03, 6.45090332e+02, 1.47483692e-01,
       4.15563416e+02, 6.33334961e+02, 7.18699634e-01, 4.15532654e+02,
       5.86249023e+02, 7.18761265e-01, 4.36135529e+02, 6.56843323e+02,
       1.57706693e-01, 4.53767792e+02, 5.42014343e+02, 5.25984645e-01,
       0., 0., 0., 0., 0., 0., 1.56925317e+03, 6.53933044e+02,
       1.06149629e-01, 0., 0., 0., 0., 0., 0., 0., 0., 0. ]
