%YAML:1.0
---
pose_0: !!opencv-matrix
   rows: 1
   cols: 25
   dt: "3f"
   data: [ 7.18601379e+02, 4.21415192e+02, 8.33624721e-01,
       8.09977600e+02, 4.12697815e+02, 7.65851796e-01, 7.89316956e+02,
       4.86151428e+02, 5.94891787e-01, 9.01069641e+02, 5.50914490e+02,
       3.74672115e-01, 9.74643555e+02, 5.59756775e+02, 1.31268546e-01,
       8.24594788e+02, 3.41880737e+02, 7.16308057e-01, 9.30497314e+02,
       2.47835022e+02, 7.53244817e-01, 9.07109436e+02, 4.27287537e+02,
       7.44023323e-01, 1.07186719e+03, 4.18432953e+02, 3.21903944e-01,
       1.09540405e+03, 4.62564392e+02, 2.48840809e-01, 1.34265002e+03,
       5.50973206e+02, 7.01076984e-01, 1.56920508e+03, 5.56857849e+02,
       6.81465864e-01, 1.06889209e+03, 3.68423157e+02, 2.72444576e-01,
       1.35730786e+03, 3.15444641e+02, 5.05817533e-01, 1.56630859e+03,
       1.80094467e+02, 2.81800061e-01, 7.00987244e+02, 4.36087738e+02,
       7.99473941e-01, 7.06853149e+02, 4.00781311e+02, 7.73059368e-01,
       7.15816589e+02, 4.59712708e+02, 3.93969119e-01, 7.30458435e+02,
       3.68488281e+02, 5.50425351e-01, 1.66345691e+03, 1.53508804e+02,
       1.25373468e-01, 1.66048828e+03, 1.50633850e+02, 1.18609376e-01,
       1.56627637e+03, 1.71182938e+02, 1.13703281e-01, 1.58694971e+03,
       6.24525696e+02, 2.37088159e-01, 1.58402124e+03, 6.21587524e+02,
       2.35043272e-01, 1.59570679e+03, 5.47965332e+02, 4.56126511e-01 ]
