%YAML:1.0
---
pose_0: !!opencv-matrix
   rows: 1
   cols: 25
   dt: "3f"
   data: [ 6.89190613e+02, 4.30174469e+02, 8.22545826e-01,
       8.24607971e+02, 4.15519897e+02, 7.04033613e-01, 8.18770874e+02,
       5.06771820e+02, 6.34573221e-01, 9.27522339e+02, 6.27458679e+02,
       7.83305407e-01, 8.68783142e+02, 6.03862183e+02, 5.36247611e-01,
       8.39308716e+02, 3.21313202e+02, 6.81336164e-01, 9.77761902e+02,
       2.94769135e+02, 8.47660065e-01, 1.05716248e+03, 2.91956909e+02,
       8.10474873e-01, 1.11893274e+03, 4.53738739e+02, 5.74262559e-01,
       1.11300098e+03, 5.03787445e+02, 6.03842080e-01, 1.32497925e+03,
       5.27273682e+02, 5.67413092e-01, 1.53686890e+03, 5.33252808e+02,
       5.82224190e-01, 1.12773035e+03, 3.91962189e+02, 5.19094527e-01,
       1.35141223e+03, 4.03740356e+02, 4.91071194e-01, 1.58397546e+03,
       4.09712463e+02, 4.91036892e-01, 6.71562317e+02, 4.42068604e+02,
       7.42776930e-01, 6.71530884e+02, 4.09564392e+02, 8.50590825e-01,
       6.92115540e+02, 4.62559509e+02, 2.71405995e-01, 7.01006348e+02,
       3.68394012e+02, 5.21957457e-01, 1.65748718e+03, 3.83055878e+02,
       3.87209237e-01, 1.65168921e+03, 3.77265167e+02, 4.07278329e-01,
       1.61631567e+03, 4.21360718e+02, 2.55177051e-01, 1.63408435e+03,
       5.50781128e+02, 3.03944707e-01, 1.61638733e+03, 5.53900818e+02,
       2.70066082e-01, 1.56632703e+03, 5.21470703e+02, 3.40612113e-01 ]
