%YAML:1.0
---
pose_0: !!opencv-matrix
   rows: 1
   cols: 25
   dt: "3f"
   data: [ 7.65885559e+02, 4.09694458e+02, 8.19119215e-01,
       8.42292542e+02, 4.53712555e+02, 6.18332386e-01, 8.51051147e+02,
       5.00758453e+02, 7.60807812e-01, 9.45240784e+02, 4.59688324e+02,
       7.57031977e-01, 9.24604126e+02, 3.09568115e+02, 7.49028802e-01,
       8.42247375e+02, 4.03740906e+02, 3.33440244e-01, 1.01596027e+03,
       3.38943665e+02, 5.61118126e-01, 1.11907800e+03, 2.50689743e+02,
       3.56852293e-01, 1.13070435e+03, 4.36043915e+02, 5.86072564e-01,
       1.12193958e+03, 4.83116241e+02, 5.78366458e-01, 1.34551965e+03,
       5.74284119e+02, 5.65084517e-01, 1.53684033e+03, 6.71581421e+02,
       5.07822096e-01, 1.13656128e+03, 3.86096893e+02, 5.87341130e-01,
       1.31903064e+03, 3.18389679e+02, 4.99421060e-01, 1.56340271e+03,
       2.65399963e+02, 5.47151864e-01, 7.56856445e+02, 4.27267395e+02,
       7.23901629e-01, 7.59774414e+02, 3.97889618e+02, 5.69952786e-01,
       7.65674927e+02, 4.62555359e+02, 6.03190720e-01, 0., 0., 0.,
       1.64284766e+03, 2.18266495e+02, 3.41341138e-01, 1.64286865e+03,
       2.18244553e+02, 3.11368823e-01, 1.58983923e+03, 2.71232574e+02,
       2.83703059e-01, 1.61056189e+03, 6.68574341e+02, 4.48384643e-01,
       1.60750256e+03, 6.74541138e+02, 3.68744701e-01, 1.56042712e+03,
       6.92135254e+02, 3.10216904e-01 ]
