%YAML:1.0
---
pose_0: !!opencv-matrix
   rows: 1
   cols: 25
   dt: "3f"
   data: [ 6.48136414e+02, 5.03681763e+02, 5.18428922e-01,
       7.80411438e+02, 4.44908386e+02, 5.85125864e-01, 8.12772888e+02,
       5.56755127e+02, 3.77805829e-01, 9.42343872e+02, 5.86201416e+02,
       1.00202732e-01, 1.02471973e+03, 6.18531860e+02, 7.31642172e-02,
       7.74567932e+02, 3.62523132e+02, 6.18157327e-01, 9.12943665e+02,
       2.71233673e+02, 7.67398953e-01, 1.02191736e+03, 1.71125702e+02,
       8.03202510e-01, 1.11013025e+03, 5.06683533e+02, 5.39429903e-01,
       1.09233765e+03, 5.68508728e+02, 5.34877956e-01, 1.31315857e+03,
       6.53932800e+02, 6.61419392e-01, 1.61928223e+03, 6.77501526e+02,
       5.58893442e-01, 1.12481189e+03, 4.39057007e+02, 4.63209748e-01,
       1.39263904e+03, 4.80122559e+02, 5.42828202e-01, 1.63689465e+03,
       4.68435272e+02, 6.31996393e-01, 6.36199829e+02, 5.06635651e+02,
       3.32559437e-01, 6.39201843e+02, 4.83080566e+02, 5.76371431e-01,
       6.50959473e+02, 5.12593933e+02, 5.09530082e-02, 6.50937561e+02,
       4.50825623e+02, 5.23468971e-01, 1.71641687e+03, 4.12662445e+02,
       4.68038082e-01, 1.71048840e+03, 4.15507843e+02, 4.54597592e-01,
       1.65753967e+03, 4.80306305e+02, 2.76093572e-01, 1.68110474e+03,
       6.39164429e+02, 2.44107008e-01, 1.67519507e+03, 6.48020935e+02,
       1.98382869e-01, 1.65164941e+03, 6.74568970e+02, 3.00556421e-01 ]
