%YAML:1.0
---
pose_0: !!opencv-matrix
   rows: 1
   cols: 25
   dt: "3f"
   data: [ 0., 0., 0., 7.48086548e+02, 5.06701263e+02, 3.28501493e-01,
       7.59864990e+02, 5.65586121e+02, 2.80936152e-01, 7.39270752e+02,
       6.27493896e+02, 3.14310610e-01, 7.65786499e+02, 5.30381836e+02,
       3.94998014e-01, 7.42192017e+02, 4.33207642e+02, 3.68519127e-01,
       8.15841736e+02, 4.12659760e+02, 7.42536068e-01, 7.39274353e+02,
       4.83179382e+02, 8.23383152e-01, 1.05128259e+03, 5.36214661e+02,
       4.43556368e-01, 1.04832788e+03, 5.95004883e+02, 4.57516432e-01,
       1.34557117e+03, 6.01045471e+02, 5.46290219e-01, 1.66048096e+03,
       6.00995483e+02, 5.34577250e-01, 1.05711951e+03, 4.80147430e+02,
       4.13049340e-01, 1.35437744e+03, 4.59634125e+02, 5.44684172e-01,
       1.55159729e+03, 4.47860657e+02, 4.65728700e-01, 0., 0., 0., 0.,
       0., 0., 0., 0., 0., 7.12719116e+02, 5.27304443e+02,
       8.03590566e-02, 1.66045325e+03, 4.39110046e+02, 3.71020079e-01,
       1.65759229e+03, 4.36083313e+02, 4.00573611e-01, 0., 0., 0.,
       1.75173987e+03, 6.50921387e+02, 1.05595782e-01, 1.75169312e+03,
       6.45089966e+02, 1.19542912e-01, 1.69877478e+03, 5.83245483e+02,
       2.43964896e-01 ]
