%YAML:1.0
---
pose_0: !!opencv-matrix
   rows: 1
   cols: 25
   dt: "3f"
   data: [ 7.59855652e+02, 4.15605530e+02, 5.15791297e-01,
       8.01055481e+02, 4.94956146e+02, 4.57215160e-01, 8.15733154e+02,
       5.06716675e+02, 6.63898885e-01, 9.39454163e+02, 5.03788208e+02,
       7.70642817e-01, 9.98243713e+02, 4.12459503e+02, 7.42533624e-01,
       7.09844116e+02, 5.03772247e+02, 2.21594706e-01, 0., 0., 0., 0.,
       0., 0., 1.15425146e+03, 5.03820679e+02, 4.23207849e-01,
       1.14252783e+03, 5.47901855e+02, 3.80246460e-01, 1.37196863e+03,
       4.56702850e+02, 7.69701838e-01, 1.58996167e+03, 6.45009644e+02,
       6.30615711e-01, 1.16014917e+03, 4.59643646e+02, 3.98737878e-01,
       1.42214478e+03, 4.47882263e+02, 2.43410572e-01, 1.56342883e+03,
       5.24392700e+02, 3.30913454e-01, 7.39292908e+02, 4.27300751e+02,
       4.08302397e-01, 0., 0., 0., 7.45200195e+02, 4.56708130e+02,
       3.88194263e-01, 0., 0., 0., 1.68114746e+03, 5.33208740e+02,
       1.78176597e-01, 1.68105981e+03, 5.30342041e+02, 1.77177370e-01,
       1.57221069e+03, 5.36161926e+02, 1.75442457e-01, 1.63410535e+03,
       6.68693115e+02, 5.31310976e-01, 1.61641479e+03, 6.74570313e+02,
       5.63052237e-01, 1.61043579e+03, 6.53906433e+02, 3.97911310e-01 ]
