%YAML:1.0
---
pose_0: !!opencv-matrix
   rows: 1
   cols: 25
   dt: "3f"
   data: [ 0., 0., 0., 8.62935425e+02, 5.39120605e+02, 4.01999623e-01,
       8.74590820e+02, 5.33237732e+02, 3.87217820e-01, 1.11588818e+03,
       5.06732849e+02, 1.57232195e-01, 1.18961218e+03, 5.30285034e+02,
       2.56936699e-01, 8.71674011e+02, 5.50848633e+02, 5.02350569e-01,
       1.01004163e+03, 5.53765320e+02, 5.25647104e-01, 0., 0., 0.,
       1.19836621e+03, 6.09742676e+02, 3.74868780e-01, 1.21015479e+03,
       6.27445435e+02, 4.14588124e-01, 1.37790320e+03, 5.21497192e+02,
       7.91361094e-01, 1.61634143e+03, 6.95123169e+02, 4.19081420e-01,
       1.19253101e+03, 5.68525513e+02, 2.67746121e-01, 1.37502417e+03,
       4.74354553e+02, 6.75801754e-01, 1.56625854e+03, 5.74491394e+02,
       4.49996620e-01, 0., 0., 0., 0., 0., 0., 8.09888184e+02,
       4.97925049e+02, 9.91225466e-02, 7.77545959e+02, 5.59718079e+02,
       1.80949524e-01, 1.59872327e+03, 5.03740143e+02, 3.32977325e-01,
       1.59283569e+03, 5.06677643e+02, 3.51256669e-01, 1.58699792e+03,
       6.00981018e+02, 3.27083677e-01, 1.70763867e+03, 5.89123230e+02,
       2.51735866e-01, 1.71640125e+03, 5.95022644e+02, 2.03231364e-01,
       0., 0., 0. ]
