%YAML:1.0
---
pose_0: !!opencv-matrix
   rows: 1
   cols: 25
   dt: "3f"
   data: [ 7.95246033e+02, 5.06840851e+02, 8.22932184e-01,
       8.86480286e+02, 5.06812195e+02, 7.39831209e-01, 8.83427795e+02,
       5.68525879e+02, 7.32815206e-01, 9.01128662e+02, 6.45037476e+02,
       7.93268561e-01, 8.51059875e+02, 7.18565430e+02, 8.50843072e-01,
       8.92280029e+02, 4.53689331e+02, 5.34426510e-01, 8.51099915e+02,
       4.06581177e+02, 5.47073960e-01, 7.80509033e+02, 3.83014923e+02,
       7.56540895e-01, 1.12188281e+03, 5.27304504e+02, 4.66752648e-01,
       1.11896887e+03, 5.74485046e+02, 4.79692101e-01, 1.35147656e+03,
       6.24509338e+02, 5.68869352e-01, 1.52802063e+03, 6.44966370e+02,
       5.68781614e-01, 1.12774023e+03, 4.83144135e+02, 4.06875640e-01,
       1.35143481e+03, 4.77295166e+02, 4.30433363e-01, 1.54572107e+03,
       4.39063507e+02, 5.00506401e-01, 7.83450256e+02, 5.18497925e+02,
       7.39197493e-01, 7.89406006e+02, 4.89090973e+02, 7.48097718e-01,
       7.98166687e+02, 5.39137390e+02, 2.17405781e-01, 8.27492188e+02,
       4.59622223e+02, 4.30579036e-01, 1.61334644e+03, 4.12537964e+02,
       2.08041593e-01, 1.61332764e+03, 4.12568909e+02, 2.21117347e-01,
       1.58986267e+03, 4.39054230e+02, 2.13595152e-01, 1.58683411e+03,
       6.95174988e+02, 5.16688943e-01, 1.58694153e+03, 6.92223938e+02,
       4.84783530e-01, 1.56336121e+03, 6.21575867e+02, 4.86338079e-01 ]
