%YAML:1.0
---
pose_0: !!opencv-matrix
   rows: 1
   cols: 25
   dt: "3f"
   data: [ 7.39199402e+02, 5.06701080e+02, 8.88988018e-01,
       8.57050110e+02, 5.33187012e+02, 7.65173554e-01, 8.56896362e+02,
       6.06767517e+02, 6.82330132e-01, 9.83532776e+02, 6.45073547e+02,
       7.84337521e-01, 1.11896167e+03, 6.71435547e+02, 8.61996353e-01,
       8.60029297e+02, 4.65493866e+02, 7.14813292e-01, 1.00129675e+03,
       4.36070953e+02, 8.04054022e-01, 1.02165906e+03, 3.80200378e+02,
       6.58136010e-01, 1.11602893e+03, 5.33178833e+02, 6.12768233e-01,
       1.11590759e+03, 5.77430542e+02, 6.32060111e-01, 1.30440051e+03,
       5.68537292e+02, 4.68544215e-01, 1.53981982e+03, 5.56772522e+02,
       4.44250345e-01, 1.11598560e+03, 4.83111816e+02, 6.29071832e-01,
       1.30427563e+03, 4.86090637e+02, 7.15686023e-01, 1.57805945e+03,
       4.86158234e+02, 3.61829877e-01, 7.18646240e+02, 5.24450867e+02,
       8.67214799e-01, 7.27461487e+02, 4.86138702e+02, 8.28869164e-01,
       7.39182312e+02, 5.53828674e+02, 6.71711385e-01, 7.56863342e+02,
       4.71392792e+02, 6.38045192e-01, 1.66638538e+03, 4.42014221e+02,
       2.27905810e-01, 1.66341956e+03, 4.39093567e+02, 2.35342517e-01,
       1.59280396e+03, 5.09659698e+02, 2.46129468e-01, 1.61628674e+03,
       5.74458618e+02, 1.89252049e-01, 1.60743481e+03, 5.80330322e+02,
       2.03977421e-01, 1.56930896e+03, 5.53869751e+02, 2.19619870e-01 ]
