%YAML:1.0
---
pose_0: !!opencv-matrix
   rows: 1
   cols: 25
   dt: "3f"
   data: [ 5.30247131e+02, 5.00852142e+02, 4.74286109e-01,
       6.59804199e+02, 4.71424194e+02, 3.28669190e-01, 6.15650146e+02,
       5.47893616e+02, 1.51743814e-01, 0., 0., 0., 0., 0., 0.,
       7.00959534e+02, 3.88958527e+02, 4.52200413e-01, 8.95242676e+02,
       3.41995697e+02, 4.39070433e-01, 1.11597974e+03, 2.91837585e+02,
       5.34391999e-01, 1.04833728e+03, 5.44981506e+02, 4.51779246e-01,
       1.03945679e+03, 6.00986511e+02, 4.34996426e-01, 1.32491016e+03,
       5.94998962e+02, 5.08976519e-01, 1.56041357e+03, 6.09765808e+02,
       6.80820048e-02, 1.05713086e+03, 4.77337921e+02, 4.16886449e-01,
       1.33673120e+03, 4.36136383e+02, 3.67287815e-01, 1.59282581e+03,
       4.56578339e+02, 2.26961255e-01, 5.06722076e+02, 5.24334045e+02,
       5.10729849e-01, 5.03760437e+02, 4.89091064e+02, 3.49426568e-01,
       5.36142944e+02, 5.33207764e+02, 1.25751585e-01, 5.15595764e+02,
       4.50801331e+02, 2.14610413e-01, 1.70174451e+03, 4.24336975e+02,
       2.25475565e-01, 1.70172205e+03, 4.18480835e+02, 2.35025704e-01,
       1.70469568e+03, 4.50848755e+02, 8.51384178e-02, 0., 0., 0., 0.,
       0., 0., 0., 0., 0. ]
