%YAML:1.0
---
pose_0: !!opencv-matrix
   rows: 1
   cols: 25
   dt: "3f"
   data: [ 0., 0., 0., 1.05415125e+03, 4.62601715e+02, 2.45570511e-01,
       1.03649585e+03, 4.86134674e+02, 2.25686312e-01, 1.01298633e+03,
       5.92089417e+02, 1.83232009e-01, 1.00414453e+03, 6.12713745e+02,
       1.46621525e-01, 1.04535510e+03, 4.62583435e+02, 1.59186572e-01,
       1.02168616e+03, 5.62677185e+02, 1.20207757e-01, 1.01594666e+03,
       6.03885437e+02, 8.72815549e-02, 1.19546143e+03, 4.30235504e+02,
       4.04304892e-01, 0., 0., 0., 0., 0., 0., 0., 0., 0.,
       1.19543494e+03, 4.36104340e+02, 4.15260196e-01, 1.35729004e+03,
       5.27443298e+02, 7.30431736e-01, 1.61044702e+03, 4.36075897e+02,
       5.63063025e-01, 0., 0., 0., 0., 0., 0., 0., 0., 0.,
       1.01299817e+03, 4.71405914e+02, 9.03997496e-02, 1.67813464e+03,
       3.86006165e+02, 3.52670372e-01, 1.67222314e+03, 3.86072296e+02,
       3.37113440e-01, 1.63693799e+03, 4.53771881e+02, 1.92061082e-01,
       0., 0., 0., 0., 0., 0., 0., 0., 0. ]
