%YAML:1.0
---
pose_0: !!opencv-matrix
   rows: 1
   cols: 25
   dt: "3f"
   data: [ 7.36332458e+02, 4.59666504e+02, 8.08720231e-01,
       8.36293335e+02, 4.80212891e+02, 7.64163017e-01, 8.51066772e+02,
       5.56795715e+02, 5.38318276e-01, 9.80611450e+02, 6.00836304e+02,
       7.37426043e-01, 1.03657104e+03, 5.77482910e+02, 7.55616426e-01,
       8.33364075e+02, 4.15532410e+02, 6.45906806e-01, 9.54068848e+02,
       3.06558563e+02, 6.96106076e-01, 9.42325439e+02, 3.56576050e+02,
       7.85232008e-01, 1.11898193e+03, 4.97870392e+02, 5.38519681e-01,
       1.11597681e+03, 5.45024231e+02, 5.36828220e-01, 1.33082776e+03,
       5.65566833e+02, 3.64901245e-01, 1.48094006e+03, 5.71535522e+02,
       6.19703650e-01, 1.12484229e+03, 4.39002411e+02, 5.02245486e-01,
       1.33376819e+03, 4.59646759e+02, 6.32598758e-01, 1.56333655e+03,
       4.62579346e+02, 5.50615728e-01, 7.21564636e+02, 4.74380432e+02,
       7.08524168e-01, 7.24533936e+02, 4.44913330e+02, 6.96750045e-01,
       7.42120178e+02, 5.00892517e+02, 6.13082528e-01, 7.53932556e+02,
       4.30258545e+02, 4.73479807e-01, 1.63395337e+03, 4.36158173e+02,
       3.11700702e-01, 1.62807617e+03, 4.36098846e+02, 3.31799924e-01,
       1.60157739e+03, 4.74333710e+02, 2.73197234e-01, 1.54575757e+03,
       5.71431885e+02, 3.14182758e-01, 1.53688721e+03, 5.80281372e+02,
       2.89606780e-01, 1.49864172e+03, 5.53886963e+02, 4.02911156e-01 ]
