%YAML:1.0
---
pose_0: !!opencv-matrix
   rows: 1
   cols: 25
   dt: "3f"
   data: [ 8.09768921e+02, 4.09538635e+02, 8.36653650e-01,
       8.92319580e+02, 4.59572784e+02, 6.01748526e-01, 8.86501221e+02,
       5.27402527e+02, 5.30994833e-01, 9.98370300e+02, 6.15617737e+02,
       7.77621806e-01, 9.92380310e+02, 4.80246124e+02, 7.40511239e-01,
       9.06982117e+02, 4.00788177e+02, 4.85829860e-01, 1.02477087e+03,
       3.53726807e+02, 3.61196250e-01, 1.16005420e+03, 2.88844788e+02,
       5.44531703e-01, 1.18073840e+03, 4.15537628e+02, 4.85909462e-01,
       1.16903357e+03, 4.77238708e+02, 5.08211851e-01, 1.37796924e+03,
       5.50857300e+02, 7.01137304e-01, 1.53972314e+03, 6.86270508e+02,
       5.48239887e-01, 1.16903711e+03, 3.59536346e+02, 5.15942872e-01,
       1.36028491e+03, 2.94942322e+02, 4.70860720e-01, 1.56041956e+03,
       2.94850006e+02, 3.88374895e-01, 7.86358521e+02, 4.21357697e+02,
       8.22414160e-01, 7.92222473e+02, 3.91944824e+02, 5.37790775e-01,
       7.95183105e+02, 4.59779724e+02, 6.79964721e-01, 0., 0., 0.,
       1.65457056e+03, 2.59558746e+02, 3.55120182e-01, 1.64873157e+03,
       2.59487274e+02, 3.37664872e-01, 1.60161609e+03, 2.97728210e+02,
       2.87696868e-01, 1.61052576e+03, 7.03905884e+02, 5.64206958e-01,
       1.58996790e+03, 7.15688782e+02, 5.06074488e-01, 1.54285059e+03,
       7.06870117e+02, 2.80039161e-01 ]
