%YAML:1.0
---
pose_0: !!opencv-matrix
   rows: 1
   cols: 25
   dt: "3f"
   data: [ 7.65873779e+02, 3.38913361e+02, 8.43563318e-01,
       8.57023376e+02, 3.56654602e+02, 7.68625021e-01, 8.42333435e+02,
       4.09633026e+02, 6.47918880e-01, 7.15707092e+02, 4.09675659e+02,
       5.79595327e-01, 6.89271729e+02, 3.65379120e+02, 1.86970383e-01,
       8.68771362e+02, 2.91923492e+02, 6.64158165e-01, 8.65822388e+02,
       1.97635910e+02, 6.17826164e-01, 8.48107178e+02, 1.32947052e+02,
       5.26052058e-01, 1.14548193e+03, 3.53691742e+02, 5.46779573e-01,
       1.14836951e+03, 4.00791901e+02, 5.63332915e-01, 1.35739355e+03,
       4.30161285e+02, 6.39799356e-01, 1.54284302e+03, 4.50857086e+02,
       6.59191966e-01, 1.14548572e+03, 2.97851990e+02, 5.41641772e-01,
       1.33677771e+03, 2.94909882e+02, 6.30853772e-01, 1.56333313e+03,
       2.94911926e+02, 5.79430401e-01, 7.56953491e+02, 3.53692261e+02,
       7.38840461e-01, 7.62672424e+02, 3.18460999e+02, 7.77244151e-01,
       7.74586731e+02, 3.80150940e+02, 5.83210230e-01, 7.89155457e+02,
       3.09477356e+02, 2.16625363e-01, 1.63984241e+03, 2.68347839e+02,
       5.43483257e-01, 1.63402124e+03, 2.65437988e+02, 5.67848802e-01,
       1.59280212e+03, 3.12429718e+02, 2.54670560e-01, 1.60459961e+03,
       4.59709534e+02, 5.44123232e-01, 1.58994800e+03, 4.71420746e+02,
       5.23775756e-01, 1.56921265e+03, 4.36135040e+02, 4.51754332e-01 ]
