%YAML:1.0
---
pose_0: !!opencv-matrix
   rows: 1
   cols: 25
   dt: "3f"
   data: [ 6.27491089e+02, 4.92053284e+02, 6.76101148e-01,
       7.42255432e+02, 5.83322144e+02, 5.40956795e-01, 7.39312866e+02,
       6.68599670e+02, 6.82880700e-01, 8.80621826e+02, 7.21706909e+02,
       7.99673557e-01, 1.04831506e+03, 7.68747253e+02, 8.34877670e-01,
       7.36303772e+02, 5.12601257e+02, 3.56452912e-01, 9.21697998e+02,
       4.83168182e+02, 5.52280433e-02, 9.57040100e+02, 4.80148041e+02,
       9.12073329e-02, 1.06302039e+03, 5.74380493e+02, 4.91532058e-01,
       1.05714758e+03, 6.27392700e+02, 4.62295145e-01, 1.32489893e+03,
       6.36237549e+02, 5.56779504e-01, 1.63101013e+03, 6.53946350e+02,
       5.47875762e-01, 1.06885291e+03, 5.09670654e+02, 4.72887248e-01,
       1.30726221e+03, 4.86091461e+02, 4.36585456e-01, 1.61633984e+03,
       4.97874298e+02, 2.63499051e-01, 6.06823669e+02, 5.06715790e+02,
       7.76323259e-01, 6.12677856e+02, 4.83089691e+02, 2.32135043e-01,
       6.24455017e+02, 5.53727966e+02, 6.83255553e-01, 0., 0., 0.,
       1.71938904e+03, 4.27283997e+02, 3.50836784e-01, 1.71641113e+03,
       4.30116058e+02, 2.90036798e-01, 1.69579773e+03, 5.06711365e+02,
       1.01131380e-01, 1.74286304e+03, 6.45071167e+02, 3.00689340e-01,
       1.73110168e+03, 6.59751587e+02, 2.42798030e-01, 1.63992041e+03,
       6.48032654e+02, 3.16597372e-01 ]
