%YAML:1.0
---
pose_0: !!opencv-matrix
   rows: 1
   cols: 25
   dt: "3f"
   data: [ 0., 0., 0., 8.01059875e+02, 5.65565247e+02, 3.04990262e-01,
       8.24604553e+02, 5.50893250e+02, 2.37869456e-01, 9.30503967e+02,
       5.00886444e+02, 2.35352159e-01, 8.06888306e+02, 4.33138855e+02,
       7.23161697e-01, 7.21584961e+02, 5.74510498e+02, 1.88296348e-01,
       0., 0., 0., 0., 0., 0., 1.06592993e+03, 5.50884521e+02,
       2.98568577e-01, 1.05711475e+03, 5.39133240e+02, 2.06899107e-01,
       1.31905603e+03, 5.21499817e+02, 6.10111833e-01, 1.59277332e+03,
       6.92227234e+02, 4.83571231e-01, 1.07187476e+03, 5.53876648e+02,
       2.40988627e-01, 1.33671936e+03, 5.00856049e+02, 4.32492793e-01,
       1.57511169e+03, 5.77457092e+02, 5.49343944e-01, 0., 0., 0., 0.,
       0., 0., 7.59876221e+02, 5.27237000e+02, 1.01914681e-01, 0., 0.,
       0., 1.61046143e+03, 5.00801605e+02, 2.07464486e-01,
       1.60747693e+03, 5.03773102e+02, 2.02870339e-01, 1.59278882e+03,
       6.09779663e+02, 3.52201819e-01, 1.66639185e+03, 7.39188660e+02,
       4.28453207e-01, 1.64287354e+03, 7.45170715e+02, 4.61370528e-01,
       1.62224036e+03, 7.06865173e+02, 2.14779347e-01 ]
