%YAML:1.0
---
pose_0: !!opencv-matrix
   rows: 1
   cols: 25
   dt: "3f"
   data: [ 9.18763794e+02, 3.88990967e+02, 1.37849078e-01,
       9.57042175e+02, 4.65528656e+02, 4.99124289e-01, 9.30554443e+02,
       5.09689514e+02, 3.92589003e-01, 8.30478943e+02, 5.21424622e+02,
       5.46458721e-01, 9.09993713e+02, 4.21408813e+02, 4.60012227e-01,
       9.83596558e+02, 4.30193024e+02, 4.82595325e-01, 9.98159851e+02,
       3.88905518e+02, 4.80959117e-01, 9.27713867e+02, 3.41910492e+02,
       4.49461788e-01, 1.16305725e+03, 4.94946228e+02, 4.11193311e-01,
       1.15424902e+03, 5.15567444e+02, 3.13128769e-01, 1.36611426e+03,
       4.56596741e+02, 7.50109375e-01, 1.58694592e+03, 6.36205627e+02,
       5.41559100e-01, 1.17193127e+03, 4.62655518e+02, 3.20362598e-01,
       1.38674670e+03, 4.39071564e+02, 3.47705901e-01, 1.56335132e+03,
       5.12607971e+02, 3.14486951e-01, 9.04013245e+02, 3.86067017e+02,
       1.02380544e-01, 9.21676331e+02, 3.74270050e+02, 9.71284509e-02,
       8.83492737e+02, 4.18424591e+02, 1.03516400e-01, 0., 0., 0.,
       1.67818372e+03, 5.33262573e+02, 1.06669381e-01, 1.67808838e+03,
       5.33210754e+02, 1.15393981e-01, 1.58685583e+03, 5.39100525e+02,
       1.93864822e-01, 1.63406824e+03, 6.65619507e+02, 3.67308706e-01,
       1.61351196e+03, 6.71617981e+02, 4.09166455e-01, 1.59577808e+03,
       6.48056335e+02, 3.21144938e-01 ]
