%YAML:1.0
---
pose_0: !!opencv-matrix
   rows: 1
   cols: 25
   dt: "3f"
   data: [ 5.12610535e+02, 6.45027466e+02, 1.19566292e-01,
       7.15772034e+02, 6.00925232e+02, 4.97208804e-01, 7.09817566e+02,
       6.92123657e+02, 3.90167773e-01, 8.09803162e+02, 8.12940979e+02,
       8.06950986e-01, 6.95160400e+02, 7.42094421e+02, 7.53198624e-01,
       7.21583252e+02, 5.24347778e+02, 2.14339301e-01, 7.89227356e+02,
       4.36158752e+02, 8.21501493e-01, 5.89125061e+02, 5.56786743e+02,
       5.03898323e-01, 1.06885071e+03, 6.24509155e+02, 4.19696420e-01,
       1.05122363e+03, 6.95099243e+02, 4.23976719e-01, 1.30141980e+03,
       7.80465210e+02, 1.53794050e-01, 1.41031946e+03, 7.77522705e+02,
       7.13453516e-02, 1.07189331e+03, 5.53785767e+02, 4.06834900e-01,
       1.36617285e+03, 6.36232178e+02, 3.71580333e-01, 1.75763013e+03,
       6.53913330e+02, 2.42118984e-01, 5.06711517e+02, 6.39130737e+02,
       7.89013952e-02, 0., 0., 0., 0., 0., 0., 0., 0., 0.,
       1.82832983e+03, 6.27467163e+02, 1.07223608e-01, 1.83417407e+03,
       6.27465088e+02, 1.10277198e-01, 1.77817957e+03, 6.83320007e+02,
       1.16050683e-01, 0., 0., 0., 0., 0., 0., 0., 0., 0. ]
