%YAML:1.0
---
pose_0: !!opencv-matrix
   rows: 1
   cols: 25
   dt: "3f"
   data: [ 7.74619690e+02, 3.77230164e+02, 5.17052889e-01,
       8.83381897e+02, 4.09575012e+02, 6.93850994e-01, 8.57023193e+02,
       4.80278595e+02, 8.05882037e-01, 9.54263733e+02, 5.71507446e+02,
       8.48112941e-01, 9.74702942e+02, 4.59705536e+02, 8.28503072e-01,
       9.07044373e+02, 3.36053284e+02, 4.12375629e-01, 1.04536023e+03,
       3.56578247e+02, 6.10822141e-01, 1.14553821e+03, 2.91798798e+02,
       7.62905717e-01, 1.12773596e+03, 4.36108917e+02, 6.23979568e-01,
       1.11895654e+03, 4.83184235e+02, 6.38319016e-01, 1.34844019e+03,
       5.53946777e+02, 7.19429612e-01, 1.52221692e+03, 6.30341797e+02,
       6.01132274e-01, 1.13658179e+03, 3.86154999e+02, 6.25739694e-01,
       1.33090271e+03, 3.38989532e+02, 7.19416022e-01, 1.57216626e+03,
       2.71388184e+02, 6.27730966e-01, 7.65807129e+02, 3.97879059e+02,
       5.04731894e-01, 7.65713928e+02, 3.71305847e+02, 3.41461122e-01,
       7.86294312e+02, 4.33153931e+02, 4.38977599e-01, 7.65732605e+02,
       3.44910339e+02, 6.42153472e-02, 1.63995813e+03, 2.24234787e+02,
       4.64708388e-01, 1.63704468e+03, 2.24272644e+02, 4.24271673e-01,
       1.60454834e+03, 2.74179962e+02, 2.61962503e-01, 1.60456274e+03,
       6.42066833e+02, 4.12580132e-01, 1.58994385e+03, 6.48048340e+02,
       4.11194086e-01, 1.54577478e+03, 6.42111816e+02, 3.58215839e-01 ]
