%YAML:1.0
---
pose_0: !!opencv-matrix
   rows: 1
   cols: 25
   dt: "3f"
   data: [ 4.77229736e+02, 5.68489136e+02, 6.21615887e-01,
       5.94993896e+02, 5.30383301e+02, 4.69515502e-01, 5.95064392e+02,
       6.00907532e+02, 4.03548837e-01, 6.95025146e+02, 7.15735229e+02,
       6.89592719e-01, 4.15468231e+02, 6.18484497e+02, 7.51401007e-01,
       5.74419250e+02, 4.62670563e+02, 3.27616155e-01, 7.12745667e+02,
       3.89083649e+02, 5.77933252e-01, 3.94887665e+02, 4.39045593e+02,
       2.89099753e-01, 1.02183270e+03, 5.47972290e+02, 2.98893720e-01,
       1.00122235e+03, 6.18575928e+02, 2.49303788e-01, 1.03949817e+03,
       6.89172607e+02, 1.67394340e-01, 0., 0., 0., 1.02479211e+03,
       4.71404480e+02, 2.79297024e-01, 1.34845752e+03, 4.71430176e+02,
       2.89912134e-01, 1.72525171e+03, 4.41960114e+02, 2.14266762e-01,
       4.41992432e+02, 5.77480530e+02, 4.95116204e-01, 4.50776855e+02,
       5.50856934e+02, 4.94422674e-01, 4.80286591e+02, 5.97819702e+02,
       8.79740492e-02, 4.86140198e+02, 4.89097168e+02, 3.64484459e-01,
       0., 0., 0., 0., 0., 0., 1.73412378e+03, 4.50804779e+02,
       9.42331329e-02, 0., 0., 0., 0., 0., 0., 0., 0., 0. ]
