%YAML:1.0
---
pose_0: !!opencv-matrix
   rows: 1
   cols: 25
   dt: "3f"
   data: [ 5.27434387e+02, 5.36206970e+02, 8.00636530e-01,
       6.42146118e+02, 5.53914185e+02, 5.83722174e-01, 6.45026489e+02,
       6.27380371e+02, 4.07664359e-01, 8.12808044e+02, 7.59770569e+02,
       7.70463467e-01, 6.39191956e+02, 7.06832520e+02, 7.32568502e-01,
       6.48031738e+02, 4.83176636e+02, 4.62265790e-01, 8.33526489e+02,
       442., 7.20510185e-01, 6.45075378e+02, 5.21412354e+02,
       6.34343445e-01, 1.07187671e+03, 5.68565186e+02, 4.35668737e-01,
       1.06599194e+03, 6.30395020e+02, 4.28911030e-01, 1.07192542e+03,
       7.06825134e+02, 2.34308183e-01, 0., 0., 0., 1.06888074e+03,
       5.03759491e+02, 4.45249319e-01, 1.31908716e+03, 4.53752960e+02,
       3.04165542e-01, 1.53101355e+03, 4.56634857e+02, 2.66848445e-01,
       5.03777191e+02, 5.53768311e+02, 8.45090091e-01, 5.18475464e+02,
       5.09708527e+02, 7.84357190e-01, 5.21421265e+02, 5.89185730e+02,
       3.75836581e-01, 5.47889221e+02, 4.86099396e+02, 4.80333447e-01,
       1.61346448e+03, 4.09589813e+02, 7.61503726e-02, 1.61632312e+03,
       4.12533875e+02, 9.52115059e-02, 1.53982166e+03, 4.77276062e+02,
       1.71149462e-01, 0., 0., 0., 0., 0., 0., 0., 0., 0. ]
