%YAML:1.0
---
pose_0: !!opencv-matrix
   rows: 1
   cols: 25
   dt: "3f"
   data: [ 7.42197205e+02, 3.91977570e+02, 8.79970908e-01,
       8.65841431e+02, 4.12574982e+02, 7.03387856e-01, 8.57067871e+02,
       5.00892609e+02, 8.04078698e-01, 9.92330994e+02, 5.50810730e+02,
       7.69723356e-01, 9.92355530e+02, 5.77498352e+02, 8.14035475e-01,
       8.71746582e+02, 3.33050690e+02, 5.59445798e-01, 1.01882568e+03,
       3.15348022e+02, 8.19661677e-01, 1.04825525e+03, 2.50773788e+02,
       8.68964970e-01, 1.13949426e+03, 4.18422272e+02, 5.43445826e-01,
       1.13661792e+03, 4.68430786e+02, 5.36033928e-01, 1.34854858e+03,
       4.77196686e+02, 7.55265594e-01, 1.54862500e+03, 5.30395264e+02,
       6.05704188e-01, 1.13660840e+03, 3.62567108e+02, 5.58422446e-01,
       1.35150000e+03, 3.18509064e+02, 7.07313180e-01, 1.56929919e+03,
       2.94888916e+02, 5.22025406e-01, 7.27529968e+02, 4.09520599e+02,
       7.86022127e-01, 7.36234375e+02, 3.74268188e+02, 8.01109135e-01,
       7.42260132e+02, 4.33115753e+02, 5.35764933e-01, 7.59899353e+02,
       3.44969574e+02, 6.08887911e-01, 1.63401685e+03, 2.62391479e+02,
       2.96170861e-01, 1.63399109e+03, 2.56557770e+02, 2.67322689e-01,
       1.61046057e+03, 2.97806885e+02, 2.15370968e-01, 1.61631592e+03,
       5.65640747e+02, 4.23512667e-01, 1.61051440e+03, 5.71412537e+02,
       4.12930489e-01, 1.58393774e+03, 5.27240417e+02, 3.94962817e-01 ]
