%YAML:1.0
---
pose_0: !!opencv-matrix
   rows: 1
   cols: 25
   dt: "3f"
   data: [ 7.86217590e+02, 3.89086975e+02, 9.23930585e-01,
       8.98229126e+02, 4.24349701e+02, 6.84765339e-01, 9.01159546e+02,
       5.03839142e+02, 7.46579885e-01, 1.02780774e+03, 5.30192566e+02,
       8.36335123e-01, 1.06298816e+03, 4.27308380e+02, 6.99942350e-01,
       8.92277222e+02, 3.56604950e+02, 6.30232394e-01, 1.04822803e+03,
       2.77168701e+02, 7.82099485e-01, 1.16612366e+03, 2.18217911e+02,
       8.32912326e-01, 1.16600696e+03, 3.71331421e+02, 5.63902318e-01,
       1.16901147e+03, 4.18465485e+02, 5.92634261e-01, 1.37803467e+03,
       4.42030487e+02, 7.13159800e-01, 1.56326953e+03, 5.27429138e+02,
       6.69307113e-01, 1.16299060e+03, 3.18427155e+02, 6.00208819e-01,
       1.37207349e+03, 3.12477783e+02, 6.62690699e-01, 1.58099097e+03,
       2.91850403e+02, 6.99131668e-01, 7.65753113e+02, 4.03675751e+02,
       8.40922356e-01, 7.77571106e+02, 3.68456573e+02, 8.48520756e-01,
       7.83323669e+02, 4.33064331e+02, 6.53718174e-01, 8.06856384e+02,
       3.56609924e+02, 6.91263258e-01, 1.64580530e+03, 2.80125244e+02,
       4.42646444e-01, 1.63705774e+03, 2.71364594e+02, 5.02241254e-01,
       1.61050293e+03, 2.91834717e+02, 2.87124187e-01, 1.61637598e+03,
       5.56779114e+02, 5.26874542e-01, 1.61037061e+03, 5.65560852e+02,
       4.87066120e-01, 1.58397168e+03, 5.24403503e+02, 4.32227015e-01 ]
