%YAML:1.0
---
pose_0: !!opencv-matrix
   rows: 1
   cols: 25
   dt: "3f"
   data: [ 7.12752930e+02, 4.62541412e+02, 7.27128863e-01,
       7.89293884e+02, 5.06767151e+02, 6.93185806e-01, 7.89347229e+02,
       5.50767395e+02, 8.07138205e-01, 9.04026978e+02, 6.30384888e+02,
       8.53320837e-01, 9.77812866e+02, 5.45009155e+02, 6.97188497e-01,
       7.83431213e+02, 4.65578522e+02, 4.09489959e-01, 8.89375916e+02,
       4.80267700e+02, 1.91029221e-01, 9.51174072e+02, 4.59659454e+02,
       2.13327989e-01, 1.06890247e+03, 5.59768433e+02, 4.97195661e-01,
       1.04242566e+03, 5.95071045e+02, 4.59050030e-01, 1.30728662e+03,
       5.06622314e+02, 8.23673248e-01, 1.57804993e+03, 6.42168884e+02,
       3.58371735e-01, 1.09245288e+03, 5.30309021e+02, 4.08921421e-01,
       1.31317432e+03, 5.03739929e+02, 2.84275830e-01, 1.52807288e+03,
       6.44992126e+02, 2.28783697e-01, 6.95095825e+02, 4.80092316e+02,
       8.32785845e-01, 6.94993774e+02, 4.56633850e+02, 1.51761115e-01,
       7.09771423e+02, 5.03854584e+02, 7.29162097e-01, 0., 0., 0., 0.,
       0., 0., 0., 0., 0., 1.57811646e+03, 6.92184204e+02,
       2.14732677e-01, 1.68406238e+03, 5.89132446e+02, 1.40641063e-01,
       1.68107349e+03, 6.00848389e+02, 1.32728010e-01, 1.60747742e+03,
       6.74492249e+02, 2.13380024e-01 ]
