%YAML:1.0
---
pose_0: !!opencv-matrix
   rows: 1
   cols: 25
   dt: "3f"
   data: [ 7.42230164e+02, 4.09738892e+02, 8.88897657e-01,
       8.12917603e+02, 4.06719147e+02, 8.01373899e-01, 8.09928345e+02,
       4.59623383e+02, 7.13172615e-01, 9.01053833e+02, 5.27229614e+02,
       8.29360783e-01, 7.86273193e+02, 4.80119446e+02, 8.11702311e-01,
       8.18680298e+02, 3.41984924e+02, 6.83825433e-01, 9.07141418e+02,
       3.18402039e+02, 8.39719355e-01, 7.68783020e+02, 3.65342712e+02,
       7.97621608e-01, 1.09832666e+03, 4.36147919e+02, 5.87659776e-01,
       1.09247205e+03, 4.83182068e+02, 5.94185054e-01, 1.30430566e+03,
       5.00774353e+02, 7.31899619e-01, 1.53989478e+03, 5.15603149e+02,
       6.28555775e-01, 1.10423181e+03, 3.88944336e+02, 5.40744781e-01,
       1.35144507e+03, 3.88924011e+02, 6.70443833e-01, 1.54570044e+03,
       3.88968567e+02, 7.20770895e-01, 7.30402649e+02, 4.21432220e+02,
       7.64904499e-01, 7.36301880e+02, 3.89135071e+02, 8.54876876e-01,
       7.39331848e+02, 4.44932922e+02, 5.34803092e-01, 7.48077026e+02,
       3.65580902e+02, 6.73143923e-01, 1.61632336e+03, 3.62477936e+02,
       5.50361216e-01, 1.61052393e+03, 3.59540161e+02, 5.58829606e-01,
       1.56637720e+03, 3.91925690e+02, 3.25137377e-01, 1.61925378e+03,
       4.97948456e+02, 3.78146172e-01, 1.60755139e+03, 5.12625549e+02,
       3.03488076e-01, 1.56928955e+03, 5.06730682e+02, 2.86546409e-01 ]
