%YAML:1.0
---
pose_0: !!opencv-matrix
   rows: 1
   cols: 25
   dt: "3f"
   data: [ 6.15671631e+02, 5.06634705e+02, 7.45526195e-01,
       7.45104919e+02, 4.83262939e+02, 6.23888671e-01, 7.24586304e+02,
       5.83261047e+02, 5.27337551e-01, 8.80479980e+02, 6.71511658e+02,
       7.50181913e-01, 1.01596265e+03, 7.62691162e+02, 7.53262460e-01,
       7.80494751e+02, 3.89050079e+02, 5.61340392e-01, 9.51073547e+02,
       3.85916565e+02, 7.65325904e-01, 1.12478796e+03, 3.68386566e+02,
       7.50474393e-01, 1.06882629e+03, 5.47909546e+02, 5.29893517e-01,
       1.04837695e+03, 6.01014343e+02, 5.29563546e-01, 1.31908032e+03,
       6.21531799e+02, 6.25554085e-01, 1.63102502e+03, 6.21560425e+02,
       3.13778460e-01, 1.07484436e+03, 4.80339417e+02, 4.91970986e-01,
       1.29553174e+03, 4.56576050e+02, 3.15724581e-01, 1.60753638e+03,
       4.74345856e+02, 2.57358611e-01, 5.98041321e+02, 5.27388306e+02,
       6.85851455e-01, 5.97903381e+02, 4.83223663e+02, 7.58937716e-01,
       6.21437805e+02, 5.50842651e+02, 3.19714248e-01, 6.24536072e+02,
       4.53711456e+02, 5.17082214e-01, 1.76642542e+03, 4.21367188e+02,
       1.71739757e-01, 1.76349683e+03, 4.15598297e+02, 1.65646404e-01,
       1.61346399e+03, 4.86119385e+02, 2.17242762e-01, 1.73111194e+03,
       6.09771362e+02, 1.59139886e-01, 1.72228906e+03, 6.24483582e+02,
       1.22221790e-01, 1.65164233e+03, 6.18557983e+02, 2.06605837e-01 ]
