%YAML:1.0
---
pose_0: !!opencv-matrix
   rows: 1
   cols: 25
   dt: "3f"
   data: [ 7.45261597e+02, 4.83196350e+02, 8.15279424e-01,
       8.33520081e+02, 4.30245300e+02, 6.30159616e-01, 8.24628967e+02,
       4.59632996e+02, 4.54199970e-01, 9.30529968e+02, 5.03682404e+02,
       1.11376688e-01, 0., 0., 0., 8.39307434e+02, 4.09570007e+02,
       7.99040973e-01, 9.71815613e+02, 5.03730682e+02, 8.54368806e-01,
       8.33428284e+02, 5.30452576e+02, 8.17658365e-01, 1.11598230e+03,
       3.97850800e+02, 3.32646459e-01, 1.13365601e+03, 3.62587280e+02,
       2.37358838e-01, 1.33377991e+03, 4.56751068e+02, 3.42945218e-01,
       1.61047058e+03, 4.03746490e+02, 2.27247685e-01, 1.11304932e+03,
       4.12480896e+02, 3.72347653e-01, 1.34551294e+03, 4.77313904e+02,
       5.42707324e-01, 1.62811035e+03, 4.09541870e+02, 3.71790826e-01,
       7.39176270e+02, 4.83310425e+02, 1.77779928e-01, 7.39354614e+02,
       4.68437683e+02, 7.69548237e-01, 0., 0., 0., 7.51041687e+02,
       4.21402313e+02, 6.22630000e-01, 1.66056445e+03, 4.86140106e+02,
       9.98793542e-02, 1.66352795e+03, 4.77289246e+02, 9.22435373e-02,
       1.67522290e+03, 3.94923553e+02, 1.34664670e-01, 0., 0., 0., 0.,
       0., 0., 1.69575867e+03, 3.83148651e+02, 7.94587210e-02 ]
