%YAML:1.0
---
pose_0: !!opencv-matrix
   rows: 1
   cols: 25
   dt: "3f"
   data: [ 6.95000488e+02, 4.86094727e+02, 9.06854630e-01,
       8.27493835e+02, 5.03874146e+02, 6.84598327e-01, 8.33489807e+02,
       5.80418396e+02, 7.33371198e-01, 9.74573608e+02, 6.27521057e+02,
       7.87478566e-01, 1.01891333e+03, 5.98030579e+02, 8.37717295e-01,
       8.12807373e+02, 4.36058380e+02, 5.36261141e-01, 9.74731750e+02,
       3.59550903e+02, 8.28755915e-01, 8.80560120e+02, 3.62556549e+02,
       8.48199785e-01, 1.11006177e+03, 4.92059021e+02, 5.33053279e-01,
       1.09831873e+03, 5.39151245e+02, 5.85980237e-01, 1.30726660e+03,
       5.74388123e+02, 6.62547529e-01, 1.50452344e+03, 5.83254761e+02,
       5.33786118e-01, 1.11301355e+03, 4.36092651e+02, 5.35114586e-01,
       1.34264001e+03, 4.44929230e+02, 6.50773525e-01, 1.56331458e+03,
       4.65538544e+02, 5.59458435e-01, 6.77467041e+02, 5.03660919e+02,
       8.04892421e-01, 6.89196777e+02, 4.62656494e+02, 8.44300389e-01,
       6.95067261e+02, 5.21473877e+02, 2.90946722e-01, 7.15718323e+02,
       4.36235779e+02, 6.88868701e-01, 1.63698938e+03, 4.50844391e+02,
       2.97435701e-01, 1.63399377e+03, 4.44952179e+02, 3.38639200e-01,
       1.58985632e+03, 4.68471954e+02, 2.71916091e-01, 1.57512012e+03,
       5.68501953e+02, 4.11141187e-01, 1.56046118e+03, 5.80280518e+02,
       3.59669954e-01, 1.54270862e+03, 5.71523254e+02, 2.46235162e-01 ]
