%YAML:1.0
---
pose_0: !!opencv-matrix
   rows: 1
   cols: 25
   dt: "3f"
   data: [ 7.48102295e+02, 5.27293457e+02, 8.23679328e-01,
       8.45191589e+02, 5.21384216e+02, 6.88013375e-01, 8.53983521e+02,
       5.74314087e+02, 5.88511467e-01, 9.03999084e+02, 6.62725830e+02,
       7.48491883e-01, 7.92250549e+02, 7.01009216e+02, 7.52456129e-01,
       8.39365967e+02, 4.62608063e+02, 7.09592819e-01, 9.30643860e+02,
       4.44923340e+02, 8.05931389e-01, 8.83489014e+02, 5.74280212e+02,
       8.55253220e-01, 1.11602893e+03, 5.33262573e+02, 6.20814323e-01,
       1.11009534e+03, 5.80302979e+02, 5.99577069e-01, 1.29257837e+03,
       6.00915344e+02, 7.89822221e-01, 1.49861462e+03, 6.24547180e+02,
       6.68790281e-01, 1.11903467e+03, 4.83139130e+02, 6.28743112e-01,
       1.30434619e+03, 4.59550354e+02, 7.30412424e-01, 1.51925012e+03,
       4.15483063e+02, 5.37637949e-01, 7.39155640e+02, 5.36141663e+02,
       7.71522343e-01, 7.39265320e+02, 5.06710358e+02, 8.39538038e-01,
       7.51071899e+02, 5.53908264e+02, 2.36859888e-01, 7.62801392e+02,
       4.80294678e+02, 6.38194442e-01, 1.60754480e+03, 3.97855255e+02,
       3.53472114e-01, 1.60163623e+03, 3.91913727e+02, 3.76771241e-01,
       1.56340625e+03, 4.12522552e+02, 1.98191091e-01, 1.56633752e+03,
       6.62770264e+02, 5.06808937e-01, 1.56045349e+03, 6.65649231e+02,
       4.59849119e-01, 1.53097351e+03, 6.06803284e+02, 3.85218233e-01 ]
