%YAML:1.0
---
pose_0: !!opencv-matrix
   rows: 1
   cols: 25
   dt: "3f"
   data: [ 6.56831421e+02, 4.94976776e+02, 6.73998713e-01,
       7.92324097e+02, 5.24326233e+02, 6.61327302e-01, 7.86287781e+02,
       6.01038208e+02, 7.02416778e-01, 9.30561951e+02, 6.71495056e+02,
       6.92524970e-01, 1.06005688e+03, 7.30471863e+02, 7.54374444e-01,
       8.06932373e+02, 4.39018982e+02, 4.49522167e-01, 9.74679321e+02,
       4.00765320e+02, 2.53667206e-01, 1.12191589e+03, 3.94904419e+02,
       1.38218418e-01, 1.09539648e+03, 5.33228516e+02, 4.64876622e-01,
       1.08065735e+03, 5.97865601e+02, 3.96637827e-01, 1.32491333e+03,
       6.01070374e+02, 6.24773502e-01, 1.60164819e+03, 6.27478577e+02,
       5.31810701e-01, 1.10712524e+03, 4.71430206e+02, 4.50822562e-01,
       1.35148010e+03, 4.71422852e+02, 4.40676957e-01, 1.53979700e+03,
       4.86093292e+02, 3.51995021e-01, 6.42167664e+02, 5.09791931e+02,
       6.77910089e-01, 6.42150085e+02, 4.80173798e+02, 7.05754042e-01,
       6.59768066e+02, 5.45032654e+02, 4.86575127e-01, 6.71673584e+02,
       4.56799469e+02, 3.97754908e-01, 1.63399915e+03, 4.56719757e+02,
       3.99936616e-01, 1.63100146e+03, 4.53696747e+02, 4.17705655e-01,
       1.56925647e+03, 4.89097534e+02, 1.71134830e-01, 1.70469739e+03,
       6.24489319e+02, 4.11927372e-01, 1.68991626e+03, 6.42124939e+02,
       3.50762367e-01, 1.62519824e+03, 6.21447144e+02, 2.66649783e-01 ]
