%YAML:1.0
---
pose_0: !!opencv-matrix
   rows: 1
   cols: 25
   dt: "3f"
   data: [ 7.77553101e+02, 4.36079590e+02, 8.52917731e-01,
       8.56951599e+02, 4.30103973e+02, 6.96979344e-01, 8.54005188e+02,
       4.71397797e+02, 6.14163637e-01, 9.57046204e+02, 5.33321106e+02,
       8.19461882e-01, 8.45243530e+02, 5.03650543e+02, 8.31875384e-01,
       8.56928589e+02, 3.74334564e+02, 6.14619970e-01, 9.68870239e+02,
       3.21429565e+02, 8.24986815e-01, 8.54071533e+02, 3.89136169e+02,
       7.42946923e-01, 1.12190076e+03, 4.59638580e+02, 6.37292981e-01,
       1.11605518e+03, 5.03897278e+02, 6.73341036e-01, 1.30727832e+03,
       5.21478821e+02, 6.04985476e-01, 1.53390869e+03, 5.27443176e+02,
       5.50689280e-01, 1.13361975e+03, 4.09713562e+02, 6.08351707e-01,
       1.34265613e+03, 4.12630249e+02, 6.48007154e-01, 1.56044580e+03,
       4.30112366e+02, 5.97608089e-01, 7.62800781e+02, 4.50816956e+02,
       8.25357795e-01, 7.65725769e+02, 4.18414490e+02, 8.05902123e-01,
       7.77514709e+02, 4.62708771e+02, 2.84674585e-01, 7.86219421e+02,
       3.94970703e+02, 6.69336081e-01, 1.61348120e+03, 4.00769104e+02,
       4.75662947e-01, 1.61039282e+03, 3.94892517e+02, 5.55630326e-01,
       1.58392310e+03, 4.33176941e+02, 3.61747831e-01, 1.60750684e+03,
       5.00865417e+02, 3.17159683e-01, 1.58987683e+03, 5.18486328e+02,
       2.50236601e-01, 1.56335071e+03, 5.21409668e+02, 2.77578056e-01 ]
