%YAML:1.0
---
pose_0: !!opencv-matrix
   rows: 1
   cols: 25
   dt: "3f"
   data: [ 7.45215576e+02, 5.71384216e+02, 8.17316651e-01,
       8.56877319e+02, 5.62645569e+02, 5.70379376e-01, 8.36462524e+02,
       6.12718750e+02, 4.06452924e-01, 9.36485046e+02, 6.74469666e+02,
       5.51923253e-02, 0., 0., 0., 8.71699280e+02, 5.06787628e+02,
       5.78849435e-01, 1.02486511e+03, 4.77292389e+02, 8.07036400e-01,
       1.16008228e+03, 4.36146271e+02, 7.80551672e-01, 1.12479541e+03,
       5.89188599e+02, 5.03459036e-01, 1.12191199e+03, 6.42127563e+02,
       5.29322088e-01, 1.32201270e+03, 6.45076599e+02, 4.24457073e-01,
       1.51039502e+03, 6.45064575e+02, 4.18168366e-01, 1.12193396e+03,
       5.30318604e+02, 5.80347121e-01, 1.28088416e+03, 5.59719177e+02,
       7.50871241e-01, 1.52801697e+03, 5.71492798e+02, 5.39652944e-01,
       7.33388184e+02, 5.77401367e+02, 7.78011262e-01, 7.39333435e+02,
       5.50865295e+02, 8.69108021e-01, 7.42334229e+02, 6.01019043e+02,
       3.50433558e-01, 7.62877380e+02, 5.27404968e+02, 6.05640233e-01,
       1.60744629e+03, 5.36198486e+02, 3.86900038e-01, 1.60160999e+03,
       5.33232910e+02, 4.24070090e-01, 1.53985632e+03, 5.89168457e+02,
       3.80911797e-01, 1.56638220e+03, 6.71578979e+02, 1.17423043e-01,
       1.55454846e+03, 6.71619629e+02, 1.15434699e-01, 1.53983887e+03,
       6.33277649e+02, 3.14440429e-01 ]
