%YAML:1.0
---
pose_0: !!opencv-matrix
   rows: 1
   cols: 25
   dt: "3f"
   data: [ 6.24385803e+02, 4.47891174e+02, 8.08241487e-01,
       7.48059570e+02, 5.00767151e+02, 6.48056567e-01, 7.42280579e+02,
       5.98054321e+02, 6.74849331e-01, 8.68770203e+02, 6.56833130e+02,
       7.44020224e-01, 9.74771118e+02, 6.47970337e+02, 7.27368832e-01,
       7.77482178e+02, 4.06640228e+02, 6.11623287e-01, 9.33480530e+02,
       3.71377228e+02, 6.32008791e-01, 9.30640381e+02, 3.36001282e+02,
       7.04929233e-01, 1.06296814e+03, 5.27336060e+02, 5.53690672e-01,
       1.04831616e+03, 5.77371216e+02, 5.77205956e-01, 1.28081934e+03,
       6.00986694e+02, 2.65775502e-01, 1.49271130e+03, 6.09740540e+02,
       1.24414198e-01, 1.06305457e+03, 4.59733887e+02, 5.17723024e-01,
       1.29259595e+03, 5.03690247e+02, 4.96267140e-01, 1.63404333e+03,
       5.18490723e+02, 3.58510315e-01, 6.01060364e+02, 4.68425720e+02,
       8.10378730e-01, 6.18515503e+02, 4.33258484e+02, 7.80475974e-01,
       6.21510437e+02, 5.03882233e+02, 7.33593464e-01, 6.45078003e+02,
       4.15446198e+02, 1.50834143e-01, 1.71936731e+03, 4.83239197e+02,
       1.23501144e-01, 1.71932837e+03, 4.86107361e+02, 1.25786483e-01,
       1.69877588e+03, 5.65617737e+02, 1.69612706e-01, 0., 0., 0., 0.,
       0., 0., 1.51631689e+03, 6.18607971e+02, 7.34527037e-02 ]
