%YAML:1.0
---
pose_0: !!opencv-matrix
   rows: 2
   cols: 25
   dt: "3f"
   data: [ 9.12957336e+02, 6.18611206e+02, 8.71268064e-02,
       9.30601074e+02, 5.36179749e+02, 3.44265193e-01, 9.68830505e+02,
       5.68554810e+02, 1.71425447e-01, 0., 0., 0., 0., 0., 0.,
       9.09978271e+02, 5.03822784e+02, 2.16024265e-01, 0., 0., 0., 0.,
       0., 0., 1.16607544e+03, 5.30252319e+02, 5.59833229e-01,
       1.16597144e+03, 5.77413757e+02, 5.80675244e-01, 1.35443872e+03,
       6.30396362e+02, 6.79470778e-01, 1.51921460e+03, 6.36267761e+02,
       6.31178558e-01, 1.16608325e+03, 4.80233704e+02, 5.63394606e-01,
       1.35150842e+03, 4.83186707e+02, 7.66460657e-01, 1.54861060e+03,
       4.42060486e+02, 6.64044559e-01, 0., 0., 0., 9.06993530e+02,
       6.00948303e+02, 1.15908176e-01, 0., 0., 0., 9.01165588e+02,
       5.97950439e+02, 1.42799556e-01, 1.61340198e+03, 4.33136993e+02,
       4.56987262e-01, 1.61037488e+03, 4.27272003e+02, 5.08220732e-01,
       1.57514453e+03, 4.39064270e+02, 2.71766692e-01, 1.56923901e+03,
       6.80360596e+02, 5.25513470e-01, 1.57217236e+03, 6.74534546e+02,
       5.15837014e-01, 1.54576843e+03, 6.15664001e+02, 4.58160549e-01,
       0., 0., 0., 0., 0., 0., 0., 0., 0., 0., 0., 0., 0., 0., 0.,
       9.12911865e+02, 4.65540894e+02, 1.97866544e-01, 8.30448364e+02,
       4.62609039e+02, 4.05721784e-01, 7.42260498e+02, 5.03631897e+02,
       6.60041988e-01, 0., 0., 0., 0., 0., 0., 0., 0., 0., 0., 0., 0.,
       0., 0., 0., 0., 0., 0., 0., 0., 0., 0., 0., 0., 0., 0., 0., 0.,
       0., 0., 0., 0., 0., 0., 0., 0., 0., 0., 0., 0., 0., 0., 0., 0.,
       0., 0., 0., 0., 0., 0., 0. ]
