%YAML:1.0
---
pose_0: !!opencv-matrix
   rows: 1
   cols: 25
   dt: "3f"
   data: [ 0., 0., 0., 9.30577515e+02, 5.30271973e+02, 1.13835759e-01,
       8.86416687e+02, 5.74323853e+02, 1.67303562e-01, 7.86413940e+02,
       5.27375549e+02, 3.46584320e-01, 0., 0., 0., 0., 0., 0., 0., 0.,
       0., 0., 0., 0., 1.14833777e+03, 5.53877380e+02, 4.06649202e-01,
       1.14250696e+03, 5.89139771e+02, 3.31845731e-01, 1.39863342e+03,
       4.83249939e+02, 8.40062916e-01, 1.63693665e+03, 7.15648315e+02,
       6.22869134e-01, 1.15427295e+03, 5.15579224e+02, 3.17618102e-01,
       1.35147205e+03, 4.53740265e+02, 4.57964927e-01, 1.49867615e+03,
       6.47945007e+02, 3.78375262e-01, 0., 0., 0., 0., 0., 0., 0., 0.,
       0., 0., 0., 0., 0., 0., 0., 0., 0., 0., 1.48978882e+03,
       6.62735840e+02, 3.24627459e-01, 1.67807520e+03, 7.15593262e+02,
       3.98826718e-01, 1.66058386e+03, 7.24559937e+02, 4.43750024e-01,
       1.64580701e+03, 7.36304016e+02, 3.82060289e-01 ]
