%YAML:1.0
---
pose_0: !!opencv-matrix
   rows: 1
   cols: 25
   dt: "3f"
   data: [ 7.68722229e+02, 5.27253113e+02, 5.06393611e-01,
       8.33482544e+02, 4.56793060e+02, 5.19297481e-01, 8.33395264e+02,
       4.50769012e+02, 3.66693467e-01, 0., 0., 0., 0., 0., 0.,
       8.36318176e+02, 4.77255920e+02, 7.30455697e-01, 9.95333252e+02,
       5.03882416e+02, 8.74945283e-01, 1.08655371e+03, 5.83289246e+02,
       6.89599335e-01, 1.14838062e+03, 4.00806824e+02, 3.93447489e-01,
       0., 0., 0., 0., 0., 0., 0., 0., 0., 1.15428442e+03,
       3.97857086e+02, 3.93554479e-01, 1.35433020e+03, 5.27189636e+02,
       7.83278823e-01, 1.63986829e+03, 4.27261047e+02, 6.58042431e-01,
       7.62778198e+02, 5.24310913e+02, 5.05535491e-02, 7.62841614e+02,
       5.06874481e+02, 5.91759384e-01, 0., 0., 0., 7.71590698e+02,
       4.74346283e+02, 5.55912912e-01, 1.68411670e+03, 3.74299866e+02,
       3.74043494e-01, 1.68113501e+03, 3.80173157e+02, 3.69210958e-01,
       1.65752234e+03, 4.36049255e+02, 2.37987787e-01, 0., 0., 0., 0.,
       0., 0., 0., 0., 0. ]
