%YAML:1.0
---
pose_0: !!opencv-matrix
   rows: 1
   cols: 25
   dt: "3f"
   data: [ 6.98030640e+02, 4.50860657e+02, 8.32554698e-01,
       8.03940796e+02, 4.30257568e+02, 6.92801118e-01, 7.83417908e+02,
       4.97946167e+02, 5.97370565e-01, 9.01118225e+02, 5.30250366e+02,
       3.40389818e-01, 1.02770972e+03, 5.53898376e+02, 7.11334348e-01,
       8.18787903e+02, 3.59537994e+02, 5.98527312e-01, 9.74614441e+02,
       3.39020325e+02, 7.24640131e-01, 1.12183484e+03, 3.33066101e+02,
       7.33884931e-01, 1.10418701e+03, 4.65591034e+02, 5.64221025e-01,
       1.09243018e+03, 5.15522461e+02, 5.90662241e-01, 1.30725818e+03,
       6.06869507e+02, 7.39699006e-01, 1.47511340e+03, 5.30257751e+02,
       4.34108406e-01, 1.11594312e+03, 4.12598816e+02, 5.23005843e-01,
       1.33084607e+03, 4.27244690e+02, 6.94295764e-01, 1.59278308e+03,
       4.15502228e+02, 4.57953006e-01, 6.86251770e+02, 4.59791229e+02,
       7.73120701e-01, 6.89249390e+02, 4.30252991e+02, 8.64736319e-01,
       7.06890076e+02, 4.80318451e+02, 1.41269252e-01, 7.12668762e+02,
       3.89052887e+02, 6.71880603e-01, 1.64581079e+03, 3.77200409e+02,
       2.41469353e-01, 1.64284692e+03, 3.77252991e+02, 2.57485658e-01,
       1.64574988e+03, 4.36112152e+02, 1.76473692e-01, 1.52805383e+03,
       5.39085083e+02, 1.19145431e-01, 0., 0., 0., 1.51625867e+03,
       5.06761627e+02, 2.61368424e-01 ]
