%YAML:1.0
---
pose_0: !!opencv-matrix
   rows: 1
   cols: 25
   dt: "3f"
   data: [ 7.51035339e+02, 4.06645355e+02, 8.30734849e-01,
       8.65771118e+02, 4.30222229e+02, 7.02683449e-01, 8.80423584e+02,
       5.12589661e+02, 6.33156955e-01, 1.00117810e+03, 5.68556274e+02,
       7.48505354e-01, 1.09539417e+03, 6.12722656e+02, 8.04356754e-01,
       8.71690491e+02, 3.38914001e+02, 6.82931304e-01, 9.71704529e+02,
       2.38903351e+02, 7.93325722e-01, 1.09230945e+03, 2.06559738e+02,
       7.33751297e-01, 1.13958398e+03, 4.03706268e+02, 5.59032381e-01,
       1.14540295e+03, 4.47877991e+02, 5.48189104e-01, 1.34844580e+03,
       4.92042450e+02, 6.62270010e-01, 1.54273804e+03, 5.74522278e+02,
       5.65248549e-01, 1.13659448e+03, 3.47814667e+02, 5.14023066e-01,
       1.33378613e+03, 3.30111237e+02, 5.15921235e-01, 1.56923279e+03,
       3.18296021e+02, 5.57672024e-01, 7.39206360e+02, 4.18439728e+02,
       8.28703821e-01, 7.42184265e+02, 3.88883087e+02, 8.92444313e-01,
       7.53924744e+02, 4.53740875e+02, 5.55124402e-01, 7.68794067e+02,
       3.68465576e+02, 3.55515093e-01, 1.64576343e+03, 2.91847443e+02,
       4.31122005e-01, 1.64278552e+03, 2.88923004e+02, 4.45462883e-01,
       1.59869019e+03, 3.21287231e+02, 2.18772754e-01, 1.61332837e+03,
       5.89131470e+02, 4.06320006e-01, 1.61041455e+03, 5.95064453e+02,
       4.08465594e-01, 1.56342273e+03, 5.77460999e+02, 3.80500019e-01 ]
