%YAML:1.0
---
pose_0: !!opencv-matrix
   rows: 1
   cols: 25
   dt: "3f"
   data: [ 7.12778259e+02, 4.18403900e+02, 7.51460314e-01,
       8.33546509e+02, 4.80340668e+02, 7.94110358e-01, 8.21695618e+02,
       5.56782654e+02, 7.14414001e-01, 9.48170105e+02, 6.06799866e+02,
       7.81897366e-01, 1.08944104e+03, 6.27497437e+02, 8.03581774e-01,
       8.48182617e+02, 3.94885468e+02, 6.60790741e-01, 9.92332642e+02,
       3.77212402e+02, 7.70874977e-01, 1.11595032e+03, 3.35940277e+02,
       8.12749982e-01, 1.09536023e+03, 4.89084961e+02, 6.07329249e-01,
       1.09242017e+03, 5.36205811e+02, 5.89535475e-01, 1.31908203e+03,
       5.30196228e+02, 7.52534688e-01, 1.53974207e+03, 5.30409668e+02,
       6.17855668e-01, 1.09543677e+03, 4.36147247e+02, 6.11463130e-01,
       1.30727771e+03, 4.09542114e+02, 5.80939710e-01, 1.51916931e+03,
       4.59578583e+02, 5.31846225e-01, 6.95024170e+02, 4.33249603e+02,
       7.91269839e-01, 6.95140625e+02, 4.12518829e+02, 5.38100421e-01,
       7.15639954e+02, 4.80199982e+02, 6.79044545e-01, 7.15709106e+02,
       4.09509644e+02, 5.37399687e-02, 1.60744421e+03, 3.94888641e+02,
       2.93440819e-01, 1.60459961e+03, 3.92039795e+02, 3.00549030e-01,
       1.54279089e+03, 4.65548889e+02, 3.29984188e-01, 1.61634277e+03,
       5.42059570e+02, 2.86632597e-01, 0., 0., 0., 1.58100757e+03,
       5.21480164e+02, 2.88807869e-01 ]
