%YAML:1.0
---
pose_0: !!opencv-matrix
   rows: 1
   cols: 25
   dt: "3f"
   data: [ 7.18729370e+02, 3.62538696e+02, 8.13095689e-01,
       8.06905334e+02, 3.65473328e+02, 6.76353633e-01, 7.86275757e+02,
       4.24311066e+02, 7.16591895e-01, 8.09966980e+02, 4.56775452e+02,
       8.24147344e-01, 8.30539856e+02, 3.39022736e+02, 8.28914404e-01,
       8.12850342e+02, 3.12454468e+02, 3.02541733e-01, 8.24626831e+02,
       2.74243134e+02, 1.32312566e-01, 0., 0., 0., 1.06599365e+03,
       3.71311249e+02, 5.56906879e-01, 1.06298120e+03, 4.15579834e+02,
       5.33527792e-01, 1.28374780e+03, 4.27298462e+02, 6.81595087e-01,
       1.52219067e+03, 4.47862732e+02, 5.51779032e-01, 1.07183325e+03,
       3.18335510e+02, 5.46810031e-01, 1.28070386e+03, 3.12453156e+02,
       7.16433883e-01, 1.52808472e+03, 2.80107239e+02, 6.12444162e-01,
       7.03951050e+02, 3.68478149e+02, 7.10302949e-01, 7.15606079e+02,
       3.41821320e+02, 7.32704222e-01, 7.18586426e+02, 3.94858337e+02,
       4.11205322e-01, 7.39240723e+02, 3.15378632e+02, 3.54530841e-01,
       1.62811877e+03, 2.59501190e+02, 4.00452256e-01, 1.62225452e+03,
       2.53618408e+02, 4.05720651e-01, 1.54866382e+03, 2.71272186e+02,
       2.29735240e-01, 1.60754639e+03, 4.53767975e+02, 4.55314100e-01,
       1.60157605e+03, 4.62558258e+02, 3.72911364e-01, 1.56035876e+03,
       4.36152832e+02, 2.51146436e-01 ]
