%YAML:1.0
---
pose_0: !!opencv-matrix
   rows: 1
   cols: 25
   dt: "3f"
   data: [ 0., 0., 0., 9.59975342e+02, 5.50781921e+02, 3.93494457e-01,
       9.27655273e+02, 5.80322144e+02, 4.34797138e-01, 8.27560486e+02,
       5.56850830e+02, 6.21793628e-01, 9.45256042e+02, 4.94939453e+02,
       5.10233164e-01, 9.98288208e+02, 5.06786102e+02, 2.75832742e-01,
       1.05418103e+03, 4.83150269e+02, 1.28336385e-01, 1.02477246e+03,
       4.18478577e+02, 1.31659240e-01, 1.16606714e+03, 5.71507385e+02,
       4.26414132e-01, 1.16310352e+03, 6.03868469e+02, 3.41843575e-01,
       1.40158374e+03, 5.21485474e+02, 7.92828023e-01, 1.63697693e+03,
       7.12815674e+02, 6.75942779e-01, 1.17484595e+03, 5.27292542e+02,
       3.55801791e-01, 1.36618420e+03, 4.77249939e+02, 6.11143172e-01,
       1.49563953e+03, 6.48108032e+02, 3.47176075e-01, 0., 0., 0., 0.,
       0., 0., 0., 0., 0., 0., 0., 0., 0., 0., 0., 0., 0., 0.,
       1.48393201e+03, 6.68585205e+02, 3.10666889e-01, 1.68415417e+03,
       7.18606201e+02, 4.10888731e-01, 1.67521191e+03, 7.33346680e+02,
       4.32469338e-01, 1.64581079e+03, 7.33356262e+02, 3.96909624e-01 ]
