%YAML:1.0
---
pose_0: !!opencv-matrix
   rows: 1
   cols: 25
   dt: "3f"
   data: [ 7.62659729e+02, 3.65468384e+02, 8.90362501e-01,
       8.59850098e+02, 3.59629730e+02, 7.41242468e-01, 8.57011108e+02,
       4.24295654e+02, 6.67671800e-01, 9.83560547e+02, 4.53747314e+02,
       6.61493897e-01, 1.08948584e+03, 5.27352966e+02, 8.49533677e-01,
       8.68721008e+02, 2.83049530e+02, 6.38778627e-01, 9.98317383e+02,
       2.47788254e+02, 5.92420757e-01, 1.01592657e+03, 2.47656769e+02,
       4.59970444e-01, 1.11886145e+03, 3.86145294e+02, 6.45415068e-01,
       1.10718347e+03, 4.35988312e+02, 6.34711027e-01, 1.33965515e+03,
       5.03725861e+02, 7.23720551e-01, 1.54279248e+03, 5.33311279e+02,
       6.25210106e-01, 1.12482495e+03, 3.36076782e+02, 5.81136167e-01,
       1.33675781e+03, 3.38887482e+02, 4.75786626e-01, 1.56336548e+03,
       2.91754700e+02, 5.79564273e-01, 7.45128662e+02, 3.83080963e+02,
       7.98042536e-01, 7.45161621e+02, 3.44965881e+02, 8.11598718e-01,
       7.62904663e+02, 4.00793213e+02, 3.77653807e-01, 7.65739624e+02,
       3.18496216e+02, 5.88714659e-01, 1.64578174e+03, 2.68384216e+02,
       3.74565780e-01, 1.63992078e+03, 2.68254639e+02, 4.29257572e-01,
       1.61046814e+03, 2.91783356e+02, 2.03135788e-01, 1.61050146e+03,
       5.33255188e+02, 2.30501816e-01, 0., 0., 0., 1.57807324e+03,
       5.24404541e+02, 3.61028433e-01 ]
