%YAML:1.0
---
pose_0: !!opencv-matrix
   rows: 1
   cols: 25
   dt: "3f"
   data: [ 7.86329956e+02, 3.41921234e+02, 6.22432172e-01,
       8.80485352e+02, 4.03700897e+02, 6.77390814e-01, 8.59861877e+02,
       4.65549286e+02, 7.43190229e-01, 9.45313965e+02, 5.74547424e+02,
       8.18394065e-01, 9.77693054e+02, 5.36166260e+02, 7.41933346e-01,
       8.98166443e+02, 3.47770294e+02, 3.47091317e-01, 1.06305676e+03,
       3.36080811e+02, 5.90587795e-01, 1.16303076e+03, 2.71426575e+02,
       6.20466709e-01, 1.13662109e+03, 4.24343323e+02, 5.95720947e-01,
       1.13359937e+03, 4.71457642e+02, 5.79912484e-01, 1.33972852e+03,
       5.30166565e+02, 7.18211889e-01, 1.50453564e+03, 5.94982056e+02,
       4.59217429e-01, 1.13957239e+03, 3.68480255e+02, 5.89303672e-01,
       1.32791797e+03, 3.18411499e+02, 7.09331453e-01, 1.56930017e+03,
       2.68368530e+02, 6.55101120e-01, 7.74531738e+02, 3.62586090e+02,
       5.52100420e-01, 7.74562195e+02, 3.36031494e+02, 3.25989485e-01,
       7.89221375e+02, 4.09570923e+02, 5.97696006e-01, 0., 0., 0.,
       1.64870947e+03, 2.33035614e+02, 4.33124274e-01, 1.63995361e+03,
       2.30096207e+02, 4.46354032e-01, 1.59573804e+03, 2.65409546e+02,
       2.65220702e-01, 1.56926917e+03, 5.68556091e+02, 1.74403921e-01,
       1.49278650e+03, 6.42069397e+02, 1.29771844e-01, 1.53984277e+03,
       5.97984253e+02, 2.66115576e-01 ]
