%YAML:1.0
---
pose_0: !!opencv-matrix
   rows: 1
   cols: 25
   dt: "3f"
   data: [ 5.06712738e+02, 6.98048706e+02, 1.01038754e-01,
       6.15634705e+02, 5.97949219e+02, 3.43471318e-01, 6.48015442e+02,
       6.92134033e+02, 1.04903325e-01, 0., 0., 0., 0., 0., 0.,
       5.97967651e+02, 5.06755798e+02, 5.33796251e-01, 8.09880859e+02,
       4.80165253e+02, 6.24766529e-01, 8.09950745e+02, 6.62725403e+02,
       5.11749625e-01, 1.07188232e+03, 6.42137817e+02, 1.66808352e-01,
       1.05415649e+03, 7.15743164e+02, 1.26848817e-01, 0., 0., 0., 0.,
       0., 0., 1.08065283e+03, 5.97994812e+02, 2.21697390e-01,
       1.35146729e+03, 6.98098083e+02, 2.63003528e-01, 1.60160620e+03,
       6.92142578e+02, 5.82286641e-02, 4.74341217e+02, 6.83331055e+02,
       6.98758885e-02, 4.83196716e+02, 6.71547852e+02, 1.67805001e-01,
       0., 0., 0., 5.09649475e+02, 5.95045593e+02, 3.63615841e-01, 0.,
       0., 0., 0., 0., 0., 0., 0., 0., 0., 0., 0., 0., 0., 0., 0., 0.,
       0. ]
