%YAML:1.0
---
pose_0: !!opencv-matrix
   rows: 2
   cols: 25
   dt: "3f"
   data: [ 0., 0., 0., 9.33518616e+02, 4.83188934e+02, 8.45122561e-02,
       0., 0., 0., 0., 0., 0., 0., 0., 0., 9.33523987e+02,
       4.77252808e+02, 6.65602237e-02, 0., 0., 0., 0., 0., 0.,
       1.15130847e+03, 5.24356323e+02, 4.50066626e-01, 1.14246436e+03,
       5.53828369e+02, 4.01348174e-01, 1.35446777e+03, 4.86152008e+02,
       7.41764545e-01, 1.60744006e+03, 6.53908875e+02, 6.18518889e-01,
       1.16015125e+03, 4.83214661e+02, 3.69941831e-01, 1.38381543e+03,
       4.68533844e+02, 3.90951991e-01, 1.53099634e+03, 5.24368103e+02,
       2.10179120e-01, 0., 0., 0., 0., 0., 0., 0., 0., 0., 0., 0., 0.,
       0., 0., 0., 0., 0., 0., 0., 0., 0., 1.66059119e+03,
       6.68687012e+02, 4.78662252e-01, 1.64574402e+03, 6.80386902e+02,
       4.85903919e-01, 1.61337378e+03, 6.71612305e+02, 4.25730318e-01,
       0., 0., 0., 0., 0., 0., 9.30538879e+02, 5.00882568e+02,
       1.20951220e-01, 9.39413269e+02, 5.03866394e+02, 4.33916897e-01,
       1.07179724e+03, 4.36132935e+02, 6.60455883e-01, 0., 0., 0., 0.,
       0., 0., 0., 0., 0., 0., 0., 0., 0., 0., 0., 0., 0., 0., 0., 0.,
       0., 0., 0., 0., 0., 0., 0., 0., 0., 0., 0., 0., 0., 0., 0., 0.,
       0., 0., 0., 0., 0., 0., 0., 0., 0., 0., 0., 0., 0., 0., 0., 0.,
       0., 0., 0., 0., 0., 0., 0., 0. ]
