%YAML:1.0
---
pose_0: !!opencv-matrix
   rows: 1
   cols: 25
   dt: "3f"
   data: [ 7.92233643e+02, 3.91989960e+02, 8.40706050e-01,
       8.77611633e+02, 4.50820374e+02, 7.55213201e-01, 8.60030029e+02,
       5.15619080e+02, 5.77203989e-01, 9.71692932e+02, 6.39176147e+02,
       8.21691871e-01, 8.62977661e+02, 6.62721436e+02, 8.18358839e-01,
       8.83406433e+02, 3.88920807e+02, 8.31540644e-01, 9.45301392e+02,
       4.56639526e+02, 8.60463023e-01, 8.30520813e+02, 5.27460999e+02,
       8.41056347e-01, 1.12192505e+03, 4.33214661e+02, 5.26520252e-01,
       1.13072607e+03, 4.80284393e+02, 5.63650608e-01, 1.34259399e+03,
       4.92014282e+02, 6.03908896e-01, 1.56044482e+03, 5.03776917e+02,
       6.04768038e-01, 1.11303796e+03, 3.86043640e+02, 5.39512515e-01,
       1.32785815e+03, 2.77244019e+02, 3.51537347e-01, 1.52214917e+03,
       1.74192429e+02, 4.57984507e-01, 7.74588440e+02, 4.09509827e+02,
       8.07078660e-01, 7.86281494e+02, 3.83058655e+02, 8.27328503e-01,
       7.86420166e+02, 4.47910217e+02, 6.07555807e-01, 0., 0., 0.,
       1.61040491e+03, 1.09399780e+02, 2.74026752e-01, 1.61052039e+03,
       1.12335014e+02, 2.23063841e-01, 1.51924756e+03, 1.71227661e+02,
       1.61072060e-01, 1.63100586e+03, 5.18511353e+02, 3.69638801e-01,
       1.62805811e+03, 5.24341492e+02, 4.14265662e-01, 1.58697473e+03,
       4.83289307e+02, 4.04297233e-01 ]
