%YAML:1.0
---
pose_0: !!opencv-matrix
   rows: 1
   cols: 25
   dt: "3f"
   data: [ 7.24507385e+02, 5.74297363e+02, 8.56740355e-01,
       8.30477844e+02, 6.00932861e+02, 7.61169016e-01, 8.12899658e+02,
       6.80392273e+02, 5.85966229e-01, 9.60025208e+02, 7.39130371e+02,
       7.04207361e-01, 1.06600012e+03, 7.62639160e+02, 8.41500700e-01,
       8.39419067e+02, 5.27293457e+02, 6.93695724e-01, 9.27659851e+02,
       4.18401520e+02, 8.03167522e-01, 8.98184937e+02, 2.88964020e+02,
       7.04941630e-01, 1.08652893e+03, 6.21533386e+02, 6.12739682e-01,
       1.07775342e+03, 6.65719238e+02, 5.88475108e-01, 1.28371436e+03,
       6.71498230e+02, 5.47442973e-01, 1.53982788e+03, 7.12693787e+02,
       5.33871353e-01, 1.08947937e+03, 5.65644958e+02, 5.63105226e-01,
       1.28669324e+03, 5.77415283e+02, 7.26015747e-01, 1.54569824e+03,
       5.80309265e+02, 3.39510113e-01, 7.12745422e+02, 5.83257141e+02,
       8.25498998e-01, 7.18545349e+02, 5.53813965e+02, 9.19504523e-01,
       7.18728088e+02, 6.18531250e+02, 7.62657523e-01, 7.42161621e+02,
       5.44919983e+02, 3.12996149e-01, 1.61929431e+03, 5.53833984e+02,
       2.92978823e-01, 1.61927917e+03, 5.50926331e+02, 3.02532613e-01,
       1.54277979e+03, 5.89145081e+02, 2.05186367e-01, 1.60457422e+03,
       6.92140137e+02, 2.52236426e-01, 1.58987720e+03, 7.06904419e+02,
       2.14324296e-01, 1.56335547e+03, 7.18635498e+02, 3.21435511e-01 ]
