%YAML:1.0
---
pose_0: !!opencv-matrix
   rows: 1
   cols: 25
   dt: "3f"
   data: [ 6.71451355e+02, 6.03879883e+02, 8.12851548e-01,
       7.86375793e+02, 5.83282837e+02, 5.43211460e-01, 7.92291138e+02,
       6.68666260e+02, 6.18685126e-01, 9.21742432e+02, 7.65622925e+02,
       8.37934256e-01, 8.21673279e+02, 7.30429016e+02, 7.53824115e-01,
       7.68665344e+02, 5.15578064e+02, 3.54884684e-01, 9.62946899e+02,
       4.50772858e+02, 7.71806657e-01, 8.30487976e+02, 4.62539734e+02,
       8.26824009e-01, 1.11013403e+03, 6.56809631e+02, 5.70952535e-01,
       1.09239880e+03, 7.09844666e+02, 5.73515177e-01, 1.35441418e+03,
       7.48135193e+02, 5.64338267e-01, 1.56045972e+03, 7.48046387e+02,
       4.11352426e-01, 1.12484692e+03, 6.00876770e+02, 5.41493773e-01,
       1.37205066e+03, 5.92076843e+02, 3.68588686e-01, 1.63397913e+03,
       5.27404419e+02, 5.65982640e-01, 6.53930298e+02, 6.21446167e+02,
       7.69321561e-01, 6.53953857e+02, 5.83307251e+02, 7.15135932e-01,
       6.77462036e+02, 6.30336487e+02, 1.45277008e-01, 6.71491943e+02,
       5.53716187e+02, 5.72678804e-01, 1.71642212e+03, 4.92027191e+02,
       4.11045611e-01, 1.71054688e+03, 4.91996429e+02, 4.21517968e-01,
       1.64872461e+03, 5.15612061e+02, 1.72046542e-01, 1.65759119e+03,
       7.42220520e+02, 2.52865821e-01, 1.64873145e+03, 7.56875366e+02,
       1.89795479e-01, 1.58392188e+03, 7.33327087e+02, 2.75920719e-01 ]
