%YAML:1.0
---
pose_0: !!opencv-matrix
   rows: 1
   cols: 25
   dt: "3f"
   data: [ 6.48129395e+02, 4.50824127e+02, 8.28086495e-01,
       7.65878723e+02, 4.39055450e+02, 6.93363488e-01, 7.80403442e+02,
       5.21440369e+02, 4.57377821e-01, 9.21746216e+02, 5.44966797e+02,
       1.65044695e-01, 1.02176611e+03, 5.33198914e+02, 6.82238042e-02,
       7.65811646e+02, 3.62446381e+02, 6.62893474e-01, 8.77534058e+02,
       2.94758514e+02, 7.99703598e-01, 9.77617065e+02, 2.24281509e+02,
       8.55046809e-01, 1.09239282e+03, 4.36080750e+02, 4.73289847e-01,
       1.09239380e+03, 4.86150208e+02, 4.77978915e-01, 1.32204663e+03,
       4.44928284e+02, 5.00499606e-01, 1.64279443e+03, 3.68448486e+02,
       4.62654591e-01, 1.08953259e+03, 3.77260925e+02, 4.64829087e-01,
       1.32493872e+03, 3.94912506e+02, 2.48899996e-01, 1.60748987e+03,
       5.03873718e+02, 1.54946893e-01, 6.36278442e+02, 4.65522034e+02,
       7.95119882e-01, 6.39178284e+02, 4.30227203e+02, 8.26897979e-01,
       6.48074036e+02, 5.00727112e+02, 2.48628587e-01, 6.68479980e+02,
       3.94912811e+02, 5.52639186e-01, 1.70459644e+03, 5.21414001e+02,
       2.30347991e-01, 0., 0., 0., 1.61044470e+03, 5.09675415e+02,
       1.19989544e-01, 1.76941785e+03, 3.33059113e+02, 3.59387636e-01,
       1.76053186e+03, 3.41894226e+02, 2.90452063e-01, 1.65758557e+03,
       3.65434326e+02, 2.34046713e-01 ]
