%YAML:1.0
---
pose_0: !!opencv-matrix
   rows: 1
   cols: 25
   dt: "3f"
   data: [ 7.59860046e+02, 5.24371460e+02, 6.23961926e-01,
       8.30482788e+02, 4.53711121e+02, 3.57398748e-01, 8.18741943e+02,
       4.53754272e+02, 2.63636470e-01, 0., 0., 0., 0., 0., 0.,
       8.33424133e+02, 4.50768250e+02, 7.03445196e-01, 9.57055176e+02,
       5.24379395e+02, 8.20031226e-01, 8.33410767e+02, 5.62664246e+02,
       8.17960858e-01, 1.09538745e+03, 4.33138184e+02, 3.34524095e-01,
       1.10423218e+03, 3.97863708e+02, 1.78450808e-01, 1.23370422e+03,
       4.30250397e+02, 1.34764493e-01, 0., 0., 0., 1.11597546e+03,
       4.36144440e+02, 2.86464334e-01, 1.35140344e+03, 4.91995026e+02,
       6.48308814e-01, 1.61633875e+03, 4.27213501e+02, 3.95200312e-01,
       0., 0., 0., 7.48090820e+02, 5.03856781e+02, 6.90118670e-01, 0.,
       0., 0., 7.65713135e+02, 4.59594147e+02, 6.63696826e-01,
       1.68401184e+03, 3.65422211e+02, 2.20673442e-01, 1.68114795e+03,
       3.68384735e+02, 1.96247086e-01, 1.65753979e+03, 4.36063965e+02,
       1.95755988e-01, 0., 0., 0., 0., 0., 0., 0., 0., 0. ]
