%YAML:1.0
---
pose_0: !!opencv-matrix
   rows: 1
   cols: 25
   dt: "3f"
   data: [ 7.36319336e+02, 5.03845764e+02, 8.90840530e-01,
       8.36488586e+02, 5.03786499e+02, 7.56241083e-01, 8.45254089e+02,
       5.74494568e+02, 5.92440784e-01, 9.74716431e+02, 6.48016052e+02,
       7.75903106e-01, 1.05717078e+03, 6.83375427e+02, 7.25876808e-01,
       8.39422607e+02, 4.24353271e+02, 5.86202443e-01, 9.95279480e+02,
       3.88910522e+02, 7.79841185e-01, 1.11882227e+03, 3.44952087e+02,
       8.55305791e-01, 1.11900122e+03, 5.09677673e+02, 5.63535511e-01,
       1.11598584e+03, 5.59781006e+02, 5.83119333e-01, 1.33084875e+03,
       6.21371399e+02, 6.79121971e-01, 1.54273975e+03, 6.74560303e+02,
       4.68757212e-01, 1.11899194e+03, 4.56704712e+02, 5.43097198e-01,
       1.34845081e+03, 4.59522339e+02, 7.24512398e-01, 1.56036487e+03,
       4.68444702e+02, 5.50705433e-01, 7.18710266e+02, 5.18494324e+02,
       8.21762264e-01, 7.21645508e+02, 4.83253754e+02, 8.60019326e-01,
       7.39269104e+02, 5.36178040e+02, 4.50207353e-01, 7.42271912e+02,
       4.59658722e+02, 6.18425429e-01, 1.61928577e+03, 4.68468414e+02,
       1.96875304e-01, 1.61636560e+03, 4.59683075e+02, 2.62353182e-01,
       1.58690686e+03, 4.74378357e+02, 2.97728240e-01, 1.62518896e+03,
       6.62762329e+02, 2.89119393e-01, 1.61344446e+03, 6.71623169e+02,
       1.99957177e-01, 1.56631604e+03, 7.01000671e+02, 2.13594452e-01 ]
