%YAML:1.0
---
pose_0: !!opencv-matrix
   rows: 1
   cols: 25
   dt: "3f"
   data: [ 6.86294678e+02, 5.09627899e+02, 8.38049829e-01,
       8.12784668e+02, 4.86193665e+02, 6.54004455e-01, 8.24584900e+02,
       5.59697571e+02, 4.43175048e-01, 9.30584412e+02, 5.97995850e+02,
       1.92018658e-01, 9.92368713e+02, 5.98009094e+02, 8.79879594e-02,
       8.12769409e+02, 4.30232697e+02, 6.00820363e-01, 9.45240601e+02,
       3.56590454e+02, 7.54443586e-01, 1.06896472e+03, 3.03680817e+02,
       8.35302711e-01, 1.10130151e+03, 5.00897308e+02, 5.92870533e-01,
       1.09536584e+03, 5.50903625e+02, 6.32735968e-01, 1.29849768e+03,
       5.92049744e+02, 5.83521485e-01, 1.55455273e+03, 6.03859802e+02,
       4.61694747e-01, 1.11302576e+03, 4.44956482e+02, 5.56938410e-01,
       1.33676978e+03, 4.59589539e+02, 6.75634682e-01, 1.56926099e+03,
       4.33134766e+02, 5.11644483e-01, 6.71564819e+02, 5.27222717e+02,
       7.92343557e-01, 6.71579590e+02, 4.89134827e+02, 7.81556845e-01,
       6.92292358e+02, 5.33267151e+02, 9.26478729e-02, 6.95157104e+02,
       4.56820160e+02, 6.10727668e-01, 1.64280542e+03, 3.85971375e+02,
       2.13832557e-01, 1.63989453e+03, 3.86055969e+02, 2.44741440e-01,
       1.59280591e+03, 4.18405823e+02, 2.16284290e-01, 1.68098950e+03,
       6.42138000e+02, 1.73371166e-01, 0., 0., 0., 1.60457227e+03,
       5.92109924e+02, 2.58735359e-01 ]
