%YAML:1.0
---
pose_0: !!opencv-matrix
   rows: 1
   cols: 25
   dt: "3f"
   data: [ 0., 0., 0., 8.42292908e+02, 4.59636597e+02, 2.18048766e-01,
       8.51109375e+02, 4.62577820e+02, 1.91835970e-01, 9.95355835e+02,
       5.03678986e+02, 1.12620927e-01, 1.11586194e+03, 5.12585205e+02,
       1.39705807e-01, 8.56913574e+02, 4.59707916e+02, 3.45558584e-01,
       9.77644470e+02, 4.15486786e+02, 7.42616951e-01, 1.12190527e+03,
       4.50854401e+02, 6.07717335e-01, 1.02769421e+03, 4.71421906e+02,
       8.77721980e-02, 0., 0., 0., 0., 0., 0., 0., 0., 0., 0., 0., 0.,
       0., 0., 0., 0., 0., 0., 0., 0., 0., 0., 0., 0., 7.86320740e+02,
       4.39024078e+02, 6.30977079e-02, 7.92268372e+02, 4.71414185e+02,
       7.52844885e-02, 0., 0., 0., 0., 0., 0., 0., 0., 0., 0., 0., 0.,
       0., 0., 0., 0., 0., 0. ]
