%YAML:1.0
---
pose_0: !!opencv-matrix
   rows: 1
   cols: 25
   dt: "3f"
   data: [ 6.74545410e+02, 4.80275360e+02, 8.67084205e-01,
       8.09810486e+02, 5.21500916e+02, 6.13529861e-01, 8.09903503e+02,
       6.01021851e+02, 7.38818884e-01, 9.48208923e+02, 6.39121826e+02,
       7.53412068e-01, 1.04819556e+03, 6.92130859e+02, 8.58813345e-01,
       7.92231812e+02, 4.44900574e+02, 3.26039672e-01, 9.15811218e+02,
       3.92020538e+02, 8.17322135e-02, 0., 0., 0., 1.09242896e+03,
       4.92009705e+02, 5.38673401e-01, 1.08656470e+03, 5.44992493e+02,
       5.56141078e-01, 1.32787878e+03, 5.77286255e+02, 3.67715567e-01,
       1.51923682e+03, 5.77362976e+02, 5.70366859e-01, 1.09239307e+03,
       4.33158478e+02, 5.19833803e-01, 1.36907703e+03, 4.56783844e+02,
       5.55444479e-01, 1.62222729e+03, 4.77263184e+02, 5.18018365e-01,
       6.59741699e+02, 4.97958008e+02, 7.74930179e-01, 6.68562378e+02,
       4.59561829e+02, 8.46667051e-01, 6.68702026e+02, 5.30322571e+02,
       6.71212852e-01, 6.98031616e+02, 4.33258789e+02, 4.00780857e-01,
       1.70758044e+03, 4.36154175e+02, 4.82092470e-01, 1.70461816e+03,
       4.36189209e+02, 4.92719680e-01, 1.67812549e+03, 4.97950348e+02,
       2.40325958e-01, 1.49569580e+03, 6.50959412e+02, 3.10345650e-01,
       1.48681421e+03, 6.45059570e+02, 2.90740043e-01, 1.54866248e+03,
       5.59758362e+02, 2.99614608e-01 ]
