%YAML:1.0
---
pose_0: !!opencv-matrix
   rows: 1
   cols: 25
   dt: "3f"
   data: [ 7.74567017e+02, 4.35975220e+02, 8.35453570e-01,
       8.83489502e+02, 4.36058655e+02, 7.13364244e-01, 8.80461914e+02,
       5.09664673e+02, 7.02068627e-01, 9.74829468e+02, 5.27204102e+02,
       8.03334892e-01, 9.33595337e+02, 4.06671539e+02, 8.18171501e-01,
       8.86490173e+02, 3.65418671e+02, 5.96929133e-01, 9.98205200e+02,
       2.83022919e+02, 7.06097186e-01, 9.95247131e+02, 2.21344727e+02,
       7.24526823e-01, 1.14247522e+03, 4.77253876e+02, 6.56504393e-01,
       1.13361523e+03, 5.21459717e+02, 6.19615436e-01, 1.32491663e+03,
       5.71535156e+02, 7.54345417e-01, 1.51332288e+03, 6.42159363e+02,
       6.51781917e-01, 1.15428040e+03, 4.30126129e+02, 6.05462015e-01,
       1.35435425e+03, 4.33153229e+02, 6.70405388e-01, 1.55745520e+03,
       4.27317047e+02, 6.06634498e-01, 7.62786560e+02, 4.47921356e+02,
       7.79458523e-01, 7.62772644e+02, 4.15502777e+02, 8.16048384e-01,
       7.80483154e+02, 4.71366119e+02, 4.00955588e-01, 7.83374268e+02,
       3.88958221e+02, 5.60377538e-01, 1.61925513e+03, 4.03690735e+02,
       5.62664986e-01, 1.61334216e+03, 3.94907867e+02, 6.08489454e-01,
       1.58688782e+03, 4.33182861e+02, 3.37921888e-01, 1.58683423e+03,
       6.71485413e+02, 6.08529270e-01, 1.56920667e+03, 6.74485413e+02,
       6.30785882e-01, 1.53685071e+03, 6.27509094e+02, 3.97827387e-01 ]
