%YAML:1.0
---
pose_0: !!opencv-matrix
   rows: 1
   cols: 25
   dt: "3f"
   data: [ 5.74333252e+02, 5.42048340e+02, 7.43994355e-01,
       6.50980713e+02, 5.36239136e+02, 6.44176662e-01, 6.45062561e+02,
       6.00959900e+02, 5.33057511e-01, 7.89264099e+02, 6.92035706e+02,
       5.32083333e-01, 8.83451538e+02, 6.48147583e+02, 7.82048523e-01,
       6.68527222e+02, 4.77306915e+02, 5.95196486e-01, 7.62820679e+02,
       4.36004028e+02, 4.62571830e-01, 8.33480469e+02, 4.09649384e+02,
       6.69052482e-01, 1.04239136e+03, 5.39082458e+02, 4.69633013e-01,
       1.04236401e+03, 5.95059082e+02, 4.68919516e-01, 1.32787439e+03,
       6.06846802e+02, 5.87114036e-01, 1.66054163e+03, 5.97979675e+02,
       3.29973549e-01, 1.03948657e+03, 4.80280884e+02, 4.71339971e-01,
       1.30435535e+03, 4.33070526e+02, 4.77267027e-01, 1.46330957e+03,
       3.94877563e+02, 1.76065132e-01, 5.53814636e+02, 5.56869507e+02,
       7.63897538e-01, 5.53768005e+02, 5.21423035e+02, 7.61009991e-01,
       5.74485535e+02, 5.80409668e+02, 2.76022345e-01, 5.74363831e+02,
       4.83231873e+02, 6.59202278e-01, 1.52214661e+03, 4.27267426e+02,
       1.15568101e-01, 0., 0., 0., 1.53390515e+03, 3.74297699e+02,
       1.44380912e-01, 1.73407349e+03, 5.47882874e+02, 1.41194016e-01,
       1.73108264e+03, 5.50931213e+02, 9.48718861e-02, 1.72517712e+03,
       5.74379517e+02, 9.54434797e-02 ]
