%YAML:1.0
---
pose_0: !!opencv-matrix
   rows: 1
   cols: 25
   dt: "3f"
   data: [ 7.65708435e+02, 5.77309448e+02, 8.62813964e-02,
       8.59850281e+02, 5.53823242e+02, 4.31950718e-01, 8.59903259e+02,
       5.53811646e+02, 3.76477569e-01, 1.00112744e+03, 5.62658142e+02,
       1.64159983e-01, 1.15422766e+03, 5.24369080e+02, 5.74990027e-02,
       8.57002930e+02, 5.56866089e+02, 5.27375579e-01, 1.00117999e+03,
       5.53963074e+02, 4.03877974e-01, 1.16305029e+03, 5.27286316e+02,
       3.31684887e-01, 1.15130957e+03, 6.00937195e+02, 1.94160596e-01,
       1.11892175e+03, 6.36238403e+02, 1.33997813e-01, 0., 0., 0., 0.,
       0., 0., 1.16308960e+03, 5.68563721e+02, 1.87120825e-01,
       1.39555933e+03, 4.80204559e+02, 4.05570447e-01, 1.49871289e+03,
       6.48016357e+02, 2.06478193e-01, 0., 0., 0., 7.56898621e+02,
       5.53809021e+02, 7.57385716e-02, 8.01024231e+02, 5.03758789e+02,
       6.84979036e-02, 7.65804626e+02, 5.53802979e+02, 1.55741617e-01,
       0., 0., 0., 0., 0., 0., 1.49267737e+03, 6.62772766e+02,
       2.06720188e-01, 0., 0., 0., 0., 0., 0., 0., 0., 0. ]
