%YAML:1.0
---
pose_0: !!opencv-matrix
   rows: 1
   cols: 25
   dt: "3f"
   data: [ 7.89420715e+02, 5.51007324e+02, 8.54077458e-01,
       9.01051331e+02, 5.68486938e+02, 6.87228739e-01, 8.86503906e+02,
       6.47950684e+02, 5.87981522e-01, 1.04532666e+03, 6.98093445e+02,
       7.02207923e-01, 1.16600952e+03, 7.12757996e+02, 7.90090442e-01,
       9.09935059e+02, 4.80206177e+02, 6.79344714e-01, 9.30727234e+02,
       3.47769531e+02, 7.88254917e-01, 8.54049133e+02, 2.65352783e+02,
       7.53625989e-01, 1.14841736e+03, 5.97926331e+02, 6.40824139e-01,
       1.14255481e+03, 6.45010315e+02, 6.68082297e-01, 1.33079529e+03,
       6.68704712e+02, 4.86084044e-01, 1.53988794e+03, 6.95214539e+02,
       4.76491392e-01, 1.16014270e+03, 5.45028870e+02, 6.18630648e-01,
       1.31904016e+03, 5.74530701e+02, 7.35179245e-01, 1.49865906e+03,
       5.94983215e+02, 1.52894795e-01, 7.83419678e+02, 5.71547729e+02,
       7.52173424e-01, 7.83355103e+02, 5.39159241e+02, 6.70624077e-01,
       8.03957764e+02, 5.97902039e+02, 6.93560779e-01, 8.04024780e+02,
       5.27372009e+02, 1.95532739e-01, 0., 0., 0., 0., 0., 0.,
       1.51335352e+03, 6.06801697e+02, 1.20448247e-01, 1.60455286e+03,
       6.98052917e+02, 2.45215297e-01, 0., 0., 0., 1.56339075e+03,
       6.92196167e+02, 2.95258760e-01 ]
