%YAML:1.0
---
pose_0: !!opencv-matrix
   rows: 1
   cols: 25
   dt: "3f"
   data: [ 6.77415588e+02, 5.30391418e+02, 2.52282917e-01,
       8.15767700e+02, 4.86125854e+02, 1.38895974e-01, 8.12800354e+02,
       5.50905090e+02, 5.99613190e-02, 0., 0., 0., 0., 0., 0.,
       8.01092957e+02, 4.00766724e+02, 2.70119011e-01, 9.74661255e+02,
       3.38898285e+02, 5.69766164e-01, 8.59958984e+02, 3.71368378e+02,
       3.59159291e-01, 1.10715356e+03, 5.21403992e+02, 4.55720186e-01,
       1.09544043e+03, 5.74455139e+02, 5.23357809e-01, 1.32497400e+03,
       6.30424561e+02, 6.54931545e-01, 1.53984961e+03, 6.24400391e+02,
       6.07176185e-01, 1.11008215e+03, 4.59580353e+02, 4.62716728e-01,
       1.35735193e+03, 4.83195984e+02, 5.90362906e-01, 1.62226001e+03,
       4.94952606e+02, 5.56661546e-01, 6.65691406e+02, 5.27396484e+02,
       1.42391741e-01, 6.68642578e+02, 5.24403381e+02, 2.06748784e-01,
       0., 0., 0., 6.71521118e+02, 5.06734192e+02, 1.70088023e-01,
       1.69872412e+03, 4.65566071e+02, 5.08940637e-01, 1.68704028e+03,
       4.62564972e+02, 5.50848663e-01, 1.65757129e+03, 5.09691986e+02,
       2.97991008e-01, 1.65762854e+03, 6.36216858e+02, 3.70592952e-01,
       1.63990955e+03, 6.45058838e+02, 3.54245216e-01, 1.56924744e+03,
       6.00953613e+02, 3.86281520e-01 ]
