%YAML:1.0
---
pose_0: !!opencv-matrix
   rows: 1
   cols: 25
   dt: "3f"
   data: [ 6.24554504e+02, 5.03719452e+02, 8.23109031e-01,
       7.56938538e+02, 4.74374939e+02, 6.29352868e-01, 7.42205872e+02,
       5.83293518e+02, 6.16210580e-01, 8.80560913e+02, 6.71462708e+02,
       8.46047699e-01, 1.02483179e+03, 7.50999817e+02, 8.13879728e-01,
       7.80434509e+02, 3.62448914e+02, 6.44109428e-01, 9.60015747e+02,
       3.83158661e+02, 7.02598751e-01, 1.13365601e+03, 4.06589905e+02,
       7.52858162e-01, 1.05713843e+03, 5.56829102e+02, 5.23682296e-01,
       1.03948560e+03, 6.24372070e+02, 5.16712010e-01, 1.14545227e+03,
       6.92104492e+02, 2.81760305e-01, 0., 0., 0., 1.07481006e+03,
       4.97877258e+02, 4.49656427e-01, 1.31320862e+03, 4.77221375e+02,
       3.89088899e-01, 0., 0., 0., 6.09782349e+02, 5.18566040e+02,
       7.23556519e-01, 6.09772034e+02, 4.80367981e+02, 7.61716247e-01,
       6.27419006e+02, 5.45043457e+02, 2.02583224e-01, 6.36236450e+02,
       4.39003418e+02, 5.20027578e-01, 0., 0., 0., 0., 0., 0., 0., 0.,
       0., 0., 0., 0., 0., 0., 0., 0., 0., 0. ]
