%YAML:1.0
---
pose_0: !!opencv-matrix
   rows: 1
   cols: 25
   dt: "3f"
   data: [ 6.74548279e+02, 5.27384033e+02, 6.74191892e-01,
       7.89331238e+02, 4.80314301e+02, 7.60778785e-01, 7.92271729e+02,
       5.71475220e+02, 7.04837918e-01, 9.51285645e+02, 6.27367737e+02,
       7.76014209e-01, 9.71819519e+02, 6.24453308e+02, 3.85629237e-01,
       7.86437317e+02, 3.92026428e+02, 6.56888306e-01, 9.06983704e+02,
       3.36001831e+02, 3.81012708e-01, 9.65856567e+02, 3.18321808e+02,
       4.20007050e-01, 1.09534961e+03, 5.15579468e+02, 5.71143985e-01,
       1.08066553e+03, 5.68582336e+02, 5.78089118e-01, 1.32492517e+03,
       6.39198059e+02, 7.34508097e-01, 1.52212720e+03, 6.21566162e+02,
       6.16798878e-01, 1.10419897e+03, 4.56752808e+02, 5.33153594e-01,
       1.33965869e+03, 4.80339600e+02, 6.52514458e-01, 1.61341333e+03,
       4.94935822e+02, 5.03770947e-01, 6.65677368e+02, 5.30249512e+02,
       3.44868422e-01, 6.65704956e+02, 5.09735504e+02, 5.41332901e-01,
       0., 0., 0., 6.71592773e+02, 4.77293243e+02, 3.63377184e-01,
       1.68992993e+03, 4.59643921e+02, 4.82801437e-01, 1.68405688e+03,
       4.59612488e+02, 5.09205043e-01, 1.65751501e+03, 5.06705536e+02,
       3.03502291e-01, 1.63405615e+03, 6.27419189e+02, 3.90666991e-01,
       1.61637903e+03, 6.42053894e+02, 3.50825191e-01, 1.55455481e+03,
       5.98014587e+02, 3.53443265e-01 ]
