%YAML:1.0
---
pose_0: !!opencv-matrix
   rows: 1
   cols: 25
   dt: "3f"
   data: [ 7.62847107e+02, 5.24292908e+02, 6.29330277e-01,
       8.36465027e+02, 4.47917938e+02, 4.45559144e-01, 8.36368591e+02,
       4.42040497e+02, 3.59395951e-01, 9.65876221e+02, 5.24401917e+02,
       8.20355862e-02, 0., 0., 0., 8.39300232e+02, 4.53717407e+02,
       7.31820881e-01, 9.71731995e+02, 5.27271179e+02, 8.21682811e-01,
       8.39318298e+02, 5.59780334e+02, 7.85057604e-01, 1.11890381e+03,
       4.18421112e+02, 4.16719586e-01, 1.13662292e+03, 3.88951172e+02,
       3.98066074e-01, 1.25137671e+03, 4.56678223e+02, 9.65350792e-02,
       0., 0., 0., 1.11013135e+03, 4.50791809e+02, 3.09597880e-01,
       1.34844739e+03, 4.97907410e+02, 5.96811056e-01, 1.63104248e+03,
       4.24295074e+02, 4.15312260e-01, 0., 0., 0., 7.53978455e+02,
       5.03896515e+02, 6.43962085e-01, 0., 0., 0., 7.65830627e+02,
       4.59649292e+02, 5.80650330e-01, 1.67811084e+03, 3.71334076e+02,
       1.69249788e-01, 1.67815027e+03, 3.77249969e+02, 1.49001792e-01,
       1.66052222e+03, 4.27263428e+02, 1.93211228e-01, 0., 0., 0., 0.,
       0., 0., 0., 0., 0. ]
