%YAML:1.0
---
pose_0: !!opencv-matrix
   rows: 1
   cols: 25
   dt: "3f"
   data: [ 7.62677368e+02, 5.53904663e+02, 7.94965148e-01,
       8.74579773e+02, 5.97981995e+02, 7.44153857e-01, 8.68746338e+02,
       6.71680237e+02, 5.86829364e-01, 9.95295288e+02, 7.18780151e+02,
       6.99288905e-01, 1.06596631e+03, 6.71572815e+02, 8.26178432e-01,
       8.83372131e+02, 5.18485962e+02, 6.87751234e-01, 9.74806213e+02,
       4.15501526e+02, 8.20777774e-01, 9.74626343e+02, 2.71352936e+02,
       5.43985367e-01, 1.14245642e+03, 6.06871826e+02, 5.81302822e-01,
       1.13955396e+03, 6.53884705e+02, 5.83695471e-01, 1.32205078e+03,
       6.65681274e+02, 6.46148026e-01, 1.53977539e+03, 6.95039307e+02,
       6.33759975e-01, 1.14546301e+03, 5.53836304e+02, 6.13221765e-01,
       1.32497766e+03, 5.83266479e+02, 7.27371275e-01, 1.51619751e+03,
       5.95068848e+02, 5.19439697e-01, 7.42251282e+02, 5.74483887e+02,
       6.72102451e-01, 7.45233276e+02, 5.47842163e+02, 5.92973173e-01,
       7.65728210e+02, 6.03845032e+02, 5.33422887e-01, 7.74593445e+02,
       5.36142761e+02, 3.24110031e-01, 1.60161035e+03, 5.59707764e+02,
       4.73758608e-01, 1.59279138e+03, 5.53889771e+02, 5.24313271e-01,
       1.53972961e+03, 6.15584045e+02, 3.21222901e-01, 1.60750146e+03,
       6.86222534e+02, 5.06978452e-01, 1.59280566e+03, 6.95181274e+02,
       4.55187768e-01, 1.55456152e+03, 6.92097839e+02, 3.45254064e-01 ]
