%YAML:1.0
---
pose_0: !!opencv-matrix
   rows: 1
   cols: 25
   dt: "3f"
   data: [ 7.77522339e+02, 4.36090118e+02, 8.76765668e-01,
       8.59864502e+02, 4.77238922e+02, 7.43525743e-01, 8.74633301e+02,
       5.53905640e+02, 4.97761011e-01, 9.74697083e+02, 6.50957947e+02,
       8.66615772e-01, 8.80529846e+02, 6.77515564e+02, 8.50868165e-01,
       8.62868774e+02, 4.12582886e+02, 7.94030845e-01, 9.45316772e+02,
       4.77326904e+02, 8.28840017e-01, 8.36318726e+02, 5.56748352e+02,
       8.39749992e-01, 1.12184668e+03, 4.53735046e+02, 5.00642121e-01,
       1.12775732e+03, 5.00836365e+02, 5.52574575e-01, 1.33379163e+03,
       4.83302795e+02, 8.04484904e-01, 1.55744812e+03, 5.00789917e+02,
       6.30528510e-01, 1.11306616e+03, 4.00751434e+02, 5.02168000e-01,
       1.33386353e+03, 2.94930664e+02, 7.48243868e-01, 1.53688428e+03,
       1.97743073e+02, 5.61256886e-01, 7.59817566e+02, 4.50837280e+02,
       8.46726060e-01, 7.65840820e+02, 4.15553253e+02, 8.43519986e-01,
       7.65837891e+02, 4.77282104e+02, 6.01631224e-01, 7.86317566e+02,
       4.06568329e+02, 4.41208303e-01, 1.61348840e+03, 1.44742584e+02,
       3.26760858e-01, 1.61639087e+03, 1.47631149e+02, 2.61410087e-01,
       1.54569666e+03, 2.00622498e+02, 2.27109313e-01, 1.61931030e+03,
       4.92033600e+02, 3.19367170e-01, 1.61349512e+03, 5.03859161e+02,
       3.33965153e-01, 1.58104456e+03, 4.86217957e+02, 3.09297442e-01 ]
