%YAML:1.0
---
pose_0: !!opencv-matrix
   rows: 1
   cols: 25
   dt: "3f"
   data: [ 7.62666016e+02, 5.36226013e+02, 7.56134033e-01,
       8.39357117e+02, 4.71422974e+02, 6.14794910e-01, 8.36310730e+02,
       4.65584442e+02, 4.42347020e-01, 9.86496765e+02, 5.47892273e+02,
       1.22511409e-01, 0., 0., 0., 8.48166199e+02, 4.77283539e+02,
       6.88556552e-01, 9.77737427e+02, 4.74387573e+02, 7.56149292e-01,
       1.10127478e+03, 5.47959412e+02, 6.22439504e-01, 1.13953333e+03,
       4.33197510e+02, 3.24736416e-01, 1.12777112e+03, 4.39053467e+02,
       2.07151815e-01, 1.36322656e+03, 5.24398499e+02, 5.40467858e-01,
       1.57514246e+03, 4.36146301e+02, 3.19563746e-01, 1.14836499e+03,
       4.21366882e+02, 2.70164698e-01, 1.35742993e+03, 5.45014404e+02,
       6.90483689e-01, 1.63105994e+03, 4.21423187e+02, 3.55830222e-01,
       7.42287476e+02, 5.33231628e+02, 5.81034757e-02, 7.48141968e+02,
       5.24351196e+02, 7.37798631e-01, 0., 0., 0., 7.65732239e+02,
       4.77332947e+02, 6.96699262e-01, 1.68398584e+03, 3.80163147e+02,
       2.67530560e-01, 1.68110242e+03, 3.83049683e+02, 2.89133847e-01,
       1.66640784e+03, 4.06681793e+02, 1.98731154e-01, 0., 0., 0., 0.,
       0., 0., 0., 0., 0. ]
