%YAML:1.0
---
pose_0: !!opencv-matrix
   rows: 1
   cols: 25
   dt: "3f"
   data: [ 9.74766724e+02, 4.33196991e+02, 2.16135085e-01,
       9.74729248e+02, 5.06674316e+02, 6.68069124e-01, 9.24616638e+02,
       5.21500977e+02, 6.37447774e-01, 9.27478760e+02, 5.94962280e+02,
       7.84441471e-01, 0., 0., 0., 1.03361450e+03, 4.89052856e+02,
       4.73457217e-01, 1.09548438e+03, 5.18544128e+02, 7.37203509e-02,
       1.16303186e+03, 5.06687225e+02, 1.36470705e-01, 1.11895142e+03,
       5.97888611e+02, 4.68562841e-01, 1.10422205e+03, 6.24410339e+02,
       4.25795376e-01, 1.36909680e+03, 5.47912292e+02, 7.26125538e-01,
       1.63700513e+03, 7.15634521e+02, 4.89531189e-01, 1.13659924e+03,
       5.56828796e+02, 3.48473608e-01, 1.36911108e+03, 5.03758209e+02,
       4.46367890e-01, 1.57513989e+03, 5.95013123e+02, 3.76552433e-01,
       9.54052002e+02, 4.30236267e+02, 1.95096657e-01, 9.74684875e+02,
       4.21384888e+02, 1.32226452e-01, 9.21742004e+02, 4.50822235e+02,
       2.20502928e-01, 0., 0., 0., 1.62219336e+03, 5.12665100e+02,
       1.74485609e-01, 1.61637646e+03, 5.15604980e+02, 1.64699256e-01,
       1.59576392e+03, 6.06786194e+02, 2.89413810e-01, 1.71644006e+03,
       7.39309021e+02, 4.06244755e-01, 1.70162573e+03, 7.51040955e+02,
       3.68208885e-01, 1.65749597e+03, 7.45106567e+02, 3.43286872e-01 ]
