%YAML:1.0
---
pose_0: !!opencv-matrix
   rows: 1
   cols: 25
   dt: "3f"
   data: [ 7.53933472e+02, 5.15595764e+02, 6.58149421e-01,
       8.33431458e+02, 4.62658539e+02, 5.36938488e-01, 8.27495728e+02,
       4.59655945e+02, 3.71928930e-01, 0., 0., 0., 0., 0., 0.,
       8.39365295e+02, 4.65532654e+02, 6.23954773e-01, 9.83529785e+02,
       5.03774689e+02, 3.16857040e-01, 1.06886475e+03, 5.59754211e+02,
       2.41638869e-01, 1.11012744e+03, 4.27247314e+02, 2.96908051e-01,
       1.11304041e+03, 4.00789917e+02, 2.14207992e-01, 1.34553748e+03,
       4.77291168e+02, 1.81857184e-01, 1.56633313e+03, 3.89088562e+02,
       2.93334424e-01, 1.11302148e+03, 4.44942657e+02, 2.87331432e-01,
       1.35141467e+03, 4.80176392e+02, 6.77488029e-01, 1.62808594e+03,
       4.21420227e+02, 3.72724414e-01, 7.39317200e+02, 5.09718048e+02,
       7.71226585e-02, 7.42218994e+02, 5.03656464e+02, 6.95933998e-01,
       0., 0., 0., 7.59798218e+02, 4.59596130e+02, 6.49410546e-01,
       1.68109045e+03, 3.83085114e+02, 2.61625111e-01, 1.68115442e+03,
       3.83111237e+02, 2.30567694e-01, 1.66345618e+03, 4.30175110e+02,
       1.94906563e-01, 0., 0., 0., 0., 0., 0., 1.58694739e+03,
       3.59586914e+02, 1.41541108e-01 ]
