%YAML:1.0
---
pose_0: !!opencv-matrix
   rows: 1
   cols: 25
   dt: "3f"
   data: [ 7.89392395e+02, 3.65436157e+02, 6.07397079e-01,
       8.74678284e+02, 3.47832184e+02, 3.36069584e-01, 8.98177246e+02,
       4.18422150e+02, 1.87023059e-01, 9.15871338e+02, 4.53738190e+02,
       5.53862639e-02, 0., 0., 0., 8.56931274e+02, 2.91805023e+02,
       3.98658693e-01, 7.51085449e+02, 3.06625793e+02, 6.27257466e-01,
       6.92170349e+02, 3.68351929e+02, 7.41568744e-01, 1.16309204e+03,
       3.68463287e+02, 5.66399455e-01, 1.16013538e+03, 4.18391998e+02,
       5.51908076e-01, 1.35442505e+03, 4.47908997e+02, 7.38994718e-01,
       1.54572559e+03, 4.56701508e+02, 6.70416057e-01, 1.16601733e+03,
       3.18342072e+02, 5.53759158e-01, 1.37507153e+03, 3.09533234e+02,
       6.45702302e-01, 1.56624939e+03, 2.86034546e+02, 5.93131661e-01,
       7.74580322e+02, 3.83048737e+02, 5.68369150e-01, 7.71636597e+02,
       3.50704681e+02, 3.65327805e-01, 7.92191040e+02, 3.94879395e+02,
       1.47735476e-01, 7.89223755e+02, 3.38967285e+02, 1.30561471e-01,
       1.63985999e+03, 2.47643677e+02, 3.07904392e-01, 1.63408472e+03,
       2.47708878e+02, 3.33741337e-01, 1.58692346e+03, 2.71328857e+02,
       2.39982262e-01, 1.60748279e+03, 4.59659912e+02, 4.99712318e-01,
       1.59286731e+03, 4.77232330e+02, 4.76673245e-01, 1.56928430e+03,
       4.41961487e+02, 3.87324333e-01 ]
