%YAML:1.0
---
pose_0: !!opencv-matrix
   rows: 1
   cols: 25
   dt: "3f"
   data: [ 7.65665344e+02, 5.06795319e+02, 8.86394620e-01,
       8.59929504e+02, 5.27257446e+02, 7.48478889e-01, 8.57089905e+02,
       6.03813416e+02, 7.58683264e-01, 9.80677979e+02, 6.42045959e+02,
       7.32539475e-01, 1.11596228e+03, 6.89142151e+02, 8.23246002e-01,
       8.62944092e+02, 4.53758820e+02, 5.21760285e-01, 9.42349426e+02,
       4.44950378e+02, 5.83831184e-02, 0., 0., 0., 1.12483704e+03,
       5.12684448e+02, 5.51387846e-01, 1.12479541e+03, 5.62695923e+02,
       5.67112803e-01, 1.33376868e+03, 6.21382568e+02, 7.48830855e-01,
       1.55158313e+03, 6.71604309e+02, 5.82117677e-01, 1.12478455e+03,
       4.59708618e+02, 5.36027789e-01, 1.33087341e+03, 4.59552887e+02,
       7.85654366e-01, 1.56637195e+03, 4.59754608e+02, 6.86094761e-01,
       7.45177612e+02, 5.24323364e+02, 7.92615652e-01, 7.53998657e+02,
       4.86187103e+02, 7.97060668e-01, 7.59818176e+02, 5.50867615e+02,
       5.10214567e-01, 7.80475281e+02, 4.62603119e+02, 4.77382153e-01,
       1.65746887e+03, 4.39069397e+02, 2.06719458e-01, 1.64573792e+03,
       4.39059875e+02, 2.36364320e-01, 1.59280408e+03, 4.44976288e+02,
       2.65697658e-01, 1.62813611e+03, 6.56831055e+02, 5.28507888e-01,
       1.61639734e+03, 6.71489746e+02, 4.43478644e-01, 1.58394312e+03,
       6.89200928e+02, 2.71360248e-01 ]
