%YAML:1.0
---
pose_0: !!opencv-matrix
   rows: 1
   cols: 25
   dt: "3f"
   data: [ 7.09795898e+02, 5.06632965e+02, 8.46095741e-01,
       8.33298401e+02, 5.03894714e+02, 7.07339525e-01, 8.36391846e+02,
       5.83218018e+02, 6.43764615e-01, 9.92327332e+02, 6.09773743e+02,
       6.47674322e-01, 1.12779102e+03, 6.44921082e+02, 6.94541037e-01,
       8.36423218e+02, 4.18426300e+02, 6.01939380e-01, 9.80663696e+02,
       3.62409180e+02, 7.72017717e-01, 1.12183130e+03, 3.03701660e+02,
       7.66575992e-01, 1.11590503e+03, 5.03711395e+02, 5.86328745e-01,
       1.10715515e+03, 5.50867188e+02, 6.23042285e-01, 1.32203284e+03,
       6.06767944e+02, 5.25651217e-01, 1.48980725e+03, 6.42024536e+02,
       5.13943613e-01, 1.11602930e+03, 4.44927429e+02, 5.31722963e-01,
       1.34853320e+03, 4.83151703e+02, 6.67149603e-01, 1.61340161e+03,
       5.27386108e+02, 4.95049059e-01, 6.95031128e+02, 5.24344299e+02,
       7.92820811e-01, 6.92262451e+02, 4.83216370e+02, 8.39266181e-01,
       7.15577637e+02, 5.39076721e+02, 2.61232436e-01, 7.15780518e+02,
       4.59545563e+02, 6.16185129e-01, 1.70173291e+03, 5.00778564e+02,
       3.55660677e-01, 1.69869971e+03, 4.97855560e+02, 3.52333754e-01,
       1.63401721e+03, 5.50819885e+02, 2.96468586e-01, 1.56340088e+03,
       6.42101257e+02, 1.83297455e-01, 1.54572522e+03, 6.56812439e+02,
       1.75810128e-01, 1.52220850e+03, 6.30317688e+02, 2.99505055e-01 ]
