%YAML:1.0
---
pose_0: !!opencv-matrix
   rows: 1
   cols: 25
   dt: "3f"
   data: [ 7.33369080e+02, 4.59562439e+02, 8.24715734e-01,
       8.36527466e+02, 4.59556885e+02, 7.68672168e-01, 8.45220947e+02,
       5.39070007e+02, 5.89582443e-01, 9.77732422e+02, 5.89098633e+02,
       7.25095212e-01, 1.03948792e+03, 5.71466980e+02, 8.26627433e-01,
       8.42344482e+02, 3.86035828e+02, 7.10300922e-01, 9.77772949e+02,
       3.27241821e+02, 5.44269204e-01, 9.54119019e+02, 3.47828918e+02,
       6.48366809e-01, 1.12779688e+03, 4.80245514e+02, 5.59480846e-01,
       1.11890649e+03, 5.27331726e+02, 5.81613481e-01, 1.33075415e+03,
       5.53718994e+02, 7.06639707e-01, 1.49565601e+03, 5.68579346e+02,
       6.08246088e-01, 1.13951514e+03, 4.30169403e+02, 5.27863503e-01,
       1.34557458e+03, 4.36201416e+02, 6.48594260e-01, 1.55750037e+03,
       4.59639526e+02, 6.60596550e-01, 7.15675842e+02, 4.62686737e+02,
       7.70246863e-01, 7.21654297e+02, 4.36143127e+02, 8.05170238e-01,
       7.36215454e+02, 4.83187897e+02, 1.21183701e-01, 7.42325256e+02,
       4.12456360e+02, 6.66225970e-01, 1.61637402e+03, 4.36151062e+02,
       6.14765227e-01, 1.61056653e+03, 4.33193817e+02, 6.45992935e-01,
       1.58393555e+03, 4.77289825e+02, 3.19342971e-01, 1.49560669e+03,
       6.50984131e+02, 1.88329667e-01, 1.48683850e+03, 6.45087646e+02,
       1.56940609e-01, 1.52805542e+03, 5.59706787e+02, 3.99514973e-01 ]
