%YAML:1.0
---
pose_0: !!opencv-matrix
   rows: 1
   cols: 25
   dt: "3f"
   data: [ 7.33305725e+02, 3.50797424e+02, 7.88363934e-01,
       8.33460815e+02, 3.62629913e+02, 7.68147826e-01, 8.36488953e+02,
       4.33193512e+02, 5.16520441e-01, 8.24613464e+02, 5.21503052e+02,
       7.30452478e-01, 6.89260254e+02, 5.33334717e+02, 7.95572102e-01,
       8.24574219e+02, 2.94761871e+02, 6.36471510e-01, 8.83477844e+02,
       2.83010345e+02, 7.37014711e-01, 8.80422668e+02, 3.41793793e+02,
       5.21673225e-02, 1.09247888e+03, 3.77236053e+02, 5.70545793e-01,
       1.09240540e+03, 4.24327820e+02, 5.66544116e-01, 1.31611621e+03,
       4.42027283e+02, 5.90433717e-01, 1.52512183e+03, 4.71451294e+02,
       5.70584118e-01, 1.09250562e+03, 3.21281372e+02, 5.63803494e-01,
       1.35145667e+03, 3.03626648e+02, 5.35049140e-01, 1.56037610e+03,
       2.88934662e+02, 5.81901670e-01, 7.18663635e+02, 3.68363495e+02,
       7.97509253e-01, 7.18557800e+02, 3.38969421e+02, 8.72068286e-01,
       7.39206177e+02, 3.94916260e+02, 5.34771204e-01, 7.39268616e+02,
       3.15379242e+02, 5.09639740e-01, 1.63992554e+03, 2.71326843e+02,
       5.11015952e-01, 1.63695605e+03, 2.68362396e+02, 5.55638552e-01,
       1.56930566e+03, 2.77182129e+02, 2.05065668e-01, 1.60461450e+03,
       4.77309937e+02, 5.03031731e-01, 1.58987805e+03, 4.86189331e+02,
       4.61712182e-01, 1.55454663e+03, 4.59650330e+02, 2.95645326e-01 ]
