%YAML:1.0
---
pose_0: !!opencv-matrix
   rows: 1
   cols: 25
   dt: "3f"
   data: [ 7.36334595e+02, 3.65621735e+02, 8.60550523e-01,
       8.54076782e+02, 3.62570831e+02, 7.70478964e-01, 8.53986938e+02,
       4.39097931e+02, 7.22247601e-01, 9.54187378e+02, 5.27439026e+02,
       8.93997788e-01, 9.33515076e+02, 6.45120300e+02, 8.46886516e-01,
       8.56941528e+02, 2.88956421e+02, 6.59193277e-01, 9.07121765e+02,
       1.56522079e+02, 7.40777612e-01, 8.06988708e+02, 1.00528236e+02,
       6.85468137e-01, 1.10716394e+03, 3.65372406e+02, 5.97337365e-01,
       1.09837158e+03, 4.09706451e+02, 5.87421417e-01, 1.32488245e+03,
       4.24306519e+02, 6.96377516e-01, 1.53974341e+03, 4.47848358e+02,
       6.19802892e-01, 1.11308789e+03, 3.12421875e+02, 5.39373994e-01,
       1.32495435e+03, 2.94941010e+02, 7.06161022e-01, 1.56331531e+03,
       2.77227234e+02, 5.81612349e-01, 7.18606384e+02, 3.83177765e+02,
       8.06140661e-01, 7.18801697e+02, 3.47767456e+02, 7.78460264e-01,
       7.39319519e+02, 3.97826111e+02, 1.57248214e-01, 7.42108276e+02,
       3.18261932e+02, 5.65548718e-01, 1.63709229e+03, 2.68236237e+02,
       4.80881751e-01, 1.63400317e+03, 2.56591156e+02, 4.92597699e-01,
       1.58694019e+03, 2.77137177e+02, 2.38192856e-01, 1.60745178e+03,
       4.62602356e+02, 4.51116383e-01, 1.58994019e+03, 4.74397705e+02,
       4.36206311e-01, 1.56627136e+03, 4.33178040e+02, 3.80356967e-01 ]
