%YAML:1.0
---
pose_0: !!opencv-matrix
   rows: 1
   cols: 25
   dt: "3f"
   data: [ 7.83448792e+02, 4.36055115e+02, 8.75241697e-01,
       8.77498108e+02, 4.62668457e+02, 6.97580218e-01, 8.54081421e+02,
       5.18536316e+02, 6.87237918e-01, 8.53982971e+02, 3.41937988e+02,
       1.26130879e-01, 8.51056335e+02, 2.50651825e+02, 1.33108988e-01,
       8.92323669e+02, 4.18442780e+02, 5.08010864e-01, 1.02771606e+03,
       3.86018646e+02, 6.33283436e-01, 1.13074768e+03, 3.53654541e+02,
       2.71695137e-01, 1.12780615e+03, 4.65552368e+02, 5.49307525e-01,
       1.12483594e+03, 5.18505127e+02, 5.38584411e-01, 1.37502075e+03,
       5.92117188e+02, 7.06848085e-01, 1.54568835e+03, 6.65690979e+02,
       6.58958197e-01, 1.12487622e+03, 4.12549286e+02, 5.58613956e-01,
       1.30444946e+03, 2.91949799e+02, 5.29511631e-01, 1.49565833e+03,
       2.09439621e+02, 3.84283781e-01, 7.62835632e+02, 4.53796356e+02,
       8.40293884e-01, 7.68784912e+02, 4.15531250e+02, 8.03857088e-01,
       7.74545837e+02, 4.86152527e+02, 6.25921547e-01, 8.06874695e+02,
       4.09552460e+02, 3.98856461e-01, 1.51921704e+03, 2.00639679e+02,
       1.52435705e-01, 1.51634192e+03, 1.97672501e+02, 1.73992276e-01,
       1.51327539e+03, 2.00556015e+02, 3.43075663e-01, 1.60755176e+03,
       6.30382568e+02, 6.84862971e-01, 1.60160278e+03, 6.47940979e+02,
       6.36016130e-01, 1.56331262e+03, 6.80382080e+02, 4.30166334e-01 ]
