%YAML:1.0
---
pose_0: !!opencv-matrix
   rows: 1
   cols: 25
   dt: "3f"
   data: [ 7.98150879e+02, 4.09596771e+02, 8.27787876e-01,
       9.01110962e+02, 3.91897339e+02, 7.12973356e-01, 8.95193115e+02,
       4.59587433e+02, 7.81658769e-01, 9.95255920e+02, 4.39016907e+02,
       7.98589349e-01, 9.01147583e+02, 3.41962433e+02, 8.22363257e-01,
       9.06955872e+02, 3.15460052e+02, 6.09131098e-01, 1.03646851e+03,
       2.50657059e+02, 7.39480495e-01, 9.45270508e+02, 2.44925888e+02,
       7.74064898e-01, 1.14551074e+03, 4.18427124e+02, 6.18706882e-01,
       1.13656494e+03, 4.62695862e+02, 6.51979685e-01, 1.32797839e+03,
       5.68532776e+02, 7.51839340e-01, 1.48981250e+03, 6.48099609e+02,
       5.57226777e-01, 1.16302393e+03, 3.65519348e+02, 6.17795765e-01,
       1.37799304e+03, 3.68361389e+02, 6.26515150e-01, 1.56339331e+03,
       3.83101898e+02, 6.44524097e-01, 7.86310669e+02, 4.18431580e+02,
       7.76846051e-01, 7.86350037e+02, 3.86151550e+02, 8.53554487e-01,
       8.09935730e+02, 4.36134155e+02, 1.20827489e-01, 8.12771545e+02,
       3.50745544e+02, 5.55640697e-01, 1.62222400e+03, 3.65431915e+02,
       5.06414533e-01, 1.61349207e+03, 3.59593201e+02, 5.42863369e-01,
       1.58687219e+03, 3.85961700e+02, 3.42412919e-01, 1.49571631e+03,
       6.53887207e+02, 1.49652943e-01, 1.50158728e+03, 6.53929443e+02,
       1.80151165e-01, 1.52218066e+03, 6.65689636e+02, 3.42287481e-01 ]
