%YAML:1.0
---
pose_0: !!opencv-matrix
   rows: 1
   cols: 25
   dt: "3f"
   data: [ 7.33357849e+02, 5.03755768e+02, 8.68508816e-01,
       8.56877197e+02, 5.30412659e+02, 7.49840558e-01, 8.56843628e+02,
       6.12643250e+02, 6.76478982e-01, 9.86487427e+02, 6.48147583e+02,
       7.72335887e-01, 1.11587976e+03, 6.74547424e+02, 8.35885406e-01,
       8.56855408e+02, 4.59758514e+02, 7.00662076e-01, 1.00121832e+03,
       4.21386505e+02, 8.41246784e-01, 9.07120483e+02, 4.09699585e+02,
       8.93921256e-01, 1.11013733e+03, 5.30199829e+02, 6.19749784e-01,
       1.10418689e+03, 5.74510010e+02, 6.24189615e-01, 1.30728674e+03,
       5.71467468e+02, 2.89886475e-01, 1.54870593e+03, 5.68546082e+02,
       6.00009739e-01, 1.11010400e+03, 4.80247345e+02, 6.32923663e-01,
       1.29847461e+03, 4.80234650e+02, 6.70466781e-01, 1.58398657e+03,
       4.80145081e+02, 5.62207699e-01, 7.15758301e+02, 5.18507385e+02,
       8.40406954e-01, 7.21558472e+02, 4.83087494e+02, 8.74165535e-01,
       7.36262329e+02, 5.50920532e+02, 6.92310989e-01, 7.45240906e+02,
       4.59802460e+02, 5.94699502e-01, 1.68698425e+03, 4.42037811e+02,
       1.84814662e-01, 1.68402893e+03, 4.39032715e+02, 1.94633245e-01,
       1.60746912e+03, 5.03829193e+02, 3.12625408e-01, 1.61934729e+03,
       5.74457825e+02, 2.13009834e-01, 1.61037183e+03, 5.83325439e+02,
       2.24416763e-01, 1.57809363e+03, 5.53883545e+02, 3.72732222e-01 ]
