%YAML:1.0
---
pose_0: !!opencv-matrix
   rows: 1
   cols: 25
   dt: "3f"
   data: [ 7.30437805e+02, 5.33204712e+02, 7.62835741e-01,
       8.15773743e+02, 4.77219757e+02, 5.83819449e-01, 8.09874207e+02,
       4.68447845e+02, 4.10314143e-01, 0., 0., 0., 0., 0., 0.,
       8.30507324e+02, 4.80231140e+02, 7.62215674e-01, 9.74659119e+02,
       4.89119598e+02, 8.07422042e-01, 1.00120898e+03, 6.15643372e+02,
       5.74848652e-01, 1.10127185e+03, 4.36158752e+02, 3.84603262e-01,
       1.08952319e+03, 4.50829468e+02, 2.13476658e-01, 1.35139453e+03,
       5.12659424e+02, 5.27134240e-01, 1.60457312e+03, 4.24343994e+02,
       4.55051273e-01, 1.10713464e+03, 4.33138977e+02, 3.40875924e-01,
       1.34853284e+03, 5.30331848e+02, 4.84646827e-01, 1.61640771e+03,
       4.24293427e+02, 1.73219681e-01, 0., 0., 0., 7.18780151e+02,
       5.21470642e+02, 7.68160343e-01, 0., 0., 0., 7.42203613e+02,
       4.83100616e+02, 6.66243851e-01, 1.68109302e+03, 3.74288605e+02,
       2.17149034e-01, 1.68100854e+03, 3.74309570e+02, 1.71190560e-01,
       1.65754883e+03, 4.27274384e+02, 1.14854030e-01, 1.67228662e+03,
       3.74298248e+02, 4.01188672e-01, 1.66635181e+03, 3.86092865e+02,
       3.31975490e-01, 1.61044775e+03, 3.97854675e+02, 1.48842365e-01 ]
