%YAML:1.0
---
pose_0: !!opencv-matrix
   rows: 1
   cols: 25
   dt: "3f"
   data: [ 5.03755585e+02, 5.30204163e+02, 8.19694817e-01,
       6.45154114e+02, 5.27380371e+02, 6.25294924e-01, 6.51007751e+02,
       5.95018616e+02, 4.47845459e-01, 7.06897217e+02, 6.95086792e+02,
       7.06639409e-01, 4.77233490e+02, 6.30303894e+02, 6.96986079e-01,
       6.42150879e+02, 4.50808716e+02, 4.63893056e-01, 7.15602722e+02,
       3.71410400e+02, 6.51587486e-01, 4.62682556e+02, 3.59547699e+02,
       6.80447698e-01, 1.01593243e+03, 5.27350220e+02, 4.76893067e-01,
       1.00113605e+03, 5.97879456e+02, 4.83684152e-01, 1.32791931e+03,
       6.39197815e+02, 4.63249087e-01, 1.72226965e+03, 6.92041199e+02,
       4.47043777e-01, 1.01590845e+03, 4.56718811e+02, 4.53336716e-01,
       1.31906177e+03, 4.59658417e+02, 3.73737693e-01, 1.71351465e+03,
       4.80254761e+02, 3.00181895e-01, 4.80341919e+02, 5.50888916e+02,
       8.24555755e-01, 4.83259033e+02, 5.03808136e+02, 8.30676913e-01,
       4.83207184e+02, 5.92128357e+02, 2.58401483e-01, 5.15598999e+02,
       4.74296051e+02, 5.21160841e-01, 1.84591101e+03, 4.56642944e+02,
       1.32862717e-01, 1.84586646e+03, 4.56722260e+02, 1.45062834e-01,
       1.77528064e+03, 5.06829254e+02, 1.41805843e-01, 1.79295349e+03,
       6.50975159e+02, 1.29671872e-01, 0., 0., 0., 1.73703223e+03,
       6.89213745e+02, 2.79396653e-01 ]
