%YAML:1.0
---
pose_0: !!opencv-matrix
   rows: 1
   cols: 25
   dt: "3f"
   data: [ 6.86328796e+02, 3.41935730e+02, 8.42911839e-01,
       8.09874207e+02, 3.41927490e+02, 7.97686338e-01, 8.12787109e+02,
       4.33145721e+02, 7.95765400e-01, 9.24637939e+02, 4.86249054e+02,
       7.96688259e-01, 1.00113165e+03, 5.03912506e+02, 8.86157870e-01,
       8.09942444e+02, 2.47732361e+02, 7.01179922e-01, 9.48261902e+02,
       2.00768616e+02, 8.22760284e-01, 1.03651770e+03, 1.76989197e+02,
       8.58417571e-01, 1.07477686e+03, 3.50720764e+02, 5.53382039e-01,
       1.07187537e+03, 3.97880310e+02, 5.88565469e-01, 1.28383679e+03,
       4.18431885e+02, 7.17301965e-01, 1.51927917e+03, 4.24359283e+02,
       5.59425116e-01, 1.07773108e+03, 2.94847656e+02, 5.59731424e-01,
       1.31324243e+03, 2.85994720e+02, 5.29174447e-01, 1.56334009e+03,
       2.94841797e+02, 5.67657650e-01, 6.71552795e+02, 3.62393433e+02,
       7.87738800e-01, 6.71552979e+02, 3.21384033e+02, 8.00534487e-01,
       6.92211731e+02, 3.83156006e+02, 2.85395026e-01, 6.95032043e+02,
       2.91866394e+02, 5.23778677e-01, 1.63398340e+03, 2.71347504e+02,
       5.78468680e-01, 1.63097693e+03, 2.68409821e+02, 6.06978416e-01,
       1.59278650e+03, 3.12468201e+02, 2.44312063e-01, 1.60748193e+03,
       4.09621796e+02, 2.92590797e-01, 1.58983838e+03, 4.24278381e+02,
       2.69489348e-01, 1.54862817e+03, 4.12624786e+02, 2.72738636e-01 ]
