%YAML:1.0
---
pose_0: !!opencv-matrix
   rows: 1
   cols: 25
   dt: "3f"
   data: [ 7.45147644e+02, 5.06874756e+02, 8.40110123e-01,
       8.60029663e+02, 5.33220703e+02, 7.66168177e-01, 8.57037903e+02,
       6.03873901e+02, 7.45780349e-01, 9.80606079e+02, 6.45020691e+02,
       7.85528958e-01, 1.11881726e+03, 6.74587708e+02, 8.51620793e-01,
       8.65842163e+02, 4.68517731e+02, 6.71731114e-01, 1.00118384e+03,
       4.33215179e+02, 8.42330813e-01, 1.12191919e+03, 3.88882324e+02,
       8.36558878e-01, 1.11309253e+03, 5.36128235e+02, 5.90953290e-01,
       1.10719043e+03, 5.80268433e+02, 6.09607041e-01, 1.28967285e+03,
       5.74364868e+02, 3.94430339e-01, 1.52807568e+03, 5.65560852e+02,
       5.09081364e-01, 1.11298901e+03, 4.83195282e+02, 6.26955450e-01,
       1.29849536e+03, 4.89086945e+02, 7.07370102e-01, 1.55456409e+03,
       4.89134064e+02, 4.35118973e-01, 7.33296509e+02, 5.27412170e+02,
       8.30216646e-01, 7.36323730e+02, 4.92078461e+02, 8.20982754e-01,
       7.42343994e+02, 5.53948669e+02, 6.38339102e-01, 7.59902893e+02,
       4.77210449e+02, 5.84166884e-01, 1.63107019e+03, 4.41983276e+02,
       4.17995244e-01, 1.62512903e+03, 4.42021057e+02, 4.27698433e-01,
       1.56926453e+03, 5.03768127e+02, 2.58123815e-01, 1.61343201e+03,
       5.80350403e+02, 2.68560141e-01, 1.60459216e+03, 5.86225220e+02,
       2.36340836e-01, 1.55744971e+03, 5.53935242e+02, 2.48522997e-01 ]
