%YAML:1.0
---
pose_0: !!opencv-matrix
   rows: 1
   cols: 25
   dt: "3f"
   data: [ 7.39321777e+02, 4.74353210e+02, 8.60083222e-01,
       8.39364563e+02, 4.59697327e+02, 6.71173513e-01, 8.36379272e+02,
       5.21384827e+02, 6.66228175e-01, 9.77613953e+02, 5.42046814e+02,
       4.48580950e-01, 9.98278137e+02, 5.36200500e+02, 1.14026889e-01,
       8.39346619e+02, 4.09591156e+02, 5.83711207e-01, 9.65886902e+02,
       3.62456879e+02, 6.93045497e-01, 1.06885315e+03, 3.65546783e+02,
       8.22055638e-01, 1.11307544e+03, 4.56718750e+02, 5.92359185e-01,
       1.11010486e+03, 5.03674072e+02, 5.85665464e-01, 1.31321863e+03,
       5.47879761e+02, 6.82617843e-01, 1.60161011e+03, 6.00928772e+02,
       5.68661511e-01, 1.11603308e+03, 4.09569214e+02, 5.88179588e-01,
       1.32779004e+03, 4.35999023e+02, 6.92641616e-01, 1.58698340e+03,
       4.15581451e+02, 6.24244750e-01, 7.21630615e+02, 4.83294617e+02,
       8.02914977e-01, 7.27467224e+02, 4.53815063e+02, 8.36020172e-01,
       7.42253601e+02, 5.03826111e+02, 2.32494205e-01, 7.48083679e+02,
       4.21402893e+02, 6.01789951e-01, 1.64577026e+03, 3.65445587e+02,
       4.38578427e-01, 1.63990332e+03, 3.68362976e+02, 4.46281642e-01,
       1.63406873e+03, 4.30203796e+02, 2.26959869e-01, 1.69287500e+03,
       6.65591919e+02, 3.21155936e-01, 1.68994666e+03, 6.59796265e+02,
       3.19729567e-01, 1.64282947e+03, 5.86241333e+02, 3.56896818e-01 ]
