%YAML:1.0
---
pose_0: !!opencv-matrix
   rows: 1
   cols: 25
   dt: "3f"
   data: [ 7.56895386e+02, 5.03685089e+02, 8.25686038e-01,
       8.54018311e+02, 4.77219727e+02, 5.17563701e-01, 8.60008118e+02,
       5.30199341e+02, 4.49663550e-01, 9.92394409e+02, 5.74514465e+02,
       5.47767043e-01, 1.11012598e+03, 6.24455688e+02, 6.95490122e-01,
       8.59878113e+02, 4.18488434e+02, 4.55085456e-01, 9.80668579e+02,
       3.88944763e+02, 7.85960913e-01, 1.10132495e+03, 3.88938751e+02,
       7.44286954e-01, 1.13069470e+03, 5.15592163e+02, 5.46972930e-01,
       1.12485095e+03, 5.59775757e+02, 5.62228441e-01, 1.32782446e+03,
       6.21595459e+02, 7.99686909e-01, 1.53986816e+03, 6.77436707e+02,
       6.59523249e-01, 1.13360938e+03, 4.62647217e+02, 5.09041011e-01,
       1.32790295e+03, 4.50817474e+02, 5.40857434e-01, 1.56038184e+03,
       4.53790924e+02, 5.83496213e-01, 7.42119934e+02, 5.06847534e+02,
       8.10010076e-01, 7.42257751e+02, 4.83165466e+02, 8.25591326e-01,
       7.56949646e+02, 5.21521362e+02, 6.33662343e-02, 7.53978455e+02,
       4.44951050e+02, 5.43266177e-01, 1.63399854e+03, 4.24279083e+02,
       3.31777483e-01, 1.62811328e+03, 4.18508850e+02, 3.56026769e-01,
       1.59864441e+03, 4.53771118e+02, 2.38882154e-01, 1.62518005e+03,
       6.62681824e+02, 6.08009040e-01, 1.61331665e+03, 6.71647827e+02,
       5.54203570e-01, 1.55455383e+03, 6.95086975e+02, 4.16285336e-01 ]
