%YAML:1.0
---
pose_0: !!opencv-matrix
   rows: 1
   cols: 25
   dt: "3f"
   data: [ 7.68686890e+02, 5.36225891e+02, 8.23894978e-01,
       8.62949524e+02, 5.50931091e+02, 7.19434798e-01, 8.59958801e+02,
       5.97968994e+02, 6.25768304e-01, 1.02466589e+03, 6.45142761e+02,
       5.26716828e-01, 9.59998291e+02, 6.98002075e+02, 7.16413736e-01,
       8.77544922e+02, 5.00847382e+02, 6.53310239e-01, 9.57103699e+02,
       4.50828339e+02, 4.60768342e-01, 1.02172302e+03, 4.36085114e+02,
       7.04449296e-01, 1.15427051e+03, 5.53743469e+02, 5.84174871e-01,
       1.14837988e+03, 5.98025696e+02, 6.01252794e-01, 1.33092529e+03,
       6.36219055e+02, 5.68349302e-01, 1.51632178e+03, 6.21579773e+02,
       6.25588417e-01, 1.16304041e+03, 5.03756683e+02, 6.09745026e-01,
       1.35151599e+03, 4.86160309e+02, 6.62781835e-01, 1.53389111e+03,
       4.18412567e+02, 5.97572923e-01, 7.54019897e+02, 5.50736145e+02,
       7.60080576e-01, 7.65841492e+02, 5.24384155e+02, 8.72233033e-01,
       7.65788269e+02, 5.74456299e+02, 4.46259022e-01, 8.01093750e+02,
       5.06696838e+02, 6.29883647e-01, 1.60745911e+03, 4.09535797e+02,
       4.31044400e-01, 1.59868005e+03, 3.97845032e+02, 4.31425333e-01,
       1.55747864e+03, 4.06632477e+02, 2.23252296e-01, 1.57216492e+03,
       6.71515747e+02, 5.62461197e-01, 1.56628284e+03, 6.68637207e+02,
       5.29430509e-01, 1.54273450e+03, 6.00949341e+02, 4.90729123e-01 ]
