%YAML:1.0
---
pose_0: !!opencv-matrix
   rows: 1
   cols: 25
   dt: "3f"
   data: [ 6.95049194e+02, 4.80275116e+02, 8.23231399e-01,
       8.12923157e+02, 4.86163574e+02, 5.96045077e-01, 7.71649170e+02,
       5.53805969e+02, 4.13238347e-01, 6.59780334e+02, 5.27379456e+02,
       3.71377468e-01, 6.48042175e+02, 4.94931061e+02, 2.20497802e-01,
       8.36345764e+02, 4.30145233e+02, 5.29820800e-01, 9.83499878e+02,
       3.47757690e+02, 6.50123358e-01, 1.13656616e+03, 2.68226471e+02,
       7.63951480e-01, 1.13945959e+03, 4.74362091e+02, 4.93814886e-01,
       1.13067957e+03, 5.27339233e+02, 5.19729137e-01, 1.35445410e+03,
       5.53929504e+02, 6.62989557e-01, 1.61928027e+03, 6.06830688e+02,
       5.40763795e-01, 1.13956946e+03, 4.12536530e+02, 4.79598492e-01,
       1.37209460e+03, 4.12654907e+02, 6.61323011e-01, 1.58695618e+03,
       4.09716858e+02, 5.46049595e-01, 6.74468201e+02, 4.92041656e+02,
       6.90335631e-01, 6.83327698e+02, 4.59666962e+02, 7.71897852e-01,
       6.95087891e+02, 5.09748810e+02, 2.70539403e-01, 7.12805298e+02,
       4.36071259e+02, 4.49511498e-01, 1.65762427e+03, 3.71373077e+02,
       4.81280416e-01, 1.65457166e+03, 3.71325745e+02, 5.05078435e-01,
       1.62512610e+03, 4.15456116e+02, 2.74157137e-01, 1.72821924e+03,
       6.15662231e+02, 2.52471894e-01, 1.71640186e+03, 6.27395691e+02,
       2.51224548e-01, 1.63689697e+03, 5.97951782e+02, 2.92800784e-01 ]
