%YAML:1.0
---
pose_0: !!opencv-matrix
   rows: 1
   cols: 25
   dt: "3f"
   data: [ 7.39114136e+02, 3.89096283e+02, 8.61269653e-01,
       8.62899231e+02, 4.09636627e+02, 7.28823900e-01, 8.59863831e+02,
       4.86171906e+02, 7.78123379e-01, 9.74824280e+02, 5.36213928e+02,
       8.11776161e-01, 1.04835693e+03, 5.97820618e+02, 8.99558663e-01,
       8.62831421e+02, 3.30108521e+02, 5.54391563e-01, 9.92327942e+02,
       3.12460541e+02, 5.06406963e-01, 1.04542517e+03, 2.74170593e+02,
       7.71177590e-01, 1.13072021e+03, 4.15499664e+02, 5.26197851e-01,
       1.12193188e+03, 4.62688629e+02, 5.37221014e-01, 1.34556702e+03,
       4.80133148e+02, 6.46433115e-01, 1.54866052e+03, 5.33308594e+02,
       5.68542540e-01, 1.12777905e+03, 3.62500488e+02, 5.01663208e-01,
       1.32201978e+03, 3.27155243e+02, 6.22084439e-01, 1.57218103e+03,
       2.94822937e+02, 5.67221522e-01, 7.21686462e+02, 4.09590302e+02,
       7.50139356e-01, 7.21632690e+02, 3.71383240e+02, 7.82781422e-01,
       7.42105530e+02, 4.33178009e+02, 5.55276930e-01, 7.56914246e+02,
       3.44965759e+02, 4.80304062e-01, 1.64279675e+03, 2.68229309e+02,
       5.09225190e-01, 1.63700537e+03, 2.65366394e+02, 5.29734850e-01,
       1.61041833e+03, 3.03674438e+02, 2.25998968e-01, 1.61346362e+03,
       5.47901489e+02, 2.56719768e-01, 1.61046436e+03, 5.56789001e+02,
       2.39835739e-01, 1.58693030e+03, 5.30253723e+02, 3.31262052e-01 ]
