%YAML:1.0
---
pose_0: !!opencv-matrix
   rows: 1
   cols: 25
   dt: "3f"
   data: [ 7.77508850e+02, 4.09714722e+02, 8.68053675e-01,
       8.98239380e+02, 4.36141968e+02, 7.78296351e-01, 8.80651611e+02,
       5.12588806e+02, 7.81442761e-01, 9.83580933e+02, 6.01078308e+02,
       8.36177051e-01, 1.08366077e+03, 6.24355103e+02, 7.64560223e-01,
       9.10020203e+02, 3.59498657e+02, 6.38624609e-01, 1.05708447e+03,
       3.27241608e+02, 7.48703599e-01, 1.18072351e+03, 2.88868713e+02,
       7.72357821e-01, 1.15719324e+03, 4.80263916e+02, 6.03861094e-01,
       1.14256702e+03, 5.27399963e+02, 5.99692225e-01, 1.35149377e+03,
       5.50954468e+02, 7.09343910e-01, 1.56633911e+03, 5.92055420e+02,
       5.95690429e-01, 1.16600305e+03, 4.30179108e+02, 5.93498468e-01,
       1.36613379e+03, 3.65496277e+02, 6.13971531e-01, 1.56336890e+03,
       3.06637787e+02, 4.55899507e-01, 7.62786743e+02, 4.33016815e+02,
       8.13785911e-01, 7.65717957e+02, 3.94843079e+02, 8.22666764e-01,
       7.80440063e+02, 4.59612885e+02, 6.82924330e-01, 7.92251404e+02,
       3.80126678e+02, 3.69344175e-01, 1.64581580e+03, 2.71223267e+02,
       2.43568495e-01, 1.63994141e+03, 2.68411346e+02, 2.68032104e-01,
       1.62513330e+03, 3.06622833e+02, 1.92452297e-01, 1.61338818e+03,
       6.00938477e+02, 2.44448006e-01, 1.61052625e+03, 6.06842834e+02,
       2.54347503e-01, 1.60748950e+03, 5.77455688e+02, 4.92449373e-01 ]
