%YAML:1.0
---
pose_0: !!opencv-matrix
   rows: 1
   cols: 25
   dt: "3f"
   data: [ 0., 0., 0., 9.71747986e+02, 5.47947815e+02, 1.90315396e-01,
       9.71762756e+02, 4.89115875e+02, 1.10557988e-01, 1.00127368e+03,
       4.80178802e+02, 2.73332298e-01, 1.12772144e+03, 4.30218903e+02,
       3.90731096e-01, 9.21753967e+02, 5.53809265e+02, 1.42328441e-01,
       8.33436707e+02, 4.89136780e+02, 2.81448901e-01, 9.45228455e+02,
       4.74320282e+02, 6.37345240e-02, 1.18659863e+03, 4.92048645e+02,
       2.45434433e-01, 1.18660803e+03, 5.03796967e+02, 2.31730878e-01,
       1.37785132e+03, 4.53774689e+02, 7.47550249e-01, 1.59278162e+03,
       6.47960876e+02, 5.75736582e-01, 1.18664807e+03, 4.80239685e+02,
       2.27144346e-01, 1.38676062e+03, 4.36141022e+02, 3.96743357e-01,
       1.56330347e+03, 5.06641663e+02, 4.28336978e-01, 0., 0., 0., 0.,
       0., 0., 0., 0., 0., 0., 0., 0., 1.59579382e+03, 4.59678528e+02,
       1.70805365e-01, 1.59282031e+03, 4.59726654e+02, 1.92730457e-01,
       1.57223047e+03, 5.18513733e+02, 2.63639808e-01, 1.64873364e+03,
       6.50989502e+02, 4.06317770e-01, 1.63107495e+03, 6.71507385e+02,
       4.53335166e-01, 1.59872327e+03, 6.68679565e+02, 3.27576727e-01 ]
