%YAML:1.0
---
pose_0: !!opencv-matrix
   rows: 1
   cols: 25
   dt: "3f"
   data: [ 6.95055847e+02, 5.33212708e+02, 8.76873314e-01,
       8.15827820e+02, 5.27307800e+02, 7.23010302e-01, 8.33370361e+02,
       5.97963257e+02, 5.62087059e-01, 9.77693542e+02, 6.48127319e+02,
       8.18336368e-01, 8.42225647e+02, 6.15642822e+02, 6.89144135e-01,
       8.12879883e+02, 4.53782196e+02, 6.68782532e-01, 9.39371704e+02,
       3.86170197e+02, 7.79801369e-01, 1.04524438e+03, 3.89160156e+02,
       7.97279000e-01, 1.10714600e+03, 5.68491272e+02, 5.51959395e-01,
       1.09545068e+03, 6.18578308e+02, 5.97962081e-01, 1.33082996e+03,
       6.71578125e+02, 3.25421989e-01, 1.59279956e+03, 6.01019409e+02,
       1.48088485e-01, 1.11308203e+03, 5.03863281e+02, 5.54943204e-01,
       1.36025500e+03, 5.74349426e+02, 5.49087882e-01, 1.66343958e+03,
       5.47889221e+02, 4.80084538e-01, 6.80436340e+02, 5.53764404e+02,
       8.09679985e-01, 6.80429810e+02, 5.15584534e+02, 7.73543060e-01,
       6.98047119e+02, 5.77379089e+02, 2.24335432e-01, 7.09769165e+02,
       4.83231232e+02, 4.60790902e-01, 1.73704028e+03, 4.89072754e+02,
       3.12739551e-01, 1.73702393e+03, 4.89148285e+02, 2.87873864e-01,
       1.69874817e+03, 5.86192566e+02, 2.23322421e-01, 0., 0., 0., 0.,
       0., 0., 1.60163416e+03, 6.00909607e+02, 9.51662362e-02 ]
