%YAML:1.0
---
pose_0: !!opencv-matrix
   rows: 1
   cols: 25
   dt: "3f"
   data: [ 8.09865479e+02, 5.27290222e+02, 4.59842920e-01,
       9.03969849e+02, 4.47864136e+02, 5.11406600e-01, 9.03993225e+02,
       4.36100067e+02, 3.13831300e-01, 1.04832373e+03, 4.80159454e+02,
       5.17751426e-02, 0., 0., 0., 9.10028748e+02, 4.59547485e+02,
       7.15468585e-01, 1.05120850e+03, 4.80192108e+02, 8.01519215e-01,
       1.18966614e+03, 4.97852203e+02, 8.07823718e-01, 1.16305078e+03,
       3.83113617e+02, 5.71334124e-01, 1.18663721e+03, 3.44920410e+02,
       5.06699681e-01, 1.38090198e+03, 5.06656708e+02, 7.49028087e-01,
       1.56926978e+03, 3.88907349e+02, 7.85597444e-01, 1.14250732e+03,
       4.15472015e+02, 4.59020227e-01, 1.37205798e+03, 5.39075012e+02,
       6.63260639e-01, 1.63702417e+03, 4.24302704e+02, 6.47991657e-01,
       7.89325134e+02, 5.18478882e+02, 7.42372349e-02, 7.98147461e+02,
       5.06769440e+02, 4.16087955e-01, 0., 0., 0., 8.21664063e+02,
       4.65526428e+02, 4.37718719e-01, 1.68406714e+03, 3.71315796e+02,
       3.65338862e-01, 1.68107288e+03, 3.77228058e+02, 3.54473978e-01,
       1.64872510e+03, 4.12538269e+02, 2.71282881e-01, 1.66338086e+03,
       3.65462860e+02, 2.01155841e-01, 0., 0., 0., 1.58980823e+03,
       3.65477234e+02, 5.76572359e-01 ]
