%YAML:1.0
---
pose_0: !!opencv-matrix
   rows: 1
   cols: 25
   dt: "3f"
   data: [ 7.89339355e+02, 4.00784729e+02, 8.25807154e-01,
       8.83453796e+02, 3.65463501e+02, 7.70325780e-01, 8.65872681e+02,
       4.33021179e+02, 7.86719382e-01, 9.62923523e+02, 3.65421234e+02,
       7.00841367e-01, 9.04033813e+02, 2.50680817e+02, 7.13349938e-01,
       9.04111877e+02, 2.97814972e+02, 4.14426476e-01, 1.00135205e+03,
       2.15285614e+02, 7.38420486e-01, 9.04084229e+02, 1.71233154e+02,
       7.73598135e-01, 1.11903992e+03, 4.33134979e+02, 6.76843226e-01,
       1.10129016e+03, 4.80199463e+02, 6.40392780e-01, 1.29845105e+03,
       5.95080444e+02, 7.43540406e-01, 1.48680359e+03, 6.71463928e+02,
       6.91068590e-01, 1.14257678e+03, 3.86068695e+02, 6.36358023e-01,
       1.33671484e+03, 3.80119476e+02, 7.24230886e-01, 1.55746423e+03,
       3.91936646e+02, 4.30857450e-01, 7.80477783e+02, 4.09601990e+02,
       7.24501967e-01, 7.80490540e+02, 3.85966553e+02, 7.76522040e-01,
       8.09845276e+02, 4.12617584e+02, 8.41706246e-02, 7.86396912e+02,
       3.44863861e+02, 5.80395281e-01, 1.62518616e+03, 3.65413208e+02,
       2.66967416e-01, 1.61634082e+03, 3.62579681e+02, 3.14111501e-01,
       1.60749500e+03, 3.94891663e+02, 2.68826067e-01, 1.54571704e+03,
       6.48003784e+02, 2.52395183e-01, 1.53689063e+03, 6.74521118e+02,
       2.41537824e-01, 1.50454028e+03, 6.86237488e+02, 3.79464030e-01 ]
