%YAML:1.0
---
pose_0: !!opencv-matrix
   rows: 1
   cols: 25
   dt: "3f"
   data: [ 6.77429749e+02, 5.27297546e+02, 8.38416696e-01,
       8.09900513e+02, 5.56721680e+02, 7.22842157e-01, 8.06921753e+02,
       6.33275818e+02, 6.52071774e-01, 9.42343079e+02, 6.74596313e+02,
       7.28086412e-01, 1.03652637e+03, 6.15664246e+02, 7.31982470e-01,
       8.18732361e+02, 4.83237854e+02, 3.89314204e-01, 9.03997253e+02,
       4.80254730e+02, 6.17819950e-02, 9.04050964e+02, 4.86123291e+02,
       6.17349595e-02, 1.09537720e+03, 5.74325745e+02, 5.54000437e-01,
       1.09242102e+03, 6.24472229e+02, 5.26730359e-01, 1.32790991e+03,
       6.30343811e+02, 6.38294697e-01, 1.57516394e+03, 6.56803406e+02,
       4.96423185e-01, 1.10125867e+03, 5.12590088e+02, 5.53268075e-01,
       1.32498657e+03, 5.06633667e+02, 5.70231318e-01, 1.52514368e+03,
       5.45023010e+02, 3.75840157e-01, 6.65716248e+02, 5.47869751e+02,
       7.90762722e-01, 6.71459900e+02, 5.06847321e+02, 8.39877009e-01,
       6.83339844e+02, 5.74538879e+02, 5.80451369e-01, 7.00979126e+02,
       4.92002991e+02, 4.37951207e-01, 1.63394080e+03, 5.06815887e+02,
       4.34883803e-01, 1.62812524e+03, 5.06642120e+02, 4.50899929e-01,
       1.54869861e+03, 5.77344727e+02, 2.66172439e-01, 1.65751624e+03,
       6.33309998e+02, 5.88252306e-01, 1.65164954e+03, 6.47947754e+02,
       5.03803492e-01, 1.62516138e+03, 6.77472229e+02, 2.13344693e-01 ]
