%YAML:1.0
---
pose_0: !!opencv-matrix
   rows: 2
   cols: 25
   dt: "3f"
   data: [ 0., 0., 0., 6.68682129e+02, 6.50942383e+02, 1.13829158e-01,
       6.68553772e+02, 7.51066956e+02, 4.08727020e-01, 8.57078613e+02,
       8.42300598e+02, 7.23706067e-01, 6.80383362e+02, 8.60009521e+02,
       6.67484760e-01, 0., 0., 0., 0., 0., 0., 0., 0., 0.,
       1.07476941e+03, 5.30327454e+02, 1.83260694e-01, 1.07481580e+03,
       6.33287292e+02, 1.10809200e-01, 1.40145117e+03, 6.68594788e+02,
       2.02221885e-01, 1.74585730e+03, 6.74557922e+02, 1.37136593e-01,
       1.07183765e+03, 4.83173126e+02, 2.63406634e-01, 1.32786987e+03,
       3.83085571e+02, 1.14115626e-01, 1.41324414e+03, 3.41821136e+02,
       1.33518383e-01, 0., 0., 0., 0., 0., 0., 0., 0., 0., 0., 0., 0.,
       1.54281897e+03, 3.36082001e+02, 5.78271002e-02, 0., 0., 0.,
       1.43684680e+03, 3.59594360e+02, 6.67825192e-02, 0., 0., 0., 0.,
       0., 0., 1.75470374e+03, 6.77407898e+02, 1.10808633e-01,
       5.18526794e+02, 5.50813293e+02, 6.07210219e-01, 5.86245483e+02,
       5.94994141e+02, 2.16390312e-01, 5.68564087e+02, 6.24479553e+02,
       1.04090534e-01, 0., 0., 0., 0., 0., 0., 6.36247131e+02,
       5.33286926e+02, 2.99734592e-01, 8.18676636e+02, 5.06855194e+02,
       5.11950374e-01, 6.15573181e+02, 6.03812378e+02, 6.40369713e-01,
       0., 0., 0., 0., 0., 0., 0., 0., 0., 0., 0., 0., 0., 0., 0., 0.,
       0., 0., 0., 0., 0., 4.89045532e+02, 5.74322754e+02,
       6.02886975e-01, 5.06677826e+02, 5.27430481e+02, 6.84560776e-01,
       5.06828857e+02, 6.18590271e+02, 3.36003512e-01, 5.33292664e+02,
       5.06720703e+02, 2.01577872e-01, 0., 0., 0., 0., 0., 0., 0., 0.,
       0., 0., 0., 0., 0., 0., 0., 0., 0., 0. ]
