%YAML:1.0
---
pose_0: !!opencv-matrix
   rows: 1
   cols: 25
   dt: "3f"
   data: [ 7.48130615e+02, 5.27199585e+02, 7.41184115e-01,
       8.51112488e+02, 4.56772644e+02, 4.05116498e-01, 8.62837524e+02,
       5.27351807e+02, 4.06782597e-01, 9.98169250e+02, 5.83309814e+02,
       4.53475267e-01, 1.08954944e+03, 6.53884521e+02, 5.08765280e-01,
       8.06963257e+02, 3.92012085e+02, 2.95075268e-01, 7.01012085e+02,
       4.12505859e+02, 3.40575695e-01, 5.94967712e+02, 4.33089447e+02,
       4.41384494e-01, 1.10124670e+03, 5.00842438e+02, 5.23126423e-01,
       1.10128040e+03, 5.47875610e+02, 5.29988945e-01, 1.33087769e+03,
       6.24451294e+02, 6.56040192e-01, 1.53389539e+03, 6.92093567e+02,
       5.30828834e-01, 1.09841370e+03, 4.50806976e+02, 5.48299015e-01,
       1.28080371e+03, 4.06662018e+02, 1.12792760e-01, 1.37207214e+03,
       3.59601013e+02, 3.57691675e-01, 7.36367310e+02, 5.27350952e+02,
       1.37620106e-01, 7.42151855e+02, 5.06827209e+02, 7.62665331e-01,
       0., 0., 0., 7.48075989e+02, 4.62668549e+02, 4.98706192e-01,
       1.47213757e+03, 3.15434631e+02, 1.91689938e-01, 1.46623071e+03,
       3.09519806e+02, 1.94350883e-01, 0., 0., 0., 1.58990381e+03,
       6.86272400e+02, 2.45110765e-01, 1.59277429e+03, 7.03971741e+02,
       2.19821393e-01, 1.56341345e+03, 7.03934082e+02, 3.24327737e-01 ]
