%YAML:1.0
---
pose_0: !!opencv-matrix
   rows: 1
   cols: 25
   dt: "3f"
   data: [ 7.06872986e+02, 5.33270569e+02, 7.58232713e-01,
       8.01079712e+02, 4.59678955e+02, 4.87891436e-01, 7.83439209e+02,
       4.71450073e+02, 3.03331912e-01, 0., 0., 0., 0., 0., 0.,
       8.15822327e+02, 4.56667175e+02, 5.93926370e-01, 9.74744873e+02,
       4.80265411e+02, 7.32514322e-01, 1.12776660e+03, 5.53953003e+02,
       6.94715381e-01, 1.11890503e+03, 4.39066345e+02, 3.39198828e-01,
       1.11304395e+03, 4.77275909e+02, 2.35893577e-01, 1.37496265e+03,
       4.94934631e+02, 5.24138093e-01, 1.59285876e+03, 4.12645813e+02,
       3.44220370e-01, 1.11305859e+03, 4.12577271e+02, 3.04789126e-01,
       1.36614551e+03, 5.12648438e+02, 4.64801192e-01, 1.67227478e+03,
       4.06627838e+02, 3.43327761e-01, 6.92257813e+02, 5.30389221e+02,
       5.88373505e-02, 6.92223694e+02, 5.15559875e+02, 7.44703889e-01,
       0., 0., 0., 7.12699097e+02, 4.65541931e+02, 6.42269015e-01,
       1.72228418e+03, 3.50755249e+02, 2.27322221e-01, 1.72526807e+03,
       3.56610199e+02, 1.93702444e-01, 1.72517749e+03, 3.97857788e+02,
       1.18689373e-01, 0., 0., 0., 0., 0., 0., 0., 0., 0. ]
