%YAML:1.0
---
pose_0: !!opencv-matrix
   rows: 1
   cols: 25
   dt: "3f"
   data: [ 7.68710266e+02, 4.59811066e+02, 8.67654264e-01,
       8.62871582e+02, 4.94936920e+02, 7.39134610e-01, 8.51097229e+02,
       5.42036682e+02, 7.66955674e-01, 8.80595032e+02, 4.56718536e+02,
       2.09202409e-01, 0., 0., 0., 8.86414001e+02, 4.44902405e+02,
       5.43952465e-01, 9.24723511e+02, 3.38990112e+02, 3.52122039e-01,
       9.51028625e+02, 2.47636368e+02, 5.67880034e-01, 1.12188879e+03,
       4.80282745e+02, 5.84310830e-01, 1.12184167e+03, 5.30207214e+02,
       6.04530513e-01, 1.34843445e+03, 5.86167053e+02, 6.76043451e-01,
       1.51920068e+03, 6.59738342e+02, 6.38260424e-01, 1.11903296e+03,
       4.30197296e+02, 5.99058926e-01, 1.28368384e+03, 3.39047699e+02,
       7.97296047e-01, 1.47512927e+03, 3.15473419e+02, 6.47833705e-01,
       7.53953064e+02, 4.83102478e+02, 8.62894475e-01, 7.62684204e+02,
       4.50777771e+02, 8.35737526e-01, 7.62770203e+02, 5.24315613e+02,
       5.26074529e-01, 7.83309509e+02, 4.36099396e+02, 3.33061010e-01,
       0., 0., 0., 0., 0., 0., 1.49862830e+03, 3.09542267e+02,
       3.83192748e-01, 1.59288220e+03, 6.42099426e+02, 6.22084320e-01,
       1.58388342e+03, 6.53893738e+02, 5.63523889e-01, 1.53102563e+03,
       6.71697754e+02, 4.71963435e-01 ]
