%YAML:1.0
---
pose_0: !!opencv-matrix
   rows: 1
   cols: 25
   dt: "3f"
   data: [ 7.65751404e+02, 4.33080872e+02, 8.86644244e-01,
       8.56889404e+02, 4.36124542e+02, 7.92175293e-01, 8.42278503e+02,
       4.92044159e+02, 6.09567344e-01, 9.54203186e+02, 5.74398682e+02,
       8.84882808e-01, 8.39324829e+02, 5.30351807e+02, 8.13958764e-01,
       8.59942139e+02, 3.80176605e+02, 6.97190166e-01, 9.60013000e+02,
       3.65490723e+02, 7.77385414e-01, 8.36379822e+02, 4.24354279e+02,
       7.68198252e-01, 1.13072498e+03, 4.53726563e+02, 5.96206665e-01,
       1.13361658e+03, 5.00827789e+02, 6.13554835e-01, 1.32487122e+03,
       5.06694275e+02, 7.92865574e-01, 1.55453137e+03, 5.06731049e+02,
       6.22299969e-01, 1.13362659e+03, 4.00760742e+02, 5.80970705e-01,
       1.32495923e+03, 3.59488129e+02, 5.43144464e-01, 1.51627393e+03,
       3.65503967e+02, 4.45660532e-01, 7.51061951e+02, 4.39045471e+02,
       8.25256467e-01, 7.62690796e+02, 4.12487457e+02, 8.75945449e-01,
       7.65737976e+02, 4.62617493e+02, 6.04648590e-01, 7.83345703e+02,
       3.89148346e+02, 5.74560702e-01, 1.61054102e+03, 3.18331818e+02,
       1.01806387e-01, 1.60745447e+03, 3.18353302e+02, 1.08097792e-01,
       1.54575269e+03, 3.65516785e+02, 2.31871828e-01, 1.62806226e+03,
       5.00854370e+02, 4.67929363e-01, 1.61348572e+03, 5.12660828e+02,
       4.14896369e-01, 1.58694275e+03, 4.89088837e+02, 3.19556177e-01 ]
