%YAML:1.0
---
pose_0: !!opencv-matrix
   rows: 2
   cols: 25
   dt: "3f"
   data: [ 7.39241028e+02, 5.33191406e+02, 7.77311563e-01,
       8.09893311e+02, 4.62581207e+02, 5.29792547e-01, 7.98103271e+02,
       4.65537201e+02, 3.60882849e-01, 8.89380676e+02, 5.30371216e+02,
       5.52050546e-02, 0., 0., 0., 8.15802673e+02, 4.62612762e+02,
       7.01178789e-01, 9.54175110e+02, 5.27445801e+02, 8.59951138e-01,
       8.33358765e+02, 5.77521606e+02, 8.20496142e-01, 1.08656836e+03,
       4.59632996e+02, 2.59846091e-01, 0., 0., 0., 0., 0., 0., 0., 0.,
       0., 1.11303137e+03, 4.65519653e+02, 2.88169056e-01,
       1.32793323e+03, 5.12673279e+02, 5.63986361e-01, 1.60455847e+03,
       4.36197693e+02, 4.85722423e-01, 0., 0., 0., 7.21695190e+02,
       5.21487488e+02, 7.34807849e-01, 0., 0., 0., 7.33417969e+02,
       4.80210968e+02, 7.31196880e-01, 1.66340515e+03, 5.03777191e+02,
       7.59990215e-02, 1.66636060e+03, 4.97877991e+02, 5.10475561e-02,
       1.64575085e+03, 4.12537170e+02, 1.55500650e-01, 0., 0., 0., 0.,
       0., 0., 0., 0., 0., 0., 0., 0., 0., 0., 0., 0., 0., 0., 0., 0.,
       0., 0., 0., 0., 0., 0., 0., 0., 0., 0., 0., 0., 0., 0., 0., 0.,
       1.11301074e+03, 4.24307251e+02, 1.60553962e-01, 1.32493152e+03,
       5.06633820e+02, 2.70119578e-01, 1.58101172e+03, 4.41993256e+02,
       1.87340945e-01, 0., 0., 0., 0., 0., 0., 0., 0., 0., 0., 0., 0.,
       0., 0., 0., 0., 0., 0., 0., 0., 0., 0., 0., 0., 0., 0., 0., 0.,
       0., 0., 0., 0., 0., 0., 0., 0., 0., 0., 0. ]
