%YAML:1.0
---
pose_0: !!opencv-matrix
   rows: 3
   cols: 25
   dt: "3f"
   data: [ 0., 0., 0., 7.80476379e+02, 5.06786743e+02, 1.40655741e-01,
       8.03975830e+02, 5.50885437e+02, 8.00775215e-02, 0., 0., 0., 0.,
       0., 0., 7.48081116e+02, 4.36105011e+02, 1.86129078e-01,
       8.89423645e+02, 3.21382202e+02, 3.17875087e-01, 7.62690613e+02,
       2.85981293e+02, 2.59476811e-01, 1.12776111e+03, 6.09797241e+02,
       4.33366567e-01, 1.10126477e+03, 6.80408020e+02, 4.47588652e-01,
       1.36913977e+03, 8.15861206e+02, 4.70640391e-01, 1.60453455e+03,
       9.65903381e+02, 4.30124551e-01, 1.15129639e+03, 5.39103149e+02,
       3.76923174e-01, 1.45444812e+03, 5.95053772e+02, 4.64707077e-01,
       1.73699915e+03, 5.50833496e+02, 4.07356322e-01, 0., 0., 0., 0.,
       0., 0., 0., 0., 0., 0., 0., 0., 1.83709705e+03, 4.94979370e+02,
       2.82007039e-01, 1.83706116e+03, 4.97937042e+02, 2.74647385e-01,
       1.78705615e+03, 5.74340698e+02, 1.62929296e-01, 1.63701416e+03,
       9.54065308e+02, 8.37850347e-02, 0., 0., 0., 1.63987488e+03,
       9.74680725e+02, 2.78719395e-01, 0., 0., 0., 0., 0., 0.,
       7.51029114e+02, 6.65721680e+02, 2.12612182e-01, 8.33528381e+02,
       6.21450195e+02, 6.64534032e-01, 6.45111084e+02, 5.24318176e+02,
       4.79143977e-01, 0., 0., 0., 0., 0., 0., 0., 0., 0., 0., 0., 0.,
       0., 0., 0., 0., 0., 0., 0., 0., 0., 0., 0., 0., 0., 0., 0., 0.,
       0., 0., 0., 0., 0., 0., 0., 0., 6.45053650e+02, 6.50961853e+02,
       7.52817243e-02, 0., 0., 0., 0., 0., 0., 0., 0., 0., 0., 0., 0.,
       0., 0., 0., 0., 0., 0., 0., 0., 0., 6.51009277e+02,
       6.36206604e+02, 3.24553132e-01, 0., 0., 0., 0., 0., 0., 0., 0.,
       0., 0., 0., 0., 0., 0., 0., 0., 0., 0., 0., 0., 0., 0., 0., 0.,
       0., 0., 0., 0., 0., 0., 0., 0., 0., 0., 0., 0., 0., 0., 0., 0.,
       0., 0., 6.21516785e+02, 6.45021057e+02, 3.32552344e-01,
       6.24495667e+02, 6.18517700e+02, 2.19884098e-01, 0., 0., 0.,
       6.12671997e+02, 5.77382263e+02, 8.60664696e-02, 0., 0., 0., 0.,
       0., 0., 0., 0., 0., 0., 0., 0., 0., 0., 0., 0., 0., 0. ]
