%YAML:1.0
---
pose_0: !!opencv-matrix
   rows: 2
   cols: 25
   dt: "3f"
   data: [ 0., 0., 0., 8.83489075e+02, 5.09700378e+02, 1.81110725e-01,
       0., 0., 0., 0., 0., 0., 0., 0., 0., 9.77657593e+02,
       4.36063873e+02, 8.07722583e-02, 9.68766785e+02, 4.09539246e+02,
       4.17559326e-01, 8.83598511e+02, 3.83038452e+02, 6.45760477e-01,
       1.18660669e+03, 5.15542053e+02, 2.07729831e-01, 1.18363220e+03,
       5.24346863e+02, 1.89796805e-01, 1.33968494e+03, 4.80237976e+02,
       6.53514624e-01, 1.59868713e+03, 6.48062195e+02, 4.87521023e-01,
       1.19546057e+03, 5.03758514e+02, 1.88128382e-01, 1.35147583e+03,
       4.53803345e+02, 4.97454762e-01, 1.56632178e+03, 5.06870911e+02,
       6.62217975e-01, 0., 0., 0., 0., 0., 0., 0., 0., 0., 0., 0., 0.,
       1.59869775e+03, 4.56733551e+02, 4.22387660e-01, 1.59278503e+03,
       4.59646057e+02, 5.02416790e-01, 1.58400232e+03, 5.30397888e+02,
       4.72326070e-01, 1.65754968e+03, 6.80363098e+02, 4.55271631e-01,
       1.63703101e+03, 6.92148987e+02, 4.86096740e-01, 1.63396094e+03,
       6.71547058e+02, 2.83013880e-01, 0., 0., 0., 0., 0., 0.,
       8.39397156e+02, 5.33231201e+02, 2.64882505e-01, 9.54213196e+02,
       4.74326477e+02, 3.24987084e-01, 8.12802979e+02, 4.33236969e+02,
       4.97209728e-01, 0., 0., 0., 0., 0., 0., 0., 0., 0., 0., 0., 0.,
       0., 0., 0., 0., 0., 0., 0., 0., 0., 0., 0., 0., 0., 0., 0., 0.,
       0., 0., 0., 0., 0., 0., 0., 0., 0., 0., 0., 0., 0., 0., 0., 0.,
       0., 0., 0., 0., 0., 0., 0., 0., 0., 0., 0., 0., 0., 0., 0., 0. ]
