%YAML:1.0
---
pose_0: !!opencv-matrix
   rows: 1
   cols: 25
   dt: "3f"
   data: [ 6.95141174e+02, 5.71531311e+02, 8.52207720e-01,
       8.15838745e+02, 5.53905212e+02, 6.32469237e-01, 8.21655396e+02,
       6.27455139e+02, 4.13985014e-01, 9.62973022e+02, 6.44940735e+02,
       4.89941657e-01, 1.06306348e+03, 7.00955627e+02, 7.32165098e-01,
       8.33327881e+02, 4.83236603e+02, 6.69103146e-01, 9.77716431e+02,
       4.41955139e+02, 7.73221493e-01, 1.13366406e+03, 3.94851685e+02,
       7.92628229e-01, 1.09833301e+03, 5.74324585e+02, 5.27806699e-01,
       1.09244983e+03, 6.18537598e+02, 4.84620184e-01, 1.33965857e+03,
       6.27371033e+02, 3.34522635e-01, 1.57222815e+03, 5.50919861e+02,
       4.65860426e-01, 1.10420129e+03, 5.27346313e+02, 4.70067322e-01,
       1.32786987e+03, 6.39123291e+02, 4.98560905e-01, 1.58391541e+03,
       6.80335083e+02, 5.83688855e-01, 6.77464783e+02, 5.83287415e+02,
       7.81186104e-01, 6.83336182e+02, 5.50734741e+02, 7.90507674e-01,
       6.92239990e+02, 6.01083008e+02, 2.30675861e-01, 7.03950073e+02,
       5.12628906e+02, 5.07416129e-01, 1.65165186e+03, 6.47947449e+02,
       1.91680968e-01, 1.63991101e+03, 6.45091248e+02, 2.01873675e-01,
       1.59871790e+03, 6.92112488e+02, 4.08979505e-01, 1.68117651e+03,
       5.47909607e+02, 3.68166476e-01, 1.67820300e+03, 5.50956055e+02,
       3.70185405e-01, 1.61928137e+03, 5.06830963e+02, 1.95652738e-01 ]
