%YAML:1.0
---
pose_0: !!opencv-matrix
   rows: 1
   cols: 25
   dt: "3f"
   data: [ 5.77376709e+02, 5.74494751e+02, 5.64798951e-01,
       6.95059082e+02, 5.50898987e+02, 5.65980792e-01, 6.95153198e+02,
       6.09772339e+02, 4.80004311e-01, 7.86381958e+02, 6.71559937e+02,
       7.45140672e-01, 6.71687012e+02, 5.97977112e+02, 7.78237820e-01,
       6.92096130e+02, 4.86192871e+02, 3.63329768e-01, 8.12926575e+02,
       4.09601288e+02, 8.00847411e-01, 6.42148132e+02, 4.89134735e+02,
       7.11162865e-01, 1.04530615e+03, 5.36152222e+02, 4.31606680e-01,
       1.04535791e+03, 5.95062317e+02, 4.37152624e-01, 1.33378052e+03,
       5.98012695e+02, 2.57561773e-01, 1.67230273e+03, 5.89187256e+02,
       4.15194333e-01, 1.04538684e+03, 4.77269653e+02, 4.17071879e-01,
       1.32787170e+03, 4.77238312e+02, 2.93781579e-01, 1.45153210e+03,
       4.59600342e+02, 1.25941411e-01, 5.53852417e+02, 5.80401123e+02,
       2.93697149e-01, 5.53861206e+02, 5.50882263e+02, 5.25816798e-01,
       5.89194519e+02, 6.00929443e+02, 5.37692234e-02, 5.71518738e+02,
       5.12633301e+02, 2.15283245e-01, 1.52226538e+03, 4.59573730e+02,
       9.71452370e-02, 0., 0., 0., 0., 0., 0., 1.75465991e+03,
       6.30351685e+02, 1.08505785e-01, 0., 0., 0., 1.71052136e+03,
       5.74445313e+02, 1.82423741e-01 ]
