%YAML:1.0
---
pose_0: !!opencv-matrix
   rows: 1
   cols: 25
   dt: "3f"
   data: [ 7.74543396e+02, 4.30198730e+02, 1.39513671e-01,
       8.54029053e+02, 4.80339233e+02, 3.05405259e-01, 8.56892212e+02,
       4.83199005e+02, 3.02946389e-01, 9.77617737e+02, 5.21380249e+02,
       2.53821701e-01, 0., 0., 0., 8.54074463e+02, 5.00833862e+02,
       4.56816703e-01, 9.77570740e+02, 5.18549744e+02, 5.46088159e-01,
       1.14240320e+03, 5.30368652e+02, 6.40430927e-01, 1.16008179e+03,
       5.30297974e+02, 2.84424961e-01, 1.16604602e+03, 5.50879211e+02,
       2.70591319e-01, 1.35444189e+03, 5.03683777e+02, 8.17154467e-01,
       1.61049719e+03, 6.65680969e+02, 5.99863052e-01, 1.16303040e+03,
       4.89113892e+02, 2.05188051e-01, 1.35441675e+03, 4.24280396e+02,
       7.54114449e-01, 1.56335718e+03, 5.06662231e+02, 6.78372681e-01,
       7.83370667e+02, 4.33117340e+02, 1.03803053e-01, 7.77476624e+02,
       4.33054779e+02, 6.93264082e-02, 7.89357544e+02, 4.36173218e+02,
       1.40716240e-01, 0., 0., 0., 1.60749963e+03, 4.36085999e+02,
       3.97097796e-01, 1.60161279e+03, 4.39047943e+02, 3.97651196e-01,
       1.57513025e+03, 5.33274536e+02, 4.64476049e-01, 1.66929700e+03,
       6.71657349e+02, 4.88832265e-01, 1.65453784e+03, 6.89224609e+02,
       4.93012458e-01, 1.62516992e+03, 6.86246826e+02, 3.49088073e-01 ]
