%YAML:1.0
---
pose_0: !!opencv-matrix
   rows: 1
   cols: 25
   dt: "3f"
   data: [ 7.42118591e+02, 5.59768494e+02, 8.70819092e-01,
       8.39385315e+02, 5.71472229e+02, 7.47055769e-01, 8.39377563e+02,
       6.27465515e+02, 6.45272970e-01, 9.77616089e+02, 6.68509399e+02,
       8.31602335e-01, 9.30648376e+02, 7.12805237e+02, 8.67817163e-01,
       8.54041443e+02, 5.03790985e+02, 7.54864931e-01, 9.77706604e+02,
       4.56678345e+02, 8.45769227e-01, 1.04829407e+03, 4.47909485e+02,
       8.16711783e-01, 1.09537646e+03, 5.77304565e+02, 6.10237181e-01,
       1.09535730e+03, 6.21568848e+02, 6.24474883e-01, 1.26608301e+03,
       6.30401001e+02, 3.60255092e-01, 1.50745740e+03, 6.24501343e+02,
       4.70751017e-01, 1.09832898e+03, 5.27304688e+02, 6.13135219e-01,
       1.28386377e+03, 5.36135925e+02, 6.53510928e-01, 1.49568115e+03,
       4.94947662e+02, 3.80124301e-01, 7.30381653e+02, 5.74546570e+02,
       7.95772970e-01, 7.36302429e+02, 5.47936768e+02, 8.50166500e-01,
       7.45121582e+02, 5.98090027e+02, 6.27767920e-01, 7.59835144e+02,
       5.27206055e+02, 6.03639841e-01, 1.57518518e+03, 4.39028625e+02,
       2.16113657e-01, 1.57512073e+03, 4.39079071e+02, 2.31830150e-01,
       1.50746582e+03, 4.68486328e+02, 1.52388006e-01, 1.57221350e+03,
       6.62748413e+02, 2.31353134e-01, 1.57221301e+03, 6.59757996e+02,
       2.29051664e-01, 1.53983093e+03, 6.09746277e+02, 3.06509405e-01 ]
