%YAML:1.0
---
pose_0: !!opencv-matrix
   rows: 1
   cols: 25
   dt: "3f"
   data: [ 6.56902649e+02, 5.06634613e+02, 8.11524987e-01,
       7.83432251e+02, 5.27339661e+02, 6.21970117e-01, 8.03949585e+02,
       6.03923401e+02, 4.95890498e-01, 9.07012390e+02, 6.42144897e+02,
       1.44753724e-01, 0., 0., 0., 7.65770752e+02, 4.47914520e+02,
       5.53845704e-01, 9.01180542e+02, 3.89132263e+02, 8.23620915e-01,
       1.00998834e+03, 3.74328430e+02, 7.79040098e-01, 1.09537988e+03,
       5.33305176e+02, 5.01561999e-01, 1.08653784e+03, 5.92079529e+02,
       4.92823213e-01, 1.32489685e+03, 6.24418152e+02, 7.50262678e-01,
       1.61640308e+03, 6.56897522e+02, 5.36053777e-01, 1.09544275e+03,
       4.80182312e+02, 4.82881933e-01, 1.33672449e+03, 4.80344299e+02,
       5.60236752e-01, 1.59572705e+03, 4.86226501e+02, 5.54572582e-01,
       6.42068054e+02, 5.27215271e+02, 7.61092544e-01, 6.45084900e+02,
       4.83115509e+02, 8.62321377e-01, 6.51036438e+02, 5.50805420e+02,
       3.45033824e-01, 6.71625244e+02, 4.56695892e+02, 5.74744999e-01,
       1.69579150e+03, 4.65514801e+02, 2.05663443e-01, 1.68989246e+03,
       4.62549713e+02, 2.33236521e-01, 1.61635461e+03, 4.89113983e+02,
       2.58151442e-01, 1.73994495e+03, 6.45032349e+02, 1.32735044e-01,
       0., 0., 0., 1.64579810e+03, 6.45107727e+02, 3.04476142e-01 ]
