%YAML:1.0
---
pose_0: !!opencv-matrix
   rows: 1
   cols: 25
   dt: "3f"
   data: [ 7.80504272e+02, 3.91926910e+02, 4.78713781e-01,
       8.48118835e+02, 4.44955353e+02, 5.23221076e-01, 8.48166382e+02,
       4.83111786e+02, 7.45412648e-01, 9.54131348e+02, 5.50809326e+02,
       8.68768454e-01, 1.06008289e+03, 5.03706146e+02, 7.87748635e-01,
       8.39394348e+02, 4.12525269e+02, 3.13411146e-01, 9.98204956e+02,
       3.94885498e+02, 6.48054257e-02, 0., 0., 0., 1.12481702e+03,
       4.68477722e+02, 5.25877357e-01, 1.11890588e+03, 5.06675568e+02,
       5.01648426e-01, 1.32785510e+03, 4.03673004e+02, 7.70025194e-01,
       1.53680273e+03, 4.74309235e+02, 4.32253867e-01, 1.12779285e+03,
       4.33127838e+02, 4.63840574e-01, 1.33387744e+03, 3.94894318e+02,
       3.88593107e-01, 1.49865198e+03, 5.56819824e+02, 1.75668254e-01,
       7.65715210e+02, 4.03700165e+02, 4.24941242e-01, 7.68689087e+02,
       3.86089661e+02, 1.19639620e-01, 7.77538147e+02, 4.36026825e+02,
       4.40582901e-01, 0., 0., 0., 1.56626746e+03, 5.59705444e+02,
       1.37864664e-01, 1.56642590e+03, 5.50847656e+02, 1.17491052e-01,
       0., 0., 0., 1.58982581e+03, 4.12473480e+02, 2.83630282e-01,
       1.58980945e+03, 4.21365875e+02, 2.13019356e-01, 1.56336816e+03,
       4.89137329e+02, 2.77992934e-01 ]
