%YAML:1.0
---
pose_0: !!opencv-matrix
   rows: 1
   cols: 25
   dt: "3f"
   data: [ 7.33337402e+02, 4.24358978e+02, 7.92500257e-01,
       8.54049744e+02, 4.36174713e+02, 7.37440646e-01, 8.62957642e+02,
       5.24403198e+02, 7.00819790e-01, 9.95292786e+02, 5.71499878e+02,
       8.05178523e-01, 1.07488464e+03, 6.24633545e+02, 8.44379485e-01,
       8.39372375e+02, 3.56670258e+02, 6.68175578e-01, 9.98153809e+02,
       3.18283325e+02, 8.87259960e-01, 1.06900525e+03, 4.09673401e+02,
       8.22161198e-01, 1.13359888e+03, 4.59729736e+02, 5.69196582e-01,
       1.12483215e+03, 5.09750244e+02, 6.02863312e-01, 1.32199292e+03,
       5.36161438e+02, 7.33063400e-01, 1.53979309e+03, 5.89183228e+02,
       6.36899233e-01, 1.13652161e+03, 4.06714600e+02, 6.05728030e-01,
       1.35732471e+03, 3.65348389e+02, 7.01477528e-01, 1.55743420e+03,
       3.18401184e+02, 6.50874019e-01, 7.18632874e+02, 4.39006226e+02,
       8.09821963e-01, 7.18658752e+02, 4.09609497e+02, 8.69646907e-01,
       7.39262878e+02, 4.59817352e+02, 5.09438157e-01, 7.42182922e+02,
       3.86166809e+02, 5.67861676e-01, 1.63390674e+03, 2.91936920e+02,
       2.88477480e-01, 1.62518848e+03, 2.88966125e+02, 2.94089317e-01,
       1.57809558e+03, 3.12462463e+02, 2.57250011e-01, 1.61050977e+03,
       6.00908386e+02, 4.36626703e-01, 1.60752820e+03, 6.03860474e+02,
       4.66795981e-01, 1.56925940e+03, 5.71446472e+02, 3.53743136e-01 ]
