%YAML:1.0
---
pose_0: !!opencv-matrix
   rows: 1
   cols: 25
   dt: "3f"
   data: [ 7.48064453e+02, 4.62596558e+02, 8.03993583e-01,
       8.60076294e+02, 4.50807709e+02, 7.42358387e-01, 8.62906982e+02,
       5.30274292e+02, 6.58213139e-01, 9.98217896e+02, 6.15571289e+02,
       8.31475377e-01, 8.60037476e+02, 5.74380432e+02, 8.05508494e-01,
       8.57069153e+02, 3.65405548e+02, 6.62547410e-01, 9.54099915e+02,
       3.12515656e+02, 8.01871717e-01, 1.03950220e+03, 3.03647369e+02,
       7.44474292e-01, 1.16607239e+03, 4.83245483e+02, 5.94504654e-01,
       1.16309595e+03, 5.30388489e+02, 5.76376677e-01, 1.35145056e+03,
       5.27379944e+02, 3.94237339e-01, 1.52511829e+03, 5.45042847e+02,
       4.73697305e-01, 1.17195654e+03, 4.33202606e+02, 5.74943423e-01,
       1.34844934e+03, 4.39153961e+02, 6.51879907e-01, 1.54866736e+03,
       4.36117126e+02, 4.34609622e-01, 7.36224304e+02, 4.77271301e+02,
       7.63092160e-01, 7.39179016e+02, 4.41961456e+02, 8.09387863e-01,
       7.59830627e+02, 4.86268860e+02, 1.22719154e-01, 7.62768127e+02,
       4.09609192e+02, 6.69933677e-01, 1.63703149e+03, 4.12533966e+02,
       2.83057570e-01, 1.63689844e+03, 4.12506165e+02, 2.92506009e-01,
       1.57808911e+03, 4.30189362e+02, 1.76073298e-01, 1.57510632e+03,
       5.45037720e+02, 1.49953008e-01, 0., 0., 0., 1.56042651e+03,
       5.36161804e+02, 3.08017164e-01 ]
