%YAML:1.0
---
pose_0: !!opencv-matrix
   rows: 1
   cols: 25
   dt: "3f"
   data: [ 7.74547913e+02, 3.89162476e+02, 5.25294483e-01,
       8.39291382e+02, 4.44966675e+02, 4.65831578e-01, 8.53974915e+02,
       4.74342621e+02, 4.52325195e-01, 9.51115967e+02, 5.53792786e+02,
       2.31740206e-01, 9.51124756e+02, 5.53787781e+02, 4.14235979e-01,
       8.30429199e+02, 3.89067810e+02, 2.63233989e-01, 8.77573547e+02,
       4.03761566e+02, 5.75920567e-02, 0., 0., 0., 1.13658862e+03,
       4.83151703e+02, 4.54004616e-01, 1.12480310e+03, 5.18468384e+02,
       3.21365237e-01, 1.31025159e+03, 5.03842438e+02, 8.13204050e-01,
       1.56043860e+03, 6.27421570e+02, 4.76000488e-01, 1.14836829e+03,
       4.39131775e+02, 4.12869364e-01, 1.35431140e+03, 3.86026459e+02,
       8.12868953e-01, 1.54277417e+03, 4.83204987e+02, 6.29224122e-01,
       7.65695984e+02, 4.09618347e+02, 3.59975308e-01, 7.62829224e+02,
       3.89125244e+02, 1.67148247e-01, 7.80484192e+02, 4.33134399e+02,
       2.78298914e-01, 0., 0., 0., 1.61044836e+03, 4.12643341e+02,
       4.49661136e-01, 1.60455847e+03, 4.15507904e+02, 4.34320867e-01,
       1.56337195e+03, 5.09649780e+02, 3.22740406e-01, 1.66928101e+03,
       5.94995483e+02, 2.17257142e-01, 1.66340295e+03, 6.00903931e+02,
       1.49685353e-01, 1.61040796e+03, 6.59806885e+02, 2.28554145e-01 ]
