%YAML:1.0
---
pose_0: !!opencv-matrix
   rows: 1
   cols: 25
   dt: "3f"
   data: [ 7.62749939e+02, 3.85969849e+02, 8.69712472e-01,
       8.80641113e+02, 4.06616577e+02, 7.43692875e-01, 8.71701355e+02,
       4.83294434e+02, 7.43414700e-01, 1.01888928e+03, 5.59687195e+02,
       7.06674993e-01, 1.04523230e+03, 6.03858337e+02, 4.72611904e-01,
       8.86468445e+02, 3.24295929e+02, 6.30710483e-01, 1.02480212e+03,
       2.91772705e+02, 8.07901382e-01, 1.09250598e+03, 2.41754776e+02,
       8.51238489e-01, 1.12193652e+03, 3.86001190e+02, 5.95328271e-01,
       1.13069788e+03, 4.33064728e+02, 6.02895260e-01, 1.34851001e+03,
       4.36158661e+02, 7.97665358e-01, 1.52510901e+03, 5.30419250e+02,
       6.35465026e-01, 1.12188171e+03, 3.35974915e+02, 5.90456247e-01,
       1.33083398e+03, 2.94822693e+02, 5.35832524e-01, 1.55162000e+03,
       2.91753418e+02, 5.15680492e-01, 7.45237549e+02, 4.03661407e+02,
       7.21834600e-01, 7.48063416e+02, 3.65406769e+02, 8.22409630e-01,
       7.65658508e+02, 4.30255829e+02, 6.32879913e-01, 7.80456055e+02,
       3.41903961e+02, 4.58710104e-01, 1.63694080e+03, 2.71225616e+02,
       5.85832894e-01, 1.63398694e+03, 2.68249329e+02, 5.75004220e-01,
       1.58396692e+03, 2.91926300e+02, 2.65606105e-01, 1.61928564e+03,
       5.39123718e+02, 6.26054525e-01, 1.60752917e+03, 5.53755188e+02,
       5.93718410e-01, 1.53987122e+03, 5.47953674e+02, 3.76572847e-01 ]
