%YAML:1.0
---
pose_0: !!opencv-matrix
   rows: 1
   cols: 25
   dt: "3f"
   data: [ 7.53979553e+02, 4.33288971e+02, 8.48016500e-01,
       8.15785828e+02, 4.36030365e+02, 7.69605041e-01, 8.12901245e+02,
       4.71390594e+02, 7.12226629e-01, 8.83425964e+02, 5.36236572e+02,
       7.98324049e-01, 7.42102295e+02, 5.06899048e+02, 8.82956803e-01,
       8.21631592e+02, 3.89113892e+02, 5.99854589e-01, 8.86527100e+02,
       3.33120758e+02, 7.30222583e-01, 7.36223816e+02, 3.86186707e+02,
       8.08997333e-01, 1.11011389e+03, 4.56603699e+02, 5.29527068e-01,
       1.11010083e+03, 5.00879974e+02, 5.60914397e-01, 1.33082104e+03,
       4.92054169e+02, 6.37939215e-01, 1.56038562e+03, 5.03763184e+02,
       6.15498662e-01, 1.11302441e+03, 3.97875916e+02, 5.27433634e-01,
       1.35144348e+03, 4.12539093e+02, 5.48226535e-01, 1.57219043e+03,
       4.30105225e+02, 6.38847053e-01, 7.42185364e+02, 4.44909515e+02,
       7.80354083e-01, 7.42237549e+02, 4.18493286e+02, 7.73351133e-01,
       7.59913635e+02, 4.59754852e+02, 3.39533418e-01, 7.59840149e+02,
       4.00811523e+02, 5.15999615e-01, 1.63402637e+03, 3.94942993e+02,
       4.99095231e-01, 1.62809937e+03, 3.91969666e+02, 5.43793201e-01,
       1.58985693e+03, 4.41952301e+02, 4.71367717e-01, 1.63398755e+03,
       5.06793427e+02, 4.62979943e-01, 1.62220691e+03, 5.21393555e+02,
       4.45344180e-01, 1.57811499e+03, 4.89141693e+02, 2.74434805e-01 ]
