%YAML:1.0
---
pose_0: !!opencv-matrix
   rows: 1
   cols: 25
   dt: "3f"
   data: [ 0., 0., 0., 9.54065308e+02, 4.89121246e+02, 2.76022375e-01,
       9.42316284e+02, 5.21478271e+02, 2.33350709e-01, 7.86299438e+02,
       5.03680603e+02, 3.77982348e-01, 8.80567566e+02, 4.83097046e+02,
       4.17783558e-01, 9.71732910e+02, 4.59704132e+02, 2.09494025e-01,
       0., 0., 0., 0., 0., 0., 1.18070911e+03, 5.24393494e+02,
       3.21351826e-01, 1.16312671e+03, 5.50867126e+02, 2.35168889e-01,
       1.35433203e+03, 4.86145355e+02, 7.74191082e-01, 1.61047839e+03,
       6.59789124e+02, 6.33559763e-01, 1.18955225e+03, 4.92024048e+02,
       2.79537737e-01, 1.38966980e+03, 4.74397644e+02, 4.88313973e-01,
       1.54285559e+03, 5.09650238e+02, 5.34118354e-01, 0., 0., 0., 0.,
       0., 0., 0., 0., 0., 0., 0., 0., 1.60450830e+03, 4.53723358e+02,
       2.96559989e-01, 1.59287268e+03, 4.56633179e+02, 3.05838823e-01,
       1.56628589e+03, 5.30244324e+02, 2.79920787e-01, 1.66344226e+03,
       6.68691223e+02, 3.22926849e-01, 1.65171008e+03, 6.77468628e+02,
       3.59053850e-01, 1.61639001e+03, 6.77518433e+02, 5.05191386e-01 ]
