%YAML:1.0
---
pose_0: !!opencv-matrix
   rows: 1
   cols: 25
   dt: "3f"
   data: [ 7.30421692e+02, 5.06601135e+02, 8.83263350e-01,
       8.42235657e+02, 5.30271301e+02, 7.40161419e-01, 8.51075562e+02,
       6.15593445e+02, 6.47191286e-01, 9.48174316e+02, 7.00982971e+02,
       8.13158453e-01, 9.68806519e+02, 6.30406555e+02, 6.92359447e-01,
       8.36430115e+02, 4.53745300e+02, 5.83573461e-01, 9.98328552e+02,
       3.97829437e+02, 7.74910986e-01, 1.11308276e+03, 3.59635101e+02,
       8.73904169e-01, 1.11895862e+03, 5.30363220e+02, 5.74777365e-01,
       1.11896802e+03, 5.77526245e+02, 6.01321697e-01, 1.33090845e+03,
       6.21596008e+02, 7.44309723e-01, 1.55747375e+03, 7.09782288e+02,
       5.64527631e-01, 1.11887427e+03, 4.80233063e+02, 5.92873216e-01,
       1.33087695e+03, 4.71458832e+02, 5.69455624e-01, 1.56929468e+03,
       4.71451996e+02, 6.21291995e-01, 7.15682190e+02, 5.21512329e+02,
       8.35663855e-01, 7.18762146e+02, 4.86136719e+02, 8.48172784e-01,
       7.21648132e+02, 5.50939575e+02, 7.23127604e-01, 7.51067993e+02,
       4.77234589e+02, 5.21284401e-01, 1.64573975e+03, 4.77281281e+02,
       2.93642253e-01, 1.63992627e+03, 4.62577515e+02, 3.26605350e-01,
       1.58988672e+03, 4.59688904e+02, 2.93476969e-01, 1.62513672e+03,
       6.92051147e+02, 5.20828962e-01, 1.61629932e+03, 7.00998779e+02,
       4.35433686e-01, 1.57513940e+03, 7.33388428e+02, 3.21744442e-01 ]
