%YAML:1.0
---
pose_0: !!opencv-matrix
   rows: 1
   cols: 25
   dt: "3f"
   data: [ 7.86266907e+02, 3.89016296e+02, 8.82087171e-01,
       8.83472351e+02, 3.77225494e+02, 6.63255692e-01, 8.89324280e+02,
       4.50777069e+02, 6.97003961e-01, 9.95225037e+02, 4.15488678e+02,
       7.82242656e-01, 9.04147461e+02, 3.15423035e+02, 8.32234383e-01,
       8.71731873e+02, 3.12483398e+02, 4.36022848e-01, 1.02178534e+03,
       2.27156143e+02, 1.40097812e-01, 0., 0., 0., 1.13657568e+03,
       4.18451019e+02, 6.23230278e-01, 1.11885461e+03, 4.65540222e+02,
       6.51394010e-01, 1.30433423e+03, 5.71387634e+02, 7.70634532e-01,
       1.49563293e+03, 6.62747498e+02, 5.68834186e-01, 1.15421814e+03,
       3.68387787e+02, 5.96053898e-01, 1.34849219e+03, 3.65539093e+02,
       6.24759436e-01, 1.54576636e+03, 3.91997620e+02, 6.17440343e-01,
       7.68730408e+02, 4.06595673e+02, 7.67802596e-01, 7.68786987e+02,
       3.68379822e+02, 7.94088602e-01, 7.89382019e+02, 4.12727722e+02,
       2.04420701e-01, 7.89349121e+02, 3.39063507e+02, 5.66383958e-01,
       1.61637891e+03, 3.71368408e+02, 4.36458111e-01, 1.61050403e+03,
       3.65515320e+02, 4.89963710e-01, 1.56926404e+03, 4.09591003e+02,
       3.60464573e-01, 1.55452356e+03, 7.09829712e+02, 3.12174976e-01,
       0., 0., 0., 1.52508044e+03, 6.65644836e+02, 3.23261887e-01 ]
