%YAML:1.0
---
pose_0: !!opencv-matrix
   rows: 1
   cols: 25
   dt: "3f"
   data: [ 7.42088440e+02, 5.06701141e+02, 8.99276257e-01,
       8.54059143e+02, 5.15590759e+02, 7.23584175e-01, 8.59866333e+02,
       6.03965881e+02, 7.00256705e-01, 9.71795349e+02, 6.27410645e+02,
       6.74359202e-01, 1.05424487e+03, 6.30425781e+02, 7.82310843e-01,
       8.60037354e+02, 4.36026947e+02, 6.49035037e-01, 9.77622742e+02,
       3.62564362e+02, 9.08873081e-01, 9.09927063e+02, 4.41963165e+02,
       8.30431759e-01, 1.10714258e+03, 5.24400208e+02, 5.36923051e-01,
       1.10420337e+03, 5.71397522e+02, 5.52102029e-01, 1.31911938e+03,
       5.77316895e+02, 7.61003613e-01, 1.54576233e+03, 6.06866638e+02,
       5.92258751e-01, 1.10131921e+03, 4.68479187e+02, 5.46105146e-01,
       1.33672705e+03, 4.59528320e+02, 4.63557184e-01, 1.54270410e+03,
       4.74414978e+02, 6.51637614e-01, 7.27443115e+02, 5.24297607e+02,
       7.61933446e-01, 7.33397339e+02, 4.83325745e+02, 8.19060624e-01,
       7.42122681e+02, 5.44945129e+02, 4.87703890e-01, 7.62687683e+02,
       4.59584503e+02, 6.05011404e-01, 1.61043884e+03, 4.59612579e+02,
       5.74952662e-01, 1.60456189e+03, 4.53783356e+02, 5.81046104e-01,
       1.56335510e+03, 4.83205841e+02, 3.84132206e-01, 1.65460669e+03,
       5.95038330e+02, 5.36377847e-01, 1.63987817e+03, 6.03855042e+02,
       4.50098306e-01, 1.57219055e+03, 6.18528137e+02, 3.48635077e-01 ]
