%YAML:1.0
---
pose_0: !!opencv-matrix
   rows: 1
   cols: 25
   dt: "3f"
   data: [ 3.59604858e+02, 5.53871033e+02, 1.66671753e-01,
       4.09636841e+02, 5.53924683e+02, 2.61964768e-01, 3.94931488e+02,
       5.92086670e+02, 1.65195525e-01, 4.83219269e+02, 6.27465149e+02,
       5.62588610e-02, 0., 0., 0., 4.18477325e+02, 5.27360596e+02,
       2.34308064e-01, 7.53979614e+02, 4.30191895e+02, 3.59971464e-01,
       5.21439514e+02, 5.18520569e+02, 4.28519607e-01, 1.02477161e+03,
       5.56761658e+02, 2.38090679e-01, 1.03357007e+03, 6.42117126e+02,
       2.38862842e-01, 1.35738391e+03, 6.39140015e+02, 2.23844662e-01,
       1.64284778e+03, 6.65627625e+02, 9.63812619e-02, 1.02177289e+03,
       4.83217010e+02, 3.06909800e-01, 1.30430273e+03, 4.33207520e+02,
       2.21860766e-01, 1.41329407e+03, 3.88938873e+02, 1.99029744e-01,
       3.44826935e+02, 5.53838623e+02, 1.76032022e-01, 3.53706879e+02,
       5.42033447e+02, 1.64592922e-01, 3.38989075e+02, 5.71435669e+02,
       9.72739011e-02, 3.65508423e+02, 5.24401489e+02, 1.72216654e-01,
       1.52805847e+03, 4.33183807e+02, 7.14157894e-02, 0., 0., 0.,
       1.53982178e+03, 4.24348389e+02, 1.01969361e-01, 0., 0., 0., 0.,
       0., 0., 1.77529211e+03, 6.68640259e+02, 7.76679218e-02 ]
