%YAML:1.0
---
pose_0: !!opencv-matrix
   rows: 1
   cols: 25
   dt: "3f"
   data: [ 7.15587769e+02, 5.39118103e+02, 7.27166116e-01,
       8.18712280e+02, 5.06761780e+02, 6.99831724e-01, 8.15822205e+02,
       5.68505493e+02, 5.70999384e-01, 9.33583191e+02, 6.24365112e+02,
       8.07520211e-01, 8.09791382e+02, 5.97955322e+02, 8.68800581e-01,
       8.21669006e+02, 4.50787750e+02, 5.77731013e-01, 9.54165466e+02,
       3.59544830e+02, 7.12399304e-01, 1.01007788e+03, 3.68407593e+02,
       5.00057936e-01, 1.11007288e+03, 5.42097717e+02, 5.15168905e-01,
       1.09545203e+03, 5.97865784e+02, 5.52007496e-01, 1.33086646e+03,
       6.45067688e+02, 3.35794926e-01, 1.59574573e+03, 5.97898010e+02,
       3.34198266e-01, 1.11593445e+03, 4.80290161e+02, 5.11651635e-01,
       1.31033704e+03, 5.44975464e+02, 6.31843567e-01, 1.67224536e+03,
       5.03743866e+02, 5.26552677e-01, 6.95073853e+02, 5.50886047e+02,
       6.72650814e-01, 6.98059631e+02, 5.18526550e+02, 6.92974985e-01,
       7.06879272e+02, 5.71482361e+02, 1.03913516e-01, 7.30431396e+02,
       4.83249756e+02, 5.46684146e-01, 1.74287305e+03, 4.53755219e+02,
       3.50682825e-01, 1.73701611e+03, 4.53774384e+02, 3.80199820e-01,
       1.68703308e+03, 5.24362183e+02, 2.61564344e-01, 1.69577771e+03,
       5.89173218e+02, 9.79694650e-02, 1.68402441e+03, 6.06850525e+02,
       1.22735746e-01, 1.70461877e+03, 5.95041443e+02, 1.71675816e-01 ]
