%YAML:1.0
---
pose_0: !!opencv-matrix
   rows: 1
   cols: 25
   dt: "3f"
   data: [ 7.18635803e+02, 3.86027313e+02, 8.80660355e-01,
       8.15776489e+02, 3.94920441e+02, 5.26592791e-01, 7.95204895e+02,
       4.41986572e+02, 4.57692116e-01, 8.15778748e+02, 5.03798920e+02,
       7.39321172e-01, 8.12882935e+02, 3.77184875e+02, 7.83844829e-01,
       8.33398010e+02, 3.56615814e+02, 4.04504389e-01, 8.39427002e+02,
       3.09556549e+02, 1.28336459e-01, 8.36335144e+02, 3.18482941e+02,
       9.97445211e-02, 1.08655371e+03, 3.94872406e+02, 5.25425315e-01,
       1.08655530e+03, 4.39065643e+02, 5.25894642e-01, 1.30723438e+03,
       4.59582703e+02, 8.00310254e-01, 1.53095337e+03, 4.77358704e+02,
       5.98555028e-01, 1.08064966e+03, 3.42013306e+02, 5.27830660e-01,
       1.32201709e+03, 3.15415283e+02, 6.14934921e-01, 1.55456592e+03,
       2.88904419e+02, 5.73629737e-01, 6.98080139e+02, 3.91947235e+02,
       7.77731359e-01, 7.15607788e+02, 3.62463898e+02, 8.77513409e-01,
       7.15737061e+02, 4.15592285e+02, 4.47968870e-01, 7.48058838e+02,
       3.41819427e+02, 5.04970968e-01, 1.63986255e+03, 2.77189301e+02,
       5.05023360e-01, 1.63692249e+03, 2.71224762e+02, 5.36876857e-01,
       1.57220081e+03, 2.71353058e+02, 2.46450081e-01, 1.60746106e+03,
       4.71458466e+02, 3.67735296e-01, 1.59574683e+03, 4.83214630e+02,
       3.21987569e-01, 1.56336047e+03, 4.68510529e+02, 3.17679226e-01 ]
