%YAML:1.0
---
pose_0: !!opencv-matrix
   rows: 1
   cols: 25
   dt: "3f"
   data: [ 7.33412720e+02, 3.36090179e+02, 8.40570092e-01,
       8.42246521e+02, 3.47841614e+02, 7.20087945e-01, 8.36294128e+02,
       4.18477325e+02, 7.05138266e-01, 8.45212891e+02, 5.39087219e+02,
       7.83564985e-01, 7.36325134e+02, 5.30267029e+02, 8.20147216e-01,
       8.54076172e+02, 2.68375580e+02, 6.77843511e-01, 9.30540405e+02,
       1.47711761e+02, 7.77089357e-01, 9.27642517e+02, 6.34843159e+00,
       3.27686250e-01, 1.10720374e+03, 3.65364441e+02, 5.89979947e-01,
       1.10127075e+03, 4.09691132e+02, 5.78884006e-01, 1.32783118e+03,
       4.33114014e+02, 6.76276505e-01, 1.54566846e+03, 4.53779877e+02,
       6.53328955e-01, 1.11303638e+03, 3.12511597e+02, 5.41747451e-01,
       1.35437451e+03, 3.06619659e+02, 6.16001546e-01, 1.57807288e+03,
       2.94845459e+02, 6.03083074e-01, 7.18638184e+02, 3.53744110e+02,
       7.89488435e-01, 7.18691345e+02, 3.18414063e+02, 8.46995354e-01,
       7.42109070e+02, 3.86020721e+02, 4.66915309e-01, 7.42157959e+02,
       3.00673920e+02, 4.10882890e-01, 1.64576465e+03, 2.74233917e+02,
       4.28454846e-01, 1.63707434e+03, 2.71224762e+02, 5.03372371e-01,
       1.61632227e+03, 2.97820343e+02, 2.38738403e-01, 1.60755591e+03,
       4.59624573e+02, 2.63638854e-01, 0., 0., 0., 1.58104834e+03,
       4.36111023e+02, 4.31124061e-01 ]
