%YAML:1.0
---
pose_0: !!opencv-matrix
   rows: 1
   cols: 25
   dt: "3f"
   data: [ 7.42331482e+02, 3.12369141e+02, 7.26416409e-01,
       8.33397217e+02, 2.09511063e+02, 4.20708835e-01, 8.09926575e+02,
       1.74113235e+02, 2.86565393e-01, 8.86527344e+02, 5.94321098e+01,
       7.90584162e-02, 0., 0., 0., 8.39398071e+02, 2.30077454e+02,
       5.10641754e-01, 9.24582947e+02, 3.85981506e+02, 5.01758754e-01,
       9.77733398e+02, 5.24303101e+02, 7.60587215e-01, 1.11900159e+03,
       2.41866760e+02, 4.01590765e-01, 1.11893762e+03, 2.91845093e+02,
       3.87827039e-01, 1.29548157e+03, 4.09688141e+02, 6.46318078e-01,
       1.43387097e+03, 3.41955902e+02, 1.69624865e-01, 1.13364954e+03,
       1.97667847e+02, 3.39756250e-01, 1.28675659e+03, 1.97628479e+02,
       2.29985476e-01, 0., 0., 0., 7.33364380e+02, 3.09564392e+02,
       1.23563208e-01, 7.36307190e+02, 2.91878906e+02, 6.72449768e-01,
       0., 0., 0., 7.45183105e+02, 2.47726257e+02, 5.68444014e-01, 0.,
       0., 0., 0., 0., 0., 0., 0., 0., 0., 0., 0., 0., 0., 0., 0., 0.,
       0. ]
