%YAML:1.0
---
pose_0: !!opencv-matrix
   rows: 2
   cols: 25
   dt: "3f"
   data: [ 6.33293518e+02, 4.47839508e+02, 6.63569331e-01,
       7.39313110e+02, 4.80290405e+02, 5.66070259e-01, 7.09854675e+02,
       5.33229980e+02, 2.19739065e-01, 8.92297363e+02, 6.62687439e+02,
       6.18895069e-02, 0., 0., 0., 7.74598816e+02, 4.09582581e+02,
       5.50111055e-01, 8.83420898e+02, 3.74314026e+02, 4.99121338e-01,
       9.51217651e+02, 3.41979126e+02, 6.91995025e-01, 1.07181860e+03,
       5.27399414e+02, 5.47535598e-01, 1.05418298e+03, 5.83325256e+02,
       5.24925172e-01, 1.32788660e+03, 6.24457703e+02, 2.91909695e-01,
       1.49278967e+03, 6.21431152e+02, 1.24926999e-01, 1.07478003e+03,
       4.59712982e+02, 4.68122661e-01, 1.33376685e+03, 5.18485046e+02,
       5.28536499e-01, 1.65750696e+03, 5.30417786e+02, 3.84973079e-01,
       6.21422668e+02, 4.62672150e+02, 7.38858998e-01, 6.24401855e+02,
       4.33258087e+02, 4.50051486e-01, 6.33271851e+02, 5.03748108e+02,
       6.35189652e-01, 6.45023865e+02, 4.15592987e+02, 6.35218918e-02,
       1.74290076e+03, 5.00779236e+02, 2.49232903e-01, 1.74290881e+03,
       4.97945892e+02, 2.35875070e-01, 1.70165344e+03, 5.65589844e+02,
       2.40870774e-01, 1.49278882e+03, 6.65587036e+02, 1.11318968e-01,
       0., 0., 0., 1.51336096e+03, 6.33317444e+02, 5.80827184e-02, 0.,
       0., 0., 0., 0., 0., 7.42195557e+02, 5.97879883e+02,
       3.30571473e-01, 7.83383789e+02, 6.18623718e+02, 3.17218661e-01,
       8.77523438e+02, 6.47986145e+02, 6.62730992e-01, 0., 0., 0., 0.,
       0., 0., 0., 0., 0., 0., 0., 0., 0., 0., 0., 0., 0., 0., 0., 0.,
       0., 0., 0., 0., 0., 0., 0., 0., 0., 0., 0., 0., 0., 0., 0., 0.,
       0., 0., 0., 0., 0., 0., 0., 0., 0., 0., 0., 0., 0., 0., 0., 0.,
       0., 0., 0., 0., 0., 0., 0., 0. ]
