%YAML:1.0
---
pose_0: !!opencv-matrix
   rows: 1
   cols: 25
   dt: "3f"
   data: [ 7.48158447e+02, 3.65370636e+02, 8.37179780e-01,
       8.71692078e+02, 3.62499847e+02, 7.00599909e-01, 8.59846985e+02,
       4.33063934e+02, 6.38751388e-01, 9.89410095e+02, 5.03745728e+02,
       4.32614595e-01, 9.92410156e+02, 5.33260254e+02, 4.72012967e-01,
       8.86472900e+02, 2.83087708e+02, 6.37086153e-01, 1.02188593e+03,
       2.24195663e+02, 8.17085207e-01, 1.04236597e+03, 1.30104507e+02,
       5.96803308e-01, 1.12774780e+03, 3.85983765e+02, 5.78551233e-01,
       1.12194019e+03, 4.33071350e+02, 5.82015753e-01, 1.35149011e+03,
       4.47865662e+02, 3.97863686e-01, 1.54277673e+03, 4.68454620e+02,
       6.03278100e-01, 1.13073816e+03, 3.33105011e+02, 5.65631330e-01,
       1.34560547e+03, 3.30192413e+02, 6.99179232e-01, 1.56930530e+03,
       3.03639038e+02, 6.18108809e-01, 7.39221313e+02, 3.85975403e+02,
       8.22684586e-01, 7.39296082e+02, 3.44934875e+02, 8.18435669e-01,
       7.59872864e+02, 4.09569977e+02, 3.36481899e-01, 7.62833374e+02,
       3.18488739e+02, 5.58628857e-01, 1.64576111e+03, 2.74264862e+02,
       4.57591355e-01, 1.63696545e+03, 2.71319305e+02, 5.01320541e-01,
       1.58990503e+03, 3.00707367e+02, 2.96889752e-01, 1.60453198e+03,
       4.71441528e+02, 4.66438562e-01, 1.58991223e+03, 4.83153503e+02,
       4.72846627e-01, 1.57216345e+03, 4.56646759e+02, 3.81821752e-01 ]
