%YAML:1.0
---
pose_0: !!opencv-matrix
   rows: 1
   cols: 25
   dt: "3f"
   data: [ 7.48133118e+02, 4.80323151e+02, 2.58376658e-01,
       8.03985901e+02, 5.45014099e+02, 5.62248170e-01, 8.12891113e+02,
       5.50911682e+02, 5.07962465e-01, 9.54057495e+02, 5.36170410e+02,
       7.31017709e-01, 9.30508545e+02, 4.12477478e+02, 7.27133989e-01,
       7.89309875e+02, 5.56852783e+02, 3.83340448e-01, 1.01879950e+03,
       5.30284851e+02, 1.81009725e-01, 1.03061255e+03, 4.36167786e+02,
       3.65634531e-01, 1.11591223e+03, 5.65639832e+02, 5.29767513e-01,
       1.09833545e+03, 5.94985596e+02, 4.45645750e-01, 1.35155566e+03,
       5.12668823e+02, 7.82286763e-01, 1.60158630e+03, 6.92196777e+02,
       5.29970467e-01, 1.12184265e+03, 5.36217346e+02, 4.26676303e-01,
       1.37498425e+03, 5.06701324e+02, 3.55239064e-01, 1.58690515e+03,
       5.86230835e+02, 4.87228602e-01, 7.42209778e+02, 4.83303680e+02,
       2.25983009e-01, 0., 0., 0., 7.45104004e+02, 5.06801727e+02,
       2.69857556e-01, 7.15629944e+02, 5.71444153e+02, 1.12844095e-01,
       1.69869775e+03, 5.77349792e+02, 3.31538200e-01, 1.69575598e+03,
       5.74432434e+02, 3.24402153e-01, 1.61044568e+03, 6.24440125e+02,
       3.23486209e-01, 1.64582678e+03, 7.15819458e+02, 4.13332969e-01,
       1.62811523e+03, 7.27443176e+02, 4.31520045e-01, 1.62513892e+03,
       7.09789063e+02, 2.96421558e-01 ]
