%YAML:1.0
---
pose_0: !!opencv-matrix
   rows: 1
   cols: 25
   dt: "3f"
   data: [ 6.68745972e+02, 4.94961914e+02, 8.28895152e-01,
       8.06940186e+02, 5.06764771e+02, 6.76387250e-01, 8.12729309e+02,
       5.98053467e+02, 6.28594220e-01, 9.51154663e+02, 6.47980896e+02,
       7.56732821e-01, 1.04540247e+03, 6.44977661e+02, 8.02805543e-01,
       8.12829773e+02, 4.24308014e+02, 4.82648253e-01, 9.71728882e+02,
       3.80194489e+02, 6.97001755e-01, 1.11595068e+03, 3.39007660e+02,
       7.57790983e-01, 1.06894690e+03, 5.30239807e+02, 5.82481027e-01,
       1.04826123e+03, 5.83280273e+02, 5.50761998e-01, 1.28961560e+03,
       5.94998901e+02, 4.94936407e-01, 1.56626489e+03, 6.03870911e+02,
       4.93256718e-01, 1.08652039e+03, 4.71417053e+02, 5.32418966e-01,
       1.27201331e+03, 4.62604462e+02, 4.95587438e-01, 1.58687122e+03,
       4.68521729e+02, 4.21271235e-01, 6.53861389e+02, 5.06778473e+02,
       7.85199642e-01, 6.65560181e+02, 4.71467926e+02, 7.98991084e-01,
       6.71608826e+02, 5.30411133e+02, 4.15424317e-01, 6.95126160e+02,
       4.39006439e+02, 6.05522096e-01, 1.70164783e+03, 4.36084686e+02,
       3.40882063e-01, 1.69872668e+03, 4.33145813e+02, 3.01435411e-01,
       1.59580371e+03, 4.62660095e+02, 2.11961240e-01, 1.64872681e+03,
       5.74483459e+02, 3.62769365e-01, 1.63700598e+03, 5.86234863e+02,
       2.94092178e-01, 1.58985962e+03, 6.06856323e+02, 2.55060881e-01 ]
