%YAML:1.0
---
pose_0: !!opencv-matrix
   rows: 1
   cols: 25
   dt: "3f"
   data: [ 7.62711365e+02, 3.88982788e+02, 9.23717976e-01,
       8.83485046e+02, 3.86163818e+02, 7.51447320e-01, 8.95224426e+02,
       4.80123627e+02, 7.05326378e-01, 1.02465674e+03, 5.09780060e+02,
       8.10439229e-01, 1.11297351e+03, 5.62652039e+02, 7.91635096e-01,
       8.83385864e+02, 3.03643341e+02, 6.53402269e-01, 9.74826355e+02,
       1.91863693e+02, 8.61713171e-01, 1.09549548e+03, 1.21194344e+02,
       8.22770298e-01, 1.16303516e+03, 3.44932556e+02, 5.36937535e-01,
       1.16308484e+03, 3.94889282e+02, 5.58634460e-01, 1.35741736e+03,
       4.36168579e+02, 7.20130086e-01, 1.54577661e+03, 5.27372498e+02,
       5.74773371e-01, 1.16013684e+03, 2.91776489e+02, 5.39149046e-01,
       1.36323438e+03, 2.71392487e+02, 6.50793135e-01, 1.57512927e+03,
       2.80162689e+02, 6.34911180e-01, 7.45198364e+02, 4.06612213e+02,
       8.08260560e-01, 7.50979187e+02, 3.68429718e+02, 8.33787024e-01,
       7.62923462e+02, 4.21434052e+02, 3.24832708e-01, 7.68780762e+02,
       3.44922638e+02, 6.09268248e-01, 1.63988477e+03, 2.65354156e+02,
       5.51456630e-01, 1.63688367e+03, 2.59456360e+02, 5.93884706e-01,
       1.59281689e+03, 2.91958649e+02, 3.05256993e-01, 1.61039368e+03,
       5.47924927e+02, 4.33954239e-01, 1.59283875e+03, 5.56843079e+02,
       3.87824923e-01, 1.57811816e+03, 5.27260681e+02, 3.52974504e-01 ]
