%YAML:1.0
---
pose_0: !!opencv-matrix
   rows: 1
   cols: 25
   dt: "3f"
   data: [ 7.74551758e+02, 4.39124969e+02, 8.11537623e-01,
       8.56896423e+02, 4.30195190e+02, 7.74966896e-01, 8.36392761e+02,
       4.97857727e+02, 7.17362821e-01, 9.27630737e+02, 5.30199829e+02,
       4.18777734e-01, 0., 0., 0., 8.68784241e+02, 3.68357208e+02,
       6.75475299e-01, 9.98348267e+02, 2.94972198e+02, 8.01303625e-01,
       9.57106934e+02, 4.33217896e+02, 7.83319175e-01, 1.11302979e+03,
       4.33233978e+02, 5.41360080e-01, 1.11308423e+03, 4.77299866e+02,
       5.05978942e-01, 1.33673547e+03, 5.97875549e+02, 7.92334557e-01,
       1.54861511e+03, 5.68477966e+02, 6.45663738e-01, 1.10717957e+03,
       3.86017883e+02, 4.96642351e-01, 1.38971167e+03, 3.41891418e+02,
       5.40622294e-01, 1.56328662e+03, 1.83018066e+02, 3.84299636e-01,
       7.59823303e+02, 4.56741272e+02, 8.32803845e-01, 7.62769226e+02,
       4.27242493e+02, 7.98229873e-01, 7.68713318e+02, 4.80252411e+02,
       3.39163899e-01, 7.83435425e+02, 3.97785156e+02, 6.21266782e-01,
       1.59284888e+03, 1.30055939e+02, 1.47197008e-01, 1.58989771e+03,
       1.32898407e+02, 1.40223458e-01, 1.57516455e+03, 1.71191071e+02,
       2.07124740e-01, 1.60162231e+03, 6.45049255e+02, 4.61161107e-01,
       1.59279529e+03, 6.36274780e+02, 3.85886729e-01, 1.58100330e+03,
       5.47862610e+02, 5.02816737e-01 ]
