%YAML:1.0
---
pose_0: !!opencv-matrix
   rows: 1
   cols: 25
   dt: "3f"
   data: [ 7.24559448e+02, 5.06603912e+02, 8.71056855e-01,
       8.21686340e+02, 5.09692047e+02, 6.98348880e-01, 8.12863098e+02,
       5.83303162e+02, 5.71544826e-01, 9.54038208e+02, 6.71544556e+02,
       8.61176372e-01, 8.54072754e+02, 5.77310547e+02, 7.08011866e-01,
       8.36295471e+02, 4.30194611e+02, 6.46346331e-01, 9.51217834e+02,
       3.80176941e+02, 7.59741962e-01, 1.04528003e+03, 4.09597504e+02,
       8.51576447e-01, 1.09544287e+03, 5.56811340e+02, 5.57545245e-01,
       1.08951135e+03, 6.06797363e+02, 5.88309526e-01, 1.25727209e+03,
       6.45139709e+02, 2.69218206e-01, 1.44564661e+03, 6.48016479e+02,
       1.02823123e-01, 1.09838684e+03, 5.03751862e+02, 5.53686142e-01,
       1.31615698e+03, 5.50797607e+02, 6.02897644e-01, 1.64871130e+03,
       5.09756531e+02, 4.15955573e-01, 7.12730835e+02, 5.27218567e+02,
       8.45433235e-01, 7.15692688e+02, 4.83289307e+02, 8.62800002e-01,
       7.21638306e+02, 5.53943970e+02, 5.73752701e-01, 7.39338074e+02,
       4.62601929e+02, 4.95762259e-01, 1.76938684e+03, 5.74371521e+02,
       8.23185146e-02, 1.77514453e+03, 5.68518066e+02, 8.12535658e-02,
       1.72525305e+03, 5.50908142e+02, 1.47628084e-01, 0., 0., 0., 0.,
       0., 0., 0., 0., 0. ]
