%YAML:1.0
---
pose_0: !!opencv-matrix
   rows: 1
   cols: 25
   dt: "3f"
   data: [ 7.48114075e+02, 4.62696625e+02, 8.05212677e-01,
       8.65817627e+02, 4.77292419e+02, 6.87162638e-01, 8.77515015e+02,
       5.53821472e+02, 7.01720774e-01, 1.00117523e+03, 5.97843811e+02,
       7.83953249e-01, 1.11903503e+03, 6.47975464e+02, 8.37219000e-01,
       8.59925842e+02, 4.03752991e+02, 5.97198248e-01, 1.02181500e+03,
       3.38973236e+02, 7.71491408e-01, 1.16014478e+03, 2.71245544e+02,
       7.69135654e-01, 1.13359949e+03, 4.71416382e+02, 5.44075727e-01,
       1.12192603e+03, 5.18548218e+02, 5.93533814e-01, 1.34552014e+03,
       5.89108704e+02, 7.29915917e-01, 1.54865747e+03, 6.51042236e+02,
       6.66435599e-01, 1.13361218e+03, 4.12642242e+02, 5.33155918e-01,
       1.34846301e+03, 4.27283905e+02, 6.40276313e-01, 1.56922534e+03,
       4.42052002e+02, 6.79843009e-01, 7.39159180e+02, 4.83142059e+02,
       8.32489133e-01, 7.39267578e+02, 4.47870605e+02, 8.42537999e-01,
       7.53994080e+02, 5.06710205e+02, 3.39099586e-01, 7.62819458e+02,
       4.18515808e+02, 5.86206794e-01, 1.63410449e+03, 4.36093353e+02,
       4.50834483e-01, 1.63103613e+03, 4.30222412e+02, 4.90078688e-01,
       1.59869385e+03, 4.53741608e+02, 3.18426132e-01, 1.62224292e+03,
       6.59813049e+02, 3.37036252e-01, 0., 0., 0., 1.58100500e+03,
       6.45061646e+02, 3.60240608e-01 ]
