%YAML:1.0
---
pose_0: !!opencv-matrix
   rows: 1
   cols: 25
   dt: "3f"
   data: [ 6.89195557e+02, 4.36235016e+02, 8.84854317e-01,
       8.09877869e+02, 4.77353058e+02, 7.84864843e-01, 8.09838196e+02,
       5.53817749e+02, 7.34942555e-01, 9.04145996e+02, 5.97850525e+02,
       6.98825002e-01, 9.98140869e+02, 6.12734741e+02, 7.34809756e-01,
       8.09986450e+02, 4.00736206e+02, 6.91020131e-01, 9.74607788e+02,
       3.65596069e+02, 8.80242050e-01, 8.62904480e+02, 3.68408173e+02,
       8.31794024e-01, 1.07771509e+03, 4.80180359e+02, 5.91960728e-01,
       1.07475903e+03, 5.24418640e+02, 6.30214512e-01, 1.28082092e+03,
       5.50802612e+02, 7.23861396e-01, 1.53392590e+03, 5.77298157e+02,
       5.31915307e-01, 1.08362439e+03, 4.27225586e+02, 5.31882763e-01,
       1.32498230e+03, 4.33069672e+02, 6.61849141e-01, 1.54567310e+03,
       4.47865692e+02, 6.15372896e-01, 6.71503174e+02, 4.56726410e+02,
       8.56113195e-01, 6.77481445e+02, 4.21416931e+02, 8.18129957e-01,
       6.92177246e+02, 4.86170898e+02, 7.34738350e-01, 7.12675110e+02,
       4.06720886e+02, 6.01519227e-01, 1.61629626e+03, 4.44919220e+02,
       5.92408955e-01, 1.61337939e+03, 4.36100769e+02, 6.59326792e-01,
       1.56335645e+03, 4.50825134e+02, 3.06161702e-01, 1.63401074e+03,
       5.77343567e+02, 2.38846913e-01, 1.61926050e+03, 5.95026062e+02,
       1.77837387e-01, 1.56636133e+03, 5.53931396e+02, 2.63588578e-01 ]
