%YAML:1.0
---
pose_0: !!opencv-matrix
   rows: 1
   cols: 25
   dt: "3f"
   data: [ 6.59792908e+02, 5.24312378e+02, 7.90149927e-01,
       8.01068176e+02, 4.86212128e+02, 6.88791156e-01, 8.06910400e+02,
       5.74449463e+02, 5.48506260e-01, 9.65873657e+02, 6.56863220e+02,
       7.78534234e-01, 8.09813843e+02, 6.21627869e+02, 8.20078373e-01,
       8.01056824e+02, 3.89124084e+02, 6.50132477e-01, 9.24605591e+02,
       3.15287537e+02, 8.18848014e-01, 1.02179480e+03, 3.42076447e+02,
       8.48661363e-01, 1.11302295e+03, 5.42021179e+02, 5.41212976e-01,
       1.09543640e+03, 5.97860413e+02, 5.82452118e-01, 1.32498413e+03,
       6.68680481e+02, 3.99530172e-01, 1.48390564e+03, 6.48080811e+02,
       6.25538379e-02, 1.12191809e+03, 4.80242462e+02, 5.63099444e-01,
       1.32785303e+03, 5.53872498e+02, 7.49327898e-01, 1.60456396e+03,
       5.50891235e+02, 1.53042465e-01, 6.44949524e+02, 5.36159363e+02,
       7.95886815e-01, 6.45138672e+02, 5.00900452e+02, 8.60762477e-01,
       6.68505981e+02, 5.53796143e+02, 2.09360167e-01, 6.68716797e+02,
       4.59712128e+02, 4.50506568e-01, 0., 0., 0., 0., 0., 0., 0., 0.,
       0., 0., 0., 0., 0., 0., 0., 1.62812964e+03, 5.83228271e+02,
       6.21268526e-02 ]
