%YAML:1.0
---
pose_0: !!opencv-matrix
   rows: 2
   cols: 25
   dt: "3f"
   data: [ 8.06886841e+02, 4.50798706e+02, 4.21371788e-01,
       9.01106079e+02, 3.88970184e+02, 6.12799048e-01, 8.89416260e+02,
       3.65419067e+02, 3.13040763e-01, 8.80533508e+02, 3.15460236e+02,
       5.66723824e-01, 8.09805847e+02, 2.35954773e+02, 7.13337660e-01,
       8.80495056e+02, 4.47814148e+02, 5.50053239e-01, 8.83553284e+02,
       3.15414154e+02, 1.03262164e-01, 0., 0., 0., 1.14243250e+03,
       4.33228363e+02, 6.86535478e-01, 1.12192676e+03, 4.80240662e+02,
       6.37596905e-01, 1.31613428e+03, 5.92088867e+02, 7.50835299e-01,
       1.51040747e+03, 7.15725708e+02, 6.28387213e-01, 1.16016223e+03,
       3.86124237e+02, 6.12945735e-01, 1.37208826e+03, 3.86004456e+02,
       6.22247040e-01, 1.55457312e+03, 3.85994812e+02, 5.60263991e-01,
       0., 0., 0., 7.89283264e+02, 4.39070740e+02, 5.45344710e-01, 0.,
       0., 0., 7.92354614e+02, 4.12666962e+02, 7.67546654e-01,
       1.63100586e+03, 3.47834045e+02, 3.30087811e-01, 1.61930200e+03,
       3.47803772e+02, 3.60999435e-01, 1.58981055e+03, 3.86019318e+02,
       2.71849781e-01, 1.58990771e+03, 7.56865051e+02, 6.08773589e-01,
       1.57218860e+03, 7.62837036e+02, 5.92108011e-01, 1.52214575e+03,
       7.15788757e+02, 4.06880945e-01, 0., 0., 0., 0., 0., 0., 0., 0.,
       0., 0., 0., 0., 0., 0., 0., 9.27602112e+02, 3.06574310e+02,
       1.61605909e-01, 9.54116760e+02, 1.74271423e+02, 2.71795452e-01,
       8.36425171e+02, 1.74093964e+02, 2.33099908e-01, 0., 0., 0., 0.,
       0., 0., 0., 0., 0., 0., 0., 0., 0., 0., 0., 0., 0., 0., 0., 0.,
       0., 0., 0., 0., 0., 0., 0., 0., 0., 0., 0., 0., 0., 0., 0., 0.,
       0., 0., 0., 0., 0., 0., 0., 0., 0., 0., 0., 0., 0., 0., 0. ]
