%YAML:1.0
---
pose_0: !!opencv-matrix
   rows: 1
   cols: 25
   dt: "3f"
   data: [ 7.36238281e+02, 4.65555298e+02, 8.25081289e-01,
       8.60050415e+02, 4.59667084e+02, 7.86873937e-01, 8.68756470e+02,
       5.47901733e+02, 6.56041384e-01, 9.77763733e+02, 6.27361938e+02,
       8.52798402e-01, 8.98226379e+02, 6.21527771e+02, 6.09022319e-01,
       8.68760315e+02, 3.77274139e+02, 6.76433444e-01, 9.95316040e+02,
       3.59532990e+02, 7.34299779e-01, 1.05414331e+03, 3.47757629e+02,
       7.91930258e-01, 1.13654932e+03, 4.83262238e+02, 5.91129184e-01,
       1.12484131e+03, 5.30338989e+02, 6.34441853e-01, 1.33672351e+03,
       5.56725708e+02, 7.02954352e-01, 1.49563342e+03, 5.77339172e+02,
       6.34686768e-01, 1.13947583e+03, 4.33120056e+02, 6.15832686e-01,
       1.33387329e+03, 4.50760223e+02, 7.06225634e-01, 1.56044824e+03,
       4.59612244e+02, 6.11803174e-01, 7.15804077e+02, 4.83233856e+02,
       8.32403600e-01, 7.18735718e+02, 4.53645905e+02, 8.47032487e-01,
       7.42135498e+02, 5.03724121e+02, 2.68972129e-01, 7.45091614e+02,
       4.12582520e+02, 5.88142514e-01, 1.62228137e+03, 4.39045929e+02,
       4.15331423e-01, 1.61637024e+03, 4.36026886e+02, 4.76183325e-01,
       1.58990125e+03, 4.62626648e+02, 2.83124506e-01, 1.49279895e+03,
       6.53916687e+02, 2.86898732e-01, 1.48681018e+03, 6.47965210e+02,
       2.79567808e-01, 1.52514233e+03, 5.62679443e+02, 3.53791237e-01 ]
