%YAML:1.0
---
pose_0: !!opencv-matrix
   rows: 1
   cols: 25
   dt: "3f"
   data: [ 7.24517517e+02, 3.89058838e+02, 7.70803154e-01,
       8.12851685e+02, 3.42043762e+02, 6.79881334e-01, 8.09875122e+02,
       3.91952148e+02, 3.31969649e-01, 8.60007568e+02, 4.36083313e+02,
       1.82724729e-01, 8.06941467e+02, 4.97901306e+02, 3.47019315e-01,
       8.15890564e+02, 2.91847382e+02, 6.98155642e-01, 8.09833130e+02,
       3.85933655e+02, 8.33799005e-01, 7.65861511e+02, 4.83312500e+02,
       5.58005750e-01, 1.11890222e+03, 3.97886658e+02, 4.74198580e-01,
       1.11302100e+03, 4.53713745e+02, 4.75551754e-01, 1.33673621e+03,
       4.83178986e+02, 7.58552909e-01, 1.60453577e+03, 5.53755798e+02,
       5.89902341e-01, 1.12185168e+03, 3.38990784e+02, 4.46428269e-01,
       1.37205774e+03, 3.18287567e+02, 4.82580900e-01, 1.56333020e+03,
       3.00784576e+02, 5.76468050e-01, 7.12668457e+02, 4.06666687e+02,
       6.56608343e-01, 7.12793701e+02, 3.65597717e+02, 8.32629085e-01,
       0., 0., 0., 7.24551270e+02, 3.30119995e+02, 5.68801522e-01,
       1.63687976e+03, 2.68250610e+02, 4.12122607e-01, 1.63394763e+03,
       2.68249451e+02, 4.07653213e-01, 1.58985559e+03, 3.00696045e+02,
       3.03342521e-01, 1.70166907e+03, 5.27319946e+02, 3.12069237e-01,
       1.68993091e+03, 5.36191406e+02, 2.32251957e-01, 1.63107971e+03,
       5.56797241e+02, 3.51321757e-01 ]
