%YAML:1.0
---
pose_0: !!opencv-matrix
   rows: 1
   cols: 25
   dt: "3f"
   data: [ 7.42329895e+02, 3.86041779e+02, 8.63017261e-01,
       8.60032898e+02, 3.68500671e+02, 6.99891567e-01, 8.68739563e+02,
       4.56659271e+02, 7.32884109e-01, 9.83503967e+02, 5.21399292e+02,
       7.66665339e-01, 9.71804260e+02, 6.01028442e+02, 8.24656427e-01,
       8.59910217e+02, 2.97803375e+02, 5.85503876e-01, 9.68776367e+02,
       1.80119614e+02, 7.50039458e-01, 8.51042419e+02, 1.44706711e+02,
       7.39754498e-01, 1.12190173e+03, 3.68478424e+02, 5.60395658e-01,
       1.11895642e+03, 4.15536011e+02, 5.72981656e-01, 1.33967334e+03,
       4.36194427e+02, 6.09222174e-01, 1.55161926e+03, 4.68531708e+02,
       5.83664477e-01, 1.12191248e+03, 3.18388702e+02, 5.63642323e-01,
       1.36618457e+03, 3.03689392e+02, 5.29688060e-01, 1.58099585e+03,
       2.91795166e+02, 5.94232917e-01, 7.30461426e+02, 3.97795349e+02,
       7.72214770e-01, 7.33414795e+02, 3.65443146e+02, 8.24498415e-01,
       7.48059753e+02, 4.12715363e+02, 1.55356795e-01, 7.48135193e+02,
       3.38943085e+02, 5.34752607e-01, 1.64871777e+03, 2.53646774e+02,
       3.73945296e-01, 1.63993982e+03, 2.53650925e+02, 4.39157158e-01,
       1.63107080e+03, 2.94763458e+02, 2.37050474e-01, 1.60742029e+03,
       4.77279205e+02, 3.41863483e-01, 0., 0., 0., 1.58691333e+03,
       4.56784241e+02, 4.43042636e-01 ]
