%YAML:1.0
---
pose_0: !!opencv-matrix
   rows: 1
   cols: 25
   dt: "3f"
   data: [ 7.33371643e+02, 3.89137054e+02, 8.66588771e-01,
       8.62872742e+02, 3.86166046e+02, 7.43740916e-01, 8.80488770e+02,
       4.77310760e+02, 7.31726885e-01, 9.98347107e+02, 5.09657715e+02,
       8.19049060e-01, 1.09831165e+03, 5.77536926e+02, 8.23419452e-01,
       8.59855774e+02, 2.97816956e+02, 6.92023695e-01, 9.80572266e+02,
       2.21334106e+02, 8.64311755e-01, 1.10129395e+03, 2.71386688e+02,
       8.07153344e-01, 1.13368982e+03, 3.86058411e+02, 5.98152757e-01,
       1.13071899e+03, 4.33195892e+02, 6.10916257e-01, 1.33378955e+03,
       4.77215759e+02, 6.66781187e-01, 1.54278735e+03, 5.44969177e+02,
       5.81415653e-01, 1.13944885e+03, 3.35939301e+02, 5.82855165e-01,
       1.33087537e+03, 3.15398651e+02, 4.91197824e-01, 1.54574219e+03,
       2.94807129e+02, 4.92253214e-01, 7.18576904e+02, 4.09611328e+02,
       7.85873294e-01, 7.18669800e+02, 3.71406067e+02, 7.81107247e-01,
       7.39342224e+02, 4.30207275e+02, 1.77843541e-01, 7.42268555e+02,
       3.41861511e+02, 3.78164142e-01, 1.63396350e+03, 2.68286285e+02,
       2.76296794e-01, 1.63104749e+03, 2.65406586e+02, 2.88116187e-01,
       1.56929419e+03, 2.86007935e+02, 2.15296581e-01, 1.61342407e+03,
       5.36217285e+02, 4.97676820e-01, 1.61037610e+03, 5.50872070e+02,
       4.67521548e-01, 1.56930151e+03, 5.39129700e+02, 3.25069547e-01 ]
