%YAML:1.0
---
pose_0: !!opencv-matrix
   rows: 1
   cols: 25
   dt: "3f"
   data: [ 7.36207520e+02, 5.53849731e+02, 8.87481868e-01,
       8.51087891e+02, 5.50983459e+02, 7.13041604e-01, 8.39374634e+02,
       6.03925293e+02, 6.64572299e-01, 9.74716431e+02, 6.50992249e+02,
       3.14847946e-01, 0., 0., 0., 8.56899780e+02, 4.89121124e+02,
       6.49842381e-01, 9.80652832e+02, 4.74355652e+02, 6.92381859e-01,
       1.12779956e+03, 4.39014252e+02, 7.73144841e-01, 1.11889453e+03,
       6.00942139e+02, 5.84664643e-01, 1.11307263e+03, 6.48144165e+02,
       5.59713006e-01, 1.32796997e+03, 6.47962097e+02, 7.47602284e-01,
       1.55748596e+03, 6.68630005e+02, 6.50247157e-01, 1.12184473e+03,
       5.50822937e+02, 5.85474908e-01, 1.33671741e+03, 5.12584961e+02,
       5.61451674e-01, 1.52511108e+03, 4.59635010e+02, 6.03748262e-01,
       7.18669739e+02, 5.74292297e+02, 8.20941031e-01, 7.21662781e+02,
       5.36159668e+02, 8.07096958e-01, 7.39279541e+02, 5.94975891e+02,
       3.62576604e-01, 7.53974182e+02, 5.12575256e+02, 5.86402595e-01,
       1.63391675e+03, 4.30212708e+02, 3.54019493e-01, 1.63099304e+03,
       4.27310822e+02, 3.83329332e-01, 0., 0., 0., 1.63388928e+03,
       6.65615845e+02, 4.05321389e-01, 1.62221509e+03, 6.74532593e+02,
       3.72451991e-01, 1.58394080e+03, 6.59804443e+02, 3.21370214e-01 ]
