%YAML:1.0
---
pose_0: !!opencv-matrix
   rows: 1
   cols: 25
   dt: "3f"
   data: [ 7.24527466e+02, 3.36055878e+02, 8.17200303e-01,
       8.27496582e+02, 3.41887268e+02, 7.77135193e-01, 8.15780579e+02,
       4.12609680e+02, 5.51549733e-01, 7.59805298e+02, 4.59752777e+02,
       6.82956696e-01, 6.50994385e+02, 4.36155151e+02, 7.15390801e-01,
       8.15818970e+02, 2.71209534e+02, 7.20591664e-01, 8.56860229e+02,
       3.18399780e+02, 7.36424387e-01, 8.57026306e+02, 4.56703552e+02,
       8.61648560e-01, 1.08658081e+03, 3.65582458e+02, 5.62792182e-01,
       1.07778064e+03, 4.12603058e+02, 5.63297451e-01, 1.29846387e+03,
       4.32987274e+02, 7.08567083e-01, 1.51927380e+03, 4.53662689e+02,
       6.18195772e-01, 1.09245862e+03, 3.15507904e+02, 5.19687057e-01,
       1.33086560e+03, 2.97859344e+02, 5.69458067e-01, 1.55450891e+03,
       2.83076416e+02, 5.35060704e-01, 7.15668274e+02, 3.56603851e+02,
       7.73252070e-01, 7.15613647e+02, 3.18529327e+02, 7.66910315e-01,
       7.36313416e+02, 3.85954895e+02, 6.15827918e-01, 7.36336304e+02,
       3.00711639e+02, 3.73203874e-01, 1.63406152e+03, 2.62456238e+02,
       4.87955093e-01, 1.63110071e+03, 2.59487671e+02, 5.09510159e-01,
       1.56924963e+03, 2.77184662e+02, 1.85755268e-01, 1.60749573e+03,
       4.59571564e+02, 5.09621739e-01, 1.59278601e+03, 4.68500305e+02,
       4.54200774e-01, 1.54864685e+03, 4.36076263e+02, 3.59043270e-01 ]
