%YAML:1.0
---
pose_0: !!opencv-matrix
   rows: 1
   cols: 25
   dt: "3f"
   data: [ 7.92209473e+02, 5.50760010e+02, 5.97834826e-01,
       9.04041260e+02, 6.06822876e+02, 4.69933540e-01, 9.07007263e+02,
       6.18521301e+02, 4.69297618e-01, 9.74612122e+02, 4.86150116e+02,
       4.33880776e-01, 9.98175659e+02, 3.83039398e+02, 5.09411454e-01,
       9.36439514e+02, 5.74382935e+02, 2.86520183e-01, 9.68841553e+02,
       4.94958618e+02, 2.43125334e-01, 9.98191895e+02, 3.83038727e+02,
       3.58454555e-01, 1.15722766e+03, 6.00999268e+02, 5.68993270e-01,
       1.16009998e+03, 6.47970276e+02, 5.28788209e-01, 1.34853931e+03,
       6.44958679e+02, 7.98741877e-01, 1.55742737e+03, 7.12669861e+02,
       5.58467984e-01, 1.16006824e+03, 5.53837769e+02, 5.66250026e-01,
       1.28375415e+03, 5.47835205e+02, 5.74277878e-01, 1.40442883e+03,
       6.00887756e+02, 3.38785827e-01, 7.80494934e+02, 5.56848877e+02,
       5.46658933e-01, 7.77541199e+02, 5.36242004e+02, 1.71053410e-01,
       7.95203674e+02, 5.86211243e+02, 5.35342932e-01, 0., 0., 0.,
       1.49580310e+03, 5.80309387e+02, 5.76310270e-02, 1.49576648e+03,
       5.80357056e+02, 9.84999016e-02, 1.40449866e+03, 6.21435303e+02,
       2.02430457e-01, 1.61037366e+03, 6.89171814e+02, 4.79304016e-01,
       1.59574792e+03, 6.98076660e+02, 4.18152034e-01, 1.57223596e+03,
       7.21622620e+02, 3.46413076e-01 ]
