%YAML:1.0
---
pose_0: !!opencv-matrix
   rows: 2
   cols: 25
   dt: "3f"
   data: [ 7.42244995e+02, 5.27442871e+02, 2.03320146e-01,
       8.15787170e+02, 4.71440460e+02, 3.17573637e-01, 8.06940674e+02,
       4.77303558e+02, 1.88665986e-01, 0., 0., 0., 0., 0., 0.,
       8.36390564e+02, 4.50824402e+02, 3.24920177e-01, 9.39403564e+02,
       4.09617340e+02, 6.94777668e-01, 1.06892517e+03, 4.89115631e+02,
       7.83049524e-01, 1.06893652e+03, 4.68476013e+02, 1.79303616e-01,
       1.06884033e+03, 4.94932159e+02, 1.16295516e-01, 0., 0., 0., 0.,
       0., 0., 0., 0., 0., 0., 0., 0., 0., 0., 0., 7.27501587e+02,
       5.27240417e+02, 1.10365570e-01, 7.42223694e+02, 5.12652649e+02,
       1.81652218e-01, 0., 0., 0., 7.53973999e+02, 4.74370544e+02,
       1.91673994e-01, 0., 0., 0., 0., 0., 0., 0., 0., 0., 0., 0., 0.,
       0., 0., 0., 0., 0., 0., 0., 0., 0., 0., 0., 0., 0., 0., 0., 0.,
       0., 0., 0., 0., 0., 0., 0., 0., 0., 0., 0., 0., 0., 0.,
       1.12774023e+03, 4.09653900e+02, 2.61076391e-01, 1.14245154e+03,
       3.86141266e+02, 2.15235740e-01, 1.33095618e+03, 4.68482391e+02,
       6.28258288e-01, 1.60161609e+03, 4.21369171e+02, 3.25166166e-01,
       1.11007458e+03, 4.36106781e+02, 2.57860929e-01, 1.33078931e+03,
       5.18502502e+02, 6.92165077e-01, 1.62221851e+03, 4.30142548e+02,
       3.48889470e-01, 0., 0., 0., 0., 0., 0., 0., 0., 0., 0., 0., 0.,
       0., 0., 0., 0., 0., 0., 1.66047424e+03, 4.30223877e+02,
       1.74713030e-01, 0., 0., 0., 0., 0., 0., 0., 0., 0. ]
