%YAML:1.0
---
pose_0: !!opencv-matrix
   rows: 1
   cols: 25
   dt: "3f"
   data: [ 7.77524414e+02, 3.53671173e+02, 5.60179651e-01,
       8.80501282e+02, 3.91956757e+02, 7.25763202e-01, 8.57094666e+02,
       4.74403687e+02, 7.81598210e-01, 9.54013611e+02, 5.77294800e+02,
       9.00403440e-01, 9.77563110e+02, 4.97951416e+02, 8.12229335e-01,
       8.95216797e+02, 3.12469177e+02, 3.82269621e-01, 9.98281006e+02,
       2.41884567e+02, 2.21514165e-01, 9.83515808e+02, 3.12458588e+02,
       8.21811706e-02, 1.12481323e+03, 4.33208801e+02, 6.26252532e-01,
       1.11895581e+03, 4.83133148e+02, 5.86099982e-01, 1.33966003e+03,
       5.36207886e+02, 7.24597335e-01, 1.51331812e+03, 6.09769897e+02,
       5.57069659e-01, 1.13652222e+03, 3.83097778e+02, 6.14156961e-01,
       1.34850769e+03, 3.18446442e+02, 4.70984221e-01, 1.56337158e+03,
       2.71410461e+02, 5.87826252e-01, 7.65786499e+02, 3.74346436e+02,
       5.16640961e-01, 7.65685547e+02, 3.47829987e+02, 3.27818513e-01,
       7.86243591e+02, 4.12553680e+02, 5.27693748e-01, 7.68733521e+02,
       3.33106049e+02, 9.98550355e-02, 1.64578589e+03, 2.24223694e+02,
       4.47190762e-01, 1.64573572e+03, 2.24189148e+02, 4.03751671e-01,
       1.58689734e+03, 2.74248199e+02, 2.56029874e-01, 1.57223352e+03,
       5.83312012e+02, 1.62540287e-01, 1.56041687e+03, 6.03869019e+02,
       1.32936284e-01, 1.55158997e+03, 6.27379211e+02, 3.21778357e-01 ]
