%YAML:1.0
---
pose_0: !!opencv-matrix
   rows: 1
   cols: 25
   dt: "3f"
   data: [ 6.95005615e+02, 5.12703796e+02, 8.19198906e-01,
       8.09988647e+02, 5.18478699e+02, 7.01139152e-01, 8.18740662e+02,
       6.03902161e+02, 4.79130238e-01, 9.57027344e+02, 6.68595032e+02,
       3.91602576e-01, 9.92404724e+02, 6.62677368e+02, 4.97353613e-01,
       8.27561523e+02, 4.50788025e+02, 6.50972605e-01, 9.74610413e+02,
       3.62599396e+02, 7.49045730e-01, 9.30501770e+02, 3.91936371e+02,
       7.25907981e-01, 1.09248389e+03, 5.45013733e+02, 5.64044476e-01,
       1.07772266e+03, 5.97881714e+02, 5.69756508e-01, 1.33086267e+03,
       6.24446533e+02, 4.15124536e-01, 1.59868555e+03, 6.18533264e+02,
       4.19161618e-01, 1.10124219e+03, 4.83107208e+02, 5.31795919e-01,
       1.34555518e+03, 4.97883820e+02, 6.11432672e-01, 1.62806946e+03,
       4.71399811e+02, 5.88725567e-01, 6.71680176e+02, 5.30308472e+02,
       7.11889207e-01, 6.86289490e+02, 5.00845184e+02, 7.63972878e-01,
       6.98052979e+02, 5.47859802e+02, 2.17176259e-01, 7.15786194e+02,
       4.77345276e+02, 5.87656081e-01, 1.68406702e+03, 4.27257019e+02,
       2.38032207e-01, 1.68111865e+03, 4.30189209e+02, 2.44367629e-01,
       1.63992932e+03, 4.74383698e+02, 3.01964253e-01, 1.67522424e+03,
       6.30366760e+02, 2.64667958e-01, 1.66045349e+03, 6.44979553e+02,
       3.03132534e-01, 1.63394690e+03, 6.00984253e+02, 2.73124635e-01 ]
