%YAML:1.0
---
pose_0: !!opencv-matrix
   rows: 1
   cols: 25
   dt: "3f"
   data: [ 7.12822021e+02, 4.83139191e+02, 8.95424843e-01,
       8.33534790e+02, 5.06722504e+02, 6.68974221e-01, 8.42329712e+02,
       5.80331177e+02, 6.76244617e-01, 9.77622498e+02, 6.21539429e+02,
       7.11118340e-01, 1.00414630e+03, 5.89143616e+02, 5.41029871e-01,
       8.18743591e+02, 4.36180450e+02, 4.65971082e-01, 9.77650757e+02,
       3.59518372e+02, 4.37842965e-01, 9.45311829e+02, 3.65393372e+02,
       3.61161411e-01, 1.11302747e+03, 4.94962585e+02, 4.90010649e-01,
       1.10423584e+03, 5.42070923e+02, 4.98203754e-01, 1.33379517e+03,
       5.71442993e+02, 4.60027218e-01, 1.50161157e+03, 5.59729675e+02,
       5.38299918e-01, 1.11595874e+03, 4.36129730e+02, 4.78651106e-01,
       1.32788159e+03, 4.59537842e+02, 7.68077254e-01, 1.57513879e+03,
       4.71421539e+02, 6.39594257e-01, 6.95143921e+02, 4.94979431e+02,
       7.96447515e-01, 7.01015442e+02, 4.59699158e+02, 8.32477808e-01,
       7.15719299e+02, 5.15552490e+02, 4.24040765e-01, 7.36231079e+02,
       4.36070007e+02, 6.02011144e-01, 1.63705334e+03, 4.44935974e+02,
       4.93366510e-01, 1.63399182e+03, 4.41948700e+02, 5.50958693e-01,
       1.60454028e+03, 4.80288940e+02, 3.93457562e-01, 1.49863940e+03,
       6.42096558e+02, 1.55024081e-01, 1.49278345e+03, 6.24501648e+02,
       1.64338648e-01, 1.53980737e+03, 5.50955750e+02, 3.39838088e-01 ]
