%YAML:1.0
---
pose_0: !!opencv-matrix
   rows: 1
   cols: 25
   dt: "3f"
   data: [ 7.45203552e+02, 4.33042053e+02, 8.55967641e-01,
       8.71677063e+02, 4.12639648e+02, 7.16027200e-01, 8.59999573e+02,
       4.94934052e+02, 7.40875781e-01, 9.77620605e+02, 5.06709412e+02,
       7.76241779e-01, 8.83475891e+02, 4.24349365e+02, 8.20898175e-01,
       8.83382935e+02, 3.24239990e+02, 6.63610160e-01, 1.00713916e+03,
       2.80123169e+02, 7.96361923e-01, 9.30463623e+02, 2.47652191e+02,
       8.53853047e-01, 1.12188086e+03, 4.56723938e+02, 6.27083361e-01,
       1.11303064e+03, 5.06661163e+02, 6.40156209e-01, 1.31029602e+03,
       5.65556946e+02, 6.69221520e-01, 1.50153784e+03, 6.24450623e+02,
       5.82446098e-01, 1.13367432e+03, 4.06570587e+02, 5.95541120e-01,
       1.32783850e+03, 4.15576843e+02, 6.96778595e-01, 1.56923511e+03,
       4.27214111e+02, 6.07169509e-01, 7.33321655e+02, 4.39106018e+02,
       7.83419013e-01, 7.39139893e+02, 4.09657379e+02, 8.85411620e-01,
       7.56861694e+02, 4.56800049e+02, 1.87733784e-01, 7.59848267e+02,
       3.77204071e+02, 5.60605764e-01, 1.63386658e+03, 3.94935486e+02,
       4.09835100e-01, 1.62223413e+03, 3.94871460e+02, 4.58240241e-01,
       1.60739587e+03, 4.33181274e+02, 3.74670386e-01, 1.54280139e+03,
       5.77408691e+02, 2.78237432e-01, 1.53097070e+03, 5.92125854e+02,
       2.13659704e-01, 1.53101306e+03, 6.45039063e+02, 3.23048353e-01 ]
