%YAML:1.0
---
pose_0: !!opencv-matrix
   rows: 1
   cols: 25
   dt: "3f"
   data: [ 7.71627625e+02, 3.89103912e+02, 8.59554410e-01,
       8.80544739e+02, 3.94898804e+02, 7.48780608e-01, 8.80558960e+02,
       4.68484283e+02, 7.55450666e-01, 9.89452515e+02, 4.92073120e+02,
       7.71609366e-01, 9.09991638e+02, 4.21417877e+02, 7.14748323e-01,
       8.80405640e+02, 3.21268311e+02, 6.66453958e-01, 1.02178473e+03,
       2.97841034e+02, 8.30806553e-01, 9.04155701e+02, 3.38888977e+02,
       8.08988810e-01, 1.13662805e+03, 4.30213776e+02, 6.46059871e-01,
       1.11904224e+03, 4.77243866e+02, 6.34400427e-01, 1.29556934e+03,
       5.30292664e+02, 7.68939912e-01, 1.47219885e+03, 5.59722717e+02,
       6.45001352e-01, 1.14550696e+03, 3.80176880e+02, 5.81946015e-01,
       1.34556311e+03, 3.86168854e+02, 6.93583846e-01, 1.55454773e+03,
       3.92042511e+02, 6.65051699e-01, 7.62704834e+02, 4.06603638e+02,
       7.63208747e-01, 7.62853149e+02, 3.71405640e+02, 8.19711208e-01,
       7.77536682e+02, 4.27284454e+02, 4.49027658e-01, 7.86341675e+02,
       3.47826080e+02, 6.08931363e-01, 1.61932031e+03, 3.74321198e+02,
       5.59305966e-01, 1.61339966e+03, 3.68370392e+02, 6.25413120e-01,
       1.58098364e+03, 4.03712616e+02, 3.22502643e-01, 1.53972119e+03,
       5.83230774e+02, 3.25558007e-01, 1.53097815e+03, 5.86186829e+02,
       3.39243740e-01, 1.50158130e+03, 5.50849060e+02, 3.87140214e-01 ]
