%YAML:1.0
---
pose_0: !!opencv-matrix
   rows: 1
   cols: 25
   dt: "3f"
   data: [ 0., 0., 0., 8.56990845e+02, 5.21403809e+02, 2.26480737e-01,
       8.56941956e+02, 5.30265991e+02, 2.36673847e-01, 9.95278992e+02,
       5.47865051e+02, 7.80325085e-02, 1.14255603e+03, 5.12627930e+02,
       7.46491626e-02, 8.56971191e+02, 5.44952881e+02, 4.07909393e-01,
       9.98349609e+02, 5.47897461e+02, 5.53015769e-01, 1.14542505e+03,
       5.42043213e+02, 6.00677669e-01, 1.18959924e+03, 5.92062866e+02,
       3.57191324e-01, 1.20424463e+03, 5.98007996e+02, 4.09991086e-01,
       1.38682507e+03, 4.77340912e+02, 6.20590568e-01, 1.65748669e+03,
       7.18645569e+02, 3.65199476e-01, 1.18955261e+03, 5.56801270e+02,
       2.50325471e-01, 1.39564001e+03, 4.56745972e+02, 5.31465769e-01,
       1.49861609e+03, 6.39150818e+02, 5.23543417e-01, 0., 0., 0., 0.,
       0., 0., 7.83397339e+02, 4.86114532e+02, 6.97004497e-02, 0., 0.,
       0., 1.54276001e+03, 6.71482178e+02, 1.07301995e-01,
       1.53395544e+03, 6.62719116e+02, 8.87022614e-02, 1.48681104e+03,
       6.59784302e+02, 4.78246480e-01, 0., 0., 0., 0., 0., 0.,
       1.68104529e+03, 7.56876709e+02, 2.57979602e-01 ]
