%YAML:1.0
---
pose_0: !!opencv-matrix
   rows: 1
   cols: 25
   dt: "3f"
   data: [ 6.21574646e+02, 5.30445984e+02, 8.92742693e-01,
       7.62741394e+02, 5.53813538e+02, 6.48776293e-01, 7.62731323e+02,
       6.50942017e+02, 6.13700330e-01, 9.09916626e+02, 7.09838196e+02,
       7.56477535e-01, 1.04531030e+03, 7.77533264e+02, 7.89147496e-01,
       7.68783569e+02, 4.56762543e+02, 6.23906195e-01, 9.30650635e+02,
       4.09650635e+02, 8.09318483e-01, 1.09233313e+03, 3.50768860e+02,
       7.78244495e-01, 1.06889282e+03, 5.80343628e+02, 5.32514572e-01,
       1.06297754e+03, 6.42046082e+02, 4.81547713e-01, 1.34846741e+03,
       6.48112183e+02, 6.20399773e-01, 1.61638843e+03, 6.59797668e+02,
       5.59270918e-01, 1.06892395e+03, 5.18532349e+02, 5.10240734e-01,
       1.32791821e+03, 5.06652985e+02, 4.66341287e-01, 1.58689185e+03,
       5.09651031e+02, 2.84500420e-01, 6.03916077e+02, 5.50880981e+02,
       8.36675644e-01, 6.09752930e+02, 5.12602234e+02, 7.92297125e-01,
       6.21651245e+02, 5.77308044e+02, 5.23984313e-01, 6.33252991e+02,
       4.86178986e+02, 5.95895886e-01, 1.72824866e+03, 4.86150330e+02,
       2.80650526e-01, 1.72822046e+03, 4.83131409e+02, 3.06016207e-01,
       1.60166614e+03, 5.03814026e+02, 1.57314137e-01, 1.73998962e+03,
       6.45083069e+02, 3.53341699e-01, 1.73111389e+03, 6.59775024e+02,
       2.74174243e-01, 1.63698413e+03, 6.50977844e+02, 3.14800024e-01 ]
