%YAML:1.0
---
pose_0: !!opencv-matrix
   rows: 1
   cols: 25
   dt: "3f"
   data: [ 7.15720398e+02, 3.65424103e+02, 8.03156137e-01,
       8.48182800e+02, 3.62615662e+02, 6.67549610e-01, 8.57051208e+02,
       4.56744812e+02, 6.70081615e-01, 9.86454712e+02, 4.94923096e+02,
       6.78226173e-01, 1.06299719e+03, 5.27430298e+02, 7.08980560e-01,
       8.42320984e+02, 2.71281555e+02, 6.55488789e-01, 9.95241821e+02,
       2.27116638e+02, 7.81993330e-01, 1.09252539e+03, 2.09466705e+02,
       7.50632107e-01, 1.08949402e+03, 3.65482086e+02, 4.97819424e-01,
       1.08358740e+03, 4.15573730e+02, 5.21405220e-01, 1.31617175e+03,
       4.36006409e+02, 6.52714133e-01, 1.55750525e+03, 4.53690582e+02,
       5.18795609e-01, 1.09532935e+03, 3.06601532e+02, 4.85948682e-01,
       1.35144080e+03, 3.15281982e+02, 4.70364392e-01, 1.56337000e+03,
       3.12424713e+02, 6.08759522e-01, 6.98022644e+02, 3.77273285e+02,
       6.35666609e-01, 6.98000244e+02, 3.50693298e+02, 7.39861727e-01,
       7.18781799e+02, 3.94870819e+02, 4.21162397e-01, 7.18583435e+02,
       3.21273895e+02, 2.97400296e-01, 1.63707129e+03, 2.68408783e+02,
       4.84938234e-01, 1.63686865e+03, 2.68431580e+02, 4.81150627e-01,
       1.59572217e+03, 3.15328064e+02, 2.88813949e-01, 1.65759229e+03,
       4.33161133e+02, 2.73407996e-01, 1.64579578e+03, 4.44969818e+02,
       2.09133357e-01, 1.58989209e+03, 4.47881226e+02, 2.84859836e-01 ]
