%YAML:1.0
---
pose_0: !!opencv-matrix
   rows: 1
   cols: 25
   dt: "3f"
   data: [ 7.59816040e+02, 4.77297852e+02, 4.58521277e-01,
       8.80518616e+02, 4.86130798e+02, 6.37270987e-01, 8.80625793e+02,
       5.71483093e+02, 6.22743905e-01, 9.71682068e+02, 6.48009033e+02,
       8.36915314e-01, 8.86454407e+02, 5.98094238e+02, 7.32625127e-01,
       8.77624390e+02, 4.09683868e+02, 4.40088689e-01, 1.01882037e+03,
       3.68374390e+02, 3.25581372e-01, 1.04531506e+03, 3.62524261e+02,
       2.64934242e-01, 1.14539844e+03, 5.06715027e+02, 4.85702574e-01,
       1.14540247e+03, 5.53887695e+02, 4.85218465e-01, 1.37795447e+03,
       5.36165161e+02, 2.23489836e-01, 1.51925354e+03, 5.30292358e+02,
       3.30664635e-01, 1.14243750e+03, 4.53753906e+02, 4.55494463e-01,
       1.35438208e+03, 4.65591400e+02, 4.51979250e-01, 1.58100684e+03,
       4.65570221e+02, 4.94658440e-01, 7.45167419e+02, 4.83083801e+02,
       3.91625196e-01, 7.42198425e+02, 4.59696320e+02, 3.48039478e-01,
       7.62768799e+02, 5.03744995e+02, 5.35958588e-01, 7.65791016e+02,
       4.44981110e+02, 2.02011690e-01, 1.63697620e+03, 4.30150330e+02,
       4.18904513e-01, 1.63400427e+03, 4.30187317e+02, 4.38367426e-01,
       1.61929565e+03, 4.80295349e+02, 2.97996998e-01, 1.56627527e+03,
       5.39110291e+02, 1.20983437e-01, 0., 0., 0., 1.54575146e+03,
       5.33236938e+02, 1.85872734e-01 ]
