%YAML:1.0
---
pose_0: !!opencv-matrix
   rows: 2
   cols: 25
   dt: "3f"
   data: [ 7.86248962e+02, 5.06715271e+02, 8.59191954e-01,
       8.86440979e+02, 5.12620972e+02, 5.47424674e-01, 8.74661743e+02,
       5.74422119e+02, 6.09960794e-01, 9.71763794e+02, 6.24411865e+02,
       1.95236146e-01, 1.01888574e+03, 6.45150208e+02, 1.95905566e-01,
       8.51061646e+02, 4.39091858e+02, 3.39998186e-01, 9.42330322e+02,
       3.86011414e+02, 2.42128327e-01, 1.03941968e+03, 3.33074615e+02,
       4.51272428e-01, 1.15429041e+03, 5.59754639e+02, 5.52035689e-01,
       1.14839526e+03, 6.06850525e+02, 5.08999109e-01, 1.37205627e+03,
       6.47904907e+02, 7.90474236e-01, 1.55161731e+03, 6.95249573e+02,
       5.79622388e-01, 1.16017273e+03, 5.09773773e+02, 5.73318541e-01,
       1.35146289e+03, 4.59545532e+02, 6.78269982e-01, 1.56039917e+03,
       4.50788666e+02, 6.71596229e-01, 7.65836243e+02, 5.21391418e+02,
       7.78820038e-01, 7.68746460e+02, 4.86186615e+02, 7.81926394e-01,
       7.89268372e+02, 5.33204590e+02, 3.68393838e-01, 7.86250854e+02,
       4.62691223e+02, 5.17916203e-01, 1.61343494e+03, 3.85944611e+02,
       4.05739486e-01, 1.61047205e+03, 3.86070068e+02, 3.89919817e-01,
       1.58986816e+03, 4.56690918e+02, 3.71577650e-01, 1.59864771e+03,
       6.89161194e+02, 2.44384825e-01, 1.58990149e+03, 6.95194885e+02,
       2.35287130e-01, 1.58100330e+03, 6.98053467e+02, 3.74231696e-01,
       0., 0., 0., 0., 0., 0., 0., 0., 0., 0., 0., 0., 0., 0., 0.,
       9.48200745e+02, 4.65537567e+02, 2.28134125e-01, 1.06300781e+03,
       4.33106323e+02, 6.71644568e-01, 1.17779883e+03, 3.89119904e+02,
       7.84450650e-01, 0., 0., 0., 0., 0., 0., 0., 0., 0., 0., 0., 0.,
       0., 0., 0., 0., 0., 0., 0., 0., 0., 0., 0., 0., 0., 0., 0., 0.,
       0., 0., 0., 0., 0., 0., 0., 0., 0., 0., 0., 0., 0., 0., 0., 0.,
       0., 0., 0., 0., 0., 0., 0. ]
