%YAML:1.0
---
pose_0: !!opencv-matrix
   rows: 1
   cols: 25
   dt: "3f"
   data: [ 7.33394043e+02, 5.09752991e+02, 8.36112976e-01,
       8.42245544e+02, 5.53759460e+02, 7.32759714e-01, 8.33402039e+02,
       6.18488037e+02, 7.65093625e-01, 9.57119690e+02, 6.45135742e+02,
       7.49437630e-01, 1.08649255e+03, 6.56813843e+02, 7.65756130e-01,
       8.56991394e+02, 4.97906891e+02, 5.42179227e-01, 9.10027405e+02,
       4.83180145e+02, 6.91748708e-02, 0., 0., 0., 1.11901379e+03,
       5.15572327e+02, 5.50209880e-01, 1.12185706e+03, 5.68567627e+02,
       5.32661676e-01, 1.33087085e+03, 5.98094055e+02, 7.33686447e-01,
       1.55743958e+03, 6.59770508e+02, 6.09188378e-01, 1.11604773e+03,
       4.62554657e+02, 5.49828112e-01, 1.32201758e+03, 4.53669067e+02,
       6.63690090e-01, 1.56329688e+03, 4.39101654e+02, 6.78415835e-01,
       7.15758484e+02, 5.30255859e+02, 9.02985215e-01, 7.21622864e+02,
       5.00766968e+02, 8.46248031e-01, 7.33327637e+02, 5.65587708e+02,
       7.01326549e-01, 7.56859985e+02, 4.83223846e+02, 5.95313191e-01,
       1.63708521e+03, 4.36091400e+02, 3.27095062e-01, 1.63399524e+03,
       4.30161774e+02, 3.64294708e-01, 1.58399072e+03, 4.33197144e+02,
       2.86502272e-01, 1.63100671e+03, 6.68639771e+02, 4.28858638e-01,
       0., 0., 0., 1.58394116e+03, 6.48030945e+02, 3.57515991e-01 ]
