%YAML:1.0
---
pose_0: !!opencv-matrix
   rows: 1
   cols: 25
   dt: "3f"
   data: [ 7.06875671e+02, 4.94990509e+02, 7.48026967e-01,
       8.45223755e+02, 4.74372620e+02, 6.72557294e-01, 8.39406067e+02,
       5.56745422e+02, 6.38519049e-01, 9.83556946e+02, 6.18562561e+02,
       6.45205438e-01, 1.11902380e+03, 6.71621155e+02, 7.45839179e-01,
       8.57013123e+02, 3.83137604e+02, 6.38914824e-01, 1.02172858e+03,
       3.65435394e+02, 8.00594568e-01, 1.17784985e+03, 3.39000885e+02,
       8.01054478e-01, 1.13070947e+03, 5.24432678e+02, 5.84357440e-01,
       1.11597925e+03, 5.77305298e+02, 6.26820266e-01, 1.21314429e+03,
       6.62731506e+02, 3.06679636e-01, 0., 0., 0., 1.14245520e+03,
       4.65568542e+02, 5.53959072e-01, 1.35437085e+03, 5.06753448e+02,
       7.55277693e-01, 1.59575037e+03, 4.92028717e+02, 5.52501321e-01,
       6.92082275e+02, 5.06798462e+02, 7.41473556e-01, 6.92013062e+02,
       4.74372620e+02, 7.49379635e-01, 0., 0., 0., 7.06834045e+02,
       4.36159119e+02, 6.07482374e-01, 1.68697791e+03, 4.62598175e+02,
       2.90663540e-01, 1.68409497e+03, 4.59745087e+02, 2.80743748e-01,
       1.61345459e+03, 4.83142426e+02, 2.49164790e-01, 0., 0., 0., 0.,
       0., 0., 0., 0., 0. ]
