%YAML:1.0
---
pose_0: !!opencv-matrix
   rows: 1
   cols: 25
   dt: "3f"
   data: [ 7.51038696e+02, 5.33252441e+02, 7.40132630e-01,
       8.59899963e+02, 5.33283020e+02, 6.45857453e-01, 8.62864746e+02,
       6.00958435e+02, 5.45187414e-01, 9.68774841e+02, 6.74506287e+02,
       6.29941225e-01, 1.06586267e+03, 7.30456177e+02, 7.36429214e-01,
       8.60005859e+02, 4.62608002e+02, 4.45689946e-01, 9.51190979e+02,
       3.68389404e+02, 1.37988284e-01, 9.68822266e+02, 2.94853058e+02,
       5.47592603e-02, 1.11600940e+03, 5.59698181e+02, 5.47342479e-01,
       1.10717773e+03, 6.06836426e+02, 5.11983573e-01, 1.30438660e+03,
       6.47951904e+02, 6.26759946e-01, 1.51034167e+03, 6.86251282e+02,
       5.74917495e-01, 1.12186572e+03, 5.06755890e+02, 5.42793572e-01,
       1.33674402e+03, 4.97903137e+02, 4.95273918e-01, 1.53098596e+03,
       4.80189697e+02, 5.70436478e-01, 7.39202820e+02, 5.50814941e+02,
       6.12369061e-01, 7.42198425e+02, 5.12692444e+02, 7.70412028e-01,
       7.62806763e+02, 5.62694641e+02, 1.82849273e-01, 7.77484497e+02,
       4.86241272e+02, 5.56075990e-01, 1.61334253e+03, 4.50811768e+02,
       4.91994292e-01, 1.60751099e+03, 4.44945770e+02, 4.94277179e-01,
       1.57509680e+03, 4.83229370e+02, 2.38325998e-01, 1.57222485e+03,
       6.77424377e+02, 4.23668146e-01, 1.56342615e+03, 6.92160522e+02,
       4.23395813e-01, 1.53683203e+03, 6.83337341e+02, 3.49498600e-01 ]
