%YAML:1.0
---
pose_0: !!opencv-matrix
   rows: 1
   cols: 25
   dt: "3f"
   data: [ 7.27443848e+02, 4.83333862e+02, 8.31857443e-01,
       8.62887329e+02, 4.92035583e+02, 6.64859831e-01, 8.59910278e+02,
       5.74300598e+02, 7.15728760e-01, 9.45309570e+02, 6.50917664e+02,
       4.17865872e-01, 0., 0., 0., 8.77575928e+02, 4.15583557e+02,
       5.05915344e-01, 1.02166919e+03, 3.80134094e+02, 5.73921204e-01,
       9.27611450e+02, 3.91925293e+02, 1.39207080e-01, 1.14243237e+03,
       5.03818054e+02, 5.87852359e-01, 1.13944141e+03, 5.50936096e+02,
       6.14328504e-01, 1.32201575e+03, 5.77301514e+02, 7.45936334e-01,
       1.52222729e+03, 5.77436462e+02, 6.29874110e-01, 1.14247998e+03,
       4.50858673e+02, 5.67493796e-01, 1.36612659e+03, 4.56818542e+02,
       7.22039402e-01, 1.56636499e+03, 4.83279785e+02, 5.79672933e-01,
       7.12790710e+02, 5.03845184e+02, 7.87256956e-01, 7.15821289e+02,
       4.65526093e+02, 8.13246965e-01, 7.36276855e+02, 5.24345764e+02,
       1.54669538e-01, 7.42315735e+02, 4.36079529e+02, 5.02536416e-01,
       1.63111292e+03, 4.39005005e+02, 4.36569095e-01, 1.62521216e+03,
       4.39107666e+02, 4.57537711e-01, 1.58692480e+03, 5.03764313e+02,
       2.98838109e-01, 1.59866992e+03, 5.62635437e+02, 3.80727470e-01,
       1.58684717e+03, 5.77334534e+02, 3.33854347e-01, 1.54865442e+03,
       5.68570068e+02, 2.73710400e-01 ]
