%YAML:1.0
---
pose_0: !!opencv-matrix
   rows: 1
   cols: 25
   dt: "3f"
   data: [ 7.53970276e+02, 4.62682098e+02, 8.26357722e-01,
       8.45268372e+02, 4.77337677e+02, 7.46108055e-01, 8.36496155e+02,
       5.27236023e+02, 6.99101031e-01, 9.71756653e+02, 5.95009399e+02,
       7.91366100e-01, 8.65873291e+02, 5.71448486e+02, 7.49144852e-01,
       8.54089539e+02, 4.27302002e+02, 7.04808712e-01, 9.48129700e+02,
       4.09491882e+02, 8.04269075e-01, 8.45220581e+02, 4.80134369e+02,
       7.69476831e-01, 1.11596692e+03, 4.62664490e+02, 5.35052061e-01,
       1.11891882e+03, 5.06799408e+02, 6.02992237e-01, 1.32796216e+03,
       5.00833435e+02, 7.67841697e-01, 1.55163354e+03, 5.03814880e+02,
       6.29855633e-01, 1.11300952e+03, 4.12530273e+02, 5.52775443e-01,
       1.33671045e+03, 3.50750244e+02, 5.26844501e-01, 1.51922656e+03,
       3.47787048e+02, 2.26760253e-01, 7.39314270e+02, 4.80208313e+02,
       8.56133878e-01, 7.42236511e+02, 4.50761932e+02, 8.28974843e-01,
       7.59748901e+02, 5.00783508e+02, 2.52072811e-01, 7.62772400e+02,
       4.21336121e+02, 6.83693647e-01, 0., 0., 0., 0., 0., 0.,
       1.54573486e+03, 3.38992798e+02, 1.82476655e-01, 1.61933740e+03,
       5.00823761e+02, 4.99511838e-01, 1.61331042e+03, 5.09727570e+02,
       4.93131340e-01, 1.57517786e+03, 4.92049042e+02, 2.88879782e-01 ]
