%YAML:1.0
---
pose_0: !!opencv-matrix
   rows: 1
   cols: 25
   dt: "3f"
   data: [ 7.39315674e+02, 5.21388000e+02, 8.01237106e-01,
       8.68748840e+02, 4.97946167e+02, 6.97264791e-01, 8.83411499e+02,
       5.68520447e+02, 5.44948637e-01, 1.01002600e+03, 6.47939209e+02,
       8.50950837e-01, 9.12963257e+02, 6.45063416e+02, 8.31065536e-01,
       8.60016296e+02, 4.30117401e+02, 6.72559083e-01, 9.65896179e+02,
       3.38869965e+02, 8.09890330e-01, 1.01889276e+03, 3.83153778e+02,
       8.55428994e-01, 1.13654553e+03, 5.53735168e+02, 5.90285718e-01,
       1.11898877e+03, 6.00896484e+02, 6.23530984e-01, 1.37490454e+03,
       6.74498779e+02, 5.76067150e-01, 1.63990039e+03, 6.27414307e+02,
       4.17757869e-01, 1.14241760e+03, 4.97919525e+02, 5.40859044e-01,
       1.35448547e+03, 5.53861084e+02, 7.21267223e-01, 1.64577197e+03,
       4.83213043e+02, 5.91040194e-01, 7.24517822e+02, 5.33209106e+02,
       7.33600974e-01, 7.21647766e+02, 5.03821350e+02, 7.97541380e-01,
       7.51054810e+02, 5.47872681e+02, 2.32513964e-01, 7.42190308e+02,
       4.83141418e+02, 2.71794587e-01, 1.70171460e+03, 4.21398224e+02,
       2.57852823e-01, 0., 0., 0., 1.67222803e+03, 4.80305054e+02,
       2.42608547e-01, 1.66932983e+03, 6.39127014e+02, 1.86134651e-01,
       1.66055420e+03, 6.45061401e+02, 2.13652030e-01, 1.67519263e+03,
       6.39162659e+02, 3.36304814e-01 ]
