%YAML:1.0
---
pose_0: !!opencv-matrix
   rows: 1
   cols: 25
   dt: "3f"
   data: [ 0., 0., 0., 9.74684326e+02, 5.56792297e+02, 2.01070294e-01,
       9.30546265e+02, 5.97879028e+02, 3.43314767e-01, 8.12831665e+02,
       5.53757935e+02, 7.51186907e-01, 9.89435608e+02, 5.06797974e+02,
       1.65721461e-01, 1.00417731e+03, 5.30240540e+02, 1.16987571e-01,
       1.11006750e+03, 4.86213135e+02, 9.54913944e-02, 1.15424268e+03,
       4.77242401e+02, 1.70541972e-01, 1.14836414e+03, 5.95004761e+02,
       3.97834271e-01, 1.13949329e+03, 6.21574951e+02, 3.41382653e-01,
       1.39863379e+03, 5.09687622e+02, 7.60721028e-01, 1.63702747e+03,
       7.15780762e+02, 6.27413869e-01, 1.16307080e+03, 5.53904358e+02,
       3.10788929e-01, 1.40742090e+03, 5.03667694e+02, 4.67484355e-01,
       1.57806213e+03, 6.45022339e+02, 1.52267367e-01, 0., 0., 0., 0.,
       0., 0., 0., 0., 0., 0., 0., 0., 0., 0., 0., 0., 0., 0., 0., 0.,
       0., 1.68400952e+03, 7.21568542e+02, 4.09584135e-01,
       1.67222571e+03, 7.36358521e+02, 4.48200464e-01, 1.64875574e+03,
       7.39169067e+02, 4.16569352e-01 ]
