%YAML:1.0
---
pose_0: !!opencv-matrix
   rows: 1
   cols: 25
   dt: "3f"
   data: [ 6.21583069e+02, 5.00858154e+02, 7.80543208e-01,
       7.48090393e+02, 4.83206604e+02, 6.65268302e-01, 7.36235840e+02,
       5.98041260e+02, 6.56770945e-01, 8.68732239e+02, 6.68606995e+02,
       7.87267566e-01, 1.00415540e+03, 7.56915161e+02, 8.02737951e-01,
       7.77491943e+02, 3.68423126e+02, 6.28040314e-01, 9.54034058e+02,
       3.86034729e+02, 8.11776042e-01, 1.11895715e+03, 3.89152100e+02,
       8.21549952e-01, 1.04834851e+03, 5.47875244e+02, 5.54382324e-01,
       1.02771509e+03, 6.01047302e+02, 5.19315481e-01, 1.30430603e+03,
       6.21551331e+02, 5.49494863e-01, 1.61042480e+03, 6.21493286e+02,
       4.21603143e-01, 1.06892139e+03, 4.83129974e+02, 5.35252571e-01,
       1.30436255e+03, 4.59657074e+02, 5.00915170e-01, 1.64284241e+03,
       4.50829651e+02, 4.09278393e-01, 6.03918945e+02, 5.21399536e+02,
       7.29265690e-01, 6.00955444e+02, 4.80234009e+02, 7.23851323e-01,
       6.24501038e+02, 5.53742615e+02, 4.28866088e-01, 6.33302856e+02,
       4.41959381e+02, 4.57670540e-01, 1.74000793e+03, 4.36074310e+02,
       2.19659477e-01, 1.73997803e+03, 4.30244690e+02, 2.25950629e-01,
       1.65750024e+03, 4.59557556e+02, 2.91610628e-01, 1.70171875e+03,
       6.27414734e+02, 1.27115294e-01, 0., 0., 0., 1.63396692e+03,
       6.03914673e+02, 2.99426496e-01 ]
