%YAML:1.0
---
pose_0: !!opencv-matrix
   rows: 1
   cols: 25
   dt: "3f"
   data: [ 6.71533142e+02, 5.06739410e+02, 8.75964940e-01,
       7.86326843e+02, 5.27347046e+02, 7.26006448e-01, 7.89292480e+02,
       5.80365967e+02, 4.21097606e-01, 9.27684814e+02, 6.92264709e+02,
       8.56950521e-01, 8.86411560e+02, 6.30372620e+02, 6.78161383e-01,
       7.89380005e+02, 4.59717621e+02, 6.41301394e-01, 9.27686707e+02,
       3.47867462e+02, 8.18305731e-01, 8.30450928e+02, 3.80162506e+02,
       7.96924531e-01, 1.06882129e+03, 5.30256836e+02, 5.22350132e-01,
       1.06007312e+03, 5.80288330e+02, 5.29315293e-01, 1.28670813e+03,
       5.98048462e+02, 4.03799176e-01, 1.58398096e+03, 6.00830688e+02,
       3.18243742e-01, 1.06887378e+03, 4.68449677e+02, 5.30215979e-01,
       1.33083398e+03, 4.80250397e+02, 5.68504214e-01, 1.61344458e+03,
       4.83132385e+02, 4.34964448e-01, 6.51002930e+02, 5.27204895e+02,
       8.10343504e-01, 6.59797791e+02, 4.83308929e+02, 7.99534380e-01,
       6.71507385e+02, 5.53750427e+02, 2.85187215e-01, 6.92092224e+02,
       4.59723724e+02, 6.09556258e-01, 1.75164954e+03, 5.12597900e+02,
       1.10437468e-01, 1.75177808e+03, 5.03812622e+02, 1.07229047e-01,
       1.63695032e+03, 4.71430847e+02, 1.95520043e-01, 1.68102820e+03,
       5.92093872e+02, 1.14990920e-01, 0., 0., 0., 1.59870959e+03,
       5.98034302e+02, 2.43626565e-01 ]
