%YAML:1.0
---
pose_0: !!opencv-matrix
   rows: 1
   cols: 25
   dt: "3f"
   data: [ 7.15757385e+02, 4.62568878e+02, 8.61222327e-01,
       8.42289307e+02, 4.65539398e+02, 7.10647404e-01, 8.36532654e+02,
       5.50910583e+02, 7.86469519e-01, 9.18759033e+02, 6.45112976e+02,
       6.02409482e-01, 9.45213440e+02, 6.27464539e+02, 4.94140238e-01,
       8.51100708e+02, 3.83095886e+02, 6.61731720e-01, 1.00122803e+03,
       3.41945404e+02, 5.59762120e-01, 1.03648828e+03, 3.38897156e+02,
       5.21578193e-01, 1.11302979e+03, 4.80235718e+02, 5.56858361e-01,
       1.10423462e+03, 5.27350891e+02, 5.91996908e-01, 1.32204675e+03,
       5.53706299e+02, 7.48206139e-01, 1.56043713e+03, 5.65637573e+02,
       5.15472114e-01, 1.11597083e+03, 4.27236115e+02, 5.32794654e-01,
       1.36323413e+03, 4.33148773e+02, 5.61517000e-01, 1.58391504e+03,
       4.39001129e+02, 6.20190799e-01, 6.98129395e+02, 4.83143036e+02,
       8.06361556e-01, 7.01045410e+02, 4.39109589e+02, 7.89063990e-01,
       7.18798462e+02, 5.03852417e+02, 2.87971616e-01, 7.30432739e+02,
       4.12531586e+02, 4.77698773e-01, 1.64874023e+03, 4.18429321e+02,
       3.58133316e-01, 1.63986646e+03, 4.12645294e+02, 4.10957634e-01,
       1.61044702e+03, 4.44929993e+02, 2.96915591e-01, 1.66057410e+03,
       5.56758789e+02, 4.00568187e-01, 1.65170251e+03, 5.71477356e+02,
       3.32534730e-01, 1.58990918e+03, 5.53783020e+02, 2.78073698e-01 ]
