%YAML:1.0
---
pose_0: !!opencv-matrix
   rows: 1
   cols: 25
   dt: "3f"
   data: [ 7.77564819e+02, 5.30205627e+02, 7.92194307e-01,
       8.39382080e+02, 5.92107422e+02, 4.44428563e-01, 8.59950867e+02,
       6.24503784e+02, 5.06893158e-01, 9.30454468e+02, 4.80272491e+02,
       5.56509197e-01, 9.74569702e+02, 3.21417664e+02, 7.69415557e-01,
       8.39388367e+02, 5.50806274e+02, 2.23148704e-01, 9.27525574e+02,
       5.00784332e+02, 3.05618823e-01, 0., 0., 0., 1.14545825e+03,
       5.68499390e+02, 5.04344225e-01, 1.15134363e+03, 6.15667419e+02,
       5.02152264e-01, 1.37791772e+03, 6.50927429e+02, 7.25747466e-01,
       1.56328552e+03, 7.18606018e+02, 6.81042135e-01, 1.13957813e+03,
       5.12597229e+02, 5.86838186e-01, 1.25434009e+03, 4.50791840e+02,
       7.45859683e-01, 1.43091089e+03, 5.24378967e+02, 7.16190040e-01,
       7.62808228e+02, 5.42006592e+02, 7.60341763e-01, 7.62929810e+02,
       5.24326721e+02, 3.60769093e-01, 7.68671387e+02, 5.80288879e+02,
       4.52991784e-01, 0., 0., 0., 1.51929309e+03, 5.00812561e+02,
       5.31060755e-01, 1.51625513e+03, 4.89135712e+02, 5.10288954e-01,
       1.43978650e+03, 5.50830994e+02, 6.06354713e-01, 1.61934241e+03,
       6.92177063e+02, 5.11977792e-01, 1.61333521e+03, 7.09847229e+02,
       4.56337005e-01, 1.57518066e+03, 7.39261597e+02, 4.64914262e-01 ]
