%YAML:1.0
---
pose_0: !!opencv-matrix
   rows: 1
   cols: 25
   dt: "3f"
   data: [ 6.42168335e+02, 4.62588257e+02, 7.48202860e-01,
       7.86236633e+02, 5.09767517e+02, 6.19832695e-01, 7.89212708e+02,
       6.18485962e+02, 6.68973625e-01, 9.42329590e+02, 6.74596252e+02,
       6.94487274e-01, 1.08364990e+03, 7.39359802e+02, 8.06730509e-01,
       7.65787964e+02, 4.15531555e+02, 4.78216022e-01, 9.42338745e+02,
       3.18271423e+02, 7.51711786e-01, 1.09249878e+03, 2.15359268e+02,
       8.06141615e-01, 1.08947900e+03, 4.62571899e+02, 4.41015154e-01,
       1.08950647e+03, 5.21460388e+02, 3.96303087e-01, 1.35439783e+03,
       5.15620728e+02, 2.17563376e-01, 1.39848462e+03, 5.12690186e+02,
       8.19233432e-02, 1.08359119e+03, 4.03759399e+02, 4.62481707e-01,
       1.19249524e+03, 3.38919617e+02, 4.92897153e-01, 1.43384448e+03,
       2.47733505e+02, 3.79229844e-01, 6.18579590e+02, 4.83177979e+02,
       8.07879031e-01, 6.27492615e+02, 4.42014618e+02, 7.70488560e-01,
       6.47986084e+02, 5.30234802e+02, 3.90401036e-01, 6.62753479e+02,
       4.18476532e+02, 4.61888820e-01, 1.55159912e+03, 1.77098953e+02,
       2.77695239e-01, 1.55161816e+03, 1.74207779e+02, 2.58528084e-01,
       1.45154541e+03, 2.44810379e+02, 1.96689621e-01, 0., 0., 0., 0.,
       0., 0., 0., 0., 0. ]
