%YAML:1.0
---
pose_0: !!opencv-matrix
   rows: 1
   cols: 25
   dt: "3f"
   data: [ 7.92208679e+02, 5.09749664e+02, 7.94427812e-01,
       8.83515930e+02, 5.27299744e+02, 7.13302195e-01, 8.83452881e+02,
       5.77444153e+02, 7.27721512e-01, 9.01110596e+02, 6.68615662e+02,
       8.18330050e-01, 8.56858948e+02, 7.42088257e+02, 9.01493609e-01,
       8.83493958e+02, 4.77271057e+02, 5.10324717e-01, 8.60010132e+02,
       4.06628876e+02, 4.46349561e-01, 7.89230896e+02, 3.62515289e+02,
       7.53237844e-01, 1.13364197e+03, 5.30277283e+02, 3.98796946e-01,
       1.13655566e+03, 5.83232666e+02, 3.92202586e-01, 1.33388391e+03,
       6.21623657e+02, 7.41114378e-01, 1.53686511e+03, 6.39153259e+02,
       6.67926967e-01, 1.13659778e+03, 4.89058472e+02, 3.33496839e-01,
       1.34850061e+03, 4.74369202e+02, 5.69034994e-01, 1.54867151e+03,
       4.36088928e+02, 6.94174588e-01, 7.80401733e+02, 5.24307678e+02,
       7.08078384e-01, 7.89189697e+02, 4.94950623e+02, 7.51432240e-01,
       7.89344360e+02, 5.42057617e+02, 2.56398022e-01, 8.12934509e+02,
       4.71428345e+02, 4.08133864e-01, 1.62521289e+03, 4.21427399e+02,
       2.74496943e-01, 1.61636121e+03, 4.18423676e+02, 3.47692788e-01,
       1.57513342e+03, 4.21359009e+02, 3.21600616e-01, 1.56928955e+03,
       7.12755981e+02, 5.67945063e-01, 1.56338635e+03, 7.01065735e+02,
       4.92885411e-01, 1.56333057e+03, 6.21525879e+02, 5.82906067e-01 ]
