%YAML:1.0
---
pose_0: !!opencv-matrix
   rows: 1
   cols: 25
   dt: "3f"
   data: [ 7.68704712e+02, 5.12630371e+02, 8.44731331e-01,
       8.71701782e+02, 5.27240417e+02, 7.52393126e-01, 8.68764404e+02,
       5.83241821e+02, 6.22686803e-01, 9.48222839e+02, 6.92234924e+02,
       7.94008434e-01, 8.56979675e+02, 6.03845032e+02, 7.21643686e-01,
       8.68762146e+02, 4.68448242e+02, 6.58529699e-01, 9.15894958e+02,
       3.91942078e+02, 7.53403187e-01, 8.12923767e+02, 3.89163147e+02,
       8.36898565e-01, 1.13652209e+03, 5.27341919e+02, 6.00049734e-01,
       1.12780151e+03, 5.74328491e+02, 6.06398940e-01, 1.33088086e+03,
       6.06841003e+02, 6.98127091e-01, 1.51927539e+03, 6.27404419e+02,
       6.60044074e-01, 1.13956311e+03, 4.77277252e+02, 6.00068331e-01,
       1.33088611e+03, 4.74345276e+02, 6.97052360e-01, 1.54284009e+03,
       4.44895630e+02, 6.36786878e-01, 7.59793762e+02, 5.27314087e+02,
       8.34910870e-01, 7.62874939e+02, 4.97937805e+02, 8.59527707e-01,
       7.71665649e+02, 5.50743591e+02, 3.35772455e-01, 7.86299622e+02,
       4.68482025e+02, 5.90184450e-01, 1.61640234e+03, 4.18462433e+02,
       4.98605877e-01, 1.61051978e+03, 4.15492035e+02, 5.37221909e-01,
       1.57802930e+03, 4.53742676e+02, 2.88081497e-01, 1.57516492e+03,
       6.83314575e+02, 5.41596174e-01, 1.57513489e+03, 6.77439758e+02,
       5.00555158e-01, 1.54869397e+03, 6.06834534e+02, 4.98144716e-01 ]
