%YAML:1.0
---
pose_0: !!opencv-matrix
   rows: 1
   cols: 25
   dt: "3f"
   data: [ 7.36238403e+02, 5.71503540e+02, 8.45406055e-01,
       8.48203003e+02, 5.97902954e+02, 7.39466369e-01, 8.33532288e+02,
       6.83355408e+02, 5.94921291e-01, 9.89388184e+02, 7.39272278e+02,
       7.47442842e-01, 1.08659216e+03, 7.65869141e+02, 7.94633210e-01,
       8.57087952e+02, 5.06848663e+02, 7.22343206e-01, 9.07092102e+02,
       3.88991638e+02, 8.39963138e-01, 8.51054382e+02, 2.71221283e+02,
       7.76405692e-01, 1.09240588e+03, 6.21503845e+02, 6.53419793e-01,
       1.08363281e+03, 6.68542297e+02, 6.15507424e-01, 1.30733423e+03,
       6.77408997e+02, 6.40131533e-01, 1.53979614e+03, 6.95093384e+02,
       5.90081453e-01, 1.09539722e+03, 5.65596558e+02, 5.80576241e-01,
       1.30437390e+03, 5.74375793e+02, 6.22162104e-01, 1.52807788e+03,
       5.59726440e+02, 3.62032861e-01, 7.18552856e+02, 5.80337769e+02,
       8.06288183e-01, 7.21600708e+02, 5.53702515e+02, 8.45914781e-01,
       7.36300964e+02, 6.09732117e+02, 6.54968739e-01, 7.45180481e+02,
       5.33334839e+02, 4.66409564e-01, 1.63398193e+03, 5.53832458e+02,
       3.26164126e-01, 1.63106104e+03, 5.50809204e+02, 3.37595761e-01,
       1.61047595e+03, 5.68572937e+02, 1.50025323e-01, 1.59283557e+03,
       7.18620056e+02, 2.96140641e-01, 1.58689661e+03, 7.21606567e+02,
       3.33203048e-01, 1.56339221e+03, 6.77438965e+02, 3.58478934e-01 ]
