%YAML:1.0
---
pose_0: !!opencv-matrix
   rows: 1
   cols: 25
   dt: "3f"
   data: [ 6.42067200e+02, 5.27242004e+02, 8.10249746e-01,
       7.92312317e+02, 4.86205994e+02, 6.59343183e-01, 8.15748474e+02,
       5.97929016e+02, 5.08617997e-01, 9.54046265e+02, 6.50920593e+02,
       8.08701694e-01, 8.36362183e+02, 6.21606567e+02, 6.73367620e-01,
       7.86337708e+02, 4.00785126e+02, 6.31216228e-01, 9.04126160e+02,
       3.00780060e+02, 7.79061794e-01, 9.77635132e+02, 3.36086243e+02,
       8.41816485e-01, 1.08651648e+03, 5.27365173e+02, 5.49704015e-01,
       1.06886438e+03, 5.77509888e+02, 5.72839916e-01, 1.26017993e+03,
       6.33299866e+02, 3.05444241e-01, 1.47213391e+03, 6.42076599e+02,
       1.92288697e-01, 1.09546985e+03, 4.62665771e+02, 5.05795121e-01,
       1.31909900e+03, 5.24445313e+02, 5.79715133e-01, 1.66932861e+03,
       5.33193665e+02, 2.55428195e-01, 6.21537537e+02, 5.33206543e+02,
       7.40111828e-01, 6.24359009e+02, 5.03643005e+02, 8.38060141e-01,
       0., 0., 0., 6.45119751e+02, 4.59742615e+02, 4.97130573e-01, 0.,
       0., 0., 0., 0., 0., 1.68404150e+03, 5.50919495e+02,
       1.90974057e-01, 1.49269446e+03, 6.68588745e+02, 6.30557239e-02,
       1.49275183e+03, 6.68537598e+02, 6.26261905e-02, 1.51917737e+03,
       6.45087708e+02, 1.30620927e-01 ]
