%YAML:1.0
---
pose_0: !!opencv-matrix
   rows: 1
   cols: 25
   dt: "3f"
   data: [ 7.42240967e+02, 4.62664368e+02, 8.77639234e-01,
       8.59916321e+02, 4.92037079e+02, 7.40462422e-01, 8.54017700e+02,
       5.59709778e+02, 7.56161630e-01, 9.74803894e+02, 6.03945007e+02,
       7.59017289e-01, 1.11600891e+03, 6.53945740e+02, 8.02345693e-01,
       8.57057678e+02, 4.33055817e+02, 5.48702121e-01, 9.09950439e+02,
       3.92025421e+02, 4.81190622e-01, 8.54075317e+02, 4.59630035e+02,
       6.33014917e-01, 1.13660400e+03, 4.68510986e+02, 5.55821776e-01,
       1.13366638e+03, 5.18465393e+02, 5.60551226e-01, 1.36907336e+03,
       5.77500732e+02, 7.14231133e-01, 1.56043250e+03, 6.48080078e+02,
       6.69324040e-01, 1.13365198e+03, 4.12627777e+02, 5.43843508e-01,
       1.33084656e+03, 4.15499084e+02, 7.87236810e-01, 1.56927197e+03,
       4.33193085e+02, 6.86494708e-01, 7.33347107e+02, 4.80345673e+02,
       8.15192699e-01, 7.39108704e+02, 4.50814423e+02, 8.82360339e-01,
       7.45114014e+02, 5.06711700e+02, 7.35255480e-01, 7.62712402e+02,
       4.27295990e+02, 6.98771596e-01, 1.63707104e+03, 4.33094025e+02,
       3.43783319e-01, 1.63689160e+03, 4.21410645e+02, 4.02180910e-01,
       1.59868311e+03, 4.36050171e+02, 2.68822610e-01, 1.62516260e+03,
       6.71576599e+02, 4.74618882e-01, 1.61348621e+03, 6.80364502e+02,
       4.87646222e-01, 1.58985254e+03, 6.42094543e+02, 3.74859750e-01 ]
