%YAML:1.0
---
pose_0: !!opencv-matrix
   rows: 1
   cols: 25
   dt: "3f"
   data: [ 7.86234314e+02, 5.27414978e+02, 8.74255955e-01,
       8.71703796e+02, 5.30177734e+02, 7.39603937e-01, 8.83360107e+02,
       5.94948853e+02, 7.19093561e-01, 9.27684204e+02, 6.89200500e+02,
       8.78202021e-01, 8.80381714e+02, 7.59870605e+02, 8.64246249e-01,
       8.45168701e+02, 4.74385193e+02, 6.17256403e-01, 8.59876221e+02,
       3.88942413e+02, 6.92728698e-01, 8.39385132e+02, 3.38902100e+02,
       7.19883740e-01, 1.13368079e+03, 5.42051025e+02, 4.73348320e-01,
       1.13367188e+03, 5.89147766e+02, 4.66599226e-01, 1.33080786e+03,
       6.18596924e+02, 6.61888063e-01, 1.53102441e+03, 6.44968201e+02,
       6.74294651e-01, 1.13068091e+03, 4.89067719e+02, 4.56144154e-01,
       1.35150183e+03, 4.62543213e+02, 7.20037580e-01, 1.54863953e+03,
       4.36039642e+02, 7.00395286e-01, 7.68663025e+02, 5.36166809e+02,
       8.12210798e-01, 7.68721497e+02, 5.06808472e+02, 8.18544269e-01,
       7.86281494e+02, 5.53893860e+02, 2.29323640e-01, 7.86285156e+02,
       4.83222076e+02, 6.10914290e-01, 1.61927869e+03, 4.33147339e+02,
       3.73528719e-01, 1.61342664e+03, 4.24334900e+02, 4.14156735e-01,
       1.56633606e+03, 4.21357788e+02, 2.92791843e-01, 1.55158875e+03,
       7.18716736e+02, 5.27790189e-01, 1.53986377e+03, 7.15618347e+02,
       4.39772874e-01, 1.56331531e+03, 6.24545837e+02, 5.53955376e-01 ]
