%YAML:1.0
---
pose_0: !!opencv-matrix
   rows: 2
   cols: 25
   dt: "3f"
   data: [ 7.77475708e+02, 4.06584808e+02, 7.23278284e-01,
       8.59875427e+02, 4.39012726e+02, 6.68543041e-01, 8.59870300e+02,
       4.94946106e+02, 7.62224019e-01, 9.60057190e+02, 4.83109314e+02,
       8.02127779e-01, 9.33624390e+02, 3.30180847e+02, 7.59667039e-01,
       8.56900024e+02, 3.86079193e+02, 4.13180351e-01, 0., 0., 0., 0.,
       0., 0., 1.14250513e+03, 4.15528107e+02, 5.88199794e-01,
       1.13951514e+03, 4.62601013e+02, 6.13104820e-01, 1.32781433e+03,
       5.42072327e+02, 5.31544447e-01, 1.52805835e+03, 6.68566467e+02,
       5.29148817e-01, 1.14252563e+03, 3.65571320e+02, 5.86606860e-01,
       1.32791052e+03, 3.00694702e+02, 3.00310552e-01, 1.56339636e+03,
       2.56601257e+02, 3.67811203e-01, 7.62704651e+02, 4.24291138e+02,
       7.39771366e-01, 7.62756775e+02, 3.89070404e+02, 6.07441187e-01,
       7.83299438e+02, 4.59685669e+02, 4.97612655e-01, 0., 0., 0.,
       1.63989429e+03, 2.24171219e+02, 2.28795290e-01, 1.63701843e+03,
       2.24149719e+02, 2.22787723e-01, 1.57516235e+03, 2.56593353e+02,
       2.93508232e-01, 1.61055115e+03, 6.71503662e+02, 6.33941174e-01,
       1.60164014e+03, 6.83313049e+02, 4.85158175e-01, 1.54273035e+03,
       6.80437500e+02, 3.23155612e-01, 0., 0., 0., 0., 0., 0., 0., 0.,
       0., 0., 0., 0., 0., 0., 0., 9.92319031e+02, 3.65427429e+02,
       5.30231856e-02, 1.02489282e+03, 3.33024078e+02, 4.35397118e-01,
       1.12198059e+03, 2.47670319e+02, 3.03839892e-01, 0., 0., 0., 0.,
       0., 0., 0., 0., 0., 0., 0., 0., 0., 0., 0., 0., 0., 0., 0., 0.,
       0., 0., 0., 0., 0., 0., 0., 0., 0., 0., 0., 0., 0., 0., 0., 0.,
       0., 0., 0., 0., 0., 0., 0., 0., 0., 0., 0., 0., 0., 0., 0. ]
