%YAML:1.0
---
pose_0: !!opencv-matrix
   rows: 1
   cols: 25
   dt: "3f"
   data: [ 6.77413208e+02, 5.30187134e+02, 8.71729672e-01,
       8.12764526e+02, 5.45017090e+02, 6.37626708e-01, 8.33430115e+02,
       6.12719788e+02, 5.28011203e-01, 9.68837708e+02, 6.92140381e+02,
       8.30141187e-01, 8.53944092e+02, 6.95042053e+02, 7.74578989e-01,
       7.89216003e+02, 4.77316437e+02, 5.07917345e-01, 9.33474243e+02,
       3.65541290e+02, 5.91420650e-01, 1.01007153e+03, 3.89150208e+02,
       7.20418096e-01, 1.10712683e+03, 5.56800110e+02, 5.45848548e-01,
       1.09537244e+03, 6.09803711e+02, 6.03783250e-01, 1.28079065e+03,
       6.77469299e+02, 3.33439171e-01, 1.44853735e+03, 6.95095398e+02,
       1.83816448e-01, 1.11307422e+03, 5.00764954e+02, 5.57241619e-01,
       1.33081775e+03, 5.86246948e+02, 6.20774090e-01, 1.69875037e+03,
       5.74485413e+02, 3.58410418e-01, 6.65619873e+02, 5.47888611e+02,
       8.05326521e-01, 6.68654358e+02, 5.06779877e+02, 8.78891945e-01,
       6.74586975e+02, 5.74348267e+02, 4.26023185e-01, 6.92255615e+02,
       4.83247955e+02, 6.72943592e-01, 1.82232080e+03, 6.45088684e+02,
       1.01676352e-01, 1.82534106e+03, 6.42127380e+02, 9.12059024e-02,
       1.73406616e+03, 6.12677124e+02, 1.52375624e-01, 0., 0., 0., 0.,
       0., 0., 1.48386890e+03, 6.83314270e+02, 5.58685474e-02 ]
