%YAML:1.0
---
pose_0: !!opencv-matrix
   rows: 1
   cols: 25
   dt: "3f"
   data: [ 7.15689453e+02, 6.00978760e+02, 9.09232974e-01,
       8.36305725e+02, 5.86203674e+02, 6.87493205e-01, 8.30450562e+02,
       6.45164978e+02, 4.82249320e-01, 9.95266785e+02, 6.56850220e+02,
       4.12212878e-01, 1.07477185e+03, 7.12772827e+02, 6.55743361e-01,
       8.45177124e+02, 5.27309082e+02, 7.09435880e-01, 1.01885504e+03,
       4.74303986e+02, 6.83575630e-01, 1.16013843e+03, 4.36155823e+02,
       8.39604616e-01, 1.13069702e+03, 6.15595947e+02, 5.71743906e-01,
       1.11901599e+03, 6.59825989e+02, 6.17529690e-01, 1.29849915e+03,
       7.86286682e+02, 7.83930421e-01, 1.44858228e+03, 6.65691101e+02,
       2.05179363e-01, 1.13947827e+03, 5.59739380e+02, 5.52979112e-01,
       1.31611304e+03, 6.50954163e+02, 6.69170499e-01, 1.59281665e+03,
       6.71631165e+02, 4.44773048e-01, 6.97995422e+02, 6.18493958e+02,
       8.31598818e-01, 7.03953125e+02, 5.77547363e+02, 8.20962787e-01,
       7.15730164e+02, 6.30360352e+02, 1.70826733e-01, 7.24530029e+02,
       5.53798706e+02, 5.96207380e-01, 1.68409766e+03, 7.15731079e+02,
       1.68614432e-01, 1.68105066e+03, 6.71550964e+02, 1.89959615e-01,
       1.61633130e+03, 6.65672913e+02, 2.14705959e-01, 0., 0., 0., 0.,
       0., 0., 0., 0., 0. ]
