%YAML:1.0
---
pose_0: !!opencv-matrix
   rows: 1
   cols: 25
   dt: "3f"
   data: [ 7.50985535e+02, 3.92057770e+02, 8.44160974e-01,
       8.57074829e+02, 4.00727997e+02, 7.02556074e-01, 8.56976929e+02,
       4.68510468e+02, 6.16962194e-01, 9.86496338e+02, 5.03780212e+02,
       6.95824325e-01, 1.06900989e+03, 5.77393494e+02, 8.64096940e-01,
       8.74650879e+02, 3.21344696e+02, 6.70234263e-01, 1.01001007e+03,
       2.91847443e+02, 7.81464696e-01, 1.13071106e+03, 2.44716705e+02,
       8.26125383e-01, 1.12775464e+03, 4.03702972e+02, 5.61397612e-01,
       1.12190356e+03, 4.53667419e+02, 6.03961647e-01, 1.34850623e+03,
       5.18526672e+02, 6.80285633e-01, 1.54568994e+03, 5.71406372e+02,
       6.61384761e-01, 1.12778101e+03, 3.47786713e+02, 5.36688745e-01,
       1.37204517e+03, 3.30189148e+02, 4.78133380e-01, 1.56931250e+03,
       3.09469116e+02, 6.10854685e-01, 7.39122009e+02, 4.09660858e+02,
       8.53735685e-01, 7.42118347e+02, 3.80118866e+02, 8.66980076e-01,
       7.53968506e+02, 4.33210876e+02, 4.81220514e-01, 7.65872437e+02,
       3.53724548e+02, 5.86506963e-01, 1.65163318e+03, 2.88914246e+02,
       2.89206147e-01, 1.64283777e+03, 2.80160461e+02, 3.03907037e-01,
       1.59280054e+03, 2.91809601e+02, 2.47157991e-01, 1.61035474e+03,
       6.09726807e+02, 4.17986423e-01, 1.61047217e+03, 6.03906799e+02,
       4.40982223e-01, 1.57811011e+03, 5.53759644e+02, 4.77407932e-01 ]
