%YAML:1.0
---
pose_0: !!opencv-matrix
   rows: 1
   cols: 25
   dt: "3f"
   data: [ 6.71623535e+02, 4.33069733e+02, 8.85736704e-01,
       7.98160095e+02, 4.56593018e+02, 6.72748208e-01, 8.09855164e+02,
       5.47849792e+02, 5.97982883e-01, 9.27576477e+02, 5.77519897e+02,
       6.89498961e-01, 1.02168024e+03, 5.89093262e+02, 7.92847753e-01,
       8.12879517e+02, 3.65449097e+02, 5.77827334e-01, 9.65837158e+02,
       3.35945557e+02, 8.09608996e-01, 8.62929504e+02, 3.44863129e+02,
       7.65249312e-01, 1.08944458e+03, 4.62589417e+02, 5.50053775e-01,
       1.08063721e+03, 5.06871033e+02, 5.71725011e-01, 1.29258789e+03,
       5.47855835e+02, 7.14140356e-01, 1.51328479e+03, 5.53965454e+02,
       6.11397266e-01, 1.08947974e+03, 4.09598053e+02, 5.22412539e-01,
       1.33091370e+03, 4.09564178e+02, 6.20151043e-01, 1.57515662e+03,
       4.33233704e+02, 5.97093940e-01, 6.53924011e+02, 4.42002045e+02,
       8.07162762e-01, 6.68609375e+02, 4.09594299e+02, 9.16926265e-01,
       6.71649353e+02, 4.74303101e+02, 5.31428337e-01, 6.92258118e+02,
       3.86136902e+02, 6.34355187e-01, 1.63997351e+03, 4.09583160e+02,
       3.71624440e-01, 1.63696545e+03, 4.06637085e+02, 4.08101737e-01,
       1.61046143e+03, 4.47867218e+02, 3.13330591e-01, 1.59577209e+03,
       5.50828979e+02, 2.96683401e-01, 1.57809949e+03, 5.68554749e+02,
       2.56280750e-01, 1.53987878e+03, 5.36158264e+02, 2.79259980e-01 ]
