%YAML:1.0
---
pose_0: !!opencv-matrix
   rows: 1
   cols: 25
   dt: "3f"
   data: [ 7.77465637e+02, 5.09766266e+02, 8.27656865e-01,
       8.80483337e+02, 5.00788147e+02, 6.57961369e-01, 8.80595764e+02,
       5.68481567e+02, 6.35826707e-01, 9.98336548e+02, 5.97891113e+02,
       7.92269349e-01, 1.04542358e+03, 5.12587646e+02, 8.18092167e-01,
       8.80465881e+02, 4.33200562e+02, 5.77398360e-01, 1.02775452e+03,
       3.88962189e+02, 6.59351587e-01, 1.15428674e+03, 3.53638641e+02,
       7.38503754e-01, 1.12187207e+03, 4.86190033e+02, 6.27050817e-01,
       1.11903064e+03, 5.30340637e+02, 6.84702158e-01, 1.31025281e+03,
       5.53751648e+02, 5.76831996e-01, 1.53388123e+03, 5.06658752e+02,
       5.62126100e-01, 1.12776453e+03, 4.39003784e+02, 6.07539535e-01,
       1.27487805e+03, 4.83125885e+02, 7.73946941e-01, 1.48390869e+03,
       4.36214844e+02, 3.50065887e-01, 7.62731445e+02, 5.24383118e+02,
       8.56835186e-01, 7.65758179e+02, 4.91996704e+02, 8.31464231e-01,
       7.77537292e+02, 5.33265686e+02, 1.10506080e-01, 7.86252014e+02,
       4.59786774e+02, 6.69105232e-01, 1.61331970e+03, 4.33130493e+02,
       6.54514804e-02, 1.61052649e+03, 4.27265991e+02, 8.58123302e-02,
       1.50451050e+03, 4.24354584e+02, 2.68325865e-01, 1.58686243e+03,
       5.27281067e+02, 2.91816503e-01, 1.57513135e+03, 5.30285278e+02,
       2.89707512e-01, 1.56342236e+03, 4.94973145e+02, 3.38176966e-01 ]
