%YAML:1.0
---
pose_0: !!opencv-matrix
   rows: 1
   cols: 25
   dt: "3f"
   data: [ 7.39169128e+02, 5.50791565e+02, 8.85367393e-01,
       8.33450989e+02, 5.97871460e+02, 7.64885664e-01, 8.24625061e+02,
       6.68675476e+02, 5.85142970e-01, 9.51158997e+02, 6.94990845e+02,
       8.53581131e-01, 9.80668945e+02, 5.56813232e+02, 6.56844556e-01,
       8.54002747e+02, 5.24357788e+02, 6.58776999e-01, 9.98153992e+02,
       4.86228424e+02, 6.95876896e-01, 1.09250757e+03, 4.47825104e+02,
       6.41783476e-01, 1.09247131e+03, 6.03896118e+02, 5.81324160e-01,
       1.09238403e+03, 6.50947083e+02, 5.85048854e-01, 1.31911133e+03,
       6.50959534e+02, 6.38361812e-01, 1.52806519e+03, 6.98106018e+02,
       5.96867383e-01, 1.09531934e+03, 5.50994629e+02, 6.50923967e-01,
       1.31903491e+03, 5.77474365e+02, 6.47279799e-01, 1.50446826e+03,
       6.18553467e+02, 5.32381177e-01, 7.18647156e+02, 5.59775757e+02,
       8.09591591e-01, 7.24520691e+02, 5.33226929e+02, 6.92052543e-01,
       7.33403992e+02, 5.98044678e+02, 7.69300759e-01, 0., 0., 0.,
       1.58983411e+03, 5.74462769e+02, 4.77382839e-01, 1.58686279e+03,
       5.74374329e+02, 4.70810622e-01, 1.52509082e+03, 6.36216797e+02,
       4.11780387e-01, 1.58992627e+03, 6.95100952e+02, 3.65213007e-01,
       1.57512915e+03, 7.15632507e+02, 3.19695771e-01, 1.54868799e+03,
       6.95195374e+02, 3.66836011e-01 ]
