%YAML:1.0
---
pose_0: !!opencv-matrix
   rows: 1
   cols: 25
   dt: "3f"
   data: [ 8.09978027e+02, 4.12583099e+02, 8.76311839e-01,
       9.10055481e+02, 3.89125732e+02, 5.85361063e-01, 9.01191589e+02,
       4.53675446e+02, 7.82438934e-01, 9.57063171e+02, 3.97879456e+02,
       7.56259084e-01, 8.57097168e+02, 2.94879944e+02, 7.74980187e-01,
       9.24683533e+02, 3.41946686e+02, 3.69317561e-01, 1.00710260e+03,
       2.00701172e+02, 5.16551316e-01, 8.92327576e+02, 1.97524063e+02,
       7.15794921e-01, 1.16299768e+03, 4.18431519e+02, 6.25740409e-01,
       1.14238953e+03, 4.65540894e+02, 6.31950140e-01, 1.33076685e+03,
       5.77358521e+02, 8.29513013e-01, 1.51616565e+03, 6.92147034e+02,
       6.28167391e-01, 1.17775891e+03, 3.65479523e+02, 5.97908258e-01,
       1.38381897e+03, 3.65494690e+02, 6.13418698e-01, 1.56042151e+03,
       3.83175201e+02, 6.77643061e-01, 7.98119507e+02, 4.24326996e+02,
       7.02558279e-01, 7.95185974e+02, 3.92016998e+02, 7.52457500e-01,
       8.12983276e+02, 4.33306946e+02, 9.79813337e-02, 8.12870605e+02,
       3.62481873e+02, 5.15783846e-01, 1.61350659e+03, 3.65515076e+02,
       4.66654032e-01, 1.61044653e+03, 3.59620361e+02, 5.14321923e-01,
       1.57803308e+03, 3.86084351e+02, 4.15595561e-01, 1.58400500e+03,
       7.42157654e+02, 4.49929357e-01, 1.56931506e+03, 7.42280823e+02,
       4.18919414e-01, 1.53100916e+03, 6.92145813e+02, 3.91576588e-01 ]
