%YAML:1.0
---
pose_0: !!opencv-matrix
   rows: 1
   cols: 25
   dt: "3f"
   data: [ 7.48088928e+02, 4.65538696e+02, 7.95858681e-01,
       8.65874207e+02, 4.65604218e+02, 6.87469721e-01, 8.68789368e+02,
       5.39142090e+02, 6.46046877e-01, 1.00116650e+03, 5.89178589e+02,
       7.48675585e-01, 1.11898071e+03, 6.48018372e+02, 8.42775047e-01,
       8.65798340e+02, 4.03694885e+02, 5.74707866e-01, 1.02173975e+03,
       3.38947174e+02, 7.92126834e-01, 1.14250073e+03, 2.74326416e+02,
       8.13422382e-01, 1.13655969e+03, 4.65590240e+02, 5.71276784e-01,
       1.12774072e+03, 5.12690369e+02, 6.07941210e-01, 1.32791626e+03,
       5.83341309e+02, 7.79567003e-01, 1.55163428e+03, 6.51058289e+02,
       6.44908786e-01, 1.13662415e+03, 4.12649963e+02, 5.51316798e-01,
       1.33086670e+03, 4.33134613e+02, 7.92359471e-01, 1.56638147e+03,
       4.44913910e+02, 6.61780238e-01, 7.39156921e+02, 4.83179016e+02,
       8.23635817e-01, 7.39223877e+02, 4.53647614e+02, 8.58074307e-01,
       7.53921082e+02, 5.06658569e+02, 2.21129552e-01, 7.62716675e+02,
       4.24327454e+02, 6.19138896e-01, 1.63681494e+03, 4.74362366e+02,
       1.14797093e-01, 1.63101086e+03, 4.47901978e+02, 1.63210854e-01,
       1.60458289e+03, 4.36092560e+02, 3.40004027e-01, 1.61935107e+03,
       6.83313110e+02, 4.52249229e-01, 1.61639343e+03, 6.86283630e+02,
       4.95463401e-01, 1.58689551e+03, 6.42173950e+02, 3.96920621e-01 ]
