%YAML:1.0
---
pose_0: !!opencv-matrix
   rows: 1
   cols: 25
   dt: "3f"
   data: [ 7.42307678e+02, 5.80413269e+02, 8.67964327e-01,
       8.36412048e+02, 5.83320557e+02, 7.35499501e-01, 8.33313782e+02,
       6.45046570e+02, 6.52478933e-01, 9.04091736e+02, 6.80392334e+02,
       2.74130285e-01, 9.54154602e+02, 7.15699768e+02, 4.98385370e-01,
       8.53998962e+02, 5.18528625e+02, 6.88953698e-01, 9.77556702e+02,
       4.80191467e+02, 8.37906003e-01, 1.06598682e+03, 4.56664612e+02,
       8.59805822e-01, 1.10424988e+03, 5.92051880e+02, 5.54609716e-01,
       1.10718994e+03, 6.36243286e+02, 5.80390215e-01, 1.31021997e+03,
       6.45052795e+02, 6.93720281e-01, 1.51628992e+03, 6.33318542e+02,
       5.46174347e-01, 1.10423596e+03, 5.39153564e+02, 5.56348443e-01,
       1.31030737e+03, 5.50989380e+02, 7.34451413e-01, 1.51328223e+03,
       5.15560486e+02, 5.58633149e-01, 7.33372192e+02, 6.00843750e+02,
       8.33631933e-01, 7.36300964e+02, 5.71379944e+02, 8.45997930e-01,
       7.45224365e+02, 6.24405823e+02, 5.27192593e-01, 7.56881470e+02,
       5.47889343e+02, 5.30827284e-01, 1.58976636e+03, 4.77275574e+02,
       2.53680468e-01, 1.58690198e+03, 4.74367279e+02, 2.70888478e-01,
       1.51929407e+03, 5.00863770e+02, 2.06446737e-01, 1.57216125e+03,
       6.89175781e+02, 4.26310658e-01, 1.57516003e+03, 6.83296387e+02,
       4.14607286e-01, 1.54568958e+03, 6.12677490e+02, 4.40746516e-01 ]
