%YAML:1.0
---
pose_0: !!opencv-matrix
   rows: 1
   cols: 25
   dt: "3f"
   data: [ 7.59741577e+02, 3.94882935e+02, 8.39932799e-01,
       8.77502502e+02, 4.36242554e+02, 7.51904309e-01, 8.60064514e+02,
       5.15576538e+02, 7.45303392e-01, 1.00119702e+03, 5.53849182e+02,
       8.79989803e-01, 1.05415137e+03, 4.74298737e+02, 7.81331658e-01,
       8.80468933e+02, 3.65457184e+02, 6.69581771e-01, 1.02778113e+03,
       3.00706238e+02, 7.65710950e-01, 1.16015002e+03, 2.44797638e+02,
       7.65095115e-01, 1.14252441e+03, 3.91910553e+02, 5.51884890e-01,
       1.14256433e+03, 4.42029663e+02, 5.52886486e-01, 1.34854431e+03,
       4.83127716e+02, 6.69970393e-01, 1.54861621e+03, 5.71525085e+02,
       5.96529961e-01, 1.13952148e+03, 3.41879639e+02, 5.97763896e-01,
       1.32796130e+03, 3.18415924e+02, 7.95286417e-01, 1.55456140e+03,
       2.91974091e+02, 6.36452198e-01, 7.42131775e+02, 4.12520447e+02,
       8.78708243e-01, 7.45209473e+02, 3.85898895e+02, 8.59699368e-01,
       7.59773987e+02, 4.42000610e+02, 6.96750760e-01, 7.80495728e+02,
       3.65551270e+02, 5.58173418e-01, 1.63703064e+03, 2.88931702e+02,
       5.68964005e-01, 1.63405151e+03, 2.77187164e+02, 5.62112093e-01,
       1.56924878e+03, 2.80142120e+02, 2.92450905e-01, 1.61051770e+03,
       6.00973511e+02, 5.20573616e-01, 1.60754211e+03, 6.03857422e+02,
       5.21910071e-01, 1.58390063e+03, 5.56851990e+02, 3.74733716e-01 ]
