%YAML:1.0
---
pose_0: !!opencv-matrix
   rows: 1
   cols: 25
   dt: "3f"
   data: [ 7.62783264e+02, 4.94958710e+02, 8.50147963e-01,
       8.36415283e+02, 5.24420044e+02, 7.72204697e-01, 8.36369324e+02,
       5.74401428e+02, 7.97117114e-01, 9.54169495e+02, 6.12711609e+02,
       7.97921181e-01, 9.74572876e+02, 4.77271637e+02, 7.37520278e-01,
       8.39422058e+02, 4.77318878e+02, 6.10393167e-01, 9.24652588e+02,
       4.62558868e+02, 9.35863256e-02, 0., 0., 0., 1.13949438e+03,
       4.83275269e+02, 5.29239535e-01, 1.14249536e+03, 5.30338440e+02,
       5.35796821e-01, 1.36909680e+03, 6.06791748e+02, 5.68057418e-01,
       1.54284387e+03, 6.98067139e+02, 6.14942431e-01, 1.13072424e+03,
       4.33183929e+02, 5.31060338e-01, 1.33090015e+03, 3.85948792e+02,
       4.83692646e-01, 1.54867529e+03, 3.56616425e+02, 3.83818924e-01,
       7.42187744e+02, 5.06738556e+02, 8.98682475e-01, 7.56862061e+02,
       4.77263397e+02, 8.42602015e-01, 7.45251648e+02, 5.44937378e+02,
       7.25557387e-01, 7.80414734e+02, 4.56783081e+02, 6.65265858e-01,
       1.63704895e+03, 3.35957733e+02, 2.01696128e-01, 1.63704309e+03,
       3.27203369e+02, 1.95648462e-01, 1.56330542e+03, 3.50761658e+02,
       2.86484241e-01, 1.61643909e+03, 7.06837830e+02, 5.00635445e-01,
       1.61040503e+03, 7.15743530e+02, 4.76014495e-01, 1.56046838e+03,
       7.15712585e+02, 4.10702527e-01 ]
