%YAML:1.0
---
pose_0: !!opencv-matrix
   rows: 1
   cols: 25
   dt: "3f"
   data: [ 7.36363342e+02, 5.62620239e+02, 8.38284552e-01,
       8.51035156e+02, 5.59709290e+02, 6.43265545e-01, 8.48186218e+02,
       6.18616577e+02, 4.62886482e-01, 9.77669617e+02, 6.68615723e+02,
       1.62411541e-01, 1.12774243e+03, 7.18716187e+02, 1.81711525e-01,
       8.56934875e+02, 4.97862305e+02, 6.45875394e-01, 9.95331177e+02,
       4.65493500e+02, 7.26938426e-01, 1.13654199e+03, 4.39142487e+02,
       7.62048304e-01, 1.12184961e+03, 6.01037415e+02, 5.88423312e-01,
       1.11896057e+03, 6.50948669e+02, 5.64007759e-01, 1.33078271e+03,
       6.48089172e+02, 7.84249306e-01, 1.55751721e+03, 6.68559692e+02,
       6.48580790e-01, 1.12481055e+03, 5.50896484e+02, 6.08261168e-01,
       1.34845374e+03, 5.09677002e+02, 5.85633636e-01, 1.53685864e+03,
       4.59618408e+02, 6.59421206e-01, 7.21551331e+02, 5.77415771e+02,
       8.09476078e-01, 7.24511780e+02, 5.47987671e+02, 8.51448298e-01,
       7.39379944e+02, 5.98077515e+02, 5.09265959e-01, 7.48087219e+02,
       5.24390564e+02, 6.40289962e-01, 1.62810120e+03, 4.44950073e+02,
       4.15314257e-01, 1.61640112e+03, 4.36180084e+02, 4.21872169e-01,
       1.55454688e+03, 4.44904388e+02, 1.92209363e-01, 1.63107288e+03,
       6.71506409e+02, 4.72993076e-01, 1.61927039e+03, 6.80417358e+02,
       4.60953623e-01, 1.57810925e+03, 6.51052124e+02, 3.43321353e-01 ]
