%YAML:1.0
---
pose_0: !!opencv-matrix
   rows: 1
   cols: 25
   dt: "3f"
   data: [ 7.65872253e+02, 4.36136017e+02, 8.49706113e-01,
       8.56955261e+02, 4.15507172e+02, 6.74797118e-01, 8.54055420e+02,
       4.77313965e+02, 6.09960198e-01, 9.54071411e+02, 5.03828766e+02,
       2.66172439e-01, 0., 0., 0., 8.59976685e+02, 3.62566406e+02,
       6.70581758e-01, 1.00112122e+03, 2.94884644e+02, 8.01290691e-01,
       9.60041016e+02, 4.39096039e+02, 7.78066874e-01, 1.13956592e+03,
       4.41980377e+02, 5.05916357e-01, 1.13658240e+03, 4.86096222e+02,
       5.09365380e-01, 1.33382813e+03, 5.97845032e+02, 7.69608140e-01,
       1.54573035e+03, 5.68553406e+02, 6.05333626e-01, 1.13660461e+03,
       3.88949829e+02, 4.27709222e-01, 1.38678784e+03, 3.41923920e+02,
       6.79055274e-01, 1.53982666e+03, 1.94724014e+02, 3.35197300e-01,
       7.53958191e+02, 4.53727905e+02, 7.59434164e-01, 7.56913696e+02,
       4.12658295e+02, 7.77722895e-01, 7.68745361e+02, 4.68468597e+02,
       1.56320676e-01, 7.80458313e+02, 3.83012268e+02, 6.06154561e-01,
       1.60741272e+03, 1.50606522e+02, 1.17156327e-01, 0., 0., 0.,
       1.55452551e+03, 1.74187057e+02, 1.96265563e-01, 1.58692529e+03,
       6.30330566e+02, 2.86009252e-01, 1.58683044e+03, 6.24508728e+02,
       2.95598179e-01, 1.57224695e+03, 5.47915833e+02, 5.26070714e-01 ]
