%YAML:1.0
---
pose_0: !!opencv-matrix
   rows: 1
   cols: 25
   dt: "3f"
   data: [ 6.83276489e+02, 4.89066681e+02, 7.88660109e-01,
       7.89299438e+02, 5.27439209e+02, 7.85164237e-01, 7.89274292e+02,
       6.06855347e+02, 7.17079818e-01, 8.89392456e+02, 6.80433777e+02,
       6.63235009e-01, 9.71719604e+02, 6.89136230e+02, 7.91220784e-01,
       7.83443115e+02, 4.56678253e+02, 7.07872272e-01, 9.54004578e+02,
       4.12595978e+02, 8.95243466e-01, 8.15892395e+02, 4.27311707e+02,
       7.79040515e-01, 1.08067053e+03, 5.27349609e+02, 5.46674013e-01,
       1.08361035e+03, 5.77306519e+02, 5.68339944e-01, 1.31318384e+03,
       5.74562378e+02, 6.95192337e-01, 1.56638684e+03, 5.89193176e+02,
       5.53079009e-01, 1.07775891e+03, 4.68474518e+02, 5.46968937e-01,
       1.29554785e+03, 4.65491974e+02, 6.09446347e-01, 1.52221350e+03,
       4.77282684e+02, 5.21197736e-01, 6.65702393e+02, 5.06689270e+02,
       8.73837471e-01, 6.71500977e+02, 4.74303802e+02, 8.29063773e-01,
       6.86275574e+02, 5.36122742e+02, 6.03109062e-01, 6.95136841e+02,
       4.53811432e+02, 5.50060987e-01, 1.62809827e+03, 4.56621033e+02,
       4.74000394e-01, 1.62515674e+03, 4.50779388e+02, 4.72071499e-01,
       1.55453406e+03, 5.00820007e+02, 3.03872496e-01, 1.66053064e+03,
       5.77347778e+02, 4.91511047e-01, 1.65464539e+03, 5.89116089e+02,
       4.20514584e-01, 1.59866980e+03, 5.77429688e+02, 2.14019105e-01 ]
