%YAML:1.0
---
pose_0: !!opencv-matrix
   rows: 1
   cols: 25
   dt: "3f"
   data: [ 7.39145813e+02, 3.62533020e+02, 8.79594028e-01,
       8.59925171e+02, 3.71396484e+02, 7.61736095e-01, 8.56877930e+02,
       4.47849304e+02, 6.66329145e-01, 8.62993469e+02, 5.80361328e+02,
       8.29454660e-01, 7.62784119e+02, 5.77519043e+02, 7.68638372e-01,
       8.68713440e+02, 2.94767090e+02, 6.30384147e-01, 9.45233765e+02,
       1.77104370e+02, 8.17093015e-01, 9.01099365e+02, 5.04946175e+01,
       8.16643834e-01, 1.10129150e+03, 3.86095490e+02, 5.85737944e-01,
       1.09836243e+03, 4.33189667e+02, 5.78292847e-01, 1.34847693e+03,
       4.41986603e+02, 5.51396251e-01, 1.53987549e+03, 4.65504639e+02,
       6.23955965e-01, 1.10128516e+03, 3.36023621e+02, 5.39232552e-01,
       1.35443188e+03, 3.18274872e+02, 7.12815762e-01, 1.56629346e+03,
       2.97749390e+02, 6.38499439e-01, 7.21655945e+02, 3.86056915e+02,
       7.89982319e-01, 7.24489014e+02, 3.44949219e+02, 7.90849924e-01,
       7.42338318e+02, 4.12593933e+02, 4.40928638e-01, 7.48093811e+02,
       3.30082520e+02, 3.60352397e-01, 1.63706653e+03, 2.71255798e+02,
       5.29801011e-01, 1.63398523e+03, 2.68331116e+02, 5.25850892e-01,
       1.58982153e+03, 3.03641998e+02, 2.79886633e-01, 1.61030029e+03,
       4.80231598e+02, 4.56588954e-01, 1.59863940e+03, 4.89090546e+02,
       4.09113765e-01, 1.57223706e+03, 4.53707397e+02, 3.62863421e-01 ]
