%YAML:1.0
---
pose_0: !!opencv-matrix
   rows: 1
   cols: 25
   dt: "3f"
   data: [ 6.95149536e+02, 4.80095612e+02, 7.74478793e-01,
       8.15731323e+02, 5.24333252e+02, 7.23021865e-01, 8.03995056e+02,
       5.80350403e+02, 7.37078190e-01, 9.27581360e+02, 6.59763977e+02,
       8.28638315e-01, 9.68855408e+02, 6.24495911e+02, 8.07967961e-01,
       8.24639771e+02, 4.56710358e+02, 5.06450415e-01, 1.00416742e+03,
       4.56638916e+02, 6.05302870e-01, 1.12773474e+03, 4.30258972e+02,
       7.99778461e-01, 1.09544080e+03, 5.74428589e+02, 6.19748712e-01,
       1.07769580e+03, 6.21618347e+02, 5.43753982e-01, 1.30737488e+03,
       5.77381226e+02, 7.41935253e-01, 1.53099109e+03, 6.71531738e+02,
       5.01776814e-01, 1.11605298e+03, 5.24410217e+02, 5.93310475e-01,
       1.33967212e+03, 5.21454834e+02, 4.75853980e-01, 1.54276978e+03,
       6.01051147e+02, 5.29712617e-01, 6.77474854e+02, 4.95015656e+02,
       7.02488661e-01, 6.80358337e+02, 4.62567627e+02, 5.09043157e-01,
       7.01033081e+02, 5.33246521e+02, 5.86789429e-01, 0., 0., 0.,
       1.62515991e+03, 5.21436340e+02, 4.17865545e-01, 1.61636255e+03,
       5.24399963e+02, 3.96553695e-01, 1.56342456e+03, 6.30393738e+02,
       3.77646297e-01, 1.54276111e+03, 6.89247681e+02, 5.95172793e-02,
       1.53689917e+03, 6.95163818e+02, 1.06248915e-01, 1.56044678e+03,
       6.74507141e+02, 3.91221970e-01 ]
