%YAML:1.0
---
pose_0: !!opencv-matrix
   rows: 1
   cols: 25
   dt: "3f"
   data: [ 6.92086792e+02, 4.33199036e+02, 8.39391649e-01,
       8.12958374e+02, 4.18447906e+02, 6.99820638e-01, 8.18687439e+02,
       5.09771210e+02, 5.96452832e-01, 9.36430786e+02, 6.01063599e+02,
       8.19369674e-01, 8.59927551e+02, 5.86232544e+02, 7.82734811e-01,
       8.21628906e+02, 3.27164276e+02, 6.39545441e-01, 9.51248962e+02,
       2.94941071e+02, 8.48528206e-01, 1.04840710e+03, 2.97709015e+02,
       8.59431148e-01, 1.11596130e+03, 4.53724030e+02, 5.42562008e-01,
       1.10421545e+03, 5.03723389e+02, 5.61193466e-01, 1.33077966e+03,
       5.06825165e+02, 4.20288891e-01, 1.50747229e+03, 5.27359924e+02,
       4.59794372e-01, 1.11308118e+03, 3.88985840e+02, 4.77961659e-01,
       1.34260974e+03, 4.03744141e+02, 5.07707715e-01, 1.58396179e+03,
       4.09577881e+02, 5.38297415e-01, 6.71678772e+02, 4.47896698e+02,
       7.24405527e-01, 6.74454834e+02, 4.12441315e+02, 8.21724653e-01,
       6.95144836e+02, 4.62630951e+02, 3.26853067e-01, 6.95213623e+02,
       3.74258057e+02, 5.00442088e-01, 1.65757178e+03, 3.68453156e+02,
       4.01956052e-01, 1.65462427e+03, 3.68399780e+02, 3.84459198e-01,
       1.63393018e+03, 4.18429321e+02, 2.14763865e-01, 1.56639063e+03,
       5.12617188e+02, 1.93871558e-01, 1.55745996e+03, 5.27389160e+02,
       1.75546452e-01, 1.54570862e+03, 5.21465881e+02, 2.99212784e-01 ]
