%YAML:1.0
---
pose_0: !!opencv-matrix
   rows: 2
   cols: 25
   dt: "3f"
   data: [ 0., 0., 0., 0., 0., 0., 0., 0., 0., 0., 0., 0., 0., 0., 0.,
       8.12871765e+02, 4.59569672e+02, 1.79149657e-01, 9.09941589e+02,
       4.36032349e+02, 5.26572764e-01, 1.08950867e+03, 4.77267151e+02,
       6.35156929e-01, 0., 0., 0., 0., 0., 0., 0., 0., 0., 0., 0., 0.,
       0., 0., 0., 0., 0., 0., 0., 0., 0., 0., 0., 0., 7.18681152e+02,
       5.00860077e+02, 9.64678153e-02, 0., 0., 0., 7.15681091e+02,
       5.00806244e+02, 1.43635899e-01, 0., 0., 0., 0., 0., 0., 0., 0.,
       0., 0., 0., 0., 0., 0., 0., 0., 0., 0., 0., 0., 0.,
       7.62789978e+02, 4.62652649e+02, 1.91694915e-01, 7.95218323e+02,
       4.65543304e+02, 6.61268160e-02, 0., 0., 0., 0., 0., 0., 0., 0.,
       0., 0., 0., 0., 0., 0., 0., 1.06006335e+03, 4.21374908e+02,
       1.28262326e-01, 1.06006274e+03, 4.12614227e+02, 9.92898941e-02,
       1.32199670e+03, 4.65511200e+02, 1.43783435e-01, 1.54270618e+03,
       4.12519958e+02, 2.82841891e-01, 1.05711890e+03, 4.27258392e+02,
       1.32134914e-01, 1.33671277e+03, 4.71442444e+02, 3.22234452e-01,
       1.55748596e+03, 4.12639252e+02, 4.06591326e-01, 0., 0., 0., 0.,
       0., 0., 0., 0., 0., 0., 0., 0., 1.63406567e+03, 3.65499634e+02,
       1.87935859e-01, 1.63397839e+03, 3.65513245e+02, 1.90099761e-01,
       1.59575330e+03, 4.12580811e+02, 1.61957487e-01, 0., 0., 0., 0.,
       0., 0., 1.56334460e+03, 3.77244141e+02, 8.80049095e-02 ]
