%YAML:1.0
---
pose_0: !!opencv-matrix
   rows: 1
   cols: 25
   dt: "3f"
   data: [ 7.45130005e+02, 5.95015991e+02, 8.34541380e-01,
       8.36493164e+02, 5.50815002e+02, 5.86406589e-01, 8.27539246e+02,
       6.00923584e+02, 3.75212818e-01, 0., 0., 0., 0., 0., 0.,
       8.57030273e+02, 4.86237366e+02, 6.13202393e-01, 1.00412854e+03,
       4.59769562e+02, 7.42411494e-01, 1.13649658e+03, 4.44990662e+02,
       7.34605551e-01, 1.11600330e+03, 5.95071594e+02, 5.50755203e-01,
       1.11603357e+03, 6.45100647e+02, 5.62532663e-01, 1.31904553e+03,
       6.45203125e+02, 7.34682322e-01, 1.55157446e+03, 6.71617310e+02,
       6.18930757e-01, 1.11605347e+03, 5.36164185e+02, 5.56189299e-01,
       1.32205737e+03, 5.00832550e+02, 6.90368950e-01, 1.53682861e+03,
       4.65596741e+02, 5.70214629e-01, 7.33415100e+02, 6.00877014e+02,
       7.21291006e-01, 7.39176270e+02, 5.74380310e+02, 8.42947006e-01,
       0., 0., 0., 7.59786987e+02, 5.33294678e+02, 5.94334364e-01,
       1.63106384e+03, 4.39105255e+02, 5.62575877e-01, 1.62513208e+03,
       4.36160645e+02, 5.43033302e-01, 1.55746960e+03, 4.62666656e+02,
       2.25698724e-01, 1.62807764e+03, 6.65614746e+02, 5.64946413e-01,
       1.61348792e+03, 6.74520569e+02, 5.11013508e-01, 1.56639404e+03,
       6.74493469e+02, 2.97028452e-01 ]
