%YAML:1.0
---
pose_0: !!opencv-matrix
   rows: 1
   cols: 25
   dt: "3f"
   data: [ 7.83366699e+02, 5.24341431e+02, 5.63127995e-01,
       8.98167969e+02, 4.53805511e+02, 5.09094298e-01, 8.86483337e+02,
       4.56677399e+02, 3.81431967e-01, 1.04827026e+03, 5.03879517e+02,
       6.57437325e-01, 1.11906262e+03, 5.92063538e+02, 8.35366488e-01,
       9.03998779e+02, 4.59614044e+02, 7.08757579e-01, 1.01005994e+03,
       4.50808777e+02, 6.24742091e-01, 1.13939600e+03, 5.03908508e+02,
       8.34835351e-01, 1.13362976e+03, 4.06675751e+02, 2.86263198e-01,
       1.13952283e+03, 3.86034637e+02, 1.75147370e-01, 1.24843506e+03,
       4.12636047e+02, 8.72783884e-02, 0., 0., 0., 1.13947253e+03,
       4.09685577e+02, 3.65749449e-01, 1.35132117e+03, 4.83326904e+02,
       7.33823359e-01, 1.62519836e+03, 4.24338562e+02, 4.62928593e-01,
       7.62758911e+02, 5.09762634e+02, 8.14083368e-02, 7.65724548e+02,
       5.03716736e+02, 5.74856699e-01, 0., 0., 0., 7.86345398e+02,
       4.56705597e+02, 5.41687131e-01, 1.68098938e+03, 3.77233398e+02,
       2.76696622e-01, 1.68104272e+03, 3.80213715e+02, 2.63685465e-01,
       1.66638647e+03, 4.33159515e+02, 2.11358264e-01, 0., 0., 0., 0.,
       0., 0., 0., 0., 0. ]
