%YAML:1.0
---
pose_0: !!opencv-matrix
   rows: 1
   cols: 25
   dt: "3f"
   data: [ 7.36355896e+02, 3.38861908e+02, 8.50452065e-01,
       8.42280334e+02, 3.47810638e+02, 7.30420768e-01, 8.36299805e+02,
       4.21424225e+02, 7.03725278e-01, 8.12750610e+02, 5.39119812e+02,
       8.67364168e-01, 7.18704651e+02, 5.24343018e+02, 7.88916469e-01,
       8.54006470e+02, 2.71285156e+02, 6.98661864e-01, 9.21762695e+02,
       1.41795563e+02, 6.76693141e-01, 0., 0., 0., 1.11894177e+03,
       3.62602448e+02, 5.94909072e-01, 1.11603064e+03, 4.12446564e+02,
       5.66335976e-01, 1.32790222e+03, 4.32992615e+02, 6.77254617e-01,
       1.54285608e+03, 4.53751495e+02, 6.39867961e-01, 1.12186304e+03,
       3.12483521e+02, 5.45211017e-01, 1.35735120e+03, 2.97837189e+02,
       6.55626714e-01, 1.56036829e+03, 2.94786407e+02, 6.59378946e-01,
       7.18763855e+02, 3.56646271e+02, 7.64123976e-01, 7.21606934e+02,
       3.18517181e+02, 7.91411996e-01, 7.42174316e+02, 3.85933960e+02,
       5.53627133e-01, 7.42347168e+02, 3.03694977e+02, 4.01439250e-01,
       1.63704395e+03, 2.71300842e+02, 5.43000817e-01, 1.63406958e+03,
       2.68359497e+02, 5.67417681e-01, 1.58687317e+03, 2.94856110e+02,
       2.32271791e-01, 1.60740686e+03, 4.62608276e+02, 3.36737603e-01,
       0., 0., 0., 1.57806519e+03, 4.36152679e+02, 4.12363380e-01 ]
