%YAML:1.0
---
pose_0: !!opencv-matrix
   rows: 1
   cols: 25
   dt: "3f"
   data: [ 7.56869019e+02, 4.35995056e+02, 8.58886421e-01,
       8.80460754e+02, 4.15450500e+02, 6.84648335e-01, 9.04127563e+02,
       4.83273193e+02, 5.65321505e-01, 1.02191449e+03, 5.24301208e+02,
       7.82578468e-01, 1.09545605e+03, 6.00988770e+02, 8.68198097e-01,
       8.56994141e+02, 3.47765381e+02, 6.55607522e-01, 1.00417902e+03,
       2.86028778e+02, 8.41079593e-01, 1.07490625e+03, 3.89043274e+02,
       8.52256715e-01, 1.13654858e+03, 4.39044647e+02, 5.54486573e-01,
       1.13071912e+03, 4.86157379e+02, 6.06692314e-01, 1.32497461e+03,
       5.27313782e+02, 7.25952148e-01, 1.54277258e+03, 5.77331177e+02,
       6.77818477e-01, 1.13661694e+03, 3.86079559e+02, 6.03563368e-01,
       1.34261804e+03, 3.65370850e+02, 6.78441107e-01, 1.56627454e+03,
       3.15447815e+02, 6.64119244e-01, 7.42121948e+02, 4.50867554e+02,
       8.06282699e-01, 7.42101257e+02, 4.15528015e+02, 8.40379477e-01,
       7.62743530e+02, 4.62606079e+02, 1.87197149e-01, 7.59874329e+02,
       3.89050293e+02, 6.04100406e-01, 1.63707104e+03, 2.71275055e+02,
       4.17006344e-01, 1.63402637e+03, 2.71258698e+02, 4.15154308e-01,
       1.58694043e+03, 3.15414429e+02, 2.42767856e-01, 1.60460510e+03,
       5.62644043e+02, 3.35248917e-01, 1.60748267e+03, 5.94985962e+02,
       3.77065867e-01, 1.57224109e+03, 5.71487854e+02, 3.40557635e-01 ]
