%YAML:1.0
---
pose_0: !!opencv-matrix
   rows: 1
   cols: 25
   dt: "3f"
   data: [ 7.42171387e+02, 4.36220520e+02, 7.46897161e-01,
       8.36284607e+02, 5.30182373e+02, 6.60114527e-01, 8.33300415e+02,
       6.01053589e+02, 7.61863232e-01, 9.54229126e+02, 6.44979431e+02,
       8.49275589e-01, 1.06878406e+03, 6.21404907e+02, 8.53280663e-01,
       8.15819641e+02, 4.65507202e+02, 4.14110541e-01, 8.68781067e+02,
       4.42002563e+02, 6.37804568e-02, 0., 0., 0., 1.11010083e+03,
       4.86179352e+02, 5.13167977e-01, 1.11602136e+03, 5.36182739e+02,
       5.20068467e-01, 1.34260339e+03, 5.50885193e+02, 7.16132402e-01,
       1.56337170e+03, 5.62708618e+02, 6.33343816e-01, 1.10125452e+03,
       4.35997040e+02, 5.64909399e-01, 1.31614563e+03, 4.30141571e+02,
       4.79245305e-01, 1.53390820e+03, 4.12450317e+02, 5.16141057e-01,
       7.18637512e+02, 4.56560913e+02, 8.19837451e-01, 7.18779419e+02,
       4.33188202e+02, 3.48898143e-01, 7.36270874e+02, 5.03754791e+02,
       5.56257308e-01, 0., 0., 0., 1.65166357e+03, 3.88993622e+02,
       3.35205615e-01, 1.64577881e+03, 3.83142059e+02, 3.23672026e-01,
       1.55746082e+03, 4.03694550e+02, 2.70056307e-01, 1.63385547e+03,
       5.65578552e+02, 3.96084577e-01, 1.62513672e+03, 5.74498718e+02,
       3.99051964e-01, 1.58988525e+03, 5.47982178e+02, 3.32861811e-01 ]
