%YAML:1.0
---
pose_0: !!opencv-matrix
   rows: 1
   cols: 25
   dt: "3f"
   data: [ 6.95201599e+02, 4.56786530e+02, 8.35354447e-01,
       8.12819092e+02, 4.53746155e+02, 6.69287503e-01, 8.24576782e+02,
       5.30186646e+02, 5.76617599e-01, 9.51143066e+02, 5.80413452e+02,
       7.62911081e-01, 1.01887506e+03, 6.65657043e+02, 8.10004473e-01,
       8.09762573e+02, 3.68426147e+02, 6.10215664e-01, 9.65875671e+02,
       3.00710388e+02, 6.84072733e-01, 1.09834229e+03, 2.68294128e+02,
       8.74388337e-01, 1.09832288e+03, 4.83228058e+02, 5.85330725e-01,
       1.08950049e+03, 5.33328247e+02, 5.85076511e-01, 1.29552124e+03,
       5.80330505e+02, 6.27686441e-01, 1.56631213e+03, 6.24382996e+02,
       4.68282253e-01, 1.11007202e+03, 4.27286102e+02, 5.22967637e-01,
       1.38678406e+03, 4.12452332e+02, 5.37086546e-01, 1.59577515e+03,
       4.12604218e+02, 5.68214893e-01, 6.83330933e+02, 4.71374451e+02,
       7.26370573e-01, 6.86236084e+02, 4.36144867e+02, 7.90982068e-01,
       6.98010925e+02, 4.86225952e+02, 3.08901191e-01, 7.03913513e+02,
       4.09498077e+02, 5.28541267e-01, 1.67813770e+03, 4.47840088e+02,
       2.73277223e-01, 1.67805835e+03, 4.30193787e+02, 2.63060600e-01,
       1.61343555e+03, 3.92030701e+02, 2.15901196e-01, 1.65167932e+03,
       5.97908203e+02, 1.61663562e-01, 1.64576831e+03, 6.09738953e+02,
       1.03940263e-01, 1.60455566e+03, 6.12699585e+02, 1.72464937e-01 ]
