%YAML:1.0
---
pose_0: !!opencv-matrix
   rows: 1
   cols: 25
   dt: "3f"
   data: [ 6.27438965e+02, 4.83312408e+02, 8.46315503e-01,
       7.62666931e+02, 5.00786011e+02, 6.95818543e-01, 7.62774719e+02,
       5.86162964e+02, 6.54795408e-01, 8.86471130e+02, 6.48045349e+02,
       7.28094876e-01, 9.74718994e+02, 6.45060791e+02, 7.83957183e-01,
       7.45222290e+02, 4.12682129e+02, 6.47079408e-01, 9.30459595e+02,
       3.83176331e+02, 8.62819552e-01, 7.83356750e+02, 3.86033600e+02,
       8.28467488e-01, 1.06592761e+03, 5.00848663e+02, 5.20796657e-01,
       1.05715613e+03, 5.50951782e+02, 5.22716761e-01, 1.30431104e+03,
       5.50783691e+02, 5.83712280e-01, 1.58978809e+03, 5.56836914e+02,
       5.87578952e-01, 1.06593201e+03, 4.39039673e+02, 5.19930661e-01,
       1.32498523e+03, 4.30261505e+02, 5.97421467e-01, 1.54272534e+03,
       4.59615448e+02, 4.26177382e-01, 6.15619568e+02, 5.03742523e+02,
       7.98713624e-01, 6.18635803e+02, 4.62593353e+02, 8.47359240e-01,
       6.30400513e+02, 5.24361633e+02, 3.04895282e-01, 6.44993164e+02,
       4.33194519e+02, 6.63731456e-01, 1.63696460e+03, 4.24326813e+02,
       1.84218347e-01, 1.63404199e+03, 4.15536133e+02, 2.43430331e-01,
       1.56626038e+03, 4.80323425e+02, 2.98435599e-01, 1.69578040e+03,
       5.68551575e+02, 4.86608893e-01, 1.68114661e+03, 5.74517700e+02,
       4.88278270e-01, 1.61049646e+03, 5.39104065e+02, 2.89308518e-01 ]
