%YAML:1.0
---
pose_0: !!opencv-matrix
   rows: 1
   cols: 25
   dt: "3f"
   data: [ 7.42329468e+02, 4.18432343e+02, 7.97446132e-01,
       8.15767883e+02, 4.12482056e+02, 7.10156739e-01, 8.18716797e+02,
       4.56630157e+02, 6.24600172e-01, 8.83576111e+02, 5.30409485e+02,
       8.61189365e-01, 7.62656067e+02, 4.86115448e+02, 8.35276067e-01,
       8.09942261e+02, 3.65500824e+02, 5.03916860e-01, 8.80644714e+02,
       3.33073639e+02, 8.07138503e-01, 7.45117249e+02, 3.77282684e+02,
       8.19571495e-01, 1.12189026e+03, 4.50805664e+02, 5.94013572e-01,
       1.11894531e+03, 4.97851471e+02, 5.95868349e-01, 1.30741882e+03,
       5.03757965e+02, 7.55272388e-01, 1.54568140e+03, 5.09716827e+02,
       6.73635006e-01, 1.12776636e+03, 4.00745392e+02, 5.56220829e-01,
       1.33674036e+03, 3.89113159e+02, 5.65995574e-01, 1.55743481e+03,
       3.89025452e+02, 6.69199884e-01, 7.36235535e+02, 4.33167236e+02,
       7.85956204e-01, 7.39157532e+02, 4.06655731e+02, 7.58127928e-01,
       7.45110474e+02, 4.56600098e+02, 2.21740276e-01, 7.42292603e+02,
       3.83078339e+02, 4.07112241e-01, 1.61353784e+03, 3.56628693e+02,
       5.49552560e-01, 1.61042493e+03, 3.53675873e+02, 5.74573517e-01,
       1.57218494e+03, 4.06656036e+02, 3.40023309e-01, 1.62226318e+03,
       4.94945557e+02, 3.36913496e-01, 1.61337451e+03, 5.09711121e+02,
       2.84136683e-01, 1.57220703e+03, 5.00802063e+02, 3.68719667e-01 ]
