%YAML:1.0
---
pose_0: !!opencv-matrix
   rows: 1
   cols: 25
   dt: "3f"
   data: [ 7.80482910e+02, 3.88879944e+02, 8.95568490e-01,
       8.95240356e+02, 4.12510559e+02, 7.28029370e-01, 8.98177734e+02,
       4.92068512e+02, 6.97093964e-01, 1.01294122e+03, 5.06902252e+02,
       7.79977918e-01, 1.03653149e+03, 4.39100037e+02, 6.11189783e-01,
       8.83568237e+02, 3.41816315e+02, 6.42692208e-01, 1.04825354e+03,
       2.71205444e+02, 8.03934872e-01, 1.16317517e+03, 2.21094101e+02,
       8.53864431e-01, 1.14842090e+03, 3.80180481e+02, 5.84632039e-01,
       1.15128918e+03, 4.30195770e+02, 5.92342794e-01, 1.36611646e+03,
       4.62628113e+02, 7.72748232e-01, 1.54866699e+03, 5.30236389e+02,
       5.45209587e-01, 1.15718848e+03, 3.24234680e+02, 5.73043227e-01,
       1.36912622e+03, 3.15423584e+02, 4.88638014e-01, 1.56921606e+03,
       2.94774933e+02, 6.44597173e-01, 7.65679626e+02, 3.97817993e+02,
       8.09445262e-01, 7.68737183e+02, 3.65582214e+02, 8.46060097e-01,
       7.83397522e+02, 4.27223114e+02, 5.39479673e-01, 7.95169678e+02,
       3.47838257e+02, 6.10733807e-01, 1.64577234e+03, 2.74198212e+02,
       3.91677856e-01, 1.63992725e+03, 2.68416687e+02, 4.23758209e-01,
       1.58687915e+03, 2.83092072e+02, 2.64497519e-01, 1.61340491e+03,
       5.50813049e+02, 3.04641008e-01, 1.60751636e+03, 5.56748413e+02,
       2.84088820e-01, 1.58393372e+03, 5.30236328e+02, 3.21574122e-01 ]
