%YAML:1.0
---
pose_0: !!opencv-matrix
   rows: 1
   cols: 25
   dt: "3f"
   data: [ 7.15599243e+02, 4.80145905e+02, 8.06669712e-01,
       8.36397156e+02, 5.09780701e+02, 7.46996522e-01, 8.24560974e+02,
       5.77448730e+02, 7.25354373e-01, 9.30627808e+02, 6.45011414e+02,
       7.82199502e-01, 1.01300232e+03, 6.56894897e+02, 7.84985065e-01,
       8.54004822e+02, 4.44935974e+02, 5.90513885e-01, 1.00127966e+03,
       4.41965912e+02, 6.99041188e-01, 1.11885242e+03, 4.12669006e+02,
       8.28495860e-01, 1.10126770e+03, 5.56735168e+02, 5.98355651e-01,
       1.08070300e+03, 6.03817505e+02, 5.41700482e-01, 1.28970496e+03,
       5.95029907e+02, 7.29664743e-01, 1.54864722e+03, 6.92130920e+02,
       5.38627505e-01, 1.11897668e+03, 5.06763214e+02, 5.94476938e-01,
       1.35133679e+03, 4.97835999e+02, 7.07765937e-01, 1.56039746e+03,
       5.74524170e+02, 7.21289158e-01, 6.98106018e+02, 5.00761871e+02,
       7.32898951e-01, 6.98159363e+02, 4.68467773e+02, 6.63828850e-01,
       7.21591309e+02, 5.30207947e+02, 5.97311556e-01, 7.18791199e+02,
       4.56641510e+02, 1.66954830e-01, 1.60744922e+03, 5.12599243e+02,
       3.54707122e-01, 1.60452429e+03, 5.18513550e+02, 3.84492904e-01,
       1.57516846e+03, 5.98005676e+02, 4.85496610e-01, 1.66932446e+03,
       6.45044678e+02, 5.50156355e-01, 1.66047827e+03, 6.59746033e+02,
       4.04499829e-01, 1.57217603e+03, 7.06896301e+02, 4.00946438e-01 ]
