%YAML:1.0
---
pose_0: !!opencv-matrix
   rows: 1
   cols: 25
   dt: "3f"
   data: [ 7.56963135e+02, 4.33272980e+02, 4.48500454e-01,
       8.98151978e+02, 4.62630646e+02, 4.18211728e-01, 9.30570435e+02,
       5.00786652e+02, 3.28404337e-01, 9.54045532e+02, 5.68512939e+02,
       8.01505625e-01, 8.45265625e+02, 5.33327393e+02, 7.79934764e-01,
       8.42310425e+02, 4.06686798e+02, 3.21100742e-01, 9.54057129e+02,
       3.68348694e+02, 8.22110415e-01, 8.21664612e+02, 4.36091797e+02,
       7.23207653e-01, 1.13660986e+03, 4.44965424e+02, 4.74479496e-01,
       1.14248047e+03, 4.94994507e+02, 5.06488979e-01, 1.33074548e+03,
       4.97862946e+02, 7.33349264e-01, 1.56332239e+03, 5.03682526e+02,
       6.76045358e-01, 1.12486755e+03, 3.91986176e+02, 5.23659587e-01,
       1.33089636e+03, 3.41962219e+02, 3.02060127e-01, 1.49861414e+03,
       3.21300110e+02, 2.77456403e-01, 7.48117981e+02, 4.50755737e+02,
       2.84508884e-01, 7.45098450e+02, 4.33104340e+02, 3.26322675e-01,
       7.62799927e+02, 4.80200195e+02, 1.69635832e-01, 7.56846741e+02,
       4.30132355e+02, 2.10569665e-01, 0., 0., 0., 0., 0., 0.,
       1.52804517e+03, 3.15386261e+02, 1.93742663e-01, 1.63109424e+03,
       5.06764191e+02, 4.34951991e-01, 1.62518774e+03, 5.18544983e+02,
       4.46443915e-01, 1.58695959e+03, 4.83249420e+02, 4.22189027e-01 ]
