%YAML:1.0
---
pose_0: !!opencv-matrix
   rows: 1
   cols: 25
   dt: "3f"
   data: [ 7.45218689e+02, 4.00790649e+02, 8.12564015e-01,
       8.36420227e+02, 3.86046783e+02, 7.76688933e-01, 8.15864990e+02,
       4.36148376e+02, 6.63306177e-01, 8.86406799e+02, 4.92018799e+02,
       2.82437325e-01, 9.48219238e+02, 5.27249146e+02, 2.54696518e-01,
       8.56949585e+02, 3.38914368e+02, 7.69316435e-01, 9.65934631e+02,
       2.94785126e+02, 8.38854551e-01, 9.54019592e+02, 4.53767120e+02,
       8.13650727e-01, 1.12480627e+03, 4.06689056e+02, 3.77564460e-01,
       1.13949585e+03, 4.50758026e+02, 3.54988605e-01, 1.34264331e+03,
       5.03763489e+02, 5.72105110e-01, 1.54284265e+03, 5.27207031e+02,
       4.81608123e-01, 1.11601160e+03, 3.62556244e+02, 3.06730449e-01,
       1.35737158e+03, 3.06588623e+02, 3.99056941e-01, 1.53976001e+03,
       1.74142548e+02, 3.43481183e-01, 7.33407776e+02, 4.09614716e+02,
       7.93063641e-01, 7.42074707e+02, 3.83071716e+02, 8.51330578e-01,
       7.51077637e+02, 4.24325287e+02, 7.40021765e-02, 7.62728455e+02,
       3.44917969e+02, 7.17608750e-01, 0., 0., 0., 0., 0., 0., 0., 0.,
       0., 1.57512231e+03, 5.86254272e+02, 1.52184531e-01,
       1.56337451e+03, 5.80383057e+02, 1.45431831e-01, 1.58097607e+03,
       5.03755096e+02, 2.95474201e-01 ]
