%YAML:1.0
---
pose_0: !!opencv-matrix
   rows: 1
   cols: 25
   dt: "3f"
   data: [ 8.06864319e+02, 4.80272278e+02, 8.81338954e-01,
       9.04141846e+02, 5.06848450e+02, 7.18920112e-01, 8.80485657e+02,
       5.44963318e+02, 6.52161241e-01, 9.71762085e+02, 4.12471191e+02,
       5.93682408e-01, 1.03650781e+03, 2.94921692e+02, 7.97615409e-01,
       9.30587219e+02, 4.77285156e+02, 4.95464593e-01, 1.07190393e+03,
       4.36037262e+02, 7.60062158e-01, 1.18657935e+03, 3.94853271e+02,
       8.30326438e-01, 1.16903162e+03, 5.27349976e+02, 6.13492072e-01,
       1.16901550e+03, 5.74383301e+02, 5.67245126e-01, 1.37501050e+03,
       6.09734619e+02, 7.63967633e-01, 1.55450073e+03, 6.92162170e+02,
       6.73826039e-01, 1.17196667e+03, 4.80253906e+02, 6.22326791e-01,
       1.33082764e+03, 4.36118958e+02, 7.17321157e-01, 1.51338098e+03,
       4.80158386e+02, 7.01475084e-01, 7.86412964e+02, 4.92085205e+02,
       8.14179599e-01, 7.89420166e+02, 4.59801361e+02, 8.34976733e-01,
       8.04002075e+02, 5.18560852e+02, 6.08045399e-01, 8.12826233e+02,
       4.50809296e+02, 2.94777930e-01, 1.61036609e+03, 4.27257446e+02,
       4.58145231e-01, 1.59868469e+03, 4.24370087e+02, 4.24493313e-01,
       1.53097144e+03, 4.97878662e+02, 3.85907233e-01, 1.61053870e+03,
       6.65629456e+02, 5.68467975e-01, 1.60459070e+03, 6.77457275e+02,
       4.83814478e-01, 1.56630371e+03, 7.09798767e+02, 4.55294847e-01 ]
