%YAML:1.0
---
pose_0: !!opencv-matrix
   rows: 1
   cols: 25
   dt: "3f"
   data: [ 0., 0., 0., 1.00116077e+03, 4.59673615e+02, 4.74486232e-01,
       9.71806641e+02, 5.00884094e+02, 3.78837526e-01, 8.36487610e+02,
       5.03858612e+02, 4.36984777e-01, 9.27620728e+02, 4.36148254e+02,
       5.71378112e-01, 1.02769507e+03, 4.27276825e+02, 3.46634001e-01,
       1.04546948e+03, 3.83121948e+02, 1.23634174e-01, 1.02181122e+03,
       3.41935516e+02, 1.75488859e-01, 1.19547656e+03, 4.80290833e+02,
       3.96738231e-01, 1.20429529e+03, 5.12625366e+02, 3.34834069e-01,
       1.38380823e+03, 4.39044617e+02, 7.59733498e-01, 1.57811267e+03,
       6.24572083e+02, 6.37320042e-01, 1.19251294e+03, 4.36175812e+02,
       3.75363231e-01, 1.35438257e+03, 4.03714447e+02, 3.87109101e-01,
       1.56633264e+03, 5.21454834e+02, 2.79324263e-01, 0., 0., 0., 0.,
       0., 0., 9.51126221e+02, 3.97864868e+02, 5.53830788e-02, 0., 0.,
       0., 1.61046851e+03, 4.77279266e+02, 5.87867647e-02,
       1.61043823e+03, 4.80232574e+02, 5.99344149e-02, 1.57805994e+03,
       5.39092102e+02, 2.05003530e-01, 1.61043018e+03, 6.48037415e+02,
       5.11911929e-01, 1.58993652e+03, 6.56856445e+02, 5.17828405e-01,
       1.59277002e+03, 6.42088318e+02, 3.88220727e-01 ]
