%YAML:1.0
---
pose_0: !!opencv-matrix
   rows: 1
   cols: 25
   dt: "3f"
   data: [ 7.89315613e+02, 3.59612671e+02, 7.59635985e-01,
       8.83479126e+02, 4.12571381e+02, 5.52780807e-01, 8.68753174e+02,
       4.62625824e+02, 2.64785081e-01, 9.98197754e+02, 5.80318665e+02,
       2.74143040e-01, 1.00122302e+03, 5.42081482e+02, 1.65529311e-01,
       9.04113770e+02, 3.62505463e+02, 4.57573533e-01, 1.06303430e+03,
       3.36071991e+02, 7.15138078e-01, 1.16895435e+03, 2.94987244e+02,
       8.01401317e-01, 1.14244312e+03, 4.24326324e+02, 5.95099449e-01,
       1.13959192e+03, 4.68445251e+02, 5.79442620e-01, 1.36613794e+03,
       4.92006531e+02, 5.96106231e-01, 1.53688391e+03, 5.30202271e+02,
       6.14814520e-01, 1.14246863e+03, 3.71407074e+02, 5.91175437e-01,
       1.32799744e+03, 3.18369568e+02, 7.50061870e-01, 1.56334106e+03,
       2.71197998e+02, 6.33234024e-01, 7.68745178e+02, 3.65620056e+02,
       7.55801380e-01, 7.83296387e+02, 3.41985962e+02, 3.61695796e-01,
       7.86391785e+02, 4.09588196e+02, 7.35320508e-01, 0., 0., 0.,
       1.64868604e+03, 2.41791824e+02, 4.68046814e-01, 1.63989648e+03,
       2.35952072e+02, 4.60925639e-01, 1.58690051e+03, 2.65436096e+02,
       2.88780838e-01, 1.59576660e+03, 5.09654633e+02, 5.23450971e-01,
       1.58698645e+03, 5.24402649e+02, 4.33945119e-01, 1.56341199e+03,
       5.30322083e+02, 3.14236492e-01 ]
