%YAML:1.0
---
pose_0: !!opencv-matrix
   rows: 1
   cols: 25
   dt: "3f"
   data: [ 5.33185974e+02, 5.09724335e+02, 7.86018729e-01,
       7.15664978e+02, 5.47901611e+02, 6.34197831e-01, 7.03926575e+02,
       6.59795288e+02, 5.09385765e-01, 8.71683044e+02, 7.30449280e+02,
       1.67518184e-01, 0., 0., 0., 7.36247437e+02, 4.33101196e+02,
       5.70074618e-01, 9.39426819e+02, 4.09465973e+02, 7.10101902e-01,
       1.13657336e+03, 3.44858704e+02, 7.43948340e-01, 1.06591638e+03,
       5.74466187e+02, 3.40530157e-01, 1.06300781e+03, 6.42109070e+02,
       3.65049928e-01, 1.32791663e+03, 6.30386536e+02, 3.40561301e-01,
       1.69581592e+03, 6.68497009e+02, 3.69182706e-01, 1.06892627e+03,
       4.97923431e+02, 3.69776785e-01, 1.31025183e+03, 4.12506134e+02,
       3.25709641e-01, 1.51928357e+03, 4.33141907e+02, 3.01776290e-01,
       5.21388428e+02, 5.39097168e+02, 7.65477717e-01, 5.24312744e+02,
       4.83253357e+02, 7.53025293e-01, 5.33300354e+02, 5.77482666e+02,
       2.02632904e-01, 5.53838928e+02, 4.47896820e+02, 2.65416384e-01,
       0., 0., 0., 0., 0., 0., 1.54571924e+03, 4.44895721e+02,
       2.19228491e-01, 1.82525598e+03, 6.51001160e+02, 1.11143149e-01,
       1.81940442e+03, 6.74512939e+02, 7.83477649e-02, 1.77230078e+03,
       6.86246155e+02, 9.26936269e-02 ]
