%YAML:1.0
---
pose_0: !!opencv-matrix
   rows: 1
   cols: 25
   dt: "3f"
   data: [ 6.89254700e+02, 5.27377197e+02, 8.62664223e-01,
       8.12823486e+02, 5.30418518e+02, 7.29249835e-01, 8.09920837e+02,
       6.24547791e+02, 6.94896281e-01, 9.03933044e+02, 7.42263245e+02,
       7.26364613e-01, 8.59911560e+02, 7.18564575e+02, 2.64417946e-01,
       8.18763672e+02, 4.56777557e+02, 6.08639240e-01, 9.51112610e+02,
       4.36153198e+02, 5.89550674e-01, 1.01000958e+03, 4.36064545e+02,
       5.87355316e-01, 1.11014124e+03, 5.47913513e+02, 5.46602607e-01,
       1.09838660e+03, 5.98000610e+02, 5.52824318e-01, 1.31613220e+03,
       5.80284363e+02, 5.98328590e-01, 1.58983984e+03, 6.01028198e+02,
       4.55755591e-01, 1.11591699e+03, 4.83229492e+02, 5.61322689e-01,
       1.34263684e+03, 4.71397339e+02, 5.62948585e-01, 1.52510217e+03,
       5.03772705e+02, 3.65199804e-01, 6.71577637e+02, 5.44996826e+02,
       8.10883343e-01, 6.74497131e+02, 5.03906403e+02, 8.23387861e-01,
       6.89236023e+02, 5.71393311e+02, 4.26172137e-01, 7.01033875e+02,
       4.80212219e+02, 6.01901174e-01, 1.61928442e+03, 4.83140564e+02,
       1.74106613e-01, 1.61926050e+03, 4.80291504e+02, 2.06083030e-01,
       1.54866968e+03, 5.15553955e+02, 1.90035209e-01, 1.70458838e+03,
       5.98035217e+02, 3.82303596e-01, 1.68992688e+03, 6.06834229e+02,
       3.07508230e-01, 1.61043591e+03, 5.95063232e+02, 2.69625247e-01 ]
