%YAML:1.0
---
pose_0: !!opencv-matrix
   rows: 1
   cols: 25
   dt: "3f"
   data: [ 7.62682007e+02, 3.65402832e+02, 9.03646767e-01,
       8.62818848e+02, 3.62456635e+02, 7.47197449e-01, 8.62832581e+02,
       4.30218597e+02, 6.42194510e-01, 1.00118683e+03, 4.56725372e+02,
       7.24476337e-01, 1.08660242e+03, 5.33321472e+02, 8.04771781e-01,
       8.71736389e+02, 2.83041779e+02, 6.40041232e-01, 1.00114020e+03,
       2.50628067e+02, 7.28668809e-01, 1.04522485e+03, 2.27236526e+02,
       6.47696257e-01, 1.12184131e+03, 3.89016174e+02, 6.34105802e-01,
       1.11299646e+03, 4.36123138e+02, 6.42953813e-01, 1.34849219e+03,
       5.03886322e+02, 7.75672913e-01, 1.54572766e+03, 5.30404175e+02,
       6.08647823e-01, 1.13365039e+03, 3.38918579e+02, 5.58330417e-01,
       1.33678760e+03, 3.33101776e+02, 4.67434049e-01, 1.56625500e+03,
       2.91792175e+02, 6.30700111e-01, 7.45187195e+02, 3.83036469e+02,
       7.84436166e-01, 7.45185425e+02, 3.44938354e+02, 8.07707489e-01,
       7.62905151e+02, 4.00824341e+02, 3.66262376e-01, 7.65743469e+02,
       3.21291809e+02, 5.43883502e-01, 1.63991162e+03, 2.71206055e+02,
       5.01334369e-01, 1.63687793e+03, 2.65440094e+02, 5.22455513e-01,
       1.60744397e+03, 2.88930969e+02, 2.17596233e-01, 1.61054102e+03,
       5.65626221e+02, 2.32185349e-01, 1.61050476e+03, 5.65616333e+02,
       2.56182194e-01, 1.58103735e+03, 5.18535828e+02, 4.15899485e-01 ]
