%YAML:1.0
---
pose_0: !!opencv-matrix
   rows: 1
   cols: 25
   dt: "3f"
   data: [ 7.83405945e+02, 5.53799744e+02, 8.90904307e-01,
       8.89429504e+02, 5.68547729e+02, 6.59222364e-01, 9.04080261e+02,
       6.45061157e+02, 7.00386703e-01, 1.03648511e+03, 6.71564758e+02,
       7.56349266e-01, 1.14838086e+03, 7.15725647e+02, 7.60694563e-01,
       8.86490112e+02, 4.94951447e+02, 5.61993718e-01, 1.02764844e+03,
       4.33227600e+02, 7.89844751e-01, 1.12480054e+03, 3.83163483e+02,
       7.63752699e-01, 1.14251636e+03, 5.71520142e+02, 6.15667105e-01,
       1.14247412e+03, 6.15686951e+02, 6.32358015e-01, 1.33091736e+03,
       6.27494568e+02, 6.87870026e-01, 1.51042468e+03, 6.33332520e+02,
       5.88779151e-01, 1.14538916e+03, 5.24318726e+02, 5.89512348e-01,
       1.28960791e+03, 5.39124573e+02, 7.56889224e-01, 1.49858215e+03,
       4.83165192e+02, 6.94970012e-01, 7.68701721e+02, 5.71382080e+02,
       7.66636014e-01, 7.68694641e+02, 5.36218506e+02, 7.81632245e-01,
       7.86221497e+02, 5.89201843e+02, 6.04786694e-01, 7.89330017e+02,
       5.18515930e+02, 5.77769876e-01, 1.58400745e+03, 4.47834564e+02,
       4.16498303e-01, 1.58102087e+03, 4.41955627e+02, 4.02506262e-01,
       1.51926880e+03, 4.80288849e+02, 2.90861517e-01, 1.56333948e+03,
       5.95047791e+02, 4.70576882e-01, 1.55455334e+03, 6.03886047e+02,
       3.74157965e-01, 1.53687122e+03, 6.48039551e+02, 2.82980949e-01 ]
