%YAML:1.0
---
pose_0: !!opencv-matrix
   rows: 1
   cols: 25
   dt: "3f"
   data: [ 0., 0., 0., 9.65898804e+02, 4.59657440e+02, 1.68347344e-01,
       1.01294006e+03, 4.94951172e+02, 1.86912179e-01, 1.09834875e+03,
       5.39105469e+02, 3.47480774e-01, 1.16611816e+03, 6.12648804e+02,
       4.48528022e-01, 8.86425476e+02, 4.36111023e+02, 9.95096713e-02,
       7.98147522e+02, 4.68499359e+02, 8.10589790e-02, 7.39264465e+02,
       5.00847504e+02, 1.45103574e-01, 1.19841821e+03, 4.41967529e+02,
       4.13638383e-01, 1.20713892e+03, 5.03732025e+02, 5.22491276e-01,
       1.36028564e+03, 6.21439941e+02, 8.01348150e-01, 1.53991162e+03,
       5.80357056e+02, 7.32725322e-01, 1.20723108e+03, 3.91956360e+02,
       4.24676061e-01, 1.41030212e+03, 3.24299530e+02, 3.73598367e-01,
       1.55158081e+03, 1.80006149e+02, 2.20506951e-01, 0., 0., 0., 0.,
       0., 0., 0., 0., 0., 0., 0., 0., 1.61926770e+03, 1.30042175e+02,
       1.24308154e-01, 1.61636682e+03, 1.30020950e+02, 1.17631786e-01,
       1.60449524e+03, 1.74102783e+02, 6.47065789e-02, 1.58986780e+03,
       6.51043030e+02, 5.39178133e-01, 1.58690930e+03, 6.48035156e+02,
       4.87087756e-01, 1.56046045e+03, 5.65608765e+02, 6.14622295e-01 ]
