%YAML:1.0
---
pose_0: !!opencv-matrix
   rows: 1
   cols: 25
   dt: "3f"
   data: [ 7.42281677e+02, 4.59794800e+02, 8.77605617e-01,
       8.71656982e+02, 4.80191254e+02, 7.62737989e-01, 8.56933105e+02,
       5.53934021e+02, 8.07711542e-01, 9.77759644e+02, 6.00926880e+02,
       8.40156853e-01, 1.11889258e+03, 6.48160583e+02, 8.44427764e-01,
       8.92282288e+02, 3.91973663e+02, 6.66592598e-01, 1.04542822e+03,
       3.62613068e+02, 8.48167181e-01, 1.18660693e+03, 3.15520355e+02,
       8.59968662e-01, 1.13952808e+03, 4.74397766e+02, 5.95131993e-01,
       1.13663379e+03, 5.21468750e+02, 6.01918638e-01, 1.35140063e+03,
       5.77406982e+02, 7.14833438e-01, 1.54863000e+03, 6.48152161e+02,
       6.32068813e-01, 1.13946130e+03, 4.18425385e+02, 5.86756408e-01,
       1.35436450e+03, 4.15568024e+02, 6.94282532e-01, 1.57516541e+03,
       4.36072205e+02, 6.18553221e-01, 7.33377869e+02, 4.80354645e+02,
       8.02102208e-01, 7.36326355e+02, 4.47868835e+02, 8.39594007e-01,
       7.51043518e+02, 5.03890778e+02, 6.50660634e-01, 7.59876526e+02,
       4.24326569e+02, 6.10517442e-01, 1.64291431e+03, 4.56744812e+02,
       2.36278832e-01, 1.63699316e+03, 4.30196747e+02, 2.63211817e-01,
       1.61044727e+03, 4.36074585e+02, 2.46195376e-01, 1.63387451e+03,
       6.56876465e+02, 4.94686782e-01, 1.61634705e+03, 6.71560608e+02,
       4.72894013e-01, 1.56641602e+03, 6.47985962e+02, 3.19503665e-01 ]
