%YAML:1.0
---
pose_0: !!opencv-matrix
   rows: 2
   cols: 25
   dt: "3f"
   data: [ 5.53718140e+02, 4.86112122e+02, 8.58224630e-01,
       6.24416809e+02, 5.27429077e+02, 6.58870161e-01, 5.62646545e+02,
       5.83281677e+02, 4.80406463e-01, 4.94927826e+02, 5.65623535e+02,
       2.44301334e-01, 4.83277588e+02, 5.15559692e+02, 1.50627837e-01,
       6.77448303e+02, 4.62574829e+02, 6.20534599e-01, 8.01026001e+02,
       4.94932983e+02, 6.97303534e-01, 6.00873108e+02, 5.74399841e+02,
       4.51688468e-01, 1.05127161e+03, 5.77357849e+02, 3.52023274e-01,
       1.04827222e+03, 6.48005798e+02, 3.41031432e-01, 1.34556201e+03,
       6.65673523e+02, 2.92147398e-01, 1.70172449e+03, 6.59768250e+02,
       2.91622460e-01, 1.05712781e+03, 5.00875183e+02, 3.30999345e-01,
       1.33084558e+03, 3.89072021e+02, 2.36547723e-01, 1.51924133e+03,
       3.41947601e+02, 2.14897990e-01, 5.21481812e+02, 5.00845520e+02,
       8.29195857e-01, 5.47908203e+02, 4.62683411e+02, 8.10622454e-01,
       5.24342102e+02, 5.30414246e+02, 6.29310071e-01, 5.74359070e+02,
       4.53772644e+02, 2.98390567e-01, 0., 0., 0., 0., 0., 0.,
       1.54274353e+03, 3.59565155e+02, 1.27857968e-01, 0., 0., 0., 0.,
       0., 0., 1.72229956e+03, 6.39221985e+02, 1.42805248e-01, 0., 0.,
       0., 0., 0., 0., 6.95182556e+02, 7.12706116e+02, 2.35398799e-01,
       8.42281860e+02, 7.98082703e+02, 4.82108861e-01, 6.74511292e+02,
       7.71659241e+02, 3.52236569e-01, 0., 0., 0., 0., 0., 0., 0., 0.,
       0., 0., 0., 0., 0., 0., 0., 0., 0., 0., 0., 0., 0., 0., 0., 0.,
       0., 0., 0., 0., 0., 0., 0., 0., 0., 0., 0., 0., 0., 0., 0., 0.,
       0., 0., 0., 0., 0., 0., 0., 0., 0., 0., 0., 0., 0., 0., 0., 0.,
       0., 0., 0., 0. ]
