%YAML:1.0
---
pose_0: !!opencv-matrix
   rows: 1
   cols: 25
   dt: "3f"
   data: [ 0., 0., 0., 8.53956482e+02, 4.97902496e+02, 4.54559475e-01,
       8.12889954e+02, 5.47909912e+02, 3.58052671e-01, 7.45215881e+02,
       5.33222046e+02, 4.71843362e-01, 8.36425232e+02, 4.77221069e+02,
       6.50306791e-02, 8.77535828e+02, 4.59567352e+02, 2.76288360e-01,
       8.80552185e+02, 4.44914307e+02, 2.03538150e-01, 7.95184265e+02,
       3.47787109e+02, 1.79260448e-01, 1.06297778e+03, 5.47969116e+02,
       4.25274223e-01, 1.03950098e+03, 5.74446533e+02, 3.29502761e-01,
       1.32796228e+03, 5.24326721e+02, 6.83502972e-01, 1.63403760e+03,
       7.09752625e+02, 4.51028168e-01, 1.08068567e+03, 5.18506287e+02,
       3.31437558e-01, 1.34261865e+03, 5.06767242e+02, 3.00714344e-01,
       1.56338232e+03, 5.83231750e+02, 3.13815534e-01, 0., 0., 0., 0.,
       0., 0., 0., 0., 0., 0., 0., 0., 1.61341687e+03, 5.27396240e+02,
       2.35670537e-01, 1.61045410e+03, 5.27394531e+02, 2.42005467e-01,
       1.58398059e+03, 5.98021912e+02, 2.69098133e-01, 1.68413538e+03,
       6.92247131e+02, 1.57502830e-01, 1.67813342e+03, 7.15719666e+02,
       1.54691428e-01, 1.65164001e+03, 7.39293213e+02, 2.76473075e-01 ]
