%YAML:1.0
---
pose_0: !!opencv-matrix
   rows: 1
   cols: 25
   dt: "3f"
   data: [ 7.21704529e+02, 4.59543579e+02, 8.50899220e-01,
       8.42272888e+02, 4.62553406e+02, 7.03202665e-01, 8.51133606e+02,
       5.47918274e+02, 5.92821956e-01, 9.42287109e+02, 6.50969910e+02,
       8.01657438e-01, 8.77519287e+02, 6.21454651e+02, 7.45834231e-01,
       8.36452087e+02, 3.83114716e+02, 6.39893174e-01, 9.68833557e+02,
       3.39052185e+02, 7.34635174e-01, 1.04819739e+03, 3.27245483e+02,
       8.30174923e-01, 1.13360400e+03, 4.77281952e+02, 5.49305320e-01,
       1.12772839e+03, 5.24404785e+02, 5.65823376e-01, 1.33081299e+03,
       5.30185303e+02, 4.62882757e-01, 1.49860706e+03, 5.21408386e+02,
       5.45503974e-01, 1.13074255e+03, 4.18479126e+02, 5.48592448e-01,
       1.32496826e+03, 4.36094940e+02, 7.79454052e-01, 1.56930688e+03,
       4.44916840e+02, 5.92778504e-01, 7.15587952e+02, 4.77275635e+02,
       7.85502136e-01, 7.12810547e+02, 4.39007751e+02, 8.35401356e-01,
       7.30413086e+02, 5.00820007e+02, 3.60940725e-01, 7.36358337e+02,
       4.12664429e+02, 5.69140911e-01, 1.63999048e+03, 4.12516052e+02,
       3.57574970e-01, 1.63406946e+03, 4.09608429e+02, 3.91964823e-01,
       1.59281702e+03, 4.56706238e+02, 3.38681251e-01, 1.54276697e+03,
       5.39137817e+02, 1.44444302e-01, 0., 0., 0., 1.52509851e+03,
       5.06699646e+02, 3.55182081e-01 ]
