%YAML:1.0
---
pose_0: !!opencv-matrix
   rows: 1
   cols: 25
   dt: "3f"
   data: [ 7.30412109e+02, 3.68435822e+02, 7.86459327e-01,
       8.18744019e+02, 3.36053589e+02, 6.54992640e-01, 8.27523560e+02,
       4.06638184e+02, 3.46846431e-01, 9.27685730e+02, 4.83133850e+02,
       4.30404574e-01, 8.80530396e+02, 4.56649750e+02, 3.88352931e-01,
       8.27582581e+02, 2.68269928e+02, 7.19788253e-01, 8.89361389e+02,
       3.12394958e+02, 7.74987757e-01, 8.15819153e+02, 4.53675507e+02,
       7.09172249e-01, 1.10422192e+03, 3.80128235e+02, 5.40987909e-01,
       1.09535803e+03, 4.30125946e+02, 5.88718951e-01, 1.31902661e+03,
       4.59699951e+02, 7.84709275e-01, 1.55747156e+03, 5.21424866e+02,
       5.59574306e-01, 1.11307605e+03, 3.18411682e+02, 5.06252468e-01,
       1.33678381e+03, 3.12423187e+02, 4.52425390e-01, 1.58100696e+03,
       3.00747864e+02, 4.96156484e-01, 7.15674500e+02, 3.85954071e+02,
       7.67634630e-01, 7.15756531e+02, 3.47839233e+02, 7.90373087e-01,
       0., 0., 0., 7.33366272e+02, 3.12488220e+02, 5.53724229e-01,
       1.64289148e+03, 2.53651962e+02, 3.78746063e-01, 1.63704749e+03,
       2.56569794e+02, 4.07755077e-01, 1.61635095e+03, 3.03648315e+02,
       2.63785571e-01, 1.61346472e+03, 5.50857483e+02, 1.01156667e-01,
       0., 0., 0., 1.58695386e+03, 5.18494019e+02, 3.61775309e-01 ]
