%YAML:1.0
---
pose_0: !!opencv-matrix
   rows: 1
   cols: 25
   dt: "3f"
   data: [ 7.51013123e+02, 3.89016602e+02, 8.13618124e-01,
       8.62908386e+02, 3.89133636e+02, 7.57923722e-01, 8.59953186e+02,
       4.71413788e+02, 7.66193986e-01, 9.77702881e+02, 5.39151428e+02,
       8.21163058e-01, 1.04840991e+03, 6.24620972e+02, 8.72006714e-01,
       8.65886902e+02, 3.12434570e+02, 6.61467135e-01, 1.01007971e+03,
       2.91838623e+02, 7.80101061e-01, 1.07188171e+03, 2.44903381e+02,
       8.42673779e-01, 1.13953210e+03, 4.12510468e+02, 5.71557939e-01,
       1.13659509e+03, 4.59706604e+02, 5.55555701e-01, 1.33384668e+03,
       4.80185242e+02, 7.12595105e-01, 1.54277026e+03, 5.50851074e+02,
       5.86463809e-01, 1.13955347e+03, 3.59624756e+02, 5.73817313e-01,
       1.33379846e+03, 3.21305542e+02, 4.33948874e-01, 1.56629150e+03,
       2.94897919e+02, 5.50753653e-01, 7.39262451e+02, 4.09572662e+02,
       7.73962915e-01, 7.39279236e+02, 3.74327667e+02, 6.97911739e-01,
       7.59894531e+02, 4.30257568e+02, 4.77337003e-01, 7.59870361e+02,
       3.44813507e+02, 3.36284190e-01, 1.63702100e+03, 2.68338684e+02,
       4.73388612e-01, 1.63400464e+03, 2.68268158e+02, 4.63749170e-01,
       1.60162976e+03, 3.12407166e+02, 2.56115705e-01, 1.62223535e+03,
       5.44953430e+02, 5.75550377e-01, 1.61331580e+03, 5.53884888e+02,
       5.40482640e-01, 1.56625085e+03, 5.71502197e+02, 3.37510228e-01 ]
