%YAML:1.0
---
pose_0: !!opencv-matrix
   rows: 1
   cols: 25
   dt: "3f"
   data: [ 7.83383301e+02, 4.36030396e+02, 6.62610680e-02,
       8.80501709e+02, 4.00744202e+02, 2.68092334e-01, 9.01090088e+02,
       4.53762787e+02, 1.73874497e-01, 1.01887927e+03, 5.03881744e+02,
       4.59742069e-01, 1.09234412e+03, 5.77391296e+02, 6.62184536e-01,
       8.42295166e+02, 3.74316376e+02, 2.34412774e-01, 7.98099243e+02,
       4.53699341e+02, 1.78485185e-01, 7.89318115e+02, 4.65585114e+02,
       1.63293287e-01, 1.14542126e+03, 4.24366302e+02, 5.59561968e-01,
       1.13958411e+03, 4.77257172e+02, 5.52077889e-01, 1.30431482e+03,
       5.74369629e+02, 7.88412929e-01, 1.51333398e+03, 6.27461731e+02,
       5.76804757e-01, 1.15428418e+03, 3.71322662e+02, 5.24044156e-01,
       1.35433655e+03, 2.86028381e+02, 6.60866737e-01, 1.54865149e+03,
       1.74236252e+02, 4.37052965e-01, 0., 0., 0., 7.83409912e+02,
       4.27220306e+02, 9.78237391e-02, 0., 0., 0., 7.98145447e+02,
       4.00802429e+02, 1.53508827e-01, 1.62221558e+03, 1.29942917e+02,
       2.55519807e-01, 1.61638293e+03, 1.29959320e+02, 2.49630570e-01,
       0., 0., 0., 1.61033728e+03, 6.30396545e+02, 1.95981890e-01, 0.,
       0., 0., 1.55451990e+03, 6.27462708e+02, 3.33492875e-01 ]
