%YAML:1.0
---
pose_0: !!opencv-matrix
   rows: 1
   cols: 25
   dt: "3f"
   data: [ 7.56954590e+02, 3.65581451e+02, 8.57736528e-01,
       8.62901855e+02, 3.77284607e+02, 7.04643011e-01, 8.74618103e+02,
       4.56553436e+02, 6.92603350e-01, 9.86472961e+02, 4.83188354e+02,
       7.08563387e-01, 9.95350342e+02, 5.27443237e+02, 8.44389200e-01,
       8.62870178e+02, 3.06612793e+02, 6.14361048e-01, 1.01882959e+03,
       2.41878738e+02, 7.52190411e-01, 1.13965442e+03, 1.80031906e+02,
       8.67453635e-01, 1.13954480e+03, 3.92039856e+02, 6.07044578e-01,
       1.12481555e+03, 4.41945831e+02, 5.97842038e-01, 1.35142871e+03,
       4.92032715e+02, 6.90252483e-01, 1.53979846e+03, 5.30210327e+02,
       6.85323775e-01, 1.14544336e+03, 3.41827911e+02, 5.82152843e-01,
       1.35145361e+03, 3.41960815e+02, 7.02044249e-01, 1.56039746e+03,
       3.00720215e+02, 6.38193846e-01, 7.42138062e+02, 3.80186035e+02,
       8.06939662e-01, 7.42342590e+02, 3.47815735e+02, 7.71495342e-01,
       7.59886047e+02, 4.00780060e+02, 3.36360753e-01, 7.65765991e+02,
       3.18520813e+02, 5.85664213e-01, 1.63699927e+03, 2.65424713e+02,
       4.76549834e-01, 1.63396667e+03, 2.65370728e+02, 4.87402231e-01,
       1.58685449e+03, 2.91962067e+02, 3.06671679e-01, 1.61330469e+03,
       5.56786560e+02, 4.39004987e-01, 1.60744238e+03, 5.56854919e+02,
       4.27929133e-01, 1.56639294e+03, 5.15538818e+02, 3.83523345e-01 ]
