%YAML:1.0
---
pose_0: !!opencv-matrix
   rows: 1
   cols: 25
   dt: "3f"
   data: [ 7.71603149e+02, 3.36011719e+02, 6.70922756e-01,
       8.95195251e+02, 3.21282043e+02, 5.96177757e-01, 9.01089661e+02,
       3.91991394e+02, 5.22336841e-01, 8.33518738e+02, 5.06808380e+02,
       5.21608591e-01, 7.71697998e+02, 6.33322388e+02, 4.89703208e-01,
       9.04009644e+02, 2.27146851e+02, 3.33928525e-01, 1.04540112e+03,
       1.59472504e+02, 7.10463285e-01, 1.18671777e+03, 1.26986603e+02,
       8.43143582e-01, 1.17189429e+03, 2.94843079e+02, 4.82954711e-01,
       1.16895923e+03, 3.50793304e+02, 5.17004907e-01, 1.35148682e+03,
       4.71400940e+02, 3.23383033e-01, 1.49271924e+03, 6.12652039e+02,
       3.58376533e-01, 1.16899524e+03, 2.35925217e+02, 4.97232914e-01,
       1.37206873e+03, 1.91775330e+02, 2.86081374e-01, 1.48681360e+03,
       1.56471375e+02, 1.65260911e-01, 7.59767883e+02, 3.50756805e+02,
       5.65732360e-01, 7.56855042e+02, 3.15367279e+02, 6.49289608e-01,
       7.83342896e+02, 3.65464142e+02, 2.41659716e-01, 7.74567688e+02,
       2.88884949e+02, 2.49957740e-01, 1.56632935e+03, 1.50636108e+02,
       1.80023819e-01, 1.56340247e+03, 1.41777557e+02, 1.94971770e-01,
       1.57806604e+03, 1.53576202e+02, 1.01104125e-01, 1.53386023e+03,
       6.12715210e+02, 8.68512765e-02, 0., 0., 0., 1.51036597e+03,
       6.27420776e+02, 2.30910629e-01 ]
