%YAML:1.0
---
pose_0: !!opencv-matrix
   rows: 1
   cols: 25
   dt: "3f"
   data: [ 5.65609314e+02, 6.24407104e+02, 4.31367040e-01,
       7.15694031e+02, 5.03812103e+02, 3.19601983e-01, 7.36332947e+02,
       5.33229736e+02, 9.01263356e-02, 8.86390564e+02, 6.50992310e+02,
       6.41370237e-01, 7.09806335e+02, 5.53958862e+02, 7.39981294e-01,
       6.89200195e+02, 4.59640625e+02, 2.66034693e-01, 9.09936279e+02,
       3.62512909e+02, 7.23282576e-01, 7.65673401e+02, 3.42045502e+02,
       6.52268767e-01, 1.07479321e+03, 5.74460632e+02, 2.33400136e-01,
       1.06894299e+03, 6.47984680e+02, 2.60314524e-01, 1.37497559e+03,
       5.33247192e+02, 1.05658546e-01, 1.49573352e+03, 5.50832275e+02,
       9.61075276e-02, 1.08362830e+03, 5.03798767e+02, 2.06093088e-01,
       1.38972388e+03, 5.33268738e+02, 1.31181955e-01, 0., 0., 0.,
       5.50854248e+02, 6.24466858e+02, 2.18075126e-01, 5.50854858e+02,
       6.09722839e+02, 3.30359995e-01, 0., 0., 0., 5.53799377e+02,
       5.56772583e+02, 3.99174243e-01, 0., 0., 0., 0., 0., 0., 0., 0.,
       0., 0., 0., 0., 0., 0., 0., 0., 0., 0. ]
