%YAML:1.0
---
pose_0: !!opencv-matrix
   rows: 1
   cols: 25
   dt: "3f"
   data: [ 7.30424438e+02, 5.03678406e+02, 7.58353412e-01,
       8.09958374e+02, 4.15580505e+02, 5.12038350e-01, 8.09792969e+02,
       4.09595581e+02, 3.76491398e-01, 0., 0., 0., 0., 0., 0.,
       8.12759216e+02, 4.27296051e+02, 7.38762975e-01, 9.54168335e+02,
       4.97902588e+02, 8.03766310e-01, 8.68801819e+02, 5.53887878e+02,
       7.75366187e-01, 1.11598633e+03, 4.21364838e+02, 3.75774264e-01,
       1.09540076e+03, 4.36111816e+02, 2.28016600e-01, 1.35733313e+03,
       4.56568237e+02, 3.27472627e-01, 1.57517517e+03, 3.94946686e+02,
       2.92279184e-01, 1.13070251e+03, 4.09639679e+02, 3.60617548e-01,
       1.36032788e+03, 4.59672852e+02, 4.96999890e-01, 1.63986707e+03,
       4.06661285e+02, 4.67457205e-01, 7.15821960e+02, 5.06609375e+02,
       1.03586435e-01, 7.18682373e+02, 4.83321014e+02, 7.87727714e-01,
       0., 0., 0., 7.24566711e+02, 4.36126343e+02, 6.21183157e-01,
       1.69581824e+03, 3.59609253e+02, 2.45967329e-01, 1.69289673e+03,
       3.62509521e+02, 2.58754969e-01, 1.68400952e+03, 3.92006439e+02,
       2.06572458e-01, 0., 0., 0., 0., 0., 0., 1.58690112e+03,
       3.65395477e+02, 1.76095083e-01 ]
