%YAML:1.0
---
pose_0: !!opencv-matrix
   rows: 2
   cols: 25
   dt: "3f"
   data: [ 7.62776001e+02, 3.80170685e+02, 7.98268259e-01,
       7.95152100e+02, 3.41960632e+02, 4.73545194e-01, 7.15705933e+02,
       3.74281769e+02, 2.57208675e-01, 0., 0., 0., 0., 0., 0.,
       8.45230652e+02, 3.30122986e+02, 5.36287904e-01, 9.12979858e+02,
       4.36225861e+02, 6.29414618e-01, 1.00709467e+03, 5.83328796e+02,
       6.73126996e-01, 9.54175781e+02, 3.33044250e+02, 9.71756056e-02,
       9.21748413e+02, 3.53712036e+02, 5.72322346e-02, 9.09956421e+02,
       4.92038757e+02, 7.25576431e-02, 1.02172870e+03, 6.03935608e+02,
       2.01986074e-01, 9.89419250e+02, 3.00739685e+02, 1.08018994e-01,
       0., 0., 0., 0., 0., 0., 7.42170105e+02, 3.80142578e+02,
       6.72788024e-01, 7.62848877e+02, 3.62405243e+02, 7.82170296e-01,
       0., 0., 0., 7.86321167e+02, 3.27215118e+02, 5.79992950e-01, 0.,
       0., 0., 0., 0., 0., 0., 0., 0., 1.03946069e+03, 6.27487671e+02,
       1.67269245e-01, 0., 0., 0., 1.03068152e+03, 6.18591064e+02,
       1.93370849e-01, 0., 0., 0., 0., 0., 0., 0., 0., 0., 0., 0., 0.,
       0., 0., 0., 0., 0., 0., 0., 0., 0., 0., 0., 0., 1.15721582e+03,
       3.36024536e+02, 4.22974706e-01, 1.16014551e+03, 3.83056274e+02,
       3.97469133e-01, 1.33966272e+03, 5.06892853e+02, 7.61793554e-01,
       1.54572693e+03, 5.62632751e+02, 5.12826025e-01, 1.15723047e+03,
       2.91811401e+02, 3.41861546e-01, 1.38388672e+03, 2.62487305e+02,
       5.42516649e-01, 1.56630823e+03, 1.53561798e+02, 1.54567480e-01,
       0., 0., 0., 0., 0., 0., 0., 0., 0., 0., 0., 0., 0., 0., 0., 0.,
       0., 0., 0., 0., 0., 1.49263208e+03, 6.50922119e+02,
       3.30907673e-01, 1.49559082e+03, 6.47942932e+02, 2.76643902e-01,
       1.58105530e+03, 5.30371216e+02, 2.56612450e-01 ]
