%YAML:1.0
---
pose_0: !!opencv-matrix
   rows: 1
   cols: 25
   dt: "3f"
   data: [ 7.48078979e+02, 3.44956055e+02, 8.20142686e-01,
       8.80434692e+02, 3.94894226e+02, 7.46388316e-01, 8.59858459e+02,
       4.80186584e+02, 8.03029060e-01, 9.98313904e+02, 5.30413452e+02,
       8.60183597e-01, 1.09248425e+03, 4.47839935e+02, 7.90698349e-01,
       8.89353333e+02, 3.18473969e+02, 6.91969156e-01, 1.03648145e+03,
       2.91871582e+02, 7.98955679e-01, 1.14844348e+03, 2.44876587e+02,
       8.08402061e-01, 1.14542505e+03, 3.85993988e+02, 4.67836618e-01,
       1.16604504e+03, 4.36052185e+02, 4.86153662e-01, 1.32793359e+03,
       4.65515503e+02, 6.78379059e-01, 1.54271997e+03, 5.42051392e+02,
       5.80153704e-01, 1.13957312e+03, 3.38897217e+02, 5.31247199e-01,
       1.17781030e+03, 3.03643951e+02, 3.94251257e-01, 1.56630249e+03,
       2.83001343e+02, 4.85508353e-01, 7.39134094e+02, 3.65509155e+02,
       8.55182707e-01, 7.39344727e+02, 3.36081451e+02, 8.22323740e-01,
       7.56880066e+02, 3.97801514e+02, 6.69347167e-01, 7.68650330e+02,
       3.21271332e+02, 2.66859084e-01, 1.63997656e+03, 2.56547577e+02,
       3.68993253e-01, 1.63985388e+03, 2.53580719e+02, 3.67764562e-01,
       1.57810327e+03, 2.77201752e+02, 2.02369541e-01, 1.61052258e+03,
       5.36151306e+02, 3.48535895e-01, 1.61040088e+03, 5.50910095e+02,
       3.22155893e-01, 1.57220996e+03, 5.42072754e+02, 2.78171301e-01 ]
