%YAML:1.0
---
pose_0: !!opencv-matrix
   rows: 1
   cols: 25
   dt: "3f"
   data: [ 7.03980530e+02, 4.74337708e+02, 7.85100639e-01,
       8.33554871e+02, 4.65522247e+02, 7.62902915e-01, 8.36287231e+02,
       5.50862671e+02, 6.84056520e-01, 9.54176819e+02, 6.51010803e+02,
       6.99533582e-01, 9.12903259e+02, 6.18568420e+02, 2.34764993e-01,
       8.36483215e+02, 3.80217407e+02, 6.91522241e-01, 9.51228699e+02,
       3.42018982e+02, 7.28101432e-01, 1.04536499e+03, 3.35971558e+02,
       8.46068382e-01, 1.12188892e+03, 4.83311462e+02, 5.81064701e-01,
       1.11601050e+03, 5.33259766e+02, 5.88002682e-01, 1.32798071e+03,
       5.50762573e+02, 6.91054106e-01, 1.50160754e+03, 5.50881958e+02,
       5.72109401e-01, 1.12775916e+03, 4.33157379e+02, 5.21803558e-01,
       1.34850940e+03, 4.53773041e+02, 6.90155983e-01, 1.58104944e+03,
       4.56605988e+02, 6.25016272e-01, 6.89233154e+02, 4.86142303e+02,
       8.08220387e-01, 6.94987122e+02, 4.53662384e+02, 8.56005430e-01,
       7.15664429e+02, 5.06702362e+02, 2.30621710e-01, 7.18628296e+02,
       4.15565918e+02, 6.31687760e-01, 1.64289429e+03, 4.27287811e+02,
       4.57493752e-01, 1.63701697e+03, 4.24317932e+02, 5.17850876e-01,
       1.61045947e+03, 4.62664246e+02, 2.96098650e-01, 1.56932837e+03,
       5.56744568e+02, 3.18760633e-01, 1.56322949e+03, 5.68533386e+02,
       2.98669398e-01, 1.53102368e+03, 5.33265137e+02, 3.51865113e-01 ]
