%YAML:1.0
---
pose_0: !!opencv-matrix
   rows: 1
   cols: 25
   dt: "3f"
   data: [ 6.86263428e+02, 3.88997314e+02, 8.35874915e-01,
       8.01021240e+02, 4.56688843e+02, 6.38759077e-01, 8.12810242e+02,
       5.53875122e+02, 6.37166679e-01, 9.24613159e+02, 6.44982788e+02,
       4.76986825e-01, 9.54123901e+02, 6.50918945e+02, 4.93486911e-01,
       7.95208618e+02, 3.65459900e+02, 5.89653552e-01, 9.60040466e+02,
       3.03687225e+02, 7.84006119e-01, 8.60033447e+02, 3.86033875e+02,
       7.73421288e-01, 1.10126904e+03, 4.39024506e+02, 4.94576514e-01,
       1.09832996e+03, 4.97940460e+02, 4.95070279e-01, 1.31906543e+03,
       5.24409973e+02, 6.06977940e-01, 1.61341748e+03, 5.30398438e+02,
       3.97299379e-01, 1.09833691e+03, 3.80201263e+02, 4.84561384e-01,
       1.33082654e+03, 2.88961334e+02, 3.67468119e-01, 1.38970972e+03,
       2.68426086e+02, 3.44339252e-01, 6.62719360e+02, 4.06655762e+02,
       8.03147197e-01, 6.77398499e+02, 3.65505859e+02, 7.92829335e-01,
       6.71684692e+02, 4.36054352e+02, 6.06216431e-01, 7.06833801e+02,
       3.50779480e+02, 2.93236673e-01, 1.51925256e+03, 2.50646011e+02,
       1.75397694e-01, 1.51624255e+03, 2.44832626e+02, 1.97931707e-01,
       1.39558459e+03, 2.47709747e+02, 1.15403265e-01, 1.71638171e+03,
       5.44996948e+02, 1.30085036e-01, 1.70168774e+03, 5.53805542e+02,
       1.18370913e-01, 1.63693127e+03, 5.27278992e+02, 3.03089797e-01 ]
