%YAML:1.0
---
pose_0: !!opencv-matrix
   rows: 1
   cols: 25
   dt: "3f"
   data: [ 7.36375305e+02, 4.77259460e+02, 8.67558897e-01,
       8.51074219e+02, 5.03770996e+02, 6.86766386e-01, 8.56935852e+02,
       6.00888977e+02, 7.22564161e-01, 9.95237610e+02, 6.42071289e+02,
       5.93734920e-01, 1.11297766e+03, 6.71514771e+02, 6.39616132e-01,
       8.33456055e+02, 4.09655121e+02, 6.18491232e-01, 9.77609985e+02,
       3.56564453e+02, 7.53563643e-01, 1.06898657e+03, 2.65302643e+02,
       8.25351000e-01, 1.13367249e+03, 4.74391174e+02, 5.43581009e-01,
       1.13066907e+03, 5.27208191e+02, 5.99625349e-01, 1.31031873e+03,
       5.74314697e+02, 7.26896346e-01, 1.59570959e+03, 6.18606506e+02,
       5.78760028e-01, 1.13366382e+03, 4.12673187e+02, 5.58985591e-01,
       1.36613013e+03, 4.12627563e+02, 5.24929643e-01, 1.58391504e+03,
       4.39046539e+02, 6.13988400e-01, 7.15767761e+02, 4.83317566e+02,
       8.90821934e-01, 7.24569946e+02, 4.53678467e+02, 8.30135345e-01,
       7.33369629e+02, 5.12709106e+02, 6.06571674e-01, 7.56914551e+02,
       4.30216797e+02, 5.60328901e-01, 1.64285681e+03, 4.15521179e+02,
       3.54233056e-01, 1.63699060e+03, 4.12616974e+02, 4.08770502e-01,
       1.61926086e+03, 4.39061218e+02, 2.91262418e-01, 1.69584839e+03,
       6.15645874e+02, 4.58677113e-01, 1.68399512e+03, 6.27383911e+02,
       4.43759531e-01, 1.61338757e+03, 6.06854736e+02, 2.84920543e-01 ]
