%YAML:1.0
---
pose_0: !!opencv-matrix
   rows: 1
   cols: 25
   dt: "3f"
   data: [ 7.62716675e+02, 4.53820374e+02, 8.74807239e-01,
       8.54028198e+02, 4.56773590e+02, 7.98552871e-01, 8.39362854e+02,
       5.12609924e+02, 7.00352669e-01, 9.68761475e+02, 5.77274902e+02,
       8.35148990e-01, 8.45209900e+02, 5.33277283e+02, 7.35704541e-01,
       8.56965393e+02, 4.00769409e+02, 6.87232494e-01, 9.54069458e+02,
       3.88954224e+02, 8.33030105e-01, 8.42265503e+02, 4.56606079e+02,
       8.20176303e-01, 1.13072620e+03, 4.62590088e+02, 5.50303400e-01,
       1.13070044e+03, 5.06868774e+02, 5.96858203e-01, 1.31316638e+03,
       5.06815216e+02, 7.84314752e-01, 1.56037842e+03, 5.06705353e+02,
       6.65259004e-01, 1.13069666e+03, 4.09697876e+02, 5.61082065e-01,
       1.31316003e+03, 3.65442017e+02, 5.21371424e-01, 1.43389832e+03,
       3.38908997e+02, 2.03465372e-01, 7.45115417e+02, 4.62682373e+02,
       8.15586507e-01, 7.53918579e+02, 4.33229614e+02, 8.55181098e-01,
       7.62842468e+02, 4.86205170e+02, 6.02381349e-01, 7.74597778e+02,
       4.12487305e+02, 6.72919512e-01, 1.48972937e+03, 3.71391205e+02,
       7.42314160e-02, 1.49267615e+03, 3.53655273e+02, 9.85947698e-02,
       1.53687854e+03, 3.65436340e+02, 1.41064659e-01, 1.62516296e+03,
       5.00828949e+02, 5.22675037e-01, 1.61349841e+03, 5.09705994e+02,
       5.14683902e-01, 1.58981885e+03, 4.97942566e+02, 2.79253393e-01 ]
