%YAML:1.0
---
pose_0: !!opencv-matrix
   rows: 1
   cols: 25
   dt: "3f"
   data: [ 0., 0., 0., 9.45274841e+02, 5.33215881e+02, 1.85331970e-01,
       8.95226868e+02, 5.74363586e+02, 2.78986752e-01, 7.80507080e+02,
       5.27233704e+02, 4.43808228e-01, 0., 0., 0., 9.71775024e+02,
       5.09679504e+02, 5.21831140e-02, 0., 0., 0., 0., 0., 0.,
       1.16307227e+03, 5.56777405e+02, 3.51362765e-01, 1.15425342e+03,
       5.77370178e+02, 2.48178512e-01, 1.39550964e+03, 5.03819275e+02,
       7.77787328e-01, 1.63993311e+03, 7.15732300e+02, 5.52904248e-01,
       1.17193677e+03, 5.36156128e+02, 2.97855377e-01, 1.40153821e+03,
       4.86105560e+02, 4.71652955e-01, 1.62219678e+03, 6.50949951e+02,
       9.95051116e-02, 0., 0., 0., 0., 0., 0., 0., 0., 0., 0., 0., 0.,
       1.69287585e+03, 6.27423157e+02, 5.60628772e-02, 0., 0., 0., 0.,
       0., 0., 1.68698364e+03, 7.12773438e+02, 3.31607431e-01,
       1.67812061e+03, 7.24581299e+02, 3.58727723e-01, 1.65458936e+03,
       7.42200012e+02, 3.49160343e-01 ]
