%YAML:1.0
---
pose_0: !!opencv-matrix
   rows: 1
   cols: 25
   dt: "3f"
   data: [ 7.83335327e+02, 5.09779175e+02, 7.31663406e-01,
       8.83501953e+02, 4.59762207e+02, 5.11078358e-01, 8.74624451e+02,
       4.59630951e+02, 3.88083965e-01, 1.04240747e+03, 5.00897675e+02,
       3.77219200e-01, 1.11901514e+03, 5.83300293e+02, 4.22632307e-01,
       8.92335815e+02, 4.65585846e+02, 5.95365644e-01, 1.02766504e+03,
       4.80300293e+02, 3.62604707e-01, 1.11906555e+03, 5.83314880e+02,
       4.39154267e-01, 1.14250903e+03, 4.03734741e+02, 2.93424308e-01,
       0., 0., 0., 0., 0., 0., 0., 0., 0., 1.15426135e+03,
       4.06673706e+02, 4.00561988e-01, 1.34553979e+03, 4.89068970e+02,
       7.17168331e-01, 1.62221057e+03, 4.30130432e+02, 4.82602417e-01,
       0., 0., 0., 7.68699585e+02, 4.97857239e+02, 7.09410071e-01, 0.,
       0., 0., 7.92245789e+02, 4.56744781e+02, 6.46561027e-01,
       1.68396375e+03, 3.68482727e+02, 3.63060236e-01, 1.68117419e+03,
       3.74297119e+02, 3.38072330e-01, 1.66634497e+03, 4.36045227e+02,
       1.98831975e-01, 0., 0., 0., 0., 0., 0., 0., 0., 0. ]
