%YAML:1.0
---
pose_0: !!opencv-matrix
   rows: 1
   cols: 25
   dt: "3f"
   data: [ 7.71685303e+02, 4.36043030e+02, 8.68502021e-01,
       8.59889343e+02, 4.71444977e+02, 7.41740167e-01, 8.65795898e+02,
       5.30347778e+02, 5.51430702e-01, 9.68829468e+02, 6.53904541e+02,
       8.06038260e-01, 8.68785461e+02, 6.92065063e+02, 8.50972176e-01,
       8.57031189e+02, 4.12476410e+02, 7.93566942e-01, 9.30516357e+02,
       4.83093628e+02, 8.98459375e-01, 8.18802856e+02, 5.68488831e+02,
       7.67009676e-01, 1.11308044e+03, 4.50817657e+02, 5.27877867e-01,
       1.11889319e+03, 4.94944244e+02, 5.61669648e-01, 1.33096899e+03,
       4.89052399e+02, 7.92606413e-01, 1.55751709e+03, 5.00862091e+02,
       6.49824679e-01, 1.10713354e+03, 3.97815247e+02, 5.13582706e-01,
       1.33085754e+03, 2.97794525e+02, 6.73489809e-01, 1.53687976e+03,
       1.97592438e+02, 5.44461071e-01, 7.59802063e+02, 4.50780334e+02,
       8.33745301e-01, 7.65752441e+02, 4.15439453e+02, 8.64251077e-01,
       7.65851624e+02, 4.77251373e+02, 6.31716073e-01, 7.86270996e+02,
       4.00760956e+02, 4.96790558e-01, 1.61344531e+03, 1.47586365e+02,
       3.16252381e-01, 1.61343591e+03, 1.47679810e+02, 2.63677418e-01,
       1.55454150e+03, 1.91812332e+02, 2.49827832e-01, 1.62522388e+03,
       5.15568726e+02, 3.69094640e-01, 1.62222778e+03, 5.18529541e+02,
       4.08516198e-01, 1.58687183e+03, 4.83214172e+02, 3.51316780e-01 ]
