%YAML:1.0
---
pose_0: !!opencv-matrix
   rows: 1
   cols: 25
   dt: "3f"
   data: [ 6.80359741e+02, 5.27295532e+02, 7.92058229e-01,
       8.04040527e+02, 5.06865692e+02, 7.16371775e-01, 8.12932068e+02,
       5.95076416e+02, 5.90399921e-01, 8.83607910e+02, 7.21609131e+02,
       8.56903672e-01, 8.09976257e+02, 6.51012451e+02, 7.30151474e-01,
       7.89211853e+02, 4.39000153e+02, 6.27947152e-01, 8.80573608e+02,
       3.86078308e+02, 5.21978974e-01, 9.95261841e+02, 3.62528717e+02,
       7.96605647e-01, 1.09548828e+03, 5.36206055e+02, 5.39224565e-01,
       1.09239246e+03, 5.92120239e+02, 5.52357554e-01, 1.28372510e+03,
       5.97980103e+02, 2.56529778e-01, 1.57807019e+03, 5.80283386e+02,
       3.04296851e-01, 1.10132190e+03, 4.80270020e+02, 5.46076417e-01,
       1.26312073e+03, 4.86173462e+02, 6.41016066e-01, 1.51921021e+03,
       4.68521667e+02, 3.29943836e-01, 6.68496460e+02, 5.42056702e+02,
       7.54983366e-01, 6.65660645e+02, 5.03903625e+02, 8.13545823e-01,
       6.92126282e+02, 5.53800903e+02, 1.10705346e-01, 6.86214783e+02,
       4.65598053e+02, 5.66656291e-01, 1.53688501e+03, 4.97932922e+02,
       1.13597907e-01, 1.54270447e+03, 4.74376892e+02, 1.51835427e-01,
       1.55157397e+03, 4.71429779e+02, 2.68486708e-01, 1.67816052e+03,
       5.77386658e+02, 1.33306026e-01, 0., 0., 0., 1.58989929e+03,
       5.80382141e+02, 2.55472213e-01 ]
