%YAML:1.0
---
pose_0: !!opencv-matrix
   rows: 1
   cols: 25
   dt: "3f"
   data: [ 7.98146667e+02, 4.80322845e+02, 8.31745639e-02,
       8.21679382e+02, 5.39072998e+02, 5.40503681e-01, 8.53993896e+02,
       5.36162598e+02, 4.36443686e-01, 9.33536499e+02, 5.09718658e+02,
       7.61664867e-01, 9.33546082e+02, 3.83132050e+02, 8.40064168e-01,
       7.86392578e+02, 5.56753723e+02, 2.36660182e-01, 9.15869995e+02,
       5.12621704e+02, 8.16208050e-02, 0., 0., 0., 1.11009265e+03,
       5.03791626e+02, 2.51653790e-01, 1.14836450e+03, 5.74461426e+02,
       1.93125010e-01, 1.35438074e+03, 6.24490601e+02, 3.81738514e-01,
       1.53687244e+03, 6.98013245e+02, 3.73960584e-01, 1.12480261e+03,
       4.77313080e+02, 2.39197806e-01, 1.34851001e+03, 3.74337372e+02,
       4.63074416e-01, 0., 0., 0., 7.92196106e+02, 4.80323792e+02,
       1.01996332e-01, 0., 0., 0., 7.89275391e+02, 4.86183716e+02,
       2.35882089e-01, 7.51031494e+02, 5.50874207e+02, 8.81959274e-02,
       0., 0., 0., 0., 0., 0., 0., 0., 0., 1.61052661e+03,
       7.12768921e+02, 2.87992328e-01, 1.59571570e+03, 7.18645996e+02,
       2.51737416e-01, 1.53982263e+03, 7.12701233e+02, 3.32948387e-01 ]
