%YAML:1.0
---
pose_0: !!opencv-matrix
   rows: 1
   cols: 25
   dt: "3f"
   data: [ 6.74468689e+02, 4.97953064e+02, 7.07729638e-01,
       7.95216858e+02, 5.33190796e+02, 7.05469906e-01, 7.86231506e+02,
       6.00941345e+02, 7.38629758e-01, 9.27650879e+02, 6.53892578e+02,
       8.28125119e-01, 1.03945154e+03, 5.97922424e+02, 8.75628352e-01,
       8.09917847e+02, 4.74348907e+02, 5.63989878e-01, 9.30552246e+02,
       4.62568390e+02, 3.37968886e-01, 7.92248291e+02, 5.12623535e+02,
       2.91215360e-01, 1.10719348e+03, 5.74316467e+02, 5.49283862e-01,
       1.09537598e+03, 6.21548828e+02, 5.35666227e-01, 1.32496790e+03,
       5.77299988e+02, 7.91013062e-01, 1.58100989e+03, 6.74550049e+02,
       4.69219625e-01, 1.11886877e+03, 5.21419617e+02, 5.85909665e-01,
       1.36032202e+03, 5.09771942e+02, 5.47583580e-01, 1.56038428e+03,
       5.77442688e+02, 6.56129837e-01, 6.65587158e+02, 5.15538269e+02,
       6.39781952e-01, 6.62755432e+02, 4.83316803e+02, 4.74449605e-01,
       6.80418396e+02, 5.53752136e+02, 6.28562391e-01, 6.89227539e+02,
       4.80093475e+02, 1.28091589e-01, 1.63098608e+03, 5.09728424e+02,
       4.64382797e-01, 1.61639282e+03, 5.18514282e+02, 4.67402309e-01,
       1.57516663e+03, 6.00977234e+02, 4.98117030e-01, 1.66640295e+03,
       6.27448792e+02, 2.33349606e-01, 1.66345166e+03, 6.45070679e+02,
       1.72871351e-01, 1.61342627e+03, 6.98089417e+02, 3.01660627e-01 ]
