%YAML:1.0
---
pose_0: !!opencv-matrix
   rows: 1
   cols: 25
   dt: "3f"
   data: [ 7.30384888e+02, 5.33225159e+02, 7.48131037e-01,
       8.09755554e+02, 4.59740967e+02, 5.65265536e-01, 8.03960815e+02,
       4.53772278e+02, 4.29883689e-01, 0., 0., 0., 0., 0., 0.,
       8.09842468e+02, 4.77208130e+02, 7.23209321e-01, 9.54045532e+02,
       5.03709656e+02, 8.17976594e-01, 9.51063416e+02, 6.21549438e+02,
       7.17084408e-01, 1.11305774e+03, 4.50839935e+02, 4.35052305e-01,
       1.09837073e+03, 4.62598480e+02, 2.82273531e-01, 1.33382727e+03,
       5.00771729e+02, 5.85652292e-01, 1.41324854e+03, 4.39063568e+02,
       3.90672773e-01, 1.11896936e+03, 4.36047516e+02, 3.43864709e-01,
       1.34844238e+03, 5.27344055e+02, 6.13942027e-01, 1.61635120e+03,
       4.36083069e+02, 3.49283993e-01, 0., 0., 0., 7.18654968e+02,
       5.21475769e+02, 7.69094169e-01, 0., 0., 0., 7.36286011e+02,
       4.80145233e+02, 6.32730126e-01, 1.68107861e+03, 3.74298492e+02,
       3.09499562e-01, 1.68106226e+03, 3.74268555e+02, 3.00398678e-01,
       1.65756116e+03, 4.39052551e+02, 1.68295607e-01, 1.42795911e+03,
       4.71374512e+02, 8.77761394e-02, 0., 0., 0., 1.42210461e+03,
       4.27309723e+02, 2.30266050e-01 ]
