%YAML:1.0
---
pose_0: !!opencv-matrix
   rows: 1
   cols: 25
   dt: "3f"
   data: [ 7.89426208e+02, 4.47834045e+02, 6.46141708e-01,
       9.04067505e+02, 4.56617004e+02, 5.59420645e-01, 8.74645142e+02,
       5.00840759e+02, 3.96286607e-01, 8.56875427e+02, 5.27216797e+02,
       3.88912141e-01, 8.33505981e+02, 4.41955292e+02, 4.01090950e-01,
       9.27645691e+02, 4.06666382e+02, 4.71157312e-01, 1.04825134e+03,
       3.68478363e+02, 5.60306132e-01, 1.16598206e+03, 3.41930450e+02,
       2.73601294e-01, 1.14246704e+03, 4.59626709e+02, 5.34603536e-01,
       1.14542761e+03, 5.06809357e+02, 5.30282080e-01, 1.37492725e+03,
       5.83244873e+02, 5.83978117e-01, 1.53980042e+03, 6.65566833e+02,
       6.51754558e-01, 1.13947266e+03, 4.03735077e+02, 5.11935234e-01,
       1.22489526e+03, 3.38921661e+02, 3.02937448e-01, 1.51325623e+03,
       1.77158188e+02, 1.72036305e-01, 7.77546814e+02, 4.56586487e+02,
       6.23842061e-01, 7.86383667e+02, 4.33017670e+02, 6.14006281e-01,
       7.86434021e+02, 4.77252686e+02, 2.25744143e-01, 8.09760193e+02,
       4.06699615e+02, 5.28361201e-01, 1.51632593e+03, 1.80058441e+02,
       1.38420328e-01, 1.51333276e+03, 1.77099594e+02, 1.58866078e-01,
       1.51633508e+03, 1.74026566e+02, 1.77887633e-01, 1.61033264e+03,
       6.33316345e+02, 6.57363713e-01, 1.59869299e+03, 6.48039368e+02,
       5.87273121e-01, 1.54576440e+03, 6.77498596e+02, 4.74592090e-01 ]
