%YAML:1.0
---
pose_0: !!opencv-matrix
   rows: 1
   cols: 25
   dt: "3f"
   data: [ 7.83410706e+02, 4.30249939e+02, 7.85854757e-01,
       8.77625671e+02, 4.77334290e+02, 7.43127644e-01, 8.65820618e+02,
       5.33194031e+02, 6.59250498e-01, 9.59952698e+02, 5.65564880e+02,
       8.01631987e-01, 9.30683411e+02, 4.21363037e+02, 8.13183248e-01,
       8.83509399e+02, 4.12535370e+02, 6.37404978e-01, 1.02468799e+03,
       3.42077271e+02, 8.51467788e-01, 1.13953772e+03, 2.62490082e+02,
       8.13716114e-01, 1.14242603e+03, 4.59603088e+02, 6.00381672e-01,
       1.13661133e+03, 5.06873779e+02, 6.07392430e-01, 1.36618384e+03,
       5.92071472e+02, 5.85007608e-01, 1.54277002e+03, 6.92099854e+02,
       6.10650301e-01, 1.13962097e+03, 4.06649933e+02, 5.86418748e-01,
       1.26316089e+03, 3.53682709e+02, 2.45694518e-01, 1.42205090e+03,
       3.18319763e+02, 1.74035653e-01, 7.65721558e+02, 4.41989899e+02,
       7.61552691e-01, 7.65797485e+02, 4.12619659e+02, 6.65322363e-01,
       7.86324402e+02, 4.83221008e+02, 6.68207407e-01, 0., 0., 0., 0.,
       0., 0., 0., 0., 0., 1.45744910e+03, 3.18345886e+02,
       9.27109048e-02, 1.61039197e+03, 6.89197266e+02, 5.17194927e-01,
       1.59865271e+03, 6.98105835e+02, 4.63150442e-01, 1.56039758e+03,
       7.15699646e+02, 3.74725938e-01 ]
