%YAML:1.0
---
pose_0: !!opencv-matrix
   rows: 1
   cols: 25
   dt: "3f"
   data: [ 5.53731384e+02, 5.30260071e+02, 8.75019610e-01,
       6.36286926e+02, 5.65646912e+02, 6.51456356e-01, 5.86250061e+02,
       6.24481079e+02, 5.17592788e-01, 5.50810181e+02, 6.53921448e+02,
       9.64016244e-02, 0., 0., 0., 6.74571472e+02, 5.03682648e+02,
       5.91513991e-01, 8.15733459e+02, 4.74404449e+02, 7.67485142e-01,
       6.68512085e+02, 5.74499451e+02, 7.64088929e-01, 1.04241626e+03,
       5.80279846e+02, 4.04854268e-01, 1.04539905e+03, 6.45027893e+02,
       4.41424400e-01, 1.17487976e+03, 6.80388489e+02, 9.60491449e-02,
       0., 0., 0., 1.04237512e+03, 5.06705811e+02, 3.99580687e-01,
       1.28087830e+03, 5.50879883e+02, 5.56586981e-01, 1.51628625e+03,
       5.12640076e+02, 3.40844542e-01, 5.27410522e+02, 5.50891907e+02,
       8.69782329e-01, 5.42041565e+02, 5.09737701e+02, 7.97819495e-01,
       5.47918945e+02, 5.77542053e+02, 6.02409899e-01, 5.68563416e+02,
       4.97910675e+02, 2.16985404e-01, 1.63697351e+03, 5.86186157e+02,
       1.10399857e-01, 0., 0., 0., 1.53983777e+03, 5.09669098e+02,
       1.72866121e-01, 0., 0., 0., 0., 0., 0., 0., 0., 0. ]
