%YAML:1.0
---
pose_0: !!opencv-matrix
   rows: 1
   cols: 25
   dt: "3f"
   data: [ 0., 0., 0., 7.89219727e+02, 5.50890991e+02, 6.54135346e-01,
       7.92263367e+02, 5.44975830e+02, 5.00524700e-01, 9.51212402e+02,
       5.12667908e+02, 7.11951792e-01, 8.56940918e+02, 3.83109100e+02,
       7.85906136e-01, 7.77531311e+02, 5.71418030e+02, 6.15099847e-01,
       9.54143494e+02, 5.15566895e+02, 1.67216092e-01, 0., 0., 0.,
       1.06300525e+03, 5.56754089e+02, 2.82424033e-01, 1.05713745e+03,
       5.53839539e+02, 1.79312184e-01, 1.37206555e+03, 5.56784424e+02,
       4.30854946e-01, 1.61338257e+03, 6.95110596e+02, 2.89712846e-01,
       1.08951172e+03, 5.47930481e+02, 1.87164590e-01, 1.38969604e+03,
       5.30308533e+02, 3.02431852e-01, 1.58398499e+03, 5.80362671e+02,
       4.93169546e-01, 0., 0., 0., 0., 0., 0., 0., 0., 0.,
       6.98119568e+02, 5.74427490e+02, 1.65944129e-01, 1.63392676e+03,
       4.89089020e+02, 3.76165718e-01, 1.62811597e+03, 4.92017975e+02,
       3.24529707e-01, 1.60747937e+03, 6.00948486e+02, 4.12292451e-01,
       1.68406104e+03, 7.33335083e+02, 1.15480013e-01, 1.66344165e+03,
       7.42254578e+02, 1.36555672e-01, 1.65756824e+03, 7.36285950e+02,
       1.69972837e-01 ]
