%YAML:1.0
---
pose_0: !!opencv-matrix
   rows: 1
   cols: 25
   dt: "3f"
   data: [ 7.80483521e+02, 5.59715637e+02, 7.77532995e-01,
       8.59867004e+02, 5.18468018e+02, 5.83735347e-01, 8.56982727e+02,
       5.56821899e+02, 3.41562837e-01, 0., 0., 0., 0., 0., 0.,
       8.65838440e+02, 4.74317139e+02, 6.24676883e-01, 9.86486267e+02,
       4.53727631e+02, 6.70325041e-01, 1.11603259e+03, 4.12509491e+02,
       8.50029647e-01, 1.09546216e+03, 5.62695801e+02, 4.79820907e-01,
       1.09543542e+03, 5.98003174e+02, 4.83503670e-01, 1.35434778e+03,
       5.24333679e+02, 5.47458351e-01, 1.54570972e+03, 4.44906494e+02,
       4.96849716e-01, 1.09543469e+03, 5.27284668e+02, 4.05197561e-01,
       1.35433032e+03, 5.27275269e+02, 2.92853296e-01, 1.56627258e+03,
       4.47859741e+02, 1.41835928e-01, 7.65662476e+02, 5.74338196e+02,
       7.34066010e-01, 7.62882935e+02, 5.47891235e+02, 7.96129644e-01,
       0., 0., 0., 7.68683838e+02, 5.06755310e+02, 6.13395333e-01,
       1.63989221e+03, 4.47842377e+02, 7.23154470e-02, 0., 0., 0.,
       1.61049683e+03, 4.47838165e+02, 1.19245529e-01, 1.63686328e+03,
       4.24317474e+02, 2.35877320e-01, 1.63395715e+03, 4.36160187e+02,
       2.18418762e-01, 1.57810132e+03, 4.18484650e+02, 2.71372944e-01 ]
