%YAML:1.0
---
pose_0: !!opencv-matrix
   rows: 1
   cols: 25
   dt: "3f"
   data: [ 0., 0., 0., 7.86365845e+02, 5.50949402e+02, 5.18203735e-01,
       7.89321472e+02, 5.53884277e+02, 5.64841807e-01, 9.21702148e+02,
       5.00806000e+02, 7.06530690e-01, 8.09876343e+02, 3.91928345e+02,
       7.34795094e-01, 7.68775452e+02, 5.68485779e+02, 4.26113129e-01,
       9.15896912e+02, 4.86172058e+02, 1.42000973e-01, 8.80472107e+02,
       4.09632355e+02, 1.55316174e-01, 1.07773071e+03, 5.71464661e+02,
       3.47228587e-01, 1.06891907e+03, 5.74431763e+02, 3.13677132e-01,
       1.35438586e+03, 5.27240784e+02, 8.02917480e-01, 1.63989392e+03,
       7.18669250e+02, 5.17087638e-01, 1.09541248e+03, 5.59699585e+02,
       2.35063776e-01, 1.35434949e+03, 5.06668182e+02, 1.93580464e-01,
       0., 0., 0., 0., 0., 0., 0., 0., 0., 7.27472290e+02,
       5.24422180e+02, 1.11207522e-01, 6.92117065e+02, 5.74375854e+02,
       1.84515491e-01, 0., 0., 0., 0., 0., 0., 0., 0., 0.,
       1.68702124e+03, 6.92214966e+02, 1.62898093e-01, 1.68113147e+03,
       7.15696106e+02, 1.87042713e-01, 1.65749866e+03, 7.48047424e+02,
       3.85861427e-01 ]
