%YAML:1.0
---
pose_0: !!opencv-matrix
   rows: 1
   cols: 25
   dt: "3f"
   data: [ 7.71669128e+02, 5.06662476e+02, 8.41511726e-01,
       8.36318359e+02, 4.59746124e+02, 5.10623276e-01, 8.36353943e+02,
       5.09635529e+02, 3.53386641e-01, 0., 0., 0., 0., 0., 0.,
       8.39355042e+02, 4.12623932e+02, 6.12281740e-01, 9.21719482e+02,
       4.15508850e+02, 5.78577280e-01, 1.06295740e+03, 4.30149384e+02,
       7.68621147e-01, 1.11593677e+03, 5.24400330e+02, 5.61475694e-01,
       1.11599512e+03, 5.65630371e+02, 5.61048150e-01, 1.32500195e+03,
       5.95000671e+02, 8.00243139e-01, 1.55160254e+03, 6.53971619e+02,
       6.58080637e-01, 1.11594482e+03, 4.80226318e+02, 5.41879892e-01,
       1.31907544e+03, 4.50800995e+02, 3.66121501e-01, 1.54279773e+03,
       4.27319672e+02, 5.11007190e-01, 7.62705261e+02, 5.12641235e+02,
       7.85004556e-01, 7.62873535e+02, 4.86238770e+02, 8.01611483e-01,
       0., 0., 0., 7.65739990e+02, 4.56752319e+02, 6.39401674e-01,
       1.63102832e+03, 4.12548126e+02, 2.07664356e-01, 1.62514734e+03,
       4.09626648e+02, 2.27864772e-01, 1.56925488e+03, 4.12581390e+02,
       2.34544486e-01, 1.62807458e+03, 6.62726135e+02, 5.18322110e-01,
       1.61345056e+03, 6.71611267e+02, 5.67737222e-01, 1.56930151e+03,
       6.59799377e+02, 3.63822877e-01 ]
