%YAML:1.0
---
pose_0: !!opencv-matrix
   rows: 1
   cols: 25
   dt: "3f"
   data: [ 7.62664124e+02, 4.56777496e+02, 8.79886091e-01,
       8.80504883e+02, 4.39034546e+02, 7.39767671e-01, 8.86443665e+02,
       5.06819977e+02, 5.92987001e-01, 1.02170166e+03, 5.95018127e+02,
       8.61990929e-01, 9.01169678e+02, 5.74354370e+02, 8.09109449e-01,
       8.68727844e+02, 3.68431854e+02, 6.38128757e-01, 9.51075439e+02,
       2.97758331e+02, 8.30543756e-01, 1.02189960e+03, 3.06640808e+02,
       8.31065059e-01, 1.17195105e+03, 4.86143463e+02, 5.67354500e-01,
       1.16605054e+03, 5.36149658e+02, 5.61216712e-01, 1.35148413e+03,
       5.33214478e+02, 3.19267750e-01, 1.53689905e+03, 5.36190674e+02,
       4.65526611e-01, 1.17782031e+03, 4.33174866e+02, 5.66019714e-01,
       1.35731177e+03, 4.53787323e+02, 6.06657982e-01, 1.55747083e+03,
       4.56608917e+02, 4.23626065e-01, 7.42152527e+02, 4.71402191e+02,
       8.12783480e-01, 7.45234802e+02, 4.36092010e+02, 8.72370303e-01,
       7.65794128e+02, 4.83346680e+02, 1.63601443e-01, 7.65744019e+02,
       4.09719421e+02, 6.64565325e-01, 1.63399365e+03, 4.09558167e+02,
       4.59493250e-01, 1.62805737e+03, 4.09581818e+02, 4.65979099e-01,
       1.58104138e+03, 4.83193329e+02, 2.06502557e-01, 1.58399268e+03,
       5.47884460e+02, 8.57752785e-02, 0., 0., 0., 1.56925269e+03,
       5.39107239e+02, 3.68159622e-01 ]
