%YAML:1.0
---
pose_0: !!opencv-matrix
   rows: 1
   cols: 25
   dt: "3f"
   data: [ 7.03985962e+02, 5.21417603e+02, 8.13011289e-01,
       8.36361633e+02, 5.27310120e+02, 6.83191478e-01, 8.39292542e+02,
       5.94941467e+02, 5.93387902e-01, 9.77708679e+02, 6.24489563e+02,
       3.63901883e-01, 1.09243408e+03, 6.77399597e+02, 3.86027366e-01,
       8.36376648e+02, 4.59593872e+02, 5.63619137e-01, 1.00125122e+03,
       4.06629944e+02, 7.15885580e-01, 1.14240588e+03, 3.65349030e+02,
       8.75134170e-01, 1.11307947e+03, 5.50892090e+02, 6.03540361e-01,
       1.09832373e+03, 5.98005981e+02, 6.00356758e-01, 1.23375293e+03,
       6.21389893e+02, 4.98354912e-01, 1.51626685e+03, 5.36228516e+02,
       2.69633740e-01, 1.12190649e+03, 5.00875977e+02, 5.93250275e-01,
       1.25133838e+03, 5.86210083e+02, 6.13932848e-01, 1.49569531e+03,
       5.50854614e+02, 2.51825660e-01, 6.92093140e+02, 5.30287109e+02,
       8.58208060e-01, 6.95187805e+02, 5.00828552e+02, 8.81221056e-01,
       7.12697266e+02, 5.50937500e+02, 3.87890846e-01, 7.24529602e+02,
       4.74372528e+02, 5.98907650e-01, 0., 0., 0., 0., 0., 0., 0., 0.,
       0., 0., 0., 0., 0., 0., 0., 0., 0., 0. ]
