%YAML:1.0
---
pose_0: !!opencv-matrix
   rows: 1
   cols: 25
   dt: "3f"
   data: [ 7.89447388e+02, 3.89169830e+02, 8.49394441e-01,
       8.98162964e+02, 3.62415375e+02, 6.19149745e-01, 8.74614563e+02,
       4.15477325e+02, 7.00436234e-01, 8.92340454e+02, 3.18264648e+02,
       7.60163367e-01, 8.12820923e+02, 2.00721756e+02, 8.40808749e-01,
       9.27574158e+02, 2.97829895e+02, 4.26152080e-01, 9.59972412e+02,
       1.71263275e+02, 7.45537758e-01, 8.45231812e+02, 1.56518799e+02,
       7.77397096e-01, 1.13364478e+03, 4.33178497e+02, 6.58962488e-01,
       1.11592529e+03, 4.80310669e+02, 6.27046645e-01, 1.30144727e+03,
       5.97826294e+02, 7.80542076e-01, 1.50156860e+03, 7.09867493e+02,
       6.60172343e-01, 1.15128345e+03, 3.85996552e+02, 6.06081784e-01,
       1.35733411e+03, 3.68476196e+02, 4.45173323e-01, 1.53986597e+03,
       3.91925629e+02, 5.57716608e-01, 7.80411133e+02, 4.03682159e+02,
       7.37851262e-01, 7.83369385e+02, 3.71340515e+02, 7.68237650e-01,
       0., 0., 0., 8.03961365e+02, 3.38997284e+02, 6.02225363e-01,
       1.61339539e+03, 3.71359985e+02, 5.14230728e-01, 1.61045605e+03,
       3.68365112e+02, 5.07935464e-01, 1.56629382e+03, 4.09617676e+02,
       3.13376993e-01, 1.58699646e+03, 7.42258545e+02, 7.00610757e-01,
       1.56925427e+03, 7.51039978e+02, 6.41892195e-01, 1.51627869e+03,
       7.09777466e+02, 4.42164719e-01 ]
