%YAML:1.0
---
pose_0: !!opencv-matrix
   rows: 1
   cols: 25
   dt: "3f"
   data: [ 7.18716187e+02, 4.94905884e+02, 8.57919812e-01,
       8.54044800e+02, 5.06826447e+02, 6.68240011e-01, 8.57012634e+02,
       5.80390991e+02, 7.10530639e-01, 9.98238708e+02, 6.24413391e+02,
       8.30801487e-01, 1.11908044e+03, 6.71542053e+02, 8.38212669e-01,
       8.48125061e+02, 4.39131348e+02, 5.00501931e-01, 1.02176166e+03,
       3.97812500e+02, 6.44116163e-01, 1.16308801e+03, 3.65541168e+02,
       7.93484211e-01, 1.13071973e+03, 5.06683563e+02, 5.91315925e-01,
       1.12778186e+03, 5.53802612e+02, 6.34024441e-01, 1.33090210e+03,
       6.21635925e+02, 7.81779528e-01, 1.56042334e+03, 6.71666687e+02,
       5.65037489e-01, 1.13363953e+03, 4.56604156e+02, 5.75654626e-01,
       1.32497473e+03, 4.56821777e+02, 7.48765469e-01, 1.57808118e+03,
       4.74321960e+02, 6.32342517e-01, 7.03963013e+02, 5.06618591e+02,
       8.29620004e-01, 7.15624512e+02, 4.77248901e+02, 8.86909246e-01,
       7.18690186e+02, 5.27321838e+02, 2.72820294e-01, 7.42096436e+02,
       4.44884827e+02, 6.09196484e-01, 1.64578052e+03, 4.41983551e+02,
       4.18677628e-01, 1.63701453e+03, 4.39110138e+02, 4.70615655e-01,
       1.61337610e+03, 4.80274963e+02, 3.91129345e-01, 1.62807788e+03,
       6.59745483e+02, 4.59311694e-01, 1.61932935e+03, 6.71507629e+02,
       4.05885249e-01, 1.60162915e+03, 6.80365845e+02, 2.91161865e-01 ]
