%YAML:1.0
---
pose_0: !!opencv-matrix
   rows: 1
   cols: 25
   dt: "3f"
   data: [ 7.39136230e+02, 4.83154480e+02, 8.84941757e-01,
       8.54095459e+02, 4.83182465e+02, 7.58563638e-01, 8.57015625e+02,
       5.56798584e+02, 6.69812202e-01, 9.80548035e+02, 6.51057190e+02,
       8.01744044e-01, 9.27517944e+02, 6.42101501e+02, 7.57470071e-01,
       8.48140869e+02, 4.12651062e+02, 5.97626686e-01, 9.30626099e+02,
       3.83083618e+02, 6.09981894e-01, 1.00413690e+03, 3.65544250e+02,
       8.58026862e-01, 1.13364404e+03, 5.03772247e+02, 5.69987178e-01,
       1.13070972e+03, 5.50830688e+02, 5.91468215e-01, 1.34263367e+03,
       5.74350586e+02, 6.67432308e-01, 1.50748108e+03, 5.74397400e+02,
       5.58929205e-01, 1.13654150e+03, 4.47901550e+02, 5.71984172e-01,
       1.33386401e+03, 4.59634583e+02, 7.43066490e-01, 1.57511279e+03,
       4.77286041e+02, 6.48122787e-01, 7.21591125e+02, 5.03768677e+02,
       8.04731011e-01, 7.21653442e+02, 4.62639862e+02, 7.93320119e-01,
       7.42257568e+02, 5.24303040e+02, 1.97205245e-01, 7.48093689e+02,
       4.36094482e+02, 6.04651630e-01, 1.63102087e+03, 4.47838654e+02,
       5.36786020e-01, 1.61932861e+03, 4.41964203e+02, 5.87188721e-01,
       1.60451636e+03, 4.83302063e+02, 3.65918517e-01, 1.56642065e+03,
       5.62653931e+02, 4.58432138e-01, 1.55747571e+03, 5.74457214e+02,
       4.42832828e-01, 1.53683740e+03, 5.59768555e+02, 2.74932086e-01 ]
