%YAML:1.0
---
pose_0: !!opencv-matrix
   rows: 1
   cols: 25
   dt: "3f"
   data: [ 6.00915894e+02, 4.83356598e+02, 8.01521242e-01,
       6.95159973e+02, 5.39144836e+02, 4.60827082e-01, 7.30458618e+02,
       6.80397888e+02, 3.20532858e-01, 7.53988403e+02, 7.42185486e+02,
       6.88541308e-02, 0., 0., 0., 7.15800415e+02, 4.59598816e+02,
       6.69009030e-01, 7.65723022e+02, 5.03684540e+02, 7.88247585e-01,
       5.53804932e+02, 6.21645630e+02, 7.87532806e-01, 1.08065503e+03,
       5.30263611e+02, 2.14071065e-01, 1.07480566e+03, 6.00903931e+02,
       1.90772608e-01, 1.35144592e+03, 6.48121582e+02, 3.08180034e-01,
       1.69875122e+03, 6.59764160e+02, 2.35032663e-01, 1.08069177e+03,
       4.62565033e+02, 2.45540887e-01, 1.37200708e+03, 3.50737427e+02,
       2.20977351e-01, 1.63101196e+03, 2.33049652e+02, 1.73572123e-01,
       5.74394592e+02, 5.06704651e+02, 7.47617841e-01, 5.89108704e+02,
       4.62658813e+02, 7.37092376e-01, 5.92095032e+02, 5.68585938e+02,
       3.34449679e-01, 6.09769897e+02, 4.44968079e+02, 2.00290486e-01,
       0., 0., 0., 0., 0., 0., 1.63107336e+03, 2.24123428e+02,
       1.59958944e-01, 0., 0., 0., 0., 0., 0., 1.71050684e+03,
       6.50958679e+02, 1.30551323e-01 ]
