%YAML:1.0
---
pose_0: !!opencv-matrix
   rows: 1
   cols: 25
   dt: "3f"
   data: [ 7.24556091e+02, 4.36103424e+02, 8.47255111e-01,
       8.33437256e+02, 4.09571442e+02, 6.76900506e-01, 8.33407532e+02,
       4.86198151e+02, 4.43824857e-01, 8.59979614e+02, 5.00779297e+02,
       5.56611381e-02, 0., 0., 0., 8.33519653e+02, 3.38911713e+02,
       6.17291927e-01, 9.39406555e+02, 2.24257324e+02, 7.67107248e-01,
       9.36495422e+02, 3.83050110e+02, 7.66918838e-01, 1.12778027e+03,
       4.33223419e+02, 4.83798325e-01, 1.13362622e+03, 4.83242554e+02,
       4.98728901e-01, 1.34841565e+03, 5.74264404e+02, 7.36776233e-01,
       1.56636084e+03, 5.62689453e+02, 6.55229211e-01, 1.12192639e+03,
       3.74300812e+02, 3.73817831e-01, 1.37492126e+03, 3.36025269e+02,
       6.38593554e-01, 1.56041516e+03, 2.00707428e+02, 4.73609656e-01,
       7.09833252e+02, 4.56648834e+02, 7.99518704e-01, 7.15618591e+02,
       4.12578400e+02, 8.75401437e-01, 7.24519470e+02, 4.77319580e+02,
       2.08731517e-01, 7.39152283e+02, 3.83163513e+02, 6.15628481e-01,
       0., 0., 0., 0., 0., 0., 0., 0., 0., 1.59276245e+03,
       6.27470947e+02, 3.83270800e-01, 1.58391345e+03, 6.24421021e+02,
       3.98270965e-01, 1.59286047e+03, 5.45017761e+02, 4.81383204e-01 ]
