%YAML:1.0
---
pose_0: !!opencv-matrix
   rows: 1
   cols: 25
   dt: "3f"
   data: [ 0., 0., 0., 8.12790588e+02, 4.97874756e+02, 2.88734436e-01,
       8.27544922e+02, 5.47925659e+02, 1.81444377e-01, 7.71669922e+02,
       5.86225891e+02, 3.57475787e-01, 6.50961304e+02, 5.42026062e+02,
       4.10521239e-01, 7.92277466e+02, 4.47900055e+02, 2.22281829e-01,
       7.74623901e+02, 4.03720459e+02, 5.46100855e-01, 6.00965271e+02,
       4.83260529e+02, 7.61380017e-01, 1.09831665e+03, 5.33222290e+02,
       3.66109908e-01, 1.09542773e+03, 5.94957886e+02, 4.08831865e-01,
       1.31612488e+03, 5.97812500e+02, 6.37521088e-01, 1.64287927e+03,
       5.97869141e+02, 5.36291182e-01, 1.09540771e+03, 4.77296112e+02,
       3.77910256e-01, 1.33088232e+03, 4.97934937e+02, 5.38159192e-01,
       1.61342175e+03, 5.00752106e+02, 5.85862458e-01, 0., 0., 0., 0.,
       0., 0., 0., 0., 0., 0., 0., 0., 1.68412085e+03, 4.59617004e+02,
       5.44145346e-01, 1.68105688e+03, 4.59570038e+02, 5.64683795e-01,
       1.63403406e+03, 5.09721008e+02, 3.45710158e-01, 1.71934167e+03,
       5.44994324e+02, 2.40614146e-01, 1.71056787e+03, 5.53850403e+02,
       1.79622263e-01, 1.66347229e+03, 5.86185486e+02, 2.49004066e-01 ]
