%YAML:1.0
---
pose_0: !!opencv-matrix
   rows: 1
   cols: 25
   dt: "3f"
   data: [ 7.89242981e+02, 5.00776459e+02, 8.58879089e-01,
       8.83576477e+02, 5.27364380e+02, 7.04172909e-01, 8.77540344e+02,
       5.77405701e+02, 7.34193444e-01, 9.89422241e+02, 6.18501953e+02,
       2.16043428e-01, 1.03358435e+03, 6.36264099e+02, 1.52469084e-01,
       9.04064331e+02, 4.80173798e+02, 4.68409061e-01, 9.54154053e+02,
       3.88945038e+02, 2.91748762e-01, 9.89451599e+02, 2.94814728e+02,
       2.14197159e-01, 1.14833289e+03, 5.44989258e+02, 5.63082814e-01,
       1.14245789e+03, 5.95009094e+02, 5.65588474e-01, 1.37501892e+03,
       6.42068542e+02, 5.71728230e-01, 1.55455371e+03, 6.95248901e+02,
       6.18266821e-01, 1.15127869e+03, 4.86194794e+02, 5.70298970e-01,
       1.31024634e+03, 4.12684631e+02, 7.46849477e-01, 1.52216370e+03,
       4.00739014e+02, 5.91353178e-01, 7.77471313e+02, 5.06913788e+02,
       8.07283521e-01, 7.83321533e+02, 4.80342621e+02, 8.17011952e-01,
       7.89258057e+02, 5.33309937e+02, 6.85392618e-01, 8.04010803e+02,
       4.65561401e+02, 4.53354836e-01, 1.61343213e+03, 3.50784821e+02,
       3.02187353e-01, 1.61043591e+03, 3.47809662e+02, 2.93061435e-01,
       1.54572791e+03, 4.09530273e+02, 2.99826741e-01, 1.60161108e+03,
       7.00971680e+02, 2.76521713e-01, 1.58990393e+03, 7.15717102e+02,
       3.22759986e-01, 1.58395691e+03, 6.98120667e+02, 3.79472315e-01 ]
