%YAML:1.0
---
pose_0: !!opencv-matrix
   rows: 1
   cols: 25
   dt: "3f"
   data: [ 7.83361511e+02, 5.06802063e+02, 8.76725435e-01,
       8.86454590e+02, 5.21405396e+02, 7.43194222e-01, 8.80550415e+02,
       5.89095825e+02, 6.91546738e-01, 1.01883643e+03, 6.39180847e+02,
       6.99464917e-01, 1.09533057e+03, 6.50943115e+02, 8.09265673e-01,
       9.01164490e+02, 4.53737457e+02, 6.56983376e-01, 9.62900757e+02,
       4.12462555e+02, 6.92340851e-01, 1.03355042e+03, 3.94910492e+02,
       7.70142376e-01, 1.16598560e+03, 5.27314514e+02, 5.77720106e-01,
       1.16300488e+03, 5.77259338e+02, 6.14974320e-01, 1.33079907e+03,
       5.94914124e+02, 6.23600960e-01, 1.51336365e+03, 6.47953064e+02,
       4.83638227e-01, 1.16314417e+03, 4.74379456e+02, 5.93812048e-01,
       1.36911829e+03, 4.77287476e+02, 6.14127994e-01, 1.54271204e+03,
       4.83092834e+02, 6.68194354e-01, 7.65774536e+02, 5.24434998e+02,
       7.95299530e-01, 7.68744202e+02, 4.91968994e+02, 7.85153508e-01,
       7.83433960e+02, 5.47873230e+02, 5.13595223e-01, 7.98081848e+02,
       4.68509521e+02, 5.54442286e-01, 1.60748853e+03, 4.62635895e+02,
       4.33819026e-01, 1.59576672e+03, 4.59658051e+02, 4.88945335e-01,
       1.56927588e+03, 4.80253448e+02, 3.36356103e-01, 1.56931860e+03,
       6.83297424e+02, 3.51581722e-01, 1.55746423e+03, 6.89178284e+02,
       3.26525420e-01, 1.54275513e+03, 6.42130798e+02, 3.04404646e-01 ]
