%YAML:1.0
---
pose_0: !!opencv-matrix
   rows: 1
   cols: 25
   dt: "3f"
   data: [ 7.42205994e+02, 5.27465515e+02, 9.09431577e-01,
       8.59904968e+02, 5.36213440e+02, 7.85125673e-01, 8.57035950e+02,
       6.21521606e+02, 7.28336215e-01, 9.65870911e+02, 6.62661255e+02,
       5.63141942e-01, 1.04823926e+03, 6.71513062e+02, 5.79326689e-01,
       8.77604553e+02, 4.59663177e+02, 7.53308058e-01, 9.98325378e+02,
       4.53726837e+02, 6.61850929e-01, 9.62943481e+02, 5.00812256e+02,
       7.96959579e-01, 1.13956628e+03, 5.33297485e+02, 5.38831651e-01,
       1.13660352e+03, 5.80288879e+02, 5.59621632e-01, 1.36909485e+03,
       6.00801636e+02, 6.57970071e-01, 1.58697241e+03, 6.30382080e+02,
       5.89043975e-01, 1.13950415e+03, 4.83121429e+02, 5.30046642e-01,
       1.35441199e+03, 4.83108521e+02, 6.24348402e-01, 1.55746997e+03,
       4.83259674e+02, 6.76337421e-01, 7.27459106e+02, 5.42050720e+02,
       7.73559451e-01, 7.36286072e+02, 5.06752014e+02, 8.78171980e-01,
       7.45090759e+02, 5.65571716e+02, 5.09215236e-01, 7.62720581e+02,
       4.86093658e+02, 6.76345110e-01, 1.61347009e+03, 4.50786346e+02,
       6.10509932e-01, 1.61032166e+03, 4.47829315e+02, 6.37582064e-01,
       1.58396155e+03, 4.89132874e+02, 3.77061874e-01, 1.66347266e+03,
       6.18601074e+02, 6.10525787e-01, 1.65761475e+03, 6.27490051e+02,
       5.29492497e-01, 1.61045447e+03, 6.39211426e+02, 2.83856541e-01 ]
