%YAML:1.0
---
pose_0: !!opencv-matrix
   rows: 1
   cols: 25
   dt: "3f"
   data: [ 7.21592041e+02, 4.33074799e+02, 8.40855718e-01,
       8.12752747e+02, 4.06697235e+02, 6.36164367e-01, 8.06968201e+02,
       4.71385406e+02, 5.53582311e-01, 9.30577148e+02, 4.53738953e+02,
       4.89175797e-01, 9.36432312e+02, 4.36060364e+02, 2.76388228e-01,
       8.21678345e+02, 3.36038208e+02, 4.92973268e-01, 9.45288452e+02,
       2.30079254e+02, 7.40083039e-01, 9.33562012e+02, 3.65565887e+02,
       7.69706666e-01, 1.10128418e+03, 4.33103729e+02, 4.77275968e-01,
       1.10716467e+03, 4.80181244e+02, 4.44644243e-01, 1.33375452e+03,
       5.65607300e+02, 6.93722308e-01, 1.56627319e+03, 5.56846558e+02,
       7.20024407e-01, 1.09833289e+03, 3.83095917e+02, 3.90561163e-01,
       1.37800842e+03, 3.30167847e+02, 5.72091877e-01, 1.58105591e+03,
       1.94751770e+02, 3.99788052e-01, 7.12728088e+02, 4.47911926e+02,
       7.67971516e-01, 7.12731934e+02, 4.09656342e+02, 8.47815871e-01,
       7.27466492e+02, 4.65550751e+02, 2.31223255e-01, 7.36249390e+02,
       3.83166260e+02, 5.75453460e-01, 1.68702905e+03, 1.50522720e+02,
       1.53714478e-01, 1.68990808e+03, 1.50622391e+02, 1.50888175e-01,
       1.68119421e+03, 1.85953613e+02, 7.03852251e-02, 1.58990002e+03,
       6.18635925e+02, 3.82696807e-01, 1.58396191e+03, 6.15613953e+02,
       3.82265627e-01, 1.58989746e+03, 5.45020264e+02, 4.94617552e-01 ]
