%YAML:1.0
---
pose_0: !!opencv-matrix
   rows: 1
   cols: 25
   dt: "3f"
   data: [ 7.24525391e+02, 5.53917542e+02, 5.50776757e-02,
       8.01078491e+02, 5.24419495e+02, 5.09977937e-01, 8.01077759e+02,
       5.24355774e+02, 4.20177251e-01, 9.48229370e+02, 5.59751099e+02,
       4.32551175e-01, 1.12774182e+03, 5.18484497e+02, 5.70580781e-01,
       7.95149841e+02, 5.30288391e+02, 6.28169119e-01, 9.39396057e+02,
       5.53751465e+02, 4.77192730e-01, 1.11309082e+03, 5.03801300e+02,
       3.06824535e-01, 1.13363696e+03, 6.06784058e+02, 2.56725103e-01,
       1.14540955e+03, 6.27442871e+02, 2.32579812e-01, 1.35733289e+03,
       5.27322021e+02, 7.36432731e-01, 1.63988818e+03, 7.15635803e+02,
       5.35751164e-01, 1.12776050e+03, 5.74421265e+02, 2.09369197e-01,
       1.35430774e+03, 4.89144836e+02, 6.83184266e-01, 1.58988599e+03,
       6.68680420e+02, 2.69386232e-01, 0., 0., 0., 0., 0., 0.,
       7.36354919e+02, 4.80242279e+02, 9.82139260e-02, 7.15707214e+02,
       5.30372498e+02, 1.99715555e-01, 1.69871277e+03, 6.24380554e+02,
       2.15312988e-01, 1.68992603e+03, 6.21569702e+02, 1.75017983e-01,
       0., 0., 0., 1.70162317e+03, 6.30394165e+02, 3.03179979e-01,
       1.69578113e+03, 6.47972290e+02, 2.33162388e-01, 1.66045288e+03,
       7.45173523e+02, 3.92174125e-01 ]
