%YAML:1.0
---
pose_0: !!opencv-matrix
   rows: 1
   cols: 25
   dt: "3f"
   data: [ 7.80458191e+02, 4.59636017e+02, 6.91381633e-01,
       8.59929932e+02, 5.30387512e+02, 5.46340644e-01, 8.80524902e+02,
       5.53819641e+02, 7.47469783e-01, 1.01588196e+03, 5.68514282e+02,
       7.23671198e-01, 1.18367798e+03, 5.12618469e+02, 6.44375205e-01,
       8.59910217e+02, 5.03816040e+02, 2.53976196e-01, 1.05714331e+03,
       5.00767517e+02, 2.85021782e-01, 1.16306226e+03, 4.80257050e+02,
       5.56903005e-01, 1.16015222e+03, 5.97940247e+02, 3.41691732e-01,
       1.14540161e+03, 6.24518311e+02, 3.13445747e-01, 1.37784766e+03,
       5.06628601e+02, 8.28311741e-01, 1.62521313e+03, 7.18566406e+02,
       6.01501644e-01, 1.16896484e+03, 5.59701965e+02, 2.17676938e-01,
       1.37202625e+03, 4.59599274e+02, 7.83357620e-01, 1.57518445e+03,
       5.80374390e+02, 5.08243799e-01, 7.62801392e+02, 4.74351685e+02,
       6.67213917e-01, 7.62816956e+02, 4.47903015e+02, 1.05253987e-01,
       7.83455505e+02, 5.06709503e+02, 5.66589713e-01, 0., 0., 0.,
       1.70171631e+03, 5.80297668e+02, 3.95407706e-01, 1.69876904e+03,
       5.80273621e+02, 3.32286298e-01, 1.59279175e+03, 6.09783813e+02,
       2.74667621e-01, 1.68106104e+03, 7.36303467e+02, 3.89054328e-01,
       1.66061389e+03, 7.45117432e+02, 4.27483946e-01, 1.63404016e+03,
       7.39268799e+02, 4.17107821e-01 ]
