%YAML:1.0
---
pose_0: !!opencv-matrix
   rows: 1
   cols: 25
   dt: "3f"
   data: [ 6.89168457e+02, 5.47850891e+02, 7.91575313e-01,
       7.65814270e+02, 4.68494873e+02, 4.31708902e-01, 7.65666931e+02,
       4.65557037e+02, 3.33983719e-01, 0., 0., 0., 0., 0., 0.,
       7.65844177e+02, 4.65604340e+02, 7.39799142e-01, 9.30629883e+02,
       5.18553101e+02, 7.96691179e-01, 8.30427917e+02, 6.24415955e+02,
       7.82275021e-01, 1.13070276e+03, 4.53742493e+02, 2.19543725e-01,
       1.09834082e+03, 4.44923706e+02, 1.27358109e-01, 1.36318103e+03,
       4.92025116e+02, 3.40546787e-01, 1.61926135e+03, 4.15533905e+02,
       2.34640017e-01, 1.16013538e+03, 4.59575195e+02, 2.75318801e-01,
       1.35731677e+03, 5.03769012e+02, 4.72256482e-01, 1.63697168e+03,
       4.15487335e+02, 4.15516108e-01, 0., 0., 0., 6.71528992e+02,
       5.27324341e+02, 8.69255781e-01, 0., 0., 0., 6.86322632e+02,
       4.80147186e+02, 6.99858546e-01, 1.71051855e+03, 3.68373993e+02,
       3.39183271e-01, 1.71349182e+03, 3.68416565e+02, 2.88199723e-01,
       1.67522400e+03, 4.24357178e+02, 1.85815170e-01, 0., 0., 0., 0.,
       0., 0., 1.68111401e+03, 4.12602112e+02, 5.55329546e-02 ]
