%YAML:1.0
---
pose_0: !!opencv-matrix
   rows: 1
   cols: 25
   dt: "3f"
   data: [ 7.77564087e+02, 4.39061981e+02, 5.38492680e-01,
       8.51099854e+02, 4.86209564e+02, 5.41863620e-01, 8.57040222e+02,
       5.30246094e+02, 7.47335017e-01, 9.89471985e+02, 5.97965637e+02,
       8.29005122e-01, 1.12184216e+03, 5.12611633e+02, 6.76185846e-01,
       8.36480469e+02, 4.39011230e+02, 3.76654804e-01, 9.27588562e+02,
       4.56710175e+02, 9.39048529e-02, 0., 0., 0., 1.16307910e+03,
       5.50903564e+02, 5.07432640e-01, 1.14840564e+03, 5.92109619e+02,
       4.45240200e-01, 1.35433398e+03, 5.50929260e+02, 7.91104436e-01,
       1.61338452e+03, 7.06853149e+02, 5.10043383e-01, 1.16894653e+03,
       5.06711273e+02, 4.64754164e-01, 1.36034338e+03, 4.33161255e+02,
       8.19813728e-01, 1.54572913e+03, 5.59787537e+02, 6.27402484e-01,
       7.62713623e+02, 4.56667175e+02, 5.16836762e-01, 7.65763123e+02,
       4.33207245e+02, 1.40946805e-01, 7.77515015e+02, 4.89079224e+02,
       4.01539177e-01, 0., 0., 0., 1.60455334e+03, 5.12643311e+02,
       3.18998575e-01, 1.59576904e+03, 5.18478699e+02, 3.29992056e-01,
       1.56635413e+03, 5.94985291e+02, 4.32681888e-01, 1.69287793e+03,
       7.18736633e+02, 1.73870489e-01, 1.67814490e+03, 7.39131470e+02,
       1.59783214e-01, 1.63695056e+03, 7.39256348e+02, 3.32128227e-01 ]
