%YAML:1.0
---
pose_0: !!opencv-matrix
   rows: 1
   cols: 25
   dt: "3f"
   data: [ 7.42306763e+02, 5.27200867e+02, 7.18517840e-01,
       8.09913269e+02, 4.56787445e+02, 6.31897628e-01, 8.06929138e+02,
       4.47892731e+02, 4.61138397e-01, 9.51240479e+02, 5.09694153e+02,
       9.13219452e-02, 9.68786133e+02, 5.74414246e+02, 9.71462205e-02,
       8.12966431e+02, 4.68473816e+02, 7.30932593e-01, 9.39444885e+02,
       5.09629120e+02, 7.68927634e-01, 9.74768127e+02, 5.92044739e+02,
       7.45739162e-01, 1.10130151e+03, 4.18429016e+02, 3.65354687e-01,
       1.11007861e+03, 3.89061615e+02, 2.97152013e-01, 1.33970593e+03,
       4.74323517e+02, 2.34529510e-01, 1.63100623e+03, 4.15534180e+02,
       2.12926835e-01, 1.09832983e+03, 4.47868652e+02, 3.42573851e-01,
       1.34557080e+03, 4.77253204e+02, 6.63214207e-01, 1.63397083e+03,
       4.21428040e+02, 4.04511422e-01, 7.36341003e+02, 5.24390198e+02,
       5.99755459e-02, 7.36285645e+02, 5.06745819e+02, 6.98773324e-01,
       0., 0., 0., 7.42227112e+02, 4.68468811e+02, 6.09055877e-01,
       1.66635828e+03, 3.65504639e+02, 2.35496327e-01, 1.66932581e+03,
       3.68430359e+02, 1.95605665e-01, 1.67517725e+03, 4.18452484e+02,
       2.03493521e-01, 1.66929382e+03, 3.65458496e+02, 2.35998124e-01,
       1.66345886e+03, 3.74300232e+02, 1.52226314e-01, 1.67520288e+03,
       4.06657379e+02, 8.28963220e-02 ]
