%YAML:1.0
---
pose_0: !!opencv-matrix
   rows: 1
   cols: 25
   dt: "3f"
   data: [ 6.98051392e+02, 6.00947388e+02, 8.25861037e-01,
       8.18782166e+02, 6.15569397e+02, 7.03711152e-01, 8.01037598e+02,
       6.95047241e+02, 7.25583434e-01, 9.36433411e+02, 7.62854736e+02,
       8.34931612e-01, 1.01886511e+03, 6.92196716e+02, 6.95188284e-01,
       8.36420654e+02, 5.33280762e+02, 5.56823850e-01, 1.00707520e+03,
       5.24363953e+02, 7.37301052e-01, 1.12780676e+03, 5.09697296e+02,
       7.37503409e-01, 1.09830408e+03, 6.56866455e+02, 5.69921851e-01,
       1.08653882e+03, 7.09799561e+02, 5.45743763e-01, 1.32784900e+03,
       7.53955139e+02, 4.07197893e-01, 1.57514453e+03, 7.62720703e+02,
       5.10075212e-01, 1.11009839e+03, 6.01035767e+02, 5.71590722e-01,
       1.32794312e+03, 5.77509399e+02, 5.25066435e-01, 1.56341455e+03,
       5.74286682e+02, 5.72040677e-01, 6.80378296e+02, 6.12681763e+02,
       6.93888903e-01, 6.89168701e+02, 5.77441772e+02, 7.97627270e-01,
       6.98020813e+02, 6.36203064e+02, 3.21676880e-01, 7.18558228e+02,
       5.50899292e+02, 5.37436306e-01, 1.66934924e+03, 5.27394287e+02,
       4.01857734e-01, 1.66635266e+03, 5.27257263e+02, 3.79848242e-01,
       1.59279065e+03, 5.77321899e+02, 2.57386982e-01, 1.65749219e+03,
       7.21674805e+02, 1.79843232e-01, 1.65761670e+03, 7.42275452e+02,
       1.23058692e-01, 1.59284033e+03, 7.56942444e+02, 2.73944288e-01 ]
