%YAML:1.0
---
pose_0: !!opencv-matrix
   rows: 1
   cols: 25
   dt: "3f"
   data: [ 7.33366333e+02, 5.56733093e+02, 7.32470155e-01,
       8.12823669e+02, 4.86107056e+02, 3.80665988e-01, 8.06970459e+02,
       4.68476044e+02, 1.91753983e-01, 0., 0., 0., 0., 0., 0.,
       8.33375854e+02, 5.03736450e+02, 5.70512652e-01, 1.02185461e+03,
       5.12679504e+02, 6.77590132e-01, 1.16010657e+03, 5.56737854e+02,
       7.63009131e-01, 1.14249707e+03, 4.33095154e+02, 3.12464535e-01,
       1.12776904e+03, 4.47857269e+02, 1.80178851e-01, 1.37502588e+03,
       5.27380005e+02, 3.85090977e-01, 1.58694702e+03, 4.21411682e+02,
       2.49290466e-01, 1.14544617e+03, 4.18458557e+02, 2.73114890e-01,
       1.37806689e+03, 5.50971680e+02, 7.15829134e-01, 1.66346118e+03,
       4.09628174e+02, 4.73116875e-01, 0., 0., 0., 7.18738403e+02,
       5.36242004e+02, 7.09298670e-01, 0., 0., 0., 7.39309265e+02,
       4.89064880e+02, 6.48316681e-01, 1.72824402e+03, 3.59490997e+02,
       3.68343413e-01, 1.72818701e+03, 3.59549896e+02, 3.57564300e-01,
       1.71052649e+03, 3.97874786e+02, 1.36225238e-01, 0., 0., 0., 0.,
       0., 0., 0., 0., 0. ]
