%YAML:1.0
---
pose_0: !!opencv-matrix
   rows: 1
   cols: 25
   dt: "3f"
   data: [ 0., 0., 0., 9.30604370e+02, 5.53738953e+02, 4.00328040e-01,
       9.04057007e+02, 5.94964233e+02, 4.14966941e-01, 7.86282104e+02,
       5.62692688e+02, 6.34529471e-01, 9.24624207e+02, 5.03726685e+02,
       4.88207817e-01, 9.65865173e+02, 5.03792145e+02, 2.44002447e-01,
       1.04532532e+03, 4.33069946e+02, 1.35931239e-01, 1.01588330e+03,
       4.21414642e+02, 1.33308619e-01, 1.11306140e+03, 5.83245422e+02,
       3.94635081e-01, 1.09247778e+03, 6.18596252e+02, 2.70098895e-01,
       1.37488379e+03, 5.09714935e+02, 6.61343992e-01, 1.63686633e+03,
       7.15723816e+02, 4.45282102e-01, 1.12778235e+03, 5.53859253e+02,
       3.28236818e-01, 1.38085510e+03, 5.03845551e+02, 4.05337632e-01,
       1.60749011e+03, 6.92091003e+02, 1.93027407e-01, 0., 0., 0., 0.,
       0., 0., 0., 0., 0., 0., 0., 0., 0., 0., 0., 0., 0., 0.,
       1.63697925e+03, 7.27510315e+02, 8.75898376e-02, 1.67226257e+03,
       7.15645691e+02, 2.25940809e-01, 1.66047229e+03, 7.27488831e+02,
       2.17885002e-01, 1.65456152e+03, 7.36247803e+02, 3.13622922e-01 ]
