%YAML:1.0
---
pose_0: !!opencv-matrix
   rows: 1
   cols: 25
   dt: "3f"
   data: [ 7.45132690e+02, 4.09621307e+02, 8.67182970e-01,
       8.30507690e+02, 3.88989990e+02, 7.90378392e-01, 8.18770508e+02,
       4.47843231e+02, 6.56876981e-01, 9.24712769e+02, 5.09623962e+02,
       8.43165219e-01, 8.15851868e+02, 4.59749939e+02, 8.15952301e-01,
       8.36333557e+02, 3.30126862e+02, 6.87131584e-01, 9.48209961e+02,
       3.15496216e+02, 7.91962087e-01, 8.12754944e+02, 3.68372711e+02,
       7.07551658e-01, 1.11302637e+03, 4.39012909e+02, 6.14218235e-01,
       1.09829553e+03, 4.83168182e+02, 6.54265940e-01, 1.29847009e+03,
       5.06839447e+02, 7.72767246e-01, 1.50747241e+03, 5.36141235e+02,
       6.26293302e-01, 1.12187585e+03, 3.89009338e+02, 5.57061195e-01,
       1.33381604e+03, 3.94915833e+02, 5.74670315e-01, 1.56630347e+03,
       4.00751923e+02, 5.97925544e-01, 7.33338684e+02, 4.18514709e+02,
       7.84491897e-01, 7.39191040e+02, 3.88981049e+02, 8.90791774e-01,
       7.42334839e+02, 4.42035889e+02, 4.30023223e-01, 7.59805176e+02,
       3.62596985e+02, 6.68631136e-01, 1.62805505e+03, 3.65468140e+02,
       5.47262013e-01, 1.61634863e+03, 3.65403442e+02, 6.09974146e-01,
       1.59575781e+03, 4.09533722e+02, 3.25939953e-01, 1.56927832e+03,
       5.12661133e+02, 3.25536132e-01, 1.56036865e+03, 5.30270386e+02,
       3.02256197e-01, 1.52516772e+03, 5.36219666e+02, 3.42283040e-01 ]
