%YAML:1.0
---
pose_0: !!opencv-matrix
   rows: 1
   cols: 25
   dt: "3f"
   data: [ 7.71657532e+02, 3.65363922e+02, 8.39161813e-01,
       8.77562317e+02, 3.71388763e+02, 7.07094252e-01, 8.62928711e+02,
       4.41998688e+02, 6.62056804e-01, 8.30464111e+02, 4.83295166e+02,
       5.85168719e-01, 7.56935486e+02, 5.36228394e+02, 5.42006552e-01,
       8.83502625e+02, 2.94759888e+02, 7.19706595e-01, 9.03917419e+02,
       1.82947891e+02, 7.81426787e-01, 8.56946533e+02, 5.94760284e+01,
       8.32365513e-01, 1.12190576e+03, 3.83050354e+02, 5.54386914e-01,
       1.12190930e+03, 4.30204620e+02, 5.66420853e-01, 1.35140295e+03,
       4.56756927e+02, 7.44443953e-01, 1.54278198e+03, 4.71429016e+02,
       6.44244313e-01, 1.12188879e+03, 3.27172241e+02, 5.04466653e-01,
       1.33678723e+03, 3.18475433e+02, 6.28351986e-01, 1.57218933e+03,
       2.91913971e+02, 5.92270017e-01, 7.62828491e+02, 3.80183258e+02,
       7.10714757e-01, 7.62801025e+02, 3.50737701e+02, 6.80256724e-01,
       7.83395447e+02, 4.06686005e+02, 6.53737426e-01, 7.86317871e+02,
       3.38905762e+02, 1.81486562e-01, 1.64575635e+03, 2.77197235e+02,
       4.55235541e-01, 1.63699341e+03, 2.71319794e+02, 5.33388615e-01,
       1.61047656e+03, 2.94765533e+02, 2.12780222e-01, 1.60746021e+03,
       4.71392273e+02, 3.27404946e-01, 1.59867493e+03, 4.83197296e+02,
       2.99791396e-01, 1.56932922e+03, 4.56705383e+02, 4.17053103e-01 ]
