%YAML:1.0
---
pose_0: !!opencv-matrix
   rows: 1
   cols: 25
   dt: "3f"
   data: [ 5.86174561e+02, 5.09637787e+02, 4.37513560e-01,
       7.42270752e+02, 5.03853363e+02, 6.01812720e-01, 7.62896362e+02,
       6.18506042e+02, 5.98339379e-01, 9.07039124e+02, 6.51067505e+02,
       5.95905483e-01, 1.05421423e+03, 6.74516663e+02, 4.58669305e-01,
       7.27471802e+02, 3.86049774e+02, 4.13482904e-01, 8.71730713e+02,
       3.35955322e+02, 4.06783879e-01, 1.05125183e+03, 3.06624298e+02,
       3.28287214e-01, 1.07188098e+03, 5.06680176e+02, 4.29247081e-01,
       1.06301050e+03, 5.71442810e+02, 4.04419303e-01, 1.37795496e+03,
       6.42033630e+02, 4.15626347e-01, 1.59281201e+03, 6.24371948e+02,
       4.12260175e-01, 1.08068005e+03, 4.33101471e+02, 3.62149596e-01,
       1.36323499e+03, 4.50816803e+02, 4.57541198e-01, 1.73109509e+03,
       4.33182281e+02, 4.42966104e-01, 5.62631165e+02, 5.24408447e+02,
       3.12241971e-01, 5.74427307e+02, 4.86152893e+02, 3.27841610e-01,
       5.94977051e+02, 5.42082214e+02, 8.44069943e-02, 6.15639465e+02,
       4.56709839e+02, 2.31006876e-01, 1.82831592e+03, 4.12573456e+02,
       1.09409243e-01, 1.82823572e+03, 4.09664063e+02, 1.26825750e-01,
       1.75177002e+03, 4.53778442e+02, 2.00142562e-01, 1.71936462e+03,
       6.36249329e+02, 2.88584262e-01, 1.70166113e+03, 6.47997803e+02,
       2.77807325e-01, 1.62813660e+03, 6.03857239e+02, 2.20484778e-01 ]
