%YAML:1.0
---
pose_0: !!opencv-matrix
   rows: 1
   cols: 25
   dt: "3f"
   data: [ 7.21628113e+02, 4.47881226e+02, 2.22562551e-01,
       7.89317505e+02, 5.30274292e+02, 5.25576890e-01, 8.06982605e+02,
       5.74461731e+02, 5.25580883e-01, 9.15906494e+02, 6.42126587e+02,
       8.06079626e-01, 1.02467310e+03, 5.53817566e+02, 8.20704043e-01,
       7.74539978e+02, 4.62636444e+02, 3.51164192e-01, 0., 0., 0., 0.,
       0., 0., 1.07485266e+03, 5.65620911e+02, 4.78482664e-01,
       1.06299133e+03, 6.00917664e+02, 5.05675077e-01, 1.31904102e+03,
       5.03721405e+02, 7.92964876e-01, 1.57224133e+03, 6.48031799e+02,
       5.27481496e-01, 1.09248755e+03, 5.27296021e+02, 3.87759060e-01,
       1.32793982e+03, 4.92057129e+02, 2.88948298e-01, 1.57514111e+03,
       5.83272583e+02, 5.10407388e-01, 7.09846680e+02, 4.56682159e+02,
       1.42458856e-01, 0., 0., 0., 7.18590149e+02, 4.97928680e+02,
       2.34031320e-01, 0., 0., 0., 1.62224829e+03, 5.24352661e+02,
       3.37089241e-01, 1.61637280e+03, 5.27320679e+02, 3.23644966e-01,
       1.58998279e+03, 6.00982727e+02, 3.83047372e-01, 0., 0., 0., 0.,
       0., 0., 1.60159790e+03, 6.59798828e+02, 3.22648585e-01 ]
