%YAML:1.0
---
pose_0: !!opencv-matrix
   rows: 1
   cols: 25
   dt: "3f"
   data: [ 6.48070862e+02, 4.56790131e+02, 8.72490346e-01,
       7.86275818e+02, 4.53672119e+02, 5.79289675e-01, 7.89363586e+02,
       5.27256897e+02, 4.15939957e-01, 9.68830505e+02, 5.65594910e+02,
       4.82549459e-01, 1.13361548e+03, 6.18564270e+02, 7.16373265e-01,
       7.89304871e+02, 3.53727936e+02, 6.31137431e-01, 9.51286194e+02,
       3.15314301e+02, 8.35997462e-01, 1.10422314e+03, 2.53646408e+02,
       7.76099682e-01, 1.13069763e+03, 4.24347443e+02, 4.78957832e-01,
       1.11900195e+03, 4.80298004e+02, 5.26984453e-01, 1.35140686e+03,
       4.59566040e+02, 6.45397246e-01, 1.64280469e+03, 4.36062775e+02,
       5.97141623e-01, 1.12780591e+03, 3.62510559e+02, 5.13880312e-01,
       1.35435913e+03, 3.50761292e+02, 5.97585917e-01, 1.55454688e+03,
       4.83182037e+02, 1.11879945e-01, 6.33348511e+02, 4.77216980e+02,
       7.93550193e-01, 6.42049744e+02, 4.36092682e+02, 8.35532665e-01,
       6.45189453e+02, 5.03707581e+02, 2.97949314e-01, 6.65685181e+02,
       4.09715424e+02, 6.06251478e-01, 0., 0., 0., 0., 0., 0.,
       1.57219519e+03, 5.06739990e+02, 9.25022289e-02, 1.75763159e+03,
       4.21402618e+02, 2.75850654e-01, 1.74585498e+03, 4.36054657e+02,
       2.62220711e-01, 1.66056860e+03, 4.24337036e+02, 3.20624173e-01 ]
