%YAML:1.0
---
pose_0: !!opencv-matrix
   rows: 1
   cols: 25
   dt: "3f"
   data: [ 7.68662903e+02, 4.36045532e+02, 8.66410375e-01,
       8.77628174e+02, 4.74332428e+02, 6.26381338e-01, 8.86445740e+02,
       5.50914795e+02, 5.82425654e-01, 1.01293347e+03, 5.97853760e+02,
       6.72846198e-01, 1.06594727e+03, 5.86232422e+02, 6.85565770e-01,
       8.71683472e+02, 4.09640625e+02, 6.45317495e-01, 1.02174341e+03,
       3.68443695e+02, 8.05231094e-01, 1.01594287e+03, 3.24216919e+02,
       7.48992264e-01, 1.14548035e+03, 4.80190704e+02, 5.64770877e-01,
       1.14250000e+03, 5.27418396e+02, 6.01172388e-01, 1.26025720e+03,
       5.97961365e+02, 2.76321620e-01, 0., 0., 0., 1.15131116e+03,
       4.30127045e+02, 5.47798634e-01, 1.35134766e+03, 4.53752380e+02,
       6.59070611e-01, 1.58394312e+03, 4.47925385e+02, 5.82996368e-01,
       7.56865112e+02, 4.44990631e+02, 7.52584338e-01, 7.62816772e+02,
       4.15551849e+02, 8.01818192e-01, 7.65767883e+02, 4.77211548e+02,
       5.54653227e-01, 7.86370605e+02, 4.06616974e+02, 5.96895099e-01,
       1.65168164e+03, 4.15463898e+02, 4.09699678e-01, 1.63992419e+03,
       4.12564911e+02, 4.62913841e-01, 1.62514038e+03, 4.56594818e+02,
       2.61607051e-01, 0., 0., 0., 0., 0., 0., 0., 0., 0. ]
