%YAML:1.0
---
pose_0: !!opencv-matrix
   rows: 1
   cols: 25
   dt: "3f"
   data: [ 6.89127869e+02, 5.06698212e+02, 8.47103179e-01,
       8.04047241e+02, 5.24375183e+02, 7.01638818e-01, 8.06957275e+02,
       5.97934143e+02, 7.30193913e-01, 9.27637390e+02, 6.59809387e+02,
       7.70041227e-01, 1.01004065e+03, 6.68659668e+02, 8.06753874e-01,
       7.89277649e+02, 4.53805298e+02, 6.47792161e-01, 9.54183167e+02,
       4.21392822e+02, 7.94621766e-01, 8.15845764e+02, 4.30154510e+02,
       7.55911410e-01, 1.08065002e+03, 5.21476196e+02, 5.47697425e-01,
       1.07481714e+03, 5.65627808e+02, 5.54895818e-01, 1.31027991e+03,
       5.77408203e+02, 7.45351076e-01, 1.57220923e+03, 6.03941406e+02,
       5.93196988e-01, 1.08358923e+03, 4.65531799e+02, 5.02747297e-01,
       1.35152380e+03, 4.44897827e+02, 5.96386135e-01, 1.52809912e+03,
       4.56682129e+02, 5.76898813e-01, 6.68710144e+02, 5.24359436e+02,
       8.00822616e-01, 6.71628845e+02, 4.86102448e+02, 8.23409796e-01,
       6.92222656e+02, 5.33322205e+02, 3.24023753e-01, 6.92238159e+02,
       4.56697845e+02, 6.96605325e-01, 1.61339355e+03, 4.36060211e+02,
       4.76581812e-01, 1.61048108e+03, 4.33043182e+02, 5.12711704e-01,
       1.56333423e+03, 4.62608185e+02, 2.30878383e-01, 1.66641724e+03,
       6.47984131e+02, 3.48467052e-01, 1.66059912e+03, 6.45124878e+02,
       3.86127114e-01, 1.61342297e+03, 5.83317505e+02, 2.75224954e-01 ]
