%YAML:1.0
---
pose_0: !!opencv-matrix
   rows: 1
   cols: 25
   dt: "3f"
   data: [ 7.62817383e+02, 4.12466827e+02, 7.74649739e-01,
       8.45244751e+02, 3.62586761e+02, 5.43081403e-01, 8.45231812e+02,
       4.12594025e+02, 2.98216224e-01, 9.12895996e+02, 5.00849976e+02,
       7.49763921e-02, 9.77692993e+02, 5.09752655e+02, 6.04848228e-02,
       8.53984009e+02, 3.15491180e+02, 6.98920131e-01, 9.48272888e+02,
       3.41912689e+02, 7.54352748e-01, 9.86541931e+02, 4.94995178e+02,
       6.99091673e-01, 1.13657043e+03, 3.56633148e+02, 4.76205558e-01,
       1.13067419e+03, 4.06589905e+02, 4.70600039e-01, 1.33970203e+03,
       5.06619751e+02, 7.92623878e-01, 1.55454834e+03, 5.56846436e+02,
       6.32150054e-01, 1.13950500e+03, 3.03695313e+02, 4.37492311e-01,
       1.37795129e+03, 2.59500275e+02, 4.50774044e-01, 1.56045471e+03,
       1.50597473e+02, 3.17434728e-01, 7.45198486e+02, 4.12674347e+02,
       4.44210708e-01, 7.53989807e+02, 3.89138397e+02, 6.82686448e-01,
       0., 0., 0., 7.62895996e+02, 3.56614319e+02, 6.24049485e-01,
       1.63693384e+03, 1.29909515e+02, 6.59994334e-02, 1.63700159e+03,
       1.29967819e+02, 6.97977245e-02, 1.58396228e+03, 1.30033447e+02,
       1.45989716e-01, 1.59572107e+03, 6.24586426e+02, 2.58842260e-01,
       1.58393604e+03, 6.21538879e+02, 2.64715195e-01, 1.58399805e+03,
       5.50836365e+02, 5.27631581e-01 ]
