%YAML:1.0
---
pose_0: !!opencv-matrix
   rows: 1
   cols: 25
   dt: "3f"
   data: [ 6.95035828e+02, 3.12475861e+02, 8.51919174e-01,
       7.89303833e+02, 2.30119461e+02, 6.28758729e-01, 8.03988525e+02,
       2.94882751e+02, 3.37210149e-01, 9.15858032e+02, 3.59529572e+02,
       1.25400037e-01, 0., 0., 0., 7.86223816e+02, 1.74180618e+02,
       6.40127599e-01, 9.01138428e+02, 8.00474548e+01, 7.42979586e-01,
       1.01001135e+03, 1.53641235e+02, 6.12806976e-01, 1.06882776e+03,
       2.80073181e+02, 5.36571622e-01, 1.06004260e+03, 3.33036407e+02,
       4.92825121e-01, 1.28671667e+03, 3.24246338e+02, 2.57579654e-01,
       1.36912646e+03, 3.09504425e+02, 1.39770389e-01, 1.07476599e+03,
       2.24248749e+02, 4.99811172e-01, 1.32791956e+03, 1.83037750e+02,
       3.46576184e-01, 1.54567725e+03, 1.30007813e+02, 3.33919585e-01,
       6.77421387e+02, 3.15351807e+02, 2.28330180e-01, 6.80390320e+02,
       2.91984375e+02, 8.08810234e-01, 0., 0., 0., 6.92105591e+02,
       2.35942245e+02, 5.75413704e-01, 1.61341797e+03, 1.03451820e+02,
       5.91058694e-02, 1.60456665e+03, 1.03513405e+02, 6.86160699e-02,
       1.56339783e+03, 1.15311111e+02, 1.87273651e-01, 0., 0., 0., 0.,
       0., 0., 1.41916638e+03, 2.91850830e+02, 5.52643687e-02 ]
