%YAML:1.0
---
pose_0: !!opencv-matrix
   rows: 1
   cols: 25
   dt: "3f"
   data: [ 7.30468262e+02, 5.18479919e+02, 8.16622674e-01,
       8.48150940e+02, 5.59737854e+02, 7.38590479e-01, 8.33425842e+02,
       6.24369446e+02, 7.94250369e-01, 9.54096191e+02, 6.48146179e+02,
       7.52730310e-01, 1.09237048e+03, 6.68716064e+02, 8.19798470e-01,
       8.62887756e+02, 5.03737671e+02, 6.68514192e-01, 9.33491150e+02,
       4.89028412e+02, 9.70461294e-02, 0., 0., 0., 1.11891077e+03,
       5.24368591e+02, 5.43287635e-01, 1.11896777e+03, 5.74315735e+02,
       5.69275975e-01, 1.32800391e+03, 6.00855652e+02, 7.52772868e-01,
       1.55453235e+03, 6.56896545e+02, 6.43256307e-01, 1.11306897e+03,
       4.71455536e+02, 5.42362452e-01, 1.32498999e+03, 4.56602386e+02,
       6.72345459e-01, 1.56344312e+03, 4.39116058e+02, 6.53880417e-01,
       7.15672607e+02, 5.30442749e+02, 9.00832117e-01, 7.21601379e+02,
       5.03642731e+02, 8.73214960e-01, 7.24560608e+02, 5.71414124e+02,
       7.20773399e-01, 7.56846802e+02, 4.86124969e+02, 6.15743458e-01,
       1.63703589e+03, 4.33077484e+02, 4.96012747e-01, 1.63403101e+03,
       4.24354095e+02, 5.15151858e-01, 1.58399146e+03, 4.39037781e+02,
       2.61852860e-01, 1.63395972e+03, 6.71559753e+02, 4.16183352e-01,
       1.62221326e+03, 6.80434875e+02, 4.21681046e-01, 1.57512646e+03,
       6.48053040e+02, 3.94648820e-01 ]
