%YAML:1.0
---
pose_0: !!opencv-matrix
   rows: 1
   cols: 25
   dt: "3f"
   data: [ 0., 0., 0., 8.39392029e+02, 5.27359131e+02, 3.06765497e-01,
       8.36424011e+02, 5.21481262e+02, 2.94051975e-01, 9.36460754e+02,
       4.74293427e+02, 3.37182432e-01, 8.33479370e+02, 4.09681702e+02,
       6.35248065e-01, 8.12874512e+02, 5.36149475e+02, 3.19210887e-01,
       9.80553894e+02, 4.12620300e+02, 3.23924571e-01, 9.07135681e+02,
       3.77261475e+02, 4.72769916e-01, 1.13953906e+03, 5.18498108e+02,
       1.56362265e-01, 0., 0., 0., 0., 0., 0., 0., 0., 0., 0., 0., 0.,
       0., 0., 0., 0., 0., 0., 0., 0., 0., 0., 0., 0., 0., 0., 0., 0.,
       0., 0., 0., 0., 0., 0., 0., 0., 0., 0., 0., 0., 0., 0., 0., 0.,
       0., 0., 0., 0. ]
