%YAML:1.0
---
pose_0: !!opencv-matrix
   rows: 1
   cols: 25
   dt: "3f"
   data: [ 7.45170410e+02, 4.36124176e+02, 7.92976797e-01,
       8.56888428e+02, 4.36035980e+02, 7.08144605e-01, 8.54082581e+02,
       4.74344330e+02, 5.74480116e-01, 8.83553833e+02, 5.47924622e+02,
       8.36218119e-01, 7.65685120e+02, 5.00879578e+02, 8.61497700e-01,
       8.59913940e+02, 3.89006683e+02, 5.54420829e-01, 8.80390686e+02,
       3.47791504e+02, 8.06327820e-01, 7.59879761e+02, 4.06557068e+02,
       6.97671652e-01, 1.12483789e+03, 4.59586578e+02, 5.85157633e-01,
       1.12183923e+03, 5.03820038e+02, 6.16742134e-01, 1.31322925e+03,
       5.03733368e+02, 7.85191655e-01, 1.56338806e+03, 5.09690552e+02,
       6.18806601e-01, 1.13366919e+03, 4.09715668e+02, 5.80644965e-01,
       1.34850574e+03, 4.09530884e+02, 7.09697902e-01, 1.53392078e+03,
       4.06606018e+02, 5.71034729e-01, 7.33372681e+02, 4.47841705e+02,
       6.95194662e-01, 7.36325806e+02, 4.18455505e+02, 7.34121859e-01,
       7.45211731e+02, 4.62696564e+02, 1.80155545e-01, 7.42288208e+02,
       3.97835083e+02, 3.90784591e-01, 1.61335437e+03, 3.68442780e+02,
       5.60697496e-01, 1.60753943e+03, 3.65535370e+02, 5.86711526e-01,
       1.55454761e+03, 4.21400208e+02, 3.25546294e-01, 1.62521631e+03,
       4.89066376e+02, 4.76778448e-01, 1.61350330e+03, 5.03853424e+02,
       4.62522149e-01, 1.60453125e+03, 5.06752502e+02, 3.11370075e-01 ]
