%YAML:1.0
---
pose_0: !!opencv-matrix
   rows: 1
   cols: 25
   dt: "3f"
   data: [ 6.62749512e+02, 4.03717957e+02, 6.25149131e-01,
       7.86264709e+02, 4.80265320e+02, 5.52892566e-01, 7.92254456e+02,
       5.71532715e+02, 4.38392639e-01, 9.27632385e+02, 6.47952942e+02,
       7.64543653e-01, 1.06892432e+03, 7.15573120e+02, 8.51822853e-01,
       7.59874817e+02, 3.86105957e+02, 4.47133183e-01, 9.48254150e+02,
       3.18312103e+02, 7.78487027e-01, 1.11892151e+03, 2.27192871e+02,
       8.33539784e-01, 1.09240112e+03, 4.33188202e+02, 3.88996184e-01,
       1.08948425e+03, 4.94975006e+02, 4.39808249e-01, 1.35731982e+03,
       5.39074585e+02, 5.22313476e-01, 1.63694104e+03, 5.50817322e+02,
       4.71579969e-01, 1.07483728e+03, 3.74310303e+02, 4.01136309e-01,
       1.19840161e+03, 3.18321259e+02, 3.32731724e-01, 1.57515857e+03,
       1.74179016e+02, 1.17933497e-01, 6.45100037e+02, 4.15521271e+02,
       5.43709457e-01, 6.45126831e+02, 3.89058655e+02, 4.65614796e-01,
       6.68626282e+02, 4.59631775e+02, 3.28422666e-01, 6.65636780e+02,
       3.80186707e+02, 6.25873208e-02, 0., 0., 0., 0., 0., 0., 0., 0.,
       0., 1.72818054e+03, 5.71477600e+02, 1.41115353e-01, 0., 0., 0.,
       1.66052454e+03, 5.36189636e+02, 2.74174809e-01 ]
