%YAML:1.0
---
pose_0: !!opencv-matrix
   rows: 1
   cols: 25
   dt: "3f"
   data: [ 6.92039551e+02, 5.00791107e+02, 7.77824283e-01,
       8.33351135e+02, 4.77236786e+02, 4.90772814e-01, 8.27568176e+02,
       5.30283325e+02, 3.42142403e-01, 9.77717590e+02, 6.24347778e+02,
       8.78018081e-01, 8.62954773e+02, 6.03955688e+02, 7.60429084e-01,
       8.30423706e+02, 4.44930542e+02, 3.94743979e-01, 8.86450562e+02,
       3.71396210e+02, 7.15008080e-02, 9.60022400e+02, 3.38930420e+02,
       1.97171420e-01, 1.11596179e+03, 5.18490173e+02, 4.90487993e-01,
       1.11305627e+03, 5.71499451e+02, 5.20435393e-01, 1.35140955e+03,
       6.21570007e+02, 3.51903260e-01, 1.50448096e+03, 6.03898438e+02,
       1.31212369e-01, 1.11592224e+03, 4.59571960e+02, 4.64020610e-01,
       1.37501770e+03, 5.06744476e+02, 5.99737763e-01, 1.65164001e+03,
       4.80341492e+02, 3.55951458e-01, 6.68621399e+02, 5.09755981e+02,
       7.65839398e-01, 6.71577515e+02, 4.77327362e+02, 8.42125535e-01,
       6.89253540e+02, 5.27420105e+02, 7.53048733e-02, 7.09857788e+02,
       4.36072083e+02, 5.66910923e-01, 1.74291174e+03, 4.33127716e+02,
       1.95253521e-01, 1.74290503e+03, 4.33187653e+02, 1.97690964e-01,
       1.65753479e+03, 4.83164093e+02, 1.84248090e-01, 0., 0., 0., 0.,
       0., 0., 0., 0., 0. ]
