%YAML:1.0
---
pose_0: !!opencv-matrix
   rows: 1
   cols: 25
   dt: "3f"
   data: [ 7.59869446e+02, 4.30209686e+02, 8.18291426e-01,
       8.48131775e+02, 4.33215515e+02, 6.84503555e-01, 8.51108032e+02,
       4.77214783e+02, 6.10422492e-01, 9.04147644e+02, 5.50992798e+02,
       8.60718668e-01, 7.71615784e+02, 5.03808777e+02, 8.44737113e-01,
       8.39325867e+02, 3.86096130e+02, 5.70055485e-01, 9.01034546e+02,
       3.41879730e+02, 7.92815685e-01, 7.71655579e+02, 3.86146606e+02,
       7.25650847e-01, 1.11899036e+03, 4.56625488e+02, 5.81099331e-01,
       1.11898596e+03, 5.03672699e+02, 5.81419587e-01, 1.31320789e+03,
       5.03846100e+02, 7.74509311e-01, 1.56045166e+03, 5.06856476e+02,
       6.18891478e-01, 1.12192017e+03, 4.06627350e+02, 5.63207507e-01,
       1.35147424e+03, 3.86116425e+02, 5.69953620e-01, 1.53978210e+03,
       3.86152313e+02, 5.82822025e-01, 7.42304932e+02, 4.39023285e+02,
       8.27096164e-01, 7.45101624e+02, 4.12444366e+02, 8.24146628e-01,
       7.62689758e+02, 4.59701447e+02, 5.55778921e-01, 7.59759949e+02,
       3.88965179e+02, 5.35990894e-01, 1.61633105e+03, 3.62485992e+02,
       5.55241525e-01, 1.61054224e+03, 3.59505493e+02, 5.62049747e-01,
       1.56626270e+03, 3.94912994e+02, 2.57953852e-01, 1.63100586e+03,
       5.03745850e+02, 4.31886345e-01, 1.62221704e+03, 5.18488525e+02,
       4.14850205e-01, 1.59280469e+03, 4.89116089e+02, 3.25141400e-01 ]
