%YAML:1.0
---
pose_0: !!opencv-matrix
   rows: 1
   cols: 25
   dt: "3f"
   data: [ 7.18758362e+02, 4.83160004e+02, 8.74560356e-01,
       8.54008057e+02, 5.03779938e+02, 7.66945720e-01, 8.39350647e+02,
       5.77520386e+02, 7.59569526e-01, 9.27581970e+02, 6.68559082e+02,
       7.99916863e-01, 9.77734375e+02, 6.51059448e+02, 6.17930055e-01,
       8.57071838e+02, 4.24340088e+02, 6.06227458e-01, 1.01002197e+03,
       3.94850922e+02, 7.51569271e-01, 9.01166077e+02, 4.00789917e+02,
       5.83925426e-01, 1.11899084e+03, 5.06725800e+02, 5.86314738e-01,
       1.11604688e+03, 5.53739807e+02, 6.23704433e-01, 1.30440662e+03,
       5.74530457e+02, 7.58005381e-01, 1.55452515e+03, 5.92135803e+02,
       5.64892352e-01, 1.12192444e+03, 4.56610901e+02, 5.61757207e-01,
       1.37199731e+03, 4.56758240e+02, 6.67993426e-01, 1.56640405e+03,
       4.80157471e+02, 6.15780771e-01, 7.09784668e+02, 5.03819092e+02,
       7.93063283e-01, 7.09857239e+02, 4.65505524e+02, 7.63574839e-01,
       7.24523132e+02, 5.27428406e+02, 4.07018006e-01, 7.39192139e+02,
       4.42018799e+02, 4.90706980e-01, 1.63101355e+03, 4.47889984e+02,
       3.85729402e-01, 1.61932263e+03, 4.44943604e+02, 4.44594860e-01,
       1.59865210e+03, 4.83210358e+02, 3.11321706e-01, 1.63990710e+03,
       5.65634155e+02, 4.15781200e-01, 1.63393591e+03, 5.74495056e+02,
       3.36616606e-01, 1.58684717e+03, 5.89174866e+02, 2.39508137e-01 ]
