%YAML:1.0
---
pose_0: !!opencv-matrix
   rows: 1
   cols: 25
   dt: "3f"
   data: [ 7.39187805e+02, 4.18478271e+02, 7.56225765e-01,
       8.15797424e+02, 5.03886902e+02, 6.39762580e-01, 8.33325195e+02,
       5.83211060e+02, 6.28843963e-01, 9.57154541e+02, 6.27524475e+02,
       7.49091685e-01, 1.04836304e+03, 6.39206055e+02, 7.82076597e-01,
       8.06970215e+02, 4.33143066e+02, 6.25162840e-01, 9.95244995e+02,
       3.83089996e+02, 7.61577785e-01, 1.11296301e+03, 3.21350220e+02,
       7.88909376e-01, 1.11306995e+03, 4.80165924e+02, 5.42695224e-01,
       1.11598669e+03, 5.27360046e+02, 5.78357458e-01, 1.33078162e+03,
       5.36213013e+02, 6.78391874e-01, 1.56628699e+03, 5.62649841e+02,
       5.72775424e-01, 1.11298779e+03, 4.21352814e+02, 5.34939706e-01,
       1.33087170e+03, 4.03675598e+02, 4.31406885e-01, 1.53394421e+03,
       4.00752167e+02, 3.33569378e-01, 7.15708069e+02, 4.33041534e+02,
       7.69634604e-01, 7.18741394e+02, 4.09550751e+02, 2.34649330e-01,
       7.18731506e+02, 4.65596924e+02, 5.59481502e-01, 0., 0., 0.,
       1.63688574e+03, 3.74259796e+02, 3.54973555e-01, 1.63101807e+03,
       3.68405487e+02, 3.71895611e-01, 1.55158582e+03, 3.91958252e+02,
       1.63653404e-01, 1.63997180e+03, 5.50916809e+02, 5.35629332e-01,
       1.63106470e+03, 5.68521851e+02, 4.77915674e-01, 1.59280823e+03,
       5.53832947e+02, 2.46771365e-01 ]
