%YAML:1.0
---
pose_0: !!opencv-matrix
   rows: 1
   cols: 25
   dt: "3f"
   data: [ 6.42155457e+02, 5.06897400e+02, 8.48338962e-01,
       7.80502014e+02, 5.50785889e+02, 7.10034072e-01, 7.65715820e+02,
       6.44942810e+02, 7.24896014e-01, 8.98176758e+02, 7.18585022e+02,
       7.10066795e-01, 9.51111267e+02, 6.74563660e+02, 8.27263892e-01,
       7.89356506e+02, 4.62585114e+02, 5.70794582e-01, 9.21726990e+02,
       3.62428589e+02, 8.35303664e-01, 8.12904297e+02, 4.06683228e+02,
       7.74100065e-01, 1.06599463e+03, 5.42027100e+02, 5.47029197e-01,
       1.06589612e+03, 5.94997864e+02, 5.42417943e-01, 1.30434656e+03,
       5.98004578e+02, 6.40153289e-01, 1.58985181e+03, 6.03955688e+02,
       5.04527390e-01, 1.06883069e+03, 4.80319885e+02, 5.76182008e-01,
       1.30142310e+03, 4.68441772e+02, 4.47325021e-01, 1.51920398e+03,
       4.80194397e+02, 2.84961462e-01, 6.24386536e+02, 5.27440002e+02,
       8.71048212e-01, 6.27370911e+02, 4.89035431e+02, 8.04346681e-01,
       6.42182861e+02, 5.53904968e+02, 4.62014437e-01, 6.62660339e+02,
       4.59771240e+02, 5.49101114e-01, 1.67521460e+03, 4.53786011e+02,
       1.43140331e-01, 1.67224634e+03, 4.47860748e+02, 1.46583796e-01,
       1.54279077e+03, 4.80249725e+02, 2.05913305e-01, 1.70455518e+03,
       5.83315002e+02, 2.72289217e-01, 1.69290320e+03, 5.98005920e+02,
       2.14115396e-01, 1.61635400e+03, 6.00857056e+02, 2.52451628e-01 ]
