%YAML:1.0
---
pose_0: !!opencv-matrix
   rows: 1
   cols: 25
   dt: "3f"
   data: [ 7.00986877e+02, 4.77271210e+02, 7.42868662e-01,
       8.15802368e+02, 4.36191803e+02, 6.32573545e-01, 8.30516296e+02,
       5.27317932e+02, 4.35146332e-01, 0., 0., 0., 0., 0., 0.,
       8.12936096e+02, 3.62605072e+02, 6.29392505e-01, 9.77614197e+02,
       3.33119812e+02, 7.52030551e-01, 1.12481360e+03, 3.15343750e+02,
       8.31820965e-01, 1.09247778e+03, 4.80260254e+02, 5.55970430e-01,
       1.08655310e+03, 5.30321228e+02, 5.54685175e-01, 1.31322424e+03,
       5.97861572e+02, 7.11192667e-01, 1.49565576e+03, 5.80411560e+02,
       6.33824348e-01, 1.09838416e+03, 4.24275269e+02, 4.78118002e-01,
       1.33378723e+03, 4.36196747e+02, 5.64123213e-01, 1.58987415e+03,
       4.53677216e+02, 4.91578013e-01, 6.89147095e+02, 4.83147217e+02,
       4.96499300e-01, 6.89226196e+02, 4.56666321e+02, 7.58929014e-01,
       0., 0., 0., 6.98057922e+02, 4.15447449e+02, 5.80911338e-01,
       1.67521887e+03, 4.33144623e+02, 3.07143450e-01, 1.66639722e+03,
       4.27260529e+02, 3.02357346e-01, 1.64868433e+03, 4.71369415e+02,
       1.77406996e-01, 1.57807275e+03, 5.83270813e+02, 4.29255128e-01,
       1.56328430e+03, 5.97927002e+02, 3.96493614e-01, 1.51925708e+03,
       5.65632751e+02, 3.86075258e-01 ]
