%YAML:1.0
---
pose_0: !!opencv-matrix
   rows: 1
   cols: 25
   dt: "3f"
   data: [ 6.30348083e+02, 5.06613831e+02, 7.36440778e-01,
       7.59870544e+02, 4.68472778e+02, 6.46201253e-01, 7.42259338e+02,
       5.74450378e+02, 6.53762698e-01, 9.04151733e+02, 6.68655212e+02,
       8.12034249e-01, 1.06304175e+03, 7.39288269e+02, 8.27174544e-01,
       7.86255310e+02, 3.56638062e+02, 6.40710115e-01, 9.74754517e+02,
       3.71363647e+02, 7.40082860e-01, 1.14840417e+03, 3.89171326e+02,
       7.59740114e-01, 1.06887256e+03, 5.53810730e+02, 5.79816401e-01,
       1.04540576e+03, 6.12720642e+02, 5.93922615e-01, 1.16306787e+03,
       6.89175415e+02, 3.70112538e-01, 0., 0., 0., 1.08952832e+03,
       4.89047913e+02, 5.20604193e-01, 1.32790356e+03, 4.80280762e+02,
       3.43166828e-01, 1.70758276e+03, 4.36073639e+02, 2.09584936e-01,
       6.12725708e+02, 5.24404907e+02, 7.11546719e-01, 6.15582092e+02,
       4.83228546e+02, 6.84649110e-01, 6.24453674e+02, 5.50794373e+02,
       1.17231086e-01, 6.30348511e+02, 4.36174469e+02, 5.37617147e-01,
       0., 0., 0., 0., 0., 0., 1.72228333e+03, 4.41966248e+02,
       1.71101734e-01, 0., 0., 0., 0., 0., 0., 0., 0., 0. ]
