%YAML:1.0
---
pose_0: !!opencv-matrix
   rows: 1
   cols: 25
   dt: "3f"
   data: [ 7.53986755e+02, 3.91981567e+02, 8.52276444e-01,
       8.71660767e+02, 4.15502991e+02, 6.87676787e-01, 8.60073120e+02,
       5.03904144e+02, 7.21934080e-01, 9.77615479e+02, 5.42075012e+02,
       6.89532280e-01, 1.04233777e+03, 5.36184570e+02, 7.99541354e-01,
       8.80565125e+02, 3.44867126e+02, 6.79350019e-01, 1.02769775e+03,
       2.91731476e+02, 6.83899522e-01, 1.16595972e+03, 2.44676727e+02,
       7.96367764e-01, 1.14241675e+03, 3.86088409e+02, 5.56396902e-01,
       1.13958728e+03, 4.33269318e+02, 5.97700119e-01, 1.34853784e+03,
       4.86189423e+02, 7.39298880e-01, 1.54277979e+03, 5.59717773e+02,
       6.78223252e-01, 1.13657849e+03, 3.38878540e+02, 5.67013681e-01,
       1.33384363e+03, 3.15428619e+02, 6.63400948e-01, 1.56637793e+03,
       2.94744232e+02, 6.93719029e-01, 7.39220154e+02, 4.09606445e+02,
       8.60858619e-01, 7.42292297e+02, 3.80117432e+02, 8.53101611e-01,
       7.51013794e+02, 4.36020294e+02, 6.28017187e-01, 7.68768005e+02,
       3.59496521e+02, 5.16698539e-01, 1.64287183e+03, 2.94775970e+02,
       5.01113474e-01, 1.63990149e+03, 2.86016296e+02, 5.14122605e-01,
       1.58687915e+03, 2.83100311e+02, 2.79103756e-01, 1.61328992e+03,
       6.00894043e+02, 6.26299679e-01, 1.60744165e+03, 6.00991150e+02,
       6.10075116e-01, 1.56931787e+03, 5.50881287e+02, 4.51738119e-01 ]
