%YAML:1.0
---
pose_0: !!opencv-matrix
   rows: 1
   cols: 25
   dt: "3f"
   data: [ 6.62684387e+02, 5.30220154e+02, 8.61670792e-01,
       7.77560303e+02, 5.39148743e+02, 6.32137656e-01, 7.92240540e+02,
       6.24508484e+02, 4.82783645e-01, 9.27645691e+02, 7.15593628e+02,
       6.38557851e-01, 8.56935852e+02, 6.95142334e+02, 4.40823168e-01,
       7.68725952e+02, 4.62649231e+02, 5.88027120e-01, 9.36421631e+02,
       3.85945404e+02, 6.44554496e-01, 1.01297113e+03, 3.91983337e+02,
       7.78648853e-01, 1.07188391e+03, 5.50911560e+02, 5.90235710e-01,
       1.06011597e+03, 6.01035339e+02, 5.96833169e-01, 1.23366003e+03,
       6.59790344e+02, 3.84371787e-01, 1.41915320e+03, 6.71618408e+02,
       2.65201122e-01, 1.08070935e+03, 4.86147430e+02, 5.61811626e-01,
       1.32791553e+03, 5.56764771e+02, 5.01620352e-01, 1.67227478e+03,
       5.59731995e+02, 2.99725205e-01, 6.45108398e+02, 5.47987427e+02,
       8.30110788e-01, 6.48017273e+02, 5.06860382e+02, 8.25821877e-01,
       6.62679749e+02, 5.74368103e+02, 3.09947759e-01, 6.71561157e+02,
       4.83104004e+02, 5.92316449e-01, 1.72822705e+03, 5.15576660e+02,
       1.43067181e-01, 1.72819434e+03, 5.21382996e+02, 1.41269729e-01,
       1.68405444e+03, 5.89154968e+02, 1.63391575e-01, 0., 0., 0., 0.,
       0., 0., 1.46627234e+03, 6.68641968e+02, 1.05937861e-01 ]
