%YAML:1.0
---
pose_0: !!opencv-matrix
   rows: 1
   cols: 25
   dt: "3f"
   data: [ 6.42158630e+02, 4.36207886e+02, 7.92107463e-01,
       7.83335999e+02, 4.83233185e+02, 6.65207922e-01, 7.77557739e+02,
       5.97936340e+02, 5.46049416e-01, 8.68711670e+02, 7.42221313e+02,
       8.00770283e-01, 8.27593628e+02, 6.98087769e+02, 6.35238528e-01,
       7.95227905e+02, 3.89026886e+02, 6.70827270e-01, 9.51110107e+02,
       3.65521240e+02, 8.35043311e-01, 1.04545764e+03, 3.62578644e+02,
       8.70186329e-01, 1.07476978e+03, 5.30225342e+02, 5.39694965e-01,
       1.06597522e+03, 5.83322083e+02, 5.48893034e-01, 1.23671179e+03,
       5.98037781e+02, 2.81638086e-01, 1.49567102e+03, 5.98043457e+02,
       3.37759852e-01, 1.07777075e+03, 4.65514893e+02, 4.68027502e-01,
       1.26904565e+03, 4.97937805e+02, 4.84288424e-01, 1.52515027e+03,
       5.06661835e+02, 1.16792724e-01, 6.21638000e+02, 4.59683441e+02,
       8.46126735e-01, 6.24604065e+02, 4.30203979e+02, 5.94230056e-01,
       6.45005005e+02, 4.94953644e+02, 6.83703780e-01, 0., 0., 0., 0.,
       0., 0., 0., 0., 0., 1.60459143e+03, 5.21462524e+02,
       1.24147356e-01, 1.49278040e+03, 6.65579285e+02, 1.85952842e-01,
       1.48389148e+03, 6.53896606e+02, 1.96145952e-01, 1.51929822e+03,
       6.00862244e+02, 1.99289814e-01 ]
