%YAML:1.0
---
pose_0: !!opencv-matrix
   rows: 1
   cols: 25
   dt: "3f"
   data: [ 7.01062683e+02, 4.36053986e+02, 6.97288752e-01,
       7.95133118e+02, 5.00863373e+02, 6.44269466e-01, 7.89284790e+02,
       5.53802795e+02, 7.43213892e-01, 9.03923157e+02, 6.47914856e+02,
       8.76036286e-01, 9.60049194e+02, 5.65576355e+02, 7.20960140e-01,
       7.89335632e+02, 4.36191711e+02, 4.56041485e-01, 9.89395508e+02,
       4.83201202e+02, 4.17886972e-01, 1.09239185e+03, 4.80280853e+02,
       4.98107314e-01, 1.07773230e+03, 5.59757568e+02, 4.50135201e-01,
       1.04533850e+03, 6.00883972e+02, 4.38316941e-01, 1.31034705e+03,
       5.15578247e+02, 7.50110745e-01, 1.56332861e+03, 6.68655579e+02,
       5.26302814e-01, 1.11302979e+03, 5.21488647e+02, 4.02416885e-01,
       1.34846460e+03, 5.06764404e+02, 3.77162516e-01, 1.58390955e+03,
       5.97943176e+02, 5.23331881e-01, 6.89136536e+02, 4.53786530e+02,
       6.57617390e-01, 6.92054077e+02, 4.30118744e+02, 1.59885168e-01,
       7.03964478e+02, 4.97911743e+02, 4.51327145e-01, 0., 0., 0.,
       1.61642139e+03, 5.30285217e+02, 2.16446891e-01, 1.61632959e+03,
       5.33258789e+02, 2.17452392e-01, 1.59284705e+03, 6.21434692e+02,
       3.92691404e-01, 1.63693506e+03, 6.89224976e+02, 3.07016611e-01,
       1.61631653e+03, 7.03929016e+02, 3.16422433e-01, 1.58689392e+03,
       6.74484741e+02, 2.10090801e-01 ]
