%YAML:1.0
---
pose_0: !!opencv-matrix
   rows: 1
   cols: 25
   dt: "3f"
   data: [ 7.42298950e+02, 3.89104156e+02, 8.71843219e-01,
       8.68772705e+02, 4.09640564e+02, 7.27169991e-01, 8.59882690e+02,
       4.89146667e+02, 7.81722069e-01, 9.74790161e+02, 5.44953552e+02,
       8.20139885e-01, 1.04529871e+03, 5.97925049e+02, 8.94337118e-01,
       8.80491821e+02, 3.21411926e+02, 6.34060025e-01, 1.01885168e+03,
       3.12437592e+02, 7.82747269e-01, 1.06002197e+03, 2.53645020e+02,
       7.64618695e-01, 1.12775452e+03, 4.12487122e+02, 5.64352632e-01,
       1.13072620e+03, 4.59593170e+02, 5.56084991e-01, 1.34847412e+03,
       4.59583099e+02, 8.15991461e-01, 1.54270020e+03, 5.30273804e+02,
       6.07403934e-01, 1.12481873e+03, 3.59571869e+02, 5.56423128e-01,
       1.33088940e+03, 3.15345337e+02, 3.88339341e-01, 1.56334497e+03,
       2.94778046e+02, 4.73063350e-01, 7.33413757e+02, 4.09547119e+02,
       7.58008838e-01, 7.36216675e+02, 3.71302307e+02, 7.93653965e-01,
       7.48124023e+02, 4.33171356e+02, 5.38806796e-01, 7.62778381e+02,
       3.44909302e+02, 6.12266541e-01, 1.63688696e+03, 2.71246765e+02,
       4.87387180e-01, 1.63397668e+03, 2.68357758e+02, 4.87483174e-01,
       1.58691565e+03, 2.91853882e+02, 2.10660249e-01, 1.61932422e+03,
       5.50886841e+02, 4.82404232e-01, 1.61042395e+03, 5.59735107e+02,
       4.76442873e-01, 1.56626074e+03, 5.24396851e+02, 3.23613763e-01 ]
