%YAML:1.0
---
pose_0: !!opencv-matrix
   rows: 1
   cols: 25
   dt: "3f"
   data: [ 9.10001221e+02, 3.91902374e+02, 2.87417978e-01,
       9.83509155e+02, 4.56646851e+02, 6.26222730e-01, 9.51092957e+02,
       5.03740814e+02, 5.48653960e-01, 8.33527649e+02, 5.09746124e+02,
       6.24990463e-01, 9.21757935e+02, 4.33191650e+02, 5.72882950e-01,
       1.01297528e+03, 4.15458710e+02, 5.28252304e-01, 1.02471362e+03,
       3.86015594e+02, 3.71438622e-01, 9.71680359e+02, 3.39022461e+02,
       4.26063478e-01, 1.18661084e+03, 4.80292389e+02, 4.94559705e-01,
       1.18371191e+03, 5.15574280e+02, 4.16424632e-01, 1.37205396e+03,
       4.44959106e+02, 7.40586102e-01, 1.58694495e+03, 6.39125977e+02,
       6.46200061e-01, 1.18952783e+03, 4.39059082e+02, 4.56698656e-01,
       1.36912781e+03, 4.12559082e+02, 4.05660599e-01, 1.56627979e+03,
       5.09728638e+02, 4.12476271e-01, 9.07080017e+02, 3.88952942e+02,
       1.50453955e-01, 9.18769470e+02, 3.77239655e+02, 3.27598780e-01,
       9.07133423e+02, 4.21409637e+02, 9.33436155e-02, 9.51239197e+02,
       3.71323029e+02, 3.57640535e-01, 1.63692615e+03, 4.94946014e+02,
       6.77338541e-02, 1.61045630e+03, 4.68488434e+02, 7.53009021e-02,
       1.58686731e+03, 5.33282227e+02, 2.57098377e-01, 1.62808020e+03,
       6.68536621e+02, 4.72306043e-01, 1.60746899e+03, 6.74529480e+02,
       4.88823861e-01, 1.59870178e+03, 6.45047485e+02, 4.21179920e-01 ]
