%YAML:1.0
---
pose_0: !!opencv-matrix
   rows: 1
   cols: 25
   dt: "3f"
   data: [ 6.45110718e+02, 4.83238251e+02, 8.88077199e-01,
       7.65645508e+02, 5.09701904e+02, 7.39958346e-01, 7.65730164e+02,
       5.98041992e+02, 7.22576499e-01, 9.07038513e+02, 6.65700745e+02,
       7.23794460e-01, 1.00714020e+03, 6.71510437e+02, 7.55465209e-01,
       7.48154907e+02, 4.33083160e+02, 6.24679685e-01, 9.36443726e+02,
       4.06727173e+02, 8.37348819e-01, 8.01037048e+02, 3.94857697e+02,
       7.87515163e-01, 1.06896570e+03, 5.18510132e+02, 5.50411582e-01,
       1.06885095e+03, 5.71464661e+02, 5.76090097e-01, 1.29557239e+03,
       5.74504944e+02, 7.49588788e-01, 1.60163623e+03, 5.94934875e+02,
       5.55981159e-01, 1.07177991e+03, 4.56802917e+02, 5.75744152e-01,
       1.33077527e+03, 4.36235992e+02, 6.54660225e-01, 1.54274292e+03,
       4.50785065e+02, 4.05065328e-01, 6.27397400e+02, 5.00888428e+02,
       8.27651501e-01, 6.33350464e+02, 4.62676544e+02, 8.00937474e-01,
       6.45013733e+02, 5.30223816e+02, 6.61435723e-01, 6.53919373e+02,
       4.44936951e+02, 5.54620326e-01, 1.63101770e+03, 4.33132233e+02,
       3.63850534e-01, 1.62808020e+03, 4.27312347e+02, 3.91554475e-01,
       1.55747424e+03, 4.59632690e+02, 2.14047864e-01, 1.70451062e+03,
       5.92088867e+02, 4.41657364e-01, 1.68704492e+03, 6.03902710e+02,
       4.32306528e-01, 1.62809155e+03, 5.71507568e+02, 2.36639619e-01 ]
