%YAML:1.0
---
pose_0: !!opencv-matrix
   rows: 2
   cols: 25
   dt: "3f"
   data: [ 7.42341370e+02, 5.50931091e+02, 7.15833306e-01,
       8.12910583e+02, 4.83235596e+02, 6.66923404e-01, 8.09855591e+02,
       4.74339600e+02, 4.62854624e-01, 0., 0., 0., 0., 0., 0.,
       8.27508850e+02, 4.94983337e+02, 6.85607791e-01, 9.62920959e+02,
       4.44917206e+02, 7.14730680e-01, 1.05135583e+03, 5.50873718e+02,
       8.28370512e-01, 1.05129895e+03, 4.80273529e+02, 2.37105906e-01,
       1.05124841e+03, 5.06730560e+02, 1.87283725e-01, 0., 0., 0., 0.,
       0., 0., 1.05125635e+03, 4.39072144e+02, 2.71286488e-01,
       1.31322986e+03, 5.50853027e+02, 7.69986749e-01, 1.58103882e+03,
       4.56772461e+02, 3.60717565e-01, 7.39246155e+02, 5.47845215e+02,
       5.02838269e-02, 7.39125671e+02, 5.33240906e+02, 6.76290929e-01,
       0., 0., 0., 7.45111328e+02, 5.00756012e+02, 6.22769833e-01,
       1.64580164e+03, 5.33240540e+02, 7.78588355e-02, 1.64580359e+03,
       5.24357788e+02, 6.42304048e-02, 1.61925940e+03, 4.36079773e+02,
       2.09268987e-01, 0., 0., 0., 0., 0., 0., 0., 0., 0., 0., 0., 0.,
       0., 0., 0., 0., 0., 0., 0., 0., 0., 0., 0., 0., 0., 0., 0., 0.,
       0., 0., 0., 0., 0., 1.13365491e+03, 4.33175537e+02,
       2.19714731e-01, 1.16014600e+03, 4.09681122e+02, 2.15850249e-01,
       1.32789514e+03, 4.83066528e+02, 8.05194020e-01, 1.52807434e+03,
       4.39076172e+02, 3.53852928e-01, 0., 0., 0., 0., 0., 0., 0., 0.,
       0., 0., 0., 0., 0., 0., 0., 0., 0., 0., 0., 0., 0., 0., 0., 0.,
       0., 0., 0., 0., 0., 0., 0., 0., 0., 0., 0., 0., 0., 0., 0. ]
