%YAML:1.0
---
pose_0: !!opencv-matrix
   rows: 1
   cols: 25
   dt: "3f"
   data: [ 7.27519714e+02, 5.53718445e+02, 8.85550618e-01,
       8.39401550e+02, 5.83331909e+02, 6.56884789e-01, 8.39323853e+02,
       6.59775208e+02, 5.62612355e-01, 9.77657349e+02, 7.09787048e+02,
       7.77809381e-01, 1.11585388e+03, 7.45097717e+02, 8.35406601e-01,
       8.51126587e+02, 5.21459229e+02, 5.19247949e-01, 9.39412109e+02,
       5.00809052e+02, 1.08911902e-01, 0., 0., 0., 1.11012720e+03,
       5.74337219e+02, 5.37243247e-01, 1.10718201e+03, 6.21625671e+02,
       5.40705681e-01, 1.31315955e+03, 6.24531494e+02, 7.54230142e-01,
       1.55159924e+03, 6.62766052e+02, 6.12414002e-01, 1.10715198e+03,
       5.15595825e+02, 5.35655499e-01, 1.32499023e+03, 4.83237610e+02,
       7.17815816e-01, 1.54278870e+03, 4.42007935e+02, 5.83867192e-01,
       7.15670288e+02, 5.68544983e+02, 8.51288021e-01, 7.21583679e+02,
       5.30423096e+02, 8.51045847e-01, 7.21683594e+02, 5.97865173e+02,
       7.07543015e-01, 7.59794434e+02, 5.21473022e+02, 5.36044598e-01,
       1.63401123e+03, 4.27264771e+02, 4.57190990e-01, 1.63104895e+03,
       4.21399445e+02, 4.68363136e-01, 1.56339075e+03, 4.36126343e+02,
       2.39342377e-01, 1.63390308e+03, 6.74473694e+02, 4.45103437e-01,
       1.62810352e+03, 6.80392029e+02, 4.78027701e-01, 1.57804675e+03,
       6.47984802e+02, 3.28794032e-01 ]
