%YAML:1.0
---
pose_0: !!opencv-matrix
   rows: 1
   cols: 25
   dt: "3f"
   data: [ 7.45115906e+02, 4.33226776e+02, 7.88132787e-01,
       8.39347473e+02, 4.80231232e+02, 6.94460094e-01, 8.30489380e+02,
       5.33175232e+02, 7.49652505e-01, 9.54006226e+02, 5.95090027e+02,
       8.68000865e-01, 1.05126111e+03, 5.27187561e+02, 8.35281610e-01,
       8.56924194e+02, 4.27242859e+02, 4.95337963e-01, 9.92352844e+02,
       4.33109253e+02, 2.81954229e-01, 1.11889294e+03, 4.15575836e+02,
       4.90015566e-01, 1.11304980e+03, 5.09759369e+02, 5.19152462e-01,
       1.09834253e+03, 5.59714172e+02, 4.66916382e-01, 1.30425293e+03,
       5.27457092e+02, 8.15151513e-01, 1.52509265e+03, 6.36227844e+02,
       4.66182351e-01, 1.11897229e+03, 4.62573639e+02, 5.52253485e-01,
       1.35136877e+03, 4.56590149e+02, 6.15480900e-01, 1.53689941e+03,
       5.03808624e+02, 6.92156971e-01, 7.30422546e+02, 4.56607208e+02,
       7.55889237e-01, 7.33415039e+02, 4.18424194e+02, 5.83369315e-01,
       7.45127441e+02, 4.89111145e+02, 6.63053751e-01, 0., 0., 0.,
       1.61351575e+03, 4.33157928e+02, 5.73664069e-01, 1.61047852e+03,
       4.33230377e+02, 5.41039109e-01, 1.55747485e+03, 5.27272583e+02,
       4.94328529e-01, 1.64578735e+03, 6.00934326e+02, 4.90320176e-01,
       1.63406299e+03, 6.18571594e+02, 3.85930628e-01, 1.55746130e+03,
       6.53906494e+02, 3.06167781e-01 ]
