%YAML:1.0
---
pose_0: !!opencv-matrix
   rows: 1
   cols: 25
   dt: "3f"
   data: [ 7.42118042e+02, 5.30276306e+02, 8.85606825e-01,
       8.54086731e+02, 5.30293579e+02, 6.83931530e-01, 8.45215210e+02,
       5.97950623e+02, 5.92586577e-01, 9.68798035e+02, 6.42103821e+02,
       3.55809391e-01, 1.11604688e+03, 6.86239136e+02, 2.78809547e-01,
       8.71709045e+02, 4.56750824e+02, 5.40594280e-01, 1.00126282e+03,
       4.56770538e+02, 2.32010722e-01, 1.05713074e+03, 4.47894623e+02,
       1.07480675e-01, 1.12779932e+03, 5.50883789e+02, 5.74430645e-01,
       1.12188684e+03, 5.97935669e+02, 5.87111890e-01, 1.33376868e+03,
       6.21585083e+02, 2.78670669e-01, 1.51622327e+03, 6.30315552e+02,
       5.42244375e-01, 1.13367249e+03, 5.00805786e+02, 5.49977958e-01,
       1.30722510e+03, 5.30298096e+02, 6.57432675e-01, 1.58695081e+03,
       5.30271240e+02, 5.62033176e-01, 7.27523315e+02, 5.47913452e+02,
       7.73628652e-01, 7.30465881e+02, 5.09706635e+02, 7.93851793e-01,
       7.42269348e+02, 5.65581055e+02, 3.25252175e-01, 7.59890381e+02,
       4.83305542e+02, 6.56990469e-01, 1.65755371e+03, 4.94967773e+02,
       3.42574328e-01, 1.65747461e+03, 4.94922058e+02, 3.59378964e-01,
       1.61335242e+03, 5.50881226e+02, 2.71524459e-01, 1.57802869e+03,
       6.45086121e+02, 2.82652169e-01, 1.56339172e+03, 6.56827515e+02,
       2.89714754e-01, 1.55157788e+03, 6.21523193e+02, 2.67993420e-01 ]
