%YAML:1.0
---
pose_0: !!opencv-matrix
   rows: 1
   cols: 25
   dt: "3f"
   data: [ 6.74591309e+02, 4.12670288e+02, 8.39959562e-01,
       8.12763794e+02, 4.80331604e+02, 7.27595866e-01, 8.12853943e+02,
       5.77460205e+02, 6.99116290e-01, 9.48197693e+02, 6.48160034e+02,
       7.45435059e-01, 1.09553430e+03, 7.36194031e+02, 8.17985237e-01,
       8.12902710e+02, 3.83062439e+02, 6.69108212e-01, 9.54215149e+02,
       3.00756256e+02, 7.70514786e-01, 1.11008728e+03, 1.97778610e+02,
       8.04292142e-01, 1.10127820e+03, 4.27236206e+02, 4.08403397e-01,
       1.11006995e+03, 4.83235504e+02, 4.60637033e-01, 1.36026697e+03,
       5.06730133e+02, 5.45048952e-01, 1.62520862e+03, 5.30391602e+02,
       5.15440524e-01, 1.08657996e+03, 3.65538086e+02, 4.89966273e-01,
       1.22490515e+03, 2.91898254e+02, 3.65371257e-01, 1.57512854e+03,
       1.50621689e+02, 1.74729496e-01, 6.56859619e+02, 4.35989319e+02,
       8.26058924e-01, 6.68659851e+02, 3.97798492e+02, 8.07451129e-01,
       6.74521484e+02, 4.77356201e+02, 4.66314435e-01, 6.98050537e+02,
       3.83146423e+02, 1.56334206e-01, 0., 0., 0., 0., 0., 0.,
       1.58687378e+03, 1.50618820e+02, 1.50612533e-01, 1.72819873e+03,
       5.30224243e+02, 4.43872690e-01, 1.71343774e+03, 5.42018982e+02,
       3.63565743e-01, 1.63699548e+03, 5.27402893e+02, 3.28705400e-01 ]
