%YAML:1.0
---
pose_0: !!opencv-matrix
   rows: 1
   cols: 25
   dt: "3f"
   data: [ 7.27503052e+02, 3.89141235e+02, 8.43213737e-01,
       8.57052429e+02, 4.03717926e+02, 7.54443824e-01, 8.57082825e+02,
       4.83173309e+02, 8.17301691e-01, 9.74670776e+02, 5.30345947e+02,
       8.27098072e-01, 1.05422485e+03, 5.94960693e+02, 8.30317497e-01,
       8.59932190e+02, 3.15321259e+02, 6.73282981e-01, 1.00118304e+03,
       2.91831451e+02, 5.06715298e-01, 1.04831348e+03, 2.77120575e+02,
       4.53657568e-01, 1.12774036e+03, 4.18496857e+02, 5.83916545e-01,
       1.11901709e+03, 4.68466797e+02, 5.83184242e-01, 1.32497131e+03,
       4.80282684e+02, 7.74289668e-01, 1.53981494e+03, 5.36193115e+02,
       5.95975876e-01, 1.13652881e+03, 3.65477539e+02, 6.01892173e-01,
       1.34552417e+03, 3.21331360e+02, 3.70508939e-01, 1.55748315e+03,
       2.94765381e+02, 5.03915250e-01, 7.15701050e+02, 4.09641510e+02,
       8.04518580e-01, 7.15783691e+02, 3.74279236e+02, 8.14078867e-01,
       7.39197205e+02, 4.33066986e+02, 3.98919344e-01, 7.42255188e+02,
       3.44929810e+02, 4.93029594e-01, 1.63690979e+03, 2.68273407e+02,
       4.09333348e-01, 1.63401917e+03, 2.65428070e+02, 4.12031859e-01,
       1.58987500e+03, 2.94771698e+02, 2.31207266e-01, 1.61345117e+03,
       5.47970398e+02, 2.85972446e-01, 1.61049121e+03, 5.56758484e+02,
       2.81597227e-01, 1.57806775e+03, 5.30274658e+02, 3.51603627e-01 ]
