%YAML:1.0
---
pose_0: !!opencv-matrix
   rows: 1
   cols: 25
   dt: "3f"
   data: [ 7.89236389e+02, 3.94940887e+02, 7.25961804e-01,
       8.77493774e+02, 4.39026215e+02, 6.68148935e-01, 8.77541077e+02,
       4.91998627e+02, 7.17437863e-01, 9.86453918e+02, 4.97907715e+02,
       7.32728422e-01, 9.51289612e+02, 3.47753723e+02, 8.15556526e-01,
       8.65778259e+02, 3.89053986e+02, 5.15836179e-01, 9.54110962e+02,
       3.85896088e+02, 6.43460080e-02, 0., 0., 0., 1.14547644e+03,
       4.09560547e+02, 5.70811152e-01, 1.14544324e+03, 4.56721130e+02,
       5.68427682e-01, 1.31320789e+03, 5.06748077e+02, 4.12438780e-01,
       1.51328174e+03, 6.56849670e+02, 5.71372151e-01, 1.14260010e+03,
       3.59606964e+02, 5.71906865e-01, 1.31612158e+03, 2.91779694e+02,
       3.57807487e-01, 1.40147852e+03, 2.71270721e+02, 1.89624041e-01,
       7.65699219e+02, 4.12680481e+02, 7.43407011e-01, 7.65870483e+02,
       3.86093079e+02, 6.05206966e-01, 7.89256531e+02, 4.53813873e+02,
       4.67753023e-01, 0., 0., 0., 0., 0., 0., 0., 0., 0.,
       1.42206885e+03, 2.68328552e+02, 7.98442513e-02, 1.61045044e+03,
       6.71511292e+02, 6.59085035e-01, 1.58989050e+03, 6.86253723e+02,
       5.45956075e-01, 1.51624719e+03, 6.74557983e+02, 4.18383121e-01 ]
