%YAML:1.0
---
pose_0: !!opencv-matrix
   rows: 1
   cols: 25
   dt: "3f"
   data: [ 6.24482605e+02, 5.03852295e+02, 7.64275908e-01,
       7.53988586e+02, 4.68448822e+02, 6.22484386e-01, 7.39274597e+02,
       5.74482727e+02, 5.72572470e-01, 8.95258667e+02, 6.68680664e+02,
       7.88354456e-01, 1.04526794e+03, 7.45105713e+02, 8.32459271e-01,
       7.86337891e+02, 3.56630676e+02, 6.38879895e-01, 9.68793701e+02,
       3.83113434e+02, 6.53800845e-01, 1.13957520e+03, 4.00830475e+02,
       7.08855450e-01, 1.06592053e+03, 5.56809998e+02, 5.26665568e-01,
       1.04826245e+03, 6.21487671e+02, 5.28352320e-01, 1.14838220e+03,
       6.86272522e+02, 1.95437476e-01, 0., 0., 0., 1.08653052e+03,
       4.94980591e+02, 4.44911182e-01, 1.33081665e+03, 4.80316864e+02,
       4.21903253e-01, 1.71933447e+03, 4.33216492e+02, 2.54273713e-01,
       6.06771545e+02, 5.21406372e+02, 6.64161921e-01, 6.09717163e+02,
       4.83136749e+02, 6.67715549e-01, 6.21475708e+02, 5.44996033e+02,
       1.70602545e-01, 6.36193176e+02, 4.39128601e+02, 5.05028009e-01,
       1.77825928e+03, 3.86097870e+02, 1.17993951e-01, 1.77824585e+03,
       3.88991058e+02, 1.26725897e-01, 1.73113257e+03, 4.47859314e+02,
       1.75658017e-01, 0., 0., 0., 0., 0., 0., 0., 0., 0. ]
