%YAML:1.0
---
pose_0: !!opencv-matrix
   rows: 1
   cols: 25
   dt: "3f"
   data: [ 7.56957703e+02, 5.53886780e+02, 7.35585868e-01,
       8.57039795e+02, 6.00866211e+02, 7.73031831e-01, 8.57071960e+02,
       6.48031677e+02, 5.71720958e-01, 9.54046631e+02, 6.30349121e+02,
       7.67351687e-01, 9.77782104e+02, 4.92053680e+02, 7.05745280e-01,
       8.60050964e+02, 5.47883484e+02, 5.86946130e-01, 9.51097717e+02,
       5.21402954e+02, 2.25757807e-01, 0., 0., 0., 1.11900781e+03,
       6.00896790e+02, 5.99321902e-01, 1.11890076e+03, 6.47921509e+02,
       5.68238854e-01, 1.32491919e+03, 6.45129822e+02, 6.39483333e-01,
       1.53976880e+03, 7.01054749e+02, 5.36593258e-01, 1.12187695e+03,
       5.53796326e+02, 6.12500012e-01, 1.30142090e+03, 5.74329529e+02,
       6.24972582e-01, 1.49865833e+03, 6.21513062e+02, 4.35218394e-01,
       7.42135315e+02, 5.74384705e+02, 7.33641207e-01, 7.42256836e+02,
       5.47876587e+02, 6.23326719e-01, 7.62877625e+02, 6.03862671e+02,
       6.19699299e-01, 7.65795593e+02, 5.36252869e+02, 9.22661871e-02,
       1.58101099e+03, 5.83289856e+02, 1.97583601e-01, 1.56928210e+03,
       5.80395874e+02, 2.49442995e-01, 1.53682703e+03, 6.24526978e+02,
       2.29015633e-01, 1.60752539e+03, 6.89221252e+02, 3.23539376e-01,
       1.59868628e+03, 6.98083374e+02, 2.60681152e-01, 1.56631299e+03,
       7.09863831e+02, 2.83288866e-01 ]
