%YAML:1.0
---
pose_0: !!opencv-matrix
   rows: 1
   cols: 25
   dt: "3f"
   data: [ 7.33351135e+02, 4.33279419e+02, 8.67475748e-01,
       8.36376038e+02, 4.27245544e+02, 7.07402289e-01, 8.33498779e+02,
       4.83251465e+02, 6.44578099e-01, 9.33522400e+02, 5.24292786e+02,
       3.61340404e-01, 9.98240295e+02, 5.30319153e+02, 3.94403547e-01,
       8.39411194e+02, 3.65408630e+02, 5.90144396e-01, 9.92352051e+02,
       3.33061340e+02, 7.18104839e-01, 1.12193994e+03, 3.27150146e+02,
       7.72874117e-01, 1.10715991e+03, 4.41999329e+02, 5.84186137e-01,
       1.09533997e+03, 4.86239624e+02, 6.48954391e-01, 1.29850134e+03,
       5.33176941e+02, 7.23563194e-01, 1.54281909e+03, 5.71480713e+02,
       4.88716871e-01, 1.11596948e+03, 3.89039825e+02, 6.07815742e-01,
       1.33087854e+03, 4.09482025e+02, 7.07679510e-01, 1.56639673e+03,
       3.94912262e+02, 6.20769918e-01, 7.18581543e+02, 4.47846039e+02,
       7.95780122e-01, 7.18655273e+02, 4.15448395e+02, 8.50958049e-01,
       7.33390198e+02, 4.62610291e+02, 3.16089809e-01, 7.39282654e+02,
       3.91906433e+02, 6.70228004e-01, 1.63411792e+03, 3.71317566e+02,
       2.15385228e-01, 1.62522205e+03, 3.68368500e+02, 2.85337418e-01,
       1.61048950e+03, 3.97807281e+02, 2.50578105e-01, 1.63994666e+03,
       5.89135864e+02, 2.48876005e-01, 1.61931641e+03, 6.00976563e+02,
       2.08212838e-01, 1.58105481e+03, 5.50910461e+02, 3.09320569e-01 ]
