%YAML:1.0
---
pose_0: !!opencv-matrix
   rows: 1
   cols: 25
   dt: "3f"
   data: [ 7.83426331e+02, 3.88906586e+02, 8.56740117e-01,
       8.83494751e+02, 3.91927002e+02, 7.26855159e-01, 8.83475525e+02,
       4.68438232e+02, 7.65159190e-01, 1.00122644e+03, 4.83320068e+02,
       8.16469371e-01, 9.24624817e+02, 4.00747314e+02, 7.83717752e-01,
       8.80535339e+02, 3.24270386e+02, 6.11756742e-01, 1.03656665e+03,
       2.94835541e+02, 8.20371330e-01, 9.27648438e+02, 3.15389130e+02,
       8.91016781e-01, 1.13962781e+03, 4.30119385e+02, 6.59194112e-01,
       1.12481934e+03, 4.74379852e+02, 6.32082760e-01, 1.28969775e+03,
       5.42086060e+02, 7.35129476e-01, 1.47214185e+03, 5.83241028e+02,
       6.35476232e-01, 1.16005786e+03, 3.74255096e+02, 5.92996716e-01,
       1.35443677e+03, 3.85962616e+02, 6.01080835e-01, 1.55455444e+03,
       3.94951447e+02, 6.65099502e-01, 7.65812622e+02, 4.00765594e+02,
       7.74972022e-01, 7.65880920e+02, 3.68354279e+02, 8.08572114e-01,
       7.86263000e+02, 4.21387848e+02, 4.42690939e-01, 7.89286499e+02,
       3.41916534e+02, 6.22949958e-01, 1.61642273e+03, 3.77247864e+02,
       6.31035149e-01, 1.61334338e+03, 3.68437622e+02, 6.79371715e-01,
       1.56931433e+03, 4.09597504e+02, 3.90808821e-01, 1.49562549e+03,
       6.53949036e+02, 4.77781057e-01, 1.48097583e+03, 6.50946533e+02,
       4.84931558e-01, 1.49864856e+03, 5.74504089e+02, 4.39886689e-01 ]
