%YAML:1.0
---
pose_0: !!opencv-matrix
   rows: 2
   cols: 25
   dt: "3f"
   data: [ 0., 0., 0., 8.15757751e+02, 5.09708893e+02, 3.54081482e-01,
       8.27565308e+02, 5.03829346e+02, 2.36624837e-01, 0., 0., 0., 0.,
       0., 0., 7.86373901e+02, 5.18538391e+02, 2.01746911e-01,
       6.92122375e+02, 4.91993713e+02, 1.99921250e-01, 0., 0., 0.,
       1.11888989e+03, 5.21457703e+02, 3.19107533e-01, 1.09835449e+03,
       5.44972778e+02, 2.64149398e-01, 1.34843530e+03, 4.83281006e+02,
       6.89237714e-01, 1.61335022e+03, 6.62729370e+02, 5.93755662e-01,
       1.13073035e+03, 5.03741302e+02, 2.65231669e-01, 1.36026025e+03,
       4.59623962e+02, 4.01712120e-01, 1.56634534e+03, 5.06750854e+02,
       7.24169374e-01, 0., 0., 0., 0., 0., 0., 0., 0., 0.,
       7.51038452e+02, 5.36177368e+02, 6.68393746e-02, 1.59283228e+03,
       4.50830780e+02, 4.51730847e-01, 1.58992932e+03, 4.56703857e+02,
       5.03575504e-01, 1.58690271e+03, 5.30228088e+02, 5.34560859e-01,
       1.66055676e+03, 6.71624695e+02, 5.59137642e-01, 1.64577759e+03,
       6.86251404e+02, 5.40865302e-01, 1.62223547e+03, 6.74570557e+02,
       3.56148958e-01, 0., 0., 0., 0., 0., 0., 8.95197083e+02,
       4.97857819e+02, 1.75648615e-01, 9.30503113e+02, 4.83112946e+02,
       5.73258460e-01, 8.59911438e+02, 3.88940765e+02, 6.68961227e-01,
       0., 0., 0., 0., 0., 0., 0., 0., 0., 0., 0., 0., 0., 0., 0., 0.,
       0., 0., 0., 0., 0., 0., 0., 0., 0., 0., 0., 0., 0., 0., 0., 0.,
       0., 0., 0., 0., 0., 0., 0., 0., 0., 0., 0., 0., 0., 0., 0., 0.,
       0., 0., 0., 0., 0., 0., 0., 0., 0., 0., 0., 0. ]
