%YAML:1.0
---
pose_0: !!opencv-matrix
   rows: 1
   cols: 25
   dt: "3f"
   data: [ 7.86321655e+02, 4.50751068e+02, 2.61224002e-01,
       8.71657959e+02, 4.53707397e+02, 7.00586557e-01, 8.59992371e+02,
       5.00856842e+02, 7.38784492e-01, 8.65851563e+02, 5.59730469e+02,
       7.90314198e-01, 7.42289856e+02, 5.30174377e+02, 8.85587156e-01,
       8.74626892e+02, 4.03714355e+02, 4.58087981e-01, 8.71680298e+02,
       3.65513855e+02, 7.55372882e-01, 7.42235107e+02, 4.27255249e+02,
       7.20333755e-01, 1.11891028e+03, 4.62634949e+02, 5.74683845e-01,
       1.11602539e+03, 5.06866302e+02, 6.04738533e-01, 1.31315710e+03,
       5.03664551e+02, 7.43817329e-01, 1.54577026e+03, 5.09643890e+02,
       6.58992112e-01, 1.11895947e+03, 4.12575562e+02, 5.76061904e-01,
       1.32496790e+03, 4.15462799e+02, 6.07364535e-01, 1.54279395e+03,
       4.18476471e+02, 6.43886924e-01, 7.71694031e+02, 4.56682220e+02,
       3.31179470e-01, 7.83345032e+02, 4.36089020e+02, 1.55162066e-01,
       7.86418030e+02, 4.77192169e+02, 1.74146146e-01, 0., 0., 0.,
       1.61929626e+03, 4.09640259e+02, 2.77138531e-01, 1.61342712e+03,
       4.03742218e+02, 3.36922705e-01, 1.56338843e+03, 4.33105957e+02,
       3.17388356e-01, 1.62815601e+03, 5.00897125e+02, 5.48256874e-01,
       1.61342200e+03, 5.12582275e+02, 4.97199982e-01, 1.56639734e+03,
       5.06670135e+02, 2.85076618e-01 ]
