%YAML:1.0
---
pose_0: !!opencv-matrix
   rows: 1
   cols: 25
   dt: "3f"
   data: [ 7.01039063e+02, 3.59574707e+02, 8.10845017e-01,
       8.06977722e+02, 3.59624390e+02, 7.76128173e-01, 7.89322876e+02,
       4.30142609e+02, 7.96810985e-01, 8.39300354e+02, 5.06741455e+02,
       8.29860270e-01, 7.92347595e+02, 3.89006134e+02, 7.95077920e-01,
       8.12942566e+02, 2.88906555e+02, 6.85592890e-01, 8.06850220e+02,
       2.18229446e+02, 7.08183825e-01, 6.68692322e+02, 1.74019958e+02,
       7.73720741e-01, 1.06598413e+03, 3.68456726e+02, 5.70410788e-01,
       1.06297485e+03, 4.18440643e+02, 5.50947428e-01, 1.28960852e+03,
       4.33042206e+02, 6.99823022e-01, 1.51621313e+03, 4.41948212e+02,
       5.98531067e-01, 1.07181311e+03, 3.15483978e+02, 5.62838912e-01,
       1.28080884e+03, 3.12379059e+02, 6.72017395e-01, 1.53396875e+03,
       2.80090912e+02, 5.79637587e-01, 6.89165161e+02, 3.68436249e+02,
       7.99399018e-01, 6.92233826e+02, 3.35966553e+02, 8.37725401e-01,
       7.09853943e+02, 3.89107605e+02, 2.52104372e-01, 7.18595154e+02,
       2.94950592e+02, 5.63439965e-01, 1.63099805e+03, 2.83041260e+02,
       4.55918521e-01, 1.62806458e+03, 2.71279572e+02, 4.54983890e-01,
       1.54575488e+03, 2.68322418e+02, 2.41428360e-01, 1.60451221e+03,
       4.33130676e+02, 4.70686853e-01, 1.58698511e+03, 4.42036469e+02,
       4.03694868e-01, 1.53981335e+03, 4.36130280e+02, 3.20133805e-01 ]
