%YAML:1.0
---
pose_0: !!opencv-matrix
   rows: 1
   cols: 25
   dt: "3f"
   data: [ 7.42320862e+02, 4.53685822e+02, 8.02429855e-01,
       8.18748474e+02, 4.36028595e+02, 6.87999785e-01, 8.12843567e+02,
       4.83300629e+02, 6.84700489e-01, 9.12970703e+02, 5.53838806e+02,
       8.44095349e-01, 8.01081909e+02, 5.27255371e+02, 8.52346897e-01,
       8.27549500e+02, 3.88996277e+02, 6.06938481e-01, 9.12873108e+02,
       3.62621979e+02, 8.05675745e-01, 7.92341125e+02, 4.09634735e+02,
       7.59366393e-01, 1.11007178e+03, 4.53722168e+02, 5.33078671e-01,
       1.11299023e+03, 4.97930878e+02, 5.40627718e-01, 1.32199255e+03,
       4.92058136e+02, 7.15988994e-01, 1.55457556e+03, 5.03717590e+02,
       6.10560358e-01, 1.10420264e+03, 4.00751862e+02, 5.49041927e-01,
       1.30730432e+03, 3.83079620e+02, 4.89949375e-01, 1.51334900e+03,
       3.85994995e+02, 2.65755057e-01, 7.33329773e+02, 4.62574738e+02,
       7.81697094e-01, 7.36357605e+02, 4.33106567e+02, 8.32004488e-01,
       7.42323914e+02, 4.83266449e+02, 2.12267295e-01, 7.45208252e+02,
       4.03706146e+02, 6.00986123e-01, 1.56047632e+03, 4.27302002e+02,
       6.07383773e-02, 1.55160291e+03, 4.24252106e+02, 7.01058581e-02,
       1.54573889e+03, 3.94871979e+02, 1.65850624e-01, 1.63098242e+03,
       5.03722168e+02, 4.71078783e-01, 1.61630676e+03, 5.12648743e+02,
       4.58816350e-01, 1.58395239e+03, 4.86175903e+02, 3.05487812e-01 ]
