%YAML:1.0
---
pose_0: !!opencv-matrix
   rows: 1
   cols: 25
   dt: "3f"
   data: [ 7.36293396e+02, 4.35972656e+02, 8.71623814e-01,
       8.39361206e+02, 4.30171844e+02, 6.79339767e-01, 8.51131470e+02,
       4.97861725e+02, 6.24974728e-01, 9.59993042e+02, 5.27263000e+02,
       3.64084780e-01, 1.03943762e+03, 5.33206116e+02, 1.57124996e-01,
       8.39406067e+02, 3.62519409e+02, 6.08199179e-01, 9.95243286e+02,
       3.35976349e+02, 7.14385688e-01, 1.13362671e+03, 3.35953979e+02,
       7.61168897e-01, 1.09543481e+03, 4.36187958e+02, 6.33945525e-01,
       1.08946289e+03, 4.86095093e+02, 6.36889040e-01, 1.30140747e+03,
       5.30220642e+02, 7.93798387e-01, 1.56625696e+03, 5.86238403e+02,
       5.59999526e-01, 1.11005847e+03, 3.86125092e+02, 5.81927955e-01,
       1.32493860e+03, 4.06664185e+02, 6.34608269e-01, 1.56927808e+03,
       3.97888184e+02, 6.02698088e-01, 7.18753296e+02, 4.47919281e+02,
       7.79021263e-01, 7.18726013e+02, 4.15445953e+02, 8.24799597e-01,
       7.39168762e+02, 4.62536469e+02, 3.33474427e-01, 7.39289368e+02,
       3.89056763e+02, 6.57299399e-01, 1.63706116e+03, 4.30099884e+02,
       7.73373172e-02, 0., 0., 0., 1.61046887e+03, 3.94933868e+02,
       2.48840630e-01, 1.66643250e+03, 6.15644226e+02, 2.51987189e-01,
       0., 0., 0., 1.59575537e+03, 5.71506653e+02, 2.60266364e-01 ]
