%YAML:1.0
---
pose_0: !!opencv-matrix
   rows: 1
   cols: 25
   dt: "3f"
   data: [ 7.42153748e+02, 5.33276062e+02, 8.71529222e-01,
       8.56898132e+02, 5.47992126e+02, 6.85756207e-01, 8.51112122e+02,
       6.18614197e+02, 6.58353925e-01, 9.83525940e+02, 6.48071472e+02,
       5.76149702e-01, 1.11587305e+03, 6.92258545e+02, 6.38179004e-01,
       8.71654480e+02, 4.65509369e+02, 6.09778881e-01, 1.00412183e+03,
       4.59551086e+02, 4.79799777e-01, 1.08068958e+03, 4.71441925e+02,
       2.05009282e-01, 1.11591992e+03, 5.65612549e+02, 5.66931069e-01,
       1.11005383e+03, 6.09784485e+02, 5.79638183e-01, 1.22487585e+03,
       6.56825012e+02, 2.27607980e-01, 0., 0., 0., 1.12186816e+03,
       5.12676636e+02, 5.52557349e-01, 1.32792456e+03, 5.30216492e+02,
       7.52078295e-01, 1.56929639e+03, 5.30400208e+02, 5.57680011e-01,
       7.30446045e+02, 5.53734802e+02, 7.66426206e-01, 7.33409729e+02,
       5.18514771e+02, 7.87615538e-01, 7.42280640e+02, 5.77424255e+02,
       5.79556286e-01, 7.62725403e+02, 4.92061584e+02, 5.27693570e-01,
       1.64873462e+03, 4.86096527e+02, 2.76127845e-01, 1.64284741e+03,
       4.83313660e+02, 2.68998742e-01, 1.58987463e+03, 5.39126526e+02,
       2.77582943e-01, 0., 0., 0., 0., 0., 0., 0., 0., 0. ]
