%YAML:1.0
---
pose_0: !!opencv-matrix
   rows: 1
   cols: 25
   dt: "3f"
   data: [ 5.42048340e+02, 5.09685516e+02, 7.09651530e-01,
       6.98043823e+02, 5.21400574e+02, 3.38661969e-01, 6.92219482e+02,
       6.06795654e+02, 1.87843189e-01, 0., 0., 0., 0., 0., 0.,
       7.24542480e+02, 4.36033875e+02, 3.69637072e-01, 9.27666931e+02,
       3.94859009e+02, 6.41495824e-01, 1.10423682e+03, 3.38895721e+02,
       7.28717506e-01, 1.02180682e+03, 5.77466736e+02, 3.57591331e-01,
       1.02177368e+03, 6.42074951e+02, 3.39581996e-01, 1.31611475e+03,
       6.44995605e+02, 2.98003167e-01, 0., 0., 0., 1.02773450e+03,
       5.12606506e+02, 3.02071214e-01, 1.14838696e+03, 4.77228973e+02,
       5.17985895e-02, 0., 0., 0., 5.30191467e+02, 5.36154236e+02,
       7.73618937e-01, 5.24445374e+02, 4.92080719e+02, 6.94884479e-01,
       5.47994324e+02, 5.77362061e+02, 2.31817305e-01, 5.53910400e+02,
       4.56757874e+02, 2.91676432e-01, 0., 0., 0., 0., 0., 0., 0., 0.,
       0., 0., 0., 0., 0., 0., 0., 0., 0., 0. ]
