%YAML:1.0
---
pose_0: !!opencv-matrix
   rows: 1
   cols: 25
   dt: "3f"
   data: [ 7.42080627e+02, 3.89073700e+02, 8.87611091e-01,
       8.60013855e+02, 4.15521606e+02, 7.55845308e-01, 8.57076904e+02,
       5.00846375e+02, 8.04455936e-01, 9.83554871e+02, 5.47897705e+02,
       7.38543153e-01, 9.86443848e+02, 5.83216858e+02, 8.10949445e-01,
       8.59977844e+02, 3.38966797e+02, 6.46319151e-01, 9.98218506e+02,
       3.00695160e+02, 7.90190697e-01, 1.04543225e+03, 2.53583878e+02,
       8.74788940e-01, 1.13945142e+03, 4.18474152e+02, 5.69828153e-01,
       1.13364038e+03, 4.65602997e+02, 5.75451672e-01, 1.34552429e+03,
       4.83066162e+02, 7.57678986e-01, 1.54285645e+03, 5.30395203e+02,
       6.01727188e-01, 1.13949817e+03, 3.65493744e+02, 6.04942203e-01,
       1.34844971e+03, 3.30104248e+02, 6.55084908e-01, 1.56628955e+03,
       2.97801666e+02, 5.74474275e-01, 7.24567932e+02, 4.06604980e+02,
       7.86386669e-01, 7.30388184e+02, 3.71300873e+02, 7.86781609e-01,
       7.39356079e+02, 4.33022125e+02, 6.17846429e-01, 7.53968018e+02,
       3.44957947e+02, 5.67378640e-01, 1.63695862e+03, 2.59506805e+02,
       5.48475862e-01, 1.63686609e+03, 2.56596527e+02, 4.93654937e-01,
       1.59574500e+03, 3.12409912e+02, 2.57053405e-01, 1.61047778e+03,
       5.33264160e+02, 3.69180709e-01, 1.60743433e+03, 5.50807373e+02,
       3.40669274e-01, 1.58104236e+03, 5.27364380e+02, 3.31204355e-01 ]
