%YAML:1.0
---
pose_0: !!opencv-matrix
   rows: 1
   cols: 25
   dt: "3f"
   data: [ 6.98080017e+02, 4.62642487e+02, 8.01122665e-01,
       8.24575745e+02, 5.09636444e+02, 7.06728756e-01, 8.09914246e+02,
       5.74435120e+02, 7.78382301e-01, 9.27627136e+02, 6.48048462e+02,
       8.52582216e-01, 9.77574768e+02, 6.24516479e+02, 8.71009171e-01,
       8.33352600e+02, 4.41960327e+02, 5.32102168e-01, 1.01007361e+03,
       4.56635712e+02, 6.84867620e-01, 1.13946301e+03, 4.27309814e+02,
       8.26153278e-01, 1.10125684e+03, 5.74506409e+02, 5.96218824e-01,
       1.07772546e+03, 6.24503113e+02, 5.40346622e-01, 1.31319128e+03,
       5.71506042e+02, 7.60352969e-01, 1.50157605e+03, 6.68658447e+02,
       3.94265115e-01, 1.12192590e+03, 5.27213867e+02, 5.88251829e-01,
       1.34847900e+03, 5.24290588e+02, 5.00587583e-01, 1.55745972e+03,
       6.15664429e+02, 4.76227403e-01, 6.89140198e+02, 4.83355438e+02,
       7.83208013e-01, 6.89249939e+02, 4.56737000e+02, 6.47636771e-01,
       7.00992676e+02, 5.27242249e+02, 6.74891055e-01, 7.15740417e+02,
       4.50774414e+02, 7.82793909e-02, 1.61043994e+03, 5.65608093e+02,
       2.89471418e-01, 1.60743030e+03, 5.68521790e+02, 2.98013777e-01,
       1.56929028e+03, 6.39164368e+02, 3.91251475e-01, 1.55747339e+03,
       6.68584473e+02, 7.69876614e-02, 1.53678552e+03, 6.92161621e+02,
       1.19481102e-01, 1.54280493e+03, 6.71616882e+02, 2.33346105e-01 ]
