%YAML:1.0
---
pose_0: !!opencv-matrix
   rows: 1
   cols: 25
   dt: "3f"
   data: [ 7.54020569e+02, 4.12711578e+02, 8.52616608e-01,
       8.80557861e+02, 4.36066254e+02, 7.88976967e-01, 8.83539978e+02,
       5.15553467e+02, 7.25418866e-01, 9.68850098e+02, 5.97908447e+02,
       7.98450530e-01, 1.00411084e+03, 6.62777344e+02, 8.48244429e-01,
       8.74635620e+02, 3.62438995e+02, 6.41151786e-01, 1.01294897e+03,
       2.85989838e+02, 7.67783880e-01, 1.13364319e+03, 2.18280640e+02,
       8.05394173e-01, 1.12480469e+03, 4.56752075e+02, 5.97008765e-01,
       1.11901697e+03, 5.03857849e+02, 6.12290919e-01, 1.33084619e+03,
       5.33320313e+02, 7.54049540e-01, 1.54578711e+03, 5.77406250e+02,
       6.56342089e-01, 1.13072766e+03, 4.06577820e+02, 5.60946822e-01,
       1.33380725e+03, 3.59550415e+02, 2.21036911e-01, 1.39263623e+03,
       3.39015472e+02, 1.72966212e-01, 7.42156433e+02, 4.33187225e+02,
       8.10137928e-01, 7.42265503e+02, 4.03649017e+02, 8.15282762e-01,
       7.62786682e+02, 4.56766449e+02, 5.63010216e-01, 7.65743896e+02,
       3.83004730e+02, 5.52960455e-01, 1.63402454e+03, 2.74244904e+02,
       2.00092509e-01, 1.63391077e+03, 2.71350342e+02, 1.96156144e-01,
       0., 0., 0., 1.59286890e+03, 5.45033691e+02, 4.54124182e-01,
       1.58983826e+03, 5.53884827e+02, 4.12371904e-01, 1.57811768e+03,
       5.86217773e+02, 3.36005688e-01 ]
