%YAML:1.0
---
pose_0: !!opencv-matrix
   rows: 1
   cols: 25
   dt: "3f"
   data: [ 7.45178955e+02, 5.27351318e+02, 7.85075963e-01,
       8.30469666e+02, 4.56740082e+02, 5.32052755e-01, 8.15865417e+02,
       4.47844818e+02, 3.56561273e-01, 0., 0., 0., 0., 0., 0.,
       8.36306580e+02, 4.62653046e+02, 6.97138309e-01, 9.74587158e+02,
       4.80207336e+02, 8.49235773e-01, 1.06295435e+03, 5.80313049e+02,
       7.45986998e-01, 1.13658008e+03, 4.12625488e+02, 3.62205893e-01,
       1.14836865e+03, 3.89001648e+02, 2.48062193e-01, 1.34845142e+03,
       4.59767151e+02, 7.12197781e-01, 1.55161597e+03, 3.89019989e+02,
       7.16019630e-01, 1.13657019e+03, 4.33117676e+02, 2.96103776e-01,
       1.35439392e+03, 5.06801056e+02, 6.47779822e-01, 1.63988855e+03,
       4.24352997e+02, 5.96929669e-01, 0., 0., 0., 7.39118958e+02,
       5.06772186e+02, 7.81232953e-01, 0., 0., 0., 7.48050110e+02,
       4.65554230e+02, 6.00783706e-01, 1.69577222e+03, 3.71378174e+02,
       3.26570660e-01, 1.68698730e+03, 3.74334595e+02, 3.29205036e-01,
       1.66935059e+03, 4.30214233e+02, 2.54569113e-01, 1.63681470e+03,
       3.86075500e+02, 1.03600979e-01, 0., 0., 0., 1.57517310e+03,
       3.65509583e+02, 4.52456921e-01 ]
