%YAML:1.0
---
pose_0: !!opencv-matrix
   rows: 1
   cols: 25
   dt: "3f"
   data: [ 6.98023621e+02, 5.27312134e+02, 8.44576836e-01,
       8.36372620e+02, 4.71368073e+02, 7.45335042e-01, 8.33527710e+02,
       5.50966064e+02, 7.84107924e-01, 9.54045715e+02, 6.18499084e+02,
       8.17583203e-01, 1.03065515e+03, 6.86212402e+02, 7.77372420e-01,
       8.36348206e+02, 3.89105927e+02, 5.93590319e-01, 9.71768738e+02,
       3.21376404e+02, 7.19776154e-01, 1.11011096e+03, 2.74167114e+02,
       7.23676622e-01, 1.09248914e+03, 5.06720215e+02, 6.20625794e-01,
       1.08068701e+03, 5.53836121e+02, 5.75655997e-01, 1.26020764e+03,
       5.56797791e+02, 1.83952644e-01, 1.33676294e+03, 5.44973816e+02,
       7.82758221e-02, 1.09837183e+03, 4.56589050e+02, 5.69233060e-01,
       1.28378955e+03, 5.03780884e+02, 6.15897179e-01, 1.58395435e+03,
       5.06774750e+02, 5.41474462e-01, 6.86251465e+02, 5.27362549e+02,
       1.18376032e-01, 6.92012634e+02, 5.06679718e+02, 8.38785052e-01,
       0., 0., 0., 7.09750610e+02, 4.59635254e+02, 6.21114314e-01,
       1.70168970e+03, 5.00825409e+02, 2.64221638e-01, 1.69878088e+03,
       4.91994080e+02, 2.59894282e-01, 1.59578943e+03, 5.06730957e+02,
       1.88589826e-01, 0., 0., 0., 0., 0., 0., 0., 0., 0. ]
