%YAML:1.0
---
pose_0: !!opencv-matrix
   rows: 1
   cols: 25
   dt: "3f"
   data: [ 7.42210571e+02, 5.97811157e+02, 8.92361104e-01,
       8.53965149e+02, 5.68499207e+02, 6.40274465e-01, 8.54070129e+02,
       6.36225525e+02, 4.70299721e-01, 9.83540344e+02, 6.92185059e+02,
       5.97091138e-01, 1.11894739e+03, 7.39320984e+02, 7.18863130e-01,
       8.56921326e+02, 4.92058167e+02, 5.83301067e-01, 9.98301514e+02,
       4.59747223e+02, 8.18232059e-01, 1.12488599e+03, 4.39014618e+02,
       7.85923541e-01, 1.11306995e+03, 5.92062988e+02, 5.79622984e-01,
       1.11303833e+03, 6.42058533e+02, 5.83268702e-01, 1.31021265e+03,
       6.45161133e+02, 7.69444823e-01, 1.55453333e+03, 6.68695801e+02,
       6.23827100e-01, 1.11593945e+03, 5.36140442e+02, 5.80747545e-01,
       1.31024573e+03, 5.00805908e+02, 6.22051597e-01, 1.53981189e+03,
       4.74346130e+02, 6.01528168e-01, 7.30383850e+02, 6.03811890e+02,
       7.63454199e-01, 7.33379517e+02, 5.74388184e+02, 8.21583748e-01,
       0., 0., 0., 7.48153503e+02, 5.36194031e+02, 5.94678879e-01,
       1.63389270e+03, 4.50797455e+02, 5.39072514e-01, 1.62805579e+03,
       4.42009521e+02, 5.12989163e-01, 1.56340588e+03, 4.71437714e+02,
       2.68055737e-01, 1.63101855e+03, 6.71575928e+02, 4.38013762e-01,
       1.61643347e+03, 6.86252014e+02, 4.00978595e-01, 1.57811169e+03,
       6.62682800e+02, 3.35123986e-01 ]
