%YAML:1.0
---
pose_0: !!opencv-matrix
   rows: 1
   cols: 25
   dt: "3f"
   data: [ 7.59908020e+02, 5.83239258e+02, 8.47446561e-01,
       8.59888428e+02, 5.86206116e+02, 7.29726732e-01, 8.56904358e+02,
       6.45141052e+02, 6.34484351e-01, 9.30590454e+02, 6.80424866e+02,
       2.69287854e-01, 9.98259827e+02, 7.06868042e+02, 5.25895834e-01,
       8.77604553e+02, 5.21457947e+02, 6.85513258e-01, 1.00129102e+03,
       4.80288208e+02, 8.20146322e-01, 1.10134131e+03, 4.71463867e+02,
       7.19335496e-01, 1.11592273e+03, 5.94980957e+02, 6.36621296e-01,
       1.11010803e+03, 6.36199402e+02, 5.90078413e-01, 1.30434583e+03,
       6.47990051e+02, 4.80408847e-01, 1.50741650e+03, 6.09743103e+02,
       3.52395713e-01, 1.11898792e+03, 5.47902771e+02, 6.18431449e-01,
       1.28379651e+03, 5.83295410e+02, 7.55938292e-01, 1.53393311e+03,
       5.94971130e+02, 4.73946512e-01, 7.42213562e+02, 5.97923096e+02,
       8.15081239e-01, 7.45226868e+02, 5.68476624e+02, 7.95960903e-01,
       7.62715515e+02, 6.18596375e+02, 3.05445343e-01, 7.68712036e+02,
       5.36197021e+02, 6.04965866e-01, 1.56926917e+03, 6.59728333e+02,
       7.35488832e-02, 0., 0., 0., 1.54866748e+03, 5.77397522e+02,
       2.88937420e-01, 0., 0., 0., 0., 0., 0., 1.53983618e+03,
       5.56882080e+02, 1.22666769e-01 ]
