%YAML:1.0
---
pose_0: !!opencv-matrix
   rows: 1
   cols: 25
   dt: "3f"
   data: [ 7.45100769e+02, 3.15364075e+02, 7.03905046e-01,
       8.12839355e+02, 2.32992584e+02, 4.25934047e-01, 8.12871460e+02,
       2.24185913e+02, 2.70375490e-01, 0., 0., 0., 0., 0., 0.,
       8.09957520e+02, 2.50635086e+02, 6.27349317e-01, 9.04204285e+02,
       3.89078674e+02, 7.76991308e-01, 9.77659302e+02, 5.30249207e+02,
       8.46140325e-01, 1.12481140e+03, 2.59527313e+02, 3.02735031e-01,
       0., 0., 0., 0., 0., 0., 0., 0., 0., 0., 0., 0., 0., 0., 0., 0.,
       0., 0., 7.39096863e+02, 3.18299255e+02, 9.36782807e-02,
       7.36231262e+02, 3.00682739e+02, 6.26306653e-01, 0., 0., 0.,
       7.33404968e+02, 2.71264832e+02, 6.08693361e-01, 0., 0., 0., 0.,
       0., 0., 0., 0., 0., 0., 0., 0., 0., 0., 0., 0., 0., 0. ]
