%YAML:1.0
---
pose_0: !!opencv-matrix
   rows: 1
   cols: 25
   dt: "3f"
   data: [ 6.45164307e+02, 4.36130554e+02, 8.87934923e-01,
       7.83348572e+02, 4.33223602e+02, 5.69590449e-01, 7.83370544e+02,
       5.06686554e+02, 4.49686497e-01, 9.54125244e+02, 5.53728943e+02,
       6.12070322e-01, 1.11006152e+03, 6.00834595e+02, 7.75253415e-01,
       7.86439941e+02, 3.44827545e+02, 6.33042991e-01, 9.54014954e+02,
       3.00755493e+02, 7.63311446e-01, 1.10423291e+03, 2.56555206e+02,
       7.54176021e-01, 1.10717346e+03, 4.09596832e+02, 5.47538519e-01,
       1.09830200e+03, 4.59785553e+02, 5.68148732e-01, 1.32782532e+03,
       4.56552551e+02, 6.81184828e-01, 1.65163770e+03, 4.33125336e+02,
       5.45659065e-01, 1.11592078e+03, 3.44934113e+02, 5.26647568e-01,
       1.33676379e+03, 3.41905792e+02, 5.97717226e-01, 1.51622400e+03,
       3.74317230e+02, 5.00194311e-01, 6.30392151e+02, 4.56772522e+02,
       8.33730102e-01, 6.33294739e+02, 4.15550751e+02, 7.87372649e-01,
       6.45158081e+02, 4.83311584e+02, 2.51333714e-01, 6.59750793e+02,
       3.94851868e+02, 5.18513799e-01, 1.59575415e+03, 3.44868103e+02,
       2.59446114e-01, 1.58990417e+03, 3.42006195e+02, 2.92200565e-01,
       1.53687122e+03, 3.91929688e+02, 2.45594129e-01, 1.76643030e+03,
       4.21427551e+02, 3.89228791e-01, 1.75464868e+03, 4.36026001e+02,
       3.58240426e-01, 1.66930103e+03, 4.21397736e+02, 2.69241333e-01 ]
