%YAML:1.0
---
pose_0: !!opencv-matrix
   rows: 1
   cols: 25
   dt: "3f"
   data: [ 7.48149963e+02, 4.33081818e+02, 8.67899358e-01,
       8.59856323e+02, 4.80206299e+02, 7.21350849e-01, 8.57085876e+02,
       5.62657959e+02, 7.00810134e-01, 9.92346069e+02, 5.89174561e+02,
       7.38375127e-01, 1.13367480e+03, 5.97876038e+02, 8.14828455e-01,
       8.56896851e+02, 4.03743286e+02, 6.56235516e-01, 1.00126361e+03,
       3.86061920e+02, 7.78451800e-01, 9.77775330e+02, 3.24300140e+02,
       8.08946788e-01, 1.12195776e+03, 4.74363129e+02, 5.87714016e-01,
       1.11890149e+03, 5.21498352e+02, 6.13147140e-01, 1.28675781e+03,
       5.24342224e+02, 2.93816268e-01, 1.47210876e+03, 5.09783020e+02,
       2.80313343e-01, 1.13071655e+03, 4.18411255e+02, 5.63265741e-01,
       1.34553308e+03, 4.36144836e+02, 6.52566195e-01, 1.59281250e+03,
       4.41988098e+02, 5.47971606e-01, 7.33364990e+02, 4.39068115e+02,
       8.37306678e-01, 7.45097107e+02, 4.09697906e+02, 8.81631255e-01,
       7.39304810e+02, 4.71448090e+02, 7.02475071e-01, 7.77507202e+02,
       3.94885162e+02, 5.30409336e-01, 1.65168811e+03, 4.09577301e+02,
       3.86569798e-01, 1.64279163e+03, 4.09579224e+02, 4.54146743e-01,
       1.63401245e+03, 4.53672607e+02, 3.21139187e-01, 1.50154907e+03,
       4.89143707e+02, 6.11883476e-02, 0., 0., 0., 1.49569470e+03,
       5.03799866e+02, 1.60302967e-01 ]
