%YAML:1.0
---
pose_0: !!opencv-matrix
   rows: 1
   cols: 25
   dt: "3f"
   data: [ 6.95089722e+02, 4.59730316e+02, 8.96112144e-01,
       8.15859253e+02, 4.80310089e+02, 7.48510659e-01, 8.09894226e+02,
       5.59781921e+02, 7.26754427e-01, 9.07054199e+02, 6.56865356e+02,
       7.22068548e-01, 9.60060425e+02, 6.68467590e+02, 6.94153488e-01,
       8.36290894e+02, 4.00751984e+02, 6.51751935e-01, 9.80570496e+02,
       4.09517029e+02, 5.11434972e-01, 9.54094604e+02, 4.09679871e+02,
       1.01882264e-01, 1.09545276e+03, 4.86165009e+02, 5.22982180e-01,
       1.09830042e+03, 5.33290344e+02, 5.33033133e-01, 1.31321606e+03,
       5.30347168e+02, 6.90182984e-01, 1.60751123e+03, 5.68585083e+02,
       5.05770326e-01, 1.09541211e+03, 4.33178375e+02, 5.12068689e-01,
       1.34558325e+03, 4.36013794e+02, 5.87816000e-01, 1.55749292e+03,
       4.65515503e+02, 5.03821671e-01, 6.83283081e+02, 4.80253265e+02,
       7.55784392e-01, 6.86204712e+02, 4.42029907e+02, 8.01138759e-01,
       7.03958313e+02, 5.03885925e+02, 5.21156192e-01, 7.12773315e+02,
       4.15613892e+02, 6.67065740e-01, 1.62223230e+03, 4.36012878e+02,
       5.38416982e-01, 1.61347437e+03, 4.33185699e+02, 6.07905269e-01,
       1.58984229e+03, 4.86158600e+02, 2.91518360e-01, 1.68999500e+03,
       5.47934265e+02, 5.72084367e-01, 1.68407324e+03, 5.56788513e+02,
       4.83094275e-01, 1.62222742e+03, 5.62648071e+02, 1.98381141e-01 ]
