%YAML:1.0
---
pose_0: !!opencv-matrix
   rows: 1
   cols: 25
   dt: "3f"
   data: [ 6.71614868e+02, 4.56637085e+02, 8.17189276e-01,
       8.12883545e+02, 4.62600403e+02, 7.51722395e-01, 8.04043823e+02,
       5.50762146e+02, 7.27409959e-01, 9.01158081e+02, 6.39137939e+02,
       7.30452955e-01, 9.57042725e+02, 6.36223328e+02, 6.67101741e-01,
       8.30495850e+02, 3.85995453e+02, 6.42835498e-01, 9.98165161e+02,
       3.65446747e+02, 8.65380704e-01, 8.95204773e+02, 3.65335632e+02,
       8.22019756e-01, 1.11008948e+03, 4.80171417e+02, 5.92582762e-01,
       1.09832593e+03, 5.27347961e+02, 6.26113057e-01, 1.32205164e+03,
       5.33185547e+02, 7.23852396e-01, 1.58988416e+03, 5.68530151e+02,
       6.23929799e-01, 1.11887732e+03, 4.21373932e+02, 5.29899895e-01,
       1.34260803e+03, 4.24309662e+02, 5.35545528e-01, 1.56336182e+03,
       4.36055878e+02, 4.69121248e-01, 6.56879395e+02, 4.68442230e+02,
       6.73198998e-01, 6.62668091e+02, 4.33222198e+02, 7.96741486e-01,
       6.77448303e+02, 4.83297180e+02, 4.01035160e-01, 6.92088074e+02,
       4.06645050e+02, 5.55981696e-01, 1.63987671e+03, 4.12562988e+02,
       4.65647817e-01, 1.63689038e+03, 4.12466797e+02, 5.08909643e-01,
       1.62805042e+03, 4.50850189e+02, 2.29561031e-01, 1.69878088e+03,
       5.36172302e+02, 4.59399998e-01, 1.68695618e+03, 5.50900879e+02,
       3.63652289e-01, 1.61342712e+03, 5.71435730e+02, 3.84603709e-01 ]
