%YAML:1.0
---
pose_0: !!opencv-matrix
   rows: 1
   cols: 25
   dt: "3f"
   data: [ 7.45243652e+02, 3.38999939e+02, 8.36581767e-01,
       8.56952820e+02, 3.47763062e+02, 7.44158030e-01, 8.48121643e+02,
       4.15575623e+02, 6.33391082e-01, 8.09806763e+02, 4.71424011e+02,
       2.79236466e-01, 0., 0., 0., 8.62925659e+02, 2.62448456e+02,
       6.04798794e-01, 9.01157959e+02, 1.44711182e+02, 4.73602474e-01,
       0., 0., 0., 1.12194507e+03, 3.59605103e+02, 5.74118316e-01,
       1.12194666e+03, 4.06642975e+02, 5.71222723e-01, 1.33080408e+03,
       4.24340118e+02, 7.16654480e-01, 1.54867542e+03, 4.50867035e+02,
       6.03267550e-01, 1.12486145e+03, 3.09531647e+02, 5.40553570e-01,
       1.32785876e+03, 2.97821716e+02, 5.42370796e-01, 1.56924353e+03,
       2.97775574e+02, 6.29733562e-01, 7.39165833e+02, 3.56661194e+02,
       7.36777425e-01, 7.39148315e+02, 3.21265289e+02, 7.74368584e-01,
       7.59846802e+02, 3.80214844e+02, 4.96293396e-01, 7.62664063e+02,
       3.00713684e+02, 3.01399648e-01, 1.63988171e+03, 2.68325623e+02,
       5.40346444e-01, 1.63403894e+03, 2.68254700e+02, 5.69298625e-01,
       1.59864856e+03, 3.15377594e+02, 2.83723354e-01, 1.60748511e+03,
       4.53691345e+02, 4.56098974e-01, 1.59866333e+03, 4.59679382e+02,
       4.36853290e-01, 1.58103845e+03, 4.36173706e+02, 3.80196959e-01 ]
