%YAML:1.0
---
pose_0: !!opencv-matrix
   rows: 2
   cols: 25
   dt: "3f"
   data: [ 7.56932129e+02, 4.50853668e+02, 5.76516509e-01,
       8.12815857e+02, 5.09692169e+02, 4.68998134e-01, 8.39371033e+02,
       5.47907532e+02, 6.53659523e-01, 9.71773254e+02, 6.00900696e+02,
       8.14311922e-01, 1.11586853e+03, 6.03909119e+02, 7.90069520e-01,
       8.15748596e+02, 4.77267639e+02, 2.37268567e-01, 0., 0., 0., 0.,
       0., 0., 1.12485388e+03, 5.06789703e+02, 5.99242449e-01,
       1.11892432e+03, 5.47895874e+02, 5.18613696e-01, 1.33085754e+03,
       4.80190948e+02, 8.40946794e-01, 1.51328516e+03, 5.95023010e+02,
       5.73192000e-01, 1.13361145e+03, 4.71376740e+02, 5.60046554e-01,
       1.33970667e+03, 4.59678955e+02, 4.29502636e-01, 1.52802771e+03,
       5.30186768e+02, 5.91515779e-01, 7.42124146e+02, 4.59709656e+02,
       3.97748917e-01, 7.42290039e+02, 4.47852264e+02, 1.49004698e-01,
       7.56916565e+02, 4.86123291e+02, 2.38555104e-01, 0., 0., 0.,
       1.60164539e+03, 4.62662354e+02, 4.59740192e-01, 1.60157092e+03,
       4.65547180e+02, 3.74687195e-01, 1.54867273e+03, 5.44954102e+02,
       1.96778148e-01, 1.59570996e+03, 5.36147827e+02, 2.82167166e-01,
       1.59284558e+03, 5.50945374e+02, 2.42012978e-01, 1.51624561e+03,
       6.21574829e+02, 4.48935032e-01, 0., 0., 0., 0., 0., 0., 0., 0.,
       0., 0., 0., 0., 0., 0., 0., 9.27625000e+02, 4.68494141e+02,
       1.56641126e-01, 1.06006958e+03, 4.39088440e+02, 6.24920070e-01,
       1.13966235e+03, 3.83109680e+02, 7.90031672e-01, 0., 0., 0., 0.,
       0., 0., 0., 0., 0., 0., 0., 0., 0., 0., 0., 0., 0., 0., 0., 0.,
       0., 0., 0., 0., 0., 0., 0., 0., 0., 0., 0., 0., 0., 0., 0., 0.,
       0., 0., 0., 0., 0., 0., 0., 0., 0., 0., 0., 0., 0., 0., 0. ]
