%YAML:1.0
---
pose_0: !!opencv-matrix
   rows: 1
   cols: 25
   dt: "3f"
   data: [ 7.50998413e+02, 4.77243195e+02, 5.47869563e-01,
       7.95224792e+02, 5.50904114e+02, 5.81526279e-01, 8.27533813e+02,
       5.62646179e+02, 6.52122200e-01, 9.59999451e+02, 5.33228333e+02,
       7.66427159e-01, 8.80585693e+02, 4.15523224e+02, 7.06657350e-01,
       7.42211914e+02, 5.50959656e+02, 2.44276792e-01, 9.80646912e+02,
       4.62587646e+02, 1.95248544e-01, 9.54108948e+02, 4.18460846e+02,
       2.76989698e-01, 1.09242847e+03, 5.59759094e+02, 4.87352967e-01,
       1.07775684e+03, 5.89166626e+02, 4.40092951e-01, 1.33966992e+03,
       5.09693146e+02, 6.83044612e-01, 1.60165967e+03, 6.95073242e+02,
       5.72548985e-01, 1.10126575e+03, 5.30357117e+02, 3.68265152e-01,
       1.36029517e+03, 4.94946350e+02, 4.06224847e-01, 1.57221875e+03,
       5.77307007e+02, 3.65502894e-01, 7.39170105e+02, 4.83219574e+02,
       4.23940331e-01, 0., 0., 0., 7.45221375e+02, 5.09689240e+02,
       4.16483074e-01, 0., 0., 0., 1.70756470e+03, 5.92090759e+02,
       3.53496581e-01, 1.70469043e+03, 5.92084045e+02, 3.44901532e-01,
       1.62223730e+03, 6.48037842e+02, 2.25904599e-01, 1.65762500e+03,
       7.18761414e+02, 4.43427026e-01, 1.63694519e+03, 7.36276184e+02,
       4.58928138e-01, 1.61632483e+03, 7.12746338e+02, 3.37422431e-01 ]
