%YAML:1.0
---
pose_0: !!opencv-matrix
   rows: 1
   cols: 25
   dt: "3f"
   data: [ 6.27379456e+02, 3.97848694e+02, 8.07000518e-01,
       7.80463074e+02, 4.00788818e+02, 6.00812852e-01, 8.01082520e+02,
       4.94992493e+02, 5.56547225e-01, 9.54060364e+02, 5.21432373e+02,
       6.57010019e-01, 1.11303552e+03, 5.56873230e+02, 8.01096082e-01,
       7.89214661e+02, 2.91931915e+02, 6.57176018e-01, 9.51048035e+02,
       2.50732605e+02, 7.08588541e-01, 1.11608740e+03, 2.00712097e+02,
       8.56895506e-01, 1.11601477e+03, 3.62486847e+02, 4.64680940e-01,
       1.11006335e+03, 4.15515076e+02, 4.41435665e-01, 1.35149683e+03,
       4.12491486e+02, 5.84855556e-01, 1.65456750e+03, 3.50776917e+02,
       5.38504958e-01, 1.11889050e+03, 2.94937347e+02, 4.41570282e-01,
       1.38679565e+03, 2.77211365e+02, 5.04326403e-01, 1.52805078e+03,
       3.38957336e+02, 1.46672815e-01, 6.18539185e+02, 4.15497559e+02,
       8.12279522e-01, 6.18595642e+02, 3.80114380e+02, 8.18889260e-01,
       6.39160950e+02, 4.36227783e+02, 1.88008875e-01, 6.44981079e+02,
       3.42055664e+02, 4.88084942e-01, 1.60752490e+03, 2.91767548e+02,
       8.37830305e-02, 1.59867224e+03, 2.91815552e+02, 9.22422260e-02,
       1.54271838e+03, 3.42024536e+02, 5.69943115e-02, 1.77536145e+03,
       3.27221252e+02, 3.15188140e-01, 1.76933618e+03, 3.38943878e+02,
       2.41081759e-01, 1.66347681e+03, 3.38997162e+02, 3.18080246e-01 ]
