%YAML:1.0
---
pose_0: !!opencv-matrix
   rows: 1
   cols: 25
   dt: "3f"
   data: [ 7.68762085e+02, 4.80132202e+02, 8.65486741e-01,
       8.83544739e+02, 4.94977081e+02, 7.06696928e-01, 8.62982544e+02,
       5.42081787e+02, 7.85756648e-01, 9.51126099e+02, 3.68441528e+02,
       3.97100747e-01, 9.92401794e+02, 2.65287170e+02, 7.57330894e-01,
       9.27587219e+02, 4.36211761e+02, 3.68099123e-01, 1.04822620e+03,
       4.09610291e+02, 8.13625395e-01, 1.16614941e+03, 3.65446930e+02,
       8.39769423e-01, 1.13067395e+03, 4.89100189e+02, 6.13369286e-01,
       1.13070349e+03, 5.33210083e+02, 6.08166635e-01, 1.34846216e+03,
       5.86204468e+02, 6.66363537e-01, 1.53973730e+03, 6.53907654e+02,
       6.38077557e-01, 1.13360718e+03, 4.44959045e+02, 6.14916086e-01,
       1.28084851e+03, 3.77239441e+02, 7.11357713e-01, 1.48978284e+03,
       3.71310791e+02, 6.47493005e-01, 7.59818542e+02, 4.89099701e+02,
       8.09765875e-01, 7.62768127e+02, 4.59647766e+02, 8.92492294e-01,
       7.77533203e+02, 5.09749329e+02, 4.66678232e-01, 7.83325317e+02,
       4.44906921e+02, 3.76547426e-01, 1.56929688e+03, 3.03659180e+02,
       3.64362478e-01, 1.56625757e+03, 3.06640137e+02, 3.55420679e-01,
       1.51632568e+03, 3.86039642e+02, 4.53508496e-01, 1.61036011e+03,
       6.39133423e+02, 5.80196083e-01, 1.59575037e+03, 6.50941589e+02,
       5.33019483e-01, 1.54870593e+03, 6.71677612e+02, 4.52557176e-01 ]
