%YAML:1.0
---
pose_0: !!opencv-matrix
   rows: 1
   cols: 25
   dt: "3f"
   data: [ 7.92200928e+02, 5.30406921e+02, 4.28694040e-01,
       8.80474976e+02, 4.53676392e+02, 4.29022610e-01, 8.68772278e+02,
       4.42018585e+02, 2.35734090e-01, 0., 0., 0., 0., 0., 0.,
       8.92341125e+02, 4.53795807e+02, 5.75660229e-01, 1.01585321e+03,
       4.71422211e+02, 6.94174767e-01, 1.09554309e+03, 5.86168274e+02,
       7.17571139e-01, 1.16605396e+03, 3.91974762e+02, 4.09880280e-01,
       1.18655872e+03, 3.68392853e+02, 3.03577393e-01, 1.36617114e+03,
       5.06801147e+02, 5.87268054e-01, 1.58394177e+03, 4.06638214e+02,
       3.32219094e-01, 1.16307373e+03, 4.12518646e+02, 3.75329703e-01,
       1.35433594e+03, 5.30205444e+02, 6.61303937e-01, 1.63694031e+03,
       4.12501007e+02, 5.04686534e-01, 7.65863098e+02, 5.30194702e+02,
       1.07896455e-01, 7.80420959e+02, 5.18504761e+02, 3.81531388e-01,
       0., 0., 0., 7.89373718e+02, 4.68442322e+02, 4.48674649e-01,
       1.69577771e+03, 3.65451721e+02, 3.10901433e-01, 1.69283301e+03,
       3.65518738e+02, 3.09479535e-01, 1.67513928e+03, 4.06684784e+02,
       1.87431291e-01, 0., 0., 0., 0., 0., 0., 1.58990967e+03,
       3.62602356e+02, 2.00571269e-01 ]
