%YAML:1.0
---
pose_0: !!opencv-matrix
   rows: 1
   cols: 25
   dt: "3f"
   data: [ 7.24569275e+02, 4.44957428e+02, 7.22399712e-01,
       8.39330139e+02, 4.15577332e+02, 6.15199327e-01, 8.57014526e+02,
       5.00885101e+02, 3.66801828e-01, 9.74621826e+02, 5.68544067e+02,
       5.85421443e-01, 9.24708679e+02, 5.59756653e+02, 4.66409832e-01,
       8.33359680e+02, 3.38954071e+02, 5.97798586e-01, 9.62919617e+02,
       3.12434418e+02, 4.58157420e-01, 1.06294751e+03, 3.18275848e+02,
       7.15795457e-01, 1.13360779e+03, 4.53700195e+02, 4.60858196e-01,
       1.12481982e+03, 5.03757629e+02, 4.25123930e-01, 1.19255273e+03,
       5.47871155e+02, 9.03756917e-02, 0., 0., 0., 1.14246692e+03,
       4.00751984e+02, 4.69419718e-01, 1.33970154e+03, 4.30192047e+02,
       4.83273864e-01, 1.58983887e+03, 4.12629364e+02, 2.90928692e-01,
       7.12801880e+02, 4.56685272e+02, 7.20341265e-01, 7.15716492e+02,
       4.24303864e+02, 7.53907919e-01, 7.39158203e+02, 4.71447021e+02,
       7.87451565e-02, 7.39283203e+02, 3.86091553e+02, 6.19920313e-01,
       1.66048254e+03, 3.65397919e+02, 2.03328386e-01, 1.65754248e+03,
       3.65415527e+02, 2.15183780e-01, 1.62808130e+03, 4.33118896e+02,
       1.76953986e-01, 0., 0., 0., 0., 0., 0., 0., 0., 0. ]
