%YAML:1.0
---
pose_0: !!opencv-matrix
   rows: 1
   cols: 25
   dt: "3f"
   data: [ 6.97992798e+02, 5.00858826e+02, 8.42601180e-01,
       8.12878174e+02, 4.50832764e+02, 7.14758277e-01, 8.36438171e+02,
       5.21494873e+02, 5.01615226e-01, 9.74773804e+02, 5.98088928e+02,
       8.18834782e-01, 1.02183887e+03, 7.51054932e+02, 7.01258302e-01,
       8.01056946e+02, 3.86020935e+02, 6.98140264e-01, 8.59982300e+02,
       3.12435120e+02, 8.07056248e-01, 9.01188354e+02, 2.12432434e+02,
       7.63312340e-01, 1.10131445e+03, 4.36161530e+02, 4.91252959e-01,
       1.09836194e+03, 4.86094299e+02, 4.93458837e-01, 1.33080103e+03,
       5.62618042e+02, 7.64191985e-01, 1.50153809e+03, 4.80160614e+02,
       3.54653180e-01, 1.11009399e+03, 3.86136017e+02, 4.40460831e-01,
       1.33971729e+03, 4.36243011e+02, 7.07578599e-01, 1.56923242e+03,
       4.18487579e+02, 3.07983160e-01, 6.89164673e+02, 5.06669067e+02,
       5.21697283e-01, 6.89141541e+02, 4.80181366e+02, 8.08407426e-01,
       0., 0., 0., 7.12670532e+02, 4.27240845e+02, 6.22461438e-01, 0.,
       0., 0., 0., 0., 0., 0., 0., 0., 1.53969373e+03, 4.74383514e+02,
       9.22898203e-02, 0., 0., 0., 1.52214905e+03, 4.71407318e+02,
       1.51263088e-01 ]
