%YAML:1.0
---
pose_0: !!opencv-matrix
   rows: 1
   cols: 25
   dt: "3f"
   data: [ 7.62874939e+02, 5.27431091e+02, 8.80100667e-01,
       8.80420532e+02, 5.30219910e+02, 7.69122303e-01, 8.77558838e+02,
       5.80353088e+02, 7.45565653e-01, 9.74689758e+02, 6.45130737e+02,
       7.39058495e-01, 8.45168396e+02, 7.01061584e+02, 7.16664076e-01,
       8.71736755e+02, 4.71424744e+02, 6.08853221e-01, 9.71734985e+02,
       4.36004181e+02, 8.19733858e-01, 9.04172241e+02, 5.36230408e+02,
       8.45068812e-01, 1.13360425e+03, 5.33303955e+02, 6.05217695e-01,
       1.12184656e+03, 5.77515442e+02, 6.21322513e-01, 1.31324707e+03,
       6.06785767e+02, 7.39759088e-01, 1.51628796e+03, 6.21445007e+02,
       6.76069379e-01, 1.13959937e+03, 4.83193298e+02, 6.15958869e-01,
       1.34841833e+03, 4.56591522e+02, 6.05324209e-01, 1.52808484e+03,
       4.12650238e+02, 5.98132789e-01, 7.48077454e+02, 5.36234436e+02,
       7.41451502e-01, 7.56942932e+02, 5.06766174e+02, 8.03621829e-01,
       7.62871521e+02, 5.53990051e+02, 1.83486342e-01, 7.86264832e+02,
       4.83303864e+02, 6.25996947e-01, 1.60752087e+03, 3.88953369e+02,
       4.34469551e-01, 1.60159985e+03, 3.86014893e+02, 4.60107684e-01,
       1.57512305e+03, 4.18450195e+02, 1.90062523e-01, 1.57511084e+03,
       6.74490723e+02, 5.49607635e-01, 1.57221790e+03, 6.71520020e+02,
       4.96638209e-01, 1.54572534e+03, 6.00845215e+02, 4.88463938e-01 ]
