%YAML:1.0
---
pose_0: !!opencv-matrix
   rows: 1
   cols: 25
   dt: "3f"
   data: [ 0., 0., 0., 8.45221680e+02, 5.09727875e+02, 4.73568201e-01,
       8.51125000e+02, 5.03872955e+02, 4.83019590e-01, 9.54198059e+02,
       4.36200043e+02, 5.14003575e-01, 8.36468384e+02, 3.83180176e+02,
       6.19709313e-01, 8.33536499e+02, 5.24327026e+02, 4.61449623e-01,
       9.54223022e+02, 4.44939117e+02, 3.89384300e-01, 8.39323059e+02,
       3.86003479e+02, 1.87344149e-01, 1.17484888e+03, 4.86181000e+02,
       3.29698682e-01, 1.17779565e+03, 5.09702271e+02, 2.63728350e-01,
       1.33389209e+03, 4.86171814e+02, 7.21798778e-01, 1.58394360e+03,
       6.33274231e+02, 5.35021901e-01, 1.16896997e+03, 4.59665192e+02,
       2.82270402e-01, 1.35441907e+03, 4.36040649e+02, 6.78492785e-01,
       1.56924243e+03, 5.06833405e+02, 5.62593460e-01, 0., 0., 0., 0.,
       0., 0., 8.09906067e+02, 5.09695190e+02, 7.71068409e-02, 0., 0.,
       0., 1.70451306e+03, 5.36175232e+02, 3.99919033e-01,
       1.70159412e+03, 5.33287354e+02, 3.93367171e-01, 1.58695105e+03,
       5.39111145e+02, 2.58840054e-01, 1.63700269e+03, 6.68587952e+02,
       3.51155847e-01, 1.61926917e+03, 6.74561035e+02, 3.96832883e-01,
       1.61048584e+03, 6.47972656e+02, 2.92105556e-01 ]
