%YAML:1.0
---
pose_0: !!opencv-matrix
   rows: 1
   cols: 25
   dt: "3f"
   data: [ 8.09904663e+02, 3.30186462e+02, 7.12163031e-01,
       9.09978455e+02, 3.27195374e+02, 5.98961234e-01, 8.86386597e+02,
       4.09570557e+02, 6.04937732e-01, 7.71689636e+02, 5.06710358e+02,
       7.00946808e-01, 6.62716492e+02, 5.86177612e+02, 6.69477046e-01,
       9.30529724e+02, 2.47824509e+02, 3.92756760e-01, 1.08656689e+03,
       2.18270523e+02, 2.54723608e-01, 1.18074817e+03, 2.03656448e+02,
       1.26894802e-01, 1.18364001e+03, 3.27240265e+02, 5.54356933e-01,
       1.17485620e+03, 3.80222748e+02, 5.59466660e-01, 1.35150342e+03,
       4.83162323e+02, 4.30404097e-01, 1.51922156e+03, 6.47990845e+02,
       4.81506288e-01, 1.18668213e+03, 2.71238251e+02, 5.10394394e-01,
       1.39554163e+03, 2.18314438e+02, 5.58335781e-01, 1.56338123e+03,
       1.29935776e+02, 2.05164462e-01, 7.92300720e+02, 3.42047852e+02,
       6.86020792e-01, 7.92230164e+02, 3.12523315e+02, 6.92672372e-01,
       8.12862244e+02, 3.65610657e+02, 5.05683362e-01, 8.15741028e+02,
       2.77172729e+02, 5.01302421e-01, 1.61044775e+03, 1.15282471e+02,
       1.10437982e-01, 0., 0., 0., 1.58692859e+03, 1.09411522e+02,
       1.73843235e-01, 1.60743848e+03, 6.74573547e+02, 4.05282825e-01,
       1.59280591e+03, 6.86265503e+02, 3.67197216e-01, 1.53394189e+03,
       6.77424805e+02, 3.87374878e-01 ]
