%YAML:1.0
---
pose_0: !!opencv-matrix
   rows: 1
   cols: 25
   dt: "3f"
   data: [ 8.01080261e+02, 4.56723938e+02, 1.30025029e-01,
       8.30450378e+02, 5.27267883e+02, 4.00884509e-01, 8.39366150e+02,
       5.59711243e+02, 3.62333328e-01, 9.54121826e+02, 5.65563721e+02,
       6.36708498e-01, 9.39447693e+02, 4.09517395e+02, 7.96738565e-01,
       8.03995056e+02, 4.94976959e+02, 1.82573795e-01, 8.42295593e+02,
       4.80347290e+02, 1.19241759e-01, 0., 0., 0., 1.12483289e+03,
       4.68516022e+02, 4.22252536e-01, 1.13954871e+03, 5.18461670e+02,
       4.36713070e-01, 1.35149109e+03, 5.83275085e+02, 6.07485712e-01,
       1.51924719e+03, 6.92207703e+02, 5.49138844e-01, 1.11899634e+03,
       4.15531647e+02, 4.43051368e-01, 1.33376929e+03, 3.56570923e+02,
       4.44327950e-01, 1.56923108e+03, 3.06582428e+02, 3.96512061e-01,
       7.89376099e+02, 4.56739655e+02, 1.00958176e-01, 0., 0., 0.,
       7.89260193e+02, 4.68453247e+02, 1.35883316e-01, 0., 0., 0.,
       1.65168445e+03, 2.68316498e+02, 1.91560537e-01, 1.65169897e+03,
       2.68252411e+02, 1.85582548e-01, 0., 0., 0., 1.61039270e+03,
       7.18637512e+02, 6.05810523e-01, 1.58994641e+03, 7.24542908e+02,
       5.48262775e-01, 1.53977063e+03, 7.03942627e+02, 3.64865839e-01 ]
