%YAML:1.0
---
pose_0: !!opencv-matrix
   rows: 1
   cols: 25
   dt: "3f"
   data: [ 7.45124939e+02, 4.33132050e+02, 8.70805740e-01,
       8.74576355e+02, 4.44969147e+02, 6.72816634e-01, 8.74585205e+02,
       5.24301025e+02, 7.28708029e-01, 9.83546082e+02, 5.77478455e+02,
       8.31695199e-01, 1.06002161e+03, 6.50921570e+02, 8.29681814e-01,
       8.68752258e+02, 3.74308929e+02, 5.59410214e-01, 1.01888617e+03,
       3.41933289e+02, 8.26348782e-01, 1.06878455e+03, 2.74277740e+02,
       7.71067977e-01, 1.13959497e+03, 4.50773560e+02, 5.82846105e-01,
       1.13662183e+03, 5.00791382e+02, 5.90004146e-01, 1.35153345e+03,
       5.27316406e+02, 7.40413487e-01, 1.56033997e+03, 5.74447693e+02,
       6.59350753e-01, 1.14247522e+03, 3.92032135e+02, 5.77151775e-01,
       1.35436560e+03, 3.44917969e+02, 5.20677984e-01, 1.57512073e+03,
       3.00746765e+02, 5.30368268e-01, 7.30446716e+02, 4.39119873e+02,
       7.83481359e-01, 7.39182922e+02, 4.12446259e+02, 8.99717867e-01,
       7.45227905e+02, 4.62576782e+02, 4.59180623e-01, 7.62726868e+02,
       3.88925629e+02, 6.22036457e-01, 1.64575586e+03, 2.68360657e+02,
       5.23329139e-01, 1.63987366e+03, 2.68307739e+02, 5.20969510e-01,
       1.61632764e+03, 3.12457855e+02, 2.18471602e-01, 1.61056458e+03,
       6.18570007e+02, 3.58210951e-01, 1.61352234e+03, 6.06863586e+02,
       3.87312591e-01, 1.58699878e+03, 5.56775635e+02, 4.55206454e-01 ]
