%YAML:1.0
---
pose_0: !!opencv-matrix
   rows: 1
   cols: 25
   dt: "3f"
   data: [ 8.15812683e+02, 5.09701233e+02, 8.13249350e-01,
       9.09972534e+02, 5.21391907e+02, 7.65912592e-01, 9.01056702e+02,
       5.92092041e+02, 6.76611364e-01, 8.03972351e+02, 6.71698364e+02,
       8.30698907e-01, 7.74594238e+02, 6.01002563e+02, 5.11195838e-01,
       9.24701599e+02, 4.47853424e+02, 7.12764919e-01, 9.12915283e+02,
       3.41860199e+02, 7.72171259e-01, 8.83470581e+02, 2.09467514e+02,
       7.86180496e-01, 1.16609631e+03, 5.24421143e+02, 5.99136651e-01,
       1.16606750e+03, 5.71452881e+02, 6.32866144e-01, 1.35440759e+03,
       6.47907532e+02, 7.86361098e-01, 1.53392700e+03, 6.48012085e+02,
       6.67942822e-01, 1.16608044e+03, 4.77244446e+02, 5.80149829e-01,
       1.37488721e+03, 4.83244141e+02, 8.09334576e-01, 1.56624329e+03,
       4.36227600e+02, 6.78025365e-01, 8.03985901e+02, 5.27224060e+02,
       7.53946006e-01, 8.09969788e+02, 4.89081451e+02, 7.38109589e-01,
       8.21653748e+02, 5.50965759e+02, 5.58125496e-01, 8.42236206e+02,
       4.62631989e+02, 3.97513300e-01, 1.62225220e+03, 4.59698212e+02,
       2.92410016e-01, 1.61642883e+03, 4.47832550e+02, 3.36339474e-01,
       1.58692908e+03, 4.15575439e+02, 3.40862781e-01, 1.58105603e+03,
       6.98020752e+02, 4.30653006e-01, 1.58398633e+03, 6.95030640e+02,
       3.97477806e-01, 1.56328320e+03, 6.30337402e+02, 4.98616487e-01 ]
