%YAML:1.0
---
pose_0: !!opencv-matrix
   rows: 1
   cols: 25
   dt: "3f"
   data: [ 5.97815002e+02, 6.48073608e+02, 8.84112358e-01,
       7.18648499e+02, 6.48117493e+02, 5.45291960e-01, 7.33361450e+02,
       7.21621216e+02, 2.98826039e-01, 9.06983887e+02, 8.30502441e+02,
       7.14668632e-01, 7.65861328e+02, 7.86410828e+02, 8.21773291e-01,
       7.15678772e+02, 5.80300232e+02, 5.79953671e-01, 9.07119507e+02,
       4.89096252e+02, 7.93806851e-01, 7.54007996e+02, 5.03908966e+02,
       8.04511487e-01, 1.07483398e+03, 6.09754395e+02, 4.48615700e-01,
       1.06884949e+03, 6.71614563e+02, 4.58898038e-01, 1.33081177e+03,
       7.21652039e+02, 5.88458657e-01, 1.61632605e+03, 7.98156189e+02,
       4.00568783e-01, 1.07772290e+03, 5.47894775e+02, 4.10488695e-01,
       1.33676343e+03, 5.09755554e+02, 4.50895458e-01, 1.61928540e+03,
       5.03731750e+02, 5.30255973e-01, 5.68596863e+02, 6.68524658e+02,
       8.41946483e-01, 5.80376526e+02, 6.21530090e+02, 8.78704727e-01,
       5.80299500e+02, 6.95043274e+02, 2.44627714e-01, 6.06824768e+02,
       5.95003540e+02, 5.01228631e-01, 1.70474390e+03, 5.03820251e+02,
       3.63446832e-01, 1.70465845e+03, 4.97887726e+02, 3.95324618e-01,
       1.65457666e+03, 5.06705597e+02, 2.26911232e-01, 1.75458264e+03,
       8.12808533e+02, 7.19923154e-02, 0., 0., 0., 1.70464404e+03,
       8.18718689e+02, 1.16216347e-01 ]
