%YAML:1.0
---
pose_0: !!opencv-matrix
   rows: 2
   cols: 25
   dt: "3f"
   data: [ 0., 0., 0., 0., 0., 0., 8.12914185e+02, 5.95055786e+02,
       8.02428126e-02, 8.03946533e+02, 6.80360779e+02, 4.86019164e-01,
       6.48066345e+02, 6.42151733e+02, 5.73422134e-01, 0., 0., 0., 0.,
       0., 0., 0., 0., 0., 0., 0., 0., 0., 0., 0., 0., 0., 0., 0., 0.,
       0., 0., 0., 0., 0., 0., 0., 0., 0., 0., 0., 0., 0., 0., 0., 0.,
       0., 0., 0., 0., 0., 0., 0., 0., 0., 0., 0., 0., 0., 0., 0., 0.,
       0., 0., 0., 0., 0., 0., 0., 0., 5.42096802e+02, 5.06621948e+02,
       6.96032822e-01, 6.45091675e+02, 5.24396118e+02, 3.21955860e-01,
       6.74550171e+02, 5.80311340e+02, 2.58728892e-01, 0., 0., 0., 0.,
       0., 0., 6.18548889e+02, 4.65541107e+02, 2.38297924e-01, 0., 0.,
       0., 0., 0., 0., 1.04537854e+03, 5.24388428e+02, 4.26978528e-01,
       1.02772742e+03, 5.92049866e+02, 3.80696297e-01, 1.31023657e+03,
       6.68596375e+02, 4.71580595e-01, 1.53983838e+03, 6.68616150e+02,
       1.72176778e-01, 1.05713696e+03, 4.53799988e+02, 4.16364372e-01,
       1.33082141e+03, 4.56672424e+02, 4.16228443e-01, 1.73701001e+03,
       4.83214172e+02, 3.08894843e-01, 5.33227112e+02, 5.24438538e+02,
       5.76124549e-01, 5.30343323e+02, 4.92072510e+02, 5.06309867e-01,
       5.47877563e+02, 5.50858704e+02, 4.95022804e-01, 5.50953003e+02,
       4.80219788e+02, 1.73377976e-01, 1.84900024e+03, 5.00838745e+02,
       1.06571406e-01, 0., 0., 0., 1.75173950e+03, 5.03752716e+02,
       1.41731173e-01, 0., 0., 0., 0., 0., 0., 1.56632056e+03,
       6.65676392e+02, 8.67468789e-02 ]
