%YAML:1.0
---
pose_0: !!opencv-matrix
   rows: 1
   cols: 25
   dt: "3f"
   data: [ 6.21429810e+02, 4.74321198e+02, 8.12429845e-01,
       7.56910034e+02, 4.36127136e+02, 6.81517124e-01, 7.62706787e+02,
       5.24332581e+02, 5.37620604e-01, 9.30506470e+02, 5.86191589e+02,
       6.13886297e-01, 1.08358923e+03, 6.51009338e+02, 7.38259614e-01,
       7.62832581e+02, 3.50773987e+02, 5.31813741e-01, 9.33507568e+02,
       2.94956573e+02, 7.96294689e-01, 1.09242847e+03, 2.38926682e+02,
       8.35509837e-01, 1.07192773e+03, 4.89060638e+02, 5.35095274e-01,
       1.06300049e+03, 5.47919495e+02, 5.17288804e-01, 1.32198511e+03,
       5.50994629e+02, 7.68425465e-01, 1.63696509e+03, 6.00887146e+02,
       5.58948576e-01, 1.08071240e+03, 4.30162445e+02, 5.22513747e-01,
       1.33673547e+03, 4.33040802e+02, 4.61937338e-01, 1.64874060e+03,
       4.36213623e+02, 5.46656132e-01, 6.00875427e+02, 4.83125122e+02,
       7.88311183e-01, 6.00862244e+02, 4.47821411e+02, 7.85593271e-01,
       0., 0., 0., 6.21477417e+02, 3.97882935e+02, 6.01508260e-01,
       1.73122668e+03, 4.80254730e+02, 2.39630029e-01, 1.72521509e+03,
       4.24343353e+02, 2.86371589e-01, 1.69873474e+03, 4.68463715e+02,
       1.43251076e-01, 1.73408740e+03, 5.71482056e+02, 2.02728659e-01,
       1.72519604e+03, 5.89170471e+02, 1.38715655e-01, 1.66043994e+03,
       5.89176147e+02, 2.79995650e-01 ]
