%YAML:1.0
---
pose_0: !!opencv-matrix
   rows: 1
   cols: 25
   dt: "3f"
   data: [ 7.00987244e+02, 5.98070129e+02, 8.80464613e-01,
       8.09951721e+02, 5.83277039e+02, 7.19271839e-01, 7.89374573e+02,
       6.45038940e+02, 5.45845032e-01, 9.68866455e+02, 6.45045288e+02,
       2.23426864e-01, 1.04241296e+03, 7.15605957e+02, 5.32713771e-01,
       8.30479858e+02, 5.24390686e+02, 7.30496466e-01, 9.68810669e+02,
       5.03758514e+02, 7.70868778e-01, 1.11011060e+03, 4.92058472e+02,
       7.56384492e-01, 1.09832214e+03, 6.27370300e+02, 5.54337263e-01,
       1.09238013e+03, 6.71638916e+02, 5.72498679e-01, 1.29851013e+03,
       7.33335754e+02, 5.78506410e-01, 1.38095313e+03, 6.68563416e+02,
       2.75514543e-01, 1.10717078e+03, 5.74506226e+02, 4.94773388e-01,
       1.33082861e+03, 6.65695923e+02, 6.46129608e-01, 1.57514148e+03,
       6.71520691e+02, 6.31832838e-01, 6.89134399e+02, 6.06784607e+02,
       8.24514627e-01, 6.92195129e+02, 5.77354919e+02, 8.89371037e-01,
       6.98078613e+02, 6.24563843e+02, 2.65863538e-01, 7.12767212e+02,
       5.50909607e+02, 5.98158002e-01, 1.63993225e+03, 6.39211426e+02,
       5.49963772e-01, 1.63687512e+03, 6.36258484e+02, 5.39937854e-01,
       1.59279102e+03, 6.89201050e+02, 2.98038065e-01, 0., 0., 0., 0.,
       0., 0., 0., 0., 0. ]
