%YAML:1.0
---
pose_0: !!opencv-matrix
   rows: 1
   cols: 25
   dt: "3f"
   data: [ 7.48088501e+02, 3.62481842e+02, 8.55572462e-01,
       8.74691284e+02, 4.00786774e+02, 6.98697448e-01, 8.59891846e+02,
       4.83238556e+02, 8.00938308e-01, 9.98334534e+02, 5.18546753e+02,
       8.50754559e-01, 1.06593323e+03, 4.36149963e+02, 9.04775560e-01,
       8.89311157e+02, 3.18392639e+02, 6.90843225e-01, 1.02766687e+03,
       2.71389618e+02, 7.82579839e-01, 1.15422815e+03, 2.24147842e+02,
       7.13030934e-01, 1.13067639e+03, 3.62597595e+02, 6.07424676e-01,
       1.13073132e+03, 4.09701233e+02, 6.02781534e-01, 1.35152161e+03,
       4.47921173e+02, 7.60559142e-01, 1.54287476e+03, 5.36193787e+02,
       6.47337079e-01, 1.13075110e+03, 3.15425629e+02, 6.03659630e-01,
       1.32786316e+03, 2.91756226e+02, 6.14681125e-01, 1.56927905e+03,
       2.80095184e+02, 5.75867891e-01, 7.36315979e+02, 3.74335754e+02,
       8.19663525e-01, 7.42095825e+02, 3.41911926e+02, 8.88368249e-01,
       7.50995544e+02, 4.03732788e+02, 6.05077744e-01, 7.62896973e+02,
       3.27149292e+02, 4.08487916e-01, 1.63987708e+03, 2.56579193e+02,
       4.45176303e-01, 1.63689917e+03, 2.50708359e+02, 4.89113688e-01,
       1.60160815e+03, 2.86028839e+02, 2.50481278e-01, 1.61929321e+03,
       5.36188843e+02, 5.70116341e-01, 1.61041235e+03, 5.50954895e+02,
       5.44353485e-01, 1.56041577e+03, 5.50909607e+02, 3.94423187e-01 ]
