%YAML:1.0
---
pose_0: !!opencv-matrix
   rows: 1
   cols: 25
   dt: "3f"
   data: [ 7.36253967e+02, 4.59559540e+02, 9.08864200e-01,
       8.36506287e+02, 5.00872803e+02, 7.29402959e-01, 8.45266052e+02,
       5.80330078e+02, 5.80897570e-01, 9.77747498e+02, 6.21586548e+02,
       8.41181397e-01, 1.09250806e+03, 6.45015137e+02, 8.54518890e-01,
       8.56920593e+02, 4.27267578e+02, 7.19581306e-01, 9.98325195e+02,
       3.92059418e+02, 7.94002056e-01, 1.13369470e+03, 3.62514038e+02,
       8.32100213e-01, 1.11596790e+03, 5.09703613e+02, 5.88413239e-01,
       1.11300696e+03, 5.56792236e+02, 6.00821137e-01, 1.31032654e+03,
       5.53792358e+02, 6.82260334e-01, 1.54570996e+03, 5.59717102e+02,
       5.45287490e-01, 1.11602502e+03, 4.59619293e+02, 6.04147553e-01,
       1.33375562e+03, 4.47828705e+02, 6.21748865e-01, 1.58394507e+03,
       4.36188995e+02, 5.80341876e-01, 7.18558044e+02, 4.74317719e+02,
       8.12552512e-01, 7.24510315e+02, 4.39088074e+02, 7.80557811e-01,
       7.33331604e+02, 5.03804962e+02, 6.29160643e-01, 7.45255554e+02,
       4.30229034e+02, 3.15927327e-01, 1.68109607e+03, 4.09516266e+02,
       5.43702960e-01, 1.67809143e+03, 4.06594238e+02, 5.39238334e-01,
       1.60455823e+03, 4.59622040e+02, 2.50393838e-01, 1.61347168e+03,
       5.33188782e+02, 4.51499104e-01, 1.60746167e+03, 5.47890869e+02,
       3.89828086e-01, 1.57221619e+03, 5.62632385e+02, 2.72584945e-01 ]
