%YAML:1.0
---
pose_0: !!opencv-matrix
   rows: 1
   cols: 25
   dt: "3f"
   data: [ 7.65740845e+02, 3.18350494e+02, 7.88601696e-01,
       8.65868713e+02, 2.50726807e+02, 4.36491579e-01, 8.59860352e+02,
       2.53658386e+02, 2.85024822e-01, 0., 0., 0., 0., 0., 0.,
       8.83471130e+02, 2.47812256e+02, 6.58863723e-01, 9.98162781e+02,
       3.12383484e+02, 7.72228599e-01, 9.77744812e+02, 4.56608734e+02,
       8.37742686e-01, 1.16016260e+03, 2.21192352e+02, 1.78880244e-01,
       1.12483179e+03, 2.44777390e+02, 8.23712200e-02, 0., 0., 0., 0.,
       0., 0., 1.18663660e+03, 2.03564438e+02, 1.73113748e-01,
       1.37506604e+03, 2.24223267e+02, 5.19759655e-01, 1.47799841e+03,
       1.56461456e+02, 9.81613547e-02, 7.48111511e+02, 3.06591766e+02,
       4.14723724e-01, 7.71640198e+02, 2.94928772e+02, 7.87569702e-01,
       0., 0., 0., 8.09909302e+02, 2.62489075e+02, 5.82008779e-01, 0.,
       0., 0., 0., 0., 0., 1.58099548e+03, 1.06533806e+02,
       8.73703435e-02, 0., 0., 0., 0., 0., 0., 0., 0., 0. ]
