%YAML:1.0
---
pose_0: !!opencv-matrix
   rows: 1
   cols: 25
   dt: "3f"
   data: [ 7.42082458e+02, 4.33281738e+02, 8.92947078e-01,
       8.65775391e+02, 4.21396210e+02, 6.47761047e-01, 8.80634583e+02,
       5.00783813e+02, 6.32098615e-01, 1.01292633e+03, 5.44984985e+02,
       7.11412370e-01, 1.09250525e+03, 6.24349670e+02, 8.30573380e-01,
       8.56918701e+02, 3.42042938e+02, 6.49118721e-01, 1.00129218e+03,
       3.06638397e+02, 8.01070929e-01, 1.06879102e+03, 3.86113342e+02,
       6.79361343e-01, 1.12480933e+03, 4.53723602e+02, 5.91852903e-01,
       1.11887952e+03, 5.03741852e+02, 6.12360775e-01, 1.32199683e+03,
       5.33197693e+02, 7.77740717e-01, 1.54567847e+03, 5.80304382e+02,
       6.57132506e-01, 1.13368359e+03, 3.94870239e+02, 5.94751775e-01,
       1.35445911e+03, 3.62553986e+02, 6.66892946e-01, 1.56634302e+03,
       3.15270569e+02, 6.49991572e-01, 7.24602295e+02, 4.50821747e+02,
       7.76066065e-01, 7.30396606e+02, 4.12721832e+02, 8.21230054e-01,
       7.42107605e+02, 4.65583740e+02, 2.84094363e-01, 7.48042175e+02,
       3.88952942e+02, 5.34848154e-01, 1.63997876e+03, 2.77146088e+02,
       3.27554166e-01, 1.63691895e+03, 2.74235382e+02, 3.50928813e-01,
       1.58694885e+03, 2.94890411e+02, 2.33353794e-01, 1.60744324e+03,
       5.62655518e+02, 3.75205040e-01, 1.60164844e+03, 5.86179443e+02,
       3.70241374e-01, 1.57513635e+03, 5.77349915e+02, 3.17923427e-01 ]
