%YAML:1.0
---
pose_0: !!opencv-matrix
   rows: 1
   cols: 25
   dt: "3f"
   data: [ 0., 0., 0., 9.12925537e+02, 5.21473328e+02, 3.01647127e-01,
       8.59924805e+02, 5.36144897e+02, 2.56161124e-01, 0., 0., 0., 0.,
       0., 0., 9.86483826e+02, 4.92038544e+02, 2.50352502e-01,
       1.08356982e+03, 5.12637512e+02, 1.42140701e-01, 1.14243604e+03,
       5.12607727e+02, 1.26805514e-01, 1.11893665e+03, 5.95026611e+02,
       4.49544668e-01, 1.10425623e+03, 6.27437927e+02, 4.15220350e-01,
       1.37209851e+03, 5.50943054e+02, 7.88313985e-01, 1.61048193e+03,
       6.92223267e+02, 5.13961315e-01, 1.13652856e+03, 5.50943909e+02,
       3.43176156e-01, 1.35449048e+03, 4.83323273e+02, 5.96880019e-01,
       1.56637268e+03, 5.83263428e+02, 4.62159008e-01, 0., 0., 0., 0.,
       0., 0., 0., 0., 0., 0., 0., 0., 1.62810571e+03, 5.03786621e+02,
       2.92339981e-01, 1.62518359e+03, 5.03808716e+02, 2.79147774e-01,
       1.58987256e+03, 6.06785767e+02, 3.53975445e-01, 1.70461206e+03,
       7.39194824e+02, 3.97886753e-01, 1.67816174e+03, 7.45103271e+02,
       3.72604430e-01, 1.63400061e+03, 7.01020203e+02, 2.06866398e-01 ]
