%YAML:1.0
---
pose_0: !!opencv-matrix
   rows: 1
   cols: 25
   dt: "3f"
   data: [ 8.12810181e+02, 4.89047363e+02, 1.38114005e-01,
       8.33480591e+02, 5.53952026e+02, 6.54088795e-01, 8.62905151e+02,
       5.53820679e+02, 5.47725677e-01, 9.30716919e+02, 5.00821899e+02,
       7.61297464e-01, 9.36522400e+02, 3.62544861e+02, 7.89561868e-01,
       7.92285095e+02, 5.74501526e+02, 3.10485661e-01, 8.18722656e+02,
       5.06659149e+02, 1.08423524e-01, 0., 0., 0., 1.13660828e+03,
       5.42019470e+02, 4.16249543e-01, 1.14541504e+03, 5.92043091e+02,
       4.08796310e-01, 1.33384949e+03, 6.24539368e+02, 5.82997024e-01,
       1.53974036e+03, 7.06863953e+02, 5.42399466e-01, 1.12778210e+03,
       4.80216278e+02, 4.07217205e-01, 1.33375110e+03, 3.89092255e+02,
       6.76584721e-01, 1.50450391e+03, 3.44874634e+02, 3.57250899e-01,
       8.06923218e+02, 4.86137573e+02, 1.81008533e-01, 0., 0., 0.,
       7.98122864e+02, 5.03879822e+02, 3.97575319e-01, 7.39277771e+02,
       5.53926208e+02, 1.41083315e-01, 1.53686365e+03, 3.41867310e+02,
       1.44772500e-01, 1.53100916e+03, 3.36035309e+02, 1.60679445e-01,
       1.51333630e+03, 3.41938202e+02, 2.29481682e-01, 1.61334558e+03,
       6.98117920e+02, 5.44150233e-01, 1.60159302e+03, 7.15604248e+02,
       4.71776903e-01, 1.54869067e+03, 7.18682190e+02, 3.28967601e-01 ]
