%YAML:1.0
---
pose_0: !!opencv-matrix
   rows: 1
   cols: 25
   dt: "3f"
   data: [ 7.65834106e+02, 3.65564026e+02, 8.82344425e-01,
       8.71748840e+02, 3.59530121e+02, 6.85304761e-01, 8.71676208e+02,
       4.24320190e+02, 6.10295415e-01, 9.51170288e+02, 4.59691193e+02,
       4.42026079e-01, 1.03653308e+03, 4.86178131e+02, 6.25651717e-01,
       8.83540894e+02, 2.80126709e+02, 6.54244542e-01, 1.04233435e+03,
       2.68267365e+02, 7.92018354e-01, 9.95351318e+02, 2.21300766e+02,
       7.76892424e-01, 1.13654382e+03, 3.68451050e+02, 5.71629643e-01,
       1.12773828e+03, 4.15489807e+02, 5.96466482e-01, 1.35736548e+03,
       4.62647766e+02, 7.75852978e-01, 1.53973877e+03, 5.59737305e+02,
       5.69832027e-01, 1.13658875e+03, 3.15521088e+02, 5.72526276e-01,
       1.35143835e+03, 3.30138092e+02, 6.04725599e-01, 1.57222937e+03,
       3.21279510e+02, 5.61128020e-01, 7.53958191e+02, 3.83048004e+02,
       7.36420453e-01, 7.59836609e+02, 3.44976135e+02, 8.20223808e-01,
       7.65890259e+02, 4.00794556e+02, 2.05761671e-01, 7.86307251e+02,
       3.18296753e+02, 5.73946774e-01, 1.63988538e+03, 2.83082001e+02,
       5.16614258e-01, 1.63408093e+03, 2.83083496e+02, 5.59644043e-01,
       1.61341943e+03, 3.24280762e+02, 2.93422014e-01, 1.61044153e+03,
       5.98026123e+02, 4.76739794e-01, 1.60460168e+03, 6.01018860e+02,
       4.22970802e-01, 1.56628210e+03, 5.53825928e+02, 3.68177384e-01 ]
