%YAML:1.0
---
pose_0: !!opencv-matrix
   rows: 1
   cols: 25
   dt: "3f"
   data: [ 6.65599121e+02, 5.30403503e+02, 8.76658320e-01,
       7.89234436e+02, 5.53777161e+02, 6.31958783e-01, 7.89231628e+02,
       6.30354858e+02, 6.29063368e-01, 9.07106750e+02, 6.45072021e+02,
       7.33010232e-01, 1.06891614e+03, 5.94997314e+02, 7.69709587e-01,
       7.83395691e+02, 4.86177277e+02, 3.92256171e-01, 8.95235291e+02,
       4.59759521e+02, 1.05974652e-01, 0., 0., 0., 1.05713855e+03,
       5.27359375e+02, 4.38599229e-01, 1.04832104e+03, 5.77301331e+02,
       4.42356884e-01, 1.21607556e+03, 6.27431641e+02, 1.73301592e-01,
       1.43091772e+03, 6.74569885e+02, 2.23437980e-01, 1.06594971e+03,
       4.71441071e+02, 3.81548733e-01, 1.28967322e+03, 4.83156281e+02,
       2.76648313e-01, 1.60748657e+03, 4.27233490e+02, 3.99638057e-01,
       6.47919067e+02, 5.50745239e+02, 8.08804750e-01, 6.51013672e+02,
       5.12611816e+02, 8.21802020e-01, 6.65570251e+02, 5.74263916e+02,
       4.22243625e-01, 6.80382690e+02, 4.94904022e+02, 6.42161071e-01,
       1.65760754e+03, 3.80121246e+02, 2.69760311e-01, 1.66044666e+03,
       3.77237946e+02, 2.38003030e-01, 1.64576965e+03, 4.18477325e+02,
       1.59880787e-01, 0., 0., 0., 0., 0., 0., 1.50450513e+03,
       6.74477539e+02, 1.27458647e-01 ]
