%YAML:1.0
---
pose_0: !!opencv-matrix
   rows: 1
   cols: 25
   dt: "3f"
   data: [ 6.56893677e+02, 4.59587189e+02, 7.69708753e-01,
       7.92260742e+02, 4.83263031e+02, 6.76835954e-01, 8.03981750e+02,
       5.77338562e+02, 4.49345291e-01, 9.21726135e+02, 6.71576294e+02,
       8.35284650e-01, 7.83334534e+02, 6.45142517e+02, 7.84672201e-01,
       7.98144043e+02, 3.88918396e+02, 6.92998946e-01, 9.54215759e+02,
       3.44860504e+02, 7.96525836e-01, 1.06897009e+03, 3.53668976e+02,
       8.05869222e-01, 1.08951050e+03, 5.50821106e+02, 5.60579777e-01,
       1.07192456e+03, 6.00935852e+02, 5.88441491e-01, 1.25717383e+03,
       6.53911926e+02, 5.09615600e-01, 1.44268494e+03, 6.74570923e+02,
       2.65257210e-01, 1.09543250e+03, 4.83178741e+02, 5.08768797e-01,
       1.35146240e+03, 5.65616394e+02, 4.87497836e-01, 1.68697595e+03,
       5.56739624e+02, 3.36852700e-01, 6.45089722e+02, 4.80120026e+02,
       8.06500435e-01, 6.48022400e+02, 4.42030396e+02, 7.18399405e-01,
       6.68732300e+02, 5.06869629e+02, 5.94781399e-01, 6.71619995e+02,
       4.12663452e+02, 2.31376886e-01, 1.76938440e+03, 5.06712769e+02,
       2.39038676e-01, 1.76644824e+03, 5.06695068e+02, 2.27123260e-01,
       1.71935168e+03, 5.83277527e+02, 2.06265807e-01, 0., 0., 0., 0.,
       0., 0., 1.48978284e+03, 6.68622681e+02, 1.11134946e-01 ]
