%YAML:1.0
---
pose_0: !!opencv-matrix
   rows: 1
   cols: 25
   dt: "3f"
   data: [ 7.65820923e+02, 4.39009888e+02, 7.09178805e-01,
       8.62831543e+02, 4.56664368e+02, 5.99296868e-01, 8.36347229e+02,
       5.00853790e+02, 3.93278241e-01, 0., 0., 0., 0., 0., 0.,
       8.95231812e+02, 3.97818573e+02, 4.73845661e-01, 1.03062378e+03,
       3.74343658e+02, 2.90449739e-01, 1.10124109e+03, 3.65393463e+02,
       2.41392717e-01, 1.11895313e+03, 4.62635223e+02, 6.13014817e-01,
       1.11595667e+03, 5.09775269e+02, 5.99928319e-01, 1.37198206e+03,
       6.00825684e+02, 6.31815672e-01, 1.54568677e+03, 6.89155762e+02,
       6.43325388e-01, 1.12194666e+03, 4.12532745e+02, 5.82082152e-01,
       1.31611121e+03, 3.18453186e+02, 2.86268383e-01, 1.50154590e+03,
       2.47845886e+02, 3.64452034e-01, 7.59863159e+02, 4.50755493e+02,
       4.40072924e-01, 7.62799255e+02, 4.21411560e+02, 6.65834606e-01,
       7.77535583e+02, 4.62658478e+02, 2.55716056e-01, 7.86447571e+02,
       3.94884247e+02, 6.00771964e-01, 1.54273328e+03, 2.38877167e+02,
       1.04121253e-01, 0., 0., 0., 1.52215442e+03, 2.41877655e+02,
       2.76682377e-01, 1.61050671e+03, 6.68632751e+02, 6.13584578e-01,
       1.60458936e+03, 6.83299683e+02, 5.10332584e-01, 1.56330847e+03,
       7.03973206e+02, 3.71313542e-01 ]
