%YAML:1.0
---
pose_0: !!opencv-matrix
   rows: 1
   cols: 25
   dt: "3f"
   data: [ 7.62827271e+02, 4.53821350e+02, 9.03865576e-01,
       8.62963562e+02, 4.83125519e+02, 7.64388740e-01, 8.62943909e+02,
       5.47948303e+02, 7.50082374e-01, 9.83571594e+02, 6.18602234e+02,
       8.06811988e-01, 8.92276978e+02, 6.24517700e+02, 8.18631470e-01,
       8.57066833e+02, 4.12541779e+02, 7.55226016e-01, 9.71663025e+02,
       4.18509216e+02, 8.07053685e-01, 8.62924683e+02, 5.06878479e+02,
       8.03643525e-01, 1.11590454e+03, 4.62570648e+02, 5.81317544e-01,
       1.11600854e+03, 5.06738220e+02, 6.37440026e-01, 1.32198071e+03,
       5.03665405e+02, 7.26525068e-01, 1.56044775e+03, 5.03831940e+02,
       5.75071573e-01, 1.11305652e+03, 4.09697968e+02, 6.07362449e-01,
       1.30728906e+03, 3.18442871e+02, 2.96807140e-01, 1.35447620e+03,
       2.94879242e+02, 1.59683481e-01, 7.45254395e+02, 4.62588165e+02,
       8.46969485e-01, 7.56846619e+02, 4.33285400e+02, 8.62394571e-01,
       7.65654541e+02, 4.86176697e+02, 7.12831497e-01, 7.74563232e+02,
       4.12704895e+02, 6.30587280e-01, 1.55159241e+03, 2.12404266e+02,
       1.19241826e-01, 1.54281372e+03, 2.09515289e+02, 1.31230950e-01,
       1.53101123e+03, 2.33024857e+02, 1.93369955e-01, 1.61639233e+03,
       4.97895721e+02, 3.40374082e-01, 1.61339807e+03, 5.12591614e+02,
       3.27944845e-01, 1.59867627e+03, 4.94981201e+02, 2.75462925e-01 ]
