%YAML:1.0
---
pose_0: !!opencv-matrix
   rows: 1
   cols: 25
   dt: "3f"
   data: [ 0., 0., 0., 9.54153076e+02, 5.00880951e+02, 1.42754108e-01,
       0., 0., 0., 0., 0., 0., 0., 0., 0., 9.39438171e+02,
       4.83208282e+02, 1.73447028e-01, 9.33493103e+02, 5.03793182e+02,
       2.42204249e-01, 8.01063049e+02, 5.50828369e+02, 4.53856170e-01,
       1.09537915e+03, 4.42011047e+02, 1.88794419e-01, 1.09832690e+03,
       4.24345276e+02, 1.34332985e-01, 1.35436548e+03, 4.94991089e+02,
       2.95324057e-01, 1.65167346e+03, 4.09678711e+02, 2.83193976e-01,
       1.14838196e+03, 4.62566650e+02, 1.66144371e-01, 1.35137244e+03,
       5.06833405e+02, 2.54527569e-01, 1.66052368e+03, 4.09564728e+02,
       2.88341671e-01, 0., 0., 0., 0., 0., 0., 0., 0., 0., 0., 0., 0.,
       1.72523608e+03, 3.53726654e+02, 2.21207768e-01, 1.72525452e+03,
       3.56666748e+02, 1.82760715e-01, 1.72226697e+03, 3.94925293e+02,
       1.04903527e-01, 1.72232373e+03, 3.56654358e+02, 2.52872497e-01,
       1.71347925e+03, 3.68435303e+02, 1.89515203e-01, 1.69868872e+03,
       3.89063263e+02, 5.89131974e-02 ]
