%YAML:1.0
---
pose_0: !!opencv-matrix
   rows: 1
   cols: 25
   dt: "3f"
   data: [ 7.21610840e+02, 4.80353333e+02, 8.66254091e-01,
       8.54023071e+02, 4.80139740e+02, 6.41681790e-01, 8.62878174e+02,
       5.45002319e+02, 3.90143275e-01, 9.74692505e+02, 5.80360229e+02,
       5.75137921e-02, 0., 0., 0., 8.57055115e+02, 4.03689392e+02,
       7.06009746e-01, 9.98272461e+02, 3.88882416e+02, 7.99589634e-01,
       1.14254529e+03, 3.68480988e+02, 8.16278279e-01, 1.11009412e+03,
       5.18514221e+02, 5.33817291e-01, 1.11009216e+03, 5.65567993e+02,
       5.13733268e-01, 1.33377246e+03, 6.03926270e+02, 7.28460729e-01,
       1.54860986e+03, 6.65700378e+02, 6.71923339e-01, 1.11008813e+03,
       4.62673492e+02, 5.09958625e-01, 1.35436914e+03, 4.44892548e+02,
       2.87914604e-01, 1.56633154e+03, 4.41980469e+02, 3.78354043e-01,
       7.12761292e+02, 5.00890747e+02, 8.05755377e-01, 7.15557007e+02,
       4.62618744e+02, 8.37610364e-01, 7.24583252e+02, 5.24452576e+02,
       3.59718680e-01, 7.36307007e+02, 4.36163239e+02, 5.81357539e-01,
       1.63698218e+03, 4.21352509e+02, 3.16554904e-01, 1.63398389e+03,
       4.18403320e+02, 3.65607262e-01, 1.62218311e+03, 4.53793121e+02,
       1.98694259e-01, 1.63103308e+03, 6.62765320e+02, 5.29236495e-01,
       1.61634399e+03, 6.71635681e+02, 5.19042492e-01, 1.56343933e+03,
       6.68574707e+02, 3.06981564e-01 ]
