%YAML:1.0
---
pose_0: !!opencv-matrix
   rows: 1
   cols: 25
   dt: "3f"
   data: [ 7.68746704e+02, 5.27251465e+02, 4.27006513e-01,
       8.39404236e+02, 4.56704346e+02, 5.32348633e-01, 8.36383240e+02,
       4.41994781e+02, 3.31277341e-01, 0., 0., 0., 0., 0., 0.,
       8.54086548e+02, 4.71455048e+02, 6.66626513e-01, 1.00111597e+03,
       5.00770844e+02, 8.17240417e-01, 1.11894031e+03, 5.59693787e+02,
       5.33478975e-01, 1.15722107e+03, 4.12556427e+02, 3.55900019e-01,
       1.16012659e+03, 4.12544617e+02, 1.90289512e-01, 1.35432922e+03,
       4.77336334e+02, 7.57665098e-01, 1.56344360e+03, 3.86088501e+02,
       8.10952425e-01, 1.16309021e+03, 3.97859039e+02, 3.49239260e-01,
       1.35152185e+03, 5.30339783e+02, 7.98232257e-01, 1.62812964e+03,
       4.30155029e+02, 6.45822644e-01, 7.62790710e+02, 5.21465515e+02,
       5.40503748e-02, 7.62852417e+02, 5.06845886e+02, 5.08724511e-01,
       0., 0., 0., 7.80451843e+02, 4.74308258e+02, 5.50190687e-01,
       1.66343298e+03, 5.03810394e+02, 2.05848604e-01, 1.67221741e+03,
       4.86107208e+02, 1.67388111e-01, 1.63691711e+03, 4.09621796e+02,
       3.37211549e-01, 1.59277173e+03, 3.21339478e+02, 2.55584389e-01,
       1.58987341e+03, 3.36067780e+02, 2.26336882e-01, 1.58397339e+03,
       3.65540649e+02, 5.54867089e-01 ]
