%YAML:1.0
---
pose_0: !!opencv-matrix
   rows: 1
   cols: 25
   dt: "3f"
   data: [ 0., 0., 0., 8.92290161e+02, 4.65550598e+02, 1.53088406e-01,
       0., 0., 0., 0., 0., 0., 0., 0., 0., 8.45206665e+02,
       4.77302429e+02, 1.27657428e-01, 7.45110168e+02, 4.09488647e+02,
       2.72207290e-01, 1.09252869e+03, 3.65502258e+02, 1.12486348e-01,
       1.11300220e+03, 4.71397339e+02, 1.40389785e-01, 0., 0., 0., 0.,
       0., 0., 0., 0., 0., 1.11893762e+03, 4.68475433e+02,
       1.25212938e-01, 1.35145508e+03, 4.86133392e+02, 1.99688092e-01,
       1.56926782e+03, 4.12658295e+02, 3.33416313e-01, 0., 0., 0., 0.,
       0., 0., 0., 0., 0., 0., 0., 0., 0., 0., 0., 0., 0., 0.,
       1.61338428e+03, 4.12512817e+02, 1.86891779e-01, 0., 0., 0., 0.,
       0., 0., 0., 0., 0. ]
