%YAML:1.0
---
pose_0: !!opencv-matrix
   rows: 2
   cols: 25
   dt: "3f"
   data: [ 0., 0., 0., 8.51038696e+02, 5.27304688e+02, 2.18128592e-01,
       8.30450806e+02, 5.65559082e+02, 1.88485757e-01, 0., 0., 0., 0.,
       0., 0., 8.59885559e+02, 5.03769653e+02, 1.24461934e-01,
       8.77554260e+02, 4.59575958e+02, 2.54216850e-01, 7.71603760e+02,
       3.47838074e+02, 1.55770421e-01, 1.02776917e+03, 5.42047852e+02,
       4.10122097e-01, 1.02473755e+03, 5.44994507e+02, 2.78343469e-01,
       1.31020068e+03, 5.24434204e+02, 6.76201701e-01, 1.61044299e+03,
       6.89220398e+02, 3.93006086e-01, 1.02775769e+03, 5.50848938e+02,
       3.06205571e-01, 1.34263196e+03, 5.06637360e+02, 2.83104151e-01,
       1.55456982e+03, 5.71419495e+02, 5.24766564e-01, 0., 0., 0., 0.,
       0., 0., 0., 0., 0., 0., 0., 0., 1.61339197e+03, 5.03720612e+02,
       4.87163454e-01, 1.61043042e+03, 5.03776978e+02, 4.55349833e-01,
       1.57515552e+03, 5.97922791e+02, 4.67005432e-01, 1.67223987e+03,
       6.89228210e+02, 1.80411160e-01, 1.65461902e+03, 7.12679260e+02,
       1.85353652e-01, 1.62814319e+03, 7.15670471e+02, 2.71863192e-01,
       0., 0., 0., 0., 0., 0., 7.65774475e+02, 5.33266174e+02,
       2.81737536e-01, 8.74679016e+02, 4.56629578e+02, 5.27695775e-01,
       7.71594788e+02, 3.44921448e+02, 6.42025054e-01, 0., 0., 0., 0.,
       0., 0., 0., 0., 0., 0., 0., 0., 0., 0., 0., 0., 0., 0., 0., 0.,
       0., 0., 0., 0., 0., 0., 0., 0., 0., 0., 0., 0., 0., 0., 0., 0.,
       0., 0., 0., 0., 0., 0., 0., 0., 0., 0., 0., 0., 0., 0., 0., 0.,
       0., 0., 0., 0., 0., 0., 0., 0. ]
