%YAML:1.0
---
pose_0: !!opencv-matrix
   rows: 1
   cols: 25
   dt: "3f"
   data: [ 7.80512268e+02, 4.83091858e+02, 8.91649663e-01,
       9.01165405e+02, 4.77312225e+02, 7.32581198e-01, 9.04134521e+02,
       5.50860046e+02, 7.65640497e-01, 1.01883868e+03, 6.18615723e+02,
       8.32895398e-01, 9.21678589e+02, 5.74478271e+02, 8.13010693e-01,
       8.92349304e+02, 4.09633118e+02, 6.32440686e-01, 9.83574158e+02,
       3.68477142e+02, 5.34926653e-01, 1.05715381e+03, 3.62617401e+02,
       6.59089208e-01, 1.17780469e+03, 5.06756683e+02, 5.82771480e-01,
       1.16899890e+03, 5.53920593e+02, 5.83263516e-01, 1.33673450e+03,
       5.36173889e+02, 2.97950655e-01, 1.52220105e+03, 5.30318970e+02,
       5.95456421e-01, 1.18076453e+03, 4.53719818e+02, 5.81624806e-01,
       1.36907642e+03, 4.74408600e+02, 6.02895141e-01, 1.58096948e+03,
       4.74337097e+02, 4.74660814e-01, 7.65684387e+02, 4.97914795e+02,
       8.17681313e-01, 7.65866882e+02, 4.59765350e+02, 8.31545532e-01,
       7.86370605e+02, 5.15543152e+02, 3.65897238e-01, 7.89351990e+02,
       4.36025635e+02, 6.01314723e-01, 1.63684814e+03, 4.36011536e+02,
       5.13918400e-01, 1.63102612e+03, 4.36013611e+02, 5.17815650e-01,
       1.60158374e+03, 4.89082977e+02, 3.01468104e-01, 1.49863501e+03,
       6.42130615e+02, 2.22194597e-01, 1.49563269e+03, 6.30352844e+02,
       1.68523699e-01, 1.55454236e+03, 5.30271973e+02, 3.92801881e-01 ]
