%YAML:1.0
---
pose_0: !!opencv-matrix
   rows: 1
   cols: 25
   dt: "3f"
   data: [ 8.06916748e+02, 4.27250488e+02, 6.77058935e-01,
       8.80577515e+02, 3.44851593e+02, 5.35143435e-01, 8.71714661e+02,
       3.30126526e+02, 3.39231253e-01, 1.07190051e+03, 4.39009369e+02,
       5.23004353e-01, 1.13950452e+03, 5.30369568e+02, 7.41814554e-01,
       8.86384033e+02, 3.59558228e+02, 5.32975912e-01, 9.51153503e+02,
       4.94963379e+02, 2.85243601e-01, 9.74718140e+02, 6.15666748e+02,
       3.77433807e-01, 1.18071216e+03, 3.44906647e+02, 3.86007637e-01,
       1.18370630e+03, 4.03710815e+02, 3.90420258e-01, 1.33672449e+03,
       5.33199829e+02, 7.27688909e-01, 1.53974634e+03, 5.74343689e+02,
       6.20114088e-01, 1.18660681e+03, 2.97831329e+02, 3.23925883e-01,
       1.41033911e+03, 2.56525452e+02, 3.63999337e-01, 1.58104150e+03,
       1.30096939e+02, 3.06133986e-01, 0., 0., 0., 7.89415405e+02,
       4.09653992e+02, 7.58633852e-01, 0., 0., 0., 8.04033142e+02,
       3.65387573e+02, 6.43148065e-01, 0., 0., 0., 0., 0., 0.,
       1.58692603e+03, 1.06489372e+02, 2.01897964e-01, 1.58392004e+03,
       6.33297119e+02, 2.02559248e-01, 1.57806946e+03, 6.27388489e+02,
       1.90786108e-01, 1.56641333e+03, 5.56814941e+02, 4.36435074e-01 ]
