%YAML:1.0
---
pose_0: !!opencv-matrix
   rows: 1
   cols: 25
   dt: "3f"
   data: [ 7.89404907e+02, 3.89072601e+02, 8.68475497e-01,
       8.98148315e+02, 3.53651367e+02, 6.22154295e-01, 8.60058289e+02,
       4.12584625e+02, 7.24557757e-01, 8.92270325e+02, 3.18410156e+02,
       7.45350897e-01, 8.15759277e+02, 2.03532364e+02, 8.32745135e-01,
       9.30651794e+02, 2.91945770e+02, 5.06199956e-01, 9.60005920e+02,
       1.74028870e+02, 8.11060071e-01, 8.48149841e+02, 1.56603668e+02,
       7.84478188e-01, 1.12187976e+03, 4.33178619e+02, 6.69748366e-01,
       1.10128357e+03, 4.80255127e+02, 6.08466446e-01, 1.28680017e+03,
       5.86245972e+02, 7.29871333e-01, 1.49575781e+03, 7.09828186e+02,
       6.56985998e-01, 1.14538318e+03, 3.86003113e+02, 6.32657170e-01,
       1.35734460e+03, 3.71336639e+02, 5.11186898e-01, 1.54861438e+03,
       4.00755127e+02, 5.43525755e-01, 7.80393188e+02, 3.94949005e+02,
       7.12146461e-01, 7.83353149e+02, 3.68475739e+02, 7.70042062e-01,
       0., 0., 0., 7.98156799e+02, 3.39018677e+02, 5.38164139e-01,
       1.61347131e+03, 3.68363495e+02, 5.01310050e-01, 1.61048840e+03,
       3.65508270e+02, 5.10544837e-01, 1.56928308e+03, 4.12539581e+02,
       3.09274286e-01, 1.58684937e+03, 7.45147888e+02, 6.97578728e-01,
       1.56342004e+03, 7.56847961e+02, 6.50634289e-01, 1.51331262e+03,
       7.09852112e+02, 4.45691645e-01 ]
