%YAML:1.0
---
pose_0: !!opencv-matrix
   rows: 1
   cols: 25
   dt: "3f"
   data: [ 7.68677551e+02, 4.50778198e+02, 6.14655137e-01,
       8.39358826e+02, 5.00810059e+02, 6.04447484e-01, 8.45205505e+02,
       5.03750885e+02, 4.86856222e-01, 9.30673340e+02, 3.91932922e+02,
       7.37965584e-01, 9.98198547e+02, 2.44904343e+02, 8.49548399e-01,
       8.83458618e+02, 4.68509155e+02, 2.93663710e-01, 1.03940222e+03,
       4.33078430e+02, 7.09314704e-01, 1.13950659e+03, 3.68365112e+02,
       8.39997590e-01, 1.13659277e+03, 5.50804443e+02, 5.84598064e-01,
       1.13072705e+03, 5.97900330e+02, 5.19502163e-01, 1.34854456e+03,
       6.36192017e+02, 6.37542367e-01, 1.54277783e+03, 7.15690979e+02,
       5.76857448e-01, 1.13947449e+03, 5.03726898e+02, 6.00015044e-01,
       1.34257837e+03, 4.27253876e+02, 6.28740251e-01, 1.56334265e+03,
       3.89070648e+02, 5.46803236e-01, 7.53984741e+02, 4.59678894e+02,
       5.77876389e-01, 7.62726135e+02, 4.36163696e+02, 4.77608442e-01,
       7.65745117e+02, 5.03747345e+02, 2.22918183e-01, 0., 0., 0.,
       1.63702795e+03, 3.15450287e+02, 3.80908906e-01, 1.63701392e+03,
       3.15486969e+02, 3.47962976e-01, 1.59281323e+03, 3.94937958e+02,
       3.11886311e-01, 1.62515881e+03, 7.12801392e+02, 5.37100494e-01,
       1.61047546e+03, 7.21668274e+02, 4.99641091e-01, 1.56626880e+03,
       7.21610229e+02, 3.36319983e-01 ]
