%YAML:1.0
---
pose_0: !!opencv-matrix
   rows: 1
   cols: 25
   dt: "3f"
   data: [ 6.24372864e+02, 5.47884583e+02, 8.68516624e-01,
       7.65732239e+02, 5.53801086e+02, 6.88025773e-01, 7.62764282e+02,
       6.48079041e+02, 6.23149097e-01, 9.03933777e+02, 7.15784729e+02,
       8.45501661e-01, 1.03354016e+03, 7.86349365e+02, 8.23086143e-01,
       7.83353394e+02, 4.56739594e+02, 6.72634244e-01, 9.45231873e+02,
       4.15594788e+02, 7.32300699e-01, 1.11014038e+03, 3.83161896e+02,
       7.45564699e-01, 1.05710486e+03, 5.80370605e+02, 5.30137122e-01,
       1.04829175e+03, 6.42050720e+02, 5.48375010e-01, 1.32203003e+03,
       6.45016602e+02, 3.15369248e-01, 1.63400476e+03, 6.56853271e+02,
       5.41112006e-01, 1.06300403e+03, 5.24351257e+02, 5.24014890e-01,
       1.29844519e+03, 5.30211426e+02, 5.95370114e-01, 1.63106384e+03,
       5.09729980e+02, 4.78656173e-01, 6.03965027e+02, 5.56849976e+02,
       7.77390599e-01, 6.12650879e+02, 5.21477112e+02, 7.97388077e-01,
       6.24552429e+02, 5.77510315e+02, 2.88456619e-01, 6.42080261e+02,
       4.83258881e+02, 5.85074008e-01, 1.76348218e+03, 4.59709473e+02,
       3.32535863e-01, 1.75764197e+03, 4.56758362e+02, 3.67605835e-01,
       1.64281409e+03, 5.30204895e+02, 3.25092047e-01, 1.74870337e+03,
       6.30410339e+02, 3.16412330e-01, 1.73994775e+03, 6.45114197e+02,
       2.23103151e-01, 1.65168298e+03, 6.50942505e+02, 2.66637981e-01 ]
