%YAML:1.0
---
pose_0: !!opencv-matrix
   rows: 1
   cols: 25
   dt: "3f"
   data: [ 9.51230774e+02, 5.03763824e+02, 1.06594935e-01,
       9.74620300e+02, 5.42042297e+02, 4.66010183e-01, 9.39390198e+02,
       5.80300232e+02, 4.14653718e-01, 8.12965210e+02, 5.50864197e+02,
       7.31107116e-01, 9.33526062e+02, 5.06649811e+02, 2.13672519e-01,
       9.98268555e+02, 5.06749420e+02, 3.00904810e-01, 0., 0., 0., 0.,
       0., 0., 1.18665430e+03, 5.44972412e+02, 4.29672480e-01,
       1.18664722e+03, 5.77446716e+02, 3.91056210e-01, 1.37505859e+03,
       5.03838409e+02, 8.36492419e-01, 1.60744617e+03, 7.01016357e+02,
       5.14205575e-01, 1.18957581e+03, 5.03818024e+02, 4.17663872e-01,
       1.38674951e+03, 4.83179474e+02, 5.11322320e-01, 1.61043213e+03,
       6.45099548e+02, 4.62677687e-01, 9.45252808e+02, 5.00864319e+02,
       7.56435543e-02, 0., 0., 0., 0., 0., 0., 0., 0., 0.,
       1.70471143e+03, 5.80385254e+02, 5.32954514e-01, 1.70170569e+03,
       5.80378540e+02, 4.40963089e-01, 1.62514514e+03, 6.71513855e+02,
       2.51269490e-01, 1.66639954e+03, 7.18634277e+02, 4.42618787e-01,
       1.65460254e+03, 7.30442261e+02, 4.56025839e-01, 1.61045422e+03,
       7.18686707e+02, 4.07229394e-01 ]
