%YAML:1.0
---
pose_0: !!opencv-matrix
   rows: 1
   cols: 25
   dt: "3f"
   data: [ 5.18510193e+02, 6.18542297e+02, 3.14790279e-01,
       6.21527222e+02, 5.36209656e+02, 2.74077296e-01, 5.71441284e+02,
       5.97999573e+02, 1.63338184e-01, 7.56900940e+02, 7.53982666e+02,
       5.21916866e-01, 7.09830444e+02, 6.98117920e+02, 5.66711605e-01,
       6.95170166e+02, 4.30201294e+02, 5.88371038e-01, 7.39143799e+02,
       4.80329407e+02, 6.38435364e-01, 5.71405762e+02, 5.74408508e+02,
       6.22493744e-01, 1.06303516e+03, 6.21569702e+02, 3.85541797e-01,
       1.04830981e+03, 6.95070862e+02, 3.57979685e-01, 1.29259009e+03,
       7.42190308e+02, 1.12281829e-01, 0., 0., 0., 1.06891406e+03,
       5.50960999e+02, 3.66752386e-01, 1.31611401e+03, 6.18539612e+02,
       3.41549456e-01, 1.57807703e+03, 6.21594055e+02, 2.26727232e-01,
       0., 0., 0., 5.06678314e+02, 6.00961670e+02, 3.55726004e-01, 0.,
       0., 0., 5.09695038e+02, 5.65625061e+02, 4.45066899e-01, 0., 0.,
       0., 0., 0., 0., 1.60749683e+03, 6.50963440e+02, 7.79190436e-02,
       0., 0., 0., 0., 0., 0., 0., 0., 0. ]
