%YAML:1.0
---
pose_0: !!opencv-matrix
   rows: 1
   cols: 25
   dt: "3f"
   data: [ 7.89428894e+02, 5.24339111e+02, 7.59484172e-01,
       9.07011047e+02, 5.33233704e+02, 8.03100049e-01, 9.04073608e+02,
       6.06804260e+02, 7.20975697e-01, 1.01887146e+03, 6.89235901e+02,
       7.84867167e-01, 1.10715857e+03, 7.39273987e+02, 8.52450609e-01,
       9.18836731e+02, 4.56771545e+02, 7.30843902e-01, 1.05715356e+03,
       4.15497559e+02, 7.23307550e-01, 1.08064978e+03, 3.62629211e+02,
       7.86965489e-01, 1.16005005e+03, 5.71503540e+02, 6.47543430e-01,
       1.14549451e+03, 6.15612793e+02, 6.37995064e-01, 1.33968018e+03,
       6.45181152e+02, 6.90005064e-01, 1.52806299e+03, 6.83348938e+02,
       5.97237706e-01, 1.16316589e+03, 5.24393066e+02, 6.37550473e-01,
       1.36618066e+03, 5.06778412e+02, 6.02910280e-01, 1.56038733e+03,
       4.86165863e+02, 6.61554933e-01, 7.71681091e+02, 5.30273682e+02,
       7.29430377e-01, 7.83386353e+02, 5.03838287e+02, 8.21749389e-01,
       7.98138733e+02, 5.59776062e+02, 5.12692690e-01, 8.12847290e+02,
       4.83126770e+02, 5.32288730e-01, 1.61354297e+03, 4.47891113e+02,
       5.29491842e-01, 1.61036450e+03, 4.50755005e+02, 5.49262702e-01,
       1.58695581e+03, 4.92010620e+02, 3.83352488e-01, 1.57517798e+03,
       6.68649780e+02, 4.60053891e-01, 1.56343982e+03, 6.83341003e+02,
       4.36663210e-01, 1.54869629e+03, 6.86252197e+02, 3.57179493e-01 ]
