%YAML:1.0
---
pose_0: !!opencv-matrix
   rows: 1
   cols: 25
   dt: "3f"
   data: [ 7.56910217e+02, 4.39059692e+02, 8.20017159e-01,
       8.54001953e+02, 4.77271576e+02, 6.53426528e-01, 8.39360046e+02,
       5.30190369e+02, 6.49630547e-01, 9.36439697e+02, 5.30293152e+02,
       8.10689867e-01, 9.15829468e+02, 3.71398193e+02, 6.80524766e-01,
       8.51101440e+02, 4.12594635e+02, 3.96132141e-01, 9.98179626e+02,
       3.65426086e+02, 5.50348818e-01, 1.11596960e+03, 2.88882751e+02,
       1.54512376e-01, 1.12190771e+03, 4.94973846e+02, 5.91107070e-01,
       1.11606433e+03, 5.42063171e+02, 6.01691008e-01, 1.34854651e+03,
       6.03923035e+02, 5.93368828e-01, 1.53689941e+03, 6.92026001e+02,
       5.91780007e-01, 1.13071521e+03, 4.41966797e+02, 5.78432381e-01,
       1.33090271e+03, 3.74303925e+02, 2.22462356e-01, 1.54573792e+03,
       3.18321655e+02, 3.91007543e-01, 7.42194824e+02, 4.59553650e+02,
       8.36158395e-01, 7.42235718e+02, 4.33086426e+02, 8.25973988e-01,
       7.62787170e+02, 4.92015320e+02, 6.39320135e-01, 7.62829895e+02,
       4.15593506e+02, 1.35483637e-01, 1.63693127e+03, 2.71343628e+02,
       2.96588004e-01, 1.63696631e+03, 2.71282166e+02, 2.81745166e-01,
       1.56041284e+03, 3.18331604e+02, 2.56754249e-01, 1.59869507e+03,
       6.77500671e+02, 4.05741423e-01, 1.58988953e+03, 6.95044861e+02,
       3.92891943e-01, 1.55454895e+03, 7.00988708e+02, 3.25449914e-01 ]
