%YAML:1.0
---
pose_0: !!opencv-matrix
   rows: 1
   cols: 25
   dt: "3f"
   data: [ 6.83378357e+02, 5.27233643e+02, 8.52784276e-01,
       8.12760071e+02, 5.68490356e+02, 6.75187767e-01, 8.12827881e+02,
       6.42153381e+02, 6.57413960e-01, 9.54235352e+02, 6.74596619e+02,
       7.88461626e-01, 1.06295068e+03, 6.24367188e+02, 7.99466848e-01,
       8.15841370e+02, 4.97931793e+02, 4.34474021e-01, 9.30576355e+02,
       4.62602173e+02, 1.01906076e-01, 0., 0., 0., 1.09237854e+03,
       5.74422485e+02, 5.44957459e-01, 1.08363159e+03, 6.24516052e+02,
       4.92057055e-01, 1.31317908e+03, 6.30411499e+02, 5.15811980e-01,
       1.56632617e+03, 6.50975159e+02, 4.76294637e-01, 1.10126563e+03,
       5.18550415e+02, 5.39859056e-01, 1.30727515e+03, 5.03904602e+02,
       4.96675789e-01, 1.53098718e+03, 5.15609863e+02, 2.07240000e-01,
       6.68651428e+02, 5.47876038e+02, 8.09846997e-01, 6.71668335e+02,
       5.09698517e+02, 8.33113015e-01, 6.89154846e+02, 5.77476257e+02,
       6.82756841e-01, 7.01011841e+02, 4.97925995e+02, 2.96503574e-01,
       1.66637500e+03, 4.77225189e+02, 5.58213294e-02, 0., 0., 0.,
       1.54576379e+03, 5.18530151e+02, 1.50667295e-01, 1.64871436e+03,
       6.44990601e+02, 4.27774012e-01, 1.63704712e+03, 6.53865234e+02,
       3.64054769e-01, 1.59576160e+03, 6.59794312e+02, 1.83313146e-01 ]
