%YAML:1.0
---
pose_0: !!opencv-matrix
   rows: 1
   cols: 25
   dt: "3f"
   data: [ 7.00952271e+02, 5.06818481e+02, 6.26082063e-01,
       8.39404541e+02, 5.12665894e+02, 5.13878584e-01, 8.59927734e+02,
       5.89141296e+02, 2.38639012e-01, 9.77571655e+02, 6.68605530e+02,
       6.52280807e-01, 9.59957031e+02, 6.45053894e+02, 4.16208744e-01,
       8.36362915e+02, 4.44905975e+02, 3.50822717e-01, 9.71812561e+02,
       3.59594513e+02, 4.93017226e-01, 9.30607239e+02, 3.89042023e+02,
       3.69844258e-01, 1.11592590e+03, 5.50790833e+02, 5.37089944e-01,
       1.11012769e+03, 5.98060791e+02, 5.51299095e-01, 1.28672449e+03,
       6.15602844e+02, 3.89693290e-01, 1.55159961e+03, 5.98070618e+02,
       3.48939449e-01, 1.11597583e+03, 4.86090332e+02, 4.99271482e-01,
       1.33673694e+03, 5.06678467e+02, 7.36742318e-01, 1.63397009e+03,
       5.06815704e+02, 4.75452811e-01, 6.86303284e+02, 5.18551697e+02,
       6.00007594e-01, 6.92097595e+02, 4.92075317e+02, 6.34002805e-01,
       7.15627380e+02, 5.33186707e+02, 2.35068917e-01, 7.15719543e+02,
       4.80102509e+02, 4.68258798e-01, 1.74874841e+03, 5.03812439e+02,
       1.25852317e-01, 1.74876953e+03, 5.03799072e+02, 1.48531646e-01,
       1.64581079e+03, 5.03798401e+02, 1.94925502e-01, 1.63993835e+03,
       5.97886597e+02, 6.42167926e-02, 1.63686292e+03, 6.01035217e+02,
       6.40970916e-02, 1.58394849e+03, 5.94980774e+02, 1.56290099e-01 ]
