%YAML:1.0
---
pose_0: !!opencv-matrix
   rows: 1
   cols: 25
   dt: "3f"
   data: [ 7.74525635e+02, 4.12668335e+02, 8.43519986e-01,
       9.01039368e+02, 4.36121796e+02, 7.72578418e-01, 8.83396545e+02,
       5.09741364e+02, 7.92550385e-01, 9.83527222e+02, 6.00855347e+02,
       8.66126060e-01, 1.06884668e+03, 6.39130676e+02, 7.99273729e-01,
       9.07134766e+02, 3.62396423e+02, 6.35119021e-01, 1.04838074e+03,
       3.35974670e+02, 8.02819192e-01, 1.17197107e+03, 2.91949829e+02,
       8.20910454e-01, 1.16008777e+03, 4.83308838e+02, 6.25575781e-01,
       1.14542542e+03, 5.33284973e+02, 5.97961128e-01, 1.34261023e+03,
       5.50903381e+02, 7.95951307e-01, 1.54865063e+03, 5.92075378e+02,
       6.49716437e-01, 1.16610352e+03, 4.33147949e+02, 6.24970913e-01,
       1.35448401e+03, 3.71309784e+02, 6.66265368e-01, 1.56342480e+03,
       3.12383972e+02, 6.26741946e-01, 7.62667908e+02, 4.35992584e+02,
       8.37910831e-01, 7.62841736e+02, 4.00807617e+02, 8.36297095e-01,
       7.80452881e+02, 4.59674713e+02, 5.94945848e-01, 7.89318420e+02,
       3.77267487e+02, 4.89364743e-01, 1.64290991e+03, 2.68383362e+02,
       4.32735592e-01, 1.63699170e+03, 2.68359833e+02, 4.54908371e-01,
       1.57517078e+03, 2.91913300e+02, 2.20807940e-01, 1.60757031e+03,
       5.80338135e+02, 4.06235814e-01, 1.60164001e+03, 5.95075256e+02,
       3.81600499e-01, 1.58104565e+03, 5.83264954e+02, 3.92265230e-01 ]
