%YAML:1.0
---
pose_0: !!opencv-matrix
   rows: 1
   cols: 25
   dt: "3f"
   data: [ 7.21547791e+02, 4.83276917e+02, 8.67434263e-01,
       8.51091736e+02, 4.91994568e+02, 6.53394520e-01, 8.71658386e+02,
       5.74416992e+02, 5.72749496e-01, 9.74828491e+02, 6.53941772e+02,
       8.35719168e-01, 8.98217529e+02, 6.15585754e+02, 6.89939559e-01,
       8.42239746e+02, 4.12612152e+02, 6.24971092e-01, 9.77704468e+02,
       3.59611115e+02, 7.89796889e-01, 1.04840759e+03, 3.59537598e+02,
       8.41207147e-01, 1.13361279e+03, 4.94966217e+02, 5.22988200e-01,
       1.11899658e+03, 5.47847900e+02, 5.62304616e-01, 1.33969824e+03,
       5.77474609e+02, 4.40496624e-01, 1.48979773e+03, 5.80290588e+02,
       6.32708132e-01, 1.13361975e+03, 4.36039917e+02, 5.30389249e-01,
       1.34262219e+03, 4.59665436e+02, 7.53371119e-01, 1.56926343e+03,
       4.71440002e+02, 6.26694143e-01, 7.09772583e+02, 5.03795074e+02,
       7.87034929e-01, 7.12742432e+02, 4.65582336e+02, 7.92395234e-01,
       7.21694519e+02, 5.27288025e+02, 3.96450818e-01, 7.36343811e+02,
       4.39024719e+02, 5.62490165e-01, 1.63396667e+03, 4.44904388e+02,
       5.46969295e-01, 1.62518933e+03, 4.39076599e+02, 5.62043369e-01,
       1.59280933e+03, 4.80319824e+02, 3.71609569e-01, 1.56630652e+03,
       5.92110474e+02, 4.91030306e-01, 1.54866858e+03, 6.00881348e+02,
       4.37771261e-01, 1.51327466e+03, 5.65620667e+02, 3.62758130e-01 ]
