%YAML:1.0
---
pose_0: !!opencv-matrix
   rows: 1
   cols: 25
   dt: "3f"
   data: [ 7.12702026e+02, 4.86247162e+02, 8.20032060e-01,
       8.15768860e+02, 4.41983673e+02, 4.47344720e-01, 7.95218018e+02,
       4.56742218e+02, 3.10664415e-01, 9.30527039e+02, 5.24342041e+02,
       1.25130251e-01, 8.54072388e+02, 5.53836304e+02, 1.00307457e-01,
       8.33517944e+02, 4.33155243e+02, 6.91794932e-01, 9.33623718e+02,
       5.27282410e+02, 8.25580120e-01, 8.30472168e+02, 5.74376099e+02,
       8.30290616e-01, 1.11601489e+03, 4.44932007e+02, 3.10177624e-01,
       1.09540649e+03, 4.65549561e+02, 1.76961675e-01, 1.34549854e+03,
       4.80165375e+02, 3.71112645e-01, 1.56927966e+03, 4.09549866e+02,
       3.20753545e-01, 1.13069373e+03, 4.27285828e+02, 2.68651605e-01,
       1.34845142e+03, 4.86130493e+02, 5.10492325e-01, 1.63399146e+03,
       4.12610779e+02, 3.76803190e-01, 6.92169128e+02, 4.92023315e+02,
       6.40205920e-01, 6.98065552e+02, 4.62697388e+02, 7.85980046e-01,
       0., 0., 0., 7.21668823e+02, 4.30152649e+02, 6.22796834e-01,
       1.68412280e+03, 3.62563354e+02, 2.76562184e-01, 1.68992383e+03,
       3.65387573e+02, 2.38911584e-01, 1.68107385e+03, 4.27276001e+02,
       1.52519882e-01, 0., 0., 0., 0., 0., 0., 1.58981958e+03,
       3.65531708e+02, 1.76539257e-01 ]
