%YAML:1.0
---
pose_0: !!opencv-matrix
   rows: 1
   cols: 25
   dt: "3f"
   data: [ 7.42270569e+02, 5.95024414e+02, 9.07682329e-02,
       8.30503906e+02, 5.42018555e+02, 5.31388342e-01, 8.33425598e+02,
       5.30326843e+02, 3.90136272e-01, 9.89426636e+02, 5.50797302e+02,
       3.22505713e-01, 1.18656250e+03, 5.00748627e+02, 5.90287209e-01,
       8.30421387e+02, 5.53922058e+02, 6.42027080e-01, 9.86488159e+02,
       5.45010071e+02, 3.67541820e-01, 1.16315466e+03, 5.06669800e+02,
       2.51813352e-01, 1.11895496e+03, 6.21472168e+02, 3.21871400e-01,
       1.13367871e+03, 6.12709595e+02, 3.16922396e-01, 1.39550525e+03,
       5.03852386e+02, 7.72265911e-01, 1.64290112e+03, 7.18587341e+02,
       5.80936611e-01, 1.09534412e+03, 6.44982544e+02, 2.19684988e-01,
       1.37800037e+03, 4.97873077e+02, 2.11666420e-01, 0., 0., 0., 0.,
       0., 0., 7.42165039e+02, 5.80273743e+02, 9.32844430e-02,
       7.65774109e+02, 5.03826874e+02, 9.14210901e-02, 7.45139526e+02,
       5.62666138e+02, 2.51951605e-01, 0., 0., 0., 0., 0., 0., 0., 0.,
       0., 1.70758264e+03, 7.30428223e+02, 2.66210645e-01,
       1.68707019e+03, 7.42279846e+02, 3.11055422e-01, 1.65749756e+03,
       7.42262207e+02, 3.56070817e-01 ]
