%YAML:1.0
---
pose_0: !!opencv-matrix
   rows: 1
   cols: 25
   dt: "3f"
   data: [ 6.50915344e+02, 4.86256561e+02, 7.88751602e-01,
       7.92312256e+02, 4.86203766e+02, 6.77451432e-01, 8.09995178e+02,
       5.95037659e+02, 7.05837131e-01, 9.74623169e+02, 6.45190674e+02,
       8.10126841e-01, 1.10132593e+03, 7.21710510e+02, 7.80055821e-01,
       7.92215332e+02, 3.89116760e+02, 7.06351995e-01, 9.51245239e+02,
       3.56664337e+02, 6.60811782e-01, 1.09239673e+03, 2.94897675e+02,
       7.71338105e-01, 1.10715491e+03, 5.00792572e+02, 4.92305249e-01,
       1.09537073e+03, 5.53731934e+02, 5.69122672e-01, 1.32784497e+03,
       6.42164490e+02, 7.57655263e-01, 1.53689612e+03, 6.30415039e+02,
       5.18177569e-01, 1.10715063e+03, 4.30239502e+02, 5.00287473e-01,
       1.35441406e+03, 4.62599976e+02, 5.85414052e-01, 1.63403894e+03,
       4.77328613e+02, 6.48964465e-01, 6.42061401e+02, 5.06802185e+02,
       8.13812673e-01, 6.39111755e+02, 4.62699036e+02, 7.59237349e-01,
       6.65624695e+02, 5.27402710e+02, 1.80591315e-01, 6.65713440e+02,
       4.33007843e+02, 4.57416177e-01, 1.70756445e+03, 4.50786102e+02,
       5.59353292e-01, 1.70454456e+03, 4.44920258e+02, 5.83906233e-01,
       1.65757275e+03, 4.89133026e+02, 2.54539907e-01, 1.65460254e+03,
       6.59764160e+02, 2.52368122e-01, 1.62814526e+03, 6.65651733e+02,
       2.34306082e-01, 1.56929126e+03, 6.03884644e+02, 3.24714839e-01 ]
