%YAML:1.0
---
pose_0: !!opencv-matrix
   rows: 1
   cols: 25
   dt: "3f"
   data: [ 7.36214417e+02, 4.80179413e+02, 8.86543274e-01,
       8.59925659e+02, 5.03692688e+02, 7.51726627e-01, 8.65785583e+02,
       5.74431519e+02, 6.83959723e-01, 9.83588928e+02, 6.21517639e+02,
       8.28790665e-01, 1.09531909e+03, 6.53963257e+02, 8.13221872e-01,
       8.59953491e+02, 4.27279419e+02, 6.51970387e-01, 1.01007513e+03,
       3.86180054e+02, 7.93269932e-01, 1.14257068e+03, 3.59511505e+02,
       8.45260978e-01, 1.11300891e+03, 5.09632385e+02, 6.01757765e-01,
       1.10125732e+03, 5.53835510e+02, 6.11588597e-01, 1.30432166e+03,
       5.56864319e+02, 3.88814479e-01, 1.52214001e+03, 5.56847412e+02,
       3.96216065e-01, 1.11594214e+03, 4.56770172e+02, 6.17714107e-01,
       1.32780896e+03, 4.59662720e+02, 7.50762761e-01, 1.57222058e+03,
       4.50836304e+02, 5.99348903e-01, 7.18642761e+02, 4.89064209e+02,
       8.33602309e-01, 7.24520325e+02, 4.59608826e+02, 8.50208044e-01,
       7.39201599e+02, 5.12698547e+02, 5.72890580e-01, 7.53980103e+02,
       4.41986786e+02, 5.96171498e-01, 1.67809265e+03, 4.36129120e+02,
       5.37117541e-01, 1.67514905e+03, 4.30251678e+02, 5.00783384e-01,
       1.58990430e+03, 4.56741028e+02, 3.10385466e-01, 1.60157300e+03,
       5.50925476e+02, 1.39147460e-01, 1.58396948e+03, 5.62680237e+02,
       1.04436159e-01, 1.54867651e+03, 5.50873596e+02, 2.39174157e-01 ]
