%YAML:1.0
---
pose_0: !!opencv-matrix
   rows: 1
   cols: 25
   dt: "3f"
   data: [ 7.24545410e+02, 5.42017456e+02, 7.04528451e-01,
       7.86440308e+02, 4.50796722e+02, 5.00114322e-01, 7.86295471e+02,
       4.94933960e+02, 2.93966651e-01, 0., 0., 0., 0., 0., 0.,
       7.95217834e+02, 4.12633087e+02, 6.22903883e-01, 9.18768677e+02,
       3.80118774e+02, 7.40440011e-01, 1.02472180e+03, 4.09589600e+02,
       8.24541450e-01, 1.10421057e+03, 4.80261444e+02, 5.11174977e-01,
       1.09833264e+03, 5.27415283e+02, 5.28873205e-01, 1.30725940e+03,
       5.68565491e+02, 7.35593677e-01, 1.56925391e+03, 6.06840637e+02,
       5.03504038e-01, 1.11299719e+03, 4.30178436e+02, 4.78939801e-01,
       1.35140405e+03, 4.39066254e+02, 6.76918745e-01, 1.56624255e+03,
       4.27314850e+02, 6.49174631e-01, 7.06956482e+02, 5.50848938e+02,
       5.40330373e-02, 7.15632385e+02, 5.27380005e+02, 8.22339535e-01,
       0., 0., 0., 7.24586487e+02, 4.74387878e+02, 5.78110576e-01,
       1.63995825e+03, 3.85973358e+02, 4.89173174e-01, 1.63699597e+03,
       3.83146576e+02, 4.71480548e-01, 1.59571252e+03, 4.33166779e+02,
       3.18999708e-01, 1.67227185e+03, 6.45066772e+02, 1.95662916e-01,
       0., 0., 0., 1.60750220e+03, 6.00894409e+02, 3.57155204e-01 ]
