%YAML:1.0
---
pose_0: !!opencv-matrix
   rows: 1
   cols: 25
   dt: "3f"
   data: [ 7.42249451e+02, 3.59582825e+02, 8.48287821e-01,
       8.48101685e+02, 3.65461578e+02, 7.30017841e-01, 8.42267395e+02,
       4.15510376e+02, 7.04412401e-01, 9.12923767e+02, 5.30255249e+02,
       8.56846273e-01, 7.89376709e+02, 5.36245728e+02, 8.15779030e-01,
       8.42310242e+02, 3.09485931e+02, 6.45141244e-01, 9.48128174e+02,
       2.50671432e+02, 8.25189114e-01, 8.68735168e+02, 3.62427277e+02,
       8.60419989e-01, 1.11898633e+03, 3.71382843e+02, 5.86270332e-01,
       1.11596130e+03, 4.18493774e+02, 5.58328867e-01, 1.33679260e+03,
       4.39110901e+02, 6.66944087e-01, 1.54569031e+03, 4.74358826e+02,
       6.26674354e-01, 1.12482642e+03, 3.18421173e+02, 5.46968520e-01,
       1.33096387e+03, 3.15456482e+02, 7.40023136e-01, 1.56630334e+03,
       2.88850647e+02, 6.10637009e-01, 7.30471619e+02, 3.68445374e+02,
       7.42557526e-01, 7.36297058e+02, 3.41901154e+02, 8.41482878e-01,
       7.45178955e+02, 3.91976074e+02, 4.48068142e-01, 7.56956116e+02,
       3.21286438e+02, 5.11104107e-01, 1.64000378e+03, 2.85948853e+02,
       4.85928655e-01, 1.63699316e+03, 2.71361084e+02, 5.30652761e-01,
       1.58396875e+03, 2.74255188e+02, 2.16945931e-01, 1.61034814e+03,
       4.80208893e+02, 4.93282944e-01, 1.59577087e+03, 4.89067719e+02,
       4.55676317e-01, 1.57805713e+03, 4.62565308e+02, 3.63835365e-01 ]
