%YAML:1.0
---
pose_0: !!opencv-matrix
   rows: 1
   cols: 25
   dt: "3f"
   data: [ 7.86471069e+02, 3.88992188e+02, 8.92389059e-01,
       8.83376343e+02, 3.65532562e+02, 7.19738066e-01, 8.57067383e+02,
       4.18404083e+02, 8.23530078e-01, 9.21744324e+02, 3.41855865e+02,
       7.66129315e-01, 8.48167175e+02, 2.24193359e+02, 7.46097207e-01,
       9.04083130e+02, 3.18401154e+02, 4.39478546e-01, 9.77541260e+02,
       1.88832474e+02, 4.98703867e-01, 8.62859375e+02, 1.71100708e+02,
       7.22464323e-01, 1.11605090e+03, 4.30192444e+02, 6.62681282e-01,
       1.09537622e+03, 4.77247345e+02, 6.15748107e-01, 1.28671191e+03,
       5.89151245e+02, 7.64522433e-01, 1.48975366e+03, 6.98062805e+02,
       6.78452730e-01, 1.13962292e+03, 3.83067688e+02, 6.32340908e-01,
       1.35148022e+03, 3.77182434e+02, 6.36977315e-01, 1.55163428e+03,
       3.91967987e+02, 6.45108700e-01, 7.80402039e+02, 3.97834198e+02,
       7.17639327e-01, 7.77518127e+02, 3.68473969e+02, 7.49428928e-01,
       7.95139709e+02, 4.09519531e+02, 1.58425733e-01, 7.89233154e+02,
       3.41942108e+02, 5.71525812e-01, 1.61929980e+03, 3.71374268e+02,
       4.72438604e-01, 1.61339050e+03, 3.65524414e+02, 5.25217414e-01,
       1.58102905e+03, 4.06579529e+02, 3.39056700e-01, 1.56631445e+03,
       7.45201843e+02, 5.77948511e-01, 1.56041931e+03, 7.45192383e+02,
       5.33201337e-01, 1.50449500e+03, 7.06846558e+02, 3.77775878e-01 ]
