%YAML:1.0
---
pose_0: !!opencv-matrix
   rows: 1
   cols: 25
   dt: "3f"
   data: [ 7.09790588e+02, 3.62432373e+02, 8.33367288e-01,
       8.04008972e+02, 3.65481995e+02, 6.52703047e-01, 7.86464355e+02,
       4.33091644e+02, 7.32805610e-01, 8.15819153e+02, 4.80222412e+02,
       8.21625471e-01, 8.09994751e+02, 3.62435486e+02, 8.60155582e-01,
       8.12792236e+02, 3.12478058e+02, 3.91531497e-01, 8.12800659e+02,
       2.65309631e+02, 3.51190001e-01, 7.98121765e+02, 2.50715332e+02,
       1.94567472e-01, 1.06301672e+03, 3.71322083e+02, 5.40264428e-01,
       1.06004919e+03, 4.15477814e+02, 5.18161118e-01, 1.28369153e+03,
       4.30206909e+02, 7.34550476e-01, 1.51920715e+03, 4.47847504e+02,
       5.79598546e-01, 1.06596240e+03, 3.18372437e+02, 5.27777612e-01,
       1.30140576e+03, 3.00771484e+02, 6.93689585e-01, 1.53391211e+03,
       2.80159698e+02, 6.29147947e-01, 6.92139038e+02, 3.68512115e+02,
       8.21832061e-01, 6.95114258e+02, 3.38895264e+02, 8.24743867e-01,
       7.09789429e+02, 3.92041138e+02, 4.95365053e-01, 7.18607544e+02,
       3.06630920e+02, 4.79355007e-01, 1.62221960e+03, 2.71264618e+02,
       3.80020946e-01, 1.61926941e+03, 2.65326263e+02, 3.65882456e-01,
       1.56332507e+03, 2.83054535e+02, 2.43645743e-01, 1.60455908e+03,
       4.41953461e+02, 5.48504055e-01, 1.59284070e+03, 4.56608551e+02,
       4.71726477e-01, 1.54866614e+03, 4.50808319e+02, 2.40879819e-01 ]
