%YAML:1.0
---
pose_0: !!opencv-matrix
   rows: 1
   cols: 25
   dt: "3f"
   data: [ 7.51047363e+02, 3.38926697e+02, 8.24912190e-01,
       8.45259705e+02, 3.62378906e+02, 7.14723349e-01, 8.36491272e+02,
       4.00822937e+02, 6.70770168e-01, 9.07077209e+02, 5.03681763e+02,
       8.31477046e-01, 7.80493530e+02, 5.30218018e+02, 7.89941788e-01,
       8.51060120e+02, 3.03679352e+02, 5.74155211e-01, 9.33519409e+02,
       2.56540527e+02, 7.89423943e-01, 8.65791748e+02, 3.68366486e+02,
       7.80944824e-01, 1.11299121e+03, 3.68429199e+02, 5.75393677e-01,
       1.10132361e+03, 4.12686005e+02, 5.77548206e-01, 1.33084656e+03,
       4.33276001e+02, 6.91031754e-01, 1.53976880e+03, 4.50813812e+02,
       5.97528338e-01, 1.11600195e+03, 3.15428772e+02, 5.52590013e-01,
       1.37209656e+03, 2.94886719e+02, 5.20410120e-01, 1.56333618e+03,
       2.88857849e+02, 5.98139763e-01, 7.42118469e+02, 3.50810944e+02,
       7.60630548e-01, 7.42121277e+02, 3.21263275e+02, 8.01737964e-01,
       7.62645264e+02, 3.77270508e+02, 6.29764020e-01, 7.62882690e+02,
       3.00738953e+02, 3.19304526e-01, 1.63708496e+03, 2.68325745e+02,
       4.65561569e-01, 1.63687415e+03, 2.62486450e+02, 5.10807037e-01,
       1.59572400e+03, 2.91846527e+02, 2.30268836e-01, 1.61042444e+03,
       4.56622284e+02, 4.87709403e-01, 1.59576099e+03, 4.65547302e+02,
       4.32341367e-01, 1.56639392e+03, 4.33162292e+02, 2.86303014e-01 ]
