%YAML:1.0
---
pose_0: !!opencv-matrix
   rows: 1
   cols: 25
   dt: "3f"
   data: [ 7.27541504e+02, 4.74337494e+02, 7.94758320e-01,
       8.59908875e+02, 4.77240509e+02, 7.32793570e-01, 8.62934814e+02,
       5.53876587e+02, 7.23104775e-01, 9.98181213e+02, 5.89160461e+02,
       7.05338299e-01, 1.11593555e+03, 6.24603821e+02, 8.22936833e-01,
       8.59825195e+02, 3.91992828e+02, 6.81809902e-01, 1.00111853e+03,
       3.68448578e+02, 8.07048440e-01, 1.14547400e+03, 3.53667145e+02,
       7.76773334e-01, 1.11888037e+03, 5.00896332e+02, 6.15498304e-01,
       1.11300256e+03, 5.50858215e+02, 6.11188889e-01, 1.34552759e+03,
       6.00977234e+02, 7.25007355e-01, 1.54274475e+03, 6.62702881e+02,
       6.42998517e-01, 1.12185156e+03, 4.47824524e+02, 5.49425960e-01,
       1.31912207e+03, 4.53757813e+02, 7.07725406e-01, 1.56041541e+03,
       4.39113922e+02, 5.20283878e-01, 7.15785339e+02, 4.86224518e+02,
       7.97672033e-01, 7.18537903e+02, 4.56735748e+02, 8.96533966e-01,
       7.39097046e+02, 5.09677704e+02, 3.61656517e-01, 7.42194885e+02,
       4.30127136e+02, 5.51218987e-01, 1.63692200e+03, 4.15468597e+02,
       3.12908262e-01, 1.63392896e+03, 4.12584717e+02, 3.50240171e-01,
       1.60745752e+03, 4.53699432e+02, 2.24739447e-01, 1.63097021e+03,
       6.65597839e+02, 5.48003793e-01, 1.61341687e+03, 6.71646057e+02,
       5.45158565e-01, 1.56041089e+03, 6.62697571e+02, 3.21995914e-01 ]
