%YAML:1.0
---
pose_0: !!opencv-matrix
   rows: 1
   cols: 25
   dt: "3f"
   data: [ 7.45241882e+02, 3.62485809e+02, 7.27000535e-01,
       8.77519470e+02, 3.59627625e+02, 6.69684410e-01, 8.83481018e+02,
       4.50856110e+02, 6.71159744e-01, 1.02185504e+03, 4.80195068e+02,
       6.78485513e-01, 1.11604016e+03, 5.27237976e+02, 6.66661739e-01,
       8.74590149e+02, 2.68358124e+02, 6.44883215e-01, 1.02168652e+03,
       2.24072296e+02, 7.81708658e-01, 1.14252979e+03, 1.91808670e+02,
       8.07621479e-01, 1.13957373e+03, 3.62528442e+02, 6.02368474e-01,
       1.13069360e+03, 4.12630798e+02, 5.73746204e-01, 1.31321960e+03,
       4.30206329e+02, 6.87613606e-01, 1.60749329e+03, 4.47878693e+02,
       4.92664248e-01, 1.14835791e+03, 3.06569275e+02, 5.22254705e-01,
       1.35436951e+03, 3.06617554e+02, 6.60124421e-01, 1.57808105e+03,
       3.09559113e+02, 6.62832797e-01, 7.39207397e+02, 3.77204926e+02,
       5.29365003e-01, 7.30413025e+02, 3.50748108e+02, 5.84171295e-01,
       7.59825195e+02, 3.92061615e+02, 4.35414165e-01, 7.42167114e+02,
       3.35927734e+02, 3.41995478e-01, 1.63986377e+03, 2.71213806e+02,
       5.66678345e-01, 1.63404211e+03, 2.68421204e+02, 6.19177818e-01,
       1.60163379e+03, 3.15416199e+02, 3.58289003e-01, 1.70470642e+03,
       4.15538361e+02, 4.70645636e-01, 1.69584399e+03, 4.33116150e+02,
       3.68784726e-01, 1.64282898e+03, 4.53686035e+02, 2.62483597e-01 ]
