%YAML:1.0
---
pose_0: !!opencv-matrix
   rows: 1
   cols: 25
   dt: "3f"
   data: [ 7.98096069e+02, 4.80229523e+02, 8.67187679e-01,
       8.83485107e+02, 5.03676605e+02, 7.76357532e-01, 8.62846680e+02,
       5.33213928e+02, 7.69471049e-01, 9.18778259e+02, 4.62571808e+02,
       4.38348025e-01, 1.00121259e+03, 2.94759186e+02, 6.34813547e-01,
       9.12935242e+02, 4.59742554e+02, 5.67240179e-01, 1.04835962e+03,
       4.36252563e+02, 6.98342562e-01, 1.16614661e+03, 4.06549377e+02,
       8.22893500e-01, 1.16300806e+03, 5.24327576e+02, 5.41360378e-01,
       1.16311609e+03, 5.68526367e+02, 5.49860179e-01, 1.37499976e+03,
       6.18596619e+02, 7.29860663e-01, 1.55154858e+03, 6.92253723e+02,
       7.03930736e-01, 1.15722302e+03, 4.77240967e+02, 5.94394803e-01,
       1.30435645e+03, 4.21356049e+02, 5.64448833e-01, 1.49575903e+03,
       4.80277527e+02, 6.80165052e-01, 7.86216980e+02, 4.89066223e+02,
       8.30387414e-01, 7.89243530e+02, 4.59706604e+02, 8.84816289e-01,
       7.98098022e+02, 5.09751770e+02, 6.59126639e-01, 8.09950745e+02,
       4.44908264e+02, 4.95098352e-01, 1.52804651e+03, 5.30393982e+02,
       2.21346989e-01, 1.53986316e+03, 5.09716187e+02, 2.76907325e-01,
       1.51633813e+03, 4.80191895e+02, 4.11491245e-01, 1.61039441e+03,
       6.62760193e+02, 6.08424604e-01, 1.60166260e+03, 6.74558838e+02,
       5.38400173e-01, 1.56341760e+03, 7.12764343e+02, 4.89612341e-01 ]
