%YAML:1.0
---
pose_0: !!opencv-matrix
   rows: 1
   cols: 25
   dt: "3f"
   data: [ 7.68633545e+02, 4.33238037e+02, 8.67509007e-01,
       8.42341919e+02, 4.33277161e+02, 7.83403277e-01, 8.39327209e+02,
       4.83200897e+02, 6.81094348e-01, 9.39395508e+02, 5.71371582e+02,
       8.06799054e-01, 8.12827515e+02, 5.21397339e+02, 8.02609086e-01,
       8.45234436e+02, 3.80202667e+02, 6.46054745e-01, 9.51055237e+02,
       3.59592590e+02, 7.56928682e-01, 8.33493652e+02, 4.09656097e+02,
       5.56293249e-01, 1.12188977e+03, 4.53765137e+02, 6.09415650e-01,
       1.12191956e+03, 5.00810486e+02, 6.04410052e-01, 1.33084985e+03,
       5.06684082e+02, 7.15757787e-01, 1.55161426e+03, 5.06797699e+02,
       6.28176451e-01, 1.12485376e+03, 4.03749542e+02, 5.86859345e-01,
       1.35146191e+03, 3.65443909e+02, 4.65768546e-01, 1.52511475e+03,
       3.71337982e+02, 2.92726129e-01, 7.53991760e+02, 4.39167969e+02,
       8.05431485e-01, 7.59897766e+02, 4.12610779e+02, 8.22402358e-01,
       7.65660645e+02, 4.62645386e+02, 4.23246890e-01, 7.74587158e+02,
       3.89034271e+02, 6.10616088e-01, 1.61344458e+03, 3.62439606e+02,
       2.84579515e-01, 1.61051807e+03, 3.56598816e+02, 2.98647970e-01,
       1.58395386e+03, 3.86002045e+02, 1.84952646e-01, 1.63108789e+03,
       5.09641571e+02, 4.81951624e-01, 1.61643921e+03, 5.24435730e+02,
       4.83294725e-01, 1.58392334e+03, 4.86166870e+02, 2.76844382e-01 ]
