%YAML:1.0
---
pose_0: !!opencv-matrix
   rows: 1
   cols: 25
   dt: "3f"
   data: [ 8.04043640e+02, 4.80376923e+02, 8.44335437e-01,
       8.86440063e+02, 5.00832153e+02, 6.75535917e-01, 8.62957214e+02,
       5.33268372e+02, 7.73231566e-01, 9.51051758e+02, 4.56663574e+02,
       7.24534929e-01, 1.02777808e+03, 3.09490204e+02, 7.61387706e-01,
       9.57068298e+02, 4.59620239e+02, 4.41897929e-01, 1.07475452e+03,
       4.18412628e+02, 7.40634918e-01, 1.18950818e+03, 3.80146271e+02,
       8.19136560e-01, 1.16600427e+03, 5.30371033e+02, 6.30905688e-01,
       1.16312793e+03, 5.77332825e+02, 5.92126131e-01, 1.37492871e+03,
       6.06826050e+02, 7.54866540e-01, 1.54566846e+03, 6.89207214e+02,
       6.67771995e-01, 1.16895264e+03, 4.83328125e+02, 6.26933038e-01,
       1.33088501e+03, 4.56703003e+02, 5.87339282e-01, 1.50452637e+03,
       4.53691528e+02, 4.02135730e-01, 7.86413513e+02, 4.94995911e+02,
       8.10389459e-01, 7.89308594e+02, 4.62609985e+02, 8.09670687e-01,
       8.06863281e+02, 5.18494202e+02, 4.98455942e-01, 8.09991760e+02,
       4.47898163e+02, 3.43314469e-01, 1.58686816e+03, 3.94864838e+02,
       1.62381083e-01, 1.58391504e+03, 3.91988922e+02, 1.68041468e-01,
       1.53099353e+03, 4.47845978e+02, 2.18535334e-01, 1.61038757e+03,
       6.53918030e+02, 6.60076916e-01, 1.59577539e+03, 6.68694702e+02,
       5.65909863e-01, 1.56040735e+03, 7.01075684e+02, 4.52968746e-01 ]
