%YAML:1.0
---
pose_0: !!opencv-matrix
   rows: 1
   cols: 25
   dt: "3f"
   data: [ 6.89110535e+02, 5.03823334e+02, 8.60787988e-01,
       8.12869263e+02, 5.09674622e+02, 7.61919022e-01, 8.06862793e+02,
       6.00826050e+02, 7.01016724e-01, 8.86402405e+02, 7.27512939e+02,
       8.00824940e-01, 8.48116699e+02, 6.74577148e+02, 6.12130344e-01,
       8.21680359e+02, 4.33145477e+02, 6.16958380e-01, 1.00710376e+03,
       3.71420990e+02, 7.99206555e-01, 9.54158447e+02, 3.91969574e+02,
       6.68394327e-01, 1.10419751e+03, 5.24406738e+02, 5.29815316e-01,
       1.09542004e+03, 5.74529907e+02, 5.33439934e-01, 1.35140906e+03,
       5.68478699e+02, 5.94220638e-01, 1.58695044e+03, 5.89112793e+02,
       6.19120121e-01, 1.11304749e+03, 4.59766083e+02, 5.44188082e-01,
       1.36027466e+03, 4.36226257e+02, 6.32987738e-01, 1.54569446e+03,
       4.59592010e+02, 4.79046702e-01, 6.71522400e+02, 5.18530579e+02,
       8.11183751e-01, 6.71581970e+02, 4.83137421e+02, 8.55147898e-01,
       6.92063965e+02, 5.39089233e+02, 4.62152928e-01, 6.95174194e+02,
       4.53791962e+02, 5.97782016e-01, 1.63106299e+03, 4.50770477e+02,
       4.58756417e-01, 1.62518701e+03, 4.39030365e+02, 4.92196321e-01,
       1.55748755e+03, 4.71427429e+02, 1.70864388e-01, 1.68403821e+03,
       5.77452393e+02, 4.54810888e-01, 1.66634814e+03, 5.97884338e+02,
       4.12236124e-01, 1.60453430e+03, 5.83230225e+02, 3.52305323e-01 ]
