%YAML:1.0
---
pose_0: !!opencv-matrix
   rows: 1
   cols: 25
   dt: "3f"
   data: [ 7.15790100e+02, 4.59703247e+02, 8.79156530e-01,
       8.33320862e+02, 5.30373291e+02, 7.11541593e-01, 8.24651245e+02,
       6.15600830e+02, 7.18778670e-01, 9.36494751e+02, 6.42104553e+02,
       7.88321972e-01, 1.04822229e+03, 6.59835388e+02, 8.01160276e-01,
       8.21636597e+02, 4.59656403e+02, 4.75544840e-01, 8.86377258e+02,
       4.53679504e+02, 7.13881254e-02, 0., 0., 0., 1.10424963e+03,
       4.89123627e+02, 5.34842610e-01, 1.10420105e+03, 5.45017273e+02,
       5.62045813e-01, 1.21012939e+03, 5.77365356e+02, 1.28650904e-01,
       0., 0., 0., 1.10422327e+03, 4.33239563e+02, 5.52248716e-01,
       1.32791797e+03, 4.56670319e+02, 6.22910917e-01, 1.62514783e+03,
       4.77206787e+02, 5.52591205e-01, 6.92211609e+02, 4.80160767e+02,
       8.46846223e-01, 7.09815369e+02, 4.44939972e+02, 7.57794499e-01,
       7.12674683e+02, 5.18479736e+02, 6.03982806e-01, 7.39303284e+02,
       4.36046173e+02, 1.25111297e-01, 1.70460059e+03, 4.56670441e+02,
       4.72304553e-01, 1.70163184e+03, 4.50838593e+02, 4.77139950e-01,
       1.61928381e+03, 4.97901245e+02, 2.91959554e-01, 0., 0., 0., 0.,
       0., 0., 0., 0., 0. ]
