%YAML:1.0
---
pose_0: !!opencv-matrix
   rows: 1
   cols: 25
   dt: "3f"
   data: [ 7.42183472e+02, 4.62615204e+02, 8.82475913e-01,
       8.65789856e+02, 4.83274078e+02, 7.76519656e-01, 8.53949158e+02,
       5.56744202e+02, 7.62934268e-01, 9.74735779e+02, 6.03928040e+02,
       7.88599908e-01, 1.11907751e+03, 6.51042847e+02, 7.94095516e-01,
       8.83524353e+02, 4.09677765e+02, 6.35840416e-01, 1.04824609e+03,
       3.65425934e+02, 8.03225577e-01, 1.18651965e+03, 3.21378937e+02,
       7.82417476e-01, 1.13956909e+03, 4.74304169e+02, 5.79598546e-01,
       1.13656641e+03, 5.24307617e+02, 5.79797626e-01, 1.36034509e+03,
       5.77467163e+02, 7.28128195e-01, 1.56037244e+03, 6.51016663e+02,
       6.46651089e-01, 1.13954565e+03, 4.15480774e+02, 5.99963009e-01,
       1.31612976e+03, 4.15470123e+02, 6.78970814e-01, 1.57218750e+03,
       4.36040863e+02, 6.42419755e-01, 7.30448242e+02, 4.80328400e+02,
       7.92171061e-01, 7.36346741e+02, 4.47911987e+02, 8.65566254e-01,
       7.45185791e+02, 5.03933136e+02, 6.90862656e-01, 7.62749023e+02,
       4.27200592e+02, 6.90508485e-01, 1.63995593e+03, 4.18467316e+02,
       2.42448792e-01, 1.63689929e+03, 4.15501160e+02, 3.08303058e-01,
       1.61045349e+03, 4.39075409e+02, 2.46724710e-01, 1.63099902e+03,
       6.53946655e+02, 5.41768193e-01, 1.61343286e+03, 6.71475464e+02,
       5.55179000e-01, 1.57511938e+03, 6.59784424e+02, 2.78965592e-01 ]
