%YAML:1.0
---
pose_0: !!opencv-matrix
   rows: 1
   cols: 25
   dt: "3f"
   data: [ 7.65803589e+02, 4.36082733e+02, 8.68690133e-01,
       8.80469910e+02, 4.24311066e+02, 7.17657685e-01, 8.77485107e+02,
       5.03847717e+02, 7.78628528e-01, 9.98136108e+02, 5.30443848e+02,
       8.16977084e-01, 9.77644653e+02, 4.56717651e+02, 6.25399113e-01,
       8.83485962e+02, 3.41978333e+02, 7.24920571e-01, 1.01878571e+03,
       2.91831116e+02, 8.16033661e-01, 9.77654907e+02, 2.44892487e+02,
       8.06358099e-01, 1.12774695e+03, 4.62600861e+02, 5.94678104e-01,
       1.11597241e+03, 5.09712067e+02, 6.28553152e-01, 1.33093176e+03,
       5.62709106e+02, 6.69012606e-01, 1.52220020e+03, 6.33311340e+02,
       5.41988194e-01, 1.13953308e+03, 4.09668243e+02, 5.96247435e-01,
       1.34553467e+03, 4.30267853e+02, 6.94636524e-01, 1.56930261e+03,
       4.30252411e+02, 6.15984678e-01, 7.53921692e+02, 4.53712555e+02,
       7.95527816e-01, 7.53944519e+02, 4.15452789e+02, 7.95989156e-01,
       7.68714050e+02, 4.62697998e+02, 2.32880071e-01, 7.65884949e+02,
       3.86087372e+02, 5.81256390e-01, 1.63104639e+03, 4.00825134e+02,
       5.51342070e-01, 1.62220251e+03, 3.97824860e+02, 5.89501202e-01,
       1.60745984e+03, 4.36040009e+02, 3.71777564e-01, 1.59279993e+03,
       6.45133728e+02, 4.92819846e-01, 1.58696497e+03, 6.56847778e+02,
       4.66727108e-01, 1.55748669e+03, 6.45043823e+02, 2.72111684e-01 ]
