%YAML:1.0
---
pose_0: !!opencv-matrix
   rows: 1
   cols: 25
   dt: "3f"
   data: [ 7.33354614e+02, 3.44826996e+02, 8.00503194e-01,
       8.06928040e+02, 2.91817596e+02, 4.97815251e-01, 7.92286194e+02,
       2.85968109e+02, 3.23699862e-01, 9.04158386e+02, 4.12602539e+02,
       2.74897724e-01, 9.57120850e+02, 5.50892883e+02, 3.51741970e-01,
       8.12928711e+02, 2.94805542e+02, 6.26164079e-01, 9.07083130e+02,
       4.15590546e+02, 6.12899542e-01, 9.65883850e+02, 5.53920349e+02,
       7.37307072e-01, 1.10128271e+03, 3.12493652e+02, 2.96470821e-01,
       1.10421655e+03, 3.62545044e+02, 2.87996203e-01, 1.30738818e+03,
       4.95000580e+02, 6.26521409e-01, 1.50744299e+03, 5.47963806e+02,
       4.72146928e-01, 1.09539502e+03, 2.62452087e+02, 2.27759495e-01,
       1.23368164e+03, 2.50725052e+02, 8.06438252e-02, 0., 0., 0.,
       7.15712219e+02, 3.47772430e+02, 6.74414456e-01, 7.21649963e+02,
       3.21395782e+02, 7.87156701e-01, 0., 0., 0., 7.39290894e+02,
       2.88990234e+02, 6.20795071e-01, 0., 0., 0., 0., 0., 0., 0., 0.,
       0., 1.56630566e+03, 5.03784241e+02, 2.40405008e-01,
       1.56042957e+03, 5.09714630e+02, 1.77745759e-01, 1.55455029e+03,
       5.50887573e+02, 2.60433733e-01 ]
