%YAML:1.0
---
pose_0: !!opencv-matrix
   rows: 1
   cols: 25
   dt: "3f"
   data: [ 7.18747803e+02, 4.59564911e+02, 8.62464249e-01,
       8.09945251e+02, 4.42019165e+02, 6.76927030e-01, 8.06895264e+02,
       5.06659546e+02, 5.86432695e-01, 9.33524536e+02, 5.47944092e+02,
       2.10386306e-01, 1.00119031e+03, 5.50949524e+02, 1.07977420e-01,
       8.12938782e+02, 3.80212769e+02, 6.51250839e-01, 8.77614136e+02,
       3.24319275e+02, 6.57421052e-01, 9.24581055e+02, 2.91874969e+02,
       7.79716372e-01, 1.09541711e+03, 4.62658386e+02, 5.84545732e-01,
       1.08952905e+03, 5.09729889e+02, 5.54609239e-01, 1.32492261e+03,
       5.62716492e+02, 6.02402031e-01, 1.61042627e+03, 6.18505676e+02,
       5.38127065e-01, 1.10130090e+03, 4.12494537e+02, 5.45027733e-01,
       1.32202893e+03, 4.24346893e+02, 4.82931584e-01, 1.61046179e+03,
       4.56582336e+02, 3.59620601e-01, 7.06918945e+02, 4.74309113e+02,
       7.55372882e-01, 7.06925232e+02, 4.36242432e+02, 8.08253765e-01,
       7.18684753e+02, 4.86228119e+02, 1.87551335e-01, 7.18775513e+02,
       4.09650940e+02, 6.02367342e-01, 1.67819177e+03, 4.44911591e+02,
       2.81001478e-01, 1.67229419e+03, 4.39023895e+02, 3.11242819e-01,
       1.66050537e+03, 4.62561127e+02, 1.92153975e-01, 1.67523486e+03,
       5.74313354e+02, 4.42988545e-01, 1.66642993e+03, 5.80298523e+02,
       3.42692465e-01, 1.63988696e+03, 6.15644531e+02, 2.32753873e-01 ]
