%YAML:1.0
---
pose_0: !!opencv-matrix
   rows: 1
   cols: 25
   dt: "3f"
   data: [ 7.62901367e+02, 5.24411011e+02, 7.10517049e-01,
       8.39340820e+02, 4.39085785e+02, 4.72409964e-01, 8.36491211e+02,
       4.36064972e+02, 3.98603201e-01, 0., 0., 0., 0., 0., 0.,
       8.39336914e+02, 4.50863373e+02, 6.80007994e-01, 1.00415558e+03,
       4.59651550e+02, 7.93369114e-01, 1.16009241e+03, 4.94973846e+02,
       6.84540749e-01, 1.14249988e+03, 3.71338074e+02, 3.26634616e-01,
       0., 0., 0., 0., 0., 0., 0., 0., 0., 1.14834924e+03,
       3.71370270e+02, 4.41714287e-01, 1.34553284e+03, 5.06754395e+02,
       7.26998687e-01, 1.62518896e+03, 4.33112610e+02, 4.22021687e-01,
       0., 0., 0., 7.50997253e+02, 5.06702087e+02, 7.52254784e-01, 0.,
       0., 0., 7.59875916e+02, 4.59677612e+02, 6.84382498e-01,
       1.68398474e+03, 3.80156311e+02, 1.89293504e-01, 1.68105518e+03,
       3.80139465e+02, 2.00068638e-01, 1.65748303e+03, 4.50799438e+02,
       2.00031459e-01, 0., 0., 0., 0., 0., 0., 0., 0., 0. ]
