%YAML:1.0
---
pose_0: !!opencv-matrix
   rows: 1
   cols: 25
   dt: "3f"
   data: [ 7.59862366e+02, 3.83062653e+02, 8.71801794e-01,
       8.86365234e+02, 4.15477661e+02, 7.43992388e-01, 8.83417603e+02,
       5.03680634e+02, 7.69180000e-01, 1.00119641e+03, 5.92139343e+02,
       8.26280773e-01, 1.09829663e+03, 5.47949890e+02, 7.87576973e-01,
       8.83584106e+02, 3.38960327e+02, 6.03037655e-01, 1.02465454e+03,
       2.62455994e+02, 7.94353902e-01, 1.14263782e+03, 1.83018051e+02,
       8.17804337e-01, 1.16305762e+03, 3.94890442e+02, 5.65357864e-01,
       1.16303918e+03, 4.39093597e+02, 5.96253395e-01, 1.35138184e+03,
       4.59583740e+02, 6.76023781e-01, 1.54272070e+03, 5.30381409e+02,
       6.17144108e-01, 1.16012854e+03, 3.41947113e+02, 5.85563302e-01,
       1.36324390e+03, 3.18306274e+02, 6.56522810e-01, 1.56335864e+03,
       2.91841187e+02, 6.30550623e-01, 7.42155884e+02, 3.91916260e+02,
       8.26873958e-01, 7.48124329e+02, 3.62599670e+02, 8.70536923e-01,
       7.59853271e+02, 4.21372498e+02, 6.39510930e-01, 7.83311218e+02,
       3.44962799e+02, 5.39302468e-01, 1.63693262e+03, 2.71204285e+02,
       4.84663635e-01, 1.63390881e+03, 2.68255707e+02, 4.99383867e-01,
       1.58687695e+03, 2.83087189e+02, 2.88868994e-01, 1.61352112e+03,
       5.30316101e+02, 5.40487945e-01, 1.60457312e+03, 5.47884705e+02,
       4.81040299e-01, 1.56336011e+03, 5.36183838e+02, 3.60763282e-01 ]
