%YAML:1.0
---
pose_0: !!opencv-matrix
   rows: 3
   cols: 25
   dt: "3f"
   data: [ 5.53856873e+02, 5.83322388e+02, 4.39255178e-01,
       6.98046814e+02, 5.21446960e+02, 1.19769022e-01, 6.83325928e+02,
       5.83283630e+02, 2.93690950e-01, 7.80407166e+02, 5.47946960e+02,
       5.84607244e-01, 6.42068665e+02, 3.68366333e+02, 6.63104534e-01,
       6.71607910e+02, 5.94951904e+02, 1.61703259e-01, 7.77561279e+02,
       5.50913940e+02, 9.38846469e-02, 0., 0., 0., 0., 0., 0., 0., 0.,
       0., 0., 0., 0., 0., 0., 0., 0., 0., 0., 0., 0., 0., 0., 0., 0.,
       0., 0., 0., 5.44961182e+02, 5.71390564e+02, 3.66490632e-01, 0.,
       0., 0., 5.71492126e+02, 5.33254639e+02, 4.59512055e-01, 0., 0.,
       0., 0., 0., 0., 0., 0., 0., 0., 0., 0., 0., 0., 0., 0., 0., 0.,
       0., 0., 0., 7.30400452e+02, 5.06687805e+02, 1.16699778e-01, 0.,
       0., 0., 0., 0., 0., 0., 0., 0., 0., 0., 0., 0., 0., 0., 0., 0.,
       0., 1.08948914e+03, 5.47978760e+02, 3.99668932e-01,
       1.06883154e+03, 6.21473511e+02, 3.70244235e-01, 1.37205078e+03,
       7.77529175e+02, 4.70364869e-01, 1.60457422e+03, 9.30651062e+02,
       2.96041071e-01, 1.11601038e+03, 4.80194763e+02, 3.37831169e-01,
       1.42201819e+03, 5.24350281e+02, 4.90194052e-01, 1.74587585e+03,
       4.92061462e+02, 3.51154655e-01, 0., 0., 0., 0., 0., 0., 0., 0.,
       0., 0., 0., 0., 1.86653589e+03, 5.15596802e+02, 1.04180880e-01,
       0., 0., 0., 1.78115588e+03, 5.00839020e+02, 1.52754486e-01, 0.,
       0., 0., 0., 0., 0., 1.63406726e+03, 9.36452515e+02,
       2.06918240e-01, 0., 0., 0., 0., 0., 0., 0., 0., 0., 0., 0., 0.,
       0., 0., 0., 7.80424500e+02, 2.97822815e+02, 8.30193907e-02,
       8.77495239e+02, 2.24294296e+02, 5.19904256e-01, 7.01036499e+02,
       1.94681976e+02, 6.04523480e-01, 0., 0., 0., 0., 0., 0., 0., 0.,
       0., 0., 0., 0., 0., 0., 0., 0., 0., 0., 0., 0., 0., 0., 0., 0.,
       0., 0., 0., 0., 0., 0., 0., 0., 0., 0., 0., 0., 0., 0., 0., 0.,
       0., 0., 0., 0., 0., 0., 0., 0., 0., 0., 0. ]
