%YAML:1.0
---
pose_0: !!opencv-matrix
   rows: 1
   cols: 25
   dt: "3f"
   data: [ 0., 0., 0., 7.62767334e+02, 5.39097229e+02, 3.02776575e-01,
       7.62806091e+02, 5.27315247e+02, 2.63187766e-01, 9.06951477e+02,
       5.09699677e+02, 5.89707911e-01, 9.30729126e+02, 4.21352081e+02,
       6.79254711e-01, 7.42227356e+02, 5.53823181e+02, 3.40135634e-01,
       8.98203186e+02, 5.12647461e+02, 1.44957185e-01, 0., 0., 0.,
       1.09540027e+03, 5.74370667e+02, 5.01328826e-01, 1.08658081e+03,
       6.00853333e+02, 4.11794662e-01, 1.37786523e+03, 5.27337830e+02,
       8.15262973e-01, 1.63100513e+03, 6.89225403e+02, 3.77680540e-01,
       1.10715454e+03, 5.39138367e+02, 3.70919615e-01, 1.37794604e+03,
       5.06783112e+02, 2.61613429e-01, 1.55162170e+03, 5.80311035e+02,
       2.44142637e-01, 0., 0., 0., 0., 0., 0., 7.15636780e+02,
       5.12664917e+02, 5.54469191e-02, 0., 0., 0., 1.61043237e+03,
       5.27374695e+02, 1.20614126e-01, 1.59870837e+03, 5.30304932e+02,
       1.14588276e-01, 1.57515100e+03, 5.94973206e+02, 1.91815078e-01,
       1.69282935e+03, 7.27445740e+02, 1.35152206e-01, 1.68093335e+03,
       7.42173767e+02, 1.84518516e-01, 1.68111011e+03, 7.42215576e+02,
       2.46689886e-01 ]
