%YAML:1.0
---
pose_0: !!opencv-matrix
   rows: 1
   cols: 25
   dt: "3f"
   data: [ 7.53989624e+02, 4.30184906e+02, 7.86911249e-01,
       8.42265686e+02, 3.94910248e+02, 5.69925904e-01, 8.36381165e+02,
       4.53736115e+02, 3.89394611e-01, 9.95325928e+02, 4.77352997e+02,
       3.80087674e-01, 1.10126025e+03, 5.47956055e+02, 6.07110858e-01,
       8.56960449e+02, 3.39006683e+02, 5.69955230e-01, 9.74621277e+02,
       2.47801498e+02, 8.10367823e-01, 9.51001343e+02, 3.91908264e+02,
       8.13727438e-01, 1.13658972e+03, 4.21423004e+02, 5.35721004e-01,
       1.12777612e+03, 4.65570068e+02, 5.55975497e-01, 1.31905408e+03,
       5.65607483e+02, 6.57785535e-01, 1.54869409e+03, 5.71465393e+02,
       5.95841527e-01, 1.13950647e+03, 3.65550262e+02, 4.63977695e-01,
       1.38087952e+03, 3.38930481e+02, 7.02702701e-01, 1.51624573e+03,
       1.97729233e+02, 4.74625409e-01, 7.39137634e+02, 4.39140808e+02,
       7.71353722e-01, 7.39346680e+02, 4.09518005e+02, 8.50634456e-01,
       7.48079041e+02, 4.62526489e+02, 1.08074270e-01, 7.62721008e+02,
       3.71419983e+02, 6.08015716e-01, 1.56630566e+03, 1.35899231e+02,
       2.33438626e-01, 1.56046191e+03, 1.35914169e+02, 2.39301443e-01,
       1.52216943e+03, 1.77188812e+02, 2.47583538e-01, 1.60162573e+03,
       5.27414001e+02, 1.80543065e-01, 1.58994348e+03, 5.42056641e+02,
       1.35619804e-01, 1.58687036e+03, 5.53797546e+02, 4.25890505e-01 ]
