%YAML:1.0
---
pose_0: !!opencv-matrix
   rows: 1
   cols: 25
   dt: "3f"
   data: [ 7.21604431e+02, 4.83259125e+02, 7.32526183e-01,
       7.83384949e+02, 4.39016846e+02, 4.95038003e-01, 7.71631226e+02,
       4.59671326e+02, 3.87600154e-01, 9.21729370e+02, 4.94962799e+02,
       9.61465985e-02, 0., 0., 0., 7.86373169e+02, 4.30156158e+02,
       7.68154144e-01, 9.27497131e+02, 4.83342621e+02, 8.42222691e-01,
       8.27550415e+02, 5.47990601e+02, 7.78252900e-01, 1.11897131e+03,
       4.18404968e+02, 3.40393096e-01, 1.11012061e+03, 4.30225647e+02,
       2.02037066e-01, 1.32499207e+03, 4.50812042e+02, 3.99723768e-01,
       1.40738159e+03, 4.00800446e+02, 3.35491329e-01, 1.12485120e+03,
       4.00816803e+02, 3.38704526e-01, 1.34845081e+03, 4.80139038e+02,
       5.96535683e-01, 1.61926355e+03, 4.12551208e+02, 4.25525039e-01,
       7.12677124e+02, 4.83224701e+02, 2.77364880e-01, 7.15766418e+02,
       4.71459442e+02, 7.19264925e-01, 0., 0., 0., 7.21657837e+02,
       4.33083191e+02, 6.24709904e-01, 1.68399243e+03, 3.65525299e+02,
       2.96234280e-01, 1.68411890e+03, 3.65522614e+02, 2.40822583e-01,
       1.65459961e+03, 4.12568146e+02, 1.49803445e-01, 1.42504163e+03,
       4.30197266e+02, 1.07401721e-01, 0., 0., 0., 1.41912891e+03,
       3.86027924e+02, 2.28360653e-01 ]
