%YAML:1.0
---
pose_0: !!opencv-matrix
   rows: 1
   cols: 25
   dt: "3f"
   data: [ 0., 0., 0., 0., 0., 0., 0., 0., 0., 0., 0., 0., 0., 0., 0.,
       0., 0., 0., 0., 0., 0., 0., 0., 0., 1.20723657e+03,
       4.86123749e+02, 9.22952369e-02, 1.20429419e+03, 4.77291199e+02,
       9.57657844e-02, 1.34554126e+03, 4.68474396e+02, 2.26246461e-01,
       1.59281616e+03, 4.33059113e+02, 3.11909229e-01, 1.23373291e+03,
       4.94981628e+02, 1.09368846e-01, 1.37200366e+03, 5.18520996e+02,
       2.57862568e-01, 1.63105200e+03, 4.30185089e+02, 2.97318727e-01,
       0., 0., 0., 0., 0., 0., 0., 0., 0., 0., 0., 0., 0., 0., 0., 0.,
       0., 0., 1.69284412e+03, 4.65522278e+02, 1.17258988e-01, 0., 0.,
       0., 0., 0., 0., 0., 0., 0. ]
