%YAML:1.0
---
pose_0: !!opencv-matrix
   rows: 1
   cols: 25
   dt: "3f"
   data: [ 7.53916748e+02, 3.65465271e+02, 8.49582314e-01,
       8.71719055e+02, 3.65412292e+02, 7.17976034e-01, 8.68761475e+02,
       4.36022369e+02, 6.36541367e-01, 9.98313354e+02, 4.94954590e+02,
       3.86329085e-01, 1.00712317e+03, 5.09771179e+02, 4.27206904e-01,
       8.83407593e+02, 2.85989166e+02, 6.32382929e-01, 1.02168781e+03,
       2.30032272e+02, 7.99026191e-01, 1.08941089e+03, 1.53488770e+02,
       7.42808640e-01, 1.13959119e+03, 3.86035675e+02, 6.13178194e-01,
       1.13361279e+03, 4.33221924e+02, 5.91200113e-01, 1.35151965e+03,
       4.56747559e+02, 6.17134631e-01, 1.54268982e+03, 4.74389954e+02,
       6.20355010e-01, 1.14251941e+03, 3.33024719e+02, 5.68800688e-01,
       1.35442334e+03, 3.33104858e+02, 6.42738819e-01, 1.56634558e+03,
       3.12436096e+02, 5.08218765e-01, 7.39287292e+02, 3.86062439e+02,
       8.37946773e-01, 7.42136230e+02, 3.47868195e+02, 8.11041236e-01,
       7.62716431e+02, 4.09598267e+02, 3.65476936e-01, 7.65736816e+02,
       3.21328888e+02, 5.93029857e-01, 1.64283130e+03, 2.68280975e+02,
       4.34238166e-01, 1.63691333e+03, 2.68335419e+02, 4.88125056e-01,
       1.61338208e+03, 3.12481171e+02, 2.30491638e-01, 1.60461218e+03,
       4.80212555e+02, 3.09748709e-01, 1.59279797e+03, 4.89121429e+02,
       3.01576018e-01, 1.57220642e+03, 4.59604340e+02, 3.40038717e-01 ]
