%YAML:1.0
---
pose_0: !!opencv-matrix
   rows: 1
   cols: 25
   dt: "3f"
   data: [ 0., 0., 0., 7.65748413e+02, 5.47854614e+02, 5.93369663e-01,
       7.68697327e+02, 5.47933533e+02, 5.12402117e-01, 9.12907776e+02,
       5.06819977e+02, 7.87403166e-01, 8.59915405e+02, 3.91985413e+02,
       8.05956602e-01, 7.62709412e+02, 5.62643311e+02, 5.69777429e-01,
       9.68797302e+02, 4.80270691e+02, 3.06737781e-01, 9.48241089e+02,
       4.33029388e+02, 6.04308188e-01, 1.08951648e+03, 5.59715210e+02,
       4.57197487e-01, 1.07482922e+03, 5.97935852e+02, 3.95218015e-01,
       1.35149426e+03, 5.12597290e+02, 7.50547826e-01, 1.63405115e+03,
       7.12740479e+02, 5.03761113e-01, 1.09832690e+03, 5.24351379e+02,
       4.09343660e-01, 1.36914270e+03, 4.94945374e+02, 5.07160068e-01,
       1.49576636e+03, 6.42147461e+02, 4.79844660e-01, 0., 0., 0., 0.,
       0., 0., 7.12746277e+02, 5.06727692e+02, 1.48620322e-01,
       6.89230835e+02, 5.74488770e+02, 3.44959557e-01, 0., 0., 0., 0.,
       0., 0., 1.48688049e+03, 6.65651001e+02, 3.49830151e-01,
       1.67519092e+03, 6.98060425e+02, 3.01749378e-01, 1.66349902e+03,
       7.15619934e+02, 3.61831665e-01, 1.65168945e+03, 7.36298523e+02,
       3.67656440e-01 ]
