%YAML:1.0
---
pose_0: !!opencv-matrix
   rows: 1
   cols: 25
   dt: "3f"
   data: [ 8.98166077e+02, 5.42021851e+02, 8.61717686e-02,
       9.24607178e+02, 4.80301819e+02, 4.48658288e-01, 8.92311279e+02,
       5.21425232e+02, 1.83993652e-01, 8.18753113e+02, 5.12604919e+02,
       6.30183518e-02, 0., 0., 0., 9.30528809e+02, 4.42024567e+02,
       3.52597326e-01, 9.30537537e+02, 4.06672974e+02, 4.37242478e-01,
       7.86266052e+02, 4.03731567e+02, 6.03946805e-01, 1.14837036e+03,
       5.03741974e+02, 2.79031873e-01, 1.14836353e+03, 5.06721710e+02,
       2.47445241e-01, 1.32792444e+03, 5.06802216e+02, 7.35606074e-01,
       1.56340784e+03, 6.21564453e+02, 6.05479121e-01, 1.15131409e+03,
       4.92040558e+02, 2.47307852e-01, 1.34843433e+03, 4.47905457e+02,
       5.97671568e-01, 1.56636926e+03, 5.06784393e+02, 6.57358766e-01,
       8.83511597e+02, 5.30194824e+02, 6.17205426e-02, 8.89344971e+02,
       5.27327087e+02, 1.07916847e-01, 0., 0., 0., 8.80494568e+02,
       5.00877045e+02, 1.23133361e-01, 1.68703271e+03, 5.27356995e+02,
       1.51874453e-01, 1.68696191e+03, 5.27326233e+02, 1.44865543e-01,
       1.58981897e+03, 5.30288269e+02, 2.92356163e-01, 1.63100183e+03,
       6.68603394e+02, 5.17930925e-01, 1.61036841e+03, 6.74516174e+02,
       5.67136168e-01, 1.59577466e+03, 6.09779846e+02, 3.39831322e-01 ]
