%YAML:1.0
---
pose_0: !!opencv-matrix
   rows: 1
   cols: 25
   dt: "3f"
   data: [ 7.62819153e+02, 3.65471924e+02, 8.85022998e-01,
       8.77545837e+02, 3.85921967e+02, 7.40576565e-01, 8.68799377e+02,
       4.74291412e+02, 7.02584863e-01, 1.01002582e+03, 5.06844116e+02,
       7.70857394e-01, 1.11305151e+03, 5.36237732e+02, 7.77473748e-01,
       8.83434753e+02, 2.94827179e+02, 7.34384596e-01, 9.74811096e+02,
       2.03633057e+02, 8.39664638e-01, 1.05716541e+03, 8.28467636e+01,
       7.90700078e-01, 1.13959192e+03, 3.62405762e+02, 5.68941832e-01,
       1.14246118e+03, 4.09479706e+02, 5.59014559e-01, 1.35437671e+03,
       4.35970276e+02, 7.85098732e-01, 1.55157056e+03, 5.30255188e+02,
       7.12223649e-01, 1.13947083e+03, 3.06574219e+02, 5.31936646e-01,
       1.34851062e+03, 2.80089294e+02, 4.97900307e-01, 1.57516077e+03,
       2.88992371e+02, 6.46897912e-01, 7.48098938e+02, 3.85923676e+02,
       7.76638269e-01, 7.48102966e+02, 3.44933838e+02, 7.91872978e-01,
       7.65644470e+02, 4.12484375e+02, 6.45997584e-01, 7.71701416e+02,
       3.24295258e+02, 4.63861257e-01, 1.64285840e+03, 2.65327362e+02,
       3.94911855e-01, 1.63702478e+03, 2.59490784e+02, 4.43331122e-01,
       1.60748889e+03, 2.94893951e+02, 2.78899014e-01, 1.61629150e+03,
       5.41998352e+02, 6.40579641e-01, 1.60451050e+03, 5.53748962e+02,
       6.43062294e-01, 1.56342480e+03, 5.44994202e+02, 4.44097310e-01 ]
