%YAML:1.0
---
pose_0: !!opencv-matrix
   rows: 1
   cols: 25
   dt: "3f"
   data: [ 7.83411255e+02, 5.74539734e+02, 8.56929541e-01,
       8.77592712e+02, 6.21625793e+02, 7.38017321e-01, 8.51086365e+02,
       6.95052734e+02, 4.44219440e-01, 9.07003479e+02, 7.68696533e+02,
       1.61266997e-01, 0., 0., 0., 9.01083557e+02, 5.53827942e+02,
       5.53875148e-01, 1.01885205e+03, 5.45025208e+02, 2.00240195e-01,
       1.06881836e+03, 4.89100952e+02, 1.12151399e-01, 1.13661938e+03,
       6.21571594e+02, 6.14386082e-01, 1.13364050e+03, 6.68529541e+02,
       5.68640411e-01, 1.32496973e+03, 6.68529846e+02, 6.55922234e-01,
       1.53975098e+03, 7.15596741e+02, 4.76215243e-01, 1.13958569e+03,
       5.74380066e+02, 6.15007579e-01, 1.32491882e+03, 5.97893677e+02,
       5.66337705e-01, 1.51924072e+03, 6.21519531e+02, 4.62146282e-01,
       7.65846741e+02, 5.83301880e+02, 7.05517173e-01, 7.83347290e+02,
       5.56792664e+02, 7.47869194e-01, 7.80413391e+02, 6.21513123e+02,
       6.26076519e-01, 8.12840088e+02, 5.50857117e+02, 4.16797817e-01,
       1.61353076e+03, 5.97913574e+02, 4.92981136e-01, 1.61047021e+03,
       5.89132690e+02, 5.15570462e-01, 1.53980115e+03, 6.42095764e+02,
       3.01720828e-01, 1.60456506e+03, 6.95050110e+02, 2.35384658e-01,
       1.58995032e+03, 7.09832703e+02, 1.93921909e-01, 1.56637268e+03,
       7.15662476e+02, 2.84631938e-01 ]
