%YAML:1.0
---
pose_0: !!opencv-matrix
   rows: 2
   cols: 25
   dt: "3f"
   data: [ 6.71515137e+02, 4.27321014e+02, 8.53242159e-01,
       8.06897888e+02, 4.77307617e+02, 5.44206202e-01, 8.18712402e+02,
       5.86182007e+02, 5.50565779e-01, 9.48144348e+02, 6.48086609e+02,
       7.33347416e-01, 1.10427161e+03, 7.39142578e+02, 7.96372414e-01,
       8.15827820e+02, 3.83019104e+02, 6.38666272e-01, 9.56998596e+02,
       2.97832581e+02, 7.83878624e-01, 1.11890173e+03, 1.94795288e+02,
       8.49406540e-01, 1.09539270e+03, 4.33153442e+02, 4.03042376e-01,
       1.10425769e+03, 4.86204681e+02, 4.22111243e-01, 1.38088770e+03,
       5.06720856e+02, 5.49520731e-01, 1.63691223e+03, 5.33175476e+02,
       5.60239851e-01, 1.08064929e+03, 3.74311188e+02, 4.68030542e-01,
       1.18658069e+03, 3.15423065e+02, 4.35935616e-01, 1.41326758e+03,
       2.24324005e+02, 1.17308177e-01, 6.50974243e+02, 4.39089294e+02,
       8.06414425e-01, 6.65725586e+02, 4.09448090e+02, 8.49517941e-01,
       0., 0., 0., 6.95049988e+02, 3.86078430e+02, 4.74894166e-01, 0.,
       0., 0., 0., 0., 0., 1.43385400e+03, 2.30031326e+02,
       9.59093943e-02, 1.73112146e+03, 5.33190002e+02, 5.12208402e-01,
       1.71644324e+03, 5.47959900e+02, 4.44337785e-01, 1.64288135e+03,
       5.30284851e+02, 3.04823518e-01, 0., 0., 0., 0., 0., 0.,
       7.27497803e+02, 5.03848572e+02, 1.11351997e-01, 6.24430908e+02,
       4.71379028e+02, 1.26048207e-01, 0., 0., 0., 0., 0., 0., 0., 0.,
       0., 0., 0., 0., 0., 0., 0., 0., 0., 0., 0., 0., 0., 0., 0., 0.,
       0., 0., 0., 0., 0., 0., 0., 0., 0., 0., 0., 0., 0., 0., 0.,
       6.71449829e+02, 4.71408081e+02, 5.10085106e-01, 0., 0., 0., 0.,
       0., 0., 0., 0., 0., 0., 0., 0., 0., 0., 0., 0., 0., 0., 0., 0.,
       0. ]
