%YAML:1.0
---
pose_0: !!opencv-matrix
   rows: 1
   cols: 25
   dt: "3f"
   data: [ 7.65647705e+02, 3.18424774e+02, 6.75173044e-01,
       8.62925293e+02, 2.83058441e+02, 6.24417782e-01, 8.59843933e+02,
       3.59585052e+02, 5.78382432e-01, 8.42255554e+02, 4.91993317e+02,
       7.04369605e-01, 8.30542053e+02, 6.21557983e+02, 6.60894752e-01,
       8.83431702e+02, 2.00682709e+02, 4.13523853e-01, 1.05709607e+03,
       1.26998482e+02, 3.77861023e-01, 1.18367651e+03, 1.09357765e+02,
       6.29824102e-01, 1.14252197e+03, 2.88968414e+02, 4.54724878e-01,
       1.13659412e+03, 3.41908051e+02, 4.69398201e-01, 1.35149670e+03,
       4.53703339e+02, 4.64958578e-01, 1.50153882e+03, 5.50894836e+02,
       4.35972273e-01, 1.15721423e+03, 2.24245590e+02, 4.09379780e-01,
       1.35435925e+03, 1.88860046e+02, 2.44619370e-01, 1.42507874e+03,
       1.59468445e+02, 2.19491467e-01, 7.48118347e+02, 3.30106873e+02,
       5.47990561e-01, 7.50990234e+02, 2.97835083e+02, 5.76981783e-01,
       7.71606262e+02, 3.39020142e+02, 7.21935332e-02, 7.77521179e+02,
       2.56576996e+02, 4.34557498e-01, 1.55748779e+03, 1.24074295e+02,
       1.77511781e-01, 1.55744067e+03, 1.18260895e+02, 1.81876555e-01,
       1.44863440e+03, 1.74081375e+02, 6.75297230e-02, 1.53979004e+03,
       5.68535645e+02, 1.07596800e-01, 0., 0., 0., 1.52515930e+03,
       5.53766296e+02, 3.00320417e-01 ]
