%YAML:1.0
---
pose_0: !!opencv-matrix
   rows: 1
   cols: 25
   dt: "3f"
   data: [ 5.27366211e+02, 5.68518066e+02, 2.15984955e-01,
       6.18580750e+02, 5.50778076e+02, 3.17392528e-01, 5.89152527e+02,
       5.89165161e+02, 1.55422345e-01, 4.74402435e+02, 6.45062744e+02,
       7.94305950e-02, 4.80172455e+02, 6.27430664e+02, 2.55022466e-01,
       6.42165100e+02, 4.94967651e+02, 3.60989571e-01, 7.65661194e+02,
       4.30229736e+02, 8.21906686e-01, 6.68501526e+02, 5.18520386e+02,
       7.16686249e-01, 1.05716272e+03, 5.30279114e+02, 3.61759603e-01,
       1.05711719e+03, 5.95043213e+02, 3.14069629e-01, 1.18661194e+03,
       6.68548584e+02, 1.59489855e-01, 0., 0., 0., 1.06008960e+03,
       4.74359009e+02, 3.73384029e-01, 1.35733899e+03, 5.50937805e+02,
       3.98848623e-01, 1.61929297e+03, 5.50855652e+02, 1.31524608e-01,
       5.12632568e+02, 5.53774292e+02, 1.92024767e-01, 5.33247131e+02,
       5.47896057e+02, 2.81677097e-01, 5.06814728e+02, 5.53844421e+02,
       5.79749160e-02, 5.77486389e+02, 5.06783997e+02, 4.05122846e-01,
       0., 0., 0., 0., 0., 0., 0., 0., 0., 0., 0., 0., 0., 0., 0., 0.,
       0., 0. ]
