%YAML:1.0
---
pose_0: !!opencv-matrix
   rows: 1
   cols: 25
   dt: "3f"
   data: [ 6.95209656e+02, 4.33183838e+02, 9.14146841e-01,
       7.95138794e+02, 4.80348206e+02, 6.82245255e-01, 8.09932861e+02,
       5.74316162e+02, 4.66694355e-01, 9.15897339e+02, 6.06850830e+02,
       6.05591178e-01, 1.00124323e+03, 6.01028381e+02, 8.23376834e-01,
       8.09917969e+02, 4.12613373e+02, 7.24944532e-01, 9.54102844e+02,
       3.44887024e+02, 8.55586290e-01, 8.42257874e+02, 3.85907501e+02,
       7.27309048e-01, 1.09241479e+03, 4.83226563e+02, 5.38603902e-01,
       1.08651746e+03, 5.30311462e+02, 5.82143366e-01, 1.28667493e+03,
       5.53966003e+02, 8.01647961e-01, 1.51333167e+03, 5.86219116e+02,
       5.67299545e-01, 1.09245337e+03, 4.33136505e+02, 5.55952966e-01,
       1.31320215e+03, 4.33024689e+02, 6.44262791e-01, 1.56040930e+03,
       4.53678314e+02, 6.52940392e-01, 6.74543884e+02, 4.50772980e+02,
       8.28988492e-01, 6.92131592e+02, 4.12700592e+02, 8.61214399e-01,
       6.92142578e+02, 4.83163239e+02, 7.47367203e-01, 7.18836609e+02,
       4.09481140e+02, 1.55310497e-01, 1.62809021e+03, 4.50802582e+02,
       5.68550766e-01, 1.62220020e+03, 4.39003174e+02, 5.82518458e-01,
       1.56931006e+03, 4.56629486e+02, 3.39783609e-01, 1.58983826e+03,
       5.68571838e+02, 3.42787117e-01, 1.58103760e+03, 5.83297241e+02,
       2.52549648e-01, 1.55454468e+03, 5.77312561e+02, 2.94977367e-01 ]
