%YAML:1.0
---
pose_0: !!opencv-matrix
   rows: 1
   cols: 25
   dt: "3f"
   data: [ 7.18776428e+02, 5.03655609e+02, 8.38906467e-01,
       8.27582092e+02, 4.77266205e+02, 5.83829522e-01, 8.33489075e+02,
       5.47862000e+02, 4.05978322e-01, 9.39394775e+02, 5.83297302e+02,
       1.28000885e-01, 0., 0., 0., 8.33497620e+02, 4.03679596e+02,
       6.17215753e-01, 9.77630554e+02, 3.65588867e+02, 8.06302607e-01,
       1.13652661e+03, 3.35913513e+02, 8.07436347e-01, 1.11594751e+03,
       5.00826660e+02, 5.54614723e-01, 1.11305688e+03, 5.50817444e+02,
       5.72773576e-01, 1.32791052e+03, 5.45015381e+02, 6.08111322e-01,
       1.58988074e+03, 5.27235535e+02, 5.62388957e-01, 1.11892236e+03,
       4.44895691e+02, 5.43001950e-01, 1.35138477e+03, 4.33175079e+02,
       6.76181376e-01, 1.54279114e+03, 4.24347931e+02, 4.79137301e-01,
       7.06883789e+02, 5.12650635e+02, 7.61024892e-01, 7.09787170e+02,
       4.80244690e+02, 7.94469118e-01, 7.18740234e+02, 5.30339783e+02,
       1.21587329e-01, 7.21703735e+02, 4.50815521e+02, 5.89792430e-01,
       1.62219690e+03, 4.03713501e+02, 4.58801180e-01, 1.61630481e+03,
       3.97884094e+02, 5.11784852e-01, 1.57219128e+03, 4.33134796e+02,
       2.26988569e-01, 1.66935864e+03, 5.74456177e+02, 3.56034547e-01,
       1.66634753e+03, 5.74336182e+02, 3.64292651e-01, 1.62515308e+03,
       5.03817017e+02, 4.14387047e-01 ]
