%YAML:1.0
---
pose_0: !!opencv-matrix
   rows: 1
   cols: 25
   dt: "3f"
   data: [ 7.39312622e+02, 5.00892853e+02, 8.47220123e-01,
       8.39355835e+02, 5.00832733e+02, 7.07479060e-01, 8.36493530e+02,
       5.65564880e+02, 6.11035228e-01, 9.77628052e+02, 6.24567749e+02,
       7.20956087e-01, 1.08650989e+03, 6.74548828e+02, 7.37870693e-01,
       8.51033020e+02, 4.24297943e+02, 6.03589654e-01, 1.00126825e+03,
       3.89014679e+02, 8.14266086e-01, 1.13065857e+03, 3.47805573e+02,
       7.67216384e-01, 1.11897327e+03, 5.06838379e+02, 5.40070593e-01,
       1.11595105e+03, 5.62621826e+02, 5.34059167e-01, 1.33387769e+03,
       6.21421509e+02, 6.99532032e-01, 1.54275537e+03, 6.68690186e+02,
       4.84189272e-01, 1.11898535e+03, 4.56621185e+02, 5.24861515e-01,
       1.35154004e+03, 4.56689789e+02, 6.79727077e-01, 1.56332288e+03,
       4.68480408e+02, 5.39954305e-01, 7.21596008e+02, 5.12594543e+02,
       8.03844333e-01, 7.24527527e+02, 4.80253967e+02, 8.41554105e-01,
       7.39308838e+02, 5.33278809e+02, 5.24628758e-01, 7.48040649e+02,
       4.53759918e+02, 6.13944590e-01, 1.63692700e+03, 4.41977356e+02,
       3.20723623e-01, 1.63407739e+03, 4.39065582e+02, 3.02267939e-01,
       1.58396863e+03, 4.83203278e+02, 2.44013965e-01, 1.61637830e+03,
       6.51035889e+02, 3.71158153e-01, 1.61331934e+03, 6.65657043e+02,
       2.80258775e-01, 1.58396521e+03, 6.83348816e+02, 1.82253227e-01 ]
