%YAML:1.0
---
pose_0: !!opencv-matrix
   rows: 1
   cols: 25
   dt: "3f"
   data: [ 7.71635254e+02, 5.24382996e+02, 7.24727452e-01,
       8.36405212e+02, 5.71487000e+02, 5.98908782e-01, 8.42234253e+02,
       6.09721497e+02, 7.02460527e-01, 9.48162903e+02, 5.21448181e+02,
       6.83218479e-01, 9.62947144e+02, 3.65417725e+02, 7.99845815e-01,
       8.24573364e+02, 5.27353577e+02, 4.02274430e-01, 9.27539307e+02,
       5.24374695e+02, 8.46843868e-02, 0., 0., 0., 1.14253857e+03,
       5.27323547e+02, 4.88931149e-01, 1.14835779e+03, 5.77317322e+02,
       5.50022244e-01, 1.33965051e+03, 6.24387146e+02, 5.47132790e-01,
       1.55743921e+03, 7.15688904e+02, 6.17781162e-01, 1.13945178e+03,
       4.77290253e+02, 5.62528968e-01, 1.29555469e+03, 3.97845917e+02,
       5.09714186e-01, 1.50451855e+03, 4.12501373e+02, 4.57260162e-01,
       7.51066589e+02, 5.30321106e+02, 7.46720612e-01, 7.62902466e+02,
       5.03872894e+02, 7.94665337e-01, 7.51056702e+02, 5.74319336e+02,
       4.71588016e-01, 7.77471130e+02, 4.89100647e+02, 1.63665026e-01,
       1.51917932e+03, 4.65560181e+02, 7.30688572e-02, 0., 0., 0.,
       1.53101233e+03, 4.09586395e+02, 2.46560141e-01, 1.62516907e+03,
       6.89243958e+02, 5.84727049e-01, 1.61344836e+03, 7.03961975e+02,
       5.12304962e-01, 1.56925305e+03, 7.36341919e+02, 4.23243463e-01 ]
