%YAML:1.0
---
pose_0: !!opencv-matrix
   rows: 1
   cols: 25
   dt: "3f"
   data: [ 7.03922302e+02, 4.83340057e+02, 7.77276456e-01,
       8.24570251e+02, 5.27192322e+02, 7.03033924e-01, 8.09865906e+02,
       5.94988159e+02, 7.62433231e-01, 9.12901001e+02, 6.53875183e+02,
       7.57828653e-01, 1.00411774e+03, 6.68475708e+02, 7.96151519e-01,
       8.36446838e+02, 4.56628143e+02, 4.95804906e-01, 9.98308594e+02,
       4.36008850e+02, 7.41868317e-01, 1.11602319e+03, 4.09575256e+02,
       8.65787745e-01, 1.09545288e+03, 5.53915649e+02, 5.93612015e-01,
       1.08654309e+03, 6.03844910e+02, 5.43974042e-01, 1.29851697e+03,
       5.98067078e+02, 7.87770748e-01, 1.52808435e+03, 6.68587524e+02,
       5.72236896e-01, 1.11297473e+03, 5.03899902e+02, 5.88380873e-01,
       1.33089648e+03, 5.03632446e+02, 7.57026136e-01, 1.54268164e+03,
       5.53816284e+02, 7.10968971e-01, 6.92195435e+02, 5.06650757e+02,
       7.98889816e-01, 6.92267700e+02, 4.80243347e+02, 7.01602578e-01,
       7.12697937e+02, 5.44960693e+02, 6.21637762e-01, 7.15765564e+02,
       4.65478607e+02, 1.84728876e-01, 1.61348047e+03, 5.00858093e+02,
       5.41331410e-01, 1.61034631e+03, 5.00803436e+02, 5.37711859e-01,
       1.56332703e+03, 5.77373474e+02, 4.47740048e-01, 1.62807275e+03,
       6.36191284e+02, 5.17050087e-01, 1.61340393e+03, 6.47984558e+02,
       4.20079708e-01, 1.55451489e+03, 6.71645142e+02, 2.48767614e-01 ]
