%YAML:1.0
---
pose_0: !!opencv-matrix
   rows: 1
   cols: 25
   dt: "3f"
   data: [ 6.15602722e+02, 5.03815369e+02, 8.59029412e-01,
       7.45143066e+02, 4.97891998e+02, 6.58721983e-01, 7.42159302e+02,
       5.83265869e+02, 5.16020060e-01, 8.06954285e+02, 6.36226868e+02,
       2.62181699e-01, 8.74652161e+02, 6.45080750e+02, 5.32898545e-01,
       7.62769226e+02, 4.12599915e+02, 6.41447961e-01, 8.15778137e+02,
       3.68368439e+02, 4.32722211e-01, 8.80466797e+02, 3.41902161e+02,
       6.20528936e-01, 1.04832397e+03, 5.15570801e+02, 5.07181704e-01,
       1.04234082e+03, 5.74375488e+02, 5.37088335e-01, 1.14541675e+03,
       6.27376465e+02, 9.20422599e-02, 1.50450891e+03, 5.97901306e+02,
       2.43057325e-01, 1.05124866e+03, 4.53742096e+02, 4.95120525e-01,
       1.32785876e+03, 4.89057159e+02, 5.88105679e-01, 1.66347864e+03,
       5.09670044e+02, 4.73564535e-01, 5.97919312e+02, 5.21382813e+02,
       8.23778093e-01, 6.00892883e+02, 4.80297791e+02, 8.84834826e-01,
       6.15615173e+02, 5.36152161e+02, 1.88364282e-01, 6.21577087e+02,
       4.53660370e+02, 5.22719383e-01, 1.77827063e+03, 5.44966492e+02,
       6.18082881e-02, 0., 0., 0., 1.68110645e+03, 5.30273254e+02,
       2.27922842e-01, 1.49575305e+03, 6.53898560e+02, 9.79762077e-02,
       1.48394714e+03, 6.47950562e+02, 9.87360924e-02, 1.52514148e+03,
       5.97972168e+02, 1.47211269e-01 ]
