%YAML:1.0
---
pose_0: !!opencv-matrix
   rows: 1
   cols: 25
   dt: "3f"
   data: [ 7.30416443e+02, 3.62585541e+02, 3.49522352e-01,
       8.18721436e+02, 3.65486328e+02, 1.40232071e-01, 8.27560486e+02,
       3.89026459e+02, 9.55696329e-02, 0., 0., 0., 0., 0., 0.,
       7.89308960e+02, 3.71382355e+02, 1.03185520e-01, 0., 0., 0., 0.,
       0., 0., 1.12485522e+03, 3.91982056e+02, 4.53625053e-01,
       1.12190320e+03, 4.44968170e+02, 4.46237296e-01, 1.34264307e+03,
       4.59724762e+02, 4.66853052e-01, 1.54272314e+03, 4.80226654e+02,
       6.22675896e-01, 1.12189673e+03, 3.38911865e+02, 4.26588207e-01,
       1.34554517e+03, 3.39029175e+02, 6.97378278e-01, 1.56637183e+03,
       2.97851288e+02, 5.95919728e-01, 7.12679565e+02, 3.65392548e+02,
       2.55924195e-01, 7.24510315e+02, 3.50798920e+02, 2.20522776e-01,
       7.03988342e+02, 3.89083984e+02, 1.16945803e-01, 0., 0., 0.,
       1.64583545e+03, 2.71312195e+02, 4.03706163e-01, 1.63989319e+03,
       2.71231567e+02, 4.39278096e-01, 1.58986194e+03, 2.91889954e+02,
       2.46689454e-01, 1.56040601e+03, 5.53796814e+02, 1.39036343e-01,
       1.54572595e+03, 5.47848877e+02, 1.39863878e-01, 1.57224927e+03,
       4.65513977e+02, 4.35242265e-01 ]
