%YAML:1.0
---
pose_0: !!opencv-matrix
   rows: 1
   cols: 25
   dt: "3f"
   data: [ 6.89249634e+02, 4.44892822e+02, 7.98610449e-01,
       7.68782288e+02, 5.00787598e+02, 6.98878527e-01, 7.62854736e+02,
       5.65607544e+02, 4.81791317e-01, 8.48118164e+02, 6.30400757e+02,
       5.19375563e-01, 9.39391907e+02, 6.68722534e+02, 6.87247932e-01,
       7.80472595e+02, 4.36070953e+02, 6.84769988e-01, 9.33597046e+02,
       3.94964874e+02, 8.00681829e-01, 8.06974487e+02, 4.09496490e+02,
       8.61204982e-01, 1.06890625e+03, 5.18501831e+02, 5.16181469e-01,
       1.06881458e+03, 5.71458740e+02, 5.60919702e-01, 1.30145984e+03,
       5.83246155e+02, 7.08483696e-01, 1.58098730e+03, 6.06870300e+02,
       6.37253344e-01, 1.06888049e+03, 4.56775848e+02, 5.53181887e-01,
       1.32201672e+03, 4.42015259e+02, 5.25851011e-01, 1.52515015e+03,
       4.59569489e+02, 4.55391616e-01, 6.68597290e+02, 4.59551727e+02,
       9.11390424e-01, 6.71680237e+02, 4.33222137e+02, 7.89848804e-01,
       6.80405945e+02, 5.00832153e+02, 6.97127342e-01, 0., 0., 0.,
       1.63109155e+03, 4.44887329e+02, 4.86813068e-01, 1.63095520e+03,
       4.39135010e+02, 4.99819100e-01, 1.54278662e+03, 4.53763336e+02,
       1.74243748e-01, 1.68694897e+03, 5.77430786e+02, 5.21047950e-01,
       1.67817371e+03, 5.95020935e+02, 4.28467900e-01, 1.59285120e+03,
       6.18554199e+02, 3.20505291e-01 ]
