%YAML:1.0
---
pose_0: !!opencv-matrix
   rows: 1
   cols: 25
   dt: "3f"
   data: [ 7.62677063e+02, 3.65494049e+02, 8.75842929e-01,
       8.36515320e+02, 3.65418060e+02, 8.03045452e-01, 8.42338867e+02,
       4.18476624e+02, 6.73631430e-01, 9.71806580e+02, 4.59549438e+02,
       7.21125603e-01, 1.09232092e+03, 5.21492371e+02, 7.25483179e-01,
       8.39424805e+02, 3.06548218e+02, 6.43450320e-01, 9.62953308e+02,
       2.71300507e+02, 2.67843902e-01, 9.95334595e+02, 2.65391907e+02,
       6.41937196e-01, 1.11900806e+03, 3.89053650e+02, 5.87791979e-01,
       1.11600635e+03, 4.36119598e+02, 5.95052123e-01, 1.33376135e+03,
       4.89103790e+02, 7.30283201e-01, 1.54271045e+03, 5.33274048e+02,
       6.27492189e-01, 1.12484558e+03, 3.39013947e+02, 5.14044821e-01,
       1.36616321e+03, 3.15384003e+02, 3.67922068e-01, 1.57512378e+03,
       2.88869965e+02, 3.47460896e-01, 7.48041138e+02, 3.83125397e+02,
       7.93842733e-01, 7.45207520e+02, 3.47875397e+02, 7.92004526e-01,
       7.62904846e+02, 4.06572479e+02, 4.68641877e-01, 7.65855286e+02,
       3.21419922e+02, 6.55426145e-01, 1.63997888e+03, 2.68250366e+02,
       3.10526967e-01, 1.63985278e+03, 2.65368774e+02, 3.33119899e-01,
       1.62513525e+03, 2.91884827e+02, 1.70103699e-01, 1.61335657e+03,
       5.56785339e+02, 2.91397154e-01, 1.61048352e+03, 5.59742432e+02,
       3.13885689e-01, 1.57809412e+03, 5.27255188e+02, 3.74673188e-01 ]
