%YAML:1.0
---
pose_0: !!opencv-matrix
   rows: 1
   cols: 25
   dt: "3f"
   data: [ 7.86367249e+02, 3.91893829e+02, 7.76842713e-01,
       8.83521973e+02, 3.71350555e+02, 7.07805514e-01, 8.83537842e+02,
       4.24366943e+02, 6.35333240e-01, 8.95275208e+02, 4.83302887e+02,
       5.03274977e-01, 8.54004456e+02, 5.44984802e+02, 5.46895862e-01,
       8.83582947e+02, 3.18422943e+02, 5.02783298e-01, 8.57005920e+02,
       2.80100250e+02, 4.56105888e-01, 7.56896545e+02, 2.71272461e+02,
       8.08463514e-01, 1.15421924e+03, 3.86057312e+02, 5.58267057e-01,
       1.15131470e+03, 4.33144287e+02, 5.50427020e-01, 1.36033655e+03,
       4.56688934e+02, 7.19968915e-01, 1.54579419e+03, 4.68462677e+02,
       6.55610681e-01, 1.15426172e+03, 3.33102142e+02, 5.29956937e-01,
       1.34262390e+03, 3.18386444e+02, 6.00254953e-01, 1.57808264e+03,
       2.94766602e+02, 5.16886413e-01, 7.71686462e+02, 4.00742950e+02,
       5.69294631e-01, 7.80397949e+02, 3.77190521e+02, 6.45865500e-01,
       7.89241882e+02, 4.12407593e+02, 8.19542706e-02, 8.04004333e+02,
       3.50713745e+02, 4.67543066e-01, 1.64289404e+03, 2.62419373e+02,
       4.41078961e-01, 1.63702783e+03, 2.59526886e+02, 4.94252175e-01,
       1.63394373e+03, 2.94837708e+02, 2.38429934e-01, 1.60460046e+03,
       4.83220337e+02, 4.92678404e-01, 0., 0., 0., 1.57515271e+03,
       4.56705170e+02, 4.41323221e-01 ]
