%YAML:1.0
---
pose_0: !!opencv-matrix
   rows: 1
   cols: 25
   dt: "3f"
   data: [ 7.65745117e+02, 3.65493866e+02, 8.87186170e-01,
       8.62921631e+02, 3.74262390e+02, 7.25092709e-01, 8.56984558e+02,
       4.44949127e+02, 6.81747139e-01, 8.18676025e+02, 5.03834412e+02,
       2.78001219e-01, 0., 0., 0., 8.83471497e+02, 2.88942200e+02,
       6.78883672e-01, 9.06965393e+02, 1.74171448e+02, 8.59619498e-01,
       8.57113770e+02, 3.57695503e+01, 8.56744945e-01, 1.11599780e+03,
       3.86123444e+02, 5.72853804e-01, 1.11593958e+03, 4.35996368e+02,
       5.62506258e-01, 1.33386914e+03, 4.56543579e+02, 6.99503899e-01,
       1.54269946e+03, 4.68478973e+02, 6.02628350e-01, 1.11601270e+03,
       3.35942352e+02, 5.18966496e-01, 1.33385498e+03, 3.18398071e+02,
       6.12497747e-01, 1.56336938e+03, 2.91962006e+02, 5.60142934e-01,
       7.51022766e+02, 3.83134552e+02, 7.60374010e-01, 7.56890198e+02,
       3.47842621e+02, 7.65002370e-01, 7.65675476e+02, 4.09644958e+02,
       6.60658181e-01, 7.74610352e+02, 3.36012848e+02, 3.18447948e-01,
       1.63992590e+03, 2.68381958e+02, 5.32031357e-01, 1.63406348e+03,
       2.68260040e+02, 5.66305757e-01, 1.60157434e+03, 2.94869263e+02,
       2.34648928e-01, 1.61040320e+03, 4.80198883e+02, 4.99182582e-01,
       1.60157202e+03, 4.86179749e+02, 4.54128981e-01, 1.57224512e+03,
       4.50791107e+02, 3.31582069e-01 ]
