%YAML:1.0
---
pose_0: !!opencv-matrix
   rows: 1
   cols: 25
   dt: "3f"
   data: [ 7.15743347e+02, 4.56791504e+02, 8.09501529e-01,
       7.95169067e+02, 5.03786255e+02, 7.24068403e-01, 7.92197632e+02,
       5.42104797e+02, 7.73610473e-01, 8.98147339e+02, 6.30410339e+02,
       7.85296261e-01, 9.74774414e+02, 5.50923218e+02, 6.24503136e-01,
       7.92291382e+02, 4.59581451e+02, 5.17978191e-01, 9.89448486e+02,
       4.86144806e+02, 2.66258568e-01, 0., 0., 0., 1.07188525e+03,
       5.71479187e+02, 4.10665542e-01, 1.05123291e+03, 5.97995789e+02,
       3.40042025e-01, 1.31615417e+03, 5.50864502e+02, 7.12163687e-01,
       1.58393665e+03, 6.74513733e+02, 4.38437402e-01, 1.08363635e+03,
       5.39099365e+02, 3.06913078e-01, 1.34262317e+03, 5.18561523e+02,
       6.26919091e-01, 1.55749768e+03, 6.06780212e+02, 4.98115093e-01,
       6.98073792e+02, 4.74346893e+02, 7.78615117e-01, 7.06897095e+02,
       4.42053619e+02, 1.67345956e-01, 7.12797913e+02, 5.03903290e+02,
       7.32809782e-01, 0., 0., 0., 1.61347839e+03, 5.42081116e+02,
       3.65793735e-01, 1.61054395e+03, 5.47923462e+02, 3.55765313e-01,
       1.58395044e+03, 6.18513123e+02, 2.22386420e-01, 1.65464648e+03,
       6.98006226e+02, 2.25795299e-01, 1.63692102e+03, 7.12804382e+02,
       2.44489133e-01, 1.61926501e+03, 7.01003418e+02, 2.28331596e-01 ]
