%YAML:1.0
---
pose_0: !!opencv-matrix
   rows: 1
   cols: 25
   dt: "3f"
   data: [ 7.62786316e+02, 4.56578064e+02, 8.96354795e-01,
       8.59912781e+02, 4.62579742e+02, 8.21359813e-01, 8.56976990e+02,
       5.18480591e+02, 6.91392183e-01, 9.77769165e+02, 5.86271118e+02,
       8.16548586e-01, 8.71700073e+02, 5.56719604e+02, 7.97133327e-01,
       8.60002991e+02, 4.03702881e+02, 6.74061894e-01, 9.77685547e+02,
       3.89075226e+02, 7.96859801e-01, 8.65795410e+02, 4.62625885e+02,
       7.70390809e-01, 1.12191248e+03, 4.65519592e+02, 5.72571695e-01,
       1.11903076e+03, 5.09734741e+02, 5.99559546e-01, 1.32791492e+03,
       5.06752747e+02, 7.82481074e-01, 1.56330566e+03, 5.03899475e+02,
       6.90142035e-01, 1.12193286e+03, 4.12560120e+02, 5.73625624e-01,
       1.33089844e+03, 3.47804840e+02, 5.37194550e-01, 1.50744678e+03,
       3.18345184e+02, 2.81540513e-01, 7.45198914e+02, 4.62638855e+02,
       8.23315024e-01, 7.53939026e+02, 4.35965179e+02, 8.55625391e-01,
       7.62854858e+02, 4.86091187e+02, 5.78739643e-01, 7.68744690e+02,
       4.12602539e+02, 6.89181507e-01, 1.61041760e+03, 2.74182007e+02,
       1.54387563e-01, 1.60745374e+03, 2.74207062e+02, 1.60244539e-01,
       1.53688770e+03, 3.18389893e+02, 1.25307277e-01, 1.63109082e+03,
       5.09649963e+02, 5.35378873e-01, 1.61643701e+03, 5.21461304e+02,
       5.22824943e-01, 1.58986475e+03, 4.86134399e+02, 3.36619884e-01 ]
