%YAML:1.0
---
pose_0: !!opencv-matrix
   rows: 1
   cols: 25
   dt: "3f"
   data: [ 7.18570862e+02, 3.56576630e+02, 7.73085237e-01,
       8.57008972e+02, 3.41803619e+02, 7.28045046e-01, 8.57081970e+02,
       4.33058289e+02, 6.53571963e-01, 1.00710382e+03, 4.77314880e+02,
       7.02663720e-01, 1.13963489e+03, 5.30341614e+02, 8.12693954e-01,
       8.59961853e+02, 2.50643112e+02, 6.61640644e-01, 1.00420496e+03,
       2.00666199e+02, 8.18731129e-01, 1.14258948e+03, 1.50579712e+02,
       8.85593593e-01, 1.13655164e+03, 3.41842285e+02, 5.20622909e-01,
       1.12480762e+03, 3.89109131e+02, 5.38158119e-01, 1.35149182e+03,
       3.83128174e+02, 7.00995743e-01, 1.63404163e+03, 3.68426605e+02,
       5.37158191e-01, 1.13959009e+03, 2.83087067e+02, 4.70436752e-01,
       1.38090210e+03, 2.94702850e+02, 7.43854105e-01, 1.59281421e+03,
       3.00681610e+02, 5.29039025e-01, 6.98004517e+02, 3.65496429e+02,
       7.18486667e-01, 6.98112976e+02, 3.33019379e+02, 7.25085139e-01,
       7.18638245e+02, 3.83079254e+02, 1.15322046e-01, 7.27504211e+02,
       2.94787537e+02, 4.56888527e-01, 1.63389685e+03, 2.65354950e+02,
       5.50080121e-01, 1.62813232e+03, 2.65357025e+02, 6.10456526e-01,
       1.61636292e+03, 3.12469421e+02, 4.48406428e-01, 1.77830176e+03,
       3.15445557e+02, 2.55440056e-01, 1.77829663e+03, 3.24294037e+02,
       1.83344692e-01, 1.64581787e+03, 3.71380219e+02, 3.54164898e-01 ]
