%YAML:1.0
---
pose_0: !!opencv-matrix
   rows: 1
   cols: 25
   dt: "3f"
   data: [ 7.51074402e+02, 4.86231232e+02, 7.89553463e-01,
       8.57037354e+02, 4.36114685e+02, 6.71825588e-01, 8.39351379e+02,
       4.77326721e+02, 6.03464723e-01, 1.00413690e+03, 5.03683929e+02,
       5.17868996e-01, 1.09839355e+03, 5.74314514e+02, 7.68590331e-01,
       8.68750183e+02, 4.06678375e+02, 5.82686484e-01, 9.74685791e+02,
       3.85947083e+02, 6.98664606e-01, 1.10715637e+03, 3.71338287e+02,
       6.97918952e-01, 1.13366663e+03, 4.33128601e+02, 5.21813393e-01,
       1.13072522e+03, 4.36183899e+02, 4.17526096e-01, 1.33674097e+03,
       4.77339661e+02, 5.45124114e-01, 1.53687012e+03, 4.12572449e+02,
       3.53539407e-01, 1.13657581e+03, 4.24328491e+02, 4.53630596e-01,
       1.33674841e+03, 4.92059479e+02, 5.37329137e-01, 1.56923657e+03,
       4.03687408e+02, 3.06459635e-01, 7.39175598e+02, 4.86217468e+02,
       1.62875459e-01, 7.39381042e+02, 4.74287415e+02, 8.37091386e-01,
       0., 0., 0., 7.65756409e+02, 4.30137573e+02, 6.67335451e-01,
       1.64283313e+03, 4.56675018e+02, 1.25021756e-01, 1.64580835e+03,
       4.50848389e+02, 9.55321416e-02, 1.59574182e+03, 3.77234924e+02,
       1.69105172e-01, 0., 0., 0., 0., 0., 0., 0., 0., 0. ]
