%YAML:1.0
---
pose_0: !!opencv-matrix
   rows: 1
   cols: 25
   dt: "3f"
   data: [ 7.18701660e+02, 5.33184753e+02, 8.17943156e-01,
       8.33536438e+02, 5.21401062e+02, 6.72877312e-01, 8.42262512e+02,
       5.83330750e+02, 4.35455233e-01, 9.57057678e+02, 6.92100952e+02,
       8.04753542e-01, 8.54043335e+02, 6.68486572e+02, 7.98066437e-01,
       8.36319092e+02, 4.36137787e+02, 6.90519571e-01, 9.68870850e+02,
       3.65565582e+02, 8.37612033e-01, 1.06597388e+03, 3.97857147e+02,
       8.11811805e-01, 1.09541736e+03, 5.53941406e+02, 5.99001884e-01,
       1.08660413e+03, 6.06766235e+02, 6.04949772e-01, 1.32785303e+03,
       6.71552307e+02, 3.58299911e-01, 1.56923938e+03, 6.24453918e+02,
       3.87040555e-01, 1.10422607e+03, 5.00898651e+02, 5.57076633e-01,
       1.33379761e+03, 5.53803650e+02, 6.97744191e-01, 1.59868005e+03,
       5.03691101e+02, 5.13880968e-01, 7.00989075e+02, 5.50820679e+02,
       8.06021094e-01, 7.06843994e+02, 5.09633911e+02, 7.46866465e-01,
       7.21671448e+02, 5.74297241e+02, 1.38490647e-01, 7.24572327e+02,
       4.80302399e+02, 5.62886477e-01, 1.68405042e+03, 4.44969818e+02,
       3.30893785e-01, 1.68106824e+03, 4.47852814e+02, 3.17807257e-01,
       1.64576501e+03, 5.03834625e+02, 2.76027769e-01, 1.67814453e+03,
       5.98021667e+02, 2.10565165e-01, 0., 0., 0., 1.63695789e+03,
       6.21522278e+02, 1.88097566e-01 ]
