%YAML:1.0
---
pose_0: !!opencv-matrix
   rows: 1
   cols: 25
   dt: "3f"
   data: [ 7.24583435e+02, 4.09675323e+02, 7.27871299e-01,
       7.89325500e+02, 3.41915833e+02, 4.69630212e-01, 8.06936340e+02,
       3.89078583e+02, 2.46251270e-01, 0., 0., 0., 0., 0., 0.,
       7.86416382e+02, 2.94841156e+02, 4.95825887e-01, 9.30576050e+02,
       2.94874359e+02, 7.98688173e-01, 9.09968750e+02, 4.53787415e+02,
       7.94441342e-01, 1.11304907e+03, 4.06610138e+02, 3.69477928e-01,
       1.11303906e+03, 4.50805756e+02, 3.61096442e-01, 1.33091370e+03,
       5.27407288e+02, 7.34766960e-01, 1.56036963e+03, 5.62631226e+02,
       5.96147776e-01, 1.11007727e+03, 3.44914154e+02, 3.05785596e-01,
       1.20132361e+03, 3.18340790e+02, 2.85790205e-01, 1.40150452e+03,
       2.65359497e+02, 1.00098357e-01, 7.15723022e+02, 4.15495941e+02,
       3.98725808e-01, 7.15614868e+02, 3.91971802e+02, 6.75833881e-01,
       0., 0., 0., 7.18576782e+02, 3.50791870e+02, 5.01789331e-01, 0.,
       0., 0., 0., 0., 0., 1.41617932e+03, 2.71396179e+02,
       1.04973853e-01, 1.60753870e+03, 6.42111084e+02, 1.99413106e-01,
       1.61045337e+03, 6.30389038e+02, 1.95719674e-01, 1.58984534e+03,
       5.50847107e+02, 4.38882053e-01 ]
