%YAML:1.0
---
pose_0: !!opencv-matrix
   rows: 1
   cols: 25
   dt: "3f"
   data: [ 7.62737183e+02, 4.33254364e+02, 8.86860371e-01,
       8.83551208e+02, 4.53663696e+02, 7.55109787e-01, 8.80559021e+02,
       5.27312866e+02, 8.25244188e-01, 1.00122369e+03, 5.74511414e+02,
       8.60672235e-01, 9.89374084e+02, 6.24347046e+02, 8.44035506e-01,
       8.83414063e+02, 3.74262054e+02, 6.20398641e-01, 1.02181372e+03,
       3.33078430e+02, 7.93400586e-01, 1.09530835e+03, 2.77196411e+02,
       8.54367316e-01, 1.13658801e+03, 4.53777618e+02, 5.73256552e-01,
       1.13066919e+03, 5.03762207e+02, 5.77200890e-01, 1.35436304e+03,
       5.27451721e+02, 7.40115464e-01, 1.54570313e+03, 5.77327942e+02,
       6.10904038e-01, 1.13947791e+03, 3.94908051e+02, 5.61562955e-01,
       1.32791833e+03, 3.62376099e+02, 5.65396011e-01, 1.56332520e+03,
       3.09547852e+02, 4.72996593e-01, 7.45151611e+02, 4.44991821e+02,
       7.96451092e-01, 7.50999451e+02, 4.12583069e+02, 8.36814821e-01,
       7.65770691e+02, 4.65531494e+02, 4.71059859e-01, 7.68783386e+02,
       3.91894287e+02, 5.86898446e-01, 1.63698596e+03, 2.74246155e+02,
       2.88347811e-01, 1.63688293e+03, 2.71362274e+02, 3.01134676e-01,
       1.60453455e+03, 3.06581940e+02, 2.05833644e-01, 1.61334778e+03,
       5.95034363e+02, 2.30727434e-01, 1.61050171e+03, 6.03843689e+02,
       3.06131274e-01, 1.58100525e+03, 5.62703491e+02, 3.76692086e-01 ]
