%YAML:1.0
---
pose_0: !!opencv-matrix
   rows: 1
   cols: 25
   dt: "3f"
   data: [ 6.86309570e+02, 5.03852966e+02, 7.13891864e-01,
       8.09923035e+02, 4.56633209e+02, 7.46294439e-01, 8.09772949e+02,
       5.50841125e+02, 7.21028090e-01, 9.54178345e+02, 6.21401489e+02,
       5.55724382e-01, 9.86516724e+02, 6.03937500e+02, 1.77728459e-01,
       8.12877747e+02, 3.65500702e+02, 6.72878206e-01, 9.51207642e+02,
       2.94962677e+02, 7.83427894e-01, 1.01596802e+03, 2.41749115e+02,
       7.62047768e-01, 1.09248560e+03, 4.89055176e+02, 4.20230538e-01,
       1.07777075e+03, 5.47964661e+02, 4.39577729e-01, 1.32495056e+03,
       6.15685242e+02, 5.95524967e-01, 1.51041443e+03, 6.09783997e+02,
       3.56854051e-01, 1.10424951e+03, 4.36024689e+02, 3.78147602e-01,
       1.34261963e+03, 4.56716888e+02, 3.27243149e-01, 1.56630078e+03,
       4.59575745e+02, 1.28679097e-01, 6.68588501e+02, 5.06835144e+02,
       2.72181690e-01, 6.68686707e+02, 4.83275787e+02, 6.79429948e-01,
       0., 0., 0., 6.74528442e+02, 4.53781250e+02, 5.26827753e-01, 0.,
       0., 0., 0., 0., 0., 0., 0., 0., 0., 0., 0., 0., 0., 0.,
       1.54272424e+03, 5.80279846e+02, 1.33681923e-01 ]
