%YAML:1.0
---
pose_0: !!opencv-matrix
   rows: 1
   cols: 25
   dt: "3f"
   data: [ 6.92143616e+02, 5.42064453e+02, 8.09181571e-01,
       7.83402649e+02, 4.65530243e+02, 4.25442398e-01, 7.74622803e+02,
       4.77287567e+02, 3.00288409e-01, 0., 0., 0., 0., 0., 0.,
       7.86272766e+02, 4.59551178e+02, 8.00087929e-01, 9.36409607e+02,
       5.27179077e+02, 8.13391864e-01, 8.06980286e+02, 5.86166321e+02,
       7.40866363e-01, 1.03064417e+03, 4.56669281e+02, 2.07264364e-01,
       1.01884674e+03, 4.44930725e+02, 1.33992121e-01, 1.34854553e+03,
       4.80310059e+02, 2.16281265e-01, 1.64575964e+03, 4.12657745e+02,
       1.94717810e-01, 1.08655957e+03, 4.53714844e+02, 1.84341550e-01,
       1.34262793e+03, 4.94982605e+02, 4.58298117e-01, 1.66048022e+03,
       4.15468994e+02, 3.74391913e-01, 6.71629761e+02, 5.42050537e+02,
       5.54871112e-02, 6.74566895e+02, 5.24350708e+02, 7.94084787e-01,
       0., 0., 0., 6.92215698e+02, 4.71445404e+02, 6.73447430e-01,
       1.70463269e+03, 3.50735352e+02, 2.50455320e-01, 1.70756628e+03,
       3.56581757e+02, 2.03592449e-01, 1.71053040e+03, 4.27232941e+02,
       1.56551734e-01, 0., 0., 0., 0., 0., 0., 1.70759058e+03,
       4.12529022e+02, 5.69267236e-02 ]
