%YAML:1.0
---
pose_0: !!opencv-matrix
   rows: 1
   cols: 25
   dt: "3f"
   data: [ 8.01091248e+02, 3.92028076e+02, 6.87842548e-01,
       9.06969177e+02, 3.91917328e+02, 3.98387313e-01, 8.92310364e+02,
       4.47829224e+02, 3.23496282e-01, 0., 0., 0., 0., 0., 0.,
       9.07036255e+02, 3.38988831e+02, 3.74887109e-01, 8.48182922e+02,
       3.09496246e+02, 2.95828044e-01, 7.59852905e+02, 3.33038696e+02,
       6.71269894e-01, 1.16895251e+03, 3.86042114e+02, 5.72023749e-01,
       1.16607837e+03, 4.33086487e+02, 5.61034143e-01, 1.37798950e+03,
       4.59708405e+02, 6.67890966e-01, 1.55453662e+03, 4.65602325e+02,
       6.35371089e-01, 1.16895093e+03, 3.36005890e+02, 5.52410960e-01,
       1.36032312e+03, 3.38826935e+02, 6.99726105e-01, 1.57515735e+03,
       2.94731964e+02, 6.64768755e-01, 7.68713562e+02, 3.94943054e+02,
       6.04530215e-01, 8.01046570e+02, 3.62581360e+02, 5.71113586e-01,
       0., 0., 0., 8.36441711e+02, 3.38892761e+02, 3.09873521e-01,
       1.65748596e+03, 2.71306213e+02, 1.98998198e-01, 1.64578064e+03,
       2.68380005e+02, 2.36407936e-01, 1.59279492e+03, 2.74219177e+02,
       3.42518985e-01, 1.60460156e+03, 4.83159485e+02, 4.27081227e-01,
       1.59869165e+03, 4.86184906e+02, 3.98304850e-01, 1.58684338e+03,
       4.56672424e+02, 4.62861687e-01 ]
