%YAML:1.0
---
pose_0: !!opencv-matrix
   rows: 1
   cols: 25
   dt: "3f"
   data: [ 7.15591980e+02, 5.09761932e+02, 8.11668158e-01,
       8.56933594e+02, 4.80275604e+02, 8.03225994e-01, 8.42327637e+02,
       5.59779724e+02, 7.13298321e-01, 9.54131531e+02, 6.18555115e+02,
       8.10420036e-01, 1.04242090e+03, 6.62651367e+02, 8.23885500e-01,
       8.60046631e+02, 3.94855072e+02, 6.87805712e-01, 1.00705194e+03,
       3.65482239e+02, 7.74596393e-01, 1.13068469e+03, 3.38942169e+02,
       7.85698414e-01, 1.12481946e+03, 5.15532532e+02, 5.69690526e-01,
       1.11901001e+03, 5.62617737e+02, 5.60623884e-01, 1.33082202e+03,
       5.50906555e+02, 3.33312929e-01, 1.58684119e+03, 4.86200134e+02,
       2.11838365e-01, 1.13362097e+03, 4.59586792e+02, 5.77814758e-01,
       1.31610535e+03, 4.83151520e+02, 5.30696273e-01, 1.59574988e+03,
       4.77326202e+02, 3.98476303e-01, 6.92122681e+02, 5.15592529e+02,
       5.74490070e-01, 6.95198547e+02, 4.86198608e+02, 8.09973955e-01,
       0., 0., 0., 7.18721924e+02, 4.47904022e+02, 6.10066056e-01,
       1.69878589e+03, 4.59681671e+02, 3.23463082e-01, 1.69869507e+03,
       4.56745972e+02, 3.33556682e-01, 1.60746680e+03, 4.59674957e+02,
       1.93090364e-01, 0., 0., 0., 0., 0., 0., 0., 0., 0. ]
