%YAML:1.0
---
pose_0: !!opencv-matrix
   rows: 1
   cols: 25
   dt: "3f"
   data: [ 7.62887268e+02, 6.03950012e+02, 8.92993033e-01,
       8.74690491e+02, 6.09755005e+02, 6.67090774e-01, 8.74658447e+02,
       6.77506165e+02, 5.75749040e-01, 9.89418030e+02, 7.15572693e+02,
       5.95009387e-01, 1.11897900e+03, 7.42207642e+02, 8.46480548e-01,
       8.83497009e+02, 5.36141785e+02, 7.21524954e-01, 1.02185022e+03,
       5.06777527e+02, 8.49874258e-01, 1.15716553e+03, 4.86258850e+02,
       7.52426982e-01, 1.12191821e+03, 6.18516052e+02, 6.33207738e-01,
       1.11897168e+03, 6.65594910e+02, 6.30370736e-01, 1.28078015e+03,
       6.80365173e+02, 4.12367851e-01, 1.51928284e+03, 6.47994385e+02,
       2.02371210e-01, 1.13070703e+03, 5.68559753e+02, 6.09483242e-01,
       1.31314954e+03, 6.24385010e+02, 7.43584573e-01, 1.54573914e+03,
       6.48114441e+02, 5.41998208e-01, 7.45167908e+02, 6.21561707e+02,
       8.50158930e-01, 7.56847351e+02, 5.89177307e+02, 8.28831911e-01,
       7.62768127e+02, 6.45064941e+02, 4.28850770e-01, 7.77537476e+02,
       5.65547974e+02, 5.97773015e-01, 1.64279517e+03, 6.47977539e+02,
       4.54203248e-01, 1.63989526e+03, 6.44976501e+02, 4.60826576e-01,
       1.58097815e+03, 6.48051208e+02, 2.33051062e-01, 0., 0., 0., 0.,
       0., 0., 0., 0., 0. ]
