%YAML:1.0
---
pose_0: !!opencv-matrix
   rows: 1
   cols: 25
   dt: "3f"
   data: [ 6.95163940e+02, 5.21399902e+02, 7.90889025e-01,
       8.21648010e+02, 4.59643616e+02, 7.27233410e-01, 8.21693726e+02,
       5.47946594e+02, 7.10615218e-01, 9.48219482e+02, 6.12725830e+02,
       7.69080400e-01, 1.03063184e+03, 6.83336365e+02, 7.77694464e-01,
       8.15854370e+02, 3.86125580e+02, 6.35755897e-01, 9.33486633e+02,
       3.18295166e+02, 4.77518141e-01, 1.05122864e+03, 2.56512970e+02,
       5.07429600e-01, 1.07477002e+03, 4.94938721e+02, 3.86743188e-01,
       1.08358752e+03, 4.50807770e+02, 3.70827138e-01, 1.28374658e+03,
       4.83315826e+02, 6.27194762e-01, 1.58397180e+03, 5.06696777e+02,
       4.24452066e-01, 1.06894873e+03, 5.44954041e+02, 3.23017359e-01,
       1.29845227e+03, 5.27249939e+02, 3.33329290e-01, 1.53681543e+03,
       5.12596252e+02, 1.72895432e-01, 6.77440796e+02, 5.27173706e+02,
       6.63153455e-02, 6.86295959e+02, 5.03733551e+02, 7.95895696e-01,
       0., 0., 0., 7.06865234e+02, 4.56586670e+02, 5.78350782e-01, 0.,
       0., 0., 0., 0., 0., 0., 0., 0., 1.68705859e+03, 5.09707092e+02,
       2.36038327e-01, 1.68099438e+03, 5.21428955e+02, 2.17481881e-01,
       1.61346094e+03, 4.94973053e+02, 2.30136290e-01 ]
