%YAML:1.0
---
pose_0: !!opencv-matrix
   rows: 1
   cols: 25
   dt: "3f"
   data: [ 7.59866577e+02, 5.50965637e+02, 9.06633019e-01,
       8.39418884e+02, 5.56731995e+02, 6.88664138e-01, 8.36398743e+02,
       6.00867188e+02, 6.27779365e-01, 1.00421460e+03, 6.45043152e+02,
       6.68632150e-01, 9.48216614e+02, 6.98153198e+02, 8.12571824e-01,
       8.53953369e+02, 5.06853424e+02, 6.79343343e-01, 9.07097534e+02,
       4.59689087e+02, 5.64311087e-01, 9.98203674e+02, 4.42015717e+02,
       7.37365067e-01, 1.13954077e+03, 5.53822815e+02, 5.96954525e-01,
       1.13947839e+03, 6.00955750e+02, 5.97805083e-01, 1.33378247e+03,
       6.30401489e+02, 6.19662344e-01, 1.51041699e+03, 6.27503662e+02,
       5.45246720e-01, 1.14255774e+03, 5.03839630e+02, 6.24495387e-01,
       1.33379370e+03, 5.03713776e+02, 7.11844683e-01, 1.50453296e+03,
       4.33090424e+02, 6.61413252e-01, 7.42261658e+02, 5.56774292e+02,
       8.44412684e-01, 7.56922729e+02, 5.30350952e+02, 8.63839030e-01,
       7.56927124e+02, 5.80282898e+02, 4.51413214e-01, 7.86241394e+02,
       5.12615784e+02, 7.12032616e-01, 1.58992322e+03, 3.86032684e+02,
       4.63064581e-01, 1.58688440e+03, 3.83172333e+02, 4.34060931e-01,
       1.51629846e+03, 4.24295654e+02, 2.08694056e-01, 1.58687842e+03,
       6.65722473e+02, 2.77549177e-01, 1.58400220e+03, 6.62748413e+02,
       2.97500461e-01, 1.54283582e+03, 6.21495972e+02, 2.90613055e-01 ]
