%YAML:1.0
---
pose_0: !!opencv-matrix
   rows: 1
   cols: 25
   dt: "3f"
   data: [ 7.12742188e+02, 5.30253662e+02, 8.82660806e-01,
       8.24610107e+02, 5.24384155e+02, 6.74315333e-01, 8.27574951e+02,
       6.09737061e+02, 4.98181641e-01, 9.51115173e+02, 7.06826050e+02,
       8.09233665e-01, 8.59922119e+02, 6.74479980e+02, 7.11496472e-01,
       8.36283691e+02, 4.33144958e+02, 7.32057571e-01, 9.71738037e+02,
       3.77285370e+02, 7.91969538e-01, 1.06888696e+03, 4.06614014e+02,
       8.43133032e-01, 1.09246106e+03, 5.68496338e+02, 6.00098848e-01,
       1.07773804e+03, 6.15628174e+02, 5.95802963e-01, 1.33083191e+03,
       6.62764343e+02, 5.65610349e-01, 1.56626331e+03, 6.27421143e+02,
       5.11198521e-01, 1.09834863e+03, 5.06653229e+02, 5.78178942e-01,
       1.31023535e+03, 5.50814026e+02, 5.66004872e-01, 1.59283350e+03,
       5.24373596e+02, 4.86280203e-01, 6.92257813e+02, 5.50777405e+02,
       8.52117240e-01, 6.95217102e+02, 5.09636566e+02, 8.25045288e-01,
       7.15606628e+02, 5.65586304e+02, 2.44916290e-01, 7.18695007e+02,
       4.83251770e+02, 6.36403203e-01, 1.70465686e+03, 4.83124634e+02,
       1.37940183e-01, 1.69874988e+03, 4.80321228e+02, 1.63949132e-01,
       1.62515759e+03, 5.44997925e+02, 2.61613578e-01, 1.65763159e+03,
       6.36269348e+02, 3.64234567e-01, 1.64282593e+03, 6.45150269e+02,
       3.36791515e-01, 1.59278259e+03, 6.09774902e+02, 2.82127351e-01 ]
