%YAML:1.0
---
pose_0: !!opencv-matrix
   rows: 1
   cols: 25
   dt: "3f"
   data: [ 7.36204773e+02, 5.68536438e+02, 8.35157037e-01,
       8.54018738e+02, 5.74540955e+02, 7.08667457e-01, 8.57044983e+02,
       6.45115723e+02, 5.84130406e-01, 1.00124158e+03, 7.06917175e+02,
       7.00933397e-01, 1.14251965e+03, 7.62848267e+02, 7.70418227e-01,
       8.48173950e+02, 5.00875366e+02, 6.23185515e-01, 1.00124286e+03,
       4.77281464e+02, 6.30497992e-01, 1.13660559e+03, 4.56790680e+02,
       8.44243765e-01, 1.11902051e+03, 5.89151672e+02, 5.64071894e-01,
       1.11886255e+03, 6.42052429e+02, 5.79814970e-01, 1.30741284e+03,
       6.45022156e+02, 7.58372784e-01, 1.54572949e+03, 6.65679504e+02,
       6.15702927e-01, 1.11902576e+03, 5.33272705e+02, 5.78822672e-01,
       1.32785437e+03, 5.09666260e+02, 6.53550565e-01, 1.53689636e+03,
       4.53713043e+02, 6.77525699e-01, 7.18553345e+02, 5.77496216e+02,
       8.76638055e-01, 7.24581848e+02, 5.50831665e+02, 8.51076841e-01,
       7.36244751e+02, 6.01009705e+02, 5.87818265e-01, 7.59903564e+02,
       5.30200195e+02, 5.63464701e-01, 1.63098425e+03, 4.39016357e+02,
       3.55639815e-01, 1.62809045e+03, 4.36033264e+02, 3.59076738e-01,
       1.55454773e+03, 4.30178253e+02, 2.54956305e-01, 1.63388867e+03,
       6.65684265e+02, 4.74353969e-01, 1.61934241e+03, 6.74533020e+02,
       4.22962636e-01, 1.56920850e+03, 6.53929626e+02, 3.33329022e-01 ]
