%YAML:1.0
---
pose_0: !!opencv-matrix
   rows: 1
   cols: 25
   dt: "3f"
   data: [ 7.39235840e+02, 4.80315704e+02, 8.88271689e-01,
       8.54042480e+02, 4.59653168e+02, 6.55513346e-01, 8.59975403e+02,
       5.15568054e+02, 5.11771977e-01, 9.80598877e+02, 5.39156738e+02,
       2.12908208e-01, 1.00417944e+03, 5.53919067e+02, 1.15919031e-01,
       8.39299011e+02, 4.09520691e+02, 6.02532506e-01, 9.71729675e+02,
       3.62525330e+02, 7.79582977e-01, 1.06894568e+03, 3.86082031e+02,
       8.49332333e-01, 1.13070691e+03, 4.53720947e+02, 5.76713920e-01,
       1.12192590e+03, 4.97878967e+02, 5.89410484e-01, 1.32196265e+03,
       5.50737000e+02, 7.35871732e-01, 1.58106042e+03, 6.00902527e+02,
       5.98539412e-01, 1.13368884e+03, 4.03752991e+02, 5.50815403e-01,
       1.35137073e+03, 4.36033112e+02, 6.61359310e-01, 1.58105945e+03,
       4.12657013e+02, 6.05709016e-01, 7.21613892e+02, 4.92028809e+02,
       7.66374826e-01, 7.24568054e+02, 4.59605194e+02, 8.37871075e-01,
       7.42137146e+02, 5.06702209e+02, 8.44429284e-02, 7.45097290e+02,
       4.33023071e+02, 6.56469524e-01, 1.63992175e+03, 3.65478363e+02,
       3.26252967e-01, 1.63695850e+03, 3.68359009e+02, 3.44338685e-01,
       1.63400964e+03, 4.47820984e+02, 2.25272655e-01, 1.63691943e+03,
       5.50969055e+02, 3.77878606e-01, 1.63098853e+03, 5.65589600e+02,
       2.83917546e-01, 1.61631653e+03, 6.06856995e+02, 3.13677341e-01 ]
