%YAML:1.0
---
pose_0: !!opencv-matrix
   rows: 2
   cols: 25
   dt: "3f"
   data: [ 8.86464233e+02, 5.06720306e+02, 4.33064401e-01,
       9.48185364e+02, 5.33188293e+02, 6.65413797e-01, 9.09944031e+02,
       5.86184021e+02, 5.46479821e-01, 7.89371704e+02, 5.68484314e+02,
       5.98499060e-01, 8.68770325e+02, 5.06758636e+02, 2.36543447e-01,
       9.77680298e+02, 4.83202271e+02, 5.74455082e-01, 1.00704944e+03,
       4.44964294e+02, 2.29398057e-01, 9.77577942e+02, 3.94929871e+02,
       3.50891858e-01, 1.14540356e+03, 5.56800598e+02, 4.98158306e-01,
       1.12779724e+03, 5.98051331e+02, 4.26076978e-01, 1.36319739e+03,
       5.12591797e+02, 7.73105383e-01, 1.60749487e+03, 6.98078369e+02,
       6.09779537e-01, 1.16008740e+03, 5.12606079e+02, 4.56234455e-01,
       1.38678003e+03, 5.06851715e+02, 4.30266798e-01, 1.56335864e+03,
       5.74541931e+02, 6.89539433e-01, 8.77569153e+02, 5.09631531e+02,
       3.93753827e-01, 8.89355713e+02, 4.83237610e+02, 3.60321850e-01,
       8.74620789e+02, 5.30213684e+02, 2.37716958e-01, 9.24634583e+02,
       4.68483459e+02, 2.95123845e-01, 1.60168005e+03, 5.00857880e+02,
       4.33372498e-01, 1.59284326e+03, 5.06666229e+02, 4.25244898e-01,
       1.58105896e+03, 6.00961426e+02, 5.13761342e-01, 1.65460938e+03,
       7.12755432e+02, 3.32382917e-01, 1.63694690e+03, 7.21637024e+02,
       3.97479177e-01, 1.61931238e+03, 7.18738403e+02, 3.77208620e-01,
       7.39327759e+02, 4.80336578e+02, 3.55350733e-01, 7.42151489e+02,
       5.27242371e+02, 1.24158129e-01, 0., 0., 0., 0., 0., 0., 0., 0.,
       0., 0., 0., 0., 0., 0., 0., 0., 0., 0., 0., 0., 0., 0., 0., 0.,
       0., 0., 0., 0., 0., 0., 0., 0., 0., 0., 0., 0., 0., 0., 0.,
       7.36200439e+02, 4.83304413e+02, 2.85427481e-01, 7.36345825e+02,
       4.80204651e+02, 9.45013911e-02, 7.36247742e+02, 5.03869568e+02,
       1.10448621e-01, 0., 0., 0., 0., 0., 0., 0., 0., 0., 0., 0., 0.,
       0., 0., 0., 0., 0., 0., 0., 0., 0. ]
