%YAML:1.0
---
pose_0: !!opencv-matrix
   rows: 1
   cols: 25
   dt: "3f"
   data: [ 6.71509155e+02, 5.33207458e+02, 8.27695668e-01,
       7.86324402e+02, 5.09711945e+02, 7.18405306e-01, 7.68640442e+02,
       5.77407959e+02, 6.84350669e-01, 9.24650879e+02, 6.44961365e+02,
       5.96543908e-01, 1.06597754e+03, 7.21702820e+02, 8.03876877e-01,
       8.09759949e+02, 4.36148254e+02, 5.84465146e-01, 9.33533630e+02,
       3.68466766e+02, 8.04721355e-01, 1.06899304e+03, 3.41841980e+02,
       8.94292176e-01, 1.07182910e+03, 5.30258789e+02, 5.92351198e-01,
       1.06588953e+03, 5.77454346e+02, 6.03524685e-01, 1.28384619e+03,
       6.21593750e+02, 6.70501947e-01, 1.53392419e+03, 6.42081543e+02,
       5.72679639e-01, 1.07483240e+03, 4.77298920e+02, 5.45545340e-01,
       1.33674292e+03, 4.74342438e+02, 5.77054024e-01, 1.58105151e+03,
       4.56724060e+02, 5.62122166e-01, 6.59743591e+02, 5.50850342e+02,
       7.34319627e-01, 6.56837830e+02, 5.12691589e+02, 7.57880509e-01,
       6.83369690e+02, 5.59700439e+02, 1.25064015e-01, 6.77491943e+02,
       4.80301117e+02, 5.91540098e-01, 1.66348682e+03, 4.18443817e+02,
       2.32107595e-01, 1.65760742e+03, 4.15475525e+02, 2.64323354e-01,
       1.60161340e+03, 4.44926392e+02, 1.95338398e-01, 1.65455920e+03,
       6.50939941e+02, 4.68601137e-01, 1.63696436e+03, 6.62684021e+02,
       4.33064938e-01, 1.56333203e+03, 6.21596802e+02, 3.27088505e-01 ]
