%YAML:1.0
---
pose_0: !!opencv-matrix
   rows: 1
   cols: 25
   dt: "3f"
   data: [ 7.42265076e+02, 2.80134705e+02, 8.22201908e-01,
       8.33405396e+02, 2.62405548e+02, 6.60387993e-01, 8.30515564e+02,
       2.94862762e+02, 5.61284781e-01, 9.24673218e+02, 3.86134003e+02,
       6.35848284e-01, 9.77764587e+02, 5.09786407e+02, 7.03399003e-01,
       8.36322388e+02, 2.24297775e+02, 7.51709700e-01, 9.12889343e+02,
       3.77233856e+02, 3.78402293e-01, 9.77578369e+02, 5.03889160e+02,
       3.49880695e-01, 1.13363989e+03, 2.68385590e+02, 5.74222028e-01,
       1.12194238e+03, 3.18313751e+02, 5.78255773e-01, 1.28382739e+03,
       4.24321350e+02, 7.47332633e-01, 1.49565088e+03, 3.38893768e+02,
       3.63714993e-01, 1.13952100e+03, 2.18263870e+02, 4.98716295e-01,
       1.35730957e+03, 2.00783264e+02, 6.83779299e-01, 1.55748169e+03,
       1.47690384e+02, 3.20502371e-01, 7.36211365e+02, 2.94772614e+02,
       7.86157191e-01, 7.36263428e+02, 2.65377960e+02, 8.08120131e-01,
       7.48147400e+02, 3.09574707e+02, 1.26986220e-01, 7.45202087e+02,
       2.33028656e+02, 6.27032042e-01, 1.64289160e+03, 1.21129799e+02,
       2.73322046e-01, 1.64282837e+03, 1.18197479e+02, 2.78475374e-01,
       0., 0., 0., 0., 0., 0., 0., 0., 0., 1.52803528e+03,
       3.15369354e+02, 2.60721058e-01 ]
