%YAML:1.0
---
pose_0: !!opencv-matrix
   rows: 1
   cols: 25
   dt: "3f"
   data: [ 7.39125000e+02, 4.62679688e+02, 8.57422352e-01,
       8.59879578e+02, 4.68487518e+02, 7.18837857e-01, 8.65887878e+02,
       5.68505676e+02, 6.12444341e-01, 9.77730286e+02, 6.18596008e+02,
       8.38507712e-01, 8.80617432e+02, 5.98016235e+02, 7.29147196e-01,
       8.62864197e+02, 3.80157349e+02, 6.82207465e-01, 9.77714600e+02,
       3.53668335e+02, 7.41550326e-01, 1.06008215e+03, 3.41800262e+02,
       8.37355912e-01, 1.13659180e+03, 4.86104523e+02, 5.88087678e-01,
       1.12485498e+03, 5.30353210e+02, 6.00798011e-01, 1.33379700e+03,
       5.53694580e+02, 7.37964511e-01, 1.49272571e+03, 5.71531738e+02,
       6.65657580e-01, 1.13950586e+03, 4.33257996e+02, 5.87298512e-01,
       1.33969482e+03, 4.53726074e+02, 7.08049834e-01, 1.56041357e+03,
       4.59562439e+02, 6.20335340e-01, 7.18734070e+02, 4.83167084e+02,
       8.32934797e-01, 7.21604248e+02, 4.50779755e+02, 8.16906750e-01,
       7.42342102e+02, 5.03784149e+02, 3.90076876e-01, 7.45202209e+02,
       4.12612305e+02, 5.68263173e-01, 1.61937402e+03, 4.33133820e+02,
       4.75472629e-01, 1.61347974e+03, 4.27309418e+02, 5.02744377e-01,
       1.58981580e+03, 4.62656769e+02, 3.10539544e-01, 1.49272742e+03,
       6.51058228e+02, 3.64085555e-01, 1.48385950e+03, 6.47945923e+02,
       3.12069684e-01, 1.51927405e+03, 5.56787109e+02, 4.18579996e-01 ]
