%YAML:1.0
---
pose_0: !!opencv-matrix
   rows: 1
   cols: 25
   dt: "3f"
   data: [ 9.07044800e+02, 4.97942841e+02, 1.82760581e-01,
       9.39433838e+02, 5.39110291e+02, 4.72420186e-01, 8.86450928e+02,
       5.80381836e+02, 4.88530666e-01, 7.68659851e+02, 5.30325317e+02,
       6.96144819e-01, 8.95255066e+02, 5.00889282e+02, 3.18965316e-01,
       9.86458252e+02, 5.00858521e+02, 3.32969517e-01, 1.06596106e+03,
       4.94996246e+02, 1.11125641e-01, 1.08360950e+03, 4.62656586e+02,
       1.71638355e-01, 1.12186157e+03, 5.74386963e+02, 4.40227151e-01,
       1.10419714e+03, 5.97996582e+02, 2.94827759e-01, 1.37494568e+03,
       5.09648163e+02, 7.88716078e-01, 1.63688818e+03, 7.12752441e+02,
       5.64246774e-01, 1.13949329e+03, 5.50812134e+02, 3.40101779e-01,
       1.37501404e+03, 5.24380737e+02, 2.14991644e-01, 1.61040271e+03,
       6.53873352e+02, 2.77286559e-01, 8.95248230e+02, 4.95003387e+02,
       1.85419187e-01, 9.10065186e+02, 4.80339966e+02, 1.68836921e-01,
       8.83360718e+02, 5.09684235e+02, 7.77067393e-02, 0., 0., 0.,
       1.69283533e+03, 6.03869263e+02, 1.11100383e-01, 1.68990161e+03,
       6.03841492e+02, 9.56507176e-02, 1.65458826e+03, 6.74506042e+02,
       5.97653501e-02, 1.68094519e+03, 7.42192810e+02, 1.88510463e-01,
       0., 0., 0., 1.65458655e+03, 7.33373840e+02, 3.89808863e-01 ]
