%YAML:1.0
---
pose_0: !!opencv-matrix
   rows: 1
   cols: 25
   dt: "3f"
   data: [ 7.06906250e+02, 5.30297424e+02, 8.30359817e-01,
       7.89278625e+02, 5.27277161e+02, 7.73593903e-01, 7.89197144e+02,
       5.98019897e+02, 6.97250068e-01, 9.30500549e+02, 6.42177673e+02,
       6.39790773e-01, 1.02467566e+03, 6.95105286e+02, 7.59208441e-01,
       7.92289856e+02, 4.44909027e+02, 6.51828349e-01, 8.36516541e+02,
       3.18355591e+02, 7.94572890e-01, 7.45112854e+02, 2.44656464e+02,
       7.95982003e-01, 1.03650293e+03, 5.33206055e+02, 5.86777449e-01,
       1.03361462e+03, 5.77453125e+02, 5.84101498e-01, 1.27785559e+03,
       6.06817749e+02, 6.83916867e-01, 1.49276331e+03, 6.33296326e+02,
       6.06123269e-01, 1.03946423e+03, 4.83150940e+02, 5.67923486e-01,
       1.27781726e+03, 4.53695129e+02, 3.90315831e-01, 1.51628137e+03,
       4.18474426e+02, 2.40828738e-01, 6.92142273e+02, 5.47962830e+02,
       8.01301360e-01, 6.95003967e+02, 5.09668427e+02, 8.14873517e-01,
       7.09848572e+02, 5.68519043e+02, 4.05895650e-01, 7.15742981e+02,
       4.80259491e+02, 7.08055139e-01, 1.57809485e+03, 3.94908966e+02,
       2.22444102e-01, 1.58105054e+03, 3.91983398e+02, 2.36590773e-01,
       1.54570142e+03, 4.18450104e+02, 2.07329378e-01, 1.57803015e+03,
       6.42094666e+02, 2.37192333e-01, 0., 0., 0., 1.51925159e+03,
       6.27464478e+02, 3.62393111e-01 ]
