%YAML:1.0
---
pose_0: !!opencv-matrix
   rows: 1
   cols: 25
   dt: "3f"
   data: [ 0., 0., 0., 9.07002686e+02, 5.27291626e+02, 4.81433213e-01,
       8.45203735e+02, 5.74334106e+02, 3.69422972e-01, 7.65672241e+02,
       5.36157776e+02, 6.02201641e-01, 8.80536743e+02, 5.00903473e+02,
       1.03182532e-01, 9.51157898e+02, 4.86204193e+02, 2.85753101e-01,
       1.02480493e+03, 4.62576263e+02, 9.94981155e-02, 1.01890369e+03,
       4.53793396e+02, 2.61854649e-01, 1.11590430e+03, 5.68585022e+02,
       5.22758842e-01, 1.10717920e+03, 6.03899780e+02, 4.68822032e-01,
       1.36612292e+03, 5.06741333e+02, 7.32906699e-01, 1.61337439e+03,
       6.89252014e+02, 5.96213877e-01, 1.11889587e+03, 5.27376099e+02,
       4.94442284e-01, 1.37490942e+03, 5.00869965e+02, 3.56117040e-01,
       1.49567529e+03, 6.39136902e+02, 5.05556405e-01, 0., 0., 0., 0.,
       0., 0., 0., 0., 0., 0., 0., 0., 0., 0., 0., 0., 0., 0.,
       1.48391333e+03, 6.56875305e+02, 3.92425478e-01, 1.65744678e+03,
       7.15668762e+02, 4.51525450e-01, 1.63985767e+03, 7.18756653e+02,
       4.91470516e-01, 1.63101587e+03, 7.03932068e+02, 3.58096659e-01 ]
