%YAML:1.0
---
pose_0: !!opencv-matrix
   rows: 2
   cols: 25
   dt: "3f"
   data: [ 7.62791504e+02, 5.27468201e+02, 9.18740630e-01,
       8.80435059e+02, 4.80229065e+02, 5.52693844e-01, 0., 0., 0., 0.,
       0., 0., 0., 0., 0., 8.71707886e+02, 5.03714264e+02,
       3.89755905e-01, 9.98286133e+02, 5.56738708e+02, 3.95272583e-01,
       1.09232092e+03, 6.36219055e+02, 2.82772124e-01, 1.17483960e+03,
       4.86137939e+02, 3.80263299e-01, 1.16312671e+03, 5.27411926e+02,
       3.17402571e-01, 1.33088867e+03, 5.50873718e+02, 3.15587252e-01,
       1.54279309e+03, 5.03850769e+02, 1.47447497e-01, 1.18665125e+03,
       4.59620911e+02, 3.14603955e-01, 1.35140649e+03, 5.09695496e+02,
       3.32391798e-01, 1.56342078e+03, 5.06724762e+02, 3.74678224e-01,
       7.42314087e+02, 5.27267639e+02, 4.78736490e-01, 7.59793274e+02,
       5.06634399e+02, 8.51647198e-01, 0., 0., 0., 7.86407288e+02,
       4.71391174e+02, 7.13397205e-01, 0., 0., 0., 0., 0., 0.,
       1.59868982e+03, 5.21417297e+02, 2.85947263e-01, 0., 0., 0., 0.,
       0., 0., 0., 0., 0., 0., 0., 0., 0., 0., 0., 8.62834290e+02,
       5.12634949e+02, 3.64872575e-01, 1.01595715e+03, 5.59693481e+02,
       3.69086832e-01, 1.09254895e+03, 6.42131348e+02, 5.24526060e-01,
       0., 0., 0., 0., 0., 0., 0., 0., 0., 0., 0., 0., 0., 0., 0., 0.,
       0., 0., 0., 0., 0., 0., 0., 0., 0., 0., 0., 0., 0., 0., 0., 0.,
       0., 0., 0., 0., 0., 0., 0., 0., 0., 0., 0., 0., 0., 0., 0., 0.,
       0., 0., 0., 0., 0., 0., 0., 0., 0., 0., 0., 0. ]
