%YAML:1.0
---
pose_0: !!opencv-matrix
   rows: 1
   cols: 25
   dt: "3f"
   data: [ 6.24432129e+02, 3.89059174e+02, 8.75162780e-01,
       7.71635010e+02, 3.92042236e+02, 6.28613532e-01, 7.89296509e+02,
       4.86174316e+02, 6.26753867e-01, 9.48222229e+02, 5.21475281e+02,
       6.93772733e-01, 1.10719800e+03, 5.56782471e+02, 7.79245913e-01,
       7.86204956e+02, 2.91853180e+02, 6.71100199e-01, 9.51124939e+02,
       2.47774216e+02, 7.64070511e-01, 1.11298218e+03, 2.00783508e+02,
       8.08907568e-01, 1.10421484e+03, 3.59571320e+02, 4.44942534e-01,
       1.09833679e+03, 4.15484009e+02, 4.80316520e-01, 1.35445190e+03,
       4.12453613e+02, 5.34150004e-01, 1.64281885e+03, 3.56662231e+02,
       4.99297649e-01, 1.10418909e+03, 2.94731293e+02, 4.43712920e-01,
       1.36913477e+03, 2.77178741e+02, 4.63524252e-01, 1.53395471e+03,
       3.15403931e+02, 3.75151455e-01, 6.09784241e+02, 4.12453308e+02,
       8.27670097e-01, 6.12680542e+02, 3.65546265e+02, 8.08249652e-01,
       6.27476746e+02, 4.36183105e+02, 1.93243533e-01, 6.42126526e+02,
       3.38966949e+02, 4.51833159e-01, 1.61340527e+03, 2.77118927e+02,
       1.51083678e-01, 1.60745715e+03, 2.74279205e+02, 1.93161726e-01,
       1.56039136e+03, 3.18405914e+02, 1.80387348e-01, 1.75467468e+03,
       3.18441101e+02, 1.53733179e-01, 1.73114783e+03, 3.44843536e+02,
       1.05542943e-01, 1.66042285e+03, 3.44833984e+02, 2.68730313e-01 ]
