%YAML:1.0
---
pose_0: !!opencv-matrix
   rows: 1
   cols: 25
   dt: "3f"
   data: [ 0., 0., 0., 9.77640320e+02, 5.03768433e+02, 3.80653560e-01,
       9.27581421e+02, 5.33259277e+02, 3.80374283e-01, 8.09839417e+02,
       5.30314209e+02, 7.05709636e-01, 0., 0., 0., 1.02768481e+03,
       4.77353363e+02, 2.64013261e-01, 1.07185229e+03, 4.68459106e+02,
       7.52970129e-02, 1.05123267e+03, 4.15473175e+02, 1.59319282e-01,
       1.16611267e+03, 5.56819153e+02, 4.66966271e-01, 1.15425830e+03,
       5.95045227e+02, 4.01024640e-01, 1.39268640e+03, 4.94954132e+02,
       7.01069534e-01, 1.63699976e+03, 7.12684448e+02, 6.57003880e-01,
       1.18366101e+03, 5.21440613e+02, 3.68502021e-01, 1.37198975e+03,
       4.56634186e+02, 5.28101563e-01, 1.49867883e+03, 6.45071655e+02,
       2.78550982e-01, 0., 0., 0., 0., 0., 0., 0., 0., 0., 0., 0., 0.,
       0., 0., 0., 0., 0., 0., 1.48982520e+03, 6.65709839e+02,
       2.66906291e-01, 1.68109460e+03, 7.12759460e+02, 3.70115876e-01,
       1.66352454e+03, 7.24565063e+02, 4.17395651e-01, 1.64578406e+03,
       7.27500793e+02, 4.55088675e-01 ]
