%YAML:1.0
---
pose_0: !!opencv-matrix
   rows: 1
   cols: 25
   dt: "3f"
   data: [ 7.42093567e+02, 4.89066193e+02, 7.68201411e-01,
       8.68736023e+02, 4.83175751e+02, 5.84185243e-01, 8.83541687e+02,
       5.47918762e+02, 5.33939123e-01, 9.92334351e+02, 6.21358398e+02,
       7.74926901e-01, 8.95219788e+02, 5.74406982e+02, 7.28228152e-01,
       8.39392700e+02, 4.24317474e+02, 5.18233895e-01, 9.57149231e+02,
       3.53701416e+02, 6.64077818e-01, 1.04236389e+03, 3.56607819e+02,
       6.95442975e-01, 1.13952258e+03, 5.00848358e+02, 4.77400124e-01,
       1.13364172e+03, 5.50920166e+02, 4.22244787e-01, 1.19552356e+03,
       5.83306030e+02, 6.89276680e-02, 0., 0., 0., 1.13952625e+03,
       4.47911987e+02, 4.32935476e-01, 1.35147327e+03, 4.77338104e+02,
       6.05481565e-01, 1.58098022e+03, 4.71393616e+02, 6.24161780e-01,
       7.21624207e+02, 5.03731384e+02, 6.34740353e-01, 7.27523865e+02,
       4.77202789e+02, 7.11842835e-01, 7.42332336e+02, 5.15571960e+02,
       1.35783076e-01, 7.51076782e+02, 4.50786133e+02, 5.18912554e-01,
       1.63401038e+03, 4.33227539e+02, 4.89699483e-01, 1.62807117e+03,
       4.33174500e+02, 5.23047090e-01, 1.61051697e+03, 4.80147552e+02,
       3.81771564e-01, 0., 0., 0., 0., 0., 0., 0., 0., 0. ]
