%YAML:1.0
---
pose_0: !!opencv-matrix
   rows: 1
   cols: 25
   dt: "3f"
   data: [ 7.62666138e+02, 3.83039215e+02, 7.92499781e-01,
       8.80436096e+02, 3.89137512e+02, 7.39176929e-01, 8.65784363e+02,
       4.71430450e+02, 7.07922220e-01, 9.74590271e+02, 5.45037354e+02,
       8.01975846e-01, 1.02187256e+03, 5.97984436e+02, 8.95921707e-01,
       8.86469360e+02, 3.03631592e+02, 6.61184490e-01, 1.02487903e+03,
       2.91748779e+02, 7.92609334e-01, 1.12775830e+03, 2.71426880e+02,
       8.14097047e-01, 1.13947339e+03, 4.33094879e+02, 6.20355844e-01,
       1.12483386e+03, 4.80243042e+02, 5.99395394e-01, 1.32782593e+03,
       5.03750153e+02, 7.90701091e-01, 1.53980542e+03, 5.50780457e+02,
       6.28755569e-01, 1.14542505e+03, 3.83143951e+02, 5.96891165e-01,
       1.36324463e+03, 3.38964874e+02, 5.63071132e-01, 1.55453027e+03,
       2.94929169e+02, 4.81965214e-01, 7.45125732e+02, 3.97829163e+02,
       7.56921947e-01, 7.45132507e+02, 3.62615509e+02, 8.01218390e-01,
       7.65675049e+02, 4.21408112e+02, 4.81919050e-01, 7.65884216e+02,
       3.38905884e+02, 4.99362469e-01, 1.63994836e+03, 2.56525208e+02,
       4.49781984e-01, 1.63694873e+03, 2.56589233e+02, 4.55903858e-01,
       1.60752148e+03, 3.09559875e+02, 2.05786034e-01, 1.61333630e+03,
       5.47893005e+02, 4.65475410e-01, 1.60164270e+03, 5.56747314e+02,
       4.09536541e-01, 1.56927563e+03, 5.47943176e+02, 2.85250634e-01 ]
