%YAML:1.0
---
pose_0: !!opencv-matrix
   rows: 1
   cols: 25
   dt: "3f"
   data: [ 6.74611389e+02, 5.50936951e+02, 7.38911629e-01,
       7.83403137e+02, 4.80176941e+02, 6.32145643e-01, 7.92305664e+02,
       5.62649719e+02, 4.35167134e-01, 9.07002197e+02, 6.21504456e+02,
       6.80047214e-01, 8.27535034e+02, 5.56773254e+02, 5.91208398e-01,
       7.71624512e+02, 4.03740814e+02, 5.45759857e-01, 9.21715332e+02,
       3.62589691e+02, 6.99050844e-01, 7.80429382e+02, 4.15542114e+02,
       6.45261884e-01, 1.10423523e+03, 5.24377869e+02, 5.52127063e-01,
       1.09243384e+03, 5.74440369e+02, 5.79733849e-01, 1.31909827e+03,
       6.21437317e+02, 4.19200540e-01, 1.58692725e+03, 6.21483154e+02,
       5.52818418e-01, 1.11599756e+03, 4.62554260e+02, 5.20114481e-01,
       1.40441833e+03, 4.83225494e+02, 5.80091000e-01, 1.63694299e+03,
       4.97869934e+02, 6.40112758e-01, 6.65697205e+02, 5.50983459e+02,
       8.56316537e-02, 6.68527893e+02, 5.36179199e+02, 6.81709290e-01,
       0., 0., 0., 6.71506958e+02, 4.97862579e+02, 5.55259049e-01,
       1.69585425e+03, 4.59588684e+02, 5.45504868e-01, 1.68697412e+03,
       4.56773010e+02, 6.09088123e-01, 1.67223706e+03, 5.06792023e+02,
       3.75634253e-01, 1.70166016e+03, 6.03872925e+02, 1.84591591e-01,
       0., 0., 0., 1.61927588e+03, 6.00846863e+02, 2.60276794e-01 ]
