%YAML:1.0
---
pose_0: !!opencv-matrix
   rows: 1
   cols: 25
   dt: "3f"
   data: [ 0., 0., 0., 8.51091675e+02, 4.39027985e+02, 4.63973373e-01,
       8.71696594e+02, 4.09575592e+02, 2.26267263e-01, 0., 0., 0., 0.,
       0., 0., 8.30510193e+02, 4.65557037e+02, 6.89673603e-01,
       9.24651917e+02, 5.71515991e+02, 4.95990753e-01, 9.27712585e+02,
       5.53843262e+02, 4.52708393e-01, 1.13654724e+03, 4.74322174e+02,
       4.22392249e-01, 1.12775928e+03, 5.03781494e+02, 3.13071102e-01,
       1.29843982e+03, 4.86221954e+02, 7.53428400e-01, 1.55451257e+03,
       6.18512634e+02, 5.39731860e-01, 1.14246082e+03, 4.36147247e+02,
       4.17654723e-01, 1.34847778e+03, 4.03721832e+02, 7.09828556e-01,
       1.53973376e+03, 4.80174408e+02, 6.56924784e-01, 0., 0., 0., 0.,
       0., 0., 0., 0., 0., 7.65686340e+02, 4.71442444e+02,
       3.38669091e-01, 1.60752234e+03, 4.09599701e+02, 4.31101948e-01,
       1.60163562e+03, 4.12502045e+02, 4.25000757e-01, 1.55454700e+03,
       5.06670105e+02, 3.99996012e-01, 1.61344604e+03, 6.42138916e+02,
       1.83949679e-01, 1.58993896e+03, 6.51013855e+02, 2.41774902e-01,
       1.58983716e+03, 6.30347900e+02, 2.93770045e-01 ]
