%YAML:1.0
---
pose_0: !!opencv-matrix
   rows: 1
   cols: 25
   dt: "3f"
   data: [ 7.65658325e+02, 4.62616821e+02, 8.38305533e-01,
       8.57018066e+02, 4.65562897e+02, 6.64439559e-01, 8.36322510e+02,
       5.18523560e+02, 7.70408452e-01, 9.04084839e+02, 4.47903168e+02,
       6.14283919e-01, 9.51239258e+02, 2.77173248e+02, 6.74990594e-01,
       8.62900879e+02, 4.21355103e+02, 3.98957014e-01, 1.01006128e+03,
       3.91962921e+02, 6.49411201e-01, 1.12196582e+03, 3.30131714e+02,
       6.33572400e-01, 1.11901599e+03, 5.09712372e+02, 5.98112106e-01,
       1.11603528e+03, 5.56809692e+02, 5.27522206e-01, 1.34259351e+03,
       6.06847961e+02, 6.54805541e-01, 1.53977686e+03, 6.89219727e+02,
       4.70092952e-01, 1.12778430e+03, 4.59738983e+02, 5.78586280e-01,
       1.33083154e+03, 3.89126495e+02, 6.17713034e-01, 1.51328687e+03,
       3.44936066e+02, 5.67141831e-01, 7.51063049e+02, 4.80121429e+02,
       7.63327718e-01, 7.51059387e+02, 4.47838898e+02, 7.44079232e-01,
       7.71594849e+02, 5.03642059e+02, 4.40769613e-01, 7.68781189e+02,
       4.24291626e+02, 4.62638378e-01, 1.57813330e+03, 2.91882935e+02,
       6.53485432e-02, 0., 0., 0., 1.53686633e+03, 3.39049011e+02,
       3.76151800e-01, 1.59864966e+03, 6.68638000e+02, 4.21415240e-01,
       1.58983105e+03, 6.77473267e+02, 3.18276882e-01, 1.57515662e+03,
       7.12714355e+02, 2.95375288e-01 ]
