%YAML:1.0
---
pose_0: !!opencv-matrix
   rows: 1
   cols: 25
   dt: "3f"
   data: [ 6.71525085e+02, 6.01069885e+02, 7.93260694e-01,
       7.89330261e+02, 6.00979187e+02, 6.58046663e-01, 7.86436707e+02,
       6.77453064e+02, 6.12053692e-01, 9.06917603e+02, 7.65912537e+02,
       8.34243417e-01, 8.18711243e+02, 7.36315430e+02, 7.24570036e-01,
       7.86269104e+02, 5.30185303e+02, 5.16644895e-01, 9.71756287e+02,
       4.62546967e+02, 8.14037383e-01, 8.36492188e+02, 4.59743134e+02,
       8.55942130e-01, 1.08951782e+03, 6.68562744e+02, 5.75991869e-01,
       1.07184680e+03, 7.18642578e+02, 5.67868829e-01, 1.31615771e+03,
       7.42270142e+02, 5.64618170e-01, 1.56333337e+03, 7.62735474e+02,
       4.83943760e-01, 1.10420642e+03, 6.06804626e+02, 4.93941158e-01,
       1.34850940e+03, 5.98049072e+02, 5.18712401e-01, 1.62221472e+03,
       5.33231812e+02, 5.22539556e-01, 6.53954773e+02, 6.18598389e+02,
       7.50938237e-01, 6.53905640e+02, 5.80367981e+02, 7.16471732e-01,
       6.71549561e+02, 6.33268555e+02, 1.77965030e-01, 6.71632935e+02,
       5.50913574e+02, 5.70186973e-01, 1.71640015e+03, 4.83205383e+02,
       4.11530435e-01, 1.71343127e+03, 4.83267395e+02, 3.92799914e-01,
       1.64870374e+03, 5.53800903e+02, 1.81680843e-01, 1.62515491e+03,
       7.15687927e+02, 1.73771530e-01, 0., 0., 0., 1.58986963e+03,
       7.59850037e+02, 2.71935493e-01 ]
