%YAML:1.0
---
pose_0: !!opencv-matrix
   rows: 1
   cols: 25
   dt: "3f"
   data: [ 6.27455627e+02, 5.03665222e+02, 8.28165174e-01,
       7.68795776e+02, 4.86110016e+02, 6.72144592e-01, 7.65830444e+02,
       5.80369141e+02, 6.80443525e-01, 9.07024048e+02, 6.68601685e+02,
       8.21665049e-01, 1.06885339e+03, 7.53918884e+02, 8.18699360e-01,
       7.89243164e+02, 3.89021942e+02, 4.61186379e-01, 9.51125916e+02,
       4.12560822e+02, 2.12033600e-01, 1.02767310e+03, 4.33212677e+02,
       1.28878832e-01, 1.06596301e+03, 5.56738586e+02, 4.77086395e-01,
       1.04829834e+03, 6.18623108e+02, 4.59896058e-01, 1.16599438e+03,
       6.68661194e+02, 2.31797054e-01, 1.60454956e+03, 6.24382690e+02,
       2.99630135e-01, 1.07772620e+03, 4.92065399e+02, 4.26419407e-01,
       1.32201660e+03, 5.03744507e+02, 5.44442177e-01, 1.66345483e+03,
       4.89140564e+02, 3.44843000e-01, 6.15667175e+02, 5.21437622e+02,
       7.43823230e-01, 6.12705688e+02, 4.80188599e+02, 8.08704734e-01,
       6.33340271e+02, 5.36159180e+02, 5.39971627e-02, 6.44983826e+02,
       4.39000427e+02, 4.83603328e-01, 1.75464429e+03, 5.06743713e+02,
       5.11904918e-02, 0., 0., 0., 1.66935327e+03, 5.00844269e+02,
       2.35606551e-01, 1.68703491e+03, 6.50984863e+02, 8.98799896e-02,
       0., 0., 0., 1.63987854e+03, 6.15633911e+02, 2.03625098e-01 ]
