%YAML:1.0
---
pose_0: !!opencv-matrix
   rows: 1
   cols: 25
   dt: "3f"
   data: [ 7.21559448e+02, 5.30387756e+02, 8.52534473e-01,
       8.15799683e+02, 5.39150513e+02, 6.94881916e-01, 7.68685913e+02,
       6.00930481e+02, 5.60258746e-01, 7.62815308e+02, 7.21591919e+02,
       4.24851537e-01, 7.86360779e+02, 7.92244873e+02, 3.48413855e-01,
       8.56854309e+02, 4.83107147e+02, 6.94400132e-01, 9.98181030e+02,
       4.56627777e+02, 7.99959242e-01, 1.09833997e+03, 4.09671234e+02,
       8.03774357e-01, 1.09239478e+03, 5.65564575e+02, 5.56600690e-01,
       1.08946558e+03, 6.12684448e+02, 5.44412971e-01, 1.28382458e+03,
       6.24533447e+02, 6.80013359e-01, 1.52214722e+03, 6.65603760e+02,
       5.18435180e-01, 1.09249365e+03, 5.12596802e+02, 5.54314137e-01,
       1.33383813e+03, 4.80191559e+02, 6.40494406e-01, 1.51926538e+03,
       4.77296387e+02, 6.03435636e-01, 7.03969910e+02, 5.42059021e+02,
       7.20312059e-01, 7.18580811e+02, 5.09762756e+02, 8.29485774e-01,
       7.12777161e+02, 5.74358337e+02, 4.13238168e-01, 7.51079834e+02,
       4.94929749e+02, 5.42682290e-01, 1.59865588e+03, 4.59660706e+02,
       5.26271462e-01, 1.59285059e+03, 4.56588654e+02, 5.54452419e-01,
       1.54279993e+03, 4.83232697e+02, 3.25687915e-01, 1.58388538e+03,
       6.62692993e+02, 2.07881138e-01, 0., 0., 0., 1.55748682e+03,
       6.56836853e+02, 3.14765334e-01 ]
