%YAML:1.0
---
pose_0: !!opencv-matrix
   rows: 1
   cols: 25
   dt: "3f"
   data: [ 6.21517517e+02, 5.00849030e+02, 8.78869534e-01,
       7.51062256e+02, 5.30357788e+02, 6.98873758e-01, 7.56920715e+02,
       6.24537781e+02, 6.61957383e-01, 8.86449219e+02, 6.86290222e+02,
       7.05074906e-01, 9.98148987e+02, 6.89135071e+02, 7.91124105e-01,
       7.48099609e+02, 4.44948303e+02, 5.65182269e-01, 9.18799744e+02,
       3.80210114e+02, 8.01262736e-01, 7.83320435e+02, 3.91994141e+02,
       7.96602547e-01, 1.05709534e+03, 5.30272156e+02, 5.36861837e-01,
       1.05126038e+03, 5.80308167e+02, 5.49249053e-01, 1.33090479e+03,
       5.94945740e+02, 5.10300398e-01, 1.58991724e+03, 6.00831848e+02,
       5.21615744e-01, 1.05421167e+03, 4.71438873e+02, 5.40932536e-01,
       1.27198865e+03, 4.59570251e+02, 3.93312544e-01, 1.51928052e+03,
       4.71435791e+02, 1.79996699e-01, 6.01036072e+02, 5.12601990e+02,
       8.41738701e-01, 6.09780090e+02, 4.80168610e+02, 8.46906960e-01,
       6.21441284e+02, 5.47894653e+02, 6.49475694e-01, 6.33320984e+02,
       4.56757690e+02, 6.41573787e-01, 0., 0., 0., 0., 0., 0.,
       1.54282849e+03, 4.71397705e+02, 1.09791182e-01, 1.70453650e+03,
       5.92049561e+02, 4.27647710e-01, 1.69290271e+03, 6.00942688e+02,
       3.62370968e-01, 1.62224487e+03, 5.80321838e+02, 1.77218333e-01 ]
