%YAML:1.0
---
pose_0: !!opencv-matrix
   rows: 1
   cols: 25
   dt: "3f"
   data: [ 0., 0., 0., 8.18720642e+02, 4.53749817e+02, 1.01631641e-01,
       8.71689575e+02, 4.97881348e+02, 7.36623481e-02, 0., 0., 0., 0.,
       0., 0., 7.48090820e+02, 4.00774841e+02, 1.68180212e-01,
       9.06996948e+02, 3.56619476e+02, 3.07051212e-01, 1.09543298e+03,
       3.50705780e+02, 5.73268950e-01, 1.09242639e+03, 4.50835632e+02,
       1.54558361e-01, 0., 0., 0., 0., 0., 0., 0., 0., 0.,
       1.09831958e+03, 4.30220428e+02, 1.42641842e-01, 1.36617700e+03,
       4.65564148e+02, 2.94106692e-01, 1.54864539e+03, 4.12645538e+02,
       3.49741340e-01, 0., 0., 0., 0., 0., 0., 0., 0., 0., 0., 0., 0.,
       1.60750891e+03, 4.80230774e+02, 5.66181391e-02, 0., 0., 0., 0.,
       0., 0., 0., 0., 0., 0., 0., 0., 0., 0., 0. ]
