%YAML:1.0
---
pose_0: !!opencv-matrix
   rows: 1
   cols: 25
   dt: "3f"
   data: [ 7.83406677e+02, 3.89069366e+02, 6.58394039e-01,
       8.89371338e+02, 4.06563812e+02, 6.67887509e-01, 8.83476501e+02,
       4.71444916e+02, 7.77788341e-01, 9.98147461e+02, 4.80228271e+02,
       8.11797857e-01, 9.07004089e+02, 3.89161591e+02, 8.44483912e-01,
       8.86446350e+02, 3.24312531e+02, 5.66570997e-01, 1.03363159e+03,
       2.91920532e+02, 8.32798600e-01, 9.07134338e+02, 3.06597229e+02,
       6.39977276e-01, 1.14242285e+03, 4.18425873e+02, 6.09191120e-01,
       1.12777344e+03, 4.65532623e+02, 6.15865290e-01, 1.32201038e+03,
       5.47882141e+02, 6.93619370e-01, 1.49576355e+03, 5.97943359e+02,
       6.17377281e-01, 1.15128003e+03, 3.65413269e+02, 5.84894061e-01,
       1.39266248e+03, 3.80198578e+02, 6.07078612e-01, 1.56328748e+03,
       3.86099213e+02, 6.59613252e-01, 7.71623047e+02, 4.06679077e+02,
       5.55813670e-01, 7.65863281e+02, 3.74294464e+02, 5.50369263e-01,
       7.89258240e+02, 4.33011383e+02, 5.04186690e-01, 8.06981506e+02,
       3.56620117e+02, 3.44238907e-01, 1.62513733e+03, 3.62529266e+02,
       4.68366563e-01, 1.61350281e+03, 3.59520172e+02, 5.00710905e-01,
       1.58688135e+03, 3.86074249e+02, 3.11072111e-01, 1.49273926e+03,
       6.65640564e+02, 4.86374676e-01, 1.48681042e+03, 6.53948792e+02,
       4.75097597e-01, 1.53099133e+03, 5.92087219e+02, 4.12048459e-01 ]
