%YAML:1.0
---
pose_0: !!opencv-matrix
   rows: 1
   cols: 25
   dt: "3f"
   data: [ 7.59858032e+02, 3.65560944e+02, 8.86143029e-01,
       8.68744446e+02, 3.86054596e+02, 7.28684545e-01, 8.71704224e+02,
       4.59688812e+02, 6.33622527e-01, 9.92393005e+02, 4.86207642e+02,
       6.05171978e-01, 1.04546777e+03, 5.24300903e+02, 8.48425686e-01,
       8.65850647e+02, 3.15421234e+02, 6.37650192e-01, 1.01878809e+03,
       2.47797745e+02, 8.10838461e-01, 1.14238086e+03, 1.77211548e+02,
       8.81954849e-01, 1.13655237e+03, 3.65546509e+02, 5.45178711e-01,
       1.13073193e+03, 4.15456299e+02, 5.76105237e-01, 1.33669629e+03,
       4.74300171e+02, 7.25046337e-01, 1.54282312e+03, 5.33208374e+02,
       6.43991649e-01, 1.13659521e+03, 3.15431641e+02, 5.20282030e-01,
       1.33972473e+03, 2.94922241e+02, 6.68925941e-01, 1.57220020e+03,
       2.83081757e+02, 5.84289134e-01, 7.42190308e+02, 3.83175476e+02,
       8.49994063e-01, 7.45219604e+02, 3.47816376e+02, 8.27455759e-01,
       7.62672791e+02, 4.06597198e+02, 4.55892920e-01, 7.65885132e+02,
       3.30084381e+02, 5.71838796e-01, 1.63989087e+03, 2.71291656e+02,
       3.88358653e-01, 1.63688062e+03, 2.68252563e+02, 4.47629929e-01,
       1.61051477e+03, 2.91828705e+02, 2.60028124e-01, 1.61640942e+03,
       5.47913086e+02, 2.99239695e-01, 1.61335596e+03, 5.53925354e+02,
       3.49897683e-01, 1.56933923e+03, 5.30305054e+02, 3.86669099e-01 ]
