%YAML:1.0
---
pose_0: !!opencv-matrix
   rows: 1
   cols: 25
   dt: "3f"
   data: [ 7.68663452e+02, 5.09746704e+02, 7.24616587e-01,
       8.83584839e+02, 4.53712677e+02, 5.91348171e-01, 8.77623779e+02,
       4.68483856e+02, 4.85532731e-01, 1.03950916e+03, 5.06647186e+02,
       6.79329276e-01, 1.11900684e+03, 5.89127075e+02, 7.97618032e-01,
       8.95217773e+02, 4.39137878e+02, 5.75835466e-01, 1.00419366e+03,
       4.18395355e+02, 7.31910944e-01, 1.12772656e+03, 4.36031738e+02,
       7.81912863e-01, 1.13363123e+03, 4.33201630e+02, 3.86912167e-01,
       1.12486060e+03, 4.56729034e+02, 2.50943989e-01, 1.35146899e+03,
       4.77302124e+02, 6.07687950e-01, 1.60451245e+03, 4.09595612e+02,
       3.35305929e-01, 1.13662463e+03, 4.15488800e+02, 3.60448509e-01,
       1.34854602e+03, 4.92058807e+02, 5.42825699e-01, 1.61633606e+03,
       4.30213196e+02, 3.76559585e-01, 0., 0., 0., 7.62653564e+02,
       4.97900696e+02, 7.28975177e-01, 0., 0., 0., 7.83443054e+02,
       4.56717743e+02, 6.68613791e-01, 1.65757898e+03, 5.03810425e+02,
       2.94768155e-01, 1.66342346e+03, 4.86227234e+02, 2.97303140e-01,
       1.65458081e+03, 4.09597321e+02, 2.33974844e-01, 1.66633899e+03,
       3.77270447e+02, 1.55772284e-01, 1.65758191e+03, 3.83057922e+02,
       8.57742652e-02, 1.63396973e+03, 3.86090790e+02, 2.40570575e-01 ]
