%YAML:1.0
---
pose_0: !!opencv-matrix
   rows: 1
   cols: 25
   dt: "3f"
   data: [ 6.92173218e+02, 5.00819885e+02, 8.80426407e-01,
       8.15887817e+02, 5.03744110e+02, 6.92738175e-01, 8.33404663e+02,
       5.92096069e+02, 6.48051381e-01, 9.36498047e+02, 6.68594971e+02,
       8.17934871e-01, 1.04538904e+03, 7.77467529e+02, 7.82837510e-01,
       8.06935181e+02, 4.30217590e+02, 5.55106044e-01, 9.15829346e+02,
       3.33105957e+02, 7.13211119e-01, 9.98253601e+02, 2.00631897e+02,
       7.73283303e-01, 1.08653296e+03, 4.77341949e+02, 4.78909671e-01,
       1.08945313e+03, 5.30278076e+02, 4.93788779e-01, 1.33672668e+03,
       5.74417847e+02, 3.30856740e-01, 1.51628979e+03, 4.94935455e+02,
       2.42127270e-01, 1.08065491e+03, 4.15555145e+02, 3.83309990e-01,
       1.34848438e+03, 4.44937103e+02, 6.05774999e-01, 1.58991443e+03,
       4.18444489e+02, 4.42312539e-01, 6.71550720e+02, 5.06883911e+02,
       8.54724705e-01, 6.80407349e+02, 4.74392029e+02, 8.17263782e-01,
       6.94999451e+02, 5.30272278e+02, 2.73284256e-01, 7.09843262e+02,
       4.39155457e+02, 6.40197098e-01, 1.67524243e+03, 3.77224060e+02,
       2.61459082e-01, 1.67227527e+03, 3.74298523e+02, 2.62538284e-01,
       1.62811450e+03, 4.24335571e+02, 1.74238384e-01, 0., 0., 0., 0.,
       0., 0., 1.53688953e+03, 4.86199463e+02, 1.51945964e-01 ]
