%YAML:1.0
---
pose_0: !!opencv-matrix
   rows: 1
   cols: 25
   dt: "3f"
   data: [ 0., 0., 0., 9.42331848e+02, 5.30229187e+02, 2.57358193e-01,
       9.09943604e+02, 5.68509094e+02, 3.36035013e-01, 7.83438904e+02,
       5.27237549e+02, 3.91694248e-01, 9.30560791e+02, 4.83236908e+02,
       2.00508058e-01, 9.68789307e+02, 5.06743164e+02, 1.63159475e-01,
       9.95265991e+02, 4.86125397e+02, 1.82832032e-01, 1.10129041e+03,
       4.56802643e+02, 5.49788594e-01, 1.16304761e+03, 5.65596191e+02,
       3.94125491e-01, 1.16007654e+03, 5.94995361e+02, 3.65718633e-01,
       1.40149573e+03, 5.00858276e+02, 7.97018051e-01, 1.63990295e+03,
       7.15651855e+02, 5.92259049e-01, 1.16603601e+03, 5.30281372e+02,
       3.30961883e-01, 1.41035046e+03, 4.86195557e+02, 3.51321578e-01,
       1.56928931e+03, 5.80354797e+02, 2.22916365e-01, 0., 0., 0., 0.,
       0., 0., 0., 0., 0., 0., 0., 0., 1.61637378e+03, 5.21408691e+02,
       1.68337017e-01, 1.61050720e+03, 5.24370728e+02, 1.70877904e-01,
       1.59290149e+03, 5.80289612e+02, 1.59883127e-01, 1.69585522e+03,
       7.33309937e+02, 4.46975291e-01, 1.68098108e+03, 7.42254333e+02,
       5.17752588e-01, 1.65166174e+03, 7.36314758e+02, 3.32771063e-01 ]
