%YAML:1.0
---
pose_0: !!opencv-matrix
   rows: 1
   cols: 25
   dt: "3f"
   data: [ 7.36256409e+02, 3.65537659e+02, 8.62687290e-01,
       8.39407837e+02, 3.68467529e+02, 7.40991414e-01, 8.45203186e+02,
       4.44960815e+02, 7.13857591e-01, 9.39424805e+02, 5.42012024e+02,
       7.90668666e-01, 9.27750488e+02, 6.62768433e+02, 8.17759335e-01,
       8.33535706e+02, 3.00715729e+02, 6.32472456e-01, 8.62951965e+02,
       2.27124817e+02, 4.52014059e-01, 8.68759827e+02, 1.65335770e+02,
       4.41662997e-01, 1.09251208e+03, 3.65371674e+02, 5.72663844e-01,
       1.09242505e+03, 4.12458344e+02, 5.55335581e-01, 1.31911951e+03,
       4.30129089e+02, 6.59979224e-01, 1.53684949e+03, 4.50762115e+02,
       5.93865395e-01, 1.09250732e+03, 3.12438202e+02, 5.25436282e-01,
       1.31910400e+03, 2.94906586e+02, 7.41605997e-01, 1.56044556e+03,
       2.77185974e+02, 6.24770701e-01, 7.18701050e+02, 3.83175415e+02,
       7.99515307e-01, 7.18712708e+02, 3.47854309e+02, 7.89274633e-01,
       7.42126526e+02, 4.03733185e+02, 4.05317128e-01, 7.39284851e+02,
       3.21298279e+02, 6.20158970e-01, 1.63696814e+03, 2.62415924e+02,
       4.89557892e-01, 1.63397583e+03, 2.53626343e+02, 5.15954435e-01,
       1.58399304e+03, 2.74201355e+02, 2.68560290e-01, 1.60161279e+03,
       4.59707855e+02, 3.92339587e-01, 1.58697656e+03, 4.74383179e+02,
       3.67103487e-01, 1.56925757e+03, 4.33204132e+02, 3.63887548e-01 ]
