%YAML:1.0
---
pose_0: !!opencv-matrix
   rows: 1
   cols: 25
   dt: "3f"
   data: [ 7.15621765e+02, 3.89176971e+02, 8.90127063e-01,
       7.98090759e+02, 3.88947998e+02, 7.03528047e-01, 7.74556702e+02,
       4.50797913e+02, 6.54884338e-01, 8.53964417e+02, 5.30227234e+02,
       7.09573984e-01, 9.12884888e+02, 5.97901001e+02, 6.48378074e-01,
       8.12832153e+02, 3.33062958e+02, 6.93235636e-01, 9.07160828e+02,
       3.53639648e+02, 7.26742685e-01, 9.18773804e+02, 5.33259155e+02,
       6.38961017e-01, 1.10130151e+03, 3.77193573e+02, 4.44513857e-01,
       1.11011365e+03, 4.27208679e+02, 4.54192966e-01, 1.34262390e+03,
       5.12607056e+02, 6.87391222e-01, 1.56630176e+03, 5.59694824e+02,
       6.05929554e-01, 1.09539758e+03, 3.27180786e+02, 3.38232487e-01,
       1.37203162e+03, 2.74252960e+02, 4.56695080e-01, 1.57220544e+03,
       1.74236954e+02, 3.42459202e-01, 6.95171204e+02, 4.06706116e+02,
       8.13688397e-01, 7.00954895e+02, 3.68504669e+02, 7.91734219e-01,
       7.09799561e+02, 4.30176025e+02, 3.22332680e-01, 7.24553284e+02,
       3.41941040e+02, 6.37962639e-01, 0., 0., 0., 0., 0., 0., 0., 0.,
       0., 1.58688110e+03, 6.30324646e+02, 2.26675272e-01,
       1.56929004e+03, 6.24505615e+02, 2.60271192e-01, 1.59575537e+03,
       5.47967102e+02, 4.49431270e-01 ]
