%YAML:1.0
---
pose_0: !!opencv-matrix
   rows: 1
   cols: 25
   dt: "3f"
   data: [ 5.03815674e+02, 5.39078674e+02, 7.68086553e-01,
       6.36253906e+02, 5.36134888e+02, 6.12846017e-01, 6.48063171e+02,
       6.00903625e+02, 3.54989797e-01, 6.89166077e+02, 6.92251831e+02,
       6.28153920e-01, 4.59706970e+02, 6.27520996e+02, 7.56456137e-01,
       6.24527344e+02, 4.59724030e+02, 5.49536109e-01, 7.01023804e+02,
       3.71396545e+02, 6.43662333e-01, 4.56633118e+02, 3.74263184e+02,
       7.40569770e-01, 1.01297565e+03, 5.18537537e+02, 4.22275424e-01,
       9.98241760e+02, 5.97955383e+02, 4.58948612e-01, 1.33084570e+03,
       6.27490295e+02, 2.11676508e-01, 1.53098022e+03, 6.59790649e+02,
       5.82553968e-02, 1.00713177e+03, 4.53681732e+02, 4.21599448e-01,
       1.31023450e+03, 4.62612457e+02, 3.35840404e-01, 1.74585449e+03,
       4.91996338e+02, 4.36106443e-01, 4.80268005e+02, 5.53961182e+02,
       8.08065891e-01, 4.86106995e+02, 5.09780060e+02, 8.01251411e-01,
       4.94933960e+02, 5.86199402e+02, 1.58053577e-01, 5.21490173e+02,
       4.83209229e+02, 6.10555410e-01, 1.84880591e+03, 4.56651001e+02,
       1.98466092e-01, 1.84592017e+03, 4.56651093e+02, 2.05683365e-01,
       1.76645093e+03, 5.21481323e+02, 1.89127684e-01, 0., 0., 0., 0.,
       0., 0., 0., 0., 0. ]
