%YAML:1.0
---
pose_0: !!opencv-matrix
   rows: 1
   cols: 25
   dt: "3f"
   data: [ 7.15814148e+02, 5.00751984e+02, 6.83138013e-01,
       8.45251709e+02, 4.53753998e+02, 6.54973149e-01, 8.56867981e+02,
       5.53731018e+02, 6.23314798e-01, 9.83544189e+02, 6.09740784e+02,
       7.04135180e-01, 1.10718433e+03, 6.71683167e+02, 8.05327713e-01,
       8.56991211e+02, 3.62432434e+02, 5.86694241e-01, 1.00122003e+03,
       3.03654694e+02, 7.32146978e-01, 1.11902209e+03, 2.53614670e+02,
       8.11051011e-01, 1.13366626e+03, 5.06821869e+02, 5.54362178e-01,
       1.11605188e+03, 5.59675415e+02, 5.41729569e-01, 1.30731018e+03,
       5.71483093e+02, 2.09138006e-01, 1.51328345e+03, 6.06791077e+02,
       4.27989841e-01, 1.14252087e+03, 4.53676025e+02, 5.04764736e-01,
       1.35736707e+03, 4.74371399e+02, 5.50187767e-01, 1.58988452e+03,
       4.59543365e+02, 6.17758512e-01, 7.01067078e+02, 5.03803162e+02,
       1.14225768e-01, 7.01019409e+02, 4.83077026e+02, 6.07951581e-01,
       0., 0., 0., 7.15792480e+02, 4.42006683e+02, 5.41690826e-01,
       1.67231482e+03, 4.27269012e+02, 3.96873653e-01, 1.66929004e+03,
       4.27221832e+02, 3.98481101e-01, 1.60459583e+03, 4.41981354e+02,
       1.68340832e-01, 1.58680334e+03, 6.03840942e+02, 1.39719769e-01,
       0., 0., 0., 1.54278711e+03, 6.00900085e+02, 2.82329977e-01 ]
