%YAML:1.0
---
pose_0: !!opencv-matrix
   rows: 1
   cols: 25
   dt: "3f"
   data: [ 6.80384888e+02, 5.00762543e+02, 7.64450788e-01,
       7.86379395e+02, 4.83283783e+02, 6.13049448e-01, 7.89249146e+02,
       5.47940002e+02, 3.39665145e-01, 8.86413391e+02, 6.15646240e+02,
       7.53046796e-02, 0., 0., 0., 7.98082336e+02, 4.12599915e+02,
       6.24461532e-01, 9.21730713e+02, 3.86041870e+02, 7.17195868e-01,
       1.02171790e+03, 3.88911469e+02, 7.80557215e-01, 1.09236926e+03,
       5.27264465e+02, 5.02358735e-01, 1.08944592e+03, 5.74503174e+02,
       5.42232811e-01, 1.32498413e+03, 6.15671814e+02, 6.19144857e-01,
       1.61346973e+03, 6.53955505e+02, 4.72539157e-01, 1.09240479e+03,
       4.59745697e+02, 5.32955587e-01, 1.35439722e+03, 4.74291107e+02,
       4.37054694e-01, 1.58689063e+03, 4.83182648e+02, 5.04223228e-01,
       6.62770569e+02, 5.15533875e+02, 7.71571934e-01, 6.68487793e+02,
       4.77239685e+02, 8.29865754e-01, 6.71607178e+02, 5.36242493e+02,
       1.98613644e-01, 6.89137085e+02, 4.39129822e+02, 5.43355465e-01,
       1.67816589e+03, 4.65563782e+02, 2.36979365e-01, 1.67516138e+03,
       4.59770325e+02, 2.68611878e-01, 1.60165454e+03, 4.83160919e+02,
       1.94209695e-01, 1.68112170e+03, 6.42121094e+02, 7.48382658e-02,
       0., 0., 0., 1.64286035e+03, 6.50932251e+02, 2.90744036e-01 ]
