%YAML:1.0
---
pose_0: !!opencv-matrix
   rows: 1
   cols: 25
   dt: "3f"
   data: [ 7.68714417e+02, 5.21458435e+02, 8.31367791e-01,
       8.71712219e+02, 4.86102417e+02, 6.16236448e-01, 8.71687500e+02,
       5.45016968e+02, 5.52083850e-01, 9.71759888e+02, 5.77277344e+02,
       3.35861117e-01, 1.06891272e+03, 5.92101440e+02, 3.02720308e-01,
       8.80471008e+02, 4.36002106e+02, 6.02496088e-01, 1.02769116e+03,
       4.00797913e+02, 6.15286529e-01, 1.16595642e+03, 3.80142181e+02,
       7.83740342e-01, 1.13066846e+03, 4.94993439e+02, 5.96805096e-01,
       1.12191980e+03, 5.33325012e+02, 5.89778841e-01, 1.32196606e+03,
       5.53839844e+02, 5.57070017e-01, 1.53987097e+03, 5.03725189e+02,
       5.68525493e-01, 1.13660938e+03, 4.53696747e+02, 5.95656514e-01,
       1.30725415e+03, 4.83235748e+02, 7.13846505e-01, 1.52509509e+03,
       4.36186737e+02, 4.27536070e-01, 7.59752075e+02, 5.27197693e+02,
       7.52317190e-01, 7.65648010e+02, 5.00758667e+02, 8.48828912e-01,
       0., 0., 0., 7.92207520e+02, 4.59735260e+02, 6.90162241e-01,
       1.62513391e+03, 4.94950989e+02, 1.82308316e-01, 1.63102808e+03,
       4.80248871e+02, 2.05956370e-01, 1.57218750e+03, 4.27234192e+02,
       3.61999899e-01, 1.59279602e+03, 5.50931763e+02, 3.58948618e-01,
       1.58391260e+03, 5.50876648e+02, 3.53462577e-01, 1.56627478e+03,
       4.86152527e+02, 1.67964041e-01 ]
