%YAML:1.0
---
pose_0: !!opencv-matrix
   rows: 1
   cols: 25
   dt: "3f"
   data: [ 7.62866089e+02, 4.21427307e+02, 8.40155721e-01,
       8.83599304e+02, 4.39058136e+02, 7.41150916e-01, 8.80649048e+02,
       5.24318115e+02, 7.95309663e-01, 1.01293243e+03, 5.77479858e+02,
       6.62487328e-01, 1.02176300e+03, 6.18533264e+02, 5.32132566e-01,
       8.86473633e+02, 3.62428467e+02, 6.85528576e-01, 1.03355786e+03,
       3.35955597e+02, 7.50365913e-01, 1.13650269e+03, 3.15445526e+02,
       8.43259931e-01, 1.14241321e+03, 4.56706177e+02, 6.38113022e-01,
       1.13361267e+03, 5.06646088e+02, 5.98588884e-01, 1.33970264e+03,
       5.30361450e+02, 7.09338963e-01, 1.55155225e+03, 5.92076294e+02,
       6.05685949e-01, 1.15135144e+03, 4.03745026e+02, 5.54250777e-01,
       1.37495154e+03, 3.53713226e+02, 5.92529237e-01, 1.54866577e+03,
       3.18369659e+02, 5.89407742e-01, 7.51043213e+02, 4.39036926e+02,
       8.04061949e-01, 7.51067627e+02, 4.09558685e+02, 8.50695729e-01,
       7.65857910e+02, 4.68442047e+02, 5.20070255e-01, 7.77552673e+02,
       3.86141144e+02, 4.54813421e-01, 1.63694836e+03, 2.80114380e+02,
       2.87699282e-01, 1.63400549e+03, 2.74289337e+02, 2.97333211e-01,
       1.57219751e+03, 3.06598938e+02, 2.45094433e-01, 1.61050623e+03,
       5.77426147e+02, 5.33419073e-01, 1.60165735e+03, 5.95011780e+02,
       4.65844929e-01, 1.57517175e+03, 5.95029785e+02, 3.43253016e-01 ]
