%YAML:1.0
---
pose_0: !!opencv-matrix
   rows: 1
   cols: 25
   dt: "3f"
   data: [ 7.59796448e+02, 3.92062897e+02, 8.61264229e-01,
       8.80395813e+02, 4.39067017e+02, 7.58892238e-01, 8.62916565e+02,
       5.15587708e+02, 7.15105593e-01, 1.00117523e+03, 5.56886108e+02,
       8.56219828e-01, 1.07186340e+03, 4.59752899e+02, 6.51775301e-01,
       8.83437256e+02, 3.65477570e+02, 6.70097947e-01, 1.03647986e+03,
       3.09513977e+02, 7.53321469e-01, 1.16300378e+03, 2.44917007e+02,
       8.61586571e-01, 1.16308118e+03, 4.06605194e+02, 4.90450233e-01,
       1.17484167e+03, 4.56669495e+02, 5.31244516e-01, 1.34850037e+03,
       4.89080017e+02, 7.11896300e-01, 1.55159961e+03, 5.77390442e+02,
       4.93681192e-01, 1.15131677e+03, 3.44857269e+02, 5.16401291e-01,
       1.33378540e+03, 3.21314728e+02, 6.49959564e-01, 1.56625574e+03,
       2.94941559e+02, 6.26056492e-01, 7.42194275e+02, 4.12541870e+02,
       8.56814504e-01, 7.48065796e+02, 3.85921936e+02, 8.63144517e-01,
       7.59863159e+02, 4.44965332e+02, 7.15891004e-01, 7.77550232e+02,
       3.68348694e+02, 5.53036988e-01, 1.63704700e+03, 2.88874390e+02,
       4.15569603e-01, 1.63408472e+03, 2.80074677e+02, 4.38369900e-01,
       1.58393787e+03, 2.88964233e+02, 3.25191528e-01, 1.61341064e+03,
       5.97996460e+02, 5.17227054e-01, 1.61041028e+03, 6.01028198e+02,
       4.67234373e-01, 1.58100916e+03, 5.74436462e+02, 3.41848791e-01 ]
