%YAML:1.0
---
pose_0: !!opencv-matrix
   rows: 2
   cols: 25
   dt: "3f"
   data: [ 0., 0., 0., 8.33443115e+02, 4.83181946e+02, 6.29397705e-02,
       0., 0., 0., 0., 0., 0., 0., 0., 0., 0., 0., 0., 0., 0., 0., 0.,
       0., 0., 1.11305591e+03, 4.41965149e+02, 3.27616215e-01,
       1.10420325e+03, 4.74362274e+02, 1.73074692e-01, 1.35144385e+03,
       5.03681122e+02, 5.04774809e-01, 1.59573230e+03, 4.27286530e+02,
       1.94811553e-01, 1.11595703e+03, 4.12510895e+02, 3.30013216e-01,
       1.35435583e+03, 5.21462769e+02, 6.28593266e-01, 1.65458398e+03,
       4.12631287e+02, 4.34956819e-01, 0., 0., 0., 0., 0., 0., 0., 0.,
       0., 0., 0., 0., 1.71348853e+03, 3.59506104e+02, 3.90518427e-01,
       1.71345532e+03, 3.59606445e+02, 3.61271441e-01, 1.69287012e+03,
       4.21368042e+02, 1.54310703e-01, 0., 0., 0., 0., 0., 0., 0., 0.,
       0., 0., 0., 0., 0., 0., 0., 0., 0., 0., 0., 0., 0., 0., 0., 0.,
       8.95261719e+02, 4.94957672e+02, 1.80791825e-01, 9.24656433e+02,
       5.24398987e+02, 4.85647261e-01, 8.83499512e+02, 6.18599731e+02,
       4.67848033e-01, 0., 0., 0., 0., 0., 0., 0., 0., 0., 0., 0., 0.,
       0., 0., 0., 0., 0., 0., 0., 0., 0., 0., 0., 0., 0., 0., 0., 0.,
       0., 0., 8.92275085e+02, 5.00842377e+02, 7.45796934e-02, 0., 0.,
       0., 0., 0., 0., 0., 0., 0., 0., 0., 0., 0., 0., 0., 0., 0., 0. ]
