%YAML:1.0
---
pose_0: !!opencv-matrix
   rows: 1
   cols: 25
   dt: "3f"
   data: [ 7.86315369e+02, 3.91948547e+02, 4.71973479e-01,
       8.39414063e+02, 4.47869324e+02, 5.67437947e-01, 8.39333679e+02,
       4.80337860e+02, 7.60365486e-01, 9.39377563e+02, 5.53851746e+02,
       8.26346338e-01, 1.01888159e+03, 5.00886475e+02, 6.97636127e-01,
       8.36433716e+02, 4.12556824e+02, 3.54552656e-01, 9.89397095e+02,
       3.91925140e+02, 2.01986775e-01, 0., 0., 0., 1.10713403e+03,
       4.71395447e+02, 4.89383906e-01, 1.07772876e+03, 5.09674286e+02,
       4.53541160e-01, 1.32198950e+03, 4.09507935e+02, 7.51344323e-01,
       1.51931299e+03, 4.62597626e+02, 4.04171556e-01, 1.11897693e+03,
       4.33185272e+02, 4.50865418e-01, 1.33085156e+03, 4.12568787e+02,
       4.44262385e-01, 1.50444849e+03, 6.00911194e+02, 1.79649726e-01,
       7.68647278e+02, 4.03767944e+02, 3.62513721e-01, 7.68690491e+02,
       3.88957947e+02, 1.34776741e-01, 7.77540344e+02, 4.33223511e+02,
       3.86417806e-01, 0., 0., 0., 1.54297339e+03, 5.95019653e+02,
       8.48783851e-02, 1.54571960e+03, 5.97954041e+02, 5.16037419e-02,
       1.49862476e+03, 6.42090881e+02, 2.39670366e-01, 1.58992908e+03,
       4.09616486e+02, 4.11718786e-01, 1.58986694e+03, 4.18483978e+02,
       3.29709947e-01, 1.55162195e+03, 5.00811218e+02, 1.67511776e-01 ]
