%YAML:1.0
---
pose_0: !!opencv-matrix
   rows: 1
   cols: 25
   dt: "3f"
   data: [ 6.71502441e+02, 5.03919189e+02, 8.67941380e-01,
       7.92338196e+02, 4.80243042e+02, 7.12871313e-01, 8.09820007e+02,
       5.65592163e+02, 5.13325155e-01, 9.30569885e+02, 6.45183044e+02,
       8.39450359e-01, 7.89394470e+02, 6.42165100e+02, 7.99259722e-01,
       7.92308655e+02, 3.86120026e+02, 7.03783631e-01, 9.45262878e+02,
       3.35986389e+02, 7.68216372e-01, 1.04832312e+03, 3.50712952e+02,
       8.20602596e-01, 1.07772827e+03, 5.21485840e+02, 5.20597100e-01,
       1.07181519e+03, 5.74446533e+02, 5.61073720e-01, 1.28079980e+03,
       6.03907471e+02, 2.64815092e-01, 1.58984338e+03, 5.53782410e+02,
       4.59727317e-01, 1.08362402e+03, 4.59556061e+02, 5.11057496e-01,
       1.33380994e+03, 5.03728210e+02, 5.31510711e-01, 1.66342017e+03,
       4.77273682e+02, 3.53889763e-01, 6.51052856e+02, 5.21444702e+02,
       7.80007660e-01, 6.56796875e+02, 4.80371796e+02, 8.03082287e-01,
       6.74576172e+02, 5.33364136e+02, 1.26099586e-01, 6.74609863e+02,
       4.44903320e+02, 5.59595108e-01, 0., 0., 0., 0., 0., 0.,
       1.66638269e+03, 4.80244965e+02, 1.70746863e-01, 1.68696619e+03,
       5.56764954e+02, 2.10400045e-01, 1.67518079e+03, 5.71439514e+02,
       2.02456266e-01, 1.61340430e+03, 5.47918396e+02, 1.76553458e-01 ]
