%YAML:1.0
---
pose_0: !!opencv-matrix
   rows: 1
   cols: 25
   dt: "3f"
   data: [ 6.03828186e+02, 4.74327240e+02, 8.26758385e-01,
       7.42225830e+02, 5.00814240e+02, 7.05746591e-01, 7.42162598e+02,
       5.98073975e+02, 6.91933155e-01, 9.03980713e+02, 6.74573975e+02,
       7.95882344e-01, 9.95246948e+02, 6.44958801e+02, 7.95182943e-01,
       7.42320862e+02, 4.09562683e+02, 6.24849439e-01, 9.10064209e+02,
       3.44933289e+02, 8.27038229e-01, 7.86455750e+02, 3.62602783e+02,
       8.79983306e-01, 1.05121289e+03, 5.06677612e+02, 5.70083678e-01,
       1.04526538e+03, 5.53933105e+02, 5.82324982e-01, 1.28668835e+03,
       5.53894104e+02, 2.56711960e-01, 1.61046814e+03, 5.53929016e+02,
       3.46857071e-01, 1.04836340e+03, 4.44944275e+02, 4.98300940e-01,
       1.27493494e+03, 4.53722473e+02, 4.02382463e-01, 1.56630151e+03,
       4.36197418e+02, 2.23729715e-01, 5.92076599e+02, 4.86139587e+02,
       8.20808232e-01, 5.98005005e+02, 4.53697998e+02, 8.84242773e-01,
       6.09770813e+02, 5.18472412e+02, 5.49697280e-01, 6.27483398e+02,
       4.21393066e+02, 4.43199575e-01, 1.67522412e+03, 4.24287720e+02,
       1.29091054e-01, 0., 0., 0., 1.56928625e+03, 4.42014954e+02,
       1.60713464e-01, 1.72514258e+03, 5.53882019e+02, 2.98974186e-01,
       1.71056018e+03, 5.68576843e+02, 2.44319245e-01, 1.62517810e+03,
       5.47969421e+02, 2.18931079e-01 ]
