%YAML:1.0
---
pose_0: !!opencv-matrix
   rows: 1
   cols: 25
   dt: "3f"
   data: [ 6.98028625e+02, 4.33232941e+02, 9.01600838e-01,
       7.86366150e+02, 4.71428467e+02, 7.16199398e-01, 7.62731934e+02,
       5.12690735e+02, 5.30396521e-01, 6.65725891e+02, 4.83234375e+02,
       4.17975545e-01, 0., 0., 0., 8.09909851e+02, 4.15530853e+02,
       6.35431290e-01, 9.51118591e+02, 3.33129578e+02, 8.15017521e-01,
       8.56932007e+02, 3.80116882e+02, 8.18968832e-01, 1.09241357e+03,
       4.89046417e+02, 4.92390722e-01, 1.08655530e+03, 5.33198547e+02,
       5.53271949e-01, 1.30143823e+03, 5.56836426e+02, 6.86662912e-01,
       1.51927942e+03, 5.77477661e+02, 4.99947906e-01, 1.08953076e+03,
       4.33092194e+02, 4.97504592e-01, 1.32493103e+03, 4.33139954e+02,
       6.59319103e-01, 1.55155334e+03, 4.50794128e+02, 6.22455299e-01,
       6.80357849e+02, 4.50775574e+02, 7.97476888e-01, 6.92231201e+02,
       4.15464569e+02, 8.40205133e-01, 6.92153625e+02, 4.80338287e+02,
       7.23700047e-01, 7.21640808e+02, 4.06682190e+02, 1.15451455e-01,
       1.62223572e+03, 4.56715485e+02, 5.52389681e-01, 1.61927356e+03,
       4.44904266e+02, 5.61012983e-01, 1.56340918e+03, 4.50796570e+02,
       3.21680576e-01, 1.58991711e+03, 5.65588867e+02, 3.09104413e-01,
       1.58388574e+03, 5.83249634e+02, 2.68817604e-01, 1.56628442e+03,
       5.77341125e+02, 2.60496140e-01 ]
