%YAML:1.0
---
pose_0: !!opencv-matrix
   rows: 1
   cols: 25
   dt: "3f"
   data: [ 7.54025085e+02, 3.88879150e+02, 8.46940279e-01,
       8.74655396e+02, 3.86168121e+02, 7.38518834e-01, 8.80651978e+02,
       4.80188324e+02, 7.62479484e-01, 1.00411353e+03, 5.15545105e+02,
       7.63662040e-01, 1.11605823e+03, 5.53727966e+02, 8.07426214e-01,
       8.77495300e+02, 2.97764862e+02, 6.74331069e-01, 9.77547485e+02,
       1.91822342e+02, 8.27906370e-01, 1.09553149e+03, 1.06549324e+02,
       8.31656754e-01, 1.13947729e+03, 3.56590057e+02, 5.16524911e-01,
       1.13948535e+03, 4.03763306e+02, 5.22479892e-01, 1.35449805e+03,
       4.39003174e+02, 7.01450288e-01, 1.53983313e+03, 5.27348877e+02,
       6.18310392e-01, 1.13656970e+03, 2.94788177e+02, 5.23928463e-01,
       1.33085779e+03, 2.83027588e+02, 5.75865388e-01, 1.56923413e+03,
       2.91831482e+02, 5.18227994e-01, 7.39256531e+02, 4.03665314e+02,
       7.84812093e-01, 7.39371887e+02, 3.65494568e+02, 8.38443577e-01,
       7.59904785e+02, 4.18517578e+02, 4.00414944e-01, 7.62701233e+02,
       3.38999573e+02, 5.48574269e-01, 1.63698950e+03, 2.74216492e+02,
       4.50120300e-01, 1.63686609e+03, 2.71208038e+02, 4.89029020e-01,
       1.60746362e+03, 3.03686157e+02, 2.32860088e-01, 1.60747009e+03,
       5.50938049e+02, 4.75641191e-01, 1.58985693e+03, 5.59717773e+02,
       4.33331490e-01, 1.56634363e+03, 5.24401672e+02, 3.65898579e-01 ]
