%YAML:1.0
---
pose_0: !!opencv-matrix
   rows: 1
   cols: 25
   dt: "3f"
   data: [ 7.89266418e+02, 4.89121979e+02, 8.60751331e-01,
       9.10016602e+02, 4.86179138e+02, 6.70979857e-01, 9.33512695e+02,
       5.56763062e+02, 5.90089202e-01, 1.05125159e+03, 6.00912476e+02,
       6.96142912e-01, 9.83508240e+02, 5.68564453e+02, 2.69554496e-01,
       8.89409607e+02, 4.27264771e+02, 5.57683647e-01, 9.65934326e+02,
       3.62365540e+02, 7.39507198e-01, 1.04523682e+03, 3.47833557e+02,
       7.93614864e-01, 1.16899780e+03, 5.18527039e+02, 5.45739830e-01,
       1.16594922e+03, 5.68497070e+02, 5.83064377e-01, 1.23959680e+03,
       6.01025330e+02, 1.02492809e-01, 0., 0., 0., 1.17192249e+03,
       4.62559998e+02, 5.42126834e-01, 1.37502515e+03, 5.06705414e+02,
       7.43864536e-01, 1.56929163e+03, 4.80297882e+02, 6.71341062e-01,
       7.74600830e+02, 5.06720947e+02, 8.29216599e-01, 7.83360413e+02,
       4.77218964e+02, 8.65932524e-01, 7.89441223e+02, 5.30154297e+02,
       4.03566808e-01, 8.04040039e+02, 4.50846710e+02, 6.14921689e-01,
       1.62219739e+03, 4.47913483e+02, 4.06753063e-01, 1.61342126e+03,
       4.44975494e+02, 4.90251690e-01, 1.59868286e+03, 4.80186371e+02,
       3.04625601e-01, 0., 0., 0., 0., 0., 0., 0., 0., 0. ]
