%YAML:1.0
---
pose_0: !!opencv-matrix
   rows: 1
   cols: 25
   dt: "3f"
   data: [ 7.65809937e+02, 5.50934937e+02, 2.16175139e-01,
       8.12910339e+02, 4.83116241e+02, 4.58862126e-01, 8.24576416e+02,
       4.74330719e+02, 3.43150139e-01, 9.54110291e+02, 4.36045349e+02,
       1.73400745e-01, 1.11604248e+03, 5.24434265e+02, 6.59751073e-02,
       8.30504272e+02, 5.00820953e+02, 5.99654436e-01, 9.80606689e+02,
       4.41959625e+02, 6.52068019e-01, 1.11585474e+03, 5.12623962e+02,
       7.40230560e-01, 1.11299292e+03, 4.41993195e+02, 2.73997664e-01,
       1.09245935e+03, 4.71413544e+02, 1.64270744e-01, 1.30144226e+03,
       5.80328308e+02, 1.64869353e-01, 0., 0., 0., 1.11599048e+03,
       4.33126190e+02, 2.92001128e-01, 1.32496240e+03, 5.86162170e+02,
       6.64829314e-01, 1.56632813e+03, 4.71443817e+02, 4.88397390e-01,
       7.59837280e+02, 5.44965088e+02, 7.49532729e-02, 7.62810547e+02,
       5.44940430e+02, 2.32308701e-01, 0., 0., 0., 7.59826721e+02,
       5.09730438e+02, 3.49420637e-01, 1.61043005e+03, 5.39116821e+02,
       2.59100854e-01, 1.61339124e+03, 5.27341980e+02, 2.43042395e-01,
       1.59577625e+03, 4.53756866e+02, 2.50778615e-01, 0., 0., 0., 0.,
       0., 0., 0., 0., 0. ]
