%YAML:1.0
---
pose_0: !!opencv-matrix
   rows: 1
   cols: 25
   dt: "3f"
   data: [ 7.68743835e+02, 3.15348633e+02, 8.07643533e-01,
       8.74661743e+02, 2.27218475e+02, 5.00547588e-01, 8.59958130e+02,
       2.24215652e+02, 3.68543237e-01, 0., 0., 0., 0., 0., 0.,
       8.83397644e+02, 2.35910675e+02, 6.82427227e-01, 1.02170514e+03,
       2.68267273e+02, 7.46335566e-01, 9.77721741e+02, 4.15595459e+02,
       7.74436057e-01, 1.20721643e+03, 2.38900314e+02, 2.57885009e-01,
       1.21310583e+03, 2.88885529e+02, 2.30652437e-01, 1.36028577e+03,
       3.24289246e+02, 2.45286003e-01, 1.54572375e+03, 2.18245300e+02,
       2.31273860e-01, 1.21015625e+03, 1.91779053e+02, 2.50068516e-01,
       1.36325842e+03, 2.27094696e+02, 3.21403563e-01, 1.43385974e+03,
       1.83032227e+02, 2.00027511e-01, 7.59900085e+02, 3.09567566e+02,
       3.00177395e-01, 7.65834167e+02, 2.94693634e+02, 8.24104786e-01,
       0., 0., 0., 7.74629578e+02, 2.41816513e+02, 5.94647884e-01, 0.,
       0., 0., 0., 0., 0., 1.45161304e+03, 1.88847900e+02,
       1.07460789e-01, 1.63100928e+03, 2.24214783e+02, 1.32090375e-01,
       0., 0., 0., 1.56634033e+03, 2.12400589e+02, 1.50711983e-01 ]
