%YAML:1.0
---
pose_0: !!opencv-matrix
   rows: 1
   cols: 25
   dt: "3f"
   data: [ 7.65745972e+02, 4.06670776e+02, 8.70810926e-01,
       8.65863342e+02, 3.86093170e+02, 6.94864869e-01, 8.65805237e+02,
       4.56656189e+02, 5.75769186e-01, 9.89400574e+02, 4.80340759e+02,
       6.01039827e-01, 1.11011450e+03, 5.30323792e+02, 7.50207484e-01,
       8.80480347e+02, 3.12435791e+02, 6.96932018e-01, 9.86530396e+02,
       2.56579895e+02, 6.96119130e-01, 9.98193726e+02, 2.15380798e+02,
       6.33902431e-01, 1.13365344e+03, 3.89062836e+02, 5.73051572e-01,
       1.13070508e+03, 4.36089905e+02, 5.86295664e-01, 1.35448364e+03,
       5.18475220e+02, 6.54037476e-01, 1.54573059e+03, 5.71421021e+02,
       6.21606290e-01, 1.13367810e+03, 3.38998718e+02, 5.23200214e-01,
       1.34558752e+03, 3.15419098e+02, 3.13913018e-01, 1.56927747e+03,
       2.97786194e+02, 5.05749643e-01, 7.51022766e+02, 4.15571991e+02,
       7.71336198e-01, 7.56863159e+02, 3.85996918e+02, 8.46196771e-01,
       7.68716797e+02, 4.36023651e+02, 2.55496264e-01, 7.80414490e+02,
       3.53739777e+02, 5.73199749e-01, 1.64283435e+03, 2.74281952e+02,
       4.45376992e-01, 1.63704517e+03, 2.71339142e+02, 4.73965019e-01,
       1.60750244e+03, 3.06602936e+02, 2.06292987e-01, 1.60744922e+03,
       6.15652588e+02, 4.08662260e-01, 1.60745386e+03, 6.09798279e+02,
       3.77954364e-01, 1.57812146e+03, 5.53814026e+02, 4.90812361e-01 ]
