%YAML:1.0
---
pose_0: !!opencv-matrix
   rows: 1
   cols: 25
   dt: "3f"
   data: [ 7.89243835e+02, 4.18416473e+02, 8.66100669e-01,
       8.74589722e+02, 4.15539246e+02, 6.14803910e-01, 8.62880554e+02,
       4.62621124e+02, 6.06648386e-01, 9.57079956e+02, 4.89080292e+02,
       1.46963134e-01, 0., 0., 0., 8.77581177e+02, 3.65547974e+02,
       5.40289640e-01, 1.02770532e+03, 3.03647766e+02, 6.48996294e-01,
       1.16302246e+03, 2.68238434e+02, 7.54544377e-01, 1.14254907e+03,
       4.09574860e+02, 5.91834426e-01, 1.14253992e+03, 4.56750824e+02,
       5.92728078e-01, 1.36024316e+03, 5.27301819e+02, 7.68106937e-01,
       1.53395325e+03, 5.65585510e+02, 5.99868417e-01, 1.14545410e+03,
       3.59501068e+02, 5.41286230e-01, 1.35733252e+03, 3.50735107e+02,
       5.58373332e-01, 1.56923669e+03, 3.12403900e+02, 5.71693480e-01,
       7.77560242e+02, 4.33055725e+02, 7.88738966e-01, 7.83393982e+02,
       4.03759277e+02, 8.19536090e-01, 7.89305237e+02, 4.50768707e+02,
       2.34271556e-01, 8.01045227e+02, 3.80195404e+02, 6.62758052e-01,
       1.64288757e+03, 2.68397125e+02, 5.37743866e-01, 1.63703711e+03,
       2.68353943e+02, 5.18223822e-01, 1.59572095e+03, 3.15350281e+02,
       2.72959739e-01, 1.61033069e+03, 6.00934631e+02, 3.37103546e-01,
       0., 0., 0., 1.56921960e+03, 5.53796875e+02, 4.47284549e-01 ]
