%YAML:1.0
---
pose_0: !!opencv-matrix
   rows: 1
   cols: 25
   dt: "3f"
   data: [ 7.21615662e+02, 5.33211975e+02, 7.66399205e-01,
       8.09888000e+02, 4.62554932e+02, 5.02810776e-01, 7.95174805e+02,
       4.65562256e+02, 3.29612225e-01, 0., 0., 0., 0., 0., 0.,
       8.18708618e+02, 4.59618774e+02, 6.95810914e-01, 9.57058411e+02,
       5.09773132e+02, 8.03420186e-01, 8.30465576e+02, 5.71388672e+02,
       7.42743611e-01, 1.11895105e+03, 4.33182007e+02, 2.46598631e-01,
       1.11893835e+03, 4.06690765e+02, 1.73125580e-01, 1.36616602e+03,
       4.97892029e+02, 3.53221297e-01, 1.60163074e+03, 4.12602722e+02,
       2.19208345e-01, 1.14248547e+03, 4.56658447e+02, 2.71131068e-01,
       1.36031238e+03, 5.06789825e+02, 5.24060428e-01, 1.64872192e+03,
       4.09657104e+02, 3.23171079e-01, 0., 0., 0., 7.12692871e+02,
       5.18459473e+02, 7.26346374e-01, 0., 0., 0., 7.27500488e+02,
       4.62595734e+02, 5.88643849e-01, 0., 0., 0., 0., 0., 0.,
       1.72224988e+03, 4.06684113e+02, 9.57704931e-02, 0., 0., 0., 0.,
       0., 0., 0., 0., 0. ]
