%YAML:1.0
---
pose_0: !!opencv-matrix
   rows: 1
   cols: 25
   dt: "3f"
   data: [ 7.71668701e+02, 4.62699585e+02, 8.07412267e-01,
       8.80551514e+02, 4.47853180e+02, 7.48857558e-01, 8.83351624e+02,
       5.27394287e+02, 7.69759357e-01, 9.95318298e+02, 5.71409729e+02,
       6.51178837e-01, 1.11606250e+03, 6.18626160e+02, 7.76076794e-01,
       8.83355957e+02, 3.68395325e+02, 7.44825482e-01, 1.00705286e+03,
       3.59613922e+02, 7.83529043e-01, 1.13944006e+03, 3.36031006e+02,
       7.43687212e-01, 1.12192664e+03, 4.59726105e+02, 6.23623431e-01,
       1.11897583e+03, 5.06796844e+02, 6.57808423e-01, 1.33381140e+03,
       5.53884766e+02, 7.51664698e-01, 1.52508594e+03, 5.74469238e+02,
       5.30969024e-01, 1.13069458e+03, 4.09699127e+02, 6.02537096e-01,
       1.33086365e+03, 4.30115692e+02, 6.88195169e-01, 1.56929944e+03,
       4.30268890e+02, 6.39426589e-01, 7.62787842e+02, 4.80285431e+02,
       8.25116754e-01, 7.62697449e+02, 4.53763702e+02, 8.34607065e-01,
       7.86189880e+02, 4.89076599e+02, 1.12485483e-01, 7.71703918e+02,
       4.12632874e+02, 6.47681534e-01, 1.63404541e+03, 4.12602539e+02,
       3.64842713e-01, 1.63101660e+03, 4.09629303e+02, 4.14092481e-01,
       1.58990308e+03, 4.21369659e+02, 2.52688885e-01, 1.61035828e+03,
       5.59746338e+02, 3.64414126e-01, 1.60458057e+03, 5.74488647e+02,
       3.10678422e-01, 1.56630481e+03, 5.59720459e+02, 2.40143269e-01 ]
