%YAML:1.0
---
pose_0: !!opencv-matrix
   rows: 1
   cols: 25
   dt: "3f"
   data: [ 6.89124573e+02, 5.33314819e+02, 8.00097287e-01,
       7.95150757e+02, 5.47935425e+02, 5.96542239e-01, 8.24571960e+02,
       6.18565491e+02, 4.32000220e-01, 9.83569519e+02, 6.33274536e+02,
       4.35001850e-01, 1.13957837e+03, 6.62663086e+02, 3.47515225e-01,
       7.95188477e+02, 4.62646851e+02, 5.75167596e-01, 9.45260620e+02,
       3.92006714e+02, 7.51760364e-01, 1.06005676e+03, 3.39048004e+02,
       8.25205445e-01, 1.11011035e+03, 5.27247009e+02, 5.67385197e-01,
       1.10125391e+03, 5.74404968e+02, 6.13756239e-01, 1.28081335e+03,
       5.94942017e+02, 5.14568031e-01, 1.54573853e+03, 6.45104980e+02,
       5.28883457e-01, 1.11301978e+03, 4.68490906e+02, 5.22187293e-01,
       1.34847803e+03, 5.27364197e+02, 6.52719676e-01, 1.59865186e+03,
       5.92140076e+02, 4.89754230e-01, 6.68707764e+02, 5.53802246e+02,
       8.31860721e-01, 6.71518127e+02, 5.18527039e+02, 8.02138865e-01,
       6.92042664e+02, 5.74459106e+02, 4.08493757e-01, 6.95004272e+02,
       4.94945831e+02, 4.63397145e-01, 1.68993323e+03, 5.74373413e+02,
       1.54169917e-01, 1.68404260e+03, 5.71463928e+02, 1.69908181e-01,
       1.62226086e+03, 6.00942688e+02, 2.11405054e-01, 0., 0., 0., 0.,
       0., 0., 1.56928662e+03, 6.48075012e+02, 2.57731885e-01 ]
