%YAML:1.0
---
pose_0: !!opencv-matrix
   rows: 2
   cols: 25
   dt: "3f"
   data: [ 5.24351868e+02, 4.62632080e+02, 8.12426209e-01,
       6.01014832e+02, 5.27343445e+02, 5.48525095e-01, 5.36155212e+02,
       5.83288940e+02, 3.24574798e-01, 4.59582153e+02, 5.74518372e+02,
       6.23887122e-01, 4.56567230e+02, 5.03872192e+02, 5.61681569e-01,
       6.50947815e+02, 4.53769104e+02, 6.19754016e-01, 7.39332520e+02,
       5.03694550e+02, 7.79392421e-01, 5.33187561e+02, 5.83238647e+02,
       4.79403555e-01, 1.01006244e+03, 5.50834351e+02, 3.53432626e-01,
       1.00119434e+03, 6.12703674e+02, 3.61016899e-01, 1.08363196e+03,
       6.68691040e+02, 1.49190515e-01, 0., 0., 0., 1.01301147e+03,
       4.77257660e+02, 3.23862284e-01, 1.11893298e+03, 4.15499084e+02,
       6.74643293e-02, 1.51627539e+03, 2.91798401e+02, 1.18893653e-01,
       4.92013428e+02, 4.80115723e+02, 7.61875749e-01, 5.15535583e+02,
       4.42014221e+02, 7.27465868e-01, 4.83258423e+02, 5.18536316e+02,
       6.25871181e-01, 5.47927490e+02, 4.33246094e+02, 7.63097927e-02,
       0., 0., 0., 0., 0., 0., 0., 0., 0., 0., 0., 0., 0., 0., 0., 0.,
       0., 0., 0., 0., 0., 0., 0., 0., 6.50964233e+02, 6.71557434e+02,
       8.82737115e-02, 8.33500122e+02, 8.12806946e+02, 5.47851145e-01,
       6.71485962e+02, 8.12901794e+02, 4.76353586e-01, 0., 0., 0., 0.,
       0., 0., 0., 0., 0., 0., 0., 0., 0., 0., 0., 0., 0., 0., 0., 0.,
       0., 0., 0., 0., 0., 0., 0., 0., 0., 0., 0., 0., 0., 0., 0., 0.,
       0., 0., 0., 0., 0., 0., 0., 0., 0., 0., 0., 0., 0., 0., 0., 0.,
       0., 0., 0., 0., 0., 0., 0., 0. ]
