%YAML:1.0
---
pose_0: !!opencv-matrix
   rows: 1
   cols: 25
   dt: "3f"
   data: [ 7.92201050e+02, 3.91968994e+02, 3.94556016e-01,
       8.56990173e+02, 4.59671478e+02, 2.88612306e-01, 8.83443726e+02,
       4.83308228e+02, 5.84436834e-01, 1.02181085e+03, 5.06771820e+02,
       8.03258896e-01, 1.14833643e+03, 4.30197662e+02, 7.71382093e-01,
       0., 0., 0., 0., 0., 0., 0., 0., 0., 1.14543152e+03,
       5.03785828e+02, 5.18974364e-01, 1.13949341e+03, 5.42020691e+02,
       4.72387433e-01, 1.37787915e+03, 4.56658905e+02, 8.43663096e-01,
       1.60164233e+03, 6.48003906e+02, 5.88467896e-01, 1.16301245e+03,
       4.62559448e+02, 4.25001383e-01, 1.37496704e+03, 3.71299713e+02,
       7.77907014e-01, 1.56039514e+03, 5.06660614e+02, 4.58831400e-01,
       7.77517456e+02, 4.06710327e+02, 2.11666241e-01, 7.86245361e+02,
       3.92033600e+02, 8.65902901e-02, 7.95191711e+02, 4.21432526e+02,
       1.43653572e-01, 0., 0., 0., 1.69580420e+03, 5.36212280e+02,
       3.04792076e-01, 1.69285547e+03, 5.36163818e+02, 2.84907252e-01,
       1.57218140e+03, 5.27285461e+02, 2.39254549e-01, 1.66052222e+03,
       6.68620911e+02, 3.95623863e-01, 1.64279333e+03, 6.80337463e+02,
       4.33310717e-01, 1.61334436e+03, 6.71600830e+02, 3.81570816e-01 ]
