%YAML:1.0
---
pose_0: !!opencv-matrix
   rows: 1
   cols: 25
   dt: "3f"
   data: [ 5.09718628e+02, 6.18514282e+02, 3.21094453e-01,
       6.86252319e+02, 5.30369263e+02, 3.70703161e-01, 6.59804138e+02,
       6.01001892e+02, 1.98075965e-01, 7.83392090e+02, 6.83351318e+02,
       1.09329760e-01, 5.80378784e+02, 6.42159119e+02, 6.20309711e-02,
       6.95084717e+02, 4.62555359e+02, 2.60714263e-01, 8.09978821e+02,
       3.83125793e+02, 7.35905170e-01, 6.15649109e+02, 4.15555267e+02,
       6.59072042e-01, 1.04830249e+03, 5.95001282e+02, 3.64456356e-01,
       1.03063428e+03, 6.68601624e+02, 3.76592338e-01, 1.21017883e+03,
       7.27514648e+02, 1.16751939e-01, 1.53685352e+03, 7.39203796e+02,
       7.41055608e-02, 1.06595105e+03, 5.27260315e+02, 3.47596973e-01,
       1.33676392e+03, 5.39110840e+02, 4.01324630e-01, 1.71051099e+03,
       5.50907471e+02, 2.51050055e-01, 4.89049438e+02, 6.12673767e+02,
       7.37023801e-02, 5.00815582e+02, 5.92116455e+02, 2.70298511e-01,
       0., 0., 0., 5.21415649e+02, 5.47923950e+02, 3.46344382e-01,
       1.80474390e+03, 5.03823059e+02, 9.89611894e-02, 1.80767603e+03,
       5.06763306e+02, 1.02337085e-01, 1.74291064e+03, 5.74321655e+02,
       1.63514644e-01, 0., 0., 0., 0., 0., 0., 0., 0., 0. ]
