%YAML:1.0
---
pose_0: !!opencv-matrix
   rows: 1
   cols: 25
   dt: "3f"
   data: [ 7.42100464e+02, 4.97950287e+02, 8.42696786e-01,
       8.39365540e+02, 4.59672607e+02, 5.83630919e-01, 8.06980713e+02,
       4.77307678e+02, 3.48147392e-01, 0., 0., 0., 0., 0., 0.,
       8.74602722e+02, 4.56721893e+02, 6.60781026e-01, 9.86505859e+02,
       4.80162079e+02, 7.77394652e-01, 1.07174963e+03, 5.56809143e+02,
       6.14900351e-01, 1.14248584e+03, 4.27238342e+02, 4.45929766e-01,
       1.12190698e+03, 4.56740448e+02, 2.58503050e-01, 1.35146704e+03,
       5.03729279e+02, 6.51858687e-01, 1.55456250e+03, 4.06631073e+02,
       4.56205130e-01, 1.16306360e+03, 3.89101990e+02, 4.56120700e-01,
       1.35443091e+03, 5.30227722e+02, 7.84489810e-01, 1.63687708e+03,
       4.12583588e+02, 5.30855656e-01, 7.21547852e+02, 4.94929077e+02,
       6.17855072e-01, 7.39325500e+02, 4.77232635e+02, 7.56109834e-01,
       0., 0., 0., 7.65801575e+02, 4.36192902e+02, 6.77673519e-01,
       1.67235645e+03, 4.80269226e+02, 9.55107883e-02, 1.67812244e+03,
       4.62603058e+02, 7.92377591e-02, 1.64874329e+03, 3.91975983e+02,
       2.41971418e-01, 0., 0., 0., 0., 0., 0., 1.58693323e+03,
       3.65467804e+02, 2.89464712e-01 ]
