%YAML:1.0
---
pose_0: !!opencv-matrix
   rows: 1
   cols: 25
   dt: "3f"
   data: [ 6.95107666e+02, 4.62593414e+02, 8.44414115e-01,
       8.15807434e+02, 4.77247437e+02, 7.03985333e-01, 8.15759827e+02,
       5.56832092e+02, 6.62734687e-01, 9.15810608e+02, 6.48083435e+02,
       5.86738467e-01, 9.62932190e+02, 6.53884949e+02, 4.45837975e-01,
       8.33503052e+02, 3.91994537e+02, 5.81692934e-01, 9.98318359e+02,
       3.89081543e+02, 5.91531396e-01, 9.51123779e+02, 3.83114166e+02,
       4.64276969e-01, 1.11592981e+03, 4.89080475e+02, 5.50376952e-01,
       1.11007336e+03, 5.33333496e+02, 5.68375409e-01, 1.32494836e+03,
       5.50823792e+02, 6.55776322e-01, 1.59276221e+03, 5.83287781e+02,
       6.33634150e-01, 1.11600439e+03, 4.33220367e+02, 5.53156316e-01,
       1.36913037e+03, 4.33177277e+02, 4.78878915e-01, 1.56340674e+03,
       4.41957581e+02, 4.91187871e-01, 6.86210510e+02, 4.83205841e+02,
       7.91045010e-01, 6.83276367e+02, 4.44943298e+02, 7.63471365e-01,
       6.98090210e+02, 5.06755157e+02, 3.56224179e-01, 7.15655334e+02,
       4.12614319e+02, 5.45773268e-01, 1.63999548e+03, 4.18459412e+02,
       4.88597572e-01, 1.63697083e+03, 4.12666870e+02, 5.16898632e-01,
       1.58985278e+03, 4.42042694e+02, 2.67150164e-01, 1.69876062e+03,
       6.00903809e+02, 3.89324039e-01, 1.68412793e+03, 6.06777954e+02,
       4.26189661e-01, 1.62224133e+03, 5.71514404e+02, 3.45150024e-01 ]
