%YAML:1.0
---
pose_0: !!opencv-matrix
   rows: 1
   cols: 25
   dt: "3f"
   data: [ 6.68645264e+02, 4.77251190e+02, 5.83643198e-01,
       8.06956177e+02, 4.83288116e+02, 6.15742743e-01, 8.09868347e+02,
       5.53886536e+02, 3.74736160e-01, 9.33540710e+02, 6.50926453e+02,
       8.15314829e-01, 8.30397644e+02, 6.21373352e+02, 7.66320825e-01,
       8.09854431e+02, 4.00828278e+02, 6.06376588e-01, 9.60056458e+02,
       3.39027496e+02, 7.62460589e-01, 1.06301697e+03, 3.18531952e+02,
       7.25641668e-01, 1.11303845e+03, 5.42054199e+02, 5.34128189e-01,
       1.09829651e+03, 5.97966309e+02, 5.53962350e-01, 1.31907190e+03,
       6.53903076e+02, 2.84066290e-01, 1.69291028e+03, 5.53911621e+02,
       1.11537240e-01, 1.12480737e+03, 4.80286072e+02, 5.09344161e-01,
       1.36615283e+03, 5.77309326e+02, 5.48713923e-01, 1.72521021e+03,
       5.59758057e+02, 3.55130047e-01, 6.48089783e+02, 4.86117096e+02,
       6.10997260e-01, 6.50946960e+02, 4.59771271e+02, 4.74426806e-01,
       6.80380432e+02, 5.21417175e+02, 4.01398778e-01, 6.65669861e+02,
       4.41994293e+02, 2.37056538e-01, 1.79589978e+03, 4.94937012e+02,
       2.09896550e-01, 1.79587244e+03, 4.92033234e+02, 1.80216342e-01,
       1.74586328e+03, 5.92115051e+02, 1.20361403e-01, 0., 0., 0., 0.,
       0., 0., 0., 0., 0. ]
