%YAML:1.0
---
pose_0: !!opencv-matrix
   rows: 1
   cols: 25
   dt: "3f"
   data: [ 7.27513428e+02, 4.27278625e+02, 7.94868231e-01,
       8.56964050e+02, 4.39098785e+02, 7.09682167e-01, 8.62926208e+02,
       5.24421265e+02, 7.20156968e-01, 9.92300659e+02, 5.71522461e+02,
       8.03796768e-01, 1.07475220e+03, 6.27370667e+02, 8.63048911e-01,
       8.48138977e+02, 3.59608063e+02, 6.44427299e-01, 9.98290710e+02,
       3.21436829e+02, 8.37273002e-01, 1.06886169e+03, 4.03749176e+02,
       6.69148624e-01, 1.12188379e+03, 4.59756989e+02, 5.66854358e-01,
       1.11604810e+03, 5.12660461e+02, 5.79544604e-01, 1.32779077e+03,
       5.42025391e+02, 7.51837254e-01, 1.54277722e+03, 5.89099304e+02,
       6.41864061e-01, 1.12196191e+03, 4.09545227e+02, 6.05767488e-01,
       1.35143689e+03, 3.62603027e+02, 5.65745413e-01, 1.56342615e+03,
       3.15508789e+02, 5.85777998e-01, 7.15747559e+02, 4.39044220e+02,
       8.33830357e-01, 7.18574951e+02, 4.09706055e+02, 8.80055070e-01,
       7.36267334e+02, 4.62616760e+02, 5.51394701e-01, 7.42085876e+02,
       3.89133514e+02, 5.83728671e-01, 1.64282971e+03, 2.71343994e+02,
       3.56914312e-01, 1.63699036e+03, 2.71291687e+02, 3.89056802e-01,
       1.57810620e+03, 3.03656860e+02, 2.26878747e-01, 1.61047278e+03,
       5.98041931e+02, 4.60036397e-01, 1.60744495e+03, 6.01033752e+02,
       4.71808314e-01, 1.57220923e+03, 5.74440857e+02, 4.04338151e-01 ]
