%YAML:1.0
---
pose_0: !!opencv-matrix
   rows: 2
   cols: 25
   dt: "3f"
   data: [ 7.86264771e+02, 4.09643616e+02, 6.93731904e-01,
       8.57046509e+02, 3.35966400e+02, 3.73494893e-01, 8.15789795e+02,
       3.27226257e+02, 1.63047984e-01, 8.98192505e+02, 4.12640594e+02,
       7.03904629e-02, 0., 0., 0., 9.01053650e+02, 3.27235199e+02,
       4.07997340e-01, 9.77577820e+02, 4.47882050e+02, 4.24775362e-01,
       1.03948450e+03, 5.56842834e+02, 5.12268424e-01, 9.45298523e+02,
       2.71261230e+02, 1.40251607e-01, 9.01147766e+02, 2.88940186e+02,
       1.04960598e-01, 9.71717041e+02, 4.50808594e+02, 1.87484801e-01,
       1.04823828e+03, 5.77418762e+02, 4.29432303e-01, 9.95278320e+02,
       2.68302887e+02, 1.47331327e-01, 1.06303162e+03, 3.91936646e+02,
       1.54564291e-01, 1.16313354e+03, 4.80335968e+02, 1.84718579e-01,
       7.71609314e+02, 4.06660706e+02, 1.84218004e-01, 7.80436890e+02,
       3.91919128e+02, 5.62610626e-01, 0., 0., 0., 7.95136658e+02,
       3.59517059e+02, 4.66076553e-01, 1.21304163e+03, 5.12650146e+02,
       2.66836137e-01, 1.21318408e+03, 5.06707336e+02, 2.56081879e-01,
       1.17778857e+03, 4.92050995e+02, 1.31745473e-01, 1.06301099e+03,
       6.01018311e+02, 2.52837867e-01, 1.04830249e+03, 6.12666992e+02,
       2.48519614e-01, 1.06593726e+03, 5.92053528e+02, 3.21900040e-01,
       0., 0., 0., 1.18661792e+03, 3.15358398e+02, 8.61430243e-02, 0.,
       0., 0., 0., 0., 0., 0., 0., 0., 1.21016858e+03, 2.88919525e+02,
       6.90737218e-02, 0., 0., 0., 0., 0., 0., 1.22195667e+03,
       3.83154724e+02, 3.23690057e-01, 1.21017920e+03, 4.06625275e+02,
       3.10184717e-01, 1.37205676e+03, 5.03797577e+02, 4.93631899e-01,
       1.56039099e+03, 5.50761353e+02, 4.67746466e-01, 1.23961206e+03,
       3.59582825e+02, 2.46118516e-01, 1.36910095e+03, 5.03830627e+02,
       5.11914849e-01, 1.56328552e+03, 5.50832825e+02, 4.71741796e-01,
       0., 0., 0., 0., 0., 0., 0., 0., 0., 0., 0., 0., 1.60748059e+03,
       6.42074341e+02, 4.53797728e-01, 1.61050525e+03, 6.24490112e+02,
       3.94165516e-01, 1.58695239e+03, 5.30311523e+02, 3.67964149e-01,
       1.59285742e+03, 6.39205750e+02, 3.05093437e-01, 1.58389722e+03,
       6.30355896e+02, 2.53035843e-01, 1.58981592e+03, 5.27227478e+02,
       3.28647077e-01 ]
