%YAML:1.0
---
pose_0: !!opencv-matrix
   rows: 1
   cols: 25
   dt: "3f"
   data: [ 7.36347900e+02, 5.62616943e+02, 8.28728616e-01,
       8.53951721e+02, 5.77403687e+02, 6.92295671e-01, 8.51113159e+02,
       6.45024475e+02, 5.54272830e-01, 9.57058960e+02, 6.80354797e+02,
       1.88372836e-01, 0., 0., 0., 8.59907043e+02, 5.09682648e+02,
       6.19908333e-01, 1.01882001e+03, 4.80161072e+02, 7.32789218e-01,
       1.13659680e+03, 4.56807831e+02, 8.27533424e-01, 1.11590540e+03,
       5.97943604e+02, 5.68007112e-01, 1.11302112e+03, 6.44992615e+02,
       5.53201318e-01, 1.32494604e+03, 6.30332886e+02, 2.82763958e-01,
       1.52805762e+03, 6.45161438e+02, 4.09966171e-01, 1.11600916e+03,
       5.42090271e+02, 5.62078178e-01, 1.30724219e+03, 5.77278503e+02,
       7.19537377e-01, 1.56928772e+03, 5.95009827e+02, 3.70033979e-01,
       7.18710266e+02, 5.77360474e+02, 8.28356087e-01, 7.24521057e+02,
       5.47965576e+02, 8.23155582e-01, 7.39128540e+02, 6.01060547e+02,
       6.10193849e-01, 7.53972961e+02, 5.27350952e+02, 5.95434904e-01,
       1.56330481e+03, 7.15626709e+02, 1.79092839e-01, 1.58100427e+03,
       6.95062927e+02, 1.67145699e-01, 1.60457642e+03, 6.18517517e+02,
       2.41461530e-01, 1.55162622e+03, 7.12741455e+02, 1.51561439e-01,
       0., 0., 0., 1.55457178e+03, 6.47935913e+02, 1.90447301e-01 ]
