%YAML:1.0
---
pose_0: !!opencv-matrix
   rows: 1
   cols: 25
   dt: "3f"
   data: [ 6.89260010e+02, 4.59701263e+02, 8.97689879e-01,
       8.15750916e+02, 4.80271332e+02, 7.78861701e-01, 8.15881348e+02,
       5.71483459e+02, 6.98476613e-01, 9.71793823e+02, 6.15645813e+02,
       7.59601712e-01, 9.86455566e+02, 5.92063721e+02, 7.52985716e-01,
       8.21678345e+02, 3.89065735e+02, 6.87247276e-01, 9.68782288e+02,
       3.18450073e+02, 7.56297112e-01, 9.24648804e+02, 3.44806824e+02,
       7.89729238e-01, 1.10418591e+03, 4.89070770e+02, 5.61315417e-01,
       1.09251624e+03, 5.36192505e+02, 6.02475882e-01, 1.34555994e+03,
       5.74512268e+02, 4.95832801e-01, 1.48982080e+03, 5.56832458e+02,
       5.47571301e-01, 1.11305334e+03, 4.36050201e+02, 5.44017076e-01,
       1.33670569e+03, 4.56695099e+02, 7.29458570e-01, 1.56931702e+03,
       4.50824768e+02, 6.11003637e-01, 6.71599426e+02, 4.77215302e+02,
       7.63735414e-01, 6.77450562e+02, 4.36218231e+02, 8.33428264e-01,
       6.95070618e+02, 4.97897705e+02, 3.81156653e-01, 7.12779907e+02,
       4.12483948e+02, 6.18477643e-01, 1.63996814e+03, 4.33133667e+02,
       4.34755653e-01, 1.63697119e+03, 4.30168152e+02, 4.54965413e-01,
       1.60750073e+03, 4.56725494e+02, 2.93825686e-01, 1.49265955e+03,
       6.42141296e+02, 2.56571412e-01, 1.48680078e+03, 6.27446411e+02,
       2.31748119e-01, 1.51915454e+03, 5.44997986e+02, 3.42761368e-01 ]
