%YAML:1.0
---
pose_0: !!opencv-matrix
   rows: 1
   cols: 25
   dt: "3f"
   data: [ 7.86443359e+02, 4.89135223e+02, 8.43406558e-01,
       8.86436707e+02, 4.50794495e+02, 4.91857708e-01, 8.65787354e+02,
       4.77299255e+02, 3.80198359e-01, 9.68850037e+02, 5.00797791e+02,
       6.68761134e-02, 0., 0., 0., 9.09987061e+02, 4.33069275e+02,
       4.50789809e-01, 1.06006714e+03, 4.35992584e+02, 7.88560688e-01,
       1.20133679e+03, 4.83093536e+02, 7.29909182e-01, 1.18074536e+03,
       3.68381683e+02, 3.97027910e-01, 1.19248401e+03, 3.44859314e+02,
       3.17348599e-01, 1.37199084e+03, 5.24324097e+02, 4.18555856e-01,
       1.59280164e+03, 4.09623016e+02, 3.33571851e-01, 1.17188135e+03,
       3.89041412e+02, 4.35041726e-01, 1.37201062e+03, 5.27411194e+02,
       5.94960928e-01, 1.63402344e+03, 4.12586792e+02, 3.78600299e-01,
       7.68696716e+02, 4.95011932e+02, 4.12439018e-01, 7.77519531e+02,
       4.74360077e+02, 7.41898298e-01, 0., 0., 0., 7.92253113e+02,
       4.36081635e+02, 5.83226562e-01, 1.68994519e+03, 3.62461273e+02,
       2.66999543e-01, 1.68991382e+03, 3.62540649e+02, 2.36584693e-01,
       1.65755237e+03, 4.06643738e+02, 1.44934118e-01, 0., 0., 0., 0.,
       0., 0., 0., 0., 0. ]
