%YAML:1.0
---
pose_0: !!opencv-matrix
   rows: 1
   cols: 25
   dt: "3f"
   data: [ 7.21654114e+02, 5.06822083e+02, 8.51158559e-01,
       8.33531738e+02, 5.03749084e+02, 6.37290299e-01, 8.24619385e+02,
       5.50911682e+02, 4.83928442e-01, 9.62954956e+02, 5.77409607e+02,
       1.50079697e-01, 0., 0., 0., 8.42237122e+02, 4.56590424e+02,
       5.68677902e-01, 9.60023926e+02, 4.24282684e+02, 6.47032320e-01,
       1.11897400e+03, 4.12703278e+02, 8.23061287e-01, 1.10719373e+03,
       5.50772949e+02, 5.52571595e-01, 1.10713574e+03, 5.97872803e+02,
       5.67894161e-01, 1.31028162e+03, 6.21398743e+02, 7.88865566e-01,
       1.54861755e+03, 6.68602722e+02, 6.73172891e-01, 1.11303088e+03,
       5.00795319e+02, 5.35184383e-01, 1.32793750e+03, 4.77303070e+02,
       4.37055349e-01, 1.56923254e+03, 4.39013580e+02, 6.04441166e-01,
       7.15595764e+02, 5.27234436e+02, 8.11415911e-01, 7.15675842e+02,
       4.92047668e+02, 8.17754328e-01, 7.36278259e+02, 5.45009399e+02,
       3.12955111e-01, 7.39175232e+02, 4.65506714e+02, 6.73049510e-01,
       1.63693774e+03, 4.47878723e+02, 3.93653691e-01, 1.63391650e+03,
       4.33140778e+02, 4.24946368e-01, 1.60454858e+03, 4.33151428e+02,
       2.41759568e-01, 1.62228821e+03, 6.47967529e+02, 5.11945486e-01,
       1.61633801e+03, 6.68564819e+02, 4.31768894e-01, 1.56635144e+03,
       6.71593201e+02, 2.81342298e-01 ]
