%YAML:1.0
---
pose_0: !!opencv-matrix
   rows: 1
   cols: 25
   dt: "3f"
   data: [ 7.62910950e+02, 3.94856415e+02, 8.68181050e-01,
       8.83514587e+02, 4.36196533e+02, 7.74983883e-01, 8.77605652e+02,
       5.12639221e+02, 7.35291123e-01, 1.00121674e+03, 5.77312378e+02,
       8.65878522e-01, 1.08943689e+03, 5.03815369e+02, 8.09861064e-01,
       8.92340637e+02, 3.62584839e+02, 6.35068178e-01, 1.04539587e+03,
       3.18262817e+02, 8.37768316e-01, 1.16318420e+03, 2.59530457e+02,
       8.31515670e-01, 1.15425647e+03, 4.15541656e+02, 5.79570770e-01,
       1.15724146e+03, 4.62587036e+02, 5.93131483e-01, 1.32493188e+03,
       5.03781403e+02, 5.11016011e-01, 1.54569983e+03, 5.80342041e+02,
       6.16113067e-01, 1.15720154e+03, 3.65405365e+02, 5.93043685e-01,
       1.34559143e+03, 3.36046326e+02, 4.74355400e-01, 1.56924854e+03,
       3.00685333e+02, 5.48081994e-01, 7.51040466e+02, 4.12604156e+02,
       7.97650814e-01, 7.56960876e+02, 3.86061462e+02, 8.55246782e-01,
       7.65834106e+02, 4.44922974e+02, 7.04514086e-01, 7.83343262e+02,
       3.68503571e+02, 3.20322603e-01, 1.64581250e+03, 2.68349182e+02,
       4.23021495e-01, 1.63985547e+03, 2.68267822e+02, 4.48275030e-01,
       1.57810217e+03, 2.94763763e+02, 2.25847736e-01, 1.61349756e+03,
       5.92090942e+02, 4.51705396e-01, 1.60756165e+03, 6.00959229e+02,
       4.47633564e-01, 1.57512463e+03, 5.77386169e+02, 3.24661106e-01 ]
