%YAML:1.0
---
pose_0: !!opencv-matrix
   rows: 1
   cols: 25
   dt: "3f"
   data: [ 6.30386597e+02, 5.24283325e+02, 7.77098417e-01,
       7.74622986e+02, 5.03783661e+02, 6.46268070e-01, 7.89436646e+02,
       6.00911987e+02, 5.16025603e-01, 8.77641296e+02, 7.42197144e+02,
       8.28486860e-01, 8.12785278e+02, 6.71607300e+02, 3.04314941e-01,
       7.83372009e+02, 3.91990631e+02, 6.78121626e-01, 9.27667114e+02,
       3.65393677e+02, 7.99691796e-01, 1.02466199e+03, 3.65449158e+02,
       8.84472549e-01, 1.06299817e+03, 5.36229126e+02, 5.17469406e-01,
       1.04831396e+03, 5.94979126e+02, 5.58195591e-01, 1.21605811e+03,
       6.21578979e+02, 2.42863774e-01, 1.46918164e+03, 6.06865479e+02,
       2.85015672e-01, 1.06592993e+03, 4.74336731e+02, 4.79920000e-01,
       1.30435901e+03, 5.06673035e+02, 5.23191512e-01, 1.63699377e+03,
       5.27326782e+02, 2.64974505e-01, 6.21482666e+02, 5.39163696e+02,
       7.70387590e-01, 6.21376099e+02, 5.03724396e+02, 8.71634245e-01,
       6.45034912e+02, 5.50948303e+02, 2.19552577e-01, 6.42151306e+02,
       4.65555786e+02, 5.46255529e-01, 1.70472290e+03, 5.95049072e+02,
       7.34616965e-02, 0., 0., 0., 1.69872668e+03, 5.65607544e+02,
       9.26695168e-02, 1.48976941e+03, 6.62686829e+02, 2.88354665e-01,
       1.47221021e+03, 6.59744385e+02, 3.03627729e-01, 1.49568250e+03,
       6.00873352e+02, 1.88482195e-01 ]
