%YAML:1.0
---
pose_0: !!opencv-matrix
   rows: 1
   cols: 25
   dt: "3f"
   data: [ 7.62677551e+02, 3.65472717e+02, 8.51480305e-01,
       8.80551208e+02, 3.65601776e+02, 7.25625992e-01, 8.83542969e+02,
       4.36147888e+02, 6.88809395e-01, 9.98158203e+02, 5.09687714e+02,
       8.11184287e-01, 8.77629639e+02, 5.30331238e+02, 8.61698091e-01,
       8.74678467e+02, 3.03658691e+02, 5.62459886e-01, 1.01587030e+03,
       2.50627533e+02, 7.11786747e-01, 9.01124634e+02, 2.83017883e+02,
       3.97281289e-01, 1.15422766e+03, 3.74248444e+02, 5.70362866e-01,
       1.14543042e+03, 4.21345276e+02, 5.75631380e-01, 1.35430432e+03,
       4.41999542e+02, 6.96595848e-01, 1.55161316e+03, 4.71455627e+02,
       5.98131180e-01, 1.16011584e+03, 3.18377869e+02, 5.86507976e-01,
       1.37800354e+03, 3.09491394e+02, 5.67952156e-01, 1.57517493e+03,
       2.94795319e+02, 5.58456838e-01, 7.42245300e+02, 3.80126892e+02,
       7.40840733e-01, 7.45191833e+02, 3.47838318e+02, 7.46471941e-01,
       7.62697449e+02, 3.94871979e+02, 2.45443076e-01, 7.65863220e+02,
       3.30100708e+02, 4.41896766e-01, 1.64282068e+03, 2.65396637e+02,
       3.63946825e-01, 1.63686951e+03, 2.65368713e+02, 4.36623812e-01,
       1.63096948e+03, 3.03600159e+02, 2.88580418e-01, 1.60461621e+03,
       4.94981537e+02, 4.10437733e-01, 0., 0., 0., 1.58978247e+03,
       4.56761078e+02, 4.80053663e-01 ]
