%YAML:1.0
---
pose_0: !!opencv-matrix
   rows: 1
   cols: 25
   dt: "3f"
   data: [ 7.42154480e+02, 5.00871368e+02, 8.47205579e-01,
       8.36274292e+02, 4.47838531e+02, 5.48203886e-01, 8.24618469e+02,
       4.56699463e+02, 3.29790294e-01, 1.04535352e+03, 4.94987244e+02,
       1.49782717e-01, 1.14548865e+03, 5.09664825e+02, 2.76606441e-01,
       8.48156128e+02, 4.36227112e+02, 6.57644153e-01, 1.00711292e+03,
       4.59621857e+02, 5.67501009e-01, 1.11296008e+03, 5.74542053e+02,
       6.08545125e-01, 1.15129968e+03, 4.03745117e+02, 3.70759636e-01,
       1.13952966e+03, 4.15484589e+02, 2.06889272e-01, 1.36618054e+03,
       4.83233459e+02, 6.21161163e-01, 1.60159631e+03, 4.03733765e+02,
       4.06392545e-01, 1.16012708e+03, 3.94902893e+02, 3.00597310e-01,
       1.35734546e+03, 5.03732025e+02, 6.19852006e-01, 1.63691187e+03,
       4.09636383e+02, 5.13522208e-01, 7.27447815e+02, 5.00800812e+02,
       3.12349051e-01, 7.36272949e+02, 4.80350250e+02, 8.42343688e-01,
       0., 0., 0., 7.53939819e+02, 4.42053223e+02, 6.05162501e-01,
       1.69289294e+03, 3.62589539e+02, 2.54057825e-01, 1.68994543e+03,
       3.65402435e+02, 2.56444603e-01, 1.65756250e+03, 3.91977386e+02,
       2.43562624e-01, 0., 0., 0., 0., 0., 0., 1.61335852e+03,
       3.65377319e+02, 2.12330759e-01 ]
