%YAML:1.0
---
pose_0: !!opencv-matrix
   rows: 1
   cols: 25
   dt: "3f"
   data: [ 7.09821228e+02, 5.97886230e+02, 8.43254551e-02,
       7.86403015e+02, 5.62685242e+02, 4.31996286e-01, 7.95192261e+02,
       5.65629456e+02, 4.20923442e-01, 9.27540649e+02, 6.24600647e+02,
       7.31411874e-01, 1.07175500e+03, 5.77447693e+02, 7.05061972e-01,
       7.83428223e+02, 5.74314697e+02, 4.83452380e-01, 9.18827515e+02,
       6.24475769e+02, 1.58757061e-01, 0., 0., 0., 1.09544434e+03,
       5.50911804e+02, 4.26449299e-01, 1.09544861e+03, 5.86170959e+02,
       3.71890187e-01, 1.33080066e+03, 5.00906036e+02, 8.13672543e-01,
       1.61635950e+03, 6.36243347e+02, 4.09962803e-01, 1.09542859e+03,
       5.15583740e+02, 3.50399464e-01, 1.32792542e+03, 4.86217804e+02,
       2.04701930e-01, 1.49859717e+03, 6.42042236e+02, 2.92327225e-01,
       0., 0., 0., 0., 0., 0., 7.42154053e+02, 5.03758057e+02,
       7.70446882e-02, 7.01017883e+02, 5.62630981e+02, 1.79313704e-01,
       0., 0., 0., 0., 0., 0., 1.48684033e+03, 6.56809509e+02,
       2.83577502e-01, 1.75174182e+03, 6.21587769e+02, 1.67615771e-01,
       1.74875476e+03, 6.30379578e+02, 1.26784399e-01, 1.66048987e+03,
       6.71594299e+02, 2.63259858e-01 ]
