%YAML:1.0
---
pose_0: !!opencv-matrix
   rows: 1
   cols: 25
   dt: "3f"
   data: [ 7.33419006e+02, 5.06616760e+02, 8.88983309e-01,
       8.39367676e+02, 5.09783203e+02, 7.32357860e-01, 8.57028809e+02,
       5.97871460e+02, 7.06768334e-01, 9.51223145e+02, 6.71691528e+02,
       7.56643236e-01, 1.00415851e+03, 6.71446228e+02, 6.92963421e-01,
       8.39276917e+02, 4.33196472e+02, 6.42432630e-01, 9.95288269e+02,
       3.89136475e+02, 7.88679183e-01, 1.11597791e+03, 3.44864624e+02,
       8.61502111e-01, 1.12774792e+03, 5.24418762e+02, 5.69672525e-01,
       1.12195935e+03, 5.74398071e+02, 6.06219769e-01, 1.34553381e+03,
       6.21599426e+02, 7.25016713e-01, 1.54566821e+03, 6.92140381e+02,
       5.66057801e-01, 1.12774280e+03, 4.71382263e+02, 5.34499347e-01,
       1.33969385e+03, 4.62555786e+02, 5.96596003e-01, 1.57513367e+03,
       4.71415131e+02, 6.52552247e-01, 7.18636658e+02, 5.21503113e+02,
       8.17946613e-01, 7.21609009e+02, 4.86109589e+02, 8.30107510e-01,
       7.36307373e+02, 5.47909607e+02, 4.64885056e-01, 7.48078369e+02,
       4.65504852e+02, 5.61528206e-01, 1.64288696e+03, 4.53707245e+02,
       3.32768410e-01, 1.63700085e+03, 4.47908936e+02, 3.88372242e-01,
       1.61048279e+03, 4.74373291e+02, 3.19288075e-01, 1.61348828e+03,
       6.53952393e+02, 4.20502692e-01, 1.61336157e+03, 6.68689087e+02,
       3.46690983e-01, 1.56635144e+03, 7.15782410e+02, 3.19790810e-01 ]
