%YAML:1.0
---
pose_0: !!opencv-matrix
   rows: 1
   cols: 25
   dt: "3f"
   data: [ 8.33337219e+02, 3.89102600e+02, 7.93874502e-01,
       9.04071106e+02, 2.91942444e+02, 4.57450241e-01, 9.01144653e+02,
       2.94836884e+02, 2.34327376e-01, 1.05121594e+03, 4.15530853e+02,
       4.65919465e-01, 1.16312915e+03, 5.15618530e+02, 5.96899271e-01,
       9.03935120e+02, 2.88947906e+02, 7.32492208e-01, 9.92408997e+02,
       4.12533295e+02, 7.69645870e-01, 1.06585876e+03, 5.56751343e+02,
       7.91246116e-01, 1.18668713e+03, 3.18357269e+02, 6.04741395e-01,
       1.18662451e+03, 3.62549744e+02, 6.43707752e-01, 1.33970239e+03,
       5.00864746e+02, 7.75296986e-01, 1.56340710e+03, 5.50852356e+02,
       7.18944013e-01, 1.18957031e+03, 2.74214783e+02, 5.59577286e-01,
       1.40449231e+03, 2.41819016e+02, 4.88263905e-01, 1.55156592e+03,
       1.50640717e+02, 2.35867262e-01, 8.12904907e+02, 3.92047882e+02,
       3.77798975e-01, 8.18766724e+02, 3.80118103e+02, 7.42658257e-01,
       0., 0., 0., 8.30450745e+02, 3.21350464e+02, 5.97566128e-01,
       1.58700244e+03, 2.15399551e+02, 6.19861558e-02, 0., 0., 0., 0.,
       0., 0., 1.58988977e+03, 6.24440918e+02, 4.86881912e-01,
       1.57811121e+03, 6.15657471e+02, 4.09086466e-01, 1.58980029e+03,
       5.30381042e+02, 5.48205733e-01 ]
