%YAML:1.0
---
pose_0: !!opencv-matrix
   rows: 1
   cols: 25
   dt: "3f"
   data: [ 8.01057312e+02, 4.15488037e+02, 6.75856113e-01,
       8.77550415e+02, 4.59574890e+02, 5.93891144e-01, 8.83425598e+02,
       5.21474487e+02, 4.67290431e-01, 1.00108844e+03, 5.74444214e+02,
       8.64906430e-01, 9.74739502e+02, 4.44947205e+02, 7.86937952e-01,
       8.77621704e+02, 4.06579620e+02, 4.95722562e-01, 1.04242126e+03,
       3.53718506e+02, 7.04154432e-01, 1.15716663e+03, 3.12464752e+02,
       7.62549520e-01, 1.12777661e+03, 4.36140015e+02, 5.81661463e-01,
       1.13069360e+03, 4.83189301e+02, 6.04135454e-01, 1.35148792e+03,
       5.03916016e+02, 8.02642941e-01, 1.54567883e+03, 5.27355530e+02,
       6.59876704e-01, 1.12483081e+03, 3.86127747e+02, 6.07849181e-01,
       1.34559375e+03, 2.94920654e+02, 6.05492830e-01, 1.53390906e+03,
       2.68225067e+02, 5.41707575e-01, 7.86286072e+02, 4.30244171e+02,
       6.92862570e-01, 7.86395447e+02, 4.09534943e+02, 4.68397796e-01,
       7.95189209e+02, 4.59622528e+02, 6.08918488e-01, 8.01064758e+02,
       3.94881958e+02, 8.72946009e-02, 1.63699341e+03, 2.44801407e+02,
       4.30803388e-01, 1.63696729e+03, 2.41812149e+02, 4.06240284e-01,
       1.55453613e+03, 2.65353302e+02, 2.37849355e-01, 1.55744446e+03,
       6.03945496e+02, 2.86264479e-01, 1.55160132e+03, 6.00879333e+02,
       2.46323541e-01, 1.58390662e+03, 5.15580994e+02, 5.08745074e-01 ]
