%YAML:1.0
---
pose_0: !!opencv-matrix
   rows: 1
   cols: 25
   dt: "3f"
   data: [ 7.42177856e+02, 5.47938416e+02, 9.05140519e-01,
       8.53940063e+02, 5.77389709e+02, 6.86634421e-01, 8.39358521e+02,
       6.42135437e+02, 6.63164616e-01, 9.45246643e+02, 6.74458069e+02,
       7.42630422e-01, 1.02772058e+03, 7.15788391e+02, 8.56830001e-01,
       8.59919434e+02, 5.21439270e+02, 5.62580168e-01, 9.24648010e+02,
       5.03700317e+02, 1.10076040e-01, 0., 0., 0., 1.11899219e+03,
       5.44961548e+02, 5.29662967e-01, 1.11901636e+03, 5.95045105e+02,
       5.62488437e-01, 1.32797986e+03, 6.18536865e+02, 7.37764716e-01,
       1.56328284e+03, 6.62755981e+02, 6.48637056e-01, 1.11602173e+03,
       4.86171356e+02, 5.36029279e-01, 1.32197498e+03, 4.56605988e+02,
       6.63655221e-01, 1.56331152e+03, 4.33033264e+02, 6.05791330e-01,
       7.21675293e+02, 5.53963013e+02, 8.70279491e-01, 7.39265686e+02,
       5.27263367e+02, 9.47985709e-01, 7.36354004e+02, 5.86184265e+02,
       6.39647663e-01, 7.65769897e+02, 5.06809601e+02, 6.97656810e-01,
       1.63395605e+03, 4.39085541e+02, 4.36768502e-01, 1.63391150e+03,
       4.33041534e+02, 4.90771264e-01, 1.56637830e+03, 4.12645386e+02,
       2.55891174e-01, 1.63101343e+03, 6.48008118e+02, 5.13582170e-01,
       1.61934009e+03, 6.62738586e+02, 4.57985342e-01, 1.58689905e+03,
       6.65663574e+02, 2.88280100e-01 ]
