%YAML:1.0
---
pose_0: !!opencv-matrix
   rows: 1
   cols: 25
   dt: "3f"
   data: [ 4.86128540e+02, 5.39085266e+02, 7.60340154e-01,
       5.86189026e+02, 5.30387207e+02, 6.37195230e-01, 5.92099670e+02,
       6.00972595e+02, 5.18620968e-01, 7.36230774e+02, 7.21643188e+02,
       7.49472857e-01, 5.30360718e+02, 6.45106689e+02, 7.16756821e-01,
       5.80316528e+02, 4.56671173e+02, 5.07419765e-01, 7.68647217e+02,
       4.09548096e+02, 7.54886031e-01, 5.56847473e+02, 4.68496674e+02,
       6.42354965e-01, 1.02766895e+03, 5.50797241e+02, 4.88209695e-01,
       1.00712439e+03, 6.09788818e+02, 4.76096243e-01, 1.28671045e+03,
       6.30383240e+02, 1.72165543e-01, 1.49860315e+03, 6.21492859e+02,
       8.50871578e-02, 1.03356116e+03, 4.80171539e+02, 4.55357760e-01,
       1.32790259e+03, 4.65489594e+02, 4.50734049e-01, 1.54569775e+03,
       4.74358521e+02, 1.20760880e-01, 4.62594788e+02, 5.56776367e+02,
       7.88254142e-01, 4.71361816e+02, 5.15524719e+02, 7.79177904e-01,
       4.83120056e+02, 5.86191528e+02, 3.58797550e-01, 4.92064636e+02,
       4.80160034e+02, 5.97458959e-01, 0., 0., 0., 0., 0., 0.,
       1.69289661e+03, 4.97928741e+02, 1.51619703e-01, 0., 0., 0., 0.,
       0., 0., 0., 0., 0. ]
