%YAML:1.0
---
pose_0: !!opencv-matrix
   rows: 1
   cols: 25
   dt: "3f"
   data: [ 6.95149353e+02, 3.12452209e+02, 8.18372369e-01,
       7.89202271e+02, 2.27220901e+02, 6.39625072e-01, 8.03975769e+02,
       2.97759705e+02, 4.92582321e-01, 9.21727356e+02, 3.62430908e+02,
       3.31678659e-01, 1.03060901e+03, 4.33153931e+02, 2.33201489e-01,
       7.71682373e+02, 1.74098969e+02, 6.27721548e-01, 9.09928284e+02,
       8.00638809e+01, 7.11632490e-01, 1.04527490e+03, 1.24112602e+02,
       5.60129642e-01, 1.04532214e+03, 2.71306305e+02, 4.03034240e-01,
       1.04530652e+03, 3.21326569e+02, 3.58080298e-01, 1.27783984e+03,
       3.38888458e+02, 3.83075118e-01, 1.34555920e+03, 3.30145813e+02,
       2.41826490e-01, 1.04826611e+03, 2.21268921e+02, 3.54633719e-01,
       1.33093384e+03, 1.85917938e+02, 4.54674810e-01, 1.54576123e+03,
       1.27129654e+02, 2.56802350e-01, 6.80415466e+02, 3.15301544e+02,
       4.76611316e-01, 6.83337463e+02, 2.91873718e+02, 7.75785565e-01,
       0., 0., 0., 6.95042664e+02, 2.33020248e+02, 5.72992265e-01,
       1.63410596e+03, 1.06378876e+02, 5.15470803e-02, 1.63403491e+03,
       1.09381401e+02, 6.50346652e-02, 1.56336426e+03, 1.09412354e+02,
       1.47986948e-01, 1.41617896e+03, 3.33081390e+02, 9.07511488e-02,
       0., 0., 0., 1.38092041e+03, 3.12508789e+02, 1.39161438e-01 ]
