%YAML:1.0
---
pose_0: !!opencv-matrix
   rows: 1
   cols: 25
   dt: "3f"
   data: [ 7.15737366e+02, 4.71476288e+02, 8.42597008e-01,
       8.15788696e+02, 4.74305023e+02, 6.45999670e-01, 7.89292908e+02,
       5.33193176e+02, 4.61578399e-01, 6.71609497e+02, 5.09692444e+02,
       4.83622015e-01, 6.62716248e+02, 4.59672699e+02, 3.28591585e-01,
       8.33488220e+02, 4.12534912e+02, 6.79814577e-01, 9.68841309e+02,
       3.39032990e+02, 7.96202719e-01, 1.11594250e+03, 2.47839401e+02,
       8.39705467e-01, 1.13360938e+03, 4.36044922e+02, 5.01210213e-01,
       1.12480115e+03, 4.89125977e+02, 5.46249151e-01, 1.36028430e+03,
       5.53797791e+02, 6.76896274e-01, 1.58982959e+03, 6.09740295e+02,
       4.85269725e-01, 1.13657605e+03, 3.77274353e+02, 5.05691886e-01,
       1.35145691e+03, 3.80168671e+02, 3.08490068e-01, 1.53979248e+03,
       3.91943573e+02, 2.31507614e-01, 6.95017395e+02, 4.80362183e+02,
       7.90739417e-01, 7.00959778e+02, 4.53670593e+02, 7.98062205e-01,
       7.15617371e+02, 5.03719757e+02, 2.01023549e-01, 7.21654541e+02,
       4.21404724e+02, 5.61740875e-01, 1.54271851e+03, 4.12523834e+02,
       8.63184258e-02, 0., 0., 0., 1.56333618e+03, 4.03692688e+02,
       1.95431381e-01, 1.66638452e+03, 5.80370300e+02, 3.11426789e-01,
       1.66054395e+03, 5.92130554e+02, 2.36343712e-01, 1.61049719e+03,
       6.18521484e+02, 3.16907287e-01 ]
