%YAML:1.0
---
pose_0: !!opencv-matrix
   rows: 1
   cols: 25
   dt: "3f"
   data: [ 6.80452454e+02, 5.27225342e+02, 8.05165172e-01,
       8.04002808e+02, 5.30219666e+02, 7.22806215e-01, 8.04000366e+02,
       6.00911865e+02, 4.39343750e-01, 9.30452637e+02, 6.74545349e+02,
       8.31104875e-01, 8.56911682e+02, 6.01009155e+02, 7.03097343e-01,
       8.09827393e+02, 4.53791443e+02, 5.76695859e-01, 9.36439880e+02,
       3.41878662e+02, 6.38480484e-01, 8.71716858e+02, 3.71386353e+02,
       4.25563455e-01, 1.07774744e+03, 5.27374634e+02, 5.40212750e-01,
       1.07182104e+03, 5.77511047e+02, 5.44278502e-01, 1.30724414e+03,
       6.00994019e+02, 4.52688962e-01, 1.57810132e+03, 6.03856934e+02,
       3.75663996e-01, 1.08065125e+03, 4.65535126e+02, 5.24743676e-01,
       1.30144739e+03, 4.83341827e+02, 6.51524961e-01, 1.63694531e+03,
       4.92016174e+02, 4.64396656e-01, 6.65694519e+02, 5.33328430e+02,
       7.90126622e-01, 6.71486267e+02, 5.03851105e+02, 8.41247916e-01,
       6.86218079e+02, 5.53882141e+02, 2.63501376e-01, 6.92199585e+02,
       4.77281158e+02, 5.96163213e-01, 1.77824768e+03, 5.30313721e+02,
       5.14781512e-02, 1.78703125e+03, 5.27300781e+02, 5.75865656e-02,
       1.66344214e+03, 5.12629517e+02, 1.79353669e-01, 1.68111597e+03,
       5.83280396e+02, 1.47491142e-01, 1.66635291e+03, 5.97985168e+02,
       1.06946096e-01, 1.60166101e+03, 5.95032166e+02, 2.24394664e-01 ]
