%YAML:1.0
---
pose_0: !!opencv-matrix
   rows: 1
   cols: 25
   dt: "3f"
   data: [ 7.12657410e+02, 5.83316101e+02, 8.34288955e-01,
       8.42272522e+02, 5.83259888e+02, 5.87045372e-01, 8.54027344e+02,
       6.50927979e+02, 5.09824455e-01, 9.80594543e+02, 6.68621643e+02,
       6.28404498e-01, 1.06892017e+03, 7.39100891e+02, 8.65744174e-01,
       8.42279419e+02, 5.18519531e+02, 6.43989682e-01, 9.98141602e+02,
       4.83242432e+02, 7.93354273e-01, 1.14546875e+03, 4.80245911e+02,
       7.73923278e-01, 1.13948059e+03, 6.24418518e+02, 6.08888924e-01,
       1.13071777e+03, 6.68618042e+02, 6.02317870e-01, 1.30431360e+03,
       7.68693542e+02, 7.17540443e-01, 1.43975378e+03, 6.68522644e+02,
       2.45912537e-01, 1.14540930e+03, 5.77348145e+02, 5.65309465e-01,
       1.32789905e+03, 6.77513367e+02, 6.21296763e-01, 1.57515686e+03,
       6.71672852e+02, 3.43476385e-01, 6.92275574e+02, 5.98070679e+02,
       8.59669685e-01, 6.98067627e+02, 5.68478088e+02, 8.34004402e-01,
       7.15565430e+02, 6.18646484e+02, 2.37762898e-01, 7.30397034e+02,
       5.36162964e+02, 5.64463198e-01, 1.63705151e+03, 6.30349792e+02,
       4.22378331e-01, 1.63700159e+03, 6.30373657e+02, 4.14404392e-01,
       1.59279529e+03, 6.92133362e+02, 1.92619532e-01, 0., 0., 0., 0.,
       0., 0., 1.44858374e+03, 6.68591003e+02, 6.44177049e-02 ]
