%YAML:1.0
---
pose_0: !!opencv-matrix
   rows: 1
   cols: 25
   dt: "3f"
   data: [ 7.39129700e+02, 4.41954620e+02, 7.96986938e-01,
       8.36437805e+02, 4.83094086e+02, 7.80987203e-01, 8.27506226e+02,
       5.42054138e+02, 7.31416523e-01, 9.42348694e+02, 5.98101440e+02,
       8.44432950e-01, 1.04236353e+03, 5.27234802e+02, 8.02715242e-01,
       8.59864990e+02, 4.15525330e+02, 5.47321379e-01, 9.74765625e+02,
       3.86103821e+02, 2.94920117e-01, 0., 0., 0., 1.11300159e+03,
       5.12652893e+02, 5.28885543e-01, 1.09834668e+03, 5.59751343e+02,
       4.60786104e-01, 1.30433643e+03, 5.33218872e+02, 7.57575214e-01,
       1.50159790e+03, 6.30322388e+02, 5.42194188e-01, 1.11308850e+03,
       4.62542023e+02, 5.47178745e-01, 1.33382703e+03, 4.56736237e+02,
       7.43681669e-01, 1.54284827e+03, 4.97952728e+02, 6.64354682e-01,
       7.18624084e+02, 4.62696350e+02, 7.76791096e-01, 7.18745422e+02,
       4.33194183e+02, 7.47719288e-01, 7.39176636e+02, 5.06678467e+02,
       6.10347033e-01, 7.45137390e+02, 4.18395325e+02, 1.63200781e-01,
       1.61342444e+03, 4.36117828e+02, 5.69843888e-01, 1.61032532e+03,
       4.36142090e+02, 5.48158407e-01, 1.56929578e+03, 5.12612061e+02,
       3.43153179e-01, 1.62810510e+03, 5.97917297e+02, 5.00820339e-01,
       1.61930615e+03, 6.06831360e+02, 3.69146883e-01, 1.53394214e+03,
       6.50948669e+02, 3.07815343e-01 ]
