%YAML:1.0
---
pose_0: !!opencv-matrix
   rows: 1
   cols: 25
   dt: "3f"
   data: [ 7.86437378e+02, 5.21403015e+02, 8.43296468e-01,
       8.62953430e+02, 5.21466858e+02, 7.25232899e-01, 8.77494812e+02,
       5.80310608e+02, 6.76595747e-01, 9.07116455e+02, 6.74592041e+02,
       8.45428526e-01, 8.59873657e+02, 7.56944458e+02, 8.44047070e-01,
       8.56876282e+02, 4.62622437e+02, 6.15794182e-01, 8.59859741e+02,
       3.86121918e+02, 4.20794129e-01, 8.03999023e+02, 3.42029907e+02,
       5.88351548e-01, 1.13658752e+03, 5.39109375e+02, 4.56838906e-01,
       1.13954932e+03, 5.92015442e+02, 4.64446366e-01, 1.32497034e+03,
       6.21356567e+02, 6.87531114e-01, 1.53393140e+03, 6.36293762e+02,
       6.66770756e-01, 1.13068481e+03, 4.86205444e+02, 4.05411601e-01,
       1.35151538e+03, 4.65555420e+02, 6.73969448e-01, 1.55453198e+03,
       4.36087891e+02, 6.71102226e-01, 7.74542969e+02, 5.27416382e+02,
       7.80631661e-01, 7.80484009e+02, 5.03737122e+02, 8.13470602e-01,
       7.86427002e+02, 5.47956787e+02, 2.48140246e-01, 7.92280273e+02,
       4.77272034e+02, 5.66742182e-01, 1.61640637e+03, 4.24284302e+02,
       4.39876735e-01, 1.61053711e+03, 4.15540588e+02, 5.17071605e-01,
       1.58390881e+03, 4.33091278e+02, 2.73809373e-01, 1.58388440e+03,
       6.92178772e+02, 6.31815374e-01, 1.56925830e+03, 6.92088867e+02,
       5.60968578e-01, 1.56044507e+03, 6.18554993e+02, 5.57648957e-01 ]
