%YAML:1.0
---
pose_0: !!opencv-matrix
   rows: 1
   cols: 25
   dt: "3f"
   data: [ 7.18727905e+02, 4.62550262e+02, 8.59290123e-01,
       8.39393005e+02, 4.62636261e+02, 7.27882385e-01, 8.39385315e+02,
       5.50912964e+02, 6.96336448e-01, 9.30640747e+02, 6.59804626e+02,
       7.60414660e-01, 8.83463867e+02, 6.27463440e+02, 3.75236243e-01,
       8.45213989e+02, 3.77204895e+02, 6.31302178e-01, 9.68778992e+02,
       3.38907043e+02, 6.78274155e-01, 1.03949963e+03, 3.24233612e+02,
       8.10204446e-01, 1.12483521e+03, 4.80150940e+02, 5.74971020e-01,
       1.11896021e+03, 5.27339539e+02, 6.23540282e-01, 1.31618530e+03,
       5.51008362e+02, 7.30748296e-01, 1.52512671e+03, 5.47899719e+02,
       5.44027627e-01, 1.12774011e+03, 4.21366882e+02, 5.39871395e-01,
       1.34260791e+03, 4.33046692e+02, 6.84035957e-01, 1.58398511e+03,
       4.42008972e+02, 6.59762979e-01, 7.06908386e+02, 4.80306183e+02,
       8.26272130e-01, 7.09799255e+02, 4.41971466e+02, 8.07456255e-01,
       7.21623596e+02, 5.00877960e+02, 2.10208371e-01, 7.27457520e+02,
       4.12641815e+02, 5.59237778e-01, 1.64581946e+03, 4.18408661e+02,
       4.96211618e-01, 1.63701990e+03, 4.12654694e+02, 5.49735069e-01,
       1.60752380e+03, 4.56682648e+02, 3.02813113e-01, 1.50161121e+03,
       6.45052795e+02, 2.16006696e-01, 1.49276758e+03, 6.36267822e+02,
       1.83703989e-01, 1.56340710e+03, 5.33212952e+02, 3.27593803e-01 ]
