%YAML:1.0
---
pose_0: !!opencv-matrix
   rows: 1
   cols: 25
   dt: "3f"
   data: [ 7.33364014e+02, 4.36069702e+02, 8.78438354e-01,
       8.33327454e+02, 4.24349182e+02, 6.87815666e-01, 8.15744446e+02,
       4.83120178e+02, 6.96197689e-01, 9.21739197e+02, 5.15553711e+02,
       5.22863150e-01, 9.89469421e+02, 5.33292419e+02, 3.92803371e-01,
       8.36363708e+02, 3.65395660e+02, 6.21171117e-01, 9.86490662e+02,
       3.21260040e+02, 7.55278230e-01, 1.11907153e+03, 3.15521210e+02,
       8.43701005e-01, 1.10423901e+03, 4.50799194e+02, 5.60062647e-01,
       1.09532617e+03, 4.97888123e+02, 5.95712066e-01, 1.28373181e+03,
       5.50999451e+02, 8.22436869e-01, 1.48976257e+03, 5.33181213e+02,
       5.55071056e-01, 1.11598828e+03, 3.97811890e+02, 5.36998391e-01,
       1.32203479e+03, 4.03673492e+02, 6.64909661e-01, 1.56627856e+03,
       4.06677521e+02, 5.69941878e-01, 7.18609619e+02, 4.53672668e+02,
       8.21108639e-01, 7.18683655e+02, 4.15556488e+02, 8.33933711e-01,
       7.39179016e+02, 4.65502350e+02, 3.07185203e-01, 7.39213745e+02,
       3.88999817e+02, 7.03717113e-01, 1.63404065e+03, 3.74240143e+02,
       2.15009928e-01, 1.63101123e+03, 3.71321808e+02, 2.55921274e-01,
       1.61043811e+03, 4.12548523e+02, 2.48716190e-01, 1.54271667e+03,
       5.03810699e+02, 1.32468402e-01, 1.51918701e+03, 5.12654114e+02,
       1.03129305e-01, 1.51917175e+03, 5.15602905e+02, 2.99880445e-01 ]
