%YAML:1.0
---
pose_0: !!opencv-matrix
   rows: 1
   cols: 25
   dt: "3f"
   data: [ 7.74522095e+02, 4.83350159e+02, 8.40442538e-01,
       8.86401062e+02, 4.80264954e+02, 7.81143486e-01, 9.04091309e+02,
       5.42056335e+02, 5.79701304e-01, 1.02481799e+03, 5.92030151e+02,
       7.29218185e-01, 9.48233765e+02, 5.47872192e+02, 5.28341889e-01,
       8.80436584e+02, 4.12604431e+02, 6.43897533e-01, 9.51062988e+02,
       3.44886169e+02, 7.46709704e-01, 1.03655042e+03, 3.59579681e+02,
       7.83214092e-01, 1.16314014e+03, 5.12675964e+02, 5.28911293e-01,
       1.16306885e+03, 5.65549866e+02, 5.34401238e-01, 1.32794836e+03,
       5.68567627e+02, 2.79915422e-01, 1.51328943e+03, 5.74414978e+02,
       5.12070835e-01, 1.16610291e+03, 4.59730103e+02, 5.46175182e-01,
       1.35438464e+03, 4.83228516e+02, 6.50025129e-01, 1.56341687e+03,
       4.71415924e+02, 5.47943652e-01, 7.59816223e+02, 5.03843628e+02,
       8.62609625e-01, 7.62843628e+02, 4.68481842e+02, 8.51309180e-01,
       7.71629883e+02, 5.27237427e+02, 2.02771097e-01, 7.86371948e+02,
       4.36203003e+02, 5.81277668e-01, 1.63399072e+03, 4.36127686e+02,
       3.78527731e-01, 1.63105969e+03, 4.36136841e+02, 3.77605945e-01,
       1.61045117e+03, 4.77242798e+02, 2.55002916e-01, 1.56631812e+03,
       5.71517456e+02, 2.90956318e-01, 1.56037500e+03, 5.80343628e+02,
       2.41928101e-01, 1.54282141e+03, 5.65612976e+02, 3.39639276e-01 ]
