%YAML:1.0
---
pose_0: !!opencv-matrix
   rows: 1
   cols: 25
   dt: "3f"
   data: [ 0., 0., 0., 8.45180481e+02, 5.06783783e+02, 4.22107756e-01,
       8.48200256e+02, 5.47955994e+02, 6.26458764e-01, 9.74803101e+02,
       6.01071716e+02, 8.14635217e-01, 1.11890784e+03, 5.21491699e+02,
       8.30284953e-01, 8.39339233e+02, 4.71406219e+02, 1.80337220e-01,
       8.74668030e+02, 4.59721802e+02, 1.24567062e-01, 7.92252075e+02,
       4.62609131e+02, 2.76477963e-01, 1.16308069e+03, 5.77346558e+02,
       4.80423898e-01, 1.15423730e+03, 6.15654846e+02, 3.72892201e-01,
       1.37488904e+03, 5.36182800e+02, 6.62408888e-01, 1.63403027e+03,
       7.15667114e+02, 5.33392429e-01, 1.17485339e+03, 5.33182251e+02,
       4.36818153e-01, 1.37492700e+03, 4.83129211e+02, 7.52470732e-01,
       1.57219482e+03, 6.62721558e+02, 2.71282732e-01, 0., 0., 0., 0.,
       0., 0., 7.71651550e+02, 5.06727814e+02, 1.12725206e-01, 0., 0.,
       0., 1.69584595e+03, 6.21602478e+02, 1.42120764e-01,
       1.68696765e+03, 6.21614868e+02, 1.52140066e-01, 1.56334229e+03,
       6.92140869e+02, 5.36535010e-02, 1.70167102e+03, 7.18749329e+02,
       3.97827983e-01, 1.68399976e+03, 7.39181824e+02, 4.19004202e-01,
       1.64576282e+03, 7.39307678e+02, 2.74435967e-01 ]
