%YAML:1.0
---
pose_0: !!opencv-matrix
   rows: 1
   cols: 25
   dt: "3f"
   data: [ 6.51039307e+02, 4.77266144e+02, 8.24396372e-01,
       7.92196350e+02, 4.59746216e+02, 6.34983957e-01, 8.01048645e+02,
       5.47843567e+02, 5.26052177e-01, 9.92355530e+02, 5.74337585e+02,
       3.92653853e-01, 1.15129565e+03, 6.21622742e+02, 5.72529316e-01,
       7.89268738e+02, 3.68390076e+02, 6.55612946e-01, 9.45315125e+02,
       3.21308563e+02, 7.62121737e-01, 1.09534558e+03, 2.68336945e+02,
       8.40871990e-01, 1.13068970e+03, 4.41999847e+02, 5.07742167e-01,
       1.11899634e+03, 5.00797791e+02, 5.23446620e-01, 1.33376526e+03,
       4.71397461e+02, 6.42971873e-01, 1.64578979e+03, 4.36221680e+02,
       3.93850058e-01, 1.13072705e+03, 3.86002899e+02, 5.25327444e-01,
       1.34852576e+03, 3.68355804e+02, 6.26874387e-01, 1.58692139e+03,
       5.03777832e+02, 1.85494959e-01, 6.42070374e+02, 4.89110504e+02,
       7.86994576e-01, 6.45028198e+02, 4.56567993e+02, 8.61832559e-01,
       6.53876709e+02, 5.12680664e+02, 1.71101391e-01, 6.71561340e+02,
       4.24340515e+02, 5.04267812e-01, 0., 0., 0., 0., 0., 0.,
       1.60457532e+03, 5.27358032e+02, 8.69337097e-02, 1.76347119e+03,
       4.15451721e+02, 2.16438010e-01, 1.75468835e+03, 4.33113342e+02,
       1.68425247e-01, 1.67521033e+03, 4.15567596e+02, 2.04380989e-01 ]
