%YAML:1.0
---
pose_0: !!opencv-matrix
   rows: 2
   cols: 25
   dt: "3f"
   data: [ 0., 0., 0., 7.89215454e+02, 4.56623383e+02, 2.26801395e-01,
       7.83405029e+02, 4.39112061e+02, 2.30529979e-01, 9.01072571e+02,
       4.00809814e+02, 1.03084743e-01, 1.04534680e+03, 4.83268555e+02,
       7.99669400e-02, 0., 0., 0., 0., 0., 0., 0., 0., 0.,
       1.10717004e+03, 4.59599365e+02, 4.15742874e-01, 1.09837183e+03,
       5.03781738e+02, 4.68638122e-01, 1.30147375e+03, 5.97833313e+02,
       7.79612541e-01, 1.51915613e+03, 5.39141785e+02, 5.71887970e-01,
       1.11596765e+03, 4.09660339e+02, 3.25644553e-01, 1.35141199e+03,
       4.39033691e+02, 6.63958669e-01, 1.57805627e+03, 4.18458344e+02,
       5.88384390e-01, 0., 0., 0., 0., 0., 0., 7.36258301e+02,
       4.33188690e+02, 6.26029670e-02, 0., 0., 0., 1.65460791e+03,
       3.86051880e+02, 2.18370751e-01, 1.64873438e+03, 3.85971771e+02,
       2.59405702e-01, 1.60457764e+03, 4.36092865e+02, 2.10674390e-01,
       1.60459253e+03, 5.68563110e+02, 1.61576733e-01, 1.58397949e+03,
       5.74474609e+02, 1.71689987e-01, 1.54868933e+03, 5.18532104e+02,
       3.16221684e-01, 0., 0., 0., 0., 0., 0., 0., 0., 0., 0., 0., 0.,
       0., 0., 0., 7.83355835e+02, 4.42032593e+02, 3.00193816e-01,
       9.04075562e+02, 4.06596985e+02, 5.70131898e-01, 1.04826892e+03,
       4.59665527e+02, 8.61970901e-01, 0., 0., 0., 0., 0., 0., 0., 0.,
       0., 0., 0., 0., 0., 0., 0., 0., 0., 0., 0., 0., 0., 0., 0., 0.,
       0., 0., 0., 0., 0., 0., 7.36330200e+02, 4.68459106e+02,
       1.33699745e-01, 0., 0., 0., 0., 0., 0., 0., 0., 0., 0., 0., 0.,
       0., 0., 0., 0., 0., 0. ]
