%YAML:1.0
---
pose_0: !!opencv-matrix
   rows: 1
   cols: 25
   dt: "3f"
   data: [ 6.74479370e+02, 5.45021179e+02, 8.08227539e-01,
       8.09975037e+02, 5.42083374e+02, 6.67427063e-01, 8.21696045e+02,
       6.36240295e+02, 4.90581006e-01, 9.27659973e+02, 7.39343567e+02,
       8.77454996e-01, 8.15871277e+02, 6.71704773e+02, 7.94541180e-01,
       8.06961121e+02, 4.59654114e+02, 6.05623662e-01, 9.65848389e+02,
       3.94892303e+02, 7.62640417e-01, 1.06880457e+03, 4.09614471e+02,
       8.60953927e-01, 1.09539990e+03, 5.71410706e+02, 5.71619630e-01,
       1.08655981e+03, 6.21489014e+02, 5.75957835e-01, 1.28078918e+03,
       6.24512268e+02, 4.14666086e-01, 1.58988416e+03, 6.06804504e+02,
       3.35106313e-01, 1.09832385e+03, 5.06685791e+02, 5.36470771e-01,
       1.29845789e+03, 5.27351135e+02, 5.70469856e-01, 1.59871484e+03,
       5.53775208e+02, 2.67815500e-01, 6.62740417e+02, 5.59753113e+02,
       7.83735871e-01, 6.65582947e+02, 5.24389282e+02, 8.04751039e-01,
       6.74501587e+02, 5.86157227e+02, 2.58003831e-01, 6.92150757e+02,
       4.92058990e+02, 4.86563593e-01, 1.72526318e+03, 5.24342224e+02,
       1.23569950e-01, 0., 0., 0., 1.61930249e+03, 5.56816589e+02,
       1.42073169e-01, 1.69878088e+03, 5.95056946e+02, 1.03131376e-01,
       1.67523853e+03, 6.18623718e+02, 6.27832413e-02, 1.61337231e+03,
       6.18564575e+02, 1.46797299e-01 ]
