%YAML:1.0
---
pose_0: !!opencv-matrix
   rows: 1
   cols: 25
   dt: "3f"
   data: [ 6.86305603e+02, 5.21445923e+02, 1.51847124e-01,
       7.39242310e+02, 4.47888824e+02, 1.39784917e-01, 7.42238525e+02,
       4.56704926e+02, 8.86131302e-02, 0., 0., 0., 0., 0., 0.,
       7.42205261e+02, 4.39025513e+02, 8.36596414e-02, 9.21762390e+02,
       3.86099823e+02, 1.20424017e-01, 1.09250293e+03, 4.12640350e+02,
       1.56303793e-01, 1.13364551e+03, 4.74361420e+02, 1.92244858e-01,
       1.13949561e+03, 4.50843567e+02, 1.52507931e-01, 1.35441650e+03,
       4.89055267e+02, 1.75345197e-01, 1.57222791e+03, 4.30254364e+02,
       3.08541745e-01, 1.12192334e+03, 4.94946960e+02, 1.88004017e-01,
       1.35447327e+03, 5.03675964e+02, 3.40674698e-01, 1.59868347e+03,
       4.24289459e+02, 2.09615737e-01, 0., 0., 0., 6.86219360e+02,
       5.03821777e+02, 1.68153614e-01, 0., 0., 0., 6.83322266e+02,
       4.62632965e+02, 1.92724496e-01, 1.69876025e+03, 3.89006287e+02,
       9.82707888e-02, 1.69875037e+03, 3.89029083e+02, 9.76613238e-02,
       1.63698792e+03, 4.53682190e+02, 1.07863173e-01, 0., 0., 0., 0.,
       0., 0., 0., 0., 0. ]
