%YAML:1.0
---
pose_0: !!opencv-matrix
   rows: 1
   cols: 25
   dt: "3f"
   data: [ 7.48086487e+02, 5.50966003e+02, 7.39019156e-01,
       8.39372925e+02, 5.83222900e+02, 7.08469570e-01, 8.24631592e+02,
       6.45043701e+02, 4.67370749e-01, 9.71745239e+02, 7.18709778e+02,
       3.34683269e-01, 1.03355823e+03, 6.65657471e+02, 2.85219908e-01,
       8.71670532e+02, 5.15566711e+02, 6.62428319e-01, 9.77603516e+02,
       4.36064026e+02, 8.17885578e-01, 1.01590002e+03, 3.39022797e+02,
       6.26624584e-01, 1.11890613e+03, 6.03871826e+02, 6.08874083e-01,
       1.11887256e+03, 6.50940613e+02, 5.94044387e-01, 1.33966968e+03,
       6.71497559e+02, 5.82579792e-01, 1.53099133e+03, 6.92193787e+02,
       6.59538150e-01, 1.12190454e+03, 5.53730896e+02, 6.15868211e-01,
       1.32197839e+03, 5.80298706e+02, 7.27766216e-01, 1.51629407e+03,
       5.97958191e+02, 6.38083994e-01, 7.39253967e+02, 5.65660950e+02,
       7.15705395e-01, 7.39291626e+02, 5.44969055e+02, 3.60681236e-01,
       7.48133545e+02, 5.92115234e+02, 6.65269494e-01, 7.62794556e+02,
       5.39153503e+02, 1.05955295e-01, 1.59867029e+03, 5.65647217e+02,
       5.28549194e-01, 1.58994617e+03, 5.59732483e+02, 5.44905841e-01,
       1.53681677e+03, 6.18588562e+02, 3.71188164e-01, 1.60164673e+03,
       6.89167175e+02, 4.78641152e-01, 1.58693848e+03, 6.98101868e+02,
       4.45341766e-01, 1.54570996e+03, 6.83368530e+02, 3.78136963e-01 ]
