%YAML:1.0
---
pose_0: !!opencv-matrix
   rows: 1
   cols: 25
   dt: "3f"
   data: [ 7.86353271e+02, 4.12506805e+02, 6.75548375e-01,
       8.77511414e+02, 4.44936554e+02, 6.89477801e-01, 8.60046265e+02,
       5.18539795e+02, 7.77501464e-01, 9.60022400e+02, 4.83305206e+02,
       7.17708290e-01, 9.86485535e+02, 3.44875763e+02, 7.81457782e-01,
       8.80600098e+02, 3.80132019e+02, 5.55150926e-01, 1.04834644e+03,
       3.77263062e+02, 6.89467669e-01, 1.16596387e+03, 3.18281036e+02,
       8.29266429e-01, 1.13941870e+03, 4.71438080e+02, 6.30302250e-01,
       1.12779126e+03, 5.18485291e+02, 6.09244943e-01, 1.33676440e+03,
       5.77425415e+02, 6.99351549e-01, 1.52216223e+03, 6.45091064e+02,
       6.66068733e-01, 1.14242383e+03, 4.24303741e+02, 6.13911271e-01,
       1.33083813e+03, 3.65577881e+02, 5.91748893e-01, 1.55454810e+03,
       2.91927856e+02, 5.32660842e-01, 7.74614197e+02, 4.33135529e+02,
       6.09834373e-01, 7.68789490e+02, 4.09519531e+02, 4.28168833e-01,
       7.89212219e+02, 4.74326355e+02, 5.91577053e-01, 7.74585999e+02,
       3.89105164e+02, 6.13119677e-02, 1.63993921e+03, 2.41790192e+02,
       4.14758921e-01, 1.63992615e+03, 2.38890854e+02, 3.91440272e-01,
       1.58101147e+03, 2.77198364e+02, 2.27746874e-01, 1.60460193e+03,
       6.30402344e+02, 6.28520191e-01, 1.58990344e+03, 6.45150879e+02,
       6.13258421e-01, 1.53396399e+03, 6.62711426e+02, 4.01132762e-01 ]
