%YAML:1.0
---
pose_0: !!opencv-matrix
   rows: 1
   cols: 25
   dt: "3f"
   data: [ 0., 0., 0., 7.36316101e+02, 6.00917725e+02, 5.37987240e-02,
       0., 0., 0., 0., 0., 0., 0., 0., 0., 0., 0., 0., 0., 0., 0., 0.,
       0., 0., 1.04533826e+03, 6.74550659e+02, 2.88998961e-01,
       1.03356335e+03, 7.53987915e+02, 2.40262687e-01, 1.14838733e+03,
       8.33469971e+02, 6.82264268e-02, 0., 0., 0., 1.06299329e+03,
       6.09766296e+02, 2.68506616e-01, 1.34852527e+03, 7.03925964e+02,
       3.29365313e-01, 1.77817615e+03, 7.15704102e+02, 1.74035043e-01,
       0., 0., 0., 0., 0., 0., 0., 0., 0., 0., 0., 0., 1.84587561e+03,
       6.71603455e+02, 1.35614127e-01, 1.84586536e+03, 6.71558838e+02,
       1.34779200e-01, 1.79582178e+03, 7.39211304e+02, 1.62861973e-01,
       0., 0., 0., 0., 0., 0., 0., 0., 0. ]
