%YAML:1.0
---
pose_0: !!opencv-matrix
   rows: 1
   cols: 25
   dt: "3f"
   data: [ 4.56669006e+02, 5.47921936e+02, 3.54882002e-01,
       5.77355225e+02, 5.50892578e+02, 4.23274308e-01, 5.97939270e+02,
       6.33285156e+02, 2.93842852e-01, 7.65846252e+02, 7.48041382e+02,
       6.34525418e-01, 5.50944519e+02, 6.74546753e+02, 6.40033782e-01,
       5.53819702e+02, 4.77245453e+02, 3.57159197e-01, 8.06871643e+02,
       4.15532379e+02, 7.33474672e-01, 5.74412781e+02, 4.59614777e+02,
       7.43814766e-01, 1.04829907e+03, 5.53825378e+02, 3.15167993e-01,
       1.03064587e+03, 6.30387573e+02, 2.03844517e-01, 1.05119568e+03,
       6.92169861e+02, 1.38937473e-01, 0., 0., 0., 1.04829565e+03,
       4.80281494e+02, 3.20551336e-01, 1.33084778e+03, 4.36106079e+02,
       3.02512854e-01, 1.53977905e+03, 4.33154572e+02, 2.40163416e-01,
       4.27282745e+02, 5.53842712e+02, 3.12605262e-01, 4.30232361e+02,
       5.27308044e+02, 2.60050356e-01, 4.36128845e+02, 5.80401062e+02,
       1.83607146e-01, 4.65531464e+02, 4.89121735e+02, 2.59121269e-01,
       0., 0., 0., 0., 0., 0., 1.54574780e+03, 4.50791656e+02,
       1.46690935e-01, 0., 0., 0., 0., 0., 0., 0., 0., 0. ]
