%YAML:1.0
---
pose_0: !!opencv-matrix
   rows: 1
   cols: 25
   dt: "3f"
   data: [ 7.45176208e+02, 4.33084442e+02, 7.80723512e-01,
       8.80583435e+02, 4.53729034e+02, 3.98303866e-01, 8.74682678e+02,
       5.24415649e+02, 3.33319187e-01, 9.92338745e+02, 5.50872131e+02,
       3.58232319e-01, 1.02183691e+03, 5.33250854e+02, 1.81544796e-01,
       8.80501709e+02, 3.91937012e+02, 4.09708470e-01, 1.02770837e+03,
       3.44903198e+02, 7.87403166e-01, 1.07193372e+03, 2.68355042e+02,
       8.74706507e-01, 1.13652417e+03, 4.62584442e+02, 5.19640505e-01,
       1.12481177e+03, 5.15536926e+02, 5.29039204e-01, 1.33386206e+03,
       5.30193054e+02, 7.70589888e-01, 1.56334387e+03, 5.68528503e+02,
       6.22845888e-01, 1.13946643e+03, 4.09717194e+02, 5.60794234e-01,
       1.35732275e+03, 3.91948334e+02, 4.32159632e-01, 1.54274524e+03,
       3.88894684e+02, 6.48969769e-01, 7.36309631e+02, 4.44899261e+02,
       6.84015930e-01, 7.39162354e+02, 4.12667908e+02, 7.17191994e-01,
       7.59800903e+02, 4.74371674e+02, 4.24035490e-01, 7.62800293e+02,
       3.94857483e+02, 2.81872511e-01, 1.61631702e+03, 3.65424164e+02,
       5.29644787e-01, 1.61050293e+03, 3.59590820e+02, 5.21716118e-01,
       1.56927161e+03, 3.91945313e+02, 2.91190147e-01, 1.63389270e+03,
       5.59695679e+02, 4.96590614e-01, 1.62517285e+03, 5.74359375e+02,
       4.83020246e-01, 1.58695276e+03, 5.53882324e+02, 3.20236534e-01 ]
