%YAML:1.0
---
pose_0: !!opencv-matrix
   rows: 1
   cols: 25
   dt: "3f"
   data: [ 6.03984924e+02, 5.03784393e+02, 8.24481964e-01,
       7.65748047e+02, 5.21438904e+02, 6.38614178e-01, 7.74620483e+02,
       6.24453369e+02, 6.73522472e-01, 9.21710205e+02, 6.92076965e+02,
       7.84084797e-01, 1.03942822e+03, 7.06859009e+02, 7.77928293e-01,
       7.62836975e+02, 4.12527191e+02, 5.50367653e-01, 9.27719482e+02,
       3.42062958e+02, 7.22084761e-01, 1.02764722e+03, 2.71385559e+02,
       6.27618134e-01, 1.08947388e+03, 4.89127502e+02, 4.72444415e-01,
       1.08657373e+03, 5.50840332e+02, 4.87790763e-01, 1.37494653e+03,
       5.44938660e+02, 4.05073017e-01, 1.67226636e+03, 5.44933838e+02,
       3.73333901e-01, 1.08360950e+03, 4.30232117e+02, 4.66792345e-01,
       1.29846741e+03, 3.83040344e+02, 2.50939608e-01, 1.43094397e+03,
       3.62448517e+02, 8.91002268e-02, 5.89091492e+02, 5.21425659e+02,
       7.31340468e-01, 5.97854736e+02, 4.77217743e+02, 8.06558967e-01,
       6.00877136e+02, 5.50764160e+02, 2.54727513e-01, 6.33308960e+02,
       4.39095001e+02, 4.22879100e-01, 0., 0., 0., 0., 0., 0.,
       1.54861023e+03, 3.41943542e+02, 1.34744063e-01, 1.73707532e+03,
       5.30242065e+02, 2.95328200e-01, 1.72823962e+03, 5.44970886e+02,
       2.63690621e-01, 1.71638562e+03, 5.59682861e+02, 2.01869726e-01 ]
