%YAML:1.0
---
pose_0: !!opencv-matrix
   rows: 1
   cols: 25
   dt: "3f"
   data: [ 0., 0., 0., 8.45236694e+02, 5.12592468e+02, 7.04325616e-01,
       8.80564697e+02, 4.59736420e+02, 5.06865144e-01, 1.02774951e+03,
       4.33042786e+02, 7.31538057e-01, 1.08357886e+03, 3.65417297e+02,
       8.08698654e-01, 8.12927002e+02, 5.68570435e+02, 7.72829294e-01,
       9.68836609e+02, 6.24644165e+02, 8.27302933e-01, 1.11901563e+03,
       6.51061768e+02, 7.06828892e-01, 1.09239600e+03, 5.06725067e+02,
       4.60172057e-01, 1.10128723e+03, 4.68499573e+02, 5.13161600e-01,
       1.30731824e+03, 4.59709747e+02, 5.69535971e-01, 1.51041736e+03,
       5.21447815e+02, 3.03601921e-01, 1.07187488e+03, 5.56798279e+02,
       4.25640076e-01, 1.30142224e+03, 5.30191040e+02, 5.58765233e-01,
       1.51627466e+03, 5.86171875e+02, 3.11328411e-01, 0., 0., 0., 0.,
       0., 0., 7.77505798e+02, 4.74301605e+02, 1.74965680e-01,
       7.39183105e+02, 5.47890015e+02, 4.07201082e-01, 1.60744617e+03,
       5.51012268e+02, 6.14398532e-02, 0., 0., 0., 1.54278210e+03,
       5.95068359e+02, 2.51076460e-01, 1.60456384e+03, 4.65578369e+02,
       2.11551651e-01, 1.60162842e+03, 4.77331360e+02, 1.56630889e-01,
       1.56624695e+03, 5.86159973e+02, 1.28248379e-01 ]
