%YAML:1.0
---
pose_0: !!opencv-matrix
   rows: 1
   cols: 25
   dt: "3f"
   data: [ 7.68677307e+02, 4.65562531e+02, 8.24868798e-01,
       8.83537231e+02, 4.89037140e+02, 7.67624795e-01, 8.65859497e+02,
       5.56760376e+02, 7.09300697e-01, 9.74683289e+02, 6.21629761e+02,
       8.07754636e-01, 1.07474231e+03, 6.95114380e+02, 8.01169753e-01,
       8.98229065e+02, 4.30186066e+02, 6.60558164e-01, 1.03944983e+03,
       3.65494720e+02, 8.06589246e-01, 1.12485510e+03, 2.91728180e+02,
       8.12630117e-01, 1.14242358e+03, 4.74312531e+02, 5.95500946e-01,
       1.13957800e+03, 5.21460693e+02, 5.97743750e-01, 1.35133765e+03,
       5.47894409e+02, 6.95467234e-01, 1.55743677e+03, 5.62653076e+02,
       6.02648377e-01, 1.13953284e+03, 4.15533051e+02, 5.91579854e-01,
       1.33078113e+03, 4.18496735e+02, 7.16861129e-01, 1.56927979e+03,
       4.27230927e+02, 6.62451446e-01, 7.59782349e+02, 4.83234894e+02,
       8.37982833e-01, 7.59900452e+02, 4.53740295e+02, 8.77863288e-01,
       7.74570740e+02, 5.09747955e+02, 5.66519856e-01, 7.83372986e+02,
       4.30151672e+02, 6.93970084e-01, 1.63696619e+03, 4.18426727e+02,
       3.65760326e-01, 1.63401123e+03, 4.12524048e+02, 4.31067824e-01,
       1.59575171e+03, 4.27248566e+02, 2.54030824e-01, 1.60454443e+03,
       5.42058655e+02, 2.47011751e-01, 0., 0., 0., 1.58696399e+03,
       5.47950195e+02, 3.85159969e-01 ]
