%YAML:1.0
---
pose_0: !!opencv-matrix
   rows: 1
   cols: 25
   dt: "3f"
   data: [ 6.71684021e+02, 4.06556976e+02, 8.48521709e-01,
       7.89365479e+02, 4.59742188e+02, 6.41050756e-01, 8.09792480e+02,
       5.74423523e+02, 6.52101874e-01, 9.36505859e+02, 6.42097473e+02,
       7.34214187e-01, 1.06004126e+03, 7.24595642e+02, 7.85074890e-01,
       8.04024963e+02, 3.71402985e+02, 5.66269994e-01, 9.48239868e+02,
       3.12513794e+02, 7.39200771e-01, 1.02483643e+03, 2.56587097e+02,
       7.61256218e-01, 1.09538867e+03, 4.33204803e+02, 4.51888949e-01,
       1.09544519e+03, 4.86198792e+02, 4.32312161e-01, 1.33673352e+03,
       5.09691498e+02, 5.83642840e-01, 1.62807983e+03, 5.30340759e+02,
       4.89294469e-01, 1.08944897e+03, 3.71404480e+02, 4.53986913e-01,
       1.34557983e+03, 2.65420898e+02, 2.57954210e-01, 1.55454187e+03,
       1.68219772e+02, 3.22764933e-01, 6.53872437e+02, 4.15474670e+02,
       8.55824709e-01, 6.68545410e+02, 3.86052124e+02, 8.80679369e-01,
       6.68515442e+02, 4.56667389e+02, 7.52311409e-01, 0., 0., 0., 0.,
       0., 0., 0., 0., 0., 1.57220471e+03, 1.53596512e+02,
       2.92476177e-01, 1.72808105e+03, 5.47914917e+02, 2.80940503e-01,
       0., 0., 0., 1.63697119e+03, 5.21422607e+02, 3.38817418e-01 ]
