%YAML:1.0
---
pose_0: !!opencv-matrix
   rows: 1
   cols: 25
   dt: "3f"
   data: [ 7.42208435e+02, 4.89146362e+02, 8.12595665e-01,
       8.60006958e+02, 4.86086578e+02, 7.24485576e-01, 8.80591187e+02,
       5.65584351e+02, 6.02379203e-01, 9.98151489e+02, 6.36296204e+02,
       8.00283909e-01, 9.07016846e+02, 6.00968079e+02, 8.30851376e-01,
       8.42299622e+02, 4.21390747e+02, 6.00441694e-01, 9.33518799e+02,
       3.71396973e+02, 5.96445382e-01, 1.02194019e+03, 3.59565765e+02,
       8.88117373e-01, 1.14245825e+03, 5.12593323e+02, 5.11079669e-01,
       1.13958984e+03, 5.56834167e+02, 5.21642923e-01, 1.33670630e+03,
       5.68505005e+02, 3.60489458e-01, 1.49566382e+03, 5.77347839e+02,
       5.45129597e-01, 1.13949023e+03, 4.59594055e+02, 5.06739795e-01,
       1.34852661e+03, 4.80276947e+02, 5.91063678e-01, 1.57223206e+03,
       4.80131531e+02, 6.30243599e-01, 7.21696899e+02, 5.06653534e+02,
       7.22782612e-01, 7.33384277e+02, 4.74320251e+02, 7.58676648e-01,
       7.42306213e+02, 5.24277832e+02, 6.88900873e-02, 7.59763489e+02,
       4.41985809e+02, 5.29862881e-01, 1.63392517e+03, 4.42012421e+02,
       4.94416535e-01, 1.62227026e+03, 4.41939453e+02, 5.34626544e-01,
       1.60158044e+03, 4.92020538e+02, 3.00917506e-01, 1.49867041e+03,
       6.45139221e+02, 8.12090039e-02, 0., 0., 0., 1.53682214e+03,
       5.71476807e+02, 3.25445056e-01 ]
