%YAML:1.0
---
pose_0: !!opencv-matrix
   rows: 1
   cols: 25
   dt: "3f"
   data: [ 7.03963074e+02, 4.36144867e+02, 8.28486443e-01,
       8.33349243e+02, 4.80340149e+02, 7.43018627e-01, 8.30416687e+02,
       5.68496460e+02, 6.82078958e-01, 9.45296753e+02, 6.18552002e+02,
       7.89646983e-01, 1.07191589e+03, 6.42005981e+02, 8.20283294e-01,
       8.39302490e+02, 3.92052704e+02, 6.64832175e-01, 9.86495178e+02,
       3.74302643e+02, 7.54603326e-01, 1.11892932e+03, 3.41916382e+02,
       8.76351595e-01, 1.09237109e+03, 5.00899841e+02, 6.05206430e-01,
       1.08067639e+03, 5.47972473e+02, 5.83186448e-01, 1.31031738e+03,
       5.27391724e+02, 6.41641378e-01, 1.54273401e+03, 5.30283569e+02,
       5.07726371e-01, 1.09252039e+03, 4.47855286e+02, 5.80546200e-01,
       1.33379224e+03, 4.24348511e+02, 3.33883494e-01, 1.54570435e+03,
       4.53749420e+02, 3.91119599e-01, 6.92052307e+02, 4.56723083e+02,
       8.41401339e-01, 6.95036377e+02, 4.27244934e+02, 7.68925726e-01,
       7.09775635e+02, 4.86232605e+02, 6.58436835e-01, 7.18691833e+02,
       4.09697296e+02, 2.49220639e-01, 1.63392029e+03, 3.89103333e+02,
       4.92149144e-01, 1.63391943e+03, 3.89065887e+02, 4.55232352e-01,
       1.56632422e+03, 4.71409698e+02, 2.44029850e-01, 1.62222473e+03,
       5.27328979e+02, 3.40404838e-01, 1.61049841e+03, 5.39118408e+02,
       2.82580674e-01, 1.56927661e+03, 5.27344421e+02, 2.14348719e-01 ]
