%YAML:1.0
---
pose_0: !!opencv-matrix
   rows: 1
   cols: 25
   dt: "3f"
   data: [ 7.53958313e+02, 3.92046173e+02, 8.43040049e-01,
       8.59886902e+02, 3.91976563e+02, 7.57225752e-01, 8.56887268e+02,
       4.59737457e+02, 6.18220747e-01, 9.98202759e+02, 4.97874359e+02,
       6.37549937e-01, 1.07484119e+03, 5.77287170e+02, 8.39940846e-01,
       8.77478088e+02, 3.18294281e+02, 7.31395185e-01, 1.00711310e+03,
       2.86026306e+02, 7.82147408e-01, 1.09844128e+03, 2.44891251e+02,
       8.70558381e-01, 1.13654077e+03, 4.12569366e+02, 5.77920556e-01,
       1.12484375e+03, 4.59603851e+02, 5.90829253e-01, 1.35151843e+03,
       5.30205322e+02, 7.44954109e-01, 1.54574170e+03, 5.74341064e+02,
       6.89241052e-01, 1.13948706e+03, 3.62503815e+02, 5.29730976e-01,
       1.36025317e+03, 3.41823608e+02, 5.79953074e-01, 1.56630554e+03,
       3.09526306e+02, 5.97794056e-01, 7.39146729e+02, 4.09615295e+02,
       8.42386842e-01, 7.42223389e+02, 3.77206329e+02, 8.51232767e-01,
       7.53945923e+02, 4.33076599e+02, 3.10491621e-01, 7.65869507e+02,
       3.50690308e+02, 5.54137647e-01, 1.63988928e+03, 2.88918671e+02,
       3.78186136e-01, 1.63407910e+03, 2.80154449e+02, 3.96772206e-01,
       1.59577197e+03, 2.97812134e+02, 2.41917625e-01, 1.61043433e+03,
       6.01014832e+02, 3.21539849e-01, 1.61048413e+03, 6.00851929e+02,
       3.92011702e-01, 1.57805725e+03, 5.56773071e+02, 4.06801701e-01 ]
