%YAML:1.0
---
pose_0: !!opencv-matrix
   rows: 1
   cols: 25
   dt: "3f"
   data: [ 7.03944763e+02, 4.83339172e+02, 8.38405013e-01,
       8.15809387e+02, 5.09662720e+02, 7.59979784e-01, 8.15738037e+02,
       5.92055176e+02, 7.34982967e-01, 9.15861511e+02, 6.68598694e+02,
       7.21679032e-01, 9.89449890e+02, 6.68470947e+02, 6.28943145e-01,
       8.12830566e+02, 4.36106720e+02, 6.62642360e-01, 9.80621704e+02,
       4.12626251e+02, 8.58231962e-01, 8.56993958e+02, 4.18429352e+02,
       7.93236911e-01, 1.09250696e+03, 5.12670166e+02, 5.34313142e-01,
       1.09238464e+03, 5.56860474e+02, 5.69612145e-01, 1.31613574e+03,
       5.74454895e+02, 7.38561690e-01, 1.57221912e+03, 5.86182556e+02,
       5.26032329e-01, 1.09243970e+03, 4.56788116e+02, 5.61616778e-01,
       1.37496729e+03, 4.56709167e+02, 6.07710361e-01, 1.56046033e+03,
       4.71391327e+02, 5.25283337e-01, 6.92094482e+02, 5.06627625e+02,
       8.46579134e-01, 6.92237732e+02, 4.65612793e+02, 7.99890101e-01,
       7.12747681e+02, 5.30376038e+02, 5.52144468e-01, 7.18712463e+02,
       4.42057709e+02, 4.83186513e-01, 1.63105920e+03, 4.42008759e+02,
       4.20417339e-01, 1.62225696e+03, 4.41960205e+02, 4.48984385e-01,
       1.59869324e+03, 4.94952332e+02, 2.25927711e-01, 1.66042590e+03,
       5.77386963e+02, 3.56347799e-01, 1.65752783e+03, 5.92106018e+02,
       3.08646113e-01, 1.61335022e+03, 5.59703796e+02, 2.55861312e-01 ]
