%YAML:1.0
---
pose_0: !!opencv-matrix
   rows: 1
   cols: 25
   dt: "3f"
   data: [ 6.65714172e+02, 4.83202820e+02, 8.71026397e-01,
       7.89257629e+02, 4.89054840e+02, 7.17017233e-01, 7.98115051e+02,
       5.83262878e+02, 6.14290893e-01, 9.24717773e+02, 6.33271484e+02,
       7.34340370e-01, 1.01591205e+03, 6.47960388e+02, 7.84086585e-01,
       7.89314819e+02, 4.06627838e+02, 6.10597730e-01, 9.36497009e+02,
       3.47804382e+02, 7.12636054e-01, 1.07476868e+03, 3.00770142e+02,
       7.96638072e-01, 1.04238989e+03, 5.18499756e+02, 5.47228932e-01,
       1.02771960e+03, 5.71448364e+02, 5.59758604e-01, 1.30428210e+03,
       5.86219238e+02, 5.01221418e-01, 1.56921387e+03, 6.12727112e+02,
       5.64278722e-01, 1.04536963e+03, 4.56800354e+02, 5.57877123e-01,
       1.31612891e+03, 4.59560059e+02, 5.27944088e-01, 1.53983350e+03,
       4.44880737e+02, 5.44578075e-01, 6.48070496e+02, 5.00859009e+02,
       7.91166484e-01, 6.51030273e+02, 4.62530579e+02, 7.97684073e-01,
       6.71469788e+02, 5.24296692e+02, 4.84893680e-01, 6.74472107e+02,
       4.33247162e+02, 5.86354256e-01, 1.67516467e+03, 4.36027588e+02,
       4.15444851e-01, 1.66930872e+03, 4.27307098e+02, 4.03250515e-01,
       1.56039795e+03, 4.36124176e+02, 2.86426485e-01, 1.66049463e+03,
       5.71514709e+02, 5.70175171e-01, 1.65166333e+03, 5.86190918e+02,
       4.56740230e-01, 1.58695337e+03, 6.21458191e+02, 2.88473308e-01 ]
