%YAML:1.0
---
pose_0: !!opencv-matrix
   rows: 1
   cols: 25
   dt: "3f"
   data: [ 7.15666809e+02, 6.01008667e+02, 9.03998017e-01,
       8.33368286e+02, 5.86161133e+02, 7.25009620e-01, 8.09961792e+02,
       6.48062744e+02, 6.41082227e-01, 9.92336548e+02, 6.47919922e+02,
       5.58607221e-01, 1.07776050e+03, 7.15620117e+02, 7.96811461e-01,
       8.45227051e+02, 5.27265076e+02, 7.09808171e-01, 9.92386719e+02,
       4.80331818e+02, 7.43103027e-01, 1.14537842e+03, 4.44980743e+02,
       7.95544326e-01, 1.12478210e+03, 6.18539368e+02, 5.99962115e-01,
       1.11604114e+03, 6.65632751e+02, 6.34933710e-01, 1.30423901e+03,
       7.86369385e+02, 8.33667755e-01, 1.40145020e+03, 6.77434998e+02,
       2.65889376e-01, 1.13945862e+03, 5.71397156e+02, 5.94176531e-01,
       1.30423547e+03, 6.48030090e+02, 7.78390825e-01, 1.59870886e+03,
       6.80363098e+02, 4.50512081e-01, 6.95204956e+02, 6.18502563e+02,
       8.34432125e-01, 7.01063049e+02, 5.80328430e+02, 8.18135142e-01,
       7.15549194e+02, 6.30311951e+02, 1.57992885e-01, 7.24608276e+02,
       5.53970703e+02, 6.15264475e-01, 1.66059729e+03, 6.45098083e+02,
       3.44033480e-01, 1.66045825e+03, 6.45094177e+02, 3.49918336e-01,
       1.62517578e+03, 6.83357300e+02, 1.92459911e-01, 1.42202063e+03,
       6.95055115e+02, 6.29541427e-02, 0., 0., 0., 1.42205603e+03,
       6.74536377e+02, 8.17932263e-02 ]
