%YAML:1.0
---
pose_0: !!opencv-matrix
   rows: 1
   cols: 25
   dt: "3f"
   data: [ 7.48085571e+02, 5.53740723e+02, 8.51865411e-01,
       8.33424316e+02, 5.03742310e+02, 6.31112337e-01, 8.21687378e+02,
       5.50937439e+02, 4.04565573e-01, 0., 0., 0., 0., 0., 0.,
       8.42331909e+02, 4.53768860e+02, 6.46632671e-01, 9.74658936e+02,
       4.44925629e+02, 7.95412421e-01, 1.08358606e+03, 4.68468719e+02,
       7.55186796e-01, 1.11596863e+03, 5.62643494e+02, 4.73536998e-01,
       1.11301880e+03, 6.12717896e+02, 4.66739446e-01, 1.32201794e+03,
       6.21635437e+02, 8.15480471e-01, 1.55744910e+03, 6.71531860e+02,
       6.97057784e-01, 1.11891895e+03, 5.06765350e+02, 4.71874952e-01,
       1.33377771e+03, 4.83232269e+02, 7.01367915e-01, 1.56922021e+03,
       4.53675690e+02, 5.71344078e-01, 7.39195251e+02, 5.56784668e+02,
       5.86056113e-01, 7.42084229e+02, 5.36140198e+02, 8.14914405e-01,
       0., 0., 0., 7.48143005e+02, 4.97928833e+02, 5.76232731e-01,
       1.63985925e+03, 4.33115082e+02, 4.18338954e-01, 1.63405359e+03,
       4.27301117e+02, 4.65175748e-01, 1.61042249e+03, 4.56697388e+02,
       2.66128898e-01, 1.62225061e+03, 6.56891541e+02, 5.15788972e-01,
       1.61336536e+03, 6.71554565e+02, 4.75454330e-01, 1.57221533e+03,
       6.74557800e+02, 3.60140651e-01 ]
