%YAML:1.0
---
pose_0: !!opencv-matrix
   rows: 1
   cols: 25
   dt: "3f"
   data: [ 7.56882813e+02, 5.44971497e+02, 1.30808890e-01,
       8.04005859e+02, 4.59761566e+02, 5.18108130e-01, 7.98091553e+02,
       4.53772858e+02, 3.91103059e-01, 0., 0., 0., 0., 0., 0.,
       8.03960999e+02, 4.71393158e+02, 5.83154082e-01, 9.45255066e+02,
       4.33233063e+02, 4.88850057e-01, 1.10128528e+03, 4.39042358e+02,
       3.84840816e-01, 1.08946082e+03, 4.91980927e+02, 1.91907600e-01,
       1.07478845e+03, 5.00855286e+02, 1.50422379e-01, 1.33088586e+03,
       5.30224182e+02, 4.63928133e-01, 1.55456934e+03, 4.59568817e+02,
       4.13483083e-01, 1.09834399e+03, 4.83169586e+02, 1.93888336e-01,
       1.34262146e+03, 5.44936523e+02, 5.51788986e-01, 1.58392651e+03,
       4.71414459e+02, 3.83501828e-01, 0., 0., 0., 7.51023926e+02,
       5.30230957e+02, 1.53182164e-01, 0., 0., 0., 7.39214172e+02,
       4.83260529e+02, 2.97277898e-01, 1.66043872e+03, 4.21430603e+02,
       2.58037478e-01, 1.65759497e+03, 4.21388031e+02, 2.53804475e-01,
       1.65162659e+03, 5.00834656e+02, 1.28199890e-01, 0., 0., 0., 0.,
       0., 0., 1.56930554e+03, 4.15578033e+02, 1.52819291e-01 ]
