%YAML:1.0
---
pose_0: !!opencv-matrix
   rows: 1
   cols: 25
   dt: "3f"
   data: [ 7.65748657e+02, 4.36202850e+02, 8.74854863e-01,
       8.68781006e+02, 4.30124634e+02, 6.97466493e-01, 8.60034607e+02,
       4.94945679e+02, 7.09804237e-01, 9.74585449e+02, 5.06811493e+02,
       8.78524244e-01, 8.80400330e+02, 4.33190796e+02, 8.80601466e-01,
       8.74676575e+02, 3.62473938e+02, 6.31507874e-01, 1.00425964e+03,
       2.94848389e+02, 8.01181078e-01, 9.07041626e+02, 2.86043457e+02,
       7.62132704e-01, 1.12190759e+03, 4.56770996e+02, 6.31855488e-01,
       1.11596313e+03, 5.03883850e+02, 6.63186669e-01, 1.30436267e+03,
       5.65605042e+02, 7.35491514e-01, 1.49269519e+03, 6.01029968e+02,
       5.71674109e-01, 1.13368591e+03, 4.09561707e+02, 6.05894625e-01,
       1.32784753e+03, 4.27293762e+02, 7.46680021e-01, 1.55749048e+03,
       4.27234009e+02, 6.08438611e-01, 7.56888489e+02, 4.53805969e+02,
       7.87433743e-01, 7.53991211e+02, 4.21336700e+02, 7.76561260e-01,
       7.68774414e+02, 4.65568512e+02, 1.95191428e-01, 7.65887085e+02,
       3.91983337e+02, 5.88683426e-01, 1.61335852e+03, 4.00743408e+02,
       4.67514187e-01, 1.60756018e+03, 3.94915863e+02, 5.24323761e-01,
       1.58699536e+03, 4.33155334e+02, 3.89395297e-01, 1.56633582e+03,
       6.06849426e+02, 2.58051008e-01, 1.56040088e+03, 6.24406250e+02,
       2.20949784e-01, 1.52514233e+03, 6.00890320e+02, 2.40205720e-01 ]
