%YAML:1.0
---
pose_0: !!opencv-matrix
   rows: 1
   cols: 25
   dt: "3f"
   data: [ 7.42206604e+02, 5.30264771e+02, 8.29745650e-01,
       8.33465942e+02, 5.03699768e+02, 7.13445187e-01, 8.59977905e+02,
       5.80354370e+02, 5.55899501e-01, 9.92393799e+02, 6.06809998e+02,
       5.35014451e-01, 1.09836133e+03, 6.74512878e+02, 6.26510918e-01,
       8.12783691e+02, 4.33181274e+02, 5.56735873e-01, 6.86285950e+02,
       3.74322174e+02, 6.31552517e-01, 5.62656555e+02, 3.62394653e+02,
       6.38324261e-01, 1.09832434e+03, 5.47988464e+02, 5.14412999e-01,
       1.10132227e+03, 5.97949951e+02, 5.26085377e-01, 1.33082422e+03,
       6.50913330e+02, 7.19920039e-01, 1.53979309e+03, 6.86275391e+02,
       6.00131512e-01, 1.09543433e+03, 5.00793579e+02, 4.83083725e-01,
       1.31906909e+03, 4.56787872e+02, 4.77541983e-01, 1.45741797e+03,
       3.62560150e+02, 1.09113522e-01, 7.24599243e+02, 5.39075256e+02,
       7.11594939e-01, 7.36272583e+02, 5.06733459e+02, 7.37102747e-01,
       0., 0., 0., 7.59815308e+02, 4.68504700e+02, 5.49860597e-01,
       1.52806042e+03, 3.41940582e+02, 7.02421591e-02, 1.51920984e+03,
       3.38929138e+02, 8.04242641e-02, 0., 0., 0., 1.59278052e+03,
       7.33312805e+02, 3.34705025e-01, 1.59275769e+03, 7.27481323e+02,
       3.48437667e-01, 1.56923560e+03, 6.71586853e+02, 4.08173352e-01 ]
