%YAML:1.0
---
pose_0: !!opencv-matrix
   rows: 2
   cols: 25
   dt: "3f"
   data: [ 0., 0., 0., 0., 0., 0., 7.95202026e+02, 7.21620483e+02,
       1.05354257e-01, 8.83522156e+02, 7.77538940e+02, 2.54965186e-01,
       1.02172076e+03, 8.42283997e+02, 4.12507415e-01, 0., 0., 0., 0.,
       0., 0., 0., 0., 0., 0., 0., 0., 0., 0., 0., 0., 0., 0., 0., 0.,
       0., 0., 0., 0., 0., 0., 0., 0., 0., 0., 0., 0., 0., 0., 0., 0.,
       0., 0., 0., 0., 0., 0., 0., 0., 0., 0., 0., 0., 0., 0., 0., 0.,
       0., 0., 0., 0., 0., 0., 0., 0., 0., 0., 0., 6.86285706e+02,
       5.74446533e+02, 6.95731416e-02, 0., 0., 0., 0., 0., 0., 0., 0.,
       0., 5.77315063e+02, 5.80375732e+02, 9.57962573e-02,
       5.36143616e+02, 5.92110596e+02, 1.60020173e-01, 0., 0., 0.,
       1.02476501e+03, 5.86203552e+02, 1.37999371e-01, 1.07184656e+03,
       6.48012817e+02, 1.40597776e-01, 1.11896069e+03, 6.71494446e+02,
       6.13978170e-02, 1.63699292e+03, 6.03921509e+02, 2.58435220e-01,
       1.01004272e+03, 5.33218262e+02, 1.44868985e-01, 1.34850061e+03,
       3.83113525e+02, 2.73967147e-01, 1.46330750e+03, 2.91957153e+02,
       1.75352454e-01, 0., 0., 0., 0., 0., 0., 0., 0., 0., 0., 0., 0.,
       0., 0., 0., 0., 0., 0., 0., 0., 0., 1.72522253e+03,
       5.77340942e+02, 8.83232653e-02, 0., 0., 0., 1.66046887e+03,
       5.95028503e+02, 1.47705764e-01 ]
