%YAML:1.0
---
pose_0: !!opencv-matrix
   rows: 1
   cols: 25
   dt: "3f"
   data: [ 0., 0., 0., 8.77568726e+02, 5.12669312e+02, 1.77111655e-01,
       0., 0., 0., 0., 0., 0., 0., 0., 0., 0., 0., 0., 0., 0., 0., 0.,
       0., 0., 1.14839978e+03, 5.95051208e+02, 4.50156182e-01,
       1.13957092e+03, 6.21588806e+02, 4.47113752e-01, 1.37504675e+03,
       5.09664520e+02, 8.00360858e-01, 1.61342822e+03, 7.09798035e+02,
       5.79265118e-01, 1.16311536e+03, 5.56749634e+02, 3.02885950e-01,
       1.36326453e+03, 4.65520325e+02, 7.09071279e-01, 1.56330542e+03,
       5.74474915e+02, 4.84701246e-01, 0., 0., 0., 0., 0., 0., 0., 0.,
       0., 0., 0., 0., 1.59864844e+03, 5.12627502e+02, 2.38468513e-01,
       1.58995801e+03, 5.15574829e+02, 2.41287276e-01, 1.57814368e+03,
       6.00884949e+02, 2.14656010e-01, 1.68395007e+03, 7.27489014e+02,
       4.87637430e-01, 1.66054932e+03, 7.42147339e+02, 5.36956370e-01,
       1.61641931e+03, 7.30397827e+02, 3.04383457e-01 ]
