%YAML:1.0
---
pose_0: !!opencv-matrix
   rows: 1
   cols: 25
   dt: "3f"
   data: [ 7.59794006e+02, 5.74387939e+02, 8.94338369e-01,
       8.60078064e+02, 5.68471130e+02, 7.20107079e-01, 8.59876587e+02,
       6.27410583e+02, 6.29875064e-01, 9.95254578e+02, 6.95059631e+02,
       6.32728279e-01, 1.14248584e+03, 7.36231934e+02, 7.95284271e-01,
       8.74626648e+02, 4.89102539e+02, 6.48569107e-01, 1.00708820e+03,
       4.53726746e+02, 7.10638463e-01, 1.13938342e+03, 4.03773773e+02,
       7.95129657e-01, 1.11604004e+03, 5.95072144e+02, 6.25362515e-01,
       1.11298108e+03, 6.45023376e+02, 5.96550584e-01, 1.31317163e+03,
       6.47946838e+02, 7.61788368e-01, 1.54575989e+03, 6.62771912e+02,
       6.36360765e-01, 1.11893860e+03, 5.42079163e+02, 5.93534291e-01,
       1.31322729e+03, 5.27376587e+02, 7.50103474e-01, 1.52222510e+03,
       4.53715729e+02, 6.34944975e-01, 7.39362610e+02, 5.80432495e+02,
       8.49072695e-01, 7.45217102e+02, 5.50912292e+02, 8.68483901e-01,
       7.59904663e+02, 6.01043213e+02, 3.36600751e-01, 7.71613525e+02,
       5.24380432e+02, 6.19114399e-01, 1.62809119e+03, 4.44928589e+02,
       4.14566725e-01, 1.62223853e+03, 4.36093781e+02, 3.81967485e-01,
       1.53985144e+03, 4.30193481e+02, 1.84276462e-01, 1.63385779e+03,
       6.56885132e+02, 3.92833471e-01, 1.61931189e+03, 6.74536926e+02,
       3.56143653e-01, 1.57219397e+03, 6.48093994e+02, 3.72577012e-01 ]
