%YAML:1.0
---
pose_0: !!opencv-matrix
   rows: 1
   cols: 25
   dt: "3f"
   data: [ 7.03949280e+02, 5.30285461e+02, 8.47576439e-01,
       8.24564331e+02, 5.27233398e+02, 6.76020086e-01, 8.33428467e+02,
       6.03848633e+02, 4.44387674e-01, 9.36421326e+02, 7.21593445e+02,
       5.93531072e-01, 8.98176575e+02, 6.71562805e+02, 7.81179741e-02,
       8.36313354e+02, 4.33244659e+02, 7.40239143e-01, 9.74674805e+02,
       3.86136047e+02, 8.22240889e-01, 1.07185474e+03, 4.09661530e+02,
       8.83571982e-01, 1.09247485e+03, 5.68588074e+02, 5.99049151e-01,
       1.07776245e+03, 6.18603760e+02, 5.94285548e-01, 1.31026074e+03,
       6.47915894e+02, 3.24825019e-01, 1.59279370e+03, 6.42180908e+02,
       3.24533463e-01, 1.10124475e+03, 5.06784943e+02, 5.76404572e-01,
       1.31609863e+03, 5.42034058e+02, 6.64650798e-01, 1.59868018e+03,
       5.33295105e+02, 2.91610807e-01, 6.92081848e+02, 5.50837769e+02,
       8.35843086e-01, 6.92171326e+02, 5.09696564e+02, 8.40449870e-01,
       7.12699219e+02, 5.68582520e+02, 3.31397593e-01, 7.18578003e+02,
       4.83254456e+02, 5.96112370e-01, 1.73704773e+03, 5.00876923e+02,
       2.22176135e-01, 1.73705115e+03, 5.03707855e+02, 2.55606174e-01,
       1.61632764e+03, 5.50888062e+02, 1.88879773e-01, 1.66347900e+03,
       6.42145935e+02, 1.94652751e-01, 1.65457837e+03, 6.50974060e+02,
       1.82453200e-01, 1.64872925e+03, 6.42067017e+02, 1.91051438e-01 ]
