%YAML:1.0
---
pose_0: !!opencv-matrix
   rows: 1
   cols: 25
   dt: "3f"
   data: [ 7.18698486e+02, 5.06884277e+02, 7.14394867e-01,
       8.12786804e+02, 4.41975433e+02, 5.21209657e-01, 7.95154175e+02,
       4.80321777e+02, 3.59434247e-01, 1.02478723e+03, 5.03815674e+02,
       2.60227680e-01, 1.12776367e+03, 5.77412598e+02, 5.44440150e-01,
       8.30461487e+02, 4.12479553e+02, 5.52131355e-01, 9.48249756e+02,
       3.86060791e+02, 4.92819369e-01, 1.10129980e+03, 3.47796692e+02,
       4.89051640e-01, 1.12776025e+03, 4.24323181e+02, 3.18552881e-01,
       1.11897791e+03, 4.33190948e+02, 2.91646540e-01, 1.35731641e+03,
       4.80324341e+02, 2.83115715e-01, 1.56923511e+03, 4.24308228e+02,
       3.61467630e-01, 1.14247241e+03, 4.09611298e+02, 2.38466069e-01,
       1.36025024e+03, 4.91993500e+02, 3.58871698e-01, 1.58688940e+03,
       4.21415558e+02, 1.95442781e-01, 7.06859924e+02, 5.03891724e+02,
       3.07248890e-01, 7.15758484e+02, 4.86172699e+02, 6.91368997e-01,
       0., 0., 0., 7.39120056e+02, 4.39093842e+02, 5.82449973e-01, 0.,
       0., 0., 0., 0., 0., 0., 0., 0., 0., 0., 0., 0., 0., 0.,
       1.58103857e+03, 4.18447998e+02, 8.78724605e-02 ]
