%YAML:1.0
---
pose_0: !!opencv-matrix
   rows: 1
   cols: 25
   dt: "3f"
   data: [ 7.83389160e+02, 5.03747772e+02, 8.94681513e-01,
       8.65784302e+02, 5.06758301e+02, 6.54927671e-01, 8.74589172e+02,
       5.59701294e+02, 6.21202648e-01, 9.51062988e+02, 5.39167969e+02,
       7.82315195e-01, 9.54248169e+02, 4.09531830e+02, 7.58660197e-01,
       8.57015442e+02, 4.53728882e+02, 5.41059732e-01, 9.98269714e+02,
       3.74298401e+02, 6.67986751e-01, 1.11598535e+03, 3.03679840e+02,
       8.02630186e-01, 1.11005664e+03, 4.80256592e+02, 6.06146812e-01,
       1.10422986e+03, 5.24440613e+02, 6.16400480e-01, 1.32797070e+03,
       5.50945313e+02, 6.93552077e-01, 1.51632446e+03, 5.27424866e+02,
       5.75424790e-01, 1.10716223e+03, 4.33081726e+02, 6.00571096e-01,
       1.21613293e+03, 4.39045410e+02, 7.04232037e-01, 1.41326428e+03,
       4.30197662e+02, 3.24238747e-01, 7.65869751e+02, 5.09799316e+02,
       8.17284584e-01, 7.71604004e+02, 4.83251648e+02, 8.37866962e-01,
       7.86292175e+02, 5.33292236e+02, 6.63537562e-01, 7.89364136e+02,
       4.62691711e+02, 5.28336227e-01, 1.52509119e+03, 4.59557678e+02,
       1.22145928e-01, 0., 0., 0., 1.49566602e+03, 4.44908783e+02,
       1.85030535e-01, 1.58676440e+03, 5.18504456e+02, 2.39851892e-01,
       1.57512109e+03, 5.30327026e+02, 2.33180836e-01, 1.54863037e+03,
       5.12658691e+02, 2.42555931e-01 ]
