%YAML:1.0
---
pose_0: !!opencv-matrix
   rows: 1
   cols: 25
   dt: "3f"
   data: [ 6.21540161e+02, 5.06718384e+02, 9.01990712e-01,
       7.62784607e+02, 5.47893860e+02, 7.13547945e-01, 7.62737915e+02,
       6.44923462e+02, 7.43911386e-01, 8.86413025e+02, 6.86295715e+02,
       6.66009665e-01, 9.68817139e+02, 6.92084595e+02, 6.76811099e-01,
       7.68663574e+02, 4.50782684e+02, 5.11108577e-01, 9.27547913e+02,
       3.53677917e+02, 7.77030468e-01, 8.45260864e+02, 3.88907837e+02,
       7.09857345e-01, 1.06005334e+03, 5.33310486e+02, 5.12318611e-01,
       1.05122974e+03, 5.94968079e+02, 5.17330050e-01, 1.30140515e+03,
       6.06778198e+02, 3.27045530e-01, 1.58987646e+03, 5.95094727e+02,
       2.84259230e-01, 1.06004797e+03, 4.77250885e+02, 5.35260201e-01,
       1.28672852e+03, 5.03843750e+02, 5.44645965e-01, 1.62518835e+03,
       5.27227661e+02, 2.81995952e-01, 6.03815552e+02, 5.27321899e+02,
       8.49889278e-01, 6.09787048e+02, 4.86092865e+02, 8.23717475e-01,
       6.24387451e+02, 5.59711060e+02, 6.12177372e-01, 6.42119019e+02,
       4.65556335e+02, 5.21564782e-01, 1.69877087e+03, 6.09727844e+02,
       7.90903419e-02, 0., 0., 0., 1.64577710e+03, 5.39100342e+02,
       1.67183623e-01, 1.70170642e+03, 6.03911316e+02, 2.66367644e-01,
       1.68403809e+03, 6.18595520e+02, 2.52187788e-01, 1.68409937e+03,
       5.98010254e+02, 1.58433139e-01 ]
