%YAML:1.0
---
pose_0: !!opencv-matrix
   rows: 2
   cols: 25
   dt: "3f"
   data: [ 7.36291138e+02, 4.33283234e+02, 8.84653568e-01,
       7.80458496e+02, 4.94969147e+02, 4.69933450e-01, 7.39152039e+02,
       5.21403931e+02, 4.38597381e-01, 6.71535156e+02, 4.89075073e+02,
       4.18368042e-01, 6.77499207e+02, 4.42024139e+02, 2.27901489e-01,
       7.92277893e+02, 4.56710999e+02, 4.57719505e-01, 8.80586853e+02,
       4.33133240e+02, 1.40804753e-01, 0., 0., 0., 1.10715039e+03,
       4.74306671e+02, 5.08862734e-01, 1.10714624e+03, 5.27278198e+02,
       5.60884833e-01, 1.30724634e+03, 5.44945068e+02, 3.20727766e-01,
       1.55746277e+03, 5.53765442e+02, 3.56386662e-01, 1.10712585e+03,
       4.12518738e+02, 5.42554438e-01, 1.33672998e+03, 4.33091248e+02,
       6.16190434e-01, 1.57805908e+03, 4.27246460e+02, 5.06095171e-01,
       7.12788940e+02, 4.41992310e+02, 8.03313136e-01, 7.18790100e+02,
       4.21418243e+02, 5.15071571e-01, 7.12736694e+02, 4.80253693e+02,
       6.34908557e-01, 0., 0., 0., 1.59278882e+03, 4.83245514e+02,
       6.43134862e-02, 1.59869202e+03, 4.80253021e+02, 8.31962973e-02,
       1.60748572e+03, 4.18471680e+02, 2.81029075e-01, 1.64282605e+03,
       5.68562073e+02, 3.09622228e-01, 1.63402844e+03, 5.74450562e+02,
       2.87414938e-01, 1.58102161e+03, 5.47893250e+02, 2.59734452e-01,
       0., 0., 0., 0., 0., 0., 8.33350220e+02, 6.15671448e+02,
       5.88902652e-01, 9.42380981e+02, 6.53936096e+02, 7.51927555e-01,
       1.02483582e+03, 6.68538635e+02, 8.42487693e-01, 0., 0., 0., 0.,
       0., 0., 0., 0., 0., 0., 0., 0., 0., 0., 0., 0., 0., 0., 0., 0.,
       0., 0., 0., 0., 0., 0., 0., 0., 0., 0., 0., 0., 0., 0., 0., 0.,
       0., 0., 0., 0., 0., 0., 0., 0., 0., 0., 0., 0., 0., 0., 0., 0.,
       0., 0., 0., 0., 0., 0., 0., 0. ]
