%YAML:1.0
---
pose_0: !!opencv-matrix
   rows: 1
   cols: 25
   dt: "3f"
   data: [ 0., 0., 0., 1.00124518e+03, 5.59750671e+02, 1.33705288e-01,
       0., 0., 0., 0., 0., 0., 0., 0., 0., 9.98250366e+02,
       5.50877319e+02, 5.11417277e-02, 0., 0., 0., 0., 0., 0.,
       1.16899341e+03, 5.80296082e+02, 4.09542173e-01, 1.16604407e+03,
       6.09766479e+02, 3.43907893e-01, 1.38090759e+03, 5.06795776e+02,
       8.09895873e-01, 1.61336011e+03, 7.09760437e+02, 5.57765305e-01,
       1.17781409e+03, 5.36213867e+02, 3.12488645e-01, 1.35444604e+03,
       4.62708008e+02, 6.27930820e-01, 1.56642712e+03, 5.77480469e+02,
       5.05325258e-01, 0., 0., 0., 0., 0., 0., 0., 0., 0., 0., 0., 0.,
       1.60749109e+03, 5.03751099e+02, 2.41317928e-01, 1.59580298e+03,
       5.06721558e+02, 2.34745547e-01, 1.58698157e+03, 6.03845215e+02,
       2.96724379e-01, 1.66054846e+03, 7.27441528e+02, 2.95872509e-01,
       1.64580908e+03, 7.39190796e+02, 3.42994571e-01, 1.62521436e+03,
       7.24517090e+02, 3.43653947e-01 ]
