%YAML:1.0
---
pose_0: !!opencv-matrix
   rows: 1
   cols: 25
   dt: "3f"
   data: [ 0., 0., 0., 7.15695740e+02, 5.06730194e+02, 1.68789029e-01,
       0., 0., 0., 0., 0., 0., 0., 0., 0., 7.06896973e+02,
       4.18469055e+02, 1.83490589e-01, 8.74646545e+02, 3.39011078e+02,
       7.65136063e-01, 7.42189575e+02, 3.03640259e+02, 7.66268492e-01,
       1.02178259e+03, 5.59690430e+02, 2.09726661e-01, 1.06302271e+03,
       5.09646942e+02, 2.04309464e-01, 1.39268823e+03, 5.74472839e+02,
       3.41936797e-01, 1.73109399e+03, 5.47842834e+02, 2.90283084e-01,
       1.00420227e+03, 6.48025208e+02, 1.66737139e-01, 1.33382666e+03,
       8.18752563e+02, 1.98983997e-01, 1.60158716e+03, 9.68821716e+02,
       1.67751089e-01, 0., 0., 0., 0., 0., 0., 0., 0., 0., 0., 0., 0.,
       1.63109961e+03, 9.48224426e+02, 7.31316209e-02, 1.63404712e+03,
       9.48164429e+02, 7.86143690e-02, 1.61345728e+03, 9.74782715e+02,
       1.80598602e-01, 1.81945813e+03, 5.03785583e+02, 6.13405257e-02,
       0., 0., 0., 0., 0., 0. ]
