%YAML:1.0
---
pose_0: !!opencv-matrix
   rows: 1
   cols: 25
   dt: "3f"
   data: [ 7.65786072e+02, 3.65512390e+02, 8.79701376e-01,
       8.68716431e+02, 3.65476990e+02, 7.36414492e-01, 8.45175781e+02,
       4.30157471e+02, 5.97158551e-01, 9.98324585e+02, 5.06658844e+02,
       4.86494839e-01, 1.11009766e+03, 5.27239929e+02, 6.11863434e-01,
       9.01133484e+02, 3.00761749e+02, 6.78599000e-01, 1.00133643e+03,
       2.30037186e+02, 7.93367028e-01, 1.02173547e+03, 1.09496765e+02,
       7.99738050e-01, 1.12187219e+03, 3.80200684e+02, 5.67055523e-01,
       1.11900354e+03, 4.27261719e+02, 5.80709517e-01, 1.35435681e+03,
       4.65590881e+02, 7.67020047e-01, 1.54272180e+03, 5.68548706e+02,
       6.19197249e-01, 1.12189990e+03, 3.33046967e+02, 5.38963199e-01,
       1.27494202e+03, 3.12493103e+02, 1.90731958e-01, 0., 0., 0.,
       7.54000732e+02, 3.83050751e+02, 7.73686111e-01, 7.59778809e+02,
       3.47775116e+02, 7.91856885e-01, 7.65745544e+02, 4.06629944e+02,
       5.27314961e-01, 7.77466736e+02, 3.27220581e+02, 5.48250020e-01,
       0., 0., 0., 0., 0., 0., 0., 0., 0., 1.61044238e+03,
       5.95076294e+02, 5.68216562e-01, 1.58992261e+03, 6.03932556e+02,
       5.12464881e-01, 1.56627319e+03, 5.65633423e+02, 3.40287715e-01 ]
