%YAML:1.0
---
pose_0: !!opencv-matrix
   rows: 1
   cols: 25
   dt: "3f"
   data: [ 5.47895813e+02, 5.06701416e+02, 2.53146857e-01,
       6.42096008e+02, 4.56635986e+02, 3.39534104e-01, 5.80367737e+02,
       5.18522583e+02, 1.51915014e-01, 0., 0., 0., 0., 0., 0.,
       7.06841003e+02, 3.80135040e+02, 4.14653927e-01, 8.89384949e+02,
       3.24264526e+02, 5.49135864e-01, 1.09539136e+03, 2.53573792e+02,
       4.35119599e-01, 1.02473206e+03, 5.47958862e+02, 4.25878525e-01,
       1.01001825e+03, 6.03903259e+02, 3.74449670e-01, 1.31611475e+03,
       6.00885742e+02, 6.32163644e-01, 1.71351733e+03, 6.03914246e+02,
       4.17863131e-01, 1.03360486e+03, 4.80312439e+02, 4.08968985e-01,
       1.34554980e+03, 4.59579254e+02, 3.34096789e-01, 1.61927588e+03,
       4.59650024e+02, 1.52050912e-01, 5.27387451e+02, 5.15594543e+02,
       1.38150692e-01, 5.42046143e+02, 5.03715271e+02, 2.16560960e-01,
       0., 0., 0., 5.56762024e+02, 4.62621429e+02, 2.31350645e-01,
       1.72230554e+03, 4.33116150e+02, 1.29178718e-01, 1.71937952e+03,
       4.30160370e+02, 1.58544213e-01, 0., 0., 0., 1.84897693e+03,
       5.95047852e+02, 1.06010288e-01, 1.84290613e+03, 6.18594910e+02,
       8.32990557e-02, 1.73115576e+03, 5.92091492e+02, 1.77918553e-01 ]
