%YAML:1.0
---
pose_0: !!opencv-matrix
   rows: 1
   cols: 25
   dt: "3f"
   data: [ 6.95255920e+02, 5.77280090e+02, 8.77222717e-01,
       8.15857056e+02, 5.65616699e+02, 5.75456738e-01, 8.09868347e+02,
       6.24412354e+02, 4.55612481e-01, 9.74777649e+02, 6.45157959e+02,
       6.54651403e-01, 1.06884937e+03, 7.12693604e+02, 8.06367934e-01,
       8.33445801e+02, 5.00816956e+02, 6.23221576e-01, 9.95355469e+02,
       4.44902008e+02, 7.32210279e-01, 1.13959424e+03, 4.06712372e+02,
       8.69918406e-01, 1.11606018e+03, 5.97958008e+02, 5.83164394e-01,
       1.11010266e+03, 6.45029602e+02, 5.72009027e-01, 1.29256848e+03,
       7.09833801e+02, 4.79342043e-01, 1.34851489e+03, 6.98112061e+02,
       1.63015574e-01, 1.12481567e+03, 5.50866211e+02, 5.46661258e-01,
       1.33080261e+03, 6.45117249e+02, 7.44559228e-01, 1.56930554e+03,
       6.71538574e+02, 5.97627461e-01, 6.83338135e+02, 5.92060303e+02,
       7.91240752e-01, 6.89205750e+02, 5.53923096e+02, 8.49488497e-01,
       6.95004822e+02, 6.06837952e+02, 2.79623836e-01, 7.09805542e+02,
       5.30203735e+02, 6.23557985e-01, 1.65752234e+03, 6.45056213e+02,
       1.87853545e-01, 1.65165686e+03, 6.44969849e+02, 1.91277400e-01,
       1.59866577e+03, 6.92060303e+02, 3.86392027e-01, 1.37801416e+03,
       6.83376648e+02, 6.34269863e-02, 1.37493616e+03, 6.92079895e+02,
       5.70205972e-02, 1.35734644e+03, 6.95185852e+02, 5.60593270e-02 ]
