%YAML:1.0
---
pose_0: !!opencv-matrix
   rows: 1
   cols: 25
   dt: "3f"
   data: [ 0., 0., 0., 8.33441223e+02, 5.36219971e+02, 2.69425839e-01,
       8.36378113e+02, 5.39119995e+02, 1.96845308e-01, 9.24628967e+02,
       4.62551208e+02, 1.38625368e-01, 7.92187378e+02, 4.27316071e+02,
       1.99865371e-01, 8.06890259e+02, 5.59726685e+02, 2.46284336e-01,
       0., 0., 0., 0., 0., 0., 1.08655847e+03, 5.47930603e+02,
       2.02653468e-01, 1.07481262e+03, 5.47920471e+02, 1.50872663e-01,
       1.33092822e+03, 5.47864868e+02, 6.59268141e-01, 1.61046179e+03,
       7.01022095e+02, 4.80734289e-01, 1.10422510e+03, 5.42073303e+02,
       1.60467297e-01, 1.35444189e+03, 5.03824097e+02, 5.07530332e-01,
       1.60167395e+03, 6.00834167e+02, 4.59921688e-01, 0., 0., 0., 0.,
       0., 0., 0., 0., 0., 0., 0., 0., 1.71347290e+03, 5.77363464e+02,
       3.98058653e-01, 1.71052588e+03, 5.77339783e+02, 3.82976353e-01,
       1.61336353e+03, 6.24491638e+02, 2.31013164e-01, 1.69284875e+03,
       6.42133240e+02, 2.82255560e-01, 1.68408752e+03, 6.59773621e+02,
       2.19047442e-01, 1.63405811e+03, 7.36286804e+02, 3.84073108e-01 ]
