%YAML:1.0
---
pose_0: !!opencv-matrix
   rows: 2
   cols: 25
   dt: "3f"
   data: [ 6.48116760e+02, 4.56615601e+02, 6.37188733e-01,
       7.71646851e+02, 4.74355865e+02, 4.93346334e-01, 7.27469543e+02,
       5.36184021e+02, 2.73305476e-01, 6.24372253e+02, 5.27451721e+02,
       2.87682801e-01, 5.98072205e+02, 4.80303925e+02, 2.46700585e-01,
       7.98105530e+02, 4.09608337e+02, 4.84071821e-01, 9.51175781e+02,
       3.47806244e+02, 4.61920947e-01, 1.03653223e+03, 3.18411835e+02,
       4.31192100e-01, 1.09831335e+03, 5.33289185e+02, 4.69084829e-01,
       1.09535645e+03, 5.97875183e+02, 4.79833603e-01, 1.33967041e+03,
       6.36245544e+02, 2.02041402e-01, 1.53980261e+03, 6.12675964e+02,
       1.34551659e-01, 1.10715405e+03, 4.74375214e+02, 4.59235132e-01,
       1.35737512e+03, 5.50879883e+02, 6.04134381e-01, 1.69286670e+03,
       5.42061279e+02, 3.20302159e-01, 6.36250854e+02, 4.62694427e+02,
       6.52802229e-01, 6.39199036e+02, 4.41986237e+02, 2.64421761e-01,
       6.48101135e+02, 4.95017242e+02, 6.27414644e-01, 6.62758972e+02,
       4.30173492e+02, 6.39512762e-02, 1.77528320e+03, 4.94929779e+02,
       2.24521220e-01, 1.77523486e+03, 4.92061676e+02, 2.03134075e-01,
       1.72229565e+03, 5.56757629e+02, 1.87327132e-01, 0., 0., 0., 0.,
       0., 0., 1.57215479e+03, 6.03881348e+02, 7.77658448e-02, 0., 0.,
       0., 0., 0., 0., 8.06923401e+02, 3.97888641e+02, 8.20317864e-02,
       9.54096924e+02, 3.42030762e+02, 2.52557814e-01, 1.03061987e+03,
       3.18361115e+02, 3.92606497e-01, 0., 0., 0., 0., 0., 0., 0., 0.,
       0., 0., 0., 0., 0., 0., 0., 0., 0., 0., 0., 0., 0., 0., 0., 0.,
       0., 0., 0., 0., 0., 0., 0., 0., 0., 0., 0., 0., 0., 0., 0., 0.,
       0., 0., 0., 0., 0., 0., 0., 0., 0., 0., 0., 0., 0., 0., 0., 0.,
       0., 0., 0., 0. ]
