%YAML:1.0
---
pose_0: !!opencv-matrix
   rows: 1
   cols: 25
   dt: "3f"
   data: [ 7.74559509e+02, 4.09508392e+02, 8.72074366e-01,
       8.59961914e+02, 4.53725250e+02, 7.09682584e-01, 8.62873474e+02,
       5.09712524e+02, 5.92922091e-01, 9.92342407e+02, 6.00799011e+02,
       8.51541519e-01, 8.80492004e+02, 5.83314636e+02, 7.33389378e-01,
       8.68781250e+02, 3.85925110e+02, 7.21072853e-01, 9.74798584e+02,
       3.97856934e+02, 8.06163490e-01, 8.68816650e+02, 4.80226471e+02,
       6.97287560e-01, 1.11896960e+03, 4.44921021e+02, 5.94549060e-01,
       1.11897668e+03, 4.92037598e+02, 5.76760948e-01, 1.33076941e+03,
       5.03915894e+02, 7.93916941e-01, 1.56044751e+03, 5.03745361e+02,
       6.42094731e-01, 1.11898767e+03, 3.89051270e+02, 5.94620228e-01,
       1.33089355e+03, 2.94947296e+02, 6.04514480e-01, 1.46329224e+03,
       2.59478912e+02, 2.10139558e-01, 7.59791748e+02, 4.15619141e+02,
       8.61815155e-01, 7.65658142e+02, 3.89087250e+02, 8.31213474e-01,
       7.65626526e+02, 4.56689270e+02, 7.56251097e-01, 0., 0., 0.,
       1.54867114e+03, 2.30095062e+02, 1.09331995e-01, 1.53981824e+03,
       2.30070038e+02, 1.42840654e-01, 1.53097314e+03, 2.53626495e+02,
       1.39751926e-01, 1.62520398e+03, 5.21476563e+02, 4.04033273e-01,
       1.62226477e+03, 5.24394348e+02, 4.39112961e-01, 1.58988403e+03,
       4.83247589e+02, 4.12426949e-01 ]
