%YAML:1.0
---
pose_0: !!opencv-matrix
   rows: 1
   cols: 25
   dt: "3f"
   data: [ 7.59774780e+02, 5.33195618e+02, 4.78036195e-01,
       8.33487061e+02, 4.59747711e+02, 4.91751671e-01, 8.21685547e+02,
       4.42048279e+02, 2.58064747e-01, 0., 0., 0., 0., 0., 0.,
       8.54040833e+02, 4.65506744e+02, 4.27019894e-01, 9.98101563e+02,
       5.03867523e+02, 7.21933901e-01, 1.00116406e+03, 6.24502869e+02,
       5.92000663e-01, 1.14540125e+03, 4.15490112e+02, 3.84693235e-01,
       1.15129065e+03, 3.94898590e+02, 2.10576251e-01, 1.36912695e+03,
       5.06674988e+02, 6.34202003e-01, 1.58982922e+03, 4.09665894e+02,
       3.95270854e-01, 1.14834863e+03, 4.33118042e+02, 3.35795462e-01,
       1.35738550e+03, 5.24451416e+02, 5.91039777e-01, 1.63697192e+03,
       4.15496185e+02, 3.62371743e-01, 0., 0., 0., 7.45129517e+02,
       5.24290222e+02, 4.51490521e-01, 0., 0., 0., 7.62789429e+02,
       4.80303894e+02, 4.98695493e-01, 1.69291760e+03, 3.62557068e+02,
       3.24028581e-01, 1.69579578e+03, 3.65459015e+02, 2.96656817e-01,
       1.67522400e+03, 4.24332703e+02, 1.44581288e-01, 0., 0., 0., 0.,
       0., 0., 1.59572681e+03, 3.68373383e+02, 2.04897746e-01 ]
