%YAML:1.0
---
pose_0: !!opencv-matrix
   rows: 1
   cols: 25
   dt: "3f"
   data: [ 7.06907166e+02, 4.30233795e+02, 8.13485086e-01,
       8.36308655e+02, 4.83149567e+02, 7.71029592e-01, 8.33367920e+02,
       5.68468445e+02, 7.05708921e-01, 9.48226868e+02, 6.12735840e+02,
       7.68203378e-01, 1.07775366e+03, 6.33287109e+02, 7.61183858e-01,
       8.48127319e+02, 3.89144165e+02, 7.02292621e-01, 9.83566467e+02,
       3.77267059e+02, 7.65941739e-01, 1.11604443e+03, 3.39069275e+02,
       8.66180480e-01, 1.09248755e+03, 5.03683075e+02, 6.15921557e-01,
       1.08658447e+03, 5.50816467e+02, 5.92895210e-01, 1.31611890e+03,
       5.30273254e+02, 6.76690817e-01, 1.54575305e+03, 5.33309326e+02,
       5.93547583e-01, 1.09250293e+03, 4.50802429e+02, 5.77041149e-01,
       1.30728943e+03, 4.12600311e+02, 5.03145218e-01, 1.52216492e+03,
       4.56608002e+02, 5.61660051e-01, 6.92064209e+02, 4.44981995e+02,
       8.07821989e-01, 6.95136047e+02, 4.12674347e+02, 7.54045129e-01,
       7.06882874e+02, 4.83222046e+02, 6.61228776e-01, 0., 0., 0.,
       1.61930701e+03, 3.94857208e+02, 4.39964980e-01, 1.61633752e+03,
       3.91973389e+02, 4.42346573e-01, 1.54576294e+03, 4.65539215e+02,
       3.77291948e-01, 1.62225146e+03, 5.24336792e+02, 5.42649031e-01,
       1.61343689e+03, 5.33245117e+02, 4.63765293e-01, 1.57516003e+03,
       5.33212585e+02, 2.33174279e-01 ]
