%YAML:1.0
---
pose_0: !!opencv-matrix
   rows: 1
   cols: 25
   dt: "3f"
   data: [ 8.06836243e+02, 3.94858643e+02, 8.42736125e-01,
       8.83476929e+02, 4.50810974e+02, 7.87104011e-01, 8.80423035e+02,
       5.27342651e+02, 5.32698870e-01, 9.65836731e+02, 6.48069214e+02,
       8.45089257e-01, 8.56859497e+02, 6.74506531e+02, 8.58996928e-01,
       8.92358704e+02, 3.88962463e+02, 7.91477382e-01, 9.45297302e+02,
       4.59653168e+02, 8.54596019e-01, 8.33384277e+02, 5.33183716e+02,
       8.66268933e-01, 1.13067542e+03, 4.21422882e+02, 5.47315240e-01,
       1.13366382e+03, 4.65564148e+02, 5.18983066e-01, 1.35450818e+03,
       4.83112274e+02, 7.57541001e-01, 1.56340051e+03, 5.03791870e+02,
       6.33695960e-01, 1.11901099e+03, 3.74265564e+02, 5.41366100e-01,
       1.34853589e+03, 2.62463470e+02, 5.69606781e-01, 1.52515186e+03,
       1.74047409e+02, 5.33178747e-01, 7.86376038e+02, 4.09693573e+02,
       8.97417307e-01, 7.89389465e+02, 3.85933319e+02, 8.68097901e-01,
       8.01095276e+02, 4.53769257e+02, 5.86296678e-01, 8.09930420e+02,
       3.74250153e+02, 5.81348687e-02, 1.60455298e+03, 1.27026459e+02,
       2.38029703e-01, 1.59865076e+03, 1.27038338e+02, 2.12036088e-01,
       0., 0., 0., 1.62808325e+03, 5.00819763e+02, 4.26039338e-01,
       1.61928198e+03, 5.12601563e+02, 4.49247003e-01, 1.58988367e+03,
       4.86164307e+02, 3.55014205e-01 ]
