%YAML:1.0
---
pose_0: !!opencv-matrix
   rows: 1
   cols: 25
   dt: "3f"
   data: [ 7.09770874e+02, 4.68476959e+02, 6.66086793e-01,
       8.33383301e+02, 5.21387817e+02, 5.78429937e-01, 8.12832275e+02,
       5.68580444e+02, 7.46147275e-01, 9.51164917e+02, 6.44943665e+02,
       8.14755440e-01, 1.07193591e+03, 5.80275879e+02, 8.36353898e-01,
       8.33455322e+02, 4.68440308e+02, 3.51311356e-01, 1.05127393e+03,
       4.83097412e+02, 5.72786212e-01, 1.17482581e+03, 4.56712921e+02,
       7.96324611e-01, 1.11307239e+03, 5.77377380e+02, 5.36918163e-01,
       1.09540625e+03, 6.24550171e+02, 5.29931366e-01, 1.34843701e+03,
       5.42095764e+02, 7.33411193e-01, 1.56334106e+03, 6.68707642e+02,
       4.25995529e-01, 1.12483325e+03, 5.30262451e+02, 5.53212881e-01,
       1.37801343e+03, 5.06812958e+02, 5.91761887e-01, 1.56634973e+03,
       5.86248779e+02, 6.08019173e-01, 6.92211609e+02, 5.00857697e+02,
       6.47552252e-01, 6.89259338e+02, 4.68488220e+02, 2.46462107e-01,
       7.15675049e+02, 5.42083923e+02, 3.62488419e-01, 0., 0., 0.,
       1.63099744e+03, 5.06726837e+02, 4.07216549e-01, 1.62808667e+03,
       5.06792358e+02, 3.39649022e-01, 1.58984863e+03, 6.12651367e+02,
       4.46774036e-01, 1.70757153e+03, 6.45058411e+02, 1.01368599e-01,
       0., 0., 0., 1.61045789e+03, 6.95126892e+02, 1.90822378e-01 ]
