%YAML:1.0
---
pose_0: !!opencv-matrix
   rows: 1
   cols: 25
   dt: "3f"
   data: [ 7.86280029e+02, 3.91892365e+02, 8.23440075e-01,
       8.62836487e+02, 4.30196411e+02, 7.17578650e-01, 8.53991882e+02,
       4.83135529e+02, 5.51900148e-01, 7.00985901e+02, 4.80249054e+02,
       5.12252033e-01, 5.68537903e+02, 4.53717682e+02, 6.03748918e-01,
       8.77578430e+02, 3.68404144e+02, 6.65776312e-01, 1.02176996e+03,
       3.15302826e+02, 7.48853624e-01, 1.13655090e+03, 2.50655945e+02,
       7.50329673e-01, 1.12195789e+03, 4.12659576e+02, 5.86361885e-01,
       1.12183740e+03, 4.62586060e+02, 5.91065168e-01, 1.32796399e+03,
       5.59681519e+02, 4.89178717e-01, 1.53386951e+03, 6.89157654e+02,
       5.34079850e-01, 1.12185815e+03, 3.65400055e+02, 5.82091331e-01,
       1.23078528e+03, 3.15352356e+02, 3.36175501e-01, 1.53681274e+03,
       1.74169037e+02, 2.01026022e-01, 7.65849487e+02, 4.09584534e+02,
       7.60377884e-01, 7.71597351e+02, 3.83084290e+02, 7.12720215e-01,
       7.83343079e+02, 4.44886383e+02, 6.04418755e-01, 7.89430481e+02,
       3.71304474e+02, 2.81069010e-01, 0., 0., 0., 0., 0., 0.,
       1.54271973e+03, 1.71171402e+02, 1.98716387e-01, 1.61039233e+03,
       6.98010803e+02, 5.38414896e-01, 1.59571667e+03, 7.09802673e+02,
       4.65459973e-01, 1.53984717e+03, 6.98014893e+02, 3.83218884e-01 ]
