%YAML:1.0
---
pose_0: !!opencv-matrix
   rows: 1
   cols: 25
   dt: "3f"
   data: [ 7.27510071e+02, 4.83084106e+02, 8.62217784e-01,
       8.56844238e+02, 5.00764648e+02, 6.94703996e-01, 8.59950439e+02,
       5.74444946e+02, 7.16360807e-01, 9.74776917e+02, 6.71651001e+02,
       8.16602349e-01, 9.36465515e+02, 6.45090881e+02, 5.40086865e-01,
       8.33480286e+02, 4.33121826e+02, 5.51128030e-01, 9.04031006e+02,
       3.86146240e+02, 5.44698238e-01, 1.00124005e+03, 3.62636658e+02,
       8.31215680e-01, 1.13943848e+03, 4.89046478e+02, 5.69696248e-01,
       1.13067114e+03, 5.36161072e+02, 5.93181789e-01, 1.32488257e+03,
       5.86229553e+02, 6.89305425e-01, 1.51631921e+03, 5.92082214e+02,
       5.27647614e-01, 1.13947339e+03, 4.36029358e+02, 5.91234624e-01,
       1.33083752e+03, 4.53720764e+02, 7.33431637e-01, 1.56632971e+03,
       4.80110992e+02, 6.62774682e-01, 7.15628418e+02, 5.00848572e+02,
       7.79651046e-01, 7.15804077e+02, 4.62585358e+02, 8.38325977e-01,
       7.33398682e+02, 5.27264404e+02, 3.82858276e-01, 7.42134338e+02,
       4.39003876e+02, 5.85840642e-01, 1.63107056e+03, 4.41997711e+02,
       5.03904045e-01, 1.62222095e+03, 4.39085022e+02, 5.47456861e-01,
       1.58692590e+03, 4.94982117e+02, 3.91581655e-01, 1.60453088e+03,
       5.83328369e+02, 4.27093118e-01, 1.58690540e+03, 5.97989136e+02,
       3.63093644e-01, 1.56035681e+03, 5.74424438e+02, 2.29400113e-01 ]
