%YAML:1.0
---
pose_0: !!opencv-matrix
   rows: 1
   cols: 25
   dt: "3f"
   data: [ 7.42089355e+02, 5.30252869e+02, 9.23012435e-01,
       8.60074280e+02, 5.42063049e+02, 7.32635200e-01, 8.57098694e+02,
       6.24570129e+02, 7.10502028e-01, 9.80661499e+02, 6.80422363e+02,
       4.55229104e-01, 1.05713000e+03, 6.80363647e+02, 2.93208331e-01,
       8.80568298e+02, 4.59663269e+02, 7.23455310e-01, 9.95350952e+02,
       4.47854980e+02, 2.63672113e-01, 0., 0., 0., 1.14245691e+03,
       5.47897339e+02, 5.40700674e-01, 1.13655798e+03, 5.94989563e+02,
       5.41750908e-01, 1.31023193e+03, 5.89142517e+02, 6.31661773e-01,
       1.58685168e+03, 6.30381409e+02, 5.96586645e-01, 1.14246411e+03,
       4.89106262e+02, 5.39030790e-01, 1.36319312e+03, 4.83103516e+02,
       6.85664713e-01, 1.56041760e+03, 4.83239777e+02, 6.05110586e-01,
       7.24529907e+02, 5.47883728e+02, 7.88478613e-01, 7.33399231e+02,
       5.09662384e+02, 8.36548865e-01, 7.42187683e+02, 5.71369141e+02,
       4.52792585e-01, 7.59824829e+02, 4.86157928e+02, 6.31797552e-01,
       1.61642029e+03, 4.44960663e+02, 5.37976325e-01, 1.61054102e+03,
       4.47829987e+02, 5.95130324e-01, 1.59276965e+03, 4.86192871e+02,
       2.62365073e-01, 1.66339990e+03, 6.24481140e+02, 5.34097731e-01,
       1.65465564e+03, 6.39220520e+02, 4.89913821e-01, 1.60747546e+03,
       6.27403259e+02, 3.28227520e-01 ]
