%YAML:1.0
---
pose_0: !!opencv-matrix
   rows: 1
   cols: 25
   dt: "3f"
   data: [ 8.06928894e+02, 3.83056641e+02, 7.52293766e-01,
       9.57037476e+02, 3.94874695e+02, 4.10855949e-01, 9.51213135e+02,
       4.44945251e+02, 3.99750352e-01, 8.62854065e+02, 4.62671112e+02,
       6.37884140e-01, 7.68764221e+02, 4.33073273e+02, 5.31716764e-01,
       9.68825928e+02, 3.50798981e+02, 2.92129993e-01, 1.08950073e+03,
       3.18439392e+02, 3.37150574e-01, 1.17486987e+03, 2.88972321e+02,
       1.53019011e-01, 1.18954285e+03, 4.12505493e+02, 5.49008429e-01,
       1.18664978e+03, 4.62549805e+02, 5.26352942e-01, 1.37201880e+03,
       5.36195190e+02, 6.49111450e-01, 1.53101697e+03, 6.48011292e+02,
       6.94486797e-01, 1.18655933e+03, 3.56611511e+02, 4.74149823e-01,
       1.38093896e+03, 2.18242447e+02, 4.15897012e-01, 1.54574731e+03,
       1.50540375e+02, 5.48041046e-01, 7.89238586e+02, 3.91945007e+02,
       7.31906235e-01, 8.01019897e+02, 3.59607513e+02, 7.06356525e-01,
       8.06969360e+02, 4.12714813e+02, 3.38654727e-01, 8.36441345e+02,
       3.39000488e+02, 4.77299035e-01, 1.65170239e+03, 8.59292526e+01,
       3.77287030e-01, 1.65451550e+03, 8.58776855e+01, 3.33253115e-01,
       1.63106726e+03, 1.35896652e+02, 9.53808129e-02, 1.60753467e+03,
       6.45117432e+02, 6.30833030e-01, 1.58988330e+03, 6.62718262e+02,
       5.84491253e-01, 1.53690698e+03, 6.68726318e+02, 5.00792623e-01 ]
