%YAML:1.0
---
pose_0: !!opencv-matrix
   rows: 1
   cols: 25
   dt: "3f"
   data: [ 5.80342041e+02, 5.42079590e+02, 2.03157440e-01,
       7.09777954e+02, 5.15549805e+02, 2.72541076e-01, 7.03908875e+02,
       6.00973083e+02, 3.86490852e-01, 8.36500183e+02, 6.00921143e+02,
       6.56341314e-01, 7.18713318e+02, 4.24317902e+02, 7.05355763e-01,
       6.86282532e+02, 4.47875610e+02, 7.75323808e-02, 9.33579346e+02,
       2.94955017e+02, 4.02312011e-01, 8.12832092e+02, 2.77146881e+02,
       2.63538241e-01, 1.09541748e+03, 5.50820862e+02, 4.75720882e-01,
       1.07481091e+03, 6.12723755e+02, 4.75672126e-01, 1.37499927e+03,
       7.59843323e+02, 5.27057827e-01, 1.60161157e+03, 8.89356018e+02,
       4.26029325e-01, 1.11592822e+03, 4.80166748e+02, 3.91822457e-01,
       1.39850452e+03, 4.97916473e+02, 3.29935044e-01, 1.74876953e+03,
       4.89129608e+02, 1.36219949e-01, 5.53808960e+02, 5.53755554e+02,
       3.84691209e-01, 5.53824890e+02, 5.36151733e+02, 1.25211775e-01,
       5.77324646e+02, 5.71410400e+02, 1.19132891e-01, 6.00922852e+02,
       4.80182983e+02, 5.90967387e-02, 1.85477869e+03, 5.15600403e+02,
       6.62998185e-02, 0., 0., 0., 1.80178540e+03, 5.06764496e+02,
       6.46028668e-02, 1.62811499e+03, 8.80531189e+02, 9.24855918e-02,
       0., 0., 0., 1.63100598e+03, 8.92352417e+02, 3.16994071e-01 ]
