%YAML:1.0
---
pose_0: !!opencv-matrix
   rows: 1
   cols: 25
   dt: "3f"
   data: [ 5.77432617e+02, 5.00834900e+02, 4.61681694e-01,
       6.45053345e+02, 5.50946472e+02, 2.32781202e-01, 6.92182556e+02,
       5.77376160e+02, 8.57495219e-02, 0., 0., 0., 0., 0., 0.,
       6.59800354e+02, 4.97899170e+02, 1.07999958e-01, 0., 0., 0., 0.,
       0., 0., 1.03947620e+03, 5.59746033e+02, 3.28145206e-01,
       1.03651404e+03, 6.24548706e+02, 3.23650211e-01, 1.34554553e+03,
       6.36282593e+02, 2.33984560e-01, 1.63994861e+03, 5.86193359e+02,
       3.38050902e-01, 1.03948718e+03, 4.94986053e+02, 3.13472360e-01,
       1.33092822e+03, 4.12483948e+02, 1.35991424e-01, 1.40445520e+03,
       3.65478180e+02, 1.97868645e-01, 5.50837952e+02, 5.09679810e+02,
       4.15642142e-01, 5.56807129e+02, 4.86204712e+02, 1.81859612e-01,
       5.74363037e+02, 5.39119385e+02, 2.10526660e-01, 0., 0., 0.,
       1.53980676e+03, 3.30167725e+02, 1.38514996e-01, 0., 0., 0.,
       1.51923499e+03, 3.30114624e+02, 5.36098704e-02, 1.75758435e+03,
       6.00909851e+02, 1.53120071e-01, 0., 0., 0., 1.66930334e+03,
       5.56861267e+02, 1.74336717e-01 ]
