%YAML:1.0
---
pose_0: !!opencv-matrix
   rows: 2
   cols: 25
   dt: "3f"
   data: [ 0., 0., 0., 0., 0., 0., 9.65874451e+02, 3.44854980e+02,
       8.49509090e-02, 1.05423645e+03, 3.94921082e+02, 6.95338130e-01,
       1.14262695e+03, 4.80128693e+02, 8.34362030e-01, 0., 0., 0., 0.,
       0., 0., 0., 0., 0., 0., 0., 0., 0., 0., 0., 0., 0., 0., 0., 0.,
       0., 0., 0., 0., 0., 0., 0., 0., 0., 0., 0., 0., 0., 0., 0., 0.,
       0., 0., 0., 0., 0., 0., 0., 0., 0., 0., 0., 0., 0., 0., 0., 0.,
       0., 0., 0., 0., 0., 0., 0., 0., 7.92218628e+02, 3.77223877e+02,
       7.54150808e-01, 8.60034668e+02, 2.91768372e+02, 5.06020069e-01,
       8.68761414e+02, 2.77175629e+02, 3.05188298e-01, 0., 0., 0., 0.,
       0., 0., 8.59851379e+02, 2.91813538e+02, 7.60760188e-01,
       9.33596497e+02, 4.12703583e+02, 7.83005536e-01, 1.00121082e+03,
       5.56836914e+02, 7.98470199e-01, 1.16304993e+03, 3.03644836e+02,
       5.78740597e-01, 1.16017639e+03, 3.44933685e+02, 6.25524104e-01,
       1.35134827e+03, 4.62623016e+02, 8.12345445e-01, 1.54271094e+03,
       5.21386414e+02, 6.23286366e-01, 1.16018091e+03, 2.59505829e+02,
       5.11956692e-01, 1.38967200e+03, 2.44814682e+02, 5.61007023e-01,
       1.54570862e+03, 1.47684357e+02, 4.69447374e-01, 7.77561462e+02,
       3.80199158e+02, 2.18322560e-01, 7.86352600e+02, 3.62443146e+02,
       8.03590417e-01, 0., 0., 0., 7.89209167e+02, 3.15474884e+02,
       7.05766439e-01, 1.60752344e+03, 9.47202225e+01, 2.86542147e-01,
       1.60459180e+03, 9.76226578e+01, 2.98164278e-01, 1.55745239e+03,
       1.24131569e+02, 2.01616690e-01, 1.57217456e+03, 5.80426331e+02,
       3.74224693e-01, 1.56626758e+03, 5.80288574e+02, 3.65421414e-01,
       1.56934290e+03, 5.00853485e+02, 5.14227808e-01 ]
