%YAML:1.0
---
pose_0: !!opencv-matrix
   rows: 1
   cols: 25
   dt: "3f"
   data: [ 0., 0., 0., 8.01031982e+02, 5.03762115e+02, 4.02649522e-01,
       8.09833435e+02, 5.03744720e+02, 3.14091861e-01, 9.24624023e+02,
       4.83248138e+02, 6.39371276e-01, 9.01035156e+02, 3.89040985e+02,
       6.88678503e-01, 7.86363647e+02, 5.21415039e+02, 2.66923696e-01,
       9.07121948e+02, 4.92010193e+02, 5.38353063e-02, 0., 0., 0.,
       1.13658447e+03, 4.97911438e+02, 4.71807599e-01, 1.12481384e+03,
       5.30341431e+02, 4.28365141e-01, 1.36618359e+03, 4.59700012e+02,
       8.02059591e-01, 1.58995154e+03, 6.44984070e+02, 5.96727908e-01,
       1.14242480e+03, 4.59622498e+02, 3.82441819e-01, 1.38378784e+03,
       4.50818787e+02, 4.54607308e-01, 1.56335547e+03, 5.03858215e+02,
       6.57313228e-01, 0., 0., 0., 0., 0., 0., 7.62726868e+02,
       4.59682678e+02, 2.04963937e-01, 0., 0., 0., 1.60755542e+03,
       4.18486481e+02, 2.48426288e-01, 1.60162036e+03, 4.27298248e+02,
       2.39827752e-01, 1.58104492e+03, 5.24400818e+02, 3.94288033e-01,
       1.63688293e+03, 6.71531372e+02, 5.33077776e-01, 1.61631921e+03,
       6.77482788e+02, 5.40081203e-01, 1.61049597e+03, 6.50963501e+02,
       4.08268034e-01 ]
