%YAML:1.0
---
pose_0: !!opencv-matrix
   rows: 1
   cols: 25
   dt: "3f"
   data: [ 0., 0., 0., 7.59858032e+02, 5.00855865e+02, 3.46942067e-01,
       7.56914551e+02, 5.65577759e+02, 1.60378903e-01, 0., 0., 0., 0.,
       0., 0., 7.51070984e+02, 3.91976044e+02, 3.96748006e-01,
       7.27465088e+02, 4.33200012e+02, 6.32714212e-01, 5.80334595e+02,
       5.03685272e+02, 6.41741037e-01, 1.07479321e+03, 5.39161621e+02,
       5.00153422e-01, 1.06891150e+03, 5.97921204e+02, 5.37909389e-01,
       1.33971033e+03, 5.98057190e+02, 5.49674392e-01, 1.66341980e+03,
       5.89113220e+02, 4.66272771e-01, 1.08070898e+03, 4.80183228e+02,
       4.72287297e-01, 1.34259949e+03, 5.00896851e+02, 5.50540149e-01,
       1.61634656e+03, 5.03818115e+02, 4.17364061e-01, 0., 0., 0., 0.,
       0., 0., 0., 0., 0., 0., 0., 0., 1.68697839e+03, 4.59707550e+02,
       4.78187144e-01, 1.68396729e+03, 4.59698608e+02, 5.48110604e-01,
       1.67809729e+03, 5.09668640e+02, 2.56049186e-01, 1.77530981e+03,
       6.21538086e+02, 2.87789822e-01, 1.77232532e+03, 6.21583008e+02,
       3.01122725e-01, 1.72228381e+03, 5.80311096e+02, 2.40216672e-01 ]
