%YAML:1.0
---
pose_0: !!opencv-matrix
   rows: 1
   cols: 25
   dt: "3f"
   data: [ 7.21643799e+02, 5.42017883e+02, 8.26530576e-01,
       8.36432190e+02, 5.77513916e+02, 7.75315881e-01, 8.33487061e+02,
       6.53886902e+02, 7.38076210e-01, 9.68781372e+02, 6.95112061e+02,
       7.62817681e-01, 1.10422302e+03, 7.21558411e+02, 8.00484240e-01,
       8.45210205e+02, 5.12659241e+02, 5.28140962e-01, 9.15870850e+02,
       5.03885468e+02, 7.84789324e-02, 0., 0., 0., 1.11595203e+03,
       5.53796021e+02, 5.18377542e-01, 1.11301282e+03, 6.03811401e+02,
       5.44859290e-01, 1.32777954e+03, 6.21487305e+02, 7.89849401e-01,
       1.55156458e+03, 6.62752502e+02, 6.41681015e-01, 1.10718848e+03,
       5.00846954e+02, 5.32308280e-01, 1.34552856e+03, 4.62665588e+02,
       7.14174867e-01, 1.56045532e+03, 4.41984039e+02, 6.29047394e-01,
       7.09861145e+02, 5.53858643e+02, 8.76453996e-01, 7.18608582e+02,
       5.24443970e+02, 8.80471766e-01, 7.18610901e+02, 5.86167786e+02,
       7.10992038e-01, 7.48104248e+02, 5.06820007e+02, 5.42755127e-01,
       1.63985303e+03, 4.33129761e+02, 3.90213430e-01, 1.63687622e+03,
       4.24351990e+02, 3.95664513e-01, 1.57513147e+03, 4.36125793e+02,
       3.02828729e-01, 1.63105042e+03, 6.65597534e+02, 4.95491505e-01,
       1.61640332e+03, 6.71653442e+02, 4.90769148e-01, 1.56931946e+03,
       6.50954163e+02, 3.24792594e-01 ]
