%YAML:1.0
---
pose_0: !!opencv-matrix
   rows: 1
   cols: 25
   dt: "3f"
   data: [ 7.56930969e+02, 5.24425659e+02, 6.61296487e-01,
       8.15788391e+02, 4.36010925e+02, 5.83381772e-01, 8.24568359e+02,
       4.12557373e+02, 3.77099752e-01, 9.59995667e+02, 5.18475220e+02,
       2.48219505e-01, 9.48158447e+02, 6.00873169e+02, 3.77362460e-01,
       8.12770203e+02, 4.59556152e+02, 7.54737437e-01, 9.71658752e+02,
       5.27315796e+02, 7.27206647e-01, 9.48176819e+02, 6.15608337e+02,
       5.24579644e-01, 1.14247900e+03, 4.27253906e+02, 3.49889219e-01,
       1.12482983e+03, 4.41961365e+02, 2.14105591e-01, 1.33674829e+03,
       4.53656464e+02, 7.28084445e-01, 1.55748218e+03, 3.86091583e+02,
       8.08786333e-01, 1.14836243e+03, 4.15555756e+02, 3.11520845e-01,
       1.35445154e+03, 5.12640991e+02, 6.98697865e-01, 1.63406262e+03,
       4.30201508e+02, 6.62771285e-01, 0., 0., 0., 7.39365662e+02,
       5.06599060e+02, 7.61232734e-01, 0., 0., 0., 7.45236938e+02,
       4.59779236e+02, 6.86050296e-01, 1.68994934e+03, 3.74328674e+02,
       2.14814544e-01, 1.68402295e+03, 3.80174133e+02, 2.35948145e-01,
       1.65459924e+03, 4.09597687e+02, 2.53188908e-01, 1.63992761e+03,
       3.80125549e+02, 1.65270358e-01, 0., 0., 0., 1.57223706e+03,
       3.71324127e+02, 5.36269724e-01 ]
