%YAML:1.0
---
pose_0: !!opencv-matrix
   rows: 1
   cols: 25
   dt: "3f"
   data: [ 6.89250610e+02, 3.85979034e+02, 8.61409009e-01,
       7.65665588e+02, 4.21416077e+02, 7.24546373e-01, 7.39234070e+02,
       4.83160553e+02, 4.84298408e-01, 8.59963013e+02, 5.47923279e+02,
       1.56423301e-01, 8.86480774e+02, 5.77327515e+02, 1.78340584e-01,
       8.03969482e+02, 3.59524872e+02, 6.64363265e-01, 9.33594666e+02,
       3.24311432e+02, 7.96276748e-01, 8.57009583e+02, 4.24322601e+02,
       8.04847896e-01, 1.10425562e+03, 4.44924957e+02, 4.96373832e-01,
       1.09533008e+03, 5.03774231e+02, 5.16161561e-01, 1.31906238e+03,
       5.30324463e+02, 5.76334059e-01, 1.63703772e+03, 5.53819458e+02,
       5.96814334e-01, 1.11007617e+03, 3.83131531e+02, 4.63714123e-01,
       1.32791138e+03, 3.21402191e+02, 3.68993253e-01, 1.51921704e+03,
       2.94920929e+02, 5.17216980e-01, 6.65711731e+02, 3.97799927e+02,
       8.05045247e-01, 6.77516785e+02, 3.65375336e+02, 8.08815300e-01,
       6.68694763e+02, 4.35991333e+02, 6.35825574e-01, 7.03963684e+02,
       3.44908722e+02, 6.56837747e-02, 1.61631396e+03, 2.65351501e+02,
       6.99485391e-02, 0., 0., 0., 1.54570044e+03, 2.85984344e+02,
       3.04192632e-01, 1.74873987e+03, 5.71536987e+02, 2.99236238e-01,
       1.72819397e+03, 5.80390686e+02, 3.20909321e-01, 1.66049768e+03,
       5.42017700e+02, 3.57728601e-01 ]
