%YAML:1.0
---
pose_0: !!opencv-matrix
   rows: 1
   cols: 25
   dt: "3f"
   data: [ 7.33372925e+02, 4.33266479e+02, 8.70748162e-01,
       8.36267822e+02, 4.24350494e+02, 7.01368749e-01, 8.33394592e+02,
       4.83178650e+02, 6.63220346e-01, 9.18790222e+02, 5.15575867e+02,
       4.61007774e-01, 9.83542664e+02, 5.45017944e+02, 4.76367116e-01,
       8.39303406e+02, 3.62568726e+02, 6.29380226e-01, 9.83560974e+02,
       3.24238892e+02, 7.13944137e-01, 1.12186743e+03, 3.18487030e+02,
       8.38429511e-01, 1.09840186e+03, 4.39102722e+02, 5.73510170e-01,
       1.09242102e+03, 4.89091980e+02, 6.12128615e-01, 1.28376062e+03,
       5.39137939e+02, 6.80810034e-01, 1.51916785e+03, 5.53825317e+02,
       5.49943686e-01, 1.11301074e+03, 3.88913483e+02, 5.39942265e-01,
       1.33382996e+03, 4.06631744e+02, 6.92560613e-01, 1.56045471e+03,
       3.94938812e+02, 6.46376610e-01, 7.18614502e+02, 4.47849030e+02,
       8.05562258e-01, 7.18641968e+02, 4.12718567e+02, 8.51000249e-01,
       7.36334839e+02, 4.65482147e+02, 3.68979543e-01, 7.39260620e+02,
       3.89068878e+02, 6.55913115e-01, 1.61931262e+03, 3.59553680e+02,
       2.61877924e-01, 1.61342932e+03, 3.59617432e+02, 3.27264637e-01,
       1.59277246e+03, 4.03709686e+02, 2.87308037e-01, 1.60454895e+03,
       6.12691895e+02, 2.16734469e-01, 0., 0., 0., 1.55454236e+03,
       5.30329712e+02, 3.60415161e-01 ]
