%YAML:1.0
---
pose_0: !!opencv-matrix
   rows: 1
   cols: 25
   dt: "3f"
   data: [ 7.42237183e+02, 3.86131073e+02, 8.76328945e-01,
       8.51131836e+02, 3.74318085e+02, 6.82303905e-01, 8.51079102e+02,
       4.41964203e+02, 6.44019246e-01, 9.74760620e+02, 4.86215240e+02,
       8.05259287e-01, 9.54136169e+02, 5.53720703e+02, 9.14237559e-01,
       8.59944031e+02, 2.94798370e+02, 6.53205633e-01, 1.00122443e+03,
       2.68192688e+02, 8.09739649e-01, 1.12480151e+03, 2.24242950e+02,
       8.27096641e-01, 1.11593420e+03, 4.09566071e+02, 5.66382408e-01,
       1.10127417e+03, 4.56704529e+02, 5.86865664e-01, 1.32497791e+03,
       5.09793091e+02, 7.46480107e-01, 1.53977197e+03, 5.59721436e+02,
       5.97954273e-01, 1.11893127e+03, 3.50794189e+02, 5.05027592e-01,
       1.36320667e+03, 3.47822662e+02, 4.75777358e-01, 1.56336438e+03,
       3.15431946e+02, 6.52551174e-01, 7.30379578e+02, 4.00790680e+02,
       7.69384682e-01, 7.33404297e+02, 3.65517578e+02, 8.37275743e-01,
       7.45092834e+02, 4.18453857e+02, 3.65493178e-01, 7.53934204e+02,
       3.38973236e+02, 6.21968746e-01, 1.63984937e+03, 2.68305084e+02,
       5.75363696e-01, 1.63685303e+03, 2.68304291e+02, 5.42898715e-01,
       1.59868054e+03, 3.18365906e+02, 2.68285096e-01, 1.60754712e+03,
       5.98013062e+02, 2.33387470e-01, 1.60458948e+03, 5.98055359e+02,
       2.57568449e-01, 1.56933032e+03, 5.50836243e+02, 4.03622389e-01 ]
