%YAML:1.0
---
pose_0: !!opencv-matrix
   rows: 1
   cols: 25
   dt: "3f"
   data: [ 7.65780029e+02, 5.74456726e+02, 8.63865256e-01,
       8.57000793e+02, 5.47919861e+02, 6.51216626e-01, 8.51139282e+02,
       6.03862061e+02, 4.54857349e-01, 9.74759155e+02, 6.27461548e+02,
       1.40243858e-01, 0., 0., 0., 8.60043945e+02, 4.83211792e+02,
       6.60034537e-01, 1.00706775e+03, 4.39145477e+02, 6.99723780e-01,
       1.13074536e+03, 4.00725677e+02, 7.63258457e-01, 1.11600610e+03,
       5.97990601e+02, 5.51076949e-01, 1.11301038e+03, 6.47976990e+02,
       5.46259940e-01, 1.31032214e+03, 6.47893982e+02, 7.12170839e-01,
       1.54578394e+03, 6.65644775e+02, 6.31632447e-01, 1.11891235e+03,
       5.47892395e+02, 5.32244384e-01, 1.33078979e+03, 5.30339600e+02,
       7.73901463e-01, 1.54866077e+03, 4.41997345e+02, 6.07651472e-01,
       7.51042786e+02, 5.83290039e+02, 7.79924989e-01, 7.56854980e+02,
       5.53777588e+02, 8.26005340e-01, 7.68741333e+02, 6.00778687e+02,
       1.04633674e-01, 7.68718140e+02, 5.21451233e+02, 5.79424381e-01,
       1.63705347e+03, 4.47880554e+02, 2.76621521e-01, 1.63398804e+03,
       4.33170898e+02, 2.99639851e-01, 1.56340515e+03, 4.12631592e+02,
       2.48188958e-01, 1.63102197e+03, 6.77445313e+02, 3.29322010e-01,
       0., 0., 0., 1.57221008e+03, 6.50993530e+02, 3.73424053e-01 ]
