%YAML:1.0
---
pose_0: !!opencv-matrix
   rows: 1
   cols: 25
   dt: "3f"
   data: [ 7.65684265e+02, 3.97892975e+02, 7.93285489e-01,
       8.45184143e+02, 3.33070160e+02, 4.10042793e-01, 8.36419067e+02,
       3.36004608e+02, 2.84001738e-01, 0., 0., 0., 0., 0., 0.,
       8.54004211e+02, 3.24275482e+02, 6.59466863e-01, 9.74694397e+02,
       3.94884644e+02, 8.20065558e-01, 9.74841858e+02, 5.30195435e+02,
       8.47424150e-01, 1.14246960e+03, 3.47824036e+02, 3.90893281e-01,
       1.14246680e+03, 3.97839752e+02, 3.66126120e-01, 1.33673853e+03,
       5.03868134e+02, 6.38113141e-01, 1.53975244e+03, 5.27208801e+02,
       5.54498792e-01, 1.14837952e+03, 3.00738953e+02, 3.41874689e-01,
       1.36912488e+03, 2.85978271e+02, 2.16717958e-01, 1.50158459e+03,
       1.77032242e+02, 2.10477337e-01, 7.50998779e+02, 4.00724762e+02,
       2.66219735e-01, 7.59767151e+02, 3.83122772e+02, 7.69398332e-01,
       0., 0., 0., 7.65784973e+02, 3.36056854e+02, 7.01902151e-01,
       1.56340320e+03, 1.24119003e+02, 1.80726707e-01, 1.56331372e+03,
       1.27026054e+02, 1.72440708e-01, 1.51921252e+03, 1.71193512e+02,
       1.37760177e-01, 1.57219348e+03, 5.80403015e+02, 2.29664907e-01,
       1.56333582e+03, 5.80357910e+02, 2.18618274e-01, 1.56926331e+03,
       5.03852478e+02, 3.46900761e-01 ]
