%YAML:1.0
---
pose_0: !!opencv-matrix
   rows: 1
   cols: 25
   dt: "3f"
   data: [ 7.15611755e+02, 4.36097351e+02, 9.16128039e-01,
       8.27587769e+02, 4.36198669e+02, 6.00030422e-01, 8.53982361e+02,
       5.47934387e+02, 2.92420298e-01, 1.00129578e+03, 5.68507690e+02,
       3.90444458e-01, 1.14246899e+03, 5.74435364e+02, 1.28679231e-01,
       8.39302063e+02, 3.65496704e+02, 5.77112138e-01, 9.80554321e+02,
       3.21292633e+02, 8.01231444e-01, 1.10129504e+03, 2.80088806e+02,
       7.98522592e-01, 1.11895215e+03, 4.36168243e+02, 5.52662015e-01,
       1.11593347e+03, 4.89096497e+02, 5.65681100e-01, 1.32787500e+03,
       5.09777008e+02, 3.98495495e-01, 1.49272693e+03, 5.03858337e+02,
       6.48644984e-01, 1.12187317e+03, 3.85999878e+02, 5.34079671e-01,
       1.35433093e+03, 3.89027985e+02, 7.15491533e-01, 1.58105823e+03,
       4.06709137e+02, 5.98041058e-01, 6.92244263e+02, 4.50819183e+02,
       8.35261762e-01, 7.03967651e+02, 4.09669403e+02, 8.25919032e-01,
       7.15645691e+02, 4.68483093e+02, 2.23339543e-01, 7.36307190e+02,
       3.83016968e+02, 5.85227489e-01, 1.65753662e+03, 3.68457184e+02,
       5.65438986e-01, 1.65167395e+03, 3.65591553e+02, 5.58659792e-01,
       1.59868005e+03, 4.18503571e+02, 2.92468429e-01, 1.57515247e+03,
       4.89126495e+02, 2.02774972e-01, 1.56035742e+03, 5.03824219e+02,
       2.04270422e-01, 1.51329321e+03, 4.89043274e+02, 4.19495165e-01 ]
