%YAML:1.0
---
pose_0: !!opencv-matrix
   rows: 1
   cols: 25
   dt: "3f"
   data: [ 0., 0., 0., 6.53925415e+02, 5.74477783e+02, 7.08476752e-02,
       6.80362732e+02, 6.06833191e+02, 6.80305660e-02, 0., 0., 0., 0.,
       0., 0., 0., 0., 0., 0., 0., 0., 0., 0., 0., 1.04532336e+03,
       6.65706543e+02, 3.16660076e-01, 1.02767786e+03, 7.39283508e+02,
       3.34279835e-01, 0., 0., 0., 0., 0., 0., 1.06009351e+03,
       5.97947754e+02, 3.09046566e-01, 1.37793616e+03, 6.92128113e+02,
       3.30021530e-01, 1.56927478e+03, 6.89216309e+02, 1.04855351e-01,
       0., 0., 0., 0., 0., 0., 0., 0., 0., 0., 0., 0., 0., 0., 0., 0.,
       0., 0., 0., 0., 0., 0., 0., 0., 0., 0., 0., 0., 0., 0. ]
