%YAML:1.0
---
pose_0: !!opencv-matrix
   rows: 1
   cols: 25
   dt: "3f"
   data: [ 7.45094360e+02, 4.18416473e+02, 8.21240544e-01,
       8.12863098e+02, 4.09594452e+02, 8.25934052e-01, 8.09909668e+02,
       4.56747681e+02, 7.07206607e-01, 8.86371460e+02, 5.27287964e+02,
       8.27729642e-01, 7.83347046e+02, 4.77334229e+02, 8.17139268e-01,
       8.15755249e+02, 3.56640411e+02, 6.50024056e-01, 8.95294067e+02,
       3.36003937e+02, 7.93446064e-01, 7.83322693e+02, 3.80116669e+02,
       7.47893691e-01, 1.10422473e+03, 4.50826202e+02, 5.71216464e-01,
       1.09546594e+03, 4.94974213e+02, 5.71151316e-01, 1.30741748e+03,
       5.03773071e+02, 7.90766120e-01, 1.53974597e+03, 5.24304443e+02,
       6.17172241e-01, 1.11592322e+03, 4.00812561e+02, 5.34718037e-01,
       1.32794885e+03, 4.06604523e+02, 5.94469190e-01, 1.54575208e+03,
       4.03723572e+02, 5.66965282e-01, 7.33376282e+02, 4.33118408e+02,
       8.12428057e-01, 7.39209778e+02, 4.06591553e+02, 8.46305728e-01,
       7.42180969e+02, 4.56603699e+02, 3.20334435e-01, 7.51076477e+02,
       3.80138763e+02, 6.33676469e-01, 1.61638220e+03, 3.83023010e+02,
       5.08908927e-01, 1.61334668e+03, 3.74246002e+02, 5.52156210e-01,
       1.57801990e+03, 4.09604675e+02, 2.34126240e-01, 1.61631885e+03,
       5.03703400e+02, 4.44255352e-01, 1.60163940e+03, 5.15541504e+02,
       3.65279227e-01, 1.56625232e+03, 5.09696533e+02, 3.47644031e-01 ]
