%YAML:1.0
---
pose_0: !!opencv-matrix
   rows: 1
   cols: 25
   dt: "3f"
   data: [ 7.39325378e+02, 3.68466919e+02, 6.76501274e-01,
       8.15840820e+02, 3.18398346e+02, 4.62976336e-01, 8.15831360e+02,
       3.68386414e+02, 2.61718392e-01, 0., 0., 0., 0., 0., 0.,
       8.27523621e+02, 2.71403778e+02, 7.07730114e-01, 9.27626160e+02,
       3.36038849e+02, 8.21709037e-01, 9.27512634e+02, 4.62646088e+02,
       5.03908157e-01, 1.10714282e+03, 3.62428558e+02, 4.11556184e-01,
       1.10420703e+03, 4.09521912e+02, 3.99531960e-01, 1.30440820e+03,
       5.06714172e+02, 7.88172007e-01, 1.53979626e+03, 5.71479919e+02,
       6.06029153e-01, 1.11008997e+03, 3.03660461e+02, 3.66850972e-01,
       1.35433667e+03, 2.53648819e+02, 5.47310829e-01, 1.54865125e+03,
       1.56507935e+02, 3.29565525e-01, 7.24566040e+02, 3.83040771e+02,
       5.67338705e-01, 7.24496887e+02, 3.53695801e+02, 6.05152965e-01,
       0., 0., 0., 7.39222107e+02, 3.15476959e+02, 5.43238521e-01,
       1.64876147e+03, 1.26967941e+02, 1.85540617e-01, 1.64867920e+03,
       1.24134888e+02, 1.84675589e-01, 1.62809021e+03, 1.47649765e+02,
       7.65024573e-02, 1.61044543e+03, 6.45048401e+02, 5.07429421e-01,
       1.61047327e+03, 6.42078491e+02, 4.57215637e-01, 1.58102124e+03,
       5.53760437e+02, 4.23660159e-01 ]
