%YAML:1.0
---
pose_0: !!opencv-matrix
   rows: 2
   cols: 25
   dt: "3f"
   data: [ 7.86205933e+02, 5.50989929e+02, 8.31826150e-01,
       8.71732178e+02, 4.83221802e+02, 5.97551048e-01, 8.59991211e+02,
       4.94929962e+02, 4.21289116e-01, 1.01299249e+03, 5.53914734e+02,
       2.18997389e-01, 1.04835010e+03, 5.77410889e+02, 9.81520191e-02,
       8.83431335e+02, 4.83224030e+02, 6.78392887e-01, 1.02180707e+03,
       5.03900574e+02, 7.44670570e-01, 1.14841736e+03, 6.15675659e+02,
       6.81508064e-01, 1.14542053e+03, 4.56647766e+02, 3.36350471e-01,
       1.12479407e+03, 4.83182648e+02, 1.85371742e-01, 0., 0., 0., 0.,
       0., 0., 1.16303088e+03, 4.36177246e+02, 3.70468289e-01,
       1.37490417e+03, 5.50857971e+02, 7.14390695e-01, 1.61631274e+03,
       4.33153748e+02, 4.05779511e-01, 0., 0., 0., 7.68755554e+02,
       5.30370850e+02, 8.05390954e-01, 0., 0., 0., 7.89436157e+02,
       4.97886078e+02, 6.87303364e-01, 1.68407849e+03, 3.74272736e+02,
       2.97808170e-01, 1.68398486e+03, 3.74347656e+02, 2.96546400e-01,
       1.65165076e+03, 4.21384918e+02, 1.27204001e-01, 0., 0., 0., 0.,
       0., 0., 0., 0., 0., 0., 0., 0., 0., 0., 0., 0., 0., 0., 0., 0.,
       0., 0., 0., 0., 0., 0., 0., 0., 0., 0., 0., 0., 0., 0., 0., 0.,
       1.17778406e+03, 4.03721008e+02, 1.37285694e-01, 1.37207654e+03,
       5.33295227e+02, 4.73153532e-01, 1.56337769e+03, 4.50835754e+02,
       2.69223958e-01, 0., 0., 0., 0., 0., 0., 0., 0., 0., 0., 0., 0.,
       0., 0., 0., 0., 0., 0., 0., 0., 0., 0., 0., 0., 0., 0., 0., 0.,
       0., 0., 0., 0., 0., 0., 0., 0., 0., 0., 0. ]
