%YAML:1.0
---
pose_0: !!opencv-matrix
   rows: 1
   cols: 25
   dt: "3f"
   data: [ 7.68702637e+02, 4.41950897e+02, 8.04330647e-01,
       8.77643738e+02, 4.36034637e+02, 7.86907256e-01, 8.80608154e+02,
       5.18463440e+02, 7.26375341e-01, 1.01876233e+03, 5.50824280e+02,
       8.06294739e-01, 1.13960864e+03, 5.83262512e+02, 6.95942044e-01,
       8.77508911e+02, 3.59498871e+02, 6.55109167e-01, 9.98304443e+02,
       3.15524506e+02, 4.68767792e-01, 1.01881543e+03, 3.09545471e+02,
       5.87147117e-01, 1.12779041e+03, 4.53711731e+02, 6.09455943e-01,
       1.11901086e+03, 5.00821472e+02, 6.58658862e-01, 1.30134692e+03,
       5.30380920e+02, 7.85191059e-01, 1.50745801e+03, 5.74416687e+02,
       5.64643264e-01, 1.13654077e+03, 3.97881317e+02, 6.05492055e-01,
       1.34847546e+03, 4.21380890e+02, 6.56630874e-01, 1.55745471e+03,
       4.30150452e+02, 5.02750874e-01, 7.56906250e+02, 4.56762543e+02,
       7.35567391e-01, 7.59837585e+02, 4.24351624e+02, 7.55532622e-01,
       7.74632935e+02, 4.77236053e+02, 2.16914251e-01, 7.80452698e+02,
       3.86115448e+02, 5.62766314e-01, 1.63687219e+03, 3.97857910e+02,
       1.90146118e-01, 1.63099939e+03, 3.97818237e+02, 2.46186793e-01,
       1.61337061e+03, 4.30213104e+02, 2.36243710e-01, 1.58993774e+03,
       5.89182312e+02, 1.87235966e-01, 0., 0., 0., 1.53988452e+03,
       5.56813232e+02, 3.34395736e-01 ]
