%YAML:1.0
---
pose_0: !!opencv-matrix
   rows: 1
   cols: 25
   dt: "3f"
   data: [ 7.36235535e+02, 3.33106964e+02, 8.01688135e-01,
       8.53982117e+02, 3.44808685e+02, 7.29846120e-01, 8.36437805e+02,
       4.24318420e+02, 6.35835171e-01, 9.30651794e+02, 5.27231750e+02,
       8.30156803e-01, 8.09840698e+02, 5.39107971e+02, 7.40420580e-01,
       8.62968384e+02, 2.59509186e+02, 6.31696820e-01, 9.77683167e+02,
       1.77161819e+02, 7.66312659e-01, 9.74782227e+02, 3.29724159e+01,
       7.37297416e-01, 1.11898987e+03, 3.65541260e+02, 6.02641165e-01,
       1.11308997e+03, 4.12667664e+02, 5.79334497e-01, 1.32495349e+03,
       4.33009369e+02, 7.26787627e-01, 1.54569373e+03, 4.50813660e+02,
       6.25418961e-01, 1.12774695e+03, 3.15373718e+02, 5.60065031e-01,
       1.33968408e+03, 3.12516998e+02, 6.66984379e-01, 1.56628845e+03,
       2.94930115e+02, 5.74372470e-01, 7.15816223e+02, 3.47808380e+02,
       7.85151124e-01, 7.18673401e+02, 3.15352905e+02, 8.56307924e-01,
       7.39166565e+02, 3.77187103e+02, 5.18716693e-01, 7.42231812e+02,
       2.91933533e+02, 4.22481000e-01, 1.63996240e+03, 2.65373291e+02,
       4.45514947e-01, 1.63688135e+03, 2.62456818e+02, 4.94041562e-01,
       1.60457813e+03, 3.06594330e+02, 2.20384017e-01, 1.60740479e+03,
       4.59678040e+02, 3.71103972e-01, 0., 0., 0., 1.57809265e+03,
       4.33140808e+02, 4.30068344e-01 ]
