%YAML:1.0
---
pose_0: !!opencv-matrix
   rows: 1
   cols: 25
   dt: "3f"
   data: [ 6.59745483e+02, 4.83250793e+02, 8.50335538e-01,
       7.95209595e+02, 5.09769012e+02, 6.99792147e-01, 7.89358459e+02,
       6.06865967e+02, 7.07103848e-01, 8.86425842e+02, 6.95044067e+02,
       7.94716120e-01, 9.27693176e+02, 6.68713196e+02, 7.54741848e-01,
       8.12860718e+02, 4.15526367e+02, 6.95014775e-01, 9.80556763e+02,
       4.12541656e+02, 8.30954611e-01, 9.51118469e+02, 3.80168396e+02,
       7.36623049e-01, 1.09544507e+03, 5.03836670e+02, 5.27002156e-01,
       1.09545703e+03, 5.56747253e+02, 5.45384884e-01, 1.32496899e+03,
       5.30399597e+02, 6.20437086e-01, 1.59576526e+03, 5.59708008e+02,
       4.49937195e-01, 1.09537769e+03, 4.39068939e+02, 5.01001000e-01,
       1.34558728e+03, 4.30117188e+02, 4.50733930e-01, 1.52807788e+03,
       4.59649292e+02, 4.69665766e-01, 6.44965515e+02, 5.03885162e+02,
       8.69409442e-01, 6.47972717e+02, 4.62697052e+02, 8.47882807e-01,
       6.65662415e+02, 5.33219604e+02, 6.02376997e-01, 6.71674866e+02,
       4.44892731e+02, 4.71021563e-01, 1.63394116e+03, 4.53792053e+02,
       2.81646252e-01, 1.62815173e+03, 4.41980499e+02, 3.06848824e-01,
       1.56043018e+03, 4.74364166e+02, 2.64798075e-01, 1.71643201e+03,
       5.47904114e+02, 3.33166510e-01, 1.71052234e+03, 5.53856689e+02,
       2.74730802e-01, 1.61635876e+03, 5.53831177e+02, 2.93760985e-01 ]
