%YAML:1.0
---
pose_0: !!opencv-matrix
   rows: 1
   cols: 25
   dt: "3f"
   data: [ 7.65869690e+02, 3.62649109e+02, 8.60026240e-01,
       8.59966797e+02, 3.62433929e+02, 7.61095107e-01, 8.59909485e+02,
       4.30213867e+02, 6.84746504e-01, 9.83560730e+02, 4.77313293e+02,
       6.22615397e-01, 1.09843213e+03, 5.21502075e+02, 7.20267415e-01,
       8.71722961e+02, 2.80098053e+02, 6.73101425e-01, 9.98113831e+02,
       2.24205124e+02, 8.58323932e-01, 1.02475391e+03, 1.30033325e+02,
       8.44489038e-01, 1.11896631e+03, 3.65410706e+02, 5.93545079e-01,
       1.11593091e+03, 4.12537415e+02, 6.02735817e-01, 1.35731311e+03,
       4.59651367e+02, 7.62199700e-01, 1.55158276e+03, 5.30268860e+02,
       6.39472842e-01, 1.12191406e+03, 3.15329712e+02, 5.26710629e-01,
       1.34261646e+03, 2.91971558e+02, 3.35767746e-01, 1.56337537e+03,
       2.88964996e+02, 3.46139878e-01, 7.56864563e+02, 3.77247833e+02,
       7.48148918e-01, 7.56963745e+02, 3.42073700e+02, 8.18553329e-01,
       7.65818665e+02, 4.03740509e+02, 5.33378184e-01, 7.83328979e+02,
       3.21302094e+02, 5.53396285e-01, 0., 0., 0., 0., 0., 0.,
       1.57513440e+03, 2.86002319e+02, 2.58183181e-01, 1.61334131e+03,
       5.45006775e+02, 5.45496583e-01, 1.60456653e+03, 5.53784973e+02,
       5.47335088e-01, 1.58393787e+03, 5.30275940e+02, 3.52061898e-01 ]
