%YAML:1.0
---
pose_0: !!opencv-matrix
   rows: 1
   cols: 25
   dt: "3f"
   data: [ 7.80455505e+02, 5.09793976e+02, 8.30533504e-01,
       8.77563843e+02, 5.24388611e+02, 7.08288133e-01, 8.71716064e+02,
       5.89140442e+02, 6.53469086e-01, 9.30585327e+02, 6.50998413e+02,
       3.59706610e-01, 9.65857727e+02, 6.68526733e+02, 4.37570363e-01,
       8.77549927e+02, 4.65535950e+02, 6.78493202e-01, 9.65907959e+02,
       3.89137634e+02, 8.14682245e-01, 8.59847595e+02, 3.89008026e+02,
       8.91113818e-01, 1.14255237e+03, 5.24393616e+02, 6.12648904e-01,
       1.13956128e+03, 5.71401489e+02, 6.18006825e-01, 1.34842358e+03,
       6.18483398e+02, 6.77924514e-01, 1.52220593e+03, 6.27465515e+02,
       6.42258406e-01, 1.15421143e+03, 4.74313690e+02, 5.65862417e-01,
       1.35139087e+03, 4.65595398e+02, 6.42346382e-01, 1.54862549e+03,
       4.44928375e+02, 6.36939764e-01, 7.62839722e+02, 5.27298706e+02,
       8.46272349e-01, 7.65874878e+02, 4.97916565e+02, 8.29107761e-01,
       7.77558899e+02, 5.47978760e+02, 2.88077682e-01, 7.89281311e+02,
       4.68498230e+02, 6.40466034e-01, 1.61347119e+03, 4.27247620e+02,
       5.31937122e-01, 1.61043018e+03, 4.18445160e+02, 5.59776008e-01,
       1.57808728e+03, 4.50805542e+02, 2.81968862e-01, 1.58099207e+03,
       6.83344849e+02, 4.11455244e-01, 1.58683447e+03, 6.74554199e+02,
       4.39346880e-01, 1.55456799e+03, 6.12734802e+02, 4.67669725e-01 ]
