%YAML:1.0
---
pose_0: !!opencv-matrix
   rows: 1
   cols: 25
   dt: "3f"
   data: [ 7.68792603e+02, 4.39007019e+02, 8.18086386e-01,
       8.83397827e+02, 4.33198792e+02, 7.86781549e-01, 8.80651978e+02,
       5.18500305e+02, 7.24662364e-01, 1.01876569e+03, 5.50808716e+02,
       7.88919270e-01, 1.11601428e+03, 5.56811035e+02, 7.97840953e-01,
       8.83439697e+02, 3.50780365e+02, 6.82164609e-01, 1.02168890e+03,
       3.18420898e+02, 6.68944478e-01, 1.02168231e+03, 2.97732727e+02,
       7.20671177e-01, 1.13359106e+03, 4.53801636e+02, 6.22052908e-01,
       1.11903650e+03, 5.00793915e+02, 6.56625569e-01, 1.31323584e+03,
       5.44937561e+02, 7.11227119e-01, 1.51923450e+03, 6.00997925e+02,
       4.75630611e-01, 1.13950098e+03, 4.03651550e+02, 6.09543204e-01,
       1.34261365e+03, 4.18498840e+02, 6.57731056e-01, 1.57219482e+03,
       4.27302582e+02, 6.07166827e-01, 7.56898193e+02, 4.53798340e+02,
       7.41301537e-01, 7.62650391e+02, 4.18464050e+02, 7.84341097e-01,
       7.80487061e+02, 4.68446991e+02, 2.05980390e-01, 7.83313171e+02,
       3.86069672e+02, 5.53792238e-01, 1.63401819e+03, 4.03691071e+02,
       3.98206562e-01, 1.62806262e+03, 3.94940338e+02, 4.56638962e-01,
       1.61035132e+03, 4.33268799e+02, 3.93681526e-01, 1.58986987e+03,
       6.00995239e+02, 3.56910914e-01, 1.57810522e+03, 6.18607544e+02,
       2.83693612e-01, 1.55456750e+03, 6.21509033e+02, 2.67070770e-01 ]
