%YAML:1.0
---
pose_0: !!opencv-matrix
   rows: 1
   cols: 25
   dt: "3f"
   data: [ 0., 0., 0., 7.71680969e+02, 5.89145935e+02, 1.88265935e-01,
       7.71655640e+02, 7.01035522e+02, 8.01257268e-02, 0., 0., 0., 0.,
       0., 0., 7.95201477e+02, 4.77268707e+02, 4.99157518e-01,
       7.18583984e+02, 5.56815186e+02, 2.16437340e-01, 0., 0., 0.,
       1.02768408e+03, 5.50847961e+02, 1.94404706e-01, 1.04240625e+03,
       6.03901428e+02, 1.47864684e-01, 1.21312341e+03, 6.21562927e+02,
       8.33685920e-02, 0., 0., 0., 1.02179883e+03, 4.89075714e+02,
       2.27749661e-01, 0., 0., 0., 0., 0., 0., 0., 0., 0., 0., 0., 0.,
       0., 0., 0., 7.30412109e+02, 4.89058563e+02, 5.21407574e-02, 0.,
       0., 0., 0., 0., 0., 0., 0., 0., 0., 0., 0., 0., 0., 0., 0., 0.,
       0. ]
