%YAML:1.0
---
pose_0: !!opencv-matrix
   rows: 1
   cols: 25
   dt: "3f"
   data: [ 7.51021851e+02, 4.44896851e+02, 5.57693958e-01,
       8.39350708e+02, 4.89099884e+02, 5.80628753e-01, 8.24606689e+02,
       5.39079773e+02, 7.28145480e-01, 9.24674377e+02, 6.33307678e+02,
       8.17622304e-01, 1.01294745e+03, 5.50926453e+02, 7.04647720e-01,
       8.51115112e+02, 4.42002045e+02, 2.47804195e-01, 9.89443970e+02,
       4.65502228e+02, 2.78875023e-01, 1.08948572e+03, 4.56782990e+02,
       7.06777096e-01, 1.09839185e+03, 5.30340881e+02, 5.62578380e-01,
       1.08945911e+03, 5.68550537e+02, 5.09474099e-01, 1.28961267e+03,
       4.97927826e+02, 7.56640613e-01, 1.49270020e+03, 6.27446289e+02,
       5.22015929e-01, 1.11305701e+03, 4.92004181e+02, 4.93821383e-01,
       1.33081128e+03, 4.83304535e+02, 3.85798067e-01, 1.53681299e+03,
       5.33251282e+02, 6.05257630e-01, 7.36248352e+02, 4.59683289e+02,
       6.22513473e-01, 7.36301636e+02, 4.36210083e+02, 1.91712186e-01,
       7.59762207e+02, 5.06701752e+02, 4.74280626e-01, 0., 0., 0.,
       1.59869202e+03, 4.80219818e+02, 4.22790021e-01, 1.58988452e+03,
       4.83143494e+02, 4.33368057e-01, 1.54574438e+03, 5.65554016e+02,
       3.90068501e-01, 1.55743896e+03, 6.62708984e+02, 3.05612803e-01,
       1.53689575e+03, 6.71453674e+02, 3.40277493e-01, 1.52217212e+03,
       6.36277344e+02, 2.63584942e-01 ]
