%YAML:1.0
---
pose_0: !!opencv-matrix
   rows: 1
   cols: 25
   dt: "3f"
   data: [ 6.80439270e+02, 4.83252502e+02, 8.54900360e-01,
       8.15856812e+02, 4.86122528e+02, 7.59019971e-01, 8.09884644e+02,
       5.74430115e+02, 7.83011556e-01, 9.07114319e+02, 6.80396301e+02,
       7.10571527e-01, 8.83474976e+02, 6.92088562e+02, 6.09525323e-01,
       8.39366150e+02, 3.91986572e+02, 6.75392628e-01, 9.80582336e+02,
       3.83117950e+02, 6.73189998e-01, 1.04818726e+03, 3.65399628e+02,
       7.68233538e-01, 1.10127576e+03, 5.06791443e+02, 5.50109148e-01,
       1.09538904e+03, 5.56869995e+02, 5.67574799e-01, 1.32492712e+03,
       5.50997559e+02, 7.04555571e-01, 1.58990320e+03, 5.71448608e+02,
       5.73073864e-01, 1.11012842e+03, 4.50839264e+02, 5.26225686e-01,
       1.37495044e+03, 4.36195587e+02, 5.76985359e-01, 1.52221118e+03,
       4.59637268e+02, 4.02445227e-01, 6.68604065e+02, 5.03804626e+02,
       8.10218811e-01, 6.71518372e+02, 4.62655243e+02, 8.32622409e-01,
       6.89208740e+02, 5.27451721e+02, 3.71982515e-01, 7.03903137e+02,
       4.36246277e+02, 5.64475060e-01, 1.61043811e+03, 4.50789642e+02,
       7.45032579e-02, 0., 0., 0., 1.56631909e+03, 4.65530182e+02,
       1.44676164e-01, 1.68989331e+03, 5.50896484e+02, 4.83690709e-01,
       1.68114148e+03, 5.65631836e+02, 4.15432066e-01, 1.61344141e+03,
       5.59706482e+02, 2.75127530e-01 ]
