%YAML:1.0
---
pose_0: !!opencv-matrix
   rows: 1
   cols: 25
   dt: "3f"
   data: [ 6.89153748e+02, 5.06879303e+02, 4.98537481e-01,
       7.89291748e+02, 4.77276978e+02, 5.47486842e-01, 8.04031982e+02,
       5.53848022e+02, 4.83168811e-01, 9.30565491e+02, 6.21486511e+02,
       7.85679102e-01, 8.83421814e+02, 5.68491638e+02, 7.35949039e-01,
       7.80418579e+02, 4.09587219e+02, 4.22588885e-01, 9.21767578e+02,
       3.12499237e+02, 2.46173009e-01, 8.83473206e+02, 3.41956512e+02,
       1.26894966e-01, 1.09542065e+03, 5.03712524e+02, 5.05346060e-01,
       1.08947644e+03, 5.53812683e+02, 5.47923923e-01, 1.33081628e+03,
       5.98111084e+02, 6.60354555e-01, 1.58102783e+03, 6.18547241e+02,
       5.37232578e-01, 1.09833521e+03, 4.44932831e+02, 4.34015304e-01,
       1.35439697e+03, 4.62550507e+02, 5.40567994e-01, 1.59276453e+03,
       4.56647858e+02, 5.93898773e-01, 6.71647400e+02, 5.09631317e+02,
       2.55035400e-01, 6.74490234e+02, 5.00810364e+02, 4.32174504e-01,
       0., 0., 0., 6.92123657e+02, 4.62642181e+02, 3.70669901e-01,
       1.66645935e+03, 4.36205902e+02, 4.22880709e-01, 1.66341467e+03,
       4.33206970e+02, 4.72996920e-01, 1.62220837e+03, 4.56718719e+02,
       2.17753664e-01, 1.63986902e+03, 5.71500244e+02, 2.12369695e-01,
       1.62812146e+03, 5.83311279e+02, 1.44279540e-01, 1.61335730e+03,
       6.09751343e+02, 2.98390627e-01 ]
