%YAML:1.0
---
pose_0: !!opencv-matrix
   rows: 1
   cols: 25
   dt: "3f"
   data: [ 7.39163147e+02, 5.06636383e+02, 7.60320187e-01,
       7.92311951e+02, 4.21421539e+02, 5.55699468e-01, 7.92268860e+02,
       4.09607574e+02, 3.86519611e-01, 0., 0., 0., 0., 0., 0.,
       7.95206543e+02, 4.36234924e+02, 7.02987432e-01, 9.51229614e+02,
       5.00817017e+02, 7.80619740e-01, 9.24705994e+02, 5.62688110e+02,
       6.71393752e-01, 1.13657874e+03, 4.06650604e+02, 3.50925267e-01,
       1.12776074e+03, 4.03717194e+02, 2.21458778e-01, 1.35134534e+03,
       4.42018494e+02, 5.86485922e-01, 1.60160620e+03, 4.06703217e+02,
       4.14232105e-01, 1.13953601e+03, 4.09583679e+02, 3.50620270e-01,
       1.33963733e+03, 4.77245209e+02, 6.39723539e-01, 1.61928381e+03,
       4.12603088e+02, 3.27864587e-01, 0., 0., 0., 7.21568542e+02,
       4.89153778e+02, 7.41365194e-01, 0., 0., 0., 7.27442505e+02,
       4.50813812e+02, 6.37767911e-01, 1.65753638e+03, 4.80388916e+02,
       7.47052431e-02, 1.66632813e+03, 4.59701324e+02, 7.98396617e-02,
       1.67222461e+03, 4.12572235e+02, 1.52356014e-01, 0., 0., 0., 0.,
       0., 0., 0., 0., 0. ]
