%YAML:1.0
---
pose_0: !!opencv-matrix
   rows: 1
   cols: 25
   dt: "3f"
   data: [ 7.48156738e+02, 3.65533936e+02, 8.34192395e-01,
       8.83458557e+02, 3.62501526e+02, 7.09674597e-01, 8.95230103e+02,
       4.47887360e+02, 6.16954625e-01, 1.04821069e+03, 4.83194824e+02,
       8.20365191e-01, 1.17490759e+03, 5.24357483e+02, 7.83008218e-01,
       8.74671204e+02, 2.74187866e+02, 6.36654019e-01, 1.03940869e+03,
       2.35955017e+02, 7.33566821e-01, 1.20133972e+03, 2.00619247e+02,
       7.83026755e-01, 1.15129285e+03, 3.50786774e+02, 5.24716794e-01,
       1.14241040e+03, 4.06641998e+02, 5.79780817e-01, 1.34257703e+03,
       4.12522644e+02, 7.94604659e-01, 1.63393201e+03, 4.39091827e+02,
       5.92827499e-01, 1.15425769e+03, 2.94730804e+02, 5.19129813e-01,
       1.39261719e+03, 3.12377716e+02, 6.08181477e-01, 1.58990039e+03,
       2.97858154e+02, 5.88268101e-01, 7.39138916e+02, 3.86055115e+02,
       7.82690465e-01, 7.39149536e+02, 3.44931610e+02, 8.07396770e-01,
       7.59908875e+02, 4.03744415e+02, 2.08690271e-01, 7.62734558e+02,
       3.15448517e+02, 5.42140067e-01, 1.64286743e+03, 2.65307648e+02,
       5.17035663e-01, 1.63692749e+03, 2.65290558e+02, 6.03739977e-01,
       1.63101392e+03, 3.03644806e+02, 3.53581518e-01, 1.74288672e+03,
       4.12535034e+02, 2.69061685e-01, 1.73113293e+03, 4.30189575e+02,
       1.95960641e-01, 1.65167273e+03, 4.36076965e+02, 2.86840230e-01 ]
