%YAML:1.0
---
pose_0: !!opencv-matrix
   rows: 1
   cols: 25
   dt: "3f"
   data: [ 6.95264160e+02, 4.89103912e+02, 8.52268577e-01,
       8.15844299e+02, 5.30418091e+02, 7.08528936e-01, 8.15812500e+02,
       6.24544922e+02, 5.74585557e-01, 9.57101990e+02, 6.77523560e+02,
       6.67738736e-01, 9.65891296e+02, 6.44956299e+02, 6.61455810e-01,
       8.30525024e+02, 4.59652435e+02, 5.98058701e-01, 9.71733704e+02,
       3.65503143e+02, 7.79735923e-01, 9.04005188e+02, 3.97807190e+02,
       6.34667039e-01, 1.09545264e+03, 5.39140686e+02, 5.26636779e-01,
       1.09544409e+03, 5.94962830e+02, 5.68038106e-01, 1.31025305e+03,
       6.00839722e+02, 5.11031926e-01, 1.56040625e+03, 5.92034241e+02,
       4.17544097e-01, 1.09534814e+03, 4.83114838e+02, 5.34634829e-01,
       1.31317627e+03, 5.03718170e+02, 6.74194038e-01, 1.61337866e+03,
       5.00776642e+02, 4.76000100e-01, 6.80334106e+02, 5.06758789e+02,
       8.31130683e-01, 6.92152039e+02, 4.77221680e+02, 8.28062296e-01,
       6.95008118e+02, 5.44957642e+02, 5.83593190e-01, 7.18662537e+02,
       4.59677521e+02, 3.59678596e-01, 1.73998950e+03, 5.00836426e+02,
       1.04135171e-01, 1.74870667e+03, 4.97921509e+02, 1.10887110e-01,
       1.62811707e+03, 5.12627258e+02, 2.18596756e-01, 1.63699036e+03,
       5.97960754e+02, 6.66030198e-02, 1.63093127e+03, 6.00931091e+02,
       6.80932105e-02, 1.59574011e+03, 5.80423157e+02, 2.50860423e-01 ]
