%YAML:1.0
---
pose_0: !!opencv-matrix
   rows: 1
   cols: 25
   dt: "3f"
   data: [ 0., 0., 0., 8.36454895e+02, 5.50980408e+02, 4.92442310e-01,
       8.39372986e+02, 5.33207031e+02, 4.00285423e-01, 1.00124530e+03,
       5.53802673e+02, 4.27652150e-01, 1.14256860e+03, 4.59794128e+02,
       7.91810334e-01, 8.21666077e+02, 5.68508728e+02, 4.63855267e-01,
       9.74743469e+02, 5.53922729e+02, 2.06829906e-01, 0., 0., 0.,
       1.14836963e+03, 5.89130493e+02, 2.33625323e-01, 1.14837341e+03,
       5.86184692e+02, 2.11477742e-01, 1.38681531e+03, 4.91980927e+02,
       6.91421747e-01, 1.64284509e+03, 7.18626587e+02, 6.47053897e-01,
       1.17484387e+03, 5.77339478e+02, 1.90419659e-01, 1.37792981e+03,
       4.80258636e+02, 2.71744281e-01, 0., 0., 0., 0., 0., 0., 0., 0.,
       0., 7.86385559e+02, 5.09719299e+02, 1.32211655e-01,
       7.53947998e+02, 5.68545410e+02, 2.01155454e-01, 0., 0., 0., 0.,
       0., 0., 0., 0., 0., 1.67519238e+03, 7.12668701e+02,
       2.47403413e-01, 1.66639941e+03, 7.18689087e+02, 3.00780773e-01,
       1.65750159e+03, 7.42133118e+02, 4.73395169e-01 ]
