%YAML:1.0
---
pose_0: !!opencv-matrix
   rows: 1
   cols: 25
   dt: "3f"
   data: [ 7.09790222e+02, 4.42051178e+02, 7.37842798e-01,
       8.30422913e+02, 4.36210754e+02, 5.90829670e-01, 8.30532532e+02,
       5.06672852e+02, 4.59866524e-01, 9.60050354e+02, 5.50836914e+02,
       5.44896007e-01, 1.06003027e+03, 6.45168091e+02, 7.30633259e-01,
       8.15824646e+02, 3.74298767e+02, 5.23324132e-01, 9.95358887e+02,
       3.12374512e+02, 7.51566291e-01, 1.13073608e+03, 2.71437988e+02,
       7.81331480e-01, 1.11606250e+03, 4.65564941e+02, 5.46241641e-01,
       1.10711804e+03, 5.21473694e+02, 5.46624899e-01, 1.30722937e+03,
       5.74431946e+02, 7.50389397e-01, 1.60459973e+03, 6.24585327e+02,
       5.56256592e-01, 1.12185425e+03, 4.09575775e+02, 5.08957624e-01,
       1.37506470e+03, 4.12475494e+02, 6.08460844e-01, 1.59869128e+03,
       4.12526215e+02, 5.78693151e-01, 6.92129333e+02, 4.59674774e+02,
       7.55358279e-01, 6.92248840e+02, 4.27257446e+02, 7.96471477e-01,
       7.09809998e+02, 4.83138336e+02, 2.43445992e-01, 7.18728638e+02,
       3.91985016e+02, 4.76916105e-01, 1.67519202e+03, 4.09566772e+02,
       2.75502920e-01, 1.66343860e+03, 3.91968658e+02, 3.23225409e-01,
       1.63403748e+03, 4.21380615e+02, 1.99885294e-01, 1.68108923e+03,
       5.89132629e+02, 2.97110230e-01, 1.67810718e+03, 6.00833923e+02,
       2.20338389e-01, 1.63694116e+03, 6.21566345e+02, 3.01879138e-01 ]
