%YAML:1.0
---
pose_0: !!opencv-matrix
   rows: 1
   cols: 25
   dt: "3f"
   data: [ 5.03815247e+02, 5.53795959e+02, 6.87481165e-01,
       6.15634949e+02, 4.59649384e+02, 5.24442613e-01, 6.45102112e+02,
       5.24361084e+02, 4.08720791e-01, 8.03964172e+02, 6.48133301e+02,
       7.18863726e-01, 6.12689392e+02, 5.50851196e+02, 6.88330829e-01,
       5.71472107e+02, 3.89090088e+02, 3.44268590e-01, 8.57044434e+02,
       3.15485809e+02, 7.36746728e-01, 6.00894836e+02, 3.68439392e+02,
       7.65105426e-01, 1.05127527e+03, 5.36210205e+02, 4.50438857e-01,
       1.02179333e+03, 6.03825806e+02, 3.88582110e-01, 1.03063257e+03,
       6.71506592e+02, 2.41374761e-01, 0., 0., 0., 1.07185803e+03,
       4.77284821e+02, 4.16100949e-01, 1.36617737e+03, 5.03737122e+02,
       4.64687467e-01, 1.72526135e+03, 5.00781708e+02, 4.77663994e-01,
       4.77324310e+02, 5.53878052e+02, 2.46551558e-01, 4.80214386e+02,
       5.30270752e+02, 5.27314544e-01, 0., 0., 0., 4.80213409e+02,
       4.71467255e+02, 4.57268655e-01, 1.84891418e+03, 4.56659760e+02,
       8.10085833e-02, 1.85183130e+03, 4.59615173e+02, 8.85178000e-02,
       1.74581348e+03, 5.21449768e+02, 2.43280306e-01, 0., 0., 0., 0.,
       0., 0., 0., 0., 0. ]
