%YAML:1.0
---
pose_0: !!opencv-matrix
   rows: 1
   cols: 25
   dt: "3f"
   data: [ 7.71667969e+02, 4.80273224e+02, 8.42244148e-01,
       8.71662903e+02, 5.03710022e+02, 6.11456811e-01, 8.56957581e+02,
       5.53795837e+02, 5.67521334e-01, 9.95313782e+02, 6.18486023e+02,
       1.65177166e-01, 1.00120020e+03, 6.15588318e+02, 1.27439499e-01,
       8.80501526e+02, 4.53724182e+02, 5.39833844e-01, 1.04830835e+03,
       4.09615051e+02, 6.24640822e-01, 1.16013538e+03, 3.65500122e+02,
       7.32294798e-01, 1.13951819e+03, 5.12619812e+02, 5.77615798e-01,
       1.13944666e+03, 5.59682617e+02, 6.36205554e-01, 1.32797119e+03,
       6.18571167e+02, 6.31072998e-01, 1.54574890e+03, 6.98109924e+02,
       6.07938468e-01, 1.13956775e+03, 4.59607941e+02, 6.29287183e-01,
       1.32499634e+03, 3.65589905e+02, 7.73527503e-01, 1.49576563e+03,
       3.41823029e+02, 5.65963387e-01, 7.62689575e+02, 4.89033325e+02,
       7.57172108e-01, 7.65872375e+02, 4.59625488e+02, 8.16398799e-01,
       7.74544678e+02, 5.15611572e+02, 6.36656582e-01, 8.06945435e+02,
       4.47900146e+02, 5.45814753e-01, 1.53396436e+03, 3.86078705e+02,
       9.05949697e-02, 1.54281763e+03, 3.50752075e+02, 1.37182668e-01,
       1.53393604e+03, 3.38966278e+02, 2.99439847e-01, 1.61051965e+03,
       6.89235657e+02, 4.79579002e-01, 1.60744263e+03, 7.00966248e+02,
       4.13241565e-01, 1.56924402e+03, 7.18752441e+02, 3.95889610e-01 ]
