%YAML:1.0
---
pose_0: !!opencv-matrix
   rows: 1
   cols: 25
   dt: "3f"
   data: [ 7.65643677e+02, 5.56720276e+02, 6.93281233e-01,
       8.59879028e+02, 4.91976440e+02, 5.00025809e-01, 8.56976013e+02,
       4.86163910e+02, 3.39879960e-01, 1.03061523e+03, 5.00831329e+02,
       8.81424695e-02, 1.18362463e+03, 5.03780792e+02, 1.61127865e-01,
       8.68715759e+02, 4.86197662e+02, 5.80851793e-01, 1.02479578e+03,
       5.00832520e+02, 3.01173389e-01, 1.18363916e+03, 5.00842896e+02,
       2.42924973e-01, 1.16605225e+03, 4.09590546e+02, 2.45923489e-01,
       1.18661353e+03, 3.71400116e+02, 1.47690564e-01, 1.39847278e+03,
       5.44959412e+02, 4.32067931e-01, 1.58691296e+03, 4.33190857e+02,
       4.08854157e-01, 1.18660461e+03, 4.21395569e+02, 2.89450318e-01,
       1.39262415e+03, 5.50892517e+02, 4.42676723e-01, 1.68401990e+03,
       4.00779907e+02, 3.19385976e-01, 7.53972961e+02, 5.53757446e+02,
       8.27406123e-02, 7.53962585e+02, 5.39122986e+02, 6.29187286e-01,
       0., 0., 0., 7.74590271e+02, 4.89144836e+02, 5.43922544e-01,
       1.73111230e+03, 4.65509186e+02, 5.84318936e-02, 0., 0., 0.,
       1.72519604e+03, 3.68483612e+02, 1.91381842e-01, 0., 0., 0., 0.,
       0., 0., 1.59571729e+03, 3.89089508e+02, 1.78761840e-01 ]
