%YAML:1.0
---
pose_0: !!opencv-matrix
   rows: 1
   cols: 25
   dt: "3f"
   data: [ 7.39312500e+02, 5.30171265e+02, 6.87080503e-01,
       8.06982788e+02, 4.56733490e+02, 5.53000748e-01, 8.04039063e+02,
       4.50788818e+02, 3.87101024e-01, 9.51113647e+02, 5.03748688e+02,
       8.69080201e-02, 9.18816528e+02, 5.71538208e+02, 1.13385245e-01,
       8.09853516e+02, 4.74355682e+02, 7.36300588e-01, 9.45237122e+02,
       5.00771912e+02, 7.60717571e-01, 9.27476196e+02, 5.74539124e+02,
       7.51182199e-01, 1.11893970e+03, 4.18433228e+02, 4.09910172e-01,
       1.11596448e+03, 4.12522430e+02, 2.68214494e-01, 1.33088232e+03,
       4.56635895e+02, 6.23842478e-01, 1.54574353e+03, 3.89047821e+02,
       6.52931452e-01, 1.13364624e+03, 4.18435516e+02, 4.30697292e-01,
       1.34847742e+03, 5.00733582e+02, 6.93438053e-01, 1.63102112e+03,
       4.27252563e+02, 5.55370510e-01, 0., 0., 0., 7.33348816e+02,
       5.09729523e+02, 6.30769312e-01, 0., 0., 0., 7.45092224e+02,
       4.80119049e+02, 6.37010396e-01, 1.68398779e+03, 3.71328033e+02,
       4.21386123e-01, 1.68105151e+03, 3.77179169e+02, 4.00827825e-01,
       1.65754968e+03, 4.36037231e+02, 2.43740618e-01, 1.58984229e+03,
       3.33039917e+02, 2.29934528e-01, 1.58399390e+03, 3.41841278e+02,
       1.59861505e-01, 1.57219214e+03, 3.68438843e+02, 3.00509065e-01 ]
