%YAML:1.0
---
pose_0: !!opencv-matrix
   rows: 1
   cols: 25
   dt: "3f"
   data: [ 7.56850281e+02, 5.89135376e+02, 7.81542599e-01,
       8.36311646e+02, 6.12735474e+02, 7.16129601e-01, 8.09971130e+02,
       6.83349243e+02, 5.59101582e-01, 9.21732422e+02, 7.62709778e+02,
       2.63425857e-01, 9.27656006e+02, 7.39292908e+02, 9.39209312e-02,
       8.59839966e+02, 5.42076172e+02, 6.21878743e-01, 1.06881592e+03,
       5.92076294e+02, 5.20548522e-01, 9.83495789e+02, 7.18643494e+02,
       6.42515302e-01, 1.11596033e+03, 6.18578552e+02, 6.08596742e-01,
       1.11013013e+03, 6.65649414e+02, 5.78540504e-01, 1.28961829e+03,
       6.74566162e+02, 3.79363328e-01, 1.50451001e+03, 6.98030823e+02,
       2.53083795e-01, 1.11889001e+03, 5.68527649e+02, 5.73860288e-01,
       1.32793359e+03, 6.00942261e+02, 7.06933022e-01, 1.53100317e+03,
       6.24371826e+02, 5.22327244e-01, 7.39168335e+02, 6.00809143e+02,
       8.26037109e-01, 7.42297546e+02, 5.68572449e+02, 8.03862453e-01,
       7.45089172e+02, 6.24580688e+02, 4.54393983e-01, 7.68679626e+02,
       5.47944763e+02, 5.83322406e-01, 1.61634827e+03, 5.89102783e+02,
       5.42714357e-01, 1.61049451e+03, 5.83226135e+02, 5.59995294e-01,
       1.55156555e+03, 6.45057068e+02, 2.43630528e-01, 0., 0., 0., 0.,
       0., 0., 1.52511646e+03, 7.01015686e+02, 2.03540862e-01 ]
