%YAML:1.0
---
pose_0: !!opencv-matrix
   rows: 1
   cols: 25
   dt: "3f"
   data: [ 7.39166382e+02, 5.03699310e+02, 8.65404785e-01,
       8.39361694e+02, 5.03682434e+02, 7.30568707e-01, 8.45199341e+02,
       5.74374329e+02, 6.01590037e-01, 9.77724792e+02, 6.39177307e+02,
       7.53703058e-01, 1.07488110e+03, 6.83282227e+02, 7.19571769e-01,
       8.48169067e+02, 4.18468903e+02, 6.12577975e-01, 9.98211731e+02,
       3.88877716e+02, 7.95663059e-01, 1.11897607e+03, 3.47783752e+02,
       8.47589433e-01, 1.11601404e+03, 4.97904663e+02, 4.52248871e-01,
       1.11591321e+03, 5.53915527e+02, 5.23350894e-01, 1.34555542e+03,
       6.21539001e+02, 6.62750602e-01, 1.55747986e+03, 6.74524841e+02,
       4.99083191e-01, 1.11598218e+03, 4.39078247e+02, 4.46621448e-01,
       1.35151318e+03, 4.56783661e+02, 5.24658918e-01, 1.57220618e+03,
       4.68501862e+02, 5.12389600e-01, 7.18758972e+02, 5.12641724e+02,
       8.11482430e-01, 7.21626770e+02, 4.80348633e+02, 8.63756657e-01,
       7.39310730e+02, 5.33213867e+02, 4.87525463e-01, 7.45109314e+02,
       4.56645874e+02, 5.79626560e-01, 1.63997766e+03, 4.53703735e+02,
       2.74444550e-01, 1.63984009e+03, 4.47875092e+02, 2.73549467e-01,
       1.60456763e+03, 4.83227417e+02, 2.57945210e-01, 1.62521008e+03,
       6.50980225e+02, 4.55510706e-01, 1.61927344e+03, 6.68539795e+02,
       3.85273576e-01, 1.58693628e+03, 6.95122925e+02, 2.79344797e-01 ]
