%YAML:1.0
---
pose_0: !!opencv-matrix
   rows: 1
   cols: 25
   dt: "3f"
   data: [ 0., 0., 0., 7.65716187e+02, 6.00891052e+02, 4.38202262e-01,
       7.59895142e+02, 7.00955322e+02, 4.21158344e-01, 9.27600464e+02,
       7.65878357e+02, 7.03099251e-01, 1.07192529e+03, 8.33548584e+02,
       8.52282524e-01, 7.59832092e+02, 4.86168335e+02, 2.31657892e-01,
       9.21765442e+02, 3.83133301e+02, 5.68333924e-01, 1.02779504e+03,
       2.33058792e+02, 4.98338640e-01, 1.09538428e+03, 5.36150024e+02,
       2.65934706e-01, 1.09247644e+03, 6.00996887e+02, 2.66428322e-01,
       1.38680518e+03, 6.15595459e+02, 5.02254903e-01, 1.52805164e+03,
       6.00868164e+02, 5.66675626e-02, 1.09537305e+03, 4.65514435e+02,
       2.97406524e-01, 1.35438306e+03, 3.59587585e+02, 3.17908764e-01,
       1.60752051e+03, 2.21163696e+02, 1.71579808e-01, 0., 0., 0., 0.,
       0., 0., 0., 0., 0., 0., 0., 0., 0., 0., 0., 0., 0., 0., 0., 0.,
       0., 0., 0., 0., 0., 0., 0., 0., 0., 0. ]
