%YAML:1.0
---
pose_0: !!opencv-matrix
   rows: 1
   cols: 25
   dt: "3f"
   data: [ 8.15733459e+02, 5.12637695e+02, 5.77902675e-01,
       8.95273376e+02, 5.03705597e+02, 3.32613826e-01, 9.04034790e+02,
       5.45003113e+02, 2.69363463e-01, 8.92323792e+02, 6.03925476e+02,
       2.68508554e-01, 8.33445007e+02, 6.33283936e+02, 2.77137637e-01,
       8.86447510e+02, 4.65522247e+02, 2.42624804e-01, 0., 0., 0., 0.,
       0., 0., 1.16305542e+03, 5.39154175e+02, 4.05417919e-01,
       1.16600854e+03, 5.94938171e+02, 4.18443382e-01, 1.34852966e+03,
       6.39191895e+02, 7.19433069e-01, 1.53392493e+03, 6.45147339e+02,
       6.72894478e-01, 1.16897437e+03, 4.86193176e+02, 3.62881362e-01,
       1.37208679e+03, 4.71373535e+02, 5.73068917e-01, 1.56333582e+03,
       4.39034515e+02, 6.49101138e-01, 7.95236145e+02, 5.24287598e+02,
       4.03252870e-01, 8.03958923e+02, 5.00787781e+02, 5.13380289e-01,
       8.12842041e+02, 5.33269470e+02, 8.25516954e-02, 8.18741028e+02,
       4.62563690e+02, 2.60663331e-01, 1.63393970e+03, 4.53686981e+02,
       2.67950058e-01, 1.62519641e+03, 4.36047333e+02, 2.97278941e-01,
       1.58398328e+03, 4.18460175e+02, 3.02911311e-01, 1.56335742e+03,
       7.21580322e+02, 5.85696578e-01, 1.55453748e+03, 7.18560669e+02,
       4.80338782e-01, 1.56046423e+03, 6.27366394e+02, 5.41881979e-01 ]
