%YAML:1.0
---
pose_0: !!opencv-matrix
   rows: 1
   cols: 25
   dt: "3f"
   data: [ 7.65815979e+02, 4.56670319e+02, 8.87812495e-01,
       8.60029541e+02, 4.80167999e+02, 7.47411489e-01, 8.59866455e+02,
       5.33287903e+02, 6.67167664e-01, 9.98114014e+02, 6.09772583e+02,
       7.50559866e-01, 9.07085632e+02, 6.01047607e+02, 6.67726696e-01,
       8.68770386e+02, 4.12486237e+02, 7.39121735e-01, 9.74700623e+02,
       4.18400757e+02, 8.55013609e-01, 8.74626648e+02, 5.09659393e+02,
       7.13745594e-01, 1.11603687e+03, 4.62637604e+02, 5.09115100e-01,
       1.12481689e+03, 5.06753723e+02, 6.02334619e-01, 1.33073914e+03,
       5.00753632e+02, 7.71527648e-01, 1.55742920e+03, 5.03899048e+02,
       6.37706161e-01, 1.11302234e+03, 4.12509552e+02, 5.54322183e-01,
       1.33090979e+03, 3.27245178e+02, 5.36863685e-01, 1.52807593e+03,
       2.59484131e+02, 4.40434903e-01, 7.53971375e+02, 4.65521698e+02,
       8.09843779e-01, 7.62684692e+02, 4.36069702e+02, 8.78784359e-01,
       7.65790527e+02, 4.94939117e+02, 5.17168522e-01, 7.83355042e+02,
       4.15517517e+02, 6.54869974e-01, 0., 0., 0., 0., 0., 0.,
       1.54281702e+03, 2.47830643e+02, 3.45437467e-01, 1.61935205e+03,
       4.97913818e+02, 3.18206787e-01, 1.61630554e+03, 5.12588379e+02,
       3.00410092e-01, 1.58694629e+03, 4.86201385e+02, 3.48392725e-01 ]
