%YAML:1.0
---
pose_0: !!opencv-matrix
   rows: 1
   cols: 25
   dt: "3f"
   data: [ 6.95234619e+02, 5.59668274e+02, 8.62142324e-01,
       8.27512390e+02, 5.71425598e+02, 6.53425634e-01, 8.33448303e+02,
       6.39193115e+02, 6.98206663e-01, 9.60009827e+02, 6.68566528e+02,
       7.24997640e-01, 1.05122156e+03, 7.18625610e+02, 7.70764351e-01,
       8.12904724e+02, 5.03735657e+02, 5.80178857e-01, 9.95331482e+02,
       4.56626099e+02, 7.37010360e-01, 1.13963867e+03, 4.27229126e+02,
       8.08029234e-01, 1.09830615e+03, 5.74456299e+02, 4.62264061e-01,
       1.09251013e+03, 6.18596680e+02, 4.57212836e-01, 1.27787866e+03,
       6.27472473e+02, 1.91160411e-01, 1.53978821e+03, 6.50971924e+02,
       1.17483594e-01, 1.09544080e+03, 5.27325378e+02, 3.84501576e-01,
       1.35135754e+03, 6.44988403e+02, 2.66989559e-01, 1.36326733e+03,
       6.45126343e+02, 6.96282387e-02, 6.86245850e+02, 5.74421143e+02,
       7.95909047e-01, 6.92062317e+02, 5.42089661e+02, 8.52142155e-01,
       6.95234863e+02, 5.95060059e+02, 3.00123572e-01, 7.15660095e+02,
       5.12604187e+02, 6.61131084e-01, 0., 0., 0., 0., 0., 0., 0., 0.,
       0., 0., 0., 0., 0., 0., 0., 0., 0., 0. ]
