%YAML:1.0
---
pose_0: !!opencv-matrix
   rows: 1
   cols: 25
   dt: "3f"
   data: [ 7.65905579e+02, 3.89026764e+02, 8.75531256e-01,
       8.62870178e+02, 3.86024414e+02, 7.21249819e-01, 8.62904907e+02,
       4.36203033e+02, 6.88569248e-01, 9.01165222e+02, 5.27326843e+02,
       8.23342025e-01, 8.80629883e+02, 6.24528564e+02, 8.33290458e-01,
       8.57070679e+02, 3.33075348e+02, 5.88406622e-01, 8.30435303e+02,
       2.53595581e+02, 4.13058519e-01, 0., 0., 0., 1.12778833e+03,
       3.83094360e+02, 5.38837314e-01, 1.13067688e+03, 4.33043365e+02,
       5.29788673e-01, 1.35434912e+03, 4.47910400e+02, 6.92557871e-01,
       1.54270337e+03, 4.77293823e+02, 6.41540408e-01, 1.13363696e+03,
       3.27161407e+02, 5.15991271e-01, 1.36911194e+03, 3.12468628e+02,
       5.15844226e-01, 1.58690442e+03, 2.91883484e+02, 5.74405909e-01,
       7.54010437e+02, 3.94915771e+02, 7.58704782e-01, 7.65640930e+02,
       3.68368591e+02, 8.16204548e-01, 7.62710754e+02, 4.12643951e+02,
       9.28773880e-02, 7.89230469e+02, 3.41903320e+02, 6.29261255e-01,
       1.64868237e+03, 2.59488495e+02, 4.08079147e-01, 1.63704272e+03,
       2.59487305e+02, 4.63969648e-01, 1.63108667e+03, 3.03643036e+02,
       3.15117300e-01, 1.60752576e+03, 4.86183807e+02, 5.00794828e-01,
       1.58988904e+03, 5.03737762e+02, 4.69700664e-01, 1.57216248e+03,
       4.62570770e+02, 3.58292878e-01 ]
