%YAML:1.0
---
pose_0: !!opencv-matrix
   rows: 2
   cols: 25
   dt: "3f"
   data: [ 7.21575867e+02, 5.33210815e+02, 7.14173257e-01,
       8.27514465e+02, 4.53749420e+02, 3.58258039e-01, 8.21664246e+02,
       4.47891022e+02, 1.96790904e-01, 1.01884839e+03, 5.06810120e+02,
       1.48195863e-01, 1.11885815e+03, 5.74381592e+02, 5.25556684e-01,
       8.33398193e+02, 4.47878082e+02, 2.33988136e-01, 0., 0., 0., 0.,
       0., 0., 1.16305249e+03, 4.56687683e+02, 2.20853671e-01,
       1.16008826e+03, 5.00870087e+02, 1.26823261e-01, 0., 0., 0., 0.,
       0., 0., 1.17484241e+03, 4.30234222e+02, 2.68695027e-01,
       1.36908423e+03, 5.18538696e+02, 5.64470649e-01, 1.67519263e+03,
       4.06697266e+02, 3.19531739e-01, 7.12646423e+02, 5.30166016e+02,
       8.22147727e-02, 7.12691528e+02, 5.12616882e+02, 6.84034526e-01,
       0., 0., 0., 7.33384033e+02, 4.59742767e+02, 6.34341240e-01,
       1.72228430e+03, 3.59535004e+02, 3.13966483e-01, 1.72520190e+03,
       3.59613678e+02, 2.56614476e-01, 1.71638489e+03, 4.12578430e+02,
       1.40524924e-01, 0., 0., 0., 0., 0., 0., 0., 0., 0., 0., 0., 0.,
       0., 0., 0., 0., 0., 0., 0., 0., 0., 0., 0., 0., 0., 0., 0., 0.,
       0., 0., 0., 0., 0., 0., 0., 0., 1.16308203e+03, 4.36067719e+02,
       1.18008837e-01, 1.37207642e+03, 5.00822723e+02, 5.93519211e-01,
       1.59573621e+03, 4.15500885e+02, 2.75013387e-01, 0., 0., 0., 0.,
       0., 0., 0., 0., 0., 0., 0., 0., 0., 0., 0., 0., 0., 0., 0., 0.,
       0., 0., 0., 0., 0., 0., 0., 0., 0., 0., 0., 0., 0., 0., 0., 0.,
       0., 0., 0. ]
