%YAML:1.0
---
pose_0: !!opencv-matrix
   rows: 2
   cols: 25
   dt: "3f"
   data: [ 0., 0., 0., 0., 0., 0., 0., 0., 0., 0., 0., 0., 0., 0., 0.,
       6.03857971e+02, 6.03883423e+02, 1.03573583e-01, 6.48112122e+02,
       6.89167542e+02, 5.27324438e-01, 4.12557983e+02, 6.01002686e+02,
       7.63625801e-01, 0., 0., 0., 0., 0., 0., 0., 0., 0., 0., 0., 0.,
       0., 0., 0., 0., 0., 0., 0., 0., 0., 0., 0., 0., 0., 0., 0., 0.,
       0., 0., 0., 0., 0., 0., 0., 0., 0., 0., 0., 0., 0., 0., 0., 0.,
       0., 0., 0., 0., 0., 0., 0., 4.65594788e+02, 5.47836548e+02,
       6.51912987e-01, 6.24395264e+02, 5.36192993e+02, 3.92857224e-01,
       6.27470276e+02, 6.06807190e+02, 1.83252290e-01, 6.59776611e+02,
       6.89257324e+02, 8.40622634e-02, 0., 0., 0., 6.06790039e+02,
       4.71419525e+02, 2.85736114e-01, 6.53877625e+02, 3.83170471e+02,
       5.32740712e-01, 3.92009979e+02, 4.18405304e+02, 6.94046855e-01,
       9.95279663e+02, 5.03864014e+02, 4.21345234e-01, 9.80625244e+02,
       5.68509094e+02, 3.43420416e-01, 1.01299512e+03, 6.53966370e+02,
       4.69110817e-01, 0., 0., 0., 9.98250122e+02, 4.39084137e+02,
       3.71846408e-01, 1.32785632e+03, 4.53800751e+02, 3.48414481e-01,
       1.73120398e+03, 4.36216370e+02, 4.55899209e-01, 4.47846619e+02,
       5.09671051e+02, 5.35171092e-01, 5.06716644e+02, 5.15538147e+02,
       5.54360867e-01, 0., 0., 0., 5.62633667e+02, 4.97897034e+02,
       2.12784037e-01, 1.85477148e+03, 3.91938202e+02, 1.88382819e-01,
       1.85472974e+03, 3.91937500e+02, 1.74463302e-01, 1.75172339e+03,
       4.59630035e+02, 2.21927270e-01, 0., 0., 0., 0., 0., 0., 0., 0.,
       0. ]
