%YAML:1.0
---
pose_0: !!opencv-matrix
   rows: 1
   cols: 25
   dt: "3f"
   data: [ 6.62754089e+02, 4.80242554e+02, 8.70316744e-01,
       8.04045776e+02, 5.12635193e+02, 6.97970212e-01, 7.95237671e+02,
       6.06867859e+02, 6.62899256e-01, 9.06999817e+02, 6.80399963e+02,
       7.37787366e-01, 9.71687439e+02, 6.48101379e+02, 5.74387550e-01,
       8.15841003e+02, 4.15483856e+02, 6.58990681e-01, 9.77769592e+02,
       4.12581482e+02, 8.44727397e-01, 9.24660583e+02, 3.88978973e+02,
       8.13219666e-01, 1.09542542e+03, 4.89047821e+02, 5.10271728e-01,
       1.09832153e+03, 5.39085327e+02, 5.36697984e-01, 1.33384290e+03,
       5.30162231e+02, 7.44809568e-01, 1.61047351e+03, 5.56814514e+02,
       5.81837893e-01, 1.09534729e+03, 4.33217987e+02, 5.11237741e-01,
       1.35145007e+03, 4.33163147e+02, 4.33854103e-01, 1.54279211e+03,
       4.62592010e+02, 4.57433730e-01, 6.45106506e+02, 4.97938934e+02,
       8.35224450e-01, 6.48125610e+02, 4.59599731e+02, 8.82225096e-01,
       6.65654419e+02, 5.27314819e+02, 6.13247097e-01, 6.77480408e+02,
       4.36149902e+02, 4.95509148e-01, 1.63694067e+03, 4.36119415e+02,
       5.50630212e-01, 1.63393359e+03, 4.33168884e+02, 5.65230131e-01,
       1.56631702e+03, 4.83201477e+02, 2.87827969e-01, 1.72523804e+03,
       5.50849792e+02, 5.14905870e-01, 1.71346326e+03, 5.59722717e+02,
       4.19709951e-01, 1.62521924e+03, 5.53785095e+02, 3.08969319e-01 ]
