%YAML:1.0
---
pose_0: !!opencv-matrix
   rows: 1
   cols: 25
   dt: "3f"
   data: [ 7.39335449e+02, 4.33145264e+02, 8.81014705e-01,
       8.59995911e+02, 4.33143097e+02, 6.51564360e-01, 8.74628540e+02,
       5.00782715e+02, 5.92193663e-01, 9.95288818e+02, 5.50776611e+02,
       7.40829945e-01, 1.07190771e+03, 6.24357544e+02, 8.65947306e-01,
       8.51078735e+02, 3.59543396e+02, 5.51021516e-01, 9.98218933e+02,
       3.18252197e+02, 7.27427661e-01, 1.05127600e+03, 3.65459381e+02,
       4.76422220e-01, 1.12196094e+03, 4.56587219e+02, 6.11440301e-01,
       1.11603589e+03, 5.03782257e+02, 6.19730949e-01, 1.31027722e+03,
       5.36236023e+02, 7.29240060e-01, 1.54566614e+03, 5.77395508e+02,
       6.69395924e-01, 1.13654089e+03, 3.97854126e+02, 5.98070920e-01,
       1.35446362e+03, 3.62511536e+02, 6.62982225e-01, 1.56627661e+03,
       3.06630829e+02, 5.88246822e-01, 7.24551086e+02, 4.50770813e+02,
       7.80649543e-01, 7.30420288e+02, 4.12617310e+02, 8.38285446e-01,
       7.39373291e+02, 4.68436615e+02, 3.30682993e-01, 7.53957520e+02,
       3.88967468e+02, 5.73539853e-01, 1.64574670e+03, 2.68380585e+02,
       3.75343382e-01, 1.63700891e+03, 2.68307007e+02, 3.99994552e-01,
       1.57809863e+03, 2.94863007e+02, 2.57370621e-01, 1.61333801e+03,
       6.21597961e+02, 3.09653133e-01, 1.61346619e+03, 6.18552856e+02,
       3.25911701e-01, 1.58103857e+03, 5.62652405e+02, 4.46882516e-01 ]
