%YAML:1.0
---
pose_0: !!opencv-matrix
   rows: 1
   cols: 25
   dt: "3f"
   data: [ 0., 0., 0., 9.57119080e+02, 5.50908142e+02, 3.43507886e-01,
       0., 0., 0., 0., 0., 0., 0., 0., 0., 9.39374023e+02,
       5.71494568e+02, 2.10412562e-01, 8.68810730e+02, 5.71473267e+02,
       3.46204013e-01, 8.80654663e+02, 4.36020874e+02, 6.25804305e-01,
       1.13954663e+03, 5.36183838e+02, 4.99085993e-01, 1.13956165e+03,
       5.83222046e+02, 4.94890183e-01, 1.33094189e+03, 6.21631470e+02,
       6.70257986e-01, 1.52805701e+03, 6.42128723e+02, 6.51191354e-01,
       1.13949561e+03, 4.86114868e+02, 4.74774510e-01, 1.35153833e+03,
       4.62557251e+02, 6.90032482e-01, 1.54865125e+03, 4.36072113e+02,
       6.84434354e-01, 0., 0., 0., 0., 0., 0., 0., 0., 0., 0., 0., 0.,
       1.61929773e+03, 4.33196503e+02, 4.27366555e-01, 1.61348645e+03,
       4.27283142e+02, 4.77788776e-01, 1.56340283e+03, 4.15539368e+02,
       2.76661217e-01, 1.58398193e+03, 6.95039001e+02, 6.14871144e-01,
       1.58391016e+03, 6.92122681e+02, 5.30905008e-01, 1.56040405e+03,
       6.21448364e+02, 5.03905475e-01 ]
