%YAML:1.0
---
pose_0: !!opencv-matrix
   rows: 1
   cols: 25
   dt: "3f"
   data: [ 7.36298157e+02, 4.94962982e+02, 7.12813914e-01,
       8.12945984e+02, 4.18477051e+02, 4.71095771e-01, 8.09944946e+02,
       4.15490509e+02, 3.44792783e-01, 9.71775024e+02, 4.89066010e+02,
       6.69003129e-02, 0., 0., 0., 8.18712585e+02, 4.18460266e+02,
       6.86601043e-01, 9.54126587e+02, 5.03745453e+02, 8.30960870e-01,
       8.54088013e+02, 5.50776489e+02, 8.29047084e-01, 1.12184045e+03,
       3.88971436e+02, 4.10037935e-01, 1.13364502e+03, 3.62481812e+02,
       3.41566205e-01, 1.32796179e+03, 4.50825348e+02, 2.81760842e-01,
       1.62809253e+03, 4.09490509e+02, 1.93998009e-01, 1.11597534e+03,
       4.12570923e+02, 3.93038511e-01, 1.33963855e+03, 4.68453247e+02,
       5.35931349e-01, 1.62808142e+03, 4.09609528e+02, 3.73814404e-01,
       7.18756958e+02, 4.95000885e+02, 7.26213381e-02, 7.24495361e+02,
       4.80253235e+02, 7.25112200e-01, 0., 0., 0., 7.33390503e+02,
       4.33151093e+02, 6.34528279e-01, 1.68396387e+03, 3.62564667e+02,
       2.27645874e-01, 1.68412158e+03, 3.65380707e+02, 1.97586060e-01,
       1.68107434e+03, 3.94893768e+02, 1.21569082e-01, 1.68704456e+03,
       3.59571198e+02, 2.82242656e-01, 1.68411914e+03, 3.65532806e+02,
       2.09548444e-01, 0., 0., 0. ]
