%YAML:1.0
---
pose_0: !!opencv-matrix
   rows: 1
   cols: 25
   dt: "3f"
   data: [ 5.33258728e+02, 5.44958862e+02, 7.95661390e-01,
       6.45138367e+02, 5.74540588e+02, 7.20728874e-01, 6.24436035e+02,
       6.56825806e+02, 3.70587885e-01, 7.95189819e+02, 8.36509705e+02,
       7.18533635e-01, 6.68670044e+02, 7.65774536e+02, 7.24162877e-01,
       6.68603882e+02, 4.83224274e+02, 6.01570904e-01, 7.65813293e+02,
       5.00764862e+02, 7.56110430e-01, 5.74450378e+02, 6.36270447e+02,
       6.23336792e-01, 1.04831689e+03, 5.83240845e+02, 4.52053457e-01,
       1.04543140e+03, 6.45135193e+02, 5.46211243e-01, 1.17489673e+03,
       7.42174805e+02, 2.59727836e-01, 0., 0., 0., 1.05122815e+03,
       5.12674438e+02, 4.44152057e-01, 1.31905957e+03, 5.80270020e+02,
       5.03212392e-01, 1.57219385e+03, 5.74369507e+02, 1.92875102e-01,
       5.09718323e+02, 5.59678772e+02, 8.10614705e-01, 5.27356995e+02,
       5.21451721e+02, 8.43919754e-01, 5.27290222e+02, 6.00822693e+02,
       5.47173500e-01, 5.53860596e+02, 4.97844604e+02, 4.72332388e-01,
       0., 0., 0., 0., 0., 0., 1.59574561e+03, 5.83234192e+02,
       1.12186961e-01, 0., 0., 0., 0., 0., 0., 0., 0., 0. ]
