%YAML:1.0
---
pose_0: !!opencv-matrix
   rows: 1
   cols: 25
   dt: "3f"
   data: [ 7.86258667e+02, 5.33282043e+02, 8.57340038e-01,
       8.74585388e+02, 5.27440369e+02, 7.63918519e-01, 8.80648376e+02,
       5.97884460e+02, 7.40593910e-01, 9.62949951e+02, 6.92163391e+02,
       8.33465993e-01, 9.27470398e+02, 7.45213806e+02, 7.39033222e-01,
       8.60070618e+02, 4.65542084e+02, 6.50721788e-01, 9.06984863e+02,
       3.88956970e+02, 5.62064111e-01, 9.10026306e+02, 3.38868408e+02,
       6.48115635e-01, 1.13074182e+03, 5.47862366e+02, 5.01686454e-01,
       1.13072339e+03, 5.97846619e+02, 5.39457798e-01, 1.33677979e+03,
       6.21644653e+02, 6.92907393e-01, 1.53101111e+03, 6.39194275e+02,
       6.66926980e-01, 1.12778247e+03, 4.92013275e+02, 4.83625710e-01,
       1.32500195e+03, 4.77282043e+02, 7.22082615e-01, 1.56040137e+03,
       4.36150391e+02, 6.59844756e-01, 7.68644226e+02, 5.50761292e+02,
       8.00250173e-01, 7.68799438e+02, 5.18522400e+02, 7.72869051e-01,
       7.86397278e+02, 5.59778442e+02, 1.92567706e-01, 7.86395264e+02,
       4.86176575e+02, 6.36209965e-01, 1.62806970e+03, 4.21392029e+02,
       2.45836884e-01, 1.61636267e+03, 4.15516418e+02, 3.21857810e-01,
       1.58686536e+03, 4.21434692e+02, 2.81512499e-01, 1.58392029e+03,
       6.92097107e+02, 5.80385208e-01, 1.57511584e+03, 6.89204346e+02,
       5.10239065e-01, 1.55747632e+03, 6.21460815e+02, 5.44902802e-01 ]
