%YAML:1.0
---
pose_0: !!opencv-matrix
   rows: 1
   cols: 25
   dt: "3f"
   data: [ 6.89205811e+02, 5.30288818e+02, 7.75931060e-01,
       7.62879822e+02, 4.59621735e+02, 5.24391174e-01, 7.48068787e+02,
       4.39030518e+02, 3.24452043e-01, 0., 0., 0., 0., 0., 0.,
       7.83435669e+02, 4.80206451e+02, 5.45595944e-01, 9.04114014e+02,
       5.09710236e+02, 7.10191071e-01, 9.62895264e+02, 6.12712341e+02,
       5.25854349e-01, 1.06005457e+03, 4.33146606e+02, 2.69598842e-01,
       1.05123218e+03, 4.21386719e+02, 1.96064547e-01, 1.35443665e+03,
       4.80253143e+02, 2.51674294e-01, 1.63990601e+03, 4.12516510e+02,
       2.22131282e-01, 1.08068506e+03, 4.33164337e+02, 2.25506961e-01,
       1.36318811e+03, 4.83096619e+02, 4.50282156e-01, 1.63697131e+03,
       4.12571838e+02, 3.88093799e-01, 6.71493286e+02, 5.27316223e+02,
       6.26565591e-02, 6.74509521e+02, 5.09698608e+02, 7.37240255e-01,
       0., 0., 0., 6.95154358e+02, 4.71372742e+02, 6.42818868e-01,
       1.71643066e+03, 3.56646210e+02, 1.81761563e-01, 1.71936768e+03,
       3.56656891e+02, 1.61178142e-01, 1.67519324e+03, 4.21375366e+02,
       1.38627499e-01, 1.72225793e+03, 3.59568665e+02, 1.56742454e-01,
       1.71059412e+03, 3.71357422e+02, 1.05909847e-01, 1.66931079e+03,
       3.91939117e+02, 6.79147840e-02 ]
