%YAML:1.0
---
pose_0: !!opencv-matrix
   rows: 1
   cols: 25
   dt: "3f"
   data: [ 9.30600952e+02, 4.50785339e+02, 5.29582739e-01,
       9.98256592e+02, 5.21450562e+02, 6.71523273e-01, 9.54052490e+02,
       5.59699768e+02, 6.22795880e-01, 8.33349548e+02, 5.39151978e+02,
       5.69979191e-01, 9.30596313e+02, 4.80303711e+02, 5.28929949e-01,
       1.04531079e+03, 4.80350525e+02, 6.31811380e-01, 1.13067554e+03,
       5.03766998e+02, 7.35968798e-02, 0., 0., 0., 1.18662427e+03,
       5.44957092e+02, 4.57974344e-01, 1.16902637e+03, 5.89155212e+02,
       4.10551906e-01, 1.37797168e+03, 4.97936768e+02, 8.22714627e-01,
       1.61038660e+03, 6.98095825e+02, 5.64205825e-01, 1.19255823e+03,
       4.97921692e+02, 4.40025359e-01, 1.37794092e+03, 4.59736298e+02,
       5.81530750e-01, 1.56335291e+03, 5.68536438e+02, 3.13243359e-01,
       9.27734619e+02, 4.36094055e+02, 1.90304339e-01, 9.48185486e+02,
       4.33041565e+02, 6.02535725e-01, 0., 0., 0., 9.80608948e+02,
       4.36036743e+02, 5.49023569e-01, 1.60451941e+03, 4.94966614e+02,
       2.09883884e-01, 1.59577429e+03, 4.97904358e+02, 2.16510415e-01,
       1.60752075e+03, 6.21492432e+02, 1.88733712e-01, 1.66042493e+03,
       7.09826111e+02, 3.03591341e-01, 1.63993079e+03, 7.18757690e+02,
       3.63793969e-01, 1.61632153e+03, 7.21634949e+02, 3.63225043e-01 ]
