%YAML:1.0
---
pose_0: !!opencv-matrix
   rows: 1
   cols: 25
   dt: "3f"
   data: [ 6.89271912e+02, 4.59561340e+02, 8.57781589e-01,
       7.98170532e+02, 4.59746613e+02, 7.25919962e-01, 8.12866150e+02,
       5.42011963e+02, 6.34571373e-01, 9.39348328e+02, 5.97846069e+02,
       7.57655263e-01, 1.00711420e+03, 6.68581055e+02, 7.82941282e-01,
       7.89371216e+02, 3.86090912e+02, 6.20160222e-01, 9.54023132e+02,
       3.03685760e+02, 7.38308012e-01, 1.08947034e+03, 2.68362946e+02,
       8.70639086e-01, 1.08359265e+03, 4.94925018e+02, 5.13904810e-01,
       1.07178223e+03, 5.47933105e+02, 5.76817870e-01, 1.27790344e+03,
       5.80302795e+02, 7.37157106e-01, 1.56043604e+03, 6.18610901e+02,
       5.03125310e-01, 1.08656873e+03, 4.33085907e+02, 4.85972106e-01,
       1.32782581e+03, 4.33252197e+02, 7.11985052e-01, 1.60749158e+03,
       4.21357788e+02, 5.15682399e-01, 6.74501282e+02, 4.74364258e+02,
       7.21104980e-01, 6.74510071e+02, 4.39037781e+02, 7.90357411e-01,
       6.92275330e+02, 4.92038239e+02, 4.25365210e-01, 7.00977539e+02,
       4.12602966e+02, 5.94586015e-01, 1.67818677e+03, 4.09620636e+02,
       3.47972214e-01, 1.67513342e+03, 4.03727539e+02, 3.89549255e-01,
       1.65163074e+03, 4.36117493e+02, 2.38114074e-01, 1.62518396e+03,
       5.74504150e+02, 2.73980439e-01, 1.61632031e+03, 5.89178040e+02,
       1.89618319e-01, 1.62515344e+03, 6.39190491e+02, 2.12493479e-01 ]
