%YAML:1.0
---
pose_0: !!opencv-matrix
   rows: 1
   cols: 25
   dt: "3f"
   data: [ 7.42212524e+02, 4.74359955e+02, 8.64503026e-01,
       8.62823059e+02, 5.03752441e+02, 7.89392352e-01, 8.51084778e+02,
       5.62645813e+02, 7.48201430e-01, 9.71700928e+02, 6.06780029e+02,
       7.19848752e-01, 1.09537622e+03, 6.53876587e+02, 8.30469966e-01,
       8.83386963e+02, 4.39077454e+02, 5.85750759e-01, 9.51108154e+02,
       4.27305237e+02, 5.89349270e-02, 0., 0., 0., 1.13361108e+03,
       4.71388367e+02, 5.49167275e-01, 1.13363513e+03, 5.18468262e+02,
       5.69287181e-01, 1.35134338e+03, 5.74545959e+02, 7.49069929e-01,
       1.55744507e+03, 6.51022034e+02, 6.19917333e-01, 1.12777820e+03,
       4.15500000e+02, 5.70652306e-01, 1.31906592e+03, 4.12690155e+02,
       6.58222854e-01, 1.57511658e+03, 4.33273743e+02, 6.45005584e-01,
       7.30370850e+02, 4.83342133e+02, 8.30065906e-01, 7.39227112e+02,
       4.56644440e+02, 9.23341215e-01, 7.42185181e+02, 5.12635803e+02,
       6.53495669e-01, 7.65685913e+02, 4.36012573e+02, 6.92467868e-01,
       1.64287134e+03, 4.12567200e+02, 2.67832994e-01, 1.63697839e+03,
       4.09643036e+02, 3.10477316e-01, 1.61040198e+03, 4.47898987e+02,
       3.07055354e-01, 1.63103479e+03, 6.59819092e+02, 4.58055705e-01,
       1.61929138e+03, 6.71619568e+02, 4.54409689e-01, 1.58397339e+03,
       6.48085449e+02, 3.12344700e-01 ]
