%YAML:1.0
---
pose_0: !!opencv-matrix
   rows: 1
   cols: 25
   dt: "3f"
   data: [ 7.89301086e+02, 5.09682617e+02, 8.24559987e-01,
       8.83611694e+02, 5.06677277e+02, 7.80619562e-01, 8.83435364e+02,
       5.74523376e+02, 6.63070083e-01, 9.74631348e+02, 6.71437195e+02,
       8.45086813e-01, 8.83398743e+02, 7.15721741e+02, 6.64540887e-01,
       8.89428101e+02, 4.36127319e+02, 7.20495582e-01, 9.68844177e+02,
       3.33020691e+02, 7.72580087e-01, 9.54264709e+02, 1.97769867e+02,
       8.67096186e-01, 1.13959692e+03, 5.27258118e+02, 5.99493682e-01,
       1.13367664e+03, 5.74320984e+02, 5.89576602e-01, 1.32790100e+03,
       6.18613464e+02, 7.72030175e-01, 1.51914282e+03, 6.33271790e+02,
       6.02747917e-01, 1.14248364e+03, 4.77261627e+02, 5.32090724e-01,
       1.35152954e+03, 4.71366272e+02, 6.52975678e-01, 1.54863464e+03,
       4.39101166e+02, 6.52637780e-01, 7.74612061e+02, 5.27324280e+02,
       7.38712788e-01, 7.74544128e+02, 4.92074646e+02, 7.22229302e-01,
       7.98081543e+02, 5.47859070e+02, 5.16609251e-01, 7.92233398e+02,
       4.59771698e+02, 4.00113970e-01, 1.61344653e+03, 4.30231842e+02,
       3.88034672e-01, 1.61034827e+03, 4.24328583e+02, 4.51508939e-01,
       1.58395496e+03, 4.36179108e+02, 2.71880627e-01, 1.57811340e+03,
       6.74594543e+02, 4.76581514e-01, 1.58100610e+03, 6.71622070e+02,
       5.16952574e-01, 1.54863562e+03, 6.09769470e+02, 4.32827413e-01 ]
