%YAML:1.0
---
pose_0: !!opencv-matrix
   rows: 1
   cols: 25
   dt: "3f"
   data: [ 0., 0., 0., 7.39287109e+02, 4.71395508e+02, 8.64407942e-02,
       0., 0., 0., 0., 0., 0., 0., 0., 0., 7.65773376e+02,
       4.39082428e+02, 8.17353204e-02, 7.98171997e+02, 4.03682434e+02,
       5.88541269e-01, 7.12721436e+02, 4.77360382e+02, 6.90001488e-01,
       1.09538354e+03, 5.30199829e+02, 5.24653554e-01, 1.08656348e+03,
       5.83249634e+02, 5.12559056e-01, 1.32490771e+03, 5.98007629e+02,
       5.18836677e-01, 1.66930273e+03, 6.00828308e+02, 5.79857409e-01,
       1.09540698e+03, 4.71372772e+02, 4.32257861e-01, 1.37498828e+03,
       4.77245117e+02, 5.02332926e-01, 1.59576672e+03, 4.56663177e+02,
       4.64012980e-01, 0., 0., 0., 0., 0., 0., 0., 0., 0., 0., 0., 0.,
       1.68107166e+03, 4.71400208e+02, 3.53199273e-01, 1.67521082e+03,
       4.53731323e+02, 3.61260355e-01, 1.64867590e+03, 4.62620453e+02,
       1.60346255e-01, 1.76938696e+03, 6.45097351e+02, 1.76658571e-01,
       0., 0., 0., 1.70460864e+03, 5.74475342e+02, 3.09192061e-01 ]
