%YAML:1.0
---
pose_0: !!opencv-matrix
   rows: 1
   cols: 25
   dt: "3f"
   data: [ 7.45240234e+02, 3.47850281e+02, 8.23028982e-01,
       8.80558838e+02, 3.94906525e+02, 7.70721197e-01, 8.59975464e+02,
       4.77355713e+02, 7.76284575e-01, 9.98164307e+02, 5.42057190e+02,
       7.88195729e-01, 1.09250220e+03, 4.71394592e+02, 8.02543521e-01,
       8.98203064e+02, 3.18262085e+02, 7.16622949e-01, 1.03951099e+03,
       2.91969116e+02, 8.25482965e-01, 1.16018079e+03, 2.47659073e+02,
       8.34989488e-01, 1.14833496e+03, 3.92033295e+02, 5.87992966e-01,
       1.14543152e+03, 4.44916382e+02, 5.51776707e-01, 1.30442468e+03,
       4.83196564e+02, 7.11961508e-01, 1.55155676e+03, 5.44986572e+02,
       5.81550360e-01, 1.15713904e+03, 3.41922607e+02, 5.75073898e-01,
       1.35145361e+03, 3.15447296e+02, 5.24299622e-01, 1.56931030e+03,
       2.83077057e+02, 5.31985044e-01, 7.36344910e+02, 3.68391022e+02,
       8.38971257e-01, 7.39335938e+02, 3.38854950e+02, 8.54400992e-01,
       7.56944519e+02, 4.06620209e+02, 6.24004543e-01, 7.68682983e+02,
       3.21268860e+02, 2.43445322e-01, 1.64280164e+03, 2.59470795e+02,
       3.66458207e-01, 1.63699902e+03, 2.53637833e+02, 3.89065385e-01,
       1.57516040e+03, 2.74213654e+02, 2.29194656e-01, 1.61345105e+03,
       5.39106567e+02, 4.30557132e-01, 1.61052258e+03, 5.50885681e+02,
       4.45662975e-01, 1.58102173e+03, 5.39152283e+02, 3.54317218e-01 ]
