%YAML:1.0
---
pose_0: !!opencv-matrix
   rows: 1
   cols: 25
   dt: "3f"
   data: [ 7.21606567e+02, 5.33307373e+02, 6.60705149e-01,
       7.83445557e+02, 4.56740356e+02, 5.58954716e-01, 7.62804993e+02,
       4.42041656e+02, 3.57858926e-01, 0., 0., 0., 0., 0., 0.,
       8.03999451e+02, 4.62619537e+02, 5.97714543e-01, 9.27540100e+02,
       5.30384583e+02, 8.27428758e-01, 8.06951965e+02, 5.74263977e+02,
       7.03873575e-01, 1.11009534e+03, 4.56675842e+02, 3.41485739e-01,
       1.11602722e+03, 4.30199677e+02, 2.16743931e-01, 1.31907764e+03,
       5.03872711e+02, 4.38061416e-01, 1.56340979e+03, 4.56677704e+02,
       3.71796340e-01, 1.11897253e+03, 4.74337799e+02, 3.52749586e-01,
       1.32197449e+03, 5.24326965e+02, 5.96153378e-01, 1.57513257e+03,
       4.56764648e+02, 3.47831786e-01, 7.15747253e+02, 5.27376282e+02,
       6.44342154e-02, 7.18575928e+02, 5.24276733e+02, 6.72650576e-01,
       0., 0., 0., 7.33339844e+02, 4.77309448e+02, 5.84468603e-01, 0.,
       0., 0., 0., 0., 0., 1.61341687e+03, 4.71429718e+02,
       2.08646312e-01, 0., 0., 0., 0., 0., 0., 1.63100854e+03,
       4.59619446e+02, 8.49502310e-02 ]
