%YAML:1.0
---
pose_0: !!opencv-matrix
   rows: 2
   cols: 25
   dt: "3f"
   data: [ 5.74423279e+02, 5.80321106e+02, 1.70501694e-01,
       7.45155457e+02, 5.74339050e+02, 1.87769756e-01, 7.77521484e+02,
       6.24511475e+02, 1.32853448e-01, 0., 0., 0., 0., 0., 0.,
       7.50998657e+02, 5.27324402e+02, 8.30817372e-02, 0., 0., 0., 0.,
       0., 0., 1.06005566e+03, 5.21466858e+02, 3.39836746e-01,
       1.05416321e+03, 5.80363464e+02, 3.11859637e-01, 1.18657837e+03,
       6.59813477e+02, 1.82585731e-01, 0., 0., 0., 1.06300781e+03,
       4.62620575e+02, 3.25134009e-01, 1.32200500e+03, 5.30419434e+02,
       5.94759047e-01, 1.67518787e+03, 5.80359497e+02, 4.52184111e-01,
       5.65606873e+02, 5.77392456e+02, 1.13856860e-01, 5.53799988e+02,
       5.59761963e+02, 1.64599016e-01, 0., 0., 0., 0., 0., 0.,
       1.73122668e+03, 5.27252075e+02, 2.80404210e-01, 1.73108521e+03,
       5.24428162e+02, 2.50390649e-01, 1.70766370e+03, 5.97991150e+02,
       2.12344974e-01, 0., 0., 0., 0., 0., 0., 0., 0., 0., 0., 0., 0.,
       0., 0., 0., 0., 0., 0., 0., 0., 0., 0., 0., 0., 6.86287842e+02,
       5.03819672e+02, 1.09885022e-01, 7.89314453e+02, 4.15608307e+02,
       6.29187644e-01, 6.65610474e+02, 5.24441650e+02, 6.91172242e-01,
       0., 0., 0., 0., 0., 0., 0., 0., 0., 0., 0., 0., 0., 0., 0., 0.,
       0., 0., 0., 0., 0., 0., 0., 0., 0., 0., 0., 0., 0., 0.,
       5.92059631e+02, 5.06792358e+02, 1.24428868e-01, 0., 0., 0., 0.,
       0., 0., 0., 0., 0., 0., 0., 0., 0., 0., 0., 0., 0., 0. ]
