%YAML:1.0
---
pose_0: !!opencv-matrix
   rows: 1
   cols: 25
   dt: "3f"
   data: [ 7.80479614e+02, 5.53773865e+02, 8.77992272e-01,
       8.86368530e+02, 5.56881897e+02, 7.10089922e-01, 9.03996460e+02,
       6.39147705e+02, 6.83088720e-01, 1.02775842e+03, 6.71525269e+02,
       7.96436727e-01, 1.14256152e+03, 7.18545227e+02, 8.39297235e-01,
       8.80426697e+02, 4.97924072e+02, 6.36580825e-01, 1.02166443e+03,
       4.30263092e+02, 8.03341687e-01, 1.09233862e+03, 3.68361481e+02,
       8.03439438e-01, 1.13956384e+03, 5.65583801e+02, 6.43959880e-01,
       1.13656421e+03, 6.06832703e+02, 6.31296873e-01, 1.32781506e+03,
       6.24414795e+02, 6.48717105e-01, 1.51922095e+03, 6.36283508e+02,
       5.69405735e-01, 1.14248914e+03, 5.12675781e+02, 6.26092196e-01,
       1.31321277e+03, 5.30299438e+02, 7.61967778e-01, 1.51625354e+03,
       4.62688568e+02, 6.14178538e-01, 7.65770081e+02, 5.68600098e+02,
       7.71284819e-01, 7.65815063e+02, 5.36131653e+02, 8.04923177e-01,
       7.86216370e+02, 5.89101746e+02, 4.47706848e-01, 7.89221741e+02,
       5.12688660e+02, 5.96036792e-01, 1.60746021e+03, 4.39032166e+02,
       4.28405315e-01, 1.59575610e+03, 4.33104767e+02, 4.26792264e-01,
       1.53686890e+03, 4.65534424e+02, 1.87852547e-01, 1.56631396e+03,
       6.15673950e+02, 1.70217142e-01, 1.56344312e+03, 6.45066772e+02,
       1.63566858e-01, 1.55452258e+03, 6.27412598e+02, 3.51940602e-01 ]
