%YAML:1.0
---
pose_0: !!opencv-matrix
   rows: 1
   cols: 25
   dt: "3f"
   data: [ 7.33307861e+02, 4.36270996e+02, 8.58793259e-01,
       8.33428406e+02, 4.83156952e+02, 6.58578932e-01, 8.39403198e+02,
       5.74516968e+02, 4.97314662e-01, 9.48225342e+02, 6.03910278e+02,
       2.06566170e-01, 0., 0., 0., 8.15742798e+02, 4.12513367e+02,
       6.73672259e-01, 9.74595581e+02, 3.62501312e+02, 8.30303311e-01,
       9.68784180e+02, 2.94820984e+02, 8.17264855e-01, 1.11014075e+03,
       4.62674164e+02, 5.76918006e-01, 1.10126257e+03, 5.09731201e+02,
       6.17628872e-01, 1.31026257e+03, 5.44994751e+02, 3.85284543e-01,
       1.51625439e+03, 5.12626282e+02, 3.54533613e-01, 1.11307092e+03,
       4.12545563e+02, 5.84161222e-01, 1.35144507e+03, 4.15584015e+02,
       5.33529937e-01, 1.58098022e+03, 4.39123535e+02, 5.60568213e-01,
       7.12707886e+02, 4.56597015e+02, 8.86866093e-01, 7.21605530e+02,
       4.18446259e+02, 8.39106441e-01, 7.18562805e+02, 4.89086304e+02,
       6.77893698e-01, 7.48035828e+02, 4.09557037e+02, 4.58288550e-01,
       1.65167358e+03, 4.27223450e+02, 4.11027163e-01, 1.64279785e+03,
       4.15575989e+02, 4.31013227e-01, 1.61044031e+03, 4.53783020e+02,
       2.50568926e-01, 1.57805981e+03, 5.65586182e+02, 8.32884982e-02,
       0., 0., 0., 1.54567590e+03, 5.09680359e+02, 2.37756416e-01 ]
