%YAML:1.0
---
pose_0: !!opencv-matrix
   rows: 1
   cols: 25
   dt: "3f"
   data: [ 6.06821472e+02, 5.06748291e+02, 4.36549187e-01,
       7.45213501e+02, 5.80325623e+02, 5.68467677e-01, 7.45115723e+02,
       6.95060486e+02, 5.92588603e-01, 9.15828125e+02, 7.65773682e+02,
       7.91914463e-01, 1.04240881e+03, 8.09946472e+02, 7.89717436e-01,
       7.39192932e+02, 4.80158875e+02, 4.63250250e-01, 9.24626587e+02,
       3.86000885e+02, 7.13384748e-01, 1.00114136e+03, 2.62425446e+02,
       6.74414039e-01, 1.07480542e+03, 5.30351257e+02, 4.07772750e-01,
       1.07482251e+03, 5.95027771e+02, 4.45534617e-01, 1.36613586e+03,
       6.18513855e+02, 5.05561471e-01, 1.66053906e+03, 5.80358887e+02,
       3.28045666e-01, 1.06892566e+03, 4.68474335e+02, 4.14180428e-01,
       1.18071057e+03, 4.15463806e+02, 2.65300781e-01, 1.40740112e+03,
       3.24294373e+02, 1.05734274e-01, 5.83322449e+02, 5.36174561e+02,
       3.62592727e-01, 5.94982422e+02, 5.06771881e+02, 2.71840185e-01,
       6.21560486e+02, 6.18586121e+02, 3.28036755e-01, 5.95083740e+02,
       4.94977081e+02, 7.56385326e-02, 0., 0., 0., 0., 0., 0., 0., 0.,
       0., 0., 0., 0., 0., 0., 0., 1.72817859e+03, 6.09713745e+02,
       9.02190879e-02 ]
