%YAML:1.0
---
pose_0: !!opencv-matrix
   rows: 1
   cols: 25
   dt: "3f"
   data: [ 6.71482178e+02, 4.83229889e+02, 8.71217906e-01,
       7.98151123e+02, 4.80323822e+02, 6.46311283e-01, 8.15728699e+02,
       5.71458313e+02, 5.72845340e-01, 9.59988037e+02, 5.77463867e+02,
       2.69570172e-01, 0., 0., 0., 8.01022949e+02, 3.89112396e+02,
       5.99863470e-01, 9.24591125e+02, 3.21366425e+02, 7.66837835e-01,
       1.01585779e+03, 2.27210815e+02, 7.81853497e-01, 1.09249292e+03,
       4.74324738e+02, 5.26639700e-01, 1.08945947e+03, 5.27285645e+02,
       5.53153336e-01, 1.25726318e+03, 5.03671021e+02, 6.08619809e-01,
       1.54273096e+03, 5.71463135e+02, 3.40773851e-01, 1.08953406e+03,
       4.12536896e+02, 5.21685064e-01, 1.30736670e+03, 4.50788208e+02,
       5.69280624e-01, 1.61928918e+03, 5.24407288e+02, 3.16786110e-01,
       6.53958618e+02, 5.03730927e+02, 7.91495323e-01, 6.53957458e+02,
       4.62679504e+02, 7.79852509e-01, 6.71625671e+02, 5.24319702e+02,
       2.48071566e-01, 6.74513977e+02, 4.36091980e+02, 5.26510239e-01,
       1.70758264e+03, 4.89074005e+02, 4.37458724e-01, 1.70467761e+03,
       4.86234894e+02, 4.38264400e-01, 1.69580688e+03, 5.50948914e+02,
       1.24845788e-01, 0., 0., 0., 0., 0., 0., 0., 0., 0. ]
