%YAML:1.0
---
pose_0: !!opencv-matrix
   rows: 2
   cols: 25
   dt: "3f"
   data: [ 0., 0., 0., 0., 0., 0., 0., 0., 0., 0., 0., 0., 0., 0., 0.,
       6.36255798e+02, 5.71482971e+02, 1.40408546e-01, 5.80293335e+02,
       7.06831543e+02, 4.17445987e-01, 3.35974518e+02, 6.47916016e+02,
       7.80627966e-01, 0., 0., 0., 0., 0., 0., 0., 0., 0., 0., 0., 0.,
       0., 0., 0., 0., 0., 0., 0., 0., 0., 0., 0., 0., 0., 0., 0., 0.,
       0., 0., 5.47961426e+02, 5.71489014e+02, 8.42770711e-02, 0., 0.,
       0., 0., 0., 0., 0., 0., 0., 0., 0., 0., 0., 0., 0., 0., 0., 0.,
       0., 0., 0., 6.51001831e+02, 5.53828918e+02, 2.26491287e-01,
       6.80393555e+02, 5.65625977e+02, 1.05125688e-01, 0., 0., 0., 0.,
       0., 0., 0., 0., 0., 0., 0., 0., 0., 0., 0., 9.95347168e+02,
       5.50931946e+02, 3.61994743e-01, 9.77647278e+02, 6.21566528e+02,
       3.03399205e-01, 1.34848083e+03, 6.42170349e+02, 2.32124984e-01,
       1.77827136e+03, 6.65675659e+02, 2.98189789e-01, 9.98242188e+02,
       4.80282745e+02, 3.39521766e-01, 1.31906360e+03, 4.74395966e+02,
       3.47750515e-01, 1.73702319e+03, 4.77353729e+02, 2.16575205e-01,
       0., 0., 0., 0., 0., 0., 0., 0., 0., 0., 0., 0., 1.84596338e+03,
       4.47843384e+02, 1.78501397e-01, 1.84596790e+03, 4.47866638e+02,
       1.97766647e-01, 1.81943896e+03, 5.09655090e+02, 1.28829479e-01,
       0., 0., 0., 0., 0., 0., 1.80180627e+03, 6.59780334e+02,
       1.75331011e-01 ]
