%YAML:1.0
---
pose_0: !!opencv-matrix
   rows: 1
   cols: 25
   dt: "3f"
   data: [ 0., 0., 0., 7.86347412e+02, 5.50818726e+02, 4.58723575e-01,
       7.98134216e+02, 5.50923950e+02, 4.56584930e-01, 9.36504517e+02,
       4.97949707e+02, 4.57550853e-01, 8.42292114e+02, 3.83151276e+02,
       7.90354729e-01, 7.80455872e+02, 5.59744995e+02, 3.23932022e-01,
       9.33530579e+02, 5.06797882e+02, 2.94459313e-01, 0., 0., 0.,
       1.05712720e+03, 5.50914856e+02, 2.49228731e-01, 1.05714844e+03,
       5.33204529e+02, 1.71091050e-01, 0., 0., 0., 0., 0., 0., 0., 0.,
       0., 0., 0., 0., 0., 0., 0., 0., 0., 0., 0., 0., 0., 0., 0., 0.,
       7.00994995e+02, 5.68541260e+02, 1.29297927e-01, 0., 0., 0., 0.,
       0., 0., 0., 0., 0., 0., 0., 0., 0., 0., 0., 0., 0., 0. ]
