%YAML:1.0
---
pose_0: !!opencv-matrix
   rows: 1
   cols: 25
   dt: "3f"
   data: [ 8.09898376e+02, 5.50976990e+02, 8.55218887e-01,
       9.09931396e+02, 6.15585876e+02, 5.17727494e-01, 8.86470520e+02,
       6.50969360e+02, 2.51171649e-01, 9.54087341e+02, 7.83417969e+02,
       1.84240341e-01, 9.68829529e+02, 7.86416565e+02, 1.36775583e-01,
       9.27592468e+02, 5.74384155e+02, 5.01618981e-01, 9.77796997e+02,
       4.94959106e+02, 5.62098801e-01, 1.04524976e+03, 3.71411896e+02,
       6.84829116e-01, 1.15422986e+03, 6.15620178e+02, 5.46261966e-01,
       1.15426453e+03, 6.53964478e+02, 5.32203376e-01, 1.37198584e+03,
       6.62709229e+02, 7.96592414e-01, 1.55748560e+03, 7.18628296e+02,
       6.01759195e-01, 1.14836633e+03, 5.65613525e+02, 5.53346276e-01,
       1.28373254e+03, 5.30399170e+02, 5.32963991e-01, 1.47510461e+03,
       5.68491028e+02, 3.17958772e-01, 7.92319031e+02, 5.59782288e+02,
       7.92127430e-01, 7.95222717e+02, 5.44929810e+02, 5.71609557e-01,
       8.09769714e+02, 5.98067261e+02, 6.61258340e-01, 0., 0., 0.,
       1.50453821e+03, 5.98029724e+02, 5.16169518e-02, 0., 0., 0.,
       1.49864270e+03, 5.74430481e+02, 1.97344691e-01, 1.61040186e+03,
       6.86263489e+02, 4.70725209e-01, 1.60452246e+03, 6.98046387e+02,
       3.79195750e-01, 1.58392102e+03, 7.39305298e+02, 3.81105840e-01 ]
