%YAML:1.0
---
pose_0: !!opencv-matrix
   rows: 1
   cols: 25
   dt: "3f"
   data: [ 7.39305115e+02, 4.77350128e+02, 8.36168647e-01,
       8.48190735e+02, 5.03688446e+02, 7.72723854e-01, 8.30534546e+02,
       5.71511353e+02, 7.86615252e-01, 9.51127625e+02, 6.18560547e+02,
       8.15005541e-01, 1.04841174e+03, 5.39067139e+02, 7.24418163e-01,
       8.65847534e+02, 4.33098785e+02, 6.89611018e-01, 9.86484924e+02,
       4.33184204e+02, 2.35899150e-01, 1.02186914e+03, 4.36197235e+02,
       1.34087190e-01, 1.10422815e+03, 5.18473755e+02, 5.21176338e-01,
       1.09540466e+03, 5.71535400e+02, 5.52725494e-01, 1.31024341e+03,
       5.77382629e+02, 6.80334210e-01, 1.54276086e+03, 5.97983887e+02,
       5.06357908e-01, 1.10717786e+03, 4.59693085e+02, 5.82901895e-01,
       1.32798840e+03, 4.50789276e+02, 6.16674960e-01, 1.51629639e+03,
       4.62594177e+02, 6.15947187e-01, 7.27442505e+02, 4.89056671e+02,
       7.42609799e-01, 7.24546631e+02, 4.56797028e+02, 8.00537467e-01,
       7.42218445e+02, 5.21407043e+02, 6.26144171e-01, 7.51030579e+02,
       4.36198151e+02, 6.15513325e-01, 1.60746643e+03, 4.24329376e+02,
       4.27733630e-01, 1.60158655e+03, 4.18476715e+02, 4.14872468e-01,
       1.53972644e+03, 4.80307678e+02, 3.37332070e-01, 1.61634973e+03,
       5.71450195e+02, 3.73891324e-01, 1.61048804e+03, 5.80314453e+02,
       2.91239262e-01, 1.56928394e+03, 6.06820679e+02, 2.58458406e-01 ]
