%YAML:1.0
---
pose_0: !!opencv-matrix
   rows: 1
   cols: 25
   dt: "3f"
   data: [ 7.92331726e+02, 3.65493805e+02, 8.42132986e-01,
       8.77577515e+02, 3.86134918e+02, 7.59216368e-01, 8.62885315e+02,
       4.39093750e+02, 6.22892857e-01, 7.39291931e+02, 4.62639771e+02,
       8.09548080e-01, 7.03993042e+02, 4.06595947e+02, 4.67410803e-01,
       8.83386597e+02, 3.30130676e+02, 6.31873250e-01, 8.86393188e+02,
       2.44866821e+02, 4.62035626e-01, 8.39327820e+02, 1.53548584e+02,
       3.04968864e-01, 1.13946497e+03, 3.85991119e+02, 5.23309588e-01,
       1.13949255e+03, 4.33152191e+02, 5.38683116e-01, 1.36030847e+03,
       4.59515564e+02, 7.18958020e-01, 1.54286389e+03, 4.74379364e+02,
       6.18268728e-01, 1.13657642e+03, 3.30107697e+02, 4.75128382e-01,
       1.37208533e+03, 3.33135345e+02, 6.11020088e-01, 1.57805176e+03,
       2.94835602e+02, 6.33634508e-01, 7.86228943e+02, 3.86006042e+02,
       7.81764567e-01, 7.86370911e+02, 3.53662689e+02, 7.48415411e-01,
       8.01030701e+02, 4.12671082e+02, 5.79776585e-01, 8.12706970e+02,
       3.41845245e+02, 3.48019958e-01, 1.65763196e+03, 2.62462921e+02,
       3.55480760e-01, 1.65164734e+03, 2.62490234e+02, 3.90180081e-01,
       1.61045227e+03, 2.91893188e+02, 1.87278330e-01, 1.60745386e+03,
       4.80186401e+02, 4.28254545e-01, 1.59286682e+03, 4.86131683e+02,
       4.11268085e-01, 1.57225562e+03, 4.59634979e+02, 3.95493209e-01 ]
