%YAML:1.0
---
pose_0: !!opencv-matrix
   rows: 2
   cols: 25
   dt: "3f"
   data: [ 0., 0., 0., 1.00124176e+03, 5.62678711e+02, 6.56082407e-02,
       1.01293152e+03, 6.09725464e+02, 1.99746862e-01, 1.11897534e+03,
       6.48125183e+02, 6.97476640e-02, 0., 0., 0., 0., 0., 0., 0., 0.,
       0., 0., 0., 0., 1.16897412e+03, 5.53835083e+02, 3.54567170e-01,
       1.16310571e+03, 5.83294373e+02, 2.59110630e-01, 1.32499341e+03,
       5.53912231e+02, 7.39712954e-01, 1.61342639e+03, 6.95128723e+02,
       3.97414714e-01, 1.16604968e+03, 5.24334717e+02, 2.87207276e-01,
       1.36032898e+03, 4.92023987e+02, 6.64238751e-01, 1.58097974e+03,
       5.92065491e+02, 5.70567787e-01, 0., 0., 0., 0., 0., 0., 0., 0.,
       0., 0., 0., 0., 1.62519336e+03, 5.12607239e+02, 3.06916058e-01,
       1.61926660e+03, 5.18479492e+02, 3.10388058e-01, 1.60164136e+03,
       6.18595337e+02, 4.24375355e-01, 0., 0., 0., 0., 0., 0., 0., 0.,
       0., 0., 0., 0., 0., 0., 0., 8.01072449e+02, 5.42088623e+02,
       2.78911412e-01, 9.21702515e+02, 6.27512268e+02, 5.16978741e-01,
       9.51107361e+02, 5.86254028e+02, 4.24148291e-01, 0., 0., 0., 0.,
       0., 0., 0., 0., 0., 0., 0., 0., 0., 0., 0., 0., 0., 0., 0., 0.,
       0., 0., 0., 0., 0., 0., 0., 0., 0., 0., 0., 0., 0., 0., 0., 0.,
       0., 0., 0., 0., 0., 0., 0., 0., 0., 0., 0., 0., 0., 0., 0., 0.,
       0., 0., 0., 0., 0., 0., 0., 0. ]
