%YAML:1.0
---
pose_0: !!opencv-matrix
   rows: 1
   cols: 25
   dt: "3f"
   data: [ 7.50986694e+02, 4.33137634e+02, 8.50454688e-01,
       8.60013245e+02, 4.12693848e+02, 7.26831853e-01, 8.56926086e+02,
       4.97888702e+02, 7.73391604e-01, 9.51125122e+02, 5.00802002e+02,
       8.44489813e-01, 8.56920349e+02, 4.09612823e+02, 8.69253278e-01,
       8.68764709e+02, 3.39025543e+02, 6.59790635e-01, 9.98287659e+02,
       2.68261566e+02, 8.85837674e-01, 9.21663391e+02, 2.21274216e+02,
       8.36963415e-01, 1.12190039e+03, 4.56795685e+02, 6.62939787e-01,
       1.11296277e+03, 5.06733063e+02, 6.38654649e-01, 1.31910608e+03,
       5.74309448e+02, 7.23242402e-01, 1.49865100e+03, 6.45008179e+02,
       6.71064317e-01, 1.13952332e+03, 4.09527832e+02, 6.31828189e-01,
       1.35434424e+03, 4.18463501e+02, 5.80927014e-01, 1.58097815e+03,
       4.27220459e+02, 6.37211442e-01, 7.39184143e+02, 4.44889587e+02,
       7.88988054e-01, 7.39197815e+02, 4.12461212e+02, 8.81703794e-01,
       7.53980713e+02, 4.59803314e+02, 2.58312196e-01, 7.62708618e+02,
       3.83149597e+02, 6.09988928e-01, 1.63386499e+03, 3.91951019e+02,
       4.53091174e-01, 1.62512561e+03, 3.89064880e+02, 5.15463531e-01,
       1.61035815e+03, 4.33132385e+02, 3.87987643e-01, 1.58693335e+03,
       6.30331299e+02, 4.41093564e-01, 1.57806482e+03, 6.47938843e+02,
       3.87524515e-01, 1.51628418e+03, 6.59806763e+02, 3.70496154e-01 ]
