%YAML:1.0
---
pose_0: !!opencv-matrix
   rows: 1
   cols: 25
   dt: "3f"
   data: [ 6.24517578e+02, 4.15464111e+02, 8.23366046e-01,
       7.36299866e+02, 4.59597198e+02, 6.46243691e-01, 7.12732666e+02,
       5.18539307e+02, 4.01274383e-01, 5.97995728e+02, 4.80317413e+02,
       2.45499998e-01, 5.80389465e+02, 4.56709198e+02, 1.35958195e-01,
       7.42221985e+02, 3.94955658e+02, 6.05922103e-01, 9.45212646e+02,
       3.62518463e+02, 8.71025681e-01, 7.89393250e+02, 3.65496704e+02,
       8.21006417e-01, 1.06882776e+03, 4.89084747e+02, 5.33101320e-01,
       1.06007922e+03, 5.39149597e+02, 5.14414847e-01, 1.31323108e+03,
       5.33207581e+02, 6.37629688e-01, 1.58987598e+03, 5.56770630e+02,
       4.98597831e-01, 1.06884937e+03, 4.33114594e+02, 4.98534799e-01,
       1.31317566e+03, 4.09722443e+02, 5.45573831e-01, 1.53680847e+03,
       4.21350433e+02, 5.26669860e-01, 6.09713867e+02, 4.36110931e+02,
       7.75450945e-01, 6.15689697e+02, 4.06694519e+02, 6.35012865e-01,
       6.27378662e+02, 4.68492401e+02, 6.75975561e-01, 6.45014587e+02,
       3.88948303e+02, 9.79496241e-02, 1.63399707e+03, 4.09605133e+02,
       4.61896360e-01, 1.63101587e+03, 3.97825134e+02, 4.70648706e-01,
       1.54574658e+03, 4.36150543e+02, 3.06061566e-01, 1.71936279e+03,
       5.62676514e+02, 3.89609784e-01, 1.70465283e+03, 5.74413086e+02,
       3.65590811e-01, 1.61634216e+03, 5.53789490e+02, 2.86341399e-01 ]
