%YAML:1.0
---
pose_0: !!opencv-matrix
   rows: 1
   cols: 25
   dt: "3f"
   data: [ 0., 0., 0., 6.71542175e+02, 5.86243103e+02, 3.77762914e-01,
       6.83345337e+02, 6.71597778e+02, 1.01378471e-01, 0., 0., 0., 0.,
       0., 0., 6.48021301e+02, 4.83286804e+02, 3.95730674e-01,
       8.59970825e+02, 3.77230011e+02, 2.83222228e-01, 1.06011768e+03,
       2.88897034e+02, 4.52724844e-01, 1.08948718e+03, 7.15740417e+02,
       1.29895851e-01, 1.07184302e+03, 7.77507141e+02, 9.28086191e-02,
       1.16312720e+03, 8.56906738e+02, 1.33446798e-01, 0., 0., 0.,
       1.11895984e+03, 6.51003662e+02, 1.55061558e-01, 1.42199854e+03,
       7.65732422e+02, 4.76295322e-01, 1.59872253e+03, 7.18727722e+02,
       1.44770473e-01, 0., 0., 0., 0., 0., 0., 0., 0., 0.,
       5.00866333e+02, 6.45074341e+02, 1.54991344e-01, 0., 0., 0., 0.,
       0., 0., 1.62223877e+03, 7.27492737e+02, 7.04902038e-02, 0., 0.,
       0., 0., 0., 0., 0., 0., 0. ]
