%YAML:1.0
---
pose_0: !!opencv-matrix
   rows: 1
   cols: 25
   dt: "3f"
   data: [ 7.65705322e+02, 4.33063202e+02, 8.23371291e-01,
       8.57064514e+02, 4.09615204e+02, 7.52918243e-01, 8.59996887e+02,
       4.53776459e+02, 6.81835592e-01, 9.15799194e+02, 5.24374573e+02,
       7.85370708e-01, 7.83408386e+02, 4.97833374e+02, 8.10547113e-01,
       8.59925354e+02, 3.56601471e+02, 5.74595153e-01, 9.27593140e+02,
       3.18365143e+02, 8.24639142e-01, 7.62691467e+02, 3.77214020e+02,
       7.33028889e-01, 1.12187170e+03, 4.53720123e+02, 5.81110477e-01,
       1.11890442e+03, 4.95004486e+02, 5.97854257e-01, 1.30734802e+03,
       4.97870605e+02, 6.01585150e-01, 1.53682935e+03, 5.12587524e+02,
       5.89863062e-01, 1.12773438e+03, 3.97803162e+02, 5.94733834e-01,
       1.33089832e+03, 4.09705048e+02, 7.21604824e-01, 1.56626636e+03,
       4.24277740e+02, 5.85536063e-01, 7.56880127e+02, 4.39010132e+02,
       7.31717229e-01, 7.56893860e+02, 4.15465851e+02, 7.53797710e-01,
       7.62820435e+02, 4.59602966e+02, 1.82378098e-01, 7.65833923e+02,
       3.94865295e+02, 5.97652614e-01, 1.63404358e+03, 3.92017090e+02,
       2.66746610e-01, 1.62809778e+03, 3.91980957e+02, 3.07925940e-01,
       1.58986279e+03, 4.30233673e+02, 2.98008412e-01, 1.62806909e+03,
       5.00876526e+02, 2.96537906e-01, 1.61347314e+03, 5.15537109e+02,
       2.18828857e-01, 1.56042334e+03, 5.03741028e+02, 2.74019122e-01 ]
