%YAML:1.0
---
pose_0: !!opencv-matrix
   rows: 1
   cols: 25
   dt: "3f"
   data: [ 6.92129761e+02, 5.24328430e+02, 8.43720496e-01,
       8.06969727e+02, 4.86093964e+02, 6.39058888e-01, 8.09926392e+02,
       5.47851807e+02, 4.96673405e-01, 9.04110901e+02, 5.86181641e+02,
       1.71212524e-01, 9.74732117e+02, 5.98001465e+02, 1.12651162e-01,
       8.04019043e+02, 4.36082550e+02, 5.68532109e-01, 9.30639099e+02,
       3.62484619e+02, 7.84294605e-01, 1.06297900e+03, 3.06594635e+02,
       7.58210182e-01, 1.09831958e+03, 4.94965454e+02, 5.43473661e-01,
       1.09241479e+03, 5.47948242e+02, 5.78000903e-01, 1.29847400e+03,
       5.80337708e+02, 7.05964863e-01, 1.57517188e+03, 6.15580933e+02,
       5.64721346e-01, 1.10421960e+03, 4.36206146e+02, 5.05117774e-01,
       1.35132544e+03, 4.56640900e+02, 7.39424467e-01, 1.56925342e+03,
       4.33095062e+02, 6.15015745e-01, 6.77441833e+02, 5.30212952e+02,
       7.27588415e-01, 6.77427246e+02, 5.03726166e+02, 7.99795330e-01,
       0., 0., 0., 6.98080261e+02, 4.62617981e+02, 6.38848603e-01,
       1.65169177e+03, 5.00858612e+02, 6.28113449e-02, 0., 0., 0.,
       1.59285632e+03, 4.15504883e+02, 2.51837581e-01, 1.68698181e+03,
       6.45117676e+02, 2.75103331e-01, 1.67811560e+03, 6.48099121e+02,
       3.10461015e-01, 1.61631458e+03, 5.95049683e+02, 3.23159337e-01 ]
