%YAML:1.0
---
pose_0: !!opencv-matrix
   rows: 1
   cols: 25
   dt: "3f"
   data: [ 7.59870544e+02, 4.15561920e+02, 7.90645063e-01,
       8.33399536e+02, 3.89124634e+02, 6.66578054e-01, 8.15797729e+02,
       4.50831848e+02, 4.24590319e-01, 8.80476501e+02, 5.30373108e+02,
       1.66638494e-01, 9.21698608e+02, 5.53842773e+02, 1.47304788e-01,
       8.42337524e+02, 3.41956665e+02, 6.91418171e-01, 9.45225037e+02,
       3.68400543e+02, 7.64353752e-01, 9.30561584e+02, 5.27423279e+02,
       7.31639147e-01, 1.06888257e+03, 3.89034271e+02, 2.97887474e-01,
       1.09540405e+03, 4.33149445e+02, 2.24603504e-01, 1.36326904e+03,
       5.30189575e+02, 6.06060326e-01, 1.56632117e+03, 5.53809448e+02,
       6.17291093e-01, 1.06302405e+03, 3.33066956e+02, 3.13230008e-01,
       1.37209973e+03, 2.91788788e+02, 4.44399834e-01, 1.57218933e+03,
       1.50664444e+02, 2.88841188e-01, 7.39353455e+02, 4.30154175e+02,
       7.32538640e-01, 7.45172058e+02, 4.00775330e+02, 7.29990482e-01,
       7.53916565e+02, 4.41994293e+02, 1.26684085e-01, 7.62886475e+02,
       3.68362244e+02, 5.91503263e-01, 1.66639404e+03, 1.15243095e+02,
       7.24223927e-02, 1.67225049e+03, 1.15251961e+02, 7.07545429e-02,
       0., 0., 0., 1.58995679e+03, 6.36266663e+02, 4.09889728e-01,
       1.57810815e+03, 6.24526001e+02, 3.63245517e-01, 1.58994690e+03,
       5.36179260e+02, 4.39585954e-01 ]
