%YAML:1.0
---
pose_0: !!opencv-matrix
   rows: 1
   cols: 25
   dt: "3f"
   data: [ 6.24385742e+02, 4.92084137e+02, 8.58443916e-01,
       7.77483887e+02, 5.09659973e+02, 7.12567568e-01, 7.65668457e+02,
       6.06788818e+02, 7.02266753e-01, 9.07023926e+02, 6.59794678e+02,
       4.95199114e-01, 9.33586182e+02, 6.44997253e+02, 5.84452689e-01,
       7.89234863e+02, 4.15561920e+02, 6.44554436e-01, 9.48200439e+02,
       3.62366150e+02, 7.92710066e-01, 8.62841858e+02, 3.59627319e+02,
       7.95745015e-01, 1.06006848e+03, 5.06675720e+02, 5.24436593e-01,
       1.05126550e+03, 5.59710510e+02, 5.36172867e-01, 1.29847546e+03,
       5.68506775e+02, 4.31727439e-01, 1.58693359e+03, 5.53864014e+02,
       3.26566458e-01, 1.06004199e+03, 4.39112457e+02, 5.22613049e-01,
       1.28964270e+03, 4.59627258e+02, 5.50131083e-01, 1.63697681e+03,
       4.65599670e+02, 5.06970525e-01, 6.03856628e+02, 5.06683624e+02,
       8.10121953e-01, 6.18511902e+02, 4.65513092e+02, 8.21919978e-01,
       6.24597778e+02, 5.27475220e+02, 2.20861584e-01, 6.48124878e+02,
       4.30121521e+02, 5.98979831e-01, 0., 0., 0., 0., 0., 0.,
       1.65464746e+03, 4.62599487e+02, 2.80190051e-01, 1.68410510e+03,
       5.53847168e+02, 1.99584678e-01, 1.67808081e+03, 5.62693787e+02,
       1.43419832e-01, 1.61634180e+03, 5.53832153e+02, 1.71480715e-01 ]
