%YAML:1.0
---
pose_0: !!opencv-matrix
   rows: 1
   cols: 25
   dt: "3f"
   data: [ 7.86400757e+02, 4.68429840e+02, 8.00141335e-01,
       8.33463074e+02, 5.12702576e+02, 6.91586614e-01, 8.39362610e+02,
       5.15601807e+02, 5.33349097e-01, 9.33568481e+02, 4.53791626e+02,
       7.02857137e-01, 9.54245117e+02, 3.15300415e+02, 7.43914783e-01,
       8.33431519e+02, 5.06782928e+02, 3.42509389e-01, 9.18781250e+02,
       4.68486053e+02, 7.87098035e-02, 0., 0., 0., 1.13953650e+03,
       5.06743927e+02, 3.29132646e-01, 1.13955945e+03, 5.53876648e+02,
       2.87488699e-01, 1.36911267e+03, 6.12695374e+02, 2.27558613e-01,
       1.53974475e+03, 6.95050842e+02, 3.99490148e-01, 1.13956824e+03,
       4.53769928e+02, 2.59242058e-01, 0., 0., 0., 0., 0., 0.,
       7.65861389e+02, 4.80100189e+02, 8.10583413e-01, 7.65883240e+02,
       4.59562622e+02, 3.09496194e-01, 7.74551941e+02, 5.06750366e+02,
       6.78280294e-01, 0., 0., 0., 0., 0., 0., 0., 0., 0., 0., 0., 0.,
       1.60745886e+03, 6.83303955e+02, 2.53018051e-01, 0., 0., 0.,
       1.54572864e+03, 7.12784729e+02, 2.25587517e-01 ]
