%YAML:1.0
---
pose_0: !!opencv-matrix
   rows: 1
   cols: 25
   dt: "3f"
   data: [ 7.01016846e+02, 2.94783081e+02, 7.52739549e-01,
       8.12806213e+02, 2.68439728e+02, 7.49201059e-01, 7.89357056e+02,
       3.50704407e+02, 7.20454335e-01, 8.33275574e+02, 4.94952698e+02,
       7.29294240e-01, 8.51037292e+02, 6.27440613e+02, 7.02718019e-01,
       8.33465027e+02, 1.97691284e+02, 4.88447398e-01, 9.51209900e+02,
       1.47655212e+02, 7.31135249e-01, 1.07177490e+03, 1.06353752e+02,
       8.66798401e-01, 1.06884802e+03, 2.97747162e+02, 6.10043585e-01,
       1.05422156e+03, 3.44953552e+02, 5.77678084e-01, 1.27491492e+03,
       3.86133942e+02, 5.54214716e-01, 1.46038135e+03, 4.06665436e+02,
       3.16041201e-01, 1.07476575e+03, 2.44709122e+02, 5.67398190e-01,
       1.30725549e+03, 1.94700027e+02, 5.04746914e-01, 1.53687354e+03,
       1.53614792e+02, 2.00286880e-01, 6.92188721e+02, 3.00765869e+02,
       6.76146805e-01, 6.92196777e+02, 2.83003876e+02, 6.71179950e-01,
       7.12725159e+02, 3.18351044e+02, 2.69109637e-01, 6.95131775e+02,
       2.50766617e+02, 5.26288986e-01, 1.52510913e+03, 2.00609192e+02,
       9.43230242e-02, 0., 0., 0., 1.54869214e+03, 1.53528778e+02,
       1.73612192e-01, 1.48389587e+03, 4.09658813e+02, 7.30108768e-02,
       0., 0., 0., 1.48683887e+03, 4.06697540e+02, 2.21507922e-01 ]
