%YAML:1.0
---
pose_0: !!opencv-matrix
   rows: 1
   cols: 25
   dt: "3f"
   data: [ 6.06799500e+02, 5.06772278e+02, 7.50689924e-01,
       7.53922668e+02, 4.71447296e+02, 6.00408673e-01, 7.45124634e+02,
       5.83284729e+02, 5.36621928e-01, 9.07051270e+02, 6.51002991e+02,
       7.65542924e-01, 1.08360608e+03, 7.18684875e+02, 7.93691456e-01,
       7.62864258e+02, 3.59548462e+02, 5.23885369e-01, 9.54058411e+02,
       3.59488403e+02, 6.96566045e-01, 1.16010657e+03, 3.59487061e+02,
       7.11385012e-01, 1.08064783e+03, 5.33231140e+02, 4.76287425e-01,
       1.06881750e+03, 6.03840698e+02, 4.44315106e-01, 1.16600598e+03,
       6.71528748e+02, 1.10397056e-01, 0., 0., 0., 1.09247925e+03,
       4.62651825e+02, 4.22727644e-01, 1.31904492e+03, 4.65572693e+02,
       3.72994423e-01, 1.73110632e+03, 4.30216034e+02, 1.53597787e-01,
       5.80274292e+02, 5.27241577e+02, 6.98570490e-01, 5.86185974e+02,
       4.80188507e+02, 6.58028007e-01, 0., 0., 0., 6.18538330e+02,
       4.30211761e+02, 4.97800708e-01, 1.77522192e+03, 3.89069794e+02,
       1.05563201e-01, 1.77232776e+03, 3.91984192e+02, 1.08726047e-01,
       1.73995557e+03, 4.36103424e+02, 1.21281765e-01, 0., 0., 0., 0.,
       0., 0., 0., 0., 0. ]
