%YAML:1.0
---
pose_0: !!opencv-matrix
   rows: 1
   cols: 25
   dt: "3f"
   data: [ 7.21569458e+02, 4.83284210e+02, 8.64099562e-01,
       8.53960449e+02, 4.83318115e+02, 6.92273796e-01, 8.62951233e+02,
       5.71396179e+02, 6.06308341e-01, 9.77582153e+02, 6.44924500e+02,
       8.71904850e-01, 8.86512024e+02, 5.98047546e+02, 7.32937515e-01,
       8.39379028e+02, 4.09664063e+02, 6.34767354e-01, 9.57068237e+02,
       3.62405914e+02, 6.90794289e-01, 1.04538208e+03, 3.59472992e+02,
       8.00199211e-01, 1.13368555e+03, 5.00816376e+02, 5.25600493e-01,
       1.12481396e+03, 5.50745728e+02, 5.43491364e-01, 1.35133716e+03,
       5.74421448e+02, 5.92368126e-01, 1.49570239e+03, 5.83224609e+02,
       6.10777438e-01, 1.13362634e+03, 4.39046143e+02, 4.87799853e-01,
       1.35439612e+03, 4.59675903e+02, 5.95252037e-01, 1.58106396e+03,
       4.71427216e+02, 6.38375103e-01, 7.09815430e+02, 5.03874878e+02,
       7.92281985e-01, 7.12691162e+02, 4.65556885e+02, 7.84800589e-01,
       7.24534058e+02, 5.27316711e+02, 2.98722744e-01, 7.36308105e+02,
       4.36167572e+02, 5.26450217e-01, 1.63408923e+03, 4.36020569e+02,
       5.84861279e-01, 1.62816296e+03, 4.33200867e+02, 6.11015439e-01,
       1.61048694e+03, 4.83153564e+02, 3.98208559e-01, 1.49275220e+03,
       6.59778992e+02, 4.33486283e-01, 1.48387354e+03, 6.48132874e+02,
       4.27366614e-01, 1.53391431e+03, 5.74501709e+02, 4.24188793e-01 ]
