%YAML:1.0
---
pose_0: !!opencv-matrix
   rows: 1
   cols: 25
   dt: "3f"
   data: [ 7.89445313e+02, 4.65573761e+02, 8.44679892e-01,
       9.06913086e+02, 4.59720215e+02, 7.94669807e-01, 9.04063110e+02,
       5.30223999e+02, 6.67590618e-01, 1.03648376e+03, 5.77434021e+02,
       7.80491590e-01, 9.33521729e+02, 5.33294556e+02, 5.29675484e-01,
       9.03966614e+02, 3.92017517e+02, 7.01600373e-01, 9.80575623e+02,
       3.38986084e+02, 8.05234432e-01, 1.05133423e+03, 3.39024414e+02,
       8.23957205e-01, 1.18652783e+03, 4.89063232e+02, 5.86711884e-01,
       1.17191235e+03, 5.33246521e+02, 6.02045000e-01, 1.34556030e+03,
       5.47930847e+02, 2.92935193e-01, 1.50742712e+03, 5.68582336e+02,
       4.30713028e-01, 1.18954956e+03, 4.36112061e+02, 6.08792782e-01,
       1.37794946e+03, 4.80284668e+02, 7.23179519e-01, 1.56631519e+03,
       4.62587738e+02, 6.82218134e-01, 7.80413391e+02, 4.83216034e+02,
       8.21665704e-01, 7.83347473e+02, 4.53711456e+02, 8.48547339e-01,
       8.01100647e+02, 5.03709076e+02, 4.18257117e-01, 8.01098877e+02,
       4.24301849e+02, 6.54825270e-01, 1.62219995e+03, 4.44930969e+02,
       4.13881183e-01, 1.61342737e+03, 4.39087128e+02, 5.04467189e-01,
       1.59278320e+03, 4.56741394e+02, 3.24407101e-01, 1.49575220e+03,
       6.47943054e+02, 2.17611641e-01, 1.48975378e+03, 6.39176331e+02,
       1.97817504e-01, 1.54274084e+03, 5.59684692e+02, 3.52356076e-01 ]
