%YAML:1.0
---
pose_0: !!opencv-matrix
   rows: 1
   cols: 25
   dt: "3f"
   data: [ 4.91982056e+02, 5.30289856e+02, 7.23631859e-01,
       6.18517700e+02, 5.30219604e+02, 6.36296093e-01, 6.21599976e+02,
       5.92078735e+02, 4.79703337e-01, 6.68615784e+02, 7.12708374e+02,
       6.88069224e-01, 4.53658478e+02, 6.24366577e+02, 7.91771293e-01,
       6.06850952e+02, 4.62656830e+02, 4.85102177e-01, 7.15656494e+02,
       3.94908875e+02, 4.85714823e-01, 4.62572083e+02, 4.56747131e+02,
       7.30642557e-01, 1.02173889e+03, 5.53854431e+02, 4.86191571e-01,
       1.00115546e+03, 6.21607300e+02, 4.66228038e-01, 1.13067554e+03,
       6.74532898e+02, 7.90523291e-02, 1.71937195e+03, 5.86197571e+02,
       5.62357046e-02, 1.02766504e+03, 4.83155670e+02, 4.45649773e-01,
       1.31318420e+03, 4.92000916e+02, 2.36972272e-01, 1.71052197e+03,
       4.83327026e+02, 3.09533030e-01, 4.74395416e+02, 5.50946899e+02,
       6.69803202e-01, 4.77346527e+02, 5.06645477e+02, 7.14727879e-01,
       5.00864624e+02, 5.71497070e+02, 1.09633401e-01, 5.12670715e+02,
       4.80157318e+02, 4.90309238e-01, 1.85765576e+03, 4.39074646e+02,
       5.96845448e-02, 1.86350854e+03, 4.41981903e+02, 7.83977062e-02,
       0., 0., 0., 0., 0., 0., 0., 0., 0., 0., 0., 0. ]
