%YAML:1.0
---
pose_0: !!opencv-matrix
   rows: 1
   cols: 25
   dt: "3f"
   data: [ 0., 0., 0., 7.74577881e+02, 5.50922913e+02, 1.13674045e-01,
       8.09854065e+02, 6.03906189e+02, 1.07777409e-01, 8.09807556e+02,
       6.89145874e+02, 2.95238972e-01, 6.21584351e+02, 6.01001526e+02,
       4.57674116e-01, 7.80455505e+02, 4.89092682e+02, 7.05623180e-02,
       8.15743469e+02, 3.89107452e+02, 4.73288476e-01, 6.12702148e+02,
       4.39076447e+02, 6.55775011e-01, 1.02476440e+03, 5.65619446e+02,
       3.25962424e-01, 1.01592865e+03, 6.39151306e+02, 3.53330046e-01,
       1.31615454e+03, 7.18613403e+02, 3.76333624e-01, 1.53096021e+03,
       7.15668152e+02, 2.81066954e-01, 1.04240613e+03, 4.94967102e+02,
       2.86869466e-01, 1.34851660e+03, 5.15528625e+02, 2.34436855e-01,
       1.72820374e+03, 5.30378662e+02, 2.97206342e-01, 0., 0., 0., 0.,
       0., 0., 0., 0., 0., 0., 0., 0., 1.83704382e+03, 5.00849182e+02,
       2.39013299e-01, 1.83711011e+03, 5.00780334e+02, 2.31067985e-01,
       0., 0., 0., 1.56342188e+03, 7.21629517e+02, 8.45455453e-02, 0.,
       0., 0., 1.56042102e+03, 7.15669128e+02, 2.12945566e-01 ]
