%YAML:1.0
---
pose_0: !!opencv-matrix
   rows: 1
   cols: 25
   dt: "3f"
   data: [ 7.24575134e+02, 4.80098663e+02, 8.24844003e-01,
       8.59948792e+02, 4.80229431e+02, 6.96626365e-01, 8.74590637e+02,
       5.53925537e+02, 5.63838243e-01, 9.98310486e+02, 5.83305908e+02,
       2.62671083e-01, 1.08362146e+03, 6.15632324e+02, 1.43803239e-01,
       8.59885864e+02, 3.94942596e+02, 6.83314681e-01, 1.00112341e+03,
       3.85939117e+02, 7.53628373e-01, 1.14550159e+03, 3.65400391e+02,
       8.13007951e-01, 1.11597498e+03, 5.06801300e+02, 5.67966580e-01,
       1.11302283e+03, 5.53882813e+02, 5.84102333e-01, 1.34258948e+03,
       6.06810913e+02, 7.31160879e-01, 1.54574097e+03, 6.65687256e+02,
       6.78571701e-01, 1.11599780e+03, 4.56687500e+02, 5.43525159e-01,
       1.33676611e+03, 4.50814850e+02, 5.32698214e-01, 1.55749731e+03,
       4.39009399e+02, 6.08572125e-01, 7.15765869e+02, 4.94924164e+02,
       7.73431838e-01, 7.15756042e+02, 4.59684113e+02, 8.86402965e-01,
       7.36210510e+02, 5.15607483e+02, 4.46979284e-01, 7.42116516e+02,
       4.35995117e+02, 6.58511758e-01, 1.63405627e+03, 4.12615784e+02,
       1.96214885e-01, 1.62808545e+03, 4.12566925e+02, 2.37618983e-01,
       1.58982935e+03, 4.33183319e+02, 3.00817519e-01, 1.62518774e+03,
       6.56845215e+02, 5.31214297e-01, 1.61343347e+03, 6.71482117e+02,
       5.24037361e-01, 1.56636548e+03, 6.68611145e+02, 3.35621774e-01 ]
