%YAML:1.0
---
pose_0: !!opencv-matrix
   rows: 1
   cols: 25
   dt: "3f"
   data: [ 7.39357788e+02, 4.59775604e+02, 8.86864662e-01,
       8.71714111e+02, 4.77312103e+02, 7.23708928e-01, 8.57064575e+02,
       5.53915955e+02, 8.15855920e-01, 9.80681152e+02, 5.98092773e+02,
       8.35248351e-01, 1.11890344e+03, 6.48017212e+02, 8.48211825e-01,
       8.86475464e+02, 3.89052490e+02, 6.79573238e-01, 1.03355212e+03,
       3.62643555e+02, 8.36170554e-01, 1.17777344e+03, 3.18310699e+02,
       8.33959222e-01, 1.13362524e+03, 4.80170197e+02, 5.90775549e-01,
       1.12778931e+03, 5.27215759e+02, 6.02191389e-01, 1.35153467e+03,
       5.86221252e+02, 7.17726767e-01, 1.55156677e+03, 6.50985962e+02,
       6.33522809e-01, 1.13360022e+03, 4.24325256e+02, 5.63458681e-01,
       1.32792957e+03, 4.21440125e+02, 6.44385815e-01, 1.54869250e+03,
       4.33184082e+02, 5.47494650e-01, 7.27480408e+02, 4.80359314e+02,
       7.96402931e-01, 7.33290283e+02, 4.44900543e+02, 7.97854662e-01,
       7.45112671e+02, 5.03929810e+02, 5.42194843e-01, 7.62728577e+02,
       4.15575897e+02, 5.85612893e-01, 1.63689197e+03, 4.30199036e+02,
       3.04939210e-01, 1.63391455e+03, 4.21400208e+02, 3.39663684e-01,
       1.58394958e+03, 4.36128357e+02, 2.24837929e-01, 1.63390723e+03,
       6.62754395e+02, 5.74107051e-01, 1.61925977e+03, 6.71604004e+02,
       5.55254400e-01, 1.56640808e+03, 6.47961914e+02, 3.34505886e-01 ]
