%YAML:1.0
---
pose_0: !!opencv-matrix
   rows: 1
   cols: 25
   dt: "3f"
   data: [ 0., 0., 0., 8.30411926e+02, 5.30276123e+02, 5.15416563e-01,
       8.24606628e+02, 5.27365112e+02, 4.87925589e-01, 9.30557556e+02,
       4.89093872e+02, 4.96611625e-01, 8.06953918e+02, 4.15601166e+02,
       7.73286939e-01, 8.12769592e+02, 5.45043762e+02, 6.04352713e-01,
       9.30677734e+02, 5.00782806e+02, 2.85025209e-01, 0., 0., 0.,
       1.09537976e+03, 5.03805389e+02, 3.18955570e-01, 1.08065979e+03,
       5.06728027e+02, 2.23115832e-01, 1.34257471e+03, 4.80144653e+02,
       7.08731532e-01, 1.58992297e+03, 6.45009644e+02, 5.44589520e-01,
       1.11595068e+03, 4.97906464e+02, 2.33208537e-01, 1.36617126e+03,
       4.56725037e+02, 4.96730626e-01, 1.56923352e+03, 5.09737305e+02,
       6.51929319e-01, 0., 0., 0., 0., 0., 0., 0., 0., 0., 0., 0., 0.,
       1.61045227e+03, 4.56766235e+02, 3.44116628e-01, 1.60749988e+03,
       4.59664795e+02, 3.70994359e-01, 1.58694556e+03, 5.36219543e+02,
       4.63158011e-01, 1.64283667e+03, 6.71471375e+02, 4.84990090e-01,
       1.63098950e+03, 6.80340942e+02, 5.26626348e-01, 1.61337988e+03,
       6.68546631e+02, 2.71684051e-01 ]
