%YAML:1.0
---
pose_0: !!opencv-matrix
   rows: 2
   cols: 25
   dt: "3f"
   data: [ 5.53871460e+02, 4.80147186e+02, 8.32875133e-01,
       6.50921509e+02, 5.15548584e+02, 4.60520715e-01, 6.21562805e+02,
       5.65637817e+02, 3.90884519e-01, 5.30247986e+02, 5.47962402e+02,
       2.23094225e-01, 0., 0., 0., 6.77447266e+02, 4.74372711e+02,
       2.64711142e-01, 0., 0., 0., 0., 0., 0., 1.02474915e+03,
       5.53844482e+02, 2.64636844e-01, 1.05125598e+03, 6.00967896e+02,
       1.98164359e-01, 1.13362512e+03, 6.50953857e+02, 6.92666844e-02,
       0., 0., 0., 1.02768311e+03, 5.00800354e+02, 2.34481633e-01,
       1.18954163e+03, 4.47865479e+02, 1.20306812e-01, 1.40152197e+03,
       3.62486847e+02, 3.79707992e-01, 5.30359497e+02, 4.97957306e+02,
       7.63321340e-01, 5.45044678e+02, 4.62547546e+02, 6.68222606e-01,
       5.50971375e+02, 5.33292297e+02, 3.04164916e-01, 0., 0., 0., 0.,
       0., 0., 0., 0., 0., 1.54569604e+03, 3.56588593e+02,
       1.11667342e-01, 0., 0., 0., 0., 0., 0., 0., 0., 0., 0., 0., 0.,
       0., 0., 0., 0., 0., 0., 0., 0., 0., 0., 0., 0., 7.30410767e+02,
       4.56754913e+02, 2.45683014e-01, 8.89370361e+02, 4.56627808e+02,
       3.33269775e-01, 1.06598132e+03, 4.41996674e+02, 2.64388531e-01,
       0., 0., 0., 0., 0., 0., 0., 0., 0., 0., 0., 0., 0., 0., 0., 0.,
       0., 0., 0., 0., 0., 0., 0., 0., 0., 0., 0., 0., 0., 0., 0., 0.,
       0., 0., 0., 0., 0., 0., 0., 0., 0., 0., 0., 0., 0., 0., 0., 0.,
       0., 0., 0. ]
