%YAML:1.0
---
pose_0: !!opencv-matrix
   rows: 1
   cols: 25
   dt: "3f"
   data: [ 7.18541077e+02, 3.91920776e+02, 7.25792170e-01,
       7.83324219e+02, 3.21344177e+02, 3.80397528e-01, 7.77542236e+02,
       3.56616852e+02, 1.81027457e-01, 0., 0., 0., 0., 0., 0.,
       7.86312439e+02, 2.94888153e+02, 4.66664523e-01, 9.24678955e+02,
       3.09507019e+02, 6.58051968e-01, 9.06978333e+02, 4.83150085e+02,
       7.91735828e-01, 1.11596814e+03, 3.65500610e+02, 3.53579789e-01,
       1.11596423e+03, 4.18461121e+02, 3.70440125e-01, 1.32493323e+03,
       5.09780701e+02, 6.74878895e-01, 1.54574634e+03, 5.59743103e+02,
       4.92320061e-01, 1.11889417e+03, 3.12451355e+02, 3.00613433e-01,
       1.35140332e+03, 2.71216003e+02, 8.15689042e-02, 1.46033765e+03,
       2.03635635e+02, 1.08197756e-01, 7.00957336e+02, 4.00789612e+02,
       2.87793666e-01, 7.00971863e+02, 3.80119568e+02, 6.19198442e-01,
       0., 0., 0., 7.09812256e+02, 3.38935181e+02, 5.64768076e-01,
       1.56327209e+03, 1.74173645e+02, 1.95067838e-01, 1.55750659e+03,
       1.74087021e+02, 1.91512823e-01, 0., 0., 0., 1.59865796e+03,
       6.27453735e+02, 3.08613658e-01, 1.58699048e+03, 6.24468994e+02,
       2.94246763e-01, 1.58691187e+03, 5.42003784e+02, 3.76178592e-01 ]
