%YAML:1.0
---
pose_0: !!opencv-matrix
   rows: 1
   cols: 25
   dt: "3f"
   data: [ 7.21567200e+02, 4.42026276e+02, 8.21251869e-01,
       8.56844177e+02, 4.80340942e+02, 7.43890464e-01, 8.48204102e+02,
       5.62689087e+02, 6.48257434e-01, 9.27663269e+02, 6.68486389e+02,
       7.17968583e-01, 9.06948975e+02, 6.59819763e+02, 3.54977936e-01,
       8.62952576e+02, 3.89125641e+02, 6.82457089e-01, 1.02180994e+03,
       3.77212311e+02, 6.76784992e-01, 9.71809692e+02, 3.62539551e+02,
       4.13107485e-01, 1.13956458e+03, 5.00808960e+02, 5.86991906e-01,
       1.13360364e+03, 5.47963074e+02, 6.10865414e-01, 1.30739587e+03,
       5.97983643e+02, 7.24572182e-01, 1.51926282e+03, 6.00952087e+02,
       5.49803078e-01, 1.14247119e+03, 4.41955078e+02, 5.58845341e-01,
       1.33971082e+03, 4.56662415e+02, 6.87861800e-01, 1.56342261e+03,
       4.74385956e+02, 6.10874295e-01, 7.09769287e+02, 4.59810883e+02,
       8.27477694e-01, 7.15591492e+02, 4.30270691e+02, 8.19324493e-01,
       7.30444885e+02, 4.94991394e+02, 5.73834062e-01, 7.42111755e+02,
       4.12516327e+02, 1.80919573e-01, 1.63684021e+03, 4.36197693e+02,
       4.65346575e-01, 1.63105042e+03, 4.36174835e+02, 4.93283212e-01,
       1.59279919e+03, 4.77331757e+02, 3.14499915e-01, 1.60750830e+03,
       5.77448914e+02, 2.68283606e-01, 1.58991382e+03, 5.97928833e+02,
       1.98046401e-01, 1.55746912e+03, 5.89148499e+02, 2.58859247e-01 ]
