%YAML:1.0
---
pose_0: !!opencv-matrix
   rows: 1
   cols: 25
   dt: "3f"
   data: [ 7.24539856e+02, 5.03738251e+02, 8.72564137e-01,
       8.39432617e+02, 5.42006531e+02, 6.79710150e-01, 8.48149963e+02,
       6.27422363e+02, 7.10745215e-01, 9.54070557e+02, 7.00985718e+02,
       8.35524678e-01, 9.65870056e+02, 6.09717163e+02, 7.38910079e-01,
       8.36398132e+02, 4.56779083e+02, 6.70683146e-01, 9.98244080e+02,
       4.09645477e+02, 7.77467489e-01, 1.11601831e+03, 3.68484344e+02,
       8.24410021e-01, 1.11894836e+03, 5.42076416e+02, 5.90378165e-01,
       1.11887964e+03, 5.94963501e+02, 5.92052400e-01, 1.34845020e+03,
       6.24508911e+02, 7.81235754e-01, 1.55745398e+03, 7.06871094e+02,
       5.84849596e-01, 1.11897192e+03, 4.86132996e+02, 5.84229767e-01,
       1.34263013e+03, 4.80259644e+02, 5.99353433e-01, 1.57517175e+03,
       4.71420349e+02, 6.48704648e-01, 7.09749329e+02, 5.15563110e+02,
       8.20858419e-01, 7.18653076e+02, 4.83144287e+02, 8.74967039e-01,
       7.15688782e+02, 5.53736755e+02, 7.90060997e-01, 7.51012207e+02,
       4.71464355e+02, 2.10740238e-01, 1.64285767e+03, 4.62609711e+02,
       3.50926071e-01, 1.63703857e+03, 4.56707367e+02, 4.15186375e-01,
       1.60164124e+03, 4.65537292e+02, 2.97837764e-01, 1.62521887e+03,
       6.92207214e+02, 5.26825070e-01, 1.61630737e+03, 7.06872803e+02,
       4.60772336e-01, 1.57512305e+03, 7.27512390e+02, 2.73156017e-01 ]
