%YAML:1.0
---
pose_0: !!opencv-matrix
   rows: 1
   cols: 25
   dt: "3f"
   data: [ 6.89155457e+02, 5.30311035e+02, 8.74504089e-01,
       8.21674927e+02, 5.74468994e+02, 7.03969240e-01, 8.27553894e+02,
       6.53924500e+02, 6.74768388e-01, 9.74753418e+02, 6.77404541e+02,
       7.52150357e-01, 1.12186646e+03, 6.59727905e+02, 7.21357465e-01,
       8.12827881e+02, 5.00833008e+02, 5.47402680e-01, 9.12919556e+02,
       4.53773590e+02, 2.37184331e-01, 1.05415613e+03, 4.77335632e+02,
       1.69583142e-01, 1.09837598e+03, 5.74334961e+02, 5.82387030e-01,
       1.09250867e+03, 6.18594727e+02, 6.17877424e-01, 1.33083850e+03,
       6.44992798e+02, 4.70670402e-01, 1.56636816e+03, 6.48043579e+02,
       5.71599782e-01, 1.11013403e+03, 5.21396301e+02, 5.23047924e-01,
       1.34847217e+03, 5.03840302e+02, 6.23804092e-01, 1.60165662e+03,
       4.74364716e+02, 3.90769005e-01, 6.74447449e+02, 5.53739807e+02,
       7.89357781e-01, 6.74484497e+02, 5.24287781e+02, 7.97970295e-01,
       6.95014221e+02, 5.89188599e+02, 6.31259978e-01, 7.09844910e+02,
       5.06615814e+02, 3.24417800e-01, 1.69286206e+03, 4.47851898e+02,
       2.45685011e-01, 1.68702100e+03, 4.41972107e+02, 2.29822606e-01,
       1.61639648e+03, 4.77332947e+02, 2.15106741e-01, 1.65752954e+03,
       6.39221497e+02, 6.01010740e-01, 1.63997278e+03, 6.53904480e+02,
       5.03591955e-01, 1.58981372e+03, 6.48027222e+02, 2.71520972e-01 ]
