%YAML:1.0
---
pose_0: !!opencv-matrix
   rows: 1
   cols: 25
   dt: "3f"
   data: [ 0., 0., 0., 8.53993530e+02, 3.71338318e+02, 1.93726122e-01,
       0., 0., 0., 0., 0., 0., 0., 0., 0., 0., 0., 0., 0., 0., 0., 0.,
       0., 0., 1.16307324e+03, 4.03690735e+02, 5.41894197e-01,
       1.16304309e+03, 4.50828186e+02, 5.44493914e-01, 1.30739502e+03,
       5.50817871e+02, 7.59365678e-01, 1.49869177e+03, 6.03888611e+02,
       6.11362278e-01, 1.16314478e+03, 3.50765778e+02, 5.18277943e-01,
       1.23964075e+03, 2.91881287e+02, 3.02384287e-01, 0., 0., 0., 0.,
       0., 0., 0., 0., 0., 0., 0., 0., 0., 0., 0., 0., 0., 0., 0., 0.,
       0., 0., 0., 0., 1.55747107e+03, 5.62651001e+02, 2.79401362e-01,
       1.54277515e+03, 5.74501099e+02, 2.18892813e-01, 1.53393848e+03,
       6.18585999e+02, 3.18398982e-01 ]
