%YAML:1.0
---
pose_0: !!opencv-matrix
   rows: 1
   cols: 25
   dt: "3f"
   data: [ 7.48050171e+02, 3.62610962e+02, 8.38279068e-01,
       8.57034729e+02, 3.68429016e+02, 7.39074171e-01, 8.51072815e+02,
       4.42015259e+02, 5.96899807e-01, 9.77645081e+02, 5.30201477e+02,
       8.14288378e-01, 9.24669250e+02, 5.89112427e+02, 6.78781569e-01,
       8.80525269e+02, 2.83101105e+02, 5.77712119e-01, 1.00112787e+03,
       2.24100967e+02, 7.84389555e-01, 9.98352173e+02, 1.06377159e+02,
       5.59058845e-01, 1.11890686e+03, 3.86091766e+02, 6.05349958e-01,
       1.11601978e+03, 4.33204681e+02, 5.77925503e-01, 1.33965149e+03,
       4.36170868e+02, 6.44877791e-01, 1.55164038e+03, 4.65558655e+02,
       6.23677194e-01, 1.12184644e+03, 3.36009216e+02, 5.82591057e-01,
       1.36905627e+03, 3.18403320e+02, 5.78198552e-01, 1.56636572e+03,
       3.09486328e+02, 6.03686094e-01, 7.36322815e+02, 3.83066345e+02,
       7.73402452e-01, 7.39189514e+02, 3.44857666e+02, 8.12384605e-01,
       7.59868286e+02, 4.09522736e+02, 5.80963016e-01, 7.62743103e+02,
       3.21290558e+02, 5.10238886e-01, 1.63997229e+03, 2.71267792e+02,
       5.50425708e-01, 1.63406689e+03, 2.68424774e+02, 5.55804372e-01,
       1.59284338e+03, 3.18375427e+02, 3.32870483e-01, 1.61338220e+03,
       4.86118134e+02, 3.66062731e-01, 0., 0., 0., 1.58396521e+03,
       4.53745605e+02, 4.50920910e-01 ]
