%YAML:1.0
---
pose_0: !!opencv-matrix
   rows: 1
   cols: 25
   dt: "3f"
   data: [ 0., 0., 0., 9.45293518e+02, 5.50836731e+02, 5.03017008e-01,
       9.04076843e+02, 5.92130432e+02, 5.07028937e-01, 7.86379944e+02,
       5.56861877e+02, 6.38956785e-01, 9.18811707e+02, 5.06702698e+02,
       3.68071973e-01, 9.86468750e+02, 5.06712952e+02, 3.26783240e-01,
       1.07180640e+03, 5.03736725e+02, 5.08597046e-02, 0., 0., 0.,
       1.13953760e+03, 5.86203247e+02, 4.78300959e-01, 1.12188391e+03,
       6.21520874e+02, 4.20053154e-01, 1.37804419e+03, 5.03790771e+02,
       8.01463962e-01, 1.63705261e+03, 7.15670776e+02, 6.64355338e-01,
       1.15134265e+03, 5.50903381e+02, 4.11763489e-01, 1.37501746e+03,
       5.09669403e+02, 2.76527673e-01, 1.51332251e+03, 6.42124329e+02,
       6.46590367e-02, 0., 0., 0., 0., 0., 0., 0., 0., 0., 0., 0., 0.,
       0., 0., 0., 0., 0., 0., 0., 0., 0., 1.67814954e+03,
       6.95126038e+02, 2.83273906e-01, 1.66931140e+03, 7.15609863e+02,
       3.39599282e-01, 1.65457092e+03, 7.39220154e+02, 4.81611520e-01 ]
