%YAML:1.0
---
pose_0: !!opencv-matrix
   rows: 1
   cols: 25
   dt: "3f"
   data: [ 7.62777161e+02, 5.47952881e+02, 6.06468678e-01,
       8.36471252e+02, 4.89052582e+02, 4.93131697e-01, 8.39286743e+02,
       4.86134216e+02, 3.50506306e-01, 9.89455811e+02, 5.27368103e+02,
       2.37570345e-01, 9.95315552e+02, 6.36208252e+02, 2.28946701e-01,
       8.36418884e+02, 5.03764221e+02, 5.48692107e-01, 9.77635681e+02,
       5.24347900e+02, 2.40091205e-01, 9.98160400e+02, 6.06833374e+02,
       3.16207230e-01, 1.13950220e+03, 4.53766846e+02, 3.71883661e-01,
       1.13951489e+03, 4.36105316e+02, 2.50433117e-01, 1.35732678e+03,
       5.24367859e+02, 6.16503835e-01, 1.61047363e+03, 4.30187897e+02,
       3.92162144e-01, 1.14836987e+03, 4.59679749e+02, 3.24397594e-01,
       1.35738794e+03, 5.42081665e+02, 6.22213185e-01, 1.62520288e+03,
       4.33043823e+02, 3.82085770e-01, 7.56875610e+02, 5.42067749e+02,
       6.22288994e-02, 7.53961243e+02, 5.30230652e+02, 5.35647273e-01,
       0., 0., 0., 7.65779968e+02, 4.91978149e+02, 4.86134797e-01,
       1.67815210e+03, 3.68407684e+02, 2.08285123e-01, 1.68103882e+03,
       3.71367462e+02, 1.84279725e-01, 1.66637610e+03, 4.21385193e+02,
       1.61943182e-01, 0., 0., 0., 0., 0., 0., 1.63103479e+03,
       3.89129425e+02, 1.19993076e-01 ]
