%YAML:1.0
---
pose_0: !!opencv-matrix
   rows: 1
   cols: 25
   dt: "3f"
   data: [ 7.33406128e+02, 5.27388794e+02, 6.37562931e-01,
       8.04032959e+02, 4.59562408e+02, 5.56267202e-01, 8.04053345e+02,
       4.53739777e+02, 4.67915982e-01, 9.39400818e+02, 5.12587219e+02,
       1.91005006e-01, 8.77624573e+02, 5.71485779e+02, 1.44400597e-01,
       8.04051575e+02, 4.74319000e+02, 7.01101482e-01, 9.33483826e+02,
       5.09641235e+02, 7.32333720e-01, 8.57062073e+02, 5.80345642e+02,
       6.36713505e-01, 1.11596765e+03, 4.27249207e+02, 4.10778672e-01,
       1.11011121e+03, 4.18448547e+02, 2.66107202e-01, 1.33085339e+03,
       4.56643524e+02, 6.26842201e-01, 1.53984387e+03, 3.97843140e+02,
       4.93618757e-01, 1.12480396e+03, 4.27296478e+02, 3.92618626e-01,
       1.33092615e+03, 4.89112671e+02, 5.91856837e-01, 1.63693799e+03,
       4.21426025e+02, 3.47037077e-01, 7.15808777e+02, 5.27263611e+02,
       6.23883307e-02, 7.18789307e+02, 5.09719666e+02, 5.94259381e-01,
       0., 0., 0., 7.33308960e+02, 4.77328217e+02, 5.63222587e-01,
       1.68399707e+03, 3.65442719e+02, 2.17579216e-01, 1.68113232e+03,
       3.68459839e+02, 1.67594850e-01, 1.66934045e+03, 4.39009033e+02,
       1.89223960e-01, 0., 0., 0., 0., 0., 0., 1.56343054e+03,
       3.68393890e+02, 2.48752847e-01 ]
