%YAML:1.0
---
pose_0: !!opencv-matrix
   rows: 1
   cols: 25
   dt: "3f"
   data: [ 0., 0., 0., 7.12811157e+02, 5.36153809e+02, 4.83126968e-01,
       7.18730835e+02, 6.09743225e+02, 3.94671619e-01, 7.15673096e+02,
       7.06873047e+02, 6.42554402e-01, 6.00883118e+02, 6.33334412e+02,
       4.94708121e-01, 7.00950623e+02, 4.33140411e+02, 6.59744740e-01,
       7.18594666e+02, 4.83339569e+02, 8.09255183e-01, 5.59677734e+02,
       5.50964905e+02, 7.49582648e-01, 1.04833313e+03, 5.77407654e+02,
       3.40078145e-01, 1.04533887e+03, 6.45012207e+02, 2.85963386e-01,
       1.18957129e+03, 5.06822205e+02, 1.74090207e-01, 0., 0., 0.,
       1.05419958e+03, 5.24428711e+02, 2.98616856e-01, 1.36616882e+03,
       6.00922729e+02, 1.32206231e-01, 1.39857031e+03, 6.21541748e+02,
       1.03789791e-01, 0., 0., 0., 0., 0., 0., 0., 0., 0., 0., 0., 0.,
       0., 0., 0., 0., 0., 0., 0., 0., 0., 0., 0., 0., 0., 0., 0., 0.,
       0., 0. ]
