%YAML:1.0
---
pose_0: !!opencv-matrix
   rows: 1
   cols: 25
   dt: "3f"
   data: [ 7.62766907e+02, 5.24448730e+02, 6.49933040e-01,
       8.24606201e+02, 4.56786835e+02, 5.85616469e-01, 8.21671753e+02,
       4.53761810e+02, 3.60272944e-01, 9.74626587e+02, 5.03727570e+02,
       2.93540239e-01, 1.04818835e+03, 5.97915955e+02, 3.69341195e-01,
       8.36341919e+02, 4.77229736e+02, 6.20418608e-01, 9.68844971e+02,
       5.06631348e+02, 5.49818277e-01, 1.04532800e+03, 5.92093628e+02,
       4.04048383e-01, 1.13364575e+03, 4.09569214e+02, 3.88780087e-01,
       1.13363562e+03, 4.09593811e+02, 2.20105559e-01, 1.34842542e+03,
       4.68448395e+02, 6.48643374e-01, 1.56336902e+03, 3.86041473e+02,
       8.06676745e-01, 1.14246033e+03, 4.00753815e+02, 3.88222963e-01,
       1.35434558e+03, 5.18459045e+02, 7.11890399e-01, 1.63393555e+03,
       4.30144318e+02, 6.19998753e-01, 7.53978638e+02, 5.18549622e+02,
       6.38100728e-02, 7.51077454e+02, 5.06663849e+02, 5.93202889e-01,
       0., 0., 0., 7.65718567e+02, 4.71417725e+02, 5.48590302e-01,
       1.68116321e+03, 3.80154205e+02, 3.99893969e-01, 1.67817419e+03,
       3.83111572e+02, 3.96223158e-01, 1.65759546e+03, 4.33127625e+02,
       2.85863757e-01, 1.65755542e+03, 3.68470337e+02, 2.41137147e-01,
       0., 0., 0., 1.58100500e+03, 3.68401825e+02, 4.55620199e-01 ]
