%YAML:1.0
---
pose_0: !!opencv-matrix
   rows: 1
   cols: 25
   dt: "3f"
   data: [ 7.89362610e+02, 5.50972046e+02, 8.51187587e-01,
       8.89430481e+02, 5.53855347e+02, 7.47226357e-01, 8.89352478e+02,
       6.15593872e+02, 6.57759130e-01, 1.00413202e+03, 6.92027954e+02,
       8.36934447e-01, 9.01106567e+02, 7.03913879e+02, 8.04426134e-01,
       8.92296997e+02, 4.97851990e+02, 6.48234606e-01, 1.03654614e+03,
       4.53801117e+02, 7.83926189e-01, 9.39416077e+02, 4.62578857e+02,
       6.57582879e-01, 1.16600024e+03, 5.68501648e+02, 6.11782491e-01,
       1.16306604e+03, 6.12718079e+02, 5.95641911e-01, 1.34855579e+03,
       6.36236267e+02, 7.08368242e-01, 1.52215942e+03, 6.30372620e+02,
       6.66417718e-01, 1.16900159e+03, 5.15550598e+02, 5.74749827e-01,
       1.34844421e+03, 5.06700134e+02, 7.11363852e-01, 1.54276868e+03,
       4.56740997e+02, 7.34557748e-01, 7.80449951e+02, 5.59717773e+02,
       7.10645735e-01, 7.83368042e+02, 5.33227051e+02, 7.43196011e-01,
       7.92268738e+02, 5.77501099e+02, 4.40377980e-01, 8.06955566e+02,
       5.15561035e+02, 5.24926007e-01, 1.61049866e+03, 4.53777008e+02,
       3.63441348e-01, 1.60745178e+03, 4.44933319e+02, 4.32849377e-01,
       1.56039856e+03, 4.36169678e+02, 2.98451543e-01, 1.57509497e+03,
       6.83345093e+02, 5.60390770e-01, 1.57511011e+03, 6.77497803e+02,
       5.33565640e-01, 1.54870020e+03, 6.06831299e+02, 5.27812719e-01 ]
