%YAML:1.0
---
pose_0: !!opencv-matrix
   rows: 1
   cols: 25
   dt: "3f"
   data: [ 7.62659912e+02, 3.65527557e+02, 8.91049385e-01,
       8.62845093e+02, 3.74258240e+02, 7.11495221e-01, 8.62902832e+02,
       4.44975342e+02, 6.30780399e-01, 9.98213257e+02, 4.80292389e+02,
       5.10145724e-01, 1.06590308e+03, 5.47931519e+02, 7.86529720e-01,
       8.71695496e+02, 3.00679779e+02, 6.56996965e-01, 1.00132825e+03,
       2.50704147e+02, 7.95962036e-01, 1.11890369e+03, 1.85897781e+02,
       8.52508545e-01, 1.13362952e+03, 3.74252014e+02, 5.42831719e-01,
       1.12483899e+03, 4.24300903e+02, 5.71766138e-01, 1.33969592e+03,
       4.77316315e+02, 7.57222235e-01, 1.53985229e+03, 5.33202454e+02,
       6.17229760e-01, 1.13653906e+03, 3.18460358e+02, 5.01129150e-01,
       1.37207898e+03, 3.03660522e+02, 5.40325522e-01, 1.56929712e+03,
       2.88904144e+02, 6.14653766e-01, 7.45224854e+02, 3.85929382e+02,
       7.99563766e-01, 7.45182495e+02, 3.50706543e+02, 8.08609962e-01,
       7.62884094e+02, 4.03712799e+02, 5.37849247e-01, 7.65872925e+02,
       3.30164032e+02, 5.51339090e-01, 1.64575317e+03, 2.71261078e+02,
       3.85808617e-01, 1.63704578e+03, 2.65422119e+02, 4.31730002e-01,
       1.61041040e+03, 2.91865692e+02, 2.52623141e-01, 1.61333569e+03,
       5.36205750e+02, 2.83663332e-01, 1.61049536e+03, 5.53785034e+02,
       2.82554239e-01, 1.57515369e+03, 5.30321411e+02, 3.35637808e-01 ]
