%YAML:1.0
---
pose_0: !!opencv-matrix
   rows: 1
   cols: 25
   dt: "3f"
   data: [ 7.68641663e+02, 4.36120636e+02, 8.64949584e-01,
       8.80450073e+02, 4.33123657e+02, 7.42797852e-01, 8.80444153e+02,
       5.03731476e+02, 8.16275775e-01, 9.77793396e+02, 5.24342712e+02,
       7.91407704e-01, 9.04017212e+02, 4.59681519e+02, 8.01035464e-01,
       8.74594849e+02, 3.62482605e+02, 6.65455461e-01, 1.01300177e+03,
       3.15483307e+02, 8.10764253e-01, 9.01089844e+02, 3.24212402e+02,
       7.48275459e-01, 1.13067114e+03, 4.56742432e+02, 6.28732443e-01,
       1.11887024e+03, 5.03816406e+02, 6.77256763e-01, 1.31026501e+03,
       5.53817078e+02, 7.13262379e-01, 1.51038513e+03, 5.74384583e+02,
       5.78749180e-01, 1.13953650e+03, 4.09499603e+02, 6.24571443e-01,
       1.33382422e+03, 4.15596558e+02, 5.99194288e-01, 1.56036755e+03,
       4.27213165e+02, 6.13791525e-01, 7.59887268e+02, 4.53658112e+02,
       7.86245823e-01, 7.59794556e+02, 4.18504578e+02, 7.97752202e-01,
       7.74607361e+02, 4.62714355e+02, 3.02308887e-01, 7.71633240e+02,
       3.91964172e+02, 6.14193976e-01, 1.61354980e+03, 4.06649139e+02,
       4.91007328e-01, 1.61043823e+03, 3.97877136e+02, 5.59069216e-01,
       1.58984937e+03, 4.33051544e+02, 3.37964684e-01, 1.56331531e+03,
       5.33275635e+02, 2.99244761e-01, 1.54577014e+03, 5.47969421e+02,
       2.15458587e-01, 1.55452600e+03, 5.65603455e+02, 3.19069624e-01 ]
