%YAML:1.0
---
pose_0: !!opencv-matrix
   rows: 1
   cols: 25
   dt: "3f"
   data: [ 7.45198792e+02, 5.74309265e+02, 7.49924600e-01,
       8.77593872e+02, 5.56763245e+02, 6.83316171e-01, 8.53981934e+02,
       6.27412781e+02, 5.20598590e-01, 1.01006769e+03, 7.18575684e+02,
       6.91032827e-01, 1.12193896e+03, 7.74558838e+02, 6.50465548e-01,
       9.03970398e+02, 4.83285034e+02, 6.12515926e-01, 9.74661438e+02,
       3.86078400e+02, 7.45189130e-01, 9.57079712e+02, 2.41797531e+02,
       6.70440912e-01, 1.14251501e+03, 6.00905640e+02, 6.05137408e-01,
       1.13946362e+03, 6.48087524e+02, 5.70423722e-01, 1.31022839e+03,
       6.71486511e+02, 7.07264543e-01, 1.53393274e+03, 6.95020264e+02,
       5.18851340e-01, 1.14840942e+03, 5.50773499e+02, 5.64491928e-01,
       1.33966858e+03, 5.30251831e+02, 5.98402023e-01, 1.56329114e+03,
       4.68514587e+02, 5.91701806e-01, 7.33336975e+02, 5.77412354e+02,
       6.30198598e-01, 7.39351318e+02, 5.50799194e+02, 7.44531989e-01,
       7.45223694e+02, 6.00805603e+02, 8.74378532e-02, 7.77500305e+02,
       5.24301758e+02, 4.60628092e-01, 1.63105383e+03, 4.06638702e+02,
       5.67666113e-01, 1.62811877e+03, 4.09522858e+02, 4.52632785e-01,
       1.58685681e+03, 4.80161316e+02, 2.79706120e-01, 1.58106104e+03,
       6.53951416e+02, 2.28557050e-01, 0., 0., 0., 1.56638306e+03,
       6.92195129e+02, 2.91640997e-01 ]
