%YAML:1.0
---
pose_0: !!opencv-matrix
   rows: 1
   cols: 25
   dt: "3f"
   data: [ 6.89143372e+02, 4.33056976e+02, 8.36701274e-01,
       8.18794556e+02, 4.24326599e+02, 6.77873254e-01, 8.12776917e+02,
       5.12623169e+02, 6.24464154e-01, 9.21706726e+02, 6.36229614e+02,
       6.62114739e-01, 8.86506348e+02, 6.15638245e+02, 4.94289041e-01,
       8.36420044e+02, 3.36046783e+02, 6.52459264e-01, 9.74668152e+02,
       3.12397980e+02, 5.95453501e-01, 1.02477527e+03, 2.97859985e+02,
       5.21070600e-01, 1.12183789e+03, 4.56690247e+02, 5.84868193e-01,
       1.11588586e+03, 5.06664124e+02, 6.34629071e-01, 1.32798340e+03,
       5.21427490e+02, 6.44204557e-01, 1.58987109e+03, 5.50967590e+02,
       5.37291467e-01, 1.12778931e+03, 3.97834869e+02, 5.16467988e-01,
       1.34558826e+03, 4.09614441e+02, 5.07438600e-01, 1.58982813e+03,
       4.06688934e+02, 4.94370610e-01, 6.71663574e+02, 4.50764008e+02,
       7.34014690e-01, 6.71546692e+02, 4.12450165e+02, 8.34332883e-01,
       6.92253540e+02, 4.68445343e+02, 4.45681930e-01, 6.98052368e+02,
       3.83102631e+02, 5.49347520e-01, 1.65758887e+03, 3.91942535e+02,
       2.73213804e-01, 1.65165820e+03, 3.86007111e+02, 3.07877809e-01,
       1.62516553e+03, 4.12468811e+02, 2.92868882e-01, 1.68704565e+03,
       5.50857239e+02, 3.52528334e-01, 1.67517297e+03, 5.65571594e+02,
       3.14575344e-01, 1.61928235e+03, 5.44958496e+02, 3.05402637e-01 ]
