%YAML:1.0
---
pose_0: !!opencv-matrix
   rows: 1
   cols: 25
   dt: "3f"
   data: [ 7.45186279e+02, 4.86125061e+02, 8.70003104e-01,
       8.59825562e+02, 5.27283875e+02, 7.69120932e-01, 8.48174377e+02,
       5.80305664e+02, 7.54399359e-01, 9.51227356e+02, 6.15612976e+02,
       8.25324655e-01, 1.05424316e+03, 6.65649963e+02, 8.14606130e-01,
       8.71711426e+02, 4.77223480e+02, 5.80412626e-01, 9.24732300e+02,
       4.56739319e+02, 5.19878678e-02, 0., 0., 0., 1.12776147e+03,
       4.83280273e+02, 4.98547435e-01, 1.12773401e+03, 5.36183533e+02,
       4.88490939e-01, 1.35134424e+03, 5.86259094e+02, 7.39619136e-01,
       1.56037122e+03, 6.51015442e+02, 6.30428851e-01, 1.12480615e+03,
       4.30259125e+02, 4.95458245e-01, 1.33085645e+03, 4.27261444e+02,
       5.81784904e-01, 1.56633887e+03, 4.30255371e+02, 5.99066019e-01,
       7.33298218e+02, 5.03815582e+02, 8.49718571e-01, 7.42110901e+02,
       4.68505737e+02, 8.68251801e-01, 7.42162781e+02, 5.30456726e+02,
       7.61253059e-01, 7.74539734e+02, 4.56584351e+02, 5.59392095e-01,
       1.64577649e+03, 4.12502716e+02, 1.34836286e-01, 1.63693579e+03,
       4.09638672e+02, 1.81922451e-01, 1.58690137e+03, 4.24334503e+02,
       2.35968977e-01, 1.62227148e+03, 6.92119568e+02, 4.60576117e-01,
       1.61925720e+03, 6.92084778e+02, 4.77165878e-01, 1.59577319e+03,
       6.44999390e+02, 3.93307149e-01 ]
