%YAML:1.0
---
pose_0: !!opencv-matrix
   rows: 1
   cols: 25
   dt: "3f"
   data: [ 7.89186523e+02, 5.30412781e+02, 8.90438557e-01,
       9.07092468e+02, 5.27363831e+02, 7.72592187e-01, 9.04122009e+02,
       5.86163025e+02, 6.60651982e-01, 1.02779919e+03, 6.47976563e+02,
       8.34571183e-01, 9.33585632e+02, 6.98171387e+02, 8.36345434e-01,
       9.15896912e+02, 4.59732849e+02, 6.76625729e-01, 1.04533203e+03,
       4.38992950e+02, 8.53979647e-01, 9.57025879e+02, 4.83167480e+02,
       8.70502114e-01, 1.17193457e+03, 5.47851013e+02, 6.07156038e-01,
       1.16607593e+03, 5.92034546e+02, 6.17025435e-01, 1.34261487e+03,
       6.21573975e+02, 6.70340180e-01, 1.52510083e+03, 6.21423706e+02,
       6.38695419e-01, 1.18075684e+03, 4.94938293e+02, 5.70827663e-01,
       1.37201599e+03, 4.77330322e+02, 6.69464290e-01, 1.55453174e+03,
       4.15559753e+02, 5.95129728e-01, 7.71622192e+02, 5.47859436e+02,
       7.63766408e-01, 7.80504456e+02, 5.12668823e+02, 7.98307478e-01,
       7.86315491e+02, 5.56860535e+02, 1.57818750e-01, 8.06856201e+02,
       4.86229187e+02, 5.92225432e-01, 1.61927161e+03, 3.94947296e+02,
       3.70837510e-01, 1.61337744e+03, 3.91956329e+02, 4.27863449e-01,
       1.58983752e+03, 4.12573303e+02, 2.40055203e-01, 1.57517334e+03,
       6.77437012e+02, 5.69440603e-01, 1.57510376e+03, 6.71656799e+02,
       5.38426518e-01, 1.55162512e+03, 5.97996399e+02, 5.16338706e-01 ]
