%YAML:1.0
---
pose_0: !!opencv-matrix
   rows: 1
   cols: 25
   dt: "3f"
   data: [ 6.12697083e+02, 5.03849854e+02, 7.39263177e-01,
       7.68703186e+02, 5.06737518e+02, 6.66959941e-01, 7.77471680e+02,
       6.12653015e+02, 6.19333029e-01, 9.04109436e+02, 6.50984436e+02,
       7.77437747e-01, 1.03942334e+03, 7.01038574e+02, 7.37895906e-01,
       7.53969238e+02, 4.12661530e+02, 4.91482288e-01, 9.24634521e+02,
       3.41959045e+02, 5.84190845e-01, 1.06005530e+03, 3.15336060e+02,
       7.56973624e-01, 1.10421448e+03, 5.30263428e+02, 4.96194839e-01,
       1.08658630e+03, 5.97897644e+02, 5.05578995e-01, 1.35147119e+03,
       6.68529602e+02, 3.18931520e-01, 1.56038318e+03, 6.21540466e+02,
       3.69624287e-01, 1.11009497e+03, 4.59643250e+02, 4.56239998e-01,
       1.35144971e+03, 4.83102051e+02, 6.49769425e-01, 1.72812976e+03,
       4.91985962e+02, 3.19745868e-01, 5.92080627e+02, 5.27321960e+02,
       7.00314045e-01, 5.86241150e+02, 4.77333832e+02, 7.08198547e-01,
       6.03908142e+02, 5.50918152e+02, 2.00252861e-01, 6.24427490e+02,
       4.33114197e+02, 3.98801744e-01, 1.82822900e+03, 5.21423523e+02,
       1.73946500e-01, 1.82825647e+03, 5.03795471e+02, 1.70374170e-01,
       1.72822766e+03, 4.97877502e+02, 1.82418585e-01, 1.67807031e+03,
       6.33260925e+02, 1.58195823e-01, 1.66044458e+03, 6.44999268e+02,
       1.31161079e-01, 1.58694495e+03, 6.12708679e+02, 1.66062132e-01 ]
