%YAML:1.0
---
pose_0: !!opencv-matrix
   rows: 1
   cols: 25
   dt: "3f"
   data: [ 7.33412964e+02, 5.06676788e+02, 8.97505403e-01,
       8.48114929e+02, 5.27215515e+02, 7.24060416e-01, 8.54065247e+02,
       6.00914490e+02, 7.26713181e-01, 9.48243774e+02, 6.95177368e+02,
       8.32298398e-01, 9.77716614e+02, 6.53955566e+02, 7.85536230e-01,
       8.42224121e+02, 4.39058044e+02, 6.03500664e-01, 9.98242493e+02,
       3.91930176e+02, 8.09681952e-01, 1.11596863e+03, 3.50708069e+02,
       8.37514222e-01, 1.12183899e+03, 5.27356567e+02, 5.66987574e-01,
       1.11898792e+03, 5.77291809e+02, 6.08186185e-01, 1.34846033e+03,
       6.21618835e+02, 7.45939732e-01, 1.53686475e+03, 6.95166260e+02,
       5.37596345e-01, 1.11899219e+03, 4.74400452e+02, 5.66342771e-01,
       1.35149402e+03, 4.62623352e+02, 6.35848701e-01, 1.57217639e+03,
       4.71407898e+02, 6.51823759e-01, 7.18561768e+02, 5.24425964e+02,
       8.47623765e-01, 7.21550232e+02, 4.86181091e+02, 8.30705643e-01,
       7.33365967e+02, 5.50859863e+02, 5.25529146e-01, 7.48075623e+02,
       4.65590637e+02, 4.82893586e-01, 1.65163123e+03, 4.62576538e+02,
       2.21342996e-01, 1.64280579e+03, 4.56687378e+02, 2.83368289e-01,
       1.60162915e+03, 4.62619110e+02, 2.92105079e-01, 1.61926440e+03,
       6.77449463e+02, 2.26741105e-01, 1.61047583e+03, 6.92252991e+02,
       1.73417583e-01, 1.56039038e+03, 7.15691284e+02, 3.44318718e-01 ]
