%YAML:1.0
---
pose_0: !!opencv-matrix
   rows: 1
   cols: 25
   dt: "3f"
   data: [ 7.68732971e+02, 4.36001923e+02, 8.71931612e-01,
       8.68779480e+02, 3.94849884e+02, 6.66388750e-01, 8.60016479e+02,
       4.56580048e+02, 5.77234924e-01, 9.68823975e+02, 4.77317810e+02,
       2.04296708e-01, 0., 0., 0., 8.83372314e+02, 3.42036957e+02,
       6.43027425e-01, 9.98165344e+02, 2.86006317e+02, 7.83961117e-01,
       9.89425110e+02, 4.30202057e+02, 7.58059263e-01, 1.14248706e+03,
       4.21352264e+02, 4.87709522e-01, 1.13952258e+03, 4.62664948e+02,
       5.04504859e-01, 1.33382898e+03, 5.50904968e+02, 8.04590046e-01,
       1.54577979e+03, 5.27420471e+02, 7.23915875e-01, 1.14256274e+03,
       3.68472198e+02, 4.01959807e-01, 1.39261902e+03, 3.62458496e+02,
       6.50644541e-01, 1.54268774e+03, 1.94745575e+02, 4.82536554e-01,
       7.54013123e+02, 4.44885498e+02, 7.70138443e-01, 7.62710327e+02,
       4.12582123e+02, 8.59853148e-01, 7.68697388e+02, 4.59531403e+02,
       5.10277748e-02, 7.83435242e+02, 3.83041809e+02, 6.82173252e-01,
       0., 0., 0., 0., 0., 0., 1.54281177e+03, 1.77068161e+02,
       1.96826532e-01, 1.58688171e+03, 6.09794067e+02, 6.28208041e-01,
       1.57224609e+03, 6.01024841e+02, 5.41149318e-01, 1.56927258e+03,
       5.06733215e+02, 5.97064793e-01 ]
