%YAML:1.0
---
pose_0: !!opencv-matrix
   rows: 1
   cols: 25
   dt: "3f"
   data: [ 7.65659607e+02, 4.03719879e+02, 8.52753043e-01,
       8.62886780e+02, 3.88949707e+02, 7.28664696e-01, 8.77608765e+02,
       4.56711792e+02, 5.60293913e-01, 9.92379761e+02, 4.80315338e+02,
       6.30127609e-01, 1.10133728e+03, 5.30173645e+02, 7.08251297e-01,
       8.68748840e+02, 3.12497437e+02, 6.78234696e-01, 9.89434082e+02,
       2.68239014e+02, 6.22893035e-01, 9.98129822e+02, 2.38886475e+02,
       6.76483393e-01, 1.11009412e+03, 4.03759460e+02, 5.26426077e-01,
       1.10125513e+03, 4.56597046e+02, 5.26443005e-01, 1.34852771e+03,
       5.27233826e+02, 6.19613051e-01, 1.54868030e+03, 5.74410583e+02,
       5.68956852e-01, 1.11013086e+03, 3.47811371e+02, 4.70152766e-01,
       1.33677515e+03, 3.38868530e+02, 5.26764929e-01, 1.57515576e+03,
       3.06601349e+02, 5.75284898e-01, 7.51017456e+02, 4.15479553e+02,
       7.82507360e-01, 7.51079651e+02, 3.85899811e+02, 8.38107228e-01,
       7.68643799e+02, 4.36050079e+02, 3.16556334e-01, 7.77562744e+02,
       3.50798187e+02, 5.67498863e-01, 1.63997266e+03, 2.71344360e+02,
       4.34518546e-01, 1.63989722e+03, 2.71305115e+02, 4.48092908e-01,
       1.62219775e+03, 3.09530701e+02, 2.36908630e-01, 1.61036133e+03,
       6.00917725e+02, 1.27611741e-01, 1.60752075e+03, 5.98000244e+02,
       1.64450765e-01, 1.58687048e+03, 5.77339172e+02, 3.62333804e-01 ]
