%YAML:1.0
---
pose_0: !!opencv-matrix
   rows: 1
   cols: 25
   dt: "3f"
   data: [ 0., 0., 0., 6.68606018e+02, 6.27394836e+02, 4.91823673e-01,
       6.65694641e+02, 7.39304810e+02, 5.22920191e-01, 8.33391541e+02,
       8.77634094e+02, 7.97371268e-01, 6.56798340e+02, 9.30491455e+02,
       7.49894559e-01, 6.65687805e+02, 5.30339661e+02, 2.82581478e-01,
       7.65760254e+02, 5.06815033e+02, 7.21781492e-01, 5.24400208e+02,
       6.27379028e+02, 7.59237468e-01, 1.06597034e+03, 5.50918579e+02,
       1.65761203e-01, 1.06299524e+03, 6.09767456e+02, 1.50593713e-01,
       1.23675537e+03, 6.65699585e+02, 1.20797932e-01, 1.74878821e+03,
       6.74483093e+02, 7.74456859e-02, 1.04238464e+03, 4.86148590e+02,
       1.86488271e-01, 1.15424365e+03, 3.91990997e+02, 1.10400185e-01,
       1.38381042e+03, 3.12405365e+02, 2.51395822e-01, 0., 0., 0., 0.,
       0., 0., 5.50967590e+02, 6.24374573e+02, 1.66911736e-01, 0., 0.,
       0., 0., 0., 0., 0., 0., 0., 1.40443640e+03, 3.12462067e+02,
       1.16929837e-01, 0., 0., 0., 0., 0., 0., 1.76934534e+03,
       6.71593750e+02, 5.78684956e-02 ]
