%YAML:1.0
---
pose_0: !!opencv-matrix
   rows: 1
   cols: 25
   dt: "3f"
   data: [ 7.65680359e+02, 4.09719696e+02, 3.83410394e-01,
       8.36388977e+02, 4.80192413e+02, 3.46574694e-01, 8.57059021e+02,
       5.12597534e+02, 5.16130567e-01, 9.98121155e+02, 5.62695862e+02,
       7.82728255e-01, 1.11594482e+03, 5.06901886e+02, 8.19886744e-01,
       8.21661743e+02, 4.42024414e+02, 1.76947415e-01, 1.02476965e+03,
       4.50781738e+02, 1.76260203e-01, 1.14252808e+03, 4.12675537e+02,
       3.90864462e-01, 1.11598950e+03, 5.12591064e+02, 4.69529927e-01,
       1.11304004e+03, 5.59719971e+02, 4.50545490e-01, 1.36027197e+03,
       5.27387268e+02, 5.63841283e-01, 1.57804297e+03, 6.42105896e+02,
       3.49143505e-01, 1.12184399e+03, 4.62662537e+02, 4.03870434e-01,
       1.36910327e+03, 4.56750031e+02, 2.39060774e-01, 1.54272791e+03,
       5.06723450e+02, 2.15368733e-01, 7.56927307e+02, 4.24325653e+02,
       1.78920180e-01, 7.62726013e+02, 4.12574829e+02, 1.05466172e-01,
       7.68657166e+02, 4.44934662e+02, 1.58940494e-01, 0., 0., 0.,
       1.61341589e+03, 4.44919495e+02, 1.96921438e-01, 1.60753333e+03,
       4.47896545e+02, 1.99871302e-01, 1.56632825e+03, 5.24414124e+02,
       1.54975876e-01, 1.63391321e+03, 6.62703308e+02, 2.16288641e-01,
       1.61346973e+03, 6.68607361e+02, 2.14239568e-01, 1.60457690e+03,
       6.56853943e+02, 2.46325061e-01 ]
