%YAML:1.0
---
pose_0: !!opencv-matrix
   rows: 1
   cols: 25
   dt: "3f"
   data: [ 7.39278992e+02, 5.03928467e+02, 9.10770953e-01,
       8.59850525e+02, 5.27333557e+02, 7.95093298e-01, 8.54021545e+02,
       5.97993958e+02, 7.42003500e-01, 9.59987305e+02, 6.44947510e+02,
       8.07166457e-01, 1.06888501e+03, 6.95118286e+02, 8.97746265e-01,
       8.74598328e+02, 4.56708618e+02, 6.75051689e-01, 1.00706018e+03,
       4.36223907e+02, 6.92102253e-01, 1.11886401e+03, 4.09558258e+02,
       7.82075286e-01, 1.11596936e+03, 5.27283569e+02, 6.06739283e-01,
       1.11303284e+03, 5.71532410e+02, 5.73787749e-01, 1.33075854e+03,
       5.59763367e+02, 7.14636087e-01, 1.54286316e+03, 5.56854004e+02,
       6.69753969e-01, 1.11598462e+03, 4.77254211e+02, 6.19990647e-01,
       1.32783154e+03, 4.62694641e+02, 7.25524008e-01, 1.55743530e+03,
       4.53657166e+02, 5.89036703e-01, 7.21584290e+02, 5.18538147e+02,
       8.28276634e-01, 7.33406006e+02, 4.83328156e+02, 8.56613398e-01,
       7.39220459e+02, 5.50811890e+02, 7.10926831e-01, 7.62655518e+02,
       4.68500610e+02, 6.61255240e-01, 1.63403381e+03, 4.24351349e+02,
       4.49226916e-01, 1.63101697e+03, 4.21395660e+02, 4.57595259e-01,
       1.59861206e+03, 4.56730621e+02, 2.26666152e-01, 1.61049414e+03,
       5.92101990e+02, 4.02284443e-01, 1.60746533e+03, 5.94964905e+02,
       3.70811254e-01, 1.57221155e+03, 5.42068909e+02, 4.32214320e-01 ]
