%YAML:1.0
---
pose_0: !!opencv-matrix
   rows: 1
   cols: 25
   dt: "3f"
   data: [ 6.74502686e+02, 4.12577209e+02, 8.65099072e-01,
       7.89423767e+02, 4.71430878e+02, 6.80511534e-01, 7.92215210e+02,
       5.53895203e+02, 6.99342608e-01, 9.04136902e+02, 6.01011414e+02,
       7.19815731e-01, 9.95241943e+02, 6.09794067e+02, 7.59904921e-01,
       7.89339539e+02, 3.86084961e+02, 6.37228608e-01, 9.62997986e+02,
       3.83167969e+02, 7.25687742e-01, 8.30483887e+02, 3.86065002e+02,
       7.79926658e-01, 1.10420337e+03, 4.65492737e+02, 5.23557901e-01,
       1.09831982e+03, 5.18464355e+02, 5.77726603e-01, 1.31616443e+03,
       5.45009033e+02, 5.76761603e-01, 1.57805151e+03, 5.71527893e+02,
       5.65086126e-01, 1.10420337e+03, 4.09586853e+02, 5.21328866e-01,
       1.32796899e+03, 4.09626434e+02, 6.66033924e-01, 1.57804541e+03,
       4.33068726e+02, 6.51939750e-01, 6.56838074e+02, 4.33149078e+02,
       8.45037222e-01, 6.68645264e+02, 3.94850830e+02, 8.10155213e-01,
       6.74488098e+02, 4.74415771e+02, 6.41035795e-01, 7.01032959e+02,
       3.77272766e+02, 1.31335378e-01, 1.63988745e+03, 4.09591583e+02,
       4.86802220e-01, 1.63408704e+03, 4.03751495e+02, 5.08639991e-01,
       1.60751086e+03, 4.39080841e+02, 2.92665929e-01, 1.66931763e+03,
       5.59724365e+02, 3.23311180e-01, 1.65751038e+03, 5.77410400e+02,
       2.97104955e-01, 1.60160706e+03, 5.62651367e+02, 2.88913220e-01 ]
