%YAML:1.0
---
pose_0: !!opencv-matrix
   rows: 1
   cols: 25
   dt: "3f"
   data: [ 6.03846985e+02, 5.03661407e+02, 6.22985661e-01,
       6.50928711e+02, 5.53753235e+02, 5.44065833e-01, 5.97923157e+02,
       5.86202393e+02, 2.97089815e-01, 5.50921936e+02, 5.74346313e+02,
       1.61945775e-01, 5.42107727e+02, 5.18521729e+02, 7.03103468e-02,
       6.95078369e+02, 5.06838593e+02, 3.15779090e-01, 9.18744141e+02,
       3.97831329e+02, 5.01266778e-01, 1.04533167e+03, 2.50675430e+02,
       4.34576899e-01, 1.08656177e+03, 5.36174133e+02, 3.36697757e-01,
       1.07773523e+03, 6.09780762e+02, 3.09492558e-01, 1.39558984e+03,
       6.21418457e+02, 4.08882260e-01, 1.40734143e+03, 6.18545166e+02,
       6.69596866e-02, 1.07776770e+03, 4.71433441e+02, 3.75744581e-01,
       1.35448376e+03, 3.53661743e+02, 3.53549391e-01, 1.56040405e+03,
       2.21217499e+02, 1.89123735e-01, 5.77486633e+02, 5.06717346e+02,
       6.20302141e-01, 5.97930054e+02, 4.83281097e+02, 3.86886269e-01,
       5.80353271e+02, 5.36225220e+02, 2.67059267e-01, 0., 0., 0., 0.,
       0., 0., 0., 0., 0., 0., 0., 0., 0., 0., 0., 0., 0., 0., 0., 0.,
       0. ]
