%YAML:1.0
---
pose_0: !!opencv-matrix
   rows: 1
   cols: 25
   dt: "3f"
   data: [ 7.42142090e+02, 2.97833954e+02, 8.20951462e-01,
       8.18772217e+02, 2.68239227e+02, 6.11042798e-01, 8.09981689e+02,
       3.00682739e+02, 5.69802463e-01, 8.98166077e+02, 3.77235535e+02,
       3.09467137e-01, 8.98217285e+02, 4.12489105e+02, 1.69246748e-01,
       8.33406799e+02, 2.30111404e+02, 7.41981208e-01, 9.21760437e+02,
       3.83052765e+02, 5.88187814e-01, 9.62925903e+02, 5.12633606e+02,
       7.06928194e-01, 1.13360193e+03, 2.83025574e+02, 5.43052018e-01,
       1.12187305e+03, 3.33033447e+02, 5.68795919e-01, 1.27786292e+03,
       4.42011444e+02, 7.66883075e-01, 1.48095117e+03, 3.83080750e+02,
       2.87968397e-01, 1.13948975e+03, 2.24277740e+02, 5.21510661e-01,
       1.36029895e+03, 2.00708084e+02, 3.91120255e-01, 1.58397559e+03,
       1.32961838e+02, 4.57613617e-01, 7.30377319e+02, 3.12487244e+02,
       7.51310587e-01, 7.30422729e+02, 2.82998199e+02, 7.29963064e-01,
       0., 0., 0., 7.42187561e+02, 2.47727081e+02, 7.04972982e-01,
       1.65753552e+03, 1.18228455e+02, 2.54115462e-01, 1.65168884e+03,
       1.12355034e+02, 2.70126730e-01, 1.59279688e+03, 1.18241730e+02,
       1.71757743e-01, 1.50744983e+03, 3.86076111e+02, 9.38549787e-02,
       0., 0., 0., 1.50453552e+03, 3.74265533e+02, 2.65633702e-01 ]
