%YAML:1.0
---
pose_0: !!opencv-matrix
   rows: 1
   cols: 25
   dt: "3f"
   data: [ 8.51093384e+02, 5.47934753e+02, 4.00956869e-01,
       9.15870300e+02, 5.00864044e+02, 3.96494508e-01, 9.30608154e+02,
       5.47938843e+02, 1.33862838e-01, 0., 0., 0., 0., 0., 0.,
       8.80481689e+02, 4.65497192e+02, 4.85869944e-01, 8.03982422e+02,
       5.03814514e+02, 6.95264339e-01, 7.24573730e+02, 5.68556213e+02,
       7.42663324e-01, 1.17196838e+03, 5.30295715e+02, 5.12287438e-01,
       1.16901257e+03, 5.77338745e+02, 5.40236712e-01, 1.35446875e+03,
       6.44954468e+02, 8.25024366e-01, 1.53099866e+03, 6.27404968e+02,
       6.53708637e-01, 1.17482874e+03, 4.83113342e+02, 4.99002576e-01,
       1.36616174e+03, 4.83121307e+02, 6.91147685e-01, 1.55450610e+03,
       4.39155457e+02, 6.51785016e-01, 8.33468201e+02, 5.45007568e+02,
       1.08268447e-01, 8.36430298e+02, 5.33265198e+02, 3.12571824e-01,
       0., 0., 0., 8.36414307e+02, 5.27254578e+02, 2.70342588e-01,
       1.61932727e+03, 4.36078827e+02, 3.56609613e-01, 1.61346008e+03,
       4.30184448e+02, 4.33212817e-01, 1.57804871e+03, 4.30203644e+02,
       2.50023335e-01, 1.55743616e+03, 7.21666565e+02, 5.97169757e-01,
       1.54286584e+03, 7.18610596e+02, 5.00594378e-01, 1.55746924e+03,
       6.06868347e+02, 5.33617795e-01 ]
