%YAML:1.0
---
pose_0: !!opencv-matrix
   rows: 1
   cols: 25
   dt: "3f"
   data: [ 7.59864502e+02, 4.18392761e+02, 6.64418697e-01,
       8.33430969e+02, 3.41898376e+02, 4.57219064e-01, 8.21663635e+02,
       3.53694366e+02, 2.21403256e-01, 9.60008057e+02, 4.12521271e+02,
       6.53044209e-02, 0., 0., 0., 8.42240540e+02, 3.35962799e+02,
       6.10206366e-01, 9.57058777e+02, 3.97853455e+02, 7.31554151e-01,
       9.54099548e+02, 5.27364014e+02, 8.40933025e-01, 1.11595496e+03,
       3.71357178e+02, 2.86785334e-01, 1.11304590e+03, 3.36006805e+02,
       1.61559910e-01, 1.36323401e+03, 2.74244995e+02, 9.86492410e-02,
       1.57225916e+03, 1.50620468e+02, 2.58858174e-01, 1.11012317e+03,
       3.97815796e+02, 2.07809612e-01, 1.32786768e+03, 5.39128174e+02,
       2.71783739e-01, 1.53988770e+03, 5.71418457e+02, 1.23981208e-01,
       7.42330505e+02, 4.18485016e+02, 8.63966644e-02, 7.42216187e+02,
       4.09524567e+02, 7.09478974e-01, 0., 0., 0., 7.42114380e+02,
       3.65560394e+02, 7.19897449e-01, 0., 0., 0., 0., 0., 0., 0., 0.,
       0., 0., 0., 0., 0., 0., 0., 1.59282922e+03, 1.29951035e+02,
       1.41145423e-01 ]
