%YAML:1.0
---
pose_0: !!opencv-matrix
   rows: 1
   cols: 25
   dt: "3f"
   data: [ 8.33399292e+02, 5.27217896e+02, 8.52167130e-01,
       9.04071472e+02, 5.15576416e+02, 7.52082169e-01, 9.01141113e+02,
       5.74438843e+02, 6.85901523e-01, 7.83357239e+02, 6.06824463e+02,
       7.99928427e-01, 7.36287903e+02, 5.50751221e+02, 5.15876234e-01,
       9.01078552e+02, 4.59715424e+02, 6.71603262e-01, 9.01074829e+02,
       3.65490143e+02, 6.31902575e-01, 8.56875061e+02, 2.68273315e+02,
       6.92795396e-01, 1.16608240e+03, 5.27295044e+02, 5.83991766e-01,
       1.16594360e+03, 5.71534607e+02, 6.11330450e-01, 1.36024377e+03,
       6.44955933e+02, 7.54775584e-01, 1.51931067e+03, 6.39140625e+02,
       6.50313079e-01, 1.16902527e+03, 4.77223724e+02, 5.42848229e-01,
       1.35430347e+03, 4.80334290e+02, 7.17907846e-01, 1.55163977e+03,
       4.36011261e+02, 7.36617148e-01, 8.18679321e+02, 5.36125244e+02,
       7.46471643e-01, 8.18709351e+02, 5.06781830e+02, 8.16616952e-01,
       8.33548279e+02, 5.56886169e+02, 5.17150819e-01, 8.36493042e+02,
       4.83299744e+02, 5.60165167e-01, 1.61054321e+03, 4.56781372e+02,
       3.56295705e-01, 1.61047424e+03, 4.39088531e+02, 4.35725152e-01,
       1.57217407e+03, 4.12569885e+02, 3.61422837e-01, 1.57812524e+03,
       6.83351868e+02, 5.70158839e-01, 1.57515161e+03, 6.80346985e+02,
       5.38695574e-01, 1.54865442e+03, 6.15605469e+02, 4.84526187e-01 ]
