%YAML:1.0
---
pose_0: !!opencv-matrix
   rows: 1
   cols: 25
   dt: "3f"
   data: [ 6.92122803e+02, 4.71471619e+02, 8.09047282e-01,
       7.89348755e+02, 4.44909332e+02, 6.84261918e-01, 7.86345398e+02,
       5.09734619e+02, 5.70267320e-01, 8.83521301e+02, 5.53724915e+02,
       4.50347036e-01, 9.57117249e+02, 5.77476379e+02, 3.21922183e-01,
       8.04046692e+02, 3.77202972e+02, 5.93389332e-01, 9.45263062e+02,
       3.62443604e+02, 7.11897552e-01, 1.09837158e+03, 3.41905975e+02,
       7.75422394e-01, 1.07773560e+03, 4.65519867e+02, 4.00847405e-01,
       1.07185449e+03, 5.06750275e+02, 3.56386334e-01, 1.33383142e+03,
       4.77293854e+02, 2.91339546e-01, 1.54280676e+03, 4.33182098e+02,
       3.96237403e-01, 1.08657129e+03, 4.21384460e+02, 3.03927302e-01,
       1.35439868e+03, 4.86170105e+02, 3.05861950e-01, 1.54571875e+03,
       4.36185760e+02, 1.74442455e-01, 6.71558960e+02, 4.80274017e+02,
       7.51394987e-01, 6.74586731e+02, 4.50788666e+02, 7.61571169e-01,
       0., 0., 0., 6.98034546e+02, 4.09684082e+02, 6.08864069e-01,
       1.68404565e+03, 4.21363983e+02, 1.25102609e-01, 1.68410327e+03,
       4.18423615e+02, 1.30968019e-01, 0., 0., 0., 1.68116724e+03,
       4.09629578e+02, 1.01686850e-01, 1.68100513e+03, 4.21407410e+02,
       5.65542094e-02, 1.56333545e+03, 4.27269958e+02, 1.34855434e-01 ]
