%YAML:1.0
---
pose_0: !!opencv-matrix
   rows: 2
   cols: 25
   dt: "3f"
   data: [ 7.45111816e+02, 5.33312805e+02, 7.19694138e-01,
       8.15822327e+02, 4.59759338e+02, 5.91859937e-01, 8.12927124e+02,
       4.53735352e+02, 4.95312601e-01, 0., 0., 0., 0., 0., 0.,
       8.15789734e+02, 4.80142303e+02, 7.46381819e-01, 9.62969910e+02,
       4.94930054e+02, 7.36775994e-01, 1.04818115e+03, 5.98069824e+02,
       7.38947988e-01, 1.13950415e+03, 4.44918182e+02, 3.28435272e-01,
       0., 0., 0., 0., 0., 0., 0., 0., 0., 1.15133752e+03,
       4.36103424e+02, 3.63642901e-01, 1.35139050e+03, 5.30401855e+02,
       6.96384788e-01, 1.61039575e+03, 4.33215149e+02, 5.25767207e-01,
       0., 0., 0., 7.39135681e+02, 5.24293274e+02, 7.24513888e-01, 0.,
       0., 0., 7.48148865e+02, 4.80110229e+02, 6.79283917e-01,
       1.67225659e+03, 3.80164093e+02, 4.57850724e-01, 1.66642371e+03,
       3.83053040e+02, 4.28554475e-01, 1.63697437e+03, 4.27262054e+02,
       1.72376364e-01, 0., 0., 0., 0., 0., 0., 0., 0., 0., 0., 0., 0.,
       0., 0., 0., 0., 0., 0., 0., 0., 0., 0., 0., 0., 0., 0., 0., 0.,
       0., 0., 0., 0., 0., 0., 0., 0., 1.13953052e+03, 4.33138245e+02,
       2.01103777e-01, 1.34853418e+03, 5.15616516e+02, 4.02775675e-01,
       1.55160803e+03, 4.41968048e+02, 2.26157919e-01, 0., 0., 0., 0.,
       0., 0., 0., 0., 0., 0., 0., 0., 0., 0., 0., 0., 0., 0., 0., 0.,
       0., 0., 0., 0., 0., 0., 0., 0., 0., 0., 0., 0., 0., 0., 0., 0.,
       0., 0., 0. ]
