%YAML:1.0
---
pose_0: !!opencv-matrix
   rows: 1
   cols: 25
   dt: "3f"
   data: [ 7.39373169e+02, 5.06645233e+02, 9.10102487e-01,
       8.59920349e+02, 5.27389587e+02, 7.92262673e-01, 8.54079651e+02,
       6.00979065e+02, 7.43401349e-01, 9.65855957e+02, 6.45026611e+02,
       7.96229780e-01, 1.07473438e+03, 6.95034546e+02, 8.74610007e-01,
       8.71721924e+02, 4.56711884e+02, 7.20414877e-01, 1.00415479e+03,
       4.36132721e+02, 7.28702843e-01, 1.11897302e+03, 4.12454651e+02,
       7.56503403e-01, 1.11601453e+03, 5.27403809e+02, 6.19931757e-01,
       1.11594739e+03, 5.74476746e+02, 6.22665465e-01, 1.32794580e+03,
       5.62629761e+02, 7.08133161e-01, 1.54275281e+03, 5.56838745e+02,
       6.40690029e-01, 1.11600427e+03, 4.77342529e+02, 6.57010376e-01,
       1.32793091e+03, 4.74341370e+02, 6.86210155e-01, 1.53690698e+03,
       4.56720642e+02, 5.77536881e-01, 7.24499634e+02, 5.24324036e+02,
       8.04059148e-01, 7.33391663e+02, 4.86117493e+02, 8.38592052e-01,
       7.39340820e+02, 5.50972473e+02, 7.04905033e-01, 7.59824707e+02,
       4.74280914e+02, 6.21732116e-01, 1.61348450e+03, 4.33163940e+02,
       4.48641598e-01, 1.61049146e+03, 4.30222076e+02, 4.90267277e-01,
       1.55749133e+03, 4.74358917e+02, 2.05501780e-01, 1.61331165e+03,
       5.68545837e+02, 3.47416401e-01, 1.60752002e+03, 5.80315552e+02,
       3.61131191e-01, 1.56630188e+03, 5.44980713e+02, 3.67507815e-01 ]
