%YAML:1.0
---
pose_0: !!opencv-matrix
   rows: 1
   cols: 25
   dt: "3f"
   data: [ 7.89430786e+02, 5.06611481e+02, 8.32531869e-01,
       8.95199646e+02, 5.18465759e+02, 6.96571410e-01, 8.89433411e+02,
       5.97915405e+02, 6.13326550e-01, 8.80461853e+02, 7.15672607e+02,
       8.50172043e-01, 8.30417419e+02, 6.71502991e+02, 6.58981740e-01,
       9.04130615e+02, 4.41995148e+02, 7.01349020e-01, 9.33520874e+02,
       3.21307220e+02, 8.22346210e-01, 9.06987061e+02, 1.88842377e+02,
       8.12554181e-01, 1.14243616e+03, 5.24330994e+02, 5.80820560e-01,
       1.13954883e+03, 5.71388062e+02, 5.89191794e-01, 1.34846167e+03,
       6.24581726e+02, 7.79607117e-01, 1.53098157e+03, 6.45103149e+02,
       6.72211587e-01, 1.14248120e+03, 4.74337769e+02, 5.58885813e-01,
       1.36618164e+03, 4.59550415e+02, 7.39367366e-01, 1.56330383e+03,
       4.33221924e+02, 6.92679882e-01, 7.80436401e+02, 5.21400269e+02,
       7.41847873e-01, 7.83300659e+02, 4.83251740e+02, 7.72559881e-01,
       7.95213074e+02, 5.42064453e+02, 4.47085172e-01, 8.06985535e+02,
       4.59708405e+02, 4.45056319e-01, 1.62516040e+03, 4.53757599e+02,
       3.33045870e-01, 1.61640723e+03, 4.36051788e+02, 3.87016773e-01,
       1.58695996e+03, 4.15491089e+02, 2.84196556e-01, 1.58389966e+03,
       6.92239075e+02, 3.83121789e-01, 1.58683643e+03, 6.89218567e+02,
       3.89447570e-01, 1.56043054e+03, 6.27426025e+02, 4.93579537e-01 ]
