%YAML:1.0
---
pose_0: !!opencv-matrix
   rows: 1
   cols: 25
   dt: "3f"
   data: [ 7.42090576e+02, 3.65438812e+02, 8.59027028e-01,
       8.51088867e+02, 3.44864258e+02, 6.59629583e-01, 8.54060364e+02,
       4.12570648e+02, 6.80771232e-01, 9.92392639e+02, 4.83206757e+02,
       7.29301393e-01, 9.54122742e+02, 4.59727509e+02, 5.47140777e-01,
       8.51039673e+02, 2.71346649e+02, 6.32475376e-01, 9.74693848e+02,
       2.62386505e+02, 8.13961923e-01, 8.83555969e+02, 3.71389069e+02,
       8.20689797e-01, 1.12194531e+03, 3.65485596e+02, 6.33601248e-01,
       1.11309106e+03, 4.12569641e+02, 6.39988422e-01, 1.29547729e+03,
       4.36124298e+02, 7.58856237e-01, 1.51623718e+03, 4.80338654e+02,
       5.85292101e-01, 1.13663782e+03, 3.12511841e+02, 5.53779244e-01,
       1.35448645e+03, 3.03660431e+02, 6.02151513e-01, 1.57217224e+03,
       2.94925690e+02, 6.28447413e-01, 7.21660278e+02, 3.77268585e+02,
       7.80814469e-01, 7.21660645e+02, 3.41884155e+02, 8.20592403e-01,
       7.42197327e+02, 3.89105072e+02, 1.39968514e-01, 7.42120117e+02,
       3.09512726e+02, 6.06694341e-01, 1.64286951e+03, 2.62468231e+02,
       4.24237877e-01, 1.63689502e+03, 2.59537415e+02, 4.76064444e-01,
       1.60752112e+03, 3.03689972e+02, 2.75128394e-01, 1.58981030e+03,
       4.80266876e+02, 2.29204595e-01, 1.56923438e+03, 5.00875122e+02,
       2.03690842e-01, 1.54570398e+03, 4.77256592e+02, 3.33553582e-01 ]
