%YAML:1.0
---
pose_0: !!opencv-matrix
   rows: 1
   cols: 25
   dt: "3f"
   data: [ 7.62798401e+02, 4.56765167e+02, 6.82566285e-01,
       8.09859619e+02, 5.27435120e+02, 5.96446872e-01, 8.24575256e+02,
       5.42015381e+02, 6.47948205e-01, 9.48159424e+02, 5.50972046e+02,
       7.12256074e-01, 0., 0., 0., 8.06928345e+02, 5.21422180e+02,
       2.91162729e-01, 0., 0., 0., 0., 0., 0., 1.12194495e+03,
       5.74441223e+02, 5.70234179e-01, 1.11304309e+03, 6.06846313e+02,
       4.83934075e-01, 1.35434973e+03, 5.44963257e+02, 7.82736182e-01,
       1.60747388e+03, 6.89229065e+02, 5.16790807e-01, 1.13953333e+03,
       5.36136047e+02, 5.08727908e-01, 1.35146362e+03, 4.94942719e+02,
       6.26328349e-01, 1.56625244e+03, 5.80358826e+02, 6.66326940e-01,
       7.42238708e+02, 4.59794128e+02, 6.29280388e-01, 0., 0., 0.,
       7.48149597e+02, 4.89102692e+02, 5.83647072e-01, 0., 0., 0.,
       1.59286536e+03, 5.24343018e+02, 1.83948159e-01, 1.58987732e+03,
       5.30297668e+02, 2.04669312e-01, 1.58687427e+03, 6.00946350e+02,
       5.00538528e-01, 1.68992200e+03, 6.27464050e+02, 4.23665017e-01,
       1.68406934e+03, 6.47992676e+02, 3.33682090e-01, 1.62809924e+03,
       7.18752136e+02, 4.60519046e-01 ]
