%YAML:1.0
---
pose_0: !!opencv-matrix
   rows: 1
   cols: 25
   dt: "3f"
   data: [ 7.65855957e+02, 5.36138367e+02, 7.28249371e-01,
       8.24585144e+02, 5.06729370e+02, 7.60003328e-01, 8.18694275e+02,
       5.56720581e+02, 6.05531216e-01, 8.01028198e+02, 6.03906799e+02,
       4.69298661e-01, 7.42156433e+02, 6.18525574e+02, 3.80010128e-01,
       8.27518433e+02, 4.53733521e+02, 7.23525107e-01, 8.59865540e+02,
       5.06839050e+02, 8.33054662e-01, 8.68804443e+02, 6.24458679e+02,
       8.10102582e-01, 1.09249768e+03, 5.30285339e+02, 5.51946878e-01,
       1.08658130e+03, 5.77339539e+02, 5.07137954e-01, 1.31321436e+03,
       6.24407471e+02, 6.19288981e-01, 1.51034961e+03, 6.48013855e+02,
       6.21701658e-01, 1.10129504e+03, 4.80316467e+02, 5.32001615e-01,
       1.30740649e+03, 4.80171265e+02, 6.72803044e-01, 1.53980200e+03,
       4.42003174e+02, 5.61691344e-01, 7.56882751e+02, 5.42014832e+02,
       6.30697548e-01, 7.62787659e+02, 5.24351563e+02, 7.24810541e-01,
       0., 0., 0., 7.65887390e+02, 4.83286499e+02, 5.70782304e-01,
       1.62805750e+03, 4.36108185e+02, 2.41885290e-01, 1.61638696e+03,
       4.27278870e+02, 2.77414024e-01, 1.58397668e+03, 4.41946411e+02,
       1.75081477e-01, 1.57807593e+03, 6.80440613e+02, 4.63604689e-01,
       1.56932739e+03, 6.80376831e+02, 4.89071816e-01, 1.53989136e+03,
       6.27424438e+02, 4.02146697e-01 ]
