%YAML:1.0
---
pose_0: !!opencv-matrix
   rows: 1
   cols: 25
   dt: "3f"
   data: [ 5.44984314e+02, 5.30253723e+02, 2.36684412e-01,
       6.89172180e+02, 5.12653320e+02, 2.62208909e-01, 6.80357300e+02,
       6.18534668e+02, 4.87211585e-01, 8.51118225e+02, 6.27520386e+02,
       7.24807322e-01, 7.42179504e+02, 4.77244110e+02, 7.00427949e-01,
       6.74519775e+02, 4.21383484e+02, 1.30774111e-01, 9.10047119e+02,
       3.44902252e+02, 7.67687201e-01, 7.33331726e+02, 3.44884827e+02,
       5.22955894e-01, 1.09244568e+03, 5.27388855e+02, 4.52744424e-01,
       1.06893567e+03, 5.92127136e+02, 3.70227575e-01, 1.27198584e+03,
       6.92171753e+02, 2.20852017e-01, 1.53097913e+03, 8.09885986e+02,
       2.69424647e-01, 1.10125635e+03, 4.56740906e+02, 3.49961400e-01,
       1.39266260e+03, 4.77310303e+02, 4.87082839e-01, 1.75171106e+03,
       4.83286316e+02, 3.24037462e-01, 5.18531311e+02, 5.36173279e+02,
       2.58038759e-01, 5.39106384e+02, 5.06766174e+02, 2.09767550e-01,
       0., 0., 0., 5.59739014e+02, 4.83113220e+02, 8.83998349e-02,
       1.86653223e+03, 4.36173798e+02, 1.97787791e-01, 1.86643005e+03,
       4.36206055e+02, 1.88161850e-01, 1.83119128e+03, 5.21413452e+02,
       1.71483546e-01, 1.58984021e+03, 7.95161865e+02, 8.02499503e-02,
       0., 0., 0., 1.56926257e+03, 8.15793579e+02, 1.91364273e-01 ]
