%YAML:1.0
---
pose_0: !!opencv-matrix
   rows: 1
   cols: 25
   dt: "3f"
   data: [ 7.21558533e+02, 5.53803772e+02, 8.73968124e-01,
       8.36434143e+02, 5.53798462e+02, 6.60799563e-01, 8.36385559e+02,
       6.24417542e+02, 4.84226733e-01, 1.00130670e+03, 6.53908997e+02,
       6.35797441e-01, 1.15133301e+03, 6.95211243e+02, 5.66537738e-01,
       8.48168701e+02, 4.77305389e+02, 6.65994227e-01, 1.00110022e+03,
       4.24350952e+02, 7.50132203e-01, 1.13942456e+03, 3.71419952e+02,
       7.30641842e-01, 1.12191565e+03, 5.53797668e+02, 5.69936872e-01,
       1.11608105e+03, 6.01051392e+02, 6.35196090e-01, 1.30728503e+03,
       6.83280640e+02, 7.07138956e-01, 1.48977051e+03, 6.77447266e+02,
       5.67432284e-01, 1.12775525e+03, 5.00807587e+02, 5.49540699e-01,
       1.35141333e+03, 5.74279785e+02, 5.61618090e-01, 1.61337598e+03,
       6.03829163e+02, 5.53314745e-01, 7.09822021e+02, 5.74359070e+02,
       8.17893744e-01, 7.12776062e+02, 5.33241882e+02, 8.22539687e-01,
       7.18792542e+02, 5.98009766e+02, 2.95297444e-01, 7.36361511e+02,
       5.09664001e+02, 5.66312671e-01, 1.69578955e+03, 5.71461304e+02,
       3.36392522e-01, 1.68701294e+03, 5.65637329e+02, 3.57821733e-01,
       1.63988391e+03, 6.30362427e+02, 2.56996423e-01, 1.53983496e+03,
       6.95147949e+02, 2.64211118e-01, 1.52212183e+03, 7.06838074e+02,
       2.89898127e-01, 1.51625659e+03, 6.62772400e+02, 3.91711175e-01 ]
