%YAML:1.0
---
pose_0: !!opencv-matrix
   rows: 1
   cols: 25
   dt: "3f"
   data: [ 7.65838867e+02, 4.36116241e+02, 8.70740831e-01,
       8.80415344e+02, 4.24370514e+02, 6.76037669e-01, 8.71701233e+02,
       5.00903656e+02, 7.36614108e-01, 9.77676025e+02, 5.27384399e+02,
       8.72094512e-01, 9.24670105e+02, 4.33123077e+02, 7.75446713e-01,
       8.83441650e+02, 3.47766785e+02, 6.87456369e-01, 1.00136670e+03,
       2.74194580e+02, 8.43572617e-01, 9.57053284e+02, 2.30027985e+02,
       7.83539414e-01, 1.14243738e+03, 4.62619232e+02, 6.39819801e-01,
       1.13068921e+03, 5.12594421e+02, 6.09397173e-01, 1.33080542e+03,
       5.74325623e+02, 7.72300541e-01, 1.51915308e+03, 6.36273621e+02,
       6.36288524e-01, 1.14842139e+03, 4.09675018e+02, 6.14701688e-01,
       1.34845703e+03, 4.33023468e+02, 6.89901829e-01, 1.57517981e+03,
       4.27303802e+02, 5.89309096e-01, 7.56857605e+02, 4.53715698e+02,
       7.89502859e-01, 7.56905212e+02, 4.15498749e+02, 7.99236357e-01,
       7.71650879e+02, 4.62708954e+02, 2.00970992e-01, 7.68786804e+02,
       3.88895172e+02, 5.87709546e-01, 1.63690637e+03, 4.09604431e+02,
       5.53528905e-01, 1.63110645e+03, 4.03733093e+02, 5.78728080e-01,
       1.61041028e+03, 4.33080017e+02, 2.93459624e-01, 1.58697888e+03,
       6.48127136e+02, 4.14750040e-01, 1.58390283e+03, 6.56845337e+02,
       4.05105710e-01, 1.54577759e+03, 6.33272156e+02, 3.99574161e-01 ]
