%YAML:1.0
---
pose_0: !!opencv-matrix
   rows: 1
   cols: 25
   dt: "3f"
   data: [ 5.42067627e+02, 5.68525513e+02, 1.63089409e-01,
       6.68686218e+02, 4.86107178e+02, 5.46873331e-01, 6.68718140e+02,
       5.97871277e+02, 7.25609303e-01, 8.33482483e+02, 6.01025330e+02,
       6.85746670e-01, 7.39259521e+02, 4.80151520e+02, 6.85351074e-01,
       6.95067871e+02, 3.62485352e+02, 4.16824311e-01, 8.83496704e+02,
       2.86017090e+02, 7.26566494e-01, 7.18680786e+02, 2.65413086e+02,
       6.87503695e-01, 1.03359595e+03, 5.44963135e+02, 4.32683051e-01,
       1.00710999e+03, 6.15615173e+02, 4.50435162e-01, 1.30143457e+03,
       7.42166809e+02, 3.67549986e-01, 1.54864001e+03, 8.30441650e+02,
       1.29232869e-01, 1.05418970e+03, 4.65496796e+02, 3.76431793e-01,
       1.37499536e+03, 5.03829865e+02, 4.58477676e-01, 1.73999451e+03,
       4.89062500e+02, 2.75930583e-01, 0., 0., 0., 5.92031738e+02,
       4.65534180e+02, 1.49457246e-01, 0., 0., 0., 5.97883362e+02,
       4.15570770e+02, 3.89141411e-01, 1.86645398e+03, 5.00851868e+02,
       1.01010278e-01, 0., 0., 0., 1.75465198e+03, 5.09660828e+02,
       1.58064395e-01, 0., 0., 0., 0., 0., 0., 1.58103430e+03,
       8.42259216e+02, 9.92863327e-02 ]
