%YAML:1.0
---
pose_0: !!opencv-matrix
   rows: 2
   cols: 25
   dt: "3f"
   data: [ 0., 0., 0., 6.98033691e+02, 5.30330200e+02, 7.04161599e-02,
       7.33324158e+02, 5.77334778e+02, 7.70079717e-02, 7.65842529e+02,
       6.56861633e+02, 5.14436841e-01, 6.03863098e+02, 5.36198792e+02,
       4.43139672e-01, 6.98023071e+02, 5.06721741e+02, 6.07216954e-02,
       0., 0., 0., 0., 0., 0., 1.03062158e+03, 5.18502869e+02,
       3.71418118e-01, 1.01298480e+03, 5.92057617e+02, 3.57888669e-01,
       1.30437451e+03, 6.68696716e+02, 3.16699922e-01, 1.54866968e+03,
       7.09785767e+02, 1.98807567e-01, 1.03947766e+03, 4.50851166e+02,
       3.33355218e-01, 1.33673218e+03, 4.59724762e+02, 3.55472535e-01,
       1.72233362e+03, 4.83091675e+02, 3.13684225e-01, 0., 0., 0., 0.,
       0., 0., 0., 0., 0., 0., 0., 0., 1.84582275e+03, 4.53738373e+02,
       1.51857927e-01, 1.84581921e+03, 4.53739838e+02, 1.47916988e-01,
       1.73406458e+03, 5.03743835e+02, 1.74854979e-01, 1.55747034e+03,
       7.33362793e+02, 6.55065253e-02, 1.54868213e+03, 7.36248474e+02,
       9.28225517e-02, 1.56632239e+03, 7.15695801e+02, 1.49366409e-01,
       0., 0., 0., 5.95012512e+02, 4.18448059e+02, 1.47508159e-01,
       5.27357788e+02, 4.80287018e+02, 5.06377891e-02, 0., 0., 0., 0.,
       0., 0., 6.45115173e+02, 3.53682434e+02, 2.88698375e-01,
       8.06891846e+02, 3.42016663e+02, 7.13443041e-01, 5.92047791e+02,
       4.24345428e+02, 5.26231766e-01, 0., 0., 0., 0., 0., 0., 0., 0.,
       0., 0., 0., 0., 0., 0., 0., 0., 0., 0., 0., 0., 0., 0., 0., 0.,
       0., 0., 0., 0., 0., 0., 0., 0., 0., 0., 0., 0., 0., 0., 0., 0.,
       0., 0., 0., 0., 0., 0., 0., 0., 0., 0., 0. ]
