%YAML:1.0
---
pose_0: !!opencv-matrix
   rows: 1
   cols: 25
   dt: "3f"
   data: [ 6.18583008e+02, 5.27304810e+02, 8.17578375e-01,
       7.56852173e+02, 5.50798889e+02, 6.27688885e-01, 7.45224670e+02,
       6.36232788e+02, 5.21276176e-01, 9.15864563e+02, 6.86210999e+02,
       5.69297016e-01, 1.05425464e+03, 6.77463318e+02, 7.79283404e-01,
       7.65759583e+02, 4.65548553e+02, 4.55401927e-01, 9.59981934e+02,
       4.15467163e+02, 3.96012723e-01, 1.11305359e+03, 3.89081909e+02,
       6.37975395e-01, 1.08067358e+03, 5.36198792e+02, 5.40736079e-01,
       1.07179578e+03, 5.97863708e+02, 5.70139229e-01, 1.32497437e+03,
       6.03949951e+02, 6.66699171e-01, 1.61046057e+03, 6.74591614e+02,
       5.28742313e-01, 1.08951855e+03, 4.77314209e+02, 5.16712666e-01,
       1.31316821e+03, 4.56604340e+02, 5.07918954e-01, 1.58981165e+03,
       4.24380005e+02, 4.81493890e-01, 6.00928467e+02, 5.44936401e+02,
       7.99033284e-01, 6.01049622e+02, 5.03803284e+02, 8.07768822e-01,
       6.21569031e+02, 5.71451721e+02, 4.69311357e-01, 6.33268799e+02,
       4.80132019e+02, 5.14762104e-01, 1.69877771e+03, 4.12507874e+02,
       1.35202840e-01, 1.68992529e+03, 4.06619812e+02, 1.53366506e-01,
       1.61929187e+03, 4.21426331e+02, 3.06083739e-01, 1.71933716e+03,
       6.27467163e+02, 4.58065420e-01, 1.71345276e+03, 6.42163513e+02,
       3.73565882e-01, 1.63986255e+03, 6.92159058e+02, 3.18088770e-01 ]
