%YAML:1.0
---
pose_0: !!opencv-matrix
   rows: 1
   cols: 25
   dt: "3f"
   data: [ 5.06757324e+02, 4.80156769e+02, 8.55577707e-01,
       5.97918274e+02, 5.30295166e+02, 5.91482043e-01, 5.36202026e+02,
       5.95021973e+02, 5.04173815e-01, 4.71373047e+02, 5.74399963e+02,
       2.74128497e-01, 4.39143280e+02, 5.18528809e+02, 1.15434326e-01,
       6.53902039e+02, 4.53722870e+02, 5.24783850e-01, 7.68702454e+02,
       4.80244568e+02, 7.66544223e-01, 5.53859558e+02, 5.59704712e+02,
       7.11565912e-01, 1.02477979e+03, 5.50913391e+02, 4.00858879e-01,
       1.01884271e+03, 6.15594177e+02, 3.85612160e-01, 1.07482007e+03,
       6.71498718e+02, 9.28772017e-02, 0., 0., 0., 1.02766748e+03,
       4.80287872e+02, 3.87768000e-01, 1.31614087e+03, 3.86076813e+02,
       1.54180393e-01, 1.42210095e+03, 3.39045746e+02, 1.96753860e-01,
       4.83218323e+02, 4.89147583e+02, 8.08126748e-01, 5.00854706e+02,
       4.59597778e+02, 7.37038732e-01, 4.86152954e+02, 5.30294312e+02,
       6.34479821e-01, 5.33227844e+02, 4.36028259e+02, 6.30270764e-02,
       1.52511523e+03, 3.50755341e+02, 1.14837207e-01, 0., 0., 0.,
       1.54866809e+03, 3.30119507e+02, 1.41098052e-01, 0., 0., 0., 0.,
       0., 0., 0., 0., 0. ]
