%YAML:1.0
---
pose_0: !!opencv-matrix
   rows: 1
   cols: 25
   dt: "3f"
   data: [ 8.24579956e+02, 3.86002258e+02, 7.13910878e-01,
       9.07081909e+02, 4.44915894e+02, 4.99757618e-01, 9.10030457e+02,
       4.83315643e+02, 6.89164221e-01, 1.03363672e+03, 5.53918945e+02,
       8.14032197e-01, 1.04531909e+03, 4.24273071e+02, 7.76485860e-01,
       8.92317566e+02, 4.09560272e+02, 3.02330732e-01, 0., 0., 0., 0.,
       0., 0., 1.17783289e+03, 3.68403748e+02, 4.69145417e-01,
       1.18660071e+03, 4.15483002e+02, 4.82768863e-01, 1.40156824e+03,
       4.86207153e+02, 7.90850461e-01, 1.51628931e+03, 6.47950989e+02,
       6.20011747e-01, 1.16900317e+03, 3.18385742e+02, 4.94875610e-01,
       1.33968384e+03, 2.50706009e+02, 4.93635386e-01, 1.56333081e+03,
       2.56586060e+02, 4.52815264e-01, 8.06894409e+02, 3.94898071e+02,
       6.86970174e-01, 8.09854614e+02, 3.71387787e+02, 4.03132111e-01,
       8.15869141e+02, 4.36101318e+02, 5.72871149e-01, 0., 0., 0.,
       1.64871277e+03, 2.03659851e+02, 3.17477316e-01, 1.64574976e+03,
       2.06511368e+02, 2.94241875e-01, 1.59575781e+03, 2.65382385e+02,
       3.10181648e-01, 1.61050073e+03, 6.80349976e+02, 6.33711278e-01,
       1.58980945e+03, 6.92054810e+02, 6.13354325e-01, 1.50451270e+03,
       6.68670471e+02, 4.32044983e-01 ]
