%YAML:1.0
---
pose_0: !!opencv-matrix
   rows: 1
   cols: 25
   dt: "3f"
   data: [ 7.54022461e+02, 4.12502502e+02, 8.87522459e-01,
       8.77610596e+02, 4.36075439e+02, 7.27724850e-01, 8.83505432e+02,
       5.24355286e+02, 6.99069917e-01, 1.01292719e+03, 5.77402161e+02,
       8.33474159e-01, 1.09541895e+03, 6.27354126e+02, 8.48599434e-01,
       8.77500061e+02, 3.42041534e+02, 6.92305565e-01, 9.74718750e+02,
       2.47886353e+02, 8.61323953e-01, 1.09842688e+03, 2.77204041e+02,
       7.67671645e-01, 1.13957751e+03, 4.09591614e+02, 6.04270816e-01,
       1.14247754e+03, 4.56583679e+02, 6.37436032e-01, 1.34557251e+03,
       5.03677124e+02, 7.36379981e-01, 1.53683008e+03, 5.77359314e+02,
       6.50488496e-01, 1.13660693e+03, 3.59589935e+02, 5.85606456e-01,
       1.33091650e+03, 3.38988800e+02, 6.10322535e-01, 1.57222668e+03,
       3.18266113e+02, 6.06556714e-01, 7.39261780e+02, 4.33063721e+02,
       8.58693361e-01, 7.45084900e+02, 3.91973816e+02, 8.29001486e-01,
       7.54002625e+02, 4.59605743e+02, 6.08817518e-01, 7.77470215e+02,
       3.74270386e+02, 3.22348297e-01, 1.64573840e+03, 2.80091919e+02,
       3.62810642e-01, 1.63985950e+03, 2.77194855e+02, 3.97571385e-01,
       1.61044153e+03, 3.18378967e+02, 2.42955461e-01, 1.61343689e+03,
       5.89110229e+02, 5.73699474e-01, 1.60451855e+03, 5.97921570e+02,
       5.80020010e-01, 1.55453320e+03, 5.83235718e+02, 3.66997540e-01 ]
