%YAML:1.0
---
pose_0: !!opencv-matrix
   rows: 1
   cols: 25
   dt: "3f"
   data: [ 0., 0., 0., 9.98249390e+02, 4.77259674e+02, 3.65471750e-01,
       9.54091187e+02, 5.09746460e+02, 3.77189100e-01, 8.45231140e+02,
       5.00861328e+02, 4.19309705e-01, 9.45224365e+02, 4.36240662e+02,
       6.27986193e-01, 1.03356372e+03, 4.42030029e+02, 2.27426469e-01,
       0., 0., 0., 0., 0., 0., 1.17777673e+03, 4.86195953e+02,
       4.04827714e-01, 1.18369287e+03, 5.24426208e+02, 3.76944542e-01,
       1.39263757e+03, 4.36161133e+02, 7.74877846e-01, 1.58695996e+03,
       6.39172485e+02, 5.95519423e-01, 1.16607629e+03, 4.44892883e+02,
       3.95705253e-01, 1.35441748e+03, 3.89132874e+02, 5.73124111e-01,
       1.56336292e+03, 5.06711273e+02, 3.98211569e-01, 0., 0., 0., 0.,
       0., 0., 0., 0., 0., 0., 0., 0., 1.66639270e+03, 5.36156189e+02,
       8.49496275e-02, 1.66345044e+03, 5.33242737e+02, 8.20200145e-02,
       1.58106250e+03, 5.30283997e+02, 2.51309007e-01, 1.62812891e+03,
       6.62738770e+02, 4.81488138e-01, 1.61037708e+03, 6.71623230e+02,
       5.21941721e-01, 1.59872278e+03, 6.47965698e+02, 3.83306652e-01 ]
