%YAML:1.0
---
pose_0: !!opencv-matrix
   rows: 1
   cols: 25
   dt: "3f"
   data: [ 7.86353333e+02, 4.33287903e+02, 8.88497233e-01,
       8.83564453e+02, 4.59598145e+02, 7.77288437e-01, 8.68791565e+02,
       5.27253357e+02, 7.18010187e-01, 9.51067810e+02, 6.50981567e+02,
       8.51436973e-01, 9.86544006e+02, 5.50802856e+02, 8.11279774e-01,
       9.01150269e+02, 3.89095337e+02, 5.25739968e-01, 1.00419904e+03,
       3.97847076e+02, 1.87720180e-01, 0., 0., 0., 1.16904175e+03,
       4.39021698e+02, 5.40312767e-01, 1.17195166e+03, 4.89081909e+02,
       5.14975190e-01, 1.38676892e+03, 5.53709473e+02, 7.81788230e-01,
       1.54566406e+03, 6.71631165e+02, 6.72204614e-01, 1.16595972e+03,
       3.86086334e+02, 6.01924479e-01, 1.33082007e+03, 3.27239136e+02,
       4.98496205e-01, 1.55159924e+03, 3.41985901e+02, 3.65543127e-01,
       7.65859497e+02, 4.53744476e+02, 8.14010561e-01, 7.74571716e+02,
       4.15520325e+02, 8.24351788e-01, 7.86355652e+02, 4.83155090e+02,
       7.69949615e-01, 8.04043030e+02, 4.03665741e+02, 5.60409665e-01,
       1.64290063e+03, 3.18318024e+02, 2.24236086e-01, 1.64281946e+03,
       3.15446136e+02, 2.41776437e-01, 1.60162122e+03, 3.53645599e+02,
       2.27620214e-01, 1.61643396e+03, 7.00979431e+02, 5.89601696e-01,
       1.59571448e+03, 7.15643677e+02, 6.02160037e-01, 1.56036047e+03,
       6.80414856e+02, 3.79698902e-01 ]
