%YAML:1.0
---
pose_0: !!opencv-matrix
   rows: 1
   cols: 25
   dt: "3f"
   data: [ 6.80406433e+02, 4.83337280e+02, 8.28197777e-01,
       8.09818665e+02, 4.92009613e+02, 6.26231968e-01, 8.30480286e+02,
       5.74507874e+02, 5.31693339e-01, 9.71803345e+02, 5.98006470e+02,
       2.44783401e-01, 1.02479639e+03, 5.98019287e+02, 6.45264685e-02,
       8.12784119e+02, 4.06629425e+02, 5.88196695e-01, 9.36485413e+02,
       3.35925476e+02, 7.57220745e-01, 1.03944397e+03, 2.44836533e+02,
       7.96722531e-01, 1.09532312e+03, 4.80146301e+02, 5.63906550e-01,
       1.08659827e+03, 5.30259644e+02, 5.66589534e-01, 1.23074219e+03,
       5.27395935e+02, 5.93518615e-01, 1.49271423e+03, 5.77376282e+02,
       5.20883799e-01, 1.09544043e+03, 4.18462372e+02, 5.39965987e-01,
       1.32201184e+03, 4.56756042e+02, 6.43167317e-01, 1.61931421e+03,
       5.15615845e+02, 5.32412052e-01, 6.68521301e+02, 5.03890900e+02,
       8.45421970e-01, 6.68542419e+02, 4.65523560e+02, 8.13662887e-01,
       6.80436523e+02, 5.27455750e+02, 3.19958806e-01, 6.92059753e+02,
       4.36188446e+02, 5.98234773e-01, 1.70760120e+03, 5.03762726e+02,
       4.56653774e-01, 1.70468054e+03, 5.00809418e+02, 4.88472760e-01,
       1.63401172e+03, 5.42082458e+02, 2.70957172e-01, 1.49560986e+03,
       6.45055359e+02, 3.24527591e-01, 1.48099268e+03, 6.39175293e+02,
       3.40542972e-01, 1.52221008e+03, 5.65591248e+02, 2.93840945e-01 ]
