%YAML:1.0
---
pose_0: !!opencv-matrix
   rows: 1
   cols: 25
   dt: "3f"
   data: [ 7.15651794e+02, 4.83110809e+02, 9.05397296e-01,
       8.15814575e+02, 4.83192749e+02, 7.41450965e-01, 8.12898804e+02,
       5.47896240e+02, 6.99368179e-01, 9.33540771e+02, 5.86267883e+02,
       6.28219485e-01, 1.06009741e+03, 6.44945679e+02, 7.18590558e-01,
       8.27490051e+02, 4.18440338e+02, 6.22379482e-01, 9.68859436e+02,
       3.65451965e+02, 8.01082432e-01, 1.09835645e+03, 3.36069427e+02,
       8.39897394e-01, 1.07189136e+03, 5.00772278e+02, 5.96700668e-01,
       1.06888940e+03, 5.47972290e+02, 6.11781001e-01, 1.29851331e+03,
       5.77267212e+02, 7.62341857e-01, 1.53391602e+03, 5.80394104e+02,
       5.71668148e-01, 1.08066748e+03, 4.42033417e+02, 5.19107223e-01,
       1.35141797e+03, 4.39026459e+02, 6.27258241e-01, 1.56339856e+03,
       3.94934601e+02, 6.69222474e-01, 6.98114014e+02, 4.94990479e+02,
       7.68338025e-01, 7.03974548e+02, 4.59767822e+02, 8.32208037e-01,
       7.18705078e+02, 5.12612183e+02, 3.71788889e-01, 7.33300842e+02,
       4.36249481e+02, 6.13870800e-01, 1.65746326e+03, 4.30250458e+02,
       1.20609768e-01, 1.65168762e+03, 4.27220764e+02, 1.19036801e-01,
       1.58100830e+03, 3.77235779e+02, 3.20503652e-01, 1.61338086e+03,
       5.74393250e+02, 5.35686314e-01, 1.60457654e+03, 5.83247559e+02,
       4.24189001e-01, 1.55746692e+03, 5.77375732e+02, 2.33928233e-01 ]
