%YAML:1.0
---
pose_0: !!opencv-matrix
   rows: 1
   cols: 25
   dt: "3f"
   data: [ 7.89281128e+02, 4.15520294e+02, 7.92987585e-01,
       8.80560913e+02, 4.71409973e+02, 7.07418501e-01, 8.74603882e+02,
       5.30369446e+02, 6.54290438e-01, 9.77822083e+02, 5.80345459e+02,
       8.48073244e-01, 9.51127930e+02, 4.36229187e+02, 8.33414197e-01,
       8.95273071e+02, 4.06680084e+02, 6.20160758e-01, 1.03652173e+03,
       3.41833344e+02, 7.98922479e-01, 1.14541699e+03, 2.56518768e+02,
       7.66996086e-01, 1.14549463e+03, 4.39061737e+02, 5.37973821e-01,
       1.14253943e+03, 4.94916138e+02, 5.47094166e-01, 1.37198071e+03,
       5.77411316e+02, 6.30347431e-01, 1.53981641e+03, 6.89219849e+02,
       5.97375453e-01, 1.14253259e+03, 3.86079742e+02, 5.89254379e-01,
       1.22490930e+03, 3.47841980e+02, 1.71804160e-01, 1.40143628e+03,
       3.12535614e+02, 3.13344955e-01, 7.68699280e+02, 4.33228943e+02,
       7.89826214e-01, 7.74625427e+02, 4.09513031e+02, 5.37710071e-01,
       7.89398621e+02, 4.80264252e+02, 6.46184385e-01, 0., 0., 0.,
       1.63986365e+03, 2.68290314e+02, 1.81031957e-01, 1.63701282e+03,
       2.65429718e+02, 1.64542258e-01, 1.42207617e+03, 2.94904114e+02,
       1.26455471e-01, 1.61047510e+03, 6.92210815e+02, 5.51457882e-01,
       1.60159705e+03, 7.01038086e+02, 4.53480422e-01, 1.55161047e+03,
       7.09855713e+02, 3.65268588e-01 ]
