%YAML:1.0
---
pose_0: !!opencv-matrix
   rows: 2
   cols: 25
   dt: "3f"
   data: [ 7.68687378e+02, 4.39002228e+02, 8.22116852e-01,
       8.42249634e+02, 4.39010254e+02, 7.41423309e-01, 8.36294922e+02,
       5.03736298e+02, 7.21360683e-01, 9.36453491e+02, 5.42002625e+02,
       4.83564943e-01, 1.02775427e+03, 5.33175842e+02, 2.91093171e-01,
       8.54036560e+02, 3.77289001e+02, 6.45251393e-01, 9.83555847e+02,
       3.18407379e+02, 8.45671237e-01, 9.36431152e+02, 4.62691193e+02,
       7.61781156e-01, 1.05129749e+03, 4.36060211e+02, 3.89053077e-01,
       1.05419397e+03, 4.77312042e+02, 3.66051137e-01, 1.08951953e+03,
       5.06808746e+02, 8.33477229e-02, 1.11900061e+03, 5.30272034e+02,
       2.60146528e-01, 1.05123877e+03, 3.89025940e+02, 2.31824681e-01,
       1.04540723e+03, 3.44838745e+02, 3.39537054e-01, 1.13656238e+03,
       4.97880310e+02, 7.91235864e-02, 7.56894592e+02, 4.53670166e+02,
       7.30013311e-01, 7.62690979e+02, 4.21357758e+02, 7.58656800e-01,
       7.65689026e+02, 4.74400604e+02, 3.49960655e-01, 7.83340210e+02,
       3.91982758e+02, 5.93685091e-01, 0., 0., 0., 0., 0., 0., 0., 0.,
       0., 1.17191199e+03, 5.53870789e+02, 4.16351408e-01,
       1.15721094e+03, 5.65592041e+02, 3.22288781e-01, 1.12485706e+03,
       5.30251282e+02, 1.79788008e-01, 0., 0., 0., 0., 0., 0., 0., 0.,
       0., 0., 0., 0., 0., 0., 0., 0., 0., 0., 0., 0., 0., 0., 0., 0.,
       1.17192383e+03, 4.30175323e+02, 1.78321749e-01, 1.16310620e+03,
       4.62611786e+02, 1.02432683e-01, 1.34558386e+03, 5.74274292e+02,
       4.71943110e-01, 1.56043176e+03, 5.53888672e+02, 4.42424893e-01,
       1.22778992e+03, 3.50735962e+02, 1.55507028e-01, 1.38968372e+03,
       3.27187164e+02, 4.06511128e-01, 1.56327759e+03, 1.71223892e+02,
       2.91323155e-01, 0., 0., 0., 0., 0., 0., 0., 0., 0., 0., 0., 0.,
       0., 0., 0., 0., 0., 0., 0., 0., 0., 1.58986121e+03,
       6.30342163e+02, 3.38480026e-01, 1.57807959e+03, 6.24473083e+02,
       2.89852798e-01, 1.58697778e+03, 5.30234863e+02, 3.39565873e-01 ]
