%YAML:1.0
---
pose_0: !!opencv-matrix
   rows: 1
   cols: 25
   dt: "3f"
   data: [ 6.48051697e+02, 4.12666962e+02, 8.58153582e-01,
       8.03997131e+02, 4.12623779e+02, 6.16934001e-01, 8.27530823e+02,
       5.06743835e+02, 5.42621970e-01, 9.80628601e+02, 5.27393799e+02,
       6.29756093e-01, 1.15718884e+03, 5.74459717e+02, 7.83448458e-01,
       7.92311035e+02, 3.15389008e+02, 6.46984100e-01, 9.71786438e+02,
       2.50632156e+02, 7.65454054e-01, 1.11908398e+03, 2.00552597e+02,
       8.49406898e-01, 1.13362842e+03, 3.68418304e+02, 4.93353903e-01,
       1.12481079e+03, 4.30196991e+02, 5.05295277e-01, 1.35138171e+03,
       4.15526276e+02, 4.75791365e-01, 1.54278442e+03, 3.89100159e+02,
       8.83134156e-02, 1.13363354e+03, 3.09578491e+02, 4.91825134e-01,
       1.36912964e+03, 2.68301514e+02, 6.61923826e-01, 1.55160486e+03,
       3.97867920e+02, 1.30677357e-01, 6.42033752e+02, 4.36108826e+02,
       8.23999941e-01, 6.36275146e+02, 3.94970703e+02, 7.47416258e-01,
       6.50933289e+02, 4.62688751e+02, 1.90585822e-01, 6.59824768e+02,
       3.71356079e+02, 4.57815170e-01, 0., 0., 0., 0., 0., 0.,
       1.58985168e+03, 4.33227600e+02, 9.23484415e-02, 0., 0., 0., 0.,
       0., 0., 0., 0., 0. ]
