%YAML:1.0
---
pose_0: !!opencv-matrix
   rows: 1
   cols: 25
   dt: "3f"
   data: [ 6.68626404e+02, 5.12626160e+02, 8.53143394e-01,
       8.03977295e+02, 5.24400330e+02, 7.05175102e-01, 7.92316162e+02,
       6.09718201e+02, 6.92339301e-01, 8.68787903e+02, 7.15639221e+02,
       5.11713266e-01, 8.86394348e+02, 7.15650513e+02, 6.20616674e-01,
       8.12942383e+02, 4.33153534e+02, 6.45259500e-01, 9.51160339e+02,
       4.06708862e+02, 3.64513308e-01, 9.71806030e+02, 4.09566925e+02,
       5.52372932e-01, 1.09834277e+03, 5.44963196e+02, 5.49715400e-01,
       1.09241553e+03, 5.98048035e+02, 5.96178651e-01, 1.28378198e+03,
       5.89192627e+02, 4.29813117e-01, 1.55161475e+03, 5.97872437e+02,
       3.83418530e-01, 1.10423816e+03, 4.80225739e+02, 5.15570164e-01,
       1.32204590e+03, 4.59737427e+02, 4.12244648e-01, 1.53985498e+03,
       5.06758118e+02, 2.82589972e-01, 6.48092468e+02, 5.30364746e+02,
       8.31082284e-01, 6.51007813e+02, 4.94966309e+02, 8.12027216e-01,
       6.68614136e+02, 5.56739014e+02, 4.66362119e-01, 6.86222534e+02,
       4.59681183e+02, 4.85360205e-01, 1.64869910e+03, 5.00876251e+02,
       1.74618244e-01, 1.64579785e+03, 4.83154846e+02, 2.39262715e-01,
       1.55455640e+03, 5.18488953e+02, 1.75403118e-01, 1.68400757e+03,
       5.98017395e+02, 2.32097566e-01, 1.66932886e+03, 6.03883179e+02,
       1.81314543e-01, 1.59871106e+03, 5.83275330e+02, 2.45898232e-01 ]
