%YAML:1.0
---
pose_0: !!opencv-matrix
   rows: 1
   cols: 25
   dt: "3f"
   data: [ 7.62771118e+02, 3.41987579e+02, 8.00014257e-01,
       8.48191711e+02, 3.62523529e+02, 6.48130417e-01, 8.36346863e+02,
       4.12491089e+02, 5.98337173e-01, 7.15730774e+02, 3.94880646e+02,
       7.80584395e-01, 6.71603516e+02, 3.36058716e+02, 6.18014872e-01,
       8.57011047e+02, 3.15382050e+02, 4.39931989e-01, 0., 0., 0., 0.,
       0., 0., 1.14243079e+03, 3.53712158e+02, 5.30789018e-01,
       1.13961133e+03, 4.00787506e+02, 5.35470128e-01, 1.34845618e+03,
       4.30214813e+02, 5.90049863e-01, 1.54278931e+03, 4.56654236e+02,
       6.16364181e-01, 1.14244360e+03, 3.00676025e+02, 5.13513505e-01,
       1.33382593e+03, 2.91902863e+02, 3.98848623e-01, 1.55749365e+03,
       2.94916870e+02, 3.94305438e-01, 7.42299438e+02, 3.59499207e+02,
       6.28931761e-01, 7.45171814e+02, 3.21407593e+02, 7.20778465e-01,
       7.62879639e+02, 3.71323242e+02, 3.80871564e-01, 7.80414124e+02,
       2.94913757e+02, 3.62957090e-01, 1.63698462e+03, 2.56569855e+02,
       5.18078864e-01, 1.63398157e+03, 2.56545044e+02, 4.89192963e-01,
       1.60753308e+03, 3.15466949e+02, 1.48372218e-01, 1.61034985e+03,
       4.47906738e+02, 5.22854388e-01, 1.59283289e+03, 4.59674133e+02,
       4.89788860e-01, 1.56633997e+03, 4.53752258e+02, 3.40414405e-01 ]
