%YAML:1.0
---
pose_0: !!opencv-matrix
   rows: 1
   cols: 25
   dt: "3f"
   data: [ 7.89177673e+02, 3.65410248e+02, 8.37276280e-01,
       8.83469055e+02, 3.83080078e+02, 7.29464471e-01, 8.71701233e+02,
       4.53786346e+02, 6.24938488e-01, 7.42123596e+02, 5.12665894e+02,
       7.80661047e-01, 7.12777344e+02, 4.62664001e+02, 4.85603422e-01,
       9.01072571e+02, 2.94780365e+02, 6.87169611e-01, 8.95296387e+02,
       2.00699127e+02, 8.00938249e-01, 8.54048462e+02, 8.58528595e+01,
       8.00500929e-01, 1.13071143e+03, 3.83132080e+02, 5.59260786e-01,
       1.12777087e+03, 4.33078522e+02, 5.90189815e-01, 1.35451843e+03,
       4.59593567e+02, 7.54873931e-01, 1.54280798e+03, 4.65595184e+02,
       6.47134304e-01, 1.13067639e+03, 3.27203033e+02, 5.22382319e-01,
       1.35740161e+03, 3.21415070e+02, 6.56572938e-01, 1.57810754e+03,
       2.94807404e+02, 6.00019157e-01, 7.74581665e+02, 3.83169373e+02,
       6.74357653e-01, 7.74596863e+02, 3.44955872e+02, 6.58844590e-01,
       7.89290405e+02, 4.09674957e+02, 5.87777853e-01, 7.98074524e+02,
       3.35943939e+02, 1.73751384e-01, 1.65162964e+03, 2.59487457e+02,
       4.66077268e-01, 1.63992053e+03, 2.62402618e+02, 5.18015862e-01,
       1.63104565e+03, 2.97753265e+02, 2.45334893e-01, 1.61037952e+03,
       4.83255859e+02, 4.03266728e-01, 0., 0., 0., 1.56927246e+03,
       4.53769775e+02, 4.52734143e-01 ]
