%YAML:1.0
---
pose_0: !!opencv-matrix
   rows: 1
   cols: 25
   dt: "3f"
   data: [ 7.59890991e+02, 4.59678040e+02, 3.18562418e-01,
       7.98103088e+02, 5.18466492e+02, 2.99454629e-01, 8.24597473e+02,
       5.30377136e+02, 4.95255381e-01, 9.54159912e+02, 5.59738037e+02,
       7.09208012e-01, 1.11891479e+03, 5.06646332e+02, 7.35560238e-01,
       7.03953369e+02, 5.39092957e+02, 1.98801056e-01, 0., 0., 0., 0.,
       0., 0., 1.11901147e+03, 5.86177307e+02, 5.16678035e-01,
       1.11007019e+03, 6.21560913e+02, 4.91247118e-01, 1.34848022e+03,
       5.50990234e+02, 7.77439833e-01, 1.60161169e+03, 6.95139771e+02,
       5.66178262e-01, 1.13655859e+03, 5.47925293e+02, 3.95291984e-01,
       1.33679919e+03, 4.80361420e+02, 7.20177114e-01, 1.56038867e+03,
       5.80399536e+02, 5.40490746e-01, 7.48108521e+02, 4.62642548e+02,
       2.66609520e-01, 0., 0., 0., 7.53948181e+02, 4.86098022e+02,
       2.85687536e-01, 0., 0., 0., 1.60453027e+03, 5.15601746e+02,
       2.14884236e-01, 1.59570654e+03, 5.24399780e+02, 2.25412607e-01,
       1.57514636e+03, 6.00895325e+02, 4.24425602e-01, 1.70168372e+03,
       6.06787598e+02, 4.36574578e-01, 1.66352747e+03, 7.18679993e+02,
       1.32227287e-01, 1.61049561e+03, 7.27503052e+02, 4.77010012e-01 ]
