%YAML:1.0
---
pose_0: !!opencv-matrix
   rows: 1
   cols: 25
   dt: "3f"
   data: [ 7.95185486e+02, 5.00738647e+02, 7.99040079e-01,
       8.83404724e+02, 5.12688660e+02, 6.76836014e-01, 8.83425232e+02,
       5.74411133e+02, 6.37313604e-01, 1.01297534e+03, 6.27403503e+02,
       6.29507840e-01, 9.54098999e+02, 6.92266846e+02, 4.61085081e-01,
       8.86392883e+02, 4.59630951e+02, 5.70835590e-01, 1.02767822e+03,
       4.09675415e+02, 8.50988686e-01, 9.74768311e+02, 3.09494202e+02,
       8.20122302e-01, 1.13957800e+03, 5.24410522e+02, 6.15107119e-01,
       1.13651270e+03, 5.71513184e+02, 6.08024538e-01, 1.34850928e+03,
       6.21449341e+02, 7.15522051e-01, 1.52808508e+03, 6.45121643e+02,
       6.51102841e-01, 1.14249890e+03, 4.74399414e+02, 5.72437882e-01,
       1.35446008e+03, 4.62680634e+02, 7.55525291e-01, 1.55748523e+03,
       4.36074677e+02, 7.30860174e-01, 7.83377686e+02, 5.09657959e+02,
       8.30783248e-01, 7.86244385e+02, 4.80316498e+02, 8.34744632e-01,
       7.95188293e+02, 5.33340820e+02, 6.42577052e-01, 8.06877319e+02,
       4.62619507e+02, 4.86094087e-01, 1.61928784e+03, 4.42022797e+02,
       3.83944273e-01, 1.61349268e+03, 4.33149902e+02, 4.77493227e-01,
       1.57220496e+03, 4.18498657e+02, 3.24728012e-01, 1.58681091e+03,
       6.77461365e+02, 2.96517640e-01, 1.58692444e+03, 6.71597107e+02,
       3.77821326e-01, 1.56042200e+03, 6.27446106e+02, 4.38475877e-01 ]
