%YAML:1.0
---
pose_0: !!opencv-matrix
   rows: 1
   cols: 25
   dt: "3f"
   data: [ 0., 0., 0., 9.18779236e+02, 5.47895874e+02, 2.69067675e-01,
       9.12922791e+02, 5.77381714e+02, 1.56832740e-01, 0., 0., 0., 0.,
       0., 0., 9.09933044e+02, 5.12619507e+02, 2.94848561e-01,
       9.09931702e+02, 4.74375458e+02, 5.18689871e-01, 7.62901367e+02,
       4.09586578e+02, 7.01307833e-01, 1.15129993e+03, 5.65577820e+02,
       1.79938719e-01, 1.15127820e+03, 5.56787537e+02, 1.32363096e-01,
       1.33095605e+03, 5.36201294e+02, 7.08015740e-01, 1.63698840e+03,
       7.15614014e+02, 4.80080962e-01, 1.16012769e+03, 5.56765442e+02,
       1.93190038e-01, 1.33965137e+03, 5.27334412e+02, 2.05197901e-01,
       1.56039368e+03, 6.09780945e+02, 2.17618123e-01, 0., 0., 0., 0.,
       0., 0., 0., 0., 0., 0., 0., 0., 1.61042639e+03, 5.50897522e+02,
       1.95590645e-01, 1.60749463e+03, 5.53788147e+02, 1.97112471e-01,
       0., 0., 0., 1.68705713e+03, 7.06873291e+02, 1.63389131e-01,
       1.67813269e+03, 7.24525208e+02, 1.87560290e-01, 1.66343262e+03,
       7.42175293e+02, 3.20032269e-01 ]
