%YAML:1.0
---
pose_0: !!opencv-matrix
   rows: 1
   cols: 25
   dt: "3f"
   data: [ 7.68720520e+02, 4.50826874e+02, 5.02648473e-01,
       8.33517334e+02, 5.03674042e+02, 6.31139696e-01, 8.36477905e+02,
       5.47867432e+02, 7.41649508e-01, 9.60000610e+02, 6.21366394e+02,
       8.22096944e-01, 1.07479663e+03, 5.80259583e+02, 8.00514996e-01,
       8.15876221e+02, 4.53803528e+02, 3.83558631e-01, 0., 0., 0., 0.,
       0., 0., 1.09251978e+03, 5.24374451e+02, 6.21025443e-01,
       1.08946643e+03, 5.53776001e+02, 5.26126862e-01, 1.30427625e+03,
       4.77233185e+02, 8.00767958e-01, 1.53099243e+03, 5.36183594e+02,
       3.62397373e-01, 1.10125256e+03, 4.83229370e+02, 5.87702096e-01,
       1.30142761e+03, 4.59662811e+02, 4.35199261e-01, 1.49276196e+03,
       5.97920898e+02, 3.00636292e-01, 7.56902405e+02, 4.65576355e+02,
       3.91073257e-01, 7.56936890e+02, 4.47874359e+02, 2.35152945e-01,
       7.68756775e+02, 5.15555481e+02, 3.15724969e-01, 0., 0., 0.,
       1.60164392e+03, 4.56781006e+02, 1.13179073e-01, 1.60161963e+03,
       4.59687073e+02, 7.16902986e-02, 1.50746326e+03, 6.24552612e+02,
       2.74749398e-01, 0., 0., 0., 0., 0., 0., 0., 0., 0. ]
