%YAML:1.0
---
pose_0: !!opencv-matrix
   rows: 2
   cols: 25
   dt: "3f"
   data: [ 0., 0., 0., 7.62817139e+02, 6.24540405e+02, 2.91402102e-01,
       0., 0., 0., 0., 0., 0., 0., 0., 0., 7.71673523e+02,
       7.21618713e+02, 1.69186100e-01, 9.24687622e+02, 7.74572754e+02,
       1.58968285e-01, 1.06889502e+03, 8.36377197e+02, 1.64681941e-01,
       1.10129529e+03, 5.50870300e+02, 2.87650853e-01, 1.09543567e+03,
       6.12721130e+02, 2.74547994e-01, 1.36909729e+03, 6.42037842e+02,
       3.51247549e-01, 1.53980334e+03, 6.24465088e+02, 1.58117801e-01,
       1.09244446e+03, 4.80277985e+02, 3.26230943e-01, 1.16012842e+03,
       4.30207123e+02, 1.26698136e-01, 1.37798853e+03, 3.15444489e+02,
       5.14641181e-02, 0., 0., 0., 0., 0., 0., 0., 0., 0.,
       6.47967285e+02, 6.42145081e+02, 1.37408063e-01, 0., 0., 0., 0.,
       0., 0., 0., 0., 0., 0., 0., 0., 0., 0., 0., 0., 0., 0., 0., 0.,
       0., 0., 0., 0., 8.01035034e+02, 7.18636963e+02, 1.18145660e-01,
       9.27661865e+02, 7.77537964e+02, 3.67078036e-01, 1.07769702e+03,
       8.36487061e+02, 5.30650854e-01, 0., 0., 0., 0., 0., 0., 0., 0.,
       0., 0., 0., 0., 0., 0., 0., 0., 0., 0., 0., 0., 0., 0., 0., 0.,
       0., 0., 0., 0., 0., 0., 0., 0., 0., 0., 0., 0., 0., 0., 0., 0.,
       0., 0., 0., 0., 0., 0., 0., 0., 0., 0., 0., 0., 0., 0., 0., 0.,
       0., 0., 0., 0. ]
