%YAML:1.0
---
pose_0: !!opencv-matrix
   rows: 1
   cols: 25
   dt: "3f"
   data: [ 7.56926636e+02, 4.59573853e+02, 8.85126472e-01,
       8.62826660e+02, 4.62578735e+02, 7.67496943e-01, 8.65887085e+02,
       5.36150818e+02, 6.36809826e-01, 9.89449707e+02, 6.00996521e+02,
       8.25064063e-01, 8.68784851e+02, 5.59695007e+02, 7.71467984e-01,
       8.71660400e+02, 3.86009033e+02, 7.04690516e-01, 9.74699158e+02,
       3.42049774e+02, 8.16383362e-01, 1.06299670e+03, 3.38907715e+02,
       7.79369593e-01, 1.13655627e+03, 4.86158234e+02, 5.52413166e-01,
       1.12192664e+03, 5.30404297e+02, 5.56261361e-01, 1.33672339e+03,
       5.50878479e+02, 5.81670165e-01, 1.49863501e+03, 5.71444824e+02,
       6.26362741e-01, 1.13662268e+03, 4.36053040e+02, 5.46821117e-01,
       1.35140735e+03, 4.56727966e+02, 7.05798626e-01, 1.56044434e+03,
       4.62569244e+02, 6.65513992e-01, 7.36272156e+02, 4.68502472e+02,
       7.55691051e-01, 7.45144348e+02, 4.36259460e+02, 8.22376013e-01,
       7.45145325e+02, 5.00812378e+02, 4.15789992e-01, 7.80479248e+02,
       4.18469482e+02, 5.46612978e-01, 1.61354016e+03, 4.33137726e+02,
       5.95788360e-01, 1.61044580e+03, 4.30225464e+02, 6.11141443e-01,
       1.58394055e+03, 4.80173798e+02, 3.14985216e-01, 1.56033630e+03,
       5.68581665e+02, 4.27214921e-01, 1.54269385e+03, 5.77354370e+02,
       3.94772530e-01, 1.52511511e+03, 5.59690247e+02, 3.84261996e-01 ]
