%YAML:1.0
---
pose_0: !!opencv-matrix
   rows: 1
   cols: 25
   dt: "3f"
   data: [ 6.83318359e+02, 5.33270142e+02, 3.86769533e-01,
       8.62872314e+02, 4.80335632e+02, 3.20227593e-01, 8.59872620e+02,
       5.21405090e+02, 2.52983749e-01, 8.54040283e+02, 5.89186096e+02,
       6.89027309e-01, 7.92256287e+02, 5.33261047e+02, 6.18964553e-01,
       8.77558716e+02, 4.47881378e+02, 1.83900490e-01, 0., 0., 0., 0.,
       0., 0., 1.10418115e+03, 5.21414490e+02, 5.47038853e-01,
       1.09248450e+03, 5.74303345e+02, 5.92962682e-01, 1.31029175e+03,
       5.80311646e+02, 7.46869922e-01, 1.63701526e+03, 6.21509155e+02,
       5.61635017e-01, 1.11593713e+03, 4.59742615e+02, 4.94681537e-01,
       1.37790063e+03, 4.59760773e+02, 5.58430612e-01, 1.60159448e+03,
       4.56805573e+02, 6.41658187e-01, 6.71463928e+02, 5.30212097e+02,
       9.25200284e-02, 6.71563843e+02, 5.27350464e+02, 3.45020741e-01,
       0., 0., 0., 6.74526245e+02, 5.00858337e+02, 3.84833813e-01,
       1.67517383e+03, 4.36055328e+02, 4.44782674e-01, 1.66639478e+03,
       4.33086212e+02, 4.71703172e-01, 1.63103613e+03, 4.62671387e+02,
       2.51983047e-01, 1.77525134e+03, 6.03947693e+02, 1.98537737e-01,
       1.77223804e+03, 6.21498474e+02, 1.66460559e-01, 1.66342834e+03,
       6.06806702e+02, 2.10583895e-01 ]
