%YAML:1.0
---
pose_0: !!opencv-matrix
   rows: 1
   cols: 25
   dt: "3f"
   data: [ 6.71556030e+02, 5.27326904e+02, 8.35805953e-01,
       8.24647156e+02, 5.36187866e+02, 5.08160710e-01, 8.71690308e+02,
       6.42113525e+02, 2.33605772e-01, 9.77681763e+02, 6.71500854e+02,
       7.40833163e-01, 9.06954712e+02, 6.92041992e+02, 8.07843506e-01,
       7.95180298e+02, 4.59720215e+02, 4.86282617e-01, 9.27666504e+02,
       3.74305786e+02, 2.80845463e-01, 9.98271057e+02, 3.85995483e+02,
       3.43292534e-01, 1.11891431e+03, 5.59773132e+02, 5.33205032e-01,
       1.11300427e+03, 6.18492371e+02, 5.24312973e-01, 1.26611047e+03,
       6.68534912e+02, 4.03642207e-01, 1.45149634e+03, 6.83334839e+02,
       2.06880808e-01, 1.12478430e+03, 5.03703552e+02, 5.01147568e-01,
       1.32203760e+03, 5.74386414e+02, 6.36245906e-01, 1.69875989e+03,
       5.77310364e+02, 3.29536080e-01, 6.50994690e+02, 5.39099426e+02,
       6.83999777e-01, 6.59792480e+02, 5.03880615e+02, 7.74282515e-01,
       6.65716064e+02, 5.62676514e+02, 1.78721666e-01, 6.89214111e+02,
       4.80138947e+02, 4.84390914e-01, 1.82238245e+03, 6.48008545e+02,
       1.10093050e-01, 1.82543042e+03, 6.42104431e+02, 1.09544069e-01,
       1.77822827e+03, 6.21601135e+02, 1.93433642e-01, 0., 0., 0., 0.,
       0., 0., 1.48975220e+03, 6.68641296e+02, 8.54683965e-02 ]
