%YAML:1.0
---
pose_0: !!opencv-matrix
   rows: 1
   cols: 25
   dt: "3f"
   data: [ 7.36284180e+02, 3.85988525e+02, 8.68975341e-01,
       8.59986206e+02, 3.97845642e+02, 7.70777822e-01, 8.57020569e+02,
       4.83078857e+02, 7.76786625e-01, 9.59966797e+02, 5.56741638e+02,
       7.99133420e-01, 1.00132233e+03, 6.27450745e+02, 8.45248699e-01,
       8.74622925e+02, 3.15450897e+02, 7.02565193e-01, 1.00114594e+03,
       2.56595337e+02, 7.95568287e-01, 1.09251135e+03, 2.12410110e+02,
       8.29759836e-01, 1.13661292e+03, 4.36183380e+02, 6.16832316e-01,
       1.12479541e+03, 4.83331299e+02, 6.00496709e-01, 1.33377075e+03,
       5.06628052e+02, 7.74035096e-01, 1.55455334e+03, 5.47876282e+02,
       6.63474917e-01, 1.14248999e+03, 3.86063538e+02, 5.96774817e-01,
       1.35735217e+03, 3.44924164e+02, 5.11809766e-01, 1.56629492e+03,
       3.00705292e+02, 6.05380118e-01, 7.18721619e+02, 3.92050507e+02,
       8.04480374e-01, 7.21684692e+02, 3.65398712e+02, 8.59424055e-01,
       7.39248840e+02, 4.15570953e+02, 6.17007494e-01, 7.45247498e+02,
       3.41983948e+02, 6.35910690e-01, 1.63691479e+03, 2.59549469e+02,
       5.14598310e-01, 1.63395459e+03, 2.62387329e+02, 4.87092137e-01,
       1.58990381e+03, 3.00734192e+02, 2.85772353e-01, 1.61635535e+03,
       5.39099976e+02, 3.66692483e-01, 1.61335840e+03, 5.50903992e+02,
       4.27397043e-01, 1.58396179e+03, 5.33191956e+02, 4.08574611e-01 ]
