%YAML:1.0
---
pose_0: !!opencv-matrix
   rows: 1
   cols: 25
   dt: "3f"
   data: [ 7.15616211e+02, 4.86106415e+02, 8.88330281e-01,
       8.42264221e+02, 5.03867462e+02, 6.89423978e-01, 8.51075867e+02,
       5.80330872e+02, 6.88680530e-01, 9.95347900e+02, 6.21543518e+02,
       7.79906511e-01, 1.11898694e+03, 6.68635437e+02, 8.45204353e-01,
       8.36435486e+02, 4.33093750e+02, 5.85424721e-01, 1.00131622e+03,
       3.89022858e+02, 7.93161929e-01, 1.14242871e+03, 3.65462860e+02,
       8.60247970e-01, 1.11896912e+03, 5.03814209e+02, 6.04719222e-01,
       1.11605664e+03, 5.50932556e+02, 6.16405129e-01, 1.33094812e+03,
       6.21641296e+02, 7.24976659e-01, 1.54577673e+03, 6.71503113e+02,
       6.27552569e-01, 1.12188281e+03, 4.53770630e+02, 5.64977169e-01,
       1.32792798e+03, 4.59522980e+02, 7.40530252e-01, 1.57513562e+03,
       4.71408295e+02, 6.51955426e-01, 6.95248108e+02, 5.03848785e+02,
       8.02575707e-01, 7.03931458e+02, 4.74343231e+02, 8.25910449e-01,
       7.18572083e+02, 5.27264587e+02, 5.34498036e-01, 7.36303650e+02,
       4.47844086e+02, 5.41322172e-01, 1.64582849e+03, 4.36088440e+02,
       4.36734349e-01, 1.63703406e+03, 4.36056580e+02, 4.68704551e-01,
       1.61043628e+03, 4.80243622e+02, 3.26335669e-01, 1.62517505e+03,
       6.56807617e+02, 4.54849601e-01, 1.61340942e+03, 6.71587219e+02,
       4.34681475e-01, 1.56930359e+03, 6.71594788e+02, 2.68260032e-01 ]
