%YAML:1.0
---
pose_0: !!opencv-matrix
   rows: 1
   cols: 25
   dt: "3f"
   data: [ 7.86213379e+02, 5.09782837e+02, 8.37130725e-01,
       8.92280396e+02, 5.06695038e+02, 6.97722077e-01, 8.83370056e+02,
       5.65570129e+02, 6.74788594e-01, 9.89433289e+02, 6.24401550e+02,
       3.83419394e-01, 1.02474988e+03, 6.09724182e+02, 2.16903508e-01,
       9.07130554e+02, 4.42042236e+02, 6.19494796e-01, 1.03654578e+03,
       4.18420288e+02, 7.23355591e-01, 9.95219666e+02, 3.65576599e+02,
       7.62496829e-01, 1.14244226e+03, 5.27329041e+02, 6.17836356e-01,
       1.13946326e+03, 5.71524292e+02, 6.11568391e-01, 1.34853687e+03,
       6.06863403e+02, 7.14770675e-01, 1.51915747e+03, 6.42180725e+02,
       6.01115227e-01, 1.14539722e+03, 4.80160492e+02, 5.68406105e-01,
       1.33374841e+03, 4.80236786e+02, 7.37886071e-01, 1.54864111e+03,
       4.41997040e+02, 6.42832339e-01, 7.68669373e+02, 5.27444702e+02,
       8.20606530e-01, 7.68684387e+02, 4.97847900e+02, 7.92042196e-01,
       7.89269287e+02, 5.47971680e+02, 1.99849546e-01, 7.92236877e+02,
       4.62570953e+02, 5.34036994e-01, 1.61344385e+03, 4.53714661e+02,
       3.88901293e-01, 1.61331213e+03, 4.36184387e+02, 4.43574131e-01,
       1.56922070e+03, 4.30215088e+02, 2.92180836e-01, 1.56047485e+03,
       6.00889465e+02, 3.33153248e-01, 1.55159875e+03, 6.15665710e+02,
       2.38735318e-01, 1.55452673e+03, 6.42144897e+02, 3.34870309e-01 ]
