%YAML:1.0
---
pose_0: !!opencv-matrix
   rows: 1
   cols: 25
   dt: "3f"
   data: [ 7.06889465e+02, 3.41976959e+02, 7.72056997e-01,
       8.48171570e+02, 3.38941498e+02, 7.51602530e-01, 8.51087830e+02,
       4.27196594e+02, 6.74934685e-01, 9.77713379e+02, 4.80100769e+02,
       7.75608778e-01, 1.05714197e+03, 5.30199768e+02, 7.88073003e-01,
       8.53953430e+02, 2.47690933e+02, 6.54837132e-01, 9.80665039e+02,
       1.91762192e+02, 7.52399802e-01, 1.08360327e+03, 1.50610367e+02,
       7.87719131e-01, 1.12480420e+03, 3.44839508e+02, 5.53617716e-01,
       1.11601709e+03, 3.91944946e+02, 5.97490430e-01, 1.30429736e+03,
       4.12662018e+02, 7.19116151e-01, 1.57219385e+03, 4.09656616e+02,
       5.78568935e-01, 1.13656580e+03, 2.91914642e+02, 4.88454312e-01,
       1.34261877e+03, 2.88983734e+02, 5.73626518e-01, 1.57222510e+03,
       2.97774078e+02, 5.64745426e-01, 6.92053528e+02, 3.56603302e+02,
       7.06430197e-01, 6.92198792e+02, 3.21332428e+02, 7.99712539e-01,
       7.15622009e+02, 3.65583679e+02, 1.72881827e-01, 7.15653931e+02,
       2.91881683e+02, 5.08583307e-01, 1.63986218e+03, 2.59454407e+02,
       3.54154944e-01, 1.63398950e+03, 2.59537079e+02, 4.15657520e-01,
       1.61342822e+03, 3.12511139e+02, 2.85547704e-01, 1.65756299e+03,
       3.65436890e+02, 2.91890919e-01, 1.64577332e+03, 3.83117249e+02,
       2.23763272e-01, 1.59575293e+03, 4.06676025e+02, 2.69702047e-01 ]
