%YAML:1.0
---
pose_0: !!opencv-matrix
   rows: 2
   cols: 25
   dt: "3f"
   data: [ 0., 0., 0., 0., 0., 0., 8.09759766e+02, 5.77352722e+02,
       5.71683288e-01, 9.30556396e+02, 6.30374146e+02, 7.43587852e-01,
       1.02486328e+03, 7.15601135e+02, 8.47916007e-01, 0., 0., 0., 0.,
       0., 0., 0., 0., 0., 0., 0., 0., 0., 0., 0., 0., 0., 0., 0., 0.,
       0., 0., 0., 0., 0., 0., 0., 0., 0., 0., 0., 0., 0., 0., 0., 0.,
       0., 0., 0., 0., 0., 0., 0., 0., 0., 0., 0., 0., 0., 0., 0., 0.,
       0., 0., 0., 0., 0., 0., 0., 0., 6.71617493e+02, 3.94895264e+02,
       8.52432013e-01, 7.62761963e+02, 4.47864990e+02, 4.88985926e-01,
       7.03975952e+02, 4.80335602e+02, 2.87649751e-01, 6.24556152e+02,
       4.56779938e+02, 4.12791073e-01, 6.21539551e+02, 4.03707764e+02,
       2.13987291e-01, 7.65780823e+02, 3.86065765e+02, 6.69927776e-01,
       9.33485352e+02, 3.09542542e+02, 3.54694754e-01, 9.51147034e+02,
       2.94795074e+02, 2.88197845e-01, 1.08658337e+03, 4.50827179e+02,
       4.79665339e-01, 1.08946533e+03, 5.03729828e+02, 4.98478711e-01,
       1.33388660e+03, 5.24351135e+02, 6.23132706e-01, 1.59867871e+03,
       5.30423340e+02, 4.22624618e-01, 1.08068555e+03, 3.91952728e+02,
       4.48727816e-01, 1.16311450e+03, 3.35944458e+02, 3.77248496e-01,
       1.39560889e+03, 2.44833206e+02, 4.13878977e-01, 6.50951782e+02,
       4.12440247e+02, 8.73359561e-01, 6.65707397e+02, 3.83032745e+02,
       8.18392992e-01, 6.62739563e+02, 4.44889587e+02, 6.95138991e-01,
       6.83335449e+02, 3.65358917e+02, 7.67662153e-02, 1.53681409e+03,
       2.00649338e+02, 1.21472843e-01, 1.53684302e+03, 1.97748444e+02,
       1.14960298e-01, 1.41620020e+03, 2.33027435e+02, 1.60242245e-01,
       1.72520007e+03, 5.30244995e+02, 1.40579119e-01, 1.70760632e+03,
       5.45042725e+02, 1.10863738e-01, 1.63402527e+03, 5.27320374e+02,
       2.96483576e-01 ]
