%YAML:1.0
---
pose_0: !!opencv-matrix
   rows: 1
   cols: 25
   dt: "3f"
   data: [ 6.50993652e+02, 5.33228027e+02, 1.63687229e-01,
       7.95212830e+02, 4.86122681e+02, 4.79877472e-01, 8.27506958e+02,
       4.00747040e+02, 5.43537438e-01, 9.77591370e+02, 3.68483063e+02,
       7.51573980e-01, 1.13941687e+03, 3.21426453e+02, 7.83200145e-01,
       7.86336060e+02, 5.97907837e+02, 1.53128460e-01, 9.30509705e+02,
       6.71605286e+02, 2.86571532e-01, 1.06589282e+03, 7.42210083e+02,
       4.56762880e-01, 1.11604187e+03, 5.12635620e+02, 3.37817281e-01,
       1.11895520e+03, 5.77455872e+02, 3.13813835e-01, 1.34260571e+03,
       6.00963806e+02, 6.70044661e-01, 1.61335840e+03, 6.18605835e+02,
       5.06207466e-01, 1.11889807e+03, 4.56728943e+02, 3.49800617e-01,
       1.34265869e+03, 4.36073120e+02, 5.54955423e-01, 1.51920715e+03,
       4.59736877e+02, 4.93073195e-01, 6.44963196e+02, 5.30300842e+02,
       1.21828407e-01, 6.50962585e+02, 5.24417419e+02, 1.70118153e-01,
       0., 0., 0., 6.68568054e+02, 4.86124817e+02, 3.62779558e-01,
       1.66347839e+03, 4.27260284e+02, 1.86651409e-01, 1.65759265e+03,
       4.18465881e+02, 2.13458776e-01, 1.54571814e+03, 4.77276398e+02,
       2.63366282e-01, 1.73104382e+03, 6.06783691e+02, 4.71772581e-01,
       1.71936462e+03, 6.21455750e+02, 3.84791225e-01, 1.63403870e+03,
       6.00942078e+02, 3.08169812e-01 ]
