%YAML:1.0
---
pose_0: !!opencv-matrix
   rows: 1
   cols: 25
   dt: "3f"
   data: [ 5.39127258e+02, 5.27404297e+02, 1.80124864e-01,
       5.83276917e+02, 5.53838562e+02, 3.02642167e-01, 5.56805969e+02,
       5.77329041e+02, 1.92748204e-01, 0., 0., 0., 0., 0., 0.,
       5.97949768e+02, 5.24401672e+02, 1.71263039e-01, 7.42337830e+02,
       4.33081757e+02, 7.27047920e-01, 6.27469116e+02, 5.30227844e+02,
       5.57542443e-01, 1.08068628e+03, 5.62643066e+02, 2.45772809e-01,
       1.08948303e+03, 6.27383850e+02, 1.75388724e-01, 1.39561340e+03,
       5.56843506e+02, 2.77545512e-01, 1.72227087e+03, 6.39143555e+02,
       2.93657064e-01, 1.09537378e+03, 5.27309570e+02, 2.63725936e-01,
       1.38085840e+03, 5.74374695e+02, 3.79303813e-01, 1.71932739e+03,
       6.36235718e+02, 2.17964396e-01, 5.27374207e+02, 5.30271240e+02,
       1.78687900e-01, 5.30342712e+02, 5.15551636e+02, 1.90934837e-01,
       5.27314209e+02, 5.59709900e+02, 1.76114559e-01, 5.50928528e+02,
       5.15615295e+02, 1.55723929e-01, 1.77818335e+03, 6.15611572e+02,
       8.83921757e-02, 1.78118652e+03, 6.15637939e+02, 7.83447549e-02,
       1.73705249e+03, 6.53952576e+02, 1.78129226e-01, 1.78122949e+03,
       6.01011536e+02, 1.95258036e-01, 1.77818042e+03, 6.12729858e+02,
       1.59174904e-01, 1.74879102e+03, 6.45133057e+02, 1.73296154e-01 ]
