%YAML:1.0
---
pose_0: !!opencv-matrix
   rows: 1
   cols: 25
   dt: "3f"
   data: [ 5.47918579e+02, 5.39146057e+02, 4.68369693e-01,
       6.03894409e+02, 5.80331116e+02, 2.52545655e-01, 5.65620483e+02,
       6.24505859e+02, 1.14687279e-01, 5.27323242e+02, 6.47973816e+02,
       5.30831814e-02, 0., 0., 0., 6.30383118e+02, 5.30284851e+02,
       2.01068595e-01, 8.12752136e+02, 5.09755890e+02, 5.14241457e-01,
       6.21488708e+02, 6.21594727e+02, 4.21872586e-01, 8.54040771e+02,
       6.56826965e+02, 7.71592855e-02, 8.15791748e+02, 6.95054932e+02,
       9.09548476e-02, 6.77505493e+02, 7.48070557e+02, 4.43036258e-01,
       8.33521729e+02, 8.60022827e+02, 1.57247052e-01, 0., 0., 0., 0.,
       0., 0., 0., 0., 0., 5.12591614e+02, 5.53923828e+02,
       4.73690122e-01, 5.30260315e+02, 5.24336426e+02, 4.80935782e-01,
       5.27294800e+02, 5.98065063e+02, 2.02606156e-01, 5.50966797e+02,
       5.06717133e+02, 1.84269980e-01, 0., 0., 0., 0., 0., 0., 0., 0.,
       0., 0., 0., 0., 0., 0., 0., 0., 0., 0. ]
