%YAML:1.0
---
pose_0: !!opencv-matrix
   rows: 1
   cols: 25
   dt: "3f"
   data: [ 7.65638672e+02, 5.09693695e+02, 6.84134305e-01,
       8.30548645e+02, 4.30228058e+02, 5.56848407e-01, 8.33380798e+02,
       4.18413818e+02, 4.85308468e-01, 9.12909729e+02, 4.80270935e+02,
       3.84333730e-01, 8.62928650e+02, 5.33235718e+02, 6.69441462e-01,
       8.30427673e+02, 4.39094696e+02, 7.19317675e-01, 9.65880371e+02,
       5.27395020e+02, 8.40126514e-01, 8.56984009e+02, 5.74495117e+02,
       8.37982714e-01, 1.11306555e+03, 4.15533508e+02, 4.43516225e-01,
       1.12186328e+03, 3.88977234e+02, 3.85032445e-01, 1.35436853e+03,
       4.59594421e+02, 6.01537049e-01, 1.54572937e+03, 3.97862671e+02,
       5.54222107e-01, 1.10422034e+03, 4.41989471e+02, 3.34633648e-01,
       1.35732886e+03, 4.86106232e+02, 6.12491846e-01, 1.62518457e+03,
       4.27256104e+02, 4.07697737e-01, 0., 0., 0., 7.45207092e+02,
       5.00854156e+02, 7.01984823e-01, 0., 0., 0., 7.51028137e+02,
       4.56572144e+02, 6.70086622e-01, 1.66936316e+03, 5.00803528e+02,
       1.64847597e-01, 0., 0., 0., 1.66928870e+03, 4.15550323e+02,
       1.60372242e-01, 1.67813330e+03, 3.71324799e+02, 3.28983605e-01,
       1.67229224e+03, 3.80212555e+02, 2.21561790e-01, 1.57513794e+03,
       3.68424591e+02, 2.29156882e-01 ]
