%YAML:1.0
---
pose_0: !!opencv-matrix
   rows: 1
   cols: 25
   dt: "3f"
   data: [ 7.56933960e+02, 4.83179779e+02, 8.87775421e-01,
       8.62832947e+02, 5.12654358e+02, 7.41059661e-01, 8.56935791e+02,
       5.77496582e+02, 7.68114924e-01, 9.68798645e+02, 6.00853943e+02,
       8.13861787e-01, 1.10124304e+03, 6.21417725e+02, 8.03954601e-01,
       8.77557556e+02, 4.56727570e+02, 6.09806776e-01, 9.27633179e+02,
       4.36238281e+02, 6.59866855e-02, 0., 0., 0., 1.13073022e+03,
       4.59593292e+02, 5.74322641e-01, 1.12776782e+03, 5.06760498e+02,
       6.09705925e-01, 1.33671204e+03, 5.71443542e+02, 7.30745792e-01,
       1.55751648e+03, 6.53918213e+02, 5.55395186e-01, 1.13067188e+03,
       4.09521729e+02, 5.62483013e-01, 1.34849268e+03, 4.12459778e+02,
       6.33711934e-01, 1.56629163e+03, 4.36172668e+02, 7.09909320e-01,
       7.39291809e+02, 5.03651276e+02, 8.56519699e-01, 7.45087891e+02,
       4.62683136e+02, 8.48851621e-01, 7.53986633e+02, 5.30212463e+02,
       6.97054803e-01, 7.68726257e+02, 4.50786011e+02, 5.83832204e-01,
       1.63693530e+03, 4.18447632e+02, 4.34189469e-01, 1.63395679e+03,
       4.12682892e+02, 4.75716978e-01, 1.59276672e+03, 4.50818756e+02,
       3.47881168e-01, 1.62814587e+03, 6.48001587e+02, 5.66201806e-01,
       1.61925012e+03, 6.62767944e+02, 4.94968116e-01, 1.60745337e+03,
       6.80380249e+02, 2.30751902e-01 ]
