%YAML:1.0
---
pose_0: !!opencv-matrix
   rows: 1
   cols: 25
   dt: "3f"
   data: [ 6.21488037e+02, 4.80287537e+02, 8.59514236e-01,
       7.65653931e+02, 5.06760956e+02, 6.49433851e-01, 7.71691040e+02,
       6.03881226e+02, 5.54324567e-01, 9.30528015e+02, 6.77511475e+02,
       7.50316858e-01, 1.09234692e+03, 7.39384583e+02, 8.47354293e-01,
       7.65848999e+02, 4.09685211e+02, 5.50884247e-01, 9.33565308e+02,
       3.27176697e+02, 7.48135746e-01, 1.07194946e+03, 2.32978760e+02,
       7.95410991e-01, 1.08065125e+03, 4.68514130e+02, 4.38290596e-01,
       1.07479822e+03, 5.33226929e+02, 4.39518690e-01, 1.35436096e+03,
       5.27227295e+02, 4.92001474e-01, 1.63394727e+03, 5.36143921e+02,
       5.23023248e-01, 1.07190332e+03, 4.09534393e+02, 4.71428216e-01,
       1.23076941e+03, 3.44954224e+02, 4.66462851e-01, 1.44564380e+03,
       2.74197968e+02, 2.75673091e-01, 6.00964478e+02, 5.00828430e+02,
       8.46623182e-01, 6.06884216e+02, 4.56729218e+02, 8.08850408e-01,
       6.21514954e+02, 5.33201111e+02, 3.11086863e-01, 6.42155762e+02,
       4.33032715e+02, 5.54923594e-01, 1.55159949e+03, 2.06494659e+02,
       2.96184599e-01, 1.55157581e+03, 2.00671997e+02, 2.77996927e-01,
       1.46917822e+03, 2.83021210e+02, 1.72232315e-01, 1.72811316e+03,
       5.33231567e+02, 3.92350703e-01, 1.70757239e+03, 5.50872253e+02,
       3.85729432e-01, 1.63992737e+03, 5.21481995e+02, 3.42162788e-01 ]
