%YAML:1.0
---
pose_0: !!opencv-matrix
   rows: 1
   cols: 25
   dt: "3f"
   data: [ 6.21603577e+02, 5.06790009e+02, 7.21599638e-01,
       7.62705078e+02, 6.00843872e+02, 4.66633826e-01, 7.65713196e+02,
       7.15807678e+02, 4.77275074e-01, 9.24643921e+02, 7.68773865e+02,
       5.76187730e-01, 1.08068677e+03, 8.42260925e+02, 7.35628009e-01,
       7.53936523e+02, 4.83142914e+02, 3.55931699e-01, 9.12916016e+02,
       3.89011230e+02, 5.69174707e-01, 1.04827539e+03, 2.27147156e+02,
       6.85638189e-01, 1.08947974e+03, 5.33231995e+02, 2.45121613e-01,
       1.09243384e+03, 5.98023376e+02, 2.59355724e-01, 1.34850879e+03,
       6.06802429e+02, 3.18392038e-01, 1.50154163e+03, 6.03883057e+02,
       1.40767783e-01, 1.08951990e+03, 4.62576294e+02, 2.57160127e-01,
       1.33972021e+03, 3.56612213e+02, 1.09653331e-01, 1.62515002e+03,
       2.00697815e+02, 1.78425655e-01, 5.97848450e+02, 5.30193909e+02,
       6.96837246e-01, 6.06811157e+02, 4.89093506e+02, 6.12480283e-01,
       6.15646851e+02, 6.09714111e+02, 2.31997326e-01, 6.36227905e+02,
       4.74400330e+02, 5.45336530e-02, 0., 0., 0., 0., 0., 0.,
       1.63393164e+03, 2.00673859e+02, 1.38736576e-01, 0., 0., 0., 0.,
       0., 0., 0., 0., 0. ]
