%YAML:1.0
---
pose_0: !!opencv-matrix
   rows: 1
   cols: 25
   dt: "3f"
   data: [ 7.30383362e+02, 4.83075867e+02, 8.54759455e-01,
       8.42294434e+02, 4.77354767e+02, 7.02528358e-01, 8.36412292e+02,
       5.42046082e+02, 6.45098329e-01, 9.74734619e+02, 6.18619568e+02,
       8.10822845e-01, 1.07480505e+03, 6.68632019e+02, 8.44120383e-01,
       8.51086426e+02, 4.12509460e+02, 5.98480225e-01, 1.00111731e+03,
       3.62587494e+02, 7.73886681e-01, 1.13358508e+03, 3.18399780e+02,
       7.87082076e-01, 1.10718372e+03, 4.97941254e+02, 6.04794502e-01,
       1.09548059e+03, 5.47872192e+02, 6.27725363e-01, 1.30428613e+03,
       5.53759766e+02, 7.38396943e-01, 1.52803491e+03, 5.65564514e+02,
       3.92185509e-01, 1.11603564e+03, 4.44932007e+02, 6.14633679e-01,
       1.29556140e+03, 4.39014923e+02, 6.14884734e-01, 1.56340210e+03,
       4.56717010e+02, 3.34068358e-01, 7.12815857e+02, 4.94911255e+02,
       7.86041558e-01, 7.18579346e+02, 4.59609009e+02, 8.63809705e-01,
       7.33335693e+02, 5.09723206e+02, 2.42551267e-01, 7.39238159e+02,
       4.33066406e+02, 6.21150196e-01, 1.66051050e+03, 4.30184692e+02,
       4.53519225e-01, 1.65762000e+03, 4.21383118e+02, 4.62187588e-01,
       1.56633008e+03, 4.71392395e+02, 1.91445887e-01, 1.61038623e+03,
       5.27357117e+02, 1.24491602e-01, 0., 0., 0., 1.55162842e+03,
       5.62632324e+02, 2.26703748e-01 ]
