%YAML:1.0
---
pose_0: !!opencv-matrix
   rows: 1
   cols: 25
   dt: "3f"
   data: [ 8.12967834e+02, 5.33246521e+02, 7.90267110e-01,
       9.07156738e+02, 5.06694092e+02, 8.06642950e-01, 9.06941406e+02,
       5.80277710e+02, 7.21168876e-01, 8.80565796e+02, 6.98127441e+02,
       8.77456129e-01, 8.12725647e+02, 6.56813171e+02, 7.72506297e-01,
       9.21669067e+02, 4.30142731e+02, 6.90816164e-01, 9.30712524e+02,
       3.15415955e+02, 8.48000050e-01, 9.07053955e+02, 1.74121231e+02,
       8.87992859e-01, 1.14541345e+03, 5.24446045e+02, 6.13006651e-01,
       1.14247180e+03, 5.71430603e+02, 6.25155509e-01, 1.35151733e+03,
       6.44925049e+02, 7.77206540e-01, 1.51929993e+03, 6.33299561e+02,
       6.70254707e-01, 1.15135181e+03, 4.77272614e+02, 5.63243985e-01,
       1.36323364e+03, 4.74355225e+02, 5.82584262e-01, 1.55162854e+03,
       4.39059174e+02, 6.48983836e-01, 7.95205750e+02, 5.47855042e+02,
       7.17889249e-01, 8.03991577e+02, 5.09727234e+02, 7.26326346e-01,
       8.18700073e+02, 5.62671936e+02, 9.55821052e-02, 8.24623535e+02,
       4.77342987e+02, 5.18672049e-01, 1.61634851e+03, 4.33061340e+02,
       4.54381853e-01, 1.61335535e+03, 4.21417542e+02, 5.13985038e-01,
       1.57809766e+03, 4.36146667e+02, 2.79346764e-01, 1.56046729e+03,
       7.12808350e+02, 5.80783784e-01, 1.56044336e+03, 7.01042358e+02,
       4.96086568e-01, 1.54864233e+03, 6.15652161e+02, 4.98845458e-01 ]
