%YAML:1.0
---
pose_0: !!opencv-matrix
   rows: 1
   cols: 25
   dt: "3f"
   data: [ 7.18757568e+02, 5.30279053e+02, 8.88848186e-01,
       8.39342346e+02, 5.36189270e+02, 7.38172710e-01, 8.30426575e+02,
       6.21412170e+02, 6.44517899e-01, 9.01112488e+02, 6.95041626e+02,
       5.31353652e-01, 9.27579407e+02, 7.01048584e+02, 6.15997076e-01,
       8.60009094e+02, 4.56593506e+02, 6.75907373e-01, 1.00110352e+03,
       4.33002686e+02, 7.85244703e-01, 1.07186304e+03, 4.44900787e+02,
       7.51398444e-01, 1.12773792e+03, 5.71449402e+02, 5.66625357e-01,
       1.11901965e+03, 6.21506409e+02, 5.92340112e-01, 1.35135828e+03,
       6.18548096e+02, 5.75140297e-01, 1.58105090e+03, 6.36194275e+02,
       5.66200256e-01, 1.13663550e+03, 5.09635345e+02, 5.53403318e-01,
       1.25140259e+03, 5.03699860e+02, 2.85399646e-01, 0., 0., 0.,
       7.06885925e+02, 5.50793274e+02, 7.99980640e-01, 7.12787598e+02,
       5.09705109e+02, 8.31375420e-01, 7.27482483e+02, 5.74296204e+02,
       5.02822757e-01, 7.39165161e+02, 4.86153198e+02, 5.85889757e-01,
       0., 0., 0., 0., 0., 0., 0., 0., 0., 1.66047717e+03,
       6.24552246e+02, 4.79566604e-01, 1.64871631e+03, 6.42148193e+02,
       3.80738944e-01, 1.60162036e+03, 6.30402344e+02, 2.77089655e-01 ]
