%YAML:1.0
---
pose_0: !!opencv-matrix
   rows: 1
   cols: 25
   dt: "3f"
   data: [ 6.53886414e+02, 4.74345581e+02, 8.03527653e-01,
       7.71703613e+02, 4.59646912e+02, 7.12093055e-01, 7.80455688e+02,
       5.42073120e+02, 5.51498652e-01, 9.51118774e+02, 5.65564392e+02,
       3.38483334e-01, 1.12187610e+03, 5.97942200e+02, 2.67124832e-01,
       7.83326904e+02, 3.80183716e+02, 6.18116260e-01, 8.86453186e+02,
       3.15334045e+02, 8.15013289e-01, 9.62925415e+02, 2.35944778e+02,
       7.89896369e-01, 1.09243799e+03, 4.59698425e+02, 5.02186894e-01,
       1.08361890e+03, 5.09679688e+02, 5.21787703e-01, 1.27489624e+03,
       4.59758850e+02, 6.65701449e-01, 1.53686340e+03, 4.83231506e+02,
       2.94983834e-01, 1.09241028e+03, 4.09496857e+02, 4.94115353e-01,
       1.30440479e+03, 4.33201172e+02, 5.24705529e-01, 1.54272827e+03,
       4.86153656e+02, 3.65997076e-01, 6.42149170e+02, 4.86180328e+02,
       8.21591079e-01, 6.44964600e+02, 4.53741455e+02, 8.63582611e-01,
       6.62677429e+02, 5.09661194e+02, 2.39164904e-01, 6.65713013e+02,
       4.18434204e+02, 5.80414116e-01, 0., 0., 0., 0., 0., 0.,
       1.58104456e+03, 4.92021484e+02, 2.41382301e-01, 0., 0., 0., 0.,
       0., 0., 1.56928345e+03, 4.62621521e+02, 1.37635410e-01 ]
