%YAML:1.0
---
pose_0: !!opencv-matrix
   rows: 1
   cols: 25
   dt: "3f"
   data: [ 6.95123047e+02, 4.80195557e+02, 7.60816753e-01,
       8.18747498e+02, 5.27341431e+02, 6.61531389e-01, 8.09906189e+02,
       5.77497009e+02, 7.51999795e-01, 9.48212036e+02, 6.47987732e+02,
       8.08163345e-01, 1.06593372e+03, 5.80439819e+02, 8.23689699e-01,
       8.27548157e+02, 4.74364807e+02, 5.14900684e-01, 1.01005804e+03,
       4.80337341e+02, 5.99860668e-01, 1.16300488e+03, 4.47858734e+02,
       7.73276687e-01, 1.11299658e+03, 5.77389771e+02, 5.41604280e-01,
       1.09249231e+03, 6.24583801e+02, 5.25648236e-01, 1.33971057e+03,
       5.47947998e+02, 7.88136601e-01, 1.56924194e+03, 6.71640076e+02,
       4.27450836e-01, 1.12186707e+03, 5.27354309e+02, 6.10584736e-01,
       1.37792004e+03, 5.06724609e+02, 6.20601416e-01, 1.56641272e+03,
       5.89179382e+02, 6.37339473e-01, 6.86283081e+02, 5.03739655e+02,
       7.41776884e-01, 6.86225586e+02, 4.68474335e+02, 4.26873744e-01,
       7.03978455e+02, 5.47894592e+02, 5.25491714e-01, 0., 0., 0.,
       1.63393848e+03, 5.30289856e+02, 3.93581957e-01, 1.62227161e+03,
       5.33227844e+02, 4.07256216e-01, 1.58683691e+03, 6.15613953e+02,
       5.42602420e-01, 1.68400842e+03, 6.42105408e+02, 2.67376244e-01,
       1.67811108e+03, 6.53869690e+02, 2.16615275e-01, 1.61045764e+03,
       7.09818665e+02, 2.11404741e-01 ]
