%YAML:1.0
---
pose_0: !!opencv-matrix
   rows: 1
   cols: 25
   dt: "3f"
   data: [ 7.39245667e+02, 4.89131592e+02, 8.55380893e-01,
       8.33466370e+02, 4.50832184e+02, 5.32699466e-01, 8.30467285e+02,
       4.94934875e+02, 3.92119944e-01, 9.33529114e+02, 5.06830658e+02,
       6.61668554e-02, 0., 0., 0., 8.39376404e+02, 4.06648865e+02,
       5.85890174e-01, 9.74652649e+02, 3.83046753e+02, 8.21913898e-01,
       1.07179382e+03, 4.18503235e+02, 8.39804649e-01, 1.13661755e+03,
       4.44975677e+02, 5.24000943e-01, 1.13070239e+03, 4.89081726e+02,
       5.99240899e-01, 1.30438879e+03, 5.68497192e+02, 7.16275930e-01,
       1.57806213e+03, 5.62689453e+02, 5.22890925e-01, 1.13945813e+03,
       3.89034607e+02, 5.49778581e-01, 1.34559583e+03, 4.33125275e+02,
       7.08057165e-01, 1.58101514e+03, 4.09664459e+02, 6.16928637e-01,
       7.21603638e+02, 5.00784760e+02, 6.69878602e-01, 7.30434814e+02,
       4.74312561e+02, 7.70549417e-01, 0., 0., 0., 7.48126038e+02,
       4.36078308e+02, 6.81275368e-01, 1.65168042e+03, 3.71329803e+02,
       2.95099735e-01, 1.64285498e+03, 3.68400024e+02, 3.14490557e-01,
       1.60165662e+03, 3.94909973e+02, 2.17987537e-01, 1.63989087e+03,
       6.36206604e+02, 1.34687454e-01, 0., 0., 0., 1.61340503e+03,
       5.50930176e+02, 3.48225296e-01 ]
