%YAML:1.0
---
pose_0: !!opencv-matrix
   rows: 1
   cols: 25
   dt: "3f"
   data: [ 6.36271240e+02, 5.03682892e+02, 8.13536227e-01,
       7.83437500e+02, 5.09632050e+02, 7.27023005e-01, 7.71609253e+02,
       6.00921814e+02, 7.09808528e-01, 9.30488953e+02, 6.45001404e+02,
       7.15006709e-01, 9.48137878e+02, 6.33282593e+02, 5.81485748e-01,
       7.86285400e+02, 4.33225159e+02, 5.88909924e-01, 9.51091370e+02,
       3.41944244e+02, 3.92685354e-01, 9.24605042e+02, 3.47761871e+02,
       4.31248367e-01, 1.06594324e+03, 5.06807495e+02, 5.48538983e-01,
       1.05129724e+03, 5.62637329e+02, 5.40848076e-01, 1.28083044e+03,
       5.74316406e+02, 3.31733137e-01, 1.58396875e+03, 5.59774170e+02,
       4.20863748e-01, 1.06885193e+03, 4.47881378e+02, 5.12538254e-01,
       1.32792737e+03, 4.59729889e+02, 6.74836159e-01, 1.65459875e+03,
       4.80250763e+02, 6.35021687e-01, 6.18520386e+02, 5.06848053e+02,
       7.49855518e-01, 6.24533936e+02, 4.77199768e+02, 8.30196381e-01,
       6.42091248e+02, 5.27441528e+02, 8.81840885e-02, 6.68604919e+02,
       4.36188660e+02, 6.25055492e-01, 1.76349255e+03, 4.56674164e+02,
       9.80397761e-02, 0., 0., 0., 1.67223303e+03, 5.00801514e+02,
       3.85918409e-01, 1.69585059e+03, 5.74398315e+02, 2.17361942e-01,
       1.68109412e+03, 5.80267944e+02, 2.02869073e-01, 1.60161340e+03,
       5.53747131e+02, 2.07216769e-01 ]
