%YAML:1.0
---
pose_0: !!opencv-matrix
   rows: 1
   cols: 25
   dt: "3f"
   data: [ 7.15616516e+02, 4.74302765e+02, 8.44157338e-01,
       8.36375854e+02, 4.65593781e+02, 7.05875278e-01, 8.45199524e+02,
       5.53767761e+02, 5.50702512e-01, 9.68799561e+02, 6.45158569e+02,
       8.23554218e-01, 9.04046509e+02, 6.18616272e+02, 7.13079453e-01,
       8.36385803e+02, 3.86030884e+02, 7.18691409e-01, 9.54044312e+02,
       3.41978424e+02, 8.12620580e-01, 1.04545874e+03, 3.36075653e+02,
       8.78006220e-01, 1.12778979e+03, 4.86208527e+02, 5.38428783e-01,
       1.11887085e+03, 5.39114563e+02, 5.48206270e-01, 1.31320422e+03,
       5.50752808e+02, 4.28629398e-01, 1.49561755e+03, 5.53783691e+02,
       4.48610485e-01, 1.13364880e+03, 4.33163361e+02, 4.99870509e-01,
       1.33381604e+03, 4.59556335e+02, 6.47773206e-01, 1.58100330e+03,
       4.56614655e+02, 5.57007313e-01, 6.95087891e+02, 4.86229065e+02,
       8.08970630e-01, 6.98142212e+02, 4.53795349e+02, 8.54281485e-01,
       7.18656189e+02, 5.06785645e+02, 3.10864598e-01, 7.30387878e+02,
       4.21416046e+02, 5.99608600e-01, 1.64280835e+03, 4.27238647e+02,
       3.56684893e-01, 1.63691602e+03, 4.21426880e+02, 4.04300272e-01,
       1.61634656e+03, 4.62598572e+02, 2.25233093e-01, 1.56043176e+03,
       5.53874878e+02, 1.70212656e-01, 0., 0., 0., 1.53101904e+03,
       5.47914734e+02, 2.56252974e-01 ]
