%YAML:1.0
---
pose_0: !!opencv-matrix
   rows: 1
   cols: 25
   dt: "3f"
   data: [ 8.04030518e+02, 4.56784058e+02, 8.98498893e-01,
       8.71656189e+02, 4.86182129e+02, 6.66965127e-01, 8.62947693e+02,
       5.44979370e+02, 5.26695549e-01, 9.71799194e+02, 5.71475342e+02,
       2.89398462e-01, 9.54031189e+02, 3.88911285e+02, 1.17552564e-01,
       8.65850830e+02, 4.36198944e+02, 6.13241374e-01, 1.03363159e+03,
       3.62544006e+02, 7.14427590e-01, 1.14247290e+03, 3.09491272e+02,
       8.04725647e-01, 1.12192944e+03, 4.44973724e+02, 6.06490672e-01,
       1.12194836e+03, 4.95001953e+02, 5.91526151e-01, 1.34850513e+03,
       5.06816559e+02, 7.58204639e-01, 1.53974207e+03, 5.27391785e+02,
       6.38503790e-01, 1.12183752e+03, 3.92008911e+02, 6.04454100e-01,
       1.28961877e+03, 3.03657227e+02, 2.54445136e-01, 0., 0., 0.,
       7.86340942e+02, 4.68428253e+02, 8.50721657e-01, 7.89343201e+02,
       4.39123535e+02, 8.07865798e-01, 7.89406372e+02, 5.03785065e+02,
       7.55010128e-01, 8.12716736e+02, 4.33086121e+02, 8.94075781e-02,
       0., 0., 0., 0., 0., 0., 0., 0., 0., 1.52217163e+03,
       6.21471619e+02, 1.54436022e-01, 0., 0., 0., 1.57221838e+03,
       5.15595398e+02, 4.29994762e-01 ]
