%YAML:1.0
---
pose_0: !!opencv-matrix
   rows: 1
   cols: 25
   dt: "3f"
   data: [ 7.92321228e+02, 4.47872559e+02, 7.20041871e-01,
       8.98208130e+02, 3.86136139e+02, 6.04974091e-01, 8.74579651e+02,
       4.50815247e+02, 5.98340452e-01, 9.33526855e+02, 3.62536652e+02,
       3.32666069e-01, 8.74594910e+02, 2.56508301e+02, 5.54523230e-01,
       9.27656372e+02, 3.24300385e+02, 3.55666727e-01, 9.77746521e+02,
       2.15342056e+02, 6.87707663e-01, 8.65813782e+02, 1.76994064e+02,
       7.31170297e-01, 1.13362756e+03, 4.36059113e+02, 6.48915172e-01,
       1.11588708e+03, 4.83170746e+02, 6.69392169e-01, 1.30730298e+03,
       6.00856506e+02, 8.26694727e-01, 1.49559851e+03, 6.77448425e+02,
       6.28340423e-01, 1.14839990e+03, 3.86124542e+02, 6.16504371e-01,
       1.35730542e+03, 3.86180298e+02, 6.40774846e-01, 1.55161060e+03,
       3.86130035e+02, 6.12790227e-01, 7.83443481e+02, 4.53800018e+02,
       1.19659290e-01, 7.86206299e+02, 4.36045319e+02, 7.57161677e-01,
       0., 0., 0., 7.86399170e+02, 4.06589752e+02, 6.10165000e-01,
       1.62522949e+03, 3.59561676e+02, 3.92194718e-01, 1.61638245e+03,
       3.53659058e+02, 4.19113606e-01, 1.58099170e+03, 3.89041656e+02,
       2.85964340e-01, 1.53687024e+03, 6.45004700e+02, 2.98752844e-01,
       1.52223486e+03, 6.53930359e+02, 2.56400913e-01, 1.52221204e+03,
       6.92181030e+02, 3.34392220e-01 ]
