%YAML:1.0
---
pose_0: !!opencv-matrix
   rows: 1
   cols: 25
   dt: "3f"
   data: [ 7.36271545e+02, 4.80310577e+02, 9.04595613e-01,
       8.60040405e+02, 5.00802185e+02, 7.35699296e-01, 8.74667847e+02,
       5.74399231e+02, 7.04501748e-01, 9.86449158e+02, 6.21474854e+02,
       8.23494315e-01, 1.09238208e+03, 6.65676270e+02, 8.56904745e-01,
       8.57085571e+02, 4.24352234e+02, 6.42852724e-01, 1.00415332e+03,
       3.85954926e+02, 7.45380819e-01, 1.14241748e+03, 3.42026276e+02,
       8.59624088e-01, 1.11598767e+03, 5.09667969e+02, 5.98011792e-01,
       1.11300537e+03, 5.56734741e+02, 6.05276108e-01, 1.30439844e+03,
       5.62680908e+02, 4.03331757e-01, 1.53393201e+03, 5.62658691e+02,
       4.40421045e-01, 1.11604895e+03, 4.59567200e+02, 6.00116432e-01,
       1.29844019e+03, 4.59606201e+02, 7.23509550e-01, 1.55454126e+03,
       4.56672363e+02, 4.03739154e-01, 7.18713257e+02, 4.89164673e+02,
       7.73269296e-01, 7.24531372e+02, 4.59715607e+02, 8.49496543e-01,
       7.39220154e+02, 5.09775970e+02, 5.54928720e-01, 7.50990356e+02,
       4.42048615e+02, 6.28040731e-01, 1.67808777e+03, 4.33085541e+02,
       2.84006298e-01, 1.67515027e+03, 4.24361237e+02, 2.76739597e-01,
       1.56925391e+03, 4.47857178e+02, 2.21686363e-01, 1.49567383e+03,
       6.59727722e+02, 2.11185485e-01, 1.48978003e+03, 6.48080444e+02,
       1.73640743e-01, 1.56044360e+03, 5.59687866e+02, 2.88456559e-01 ]
