%YAML:1.0
---
pose_0: !!opencv-matrix
   rows: 1
   cols: 25
   dt: "3f"
   data: [ 0., 0., 0., 9.30613953e+02, 5.47881287e+02, 2.87690133e-01,
       9.01123596e+02, 5.89097107e+02, 1.83551431e-01, 7.95193176e+02,
       5.50972046e+02, 1.78057179e-01, 0., 0., 0., 9.68809875e+02,
       5.03818481e+02, 1.85435742e-01, 1.06006018e+03, 5.06704956e+02,
       1.00239538e-01, 1.06896313e+03, 4.56719086e+02, 1.42781794e-01,
       1.13652344e+03, 5.68536255e+02, 5.18297851e-01, 1.11889038e+03,
       6.00938538e+02, 4.65105861e-01, 1.35444568e+03, 5.24425720e+02,
       7.95304716e-01, 1.58984949e+03, 6.77463013e+02, 5.52079797e-01,
       1.14538708e+03, 5.30341614e+02, 4.17485923e-01, 1.39555823e+03,
       5.15539612e+02, 4.30907190e-01, 1.57219519e+03, 5.80271179e+02,
       6.43381536e-01, 0., 0., 0., 0., 0., 0., 0., 0., 0., 0., 0., 0.,
       1.65752344e+03, 5.30349304e+02, 1.46616250e-01, 1.65461548e+03,
       5.33247253e+02, 1.35623738e-01, 1.58986072e+03, 6.03880188e+02,
       4.23871905e-01, 1.65764417e+03, 7.15730713e+02, 4.70696509e-01,
       1.63990710e+03, 7.21689636e+02, 4.68999982e-01, 1.61344836e+03,
       7.09788330e+02, 2.79682517e-01 ]
