%YAML:1.0
---
pose_0: !!opencv-matrix
   rows: 1
   cols: 25
   dt: "3f"
   data: [ 7.98185059e+02, 4.12702576e+02, 7.92573869e-01,
       9.04092896e+02, 3.86017700e+02, 7.79119670e-01, 9.01100830e+02,
       4.56599609e+02, 8.05500984e-01, 9.77759705e+02, 4.18464203e+02,
       8.01933885e-01, 8.83605042e+02, 3.21399597e+02, 8.04122448e-01,
       9.07100952e+02, 3.15311768e+02, 5.44732332e-01, 1.02466968e+03,
       2.24329605e+02, 7.99334407e-01, 9.09909973e+02, 2.18251724e+02,
       7.34489739e-01, 1.15134119e+03, 4.15566284e+02, 6.03387415e-01,
       1.13661414e+03, 4.62656372e+02, 6.30977929e-01, 1.32492969e+03,
       5.71526489e+02, 8.08385551e-01, 1.49277246e+03, 6.65706848e+02,
       6.45177484e-01, 1.16598987e+03, 3.65472565e+02, 5.98865390e-01,
       1.36910815e+03, 3.65462769e+02, 6.35924041e-01, 1.56036584e+03,
       3.83113983e+02, 6.21117949e-01, 7.86295044e+02, 4.27304565e+02,
       7.58572698e-01, 7.86364014e+02, 3.94845184e+02, 7.65958846e-01,
       0., 0., 0., 8.04016052e+02, 3.62412018e+02, 5.84402561e-01,
       1.61633252e+03, 3.62529358e+02, 2.89781153e-01, 1.61047083e+03,
       3.59524536e+02, 3.75568151e-01, 1.58689771e+03, 3.83138092e+02,
       3.25874686e-01, 1.55748181e+03, 7.01007629e+02, 3.13266695e-01,
       0., 0., 0., 1.51917285e+03, 6.65630737e+02, 4.34167206e-01 ]
