%YAML:1.0
---
pose_0: !!opencv-matrix
   rows: 2
   cols: 25
   dt: "3f"
   data: [ 7.92312683e+02, 4.06646790e+02, 8.09632480e-01,
       8.59954468e+02, 3.39058594e+02, 5.05606413e-01, 8.27537292e+02,
       3.65533478e+02, 2.53742158e-01, 0., 0., 0., 0., 0., 0.,
       9.01075989e+02, 3.15440155e+02, 6.33903086e-01, 9.77681458e+02,
       4.36158569e+02, 7.86439657e-01, 1.04840552e+03, 5.62668152e+02,
       7.95201242e-01, 1.00411804e+03, 3.36032776e+02, 2.76518881e-01,
       9.95336243e+02, 3.65433868e+02, 1.80289194e-01, 1.08946423e+03,
       4.21401581e+02, 1.37427300e-01, 1.19249451e+03, 5.03856506e+02,
       5.10173514e-02, 1.00416357e+03, 2.97746155e+02, 2.77515888e-01,
       1.05714453e+03, 3.38984283e+02, 1.42339543e-01, 0., 0., 0.,
       7.80436035e+02, 4.06637909e+02, 5.30480564e-01, 7.89418945e+02,
       3.85999786e+02, 8.28050733e-01, 0., 0., 0., 8.06966858e+02,
       3.36046173e+02, 5.54688692e-01, 0., 0., 0., 0., 0., 0., 0., 0.,
       0., 0., 0., 0., 0., 0., 0., 0., 0., 0., 0., 0., 0., 0., 0., 0.,
       0., 0., 0., 0., 0., 0., 0., 0., 0., 0., 0., 0., 0., 0., 0., 0.,
       0., 0., 1.19254761e+03, 3.39038940e+02, 4.87769186e-01,
       1.20129724e+03, 3.86079498e+02, 4.79753166e-01, 1.35149463e+03,
       5.06618500e+02, 8.10166240e-01, 1.55745361e+03, 5.53784729e+02,
       6.69202805e-01, 1.19841541e+03, 2.94811798e+02, 4.27395105e-01,
       1.40739453e+03, 2.53620819e+02, 5.93234301e-01, 1.56043018e+03,
       1.30076111e+02, 2.66637444e-01, 0., 0., 0., 0., 0., 0., 0., 0.,
       0., 0., 0., 0., 1.62520679e+03, 9.17102890e+01, 1.39115155e-01,
       1.62220068e+03, 8.88142548e+01, 1.45485431e-01, 0., 0., 0.,
       1.59282544e+03, 6.45029297e+02, 5.47613740e-01, 1.58400403e+03,
       6.36244751e+02, 4.27322030e-01, 1.58398779e+03, 5.42056946e+02,
       5.20462453e-01 ]
