%YAML:1.0
---
pose_0: !!opencv-matrix
   rows: 1
   cols: 25
   dt: "3f"
   data: [ 7.62680420e+02, 3.65513031e+02, 8.85613799e-01,
       8.56917297e+02, 3.59590485e+02, 7.29941010e-01, 8.54002136e+02,
       4.24268799e+02, 6.45073771e-01, 9.80648010e+02, 4.50845428e+02,
       6.70372665e-01, 1.09232947e+03, 5.24414124e+02, 8.23107958e-01,
       8.60063171e+02, 2.74319275e+02, 6.90738022e-01, 9.80581238e+02,
       2.65351227e+02, 5.10602534e-01, 1.01006598e+03, 2.56540344e+02,
       7.23877192e-01, 1.11890723e+03, 3.86097473e+02, 6.43076420e-01,
       1.11008496e+03, 4.35978607e+02, 6.30735993e-01, 1.33089795e+03,
       5.00766846e+02, 6.69869721e-01, 1.54572998e+03, 5.36210571e+02,
       6.02064669e-01, 1.12777588e+03, 3.36024994e+02, 5.63016951e-01,
       1.35442126e+03, 3.24292816e+02, 4.71639752e-01, 1.57807776e+03,
       2.91784851e+02, 2.84215361e-01, 7.45135071e+02, 3.83132294e+02,
       8.01867902e-01, 7.45171936e+02, 3.47784698e+02, 8.00726712e-01,
       7.62869568e+02, 4.03706116e+02, 3.00980330e-01, 7.65741760e+02,
       3.18420715e+02, 6.14696085e-01, 1.64283362e+03, 2.59514771e+02,
       2.60342598e-01, 1.63701990e+03, 2.59533691e+02, 2.95085669e-01,
       1.63401892e+03, 2.91939880e+02, 1.89161405e-01, 1.61336316e+03,
       5.50813965e+02, 2.93304682e-01, 1.61052881e+03, 5.53872253e+02,
       3.18537027e-01, 1.58103955e+03, 5.27360046e+02, 3.48283678e-01 ]
