%YAML:1.0
---
pose_0: !!opencv-matrix
   rows: 1
   cols: 25
   dt: "3f"
   data: [ 7.45115295e+02, 3.83099670e+02, 7.96931803e-01,
       8.15857727e+02, 3.24284790e+02, 4.12387639e-01, 8.06915955e+02,
       3.53711578e+02, 2.20642790e-01, 9.98337585e+02, 4.30121521e+02,
       3.53083134e-01, 1.11886255e+03, 5.03911377e+02, 5.54885328e-01,
       8.33368469e+02, 3.06592163e+02, 6.29369855e-01, 9.09955322e+02,
       4.36009552e+02, 7.13664174e-01, 9.74714600e+02, 5.71501892e+02,
       8.03711295e-01, 1.16013098e+03, 3.44820740e+02, 3.99371296e-01,
       1.16305786e+03, 3.94859406e+02, 3.71327579e-01, 1.33966321e+03,
       5.03824097e+02, 7.71709442e-01, 1.55749207e+03, 5.59681274e+02,
       5.75190067e-01, 1.16011194e+03, 2.91900269e+02, 3.62248331e-01,
       1.37196814e+03, 2.68275055e+02, 4.90853369e-01, 1.54278015e+03,
       1.68245865e+02, 2.56253392e-01, 7.27469910e+02, 3.85936920e+02,
       6.74908042e-01, 7.42256348e+02, 3.62416382e+02, 8.37882280e-01,
       0., 0., 0., 7.65655640e+02, 3.24291443e+02, 5.98906159e-01,
       1.59873682e+03, 1.27001190e+02, 2.20651567e-01, 1.59282739e+03,
       1.27073784e+02, 2.17753559e-01, 0., 0., 0., 1.58100146e+03,
       6.30395386e+02, 3.28533500e-01, 1.56635852e+03, 6.24540833e+02,
       3.29749107e-01, 1.58992834e+03, 5.47854187e+02, 4.46618259e-01 ]
