%YAML:1.0
---
pose_0: !!opencv-matrix
   rows: 1
   cols: 25
   dt: "3f"
   data: [ 7.74598633e+02, 4.09585052e+02, 8.71911168e-01,
       9.01053894e+02, 4.36237701e+02, 7.75223434e-01, 8.83361633e+02,
       5.12613220e+02, 7.89243579e-01, 9.98300781e+02, 6.01008911e+02,
       8.72371793e-01, 1.11604175e+03, 5.74513794e+02, 7.97704220e-01,
       9.09986633e+02, 3.65427246e+02, 6.36071026e-01, 1.05712341e+03,
       3.21283752e+02, 8.08864534e-01, 1.18655774e+03, 2.71269623e+02,
       8.69834125e-01, 1.14254419e+03, 4.59619659e+02, 6.11443043e-01,
       1.14246692e+03, 5.06842163e+02, 5.99592268e-01, 1.34263599e+03,
       5.33217773e+02, 7.28204608e-01, 1.54274451e+03, 5.80353333e+02,
       5.98803580e-01, 1.14546277e+03, 4.09592438e+02, 6.21184945e-01,
       1.27492273e+03, 3.68415314e+02, 2.16903910e-01, 1.39853149e+03,
       3.39003510e+02, 3.60505402e-01, 7.62798950e+02, 4.27326996e+02,
       8.06261063e-01, 7.65757141e+02, 3.89132355e+02, 8.59053910e-01,
       7.80400024e+02, 4.56822723e+02, 6.33006811e-01, 7.95168518e+02,
       3.77255066e+02, 4.80102628e-01, 1.64285913e+03, 2.71282135e+02,
       3.52396667e-01, 1.64573218e+03, 2.68403107e+02, 3.28360260e-01,
       1.42797217e+03, 3.36024078e+02, 1.34197533e-01, 1.61048047e+03,
       5.77432312e+02, 4.31223840e-01, 1.60749353e+03, 5.94973511e+02,
       3.93613428e-01, 1.57218481e+03, 5.77382324e+02, 3.29970062e-01 ]
