%YAML:1.0
---
pose_0: !!opencv-matrix
   rows: 1
   cols: 25
   dt: "3f"
   data: [ 7.48112366e+02, 6.00804260e+02, 8.71723413e-01,
       8.65842957e+02, 6.00817932e+02, 6.27870619e-01, 8.80583618e+02,
       6.65618652e+02, 4.60818201e-01, 1.00416278e+03, 6.71498291e+02,
       4.05875891e-01, 1.09534485e+03, 7.24591187e+02, 7.37384558e-01,
       8.65871155e+02, 5.33247192e+02, 6.24675035e-01, 1.02471826e+03,
       5.03627686e+02, 7.54626393e-01, 1.16018298e+03, 4.83338684e+02,
       8.25252831e-01, 1.12776697e+03, 6.24442444e+02, 6.11380219e-01,
       1.12187476e+03, 6.68699036e+02, 6.28489733e-01, 1.29841296e+03,
       6.71542725e+02, 4.65540379e-01, 1.51919336e+03, 6.27497253e+02,
       4.39946949e-01, 1.13948816e+03, 5.74516907e+02, 6.15928113e-01,
       1.32790979e+03, 6.42153381e+02, 6.06591344e-01, 1.56629736e+03,
       6.65579529e+02, 5.29422164e-01, 7.36275818e+02, 6.06826477e+02,
       8.00196052e-01, 7.42084351e+02, 5.77471863e+02, 8.75277221e-01,
       7.45219666e+02, 6.24537354e+02, 2.46943712e-01, 7.62828247e+02,
       5.56734863e+02, 6.15822256e-01, 1.63996350e+03, 6.44944763e+02,
       3.61495763e-01, 1.63700598e+03, 6.39129150e+02, 3.68903577e-01,
       1.58984814e+03, 6.62732727e+02, 2.36879110e-01, 0., 0., 0., 0.,
       0., 0., 1.54276147e+03, 6.00988831e+02, 2.55448520e-01 ]
