%YAML:1.0
---
pose_0: !!opencv-matrix
   rows: 1
   cols: 25
   dt: "3f"
   data: [ 7.95186523e+02, 5.18487000e+02, 7.62294173e-01,
       9.06958008e+02, 5.03741547e+02, 8.15700769e-01, 9.04149231e+02,
       5.71434631e+02, 6.77799225e-01, 9.33568970e+02, 6.98085449e+02,
       8.25631261e-01, 8.36447876e+02, 6.92142212e+02, 8.21977973e-01,
       9.06981812e+02, 4.33227844e+02, 7.19289958e-01, 9.48238708e+02,
       3.15425720e+02, 7.96054482e-01, 9.30608337e+02, 1.74250107e+02,
       8.62795830e-01, 1.14547424e+03, 5.18486206e+02, 5.45010209e-01,
       1.14253479e+03, 5.62661194e+02, 5.65249145e-01, 1.35146362e+03,
       6.27389526e+02, 7.32665598e-01, 1.52515210e+03, 6.33327759e+02,
       6.58124626e-01, 1.14837512e+03, 4.65534729e+02, 5.13271928e-01,
       1.35446265e+03, 4.68527344e+02, 6.50615990e-01, 1.54867700e+03,
       4.36146057e+02, 6.79746032e-01, 7.83395325e+02, 5.30276367e+02,
       7.49349296e-01, 7.80508972e+02, 5.03831177e+02, 7.62722671e-01,
       8.09769714e+02, 5.45025757e+02, 4.26569819e-01, 7.89416321e+02,
       4.77300812e+02, 3.03624183e-01, 1.61635461e+03, 4.33088104e+02,
       3.90923083e-01, 1.61332495e+03, 4.24360413e+02, 4.42735255e-01,
       1.58096338e+03, 4.33143066e+02, 2.86079675e-01, 1.56640283e+03,
       6.92211121e+02, 5.84805489e-01, 1.56923828e+03, 6.89162598e+02,
       5.07747173e-01, 1.55746130e+03, 6.15600464e+02, 4.98754561e-01 ]
