%YAML:1.0
---
pose_0: !!opencv-matrix
   rows: 1
   cols: 25
   dt: "3f"
   data: [ 7.01063232e+02, 4.92039673e+02, 7.16250360e-01,
       8.27575378e+02, 4.33197815e+02, 6.48943543e-01, 8.33455688e+02,
       5.09668549e+02, 3.54617536e-01, 9.74784058e+02, 5.53876465e+02,
       1.63845986e-01, 1.06594507e+03, 6.39105530e+02, 1.22969620e-01,
       8.15846313e+02, 3.68389648e+02, 6.43745899e-01, 8.83533569e+02,
       3.03700317e+02, 7.29617059e-01, 9.33549133e+02, 2.21185303e+02,
       7.01748610e-01, 1.11299805e+03, 4.74330811e+02, 5.44758379e-01,
       1.09837854e+03, 5.21497131e+02, 5.51185012e-01, 1.32791699e+03,
       5.83262207e+02, 7.32740521e-01, 1.56339026e+03, 5.80411560e+02,
       5.51318467e-01, 1.11896228e+03, 4.15499420e+02, 5.25492549e-01,
       1.35137476e+03, 4.33141571e+02, 6.63348734e-01, 1.58979565e+03,
       4.56698792e+02, 6.26037598e-01, 6.92069214e+02, 5.00777039e+02,
       2.66225100e-01, 6.92142029e+02, 4.77314240e+02, 7.40226567e-01,
       0., 0., 0., 7.06881287e+02, 4.33225067e+02, 5.96735597e-01,
       1.66643286e+03, 4.36165344e+02, 4.72186714e-01, 1.66342188e+03,
       4.33159363e+02, 5.13624012e-01, 1.60748767e+03, 4.77303741e+02,
       2.92644411e-01, 1.62516284e+03, 5.33248718e+02, 2.61944085e-01,
       1.61044153e+03, 5.50880493e+02, 1.90496400e-01, 1.60456116e+03,
       5.74371582e+02, 2.75509328e-01 ]
