%YAML:1.0
---
pose_0: !!opencv-matrix
   rows: 1
   cols: 25
   dt: "3f"
   data: [ 7.18801147e+02, 5.27178711e+02, 8.61921549e-01,
       8.57038330e+02, 5.53919006e+02, 7.69636989e-01, 8.53927734e+02,
       6.42156250e+02, 7.23957896e-01, 9.74604553e+02, 6.74500977e+02,
       8.03581059e-01, 1.10712854e+03, 6.92293274e+02, 8.07223082e-01,
       8.59978821e+02, 4.80177795e+02, 6.28133416e-01, 1.02471912e+03,
       4.44905518e+02, 7.12194741e-01, 1.15721216e+03, 4.15446228e+02,
       7.57517636e-01, 1.11895300e+03, 5.71480408e+02, 6.21628523e-01,
       1.11304639e+03, 6.21500916e+02, 5.89253962e-01, 1.33097595e+03,
       6.18486755e+02, 6.27262115e-01, 1.56331091e+03, 6.30319763e+02,
       6.12646282e-01, 1.12191406e+03, 5.12679138e+02, 5.76560438e-01,
       1.34550928e+03, 4.56703857e+02, 6.71592116e-01, 1.55159460e+03,
       4.42054504e+02, 4.84187096e-01, 7.12807983e+02, 5.36177185e+02,
       7.86419272e-01, 7.15685059e+02, 5.06749817e+02, 8.94194067e-01,
       7.27516968e+02, 5.71477112e+02, 7.14002550e-01, 7.42165039e+02,
       4.86197266e+02, 4.96060967e-01, 1.66639075e+03, 3.94923950e+02,
       1.84693620e-01, 1.66345544e+03, 3.92017395e+02, 2.12395251e-01,
       1.57220691e+03, 4.42047913e+02, 2.00609192e-01, 1.63103918e+03,
       6.03913269e+02, 6.11087561e-01, 1.61641394e+03, 6.21556763e+02,
       5.43137550e-01, 1.58688403e+03, 6.45005920e+02, 2.99625039e-01 ]
