%YAML:1.0
---
pose_0: !!opencv-matrix
   rows: 1
   cols: 25
   dt: "3f"
   data: [ 7.48133545e+02, 4.86099365e+02, 8.47763836e-01,
       8.65816833e+02, 5.09694916e+02, 7.10443497e-01, 8.74680786e+02,
       5.86178345e+02, 6.47375286e-01, 1.00709961e+03, 6.33354919e+02,
       7.02595592e-01, 1.11603735e+03, 6.56856201e+02, 7.59951830e-01,
       8.59984192e+02, 4.44943420e+02, 6.34898603e-01, 1.03064014e+03,
       3.94964966e+02, 6.86168969e-01, 1.16294849e+03, 3.74351105e+02,
       7.47538328e-01, 1.11898572e+03, 5.24349182e+02, 6.18174374e-01,
       1.11595642e+03, 5.74340820e+02, 6.25098825e-01, 1.32488110e+03,
       5.77450806e+02, 7.38757730e-01, 1.54281763e+03, 5.97931091e+02,
       4.77138877e-01, 1.12486084e+03, 4.65517883e+02, 5.88096857e-01,
       1.34552368e+03, 4.56630157e+02, 5.69003820e-01, 1.61043079e+03,
       4.24329193e+02, 4.11465734e-01, 7.36350708e+02, 5.03795013e+02,
       8.31435084e-01, 7.39292542e+02, 4.74322662e+02, 8.38083267e-01,
       7.50996521e+02, 5.30168579e+02, 6.34597301e-01, 7.62897339e+02,
       4.53731903e+02, 5.86591482e-01, 1.70164087e+03, 3.89063782e+02,
       3.54351997e-01, 1.69578357e+03, 3.88954773e+02, 3.86305720e-01,
       1.64575964e+03, 4.44937714e+02, 1.59121379e-01, 1.62808826e+03,
       5.77365967e+02, 4.69724149e-01, 1.61343469e+03, 5.92123596e+02,
       3.73258173e-01, 1.57219312e+03, 6.00965149e+02, 1.95324510e-01 ]
