%YAML:1.0
---
pose_0: !!opencv-matrix
   rows: 1
   cols: 25
   dt: "3f"
   data: [ 7.39239685e+02, 5.06894958e+02, 8.96758139e-01,
       8.59959778e+02, 5.30254578e+02, 8.05836976e-01, 8.57006287e+02,
       6.21540955e+02, 7.43361712e-01, 9.51086792e+02, 7.39351990e+02,
       6.88144922e-01, 9.51044922e+02, 6.68705383e+02, 8.22756767e-01,
       8.71707275e+02, 4.44911713e+02, 6.15628779e-01, 1.02182306e+03,
       4.12663452e+02, 5.61997652e-01, 1.01883826e+03, 4.09591614e+02,
       6.44413412e-01, 1.12776721e+03, 5.56789124e+02, 5.30691504e-01,
       1.12193579e+03, 6.06862244e+02, 5.37175059e-01, 1.34263464e+03,
       5.89144897e+02, 5.15132368e-01, 1.56334534e+03, 5.94971497e+02,
       4.85032290e-01, 1.13072668e+03, 4.97929688e+02, 5.41933596e-01,
       1.33378992e+03, 4.80353394e+02, 5.59432983e-01, 1.52807605e+03,
       5.06656677e+02, 4.25791115e-01, 7.21547668e+02, 5.27372803e+02,
       8.25290859e-01, 7.24541748e+02, 4.92073181e+02, 8.07057559e-01,
       7.42082092e+02, 5.53700195e+02, 6.06389940e-01, 7.51067810e+02,
       4.71375549e+02, 5.48790336e-01, 1.61344849e+03, 5.50923889e+02,
       8.19690600e-02, 1.62808679e+03, 5.27367798e+02, 1.08876266e-01,
       1.54870313e+03, 5.00843811e+02, 1.79895893e-01, 1.64279749e+03,
       5.86197510e+02, 3.73375267e-01, 1.63109888e+03, 6.00911743e+02,
       3.69062573e-01, 1.59286487e+03, 5.83308777e+02, 2.23831207e-01 ]
