%YAML:1.0
---
pose_0: !!opencv-matrix
   rows: 1
   cols: 25
   dt: "3f"
   data: [ 0., 0., 0., 9.74655945e+02, 4.62612488e+02, 1.20684117e-01,
       9.77627563e+02, 4.56673096e+02, 1.03511490e-01, 9.07047852e+02,
       5.09726715e+02, 2.95354128e-01, 7.86433350e+02, 5.53790405e+02,
       5.30230224e-01, 0., 0., 0., 0., 0., 0., 0., 0., 0.,
       1.16603491e+03, 4.50804871e+02, 1.51106164e-01, 0., 0., 0., 0.,
       0., 0., 0., 0., 0., 1.18364893e+03, 4.59621094e+02,
       2.12150156e-01, 1.35441272e+03, 5.03775726e+02, 2.69638866e-01,
       1.63992773e+03, 4.15480896e+02, 2.36112818e-01, 0., 0., 0., 0.,
       0., 0., 0., 0., 0., 0., 0., 0., 1.71056580e+03, 3.59566010e+02,
       2.01283768e-01, 0., 0., 0., 0., 0., 0., 0., 0., 0., 0., 0., 0.,
       0., 0., 0. ]
