%YAML:1.0
---
pose_0: !!opencv-matrix
   rows: 1
   cols: 25
   dt: "3f"
   data: [ 7.36276001e+02, 3.12372284e+02, 7.90436327e-01,
       8.06936218e+02, 2.47718613e+02, 4.51802373e-01, 7.95218323e+02,
       2.24218277e+02, 2.94370294e-01, 0., 0., 0., 0., 0., 0.,
       8.09926208e+02, 2.68405273e+02, 6.32786632e-01, 9.04066589e+02,
       4.09613617e+02, 8.31947446e-01, 9.77539001e+02, 5.36193787e+02,
       8.34495306e-01, 1.10128760e+03, 2.77166931e+02, 3.25830817e-01,
       1.10423254e+03, 3.15467957e+02, 3.32255363e-01, 1.28373157e+03,
       4.53636414e+02, 6.96054697e-01, 1.48684485e+03, 4.30258057e+02,
       2.88349479e-01, 1.09248840e+03, 2.30092514e+02, 2.28303432e-01,
       1.20720569e+03, 2.21217850e+02, 2.37008542e-01, 1.42214233e+03,
       1.77043930e+02, 3.96176130e-01, 7.18680725e+02, 3.15285126e+02,
       5.87662101e-01, 7.21675781e+02, 2.91911469e+02, 7.88822651e-01,
       0., 0., 0., 7.33364319e+02, 2.50678131e+02, 5.95278263e-01,
       1.55159033e+03, 1.35902695e+02, 1.41812950e-01, 1.54863037e+03,
       1.30041855e+02, 1.59232751e-01, 1.44560779e+03, 1.85905991e+02,
       1.34424180e-01, 0., 0., 0., 0., 0., 0., 1.51627026e+03,
       4.24342194e+02, 1.88386872e-01 ]
