%YAML:1.0
---
pose_0: !!opencv-matrix
   rows: 1
   cols: 25
   dt: "3f"
   data: [ 7.39100220e+02, 4.44956390e+02, 7.62998521e-01,
       8.62832092e+02, 4.44908203e+02, 5.08532882e-01, 8.86489197e+02,
       5.33262817e+02, 3.32995266e-01, 1.01007855e+03, 5.74297058e+02,
       5.26514411e-01, 9.77727295e+02, 5.74363403e+02, 1.91680357e-01,
       8.53955811e+02, 3.77263916e+02, 5.53783000e-01, 9.48166443e+02,
       2.94842651e+02, 7.73154378e-01, 9.92339111e+02, 3.18338226e+02,
       8.33202660e-01, 1.14254956e+03, 4.77332214e+02, 5.96207500e-01,
       1.13660596e+03, 5.27224243e+02, 5.70518792e-01, 1.31319739e+03,
       5.36198975e+02, 3.45645279e-01, 1.50451001e+03, 5.45009705e+02,
       5.14469087e-01, 1.15422571e+03, 4.24351929e+02, 5.37911892e-01,
       1.33965430e+03, 4.44892395e+02, 5.44836581e-01, 1.56633203e+03,
       4.44986298e+02, 4.56930339e-01, 7.18680298e+02, 4.59531677e+02,
       6.84058726e-01, 7.21544800e+02, 4.33020050e+02, 7.52546787e-01,
       7.42106079e+02, 4.77257935e+02, 2.82720089e-01, 7.45225037e+02,
       4.12465485e+02, 4.43513036e-01, 1.63407861e+03, 4.21400970e+02,
       3.56798857e-01, 1.63110852e+03, 4.15557068e+02, 3.79791677e-01,
       1.61337366e+03, 4.59634583e+02, 2.09331632e-01, 1.56639221e+03,
       5.33306519e+02, 1.71135649e-01, 1.55159387e+03, 5.53794800e+02,
       1.51461348e-01, 1.53391675e+03, 5.33196167e+02, 3.18069160e-01 ]
