%YAML:1.0
---
pose_0: !!opencv-matrix
   rows: 1
   cols: 25
   dt: "3f"
   data: [ 0., 0., 0., 8.33490173e+02, 5.53891174e+02, 1.78626463e-01,
       8.71703796e+02, 5.24397949e+02, 1.21311158e-01, 9.01156921e+02,
       5.12663025e+02, 4.76263225e-01, 9.57147888e+02, 4.47912811e+02,
       5.71702242e-01, 0., 0., 0., 0., 0., 0., 0., 0., 0.,
       1.11303625e+03, 5.74483459e+02, 4.50319409e-01, 1.09541443e+03,
       6.03893311e+02, 3.49670440e-01, 1.37502283e+03, 5.18557190e+02,
       7.66910315e-01, 1.63401416e+03, 7.12680664e+02, 5.37328124e-01,
       1.11897644e+03, 5.45018433e+02, 3.36782992e-01, 1.37795642e+03,
       5.06813904e+02, 2.94384390e-01, 1.56629260e+03, 5.80395935e+02,
       3.45761418e-01, 0., 0., 0., 0., 0., 0., 0., 0., 0., 0., 0., 0.,
       1.61334937e+03, 5.15538757e+02, 3.09521079e-01, 1.61038257e+03,
       5.21408020e+02, 2.79477775e-01, 1.59285535e+03, 6.00954956e+02,
       3.16336006e-01, 1.68999695e+03, 7.36248962e+02, 3.97532821e-01,
       1.67811084e+03, 7.42311462e+02, 4.49596345e-01, 1.64576208e+03,
       7.30444275e+02, 3.08443785e-01 ]
