%YAML:1.0
---
pose_0: !!opencv-matrix
   rows: 1
   cols: 25
   dt: "3f"
   data: [ 7.15836731e+02, 4.89034271e+02, 8.78630280e-01,
       8.53946533e+02, 5.06641998e+02, 6.92485809e-01, 8.56871094e+02,
       5.77507385e+02, 7.18018711e-01, 9.95239929e+02, 6.21639954e+02,
       7.85950184e-01, 1.11891479e+03, 6.71504456e+02, 8.41810167e-01,
       8.39388245e+02, 4.36083130e+02, 5.97133756e-01, 1.01002716e+03,
       3.92072540e+02, 7.23310709e-01, 1.14838501e+03, 3.65572083e+02,
       7.80698657e-01, 1.13074390e+03, 5.03878784e+02, 6.01720452e-01,
       1.12775159e+03, 5.53721985e+02, 6.32888019e-01, 1.33388574e+03,
       6.24511353e+02, 7.65266478e-01, 1.54864294e+03, 6.71628845e+02,
       6.02245152e-01, 1.13368555e+03, 4.53808075e+02, 5.68906844e-01,
       1.32201489e+03, 4.56738434e+02, 7.07447469e-01, 1.57809827e+03,
       4.68512390e+02, 6.30172968e-01, 7.03945923e+02, 5.06661163e+02,
       8.27980816e-01, 7.12704468e+02, 4.77236237e+02, 8.63483071e-01,
       7.21558899e+02, 5.27446899e+02, 4.40486789e-01, 7.39183044e+02,
       4.50743073e+02, 5.83407044e-01, 1.65164612e+03, 4.36143433e+02,
       3.49301219e-01, 1.63993811e+03, 4.36074463e+02, 4.01571333e-01,
       1.61342334e+03, 4.80155090e+02, 3.09279174e-01, 1.61932153e+03,
       6.65680298e+02, 5.42896330e-01, 1.61333301e+03, 6.74497070e+02,
       4.94390696e-01, 1.58393701e+03, 6.77424011e+02, 2.60024011e-01 ]
