%YAML:1.0
---
pose_0: !!opencv-matrix
   rows: 1
   cols: 25
   dt: "3f"
   data: [ 7.51003540e+02, 6.00812439e+02, 8.47310126e-01,
       8.54071289e+02, 5.89147583e+02, 6.64251029e-01, 8.45253662e+02,
       6.47968628e+02, 5.06888688e-01, 9.51152588e+02, 6.50936279e+02,
       2.74786979e-01, 1.00126611e+03, 7.09809814e+02, 6.53415442e-01,
       8.60015747e+02, 5.27246826e+02, 7.27435589e-01, 9.86452515e+02,
       4.83251312e+02, 7.96721041e-01, 1.08954224e+03, 4.68460388e+02,
       7.92613387e-01, 1.09834949e+03, 5.98065918e+02, 6.38304889e-01,
       1.09835510e+03, 6.45083008e+02, 6.15723848e-01, 1.31026111e+03,
       6.45077332e+02, 5.41816950e-01, 1.51632373e+03, 6.33285767e+02,
       5.88539362e-01, 1.10130896e+03, 5.50971680e+02, 6.33236170e-01,
       1.30139941e+03, 5.74423096e+02, 6.23731911e-01, 1.52513379e+03,
       5.50902344e+02, 3.73502880e-01, 7.39270813e+02, 6.15593079e+02,
       7.82022893e-01, 7.39172302e+02, 5.80290466e+02, 8.29192638e-01,
       7.59778198e+02, 6.27464783e+02, 2.22235128e-01, 7.56963501e+02,
       5.56759277e+02, 6.08787894e-01, 1.63389966e+03, 5.62622620e+02,
       1.45512313e-01, 1.61634241e+03, 5.30325317e+02, 1.94434673e-01,
       1.55749390e+03, 5.71482727e+02, 2.49021083e-01, 1.56932507e+03,
       6.89201355e+02, 4.47328866e-01, 1.56627295e+03, 6.83369202e+02,
       4.10887808e-01, 1.54577795e+03, 6.18572266e+02, 3.66291940e-01 ]
