%YAML:1.0
---
pose_0: !!opencv-matrix
   rows: 1
   cols: 25
   dt: "3f"
   data: [ 7.89255188e+02, 3.62653656e+02, 8.41524422e-01,
       8.65857239e+02, 3.86132385e+02, 7.42195249e-01, 8.60012146e+02,
       4.36175507e+02, 6.86200917e-01, 7.39323303e+02, 4.44934784e+02,
       7.94952869e-01, 7.09810242e+02, 3.68426056e+02, 4.54313129e-01,
       8.74594849e+02, 3.35979187e+02, 6.40710950e-01, 8.77499817e+02,
       2.59495209e+02, 4.60486978e-01, 8.30530334e+02, 2.00705231e+02,
       3.03180009e-01, 1.13955627e+03, 3.86062134e+02, 5.36598265e-01,
       1.14243335e+03, 4.33201660e+02, 5.38668036e-01, 1.37503748e+03,
       4.59681915e+02, 5.47353566e-01, 1.54570667e+03, 4.62687042e+02,
       6.97250009e-01, 1.13663416e+03, 3.33100861e+02, 4.99598622e-01,
       1.37802393e+03, 3.35973938e+02, 6.75625741e-01, 1.57810388e+03,
       2.94757019e+02, 6.13642395e-01, 7.74575317e+02, 3.85968811e+02,
       7.11419582e-01, 7.77523376e+02, 3.44938965e+02, 7.68469453e-01,
       7.89308594e+02, 4.12646118e+02, 5.63962221e-01, 8.09962402e+02,
       3.38820862e+02, 3.38414580e-01, 1.64582813e+03, 2.80124634e+02,
       2.69869238e-01, 1.63705188e+03, 2.71325745e+02, 3.76293123e-01,
       1.62804590e+03, 2.91955200e+02, 2.46669367e-01, 1.60743030e+03,
       4.83218536e+02, 4.99425679e-01, 1.59570642e+03, 4.89069336e+02,
       4.79868799e-01, 1.56929712e+03, 4.53784058e+02, 5.03826976e-01 ]
