%YAML:1.0
---
pose_0: !!opencv-matrix
   rows: 1
   cols: 25
   dt: "3f"
   data: [ 0., 0., 0., 9.21769775e+02, 5.30388245e+02, 3.65375459e-01,
       8.71738464e+02, 5.74516785e+02, 2.82624930e-01, 7.65699890e+02,
       5.44998413e+02, 6.35046899e-01, 9.09997131e+02, 5.03762787e+02,
       2.48479590e-01, 9.48226807e+02, 5.03722260e+02, 2.40852326e-01,
       9.01043884e+02, 5.21463257e+02, 1.05569601e-01, 9.51105530e+02,
       4.44917725e+02, 1.04463235e-01, 1.14249573e+03, 5.80318726e+02,
       3.68726879e-01, 1.13069409e+03, 6.09736328e+02, 3.19906592e-01,
       1.37501440e+03, 5.09765656e+02, 7.92759180e-01, 1.63697925e+03,
       7.15679626e+02, 6.28326237e-01, 1.15721692e+03, 5.50928650e+02,
       2.82556117e-01, 1.37798450e+03, 5.00801514e+02, 2.49644965e-01,
       1.60754749e+03, 6.48011414e+02, 1.31646618e-01, 0., 0., 0., 0.,
       0., 0., 0., 0., 0., 0., 0., 0., 0., 0., 0., 0., 0., 0., 0., 0.,
       0., 1.68115857e+03, 7.12721375e+02, 1.45968154e-01,
       1.66928979e+03, 7.24542664e+02, 1.62051886e-01, 1.65459155e+03,
       7.36347900e+02, 3.85838419e-01 ]
