%YAML:1.0
---
pose_0: !!opencv-matrix
   rows: 1
   cols: 25
   dt: "3f"
   data: [ 0., 0., 0., 8.36381775e+02, 4.86124969e+02, 4.16746914e-01,
       8.36440613e+02, 5.06824860e+02, 5.08972645e-01, 9.65912231e+02,
       5.83272766e+02, 5.70612192e-01, 1.12486243e+03, 5.97840454e+02,
       4.96339202e-01, 8.33493042e+02, 5.06746399e+02, 5.48611939e-01,
       9.65887878e+02, 5.89093506e+02, 4.04526711e-01, 1.13657788e+03,
       5.95083923e+02, 2.39474252e-01, 1.13955823e+03, 4.47901031e+02,
       3.24912876e-01, 1.14545398e+03, 4.33135864e+02, 2.74861902e-01,
       1.36907166e+03, 4.33156891e+02, 5.45815945e-01, 1.56041211e+03,
       5.27308777e+02, 3.57853591e-01, 1.15131763e+03, 4.53786377e+02,
       3.06056708e-01, 1.37206189e+03, 4.36087158e+02, 2.89516538e-01,
       1.54268774e+03, 4.62549744e+02, 3.58237445e-01, 0., 0., 0., 0.,
       0., 0., 7.89225647e+02, 4.27304199e+02, 1.31406456e-01,
       7.45222961e+02, 4.94926605e+02, 2.13235423e-01, 1.59283679e+03,
       4.12585358e+02, 3.07399720e-01, 1.58984412e+03, 4.12612732e+02,
       3.07439685e-01, 1.56627051e+03, 4.59751984e+02, 2.09277183e-01,
       1.62520642e+03, 5.30194275e+02, 4.40982342e-01, 1.61342810e+03,
       5.39153442e+02, 3.75114769e-01, 1.57512585e+03, 5.50947876e+02,
       2.05178082e-01 ]
