%YAML:1.0
---
pose_0: !!opencv-matrix
   rows: 1
   cols: 25
   dt: "3f"
   data: [ 7.45152466e+02, 5.27247375e+02, 7.53415704e-01,
       8.06926392e+02, 4.41976685e+02, 6.39486730e-01, 8.04024963e+02,
       4.21367279e+02, 4.10037875e-01, 9.51078430e+02, 5.27305359e+02,
       1.06168374e-01, 9.27721680e+02, 5.97888428e+02, 2.52581477e-01,
       8.09776001e+02, 4.65503845e+02, 7.36142039e-01, 9.45284241e+02,
       5.24412903e+02, 7.85648465e-01, 9.30513123e+02, 6.00848694e+02,
       7.06058204e-01, 1.11302112e+03, 4.27298004e+02, 3.88610244e-01,
       1.11595667e+03, 4.00819702e+02, 2.54149646e-01, 1.34266211e+03,
       4.77256592e+02, 3.45180452e-01, 1.62221545e+03, 4.21394989e+02,
       1.98287368e-01, 1.11304065e+03, 4.47866638e+02, 3.31128836e-01,
       1.34841528e+03, 4.80244385e+02, 6.68846011e-01, 1.62519604e+03,
       4.24330505e+02, 3.90851229e-01, 0., 0., 0., 7.30474670e+02,
       5.06876648e+02, 7.28038549e-01, 0., 0., 0., 7.36321777e+02,
       4.71415588e+02, 6.44708276e-01, 1.67815930e+03, 3.80133606e+02,
       2.43855298e-01, 1.68101611e+03, 3.80135895e+02, 2.20920175e-01,
       1.66637207e+03, 4.27254211e+02, 1.68876901e-01, 1.67809583e+03,
       3.68508301e+02, 1.75518498e-01, 1.67514941e+03, 3.85999023e+02,
       1.03359520e-01, 1.66933276e+03, 4.09619385e+02, 6.85932040e-02 ]
