%YAML:1.0
---
pose_0: !!opencv-matrix
   rows: 1
   cols: 25
   dt: "3f"
   data: [ 7.53943604e+02, 5.12647339e+02, 6.78625405e-01,
       8.21685730e+02, 4.33087341e+02, 5.82062304e-01, 8.18763794e+02,
       4.21400024e+02, 4.19410229e-01, 9.04076843e+02, 4.71443817e+02,
       1.79265469e-01, 8.86475891e+02, 5.30300598e+02, 5.97070873e-01,
       8.27559204e+02, 4.47905579e+02, 7.22199619e-01, 9.57049622e+02,
       5.27188477e+02, 8.07667732e-01, 8.65795715e+02, 5.80318115e+02,
       7.25706279e-01, 1.12185962e+03, 4.09656189e+02, 4.70285207e-01,
       1.13364685e+03, 3.83102203e+02, 4.33135152e-01, 1.34256970e+03,
       4.56742157e+02, 7.32192397e-01, 1.55162207e+03, 3.88983612e+02,
       7.31007278e-01, 1.11599792e+03, 4.36148834e+02, 3.79096270e-01,
       1.34558899e+03, 5.03763672e+02, 7.43950009e-01, 1.63691626e+03,
       4.24374298e+02, 5.63918173e-01, 0., 0., 0., 7.39144104e+02,
       5.03671204e+02, 7.48896122e-01, 0., 0., 0., 7.39344116e+02,
       4.56722229e+02, 7.01364398e-01, 1.68695044e+03, 3.71317017e+02,
       3.67153794e-01, 1.68400452e+03, 3.74300201e+02, 3.44367981e-01,
       1.66636060e+03, 4.39022339e+02, 2.27131739e-01, 0., 0., 0., 0.,
       0., 0., 1.57809094e+03, 3.65461548e+02, 3.78975302e-01 ]
