%YAML:1.0
---
pose_0: !!opencv-matrix
   rows: 1
   cols: 25
   dt: "3f"
   data: [ 8.30516541e+02, 4.56646545e+02, 7.60109305e-01,
       9.10013000e+02, 3.68440735e+02, 3.76696825e-01, 9.57062378e+02,
       4.33101379e+02, 2.93421209e-01, 1.07485095e+03, 4.71436920e+02,
       6.73908532e-01, 1.16300330e+03, 5.53793640e+02, 7.38779247e-01,
       8.80559631e+02, 3.68418976e+02, 5.35062969e-01, 8.80461060e+02,
       5.03825195e+02, 6.60014629e-01, 8.53990784e+02, 6.18544861e+02,
       6.29277468e-01, 1.18961401e+03, 3.88981415e+02, 5.29669583e-01,
       1.18667261e+03, 4.36173889e+02, 5.99582195e-01, 1.34850452e+03,
       5.74520569e+02, 8.29565585e-01, 1.52510522e+03, 5.86224915e+02,
       6.08233690e-01, 1.19257471e+03, 3.41845917e+02, 5.19760907e-01,
       1.43971411e+03, 2.77178619e+02, 5.82068026e-01, 1.58393506e+03,
       1.32966187e+02, 4.49340016e-01, 0., 0., 0., 8.12944458e+02,
       4.44908691e+02, 7.53867149e-01, 0., 0., 0., 8.15869629e+02,
       4.03737671e+02, 6.17043734e-01, 1.61043469e+03, 8.58113022e+01,
       1.86029002e-01, 1.60456592e+03, 8.59253540e+01, 2.04682082e-01,
       1.58986658e+03, 1.06469215e+02, 2.76387036e-01, 1.49274707e+03,
       6.65650391e+02, 5.40140390e-01, 1.48682861e+03, 6.51045715e+02,
       4.84589756e-01, 1.56039490e+03, 5.74420959e+02, 5.25753081e-01 ]
