%YAML:1.0
---
pose_0: !!opencv-matrix
   rows: 1
   cols: 25
   dt: "3f"
   data: [ 5.56749878e+02, 5.27323792e+02, 7.49590039e-01,
       6.24432617e+02, 5.68513672e+02, 4.97756422e-01, 5.68532532e+02,
       6.15590454e+02, 4.12657976e-01, 5.06636017e+02, 5.94994934e+02,
       2.12042779e-01, 5.03842987e+02, 5.27394531e+02, 7.04149231e-02,
       6.86236450e+02, 5.06811981e+02, 3.73622596e-01, 8.54032837e+02,
       4.56742218e+02, 7.74339616e-01, 6.95140991e+02, 5.53753662e+02,
       7.55949020e-01, 1.02478003e+03, 5.71454224e+02, 3.09967101e-01,
       1.02177728e+03, 6.24445801e+02, 2.90621638e-01, 1.39557068e+03,
       6.42075928e+02, 1.69872135e-01, 1.64868433e+03, 5.83267822e+02,
       3.16441923e-01, 1.04237012e+03, 5.06674683e+02, 3.12461793e-01,
       1.28372815e+03, 5.09685883e+02, 3.83422047e-01, 1.49863647e+03,
       4.74336151e+02, 4.21389937e-01, 5.30266479e+02, 5.39137024e+02,
       7.15408921e-01, 5.50830994e+02, 5.06705811e+02, 7.40354776e-01,
       5.39082275e+02, 5.74492859e+02, 2.58553028e-01, 5.74486450e+02,
       4.94967560e+02, 1.09505333e-01, 1.51039832e+03, 5.27472107e+02,
       5.30119613e-02, 0., 0., 0., 1.51922131e+03, 4.56626709e+02,
       1.88384965e-01, 1.74875623e+03, 6.12692993e+02, 5.84972873e-02,
       0., 0., 0., 1.66638354e+03, 5.74478638e+02, 2.09544554e-01 ]
