%YAML:1.0
---
pose_0: !!opencv-matrix
   rows: 1
   cols: 25
   dt: "3f"
   data: [ 6.33277344e+02, 5.09700378e+02, 1.90959901e-01,
       7.15745239e+02, 4.18465668e+02, 4.57306623e-01, 6.71596191e+02,
       4.77300293e+02, 1.59251288e-01, 5.53817078e+02, 4.94995239e+02,
       2.75574416e-01, 0., 0., 0., 7.53987610e+02, 3.50763367e+02,
       4.95509535e-01, 8.95277161e+02, 2.65406708e+02, 6.47387862e-01,
       1.02175598e+03, 1.62355484e+02, 7.79096603e-01, 1.07178870e+03,
       5.39071472e+02, 5.30138254e-01, 1.04823950e+03, 6.00840698e+02,
       5.46796978e-01, 1.31021790e+03, 6.24423401e+02, 5.24820507e-01,
       1.68996387e+03, 6.39140564e+02, 5.06867826e-01, 1.09537305e+03,
       4.77251251e+02, 4.52886313e-01, 1.38094580e+03, 5.12609619e+02,
       5.79923630e-01, 1.63398376e+03, 4.62674713e+02, 5.83658397e-01,
       6.18545471e+02, 5.09738922e+02, 1.18135154e-01, 6.27474182e+02,
       5.00773621e+02, 1.53883606e-01, 0., 0., 0., 6.68557007e+02,
       4.42023651e+02, 2.01514989e-01, 1.72514514e+03, 4.30238831e+02,
       4.78067011e-01, 1.71643005e+03, 4.27288055e+02, 4.81440008e-01,
       1.65461670e+03, 4.77265076e+02, 2.22615629e-01, 1.80469958e+03,
       6.03846008e+02, 1.75804332e-01, 1.79585376e+03, 6.21536072e+02,
       1.34552032e-01, 1.70762561e+03, 6.30345825e+02, 2.52407879e-01 ]
