%YAML:1.0
---
pose_0: !!opencv-matrix
   rows: 1
   cols: 25
   dt: "3f"
   data: [ 7.33396301e+02, 5.30440369e+02, 7.69120276e-01,
       8.12930542e+02, 4.77284882e+02, 5.46129704e-01, 7.98152405e+02,
       5.00826569e+02, 4.20325696e-01, 8.71682312e+02, 5.77453979e+02,
       8.02587867e-02, 8.77520142e+02, 5.80287659e+02, 1.18737921e-01,
       8.33331543e+02, 4.59583649e+02, 7.24560320e-01, 9.74566162e+02,
       5.06884583e+02, 8.50455880e-01, 8.36456055e+02, 5.59720215e+02,
       7.93256700e-01, 1.08067139e+03, 4.68469147e+02, 3.00390095e-01,
       1.05124646e+03, 5.03724915e+02, 1.77783445e-01, 1.23963049e+03,
       4.62581451e+02, 8.59722495e-02, 0., 0., 0., 0., 0., 0., 0., 0.,
       0., 0., 0., 0., 7.18547791e+02, 5.27462952e+02, 5.49655892e-02,
       7.21633484e+02, 5.18518188e+02, 7.42832720e-01, 0., 0., 0.,
       7.45162109e+02, 4.74399506e+02, 6.37674868e-01, 0., 0., 0., 0.,
       0., 0., 0., 0., 0., 0., 0., 0., 0., 0., 0., 0., 0., 0. ]
