%YAML:1.0
---
pose_0: !!opencv-matrix
   rows: 1
   cols: 25
   dt: "3f"
   data: [ 6.30369995e+02, 3.68484344e+02, 8.30692112e-01,
       7.86289124e+02, 3.85993958e+02, 6.72809839e-01, 7.95146362e+02,
       4.83106903e+02, 6.52838647e-01, 9.54059204e+02, 5.09741882e+02,
       7.51334906e-01, 1.10424255e+03, 5.53941650e+02, 8.09840143e-01,
       7.89179199e+02, 2.80116089e+02, 6.46993220e-01, 9.74801941e+02,
       2.27140976e+02, 7.56171405e-01, 1.11296484e+03, 1.91787994e+02,
       7.82362282e-01, 1.10127466e+03, 3.39039246e+02, 4.88585174e-01,
       1.09541968e+03, 4.00752350e+02, 5.11814594e-01, 1.33092578e+03,
       4.06697754e+02, 4.76015508e-01, 1.63992249e+03, 3.65479706e+02,
       4.64957178e-01, 1.10425195e+03, 2.77202820e+02, 4.41225529e-01,
       1.35736072e+03, 2.91976440e+02, 7.26992846e-01, 1.52806860e+03,
       2.94801270e+02, 5.17284453e-01, 6.18624817e+02, 3.89067627e+02,
       8.39884400e-01, 6.21530945e+02, 3.53686646e+02, 8.66461337e-01,
       6.42117981e+02, 4.12665680e+02, 3.15651029e-01, 6.47919983e+02,
       3.24205261e+02, 4.47201043e-01, 1.61340955e+03, 2.74203674e+02,
       4.09551084e-01, 1.60753564e+03, 2.68408234e+02, 4.16598529e-01,
       1.56330115e+03, 3.09474640e+02, 2.81113237e-01, 1.76354321e+03,
       3.18324646e+02, 2.17962787e-01, 1.75765515e+03, 3.30162964e+02,
       1.66907772e-01, 1.66046130e+03, 3.59599731e+02, 2.29280844e-01 ]
