%YAML:1.0
---
pose_0: !!opencv-matrix
   rows: 1
   cols: 25
   dt: "3f"
   data: [ 7.21562317e+02, 4.83366821e+02, 8.23705614e-01,
       8.12933044e+02, 4.27231232e+02, 3.77700388e-01, 7.92265869e+02,
       4.50847992e+02, 2.43835300e-01, 0., 0., 0., 0., 0., 0.,
       8.33526978e+02, 4.09481720e+02, 6.61596000e-01, 9.30615967e+02,
       5.27378174e+02, 8.47737670e-01, 7.89378235e+02, 5.30439087e+02,
       8.14105749e-01, 1.09830884e+03, 4.12530029e+02, 4.09567863e-01,
       1.11007129e+03, 3.86062317e+02, 3.12355191e-01, 1.21897498e+03,
       4.53732574e+02, 1.52062833e-01, 0., 0., 0., 1.09537646e+03,
       4.39028320e+02, 3.12499464e-01, 1.34257690e+03, 4.83145905e+02,
       4.50396925e-01, 1.61046338e+03, 4.15541351e+02, 4.42149460e-01,
       7.09813965e+02, 4.86102966e+02, 1.70627311e-01, 7.15582153e+02,
       4.65504364e+02, 8.05067897e-01, 0., 0., 0., 7.36261902e+02,
       4.18496826e+02, 6.42339647e-01, 1.67812378e+03, 3.65398926e+02,
       3.92896146e-01, 1.67812134e+03, 3.65464905e+02, 3.57230604e-01,
       1.63695874e+03, 4.30233398e+02, 1.82473645e-01, 0., 0., 0., 0.,
       0., 0., 0., 0., 0. ]
