%YAML:1.0
---
pose_0: !!opencv-matrix
   rows: 1
   cols: 25
   dt: "3f"
   data: [ 6.44985413e+02, 6.21530396e+02, 8.17024708e-01,
       7.62840942e+02, 5.95018250e+02, 5.64467192e-01, 7.95205383e+02,
       6.68544739e+02, 4.08083141e-01, 9.54041260e+02, 7.51064331e+02,
       8.07911932e-01, 8.27553223e+02, 7.21610352e+02, 7.96174645e-01,
       7.39219299e+02, 5.30405884e+02, 5.62561810e-01, 9.30606262e+02,
       4.53691925e+02, 7.95998812e-01, 7.89378967e+02, 4.65601166e+02,
       8.31904233e-01, 1.10715063e+03, 5.95060608e+02, 5.74176133e-01,
       1.09252893e+03, 6.45124939e+02, 6.09999895e-01, 1.33077075e+03,
       7.59864319e+02, 8.00138116e-01, 1.55456799e+03, 7.36229919e+02,
       5.69286704e-01, 1.11599170e+03, 5.33189026e+02, 4.97982800e-01,
       1.36613916e+03, 5.47880310e+02, 6.15148842e-01, 1.63692505e+03,
       5.24337830e+02, 5.43324053e-01, 6.24381042e+02, 6.39175659e+02,
       7.84024954e-01, 6.21628052e+02, 5.98057556e+02, 8.32683682e-01,
       6.45127686e+02, 6.50984985e+02, 1.14055626e-01, 6.42137756e+02,
       5.62637085e+02, 5.40338218e-01, 1.71642834e+03, 4.89101624e+02,
       4.49508667e-01, 1.70765186e+03, 4.86212952e+02, 5.17199457e-01,
       1.68401477e+03, 5.33188049e+02, 2.12808043e-01, 1.65760803e+03,
       7.89306580e+02, 3.39662582e-01, 1.65463086e+03, 7.89267395e+02,
       3.33683074e-01, 1.58397559e+03, 7.15716309e+02, 4.53037292e-01 ]
