%YAML:1.0
---
pose_0: !!opencv-matrix
   rows: 1
   cols: 25
   dt: "3f"
   data: [ 4.36195953e+02, 6.45068970e+02, 6.62269056e-01,
       5.65590942e+02, 5.83240723e+02, 2.51039624e-01, 5.56781128e+02,
       6.74517944e+02, 1.40285134e-01, 6.77457031e+02, 7.56895569e+02,
       7.92538151e-02, 6.62724365e+02, 7.86305847e+02, 5.97684160e-02,
       5.92126587e+02, 5.03881104e+02, 5.04212499e-01, 7.42204590e+02,
       5.53824768e+02, 6.14184678e-01, 6.89193054e+02, 7.62864014e+02,
       5.01835704e-01, 1.04534558e+03, 6.42136902e+02, 1.74467564e-01,
       1.02474133e+03, 7.15678162e+02, 1.43115878e-01, 0., 0., 0., 0.,
       0., 0., 1.06009070e+03, 6.00864868e+02, 2.91523725e-01,
       1.35732495e+03, 6.77484253e+02, 1.46965235e-01, 1.76058362e+03,
       6.98068665e+02, 1.05965048e-01, 4.12594330e+02, 6.53935608e+02,
       5.29248059e-01, 4.12456360e+02, 6.18584473e+02, 6.82682216e-01,
       4.41963440e+02, 6.77487122e+02, 7.12274313e-02, 4.15483917e+02,
       5.74468079e+02, 4.10218000e-01, 0., 0., 0., 0., 0., 0., 0., 0.,
       0., 0., 0., 0., 0., 0., 0., 0., 0., 0. ]
