%YAML:1.0
---
pose_0: !!opencv-matrix
   rows: 1
   cols: 25
   dt: "3f"
   data: [ 7.27487488e+02, 5.65608459e+02, 8.04452777e-01,
       8.56937988e+02, 5.74511047e+02, 6.63226426e-01, 8.57014465e+02,
       6.42073975e+02, 4.84828353e-01, 9.74658997e+02, 6.65680603e+02,
       2.04348177e-01, 0., 0., 0., 8.59920349e+02, 5.03847870e+02,
       6.21519983e-01, 1.01001349e+03, 4.77331390e+02, 7.27456570e-01,
       1.12774060e+03, 4.59599731e+02, 7.03220904e-01, 1.11604321e+03,
       5.92045044e+02, 5.74240863e-01, 1.11590601e+03, 6.36278870e+02,
       5.74733973e-01, 1.32201575e+03, 6.45085449e+02, 3.03987592e-01,
       1.57218359e+03, 6.15618958e+02, 2.22317696e-01, 1.11892944e+03,
       5.33255005e+02, 5.76064646e-01, 1.30427368e+03, 5.83245911e+02,
       6.32497549e-01, 1.58695959e+03, 6.03860840e+02, 4.84216183e-01,
       7.15587280e+02, 5.77467712e+02, 8.67193520e-01, 7.18599731e+02,
       5.47982300e+02, 8.78559530e-01, 7.27524292e+02, 6.00994873e+02,
       3.18045259e-01, 7.42224854e+02, 5.27285278e+02, 6.38102651e-01,
       1.67523071e+03, 5.68573547e+02, 3.54614526e-01, 1.66639673e+03,
       5.65649963e+02, 3.69089007e-01, 1.61343091e+03, 6.39209778e+02,
       2.51549214e-01, 0., 0., 0., 0., 0., 0., 0., 0., 0. ]
