%YAML:1.0
---
pose_0: !!opencv-matrix
   rows: 1
   cols: 25
   dt: "3f"
   data: [ 7.09844482e+02, 3.91982239e+02, 8.46653700e-01,
       8.06909119e+02, 3.77271362e+02, 7.10417747e-01, 7.89335327e+02,
       4.39056610e+02, 5.09244204e-01, 7.86411621e+02, 5.47877991e+02,
       2.60978401e-01, 0., 0., 0., 8.10011963e+02, 3.18369110e+02,
       7.86314130e-01, 8.39326355e+02, 3.71365997e+02, 7.25395620e-01,
       7.68661316e+02, 4.83308044e+02, 7.68598735e-01, 1.11887781e+03,
       4.21357300e+02, 5.15861094e-01, 1.11009436e+03, 4.77260864e+02,
       5.36100984e-01, 1.33673950e+03, 5.06851135e+02, 7.15083599e-01,
       1.63991284e+03, 5.59676514e+02, 3.88200849e-01, 1.12188354e+03,
       3.62552338e+02, 4.90470380e-01, 1.36908936e+03, 3.53733215e+02,
       5.17761111e-01, 1.54577283e+03, 3.12406769e+02, 5.01752019e-01,
       6.92041077e+02, 4.09690369e+02, 8.59063983e-01, 6.95166565e+02,
       3.71391724e+02, 8.30856621e-01, 7.12667969e+02, 4.36005127e+02,
       4.30118918e-01, 7.18559570e+02, 3.42007141e+02, 6.18956983e-01,
       1.63394800e+03, 2.71311493e+02, 4.71051037e-01, 1.63101550e+03,
       2.71214569e+02, 4.80611444e-01, 1.57218335e+03, 3.00759216e+02,
       2.09765971e-01, 0., 0., 0., 0., 0., 0., 1.74583130e+03,
       5.86223694e+02, 1.62595734e-01 ]
