%YAML:1.0
---
pose_0: !!opencv-matrix
   rows: 1
   cols: 25
   dt: "3f"
   data: [ 7.36306580e+02, 5.06633514e+02, 8.90381634e-01,
       8.53976624e+02, 5.30391968e+02, 7.28545249e-01, 8.45269104e+02,
       6.01004517e+02, 6.71130061e-01, 9.77776672e+02, 6.47897705e+02,
       7.86302209e-01, 1.11591455e+03, 6.71565979e+02, 8.64234865e-01,
       8.57089905e+02, 4.62666199e+02, 7.23919988e-01, 1.00111151e+03,
       4.39052734e+02, 8.25232804e-01, 9.95307312e+02, 3.88991241e+02,
       8.09062123e-01, 1.11304163e+03, 5.30328369e+02, 5.92644632e-01,
       1.10425696e+03, 5.77440857e+02, 6.22637689e-01, 1.32489685e+03,
       5.56888062e+02, 5.77209592e-01, 1.53979883e+03, 5.59694824e+02,
       5.72798967e-01, 1.11301941e+03, 4.80239258e+02, 6.23235583e-01,
       1.31020667e+03, 4.86188232e+02, 6.56703830e-01, 1.57807080e+03,
       4.83188812e+02, 4.32223946e-01, 7.15808411e+02, 5.24338562e+02,
       8.45909715e-01, 7.24509094e+02, 4.86074341e+02, 8.38756084e-01,
       7.36251648e+02, 5.50999207e+02, 6.99996591e-01, 7.51046448e+02,
       4.65518890e+02, 6.40250087e-01, 1.66634045e+03, 4.44964111e+02,
       4.07298625e-01, 1.66050354e+03, 4.42036011e+02, 4.25071716e-01,
       1.58983826e+03, 5.06756653e+02, 2.50681967e-01, 1.61054773e+03,
       5.77379700e+02, 2.16773987e-01, 1.60457385e+03, 5.80373840e+02,
       2.18440220e-01, 1.56923865e+03, 5.53750793e+02, 2.99476296e-01 ]
