%YAML:1.0
---
pose_0: !!opencv-matrix
   rows: 1
   cols: 25
   dt: "3f"
   data: [ 7.65886902e+02, 4.33019165e+02, 8.56770754e-01,
       8.74646118e+02, 4.12593567e+02, 7.44259298e-01, 8.77581360e+02,
       4.80261505e+02, 6.96701825e-01, 9.83523438e+02, 5.09757294e+02,
       7.07596004e-01, 9.09944763e+02, 4.59688965e+02, 3.34479332e-01,
       8.65859558e+02, 3.53705933e+02, 6.37466729e-01, 1.01880481e+03,
       3.09482758e+02, 7.93840408e-01, 9.03984924e+02, 3.21321075e+02,
       7.76179254e-01, 1.12772009e+03, 4.50796112e+02, 5.69286466e-01,
       1.11604260e+03, 5.00782257e+02, 6.19146943e-01, 1.31315967e+03,
       5.33277283e+02, 6.56587124e-01, 1.51920361e+03, 5.56767273e+02,
       5.62055290e-01, 1.13660132e+03, 3.89095520e+02, 6.10769391e-01,
       1.35434668e+03, 4.09567322e+02, 6.20287597e-01, 1.55747180e+03,
       4.18501038e+02, 5.73063493e-01, 7.56908264e+02, 4.39123077e+02,
       7.78544903e-01, 7.59765015e+02, 4.09725708e+02, 8.29784751e-01,
       7.80479858e+02, 4.56532623e+02, 7.26840049e-02, 7.71633301e+02,
       3.77255096e+02, 5.97671270e-01, 1.63100891e+03, 3.94895935e+02,
       4.64482039e-01, 1.62222852e+03, 3.91958618e+02, 4.96757597e-01,
       1.59276074e+03, 4.30237305e+02, 2.56148040e-01, 1.56629736e+03,
       5.12703552e+02, 3.23124766e-01, 1.55750549e+03, 5.30202576e+02,
       2.52587438e-01, 1.56627356e+03, 5.56823792e+02, 3.15519899e-01 ]
