%YAML:1.0
---
pose_0: !!opencv-matrix
   rows: 1
   cols: 25
   dt: "3f"
   data: [ 7.62790710e+02, 4.83084290e+02, 8.55261862e-01,
       8.86410339e+02, 4.62660248e+02, 7.34448731e-01, 9.07005188e+02,
       5.50802856e+02, 6.06951237e-01, 1.03070129e+03, 6.00832581e+02,
       8.47218335e-01, 9.54068359e+02, 5.56863037e+02, 8.21966290e-01,
       8.74588440e+02, 3.89030487e+02, 6.99305058e-01, 9.54093506e+02,
       3.30173218e+02, 7.63231754e-01, 1.02474255e+03, 3.24289612e+02,
       8.20363879e-01, 1.16897546e+03, 5.06747559e+02, 5.88524103e-01,
       1.16300867e+03, 5.53925598e+02, 5.90067446e-01, 1.33377344e+03,
       5.56756470e+02, 2.84391046e-01, 1.51334766e+03, 5.50893799e+02,
       4.60218906e-01, 1.18072937e+03, 4.56585297e+02, 5.51813066e-01,
       1.37493274e+03, 5.06681732e+02, 6.66990399e-01, 1.58100635e+03,
       4.59591248e+02, 4.96207088e-01, 7.42309692e+02, 4.97932983e+02,
       7.91607499e-01, 7.45175171e+02, 4.59574432e+02, 8.41718376e-01,
       7.65754639e+02, 5.12596802e+02, 1.41085014e-01, 7.65864380e+02,
       4.33085358e+02, 5.90401113e-01, 1.64870593e+03, 4.24290009e+02,
       1.27251238e-01, 1.63997485e+03, 4.30199310e+02, 1.63513616e-01,
       1.62809436e+03, 4.53703735e+02, 2.02656105e-01, 1.51039575e+03,
       6.24577209e+02, 1.38140738e-01, 1.49574963e+03, 6.18545349e+02,
       1.42051980e-01, 1.54272949e+03, 5.42091614e+02, 3.12803298e-01 ]
