%YAML:1.0
---
pose_0: !!opencv-matrix
   rows: 1
   cols: 25
   dt: "3f"
   data: [ 7.06933655e+02, 5.03746704e+02, 8.05015683e-01,
       8.48123169e+02, 4.77206970e+02, 6.57581210e-01, 8.51090881e+02,
       5.74465515e+02, 5.98649740e-01, 9.83561768e+02, 6.33319763e+02,
       4.81720299e-01, 1.11013843e+03, 6.95212585e+02, 6.35554433e-01,
       8.54054504e+02, 3.77202789e+02, 5.86594582e-01, 1.01298279e+03,
       3.38962616e+02, 6.93558574e-01, 1.14541492e+03, 2.94930756e+02,
       8.09474349e-01, 1.14247852e+03, 5.27402222e+02, 6.00266516e-01,
       1.13360693e+03, 5.80329651e+02, 5.70821702e-01, 1.21318372e+03,
       6.36251709e+02, 2.36895993e-01, 0., 0., 0., 1.15130872e+03,
       4.74305603e+02, 5.55674195e-01, 1.35733643e+03, 5.06721802e+02,
       7.09455669e-01, 1.61040918e+03, 4.92056702e+02, 4.85323340e-01,
       6.86323669e+02, 5.09755676e+02, 7.04635501e-01, 6.89269775e+02,
       4.80098877e+02, 7.85107911e-01, 0., 0., 0., 7.06876648e+02,
       4.33053772e+02, 5.42581677e-01, 1.69001367e+03, 4.65575684e+02,
       2.02168405e-01, 1.68409985e+03, 4.62664093e+02, 2.33086914e-01,
       1.62516968e+03, 4.83137878e+02, 2.78660804e-01, 0., 0., 0., 0.,
       0., 0., 0., 0., 0. ]
