%YAML:1.0
---
pose_0: !!opencv-matrix
   rows: 1
   cols: 25
   dt: "3f"
   data: [ 7.18779419e+02, 3.42025208e+02, 8.29719901e-01,
       8.57075012e+02, 3.38837341e+02, 7.45330572e-01, 8.60058777e+02,
       4.27196838e+02, 6.79877698e-01, 9.98219421e+02, 4.62623871e+02,
       6.97466671e-01, 1.08661023e+03, 5.30175232e+02, 7.90529847e-01,
       8.59838318e+02, 2.47699860e+02, 6.57827258e-01, 9.98238770e+02,
       1.85954712e+02, 7.51514435e-01, 1.09539673e+03, 1.50489120e+02,
       8.64936233e-01, 1.12482495e+03, 3.41883850e+02, 5.47116041e-01,
       1.11889526e+03, 3.88980774e+02, 5.83414555e-01, 1.30426208e+03,
       4.12432617e+02, 7.61593163e-01, 1.58985596e+03, 4.09494476e+02,
       5.51658571e-01, 1.13070569e+03, 2.88971375e+02, 4.75187659e-01,
       1.35444495e+03, 2.85944550e+02, 5.44598758e-01, 1.57220813e+03,
       3.03652588e+02, 5.65885663e-01, 7.03946167e+02, 3.59622772e+02,
       7.50672102e-01, 7.09776672e+02, 3.21328705e+02, 7.89115965e-01,
       7.21565247e+02, 3.71344696e+02, 9.03529599e-02, 7.24606018e+02,
       2.91902130e+02, 5.50987780e-01, 1.63396008e+03, 2.53622299e+02,
       4.06733096e-01, 1.62814233e+03, 2.56581390e+02, 4.58373904e-01,
       1.60748438e+03, 3.18399780e+02, 3.00581813e-01, 1.67226941e+03,
       3.56657440e+02, 3.86041313e-01, 1.66054236e+03, 3.74262360e+02,
       3.61162335e-01, 1.61633069e+03, 4.12471039e+02, 2.97717184e-01 ]
