%YAML:1.0
---
pose_0: !!opencv-matrix
   rows: 1
   cols: 25
   dt: "3f"
   data: [ 6.45153137e+02, 6.18600098e+02, 7.10539520e-02,
       7.42228210e+02, 5.59735046e+02, 3.27122182e-01, 7.51049072e+02,
       5.06714386e+02, 1.78998187e-01, 0., 0., 0., 0., 0., 0.,
       7.39251221e+02, 6.03937439e+02, 6.62415504e-01, 8.95278625e+02,
       6.71560303e+02, 7.15312302e-01, 1.07476550e+03, 6.86314941e+02,
       6.42057300e-01, 1.08949487e+03, 5.36161133e+02, 2.58183897e-01,
       1.08361658e+03, 5.27266113e+02, 2.35134691e-01, 1.33083789e+03,
       5.47979431e+02, 6.40002131e-01, 1.54284485e+03, 6.21532654e+02,
       1.84738100e-01, 1.11598462e+03, 5.33216675e+02, 2.16970921e-01,
       1.35732300e+03, 5.27368225e+02, 4.68106002e-01, 1.56038684e+03,
       5.71428528e+02, 5.36357760e-01, 0., 0., 0., 6.42078308e+02,
       6.01022888e+02, 5.28781861e-02, 0., 0., 0., 6.48041382e+02,
       5.89123596e+02, 2.85137981e-01, 1.62521899e+03, 4.97921265e+02,
       4.24128264e-01, 1.61637610e+03, 5.03726715e+02, 4.17751133e-01,
       1.58097864e+03, 5.80349915e+02, 3.05839509e-01, 0., 0., 0., 0.,
       0., 0., 0., 0., 0. ]
