%YAML:1.0
---
pose_0: !!opencv-matrix
   rows: 1
   cols: 25
   dt: "3f"
   data: [ 7.71662842e+02, 4.36010590e+02, 8.84232879e-01,
       8.57012207e+02, 4.71380493e+02, 7.28936672e-01, 8.59898438e+02,
       5.30264343e+02, 5.64680219e-01, 9.59988586e+02, 6.53898071e+02,
       8.07360828e-01, 8.62835632e+02, 6.92181702e+02, 8.96176696e-01,
       8.56926086e+02, 4.12468811e+02, 7.76999295e-01, 9.27579529e+02,
       4.83155304e+02, 9.10342455e-01, 8.15779724e+02, 5.65563843e+02,
       7.87281454e-01, 1.11308423e+03, 4.47903595e+02, 5.07932425e-01,
       1.11892261e+03, 4.92062164e+02, 5.13800740e-01, 1.33077075e+03,
       4.86105072e+02, 7.76817739e-01, 1.56038904e+03, 5.00900848e+02,
       6.65585756e-01, 1.11011902e+03, 3.94893005e+02, 4.93097484e-01,
       1.32781079e+03, 3.00738495e+02, 6.44259334e-01, 1.53973401e+03,
       1.94738113e+02, 4.98833060e-01, 7.56927917e+02, 4.47902710e+02,
       8.40855837e-01, 7.65730103e+02, 4.12675659e+02, 8.84341836e-01,
       7.65674316e+02, 4.77366028e+02, 6.88927412e-01, 7.86237000e+02,
       4.03649078e+02, 3.31223428e-01, 1.61339441e+03, 1.47664627e+02,
       3.96125913e-01, 1.61344495e+03, 1.50543442e+02, 3.12202454e-01,
       1.53983203e+03, 1.85946381e+02, 2.25273862e-01, 1.62520374e+03,
       5.15564514e+02, 4.37799066e-01, 1.61933911e+03, 5.18542175e+02,
       4.68355238e-01, 1.58685168e+03, 4.83200714e+02, 3.80050272e-01 ]
