%YAML:1.0
---
pose_0: !!opencv-matrix
   rows: 1
   cols: 25
   dt: "3f"
   data: [ 7.48079651e+02, 4.06694672e+02, 4.63139981e-01,
       8.12934692e+02, 3.68387115e+02, 2.30191484e-01, 8.04036377e+02,
       4.03751740e+02, 1.10553943e-01, 0., 0., 0., 0., 0., 0.,
       8.36397034e+02, 3.41844666e+02, 3.68723959e-01, 9.71803040e+02,
       3.53670227e+02, 6.47116482e-01, 9.54194214e+02, 4.97878754e+02,
       7.50505805e-01, 1.14545850e+03, 4.09610291e+02, 3.47130269e-01,
       1.14546814e+03, 4.53785980e+02, 3.29255193e-01, 1.33385876e+03,
       5.53922119e+02, 7.45445311e-01, 1.56040625e+03, 5.56728210e+02,
       6.93779290e-01, 1.15132751e+03, 3.62493835e+02, 2.60443956e-01,
       1.37793079e+03, 2.94909363e+02, 3.41716051e-01, 1.54272961e+03,
       1.74158005e+02, 2.39155814e-01, 7.33322632e+02, 4.09702454e+02,
       3.71091276e-01, 7.39285767e+02, 3.85987000e+02, 4.68251497e-01,
       0., 0., 0., 7.62814392e+02, 3.56615753e+02, 3.10339481e-01,
       1.60751868e+03, 1.32910690e+02, 1.05005659e-01, 1.60452991e+03,
       1.32929260e+02, 1.00628734e-01, 1.54572571e+03, 1.74209671e+02,
       1.62100539e-01, 1.58980859e+03, 6.24591736e+02, 3.64553928e-01,
       1.58394995e+03, 6.21568481e+02, 3.45074892e-01, 1.58391431e+03,
       5.44940125e+02, 5.26203632e-01 ]
