%YAML:1.0
---
pose_0: !!opencv-matrix
   rows: 1
   cols: 25
   dt: "3f"
   data: [ 5.12703491e+02, 5.68540344e+02, 7.74402618e-01,
       6.24570007e+02, 5.68530640e+02, 6.68831825e-01, 6.18579895e+02,
       6.45116760e+02, 3.90166759e-01, 7.15692871e+02, 7.71682068e+02,
       6.84072256e-01, 6.21470764e+02, 7.62857910e+02, 7.67249882e-01,
       6.50916809e+02, 4.80148499e+02, 6.50443375e-01, 6.65700745e+02,
       5.39153320e+02, 6.83198154e-01, 4.86147095e+02, 6.86295288e+02,
       5.19972563e-01, 1.04241321e+03, 6.03863037e+02, 3.57709676e-01,
       1.03948425e+03, 6.74525024e+02, 3.65800798e-01, 1.16012634e+03,
       8.04012939e+02, 1.34698987e-01, 0., 0., 0., 1.04533167e+03,
       5.36207947e+02, 3.34233969e-01, 1.34262231e+03, 6.03961304e+02,
       3.43930185e-01, 1.58992102e+03, 6.21476746e+02, 3.71513963e-01,
       4.89097260e+02, 5.77460938e+02, 7.87105143e-01, 5.06745697e+02,
       5.36211121e+02, 8.42694104e-01, 5.09632721e+02, 6.06822510e+02,
       4.36437100e-01, 5.50939758e+02, 5.06648590e+02, 6.07835174e-01,
       1.70460388e+03, 5.30293579e+02, 1.11197084e-01, 1.70169287e+03,
       5.30312195e+02, 9.62582007e-02, 1.61345056e+03, 6.39179565e+02,
       1.58172503e-01, 0., 0., 0., 0., 0., 0., 0., 0., 0. ]
