%YAML:1.0
---
pose_0: !!opencv-matrix
   rows: 1
   cols: 25
   dt: "3f"
   data: [ 7.86274353e+02, 5.09765594e+02, 8.49499106e-01,
       8.92348816e+02, 5.24377258e+02, 6.28943741e-01, 9.04032288e+02,
       5.89174194e+02, 6.18005753e-01, 1.00120245e+03, 6.21556396e+02,
       4.49167460e-01, 1.03060144e+03, 6.21494934e+02, 2.23622546e-01,
       8.95234863e+02, 4.62583893e+02, 5.44149876e-01, 1.02771387e+03,
       4.15514893e+02, 8.12084436e-01, 9.48273132e+02, 3.85924164e+02,
       8.10674846e-01, 1.14245862e+03, 5.27277405e+02, 5.85035205e-01,
       1.13960376e+03, 5.74300781e+02, 6.32655799e-01, 1.34851416e+03,
       6.15590088e+02, 5.76894999e-01, 1.52217969e+03, 6.42115784e+02,
       4.87092406e-01, 1.13958325e+03, 4.74374359e+02, 5.50069571e-01,
       1.35732068e+03, 4.77272064e+02, 6.94392562e-01, 1.55157104e+03,
       4.42016144e+02, 6.54637635e-01, 7.68705688e+02, 5.27389771e+02,
       8.11115265e-01, 7.71653809e+02, 4.94990570e+02, 7.73617268e-01,
       7.86349731e+02, 5.50755554e+02, 2.51307756e-01, 7.95242126e+02,
       4.65597107e+02, 5.22194028e-01, 1.61633484e+03, 4.62579315e+02,
       1.90477088e-01, 1.61339990e+03, 4.42022614e+02, 2.48552024e-01,
       1.57217273e+03, 4.21441071e+02, 3.10895145e-01, 1.57805347e+03,
       6.71577087e+02, 1.48510918e-01, 1.56926819e+03, 6.68666321e+02,
       1.72886267e-01, 1.56041089e+03, 6.39169800e+02, 3.24217647e-01 ]
