%YAML:1.0
---
pose_0: !!opencv-matrix
   rows: 1
   cols: 25
   dt: "3f"
   data: [ 0., 0., 0., 8.62861816e+02, 4.80209503e+02, 1.88569218e-01,
       0., 0., 0., 0., 0., 0., 0., 0., 0., 9.01135559e+02,
       4.53803986e+02, 1.09103940e-01, 0., 0., 0., 0., 0., 0.,
       1.14542053e+03, 5.09709778e+02, 3.11554611e-01, 1.12775720e+03,
       5.42016846e+02, 2.51511663e-01, 1.34263428e+03, 4.39102417e+02,
       6.76423192e-01, 1.57222095e+03, 6.21572937e+02, 5.12650013e-01,
       1.15717773e+03, 4.80240204e+02, 2.45570749e-01, 1.35144006e+03,
       4.21381073e+02, 5.30429840e-01, 1.56622327e+03, 5.06750275e+02,
       5.45210958e-01, 0., 0., 0., 0., 0., 0., 0., 0., 0., 0., 0., 0.,
       1.68099011e+03, 5.30332825e+02, 3.38622183e-01, 1.67812683e+03,
       5.30262024e+02, 3.26147437e-01, 1.57516956e+03, 5.30275330e+02,
       2.24359646e-01, 1.63102954e+03, 6.59750061e+02, 2.78799534e-01,
       1.61338391e+03, 6.68597168e+02, 3.57886076e-01, 1.59278455e+03,
       6.48021973e+02, 3.02675754e-01 ]
