%YAML:1.0
---
pose_0: !!opencv-matrix
   rows: 1
   cols: 25
   dt: "3f"
   data: [ 7.01032776e+02, 5.45008179e+02, 2.10806996e-01,
       7.53962646e+02, 4.80297058e+02, 2.50629872e-01, 6.98055603e+02,
       4.80244507e+02, 1.00917548e-01, 0., 0., 0., 0., 0., 0.,
       7.92220459e+02, 4.44946869e+02, 2.68621027e-01, 9.30466431e+02,
       4.12574799e+02, 6.69620752e-01, 1.05709326e+03, 5.30248962e+02,
       7.50389278e-01, 1.05422754e+03, 4.53768372e+02, 1.20347753e-01,
       1.04536499e+03, 5.00857513e+02, 9.76282656e-02, 0., 0., 0., 0.,
       0., 0., 1.07183716e+03, 4.21379639e+02, 1.72473311e-01,
       1.34552209e+03, 5.27252930e+02, 4.56375778e-01, 1.58691736e+03,
       4.30215302e+02, 2.27067351e-01, 0., 0., 0., 6.98016357e+02,
       5.30251343e+02, 2.08331108e-01, 0., 0., 0., 6.98081482e+02,
       4.94968903e+02, 1.70340791e-01, 1.67814111e+03, 3.65495758e+02,
       1.08220629e-01, 0., 0., 0., 1.63103174e+03, 4.59622284e+02,
       1.01214245e-01, 0., 0., 0., 0., 0., 0., 0., 0., 0. ]
