%YAML:1.0
---
pose_0: !!opencv-matrix
   rows: 1
   cols: 25
   dt: "3f"
   data: [ 5.39134033e+02, 6.92225220e+02, 3.27089727e-01,
       6.27476868e+02, 5.74373779e+02, 5.88262916e-01, 6.45094482e+02,
       6.71585938e+02, 2.48640701e-01, 8.62829346e+02, 7.86267578e+02,
       6.77369475e-01, 9.39432129e+02, 9.09943787e+02, 7.10973144e-01,
       6.39174927e+02, 4.65582520e+02, 5.80931246e-01, 7.51038574e+02,
       4.21391754e+02, 1.46015018e-01, 8.56992188e+02, 3.77270782e+02,
       1.55078173e-01, 1.03653308e+03, 6.53925293e+02, 4.35689270e-01,
       1.02174475e+03, 7.24584106e+02, 4.51976180e-01, 1.20428613e+03,
       8.33496887e+02, 1.88280925e-01, 1.38087683e+03, 8.98184753e+02,
       1.41313091e-01, 1.04539600e+03, 5.80353699e+02, 3.61456811e-01,
       1.37799866e+03, 6.71608154e+02, 5.16033053e-01, 1.75178479e+03,
       6.68654724e+02, 3.78805667e-01, 5.15576294e+02, 6.95233276e+02,
       1.09735303e-01, 5.12614258e+02, 6.83320068e+02, 3.93403947e-01,
       0., 0., 0., 5.12684875e+02, 6.21459412e+02, 3.90582800e-01,
       1.82531250e+03, 6.24399231e+02, 1.29024774e-01, 1.82536963e+03,
       6.24533142e+02, 1.41050309e-01, 1.77234412e+03, 6.92161499e+02,
       1.95611447e-01, 0., 0., 0., 0., 0., 0., 1.41326453e+03,
       9.07036194e+02, 7.46482089e-02 ]
