%YAML:1.0
---
pose_0: !!opencv-matrix
   rows: 1
   cols: 25
   dt: "3f"
   data: [ 7.83366089e+02, 5.06841736e+02, 8.80838633e-01,
       8.89315918e+02, 5.21479492e+02, 7.42512405e-01, 8.60014893e+02,
       5.89096619e+02, 6.62144780e-01, 7.95180542e+02, 6.56827820e+02,
       5.65327764e-01, 7.36334106e+02, 7.39338623e+02, 5.85505188e-01,
       9.18831787e+02, 4.47915955e+02, 6.26079738e-01, 1.03360449e+03,
       4.15544861e+02, 4.57601368e-01, 1.07189087e+03, 4.12604065e+02,
       4.71668512e-01, 1.16899817e+03, 5.30237915e+02, 6.10310018e-01,
       1.16598303e+03, 5.77321594e+02, 6.56594574e-01, 1.34259814e+03,
       5.98049561e+02, 6.09400809e-01, 1.53100891e+03, 6.53944275e+02,
       5.58940649e-01, 1.17194812e+03, 4.80244873e+02, 5.89319587e-01,
       1.36025269e+03, 4.80220734e+02, 6.66942894e-01, 1.54268347e+03,
       4.83105316e+02, 7.06786215e-01, 7.65816528e+02, 5.27252258e+02,
       7.98109055e-01, 7.68710449e+02, 4.94937195e+02, 7.94146061e-01,
       7.86252747e+02, 5.50846069e+02, 6.30393267e-01, 7.95200073e+02,
       4.71387787e+02, 5.60941219e-01, 1.60752881e+03, 4.59680023e+02,
       4.72091228e-01, 1.59578540e+03, 4.56723846e+02, 4.93851840e-01,
       1.56342188e+03, 4.80274292e+02, 3.40271503e-01, 1.58992566e+03,
       6.68600098e+02, 5.01624465e-01, 1.58679846e+03, 6.74558472e+02,
       4.45211500e-01, 1.55745972e+03, 6.51020813e+02, 3.42963785e-01 ]
