%YAML:1.0
---
pose_0: !!opencv-matrix
   rows: 1
   cols: 25
   dt: "3f"
   data: [ 0., 0., 0., 8.27529114e+02, 5.15532959e+02, 1.58111930e-01,
       0., 0., 0., 0., 0., 0., 0., 0., 0., 8.33457947e+02,
       5.33186340e+02, 2.47512460e-01, 9.77601257e+02, 5.47856018e+02,
       4.05300468e-01, 1.14540112e+03, 5.36144043e+02, 3.03859115e-01,
       1.21316467e+03, 5.71470520e+02, 3.67691219e-01, 1.21899304e+03,
       5.74447144e+02, 4.20571387e-01, 1.38673706e+03, 4.83301636e+02,
       6.84013188e-01, 1.64872119e+03, 7.12767273e+02, 4.48381275e-01,
       1.21314917e+03, 5.53833557e+02, 2.85153300e-01, 1.39551111e+03,
       4.59571564e+02, 5.68996429e-01, 1.52220300e+03, 5.56856384e+02,
       2.94912666e-01, 0., 0., 0., 0., 0., 0., 0., 0., 0., 0., 0., 0.,
       1.58102124e+03, 5.39080627e+02, 1.38532028e-01, 1.57222913e+03,
       5.33199951e+02, 1.60022438e-01, 1.55746436e+03, 5.62697632e+02,
       1.14354677e-01, 1.70468896e+03, 7.21631409e+02, 1.29323006e-01,
       1.68407361e+03, 7.42113770e+02, 1.59683570e-01, 1.66348608e+03,
       7.42285522e+02, 3.03849608e-01 ]
