%YAML:1.0
---
pose_0: !!opencv-matrix
   rows: 1
   cols: 25
   dt: "3f"
   data: [ 5.89106873e+02, 5.03821655e+02, 3.32028508e-01,
       6.86308594e+02, 4.44936096e+02, 4.35730070e-01, 6.27459229e+02,
       5.30219727e+02, 3.18862170e-01, 5.06820343e+02, 5.06800690e+02,
       2.02691853e-01, 5.21467285e+02, 5.06785706e+02, 5.52134998e-02,
       7.21559021e+02, 3.56605408e+02, 5.91506898e-01, 8.86518738e+02,
       2.88957031e+02, 7.13135898e-01, 1.04824890e+03, 2.00607010e+02,
       7.94083059e-01, 1.05711768e+03, 5.47857056e+02, 4.88892317e-01,
       1.03649414e+03, 6.00965149e+02, 4.72916216e-01, 1.32785266e+03,
       6.21366028e+02, 5.99499583e-01, 1.70462964e+03, 6.18547913e+02,
       5.01346350e-01, 1.07186560e+03, 4.80209045e+02, 4.28216934e-01,
       1.37498718e+03, 5.03744232e+02, 6.14830256e-01, 1.62809595e+03,
       4.62639862e+02, 5.19129753e-01, 5.77288330e+02, 5.06772888e+02,
       2.01509714e-01, 5.74387329e+02, 4.89080017e+02, 2.83458620e-01,
       0., 0., 0., 5.89135864e+02, 4.62560974e+02, 2.13992417e-01,
       1.72519849e+03, 4.18419312e+02, 4.23548818e-01, 1.71932263e+03,
       4.15570221e+02, 4.56085801e-01, 1.63401172e+03, 4.77280609e+02,
       2.60325462e-01, 1.84582727e+03, 5.92052490e+02, 1.73970431e-01,
       1.84004382e+03, 6.00891357e+02, 1.29229397e-01, 1.73996411e+03,
       6.03853210e+02, 1.83941156e-01 ]
