%YAML:1.0
---
pose_0: !!opencv-matrix
   rows: 1
   cols: 25
   dt: "3f"
   data: [ 7.45097656e+02, 3.92054230e+02, 8.67104948e-01,
       8.77589844e+02, 4.12634033e+02, 7.20942557e-01, 8.59824768e+02,
       5.03658997e+02, 8.05973947e-01, 9.89433411e+02, 5.47983948e+02,
       7.25851536e-01, 1.00119391e+03, 5.77254456e+02, 8.79319608e-01,
       8.86432129e+02, 3.38852631e+02, 5.27809620e-01, 1.02471277e+03,
       3.15411011e+02, 8.58814597e-01, 1.05123401e+03, 2.50624573e+02,
       8.50712061e-01, 1.13069434e+03, 4.12538239e+02, 5.28184533e-01,
       1.13656958e+03, 4.59639557e+02, 5.56895792e-01, 1.35444019e+03,
       4.59675140e+02, 7.58087754e-01, 1.54566101e+03, 5.27368713e+02,
       6.93294942e-01, 1.12775427e+03, 3.62426727e+02, 5.25937438e-01,
       1.33076941e+03, 3.21398193e+02, 6.71335340e-01, 1.56924194e+03,
       2.91981628e+02, 6.04308724e-01, 7.33327820e+02, 4.09691681e+02,
       8.18748951e-01, 7.39136292e+02, 3.77220978e+02, 8.52401495e-01,
       7.45102600e+02, 4.35993896e+02, 5.20078242e-01, 7.62728088e+02,
       3.50774231e+02, 5.73266983e-01, 1.63984167e+03, 2.68341766e+02,
       4.75065529e-01, 1.63688257e+03, 2.65383453e+02, 4.98299271e-01,
       1.60454492e+03, 2.94829010e+02, 2.76070446e-01, 1.60753040e+03,
       5.53842896e+02, 5.10709584e-01, 1.58984302e+03, 5.65575684e+02,
       4.94661421e-01, 1.56640002e+03, 5.24336975e+02, 4.58732128e-01 ]
