%YAML:1.0
---
pose_0: !!opencv-matrix
   rows: 1
   cols: 25
   dt: "3f"
   data: [ 6.65631958e+02, 5.06759125e+02, 7.75806010e-01,
       7.95222778e+02, 4.74380219e+02, 5.77578306e-01, 8.21682434e+02,
       5.77339050e+02, 3.27334762e-01, 9.45282715e+02, 6.24412964e+02,
       1.45427600e-01, 0., 0., 0., 7.95173950e+02, 3.83166351e+02,
       6.75687611e-01, 9.30687073e+02, 3.27154419e+02, 7.70074725e-01,
       1.07175195e+03, 2.47849716e+02, 8.30429614e-01, 1.10421899e+03,
       5.06817200e+02, 5.53908408e-01, 1.09234302e+03, 5.62638428e+02,
       5.53592026e-01, 1.30143750e+03, 6.59830627e+02, 6.55641496e-01,
       1.59869702e+03, 6.95209778e+02, 4.70079899e-01, 1.11897180e+03,
       4.50835907e+02, 4.87800598e-01, 1.37799707e+03, 4.80313049e+02,
       6.32180452e-01, 1.63401843e+03, 4.74406738e+02, 5.60292244e-01,
       6.42170776e+02, 5.24409607e+02, 7.31963992e-01, 6.45044983e+02,
       4.83171600e+02, 7.49063432e-01, 6.68539001e+02, 5.36228821e+02,
       8.19480494e-02, 6.65643250e+02, 4.39029755e+02, 4.83857244e-01,
       1.70768396e+03, 4.65520142e+02, 3.46509308e-01, 1.70466882e+03,
       4.56693604e+02, 4.01408464e-01, 1.68403809e+03, 4.83144196e+02,
       2.05964595e-01, 1.67810669e+03, 6.50974548e+02, 1.94728449e-01,
       1.66637549e+03, 6.68550537e+02, 1.40378818e-01, 1.63690723e+03,
       6.95121887e+02, 3.08426976e-01 ]
