%YAML:1.0
---
pose_0: !!opencv-matrix
   rows: 1
   cols: 25
   dt: "3f"
   data: [ 7.33398926e+02, 5.42091553e+02, 6.32153749e-01,
       7.89407593e+02, 4.74387604e+02, 4.97692436e-01, 7.89323364e+02,
       4.62647339e+02, 4.02278095e-01, 9.18791565e+02, 5.59678162e+02,
       9.28549692e-02, 8.56960999e+02, 5.95073792e+02, 1.29845887e-01,
       7.95166565e+02, 4.83201111e+02, 7.21025169e-01, 9.27614868e+02,
       5.53916565e+02, 8.25211585e-01, 8.27537048e+02, 6.09751587e+02,
       7.56192982e-01, 1.09241748e+03, 4.59661926e+02, 3.35655183e-01,
       1.10127637e+03, 4.39047119e+02, 2.09329858e-01, 1.33086194e+03,
       5.06791504e+02, 5.99958658e-01, 1.58103894e+03, 4.36103638e+02,
       4.08504933e-01, 1.09541443e+03, 4.71400391e+02, 2.92678624e-01,
       1.33095618e+03, 5.27283752e+02, 6.04807556e-01, 1.60456396e+03,
       4.36112488e+02, 3.88523132e-01, 0., 0., 0., 7.18791565e+02,
       5.27340393e+02, 7.18866527e-01, 0., 0., 0., 7.39151978e+02,
       4.83245209e+02, 6.73616529e-01, 1.65754236e+03, 3.68464630e+02,
       2.48735949e-01, 1.65755652e+03, 3.74314606e+02, 2.05236569e-01,
       1.63987708e+03, 4.33176392e+02, 1.78038180e-01, 0., 0., 0., 0.,
       0., 0., 0., 0., 0. ]
