%YAML:1.0
---
pose_0: !!opencv-matrix
   rows: 1
   cols: 25
   dt: "3f"
   data: [ 7.68709656e+02, 5.50787537e+02, 7.41627455e-01,
       8.53958496e+02, 4.97890320e+02, 5.03147721e-01, 8.45208740e+02,
       4.86206909e+02, 3.87338847e-01, 1.01301135e+03, 5.36210144e+02,
       1.45460010e-01, 1.06594434e+03, 6.48037415e+02, 2.76253313e-01,
       8.57065491e+02, 5.03901337e+02, 6.61351085e-01, 1.00125787e+03,
       5.30357422e+02, 4.20307636e-01, 1.05126611e+03, 6.24501953e+02,
       4.78400975e-01, 1.16014185e+03, 4.56665192e+02, 3.77401292e-01,
       1.14248022e+03, 4.80210297e+02, 2.07602412e-01, 1.37194873e+03,
       5.33307434e+02, 4.41527665e-01, 1.44267334e+03, 4.77238037e+02,
       6.48915991e-02, 1.16901758e+03, 4.36150177e+02, 3.66615534e-01,
       1.37493054e+03, 5.53737488e+02, 7.04137444e-01, 1.63403821e+03,
       4.21430786e+02, 5.05189717e-01, 0., 0., 0., 7.62825195e+02,
       5.30320496e+02, 7.28385866e-01, 0., 0., 0., 7.83442444e+02,
       5.00769012e+02, 6.34054661e-01, 1.68997717e+03, 4.56654419e+02,
       1.74052462e-01, 1.69291663e+03, 4.12567108e+02, 2.02148393e-01,
       1.64284729e+03, 3.94858917e+02, 2.43601069e-01, 0., 0., 0., 0.,
       0., 0., 0., 0., 0. ]
