%YAML:1.0
---
pose_0: !!opencv-matrix
   rows: 1
   cols: 25
   dt: "3f"
   data: [ 7.39256897e+02, 3.85913116e+02, 8.71904254e-01,
       8.62840332e+02, 3.97889893e+02, 7.52152979e-01, 8.59809509e+02,
       4.83276611e+02, 7.88857937e-01, 9.60014954e+02, 5.68543213e+02,
       7.83272684e-01, 1.02477527e+03, 6.30429749e+02, 8.06675196e-01,
       8.77572510e+02, 3.15448883e+02, 7.08189845e-01, 1.01004218e+03,
       2.50658768e+02, 7.82845199e-01, 1.11010889e+03, 2.00577347e+02,
       8.43578041e-01, 1.12776123e+03, 4.33177612e+02, 6.14015102e-01,
       1.12187024e+03, 4.80360199e+02, 6.22082770e-01, 1.32779272e+03,
       5.03837524e+02, 7.66198099e-01, 1.55451733e+03, 5.45035156e+02,
       6.31425500e-01, 1.13663562e+03, 3.83087036e+02, 5.91337264e-01,
       1.34261816e+03, 3.44807831e+02, 6.18079722e-01, 1.56638342e+03,
       2.94899658e+02, 6.40735328e-01, 7.24498230e+02, 3.92027710e+02,
       7.75826335e-01, 7.27536743e+02, 3.65386444e+02, 8.42691481e-01,
       7.39375000e+02, 4.15536041e+02, 6.13232732e-01, 7.51021912e+02,
       3.41996826e+02, 5.98821580e-01, 1.63992590e+03, 2.68305176e+02,
       4.55312103e-01, 1.63693506e+03, 2.65396881e+02, 4.63335365e-01,
       1.60457813e+03, 2.94776276e+02, 2.72924304e-01, 1.61348804e+03,
       5.33215271e+02, 3.49500656e-01, 1.61045715e+03, 5.50800476e+02,
       3.55044872e-01, 1.58683240e+03, 5.36176819e+02, 3.91106904e-01 ]
