%YAML:1.0
---
pose_0: !!opencv-matrix
   rows: 3
   cols: 25
   dt: "3f"
   data: [ 0., 0., 0., 8.45240479e+02, 3.44838562e+02, 1.78480819e-01,
       8.06931641e+02, 3.74329803e+02, 3.31297785e-01, 6.98019104e+02,
       4.74364166e+02, 3.62323701e-01, 6.00908630e+02, 5.39086060e+02,
       3.35247457e-01, 0., 0., 0., 0., 0., 0., 0., 0., 0.,
       1.11895654e+03, 4.33128510e+02, 3.55228066e-01, 1.12189099e+03,
       4.80235931e+02, 3.46567988e-01, 1.30729077e+03, 6.27370911e+02,
       7.38140285e-01, 1.51334875e+03, 6.62674011e+02, 5.28263390e-01,
       1.11890625e+03, 3.94938721e+02, 3.12247306e-01, 1.35152466e+03,
       3.33068390e+02, 3.75558048e-01, 1.52807227e+03, 2.12399078e+02,
       2.91927129e-01, 0., 0., 0., 0., 0., 0., 0., 0., 0., 0., 0., 0.,
       1.58692224e+03, 1.53595291e+02, 1.38931856e-01, 1.58396411e+03,
       1.53629059e+02, 1.32164717e-01, 1.53688110e+03, 2.00589432e+02,
       2.32254848e-01, 1.59572815e+03, 7.03934631e+02, 1.83892384e-01,
       1.58696606e+03, 7.06876404e+02, 1.84658334e-01, 1.54574023e+03,
       6.42151672e+02, 3.92108887e-01, 0., 0., 0., 0., 0., 0.,
       9.18829651e+02, 4.59676147e+02, 8.48499835e-02, 1.01589886e+03,
       5.12590271e+02, 4.19047982e-01, 1.10420264e+03, 5.98092834e+02,
       6.28220558e-01, 0., 0., 0., 0., 0., 0., 0., 0., 0., 0., 0., 0.,
       0., 0., 0., 0., 0., 0., 0., 0., 0., 0., 0., 0., 0., 0., 0., 0.,
       0., 0., 0., 0., 0., 0., 0., 0., 0., 0., 0., 0., 0., 0., 0., 0.,
       0., 0., 0., 0., 0., 0., 0., 0., 0., 0., 0., 0., 0., 0., 0., 0.,
       0., 0., 0., 0., 0., 0., 0., 0., 0., 0., 0., 0., 0., 0., 0.,
       8.09908447e+02, 3.71328918e+02, 1.97912067e-01, 6.95145752e+02,
       4.80162689e+02, 3.51211399e-01, 5.92118164e+02, 5.45005920e+02,
       3.76081824e-01, 0., 0., 0., 0., 0., 0., 0., 0., 0., 0., 0., 0.,
       0., 0., 0., 0., 0., 0., 0., 0., 0., 0., 0., 0., 0., 0., 0., 0.,
       0., 0., 0., 0., 0., 0., 0., 0., 0., 0., 0., 0., 0., 0., 0., 0.,
       0., 0., 0., 0., 0., 0., 0. ]
