%YAML:1.0
---
pose_0: !!opencv-matrix
   rows: 1
   cols: 25
   dt: "3f"
   data: [ 8.01017761e+02, 4.36058594e+02, 7.75447845e-01,
       8.77547363e+02, 4.77286255e+02, 6.54388130e-01, 8.80469543e+02,
       5.30246094e+02, 5.13801873e-01, 9.83534729e+02, 5.53905701e+02,
       6.82891667e-01, 9.57121582e+02, 4.30239258e+02, 4.71366107e-01,
       8.83429626e+02, 4.12668152e+02, 5.64867198e-01, 1.02766321e+03,
       3.62549927e+02, 6.52944207e-01, 1.14262952e+03, 3.15320648e+02,
       7.77787685e-01, 1.12777783e+03, 4.36115051e+02, 5.10725975e-01,
       1.12486792e+03, 4.86090973e+02, 5.47033846e-01, 1.33679138e+03,
       5.06614471e+02, 7.39548624e-01, 1.53976587e+03, 5.30207214e+02,
       6.51458621e-01, 1.12485535e+03, 3.83157867e+02, 5.46931148e-01,
       1.30439050e+03, 3.06585632e+02, 4.77146983e-01, 1.51630054e+03,
       2.71318604e+02, 2.89287388e-01, 7.86301880e+02, 4.44980438e+02,
       7.43734360e-01, 7.86428955e+02, 4.30108948e+02, 6.02528393e-01,
       7.89410767e+02, 4.77263580e+02, 7.07299769e-01, 8.09734985e+02,
       4.15548859e+02, 1.28641084e-01, 1.59575256e+03, 2.56566437e+02,
       1.14451922e-01, 0., 0., 0., 1.53983728e+03, 2.68299957e+02,
       2.14042395e-01, 1.54282520e+03, 6.15617859e+02, 2.55627602e-01,
       1.53980652e+03, 6.01041443e+02, 2.68489152e-01, 1.56930066e+03,
       5.21456360e+02, 4.40951407e-01 ]
