%YAML:1.0
---
pose_0: !!opencv-matrix
   rows: 1
   cols: 25
   dt: "3f"
   data: [ 7.42313354e+02, 4.47886597e+02, 6.06517315e-01,
       8.27551697e+02, 5.00777863e+02, 5.21853924e-01, 8.15815247e+02,
       5.33317139e+02, 7.48008311e-01, 9.18802063e+02, 6.39171570e+02,
       8.00420582e-01, 9.98219055e+02, 5.56843201e+02, 8.32834423e-01,
       8.24601074e+02, 4.56751740e+02, 2.32534707e-01, 9.98244873e+02,
       4.74367889e+02, 2.11871326e-01, 1.09549243e+03, 4.59704895e+02,
       4.69891667e-01, 1.09533435e+03, 5.27375549e+02, 5.72281301e-01,
       1.07479260e+03, 5.62641113e+02, 4.88508850e-01, 1.28382300e+03,
       5.03815063e+02, 7.54708052e-01, 1.52507825e+03, 6.48062683e+02,
       5.52532017e-01, 1.11012549e+03, 4.89077057e+02, 4.73434985e-01,
       1.34852563e+03, 4.89135254e+02, 3.07616591e-01, 1.54278137e+03,
       5.36181152e+02, 6.25097156e-01, 7.27499329e+02, 4.59642120e+02,
       6.03299201e-01, 7.30391479e+02, 4.38994141e+02, 1.84479788e-01,
       7.45161804e+02, 4.91998901e+02, 4.38087940e-01, 0., 0., 0.,
       1.60459473e+03, 5.00855896e+02, 4.04037356e-01, 1.59281519e+03,
       5.00794098e+02, 4.49207664e-01, 1.56046423e+03, 5.65630188e+02,
       4.07387227e-01, 1.59284021e+03, 6.68654846e+02, 2.44249761e-01,
       1.57220007e+03, 6.86267456e+02, 2.56208122e-01, 1.55162390e+03,
       6.65636475e+02, 2.64147043e-01 ]
