%YAML:1.0
---
pose_0: !!opencv-matrix
   rows: 1
   cols: 25
   dt: "3f"
   data: [ 7.65759583e+02, 3.91939026e+02, 8.04961801e-01,
       8.39402893e+02, 3.62415375e+02, 6.56004488e-01, 8.15813599e+02,
       3.97843719e+02, 4.77983862e-01, 8.68804871e+02, 4.62611511e+02,
       1.56100616e-01, 9.10008728e+02, 5.03865143e+02, 1.37580335e-01,
       8.62830872e+02, 3.24292114e+02, 6.32427752e-01, 9.71777832e+02,
       3.15501038e+02, 7.48139858e-01, 9.74766235e+02, 4.89085541e+02,
       6.79490089e-01, 1.13658887e+03, 3.59553711e+02, 4.37304139e-01,
       1.12774585e+03, 4.06650177e+02, 4.86363322e-01, 1.35153040e+03,
       4.83265961e+02, 6.94129944e-01, 1.55157642e+03, 5.21409363e+02,
       6.10881150e-01, 1.13068994e+03, 3.09561432e+02, 4.21962231e-01,
       1.23076721e+03, 3.18366486e+02, 1.09876059e-01, 0., 0., 0.,
       7.50991455e+02, 3.97795135e+02, 5.18551826e-01, 7.62698547e+02,
       3.74293152e+02, 7.24949479e-01, 0., 0., 0., 7.80488220e+02,
       3.39025787e+02, 6.54603362e-01, 0., 0., 0., 0., 0., 0., 0., 0.,
       0., 1.57806445e+03, 5.86229187e+02, 4.98811066e-01,
       1.56332581e+03, 5.80325623e+02, 5.06148934e-01, 1.58100647e+03,
       5.00867889e+02, 5.26008427e-01 ]
