%YAML:1.0
---
pose_0: !!opencv-matrix
   rows: 1
   cols: 25
   dt: "3f"
   data: [ 0., 0., 0., 8.01074524e+02, 5.18545593e+02, 1.51537076e-01,
       0., 0., 0., 0., 0., 0., 0., 0., 0., 0., 0., 0., 0., 0., 0., 0.,
       0., 0., 1.09544214e+03, 5.77343811e+02, 4.76836175e-01,
       1.07776978e+03, 6.09712769e+02, 3.84390622e-01, 1.37497876e+03,
       5.18461792e+02, 7.64338315e-01, 1.63700134e+03, 7.15755310e+02,
       4.82272595e-01, 1.11011621e+03, 5.47918945e+02, 3.43994677e-01,
       1.37498071e+03, 5.09668671e+02, 1.46633402e-01, 1.58694617e+03,
       5.97949280e+02, 2.48956606e-01, 0., 0., 0., 0., 0., 0., 0., 0.,
       0., 0., 0., 0., 1.61926404e+03, 5.27268738e+02, 1.92745253e-01,
       1.61342896e+03, 5.27286682e+02, 1.84785947e-01, 1.59872778e+03,
       6.00998230e+02, 1.78647995e-01, 1.69875330e+03, 7.24511047e+02,
       4.22348201e-01, 1.68113269e+03, 7.39326355e+02, 4.88674939e-01,
       1.65169092e+03, 7.42200378e+02, 2.83745795e-01 ]
