%YAML:1.0
---
pose_0: !!opencv-matrix
   rows: 2
   cols: 25
   dt: "3f"
   data: [ 0., 0., 0., 9.09944275e+02, 5.27268433e+02, 3.73093098e-01,
       0., 0., 0., 0., 0., 0., 0., 0., 0., 9.54109680e+02,
       4.83169891e+02, 3.16323817e-01, 1.04826245e+03, 4.47871674e+02,
       6.77200973e-01, 1.16005237e+03, 3.91943024e+02, 8.08396697e-01,
       1.16016516e+03, 5.53849731e+02, 5.91353714e-01, 1.15132141e+03,
       6.00949951e+02, 5.18580496e-01, 1.38379785e+03, 6.42105469e+02,
       7.47261763e-01, 1.56328857e+03, 7.33303040e+02, 6.52960777e-01,
       1.16305505e+03, 5.06709045e+02, 6.25028312e-01, 1.33671948e+03,
       4.18438538e+02, 7.60675848e-01, 1.56326111e+03, 4.12618866e+02,
       6.45590961e-01, 0., 0., 0., 0., 0., 0., 0., 0., 0., 0., 0., 0.,
       1.63396008e+03, 3.38888763e+02, 3.33952427e-01, 1.63099866e+03,
       3.38944611e+02, 3.09929252e-01, 1.58685889e+03, 4.30161560e+02,
       4.11230206e-01, 1.63390979e+03, 6.92143982e+02, 6.99125648e-01,
       1.62513367e+03, 7.09819336e+02, 5.75012326e-01, 1.56926416e+03,
       7.51038696e+02, 5.00895083e-01, 0., 0., 0., 0., 0., 0.,
       8.92326477e+02, 5.39102966e+02, 3.46165299e-01, 9.68780884e+02,
       3.89135010e+02, 6.25818312e-01, 1.00714655e+03, 2.71368652e+02,
       7.97300875e-01, 0., 0., 0., 0., 0., 0., 0., 0., 0., 0., 0., 0.,
       0., 0., 0., 0., 0., 0., 0., 0., 0., 0., 0., 0., 0., 0., 0., 0.,
       0., 0., 0., 0., 0., 0., 0., 0., 0., 0., 0., 0., 0., 0., 0., 0.,
       0., 0., 0., 0., 0., 0., 0., 0., 0., 0., 0., 0., 0., 0., 0., 0. ]
