%YAML:1.0
---
pose_0: !!opencv-matrix
   rows: 1
   cols: 25
   dt: "3f"
   data: [ 6.86220276e+02, 4.86137939e+02, 8.07493448e-01,
       7.89201172e+02, 5.24433533e+02, 7.29600012e-01, 7.92216919e+02,
       5.94975586e+02, 6.93083882e-01, 8.83527161e+02, 6.53969238e+02,
       6.37100220e-01, 9.57161987e+02, 6.74488647e+02, 7.94526875e-01,
       7.86327942e+02, 4.56716919e+02, 6.76554024e-01, 9.62905701e+02,
       4.12710236e+02, 8.31991136e-01, 8.30442627e+02, 4.18461243e+02,
       7.62060285e-01, 1.07191296e+03, 5.21478455e+02, 5.43644488e-01,
       1.06890918e+03, 5.68534912e+02, 5.42510331e-01, 1.34260620e+03,
       5.77265930e+02, 6.77953124e-01, 1.61044849e+03, 6.03834961e+02,
       5.08285940e-01, 1.07479480e+03, 4.62640106e+02, 5.06116748e-01,
       1.30439929e+03, 4.56563812e+02, 4.88561034e-01, 1.53395313e+03,
       4.56744354e+02, 4.54879701e-01, 6.68506531e+02, 5.03894958e+02,
       7.84669936e-01, 6.71576660e+02, 4.74285492e+02, 8.16479146e-01,
       6.80377502e+02, 5.36215271e+02, 5.68385065e-01, 6.98046143e+02,
       4.56620544e+02, 4.22076374e-01, 1.63388696e+03, 4.36047974e+02,
       4.65590715e-01, 1.62810461e+03, 4.33166229e+02, 4.80243742e-01,
       1.61344275e+03, 4.80142792e+02, 2.59056717e-01, 1.70470605e+03,
       5.80297668e+02, 3.54898304e-01, 1.70456213e+03, 5.97916321e+02,
       3.22196901e-01, 1.68406519e+03, 6.21497498e+02, 2.48324633e-01 ]
