%YAML:1.0
---
pose_0: !!opencv-matrix
   rows: 1
   cols: 25
   dt: "3f"
   data: [ 7.68794800e+02, 4.53766541e+02, 8.47917497e-01,
       8.80474304e+02, 4.91998169e+02, 7.29584277e-01, 8.80437256e+02,
       5.65637085e+02, 6.50236011e-01, 9.98274536e+02, 6.21418274e+02,
       8.62171412e-01, 9.06915833e+02, 6.24402283e+02, 8.33251059e-01,
       8.80560364e+02, 4.12569031e+02, 7.67477512e-01, 9.74825623e+02,
       4.36188293e+02, 8.69664907e-01, 8.77590088e+02, 5.27461060e+02,
       8.18698049e-01, 1.11601160e+03, 4.62565887e+02, 5.31862915e-01,
       1.12191785e+03, 5.06689941e+02, 6.24303818e-01, 1.33080652e+03,
       4.97953644e+02, 7.56328583e-01, 1.55156677e+03, 5.03743744e+02,
       6.07939780e-01, 1.11013037e+03, 4.09700470e+02, 5.60772896e-01,
       1.33085852e+03, 3.18413422e+02, 4.16222960e-01, 1.37786658e+03,
       2.94711670e+02, 1.11167252e-01, 7.59781677e+02, 4.62535645e+02,
       8.52492154e-01, 7.62910522e+02, 4.33167511e+02, 9.02328134e-01,
       7.68758606e+02, 4.94940033e+02, 5.63739479e-01, 7.86202148e+02,
       4.12596893e+02, 5.41312158e-01, 1.54276379e+03, 2.24163010e+02,
       9.54108909e-02, 0., 0., 0., 0., 0., 0., 1.61637976e+03,
       4.97909729e+02, 4.33577120e-01, 1.61050208e+03, 5.06759155e+02,
       4.15226698e-01, 1.57223425e+03, 4.86108063e+02, 3.05216521e-01 ]
