%YAML:1.0
---
pose_0: !!opencv-matrix
   rows: 1
   cols: 25
   dt: "3f"
   data: [ 7.65664429e+02, 4.09558197e+02, 3.09080929e-01,
       8.30447205e+02, 4.65576233e+02, 4.48802203e-01, 8.36341553e+02,
       4.83144836e+02, 6.97273850e-01, 9.74749023e+02, 5.30265991e+02,
       8.18862140e-01, 1.13075110e+03, 4.74310760e+02, 6.97213948e-01,
       8.36355042e+02, 4.50803741e+02, 2.12445378e-01, 1.04530176e+03,
       4.56782745e+02, 3.16960424e-01, 1.15428613e+03, 4.27320618e+02,
       5.51996469e-01, 1.11598425e+03, 5.30376648e+02, 4.71707612e-01,
       1.11595837e+03, 5.62622437e+02, 4.73411381e-01, 1.35432275e+03,
       4.94949921e+02, 7.34870315e-01, 1.59579285e+03, 6.45141174e+02,
       6.26858592e-01, 1.11595544e+03, 4.94952393e+02, 3.49138021e-01,
       1.37801648e+03, 4.59618988e+02, 6.46796763e-01, 1.54570349e+03,
       5.06830750e+02, 5.30614257e-01, 7.56878174e+02, 4.12644714e+02,
       2.06220984e-01, 0., 0., 0., 7.65748047e+02, 4.33122589e+02,
       2.90475994e-01, 0., 0., 0., 1.61040662e+03, 4.47844055e+02,
       4.25903976e-01, 1.60744592e+03, 4.47890350e+02, 4.26853895e-01,
       1.56632007e+03, 5.30261597e+02, 3.46224964e-01, 1.64876306e+03,
       6.71667725e+02, 5.29005647e-01, 1.63396399e+03, 6.83323669e+02,
       5.57635486e-01, 1.61334814e+03, 6.62756104e+02, 3.69326234e-01 ]
