%YAML:1.0
---
pose_0: !!opencv-matrix
   rows: 1
   cols: 25
   dt: "3f"
   data: [ 6.77419312e+02, 4.92029755e+02, 7.80472755e-01,
       8.12898132e+02, 4.83319641e+02, 7.71903455e-01, 8.10009094e+02,
       5.74437439e+02, 7.63879955e-01, 9.07035095e+02, 6.86300049e+02,
       7.34570324e-01, 8.62901428e+02, 6.89191101e+02, 5.54575682e-01,
       8.36396057e+02, 3.89120483e+02, 6.70046687e-01, 9.83540161e+02,
       3.65576752e+02, 7.39552855e-01, 1.06878394e+03, 3.62601624e+02,
       7.26696253e-01, 1.10125806e+03, 5.15603943e+02, 5.48109829e-01,
       1.09531470e+03, 5.71486206e+02, 5.83591104e-01, 1.30440247e+03,
       5.59699646e+02, 4.62318778e-01, 1.57514246e+03, 5.68565674e+02,
       4.59807724e-01, 1.11013574e+03, 4.56761261e+02, 5.42046785e-01,
       1.34259558e+03, 4.50773865e+02, 4.45763469e-01, 1.59281213e+03,
       4.80257233e+02, 2.11353093e-01, 6.65588928e+02, 5.09690735e+02,
       7.97485292e-01, 6.65711487e+02, 4.74371185e+02, 8.47447753e-01,
       6.86322021e+02, 5.30243042e+02, 2.74412483e-01, 6.92047180e+02,
       4.36077789e+02, 6.03467524e-01, 1.68693335e+03, 5.50865112e+02,
       1.51879698e-01, 0., 0., 0., 0., 0., 0., 1.68413440e+03,
       5.65579407e+02, 4.37992215e-01, 1.67229126e+03, 5.77359253e+02,
       3.88508797e-01, 1.60747046e+03, 5.53833496e+02, 2.38160715e-01 ]
