%YAML:1.0
---
pose_0: !!opencv-matrix
   rows: 2
   cols: 25
   dt: "3f"
   data: [ 7.80399292e+02, 4.56616852e+02, 5.57225227e-01,
       8.24614258e+02, 5.21421570e+02, 4.02330697e-01, 8.56940796e+02,
       5.42021484e+02, 5.58100045e-01, 1.00117816e+03, 5.47907837e+02,
       3.11430275e-01, 1.18070361e+03, 5.06852386e+02, 2.09115773e-01,
       7.33377869e+02, 5.39078796e+02, 1.89699620e-01, 8.12816467e+02,
       4.77315247e+02, 7.71105140e-02, 0., 0., 0., 1.15424780e+03,
       5.97943726e+02, 3.16555023e-01, 1.14248108e+03, 6.24543945e+02,
       2.77340144e-01, 1.37505066e+03, 5.09728638e+02, 8.03829074e-01,
       1.60755701e+03, 6.95096924e+02, 5.04460931e-01, 1.16599255e+03,
       5.56772461e+02, 2.23561704e-01, 1.36318884e+03, 4.59589478e+02,
       8.03478003e-01, 1.56924670e+03, 5.77423645e+02, 5.99778712e-01,
       7.62773010e+02, 4.59789703e+02, 4.26845551e-01, 0., 0., 0.,
       7.77522522e+02, 4.89045319e+02, 3.08662534e-01, 0., 0., 0.,
       1.69289099e+03, 5.89154785e+02, 2.37884983e-01, 1.69286169e+03,
       5.83307190e+02, 1.93865582e-01, 1.58985852e+03, 6.03866089e+02,
       4.35153931e-01, 1.68115857e+03, 7.30386353e+02, 2.19102353e-01,
       1.66049402e+03, 7.42160767e+02, 2.53108621e-01, 1.62220679e+03,
       7.30454529e+02, 2.92755485e-01, 0., 0., 0., 0., 0., 0., 0., 0.,
       0., 0., 0., 0., 0., 0., 0., 8.48115356e+02, 5.24397949e+02,
       1.84712678e-01, 1.00711932e+03, 5.47854431e+02, 4.15724099e-01,
       1.16898499e+03, 5.09695282e+02, 3.78799230e-01, 0., 0., 0., 0.,
       0., 0., 0., 0., 0., 0., 0., 0., 0., 0., 0., 0., 0., 0., 0., 0.,
       0., 0., 0., 0., 0., 0., 0., 0., 0., 0., 0., 0., 0., 0., 0., 0.,
       0., 0., 0., 0., 0., 0., 0., 0., 0., 0., 0., 0., 0., 0., 0. ]
