%YAML:1.0
---
pose_0: !!opencv-matrix
   rows: 2
   cols: 25
   dt: "3f"
   data: [ 0., 0., 0., 7.74580078e+02, 4.62566254e+02, 1.15566529e-01,
       0., 0., 0., 0., 0., 0., 0., 0., 0., 7.86329102e+02,
       3.30143616e+02, 9.24318060e-02, 8.98134583e+02, 2.27237946e+02,
       7.04450965e-01, 7.18641235e+02, 1.97695740e+02, 8.04540038e-01,
       1.10715857e+03, 5.53845459e+02, 3.54150623e-01, 1.09237988e+03,
       6.27405518e+02, 3.71681988e-01, 1.38385742e+03, 7.77510437e+02,
       3.35631430e-01, 1.60162988e+03, 9.07150696e+02, 3.17437410e-01,
       1.11892969e+03, 4.80308014e+02, 3.13061833e-01, 1.42505176e+03,
       5.24377502e+02, 4.22320187e-01, 1.75760791e+03, 4.91998291e+02,
       3.68263125e-01, 0., 0., 0., 0., 0., 0., 0., 0., 0., 0., 0., 0.,
       1.86947620e+03, 5.00889679e+02, 9.87062007e-02, 0., 0., 0.,
       1.82825745e+03, 5.21393433e+02, 1.22354157e-01, 1.65461646e+03,
       9.12861328e+02, 8.51446465e-02, 0., 0., 0., 1.62807947e+03,
       9.18797302e+02, 2.67525882e-01, 5.71423096e+02, 5.83235352e+02,
       3.22530121e-01, 7.53969727e+02, 5.47955688e+02, 5.27229719e-02,
       7.12765869e+02, 5.97908142e+02, 2.15081513e-01, 7.80432434e+02,
       5.30305237e+02, 3.34703624e-01, 6.42065918e+02, 3.62375183e+02,
       5.39215028e-01, 6.98066101e+02, 6.00898743e+02, 1.28608093e-01,
       7.83450073e+02, 5.42087952e+02, 1.68767810e-01, 0., 0., 0., 0.,
       0., 0., 0., 0., 0., 0., 0., 0., 0., 0., 0., 0., 0., 0., 0., 0.,
       0., 0., 0., 0., 5.53905151e+02, 5.77335327e+02, 1.29487619e-01,
       5.56800537e+02, 5.68557739e+02, 2.62178868e-01, 0., 0., 0.,
       5.80336792e+02, 5.33248535e+02, 1.89860120e-01, 0., 0., 0., 0.,
       0., 0., 0., 0., 0., 0., 0., 0., 0., 0., 0., 0., 0., 0. ]
