%YAML:1.0
---
pose_0: !!opencv-matrix
   rows: 1
   cols: 25
   dt: "3f"
   data: [ 7.59914917e+02, 4.83188538e+02, 8.44525993e-01,
       8.62859436e+02, 4.74380219e+02, 4.73416686e-01, 8.80478882e+02,
       5.41998474e+02, 5.87790430e-01, 1.00118457e+03, 5.71549133e+02,
       6.68061912e-01, 1.11608118e+03, 6.33323181e+02, 7.58039117e-01,
       8.51128845e+02, 4.15498962e+02, 3.94735217e-01, 9.92382446e+02,
       3.65558105e+02, 5.22138059e-01, 1.11303918e+03, 3.50731567e+02,
       5.32297730e-01, 1.12774622e+03, 4.92058319e+02, 5.16546547e-01,
       1.12187146e+03, 5.47921753e+02, 5.60855389e-01, 1.33078528e+03,
       6.21391479e+02, 6.91359162e-01, 1.53689099e+03, 6.71586426e+02,
       6.07065678e-01, 1.13654785e+03, 4.36179596e+02, 4.52297330e-01,
       1.33375293e+03, 4.42039856e+02, 5.98666728e-01, 1.56924536e+03,
       4.50821198e+02, 4.63186622e-01, 7.42278259e+02, 4.97852173e+02,
       7.68631101e-01, 7.42306030e+02, 4.62637238e+02, 7.70680547e-01,
       7.62710205e+02, 5.06862000e+02, 2.14954883e-01, 7.59789978e+02,
       4.33149261e+02, 5.23427844e-01, 1.63986841e+03, 4.18491211e+02,
       3.45733792e-01, 1.63701733e+03, 4.18417114e+02, 3.46851259e-01,
       1.61925708e+03, 4.59599548e+02, 2.31809214e-01, 1.61341443e+03,
       6.53919250e+02, 4.23583508e-01, 1.60749841e+03, 6.71535156e+02,
       3.47169727e-01, 1.55456482e+03, 6.89184082e+02, 3.40827942e-01 ]
