%YAML:1.0
---
pose_0: !!opencv-matrix
   rows: 1
   cols: 25
   dt: "3f"
   data: [ 6.95091431e+02, 4.65546753e+02, 7.78979778e-01,
       7.92315186e+02, 4.33179077e+02, 6.02817476e-01, 8.03983826e+02,
       4.97906403e+02, 3.20374697e-01, 0., 0., 0., 0., 0., 0.,
       7.89420105e+02, 3.74277008e+02, 6.69036984e-01, 9.21743469e+02,
       3.18423553e+02, 7.66270339e-01, 1.05121960e+03, 2.97834351e+02,
       7.97673345e-01, 1.09533752e+03, 4.80215149e+02, 6.31560981e-01,
       1.08356421e+03, 5.27426880e+02, 6.36126399e-01, 1.29259473e+03,
       5.77527649e+02, 6.19330227e-01, 1.54569092e+03, 5.97847717e+02,
       5.33553720e-01, 1.10425708e+03, 4.24336334e+02, 5.30255556e-01,
       1.31616541e+03, 4.33061859e+02, 5.53635240e-01, 1.58688904e+03,
       4.44899872e+02, 4.28281426e-01, 6.74590454e+02, 4.80332825e+02,
       7.03126311e-01, 6.74504883e+02, 4.47831482e+02, 7.17604399e-01,
       6.98079651e+02, 4.89059784e+02, 5.44607937e-02, 6.89221252e+02,
       4.12555084e+02, 5.97509503e-01, 1.67807629e+03, 4.30233795e+02,
       2.37012759e-01, 1.66931323e+03, 4.27295532e+02, 2.39696860e-01,
       1.65456653e+03, 4.65501129e+02, 1.40713289e-01, 1.63984741e+03,
       6.15625793e+02, 1.63415641e-01, 0., 0., 0., 1.58685583e+03,
       5.74391052e+02, 3.20906371e-01 ]
