%YAML:1.0
---
pose_0: !!opencv-matrix
   rows: 1
   cols: 25
   dt: "3f"
   data: [ 7.21680054e+02, 4.35966553e+02, 8.74765038e-01,
       8.33306519e+02, 4.15548035e+02, 6.96343005e-01, 8.30521606e+02,
       4.86118713e+02, 3.98485214e-01, 9.06998352e+02, 5.30234558e+02,
       2.96895027e-01, 0., 0., 0., 8.33481018e+02, 3.44901947e+02,
       6.77854300e-01, 9.48163818e+02, 2.30133118e+02, 7.43340373e-01,
       9.30585571e+02, 3.86004364e+02, 8.48790050e-01, 1.10125122e+03,
       4.33092957e+02, 5.25428295e-01, 1.11305774e+03, 4.77335541e+02,
       4.91217196e-01, 1.33384595e+03, 5.71422913e+02, 6.82860911e-01,
       1.56636389e+03, 5.65554993e+02, 6.26354218e-01, 1.09546741e+03,
       3.85977661e+02, 4.82305259e-01, 1.36027539e+03, 3.27162628e+02,
       5.57199895e-01, 1.55451501e+03, 2.00591721e+02, 3.21430624e-01,
       7.09797241e+02, 4.53687653e+02, 7.81561613e-01, 7.15581787e+02,
       4.12542023e+02, 8.80561650e-01, 7.21615906e+02, 4.77293335e+02,
       2.86556512e-01, 7.39199646e+02, 3.85941284e+02, 5.81912041e-01,
       0., 0., 0., 0., 0., 0., 1.56342517e+03, 1.97736359e+02,
       1.97531909e-01, 1.58693445e+03, 6.27394775e+02, 1.86564162e-01,
       1.58685974e+03, 6.24486694e+02, 1.88264742e-01, 1.59573767e+03,
       5.53817261e+02, 4.03426796e-01 ]
