%YAML:1.0
---
pose_0: !!opencv-matrix
   rows: 1
   cols: 25
   dt: "3f"
   data: [ 7.59805481e+02, 3.89185883e+02, 8.66380870e-01,
       8.80579895e+02, 3.86087738e+02, 7.35445738e-01, 9.04034973e+02,
       4.77234406e+02, 7.04244256e-01, 1.02471448e+03, 5.03914764e+02,
       8.62009525e-01, 1.09550464e+03, 5.77464783e+02, 8.50088477e-01,
       8.68808472e+02, 3.03665405e+02, 6.22545540e-01, 9.54270264e+02,
       1.77027344e+02, 8.55563998e-01, 1.09541113e+03, 1.74171417e+02,
       7.83526003e-01, 1.16316687e+03, 3.65529144e+02, 5.82978368e-01,
       1.16309399e+03, 4.12654236e+02, 6.28787994e-01, 1.33378235e+03,
       4.68458984e+02, 7.37019122e-01, 1.52804175e+03, 5.30270325e+02,
       6.27622962e-01, 1.16596863e+03, 3.15327454e+02, 5.63761652e-01,
       1.35435388e+03, 3.06571808e+02, 5.08331656e-01, 1.58100867e+03,
       2.88902344e+02, 5.79469860e-01, 7.42182739e+02, 4.12451569e+02,
       8.39115739e-01, 7.42201355e+02, 3.74253143e+02, 8.25379670e-01,
       7.65682373e+02, 4.30183868e+02, 1.70118347e-01, 7.62866943e+02,
       3.44818604e+02, 5.00180423e-01, 1.63995813e+03, 2.65359528e+02,
       3.38553876e-01, 1.63686938e+03, 2.65314789e+02, 4.16989058e-01,
       1.62217627e+03, 2.91850220e+02, 2.58585811e-01, 1.61043933e+03,
       5.36174316e+02, 5.79119444e-01, 1.58997974e+03, 5.50899963e+02,
       5.67588210e-01, 1.55451257e+03, 5.27374329e+02, 3.42982322e-01 ]
