%YAML:1.0
---
pose_0: !!opencv-matrix
   rows: 1
   cols: 25
   dt: "3f"
   data: [ 0., 0., 0., 6.68609985e+02, 6.21521362e+02, 3.14184546e-01,
       6.71580688e+02, 7.45113342e+02, 3.49705875e-01, 8.21691772e+02,
       8.89351074e+02, 7.12604403e-01, 6.50993958e+02, 9.54140869e+02,
       7.58112073e-01, 6.56830505e+02, 5.42042175e+02, 2.12697744e-01,
       7.48041016e+02, 5.27388794e+02, 6.45715237e-01, 5.21394287e+02,
       6.45019592e+02, 7.90041566e-01, 1.04830103e+03, 5.33248230e+02,
       2.35850558e-01, 1.04830200e+03, 6.06828918e+02, 1.98319167e-01,
       1.17193359e+03, 6.68674500e+02, 1.70781538e-01, 1.73412952e+03,
       6.74527039e+02, 1.93941697e-01, 1.04529370e+03, 4.65570557e+02,
       2.67117858e-01, 1.14250732e+03, 3.97826874e+02, 1.45736888e-01,
       1.63395337e+03, 2.21183731e+02, 1.23751871e-01, 0., 0., 0., 0.,
       0., 0., 0., 0., 0., 0., 0., 0., 1.72229858e+03, 1.77121262e+02,
       6.71703592e-02, 1.72813354e+03, 1.77192261e+02, 6.76286742e-02,
       1.65751685e+03, 2.38935226e+02, 1.28468379e-01, 0., 0., 0., 0.,
       0., 0., 1.75169910e+03, 6.74503479e+02, 9.31019187e-02 ]
