%YAML:1.0
---
pose_0: !!opencv-matrix
   rows: 1
   cols: 25
   dt: "3f"
   data: [ 5.97988525e+02, 6.51059448e+02, 8.57270777e-01,
       7.42102722e+02, 6.86240173e+02, 5.82478642e-01, 7.45112915e+02,
       7.62775879e+02, 4.93337899e-01, 9.09947083e+02, 8.62832703e+02,
       7.77065992e-01, 7.86360901e+02, 8.12832520e+02, 8.17456722e-01,
       7.33332947e+02, 6.00929016e+02, 4.77636665e-01, 9.45318115e+02,
       5.36167114e+02, 7.62350082e-01, 8.09792725e+02, 5.30222290e+02,
       8.44229758e-01, 1.08949695e+03, 6.51024414e+02, 4.55673337e-01,
       1.08953516e+03, 7.15702698e+02, 4.71149743e-01, 1.34262268e+03,
       7.39367676e+02, 5.01412630e-01, 1.63102393e+03, 8.09853821e+02,
       3.18538904e-01, 1.08652014e+03, 5.86171021e+02, 4.48315591e-01,
       1.33674951e+03, 5.36150635e+02, 3.19378793e-01, 1.51624597e+03,
       5.33193420e+02, 2.95369416e-01, 5.71447449e+02, 6.68732239e+02,
       8.76938820e-01, 5.83285339e+02, 6.21658203e+02, 8.58027577e-01,
       5.80394104e+02, 7.01029907e+02, 2.63698012e-01, 6.15665344e+02,
       5.97937195e+02, 4.51120883e-01, 1.51926733e+03, 5.74451477e+02,
       8.43645632e-02, 0., 0., 0., 1.54573145e+03, 5.33217285e+02,
       2.32408583e-01, 0., 0., 0., 0., 0., 0., 1.71638184e+03,
       8.42264771e+02, 6.92444295e-02 ]
