%YAML:1.0
---
pose_0: !!opencv-matrix
   rows: 1
   cols: 25
   dt: "3f"
   data: [ 0., 0., 0., 6.98070679e+02, 5.68560547e+02, 5.51609062e-02,
       0., 0., 0., 0., 0., 0., 0., 0., 0., 0., 0., 0., 0., 0., 0., 0.,
       0., 0., 1.05124658e+03, 6.71594177e+02, 3.19160372e-01,
       1.03062830e+03, 7.42259033e+02, 3.02021950e-01, 1.33085803e+03,
       8.80442383e+02, 1.56752393e-01, 1.56633813e+03, 9.39420654e+02,
       8.47730264e-02, 1.06887781e+03, 6.00895447e+02, 2.64906883e-01,
       1.37790259e+03, 6.92158386e+02, 4.71600473e-01, 1.74877148e+03,
       6.68687561e+02, 3.85164440e-01, 0., 0., 0., 0., 0., 0., 0., 0.,
       0., 0., 0., 0., 1.81354834e+03, 6.18601624e+02, 1.36974499e-01,
       1.81354077e+03, 6.21502625e+02, 1.35656804e-01, 1.76056750e+03,
       6.92153625e+02, 2.47019261e-01, 0., 0., 0., 0., 0., 0.,
       1.59865356e+03, 9.54162598e+02, 6.38129637e-02 ]
