%YAML:1.0
---
pose_0: !!opencv-matrix
   rows: 1
   cols: 25
   dt: "3f"
   data: [ 8.09963745e+02, 4.80283203e+02, 8.61430883e-01,
       9.04011353e+02, 5.06824371e+02, 7.20964015e-01, 8.80518860e+02,
       5.39146851e+02, 7.17013419e-01, 9.77624512e+02, 4.15459991e+02,
       6.41293526e-01, 1.04539685e+03, 3.09500366e+02, 8.17880690e-01,
       9.45281311e+02, 4.77246429e+02, 4.50756013e-01, 1.06894678e+03,
       4.36110260e+02, 7.99233019e-01, 1.18660266e+03, 3.86193817e+02,
       8.52130413e-01, 1.17195374e+03, 5.33233765e+02, 5.74940801e-01,
       1.17193909e+03, 5.77498840e+02, 5.35040498e-01, 1.37494214e+03,
       6.12645752e+02, 6.88912868e-01, 1.54282288e+03, 6.92021545e+02,
       6.56997323e-01, 1.17483167e+03, 4.83302643e+02, 5.98394990e-01,
       1.34261255e+03, 4.56626923e+02, 6.35851979e-01, 1.51041736e+03,
       4.80194275e+02, 4.89368260e-01, 7.92211975e+02, 4.92006714e+02,
       8.01110923e-01, 7.95178162e+02, 4.59812195e+02, 7.84096003e-01,
       8.06968933e+02, 5.15616699e+02, 6.28136456e-01, 8.15862671e+02,
       4.50849091e+02, 2.62121081e-01, 1.59570813e+03, 4.24344757e+02,
       2.41040722e-01, 1.58990808e+03, 4.21434967e+02, 2.36204222e-01,
       1.53395715e+03, 4.83211029e+02, 2.83257693e-01, 1.60752612e+03,
       6.68661377e+02, 4.41405892e-01, 1.59872363e+03, 6.83341003e+02,
       3.50856692e-01, 1.56625574e+03, 7.01027893e+02, 3.71096373e-01 ]
