%YAML:1.0
---
pose_0: !!opencv-matrix
   rows: 1
   cols: 25
   dt: "3f"
   data: [ 9.51041138e+02, 3.91969604e+02, 3.84506583e-01,
       9.60040955e+02, 4.59626038e+02, 5.62721133e-01, 8.98205078e+02,
       4.89133148e+02, 4.00004953e-01, 7.86374084e+02, 5.30380798e+02,
       2.92914093e-01, 7.15709839e+02, 5.33176880e+02, 5.90105653e-01,
       1.02767090e+03, 4.33152130e+02, 4.41773415e-01, 1.08656079e+03,
       4.53764740e+02, 1.26512319e-01, 0., 0., 0., 1.11590820e+03,
       5.53893372e+02, 4.70237345e-01, 1.10717883e+03, 6.12647949e+02,
       4.52446342e-01, 1.32496985e+03, 6.45098755e+02, 3.15309584e-01,
       1.61927283e+03, 5.80321106e+02, 1.36339158e-01, 1.12186243e+03,
       5.00845001e+02, 4.28715378e-01, 1.32788147e+03, 5.50871948e+02,
       5.74141204e-01, 1.65752637e+03, 5.53900879e+02, 3.11446697e-01,
       9.27699097e+02, 3.88928497e+02, 4.01687384e-01, 9.51267517e+02,
       3.80196472e+02, 4.24450397e-01, 9.04069092e+02, 3.97860321e+02,
       3.48956048e-01, 9.65909729e+02, 3.74293854e+02, 2.97835141e-01,
       1.72822437e+03, 5.18514404e+02, 1.53390765e-01, 1.72820020e+03,
       5.21445801e+02, 1.51301026e-01, 1.69581787e+03, 5.94988831e+02,
       1.82173863e-01, 0., 0., 0., 0., 0., 0., 0., 0., 0. ]
