%YAML:1.0
---
pose_0: !!opencv-matrix
   rows: 1
   cols: 25
   dt: "3f"
   data: [ 6.71582397e+02, 5.06678772e+02, 8.17028105e-01,
       8.15806519e+02, 4.89110260e+02, 5.80178976e-01, 8.33472412e+02,
       5.65626465e+02, 3.44336629e-01, 9.74612305e+02, 6.30303772e+02,
       7.97244370e-01, 8.95221558e+02, 6.21534607e+02, 7.56139100e-01,
       8.01075256e+02, 4.33136322e+02, 4.86739993e-01, 8.33413269e+02,
       3.89012299e+02, 4.18551296e-01, 9.12875977e+02, 3.56626709e+02,
       6.95425868e-01, 1.09536975e+03, 5.12615112e+02, 5.24074078e-01,
       1.09240088e+03, 5.68520630e+02, 5.56762576e-01, 1.26612610e+03,
       6.00845520e+02, 2.13445812e-01, 1.49567908e+03, 6.03850220e+02,
       1.92708522e-01, 1.09536902e+03, 4.56628845e+02, 5.00354767e-01,
       1.34553027e+03, 5.00907104e+02, 6.47944808e-01, 1.65760938e+03,
       4.77315857e+02, 5.29529929e-01, 6.56841003e+02, 5.12685608e+02,
       6.47532523e-01, 6.62721741e+02, 4.83182800e+02, 7.57755756e-01,
       6.74554565e+02, 5.27354187e+02, 5.11363074e-02, 6.89258240e+02,
       4.50788055e+02, 5.73615372e-01, 1.72814929e+03, 4.30249634e+02,
       2.21898481e-01, 1.71936548e+03, 4.33053253e+02, 2.15983003e-01,
       1.68408679e+03, 4.94979370e+02, 2.39794120e-01, 1.49278931e+03,
       6.50933533e+02, 1.19424723e-01, 1.48395532e+03, 6.47975647e+02,
       1.23775341e-01, 1.53976501e+03, 6.09699829e+02, 7.68490285e-02 ]
