%YAML:1.0
---
pose_0: !!opencv-matrix
   rows: 1
   cols: 25
   dt: "3f"
   data: [ 7.39341064e+02, 3.80224701e+02, 8.53308201e-01,
       8.56931274e+02, 3.62502136e+02, 7.27610767e-01, 8.56934692e+02,
       4.33149170e+02, 6.37287736e-01, 9.98224854e+02, 4.74373596e+02,
       7.98648238e-01, 9.57007202e+02, 5.36131287e+02, 8.58548522e-01,
       8.65880249e+02, 2.71380676e+02, 7.07042158e-01, 1.00114685e+03,
       2.44843430e+02, 8.31844985e-01, 1.13066626e+03, 2.06518982e+02,
       7.63454020e-01, 1.13362085e+03, 4.03744690e+02, 5.60256600e-01,
       1.11896387e+03, 4.53696472e+02, 6.13175392e-01, 1.33096997e+03,
       5.06754395e+02, 7.83401489e-01, 1.53388953e+03, 5.33243225e+02,
       5.48804164e-01, 1.13951392e+03, 3.42010956e+02, 5.41407704e-01,
       1.33678210e+03, 3.41912628e+02, 4.06795591e-01, 0., 0., 0.,
       7.27461731e+02, 3.91959137e+02, 8.02740812e-01, 7.33338745e+02,
       3.62486298e+02, 8.53543878e-01, 7.42330627e+02, 4.12416138e+02,
       3.28825861e-01, 7.53971252e+02, 3.27203339e+02, 5.14143288e-01,
       0., 0., 0., 0., 0., 0., 0., 0., 0., 1.58990649e+03,
       5.83255432e+02, 1.27394542e-01, 1.58393433e+03, 5.83250793e+02,
       1.13350436e-01, 1.56639746e+03, 5.21469788e+02, 3.61369848e-01 ]
