%YAML:1.0
---
pose_0: !!opencv-matrix
   rows: 1
   cols: 25
   dt: "3f"
   data: [ 6.83308960e+02, 5.06708496e+02, 8.52816045e-01,
       8.12748352e+02, 5.06836639e+02, 7.54840136e-01, 8.12747742e+02,
       5.77353699e+02, 6.65302157e-01, 9.54174255e+02, 6.21502319e+02,
       6.26582742e-01, 1.08947131e+03, 6.95078369e+02, 7.80960143e-01,
       8.12738647e+02, 4.47885590e+02, 6.31868124e-01, 9.54172729e+02,
       3.71326843e+02, 7.68309236e-01, 1.09254639e+03, 3.36009125e+02,
       8.25445533e-01, 1.08947241e+03, 5.18483948e+02, 5.53784430e-01,
       1.07777283e+03, 5.65609131e+02, 5.90449750e-01, 1.29547876e+03,
       6.01080566e+02, 7.15840518e-01, 1.51622876e+03, 6.18539978e+02,
       5.84760725e-01, 1.09236890e+03, 4.59716278e+02, 5.36299646e-01,
       1.33084412e+03, 4.59646301e+02, 5.35213351e-01, 1.56632654e+03,
       4.15587708e+02, 6.03395164e-01, 6.68705933e+02, 5.24443970e+02,
       7.70282805e-01, 6.71594910e+02, 4.86192017e+02, 8.19522560e-01,
       6.92229309e+02, 5.39153625e+02, 3.05400074e-01, 7.03989685e+02,
       4.59768280e+02, 5.84213257e-01, 1.63698828e+03, 3.83028351e+02,
       4.43972915e-01, 1.63690601e+03, 3.80214752e+02, 4.34789836e-01,
       1.59575598e+03, 4.12609924e+02, 2.65633672e-01, 1.61338599e+03,
       6.12675598e+02, 4.99362767e-01, 1.59870105e+03, 6.21579712e+02,
       4.43818867e-01, 1.54284485e+03, 6.09770325e+02, 3.08608055e-01 ]
