%YAML:1.0
---
pose_0: !!opencv-matrix
   rows: 1
   cols: 25
   dt: "3f"
   data: [ 7.65784546e+02, 4.56559570e+02, 8.36531699e-01,
       8.68743530e+02, 4.36036285e+02, 7.50849724e-01, 8.80544739e+02,
       5.21394409e+02, 7.15415478e-01, 1.01292126e+03, 5.50862976e+02,
       7.31756270e-01, 1.13961902e+03, 6.00825928e+02, 6.58251226e-01,
       8.62831360e+02, 3.62500458e+02, 6.81033611e-01, 9.80598572e+02,
       3.35926300e+02, 5.27801096e-01, 1.02178894e+03, 3.18293579e+02,
       7.26255238e-01, 1.11897925e+03, 4.50818390e+02, 6.26478255e-01,
       1.11591699e+03, 4.97930267e+02, 6.46712840e-01, 1.28384851e+03,
       5.30252258e+02, 6.76967680e-01, 1.51629541e+03, 5.56782104e+02,
       5.66282511e-01, 1.12487646e+03, 3.94915649e+02, 6.04715049e-01,
       1.33382458e+03, 4.15502686e+02, 6.69122100e-01, 1.56625085e+03,
       4.24339844e+02, 6.23800397e-01, 7.51020203e+02, 4.62632751e+02,
       6.56423986e-01, 7.56852295e+02, 4.33251617e+02, 7.93323040e-01,
       7.68687439e+02, 4.80216888e+02, 9.71160531e-02, 7.68658691e+02,
       3.97808228e+02, 5.33401191e-01, 1.63393420e+03, 3.97805817e+02,
       3.51112306e-01, 1.62515198e+03, 3.91970154e+02, 4.02278155e-01,
       1.60159448e+03, 4.30260986e+02, 3.09120834e-01, 1.58690112e+03,
       5.47884460e+02, 3.25895756e-01, 1.56929504e+03, 5.56792969e+02,
       2.60135412e-01, 1.55157751e+03, 5.53816711e+02, 2.47228757e-01 ]
