%YAML:1.0
---
pose_0: !!opencv-matrix
   rows: 1
   cols: 25
   dt: "3f"
   data: [ 6.71651917e+02, 3.18460876e+02, 7.11653888e-01,
       7.59798584e+02, 2.38875305e+02, 4.07969803e-01, 7.45171143e+02,
       2.97826721e+02, 2.85187393e-01, 0., 0., 0., 0., 0., 0.,
       7.68702881e+02, 1.79992691e+02, 3.90020221e-01, 9.51202759e+02,
       1.50477432e+02, 7.99070120e-01, 9.21732483e+02, 2.74171967e+02,
       7.13637888e-01, 1.04830347e+03, 2.94886993e+02, 4.13366348e-01,
       1.05124805e+03, 3.41862976e+02, 4.08343524e-01, 1.31318298e+03,
       3.15434387e+02, 2.08333716e-01, 1.51038696e+03, 2.47755829e+02,
       1.22575276e-01, 1.04827502e+03, 2.47668137e+02, 3.91886801e-01,
       1.18663721e+03, 2.21121048e+02, 1.73161238e-01, 1.53394971e+03,
       2.00600143e+02, 6.85870871e-02, 6.59838074e+02, 3.18441650e+02,
       2.63535142e-01, 6.68552124e+02, 3.00775848e+02, 6.35933220e-01,
       0., 0., 0., 6.89217346e+02, 2.56545013e+02, 4.46845502e-01, 0.,
       0., 0., 0., 0., 0., 1.54276331e+03, 1.97681595e+02,
       9.05104429e-02, 1.54281494e+03, 2.38893936e+02, 8.65061879e-02,
       0., 0., 0., 1.54275244e+03, 2.38897736e+02, 1.04739912e-01 ]
