%YAML:1.0
---
pose_0: !!opencv-matrix
   rows: 1
   cols: 25
   dt: "3f"
   data: [ 7.18631714e+02, 5.03699829e+02, 8.90827656e-01,
       8.45243225e+02, 5.06771912e+02, 6.36523902e-01, 8.59904785e+02,
       5.77335144e+02, 4.50070918e-01, 9.65891785e+02, 6.03896606e+02,
       9.07324627e-02, 0., 0., 0., 8.36317566e+02, 4.44943329e+02,
       5.78615963e-01, 1.01295496e+03, 3.86064545e+02, 7.06890583e-01,
       1.14840198e+03, 3.41996674e+02, 8.13983142e-01, 1.11897900e+03,
       5.30259399e+02, 5.62608659e-01, 1.11888147e+03, 5.77379517e+02,
       5.70304275e-01, 1.28966809e+03, 5.74475708e+02, 4.56602424e-01,
       1.58102600e+03, 5.12687927e+02, 4.70356822e-01, 1.12184070e+03,
       4.80150940e+02, 5.60598254e-01, 1.28070740e+03, 5.03866486e+02,
       6.68035507e-01, 1.49276624e+03, 4.33240173e+02, 5.87990820e-01,
       7.03944458e+02, 5.09770447e+02, 7.98978269e-01, 7.12802063e+02,
       4.80265350e+02, 8.96862388e-01, 7.18696472e+02, 5.30351807e+02,
       3.94724935e-01, 7.39250000e+02, 4.53708679e+02, 6.36747539e-01,
       1.59866614e+03, 4.30247650e+02, 2.45469093e-01, 1.59283716e+03,
       4.15482178e+02, 2.63424277e-01, 0., 0., 0., 1.66039539e+03,
       5.30379028e+02, 3.48219603e-01, 1.65170007e+03, 5.39077881e+02,
       3.27412546e-01, 1.60750610e+03, 5.03730835e+02, 2.93775678e-01 ]
