%YAML:1.0
---
pose_0: !!opencv-matrix
   rows: 1
   cols: 25
   dt: "3f"
   data: [ 6.95186707e+02, 5.47909790e+02, 8.62186968e-01,
       8.27556580e+02, 5.53848022e+02, 7.12169170e-01, 8.30544617e+02,
       6.24578308e+02, 7.02137530e-01, 9.51245544e+02, 6.68484192e+02,
       6.23750091e-01, 1.05124170e+03, 7.01050049e+02, 5.96611619e-01,
       8.18713989e+02, 4.80249329e+02, 6.46457970e-01, 9.95358765e+02,
       4.33211700e+02, 7.99416542e-01, 1.13361938e+03, 4.00779053e+02,
       7.71627247e-01, 1.11304199e+03, 5.56808411e+02, 4.55344141e-01,
       1.09838867e+03, 6.00988342e+02, 4.07867849e-01, 0., 0., 0., 0.,
       0., 0., 1.11888074e+03, 5.24332520e+02, 4.61752594e-01,
       1.32492737e+03, 6.36194763e+02, 5.74512839e-01, 1.56043604e+03,
       6.68619202e+02, 6.42277956e-01, 6.83318542e+02, 5.56745789e+02,
       7.98752725e-01, 6.91998230e+02, 5.27190796e+02, 8.57303321e-01,
       6.97996460e+02, 5.77542969e+02, 4.80476230e-01, 7.18573730e+02,
       4.89134399e+02, 5.75824738e-01, 1.63692651e+03, 6.42096619e+02,
       1.37560964e-01, 0., 0., 0., 1.58989197e+03, 6.65663940e+02,
       2.76578754e-01, 0., 0., 0., 0., 0., 0., 0., 0., 0. ]
