%YAML:1.0
---
pose_0: !!opencv-matrix
   rows: 1
   cols: 25
   dt: "3f"
   data: [ 6.68705383e+02, 5.30372986e+02, 8.88657451e-01,
       7.80447144e+02, 5.33333252e+02, 6.17403448e-01, 7.95205811e+02,
       5.95069397e+02, 4.71923023e-01, 9.51120911e+02, 6.95253174e+02,
       8.05457950e-01, 8.39405151e+02, 6.95156250e+02, 7.53078103e-01,
       7.65785156e+02, 4.77284332e+02, 5.58438838e-01, 8.62955505e+02,
       4.06671753e+02, 5.02629638e-01, 1.00412689e+03, 3.92019897e+02,
       7.73413837e-01, 1.09240747e+03, 5.50908447e+02, 5.66256404e-01,
       1.07776245e+03, 6.00922913e+02, 6.02593064e-01, 1.25133813e+03,
       6.65701782e+02, 5.22941947e-01, 1.43090002e+03, 6.89253723e+02,
       2.62792051e-01, 1.09840137e+03, 4.89091705e+02, 5.46376407e-01,
       1.32790601e+03, 5.74510681e+02, 6.54618740e-01, 1.62223120e+03,
       5.56802429e+02, 4.29542452e-01, 6.56826355e+02, 5.50797363e+02,
       8.03008676e-01, 6.62663025e+02, 5.09692474e+02, 8.03505719e-01,
       6.71698486e+02, 5.74279846e+02, 4.01581466e-01, 6.89207764e+02,
       4.83270905e+02, 6.66315198e-01, 1.71347974e+03, 5.24332458e+02,
       2.58356631e-01, 1.71051624e+03, 5.24348694e+02, 2.60891318e-01,
       1.65463354e+03, 5.97918396e+02, 2.54310817e-01, 0., 0., 0., 0.,
       0., 0., 1.47207715e+03, 6.77427002e+02, 1.15023509e-01 ]
