%YAML:1.0
---
pose_0: !!opencv-matrix
   rows: 1
   cols: 25
   dt: "3f"
   data: [ 7.86471558e+02, 4.89068542e+02, 8.17362905e-01,
       8.83541992e+02, 4.36166901e+02, 5.83206475e-01, 8.65797119e+02,
       4.65505615e+02, 3.92151535e-01, 0., 0., 0., 0., 0., 0.,
       9.04083679e+02, 4.21408905e+02, 6.29642427e-01, 1.04820020e+03,
       4.39122742e+02, 8.14618528e-01, 1.18671558e+03, 5.03896423e+02,
       7.23546147e-01, 1.16304163e+03, 3.65564423e+02, 4.11894560e-01,
       1.18364343e+03, 3.42010529e+02, 3.37489486e-01, 1.37488867e+03,
       5.03895386e+02, 6.20802522e-01, 1.59868396e+03, 4.12506653e+02,
       3.34942818e-01, 1.14544006e+03, 3.89049561e+02, 3.41354966e-01,
       1.36614209e+03, 5.24310852e+02, 5.50202608e-01, 1.63688135e+03,
       4.15453247e+02, 3.97807837e-01, 7.68695618e+02, 4.94918152e+02,
       3.81730139e-01, 7.74581299e+02, 4.71458832e+02, 7.32026041e-01,
       0., 0., 0., 7.95229675e+02, 4.33027161e+02, 6.00157619e-01,
       1.68697937e+03, 3.62452545e+02, 3.33937198e-01, 1.68705725e+03,
       3.62515900e+02, 2.81143695e-01, 1.67516479e+03, 4.33142853e+02,
       1.69656456e-01, 0., 0., 0., 0., 0., 0., 0., 0., 0. ]
