%YAML:1.0
---
pose_0: !!opencv-matrix
   rows: 1
   cols: 25
   dt: "3f"
   data: [ 8.12732849e+02, 4.12506256e+02, 7.97357142e-01,
       8.42251648e+02, 4.86118195e+02, 6.03099883e-01, 8.74615479e+02,
       5.03799438e+02, 4.42518115e-01, 9.98337341e+02, 5.30215027e+02,
       7.96311080e-01, 9.86444702e+02, 3.80122864e+02, 7.10631967e-01,
       8.15763855e+02, 4.83202606e+02, 3.81075978e-01, 9.07027832e+02,
       4.56660553e+02, 1.58604860e-01, 0., 0., 0., 1.16009692e+03,
       4.24328217e+02, 4.35615450e-01, 1.16894727e+03, 4.62647522e+02,
       4.74781871e-01, 1.35732202e+03, 5.21430908e+02, 4.78527993e-01,
       1.52507568e+03, 6.65651245e+02, 5.60229599e-01, 1.14839368e+03,
       3.71320648e+02, 4.10140783e-01, 1.19248975e+03, 3.38863190e+02,
       2.07290292e-01, 1.37794153e+03, 2.71418030e+02, 3.78501505e-01,
       7.89388489e+02, 4.15513428e+02, 7.40322530e-01, 7.92215942e+02,
       4.03684265e+02, 2.36342534e-01, 7.89290649e+02, 4.47828796e+02,
       6.35271788e-01, 0., 0., 0., 1.61335352e+03, 2.44746399e+02,
       1.15137905e-01, 1.61045251e+03, 2.38887848e+02, 1.17889397e-01,
       1.39265015e+03, 2.65341156e+02, 1.89804673e-01, 1.61333118e+03,
       6.89257874e+02, 6.41105592e-01, 1.58997363e+03, 6.98082214e+02,
       5.81083834e-01, 1.52808667e+03, 6.83328674e+02, 3.29734385e-01 ]
