%YAML:1.0
---
pose_0: !!opencv-matrix
   rows: 1
   cols: 25
   dt: "3f"
   data: [ 7.21657532e+02, 4.33268585e+02, 8.55672002e-01,
       8.30447937e+02, 4.21360504e+02, 6.44383729e-01, 8.33454895e+02,
       5.03685272e+02, 4.50041682e-01, 9.33511597e+02, 4.80184509e+02,
       2.62464434e-01, 9.30629517e+02, 4.56658234e+02, 1.14076786e-01,
       8.33301575e+02, 3.41982300e+02, 6.35955870e-01, 9.51015442e+02,
       2.27184418e+02, 8.12639773e-01, 9.36406799e+02, 3.83043121e+02,
       7.86046624e-01, 1.11893066e+03, 4.36083252e+02, 5.35622418e-01,
       1.12773035e+03, 4.80339813e+02, 5.47352493e-01, 1.33378003e+03,
       5.74274475e+02, 7.33494401e-01, 1.56344580e+03, 5.62690674e+02,
       6.91012859e-01, 1.11307043e+03, 3.86091583e+02, 4.74827945e-01,
       1.37498853e+03, 3.27161163e+02, 6.56755507e-01, 1.55161169e+03,
       2.03620682e+02, 3.90799463e-01, 7.06899658e+02, 4.53784851e+02,
       7.89794087e-01, 7.15575562e+02, 4.12529297e+02, 8.82403314e-01,
       7.18759705e+02, 4.80169464e+02, 3.58205706e-01, 7.39182922e+02,
       3.80226776e+02, 5.25223613e-01, 1.60162097e+03, 1.59451340e+02,
       1.84251696e-01, 1.59571375e+03, 1.62373291e+02, 1.98199540e-01,
       0., 0., 0., 1.59868359e+03, 6.27508240e+02, 3.47301006e-01,
       1.58980286e+03, 6.24486633e+02, 3.62342536e-01, 1.58978809e+03,
       5.47998474e+02, 5.54881096e-01 ]
