%YAML:1.0
---
pose_0: !!opencv-matrix
   rows: 1
   cols: 25
   dt: "3f"
   data: [ 7.65732849e+02, 4.36030029e+02, 9.02488053e-01,
       8.83572876e+02, 4.15592682e+02, 6.90037131e-01, 9.09993347e+02,
       5.00820709e+02, 6.38685584e-01, 1.03355457e+03, 5.12701965e+02,
       7.39785612e-01, 1.11881128e+03, 5.95077026e+02, 8.64131391e-01,
       8.71736755e+02, 3.44934113e+02, 6.48572028e-01, 9.80646667e+02,
       2.27213806e+02, 7.76162624e-01, 1.09543799e+03, 3.09490936e+02,
       7.36582220e-01, 1.14833057e+03, 3.94933746e+02, 5.48551977e-01,
       1.14251563e+03, 4.42035706e+02, 6.21941447e-01, 1.34551160e+03,
       5.06829987e+02, 7.15213239e-01, 1.54575488e+03, 5.74547363e+02,
       6.56023502e-01, 1.15130725e+03, 3.42009430e+02, 5.51802158e-01,
       1.33094800e+03, 3.36061493e+02, 6.02885604e-01, 1.55158777e+03,
       3.03616150e+02, 4.12082970e-01, 7.54013672e+02, 4.50828339e+02,
       7.81606257e-01, 7.56954529e+02, 4.15551605e+02, 8.34765792e-01,
       7.65747253e+02, 4.65559784e+02, 2.91196793e-01, 7.74578064e+02,
       3.91984863e+02, 5.35262465e-01, 1.64290039e+03, 3.03633392e+02,
       1.52240574e-01, 0., 0., 0., 1.56630139e+03, 2.91809204e+02,
       2.13458836e-01, 1.60752917e+03, 5.92104370e+02, 5.06144524e-01,
       1.59864929e+03, 5.98073425e+02, 5.18193722e-01, 1.56927563e+03,
       5.74391113e+02, 4.39758420e-01 ]
