%YAML:1.0
---
pose_0: !!opencv-matrix
   rows: 1
   cols: 25
   dt: "3f"
   data: [ 7.27521240e+02, 3.83064819e+02, 8.25801909e-01,
       8.42234619e+02, 3.89154083e+02, 7.86730528e-01, 8.30462585e+02,
       4.62643433e+02, 6.93159163e-01, 9.10057739e+02, 5.71511841e+02,
       7.60140598e-01, 8.15878113e+02, 4.94990387e+02, 7.39213288e-01,
       8.59884033e+02, 3.21341583e+02, 6.69628441e-01, 9.09939697e+02,
       2.24230331e+02, 8.09585094e-01, 7.86282898e+02, 2.00696457e+02,
       8.09575319e-01, 1.11890247e+03, 4.03749451e+02, 5.79762518e-01,
       1.11591760e+03, 4.53740448e+02, 5.85681677e-01, 1.33086511e+03,
       4.59664948e+02, 6.30423129e-01, 1.53985742e+03, 4.74314575e+02,
       6.32478893e-01, 1.11898889e+03, 3.44884583e+02, 5.52075386e-01,
       1.31031348e+03, 3.38816162e+02, 7.11930394e-01, 1.57805835e+03,
       2.97741302e+02, 5.66456616e-01, 7.09855713e+02, 3.89084930e+02,
       7.66806841e-01, 7.18715820e+02, 3.62374176e+02, 8.64885986e-01,
       7.24604065e+02, 4.18399109e+02, 4.16112721e-01, 7.56893616e+02,
       3.39006378e+02, 4.95690405e-01, 1.64286108e+03, 2.71236206e+02,
       4.73369539e-01, 1.63700732e+03, 2.68379181e+02, 5.16505361e-01,
       1.61926233e+03, 2.97839325e+02, 2.31670737e-01, 1.61034302e+03,
       4.80315430e+02, 5.32634497e-01, 1.60164734e+03, 4.86179138e+02,
       5.13386309e-01, 1.56635364e+03, 4.56638062e+02, 3.86682153e-01 ]
