%YAML:1.0
---
pose_0: !!opencv-matrix
   rows: 1
   cols: 25
   dt: "3f"
   data: [ 6.92020447e+02, 3.42018890e+02, 8.64171743e-01,
       8.15736328e+02, 3.41837830e+02, 7.72855282e-01, 8.15802979e+02,
       4.30176025e+02, 7.25543201e-01, 9.33486450e+02, 4.86111267e+02,
       7.99024403e-01, 1.02174988e+03, 5.15607239e+02, 8.26919556e-01,
       8.24560120e+02, 2.47730362e+02, 6.54908001e-01, 9.54218018e+02,
       1.97810120e+02, 8.48634005e-01, 1.04823889e+03, 1.68232910e+02,
       8.40167880e-01, 1.09252258e+03, 3.44932739e+02, 5.40648043e-01,
       1.08945386e+03, 3.94914429e+02, 5.74547231e-01, 1.28669482e+03,
       4.21327118e+02, 6.82630539e-01, 1.53983044e+03, 4.12683929e+02,
       6.37378156e-01, 1.09545422e+03, 2.91960083e+02, 5.14901042e-01,
       1.31026392e+03, 2.91804901e+02, 6.97213411e-01, 1.55450806e+03,
       2.97756958e+02, 5.65760791e-01, 6.71562561e+02, 3.62381622e+02,
       7.92317152e-01, 6.71704102e+02, 3.21335602e+02, 8.07193696e-01,
       6.92117371e+02, 3.77214813e+02, 1.85927853e-01, 6.95208130e+02,
       2.91861786e+02, 5.31947017e-01, 1.63407703e+03, 2.68341125e+02,
       5.97538531e-01, 1.62814319e+03, 2.65435455e+02, 5.94931901e-01,
       1.56924060e+03, 3.27171082e+02, 3.35929334e-01, 1.62812207e+03,
       3.88999268e+02, 4.77598190e-01, 1.61051733e+03, 4.03728973e+02,
       3.95426333e-01, 1.55747290e+03, 4.12620880e+02, 2.89392173e-01 ]
