%YAML:1.0
---
pose_0: !!opencv-matrix
   rows: 1
   cols: 25
   dt: "3f"
   data: [ 6.65604858e+02, 5.27313416e+02, 8.53748441e-01,
       7.98095520e+02, 5.18464417e+02, 6.74846411e-01, 7.92198425e+02,
       6.00947144e+02, 7.09681153e-01, 8.77557556e+02, 7.27467224e+02,
       3.76210839e-01, 0., 0., 0., 8.09911804e+02, 4.33130035e+02,
       6.43978417e-01, 9.24686157e+02, 4.06640198e+02, 3.50822121e-01,
       9.71741089e+02, 4.00733978e+02, 6.36377752e-01, 1.09537305e+03,
       5.47936157e+02, 5.66169262e-01, 1.08071191e+03, 6.00858459e+02,
       5.47860682e-01, 1.28672107e+03, 5.95010864e+02, 3.13274622e-01,
       1.58397021e+03, 5.89153076e+02, 3.03292274e-01, 1.09838403e+03,
       4.83204620e+02, 5.17478228e-01, 1.29850098e+03, 4.80212219e+02,
       4.41598862e-01, 1.54281189e+03, 5.24386536e+02, 2.40262523e-01,
       6.47982117e+02, 5.44945740e+02, 8.12500358e-01, 6.47946289e+02,
       5.03786987e+02, 8.68836284e-01, 6.65663635e+02, 5.62671753e+02,
       3.06138664e-01, 6.71538025e+02, 4.74292145e+02, 5.58593869e-01,
       1.68111011e+03, 5.30310059e+02, 1.10941626e-01, 0., 0., 0.,
       1.57224072e+03, 5.27352844e+02, 1.78907052e-01, 1.70164319e+03,
       5.83268677e+02, 2.70938873e-01, 1.68408350e+03, 5.97979187e+02,
       2.49809533e-01, 1.60164001e+03, 5.94977966e+02, 2.31502205e-01 ]
