%YAML:1.0
---
pose_0: !!opencv-matrix
   rows: 1
   cols: 25
   dt: "3f"
   data: [ 5.77290283e+02, 4.94920319e+02, 7.75978565e-01,
       7.27476746e+02, 5.27251526e+02, 5.27303874e-01, 7.42112671e+02,
       6.24560913e+02, 5.82151771e-01, 8.92352600e+02, 6.71613525e+02,
       7.64508545e-01, 1.00708490e+03, 6.98164307e+02, 7.23749697e-01,
       6.98031250e+02, 4.36172943e+02, 4.38252062e-01, 8.24611938e+02,
       4.24310608e+02, 3.18544477e-01, 8.95293762e+02, 3.85959564e+02,
       5.81350267e-01, 1.06008862e+03, 5.24400696e+02, 4.79309678e-01,
       1.05709192e+03, 5.77292969e+02, 5.28157830e-01, 1.34846448e+03,
       5.86212463e+02, 3.08637500e-01, 1.50742773e+03, 5.92111084e+02,
       1.17479309e-01, 1.05123352e+03, 4.59568634e+02, 4.50065106e-01,
       1.23369958e+03, 4.33073944e+02, 2.39727929e-01, 1.42501306e+03,
       3.88972992e+02, 2.56342500e-01, 5.53904175e+02, 5.12660095e+02,
       7.41950452e-01, 5.62627686e+02, 4.68509247e+02, 7.36505389e-01,
       5.74457703e+02, 5.47991943e+02, 2.86126077e-01, 5.98049072e+02,
       4.36173309e+02, 4.32947248e-01, 1.52801111e+03, 3.65431152e+02,
       1.80577412e-01, 1.52213391e+03, 3.56611481e+02, 2.14833707e-01,
       1.44857495e+03, 3.80171356e+02, 9.62229595e-02, 0., 0., 0., 0.,
       0., 0., 0., 0., 0. ]
