%YAML:1.0
---
pose_0: !!opencv-matrix
   rows: 1
   cols: 25
   dt: "3f"
   data: [ 0., 0., 0., 8.48129883e+02, 4.71410309e+02, 2.11862490e-01,
       8.56986633e+02, 4.77298492e+02, 1.43427312e-01, 9.83593689e+02,
       4.83173584e+02, 9.94101167e-02, 0., 0., 0., 8.59988403e+02,
       4.71447205e+02, 3.14984381e-01, 9.86456787e+02, 4.77262299e+02,
       6.36846185e-01, 1.09247266e+03, 5.59704346e+02, 7.42248178e-01,
       1.12185388e+03, 4.12491699e+02, 4.19015020e-01, 1.13656726e+03,
       3.86014832e+02, 3.29805076e-01, 1.23671472e+03, 4.12616058e+02,
       1.34428650e-01, 0., 0., 0., 1.11307715e+03, 4.36041351e+02,
       3.64249527e-01, 1.34843530e+03, 4.83093872e+02, 6.55481398e-01,
       1.63106738e+03, 4.18496521e+02, 4.12218481e-01, 0., 0., 0., 0.,
       0., 0., 0., 0., 0., 7.98085999e+02, 4.83191132e+02,
       1.55599445e-01, 1.66934863e+03, 3.65520142e+02, 2.43360385e-01,
       1.67230981e+03, 3.68399139e+02, 2.11803108e-01, 1.67807617e+03,
       4.21396271e+02, 1.75845549e-01, 0., 0., 0., 0., 0., 0., 0., 0.,
       0. ]
