%YAML:1.0
---
pose_0: !!opencv-matrix
   rows: 1
   cols: 25
   dt: "3f"
   data: [ 0., 0., 0., 7.53969482e+02, 5.62650879e+02, 3.64446133e-01,
       7.65770752e+02, 5.15544922e+02, 1.72763571e-01, 0., 0., 0., 0.,
       0., 0., 7.33331970e+02, 6.21408569e+02, 6.48262858e-01,
       8.89319458e+02, 6.86234619e+02, 7.21952975e-01, 1.10129907e+03,
       6.98044617e+02, 4.55134451e-01, 1.06892456e+03, 5.50864441e+02,
       2.55741894e-01, 1.06888208e+03, 5.33222107e+02, 2.46864602e-01,
       1.33965283e+03, 5.53896240e+02, 5.68941653e-01, 1.62518091e+03,
       6.51013184e+02, 5.36568642e-01, 1.06007996e+03, 5.74388550e+02,
       1.91268176e-01, 1.37502795e+03, 5.30326477e+02, 4.12174761e-01,
       1.54867261e+03, 5.59713562e+02, 5.85045516e-01, 0., 0., 0., 0.,
       0., 0., 6.95047791e+02, 5.24315857e+02, 9.65879485e-02,
       6.45106384e+02, 5.92064514e+02, 2.76078075e-01, 1.62808521e+03,
       5.00838531e+02, 4.52293009e-01, 1.61640796e+03, 5.00870636e+02,
       4.29983050e-01, 1.56929333e+03, 5.80360046e+02, 4.28157598e-01,
       1.74878796e+03, 6.42040161e+02, 3.85785460e-01, 1.73704431e+03,
       6.50925293e+02, 3.38581979e-01, 1.65747815e+03, 6.83312500e+02,
       3.22122335e-01 ]
