%YAML:1.0
---
pose_0: !!opencv-matrix
   rows: 1
   cols: 25
   dt: "3f"
   data: [ 7.36337280e+02, 4.97861542e+02, 8.35969448e-01,
       8.54046692e+02, 5.30246277e+02, 7.37327814e-01, 8.57020142e+02,
       6.12639893e+02, 7.05317318e-01, 9.89455627e+02, 6.48166016e+02,
       7.59182870e-01, 1.11595337e+03, 6.77414978e+02, 8.19597781e-01,
       8.39314270e+02, 4.59761322e+02, 7.09522605e-01, 9.86517090e+02,
       3.89060211e+02, 8.01972508e-01, 8.74588928e+02, 4.15547546e+02,
       7.99428940e-01, 1.11891162e+03, 5.30200134e+02, 5.93547463e-01,
       1.11605286e+03, 5.77272461e+02, 5.97851098e-01, 1.31023096e+03,
       5.68539124e+02, 4.35342818e-01, 1.53394556e+03, 5.53839233e+02,
       4.63947713e-01, 1.11604858e+03, 4.80203522e+02, 6.00089073e-01,
       1.32787329e+03, 4.71384003e+02, 5.54536104e-01, 1.57809839e+03,
       4.56781586e+02, 5.00689447e-01, 7.18616516e+02, 5.12584717e+02,
       8.49629998e-01, 7.24501892e+02, 4.80218292e+02, 8.78369570e-01,
       7.36266296e+02, 5.47858765e+02, 7.22739041e-01, 7.56914734e+02,
       4.62624207e+02, 4.76350784e-01, 1.69581360e+03, 4.33166992e+02,
       2.56201565e-01, 1.69288574e+03, 4.27292664e+02, 2.44608819e-01,
       1.60164551e+03, 4.77273651e+02, 2.88183957e-01, 1.54270178e+03,
       5.77336548e+02, 5.31547442e-02, 1.54276416e+03, 5.83307434e+02,
       7.24892691e-02, 1.56634973e+03, 5.47934204e+02, 2.61269867e-01 ]
