%YAML:1.0
---
pose_0: !!opencv-matrix
   rows: 1
   cols: 25
   dt: "3f"
   data: [ 7.45250671e+02, 5.65639709e+02, 8.08594763e-01,
       8.30447144e+02, 5.15581604e+02, 5.88553548e-01, 8.15767700e+02,
       5.68496399e+02, 3.32715809e-01, 0., 0., 0., 0., 0., 0.,
       8.39376953e+02, 4.59732330e+02, 5.73208451e-01, 9.74818054e+02,
       4.56633667e+02, 8.11436415e-01, 1.09539441e+03, 4.65597321e+02,
       8.04252803e-01, 1.12481897e+03, 5.74441528e+02, 2.87050933e-01,
       1.12774658e+03, 6.18529114e+02, 2.65077293e-01, 1.35440173e+03,
       6.45035339e+02, 3.09507430e-01, 1.55457593e+03, 6.71602051e+02,
       4.36481744e-01, 1.12774536e+03, 5.50895386e+02, 2.47412279e-01,
       1.35738000e+03, 4.92016144e+02, 2.08703458e-01, 1.52806116e+03,
       4.56769012e+02, 1.10742129e-01, 7.36296204e+02, 5.74337891e+02,
       7.44309723e-01, 7.39227356e+02, 5.47957031e+02, 8.27199936e-01,
       0., 0., 0., 7.48109680e+02, 5.03819153e+02, 6.31641984e-01, 0.,
       0., 0., 0., 0., 0., 0., 0., 0., 1.62808032e+03, 6.62726257e+02,
       3.98766220e-01, 1.61349878e+03, 6.74479431e+02, 3.11593920e-01,
       1.60159851e+03, 6.89214172e+02, 1.08258098e-01 ]
