%YAML:1.0
---
pose_0: !!opencv-matrix
   rows: 1
   cols: 25
   dt: "3f"
   data: [ 7.03969666e+02, 4.62603302e+02, 8.15241516e-01,
       8.36479431e+02, 4.59737152e+02, 7.54842579e-01, 8.36415833e+02,
       5.50875061e+02, 7.25099087e-01, 9.30579102e+02, 6.50944153e+02,
       6.11107588e-01, 9.07027832e+02, 6.18617615e+02, 2.56632179e-01,
       8.45222961e+02, 3.77194305e+02, 6.54258609e-01, 9.42335632e+02,
       3.47880524e+02, 5.64290166e-01, 1.02188727e+03, 3.41826355e+02,
       8.13801169e-01, 1.12192297e+03, 4.80135529e+02, 5.93313575e-01,
       1.11604773e+03, 5.27272400e+02, 6.32343888e-01, 1.34851416e+03,
       5.53875000e+02, 7.26173460e-01, 1.51930432e+03, 5.53736694e+02,
       5.84904730e-01, 1.13068225e+03, 4.21426117e+02, 5.31857967e-01,
       1.33375269e+03, 4.39144531e+02, 7.53301978e-01, 1.58692383e+03,
       4.59680054e+02, 6.21131718e-01, 6.92091980e+02, 4.83160431e+02,
       8.45819354e-01, 6.92243469e+02, 4.47839966e+02, 8.22176993e-01,
       7.12711731e+02, 5.06668518e+02, 3.40342343e-01, 7.18661804e+02,
       4.15570190e+02, 6.26088560e-01, 1.63695288e+03, 4.18477997e+02,
       4.64234471e-01, 1.63390125e+03, 4.18482239e+02, 5.17796993e-01,
       1.61340186e+03, 4.74395966e+02, 2.90183783e-01, 1.59577087e+03,
       5.56849731e+02, 4.36467648e-01, 1.58680029e+03, 5.68575989e+02,
       4.13666189e-01, 1.55157471e+03, 5.33251953e+02, 3.22487503e-01 ]
