%YAML:1.0
---
pose_0: !!opencv-matrix
   rows: 1
   cols: 25
   dt: "3f"
   data: [ 7.09818359e+02, 4.59615387e+02, 8.17813516e-01,
       7.92304626e+02, 4.36170197e+02, 6.68794394e-01, 7.89290222e+02,
       5.03895996e+02, 5.02180874e-01, 9.48206909e+02, 5.27430664e+02,
       2.08485037e-01, 9.74693481e+02, 5.33305176e+02, 8.59950110e-02,
       8.06904358e+02, 3.68456818e+02, 6.88536644e-01, 8.83505859e+02,
       3.24317810e+02, 7.72759914e-01, 9.74615967e+02, 2.91993469e+02,
       8.62801194e-01, 1.08066956e+03, 4.68457489e+02, 5.48744917e-01,
       1.07189392e+03, 5.18493164e+02, 5.40755630e-01, 1.30737915e+03,
       5.56816467e+02, 7.56345212e-01, 1.60165466e+03, 6.24421692e+02,
       5.29226840e-01, 1.08947021e+03, 4.12623169e+02, 5.30782282e-01,
       1.31318652e+03, 4.27235718e+02, 6.20507717e-01, 1.60453357e+03,
       4.56640137e+02, 4.10431117e-01, 6.92133423e+02, 4.74345215e+02,
       7.60516644e-01, 6.95076050e+02, 4.36139893e+02, 8.15598726e-01,
       7.09754944e+02, 4.89072571e+02, 1.03656739e-01, 7.12819885e+02,
       4.00782440e+02, 6.08282208e-01, 1.68102319e+03, 4.33175568e+02,
       3.11760843e-01, 1.67807483e+03, 4.30244080e+02, 3.20783675e-01,
       0., 0., 0., 1.65166443e+03, 5.74519104e+02, 3.42593968e-01,
       1.63990991e+03, 5.89127930e+02, 2.72800028e-01, 1.63694116e+03,
       6.27401978e+02, 2.91727126e-01 ]
