%YAML:1.0
---
pose_0: !!opencv-matrix
   rows: 1
   cols: 25
   dt: "3f"
   data: [ 7.68722900e+02, 3.88930054e+02, 7.37367153e-01,
       8.45224487e+02, 2.94843750e+02, 3.68868172e-01, 8.54070862e+02,
       2.88906738e+02, 2.61703759e-01, 1.02767188e+03, 4.15564117e+02,
       5.56815743e-01, 1.14547351e+03, 4.97956085e+02, 7.12942541e-01,
       8.36332214e+02, 3.00744446e+02, 6.41396999e-01, 9.27579102e+02,
       4.39000244e+02, 6.54258788e-01, 1.02480469e+03, 5.80272156e+02,
       7.12627470e-01, 1.16311938e+03, 3.27178162e+02, 3.50669175e-01,
       1.16009424e+03, 3.65513275e+02, 3.13314021e-01, 1.34258740e+03,
       5.15568054e+02, 6.41764939e-01, 1.53976880e+03, 5.62711487e+02,
       4.38849002e-01, 1.16314185e+03, 2.97740814e+02, 3.49219799e-01,
       1.33675562e+03, 5.15619751e+02, 3.76648635e-01, 1.56924536e+03,
       5.59690735e+02, 4.87176657e-01, 7.62663269e+02, 3.89015045e+02,
       2.83752531e-01, 7.62726013e+02, 3.71376648e+02, 6.61600292e-01,
       0., 0., 0., 7.65834534e+02, 3.21406158e+02, 5.88510871e-01,
       1.59277930e+03, 6.42077454e+02, 3.93165886e-01, 1.60752417e+03,
       6.24493774e+02, 4.14727151e-01, 1.59283020e+03, 5.47880493e+02,
       3.96036237e-01, 1.49268970e+03, 6.53954590e+02, 4.48453903e-01,
       1.49280493e+03, 6.50916260e+02, 3.85559499e-01, 1.57512012e+03,
       5.30421082e+02, 1.62473589e-01 ]
