%YAML:1.0
---
pose_0: !!opencv-matrix
   rows: 1
   cols: 25
   dt: "3f"
   data: [ 7.15583008e+02, 5.53985107e+02, 8.17366958e-01,
       8.03974304e+02, 4.80147369e+02, 5.67485034e-01, 7.95204346e+02,
       5.21413330e+02, 4.34710771e-01, 9.09926758e+02, 5.65611206e+02,
       1.47863597e-01, 0., 0., 0., 7.98082214e+02, 4.44961060e+02,
       5.93335867e-01, 9.07111450e+02, 4.00778625e+02, 6.54817998e-01,
       1.07776428e+03, 4.35998840e+02, 7.80199647e-01, 1.11895703e+03,
       5.03755402e+02, 4.94125843e-01, 1.11896741e+03, 5.50784485e+02,
       5.10266125e-01, 1.30742615e+03, 6.12680847e+02, 7.37430155e-01,
       1.49562036e+03, 5.33303040e+02, 3.10318381e-01, 1.12185022e+03,
       4.56648621e+02, 4.28139895e-01, 1.35444763e+03, 4.62576355e+02,
       7.07286298e-01, 1.59575366e+03, 4.74339966e+02, 5.08965731e-01,
       6.97975281e+02, 5.53980957e+02, 5.02083264e-02, 7.00964172e+02,
       5.39166077e+02, 7.32383311e-01, 0., 0., 0., 7.18577332e+02,
       4.92024750e+02, 6.54034019e-01, 1.66057312e+03, 4.27295197e+02,
       2.33515486e-01, 1.66051538e+03, 4.30220917e+02, 2.50816464e-01,
       1.64873523e+03, 5.00801025e+02, 2.16128007e-01, 1.50153564e+03,
       6.12671509e+02, 7.58200660e-02, 0., 0., 0., 1.51621094e+03,
       5.30295776e+02, 2.09442854e-01 ]
