%YAML:1.0
---
pose_0: !!opencv-matrix
   rows: 1
   cols: 25
   dt: "3f"
   data: [ 6.95223755e+02, 5.06902100e+02, 7.74239719e-01,
       8.33448975e+02, 4.77286682e+02, 6.94319904e-01, 8.36453613e+02,
       5.74368713e+02, 5.50257981e-01, 9.77600891e+02, 6.39171997e+02,
       3.99131060e-01, 1.10131006e+03, 7.00988525e+02, 2.87866175e-01,
       8.42230286e+02, 3.68400635e+02, 5.90160012e-01, 1.00113434e+03,
       3.21362976e+02, 6.85737193e-01, 1.12183374e+03, 2.80072998e+02,
       7.88790584e-01, 1.12481848e+03, 5.30307190e+02, 4.03552592e-01,
       1.11893164e+03, 5.95062683e+02, 3.95741552e-01, 1.21606006e+03,
       6.62687744e+02, 7.05354437e-02, 0., 0., 0., 1.13661255e+03,
       4.68481262e+02, 3.79770994e-01, 1.33968091e+03, 5.00841034e+02,
       5.14551222e-01, 1.60163220e+03, 4.86150116e+02, 4.89473462e-01,
       6.74524170e+02, 5.21409424e+02, 4.41916823e-01, 6.80353149e+02,
       4.83212891e+02, 7.39934862e-01, 0., 0., 0., 6.98046021e+02,
       4.39022369e+02, 5.83944499e-01, 1.68699084e+03, 4.77268585e+02,
       2.91365921e-01, 1.68408142e+03, 4.65599548e+02, 2.89148390e-01,
       1.61339136e+03, 4.92050903e+02, 2.38623500e-01, 0., 0., 0., 0.,
       0., 0., 0., 0., 0. ]
