%YAML:1.0
---
pose_0: !!opencv-matrix
   rows: 1
   cols: 25
   dt: "3f"
   data: [ 7.71670288e+02, 5.27446594e+02, 7.41841316e-01,
       8.74677124e+02, 4.56650330e+02, 5.33941865e-01, 8.65789673e+02,
       4.47869568e+02, 3.30558866e-01, 0., 0., 0., 0., 0., 0.,
       8.83426636e+02, 4.59655426e+02, 7.39030242e-01, 1.02189679e+03,
       4.77196045e+02, 8.20192099e-01, 1.16303748e+03, 5.39138733e+02,
       7.39188313e-01, 1.14839014e+03, 3.88973236e+02, 5.08080602e-01,
       1.16899622e+03, 3.59606964e+02, 4.41952288e-01, 1.36321912e+03,
       4.86183380e+02, 7.26338089e-01, 1.56634143e+03, 3.86006439e+02,
       7.92695403e-01, 1.13074048e+03, 4.15509277e+02, 4.30393457e-01,
       1.35735254e+03, 5.30171143e+02, 6.85650110e-01, 1.63407605e+03,
       4.30152374e+02, 6.42452300e-01, 0., 0., 0., 7.65736084e+02,
       5.06897095e+02, 7.73374438e-01, 0., 0., 0., 7.89306763e+02,
       4.77297638e+02, 6.50423646e-01, 1.69576868e+03, 3.68479187e+02,
       3.77607971e-01, 1.68700330e+03, 3.74272644e+02, 3.71460736e-01,
       1.64282153e+03, 4.30224213e+02, 2.77236104e-01, 1.64577881e+03,
       3.80136749e+02, 1.10455066e-01, 1.63691785e+03, 3.80147247e+02,
       1.17983654e-01, 1.58694653e+03, 3.65448669e+02, 4.64034200e-01 ]
