%YAML:1.0
---
pose_0: !!opencv-matrix
   rows: 1
   cols: 25
   dt: "3f"
   data: [ 6.65672607e+02, 4.56791260e+02, 9.14749682e-01,
       7.92223206e+02, 4.89135223e+02, 7.24847376e-01, 7.95155579e+02,
       5.77392334e+02, 7.24002719e-01, 9.30480347e+02, 6.39165649e+02,
       8.26366365e-01, 9.83566345e+02, 6.12677979e+02, 7.92822242e-01,
       7.92309387e+02, 4.15537720e+02, 6.89173102e-01, 9.57014526e+02,
       3.65418579e+02, 9.14010525e-01, 8.42249939e+02, 3.65579987e+02,
       8.27324271e-01, 1.08070667e+03, 4.80197906e+02, 5.77299535e-01,
       1.07478711e+03, 5.27366028e+02, 6.33123338e-01, 1.27781873e+03,
       5.56866089e+02, 6.96461856e-01, 1.52214807e+03, 5.77419678e+02,
       5.18224120e-01, 1.08944275e+03, 4.27238922e+02, 5.38407326e-01,
       1.32499268e+03, 4.33093262e+02, 5.65235138e-01, 1.56926099e+03,
       4.53800934e+02, 6.27382398e-01, 6.47975403e+02, 4.71409698e+02,
       8.43679905e-01, 6.56841125e+02, 4.36111603e+02, 8.61259341e-01,
       6.65669800e+02, 5.03847961e+02, 7.07265496e-01, 6.89168091e+02,
       4.15470032e+02, 6.57962441e-01, 1.63693542e+03, 4.12513031e+02,
       5.08924186e-01, 1.63388635e+03, 4.12574036e+02, 5.39696276e-01,
       1.61038721e+03, 4.62552368e+02, 3.23702097e-01, 1.54569897e+03,
       5.80326538e+02, 5.72352745e-02, 0., 0., 0., 1.55747864e+03,
       5.59691040e+02, 2.62581736e-01 ]
