%YAML:1.0
---
pose_0: !!opencv-matrix
   rows: 1
   cols: 25
   dt: "3f"
   data: [ 7.59899170e+02, 3.65524902e+02, 8.89620185e-01,
       8.60025696e+02, 3.62386230e+02, 7.39048481e-01, 8.56991028e+02,
       4.30128815e+02, 6.51306510e-01, 9.86485840e+02, 4.59570923e+02,
       6.63388669e-01, 1.07487024e+03, 5.42093994e+02, 7.94937491e-01,
       8.74640198e+02, 2.88883667e+02, 6.72272921e-01, 1.00710455e+03,
       2.47823959e+02, 8.21224511e-01, 1.06887842e+03, 2.09460236e+02,
       8.14641953e-01, 1.13365149e+03, 3.88959045e+02, 6.02189779e-01,
       1.12189038e+03, 4.33239929e+02, 6.25923991e-01, 1.34259204e+03,
       4.97879181e+02, 6.97177112e-01, 1.53982642e+03, 5.33212769e+02,
       6.32161975e-01, 1.13953381e+03, 3.38953369e+02, 5.40255189e-01,
       1.32796631e+03, 3.33075165e+02, 4.20518279e-01, 1.57221765e+03,
       2.91962952e+02, 5.42253196e-01, 7.45111816e+02, 3.83130676e+02,
       8.02347422e-01, 7.45166565e+02, 3.47795898e+02, 8.11066747e-01,
       7.62899902e+02, 3.97898468e+02, 2.90069669e-01, 7.65829407e+02,
       3.21419128e+02, 5.50633013e-01, 1.64291895e+03, 2.71311462e+02,
       4.03501302e-01, 1.63705493e+03, 2.68344818e+02, 4.63017702e-01,
       1.62805652e+03, 2.97746033e+02, 2.34889492e-01, 1.61047729e+03,
       5.44991089e+02, 2.88670689e-01, 1.60745081e+03, 5.53920105e+02,
       3.10207337e-01, 1.57218066e+03, 5.24398193e+02, 3.71223867e-01 ]
