%YAML:1.0
---
pose_0: !!opencv-matrix
   rows: 1
   cols: 25
   dt: "3f"
   data: [ 7.36284607e+02, 5.00823486e+02, 8.43982518e-01,
       8.53955688e+02, 5.30359009e+02, 7.20995784e-01, 8.56871033e+02,
       6.12708191e+02, 7.01752663e-01, 9.86530090e+02, 6.48170288e+02,
       7.70468712e-01, 1.11588623e+03, 6.77435974e+02, 8.11641753e-01,
       8.36393433e+02, 4.59675354e+02, 6.66297853e-01, 9.98177551e+02,
       4.12466156e+02, 8.27494144e-01, 8.89319824e+02, 4.15461151e+02,
       8.22162211e-01, 1.11888306e+03, 5.30293152e+02, 6.28240049e-01,
       1.11308826e+03, 5.77351685e+02, 6.22050762e-01, 1.28966992e+03,
       5.74457397e+02, 2.38024712e-01, 1.51927991e+03, 5.62695862e+02,
       3.46749961e-01, 1.11892017e+03, 4.83098450e+02, 6.20376945e-01,
       1.30431287e+03, 4.80180206e+02, 6.30219936e-01, 1.57222144e+03,
       4.68447632e+02, 4.55484688e-01, 7.18578552e+02, 5.12700134e+02,
       8.46823096e-01, 7.21630432e+02, 4.80293396e+02, 8.85647714e-01,
       7.36255188e+02, 5.50868408e+02, 7.34243572e-01, 7.51006775e+02,
       4.59751984e+02, 4.97232854e-01, 1.65758240e+03, 4.27258484e+02,
       1.56396732e-01, 1.64871704e+03, 4.24344666e+02, 1.74148962e-01,
       1.60751538e+03, 4.80255646e+02, 2.75995225e-01, 1.54273132e+03,
       5.74435181e+02, 5.72184697e-02, 0., 0., 0., 1.54863037e+03,
       5.56817566e+02, 2.05748349e-01 ]
