%YAML:1.0
---
pose_0: !!opencv-matrix
   rows: 1
   cols: 25
   dt: "3f"
   data: [ 7.45105530e+02, 5.06753693e+02, 8.12298298e-01,
       8.57084961e+02, 5.06846344e+02, 7.29512274e-01, 8.59853882e+02,
       5.80405518e+02, 7.36951113e-01, 9.92409058e+02, 6.24567139e+02,
       7.84178257e-01, 1.11885364e+03, 6.71536804e+02, 8.55747759e-01,
       8.59958069e+02, 4.36096558e+02, 4.76199210e-01, 1.03653503e+03,
       4.00817963e+02, 2.22561181e-01, 1.16596619e+03, 3.86044891e+02,
       5.46547651e-01, 1.12483752e+03, 5.06815308e+02, 5.54729462e-01,
       1.12483533e+03, 5.53971924e+02, 5.73238254e-01, 1.33966541e+03,
       6.21652527e+02, 7.29845285e-01, 1.55457788e+03, 6.71687073e+02,
       5.92167258e-01, 1.12482739e+03, 4.56667297e+02, 5.19495130e-01,
       1.33090613e+03, 4.56762909e+02, 7.15276718e-01, 1.58105676e+03,
       4.71385071e+02, 6.42408848e-01, 7.24571838e+02, 5.21407837e+02,
       7.32788086e-01, 7.33350830e+02, 4.83207397e+02, 7.90837228e-01,
       7.45099548e+02, 5.33344299e+02, 1.15006931e-01, 7.59807922e+02,
       4.56570007e+02, 5.48340380e-01, 1.65163501e+03, 4.44911224e+02,
       3.68193477e-01, 1.63993567e+03, 4.39105774e+02, 4.41684008e-01,
       1.62804456e+03, 4.80169525e+02, 3.05865735e-01, 1.62221814e+03,
       6.53941711e+02, 4.99214411e-01, 1.61343323e+03, 6.68643433e+02,
       4.34408069e-01, 1.58693518e+03, 6.83353271e+02, 2.25784004e-01 ]
