%YAML:1.0
---
pose_0: !!opencv-matrix
   rows: 2
   cols: 25
   dt: "3f"
   data: [ 8.98228088e+02, 5.09733490e+02, 1.74564376e-01,
       9.51105530e+02, 5.33180176e+02, 5.32071769e-01, 9.24664246e+02,
       5.83279358e+02, 4.43435967e-01, 7.98117798e+02, 5.59725769e+02,
       4.45958585e-01, 8.83550964e+02, 5.09689423e+02, 1.83711946e-01,
       9.80632019e+02, 4.80243683e+02, 3.94291848e-01, 1.01884723e+03,
       4.24306335e+02, 1.42127186e-01, 1.01004980e+03, 3.88968384e+02,
       2.41411015e-01, 1.15720288e+03, 5.53867676e+02, 4.77986693e-01,
       1.14252454e+03, 5.97944336e+02, 4.34050649e-01, 1.36612708e+03,
       5.09707886e+02, 7.87601948e-01, 1.60460669e+03, 6.95154419e+02,
       6.07790470e-01, 1.16603857e+03, 5.09675598e+02, 4.32104677e-01,
       1.38973340e+03, 5.03874512e+02, 4.95262444e-01, 1.56347070e+03,
       5.77288452e+02, 7.16805518e-01, 8.86427856e+02, 5.15528931e+02,
       1.63929597e-01, 9.01153870e+02, 4.97872986e+02, 1.35729432e-01,
       8.83481201e+02, 5.30293335e+02, 1.20220646e-01, 9.24657959e+02,
       4.77288818e+02, 5.03922328e-02, 1.69876526e+03, 5.95027344e+02,
       1.97428480e-01, 1.69875537e+03, 5.94981140e+02, 1.77049533e-01,
       1.58390857e+03, 6.00947571e+02, 5.41922271e-01, 1.65455762e+03,
       7.15757446e+02, 4.10841882e-01, 1.63404578e+03, 7.27515991e+02,
       4.57552761e-01, 1.61635376e+03, 7.15710266e+02, 3.55642915e-01,
       7.39217285e+02, 4.80364563e+02, 3.84820461e-01, 7.48112183e+02,
       5.21457336e+02, 7.48005137e-02, 0., 0., 0., 0., 0., 0., 0., 0.,
       0., 0., 0., 0., 0., 0., 0., 0., 0., 0., 0., 0., 0., 0., 0., 0.,
       0., 0., 0., 0., 0., 0., 0., 0., 0., 0., 0., 0., 0., 0., 0.,
       7.27492065e+02, 4.89100006e+02, 3.21180403e-01, 7.33375183e+02,
       4.80341400e+02, 9.40148830e-02, 7.33369812e+02, 5.06808868e+02,
       1.13065116e-01, 0., 0., 0., 0., 0., 0., 0., 0., 0., 0., 0., 0.,
       0., 0., 0., 0., 0., 0., 0., 0., 0. ]
