%YAML:1.0
---
pose_0: !!opencv-matrix
   rows: 1
   cols: 25
   dt: "3f"
   data: [ 6.74556824e+02, 4.59528015e+02, 8.75263095e-01,
       8.12821289e+02, 4.83120056e+02, 7.62214422e-01, 8.12788513e+02,
       5.74411804e+02, 7.58424878e-01, 9.54167908e+02, 6.21513306e+02,
       8.09922874e-01, 9.83536377e+02, 5.95062866e+02, 7.67210424e-01,
       8.21612366e+02, 3.91939423e+02, 6.56678021e-01, 9.71729492e+02,
       3.24333344e+02, 7.70720243e-01, 8.83593079e+02, 3.44835846e+02,
       7.49918342e-01, 1.09834229e+03, 4.94993713e+02, 5.63091397e-01,
       1.09243848e+03, 5.42068542e+02, 5.96688807e-01, 1.31028406e+03,
       5.71516235e+02, 5.10355949e-01, 1.48095898e+03, 5.68536011e+02,
       5.76543629e-01, 1.10419287e+03, 4.36208191e+02, 5.23840606e-01,
       1.33671228e+03, 4.47880157e+02, 5.49418569e-01, 1.56333545e+03,
       4.50794037e+02, 5.84895849e-01, 6.65594116e+02, 4.71444183e+02,
       7.58181036e-01, 6.68719666e+02, 4.36056854e+02, 8.93061519e-01,
       6.80348572e+02, 4.97853912e+02, 4.16632980e-01, 6.95154480e+02,
       4.12483948e+02, 6.47887588e-01, 1.63989832e+03, 4.36171387e+02,
       4.95257437e-01, 1.63688599e+03, 4.33145660e+02, 5.47546506e-01,
       1.59570886e+03, 4.56715576e+02, 2.27636427e-01, 1.49269849e+03,
       6.50929382e+02, 3.88059199e-01, 1.47797534e+03, 6.45104858e+02,
       3.60962957e-01, 1.51035413e+03, 5.53809753e+02, 4.08419192e-01 ]
