%YAML:1.0
---
pose_0: !!opencv-matrix
   rows: 1
   cols: 25
   dt: "3f"
   data: [ 7.83357910e+02, 3.88992310e+02, 9.09575760e-01,
       9.01093079e+02, 4.27277435e+02, 7.11942554e-01, 9.01183350e+02,
       5.06691986e+02, 7.51073897e-01, 1.03065356e+03, 5.53997070e+02,
       8.23642254e-01, 1.07773157e+03, 4.59548492e+02, 8.16366315e-01,
       8.89413940e+02, 3.59507965e+02, 6.70724332e-01, 1.04233154e+03,
       2.77241516e+02, 7.65601635e-01, 1.16595679e+03, 2.00592972e+02,
       8.65722954e-01, 1.16301233e+03, 3.68465240e+02, 5.71304381e-01,
       1.16609302e+03, 4.12688477e+02, 5.98879099e-01, 1.37207251e+03,
       4.35983215e+02, 8.01990688e-01, 1.55159351e+03, 5.27379944e+02,
       6.78033710e-01, 1.15721033e+03, 3.18465057e+02, 5.84409535e-01,
       1.36028003e+03, 3.06571747e+02, 5.14824867e-01, 1.57803625e+03,
       2.91876495e+02, 6.46166801e-01, 7.65632385e+02, 4.00791107e+02,
       8.41132224e-01, 7.71661682e+02, 3.68399292e+02, 8.40563297e-01,
       7.80410522e+02, 4.30215759e+02, 6.61768675e-01, 8.01067139e+02,
       3.56599762e+02, 6.70104146e-01, 1.64281482e+03, 2.65359894e+02,
       4.07310009e-01, 1.63699622e+03, 2.59523163e+02, 4.40895200e-01,
       1.61044043e+03, 2.94783447e+02, 2.65357733e-01, 1.61636755e+03,
       5.47910950e+02, 6.22113228e-01, 1.60751099e+03, 5.53845093e+02,
       6.20578408e-01, 1.56628308e+03, 5.33190369e+02, 4.23958272e-01 ]
