%YAML:1.0
---
pose_0: !!opencv-matrix
   rows: 1
   cols: 25
   dt: "3f"
   data: [ 7.24532715e+02, 5.50802124e+02, 8.58503520e-01,
       8.36440063e+02, 5.80395447e+02, 7.23521411e-01, 8.36274902e+02,
       6.62717163e+02, 6.38828576e-01, 9.74711975e+02, 7.01030273e+02,
       7.73607075e-01, 1.11587329e+03, 7.39291260e+02, 8.82744610e-01,
       8.51068604e+02, 5.12634460e+02, 5.48540473e-01, 9.92331726e+02,
       4.62641022e+02, 2.37462431e-01, 9.98228394e+02, 4.59676208e+02,
       9.46238637e-02, 1.11306714e+03, 5.65596985e+02, 5.30179858e-01,
       1.11305359e+03, 6.18499573e+02, 5.36965013e-01, 1.30727173e+03,
       6.24390198e+02, 7.46609330e-01, 1.56038074e+03, 6.65697510e+02,
       6.22198880e-01, 1.11007019e+03, 5.06832581e+02, 5.77494919e-01,
       1.32492847e+03, 4.80194214e+02, 7.58395076e-01, 1.51916528e+03,
       4.39095459e+02, 6.02311909e-01, 7.12815857e+02, 5.59709534e+02,
       8.57865691e-01, 7.18750305e+02, 5.30213257e+02, 8.77841532e-01,
       7.18682861e+02, 5.94949768e+02, 7.80758560e-01, 7.53924011e+02,
       5.15539368e+02, 5.15094280e-01, 1.61343579e+03, 4.33105255e+02,
       3.40447336e-01, 1.61051855e+03, 4.27310394e+02, 3.29070151e-01,
       1.54277173e+03, 4.36099915e+02, 3.14930081e-01, 1.63403943e+03,
       6.65657227e+02, 5.08252621e-01, 1.63096143e+03, 6.71646301e+02,
       5.06082833e-01, 1.58688342e+03, 6.51011597e+02, 3.23416173e-01 ]
