%YAML:1.0
---
pose_0: !!opencv-matrix
   rows: 1
   cols: 25
   dt: "3f"
   data: [ 7.15619751e+02, 5.12675354e+02, 8.12916100e-01,
       8.51045654e+02, 5.53872314e+02, 7.13946104e-01, 8.39406311e+02,
       6.33354919e+02, 6.88536882e-01, 9.77726135e+02, 6.83319702e+02,
       7.40637660e-01, 1.11605029e+03, 7.21557373e+02, 8.29424977e-01,
       8.56914917e+02, 4.80215271e+02, 6.45051301e-01, 1.01005731e+03,
       4.33012634e+02, 7.44672835e-01, 1.14245483e+03, 4.03764069e+02,
       8.15371692e-01, 1.11597473e+03, 5.50949707e+02, 6.16190434e-01,
       1.11009216e+03, 6.00884399e+02, 5.94488680e-01, 1.33086206e+03,
       6.09801636e+02, 5.52857995e-01, 1.55455042e+03, 6.39174927e+02,
       5.46270072e-01, 1.11899658e+03, 4.97936829e+02, 5.70288420e-01,
       1.35142993e+03, 4.59612976e+02, 6.25808775e-01, 1.58689966e+03,
       4.18460175e+02, 5.72979331e-01, 7.01054749e+02, 5.30403015e+02,
       6.78633571e-01, 7.00987427e+02, 5.03782410e+02, 8.01378369e-01,
       7.18543823e+02, 5.59684265e+02, 6.75602138e-01, 7.30440857e+02,
       4.89035522e+02, 4.14204478e-01, 0., 0., 0., 0., 0., 0.,
       1.61044495e+03, 4.09639130e+02, 3.11585397e-01, 1.61931848e+03,
       6.12687439e+02, 4.96719658e-01, 1.61051929e+03, 6.24482788e+02,
       4.70138669e-01, 1.57221301e+03, 6.47998352e+02, 3.26718092e-01 ]
