%YAML:1.0
---
pose_0: !!opencv-matrix
   rows: 1
   cols: 25
   dt: "3f"
   data: [ 7.53960327e+02, 4.27252197e+02, 7.09738612e-01,
       8.21706604e+02, 4.15484406e+02, 6.44699275e-01, 8.21703491e+02,
       4.56797729e+02, 6.10117674e-01, 8.89315552e+02, 5.45017761e+02,
       7.93792129e-01, 7.62812073e+02, 5.00732300e+02, 8.58078182e-01,
       8.24601135e+02, 3.65529755e+02, 4.17307913e-01, 8.86390137e+02,
       3.38914581e+02, 7.23936200e-01, 7.48073059e+02, 3.85938843e+02,
       7.83086896e-01, 1.12191589e+03, 4.53776306e+02, 5.99281669e-01,
       1.11897473e+03, 5.00799103e+02, 6.00522518e-01, 1.31617017e+03,
       5.03702972e+02, 7.12057233e-01, 1.54285071e+03, 5.06889191e+02,
       6.61574423e-01, 1.13071497e+03, 4.06576599e+02, 5.75058758e-01,
       1.33078394e+03, 4.03670166e+02, 6.79034352e-01, 1.54567200e+03,
       3.89111633e+02, 6.70423925e-01, 7.42211548e+02, 4.36020264e+02,
       7.36027002e-01, 7.42253296e+02, 4.12440857e+02, 7.62888610e-01,
       7.53971252e+02, 4.56704041e+02, 2.62649179e-01, 7.51014954e+02,
       3.88973145e+02, 3.77796620e-01, 1.61640881e+03, 3.56612518e+02,
       5.23644745e-01, 1.61052490e+03, 3.53685333e+02, 5.63541234e-01,
       1.56626379e+03, 4.03691986e+02, 3.35784584e-01, 1.61345215e+03,
       4.83291168e+02, 5.15590608e-01, 1.60752722e+03, 5.00824707e+02,
       3.89498681e-01, 1.56924304e+03, 5.00818268e+02, 2.65644878e-01 ]
