%YAML:1.0
---
pose_0: !!opencv-matrix
   rows: 1
   cols: 25
   dt: "3f"
   data: [ 5.06614807e+02, 5.97862549e+02, 7.35169947e-01,
       6.74510193e+02, 5.24422241e+02, 2.60529339e-01, 6.27398132e+02,
       5.94980896e+02, 7.94547126e-02, 0., 0., 0., 0., 0., 0.,
       7.03955811e+02, 4.97883026e+02, 2.19697818e-01, 7.59879150e+02,
       6.92140747e+02, 7.36290216e-01, 5.42091797e+02, 6.48135376e+02,
       7.43654370e-01, 1.04536633e+03, 6.00935364e+02, 4.67137188e-01,
       1.02481433e+03, 6.68642029e+02, 4.67195779e-01, 1.30728809e+03,
       7.15730591e+02, 2.88566679e-01, 1.57514758e+03, 7.09843384e+02,
       1.52135745e-01, 1.06007251e+03, 5.30220947e+02, 4.00321573e-01,
       1.38386047e+03, 5.53765320e+02, 2.82868505e-01, 0., 0., 0.,
       4.80325256e+02, 6.00967285e+02, 4.34645176e-01, 4.97943604e+02,
       5.56723755e+02, 4.43335563e-01, 0., 0., 0., 5.30265991e+02,
       5.24368103e+02, 3.92525673e-01, 0., 0., 0., 0., 0., 0., 0., 0.,
       0., 0., 0., 0., 0., 0., 0., 0., 0., 0. ]
