%YAML:1.0
---
pose_0: !!opencv-matrix
   rows: 1
   cols: 25
   dt: "3f"
   data: [ 7.36337952e+02, 4.65541321e+02, 8.41518879e-01,
       8.36473938e+02, 4.62679901e+02, 6.68282568e-01, 8.36381226e+02,
       5.24369202e+02, 6.27584875e-01, 9.54100281e+02, 5.71491821e+02,
       2.79020756e-01, 9.89466248e+02, 5.92079346e+02, 2.69975364e-01,
       8.36402100e+02, 4.12450134e+02, 6.42432928e-01, 9.68822021e+02,
       3.41930328e+02, 7.60786176e-01, 1.06890247e+03, 3.35978210e+02,
       8.09994876e-01, 1.11305249e+03, 4.65542053e+02, 5.77374220e-01,
       1.10426208e+03, 5.15522827e+02, 5.76826155e-01, 1.29844434e+03,
       5.56812378e+02, 7.25519598e-01, 1.58102161e+03, 5.86248230e+02,
       5.55228353e-01, 1.11602039e+03, 4.12476654e+02, 5.90665281e-01,
       1.33674805e+03, 4.39098114e+02, 6.90233588e-01, 1.58689551e+03,
       4.12467316e+02, 6.70522451e-01, 7.18609070e+02, 4.83082153e+02,
       8.04605305e-01, 7.21565674e+02, 4.50830231e+02, 8.29516590e-01,
       7.42133789e+02, 5.03748535e+02, 3.09975356e-01, 7.45127319e+02,
       4.21338318e+02, 5.71935415e-01, 1.63994519e+03, 3.62592010e+02,
       4.97152865e-01, 1.63693567e+03, 3.65427399e+02, 5.28087378e-01,
       1.62812036e+03, 4.18466370e+02, 2.12537974e-01, 1.66342200e+03,
       6.45089111e+02, 3.16632569e-01, 1.65761633e+03, 6.42140137e+02,
       3.06856722e-01, 1.61342090e+03, 5.71396973e+02, 4.10260051e-01 ]
