%YAML:1.0
---
pose_0: !!opencv-matrix
   rows: 1
   cols: 25
   dt: "3f"
   data: [ 7.92198975e+02, 3.91977692e+02, 3.14983904e-01,
       8.57026672e+02, 4.36189911e+02, 5.36975205e-01, 8.65829102e+02,
       4.77288391e+02, 6.25162423e-01, 9.68784302e+02, 5.59754333e+02,
       7.88526416e-01, 1.04245642e+03, 5.27240906e+02, 7.85149574e-01,
       8.36441040e+02, 3.88969177e+02, 3.60417873e-01, 0., 0., 0., 0.,
       0., 0., 1.18365759e+03, 4.86192627e+02, 5.82008779e-01,
       1.17484497e+03, 5.30226196e+02, 5.27521133e-01, 1.33380383e+03,
       5.06633453e+02, 7.84545183e-01, 1.61041785e+03, 6.59769348e+02,
       4.93250132e-01, 1.18653333e+03, 4.42052460e+02, 5.56629956e-01,
       1.35730286e+03, 3.77268616e+02, 7.84876525e-01, 1.54281934e+03,
       4.83327209e+02, 6.28107309e-01, 7.86421143e+02, 4.09657013e+02,
       2.11842582e-01, 7.86367859e+02, 3.89120209e+02, 1.11279383e-01,
       7.92286560e+02, 4.27266968e+02, 2.31309280e-01, 0., 0., 0.,
       1.59869128e+03, 5.03727692e+02, 1.52612016e-01, 0., 0., 0.,
       1.56629419e+03, 5.15573181e+02, 3.88201505e-01, 1.66056335e+03,
       6.71639709e+02, 2.48671338e-01, 1.64869287e+03, 6.89159546e+02,
       2.67966449e-01, 1.64281958e+03, 6.83357422e+02, 3.16255599e-01 ]
