%YAML:1.0
---
pose_0: !!opencv-matrix
   rows: 1
   cols: 25
   dt: "3f"
   data: [ 6.98145813e+02, 5.03808899e+02, 8.42175484e-01,
       8.09794067e+02, 4.36208801e+02, 6.91114843e-01, 8.12862610e+02,
       5.00857391e+02, 4.80466634e-01, 9.98274536e+02, 5.53901428e+02,
       7.84001827e-01, 1.05415137e+03, 6.74501282e+02, 6.98021829e-01,
       7.98135498e+02, 3.83165100e+02, 6.94468319e-01, 8.80422241e+02,
       3.36068665e+02, 7.64172494e-01, 9.48162659e+02, 2.65412262e+02,
       7.70465255e-01, 1.10425073e+03, 4.33082306e+02, 4.47196364e-01,
       1.10127893e+03, 4.71420685e+02, 3.39965671e-01, 1.34263037e+03,
       5.06785217e+02, 3.15800369e-01, 1.54865625e+03, 4.12661377e+02,
       1.86775476e-01, 1.11303857e+03, 3.88965546e+02, 3.74299407e-01,
       1.35734558e+03, 4.74357605e+02, 5.33718348e-01, 1.59866687e+03,
       4.15573975e+02, 4.75464761e-01, 6.86293030e+02, 5.06720581e+02,
       4.25981730e-01, 6.89244690e+02, 4.80345917e+02, 8.15728128e-01,
       0., 0., 0., 7.09797180e+02, 4.33124664e+02, 6.58809066e-01,
       1.65168604e+03, 4.86205536e+02, 1.03910476e-01, 1.64870886e+03,
       4.80308594e+02, 8.96093696e-02, 1.62517139e+03, 4.06634888e+02,
       2.20796645e-01, 0., 0., 0., 0., 0., 0., 0., 0., 0. ]
