%YAML:1.0
---
pose_0: !!opencv-matrix
   rows: 1
   cols: 25
   dt: "3f"
   data: [ 7.95219360e+02, 5.03673126e+02, 8.21829081e-01,
       8.86384644e+02, 5.15552612e+02, 7.46880591e-01, 8.83441406e+02,
       5.92078430e+02, 6.63360894e-01, 9.18809692e+02, 7.06926941e+02,
       7.51340270e-01, 8.36438110e+02, 6.83286804e+02, 6.78096235e-01,
       9.01148254e+02, 4.44974335e+02, 7.25797355e-01, 9.51064148e+02,
       3.33134247e+02, 8.13703418e-01, 9.12897095e+02, 1.94697800e+02,
       7.78395772e-01, 1.13949707e+03, 5.24445984e+02, 6.09335065e-01,
       1.13658630e+03, 5.68588501e+02, 6.01427078e-01, 1.34263538e+03,
       6.24387878e+02, 7.57538915e-01, 1.52225928e+03, 6.45131897e+02,
       7.09767580e-01, 1.13956311e+03, 4.77290863e+02, 5.72078347e-01,
       1.34552625e+03, 4.59538696e+02, 6.75929964e-01, 1.56044067e+03,
       4.33150879e+02, 6.99899018e-01, 7.83418701e+02, 5.09753479e+02,
       8.32194626e-01, 7.86217102e+02, 4.83160461e+02, 8.36734951e-01,
       7.95156128e+02, 5.42005676e+02, 6.89957201e-01, 8.03953003e+02,
       4.62550079e+02, 3.51933241e-01, 1.62513477e+03, 4.39026733e+02,
       3.45820457e-01, 1.61637183e+03, 4.30161469e+02, 4.28162217e-01,
       1.58400720e+03, 4.15468323e+02, 2.97417194e-01, 1.58389453e+03,
       6.89160461e+02, 5.07346570e-01, 1.58397400e+03, 6.83324951e+02,
       5.11620164e-01, 1.55163330e+03, 6.24519165e+02, 5.07222772e-01 ]
