%YAML:1.0
---
pose_0: !!opencv-matrix
   rows: 1
   cols: 25
   dt: "3f"
   data: [ 6.15561951e+02, 4.86241821e+02, 7.70363152e-01,
       7.68720581e+02, 5.12609375e+02, 6.27414227e-01, 7.83352966e+02,
       6.24370117e+02, 6.55864716e-01, 9.30651611e+02, 6.92056763e+02,
       8.05359602e-01, 1.07770093e+03, 7.24565552e+02, 7.73429990e-01,
       7.77535339e+02, 4.06705933e+02, 5.66815197e-01, 9.30555847e+02,
       3.38985748e+02, 7.90992439e-01, 1.07182800e+03, 2.47671234e+02,
       7.10720360e-01, 1.08653711e+03, 4.83196716e+02, 4.58431184e-01,
       1.08358911e+03, 5.39130615e+02, 4.48064595e-01, 1.34847888e+03,
       5.33224548e+02, 2.02788040e-01, 1.51919177e+03, 5.62650024e+02,
       1.45583943e-01, 1.08064368e+03, 4.15561829e+02, 4.59576666e-01,
       1.32202869e+03, 3.44887360e+02, 3.69938970e-01, 1.42508691e+03,
       3.12390167e+02, 1.56916752e-01, 5.97863770e+02, 5.09682434e+02,
       7.98375010e-01, 5.98089722e+02, 4.68425171e+02, 8.10423970e-01,
       6.15665344e+02, 5.42035889e+02, 2.80054450e-01, 6.33251282e+02,
       4.36067993e+02, 5.21173179e-01, 1.54284192e+03, 2.65353851e+02,
       1.07878864e-01, 0., 0., 0., 1.55160950e+03, 2.77150452e+02,
       1.69835001e-01, 0., 0., 0., 0., 0., 0., 0., 0., 0. ]
