%YAML:1.0
---
pose_0: !!opencv-matrix
   rows: 1
   cols: 25
   dt: "3f"
   data: [ 7.56853638e+02, 4.03761383e+02, 6.78822875e-01,
       8.36448792e+02, 3.62531036e+02, 4.74935472e-01, 8.33475525e+02,
       4.00758453e+02, 2.35669270e-01, 1.04240479e+03, 4.33198273e+02,
       4.30090964e-01, 1.12487903e+03, 5.00870056e+02, 5.67681491e-01,
       8.42276611e+02, 3.38926849e+02, 7.11410224e-01, 9.42373901e+02,
       4.24305542e+02, 7.07729757e-01, 9.54247925e+02, 5.56765320e+02,
       7.74182200e-01, 1.14544080e+03, 3.59580597e+02, 3.21479976e-01,
       1.15131299e+03, 4.09578735e+02, 3.13392639e-01, 1.36912744e+03,
       5.06692291e+02, 6.49673879e-01, 1.56333728e+03, 5.50827881e+02,
       5.35918117e-01, 1.14248352e+03, 3.00721252e+02, 2.21400201e-01,
       1.36618079e+03, 2.68377686e+02, 5.19641578e-01, 1.58396643e+03,
       1.30076294e+02, 2.59460390e-01, 7.39327881e+02, 4.09727203e+02,
       5.83224773e-01, 7.42265747e+02, 3.85999512e+02, 7.12144017e-01,
       0., 0., 0., 7.62784607e+02, 3.62384918e+02, 5.77660501e-01,
       1.68116907e+03, 1.00586945e+02, 2.42548808e-01, 1.68397375e+03,
       9.76623306e+01, 2.07832024e-01, 0., 0., 0., 1.58392725e+03,
       6.21524841e+02, 3.30846846e-01, 1.56634570e+03, 6.15673523e+02,
       3.11324686e-01, 1.58994385e+03, 5.27386963e+02, 3.74978244e-01 ]
