%YAML:1.0
---
pose_0: !!opencv-matrix
   rows: 1
   cols: 25
   dt: "3f"
   data: [ 5.80280396e+02, 4.68474152e+02, 7.80139148e-01,
       7.42271423e+02, 5.03730438e+02, 6.01144671e-01, 7.56859741e+02,
       6.18597961e+02, 5.34577310e-01, 9.06973938e+02, 6.68637878e+02,
       6.87425852e-01, 1.07173975e+03, 7.21554077e+02, 8.41685414e-01,
       7.51046204e+02, 3.97865265e+02, 4.12451535e-01, 9.24648987e+02,
       3.41875793e+02, 6.92875206e-01, 1.07775488e+03, 2.88959259e+02,
       6.77665830e-01, 1.07773071e+03, 4.94965240e+02, 4.40706223e-01,
       1.06591638e+03, 5.53813354e+02, 4.48599875e-01, 1.33084839e+03,
       5.74399780e+02, 1.95983648e-01, 1.51624341e+03, 5.80323608e+02,
       6.53199553e-02, 1.08066687e+03, 4.33107269e+02, 4.44484949e-01,
       1.33670471e+03, 3.68460632e+02, 2.77412832e-01, 1.53983691e+03,
       2.59477081e+02, 2.65781969e-01, 5.68476990e+02, 4.94946808e+02,
       7.68768072e-01, 5.71471863e+02, 4.50792786e+02, 8.23424518e-01,
       5.86182495e+02, 5.50768188e+02, 2.70813972e-01, 6.01008179e+02,
       4.21330933e+02, 3.56677204e-01, 1.61054700e+03, 2.06505188e+02,
       5.74515425e-02, 1.61336682e+03, 2.06567749e+02, 6.58485144e-02,
       1.55747290e+03, 2.30114197e+02, 1.72465399e-01, 0., 0., 0., 0.,
       0., 0., 0., 0., 0. ]
