%YAML:1.0
---
pose_0: !!opencv-matrix
   rows: 1
   cols: 25
   dt: "3f"
   data: [ 6.98120789e+02, 4.80197357e+02, 8.34268808e-01,
       8.18690125e+02, 5.30204163e+02, 6.82979226e-01, 8.15794739e+02,
       6.03938538e+02, 6.97368383e-01, 9.42313171e+02, 6.36277161e+02,
       7.49805570e-01, 1.04839343e+03, 6.68701111e+02, 8.48393023e-01,
       8.06942871e+02, 4.56771576e+02, 4.47762609e-01, 8.98176697e+02,
       4.39053406e+02, 8.09472501e-02, 0., 0., 0., 1.09831763e+03,
       4.91988647e+02, 5.26253819e-01, 1.09542419e+03, 5.47865967e+02,
       5.73305845e-01, 1.28082520e+03, 5.53862305e+02, 2.88471609e-01,
       1.53982898e+03, 5.68584656e+02, 4.45791900e-01, 1.09248450e+03,
       4.33191376e+02, 5.38360238e-01, 1.34260242e+03, 4.56818146e+02,
       5.45706213e-01, 1.63103369e+03, 4.77274811e+02, 5.83177865e-01,
       6.80423340e+02, 4.89038483e+02, 7.85152078e-01, 6.95045471e+02,
       4.56744934e+02, 8.65043283e-01, 6.95050354e+02, 5.21441284e+02,
       5.23581088e-01, 7.18728577e+02, 4.39029846e+02, 4.51489419e-01,
       1.70473621e+03, 4.53700378e+02, 5.16297877e-01, 1.70170410e+03,
       4.44967712e+02, 5.31191707e-01, 1.64870166e+03, 4.92044525e+02,
       2.76273757e-01, 1.61630200e+03, 5.74460571e+02, 2.14059353e-01,
       1.60745483e+03, 5.80414246e+02, 1.94308832e-01, 1.57515930e+03,
       5.53862793e+02, 2.72902191e-01 ]
