%YAML:1.0
---
pose_0: !!opencv-matrix
   rows: 1
   cols: 25
   dt: "3f"
   data: [ 7.98137634e+02, 4.00767059e+02, 6.23606086e-01,
       8.59958801e+02, 3.56627380e+02, 6.41321123e-01, 8.12875671e+02,
       3.89032074e+02, 4.25630063e-01, 8.83418762e+02, 4.56765106e+02,
       5.32917500e-01, 9.45293030e+02, 5.42071228e+02, 5.26877522e-01,
       9.04122375e+02, 3.18412292e+02, 5.97961307e-01, 9.98336426e+02,
       4.33132141e+02, 6.38067245e-01, 1.05121326e+03, 5.50779175e+02,
       6.61811471e-01, 1.16894202e+03, 3.41898865e+02, 4.94833201e-01,
       1.17486572e+03, 3.86040710e+02, 4.75786000e-01, 1.34843091e+03,
       5.03846313e+02, 8.31253588e-01, 1.56334302e+03, 5.53841064e+02,
       6.80035770e-01, 1.16897229e+03, 2.94858887e+02, 4.48394656e-01,
       1.38675317e+03, 2.38840073e+02, 2.83720374e-01, 1.56040479e+03,
       1.41762756e+02, 2.56357580e-01, 7.83410950e+02, 3.97825714e+02,
       4.80829597e-01, 8.01080627e+02, 3.80197540e+02, 6.40916348e-01,
       0., 0., 0., 8.24559021e+02, 3.38884003e+02, 5.70819676e-01, 0.,
       0., 0., 0., 0., 0., 0., 0., 0., 1.59866418e+03, 6.33337158e+02,
       4.63166147e-01, 1.58984570e+03, 6.27398865e+02, 4.37548429e-01,
       1.58980591e+03, 5.36190186e+02, 5.41921377e-01 ]
