%YAML:1.0
---
pose_0: !!opencv-matrix
   rows: 1
   cols: 25
   dt: "3f"
   data: [ 7.62738770e+02, 3.65516876e+02, 8.83961260e-01,
       8.80578796e+02, 3.71321960e+02, 5.46743333e-01, 8.95266235e+02,
       4.36175598e+02, 5.07842898e-01, 1.02167883e+03, 4.83163391e+02,
       8.43308091e-01, 9.07009644e+02, 5.30237183e+02, 8.57474208e-01,
       8.71732178e+02, 3.18418518e+02, 3.78915548e-01, 1.02478149e+03,
       2.62480988e+02, 4.60463196e-01, 9.27596558e+02, 2.44851578e+02,
       5.13082743e-01, 1.16598962e+03, 3.71409119e+02, 5.35137713e-01,
       1.16308936e+03, 4.27214355e+02, 5.39344907e-01, 1.36327759e+03,
       4.44963898e+02, 6.87871099e-01, 1.56339038e+03, 4.74327942e+02,
       6.30685568e-01, 1.16597949e+03, 3.18322876e+02, 5.63136697e-01,
       1.36908350e+03, 3.12501068e+02, 5.58422923e-01, 1.57808533e+03,
       2.91852936e+02, 5.56622028e-01, 7.45212097e+02, 3.83175873e+02,
       7.83908367e-01, 7.51001404e+02, 3.50804718e+02, 7.49973416e-01,
       7.65634460e+02, 3.97889130e+02, 2.40811050e-01, 7.71588745e+02,
       3.30183075e+02, 4.33165431e-01, 1.63991699e+03, 2.62416473e+02,
       4.85496521e-01, 1.63410144e+03, 2.59457886e+02, 5.30191481e-01,
       1.61637561e+03, 2.94844177e+02, 2.63305545e-01, 1.58394556e+03,
       5.33229675e+02, 3.22755039e-01, 1.56626526e+03, 5.30291931e+02,
       3.43342274e-01, 1.59284863e+03, 4.59715271e+02, 5.59139550e-01 ]
