%YAML:1.0
---
pose_0: !!opencv-matrix
   rows: 1
   cols: 25
   dt: "3f"
   data: [ 7.89406006e+02, 5.03766418e+02, 8.77085090e-01,
       8.83530457e+02, 5.30178284e+02, 7.35481560e-01, 8.80587219e+02,
       5.77447998e+02, 7.84407020e-01, 9.80647522e+02, 6.21445496e+02,
       2.62246609e-01, 1.03359802e+03, 6.48018616e+02, 2.27675498e-01,
       8.77539063e+02, 4.77265167e+02, 5.83204985e-01, 9.48267456e+02,
       3.89062683e+02, 4.30249274e-01, 1.01888098e+03, 3.12492310e+02,
       6.55109167e-01, 1.16006885e+03, 5.50971558e+02, 5.83026648e-01,
       1.14838525e+03, 6.00847351e+02, 5.68749309e-01, 1.36326807e+03,
       6.39119446e+02, 5.82216859e-01, 1.54568921e+03, 6.98062683e+02,
       5.75076699e-01, 1.16301318e+03, 5.00898071e+02, 5.56110740e-01,
       1.32790442e+03, 4.36172089e+02, 3.54734004e-01, 1.54269678e+03,
       4.15522461e+02, 4.47298080e-01, 7.80408875e+02, 5.12664856e+02,
       7.85841107e-01, 7.86226257e+02, 4.83260437e+02, 8.56975317e-01,
       7.89404541e+02, 5.42108704e+02, 6.87924683e-01, 8.06926392e+02,
       4.68528290e+02, 5.64259589e-01, 1.63694653e+03, 3.41887909e+02,
       2.99791843e-01, 1.63403894e+03, 3.41936340e+02, 2.89992243e-01,
       1.56335669e+03, 4.42004791e+02, 2.33444348e-01, 1.60165466e+03,
       6.89159973e+02, 4.57656652e-01, 1.58990076e+03, 6.98063843e+02,
       4.12897587e-01, 1.57217407e+03, 7.12744690e+02, 3.18866879e-01 ]
