%YAML:1.0
---
pose_0: !!opencv-matrix
   rows: 1
   cols: 25
   dt: "3f"
   data: [ 6.94990112e+02, 4.62653198e+02, 8.20863664e-01,
       8.12809998e+02, 4.83181213e+02, 7.74502099e-01, 8.09873840e+02,
       5.68580933e+02, 7.00878680e-01, 9.36466614e+02, 6.62766602e+02,
       7.09489703e-01, 1.02184058e+03, 6.39205444e+02, 6.10636294e-01,
       8.24634766e+02, 4.03682709e+02, 6.36838317e-01, 9.80616821e+02,
       4.00728058e+02, 6.20765865e-01, 8.86439941e+02, 3.77198792e+02,
       5.08582950e-01, 1.09539038e+03, 4.97936554e+02, 5.43944597e-01,
       1.09535168e+03, 5.47867432e+02, 5.32840431e-01, 1.33083594e+03,
       5.50919312e+02, 7.65327096e-01, 1.59288672e+03, 5.83302063e+02,
       6.53438628e-01, 1.09543872e+03, 4.39040039e+02, 5.53645492e-01,
       1.35437732e+03, 4.36235229e+02, 5.05928576e-01, 1.56923755e+03,
       4.39098694e+02, 4.58548158e-01, 6.80396790e+02, 4.83084290e+02,
       7.13005185e-01, 6.80366272e+02, 4.47869965e+02, 7.23796487e-01,
       6.95052185e+02, 5.06651733e+02, 5.45337081e-01, 7.12738098e+02,
       4.27213165e+02, 4.34050262e-01, 1.63988196e+03, 4.18476807e+02,
       4.34452891e-01, 1.63406238e+03, 4.15537628e+02, 4.98209953e-01,
       1.62220728e+03, 4.50788483e+02, 2.76002467e-01, 1.69874731e+03,
       5.89194702e+02, 3.62712353e-01, 1.68402490e+03, 6.00923340e+02,
       3.78944516e-01, 1.62514685e+03, 5.74434570e+02, 3.50650221e-01 ]
