%YAML:1.0
---
pose_0: !!opencv-matrix
   rows: 1
   cols: 25
   dt: "3f"
   data: [ 7.39314514e+02, 5.06706696e+02, 9.06829119e-01,
       8.51068115e+02, 5.06809021e+02, 7.27646351e-01, 8.45201843e+02,
       5.77373413e+02, 6.40745342e-01, 9.83506348e+02, 6.47933716e+02,
       7.99288213e-01, 8.74681580e+02, 5.80307495e+02, 6.33196414e-01,
       8.53993530e+02, 4.33117676e+02, 6.49844170e-01, 9.59992126e+02,
       3.62624054e+02, 8.36315274e-01, 1.01300793e+03, 4.09615814e+02,
       8.44815314e-01, 1.11889600e+03, 5.53902771e+02, 5.92726052e-01,
       1.11303796e+03, 6.01036682e+02, 6.10472858e-01, 1.29552637e+03,
       6.45151306e+02, 2.52241015e-01, 1.53689270e+03, 6.15634155e+02,
       2.43982956e-01, 1.11900586e+03, 5.03769958e+02, 5.62727094e-01,
       1.33079053e+03, 5.53796204e+02, 6.09526694e-01, 1.61637598e+03,
       5.06679657e+02, 5.48046231e-01, 7.21569092e+02, 5.27192322e+02,
       8.52777958e-01, 7.30383545e+02, 4.86176697e+02, 8.19631875e-01,
       7.39305786e+02, 5.50942139e+02, 5.67910850e-01, 7.45250854e+02,
       4.65559296e+02, 4.87104714e-01, 1.70458679e+03, 4.53799622e+02,
       3.58656585e-01, 1.70172278e+03, 4.56615204e+02, 3.46620321e-01,
       1.65461707e+03, 5.30249817e+02, 2.72837102e-01, 0., 0., 0., 0.,
       0., 0., 1.56340845e+03, 6.03875122e+02, 1.60758451e-01 ]
