%YAML:1.0
---
pose_0: !!opencv-matrix
   rows: 1
   cols: 25
   dt: "3f"
   data: [ 7.42222900e+02, 4.12653656e+02, 8.58494580e-01,
       8.12903381e+02, 4.09456390e+02, 7.81342149e-01, 8.12847900e+02,
       4.65595032e+02, 6.94492519e-01, 9.09921143e+02, 5.15600586e+02,
       7.85671413e-01, 8.06931641e+02, 4.68508484e+02, 6.84415340e-01,
       8.12889771e+02, 3.39031036e+02, 6.72810912e-01, 9.27515991e+02,
       3.18381287e+02, 8.61128271e-01, 7.86414246e+02, 3.62503143e+02,
       7.89324403e-01, 1.09239441e+03, 4.36134552e+02, 5.76880515e-01,
       1.08362024e+03, 4.83104523e+02, 5.69668770e-01, 1.30732251e+03,
       5.03914001e+02, 6.86277032e-01, 1.53394153e+03, 5.27314392e+02,
       6.20982289e-01, 1.09546021e+03, 3.88911041e+02, 5.56205511e-01,
       1.35140686e+03, 3.88911194e+02, 5.84827602e-01, 1.54567761e+03,
       3.88956604e+02, 6.72548950e-01, 7.30450134e+02, 4.30161987e+02,
       7.79738963e-01, 7.36281921e+02, 3.94878723e+02, 7.94061780e-01,
       7.42110901e+02, 4.53764069e+02, 4.44865346e-01, 7.45208435e+02,
       3.65601563e+02, 6.70356750e-01, 1.61352734e+03, 3.59601440e+02,
       5.65086424e-01, 1.61043701e+03, 3.56582916e+02, 5.77441335e-01,
       1.57220154e+03, 3.94883789e+02, 2.79251307e-01, 1.58980359e+03,
       4.94980438e+02, 3.53512436e-01, 1.58105981e+03, 5.09684174e+02,
       2.82217026e-01, 1.56631873e+03, 5.21464539e+02, 2.97092021e-01 ]
