%YAML:1.0
---
pose_0: !!opencv-matrix
   rows: 1
   cols: 25
   dt: "3f"
   data: [ 6.89129761e+02, 5.44983826e+02, 7.16685295e-01,
       7.65677734e+02, 4.56624573e+02, 5.07778466e-01, 7.42191528e+02,
       4.71410126e+02, 2.64418364e-01, 0., 0., 0., 0., 0., 0.,
       7.89262390e+02, 4.41959076e+02, 6.53221846e-01, 8.98131775e+02,
       5.30186584e+02, 7.57197082e-01, 7.62852966e+02, 5.86196655e+02,
       7.58990645e-01, 1.11600330e+03, 4.59631866e+02, 2.19907671e-01,
       1.11009033e+03, 4.53750641e+02, 1.27482921e-01, 1.33969788e+03,
       4.92011139e+02, 2.78431714e-01, 1.61337024e+03, 4.18451813e+02,
       2.17236817e-01, 1.15128198e+03, 4.56710236e+02, 2.82074451e-01,
       1.34555457e+03, 5.00880249e+02, 5.19653738e-01, 1.63107666e+03,
       4.18471130e+02, 3.33499789e-01, 0., 0., 0., 6.71605835e+02,
       5.27217285e+02, 7.95296371e-01, 0., 0., 0., 6.92164734e+02,
       4.74406555e+02, 6.56900644e-01, 1.70456445e+03, 3.62478790e+02,
       3.37938994e-01, 1.70457239e+03, 3.62578491e+02, 2.97794610e-01,
       1.67813391e+03, 4.36137421e+02, 1.55939877e-01, 0., 0., 0., 0.,
       0., 0., 0., 0., 0. ]
