%YAML:1.0
---
pose_0: !!opencv-matrix
   rows: 1
   cols: 25
   dt: "3f"
   data: [ 7.68635864e+02, 4.36168732e+02, 8.51954997e-01,
       8.62968689e+02, 4.21414734e+02, 6.95855737e-01, 8.60067993e+02,
       4.97871124e+02, 6.40548289e-01, 9.15865234e+02, 5.27325256e+02,
       2.95022637e-01, 9.98291138e+02, 5.30371338e+02, 6.59374714e-01,
       8.80499634e+02, 3.53686829e+02, 6.83357596e-01, 1.02181732e+03,
       3.06552063e+02, 8.06641221e-01, 1.00116132e+03, 2.68328156e+02,
       8.44478250e-01, 1.12485059e+03, 4.56672852e+02, 5.77740371e-01,
       1.11603015e+03, 5.03788910e+02, 6.15424633e-01, 1.32492639e+03,
       5.50968445e+02, 5.12396395e-01, 1.48973889e+03, 6.03886963e+02,
       6.20592952e-01, 1.13660022e+03, 4.06647522e+02, 5.75306475e-01,
       1.33092773e+03, 4.15587524e+02, 6.14959478e-01, 1.57221680e+03,
       4.30146759e+02, 6.38816178e-01, 7.56883179e+02, 4.50838013e+02,
       7.81503499e-01, 7.59774231e+02, 4.18421814e+02, 7.92580247e-01,
       7.68740356e+02, 4.62668060e+02, 1.81390673e-01, 7.68745178e+02,
       3.89049347e+02, 5.99133193e-01, 1.63389478e+03, 3.97838501e+02,
       4.76740330e-01, 1.62513171e+03, 3.92007507e+02, 5.33765376e-01,
       1.60163831e+03, 4.36012299e+02, 3.72523308e-01, 1.49261938e+03,
       6.65582642e+02, 4.41311359e-01, 1.48098755e+03, 6.56882751e+02,
       4.41400230e-01, 1.51634058e+03, 5.97952148e+02, 4.51503813e-01 ]
