%YAML:1.0
---
pose_0: !!opencv-matrix
   rows: 1
   cols: 25
   dt: "3f"
   data: [ 7.21684082e+02, 4.59589478e+02, 8.59455764e-01,
       8.36291992e+02, 4.56782257e+02, 6.75173044e-01, 8.53971069e+02,
       5.24337952e+02, 6.08315885e-01, 9.57048645e+02, 5.45025024e+02,
       6.69468641e-01, 1.05417920e+03, 5.97880493e+02, 7.60894775e-01,
       8.24615723e+02, 3.97816620e+02, 5.75542331e-01, 9.77655090e+02,
       3.59483063e+02, 7.19857097e-01, 1.11602710e+03, 3.41870056e+02,
       8.72844934e-01, 1.10132495e+03, 4.71444214e+02, 5.32208562e-01,
       1.10132227e+03, 5.18492798e+02, 5.73996782e-01, 1.30727246e+03,
       5.21452698e+02, 7.22811341e-01, 1.56925732e+03, 5.12695068e+02,
       5.88734746e-01, 1.10716479e+03, 4.21418121e+02, 5.19171476e-01,
       1.34261963e+03, 4.12649963e+02, 5.48578918e-01, 1.53979883e+03,
       4.27247803e+02, 6.26389503e-01, 7.12753479e+02, 4.74349182e+02,
       7.78408349e-01, 7.15671814e+02, 4.38990723e+02, 8.47089231e-01,
       7.33303711e+02, 4.89062378e+02, 2.37808898e-01, 7.39201965e+02,
       4.12604065e+02, 6.85084820e-01, 1.61048083e+03, 4.03678833e+02,
       5.47609150e-01, 1.60748389e+03, 3.97857697e+02, 5.58739066e-01,
       1.56343774e+03, 4.41990051e+02, 4.21022058e-01, 1.66345862e+03,
       5.24406006e+02, 2.58697033e-01, 0., 0., 0., 1.59868066e+03,
       5.00798553e+02, 2.90544540e-01 ]
