%YAML:1.0
---
pose_0: !!opencv-matrix
   rows: 2
   cols: 25
   dt: "3f"
   data: [ 7.51041016e+02, 5.53910217e+02, 6.79930329e-01,
       8.36447876e+02, 4.86094147e+02, 4.71807718e-01, 8.33456665e+02,
       4.80279419e+02, 2.17858419e-01, 0., 0., 0., 0., 0., 0.,
       8.59938782e+02, 5.03679199e+02, 5.60719132e-01, 1.02182983e+03,
       5.00845490e+02, 5.56384027e-01, 1.16615417e+03, 5.09691193e+02,
       6.96010828e-01, 1.16309143e+03, 4.47869171e+02, 2.35184804e-01,
       1.11896350e+03, 4.62594299e+02, 1.01486713e-01, 0., 0., 0., 0.,
       0., 0., 1.20423242e+03, 4.33148193e+02, 3.83689433e-01,
       1.38386755e+03, 5.56839111e+02, 5.31115770e-01, 1.67524207e+03,
       4.09583160e+02, 3.53169292e-01, 7.39262451e+02, 5.50817810e+02,
       5.88092357e-02, 7.42176086e+02, 5.36223572e+02, 6.52960777e-01,
       0., 0., 0., 7.65686096e+02, 4.97953979e+02, 5.51225662e-01,
       1.72233228e+03, 4.71471436e+02, 7.09039792e-02, 1.72815662e+03,
       4.71397797e+02, 5.99586442e-02, 1.72515771e+03, 3.86035095e+02,
       1.85518309e-01, 0., 0., 0., 0., 0., 0., 0., 0., 0., 0., 0., 0.,
       0., 0., 0., 0., 0., 0., 0., 0., 0., 0., 0., 0., 0., 0., 0., 0.,
       0., 0., 0., 0., 0., 0., 0., 0., 1.21018616e+03, 4.15501190e+02,
       1.22925676e-01, 1.39562329e+03, 5.42104309e+02, 5.83648026e-01,
       1.58686621e+03, 4.30259552e+02, 3.49624455e-01, 0., 0., 0., 0.,
       0., 0., 0., 0., 0., 0., 0., 0., 0., 0., 0., 0., 0., 0., 0., 0.,
       0., 0., 0., 0., 0., 0., 0., 0., 0., 0., 0., 0., 0., 0., 0., 0.,
       0., 0., 0. ]
