%YAML:1.0
---
pose_0: !!opencv-matrix
   rows: 1
   cols: 25
   dt: "3f"
   data: [ 7.15685242e+02, 5.24348389e+02, 8.09969306e-01,
       8.12855286e+02, 4.59620667e+02, 5.71585894e-01, 7.92266357e+02,
       4.47877167e+02, 3.38797271e-01, 8.65801453e+02, 5.50913635e+02,
       1.22161314e-01, 8.36402893e+02, 5.74403198e+02, 1.28219217e-01,
       8.36304810e+02, 4.65539459e+02, 5.72570324e-01, 9.12930054e+02,
       5.56869507e+02, 7.68359184e-01, 8.18759705e+02, 5.86249512e+02,
       6.95030093e-01, 1.11898535e+03, 4.44919708e+02, 3.47224742e-01,
       1.09835071e+03, 4.71419312e+02, 1.86830953e-01, 1.33079211e+03,
       4.83300690e+02, 4.03429210e-01, 1.56635828e+03, 4.06678802e+02,
       3.23291689e-01, 1.13952698e+03, 4.21409760e+02, 3.23672503e-01,
       1.33676477e+03, 4.91994080e+02, 6.10722363e-01, 1.63397156e+03,
       4.12565460e+02, 5.31476915e-01, 7.03931580e+02, 5.15591858e+02,
       7.32715130e-02, 7.09848389e+02, 5.03739258e+02, 7.86162496e-01,
       0., 0., 0., 7.36283386e+02, 4.59695343e+02, 6.40054286e-01,
       1.70168372e+03, 3.65378662e+02, 3.10329497e-01, 1.69878284e+03,
       3.65456940e+02, 2.88771510e-01, 1.67516748e+03, 4.15506989e+02,
       1.74986601e-01, 0., 0., 0., 0., 0., 0., 1.58689587e+03,
       3.65430267e+02, 1.72809154e-01 ]
