%YAML:1.0
---
pose_0: !!opencv-matrix
   rows: 1
   cols: 25
   dt: "3f"
   data: [ 7.42241394e+02, 4.91976166e+02, 7.97840536e-01,
       8.33298889e+02, 4.18453064e+02, 5.20257235e-01, 8.15857605e+02,
       4.33121826e+02, 3.49895447e-01, 9.39410522e+02, 4.89108978e+02,
       1.26962826e-01, 8.68773254e+02, 5.21424561e+02, 2.19519407e-01,
       8.36347107e+02, 4.12577881e+02, 7.85098016e-01, 9.71689331e+02,
       5.03769287e+02, 8.61170292e-01, 8.53936096e+02, 5.39110657e+02,
       7.67691612e-01, 1.09537354e+03, 4.03720886e+02, 3.53125662e-01,
       1.11303040e+03, 3.65464294e+02, 2.37784952e-01, 1.33376184e+03,
       4.53708679e+02, 2.96708882e-01, 1.59868274e+03, 4.03679932e+02,
       1.99898645e-01, 1.09245361e+03, 4.27264587e+02, 3.35728914e-01,
       1.34848694e+03, 4.68436615e+02, 6.13322675e-01, 1.62221619e+03,
       4.06582855e+02, 3.44238728e-01, 7.36236206e+02, 4.92103394e+02,
       9.73281562e-02, 7.39093262e+02, 4.77354858e+02, 7.90144801e-01,
       0., 0., 0., 7.45115967e+02, 4.30239868e+02, 6.79775596e-01,
       1.68401843e+03, 3.59509827e+02, 2.79136568e-01, 1.68412964e+03,
       3.59578156e+02, 2.37615004e-01, 1.68102454e+03, 4.09598541e+02,
       1.41925916e-01, 0., 0., 0., 0., 0., 0., 1.69578394e+03,
       3.94886169e+02, 6.15169778e-02 ]
