%YAML:1.0
---
pose_0: !!opencv-matrix
   rows: 1
   cols: 25
   dt: "3f"
   data: [ 7.27539490e+02, 5.18557556e+02, 7.74801791e-01,
       8.39355652e+02, 5.24336182e+02, 6.41344011e-01, 8.36329895e+02,
       5.95000793e+02, 5.91371417e-01, 9.98236450e+02, 6.30326599e+02,
       6.15545690e-01, 1.13651794e+03, 6.71579407e+02, 7.81825602e-01,
       8.59918213e+02, 4.42027649e+02, 5.37119746e-01, 1.00413470e+03,
       4.21383759e+02, 3.49702269e-01, 1.11008203e+03, 4.21416687e+02,
       1.88705117e-01, 1.12187024e+03, 5.30201233e+02, 5.84043086e-01,
       1.11885754e+03, 5.77289307e+02, 6.31309092e-01, 1.29555420e+03,
       6.27424255e+02, 2.66716301e-01, 1.45450024e+03, 6.36255249e+02,
       4.18373078e-01, 1.12487158e+03, 4.77320404e+02, 5.42234898e-01,
       1.31021484e+03, 5.09775421e+02, 7.57452965e-01, 1.59869836e+03,
       5.27322693e+02, 5.98510921e-01, 7.15616882e+02, 5.30419189e+02,
       8.01503301e-01, 7.15830688e+02, 4.97960938e+02, 8.38867545e-01,
       7.39162842e+02, 5.53835022e+02, 3.03143531e-01, 7.42179810e+02,
       4.68526215e+02, 4.93500113e-01, 1.70164783e+03, 4.92021179e+02,
       3.88894945e-01, 1.69581250e+03, 4.89037170e+02, 3.67785752e-01,
       1.61637524e+03, 5.47912903e+02, 2.58390695e-01, 1.49274902e+03,
       6.68683411e+02, 1.96982831e-01, 1.47805188e+03, 6.68616455e+02,
       2.59327143e-01, 1.49568420e+03, 6.18532043e+02, 3.07139337e-01 ]
