%YAML:1.0
---
pose_0: !!opencv-matrix
   rows: 1
   cols: 25
   dt: "3f"
   data: [ 6.86269775e+02, 5.06750580e+02, 8.71375740e-01,
       8.06846680e+02, 5.33175415e+02, 6.93263888e-01, 7.92287903e+02,
       6.18500488e+02, 6.57584071e-01, 8.86479858e+02, 6.92073669e+02,
       4.27993238e-01, 9.48195618e+02, 6.71570618e+02, 1.50341377e-01,
       8.15804382e+02, 4.59613373e+02, 5.03882170e-01, 9.24663086e+02,
       4.47861298e+02, 3.04894179e-01, 9.89426636e+02, 4.71434540e+02,
       2.01753631e-01, 1.09543848e+03, 5.21416443e+02, 5.11317372e-01,
       1.09539587e+03, 5.68567688e+02, 5.36729097e-01, 1.31909998e+03,
       5.74451599e+02, 7.50162065e-01, 1.60745886e+03, 6.00824280e+02,
       6.14051521e-01, 1.09538037e+03, 4.62552185e+02, 5.06735086e-01,
       1.33965686e+03, 4.56686157e+02, 5.14565945e-01, 1.56633337e+03,
       4.77222931e+02, 5.68913877e-01, 6.68583191e+02, 5.24405823e+02,
       8.32117140e-01, 6.71685425e+02, 4.86193481e+02, 8.56213868e-01,
       6.86305115e+02, 5.50882813e+02, 6.23342693e-01, 6.98141296e+02,
       4.71364838e+02, 5.86985826e-01, 1.63109668e+03, 4.56744232e+02,
       4.78499681e-01, 1.62806543e+03, 4.53761230e+02, 5.46333253e-01,
       1.60744312e+03, 4.83246124e+02, 2.86401242e-01, 1.70174036e+03,
       5.83286133e+02, 4.57580596e-01, 1.68991394e+03, 5.98014893e+02,
       4.04690325e-01, 1.62809998e+03, 5.97992554e+02, 3.21081668e-01 ]
