%YAML:1.0
---
pose_0: !!opencv-matrix
   rows: 1
   cols: 25
   dt: "3f"
   data: [ 6.27466187e+02, 5.30230164e+02, 8.57504785e-01,
       7.65729797e+02, 5.39144287e+02, 6.77241504e-01, 7.65858337e+02,
       6.33335449e+02, 6.20921493e-01, 9.12945496e+02, 6.92252380e+02,
       7.23367333e-01, 1.06304395e+03, 7.62837952e+02, 7.43621647e-01,
       7.68740784e+02, 4.53685638e+02, 5.94852328e-01, 9.12865479e+02,
       4.03680817e+02, 7.34131098e-01, 1.06297656e+03, 3.47790924e+02,
       7.94492483e-01, 1.06892004e+03, 5.68524048e+02, 5.47609746e-01,
       1.06296594e+03, 6.21528259e+02, 5.70865810e-01, 1.33090479e+03,
       6.42089600e+02, 5.05056500e-01, 1.61931580e+03, 6.65633240e+02,
       5.61363876e-01, 1.07180774e+03, 5.03870026e+02, 5.61991453e-01,
       1.31613855e+03, 5.03779480e+02, 5.99536300e-01, 1.56633655e+03,
       4.94967865e+02, 4.91601378e-01, 6.12659302e+02, 5.47929810e+02,
       8.04177821e-01, 6.21444092e+02, 5.06651794e+02, 8.87666464e-01,
       6.24555054e+02, 5.71386414e+02, 2.43770450e-01, 6.45095520e+02,
       4.80150330e+02, 6.06700242e-01, 1.68109009e+03, 5.03735779e+02,
       3.76695424e-01, 1.68109534e+03, 4.92027893e+02, 3.93478096e-01,
       1.57518811e+03, 4.86100250e+02, 2.02014431e-01, 1.71348059e+03,
       6.68587708e+02, 2.47856051e-01, 1.70456409e+03, 6.77486145e+02,
       2.76771843e-01, 1.63989917e+03, 6.47963318e+02, 3.19761127e-01 ]
