%YAML:1.0
---
pose_0: !!opencv-matrix
   rows: 1
   cols: 25
   dt: "3f"
   data: [ 7.27522705e+02, 5.30264404e+02, 8.34040165e-01,
       8.36427429e+02, 5.24332642e+02, 6.31686509e-01, 8.18763245e+02,
       5.74420410e+02, 4.68530118e-01, 0., 0., 0., 0., 0., 0.,
       8.54087219e+02, 4.62608765e+02, 5.79223752e-01, 9.71783936e+02,
       4.56551605e+02, 7.41499424e-01, 1.10128613e+03, 4.36006836e+02,
       8.36115181e-01, 1.10714978e+03, 5.77289368e+02, 5.75092912e-01,
       1.10128857e+03, 6.24423462e+02, 5.72761536e-01, 1.31911511e+03,
       6.27367920e+02, 7.65827179e-01, 1.56046118e+03, 6.71511719e+02,
       6.25128031e-01, 1.11305530e+03, 5.27343140e+02, 5.65601587e-01,
       1.32491443e+03, 5.00833984e+02, 6.08205795e-01, 1.55746277e+03,
       4.39105560e+02, 5.90382695e-01, 7.15773132e+02, 5.48004639e+02,
       8.14030290e-01, 7.15803528e+02, 5.12690063e+02, 8.12472701e-01,
       7.36307556e+02, 5.68591675e+02, 3.05611223e-01, 7.39252747e+02,
       4.86079346e+02, 6.59316540e-01, 1.63704858e+03, 4.39040253e+02,
       2.71301717e-01, 1.63394336e+03, 4.24358856e+02, 3.00226241e-01,
       1.57219617e+03, 4.24369415e+02, 1.79903120e-01, 1.63106165e+03,
       6.50978149e+02, 4.29482043e-01, 1.62221631e+03, 6.68625854e+02,
       3.78660083e-01, 1.59277551e+03, 6.71592529e+02, 2.65730321e-01 ]
