%YAML:1.0
---
pose_0: !!opencv-matrix
   rows: 1
   cols: 25
   dt: "3f"
   data: [ 7.33368530e+02, 5.00737671e+02, 7.90592611e-01,
       8.30490784e+02, 4.77271576e+02, 5.88450670e-01, 8.01092957e+02,
       4.83265320e+02, 3.78658861e-01, 0., 0., 0., 0., 0., 0.,
       8.56935303e+02, 4.65579926e+02, 6.48664773e-01, 9.77778320e+02,
       4.83234253e+02, 8.11352134e-01, 1.04519580e+03, 5.98044495e+02,
       6.37957931e-01, 1.13949182e+03, 4.33108765e+02, 4.40188557e-01,
       1.13069971e+03, 4.59629578e+02, 2.70986587e-01, 1.34840173e+03,
       4.83083710e+02, 7.37931252e-01, 1.56040710e+03, 3.97878479e+02,
       4.72779334e-01, 1.15423450e+03, 3.94879547e+02, 3.91569853e-01,
       1.35154187e+03, 5.27192200e+02, 7.98734546e-01, 1.63397388e+03,
       4.15515442e+02, 4.60341811e-01, 7.15611084e+02, 4.97914581e+02,
       6.18156791e-01, 7.30414612e+02, 4.77300873e+02, 7.57641077e-01,
       0., 0., 0., 7.59879700e+02, 4.42058411e+02, 6.83460414e-01,
       1.69880408e+03, 3.65475128e+02, 2.54193693e-01, 1.70162891e+03,
       3.65524139e+02, 2.34110296e-01, 1.66637329e+03, 4.15484131e+02,
       1.82254031e-01, 0., 0., 0., 0., 0., 0., 1.58688525e+03,
       3.65465973e+02, 2.56095171e-01 ]
