%YAML:1.0
---
pose_0: !!opencv-matrix
   rows: 2
   cols: 25
   dt: "3f"
   data: [ 7.89439026e+02, 3.89065308e+02, 8.54760349e-01,
       8.89355103e+02, 3.68474060e+02, 6.47173882e-01, 8.80507446e+02,
       4.33092621e+02, 7.96943784e-01, 9.51174194e+02, 3.65366089e+02,
       8.23505521e-01, 8.57072021e+02, 2.50763092e+02, 6.98258162e-01,
       9.09976807e+02, 3.06592987e+02, 3.33842039e-01, 0., 0., 0., 0.,
       0., 0., 1.13069397e+03, 4.18489014e+02, 6.12583816e-01,
       1.11593433e+03, 4.65495209e+02, 6.32547140e-01, 1.30440601e+03,
       5.80265564e+02, 8.26510131e-01, 1.49575525e+03, 6.95026001e+02,
       6.71170712e-01, 1.14544666e+03, 3.68440613e+02, 5.92872024e-01,
       1.34848035e+03, 3.68366119e+02, 6.81310594e-01, 1.54865125e+03,
       3.92033386e+02, 6.45533741e-01, 7.83319519e+02, 4.03727386e+02,
       7.30826437e-01, 7.83331665e+02, 3.68465363e+02, 7.95684755e-01,
       8.09750793e+02, 4.12492920e+02, 1.14945449e-01, 7.95239502e+02,
       3.39080811e+02, 5.38106680e-01, 1.61349414e+03, 3.71315491e+02,
       5.40950537e-01, 1.61044568e+03, 3.65520691e+02, 5.79104841e-01,
       1.56929773e+03, 4.09534882e+02, 3.75137061e-01, 1.58393286e+03,
       7.42197937e+02, 6.14427149e-01, 1.56629163e+03, 7.45114441e+02,
       5.91509223e-01, 1.51917371e+03, 6.92220703e+02, 4.99884933e-01,
       0., 0., 0., 0., 0., 0., 0., 0., 0., 0., 0., 0., 0., 0., 0.,
       9.18762573e+02, 3.00713013e+02, 3.33996654e-01, 9.98154724e+02,
       1.91832275e+02, 4.25699830e-01, 8.83436829e+02, 1.71186203e+02,
       6.97862267e-01, 0., 0., 0., 0., 0., 0., 0., 0., 0., 0., 0., 0.,
       0., 0., 0., 0., 0., 0., 0., 0., 0., 0., 0., 0., 0., 0., 0., 0.,
       0., 0., 0., 0., 0., 0., 0., 0., 0., 0., 0., 0., 0., 0., 0., 0.,
       0., 0., 0., 0., 0., 0., 0. ]
