%YAML:1.0
---
pose_0: !!opencv-matrix
   rows: 1
   cols: 25
   dt: "3f"
   data: [ 7.42365356e+02, 3.38959320e+02, 8.20969343e-01,
       8.30405212e+02, 2.65387878e+02, 4.89166051e-01, 8.27585815e+02,
       2.50663956e+02, 3.75262171e-01, 9.09948425e+02, 4.09503693e+02,
       5.24975508e-02, 0., 0., 0., 8.18794373e+02, 2.77182953e+02,
       6.95883155e-01, 9.12981323e+02, 4.12521667e+02, 7.85274923e-01,
       9.77777771e+02, 5.44928711e+02, 8.43119383e-01, 1.12775366e+03,
       2.86018097e+02, 4.39219058e-01, 1.12186133e+03, 3.33106628e+02,
       4.86444175e-01, 1.29554956e+03, 4.59708221e+02, 8.03280294e-01,
       1.50160156e+03, 4.77254578e+02, 4.72639889e-01, 1.12483459e+03,
       2.30046356e+02, 3.61600697e-01, 1.37790894e+03, 2.15345001e+02,
       4.28768039e-01, 1.52806641e+03, 1.32984512e+02, 1.67151660e-01,
       7.36302429e+02, 3.39066254e+02, 5.06699085e-01, 7.39184143e+02,
       3.18464844e+02, 8.16100657e-01, 0., 0., 0., 7.42116821e+02,
       2.71419037e+02, 6.97535992e-01, 1.58681604e+03, 9.17320251e+01,
       1.53350919e-01, 0., 0., 0., 1.56332043e+03, 1.41739166e+02,
       1.10173747e-01, 1.51626550e+03, 4.86166626e+02, 7.56106898e-02,
       0., 0., 0., 1.53974341e+03, 4.68469147e+02, 3.14192683e-01 ]
