%YAML:1.0
---
pose_0: !!opencv-matrix
   rows: 1
   cols: 25
   dt: "3f"
   data: [ 6.71676636e+02, 5.27429443e+02, 7.05885172e-01,
       7.86326050e+02, 4.77278961e+02, 7.24501133e-01, 7.89205750e+02,
       5.65553528e+02, 6.86658978e-01, 9.09968628e+02, 6.03900635e+02,
       3.56810361e-01, 9.51185364e+02, 6.24416382e+02, 5.89252353e-01,
       7.86421326e+02, 3.88957703e+02, 6.62645340e-01, 9.54077148e+02,
       3.36015106e+02, 6.78533196e-01, 1.01891125e+03, 2.74220215e+02,
       6.35311484e-01, 1.09545532e+03, 5.15577148e+02, 5.53786397e-01,
       1.08649683e+03, 5.71530090e+02, 5.78518748e-01, 1.32798254e+03,
       6.39143494e+02, 7.42804945e-01, 1.51917859e+03, 6.24431030e+02,
       6.15521431e-01, 1.11009741e+03, 4.56710602e+02, 5.20830393e-01,
       1.34852795e+03, 4.80245026e+02, 5.91552138e-01, 1.61343701e+03,
       4.89115356e+02, 5.53379714e-01, 6.65640686e+02, 5.33217773e+02,
       1.46429420e-01, 6.65621216e+02, 5.21398071e+02, 5.95040381e-01,
       0., 0., 0., 6.68593445e+02, 4.92045288e+02, 5.42113185e-01,
       1.68707117e+03, 4.59653534e+02, 4.80307251e-01, 1.68398059e+03,
       4.59569183e+02, 5.03573418e-01, 1.63398645e+03, 5.06729126e+02,
       2.70965725e-01, 1.61634998e+03, 6.44973633e+02, 4.02988672e-01,
       1.59872900e+03, 6.48071716e+02, 4.04177904e-01, 1.54575085e+03,
       6.00960632e+02, 3.83266211e-01 ]
