%YAML:1.0
---
pose_0: !!opencv-matrix
   rows: 1
   cols: 25
   dt: "3f"
   data: [ 0., 0., 0., 8.48144104e+02, 3.50756531e+02, 1.16390809e-01,
       8.09950012e+02, 3.71344849e+02, 3.17160010e-01, 7.39298645e+02,
       4.83231873e+02, 3.40060860e-01, 6.36224304e+02, 5.80397461e+02,
       3.62207681e-01, 0., 0., 0., 0., 0., 0., 0., 0., 0.,
       1.14539697e+03, 4.15528473e+02, 2.51156658e-01, 1.14838159e+03,
       4.77269073e+02, 2.23494798e-01, 1.30736938e+03, 6.21441895e+02,
       4.76517409e-01, 1.48684460e+03, 6.39199097e+02, 4.56198692e-01,
       1.14254480e+03, 3.86090546e+02, 2.29218677e-01, 1.37800659e+03,
       3.12387177e+02, 3.99889499e-01, 1.58978467e+03, 1.59419952e+02,
       1.74552977e-01, 0., 0., 0., 0., 0., 0., 0., 0., 0., 0., 0., 0.,
       0., 0., 0., 0., 0., 0., 0., 0., 0., 1.53974707e+03,
       5.83307556e+02, 3.68956774e-01, 1.53388123e+03, 5.97896667e+02,
       2.97016352e-01, 1.53978101e+03, 6.45040039e+02, 1.89916208e-01 ]
