%YAML:1.0
---
pose_0: !!opencv-matrix
   rows: 1
   cols: 25
   dt: "3f"
   data: [ 7.89203247e+02, 5.50912659e+02, 8.72532248e-01,
       8.83584473e+02, 5.68542358e+02, 6.36259496e-01, 8.80480774e+02,
       6.15626343e+02, 5.78539491e-01, 1.02486267e+03, 6.71520142e+02,
       7.59458899e-01, 9.68871338e+02, 7.21637024e+02, 7.65569031e-01,
       8.98201843e+02, 5.06836304e+02, 5.18306553e-01, 1.03944653e+03,
       4.74331482e+02, 4.06521678e-01, 1.03060535e+03, 4.33129333e+02,
       5.53160131e-01, 1.16014624e+03, 5.68549622e+02, 5.81863046e-01,
       1.16012207e+03, 6.12687988e+02, 5.80772579e-01, 1.35139648e+03,
       6.45206665e+02, 7.38497078e-01, 1.51923645e+03, 6.33345947e+02,
       6.19793892e-01, 1.16309521e+03, 5.21396179e+02, 5.72042406e-01,
       1.35741016e+03, 5.06794159e+02, 7.71403313e-01, 1.54269116e+03,
       4.59621002e+02, 7.22628415e-01, 7.74524170e+02, 5.59796448e+02,
       7.03393042e-01, 7.80509399e+02, 5.30414734e+02, 7.43830860e-01,
       7.89300903e+02, 5.89094788e+02, 4.99790698e-01, 8.09808350e+02,
       5.21411316e+02, 3.83099735e-01, 1.61044299e+03, 4.50804871e+02,
       3.47745866e-01, 1.60742065e+03, 4.42012573e+02, 4.04191822e-01,
       1.55745618e+03, 4.39065277e+02, 2.73677200e-01, 1.57803345e+03,
       6.74566223e+02, 4.26847458e-01, 1.57219812e+03, 6.74485474e+02,
       4.20221180e-01, 1.54865063e+03, 6.15625366e+02, 4.36972797e-01 ]
