%YAML:1.0
---
pose_0: !!opencv-matrix
   rows: 1
   cols: 25
   dt: "3f"
   data: [ 7.62748657e+02, 6.03832092e+02, 8.65910113e-01,
       8.59992920e+02, 6.01033691e+02, 6.92359149e-01, 8.59963440e+02,
       6.65626038e+02, 5.96612751e-01, 9.74760071e+02, 6.80405640e+02,
       4.48374808e-01, 1.07174011e+03, 7.36294373e+02, 6.89038873e-01,
       8.68777832e+02, 5.33263184e+02, 6.73272073e-01, 1.00126575e+03,
       5.00766815e+02, 7.38291383e-01, 1.13363049e+03, 4.83225128e+02,
       7.87614167e-01, 1.11896936e+03, 6.06849304e+02, 6.36777520e-01,
       1.11600769e+03, 6.50912537e+02, 6.48028076e-01, 1.28673401e+03,
       6.68545898e+02, 6.07824087e-01, 1.50448206e+03, 6.45025879e+02,
       3.74747366e-01, 1.12774536e+03, 5.59696289e+02, 6.04294777e-01,
       1.30434033e+03, 6.03914734e+02, 7.10384548e-01, 1.53989758e+03,
       6.15637085e+02, 5.77126265e-01, 7.42314697e+02, 6.21518555e+02,
       8.17447305e-01, 7.45119385e+02, 5.83310669e+02, 8.06265175e-01,
       7.62888977e+02, 6.42146790e+02, 3.20251256e-01, 7.65858337e+02,
       5.56866760e+02, 5.65436482e-01, 1.55744299e+03, 7.12735413e+02,
       4.54355776e-01, 1.56638269e+03, 6.98097534e+02, 4.09616470e-01,
       1.56044373e+03, 5.95079529e+02, 4.33122277e-01, 1.54281250e+03,
       7.15697266e+02, 1.88867554e-01, 1.53388843e+03, 7.12804688e+02,
       1.50159448e-01, 1.54863049e+03, 5.80322998e+02, 1.03944734e-01 ]
