%YAML:1.0
---
pose_0: !!opencv-matrix
   rows: 1
   cols: 25
   dt: "3f"
   data: [ 7.45118530e+02, 3.39004425e+02, 4.37462479e-01,
       8.30424316e+02, 2.94851593e+02, 4.68208581e-01, 8.54071838e+02,
       3.56633362e+02, 3.77145648e-01, 8.77559204e+02, 4.68513275e+02,
       5.59997559e-01, 8.86462952e+02, 6.15623535e+02, 4.15182382e-01,
       8.06966064e+02, 2.33002563e+02, 2.58721024e-01, 9.98156982e+02,
       1.29909683e+02, 5.49811013e-02, 0., 0., 0., 1.13367590e+03,
       2.83033264e+02, 3.26546669e-01, 1.13367578e+03, 3.36037628e+02,
       3.11260700e-01, 1.28967261e+03, 4.24324951e+02, 1.28265426e-01,
       0., 0., 0., 1.13951575e+03, 2.24176697e+02, 2.71886200e-01,
       1.36324219e+03, 1.85899246e+02, 1.94530845e-01, 1.42502441e+03,
       1.56539398e+02, 7.56554380e-02, 7.39211792e+02, 3.41845581e+02,
       2.43091360e-01, 7.39201050e+02, 3.24238678e+02, 3.69438142e-01,
       7.48084167e+02, 3.53654938e+02, 5.00493757e-02, 7.42161926e+02,
       2.88887238e+02, 3.37565720e-01, 1.54576001e+03, 1.44728394e+02,
       1.06053352e-01, 0., 0., 0., 0., 0., 0., 0., 0., 0., 0., 0., 0.,
       0., 0., 0. ]
