%YAML:1.0
---
pose_0: !!opencv-matrix
   rows: 1
   cols: 25
   dt: "3f"
   data: [ 7.51022156e+02, 3.56591339e+02, 5.79247177e-01,
       8.51060059e+02, 3.18371643e+02, 4.52065110e-01, 8.60026855e+02,
       3.86011078e+02, 4.10133779e-01, 8.74598145e+02, 5.50824280e+02,
       4.72992539e-01, 8.71724426e+02, 6.95068054e+02, 3.77857953e-01,
       8.24598083e+02, 2.68279236e+02, 3.59005690e-01, 9.80646179e+02,
       1.83006409e+02, 1.02706313e-01, 0., 0., 0., 1.11305237e+03,
       2.94805237e+02, 1.47701934e-01, 0., 0., 0., 0., 0., 0., 0., 0.,
       0., 1.13069385e+03, 2.83065521e+02, 1.93275273e-01,
       1.34846228e+03, 5.03724335e+02, 2.53931642e-01, 1.49563586e+03,
       6.18554504e+02, 2.27780923e-01, 7.39153809e+02, 3.62577606e+02,
       4.71740782e-01, 7.36346375e+02, 3.39004211e+02, 5.11208236e-01,
       7.48080566e+02, 3.71383392e+02, 7.94632137e-02, 7.42320251e+02,
       3.15307465e+02, 4.57580566e-01, 1.48097473e+03, 6.65596069e+02,
       1.30669206e-01, 1.51037781e+03, 6.51015381e+02, 1.19607925e-01,
       1.49858826e+03, 6.42128540e+02, 1.70028880e-01, 0., 0., 0., 0.,
       0., 0., 0., 0., 0. ]
