%YAML:1.0
---
pose_0: !!opencv-matrix
   rows: 1
   cols: 25
   dt: "3f"
   data: [ 7.42274170e+02, 5.50952209e+02, 9.32661653e-01,
       8.56944153e+02, 5.80373779e+02, 7.17078328e-01, 8.54016663e+02,
       6.56832458e+02, 6.53269827e-01, 9.54215698e+02, 6.95075256e+02,
       7.36300826e-01, 1.04236902e+03, 7.18757263e+02, 8.42064977e-01,
       8.62852478e+02, 5.24312500e+02, 6.43472493e-01, 9.68783264e+02,
       4.83278046e+02, 1.83261260e-01, 1.01588898e+03, 4.83182373e+02,
       5.76137342e-02, 1.11593701e+03, 5.56743225e+02, 5.33835888e-01,
       1.11308313e+03, 6.03949707e+02, 5.57385087e-01, 1.31907275e+03,
       6.24413818e+02, 7.97962546e-01, 1.56045532e+03, 6.56820313e+02,
       6.24297142e-01, 1.11010754e+03, 5.03779541e+02, 5.88500381e-01,
       1.33094287e+03, 4.59534241e+02, 6.56001449e-01, 1.56036597e+03,
       4.36000397e+02, 6.40368998e-01, 7.24516418e+02, 5.59729858e+02,
       8.35954309e-01, 7.39355530e+02, 5.30231750e+02, 9.41793382e-01,
       7.36365417e+02, 5.94986633e+02, 7.34788418e-01, 7.65763611e+02,
       5.12588501e+02, 6.68127596e-01, 1.63404175e+03, 4.33108215e+02,
       5.24577975e-01, 1.63389429e+03, 4.24360413e+02, 5.30203879e-01,
       1.58099377e+03, 4.33204468e+02, 2.61752784e-01, 1.62813281e+03,
       6.92106018e+02, 4.84846771e-01, 1.62225134e+03, 6.92086731e+02,
       5.07208049e-01, 1.58696252e+03, 6.44983276e+02, 4.20941532e-01 ]
