%YAML:1.0
---
pose_0: !!opencv-matrix
   rows: 1
   cols: 25
   dt: "3f"
   data: [ 0., 0., 0., 9.24632019e+02, 4.83160919e+02, 2.28305280e-01,
       9.01142273e+02, 4.97890076e+02, 1.55570090e-01, 9.27713867e+02,
       5.00864746e+02, 5.60589075e-01, 9.51122070e+02, 4.12499573e+02,
       6.76901937e-01, 9.30545166e+02, 4.71430206e+02, 1.33437008e-01,
       0., 0., 0., 0., 0., 0., 1.15131689e+03, 5.06739990e+02,
       3.59339625e-01, 1.13948425e+03, 5.36180481e+02, 3.47535133e-01,
       1.36615698e+03, 4.56775452e+02, 8.07224631e-01, 1.58995911e+03,
       6.44966858e+02, 6.64000273e-01, 1.16607361e+03, 4.68487915e+02,
       2.70979941e-01, 1.38972046e+03, 4.47887573e+02, 4.01785582e-01,
       1.55451367e+03, 5.03826813e+02, 5.81682205e-01, 0., 0., 0., 0.,
       0., 0., 0., 0., 0., 0., 0., 0., 1.60753027e+03, 4.18471130e+02,
       3.14777642e-01, 1.59282007e+03, 4.33131744e+02, 3.05886000e-01,
       1.56623596e+03, 5.21482849e+02, 4.25944537e-01, 1.63407141e+03,
       6.71500366e+02, 5.57563722e-01, 1.61638904e+03, 6.74591309e+02,
       5.71218014e-01, 1.60750183e+03, 6.56833984e+02, 4.08782035e-01 ]
