%YAML:1.0
---
pose_0: !!opencv-matrix
   rows: 2
   cols: 25
   dt: "3f"
   data: [ 6.74554504e+02, 5.42089844e+02, 7.51506031e-01,
       7.65811768e+02, 4.59643158e+02, 5.89195490e-01, 7.48058655e+02,
       4.36159302e+02, 3.70488584e-01, 8.59937744e+02, 5.53875061e+02,
       1.73750892e-01, 8.09830811e+02, 6.00962952e+02, 1.15254670e-01,
       7.89277344e+02, 4.77351929e+02, 6.10607564e-01, 9.09955322e+02,
       5.47914490e+02, 6.94448411e-01, 7.89392334e+02, 6.15646423e+02,
       7.28717268e-01, 1.10128247e+03, 4.62612061e+02, 2.75087506e-01,
       1.08068835e+03, 4.97910095e+02, 1.41903773e-01, 0., 0., 0., 0.,
       0., 0., 1.12481934e+03, 4.39050232e+02, 2.38847584e-01,
       1.35736365e+03, 5.09667877e+02, 5.54753363e-01, 1.65751416e+03,
       4.15545990e+02, 3.91775489e-01, 0., 0., 0., 6.68521973e+02,
       5.24447754e+02, 7.97822356e-01, 0., 0., 0., 6.92170349e+02,
       4.80311920e+02, 7.21193016e-01, 1.70767493e+03, 3.56661041e+02,
       3.41540456e-01, 1.71052209e+03, 3.59588654e+02, 2.77437657e-01,
       1.68992236e+03, 4.39056458e+02, 1.33664340e-01, 0., 0., 0., 0.,
       0., 0., 0., 0., 0., 0., 0., 0., 0., 0., 0., 0., 0., 0., 0., 0.,
       0., 0., 0., 0., 0., 0., 0., 0., 0., 0., 0., 0., 0., 0., 0., 0.,
       1.11894885e+03, 4.44949066e+02, 1.24590859e-01, 1.35439502e+03,
       5.03670135e+02, 5.05991638e-01, 1.63399902e+03, 4.21364899e+02,
       1.95888877e-01, 0., 0., 0., 0., 0., 0., 0., 0., 0., 0., 0., 0.,
       0., 0., 0., 0., 0., 0., 0., 0., 0., 0., 0., 0., 0., 0., 0., 0.,
       0., 0., 0., 0., 0., 0., 0., 0., 0., 0., 0. ]
