%YAML:1.0
---
pose_0: !!opencv-matrix
   rows: 1
   cols: 25
   dt: "3f"
   data: [ 7.89276123e+02, 5.06830658e+02, 8.10117424e-01,
       8.80469360e+02, 5.06802734e+02, 6.22176468e-01, 8.62875610e+02,
       5.74317200e+02, 5.90438366e-01, 7.56860107e+02, 5.83214172e+02,
       8.17838788e-01, 7.15641968e+02, 5.03793457e+02, 7.57701635e-01,
       8.74678894e+02, 4.44943329e+02, 4.15868193e-01, 9.62930481e+02,
       4.12674194e+02, 1.11962751e-01, 0., 0., 0., 1.14254736e+03,
       5.30335999e+02, 5.72154224e-01, 1.13958740e+03, 5.77401489e+02,
       5.77623427e-01, 1.34262500e+03, 6.24557922e+02, 6.99525952e-01,
       1.51926013e+03, 6.30388062e+02, 6.22237384e-01, 1.15130750e+03,
       4.80204407e+02, 5.73900342e-01, 1.32782776e+03, 4.71408203e+02,
       6.81643665e-01, 1.53977380e+03, 4.36044312e+02, 7.23083913e-01,
       7.71669495e+02, 5.18464722e+02, 6.50182724e-01, 7.83416016e+02,
       4.94926392e+02, 7.48565495e-01, 7.83446289e+02, 5.47897034e+02,
       3.75042945e-01, 8.12884277e+02, 4.74323395e+02, 4.11212862e-01,
       1.61042432e+03, 4.30187592e+02, 4.60231185e-01, 1.60457312e+03,
       4.21397766e+02, 4.90157872e-01, 1.56037854e+03, 4.21414520e+02,
       2.77953684e-01, 1.57803308e+03, 6.77413513e+02, 5.88461041e-01,
       1.57223889e+03, 6.74485596e+02, 5.55870831e-01, 1.54864844e+03,
       6.12696411e+02, 4.62904066e-01 ]
