%YAML:1.0
---
pose_0: !!opencv-matrix
   rows: 1
   cols: 25
   dt: "3f"
   data: [ 6.68703430e+02, 4.89135925e+02, 8.66635561e-01,
       7.95230347e+02, 5.12687500e+02, 6.93231285e-01, 7.89339722e+02,
       6.00816040e+02, 7.57237136e-01, 9.07070923e+02, 6.36240967e+02,
       6.46508873e-01, 9.98334900e+02, 6.42177185e+02, 7.12580323e-01,
       8.06935730e+02, 4.36059509e+02, 6.41246855e-01, 9.51048157e+02,
       3.88907867e+02, 8.65475118e-01, 8.53966187e+02, 4.12527313e+02,
       8.12390268e-01, 1.07180481e+03, 5.03737213e+02, 5.16640186e-01,
       1.06596216e+03, 5.50828979e+02, 5.21888673e-01, 1.28367834e+03,
       5.74386475e+02, 6.45416141e-01, 1.51332227e+03, 5.83276367e+02,
       4.78206068e-01, 1.07185706e+03, 4.50835571e+02, 4.96414125e-01,
       1.30434607e+03, 4.53808533e+02, 6.14413857e-01, 1.54865710e+03,
       4.65493896e+02, 5.28443635e-01, 6.51044983e+02, 5.06685364e+02,
       8.26416373e-01, 6.62761414e+02, 4.71417114e+02, 8.22296381e-01,
       6.68695068e+02, 5.30428162e+02, 5.04615426e-01, 6.92157166e+02,
       4.47816833e+02, 5.19462287e-01, 1.62806531e+03, 4.59727417e+02,
       4.72014576e-01, 1.61932825e+03, 4.56669556e+02, 4.96506155e-01,
       1.56627820e+03, 4.77309265e+02, 2.51036644e-01, 1.60456995e+03,
       5.80304321e+02, 2.19974309e-01, 1.58982129e+03, 5.95028564e+02,
       1.70263395e-01, 1.56335901e+03, 5.68519043e+02, 2.23987982e-01 ]
