%YAML:1.0
---
pose_0: !!opencv-matrix
   rows: 1
   cols: 25
   dt: "3f"
   data: [ 4.03715210e+02, 5.30263489e+02, 5.53099096e-01,
       6.18548096e+02, 5.59711731e+02, 3.23561788e-01, 6.18597046e+02,
       6.39181152e+02, 1.64548218e-01, 6.80413452e+02, 7.39325562e+02,
       3.82178545e-01, 4.80168945e+02, 6.74496948e+02, 1.96746081e-01,
       6.12689331e+02, 4.89130737e+02, 2.52264678e-01, 7.00985046e+02,
       4.09520966e+02, 6.83843613e-01, 4.59630249e+02, 4.77225372e+02,
       5.52296758e-01, 1.01002618e+03, 5.53822327e+02, 3.38751912e-01,
       1.00711438e+03, 6.27420654e+02, 2.90813327e-01, 1.30729797e+03,
       6.39212769e+02, 1.61176175e-01, 1.51918347e+03, 6.48005432e+02,
       5.65821752e-02, 1.01299054e+03, 4.83195709e+02, 3.38225156e-01,
       1.23665344e+03, 4.59573669e+02, 1.13499597e-01, 1.43679028e+03,
       4.36104156e+02, 7.87302330e-02, 3.68416534e+02, 5.53789978e+02,
       4.72682983e-01, 3.68486755e+02, 5.06731232e+02, 2.94992238e-01,
       4.09625153e+02, 5.80325867e+02, 1.07875168e-01, 3.83133514e+02,
       4.83255127e+02, 1.05802879e-01, 0., 0., 0., 0., 0., 0.,
       1.44561035e+03, 4.56694427e+02, 6.55693114e-02, 0., 0., 0., 0.,
       0., 0., 0., 0., 0. ]
