%YAML:1.0
---
pose_0: !!opencv-matrix
   rows: 1
   cols: 25
   dt: "3f"
   data: [ 7.42275757e+02, 5.21501892e+02, 7.40759552e-01,
       8.15877258e+02, 5.06728119e+02, 6.81217611e-01, 8.03967773e+02,
       5.68560913e+02, 5.89234948e-01, 7.39150818e+02, 6.00914001e+02,
       8.54238212e-01, 6.95028870e+02, 5.24354675e+02, 6.04669869e-01,
       8.27537476e+02, 4.47917114e+02, 6.60268724e-01, 8.62825439e+02,
       4.74369598e+02, 7.67223477e-01, 8.62832764e+02, 5.77411926e+02,
       8.14947486e-01, 1.08658264e+03, 5.27228577e+02, 5.47398388e-01,
       1.08363293e+03, 5.71516602e+02, 5.48817992e-01, 1.28072681e+03,
       6.03928040e+02, 7.48942912e-01, 1.48972571e+03, 6.42134888e+02,
       6.76514864e-01, 1.09235437e+03, 4.77224915e+02, 5.51288068e-01,
       1.29256335e+03, 4.59810272e+02, 7.68683791e-01, 1.51917786e+03,
       4.39007233e+02, 6.28365874e-01, 7.24589539e+02, 5.24385193e+02,
       6.64964199e-01, 7.39259705e+02, 5.00881287e+02, 7.37657368e-01,
       7.36324463e+02, 5.44954407e+02, 2.03710124e-01, 7.65790527e+02,
       4.77301819e+02, 5.30224919e-01, 1.59287500e+03, 4.15504944e+02,
       4.74651843e-01, 1.58984680e+03, 4.12550323e+02, 5.00180364e-01,
       1.55158704e+03, 4.44948486e+02, 2.03364313e-01, 1.57219714e+03,
       6.62732849e+02, 4.49524224e-01, 1.56329724e+03, 6.68513062e+02,
       4.77245390e-01, 1.51622278e+03, 6.24524414e+02, 3.77667010e-01 ]
