%YAML:1.0
---
pose_0: !!opencv-matrix
   rows: 1
   cols: 25
   dt: "3f"
   data: [ 7.39265320e+02, 4.59747559e+02, 8.86061251e-01,
       8.65833862e+02, 4.77202789e+02, 7.08471477e-01, 8.59892700e+02,
       5.53982361e+02, 7.96222746e-01, 9.92420898e+02, 5.98042969e+02,
       8.12593937e-01, 1.11900964e+03, 6.47945862e+02, 8.28953207e-01,
       8.80429321e+02, 3.88992218e+02, 6.93143487e-01, 1.02477612e+03,
       3.62625305e+02, 8.42024446e-01, 1.16902820e+03, 3.18442200e+02,
       8.31753016e-01, 1.13652747e+03, 4.83194336e+02, 5.81168234e-01,
       1.12778442e+03, 5.30279724e+02, 6.14749730e-01, 1.33965503e+03,
       5.83296997e+02, 7.06594706e-01, 1.55451025e+03, 6.53940918e+02,
       5.98467231e-01, 1.13369275e+03, 4.33046692e+02, 5.81554890e-01,
       1.31612500e+03, 4.33101379e+02, 6.68202758e-01, 1.56926819e+03,
       4.39142212e+02, 5.44808865e-01, 7.27462341e+02, 4.83083801e+02,
       7.81186938e-01, 7.24597595e+02, 4.47914795e+02, 8.05997312e-01,
       7.42313782e+02, 5.06618011e+02, 5.64281046e-01, 7.59787354e+02,
       4.18506744e+02, 5.65181553e-01, 1.63708691e+03, 4.12629822e+02,
       4.72143263e-01, 1.63405530e+03, 4.12585785e+02, 5.35048842e-01,
       1.61040564e+03, 4.56698364e+02, 3.09341669e-01, 1.63395764e+03,
       6.53871460e+02, 5.07104635e-01, 1.61933569e+03, 6.68649475e+02,
       4.77844208e-01, 1.56931067e+03, 6.53917358e+02, 2.51963377e-01 ]
