%YAML:1.0
---
pose_0: !!opencv-matrix
   rows: 1
   cols: 25
   dt: "3f"
   data: [ 7.71697815e+02, 4.36113708e+02, 8.48292530e-01,
       8.74661682e+02, 4.30154846e+02, 7.30702043e-01, 8.80399536e+02,
       4.94912506e+02, 7.05485165e-01, 9.77782959e+02, 5.27442871e+02,
       8.39773417e-01, 8.86453552e+02, 4.77244965e+02, 7.43296504e-01,
       8.62892578e+02, 3.65544006e+02, 6.82828724e-01, 1.00134070e+03,
       3.18390350e+02, 8.96808088e-01, 8.92297913e+02, 3.62351959e+02,
       8.15923512e-01, 1.13069421e+03, 4.56695557e+02, 6.50713325e-01,
       1.11896729e+03, 5.03688782e+02, 6.70236230e-01, 1.29847034e+03,
       5.39164795e+02, 7.09968507e-01, 1.51337561e+03, 5.53956482e+02,
       5.83285511e-01, 1.13956091e+03, 4.09576447e+02, 6.38168871e-01,
       1.33673486e+03, 4.15457947e+02, 5.28381586e-01, 1.56625891e+03,
       4.27217133e+02, 6.46197319e-01, 7.62789734e+02, 4.50872101e+02,
       7.78905988e-01, 7.62756775e+02, 4.18492950e+02, 8.06378722e-01,
       7.86261292e+02, 4.62559692e+02, 1.64876774e-01, 7.80424500e+02,
       3.89141632e+02, 6.27134740e-01, 1.61356274e+03, 4.03696808e+02,
       4.86367643e-01, 1.61049487e+03, 3.97814178e+02, 5.80041707e-01,
       1.59863977e+03, 4.30222351e+02, 3.57152224e-01, 1.56638184e+03,
       5.21504639e+02, 2.90367305e-01, 1.55747632e+03, 5.30399597e+02,
       2.49494463e-01, 1.54570288e+03, 5.50863220e+02, 2.37312913e-01 ]
