%YAML:1.0
---
pose_0: !!opencv-matrix
   rows: 1
   cols: 25
   dt: "3f"
   data: [ 7.45225159e+02, 3.53737427e+02, 7.65476465e-01,
       8.24612305e+02, 2.68430237e+02, 4.79886651e-01, 8.21644409e+02,
       2.53668869e+02, 3.43100756e-01, 0., 0., 0., 0., 0., 0.,
       8.24627380e+02, 2.86030945e+02, 6.76901221e-01, 9.24669983e+02,
       4.09663391e+02, 8.04715455e-01, 9.77630127e+02, 5.42033875e+02,
       8.55040908e-01, 1.12186365e+03, 2.91877899e+02, 3.43884408e-01,
       1.11888818e+03, 3.30126465e+02, 2.71281719e-01, 1.30742310e+03,
       4.71383453e+02, 6.34349406e-01, 1.51624512e+03, 5.06709930e+02,
       5.01983106e-01, 1.11603723e+03, 2.83039398e+02, 2.54015028e-01,
       1.30439673e+03, 4.65577972e+02, 2.88184583e-01, 1.52216736e+03,
       5.12614258e+02, 2.56023198e-01, 7.36261902e+02, 3.47834381e+02,
       6.45221710e-01, 7.42318298e+02, 3.38808502e+02, 7.99837232e-01,
       0., 0., 0., 7.51080322e+02, 2.91891357e+02, 6.63596630e-01,
       1.56635437e+03, 5.77304199e+02, 2.53912836e-01, 1.57804504e+03,
       5.62696228e+02, 2.24416032e-01, 1.55453894e+03, 4.97940552e+02,
       2.01023415e-01, 1.56336096e+03, 5.68529846e+02, 1.49493515e-01,
       0., 0., 0., 1.54866650e+03, 4.89063812e+02, 3.27143162e-01 ]
