%YAML:1.0
---
pose_0: !!opencv-matrix
   rows: 1
   cols: 25
   dt: "3f"
   data: [ 6.50954041e+02, 5.24381287e+02, 7.92210340e-01,
       7.95152649e+02, 4.89054077e+02, 6.59181774e-01, 8.09823547e+02,
       5.77450256e+02, 5.35217166e-01, 9.65840576e+02, 6.53927734e+02,
       7.65068352e-01, 8.09826050e+02, 6.18616516e+02, 7.32195139e-01,
       7.95239319e+02, 3.92038513e+02, 6.09619439e-01, 9.21677002e+02,
       3.03650604e+02, 7.74643064e-01, 1.00410413e+03, 3.39031311e+02,
       8.80222857e-01, 1.08954041e+03, 5.27347534e+02, 5.10175228e-01,
       1.06893958e+03, 5.80315430e+02, 5.24005830e-01, 1.23370056e+03,
       6.51045898e+02, 2.26858199e-01, 1.43090784e+03, 6.65622314e+02,
       2.25107148e-01, 1.10125684e+03, 4.62609406e+02, 4.54153478e-01,
       1.30734631e+03, 5.30368652e+02, 5.05901515e-01, 1.69289246e+03,
       5.45027100e+02, 2.76826084e-01, 6.33346802e+02, 5.33280457e+02,
       7.46942222e-01, 6.39111877e+02, 5.03704712e+02, 7.65655816e-01,
       6.56831726e+02, 5.53789551e+02, 6.49622008e-02, 6.59740356e+02,
       4.62546509e+02, 4.16007757e-01, 1.75174097e+03, 5.00754822e+02,
       7.30100349e-02, 1.75470056e+03, 5.03768311e+02, 7.72136226e-02,
       1.69876550e+03, 5.77443848e+02, 1.26827136e-01, 1.51916638e+03,
       6.12685486e+02, 6.15857095e-02, 0., 0., 0., 1.48679260e+03,
       6.59763855e+02, 9.07324031e-02 ]
