%YAML:1.0
---
pose_0: !!opencv-matrix
   rows: 1
   cols: 25
   dt: "3f"
   data: [ 7.59847168e+02, 2.71188965e+02, 8.46476376e-01,
       8.56879395e+02, 2.41762115e+02, 5.99913239e-01, 8.39386047e+02,
       2.68378265e+02, 3.74579936e-01, 9.42371094e+02, 3.50784882e+02,
       3.26189995e-01, 1.00708356e+03, 4.89101501e+02, 4.02442902e-01,
       8.60025146e+02, 2.15384644e+02, 6.74313426e-01, 9.39425842e+02,
       3.53718018e+02, 4.67097640e-01, 1.01007605e+03, 4.92012329e+02,
       5.56395531e-01, 1.14834167e+03, 2.59473846e+02, 4.68847930e-01,
       1.14249414e+03, 3.09544037e+02, 4.91441637e-01, 1.33083752e+03,
       3.65484009e+02, 4.08603162e-01, 1.53099963e+03, 2.27161285e+02,
       2.98109114e-01, 1.15716821e+03, 2.03572128e+02, 4.56201762e-01,
       1.33671033e+03, 1.91839005e+02, 1.59956545e-01, 1.41618274e+03,
       1.80029922e+02, 3.45758379e-01, 7.39356140e+02, 2.83010498e+02,
       7.90254474e-01, 7.45116333e+02, 2.47890045e+02, 8.01371396e-01,
       7.45094177e+02, 3.00667358e+02, 1.58644602e-01, 7.62875671e+02,
       2.21282501e+02, 6.61159754e-01, 0., 0., 0., 0., 0., 0.,
       1.43682080e+03, 2.00723312e+02, 1.53010935e-01, 0., 0., 0., 0.,
       0., 0., 1.54274927e+03, 2.21275208e+02, 1.93598166e-01 ]
