%YAML:1.0
---
pose_0: !!opencv-matrix
   rows: 1
   cols: 25
   dt: "3f"
   data: [ 8.12912231e+02, 5.36165283e+02, 7.31435895e-01,
       9.01051147e+02, 5.09682251e+02, 7.48409152e-01, 8.89329407e+02,
       5.71421753e+02, 7.15403616e-01, 9.24683105e+02, 6.45109741e+02,
       7.52061725e-01, 8.86375366e+02, 7.15688599e+02, 8.14255953e-01,
       9.01152466e+02, 4.44982361e+02, 5.75827718e-01, 8.39336060e+02,
       4.30201202e+02, 5.14170825e-01, 7.62828491e+02, 4.36028259e+02,
       6.30024970e-01, 1.14255383e+03, 5.27314453e+02, 5.97629547e-01,
       1.13953369e+03, 5.74345642e+02, 6.09572053e-01, 1.34845166e+03,
       6.24592773e+02, 7.61330545e-01, 1.51917371e+03, 6.30361694e+02,
       6.91526473e-01, 1.14842810e+03, 4.77267853e+02, 5.51680446e-01,
       1.35735498e+03, 4.68431458e+02, 6.25783801e-01, 1.54577527e+03,
       4.36213013e+02, 6.93049788e-01, 8.04025513e+02, 5.42103577e+02,
       5.81375957e-01, 8.09962952e+02, 5.24307007e+02, 6.89939857e-01,
       8.15840881e+02, 5.53936096e+02, 7.76592270e-02, 8.30514221e+02,
       4.91993317e+02, 3.95596504e-01, 1.61042297e+03, 4.36068878e+02,
       5.17846167e-01, 1.60747083e+03, 4.30159119e+02, 5.76700211e-01,
       1.57807361e+03, 4.36072723e+02, 2.57427424e-01, 1.56641052e+03,
       6.86298889e+02, 5.23865700e-01, 1.56926099e+03, 6.80358215e+02,
       4.88261729e-01, 1.54567053e+03, 6.06874756e+02, 5.10545790e-01 ]
