%YAML:1.0
---
pose_0: !!opencv-matrix
   rows: 1
   cols: 25
   dt: "3f"
   data: [ 7.06877747e+02, 5.30339783e+02, 8.44604433e-01,
       8.21646545e+02, 5.27365234e+02, 6.76420212e-01, 8.12820496e+02,
       6.06808105e+02, 4.55515236e-01, 9.33599182e+02, 7.24567017e+02,
       4.36341792e-01, 9.01115601e+02, 6.95074524e+02, 2.27839038e-01,
       8.39339844e+02, 4.36119873e+02, 7.02681482e-01, 9.80597412e+02,
       3.91997772e+02, 7.80662656e-01, 1.07174976e+03, 4.12655640e+02,
       8.80330801e-01, 1.09238428e+03, 5.71531372e+02, 6.23875737e-01,
       1.07481177e+03, 6.21484558e+02, 6.11416161e-01, 1.23375000e+03,
       6.48028381e+02, 3.19267094e-01, 1.44563489e+03, 6.44950073e+02,
       9.01773721e-02, 1.09837073e+03, 5.09692078e+02, 5.51877379e-01,
       1.28376184e+03, 5.27336487e+02, 6.04380012e-01, 1.62222327e+03,
       5.50818848e+02, 2.52253771e-01, 6.92187988e+02, 5.50943970e+02,
       8.56491446e-01, 6.92253113e+02, 5.12623169e+02, 8.28709900e-01,
       7.15543823e+02, 5.74361450e+02, 3.36720228e-01, 7.18625854e+02,
       4.86167572e+02, 6.05501354e-01, 1.71049683e+03, 5.30234497e+02,
       1.99251175e-01, 0., 0., 0., 1.69869690e+03, 5.50899292e+02,
       1.32202536e-01, 0., 0., 0., 0., 0., 0., 0., 0., 0. ]
