%YAML:1.0
---
pose_0: !!opencv-matrix
   rows: 1
   cols: 25
   dt: "3f"
   data: [ 7.03934204e+02, 4.65525391e+02, 7.87234545e-01,
       8.33291382e+02, 4.80104675e+02, 7.46632099e-01, 8.27529602e+02,
       5.53843567e+02, 7.21419930e-01, 9.12879944e+02, 6.50917114e+02,
       7.96323121e-01, 9.68857727e+02, 6.45087524e+02, 7.36402273e-01,
       8.36313232e+02, 3.92030365e+02, 5.82910657e-01, 1.01294299e+03,
       3.71345978e+02, 5.32561958e-01, 9.80618469e+02, 3.65371429e+02,
       6.03933811e-01, 1.11596936e+03, 4.91976563e+02, 5.32246709e-01,
       1.11006604e+03, 5.36140137e+02, 5.65687180e-01, 1.31316760e+03,
       5.50810608e+02, 6.75931573e-01, 1.58987842e+03, 5.80431091e+02,
       6.42991543e-01, 1.11600696e+03, 4.36018738e+02, 5.37116408e-01,
       1.36906409e+03, 4.33216034e+02, 6.12333536e-01, 1.58100793e+03,
       4.42057739e+02, 6.56511307e-01, 6.92049072e+02, 4.83233551e+02,
       8.24986696e-01, 6.92158386e+02, 4.47887390e+02, 8.17619562e-01,
       7.09807739e+02, 5.03886292e+02, 2.81354278e-01, 7.18583374e+02,
       4.18425415e+02, 5.59477031e-01, 1.64869653e+03, 4.18480530e+02,
       4.53067183e-01, 1.63702441e+03, 4.15498474e+02, 5.05382776e-01,
       1.61041370e+03, 4.50850037e+02, 3.55578959e-01, 1.69577832e+03,
       5.68507202e+02, 5.44488430e-01, 1.68408423e+03, 5.77426270e+02,
       4.51000690e-01, 1.61047900e+03, 5.86200256e+02, 2.94620872e-01 ]
