%YAML:1.0
---
pose_0: !!opencv-matrix
   rows: 3
   cols: 25
   dt: "3f"
   data: [ 7.62783447e+02, 4.53769623e+02, 4.17185426e-01,
       8.27573792e+02, 5.24370972e+02, 4.74572420e-01, 8.33323181e+02,
       5.68526733e+02, 5.66066980e-01, 9.74584351e+02, 6.24390442e+02,
       6.34195387e-01, 1.11900574e+03, 6.50944092e+02, 6.71883762e-01,
       8.21694885e+02, 4.83115234e+02, 2.53798991e-01, 0., 0., 0., 0.,
       0., 0., 1.10127393e+03, 5.03725769e+02, 4.36963320e-01,
       1.11302063e+03, 4.68493652e+02, 3.58193666e-01, 1.33081775e+03,
       5.21403992e+02, 5.33791363e-01, 1.53395654e+03, 5.74528809e+02,
       5.16995907e-01, 1.09249280e+03, 5.30286133e+02, 3.94897133e-01,
       1.34551636e+03, 4.86181580e+02, 3.99876684e-01, 1.53688086e+03,
       5.27315430e+02, 2.75945187e-01, 7.45198669e+02, 4.59699860e+02,
       2.54518032e-01, 7.54015930e+02, 4.44952911e+02, 1.03200711e-01,
       7.62851868e+02, 4.94966217e+02, 2.69507110e-01, 0., 0., 0.,
       1.60158118e+03, 4.68500946e+02, 3.32732171e-01, 1.59285095e+03,
       4.71416656e+02, 3.40882123e-01, 1.57221069e+03, 5.59716736e+02,
       1.31876275e-01, 1.60453455e+03, 5.33257446e+02, 2.48923868e-01,
       1.59867786e+03, 5.50931641e+02, 1.91093877e-01, 1.56332312e+03,
       5.89184082e+02, 3.30651939e-01, 0., 0., 0., 0., 0., 0., 0., 0.,
       0., 0., 0., 0., 0., 0., 0., 8.27584106e+02, 5.74300842e+02,
       3.15855086e-01, 9.68819580e+02, 6.24550842e+02, 3.75398010e-01,
       1.11592041e+03, 6.48113037e+02, 2.29975626e-01, 0., 0., 0., 0.,
       0., 0., 0., 0., 0., 0., 0., 0., 0., 0., 0., 0., 0., 0., 0., 0.,
       0., 0., 0., 0., 0., 0., 0., 0., 0., 0., 7.30430115e+02,
       5.50800354e+02, 1.61203384e-01, 0., 0., 0., 0., 0., 0., 0., 0.,
       0., 0., 0., 0., 0., 0., 0., 0., 0., 0., 0., 0., 0., 0., 0., 0.,
       0., 0., 0., 0., 0., 0., 0., 0., 0., 9.24657227e+02,
       4.59768677e+02, 9.38893780e-02, 1.02476770e+03, 4.36217621e+02,
       4.03164208e-01, 1.08064795e+03, 3.74296631e+02, 4.94561493e-01,
       0., 0., 0., 0., 0., 0., 0., 0., 0., 0., 0., 0., 0., 0., 0., 0.,
       0., 0., 0., 0., 0., 0., 0., 0., 0., 0., 0., 0., 0., 0., 0., 0.,
       0., 0., 0., 0., 0., 0., 0., 0., 0., 0., 0., 0., 0., 0., 0., 0.,
       0., 0., 0. ]
