%YAML:1.0
---
pose_0: !!opencv-matrix
   rows: 1
   cols: 25
   dt: "3f"
   data: [ 7.39183960e+02, 3.65565033e+02, 8.66403759e-01,
       8.53946533e+02, 3.62544189e+02, 6.23796165e-01, 8.54087219e+02,
       4.39023834e+02, 4.73941594e-01, 9.74709778e+02, 5.03841675e+02,
       4.63895917e-01, 9.89424377e+02, 4.97935883e+02, 9.68368053e-02,
       8.59920898e+02, 2.80115234e+02, 6.07623100e-01, 1.00706964e+03,
       2.47737686e+02, 6.94349110e-01, 1.15717493e+03, 2.24348907e+02,
       6.19393587e-01, 1.13658936e+03, 3.62589966e+02, 5.36530077e-01,
       1.12775085e+03, 4.12620911e+02, 5.05871654e-01, 1.34850464e+03,
       4.12514893e+02, 8.01102877e-01, 1.63697656e+03, 4.36104919e+02,
       6.31242871e-01, 1.14246912e+03, 3.09487305e+02, 4.95456189e-01,
       1.38092590e+03, 3.06598389e+02, 5.50923526e-01, 1.58696289e+03,
       3.00778412e+02, 5.58862329e-01, 7.21582336e+02, 3.86087494e+02,
       7.12835312e-01, 7.21593323e+02, 3.47870575e+02, 7.73240149e-01,
       7.42189697e+02, 4.09622101e+02, 4.23155844e-01, 7.45124756e+02,
       3.24301880e+02, 3.60127389e-01, 1.64576013e+03, 2.74252197e+02,
       4.66129363e-01, 1.63698413e+03, 2.71379211e+02, 5.66332936e-01,
       1.63093542e+03, 3.15308807e+02, 3.42549205e-01, 1.77514355e+03,
       4.12574158e+02, 3.69836956e-01, 1.76642810e+03, 4.27235413e+02,
       2.67945886e-01, 1.65168506e+03, 4.30172150e+02, 3.17179173e-01 ]
