%YAML:1.0
---
pose_0: !!opencv-matrix
   rows: 1
   cols: 25
   dt: "3f"
   data: [ 5.27439880e+02, 5.59730347e+02, 5.75722277e-01,
       6.00958191e+02, 5.27398682e+02, 3.36794943e-01, 5.45014038e+02,
       5.95004395e+02, 3.76354128e-01, 5.53880798e+02, 6.27443359e+02,
       1.82891577e-01, 6.47979065e+02, 6.33326050e+02, 2.06129014e-01,
       7.00963013e+02, 4.27258087e+02, 6.29110038e-01, 6.95114258e+02,
       4.86236664e+02, 7.66050041e-01, 5.53917419e+02, 5.83218445e+02,
       4.80762124e-01, 1.05122473e+03, 5.98014343e+02, 2.25277752e-01,
       1.05418201e+03, 6.65643799e+02, 2.17660829e-01, 0., 0., 0., 0.,
       0., 0., 1.04538086e+03, 5.30315308e+02, 2.52750993e-01,
       1.32791138e+03, 5.97946899e+02, 1.19918749e-01, 1.39853308e+03,
       6.12674377e+02, 5.03474958e-02, 5.06739502e+02, 5.71423584e+02,
       4.13156629e-01, 5.21463501e+02, 5.39095581e+02, 5.07691324e-01,
       0., 0., 0., 5.39087769e+02, 5.03735474e+02, 4.21590149e-01, 0.,
       0., 0., 0., 0., 0., 0., 0., 0., 0., 0., 0., 0., 0., 0., 0., 0.,
       0. ]
