%YAML:1.0
---
pose_0: !!opencv-matrix
   rows: 1
   cols: 25
   dt: "3f"
   data: [ 7.86321777e+02, 4.92051025e+02, 8.10540199e-01,
       9.01160461e+02, 4.80349304e+02, 7.41624415e-01, 9.18751038e+02,
       5.50869568e+02, 5.97057998e-01, 1.04541638e+03, 6.03943420e+02,
       7.77439535e-01, 9.54064514e+02, 5.74509033e+02, 6.96133792e-01,
       8.86367676e+02, 4.09621338e+02, 6.36397064e-01, 9.57122986e+02,
       3.65354950e+02, 7.98240781e-01, 1.04530444e+03, 3.56635529e+02,
       8.19727361e-01, 1.18074146e+03, 5.18542053e+02, 5.92646301e-01,
       1.16608838e+03, 5.59783691e+02, 6.27522171e-01, 1.23965344e+03,
       6.09759827e+02, 1.83689326e-01, 0., 0., 0., 1.18670679e+03,
       4.65555084e+02, 5.87965548e-01, 1.37496973e+03, 5.03689850e+02,
       7.39418209e-01, 1.57218970e+03, 4.83128571e+02, 6.66837752e-01,
       7.65838440e+02, 5.06676514e+02, 7.62973309e-01, 7.71625549e+02,
       4.74372223e+02, 7.98225582e-01, 7.86383789e+02, 5.27356018e+02,
       9.69651565e-02, 8.01088257e+02, 4.44939392e+02, 5.55017233e-01,
       1.63107788e+03, 4.44953033e+02, 5.08358419e-01, 1.61932898e+03,
       4.44890961e+02, 5.36674380e-01, 1.60164978e+03, 4.86171753e+02,
       3.53726894e-01, 0., 0., 0., 0., 0., 0., 0., 0., 0. ]
