%YAML:1.0
---
pose_0: !!opencv-matrix
   rows: 1
   cols: 25
   dt: "3f"
   data: [ 6.95143433e+02, 4.56590240e+02, 7.47400701e-01,
       8.18787292e+02, 4.74372559e+02, 5.08150697e-01, 8.36376282e+02,
       5.77288574e+02, 5.08436024e-01, 9.74693604e+02, 6.18495605e+02,
       6.61392212e-01, 1.11310120e+03, 6.47969849e+02, 8.22104752e-01,
       8.27572327e+02, 3.83111877e+02, 4.47602630e-01, 8.09951233e+02,
       2.71439209e+02, 8.21897686e-01, 7.06898682e+02, 3.86014923e+02,
       7.83872247e-01, 1.10124744e+03, 4.83223938e+02, 4.37580436e-01,
       1.09542993e+03, 5.39151794e+02, 4.27232504e-01, 1.33967688e+03,
       5.62674744e+02, 5.10518432e-01, 1.53683276e+03, 5.71428589e+02,
       4.85582292e-01, 1.09542700e+03, 4.30162323e+02, 3.95692199e-01,
       1.32789368e+03, 4.47894440e+02, 5.31358004e-01, 1.63105884e+03,
       4.50841736e+02, 3.87819856e-01, 6.89109863e+02, 4.77354980e+02,
       7.51712680e-01, 6.80386414e+02, 4.44932343e+02, 5.65283239e-01,
       6.95250244e+02, 5.12677917e+02, 3.52472425e-01, 6.95147888e+02,
       4.39044647e+02, 2.44852811e-01, 1.72520483e+03, 4.00830048e+02,
       3.02667856e-01, 1.71641101e+03, 4.03763458e+02, 2.87841350e-01,
       1.70458191e+03, 4.59700775e+02, 1.39637664e-01, 1.60750647e+03,
       5.74418579e+02, 1.43376052e-01, 0., 0., 0., 1.57223706e+03,
       5.56791565e+02, 2.91581094e-01 ]
