%YAML:1.0
---
pose_0: !!opencv-matrix
   rows: 1
   cols: 25
   dt: "3f"
   data: [ 7.65897888e+02, 5.09791077e+02, 8.39780748e-01,
       8.36339539e+02, 4.77264984e+02, 6.31429255e-01, 8.33433167e+02,
       5.24316833e+02, 4.19173926e-01, 0., 0., 0., 0., 0., 0.,
       8.45175232e+02, 4.24314575e+02, 6.14158928e-01, 9.21764648e+02,
       4.27277802e+02, 5.51332176e-01, 1.06299951e+03, 4.33159180e+02,
       7.16795266e-01, 1.09833887e+03, 5.27354797e+02, 5.50706148e-01,
       1.09838501e+03, 5.74355713e+02, 5.43741822e-01, 1.32492749e+03,
       5.97847717e+02, 8.13361228e-01, 1.56035229e+03, 6.59799072e+02,
       6.55095994e-01, 1.10130908e+03, 4.80296265e+02, 5.09658635e-01,
       1.35443640e+03, 4.53682220e+02, 4.04763460e-01, 1.54865430e+03,
       4.30261871e+02, 6.01335168e-01, 7.59764160e+02, 5.24413574e+02,
       7.61693835e-01, 7.59862976e+02, 5.00743866e+02, 7.86375761e-01,
       0., 0., 0., 7.65788391e+02, 4.59652679e+02, 6.44311011e-01,
       1.63109058e+03, 4.12510468e+02, 3.52336287e-01, 1.62808875e+03,
       4.09560089e+02, 3.49182278e-01, 1.56929846e+03, 4.15532471e+02,
       2.51862109e-01, 1.63386877e+03, 6.71515930e+02, 4.62001890e-01,
       1.62220593e+03, 6.80362305e+02, 4.85558271e-01, 1.58392188e+03,
       6.53942505e+02, 3.48136485e-01 ]
