%YAML:1.0
---
pose_0: !!opencv-matrix
   rows: 1
   cols: 25
   dt: "3f"
   data: [ 7.59865601e+02, 3.74259491e+02, 8.20792258e-01,
       8.80421814e+02, 3.85944794e+02, 7.50829756e-01, 8.80408325e+02,
       4.77349548e+02, 7.45050490e-01, 1.01588190e+03, 5.21393799e+02,
       7.27844357e-01, 1.11586365e+03, 5.42026062e+02, 7.60553062e-01,
       8.83581116e+02, 2.91956268e+02, 7.21556962e-01, 9.74753235e+02,
       2.00629990e+02, 8.59086096e-01, 1.06882971e+03, 8.29766388e+01,
       8.40495467e-01, 1.14253296e+03, 3.53653992e+02, 5.54417431e-01,
       1.14542908e+03, 4.00734344e+02, 5.56157410e-01, 1.34855054e+03,
       4.33225616e+02, 8.01209092e-01, 1.54286011e+03, 5.30193298e+02,
       6.84114814e-01, 1.13954700e+03, 2.97726440e+02, 5.61791837e-01,
       1.32790979e+03, 2.80113129e+02, 5.82902730e-01, 1.57223157e+03,
       2.91823151e+02, 6.02621555e-01, 7.42312988e+02, 3.89074951e+02,
       8.18147063e-01, 7.42328613e+02, 3.59513702e+02, 8.37226510e-01,
       7.62792419e+02, 4.12674133e+02, 6.09811842e-01, 7.65845947e+02,
       3.33118683e+02, 4.59581554e-01, 1.63991565e+03, 2.68306793e+02,
       4.90718931e-01, 1.63694995e+03, 2.65300415e+02, 4.86953229e-01,
       1.60457300e+03, 2.97746704e+02, 2.64552116e-01, 1.61932349e+03,
       5.42080200e+02, 6.26486838e-01, 1.60750867e+03, 5.53788086e+02,
       6.32598102e-01, 1.55752625e+03, 5.42047424e+02, 3.86000931e-01 ]
