%YAML:1.0
---
pose_0: !!opencv-matrix
   rows: 1
   cols: 25
   dt: "3f"
   data: [ 7.15827454e+02, 4.95007385e+02, 8.43673468e-01,
       8.36498718e+02, 4.86122711e+02, 6.36486053e-01, 8.36399048e+02,
       5.39090820e+02, 3.54783416e-01, 0., 0., 0., 0., 0., 0.,
       8.42299377e+02, 4.33075287e+02, 7.05719948e-01, 9.65916931e+02,
       4.09737885e+02, 7.97022343e-01, 1.11886841e+03, 4.06558502e+02,
       8.16778779e-01, 1.11601709e+03, 5.36141235e+02, 5.49695253e-01,
       1.11300916e+03, 5.86167297e+02, 5.38836837e-01, 1.31903699e+03,
       6.12649597e+02, 7.10268497e-01, 1.55156055e+03, 6.68476929e+02,
       6.29324138e-01, 1.12185608e+03, 4.83159088e+02, 5.24674714e-01,
       1.33082043e+03, 4.77199402e+02, 7.31286764e-01, 1.56340747e+03,
       4.38999420e+02, 6.77842081e-01, 7.03987915e+02, 5.09705383e+02,
       7.56319106e-01, 7.09785156e+02, 4.80239532e+02, 8.49787235e-01,
       7.18735840e+02, 5.30371399e+02, 4.06111717e-01, 7.33306091e+02,
       4.56595947e+02, 5.60523808e-01, 1.63990405e+03, 4.33103851e+02,
       3.05165261e-01, 1.63408618e+03, 4.24356567e+02, 3.57780695e-01,
       1.58687756e+03, 4.24340485e+02, 2.89415121e-01, 1.62810413e+03,
       6.50956665e+02, 4.63215977e-01, 1.61636719e+03, 6.68630493e+02,
       4.18359995e-01, 1.57513025e+03, 6.65682495e+02, 2.53126413e-01 ]
