%YAML:1.0
---
pose_0: !!opencv-matrix
   rows: 1
   cols: 25
   dt: "3f"
   data: [ 8.04062134e+02, 5.50932678e+02, 7.95158327e-01,
       9.10067627e+02, 5.50938538e+02, 7.26901650e-01, 9.24641052e+02,
       6.44967651e+02, 5.37028670e-01, 1.06887146e+03, 7.01009338e+02,
       6.47673607e-01, 1.16595728e+03, 7.15712891e+02, 8.08402419e-01,
       9.07137390e+02, 4.59712799e+02, 7.11765766e-01, 9.07165955e+02,
       3.38921661e+02, 8.13574910e-01, 8.09926086e+02, 2.68365234e+02,
       8.25982094e-01, 1.15720056e+03, 5.83253906e+02, 6.13738835e-01,
       1.14547412e+03, 6.27437805e+02, 6.36150599e-01, 1.34559875e+03,
       6.68611023e+02, 6.64102852e-01, 1.54570386e+03, 6.95127869e+02,
       6.49613798e-01, 1.16309326e+03, 5.30383118e+02, 6.23835087e-01,
       1.32787427e+03, 5.62700439e+02, 6.74914241e-01, 1.52217725e+03,
       5.12603333e+02, 4.19299901e-01, 7.92299988e+02, 5.68553772e+02,
       6.86856389e-01, 7.89200684e+02, 5.39139648e+02, 7.13229060e-01,
       8.12961548e+02, 5.94965027e+02, 6.75101280e-01, 8.09755798e+02,
       5.18484680e+02, 3.81921679e-01, 1.60453772e+03, 4.59709839e+02,
       1.61487088e-01, 1.60162744e+03, 4.59683441e+02, 1.83230355e-01,
       1.54277258e+03, 4.97922974e+02, 1.58292159e-01, 1.61045874e+03,
       6.86232361e+02, 3.73477280e-01, 1.60455139e+03, 6.95182495e+02,
       3.21625680e-01, 1.56922803e+03, 6.95140625e+02, 3.85461003e-01 ]
