%YAML:1.0
---
pose_0: !!opencv-matrix
   rows: 1
   cols: 25
   dt: "3f"
   data: [ 0., 0., 0., 6.42126831e+02, 5.06780121e+02, 5.16020618e-02,
       0., 0., 0., 0., 0., 0., 0., 0., 0., 0., 0., 0., 0., 0., 0., 0.,
       0., 0., 1.03944141e+03, 5.77439697e+02, 3.86934340e-01,
       1.01884595e+03, 6.50975647e+02, 3.84348094e-01, 1.30437354e+03,
       7.92287903e+02, 4.23112035e-01, 1.54272388e+03, 8.59917480e+02,
       3.00948888e-01, 1.06299121e+03, 5.06726074e+02, 3.69760811e-01,
       1.35740112e+03, 5.47862488e+02, 6.17155612e-01, 1.72230981e+03,
       5.50770142e+02, 3.92139256e-01, 0., 0., 0., 0., 0., 0., 0., 0.,
       0., 0., 0., 0., 1.81940442e+03, 4.92030151e+02, 1.44950941e-01,
       1.81944470e+03, 4.94944824e+02, 1.35168925e-01, 1.77234277e+03,
       5.71489014e+02, 1.44051105e-01, 1.61931226e+03, 8.39338806e+02,
       8.24756771e-02, 1.61337598e+03, 8.56997314e+02, 5.28773367e-02,
       1.56925415e+03, 8.57034302e+02, 1.75228864e-01 ]
