%YAML:1.0
---
pose_0: !!opencv-matrix
   rows: 1
   cols: 25
   dt: "3f"
   data: [ 6.33350342e+02, 4.83056244e+02, 8.52469027e-01,
       7.65784607e+02, 4.97861420e+02, 6.96389019e-01, 7.65736267e+02,
       5.71478149e+02, 6.84092045e-01, 9.12872253e+02, 6.36205750e+02,
       4.73550171e-01, 9.92373779e+02, 6.21581726e+02, 1.72343269e-01,
       7.62685791e+02, 4.24324219e+02, 5.82291842e-01, 9.33593445e+02,
       3.86130249e+02, 8.63199174e-01, 7.86349365e+02, 3.86102112e+02,
       8.46216619e-01, 1.06301794e+03, 5.00797974e+02, 5.13355374e-01,
       1.05418176e+03, 5.50851013e+02, 5.33916712e-01, 1.34257788e+03,
       5.50750610e+02, 6.53018832e-01, 1.60164673e+03, 5.56868835e+02,
       5.28539956e-01, 1.06301965e+03, 4.36188354e+02, 5.10585487e-01,
       1.31318323e+03, 4.36016357e+02, 6.73565567e-01, 1.54273328e+03,
       4.56769104e+02, 4.30380046e-01, 6.21413330e+02, 4.97904968e+02,
       7.90665507e-01, 6.21615417e+02, 4.59624420e+02, 8.87365758e-01,
       6.33282593e+02, 5.21397095e+02, 3.44694316e-01, 6.48044617e+02,
       4.33032623e+02, 5.99977255e-01, 1.62516785e+03, 4.36024780e+02,
       5.57837903e-01, 1.61641968e+03, 4.30191772e+02, 5.69669127e-01,
       1.56332666e+03, 4.65530914e+02, 2.99616814e-01, 1.69870764e+03,
       5.53843384e+02, 4.19150710e-01, 1.68700610e+03, 5.65633728e+02,
       3.94145608e-01, 1.63398657e+03, 5.47957458e+02, 2.42610395e-01 ]
