%YAML:1.0
---
pose_0: !!opencv-matrix
   rows: 1
   cols: 25
   dt: "3f"
   data: [ 7.39137634e+02, 4.83237946e+02, 8.86506498e-01,
       8.56893372e+02, 4.83101410e+02, 7.59643316e-01, 8.62854675e+02,
       5.53959656e+02, 5.88269830e-01, 9.80686523e+02, 6.44981628e+02,
       8.12478781e-01, 9.04125549e+02, 6.15676270e+02, 7.62981117e-01,
       8.51144470e+02, 4.09671661e+02, 6.42943144e-01, 9.59995728e+02,
       3.68436523e+02, 7.32649446e-01, 1.02771960e+03, 3.62419769e+02,
       8.77292514e-01, 1.13362585e+03, 5.09705688e+02, 5.11839986e-01,
       1.12777588e+03, 5.53975403e+02, 5.45739591e-01, 1.30138562e+03,
       5.71431641e+02, 2.51406491e-01, 1.49272229e+03, 5.74393494e+02,
       5.96335173e-01, 1.12482043e+03, 4.56664917e+02, 5.12892544e-01,
       1.35136462e+03, 4.74353394e+02, 6.03099465e-01, 1.56930603e+03,
       4.80107422e+02, 6.20698333e-01, 7.21592346e+02, 5.03826050e+02,
       7.77806282e-01, 7.21606995e+02, 4.65545197e+02, 7.89364278e-01,
       7.42291016e+02, 5.24368591e+02, 2.12958857e-01, 7.45239441e+02,
       4.36146484e+02, 5.95927417e-01, 1.63402795e+03, 4.56601959e+02,
       5.28459668e-01, 1.62812744e+03, 4.50814056e+02, 5.73885024e-01,
       1.60452173e+03, 4.83274628e+02, 2.82321602e-01, 1.49559497e+03,
       6.50924805e+02, 4.71771538e-01, 1.48681775e+03, 6.45057190e+02,
       4.32747543e-01, 1.52219043e+03, 5.59763123e+02, 4.28824246e-01 ]
