%YAML:1.0
---
pose_0: !!opencv-matrix
   rows: 1
   cols: 25
   dt: "3f"
   data: [ 7.68663269e+02, 5.21484192e+02, 8.42900813e-01,
       8.62845642e+02, 5.27288757e+02, 8.29725385e-01, 8.59913147e+02,
       5.80404419e+02, 7.18491912e-01, 9.04107300e+02, 6.95183594e+02,
       7.87930727e-01, 8.36484375e+02, 5.97958801e+02, 7.79796660e-01,
       8.77524048e+02, 4.59658112e+02, 6.65530503e-01, 8.80521912e+02,
       4.03716064e+02, 7.60344625e-01, 7.65712219e+02, 4.06659943e+02,
       8.21188092e-01, 1.11898706e+03, 5.27308777e+02, 6.10307276e-01,
       1.11888928e+03, 5.74329895e+02, 6.20053887e-01, 1.32195691e+03,
       6.01068542e+02, 7.78102458e-01, 1.51924780e+03, 6.27459167e+02,
       6.83259189e-01, 1.12190369e+03, 4.77294952e+02, 5.56659758e-01,
       1.34260583e+03, 4.62614594e+02, 6.38701558e-01, 1.54275378e+03,
       4.39061127e+02, 6.97100103e-01, 7.56855347e+02, 5.27460388e+02,
       8.22464705e-01, 7.62845032e+02, 5.00860046e+02, 8.75662982e-01,
       7.74536133e+02, 5.50898926e+02, 2.89715022e-01, 7.86371826e+02,
       4.71376892e+02, 5.87972641e-01, 1.61340051e+03, 4.33068329e+02,
       5.21831036e-01, 1.61038977e+03, 4.24294678e+02, 5.30628085e-01,
       1.56627136e+03, 4.33165924e+02, 3.00505549e-01, 1.56930859e+03,
       6.83309692e+02, 4.83103991e-01, 1.57218298e+03, 6.74581787e+02,
       4.45086747e-01, 1.54864783e+03, 6.12682922e+02, 5.04136622e-01 ]
