%YAML:1.0
---
pose_0: !!opencv-matrix
   rows: 1
   cols: 25
   dt: "3f"
   data: [ 7.45215698e+02, 3.94853485e+02, 8.43376875e-01,
       8.77620361e+02, 4.12520264e+02, 7.69203007e-01, 8.59996765e+02,
       5.00765289e+02, 7.93858409e-01, 9.80546570e+02, 5.47996887e+02,
       7.44218469e-01, 1.02193085e+03, 5.83244629e+02, 8.52215290e-01,
       8.86452209e+02, 3.33057800e+02, 6.53027236e-01, 1.02475073e+03,
       3.18498688e+02, 8.39273274e-01, 1.06875232e+03, 2.47796158e+02,
       9.06030297e-01, 1.12193237e+03, 4.06620026e+02, 5.61041117e-01,
       1.13068408e+03, 4.50839813e+02, 5.69876373e-01, 1.35151074e+03,
       4.53679901e+02, 7.35015273e-01, 1.55456970e+03, 5.30170288e+02,
       6.68193221e-01, 1.11894604e+03, 3.53685791e+02, 5.65825343e-01,
       1.32797583e+03, 3.15279907e+02, 6.17120683e-01, 1.56632080e+03,
       2.91983429e+02, 5.75279832e-01, 7.36234192e+02, 4.09669220e+02,
       8.19496036e-01, 7.39299805e+02, 3.77266998e+02, 8.63114834e-01,
       7.50987549e+02, 4.33266754e+02, 4.13982570e-01, 7.65692017e+02,
       3.50750732e+02, 5.71572423e-01, 1.63705164e+03, 2.68333984e+02,
       4.65346932e-01, 1.63407361e+03, 2.65414490e+02, 4.89126682e-01,
       1.60450073e+03, 2.94813629e+02, 2.52167165e-01, 1.62223010e+03,
       5.53779358e+02, 5.51867723e-01, 1.61034473e+03, 5.59778625e+02,
       5.77060759e-01, 1.56932690e+03, 5.27388489e+02, 3.49935740e-01 ]
