%YAML:1.0
---
pose_0: !!opencv-matrix
   rows: 1
   cols: 25
   dt: "3f"
   data: [ 7.56880493e+02, 4.59764740e+02, 7.16864765e-01,
       8.56979492e+02, 4.44906860e+02, 6.25739813e-01, 8.71725586e+02,
       4.83214325e+02, 5.37378311e-01, 9.15828125e+02, 5.65593140e+02,
       7.62823164e-01, 7.95233032e+02, 5.09752563e+02, 8.14304233e-01,
       8.33440491e+02, 4.00779236e+02, 4.84770924e-01, 9.12912170e+02,
       3.65476501e+02, 8.32135558e-01, 8.04024780e+02, 4.33062531e+02,
       7.43420243e-01, 1.12194128e+03, 4.59754517e+02, 5.73410749e-01,
       1.12187878e+03, 5.06680511e+02, 6.03905559e-01, 1.31029907e+03,
       5.06641174e+02, 7.43274033e-01, 1.56044006e+03, 5.06754181e+02,
       6.15162194e-01, 1.12485815e+03, 4.12544067e+02, 5.79073191e-01,
       1.34264697e+03, 3.86047882e+02, 4.58900809e-01, 1.51929993e+03,
       3.91942719e+02, 4.39274013e-01, 7.39290344e+02, 4.65557892e+02,
       7.27472484e-01, 7.45091370e+02, 4.47853271e+02, 7.27995813e-01,
       7.50984985e+02, 4.83283020e+02, 6.93205521e-02, 7.56873596e+02,
       4.18500183e+02, 5.13019383e-01, 1.61047461e+03, 3.68361053e+02,
       5.30290782e-01, 1.60748877e+03, 3.65410553e+02, 5.41659534e-01,
       1.54863049e+03, 4.09592377e+02, 2.35556453e-01, 1.62808948e+03,
       5.12602661e+02, 4.63381380e-01, 1.61638062e+03, 5.24391479e+02,
       4.85533297e-01, 1.59577686e+03, 4.86116821e+02, 3.14462543e-01 ]
