%YAML:1.0
---
pose_0: !!opencv-matrix
   rows: 1
   cols: 25
   dt: "3f"
   data: [ 7.06865295e+02, 4.56553894e+02, 8.26863766e-01,
       8.30419861e+02, 5.03826385e+02, 7.32689023e-01, 8.12755005e+02,
       5.89165649e+02, 7.63413429e-01, 8.86389221e+02, 6.74553772e+02,
       8.48155916e-01, 9.60072632e+02, 6.65616150e+02, 7.75791943e-01,
       8.36486938e+02, 4.27260254e+02, 6.28862262e-01, 1.00130823e+03,
       4.15604218e+02, 7.34220624e-01, 8.86397766e+02, 4.06613098e+02,
       7.61223555e-01, 1.11301575e+03, 4.97869812e+02, 5.41859388e-01,
       1.11008801e+03, 5.42042969e+02, 5.54669797e-01, 1.32783606e+03,
       5.50747131e+02, 7.64510274e-01, 1.58987732e+03, 5.83271057e+02,
       5.89170098e-01, 1.11011426e+03, 4.39061554e+02, 5.19638658e-01,
       1.35734766e+03, 4.41937164e+02, 5.17999232e-01, 1.56331055e+03,
       4.68437866e+02, 5.55087984e-01, 6.92113708e+02, 4.74313904e+02,
       8.21471751e-01, 6.95111328e+02, 4.36002930e+02, 8.78554642e-01,
       7.12666260e+02, 5.06752594e+02, 6.48774147e-01, 7.21637695e+02,
       4.18505188e+02, 4.14358020e-01, 1.63392822e+03, 4.39027008e+02,
       4.61398274e-01, 1.62520471e+03, 4.36096924e+02, 4.97270226e-01,
       1.58986926e+03, 4.80186768e+02, 3.22553873e-01, 1.68414209e+03,
       5.74323120e+02, 3.75613451e-01, 1.68109302e+03, 5.83256531e+02,
       3.24710041e-01, 1.62220642e+03, 5.77435242e+02, 2.69518882e-01 ]
