%YAML:1.0
---
pose_0: !!opencv-matrix
   rows: 1
   cols: 25
   dt: "3f"
   data: [ 0., 0., 0., 9.62926941e+02, 5.74403931e+02, 3.03213805e-01,
       0., 0., 0., 0., 0., 0., 0., 0., 0., 0., 0., 0., 0., 0., 0., 0.,
       0., 0., 1.16014929e+03, 5.71438721e+02, 2.39142895e-01,
       1.16014685e+03, 5.77355835e+02, 2.35951453e-01, 1.37195032e+03,
       5.09697327e+02, 7.74295151e-01, 1.61338440e+03, 7.09848328e+02,
       3.76361817e-01, 0., 0., 0., 0., 0., 0., 0., 0., 0., 0., 0., 0.,
       0., 0., 0., 0., 0., 0., 0., 0., 0., 0., 0., 0., 0., 0., 0., 0.,
       0., 0., 1.66058350e+03, 7.24502014e+02, 3.36014539e-01,
       1.64279163e+03, 7.39259766e+02, 3.41886163e-01, 1.61932288e+03,
       7.24537659e+02, 2.30369359e-01 ]
