%YAML:1.0
---
pose_0: !!opencv-matrix
   rows: 1
   cols: 25
   dt: "3f"
   data: [ 7.68756165e+02, 4.09638855e+02, 8.68862748e-01,
       8.71690491e+02, 3.88934387e+02, 6.93647563e-01, 8.65827881e+02,
       4.59547821e+02, 5.47458351e-01, 9.89414490e+02, 4.86220978e+02,
       5.47913969e-01, 1.11302039e+03, 5.30422852e+02, 8.10282707e-01,
       8.80623962e+02, 3.15412140e+02, 6.82325304e-01, 9.80638367e+02,
       2.50712906e+02, 6.56937957e-01, 1.00422778e+03, 2.00589783e+02,
       5.52904069e-01, 1.13954199e+03, 3.83094543e+02, 5.68724930e-01,
       1.13958264e+03, 4.27263672e+02, 5.78614473e-01, 1.35143689e+03,
       5.00906250e+02, 7.19049156e-01, 1.54572302e+03, 5.71424377e+02,
       5.53094387e-01, 1.13660645e+03, 3.27229431e+02, 5.21724701e-01,
       1.31029663e+03, 3.03614288e+02, 3.64757597e-01, 1.57223169e+03,
       2.94915405e+02, 5.36193728e-01, 7.53985840e+02, 4.18493286e+02,
       7.80079544e-01, 7.62674377e+02, 3.86160004e+02, 8.78810048e-01,
       7.68752014e+02, 4.36220337e+02, 2.11519495e-01, 7.86218506e+02,
       3.56599274e+02, 5.80584943e-01, 1.63990686e+03, 2.71275940e+02,
       4.45768833e-01, 1.63701501e+03, 2.68393646e+02, 4.75253046e-01,
       1.60750513e+03, 3.03635529e+02, 2.27834359e-01, 1.60747754e+03,
       6.15679504e+02, 3.17351550e-01, 1.61034521e+03, 6.09789551e+02,
       3.27902883e-01, 1.58394128e+03, 5.59676697e+02, 4.04792219e-01 ]
