%YAML:1.0
---
pose_0: !!opencv-matrix
   rows: 1
   cols: 25
   dt: "3f"
   data: [ 7.68659180e+02, 5.03789856e+02, 6.72531366e-01,
       8.59856140e+02, 5.03852905e+02, 7.04298913e-01, 8.54062500e+02,
       5.56749573e+02, 5.74675739e-01, 7.42172424e+02, 5.80302307e+02,
       8.58765662e-01, 7.03947144e+02, 4.94926331e+02, 6.02403045e-01,
       8.51056641e+02, 4.44936401e+02, 5.63325584e-01, 9.45295288e+02,
       4.09722900e+02, 7.15214193e-01, 8.92260071e+02, 4.36248047e+02,
       7.57291675e-01, 1.12781067e+03, 5.27285645e+02, 5.74984014e-01,
       1.12480139e+03, 5.74361450e+02, 5.69873393e-01, 1.32796790e+03,
       6.21642334e+02, 5.34884810e-01, 1.51626917e+03, 6.39195557e+02,
       6.45115733e-01, 1.13661414e+03, 4.77265778e+02, 5.72131753e-01,
       1.30142371e+03, 4.65516907e+02, 4.99504447e-01, 1.53981299e+03,
       4.36153229e+02, 7.00905442e-01, 7.51027649e+02, 5.06701172e+02,
       3.58058840e-01, 7.62757935e+02, 4.86148773e+02, 6.50182128e-01,
       7.77510803e+02, 5.36132874e+02, 1.74401194e-01, 7.86393005e+02,
       4.77234436e+02, 3.81280541e-01, 1.61333789e+03, 4.24292603e+02,
       4.45357412e-01, 1.60754065e+03, 4.15548309e+02, 4.72348452e-01,
       1.56335791e+03, 4.33168793e+02, 2.52638131e-01, 1.57510547e+03,
       6.77467773e+02, 5.14365673e-01, 1.57222986e+03, 6.74503784e+02,
       5.26903033e-01, 1.54567969e+03, 6.18549316e+02, 4.58521426e-01 ]
