%YAML:1.0
---
pose_0: !!opencv-matrix
   rows: 1
   cols: 25
   dt: "3f"
   data: [ 7.59854370e+02, 6.00900879e+02, 9.06353593e-01,
       8.83410278e+02, 6.00857361e+02, 6.82993889e-01, 8.83579712e+02,
       6.65614746e+02, 6.02199674e-01, 1.00118842e+03, 6.83287781e+02,
       5.00578701e-01, 1.09541443e+03, 7.30416260e+02, 8.08178961e-01,
       8.80557434e+02, 5.33256165e+02, 6.74799204e-01, 1.02171832e+03,
       5.03848389e+02, 8.07517290e-01, 1.16311621e+03, 4.83266998e+02,
       8.76653612e-01, 1.12777539e+03, 6.15642334e+02, 6.22891545e-01,
       1.12190857e+03, 6.56840942e+02, 6.28484249e-01, 1.28373889e+03,
       6.71678406e+02, 6.23657644e-01, 1.52509326e+03, 6.24537659e+02,
       5.04541218e-01, 1.13946765e+03, 5.68588867e+02, 6.18174911e-01,
       1.32488940e+03, 6.27365295e+02, 6.98808610e-01, 1.56629053e+03,
       6.65602295e+02, 5.73362172e-01, 7.42235840e+02, 6.09757263e+02,
       8.11782718e-01, 7.48046265e+02, 5.80280457e+02, 8.30488265e-01,
       7.59879578e+02, 6.24592834e+02, 2.31313288e-01, 7.68668762e+02,
       5.62630798e+02, 6.41854465e-01, 1.58989783e+03, 7.21664795e+02,
       2.50070661e-01, 1.59576904e+03, 7.15598999e+02, 2.20585614e-01,
       1.58695581e+03, 6.48037781e+02, 3.12547415e-01, 0., 0., 0., 0.,
       0., 0., 1.54868005e+03, 5.97987610e+02, 3.37932885e-01 ]
