%YAML:1.0
---
pose_0: !!opencv-matrix
   rows: 1
   cols: 25
   dt: "3f"
   data: [ 7.65733887e+02, 5.06631134e+02, 8.95756483e-01,
       8.80600708e+02, 5.21401794e+02, 7.47538388e-01, 8.80484497e+02,
       5.89166809e+02, 6.58608913e-01, 9.95250122e+02, 6.21477600e+02,
       6.85967982e-01, 1.08653442e+03, 6.45086426e+02, 8.13442111e-01,
       8.83564697e+02, 4.56669464e+02, 6.68341994e-01, 1.01880273e+03,
       3.62551270e+02, 8.38497818e-01, 9.74738342e+02, 4.27233582e+02,
       8.36594820e-01, 1.14545959e+03, 5.18555481e+02, 5.72084546e-01,
       1.13957483e+03, 5.65635437e+02, 6.18941367e-01, 1.31614709e+03,
       5.74513245e+02, 7.06964374e-01, 1.51041150e+03, 6.24476379e+02,
       5.54336309e-01, 1.14840576e+03, 4.65505707e+02, 5.68037331e-01,
       1.37489905e+03, 4.59731567e+02, 6.50295496e-01, 1.54275916e+03,
       4.80169922e+02, 6.84952021e-01, 7.54010376e+02, 5.18521912e+02,
       6.99538171e-01, 7.59803711e+02, 4.86191071e+02, 7.94773340e-01,
       7.68753113e+02, 5.36243652e+02, 4.48119193e-01, 7.83395447e+02,
       4.68450867e+02, 6.21596515e-01, 1.60756384e+03, 4.56697266e+02,
       4.78799403e-01, 1.60163550e+03, 4.50860199e+02, 4.96041059e-01,
       1.56342834e+03, 4.83164734e+02, 3.39067727e-01, 1.59870862e+03,
       6.00974426e+02, 4.96875614e-01, 1.58983447e+03, 6.15628601e+02,
       3.82103324e-01, 1.54572766e+03, 6.36252502e+02, 2.11819142e-01 ]
