%YAML:1.0
---
pose_0: !!opencv-matrix
   rows: 1
   cols: 25
   dt: "3f"
   data: [ 7.42264404e+02, 4.33152313e+02, 8.47217798e-01,
       8.24628418e+02, 4.36020264e+02, 7.06305325e-01, 8.24612793e+02,
       4.74375488e+02, 6.30899966e-01, 8.77613281e+02, 5.44974365e+02,
       8.00986946e-01, 7.42166931e+02, 5.09694702e+02, 8.65385652e-01,
       8.30486572e+02, 3.86139374e+02, 4.90055442e-01, 8.86497925e+02,
       3.39041534e+02, 8.06023359e-01, 7.39294983e+02, 3.89028381e+02,
       8.47011030e-01, 1.10712927e+03, 4.56624420e+02, 5.75168610e-01,
       1.10418542e+03, 5.00831116e+02, 5.79677224e-01, 1.31910486e+03,
       4.91992645e+02, 6.83431804e-01, 1.54571985e+03, 5.03664429e+02,
       6.20004952e-01, 1.10715796e+03, 4.06588501e+02, 5.43100893e-01,
       1.30735559e+03, 4.12541748e+02, 5.09684682e-01, 1.56332092e+03,
       4.30176056e+02, 5.82261920e-01, 7.36293945e+02, 4.44914185e+02,
       7.51433074e-01, 7.36283630e+02, 4.15449768e+02, 7.61291862e-01,
       7.45236633e+02, 4.65605255e+02, 3.91510755e-01, 7.50984131e+02,
       4.03649567e+02, 3.09990436e-01, 1.63402112e+03, 3.97867737e+02,
       3.65986496e-01, 1.62815637e+03, 3.94877686e+02, 3.99363339e-01,
       1.57221143e+03, 4.39080170e+02, 4.26069319e-01, 1.63101990e+03,
       5.03794250e+02, 4.51998442e-01, 1.61350586e+03, 5.12674927e+02,
       4.25475508e-01, 1.56630994e+03, 4.97882080e+02, 2.41839573e-01 ]
