%YAML:1.0
---
pose_0: !!opencv-matrix
   rows: 2
   cols: 25
   dt: "3f"
   data: [ 8.12939697e+02, 3.91983856e+02, 6.07305825e-01,
       8.65793030e+02, 3.41882233e+02, 4.34123725e-01, 8.15793762e+02,
       3.53684021e+02, 2.10470751e-01, 9.27555908e+02, 4.74288086e+02,
       2.32389510e-01, 9.51176941e+02, 5.53805298e+02, 2.53516793e-01,
       9.07109314e+02, 3.18443756e+02, 4.96806562e-01, 9.98333740e+02,
       4.30193695e+02, 6.50386631e-01, 1.06887134e+03, 5.50898621e+02,
       8.38153899e-01, 1.18669470e+03, 3.24260986e+02, 5.51593423e-01,
       1.18667261e+03, 3.68448578e+02, 6.11939132e-01, 1.35136926e+03,
       5.03899078e+02, 8.08615565e-01, 1.54574841e+03, 5.53830444e+02,
       5.66328943e-01, 1.18956665e+03, 2.74275726e+02, 5.03562808e-01,
       1.39862451e+03, 2.41750732e+02, 5.36633670e-01, 1.54571924e+03,
       1.50693481e+02, 2.58644640e-01, 8.03986328e+02, 3.89024506e+02,
       3.88174176e-01, 8.15806946e+02, 3.80134308e+02, 5.63003361e-01,
       0., 0., 0., 8.39331848e+02, 3.38913849e+02, 5.28001785e-01, 0.,
       0., 0., 0., 0., 0., 1.56629614e+03, 1.24123283e+02,
       1.48970261e-01, 1.56045471e+03, 6.24549133e+02, 8.60013217e-02,
       0., 0., 0., 1.58392578e+03, 5.30264832e+02, 3.15588146e-01, 0.,
       0., 0., 0., 0., 0., 9.71809021e+02, 3.50750885e+02,
       6.38209730e-02, 1.05415613e+03, 4.27301331e+02, 4.07801807e-01,
       1.15718286e+03, 5.24389343e+02, 6.42346561e-01, 0., 0., 0., 0.,
       0., 0., 0., 0., 0., 0., 0., 0., 0., 0., 0., 0., 0., 0., 0., 0.,
       0., 0., 0., 0., 0., 0., 0., 0., 0., 0., 0., 0., 0., 0., 0., 0.,
       0., 0., 0., 0., 0., 0., 0., 0., 0., 0., 0., 0., 0., 0., 0., 0.,
       0., 0., 0., 0., 0., 0., 0., 0. ]
