%YAML:1.0
---
pose_0: !!opencv-matrix
   rows: 1
   cols: 25
   dt: "3f"
   data: [ 7.74570190e+02, 5.59729004e+02, 7.72298992e-01,
       8.83424316e+02, 5.74308228e+02, 6.49605036e-01, 8.80515930e+02,
       6.27465393e+02, 4.24547344e-01, 1.01593756e+03, 6.77489197e+02,
       1.98893219e-01, 1.12483594e+03, 7.18745789e+02, 1.11803040e-01,
       8.95235229e+02, 5.06723907e+02, 6.19862676e-01, 1.04521814e+03,
       4.59752014e+02, 8.12957168e-01, 1.16606006e+03, 4.09597504e+02,
       8.83919477e-01, 1.13662952e+03, 5.92059448e+02, 6.07092977e-01,
       1.12776355e+03, 6.36194519e+02, 5.77875018e-01, 1.32490796e+03,
       6.48044006e+02, 7.15642512e-01, 1.52211914e+03, 6.48100647e+02,
       6.33897305e-01, 1.14249609e+03, 5.36191650e+02, 5.87627947e-01,
       1.28387720e+03, 5.53747864e+02, 7.11142838e-01, 1.49865540e+03,
       5.30323608e+02, 5.42621493e-01, 7.59870544e+02, 5.74503967e+02,
       7.09737599e-01, 7.65666748e+02, 5.47899353e+02, 8.11570287e-01,
       7.71623413e+02, 6.00891357e+02, 3.61942053e-01, 7.86451172e+02,
       5.27408386e+02, 4.98604119e-01, 1.58986536e+03, 5.50956299e+02,
       2.65148997e-01, 1.58985278e+03, 5.47869263e+02, 2.52869874e-01,
       1.52801013e+03, 5.27341370e+02, 1.96619421e-01, 1.58099500e+03,
       6.98041077e+02, 3.74970019e-01, 1.58104541e+03, 6.92242493e+02,
       3.47530156e-01, 1.54573401e+03, 6.27456848e+02, 5.00959396e-01 ]
