%YAML:1.0
---
pose_0: !!opencv-matrix
   rows: 1
   cols: 25
   dt: "3f"
   data: [ 6.68710754e+02, 4.30142822e+02, 7.64422059e-01,
       8.12882507e+02, 4.80249268e+02, 6.43329978e-01, 8.12881592e+02,
       5.92039246e+02, 5.95114589e-01, 9.59963684e+02, 6.68584717e+02,
       5.49395025e-01, 1.09545691e+03, 7.36315613e+02, 7.34243214e-01,
       8.12878906e+02, 3.83030731e+02, 6.41360223e-01, 9.57004883e+02,
       3.00755768e+02, 7.44975030e-01, 1.11890039e+03, 1.97580383e+02,
       8.26530576e-01, 1.10713916e+03, 4.39105194e+02, 4.25550908e-01,
       1.11009973e+03, 5.03756500e+02, 4.45660055e-01, 1.37794482e+03,
       5.06701141e+02, 6.44369423e-01, 1.63987561e+03, 5.30391113e+02,
       6.18864357e-01, 1.09545142e+03, 3.83127380e+02, 4.52778637e-01,
       1.23961328e+03, 3.15365417e+02, 2.07399085e-01, 0., 0., 0.,
       6.48068848e+02, 4.53716095e+02, 7.51894355e-01, 6.59810608e+02,
       4.09698151e+02, 7.69752860e-01, 6.71672058e+02, 5.03820587e+02,
       3.89175117e-01, 6.92128479e+02, 3.88882782e+02, 1.72235534e-01,
       0., 0., 0., 0., 0., 0., 0., 0., 0., 1.72820374e+03,
       5.33237000e+02, 5.82952380e-01, 1.71051318e+03, 5.50799622e+02,
       5.63396335e-01, 1.65166211e+03, 5.30310852e+02, 3.21766019e-01 ]
