%YAML:1.0
---
pose_0: !!opencv-matrix
   rows: 1
   cols: 25
   dt: "3f"
   data: [ 7.86310303e+02, 3.94925354e+02, 7.96348512e-01,
       8.92261597e+02, 4.09497711e+02, 6.18075132e-01, 8.74650146e+02,
       4.65519104e+02, 5.89173615e-01, 8.09801697e+02, 5.24399109e+02,
       3.57504398e-01, 0., 0., 0., 9.12925842e+02, 3.41897491e+02,
       4.55361217e-01, 1.05416772e+03, 3.12496826e+02, 1.57577366e-01,
       1.18368494e+03, 2.71214539e+02, 6.67202920e-02, 1.16903369e+03,
       3.94924347e+02, 4.51358229e-01, 1.16895264e+03, 4.53770569e+02,
       4.69061255e-01, 1.37203467e+03, 5.74317993e+02, 5.91021657e-01,
       1.54281372e+03, 7.18633911e+02, 6.13356411e-01, 1.16897119e+03,
       3.38905243e+02, 4.43935573e-01, 1.26023279e+03, 2.77192261e+02,
       4.76073295e-01, 1.42205603e+03, 2.06588135e+02, 3.83374751e-01,
       7.68658508e+02, 4.15484406e+02, 7.56944060e-01, 7.68678894e+02,
       3.74293091e+02, 7.48999715e-01, 7.83455444e+02, 4.56640656e+02,
       4.81827676e-01, 8.01098145e+02, 3.44900970e+02, 4.91835505e-01,
       1.56034827e+03, 1.77043930e+02, 1.05210230e-01, 1.55159546e+03,
       1.74103180e+02, 1.18062548e-01, 1.42501160e+03, 1.94661118e+02,
       1.62069395e-01, 1.63104358e+03, 6.92210938e+02, 6.53200269e-01,
       1.61643872e+03, 7.12702148e+02, 5.36139309e-01, 1.54869824e+03,
       7.42320679e+02, 4.74430889e-01 ]
