%YAML:1.0
---
pose_0: !!opencv-matrix
   rows: 1
   cols: 25
   dt: "3f"
   data: [ 7.39323242e+02, 5.77491638e+02, 9.16101515e-01,
       8.39364441e+02, 5.77347839e+02, 7.21710503e-01, 8.36385132e+02,
       6.47965881e+02, 6.62310243e-01, 9.92319397e+02, 7.09805481e+02,
       6.88202262e-01, 1.11888135e+03, 7.62938538e+02, 8.50719750e-01,
       8.51075134e+02, 5.03860809e+02, 6.58310652e-01, 1.00705536e+03,
       4.62613159e+02, 7.42353261e-01, 1.13363245e+03, 4.38991974e+02,
       7.50238180e-01, 1.11306042e+03, 5.83220764e+02, 5.74329555e-01,
       1.11307166e+03, 6.30378174e+02, 5.86749136e-01, 1.30437988e+03,
       6.44924133e+02, 7.44800806e-01, 1.53989417e+03, 6.68649292e+02,
       6.70369565e-01, 1.11301465e+03, 5.30256958e+02, 5.90019763e-01,
       1.34256775e+03, 4.83225891e+02, 7.31577337e-01, 1.55451123e+03,
       4.65602142e+02, 6.10315144e-01, 7.21633423e+02, 5.95053955e+02,
       8.13319683e-01, 7.30427490e+02, 5.59679321e+02, 8.06132674e-01,
       7.39328247e+02, 6.18483582e+02, 4.26867247e-01, 7.48142212e+02,
       5.33238403e+02, 6.06818259e-01, 1.63692200e+03, 4.65542450e+02,
       5.28148174e-01, 1.63399915e+03, 4.56748077e+02, 5.44547200e-01,
       1.56926953e+03, 4.62590546e+02, 2.77576387e-01, 1.62221252e+03,
       6.65633484e+02, 4.34622526e-01, 1.61043396e+03, 6.74519775e+02,
       4.11093175e-01, 1.56040784e+03, 6.65624146e+02, 3.87650311e-01 ]
