%YAML:1.0
---
pose_0: !!opencv-matrix
   rows: 1
   cols: 25
   dt: "3f"
   data: [ 7.36276733e+02, 3.39044373e+02, 3.33390445e-01,
       8.27582947e+02, 2.44753006e+02, 3.74616921e-01, 8.27527893e+02,
       2.53593170e+02, 2.34522313e-01, 8.83404297e+02, 4.06571289e+02,
       4.23824877e-01, 9.07170166e+02, 5.50979004e+02, 4.21984851e-01,
       8.15847107e+02, 2.47798737e+02, 5.38055420e-01, 8.83514526e+02,
       4.00803192e+02, 5.37424207e-01, 9.07104431e+02, 5.50911194e+02,
       6.34353161e-01, 1.11895923e+03, 3.06560699e+02, 4.32553023e-01,
       1.11600500e+03, 3.59537872e+02, 4.66680229e-01, 1.30134729e+03,
       4.97936310e+02, 7.45398521e-01, 1.51629126e+03, 4.80195984e+02,
       4.85369593e-01, 1.12779651e+03, 2.47662903e+02, 3.58062476e-01,
       1.35730103e+03, 2.27114120e+02, 3.54157060e-01, 1.38677808e+03,
       2.03586884e+02, 9.96083245e-02, 7.15642883e+02, 3.36072083e+02,
       8.51448849e-02, 7.21589966e+02, 3.21380981e+02, 2.47113630e-01,
       0., 0., 0., 7.30441040e+02, 2.74249390e+02, 3.20085257e-01, 0.,
       0., 0., 0., 0., 0., 0., 0., 0., 0., 0., 0., 0., 0., 0.,
       1.55157544e+03, 4.68463715e+02, 2.98407197e-01 ]
