%YAML:1.0
---
pose_0: !!opencv-matrix
   rows: 1
   cols: 25
   dt: "3f"
   data: [ 6.98149353e+02, 4.83280151e+02, 8.57589245e-01,
       8.36271301e+02, 5.00804077e+02, 7.90277064e-01, 8.36291138e+02,
       5.74460938e+02, 7.55298257e-01, 9.36510742e+02, 6.53941162e+02,
       7.36615360e-01, 9.92394226e+02, 6.50947998e+02, 7.35792100e-01,
       8.39364258e+02, 4.15540009e+02, 7.05355287e-01, 1.00116675e+03,
       3.97814240e+02, 8.09347987e-01, 8.95229492e+02, 4.12638123e+02,
       7.54472613e-01, 1.10423474e+03, 5.06696838e+02, 5.96882105e-01,
       1.09839661e+03, 5.50922058e+02, 6.26327038e-01, 1.30733154e+03,
       5.74442566e+02, 7.82967091e-01, 1.57811157e+03, 6.03868469e+02,
       5.59637547e-01, 1.11013489e+03, 4.56688354e+02, 5.36218762e-01,
       1.32205200e+03, 4.50847748e+02, 5.45799553e-01, 1.54277063e+03,
       4.56670319e+02, 5.55259109e-01, 6.89130127e+02, 5.03689941e+02,
       7.14259148e-01, 6.92201050e+02, 4.65587952e+02, 8.14643800e-01,
       7.09796509e+02, 5.21401733e+02, 2.25997195e-01, 7.18665283e+02,
       4.39009033e+02, 5.87806523e-01, 1.61357178e+03, 4.50791901e+02,
       4.74922091e-01, 1.61330969e+03, 4.39105286e+02, 5.21149158e-01,
       1.57802673e+03, 4.53782745e+02, 2.03555048e-01, 1.63109460e+03,
       5.65621033e+02, 1.96496964e-01, 1.61631848e+03, 5.77336792e+02,
       1.36637852e-01, 1.61638025e+03, 5.83293030e+02, 2.77346134e-01 ]
