%YAML:1.0
---
pose_0: !!opencv-matrix
   rows: 1
   cols: 25
   dt: "3f"
   data: [ 5.71530334e+02, 5.27271912e+02, 2.82842696e-01,
       6.21583008e+02, 5.86190918e+02, 2.82857209e-01, 5.89127686e+02,
       6.21539978e+02, 1.25190035e-01, 0., 0., 0., 0., 0., 0.,
       6.68613098e+02, 5.27302612e+02, 2.45784178e-01, 7.98091675e+02,
       5.30221558e+02, 5.70313990e-01, 5.74450195e+02, 6.48055359e+02,
       7.41474628e-01, 7.36330322e+02, 6.68574585e+02, 8.77989754e-02,
       6.98063904e+02, 7.21614929e+02, 9.30252597e-02, 8.51031006e+02,
       8.92281189e+02, 1.67877138e-01, 6.68559448e+02, 9.45315979e+02,
       1.50675192e-01, 7.89312134e+02, 6.12716553e+02, 7.19605535e-02,
       0., 0., 0., 0., 0., 0., 5.42083069e+02, 5.30291382e+02,
       2.57292837e-01, 5.56833801e+02, 5.06706757e+02, 2.88249731e-01,
       5.33217102e+02, 5.86183289e+02, 1.57631502e-01, 5.80317932e+02,
       4.97959229e+02, 1.26361549e-01, 0., 0., 0., 0., 0., 0., 0., 0.,
       0., 5.97971802e+02, 9.71736145e+02, 7.94885755e-02, 0., 0., 0.,
       0., 0., 0. ]
