%YAML:1.0
---
pose_0: !!opencv-matrix
   rows: 1
   cols: 25
   dt: "3f"
   data: [ 7.42233154e+02, 5.50856689e+02, 9.38245654e-01,
       8.51062988e+02, 5.77426453e+02, 6.99895859e-01, 8.39390808e+02,
       6.42171387e+02, 6.24072969e-01, 9.54114990e+02, 6.92075989e+02,
       7.25686908e-01, 1.03362305e+03, 7.18657715e+02, 8.45851779e-01,
       8.57050232e+02, 5.24328003e+02, 5.98841369e-01, 9.18777283e+02,
       5.06684601e+02, 1.05210848e-01, 0., 0., 0., 1.11889502e+03,
       5.50848877e+02, 5.31518042e-01, 1.11894495e+03, 5.98018555e+02,
       5.51160097e-01, 1.32784412e+03, 6.21560974e+02, 7.77340889e-01,
       1.55747180e+03, 6.59800903e+02, 6.07375979e-01, 1.11309033e+03,
       4.97908691e+02, 5.32644808e-01, 1.34561035e+03, 4.53697021e+02,
       6.80376887e-01, 1.57217957e+03, 4.35999451e+02, 5.96757650e-01,
       7.24488464e+02, 5.56885925e+02, 8.54975104e-01, 7.39302673e+02,
       5.27464172e+02, 9.50865388e-01, 7.36269409e+02, 5.94961426e+02,
       6.66135192e-01, 7.62907410e+02, 5.09700714e+02, 6.56327248e-01,
       1.63707031e+03, 4.62592468e+02, 2.70758629e-01, 1.63410034e+03,
       4.36168060e+02, 3.19564402e-01, 1.60748193e+03, 4.27252594e+02,
       2.69577414e-01, 1.63105737e+03, 6.71556396e+02, 3.45146626e-01,
       0., 0., 0., 1.58691003e+03, 6.48003906e+02, 3.80668074e-01 ]
