%YAML:1.0
---
pose_0: !!opencv-matrix
   rows: 1
   cols: 25
   dt: "3f"
   data: [ 9.09945374e+02, 4.86151489e+02, 1.90556467e-01,
       9.48190308e+02, 5.24355103e+02, 5.73707938e-01, 9.04068909e+02,
       5.68594055e+02, 5.49757242e-01, 7.62862671e+02, 5.33253357e+02,
       6.46951973e-01, 8.80429504e+02, 5.06666504e+02, 4.88564819e-01,
       9.89395325e+02, 4.80200592e+02, 4.44013894e-01, 1.02189618e+03,
       4.41996704e+02, 1.55247718e-01, 1.00123529e+03, 4.09585022e+02,
       1.97030425e-01, 1.16008557e+03, 5.50948730e+02, 4.21696007e-01,
       1.13955945e+03, 5.95046143e+02, 2.94054270e-01, 1.37784167e+03,
       5.03747406e+02, 8.01188469e-01, 1.63694043e+03, 7.15690063e+02,
       4.14691567e-01, 1.16605591e+03, 5.12643188e+02, 3.81689101e-01,
       1.39268115e+03, 4.89118927e+02, 2.71042377e-01, 1.49867371e+03,
       6.39190735e+02, 3.41960967e-01, 8.92342651e+02, 4.83296936e+02,
       1.92782775e-01, 9.09984802e+02, 4.65593109e+02, 1.88860551e-01,
       8.77556885e+02, 5.03799957e+02, 1.82997763e-01, 9.30584961e+02,
       4.59586517e+02, 1.86701596e-01, 0., 0., 0., 0., 0., 0.,
       1.48982019e+03, 6.56864380e+02, 2.78282225e-01, 1.68110608e+03,
       7.15757080e+02, 3.25140536e-01, 1.66349048e+03, 7.33334778e+02,
       2.95316249e-01, 1.65164307e+03, 7.39234253e+02, 2.69662052e-01 ]
