%YAML:1.0
---
pose_0: !!opencv-matrix
   rows: 1
   cols: 25
   dt: "3f"
   data: [ 6.59823181e+02, 5.03927795e+02, 8.53828669e-01,
       7.89416382e+02, 4.80281799e+02, 7.44008064e-01, 7.89210083e+02,
       5.59756348e+02, 6.03336930e-01, 9.07143677e+02, 6.92088379e+02,
       8.54053557e-01, 8.18729797e+02, 6.68732422e+02, 7.55564094e-01,
       8.06934692e+02, 3.91963196e+02, 6.70237839e-01, 9.57113281e+02,
       3.41944336e+02, 8.26199174e-01, 1.06888489e+03, 3.56577789e+02,
       7.88554251e-01, 1.08065173e+03, 5.24407959e+02, 5.66006482e-01,
       1.06896265e+03, 5.74500122e+02, 6.03120804e-01, 1.27493530e+03,
       5.95064331e+02, 2.38206610e-01, 1.58981287e+03, 5.65572815e+02,
       3.16843688e-01, 1.09238623e+03, 4.59687042e+02, 5.60660601e-01,
       1.29261731e+03, 4.83302338e+02, 4.91637915e-01, 1.66046802e+03,
       4.94931152e+02, 3.23742062e-01, 6.45049255e+02, 5.24400757e+02,
       8.03529143e-01, 6.45181213e+02, 4.83177399e+02, 8.60546768e-01,
       6.68507019e+02, 5.36145325e+02, 1.34962603e-01, 6.68681335e+02,
       4.47836029e+02, 5.68864763e-01, 1.73996826e+03, 4.33163361e+02,
       2.76516438e-01, 1.73998181e+03, 4.33122406e+02, 2.70879447e-01,
       0., 0., 0., 1.68417603e+03, 5.56741455e+02, 1.01432055e-01, 0.,
       0., 0., 1.67520886e+03, 5.74463196e+02, 1.17379382e-01 ]
