%YAML:1.0
---
pose_0: !!opencv-matrix
   rows: 1
   cols: 25
   dt: "3f"
   data: [ 7.21544250e+02, 4.83081116e+02, 8.66502166e-01,
       8.56939697e+02, 4.80338684e+02, 7.61123598e-01, 8.56877380e+02,
       5.53861023e+02, 6.84301794e-01, 9.33520874e+02, 6.45117065e+02,
       6.49540365e-01, 9.57044617e+02, 6.42031799e+02, 5.49064636e-01,
       8.59928711e+02, 4.06646973e+02, 6.43559933e-01, 1.02184070e+03,
       3.71416962e+02, 7.14648724e-01, 9.39418396e+02, 4.09579590e+02,
       5.21256447e-01, 1.13950916e+03, 4.94936127e+02, 5.53152502e-01,
       1.12774622e+03, 5.39139526e+02, 5.84004104e-01, 1.30441980e+03,
       5.74265503e+02, 6.70142770e-01, 1.53979236e+03, 5.95080261e+02,
       5.68846166e-01, 1.14247156e+03, 4.36210236e+02, 5.28076589e-01,
       1.33095300e+03, 4.53656128e+02, 6.86527371e-01, 1.55157959e+03,
       4.59657166e+02, 5.94297886e-01, 7.06853149e+02, 4.97842987e+02,
       7.25025713e-01, 7.12811523e+02, 4.59749695e+02, 8.51861715e-01,
       7.21603699e+02, 5.12584717e+02, 1.97251722e-01, 7.39188171e+02,
       4.33170868e+02, 6.28919423e-01, 1.61645703e+03, 4.41989288e+02,
       5.60618639e-01, 1.61339001e+03, 4.36136932e+02, 6.11057460e-01,
       1.58099719e+03, 4.65509857e+02, 2.46295646e-01, 1.62517981e+03,
       5.95055237e+02, 2.27065712e-01, 1.61338818e+03, 6.09777588e+02,
       2.02759847e-01, 1.57808997e+03, 5.77364136e+02, 3.47922415e-01 ]
