%YAML:1.0
---
pose_0: !!opencv-matrix
   rows: 1
   cols: 25
   dt: "3f"
   data: [ 7.18732300e+02, 5.27231506e+02, 8.49990368e-01,
       8.53947266e+02, 5.53790100e+02, 7.40293205e-01, 8.36519287e+02,
       6.30358459e+02, 7.01843858e-01, 9.71780640e+02, 6.74582458e+02,
       7.65544474e-01, 1.09241418e+03, 6.89133362e+02, 8.08901608e-01,
       8.59868958e+02, 4.83120178e+02, 5.75480342e-01, 1.02169580e+03,
       4.50816376e+02, 7.49716818e-01, 1.14261096e+03, 4.15439362e+02,
       8.17183971e-01, 1.11300977e+03, 5.71407104e+02, 5.73101759e-01,
       1.09832520e+03, 6.21486572e+02, 5.97505808e-01, 1.33386633e+03,
       6.21409180e+02, 6.30790710e-01, 1.55746619e+03, 6.33327087e+02,
       5.71052432e-01, 1.11592310e+03, 5.06867126e+02, 5.85976958e-01,
       1.32782092e+03, 4.59648132e+02, 5.19746482e-01, 1.52806335e+03,
       4.59691620e+02, 3.61676306e-01, 7.12675598e+02, 5.36170715e+02,
       7.58179843e-01, 7.12780823e+02, 5.06778015e+02, 8.31387222e-01,
       7.24559387e+02, 5.65597595e+02, 6.75591469e-01, 7.39190796e+02,
       4.86144135e+02, 5.35127461e-01, 1.63702405e+03, 4.09628571e+02,
       1.64200187e-01, 1.63699377e+03, 4.09641815e+02, 1.88145548e-01,
       1.54574243e+03, 4.50819366e+02, 1.82191357e-01, 1.63397998e+03,
       6.03895264e+02, 6.28028035e-01, 1.62222937e+03, 6.21507263e+02,
       5.05674720e-01, 1.57513574e+03, 6.47970032e+02, 2.97639400e-01 ]
