%YAML:1.0
---
pose_0: !!opencv-matrix
   rows: 1
   cols: 25
   dt: "3f"
   data: [ 4.86164124e+02, 5.68488525e+02, 5.21296620e-01,
       6.45057068e+02, 5.50834473e+02, 4.58105683e-01, 6.68551025e+02,
       6.09727478e+02, 2.81286150e-01, 6.24423584e+02, 7.15785095e+02,
       6.20997369e-01, 4.12443939e+02, 6.74458191e+02, 7.58988738e-01,
       6.21476807e+02, 4.83179779e+02, 2.85487801e-01, 6.89220703e+02,
       4.27237579e+02, 4.73799676e-01, 4.03701263e+02, 4.80103638e+02,
       6.56413734e-01, 1.02477795e+03, 5.89135742e+02, 3.75826627e-01,
       1.01003864e+03, 6.59755188e+02, 3.71906042e-01, 1.35437561e+03,
       6.68658630e+02, 4.09536600e-01, 1.73698010e+03, 6.74535217e+02,
       4.92460936e-01, 1.03358057e+03, 5.12622986e+02, 3.64664763e-01,
       1.35139429e+03, 5.44948792e+02, 3.75840485e-01, 0., 0., 0.,
       4.56731079e+02, 5.92041748e+02, 2.24812850e-01, 4.68463196e+02,
       5.33292542e+02, 3.49588662e-01, 0., 0., 0., 5.03823944e+02,
       5.06756012e+02, 1.62843317e-01, 0., 0., 0., 0., 0., 0., 0., 0.,
       0., 1.80178137e+03, 6.77456726e+02, 5.49454018e-02, 0., 0., 0.,
       1.76053723e+03, 6.65720154e+02, 2.93888628e-01 ]
