%YAML:1.0
---
pose_0: !!opencv-matrix
   rows: 1
   cols: 25
   dt: "3f"
   data: [ 7.83349548e+02, 4.38988831e+02, 8.50703299e-01,
       8.59847229e+02, 4.83149780e+02, 6.81540012e-01, 8.51059265e+02,
       5.24362244e+02, 5.36310613e-01, 7.45209656e+02, 5.00790527e+02,
       1.46610886e-01, 0., 0., 0., 8.59818604e+02, 4.42008209e+02,
       5.70768893e-01, 8.48209656e+02, 3.53713715e+02, 5.69288492e-01,
       8.51037598e+02, 2.50646606e+02, 5.59336066e-01, 1.13660400e+03,
       4.89036987e+02, 5.30690014e-01, 1.13656348e+03, 5.39115845e+02,
       5.19283831e-01, 1.35150232e+03, 5.98082703e+02, 6.81682706e-01,
       1.54273877e+03, 6.89246033e+02, 6.83449090e-01, 1.13363647e+03,
       4.33185181e+02, 5.65765262e-01, 1.29257629e+03, 3.62616730e+02,
       3.35522324e-01, 1.33384583e+03, 3.53727264e+02, 2.24871933e-01,
       7.65789734e+02, 4.56602844e+02, 8.13853264e-01, 7.68636047e+02,
       4.30147461e+02, 7.47925460e-01, 7.83328552e+02, 4.83177216e+02,
       7.18308270e-01, 7.92226013e+02, 4.21351837e+02, 1.18438974e-01,
       1.51039697e+03, 3.18347076e+02, 8.12111795e-02, 1.50153687e+03,
       3.18343445e+02, 1.24370635e-01, 0., 0., 0., 1.61035522e+03,
       6.68679138e+02, 6.07551336e-01, 1.59578149e+03, 6.86221680e+02,
       5.38121581e-01, 1.55453516e+03, 7.09827209e+02, 4.60144788e-01 ]
