%YAML:1.0
---
pose_0: !!opencv-matrix
   rows: 1
   cols: 25
   dt: "3f"
   data: [ 8.18761536e+02, 3.88916046e+02, 7.79181778e-01,
       9.27584045e+02, 4.27209991e+02, 5.33251047e-01, 9.15856140e+02,
       4.80147156e+02, 4.99736458e-01, 8.45269409e+02, 4.62616547e+02,
       3.70180100e-01, 7.92288818e+02, 4.18484344e+02, 4.48568314e-01,
       9.33499817e+02, 3.77216583e+02, 3.56073320e-01, 1.06588867e+03,
       3.50736633e+02, 1.05378628e-01, 0., 0., 0., 1.18369580e+03,
       4.33170013e+02, 4.90619659e-01, 1.18076453e+03, 4.83280121e+02,
       4.70027745e-01, 1.37198010e+03, 5.53728271e+02, 6.42177761e-01,
       1.53988306e+03, 6.48142456e+02, 6.37640178e-01, 1.17489563e+03,
       3.68455780e+02, 4.47184294e-01, 1.31614209e+03, 2.68322113e+02,
       2.32300043e-01, 1.37492175e+03, 2.21324677e+02, 5.44822291e-02,
       8.06992676e+02, 4.00827515e+02, 6.18918598e-01, 8.12892883e+02,
       3.71367737e+02, 6.44947946e-01, 8.24589661e+02, 4.33082886e+02,
       2.54686564e-01, 8.51037476e+02, 3.62435913e+02, 2.27040440e-01,
       0., 0., 0., 0., 0., 0., 1.53979199e+03, 1.47677338e+02,
       1.17830679e-01, 1.60756384e+03, 6.36195862e+02, 5.21549225e-01,
       1.59571448e+03, 6.48036743e+02, 4.52147424e-01, 1.55748376e+03,
       6.68667175e+02, 4.20233727e-01 ]
