%YAML:1.0
---
pose_0: !!opencv-matrix
   rows: 1
   cols: 25
   dt: "3f"
   data: [ 6.62761230e+02, 3.86166779e+02, 8.83693576e-01,
       7.45105530e+02, 4.53772461e+02, 6.53015733e-01, 7.45231262e+02,
       5.27386597e+02, 5.16352475e-01, 9.10020264e+02, 6.27403442e+02,
       6.68024480e-01, 1.05708875e+03, 7.15580688e+02, 8.17740917e-01,
       7.45217285e+02, 3.80185730e+02, 6.11930370e-01, 9.33494385e+02,
       3.30140594e+02, 7.00904429e-01, 1.04839014e+03, 2.77127228e+02,
       7.91805267e-01, 1.07182996e+03, 4.50807373e+02, 4.14343804e-01,
       1.07181079e+03, 5.06687042e+02, 4.56034690e-01, 1.34552258e+03,
       5.42027893e+02, 6.95828080e-01, 1.63403906e+03, 5.53847656e+02,
       5.40504754e-01, 1.06008496e+03, 3.88918213e+02, 4.29849952e-01,
       1.18667310e+03, 3.36010590e+02, 2.95744389e-01, 1.53682800e+03,
       2.03592224e+02, 1.49082959e-01, 6.33351196e+02, 4.00828003e+02,
       7.83579290e-01, 6.48052612e+02, 3.68366455e+02, 7.65297174e-01,
       6.36249268e+02, 4.41946106e+02, 6.12333536e-01, 0., 0., 0.,
       1.57804883e+03, 1.97765457e+02, 1.42021090e-01, 0., 0., 0., 0.,
       0., 0., 1.74289197e+03, 5.80352356e+02, 1.22450031e-01, 0., 0.,
       0., 1.65459998e+03, 5.44999390e+02, 3.71921688e-01 ]
