%YAML:1.0
---
pose_0: !!opencv-matrix
   rows: 1
   cols: 25
   dt: "3f"
   data: [ 7.39287842e+02, 3.83158905e+02, 8.74240398e-01,
       8.56963867e+02, 3.65569305e+02, 7.04310119e-01, 8.45254822e+02,
       4.33224182e+02, 6.27244592e-01, 9.80702942e+02, 4.74363220e+02,
       7.10606813e-01, 9.54052856e+02, 5.50735413e+02, 8.93376768e-01,
       8.65802551e+02, 2.83012085e+02, 6.39147878e-01, 1.00130157e+03,
       2.50781540e+02, 7.71057308e-01, 1.12197815e+03, 2.21148804e+02,
       8.23495269e-01, 1.12183911e+03, 4.06605927e+02, 5.50123572e-01,
       1.11307861e+03, 4.53752441e+02, 5.90672910e-01, 1.31325549e+03,
       5.06708191e+02, 7.70875573e-01, 1.53099695e+03, 5.45048401e+02,
       5.89891613e-01, 1.12487939e+03, 3.47824951e+02, 5.13529122e-01,
       1.33080481e+03, 3.53669769e+02, 4.12116855e-01, 1.57512317e+03,
       3.15376953e+02, 5.76483667e-01, 7.21676636e+02, 3.92071228e+02,
       7.92224586e-01, 7.33316040e+02, 3.62566223e+02, 8.59957576e-01,
       7.39340637e+02, 4.12640808e+02, 3.98046762e-01, 7.56892883e+02,
       3.33135101e+02, 5.99499881e-01, 1.63710339e+03, 2.65302551e+02,
       6.15455568e-01, 1.63406885e+03, 2.65344360e+02, 5.78132927e-01,
       1.61338367e+03, 3.21394409e+02, 2.86581099e-01, 1.58980872e+03,
       5.97950195e+02, 3.57664764e-01, 0., 0., 0., 1.56339795e+03,
       5.30290161e+02, 4.56022263e-01 ]
