%YAML:1.0
---
pose_0: !!opencv-matrix
   rows: 1
   cols: 25
   dt: "3f"
   data: [ 7.50996094e+02, 5.00856476e+02, 1.64781615e-01,
       8.09855347e+02, 5.45031738e+02, 4.39116955e-01, 7.89276917e+02,
       5.94957581e+02, 6.56237960e-01, 9.27553589e+02, 6.59745667e+02,
       7.07625449e-01, 1.09530481e+03, 6.83369995e+02, 7.91301906e-01,
       8.33439697e+02, 5.03792542e+02, 2.71390378e-01, 1.02183673e+03,
       4.59547455e+02, 5.10286093e-01, 1.09529321e+03, 3.92027771e+02,
       5.88823795e-01, 1.11602307e+03, 5.42049194e+02, 3.77847582e-01,
       1.12187683e+03, 5.62662720e+02, 2.43827343e-01, 1.33075415e+03,
       5.30201904e+02, 7.83694625e-01, 1.55457019e+03, 6.03913330e+02,
       5.58585048e-01, 1.13071399e+03, 5.06809448e+02, 3.39628339e-01,
       1.33675952e+03, 5.15596680e+02, 3.07471454e-01, 1.49859692e+03,
       6.36263245e+02, 4.52148497e-01, 7.33323242e+02, 5.06695343e+02,
       1.53555170e-01, 7.42181580e+02, 4.86208954e+02, 1.03905693e-01,
       7.36288696e+02, 5.30242065e+02, 2.46141165e-01, 7.45156250e+02,
       4.77329010e+02, 5.21173440e-02, 0., 0., 0., 0., 0., 0.,
       1.49273608e+03, 6.65662048e+02, 4.14719582e-01, 1.63988354e+03,
       5.59748718e+02, 3.98498535e-01, 1.64576343e+03, 5.80328369e+02,
       3.52105767e-01, 1.56640710e+03, 6.24579651e+02, 3.77219260e-01 ]
