%YAML:1.0
---
pose_0: !!opencv-matrix
   rows: 1
   cols: 25
   dt: "3f"
   data: [ 7.80490540e+02, 4.15485992e+02, 8.06394339e-01,
       8.74691772e+02, 4.30225769e+02, 6.17190242e-01, 8.59850525e+02,
       4.83205475e+02, 6.25434697e-01, 7.98120605e+02, 5.24413635e+02,
       6.10069752e-01, 6.92138489e+02, 5.36235901e+02, 4.43039298e-01,
       8.95255737e+02, 3.65497833e+02, 4.55568612e-01, 1.09541992e+03,
       3.41950470e+02, 2.03637943e-01, 0., 0., 0., 1.17486646e+03,
       4.30165985e+02, 4.44345474e-01, 1.17780920e+03, 4.83150940e+02,
       4.36430424e-01, 1.37796545e+03, 5.97885193e+02, 4.43614393e-01,
       1.54274792e+03, 7.18724731e+02, 5.18763602e-01, 1.16894751e+03,
       3.65520844e+02, 4.69490111e-01, 1.26027820e+03, 2.91849457e+02,
       4.22967255e-01, 1.46038013e+03, 2.18279312e+02, 8.49509835e-02,
       7.62900391e+02, 4.36172241e+02, 8.60208809e-01, 7.65678833e+02,
       4.03675873e+02, 8.11842740e-01, 7.77484070e+02, 4.74339905e+02,
       4.17298347e-01, 7.86440552e+02, 3.74326324e+02, 5.15143931e-01,
       0., 0., 0., 0., 0., 0., 0., 0., 0., 1.61637683e+03,
       6.92219849e+02, 4.80145365e-01, 1.61052258e+03, 7.09793457e+02,
       3.83770704e-01, 1.55161389e+03, 7.45142700e+02, 3.55892390e-01 ]
