%YAML:1.0
---
pose_0: !!opencv-matrix
   rows: 1
   cols: 25
   dt: "3f"
   data: [ 7.48090332e+02, 4.83312897e+02, 8.64415765e-01,
       8.77550476e+02, 5.27206604e+02, 7.33550847e-01, 8.77599854e+02,
       6.00831665e+02, 7.54707813e-01, 1.00132397e+03, 6.36226318e+02,
       7.23860323e-01, 1.12185022e+03, 6.24579224e+02, 7.85556674e-01,
       8.71680481e+02, 4.56617432e+02, 6.12602472e-01, 1.01301794e+03,
       4.18477509e+02, 6.93506122e-01, 1.16312939e+03, 4.09547913e+02,
       7.65971184e-01, 1.13363196e+03, 5.30296936e+02, 5.97479522e-01,
       1.11894861e+03, 5.77386658e+02, 6.46858871e-01, 1.33090808e+03,
       5.86209412e+02, 5.80089331e-01, 1.55456250e+03, 5.89121704e+02,
       5.79346538e-01, 1.13953735e+03, 4.80214600e+02, 5.97849727e-01,
       1.34846130e+03, 4.59532928e+02, 6.69326901e-01, 1.60748315e+03,
       4.12673859e+02, 5.65221250e-01, 7.39181580e+02, 5.03716736e+02,
       8.38227689e-01, 7.42113464e+02, 4.71460541e+02, 8.43085289e-01,
       7.53970459e+02, 5.30190308e+02, 6.63742483e-01, 7.65761597e+02,
       4.56716980e+02, 4.46492195e-01, 1.73108716e+03, 3.71367676e+02,
       2.39502534e-01, 1.73109216e+03, 3.68484863e+02, 2.35516995e-01,
       1.61343848e+03, 4.15501892e+02, 2.23967433e-01, 1.61935620e+03,
       5.74464844e+02, 4.47306633e-01, 1.61043787e+03, 5.92054688e+02,
       3.98347616e-01, 1.57811914e+03, 5.80395874e+02, 2.48839900e-01 ]
