%YAML:1.0
---
pose_0: !!opencv-matrix
   rows: 1
   cols: 25
   dt: "3f"
   data: [ 7.68685852e+02, 4.18476868e+02, 8.31858695e-01,
       8.83423523e+02, 4.47822418e+02, 7.15942383e-01, 8.80570190e+02,
       5.27273254e+02, 8.23158145e-01, 1.01594971e+03, 5.71434631e+02,
       5.55182219e-01, 1.04237964e+03, 5.80324036e+02, 6.09554112e-01,
       8.83506958e+02, 3.68389313e+02, 6.57135665e-01, 1.02773071e+03,
       3.24269196e+02, 7.58534133e-01, 1.11606946e+03, 2.88937378e+02,
       8.22507858e-01, 1.12777173e+03, 4.33057587e+02, 5.30046284e-01,
       1.12774182e+03, 4.80235260e+02, 5.74607968e-01, 1.34561072e+03,
       5.03680054e+02, 7.62833536e-01, 1.54275549e+03, 5.80378479e+02,
       5.97261488e-01, 1.12185254e+03, 3.80141846e+02, 5.27961731e-01,
       1.23668164e+03, 3.59495697e+02, 1.65150866e-01, 0., 0., 0.,
       7.56883118e+02, 4.36108765e+02, 8.60290825e-01, 7.62696045e+02,
       4.06664032e+02, 8.65095019e-01, 7.68737488e+02, 4.65550049e+02,
       6.33172333e-01, 7.83364075e+02, 3.86087860e+02, 4.53905106e-01,
       0., 0., 0., 0., 0., 0., 0., 0., 0., 1.61340808e+03,
       5.94979187e+02, 5.26646376e-01, 1.60456775e+03, 6.00990967e+02,
       4.78716969e-01, 1.56632251e+03, 5.86210754e+02, 3.45218003e-01 ]
