%YAML:1.0
---
pose_0: !!opencv-matrix
   rows: 1
   cols: 25
   dt: "3f"
   data: [ 7.51041504e+02, 3.91971130e+02, 8.00002038e-01,
       8.62825500e+02, 3.97837189e+02, 7.36413538e-01, 8.59958801e+02,
       4.77331055e+02, 8.05759668e-01, 9.74787537e+02, 5.36234619e+02,
       8.39344978e-01, 1.04836646e+03, 6.24491882e+02, 8.76706183e-01,
       8.68708496e+02, 3.18485046e+02, 6.61923587e-01, 1.01298639e+03,
       2.91910248e+02, 8.17523122e-01, 1.08357458e+03, 2.36010849e+02,
       8.03349257e-01, 1.11901636e+03, 4.00774078e+02, 5.79253912e-01,
       1.11896753e+03, 4.47838165e+02, 5.61495483e-01, 1.34846631e+03,
       4.65581665e+02, 7.04218507e-01, 1.53687976e+03, 5.42027283e+02,
       5.92075408e-01, 1.12186548e+03, 3.50724396e+02, 5.62898457e-01,
       1.31321265e+03, 3.09556702e+02, 3.30345839e-01, 1.56929260e+03,
       2.91847778e+02, 4.38365221e-01, 7.39212219e+02, 4.09708618e+02,
       8.08901906e-01, 7.39291016e+02, 3.80109894e+02, 7.81512201e-01,
       7.59850220e+02, 4.33074005e+02, 4.70954776e-01, 7.62801758e+02,
       3.47751678e+02, 4.97518092e-01, 1.63985754e+03, 2.68296204e+02,
       4.75702643e-01, 1.63695300e+03, 2.65388794e+02, 4.70577627e-01,
       1.61042859e+03, 2.94865448e+02, 2.04856277e-01, 1.61344849e+03,
       5.44970093e+02, 5.10390401e-01, 1.60743469e+03, 5.53848511e+02,
       4.50082242e-01, 1.56042615e+03, 5.45020691e+02, 3.30510139e-01 ]
