%YAML:1.0
---
pose_0: !!opencv-matrix
   rows: 1
   cols: 25
   dt: "3f"
   data: [ 0., 0., 0., 8.62917297e+02, 5.33288696e+02, 3.90240550e-01,
       8.57027405e+02, 5.36168274e+02, 2.64104962e-01, 1.11006116e+03,
       5.18509644e+02, 2.44994491e-01, 1.18667151e+03, 5.30303589e+02,
       1.80043727e-01, 8.51080444e+02, 5.53765320e+02, 6.53410196e-01,
       1.00118036e+03, 5.53758606e+02, 7.11220920e-01, 1.18963525e+03,
       4.86112244e+02, 5.41322827e-01, 1.19250110e+03, 6.03913147e+02,
       2.58465737e-01, 1.20726611e+03, 6.03899963e+02, 2.79543579e-01,
       1.38381360e+03, 5.03716156e+02, 7.25015342e-01, 1.64577637e+03,
       7.18732056e+02, 6.04962468e-01, 1.19251807e+03, 5.95003967e+02,
       1.89762712e-01, 1.38092883e+03, 4.83279510e+02, 3.98611873e-01,
       1.53983008e+03, 6.45049255e+02, 8.00195485e-02, 0., 0., 0., 0.,
       0., 0., 0., 0., 0., 7.62850525e+02, 5.53893921e+02,
       2.00869843e-01, 0., 0., 0., 0., 0., 0., 0., 0., 0.,
       1.70761438e+03, 6.45118774e+02, 2.08349422e-01, 1.71640271e+03,
       6.62726868e+02, 1.52689710e-01, 1.65459985e+03, 7.45209167e+02,
       4.80267793e-01 ]
