%YAML:1.0
---
pose_0: !!opencv-matrix
   rows: 1
   cols: 25
   dt: "3f"
   data: [ 6.62736267e+02, 5.15581970e+02, 7.32152522e-01,
       7.98169800e+02, 4.77305359e+02, 6.71545506e-01, 8.24594299e+02,
       5.77404175e+02, 5.31423569e-01, 9.80607666e+02, 6.30403503e+02,
       5.61130047e-01, 1.14547229e+03, 6.98007935e+02, 5.80982983e-01,
       7.89436523e+02, 3.77259918e+02, 6.65862620e-01, 9.36496338e+02,
       3.15460541e+02, 7.98796833e-01, 1.06599060e+03, 2.44890381e+02,
       8.48727226e-01, 1.11606702e+03, 5.21425415e+02, 5.68056583e-01,
       1.09540515e+03, 5.74454773e+02, 5.89886189e-01, 1.32204871e+03,
       6.56839050e+02, 6.21187150e-01, 1.63394238e+03, 7.18651978e+02,
       5.67287028e-01, 1.13368115e+03, 4.56746796e+02, 5.20029724e-01,
       1.39562585e+03, 4.89141968e+02, 5.59560120e-01, 1.63105237e+03,
       4.83080811e+02, 6.79672778e-01, 6.45051086e+02, 5.30378174e+02,
       7.86142170e-01, 6.42179260e+02, 4.97914093e+02, 7.38185406e-01,
       0., 0., 0., 6.56813721e+02, 4.56618805e+02, 5.62686145e-01,
       1.70473584e+03, 4.59719177e+02, 5.67628980e-01, 1.70455530e+03,
       4.56702637e+02, 5.64844429e-01, 1.64283411e+03, 4.92067566e+02,
       3.21201205e-01, 1.68699585e+03, 6.65621582e+02, 3.47790450e-01,
       1.68116260e+03, 6.71644226e+02, 2.87068725e-01, 1.66340601e+03,
       7.36319824e+02, 3.29005718e-01 ]
