%YAML:1.0
---
pose_0: !!opencv-matrix
   rows: 1
   cols: 25
   dt: "3f"
   data: [ 7.18748840e+02, 4.94976868e+02, 2.50140280e-01,
       7.53994385e+02, 5.18525574e+02, 4.01426822e-01, 7.12750916e+02,
       5.62669739e+02, 3.67304921e-01, 5.33236145e+02, 5.45016113e+02,
       3.78653646e-01, 5.86198059e+02, 5.47957703e+02, 2.75283545e-01,
       7.95179504e+02, 4.65569092e+02, 4.75599855e-01, 8.36427673e+02,
       3.91933899e+02, 7.66469657e-01, 7.65667786e+02, 4.68464050e+02,
       7.98919976e-01, 1.05420776e+03, 5.36141968e+02, 5.13821721e-01,
       1.04823877e+03, 5.89193298e+02, 5.27034223e-01, 1.30736462e+03,
       6.03896667e+02, 6.32320821e-01, 1.67224023e+03, 6.01014221e+02,
       5.11995316e-01, 1.05421240e+03, 4.80299133e+02, 4.56126392e-01,
       1.34261096e+03, 4.56617615e+02, 4.46098983e-01, 1.53984766e+03,
       4.36197327e+02, 4.71349090e-01, 7.06866333e+02, 5.03697021e+02,
       2.29142025e-01, 7.18654175e+02, 4.80283356e+02, 2.22360536e-01,
       6.92152466e+02, 5.24338135e+02, 1.53383166e-01, 7.30428650e+02,
       4.62634552e+02, 1.08847752e-01, 1.65747717e+03, 4.59737274e+02,
       3.96635532e-01, 1.65746924e+03, 4.53753632e+02, 3.91517401e-01,
       0., 0., 0., 1.75766296e+03, 6.51005798e+02, 1.38722315e-01,
       1.75469934e+03, 6.48049316e+02, 1.61533281e-01, 1.70461340e+03,
       5.77327515e+02, 2.06489936e-01 ]
