%YAML:1.0
---
pose_0: !!opencv-matrix
   rows: 1
   cols: 25
   dt: "3f"
   data: [ 6.92184753e+02, 5.03673126e+02, 8.99424553e-01,
       8.27592102e+02, 5.06702972e+02, 6.93537593e-01, 8.33544067e+02,
       6.00960083e+02, 7.41377950e-01, 9.51210999e+02, 6.68659302e+02,
       8.11138511e-01, 1.05414343e+03, 7.45183228e+02, 7.31609404e-01,
       8.12781433e+02, 4.30165985e+02, 5.60052931e-01, 9.30576721e+02,
       3.44912994e+02, 7.62934625e-01, 1.04234814e+03, 2.30039215e+02,
       6.30722642e-01, 1.09541760e+03, 4.89050842e+02, 5.37782311e-01,
       1.09538501e+03, 5.39149048e+02, 5.84867179e-01, 1.35153931e+03,
       6.00934631e+02, 6.64065957e-01, 1.51327271e+03, 5.06772552e+02,
       3.12651336e-01, 1.09535095e+03, 4.33245789e+02, 4.97187853e-01,
       1.35740637e+03, 4.44948761e+02, 6.44534230e-01, 1.59870300e+03,
       4.12546600e+02, 4.70115989e-01, 6.71641541e+02, 5.12606873e+02,
       8.41244996e-01, 6.77528137e+02, 4.77361053e+02, 8.36312950e-01,
       6.92188049e+02, 5.33295044e+02, 2.91323394e-01, 7.09777527e+02,
       4.41960571e+02, 6.13280535e-01, 1.67816162e+03, 3.80178802e+02,
       3.21164995e-01, 1.67807617e+03, 3.77271759e+02, 3.15260410e-01,
       1.63102539e+03, 4.06666016e+02, 1.63645446e-01, 1.54566772e+03,
       5.27349365e+02, 7.16301799e-02, 1.53683813e+03, 5.24388000e+02,
       6.96259439e-02, 1.52514270e+03, 4.94952972e+02, 1.85498029e-01 ]
