%YAML:1.0
---
pose_0: !!opencv-matrix
   rows: 1
   cols: 25
   dt: "3f"
   data: [ 0., 0., 0., 7.86306702e+02, 5.21467163e+02, 2.40608126e-01,
       7.86281738e+02, 5.24382019e+02, 4.71546590e-01, 9.24570984e+02,
       4.74324707e+02, 7.22778976e-01, 8.56982727e+02, 3.65545227e+02,
       6.96976900e-01, 7.74585083e+02, 5.33207214e+02, 2.19801784e-01,
       9.18765991e+02, 4.68475739e+02, 8.90775025e-02, 8.68721436e+02,
       3.88980286e+02, 6.53179660e-02, 1.07776929e+03, 5.50813782e+02,
       3.47441256e-01, 1.07184521e+03, 5.56780762e+02, 2.85365283e-01,
       1.33085413e+03, 5.06688110e+02, 7.47005403e-01, 1.64287354e+03,
       7.18693420e+02, 4.13160563e-01, 1.09538818e+03, 5.30319336e+02,
       2.75362521e-01, 1.33672888e+03, 4.97905273e+02, 2.45893523e-01,
       1.58102905e+03, 5.83279419e+02, 2.28987321e-01, 0., 0., 0., 0.,
       0., 0., 0., 0., 0., 0., 0., 0., 0., 0., 0., 0., 0., 0.,
       1.60750061e+03, 6.15576965e+02, 1.99182555e-01, 1.68120728e+03,
       7.39178284e+02, 3.15402776e-01, 1.66344360e+03, 7.48049133e+02,
       3.44919980e-01, 1.66051538e+03, 7.36266418e+02, 2.53660738e-01 ]
