%YAML:1.0
---
pose_0: !!opencv-matrix
   rows: 1
   cols: 25
   dt: "3f"
   data: [ 8.98180176e+02, 4.86151825e+02, 7.38882497e-02,
       9.33492859e+02, 4.86155365e+02, 4.28230375e-01, 9.04051697e+02,
       5.30290588e+02, 2.88870692e-01, 7.65780762e+02, 5.09634369e+02,
       2.25308463e-01, 8.62874268e+02, 4.83073700e+02, 2.17700973e-01,
       9.57097839e+02, 4.53768372e+02, 3.15174758e-01, 0., 0., 0., 0.,
       0., 0., 1.13368384e+03, 5.27360779e+02, 3.51016462e-01,
       1.11601013e+03, 5.50887146e+02, 2.72664279e-01, 1.35733252e+03,
       4.86219147e+02, 7.52875626e-01, 1.59578943e+03, 6.45098938e+02,
       6.05649114e-01, 1.14541003e+03, 5.03817963e+02, 2.91388184e-01,
       1.39857239e+03, 4.80187500e+02, 3.35426390e-01, 1.56336926e+03,
       5.24361145e+02, 3.59781176e-01, 8.86457458e+02, 4.89119629e+02,
       8.82765129e-02, 0., 0., 0., 8.77573547e+02, 5.00896637e+02,
       6.56205341e-02, 0., 0., 0., 1.59286426e+03, 4.53750275e+02,
       1.38559863e-01, 1.58698511e+03, 4.56707184e+02, 1.48200989e-01,
       1.57806091e+03, 5.33228333e+02, 2.60448843e-01, 1.65464185e+03,
       6.74476624e+02, 4.16746259e-01, 1.63690564e+03, 6.86263123e+02,
       4.54785466e-01, 1.61348486e+03, 6.68591003e+02, 3.64362895e-01 ]
