%YAML:1.0
---
pose_0: !!opencv-matrix
   rows: 1
   cols: 25
   dt: "3f"
   data: [ 7.24599121e+02, 4.12545197e+02, 7.62368917e-01,
       7.86339294e+02, 3.59620056e+02, 4.68607128e-01, 7.92265076e+02,
       4.12524231e+02, 2.95378089e-01, 0., 0., 0., 0., 0., 0.,
       7.86350159e+02, 3.06622528e+02, 4.44236875e-01, 9.42389709e+02,
       2.71168854e+02, 7.93302596e-01, 9.21775452e+02, 4.36161041e+02,
       6.24772847e-01, 1.13660413e+03, 4.12590057e+02, 3.90347064e-01,
       1.13956616e+03, 4.59646149e+02, 3.73130828e-01, 1.32795117e+03,
       5.44952148e+02, 6.98440492e-01, 1.56627563e+03, 5.56873962e+02,
       6.57418847e-01, 1.13656689e+03, 3.62539551e+02, 3.35001647e-01,
       1.38383057e+03, 3.06596008e+02, 4.47860181e-01, 1.56336633e+03,
       1.88861450e+02, 3.27196151e-01, 7.15590332e+02, 4.27237579e+02,
       7.09939361e-01, 7.12753479e+02, 3.92013214e+02, 7.02819049e-01,
       0., 0., 0., 7.18614075e+02, 3.56680359e+02, 5.60538471e-01,
       1.63992847e+03, 1.30015121e+02, 1.52763546e-01, 1.63693604e+03,
       1.30032715e+02, 1.43782258e-01, 1.56631165e+03, 1.88854462e+02,
       1.30132690e-01, 1.59572583e+03, 6.27372192e+02, 3.28764856e-01,
       1.58692102e+03, 6.21594055e+02, 3.48701417e-01, 1.59280823e+03,
       5.44974121e+02, 4.72047597e-01 ]
