%YAML:1.0
---
pose_0: !!opencv-matrix
   rows: 1
   cols: 25
   dt: "3f"
   data: [ 7.77553772e+02, 5.30282654e+02, 5.20063043e-01,
       8.51138489e+02, 4.56609894e+02, 5.40642500e-01, 8.36410522e+02,
       4.30190552e+02, 3.16196829e-01, 0., 0., 0., 0., 0., 0.,
       8.62949402e+02, 4.74340454e+02, 6.27790034e-01, 1.01001398e+03,
       4.86128998e+02, 7.46238589e-01, 1.15722412e+03, 5.50787170e+02,
       6.61640704e-01, 1.16016992e+03, 4.27218933e+02, 3.57199848e-01,
       1.13951367e+03, 4.56653381e+02, 1.80213675e-01, 1.35430505e+03,
       4.80317230e+02, 6.79498017e-01, 1.56626807e+03, 3.85927612e+02,
       8.04449737e-01, 1.16604858e+03, 3.97847931e+02, 3.54561508e-01,
       1.35735217e+03, 5.33254150e+02, 7.36913800e-01, 1.63699109e+03,
       4.27307037e+02, 6.56550288e-01, 7.62856201e+02, 5.27197510e+02,
       6.64565563e-02, 7.65811829e+02, 5.09715515e+02, 5.57664931e-01,
       0., 0., 0., 7.86342041e+02, 4.77201965e+02, 5.92533052e-01,
       1.68693799e+03, 3.74293762e+02, 3.58816057e-01, 1.68105579e+03,
       3.80154755e+02, 3.81170481e-01, 1.64284607e+03, 4.12609467e+02,
       2.71651566e-01, 1.63987720e+03, 3.89009064e+02, 1.24849670e-01,
       1.63379333e+03, 3.83068176e+02, 1.13867089e-01, 1.58682800e+03,
       3.65448578e+02, 5.26342809e-01 ]
