%YAML:1.0
---
pose_0: !!opencv-matrix
   rows: 1
   cols: 25
   dt: "3f"
   data: [ 7.74627502e+02, 5.33215210e+02, 7.67947078e-01,
       8.74682617e+02, 4.74361481e+02, 5.48399210e-01, 8.59886597e+02,
       4.86139069e+02, 3.66741925e-01, 0., 0., 0., 0., 0., 0.,
       8.83387146e+02, 4.65547302e+02, 6.67204022e-01, 1.01885944e+03,
       4.62641602e+02, 8.01404715e-01, 1.16008850e+03, 5.30392456e+02,
       8.17693353e-01, 1.18666382e+03, 4.18440674e+02, 2.42396742e-01,
       1.19250293e+03, 3.94926300e+02, 1.54089764e-01, 1.36616772e+03,
       5.27270264e+02, 2.39451736e-01, 1.58689282e+03, 4.33199341e+02,
       8.86401460e-02, 1.18663135e+03, 4.36030670e+02, 3.32803130e-01,
       1.36326819e+03, 5.47874878e+02, 7.14416742e-01, 1.63107190e+03,
       4.18490051e+02, 5.41111112e-01, 0., 0., 0., 7.65882874e+02,
       5.18523499e+02, 7.54772007e-01, 0., 0., 0., 7.92253845e+02,
       4.80303070e+02, 6.67923689e-01, 1.67809912e+03, 5.03752045e+02,
       3.46829683e-01, 1.68116235e+03, 4.92021759e+02, 3.06680202e-01,
       1.65750696e+03, 3.91988525e+02, 3.45585108e-01, 0., 0., 0., 0.,
       0., 0., 0., 0., 0. ]
