%YAML:1.0
---
pose_0: !!opencv-matrix
   rows: 1
   cols: 25
   dt: "3f"
   data: [ 7.45154480e+02, 3.65380676e+02, 8.43378007e-01,
       8.27599182e+02, 3.62388885e+02, 7.76364982e-01, 8.15797180e+02,
       4.33096497e+02, 6.34993792e-01, 7.42289734e+02, 4.80157074e+02,
       8.08499157e-01, 6.42041199e+02, 4.33015930e+02, 6.21185780e-01,
       8.30450012e+02, 2.91912018e+02, 7.73061991e-01, 8.57058228e+02,
       3.44906738e+02, 7.92592347e-01, 8.60036743e+02, 4.68443451e+02,
       8.25725973e-01, 1.09543677e+03, 3.74263153e+02, 5.30071676e-01,
       1.09537476e+03, 4.24274963e+02, 5.32520652e-01, 1.30740955e+03,
       4.44901062e+02, 6.83450758e-01, 1.53391785e+03, 4.68511627e+02,
       5.92945158e-01, 1.09542651e+03, 3.18440277e+02, 5.50267458e-01,
       1.32780383e+03, 3.15292542e+02, 6.41551852e-01, 1.56043152e+03,
       2.83076599e+02, 5.72358191e-01, 7.36244019e+02, 3.80155609e+02,
       7.41386294e-01, 7.36249878e+02, 3.47829681e+02, 7.61251926e-01,
       7.53959778e+02, 4.06598999e+02, 4.84384447e-01, 7.51062317e+02,
       3.21259277e+02, 4.89677072e-01, 1.63704285e+03, 2.77214539e+02,
       5.13567448e-01, 1.63405530e+03, 2.71263702e+02, 5.61497927e-01,
       1.58394934e+03, 2.77134247e+02, 2.52435833e-01, 1.60745178e+03,
       4.80218872e+02, 4.66426969e-01, 1.59572681e+03, 4.86151489e+02,
       4.36703861e-01, 1.56339587e+03, 4.53774109e+02, 3.40408534e-01 ]
