%YAML:1.0
---
pose_0: !!opencv-matrix
   rows: 1
   cols: 25
   dt: "3f"
   data: [ 0., 0., 0., 9.77593262e+02, 5.45005066e+02, 3.07674348e-01,
       9.65877686e+02, 5.56755371e+02, 1.81255504e-01, 8.80539795e+02,
       5.71500183e+02, 2.17004210e-01, 8.83501465e+02, 4.33059479e+02,
       2.55728900e-01, 9.68831055e+02, 5.30261536e+02, 1.83859289e-01,
       0., 0., 0., 0., 0., 0., 1.15425659e+03, 5.42025208e+02,
       5.23018181e-01, 1.15131641e+03, 5.89146240e+02, 5.16193986e-01,
       1.34554248e+03, 6.24556702e+02, 7.31925070e-01, 1.53099207e+03,
       6.45042969e+02, 6.72877312e-01, 1.15426196e+03, 4.89104858e+02,
       4.97899741e-01, 1.34853699e+03, 4.77349243e+02, 6.52158856e-01,
       1.55455798e+03, 4.36029785e+02, 6.77858949e-01, 0., 0., 0., 0.,
       0., 0., 0., 0., 0., 0., 0., 0., 1.62520679e+03, 4.53691833e+02,
       3.69238675e-01, 1.61925659e+03, 4.36068542e+02, 4.16193336e-01,
       1.58099011e+03, 4.18452362e+02, 2.87123024e-01, 1.58388647e+03,
       7.03953491e+02, 5.48628092e-01, 1.57515784e+03, 6.98102966e+02,
       4.87178445e-01, 1.56045020e+03, 6.24456238e+02, 5.36743760e-01 ]
