%YAML:1.0
---
pose_0: !!opencv-matrix
   rows: 1
   cols: 25
   dt: "3f"
   data: [ 7.77537292e+02, 4.27268005e+02, 8.09276521e-01,
       8.54017151e+02, 3.83124817e+02, 5.77191174e-01, 8.36459839e+02,
       4.15559601e+02, 4.56076384e-01, 0., 0., 0., 0., 0., 0.,
       8.71660278e+02, 3.50704193e+02, 5.70681691e-01, 1.00128253e+03,
       3.00678772e+02, 7.85764217e-01, 9.80616760e+02, 4.59668945e+02,
       7.13089228e-01, 1.14251245e+03, 4.12625488e+02, 4.52508897e-01,
       1.14252344e+03, 4.56734741e+02, 5.04460216e-01, 1.34843628e+03,
       5.50925781e+02, 8.10805678e-01, 1.54568677e+03, 5.27343506e+02,
       7.20877290e-01, 1.13953235e+03, 3.62486664e+02, 3.60304803e-01,
       1.39854065e+03, 3.42050140e+02, 6.58591807e-01, 1.51924597e+03,
       2.00685379e+02, 2.31764570e-01, 7.62692993e+02, 4.33145050e+02,
       8.06121826e-01, 7.65724426e+02, 4.09448029e+02, 8.53640616e-01,
       0., 0., 0., 7.83447693e+02, 3.68436493e+02, 6.84566319e-01, 0.,
       0., 0., 0., 0., 0., 1.53100281e+03, 1.77081573e+02,
       1.58799201e-01, 1.58992285e+03, 6.00935425e+02, 2.98783541e-01,
       1.58983728e+03, 5.97906860e+02, 2.74120361e-01, 1.56930566e+03,
       5.06825897e+02, 5.60730755e-01 ]
