%YAML:1.0
---
pose_0: !!opencv-matrix
   rows: 1
   cols: 25
   dt: "3f"
   data: [ 7.45194580e+02, 5.03894989e+02, 8.83485377e-01,
       8.57099487e+02, 5.24304443e+02, 7.51586318e-01, 8.62964111e+02,
       5.98077942e+02, 6.48853302e-01, 9.77614136e+02, 6.21628723e+02,
       7.42722869e-01, 1.06899304e+03, 6.39147522e+02, 7.91479051e-01,
       8.60043945e+02, 4.47906891e+02, 6.32578135e-01, 9.83511108e+02,
       3.59588135e+02, 8.37436318e-01, 9.27531799e+02, 4.36068634e+02,
       8.90330851e-01, 1.11896484e+03, 5.21441223e+02, 5.77877045e-01,
       1.11885559e+03, 5.65594482e+02, 6.05540812e-01, 1.30443213e+03,
       5.74494202e+02, 7.30836570e-01, 1.55455261e+03, 6.12706909e+02,
       4.91369009e-01, 1.11891333e+03, 4.65540833e+02, 5.66185296e-01,
       1.37493335e+03, 4.59597198e+02, 6.42763078e-01, 1.53989575e+03,
       4.80166138e+02, 6.88903213e-01, 7.36213257e+02, 5.15624146e+02,
       7.58304477e-01, 7.39312683e+02, 4.83301788e+02, 8.76286745e-01,
       7.42293274e+02, 5.42096863e+02, 5.81532121e-01, 7.65729980e+02,
       4.65488281e+02, 6.25626683e-01, 1.60168616e+03, 4.59569000e+02,
       5.14011145e-01, 1.59570923e+03, 4.56601471e+02, 5.52067876e-01,
       1.56630872e+03, 4.86201721e+02, 3.28691661e-01, 1.63706213e+03,
       5.97912903e+02, 4.25937563e-01, 1.63104370e+03, 6.06822815e+02,
       3.57580423e-01, 1.59572546e+03, 6.03884338e+02, 2.28667483e-01 ]
