%YAML:1.0
---
pose_0: !!opencv-matrix
   rows: 1
   cols: 25
   dt: "3f"
   data: [ 7.77487183e+02, 5.30191345e+02, 6.24139786e-01,
       8.80500854e+02, 5.03883759e+02, 4.01005685e-01, 8.86404907e+02,
       5.53805176e+02, 3.18850815e-01, 8.53940125e+02, 6.45049683e+02,
       5.90006351e-01, 8.36339722e+02, 5.33283508e+02, 5.48956156e-01,
       8.57012756e+02, 4.74338715e+02, 2.51501322e-01, 7.45108704e+02,
       4.47910889e+02, 3.25549692e-01, 6.47976440e+02, 4.62567535e+02,
       7.15357661e-01, 1.12184900e+03, 5.24389160e+02, 4.78854060e-01,
       1.11900049e+03, 5.74384583e+02, 4.90436375e-01, 1.32787573e+03,
       6.06872375e+02, 6.57336891e-01, 1.51627222e+03, 6.33344116e+02,
       5.90262413e-01, 1.12190686e+03, 4.74314056e+02, 4.24062103e-01,
       1.31905872e+03, 4.59769073e+02, 6.86413705e-01, 1.52511560e+03,
       4.36074097e+02, 6.23585522e-01, 7.59879517e+02, 5.36204895e+02,
       4.83564675e-01, 7.59876404e+02, 5.06866913e+02, 6.10650003e-01,
       0., 0., 0., 7.65793030e+02, 4.83174164e+02, 4.08276558e-01,
       1.61037183e+03, 4.36082306e+02, 5.06918252e-01, 1.60755017e+03,
       4.30239105e+02, 5.07492423e-01, 1.55453662e+03, 4.36094757e+02,
       2.18246073e-01, 1.57218225e+03, 6.77463501e+02, 4.01554793e-01,
       1.57510400e+03, 6.74505615e+02, 3.90521765e-01, 1.55158533e+03,
       6.21460266e+02, 3.87402683e-01 ]
