%YAML:1.0
---
pose_0: !!opencv-matrix
   rows: 1
   cols: 25
   dt: "3f"
   data: [ 6.21638428e+02, 5.12601868e+02, 8.23278368e-01,
       7.77541260e+02, 4.83306641e+02, 5.06533265e-01, 8.09896667e+02,
       5.53827759e+02, 2.15410665e-01, 9.54116455e+02, 6.53856812e+02,
       7.59741545e-01, 8.80466797e+02, 6.36211487e+02, 7.59773016e-01,
       7.65798889e+02, 4.21396118e+02, 5.02421796e-01, 8.30485107e+02,
       3.59498291e+02, 3.32652032e-01, 9.04157593e+02, 3.24225189e+02,
       5.97606361e-01, 1.06304065e+03, 5.06798218e+02, 4.72960472e-01,
       1.04830530e+03, 5.74334106e+02, 4.49580908e-01, 1.30430627e+03,
       6.15629211e+02, 3.52197349e-01, 1.49862097e+03, 6.15586609e+02,
       1.65482163e-01, 1.07187268e+03, 4.47907013e+02, 4.75556433e-01,
       1.29844226e+03, 5.03733459e+02, 5.63004375e-01, 1.67522302e+03,
       5.27417542e+02, 3.44081402e-01, 6.03868469e+02, 5.27360046e+02,
       8.19561481e-01, 6.06870300e+02, 4.89038269e+02, 7.63124645e-01,
       6.21647766e+02, 5.47937622e+02, 8.35270584e-02, 6.33305359e+02,
       4.59616241e+02, 5.78629375e-01, 1.73411804e+03, 4.83231415e+02,
       1.58401355e-01, 1.73406152e+03, 4.83212372e+02, 1.56813160e-01,
       1.69286438e+03, 5.50890320e+02, 1.76750287e-01, 0., 0., 0., 0.,
       0., 0., 1.52218091e+03, 6.21558655e+02, 6.87513798e-02 ]
