%YAML:1.0
---
pose_0: !!opencv-matrix
   rows: 1
   cols: 25
   dt: "3f"
   data: [ 7.36246338e+02, 5.68557190e+02, 8.34582269e-01,
       8.53960999e+02, 5.77331055e+02, 6.59452260e-01, 8.45221619e+02,
       6.39215881e+02, 4.74615902e-01, 9.62925964e+02, 6.71515320e+02,
       2.08879009e-01, 0., 0., 0., 8.57044189e+02, 5.12662476e+02,
       5.67346215e-01, 1.01299725e+03, 4.80255737e+02, 6.73448145e-01,
       1.13362646e+03, 4.59653564e+02, 8.00973594e-01, 1.11602917e+03,
       5.92138916e+02, 6.04830146e-01, 1.11593811e+03, 6.39163940e+02,
       5.93799353e-01, 1.28669824e+03, 6.39176453e+02, 3.09366405e-01,
       1.53102637e+03, 6.45104614e+02, 4.77620453e-01, 1.11898767e+03,
       5.39071716e+02, 5.92584848e-01, 1.31319763e+03, 5.80388672e+02,
       6.64416075e-01, 1.57221680e+03, 5.97929749e+02, 4.66563046e-01,
       7.18597900e+02, 5.80297485e+02, 8.45859349e-01, 7.21619934e+02,
       5.50812561e+02, 8.53793383e-01, 7.36360596e+02, 6.03860352e+02,
       4.76739019e-01, 7.48128723e+02, 5.27391052e+02, 6.31182551e-01,
       1.56933374e+03, 7.12749023e+02, 4.23996389e-01, 1.58692102e+03,
       6.98003845e+02, 4.13943291e-01, 1.58691675e+03, 5.83324219e+02,
       3.19966525e-01, 1.56044360e+03, 7.09867737e+02, 2.22859412e-01,
       1.54577856e+03, 7.06842712e+02, 2.04935759e-01, 1.54281970e+03,
       6.45023865e+02, 1.52750313e-01 ]
