%YAML:1.0
---
pose_0: !!opencv-matrix
   rows: 1
   cols: 25
   dt: "3f"
   data: [ 7.56895935e+02, 5.03869904e+02, 8.25796366e-01,
       8.60028931e+02, 4.56579407e+02, 6.01470530e-01, 8.33450867e+02,
       4.80207458e+02, 4.40089196e-01, 9.36458191e+02, 5.06812866e+02,
       1.14735745e-01, 1.01590887e+03, 5.30236755e+02, 5.03333360e-02,
       8.92339600e+02, 4.35985229e+02, 6.17658854e-01, 1.02181384e+03,
       4.56624146e+02, 8.39146912e-01, 1.16311157e+03, 5.33290466e+02,
       8.22031796e-01, 1.15718762e+03, 4.12578400e+02, 3.87765259e-01,
       1.14539893e+03, 4.39041656e+02, 2.44571239e-01, 1.35734778e+03,
       5.27235535e+02, 5.20703375e-01, 1.57811621e+03, 3.94906311e+02,
       4.28990692e-01, 1.16009326e+03, 3.88934662e+02, 3.86402518e-01,
       1.35733191e+03, 5.36162354e+02, 6.87799454e-01, 1.63109009e+03,
       4.12549927e+02, 4.80197310e-01, 7.39223816e+02, 5.03777252e+02,
       3.81029040e-01, 7.45148499e+02, 4.83226257e+02, 7.53744721e-01,
       0., 0., 0., 7.65832458e+02, 4.44891907e+02, 5.62488079e-01,
       1.66639758e+03, 4.83217377e+02, 7.80717432e-02, 1.67515295e+03,
       4.56697205e+02, 5.93349114e-02, 0., 0., 0., 0., 0., 0., 0., 0.,
       0., 1.58991296e+03, 3.65574921e+02, 2.96116441e-01 ]
