%YAML:1.0
---
pose_0: !!opencv-matrix
   rows: 1
   cols: 25
   dt: "3f"
   data: [ 7.42315552e+02, 5.27237061e+02, 7.71374464e-01,
       8.09981689e+02, 4.53776672e+02, 5.81166744e-01, 8.09813904e+02,
       4.44904938e+02, 4.00268793e-01, 0., 0., 0., 0., 0., 0.,
       8.12877625e+02, 4.62608185e+02, 7.46331573e-01, 9.51076782e+02,
       5.27318970e+02, 8.54404449e-01, 9.03990356e+02, 5.83307983e+02,
       7.12717414e-01, 1.11300769e+03, 4.30174316e+02, 3.90096366e-01,
       1.11600586e+03, 3.97804199e+02, 2.78816313e-01, 1.34559180e+03,
       4.77286438e+02, 3.89793307e-01, 1.55747058e+03, 3.97876404e+02,
       3.75894070e-01, 1.10716736e+03, 4.53782471e+02, 3.18448901e-01,
       1.34854199e+03, 4.83181274e+02, 6.32136643e-01, 1.62814844e+03,
       4.24343170e+02, 4.10267830e-01, 0., 0., 0., 7.33397217e+02,
       5.06797302e+02, 7.62188733e-01, 0., 0., 0., 7.42104309e+02,
       4.65515137e+02, 6.78898752e-01, 1.68102661e+03, 3.65528687e+02,
       3.15220594e-01, 1.68101721e+03, 3.68418335e+02, 2.80704498e-01,
       1.66345313e+03, 4.36099731e+02, 1.79684445e-01, 0., 0., 0., 0.,
       0., 0., 1.56930969e+03, 3.65501251e+02, 2.13213563e-01 ]
