%YAML:1.0
---
pose_0: !!opencv-matrix
   rows: 1
   cols: 25
   dt: "3f"
   data: [ 7.59898926e+02, 4.27207916e+02, 8.41400623e-01,
       8.80407166e+02, 4.47916901e+02, 7.06818163e-01, 8.80591919e+02,
       5.24293945e+02, 7.65838146e-01, 9.98246582e+02, 5.74408264e+02,
       8.53057384e-01, 1.07179468e+03, 6.30333191e+02, 8.63657176e-01,
       8.65803162e+02, 3.80173340e+02, 5.94824314e-01, 1.02468921e+03,
       3.18489624e+02, 8.16092551e-01, 1.11895923e+03, 2.50672913e+02,
       8.75311911e-01, 1.13956433e+03, 4.30181946e+02, 5.70272684e-01,
       1.13951685e+03, 4.77292816e+02, 5.92738450e-01, 1.35736804e+03,
       5.03732056e+02, 7.80640960e-01, 1.53986011e+03, 5.83299988e+02,
       5.44083357e-01, 1.13948816e+03, 3.83072479e+02, 5.45551181e-01,
       1.35138647e+03, 3.35996826e+02, 6.11624181e-01, 1.55747192e+03,
       3.09500916e+02, 4.55530763e-01, 7.42219238e+02, 4.39024506e+02,
       8.31713557e-01, 7.45218994e+02, 4.09510406e+02, 8.57602477e-01,
       7.62782349e+02, 4.62662476e+02, 5.51634669e-01, 7.68706482e+02,
       3.86125061e+02, 6.48925602e-01, 1.63689209e+03, 2.83026215e+02,
       3.52707684e-01, 1.63393286e+03, 2.74246918e+02, 3.76612693e-01,
       1.58985254e+03, 3.03696594e+02, 2.44692534e-01, 1.61336450e+03,
       5.80350342e+02, 5.20740032e-01, 1.60745874e+03, 5.97890442e+02,
       4.65294838e-01, 1.56338184e+03, 6.06784912e+02, 2.48183921e-01 ]
