%YAML:1.0
---
pose_0: !!opencv-matrix
   rows: 1
   cols: 25
   dt: "3f"
   data: [ 7.42217468e+02, 5.18553406e+02, 6.32542670e-01,
       8.36327637e+02, 4.41997467e+02, 5.10337234e-01, 8.30462524e+02,
       4.68447723e+02, 3.03468853e-01, 9.92373596e+02, 5.12652161e+02,
       5.78646176e-02, 0., 0., 0., 8.39342041e+02, 4.33180023e+02,
       5.72671831e-01, 9.80575500e+02, 4.30175079e+02, 4.49072093e-01,
       1.13663831e+03, 4.30131226e+02, 2.38994345e-01, 1.14540039e+03,
       4.12541687e+02, 2.02171639e-01, 1.12189294e+03, 4.80184937e+02,
       8.84269401e-02, 0., 0., 0., 0., 0., 0., 1.15133057e+03,
       4.03688934e+02, 2.33332381e-01, 1.33674207e+03, 5.03712067e+02,
       3.83594185e-01, 1.62808594e+03, 4.39034149e+02, 3.39217782e-01,
       7.33394897e+02, 5.12648376e+02, 7.06669316e-02, 7.33391663e+02,
       5.03808105e+02, 6.66400313e-01, 0., 0., 0., 7.45143433e+02,
       4.56709473e+02, 5.91203332e-01, 1.68405115e+03, 3.74302948e+02,
       3.53346080e-01, 1.68396265e+03, 3.74341919e+02, 3.30653191e-01,
       1.64581384e+03, 4.71427032e+02, 1.78082421e-01, 0., 0., 0., 0.,
       0., 0., 0., 0., 0. ]
