%YAML:1.0
---
pose_0: !!opencv-matrix
   rows: 1
   cols: 25
   dt: "3f"
   data: [ 7.80400452e+02, 5.06841583e+02, 8.75542343e-01,
       8.80492188e+02, 5.00766083e+02, 6.07310414e-01, 8.83429260e+02,
       5.65594666e+02, 6.03269160e-01, 9.98129944e+02, 5.50792908e+02,
       7.72297084e-01, 1.01589142e+03, 4.09640839e+02, 5.41339874e-01,
       8.77558472e+02, 4.33148224e+02, 5.63959360e-01, 1.01877930e+03,
       3.80164185e+02, 6.78009093e-01, 1.13962854e+03, 3.27191620e+02,
       7.99224138e-01, 1.11901514e+03, 4.86198517e+02, 5.80336750e-01,
       1.11902783e+03, 5.33194153e+02, 6.05753005e-01, 1.31320947e+03,
       5.50909912e+02, 3.72109592e-01, 1.51035168e+03, 5.03780701e+02,
       3.23575109e-01, 1.12183508e+03, 4.36221039e+02, 6.05855227e-01,
       1.25714307e+03, 4.77265259e+02, 7.30793834e-01, 1.46332495e+03,
       4.50856567e+02, 3.95680994e-01, 7.62696472e+02, 5.21467590e+02,
       8.29569995e-01, 7.65858337e+02, 4.83288971e+02, 8.63082469e-01,
       7.83344360e+02, 5.36138977e+02, 1.38191879e-01, 7.89219727e+02,
       4.56644348e+02, 6.62903130e-01, 1.56924304e+03, 4.36042633e+02,
       7.44902268e-02, 1.56629419e+03, 4.33159454e+02, 9.84415933e-02,
       0., 0., 0., 1.56925916e+03, 5.30301025e+02, 1.46697491e-01,
       1.55747412e+03, 5.33232788e+02, 1.38872102e-01, 1.54276770e+03,
       4.94970215e+02, 1.75567195e-01 ]
