%YAML:1.0
---
pose_0: !!opencv-matrix
   rows: 2
   cols: 25
   dt: "3f"
   data: [ 0., 0., 0., 7.24505188e+02, 6.12726257e+02, 3.78084064e-01,
       7.56905212e+02, 7.18625366e+02, 2.68870503e-01, 8.83435974e+02,
       7.77510010e+02, 4.60658133e-01, 1.00115405e+03, 8.48189758e+02,
       5.88483214e-01, 6.92149353e+02, 5.09730255e+02, 2.63893306e-01,
       9.10044067e+02, 4.09707611e+02, 6.15877628e-01, 9.71725525e+02,
       3.24308258e+02, 5.47217727e-01, 1.06591394e+03, 5.56796204e+02,
       3.70000839e-01, 1.05419702e+03, 6.24399292e+02, 3.76137972e-01,
       1.18962427e+03, 6.59786133e+02, 1.45948380e-01, 1.52805188e+03,
       6.18534851e+02, 8.56747478e-02, 1.05422070e+03, 4.89132843e+02,
       3.85940969e-01, 1.33677478e+03, 3.86135162e+02, 2.05811843e-01,
       1.47802173e+03, 3.00738068e+02, 2.63515323e-01, 0., 0., 0., 0.,
       0., 0., 0., 0., 0., 0., 0., 0., 1.56628052e+03, 2.65392242e+02,
       8.64892602e-02, 1.56331299e+03, 2.62470093e+02, 9.06407386e-02,
       1.50450293e+03, 2.91888855e+02, 1.87358320e-01, 0., 0., 0., 0.,
       0., 0., 0., 0., 0., 5.98008728e+02, 5.03791626e+02,
       5.76988935e-01, 0., 0., 0., 0., 0., 0., 0., 0., 0., 0., 0., 0.,
       0., 0., 0., 0., 0., 0., 0., 0., 0., 0., 0., 0., 0., 0., 0., 0.,
       0., 0., 0., 0., 0., 0., 0., 0., 0., 0., 0., 0., 0., 0.,
       5.68545898e+02, 5.09779358e+02, 5.17553389e-01, 5.77343567e+02,
       4.86084045e+02, 2.15169400e-01, 5.95011780e+02, 5.42025635e+02,
       1.77862629e-01, 0., 0., 0., 0., 0., 0., 0., 0., 0., 0., 0., 0.,
       0., 0., 0., 0., 0., 0., 0., 0., 0. ]
