%YAML:1.0
---
pose_0: !!opencv-matrix
   rows: 2
   cols: 25
   dt: "3f"
   data: [ 0., 0., 0., 7.98133911e+02, 5.09748077e+02, 2.06788093e-01,
       7.98106140e+02, 5.12636414e+02, 2.55850732e-01, 9.54034790e+02,
       5.09692352e+02, 1.45737290e-01, 1.15426343e+03, 4.62594177e+02,
       1.34221941e-01, 0., 0., 0., 0., 0., 0., 0., 0., 0.,
       1.14246643e+03, 5.71480530e+02, 3.03607225e-01, 1.13951282e+03,
       5.80325684e+02, 2.68475920e-01, 1.39864856e+03, 5.00864990e+02,
       7.91724205e-01, 1.63987744e+03, 7.15694214e+02, 6.57401323e-01,
       1.16312292e+03, 5.44994507e+02, 2.14908525e-01, 1.41325732e+03,
       4.83318359e+02, 3.22519332e-01, 1.50162500e+03, 6.45034241e+02,
       3.76473427e-01, 0., 0., 0., 0., 0., 0., 0., 0., 0., 0., 0., 0.,
       0., 0., 0., 0., 0., 0., 1.48975732e+03, 6.59768311e+02,
       3.07454735e-01, 1.70165613e+03, 7.33323364e+02, 4.08868015e-01,
       1.68102026e+03, 7.42314148e+02, 4.56408352e-01, 1.64286511e+03,
       7.33350586e+02, 4.05492485e-01, 0., 0., 0., 0., 0., 0., 0., 0.,
       0., 0., 0., 0., 0., 0., 0., 7.92283386e+02, 5.24377625e+02,
       3.44543964e-01, 9.54087402e+02, 5.06784027e+02, 4.76096034e-01,
       1.13955188e+03, 4.68442719e+02, 5.10820806e-01, 0., 0., 0., 0.,
       0., 0., 0., 0., 0., 0., 0., 0., 0., 0., 0., 0., 0., 0., 0., 0.,
       0., 0., 0., 0., 0., 0., 0., 0., 0., 0., 0., 0., 0., 0., 0., 0.,
       0., 0., 0., 0., 0., 0., 0., 0., 0., 0., 0., 0., 0., 0., 0. ]
