%YAML:1.0
---
pose_0: !!opencv-matrix
   rows: 1
   cols: 25
   dt: "3f"
   data: [ 7.12793213e+02, 4.33279633e+02, 8.80847454e-01,
       7.89308594e+02, 4.65563416e+02, 7.31950164e-01, 7.56927307e+02,
       5.09787872e+02, 6.18301392e-01, 8.36415649e+02, 5.89155273e+02,
       2.90565252e-01, 9.12927368e+02, 6.50998901e+02, 6.43066883e-01,
       8.30435547e+02, 4.09639435e+02, 6.46553934e-01, 9.92425781e+02,
       3.89181824e+02, 8.15372646e-01, 8.80448303e+02, 3.83134949e+02,
       7.96707273e-01, 1.10127698e+03, 5.03775574e+02, 5.34798384e-01,
       1.09538025e+03, 5.50899109e+02, 5.83823025e-01, 1.29551965e+03,
       5.97972717e+02, 7.68513083e-01, 1.56333337e+03, 6.18516418e+02,
       5.80037415e-01, 1.10423486e+03, 4.47839691e+02, 4.98678207e-01,
       1.33676416e+03, 4.53739532e+02, 6.45038009e-01, 1.56339355e+03,
       4.68452698e+02, 5.94140351e-01, 6.95008728e+02, 4.50776581e+02,
       8.34749758e-01, 6.95231140e+02, 4.21417175e+02, 7.02231944e-01,
       7.06877686e+02, 4.80222504e+02, 7.38375425e-01, 0., 0., 0.,
       1.63699963e+03, 4.44925537e+02, 3.37865561e-01, 1.63393323e+03,
       4.39111023e+02, 3.81220400e-01, 1.60452100e+03, 4.71448090e+02,
       2.88924187e-01, 1.66638318e+03, 5.77427856e+02, 3.33632320e-01,
       1.65165173e+03, 5.98012817e+02, 2.38693804e-01, 1.58400037e+03,
       6.21498779e+02, 3.10545504e-01 ]
