%YAML:1.0
---
pose_0: !!opencv-matrix
   rows: 1
   cols: 25
   dt: "3f"
   data: [ 6.18588440e+02, 5.27342407e+02, 7.43156433e-01,
       7.59864624e+02, 5.77439087e+02, 5.12300193e-01, 7.65857178e+02,
       6.71660645e+02, 5.06607175e-01, 8.98185547e+02, 7.18643921e+02,
       7.74386466e-01, 1.03062708e+03, 7.74631226e+02, 7.64067471e-01,
       7.62833252e+02, 4.80200409e+02, 3.75003040e-01, 9.39410339e+02,
       4.53763824e+02, 1.13157839e-01, 1.06881897e+03, 4.56748505e+02,
       6.11899942e-02, 1.07193188e+03, 5.77470093e+02, 5.30682087e-01,
       1.06884778e+03, 6.42086243e+02, 5.25227904e-01, 1.32782349e+03,
       6.48140869e+02, 6.18207932e-01, 1.63099133e+03, 6.56869324e+02,
       6.11810327e-01, 1.08653455e+03, 5.21427917e+02, 4.74046320e-01,
       1.37501648e+03, 5.12696472e+02, 5.08916318e-01, 1.64288574e+03,
       5.00798248e+02, 4.09878820e-01, 6.00977539e+02, 5.50787415e+02,
       7.51203239e-01, 6.01070068e+02, 5.06862000e+02, 6.22058630e-01,
       6.21527954e+02, 5.80383606e+02, 4.46180403e-01, 6.44999084e+02,
       4.83135468e+02, 1.58162892e-01, 0., 0., 0., 0., 0., 0.,
       1.66044360e+03, 5.03790405e+02, 1.98284045e-01, 1.73406921e+03,
       6.68627197e+02, 4.31576073e-01, 1.72233264e+03, 6.74558716e+02,
       4.15241361e-01, 1.64285840e+03, 6.45002502e+02, 3.64471734e-01 ]
