%YAML:1.0
---
pose_0: !!opencv-matrix
   rows: 1
   cols: 25
   dt: "3f"
   data: [ 7.15653137e+02, 4.83139038e+02, 8.40302229e-01,
       8.33480408e+02, 4.97868378e+02, 6.33148611e-01, 8.56865234e+02,
       5.86200073e+02, 4.74741399e-01, 9.83571289e+02, 6.21428040e+02,
       4.53382522e-01, 1.06007507e+03, 6.00879456e+02, 5.66063046e-01,
       8.36310364e+02, 4.24337097e+02, 5.90139568e-01, 9.74729370e+02,
       3.38981323e+02, 8.42760742e-01, 9.27666870e+02, 3.83155945e+02,
       8.67543876e-01, 1.11897925e+03, 5.09709106e+02, 5.50749242e-01,
       1.11307471e+03, 5.56722473e+02, 5.21847963e-01, 1.33671741e+03,
       5.74467651e+02, 6.32092416e-01, 1.50154614e+03, 5.74386108e+02,
       5.48628330e-01, 1.12484338e+03, 4.56783173e+02, 5.19999146e-01,
       1.32786316e+03, 4.74406250e+02, 7.16980934e-01, 1.55160486e+03,
       4.68478912e+02, 6.16535425e-01, 6.95070068e+02, 4.97945740e+02,
       6.60345733e-01, 7.01032227e+02, 4.62606476e+02, 7.59127021e-01,
       7.12748352e+02, 5.18550293e+02, 2.48110384e-01, 7.36288574e+02,
       4.41996216e+02, 5.03092170e-01, 1.62816748e+03, 4.56640320e+02,
       2.90764153e-01, 1.62218542e+03, 4.50791809e+02, 3.27831358e-01,
       1.57514111e+03, 4.68484894e+02, 2.61620313e-01, 1.50745447e+03,
       6.39183167e+02, 1.02014355e-01, 1.49574976e+03, 6.24437012e+02,
       1.36374965e-01, 1.53981592e+03, 5.62670105e+02, 3.64608198e-01 ]
