%YAML:1.0
---
pose_0: !!opencv-matrix
   rows: 1
   cols: 25
   dt: "3f"
   data: [ 0., 0., 0., 9.86485474e+02, 5.45002136e+02, 4.33547556e-01,
       9.39375122e+02, 5.80362488e+02, 4.42235023e-01, 8.36281921e+02,
       5.53825989e+02, 7.91248381e-01, 0., 0., 0., 1.03064001e+03,
       5.06729919e+02, 2.93317348e-01, 1.08658752e+03, 4.86144714e+02,
       1.27914920e-01, 1.08363232e+03, 4.56705658e+02, 2.66562402e-01,
       1.16893298e+03, 5.77359436e+02, 4.65941131e-01, 1.15717725e+03,
       6.12664063e+02, 3.69350761e-01, 1.40443762e+03, 5.06874634e+02,
       7.48793781e-01, 1.64580457e+03, 7.18623291e+02, 6.56934321e-01,
       1.18658252e+03, 5.36181152e+02, 3.57143849e-01, 1.37493713e+03,
       4.74310181e+02, 5.01507699e-01, 1.49570630e+03, 6.53889465e+02,
       4.99560863e-01, 0., 0., 0., 0., 0., 0., 0., 0., 0., 0., 0., 0.,
       1.54568787e+03, 6.71616333e+02, 6.48328811e-02, 0., 0., 0.,
       1.48390527e+03, 6.68719482e+02, 3.80603909e-01, 1.68992676e+03,
       7.15668579e+02, 3.59545708e-01, 1.68111401e+03, 7.30393982e+02,
       3.78923833e-01, 1.65756494e+03, 7.42178406e+02, 4.16170746e-01 ]
