%YAML:1.0
---
pose_0: !!opencv-matrix
   rows: 1
   cols: 25
   dt: "3f"
   data: [ 7.62785217e+02, 4.53773438e+02, 4.96474028e-01,
       8.33419861e+02, 4.94938965e+02, 4.53367382e-01, 8.30425049e+02,
       5.33272827e+02, 7.20630109e-01, 9.45246155e+02, 6.24368164e+02,
       8.12774420e-01, 1.02180566e+03, 5.59724060e+02, 7.76122451e-01,
       8.15802307e+02, 4.47899475e+02, 2.12714463e-01, 0., 0., 0., 0.,
       0., 0., 1.11302771e+03, 5.30351013e+02, 5.24640203e-01,
       1.08657263e+03, 5.74371887e+02, 4.71274346e-01, 1.32791882e+03,
       5.50931152e+02, 8.26518893e-01, 1.56036438e+03, 6.71500366e+02,
       5.77463865e-01, 1.13072449e+03, 4.89070648e+02, 4.35829997e-01,
       1.35448804e+03, 4.59718597e+02, 7.76127040e-01, 1.53689441e+03,
       5.50887573e+02, 6.51868045e-01, 7.42242188e+02, 4.68460052e+02,
       3.83294642e-01, 7.45111145e+02, 4.50801056e+02, 2.15690121e-01,
       7.62841431e+02, 5.06760193e+02, 2.32756585e-01, 0., 0., 0.,
       1.58983154e+03, 4.80336060e+02, 4.28725004e-01, 1.58400464e+03,
       4.83240051e+02, 4.12176579e-01, 1.54865137e+03, 5.83250183e+02,
       4.92345423e-01, 1.63692517e+03, 7.01001770e+02, 2.85848528e-01,
       1.61348083e+03, 7.15625183e+02, 3.23575228e-01, 1.58398022e+03,
       6.71610901e+02, 2.64466554e-01 ]
