%YAML:1.0
---
pose_0: !!opencv-matrix
   rows: 1
   cols: 25
   dt: "3f"
   data: [ 7.51032715e+02, 3.68433350e+02, 8.32693398e-01,
       8.71713623e+02, 3.68404572e+02, 5.93278468e-01, 8.80557678e+02,
       4.44910156e+02, 6.03432834e-01, 1.02465857e+03, 4.59656433e+02,
       8.07955980e-01, 9.74690002e+02, 5.42048279e+02, 8.37156177e-01,
       8.60019409e+02, 3.15467773e+02, 5.17521977e-01, 1.01891718e+03,
       2.33066544e+02, 7.97833741e-01, 9.24633423e+02, 1.71100891e+02,
       7.58960724e-01, 1.14543567e+03, 3.71344086e+02, 5.54639220e-01,
       1.14252893e+03, 4.18396973e+02, 5.71812153e-01, 1.34852930e+03,
       4.36119141e+02, 8.04282427e-01, 1.54283020e+03, 4.71382477e+02,
       6.38763070e-01, 1.14538318e+03, 3.18472626e+02, 5.56411386e-01,
       1.37201685e+03, 3.12383362e+02, 5.59885025e-01, 1.58101477e+03,
       2.91792114e+02, 6.06283784e-01, 7.36341919e+02, 3.86097656e+02,
       8.32313895e-01, 7.39371399e+02, 3.59518585e+02, 8.55283201e-01,
       7.48170776e+02, 4.09530762e+02, 2.51142859e-01, 7.62786743e+02,
       3.33026062e+02, 4.42489266e-01, 1.65162976e+03, 2.65389221e+02,
       3.38975191e-01, 1.63995789e+03, 2.62428345e+02, 3.91392410e-01,
       1.61924060e+03, 2.91870972e+02, 2.31215864e-01, 1.60456897e+03,
       4.80308777e+02, 4.47298408e-01, 1.58995227e+03, 4.92003754e+02,
       4.12178934e-01, 1.57515051e+03, 4.56693665e+02, 4.09158826e-01 ]
