%YAML:1.0
---
pose_0: !!opencv-matrix
   rows: 1
   cols: 25
   dt: "3f"
   data: [ 7.45180908e+02, 5.24456604e+02, 7.72122860e-01,
       8.15811096e+02, 4.42030518e+02, 5.58148921e-01, 8.15777649e+02,
       4.30244720e+02, 4.38892961e-01, 9.51170654e+02, 5.30276672e+02,
       7.46340454e-02, 8.83427124e+02, 5.74426941e+02, 1.56334043e-01,
       8.15849426e+02, 4.59547485e+02, 7.57424057e-01, 9.54074829e+02,
       5.27305847e+02, 8.70596528e-01, 8.71696228e+02, 5.83264160e+02,
       7.52042532e-01, 1.10717249e+03, 4.30171204e+02, 3.90099049e-01,
       1.11890991e+03, 3.91982269e+02, 3.14584613e-01, 1.26018420e+03,
       4.39066742e+02, 1.26342848e-01, 0., 0., 0., 1.09542480e+03,
       4.56728882e+02, 3.14494461e-01, 1.34851587e+03, 4.92035095e+02,
       6.68607771e-01, 1.62811707e+03, 4.24332489e+02, 4.12797093e-01,
       0., 0., 0., 7.39128296e+02, 5.06673431e+02, 8.12586308e-01, 0.,
       0., 0., 7.45141113e+02, 4.62582886e+02, 6.72267258e-01,
       1.68113611e+03, 3.68400330e+02, 3.66157144e-01, 1.68103052e+03,
       3.71372864e+02, 3.07447255e-01, 1.65752576e+03, 4.39011475e+02,
       1.95218325e-01, 0., 0., 0., 0., 0., 0., 0., 0., 0. ]
