%YAML:1.0
---
pose_0: !!opencv-matrix
   rows: 1
   cols: 25
   dt: "3f"
   data: [ 7.74602661e+02, 4.03747833e+02, 8.28557968e-01,
       8.53978516e+02, 4.39107941e+02, 6.73266053e-01, 8.39356445e+02,
       5.03726013e+02, 4.97491032e-01, 9.86544128e+02, 6.06762695e+02,
       7.91603923e-01, 8.80526428e+02, 6.06756104e+02, 7.59707808e-01,
       8.71733704e+02, 3.83144836e+02, 7.16707587e-01, 9.71775330e+02,
       4.12494843e+02, 8.35479558e-01, 8.59901123e+02, 4.92027588e+02,
       6.34481549e-01, 1.11889478e+03, 4.42006805e+02, 5.45088291e-01,
       1.11896948e+03, 4.89090942e+02, 5.36729813e-01, 1.32781555e+03,
       5.03725586e+02, 7.07132518e-01, 1.55749805e+03, 5.03853638e+02,
       6.36119008e-01, 1.11598376e+03, 3.89020203e+02, 5.55192888e-01,
       1.30733740e+03, 2.94924347e+02, 3.99910063e-01, 1.39558691e+03,
       2.62449463e+02, 1.95567623e-01, 7.62647522e+02, 4.12591766e+02,
       9.08296108e-01, 7.65717224e+02, 3.88901276e+02, 8.79862487e-01,
       7.65698486e+02, 4.50870514e+02, 7.64548779e-01, 0., 0., 0.,
       1.50159460e+03, 2.44773636e+02, 1.52958959e-01, 0., 0., 0.,
       1.51921741e+03, 2.18326614e+02, 7.38919675e-02, 1.63391333e+03,
       5.03740601e+02, 2.76715755e-01, 1.62227087e+03, 5.15566345e+02,
       2.87241995e-01, 1584., 4.89134186e+02, 3.64051402e-01 ]
