%YAML:1.0
---
pose_0: !!opencv-matrix
   rows: 1
   cols: 25
   dt: "3f"
   data: [ 7.98085815e+02, 5.03830383e+02, 8.46230030e-01,
       9.06992004e+02, 5.09696716e+02, 6.87693596e-01, 9.06951050e+02,
       5.80283447e+02, 5.71791291e-01, 1.02175299e+03, 6.21435669e+02,
       6.51510537e-01, 9.48239014e+02, 6.47953308e+02, 5.83882809e-01,
       9.21673096e+02, 4.47860901e+02, 5.73962271e-01, 1.04538025e+03,
       4.15525452e+02, 8.54529560e-01, 9.74771362e+02, 3.65375793e+02,
       8.45354021e-01, 1.16011169e+03, 5.24388672e+02, 6.12405121e-01,
       1.15428784e+03, 5.68508179e+02, 6.09236598e-01, 1.33965747e+03,
       6.21423950e+02, 6.61170125e-01, 1.53098193e+03, 6.45130920e+02,
       6.93512917e-01, 1.16302319e+03, 4.77315552e+02, 6.04856968e-01,
       1.37804126e+03, 4.65488342e+02, 6.56508207e-01, 1.56046729e+03,
       4.33274872e+02, 7.29905963e-01, 7.86266541e+02, 5.15603394e+02,
       8.04087579e-01, 7.86406250e+02, 4.83229126e+02, 8.42012167e-01,
       8.03977112e+02, 5.36225952e+02, 3.99517447e-01, 8.09755371e+02,
       4.59699066e+02, 6.02712274e-01, 1.62807678e+03, 4.56686829e+02,
       4.48943675e-01, 1.61929211e+03, 4.39102325e+02, 4.44056094e-01,
       1.58102283e+03, 4.12623657e+02, 3.28264445e-01, 1.58103430e+03,
       6.95095581e+02, 5.19391537e-01, 1.58680798e+03, 6.92077271e+02,
       5.00883877e-01, 1.56043640e+03, 6.24433594e+02, 5.17692804e-01 ]
