%YAML:1.0
---
pose_0: !!opencv-matrix
   rows: 1
   cols: 25
   dt: "3f"
   data: [ 6.80358398e+02, 4.12474335e+02, 8.55343044e-01,
       7.89189941e+02, 4.59737946e+02, 6.86029732e-01, 7.89333252e+02,
       5.53947021e+02, 6.11870825e-01, 9.15858948e+02, 6.09770630e+02,
       3.74386549e-01, 9.95310974e+02, 6.12717773e+02, 1.76079661e-01,
       8.06911377e+02, 3.80231140e+02, 5.74362516e-01, 9.74794373e+02,
       3.88905182e+02, 8.28250825e-01, 8.33353394e+02, 3.89114929e+02,
       8.16016853e-01, 1.09239941e+03, 4.71396210e+02, 5.20723760e-01,
       1.08943518e+03, 5.21497498e+02, 5.55817306e-01, 1.31314844e+03,
       5.30408081e+02, 5.79603970e-01, 1.57806335e+03, 5.65554260e+02,
       4.73661780e-01, 1.08952271e+03, 4.12505676e+02, 5.20750046e-01,
       1.32792834e+03, 4.09566284e+02, 4.43301857e-01, 1.57512537e+03,
       4.36020111e+02, 4.52727675e-01, 6.65567993e+02, 4.33026581e+02,
       8.45601618e-01, 6.71543152e+02, 3.92052032e+02, 7.57283628e-01,
       6.74552734e+02, 4.62632721e+02, 6.44121528e-01, 7.01043640e+02,
       3.68497620e+02, 5.26256338e-02, 1.64280627e+03, 4.09618958e+02,
       3.01113546e-01, 1.63697693e+03, 4.06660767e+02, 3.39691520e-01,
       1.61926135e+03, 4.44953888e+02, 2.10936055e-01, 1.67519287e+03,
       5.50837524e+02, 2.18496233e-01, 1.66054895e+03, 5.62644958e+02,
       1.77953884e-01, 1.60747510e+03, 5.59721436e+02, 3.55103523e-01 ]
