%YAML:1.0
---
pose_0: !!opencv-matrix
   rows: 1
   cols: 25
   dt: "3f"
   data: [ 7.36252136e+02, 4.56810028e+02, 8.48491609e-01,
       8.48121094e+02, 4.42000122e+02, 6.72695994e-01, 8.59916504e+02,
       5.36135193e+02, 6.11045837e-01, 9.74817993e+02, 6.21430176e+02,
       9.07410324e-01, 8.59845459e+02, 5.74500916e+02, 7.97273457e-01,
       8.36380005e+02, 3.62435425e+02, 6.88677311e-01, 9.51242859e+02,
       3.15550751e+02, 8.14904034e-01, 1.04246155e+03, 3.03622345e+02,
       7.64798284e-01, 1.13958008e+03, 4.80230377e+02, 6.20417237e-01,
       1.13067529e+03, 5.27310974e+02, 5.89839756e-01, 1.32784045e+03,
       5.27453796e+02, 6.47189021e-01, 1.51927600e+03, 5.50826721e+02,
       5.22517085e-01, 1.14547363e+03, 4.27272552e+02, 5.54013908e-01,
       1.35733728e+03, 4.36055115e+02, 6.12708271e-01, 1.57810828e+03,
       4.36171600e+02, 5.94172359e-01, 7.15773010e+02, 4.71414215e+02,
       7.54208326e-01, 7.18687134e+02, 4.36071716e+02, 8.29914927e-01,
       7.39225708e+02, 4.86143433e+02, 2.09070891e-01, 7.51042969e+02,
       4.06614288e+02, 5.68536282e-01, 1.64872717e+03, 4.12611176e+02,
       3.18223208e-01, 1.63989380e+03, 4.12516266e+02, 3.68980885e-01,
       1.61341040e+03, 4.36103119e+02, 1.95705175e-01, 1.58684570e+03,
       5.33245056e+02, 1.77960545e-01, 1.56626489e+03, 5.53765808e+02,
       1.57487467e-01, 1.56337280e+03, 5.39093994e+02, 3.06463748e-01 ]
