%YAML:1.0
---
pose_0: !!opencv-matrix
   rows: 1
   cols: 25
   dt: "3f"
   data: [ 7.45159241e+02, 3.89073029e+02, 8.30508113e-01,
       8.59896973e+02, 3.94895172e+02, 7.62025893e-01, 8.57060974e+02,
       4.68423370e+02, 7.78136075e-01, 9.77698120e+02, 5.33290039e+02,
       8.23163509e-01, 1.05424146e+03, 6.24463867e+02, 8.35993588e-01,
       8.62842651e+02, 3.15464844e+02, 6.46248758e-01, 1.00133032e+03,
       2.91815125e+02, 7.55667329e-01, 1.06305981e+03, 2.68318451e+02,
       7.86153495e-01, 1.13364905e+03, 4.18449402e+02, 5.47466218e-01,
       1.12193994e+03, 4.71428406e+02, 5.42978108e-01, 1.33672571e+03,
       4.83336639e+02, 7.72077084e-01, 1.53988232e+03, 5.50888916e+02,
       6.56453013e-01, 1.13946265e+03, 3.65448303e+02, 5.74871302e-01,
       1.35146021e+03, 3.24313385e+02, 5.71412325e-01, 1.56629651e+03,
       2.97828796e+02, 5.74639201e-01, 7.39148804e+02, 4.09665771e+02,
       7.97918439e-01, 7.36322205e+02, 3.77238617e+02, 7.22080469e-01,
       7.59819580e+02, 4.33168701e+02, 4.62298393e-01, 7.56855591e+02,
       3.44854736e+02, 4.21249956e-01, 1.64869727e+03, 2.68261841e+02,
       4.71285522e-01, 1.64284949e+03, 2.65374237e+02, 4.57421660e-01,
       1.59280322e+03, 2.97834045e+02, 2.39290982e-01, 1.61630237e+03,
       5.42044861e+02, 5.47743142e-01, 1.60750146e+03, 5.53838562e+02,
       5.08883238e-01, 1.56337085e+03, 5.65615295e+02, 3.29002202e-01 ]
