%YAML:1.0
---
pose_0: !!opencv-matrix
   rows: 1
   cols: 25
   dt: "3f"
   data: [ 4.39104614e+02, 5.95073730e+02, 7.67785490e-01,
       5.62690857e+02, 5.50917480e+02, 4.89538670e-01, 5.50879517e+02,
       6.21504272e+02, 2.28958189e-01, 0., 0., 0., 0., 0., 0.,
       5.95074341e+02, 4.71432373e+02, 5.86401343e-01, 6.03891785e+02,
       5.83275330e+02, 5.91864765e-01, 4.36122864e+02, 7.65727051e+02,
       7.17662334e-01, 1.02182306e+03, 6.24457703e+02, 1.68625921e-01,
       1.01003760e+03, 6.92182190e+02, 1.23812385e-01, 0., 0., 0., 0.,
       0., 0., 1.03061938e+03, 5.86202637e+02, 1.82047486e-01,
       1.36324182e+03, 6.45109558e+02, 3.08097571e-01, 1.73997583e+03,
       6.47986206e+02, 1.75811797e-01, 4.18506195e+02, 6.12662170e+02,
       6.93097591e-01, 4.24368683e+02, 5.62680115e+02, 6.88531995e-01,
       0., 0., 0., 4.53762360e+02, 5.12623901e+02, 5.35952449e-01,
       1.83999988e+03, 6.18503235e+02, 8.09910744e-02, 1.84585925e+03,
       6.18592468e+02, 8.14505070e-02, 0., 0., 0., 0., 0., 0., 0., 0.,
       0., 0., 0., 0. ]
