%YAML:1.0
---
pose_0: !!opencv-matrix
   rows: 1
   cols: 25
   dt: "3f"
   data: [ 6.45134094e+02, 4.83127380e+02, 7.56078124e-01,
       7.89308289e+02, 4.53763794e+02, 6.21347964e-01, 8.09960510e+02,
       5.71402100e+02, 4.88607168e-01, 9.54139160e+02, 6.06838501e+02,
       2.98652947e-01, 1.09836963e+03, 6.89214233e+02, 2.66437203e-01,
       7.83387634e+02, 3.62556458e+02, 6.41444564e-01, 9.21748535e+02,
       2.94741241e+02, 6.84177995e-01, 1.04530066e+03, 2.21142410e+02,
       7.11276889e-01, 1.11012280e+03, 4.97854645e+02, 5.19335568e-01,
       1.08953528e+03, 5.53751770e+02, 5.15104949e-01, 1.32497461e+03,
       6.48156799e+02, 7.34029591e-01, 1.54280530e+03, 6.53897461e+02,
       5.16022980e-01, 1.13072180e+03, 4.33148621e+02, 4.79858875e-01,
       1.38384448e+03, 4.59709320e+02, 6.05601788e-01, 1.63698706e+03,
       4.59633728e+02, 5.70265770e-01, 6.24604248e+02, 4.97920166e+02,
       6.97046101e-01, 6.24590271e+02, 4.59672394e+02, 7.02251375e-01,
       6.47967590e+02, 5.09679962e+02, 1.18613020e-01, 6.47982666e+02,
       4.30239594e+02, 4.43796575e-01, 1.72807703e+03, 4.24345551e+02,
       5.15032291e-01, 1.71934949e+03, 4.21428619e+02, 5.39338529e-01,
       1.66342285e+03, 4.77325195e+02, 2.23756075e-01, 1.66345544e+03,
       6.95144897e+02, 1.15403943e-01, 0., 0., 0., 1.58394629e+03,
       6.44981079e+02, 3.18000376e-01 ]
