%YAML:1.0
---
pose_0: !!opencv-matrix
   rows: 1
   cols: 25
   dt: "3f"
   data: [ 7.18669678e+02, 3.86101746e+02, 8.99327755e-01,
       8.33310730e+02, 3.91979004e+02, 7.99597681e-01, 8.12913940e+02,
       4.59741821e+02, 7.38718867e-01, 8.83532349e+02, 5.74479248e+02,
       8.17115128e-01, 8.06894226e+02, 4.65536163e+02, 6.99724615e-01,
       8.45259888e+02, 3.18443481e+02, 6.78368449e-01, 8.65829041e+02,
       2.24070435e+02, 8.03609729e-01, 7.33352722e+02, 2.00648285e+02,
       7.87223577e-01, 1.11012732e+03, 4.00742584e+02, 5.43258965e-01,
       1.10419299e+03, 4.50798401e+02, 5.42103291e-01, 1.33085022e+03,
       4.59666138e+02, 7.33120441e-01, 1.53981958e+03, 4.74412994e+02,
       6.52168930e-01, 1.11307007e+03, 3.42035706e+02, 5.31904161e-01,
       1.29849255e+03, 3.35926971e+02, 6.74203157e-01, 1.56337915e+03,
       2.97821808e+02, 5.20456076e-01, 7.01054260e+02, 3.94855652e+02,
       7.84847558e-01, 7.15580811e+02, 3.65410431e+02, 9.08990204e-01,
       7.18658508e+02, 4.18514099e+02, 6.05925977e-01, 7.42091003e+02,
       3.42023468e+02, 6.35571361e-01, 1.64286328e+03, 2.71244751e+02,
       4.99237329e-01, 1.63703796e+03, 2.71192322e+02, 5.22495210e-01,
       1.61044507e+03, 3.09497589e+02, 1.83504269e-01, 1.61035767e+03,
       4.83208923e+02, 4.95653838e-01, 1.60160022e+03, 4.89098480e+02,
       4.69764441e-01, 1.56636841e+03, 4.56712067e+02, 3.85041773e-01 ]
