%YAML:1.0
---
pose_0: !!opencv-matrix
   rows: 1
   cols: 25
   dt: "3f"
   data: [ 6.74499878e+02, 5.77313110e+02, 8.21178317e-01,
       7.95194397e+02, 6.00882751e+02, 5.33227265e-01, 7.74621460e+02,
       6.68676453e+02, 6.25809848e-01, 8.80629272e+02, 6.45157837e+02,
       7.55795956e-01, 9.77653931e+02, 5.53961060e+02, 6.78161144e-01,
       8.01088745e+02, 5.39107422e+02, 2.94320911e-01, 9.51166992e+02,
       5.09741180e+02, 1.65754616e-01, 1.02177576e+03, 5.09690155e+02,
       1.17119096e-01, 1.07186487e+03, 6.21514771e+02, 4.64686364e-01,
       1.07186084e+03, 6.68687012e+02, 4.74469572e-01, 1.33084314e+03,
       7.12732483e+02, 3.40161622e-01, 1.58686841e+03, 7.51018799e+02,
       3.75586420e-01, 1.07185327e+03, 5.65637695e+02, 4.04991835e-01,
       1.30142322e+03, 5.39088196e+02, 2.44365975e-01, 1.51917822e+03,
       5.06689789e+02, 3.65232557e-01, 6.59755676e+02, 5.92097229e+02,
       7.55727232e-01, 6.65594421e+02, 5.53806702e+02, 7.51511276e-01,
       6.71605164e+02, 6.18605347e+02, 3.20301533e-01, 6.92066711e+02,
       5.27336060e+02, 4.53905314e-01, 1.67806421e+03, 4.86147278e+02,
       2.86672771e-01, 1.67521777e+03, 4.83182831e+02, 2.75530040e-01,
       1.53979089e+03, 5.15523987e+02, 1.75633743e-01, 1.65458521e+03,
       7.77530029e+02, 1.25139788e-01, 1.64872229e+03, 7.83317017e+02,
       1.00802451e-01, 1.61344775e+03, 7.39236755e+02, 2.57301062e-01 ]
