%YAML:1.0
---
pose_0: !!opencv-matrix
   rows: 1
   cols: 25
   dt: "3f"
   data: [ 6.65614136e+02, 4.59814758e+02, 8.71597767e-01,
       7.95171875e+02, 4.91991699e+02, 6.75669432e-01, 8.04025696e+02,
       5.86198669e+02, 6.25324249e-01, 9.27698730e+02, 6.44973816e+02,
       5.85786879e-01, 9.74649780e+02, 6.39195374e+02, 4.88879919e-01,
       8.03972961e+02, 4.12656403e+02, 6.76532090e-01, 9.71663818e+02,
       4.12507202e+02, 8.37853849e-01, 8.57005188e+02, 3.86154114e+02,
       8.53141308e-01, 1.09535205e+03, 4.77334991e+02, 5.06914437e-01,
       1.09239563e+03, 5.30210449e+02, 5.64081132e-01, 1.35142419e+03,
       5.53732544e+02, 6.81741476e-01, 1.58683655e+03, 5.80294067e+02,
       5.93696833e-01, 1.09538367e+03, 4.18402435e+02, 4.72281307e-01,
       1.35439258e+03, 4.33023468e+02, 4.94418830e-01, 1.56925159e+03,
       4.56593140e+02, 5.23652673e-01, 6.45188110e+02, 4.80355804e+02,
       8.67398322e-01, 6.53851074e+02, 4.44914856e+02, 8.36595416e-01,
       6.68580688e+02, 5.09739319e+02, 6.04103088e-01, 6.89212158e+02,
       4.24369080e+02, 5.33394933e-01, 1.63698108e+03, 4.21378235e+02,
       5.48354566e-01, 1.63387878e+03, 4.18431152e+02, 5.67201912e-01,
       1.58986646e+03, 4.71408783e+02, 2.75362134e-01, 1.66343909e+03,
       5.50841431e+02, 3.86207104e-01, 1.65752173e+03, 5.68508728e+02,
       2.91689754e-01, 1.61050562e+03, 5.86183838e+02, 2.69762933e-01 ]
