%YAML:1.0
---
pose_0: !!opencv-matrix
   rows: 2
   cols: 25
   dt: "3f"
   data: [ 0., 0., 0., 8.36382263e+02, 4.41999146e+02, 2.63959736e-01,
       8.33433594e+02, 4.50807953e+02, 1.91016883e-01, 0., 0., 0., 0.,
       0., 0., 8.39375610e+02, 4.50759247e+02, 4.05905426e-01,
       9.65860352e+02, 4.12427002e+02, 7.49085128e-01, 1.11886731e+03,
       4.42006866e+02, 6.78250730e-01, 1.02774341e+03, 4.62656647e+02,
       5.99898957e-02, 0., 0., 0., 0., 0., 0., 0., 0., 0., 0., 0., 0.,
       0., 0., 0., 0., 0., 0., 0., 0., 0., 0., 0., 0., 7.77523376e+02,
       4.21428802e+02, 1.00435369e-01, 7.86317688e+02, 4.65586212e+02,
       1.84344262e-01, 0., 0., 0., 0., 0., 0., 0., 0., 0., 0., 0., 0.,
       0., 0., 0., 0., 0., 0., 0., 0., 0., 0., 0., 0., 0., 0., 0., 0.,
       0., 0., 0., 0., 0., 0., 0., 0., 0., 0., 0., 0., 0., 0.,
       1.11895886e+03, 4.59624512e+02, 1.37504414e-01, 1.11896191e+03,
       4.77295929e+02, 1.18498400e-01, 1.32797681e+03, 5.00879761e+02,
       3.06196868e-01, 1.54276978e+03, 4.21394043e+02, 2.67588824e-01,
       1.09540674e+03, 4.21410126e+02, 1.16525568e-01, 1.34258435e+03,
       4.97940125e+02, 3.78517151e-01, 1.56927527e+03, 4.12615082e+02,
       2.65438974e-01, 0., 0., 0., 0., 0., 0., 0., 0., 0., 0., 0., 0.,
       1.63696167e+03, 4.65534515e+02, 9.92919058e-02, 1.63692249e+03,
       4.59625092e+02, 8.76623243e-02, 1.60454370e+03, 3.91932831e+02,
       1.59812689e-01, 0., 0., 0., 0., 0., 0., 0., 0., 0. ]
