%YAML:1.0
---
pose_0: !!opencv-matrix
   rows: 1
   cols: 25
   dt: "3f"
   data: [ 7.98090027e+02, 4.03685211e+02, 7.96318293e-01,
       8.92286865e+02, 4.62566498e+02, 7.20915556e-01, 8.83547363e+02,
       5.47874512e+02, 7.12238491e-01, 9.74745850e+02, 6.45124023e+02,
       9.08273816e-01, 8.60026978e+02, 6.68670593e+02, 8.80446672e-01,
       8.92262939e+02, 3.86162109e+02, 7.65439868e-01, 9.68823242e+02,
       4.39066833e+02, 8.18262756e-01, 8.56859436e+02, 5.27331848e+02,
       8.28192532e-01, 1.14539429e+03, 4.24313629e+02, 5.02957523e-01,
       1.15425708e+03, 4.71457245e+02, 5.13902605e-01, 1.35447180e+03,
       4.80293427e+02, 7.72547781e-01, 1.56343677e+03, 4.97947723e+02,
       6.37297332e-01, 1.13659204e+03, 3.71360565e+02, 5.26684046e-01,
       1.34854102e+03, 2.65419769e+02, 6.28306746e-01, 1.51934106e+03,
       1.74092606e+02, 5.23448467e-01, 7.83316040e+02, 4.12639862e+02,
       8.42034698e-01, 7.89202820e+02, 3.86092102e+02, 9.08140182e-01,
       7.95202942e+02, 4.62559052e+02, 5.23161113e-01, 8.09940674e+02,
       3.71296417e+02, 9.30940062e-02, 1.60752588e+03, 1.21151535e+02,
       2.03674421e-01, 1.60746704e+03, 1.21200150e+02, 1.67232126e-01,
       1.52219409e+03, 1.71130295e+02, 2.93535143e-01, 1.63388489e+03,
       5.06819244e+02, 4.58700359e-01, 0., 0., 0., 1.58689709e+03,
       4.83171021e+02, 4.39706355e-01 ]
