%YAML:1.0
---
pose_0: !!opencv-matrix
   rows: 1
   cols: 25
   dt: "3f"
   data: [ 7.48045837e+02, 5.50783875e+02, 8.16350520e-01,
       8.53966125e+02, 5.45016785e+02, 6.26701355e-01, 8.89373230e+02,
       6.44994019e+02, 5.28604746e-01, 1.02467053e+03, 6.68574341e+02,
       6.58074319e-01, 1.12481152e+03, 7.21643188e+02, 7.27640688e-01,
       8.12877258e+02, 4.62623138e+02, 5.84651768e-01, 7.86285950e+02,
       3.74320801e+02, 6.42560899e-01, 6.48031006e+02, 2.94716095e+02,
       7.57642269e-01, 1.12480042e+03, 5.74457764e+02, 5.65381229e-01,
       1.12485999e+03, 6.21569397e+02, 5.89552522e-01, 1.22194983e+03,
       6.92160950e+02, 8.63636658e-02, 1.53395288e+03, 6.95097961e+02,
       2.70167708e-01, 1.12194568e+03, 5.27229187e+02, 5.64903259e-01,
       1.31610120e+03, 5.09657684e+02, 6.59736991e-01, 1.47215125e+03,
       4.36190155e+02, 4.67965156e-01, 7.36300476e+02, 5.62717285e+02,
       7.80646145e-01, 7.39184570e+02, 5.27398499e+02, 8.48543406e-01,
       7.51028198e+02, 5.89153381e+02, 2.26533785e-01, 7.62675903e+02,
       5.03664459e+02, 5.85733712e-01, 1.53685413e+03, 4.09644653e+02,
       1.20845072e-01, 1.52215759e+03, 4.09625000e+02, 1.59118786e-01,
       1.49859485e+03, 4.24298004e+02, 2.66982704e-01, 1.58695313e+03,
       6.65687561e+02, 1.10664845e-01, 0., 0., 0., 1.54577209e+03,
       6.98074341e+02, 2.03443900e-01 ]
