%YAML:1.0
---
pose_0: !!opencv-matrix
   rows: 1
   cols: 25
   dt: "3f"
   data: [ 8.06955078e+02, 5.74324097e+02, 8.32940400e-01,
       8.83422363e+02, 6.21547974e+02, 7.75428534e-01, 8.57045532e+02,
       6.74595642e+02, 5.77842712e-01, 9.48200928e+02, 7.00957703e+02,
       4.47434127e-01, 9.77601379e+02, 6.21538574e+02, 3.58591884e-01,
       9.09915222e+02, 5.59743408e+02, 6.09488726e-01, 1.02468298e+03,
       5.27301636e+02, 3.15073490e-01, 1.06883398e+03, 4.33212280e+02,
       4.22830701e-01, 1.15428894e+03, 6.21550476e+02, 6.05264068e-01,
       1.15132959e+03, 6.68614929e+02, 5.67391932e-01, 1.34851453e+03,
       6.65699890e+02, 6.60632670e-01, 1.53983545e+03, 6.95170227e+02,
       4.62523818e-01, 1.16015015e+03, 5.74316956e+02, 6.22973263e-01,
       1.30723914e+03, 5.77501770e+02, 7.49921143e-01, 1.51333411e+03,
       6.06826172e+02, 4.36946571e-01, 7.89238403e+02, 5.77539246e+02,
       8.76174152e-01, 7.95195313e+02, 5.53907166e+02, 7.55289137e-01,
       7.92191711e+02, 6.21385132e+02, 7.52876997e-01, 8.12932068e+02,
       5.47967896e+02, 5.91481477e-02, 1.60756201e+03, 5.80406799e+02,
       5.40705085e-01, 1.60457068e+03, 5.77471741e+02, 5.25588632e-01,
       1.53391858e+03, 6.30348083e+02, 2.61963129e-01, 1.58990771e+03,
       7.39225403e+02, 1.76076621e-01, 1.57224463e+03, 7.42246033e+02,
       1.69206560e-01, 1.56636584e+03, 6.95076233e+02, 3.38300139e-01 ]
