%YAML:1.0
---
pose_0: !!opencv-matrix
   rows: 1
   cols: 25
   dt: "3f"
   data: [ 7.65899414e+02, 4.36063416e+02, 8.73410702e-01,
       8.57076538e+02, 4.36046265e+02, 7.92595148e-01, 8.57102844e+02,
       5.03765778e+02, 8.82654011e-01, 9.48149170e+02, 5.06793640e+02,
       8.75492573e-01, 8.57026733e+02, 4.09465546e+02, 7.84159064e-01,
       8.48171936e+02, 3.80160400e+02, 5.77503979e-01, 9.95290710e+02,
       2.71196686e+02, 8.77260804e-01, 9.12956970e+02, 2.32971466e+02,
       7.84948289e-01, 1.11604614e+03, 4.65528748e+02, 6.33947194e-01,
       1.10424207e+03, 5.09717133e+02, 6.18841171e-01, 1.31021790e+03,
       5.74441528e+02, 7.52820015e-01, 1.49857910e+03, 6.45000183e+02,
       6.80589020e-01, 1.12778992e+03, 4.15457672e+02, 5.96742451e-01,
       1.35140466e+03, 4.30266022e+02, 6.41771674e-01, 1.56338953e+03,
       4.24366486e+02, 6.49951696e-01, 7.59879089e+02, 4.53659546e+02,
       7.63284445e-01, 7.59830383e+02, 4.15582794e+02, 8.11224163e-01,
       7.68770508e+02, 4.74404816e+02, 3.02725613e-01, 7.83325378e+02,
       3.91921204e+02, 6.21237040e-01, 1.61639685e+03, 4.03728363e+02,
       5.49717963e-01, 1.61052905e+03, 3.94890015e+02, 6.10481501e-01,
       1.58692932e+03, 4.33041107e+02, 3.90341550e-01, 1.57217444e+03,
       6.42157898e+02, 3.74371618e-01, 1.56627332e+03, 6.56805664e+02,
       3.86620551e-01, 1.52220825e+03, 6.45091431e+02, 3.70857269e-01 ]
