%YAML:1.0
---
pose_0: !!opencv-matrix
   rows: 1
   cols: 25
   dt: "3f"
   data: [ 6.95026855e+02, 3.83168274e+02, 8.50894690e-01,
       8.03959595e+02, 4.33076416e+02, 6.92979455e-01, 8.15730896e+02,
       5.21466797e+02, 5.81380606e-01, 9.30505493e+02, 6.24438477e+02,
       7.95491576e-01, 8.62909668e+02, 5.53939575e+02, 7.17479706e-01,
       8.06873718e+02, 3.39055389e+02, 7.28697121e-01, 8.95215759e+02,
       3.62387329e+02, 7.61393428e-01, 8.09754028e+02, 4.59781342e+02,
       7.72223771e-01, 1.11898694e+03, 4.39018372e+02, 5.57563305e-01,
       1.11306689e+03, 4.94973846e+02, 5.51406384e-01, 1.33965271e+03,
       5.24442871e+02, 6.57001734e-01, 1.63990674e+03, 5.53854919e+02,
       5.33149183e-01, 1.12485425e+03, 3.83043579e+02, 4.98414874e-01,
       1.37203198e+03, 3.59475952e+02, 5.58019161e-01, 1.52218079e+03,
       3.12449158e+02, 5.36243916e-01, 6.74531677e+02, 4.00757874e+02,
       7.71708369e-01, 6.86278809e+02, 3.62502838e+02, 7.81491697e-01,
       6.92108276e+02, 4.33121521e+02, 7.56201506e-01, 7.12806335e+02,
       3.38983246e+02, 3.23134959e-01, 1.61934192e+03, 2.97777313e+02,
       3.10760558e-01, 1.61637683e+03, 2.91796509e+02, 3.09097171e-01,
       0., 0., 0., 1.75179883e+03, 5.53882935e+02, 3.31701756e-01,
       1.74285962e+03, 5.71492493e+02, 2.73745924e-01, 1.66054773e+03,
       5.45026489e+02, 2.87037909e-01 ]
