%YAML:1.0
---
pose_0: !!opencv-matrix
   rows: 1
   cols: 25
   dt: "3f"
   data: [ 7.36345093e+02, 4.83282227e+02, 8.45546782e-01,
       8.57084595e+02, 5.27396484e+02, 6.85351014e-01, 8.62853088e+02,
       6.06786621e+02, 6.71922684e-01, 9.98173157e+02, 6.45078125e+02,
       8.03248167e-01, 1.13664417e+03, 6.77492920e+02, 8.02955508e-01,
       8.54020386e+02, 4.56612335e+02, 4.73643303e-01, 9.36444702e+02,
       3.18458099e+02, 8.10165584e-01, 8.36312439e+02, 4.06664001e+02,
       8.20465744e-01, 1.13958167e+03, 5.21432800e+02, 5.41877568e-01,
       1.13950037e+03, 5.71449219e+02, 5.49658298e-01, 1.33383911e+03,
       5.62605835e+02, 4.61406022e-01, 1.55161353e+03, 5.62641907e+02,
       6.02531135e-01, 1.13362488e+03, 4.59707367e+02, 5.56409359e-01,
       1.34845374e+03, 4.62688477e+02, 6.43931210e-01, 1.60459277e+03,
       4.59661652e+02, 4.51735318e-01, 7.15788330e+02, 5.06646698e+02,
       8.57649028e-01, 7.21595154e+02, 4.74305969e+02, 8.11370671e-01,
       7.39203796e+02, 5.39182739e+02, 6.34750843e-01, 7.50999512e+02,
       4.56756500e+02, 2.91102737e-01, 1.71049377e+03, 4.12565063e+02,
       3.01973939e-01, 1.71053113e+03, 4.12509003e+02, 2.99964249e-01,
       1.61337830e+03, 4.74376038e+02, 2.53373832e-01, 1.61332275e+03,
       5.89180115e+02, 1.74930334e-01, 1.60752283e+03, 5.95004822e+02,
       1.89609274e-01, 1.58695923e+03, 5.50804260e+02, 4.17486548e-01 ]
