%YAML:1.0
---
pose_0: !!opencv-matrix
   rows: 1
   cols: 25
   dt: "3f"
   data: [ 7.71683716e+02, 3.62469299e+02, 8.27908814e-01,
       8.71718689e+02, 3.41867249e+02, 6.97338223e-01, 8.65802612e+02,
       4.09539612e+02, 6.30266130e-01, 9.86470825e+02, 4.33138336e+02,
       4.99328822e-01, 1.09532007e+03, 4.86194031e+02, 6.12128317e-01,
       8.83402222e+02, 2.62466187e+02, 6.49755955e-01, 1.04534729e+03,
       2.44651932e+02, 6.74657464e-01, 1.01889105e+03, 2.36011200e+02,
       7.05763102e-01, 1.14247729e+03, 3.65543732e+02, 6.33282423e-01,
       1.13364844e+03, 4.12666534e+02, 6.21368170e-01, 1.35739270e+03,
       4.62682861e+02, 6.66288972e-01, 1.54570276e+03, 5.27449402e+02,
       6.65910482e-01, 1.14838770e+03, 3.15475464e+02, 5.64752579e-01,
       1.34845776e+03, 3.18320526e+02, 6.74970269e-01, 1.57807703e+03,
       2.94940399e+02, 5.50440311e-01, 7.62705994e+02, 3.77200897e+02,
       7.83313632e-01, 7.59917419e+02, 3.41861725e+02, 8.42124939e-01,
       7.83389893e+02, 3.89126862e+02, 1.89114839e-01, 7.74598999e+02,
       3.12463043e+02, 5.62399387e-01, 1.64868494e+03, 2.68235565e+02,
       4.23511505e-01, 1.63994458e+03, 2.65363251e+02, 4.58843261e-01,
       1.61049939e+03, 3.00712006e+02, 2.83956677e-01, 1.61339343e+03,
       5.53798218e+02, 5.42149901e-01, 1.60451367e+03, 5.59701111e+02,
       4.96157855e-01, 1.56923547e+03, 5.24387756e+02, 3.86265129e-01 ]
