%YAML:1.0
---
pose_0: !!opencv-matrix
   rows: 1
   cols: 25
   dt: "3f"
   data: [ 7.71675171e+02, 5.12601135e+02, 8.00610065e-01,
       8.42239624e+02, 4.80253326e+02, 6.47988677e-01, 8.36425781e+02,
       5.30194031e+02, 4.74650443e-01, 0., 0., 0., 0., 0., 0.,
       8.45180908e+02, 4.30136414e+02, 6.62079453e-01, 9.33539001e+02,
       4.33080872e+02, 6.12475395e-01, 1.05421985e+03, 4.33183655e+02,
       7.68573225e-01, 1.11009644e+03, 5.30388306e+02, 5.17725885e-01,
       1.11301184e+03, 5.77288513e+02, 5.30139387e-01, 1.32200818e+03,
       5.98021362e+02, 8.38206410e-01, 1.55158911e+03, 6.51060425e+02,
       6.32473469e-01, 1.11301672e+03, 4.83311768e+02, 5.15944600e-01,
       1.35444702e+03, 4.59683380e+02, 6.56229556e-01, 1.56339746e+03,
       4.33163818e+02, 6.18494630e-01, 7.62692627e+02, 5.27247864e+02,
       8.10647905e-01, 7.62800598e+02, 4.97922974e+02, 7.77071178e-01,
       7.83309631e+02, 5.30453979e+02, 5.20834289e-02, 7.71627991e+02,
       4.59601776e+02, 5.92614472e-01, 1.63688440e+03, 4.12556122e+02,
       1.73995256e-01, 1.63099292e+03, 4.12480469e+02, 2.09582731e-01,
       1.59279858e+03, 4.15519470e+02, 2.47895092e-01, 1.62807654e+03,
       6.65655762e+02, 4.18078899e-01, 1.61348584e+03, 6.74478333e+02,
       4.27037239e-01, 1.58392688e+03, 6.48032471e+02, 3.54666620e-01 ]
