%YAML:1.0
---
pose_0: !!opencv-matrix
   rows: 1
   cols: 25
   dt: "3f"
   data: [ 6.92275330e+02, 5.50750793e+02, 8.65279257e-01,
       8.24562256e+02, 5.36144470e+02, 6.40602410e-01, 8.36489868e+02,
       6.21502930e+02, 6.51024699e-01, 9.71783020e+02, 6.27501160e+02,
       6.19507849e-01, 1.09237634e+03, 6.80429443e+02, 7.66903937e-01,
       8.21675049e+02, 4.56759674e+02, 6.56300426e-01, 9.71789978e+02,
       4.12720795e+02, 7.82613814e-01, 1.11609448e+03, 3.71303650e+02,
       8.26532602e-01, 1.10126904e+03, 5.56751709e+02, 5.65189958e-01,
       1.09532788e+03, 6.12680664e+02, 5.90316236e-01, 1.26020508e+03,
       6.24497375e+02, 3.14816087e-01, 1.60453992e+03, 5.30387573e+02,
       3.79583418e-01, 1.11307605e+03, 5.03862030e+02, 5.89740098e-01,
       1.26326477e+03, 5.98081543e+02, 7.34011471e-01, 1.53986597e+03,
       6.24553894e+02, 4.14275736e-01, 6.77424683e+02, 5.62635132e+02,
       7.77024865e-01, 6.80385803e+02, 5.27356995e+02, 8.09995770e-01,
       6.92106323e+02, 5.80414978e+02, 2.45977595e-01, 7.01053040e+02,
       4.97850403e+02, 4.84779090e-01, 0., 0., 0., 0., 0., 0.,
       1.57512158e+03, 6.27388550e+02, 1.84138820e-01, 0., 0., 0., 0.,
       0., 0., 1.63695288e+03, 5.03831451e+02, 2.00241178e-01 ]
