%YAML:1.0
---
pose_0: !!opencv-matrix
   rows: 1
   cols: 25
   dt: "3f"
   data: [ 7.36351868e+02, 5.03839630e+02, 8.93777013e-01,
       8.36311890e+02, 5.06706787e+02, 7.68922329e-01, 8.36452942e+02,
       5.77297546e+02, 6.56796992e-01, 9.57063171e+02, 6.59827759e+02,
       7.01678276e-01, 1.03649792e+03, 6.74514648e+02, 7.36558974e-01,
       8.36434448e+02, 4.36113007e+02, 6.33673906e-01, 9.95246765e+02,
       3.88963257e+02, 7.98715234e-01, 1.11881165e+03, 3.44836761e+02,
       8.80179405e-01, 1.12482703e+03, 5.21458862e+02, 5.57380855e-01,
       1.12183496e+03, 5.71477844e+02, 5.86002111e-01, 1.33671582e+03,
       6.21550903e+02, 6.69120550e-01, 1.54576270e+03, 6.86226685e+02,
       5.88167191e-01, 1.12483533e+03, 4.62682343e+02, 5.34225523e-01,
       1.34260474e+03, 4.59632507e+02, 7.03394175e-01, 1.56636548e+03,
       4.65549133e+02, 6.44807220e-01, 7.18724670e+02, 5.15604980e+02,
       8.20366919e-01, 7.24498779e+02, 4.83276520e+02, 8.50891948e-01,
       7.39110107e+02, 5.39113708e+02, 5.87719977e-01, 7.45218201e+02,
       4.62624756e+02, 6.28156006e-01, 1.63999353e+03, 4.47904694e+02,
       3.88972133e-01, 1.63698181e+03, 4.44964386e+02, 4.42913473e-01,
       1.60749841e+03, 4.77224548e+02, 2.91633606e-01, 1.63101062e+03,
       6.65660767e+02, 6.15566969e-01, 1.61639209e+03, 6.77441956e+02,
       5.38204849e-01, 1.56335022e+03, 7.01002747e+02, 3.75590473e-01 ]
