%YAML:1.0
---
pose_0: !!opencv-matrix
   rows: 1
   cols: 25
   dt: "3f"
   data: [ 7.68708313e+02, 4.56615662e+02, 8.69764268e-01,
       8.71689392e+02, 4.83102051e+02, 7.74320841e-01, 8.45209473e+02,
       5.33221558e+02, 7.77291656e-01, 8.80453857e+02, 4.53712372e+02,
       2.65950024e-01, 0., 0., 0., 8.92305725e+02, 4.33226074e+02,
       6.24618888e-01, 9.06918152e+02, 3.24304779e+02, 3.71875197e-01,
       9.12955200e+02, 2.32982803e+02, 6.52760804e-01, 1.12774146e+03,
       4.83198425e+02, 5.70249915e-01, 1.12481775e+03, 5.30331238e+02,
       5.69730580e-01, 1.34262573e+03, 5.80380005e+02, 7.42343843e-01,
       1.52802637e+03, 6.62740295e+02, 6.45294666e-01, 1.12481702e+03,
       4.33046997e+02, 5.85447073e-01, 1.26314331e+03, 3.35996124e+02,
       6.79433405e-01, 1.48099207e+03, 2.74214447e+02, 6.05808437e-01,
       7.54002869e+02, 4.71476166e+02, 8.01064014e-01, 7.62675842e+02,
       4.36083771e+02, 8.85184467e-01, 7.62924805e+02, 5.06817596e+02,
       6.53677881e-01, 7.86308228e+02, 4.30187378e+02, 2.88663089e-01,
       1.52514868e+03, 2.24150421e+02, 2.99168140e-01, 1.51924475e+03,
       2.27121292e+02, 2.95408964e-01, 1.49859839e+03, 2.71351959e+02,
       4.90361899e-01, 1.60455518e+03, 6.36228088e+02, 6.57495141e-01,
       1.58991980e+03, 6.50913635e+02, 6.17504895e-01, 1.53975061e+03,
       6.77485474e+02, 5.12815833e-01 ]
