%YAML:1.0
---
pose_0: !!opencv-matrix
   rows: 1
   cols: 25
   dt: "3f"
   data: [ 0., 0., 0., 7.30406738e+02, 6.24532593e+02, 1.54999241e-01,
       0., 0., 0., 0., 0., 0., 0., 0., 0., 6.71592285e+02,
       4.94961578e+02, 1.41070947e-01, 8.74664063e+02, 3.89050598e+02,
       2.91403860e-01, 0., 0., 0., 1.09247742e+03, 6.95040405e+02,
       2.97379583e-01, 1.07769385e+03, 7.62814758e+02, 2.81837642e-01,
       1.19838660e+03, 8.39380798e+02, 1.38272837e-01, 0., 0., 0.,
       1.11304004e+03, 6.21548340e+02, 2.71905363e-01, 1.42500610e+03,
       7.36344177e+02, 4.12243217e-01, 1.76354346e+03, 6.80419250e+02,
       1.82247773e-01, 0., 0., 0., 0., 0., 0., 0., 0., 0., 0., 0., 0.,
       0., 0., 0., 0., 0., 0., 0., 0., 0., 0., 0., 0., 0., 0., 0., 0.,
       0., 0. ]
