%YAML:1.0
---
pose_0: !!opencv-matrix
   rows: 2
   cols: 25
   dt: "3f"
   data: [ 0., 0., 0., 0., 0., 0., 7.42139038e+02, 6.65568481e+02,
       2.46512458e-01, 8.74620056e+02, 6.39167114e+02, 5.46123803e-01,
       6.95215576e+02, 5.50782410e+02, 7.90528297e-01, 0., 0., 0., 0.,
       0., 0., 0., 0., 0., 0., 0., 0., 0., 0., 0., 0., 0., 0., 0., 0.,
       0., 0., 0., 0., 0., 0., 0., 0., 0., 0., 0., 0., 0., 0., 0., 0.,
       5.77424744e+02, 6.42126282e+02, 5.12008071e-02, 0., 0., 0., 0.,
       0., 0., 0., 0., 0., 0., 0., 0., 0., 0., 0., 0., 0., 0., 0., 0.,
       0., 5.74489563e+02, 6.06871277e+02, 5.96088946e-01,
       6.80384277e+02, 5.53778320e+02, 1.27575368e-01, 0., 0., 0., 0.,
       0., 0., 0., 0., 0., 6.77474243e+02, 4.71431549e+02,
       1.34544700e-01, 9.07035278e+02, 3.50700439e+02, 5.19271016e-01,
       7.71610474e+02, 3.15456909e+02, 4.46461529e-01, 1.11598816e+03,
       5.89158020e+02, 2.72049397e-01, 1.09830505e+03, 6.62760315e+02,
       2.72344887e-01, 1.36321826e+03, 8.09869507e+02, 1.35801047e-01,
       1.42203906e+03, 8.45198975e+02, 1.01646073e-01, 1.13949512e+03,
       5.15605896e+02, 2.70771682e-01, 1.40150024e+03, 5.50817871e+02,
       4.49473560e-01, 1.72521570e+03, 5.44940308e+02, 2.47565836e-01,
       5.53887939e+02, 6.21609070e+02, 5.04720092e-01, 5.59685303e+02,
       5.86166199e+02, 4.61391270e-01, 0., 0., 0., 5.71448914e+02,
       5.45043701e+02, 5.10886788e-01, 1.82533105e+03, 4.89099121e+02,
       1.38938606e-01, 1.82540869e+03, 4.89067719e+02, 1.13792025e-01,
       1.78412207e+03, 5.68502808e+02, 1.13649689e-01, 0., 0., 0., 0.,
       0., 0., 1.44267554e+03, 8.39328979e+02, 6.58473000e-02 ]
