%YAML:1.0
---
pose_0: !!opencv-matrix
   rows: 1
   cols: 25
   dt: "3f"
   data: [ 6.51036133e+02, 4.59723633e+02, 8.46956193e-01,
       7.86253540e+02, 4.56764801e+02, 6.79433465e-01, 7.89304199e+02,
       5.33272583e+02, 5.21995127e-01, 9.80609924e+02, 5.68575806e+02,
       4.37440306e-01, 1.14257104e+03, 6.21401245e+02, 7.07090676e-01,
       7.89395386e+02, 3.62514130e+02, 6.68632925e-01, 9.51114258e+02,
       3.18254608e+02, 8.26102257e-01, 1.10417444e+03, 2.62393768e+02,
       7.87862539e-01, 1.13067285e+03, 4.33209625e+02, 4.97160047e-01,
       1.12184912e+03, 4.86096161e+02, 5.25007248e-01, 1.33970654e+03,
       4.62594757e+02, 5.62481761e-01, 1.64284692e+03, 4.36097260e+02,
       5.51928103e-01, 1.13066943e+03, 3.71397644e+02, 5.02364933e-01,
       1.35445520e+03, 3.62492950e+02, 5.25392532e-01, 1.60752356e+03,
       4.62667114e+02, 2.00185001e-01, 6.42028625e+02, 4.83075867e+02,
       8.37167501e-01, 6.44970154e+02, 4.41996124e+02, 8.26021075e-01,
       6.51028809e+02, 5.09678467e+02, 2.53837198e-01, 6.71518982e+02,
       4.15543793e+02, 4.80158091e-01, 0., 0., 0., 0., 0., 0., 0., 0.,
       0., 1.76931189e+03, 4.36126099e+02, 3.36321890e-01,
       1.75463440e+03, 4.50833466e+02, 3.33416671e-01, 1.66342273e+03,
       4.18417633e+02, 3.43607068e-01 ]
