%YAML:1.0
---
pose_0: !!opencv-matrix
   rows: 1
   cols: 25
   dt: "3f"
   data: [ 6.95152039e+02, 3.59611969e+02, 8.28090191e-01,
       8.09783936e+02, 3.44820862e+02, 6.03674054e-01, 8.09876282e+02,
       4.09703308e+02, 5.65807581e-01, 9.24705444e+02, 4.62687683e+02,
       6.28069401e-01, 1.00128326e+03, 4.71455627e+02, 7.63389230e-01,
       8.03967651e+02, 2.91928314e+02, 4.98562515e-01, 9.54182007e+02,
       2.38880219e+02, 6.51418567e-01, 1.04523315e+03, 2.00517349e+02,
       8.40476990e-01, 1.09535779e+03, 3.50741058e+02, 5.32425523e-01,
       1.09240393e+03, 4.03689484e+02, 5.40866554e-01, 1.32784521e+03,
       4.21405457e+02, 5.19956589e-01, 1.52808398e+03, 4.39037170e+02,
       5.34076869e-01, 1.09535938e+03, 2.94845154e+02, 5.39476454e-01,
       1.32499805e+03, 3.03706543e+02, 5.68134844e-01, 1.56044202e+03,
       2.91850189e+02, 5.77967703e-01, 6.80417603e+02, 3.65587799e+02,
       7.06415713e-01, 6.89186218e+02, 3.36074402e+02, 8.01279902e-01,
       7.03976379e+02, 3.86169281e+02, 2.39018083e-01, 7.18556824e+02,
       3.00747437e+02, 5.79032183e-01, 1.63689929e+03, 2.65332642e+02,
       5.65915883e-01, 1.63391821e+03, 2.59550446e+02, 5.91981232e-01,
       1.58691650e+03, 3.06549316e+02, 2.29080990e-01, 1.61032300e+03,
       4.36143890e+02, 4.98253614e-01, 1.60161426e+03, 4.44974487e+02,
       4.13531095e-01, 1.55455579e+03, 4.36091309e+02, 2.79832006e-01 ]
