%YAML:1.0
---
pose_0: !!opencv-matrix
   rows: 1
   cols: 25
   dt: "3f"
   data: [ 6.68602966e+02, 5.06846008e+02, 8.45422566e-01,
       7.86323059e+02, 5.06768768e+02, 6.82355106e-01, 8.09886963e+02,
       5.97948425e+02, 6.01127505e-01, 9.30546997e+02, 6.45109558e+02,
       3.03460479e-01, 1.03944397e+03, 6.59761414e+02, 8.65104869e-02,
       7.68727234e+02, 4.36025909e+02, 5.99806249e-01, 8.98237915e+02,
       3.88908722e+02, 8.23569059e-01, 1.00120764e+03, 3.83041687e+02,
       8.25817108e-01, 1.09540881e+03, 5.33306213e+02, 5.17300367e-01,
       1.09240417e+03, 5.94952332e+02, 5.26207864e-01, 1.31907227e+03,
       6.18529663e+02, 6.01259530e-01, 1.61342432e+03, 6.62731262e+02,
       4.94595706e-01, 1.09829736e+03, 4.74329010e+02, 5.17745495e-01,
       1.33675085e+03, 4.80330383e+02, 5.44643521e-01, 1.60164014e+03,
       4.89061340e+02, 5.07774353e-01, 6.48124817e+02, 5.27210144e+02,
       8.03624511e-01, 6.50978149e+02, 4.83298645e+02, 7.99753249e-01,
       6.68673584e+02, 5.39149597e+02, 1.65552586e-01, 6.71659912e+02,
       4.56746796e+02, 5.70727944e-01, 1.68706335e+03, 4.80174683e+02,
       2.93404222e-01, 1.68697095e+03, 4.74398438e+02, 3.20215493e-01,
       1.61637817e+03, 4.83136841e+02, 2.42193729e-01, 1.72525403e+03,
       6.59771118e+02, 1.34637982e-01, 0., 0., 0., 1.64284839e+03,
       6.45159912e+02, 3.00893784e-01 ]
