%YAML:1.0
---
pose_0: !!opencv-matrix
   rows: 1
   cols: 25
   dt: "3f"
   data: [ 6.77446838e+02, 5.47894470e+02, 7.81991601e-01,
       8.06941711e+02, 5.42092102e+02, 6.56965971e-01, 8.24568604e+02,
       6.24559937e+02, 5.56643903e-01, 9.68821716e+02, 6.77509827e+02,
       6.46772027e-01, 8.53986023e+02, 6.53886963e+02, 4.32594150e-01,
       8.01072815e+02, 4.59653473e+02, 6.25073314e-01, 9.51072937e+02,
       3.88973175e+02, 8.04231405e-01, 1.05423572e+03, 4.06594482e+02,
       8.07118297e-01, 1.09234033e+03, 5.71435669e+02, 5.29617727e-01,
       1.08065271e+03, 6.21553650e+02, 5.78219891e-01, 1.32202527e+03,
       6.53920044e+02, 4.30810899e-01, 1.58684790e+03, 6.09731079e+02,
       2.71137655e-01, 1.09240649e+03, 5.03827545e+02, 5.31031370e-01,
       1.32196167e+03, 5.56742004e+02, 6.95467174e-01, 1.65163770e+03,
       5.44971802e+02, 4.26195800e-01, 6.65684875e+02, 5.62678772e+02,
       7.62308121e-01, 6.68516907e+02, 5.24340271e+02, 8.05391788e-01,
       6.83373413e+02, 5.83243042e+02, 2.31504604e-01, 6.92232788e+02,
       4.94950592e+02, 5.01253545e-01, 1.78412231e+03, 5.30379395e+02,
       7.06991926e-02, 1.78409985e+03, 5.30391235e+02, 9.33913141e-02,
       1.66046729e+03, 5.39134949e+02, 2.38154650e-01, 0., 0., 0., 0.,
       0., 0., 1.59578369e+03, 6.03881836e+02, 1.22973576e-01 ]
