%YAML:1.0
---
pose_0: !!opencv-matrix
   rows: 1
   cols: 25
   dt: "3f"
   data: [ 7.15648621e+02, 3.83047577e+02, 8.54942620e-01,
       8.06948547e+02, 3.77185455e+02, 6.22712016e-01, 7.95241394e+02,
       4.36024841e+02, 6.06240869e-01, 9.01116150e+02, 4.83281952e+02,
       6.52242243e-01, 1.00124719e+03, 5.06719025e+02, 7.93717146e-01,
       8.12872681e+02, 3.18369568e+02, 4.82274860e-01, 9.27666321e+02,
       2.88859436e+02, 4.37998742e-01, 1.02176093e+03, 2.68363464e+02,
       7.57407665e-01, 1.09839734e+03, 3.86046997e+02, 5.66793799e-01,
       1.09547742e+03, 4.33175720e+02, 5.87855816e-01, 1.30723608e+03,
       4.56534149e+02, 7.17076838e-01, 1.51327612e+03, 4.80348816e+02,
       5.91338992e-01, 1.10425452e+03, 3.33111359e+02, 5.72159290e-01,
       1.35136755e+03, 3.27217865e+02, 6.10237002e-01, 1.56340942e+03,
       3.00688690e+02, 6.04541838e-01, 6.95168762e+02, 3.89134003e+02,
       7.84339309e-01, 7.03912048e+02, 3.62370117e+02, 7.98329294e-01,
       7.15628601e+02, 4.12647339e+02, 2.32014760e-01, 7.30457214e+02,
       3.36028839e+02, 5.63490212e-01, 1.64867273e+03, 2.74238861e+02,
       5.09180009e-01, 1.63990869e+03, 2.71298187e+02, 5.36998391e-01,
       1.58980298e+03, 2.94881744e+02, 2.38671735e-01, 1.60454443e+03,
       4.65526550e+02, 5.21107256e-01, 1.58987292e+03, 4.80211884e+02,
       4.08722222e-01, 1.53102905e+03, 4.80303894e+02, 3.24983060e-01 ]
