%YAML:1.0
---
pose_0: !!opencv-matrix
   rows: 1
   cols: 25
   dt: "3f"
   data: [ 8.21651611e+02, 4.42043915e+02, 1.23425335e-01,
       9.01120117e+02, 4.09621429e+02, 2.78191954e-01, 9.51220093e+02,
       4.36154144e+02, 1.86148211e-01, 1.03361023e+03, 4.97856842e+02,
       3.75607282e-01, 1.09527759e+03, 5.80283081e+02, 6.90813601e-01,
       0., 0., 0., 0., 0., 0., 0., 0., 0., 1.13952295e+03,
       4.09617157e+02, 2.98703074e-01, 1.14250415e+03, 4.71433868e+02,
       2.65628606e-01, 1.32791992e+03, 5.74389832e+02, 4.67488945e-01,
       1.49571191e+03, 6.24478760e+02, 4.43415821e-01, 1.13950854e+03,
       3.86057159e+02, 2.41380423e-01, 1.34260608e+03, 2.91794861e+02,
       1.10126026e-01, 1.53981897e+03, 1.62351227e+02, 1.62740514e-01,
       0., 0., 0., 0., 0., 0., 0., 0., 0., 0., 0., 0., 0., 0., 0., 0.,
       0., 0., 1.53982556e+03, 1.56540039e+02, 1.10501960e-01,
       1.53980054e+03, 5.86167603e+02, 2.58410394e-01, 1.53096362e+03,
       5.98005554e+02, 2.10487902e-01, 1.53978625e+03, 6.45122253e+02,
       2.44106486e-01 ]
