%YAML:1.0
---
pose_0: !!opencv-matrix
   rows: 1
   cols: 25
   dt: "3f"
   data: [ 6.18601013e+02, 5.21470825e+02, 8.11888337e-01,
       7.39322266e+02, 5.77430542e+02, 5.68895340e-01, 7.51038086e+02,
       6.71538208e+02, 5.67711949e-01, 8.98183044e+02, 7.24541199e+02,
       7.64836371e-01, 1.04524402e+03, 7.71613098e+02, 7.88733721e-01,
       7.24537842e+02, 5.03809631e+02, 3.71989071e-01, 7.98121216e+02,
       4.74400543e+02, 7.42217824e-02, 0., 0., 0., 1.07193323e+03,
       5.77471497e+02, 5.39975643e-01, 1.06881787e+03, 6.42032349e+02,
       5.20974398e-01, 1.33095447e+03, 6.47990356e+02, 6.64652765e-01,
       1.63395593e+03, 6.53915649e+02, 6.45379126e-01, 1.08655237e+03,
       5.15580444e+02, 5.00180423e-01, 1.31910034e+03, 5.09637665e+02,
       4.65111166e-01, 1.63406116e+03, 4.89090271e+02, 6.03688359e-01,
       5.98091736e+02, 5.33343750e+02, 8.48443210e-01, 6.03967529e+02,
       5.03846313e+02, 8.23150814e-01, 6.18502258e+02, 5.74328308e+02,
       6.89912736e-01, 6.33256042e+02, 4.92029419e+02, 2.87985116e-01,
       1.71935999e+03, 4.56761353e+02, 2.93889463e-01, 1.71347107e+03,
       4.56700562e+02, 2.87915051e-01, 1.65752600e+03, 4.95002380e+02,
       3.11761081e-01, 1.74879639e+03, 6.45100769e+02, 3.69924456e-01,
       1.74287207e+03, 6.53923279e+02, 3.08485448e-01, 1.65169373e+03,
       6.39235352e+02, 3.14540237e-01 ]
