%YAML:1.0
---
pose_0: !!opencv-matrix
   rows: 1
   cols: 25
   dt: "3f"
   data: [ 6.77504822e+02, 5.44932617e+02, 5.83764911e-01,
       7.89392395e+02, 4.77233215e+02, 6.51514232e-01, 8.09783752e+02,
       5.50849304e+02, 5.19903183e-01, 9.30690125e+02, 6.24411987e+02,
       7.74344742e-01, 8.80567322e+02, 5.80364014e+02, 5.83976090e-01,
       7.89202820e+02, 3.97836761e+02, 5.71542144e-01, 9.54056702e+02,
       3.44839111e+02, 7.80542433e-01, 8.33369568e+02, 3.91993683e+02,
       8.00053120e-01, 1.10124524e+03, 5.24364929e+02, 5.65354407e-01,
       1.08953638e+03, 5.74458252e+02, 6.10919416e-01, 1.30144922e+03,
       6.27385742e+02, 6.88994586e-01, 1.56041772e+03, 6.21613525e+02,
       4.59593415e-01, 1.11302124e+03, 4.59675629e+02, 5.23416102e-01,
       1.36322375e+03, 4.89030792e+02, 5.19256771e-01, 1.62518262e+03,
       5.00880615e+02, 4.99867558e-01, 0., 0., 0., 6.68551392e+02,
       5.30286560e+02, 5.26538789e-01, 0., 0., 0., 6.71455383e+02,
       5.03668365e+02, 5.45114994e-01, 1.69579724e+03, 4.59633362e+02,
       4.74670053e-01, 1.68697876e+03, 4.59615143e+02, 5.12534916e-01,
       1.65460522e+03, 5.21437988e+02, 2.58384913e-01, 1.66930005e+03,
       6.30323059e+02, 2.33766198e-01, 1.65165247e+03, 6.44981506e+02,
       2.07887441e-01, 1.59575879e+03, 6.03896545e+02, 2.35589743e-01 ]
