%YAML:1.0
---
pose_0: !!opencv-matrix
   rows: 1
   cols: 25
   dt: "3f"
   data: [ 6.62689453e+02, 4.86145905e+02, 8.42872083e-01,
       7.65764221e+02, 5.06700317e+02, 7.18531787e-01, 7.51004700e+02,
       5.65600586e+02, 4.71492618e-01, 9.09978943e+02, 6.95040649e+02,
       2.79385477e-01, 9.27594543e+02, 6.71581543e+02, 5.12227654e-01,
       7.89365112e+02, 4.47840454e+02, 5.91603220e-01, 9.10059570e+02,
       3.62633057e+02, 8.77368689e-01, 7.83358704e+02, 3.94940430e+02,
       8.16642046e-01, 1.06881665e+03, 5.27264709e+02, 5.45895219e-01,
       1.05715198e+03, 5.77361023e+02, 5.66697180e-01, 1.30444397e+03,
       5.97943848e+02, 6.59369409e-01, 1.57217944e+03, 6.01013794e+02,
       4.78271484e-01, 1.06889404e+03, 4.59714661e+02, 5.85534096e-01,
       1.28669519e+03, 4.59696686e+02, 5.79722822e-01, 1.54568945e+03,
       4.59605927e+02, 2.27140382e-01, 6.45026062e+02, 5.06675751e+02,
       8.91170084e-01, 6.48058899e+02, 4.74363403e+02, 8.32246959e-01,
       6.65671753e+02, 5.33236572e+02, 5.99748194e-01, 6.80339172e+02,
       4.56820618e+02, 4.22924578e-01, 0., 0., 0., 0., 0., 0.,
       1.57515552e+03, 4.59649353e+02, 1.55627280e-01, 1.68700146e+03,
       5.77399597e+02, 4.74082619e-01, 1.68103857e+03, 5.92052551e+02,
       3.75273705e-01, 1.59280981e+03, 6.00859497e+02, 2.52999872e-01 ]
