%YAML:1.0
---
pose_0: !!opencv-matrix
   rows: 1
   cols: 25
   dt: "3f"
   data: [ 6.51019653e+02, 4.92032074e+02, 7.69301772e-01,
       7.89410828e+02, 4.86233276e+02, 6.65396929e-01, 8.12861572e+02,
       5.94947449e+02, 6.50215387e-01, 9.77590393e+02, 6.45131592e+02,
       7.20397949e-01, 1.11606689e+03, 7.27469971e+02, 7.92717695e-01,
       7.89420471e+02, 3.89098083e+02, 6.95163131e-01, 9.51234009e+02,
       3.39049500e+02, 7.90110946e-01, 1.08939844e+03, 2.74297485e+02,
       7.66463101e-01, 1.11007678e+03, 5.03727570e+02, 5.69980681e-01,
       1.09538147e+03, 5.53863159e+02, 6.44969463e-01, 1.31907300e+03,
       6.48050842e+02, 5.82021177e-01, 1.54281067e+03, 6.56863892e+02,
       4.48827803e-01, 1.11597034e+03, 4.36043884e+02, 5.56355298e-01,
       1.37208496e+03, 4.65507477e+02, 5.61006248e-01, 1.62815063e+03,
       4.80192291e+02, 5.66922545e-01, 6.39199707e+02, 5.09655243e+02,
       7.89527774e-01, 6.42037720e+02, 4.65552155e+02, 7.72520840e-01,
       6.59748657e+02, 5.33304260e+02, 1.69072971e-01, 6.71480530e+02,
       4.33033295e+02, 5.38210511e-01, 1.71057581e+03, 4.36046021e+02,
       3.72464508e-01, 1.70469153e+03, 4.33236511e+02, 3.97927284e-01,
       1.64577783e+03, 4.94943939e+02, 2.03724727e-01, 1.67816382e+03,
       6.68629089e+02, 1.75635368e-01, 1.65762012e+03, 6.77471130e+02,
       1.62327766e-01, 1.58396606e+03, 6.45019653e+02, 2.88299710e-01 ]
