%YAML:1.0
---
pose_0: !!opencv-matrix
   rows: 1
   cols: 25
   dt: "3f"
   data: [ 7.59844849e+02, 4.33193726e+02, 8.64692032e-01,
       8.77610901e+02, 4.15478668e+02, 7.29567945e-01, 8.68723267e+02,
       4.92046448e+02, 7.20538378e-01, 9.80561035e+02, 5.09634277e+02,
       7.47314513e-01, 9.04037292e+02, 4.35985809e+02, 8.35490167e-01,
       8.80433838e+02, 3.39036041e+02, 6.57455862e-01, 1.02177124e+03,
       2.91782043e+02, 8.38872433e-01, 9.30648193e+02, 2.68443085e+02,
       8.41517806e-01, 1.12779651e+03, 4.53796082e+02, 6.13040864e-01,
       1.11602515e+03, 5.03749023e+02, 6.56263590e-01, 1.31318445e+03,
       5.59717285e+02, 7.00436234e-01, 1.50154968e+03, 5.95086548e+02,
       4.78399158e-01, 1.13953931e+03, 3.97874481e+02, 5.92706740e-01,
       1.32798120e+03, 4.12670410e+02, 7.79816091e-01, 1.57223938e+03,
       4.21372894e+02, 5.64355552e-01, 7.42257141e+02, 4.44898956e+02,
       7.82146037e-01, 7.42240906e+02, 4.12521454e+02, 8.49103510e-01,
       7.65629700e+02, 4.59492920e+02, 1.62934333e-01, 7.62709167e+02,
       3.83038452e+02, 5.95669508e-01, 1.63396924e+03, 4.03722412e+02,
       4.34923887e-01, 1.62812207e+03, 3.97882874e+02, 5.11986613e-01,
       1.61050354e+03, 4.30223480e+02, 3.25718105e-01, 1.58392029e+03,
       6.39126282e+02, 3.84844631e-01, 1.57515344e+03, 6.36264282e+02,
       3.42872858e-01, 1.54280139e+03, 5.77403931e+02, 3.15138280e-01 ]
