%YAML:1.0
---
pose_0: !!opencv-matrix
   rows: 1
   cols: 25
   dt: "3f"
   data: [ 7.83418823e+02, 5.30374207e+02, 8.76591861e-01,
       8.36505310e+02, 4.97841461e+02, 6.65079713e-01, 8.33413574e+02,
       5.42066956e+02, 4.11839128e-01, 0., 0., 0., 0., 0., 0.,
       8.54015259e+02, 4.41989044e+02, 6.93441451e-01, 9.51125488e+02,
       4.36258728e+02, 7.22916186e-01, 1.07480371e+03, 4.33187378e+02,
       8.00816000e-01, 1.11304968e+03, 5.53744629e+02, 5.10589898e-01,
       1.11300916e+03, 5.97993164e+02, 5.13376474e-01, 1.32782715e+03,
       6.06821167e+02, 6.39273226e-01, 1.54573132e+03, 6.53858887e+02,
       6.40268385e-01, 1.11010669e+03, 5.03854980e+02, 4.47392315e-01,
       1.36025659e+03, 4.80187897e+02, 5.44804037e-01, 1.56625464e+03,
       4.36099060e+02, 5.80080092e-01, 7.65686279e+02, 5.39110474e+02,
       7.59417832e-01, 7.68731812e+02, 5.12592957e+02, 7.78398275e-01,
       0., 0., 0., 7.80464050e+02, 4.80125763e+02, 6.03191853e-01,
       1.63696167e+03, 4.12615540e+02, 2.07858533e-01, 1.63395398e+03,
       4.12513367e+02, 2.41593167e-01, 1.58691504e+03, 4.15592163e+02,
       2.30379134e-01, 1.62222534e+03, 6.80373840e+02, 3.55876356e-01,
       1.61348523e+03, 6.83367004e+02, 3.89709920e-01, 1.57807190e+03,
       6.48023132e+02, 3.42726678e-01 ]
