%YAML:1.0
---
pose_0: !!opencv-matrix
   rows: 1
   cols: 25
   dt: "3f"
   data: [ 7.77554565e+02, 2.88896576e+02, 6.16387725e-01,
       8.51091736e+02, 1.97697754e+02, 4.49213982e-01, 8.33488770e+02,
       2.38926971e+02, 2.51661122e-01, 8.98217102e+02, 2.97747101e+02,
       5.32602705e-02, 0., 0., 0., 8.65858643e+02, 1.62379211e+02,
       4.60810900e-01, 1.00128937e+03, 2.15298416e+02, 6.76988065e-01,
       1.01295728e+03, 3.86131195e+02, 7.32333183e-01, 1.14246240e+03,
       2.50650665e+02, 3.09292793e-01, 1.14247998e+03, 2.94918732e+02,
       2.39199534e-01, 1.18960718e+03, 3.15527130e+02, 7.71796629e-02,
       1.51332666e+03, 2.24196136e+02, 1.21551976e-01, 1.15425317e+03,
       2.00658371e+02, 3.07686508e-01, 1.33674036e+03, 1.94727402e+02,
       2.58801401e-01, 1.41914343e+03, 1.74149490e+02, 1.41261667e-01,
       7.65643433e+02, 2.94813629e+02, 2.83986419e-01, 7.62726746e+02,
       2.71380859e+02, 6.06447577e-01, 0., 0., 0., 7.59805481e+02,
       2.30030136e+02, 5.85328400e-01, 1.56039026e+03, 1.53554993e+02,
       8.04412365e-02, 0., 0., 0., 1.42802014e+03, 1.91827393e+02,
       7.13475645e-02, 0., 0., 0., 0., 0., 0., 1.53098645e+03,
       2.09476013e+02, 1.00532301e-01 ]
