%YAML:1.0
---
pose_0: !!opencv-matrix
   rows: 1
   cols: 25
   dt: "3f"
   data: [ 6.68555603e+02, 3.15351105e+02, 6.14138305e-01,
       7.86344360e+02, 2.71255829e+02, 5.72689533e-01, 7.89263977e+02,
       3.62412537e+02, 4.21284854e-01, 9.27577881e+02, 3.83163086e+02,
       1.01699769e-01, 0., 0., 0., 7.89262451e+02, 1.91808945e+02,
       3.58240038e-01, 9.27703613e+02, 1.27009407e+02, 5.90980649e-01,
       9.42315674e+02, 1.65359283e+02, 5.71100116e-01, 1.04829712e+03,
       3.00679413e+02, 5.41970909e-01, 1.04825757e+03, 3.50767029e+02,
       5.31901360e-01, 1.28963818e+03, 3.47800110e+02, 2.88741291e-01,
       1.33676770e+03, 3.39016937e+02, 6.42874837e-02, 1.04832983e+03,
       2.44879532e+02, 5.58919668e-01, 1.30430774e+03, 2.21176620e+02,
       3.38400543e-01, 1.54865820e+03, 1.71174164e+02, 2.70993143e-01,
       6.48129944e+02, 3.21350830e+02, 4.79926556e-01, 6.47971619e+02,
       2.94841827e+02, 5.89982033e-01, 6.71589050e+02, 3.27163269e+02,
       5.29439375e-02, 6.65602295e+02, 2.56567871e+02, 4.28944707e-01,
       1.60742786e+03, 1.53556458e+02, 8.57412443e-02, 1.60749963e+03,
       1.50663986e+02, 1.12964720e-01, 1.56627356e+03, 1.71228394e+02,
       1.56425744e-01, 0., 0., 0., 0., 0., 0., 0., 0., 0. ]
