%YAML:1.0
---
pose_0: !!opencv-matrix
   rows: 1
   cols: 25
   dt: "3f"
   data: [ 7.62731934e+02, 5.27405273e+02, 2.31640071e-01,
       8.36425354e+02, 4.65512604e+02, 2.83170223e-01, 8.30473450e+02,
       4.83221283e+02, 1.52302623e-01, 0., 0., 0., 0., 0., 0.,
       8.54009033e+02, 4.44896973e+02, 3.08269799e-01, 9.86451782e+02,
       4.30270142e+02, 6.62672758e-01, 1.12198145e+03, 5.06701416e+02,
       8.02563787e-01, 1.11308765e+03, 4.56661804e+02, 1.78949594e-01,
       1.09243762e+03, 4.83209656e+02, 7.41775408e-02, 1.26017566e+03,
       4.18446655e+02, 5.11380322e-02, 0., 0., 0., 0., 0., 0., 0., 0.,
       0., 0., 0., 0., 0., 0., 0., 7.53996277e+02, 5.15578735e+02,
       2.13226780e-01, 0., 0., 0., 7.65745300e+02, 4.77260162e+02,
       2.55563080e-01, 0., 0., 0., 0., 0., 0., 0., 0., 0., 0., 0., 0.,
       0., 0., 0., 0., 0., 0. ]
