%YAML:1.0
---
pose_0: !!opencv-matrix
   rows: 1
   cols: 25
   dt: "3f"
   data: [ 7.77564514e+02, 5.03779449e+02, 6.41789556e-01,
       8.80522827e+02, 4.86229431e+02, 6.14058673e-01, 9.04024414e+02,
       5.47963989e+02, 4.45160836e-01, 1.04540686e+03, 5.62634888e+02,
       4.13676590e-01, 1.11308960e+03, 6.24502747e+02, 6.32774949e-01,
       8.59920898e+02, 4.30195374e+02, 3.95317525e-01, 7.65762329e+02,
       4.03700928e+02, 3.80048573e-01, 6.68593567e+02, 4.09596191e+02,
       4.47975934e-01, 1.16017078e+03, 4.83245605e+02, 5.50912917e-01,
       1.16011829e+03, 5.33236572e+02, 5.45880437e-01, 1.34855493e+03,
       6.18640137e+02, 7.65275002e-01, 1.53684741e+03, 5.92059265e+02,
       6.76925182e-01, 1.16299683e+03, 4.33104034e+02, 5.36883116e-01,
       1.35740210e+03, 3.56667023e+02, 4.83061969e-01, 1.53688733e+03,
       2.12451492e+02, 3.78255129e-01, 7.65796387e+02, 5.06782776e+02,
       5.43706059e-01, 7.71648315e+02, 4.83240997e+02, 6.14790380e-01,
       7.80483643e+02, 5.24287415e+02, 1.19508147e-01, 8.06872009e+02,
       4.56737000e+02, 4.27929401e-01, 1.60165686e+03, 1.56529526e+02,
       1.52374595e-01, 1.59284216e+03, 1.56471710e+02, 1.41710296e-01,
       1.53980225e+03, 2.03560730e+02, 2.52401859e-01, 1.58681860e+03,
       6.65682312e+02, 6.43059373e-01, 1.57515710e+03, 6.59745667e+02,
       5.14615774e-01, 1.56037805e+03, 5.71435852e+02, 5.74940383e-01 ]
