%YAML:1.0
---
pose_0: !!opencv-matrix
   rows: 1
   cols: 25
   dt: "3f"
   data: [ 6.48129944e+02, 3.91927673e+02, 7.56780446e-01,
       7.71602844e+02, 4.59681335e+02, 6.20428920e-01, 7.86371094e+02,
       5.50952820e+02, 4.64242458e-01, 9.09939270e+02, 6.42115051e+02,
       6.91526949e-01, 1.06876819e+03, 7.12646179e+02, 8.16259503e-01,
       7.65713989e+02, 3.77277924e+02, 5.56964040e-01, 9.51039612e+02,
       3.18325745e+02, 8.04580986e-01, 1.11608740e+03, 2.33067429e+02,
       8.07522893e-01, 1.08946838e+03, 4.27292664e+02, 3.45962584e-01,
       1.08950610e+03, 4.91984375e+02, 3.83488446e-01, 1.36030884e+03,
       5.44961548e+02, 6.37214005e-01, 1.64286328e+03, 5.44981934e+02,
       4.82066929e-01, 1.06885974e+03, 3.62600494e+02, 3.95406157e-01,
       1.18659094e+03, 3.21325104e+02, 1.11033060e-01, 0., 0., 0.,
       6.36219421e+02, 4.12459015e+02, 6.44095898e-01, 6.39211548e+02,
       3.85925568e+02, 5.65996408e-01, 6.53921997e+02, 4.44902405e+02,
       4.59454536e-01, 6.59758728e+02, 3.80138947e+02, 6.05854578e-02,
       0., 0., 0., 0., 0., 0., 0., 0., 0., 1.72820593e+03,
       5.89129700e+02, 2.21954539e-01, 0., 0., 0., 1.66343860e+03,
       5.30230835e+02, 3.84589016e-01 ]
