%YAML:1.0
---
pose_0: !!opencv-matrix
   rows: 1
   cols: 25
   dt: "3f"
   data: [ 7.62787048e+02, 5.24421082e+02, 7.17081010e-01,
       8.15864014e+02, 5.59748047e+02, 6.52583063e-01, 8.36313782e+02,
       6.33331543e+02, 6.70308709e-01, 9.45285583e+02, 5.65594971e+02,
       6.52013838e-01, 9.80660095e+02, 4.21344238e+02, 6.36127412e-01,
       8.03983765e+02, 5.03853241e+02, 6.18551314e-01, 8.86495117e+02,
       4.83165100e+02, 5.02455354e-01, 9.89439148e+02, 4.09658569e+02,
       4.24034745e-01, 1.11596936e+03, 5.71501465e+02, 6.17191136e-01,
       1.11594946e+03, 6.21395630e+02, 5.93061090e-01, 1.33385046e+03,
       6.48009766e+02, 7.53475547e-01, 1.54867432e+03, 7.12761108e+02,
       6.51567042e-01, 1.11605591e+03, 5.18517517e+02, 5.91633677e-01,
       1.30727661e+03, 4.97860474e+02, 6.93949342e-01, 1.51918237e+03,
       4.80191254e+02, 5.60960889e-01, 7.42256104e+02, 5.30285889e+02,
       7.50337899e-01, 7.42234131e+02, 5.09644348e+02, 5.90600848e-01,
       7.50999146e+02, 5.71436218e+02, 6.46170259e-01, 7.48103516e+02,
       5.00867401e+02, 1.07938692e-01, 1.63099487e+03, 4.68529175e+02,
       4.16764289e-01, 1.62810034e+03, 4.62557343e+02, 4.30884629e-01,
       1.54274255e+03, 4.65522125e+02, 2.28029341e-01, 1.62515942e+03,
       6.98114380e+02, 5.91868818e-01, 1.61332727e+03, 7.15723145e+02,
       5.80173075e-01, 1.56633313e+03, 7.24572632e+02, 3.32762331e-01 ]
