%YAML:1.0
---
pose_0: !!opencv-matrix
   rows: 1
   cols: 25
   dt: "3f"
   data: [ 6.47977905e+02, 4.24300659e+02, 8.56979489e-01,
       7.92248840e+02, 4.12565582e+02, 5.61824322e-01, 8.15812256e+02,
       5.00766144e+02, 3.52891862e-01, 9.83569580e+02, 5.30206360e+02,
       5.09380102e-01, 1.16018884e+03, 5.77264221e+02, 7.73955107e-01,
       7.92227051e+02, 3.21266998e+02, 6.21948540e-01, 9.45309937e+02,
       2.65391388e+02, 7.42225766e-01, 1.11299487e+03, 2.00626038e+02,
       8.25372040e-01, 1.13657007e+03, 3.86021942e+02, 4.79861528e-01,
       1.13067944e+03, 4.39021606e+02, 4.97255385e-01, 1.33679712e+03,
       4.15600128e+02, 7.00673401e-01, 1.64578442e+03, 3.56614868e+02,
       4.75169212e-01, 1.13659998e+03, 3.21285858e+02, 5.14693797e-01,
       1.37797534e+03, 2.71359711e+02, 6.34526193e-01, 1.58689697e+03,
       4.12589630e+02, 2.54570037e-01, 6.33288940e+02, 4.39139404e+02,
       8.03880215e-01, 6.42046814e+02, 4.06671326e+02, 8.52676213e-01,
       6.47916199e+02, 4.68437103e+02, 2.14534104e-01, 6.68518433e+02,
       3.71322968e+02, 4.79498029e-01, 0., 0., 0., 0., 0., 0.,
       1.62221545e+03, 4.36159027e+02, 1.91569060e-01, 1.76644446e+03,
       3.18472504e+02, 2.52740264e-01, 1.75473108e+03, 3.33109100e+02,
       2.01478705e-01, 1.66050159e+03, 3.41843597e+02, 3.30164403e-01 ]
