%YAML:1.0
---
pose_0: !!opencv-matrix
   rows: 1
   cols: 25
   dt: "3f"
   data: [ 5.33238403e+02, 5.30232666e+02, 8.03229928e-01,
       6.33300171e+02, 5.53847595e+02, 3.65444154e-01, 6.33314514e+02,
       6.27432373e+02, 2.86671042e-01, 8.33479492e+02, 7.65703613e+02,
       2.64850795e-01, 6.50977478e+02, 7.18685913e+02, 3.25820327e-01,
       6.59780701e+02, 4.92028137e+02, 3.93317610e-01, 8.30515015e+02,
       4.59545441e+02, 7.44246960e-01, 6.33326599e+02, 5.36246582e+02,
       6.79291964e-01, 1.06003564e+03, 5.71500793e+02, 3.91615331e-01,
       1.05715649e+03, 6.45024109e+02, 3.83052528e-01, 1.36320679e+03,
       6.71498291e+02, 2.89122254e-01, 1.69878223e+03, 6.53876587e+02,
       3.04500967e-01, 1.05712024e+03, 5.00828766e+02, 4.02204573e-01,
       1.30436511e+03, 4.33203278e+02, 3.33817780e-01, 1.50744568e+03,
       4.09667023e+02, 2.23384917e-01, 5.03835632e+02, 5.44950378e+02,
       8.23359728e-01, 5.30281128e+02, 5.03717377e+02, 8.56315255e-01,
       5.09708832e+02, 5.80306396e+02, 3.14648241e-01, 5.59716431e+02,
       4.83174347e+02, 3.28133583e-01, 1.52219690e+03, 4.50801056e+02,
       6.37728348e-02, 0., 0., 0., 0., 0., 0., 1.79879492e+03,
       6.95077942e+02, 7.62613937e-02, 0., 0., 0., 1.77823230e+03,
       6.89166321e+02, 8.88886526e-02 ]
