%YAML:1.0
---
pose_0: !!opencv-matrix
   rows: 1
   cols: 25
   dt: "3f"
   data: [ 6.42074402e+02, 4.09469940e+02, 8.38538110e-01,
       7.86246277e+02, 4.03704224e+02, 6.13513827e-01, 8.09759644e+02,
       5.00770935e+02, 5.71783781e-01, 9.57080872e+02, 5.24348816e+02,
       6.44740462e-01, 1.12777246e+03, 5.62615723e+02, 7.78038859e-01,
       7.89366760e+02, 2.94828369e+02, 6.90787911e-01, 9.74594604e+02,
       2.47828934e+02, 7.38792121e-01, 1.11906897e+03, 2.00691711e+02,
       8.52967381e-01, 1.12480701e+03, 3.65464172e+02, 4.51625943e-01,
       1.11895776e+03, 4.24349854e+02, 4.38649416e-01, 1.34847522e+03,
       4.12485992e+02, 6.26468062e-01, 1.65161035e+03, 3.47838348e+02,
       5.37819266e-01, 1.12480872e+03, 3.06598480e+02, 4.19977248e-01,
       1.38090332e+03, 2.71388550e+02, 4.91155088e-01, 1.51634302e+03,
       3.56607605e+02, 1.50065541e-01, 6.24570190e+02, 4.21390839e+02,
       7.55029559e-01, 6.24495605e+02, 3.86073975e+02, 8.43771219e-01,
       6.45073120e+02, 4.47848724e+02, 2.80851126e-01, 6.47997131e+02,
       3.59491974e+02, 4.40478146e-01, 0., 0., 0., 0., 0., 0., 0., 0.,
       0., 1.76937964e+03, 3.18475616e+02, 2.44822636e-01,
       1.75763916e+03, 3.33084381e+02, 1.90331578e-01, 1.66055298e+03,
       3.39010254e+02, 3.16905856e-01 ]
