%YAML:1.0
---
pose_0: !!opencv-matrix
   rows: 1
   cols: 25
   dt: "3f"
   data: [ 7.06871826e+02, 3.38924805e+02, 5.69745898e-01,
       8.12868347e+02, 2.94926239e+02, 5.79770446e-01, 8.12938416e+02,
       3.74268433e+02, 5.64584196e-01, 9.04042542e+02, 5.06860077e+02,
       7.35401809e-01, 9.65882507e+02, 6.36232666e+02, 6.76483393e-01,
       8.12839111e+02, 2.30034851e+02, 3.56687516e-01, 9.77705444e+02,
       1.50587982e+02, 6.43505156e-01, 1.09243518e+03, 1.03635422e+02,
       7.27722764e-01, 1.11008594e+03, 3.03681488e+02, 5.40943623e-01,
       1.09545520e+03, 3.62394531e+02, 5.57587385e-01, 1.33379041e+03,
       4.39054504e+02, 4.39319849e-01, 1.49270532e+03, 5.06775604e+02,
       2.06793949e-01, 1.11603418e+03, 2.47656769e+02, 5.41513622e-01,
       1.33380334e+03, 2.15320099e+02, 3.45275998e-01, 1.56038757e+03,
       1.74131531e+02, 3.48280221e-01, 6.95011597e+02, 3.44870239e+02,
       3.18269342e-01, 6.92177124e+02, 3.24254425e+02, 4.56542820e-01,
       7.18708191e+02, 3.59477966e+02, 6.28691018e-02, 6.95200500e+02,
       2.94941223e+02, 4.82229024e-01, 1.66634607e+03, 1.33017899e+02,
       2.65852481e-01, 1.66347571e+03, 1.32928696e+02, 2.44390726e-01,
       1.56629846e+03, 1.77112793e+02, 2.13120282e-01, 1.52805225e+03,
       5.12633667e+02, 8.17137957e-02, 0., 0., 0., 1.51629468e+03,
       5.09703308e+02, 1.67667776e-01 ]
