%YAML:1.0
---
pose_0: !!opencv-matrix
   rows: 2
   cols: 25
   dt: "3f"
   data: [ 7.39164063e+02, 4.18433594e+02, 8.55484962e-01,
       8.54039124e+02, 4.06700287e+02, 7.08685279e-01, 8.77562256e+02,
       4.59681610e+02, 2.93382913e-01, 9.92328552e+02, 4.86169830e+02,
       5.73741257e-01, 1.07197363e+03, 5.53920166e+02, 8.05616260e-01,
       8.51032837e+02, 3.41843903e+02, 7.37317502e-01, 9.54046265e+02,
       2.71178314e+02, 9.18914378e-01, 9.27580383e+02, 4.30180511e+02,
       8.28723848e-01, 1.12194604e+03, 4.12629059e+02, 5.21665633e-01,
       1.12189880e+03, 4.59760101e+02, 5.44549227e-01, 1.33963184e+03,
       5.36132690e+02, 7.35044539e-01, 1.56038770e+03, 5.68505920e+02,
       6.45318270e-01, 1.12479480e+03, 3.65379456e+02, 4.77357209e-01,
       1.36321558e+03, 3.15372772e+02, 6.93405867e-01, 1.54268311e+03,
       1.77093002e+02, 5.28742015e-01, 7.18578186e+02, 4.33162598e+02,
       8.30404162e-01, 7.21644165e+02, 4.00746948e+02, 7.97999859e-01,
       0., 0., 0., 7.45157898e+02, 3.68434540e+02, 6.18975401e-01,
       1.61639380e+03, 1.38842773e+02, 1.48943990e-01, 1.61339612e+03,
       1.38825653e+02, 1.46370053e-01, 0., 0., 0., 1.59577014e+03,
       6.27527649e+02, 1.73808858e-01, 1.59871680e+03, 6.24442322e+02,
       1.81700274e-01, 1.58695105e+03, 5.53779968e+02, 4.58703518e-01,
       0., 0., 0., 0., 0., 0., 8.27559326e+02, 4.89092743e+02,
       3.51959884e-01, 8.95260803e+02, 5.50975708e+02, 2.22855806e-01,
       9.54040649e+02, 5.83257629e+02, 2.02956423e-01, 0., 0., 0., 0.,
       0., 0., 0., 0., 0., 0., 0., 0., 0., 0., 0., 0., 0., 0., 0., 0.,
       0., 0., 0., 0., 0., 0., 0., 0., 0., 0., 0., 0., 0., 0., 0., 0.,
       7.39239685e+02, 4.42006226e+02, 1.15397342e-01, 0., 0., 0., 0.,
       0., 0., 0., 0., 0., 0., 0., 0., 0., 0., 0., 0., 0., 0., 0., 0.,
       0. ]
