%YAML:1.0
---
pose_0: !!opencv-matrix
   rows: 1
   cols: 25
   dt: "3f"
   data: [ 5.47961853e+02, 6.24515747e+02, 5.34080386e-01,
       6.77455872e+02, 5.30370056e+02, 5.17290652e-01, 6.86299622e+02,
       5.86214294e+02, 3.99241924e-01, 8.21638123e+02, 6.71693909e+02,
       6.62400246e-01, 6.30341614e+02, 6.24409790e+02, 5.79621017e-01,
       6.59783875e+02, 4.80251495e+02, 3.49928588e-01, 8.36518677e+02,
       3.71395447e+02, 7.12687910e-01, 6.42162354e+02, 4.09556366e+02,
       6.55990124e-01, 1.04832227e+03, 5.97903992e+02, 4.15477097e-01,
       1.02479919e+03, 6.68521973e+02, 4.29008663e-01, 1.30727844e+03,
       7.65784363e+02, 5.28779924e-01, 1.57806970e+03, 7.68640991e+02,
       2.98824519e-01, 1.06596252e+03, 5.21399963e+02, 3.89980018e-01,
       1.33965381e+03, 5.42096802e+02, 4.65837359e-01, 1.71056824e+03,
       5.47922852e+02, 3.42391044e-01, 5.27388977e+02, 6.21594360e+02,
       2.01008752e-01, 5.27404358e+02, 6.01006531e+02, 4.80479181e-01,
       0., 0., 0., 5.33277405e+02, 5.42048096e+02, 4.12541837e-01,
       1.84004785e+03, 5.33209717e+02, 8.03847387e-02, 1.84582471e+03,
       5.30266296e+02, 8.82526934e-02, 1.74877197e+03, 5.71526428e+02,
       1.60250336e-01, 0., 0., 0., 0., 0., 0., 1.61046936e+03,
       7.65790710e+02, 1.72141612e-01 ]
