%YAML:1.0
---
pose_0: !!opencv-matrix
   rows: 1
   cols: 25
   dt: "3f"
   data: [ 6.92234558e+02, 4.53792542e+02, 8.49602699e-01,
       8.33422913e+02, 4.39058716e+02, 7.71458924e-01, 8.27533325e+02,
       5.30204285e+02, 7.30846047e-01, 9.30602112e+02, 6.27481079e+02,
       6.76504552e-01, 8.98156738e+02, 6.24400818e+02, 3.76520365e-01,
       8.48124512e+02, 3.47788788e+02, 6.50644541e-01, 9.77710938e+02,
       3.27211975e+02, 7.65071273e-01, 1.04838843e+03, 3.15541565e+02,
       9.08827007e-01, 1.11599463e+03, 4.65502808e+02, 5.33070564e-01,
       1.10714551e+03, 5.12686584e+02, 5.75255930e-01, 1.32496680e+03,
       5.33214233e+02, 6.28096163e-01, 1.50742859e+03, 5.50874268e+02,
       5.05624652e-01, 1.11599365e+03, 4.09618011e+02, 5.13154089e-01,
       1.33085107e+03, 4.24278992e+02, 7.21797109e-01, 1.57223022e+03,
       4.36182098e+02, 5.15654206e-01, 6.77424622e+02, 4.65543854e+02,
       7.52576590e-01, 6.77479065e+02, 4.30271637e+02, 8.14686775e-01,
       6.98014404e+02, 4.83224518e+02, 2.49429137e-01, 7.12715393e+02,
       3.94870605e+02, 5.54835379e-01, 1.63691333e+03, 4.06650970e+02,
       4.84139770e-01, 1.63389893e+03, 4.03737854e+02, 5.06342232e-01,
       1.61343359e+03, 4.53791138e+02, 2.92280495e-01, 1.60745825e+03,
       5.42034241e+02, 3.33448559e-01, 1.58981958e+03, 5.53787292e+02,
       2.80322760e-01, 1.53986206e+03, 5.33226929e+02, 2.57971555e-01 ]
