%YAML:1.0
---
pose_0: !!opencv-matrix
   rows: 1
   cols: 25
   dt: "3f"
   data: [ 7.42339355e+02, 3.68511292e+02, 8.55775416e-01,
       8.39381287e+02, 3.59613586e+02, 6.25046313e-01, 8.36322327e+02,
       4.12466888e+02, 6.15278006e-01, 9.27638550e+02, 4.56765381e+02,
       3.69767010e-01, 9.98255676e+02, 4.80250458e+02, 5.06387830e-01,
       8.56993896e+02, 3.03624847e+02, 4.70329136e-01, 1.02490735e+03,
       2.44921722e+02, 8.31509352e-01, 9.54225830e+02, 2.85972504e+02,
       6.23022258e-01, 1.12486304e+03, 3.65567413e+02, 5.77615380e-01,
       1.11603845e+03, 4.18395416e+02, 5.93823850e-01, 1.34559192e+03,
       4.62657318e+02, 7.35486209e-01, 1.52217212e+03, 5.36141541e+02,
       5.49491107e-01, 1.13657642e+03, 3.15367371e+02, 5.59356689e-01,
       1.35433069e+03, 3.21308319e+02, 7.19407141e-01, 1.58391760e+03,
       3.15389862e+02, 6.62642777e-01, 7.33358276e+02, 3.85931671e+02,
       7.75370240e-01, 7.39165527e+02, 3.53679138e+02, 8.34550023e-01,
       7.48090393e+02, 3.92069855e+02, 1.22071832e-01, 7.62752197e+02,
       3.21314514e+02, 6.50835335e-01, 1.64289001e+03, 2.91831390e+02,
       5.13503551e-01, 1.63703247e+03, 2.88870605e+02, 5.74787855e-01,
       1.61337537e+03, 3.12529724e+02, 2.69455075e-01, 1.58980420e+03,
       5.97997375e+02, 3.19060147e-01, 1.57220471e+03, 6.00850098e+02,
       2.89466351e-01, 1.55750183e+03, 5.30346558e+02, 3.62542421e-01 ]
