%YAML:1.0
---
pose_0: !!opencv-matrix
   rows: 1
   cols: 25
   dt: "3f"
   data: [ 5.27311462e+02, 5.24439270e+02, 7.04226017e-01,
       5.80325806e+02, 5.53818237e+02, 4.51834232e-01, 5.47881470e+02,
       6.15609070e+02, 3.40708584e-01, 4.83154480e+02, 6.18561707e+02,
       3.72155428e-01, 4.71455872e+02, 5.42098145e+02, 2.93126345e-01,
       5.86234924e+02, 4.92072998e+02, 3.21794927e-01, 8.51059875e+02,
       4.44937622e+02, 6.82924807e-01, 6.27427063e+02, 4.86094391e+02,
       6.65785074e-01, 1.05128101e+03, 5.74486084e+02, 3.68200421e-01,
       1.05122229e+03, 6.39209229e+02, 3.65419865e-01, 1.21608105e+03,
       6.98051086e+02, 1.30572453e-01, 0., 0., 0., 1.05419446e+03,
       5.00870422e+02, 3.40307117e-01, 1.18664563e+03, 4.33188507e+02,
       1.82341337e-01, 1.51036902e+03, 4.00796753e+02, 1.57157063e-01,
       5.03909332e+02, 5.30316772e+02, 7.75637925e-01, 5.18491211e+02,
       5.06622467e+02, 6.22668922e-01, 5.06727631e+02, 5.59772095e+02,
       3.97975683e-01, 5.27365906e+02, 4.86162109e+02, 2.34493896e-01,
       0., 0., 0., 0., 0., 0., 0., 0., 0., 0., 0., 0., 0., 0., 0., 0.,
       0., 0. ]
