%YAML:1.0
---
pose_0: !!opencv-matrix
   rows: 1
   cols: 25
   dt: "3f"
   data: [ 7.42108582e+02, 4.59673645e+02, 8.77034605e-01,
       8.54044983e+02, 4.65536041e+02, 6.66718245e-01, 8.62968567e+02,
       5.53777893e+02, 5.82651138e-01, 9.65866699e+02, 6.33262878e+02,
       7.85898328e-01, 8.80502686e+02, 5.97929138e+02, 7.45075047e-01,
       8.36457520e+02, 3.97855560e+02, 6.14740849e-01, 9.51087219e+02,
       3.41960480e+02, 7.18653977e-01, 1.04825903e+03, 3.38905884e+02,
       8.97207975e-01, 1.13068420e+03, 4.80220795e+02, 5.57106137e-01,
       1.11887317e+03, 5.27363831e+02, 5.93759954e-01, 1.19261353e+03,
       5.71478882e+02, 2.99306035e-01, 1.51336133e+03, 5.06740570e+02,
       5.01254678e-01, 1.13071008e+03, 4.27259399e+02, 5.37663877e-01,
       1.32492224e+03, 4.42032227e+02, 6.15151286e-01, 1.57807190e+03,
       4.39138611e+02, 5.41426897e-01, 7.24515747e+02, 4.71423248e+02,
       7.28990436e-01, 7.33400574e+02, 4.39056976e+02, 7.78453052e-01,
       7.42163269e+02, 4.92078430e+02, 2.82251418e-01, 7.62676270e+02,
       4.12657440e+02, 5.53475857e-01, 1.64577710e+03, 4.15466797e+02,
       3.65819722e-01, 1.63705054e+03, 4.12525574e+02, 4.01263148e-01,
       1.61632495e+03, 4.56754456e+02, 2.52551198e-01, 1.52218884e+03,
       5.74438477e+02, 5.50542437e-02, 1.50743884e+03, 5.68470276e+02,
       7.93646052e-02, 1.54281787e+03, 5.03863739e+02, 2.67151237e-01 ]
