%YAML:1.0
---
pose_0: !!opencv-matrix
   rows: 2
   cols: 25
   dt: "3f"
   data: [ 5.77289246e+02, 5.06727448e+02, 6.82390511e-01,
       6.30389404e+02, 5.53953369e+02, 4.35785323e-01, 5.80368896e+02,
       6.00965149e+02, 3.53233606e-01, 5.09670349e+02, 5.95026428e+02,
       3.44377309e-01, 5.06848816e+02, 5.33235779e+02, 2.45313466e-01,
       6.68615723e+02, 5.15541687e+02, 2.53442526e-01, 0., 0., 0., 0.,
       0., 0., 1.06592041e+03, 5.77346252e+02, 3.35936785e-01,
       1.06006201e+03, 6.42128906e+02, 2.95783132e-01, 1.18665381e+03,
       6.68602234e+02, 8.47051367e-02, 0., 0., 0., 1.06595239e+03,
       5.03850677e+02, 3.52574021e-01, 1.11010681e+03, 4.62566162e+02,
       2.08243966e-01, 1.40152637e+03, 4.09591888e+02, 4.17603612e-01,
       5.47891235e+02, 5.21398254e+02, 6.66947663e-01, 5.71406738e+02,
       4.86198700e+02, 5.41535199e-01, 5.53746033e+02, 5.53772217e+02,
       3.54565203e-01, 5.94909729e+02, 4.80245605e+02, 7.78321698e-02,
       1.52215149e+03, 3.77249481e+02, 1.30225316e-01, 0., 0., 0.,
       1.42205701e+03, 4.24307251e+02, 1.59626275e-01, 0., 0., 0., 0.,
       0., 0., 0., 0., 0., 0., 0., 0., 0., 0., 0., 7.09806946e+02,
       7.15733826e+02, 1.43237472e-01, 7.24503845e+02, 7.27494385e+02,
       1.65380329e-01, 8.60017883e+02, 7.98089844e+02, 4.01855320e-01,
       0., 0., 0., 0., 0., 0., 0., 0., 0., 0., 0., 0., 0., 0., 0., 0.,
       0., 0., 0., 0., 0., 0., 0., 0., 0., 0., 0., 0., 0., 0., 0., 0.,
       0., 0., 0., 0., 0., 0., 0., 0., 0., 0., 0., 0., 0., 0., 0., 0.,
       0., 0., 0., 0., 0., 0., 0., 0., 0., 0., 0., 0. ]
