%YAML:1.0
---
pose_0: !!opencv-matrix
   rows: 1
   cols: 25
   dt: "3f"
   data: [ 7.65794739e+02, 3.74301758e+02, 8.32894504e-01,
       8.80610474e+02, 3.80225708e+02, 7.31990635e-01, 8.83530823e+02,
       4.56792603e+02, 7.07352042e-01, 1.01584271e+03, 5.03782898e+02,
       7.76127577e-01, 1.10418567e+03, 5.42056824e+02, 7.48840988e-01,
       8.83477966e+02, 3.00681610e+02, 6.83523953e-01, 9.86538391e+02,
       2.24114441e+02, 8.05847168e-01, 1.04838159e+03, 1.56472916e+02,
       7.96710730e-01, 1.14255688e+03, 3.41997620e+02, 5.76677918e-01,
       1.14839600e+03, 3.89012695e+02, 5.93782365e-01, 1.36915186e+03,
       4.44881531e+02, 7.03447580e-01, 1.55744666e+03, 5.33198975e+02,
       6.48485303e-01, 1.13958557e+03, 2.91969482e+02, 5.68222761e-01,
       1.33079236e+03, 2.68316742e+02, 5.87066412e-01, 1.56632581e+03,
       2.71362274e+02, 5.85053563e-01, 7.56885071e+02, 3.89104675e+02,
       8.15252602e-01, 7.56961304e+02, 3.59585632e+02, 8.29107881e-01,
       7.68683228e+02, 4.12456665e+02, 4.81155246e-01, 7.80449951e+02,
       3.33052399e+02, 5.51321864e-01, 1.63684656e+03, 2.74231781e+02,
       3.52435052e-01, 1.63404883e+03, 2.68261871e+02, 4.40498710e-01,
       1.58692554e+03, 2.62458710e+02, 2.21803725e-01, 1.61926941e+03,
       5.33265259e+02, 5.51157892e-01, 1.61043176e+03, 5.50820251e+02,
       5.40834785e-01, 1.57225024e+03, 5.45037537e+02, 3.25525671e-01 ]
