%YAML:1.0
---
pose_0: !!opencv-matrix
   rows: 1
   cols: 25
   dt: "3f"
   data: [ 7.45197144e+02, 5.50922302e+02, 8.79959583e-01,
       8.51051575e+02, 5.74319763e+02, 6.95860744e-01, 8.53997742e+02,
       6.42101685e+02, 6.13364816e-01, 9.89400330e+02, 6.95173340e+02,
       7.62772381e-01, 1.10127466e+03, 7.45209045e+02, 7.93680668e-01,
       8.51090149e+02, 5.03722626e+02, 5.15572309e-01, 9.68793457e+02,
       4.83172913e+02, 1.18134134e-01, 0., 0., 0., 1.11595776e+03,
       5.53851746e+02, 5.67629993e-01, 1.11600439e+03, 6.01010742e+02,
       5.95445812e-01, 1.32789575e+03, 6.27390930e+02, 7.04402924e-01,
       1.54862891e+03, 6.71450623e+02, 6.50999904e-01, 1.11302380e+03,
       5.03774597e+02, 5.57571530e-01, 1.33673999e+03, 4.80160095e+02,
       5.98889768e-01, 1.56341345e+03, 4.71460388e+02, 6.20286167e-01,
       7.27538025e+02, 5.65565002e+02, 7.76610792e-01, 7.39211121e+02,
       5.30324036e+02, 8.95366430e-01, 7.39224731e+02, 5.97835388e+02,
       6.94895983e-01, 7.65718079e+02, 5.15548340e+02, 6.09633267e-01,
       1.64582178e+03, 4.36152344e+02, 4.36094224e-01, 1.63989526e+03,
       4.36159424e+02, 4.68904495e-01, 1.60751294e+03, 4.77252258e+02,
       2.45412618e-01, 1.61930273e+03, 6.62763123e+02, 5.10194719e-01,
       1.61052563e+03, 6.74477051e+02, 4.64026183e-01, 1.56639819e+03,
       6.68643494e+02, 3.21337342e-01 ]
