%YAML:1.0
---
pose_0: !!opencv-matrix
   rows: 1
   cols: 25
   dt: "3f"
   data: [ 7.62795837e+02, 4.36167389e+02, 8.89005005e-01,
       8.77621643e+02, 4.12600342e+02, 6.85760260e-01, 9.04162598e+02,
       4.86131073e+02, 5.59750617e-01, 1.02469336e+03, 5.15554138e+02,
       7.38105953e-01, 1.11310400e+03, 6.00957214e+02, 8.23691845e-01,
       8.60026611e+02, 3.44820068e+02, 6.71344399e-01, 1.00123029e+03,
       2.68245361e+02, 8.66240263e-01, 1.08951697e+03, 3.68364349e+02,
       7.63932109e-01, 1.13955420e+03, 4.30199463e+02, 6.03627980e-01,
       1.13367712e+03, 4.80185699e+02, 6.05103612e-01, 1.32203003e+03,
       5.21468567e+02, 7.02406466e-01, 1.53690063e+03, 5.77360840e+02,
       6.22393370e-01, 1.14543079e+03, 3.68418579e+02, 5.94533503e-01,
       1.32796936e+03, 3.62481781e+02, 6.42779589e-01, 1.56044678e+03,
       3.15403473e+02, 6.33615673e-01, 7.48075989e+02, 4.53802246e+02,
       7.90995359e-01, 7.48074524e+02, 4.18510620e+02, 7.73455083e-01,
       7.65673767e+02, 4.65537964e+02, 2.20456272e-01, 7.65715210e+02,
       3.91935333e+02, 6.04048967e-01, 1.63992554e+03, 3.06580811e+02,
       2.31260613e-01, 0., 0., 0., 1.57810486e+03, 2.94783447e+02,
       2.80918628e-01, 1.60454285e+03, 5.62670227e+02, 2.92531520e-01,
       1.60745117e+03, 5.92094360e+02, 2.96117395e-01, 1.56925159e+03,
       5.68559937e+02, 3.55598509e-01 ]
