%YAML:1.0
---
pose_0: !!opencv-matrix
   rows: 1
   cols: 25
   dt: "3f"
   data: [ 0., 0., 0., 8.83541626e+02, 5.03812897e+02, 4.04368132e-01,
       8.39396973e+02, 5.47939575e+02, 4.53944564e-01, 7.56928528e+02,
       5.30200989e+02, 3.44955385e-01, 8.56884644e+02, 4.65563873e+02,
       6.98668480e-01, 9.30585571e+02, 4.65545013e+02, 2.62231022e-01,
       0., 0., 0., 0., 0., 0., 1.09243970e+03, 5.50808594e+02,
       4.43127394e-01, 1.07183398e+03, 5.77370911e+02, 3.80784154e-01,
       1.33969348e+03, 5.15558167e+02, 5.14986217e-01, 1.61933203e+03,
       6.95064758e+02, 3.85046333e-01, 1.11008545e+03, 5.18504883e+02,
       3.31762075e-01, 1.35733936e+03, 5.18491272e+02, 2.31893703e-01,
       1.61037500e+03, 6.89188293e+02, 2.42057085e-01, 0., 0., 0., 0.,
       0., 0., 0., 0., 0., 0., 0., 0., 1.63697607e+03, 7.36362366e+02,
       1.22688957e-01, 0., 0., 0., 1.61639111e+03, 7.15745667e+02,
       9.05275941e-02, 1.66929382e+03, 7.18628845e+02, 3.77985924e-01,
       1.65166980e+03, 7.30417297e+02, 3.50666374e-01, 1.64285498e+03,
       7.09799744e+02, 1.88126266e-01 ]
