%YAML:1.0
---
pose_0: !!opencv-matrix
   rows: 1
   cols: 25
   dt: "3f"
   data: [ 6.77509888e+02, 4.92015015e+02, 8.03014457e-01,
       7.92314819e+02, 5.30431274e+02, 7.44046986e-01, 7.95160461e+02,
       6.24403931e+02, 7.03038990e-01, 9.10007202e+02, 6.98106750e+02,
       7.92721331e-01, 9.80587341e+02, 6.83276245e+02, 7.85526752e-01,
       7.92242432e+02, 4.56768921e+02, 7.23243833e-01, 9.51172791e+02,
       4.09585968e+02, 8.89362574e-01, 8.12985840e+02, 4.30101288e+02,
       7.84432173e-01, 1.07485852e+03, 5.27401855e+02, 5.76814413e-01,
       1.07771814e+03, 5.77394958e+02, 5.88422239e-01, 1.29844458e+03,
       5.77487305e+02, 6.15831375e-01, 1.56040247e+03, 5.94986755e+02,
       3.81034642e-01, 1.07484753e+03, 4.71455688e+02, 5.68811238e-01,
       1.28379358e+03, 4.74340546e+02, 6.19646311e-01, 1.51627527e+03,
       4.80181519e+02, 2.51180410e-01, 6.65644348e+02, 5.06760376e+02,
       8.87589514e-01, 6.71533447e+02, 4.74387207e+02, 8.48860264e-01,
       6.77461975e+02, 5.39130371e+02, 6.38340890e-01, 6.98153625e+02,
       4.56722351e+02, 4.65530217e-01, 1.64871619e+03, 4.47876801e+02,
       1.60367131e-01, 1.65164795e+03, 4.39102722e+02, 1.60431564e-01,
       1.53689270e+03, 4.80200409e+02, 2.09673673e-01, 1.65763049e+03,
       5.92101074e+02, 2.28901550e-01, 1.65460669e+03, 5.98039551e+02,
       1.86845481e-01, 1.58693604e+03, 5.77380920e+02, 2.37084121e-01 ]
