%YAML:1.0
---
pose_0: !!opencv-matrix
   rows: 1
   cols: 25
   dt: "3f"
   data: [ 7.01025330e+02, 5.30427063e+02, 7.04137564e-01,
       7.89214050e+02, 4.56704315e+02, 4.21644449e-01, 7.83388367e+02,
       4.42026428e+02, 2.62664318e-01, 0., 0., 0., 0., 0., 0.,
       8.04041870e+02, 4.62635162e+02, 5.37244201e-01, 9.36447510e+02,
       4.83166077e+02, 7.81460345e-01, 1.06599182e+03, 5.53946228e+02,
       5.71923792e-01, 1.11596277e+03, 4.44909027e+02, 2.91451246e-01,
       1.09833472e+03, 4.77270905e+02, 1.59146845e-01, 1.36619360e+03,
       4.86117004e+02, 3.08645904e-01, 1.59868176e+03, 4.12514160e+02,
       2.10691452e-01, 1.12186243e+03, 4.18442841e+02, 2.79570878e-01,
       1.36911108e+03, 5.00885498e+02, 5.86592734e-01, 1.63990613e+03,
       4.15456329e+02, 3.74629498e-01, 6.92144897e+02, 5.27304871e+02,
       5.49897999e-02, 6.92151367e+02, 5.12689697e+02, 6.71934187e-01,
       0., 0., 0., 7.12771606e+02, 4.74398651e+02, 5.75779200e-01,
       1.71932996e+03, 3.62422302e+02, 3.37037832e-01, 1.72228918e+03,
       3.59612274e+02, 2.83037782e-01, 1.67224365e+03, 4.39048553e+02,
       1.53001502e-01, 0., 0., 0., 0., 0., 0., 0., 0., 0. ]
