%YAML:1.0
---
pose_0: !!opencv-matrix
   rows: 1
   cols: 25
   dt: "3f"
   data: [ 7.86455017e+02, 4.47892029e+02, 8.27505231e-01,
       8.62908325e+02, 3.92017975e+02, 5.92926621e-01, 8.57039429e+02,
       4.41972595e+02, 5.77453375e-01, 1.01589630e+03, 4.74328918e+02,
       6.04535580e-01, 1.02193500e+03, 3.36040314e+02, 7.73333073e-01,
       8.80583923e+02, 3.44900391e+02, 5.20829439e-01, 1.02778906e+03,
       3.06542542e+02, 7.10713625e-01, 9.98274170e+02, 2.06502029e+02,
       8.13576639e-01, 1.13946289e+03, 4.53682098e+02, 6.07544720e-01,
       1.12483020e+03, 4.97952362e+02, 6.13602340e-01, 1.31030029e+03,
       5.53925842e+02, 7.44999290e-01, 1.51926282e+03, 5.94966736e+02,
       4.83230233e-01, 1.14541870e+03, 3.94929016e+02, 5.80969095e-01,
       1.34851550e+03, 3.86172577e+02, 7.05578446e-01, 1.55743872e+03,
       3.86028229e+02, 6.53590620e-01, 7.68744385e+02, 4.56718079e+02,
       6.98431194e-01, 7.71683594e+02, 4.30225128e+02, 7.69860625e-01,
       0., 0., 0., 7.83426331e+02, 3.86152618e+02, 6.68102205e-01,
       1.61930884e+03, 3.62573578e+02, 5.03706396e-01, 1.61336963e+03,
       3.59568939e+02, 5.40234864e-01, 1.58398193e+03, 3.86056244e+02,
       3.05765510e-01, 1.60163855e+03, 5.59718506e+02, 3.46840560e-01,
       1.58989673e+03, 5.74408386e+02, 2.90772676e-01, 1.54868042e+03,
       5.97977966e+02, 2.51358360e-01 ]
