%YAML:1.0
---
pose_0: !!opencv-matrix
   rows: 1
   cols: 25
   dt: "3f"
   data: [ 7.15788025e+02, 5.06758209e+02, 8.69966209e-01,
       8.33324341e+02, 5.03704071e+02, 6.53789461e-01, 8.21660034e+02,
       5.74508789e+02, 5.78287065e-01, 9.57034363e+02, 6.09786743e+02,
       5.73408842e-01, 1.11899854e+03, 6.50985718e+02, 7.40529120e-01,
       8.48183777e+02, 4.21350525e+02, 5.88374019e-01, 1.01300653e+03,
       3.65588928e+02, 6.41691208e-01, 1.18951697e+03, 3.36019562e+02,
       5.55607796e-01, 1.12194348e+03, 5.06759796e+02, 5.74750304e-01,
       1.11608643e+03, 5.53855591e+02, 6.39609575e-01, 1.34843579e+03,
       6.27447754e+02, 6.24907255e-01, 1.49569336e+03, 6.45050964e+02,
       5.33593714e-01, 1.12486450e+03, 4.56590637e+02, 5.23805022e-01,
       1.36906848e+03, 4.86238586e+02, 6.84236228e-01, 1.62221924e+03,
       5.27358337e+02, 5.67207813e-01, 7.03886658e+02, 5.27213867e+02,
       7.66074061e-01, 7.00958435e+02, 4.86238586e+02, 7.75809765e-01,
       7.18618225e+02, 5.47862061e+02, 3.30294371e-01, 7.21688538e+02,
       4.59700989e+02, 6.17594123e-01, 1.70471130e+03, 4.91995209e+02,
       5.16400933e-01, 1.70173438e+03, 4.89105225e+02, 4.93194669e-01,
       1.63990552e+03, 5.50823975e+02, 2.81218201e-01, 1.55162280e+03,
       6.39207520e+02, 2.06804141e-01, 1.53980884e+03, 6.53945313e+02,
       1.85945094e-01, 1.53983044e+03, 6.39187317e+02, 3.01642895e-01 ]
