%YAML:1.0
---
pose_0: !!opencv-matrix
   rows: 1
   cols: 25
   dt: "3f"
   data: [ 7.86381348e+02, 3.89037048e+02, 6.41745210e-01,
       9.01095215e+02, 4.09680450e+02, 4.93777931e-01, 8.83446167e+02,
       4.59661377e+02, 3.94886166e-01, 8.39336243e+02, 4.80229462e+02,
       2.25060746e-01, 7.42210022e+02, 4.21365875e+02, 1.72886029e-01,
       9.15889160e+02, 3.62556000e+02, 4.43542063e-01, 1.04535828e+03,
       3.44870789e+02, 7.85121918e-02, 0., 0., 0., 1.14546130e+03,
       4.33120392e+02, 5.04094958e-01, 1.13960571e+03, 4.83238831e+02,
       5.19893646e-01, 1.35439221e+03, 5.71415649e+02, 5.76508880e-01,
       1.53980762e+03, 6.74485352e+02, 5.32248139e-01, 1.15128662e+03,
       3.74309662e+02, 4.83433992e-01, 1.24260474e+03, 3.18447296e+02,
       5.52073240e-01, 1.39562585e+03, 2.44817917e+02, 1.01288259e-01,
       7.65788757e+02, 4.06655243e+02, 5.53143859e-01, 7.74571167e+02,
       3.74333374e+02, 5.31093836e-01, 7.86364441e+02, 4.27203156e+02,
       2.46490821e-01, 8.09828674e+02, 3.56612946e+02, 3.29527438e-01,
       0., 0., 0., 0., 0., 0., 1.53688684e+03, 1.71175735e+02,
       2.14911059e-01, 1.58987256e+03, 7.00979553e+02, 3.20134401e-01,
       0., 0., 0., 1.58687305e+03, 6.74543213e+02, 3.42955828e-01 ]
