%YAML:1.0
---
pose_0: !!opencv-matrix
   rows: 1
   cols: 25
   dt: "3f"
   data: [ 6.92092712e+02, 3.86101929e+02, 8.98559451e-01,
       7.83422913e+02, 4.21354309e+02, 7.05279291e-01, 7.62839355e+02,
       4.74369598e+02, 4.50197190e-01, 9.36435974e+02, 6.42084106e+02,
       6.46501064e-01, 0., 0., 0., 8.06988953e+02, 3.50794556e+02,
       7.17247307e-01, 9.27640747e+02, 3.38845917e+02, 8.16694915e-01,
       8.12926025e+02, 4.59618011e+02, 8.55736673e-01, 1.12188525e+03,
       4.36207397e+02, 5.50069988e-01, 1.11596680e+03, 4.89102936e+02,
       5.54523289e-01, 1.23968567e+03, 5.33267456e+02, 5.80401897e-01,
       1.63992383e+03, 5.53880493e+02, 5.56435943e-01, 1.12777441e+03,
       3.83077209e+02, 4.91349459e-01, 1.33969836e+03, 3.41937866e+02,
       3.05244982e-01, 1.51328369e+03, 3.09485077e+02, 2.61586666e-01,
       6.68732239e+02, 4.03653473e+02, 8.39405417e-01, 6.80372314e+02,
       3.65421051e+02, 8.23112428e-01, 6.83376160e+02, 4.33078033e+02,
       6.28178895e-01, 7.00993164e+02, 3.50713348e+02, 2.48030871e-01,
       1.61334314e+03, 2.94752258e+02, 1.58000663e-01, 1.61049915e+03,
       2.88946625e+02, 1.52530685e-01, 0., 0., 0., 1.75182678e+03,
       5.68580872e+02, 2.58637637e-01, 0., 0., 0., 1.66935229e+03,
       5.42071106e+02, 3.20417374e-01 ]
