%YAML:1.0
---
pose_0: !!opencv-matrix
   rows: 1
   cols: 25
   dt: "3f"
   data: [ 6.86284302e+02, 3.21327179e+02, 6.77205801e-01,
       7.80433044e+02, 2.59464478e+02, 5.48753917e-01, 7.68700012e+02,
       3.30104645e+02, 4.94531035e-01, 9.04165955e+02, 3.42033844e+02,
       7.76976526e-01, 9.54216125e+02, 2.21297821e+02, 7.33670175e-01,
       7.83359314e+02, 1.94758972e+02, 3.86980087e-01, 9.57048157e+02,
       1.74043900e+02, 5.73153913e-01, 9.30566040e+02, 2.74192627e+02,
       2.89922148e-01, 1.07477612e+03, 2.94792816e+02, 5.07166624e-01,
       1.07773535e+03, 3.39035797e+02, 4.64316070e-01, 1.35438757e+03,
       3.06617188e+02, 1.83254018e-01, 1.39556287e+03, 2.77166718e+02,
       5.61330616e-02, 1.07484119e+03, 2.44877350e+02, 4.83697116e-01,
       1.31903833e+03, 2.06535416e+02, 5.68086542e-02, 1.38089771e+03,
       1.97574570e+02, 4.60639358e-01, 6.71593628e+02, 3.24249603e+02,
       3.00875425e-01, 6.71488037e+02, 3.12391693e+02, 6.71113312e-01,
       0., 0., 0., 6.86318542e+02, 2.68347656e+02, 4.42954212e-01, 0.,
       0., 0., 0., 0., 0., 1.40144727e+03, 2.15316376e+02,
       1.72246277e-01, 0., 0., 0., 0., 0., 0., 0., 0., 0. ]
