%YAML:1.0
---
pose_0: !!opencv-matrix
   rows: 1
   cols: 25
   dt: "3f"
   data: [ 6.44979309e+02, 5.27446106e+02, 8.71220350e-01,
       7.68730225e+02, 5.68556946e+02, 6.44739985e-01, 7.65676025e+02,
       6.42103577e+02, 7.73835301e-01, 9.04086792e+02, 6.71604004e+02,
       7.91371644e-01, 1.09532483e+03, 6.27518677e+02, 7.88764596e-01,
       7.77527649e+02, 4.97865631e+02, 4.39873070e-01, 9.12899841e+02,
       4.65533844e+02, 2.38324940e-01, 7.71667236e+02, 5.30308899e+02,
       2.07660347e-01, 1.09541040e+03, 5.71448181e+02, 5.04284143e-01,
       1.08652283e+03, 6.24571167e+02, 4.95438039e-01, 1.35437500e+03,
       6.30317322e+02, 6.68150306e-01, 1.61630786e+03, 6.80373840e+02,
       5.64591348e-01, 1.10718347e+03, 5.06742126e+02, 4.84129846e-01,
       1.33387085e+03, 4.77325562e+02, 5.86315751e-01, 1.66048254e+03,
       4.18468475e+02, 5.07643282e-01, 6.24593750e+02, 5.50935425e+02,
       8.23316932e-01, 6.30338806e+02, 5.18553345e+02, 7.64880657e-01,
       6.45128174e+02, 5.86232605e+02, 6.42831206e-01, 6.59797791e+02,
       5.03743927e+02, 3.27376425e-01, 0., 0., 0., 0., 0., 0.,
       1.71052087e+03, 4.36141998e+02, 1.92990258e-01, 1.71345654e+03,
       6.24522705e+02, 4.94609237e-01, 1.71051550e+03, 6.39138611e+02,
       3.78750086e-01, 1.64285315e+03, 6.92148010e+02, 2.64423013e-01 ]
