%YAML:1.0
---
pose_0: !!opencv-matrix
   rows: 1
   cols: 25
   dt: "3f"
   data: [ 6.15577576e+02, 4.36085205e+02, 8.38877797e-01,
       7.45087219e+02, 4.94940338e+02, 6.81725085e-01, 7.39263123e+02,
       5.97946960e+02, 6.60518229e-01, 8.86389648e+02, 6.71551819e+02,
       7.41013765e-01, 1.02184479e+03, 6.65708801e+02, 8.21860969e-01,
       7.62824219e+02, 4.06719635e+02, 6.81466103e-01, 9.33477356e+02,
       3.71419006e+02, 8.04584265e-01, 8.42255432e+02, 3.41826416e+02,
       8.63782883e-01, 1.06299377e+03, 5.09655487e+02, 4.90411252e-01,
       1.05121057e+03, 5.65652039e+02, 4.96578991e-01, 1.31025122e+03,
       5.77396362e+02, 2.32475519e-01, 1.61043738e+03, 5.53883057e+02,
       2.11708605e-01, 1.06298389e+03, 4.47875977e+02, 4.75625336e-01,
       1.26318896e+03, 4.77304993e+02, 2.99371809e-01, 0., 0., 0.,
       5.97907959e+02, 4.56724915e+02, 8.68155241e-01, 6.00954834e+02,
       4.30171021e+02, 7.00929880e-01, 6.12696533e+02, 4.97914368e+02,
       6.23753548e-01, 6.27430969e+02, 4.12462524e+02, 1.13739274e-01,
       0., 0., 0., 0., 0., 0., 0., 0., 0., 1.71939063e+03,
       5.53754761e+02, 3.41404885e-01, 1.70467908e+03, 5.65615906e+02,
       2.90494651e-01, 1.61048157e+03, 5.56748840e+02, 1.52862623e-01 ]
