%YAML:1.0
---
pose_0: !!opencv-matrix
   rows: 1
   cols: 25
   dt: "3f"
   data: [ 7.71589355e+02, 5.06595612e+02, 8.68856549e-01,
       8.92291809e+02, 5.09688812e+02, 7.16046691e-01, 8.83520081e+02,
       5.77410095e+02, 6.46029592e-01, 1.02178918e+03, 6.33305176e+02,
       6.62271142e-01, 1.09547241e+03, 6.47990479e+02, 7.75078475e-01,
       9.04133362e+02, 4.47908356e+02, 6.78116620e-01, 9.98333313e+02,
       3.65515228e+02, 6.00662351e-01, 1.01301135e+03, 3.94927856e+02,
       6.65310919e-01, 1.14546008e+03, 5.24440735e+02, 6.08663976e-01,
       1.14242493e+03, 5.71401550e+02, 6.56988859e-01, 1.32497485e+03,
       5.74561035e+02, 6.82640970e-01, 1.50451135e+03, 6.27370117e+02,
       5.72145224e-01, 1.15130542e+03, 4.77235687e+02, 5.95089078e-01,
       1.36323792e+03, 4.68454346e+02, 4.66927260e-01, 1.54281860e+03,
       4.80318970e+02, 6.51692152e-01, 7.59832031e+02, 5.18461731e+02,
       7.41279304e-01, 7.62909058e+02, 4.86108490e+02, 8.47875237e-01,
       7.71659241e+02, 5.39124146e+02, 4.83782381e-01, 7.92267334e+02,
       4.62704468e+02, 5.59244871e-01, 1.60453333e+03, 4.53757202e+02,
       2.51532316e-01, 1.58994397e+03, 4.50804474e+02, 3.06417137e-01,
       1.56927979e+03, 4.77327728e+02, 2.73644984e-01, 1.58691235e+03,
       6.12696411e+02, 4.79500026e-01, 1.57216797e+03, 6.24498901e+02,
       3.94244432e-01, 1.53686133e+03, 6.45036133e+02, 2.91144282e-01 ]
