%YAML:1.0
---
pose_0: !!opencv-matrix
   rows: 1
   cols: 25
   dt: "3f"
   data: [ 7.24516602e+02, 5.59736023e+02, 8.25697660e-01,
       8.36516235e+02, 5.62658325e+02, 6.96577668e-01, 8.30518555e+02,
       6.24508850e+02, 5.81691802e-01, 9.89406799e+02, 6.71611084e+02,
       4.81212258e-01, 1.13658362e+03, 7.06916565e+02, 5.16798854e-01,
       8.56995667e+02, 4.94966217e+02, 6.38485253e-01, 1.00705096e+03,
       4.59555023e+02, 7.13265359e-01, 1.14246741e+03, 4.36231750e+02,
       6.98752761e-01, 1.11306897e+03, 5.74407227e+02, 6.05927527e-01,
       1.10423596e+03, 6.21479004e+02, 6.24314427e-01, 1.31612354e+03,
       6.86244446e+02, 2.50276715e-01, 1.40738477e+03, 6.77471497e+02,
       1.78749338e-01, 1.11888062e+03, 5.24307556e+02, 5.86671650e-01,
       1.30739612e+03, 5.77437195e+02, 7.06355751e-01, 1.61636230e+03,
       6.03834412e+02, 4.83568400e-01, 7.12700928e+02, 5.77273315e+02,
       8.32455873e-01, 7.15745850e+02, 5.44920715e+02, 8.59044135e-01,
       7.33315674e+02, 5.98033936e+02, 3.05539936e-01, 7.42101379e+02,
       5.15614868e+02, 6.23654544e-01, 1.69871790e+03, 5.71456726e+02,
       3.04264247e-01, 1.69283606e+03, 5.68543884e+02, 3.14426184e-01,
       1.66046094e+03, 6.36213623e+02, 2.43409276e-01, 1.44852112e+03,
       6.98084717e+02, 5.10063060e-02, 0., 0., 0., 1.46912671e+03,
       6.48007141e+02, 7.09769130e-02 ]
