%YAML:1.0
---
pose_0: !!opencv-matrix
   rows: 1
   cols: 25
   dt: "3f"
   data: [ 7.77502747e+02, 4.92065796e+02, 5.67620099e-01,
       9.03971375e+02, 4.80213898e+02, 4.82891321e-01, 9.10002869e+02,
       5.30269714e+02, 6.39129996e-01, 1.02188495e+03, 6.03917603e+02,
       7.71853089e-01, 9.45330261e+02, 5.56836182e+02, 2.16951460e-01,
       8.33434753e+02, 4.39011414e+02, 2.97128201e-01, 8.86422974e+02,
       4.09534821e+02, 2.88024843e-01, 9.86492981e+02, 3.68429413e+02,
       1.85626358e-01, 1.16012720e+03, 5.03696503e+02, 4.50865358e-01,
       1.15427026e+03, 5.50939087e+02, 4.51779664e-01, 1.36906775e+03,
       5.30282227e+02, 2.47338265e-01, 1.52508936e+03, 5.27303162e+02,
       3.64289224e-01, 1.16596802e+03, 4.47889679e+02, 4.31400895e-01,
       1.38094080e+03, 4.86166870e+02, 3.36854368e-01, 1.58692065e+03,
       4.77332855e+02, 4.12681520e-01, 7.62703857e+02, 5.03822144e+02,
       3.79491150e-01, 7.62805237e+02, 4.80272369e+02, 5.89578629e-01,
       7.77472839e+02, 5.15543213e+02, 6.78583160e-02, 7.68714661e+02,
       4.56633301e+02, 4.83589292e-01, 1.63410608e+03, 4.36140198e+02,
       4.42095727e-01, 1.63394421e+03, 4.36121887e+02, 4.49214667e-01,
       1.61043823e+03, 4.97910187e+02, 2.88195252e-01, 1.56623474e+03,
       5.36165161e+02, 9.85359997e-02, 1.55747839e+03, 5.50876038e+02,
       9.75338072e-02, 1.55750073e+03, 5.30306030e+02, 2.05899760e-01 ]
