%YAML:1.0
---
pose_0: !!opencv-matrix
   rows: 1
   cols: 25
   dt: "3f"
   data: [ 7.62894165e+02, 6.03974060e+02, 8.92349780e-01,
       8.71664978e+02, 6.06789917e+02, 6.86924338e-01, 8.68730408e+02,
       6.71661987e+02, 6.07056916e-01, 1.00119598e+03, 7.12736572e+02,
       6.12540483e-01, 1.11596667e+03, 7.42300354e+02, 8.31630409e-01,
       8.80597229e+02, 5.36140625e+02, 7.22614944e-01, 1.01877979e+03,
       5.06740967e+02, 8.22985053e-01, 1.14549268e+03, 4.89107544e+02,
       7.80873716e-01, 1.12773389e+03, 6.18628906e+02, 6.14098430e-01,
       1.12191711e+03, 6.65639587e+02, 6.20252430e-01, 1.29848450e+03,
       6.71649475e+02, 5.08667648e-01, 1.51331384e+03, 6.30340637e+02,
       3.26714069e-01, 1.13364209e+03, 5.71386780e+02, 6.14550591e-01,
       1.30729700e+03, 6.15641541e+02, 6.86047435e-01, 1.52514465e+03,
       6.36229919e+02, 5.80256343e-01, 7.45215149e+02, 6.21545654e+02,
       8.39714050e-01, 7.56842590e+02, 5.89182983e+02, 8.27044070e-01,
       7.65656799e+02, 6.44980835e+02, 4.01829004e-01, 7.80448975e+02,
       5.65550171e+02, 6.00796163e-01, 1.57221375e+03, 6.98074219e+02,
       1.92401618e-01, 1.56340356e+03, 6.92156555e+02, 1.84650064e-01,
       1.54870361e+03, 6.15639404e+02, 3.45109105e-01, 0., 0., 0., 0.,
       0., 0., 1.54283923e+03, 5.98027832e+02, 1.63835317e-01 ]
