%YAML:1.0
---
pose_0: !!opencv-matrix
   rows: 1
   cols: 25
   dt: "3f"
   data: [ 7.59840271e+02, 4.36175385e+02, 8.57495785e-01,
       8.65781616e+02, 4.09636749e+02, 6.67019129e-01, 8.65811096e+02,
       4.71449615e+02, 3.42096895e-01, 1.01294672e+03, 4.80290833e+02,
       5.70819259e-01, 1.09250110e+03, 5.62697937e+02, 8.40958714e-01,
       8.68744263e+02, 3.42031586e+02, 6.33793533e-01, 9.74765442e+02,
       2.44883286e+02, 8.73408437e-01, 9.54211121e+02, 3.68461975e+02,
       8.57090771e-01, 1.14539612e+03, 4.33206116e+02, 6.39434099e-01,
       1.13960718e+03, 4.80181702e+02, 6.67079389e-01, 1.31909485e+03,
       5.74517700e+02, 8.23342621e-01, 1.56329504e+03, 5.71446228e+02,
       6.61507308e-01, 1.15128845e+03, 3.86134125e+02, 5.44679761e-01,
       1.37806824e+03, 3.44811462e+02, 7.77548492e-01, 1.53681824e+03,
       1.82960266e+02, 6.43552244e-01, 7.42100647e+02, 4.53793701e+02,
       8.21709514e-01, 7.42271179e+02, 4.15485046e+02, 8.19354713e-01,
       7.62745544e+02, 4.62697571e+02, 1.23442888e-01, 7.62757935e+02,
       3.86105347e+02, 6.53619885e-01, 1.63396997e+03, 1.44729309e+02,
       2.24473014e-01, 1.63395605e+03, 1.44737473e+02, 1.92848966e-01,
       1.53684204e+03, 1.59462204e+02, 2.79006839e-01, 1.61340466e+03,
       6.47950195e+02, 5.88575840e-01, 1.60751465e+03, 6.42166199e+02,
       4.80203032e-01, 1.58696155e+03, 5.50751343e+02, 5.47620595e-01 ]
