%YAML:1.0
---
pose_0: !!opencv-matrix
   rows: 1
   cols: 25
   dt: "3f"
   data: [ 5.86192932e+02, 5.53811279e+02, 2.03440860e-01,
       6.00981445e+02, 5.44956604e+02, 1.79178104e-01, 6.56835510e+02,
       5.77348938e+02, 1.27455875e-01, 7.39210388e+02, 6.48001038e+02,
       8.67203251e-02, 7.62813049e+02, 6.42035950e+02, 4.63915914e-01,
       5.89139648e+02, 5.12616455e+02, 1.53234765e-01, 6.24516663e+02,
       5.03751312e+02, 5.14538921e-02, 0., 0., 0., 1.04235425e+03,
       5.39102722e+02, 4.37934965e-01, 1.04236646e+03, 5.94946533e+02,
       4.55459833e-01, 1.30435291e+03, 6.01056824e+02, 6.82613909e-01,
       1.54274634e+03, 6.12711487e+02, 6.71664774e-02, 1.03945959e+03,
       4.80268066e+02, 3.97740513e-01, 1.31906189e+03, 4.44971619e+02,
       2.77803451e-01, 1.51334399e+03, 4.18481415e+02, 2.19263554e-01,
       5.77385681e+02, 5.56818176e+02, 1.90823466e-01, 5.74457031e+02,
       5.45010742e+02, 1.92225635e-01, 5.83226563e+02, 5.74372498e+02,
       1.26172841e-01, 5.71506775e+02, 5.24391785e+02, 9.15054753e-02,
       1.51924597e+03, 4.12480316e+02, 1.38916880e-01, 1.51332349e+03,
       4.03742340e+02, 2.06278920e-01, 0., 0., 0., 0., 0., 0., 0., 0.,
       0., 0., 0., 0. ]
