%YAML:1.0
---
pose_0: !!opencv-matrix
   rows: 1
   cols: 25
   dt: "3f"
   data: [ 6.95177490e+02, 5.45001709e+02, 5.05017757e-01,
       7.80456787e+02, 4.68494141e+02, 3.55967760e-01, 7.71685059e+02,
       4.71398560e+02, 2.89443135e-01, 9.01085327e+02, 5.24321777e+02,
       1.12115793e-01, 7.86371948e+02, 5.71490906e+02, 1.11034222e-01,
       7.80427063e+02, 4.74407288e+02, 5.21474779e-01, 9.06949341e+02,
       5.09697021e+02, 7.74358809e-01, 7.86440125e+02, 5.71446899e+02,
       7.04277933e-01, 1.11012439e+03, 4.39058167e+02, 2.98463851e-01,
       1.10423645e+03, 4.30230713e+02, 2.20534533e-01, 1.36318811e+03,
       5.03667511e+02, 3.82833362e-01, 1.63400928e+03, 4.18442017e+02,
       3.21590155e-01, 1.11890979e+03, 4.50800049e+02, 2.80971736e-01,
       1.35442529e+03, 5.06843903e+02, 4.07851636e-01, 1.65167969e+03,
       4.12624207e+02, 2.90026754e-01, 6.86231445e+02, 5.36166504e+02,
       8.12386870e-02, 6.86322144e+02, 5.27371399e+02, 5.63168168e-01,
       0., 0., 0., 6.95220703e+02, 4.83099060e+02, 5.10877371e-01,
       1.71639636e+03, 3.62452789e+02, 2.68726885e-01, 1.72231433e+03,
       3.62584473e+02, 2.33797312e-01, 1.69286023e+03, 4.30236237e+02,
       1.14125833e-01, 1.71933789e+03, 3.62431427e+02, 2.28445709e-01,
       1.71344653e+03, 3.68460815e+02, 1.56266883e-01, 1.69871960e+03,
       4.27228363e+02, 6.26973659e-02 ]
