%YAML:1.0
---
pose_0: !!opencv-matrix
   rows: 1
   cols: 25
   dt: "3f"
   data: [ 5.06780731e+02, 5.53727966e+02, 4.95360792e-01,
       6.53936951e+02, 5.44941711e+02, 4.79883730e-01, 6.71551453e+02,
       6.12655029e+02, 3.11013311e-01, 6.59823486e+02, 7.12708618e+02,
       6.16166174e-01, 4.53659637e+02, 6.45034790e+02, 7.79636800e-01,
       6.30368530e+02, 4.80220184e+02, 3.66125792e-01, 6.62686218e+02,
       4.06562531e+02, 5.58628738e-01, 4.36017517e+02, 4.59634155e+02,
       7.76809096e-01, 1.05711304e+03, 5.95042969e+02, 3.83598000e-01,
       1.04532373e+03, 6.62716248e+02, 3.80265236e-01, 1.31908386e+03,
       6.59834229e+02, 2.10845858e-01, 1.70759485e+03, 6.59784973e+02,
       1.83720902e-01, 1.06300330e+03, 5.24391296e+02, 3.69737387e-01,
       1.33672986e+03, 5.27425903e+02, 4.21268165e-01, 1.69873291e+03,
       5.47869080e+02, 2.14931905e-01, 4.80237732e+02, 5.68491638e+02,
       3.32672954e-01, 4.92062744e+02, 5.24401184e+02, 2.79109985e-01,
       0., 0., 0., 5.36139465e+02, 4.89112732e+02, 1.69658259e-01,
       1.84290833e+03, 4.89149597e+02, 9.51369852e-02, 1.84001282e+03,
       4.94955475e+02, 9.75230485e-02, 1.70756104e+03, 5.53901733e+02,
       1.57378346e-01, 1.82820837e+03, 6.68572693e+02, 9.45878997e-02,
       0., 0., 0., 1.77526294e+03, 6.86271973e+02, 8.47644284e-02 ]
