%YAML:1.0
---
pose_0: !!opencv-matrix
   rows: 1
   cols: 25
   dt: "3f"
   data: [ 7.48061646e+02, 5.36128418e+02, 7.05201566e-01,
       8.33411865e+02, 4.74357330e+02, 5.95298171e-01, 8.27571350e+02,
       4.62639038e+02, 4.02799994e-01, 0., 0., 0., 0., 0., 0.,
       8.36381592e+02, 4.80125244e+02, 7.62175083e-01, 9.74813782e+02,
       4.83182281e+02, 8.78209829e-01, 1.08651160e+03, 5.86212463e+02,
       6.73268437e-01, 1.13947620e+03, 4.47849091e+02, 3.89592171e-01,
       1.13070813e+03, 4.56734985e+02, 2.40271494e-01, 1.35431836e+03,
       5.24405701e+02, 6.15962029e-01, 1.58695239e+03, 4.33235931e+02,
       4.37451303e-01, 1.14544116e+03, 4.33117279e+02, 3.23847771e-01,
       1.35431543e+03, 5.42037170e+02, 6.64029598e-01, 1.61043689e+03,
       4.33178711e+02, 3.53747189e-01, 0., 0., 0., 7.42105225e+02,
       5.24382690e+02, 7.40831435e-01, 0., 0., 0., 7.59852844e+02,
       4.80267059e+02, 6.70118511e-01, 1.68116321e+03, 3.83068481e+02,
       3.46995831e-01, 1.68109949e+03, 3.83084076e+02, 3.19233179e-01,
       1.63988037e+03, 4.42016602e+02, 1.70642748e-01, 1.67515942e+03,
       3.80218781e+02, 1.78673401e-01, 1.66051538e+03, 4.03725769e+02,
       1.34548381e-01, 1.58994189e+03, 3.89082092e+02, 1.44139066e-01 ]
