%YAML:1.0
---
pose_0: !!opencv-matrix
   rows: 1
   cols: 25
   dt: "3f"
   data: [ 7.65636841e+02, 5.27395325e+02, 7.58420110e-01,
       8.57074158e+02, 4.53786591e+02, 5.01271963e-01, 8.54055237e+02,
       4.41972198e+02, 3.21443111e-01, 0., 0., 0., 0., 0., 0.,
       8.65846558e+02, 4.62628113e+02, 6.51075721e-01, 1.00711938e+03,
       4.77217377e+02, 7.87939787e-01, 1.13959106e+03, 5.68521729e+02,
       7.54150391e-01, 1.14543774e+03, 4.00762848e+02, 4.43843544e-01,
       1.16303113e+03, 3.68474915e+02, 3.38044465e-01, 1.36911426e+03,
       4.80227081e+02, 7.20621347e-01, 1.56637354e+03, 3.86084534e+02,
       7.54949749e-01, 1.13950769e+03, 4.24297913e+02, 4.01053309e-01,
       1.36323157e+03, 5.27256287e+02, 7.14312494e-01, 1.63405579e+03,
       4.30159668e+02, 5.95492005e-01, 0., 0., 0., 7.59772644e+02,
       5.06836823e+02, 7.01858342e-01, 0., 0., 0., 7.83317749e+02,
       4.77257568e+02, 6.20989025e-01, 1.68403137e+03, 3.80143524e+02,
       2.53263503e-01, 1.68401257e+03, 3.85980164e+02, 2.52366662e-01,
       1.66343347e+03, 4.30225311e+02, 2.60739714e-01, 1.67807031e+03,
       3.65500763e+02, 2.66937435e-01, 0., 0., 0., 1.58984644e+03,
       3.62554108e+02, 4.50599283e-01 ]
