%YAML:1.0
---
pose_0: !!opencv-matrix
   rows: 1
   cols: 25
   dt: "3f"
   data: [ 0., 0., 0., 8.42308350e+02, 4.65524231e+02, 3.42232168e-01,
       8.33478210e+02, 4.77252441e+02, 2.04236925e-01, 0., 0., 0., 0.,
       0., 0., 8.56916809e+02, 4.39102020e+02, 2.96180516e-01,
       9.77573242e+02, 4.12657166e+02, 7.29148507e-01, 1.06587695e+03,
       5.33278259e+02, 7.59216726e-01, 1.14543176e+03, 4.15537048e+02,
       4.12102550e-01, 1.16601428e+03, 3.88928009e+02, 4.01392043e-01,
       1.34554248e+03, 4.74376373e+02, 6.75453842e-01, 1.55750415e+03,
       3.89007996e+02, 7.05275774e-01, 1.13363184e+03, 4.47849030e+02,
       3.50652575e-01, 1.33087830e+03, 5.09784180e+02, 7.52567530e-01,
       1.62808325e+03, 4.33092316e+02, 5.93427539e-01, 0., 0., 0., 0.,
       0., 0., 0., 0., 0., 0., 0., 0., 1.67810535e+03, 3.68389709e+02,
       1.02660976e-01, 0., 0., 0., 1.65459424e+03, 4.21382080e+02,
       2.47135654e-01, 1.59576294e+03, 3.36025696e+02, 4.74275649e-01,
       1.59286011e+03, 3.41993958e+02, 4.00790900e-01, 1.57221338e+03,
       3.85981781e+02, 4.01413649e-01 ]
