%YAML:1.0
---
pose_0: !!opencv-matrix
   rows: 1
   cols: 25
   dt: "3f"
   data: [ 7.71604736e+02, 4.62704071e+02, 8.30396712e-01,
       8.83463867e+02, 4.56670654e+02, 8.13170612e-01, 8.77621887e+02,
       5.33188843e+02, 7.44950771e-01, 9.98268188e+02, 5.89133362e+02,
       7.18389452e-01, 1.11012012e+03, 6.42037048e+02, 7.64679492e-01,
       8.98168701e+02, 3.74314362e+02, 6.89106703e-01, 1.02189612e+03,
       3.62485870e+02, 8.12335610e-01, 1.14242371e+03, 3.18449829e+02,
       8.66377592e-01, 1.13956165e+03, 4.62541809e+02, 5.98319769e-01,
       1.13657776e+03, 5.06846100e+02, 6.30789042e-01, 1.34844104e+03,
       5.42107300e+02, 6.54159427e-01, 1.53389880e+03, 5.68515869e+02,
       5.25220335e-01, 1.13958472e+03, 4.09645874e+02, 6.20084941e-01,
       1.35151978e+03, 4.18401031e+02, 6.71814561e-01, 1.57805603e+03,
       4.27288177e+02, 6.26994789e-01, 7.62697937e+02, 4.80283905e+02,
       8.36200476e-01, 7.62706909e+02, 4.53649506e+02, 8.46283674e-01,
       7.83351685e+02, 4.92072723e+02, 2.39958659e-01, 7.80423157e+02,
       4.12707733e+02, 6.91799819e-01, 1.63687524e+03, 4.39032654e+02,
       3.25486302e-01, 1.63401208e+03, 4.24346893e+02, 4.23581034e-01,
       1.61044238e+03, 4.15524658e+02, 2.49670804e-01, 1.61036804e+03,
       5.62633850e+02, 3.41777027e-01, 1.60161890e+03, 5.77342285e+02,
       2.76925862e-01, 1.56921729e+03, 5.50883118e+02, 2.65344530e-01 ]
