%YAML:1.0
---
pose_0: !!opencv-matrix
   rows: 1
   cols: 25
   dt: "3f"
   data: [ 7.33351196e+02, 5.47955505e+02, 8.27182949e-01,
       8.36505493e+02, 5.33279602e+02, 6.24853313e-01, 8.27542053e+02,
       5.92061157e+02, 4.41314876e-01, 9.89453064e+02, 6.36209229e+02,
       6.07068017e-02, 0., 0., 0., 8.54033508e+02, 4.83130646e+02,
       6.64908886e-01, 9.83546814e+02, 4.59796692e+02, 7.58956373e-01,
       1.11606628e+03, 4.39007324e+02, 8.35603476e-01, 1.11898352e+03,
       5.97911194e+02, 5.57149887e-01, 1.12188513e+03, 6.45062012e+02,
       5.37079155e-01, 1.33090771e+03, 6.45174255e+02, 5.94887018e-01,
       1.54577393e+03, 6.65697998e+02, 4.26926047e-01, 1.12190149e+03,
       5.47967712e+02, 5.55516481e-01, 1.34259180e+03, 5.06765411e+02,
       5.13549268e-01, 1.52222485e+03, 4.56648071e+02, 3.96699667e-01,
       7.18560669e+02, 5.56830017e+02, 8.07595134e-01, 7.18782349e+02,
       5.27388794e+02, 8.71076107e-01, 7.39242981e+02, 5.77473877e+02,
       3.18001539e-01, 7.45183167e+02, 5.03777496e+02, 6.17532015e-01,
       0., 0., 0., 0., 0., 0., 0., 0., 0., 1.63100745e+03,
       6.56882446e+02, 2.69072056e-01, 1.61931189e+03, 6.71552734e+02,
       1.92467704e-01, 1.61040015e+03, 6.77436523e+02, 1.28412977e-01 ]
