%YAML:1.0
---
pose_0: !!opencv-matrix
   rows: 1
   cols: 25
   dt: "3f"
   data: [ 0., 0., 0., 8.83475952e+02, 5.30243347e+02, 3.11100960e-01,
       8.95262512e+02, 4.92039948e+02, 1.59780845e-01, 0., 0., 0., 0.,
       0., 0., 8.56911621e+02, 5.56765259e+02, 5.81952453e-01,
       1.00714429e+03, 5.53811584e+02, 6.92082107e-01, 1.16902673e+03,
       5.50971558e+02, 7.64198005e-01, 1.19546692e+03, 6.06786926e+02,
       3.44149560e-01, 1.21016638e+03, 6.12712463e+02, 3.73498350e-01,
       1.39262036e+03, 5.03747925e+02, 6.83036923e-01, 1.64573267e+03,
       7.15762390e+02, 5.51037669e-01, 1.18954822e+03, 5.86202820e+02,
       2.65020132e-01, 1.38681799e+03, 4.83200256e+02, 4.41614091e-01,
       1.52213916e+03, 6.44999695e+02, 1.10968217e-01, 0., 0., 0., 0.,
       0., 0., 0., 0., 0., 7.77515930e+02, 5.59732178e+02,
       1.54030472e-01, 0., 0., 0., 0., 0., 0., 1.50157849e+03,
       6.62769653e+02, 1.10473357e-01, 1.69877441e+03, 6.42143555e+02,
       2.33905539e-01, 1.69584375e+03, 6.53930969e+02, 1.79924428e-01,
       1.65458167e+03, 7.42325745e+02, 3.78039062e-01 ]
