%YAML:1.0
---
pose_0: !!opencv-matrix
   rows: 1
   cols: 25
   dt: "3f"
   data: [ 8.09879700e+02, 3.15355530e+02, 5.88527679e-01,
       8.95262024e+02, 3.53659088e+02, 2.05902994e-01, 9.27599670e+02,
       3.88967346e+02, 2.50574589e-01, 7.86407227e+02, 4.83162903e+02,
       2.21659631e-01, 0., 0., 0., 8.74638855e+02, 3.00732239e+02,
       1.28630176e-01, 0., 0., 0., 0., 0., 0., 1.14246716e+03,
       3.12507385e+02, 1.74590960e-01, 0., 0., 0., 0., 0., 0., 0., 0.,
       0., 1.15720056e+03, 2.83032532e+02, 1.70883775e-01,
       1.35138599e+03, 4.56769196e+02, 2.03327477e-01, 1.49857031e+03,
       6.36191345e+02, 3.32500279e-01, 7.89364685e+02, 3.36059967e+02,
       5.06789207e-01, 7.89301086e+02, 3.09493408e+02, 2.20319524e-01,
       8.09838196e+02, 3.62447845e+02, 3.30554873e-01, 7.95200867e+02,
       3.00692871e+02, 1.08638152e-01, 1.58691614e+03, 6.42168335e+02,
       9.67131555e-02, 0., 0., 0., 1.48683704e+03, 6.62674500e+02,
       3.40279907e-01, 0., 0., 0., 0., 0., 0., 0., 0., 0. ]
