%YAML:1.0
---
pose_0: !!opencv-matrix
   rows: 1
   cols: 25
   dt: "3f"
   data: [ 7.21707764e+02, 4.56625671e+02, 8.31128597e-01,
       8.57003296e+02, 4.80220123e+02, 7.88658917e-01, 8.45175049e+02,
       5.65579163e+02, 6.78248703e-01, 9.27694275e+02, 6.68700745e+02,
       8.62805128e-01, 8.80597656e+02, 6.45045227e+02, 2.41420597e-01,
       8.62886047e+02, 3.91911194e+02, 7.02788413e-01, 1.01887415e+03,
       3.74289459e+02, 5.26514649e-01, 1.01302325e+03, 3.62390259e+02,
       6.30129158e-01, 1.13656323e+03, 4.97931458e+02, 5.59340119e-01,
       1.12485156e+03, 5.45053223e+02, 6.12973571e-01, 1.31614380e+03,
       5.92107422e+02, 6.20356798e-01, 1.50744617e+03, 5.86222900e+02,
       5.98672450e-01, 1.13655884e+03, 4.36202850e+02, 5.78939795e-01,
       1.36028174e+03, 4.56811462e+02, 6.60504460e-01, 1.57810596e+03,
       4.77224243e+02, 6.57388747e-01, 7.12772949e+02, 4.74311768e+02,
       7.93688297e-01, 7.15730286e+02, 4.36019531e+02, 8.29801083e-01,
       7.33414185e+02, 5.03827240e+02, 5.75467706e-01, 7.42305176e+02,
       4.12673859e+02, 4.25440341e-01, 1.63684973e+03, 4.47875366e+02,
       5.10347843e-01, 1.63101038e+03, 4.42013733e+02, 5.62077940e-01,
       1.60450635e+03, 4.83098663e+02, 3.43576223e-01, 1.59575452e+03,
       5.80359924e+02, 2.48566240e-01, 1.57514111e+03, 5.98021545e+02,
       1.97357878e-01, 1.53685950e+03, 5.71506592e+02, 3.56392235e-01 ]
