%YAML:1.0
---
pose_0: !!opencv-matrix
   rows: 1
   cols: 25
   dt: "3f"
   data: [ 7.62821350e+02, 5.24363525e+02, 5.82313776e-01,
       8.62886230e+02, 4.94949249e+02, 5.65933466e-01, 8.83477966e+02,
       5.50944763e+02, 4.34436202e-01, 1.01590826e+03, 5.77450928e+02,
       3.52846563e-01, 1.08949756e+03, 6.30313538e+02, 5.07277668e-01,
       8.54084167e+02, 4.39095459e+02, 4.30549532e-01, 8.33460083e+02,
       3.97790497e+02, 5.24397612e-01, 7.62808411e+02, 3.68440399e+02,
       5.55747747e-01, 1.14244385e+03, 4.94997070e+02, 5.16201377e-01,
       1.14239832e+03, 5.47850952e+02, 5.61115146e-01, 1.32203369e+03,
       6.03818665e+02, 7.46259749e-01, 1.52508325e+03, 5.86240234e+02,
       6.19734168e-01, 1.13956482e+03, 4.39102264e+02, 5.09213805e-01,
       1.34554517e+03, 3.65530792e+02, 5.74901402e-01, 1.49277869e+03,
       2.47854767e+02, 4.78816807e-01, 7.51050354e+02, 5.24389832e+02,
       2.98602819e-01, 7.56897705e+02, 5.03874146e+02, 5.47662020e-01,
       0., 0., 0., 7.74612183e+02, 4.77207214e+02, 4.09006327e-01,
       1.54863721e+03, 1.94761169e+02, 1.82320565e-01, 1.54276904e+03,
       1.97682022e+02, 1.94256186e-01, 1.51038586e+03, 2.32989014e+02,
       2.74589956e-01, 1.58396069e+03, 6.50913025e+02, 5.53771496e-01,
       1.58396448e+03, 6.47960022e+02, 5.11348486e-01, 1.54870398e+03,
       5.62640503e+02, 5.04916012e-01 ]
