%YAML:1.0
---
pose_0: !!opencv-matrix
   rows: 1
   cols: 25
   dt: "3f"
   data: [ 6.92136414e+02, 5.77294189e+02, 6.79693639e-01,
       8.12754822e+02, 6.03905701e+02, 5.65352619e-01, 7.86255310e+02,
       6.77400940e+02, 7.25361705e-01, 8.80633667e+02, 6.68600647e+02,
       7.71322250e-01, 9.83595825e+02, 5.77311218e+02, 7.28815317e-01,
       8.36368042e+02, 5.45032837e+02, 3.23493063e-01, 9.77674377e+02,
       5.27349548e+02, 1.69742048e-01, 1.04242834e+03, 5.39084656e+02,
       1.12495132e-01, 1.09541357e+03, 6.33304993e+02, 3.77534658e-01,
       1.10421448e+03, 6.86231812e+02, 3.49633306e-01, 1.33674988e+03,
       7.15752197e+02, 3.99352491e-01, 1.58693298e+03, 7.53922852e+02,
       5.02496481e-01, 1.09836304e+03, 5.74446533e+02, 3.34275186e-01,
       1.32495459e+03, 5.53720215e+02, 6.73768699e-01, 1.61340308e+03,
       5.18488037e+02, 3.97046566e-01, 6.71498169e+02, 5.89201660e+02,
       6.58125758e-01, 6.77432068e+02, 5.53824585e+02, 5.53040385e-01,
       6.92171997e+02, 6.21395508e+02, 5.02675235e-01, 7.12703796e+02,
       5.30386292e+02, 2.89756626e-01, 1.69583838e+03, 4.80238281e+02,
       4.70359951e-01, 1.69283984e+03, 4.77317932e+02, 4.75063562e-01,
       1.66930273e+03, 5.21458191e+02, 1.27534464e-01, 1.66636414e+03,
       7.36311218e+02, 3.90101999e-01, 1.66053577e+03, 7.45160828e+02,
       3.27378571e-01, 1.61633838e+03, 7.42240906e+02, 2.08571121e-01 ]
