%YAML:1.0
---
pose_0: !!opencv-matrix
   rows: 1
   cols: 25
   dt: "3f"
   data: [ 7.80390320e+02, 3.92044342e+02, 8.25919807e-01,
       8.59873657e+02, 4.50779663e+02, 7.33850539e-01, 8.60014038e+02,
       5.27364685e+02, 6.64790809e-01, 9.77756836e+02, 6.21412292e+02,
       8.81086230e-01, 8.77575928e+02, 6.24559326e+02, 8.57889831e-01,
       8.77561462e+02, 3.86093384e+02, 7.94412971e-01, 9.59965088e+02,
       4.33091858e+02, 8.59393477e-01, 8.39318542e+02, 5.03908661e+02,
       8.31426024e-01, 1.12189380e+03, 4.42013000e+02, 5.58280349e-01,
       1.12194763e+03, 4.89032654e+02, 5.75317144e-01, 1.33384399e+03,
       5.03794891e+02, 5.84231138e-01, 1.56626807e+03, 5.03787567e+02,
       6.28125072e-01, 1.11889600e+03, 3.89063538e+02, 5.55277705e-01,
       1.32500476e+03, 2.88921631e+02, 3.93967927e-01, 1.37201343e+03,
       2.56547363e+02, 1.44505978e-01, 7.62654724e+02, 4.09554840e+02,
       8.82437408e-01, 7.65846497e+02, 3.85911682e+02, 8.24008465e-01,
       7.68670471e+02, 4.41970612e+02, 6.89683735e-01, 0., 0., 0.,
       1.52802686e+03, 1.82947372e+02, 1.95797801e-01, 1.52211902e+03,
       1.80029785e+02, 2.27550209e-01, 0., 0., 0., 1.63096790e+03,
       5.18516052e+02, 3.51893693e-01, 1.62809583e+03, 5.24387451e+02,
       3.92960131e-01, 1.59571570e+03, 4.83282928e+02, 4.09558266e-01 ]
