%YAML:1.0
---
pose_0: !!opencv-matrix
   rows: 1
   cols: 25
   dt: "3f"
   data: [ 0., 0., 0., 1.02179431e+03, 4.80332458e+02, 2.61228919e-01,
       1.02479602e+03, 4.77283386e+02, 2.55183697e-01, 1.11589209e+03,
       5.74489380e+02, 1.60792097e-01, 1.13952332e+03, 6.24423096e+02,
       2.56960452e-01, 1.01880859e+03, 4.83102539e+02, 4.62590694e-01,
       1.09253210e+03, 5.50824524e+02, 2.62330920e-01, 1.13662817e+03,
       6.18589844e+02, 3.00106555e-01, 1.18072852e+03, 4.24346619e+02,
       3.73611152e-01, 1.19543689e+03, 4.00822998e+02, 2.83037931e-01,
       1.36915027e+03, 4.91995148e+02, 6.96048439e-01, 1.56345313e+03,
       3.88928528e+02, 7.96186924e-01, 1.17783044e+03, 4.39067474e+02,
       3.00350457e-01, 1.36913489e+03, 5.33245056e+02, 7.08070099e-01,
       1.63109595e+03, 4.33063873e+02, 6.30833924e-01, 0., 0., 0., 0.,
       0., 0., 0., 0., 0., 9.74698792e+02, 5.03801270e+02,
       1.04580335e-01, 1.68704956e+03, 3.74307281e+02, 2.44531840e-01,
       1.68403210e+03, 3.80215912e+02, 2.52260834e-01, 1.63992322e+03,
       4.12603943e+02, 3.04162949e-01, 1.65750513e+03, 3.80180481e+02,
       1.14469782e-01, 0., 0., 0., 1.58398535e+03, 3.71312134e+02,
       5.20172954e-01 ]
