%YAML:1.0
---
pose_0: !!opencv-matrix
   rows: 1
   cols: 25
   dt: "3f"
   data: [ 7.74553711e+02, 4.68496185e+02, 7.78857470e-01,
       8.39414795e+02, 4.33198486e+02, 6.86380565e-01, 8.18719788e+02,
       4.83320831e+02, 4.13164139e-01, 7.18614197e+02, 4.83191650e+02,
       2.51307786e-01, 0., 0., 0., 8.60042114e+02, 3.65479004e+02,
       7.21620142e-01, 9.80627136e+02, 3.65417419e+02, 7.62682498e-01,
       1.11296289e+03, 3.65392242e+02, 8.09265912e-01, 1.11600525e+03,
       4.80206604e+02, 5.76477468e-01, 1.11299243e+03, 5.27223633e+02,
       5.76654911e-01, 1.31617529e+03, 5.77336609e+02, 7.65546381e-01,
       1.53682397e+03, 6.01001892e+02, 5.41851103e-01, 1.11890930e+03,
       4.33098328e+02, 5.44460833e-01, 1.33090771e+03, 4.30248016e+02,
       6.43171668e-01, 1.56922034e+03, 4.33122223e+02, 5.38553834e-01,
       7.62655151e+02, 4.77362335e+02, 8.00976813e-01, 7.62894714e+02,
       4.56583893e+02, 7.95099974e-01, 0., 0., 0., 7.68770264e+02,
       4.12665588e+02, 6.22702062e-01, 1.63693921e+03, 4.03690216e+02,
       1.59317106e-01, 1.63103210e+03, 4.00779388e+02, 1.93791255e-01,
       1.59573279e+03, 4.15574371e+02, 2.09748372e-01, 1.61347925e+03,
       6.00930115e+02, 2.36226887e-01, 1.61038818e+03, 6.21512329e+02,
       2.63023198e-01, 1.56642029e+03, 5.80350830e+02, 3.24301422e-01 ]
