%YAML:1.0
---
pose_0: !!opencv-matrix
   rows: 1
   cols: 25
   dt: "3f"
   data: [ 7.42125427e+02, 5.47995239e+02, 8.57688069e-01,
       8.59908325e+02, 5.50975952e+02, 6.96105480e-01, 8.57086487e+02,
       6.24586975e+02, 6.43976688e-01, 9.95326904e+02, 6.59807312e+02,
       5.86624026e-01, 1.11008459e+03, 6.92241211e+02, 6.73088968e-01,
       8.74688416e+02, 4.77259247e+02, 6.25387073e-01, 1.01880444e+03,
       4.59572723e+02, 7.36910522e-01, 1.14256311e+03, 4.59614502e+02,
       6.32808447e-01, 1.10132043e+03, 5.62669739e+02, 6.02745831e-01,
       1.09833264e+03, 6.06846741e+02, 6.17470980e-01, 1.28082935e+03,
       6.21600037e+02, 4.50914621e-01, 1.51334900e+03, 6.24498901e+02,
       5.21563292e-01, 1.11308215e+03, 5.12617432e+02, 6.25272572e-01,
       1.30440540e+03, 5.30347473e+02, 7.39854991e-01, 1.56931091e+03,
       5.39106201e+02, 5.83253145e-01, 7.27466003e+02, 5.56861511e+02,
       7.61119187e-01, 7.33321045e+02, 5.27378601e+02, 8.16329181e-01,
       7.42164063e+02, 5.80378235e+02, 5.74041009e-01, 7.59761414e+02,
       5.03681885e+02, 5.56868315e-01, 1.63405493e+03, 4.95002686e+02,
       2.86483288e-01, 1.63397974e+03, 4.94927155e+02, 2.89464176e-01,
       1.60456580e+03, 5.68491150e+02, 3.58002752e-01, 1.56341357e+03,
       6.71518921e+02, 1.64961845e-01, 1.56330908e+03, 6.68696167e+02,
       1.44068897e-01, 1.54578711e+03, 6.15645996e+02, 3.44025344e-01 ]
