%YAML:1.0
---
pose_0: !!opencv-matrix
   rows: 1
   cols: 25
   dt: "3f"
   data: [ 6.92083801e+02, 5.30228882e+02, 8.14135551e-01,
       7.62731323e+02, 4.59720367e+02, 5.17466128e-01, 7.50991577e+02,
       4.41980530e+02, 3.42678815e-01, 0., 0., 0., 0., 0., 0.,
       7.68762085e+02, 4.80234314e+02, 5.94195485e-01, 9.06911743e+02,
       5.12611328e+02, 7.82121718e-01, 9.12954224e+02, 6.48016418e+02,
       5.29658318e-01, 1.07186243e+03, 4.39038513e+02, 2.56866753e-01,
       1.06886499e+03, 4.36124359e+02, 1.76985636e-01, 1.36614807e+03,
       4.74368347e+02, 2.17421487e-01, 1.63693457e+03, 4.12517792e+02,
       2.38919184e-01, 1.08069165e+03, 4.41986786e+02, 2.07774371e-01,
       1.36618518e+03, 4.89086304e+02, 4.65468884e-01, 1.63987183e+03,
       4.12557922e+02, 3.38335067e-01, 0., 0., 0., 6.74585571e+02,
       5.06868347e+02, 7.61995316e-01, 0., 0., 0., 6.92238159e+02,
       4.68522400e+02, 6.53957188e-01, 1.72526025e+03, 3.50773682e+02,
       1.75877199e-01, 1.73107227e+03, 3.56663757e+02, 1.34069636e-01,
       0., 0., 0., 1.72819800e+03, 3.50730255e+02, 2.76553541e-01,
       1.72821252e+03, 3.62481537e+02, 2.09875867e-01, 0., 0., 0. ]
