%YAML:1.0
---
pose_0: !!opencv-matrix
   rows: 2
   cols: 25
   dt: "3f"
   data: [ 6.18620667e+02, 4.30175079e+02, 8.38340223e-01,
       7.30428894e+02, 4.80156769e+02, 5.97471118e-01, 6.95096924e+02,
       5.30393799e+02, 1.36722103e-01, 5.77458069e+02, 4.86147827e+02,
       1.79526702e-01, 5.71519348e+02, 4.56758911e+02, 8.35816413e-02,
       7.21598511e+02, 3.92000824e+02, 6.46908462e-01, 9.30706482e+02,
       3.65438873e+02, 8.95068228e-01, 7.86346863e+02, 3.65431244e+02,
       8.58326137e-01, 1.06003528e+03, 5.03817078e+02, 5.12663126e-01,
       1.04833484e+03, 5.53941833e+02, 4.99236405e-01, 1.29844580e+03,
       5.50928772e+02, 3.68300915e-01, 1.60747205e+03, 5.56727356e+02,
       5.39501011e-01, 1.06003650e+03, 4.41961670e+02, 4.64614779e-01,
       1.28673572e+03, 4.18512421e+02, 4.47695285e-01, 1.54276526e+03,
       4.39014221e+02, 3.02416444e-01, 6.00861755e+02, 4.47870789e+02,
       8.21847320e-01, 6.06753235e+02, 4.15523438e+02, 6.90378249e-01,
       6.18571045e+02, 4.80315247e+02, 7.47660518e-01, 6.27511353e+02,
       4.06684479e+02, 1.01599157e-01, 1.65752405e+03, 4.21419159e+02,
       3.72564971e-01, 1.65460107e+03, 4.12594604e+02, 3.81010234e-01,
       1.56044934e+03, 4.47863708e+02, 2.31627524e-01, 1.71345508e+03,
       5.53795959e+02, 4.72537100e-01, 1.70458264e+03, 5.62696228e+02,
       4.01848227e-01, 1.61925635e+03, 5.47926025e+02, 3.05036932e-01,
       0., 0., 0., 0., 0., 0., 7.45098328e+02, 5.94947632e+02,
       4.87276435e-01, 9.01081787e+02, 6.68687561e+02, 6.94113731e-01,
       1.03647656e+03, 6.68448181e+02, 7.66677856e-01, 0., 0., 0., 0.,
       0., 0., 0., 0., 0., 0., 0., 0., 0., 0., 0., 0., 0., 0., 0., 0.,
       0., 0., 0., 0., 0., 0., 0., 0., 0., 0., 0., 0., 0., 0., 0., 0.,
       0., 0., 0., 0., 0., 0., 0., 0., 0., 0., 0., 0., 0., 0., 0., 0.,
       0., 0., 0., 0., 0., 0., 0., 0. ]
