%YAML:1.0
---
pose_0: !!opencv-matrix
   rows: 1
   cols: 25
   dt: "3f"
   data: [ 7.42272583e+02, 3.44907593e+02, 8.41406345e-01,
       8.59961121e+02, 3.44875793e+02, 4.68369395e-01, 8.54020752e+02,
       3.89081451e+02, 3.15424919e-01, 9.80607056e+02, 4.41989136e+02,
       7.90056810e-02, 0., 0., 0., 8.77558716e+02, 2.91882019e+02,
       4.39976960e-01, 1.02767676e+03, 2.50729767e+02, 7.19500303e-01,
       9.95211853e+02, 1.94636978e+02, 7.30103970e-01, 1.16306396e+03,
       3.68393921e+02, 5.77005267e-01, 1.15717810e+03, 4.12693359e+02,
       5.40520310e-01, 1.35136426e+03, 4.33218201e+02, 6.86673820e-01,
       1.54277026e+03, 4.36022858e+02, 6.36345088e-01, 1.16601929e+03,
       3.15491486e+02, 5.58172107e-01, 1.36032971e+03, 3.18477112e+02,
       7.60854304e-01, 1.57515613e+03, 2.94806763e+02, 6.52295351e-01,
       7.24533936e+02, 3.62368652e+02, 7.31317163e-01, 7.39134766e+02,
       3.30170166e+02, 7.82732546e-01, 7.39270813e+02, 3.80151367e+02,
       2.01519862e-01, 7.62852844e+02, 3.03683655e+02, 4.16918904e-01,
       1.63707507e+03, 2.65402954e+02, 5.01543105e-01, 1.63399133e+03,
       2.65345306e+02, 5.55267096e-01, 1.61042590e+03, 2.97847504e+02,
       2.65547961e-01, 1.61330750e+03, 4.36052643e+02, 4.77810949e-01,
       1.60742761e+03, 4.44940002e+02, 4.10064042e-01, 1.56623938e+03,
       4.18455200e+02, 3.75717223e-01 ]
