%YAML:1.0
---
pose_0: !!opencv-matrix
   rows: 1
   cols: 25
   dt: "3f"
   data: [ 7.39329163e+02, 4.36195801e+02, 7.01712191e-01,
       8.33474731e+02, 5.24399780e+02, 7.49577284e-01, 8.33346008e+02,
       5.98008911e+02, 7.37716377e-01, 9.71703735e+02, 6.27492371e+02,
       7.83801496e-01, 1.09235754e+03, 6.45002014e+02, 8.64529371e-01,
       8.39372009e+02, 4.47867004e+02, 5.79144061e-01, 9.95286560e+02,
       4.12713440e+02, 8.16844523e-01, 1.11885425e+03, 3.62457428e+02,
       8.50641787e-01, 1.09542310e+03, 5.09773773e+02, 5.89590371e-01,
       1.09544043e+03, 5.56845886e+02, 5.89790463e-01, 1.30725708e+03,
       5.53693848e+02, 7.96908438e-01, 1.54284912e+03, 5.65571899e+02,
       6.05230093e-01, 1.09546423e+03, 4.59690338e+02, 6.05973721e-01,
       1.30724182e+03, 4.32989594e+02, 7.93952227e-01, 1.52804236e+03,
       4.62559235e+02, 5.45868039e-01, 7.18760010e+02, 4.53668488e+02,
       6.48818195e-01, 7.30472839e+02, 4.30169006e+02, 2.36383468e-01,
       7.42125671e+02, 5.06732391e+02, 4.74703252e-01, 0., 0., 0.,
       1.63107690e+03, 4.12518066e+02, 5.26259899e-01, 1.61933447e+03,
       4.12491516e+02, 5.58736980e-01, 1.54865735e+03, 4.83199036e+02,
       3.72376710e-01, 1.61345337e+03, 5.36139099e+02, 5.83190441e-01,
       1.60750671e+03, 5.50820313e+02, 5.05782604e-01, 1.56931714e+03,
       5.71422485e+02, 2.63112396e-01 ]
