%YAML:1.0
---
pose_0: !!opencv-matrix
   rows: 1
   cols: 25
   dt: "3f"
   data: [ 4.94945068e+02, 5.53771362e+02, 6.04430661e-02,
       6.18578430e+02, 5.50799438e+02, 3.94197255e-01, 6.45025696e+02,
       6.09730042e+02, 2.16450408e-01, 6.53898682e+02, 6.92260376e+02,
       4.27235305e-01, 3.91991150e+02, 6.03873169e+02, 7.41688251e-01,
       5.80314331e+02, 4.77254486e+02, 3.12115997e-01, 6.71666199e+02,
       3.92058624e+02, 4.01242197e-01, 4.09563049e+02, 4.33178986e+02,
       6.32585168e-01, 9.83546326e+02, 5.30266846e+02, 3.30912739e-01,
       9.77708069e+02, 6.00899353e+02, 2.64009774e-01, 1.04529028e+03,
       6.71586670e+02, 7.75823221e-02, 0., 0., 0., 9.89419189e+02,
       4.59634766e+02, 2.88723975e-01, 1.35443335e+03, 4.59615356e+02,
       3.33393544e-01, 1.73116492e+03, 4.36143585e+02, 1.36180371e-01,
       4.62618561e+02, 5.74285400e+02, 8.84523243e-02, 4.83191650e+02,
       5.36191467e+02, 5.55433407e-02, 0., 0., 0., 5.15543457e+02,
       5.00874451e+02, 7.29409084e-02, 0., 0., 0., 0., 0., 0.,
       1.75173486e+03, 4.56776611e+02, 8.60991180e-02, 0., 0., 0., 0.,
       0., 0., 0., 0., 0. ]
