%YAML:1.0
---
pose_0: !!opencv-matrix
   rows: 2
   cols: 25
   dt: "3f"
   data: [ 7.65860046e+02, 5.56854797e+02, 7.54057050e-01,
       8.65841797e+02, 4.80277405e+02, 4.80853736e-01, 8.59974670e+02,
       4.74370819e+02, 3.75744909e-01, 1.05131787e+03, 4.97925262e+02,
       1.03143312e-01, 1.18668579e+03, 5.24340332e+02, 1.64587095e-01,
       8.77552429e+02, 4.83316040e+02, 7.06481755e-01, 1.04544287e+03,
       4.94957825e+02, 7.09138453e-01, 1.18657275e+03, 5.06829620e+02,
       7.26931572e-01, 1.16599744e+03, 4.27237122e+02, 3.04914713e-01,
       1.15717969e+03, 4.74379028e+02, 1.42336637e-01, 0., 0., 0., 0.,
       0., 0., 1.18666162e+03, 4.03752991e+02, 3.79422367e-01,
       1.38095398e+03, 5.56797668e+02, 4.76547003e-01, 1.68405188e+03,
       4.00795776e+02, 4.32113469e-01, 0., 0., 0., 7.54014465e+02,
       5.42003784e+02, 7.06484139e-01, 0., 0., 0., 7.65861938e+02,
       4.89083710e+02, 6.50599539e-01, 1.72823486e+03, 4.59705383e+02,
       8.30103531e-02, 1.72825366e+03, 4.50796234e+02, 6.62257746e-02,
       1.72522791e+03, 3.71335602e+02, 2.39303693e-01, 0., 0., 0., 0.,
       0., 0., 0., 0., 0., 0., 0., 0., 0., 0., 0., 0., 0., 0., 0., 0.,
       0., 0., 0., 0., 0., 0., 0., 0., 0., 0., 0., 0., 0., 0., 0., 0.,
       1.18667493e+03, 3.71381561e+02, 1.38346553e-01, 1.39260913e+03,
       5.44985352e+02, 5.34148633e-01, 1.59575757e+03, 4.24288300e+02,
       2.71551967e-01, 0., 0., 0., 0., 0., 0., 0., 0., 0., 0., 0., 0.,
       0., 0., 0., 0., 0., 0., 0., 0., 0., 0., 0., 0., 0., 0., 0., 0.,
       0., 0., 0., 0., 0., 0., 0., 0., 0., 0., 0. ]
