%YAML:1.0
---
pose_0: !!opencv-matrix
   rows: 2
   cols: 25
   dt: "3f"
   data: [ 7.92253296e+02, 4.83263184e+02, 8.46847177e-01,
       8.56890564e+02, 5.45000854e+02, 6.34298742e-01, 8.51069397e+02,
       5.80355896e+02, 5.44885993e-01, 9.54123352e+02, 6.39171509e+02,
       1.19224295e-01, 1.00115790e+03, 6.42105591e+02, 7.71359503e-02,
       8.57020203e+02, 5.03754913e+02, 5.67606926e-01, 8.59924805e+02,
       4.21370331e+02, 7.69935548e-02, 0., 0., 0., 1.16008093e+03,
       5.27248047e+02, 5.86998582e-01, 1.15422986e+03, 5.71470337e+02,
       5.31718194e-01, 1.37805505e+03, 6.33261047e+02, 6.37271225e-01,
       1.55744409e+03, 7.24554749e+02, 5.89458287e-01, 1.16008142e+03,
       4.77259186e+02, 6.00282252e-01, 1.33097546e+03, 3.56623505e+02,
       7.29721069e-01, 1.51915649e+03, 3.41824524e+02, 6.01645827e-01,
       7.71619263e+02, 4.94972626e+02, 8.02500963e-01, 7.83376648e+02,
       4.77265747e+02, 4.55430895e-01, 7.65716919e+02, 5.36159668e+02,
       6.40748680e-01, 0., 0., 0., 1.54867310e+03, 3.68427856e+02,
       1.63641766e-01, 1.55454565e+03, 3.50709351e+02, 2.44975388e-01,
       1.54270056e+03, 3.35990540e+02, 3.50053251e-01, 1.62222314e+03,
       6.95048584e+02, 6.23714626e-01, 1.61347888e+03, 7.12673706e+02,
       5.33393264e-01, 1.56636499e+03, 7.51005493e+02, 4.45626199e-01,
       0., 0., 0., 0., 0., 0., 0., 0., 0., 0., 0., 0., 0., 0., 0.,
       9.21680115e+02, 4.86145905e+02, 1.60042882e-01, 1.04538855e+03,
       4.47919678e+02, 6.11800432e-01, 1.16302966e+03, 4.09597504e+02,
       8.54533434e-01, 0., 0., 0., 0., 0., 0., 0., 0., 0., 0., 0., 0.,
       0., 0., 0., 0., 0., 0., 0., 0., 0., 0., 0., 0., 0., 0., 0., 0.,
       0., 0., 0., 0., 0., 0., 0., 0., 0., 0., 0., 0., 0., 0., 0., 0.,
       0., 0., 0., 0., 0., 0., 0. ]
