%YAML:1.0
---
pose_0: !!opencv-matrix
   rows: 1
   cols: 25
   dt: "3f"
   data: [ 5.24315125e+02, 5.42107422e+02, 7.27692008e-01,
       6.24459717e+02, 5.74399597e+02, 6.74160063e-01, 6.27487366e+02,
       6.27448730e+02, 5.21578491e-01, 7.62862488e+02, 7.33355835e+02,
       7.76430070e-01, 5.53796143e+02, 6.71590027e+02, 6.72812819e-01,
       6.15648621e+02, 5.00835602e+02, 5.09066403e-01, 7.89204529e+02,
       4.24284088e+02, 7.61589408e-01, 5.77294373e+02, 4.83338043e+02,
       6.55948639e-01, 1.04826392e+03, 5.92055420e+02, 4.67436284e-01,
       1.03068811e+03, 6.50993774e+02, 4.76949275e-01, 1.33090198e+03,
       6.68544067e+02, 3.72337312e-01, 1.69579224e+03, 6.53902771e+02,
       2.52875507e-01, 1.05124390e+03, 5.21404175e+02, 4.56331462e-01,
       1.32789246e+03, 4.94983185e+02, 3.94215047e-01, 1.66635413e+03,
       5.09725555e+02, 2.00471506e-01, 5.00773346e+02, 5.62693420e+02,
       7.42821336e-01, 5.06689056e+02, 5.15621643e+02, 7.81247377e-01,
       5.09738739e+02, 6.01036072e+02, 4.80735689e-01, 5.30242676e+02,
       4.86087555e+02, 3.54341596e-01, 0., 0., 0., 0., 0., 0.,
       1.66932715e+03, 5.12629333e+02, 1.10946193e-01, 1.80175964e+03,
       6.71550781e+02, 1.06789388e-01, 0., 0., 0., 1.71059204e+03,
       6.48035522e+02, 1.69099540e-01 ]
