%YAML:1.0
---
pose_0: !!opencv-matrix
   rows: 1
   cols: 25
   dt: "3f"
   data: [ 4.89095612e+02, 5.44995117e+02, 5.02587497e-01,
       6.62734680e+02, 4.86124146e+02, 2.38230601e-01, 6.00951660e+02,
       5.65587524e+02, 8.49069506e-02, 0., 0., 0., 0., 0., 0.,
       6.80415527e+02, 4.80232208e+02, 1.14356250e-01, 0., 0., 0., 0.,
       0., 0., 1.03065808e+03, 4.71438019e+02, 4.53062087e-01,
       1.02176062e+03, 5.30251770e+02, 4.98884082e-01, 1.02484595e+03,
       6.27401733e+02, 5.27307391e-01, 1.30140625e+03, 6.30381348e+02,
       9.52318534e-02, 1.03945569e+03, 4.12664429e+02, 4.30585504e-01,
       1.37500488e+03, 4.39033691e+02, 3.06168050e-01, 1.60163245e+03,
       4.30223846e+02, 1.22909814e-01, 4.62655579e+02, 5.50768494e+02,
       2.90062189e-01, 4.77224030e+02, 5.18479736e+02, 4.47516531e-01,
       0., 0., 0., 5.06809814e+02, 4.77292145e+02, 3.05483878e-01, 0.,
       0., 0., 0., 0., 0., 1.61045105e+03, 4.36080750e+02,
       7.58778900e-02, 0., 0., 0., 0., 0., 0., 0., 0., 0. ]
