%YAML:1.0
---
pose_0: !!opencv-matrix
   rows: 1
   cols: 25
   dt: "3f"
   data: [ 8.42282288e+02, 4.77257263e+02, 9.20911953e-02,
       9.24688965e+02, 5.03738342e+02, 2.23877966e-01, 9.07049561e+02,
       5.44998413e+02, 1.91526040e-01, 9.06925171e+02, 5.77500916e+02,
       2.32661113e-01, 8.80533447e+02, 5.00783203e+02, 2.17590526e-01,
       9.27603882e+02, 4.59701721e+02, 1.59883350e-01, 9.77668579e+02,
       4.59650391e+02, 1.08225539e-01, 9.71754822e+02, 4.56772461e+02,
       5.01815155e-02, 1.16602771e+03, 5.39082764e+02, 4.94535506e-01,
       1.16311572e+03, 5.86164917e+02, 5.04671335e-01, 1.33675256e+03,
       6.42056641e+02, 6.61545694e-01, 1.52509399e+03, 6.45089966e+02,
       6.69515789e-01, 1.16601526e+03, 4.89092255e+02, 4.64367747e-01,
       1.35449402e+03, 4.80358337e+02, 6.62559152e-01, 1.55749805e+03,
       4.36152771e+02, 6.56601667e-01, 8.39333374e+02, 4.86107849e+02,
       7.01701045e-02, 8.54025757e+02, 4.62635132e+02, 8.03795978e-02,
       8.57048523e+02, 5.18468384e+02, 7.25598559e-02, 8.48152832e+02,
       4.56677704e+02, 6.68452084e-02, 1.63111377e+03, 4.47839874e+02,
       4.62598234e-01, 1.62520215e+03, 4.33195190e+02, 4.53140914e-01,
       1.57222522e+03, 4.18428528e+02, 2.86156893e-01, 1.57807629e+03,
       7.03941467e+02, 5.31743824e-01, 1.56629724e+03, 6.98047546e+02,
       4.99514848e-01, 1.54868188e+03, 6.24398560e+02, 5.65596402e-01 ]
