%YAML:1.0
---
pose_0: !!opencv-matrix
   rows: 2
   cols: 25
   dt: "3f"
   data: [ 7.33320435e+02, 4.80359344e+02, 7.53845453e-01,
       7.92264282e+02, 5.39085449e+02, 6.11294568e-01, 7.95227112e+02,
       5.65568970e+02, 7.39094496e-01, 9.04014587e+02, 5.21388977e+02,
       8.32309246e-01, 8.12932251e+02, 4.27222595e+02, 7.98058927e-01,
       7.89263245e+02, 5.21446350e+02, 2.87130207e-01, 0., 0., 0., 0.,
       0., 0., 1.12481067e+03, 5.47934937e+02, 4.73001301e-01,
       1.11299744e+03, 5.74415222e+02, 3.43054175e-01, 1.35151184e+03,
       5.27448853e+02, 7.68903017e-01, 1.61332410e+03, 7.06904419e+02,
       5.61134279e-01, 1.13659875e+03, 5.21462891e+02, 3.93667698e-01,
       1.38674939e+03, 5.27236267e+02, 4.29881513e-01, 1.56345886e+03,
       5.74502258e+02, 7.06851959e-01, 7.15589661e+02, 4.89137970e+02,
       7.49591470e-01, 7.15567017e+02, 4.62630554e+02, 1.62434876e-01,
       7.24510986e+02, 5.30345398e+02, 5.87260962e-01, 0., 0., 0.,
       1.60163904e+03, 5.00852661e+02, 3.18107963e-01, 1.59287073e+03,
       5.03848328e+02, 3.09969097e-01, 1.58395117e+03, 5.98050415e+02,
       5.03561020e-01, 1.66932471e+03, 7.21603394e+02, 2.84762055e-01,
       1.65454663e+03, 7.39228882e+02, 3.40842456e-01, 1.62518811e+03,
       7.27506226e+02, 3.27633768e-01, 0., 0., 0., 0., 0., 0., 0., 0.,
       0., 0., 0., 0., 0., 0., 0., 9.18754578e+02, 4.80325500e+02,
       5.81956506e-02, 9.77559570e+02, 4.59662903e+02, 4.11163241e-01,
       8.92294556e+02, 4.09592072e+02, 6.43610954e-01, 0., 0., 0., 0.,
       0., 0., 0., 0., 0., 0., 0., 0., 0., 0., 0., 0., 0., 0., 0., 0.,
       0., 0., 0., 0., 0., 0., 0., 0., 0., 0., 0., 0., 0., 0., 0., 0.,
       0., 0., 0., 0., 0., 0., 0., 0., 0., 0., 0., 0., 0., 0., 0. ]
