%YAML:1.0
---
pose_0: !!opencv-matrix
   rows: 1
   cols: 25
   dt: "3f"
   data: [ 7.24579224e+02, 4.59572601e+02, 7.86572635e-01,
       8.33397217e+02, 4.39118408e+02, 7.03706622e-01, 8.48139954e+02,
       5.47976501e+02, 5.91565430e-01, 9.59955322e+02, 6.24458008e+02,
       8.42461467e-01, 8.56913208e+02, 5.77429871e+02, 7.57345736e-01,
       8.36316650e+02, 3.50711121e+02, 6.98371530e-01, 9.57081970e+02,
       3.18279480e+02, 8.20296526e-01, 1.04820300e+03, 3.06593842e+02,
       8.36866617e-01, 1.11901477e+03, 4.74365875e+02, 5.87345779e-01,
       1.11590894e+03, 5.24348389e+02, 5.91943264e-01, 1.32791077e+03,
       5.27462402e+02, 6.70121431e-01, 1.51035950e+03, 5.39107666e+02,
       5.37286460e-01, 1.12779175e+03, 4.15500366e+02, 5.40832520e-01,
       1.34846619e+03, 4.30237183e+02, 5.82185626e-01, 1.57512000e+03,
       4.33250580e+02, 4.74133223e-01, 7.09852356e+02, 4.74332184e+02,
       6.86375201e-01, 7.15652405e+02, 4.36178528e+02, 7.90093720e-01,
       7.27514160e+02, 4.86211273e+02, 1.74030289e-01, 7.39300232e+02,
       4.09516876e+02, 6.39715075e-01, 1.63986572e+03, 4.09638580e+02,
       4.52787101e-01, 1.63409546e+03, 4.09503052e+02, 4.70638275e-01,
       1.60753186e+03, 4.39076416e+02, 2.18902975e-01, 1.51040234e+03,
       6.09760681e+02, 8.71030763e-02, 1.50449878e+03, 5.98078979e+02,
       1.02267101e-01, 1.54273523e+03, 5.30213501e+02, 3.36401910e-01 ]
