%YAML:1.0
---
pose_0: !!opencv-matrix
   rows: 1
   cols: 25
   dt: "3f"
   data: [ 4.92076355e+02, 5.30421204e+02, 7.21367776e-01,
       6.21523987e+02, 5.53849304e+02, 5.93419909e-01, 6.36266235e+02,
       6.21495789e+02, 3.79103422e-01, 7.06827637e+02, 7.18546509e+02,
       7.60780036e-01, 4.86122345e+02, 6.30374634e+02, 7.32421756e-01,
       6.00981140e+02, 4.83183655e+02, 4.14861947e-01, 7.51041687e+02,
       4.09484833e+02, 5.60552955e-01, 5.03795441e+02, 4.59763275e+02,
       6.53569400e-01, 1.01882538e+03, 5.50934143e+02, 4.85825419e-01,
       9.98301697e+02, 6.15621704e+02, 4.63185728e-01, 1.13072278e+03,
       6.71626343e+02, 7.72806033e-02, 0., 0., 0., 1.02476978e+03,
       4.80284210e+02, 4.36659098e-01, 1.32791284e+03, 4.80313049e+02,
       3.16050053e-01, 1.70757275e+03, 4.83299927e+02, 3.70227277e-01,
       4.74340271e+02, 5.53746216e+02, 7.42526233e-01, 4.77219879e+02,
       5.09717987e+02, 6.83264434e-01, 4.97854095e+02, 5.77295776e+02,
       2.87083417e-01, 5.06781342e+02, 4.83114471e+02, 3.11353475e-01,
       1.84878833e+03, 4.53685333e+02, 1.70294508e-01, 1.84884558e+03,
       4.44986725e+02, 1.79277927e-01, 1.72524756e+03, 5.09685669e+02,
       1.63458660e-01, 0., 0., 0., 0., 0., 0., 0., 0., 0. ]
