%YAML:1.0
---
pose_0: !!opencv-matrix
   rows: 1
   cols: 25
   dt: "3f"
   data: [ 0., 0., 0., 8.36320984e+02, 4.83105133e+02, 3.98927391e-01,
       8.36409424e+02, 4.68473236e+02, 2.81689316e-01, 9.62931885e+02,
       5.21389832e+02, 6.17429018e-01, 1.11306592e+03, 4.53785126e+02,
       7.76007652e-01, 8.09942993e+02, 4.83303925e+02, 3.47675622e-01,
       0., 0., 0., 0., 0., 0., 1.13948865e+03, 5.24327026e+02,
       5.17676115e-01, 1.12190759e+03, 5.53811951e+02, 4.66955066e-01,
       1.35431421e+03, 4.91995087e+02, 7.94489920e-01, 1.60162708e+03,
       6.47973633e+02, 6.26442909e-01, 1.15127588e+03, 4.83258331e+02,
       4.32548702e-01, 1.37498914e+03, 4.59640198e+02, 5.83061635e-01,
       1.54271912e+03, 5.03868774e+02, 6.25402093e-01, 0., 0., 0., 0.,
       0., 0., 7.86317688e+02, 4.47888245e+02, 1.44322708e-01,
       7.42172546e+02, 5.00809692e+02, 1.41704172e-01, 1.61040845e+03,
       4.42015625e+02, 4.73465085e-01, 1.60458154e+03, 4.42039703e+02,
       4.47483927e-01, 1.56336426e+03, 5.27269592e+02, 4.22970831e-01,
       1.64582520e+03, 6.71495667e+02, 5.05126834e-01, 1.63398389e+03,
       6.77473389e+02, 5.61113536e-01, 1.61634546e+03, 6.65720459e+02,
       3.70346844e-01 ]
