%YAML:1.0
---
pose_0: !!opencv-matrix
   rows: 2
   cols: 25
   dt: "3f"
   data: [ 7.39113037e+02, 4.80279358e+02, 7.35875547e-01,
       7.86368713e+02, 5.44986389e+02, 5.80618918e-01, 7.95230408e+02,
       5.50852783e+02, 5.94618320e-01, 9.07060608e+02, 5.03694550e+02,
       7.41756320e-01, 8.65798401e+02, 4.39027954e+02, 6.57562256e-01,
       0., 0., 0., 0., 0., 0., 0., 0., 0., 1.12485889e+03,
       5.56772949e+02, 4.99150097e-01, 1.12186084e+03, 5.97940186e+02,
       4.71809089e-01, 1.36913074e+03, 5.24423462e+02, 7.88735986e-01,
       1.59279688e+03, 6.92153564e+02, 6.21210992e-01, 1.13070593e+03,
       5.12603516e+02, 4.75061238e-01, 1.37797510e+03, 5.06738495e+02,
       6.26835942e-01, 1.60454138e+03, 5.98041565e+02, 5.68338156e-01,
       7.18641541e+02, 4.86100433e+02, 6.77845240e-01, 7.21602417e+02,
       4.65494080e+02, 8.02008286e-02, 7.33324097e+02, 5.15601624e+02,
       5.55560052e-01, 0., 0., 0., 1.70170959e+03, 5.74484863e+02,
       3.89865905e-01, 1.70164246e+03, 5.74369324e+02, 3.86538684e-01,
       1.61926843e+03, 6.36207458e+02, 4.35206145e-01, 1.65461365e+03,
       7.18590271e+02, 4.98488516e-01, 1.63396814e+03, 7.30406921e+02,
       5.38510740e-01, 1.61040881e+03, 7.03951416e+02, 3.31550181e-01,
       0., 0., 0., 0., 0., 0., 0., 0., 0., 0., 0., 0., 0., 0., 0.,
       7.89222412e+02, 5.30267212e+02, 2.41705537e-01, 9.95308105e+02,
       4.59690186e+02, 2.38618791e-01, 9.48209473e+02, 3.92041504e+02,
       3.59684616e-01, 0., 0., 0., 0., 0., 0., 0., 0., 0., 0., 0., 0.,
       0., 0., 0., 0., 0., 0., 0., 0., 0., 0., 0., 0., 0., 0., 0., 0.,
       0., 0., 0., 0., 0., 0., 0., 0., 0., 0., 0., 0., 0., 0., 0., 0.,
       0., 0., 0., 0., 0., 0., 0. ]
