%YAML:1.0
---
pose_0: !!opencv-matrix
   rows: 1
   cols: 25
   dt: "3f"
   data: [ 7.42157227e+02, 3.56581238e+02, 8.56772721e-01,
       8.62917847e+02, 3.56666046e+02, 7.15233505e-01, 8.71663818e+02,
       4.36032959e+02, 6.82791471e-01, 9.98153198e+02, 4.74328094e+02,
       7.52382576e-01, 9.80629028e+02, 5.21481140e+02, 8.15216899e-01,
       8.74660950e+02, 2.68354492e+02, 6.58909082e-01, 1.01883087e+03,
       2.21176132e+02, 8.36884737e-01, 1.13963110e+03, 1.59393738e+02,
       8.51186574e-01, 1.12774475e+03, 3.89057709e+02, 6.24395311e-01,
       1.11602747e+03, 4.36167694e+02, 6.70763016e-01, 1.33678748e+03,
       4.92010712e+02, 6.82826459e-01, 1.53982104e+03, 5.30213806e+02,
       6.15669429e-01, 1.13947791e+03, 3.38983459e+02, 6.04300916e-01,
       1.37206372e+03, 3.35995911e+02, 5.44485331e-01, 1.56334253e+03,
       2.97854340e+02, 6.20899558e-01, 7.27528503e+02, 3.65595642e+02,
       7.90494204e-01, 7.36273743e+02, 3.36072693e+02, 8.57737899e-01,
       7.45253418e+02, 3.88989044e+02, 4.13858443e-01, 7.59872620e+02,
       3.03636353e+02, 5.95381737e-01, 1.63399597e+03, 2.65409241e+02,
       4.46896732e-01, 1.62811829e+03, 2.65352631e+02, 4.40142572e-01,
       1.59279224e+03, 3.00729065e+02, 2.81018585e-01, 1.60746448e+03,
       5.47912292e+02, 3.01166683e-01, 0., 0., 0., 1.56926440e+03,
       5.18528748e+02, 3.44850689e-01 ]
