%YAML:1.0
---
pose_0: !!opencv-matrix
   rows: 1
   cols: 25
   dt: "3f"
   data: [ 7.56937439e+02, 3.65471497e+02, 8.59269679e-01,
       8.62915588e+02, 3.62415436e+02, 7.68395543e-01, 8.59987976e+02,
       4.36139679e+02, 7.32677162e-01, 9.21725464e+02, 5.33331604e+02,
       8.11356366e-01, 8.98120361e+02, 6.51014099e+02, 7.29615748e-01,
       8.62832581e+02, 2.85998810e+02, 6.22832119e-01, 8.15847656e+02,
       2.24158325e+02, 6.65513813e-01, 7.53972778e+02, 1.91781250e+02,
       7.72790432e-01, 1.12485046e+03, 3.65558685e+02, 5.75465977e-01,
       1.11903674e+03, 4.12578705e+02, 5.87321937e-01, 1.32500391e+03,
       4.33240021e+02, 7.38476157e-01, 1.52808667e+03, 4.53797577e+02,
       6.33437932e-01, 1.13368933e+03, 3.15511719e+02, 5.57559490e-01,
       1.36618567e+03, 2.97784546e+02, 5.19943774e-01, 1.56341187e+03,
       2.83096680e+02, 5.37016273e-01, 7.39291626e+02, 3.74332825e+02,
       7.60582566e-01, 7.42289734e+02, 3.44899445e+02, 8.02880466e-01,
       7.59845642e+02, 3.94941681e+02, 1.79700539e-01, 7.62855225e+02,
       3.18367371e+02, 5.04463017e-01, 1.63699890e+03, 2.68364624e+02,
       5.47978878e-01, 1.63403857e+03, 2.62458862e+02, 5.71650743e-01,
       1.60157739e+03, 2.88920288e+02, 2.08728373e-01, 1.60754565e+03,
       4.59654388e+02, 5.03895164e-01, 1.58997437e+03, 4.71405121e+02,
       4.40633506e-01, 1.55159888e+03, 4.36150726e+02, 3.71575028e-01 ]
