%YAML:1.0
---
pose_0: !!opencv-matrix
   rows: 1
   cols: 25
   dt: "3f"
   data: [ 7.21602844e+02, 4.86171082e+02, 8.59808624e-01,
       8.51072449e+02, 4.83292023e+02, 6.92335427e-01, 8.65829590e+02,
       5.53762756e+02, 5.98082960e-01, 9.77748474e+02, 6.24507690e+02,
       8.72710228e-01, 8.83413635e+02, 5.83335693e+02, 7.72475719e-01,
       8.36461731e+02, 4.18460724e+02, 6.08836293e-01, 9.51094971e+02,
       3.62413605e+02, 6.78578377e-01, 1.03950049e+03, 3.56615540e+02,
       7.32211053e-01, 1.13363379e+03, 5.03778595e+02, 5.17703772e-01,
       1.12479602e+03, 5.50921936e+02, 5.25453031e-01, 1.31027197e+03,
       5.74293762e+02, 2.98697203e-01, 1.47514941e+03, 5.74462891e+02,
       6.21369421e-01, 1.13366528e+03, 4.41992126e+02, 4.61638927e-01,
       1.34552942e+03, 4.68443939e+02, 5.56123197e-01, 1.57222034e+03,
       4.68460968e+02, 5.48180938e-01, 7.06926514e+02, 5.03909729e+02,
       7.83139706e-01, 7.15575195e+02, 4.68457153e+02, 8.20128500e-01,
       7.27473938e+02, 5.24412781e+02, 2.04242930e-01, 7.39140381e+02,
       4.36249420e+02, 6.07401907e-01, 1.63400940e+03, 4.39017365e+02,
       3.96732479e-01, 1.62810437e+03, 4.36168152e+02, 4.48418468e-01,
       1.61335120e+03, 4.80207245e+02, 3.11477035e-01, 1.54570630e+03,
       5.86190186e+02, 2.64039457e-01, 1.48979248e+03, 6.33289307e+02,
       2.07493052e-01, 1.50153406e+03, 5.56733704e+02, 4.14342493e-01 ]
