%YAML:1.0
---
pose_0: !!opencv-matrix
   rows: 1
   cols: 25
   dt: "3f"
   data: [ 7.21648926e+02, 4.83139618e+02, 8.50934923e-01,
       8.45167725e+02, 5.06653381e+02, 5.73712707e-01, 8.56901978e+02,
       5.77451965e+02, 6.51830137e-01, 9.83547424e+02, 6.15664124e+02,
       6.27041042e-01, 9.98253540e+02, 5.86164001e+02, 7.72616625e-01,
       8.09843811e+02, 4.41992859e+02, 4.21759605e-01, 8.36443970e+02,
       4.09660065e+02, 7.38429070e-01, 9.24706116e+02, 3.71343567e+02,
       7.92156100e-01, 1.12777722e+03, 4.97882263e+02, 4.89792764e-01,
       1.12190881e+03, 5.47889526e+02, 5.25879622e-01, 1.33672510e+03,
       5.59760071e+02, 5.82133889e-01, 1.49571387e+03, 5.50920898e+02,
       4.83147264e-01, 1.12774573e+03, 4.39043884e+02, 4.92489249e-01,
       1.35737000e+03, 4.59687347e+02, 6.56645358e-01, 1.57220850e+03,
       4.74304260e+02, 6.04317129e-01, 7.06929565e+02, 4.92073517e+02,
       6.95251048e-01, 7.15725586e+02, 4.59732483e+02, 8.36445808e-01,
       7.18644958e+02, 5.09798340e+02, 1.25898361e-01, 7.42094543e+02,
       4.36116669e+02, 5.71230590e-01, 1.63687183e+03, 4.41951843e+02,
       5.48046350e-01, 1.63102307e+03, 4.39015656e+02, 5.51766992e-01,
       1.59281396e+03, 4.83160706e+02, 4.20817584e-01, 1.52215942e+03,
       5.77375305e+02, 7.79530257e-02, 1.49564258e+03, 5.98020081e+02,
       1.05000794e-01, 1.52511572e+03, 5.42075195e+02, 2.78749615e-01 ]
