%YAML:1.0
---
pose_0: !!opencv-matrix
   rows: 1
   cols: 25
   dt: "3f"
   data: [ 7.39339783e+02, 3.86058044e+02, 8.90722394e-01,
       8.59915771e+02, 3.89023804e+02, 7.72466004e-01, 8.56934937e+02,
       4.59593842e+02, 5.68065286e-01, 9.68795044e+02, 5.51000916e+02,
       8.01129699e-01, 8.45256897e+02, 5.15575012e+02, 7.50067174e-01,
       8.71653992e+02, 3.18393707e+02, 5.71538508e-01, 9.74735901e+02,
       2.44789673e+02, 7.56117582e-01, 8.42249634e+02, 2.00786163e+02,
       7.28922665e-01, 1.12779016e+03, 4.09598145e+02, 6.03148162e-01,
       1.12191003e+03, 4.56616089e+02, 6.00779831e-01, 1.32197302e+03,
       4.62607544e+02, 5.03950715e-01, 1.53393774e+03, 4.80191711e+02,
       5.64598143e-01, 1.13944873e+03, 3.56648010e+02, 5.49167931e-01,
       1.33085925e+03, 3.38941772e+02, 5.16895473e-01, 1.57221265e+03,
       3.00726959e+02, 5.04776299e-01, 7.18731995e+02, 3.92026947e+02,
       7.71063387e-01, 7.36215454e+02, 3.62530548e+02, 8.25671315e-01,
       7.39210266e+02, 4.15521606e+02, 2.88160741e-01, 7.65680237e+02,
       3.38928528e+02, 5.99348426e-01, 1.64573792e+03, 2.65405365e+02,
       4.00517046e-01, 1.63986914e+03, 2.68248077e+02, 4.36513811e-01,
       1.63106885e+03, 3.00743530e+02, 2.16756642e-01, 1.59286462e+03,
       4.44939423e+02, 3.58340859e-01, 1.59570947e+03, 4.68464691e+02,
       2.85331100e-01, 1.56340466e+03, 4.77308868e+02, 2.44337499e-01 ]
