%YAML:1.0
---
pose_0: !!opencv-matrix
   rows: 1
   cols: 25
   dt: "3f"
   data: [ 0., 0., 0., 8.21682861e+02, 5.18524414e+02, 9.03346315e-02,
       0., 0., 0., 0., 0., 0., 0., 0., 0., 0., 0., 0., 0., 0., 0., 0.,
       0., 0., 1.12193457e+03, 5.68587280e+02, 5.64028740e-01,
       1.11594482e+03, 6.03819702e+02, 5.06107450e-01, 1.35450525e+03,
       5.27359741e+02, 7.96648264e-01, 1.58698499e+03, 6.74510620e+02,
       5.13999462e-01, 1.13663159e+03, 5.30229553e+02, 5.12906492e-01,
       1.38094312e+03, 5.15571106e+02, 4.06465530e-01, 1.56626685e+03,
       5.77359009e+02, 6.98903680e-01, 0., 0., 0., 0., 0., 0., 0., 0.,
       0., 0., 0., 0., 1.60161572e+03, 5.00829498e+02, 3.16375017e-01,
       1.59285156e+03, 5.06683350e+02, 3.08840066e-01, 1.58401245e+03,
       5.95055969e+02, 5.30137599e-01, 1.66048254e+03, 7.18603333e+02,
       3.06453496e-01, 1.64280310e+03, 7.24561157e+02, 3.16013575e-01,
       1.61930554e+03, 7.12775513e+02, 2.70406365e-01 ]
