%YAML:1.0
---
pose_0: !!opencv-matrix
   rows: 1
   cols: 25
   dt: "3f"
   data: [ 6.89179993e+02, 5.06669708e+02, 8.84325564e-01,
       8.12845276e+02, 5.12641418e+02, 7.05813825e-01, 8.12831360e+02,
       5.83314880e+02, 6.42360747e-01, 9.54093445e+02, 6.39188171e+02,
       6.14792526e-01, 1.08363062e+03, 7.01036133e+02, 7.01666832e-01,
       8.15782593e+02, 4.39126160e+02, 6.64753735e-01, 9.57148499e+02,
       3.86190704e+02, 8.11119795e-01, 1.10422351e+03, 3.42000183e+02,
       7.79401302e-01, 1.08359412e+03, 5.24406433e+02, 5.60420573e-01,
       1.07479163e+03, 5.74388916e+02, 5.91037512e-01, 1.30145032e+03,
       6.03836853e+02, 7.64758229e-01, 1.51335645e+03, 6.24373962e+02,
       5.85266948e-01, 1.09242297e+03, 4.62659149e+02, 5.18687963e-01,
       1.33380151e+03, 4.59685913e+02, 5.52318215e-01, 1.56328210e+03,
       4.15486389e+02, 6.31575763e-01, 6.74481689e+02, 5.24446533e+02,
       7.05877244e-01, 6.74476013e+02, 4.89039276e+02, 7.87775636e-01,
       6.95048462e+02, 5.45028503e+02, 4.27869916e-01, 7.09797791e+02,
       4.62661957e+02, 5.49376428e-01, 1.63987317e+03, 3.77214417e+02,
       3.01542640e-01, 1.63698145e+03, 3.74332947e+02, 3.03552389e-01,
       1.58689832e+03, 4.06631653e+02, 2.57853597e-01, 1.61350366e+03,
       6.15627197e+02, 4.48842794e-01, 1.60752502e+03, 6.21591370e+02,
       3.96511972e-01, 1.53971094e+03, 6.18619629e+02, 3.67290825e-01 ]
