%YAML:1.0
---
pose_0: !!opencv-matrix
   rows: 1
   cols: 25
   dt: "3f"
   data: [ 7.68656128e+02, 3.97847229e+02, 8.23674560e-01,
       8.65843689e+02, 3.86098297e+02, 7.50352859e-01, 8.62832703e+02,
       4.47882355e+02, 7.29610085e-01, 9.71800110e+02, 5.03666077e+02,
       8.25724661e-01, 8.68802490e+02, 4.33180023e+02, 6.64157569e-01,
       8.65783569e+02, 3.18424591e+02, 6.68538213e-01, 1.00118530e+03,
       3.03689026e+02, 7.89707959e-01, 8.80565796e+02, 3.44830566e+02,
       8.06565464e-01, 1.13074719e+03, 4.33144897e+02, 6.34209394e-01,
       1.11602881e+03, 4.80115234e+02, 6.39357924e-01, 1.28671423e+03,
       5.27179260e+02, 6.75872564e-01, 1.49272156e+03, 5.47918274e+02,
       6.19598448e-01, 1.14257385e+03, 3.85951569e+02, 5.92997909e-01,
       1.33676416e+03, 3.88928589e+02, 7.35554755e-01, 1.56035193e+03,
       3.94916870e+02, 6.52602434e-01, 7.59804260e+02, 4.09703094e+02,
       7.86539197e-01, 7.62658936e+02, 3.83049774e+02, 8.53754044e-01,
       7.71675415e+02, 4.30214630e+02, 2.05895498e-01, 7.80467346e+02,
       3.47759766e+02, 6.08855128e-01, 1.61937097e+03, 3.71402130e+02,
       5.18226504e-01, 1.61346985e+03, 3.65549225e+02, 5.94013631e-01,
       1.58687354e+03, 4.03689972e+02, 3.34199131e-01, 1.56341846e+03,
       5.36161072e+02, 3.91909063e-01, 1.55160901e+03, 5.50923340e+02,
       3.30988884e-01, 1.51923560e+03, 5.33213989e+02, 3.36324006e-01 ]
