%YAML:1.0
---
pose_0: !!opencv-matrix
   rows: 1
   cols: 25
   dt: "3f"
   data: [ 6.86266541e+02, 5.18460327e+02, 7.74629891e-01,
       8.12733643e+02, 4.62595062e+02, 7.19343603e-01, 8.12897400e+02,
       5.53829163e+02, 5.71743250e-01, 9.48149536e+02, 6.24451050e+02,
       6.80543661e-01, 1.07183887e+03, 6.95050049e+02, 8.22260499e-01,
       8.24591797e+02, 3.68367645e+02, 5.82633078e-01, 9.74653687e+02,
       3.18309052e+02, 7.29800224e-01, 1.09840552e+03, 2.68451691e+02,
       8.24580073e-01, 1.11596765e+03, 5.36170105e+02, 5.28358459e-01,
       1.09828381e+03, 5.95071411e+02, 5.23347497e-01, 1.18072009e+03,
       6.45052979e+02, 3.00018936e-01, 0., 0., 0., 1.13363354e+03,
       4.80134796e+02, 4.81795371e-01, 1.37198010e+03, 5.00795776e+02,
       6.31476164e-01, 1.59869543e+03, 4.86087860e+02, 4.93662000e-01,
       6.68631775e+02, 5.24417908e+02, 3.31134647e-01, 6.71456543e+02,
       5.00854340e+02, 7.79667258e-01, 0., 0., 0., 6.80406860e+02,
       4.56712433e+02, 5.94870925e-01, 1.68702979e+03, 4.71438080e+02,
       3.07002038e-01, 1.68412256e+03, 4.65495392e+02, 3.30196291e-01,
       1.63691870e+03, 5.00851654e+02, 2.02018052e-01, 0., 0., 0., 0.,
       0., 0., 0., 0., 0. ]
