%YAML:1.0
---
pose_0: !!opencv-matrix
   rows: 1
   cols: 25
   dt: "3f"
   data: [ 7.36350281e+02, 4.30183472e+02, 7.57676244e-01,
       8.12895935e+02, 5.21487244e+02, 6.30376756e-01, 8.24627930e+02,
       5.97903381e+02, 6.43459678e-01, 954., 6.47988892e+02,
       8.55448544e-01, 1.03947021e+03, 6.53957825e+02, 7.81573415e-01,
       8.01070740e+02, 4.53701691e+02, 5.36982298e-01, 8.80551941e+02,
       4.12580994e+02, 3.66715640e-01, 1.11299512e+03, 3.59539703e+02,
       5.00745654e-01, 1.10421545e+03, 4.74370087e+02, 4.82507110e-01,
       1.11595679e+03, 5.27268250e+02, 5.20562291e-01, 1.34555566e+03,
       5.42013672e+02, 6.10717654e-01, 1.56336938e+03, 5.53846802e+02,
       5.83740830e-01, 1.09833337e+03, 4.12658295e+02, 4.74094421e-01,
       1.30727026e+03, 4.12491302e+02, 5.37819684e-01, 1.54573035e+03,
       4.09602722e+02, 4.35384780e-01, 7.09866943e+02, 4.36086304e+02,
       7.97503829e-01, 7.18564575e+02, 4.12540436e+02, 2.35126168e-01,
       7.15812317e+02, 4.83141663e+02, 6.17507577e-01, 0., 0., 0.,
       1.65165710e+03, 3.71352692e+02, 3.06111187e-01, 1.65161816e+03,
       3.65571655e+02, 3.29377919e-01, 1.60750439e+03, 4.03765259e+02,
       1.91438064e-01, 1.64576355e+03, 5.56805420e+02, 4.69661295e-01,
       1.63397314e+03, 5.74349060e+02, 4.69092071e-01, 1.58695728e+03,
       5.39108032e+02, 3.03032577e-01 ]
