%YAML:1.0
---
pose_0: !!opencv-matrix
   rows: 1
   cols: 25
   dt: "3f"
   data: [ 6.86306091e+02, 5.30378540e+02, 8.34190130e-01,
       7.98075562e+02, 5.12629333e+02, 6.28687501e-01, 8.01031677e+02,
       6.00884583e+02, 6.11302435e-01, 9.04152832e+02, 6.86322815e+02,
       8.01203012e-01, 8.06974121e+02, 6.24571228e+02, 7.44609535e-01,
       8.06893127e+02, 4.33053650e+02, 6.07656062e-01, 9.51156921e+02,
       3.62627350e+02, 8.03967595e-01, 1.02777417e+03, 3.65585449e+02,
       8.13139677e-01, 1.08070691e+03, 5.33286316e+02, 5.21296024e-01,
       1.07180273e+03, 5.94993042e+02, 5.49721360e-01, 1.30434985e+03,
       6.06848694e+02, 4.75784451e-01, 1.58103430e+03, 5.89174744e+02,
       4.11593854e-01, 1.08659131e+03, 4.74368896e+02, 5.36822259e-01,
       1.28671460e+03, 5.06628876e+02, 6.51687801e-01, 1.61040283e+03,
       5.06654205e+02, 4.34398144e-01, 6.68607788e+02, 5.47994324e+02,
       8.22094679e-01, 6.68661682e+02, 5.06868469e+02, 8.10298204e-01,
       6.95066589e+02, 5.56890747e+02, 9.71494466e-02, 6.89131531e+02,
       4.71398468e+02, 6.25184059e-01, 1.75179395e+03, 5.71531250e+02,
       7.83744752e-02, 1.75472449e+03, 5.65562561e+02, 7.22905844e-02,
       1.62810388e+03, 4.97937897e+02, 2.43799716e-01, 1.68098792e+03,
       6.00939331e+02, 1.39856592e-01, 0., 0., 0., 1.61335938e+03,
       5.80373108e+02, 2.07906500e-01 ]
