%YAML:1.0
---
pose_0: !!opencv-matrix
   rows: 1
   cols: 25
   dt: "3f"
   data: [ 7.27438782e+02, 4.74294525e+02, 6.38955116e-01,
       8.53980652e+02, 5.06837616e+02, 7.21659422e-01, 8.33520630e+02,
       5.74363831e+02, 7.78923988e-01, 9.54195923e+02, 6.45040100e+02,
       7.93313742e-01, 1.04820056e+03, 6.48006653e+02, 7.66498208e-01,
       8.62902771e+02, 4.47880707e+02, 5.32842994e-01, 1.00712433e+03,
       4.50749207e+02, 6.34572268e-01, 1.12190723e+03, 4.30148743e+02,
       8.13069940e-01, 1.11595593e+03, 5.53815063e+02, 6.26737893e-01,
       1.09541309e+03, 6.00871460e+02, 5.54720640e-01, 1.30435364e+03,
       5.94916077e+02, 7.81716287e-01, 1.54275854e+03, 6.77422241e+02,
       5.43651342e-01, 1.13362500e+03, 5.06701935e+02, 5.83647609e-01,
       1.35440564e+03, 4.89065033e+02, 7.71581888e-01, 1.55749365e+03,
       5.77419067e+02, 7.06219137e-01, 7.15765381e+02, 4.86167053e+02,
       7.43451476e-01, 7.18603577e+02, 4.59755157e+02, 4.50216711e-01,
       7.39294189e+02, 5.27220520e+02, 4.93864059e-01, 7.39170654e+02,
       4.53770935e+02, 5.65329269e-02, 1.59872961e+03, 5.21427856e+02,
       4.05573219e-01, 1.59573804e+03, 5.24431091e+02, 4.32203501e-01,
       1.57216089e+03, 6.03869019e+02, 5.10686755e-01, 1.66340796e+03,
       6.47973206e+02, 1.72775194e-01, 1.66047229e+03, 6.53890808e+02,
       1.09091826e-01, 1.56931165e+03, 6.71597168e+02, 3.68175358e-01 ]
