%YAML:1.0
---
pose_0: !!opencv-matrix
   rows: 1
   cols: 25
   dt: "3f"
   data: [ 7.68791016e+02, 4.36059540e+02, 8.91721308e-01,
       8.56922729e+02, 4.68469299e+02, 7.59563804e-01, 8.54010559e+02,
       5.27279602e+02, 6.22440457e-01, 9.60047241e+02, 6.48175476e+02,
       8.34954858e-01, 8.62932739e+02, 6.89188110e+02, 8.50975752e-01,
       8.57060913e+02, 4.12476135e+02, 8.02269220e-01, 9.27610657e+02,
       4.80378357e+02, 9.33004379e-01, 8.21668762e+02, 5.53896851e+02,
       8.01545799e-01, 1.10719568e+03, 4.53687347e+02, 5.30301094e-01,
       1.11592395e+03, 4.94945465e+02, 5.57166994e-01, 1.33082312e+03,
       4.94909180e+02, 7.48414993e-01, 1.56036597e+03, 5.03700684e+02,
       6.55680299e-01, 1.10130005e+03, 4.00731232e+02, 5.14457047e-01,
       1.32785742e+03, 3.00711273e+02, 6.95077538e-01, 1.53986597e+03,
       1.91844559e+02, 5.31757474e-01, 7.51027161e+02, 4.50790283e+02,
       8.36180687e-01, 7.65635498e+02, 4.12690125e+02, 8.75068903e-01,
       7.62780273e+02, 4.80105713e+02, 6.69183433e-01, 7.86243958e+02,
       4.03639099e+02, 3.26069862e-01, 1.61637256e+03, 1.32973495e+02,
       3.89223516e-01, 1.61634521e+03, 1.35915863e+02, 2.93483764e-01,
       1.56336206e+03, 2.00691528e+02, 1.68177873e-01, 1.62516589e+03,
       5.09646820e+02, 4.74005699e-01, 1.61637744e+03, 5.18480225e+02,
       5.06330609e-01, 1.58392566e+03, 4.86104340e+02, 3.46930593e-01 ]
