%YAML:1.0
---
pose_0: !!opencv-matrix
   rows: 1
   cols: 25
   dt: "3f"
   data: [ 7.42240051e+02, 3.27173218e+02, 8.37990820e-01,
       8.59822510e+02, 3.44869385e+02, 7.21859276e-01, 8.59894592e+02,
       4.27232544e+02, 5.82984090e-01, 9.98245422e+02, 4.86138885e+02,
       8.12896609e-01, 9.48228577e+02, 5.27436768e+02, 7.93629885e-01,
       8.77530151e+02, 2.68332642e+02, 6.26562953e-01, 1.00716064e+03,
       2.15380402e+02, 6.51874423e-01, 1.04237329e+03, 1.18206169e+02,
       2.25580424e-01, 1.13661353e+03, 3.65575745e+02, 6.15940750e-01,
       1.12774670e+03, 4.12598236e+02, 5.91264844e-01, 1.34551331e+03,
       4.33086151e+02, 6.53252184e-01, 1.54576941e+03, 4.47830231e+02,
       6.66047573e-01, 1.14246106e+03, 3.15498230e+02, 5.79428315e-01,
       1.38092578e+03, 3.00716553e+02, 6.74088955e-01, 1.58398621e+03,
       2.91818726e+02, 6.90308213e-01, 7.27451538e+02, 3.42053345e+02,
       7.88749695e-01, 7.36268860e+02, 3.12465179e+02, 8.20554018e-01,
       7.45145203e+02, 3.74345306e+02, 5.97398639e-01, 7.59835388e+02,
       2.91768311e+02, 4.37719703e-01, 1.64288013e+03, 2.68366638e+02,
       4.95618880e-01, 1.63696179e+03, 2.65429382e+02, 5.59412658e-01,
       1.62514343e+03, 2.94860992e+02, 2.89181828e-01, 1.60744775e+03,
       4.62593628e+02, 5.04877865e-01, 0., 0., 0., 1.57223975e+03,
       4.33133575e+02, 4.08613026e-01 ]
