%YAML:1.0
---
pose_0: !!opencv-matrix
   rows: 1
   cols: 25
   dt: "3f"
   data: [ 5.98011108e+02, 5.09702637e+02, 7.44206905e-01,
       7.65739990e+02, 5.21420532e+02, 4.92560983e-01, 7.71693848e+02,
       6.21439148e+02, 5.26222765e-01, 9.04086731e+02, 6.65692749e+02,
       4.62539792e-01, 1.02481506e+03, 6.92152588e+02, 6.32771730e-01,
       7.21599426e+02, 4.36192139e+02, 3.14741820e-01, 8.95235168e+02,
       3.41897339e+02, 3.63429159e-01, 1.00712000e+03, 2.88842926e+02,
       4.02376086e-01, 1.09835107e+03, 5.30300659e+02, 5.21951377e-01,
       1.08066846e+03, 5.95055420e+02, 4.86548692e-01, 1.36318469e+03,
       6.71602295e+02, 5.06743550e-01, 1.55156360e+03, 6.21538635e+02,
       4.46457326e-01, 1.11300122e+03, 4.62546967e+02, 4.72607791e-01,
       1.35144763e+03, 4.77222595e+02, 6.26743734e-01, 1.73114282e+03,
       4.89109344e+02, 4.05038297e-01, 5.77300537e+02, 5.30286316e+02,
       7.07939029e-01, 5.77401001e+02, 4.83262268e+02, 7.50750124e-01,
       5.95076355e+02, 5.53754333e+02, 1.62233755e-01, 6.09726990e+02,
       4.53743317e+02, 3.97025287e-01, 1.82234607e+03, 4.50799255e+02,
       1.58114687e-01, 1.81939905e+03, 4.50819580e+02, 1.72495157e-01,
       1.75761182e+03, 5.12642334e+02, 2.16779113e-01, 1.67519373e+03,
       6.45114014e+02, 2.44514167e-01, 1.65758386e+03, 6.50932495e+02,
       2.19634891e-01, 1.58393738e+03, 5.98047363e+02, 2.78795481e-01 ]
