%YAML:1.0
---
pose_0: !!opencv-matrix
   rows: 1
   cols: 25
   dt: "3f"
   data: [ 7.42108459e+02, 3.21387360e+02, 5.83901346e-01,
       8.57082825e+02, 2.59460602e+02, 4.35779721e-01, 8.62893066e+02,
       2.91895599e+02, 2.70448148e-01, 9.07108215e+02, 4.00801819e+02,
       6.12341404e-01, 9.68761475e+02, 5.47933472e+02, 7.66145527e-01,
       8.53992615e+02, 2.47746567e+02, 4.98761356e-01, 9.09984619e+02,
       4.00797058e+02, 1.98021919e-01, 9.65918823e+02, 5.39165894e+02,
       1.41422540e-01, 1.14253882e+03, 2.62480347e+02, 4.78295833e-01,
       1.14244531e+03, 3.12416992e+02, 5.20566523e-01, 1.33096277e+03,
       3.92037872e+02, 7.28308916e-01, 1.51618884e+03, 2.68300079e+02,
       5.03112614e-01, 1.14544812e+03, 2.09496857e+02, 3.99700612e-01,
       1.35737085e+03, 2.18297165e+02, 5.84427655e-01, 1.60749487e+03,
       1.59461349e+02, 2.67043591e-01, 7.21568787e+02, 3.21302673e+02,
       1.36462867e-01, 7.30393799e+02, 3.09530884e+02, 5.11620045e-01,
       0., 0., 0., 7.48135681e+02, 2.53602722e+02, 3.62391710e-01,
       1.68113879e+03, 1.33019318e+02, 2.21846461e-01, 1.67809497e+03,
       1.32919525e+02, 2.26955801e-01, 1.62518433e+03, 1.41788681e+02,
       1.10432848e-01, 1.56630591e+03, 2.88940918e+02, 1.16970763e-01,
       1.55159827e+03, 2.91875031e+02, 1.36812881e-01, 1.53101733e+03,
       2.44703964e+02, 3.85780990e-01 ]
