%YAML:1.0
---
pose_0: !!opencv-matrix
   rows: 1
   cols: 25
   dt: "3f"
   data: [ 7.68723633e+02, 5.03716797e+02, 7.08746389e-02,
       8.45247559e+02, 4.65511871e+02, 4.06264633e-01, 8.48176880e+02,
       4.68479248e+02, 2.78268218e-01, 9.71782043e+02, 4.06624084e+02,
       9.45848301e-02, 0., 0., 0., 8.51099731e+02, 4.59685669e+02,
       2.72028476e-01, 9.77573425e+02, 4.03670807e+02, 6.33882940e-01,
       1.07186829e+03, 5.15524109e+02, 8.00348997e-01, 1.13660681e+03,
       4.15524658e+02, 2.39951819e-01, 1.15719519e+03, 3.89048035e+02,
       1.79168239e-01, 1.33089917e+03, 4.56807098e+02, 8.08805227e-01,
       1.54867688e+03, 3.86140381e+02, 7.43910193e-01, 0., 0., 0., 0.,
       0., 0., 0., 0., 0., 0., 0., 0., 7.68663208e+02, 4.86129547e+02,
       8.73189941e-02, 7.95184692e+02, 4.47902405e+02, 1.00983799e-01,
       7.71663147e+02, 4.77315338e+02, 2.03656182e-01, 0., 0., 0., 0.,
       0., 0., 0., 0., 0., 1.58983350e+03, 3.35963959e+02,
       5.08634925e-01, 1.58981860e+03, 3.42011475e+02, 4.93683904e-01,
       1.56929614e+03, 3.80189819e+02, 5.50767720e-01 ]
