%YAML:1.0
---
pose_0: !!opencv-matrix
   rows: 2
   cols: 25
   dt: "3f"
   data: [ 7.86221191e+02, 3.89132965e+02, 7.12809563e-01,
       8.45229614e+02, 3.09560974e+02, 4.97285783e-01, 8.27586853e+02,
       3.15430786e+02, 3.02015543e-01, 8.57046631e+02, 4.09567627e+02,
       3.46051216e-01, 9.30537170e+02, 5.36210266e+02, 2.49874339e-01,
       8.59923767e+02, 3.00727936e+02, 6.38209641e-01, 9.51086426e+02,
       4.50854309e+02, 7.60795355e-01, 1.03359021e+03, 5.83271423e+02,
       7.69543290e-01, 1.16308887e+03, 3.09560181e+02, 3.87689173e-01,
       1.16300183e+03, 3.62415192e+02, 4.52961028e-01, 1.33377515e+03,
       5.15521973e+02, 7.72494674e-01, 1.54277612e+03, 5.59767578e+02,
       5.36181390e-01, 1.15132446e+03, 2.71338623e+02, 2.58713961e-01,
       1.41910425e+03, 2.80075623e+02, 4.36504215e-01, 1.58684949e+03,
       1.53603485e+02, 1.57339498e-01, 7.71606201e+02, 3.91951385e+02,
       8.34072232e-02, 7.71626282e+02, 3.83074280e+02, 7.08994389e-01,
       0., 0., 0., 7.83337952e+02, 3.35927704e+02, 6.24713600e-01, 0.,
       0., 0., 0., 0., 0., 1.58692419e+03, 1.44703613e+02,
       1.30948380e-01, 1.49273071e+03, 6.51031006e+02, 3.40336621e-01,
       1.49278711e+03, 6.48016968e+02, 2.87952691e-01, 1.57808069e+03,
       5.30295044e+02, 2.68816143e-01, 0., 0., 0., 0., 0., 0.,
       9.57066040e+02, 3.62525055e+02, 7.01769367e-02, 1.04535999e+03,
       4.18420654e+02, 6.01089478e-01, 1.16594763e+03, 5.00850525e+02,
       7.40907073e-01, 0., 0., 0., 0., 0., 0., 0., 0., 0., 0., 0., 0.,
       0., 0., 0., 0., 0., 0., 0., 0., 0., 0., 0., 0., 0., 0., 0., 0.,
       0., 0., 0., 0., 0., 0., 0., 0., 0., 0., 0., 0., 0., 0., 0., 0.,
       0., 0., 0., 0., 0., 0., 0., 0., 0., 0., 0., 0., 0., 0., 0., 0. ]
