%YAML:1.0
---
pose_0: !!opencv-matrix
   rows: 1
   cols: 25
   dt: "3f"
   data: [ 0., 0., 0., 9.01151184e+02, 4.74352051e+02, 1.17013559e-01,
       0., 0., 0., 0., 0., 0., 0., 0., 0., 8.59904236e+02,
       4.80187744e+02, 1.52080342e-01, 9.86528503e+02, 4.12656036e+02,
       5.05796731e-01, 1.12183179e+03, 4.59617737e+02, 5.81670523e-01,
       9.77647644e+02, 4.59627289e+02, 1.10994771e-01, 9.74656433e+02,
       4.68472229e+02, 9.36977416e-02, 1.32781287e+03, 4.65513702e+02,
       3.11965287e-01, 1.41034204e+03, 4.30213013e+02, 5.59419021e-02,
       9.83550049e+02, 4.53726257e+02, 9.30929035e-02, 1.33966675e+03,
       5.33216309e+02, 3.85036886e-01, 1.54280188e+03, 4.33178101e+02,
       4.15803075e-01, 0., 0., 0., 0., 0., 0., 0., 0., 0., 0., 0., 0.,
       0., 0., 0., 0., 0., 0., 1.57219043e+03, 4.24309326e+02,
       2.29173541e-01, 0., 0., 0., 0., 0., 0., 0., 0., 0. ]
