%YAML:1.0
---
pose_0: !!opencv-matrix
   rows: 1
   cols: 25
   dt: "3f"
   data: [ 7.80506592e+02, 5.44950317e+02, 7.87309110e-01,
       8.80520935e+02, 5.30229736e+02, 7.86838174e-01, 8.83366028e+02,
       6.00890991e+02, 7.34209538e-01, 9.74745972e+02, 6.86320740e+02,
       7.47331262e-01, 9.51090271e+02, 7.42268982e+02, 6.58248782e-01,
       8.80557434e+02, 4.59739807e+02, 6.32349968e-01, 9.54172363e+02,
       3.59593109e+02, 6.89910889e-01, 8.92318359e+02, 3.00774963e+02,
       6.79821730e-01, 1.12185962e+03, 5.50889954e+02, 5.57927608e-01,
       1.11900977e+03, 5.97991455e+02, 5.55321991e-01, 1.32784009e+03,
       6.24364380e+02, 7.03496993e-01, 1.53095642e+03, 6.39144653e+02,
       6.37257993e-01, 1.12485364e+03, 5.00792938e+02, 5.14676750e-01,
       1.34846521e+03, 4.65592651e+02, 6.45387888e-01, 1.55449866e+03,
       4.36159912e+02, 6.81766689e-01, 7.62885620e+02, 5.53860107e+02,
       8.16258430e-01, 7.65712219e+02, 5.27198242e+02, 8.28196943e-01,
       7.86407288e+02, 5.68597046e+02, 1.94449171e-01, 7.86313721e+02,
       4.89099609e+02, 5.93300939e-01, 1.62225732e+03, 4.15573822e+02,
       4.43519354e-01, 1.61630859e+03, 4.12602112e+02, 4.97888267e-01,
       1.57514697e+03, 4.30209503e+02, 2.69129097e-01, 1.58686658e+03,
       6.92240173e+02, 6.57926083e-01, 1.57221606e+03, 6.92088867e+02,
       5.77548563e-01, 1.56038257e+03, 6.21379822e+02, 5.60125828e-01 ]
