%YAML:1.0
---
pose_0: !!opencv-matrix
   rows: 1
   cols: 25
   dt: "3f"
   data: [ 6.83375366e+02, 5.00840637e+02, 8.35004866e-01,
       8.09831543e+02, 5.12669617e+02, 7.05132604e-01, 8.12970581e+02,
       5.97983948e+02, 7.58238077e-01, 9.07040283e+02, 6.24585632e+02,
       6.05236888e-01, 9.95346924e+02, 6.45102539e+02, 8.25469434e-01,
       7.89355164e+02, 4.39019653e+02, 6.08745813e-01, 9.65919434e+02,
       4.06670654e+02, 7.54543483e-01, 8.57041199e+02, 4.09495209e+02,
       8.69994640e-01, 1.11590540e+03, 4.86214905e+02, 5.39439082e-01,
       1.11007751e+03, 5.36229553e+02, 5.76683640e-01, 1.30138391e+03,
       5.74366760e+02, 7.87838221e-01, 1.56340442e+03, 6.06838318e+02,
       5.49082935e-01, 1.11592383e+03, 4.33218475e+02, 5.43364465e-01,
       1.34262512e+03, 4.36119324e+02, 6.26604140e-01, 1.56331226e+03,
       4.62670654e+02, 5.57377577e-01, 6.68549744e+02, 5.09696075e+02,
       8.60601723e-01, 6.71636963e+02, 4.77251953e+02, 8.50665689e-01,
       6.89181152e+02, 5.33258057e+02, 3.75942022e-01, 7.00964661e+02,
       4.41991852e+02, 5.45023203e-01, 1.63707068e+03, 4.36195862e+02,
       4.16366339e-01, 1.63404700e+03, 4.36113342e+02, 4.63664591e-01,
       1.60457385e+03, 4.80236481e+02, 2.51084775e-01, 1.66931982e+03,
       5.77369263e+02, 2.23201513e-01, 1.66343787e+03, 5.97974060e+02,
       1.61814615e-01, 1.59277808e+03, 6.03881531e+02, 3.56570750e-01 ]
