%YAML:1.0
---
pose_0: !!opencv-matrix
   rows: 1
   cols: 25
   dt: "3f"
   data: [ 7.45153625e+02, 3.86105560e+02, 8.80481720e-01,
       8.60022766e+02, 4.09515930e+02, 7.28372335e-01, 8.60002502e+02,
       5.03729187e+02, 7.47140408e-01, 9.83576965e+02, 5.45001770e+02,
       7.06694663e-01, 1.08357581e+03, 5.68488159e+02, 7.67260015e-01,
       8.74663574e+02, 3.15328674e+02, 6.66817188e-01, 9.54226440e+02,
       2.24083145e+02, 7.92952836e-01, 1.03360229e+03, 1.18223999e+02,
       7.72193789e-01, 1.13662036e+03, 3.83036560e+02, 5.61353385e-01,
       1.14244836e+03, 4.27289337e+02, 5.75905979e-01, 1.33679041e+03,
       4.83247986e+02, 7.59500504e-01, 1.54575989e+03, 5.74447632e+02,
       6.99696779e-01, 1.13361719e+03, 3.35962128e+02, 5.37377894e-01,
       1.35442798e+03, 3.18316956e+02, 5.79453945e-01, 1.57811035e+03,
       3.18257935e+02, 6.51502550e-01, 7.33327454e+02, 4.00755310e+02,
       8.09959888e-01, 7.39232910e+02, 3.65523163e+02, 8.77105951e-01,
       7.42254517e+02, 4.33137756e+02, 5.53753018e-01, 7.62744385e+02,
       3.44925537e+02, 4.90799516e-01, 1.64584460e+03, 2.91785553e+02,
       5.47012269e-01, 1.63988574e+03, 2.86011993e+02, 5.76034784e-01,
       1.60745044e+03, 3.21304779e+02, 3.04897964e-01, 1.61045447e+03,
       5.97909485e+02, 5.75399458e-01, 1.59571106e+03, 6.03888062e+02,
       5.47061801e-01, 1.56641724e+03, 5.74480652e+02, 4.18165386e-01 ]
