%YAML:1.0
---
pose_0: !!opencv-matrix
   rows: 3
   cols: 25
   dt: "3f"
   data: [ 0., 0., 0., 9.09986877e+02, 5.97979126e+02, 7.29471296e-02,
       0., 0., 0., 0., 0., 0., 0., 0., 0., 0., 0., 0., 0., 0., 0., 0.,
       0., 0., 1.08951501e+03, 4.80283447e+02, 2.38086820e-01,
       1.09545715e+03, 5.27335083e+02, 2.08733872e-01, 1.15427563e+03,
       6.47959717e+02, 3.80092114e-01, 1.43679492e+03, 6.27396362e+02,
       1.77754626e-01, 1.09534937e+03, 4.36156738e+02, 2.74246395e-01,
       1.34559998e+03, 3.50778198e+02, 2.26044759e-01, 1.63396973e+03,
       2.24265015e+02, 2.43915692e-01, 0., 0., 0., 0., 0., 0., 0., 0.,
       0., 0., 0., 0., 0., 0., 0., 0., 0., 0., 0., 0., 0., 0., 0., 0.,
       0., 0., 0., 0., 0., 0., 0., 0., 0., 0., 0., 0., 0., 0., 0., 0.,
       0., 0., 0., 0., 0., 0., 0., 0., 0., 0., 0., 0., 0., 0.,
       6.98115723e+02, 7.39309570e+02, 8.36486593e-02, 7.01040588e+02,
       7.39281799e+02, 1.87725037e-01, 8.33335510e+02, 9.04078735e+02,
       5.70066392e-01, 6.50924438e+02, 9.65854065e+02, 4.99914050e-01,
       6.95157104e+02, 7.39295410e+02, 8.62716436e-02, 8.36333008e+02,
       9.03972107e+02, 1.88338622e-01, 6.44996704e+02, 9.65872925e+02,
       1.28214538e-01, 0., 0., 0., 0., 0., 0., 0., 0., 0., 0., 0., 0.,
       0., 0., 0., 0., 0., 0., 6.03851624e+02, 9.59997925e+02,
       9.22065973e-02, 5.95027649e+02, 1.00115894e+03, 2.28839666e-01,
       5.97936462e+02, 9.95246338e+02, 2.09584087e-01, 6.30340088e+02,
       9.68860107e+02, 3.47625852e-01, 0., 0., 0., 0., 0., 0., 0., 0.,
       0., 0., 0., 0., 0., 0., 0., 7.86315002e+02, 5.39087646e+02,
       1.31417960e-01, 7.09849243e+02, 5.74348389e+02, 2.63618439e-01,
       5.42061523e+02, 6.53933167e+02, 5.04626751e-01, 0., 0., 0., 0.,
       0., 0., 0., 0., 0., 0., 0., 0., 0., 0., 0., 0., 0., 0., 0., 0.,
       0., 0., 0., 0., 0., 0., 0., 0., 0., 0., 0., 0., 0., 0., 0., 0.,
       0., 0., 0., 0., 0., 0., 0., 0., 0., 0., 0., 0., 0., 0., 0. ]
