%YAML:1.0
---
pose_0: !!opencv-matrix
   rows: 2
   cols: 25
   dt: "3f"
   data: [ 0., 0., 0., 0., 0., 0., 9.74727539e+02, 3.83110291e+02,
       1.70098186e-01, 1.07197791e+03, 4.44908630e+02, 6.27154648e-01,
       1.17186218e+03, 5.27212341e+02, 7.24498034e-01, 0., 0., 0., 0.,
       0., 0., 0., 0., 0., 0., 0., 0., 0., 0., 0., 0., 0., 0., 0., 0.,
       0., 0., 0., 0., 0., 0., 0., 0., 0., 0., 0., 0., 0., 0., 0., 0.,
       0., 0., 0., 0., 0., 0., 0., 0., 0., 0., 0., 0., 0., 0., 0., 0.,
       0., 0., 0., 0., 0., 0., 0., 0., 8.09847717e+02, 3.91956940e+02,
       6.98520660e-01, 8.83428101e+02, 3.18420349e+02, 3.97184849e-01,
       8.80547607e+02, 3.00702209e+02, 2.42269695e-01, 9.74667175e+02,
       3.92002136e+02, 1.98754728e-01, 9.98159912e+02, 4.80269836e+02,
       2.30319917e-01, 8.77546814e+02, 3.24307953e+02, 5.22346735e-01,
       9.07030090e+02, 4.94951782e+02, 5.59663534e-01, 9.30652893e+02,
       6.21518494e+02, 4.65106696e-01, 1.18658679e+03, 3.38966949e+02,
       5.33634365e-01, 1.18360999e+03, 3.86037689e+02, 5.74485540e-01,
       1.31025476e+03, 5.47920471e+02, 7.82181501e-01, 1.53982983e+03,
       5.62684875e+02, 5.29634297e-01, 1.18658179e+03, 2.94783173e+02,
       4.07366723e-01, 1.43093506e+03, 2.83009613e+02, 4.67446625e-01,
       1.58990967e+03, 1.56488510e+02, 2.42456496e-01, 0., 0., 0.,
       7.92200684e+02, 3.83161316e+02, 7.35668838e-01, 0., 0., 0.,
       7.95239136e+02, 3.36038361e+02, 6.02566361e-01, 1.66345142e+03,
       1.32998199e+02, 1.78289324e-01, 1.66045557e+03, 1.32923187e+02,
       1.91350088e-01, 1.59284167e+03, 1.27054489e+02, 1.42229423e-01,
       1.59571521e+03, 6.24393005e+02, 1.87558353e-01, 1.58692065e+03,
       6.21437012e+02, 1.94617793e-01, 1.57805371e+03, 5.42096191e+02,
       3.58340144e-01 ]
