%YAML:1.0
---
pose_0: !!opencv-matrix
   rows: 1
   cols: 25
   dt: "3f"
   data: [ 7.62844788e+02, 4.33248016e+02, 8.88835490e-01,
       8.77544373e+02, 4.12615356e+02, 7.16674984e-01, 8.77502075e+02,
       4.89056885e+02, 6.56705499e-01, 9.89414856e+02, 5.06824158e+02,
       7.68818319e-01, 9.07007324e+02, 4.39111969e+02, 8.20874453e-01,
       8.77541199e+02, 3.42017944e+02, 6.58574343e-01, 1.02172681e+03,
       2.91996582e+02, 8.30716789e-01, 9.24656616e+02, 2.91834747e+02,
       7.93501794e-01, 1.13364270e+03, 4.53707794e+02, 6.00165367e-01,
       1.11890210e+03, 5.00877686e+02, 6.41608536e-01, 1.30725476e+03,
       5.53767639e+02, 6.36394858e-01, 1.49862988e+03, 5.83248474e+02,
       5.26304841e-01, 1.13961621e+03, 3.94850830e+02, 5.98169327e-01,
       1.35141064e+03, 4.12455597e+02, 7.43601680e-01, 1.57513916e+03,
       4.21430725e+02, 5.81674397e-01, 7.48087585e+02, 4.44934753e+02,
       7.67215192e-01, 7.48047607e+02, 4.12537933e+02, 8.20007503e-01,
       7.65859253e+02, 4.56801636e+02, 1.23125359e-01, 7.65698486e+02,
       3.80222595e+02, 6.27651691e-01, 1.63406226e+03, 3.91986664e+02,
       4.35545802e-01, 1.63099438e+03, 3.89108276e+02, 4.97807920e-01,
       1.61051660e+03, 4.33124329e+02, 3.59150857e-01, 1.53982031e+03,
       5.53785706e+02, 2.69215912e-01, 0., 0., 0., 1.54572498e+03,
       5.80344482e+02, 2.64542758e-01 ]
