%YAML:1.0
---
pose_0: !!opencv-matrix
   rows: 1
   cols: 25
   dt: "3f"
   data: [ 7.42165039e+02, 3.38912018e+02, 8.66088390e-01,
       8.33478394e+02, 3.62520844e+02, 7.31012225e-01, 8.36353333e+02,
       4.15478485e+02, 6.71557426e-01, 8.68743652e+02, 4.89048645e+02,
       6.81075573e-01, 7.42288452e+02, 5.24288635e+02, 8.05118799e-01,
       8.18740601e+02, 3.00725311e+02, 6.74395978e-01, 9.04044128e+02,
       2.74240387e+02, 7.78297484e-01, 857., 4.09673676e+02,
       8.19958925e-01, 1.10131909e+03, 3.68438629e+02, 5.49560368e-01,
       1.09248779e+03, 4.15504944e+02, 5.46834528e-01, 1.32488379e+03,
       4.33258881e+02, 7.07720876e-01, 1.53682556e+03, 4.53803802e+02,
       5.76754451e-01, 1.10719849e+03, 3.15445221e+02, 4.93045926e-01,
       1.37199646e+03, 2.94841370e+02, 6.23927295e-01, 1.56636914e+03,
       2.80118469e+02, 5.47956288e-01, 7.27510803e+02, 3.53688995e+02,
       7.37735391e-01, 7.36249634e+02, 3.18411530e+02, 8.12362313e-01,
       7.48140869e+02, 3.86021942e+02, 6.25368536e-01, 7.59788452e+02,
       2.97840179e+02, 4.37535971e-01, 1.63702332e+03, 2.68259094e+02,
       5.03756821e-01, 1.63404272e+03, 2.59543823e+02, 5.36628723e-01,
       1.60741797e+03, 2.88920624e+02, 2.43445426e-01, 1.60754907e+03,
       4.56735748e+02, 4.94447708e-01, 1.59572522e+03, 4.71380981e+02,
       4.36072111e-01, 1.55751025e+03, 4.36102722e+02, 2.60278434e-01 ]
