%YAML:1.0
---
pose_0: !!opencv-matrix
   rows: 1
   cols: 25
   dt: "3f"
   data: [ 6.65661621e+02, 5.27308350e+02, 7.69658566e-01,
       7.89321899e+02, 4.62672058e+02, 7.06402898e-01, 7.98147522e+02,
       5.50922180e+02, 5.73308229e-01, 9.30568542e+02, 6.15636902e+02,
       7.47385442e-01, 1.01292688e+03, 6.71685303e+02, 8.26711535e-01,
       7.95205078e+02, 3.74273712e+02, 6.27500117e-01, 9.54144653e+02,
       3.18330566e+02, 8.15962195e-01, 1.06892151e+03, 2.47723358e+02,
       8.53401780e-01, 1.09834668e+03, 5.24402039e+02, 5.62357783e-01,
       1.08949365e+03, 5.74514404e+02, 5.81897438e-01, 1.33082520e+03,
       6.24451660e+02, 6.99393451e-01, 1.49868811e+03, 6.18526184e+02,
       6.48844361e-01, 1.11006726e+03, 4.59722015e+02, 5.10885060e-01,
       1.33089795e+03, 4.80149231e+02, 6.33504868e-01, 1.60456934e+03,
       4.86098389e+02, 5.98968685e-01, 6.47929321e+02, 5.30234863e+02,
       2.49780715e-01, 6.48068115e+02, 5.06904358e+02, 7.36624002e-01,
       0., 0., 0., 6.62728699e+02, 4.71378937e+02, 5.46396911e-01,
       1.69874500e+03, 4.56764648e+02, 3.79771173e-01, 1.68995996e+03,
       4.56764313e+02, 3.73875678e-01, 1.62226099e+03, 4.97862549e+02,
       2.61842698e-01, 1.59277405e+03, 6.36236511e+02, 4.20132458e-01,
       1.57518286e+03, 6.45072510e+02, 4.32371020e-01, 1.52511816e+03,
       5.95007507e+02, 4.28356588e-01 ]
