%YAML:1.0
---
pose_0: !!opencv-matrix
   rows: 1
   cols: 25
   dt: "3f"
   data: [ 6.48071228e+02, 5.03701111e+02, 8.74417305e-01,
       7.92181824e+02, 5.06689545e+02, 7.60106266e-01, 7.89321289e+02,
       6.09744812e+02, 6.56340241e-01, 8.68805359e+02, 7.62662537e+02,
       7.67672062e-01, 8.54030151e+02, 6.95200867e+02, 8.11895669e-01,
       8.06860229e+02, 4.03688171e+02, 6.54487312e-01, 9.54033325e+02,
       3.80221436e+02, 7.31424689e-01, 1.01294928e+03, 3.65624664e+02,
       7.63889849e-01, 1.09546790e+03, 5.27417786e+02, 5.70941687e-01,
       1.09238672e+03, 5.80388855e+02, 5.48048675e-01, 1.29550854e+03,
       5.74448486e+02, 3.67260247e-01, 1.55161096e+03, 5.77343506e+02,
       2.06117034e-01, 1.10127808e+03, 4.62654205e+02, 5.15276134e-01,
       1.28673108e+03, 4.56611969e+02, 3.98411870e-01, 1.56339551e+03,
       5.09644287e+02, 2.18488514e-01, 6.36236389e+02, 5.24408020e+02,
       7.51981974e-01, 6.36247437e+02, 4.83249786e+02, 8.54303837e-01,
       6.50970947e+02, 5.53785828e+02, 4.63393033e-01, 6.62758972e+02,
       4.59544708e+02, 5.66508174e-01, 0., 0., 0., 0., 0., 0.,
       1.58981775e+03, 5.21446777e+02, 1.17729805e-01, 0., 0., 0., 0.,
       0., 0., 0., 0., 0. ]
