%YAML:1.0
---
pose_0: !!opencv-matrix
   rows: 1
   cols: 25
   dt: "3f"
   data: [ 6.53883911e+02, 4.83230408e+02, 8.54562104e-01,
       7.68698853e+02, 5.06625641e+02, 7.32605398e-01, 7.77477478e+02,
       5.92037109e+02, 6.24889672e-01, 9.07113525e+02, 6.53954041e+02,
       7.76113629e-01, 1.00129504e+03, 6.68693481e+02, 8.67513180e-01,
       7.62804443e+02, 4.30140442e+02, 6.50490642e-01, 9.51183838e+02,
       4.09694733e+02, 8.85910928e-01, 8.09954773e+02, 3.92038147e+02,
       8.36573601e-01, 1.06883691e+03, 5.12652527e+02, 5.34061670e-01,
       1.06596790e+03, 5.62628418e+02, 5.40847719e-01, 1.31318079e+03,
       5.71394348e+02, 6.03219867e-01, 1.58993896e+03, 5.89109924e+02,
       6.29269600e-01, 1.06594543e+03, 4.56703613e+02, 5.54754257e-01,
       1.35147339e+03, 4.36165771e+02, 6.49402976e-01, 1.54868262e+03,
       4.36046875e+02, 5.97155690e-01, 6.39226563e+02, 5.03658325e+02,
       8.08861136e-01, 6.45097778e+02, 4.59787720e+02, 8.67905974e-01,
       6.51068970e+02, 5.27365906e+02, 3.78840148e-01, 6.71594238e+02,
       4.36229980e+02, 6.10791922e-01, 1.63704309e+03, 4.27269867e+02,
       4.40247238e-01, 1.63409351e+03, 4.18490356e+02, 4.75583315e-01,
       1.56340845e+03, 4.15562775e+02, 2.00807929e-01, 1.70173975e+03,
       5.92046143e+02, 3.75783145e-01, 1.68991870e+03, 6.00862671e+02,
       3.90711725e-01, 1.61639014e+03, 5.77332397e+02, 3.37965041e-01 ]
