%YAML:1.0
---
pose_0: !!opencv-matrix
   rows: 1
   cols: 25
   dt: "3f"
   data: [ 6.83332642e+02, 4.92020416e+02, 8.16432178e-01,
       8.09978760e+02, 5.09636292e+02, 7.35415936e-01, 8.15730042e+02,
       5.94995972e+02, 7.49228001e-01, 9.33543945e+02, 6.27391785e+02,
       6.87415063e-01, 1.00410193e+03, 6.36191650e+02, 7.78997123e-01,
       8.06916870e+02, 4.39052124e+02, 6.53218806e-01, 9.60003479e+02,
       3.86182617e+02, 8.30903649e-01, 8.39302124e+02, 3.91926453e+02,
       8.10323358e-01, 1.10712354e+03, 4.89096466e+02, 5.03316879e-01,
       1.09836926e+03, 5.36190674e+02, 5.89190960e-01, 1.32497034e+03,
       5.77526611e+02, 6.97496176e-01, 1.55744507e+03, 6.03973755e+02,
       5.44093192e-01, 1.09836389e+03, 4.33206848e+02, 5.11108875e-01,
       1.33090820e+03, 4.33248840e+02, 6.41560793e-01, 1.55455139e+03,
       4.59763733e+02, 6.02881670e-01, 6.68534241e+02, 5.06682983e+02,
       8.67550075e-01, 6.71671448e+02, 4.71416504e+02, 8.39321852e-01,
       6.86295227e+02, 5.27420959e+02, 3.69724274e-01, 7.06858582e+02,
       4.39142120e+02, 5.43359160e-01, 1.63396057e+03, 4.44937225e+02,
       4.10195172e-01, 1.63098193e+03, 4.41974335e+02, 4.04794425e-01,
       1.58102246e+03, 4.74332855e+02, 2.47305572e-01, 1.63992920e+03,
       5.92061340e+02, 3.76257122e-01, 1.62814050e+03, 6.03854248e+02,
       3.28819335e-01, 1.58984705e+03, 6.06813538e+02, 3.16564292e-01 ]
