%YAML:1.0
---
pose_0: !!opencv-matrix
   rows: 2
   cols: 25
   dt: "3f"
   data: [ 0., 0., 0., 6.92194763e+02, 4.83148346e+02, 2.04939917e-01,
       0., 0., 0., 0., 0., 0., 0., 0., 0., 6.48041260e+02,
       5.03766205e+02, 1.26755863e-01, 0., 0., 0., 0., 0., 0.,
       1.05713599e+03, 5.77337708e+02, 4.25004125e-01, 1.04539038e+03,
       6.42085388e+02, 4.35467064e-01, 1.28967041e+03, 6.48127686e+02,
       4.93161470e-01, 1.68111768e+03, 6.74527588e+02, 4.69902307e-01,
       1.06592944e+03, 5.09705566e+02, 4.23061401e-01, 1.34851721e+03,
       4.80230103e+02, 3.56207818e-01, 1.58099500e+03, 4.71436859e+02,
       4.22160476e-01, 0., 0., 0., 0., 0., 0., 0., 0., 0., 0., 0., 0.,
       1.69875708e+03, 4.62570648e+02, 4.30718601e-01, 1.69873804e+03,
       4.59560516e+02, 4.37242240e-01, 1.58101685e+03, 4.74361481e+02,
       2.32645050e-01, 1.80175793e+03, 6.65666565e+02, 5.67015558e-02,
       0., 0., 0., 1.69586511e+03, 6.68599182e+02, 2.19065815e-01, 0.,
       0., 0., 0., 0., 0., 0., 0., 0., 0., 0., 0., 0., 0., 0.,
       7.24542603e+02, 4.12473602e+02, 2.37477094e-01, 9.01163513e+02,
       3.80211609e+02, 4.19759959e-01, 1.05121265e+03, 3.18493591e+02,
       6.58991337e-01, 0., 0., 0., 0., 0., 0., 0., 0., 0., 0., 0., 0.,
       0., 0., 0., 0., 0., 0., 0., 0., 0., 0., 0., 0., 0., 0., 0., 0.,
       0., 0., 0., 0., 0., 0., 0., 0., 0., 0., 0., 0., 0., 0., 0., 0.,
       0., 0., 0., 0., 0., 0., 0. ]
