%YAML:1.0
---
pose_0: !!opencv-matrix
   rows: 1
   cols: 25
   dt: "3f"
   data: [ 7.39310791e+02, 5.24367676e+02, 6.54134631e-01,
       8.36340942e+02, 4.80340149e+02, 3.55326891e-01, 8.54075867e+02,
       5.36184326e+02, 1.40748277e-01, 0., 0., 0., 0., 0., 0.,
       8.09934082e+02, 4.30158173e+02, 3.90870631e-01, 6.48018677e+02,
       3.94956512e+02, 4.23232645e-01, 5.33257751e+02, 4.09512390e+02,
       6.45367265e-01, 1.11011682e+03, 5.18491089e+02, 2.03327358e-01,
       1.13948877e+03, 5.65612732e+02, 1.77682221e-01, 1.35139490e+03,
       6.48014709e+02, 4.72844750e-01, 1.53979968e+03, 6.77523071e+02,
       4.10633206e-01, 1.07481482e+03, 4.68477936e+02, 1.76012143e-01,
       1.16599829e+03, 4.50823853e+02, 2.17408329e-01, 1.33082495e+03,
       4.18448822e+02, 2.81566471e-01, 7.18555908e+02, 5.27262512e+02,
       5.26829720e-01, 7.21667358e+02, 5.03657288e+02, 5.72176456e-01,
       0., 0., 0., 7.39172852e+02, 4.56778503e+02, 4.40053403e-01, 0.,
       0., 0., 0., 0., 0., 1.33968677e+03, 4.33095917e+02,
       1.99450463e-01, 1.58983765e+03, 7.36317505e+02, 2.72508949e-01,
       1.58981592e+03, 7.27525452e+02, 2.30933785e-01, 1.57223242e+03,
       6.51089355e+02, 2.27057099e-01 ]
