%YAML:1.0
---
pose_0: !!opencv-matrix
   rows: 1
   cols: 25
   dt: "3f"
   data: [ 7.59753845e+02, 4.83327667e+02, 8.18479180e-01,
       8.56987122e+02, 4.71417145e+02, 6.16759121e-01, 8.74651001e+02,
       5.33299072e+02, 5.71791828e-01, 9.98231262e+02, 5.74344788e+02,
       6.74131751e-01, 1.11590405e+03, 6.27443542e+02, 7.60553658e-01,
       8.42300293e+02, 4.09601532e+02, 5.04203856e-01, 9.77659851e+02,
       3.68456573e+02, 7.00251818e-01, 1.10424817e+03, 3.65608795e+02,
       7.26049542e-01, 1.12776599e+03, 5.00849670e+02, 5.27344823e-01,
       1.11901807e+03, 5.50925293e+02, 5.44679940e-01, 1.33376563e+03,
       6.21624817e+02, 7.07041502e-01, 1.53978772e+03, 6.74453003e+02,
       5.15881777e-01, 1.13947681e+03, 4.47901581e+02, 4.74655509e-01,
       1.33092139e+03, 4.50749847e+02, 5.19130349e-01, 1.54571094e+03,
       4.50798248e+02, 3.63816112e-01, 7.42268127e+02, 5.00756104e+02,
       7.56778240e-01, 7.42193359e+02, 4.71384186e+02, 7.49164462e-01,
       7.59894775e+02, 5.06924713e+02, 2.00941801e-01, 7.56950989e+02,
       4.36101349e+02, 5.63374877e-01, 1.63698462e+03, 4.27294556e+02,
       8.79334062e-02, 1.63406177e+03, 4.18523590e+02, 8.70070830e-02,
       1.58398206e+03, 4.53749146e+02, 1.55317962e-01, 1.62227087e+03,
       6.62695801e+02, 4.29079115e-01, 1.61347437e+03, 6.71597717e+02,
       3.48889142e-01, 1.56629004e+03, 6.95096680e+02, 2.03596354e-01 ]
