%YAML:1.0
---
pose_0: !!opencv-matrix
   rows: 1
   cols: 25
   dt: "3f"
   data: [ 6.39184143e+02, 5.24284180e+02, 8.06771755e-01,
       7.68669861e+02, 5.30172546e+02, 7.01252878e-01, 7.86221985e+02,
       6.21480164e+02, 5.73278904e-01, 9.30641907e+02, 6.77404785e+02,
       5.16302347e-01, 1.09232520e+03, 7.36303040e+02, 6.58155680e-01,
       7.65684937e+02, 4.39112305e+02, 5.92680216e-01, 9.03981995e+02,
       3.97818176e+02, 7.51005828e-01, 1.02777356e+03, 3.62397034e+02,
       8.59407485e-01, 1.07183374e+03, 5.62632385e+02, 5.26700258e-01,
       1.06302271e+03, 6.21424744e+02, 5.26444197e-01, 1.32785620e+03,
       6.24447632e+02, 6.87626123e-01, 1.61932654e+03, 6.62776001e+02,
       5.64740181e-01, 1.07478784e+03, 5.03702240e+02, 5.20344019e-01,
       1.34259387e+03, 4.97946014e+02, 5.92718959e-01, 1.57812122e+03,
       4.89101776e+02, 5.14101565e-01, 6.21487488e+02, 5.33200439e+02,
       8.12980950e-01, 6.24585266e+02, 4.97868195e+02, 8.33816648e-01,
       6.44932983e+02, 5.51008606e+02, 2.39930794e-01, 6.50991333e+02,
       4.62615692e+02, 5.69973409e-01, 1.68407629e+03, 4.68476868e+02,
       2.99757510e-01, 1.68113220e+03, 4.65538177e+02, 3.37804377e-01,
       1.59285889e+03, 4.89114868e+02, 2.36132860e-01, 1.72813293e+03,
       6.42129578e+02, 2.52258867e-01, 1.71053662e+03, 6.65668640e+02,
       1.76429287e-01, 1.63701184e+03, 6.48065796e+02, 2.97519505e-01 ]
