%YAML:1.0
---
pose_0: !!opencv-matrix
   rows: 1
   cols: 25
   dt: "3f"
   data: [ 7.24511658e+02, 4.80325317e+02, 8.51564765e-01,
       8.36403442e+02, 4.97927704e+02, 6.64633512e-01, 8.59861511e+02,
       5.71519348e+02, 4.84102428e-01, 1.00415234e+03, 6.21391541e+02,
       7.61571229e-01, 1.08656116e+03, 5.94948853e+02, 7.80458152e-01,
       8.33441833e+02, 4.36180328e+02, 6.32306993e-01, 9.77771423e+02,
       3.33067963e+02, 6.50625944e-01, 9.51185120e+02, 3.77199646e+02,
       7.83079863e-01, 1.13948425e+03, 5.09667053e+02, 5.94767869e-01,
       1.12487158e+03, 5.53961914e+02, 6.02723002e-01, 1.31318323e+03,
       5.71508240e+02, 3.30223262e-01, 1.48392126e+03, 5.74504761e+02,
       4.14813697e-01, 1.14251746e+03, 4.56702911e+02, 5.96623719e-01,
       1.35141602e+03, 4.80181641e+02, 6.79505348e-01, 1.56043567e+03,
       4.74311401e+02, 6.23546660e-01, 7.09784790e+02, 4.89031158e+02,
       7.00289786e-01, 7.18611816e+02, 4.59658142e+02, 8.53326201e-01,
       7.18681519e+02, 5.15510315e+02, 3.44531775e-01, 7.53991211e+02,
       4.39109070e+02, 5.83743572e-01, 1.63097803e+03, 4.62579834e+02,
       3.43033165e-01, 1.62220020e+03, 4.56734833e+02, 4.01541144e-01,
       1.58392102e+03, 4.68497284e+02, 2.77845412e-01, 1.53974976e+03,
       5.74478271e+02, 1.87568605e-01, 0., 0., 0., 1.51628796e+03,
       5.65561523e+02, 2.59651810e-01 ]
