%YAML:1.0
---
pose_0: !!opencv-matrix
   rows: 1
   cols: 25
   dt: "3f"
   data: [ 7.89418274e+02, 3.38874878e+02, 8.03194523e-01,
       8.77604980e+02, 3.89062103e+02, 6.80367589e-01, 8.62909851e+02,
       4.62560303e+02, 5.25752842e-01, 9.42298889e+02, 5.74349670e+02,
       5.03447950e-01, 9.77753784e+02, 5.97912781e+02, 7.58016467e-01,
       8.86409424e+02, 3.33102448e+02, 5.52460432e-01, 1.06882483e+03,
       3.30179810e+02, 7.08350778e-01, 1.16905261e+03, 2.85955841e+02,
       7.18847096e-01, 1.13960718e+03, 4.09619507e+02, 6.20025992e-01,
       1.13945654e+03, 4.56676849e+02, 5.80293894e-01, 1.36326025e+03,
       4.95002716e+02, 5.18916309e-01, 1.51634766e+03, 5.30303711e+02,
       6.14603996e-01, 1.14251331e+03, 3.62490845e+02, 6.39213979e-01,
       1.32780408e+03, 3.15489594e+02, 7.45802581e-01, 1.56331482e+03,
       2.68345978e+02, 5.92351317e-01, 7.71671387e+02, 3.44969147e+02,
       7.58313835e-01, 7.83364563e+02, 3.21257904e+02, 5.36704361e-01,
       7.86333130e+02, 3.85919403e+02, 7.65918016e-01, 0., 0., 0.,
       1.63995947e+03, 2.44772583e+02, 4.85271454e-01, 1.63696460e+03,
       2.41772064e+02, 4.63425815e-01, 1.58694727e+03, 2.68290741e+02,
       3.12347174e-01, 1.58680383e+03, 5.09756409e+02, 4.29004133e-01,
       1.57517676e+03, 5.24401428e+02, 3.29861373e-01, 1.54278052e+03,
       5.30325562e+02, 3.13175738e-01 ]
