%YAML:1.0
---
pose_0: !!opencv-matrix
   rows: 1
   cols: 25
   dt: "3f"
   data: [ 7.18661743e+02, 3.33082947e+02, 8.13656330e-01,
       8.12746643e+02, 3.44811646e+02, 8.34236741e-01, 8.09972107e+02,
       4.24326813e+02, 6.43936932e-01, 7.42105774e+02, 4.56558441e+02,
       7.80617476e-01, 6.45022034e+02, 4.06630798e+02, 6.61474109e-01,
       8.09919312e+02, 2.71288513e+02, 7.87271261e-01, 8.42262207e+02,
       3.27246338e+02, 7.16319919e-01, 8.59825378e+02, 4.53660370e+02,
       8.63184273e-01, 1.08358936e+03, 3.65392853e+02, 5.24065256e-01,
       1.07777271e+03, 4.09708710e+02, 5.33753097e-01, 1.30145386e+03,
       4.30236877e+02, 7.28557110e-01, 1.52214307e+03, 4.53791290e+02,
       6.18226767e-01, 1.08657117e+03, 3.15341553e+02, 4.88132358e-01,
       1.32795483e+03, 2.94965302e+02, 5.19939423e-01, 1.54280811e+03,
       2.83084778e+02, 5.07461727e-01, 7.06906067e+02, 3.53743317e+02,
       7.41028547e-01, 7.06855225e+02, 3.18337860e+02, 7.75317311e-01,
       7.33342712e+02, 3.86123871e+02, 5.38877249e-01, 7.24588623e+02,
       2.91960785e+02, 2.35355914e-01, 1.63402771e+03, 2.65349915e+02,
       4.45260763e-01, 1.63389478e+03, 2.62421753e+02, 4.55981910e-01,
       1.55455981e+03, 2.74273102e+02, 1.88883513e-01, 1.61045251e+03,
       4.56779846e+02, 5.41674435e-01, 1.59873035e+03, 4.65574646e+02,
       4.58671749e-01, 1.54860767e+03, 4.39032654e+02, 3.61790299e-01 ]
