%YAML:1.0
---
pose_0: !!opencv-matrix
   rows: 1
   cols: 25
   dt: "3f"
   data: [ 7.95230347e+02, 5.30199585e+02, 6.50898993e-01,
       8.83543945e+02, 4.53790375e+02, 4.94178236e-01, 8.77612122e+02,
       4.42007935e+02, 3.05397421e-01, 0., 0., 0., 0., 0., 0.,
       9.01063354e+02, 4.59763550e+02, 6.71372473e-01, 1.04542737e+03,
       4.80291809e+02, 8.61667573e-01, 1.18952148e+03, 5.00770447e+02,
       7.98008859e-01, 1.15723120e+03, 3.74323364e+02, 5.38103878e-01,
       1.18073438e+03, 3.44837036e+02, 4.87723202e-01, 1.37506738e+03,
       5.09755585e+02, 7.04681695e-01, 1.56922949e+03, 3.88916321e+02,
       7.51885772e-01, 1.13957410e+03, 4.06696655e+02, 4.37730491e-01,
       1.37198206e+03, 5.36155762e+02, 5.95969796e-01, 1.63404712e+03,
       4.21422974e+02, 5.79673350e-01, 7.83353699e+02, 5.27294678e+02,
       6.27845228e-02, 7.86371582e+02, 5.06834381e+02, 6.52303338e-01,
       0., 0., 0., 8.06905884e+02, 4.62570679e+02, 6.13549709e-01,
       1.68404529e+03, 3.68410217e+02, 3.59888315e-01, 1.68401172e+03,
       3.74327606e+02, 2.94046044e-01, 1.63402771e+03, 4.24329285e+02,
       2.49110937e-01, 1.68100317e+03, 3.62599060e+02, 3.10507149e-01,
       1.67521875e+03, 3.68440063e+02, 1.97693303e-01, 1.58696680e+03,
       3.65439941e+02, 4.55127537e-01 ]
