%YAML:1.0
---
pose_0: !!opencv-matrix
   rows: 1
   cols: 25
   dt: "3f"
   data: [ 0., 0., 0., 7.33374817e+02, 6.03854736e+02, 1.26879230e-01,
       7.59809021e+02, 6.45112488e+02, 1.64451346e-01, 6.65678650e+02,
       7.33333069e+02, 5.14964581e-01, 4.56764709e+02, 6.95129639e+02,
       7.40823328e-01, 0., 0., 0., 0., 0., 0., 0., 0., 0.,
       1.01591321e+03, 5.83297974e+02, 2.99797714e-01, 1.01887244e+03,
       6.48053406e+02, 2.85178185e-01, 1.39852393e+03, 6.68517212e+02,
       2.68255323e-01, 1.73122229e+03, 6.74546448e+02, 3.62894952e-01,
       1.01005133e+03, 5.09730988e+02, 3.01950246e-01, 1.28087012e+03,
       5.00823578e+02, 2.21560672e-01, 1.62810193e+03, 4.86200623e+02,
       1.04800627e-01, 0., 0., 0., 0., 0., 0., 0., 0., 0., 0., 0., 0.,
       0., 0., 0., 0., 0., 0., 1.66053101e+03, 4.89070374e+02,
       9.82097238e-02, 0., 0., 0., 0., 0., 0., 1.75169299e+03,
       6.71584106e+02, 2.31277749e-01 ]
