%YAML:1.0
---
pose_0: !!opencv-matrix
   rows: 1
   cols: 25
   dt: "3f"
   data: [ 7.53968872e+02, 4.06585815e+02, 7.39854813e-01,
       8.30445251e+02, 3.89061340e+02, 5.92220962e-01, 8.12761658e+02,
       4.44951904e+02, 5.10266542e-01, 8.86435181e+02, 5.30295532e+02,
       2.10186616e-01, 9.27691284e+02, 5.53795227e+02, 1.74883991e-01,
       8.36420837e+02, 3.41909485e+02, 6.90542638e-01, 9.36426392e+02,
       3.86050262e+02, 8.02457869e-01, 9.48126160e+02, 5.33311462e+02,
       7.59896100e-01, 1.12189868e+03, 3.65493591e+02, 3.68285567e-01,
       1.11898767e+03, 4.12516602e+02, 3.22280020e-01, 1.36325757e+03,
       5.06872375e+02, 7.41806507e-01, 1.56921423e+03, 5.53752502e+02,
       6.57920539e-01, 1.12190186e+03, 3.24230743e+02, 3.05908561e-01,
       1.36322412e+03, 2.77157349e+02, 4.16839361e-01, 1.54570313e+03,
       1.65297485e+02, 2.88156718e-01, 7.39146362e+02, 4.15454315e+02,
       7.34441638e-01, 7.42130615e+02, 3.86013580e+02, 7.83826053e-01,
       7.42243103e+02, 4.39016418e+02, 2.28390515e-01, 7.62731323e+02,
       3.59570862e+02, 6.00238979e-01, 1.60166040e+03, 1.21203842e+02,
       2.28173286e-01, 1.59576855e+03, 1.21186646e+02, 2.32385114e-01,
       0., 0., 0., 1.59287805e+03, 6.48087036e+02, 4.33959991e-01,
       1.58686853e+03, 6.45017639e+02, 3.37419003e-01, 1.59284680e+03,
       5.33289368e+02, 4.96392846e-01 ]
