%YAML:1.0
---
pose_0: !!opencv-matrix
   rows: 1
   cols: 25
   dt: "3f"
   data: [ 6.92146912e+02, 5.03776733e+02, 8.82959723e-01,
       8.15831665e+02, 4.83273956e+02, 7.33777940e-01, 8.12755188e+02,
       5.65640564e+02, 5.52859962e-01, 9.68867432e+02, 6.21625793e+02,
       7.97619104e-01, 8.12973755e+02, 6.03861938e+02, 7.83698320e-01,
       8.30479309e+02, 4.03684937e+02, 6.38652861e-01, 9.60056885e+02,
       3.15321777e+02, 8.43320608e-01, 1.04233398e+03, 3.41849243e+02,
       8.37304115e-01, 1.11307263e+03, 5.06767975e+02, 5.26151597e-01,
       1.10130664e+03, 5.62653870e+02, 5.30988634e-01, 1.35145752e+03,
       6.36189819e+02, 3.98262858e-01, 1.49566272e+03, 6.18523560e+02,
       2.57095456e-01, 1.11603870e+03, 4.50785919e+02, 4.89506662e-01,
       1.33091797e+03, 5.21466858e+02, 6.47840381e-01, 1.65750024e+03,
       4.80308838e+02, 3.71336520e-01, 6.71656921e+02, 5.18503174e+02,
       8.04213464e-01, 6.74588074e+02, 4.80173828e+02, 8.35346222e-01,
       6.95045532e+02, 5.33275635e+02, 1.83239430e-01, 7.06836304e+02,
       4.36124084e+02, 5.60933888e-01, 1.73701709e+03, 4.33165253e+02,
       2.38772437e-01, 1.73408142e+03, 4.33195129e+02, 2.40668625e-01,
       1.68402930e+03, 5.18515869e+02, 1.50961205e-01, 1.49274243e+03,
       6.62710693e+02, 1.36337578e-01, 1.48679944e+03, 6.53952759e+02,
       1.30862817e-01, 1.53980115e+03, 5.97973999e+02, 1.26066983e-01 ]
