%YAML:1.0
---
pose_0: !!opencv-matrix
   rows: 1
   cols: 25
   dt: "3f"
   data: [ 8.30507507e+02, 3.89086945e+02, 7.49493301e-01,
       9.18746094e+02, 4.53724365e+02, 6.61032557e-01, 9.07141418e+02,
       4.94969482e+02, 7.24464655e-01, 1.02478210e+03, 5.53704041e+02,
       8.88223052e-01, 1.02768933e+03, 4.12521362e+02, 7.04493403e-01,
       9.24640442e+02, 4.09680847e+02, 4.64129657e-01, 1.02767883e+03,
       3.65366547e+02, 1.55951560e-01, 1.02775964e+03, 3.65520020e+02,
       1.36388347e-01, 1.18072388e+03, 3.86073059e+02, 4.23831522e-01,
       1.18959851e+03, 4.33098724e+02, 4.66957599e-01, 1.40145630e+03,
       4.97913818e+02, 7.70131588e-01, 1.52514844e+03, 6.53900879e+02,
       5.57345510e-01, 1.16306079e+03, 3.38948303e+02, 4.32108045e-01,
       1.31613391e+03, 2.68221069e+02, 4.12874401e-01, 1.54572644e+03,
       2.56575287e+02, 3.20271730e-01, 8.09823425e+02, 4.06696381e+02,
       7.52277613e-01, 8.09924316e+02, 3.83075867e+02, 4.18085814e-01,
       8.30435120e+02, 4.53714600e+02, 5.98971605e-01, 0., 0., 0.,
       1.61338354e+03, 2.56557098e+02, 7.38679096e-02, 1.61335205e+03,
       2.50637863e+02, 8.69584307e-02, 1.56626343e+03, 2.65306549e+02,
       2.57939696e-01, 1.61054358e+03, 6.89215759e+02, 6.55118942e-01,
       1.58984680e+03, 6.95228455e+02, 6.05120659e-01, 1.52219043e+03,
       6.71666748e+02, 3.30135643e-01 ]
