%YAML:1.0
---
pose_0: !!opencv-matrix
   rows: 1
   cols: 25
   dt: "3f"
   data: [ 7.03905396e+02, 4.42059448e+02, 8.04174542e-01,
       8.09919739e+02, 4.33141998e+02, 6.85306191e-01, 7.92273865e+02,
       4.89142578e+02, 6.07214987e-01, 8.83490967e+02, 5.27332397e+02,
       3.44814003e-01, 9.54196838e+02, 5.74346130e+02, 3.34853053e-01,
       8.24598267e+02, 3.65397491e+02, 5.53875625e-01, 9.80663086e+02,
       3.38998291e+02, 7.42997944e-01, 1.14549744e+03, 3.39020325e+02,
       7.98038721e-01, 1.12194019e+03, 4.56681946e+02, 6.18987441e-01,
       1.11298438e+03, 5.06676331e+02, 6.39984369e-01, 1.29550256e+03,
       6.00893250e+02, 7.31667399e-01, 1.51039832e+03, 5.77342834e+02,
       6.49615109e-01, 1.13950867e+03, 4.00783203e+02, 5.41913211e-01,
       1.38973315e+03, 4.30148804e+02, 6.08662069e-01, 1.61632825e+03,
       4.12636414e+02, 6.21525645e-01, 6.89257568e+02, 4.59633270e+02,
       8.20058882e-01, 6.92193420e+02, 4.27214355e+02, 8.66475582e-01,
       7.09758484e+02, 4.80320007e+02, 2.42843226e-01, 7.15764038e+02,
       3.89074219e+02, 6.45956337e-01, 1.68116052e+03, 4.53735443e+02,
       2.80615300e-01, 1.68113367e+03, 4.33188110e+02, 2.81176984e-01,
       1.64285681e+03, 3.91921692e+02, 2.26249740e-01, 1.49263147e+03,
       6.62715271e+02, 5.17360926e-01, 1.47805103e+03, 6.51019470e+02,
       4.66122717e-01, 1.54270959e+03, 5.62628235e+02, 3.99504900e-01 ]
