%YAML:1.0
---
pose_0: !!opencv-matrix
   rows: 1
   cols: 25
   dt: "3f"
   data: [ 6.80415466e+02, 4.83189178e+02, 8.61378670e-01,
       8.06898987e+02, 5.33272705e+02, 6.76527619e-01, 8.09902954e+02,
       6.24410645e+02, 6.90464139e-01, 9.54101807e+02, 6.56844543e+02,
       7.65021682e-01, 1.09235388e+03, 6.65635437e+02, 8.30250561e-01,
       8.09811523e+02, 4.59648956e+02, 6.50591791e-01, 9.77614563e+02,
       4.33238708e+02, 8.12467217e-01, 1.11891064e+03, 4.12427673e+02,
       8.36129487e-01, 1.09537061e+03, 5.39085815e+02, 5.81045747e-01,
       1.08657874e+03, 5.92028931e+02, 5.72598398e-01, 1.30741040e+03,
       5.97830505e+02, 7.31143117e-01, 1.54863184e+03, 6.01023621e+02,
       5.23508132e-01, 1.09548206e+03, 4.83196808e+02, 5.89272618e-01,
       1.32201172e+03, 4.74341461e+02, 4.99483049e-01, 1.56634375e+03,
       4.80204224e+02, 4.19619113e-01, 6.65722473e+02, 5.03728241e+02,
       8.38669062e-01, 6.71581909e+02, 4.68530396e+02, 7.55151689e-01,
       6.77509155e+02, 5.30332764e+02, 6.20495558e-01, 7.03984070e+02,
       4.59677460e+02, 3.09724867e-01, 1.63399023e+03, 5.50903870e+02,
       6.73431158e-02, 1.63995715e+03, 5.44933228e+02, 7.92635977e-02,
       1.59868311e+03, 4.68450409e+02, 2.46348664e-01, 1.62814661e+03,
       5.83312744e+02, 2.30062351e-01, 1.61050586e+03, 6.00958801e+02,
       2.18545288e-01, 1.57517175e+03, 6.00919373e+02, 2.86709040e-01 ]
