%YAML:1.0
---
pose_0: !!opencv-matrix
   rows: 2
   cols: 25
   dt: "3f"
   data: [ 8.06926819e+02, 4.09718567e+02, 8.27200174e-01,
       8.80449646e+02, 3.24305817e+02, 4.70311463e-01, 8.71721191e+02,
       3.18397644e+02, 3.17045927e-01, 0., 0., 0., 0., 0., 0.,
       8.80618408e+02, 3.24229828e+02, 6.19073451e-01, 9.77561462e+02,
       4.39113586e+02, 7.20015287e-01, 1.04546594e+03, 5.74489807e+02,
       8.19802880e-01, 1.18958472e+03, 3.41865601e+02, 4.50596601e-01,
       1.19838843e+03, 3.86073364e+02, 4.43564445e-01, 1.35132935e+03,
       5.24310852e+02, 7.41225958e-01, 1.54868420e+03, 5.53743774e+02,
       5.22791207e-01, 1.18958508e+03, 3.00733521e+02, 3.56440812e-01,
       1.26017773e+03, 2.50757660e+02, 2.71667898e-01, 1.42497180e+03,
       2.44743454e+02, 2.21330136e-01, 7.89191406e+02, 4.12439484e+02,
       1.03964582e-01, 7.95143127e+02, 3.89149811e+02, 7.45215237e-01,
       0., 0., 0., 8.06926453e+02, 3.39079407e+02, 6.46655083e-01, 0.,
       0., 0., 0., 0., 0., 1.44566833e+03, 2.59550781e+02,
       1.56199977e-01, 1.60161890e+03, 6.06824524e+02, 1.82092413e-01,
       0., 0., 0., 1.58099646e+03, 5.47907532e+02, 4.44789797e-01, 0.,
       0., 0., 0., 0., 0., 9.98228027e+02, 3.83118347e+02,
       7.13049024e-02, 1.07479041e+03, 4.15571259e+02, 5.37565231e-01,
       1.16319946e+03, 4.89076202e+02, 6.90523207e-01, 0., 0., 0., 0.,
       0., 0., 0., 0., 0., 0., 0., 0., 0., 0., 0., 0., 0., 0., 0., 0.,
       0., 0., 0., 0., 0., 0., 0., 0., 0., 0., 0., 0., 0., 0., 0., 0.,
       0., 0., 0., 0., 0., 0., 0., 0., 0., 0., 0., 0., 0., 0., 0., 0.,
       0., 0., 0., 0., 0., 0., 0., 0. ]
