%YAML:1.0
---
pose_0: !!opencv-matrix
   rows: 1
   cols: 25
   dt: "3f"
   data: [ 6.98126648e+02, 5.00764557e+02, 8.09782147e-01,
       8.15756104e+02, 4.97890869e+02, 6.76156580e-01, 8.21646484e+02,
       5.74377930e+02, 5.24293423e-01, 9.57059082e+02, 6.01001587e+02,
       4.68436152e-01, 1.11604834e+03, 6.30328430e+02, 3.24038118e-01,
       8.33384094e+02, 4.12635345e+02, 6.47668600e-01, 9.74637390e+02,
       3.44892456e+02, 7.80384600e-01, 1.09536145e+03, 2.82999329e+02,
       7.94340134e-01, 1.11006274e+03, 4.86196503e+02, 5.46254277e-01,
       1.10418359e+03, 5.39086853e+02, 5.86651623e-01, 1.27785583e+03,
       5.77479309e+02, 7.05943882e-01, 1.47505505e+03, 6.39156189e+02,
       4.95139778e-01, 1.11014355e+03, 4.33177185e+02, 5.90819657e-01,
       1.35730627e+03, 4.80223145e+02, 7.00619876e-01, 1.62518262e+03,
       5.21484070e+02, 5.08947313e-01, 6.89204041e+02, 5.09749420e+02,
       7.86943972e-01, 6.89220337e+02, 4.80202606e+02, 8.55992675e-01,
       7.03937195e+02, 5.33203430e+02, 4.14437860e-01, 7.12732544e+02,
       4.53674011e+02, 5.52299559e-01, 1.70762573e+03, 5.06676941e+02,
       2.86366254e-01, 1.70471094e+03, 5.03716614e+02, 3.15579146e-01,
       1.63101709e+03, 5.30322388e+02, 2.64616460e-01, 1.49558374e+03,
       6.51024170e+02, 1.32139161e-01, 1.49273889e+03, 6.62714172e+02,
       2.06692338e-01, 1.51334119e+03, 6.30403442e+02, 2.50574172e-01 ]
