%YAML:1.0
---
pose_0: !!opencv-matrix
   rows: 1
   cols: 25
   dt: "3f"
   data: [ 7.42285095e+02, 5.27458069e+02, 7.54077673e-01,
       8.09829895e+02, 4.47877319e+02, 5.52766860e-01, 8.03972900e+02,
       4.30243835e+02, 3.56488556e-01, 0., 0., 0., 0., 0., 0.,
       8.12841614e+02, 4.62657623e+02, 6.92114413e-01, 9.48155457e+02,
       4.83136993e+02, 8.10139954e-01, 9.71760559e+02, 5.97879089e+02,
       6.10845506e-01, 1.11890149e+03, 4.12598236e+02, 3.95871490e-01,
       1.11892126e+03, 4.00791962e+02, 2.56294250e-01, 1.33088342e+03,
       4.50834595e+02, 7.03357100e-01, 1.54570557e+03, 3.89116302e+02,
       6.83462024e-01, 1.13069885e+03, 4.18425903e+02, 3.93640727e-01,
       1.33387048e+03, 5.00825714e+02, 7.41371989e-01, 1.61641699e+03,
       4.30172089e+02, 4.89815056e-01, 7.39249451e+02, 5.27315674e+02,
       5.12654111e-02, 7.36218506e+02, 5.09765564e+02, 6.73065841e-01,
       0., 0., 0., 7.39366333e+02, 4.74293030e+02, 6.53240621e-01,
       1.68397974e+03, 3.71378235e+02, 3.06515515e-01, 1.68397424e+03,
       3.77208252e+02, 2.72814929e-01, 1.65462158e+03, 4.44894745e+02,
       2.20487952e-01, 1.58688232e+03, 3.35994446e+02, 3.15076768e-01,
       1.58393213e+03, 3.41965240e+02, 2.40047365e-01, 1.56638489e+03,
       3.80173126e+02, 3.91488701e-01 ]
