%YAML:1.0
---
pose_0: !!opencv-matrix
   rows: 1
   cols: 25
   dt: "3f"
   data: [ 7.03987549e+02, 5.53867249e+02, 7.86191940e-01,
       8.06895996e+02, 4.83174896e+02, 6.54183686e-01, 7.95184082e+02,
       5.45035461e+02, 5.87939084e-01, 9.18775024e+02, 5.77480286e+02,
       1.51454359e-01, 9.65887817e+02, 5.83287720e+02, 1.12630971e-01,
       8.09901062e+02, 4.30218506e+02, 6.05237544e-01, 9.27671997e+02,
       3.80210266e+02, 7.65074015e-01, 1.06597461e+03, 4.09481537e+02,
       5.59482217e-01, 1.11302112e+03, 4.94954590e+02, 5.29694319e-01,
       1.09833484e+03, 5.47865234e+02, 5.38806081e-01, 1.28386816e+03,
       5.92120972e+02, 7.09948480e-01, 1.54276294e+03, 6.00949707e+02,
       4.81877476e-01, 1.11602942e+03, 4.36085419e+02, 4.98973519e-01,
       1.34559705e+03, 4.62538666e+02, 5.88637590e-01, 1.58987231e+03,
       4.59769836e+02, 5.30605257e-01, 6.95078552e+02, 5.56731812e+02,
       5.45533039e-02, 6.95112671e+02, 5.39092957e+02, 7.65170038e-01,
       0., 0., 0., 7.15640564e+02, 5.00766357e+02, 6.23184979e-01,
       1.66052588e+03, 4.15503540e+02, 3.05360794e-01, 1.65758240e+03,
       4.15572571e+02, 3.28797281e-01, 1.64281848e+03, 4.83225494e+02,
       1.96564332e-01, 1.48979504e+03, 6.62753906e+02, 4.23861116e-01,
       1.48681213e+03, 6.50962097e+02, 3.90523553e-01, 1.58394788e+03,
       5.86225342e+02, 3.26869965e-01 ]
