%YAML:1.0
---
pose_0: !!opencv-matrix
   rows: 1
   cols: 25
   dt: "3f"
   data: [ 7.68763184e+02, 4.83074768e+02, 8.53240967e-01,
       8.48137085e+02, 4.59782562e+02, 3.72573435e-01, 8.39300964e+02,
       4.91993317e+02, 2.93253183e-01, 0., 0., 0., 0., 0., 0.,
       8.51063293e+02, 4.39009949e+02, 3.74521405e-01, 8.51130005e+02,
       3.65524689e+02, 2.40911961e-01, 0., 0., 0., 1.11600342e+03,
       4.91976135e+02, 5.35799921e-01, 1.11305884e+03, 5.36192566e+02,
       5.58303893e-01, 1.31911194e+03, 5.77403259e+02, 7.92570770e-01,
       1.54283569e+03, 6.44944458e+02, 6.03554547e-01, 1.11898376e+03,
       4.42034882e+02, 5.09782195e-01, 1.35730481e+03, 4.33100677e+02,
       6.64069772e-01, 1.56628040e+03, 4.33019470e+02, 5.86194813e-01,
       7.59832275e+02, 4.86250793e+02, 8.02671194e-01, 7.62783264e+02,
       4.62609039e+02, 7.96413302e-01, 7.62732422e+02, 5.06696472e+02,
       1.15970910e-01, 7.65766541e+02, 4.33276398e+02, 5.79806864e-01,
       1.63110107e+03, 4.12560364e+02, 2.74152666e-01, 1.62518665e+03,
       4.09594482e+02, 3.04267168e-01, 1.58985620e+03, 4.30163849e+02,
       2.38212034e-01, 1.60454980e+03, 6.12671875e+02, 1.49221987e-01,
       0., 0., 0., 1.58687012e+03, 6.27408569e+02, 3.40967178e-01 ]
