%YAML:1.0
---
pose_0: !!opencv-matrix
   rows: 1
   cols: 25
   dt: "3f"
   data: [ 7.48077026e+02, 3.89015320e+02, 8.50432813e-01,
       8.71677368e+02, 3.88918427e+02, 7.39932001e-01, 8.83448486e+02,
       4.80232391e+02, 7.54469097e-01, 1.00121393e+03, 5.09796265e+02,
       7.87412465e-01, 1.11013684e+03, 5.53980713e+02, 8.16526890e-01,
       8.71716675e+02, 2.94891815e+02, 6.62265778e-01, 9.74806213e+02,
       1.94779114e+02, 8.42609644e-01, 1.10714600e+03, 1.50536057e+02,
       7.38745093e-01, 1.13655579e+03, 3.59542816e+02, 5.35706699e-01,
       1.13661206e+03, 4.09480103e+02, 5.46033442e-01, 1.35149573e+03,
       4.39093353e+02, 7.61117637e-01, 1.53982056e+03, 5.30290955e+02,
       6.56219184e-01, 1.13363135e+03, 2.97833221e+02, 5.11911035e-01,
       1.33675244e+03, 2.85931000e+02, 5.25625348e-01, 1.56631250e+03,
       2.91774261e+02, 6.31194949e-01, 7.36271057e+02, 4.06583435e+02,
       7.79115379e-01, 7.39190063e+02, 3.65587219e+02, 8.26984584e-01,
       7.56858276e+02, 4.21441010e+02, 2.53927410e-01, 7.59892700e+02,
       3.38995544e+02, 5.28177798e-01, 1.63988403e+03, 2.85950287e+02,
       5.31767309e-01, 1.63693164e+03, 2.74217316e+02, 5.37293434e-01,
       1.58691064e+03, 2.91804749e+02, 2.68341422e-01, 1.61334021e+03,
       5.47875916e+02, 5.21843553e-01, 1.60162402e+03, 5.53881287e+02,
       4.86225754e-01, 1.56332288e+03, 5.33209290e+02, 3.50152910e-01 ]
