%YAML:1.0
---
pose_0: !!opencv-matrix
   rows: 1
   cols: 25
   dt: "3f"
   data: [ 6.83283630e+02, 4.53739899e+02, 8.22522342e-01,
       7.59825562e+02, 5.03850433e+02, 7.30365455e-01, 7.45195618e+02,
       5.53845459e+02, 5.01542687e-01, 8.54006775e+02, 6.24458252e+02,
       5.55866897e-01, 9.36480347e+02, 6.71727417e+02, 7.14091480e-01,
       7.62715088e+02, 4.50766144e+02, 5.85244477e-01, 9.27545166e+02,
       3.89146362e+02, 8.62416804e-01, 7.89198975e+02, 4.09680634e+02,
       8.81252646e-01, 1.06598706e+03, 5.24414307e+02, 4.82327342e-01,
       1.06598254e+03, 5.74488831e+02, 5.38347304e-01, 1.30427783e+03,
       5.89183350e+02, 7.03359723e-01, 1.57217798e+03, 6.06836365e+02,
       5.84559679e-01, 1.06599426e+03, 4.59607056e+02, 5.17085135e-01,
       1.31615149e+03, 4.39025177e+02, 5.88814020e-01, 1.53392810e+03,
       4.62539612e+02, 3.94381016e-01, 6.62767395e+02, 4.59773743e+02,
       8.64902020e-01, 6.71570374e+02, 4.36172058e+02, 7.81285763e-01,
       6.68629395e+02, 5.03758301e+02, 7.25782931e-01, 0., 0., 0.,
       1.61349292e+03, 4.50762329e+02, 4.83889788e-01, 1.61335327e+03,
       4.41979004e+02, 5.26848376e-01, 1.56043115e+03, 4.80231140e+02,
       1.97100684e-01, 1.68704651e+03, 5.74487061e+02, 5.68999350e-01,
       1.68114258e+03, 5.86233582e+02, 4.44527417e-01, 1.59283020e+03,
       6.21447327e+02, 2.68366784e-01 ]
