%YAML:1.0
---
pose_0: !!opencv-matrix
   rows: 1
   cols: 25
   dt: "3f"
   data: [ 7.18768982e+02, 5.33318604e+02, 8.32470536e-01,
       8.30516052e+02, 5.12586853e+02, 7.15615571e-01, 8.27526978e+02,
       5.74355591e+02, 6.47404313e-01, 9.51161133e+02, 6.24454529e+02,
       7.84292936e-01, 8.07002808e+02, 5.83311707e+02, 7.78485358e-01,
       8.27554626e+02, 4.56645996e+02, 6.65414035e-01, 9.45261780e+02,
       3.56620087e+02, 5.61649382e-01, 9.77740234e+02, 3.59490692e+02,
       7.41477013e-01, 1.11600964e+03, 5.44975037e+02, 5.56647539e-01,
       1.10714954e+03, 5.97861572e+02, 5.88143289e-01, 1.37799817e+03,
       6.65550659e+02, 6.79719448e-01, 1.59283984e+03, 5.98073242e+02,
       4.77170795e-01, 1.11898682e+03, 4.80315521e+02, 5.53301811e-01,
       1.35441467e+03, 5.50862610e+02, 5.87111235e-01, 1.67519702e+03,
       5.09757843e+02, 4.37506914e-01, 7.03963440e+02, 5.50747192e+02,
       7.79757738e-01, 7.12745483e+02, 5.12631958e+02, 8.03593397e-01,
       7.18761353e+02, 5.65604858e+02, 9.84937474e-02, 7.30475525e+02,
       4.80256866e+02, 5.84902108e-01, 1.78116199e+03, 4.86153351e+02,
       1.48786455e-01, 1.77234949e+03, 4.83211792e+02, 1.61989689e-01,
       1.68700232e+03, 5.03787262e+02, 1.50393516e-01, 1.68409290e+03,
       5.86253784e+02, 1.05272338e-01, 1.66640784e+03, 6.06896118e+02,
       1.42196208e-01, 1.61634253e+03, 5.86249878e+02, 1.62075132e-01 ]
