%YAML:1.0
---
pose_0: !!opencv-matrix
   rows: 1
   cols: 25
   dt: "3f"
   data: [ 6.71664246e+02, 4.15532806e+02, 8.79664958e-01,
       7.92213806e+02, 4.62588074e+02, 6.89030886e-01, 7.98155884e+02,
       5.53804810e+02, 6.85326457e-01, 9.15856567e+02, 6.00807251e+02,
       6.70636177e-01, 1.00419421e+03, 6.00822693e+02, 8.00280988e-01,
       7.89223572e+02, 3.80187561e+02, 6.28989816e-01, 9.54163940e+02,
       3.62627502e+02, 8.58030081e-01, 8.27512329e+02, 3.83165100e+02,
       7.29888797e-01, 1.09837769e+03, 4.62638062e+02, 5.47033668e-01,
       1.09252429e+03, 5.09785217e+02, 5.93599558e-01, 1.30139136e+03,
       5.50761169e+02, 6.94257677e-01, 1.56042346e+03, 5.71456055e+02,
       5.50884724e-01, 1.10129944e+03, 4.09633789e+02, 5.26317894e-01,
       1.33079114e+03, 4.09639618e+02, 6.20046973e-01, 1.58104138e+03,
       4.33246399e+02, 6.35504365e-01, 6.53965515e+02, 4.36045135e+02,
       8.54338765e-01, 6.68592468e+02, 4.00755005e+02, 8.54320824e-01,
       6.71489075e+02, 4.71475616e+02, 5.78871012e-01, 6.95075195e+02,
       3.80216095e+02, 3.48996222e-01, 1.63989624e+03, 4.12553589e+02,
       4.23066854e-01, 1.63687524e+03, 4.09625031e+02, 4.69394684e-01,
       1.61344946e+03, 4.39019562e+02, 3.13115001e-01, 1.66052869e+03,
       5.65618347e+02, 3.17226619e-01, 1.64578760e+03, 5.80340515e+02,
       2.80455083e-01, 1.58988184e+03, 5.56815186e+02, 2.98797965e-01 ]
