%YAML:1.0
---
pose_0: !!opencv-matrix
   rows: 1
   cols: 25
   dt: "3f"
   data: [ 6.50939575e+02, 5.15618896e+02, 5.59523463e-01,
       7.56939575e+02, 4.21427277e+02, 2.95594662e-01, 7.45175537e+02,
       4.74316345e+02, 1.17143884e-01, 0., 0., 0., 0., 0., 0.,
       7.56859375e+02, 3.80140320e+02, 5.66620052e-01, 9.10038452e+02,
       3.24247803e+02, 6.36961043e-01, 1.09833716e+03, 3.15261169e+02,
       7.76663840e-01, 1.09243384e+03, 4.71405304e+02, 3.75325441e-01,
       1.09243567e+03, 5.27387512e+02, 3.69196832e-01, 1.32203198e+03,
       5.97983826e+02, 7.22182155e-01, 1.51918457e+03, 4.89120575e+02,
       3.92877549e-01, 1.09836890e+03, 4.18415344e+02, 3.07249904e-01,
       1.31023950e+03, 4.36117004e+02, 4.71251041e-01, 1.64870276e+03,
       4.33051483e+02, 2.66682714e-01, 6.27406494e+02, 5.12669312e+02,
       8.61010775e-02, 6.27421265e+02, 5.03664551e+02, 4.59199250e-01,
       0., 0., 0., 6.42066345e+02, 4.39018707e+02, 4.78989571e-01,
       1.72230981e+03, 4.06616150e+02, 9.39403027e-02, 1.71641113e+03,
       4.06657471e+02, 1.07859284e-01, 1.71934851e+03, 4.77345337e+02,
       6.31198883e-02, 1.56338501e+03, 4.89117584e+02, 7.38152042e-02,
       0., 0., 0., 1.54862927e+03, 4.77310333e+02, 2.53028959e-01 ]
