%YAML:1.0
---
pose_0: !!opencv-matrix
   rows: 2
   cols: 25
   dt: "3f"
   data: [ 7.18614807e+02, 5.33216003e+02, 7.23754704e-01,
       8.21671082e+02, 4.42027802e+02, 4.68613297e-01, 8.09968628e+02,
       4.41980225e+02, 3.11812460e-01, 0., 0., 0., 0., 0., 0.,
       8.30452515e+02, 4.50745178e+02, 6.14178300e-01, 9.74608154e+02,
       4.56821381e+02, 7.47760296e-01, 1.12481250e+03, 5.12652161e+02,
       5.52501500e-01, 1.13070581e+03, 4.27275970e+02, 2.26549640e-01,
       0., 0., 0., 0., 0., 0., 0., 0., 0., 1.15422266e+03,
       4.12591949e+02, 2.57013708e-01, 1.36323267e+03, 5.21403503e+02,
       5.87925017e-01, 1.66635229e+03, 4.09567810e+02, 4.78041410e-01,
       7.09766113e+02, 5.27398682e+02, 7.64930472e-02, 7.09810547e+02,
       5.09788055e+02, 6.43260300e-01, 0., 0., 0., 7.33332581e+02,
       4.62681305e+02, 5.96727192e-01, 1.72816528e+03, 3.47828949e+02,
       2.54195005e-01, 1.72812256e+03, 3.53651215e+02, 2.33826503e-01,
       1.71346521e+03, 4.12557190e+02, 1.51879340e-01, 0., 0., 0., 0.,
       0., 0., 0., 0., 0., 0., 0., 0., 0., 0., 0., 0., 0., 0., 0., 0.,
       0., 0., 0., 0., 0., 0., 0., 0., 0., 0., 0., 0., 0., 0., 0., 0.,
       1.13366113e+03, 4.12547211e+02, 1.28614619e-01, 1.36912061e+03,
       5.00823029e+02, 4.74208951e-01, 1.59281079e+03, 4.09591827e+02,
       2.08732843e-01, 0., 0., 0., 0., 0., 0., 0., 0., 0., 0., 0., 0.,
       0., 0., 0., 0., 0., 0., 0., 0., 0., 0., 0., 0., 0., 0., 0., 0.,
       0., 0., 0., 0., 0., 0., 0., 0., 0., 0., 0. ]
