%YAML:1.0
---
pose_0: !!opencv-matrix
   rows: 1
   cols: 25
   dt: "3f"
   data: [ 7.42291870e+02, 5.33222229e+02, 7.97494173e-01,
       8.33489807e+02, 4.83174530e+02, 6.22872889e-01, 8.12948242e+02,
       5.00804291e+02, 4.28749830e-01, 0., 0., 0., 0., 0., 0.,
       8.48171692e+02, 4.77303162e+02, 6.08683467e-01, 9.98268188e+02,
       4.33195465e+02, 7.73227453e-01, 1.04240955e+03, 5.68479187e+02,
       7.25469530e-01, 1.13660474e+03, 4.83148376e+02, 3.21001053e-01,
       1.11892944e+03, 5.09718323e+02, 2.17816979e-01, 1.36617444e+03,
       4.62624451e+02, 2.87684619e-01, 1.61635193e+03, 4.18417236e+02,
       3.87585759e-01, 1.14251379e+03, 4.56729675e+02, 2.81985581e-01,
       1.36618640e+03, 4.91998291e+02, 3.68618190e-01, 1.61342773e+03,
       4.27292908e+02, 3.33629012e-01, 7.33411377e+02, 5.30186035e+02,
       1.15299888e-01, 7.39244080e+02, 5.15567688e+02, 7.51962245e-01,
       0., 0., 0., 7.62735291e+02, 4.80212585e+02, 7.15378284e-01, 0.,
       0., 0., 0., 0., 0., 1.63696899e+03, 4.56711182e+02,
       1.37165070e-01, 1.67810144e+03, 3.68423950e+02, 4.34551209e-01,
       1.67519238e+03, 3.83062683e+02, 3.33895743e-01, 1.66046973e+03,
       4.09581787e+02, 1.30430356e-01 ]
