%YAML:1.0
---
pose_0: !!opencv-matrix
   rows: 1
   cols: 25
   dt: "3f"
   data: [ 6.15658142e+02, 4.68433105e+02, 8.00523877e-01,
       7.48067566e+02, 4.71465698e+02, 6.03715003e-01, 7.39168518e+02,
       5.42022034e+02, 5.74689329e-01, 9.36486023e+02, 6.24479065e+02,
       5.19345403e-01, 1.08660510e+03, 6.95029358e+02, 7.00692594e-01,
       7.62754761e+02, 4.00762451e+02, 4.81433690e-01, 9.42287842e+02,
       3.27160797e+02, 6.97507441e-01, 1.09838538e+03, 2.68324890e+02,
       8.32989693e-01, 1.07777625e+03, 5.00843781e+02, 5.57038486e-01,
       1.06888220e+03, 5.53744812e+02, 5.87370396e-01, 1.27197974e+03,
       5.94940063e+02, 5.66206574e-01, 1.62222656e+03, 6.03888245e+02,
       4.90240276e-01, 1.09238464e+03, 4.36141418e+02, 5.51049292e-01,
       1.30731934e+03, 4.36193390e+02, 5.30780375e-01, 1.63698450e+03,
       4.27298737e+02, 4.21012074e-01, 6.00863464e+02, 4.83319733e+02,
       7.93144524e-01, 6.01018494e+02, 4.50772339e+02, 8.35460722e-01,
       6.21538391e+02, 5.06827637e+02, 3.06624621e-01, 6.42086060e+02,
       4.15575623e+02, 6.07258201e-01, 1.72822253e+03, 4.86201172e+02,
       1.63103312e-01, 1.73120056e+03, 4.77338135e+02, 1.50902957e-01,
       0., 0., 0., 1.70760852e+03, 6.00985718e+02, 5.88277876e-02, 0.,
       0., 0., 1.64578064e+03, 5.97906921e+02, 3.50420833e-01 ]
