%YAML:1.0
---
pose_0: !!opencv-matrix
   rows: 1
   cols: 25
   dt: "3f"
   data: [ 7.86447388e+02, 3.89166748e+02, 8.78848970e-01,
       8.83426636e+02, 3.62591644e+02, 7.59719014e-01, 8.57107178e+02,
       4.21357574e+02, 7.73054659e-01, 9.04085571e+02, 3.24248871e+02,
       7.21459508e-01, 8.30434082e+02, 2.12416061e+02, 7.41264820e-01,
       9.10005676e+02, 3.06603271e+02, 4.65727627e-01, 9.68830994e+02,
       1.76995728e+02, 8.46895337e-01, 8.56858521e+02, 1.62403183e+02,
       8.00877929e-01, 1.11891541e+03, 4.33079834e+02, 6.59712315e-01,
       1.09835327e+03, 4.80171417e+02, 6.01706743e-01, 1.30132434e+03,
       5.97918701e+02, 7.80224204e-01, 1.49267188e+03, 7.03923157e+02,
       6.28261685e-01, 1.13957043e+03, 3.85967316e+02, 6.25447571e-01,
       1.35446533e+03, 3.74273529e+02, 5.57316124e-01, 1.53988770e+03,
       3.91934631e+02, 5.95661998e-01, 7.71653503e+02, 4.00795227e+02,
       7.30743706e-01, 7.71677734e+02, 3.68390656e+02, 7.59302020e-01,
       0., 0., 0., 7.89258850e+02, 3.38904724e+02, 6.03100419e-01,
       1.61333411e+03, 3.80180511e+02, 3.79516602e-01, 1.61036304e+03,
       3.71330200e+02, 3.99953485e-01, 1.56635559e+03, 4.03694458e+02,
       2.95891166e-01, 1.57804065e+03, 7.45230591e+02, 5.71602404e-01,
       1.56346069e+03, 7.51001099e+02, 5.65326810e-01, 1.50745593e+03,
       7.06840698e+02, 4.01564986e-01 ]
