%YAML:1.0
---
pose_0: !!opencv-matrix
   rows: 1
   cols: 25
   dt: "3f"
   data: [ 7.42259644e+02, 5.27248108e+02, 8.67220998e-01,
       8.57073547e+02, 5.21455322e+02, 7.26764202e-01, 8.53987732e+02,
       5.97965515e+02, 5.89437246e-01, 9.92338562e+02, 6.42107910e+02,
       6.48535967e-01, 1.10419678e+03, 6.59751282e+02, 6.83669031e-01,
       8.77587280e+02, 4.50800690e+02, 6.86449468e-01, 1.01884320e+03,
       4.21373871e+02, 8.08653593e-01, 9.42294678e+02, 4.86176239e+02,
       8.07013214e-01, 1.11892249e+03, 5.39128479e+02, 6.13897800e-01,
       1.11298254e+03, 5.80357849e+02, 6.21219456e-01, 1.30431152e+03,
       6.00840759e+02, 7.24922955e-01, 1.53100208e+03, 6.48065308e+02,
       5.41678905e-01, 1.12486902e+03, 4.89091736e+02, 5.33127964e-01,
       1.34264185e+03, 4.83159668e+02, 6.45484030e-01, 1.55163159e+03,
       4.86140869e+02, 6.68237746e-01, 7.24541138e+02, 5.33294250e+02,
       7.79978991e-01, 7.36355713e+02, 5.03726318e+02, 8.73370290e-01,
       7.42229248e+02, 5.53994019e+02, 4.37094122e-01, 7.62775879e+02,
       4.74299957e+02, 6.44915164e-01, 1.61044238e+03, 4.56641022e+02,
       5.38766325e-01, 1.60449768e+03, 4.53739349e+02, 5.55540740e-01,
       1.58096216e+03, 4.91999023e+02, 3.46014977e-01, 1.61034399e+03,
       6.42055969e+02, 4.08565193e-01, 1.59572754e+03, 6.50960571e+02,
       3.07660639e-01, 1.56045422e+03, 6.48032654e+02, 2.84337223e-01 ]
