%YAML:1.0
---
pose_0: !!opencv-matrix
   rows: 1
   cols: 25
   dt: "3f"
   data: [ 7.86424011e+02, 3.65389771e+02, 7.35999107e-01,
       9.01173767e+02, 3.62533569e+02, 6.81416035e-01, 8.86423950e+02,
       4.33149628e+02, 6.19565487e-01, 8.36483887e+02, 5.36182556e+02,
       3.48662615e-01, 7.36275269e+02, 7.15768677e+02, 3.83734763e-01,
       9.07072083e+02, 2.91844666e+02, 3.88218164e-01, 1.06592188e+03,
       2.27184677e+02, 6.89287305e-01, 1.21024988e+03, 1.80034195e+02,
       8.11117947e-01, 1.17781970e+03, 3.44859985e+02, 4.88844573e-01,
       1.18365979e+03, 4.06620483e+02, 5.11187792e-01, 1.35443372e+03,
       5.30267212e+02, 3.14665496e-01, 1.53987573e+03, 7.00976685e+02,
       3.91895801e-01, 1.17777148e+03, 2.88872040e+02, 5.17388225e-01,
       1.35730945e+03, 2.24174744e+02, 3.49431843e-01, 1.44861401e+03,
       1.97695999e+02, 9.73895043e-02, 7.68733459e+02, 3.80194397e+02,
       6.62835836e-01, 7.68691406e+02, 3.42003204e+02, 6.93673253e-01,
       7.86282898e+02, 3.97893829e+02, 3.62841100e-01, 7.89258667e+02,
       3.15433197e+02, 6.04092658e-01, 1.63395190e+03, 1.62377151e+02,
       1.07862711e-01, 1.62811328e+03, 1.59469345e+02, 1.05414182e-01,
       1.56633496e+03, 1.85939453e+02, 1.49918929e-01, 1.62517322e+03,
       6.92138367e+02, 4.01307791e-01, 1.61346790e+03, 7.06851563e+02,
       3.02207977e-01, 1.54573218e+03, 7.24584106e+02, 3.06218088e-01 ]
