%YAML:1.0
---
pose_0: !!opencv-matrix
   rows: 1
   cols: 25
   dt: "3f"
   data: [ 7.59894531e+02, 5.53966919e+02, 8.62248719e-01,
       8.65813049e+02, 5.74347473e+02, 7.32049167e-01, 8.80488342e+02,
       6.65605652e+02, 5.60864031e-01, 1.02489258e+03, 7.15792297e+02,
       8.09623480e-01, 1.13366040e+03, 7.62871887e+02, 7.94113755e-01,
       8.71688965e+02, 4.86091919e+02, 6.67880893e-01, 8.33503052e+02,
       3.68421448e+02, 7.27505565e-01, 7.36232300e+02, 2.71215912e+02,
       8.22576702e-01, 1.13653552e+03, 6.03836304e+02, 5.86195588e-01,
       1.12780359e+03, 6.50979736e+02, 5.94778359e-01, 1.33381128e+03,
       6.95142517e+02, 6.54505670e-01, 1.53979382e+03, 6.92276733e+02,
       6.59013271e-01, 1.13653308e+03, 5.50800781e+02, 5.98370612e-01,
       1.31023132e+03, 5.50847412e+02, 7.01647043e-01, 1.49562378e+03,
       5.00844330e+02, 5.54768085e-01, 7.42237549e+02, 5.74487427e+02,
       8.20005476e-01, 7.45150391e+02, 5.42041687e+02, 7.89694428e-01,
       7.62723450e+02, 6.00803467e+02, 6.21947408e-01, 7.68653564e+02,
       5.24389893e+02, 4.73754793e-01, 1.61333069e+03, 4.74334381e+02,
       8.15259442e-02, 0., 0., 0., 1.51626379e+03, 4.80285797e+02,
       2.82055140e-01, 1.59868469e+03, 7.39216553e+02, 3.31663430e-01,
       1.60743103e+03, 7.27501709e+02, 3.70999396e-01, 1.56043054e+03,
       6.71685059e+02, 4.19058084e-01 ]
