%YAML:1.0
---
pose_0: !!opencv-matrix
   rows: 1
   cols: 25
   dt: "3f"
   data: [ 7.39225952e+02, 3.62363037e+02, 8.75757575e-01,
       8.59868530e+02, 3.68419067e+02, 7.19426513e-01, 8.56999451e+02,
       4.53744568e+02, 6.55399024e-01, 9.51101318e+02, 5.50885376e+02,
       8.46647739e-01, 8.30530762e+02, 5.92096008e+02, 6.50138974e-01,
       8.74665100e+02, 2.83026459e+02, 6.18693709e-01, 9.80620178e+02,
       2.00774750e+02, 8.19082260e-01, 9.57107300e+02, 8.00659409e+01,
       8.31534207e-01, 1.11599609e+03, 3.83121582e+02, 5.89425623e-01,
       1.11595789e+03, 4.30203796e+02, 5.82649112e-01, 1.32494507e+03,
       4.39057281e+02, 6.60534143e-01, 1.54275513e+03, 4.62550293e+02,
       6.32611930e-01, 1.11603101e+03, 3.33062866e+02, 5.73162556e-01,
       1.31611951e+03, 3.24277557e+02, 6.66710556e-01, 1.58098389e+03,
       3.06620270e+02, 5.57200551e-01, 7.21651306e+02, 3.80182861e+02,
       7.72364199e-01, 7.27521606e+02, 3.41978638e+02, 8.35484982e-01,
       7.42242371e+02, 4.09674469e+02, 4.79597062e-01, 7.54003906e+02,
       3.21353638e+02, 4.11857545e-01, 1.64869226e+03, 2.68319794e+02,
       5.57846069e-01, 1.63706726e+03, 2.68216431e+02, 5.93346477e-01,
       1.61045386e+03, 3.15331635e+02, 2.69714773e-01, 1.60165503e+03,
       4.71409363e+02, 4.98706907e-01, 1.58987830e+03, 4.80314667e+02,
       5.01742125e-01, 1.56927942e+03, 4.56685486e+02, 3.88597310e-01 ]
