%YAML:1.0
---
pose_0: !!opencv-matrix
   rows: 1
   cols: 25
   dt: "3f"
   data: [ 7.59868042e+02, 3.85960907e+02, 8.39675784e-01,
       8.80612122e+02, 3.86124908e+02, 7.98139572e-01, 8.68721741e+02,
       4.65594788e+02, 7.01531231e-01, 9.71728760e+02, 5.50756287e+02,
       8.33373308e-01, 1.04240625e+03, 6.06826843e+02, 8.15509737e-01,
       8.95206055e+02, 2.94940308e+02, 7.01894403e-01, 1.03358044e+03,
       2.91741028e+02, 7.54532576e-01, 1.14251257e+03, 2.71246521e+02,
       8.86641383e-01, 1.13944788e+03, 4.39138824e+02, 6.23485565e-01,
       1.12192078e+03, 4.89138824e+02, 5.91087878e-01, 1.32494495e+03,
       5.06636200e+02, 8.30012798e-01, 1.54285071e+03, 5.50927490e+02,
       6.51085377e-01, 1.14834119e+03, 3.89113831e+02, 5.89656472e-01,
       1.36026697e+03, 3.41945343e+02, 4.47307199e-01, 1.56925269e+03,
       2.94915833e+02, 5.51797569e-01, 7.45100220e+02, 4.00821899e+02,
       7.63532937e-01, 7.42309387e+02, 3.62649872e+02, 8.20695996e-01,
       7.65748962e+02, 4.21376404e+02, 3.30851406e-01, 7.65703247e+02,
       3.33096069e+02, 5.54393053e-01, 1.63685767e+03, 2.68295166e+02,
       4.27426696e-01, 1.63393311e+03, 2.65409912e+02, 4.56054062e-01,
       1.61047156e+03, 2.94878937e+02, 2.80853182e-01, 1.61340039e+03,
       5.33264526e+02, 5.32346189e-01, 1.60751868e+03, 5.50784119e+02,
       4.60670084e-01, 1.56929810e+03, 5.56784424e+02, 2.88391560e-01 ]
