%YAML:1.0
---
pose_0: !!opencv-matrix
   rows: 1
   cols: 25
   dt: "3f"
   data: [ 7.15801025e+02, 4.83083344e+02, 9.00461316e-01,
       8.54006104e+02, 5.03731171e+02, 6.77642047e-01, 8.59982300e+02,
       6.00889282e+02, 7.05154717e-01, 1.00119995e+03, 6.27511292e+02,
       7.73241758e-01, 1.13949854e+03, 6.68618347e+02, 8.59128237e-01,
       8.56979492e+02, 4.09551056e+02, 6.48783743e-01, 8.80519714e+02,
       2.88949860e+02, 7.87231684e-01, 7.80457397e+02, 3.89096191e+02,
       8.16836298e-01, 1.12183411e+03, 5.03714630e+02, 5.46286345e-01,
       1.11888818e+03, 5.53739990e+02, 5.97706556e-01, 1.32787537e+03,
       5.56777222e+02, 2.30591431e-01, 1.53393225e+03, 5.62716309e+02,
       5.49832523e-01, 1.11601318e+03, 4.41942535e+02, 5.59885740e-01,
       1.30444922e+03, 4.59593872e+02, 7.44783878e-01, 1.62517554e+03,
       4.56689209e+02, 4.16209936e-01, 6.98030579e+02, 5.00905670e+02,
       8.40039015e-01, 7.09819824e+02, 4.62573914e+02, 8.42180848e-01,
       7.18613831e+02, 5.30355164e+02, 5.38729548e-01, 7.36326538e+02,
       4.47881226e+02, 3.80827725e-01, 1.72231970e+03, 4.09588257e+02,
       3.01113784e-01, 1.71937524e+03, 4.09590363e+02, 2.71067023e-01,
       1.70454700e+03, 4.62649109e+02, 1.54703304e-01, 1.59867114e+03,
       5.77399963e+02, 2.47898430e-01, 1.51624377e+03, 6.24484009e+02,
       1.58572674e-01, 1.56638757e+03, 5.50920654e+02, 3.42838496e-01 ]
