%YAML:1.0
---
pose_0: !!opencv-matrix
   rows: 1
   cols: 25
   dt: "3f"
   data: [ 7.89443359e+02, 4.42016663e+02, 8.30583453e-01,
       8.80430786e+02, 4.06596436e+02, 6.80598080e-01, 8.80632568e+02,
       4.71384949e+02, 7.51613855e-01, 9.95359131e+02, 4.41984375e+02,
       7.21722603e-01, 9.62977600e+02, 3.06583862e+02, 7.06479013e-01,
       8.80449341e+02, 3.41837097e+02, 5.56727529e-01, 1.02172510e+03,
       2.65435303e+02, 7.98963130e-01, 9.39355103e+02, 1.91800720e+02,
       7.86125779e-01, 1.13662683e+03, 4.41990417e+02, 6.17584527e-01,
       1.11606287e+03, 4.91974823e+02, 6.40877664e-01, 1.31319775e+03,
       5.77535767e+02, 7.46788919e-01, 1.49577942e+03, 6.24541687e+02,
       6.25979364e-01, 1.15421143e+03, 3.89047028e+02, 5.91634691e-01,
       1.36908691e+03, 3.85977966e+02, 5.73984265e-01, 1.55750281e+03,
       3.85926270e+02, 6.42410040e-01, 7.83308044e+02, 4.56581665e+02,
       7.24643826e-01, 7.83375061e+02, 4.30219299e+02, 8.08894098e-01,
       0., 0., 0., 7.86372131e+02, 3.88914612e+02, 6.86796367e-01,
       1.61933057e+03, 3.62584595e+02, 4.22850400e-01, 1.61340686e+03,
       3.59487946e+02, 4.48503256e-01, 1.58395837e+03, 3.85977295e+02,
       2.68323541e-01, 1.56336511e+03, 5.97945679e+02, 5.44130623e-01,
       1.55158838e+03, 6.06848877e+02, 4.07515585e-01, 1.51918152e+03,
       6.53882935e+02, 2.91352242e-01 ]
