%YAML:1.0
---
pose_0: !!opencv-matrix
   rows: 1
   cols: 25
   dt: "3f"
   data: [ 7.71707764e+02, 3.38895905e+02, 8.29619288e-01,
       8.62913269e+02, 3.56637573e+02, 6.95502698e-01, 8.53977417e+02,
       4.12505798e+02, 5.73430002e-01, 7.39229004e+02, 4.44966827e+02,
       4.95722383e-01, 7.15683716e+02, 4.36034576e+02, 3.60670835e-01,
       8.80509460e+02, 2.91837097e+02, 7.23098993e-01, 8.83621643e+02,
       1.97803055e+02, 7.89733291e-01, 8.83569580e+02, 7.11355743e+01,
       7.95473814e-01, 1.14549048e+03, 3.44895782e+02, 5.27764738e-01,
       1.14545032e+03, 3.92017578e+02, 5.54803669e-01, 1.36024475e+03,
       4.30120331e+02, 7.01649487e-01, 1.56039551e+03, 4.53770477e+02,
       6.36649847e-01, 1.14833435e+03, 2.91980194e+02, 5.45765817e-01,
       1.36322351e+03, 2.94719513e+02, 6.03432894e-01, 1.58391992e+03,
       2.94768585e+02, 6.38660789e-01, 7.62731750e+02, 3.56598694e+02,
       7.73736656e-01, 7.62860779e+02, 3.18452057e+02, 8.04507911e-01,
       7.74611206e+02, 3.91930725e+02, 6.00323617e-01, 7.89248291e+02,
       3.03677460e+02, 1.37068734e-01, 1.64292578e+03, 2.68364685e+02,
       4.82965171e-01, 1.63706067e+03, 2.68273895e+02, 5.63695610e-01,
       1.62517029e+03, 3.00688629e+02, 3.02929252e-01, 1.61032837e+03,
       4.68490662e+02, 4.33247089e-01, 0., 0., 0., 1.58978284e+03,
       4.36123322e+02, 4.53462541e-01 ]
