%YAML:1.0
---
pose_0: !!opencv-matrix
   rows: 1
   cols: 25
   dt: "3f"
   data: [ 7.74549622e+02, 4.36066589e+02, 8.39082599e-01,
       8.86418762e+02, 4.33125153e+02, 7.80099869e-01, 8.77515625e+02,
       5.03873535e+02, 7.82324195e-01, 9.57097473e+02, 5.24403137e+02,
       7.93042421e-01, 9.01052917e+02, 4.09546021e+02, 7.12521136e-01,
       9.04157410e+02, 3.53658173e+02, 5.83244979e-01, 9.98278381e+02,
       2.71227386e+02, 8.65839720e-01, 9.65906067e+02, 2.18260727e+02,
       7.69360542e-01, 1.13948816e+03, 4.77226868e+02, 6.61573887e-01,
       1.12479370e+03, 5.18548218e+02, 6.14846170e-01, 1.31323950e+03,
       5.74349060e+02, 7.90715933e-01, 1.51633435e+03, 6.42150513e+02,
       7.01405823e-01, 1.14834668e+03, 4.27237396e+02, 5.96628308e-01,
       1.34854004e+03, 4.33280273e+02, 7.25812197e-01, 1.55743823e+03,
       4.30102051e+02, 6.08878613e-01, 7.62748047e+02, 4.53712555e+02,
       7.95205355e-01, 7.62695129e+02, 4.15580170e+02, 8.19797158e-01,
       7.83391602e+02, 4.68473755e+02, 3.32224905e-01, 7.80508484e+02,
       3.86108398e+02, 5.48025846e-01, 1.61338403e+03, 4.00764008e+02,
       5.97607791e-01, 1.61031934e+03, 3.92046509e+02, 6.30017817e-01,
       1.58393408e+03, 4.33258026e+02, 3.45797181e-01, 1.57221924e+03,
       6.71597534e+02, 5.49169481e-01, 1.56624695e+03, 6.74488281e+02,
       5.97650468e-01, 1.54278894e+03, 6.27396790e+02, 4.85170782e-01 ]
