%YAML:1.0
---
pose_0: !!opencv-matrix
   rows: 1
   cols: 25
   dt: "3f"
   data: [ 0., 0., 0., 8.86400818e+02, 5.06772369e+02, 4.27933156e-01,
       8.57009155e+02, 5.53776855e+02, 2.88579106e-01, 7.65740234e+02,
       5.36220337e+02, 2.44632810e-01, 8.62905884e+02, 4.77329376e+02,
       6.54783398e-02, 9.07047546e+02, 4.77272064e+02, 3.44237179e-01,
       9.04052490e+02, 4.36061798e+02, 3.31850260e-01, 7.65704407e+02,
       3.59630615e+02, 5.23319006e-01, 1.13956714e+03, 5.47911438e+02,
       3.24752212e-01, 1.13958069e+03, 5.45000610e+02, 2.89282322e-01,
       1.31609802e+03, 5.59725586e+02, 2.62172699e-01, 1.63691443e+03,
       7.06879089e+02, 1.00201309e-01, 1.14248059e+03, 5.47948853e+02,
       3.03632796e-01, 1.31317139e+03, 5.50888611e+02, 1.07127801e-01,
       0., 0., 0., 0., 0., 0., 0., 0., 0., 0., 0., 0., 0., 0., 0., 0.,
       0., 0., 0., 0., 0., 0., 0., 0., 1.68107361e+03, 7.18675781e+02,
       7.58263990e-02, 0., 0., 0., 1.65754993e+03, 7.24519409e+02,
       6.27399758e-02 ]
