%YAML:1.0
---
pose_0: !!opencv-matrix
   rows: 1
   cols: 25
   dt: "3f"
   data: [ 5.74363464e+02, 5.06898376e+02, 8.07907224e-01,
       6.48096069e+02, 5.56730225e+02, 5.90003788e-01, 5.97952332e+02,
       6.09720398e+02, 4.69666094e-01, 5.09696289e+02, 5.77360840e+02,
       3.01665097e-01, 5.24404602e+02, 5.47906982e+02, 1.90877706e-01,
       7.00984619e+02, 5.03733673e+02, 4.61866558e-01, 8.89379700e+02,
       4.33265594e+02, 8.10770750e-01, 7.65807007e+02, 4.97954376e+02,
       7.13937759e-01, 1.04540076e+03, 5.77400452e+02, 4.15863484e-01,
       1.04532690e+03, 6.36246094e+02, 3.82276475e-01, 1.37501233e+03,
       6.45102234e+02, 2.14367986e-01, 1.66636621e+03, 5.80338867e+02,
       3.12091261e-01, 1.04539697e+03, 5.06693634e+02, 3.69309545e-01,
       1.18072388e+03, 4.80249969e+02, 1.39254540e-01, 1.37205408e+03,
       4.56559235e+02, 1.97090924e-01, 5.47863892e+02, 5.27314392e+02,
       8.16498578e-01, 5.53928345e+02, 5.00741211e+02, 7.37797201e-01,
       5.53908936e+02, 5.59666870e+02, 4.11908448e-01, 5.86155518e+02,
       4.83103668e+02, 1.00534722e-01, 1.52511096e+03, 4.56729950e+02,
       5.10604717e-02, 0., 0., 0., 1.39263306e+03, 4.65580719e+02,
       1.56901360e-01, 1.75760852e+03, 6.00868958e+02, 1.33342534e-01,
       0., 0., 0., 1.75175598e+03, 6.24498779e+02, 1.24806009e-01 ]
