%YAML:1.0
---
pose_0: !!opencv-matrix
   rows: 1
   cols: 25
   dt: "3f"
   data: [ 7.62668640e+02, 3.86029358e+02, 8.67644668e-01,
       8.80427063e+02, 3.85929596e+02, 7.56779850e-01, 8.80585999e+02,
       4.80160614e+02, 7.53628731e-01, 1.00417365e+03, 5.15599915e+02,
       7.34744668e-01, 1.10122754e+03, 5.47945923e+02, 7.93939114e-01,
       8.80560120e+02, 2.94856018e+02, 7.22105086e-01, 9.74641846e+02,
       1.97701569e+02, 8.23524117e-01, 1.07488843e+03, 9.75947418e+01,
       7.80149281e-01, 1.13957043e+03, 3.50783325e+02, 5.58870316e-01,
       1.14249255e+03, 3.94934021e+02, 5.66090643e-01, 1.35438110e+03,
       4.33262848e+02, 7.81566024e-01, 1.54863794e+03, 5.30299866e+02,
       6.39097631e-01, 1.13947534e+03, 2.94888672e+02, 5.61722517e-01,
       1.32794690e+03, 2.80164703e+02, 6.85323894e-01, 1.56921643e+03,
       2.91750122e+02, 5.93578219e-01, 7.42198914e+02, 3.97798523e+02,
       8.19442630e-01, 7.42329834e+02, 3.65338715e+02, 8.50536525e-01,
       7.62815735e+02, 4.18440765e+02, 4.30868328e-01, 7.62747498e+02,
       3.38860016e+02, 4.85579669e-01, 1.63700708e+03, 2.68375336e+02,
       5.42210400e-01, 1.63406140e+03, 2.65355957e+02, 5.22155583e-01,
       1.60164099e+03, 2.97727905e+02, 2.63209879e-01, 1.61633154e+03,
       5.36180298e+02, 5.09764612e-01, 1.60756531e+03, 5.50895874e+02,
       5.01744866e-01, 1.56636206e+03, 5.42085022e+02, 3.32893997e-01 ]
