%YAML:1.0
---
pose_0: !!opencv-matrix
   rows: 2
   cols: 25
   dt: "3f"
   data: [ 7.92199402e+02, 5.03653381e+02, 8.29631865e-01,
       8.95220337e+02, 5.30292480e+02, 6.05991542e-01, 8.80451599e+02,
       5.74321655e+02, 7.16919065e-01, 9.74630554e+02, 6.18600586e+02,
       1.42187700e-01, 1.00417047e+03, 6.42060913e+02, 1.61376640e-01,
       8.89344055e+02, 5.00831207e+02, 2.80729949e-01, 9.68825867e+02,
       4.59688141e+02, 8.62762332e-02, 0., 0., 0., 1.16311060e+03,
       5.71408813e+02, 5.91058135e-01, 1.16009387e+03, 6.18540039e+02,
       5.62859774e-01, 1.35446265e+03, 6.44991272e+02, 6.33267939e-01,
       1.53983081e+03, 6.95134277e+02, 4.82737631e-01, 1.16601074e+03,
       5.18542114e+02, 5.68714619e-01, 1.34843250e+03, 4.59651428e+02,
       7.27044046e-01, 1.55456824e+03, 4.39073395e+02, 6.45248771e-01,
       7.77480835e+02, 5.12583374e+02, 7.51840115e-01, 7.83386292e+02,
       4.83109772e+02, 8.22112620e-01, 7.92206970e+02, 5.36221680e+02,
       6.02647364e-01, 8.03991394e+02, 4.62661438e+02, 2.76878238e-01,
       1.62814844e+03, 3.65404419e+02, 4.42793310e-01, 1.62225098e+03,
       3.65513611e+02, 4.01602298e-01, 1.58398975e+03, 4.50831451e+02,
       3.64788443e-01, 1.59866504e+03, 6.95156860e+02, 2.16108277e-01,
       0., 0., 0., 1.56631104e+03, 6.98042603e+02, 3.16409498e-01, 0.,
       0., 0., 0., 0., 0., 0., 0., 0., 0., 0., 0., 0., 0., 0.,
       9.48171021e+02, 4.83267578e+02, 2.46696308e-01, 1.05717322e+03,
       4.41983948e+02, 6.22654438e-01, 1.18672839e+03, 4.06568024e+02,
       8.26018751e-01, 0., 0., 0., 0., 0., 0., 0., 0., 0., 0., 0., 0.,
       0., 0., 0., 0., 0., 0., 0., 0., 0., 0., 0., 0., 0., 0., 0., 0.,
       0., 0., 0., 0., 0., 0., 0., 0., 0., 0., 0., 0., 0., 0., 0., 0.,
       0., 0., 0., 0., 0., 0., 0. ]
