%YAML:1.0
---
pose_0: !!opencv-matrix
   rows: 1
   cols: 25
   dt: "3f"
   data: [ 7.80393066e+02, 5.53808533e+02, 8.63529801e-01,
       8.86478760e+02, 5.59770142e+02, 6.62344217e-01, 9.01033081e+02,
       6.44997864e+02, 6.42624974e-01, 1.02189655e+03, 6.68740906e+02,
       8.25744629e-01, 1.14256873e+03, 7.12762146e+02, 7.46547759e-01,
       8.92320068e+02, 4.89063721e+02, 5.83523393e-01, 1.03652197e+03,
       4.36155151e+02, 7.97588885e-01, 1.16017065e+03, 3.88901062e+02,
       8.37818384e-01, 1.12778870e+03, 5.68574341e+02, 5.87216437e-01,
       1.12480176e+03, 6.15594482e+02, 6.13005996e-01, 1.33077747e+03,
       6.33286987e+02, 4.93687302e-01, 1.52216138e+03, 6.30343750e+02,
       6.34166181e-01, 1.13072864e+03, 5.18510681e+02, 5.79660594e-01,
       1.28087634e+03, 5.39148132e+02, 6.99752748e-01, 1.51041736e+03,
       5.03681000e+02, 5.29078782e-01, 7.62872559e+02, 5.71460815e+02,
       7.85526633e-01, 7.65662476e+02, 5.33345032e+02, 8.00953448e-01,
       7.74573608e+02, 5.92118103e+02, 4.61645126e-01, 7.89240784e+02,
       5.12662231e+02, 5.76918304e-01, 1.61053687e+03, 5.24387268e+02,
       6.89311251e-02, 0., 0., 0., 1.52514307e+03, 4.80254120e+02,
       2.06459492e-01, 1.57223083e+03, 6.68627014e+02, 3.07540089e-01,
       1.57218445e+03, 6.68562073e+02, 3.05792153e-01, 1.55451880e+03,
       6.18535645e+02, 4.61172849e-01 ]
