%YAML:1.0
---
pose_0: !!opencv-matrix
   rows: 1
   cols: 25
   dt: "3f"
   data: [ 7.18535461e+02, 4.44907593e+02, 8.09817433e-01,
       8.18715515e+02, 4.39061218e+02, 6.15646899e-01, 8.30457581e+02,
       5.03732544e+02, 6.02829397e-01, 9.54166443e+02, 5.33225586e+02,
       6.34441018e-01, 1.08955237e+03, 5.98035278e+02, 6.66082323e-01,
       8.09822571e+02, 3.83154846e+02, 5.55203438e-01, 9.92319519e+02,
       3.18376617e+02, 7.21235871e-01, 1.14254749e+03, 2.97799255e+02,
       7.15929687e-01, 1.10716321e+03, 4.56700562e+02, 5.67663372e-01,
       1.09544617e+03, 5.06665283e+02, 5.95305979e-01, 1.31323425e+03,
       5.53971558e+02, 7.60432363e-01, 1.63391589e+03, 6.42178772e+02,
       5.92960775e-01, 1.11593799e+03, 4.03658844e+02, 5.24310827e-01,
       1.36321887e+03, 4.12505310e+02, 4.99704003e-01, 1.59867175e+03,
       4.12630066e+02, 5.72069526e-01, 7.06827148e+02, 4.59632874e+02,
       7.71463037e-01, 7.00962463e+02, 4.30134949e+02, 7.75366545e-01,
       7.18748352e+02, 4.77362854e+02, 3.07224423e-01, 7.21625305e+02,
       4.00720764e+02, 6.06748998e-01, 1.66343677e+03, 3.85982056e+02,
       3.74779224e-01, 1.66041138e+03, 3.83070679e+02, 3.98866415e-01,
       1.63399023e+03, 4.24329376e+02, 2.00706348e-01, 1.68413672e+03,
       5.95011475e+02, 2.89018273e-01, 1.68101636e+03, 6.01024841e+02,
       2.04433426e-01, 1.67812378e+03, 6.53878662e+02, 2.53590286e-01 ]
