%YAML:1.0
---
pose_0: !!opencv-matrix
   rows: 1
   cols: 25
   dt: "3f"
   data: [ 6.92244812e+02, 5.27445435e+02, 6.03830576e-01,
       7.89209290e+02, 4.68456696e+02, 6.16396785e-01, 7.92317871e+02,
       5.30335205e+02, 4.70022351e-01, 8.80588379e+02, 6.00927979e+02,
       7.85776019e-01, 8.27582397e+02, 5.50783691e+02, 7.38206625e-01,
       7.74557312e+02, 4.12593781e+02, 4.75031585e-01, 8.80447449e+02,
       3.44814819e+02, 5.02141297e-01, 7.92239319e+02, 3.86068970e+02,
       4.42948014e-01, 1.10127271e+03, 5.09739899e+02, 4.71082777e-01,
       1.09533130e+03, 5.65593994e+02, 4.96409416e-01, 1.30734521e+03,
       5.86181580e+02, 5.40862143e-01, 1.62811145e+03, 6.21408142e+02,
       5.54771543e-01, 1.10423267e+03, 4.56656952e+02, 4.22610015e-01,
       1.39561084e+03, 4.56761871e+02, 5.91978252e-01, 1.60459106e+03,
       4.59552399e+02, 6.02824211e-01, 6.89149475e+02, 5.27444641e+02,
       7.85307437e-02, 6.83346130e+02, 5.24376831e+02, 5.18161952e-01,
       0., 0., 0., 6.92034790e+02, 4.94969666e+02, 5.82609057e-01,
       1.67806824e+03, 4.24295532e+02, 5.20835519e-01, 1.66638159e+03,
       4.21415375e+02, 5.53784788e-01, 1.63403821e+03, 4.80230255e+02,
       2.84776390e-01, 1.75462854e+03, 5.97977600e+02, 2.52216369e-01,
       1.75172986e+03, 6.06859741e+02, 1.78610191e-01, 1.65753223e+03,
       6.09792053e+02, 2.53554106e-01 ]
