%YAML:1.0
---
pose_0: !!opencv-matrix
   rows: 1
   cols: 25
   dt: "3f"
   data: [ 7.95190369e+02, 3.91914856e+02, 7.97753513e-01,
       9.07009827e+02, 3.65453979e+02, 6.75786138e-01, 8.80445679e+02,
       4.18432098e+02, 7.21875012e-01, 8.98237854e+02, 3.15535950e+02,
       7.62884378e-01, 8.12990540e+02, 2.03582413e+02, 8.01171958e-01,
       9.33539612e+02, 3.15459290e+02, 3.31102163e-01, 0., 0., 0., 0.,
       0., 0., 1.13662976e+03, 4.33098053e+02, 6.59742236e-01,
       1.11896240e+03, 4.80149261e+02, 6.33872986e-01, 1.30140588e+03,
       5.92063721e+02, 7.63933599e-01, 1.49867200e+03, 7.03981506e+02,
       6.54041588e-01, 1.15130042e+03, 3.83125977e+02, 6.01190507e-01,
       1.35440247e+03, 3.68446686e+02, 6.14741683e-01, 1.55157251e+03,
       3.92038452e+02, 5.95859051e-01, 7.83439819e+02, 4.06583557e+02,
       7.44295835e-01, 7.86255859e+02, 3.71412231e+02, 7.52789438e-01,
       8.12794250e+02, 4.09808594e+02, 5.29701859e-02, 8.01064575e+02,
       3.41821716e+02, 5.22900999e-01, 1.61354712e+03, 3.77198425e+02,
       5.26639402e-01, 1.61050903e+03, 3.68438965e+02, 5.65135658e-01,
       1.58096985e+03, 4.09608490e+02, 3.09731722e-01, 1.58677747e+03,
       7.39227417e+02, 6.50861442e-01, 1.56629309e+03, 7.45191345e+02,
       6.23105407e-01, 1.51633521e+03, 7.01027954e+02, 4.40687120e-01 ]
