%YAML:1.0
---
pose_0: !!opencv-matrix
   rows: 1
   cols: 25
   dt: "3f"
   data: [ 8.04053284e+02, 5.24331970e+02, 7.97817647e-01,
       8.74654724e+02, 5.74519226e+02, 7.35306919e-01, 8.39374512e+02,
       6.12740967e+02, 5.62003911e-01, 7.62827515e+02, 5.74404968e+02,
       4.48027402e-01, 7.59901062e+02, 5.30234436e+02, 2.38647431e-01,
       9.09931213e+02, 5.30388306e+02, 6.32870257e-01, 9.48214417e+02,
       4.30196411e+02, 6.91040158e-01, 9.83564331e+02, 2.94860229e+02,
       7.50505149e-01, 1.16011670e+03, 5.62688904e+02, 5.53695858e-01,
       1.16599365e+03, 6.06836609e+02, 4.59069043e-01, 1.36910498e+03,
       6.24356445e+02, 8.19169283e-01, 1.55748328e+03, 7.03903381e+02,
       6.05710745e-01, 1.15716382e+03, 5.09688934e+02, 5.61988413e-01,
       1.26313464e+03, 4.30261108e+02, 7.05401063e-01, 1.46330127e+03,
       4.97907654e+02, 5.56421757e-01, 7.86408020e+02, 5.30193909e+02,
       8.74454141e-01, 7.89309326e+02, 5.06824554e+02, 5.69085300e-01,
       7.92339600e+02, 5.56854797e+02, 7.04433441e-01, 0., 0., 0.,
       1.53394519e+03, 4.56660553e+02, 2.46603101e-01, 1.52806982e+03,
       4.53696960e+02, 2.50223011e-01, 1.47509326e+03, 5.24413818e+02,
       3.65491003e-01, 1.61054590e+03, 6.71574219e+02, 6.04393840e-01,
       1.60753064e+03, 6.89145752e+02, 5.22530675e-01, 1.57219385e+03,
       7.24587341e+02, 3.98209572e-01 ]
