%YAML:1.0
---
pose_0: !!opencv-matrix
   rows: 1
   cols: 25
   dt: "3f"
   data: [ 6.74535706e+02, 6.18521729e+02, 6.35192096e-01,
       8.06916992e+02, 5.80342834e+02, 6.11510336e-01, 8.18700378e+02,
       6.68570068e+02, 5.51401496e-01, 9.54119385e+02, 7.48085938e+02,
       8.29078674e-01, 8.39277893e+02, 7.18664551e+02, 8.32030237e-01,
       7.68739441e+02, 5.15545105e+02, 4.50787842e-01, 9.68818298e+02,
       4.36090973e+02, 7.84341931e-01, 8.18724182e+02, 4.59813416e+02,
       8.07401478e-01, 1.12192834e+03, 6.06793457e+02, 5.62808216e-01,
       1.11587878e+03, 6.62729370e+02, 6.13254189e-01, 1.35131116e+03,
       7.65654724e+02, 8.01215768e-01, 1.53986963e+03, 7.18642395e+02,
       6.80424452e-01, 1.13072900e+03, 5.50899109e+02, 5.33624351e-01,
       1.36618555e+03, 5.53734985e+02, 6.57295167e-01, 1.63405701e+03,
       5.24321106e+02, 6.09503388e-01, 6.62728210e+02, 6.30312073e+02,
       6.08777285e-01, 6.59772827e+02, 6.00899048e+02, 5.80383480e-01,
       6.86251587e+02, 6.39152466e+02, 6.78060055e-02, 6.68535217e+02,
       5.71441895e+02, 5.02983212e-01, 1.71347314e+03, 4.86160522e+02,
       4.82314885e-01, 1.70755945e+03, 4.86106354e+02, 5.26385128e-01,
       1.68106677e+03, 5.33293701e+02, 2.36175656e-01, 1.65455090e+03,
       7.77553833e+02, 4.53618735e-01, 1.64280273e+03, 7.77474548e+02,
       4.32462186e-01, 1.56046240e+03, 6.95165161e+02, 5.13947666e-01 ]
