%YAML:1.0
---
pose_0: !!opencv-matrix
   rows: 1
   cols: 25
   dt: "3f"
   data: [ 6.89245361e+02, 4.97883789e+02, 7.89484620e-01,
       8.09965393e+02, 5.12676697e+02, 7.07217813e-01, 8.12848450e+02,
       5.89143616e+02, 7.45970547e-01, 9.24711304e+02, 6.51046143e+02,
       7.13482618e-01, 9.92360840e+02, 6.68649841e+02, 7.12175488e-01,
       8.04010681e+02, 4.44908081e+02, 6.03754103e-01, 9.71792664e+02,
       4.12589294e+02, 8.56916606e-01, 8.36389954e+02, 4.27244781e+02,
       7.34292805e-01, 1.08952441e+03, 5.06823059e+02, 5.25246739e-01,
       1.08953186e+03, 5.53854309e+02, 5.76902628e-01, 1.30440173e+03,
       5.74425415e+02, 7.93749571e-01, 1.56932654e+03, 6.00992615e+02,
       6.08232498e-01, 1.08363708e+03, 4.56772247e+02, 4.96639848e-01,
       1.32785437e+03, 4.53709229e+02, 5.83986223e-01, 1.53976660e+03,
       4.50761810e+02, 5.25096595e-01, 6.71501282e+02, 5.06887329e+02,
       7.69379139e-01, 6.74492920e+02, 4.80082092e+02, 8.46611500e-01,
       6.92258179e+02, 5.30377075e+02, 4.40907806e-01, 7.06863098e+02,
       4.47825806e+02, 5.69599688e-01, 1.61350464e+03, 4.39127258e+02,
       5.26896715e-01, 1.61052588e+03, 4.36109497e+02, 5.69322407e-01,
       0., 0., 0., 1.66059753e+03, 6.48022644e+02, 1.77679360e-01,
       1.65754053e+03, 6.44991760e+02, 2.08058894e-01, 1.61341724e+03,
       5.83289063e+02, 2.76067615e-01 ]
