%YAML:1.0
---
pose_0: !!opencv-matrix
   rows: 1
   cols: 25
   dt: "3f"
   data: [ 7.65767883e+02, 2.71290863e+02, 7.70418763e-01,
       9.04032043e+02, 2.44680740e+02, 4.95835304e-01, 9.07053406e+02,
       2.91838257e+02, 3.38260919e-01, 9.77576660e+02, 3.59561401e+02,
       5.05369961e-01, 1.01884631e+03, 4.77292969e+02, 7.59124756e-01,
       8.86465759e+02, 2.09436142e+02, 3.76213491e-01, 9.54184143e+02,
       2.97800598e+02, 1.13378622e-01, 1.01299896e+03, 4.62643768e+02,
       9.96131524e-02, 1.16605359e+03, 2.53657974e+02, 5.47197282e-01,
       1.16307959e+03, 3.00734589e+02, 5.36569118e-01, 1.32489746e+03,
       3.41815887e+02, 6.04862392e-01, 1.55159912e+03, 2.21311981e+02,
       3.14836740e-01, 1.17189673e+03, 2.00692429e+02, 5.30773699e-01,
       1.37794958e+03, 1.94651749e+02, 4.15838152e-01, 1.58689941e+03,
       1.53527481e+02, 2.59888947e-01, 7.56863953e+02, 2.88860626e+02,
       6.36775911e-01, 7.51079224e+02, 2.56605072e+02, 6.46675348e-01,
       7.65786072e+02, 2.94760712e+02, 1.08777694e-01, 7.65746887e+02,
       2.24282990e+02, 5.18019974e-01, 1.63105481e+03, 1.09366188e+02,
       1.24403343e-01, 1.63108105e+03, 1.09393372e+02, 1.31952867e-01,
       0., 0., 0., 0., 0., 0., 0., 0., 0., 1.58990015e+03,
       2.24130280e+02, 1.73285082e-01 ]
