%YAML:1.0
---
pose_0: !!opencv-matrix
   rows: 1
   cols: 25
   dt: "3f"
   data: [ 7.62691711e+02, 4.33164764e+02, 8.75085711e-01,
       8.80481995e+02, 4.47815094e+02, 7.27670252e-01, 8.77574829e+02,
       5.27216858e+02, 7.48785079e-01, 9.80696228e+02, 5.77540161e+02,
       8.45157504e-01, 1.04525598e+03, 6.48008240e+02, 9.10587251e-01,
       8.80626465e+02, 3.68486725e+02, 6.29652441e-01, 1.02488269e+03,
       3.41899139e+02, 8.08972836e-01, 1.07196265e+03, 2.68333984e+02,
       7.75143027e-01, 1.14257324e+03, 4.47850525e+02, 5.57053685e-01,
       1.14248645e+03, 4.94981476e+02, 5.77988565e-01, 1.33971729e+03,
       5.09774506e+02, 7.41045415e-01, 1.54865051e+03, 5.74392761e+02,
       6.55954838e-01, 1.14252625e+03, 3.92021515e+02, 5.68470776e-01,
       1.33083643e+03, 3.56632080e+02, 7.13861823e-01, 1.55750720e+03,
       3.09521667e+02, 5.46857119e-01, 7.42272278e+02, 4.39166992e+02,
       8.10487986e-01, 7.48082520e+02, 4.12481873e+02, 8.37137580e-01,
       7.62728638e+02, 4.59814667e+02, 5.15990913e-01, 7.68744934e+02,
       3.88925262e+02, 6.26592040e-01, 1.63988464e+03, 2.74251007e+02,
       4.04560983e-01, 1.63692090e+03, 2.71302460e+02, 3.98875386e-01,
       1.59866150e+03, 3.15369446e+02, 2.71995932e-01, 1.54863538e+03,
       6.42090942e+02, 2.16658890e-01, 1.53101379e+03, 6.27451355e+02,
       2.31354997e-01, 1.58399731e+03, 5.62651001e+02, 4.83538508e-01 ]
