%YAML:1.0
---
pose_0: !!opencv-matrix
   rows: 2
   cols: 25
   dt: "3f"
   data: [ 7.30449036e+02, 4.15546600e+02, 7.16604948e-01,
       8.12920471e+02, 4.86215179e+02, 6.08646214e-01, 7.42304688e+02,
       4.95025391e+02, 1.54834867e-01, 6.95090210e+02, 5.00860565e+02,
       3.41591805e-01, 6.71705688e+02, 4.59594147e+02, 6.09104931e-02,
       8.12785217e+02, 4.27312347e+02, 6.01154268e-01, 9.95346130e+02,
       3.86037445e+02, 7.55545676e-01, 1.11302039e+03, 3.33103943e+02,
       7.53314912e-01, 1.09838525e+03, 4.80321594e+02, 5.81079602e-01,
       1.09838708e+03, 5.27382080e+02, 5.66515982e-01, 1.33076526e+03,
       5.50786926e+02, 7.43827641e-01, 1.55162683e+03, 5.74372437e+02,
       5.97464442e-01, 1.10127588e+03, 4.33156219e+02, 5.85783541e-01,
       1.33676599e+03, 3.94898407e+02, 4.93928939e-01, 1.52514148e+03,
       3.94878967e+02, 3.94006282e-01, 7.15581055e+02, 4.32997284e+02,
       8.09350193e-01, 7.12761841e+02, 4.06678375e+02, 1.81017220e-01,
       7.18738159e+02, 4.59615967e+02, 8.23883891e-01, 0., 0., 0.,
       1.61050854e+03, 3.65430664e+02, 4.27821338e-01, 1.60461157e+03,
       3.62507721e+02, 4.30094332e-01, 1.58394250e+03, 3.91981903e+02,
       2.11814478e-01, 1.63098645e+03, 5.53873535e+02, 4.88505572e-01,
       1.61931616e+03, 5.71473083e+02, 4.05280888e-01, 1.58391699e+03,
       5.53900757e+02, 2.38990664e-01, 0., 0., 0., 0., 0., 0.,
       8.30399292e+02, 5.74334106e+02, 7.11594224e-01, 9.54254944e+02,
       6.18621216e+02, 8.34366858e-01, 1.04838928e+03, 5.74359314e+02,
       8.76421809e-01, 0., 0., 0., 0., 0., 0., 0., 0., 0., 0., 0., 0.,
       0., 0., 0., 0., 0., 0., 0., 0., 0., 0., 0., 0., 0., 0., 0., 0.,
       0., 0., 0., 0., 0., 0., 0., 0., 0., 0., 0., 0., 0., 0., 0., 0.,
       0., 0., 0., 0., 0., 0., 0., 0., 0., 0., 0., 0., 0., 0., 0., 0. ]
