%YAML:1.0
---
pose_0: !!opencv-matrix
   rows: 1
   cols: 25
   dt: "3f"
   data: [ 7.01039185e+02, 5.51005432e+02, 8.28743935e-01,
       8.30398926e+02, 5.50854431e+02, 6.31970704e-01, 8.18781982e+02,
       6.18609741e+02, 4.83800709e-01, 1.00417426e+03, 6.48076050e+02,
       4.02734131e-01, 1.15715564e+03, 6.74506226e+02, 5.14024019e-01,
       8.30419983e+02, 4.77265442e+02, 6.04671776e-01, 9.74732117e+02,
       4.09729034e+02, 7.86672950e-01, 1.11306909e+03, 3.41993744e+02,
       8.21685851e-01, 1.11605176e+03, 5.30298279e+02, 5.48836648e-01,
       1.11012500e+03, 5.80326599e+02, 6.02745891e-01, 1.22485962e+03,
       6.24580078e+02, 6.70685589e-01, 1.51633691e+03, 6.74611145e+02,
       5.59391677e-01, 1.11895520e+03, 4.77209839e+02, 5.33181548e-01,
       1.35140747e+03, 5.50912903e+02, 6.88265443e-01, 1.60754248e+03,
       5.97942322e+02, 5.44277072e-01, 6.89120850e+02, 5.65607605e+02,
       7.37309098e-01, 6.92133057e+02, 5.30299927e+02, 8.61495554e-01,
       6.98067078e+02, 5.89095581e+02, 2.85492420e-01, 7.15678467e+02,
       5.06746796e+02, 5.52008986e-01, 1.68413684e+03, 5.62626465e+02,
       4.08823997e-01, 1.68105981e+03, 5.56857178e+02, 4.29500401e-01,
       1.63105664e+03, 6.27423767e+02, 2.38297895e-01, 1.55742688e+03,
       6.92125183e+02, 8.26718584e-02, 1.53393994e+03, 7.03969360e+02,
       1.02071397e-01, 1.54567627e+03, 6.68631592e+02, 3.95625979e-01 ]
