%YAML:1.0
---
pose_0: !!opencv-matrix
   rows: 1
   cols: 25
   dt: "3f"
   data: [ 7.89205933e+02, 5.03701477e+02, 8.44011664e-01,
       8.83408081e+02, 5.15521606e+02, 7.82986343e-01, 8.80418701e+02,
       5.94975647e+02, 6.87378824e-01, 9.54134827e+02, 6.89133057e+02,
       7.97725201e-01, 8.59917542e+02, 6.94994446e+02, 8.14970553e-01,
       9.01046265e+02, 4.44916351e+02, 7.24704266e-01, 9.59948425e+02,
       3.38983124e+02, 8.44489455e-01, 9.27657593e+02, 2.18234650e+02,
       8.27176213e-01, 1.12485229e+03, 5.24335083e+02, 5.78810692e-01,
       1.12482568e+03, 5.65644165e+02, 5.69637477e-01, 1.33080115e+03,
       6.18478333e+02, 7.27660537e-01, 1.53101904e+03, 6.45063904e+02,
       6.57793522e-01, 1.12774854e+03, 4.74380280e+02, 5.35553217e-01,
       1.35151587e+03, 4.59532074e+02, 7.49956489e-01, 1.56035840e+03,
       4.33164001e+02, 7.06342280e-01, 7.74599976e+02, 5.12605042e+02,
       7.98798740e-01, 7.74558228e+02, 4.83256256e+02, 8.03625822e-01,
       7.89370056e+02, 5.36212280e+02, 7.28714824e-01, 7.92253235e+02,
       4.65547272e+02, 4.89643902e-01, 1.61936755e+03, 4.41969727e+02,
       4.39788312e-01, 1.61640723e+03, 4.33082062e+02, 5.06406426e-01,
       1.57808606e+03, 4.15497528e+02, 2.84595609e-01, 1.57809253e+03,
       6.92218750e+02, 4.63316262e-01, 1.58106104e+03, 6.89171814e+02,
       4.56989139e-01, 1.56329932e+03, 6.24493469e+02, 4.95280653e-01 ]
