%YAML:1.0
---
pose_0: !!opencv-matrix
   rows: 1
   cols: 25
   dt: "3f"
   data: [ 0., 0., 0., 9.77625732e+02, 5.36157471e+02, 4.34508145e-01,
       9.27678467e+02, 5.80298584e+02, 3.92112970e-01, 8.33339172e+02,
       5.45032410e+02, 4.80175197e-01, 9.57032654e+02, 5.09696564e+02,
       3.17137122e-01, 1.01004883e+03, 5.06752777e+02, 4.06537801e-01,
       1.09249561e+03, 4.77192902e+02, 4.63035882e-01, 1.13963794e+03,
       4.18494476e+02, 4.30567712e-01, 1.16898792e+03, 5.59718933e+02,
       5.19872606e-01, 1.16599780e+03, 6.01000732e+02, 4.67199117e-01,
       1.37805151e+03, 5.06664520e+02, 8.46673131e-01, 1.61637061e+03,
       7.06918823e+02, 5.46176255e-01, 1.17780298e+03, 5.15607483e+02,
       5.10035515e-01, 1.34266187e+03, 4.62648590e+02, 5.69163382e-01,
       1.58984412e+03, 5.86262207e+02, 3.70467186e-01, 0., 0., 0., 0.,
       0., 0., 0., 0., 0., 0., 0., 0., 1.70765686e+03, 5.77325195e+02,
       3.45856160e-01, 1.70760669e+03, 5.74480225e+02, 3.02957386e-01,
       1.61341895e+03, 6.24437927e+02, 2.47283727e-01, 1.66050989e+03,
       7.21667297e+02, 2.54313052e-01, 1.64577722e+03, 7.36303650e+02,
       3.13413054e-01, 1.63396655e+03, 7.24535156e+02, 3.74890089e-01 ]
