%YAML:1.0
---
pose_0: !!opencv-matrix
   rows: 1
   cols: 25
   dt: "3f"
   data: [ 7.21627747e+02, 5.47945435e+02, 8.49477768e-01,
       8.39317200e+02, 5.80411926e+02, 7.09573030e-01, 8.36268860e+02,
       6.56854187e+02, 6.83548570e-01, 9.74708130e+02, 7.01062378e+02,
       7.53526568e-01, 1.11008655e+03, 7.30412109e+02, 7.49357224e-01,
       8.51113464e+02, 5.12666870e+02, 5.27784765e-01, 9.62958130e+02,
       4.80270599e+02, 1.27659619e-01, 0., 0., 0., 1.11300220e+03,
       5.59772888e+02, 5.39689183e-01, 1.10713391e+03, 6.12705872e+02,
       5.36454618e-01, 1.31611023e+03, 6.21599243e+02, 7.47053266e-01,
       1.55744336e+03, 6.65665649e+02, 6.54286504e-01, 1.11008069e+03,
       5.06642303e+02, 5.80349267e-01, 1.35138647e+03, 4.68450439e+02,
       6.59438610e-01, 1.55748755e+03, 4.39063873e+02, 6.00743413e-01,
       7.09865356e+02, 5.56812439e+02, 8.49684834e-01, 7.18626953e+02,
       5.27314392e+02, 8.88378620e-01, 7.18570374e+02, 5.92109924e+02,
       6.90027416e-01, 7.48059692e+02, 5.09626465e+02, 5.67481995e-01,
       1.63694983e+03, 4.36123535e+02, 4.05583829e-01, 1.63403723e+03,
       4.33049255e+02, 4.14702803e-01, 1.57221375e+03, 4.33195801e+02,
       2.66827911e-01, 1.63390698e+03, 6.68551880e+02, 5.10820866e-01,
       1.62225317e+03, 6.74566650e+02, 5.19282818e-01, 1.58102356e+03,
       6.50991638e+02, 3.17781597e-01 ]
