%YAML:1.0
---
pose_0: !!opencv-matrix
   rows: 1
   cols: 25
   dt: "3f"
   data: [ 7.62760315e+02, 5.15581299e+02, 8.24867487e-01,
       8.65781494e+02, 5.33315186e+02, 7.14213550e-01, 8.59880798e+02,
       6.21415039e+02, 7.90736318e-01, 9.98140625e+02, 6.51036133e+02,
       7.60132730e-01, 1.11610596e+03, 6.95228027e+02, 8.54294598e-01,
       8.77582214e+02, 4.59558502e+02, 6.03816807e-01, 9.95326233e+02,
       4.41991547e+02, 1.39016196e-01, 1.04541162e+03, 4.39143005e+02,
       5.60135096e-02, 1.13068579e+03, 5.21434509e+02, 5.53289533e-01,
       1.12773804e+03, 5.71512512e+02, 5.87852597e-01, 1.33375391e+03,
       6.21604065e+02, 7.56030917e-01, 1.56332581e+03, 6.74519958e+02,
       5.96582472e-01, 1.12774585e+03, 4.62604858e+02, 5.54497242e-01,
       1.33089575e+03, 4.59572815e+02, 8.04295301e-01, 1.56629419e+03,
       4.59712585e+02, 6.87059939e-01, 7.42297546e+02, 5.30271851e+02,
       8.15982223e-01, 7.48116394e+02, 5.00809296e+02, 8.14008117e-01,
       7.62741455e+02, 5.53996399e+02, 5.97428262e-01, 7.77558899e+02,
       4.77303162e+02, 6.16856456e-01, 1.64869519e+03, 4.39058746e+02,
       4.08491760e-01, 1.63987598e+03, 4.36119904e+02, 4.49927866e-01,
       1.61041223e+03, 4.71421631e+02, 2.68043101e-01, 1.62816064e+03,
       6.56796570e+02, 5.60427248e-01, 1.61641833e+03, 6.71498291e+02,
       5.21411657e-01, 1.59276746e+03, 6.92213440e+02, 3.05205733e-01 ]
