%YAML:1.0
---
pose_0: !!opencv-matrix
   rows: 1
   cols: 25
   dt: "3f"
   data: [ 7.42302795e+02, 4.30208618e+02, 7.64343441e-01,
       8.36449036e+02, 4.80145569e+02, 6.56747580e-01, 8.36354736e+02,
       5.30204468e+02, 7.50822961e-01, 9.68776001e+02, 5.83261047e+02,
       7.79573083e-01, 1.06902258e+03, 5.24364258e+02, 8.69049966e-01,
       8.36310669e+02, 4.24328369e+02, 3.78329039e-01, 9.83541016e+02,
       4.33146515e+02, 2.25862026e-01, 1.11011304e+03, 4.21386536e+02,
       3.07867914e-01, 1.13360693e+03, 5.06745972e+02, 5.39037347e-01,
       1.12482922e+03, 5.56739441e+02, 5.11439145e-01, 1.30730261e+03,
       5.21399475e+02, 7.69973099e-01, 1.52804126e+03, 6.30372742e+02,
       5.54313898e-01, 1.13368518e+03, 4.59558807e+02, 5.83356082e-01,
       1.36615991e+03, 4.56635376e+02, 6.97148740e-01, 1.53972510e+03,
       5.06865784e+02, 6.61344230e-01, 7.30451111e+02, 4.44983978e+02,
       7.34176457e-01, 7.36263855e+02, 4.15532227e+02, 5.03221512e-01,
       7.53937927e+02, 4.86106964e+02, 5.86137950e-01, 0., 0., 0.,
       1.59866455e+03, 5.03748047e+02, 4.21932876e-01, 1.58998193e+03,
       4.92014191e+02, 5.08434415e-01, 1.53985254e+03, 5.36156128e+02,
       4.06877607e-01, 1.61044885e+03, 6.00963257e+02, 2.86596149e-01,
       1.59283691e+03, 6.21513794e+02, 2.17226997e-01, 1.55452832e+03,
       6.50942444e+02, 3.39121342e-01 ]
