%YAML:1.0
---
pose_0: !!opencv-matrix
   rows: 2
   cols: 25
   dt: "3f"
   data: [ 7.45206299e+02, 4.56616760e+02, 1.87221617e-01,
       8.33451904e+02, 5.24384338e+02, 3.98715675e-01, 8.18700867e+02,
       5.77296082e+02, 5.73862433e-01, 9.57051880e+02, 6.27437195e+02,
       6.84171259e-01, 1.11904028e+03, 6.50983948e+02, 6.72340870e-01,
       9.06988647e+02, 4.56739288e+02, 2.61999726e-01, 1.01004102e+03,
       4.33108856e+02, 6.37757540e-01, 1.08652100e+03, 3.65383453e+02,
       7.93364465e-01, 1.10718396e+03, 5.00865326e+02, 4.39430386e-01,
       1.09242993e+03, 5.47961670e+02, 3.23761374e-01, 1.32785205e+03,
       5.33189697e+02, 6.52148783e-01, 1.52217212e+03, 5.83280701e+02,
       5.49478352e-01, 1.11602795e+03, 4.62623718e+02, 4.22369421e-01,
       1.32497107e+03, 4.59557770e+02, 6.68564260e-01, 1.53390149e+03,
       5.09721191e+02, 5.04609287e-01, 7.42253052e+02, 4.59634399e+02,
       1.40360355e-01, 7.50987671e+02, 4.50821716e+02, 9.15452540e-02,
       7.65742065e+02, 4.83251282e+02, 1.83576956e-01, 0., 0., 0.,
       1.60753650e+03, 4.68480896e+02, 3.74458015e-01, 1.60165186e+03,
       4.65500366e+02, 4.20243770e-01, 1.55456555e+03, 5.36170898e+02,
       2.26269096e-01, 1.60746521e+03, 5.47901855e+02, 2.64394403e-01,
       1.60162366e+03, 5.59734375e+02, 1.78652018e-01, 1.55750159e+03,
       5.86261536e+02, 3.82113278e-01, 0., 0., 0., 0., 0., 0., 0., 0.,
       0., 0., 0., 0., 0., 0., 0., 8.12971741e+02, 5.77518921e+02,
       3.80419523e-01, 9.54057312e+02, 6.30320068e+02, 2.66889483e-01,
       0., 0., 0., 0., 0., 0., 0., 0., 0., 0., 0., 0., 0., 0., 0., 0.,
       0., 0., 0., 0., 0., 0., 0., 0., 0., 0., 0., 0., 0., 0., 0., 0.,
       0., 7.21592896e+02, 5.50971436e+02, 1.62384301e-01, 0., 0., 0.,
       0., 0., 0., 0., 0., 0., 0., 0., 0., 0., 0., 0., 0., 0., 0. ]
