%YAML:1.0
---
pose_0: !!opencv-matrix
   rows: 1
   cols: 25
   dt: "3f"
   data: [ 6.21528442e+02, 4.97848511e+02, 7.42234647e-01,
       7.89225891e+02, 4.95005615e+02, 5.60295880e-01, 7.77543457e+02,
       5.97961731e+02, 5.63126624e-01, 9.30636719e+02, 6.65592957e+02,
       6.02548718e-01, 1.09243774e+03, 7.27523254e+02, 5.52510738e-01,
       7.98129211e+02, 3.91951721e+02, 3.68488073e-01, 9.77730591e+02,
       3.71314209e+02, 4.69478041e-01, 1.13366821e+03, 3.65445862e+02,
       4.85302538e-01, 1.09836377e+03, 5.50955017e+02, 5.07128894e-01,
       1.07476855e+03, 6.09764771e+02, 4.56720144e-01, 1.25429639e+03,
       6.45108582e+02, 2.53761083e-01, 1.53980042e+03, 6.21587891e+02,
       2.79664010e-01, 1.11302527e+03, 4.83244080e+02, 4.52589661e-01,
       1.33378442e+03, 5.03868378e+02, 6.22130990e-01, 1.72523816e+03,
       4.94999359e+02, 3.24161559e-01, 6.00907532e+02, 5.15615662e+02,
       6.14291549e-01, 5.98058716e+02, 4.74347229e+02, 7.38209605e-01,
       6.21483643e+02, 5.39155518e+02, 1.51106179e-01, 6.42094238e+02,
       4.36089233e+02, 2.26759404e-01, 1.83708264e+03, 5.03797668e+02,
       8.27874914e-02, 0., 0., 0., 1.73107410e+03, 5.09710144e+02,
       1.66533485e-01, 0., 0., 0., 0., 0., 0., 1.57222144e+03,
       6.18543884e+02, 1.66708291e-01 ]
