%YAML:1.0
---
pose_0: !!opencv-matrix
   rows: 1
   cols: 25
   dt: "3f"
   data: [ 7.39237000e+02, 4.83325928e+02, 8.87883604e-01,
       8.36387451e+02, 4.56777740e+02, 6.43763125e-01, 8.42254883e+02,
       5.06810974e+02, 5.13529778e-01, 9.42365723e+02, 5.27444763e+02,
       3.28822136e-01, 1.00120093e+03, 5.45045166e+02, 2.62329310e-01,
       8.36345764e+02, 4.09603882e+02, 6.42840862e-01, 9.68855835e+02,
       3.65518951e+02, 7.89376080e-01, 1.07191431e+03, 4.09500854e+02,
       8.56927872e-01, 1.13654773e+03, 4.53710205e+02, 5.54795444e-01,
       1.13072009e+03, 4.97850800e+02, 5.68805218e-01, 1.30444092e+03,
       5.50881775e+02, 8.24421167e-01, 1.58400232e+03, 5.83334717e+02,
       5.80651879e-01, 1.13655981e+03, 3.97807922e+02, 5.10868132e-01,
       1.36026282e+03, 4.30257202e+02, 6.37427151e-01, 1.58696594e+03,
       4.09669189e+02, 6.45465791e-01, 7.21639343e+02, 4.97854492e+02,
       7.11631179e-01, 7.27542542e+02, 4.65489807e+02, 7.81950712e-01,
       0., 0., 0., 7.48132935e+02, 4.36061798e+02, 6.72335207e-01,
       1.66345923e+03, 4.59723328e+02, 1.93048388e-01, 1.66346655e+03,
       4.50807190e+02, 1.48276329e-01, 1.61048877e+03, 3.86072632e+02,
       2.72880137e-01, 1.67813611e+03, 6.42163208e+02, 2.23870188e-01,
       0., 0., 0., 1.61925928e+03, 5.71478271e+02, 4.07236338e-01 ]
