%YAML:1.0
---
pose_0: !!opencv-matrix
   rows: 1
   cols: 25
   dt: "3f"
   data: [ 7.48136536e+02, 3.15495544e+02, 8.09567332e-01,
       8.33518982e+02, 2.27100067e+02, 4.19711858e-01, 8.33474182e+02,
       2.24174896e+02, 2.75037438e-01, 9.24664246e+02, 3.86033569e+02,
       4.17932689e-01, 9.83515991e+02, 5.21455505e+02, 3.22673053e-01,
       8.33505188e+02, 2.44709961e+02, 6.41374588e-01, 9.27533508e+02,
       3.89000122e+02, 5.35967946e-01, 9.86467468e+02, 5.24376831e+02,
       7.01304495e-01, 1.14252734e+03, 2.62482941e+02, 4.47753191e-01,
       1.14245923e+03, 3.09498596e+02, 4.93866891e-01, 1.28959180e+03,
       4.15481720e+02, 7.90308893e-01, 1.47801135e+03, 3.35968597e+02,
       4.20912802e-01, 1.14255603e+03, 2.15307861e+02, 3.85678262e-01,
       1.37787708e+03, 2.15385834e+02, 5.53187251e-01, 1.54866003e+03,
       1.24108643e+02, 1.58733875e-01, 7.39157837e+02, 3.15480255e+02,
       4.39793199e-01, 7.42286865e+02, 2.94835083e+02, 8.08971345e-01,
       0., 0., 0., 7.48095032e+02, 2.47734116e+02, 6.26155317e-01,
       1.58398230e+03, 1.00568947e+02, 1.25070050e-01, 0., 0., 0.,
       1.58101111e+03, 1.06402809e+02, 1.48364320e-01, 1.52507068e+03,
       3.62507324e+02, 1.60363570e-01, 1.51625549e+03, 3.62458862e+02,
       1.89499661e-01, 1.51623792e+03, 3.15456451e+02, 3.34544659e-01 ]
