%YAML:1.0
---
pose_0: !!opencv-matrix
   rows: 1
   cols: 25
   dt: "3f"
   data: [ 5.12655090e+02, 4.77314331e+02, 7.65756249e-01,
       6.59812805e+02, 4.92007660e+02, 2.76838571e-01, 6.80369995e+02,
       5.92116089e+02, 1.21746525e-01, 8.12825012e+02, 6.95130127e+02,
       5.84995151e-02, 0., 0., 0., 6.92186646e+02, 4.06679749e+02,
       2.60672569e-01, 8.65826538e+02, 4.06687317e+02, 1.57646507e-01,
       1.05415906e+03, 4.09539978e+02, 9.65102613e-02, 1.05415955e+03,
       5.15561157e+02, 3.08729321e-01, 1.04830078e+03, 5.80302795e+02,
       2.54963666e-01, 1.32204480e+03, 5.77410034e+02, 3.29939365e-01,
       1.56924854e+03, 6.03905701e+02, 6.53606430e-02, 1.06884509e+03,
       4.53694733e+02, 3.04103911e-01, 1.36617090e+03, 3.97887512e+02,
       3.33202422e-01, 1.52806726e+03, 4.21390350e+02, 2.72917241e-01,
       5.03771454e+02, 5.03766327e+02, 7.99859047e-01, 5.03694977e+02,
       4.56675842e+02, 7.95972168e-01, 5.33228577e+02, 5.71426392e+02,
       3.04871827e-01, 5.33237183e+02, 4.30199097e+02, 2.84321636e-01,
       1.63107263e+03, 3.94880402e+02, 1.86811641e-01, 1.63103870e+03,
       3.88976898e+02, 2.09838718e-01, 1.56630554e+03, 4.47854340e+02,
       1.90838769e-01, 0., 0., 0., 0., 0., 0., 0., 0., 0. ]
