%YAML:1.0
---
pose_0: !!opencv-matrix
   rows: 1
   cols: 25
   dt: "3f"
   data: [ 7.45170471e+02, 5.21383972e+02, 8.25039148e-01,
       8.68768433e+02, 5.24426880e+02, 7.05019832e-01, 8.62836853e+02,
       6.00872009e+02, 6.77403510e-01, 9.92319885e+02, 6.39224548e+02,
       6.59403503e-01, 1.09530139e+03, 6.59825867e+02, 7.45736718e-01,
       8.83505493e+02, 4.44948486e+02, 6.48869395e-01, 1.02472241e+03,
       4.15477936e+02, 8.59620690e-01, 9.54038025e+02, 4.83251587e+02,
       9.14308488e-01, 1.13071191e+03, 5.36171692e+02, 6.13842249e-01,
       1.11897412e+03, 5.80382507e+02, 6.82244420e-01, 1.29258215e+03,
       6.00813354e+02, 7.57751405e-01, 1.48099390e+03, 6.48148499e+02,
       5.86131752e-01, 1.13957080e+03, 4.83276520e+02, 6.30746305e-01,
       1.33093250e+03, 4.83242615e+02, 6.77207232e-01, 1.55450305e+03,
       4.83246643e+02, 6.83388948e-01, 7.33409851e+02, 5.30284363e+02,
       8.09679389e-01, 7.39303101e+02, 5.00893005e+02, 8.90524983e-01,
       7.53920288e+02, 5.50998230e+02, 5.18888056e-01, 7.62831116e+02,
       4.77264679e+02, 6.14821911e-01, 1.61044568e+03, 4.56749207e+02,
       4.16890144e-01, 1.60459509e+03, 4.56651672e+02, 4.38777685e-01,
       1.57809265e+03, 4.83215424e+02, 3.28841180e-01, 1.49862756e+03,
       6.44960815e+02, 1.46203116e-01, 0., 0., 0., 1.50745129e+03,
       6.56864624e+02, 3.69784266e-01 ]
