%YAML:1.0
---
pose_0: !!opencv-matrix
   rows: 1
   cols: 25
   dt: "3f"
   data: [ 7.01010681e+02, 5.30390930e+02, 8.38916659e-01,
       8.33477051e+02, 5.24340088e+02, 6.51018977e-01, 8.48124084e+02,
       5.98079651e+02, 5.98138809e-01, 9.89475037e+02, 6.21501099e+02,
       6.99650407e-01, 1.12479163e+03, 6.68562134e+02, 7.64906168e-01,
       8.33442566e+02, 4.36168488e+02, 6.43369079e-01, 9.95274719e+02,
       3.91979523e+02, 7.36314178e-01, 1.13940515e+03, 3.56662048e+02,
       8.06211591e-01, 1.10715918e+03, 5.33189575e+02, 5.53785682e-01,
       1.09533899e+03, 5.86170227e+02, 5.70366204e-01, 1.18373682e+03,
       6.71605347e+02, 1.64310411e-01, 0., 0., 0., 1.11594434e+03,
       4.80327148e+02, 5.63914657e-01, 1.24256311e+03, 5.71508911e+02,
       6.96157873e-01, 1.51336914e+03, 5.24384705e+02, 4.26431835e-01,
       6.89262878e+02, 5.50800903e+02, 7.98904955e-01, 6.92042908e+02,
       5.15517212e+02, 8.10024559e-01, 7.03931152e+02, 5.62704590e+02,
       1.61554158e-01, 7.12726318e+02, 4.86113495e+02, 6.38155043e-01,
       1.63404480e+03, 5.50861328e+02, 9.21342075e-02, 0., 0., 0.,
       1.53396313e+03, 5.09664642e+02, 1.77792832e-01, 0., 0., 0., 0.,
       0., 0., 0., 0., 0. ]
