%YAML:1.0
---
pose_0: !!opencv-matrix
   rows: 2
   cols: 25
   dt: "3f"
   data: [ 0., 0., 0., 0., 0., 0., 0., 0., 0., 0., 0., 0., 0., 0., 0.,
       7.12794983e+02, 7.21617737e+02, 1.35774225e-01, 8.83561829e+02,
       7.98153442e+02, 4.44606632e-01, 1.02776062e+03, 9.30674805e+02,
       5.42158008e-01, 0., 0., 0., 0., 0., 0., 0., 0., 0., 0., 0., 0.,
       0., 0., 0., 0., 0., 0., 0., 0., 0., 0., 0., 0., 0., 0., 0., 0.,
       0., 0., 0., 0., 0., 0., 0., 0., 0., 0., 0., 0., 0., 0., 0., 0.,
       0., 0., 0., 0., 0., 0., 0., 0., 0., 0., 6.95089294e+02,
       6.33308411e+02, 9.77080166e-02, 0., 0., 0., 0., 0., 0., 0., 0.,
       0., 0., 0., 0., 0., 0., 0., 0., 0., 0., 1.07187769e+03,
       6.92094788e+02, 3.92245442e-01, 1.04539771e+03, 7.56901489e+02,
       3.23260695e-01, 1.35142847e+03, 8.80614014e+02, 3.87292206e-01,
       1.59867419e+03, 9.77764648e+02, 4.51135278e-01, 1.09535950e+03,
       6.18545044e+02, 3.23491752e-01, 1.39853613e+03, 7.06908325e+02,
       4.66080219e-01, 1.76057556e+03, 6.74551086e+02, 3.33250254e-01,
       0., 0., 0., 0., 0., 0., 0., 0., 0., 0., 0., 0., 1.81354492e+03,
       6.21551453e+02, 1.97663888e-01, 1.81064319e+03, 6.24384644e+02,
       1.94393799e-01, 1.77528259e+03, 6.92166931e+02, 2.29746342e-01,
       1.63107190e+03, 9.45300415e+02, 1.65605634e-01, 1.62219849e+03,
       9.57069458e+02, 1.16574958e-01, 1.63693298e+03, 9.77605469e+02,
       3.24556381e-01 ]
