%YAML:1.0
---
pose_0: !!opencv-matrix
   rows: 1
   cols: 25
   dt: "3f"
   data: [ 7.21598022e+02, 4.42064301e+02, 8.26265812e-01,
       8.12946594e+02, 4.24284760e+02, 7.18468547e-01, 8.09983887e+02,
       4.92072723e+02, 6.84568584e-01, 9.27561035e+02, 5.27223572e+02,
       4.37346369e-01, 9.92358337e+02, 5.50912659e+02, 3.11121404e-01,
       8.18744019e+02, 3.53668030e+02, 5.64645410e-01, 9.57111389e+02,
       3.18486816e+02, 7.93840110e-01, 1.09238171e+03, 3.12481659e+02,
       8.11517835e-01, 1.10719458e+03, 4.53775330e+02, 5.46008646e-01,
       1.09544153e+03, 5.03843903e+02, 5.49444616e-01, 1.31032361e+03,
       5.47973816e+02, 6.99083388e-01, 1.49276123e+03, 4.77245575e+02,
       3.95482421e-01, 1.11893909e+03, 3.92015381e+02, 4.83725667e-01,
       1.35140234e+03, 4.09444000e+02, 7.03233004e-01, 1.56633801e+03,
       4.06673920e+02, 5.45367599e-01, 7.12681335e+02, 4.56670990e+02,
       8.10657620e-01, 7.15695374e+02, 4.27317596e+02, 8.66421223e-01,
       7.36196594e+02, 4.65573547e+02, 1.25441313e-01, 7.36336548e+02,
       3.89082642e+02, 6.75053477e-01, 1.63400476e+03, 3.59540253e+02,
       2.35462189e-01, 1.63098145e+03, 3.62478546e+02, 2.59129971e-01,
       1.61049402e+03, 4.15501892e+02, 2.12963760e-01, 1.53391711e+03,
       5.09650177e+02, 1.24588788e-01, 0., 0., 0., 1.52514734e+03,
       4.62628021e+02, 2.11995423e-01 ]
