%YAML:1.0
---
pose_0: !!opencv-matrix
   rows: 1
   cols: 25
   dt: "3f"
   data: [ 7.39152954e+02, 4.39044525e+02, 6.04413092e-01,
       8.33470032e+02, 5.27315308e+02, 7.39877105e-01, 8.33312256e+02,
       5.97896240e+02, 7.24395990e-01, 9.65854736e+02, 6.27524048e+02,
       7.47874498e-01, 1.09546643e+03, 6.45088684e+02, 8.52022290e-01,
       8.36349915e+02, 4.56607849e+02, 5.48122525e-01, 9.98239319e+02,
       4.18480164e+02, 7.91087329e-01, 1.10714734e+03, 3.62357483e+02,
       7.64484167e-01, 1.09536401e+03, 5.06844971e+02, 5.95402241e-01,
       1.09545007e+03, 5.53892395e+02, 5.85811555e-01, 1.31020959e+03,
       5.50995789e+02, 7.75807261e-01, 1.53987207e+03, 5.71419556e+02,
       5.84491372e-01, 1.09251294e+03, 4.59595093e+02, 6.11665964e-01,
       1.29844373e+03, 4.33103821e+02, 7.29054332e-01, 1.52221045e+03,
       4.94966309e+02, 5.32392383e-01, 7.15808105e+02, 4.53727692e+02,
       5.90607643e-01, 7.21568726e+02, 4.30218811e+02, 1.79730117e-01,
       7.36279907e+02, 5.03802979e+02, 3.56909513e-01, 0., 0., 0.,
       1.61048010e+03, 4.30125854e+02, 3.47270131e-01, 1.60755652e+03,
       4.30147095e+02, 3.58320981e-01, 1.54285205e+03, 5.09699707e+02,
       3.71723324e-01, 1.61341992e+03, 5.36200806e+02, 4.48655069e-01,
       1.61036719e+03, 5.50943909e+02, 3.91843945e-01, 1.56336621e+03,
       5.74389832e+02, 3.23519200e-01 ]
