%YAML:1.0
---
pose_0: !!opencv-matrix
   rows: 1
   cols: 25
   dt: "3f"
   data: [ 7.59845215e+02, 4.80362915e+02, 8.97647381e-01,
       8.65865479e+02, 5.03885040e+02, 7.35861003e-01, 8.59861877e+02,
       5.74525146e+02, 8.01057637e-01, 9.74670166e+02, 5.97912109e+02,
       8.25778127e-01, 1.11605884e+03, 6.21597595e+02, 8.79691720e-01,
       8.80448181e+02, 4.36198334e+02, 5.77355981e-01, 9.36445068e+02,
       4.27292389e+02, 1.14060737e-01, 0., 0., 0., 1.13366577e+03,
       4.59572418e+02, 5.36457598e-01, 1.13074316e+03, 5.06761993e+02,
       5.97515166e-01, 1.34854468e+03, 5.74333557e+02, 7.86871195e-01,
       1.56040125e+03, 6.56891418e+02, 5.87990344e-01, 1.12189075e+03,
       4.03720154e+02, 5.18651962e-01, 1.35135278e+03, 4.12464325e+02,
       7.57250905e-01, 1.56624060e+03, 4.36210999e+02, 7.07082272e-01,
       7.42252991e+02, 4.97935455e+02, 8.30605865e-01, 7.48074646e+02,
       4.59797607e+02, 8.43639374e-01, 7.59885620e+02, 5.27256775e+02,
       6.79050088e-01, 7.77506592e+02, 4.47888641e+02, 5.12049794e-01,
       1.63700244e+03, 4.18492645e+02, 4.14097071e-01, 1.63394849e+03,
       4.15474884e+02, 4.42293912e-01, 1.58690967e+03, 4.44933990e+02,
       3.17889392e-01, 1.62520947e+03, 6.56828003e+02, 5.11176765e-01,
       1.61350659e+03, 6.71580200e+02, 5.11189759e-01, 1.60163184e+03,
       6.59778259e+02, 2.30346128e-01 ]
