%YAML:1.0
---
pose_0: !!opencv-matrix
   rows: 1
   cols: 25
   dt: "3f"
   data: [ 7.77528625e+02, 4.50818329e+02, 7.74131835e-01,
       8.59864380e+02, 4.21395691e+02, 7.51802146e-01, 8.59991760e+02,
       4.65595032e+02, 6.80110753e-01, 9.33575439e+02, 5.39079590e+02,
       8.03936958e-01, 8.36326172e+02, 5.06674744e+02, 8.86888742e-01,
       8.56873169e+02, 3.65590149e+02, 7.06165075e-01, 9.45296631e+02,
       3.39043732e+02, 8.42742085e-01, 8.24578430e+02, 3.94922699e+02,
       7.08901405e-01, 1.12189771e+03, 4.59692871e+02, 6.08479977e-01,
       1.11606836e+03, 5.06706573e+02, 6.42708004e-01, 1.30433557e+03,
       5.03807678e+02, 7.52213240e-01, 1.52220752e+03, 5.21389526e+02,
       5.95629692e-01, 1.13073645e+03, 4.12529297e+02, 5.88955820e-01,
       1.31031897e+03, 4.15470764e+02, 7.83515334e-01, 1.55160376e+03,
       4.24276520e+02, 5.65034270e-01, 7.62748291e+02, 4.59589539e+02,
       8.16504121e-01, 7.65648865e+02, 4.33044312e+02, 8.49955320e-01,
       7.86292603e+02, 4.68508392e+02, 9.39978287e-02, 7.80478882e+02,
       3.97828857e+02, 6.32275105e-01, 1.61345264e+03, 3.97878296e+02,
       5.18961549e-01, 1.61039929e+03, 3.92018555e+02, 5.86766839e-01,
       1.57219434e+03, 4.33111542e+02, 3.31859440e-01, 1.61348193e+03,
       4.89066193e+02, 3.17660451e-01, 1.60751428e+03, 5.03734711e+02,
       2.35980317e-01, 1.54574084e+03, 5.09690247e+02, 3.58136028e-01 ]
