%YAML:1.0
---
pose_0: !!opencv-matrix
   rows: 1
   cols: 25
   dt: "3f"
   data: [ 7.65643311e+02, 5.98042236e+02, 9.05876279e-01,
       8.80589600e+02, 6.01025513e+02, 7.00420022e-01, 8.83401306e+02,
       6.68563110e+02, 6.47644103e-01, 9.98242737e+02, 6.92053040e+02,
       5.08117795e-01, 1.08950952e+03, 7.36214661e+02, 7.92738616e-01,
       8.83498535e+02, 5.33233826e+02, 6.73934639e-01, 1.02478625e+03,
       5.03733093e+02, 8.12860668e-01, 1.16302014e+03, 4.83162994e+02,
       8.69606733e-01, 1.13660767e+03, 6.06863586e+02, 6.00740433e-01,
       1.13072400e+03, 6.50909668e+02, 6.32042944e-01, 1.29258923e+03,
       6.68701599e+02, 5.68882465e-01, 1.52217139e+03, 6.21483521e+02,
       5.27125895e-01, 1.14250623e+03, 5.56817444e+02, 6.14213169e-01,
       1.31020544e+03, 6.21467712e+02, 7.37709522e-01, 1.55745129e+03,
       6.48094788e+02, 4.99123991e-01, 7.48157227e+02, 6.06787781e+02,
       8.07315528e-01, 7.59753845e+02, 5.77434143e+02, 8.47774446e-01,
       7.65661499e+02, 6.27409241e+02, 5.40401697e-01, 7.80470398e+02,
       5.56735229e+02, 6.47014260e-01, 1.63694861e+03, 6.48093384e+02,
       3.93989921e-01, 1.63691248e+03, 6.45023071e+02, 4.06674594e-01,
       1.58104333e+03, 6.50950256e+02, 2.81391561e-01, 0., 0., 0., 0.,
       0., 0., 1.54571338e+03, 5.92042908e+02, 3.69641781e-01 ]
