%YAML:1.0
---
pose_0: !!opencv-matrix
   rows: 1
   cols: 25
   dt: "3f"
   data: [ 7.59817078e+02, 4.77215179e+02, 8.22713137e-01,
       8.74661865e+02, 4.80319733e+02, 7.26642847e-01, 8.65855591e+02,
       5.62639465e+02, 6.92397416e-01, 9.86532104e+02, 5.95068909e+02,
       7.55450547e-01, 1.11907483e+03, 6.39220459e+02, 8.19083929e-01,
       8.71720642e+02, 4.09512543e+02, 6.13921463e-01, 1.04235950e+03,
       3.41931274e+02, 7.48508394e-01, 1.16305408e+03, 2.91991730e+02,
       7.89792240e-01, 1.13949744e+03, 4.59656128e+02, 5.85318387e-01,
       1.13652588e+03, 5.06829498e+02, 6.25981867e-01, 1.33088745e+03,
       5.74386047e+02, 7.74883032e-01, 1.54574011e+03, 6.50979980e+02,
       6.18578434e-01, 1.13951038e+03, 4.06684418e+02, 5.64815402e-01,
       1.33384937e+03, 4.12539032e+02, 7.09451675e-01, 1.56342297e+03,
       4.36193512e+02, 6.75144732e-01, 7.42216431e+02, 4.86184723e+02,
       8.08523417e-01, 7.42302063e+02, 4.56607971e+02, 8.67547989e-01,
       7.62842529e+02, 5.09725189e+02, 4.26258087e-01, 7.65859436e+02,
       4.30143097e+02, 5.12509406e-01, 1.63403870e+03, 4.30220734e+02,
       5.09097576e-01, 1.63103418e+03, 4.24354095e+02, 5.34274638e-01,
       1.58696228e+03, 4.44950775e+02, 2.92287916e-01, 1.61934277e+03,
       6.74503723e+02, 3.87170047e-01, 1.61336731e+03, 6.83376831e+02,
       4.13074255e-01, 1.57810510e+03, 6.45119263e+02, 3.28971326e-01 ]
