%YAML:1.0
---
pose_0: !!opencv-matrix
   rows: 1
   cols: 25
   dt: "3f"
   data: [ 0., 0., 0., 6.65668274e+02, 5.62694153e+02, 2.07797527e-01,
       6.71538513e+02, 6.53888428e+02, 8.14601481e-02, 0., 0., 0., 0.,
       0., 0., 6.50935486e+02, 4.62673920e+02, 2.43242010e-01,
       8.60070068e+02, 3.86098633e+02, 8.21065605e-01, 7.42292297e+02,
       4.56763489e+02, 7.40002513e-01, 1.03360718e+03, 6.53885681e+02,
       2.09429055e-01, 1.03652014e+03, 7.15683167e+02, 1.80018544e-01,
       1.10129260e+03, 5.62712280e+02, 2.31907874e-01, 0., 0., 0.,
       1.05419409e+03, 5.92079712e+02, 1.82349518e-01, 1.36910022e+03,
       6.56825134e+02, 1.63443401e-01, 1.75468689e+03, 6.71545349e+02,
       3.56596977e-01, 0., 0., 0., 0., 0., 0., 0., 0., 0., 0., 0., 0.,
       1.84005408e+03, 6.18515259e+02, 2.11071596e-01, 1.84298657e+03,
       6.18544922e+02, 2.02949435e-01, 1.76942236e+03, 6.95131470e+02,
       2.39760861e-01, 0., 0., 0., 0., 0., 0., 0., 0., 0. ]
