%YAML:1.0
---
pose_0: !!opencv-matrix
   rows: 1
   cols: 25
   dt: "3f"
   data: [ 6.95106873e+02, 5.36144592e+02, 7.61425197e-01,
       8.03978516e+02, 5.12588501e+02, 6.70593321e-01, 8.04007874e+02,
       5.92070129e+02, 5.76518536e-01, 9.24678162e+02, 6.62658508e+02,
       7.85056412e-01, 8.04050537e+02, 6.21612915e+02, 7.82907367e-01,
       8.03949402e+02, 4.39091492e+02, 5.80792069e-01, 9.51057495e+02,
       3.62578003e+02, 7.77997017e-01, 1.02764661e+03, 3.68375977e+02,
       7.68680274e-01, 1.09241992e+03, 5.39134460e+02, 4.93830532e-01,
       1.08362610e+03, 5.95070496e+02, 5.28524756e-01, 1.31027417e+03,
       6.21563477e+02, 3.70805085e-01, 1.58686279e+03, 5.94947205e+02,
       4.66290504e-01, 1.08949329e+03, 4.77273071e+02, 5.12722969e-01,
       1.30138782e+03, 5.21457886e+02, 5.62335908e-01, 1.65167688e+03,
       5.18480957e+02, 4.85315800e-01, 6.74583923e+02, 5.50906555e+02,
       6.77895486e-01, 6.74557800e+02, 5.21438293e+02, 6.86944425e-01,
       7.03978699e+02, 5.62719666e+02, 1.13991827e-01, 6.92213379e+02,
       4.83144135e+02, 5.82589030e-01, 1.69285327e+03, 4.65550537e+02,
       1.97654873e-01, 1.69286047e+03, 4.71380890e+02, 2.00701401e-01,
       1.67519397e+03, 5.33210266e+02, 2.48912096e-01, 1.68409412e+03,
       5.92080627e+02, 1.51180118e-01, 1.66932849e+03, 6.00985352e+02,
       1.21414691e-01, 1.61046436e+03, 5.89116821e+02, 2.00380921e-01 ]
