%YAML:1.0
---
pose_0: !!opencv-matrix
   rows: 1
   cols: 25
   dt: "3f"
   data: [ 7.15621643e+02, 5.98049622e+02, 9.11959171e-01,
       8.36497681e+02, 5.89102966e+02, 5.70327640e-01, 8.56918152e+02,
       6.56824280e+02, 4.18372273e-01, 9.92409485e+02, 6.51037598e+02,
       4.83374596e-01, 1.07198401e+03, 7.12687561e+02, 7.82073677e-01,
       8.42247009e+02, 5.24325317e+02, 6.38696909e-01, 1.01588715e+03,
       4.65557892e+02, 6.61680102e-01, 1.16298792e+03, 4.30258209e+02,
       8.24018896e-01, 1.12778296e+03, 6.00851440e+02, 5.99806905e-01,
       1.11894543e+03, 6.45161926e+02, 6.29789650e-01, 1.28672131e+03,
       7.65885742e+02, 7.57978857e-01, 1.43682141e+03, 6.92164368e+02,
       2.10265920e-01, 1.13952014e+03, 5.50942627e+02, 5.98110318e-01,
       1.30735535e+03, 6.50983032e+02, 6.51739895e-01, 1.57808154e+03,
       6.71640747e+02, 4.45812702e-01, 6.95149109e+02, 6.09811523e+02,
       8.33039105e-01, 7.00995728e+02, 5.74515137e+02, 8.55103493e-01,
       7.12765137e+02, 6.30385071e+02, 1.64726973e-01, 7.21688354e+02,
       5.50767029e+02, 5.45576453e-01, 1.65762842e+03, 6.48017700e+02,
       4.03500676e-01, 1.65758008e+03, 6.45168335e+02, 4.04542387e-01,
       1.61049487e+03, 6.95069763e+02, 2.77780861e-01, 1.46921130e+03,
       6.95123779e+02, 9.21117142e-02, 1.46909558e+03, 6.98034302e+02,
       7.85142183e-02, 1.46035938e+03, 6.86234924e+02, 9.11859944e-02 ]
