%YAML:1.0
---
pose_0: !!opencv-matrix
   rows: 1
   cols: 25
   dt: "3f"
   data: [ 6.24510010e+02, 6.09798096e+02, 7.74405375e-02,
       7.06899353e+02, 5.98052368e+02, 3.97638172e-01, 7.06916931e+02,
       6.95096069e+02, 4.22646046e-01, 8.33547058e+02, 8.39362488e+02,
       7.14622796e-01, 8.83487000e+02, 1.00710944e+03, 5.45190692e-01,
       7.42281433e+02, 4.62594940e+02, 3.53714138e-01, 9.09988586e+02,
       5.06736176e+02, 6.31413043e-01, 7.86310913e+02, 5.97911194e+02,
       4.28088665e-01, 1.10424231e+03, 5.59697693e+02, 3.16499352e-01,
       1.11302380e+03, 6.15611511e+02, 3.45331401e-01, 1.36619507e+03,
       6.24442322e+02, 3.45895261e-01, 1.71350061e+03, 6.53914795e+02,
       3.05138707e-01, 1.08949878e+03, 4.92050995e+02, 2.77405828e-01,
       1.16609021e+03, 4.30147217e+02, 1.38435572e-01, 1.42797632e+03,
       3.35972229e+02, 1.43235296e-01, 5.97921387e+02, 6.01033936e+02,
       1.92922637e-01, 0., 0., 0., 0., 0., 0., 0., 0., 0., 0., 0., 0.,
       0., 0., 0., 1.43975305e+03, 3.47777283e+02, 1.28707558e-01,
       1.84290771e+03, 6.65678833e+02, 9.37805697e-02, 1.83997375e+03,
       6.80398010e+02, 6.77253529e-02, 1.73408569e+03, 6.33283081e+02,
       1.48125321e-01 ]
