%YAML:1.0
---
pose_0: !!opencv-matrix
   rows: 1
   cols: 25
   dt: "3f"
   data: [ 7.80484863e+02, 5.03843048e+02, 8.88884664e-01,
       8.68782227e+02, 5.06640991e+02, 6.64699495e-01, 8.77607971e+02,
       5.59699646e+02, 6.15504026e-01, 9.71691589e+02, 5.44987427e+02,
       7.17652321e-01, 9.77667725e+02, 4.00777039e+02, 6.45750642e-01,
       8.62940918e+02, 4.41981628e+02, 5.62939942e-01, 9.98338684e+02,
       3.68507019e+02, 7.01332569e-01, 1.12192786e+03, 3.15494995e+02,
       8.50232720e-01, 1.11300476e+03, 4.80281158e+02, 6.03379667e-01,
       1.11007129e+03, 5.27327576e+02, 6.30799055e-01, 1.32796362e+03,
       5.53780396e+02, 6.54521167e-01, 1.51918628e+03, 5.27254883e+02,
       4.46472943e-01, 1.11299097e+03, 4.33085144e+02, 6.16762757e-01,
       1.23669727e+03, 4.59544220e+02, 7.50163913e-01, 1.41918237e+03,
       4.30203674e+02, 5.36332309e-01, 7.65661804e+02, 5.12696289e+02,
       8.21609139e-01, 7.68666992e+02, 4.83197968e+02, 8.71923447e-01,
       7.86332947e+02, 5.33177307e+02, 5.12074590e-01, 7.89420959e+02,
       4.62589020e+02, 6.31860316e-01, 1.52221387e+03, 4.39095856e+02,
       2.08048210e-01, 1.51921277e+03, 4.30195953e+02, 2.30743349e-01,
       1.53100305e+03, 4.59678467e+02, 1.07443780e-01, 0., 0., 0., 0.,
       0., 0., 1.54576099e+03, 5.12612366e+02, 3.44544798e-01 ]
