%YAML:1.0
---
pose_0: !!opencv-matrix
   rows: 1
   cols: 25
   dt: "3f"
   data: [ 7.89232117e+02, 5.06911804e+02, 8.52399230e-01,
       8.83538940e+02, 5.09669403e+02, 7.81716049e-01, 8.83387207e+02,
       5.77343018e+02, 6.55613184e-01, 9.60015503e+02, 6.74601440e+02,
       7.30556726e-01, 8.54047485e+02, 6.44926208e+02, 7.97307074e-01,
       8.92308777e+02, 4.53768005e+02, 6.77150607e-01, 9.60053589e+02,
       3.65470612e+02, 8.13952923e-01, 8.65791748e+02, 3.68494446e+02,
       7.99461782e-01, 1.13361816e+03, 5.27419067e+02, 5.94021857e-01,
       1.12481262e+03, 5.74447510e+02, 5.91840982e-01, 1.33675439e+03,
       6.21526794e+02, 7.04708159e-01, 1.52807983e+03, 6.47912781e+02,
       6.61934137e-01, 1.13949158e+03, 4.77350586e+02, 5.97679138e-01,
       1.32787671e+03, 4.74390533e+02, 7.08581090e-01, 1.56037463e+03,
       4.36169037e+02, 6.43867016e-01, 7.71612976e+02, 5.21451660e+02,
       7.41781116e-01, 7.77545044e+02, 4.86255188e+02, 7.51174390e-01,
       7.89273438e+02, 5.36217896e+02, 3.45688760e-01, 8.03969299e+02,
       4.59778839e+02, 5.53957999e-01, 1.63408521e+03, 4.47890930e+02,
       3.16617101e-01, 1.62810608e+03, 4.33190887e+02, 3.62364352e-01,
       1.58103552e+03, 4.18435303e+02, 2.67463148e-01, 1.58388464e+03,
       6.95146118e+02, 4.76354748e-01, 1.58104224e+03, 6.92243652e+02,
       4.39051986e-01, 1.56043079e+03, 6.27423645e+02, 4.93297786e-01 ]
