%YAML:1.0
---
pose_0: !!opencv-matrix
   rows: 1
   cols: 25
   dt: "3f"
   data: [ 7.54008545e+02, 4.56585907e+02, 8.03155422e-01,
       8.60062012e+02, 4.36242920e+02, 7.26764619e-01, 8.80433167e+02,
       5.27337036e+02, 7.34248996e-01, 1.00409784e+03, 5.50968628e+02,
       7.33079970e-01, 1.12777173e+03, 6.00967957e+02, 5.78072131e-01,
       8.56850830e+02, 3.65486115e+02, 6.54231906e-01, 9.07016235e+02,
       3.41833282e+02, 2.92676270e-01, 0., 0., 0., 1.11899658e+03,
       4.53761108e+02, 6.33774936e-01, 1.11589441e+03, 5.00780426e+02,
       6.52289391e-01, 1.29555298e+03, 5.27375366e+02, 6.82387352e-01,
       1.53683081e+03, 5.50791077e+02, 5.60976624e-01, 1.12780017e+03,
       4.06565460e+02, 5.98915100e-01, 1.33671875e+03, 4.09716431e+02,
       5.85856020e-01, 1.55453357e+03, 4.21407166e+02, 5.49802959e-01,
       7.39318542e+02, 4.59815552e+02, 7.14470387e-01, 7.42116150e+02,
       4.36014923e+02, 8.47989976e-01, 7.59897583e+02, 4.80165344e+02,
       2.48073652e-01, 7.59854004e+02, 4.06579559e+02, 5.02360642e-01,
       1.62810266e+03, 4.03764160e+02, 3.86134058e-01, 1.61929626e+03,
       3.94934906e+02, 4.12577033e-01, 1.58395264e+03, 4.33157532e+02,
       2.89667785e-01, 1.60753833e+03, 5.09730438e+02, 1.88110828e-01,
       0., 0., 0., 1.56339746e+03, 5.33265869e+02, 2.59668887e-01 ]
