%YAML:1.0
---
pose_0: !!opencv-matrix
   rows: 2
   cols: 25
   dt: "3f"
   data: [ 0., 0., 0., 9.65866333e+02, 5.24367371e+02, 1.22931749e-01,
       9.68819397e+02, 5.65613342e+02, 1.03684135e-01, 9.06979431e+02,
       5.89168152e+02, 2.71725714e-01, 9.12883423e+02, 4.77313751e+02,
       2.31388181e-01, 0., 0., 0., 0., 0., 0., 0., 0., 0.,
       1.17193030e+03, 5.44967407e+02, 5.09909987e-01, 1.17487903e+03,
       5.94942505e+02, 5.25359511e-01, 1.35432349e+03, 6.42059326e+02,
       7.69024491e-01, 1.52803052e+03, 6.27395874e+02, 6.75018549e-01,
       1.17193213e+03, 4.86219360e+02, 5.27042508e-01, 1.35149121e+03,
       4.83194733e+02, 7.48153090e-01, 1.54868103e+03, 4.36142059e+02,
       7.14978635e-01, 0., 0., 0., 0., 0., 0., 0., 0., 0., 0., 0., 0.,
       1.61349182e+03, 4.56699005e+02, 3.68027210e-01, 1.61334937e+03,
       4.39080017e+02, 4.40775484e-01, 1.56628540e+03, 4.15507660e+02,
       3.81705701e-01, 1.55453394e+03, 7.09796753e+02, 6.32233143e-01,
       1.54575952e+03, 7.00977966e+02, 5.48086762e-01, 1.55451196e+03,
       6.06871216e+02, 5.39733112e-01, 0., 0., 0., 0., 0., 0.,
       8.89359131e+02, 4.89102081e+02, 1.19085751e-01, 8.01075500e+02,
       5.24328430e+02, 3.88209343e-01, 7.12814819e+02, 5.97849243e+02,
       4.44212407e-01, 0., 0., 0., 0., 0., 0., 0., 0., 0., 0., 0., 0.,
       0., 0., 0., 0., 0., 0., 0., 0., 0., 0., 0., 0., 0., 0., 0., 0.,
       0., 0., 0., 0., 0., 0., 0., 0., 0., 0., 0., 0., 0., 0., 0., 0.,
       0., 0., 0., 0., 0., 0., 0., 0., 0., 0., 0., 0., 0., 0., 0., 0. ]
