%YAML:1.0
---
pose_0: !!opencv-matrix
   rows: 1
   cols: 25
   dt: "3f"
   data: [ 0., 0., 0., 9.77734497e+02, 5.00862732e+02, 3.74736845e-01,
       9.42325195e+02, 5.42022583e+02, 3.63305926e-01, 8.18789124e+02,
       4.94943054e+02, 6.34601593e-01, 0., 0., 0., 1.01297400e+03,
       4.56739685e+02, 2.07710207e-01, 0., 0., 0., 0., 0., 0.,
       1.16013025e+03, 5.12608948e+02, 3.96380693e-01, 1.14839966e+03,
       5.42083740e+02, 2.94748038e-01, 1.36912866e+03, 4.36172729e+02,
       7.45502412e-01, 1.58103015e+03, 6.24557556e+02, 5.28093100e-01,
       1.16314514e+03, 4.80186279e+02, 3.26150209e-01, 1.35438892e+03,
       4.27242920e+02, 1.81803152e-01, 1.56045654e+03, 5.06750946e+02,
       1.86303973e-01, 0., 0., 0., 0., 0., 0., 0., 0., 0., 0., 0., 0.,
       1.68406677e+03, 5.30286072e+02, 7.83879980e-02, 1.68410559e+03,
       5.30240967e+02, 7.31662586e-02, 1.57216895e+03, 5.27241699e+02,
       1.52550370e-01, 1.61928137e+03, 6.71489441e+02, 2.55057305e-01,
       1.60460608e+03, 6.74473999e+02, 2.70143449e-01, 1.60747546e+03,
       6.42154419e+02, 3.21725041e-01 ]
