%YAML:1.0
---
pose_0: !!opencv-matrix
   rows: 1
   cols: 25
   dt: "3f"
   data: [ 5.74476746e+02, 5.27291626e+02, 8.27202678e-01,
       6.65676025e+02, 6.03866028e+02, 4.16105270e-01, 6.83333679e+02,
       6.48040466e+02, 3.54214966e-01, 8.59968567e+02, 6.47957153e+02,
       2.04368889e-01, 0., 0., 0., 6.80403809e+02, 5.18510620e+02,
       2.78057516e-01, 8.68769653e+02, 4.36152374e+02, 8.00610244e-01,
       7.45167236e+02, 5.24338257e+02, 6.18472636e-01, 1.04243311e+03,
       5.80318237e+02, 4.79296952e-01, 1.03653625e+03, 6.44970703e+02,
       5.05264401e-01, 1.33085425e+03, 6.47988098e+02, 2.28994131e-01,
       1.63992468e+03, 6.00838501e+02, 3.33572567e-01, 1.04239417e+03,
       5.12650024e+02, 4.43549752e-01, 1.28377148e+03, 4.80301514e+02,
       2.52772570e-01, 1.51626807e+03, 3.94935455e+02, 2.80361891e-01,
       5.50877930e+02, 5.39103088e+02, 7.54578948e-01, 5.62678406e+02,
       5.06759430e+02, 6.22542143e-01, 5.53897461e+02, 5.83260071e+02,
       5.63530922e-01, 0., 0., 0., 0., 0., 0., 0., 0., 0.,
       1.53394299e+03, 3.86069977e+02, 1.73489481e-01, 1.70464832e+03,
       5.50886475e+02, 1.25860855e-01, 1.70165320e+03, 5.53830139e+02,
       7.99426511e-02, 1.66050952e+03, 5.95049744e+02, 1.84567228e-01 ]
