%YAML:1.0
---
pose_0: !!opencv-matrix
   rows: 1
   cols: 25
   dt: "3f"
   data: [ 6.95120056e+02, 4.33187256e+02, 8.38754296e-01,
       8.12942505e+02, 4.21335968e+02, 7.21913099e-01, 8.12757263e+02,
       5.06797974e+02, 6.89245641e-01, 9.30490234e+02, 6.18502258e+02,
       8.62902284e-01, 8.62861450e+02, 5.98009583e+02, 8.30440462e-01,
       8.18797424e+02, 3.38907501e+02, 6.10031188e-01, 9.51104919e+02,
       2.94972443e+02, 7.87794530e-01, 1.04843604e+03, 2.94737976e+02,
       8.75333548e-01, 1.12184656e+03, 4.50789063e+02, 5.22174656e-01,
       1.11602734e+03, 5.03664825e+02, 5.77468395e-01, 1.32786133e+03,
       5.24393860e+02, 4.96953011e-01, 1.53978833e+03, 5.30250183e+02,
       3.97702843e-01, 1.12192261e+03, 3.88920197e+02, 4.66452420e-01,
       1.35139307e+03, 4.09533630e+02, 6.48219466e-01, 1.57806970e+03,
       4.09554840e+02, 4.49178994e-01, 6.83294373e+02, 4.47828033e+02,
       7.14694500e-01, 6.77516418e+02, 4.12596893e+02, 7.86559880e-01,
       6.95234436e+02, 4.62628479e+02, 4.44329262e-01, 6.98102661e+02,
       3.85998230e+02, 6.31036162e-01, 1.65165491e+03, 3.65561462e+02,
       3.32790703e-01, 1.64872583e+03, 3.65476471e+02, 3.46590459e-01,
       1.61343652e+03, 4.15509033e+02, 2.12700725e-01, 1.58996558e+03,
       5.30260132e+02, 1.31738141e-01, 1.57512720e+03, 5.39087891e+02,
       9.46617723e-02, 1.58685791e+03, 5.27271851e+02, 2.85080582e-01 ]
