%YAML:1.0
---
pose_0: !!opencv-matrix
   rows: 1
   cols: 25
   dt: "3f"
   data: [ 7.45101807e+02, 5.24317993e+02, 7.19743550e-01,
       8.09937988e+02, 4.56702454e+02, 6.26184404e-01, 8.03961975e+02,
       4.39104492e+02, 3.83218378e-01, 0., 0., 0., 0., 0., 0.,
       8.15873535e+02, 4.68504486e+02, 7.04089403e-01, 9.51070679e+02,
       5.03794617e+02, 8.69635165e-01, 1.00709918e+03, 5.77357300e+02,
       7.67228067e-01, 1.08950391e+03, 4.30201752e+02, 4.23807800e-01,
       1.09540918e+03, 3.97837067e+02, 3.14693034e-01, 1.33676978e+03,
       4.77264099e+02, 3.05850506e-01, 1.63391040e+03, 4.21350433e+02,
       2.26066381e-01, 1.07775610e+03, 4.56732697e+02, 3.01277906e-01,
       1.33969202e+03, 4.83101105e+02, 6.37840450e-01, 1.63107373e+03,
       4.24368042e+02, 2.80221760e-01, 0., 0., 0., 7.36287720e+02,
       5.03888947e+02, 7.44430542e-01, 0., 0., 0., 7.42113281e+02,
       4.62560852e+02, 6.51477695e-01, 1.67810474e+03, 3.83105225e+02,
       1.77682355e-01, 1.67817310e+03, 3.83103394e+02, 1.63186207e-01,
       1.66637207e+03, 4.18458740e+02, 1.61571756e-01, 1.67521069e+03,
       3.77252991e+02, 2.23281175e-01, 1.67222498e+03, 3.86111176e+02,
       1.68191269e-01, 1.67513501e+03, 4.12610809e+02, 1.07723743e-01 ]
