%YAML:1.0
---
pose_0: !!opencv-matrix
   rows: 1
   cols: 25
   dt: "3f"
   data: [ 7.62919495e+02, 3.35986664e+02, 8.29983711e-01,
       8.68796509e+02, 3.62591492e+02, 6.87092364e-01, 8.74668457e+02,
       4.27222778e+02, 6.46835804e-01, 9.65902527e+02, 5.00802551e+02,
       7.87367344e-01, 8.33552185e+02, 5.27420410e+02, 8.68967175e-01,
       8.60033447e+02, 2.97840759e+02, 6.76996171e-01, 9.71664551e+02,
       2.47835953e+02, 8.32103610e-01, 8.77626221e+02, 3.36059204e+02,
       8.14021587e-01, 1.13661694e+03, 3.71358337e+02, 5.60682476e-01,
       1.12481824e+03, 4.18464844e+02, 5.57339549e-01, 1.34553455e+03,
       4.36120453e+02, 7.44569778e-01, 1.54568677e+03, 4.53689056e+02,
       6.43662810e-01, 1.13954285e+03, 3.15490906e+02, 5.31729937e-01,
       1.38090564e+03, 2.97729401e+02, 5.27235866e-01, 1.56627795e+03,
       2.86037170e+02, 5.53255856e-01, 7.56889587e+02, 3.44931030e+02,
       7.13356197e-01, 7.48164001e+02, 3.18500671e+02, 6.45401657e-01,
       7.71658081e+02, 3.74344513e+02, 5.94178796e-01, 7.68771423e+02,
       3.12487793e+02, 1.11194246e-01, 1.63992786e+03, 2.62415558e+02,
       4.30315197e-01, 1.63687305e+03, 2.59494446e+02, 4.95161653e-01,
       1.61049109e+03, 2.91829315e+02, 2.07803562e-01, 1.60742358e+03,
       4.77253174e+02, 4.63396907e-01, 0., 0., 0., 1.57223621e+03,
       4.33189453e+02, 4.27900493e-01 ]
