%YAML:1.0
---
pose_0: !!opencv-matrix
   rows: 1
   cols: 25
   dt: "3f"
   data: [ 7.27438538e+02, 3.89003143e+02, 8.57208729e-01,
       8.51116882e+02, 3.89101044e+02, 7.27064610e-01, 8.59829102e+02,
       4.77308777e+02, 7.57019520e-01, 9.83584595e+02, 5.27236389e+02,
       8.18177223e-01, 1.06899377e+03, 5.94971252e+02, 8.66070986e-01,
       8.42301086e+02, 3.12435089e+02, 6.49485409e-01, 9.89455933e+02,
       2.47746933e+02, 8.29168558e-01, 1.05126965e+03, 3.30113770e+02,
       8.26239407e-01, 1.12481079e+03, 4.27225830e+02, 5.83665788e-01,
       1.11891504e+03, 4.77298798e+02, 6.14541709e-01, 1.31320569e+03,
       5.00769287e+02, 6.86574876e-01, 1.53985291e+03, 5.47937378e+02,
       6.20332837e-01, 1.13071448e+03, 3.65579895e+02, 5.95070899e-01,
       1.36024353e+03, 3.38967316e+02, 7.23443627e-01, 1.57221655e+03,
       2.94711945e+02, 6.03997052e-01, 7.15618469e+02, 4.09513245e+02,
       7.79588997e-01, 7.15705078e+02, 3.71384613e+02, 8.20528686e-01,
       7.33367981e+02, 4.33016205e+02, 3.50212574e-01, 7.39197266e+02,
       3.44865723e+02, 4.78554040e-01, 1.63710632e+03, 2.53677765e+02,
       4.21385139e-01, 1.63409509e+03, 2.56543640e+02, 4.45105940e-01,
       1.62222815e+03, 2.94805725e+02, 2.75709361e-01, 1.61336316e+03,
       5.36220520e+02, 3.06280047e-01, 1.60752649e+03, 5.53746399e+02,
       3.02485883e-01, 1.56922302e+03, 5.42104919e+02, 3.46757442e-01 ]
