%YAML:1.0
---
pose_0: !!opencv-matrix
   rows: 1
   cols: 25
   dt: "3f"
   data: [ 6.36229980e+02, 4.42001282e+02, 7.23329484e-01,
       7.51044312e+02, 4.71430878e+02, 6.69593275e-01, 7.15708618e+02,
       5.30324097e+02, 5.37356138e-01, 6.21507507e+02, 5.30319031e+02,
       4.38201338e-01, 5.92034058e+02, 4.77270874e+02, 2.69340754e-01,
       7.86341492e+02, 3.89058502e+02, 6.96956277e-01, 9.51117737e+02,
       3.62354462e+02, 7.97005117e-01, 1.05709875e+03, 3.56682922e+02,
       7.43121982e-01, 1.06597522e+03, 5.33251526e+02, 5.35453796e-01,
       1.05124768e+03, 5.94992188e+02, 5.63672841e-01, 1.29257471e+03,
       6.39173767e+02, 3.20869178e-01, 1.48686633e+03, 6.39123901e+02,
       1.83536083e-01, 1.07182507e+03, 4.65574738e+02, 5.23034692e-01,
       1.31906934e+03, 5.33306274e+02, 6.12531006e-01, 1.65748401e+03,
       5.47967041e+02, 5.19242048e-01, 6.21505615e+02, 4.59750763e+02,
       7.99897075e-01, 6.24400452e+02, 4.33202789e+02, 6.11104727e-01,
       6.39223206e+02, 5.00829041e+02, 6.78321779e-01, 0., 0., 0.,
       1.72813257e+03, 5.03885742e+02, 2.29649335e-01, 1.72520886e+03,
       5.06655731e+02, 2.42248729e-01, 1.68112927e+03, 5.74452271e+02,
       2.87570655e-01, 1.49572961e+03, 6.65703674e+02, 1.05138585e-01,
       1.48974536e+03, 6.62765320e+02, 1.04730345e-01, 1.51040259e+03,
       6.45023499e+02, 7.32540339e-02 ]
