%YAML:1.0
---
pose_0: !!opencv-matrix
   rows: 1
   cols: 25
   dt: "3f"
   data: [ 7.62772095e+02, 4.36183380e+02, 8.93968880e-01,
       8.86438904e+02, 4.18392975e+02, 6.34921849e-01, 9.07106689e+02,
       4.94996399e+02, 5.97478569e-01, 1.03939124e+03, 5.24299011e+02,
       7.22404897e-01, 1.11600574e+03, 5.97957458e+02, 8.67926717e-01,
       8.62971130e+02, 3.50725952e+02, 5.96814632e-01, 9.95341614e+02,
       2.47721115e+02, 7.55599737e-01, 1.09237683e+03, 3.47780396e+02,
       7.48045862e-01, 1.13366113e+03, 4.15560608e+02, 5.54753780e-01,
       1.13662402e+03, 4.62631042e+02, 5.82851648e-01, 1.33078467e+03,
       5.09795227e+02, 6.83271587e-01, 1.53976733e+03, 5.74438477e+02,
       6.27729356e-01, 1.12779041e+03, 3.62500885e+02, 5.52588105e-01,
       1.33379517e+03, 3.41902893e+02, 3.47949058e-01, 1.38089282e+03,
       3.27232239e+02, 8.26347694e-02, 7.45180786e+02, 4.53769440e+02,
       7.95957386e-01, 7.51008240e+02, 4.18509583e+02, 7.89835215e-01,
       7.62907715e+02, 4.65525391e+02, 2.01780915e-01, 7.65792419e+02,
       4.00764679e+02, 5.70505261e-01, 1.63388330e+03, 2.77207825e+02,
       1.86577305e-01, 1.63098352e+03, 2.74304169e+02, 1.87818378e-01,
       0., 0., 0., 1.60457471e+03, 5.56826477e+02, 3.60970080e-01,
       1.60748169e+03, 5.92046997e+02, 3.52603793e-01, 1.56341919e+03,
       5.74414612e+02, 3.48858297e-01 ]
