%YAML:1.0
---
pose_0: !!opencv-matrix
   rows: 1
   cols: 25
   dt: "3f"
   data: [ 0., 0., 0., 1.23370093e+03, 4.94947815e+02, 1.54914737e-01,
       0., 0., 0., 0., 0., 0., 0., 0., 0., 0., 0., 0., 0., 0., 0., 0.,
       0., 0., 1.06597656e+03, 4.15475281e+02, 1.94072276e-01,
       1.02474158e+03, 4.30183319e+02, 1.88549876e-01, 9.57051758e+02,
       4.95001953e+02, 2.18461901e-01, 8.36425598e+02, 5.53829346e+02,
       2.61624902e-01, 1.13069116e+03, 4.12511108e+02, 1.47496924e-01,
       0., 0., 0., 0., 0., 0., 0., 0., 0., 0., 0., 0., 0., 0., 0., 0.,
       0., 0., 0., 0., 0., 0., 0., 0., 0., 0., 0., 7.56926453e+02,
       5.27336060e+02, 1.23534322e-01, 7.53947144e+02, 5.27265991e+02,
       1.15445554e-01, 8.33472290e+02, 5.71413269e+02, 1.09247483e-01 ]
