%YAML:1.0
---
pose_0: !!opencv-matrix
   rows: 1
   cols: 25
   dt: "3f"
   data: [ 7.80434143e+02, 5.45018188e+02, 4.33392167e-01,
       8.51091187e+02, 6.12668152e+02, 4.70105410e-01, 8.92287415e+02,
       6.27427612e+02, 5.32899976e-01, 9.62955872e+02, 5.74354004e+02,
       6.67752624e-01, 9.83590515e+02, 4.33225281e+02, 7.90056467e-01,
       7.89285828e+02, 6.15598816e+02, 1.07946135e-01, 0., 0., 0., 0.,
       0., 0., 1.13654089e+03, 6.01002991e+02, 5.91144562e-01,
       1.13071436e+03, 6.47945251e+02, 5.53661108e-01, 1.32795129e+03,
       6.42077820e+02, 4.45383817e-01, 1.42209009e+03, 6.74480164e+02,
       1.02444589e-01, 1.13661011e+03, 5.53909912e+02, 5.94373465e-01,
       1.30732471e+03, 5.56815063e+02, 5.91034353e-01, 1.42802258e+03,
       6.12732971e+02, 1.14873700e-01, 7.65681763e+02, 5.56767761e+02,
       3.33896101e-01, 7.65759644e+02, 5.45029663e+02, 1.14333510e-01,
       7.86326111e+02, 5.80293823e+02, 3.56549084e-01, 0., 0., 0., 0.,
       0., 0., 0., 0., 0., 0., 0., 0., 0., 0., 0., 0., 0., 0., 0., 0.,
       0. ]
