%YAML:1.0
---
pose_0: !!opencv-matrix
   rows: 1
   cols: 25
   dt: "3f"
   data: [ 7.62724243e+02, 3.86170959e+02, 8.64396214e-01,
       8.80517639e+02, 4.06657318e+02, 7.44001687e-01, 8.71714355e+02,
       4.83281891e+02, 7.22526312e-01, 9.83594910e+02, 5.42026794e+02,
       6.97822332e-01, 1.03064929e+03, 5.92076172e+02, 7.20249593e-01,
       8.86477966e+02, 3.18483582e+02, 6.61628544e-01, 1.02467383e+03,
       2.91768494e+02, 8.30304325e-01, 1.09252026e+03, 2.27119202e+02,
       8.90273929e-01, 1.12483508e+03, 3.86141937e+02, 5.73339164e-01,
       1.13067615e+03, 4.36024384e+02, 5.69100142e-01, 1.35437183e+03,
       4.42064178e+02, 7.71326244e-01, 1.53392761e+03, 5.36137878e+02,
       6.26527309e-01, 1.12194604e+03, 3.38886658e+02, 5.47685504e-01,
       1.34263477e+03, 2.91850311e+02, 5.91718018e-01, 1.56628711e+03,
       2.91796631e+02, 5.93708813e-01, 7.45153625e+02, 4.03742218e+02,
       7.27149427e-01, 7.48065979e+02, 3.65560059e+02, 7.78869331e-01,
       7.65718506e+02, 4.30230438e+02, 5.86915076e-01, 7.77492859e+02,
       3.44805664e+02, 4.56356525e-01, 1.63688245e+03, 2.68404114e+02,
       5.63727558e-01, 1.63387488e+03, 2.65387573e+02, 5.36079228e-01,
       1.58987146e+03, 2.94887512e+02, 2.97012508e-01, 1.61930615e+03,
       5.47858765e+02, 6.01170540e-01, 1.61034631e+03, 5.53903687e+02,
       5.89763105e-01, 1.54272791e+03, 5.50938232e+02, 4.14708853e-01 ]
