%YAML:1.0
---
pose_0: !!opencv-matrix
   rows: 1
   cols: 25
   dt: "3f"
   data: [ 7.77505066e+02, 5.09696930e+02, 5.95759675e-02,
       8.45235596e+02, 4.59701630e+02, 3.62246484e-01, 8.56915466e+02,
       4.74370819e+02, 3.47358078e-01, 9.71749329e+02, 5.30285767e+02,
       5.26328571e-02, 1.00133350e+03, 5.56788574e+02, 5.42492494e-02,
       8.42300903e+02, 4.59684509e+02, 2.69436300e-01, 9.98217529e+02,
       4.12694916e+02, 7.18061268e-01, 1.09527271e+03, 5.09679657e+02,
       8.02756667e-01, 1.11898169e+03, 4.33190521e+02, 3.39367867e-01,
       1.11006982e+03, 4.77279266e+02, 2.33983710e-01, 1.32785181e+03,
       4.62538483e+02, 7.40398645e-01, 1.53098059e+03, 3.92046722e+02,
       6.22139931e-01, 1.12184985e+03, 4.03703125e+02, 3.67225617e-01,
       1.32204504e+03, 5.50929993e+02, 7.51598239e-01, 1.56335132e+03,
       4.24325989e+02, 6.15755737e-01, 0., 0., 0., 7.80483337e+02,
       5.00778168e+02, 8.69915634e-02, 7.98102905e+02, 4.36007538e+02,
       5.68385795e-02, 7.83398682e+02, 4.77337463e+02, 2.16608018e-01,
       1.62517407e+03, 4.86141388e+02, 3.14384431e-01, 1.63104504e+03,
       4.65518250e+02, 3.02176684e-01, 1.58101404e+03, 4.06643951e+02,
       3.30729544e-01, 1.58398059e+03, 3.36047638e+02, 3.40358526e-01,
       1.58105261e+03, 3.41907532e+02, 2.58790791e-01, 1.56337244e+03,
       3.68411865e+02, 3.72005910e-01 ]
