%YAML:1.0
---
pose_0: !!opencv-matrix
   rows: 1
   cols: 25
   dt: "3f"
   data: [ 7.48094299e+02, 4.83108643e+02, 8.07676673e-01,
       8.36399109e+02, 4.80270477e+02, 6.32869959e-01, 8.36481934e+02,
       5.09661621e+02, 6.01833344e-01, 9.30507629e+02, 5.42076233e+02,
       4.21834648e-01, 9.95354797e+02, 5.77430481e+02, 4.34109002e-01,
       8.30521851e+02, 4.42040100e+02, 6.98972523e-01, 8.80457092e+02,
       4.06659943e+02, 6.79852962e-01, 9.74741638e+02, 3.68407196e+02,
       8.24269593e-01, 1.15128784e+03, 5.00886658e+02, 3.39825332e-01,
       1.16011292e+03, 5.47926697e+02, 3.09218049e-01, 1.35732813e+03,
       5.39115601e+02, 1.86224818e-01, 1.51625940e+03, 5.30408264e+02,
       2.95290142e-01, 1.14546301e+03, 4.56661713e+02, 3.24181914e-01,
       1.35734399e+03, 4.80131561e+02, 3.04924130e-01, 1.56928015e+03,
       4.77270691e+02, 4.71538842e-01, 7.36262939e+02, 4.92030243e+02,
       7.14323521e-01, 7.42112488e+02, 4.62541504e+02, 7.88473010e-01,
       7.48149841e+02, 5.06839325e+02, 1.71976492e-01, 7.65776611e+02,
       4.39068512e+02, 5.85370064e-01, 1.63407678e+03, 4.36080444e+02,
       4.61681008e-01, 1.63110339e+03, 4.36112244e+02, 4.52238739e-01,
       1.58694055e+03, 5.06780975e+02, 2.47231975e-01, 1.56341223e+03,
       5.30190857e+02, 6.22646995e-02, 1.54860486e+03, 5.50920898e+02,
       6.26250058e-02, 1.54277649e+03, 5.44972534e+02, 2.17967913e-01 ]
