%YAML:1.0
---
pose_0: !!opencv-matrix
   rows: 1
   cols: 25
   dt: "3f"
   data: [ 6.65635620e+02, 5.03836700e+02, 8.57888103e-01,
       7.86446411e+02, 5.33202271e+02, 7.75280952e-01, 7.83389771e+02,
       6.15572388e+02, 6.90725505e-01, 9.04167114e+02, 6.92081970e+02,
       7.21643925e-01, 9.71742371e+02, 6.83341248e+02, 7.71657467e-01,
       7.86302124e+02, 4.59722595e+02, 6.14946604e-01, 9.33618225e+02,
       4.00767212e+02, 8.08378518e-01, 8.09752380e+02, 4.18450012e+02,
       8.15877020e-01, 1.07190247e+03, 5.27295837e+02, 5.20598292e-01,
       1.07182898e+03, 5.74444031e+02, 5.54518938e-01, 1.31616101e+03,
       5.77457275e+02, 6.93905413e-01, 1.58981702e+03, 6.03903992e+02,
       6.29760146e-01, 1.07178796e+03, 4.68478973e+02, 4.94751960e-01,
       1.33079053e+03, 4.53673523e+02, 5.26757836e-01, 1.52509668e+03,
       4.65500458e+02, 3.90555024e-01, 6.45132202e+02, 5.18561829e+02,
       7.94709921e-01, 6.50961853e+02, 4.83132568e+02, 8.24554086e-01,
       6.59779297e+02, 5.50841858e+02, 5.68895340e-01, 6.86287231e+02,
       4.59740936e+02, 5.51640332e-01, 1.61636536e+03, 4.56639282e+02,
       4.06741321e-01, 1.61342175e+03, 4.50784668e+02, 4.37988967e-01,
       1.54865332e+03, 4.86117432e+02, 1.57752886e-01, 1687.,
       5.74500916e+02, 2.82229841e-01, 1.68698315e+03, 5.89173035e+02,
       2.07517102e-01, 1.61337402e+03, 6.00872009e+02, 2.91989982e-01 ]
