%YAML:1.0
---
pose_0: !!opencv-matrix
   rows: 1
   cols: 25
   dt: "3f"
   data: [ 5.68500549e+02, 6.50995422e+02, 7.10220575e-01,
       6.83328613e+02, 5.09677887e+02, 4.49419051e-01, 6.92102966e+02,
       6.47940552e+02, 2.76837945e-01, 8.36487671e+02, 6.45038086e+02,
       6.77846014e-01, 6.59757751e+02, 5.53873108e+02, 7.28107035e-01,
       6.74510193e+02, 4.39065887e+02, 2.96499789e-01, 8.83546387e+02,
       3.47878845e+02, 7.91564584e-01, 7.18699219e+02, 3.39005463e+02,
       7.74150610e-01, 1.06005054e+03, 5.86175903e+02, 4.45344925e-01,
       1.03360754e+03, 6.62688965e+02, 4.52693999e-01, 1.30728149e+03,
       8.06889709e+02, 3.40228409e-01, 1.51627222e+03, 8.89345642e+02,
       1.23597555e-01, 1.08068066e+03, 5.12660095e+02, 4.02166963e-01,
       1.37204456e+03, 5.53759644e+02, 5.62937558e-01, 1.70763904e+03,
       5.47899292e+02, 4.39134091e-01, 5.47946228e+02, 6.62686035e+02,
       7.91587606e-02, 5.47952942e+02, 6.42134949e+02, 7.86362469e-01,
       0., 0., 0., 5.59710693e+02, 5.50933960e+02, 6.61489129e-01,
       1.78412708e+03, 4.95000153e+02, 1.40612110e-01, 1.78119141e+03,
       4.97946747e+02, 1.29647136e-01, 1.75761365e+03, 5.65600098e+02,
       1.54570892e-01, 0., 0., 0., 0., 0., 0., 1.59573779e+03,
       9.07045410e+02, 9.00678113e-02 ]
