%YAML:1.0
---
pose_0: !!opencv-matrix
   rows: 1
   cols: 25
   dt: "3f"
   data: [ 6.98043945e+02, 4.36026367e+02, 7.28180170e-01,
       8.01071411e+02, 4.97939453e+02, 6.71090066e-01, 7.89231628e+02,
       5.50803040e+02, 8.08256686e-01, 9.01135742e+02, 6.47981445e+02,
       8.86835635e-01, 9.48225586e+02, 5.65597717e+02, 8.27195644e-01,
       8.04040405e+02, 4.36207977e+02, 4.76747721e-01, 9.54160522e+02,
       4.65552460e+02, 3.09223473e-01, 1.08067090e+03, 4.83134277e+02,
       5.66026390e-01, 1.07476038e+03, 5.53925720e+02, 5.19798934e-01,
       1.04833386e+03, 5.95054199e+02, 4.46570128e-01, 1.30734143e+03,
       5.27348511e+02, 7.97189891e-01, 1.56635059e+03, 6.68713501e+02,
       4.68361437e-01, 1.09833203e+03, 5.15588196e+02, 4.26309019e-01,
       1.34844849e+03, 5.06808868e+02, 4.35155302e-01, 1.58098633e+03,
       5.94990295e+02, 6.07834876e-01, 6.83358093e+02, 4.56552582e+02,
       6.91904128e-01, 6.89160706e+02, 4.27244843e+02, 1.86654061e-01,
       6.98133240e+02, 5.00794556e+02, 5.08002222e-01, 0., 0., 0.,
       1.63103491e+03, 5.27259033e+02, 2.83377171e-01, 1.62224500e+03,
       5.27353760e+02, 2.75012851e-01, 1.59284290e+03, 6.18482422e+02,
       4.83531535e-01, 1.65460718e+03, 6.89172424e+02, 2.25733936e-01,
       1.63687854e+03, 7.06854309e+02, 2.12676495e-01, 1.63398560e+03,
       7.18660217e+02, 2.41246402e-01 ]
