%YAML:1.0
---
pose_0: !!opencv-matrix
   rows: 1
   cols: 25
   dt: "3f"
   data: [ 7.36314026e+02, 4.30169281e+02, 7.86010265e-01,
       8.30513245e+02, 5.27279480e+02, 6.51903510e-01, 8.30486023e+02,
       6.03834473e+02, 6.67560279e-01, 9.48225281e+02, 6.50927307e+02,
       7.99517095e-01, 1.03070618e+03, 6.65661194e+02, 8.12589943e-01,
       8.27566223e+02, 4.56642639e+02, 4.28758621e-01, 9.07028809e+02,
       4.33155548e+02, 9.32661146e-02, 0., 0., 0., 1.10718848e+03,
       4.80169739e+02, 5.11206865e-01, 1.11306970e+03, 5.27423096e+02,
       5.49913108e-01, 1.35432898e+03, 5.39121521e+02, 6.26048207e-01,
       1.56640344e+03, 5.53947632e+02, 5.86365461e-01, 1.10128613e+03,
       4.18471802e+02, 5.07855117e-01, 1.35154541e+03, 4.15457733e+02,
       6.54319763e-01, 1.57221863e+03, 4.18469482e+02, 4.19788301e-01,
       7.09830444e+02, 4.38992371e+02, 8.15846801e-01, 7.18628174e+02,
       4.12540924e+02, 4.01993096e-01, 7.18587402e+02, 4.92007568e+02,
       5.71229279e-01, 0., 0., 0., 1.68410291e+03, 3.80145996e+02,
       3.13243091e-01, 1.68112549e+03, 3.74329071e+02, 3.28164309e-01,
       1.60457190e+03, 4.36117798e+02, 1.89909875e-01, 1.64871667e+03,
       5.71493286e+02, 5.28800011e-01, 1.63407532e+03, 5.77425354e+02,
       5.26735485e-01, 1.58984229e+03, 5.42051636e+02, 3.72648507e-01 ]
