%YAML:1.0
---
pose_0: !!opencv-matrix
   rows: 2
   cols: 25
   dt: "3f"
   data: [ 7.18711487e+02, 4.86248749e+02, 7.93196678e-01,
       8.09791199e+02, 4.30201294e+02, 4.79940295e-01, 7.83407593e+02,
       4.53782471e+02, 3.41852754e-01, 0., 0., 0., 0., 0., 0.,
       8.30414978e+02, 4.09667236e+02, 6.45255327e-01, 9.27497742e+02,
       5.27406006e+02, 8.41902673e-01, 7.83371277e+02, 5.36250671e+02,
       5.89461386e-01, 1.06008374e+03, 4.33144592e+02, 2.12578401e-01,
       0., 0., 0., 0., 0., 0., 0., 0., 0., 1.10127905e+03,
       4.36164093e+02, 1.82117045e-01, 1.33672974e+03, 4.86120422e+02,
       3.02277684e-01, 1.57224719e+03, 4.06619995e+02, 2.42983013e-01,
       7.06915344e+02, 4.89040375e+02, 1.83264419e-01, 7.15576782e+02,
       4.74392120e+02, 7.30285764e-01, 0., 0., 0., 7.21690674e+02,
       4.30252411e+02, 6.24278069e-01, 0., 0., 0., 0., 0., 0.,
       1.66053357e+03, 4.27263397e+02, 1.01648360e-01, 0., 0., 0., 0.,
       0., 0., 0., 0., 0., 0., 0., 0., 0., 0., 0., 0., 0., 0., 0., 0.,
       0., 0., 0., 0., 0., 0., 0., 0., 0., 0., 0., 0., 0., 0., 0., 0.,
       1.08066882e+03, 4.09619812e+02, 1.41346648e-01, 1.33676990e+03,
       4.62585205e+02, 2.22130165e-01, 1.56930493e+03, 4.06654877e+02,
       3.33108574e-01, 0., 0., 0., 0., 0., 0., 0., 0., 0., 0., 0., 0.,
       0., 0., 0., 0., 0., 0., 0., 0., 0., 0., 0., 0., 0., 0., 0., 0.,
       0., 0., 0., 0., 0., 0., 0., 0., 0., 0., 0. ]
