%YAML:1.0
---
pose_0: !!opencv-matrix
   rows: 1
   cols: 25
   dt: "3f"
   data: [ 7.59814636e+02, 3.77250153e+02, 7.73821592e-01,
       8.83463379e+02, 3.86076813e+02, 7.99057901e-01, 8.74678162e+02,
       4.65573669e+02, 7.02755094e-01, 9.74666565e+02, 5.59766907e+02,
       8.21908712e-01, 1.06882043e+03, 5.97962708e+02, 8.12112510e-01,
       8.98199707e+02, 2.94888184e+02, 7.09326506e-01, 1.03066589e+03,
       2.91926910e+02, 7.88213968e-01, 1.16316846e+03, 2.68285095e+02,
       8.67585719e-01, 1.13954248e+03, 4.50757568e+02, 5.97633183e-01,
       1.12775000e+03, 4.97949738e+02, 5.57174444e-01, 1.32793188e+03,
       5.09744324e+02, 7.28528440e-01, 1.54277258e+03, 5.50869873e+02,
       6.38495147e-01, 1.14837207e+03, 3.97804138e+02, 5.69950044e-01,
       1.35146411e+03, 3.59495453e+02, 4.39676434e-01, 1.56044580e+03,
       2.97797638e+02, 5.49518824e-01, 7.42225708e+02, 3.92007904e+02,
       8.02906096e-01, 7.42141296e+02, 3.62489044e+02, 8.31126690e-01,
       7.65766724e+02, 4.12546021e+02, 4.08017069e-01, 7.62820984e+02,
       3.27205597e+02, 5.23405373e-01, 1.63692542e+03, 2.56550293e+02,
       4.12829936e-01, 1.63403333e+03, 2.56600098e+02, 4.13584292e-01,
       1.56634900e+03, 2.91799316e+02, 2.26301476e-01, 1.61055518e+03,
       5.39107056e+02, 4.82329458e-01, 1.60461353e+03, 5.50932495e+02,
       4.32416916e-01, 1.56931616e+03, 5.47954041e+02, 2.70980716e-01 ]
