%YAML:1.0
---
pose_0: !!opencv-matrix
   rows: 1
   cols: 25
   dt: "3f"
   data: [ 6.71671387e+02, 5.33215698e+02, 8.35863173e-01,
       7.86412170e+02, 5.30404541e+02, 6.83246076e-01, 7.89305359e+02,
       6.00950195e+02, 5.22054017e-01, 9.45258484e+02, 6.24518250e+02,
       3.58705133e-01, 1.04831519e+03, 6.42090027e+02, 1.47407234e-01,
       7.86396912e+02, 4.56665192e+02, 5.78016460e-01, 9.27563232e+02,
       3.86113373e+02, 7.98855424e-01, 1.04540942e+03, 3.38855011e+02,
       8.70354295e-01, 1.08950110e+03, 5.18520203e+02, 5.29717267e-01,
       1.08066309e+03, 5.74327148e+02, 5.62620103e-01, 1.27490259e+03,
       5.53924683e+02, 4.59757060e-01, 1.51628723e+03, 6.03863220e+02,
       3.27644169e-01, 1.09241479e+03, 4.59553162e+02, 5.09377182e-01,
       1.32784814e+03, 5.06809235e+02, 6.26170993e-01, 1.54279199e+03,
       5.56771423e+02, 2.59131849e-01, 6.62707886e+02, 5.53776917e+02,
       8.41986358e-01, 6.62730774e+02, 5.12602356e+02, 7.63826966e-01,
       6.80364563e+02, 5.77278564e+02, 2.84728110e-01, 6.83382568e+02,
       4.86114014e+02, 5.60163677e-01, 0., 0., 0., 0., 0., 0.,
       1.58691455e+03, 5.77348755e+02, 1.77204162e-01, 1.63395459e+03,
       5.71456604e+02, 7.66766369e-02, 0., 0., 0., 1.58693579e+03,
       6.00970459e+02, 1.47649273e-01 ]
