%YAML:1.0
---
pose_0: !!opencv-matrix
   rows: 1
   cols: 25
   dt: "3f"
   data: [ 1.00714020e+03, 4.27278168e+02, 1.70906991e-01,
       9.59977356e+02, 4.68510010e+02, 4.44939733e-01, 9.04036621e+02,
       4.68480804e+02, 4.45382893e-01, 9.24589844e+02, 4.86171814e+02,
       6.70950651e-01, 9.77586975e+02, 4.15543701e+02, 7.24630654e-01,
       1.03359485e+03, 4.65602173e+02, 3.73343140e-01, 0., 0., 0., 0.,
       0., 0., 1.12189771e+03, 5.62693726e+02, 2.95284629e-01,
       1.10422742e+03, 5.83281616e+02, 2.20169052e-01, 1.37501660e+03,
       5.06630219e+02, 7.61519969e-01, 1.64876147e+03, 7.21647217e+02,
       4.48765427e-01, 1.14250854e+03, 5.42066833e+02, 2.65562564e-01,
       1.37796680e+03, 5.00876129e+02, 3.07935983e-01, 1.61339954e+03,
       6.92163391e+02, 1.90392122e-01, 9.98361389e+02, 4.18397308e+02,
       1.96527690e-01, 1.01889301e+03, 4.09607971e+02, 1.05952144e-01,
       9.65898682e+02, 4.09698273e+02, 2.59750366e-01, 0., 0., 0., 0.,
       0., 0., 0., 0., 0., 1.64873987e+03, 7.42205078e+02,
       6.84116036e-02, 1.68706018e+03, 7.15642151e+02, 3.28900903e-01,
       1.68097351e+03, 7.30403015e+02, 3.15142721e-01, 1.66049133e+03,
       7.45175232e+02, 3.11494619e-01 ]
