%YAML:1.0
---
pose_0: !!opencv-matrix
   rows: 1
   cols: 25
   dt: "3f"
   data: [ 9.27654175e+02, 5.30213806e+02, 8.93715248e-02,
       9.42356628e+02, 4.68490692e+02, 1.98476121e-01, 9.33508484e+02,
       4.74376556e+02, 1.74439862e-01, 9.45301331e+02, 5.39107056e+02,
       2.15764910e-01, 9.42376038e+02, 6.42065674e+02, 3.69869441e-01,
       0., 0., 0., 0., 0., 0., 0., 0., 0., 1.14541150e+03,
       4.39067963e+02, 3.15400541e-01, 1.14247852e+03, 4.36124268e+02,
       2.31702432e-01, 1.35143799e+03, 5.06689514e+02, 5.07772148e-01,
       1.61633301e+03, 4.15525177e+02, 3.22664320e-01, 1.15718420e+03,
       4.33150696e+02, 3.46855968e-01, 1.35151758e+03, 5.24403259e+02,
       5.93504012e-01, 1.66050586e+03, 4.09643188e+02, 2.99562216e-01,
       0., 0., 0., 0., 0., 0., 0., 0., 0., 0., 0., 0., 1.72819238e+03,
       3.59546783e+02, 2.91067839e-01, 1.72822620e+03, 3.59534698e+02,
       2.58235931e-01, 1.70165430e+03, 4.15504883e+02, 1.26916781e-01,
       0., 0., 0., 0., 0., 0., 0., 0., 0. ]
