%YAML:1.0
---
pose_0: !!opencv-matrix
   rows: 2
   cols: 25
   dt: "3f"
   data: [ 0., 0., 0., 7.12751038e+02, 5.62661377e+02, 1.21790849e-01,
       7.12740540e+02, 6.00942566e+02, 2.77132422e-01, 8.27559998e+02,
       5.89186035e+02, 5.82875013e-01, 6.80414795e+02, 3.89123505e+02,
       6.30555034e-01, 0., 0., 0., 0., 0., 0., 0., 0., 0., 0., 0., 0.,
       0., 0., 0., 0., 0., 0., 0., 0., 0., 0., 0., 0., 0., 0., 0., 0.,
       0., 0., 0., 0., 0., 0., 0., 0., 0., 0., 0., 0., 0., 0., 0., 0.,
       0., 0., 0., 0., 0., 0., 0., 0., 0., 0., 0., 0., 0., 0., 0., 0.,
       5.53764709e+02, 5.62672546e+02, 2.29926616e-01, 7.09812195e+02,
       5.42082336e+02, 1.20512940e-01, 0., 0., 0., 0., 0., 0., 0., 0.,
       0., 6.92206665e+02, 4.65508057e+02, 5.51808998e-02, 0., 0., 0.,
       0., 0., 0., 1.11593152e+03, 5.39126953e+02, 3.61656636e-01,
       1.09540100e+03, 6.18544434e+02, 3.35521072e-01, 1.37206177e+03,
       7.56906433e+02, 1.75090045e-01, 1.54865088e+03, 8.83441895e+02,
       1.12103567e-01, 1.13657947e+03, 4.68486816e+02, 3.18257779e-01,
       1.39557385e+03, 5.06763641e+02, 3.70236665e-01, 1.73109375e+03,
       4.94938049e+02, 3.11260819e-01, 5.30221130e+02, 5.53894714e+02,
       2.02118963e-01, 5.30327698e+02, 5.39137512e+02, 1.61549628e-01,
       0., 0., 0., 0., 0., 0., 1.84593323e+03, 5.24387573e+02,
       5.66462278e-02, 0., 0., 0., 1.73406116e+03, 5.03760437e+02,
       1.61978781e-01, 0., 0., 0., 0., 0., 0., 0., 0., 0. ]
