%YAML:1.0
---
pose_0: !!opencv-matrix
   rows: 1
   cols: 25
   dt: "3f"
   data: [ 6.95079529e+02, 4.86202759e+02, 8.09487939e-01,
       7.95154236e+02, 4.44905029e+02, 5.96373320e-01, 7.71678406e+02,
       5.00832642e+02, 3.98123384e-01, 8.89338867e+02, 5.42102661e+02,
       1.81546867e-01, 9.57088257e+02, 5.74481262e+02, 1.65333197e-01,
       8.15762695e+02, 3.88935669e+02, 5.80161393e-01, 9.51161560e+02,
       3.65503510e+02, 7.49485254e-01, 1.11306213e+03, 3.50721588e+02,
       6.20501995e-01, 1.10125623e+03, 4.71460388e+02, 4.33282018e-01,
       1.09834448e+03, 5.15584900e+02, 3.42238367e-01, 1.33379712e+03,
       5.27389160e+02, 3.54815662e-01, 1.55748145e+03, 4.33241364e+02,
       1.92888126e-01, 1.11599646e+03, 4.27242859e+02, 4.04980063e-01,
       1.34554712e+03, 5.03682220e+02, 5.88370979e-01, 1.57513635e+03,
       4.33220764e+02, 4.12698686e-01, 6.77488708e+02, 4.92044159e+02,
       4.46851701e-01, 6.89231018e+02, 4.65507477e+02, 7.49942601e-01,
       0., 0., 0., 7.18621826e+02, 4.30243073e+02, 6.48694634e-01,
       1.62813062e+03, 4.86232239e+02, 1.50411919e-01, 1.63395190e+03,
       4.74362610e+02, 1.37830749e-01, 1.59867017e+03, 4.03691406e+02,
       2.46456787e-01, 0., 0., 0., 0., 0., 0., 0., 0., 0. ]
