%YAML:1.0
---
pose_0: !!opencv-matrix
   rows: 2
   cols: 25
   dt: "3f"
   data: [ 0., 0., 0., 8.12772095e+02, 5.30282532e+02, 2.01519743e-01,
       8.06952026e+02, 4.21420074e+02, 1.72407374e-01, 8.83566772e+02,
       3.18403717e+02, 6.98231161e-01, 7.48108643e+02, 2.80162262e+02,
       7.31796920e-01, 0., 0., 0., 0., 0., 0., 0., 0., 0.,
       1.13946277e+03, 6.18575256e+02, 4.34472084e-01, 1.10718530e+03,
       6.92085876e+02, 4.07849848e-01, 1.37201453e+03, 8.24615601e+02,
       3.40507716e-01, 1.58695691e+03, 9.57077759e+02, 1.56212240e-01,
       1.16310132e+03, 5.47943237e+02, 4.07278538e-01, 1.44562695e+03,
       5.95045593e+02, 4.87435549e-01, 1.73998450e+03, 5.47964783e+02,
       3.32649291e-01, 0., 0., 0., 0., 0., 0., 0., 0., 0., 0., 0., 0.,
       1.84893970e+03, 4.97931152e+02, 1.63149625e-01, 1.84882263e+03,
       5.03751190e+02, 1.80250615e-01, 1.81354126e+03, 5.74393250e+02,
       1.55565888e-01, 1.64866467e+03, 9.60038574e+02, 9.13210958e-02,
       0., 0., 0., 1.61928650e+03, 9.77639099e+02, 1.12806439e-01, 0.,
       0., 0., 7.77495361e+02, 6.48026917e+02, 9.23448056e-02,
       8.09937439e+02, 6.39172729e+02, 8.58472362e-02, 8.27599548e+02,
       6.09715332e+02, 4.19658780e-01, 6.45013855e+02, 5.21441467e+02,
       6.48101807e-01, 7.30431580e+02, 6.68630493e+02, 8.03692490e-02,
       0., 0., 0., 0., 0., 0., 0., 0., 0., 0., 0., 0., 0., 0., 0., 0.,
       0., 0., 0., 0., 0., 0., 0., 0., 0., 0., 0., 0., 0., 0., 0., 0.,
       0., 0., 0., 0., 0., 0., 0., 0., 0., 0., 0., 0., 0., 0., 0., 0.,
       0., 0., 0., 0., 0., 0., 0., 0., 0. ]
