%YAML:1.0
---
pose_0: !!opencv-matrix
   rows: 1
   cols: 25
   dt: "3f"
   data: [ 7.09830811e+02, 5.53743652e+02, 8.47882986e-01,
       7.95233826e+02, 4.89058105e+02, 6.54242039e-01, 7.86429321e+02,
       5.53780518e+02, 6.77597404e-01, 8.89373169e+02, 5.95017883e+02,
       4.61816937e-01, 9.65873169e+02, 6.24527161e+02, 6.10186815e-01,
       8.06952332e+02, 4.33050385e+02, 5.61309695e-01, 9.24711548e+02,
       3.65440094e+02, 8.36489916e-01, 1.05423083e+03, 3.62438843e+02,
       7.29264617e-01, 1.10713074e+03, 5.03860413e+02, 5.76998472e-01,
       1.09830518e+03, 5.53898499e+02, 5.76463640e-01, 1.30431714e+03,
       5.77419373e+02, 7.87092566e-01, 1.60753772e+03, 6.44992371e+02,
       5.28621912e-01, 1.11308301e+03, 4.44975037e+02, 5.46165526e-01,
       1.32789355e+03, 4.62611145e+02, 5.86421549e-01, 1.58989807e+03,
       4.65591003e+02, 5.95280170e-01, 6.95073303e+02, 5.53795593e+02,
       2.74512440e-01, 6.98116821e+02, 5.36240723e+02, 7.73302734e-01,
       0., 0., 0., 7.15786865e+02, 4.89064484e+02, 6.15976155e-01,
       1.66935974e+03, 4.27219208e+02, 3.82857740e-01, 1.66636780e+03,
       4.27233032e+02, 3.97253871e-01, 1.64868469e+03, 5.00789154e+02,
       2.37963498e-01, 1.71052393e+03, 6.27421814e+02, 2.54366189e-01,
       1.70761194e+03, 6.47977722e+02, 1.79487288e-01, 1.68107825e+03,
       6.68639648e+02, 1.90350413e-01 ]
