%YAML:1.0
---
pose_0: !!opencv-matrix
   rows: 2
   cols: 25
   dt: "3f"
   data: [ 0., 0., 0., 7.45131409e+02, 5.50790161e+02, 4.96646553e-01,
       7.59769592e+02, 5.50951172e+02, 6.31037593e-01, 8.59990295e+02,
       5.06741119e+02, 8.14863622e-01, 7.62867432e+02, 3.91940857e+02,
       8.23557317e-01, 7.42180847e+02, 5.62646484e+02, 3.41863185e-01,
       0., 0., 0., 0., 0., 0., 1.07185852e+03, 5.65602295e+02,
       3.18246514e-01, 1.04829089e+03, 5.95052185e+02, 2.18656629e-01,
       1.33078845e+03, 5.30208008e+02, 6.64829791e-01, 1.63691248e+03,
       7.09818909e+02, 3.86720419e-01, 1.09243469e+03, 5.33251526e+02,
       2.91066796e-01, 1.32789490e+03, 5.24402832e+02, 2.30558783e-01,
       1.51622656e+03, 6.45071411e+02, 1.25499532e-01, 0., 0., 0., 0.,
       0., 0., 6.95112366e+02, 5.44961182e+02, 1.44869879e-01,
       6.62761963e+02, 5.80266357e+02, 1.74626574e-01, 0., 0., 0., 0.,
       0., 0., 0., 0., 0., 1.67817114e+03, 7.15666382e+02,
       1.70404375e-01, 1.66048511e+03, 7.30450256e+02, 1.81867972e-01,
       1.66046765e+03, 7.30409302e+02, 2.49850243e-01, 0., 0., 0., 0.,
       0., 0., 0., 0., 0., 0., 0., 0., 0., 0., 0., 8.54002319e+02,
       4.86169952e+02, 1.82718396e-01, 9.15863770e+02, 4.44891876e+02,
       4.75562155e-01, 8.56958862e+02, 4.09576385e+02, 8.21261168e-01,
       0., 0., 0., 0., 0., 0., 0., 0., 0., 0., 0., 0., 0., 0., 0., 0.,
       0., 0., 0., 0., 0., 0., 0., 0., 0., 0., 0., 0., 0., 0., 0., 0.,
       0., 0., 0., 0., 0., 0., 0., 0., 0., 0., 0., 0., 0., 0., 0., 0.,
       0., 0., 0. ]
