%YAML:1.0
---
pose_0: !!opencv-matrix
   rows: 1
   cols: 25
   dt: "3f"
   data: [ 6.30322998e+02, 5.12678711e+02, 7.78300524e-01,
       7.68754639e+02, 4.33122101e+02, 6.60068929e-01, 7.80437805e+02,
       5.18477478e+02, 4.79342878e-01, 9.48140564e+02, 5.74348877e+02,
       5.99972665e-01, 1.07197546e+03, 6.30349731e+02, 6.73191786e-01,
       7.59773682e+02, 3.59517120e+02, 5.92306733e-01, 9.12920166e+02,
       3.09518158e+02, 6.89945936e-01, 1.09252112e+03, 2.71271423e+02,
       8.00383747e-01, 1.09542896e+03, 4.80173248e+02, 5.12682199e-01,
       1.08362195e+03, 5.36129456e+02, 4.88949329e-01, 1.31616858e+03,
       5.74447266e+02, 6.22955620e-01, 1.54568372e+03, 5.62644287e+02,
       3.52673382e-01, 1.10718188e+03, 4.15486420e+02, 4.82620269e-01,
       1.35437305e+03, 4.30155945e+02, 5.18885374e-01, 1.63393628e+03,
       4.33215759e+02, 4.49765265e-01, 6.18542603e+02, 5.12680237e+02,
       6.52906001e-02, 6.21429138e+02, 4.97944397e+02, 8.07483673e-01,
       0., 0., 0., 6.30412537e+02, 4.39073212e+02, 5.74666142e-01,
       1.72808716e+03, 4.80157715e+02, 1.36816636e-01, 0., 0., 0.,
       1.65167432e+03, 4.12659851e+02, 1.93713680e-01, 1.68105884e+03,
       5.86235413e+02, 9.11600813e-02, 0., 0., 0., 1.58690698e+03,
       5.56776489e+02, 1.80493370e-01 ]
