%YAML:1.0
---
pose_0: !!opencv-matrix
   rows: 1
   cols: 25
   dt: "3f"
   data: [ 7.39235413e+02, 4.33198425e+02, 6.13861799e-01,
       8.42260681e+02, 4.94973633e+02, 4.84150976e-01, 8.21677917e+02,
       5.30428589e+02, 7.08426833e-01, 9.45309570e+02, 5.98050415e+02,
       7.73525000e-01, 1.07192908e+03, 5.95096191e+02, 7.57153928e-01,
       8.65828857e+02, 4.53777679e+02, 2.77226150e-01, 1.04241638e+03,
       4.86205902e+02, 6.21671557e-01, 1.15716541e+03, 4.41980133e+02,
       7.71969676e-01, 1.11304749e+03, 5.89105286e+02, 4.68644321e-01,
       1.08950879e+03, 6.21523010e+02, 4.18275952e-01, 1.35439807e+03,
       5.45050232e+02, 7.39807963e-01, 1.65746155e+03, 7.27506287e+02,
       5.53416967e-01, 1.13362769e+03, 5.53763000e+02, 4.16361630e-01,
       1.37785938e+03, 5.09690613e+02, 6.87149882e-01, 1.59284631e+03,
       6.65625610e+02, 3.27641070e-01, 7.18748169e+02, 4.53736572e+02,
       5.39113045e-01, 7.27491211e+02, 4.33131714e+02, 1.43191814e-01,
       7.45153076e+02, 4.97914032e+02, 3.32447261e-01, 0., 0., 0.,
       1.68406360e+03, 6.21511414e+02, 2.59047002e-01, 1.68103699e+03,
       6.18625122e+02, 2.37431258e-01, 0., 0., 0., 1.70467786e+03,
       7.06816956e+02, 1.10595919e-01, 1.70162720e+03, 7.33357788e+02,
       1.31049722e-01, 1.67812537e+03, 7.56862732e+02, 4.23817396e-01 ]
