%YAML:1.0
---
pose_0: !!opencv-matrix
   rows: 1
   cols: 25
   dt: "3f"
   data: [ 7.54009094e+02, 5.30302979e+02, 7.05362201e-01,
       8.42259644e+02, 4.59670502e+02, 4.97995257e-01, 8.36418640e+02,
       4.56692505e+02, 3.62751871e-01, 0., 0., 0., 0., 0., 0.,
       8.53968201e+02, 4.65484619e+02, 6.75822794e-01, 9.92379578e+02,
       4.80144135e+02, 8.16227555e-01, 1.09842676e+03, 5.74350342e+02,
       7.47652531e-01, 1.14245117e+03, 4.09670258e+02, 3.68485034e-01,
       1.15423169e+03, 3.88957184e+02, 2.46793300e-01, 1.35451880e+03,
       4.74347198e+02, 7.08709836e-01, 1.56330920e+03, 3.86035095e+02,
       7.69661307e-01, 1.14247217e+03, 4.27230560e+02, 2.88940519e-01,
       1.35738379e+03, 5.15551147e+02, 6.81115508e-01, 1.63393555e+03,
       4.24333923e+02, 6.41764641e-01, 0., 0., 0., 7.42299255e+02,
       5.12667114e+02, 6.93786442e-01, 0., 0., 0., 7.62828979e+02,
       4.77319550e+02, 6.04903042e-01, 1.68695898e+03, 3.83071228e+02,
       3.77522498e-01, 1.68116882e+03, 3.85984222e+02, 4.04197216e-01,
       1.63988806e+03, 4.18455200e+02, 2.49378532e-01, 1.64286792e+03,
       3.80101471e+02, 1.08349390e-01, 0., 0., 0., 1.58689392e+03,
       3.62556885e+02, 4.09697860e-01 ]
