%YAML:1.0
---
pose_0: !!opencv-matrix
   rows: 2
   cols: 25
   dt: "3f"
   data: [ 0., 0., 0., 8.68747742e+02, 4.83222534e+02, 2.42615208e-01,
       0., 0., 0., 0., 0., 0., 0., 0., 0., 9.27568420e+02,
       4.42034882e+02, 1.09461620e-01, 9.68805115e+02, 4.53679840e+02,
       2.39673793e-01, 8.83470398e+02, 3.74275696e+02, 2.18006477e-01,
       1.11305432e+03, 5.06715454e+02, 2.43741766e-01, 1.09538428e+03,
       5.21443359e+02, 1.78169236e-01, 0., 0., 0., 0., 0., 0.,
       1.13954712e+03, 4.89102173e+02, 2.22065613e-01, 1.35730457e+03,
       4.30232239e+02, 6.30350053e-01, 1.56639136e+03, 5.06805725e+02,
       6.01339638e-01, 0., 0., 0., 0., 0., 0., 0., 0., 0., 0., 0., 0.,
       1.68696619e+03, 5.24415955e+02, 1.85574085e-01, 1.68411023e+03,
       5.24370605e+02, 1.84001148e-01, 1.58688818e+03, 5.30351257e+02,
       3.09587598e-01, 0., 0., 0., 0., 0., 0., 0., 0., 0., 0., 0., 0.,
       0., 0., 0., 8.45201416e+02, 5.03840576e+02, 4.01083171e-01,
       9.60062317e+02, 4.56660370e+02, 6.52303576e-01, 8.83452454e+02,
       3.74344116e+02, 5.26185989e-01, 0., 0., 0., 0., 0., 0., 0., 0.,
       0., 0., 0., 0., 0., 0., 0., 0., 0., 0., 0., 0., 0., 0., 0., 0.,
       0., 0., 0., 0., 0., 0., 0., 0., 0., 0., 0., 0., 0., 0., 0., 0.,
       0., 0., 0., 0., 0., 0., 0., 0., 0., 0., 0., 0., 0., 0., 0., 0.,
       0., 0., 0., 0. ]
