%YAML:1.0
---
pose_0: !!opencv-matrix
   rows: 1
   cols: 25
   dt: "3f"
   data: [ 4.44952209e+02, 6.00924194e+02, 7.01472044e-01,
       5.74432739e+02, 5.42029419e+02, 4.59224045e-01, 5.62679199e+02,
       6.18547729e+02, 1.95876420e-01, 0., 0., 0., 0., 0., 0.,
       5.98005005e+02, 4.68467163e+02, 6.27389848e-01, 6.50918213e+02,
       5.74472290e+02, 6.53181016e-01, 4.62552643e+02, 7.83326294e+02,
       5.33326149e-01, 1.02474121e+03, 6.15629700e+02, 1.53448924e-01,
       1.01884534e+03, 6.27416199e+02, 1.04596585e-01, 1.35144385e+03,
       6.48058777e+02, 2.37325370e-01, 1.61042517e+03, 6.01015259e+02,
       1.14970140e-01, 1.04828516e+03, 5.80347900e+02, 1.32174447e-01,
       1.36323511e+03, 6.56858093e+02, 2.95043707e-01, 1.56930859e+03,
       6.18580688e+02, 1.43637300e-01, 4.21428253e+02, 6.21442505e+02,
       6.39041305e-01, 4.21383484e+02, 5.71533936e+02, 6.92900181e-01,
       0., 0., 0., 4.50780609e+02, 5.09669403e+02, 5.65135896e-01, 0.,
       0., 0., 0., 0., 0., 0., 0., 0., 0., 0., 0., 0., 0., 0., 0., 0.,
       0. ]
