%YAML:1.0
---
pose_0: !!opencv-matrix
   rows: 1
   cols: 25
   dt: "3f"
   data: [ 7.50993286e+02, 3.74349487e+02, 6.69861913e-01,
       8.45184082e+02, 3.83107788e+02, 5.82872570e-01, 8.30427185e+02,
       4.36096649e+02, 5.95466733e-01, 7.39185974e+02, 4.36171143e+02,
       8.45270872e-01, 6.68531799e+02, 3.39075256e+02, 7.97995567e-01,
       8.56992249e+02, 3.21372101e+02, 4.53292996e-01, 8.80463196e+02,
       2.94849792e+02, 6.87155306e-01, 8.59954895e+02, 4.06628876e+02,
       7.74530947e-01, 1.11889368e+03, 3.77223663e+02, 5.03152728e-01,
       1.11895959e+03, 4.27300262e+02, 4.98947144e-01, 1.34259985e+03,
       4.56750031e+02, 7.09050715e-01, 1.53989099e+03, 4.68504608e+02,
       6.06816292e-01, 1.11599805e+03, 3.18455109e+02, 5.42578399e-01,
       1.33080457e+03, 3.24224213e+02, 5.89444399e-01, 1.57804602e+03,
       2.94947174e+02, 5.72225213e-01, 7.42117676e+02, 3.85945313e+02,
       4.51507390e-01, 7.42188049e+02, 3.62404297e+02, 7.39192426e-01,
       7.56881775e+02, 4.03776794e+02, 1.13877028e-01, 7.74544373e+02,
       3.33127808e+02, 3.38624179e-01, 1.64581409e+03, 2.68357361e+02,
       4.50032949e-01, 1.63702380e+03, 2.68298340e+02, 5.10196567e-01,
       1.61632043e+03, 3.09537781e+02, 2.73343116e-01, 1.60459851e+03,
       4.80229523e+02, 4.76908594e-01, 1.59282983e+03, 4.86134918e+02,
       4.67290789e-01, 1.56633008e+03, 4.53806244e+02, 3.84583175e-01 ]
