%YAML:1.0
---
pose_0: !!opencv-matrix
   rows: 1
   cols: 25
   dt: "3f"
   data: [ 7.12693542e+02, 5.77500916e+02, 8.96027505e-01,
       8.36360107e+02, 5.80366028e+02, 6.41728640e-01, 8.42305298e+02,
       6.47913513e+02, 5.73543370e-01, 9.77627136e+02, 6.68501587e+02,
       6.90930605e-01, 1.06587244e+03, 7.30470825e+02, 7.82484472e-01,
       8.33480774e+02, 5.21474121e+02, 6.05626762e-01, 9.98315491e+02,
       4.83080750e+02, 7.56787658e-01, 1.15135913e+03, 4.62558929e+02,
       7.24976242e-01, 1.11888257e+03, 6.03895508e+02, 5.59070051e-01,
       1.11301355e+03, 6.50990845e+02, 5.92346251e-01, 1.29548669e+03,
       7.59813110e+02, 6.25334978e-01, 1.49865527e+03, 6.65710754e+02,
       2.24109218e-01, 1.12483704e+03, 5.50974060e+02, 5.07446110e-01,
       1.31320178e+03, 6.71704590e+02, 6.95510805e-01, 1.54274634e+03,
       6.71614319e+02, 2.43014127e-01, 6.95074524e+02, 5.95032898e+02,
       8.25540006e-01, 6.98098694e+02, 5.59692078e+02, 8.22642565e-01,
       7.15572449e+02, 6.09779968e+02, 2.14915171e-01, 7.30395142e+02,
       5.33333008e+02, 6.27370358e-01, 0., 0., 0., 0., 0., 0.,
       1.56927698e+03, 6.89175415e+02, 2.00319886e-01, 0., 0., 0., 0.,
       0., 0., 0., 0., 0. ]
