%YAML:1.0
---
pose_0: !!opencv-matrix
   rows: 1
   cols: 25
   dt: "3f"
   data: [ 6.24465698e+02, 5.12582764e+02, 7.21475184e-01,
       7.30421265e+02, 4.50853760e+02, 4.61976260e-01, 7.15724731e+02,
       5.18465820e+02, 2.49074340e-01, 0., 0., 0., 0., 0., 0.,
       7.53997314e+02, 3.68445099e+02, 3.73728484e-01, 9.04040039e+02,
       2.50702515e+02, 5.98588467e-01, 1.02171167e+03, 1.50675980e+02,
       8.26561034e-01, 1.09237207e+03, 5.36147156e+02, 5.21995664e-01,
       1.06303430e+03, 5.98069824e+02, 5.17877221e-01, 1.29552881e+03,
       6.24623047e+02, 5.38110137e-01, 1.66935645e+03, 6.65636292e+02,
       4.12028700e-01, 1.11300159e+03, 4.77226044e+02, 4.51526493e-01,
       1.38387451e+03, 5.06708862e+02, 5.94598413e-01, 1.65164197e+03,
       4.62642059e+02, 6.00683272e-01, 6.06777283e+02, 5.27290405e+02,
       5.85038185e-01, 6.03865356e+02, 5.00831848e+02, 7.01937795e-01,
       0., 0., 0., 6.18565002e+02, 4.53812195e+02, 6.08730376e-01,
       1.72524377e+03, 4.39022614e+02, 5.43880820e-01, 1.71932507e+03,
       4.33199829e+02, 5.45859575e-01, 1.67226685e+03, 4.71408356e+02,
       2.42169231e-01, 1.70464636e+03, 6.27451172e+02, 6.45774528e-02,
       0., 0., 0., 1.68994812e+03, 6.62720764e+02, 2.97841847e-01 ]
