%YAML:1.0
---
pose_0: !!opencv-matrix
   rows: 1
   cols: 25
   dt: "3f"
   data: [ 7.65764648e+02, 5.24366272e+02, 7.11862862e-01,
       8.39362671e+02, 4.39062164e+02, 4.67345715e-01, 8.39322510e+02,
       4.33150665e+02, 4.04855102e-01, 9.18801392e+02, 5.06729309e+02,
       8.81355777e-02, 8.80519531e+02, 5.27409241e+02, 2.58059710e-01,
       8.39373657e+02, 4.53768250e+02, 7.20860958e-01, 9.71690491e+02,
       5.30180725e+02, 8.39350402e-01, 8.53934753e+02, 5.74380310e+02,
       8.18082929e-01, 1.12774084e+03, 4.15540588e+02, 4.80960280e-01,
       1.13954663e+03, 3.88964478e+02, 4.83403772e-01, 1.26018103e+03,
       4.39129303e+02, 1.31318510e-01, 0., 0., 0., 1.11595117e+03,
       4.50772095e+02, 3.68145317e-01, 1.35729736e+03, 4.94969727e+02,
       6.43896699e-01, 1.63690723e+03, 4.21370331e+02, 4.78505313e-01,
       0., 0., 0., 7.51039307e+02, 5.03897369e+02, 7.08516598e-01, 0.,
       0., 0., 7.62674500e+02, 4.59634796e+02, 6.75791681e-01,
       1.65748450e+03, 4.92053314e+02, 1.26538903e-01, 1.66046082e+03,
       4.83093140e+02, 1.26173571e-01, 1.67521265e+03, 4.12507874e+02,
       2.22071230e-01, 0., 0., 0., 0., 0., 0., 0., 0., 0. ]
