%YAML:1.0
---
pose_0: !!opencv-matrix
   rows: 1
   cols: 25
   dt: "3f"
   data: [ 0., 0., 0., 7.65796570e+02, 4.56742035e+02, 2.36941993e-01,
       6.95070862e+02, 4.62593903e+02, 1.02865830e-01, 6.71532104e+02,
       4.62568848e+02, 9.10313949e-02, 0., 0., 0., 8.06931458e+02,
       4.33209076e+02, 2.21800804e-01, 9.51256714e+02, 4.33075073e+02,
       6.79016352e-01, 1.07473914e+03, 5.03795288e+02, 8.31738949e-01,
       1.05419714e+03, 4.77256805e+02, 2.11315334e-01, 1.04533142e+03,
       5.00884796e+02, 1.14385061e-01, 0., 0., 0., 0., 0., 0.,
       1.07187097e+03, 4.39095551e+02, 2.59392023e-01, 1.30722131e+03,
       5.39061340e+02, 7.12283969e-01, 1.58988184e+03, 4.24327362e+02,
       5.11952937e-01, 0., 0., 0., 0., 0., 0., 0., 0., 0.,
       7.30424866e+02, 4.74334747e+02, 1.01787984e-01, 1.65763916e+03,
       3.97836975e+02, 5.57989962e-02, 0., 0., 0., 1.61631628e+03,
       4.12534607e+02, 2.60534167e-01, 0., 0., 0., 0., 0., 0., 0., 0.,
       0. ]
