%YAML:1.0
---
pose_0: !!opencv-matrix
   rows: 2
   cols: 25
   dt: "3f"
   data: [ 0., 0., 0., 7.62728577e+02, 6.00889648e+02, 6.11490011e-01,
       7.62779297e+02, 7.12731995e+02, 5.68602145e-01, 9.15865845e+02,
       7.68797913e+02, 7.36072123e-01, 1.06891150e+03, 8.15760010e+02,
       8.35166335e-01, 7.62777039e+02, 4.91988708e+02, 3.74713421e-01,
       8.92274109e+02, 3.86035095e+02, 6.54135466e-01, 1.02780725e+03,
       2.30098969e+02, 7.55790830e-01, 1.09245032e+03, 5.33267700e+02,
       3.11289698e-01, 1.08950549e+03, 6.00974670e+02, 3.48471314e-01,
       1.37196985e+03, 6.27453735e+02, 6.29483700e-01, 1.57809460e+03,
       6.00817078e+02, 4.54666525e-01, 1.08653577e+03, 4.62558350e+02,
       3.87032330e-01, 1.34262878e+03, 3.65497894e+02, 1.07663013e-01,
       1.54274243e+03, 2.50672226e+02, 1.96124464e-01, 6.65605957e+02,
       5.97952148e+02, 7.08295032e-02, 0., 0., 0., 6.53873169e+02,
       6.24445007e+02, 1.06814869e-01, 6.24427368e+02, 4.83289368e+02,
       1.17575735e-01, 0., 0., 0., 0., 0., 0., 0., 0., 0.,
       1.71642249e+03, 5.56811035e+02, 9.26010758e-02, 0., 0., 0.,
       1.65753528e+03, 5.95007202e+02, 2.11066782e-01, 6.00934326e+02,
       5.12640991e+02, 3.90541494e-01, 6.56828125e+02, 5.50816345e+02,
       5.16582467e-02, 0., 0., 0., 0., 0., 0., 0., 0., 0., 0., 0., 0.,
       0., 0., 0., 0., 0., 0., 0., 0., 0., 0., 0., 0., 0., 0., 0., 0.,
       0., 0., 0., 0., 0., 0., 0., 0., 0., 0., 0., 5.77373108e+02,
       5.24424744e+02, 3.36305231e-01, 5.97938599e+02, 4.97872375e+02,
       3.27376902e-01, 6.12709229e+02, 5.59735535e+02, 8.41538981e-02,
       0., 0., 0., 0., 0., 0., 0., 0., 0., 0., 0., 0., 0., 0., 0., 0.,
       0., 0., 0., 0., 0. ]
