%YAML:1.0
---
pose_0: !!opencv-matrix
   rows: 1
   cols: 25
   dt: "3f"
   data: [ 6.59836426e+02, 5.27467529e+02, 8.14086258e-01,
       7.83416016e+02, 5.50810669e+02, 5.97552538e-01, 8.04022034e+02,
       6.18558044e+02, 3.79159451e-01, 8.89377991e+02, 6.18614502e+02,
       1.97157264e-01, 0., 0., 0., 7.71624939e+02, 4.86190186e+02,
       5.42011440e-01, 8.59951599e+02, 4.12585785e+02, 3.26594144e-01,
       9.24694946e+02, 3.89063690e+02, 6.18490934e-01, 1.08066406e+03,
       5.50871399e+02, 4.64177191e-01, 1.07190820e+03, 6.03915955e+02,
       4.76365983e-01, 1.32791687e+03, 6.24560120e+02, 3.62662941e-01,
       1.58689893e+03, 6.00975281e+02, 3.91739309e-01, 1.07772424e+03,
       4.83237488e+02, 4.44546491e-01, 1.33969702e+03, 5.18494507e+02,
       5.76694727e-01, 1.63694104e+03, 5.27379639e+02, 4.75906283e-01,
       6.45032715e+02, 5.45044495e+02, 7.57066548e-01, 6.48029236e+02,
       5.06722839e+02, 8.32515597e-01, 6.59796631e+02, 5.71378601e+02,
       3.80990982e-01, 6.74555481e+02, 4.83255035e+02, 5.90441167e-01,
       1.70757776e+03, 4.86106232e+02, 1.86965108e-01, 1.70461914e+03,
       4.86189941e+02, 1.95971504e-01, 1.65757324e+03, 5.39112488e+02,
       2.17154190e-01, 1.70471191e+03, 6.18560913e+02, 1.28526628e-01,
       0., 0., 0., 1.66638184e+03, 6.03875977e+02, 1.51226342e-01 ]
