%YAML:1.0
---
pose_0: !!opencv-matrix
   rows: 1
   cols: 25
   dt: "3f"
   data: [ 6.48127319e+02, 4.47872223e+02, 7.50528216e-01,
       8.04044006e+02, 4.86091827e+02, 6.45468712e-01, 8.03964905e+02,
       5.92134094e+02, 5.85456371e-01, 9.51059753e+02, 6.71567932e+02,
       7.07089901e-01, 1.09232947e+03, 7.39247131e+02, 8.31470072e-01,
       8.09972534e+02, 3.89040680e+02, 6.42958403e-01, 9.54065613e+02,
       3.12416016e+02, 7.76129425e-01, 1.11003455e+03, 2.00613327e+02,
       8.11654389e-01, 1.09247375e+03, 4.59618591e+02, 4.66670781e-01,
       1.09545142e+03, 5.18463196e+02, 4.39078242e-01, 1.37498096e+03,
       5.06807800e+02, 6.51043594e-01, 1.63398352e+03, 5.30425476e+02,
       6.22894049e-01, 1.08654810e+03, 4.00739899e+02, 4.89270568e-01,
       1.18951929e+03, 3.24270172e+02, 4.77210104e-01, 1.41912817e+03,
       2.27185867e+02, 9.25394893e-02, 6.27483948e+02, 4.65588440e+02,
       7.43915915e-01, 6.44951233e+02, 4.27265320e+02, 7.92571425e-01,
       6.59801758e+02, 5.09678375e+02, 3.89680952e-01, 6.71679504e+02,
       4.06582123e+02, 3.58262062e-01, 0., 0., 0., 0., 0., 0., 0., 0.,
       0., 1.72824109e+03, 5.30347168e+02, 5.27661741e-01,
       1.70768140e+03, 5.50783569e+02, 4.86988127e-01, 1.64286108e+03,
       5.24419861e+02, 3.51346791e-01 ]
