%YAML:1.0
---
pose_0: !!opencv-matrix
   rows: 2
   cols: 25
   dt: "3f"
   data: [ 7.86310669e+02, 4.18441528e+02, 6.78383172e-01,
       8.36500732e+02, 3.15357391e+02, 4.19846773e-01, 8.48146362e+02,
       3.03686127e+02, 2.51323998e-01, 9.01073059e+02, 4.59712616e+02,
       8.11158195e-02, 0., 0., 0., 8.30506348e+02, 3.18481720e+02,
       7.12339222e-01, 9.03951721e+02, 4.59670685e+02, 8.34035277e-01,
       9.39455322e+02, 5.98092590e+02, 8.16730380e-01, 1.13658630e+03,
       3.38924438e+02, 4.65619653e-01, 1.12779675e+03, 3.86140778e+02,
       5.06995857e-01, 1.31904077e+03, 5.24368652e+02, 7.15559244e-01,
       1.51330347e+03, 5.53894226e+02, 6.52564466e-01, 1.13361621e+03,
       2.91876099e+02, 4.11588430e-01, 1.35147546e+03, 2.68415466e+02,
       3.00691962e-01, 1.40450830e+03, 2.27115646e+02, 6.05183691e-02,
       7.71704163e+02, 4.33020294e+02, 7.65628964e-02, 7.68753906e+02,
       4.09589203e+02, 7.77083874e-01, 0., 0., 0., 7.62852600e+02,
       3.62537231e+02, 6.88726187e-01, 1.55456982e+03, 1.35903824e+02,
       1.26837298e-01, 1.55160071e+03, 1.38862961e+02, 1.28653020e-01,
       0., 0., 0., 1.57513708e+03, 6.09800110e+02, 2.51202315e-01, 0.,
       0., 0., 1.54270752e+03, 5.36224182e+02, 4.59774256e-01, 0., 0.,
       0., 0., 0., 0., 9.54089661e+02, 4.00739532e+02, 1.16818890e-01,
       1.04834912e+03, 4.36086456e+02, 6.88802600e-01, 1.13363855e+03,
       4.97930603e+02, 7.09519684e-01, 0., 0., 0., 0., 0., 0., 0., 0.,
       0., 0., 0., 0., 0., 0., 0., 0., 0., 0., 0., 0., 0., 0., 0., 0.,
       0., 0., 0., 0., 0., 0., 0., 0., 0., 0., 0., 0., 0., 0., 0., 0.,
       0., 0., 0., 0., 0., 0., 0., 0., 0., 0., 0., 0., 0., 0., 0., 0.,
       0., 0., 0., 0. ]
