%YAML:1.0
---
pose_0: !!opencv-matrix
   rows: 1
   cols: 25
   dt: "3f"
   data: [ 4.56610809e+02, 6.24510010e+02, 7.45624363e-01,
       5.89120850e+02, 5.56860840e+02, 4.59989190e-01, 5.62642517e+02,
       6.53894592e+02, 1.82326004e-01, 6.33322998e+02, 7.39274841e+02,
       5.22491559e-02, 6.39182678e+02, 8.27551514e+02, 7.91538358e-02,
       5.97945679e+02, 4.94969208e+02, 6.55242741e-01, 6.68528442e+02,
       6.18499084e+02, 6.71463490e-01, 5.80290283e+02, 8.33428650e+02,
       5.74423432e-01, 1.02773218e+03, 6.45066040e+02, 2.16643095e-01,
       1.02176318e+03, 7.06862976e+02, 1.45432666e-01, 1.35440723e+03,
       6.65650146e+02, 1.81610405e-01, 1.63402380e+03, 6.42154419e+02,
       1.00187160e-01, 1.03651318e+03, 6.00949829e+02, 2.19677284e-01,
       1.35440442e+03, 6.74499207e+02, 2.35975444e-01, 1.61047839e+03,
       6.48037415e+02, 1.01814084e-01, 4.33254791e+02, 6.45036865e+02,
       6.28091872e-01, 4.33096191e+02, 6.01069214e+02, 7.15599358e-01,
       0., 0., 0., 4.50769348e+02, 5.53756348e+02, 5.13646543e-01, 0.,
       0., 0., 0., 0., 0., 0., 0., 0., 0., 0., 0., 0., 0., 0., 0., 0.,
       0. ]
