%YAML:1.0
---
pose_0: !!opencv-matrix
   rows: 1
   cols: 25
   dt: "3f"
   data: [ 7.86357910e+02, 3.18345215e+02, 7.20971525e-01,
       8.92281189e+02, 2.97753723e+02, 5.95465720e-01, 8.80579590e+02,
       3.68371399e+02, 5.87564647e-01, 8.27605286e+02, 5.00813782e+02,
       6.51540875e-01, 7.68733948e+02, 6.21560181e+02, 6.47925496e-01,
       9.04143127e+02, 2.35938171e+02, 4.01824325e-01, 9.74724854e+02,
       2.24157471e+02, 6.80908412e-02, 0., 0., 0., 1.17483813e+03,
       2.94865082e+02, 5.48797011e-01, 1.16311084e+03, 3.53685455e+02,
       5.25172889e-01, 1.35429785e+03, 4.56782623e+02, 7.28793859e-01,
       1.49861023e+03, 5.89150696e+02, 5.74744284e-01, 1.18667358e+03,
       2.30132874e+02, 5.07308066e-01, 1.38094617e+03, 1.94798828e+02,
       3.89019072e-01, 1.57807861e+03, 1.27004868e+02, 2.61173993e-01,
       7.68747620e+02, 3.30188599e+02, 6.26587629e-01, 7.68768494e+02,
       2.94967957e+02, 6.43782735e-01, 7.89337097e+02, 3.47799835e+02,
       1.77762374e-01, 7.98145020e+02, 2.65401581e+02, 4.85137999e-01,
       1.62518262e+03, 9.17080307e+01, 1.13031149e-01, 0., 0., 0.,
       1.59283228e+03, 1.09434196e+02, 2.14503393e-01, 1.48971252e+03,
       6.59795471e+02, 4.48970854e-01, 1.49267578e+03, 6.50994995e+02,
       4.25806224e-01, 1.52809473e+03, 5.97994690e+02, 4.03313965e-01 ]
