%YAML:1.0
---
pose_0: !!opencv-matrix
   rows: 1
   cols: 25
   dt: "3f"
   data: [ 6.95238708e+02, 4.97901428e+02, 8.21890175e-01,
       8.15783081e+02, 4.53769501e+02, 7.38038123e-01, 8.15800415e+02,
       5.27361450e+02, 6.22536778e-01, 9.51018799e+02, 6.59828918e+02,
       7.56283343e-01, 9.95371643e+02, 7.95203003e+02, 8.25300932e-01,
       8.24621643e+02, 3.80189850e+02, 6.70861959e-01, 8.54053894e+02,
       2.97829132e+02, 7.08073735e-01, 8.80647766e+02, 1.76994110e+02,
       8.35783958e-01, 1.09543054e+03, 4.44932404e+02, 4.37305719e-01,
       1.09540747e+03, 4.97925049e+02, 4.62132454e-01, 1.33969653e+03,
       5.27248718e+02, 1.82758495e-01, 0., 0., 0., 1.09249475e+03,
       3.86058624e+02, 3.43213320e-01, 1.36320410e+03, 4.59618774e+02,
       2.98338205e-01, 1.54281287e+03, 4.36089966e+02, 1.55607492e-01,
       6.77416077e+02, 5.03831818e+02, 7.79964924e-01, 6.89131836e+02,
       4.71372131e+02, 8.00155103e-01, 0., 0., 0., 7.15786499e+02,
       4.24328125e+02, 6.33932412e-01, 0., 0., 0., 0., 0., 0.,
       1.56628198e+03, 4.44920563e+02, 1.32812306e-01, 0., 0., 0., 0.,
       0., 0., 0., 0., 0. ]
