%YAML:1.0
---
pose_0: !!opencv-matrix
   rows: 1
   cols: 25
   dt: "3f"
   data: [ 7.33375427e+02, 4.77344971e+02, 8.06620181e-01,
       8.59857483e+02, 4.74330322e+02, 7.65002728e-01, 8.57061279e+02,
       5.50814209e+02, 7.55707502e-01, 9.57064148e+02, 6.24513306e+02,
       8.12170565e-01, 9.04008057e+02, 6.44934143e+02, 6.95404232e-01,
       8.71692566e+02, 3.89085876e+02, 6.97350800e-01, 1.02778479e+03,
       3.65448486e+02, 6.81262314e-01, 1.01006720e+03, 3.77223755e+02,
       6.70213819e-01, 1.13662976e+03, 4.94989197e+02, 5.20461321e-01,
       1.12483118e+03, 5.42073242e+02, 5.42424679e-01, 1.30740039e+03,
       5.68472473e+02, 6.17319345e-01, 1.52801282e+03, 5.86174011e+02,
       5.65659404e-01, 1.14243921e+03, 4.39085602e+02, 4.46094006e-01,
       1.35739868e+03, 4.50861572e+02, 5.89366674e-01, 1.56043567e+03,
       4.59666901e+02, 6.46127641e-01, 7.15741089e+02, 4.91983307e+02,
       7.64200807e-01, 7.15789246e+02, 4.56711761e+02, 8.66382599e-01,
       7.39151245e+02, 5.06872070e+02, 1.85663268e-01, 7.39310547e+02,
       4.18478912e+02, 5.63512743e-01, 1.61644348e+03, 4.39081482e+02,
       5.36915600e-01, 1.61337451e+03, 4.36109924e+02, 6.16786003e-01,
       1.58400305e+03, 4.65512421e+02, 3.01568508e-01, 1.60453333e+03,
       5.83278625e+02, 2.37520069e-01, 1.50158435e+03, 6.44985291e+02,
       1.11631557e-01, 1.56338831e+03, 5.71483521e+02, 3.15796703e-01 ]
