%YAML:1.0
---
pose_0: !!opencv-matrix
   rows: 1
   cols: 25
   dt: "3f"
   data: [ 5.18540588e+02, 5.30190857e+02, 6.26350343e-01,
       6.68573181e+02, 5.12602417e+02, 4.72320884e-01, 6.83302368e+02,
       5.89166260e+02, 2.50315875e-01, 7.65794434e+02, 6.77490967e+02,
       5.57923973e-01, 5.71487183e+02, 6.27367859e+02, 5.52481771e-01,
       6.71600159e+02, 4.39024933e+02, 3.63273323e-01, 7.21653687e+02,
       3.59598541e+02, 5.95589995e-01, 5.56793091e+02, 3.15277557e+02,
       6.30709827e-01, 1.03356287e+03, 5.27379089e+02, 4.17222559e-01,
       1.01883179e+03, 5.95001770e+02, 3.70976716e-01, 1.31021094e+03,
       6.51044678e+02, 4.97146159e-01, 1.56332275e+03, 6.71589844e+02,
       1.13871723e-01, 1.04243713e+03, 4.56704529e+02, 3.99837494e-01,
       1.31022791e+03, 4.56633850e+02, 4.43526357e-01, 1.72230432e+03,
       4.80358185e+02, 1.56708598e-01, 5.00860046e+02, 5.50746460e+02,
       3.54408681e-01, 5.00903015e+02, 5.03715576e+02, 5.76554954e-01,
       5.24414612e+02, 5.59768921e+02, 9.65890288e-02, 5.30243896e+02,
       4.74320190e+02, 3.06887001e-01, 1.84598035e+03, 4.47860535e+02,
       1.31369248e-01, 1.84885168e+03, 4.47889496e+02, 1.23501524e-01,
       1.79886401e+03, 5.15595520e+02, 1.29996002e-01, 0., 0., 0., 0.,
       0., 0., 0., 0., 0. ]
