%YAML:1.0
---
pose_0: !!opencv-matrix
   rows: 1
   cols: 25
   dt: "3f"
   data: [ 5.27285095e+02, 5.30391296e+02, 8.55481148e-01,
       6.27432007e+02, 5.74415161e+02, 4.28469718e-01, 6.06835083e+02,
       6.21517822e+02, 3.13476235e-01, 7.56927734e+02, 7.24516724e+02,
       4.62824374e-01, 5.33211243e+02, 6.62781433e+02, 7.54134774e-01,
       6.33324890e+02, 5.15553772e+02, 3.73250157e-01, 8.06963989e+02,
       4.12580994e+02, 7.06493914e-01, 5.77385803e+02, 4.36042572e+02,
       7.46662498e-01, 1.05127222e+03, 5.56748779e+02, 4.01911944e-01,
       1.04528796e+03, 6.33297791e+02, 4.04829919e-01, 1.09542004e+03,
       6.86231384e+02, 5.03685996e-02, 0., 0., 0., 1.06591736e+03,
       4.83157104e+02, 4.30120945e-01, 1.23962097e+03, 4.68447266e+02,
       1.82280317e-01, 1.42798584e+03, 4.47869293e+02, 1.27628103e-01,
       4.97885437e+02, 5.50846741e+02, 8.23255658e-01, 5.21404907e+02,
       5.06836090e+02, 8.30964267e-01, 5.03765930e+02, 5.97967834e+02,
       5.53549051e-01, 5.50958435e+02, 4.97929321e+02, 3.33387554e-01,
       0., 0., 0., 0., 0., 0., 1.54273718e+03, 4.83229675e+02,
       1.23606682e-01, 0., 0., 0., 0., 0., 0., 0., 0., 0. ]
