%YAML:1.0
---
pose_0: !!opencv-matrix
   rows: 1
   cols: 25
   dt: "3f"
   data: [ 7.24599915e+02, 4.80116699e+02, 8.57989728e-01,
       8.39386902e+02, 5.03871948e+02, 7.00155854e-01, 8.45239502e+02,
       6.01028381e+02, 5.96274078e-01, 9.45299683e+02, 6.48134155e+02,
       2.24541172e-01, 0., 0., 0., 8.36424927e+02, 4.15576202e+02,
       5.91106534e-01, 9.80613525e+02, 3.62502502e+02, 7.93170989e-01,
       1.08366907e+03, 2.83025604e+02, 7.68852890e-01, 1.13366174e+03,
       4.83265289e+02, 4.98759955e-01, 1.13068677e+03, 5.30398621e+02,
       5.65367758e-01, 1.30737415e+03, 5.71372864e+02, 7.30664849e-01,
       1.61343188e+03, 6.15652039e+02, 4.76658434e-01, 1.13071130e+03,
       4.30254883e+02, 4.79098976e-01, 1.35735229e+03, 4.30115784e+02,
       4.94848967e-01, 1.58396326e+03, 4.42000885e+02, 6.33032262e-01,
       7.06842590e+02, 4.89050690e+02, 8.02213013e-01, 7.18633057e+02,
       4.56568756e+02, 9.08195615e-01, 7.18559448e+02, 5.24345581e+02,
       4.96128887e-01, 7.48115601e+02, 4.33136993e+02, 4.77187037e-01,
       1.64581152e+03, 4.12648254e+02, 5.48075259e-01, 1.63985193e+03,
       4.12499573e+02, 5.71442246e-01, 1.61047290e+03, 4.56693420e+02,
       3.22329342e-01, 1.70460754e+03, 6.24427856e+02, 3.54591399e-01,
       1.68989966e+03, 6.39139038e+02, 3.19502145e-01, 1.63695093e+03,
       6.00901428e+02, 2.55339384e-01 ]
