%YAML:1.0
---
pose_0: !!opencv-matrix
   rows: 1
   cols: 25
   dt: "3f"
   data: [ 7.86207458e+02, 5.53866394e+02, 8.17112803e-01,
       8.56993774e+02, 5.00827881e+02, 5.77176094e-01, 8.51084412e+02,
       5.44959167e+02, 3.39385659e-01, 0., 0., 0., 0., 0., 0.,
       8.60003174e+02, 4.59600494e+02, 7.48252511e-01, 9.77596497e+02,
       4.47830536e+02, 7.19073713e-01, 1.09234583e+03, 4.33037964e+02,
       8.36812019e-01, 1.11306177e+03, 5.53823059e+02, 3.86106163e-01,
       1.10424268e+03, 6.00922974e+02, 3.29441637e-01, 1.34263208e+03,
       6.21537781e+02, 3.48741353e-01, 1.54863696e+03, 6.56900635e+02,
       3.89322400e-01, 1.12186157e+03, 5.27354492e+02, 3.43741834e-01,
       1.34264844e+03, 5.03729980e+02, 4.61787701e-01, 1.56036792e+03,
       4.42011719e+02, 3.35694313e-01, 7.65835022e+02, 5.59762329e+02,
       5.05848169e-01, 7.65871826e+02, 5.42032593e+02, 7.45183587e-01,
       0., 0., 0., 7.68668030e+02, 5.03803741e+02, 6.47615671e-01,
       1.63704968e+03, 4.33166382e+02, 8.36321115e-02, 0., 0., 0.,
       1.60747705e+03, 4.33156006e+02, 1.55789316e-01, 1.63409619e+03,
       6.74530396e+02, 1.13407783e-01, 0., 0., 0., 1.60454797e+03,
       6.47988037e+02, 1.82960495e-01 ]
