%YAML:1.0
---
pose_0: !!opencv-matrix
   rows: 1
   cols: 25
   dt: "3f"
   data: [ 0., 0., 0., 8.74681335e+02, 4.77293488e+02, 3.87027919e-01,
       8.80556274e+02, 4.80225525e+02, 3.87198031e-01, 1.02169659e+03,
       4.80127441e+02, 7.23173857e-01, 1.13653027e+03, 4.06600342e+02,
       7.24460006e-01, 8.59858521e+02, 4.89070282e+02, 2.96094090e-01,
       9.80602844e+02, 4.68485748e+02, 5.63509837e-02, 0., 0., 0.,
       1.15427222e+03, 5.03743683e+02, 4.89592791e-01, 1.15127966e+03,
       5.45009094e+02, 4.59895402e-01, 1.38681140e+03, 4.44951630e+02,
       7.46767044e-01, 1.59285193e+03, 6.39207214e+02, 5.15412509e-01,
       1.16307703e+03, 4.56701294e+02, 4.35869157e-01, 1.36911133e+03,
       3.68469910e+02, 7.39345968e-01, 1.56636743e+03, 5.06669739e+02,
       4.52213228e-01, 0., 0., 0., 0., 0., 0., 8.24612122e+02,
       4.33083679e+02, 1.77119151e-01, 0., 0., 0., 1.68993628e+03,
       5.33277588e+02, 3.14677924e-01, 1.68992493e+03, 5.33193054e+02,
       3.16735744e-01, 1.58105676e+03, 5.27278259e+02, 2.48621792e-01,
       1.65162744e+03, 6.71614563e+02, 3.16711843e-01, 1.63107178e+03,
       6.83329041e+02, 3.59565496e-01, 1.61344836e+03, 6.56882080e+02,
       3.03161502e-01 ]
