%YAML:1.0
---
pose_0: !!opencv-matrix
   rows: 1
   cols: 25
   dt: "3f"
   data: [ 6.92208374e+02, 4.89033508e+02, 8.28266501e-01,
       7.98140991e+02, 5.24351929e+02, 7.18375862e-01, 7.98104492e+02,
       6.00975037e+02, 7.09517658e-01, 9.01102234e+02, 6.71636963e+02,
       6.97607756e-01, 9.71731628e+02, 6.77437073e+02, 7.52477229e-01,
       7.89222229e+02, 4.53795990e+02, 6.69950068e-01, 9.57133057e+02,
       4.18493530e+02, 8.09978187e-01, 8.27530029e+02, 4.32992920e+02,
       8.25003326e-01, 1.07775208e+03, 5.24398926e+02, 5.40243328e-01,
       1.07482458e+03, 5.71481445e+02, 5.40743947e-01, 1.31906531e+03,
       5.74443359e+02, 7.41372824e-01, 1.57223816e+03, 5.92049500e+02,
       5.84926128e-01, 1.08065186e+03, 4.62661407e+02, 5.19938409e-01,
       1.33384229e+03, 4.56762817e+02, 6.51900411e-01, 1.58693604e+03,
       4.74324463e+02, 3.94818842e-01, 6.74485779e+02, 5.06684753e+02,
       8.09787691e-01, 6.77495056e+02, 4.71377686e+02, 7.69218802e-01,
       6.95068420e+02, 5.33297668e+02, 6.23820186e-01, 7.09840393e+02,
       4.53685608e+02, 5.10636210e-01, 1.62518774e+03, 4.53794495e+02,
       3.95064145e-01, 1.61635657e+03, 4.53713348e+02, 4.57217306e-01,
       1.61341931e+03, 4.80294006e+02, 3.92842293e-01, 1.66060291e+03,
       5.80303711e+02, 4.41065222e-01, 1.65751990e+03, 5.97918274e+02,
       4.42214280e-01, 1.60750293e+03, 5.68564636e+02, 2.60286778e-01 ]
