%YAML:1.0
---
pose_0: !!opencv-matrix
   rows: 1
   cols: 25
   dt: "3f"
   data: [ 7.27517822e+02, 5.53768250e+02, 6.13645673e-01,
       8.15836792e+02, 4.74364655e+02, 3.68345141e-01, 8.15797607e+02,
       4.65518463e+02, 2.84714222e-01, 0., 0., 0., 0., 0., 0.,
       8.12905823e+02, 4.83190430e+02, 7.23804474e-01, 9.77676025e+02,
       4.94952301e+02, 7.92092741e-01, 1.12184045e+03, 6.03905396e+02,
       6.27966106e-01, 1.14251025e+03, 4.36111420e+02, 2.99056083e-01,
       1.12482043e+03, 4.50815460e+02, 1.49565309e-01, 1.37206067e+03,
       5.24451599e+02, 5.03612816e-01, 1.60164807e+03, 4.15502197e+02,
       2.35990286e-01, 1.16308813e+03, 4.27238861e+02, 2.68527031e-01,
       1.37210522e+03, 5.39141235e+02, 6.80109441e-01, 1.66054553e+03,
       4.12565948e+02, 4.58739698e-01, 7.15770874e+02, 5.50840271e+02,
       5.78836277e-02, 7.15728699e+02, 5.36158203e+02, 5.70661962e-01,
       0., 0., 0., 7.27489136e+02, 4.92046539e+02, 5.09588301e-01,
       1.73105847e+03, 3.56590485e+02, 4.38084215e-01, 1.72820459e+03,
       3.56650391e+02, 3.90276879e-01, 1.70759094e+03, 4.33137817e+02,
       1.54492736e-01, 0., 0., 0., 0., 0., 0., 0., 0., 0. ]
