%YAML:1.0
---
pose_0: !!opencv-matrix
   rows: 2
   cols: 25
   dt: "3f"
   data: [ 0., 0., 0., 0., 0., 0., 0., 0., 0., 0., 0., 0., 0., 0., 0.,
       6.89256348e+02, 5.68562683e+02, 1.10768996e-01, 5.86217285e+02,
       6.92069641e+02, 3.95115674e-01, 3.44863220e+02, 6.36202698e+02,
       6.76644325e-01, 0., 0., 0., 0., 0., 0., 0., 0., 0., 0., 0., 0.,
       0., 0., 0., 0., 0., 0., 0., 0., 0., 0., 0., 0., 0., 0., 0., 0.,
       0., 0., 0., 0., 0., 0., 0., 0., 0., 0., 0., 0., 0., 0., 0., 0.,
       0., 0., 0., 0., 0., 0., 0., 0., 0., 0., 6.89233276e+02,
       5.00872253e+02, 1.04073808e-01, 0., 0., 0., 0., 0., 0., 0., 0.,
       0., 0., 0., 0., 0., 0., 0., 0., 0., 0., 1.00709039e+03,
       5.42090820e+02, 3.49898994e-01, 9.95312012e+02, 6.18547546e+02,
       3.01902086e-01, 1.35146252e+03, 6.33304443e+02, 3.28406006e-01,
       1.77232410e+03, 6.65680115e+02, 3.83730114e-01, 1.02767737e+03,
       4.74326233e+02, 3.50079089e-01, 1.34262671e+03, 4.83215973e+02,
       3.21862519e-01, 1.72820288e+03, 4.83279297e+02, 4.39585477e-01,
       0., 0., 0., 0., 0., 0., 0., 0., 0., 0., 0., 0., 1.85187781e+03,
       4.56633301e+02, 2.22700998e-01, 1.85476196e+03, 4.56685089e+02,
       2.40125477e-01, 1.74878955e+03, 5.09711121e+02, 1.98788315e-01,
       0., 0., 0., 0., 0., 0., 1.79001099e+03, 6.65617126e+02,
       2.53185332e-01 ]
