%YAML:1.0
---
pose_0: !!opencv-matrix
   rows: 1
   cols: 25
   dt: "3f"
   data: [ 7.56949036e+02, 3.97816895e+02, 8.31725359e-01,
       8.59931763e+02, 3.86067596e+02, 7.83894300e-01, 8.53950500e+02,
       4.53803986e+02, 6.52072489e-01, 9.80626831e+02, 4.83190948e+02,
       6.01112187e-01, 1.08069885e+03, 5.65585632e+02, 7.73256242e-01,
       8.77586304e+02, 3.12397949e+02, 6.99599206e-01, 1.00125293e+03,
       2.86027740e+02, 8.17739725e-01, 1.06877502e+03, 2.47891113e+02,
       8.66275728e-01, 1.13947253e+03, 4.24369049e+02, 5.87025762e-01,
       1.12777136e+03, 4.71457977e+02, 5.90609193e-01, 1.34848804e+03,
       5.33241821e+02, 7.87661314e-01, 1.54283496e+03, 5.74303833e+02,
       6.47168696e-01, 1.14253491e+03, 3.68408173e+02, 5.28392076e-01,
       1.37203125e+03, 3.50702332e+02, 6.72937930e-01, 1.56636536e+03,
       3.06636719e+02, 6.36967421e-01, 7.39355957e+02, 4.12490906e+02,
       8.28005612e-01, 7.42320313e+02, 3.80189545e+02, 8.47881258e-01,
       7.59917603e+02, 4.33170959e+02, 2.36691743e-01, 7.68683044e+02,
       3.47766846e+02, 5.76463759e-01, 1.63994788e+03, 2.80065430e+02,
       4.98239428e-01, 1.63410803e+03, 2.74236328e+02, 5.28140843e-01,
       1.59866296e+03, 3.06613953e+02, 2.48853251e-01, 1.60458423e+03,
       6.18599915e+02, 5.05269766e-01, 1.60747827e+03, 6.12705322e+02,
       4.99020725e-01, 1.57511206e+03, 5.50923462e+02, 4.80957121e-01 ]
