%YAML:1.0
---
pose_0: !!opencv-matrix
   rows: 1
   cols: 25
   dt: "3f"
   data: [ 7.62724426e+02, 4.50754517e+02, 8.61927271e-01,
       8.59998108e+02, 4.83123871e+02, 7.62511253e-01, 8.60015076e+02,
       5.47998779e+02, 7.52044499e-01, 9.80587341e+02, 6.24378357e+02,
       8.55682909e-01, 8.98172485e+02, 6.45186096e+02, 8.33787441e-01,
       8.51128296e+02, 4.12592834e+02, 7.41709888e-01, 9.54072083e+02,
       4.36212952e+02, 8.96608949e-01, 8.39395874e+02, 5.27389832e+02,
       8.19777727e-01, 1.11303894e+03, 4.59727722e+02, 5.58972418e-01,
       1.11596570e+03, 5.06740509e+02, 5.87965608e-01, 1.32205139e+03,
       5.03638550e+02, 7.01646328e-01, 1.56035840e+03, 5.03874146e+02,
       6.27447963e-01, 1.11305994e+03, 4.09556458e+02, 5.82745314e-01,
       1.34262964e+03, 2.94869720e+02, 6.76892161e-01, 1.51914551e+03,
       2.21112457e+02, 6.26122057e-01, 7.42342773e+02, 4.59650909e+02,
       8.87507558e-01, 7.51070435e+02, 4.32992310e+02, 8.41572106e-01,
       7.62909363e+02, 4.86145630e+02, 7.41691649e-01, 7.71678650e+02,
       4.12461578e+02, 5.99878550e-01, 1.58988379e+03, 1.53469543e+02,
       3.17316413e-01, 1.58990198e+03, 1.53622772e+02, 2.81955153e-01,
       1.54273596e+03, 2.15348511e+02, 3.31747472e-01, 1.62518054e+03,
       5.00798340e+02, 3.87409627e-01, 1.61635962e+03, 5.09676758e+02,
       3.65240842e-01, 1.58687280e+03, 4.94947937e+02, 3.25539798e-01 ]
