%YAML:1.0
---
pose_0: !!opencv-matrix
   rows: 1
   cols: 25
   dt: "3f"
   data: [ 6.80447449e+02, 3.86156982e+02, 6.99869752e-01,
       7.86303223e+02, 3.88948517e+02, 3.34152520e-01, 8.24629639e+02,
       4.80284119e+02, 1.74575940e-01, 9.45245422e+02, 5.27222900e+02,
       3.39996219e-01, 1.09241931e+03, 5.59680298e+02, 4.34102833e-01,
       7.65720093e+02, 4.09635345e+02, 7.26838782e-02, 0., 0., 0., 0.,
       0., 0., 1.11592566e+03, 3.77261841e+02, 4.50176120e-01,
       1.11303040e+03, 4.33143860e+02, 4.64519322e-01, 1.33093201e+03,
       4.27214935e+02, 5.71031570e-01, 1.63989294e+03, 4.30199097e+02,
       5.81473947e-01, 1.11303687e+03, 3.18301300e+02, 4.53790277e-01,
       1.35434363e+03, 3.18304260e+02, 6.37771010e-01, 1.54572253e+03,
       3.15310150e+02, 5.30029058e-01, 6.65720703e+02, 4.00809601e+02,
       5.51008165e-01, 6.68640869e+02, 3.77227173e+02, 6.20412111e-01,
       6.83355347e+02, 4.30229675e+02, 3.75827610e-01, 6.89147339e+02,
       3.62532959e+02, 1.25765741e-01, 1.63393091e+03, 2.74228821e+02,
       4.67644215e-01, 1.63098376e+03, 2.71342529e+02, 4.88309801e-01,
       1.56927100e+03, 3.12497925e+02, 2.29426712e-01, 1.75174255e+03,
       4.41971527e+02, 1.99440494e-01, 0., 0., 0., 1.66347302e+03,
       4.12614166e+02, 3.66766036e-01 ]
