%YAML:1.0
---
pose_0: !!opencv-matrix
   rows: 1
   cols: 25
   dt: "3f"
   data: [ 7.86449829e+02, 3.62530823e+02, 4.59342211e-01,
       8.36365906e+02, 3.62432129e+02, 2.89994001e-01, 8.71690369e+02,
       4.06691132e+02, 2.85543650e-01, 8.89332825e+02, 4.09655762e+02,
       3.84697407e-01, 8.86399658e+02, 2.94874695e+02, 6.14393532e-01,
       8.01100281e+02, 3.12452942e+02, 2.95136869e-01, 7.56928467e+02,
       3.27197723e+02, 6.63024306e-01, 6.62757202e+02, 4.15588501e+02,
       7.74393082e-01, 1.16008691e+03, 3.77240875e+02, 4.03478384e-01,
       1.15718811e+03, 4.24344208e+02, 4.48033512e-01, 1.37498633e+03,
       4.56630157e+02, 5.15304267e-01, 1.54862268e+03, 4.53761230e+02,
       5.81831515e-01, 1.16600085e+03, 3.24222961e+02, 4.03898954e-01,
       1.36031372e+03, 3.06593719e+02, 5.39497852e-01, 1.56634937e+03,
       2.80141937e+02, 5.57254136e-01, 7.80440308e+02, 3.65585602e+02,
       3.46505940e-01, 7.86255249e+02, 3.56614441e+02, 2.78576612e-01,
       7.89280029e+02, 3.86136108e+02, 9.93636698e-02, 0., 0., 0.,
       1.63703333e+03, 2.65340729e+02, 4.28242356e-01, 1.63405566e+03,
       2.56599030e+02, 4.68681008e-01, 1.60161145e+03, 2.83048828e+02,
       2.51091421e-01, 1.61045044e+03, 4.44925446e+02, 2.89915174e-01,
       0., 0., 0., 1.58102747e+03, 4.39003784e+02, 3.75502884e-01 ]
