%YAML:1.0
---
pose_0: !!opencv-matrix
   rows: 1
   cols: 25
   dt: "3f"
   data: [ 6.86211121e+02, 4.53742188e+02, 7.57189810e-01,
       8.12799011e+02, 4.71389923e+02, 6.16636515e-01, 8.27539185e+02,
       5.74509521e+02, 5.96897364e-01, 9.77604065e+02, 6.12669189e+02,
       7.31425524e-01, 1.10126086e+03, 6.44992065e+02, 8.26814473e-01,
       8.12911743e+02, 3.71368927e+02, 6.73123658e-01, 7.95187317e+02,
       2.71370026e+02, 8.09830070e-01, 6.95098328e+02, 3.85913940e+02,
       8.63998055e-01, 1.08952661e+03, 4.83224335e+02, 4.46699411e-01,
       1.07485107e+03, 5.39126404e+02, 4.73774225e-01, 1.34553210e+03,
       5.71513184e+02, 5.19386292e-01, 1.54862170e+03, 5.71453857e+02,
       5.28865993e-01, 1.08361963e+03, 4.27218109e+02, 4.38847929e-01,
       1.35733679e+03, 4.44957581e+02, 5.33070683e-01, 1.61931812e+03,
       4.53770294e+02, 5.97597122e-01, 6.68659424e+02, 4.80158112e+02,
       8.48012209e-01, 6.68622620e+02, 4.36256042e+02, 7.69565463e-01,
       6.92260559e+02, 5.15598877e+02, 4.43844795e-01, 6.77446045e+02,
       4.21433380e+02, 2.66368508e-01, 1.71062756e+03, 4.06689087e+02,
       5.36696970e-01, 1.70758069e+03, 4.06670288e+02, 5.24977684e-01,
       1.63399524e+03, 4.71436096e+02, 3.23140651e-01, 1.61341675e+03,
       5.65583618e+02, 2.27691069e-01, 1.60458752e+03, 5.77438293e+02,
       2.28988558e-01, 1.59282874e+03, 5.68577637e+02, 2.87311554e-01 ]
