%YAML:1.0
---
pose_0: !!opencv-matrix
   rows: 1
   cols: 25
   dt: "3f"
   data: [ 5.15625854e+02, 5.42020935e+02, 7.62203932e-01,
       6.44960449e+02, 5.74465820e+02, 6.30026042e-01, 6.27491821e+02,
       6.33307617e+02, 4.65211034e-01, 7.18740906e+02, 7.15618591e+02,
       7.28448868e-01, 5.03888123e+02, 6.48168640e+02, 8.04873466e-01,
       6.68584534e+02, 4.95005066e+02, 3.80079329e-01, 7.65716370e+02,
       4.00820435e+02, 5.99010527e-01, 5.36143738e+02, 4.21384399e+02,
       6.92545414e-01, 1.04834558e+03, 5.53894104e+02, 4.53050733e-01,
       1.03948279e+03, 6.27451355e+02, 3.91504318e-01, 1.34852686e+03,
       6.68664429e+02, 2.29292572e-01, 1.75167249e+03, 6.71550354e+02,
       2.63674825e-01, 1.06008862e+03, 4.83154724e+02, 4.46572602e-01,
       1.33969080e+03, 4.86144440e+02, 4.37873214e-01, 1.67518457e+03,
       4.80276001e+02, 1.41062930e-01, 5.00805328e+02, 5.59764160e+02,
       7.83785760e-01, 5.06870544e+02, 5.21387512e+02, 8.29402864e-01,
       5.09684052e+02, 5.98089905e+02, 4.17316586e-01, 5.50788757e+02,
       5.03771545e+02, 4.11323428e-01, 1.85765881e+03, 4.83199799e+02,
       1.08890824e-01, 1.86059546e+03, 4.77299194e+02, 1.41108602e-01,
       1.67524475e+03, 4.80254761e+02, 8.32889900e-02, 1.82232361e+03,
       6.74483154e+02, 6.53659627e-02, 0., 0., 0., 1.75764771e+03,
       6.68643677e+02, 1.17274828e-01 ]
