%YAML:1.0
---
pose_0: !!opencv-matrix
   rows: 1
   cols: 25
   dt: "3f"
   data: [ 7.39283813e+02, 4.33038239e+02, 8.86600733e-01,
       8.62919373e+02, 4.33218842e+02, 6.97448254e-01, 8.74667969e+02,
       5.06845978e+02, 6.75952733e-01, 9.95317993e+02, 5.59762329e+02,
       7.51193821e-01, 1.07483313e+03, 6.33349976e+02, 7.68549919e-01,
       8.59984741e+02, 3.59561707e+02, 4.96608019e-01, 9.98258728e+02,
       3.33092957e+02, 3.82652819e-01, 1.06587683e+03, 3.21338409e+02,
       4.64517057e-01, 1.13369299e+03, 4.56587219e+02, 5.82294524e-01,
       1.12481873e+03, 5.03724304e+02, 5.83414972e-01, 1.32780579e+03,
       5.30442627e+02, 7.43998945e-01, 1.54866895e+03, 5.80270081e+02,
       6.39556348e-01, 1.13960449e+03, 4.00799316e+02, 5.88132560e-01,
       1.36910669e+03, 3.56618866e+02, 6.16339922e-01, 1.56040979e+03,
       3.09506348e+02, 6.08092427e-01, 7.24509094e+02, 4.44970947e+02,
       7.73314595e-01, 7.30381653e+02, 4.12465576e+02, 8.59795690e-01,
       7.39369690e+02, 4.65582428e+02, 3.79551262e-01, 7.59826538e+02,
       3.86125580e+02, 5.47010601e-01, 1.63697314e+03, 2.74213348e+02,
       4.88601625e-01, 1.63398181e+03, 2.71295990e+02, 4.85227495e-01,
       1.56928284e+03, 2.91915222e+02, 2.84790218e-01, 1.60747668e+03,
       5.65593323e+02, 3.36947292e-01, 1.61047595e+03, 5.95000061e+02,
       3.67937982e-01, 1.58101062e+03, 5.71502563e+02, 3.55423540e-01 ]
