%YAML:1.0
---
pose_0: !!opencv-matrix
   rows: 1
   cols: 25
   dt: "3f"
   data: [ 7.30413452e+02, 4.71369812e+02, 7.65813708e-01,
       8.51130676e+02, 4.74313477e+02, 6.60578549e-01, 8.62913635e+02,
       5.53896118e+02, 5.38557112e-01, 9.83548584e+02, 6.36192505e+02,
       7.69754827e-01, 8.95250793e+02, 5.92036255e+02, 6.99413478e-01,
       8.42316406e+02, 3.89009369e+02, 6.85833335e-01, 9.54215576e+02,
       3.41924408e+02, 8.02602708e-01, 1.04531470e+03, 3.38836090e+02,
       8.52669954e-01, 1.12191846e+03, 4.92003998e+02, 4.61529732e-01,
       1.11891504e+03, 5.42101013e+02, 4.71383661e-01, 1.21307947e+03,
       5.77319031e+02, 1.07071914e-01, 0., 0., 0., 1.11898096e+03,
       4.33186005e+02, 4.42898810e-01, 1.33386975e+03, 4.68440979e+02,
       6.14920855e-01, 1.56337842e+03, 4.68466766e+02, 3.61452609e-01,
       7.15663208e+02, 4.86162231e+02, 6.87455058e-01, 7.15795044e+02,
       4.53787537e+02, 8.63548279e-01, 7.36349060e+02, 5.06784454e+02,
       2.21449614e-01, 7.42315979e+02, 4.21422333e+02, 5.21560848e-01,
       1.63702869e+03, 4.18444458e+02, 4.42746013e-01, 1.63408508e+03,
       4.18439484e+02, 4.48271751e-01, 1.61042944e+03, 4.86154144e+02,
       1.59903392e-01, 0., 0., 0., 0., 0., 0., 0., 0., 0. ]
