%YAML:1.0
---
pose_0: !!opencv-matrix
   rows: 1
   cols: 25
   dt: "3f"
   data: [ 6.68527588e+02, 4.59744202e+02, 8.78630579e-01,
       7.98141418e+02, 5.06718323e+02, 6.56088769e-01, 8.09767822e+02,
       5.94967468e+02, 6.69376075e-01, 9.42311157e+02, 6.44938782e+02,
       8.12834144e-01, 1.03354419e+03, 7.15843872e+02, 8.41500938e-01,
       7.89297546e+02, 4.33157471e+02, 4.28322554e-01, 8.80581726e+02,
       4.24297241e+02, 7.55240768e-02, 0., 0., 0., 1.10423328e+03,
       4.80196655e+02, 5.04481971e-01, 1.09835583e+03, 5.27422852e+02,
       5.36331832e-01, 1.32198596e+03, 5.56763672e+02, 4.78820384e-01,
       1.53688916e+03, 5.68523682e+02, 4.66870964e-01, 1.10124634e+03,
       4.12655060e+02, 4.81772184e-01, 1.35140930e+03, 4.39075287e+02,
       6.10253334e-01, 1.63697998e+03, 4.56678925e+02, 5.04113317e-01,
       6.47923340e+02, 4.80164185e+02, 8.61840010e-01, 6.56865417e+02,
       4.39042450e+02, 8.10952425e-01, 6.68547119e+02, 5.06772736e+02,
       5.68894744e-01, 6.89163513e+02, 4.18471497e+02, 5.17266333e-01,
       1.72528687e+03, 4.09700165e+02, 5.28469205e-01, 1.71937878e+03,
       4.09686279e+02, 5.44369817e-01, 1.64284583e+03, 4.65578430e+02,
       2.05120340e-01, 1.49860132e+03, 6.42060913e+02, 1.50701717e-01,
       1.49556140e+03, 6.24420166e+02, 1.62309557e-01, 1.57223657e+03,
       5.53801270e+02, 3.08151156e-01 ]
