%YAML:1.0
---
pose_0: !!opencv-matrix
   rows: 1
   cols: 25
   dt: "3f"
   data: [ 6.89247253e+02, 5.09654633e+02, 8.39942396e-01,
       8.10003540e+02, 5.30284912e+02, 7.54624486e-01, 8.01079468e+02,
       6.18627441e+02, 6.78369403e-01, 8.80509827e+02, 7.12791016e+02,
       7.30345309e-01, 9.15817871e+02, 6.92214294e+02, 3.96490544e-01,
       8.24628418e+02, 4.53704285e+02, 5.83088875e-01, 9.62956848e+02,
       4.56676758e+02, 3.42036963e-01, 0., 0., 0., 1.09837634e+03,
       5.30215393e+02, 5.14676630e-01, 1.09837146e+03, 5.77407471e+02,
       5.67364752e-01, 1.32494751e+03, 5.74467712e+02, 7.79023886e-01,
       1.60161694e+03, 6.01055969e+02, 5.41947365e-01, 1.09831653e+03,
       4.74337006e+02, 5.07127225e-01, 1.35138855e+03, 4.56760742e+02,
       6.69372976e-01, 1.53689331e+03, 4.77363464e+02, 5.10944903e-01,
       6.68695557e+02, 5.30163635e+02, 8.54694426e-01, 6.74456482e+02,
       4.89130157e+02, 8.14684391e-01, 6.92002502e+02, 5.53803284e+02,
       5.28081417e-01, 7.06837158e+02, 4.65560730e+02, 5.38847446e-01,
       1.62517029e+03, 4.50778625e+02, 5.38306355e-01, 1.61638440e+03,
       4.47876251e+02, 5.93297124e-01, 1.55747949e+03, 4.89073517e+02,
       2.62080997e-01, 1.70162952e+03, 5.80410706e+02, 2.95505226e-01,
       1.68699060e+03, 6.00875854e+02, 2.52688438e-01, 1.63108032e+03,
       5.97999817e+02, 2.92168677e-01 ]
