%YAML:1.0
---
pose_0: !!opencv-matrix
   rows: 1
   cols: 25
   dt: "3f"
   data: [ 7.68766296e+02, 4.03685760e+02, 2.49306023e-01,
       8.51063538e+02, 4.56635101e+02, 4.35088515e-01, 8.57063599e+02,
       4.83308350e+02, 6.78308010e-01, 9.71764893e+02, 5.56778564e+02,
       7.91773319e-01, 1.12776636e+03, 5.74297607e+02, 7.26112247e-01,
       8.54033325e+02, 4.18469818e+02, 1.97391301e-01, 1.05123669e+03,
       4.12615448e+02, 2.98040986e-01, 1.13940479e+03, 3.42008545e+02,
       4.63787317e-01, 1.14834863e+03, 4.59695709e+02, 3.38281810e-01,
       1.15716125e+03, 4.92011414e+02, 3.43776673e-01, 1.36908044e+03,
       4.09644043e+02, 7.67255247e-01, 1.55156409e+03, 5.27304321e+02,
       4.61950243e-01, 1.14250977e+03, 4.12645813e+02, 2.90483475e-01,
       1.36910876e+03, 4.12524353e+02, 2.96770960e-01, 1.53390759e+03,
       5.24420654e+02, 3.34482163e-01, 7.71649475e+02, 4.09535736e+02,
       1.44655347e-01, 7.71611572e+02, 4.00792847e+02, 7.45096877e-02,
       7.89262695e+02, 4.15514221e+02, 1.63080096e-01, 0., 0., 0.,
       1.61338293e+03, 5.33296814e+02, 1.32298574e-01, 0., 0., 0.,
       1.52807813e+03, 5.53814636e+02, 1.78985432e-01, 1.62808093e+03,
       5.30294678e+02, 6.43469930e-01, 1.61337842e+03, 5.47856140e+02,
       5.83326519e-01, 1.56042883e+03, 5.53812744e+02, 2.44363874e-01 ]
