%YAML:1.0
---
pose_0: !!opencv-matrix
   rows: 1
   cols: 25
   dt: "3f"
   data: [ 6.65711792e+02, 4.86155548e+02, 8.29601884e-01,
       7.80421631e+02, 4.80119080e+02, 5.24098277e-01, 7.98124634e+02,
       5.50894409e+02, 2.79806614e-01, 9.48173523e+02, 5.92072815e+02,
       1.81432664e-01, 1.06302307e+03, 6.45023438e+02, 1.24770068e-01,
       7.86247253e+02, 4.00808258e+02, 6.12226725e-01, 9.51066650e+02,
       3.85958435e+02, 7.41185009e-01, 1.07178296e+03, 3.88999695e+02,
       8.22926283e-01, 1.08365417e+03, 5.15586853e+02, 5.22292137e-01,
       1.07190637e+03, 5.65643433e+02, 5.65600693e-01, 1.28371973e+03,
       6.33293396e+02, 6.55533731e-01, 1.55161438e+03, 6.68613342e+02,
       5.10705292e-01, 1.08951978e+03, 4.59620300e+02, 5.07925153e-01,
       1.32499854e+03, 4.80137817e+02, 6.71289682e-01, 1.58979309e+03,
       4.86141663e+02, 5.73454976e-01, 6.45052063e+02, 5.03762421e+02,
       8.16469431e-01, 6.48152710e+02, 4.59786865e+02, 8.13141167e-01,
       6.65640015e+02, 5.15567810e+02, 1.05840780e-01, 6.74481140e+02,
       4.30121216e+02, 5.62672138e-01, 1.68112244e+03, 4.62638184e+02,
       4.21636552e-01, 1.67811145e+03, 4.59706482e+02, 4.06786561e-01,
       1.61340149e+03, 5.00889374e+02, 2.40142047e-01, 1.63693872e+03,
       6.24611450e+02, 1.37487337e-01, 1.63097668e+03, 6.36270569e+02,
       7.91687518e-02, 1.58693372e+03, 6.62734802e+02, 3.34197491e-01 ]
