%YAML:1.0
---
pose_0: !!opencv-matrix
   rows: 1
   cols: 25
   dt: "3f"
   data: [ 7.45172668e+02, 4.12682251e+02, 8.38469326e-01,
       8.15798340e+02, 4.09600769e+02, 7.87101507e-01, 8.15853333e+02,
       4.50847931e+02, 6.36368036e-01, 8.86503479e+02, 5.27369629e+02,
       8.38426352e-01, 7.65729553e+02, 4.80243622e+02, 8.08210790e-01,
       8.12802612e+02, 3.56669037e+02, 6.18052065e-01, 8.95277283e+02,
       3.21302307e+02, 7.75895596e-01, 7.48048462e+02, 3.68403992e+02,
       7.84328699e-01, 1.11306714e+03, 4.42004333e+02, 5.69733858e-01,
       1.10719348e+03, 4.89057129e+02, 5.68649769e-01, 1.31904028e+03,
       5.03715179e+02, 6.72493100e-01, 1.54284338e+03, 5.15535095e+02,
       6.05072498e-01, 1.11605798e+03, 3.89109528e+02, 5.63263178e-01,
       1.34555444e+03, 3.89078400e+02, 5.61762929e-01, 1.54867456e+03,
       3.89022980e+02, 7.02184796e-01, 7.36323608e+02, 4.30185486e+02,
       7.84180582e-01, 7.39244629e+02, 3.97896179e+02, 7.76618540e-01,
       7.45210083e+02, 4.50788727e+02, 3.34715426e-01, 7.45208862e+02,
       3.77263092e+02, 5.43902397e-01, 1.61927588e+03, 3.59544769e+02,
       4.86888081e-01, 1.61054443e+03, 3.56634613e+02, 5.14767587e-01,
       1.56929639e+03, 3.97856567e+02, 3.24655622e-01, 1.61343091e+03,
       4.83258942e+02, 5.59289336e-01, 1.61039661e+03, 4.97895172e+02,
       4.34826404e-01, 1.56638220e+03, 5.09740417e+02, 2.64760464e-01 ]
