%YAML:1.0
---
pose_0: !!opencv-matrix
   rows: 1
   cols: 25
   dt: "3f"
   data: [ 7.48114197e+02, 3.38952759e+02, 8.45397890e-01,
       8.74601379e+02, 3.33062378e+02, 6.60451949e-01, 8.57032166e+02,
       3.97852844e+02, 6.15088165e-01, 9.51194824e+02, 4.47846161e+02,
       4.07527655e-01, 1.02181409e+03, 4.62594452e+02, 5.91590524e-01,
       8.95243958e+02, 2.50686569e+02, 6.44372046e-01, 1.02768042e+03,
       2.24282730e+02, 8.34449708e-01, 1.11591333e+03, 1.32964417e+02,
       8.14733565e-01, 1.13959326e+03, 3.65471283e+02, 6.30707204e-01,
       1.13069690e+03, 4.12574066e+02, 6.02850795e-01, 1.35729834e+03,
       4.39011292e+02, 6.37693167e-01, 1.53684387e+03, 4.56678131e+02,
       6.34213686e-01, 1.14545337e+03, 3.15436584e+02, 5.68260908e-01,
       1.35737292e+03, 3.06613281e+02, 5.08178413e-01, 1.56340625e+03,
       2.91855621e+02, 5.96024871e-01, 7.39228271e+02, 3.56611877e+02,
       7.88778901e-01, 7.39176758e+02, 3.18388153e+02, 8.58969331e-01,
       7.59751404e+02, 3.77231567e+02, 3.03655416e-01, 7.62706116e+02,
       2.94770660e+02, 5.30032873e-01, 1.63697192e+03, 2.80101654e+02,
       3.82871300e-01, 1.63391101e+03, 2.71290527e+02, 4.42122877e-01,
       1.58692798e+03, 2.80130615e+02, 2.58217245e-01, 1.60459204e+03,
       4.56745758e+02, 5.04476905e-01, 1.58989783e+03, 4.68492096e+02,
       4.37775970e-01, 1.56329163e+03, 4.39079590e+02, 2.95267999e-01 ]
