%YAML:1.0
---
pose_0: !!opencv-matrix
   rows: 1
   cols: 25
   dt: "3f"
   data: [ 6.09786255e+02, 5.03811859e+02, 6.94450498e-01,
       7.59825806e+02, 4.62661011e+02, 6.24319792e-01, 7.42279541e+02,
       5.77431213e+02, 5.21806300e-01, 9.06982910e+02, 6.62702698e+02,
       7.53144622e-01, 1.07186658e+03, 7.33412598e+02, 8.17821980e-01,
       7.77552673e+02, 3.50738617e+02, 5.41743040e-01, 9.74804443e+02,
       3.65383636e+02, 7.94103563e-01, 1.16004980e+03, 3.71395630e+02,
       7.43268967e-01, 1.07484302e+03, 5.47894226e+02, 5.08922756e-01,
       1.05709058e+03, 6.12698242e+02, 5.06300032e-01, 1.16308008e+03,
       6.74562256e+02, 1.27188072e-01, 0., 0., 0., 1.09539343e+03,
       4.77349152e+02, 5.02385259e-01, 1.32786267e+03, 4.80280182e+02,
       5.20161569e-01, 1.72225488e+03, 4.36075928e+02, 3.52565765e-01,
       5.94940918e+02, 5.21493286e+02, 5.85871756e-01, 5.89133545e+02,
       4.80295990e+02, 6.59242511e-01, 6.03902466e+02, 5.44984802e+02,
       1.46889850e-01, 6.21470093e+02, 4.33183044e+02, 4.55553770e-01,
       1.78707007e+03, 3.86138916e+02, 9.87774581e-02, 1.78414795e+03,
       3.89111511e+02, 1.08496808e-01, 1.73111218e+03, 4.41969177e+02,
       1.85059682e-01, 0., 0., 0., 0., 0., 0., 0., 0., 0. ]
