%YAML:1.0
---
pose_0: !!opencv-matrix
   rows: 1
   cols: 25
   dt: "3f"
   data: [ 7.74596497e+02, 5.30224365e+02, 8.28875244e-01,
       8.36428833e+02, 4.86207642e+02, 6.62655771e-01, 8.33400208e+02,
       5.39102356e+02, 3.89068425e-01, 0., 0., 0., 0., 0., 0.,
       8.48112244e+02, 4.36145294e+02, 7.33296156e-01, 9.36507385e+02,
       4.36101440e+02, 7.60079265e-01, 1.06598828e+03, 4.33244873e+02,
       8.35715175e-01, 1.13067224e+03, 5.39096252e+02, 4.62929785e-01,
       1.12775415e+03, 5.92080505e+02, 4.91565347e-01, 1.33077112e+03,
       6.00927246e+02, 8.30863595e-01, 1.54870703e+03, 6.56868469e+02,
       6.45408630e-01, 1.12778149e+03, 4.89054596e+02, 4.35791314e-01,
       1.36319177e+03, 4.68510406e+02, 5.65829277e-01, 1.57223804e+03,
       4.33228119e+02, 6.76921606e-01, 7.62678772e+02, 5.36227844e+02,
       7.30334044e-01, 7.62826660e+02, 5.09689301e+02, 7.85053015e-01,
       0., 0., 0., 7.65797302e+02, 4.77272308e+02, 5.92618525e-01,
       1.64280627e+03, 4.44896210e+02, 1.92088678e-01, 1.63696594e+03,
       4.27227509e+02, 2.57998496e-01, 1.60159131e+03, 4.12645081e+02,
       3.38651299e-01, 1.62812927e+03, 6.71641113e+02, 4.71867383e-01,
       1.61350549e+03, 6.83308899e+02, 4.86492872e-01, 1.57812183e+03,
       6.45106445e+02, 3.61310035e-01 ]
