%YAML:1.0
---
pose_0: !!opencv-matrix
   rows: 1
   cols: 25
   dt: "3f"
   data: [ 7.86208923e+02, 5.56801392e+02, 8.24691355e-01,
       8.59869385e+02, 5.06857635e+02, 6.40611947e-01, 8.56970825e+02,
       5.56738953e+02, 4.19343770e-01, 0., 0., 0., 0., 0., 0.,
       8.62969238e+02, 4.62584198e+02, 6.95613503e-01, 9.89451172e+02,
       4.44965881e+02, 7.00243115e-01, 1.11013757e+03, 4.15469421e+02,
       7.67664015e-01, 1.09536792e+03, 5.53805664e+02, 5.31519175e-01,
       1.09533069e+03, 5.97924561e+02, 5.08408010e-01, 1.21013245e+03,
       5.45019775e+02, 7.19584376e-02, 0., 0., 0., 1.09547705e+03,
       5.09764221e+02, 4.93895233e-01, 1.36614453e+03, 5.12673523e+02,
       4.69078988e-01, 1.57218982e+03, 4.39011749e+02, 4.92424279e-01,
       7.65766296e+02, 5.71433838e+02, 7.49372661e-01, 7.65750305e+02,
       5.42055786e+02, 7.68321872e-01, 0., 0., 0., 7.71623718e+02,
       5.03772583e+02, 6.42548919e-01, 1.64286633e+03, 4.30248230e+02,
       2.59272337e-01, 1.63698755e+03, 4.21418304e+02, 3.02677602e-01,
       1.59277820e+03, 4.18462555e+02, 2.49356419e-01, 0., 0., 0., 0.,
       0., 0., 0., 0., 0. ]
