%YAML:1.0
---
pose_0: !!opencv-matrix
   rows: 1
   cols: 25
   dt: "3f"
   data: [ 8.12906006e+02, 4.41961182e+02, 7.30405986e-01,
       8.80572876e+02, 3.59539215e+02, 4.14170176e-01, 9.51173706e+02,
       4.18450958e+02, 2.65668154e-01, 1.06301978e+03, 4.59579834e+02,
       7.76837528e-01, 1.14260388e+03, 5.27254333e+02, 7.74744511e-01,
       8.62968689e+02, 3.59500305e+02, 6.50792301e-01, 8.98210083e+02,
       4.86086823e+02, 7.67685652e-01, 8.86389954e+02, 6.21401672e+02,
       7.25229263e-01, 1.16303455e+03, 3.77236816e+02, 5.79872131e-01,
       1.15721558e+03, 4.18445770e+02, 6.23568892e-01, 1.32786047e+03,
       5.53755310e+02, 8.31492722e-01, 1.51917200e+03, 5.77348450e+02,
       6.44793212e-01, 1.16602039e+03, 3.33019440e+02, 5.68862736e-01,
       1.40444299e+03, 2.88901459e+02, 6.10804975e-01, 1.54275806e+03,
       1.62412323e+02, 4.99380559e-01, 0., 0., 0., 8.01061340e+02,
       4.33135529e+02, 7.54152298e-01, 0., 0., 0., 8.01083069e+02,
       3.85992432e+02, 6.26789093e-01, 1.60751709e+03, 1.06430595e+02,
       2.54443616e-01, 1.60166077e+03, 1.06425575e+02, 2.56769717e-01,
       0., 0., 0., 1.49270862e+03, 6.59819275e+02, 6.37209058e-01,
       1.48679749e+03, 6.48117981e+02, 5.48599601e-01, 1.55455188e+03,
       5.65573486e+02, 4.45852548e-01 ]
