%YAML:1.0
---
pose_0: !!opencv-matrix
   rows: 1
   cols: 25
   dt: "3f"
   data: [ 7.33343750e+02, 4.83184174e+02, 8.70892763e-01,
       8.59849731e+02, 5.00877472e+02, 7.25239933e-01, 8.56982849e+02,
       5.74423523e+02, 7.59622574e-01, 9.33467590e+02, 6.65730652e+02,
       6.35785341e-01, 9.54115601e+02, 6.59808899e+02, 5.79312444e-01,
       8.57060547e+02, 4.33118958e+02, 5.24658859e-01, 1.03951587e+03,
       3.88923737e+02, 7.97335505e-01, 9.80700439e+02, 3.88986298e+02,
       8.17721963e-01, 1.13657312e+03, 4.94921448e+02, 5.62338173e-01,
       1.12487268e+03, 5.39162903e+02, 5.89299917e-01, 1.30739844e+03,
       5.97804138e+02, 6.98332429e-01, 1.56343030e+03, 6.09737305e+02,
       5.77487588e-01, 1.13663562e+03, 4.36184998e+02, 5.74743986e-01,
       1.35140503e+03, 4.53770294e+02, 5.87559819e-01, 1.56335181e+03,
       4.71459198e+02, 5.82487047e-01, 7.18599854e+02, 5.03659271e+02,
       7.95773506e-01, 7.18686035e+02, 4.62685059e+02, 8.12813759e-01,
       7.39206116e+02, 5.24317749e+02, 3.27884912e-01, 7.45157837e+02,
       4.39080597e+02, 5.69257021e-01, 1.63399133e+03, 4.36097107e+02,
       4.88766372e-01, 1.62812549e+03, 4.36088074e+02, 5.12874424e-01,
       1.59574011e+03, 4.80173340e+02, 3.19759905e-01, 1.64870374e+03,
       5.74384766e+02, 3.17226529e-01, 1.64577649e+03, 5.95011963e+02,
       2.44940907e-01, 1.58988440e+03, 6.00919250e+02, 2.75315225e-01 ]
