%YAML:1.0
---
pose_0: !!opencv-matrix
   rows: 1
   cols: 25
   dt: "3f"
   data: [ 7.24592285e+02, 4.97871613e+02, 6.58659935e-01,
       7.95133789e+02, 4.33074768e+02, 4.98286903e-01, 7.89286438e+02,
       4.24339447e+02, 3.34559917e-01, 0., 0., 0., 0., 0., 0.,
       8.03992004e+02, 4.33201630e+02, 7.43383229e-01, 9.51275391e+02,
       4.56769073e+02, 8.04940820e-01, 9.77647705e+02, 5.77336853e+02,
       7.55191743e-01, 1.11600073e+03, 3.89067078e+02, 2.72659928e-01,
       1.10422559e+03, 3.80192383e+02, 1.90531284e-01, 1.33093433e+03,
       4.59540405e+02, 4.81942356e-01, 1.60160291e+03, 3.97872589e+02,
       3.26697141e-01, 1.13952246e+03, 3.97819458e+02, 3.18268418e-01,
       1.34265601e+03, 4.80186707e+02, 6.35823846e-01, 1.63099683e+03,
       4.00769531e+02, 4.23766702e-01, 7.12742615e+02, 4.94982910e+02,
       1.49777174e-01, 7.12813660e+02, 4.80350525e+02, 6.68688238e-01,
       0., 0., 0., 7.18635010e+02, 4.44938965e+02, 5.35498142e-01,
       1.70750110e+03, 3.59592255e+02, 2.23346621e-01, 1.70163672e+03,
       3.62434540e+02, 2.28757828e-01, 1.64874353e+03, 3.86064117e+02,
       1.91856474e-01, 0., 0., 0., 0., 0., 0., 0., 0., 0. ]
