%YAML:1.0
---
pose_0: !!opencv-matrix
   rows: 1
   cols: 25
   dt: "3f"
   data: [ 6.95249390e+02, 5.47831177e+02, 7.34364808e-01,
       7.89388855e+02, 4.80241882e+02, 5.60018420e-01, 7.71601929e+02,
       4.62604248e+02, 2.63192803e-01, 0., 0., 0., 0., 0., 0.,
       8.18742310e+02, 4.86223633e+02, 6.03068769e-01, 9.68800171e+02,
       5.21483154e+02, 6.03142023e-01, 9.39412476e+02, 6.30369690e+02,
       4.59470928e-01, 1.10718323e+03, 4.36075409e+02, 3.14451903e-01,
       1.11010657e+03, 4.27281891e+02, 1.90571502e-01, 1.37196753e+03,
       5.15624023e+02, 5.96427262e-01, 1.58689941e+03, 4.30189758e+02,
       3.57890218e-01, 1.12185938e+03, 4.33126190e+02, 3.02808791e-01,
       1.36614331e+03, 5.36150269e+02, 5.69865584e-01, 1.65755225e+03,
       4.12642700e+02, 4.08726931e-01, 0., 0., 0., 6.89273743e+02,
       5.27364014e+02, 7.61996984e-01, 0., 0., 0., 7.15581482e+02,
       4.89047607e+02, 6.86666131e-01, 1.72809949e+03, 3.62566071e+02,
       3.67634535e-01, 1.72811353e+03, 3.65404999e+02, 3.23755533e-01,
       1.68991040e+03, 4.24315826e+02, 1.32595345e-01, 0., 0., 0., 0.,
       0., 0., 0., 0., 0. ]
