%YAML:1.0
---
pose_0: !!opencv-matrix
   rows: 1
   cols: 25
   dt: "3f"
   data: [ 6.24604248e+02, 4.80326569e+02, 8.41282070e-01,
       7.45208191e+02, 4.36059723e+02, 6.87531769e-01, 7.53982300e+02,
       5.15597107e+02, 5.48532605e-01, 9.18800659e+02, 5.77346558e+02,
       6.14031315e-01, 1.07176465e+03, 6.48047791e+02, 7.90291846e-01,
       7.48123779e+02, 3.56632050e+02, 5.12625873e-01, 9.27487854e+02,
       2.97722717e+02, 7.86022365e-01, 1.09235876e+03, 2.44656616e+02,
       8.35639060e-01, 1.08656458e+03, 4.83287292e+02, 5.33155978e-01,
       1.07180029e+03, 5.45044312e+02, 5.26033282e-01, 1.32779895e+03,
       5.53799438e+02, 7.56383359e-01, 1.64579175e+03, 6.00821533e+02,
       5.22272885e-01, 1.09246631e+03, 4.24278717e+02, 4.97177690e-01,
       1.33083289e+03, 4.33087341e+02, 5.09826124e-01, 1.64874866e+03,
       4.36102722e+02, 4.02796566e-01, 6.09803711e+02, 4.86225616e+02,
       6.43936992e-01, 6.12724182e+02, 4.56812164e+02, 7.64908135e-01,
       0., 0., 0., 6.27376465e+02, 4.09515350e+02, 6.14802718e-01,
       1.73701172e+03, 4.94983948e+02, 1.15208462e-01, 1.73702075e+03,
       4.80245544e+02, 1.18945926e-01, 1.70758118e+03, 4.68437347e+02,
       9.87304971e-02, 1.73121069e+03, 6.39170288e+02, 1.28243983e-01,
       1.72231274e+03, 6.39136475e+02, 1.29982620e-01, 1.68109680e+03,
       5.86233215e+02, 2.36060023e-01 ]
