%YAML:1.0
---
pose_0: !!opencv-matrix
   rows: 1
   cols: 25
   dt: "3f"
   data: [ 7.42253174e+02, 5.09631439e+02, 8.85390162e-01,
       8.62917480e+02, 5.30246765e+02, 7.89894760e-01, 8.57063049e+02,
       6.21398071e+02, 7.53602743e-01, 9.62910889e+02, 6.92252563e+02,
       7.98045754e-01, 1.00411139e+03, 6.68574646e+02, 8.13190699e-01,
       8.77582458e+02, 4.50839996e+02, 6.03943467e-01, 1.02478442e+03,
       4.09565430e+02, 8.28032851e-01, 9.77584229e+02, 4.18498352e+02,
       8.10420394e-01, 1.13663354e+03, 5.45020874e+02, 5.74006379e-01,
       1.13655908e+03, 5.94957214e+02, 5.74321210e-01, 1.32197437e+03,
       5.74442505e+02, 6.42000437e-01, 1.56628821e+03, 5.92024597e+02,
       5.76426744e-01, 1.13953174e+03, 4.86145966e+02, 5.56438029e-01,
       1.34260657e+03, 4.74301483e+02, 5.27288437e-01, 1.54277832e+03,
       5.00870087e+02, 4.09012735e-01, 7.30409729e+02, 5.27301697e+02,
       8.11461508e-01, 7.39133179e+02, 4.89119720e+02, 8.44084561e-01,
       7.42248047e+02, 5.50989380e+02, 6.25519156e-01, 7.65675598e+02,
       4.65517212e+02, 5.69053292e-01, 1.58989734e+03, 4.53682678e+02,
       2.39542559e-01, 1.58698694e+03, 4.53793823e+02, 2.80842841e-01,
       1.57808191e+03, 5.21469543e+02, 2.12484300e-01, 1.65764380e+03,
       5.89146118e+02, 5.31887114e-01, 1.64279822e+03, 6.03827515e+02,
       4.84875292e-01, 1.58688855e+03, 5.80304077e+02, 3.09706151e-01 ]
