%YAML:1.0
---
pose_0: !!opencv-matrix
   rows: 1
   cols: 25
   dt: "3f"
   data: [ 7.18557434e+02, 3.68361694e+02, 8.77505600e-01,
       8.33385254e+02, 3.62508911e+02, 5.88783860e-01, 8.59983826e+02,
       4.36197601e+02, 4.82078701e-01, 9.68790649e+02, 4.86222870e+02,
       6.06797159e-01, 9.45264954e+02, 4.59743073e+02, 2.84858733e-01,
       8.33488464e+02, 2.74317383e+02, 6.58447146e-01, 9.54254211e+02,
       2.71188141e+02, 8.40934694e-01, 8.56890747e+02, 3.83115814e+02,
       8.15523088e-01, 1.11887146e+03, 3.83136902e+02, 6.06822610e-01,
       1.10713745e+03, 4.33027557e+02, 5.97757757e-01, 1.30725562e+03,
       4.65545074e+02, 7.13109493e-01, 1.54568262e+03, 5.18549438e+02,
       5.11578441e-01, 1.12483765e+03, 3.24303101e+02, 5.24935663e-01,
       1.35436731e+03, 3.18304657e+02, 6.61748588e-01, 1.56931641e+03,
       3.15290222e+02, 6.34252310e-01, 7.06895447e+02, 3.83168457e+02,
       7.32647717e-01, 7.06884583e+02, 3.50773773e+02, 7.54739285e-01,
       7.21620117e+02, 3.94863770e+02, 1.28341466e-01, 7.18790833e+02,
       3.21296051e+02, 5.75394869e-01, 1.63988477e+03, 2.91928009e+02,
       5.29310405e-01, 1.63689001e+03, 2.88895538e+02, 5.55624604e-01,
       1.59572070e+03, 3.18396698e+02, 2.83224851e-01, 1.61928760e+03,
       5.03850433e+02, 1.45588711e-01, 1.59869958e+03, 5.27394531e+02,
       1.09939404e-01, 1.58398279e+03, 5.12664856e+02, 2.66545981e-01 ]
