%YAML:1.0
---
pose_0: !!opencv-matrix
   rows: 1
   cols: 25
   dt: "3f"
   data: [ 7.48147522e+02, 5.18491577e+02, 5.43343604e-01,
       8.45240295e+02, 4.83217194e+02, 5.99589169e-01, 8.54080933e+02,
       5.47905518e+02, 4.70957279e-01, 9.83550110e+02, 5.83268188e+02,
       3.16921324e-01, 1.09235852e+03, 6.48097229e+02, 3.48774612e-01,
       8.33364685e+02, 4.36070190e+02, 4.15000647e-01, 7.39226257e+02,
       3.65390625e+02, 5.09204090e-01, 6.21479553e+02, 3.94942780e+02,
       6.26536310e-01, 1.09834302e+03, 4.97879425e+02, 5.74999690e-01,
       1.09247205e+03, 5.45028625e+02, 5.67369759e-01, 1.32788867e+03,
       6.24562317e+02, 7.09870875e-01, 1.52216785e+03, 6.89245972e+02,
       6.10302269e-01, 1.11298535e+03, 4.39085693e+02, 5.56890786e-01,
       1.29261792e+03, 4.06678040e+02, 5.04761636e-01, 1.43388892e+03,
       3.39057831e+02, 2.40367889e-01, 7.39363647e+02, 5.15536926e+02,
       2.80864894e-01, 7.42141296e+02, 5.03734833e+02, 5.15389621e-01,
       0., 0., 0., 7.62692810e+02, 4.62610565e+02, 4.79794502e-01,
       1.51927539e+03, 2.77138977e+02, 2.40526974e-01, 1.51624072e+03,
       2.74276184e+02, 2.32950225e-01, 1.51329773e+03, 3.03631714e+02,
       2.53956586e-01, 1.60755103e+03, 6.77394958e+02, 3.18472117e-01,
       1.60162231e+03, 6.92138672e+02, 2.99455643e-01, 1.54572571e+03,
       6.98108582e+02, 3.67779851e-01 ]
