%YAML:1.0
---
pose_0: !!opencv-matrix
   rows: 1
   cols: 25
   dt: "3f"
   data: [ 7.21669495e+02, 3.80132782e+02, 5.81067502e-01,
       8.01017517e+02, 2.77208984e+02, 4.21304852e-01, 7.86386841e+02,
       2.68287170e+02, 2.56631613e-01, 9.01158630e+02, 3.83076965e+02,
       5.06962948e-02, 0., 0., 0., 8.12837585e+02, 2.91778900e+02,
       5.93949258e-01, 9.03939941e+02, 3.86065826e+02, 8.04266572e-01,
       9.04023560e+02, 5.33265503e+02, 8.46023023e-01, 1.10719641e+03,
       3.27204773e+02, 4.08977032e-01, 1.11006030e+03, 3.77264130e+02,
       4.36498076e-01, 1.30741626e+03, 5.06780731e+02, 6.62902057e-01,
       1.51632788e+03, 5.47964844e+02, 4.09363419e-01, 1.11012231e+03,
       2.74190918e+02, 3.58294070e-01, 1.34558752e+03, 2.41889664e+02,
       1.30777866e-01, 1.41032654e+03, 2.03569885e+02, 5.28673716e-02,
       0., 0., 0., 7.12814636e+02, 3.62625397e+02, 6.62609696e-01, 0.,
       0., 0., 7.18718018e+02, 3.18503662e+02, 6.59852147e-01, 0., 0.,
       0., 0., 0., 0., 0., 0., 0., 1.49564551e+03, 6.45146301e+02,
       2.19174162e-01, 1.49273132e+03, 6.39218323e+02, 1.84377477e-01,
       1.54866809e+03, 5.15629395e+02, 1.53244421e-01 ]
