%YAML:1.0
---
pose_0: !!opencv-matrix
   rows: 2
   cols: 25
   dt: "3f"
   data: [ 0., 0., 0., 0., 0., 0., 9.68816956e+02, 3.65451691e+02,
       8.26633871e-02, 1.08065112e+03, 4.30246552e+02, 6.50990903e-01,
       1.16307458e+03, 5.12611084e+02, 8.18309188e-01, 0., 0., 0., 0.,
       0., 0., 0., 0., 0., 0., 0., 0., 0., 0., 0., 0., 0., 0., 0., 0.,
       0., 0., 0., 0., 0., 0., 0., 0., 0., 0., 0., 0., 0., 0., 0., 0.,
       0., 0., 0., 0., 0., 0., 0., 0., 0., 0., 0., 0., 0., 0., 0., 0.,
       0., 0., 0., 0., 0., 0., 0., 0., 7.98185730e+02, 4.12575562e+02,
       7.74906695e-01, 8.77583069e+02, 3.42008514e+02, 4.49859589e-01,
       8.74635437e+02, 3.41953400e+02, 3.75757903e-01, 9.83503113e+02,
       4.71413239e+02, 2.51065195e-01, 1.02190344e+03, 6.09759155e+02,
       3.92917156e-01, 8.77646057e+02, 3.44893555e+02, 6.12667084e-01,
       9.74670837e+02, 4.56677887e+02, 4.62148458e-01, 1.01878271e+03,
       5.92110657e+02, 5.67824721e-01, 1.20134485e+03, 3.50783051e+02,
       5.64990997e-01, 1.19545386e+03, 3.92044922e+02, 6.26286864e-01,
       1.34560364e+03, 5.27454956e+02, 8.05921435e-01, 1.54866357e+03,
       5.53877686e+02, 6.55626237e-01, 1.20136523e+03, 3.03681763e+02,
       5.37111878e-01, 1.40154846e+03, 2.62397766e+02, 5.22964358e-01,
       1.57509839e+03, 1.29978241e+02, 5.40313542e-01, 0., 0., 0.,
       7.89187073e+02, 4.00764832e+02, 7.79955089e-01, 0., 0., 0.,
       7.95242371e+02, 3.56672150e+02, 6.27848983e-01, 1.66346155e+03,
       8.59188614e+01, 2.17562407e-01, 1.65757642e+03, 8.29345551e+01,
       2.06610352e-01, 0., 0., 0., 1.60162708e+03, 6.30340820e+02,
       4.11792040e-01, 1.60165955e+03, 6.24515076e+02, 3.65940690e-01,
       1.57805334e+03, 5.39152954e+02, 4.68790293e-01 ]
