%YAML:1.0
---
pose_0: !!opencv-matrix
   rows: 1
   cols: 25
   dt: "3f"
   data: [ 7.83372009e+02, 5.53752136e+02, 8.56024563e-01,
       8.89388855e+02, 5.47934143e+02, 7.07198322e-01, 9.03961487e+02,
       6.27470093e+02, 6.99561834e-01, 1.01005768e+03, 6.71566772e+02,
       7.14506388e-01, 1.11883643e+03, 7.18615967e+02, 8.21062505e-01,
       8.92320190e+02, 4.71427643e+02, 5.94574869e-01, 1.01597015e+03,
       4.03698547e+02, 7.37685144e-01, 9.95315308e+02, 3.09568939e+02,
       5.84546983e-01, 1.12186169e+03, 5.59680542e+02, 5.92074811e-01,
       1.11890173e+03, 6.03861450e+02, 5.87980568e-01, 1.33680481e+03,
       6.21441223e+02, 6.43456161e-01, 1.51920068e+03, 6.30344116e+02,
       5.75300336e-01, 1.12486853e+03, 5.06833435e+02, 5.57882667e-01,
       1.34259570e+03, 5.00812836e+02, 5.85006654e-01, 1.52804932e+03,
       4.50764862e+02, 5.41518748e-01, 7.65799072e+02, 5.68493042e+02,
       7.95947671e-01, 7.65811096e+02, 5.33205383e+02, 7.94205904e-01,
       7.86290710e+02, 5.80432861e+02, 3.05027574e-01, 7.86348389e+02,
       5.06668884e+02, 5.89760363e-01, 1.61054626e+03, 4.30237854e+02,
       4.06011671e-01, 1.61036389e+03, 4.27226074e+02, 4.20962214e-01,
       1.56042944e+03, 4.41953857e+02, 2.20526263e-01, 1.57809497e+03,
       6.59812622e+02, 2.52933860e-01, 1.57517896e+03, 6.56873413e+02,
       2.81156898e-01, 1.55156787e+03, 6.21498840e+02, 3.89352620e-01 ]
