%YAML:1.0
---
pose_0: !!opencv-matrix
   rows: 1
   cols: 25
   dt: "3f"
   data: [ 0., 0., 0., 7.45235535e+02, 5.33206726e+02, 5.57726562e-01,
       7.56916077e+02, 5.30338379e+02, 5.32544911e-01, 8.80572327e+02,
       5.15549927e+02, 7.87488639e-01, 8.36426880e+02, 3.89056671e+02,
       8.39374661e-01, 7.39218018e+02, 5.53894531e+02, 5.26499391e-01,
       8.56878540e+02, 5.03767975e+02, 1.29218012e-01, 0., 0., 0.,
       1.05714722e+03, 5.50923218e+02, 3.66690964e-01, 1.03945544e+03,
       5.89105469e+02, 2.94649631e-01, 1.33080127e+03, 5.27334717e+02,
       6.81218207e-01, 1.62514893e+03, 7.01040039e+02, 4.52411741e-01,
       1.07480286e+03, 5.09760834e+02, 3.04617435e-01, 1.33966162e+03,
       5.06818542e+02, 4.11904931e-01, 1.56628625e+03, 5.74394714e+02,
       6.32273316e-01, 0., 0., 0., 0., 0., 0., 6.95106995e+02,
       4.92029419e+02, 1.28508136e-01, 6.71599976e+02, 5.65577026e+02,
       1.96989134e-01, 1.63395215e+03, 4.89083344e+02, 4.26742762e-01,
       1.62518774e+03, 4.94988525e+02, 3.98132652e-01, 1.58694507e+03,
       6.00898621e+02, 4.74919558e-01, 1.68410254e+03, 7.15769775e+02,
       1.69582337e-01, 1.67803735e+03, 7.30372437e+02, 1.86520666e-01,
       1.65167627e+03, 7.33380310e+02, 2.83818692e-01 ]
