%YAML:1.0
---
pose_0: !!opencv-matrix
   rows: 1
   cols: 25
   dt: "3f"
   data: [ 6.86258118e+02, 4.86220886e+02, 8.56149733e-01,
       8.09899963e+02, 5.06632690e+02, 7.47312546e-01, 8.15802124e+02,
       5.89130310e+02, 6.83265090e-01, 9.36499512e+02, 6.30364929e+02,
       7.18774259e-01, 1.00708667e+03, 6.24471863e+02, 8.33305836e-01,
       7.95226624e+02, 4.33075928e+02, 6.08713746e-01, 9.65867798e+02,
       3.68485535e+02, 7.96887875e-01, 8.39433105e+02, 3.86044128e+02,
       8.57631683e-01, 1.10130725e+03, 4.89088379e+02, 5.42961419e-01,
       1.09535376e+03, 5.33323303e+02, 6.10534608e-01, 1.31027490e+03,
       5.80361145e+02, 7.45073795e-01, 1.53689294e+03, 6.03886292e+02,
       6.06080472e-01, 1.11007959e+03, 4.33130493e+02, 5.40725827e-01,
       1.33094141e+03, 4.36015442e+02, 7.28415310e-01, 1.56037585e+03,
       4.59648621e+02, 6.25084758e-01, 6.68647400e+02, 5.03796783e+02,
       8.67831349e-01, 6.74495789e+02, 4.65579865e+02, 8.29696178e-01,
       6.92002625e+02, 5.27183350e+02, 4.15175915e-01, 7.03977173e+02,
       4.39037384e+02, 5.62768757e-01, 1.63110229e+03, 4.53761902e+02,
       5.08557558e-01, 1.62809009e+03, 4.44940063e+02, 5.16214550e-01,
       1.58102893e+03, 4.68447205e+02, 2.72543669e-01, 1.63699438e+03,
       5.97927917e+02, 5.08181632e-01, 1.62517627e+03, 6.03892212e+02,
       4.26642954e-01, 1.56340332e+03, 5.92128235e+02, 2.97268987e-01 ]
