%YAML:1.0
---
pose_0: !!opencv-matrix
   rows: 1
   cols: 25
   dt: "3f"
   data: [ 7.77470703e+02, 3.33031982e+02, 6.74177170e-01,
       8.65784668e+02, 3.91926361e+02, 6.25122190e-01, 8.60023438e+02,
       4.59710693e+02, 7.24050045e-01, 9.39378235e+02, 5.74301208e+02,
       7.46199489e-01, 9.83545288e+02, 5.56768799e+02, 6.94737554e-01,
       8.59954285e+02, 3.38947174e+02, 3.76005322e-01, 1.06880884e+03,
       3.36083496e+02, 6.34192467e-01, 1.16300220e+03, 2.74175659e+02,
       7.42023051e-01, 1.13663257e+03, 4.21341858e+02, 5.90118885e-01,
       1.13366638e+03, 4.65530060e+02, 5.71873188e-01, 1.35149829e+03,
       5.24403381e+02, 7.18833447e-01, 1.50159058e+03, 5.80408691e+02,
       5.10724068e-01, 1.13958374e+03, 3.68413483e+02, 6.10609353e-01,
       1.32495801e+03, 3.15517609e+02, 6.70055985e-01, 1.56627795e+03,
       2.68375092e+02, 5.94640017e-01, 7.62783875e+02, 3.44885071e+02,
       6.56763375e-01, 7.62687256e+02, 3.27173187e+02, 2.10409030e-01,
       7.74569885e+02, 3.86023682e+02, 5.83611012e-01, 0., 0., 0.,
       1.63989832e+03, 2.33020935e+02, 5.20014286e-01, 1.63702197e+03,
       2.30104126e+02, 4.67414886e-01, 1.58691772e+03, 2.71243958e+02,
       2.79849172e-01, 1.49278564e+03, 6.59792053e+02, 1.66056827e-01,
       0., 0., 0., 1.53979724e+03, 5.89162231e+02, 3.31334025e-01 ]
