%YAML:1.0
---
pose_0: !!opencv-matrix
   rows: 1
   cols: 25
   dt: "3f"
   data: [ 7.54027771e+02, 3.39110535e+02, 8.54658782e-01,
       8.80597290e+02, 3.39004517e+02, 7.13422775e-01, 8.83372864e+02,
       4.15497131e+02, 6.55161262e-01, 1.00121320e+03, 4.65592743e+02,
       4.98816431e-01, 1.03059717e+03, 4.59601440e+02, 5.92072427e-01,
       8.92326843e+02, 2.47811081e+02, 6.60440326e-01, 1.02477112e+03,
       2.24069397e+02, 8.71717155e-01, 1.12190466e+03, 1.50681534e+02,
       8.78448009e-01, 1.14550024e+03, 3.65533325e+02, 6.31018102e-01,
       1.13946765e+03, 4.12687286e+02, 6.48798466e-01, 1.33379431e+03,
       4.56597137e+02, 6.32259727e-01, 1.53982666e+03, 4.65540253e+02,
       5.66865385e-01, 1.16012317e+03, 3.15499207e+02, 5.82486033e-01,
       1.36321362e+03, 3.12517853e+02, 6.19790673e-01, 1.57514697e+03,
       2.94734192e+02, 6.58375740e-01, 7.42163696e+02, 3.59597015e+02,
       8.02420735e-01, 7.42134460e+02, 3.21270966e+02, 8.20762634e-01,
       7.59905029e+02, 3.83074493e+02, 2.97713280e-01, 7.65659668e+02,
       2.94855469e+02, 6.17190659e-01, 1.63983936e+03, 2.71232391e+02,
       5.49316466e-01, 1.63401428e+03, 2.68260956e+02, 6.02949262e-01,
       1.60753113e+03, 3.00694000e+02, 2.98705310e-01, 1.60743701e+03,
       4.59619720e+02, 4.70979065e-01, 1.59280750e+03, 4.71408600e+02,
       3.99481922e-01, 1.57220703e+03, 4.59673645e+02, 2.54626811e-01 ]
