%YAML:1.0
---
pose_0: !!opencv-matrix
   rows: 1
   cols: 25
   dt: "3f"
   data: [ 7.21605835e+02, 3.91998383e+02, 7.70179152e-01,
       8.01064758e+02, 3.56625427e+02, 6.27286077e-01, 7.95212036e+02,
       4.12491028e+02, 3.74255180e-01, 7.62914124e+02, 5.06798004e+02,
       4.90541995e-01, 7.89318298e+02, 5.09720520e+02, 4.23853993e-01,
       8.09943298e+02, 2.91933014e+02, 6.26158476e-01, 8.12794189e+02,
       3.86020264e+02, 8.83234918e-01, 7.65825928e+02, 4.89082214e+02,
       5.68853498e-01, 1.12185083e+03, 4.09505249e+02, 5.02493560e-01,
       1.11599890e+03, 4.56705322e+02, 5.32330632e-01, 1.33076514e+03,
       4.83223114e+02, 8.08691442e-01, 1.62810999e+03, 5.50875427e+02,
       5.86649179e-01, 1.12189746e+03, 3.47823578e+02, 4.46414590e-01,
       1.37209583e+03, 3.38908142e+02, 4.59881634e-01, 1.57510828e+03,
       3.00722137e+02, 6.16899371e-01, 7.09819092e+02, 4.09564819e+02,
       6.76270127e-01, 7.12688660e+02, 3.71414886e+02, 7.74521112e-01,
       7.36266479e+02, 4.30174744e+02, 9.87408236e-02, 7.27469543e+02,
       3.36015503e+02, 5.92765450e-01, 1.64289124e+03, 2.65436676e+02,
       5.68876326e-01, 1.63703357e+03, 2.65393158e+02, 5.65201283e-01,
       1.60457410e+03, 3.00710205e+02, 2.91436851e-01, 1.69871301e+03,
       5.24371399e+02, 2.82387495e-01, 1.68698083e+03, 5.36213928e+02,
       2.43831992e-01, 1.65751794e+03, 5.56760376e+02, 3.28018695e-01 ]
