%YAML:1.0
---
pose_0: !!opencv-matrix
   rows: 1
   cols: 25
   dt: "3f"
   data: [ 7.59876526e+02, 5.53757080e+02, 8.56223047e-01,
       8.59887634e+02, 5.56759094e+02, 6.94618762e-01, 8.83565674e+02,
       6.53927429e+02, 4.89543229e-01, 1.02485486e+03, 6.95138672e+02,
       7.57005870e-01, 1.13959839e+03, 7.45147583e+02, 7.59571910e-01,
       8.42230103e+02, 4.77296783e+02, 5.93752384e-01, 8.12950378e+02,
       3.74328705e+02, 6.27415955e-01, 6.95003113e+02, 2.86048157e+02,
       7.62839377e-01, 1.12485645e+03, 5.92088867e+02, 6.01672649e-01,
       1.12187634e+03, 6.39174316e+02, 6.28710032e-01, 1.32200830e+03,
       6.92269165e+02, 4.37677860e-01, 1.53099011e+03, 6.95053894e+02,
       4.19629842e-01, 1.13067529e+03, 5.36235291e+02, 5.78193545e-01,
       1.30742432e+03, 5.30402649e+02, 7.01343834e-01, 1.49862610e+03,
       4.68497711e+02, 2.90467769e-01, 7.45096008e+02, 5.71496826e+02,
       7.86347330e-01, 7.45123047e+02, 5.33284912e+02, 7.85543680e-01,
       7.65648010e+02, 5.97824524e+02, 5.20859838e-01, 7.68637756e+02,
       5.12630493e+02, 4.67076182e-01, 1.60747961e+03, 4.41984314e+02,
       7.05177113e-02, 1.60455237e+03, 4.36078186e+02, 8.41131583e-02,
       1.52511365e+03, 4.47885498e+02, 1.85197443e-01, 1.60745239e+03,
       7.39179016e+02, 2.40612507e-01, 1.60754602e+03, 7.30415894e+02,
       2.38045648e-01, 1.56335559e+03, 6.80425842e+02, 2.57241011e-01 ]
