%YAML:1.0
---
pose_0: !!opencv-matrix
   rows: 1
   cols: 25
   dt: "3f"
   data: [ 6.83364380e+02, 3.42066895e+02, 8.21616054e-01,
       8.06894287e+02, 3.44867981e+02, 7.41605222e-01, 8.06995605e+02,
       4.35995819e+02, 7.65635371e-01, 9.18824280e+02, 4.86180878e+02,
       7.92759120e-01, 1.00117493e+03, 4.92080719e+02, 8.24645936e-01,
       8.09914734e+02, 2.50685608e+02, 6.93275571e-01, 9.33498474e+02,
       2.15300323e+02, 7.75539994e-01, 1.02477014e+03, 1.91747620e+02,
       8.33560288e-01, 1.08652502e+03, 3.50776825e+02, 5.27625859e-01,
       1.07484082e+03, 4.03665283e+02, 5.56961477e-01, 1.29849939e+03,
       4.15495422e+02, 7.00239122e-01, 1.51929578e+03, 4.33220184e+02,
       5.69318473e-01, 1.08950806e+03, 2.94895569e+02, 5.20737708e-01,
       1.30136499e+03, 2.91797028e+02, 6.44440114e-01, 1.55455957e+03,
       2.91924438e+02, 5.74057102e-01, 6.68605103e+02, 3.62566406e+02,
       8.12241852e-01, 6.68705383e+02, 3.24277985e+02, 8.06020796e-01,
       6.86325867e+02, 3.85982147e+02, 2.45236814e-01, 6.92198975e+02,
       2.91904572e+02, 5.78900337e-01, 1.63408435e+03, 2.85949707e+02,
       5.94693422e-01, 1.63108411e+03, 2.74199738e+02, 6.08936548e-01,
       1.56928149e+03, 2.97774902e+02, 2.10024938e-01, 1.60756311e+03,
       4.21389740e+02, 4.62731510e-01, 1.59573315e+03, 4.33230377e+02,
       3.84192079e-01, 1.54573755e+03, 4.33173279e+02, 2.78332382e-01 ]
