%YAML:1.0
---
pose_0: !!opencv-matrix
   rows: 1
   cols: 25
   dt: "3f"
   data: [ 7.01040161e+02, 5.77499695e+02, 7.15971172e-01,
       8.15843445e+02, 6.21630493e+02, 6.49846852e-01, 8.06837463e+02,
       6.92068604e+02, 7.08533645e-01, 9.30556335e+02, 7.00999695e+02,
       7.53341436e-01, 1.02464819e+03, 6.21521118e+02, 8.22957039e-01,
       8.27551941e+02, 5.53785278e+02, 3.88788342e-01, 9.57053955e+02,
       5.27426514e+02, 2.10308760e-01, 0., 0., 0., 1.12185706e+03,
       6.51004822e+02, 5.37946701e-01, 1.11602844e+03, 7.06827209e+02,
       5.01839161e-01, 1.35151990e+03, 7.39127380e+02, 5.64890981e-01,
       1.57219543e+03, 7.54017883e+02, 5.49404979e-01, 1.12193469e+03,
       5.98061279e+02, 4.76076782e-01, 1.34259656e+03, 5.65565918e+02,
       5.13142109e-01, 1.56921753e+03, 5.62622437e+02, 4.95655924e-01,
       6.83378357e+02, 5.97897766e+02, 7.03745544e-01, 6.92045044e+02,
       5.62652466e+02, 6.48038507e-01, 7.03942688e+02, 6.27480652e+02,
       5.23628771e-01, 7.18663513e+02, 5.47935059e+02, 2.65482485e-01,
       1.65168835e+03, 5.15611572e+02, 1.40985280e-01, 0., 0., 0.,
       1.59283752e+03, 5.53914978e+02, 3.03752393e-01, 1.65757520e+03,
       7.36266357e+02, 1.81734487e-01, 1.65162280e+03, 7.56883545e+02,
       1.37527809e-01, 1.59576782e+03, 7.42225342e+02, 3.07094157e-01 ]
