%YAML:1.0
---
pose_0: !!opencv-matrix
   rows: 1
   cols: 25
   dt: "3f"
   data: [ 8.12820801e+02, 4.24371185e+02, 3.62561047e-01,
       9.10032043e+02, 4.09534210e+02, 5.32069206e-01, 8.83566528e+02,
       4.36153381e+02, 7.11902797e-01, 8.95260315e+02, 3.38815491e+02,
       7.18747020e-01, 8.06862854e+02, 2.38819427e+02, 7.57155895e-01,
       9.51164551e+02, 3.62541412e+02, 2.02671573e-01, 1.00997827e+03,
       2.91886688e+02, 5.55674843e-02, 0., 0., 0., 1.16018945e+03,
       4.33173798e+02, 6.62980437e-01, 1.14249597e+03, 4.80167603e+02,
       6.46331847e-01, 1.32492517e+03, 5.94971191e+02, 7.49446094e-01,
       1.51616187e+03, 7.15764465e+02, 6.58611238e-01, 1.17187244e+03,
       3.86029297e+02, 6.03492975e-01, 1.37204077e+03, 3.83063110e+02,
       4.80062097e-01, 1.56339941e+03, 3.85943420e+02, 6.22219622e-01,
       8.03968018e+02, 4.30146820e+02, 2.95221090e-01, 8.09790100e+02,
       4.09702179e+02, 3.10627401e-01, 8.30502563e+02, 4.30239502e+02,
       9.11960155e-02, 8.09862183e+02, 3.91978668e+02, 1.29983470e-01,
       1.63102844e+03, 3.44928192e+02, 3.55652660e-01, 1.62219836e+03,
       3.44866974e+02, 3.94041538e-01, 1.60449084e+03, 3.86056915e+02,
       3.01232785e-01, 1.58697998e+03, 7.45215698e+02, 6.02192283e-01,
       1.56931982e+03, 7.59781067e+02, 5.76883078e-01, 1.52516272e+03,
       7.15778015e+02, 3.54192555e-01 ]
