%YAML:1.0
---
pose_0: !!opencv-matrix
   rows: 1
   cols: 25
   dt: "3f"
   data: [ 7.21555176e+02, 5.47946472e+02, 7.38058448e-01,
       8.06991333e+02, 4.62592682e+02, 5.33152580e-01, 8.12861389e+02,
       5.12635559e+02, 3.22444588e-01, 0., 0., 0., 0., 0., 0.,
       8.01050293e+02, 4.15578888e+02, 5.68130910e-01, 9.10014709e+02,
       3.71407074e+02, 7.41806507e-01, 1.02189984e+03, 3.86089722e+02,
       7.92608738e-01, 1.09830847e+03, 4.83126160e+02, 5.60276985e-01,
       1.09243665e+03, 5.30277954e+02, 5.75839698e-01, 1.30439124e+03,
       5.59731445e+02, 7.19052196e-01, 1.60460193e+03, 6.24590942e+02,
       5.19342601e-01, 1.10425391e+03, 4.30200348e+02, 5.23597717e-01,
       1.33968127e+03, 4.36207520e+02, 6.84587300e-01, 1.57516077e+03,
       4.30166534e+02, 6.20764911e-01, 7.03954712e+02, 5.50760986e+02,
       8.00225586e-02, 7.12732910e+02, 5.30212097e+02, 8.22747052e-01,
       0., 0., 0., 7.24528137e+02, 4.65589508e+02, 5.79218268e-01,
       1.64285950e+03, 3.83035889e+02, 4.20622051e-01, 1.63986987e+03,
       3.83047729e+02, 4.46356535e-01, 1.61043616e+03, 4.36107239e+02,
       2.60531962e-01, 1.70452869e+03, 6.27418579e+02, 2.12507159e-01,
       1.69869812e+03, 6.48018433e+02, 1.69756919e-01, 1.63404846e+03,
       6.21480103e+02, 2.48736888e-01 ]
