%YAML:1.0
---
pose_0: !!opencv-matrix
   rows: 1
   cols: 25
   dt: "3f"
   data: [ 7.42166565e+02, 4.12454651e+02, 8.70174348e-01,
       8.12944214e+02, 4.06595154e+02, 7.22932637e-01, 8.12780518e+02,
       4.59550415e+02, 7.02758968e-01, 9.27664551e+02, 5.06769714e+02,
       8.23707163e-01, 8.24640930e+02, 4.56633301e+02, 4.95710909e-01,
       8.21640442e+02, 3.41993439e+02, 6.14425898e-01, 9.51118774e+02,
       3.18457581e+02, 8.45823050e-01, 8.12953003e+02, 3.53664124e+02,
       7.06679225e-01, 1.09546216e+03, 4.33219757e+02, 6.04059696e-01,
       1.08949060e+03, 4.80274170e+02, 6.14127457e-01, 1.28380017e+03,
       5.06776276e+02, 6.96558237e-01, 1.51929163e+03, 5.30307739e+02,
       5.40918410e-01, 1.10715906e+03, 3.86017181e+02, 5.38934529e-01,
       1.33378918e+03, 3.88891541e+02, 6.07956290e-01, 1.55449524e+03,
       3.86089111e+02, 6.21873379e-01, 7.27475342e+02, 4.21407349e+02,
       7.99014211e-01, 7.36260925e+02, 3.89087921e+02, 8.48307669e-01,
       7.39310486e+02, 4.39085358e+02, 3.69129330e-01, 7.45198669e+02,
       3.65607178e+02, 7.05828607e-01, 1.61642285e+03, 3.65380768e+02,
       5.55376470e-01, 1.61336926e+03, 3.59571259e+02, 5.85743606e-01,
       1.58099341e+03, 3.89041046e+02, 2.92166620e-01, 1.58687378e+03,
       5.12622803e+02, 3.30097467e-01, 1.57510596e+03, 5.27338013e+02,
       2.71653175e-01, 1.55750037e+03, 5.27303162e+02, 2.90541202e-01 ]
