%YAML:1.0
---
pose_0: !!opencv-matrix
   rows: 1
   cols: 25
   dt: "3f"
   data: [ 6.65553284e+02, 4.59696991e+02, 8.84930730e-01,
       7.92306152e+02, 4.94969727e+02, 6.89070165e-01, 8.01026550e+02,
       5.86243103e+02, 6.83172882e-01, 9.30501282e+02, 6.45078308e+02,
       8.80667090e-01, 9.95369080e+02, 6.12725769e+02, 7.65441954e-01,
       7.95158142e+02, 4.15507813e+02, 6.58450961e-01, 9.57083740e+02,
       3.88961914e+02, 8.54950726e-01, 8.39351074e+02, 3.68523315e+02,
       7.99242377e-01, 1.08066040e+03, 4.80176392e+02, 5.32273352e-01,
       1.07475781e+03, 5.27454285e+02, 5.88040888e-01, 1.29262830e+03,
       5.53842102e+02, 7.26352155e-01, 1.54572485e+03, 5.86212585e+02,
       5.70464253e-01, 1.08070972e+03, 4.21393829e+02, 5.01290023e-01,
       1.32794653e+03, 4.30246735e+02, 5.27781129e-01, 1.56340808e+03,
       4.53675537e+02, 6.31460547e-01, 6.45101746e+02, 4.80102325e+02,
       8.64544272e-01, 6.53862061e+02, 4.39005768e+02, 8.38883460e-01,
       6.62757935e+02, 5.03864136e+02, 5.65353036e-01, 6.89197937e+02,
       4.15553833e+02, 5.76176822e-01, 1.63989563e+03, 4.18464355e+02,
       4.17150736e-01, 1.63399451e+03, 4.15573883e+02, 4.61456388e-01,
       1.58981860e+03, 4.59687134e+02, 3.02378267e-01, 1.64576611e+03,
       5.68537415e+02, 2.72943139e-01, 1.63394104e+03, 5.86234863e+02,
       2.37460375e-01, 1.56931067e+03, 5.77386353e+02, 3.27493042e-01 ]
