%YAML:1.0
---
pose_0: !!opencv-matrix
   rows: 1
   cols: 25
   dt: "3f"
   data: [ 7.62758545e+02, 3.77183411e+02, 8.09179783e-01,
       8.62868347e+02, 3.83073303e+02, 6.68188691e-01, 8.71682556e+02,
       4.56769958e+02, 6.18644953e-01, 9.65912415e+02, 4.83317841e+02,
       3.59478980e-01, 1.00130023e+03, 5.06656189e+02, 7.98137844e-01,
       8.56993347e+02, 3.15417297e+02, 6.27480567e-01, 1.01883655e+03,
       2.50679047e+02, 7.44193435e-01, 1.14255811e+03, 1.97625381e+02,
       8.63334179e-01, 1.13949963e+03, 3.91957397e+02, 5.99264741e-01,
       1.12195544e+03, 4.39029205e+02, 6.13537014e-01, 1.34559229e+03,
       4.83331848e+02, 6.39339209e-01, 1.54285950e+03, 5.27455261e+02,
       6.53177977e-01, 1.14538562e+03, 3.39033844e+02, 5.65368772e-01,
       1.35440906e+03, 3.41803741e+02, 6.91966653e-01, 1.56635974e+03,
       2.94810516e+02, 6.52557194e-01, 7.45210938e+02, 3.88898712e+02,
       7.82233953e-01, 7.45226379e+02, 3.59489960e+02, 7.72890449e-01,
       7.65692261e+02, 4.09587219e+02, 4.13465112e-01, 7.65746338e+02,
       3.24301514e+02, 5.73212326e-01, 1.64000403e+03, 2.74266907e+02,
       2.91447192e-01, 1.63688025e+03, 2.71223846e+02, 3.51577789e-01,
       1.58398120e+03, 2.77226868e+02, 2.80604988e-01, 1.61630945e+03,
       5.62679993e+02, 3.48489612e-01, 1.61054407e+03, 5.62695923e+02,
       3.64610881e-01, 1.57223352e+03, 5.18478394e+02, 3.76554221e-01 ]
