%YAML:1.0
---
pose_0: !!opencv-matrix
   rows: 1
   cols: 25
   dt: "3f"
   data: [ 7.89194641e+02, 5.56825073e+02, 8.62925351e-01,
       9.04084106e+02, 5.50917603e+02, 7.06835270e-01, 9.27656799e+02,
       6.48136658e+02, 6.67190790e-01, 1.05414404e+03, 6.95095581e+02,
       7.74844348e-01, 1.18078748e+03, 7.50980286e+02, 7.56036460e-01,
       8.71732666e+02, 4.68521454e+02, 5.59116006e-01, 8.89416870e+02,
       3.39004028e+02, 4.85469490e-01, 7.95187561e+02, 2.68444519e+02,
       7.59847403e-01, 1.17193909e+03, 5.89173645e+02, 6.04241490e-01,
       1.16598010e+03, 6.36190491e+02, 6.33718133e-01, 1.37208948e+03,
       6.80411438e+02, 7.07967460e-01, 1.54285437e+03, 6.92130676e+02,
       6.34221554e-01, 1.18371704e+03, 5.36161621e+02, 5.84824622e-01,
       1.36028613e+03, 5.30358459e+02, 5.44192255e-01, 1.56329553e+03,
       4.71403992e+02, 4.50571924e-01, 7.71643433e+02, 5.74286865e+02,
       7.97386825e-01, 7.80409546e+02, 5.39126648e+02, 7.69658685e-01,
       7.92195740e+02, 5.89165100e+02, 3.18736166e-01, 8.04015259e+02,
       5.06878082e+02, 5.68575084e-01, 1.63690869e+03, 4.03742157e+02,
       4.95013952e-01, 1.63389783e+03, 4.03683380e+02, 4.48611140e-01,
       1.57514136e+03, 4.74397675e+02, 1.76458895e-01, 1.58402014e+03,
       6.48118652e+02, 2.92342514e-01, 1.57514966e+03, 6.65675964e+02,
       2.47022450e-01, 1.57223401e+03, 6.83346069e+02, 2.92922109e-01 ]
