%YAML:1.0
---
pose_0: !!opencv-matrix
   rows: 1
   cols: 25
   dt: "3f"
   data: [ 6.47890381e+02, 5.09678253e+02, 8.70949864e-01,
       7.80487305e+02, 5.24364014e+02, 6.28101647e-01, 7.89375061e+02,
       6.18506409e+02, 5.82019925e-01, 9.24645752e+02, 6.77439392e+02,
       2.43636146e-01, 0., 0., 0., 7.80430115e+02, 4.33076965e+02,
       6.14825845e-01, 9.04022400e+02, 3.91995514e+02, 7.60114193e-01,
       1.02178577e+03, 3.65428711e+02, 8.89267981e-01, 1.07182031e+03,
       5.50822632e+02, 5.07067919e-01, 1.06590137e+03, 6.00915955e+02,
       4.88666981e-01, 1.33080481e+03, 6.24436951e+02, 6.95302188e-01,
       1.63398499e+03, 6.65698303e+02, 4.93344665e-01, 1.07770520e+03,
       4.83272339e+02, 4.82417643e-01, 1.34554907e+03, 4.92015106e+02,
       4.70862657e-01, 1.58983459e+03, 4.89073425e+02, 5.07870138e-01,
       6.27513245e+02, 5.27432678e+02, 8.22537601e-01, 6.33330078e+02,
       4.89057892e+02, 7.89860249e-01, 6.47894897e+02, 5.50879211e+02,
       3.54033500e-01, 6.56815308e+02, 4.59699860e+02, 6.00624084e-01,
       1.68994739e+03, 4.62559692e+02, 2.18133226e-01, 1.68410437e+03,
       4.59680847e+02, 2.28602275e-01, 1.61046436e+03, 4.83292725e+02,
       2.58710146e-01, 1.73994568e+03, 6.30402649e+02, 2.38580331e-01,
       1.73406702e+03, 6.47984863e+02, 1.69126049e-01, 1.66345764e+03,
       6.59791382e+02, 1.94551632e-01 ]
