%YAML:1.0
---
pose_0: !!opencv-matrix
   rows: 1
   cols: 25
   dt: "3f"
   data: [ 0., 0., 0., 6.89165955e+02, 5.53781372e+02, 3.03151369e-01,
       7.15676514e+02, 6.09742126e+02, 2.74020135e-01, 6.62770508e+02,
       7.15586426e+02, 6.45305216e-01, 4.56585022e+02, 6.45149353e+02,
       7.62991786e-01, 6.80354797e+02, 4.62574921e+02, 1.18883878e-01,
       6.74489136e+02, 4.06680511e+02, 3.68067026e-01, 4.71422852e+02,
       4.59688507e+02, 2.82846838e-01, 1.05122998e+03, 6.00897522e+02,
       3.71997863e-01, 1.04529517e+03, 6.68589050e+02, 4.15919840e-01,
       1.30734973e+03, 6.68586487e+02, 3.76610339e-01, 1.69580640e+03,
       6.59735962e+02, 1.55626625e-01, 1.05128918e+03, 5.27267578e+02,
       3.77497941e-01, 1.33674756e+03, 5.27432983e+02, 3.20747852e-01,
       1.72232202e+03, 5.39131531e+02, 3.09888363e-01, 0., 0., 0., 0.,
       0., 0., 0., 0., 0., 0., 0., 0., 1.83706128e+03, 4.89100739e+02,
       1.86885595e-01, 1.83124084e+03, 4.89069977e+02, 1.76260948e-01,
       1.74879944e+03, 5.65617065e+02, 1.20800070e-01, 1.80181091e+03,
       6.71604980e+02, 1.07607886e-01, 0., 0., 0., 1.72818811e+03,
       6.39198730e+02, 9.82125401e-02 ]
