%YAML:1.0
---
pose_0: !!opencv-matrix
   rows: 1
   cols: 25
   dt: "3f"
   data: [ 7.42271179e+02, 4.95005524e+02, 8.27338815e-01,
       8.56850464e+02, 5.00878937e+02, 7.06010699e-01, 8.56906677e+02,
       5.71495422e+02, 6.53473139e-01, 9.95290894e+02, 6.03946899e+02,
       6.99100018e-01, 1.10426343e+03, 6.68454163e+02, 7.84297109e-01,
       8.57066833e+02, 4.15523132e+02, 6.41004264e-01, 1.00707391e+03,
       3.86174957e+02, 7.73397684e-01, 1.13950647e+03, 3.56572449e+02,
       8.10000896e-01, 1.11898718e+03, 5.03855286e+02, 5.95122278e-01,
       1.11888000e+03, 5.53814575e+02, 6.20828450e-01, 1.33673853e+03,
       6.24361389e+02, 6.19506240e-01, 1.53986108e+03, 6.71531738e+02,
       4.04461265e-01, 1.12185010e+03, 4.53698792e+02, 5.51700294e-01,
       1.34261182e+03, 4.56800629e+02, 7.22588897e-01, 1.54577588e+03,
       4.62676392e+02, 4.62367445e-01, 7.27523621e+02, 5.06857300e+02,
       8.02602828e-01, 7.33353149e+02, 4.77306305e+02, 8.23075414e-01,
       7.42238525e+02, 5.30365234e+02, 4.50544477e-01, 7.56878967e+02,
       4.47890167e+02, 5.71858287e-01, 1.63692712e+03, 4.44979431e+02,
       1.11767538e-01, 1.63406238e+03, 4.39160400e+02, 8.95620510e-02,
       1.57806250e+03, 4.80312256e+02, 1.56727120e-01, 1.61052002e+03,
       6.92122620e+02, 7.05695450e-02, 0., 0., 0., 1.57219580e+03,
       6.50987732e+02, 1.25242546e-01 ]
