%YAML:1.0
---
pose_0: !!opencv-matrix
   rows: 2
   cols: 25
   dt: "3f"
   data: [ 0., 0., 0., 8.06934998e+02, 4.56751404e+02, 2.80688882e-01,
       8.33416443e+02, 4.36142365e+02, 1.40274033e-01, 9.62928650e+02,
       4.44940002e+02, 2.88228095e-01, 1.13367236e+03, 4.86246948e+02,
       3.56940776e-01, 0., 0., 0., 0., 0., 0., 0., 0., 0.,
       1.13948853e+03, 4.39074127e+02, 2.13702753e-01, 1.13953003e+03,
       4.27283203e+02, 2.01188371e-01, 1.32777344e+03, 4.56819733e+02,
       7.04146862e-01, 1.52216443e+03, 4.03726227e+02, 4.16416347e-01,
       1.13955481e+03, 4.53739716e+02, 1.98233679e-01, 1.32799268e+03,
       5.30396301e+02, 7.03830540e-01, 1.58400500e+03, 4.15509735e+02,
       4.85246986e-01, 0., 0., 0., 0., 0., 0., 0., 0., 0., 0., 0., 0.,
       1.65758093e+03, 4.62606201e+02, 1.42341852e-01, 1.65167200e+03,
       4.53753326e+02, 1.30733073e-01, 1.61336609e+03, 3.89002686e+02,
       2.80788094e-01, 0., 0., 0., 0., 0., 0., 1.57809741e+03,
       3.65499268e+02, 2.34677985e-01, 0., 0., 0., 0., 0., 0., 0., 0.,
       0., 0., 0., 0., 0., 0., 0., 8.27546448e+02, 4.39086700e+02,
       1.56083256e-01, 9.54223145e+02, 4.41990051e+02, 3.26082766e-01,
       1.13656238e+03, 4.83256561e+02, 4.00059640e-01, 0., 0., 0., 0.,
       0., 0., 0., 0., 0., 0., 0., 0., 0., 0., 0., 0., 0., 0., 0., 0.,
       0., 0., 0., 0., 0., 0., 0., 0., 0., 0., 0., 0., 0., 0., 0., 0.,
       0., 0., 0., 0., 0., 0., 0., 0., 0., 0., 0., 0., 0., 0., 0. ]
