%YAML:1.0
---
pose_0: !!opencv-matrix
   rows: 1
   cols: 25
   dt: "3f"
   data: [ 6.06884216e+02, 6.33319763e+02, 8.05513322e-01,
       7.18642273e+02, 6.21510986e+02, 6.39716208e-01, 7.45132874e+02,
       6.92148376e+02, 4.10786122e-01, 9.24584106e+02, 7.77510010e+02,
       7.47712612e-01, 7.77505554e+02, 7.42134766e+02, 7.64371753e-01,
       7.06896423e+02, 5.53777222e+02, 5.97027004e-01, 8.92359253e+02,
       4.59608521e+02, 8.13864112e-01, 7.48148621e+02, 4.80249023e+02,
       8.22312951e-01, 1.08068225e+03, 5.89186707e+02, 5.08421481e-01,
       1.07178442e+03, 6.45031860e+02, 5.59744477e-01, 1.31026611e+03,
       7.36278931e+02, 7.14889884e-01, 1.57516504e+03, 7.71685608e+02,
       4.68391687e-01, 1.08364417e+03, 5.27407227e+02, 4.54299033e-01,
       1.34852332e+03, 5.21419983e+02, 4.59529042e-01, 1.62813708e+03,
       5.18511353e+02, 4.83670920e-01, 5.92040588e+02, 6.48098816e+02,
       8.00442755e-01, 5.97899658e+02, 6.09777588e+02, 8.33073616e-01,
       6.09764465e+02, 6.71626953e+02, 2.60737985e-01, 6.21518921e+02,
       5.77387024e+02, 6.32957041e-01, 1.71349390e+03, 4.86138519e+02,
       3.74396354e-01, 1.71053296e+03, 4.86148865e+02, 3.76948595e-01,
       1.69874377e+03, 5.33252014e+02, 2.31228217e-01, 1.63695776e+03,
       7.24608154e+02, 1.95843607e-01, 1.63101990e+03, 7.39296082e+02,
       1.29920244e-01, 1.61341150e+03, 7.65769409e+02, 2.25486398e-01 ]
