%YAML:1.0
---
pose_0: !!opencv-matrix
   rows: 1
   cols: 25
   dt: "3f"
   data: [ 7.62828613e+02, 4.36127716e+02, 9.19746876e-01,
       8.39327087e+02, 4.06646393e+02, 7.47779727e-01, 8.18696106e+02,
       4.62609039e+02, 7.13394701e-01, 9.04064636e+02, 5.03911377e+02,
       5.30383706e-01, 9.95291321e+02, 5.09632629e+02, 3.33754778e-01,
       8.60034607e+02, 3.44933014e+02, 6.47491753e-01, 9.80564270e+02,
       2.71193237e+02, 8.64337206e-01, 9.77613647e+02, 4.12547272e+02,
       8.19121838e-01, 1.14247253e+03, 4.30142548e+02, 4.75987494e-01,
       1.13658801e+03, 4.71376495e+02, 4.54256564e-01, 1.33674377e+03,
       5.47845886e+02, 7.47656822e-01, 1.54570703e+03, 5.30205811e+02,
       7.23229289e-01, 1.13953528e+03, 3.71342896e+02, 3.53342742e-01,
       1.37511157e+03, 3.59576111e+02, 7.69339442e-01, 1.53685327e+03,
       1.97762833e+02, 5.52376986e-01, 7.45172546e+02, 4.42067841e+02,
       8.10876369e-01, 7.56853210e+02, 4.15500092e+02, 8.23478043e-01,
       7.59828674e+02, 4.59587677e+02, 7.07677454e-02, 7.71590820e+02,
       3.85964355e+02, 6.81137383e-01, 1.57512793e+03, 1.24151093e+02,
       2.07783669e-01, 1.57511658e+03, 1.29969147e+02, 1.94139659e-01,
       0., 0., 0., 1.58682800e+03, 6.09769165e+02, 6.01279855e-01,
       1.56926831e+03, 6.00981812e+02, 5.10314524e-01, 1.56931897e+03,
       5.06770294e+02, 5.51385820e-01 ]
