%YAML:1.0
---
pose_0: !!opencv-matrix
   rows: 1
   cols: 25
   dt: "3f"
   data: [ 6.71473877e+02, 4.83072357e+02, 8.93743157e-01,
       7.71642822e+02, 4.94923279e+02, 6.86634779e-01, 7.80451294e+02,
       5.74429443e+02, 6.14563346e-01, 9.01179138e+02, 6.45067322e+02,
       7.20510364e-01, 9.95257935e+02, 6.68527893e+02, 7.88470864e-01,
       7.71669312e+02, 4.33018158e+02, 6.64009809e-01, 9.68832153e+02,
       4.12485931e+02, 8.55470598e-01, 8.24582397e+02, 3.89083496e+02,
       7.99787223e-01, 1.07479614e+03, 5.09637299e+02, 5.52816868e-01,
       1.07181189e+03, 5.53922791e+02, 5.68602681e-01, 1.31609790e+03,
       5.51006775e+02, 7.39913642e-01, 1.58694385e+03, 5.89135498e+02,
       6.35321379e-01, 1.07770044e+03, 4.56608551e+02, 5.31901836e-01,
       1.36615930e+03, 4.36184631e+02, 4.96933520e-01, 1.58104260e+03,
       4.39088135e+02, 5.40840983e-01, 6.53923889e+02, 4.97857269e+02,
       7.70571411e-01, 6.59781433e+02, 4.59714233e+02, 8.23696852e-01,
       6.68638733e+02, 5.18508728e+02, 4.77223456e-01, 6.83348511e+02,
       4.36176727e+02, 5.92547536e-01, 1.64581921e+03, 4.24331940e+02,
       4.16111022e-01, 1.63985486e+03, 4.15580872e+02, 4.72247630e-01,
       1.62224561e+03, 4.44957672e+02, 3.03568542e-01, 1.69289258e+03,
       5.86160156e+02, 4.50075239e-01, 1.68104163e+03, 5.98000244e+02,
       4.46833909e-01, 1.61336572e+03, 5.77435059e+02, 3.27638894e-01 ]
