%YAML:1.0
---
pose_0: !!opencv-matrix
   rows: 1
   cols: 25
   dt: "3f"
   data: [ 7.27475281e+02, 5.27456055e+02, 8.71327817e-01,
       8.39294128e+02, 5.74532593e+02, 7.56079555e-01, 8.33398315e+02,
       6.44945984e+02, 7.58521974e-01, 9.57096252e+02, 6.77433655e+02,
       7.27716148e-01, 1.09246729e+03, 6.98032532e+02, 8.24552596e-01,
       8.56882446e+02, 5.09728943e+02, 5.73848724e-01, 9.07101929e+02,
       5.06666107e+02, 1.37059420e-01, 0., 0., 0., 1.11596936e+03,
       5.47914917e+02, 5.51662982e-01, 1.11592749e+03, 5.97892517e+02,
       5.71359158e-01, 1.31025854e+03, 6.09726746e+02, 7.35463142e-01,
       1.55449219e+03, 6.62692200e+02, 6.32741213e-01, 1.11297998e+03,
       4.86223083e+02, 5.47481179e-01, 1.33095068e+03, 4.59800415e+02,
       7.53338099e-01, 1.55452405e+03, 4.39066559e+02, 6.47768736e-01,
       7.12809387e+02, 5.47933838e+02, 8.72173548e-01, 7.18751282e+02,
       5.09651337e+02, 8.60718250e-01, 7.18702576e+02, 5.80310669e+02,
       7.75300443e-01, 7.56837463e+02, 5.03674347e+02, 3.34463000e-01,
       1.63706799e+03, 4.33075745e+02, 3.75488132e-01, 1.63402161e+03,
       4.24337372e+02, 4.09465522e-01, 1.56925806e+03, 4.33064606e+02,
       2.99640834e-01, 1.62813928e+03, 6.71526978e+02, 3.89016062e-01,
       0., 0., 0., 1.58098962e+03, 6.47990662e+02, 3.55603218e-01 ]
