%YAML:1.0
---
pose_0: !!opencv-matrix
   rows: 1
   cols: 25
   dt: "3f"
   data: [ 7.89308167e+02, 4.39085449e+02, 7.39691019e-01,
       8.33424683e+02, 5.06803589e+02, 6.86595440e-01, 8.60035767e+02,
       5.27204041e+02, 6.98479950e-01, 9.57011292e+02, 4.65523987e+02,
       5.79042912e-01, 9.59956787e+02, 3.38856293e+02, 6.99451447e-01,
       8.30490173e+02, 4.86170990e+02, 2.93948919e-01, 9.45276611e+02,
       4.44980377e+02, 2.06672072e-01, 0., 0., 0., 1.11603064e+03,
       4.59654327e+02, 3.63363206e-01, 1.13952258e+03, 5.03779541e+02,
       3.69694620e-01, 1.36319702e+03, 5.77425476e+02, 3.69238973e-01,
       1.52508020e+03, 6.80422974e+02, 4.02985364e-01, 1.11011133e+03,
       4.12581024e+02, 3.57576817e-01, 1.15716443e+03, 3.80137177e+02,
       3.31609040e-01, 1.35735620e+03, 3.15381409e+02, 2.56295085e-01,
       7.65836914e+02, 4.50814484e+02, 6.96583867e-01, 7.68637146e+02,
       4.33148376e+02, 3.07140201e-01, 7.74536560e+02, 4.80167358e+02,
       4.21271443e-01, 0., 0., 0., 0., 0., 0., 0., 0., 0.,
       1.37498865e+03, 3.06580017e+02, 1.33783191e-01, 1.60745142e+03,
       6.86223877e+02, 4.26102996e-01, 1.59572998e+03, 6.95026428e+02,
       3.52423847e-01, 1.54272009e+03, 6.95071106e+02, 2.63935536e-01 ]
