%YAML:1.0
---
pose_0: !!opencv-matrix
   rows: 1
   cols: 25
   dt: "3f"
   data: [ 7.71595581e+02, 5.30450256e+02, 8.08780372e-01,
       8.80475769e+02, 4.71449036e+02, 6.44051850e-01, 8.59955811e+02,
       4.86103912e+02, 4.20249134e-01, 0., 0., 0., 0., 0., 0.,
       8.86489197e+02, 4.65523132e+02, 6.93472445e-01, 1.03062952e+03,
       4.62700256e+02, 7.80444384e-01, 1.16007947e+03, 5.53902100e+02,
       8.06615174e-01, 1.16013220e+03, 4.00789673e+02, 3.30058753e-01,
       1.18071667e+03, 3.77245361e+02, 2.88905501e-01, 1.37784290e+03,
       5.30226318e+02, 6.52306020e-01, 1.58690820e+03, 4.36154480e+02,
       3.71210545e-01, 1.12484448e+03, 4.15560699e+02, 3.19057703e-01,
       1.36319531e+03, 5.50811218e+02, 6.14876807e-01, 1.62813928e+03,
       4.24356689e+02, 2.73138195e-01, 0., 0., 0., 7.65680237e+02,
       5.18454468e+02, 8.10092568e-01, 0., 0., 0., 7.86453857e+02,
       4.80248260e+02, 7.08358228e-01, 1.68114258e+03, 3.71371796e+02,
       3.07306886e-01, 1.68100500e+03, 3.71383820e+02, 3.04625362e-01,
       1.67519373e+03, 3.94887756e+02, 1.35056272e-01, 0., 0., 0., 0.,
       0., 0., 0., 0., 0. ]
