%YAML:1.0
---
pose_0: !!opencv-matrix
   rows: 1
   cols: 25
   dt: "3f"
   data: [ 7.15708801e+02, 5.06845337e+02, 8.28853250e-01,
       8.54031799e+02, 5.09757019e+02, 4.99008447e-01, 8.77540405e+02,
       5.94987976e+02, 2.43988901e-01, 9.92395386e+02, 6.62713440e+02,
       6.47649705e-01, 9.18782410e+02, 6.00988220e+02, 3.64913613e-01,
       8.39372803e+02, 4.50849060e+02, 3.87419790e-01, 9.15860352e+02,
       4.03658447e+02, 1.05036005e-01, 0., 0., 0., 1.12191370e+03,
       5.47902039e+02, 4.24710453e-01, 1.12185522e+03, 6.00930298e+02,
       4.50601548e-01, 1.34851111e+03, 6.24577942e+02, 3.04063350e-01,
       1.58397510e+03, 5.97950439e+02, 2.99683124e-01, 1.12191479e+03,
       4.83293976e+02, 3.90350640e-01, 1.35139966e+03, 5.27430115e+02,
       7.46174514e-01, 1.62518542e+03, 5.03815247e+02, 5.74859858e-01,
       6.95213440e+02, 5.18480774e+02, 7.45386243e-01, 7.06910461e+02,
       4.89061615e+02, 6.93270147e-01, 7.15747620e+02, 5.33254639e+02,
       1.96107224e-01, 7.33413269e+02, 4.71379913e+02, 3.89699131e-01,
       1.69879651e+03, 4.65529755e+02, 1.70889154e-01, 1.69583911e+03,
       4.68451294e+02, 1.97713524e-01, 1.64284229e+03, 4.89130249e+02,
       2.35013068e-01, 1.70461890e+03, 5.74450745e+02, 1.14796624e-01,
       1.66639026e+03, 6.03880554e+02, 8.78808424e-02, 1.65461816e+03,
       5.95039978e+02, 1.97990894e-01 ]
