%YAML:1.0
---
pose_0: !!opencv-matrix
   rows: 1
   cols: 25
   dt: "3f"
   data: [ 7.18741272e+02, 4.36004547e+02, 8.79450500e-01,
       8.45237244e+02, 4.80325043e+02, 7.15671599e-01, 8.42255005e+02,
       5.62709656e+02, 6.48337364e-01, 9.27627625e+02, 6.59752991e+02,
       6.25712693e-01, 9.12925659e+02, 6.62720398e+02, 4.88470405e-01,
       8.59880371e+02, 3.92018616e+02, 6.46085620e-01, 1.01595795e+03,
       3.86025269e+02, 8.22766721e-01, 9.42366577e+02, 3.65389862e+02,
       7.81592965e-01, 1.13652747e+03, 5.00817474e+02, 5.61107814e-01,
       1.12190002e+03, 5.47939758e+02, 6.31441653e-01, 1.30443396e+03,
       5.98083069e+02, 7.46769071e-01, 1.51922339e+03, 6.09752930e+02,
       5.73731959e-01, 1.13661853e+03, 4.39122742e+02, 5.30821860e-01,
       1.33380859e+03, 4.56686981e+02, 6.66649818e-01, 1.54864099e+03,
       4.68503479e+02, 5.24820209e-01, 7.03907593e+02, 4.56559235e+02,
       8.02209020e-01, 7.12767456e+02, 4.18512573e+02, 7.19411016e-01,
       7.18739197e+02, 4.83179565e+02, 7.15665221e-01, 0., 0., 0.,
       1.63405884e+03, 4.36129730e+02, 3.74455959e-01, 1.63106799e+03,
       4.36105316e+02, 3.96779805e-01, 1.57808411e+03, 4.62603912e+02,
       2.43857160e-01, 1.48969897e+03, 6.68553101e+02, 3.20798755e-01,
       1.47805603e+03, 6.62695068e+02, 3.08109611e-01, 1.54866443e+03,
       5.98025085e+02, 3.43869030e-01 ]
