%YAML:1.0
---
pose_0: !!opencv-matrix
   rows: 2
   cols: 25
   dt: "3f"
   data: [ 7.39175232e+02, 3.39076111e+02, 4.01174664e-01,
       8.03959106e+02, 2.24214523e+02, 2.81750590e-01, 7.86373169e+02,
       2.06518433e+02, 1.24136046e-01, 0., 0., 0., 0., 0., 0.,
       8.24585266e+02, 2.27116760e+02, 3.07065219e-01, 8.80454407e+02,
       3.94859497e+02, 3.00723135e-01, 9.15875061e+02, 5.39118774e+02,
       9.93590578e-02, 1.10129358e+03, 2.94876465e+02, 4.46079344e-01,
       1.10423865e+03, 3.41869781e+02, 4.98384386e-01, 1.28967139e+03,
       4.80373047e+02, 8.04979205e-01, 1.51630359e+03, 4.47917358e+02,
       5.20722747e-01, 1.09547729e+03, 2.47693665e+02, 4.03307974e-01,
       1.18663428e+03, 2.56558777e+02, 1.70577154e-01, 1.40142139e+03,
       2.00711960e+02, 2.93192476e-01, 7.18645813e+02, 3.38887726e+02,
       1.04425959e-01, 7.18703003e+02, 3.24220825e+02, 3.63385141e-01,
       0., 0., 0., 7.21584839e+02, 2.71220154e+02, 3.61068487e-01,
       1.51922583e+03, 1.44716278e+02, 6.65173233e-02, 1.51627905e+03,
       1.50479645e+02, 6.65734857e-02, 1.42205750e+03, 2.21249878e+02,
       1.38286471e-01, 1.56340271e+03, 5.06827911e+02, 1.85986593e-01,
       1.56045618e+03, 5.06719025e+02, 1.66676626e-01, 1.55451733e+03,
       4.33191620e+02, 3.53016168e-01, 0., 0., 0., 0., 0., 0.,
       8.33410767e+02, 2.91921906e+02, 1.20370597e-01, 8.80524353e+02,
       4.00764069e+02, 6.82551026e-01, 9.18830994e+02, 5.50882263e+02,
       7.96630919e-01, 0., 0., 0., 0., 0., 0., 0., 0., 0., 0., 0., 0.,
       0., 0., 0., 0., 0., 0., 0., 0., 0., 0., 0., 0., 0., 0., 0., 0.,
       0., 0., 0., 0., 0., 0., 0., 0., 0., 0., 0., 0., 0., 0., 0., 0.,
       0., 0., 0., 0., 0., 0., 0., 0., 0., 0., 0., 0., 0., 0., 0., 0. ]
