%YAML:1.0
---
pose_0: !!opencv-matrix
   rows: 1
   cols: 25
   dt: "3f"
   data: [ 7.33304382e+02, 4.59517975e+02, 8.64253044e-01,
       8.33310547e+02, 5.30189819e+02, 7.20781088e-01, 8.30433594e+02,
       6.18482300e+02, 7.18599677e-01, 9.42316284e+02, 6.45078796e+02,
       8.16637635e-01, 1.04837866e+03, 6.48177979e+02, 8.17873299e-01,
       8.18773010e+02, 4.44912659e+02, 5.60960829e-01, 8.98218994e+02,
       4.56764160e+02, 8.17561671e-02, 0., 0., 0., 1.11595618e+03,
       4.89078217e+02, 4.93606001e-01, 1.11889954e+03, 5.42039490e+02,
       5.35881221e-01, 1.32785315e+03, 5.50861694e+02, 4.64881927e-01,
       1.55454504e+03, 5.56800476e+02, 3.87059063e-01, 1.10713220e+03,
       4.33167084e+02, 5.22352457e-01, 1.30735913e+03, 4.53687744e+02,
       5.62202334e-01, 1.59868738e+03, 4.71420593e+02, 4.59508538e-01,
       7.06834717e+02, 4.74328644e+02, 8.16471338e-01, 7.21607117e+02,
       4.39038330e+02, 8.20872724e-01, 7.15599854e+02, 5.21450928e+02,
       5.76823771e-01, 0., 0., 0., 1.70753308e+03, 4.38993774e+02,
       3.05804133e-01, 1.70453687e+03, 4.36166168e+02, 3.08170706e-01,
       1.61344373e+03, 4.77290314e+02, 2.30786443e-01, 1.59865576e+03,
       5.71508484e+02, 6.68340847e-02, 0., 0., 0., 1.58992749e+03,
       5.56731140e+02, 2.70360500e-01 ]
