%YAML:1.0
---
pose_0: !!opencv-matrix
   rows: 1
   cols: 25
   dt: "3f"
   data: [ 7.98147827e+02, 4.33180511e+02, 7.22604394e-01,
       8.60053345e+02, 4.80325348e+02, 6.48444772e-01, 8.56917358e+02,
       5.33202698e+02, 5.76810360e-01, 9.77605286e+02, 6.03838562e+02,
       8.18554401e-01, 9.62897217e+02, 4.71391876e+02, 6.95124388e-01,
       8.68787354e+02, 4.36156525e+02, 4.83558893e-01, 9.62932007e+02,
       4.15502960e+02, 2.73649037e-01, 9.68824341e+02, 4.33049194e+02,
       8.46593529e-02, 1.13365137e+03, 4.47859650e+02, 4.05542791e-01,
       1.14246509e+03, 4.89134399e+02, 4.58430737e-01, 1.36031799e+03,
       5.53833191e+02, 6.43502295e-01, 1.53097473e+03, 6.83340271e+02,
       5.45369506e-01, 1.12183887e+03, 3.91985199e+02, 4.40230936e-01,
       1.29845203e+03, 3.33124969e+02, 1.19296074e-01, 0., 0., 0.,
       7.83437561e+02, 4.39047943e+02, 7.08875597e-01, 7.89347046e+02,
       4.18415771e+02, 5.72151363e-01, 7.86402710e+02, 4.80216125e+02,
       5.47433734e-01, 8.09766479e+02, 4.12592804e+02, 5.76203279e-02,
       0., 0., 0., 0., 0., 0., 0., 0., 0., 1.61035864e+03,
       7.09801636e+02, 5.92459261e-01, 1.58993848e+03, 7.18611267e+02,
       5.59825838e-01, 1.54270752e+03, 6.92209900e+02, 2.97663689e-01 ]
