%YAML:1.0
---
pose_0: !!opencv-matrix
   rows: 1
   cols: 25
   dt: "3f"
   data: [ 8.09936951e+02, 4.18500854e+02, 7.96617568e-01,
       9.24618896e+02, 3.80149658e+02, 6.14660025e-01, 9.04055298e+02,
       4.53665253e+02, 7.54196763e-01, 9.27536194e+02, 3.68473694e+02,
       6.61617756e-01, 8.33309570e+02, 2.71155914e+02, 8.17820191e-01,
       9.51046265e+02, 3.00720642e+02, 5.81229091e-01, 9.80721985e+02,
       1.79986694e+02, 8.08391929e-01, 8.68715576e+02, 1.77039795e+02,
       8.23770404e-01, 1.16308252e+03, 4.24341797e+02, 6.34872079e-01,
       1.14255701e+03, 4.68520020e+02, 6.23292387e-01, 1.33080579e+03,
       5.77471069e+02, 8.19283187e-01, 1.51917102e+03, 7.12709839e+02,
       6.37658179e-01, 1.17775586e+03, 3.68449219e+02, 5.84629118e-01,
       1.37502698e+03, 3.65523499e+02, 6.05770588e-01, 1.55745813e+03,
       3.86072235e+02, 6.19059443e-01, 7.95149292e+02, 4.30150238e+02,
       5.89254022e-01, 8.01056213e+02, 4.03742981e+02, 7.09074259e-01,
       0., 0., 0., 8.30397461e+02, 3.68361420e+02, 5.71300089e-01,
       1.62219006e+03, 3.59554840e+02, 2.90449768e-01, 1.61339355e+03,
       3.53733551e+02, 3.48102123e-01, 1.57514563e+03, 3.88975159e+02,
       3.25704813e-01, 1.58700452e+03, 7.45169678e+02, 6.16828680e-01,
       1.56639526e+03, 7.56950073e+02, 5.98515928e-01, 1.53389331e+03,
       7.12689514e+02, 4.13223982e-01 ]
