%YAML:1.0
---
pose_0: !!opencv-matrix
   rows: 1
   cols: 25
   dt: "3f"
   data: [ 5.33265015e+02, 5.47967529e+02, 5.80338180e-01,
       6.30384949e+02, 5.24412048e+02, 2.58842021e-01, 5.89167358e+02,
       5.98000366e+02, 2.04379141e-01, 7.00975098e+02, 6.92134399e+02,
       8.95542055e-02, 6.80363647e+02, 6.59788635e+02, 1.07824087e-01,
       7.03936340e+02, 4.21432526e+02, 6.14882231e-01, 6.95085999e+02,
       4.83327759e+02, 7.78746784e-01, 5.71452026e+02, 5.89144409e+02,
       4.88247633e-01, 1.07185938e+03, 5.83289185e+02, 2.66979724e-01,
       1.06888220e+03, 6.45085388e+02, 2.40904838e-01, 1.19248462e+03,
       7.51058716e+02, 5.99118620e-02, 0., 0., 0., 1.06892163e+03,
       5.30241028e+02, 2.65532106e-01, 1.36910120e+03, 6.06824280e+02,
       1.80398896e-01, 1.75168591e+03, 6.68564880e+02, 8.57999325e-02,
       5.15622925e+02, 5.59700256e+02, 4.49324518e-01, 5.18479370e+02,
       5.27274597e+02, 4.60079789e-01, 5.36197510e+02, 5.77437500e+02,
       1.39721051e-01, 5.27363831e+02, 4.86208710e+02, 2.88057476e-01,
       0., 0., 0., 0., 0., 0., 1.77821924e+03, 6.89148376e+02,
       7.82249644e-02, 0., 0., 0., 0., 0., 0., 0., 0., 0. ]
