%YAML:1.0
---
pose_0: !!opencv-matrix
   rows: 1
   cols: 25
   dt: "3f"
   data: [ 7.80392273e+02, 4.12688049e+02, 8.58074009e-01,
       8.68802612e+02, 4.56776917e+02, 6.26379848e-01, 8.77604309e+02,
       5.36233093e+02, 6.49371445e-01, 9.95322144e+02, 6.06831238e+02,
       8.21344078e-01, 9.04140503e+02, 6.18546021e+02, 7.98294544e-01,
       8.80536377e+02, 3.85967560e+02, 7.24775732e-01, 9.95209290e+02,
       4.06677155e+02, 8.17717910e-01, 8.98149719e+02, 4.86228943e+02,
       7.66006470e-01, 1.13362891e+03, 4.39033478e+02, 5.02128482e-01,
       1.13660535e+03, 4.83328796e+02, 5.35730004e-01, 1.35445813e+03,
       4.86227570e+02, 6.29676998e-01, 1.56333704e+03, 4.97937927e+02,
       6.47439659e-01, 1.12484033e+03, 3.86122803e+02, 5.30011415e-01,
       1.34850024e+03, 2.77134979e+02, 5.35189927e-01, 1.51926855e+03,
       1.94677139e+02, 4.78265971e-01, 7.62662231e+02, 4.33127533e+02,
       8.56829286e-01, 7.65848206e+02, 4.03657471e+02, 8.22521865e-01,
       7.71606995e+02, 4.71399170e+02, 5.25683224e-01, 7.89373352e+02,
       3.89013336e+02, 2.50100672e-01, 1.55160193e+03, 1.82974777e+02,
       1.11485541e-01, 1.54273901e+03, 1.77115234e+02, 1.41635835e-01,
       1.53099280e+03, 1.80026779e+02, 3.48013222e-01, 1.63106274e+03,
       5.12612183e+02, 3.96914959e-01, 1.62808508e+03, 5.18511230e+02,
       4.27682638e-01, 1.58982849e+03, 4.83142059e+02, 4.14955169e-01 ]
