%YAML:1.0
---
pose_0: !!opencv-matrix
   rows: 2
   cols: 25
   dt: "3f"
   data: [ 4.71415527e+02, 4.74400635e+02, 6.83999956e-01,
       5.71448120e+02, 5.30221069e+02, 6.12932384e-01, 5.03779022e+02,
       5.89178772e+02, 4.37702060e-01, 4.15445282e+02, 5.97903381e+02,
       7.04209864e-01, 4.62603546e+02, 5.30219604e+02, 2.92957902e-01,
       6.24404053e+02, 4.59644012e+02, 5.86996734e-01, 7.59794983e+02,
       4.83244904e+02, 7.59793520e-01, 5.06811035e+02, 5.77385193e+02,
       6.77985847e-01, 8.33418030e+02, 6.48091980e+02, 9.78091657e-02,
       7.80466370e+02, 6.89237732e+02, 1.16740361e-01, 5.47954102e+02,
       6.36205566e+02, 3.43795002e-01, 7.83400391e+02, 8.36455811e+02,
       3.33617806e-01, 8.56998047e+02, 6.06844910e+02, 6.55381233e-02,
       0., 0., 0., 0., 0., 0., 4.44902405e+02, 4.83244904e+02,
       6.54271007e-01, 4.59730316e+02, 4.53765594e+02, 6.64807320e-01,
       4.56700256e+02, 5.27404480e+02, 3.03082645e-01, 5.03794983e+02,
       4.36157410e+02, 2.60868877e-01, 0., 0., 0., 0., 0., 0., 0., 0.,
       0., 0., 0., 0., 0., 0., 0., 8.03987183e+02, 8.59934631e+02,
       6.80700541e-02, 0., 0., 0., 0., 0., 0., 0., 0., 0., 0., 0., 0.,
       0., 0., 0., 0., 0., 0., 0., 0., 0., 0., 0., 0., 1.01886041e+03,
       5.65579163e+02, 2.94019669e-01, 1.01888263e+03, 6.36274963e+02,
       2.67858058e-01, 1.21903052e+03, 6.51002319e+02, 2.97453076e-01,
       1.49273853e+03, 6.48077759e+02, 1.28593609e-01, 1.00711865e+03,
       4.89077637e+02, 3.07146817e-01, 1.25431421e+03, 3.77257080e+02,
       7.94437230e-02, 1.40155359e+03, 2.91905212e+02, 2.57026672e-01,
       0., 0., 0., 0., 0., 0., 0., 0., 0., 0., 0., 0., 1.52511450e+03,
       3.09499603e+02, 1.09004073e-01, 0., 0., 0., 0., 0., 0., 0., 0.,
       0., 0., 0., 0., 0., 0., 0. ]
