%YAML:1.0
---
pose_0: !!opencv-matrix
   rows: 1
   cols: 25
   dt: "3f"
   data: [ 6.53865173e+02, 5.06881592e+02, 6.78043067e-01,
       7.83427795e+02, 4.80296936e+02, 5.01920164e-01, 8.04004211e+02,
       5.71499573e+02, 1.51273549e-01, 0., 0., 0., 0., 0., 0.,
       7.83381592e+02, 3.86031647e+02, 6.35593295e-01, 9.30570984e+02,
       3.18275665e+02, 7.95731544e-01, 1.03942993e+03, 2.56514771e+02,
       7.55856812e-01, 1.08948853e+03, 5.47918518e+02, 4.96042758e-01,
       1.06897668e+03, 6.01032837e+02, 5.12222767e-01, 1.33970190e+03,
       6.51020325e+02, 4.86034960e-01, 1.65163733e+03, 7.12782593e+02,
       5.22478104e-01, 1.10127844e+03, 4.83132080e+02, 4.24448013e-01,
       1.38091602e+03, 5.21423523e+02, 5.77376783e-01, 1.60749353e+03,
       4.83082733e+02, 5.86713195e-01, 6.39117920e+02, 5.30307739e+02,
       6.97626829e-01, 6.27469727e+02, 4.86140198e+02, 6.36519730e-01,
       6.56881836e+02, 5.50851501e+02, 1.27357468e-01, 6.48111084e+02,
       4.47902527e+02, 4.71720159e-01, 1.69874841e+03, 4.50775452e+02,
       4.55647826e-01, 1.68992334e+03, 4.44949249e+02, 4.48283911e-01,
       1.62224341e+03, 4.89120880e+02, 2.81670332e-01, 1.69871997e+03,
       6.62700317e+02, 2.02777922e-01, 0., 0., 0., 1.68106970e+03,
       7.18601013e+02, 3.47398758e-01 ]
