%YAML:1.0
---
pose_0: !!opencv-matrix
   rows: 1
   cols: 25
   dt: "3f"
   data: [ 7.65755798e+02, 5.59755371e+02, 8.37474585e-01,
       9.01079529e+02, 5.71528198e+02, 6.99606359e-01, 8.86413391e+02,
       6.45017639e+02, 6.17672324e-01, 1.03941016e+03, 7.18575500e+02,
       8.01321447e-01, 1.15135852e+03, 7.77460510e+02, 6.84468746e-01,
       9.15841553e+02, 4.83261597e+02, 6.02661788e-01, 9.62909241e+02,
       3.71394684e+02, 6.06588840e-01, 9.07070007e+02, 2.18331543e+02,
       3.87595296e-01, 1.16604456e+03, 6.01002869e+02, 6.44955337e-01,
       1.16302869e+03, 6.48100464e+02, 6.45042181e-01, 1.35151086e+03,
       6.80425781e+02, 7.13443935e-01, 1.54272278e+03, 6.92213745e+02,
       6.67794585e-01, 1.16904077e+03, 5.50929993e+02, 6.21090710e-01,
       1.35432910e+03, 5.50790771e+02, 7.43505836e-01, 1.56622668e+03,
       4.71392029e+02, 6.71435714e-01, 7.45238647e+02, 5.74370605e+02,
       7.34534740e-01, 7.62793640e+02, 5.44931213e+02, 8.13366055e-01,
       7.62899414e+02, 5.97955627e+02, 2.65897542e-01, 8.01027649e+02,
       5.21480286e+02, 5.11244535e-01, 1.63391833e+03, 4.09680237e+02,
       6.08296990e-01, 1.62511902e+03, 4.12539581e+02, 5.27894497e-01,
       1.58695544e+03, 4.74355499e+02, 3.12733650e-01, 1.60740540e+03,
       7.24558655e+02, 3.12049836e-01, 1.60451050e+03, 7.21593201e+02,
       3.62766683e-01, 1.56639551e+03, 6.77468445e+02, 4.30375487e-01 ]
