%YAML:1.0
---
pose_0: !!opencv-matrix
   rows: 1
   cols: 25
   dt: "3f"
   data: [ 7.89266296e+02, 5.62673340e+02, 8.55513752e-01,
       9.06969360e+02, 5.50920715e+02, 7.40132391e-01, 9.07026672e+02,
       6.39132263e+02, 6.35963440e-01, 1.05124805e+03, 7.06919128e+02,
       7.40502656e-01, 1.18971619e+03, 7.68680969e+02, 7.84219444e-01,
       9.18802063e+02, 4.59567474e+02, 6.60242736e-01, 9.30677185e+02,
       3.38865906e+02, 7.87305713e-01, 8.51066956e+02, 2.47742554e+02,
       7.94454753e-01, 1.17776721e+03, 5.94945313e+02, 6.16436005e-01,
       1.16610681e+03, 6.39204163e+02, 6.52672529e-01, 1.37202808e+03,
       6.91997559e+02, 6.68737113e-01, 1.54284009e+03, 6.92176575e+02,
       6.73067510e-01, 1.18370984e+03, 5.39080994e+02, 6.10646009e-01,
       1.37491614e+03, 5.53882263e+02, 7.53968656e-01, 1.56924536e+03,
       4.80142303e+02, 6.23977542e-01, 7.74586426e+02, 5.77334595e+02,
       8.03709090e-01, 7.83401123e+02, 5.47824707e+02, 8.52129579e-01,
       7.92301392e+02, 5.97952881e+02, 3.28819007e-01, 8.09809448e+02,
       5.15543762e+02, 5.87041438e-01, 1.63408398e+03, 4.09571411e+02,
       5.81924200e-01, 1.63103711e+03, 4.09609131e+02, 5.06459296e-01,
       1.58692871e+03, 4.80254486e+02, 2.73202568e-01, 1.60743335e+03,
       7.39236267e+02, 4.07541066e-01, 1.60747327e+03, 7.36253540e+02,
       4.06666338e-01, 1.56923279e+03, 6.71568298e+02, 4.88204628e-01 ]
