%YAML:1.0
---
pose_0: !!opencv-matrix
   rows: 1
   cols: 25
   dt: "3f"
   data: [ 5.92048523e+02, 5.27239258e+02, 3.65544856e-01,
       6.95143188e+02, 4.77241150e+02, 3.13494772e-01, 6.42152405e+02,
       5.42046143e+02, 1.08844347e-01, 0., 0., 0., 0., 0., 0.,
       7.42157410e+02, 3.94969757e+02, 2.95016110e-01, 9.01122009e+02,
       3.65592255e+02, 4.41626817e-01, 1.04233325e+03, 3.12468414e+02,
       5.93949437e-01, 1.05417590e+03, 5.62628967e+02, 4.10684735e-01,
       1.04537585e+03, 6.36257874e+02, 3.79024774e-01, 1.31317725e+03,
       6.50917114e+02, 4.59708750e-01, 1.68409668e+03, 6.71677856e+02,
       5.74884236e-01, 1.07186047e+03, 5.00863190e+02, 4.16191727e-01,
       1.35141772e+03, 5.03662933e+02, 2.91970849e-01, 1.61634204e+03,
       4.77219727e+02, 2.53715187e-01, 5.77382080e+02, 5.33181458e+02,
       2.91705817e-01, 5.74452454e+02, 5.09634338e+02, 2.86238909e-01,
       5.86256165e+02, 5.45014465e+02, 9.73380804e-02, 5.83296326e+02,
       4.83173218e+02, 1.86576411e-01, 1.70168225e+03, 4.56738312e+02,
       3.73032957e-01, 1.70169202e+03, 4.56660522e+02, 4.14661527e-01,
       1.69579114e+03, 4.83270172e+02, 1.42349795e-01, 1.79876575e+03,
       6.65651611e+02, 1.20208956e-01, 0., 0., 0., 1.70763989e+03,
       6.59777039e+02, 2.36527666e-01 ]
