%YAML:1.0
---
pose_0: !!opencv-matrix
   rows: 1
   cols: 25
   dt: "3f"
   data: [ 7.39292297e+02, 5.09655853e+02, 6.75126731e-01,
       7.95166992e+02, 4.30263733e+02, 5.74857831e-01, 7.92254395e+02,
       4.15517792e+02, 3.78686339e-01, 9.54031433e+02, 4.97900696e+02,
       1.62610531e-01, 9.54181030e+02, 5.71511536e+02, 2.59886056e-01,
       8.04042419e+02, 4.50766693e+02, 6.87424183e-01, 9.54135559e+02,
       5.00747894e+02, 7.17707753e-01, 9.62981689e+02, 5.77323120e+02,
       4.56458330e-01, 1.12479675e+03, 3.91964935e+02, 3.94422263e-01,
       1.12188647e+03, 3.83107574e+02, 2.38659590e-01, 1.33379980e+03,
       4.39112885e+02, 6.22429252e-01, 1.62223047e+03, 4.09605133e+02,
       3.68451595e-01, 1.12779626e+03, 4.03689362e+02, 4.15821403e-01,
       1.33381067e+03, 4.83305389e+02, 7.58131206e-01, 1.63102612e+03,
       4.12670135e+02, 4.14016664e-01, 0., 0., 0., 7.21665588e+02,
       5.03664337e+02, 7.07290351e-01, 0., 0., 0., 7.33376221e+02,
       4.59579285e+02, 6.40893161e-01, 1.65456262e+03, 4.86232697e+02,
       2.95623899e-01, 1.66051465e+03, 4.80157166e+02, 3.19221944e-01,
       1.66636890e+03, 3.97818237e+02, 2.36843303e-01, 0., 0., 0., 0.,
       0., 0., 1.66045398e+03, 3.85958984e+02, 2.01371804e-01 ]
