%YAML:1.0
---
pose_0: !!opencv-matrix
   rows: 1
   cols: 25
   dt: "3f"
   data: [ 5.71409607e+02, 4.94970612e+02, 7.17877984e-01,
       6.51003601e+02, 5.39112366e+02, 6.28963053e-01, 6.27416016e+02,
       6.12686035e+02, 2.56387621e-01, 8.12905823e+02, 8.39362671e+02,
       6.21126175e-01, 6.36231995e+02, 8.56862122e+02, 1.88893571e-01,
       6.83350708e+02, 4.59675629e+02, 7.08000422e-01, 7.42162476e+02,
       5.09642151e+02, 8.18134904e-01, 5.42052124e+02, 6.03943115e+02,
       7.18984962e-01, 1.05419495e+03, 5.50839783e+02, 3.14610660e-01,
       1.05122974e+03, 6.21434570e+02, 3.01769435e-01, 1.36909521e+03,
       6.65609802e+02, 3.74947280e-01, 1.69287122e+03, 6.62775818e+02,
       2.89895833e-01, 1.04830762e+03, 4.83188141e+02, 3.44103664e-01,
       1.16310876e+03, 4.12479858e+02, 2.48109922e-01, 1.42206995e+03,
       3.15450348e+02, 2.42782027e-01, 5.30408264e+02, 5.06642792e+02,
       8.11964929e-01, 5.59678528e+02, 4.68486786e+02, 7.34841645e-01,
       5.33263306e+02, 5.62684631e+02, 4.13702369e-01, 5.94962402e+02,
       4.56609009e+02, 2.26578474e-01, 0., 0., 0., 0., 0., 0.,
       1.42501306e+03, 3.24286896e+02, 1.88249618e-01, 0., 0., 0., 0.,
       0., 0., 1.72523462e+03, 6.45107788e+02, 1.26736388e-01 ]
