%YAML:1.0
---
pose_0: !!opencv-matrix
   rows: 1
   cols: 25
   dt: "3f"
   data: [ 0., 0., 0., 8.56988831e+02, 5.27303833e+02, 3.84080380e-01,
       8.57032227e+02, 5.09717224e+02, 3.26180488e-01, 1.01593549e+03,
       5.03765747e+02, 4.66113985e-01, 1.13959351e+03, 4.15546600e+02,
       6.30794108e-01, 8.42270813e+02, 5.39093506e+02, 3.60127687e-01,
       9.92341248e+02, 5.12689880e+02, 2.41305336e-01, 1.12780493e+03,
       4.33121002e+02, 1.45911425e-01, 1.16010388e+03, 5.53846619e+02,
       4.93850797e-01, 1.14835657e+03, 5.89172791e+02, 4.08744693e-01,
       1.40447656e+03, 5.03787872e+02, 8.45003664e-01, 1.64286487e+03,
       7.15725281e+02, 6.76948547e-01, 1.16610828e+03, 5.12636230e+02,
       4.09491599e-01, 1.37501575e+03, 4.36134766e+02, 7.95536160e-01,
       1.56334045e+03, 5.74404785e+02, 3.43617141e-01, 0., 0., 0., 0.,
       0., 0., 8.06961060e+02, 4.83154999e+02, 1.41966403e-01,
       7.65712463e+02, 5.30232178e+02, 9.75991935e-02, 1.60461121e+03,
       5.33252991e+02, 3.03067237e-01, 1.60460620e+03, 5.30396729e+02,
       3.10412526e-01, 1.59866199e+03, 5.95021301e+02, 2.09617883e-01,
       1.68111096e+03, 7.09753601e+02, 2.76931018e-01, 1.67521045e+03,
       7.18680298e+02, 3.34644526e-01, 1.65754932e+03, 7.39249390e+02,
       4.79701072e-01 ]
