%YAML:1.0
---
pose_0: !!opencv-matrix
   rows: 1
   cols: 25
   dt: "3f"
   data: [ 7.74556641e+02, 4.33153046e+02, 7.12058306e-01,
       8.59929443e+02, 4.80250732e+02, 7.07464159e-01, 8.53996033e+02,
       5.33317078e+02, 6.52940631e-01, 9.51202820e+02, 5.50814636e+02,
       8.53895664e-01, 9.24717590e+02, 3.97821899e+02, 7.87504733e-01,
       8.77565491e+02, 4.24318878e+02, 4.13884968e-01, 1.01299719e+03,
       3.53683929e+02, 5.36614656e-01, 1.13663330e+03, 2.65432495e+02,
       4.92344022e-01, 1.12775061e+03, 4.77292023e+02, 5.74930668e-01,
       1.12187109e+03, 5.27241455e+02, 5.79650164e-01, 1.33674829e+03,
       5.92136536e+02, 5.33541918e-01, 1.53981995e+03, 6.92029236e+02,
       6.03362441e-01, 1.13070007e+03, 4.24349548e+02, 5.53331554e-01,
       1.25432544e+03, 3.74321716e+02, 3.33160788e-01, 1.39269434e+03,
       3.39012329e+02, 1.98554933e-01, 7.62729919e+02, 4.47845673e+02,
       6.93163991e-01, 7.62837341e+02, 4.18455597e+02, 4.52184588e-01,
       7.77508057e+02, 4.89044861e+02, 5.68988800e-01, 0., 0., 0.,
       1.63393469e+03, 2.77189117e+02, 1.65076941e-01, 1.63098877e+03,
       2.77154938e+02, 1.50504127e-01, 1.44269067e+03, 3.38893463e+02,
       8.44271630e-02, 1.61045862e+03, 6.92227600e+02, 4.48573351e-01,
       1.60163550e+03, 7.06858398e+02, 4.00981247e-01, 1.56040100e+03,
       7.03962708e+02, 3.40700239e-01 ]
