%YAML:1.0
---
pose_0: !!opencv-matrix
   rows: 1
   cols: 25
   dt: "3f"
   data: [ 7.42170898e+02, 4.15451294e+02, 8.37230742e-01,
       8.36393005e+02, 4.03760834e+02, 6.64500117e-01, 8.15827698e+02,
       4.77260254e+02, 4.64625329e-01, 8.89410522e+02, 5.50965942e+02,
       1.84331849e-01, 9.48129211e+02, 5.92106140e+02, 1.24612786e-01,
       8.48166443e+02, 3.38846680e+02, 7.19067693e-01, 9.51016235e+02,
       2.77143829e+02, 7.79300153e-01, 9.30576355e+02, 4.42010620e+02,
       8.07993591e-01, 1.12185486e+03, 4.03756836e+02, 5.37044942e-01,
       1.12184656e+03, 4.53684753e+02, 5.52452683e-01, 1.34853699e+03,
       5.30215759e+02, 7.31266856e-01, 1.56044983e+03, 5.68495239e+02,
       6.31306410e-01, 1.11900073e+03, 3.53644226e+02, 4.85545665e-01,
       1.35430176e+03, 3.09481110e+02, 6.45516694e-01, 1.52213550e+03,
       1.80000809e+02, 3.92682314e-01, 7.24521179e+02, 4.30215179e+02,
       7.33645916e-01, 7.27477783e+02, 3.92061615e+02, 7.50729144e-01,
       7.42129211e+02, 4.42018188e+02, 1.94223940e-01, 7.42330811e+02,
       3.62599731e+02, 6.09770954e-01, 1.57519995e+03, 1.29969681e+02,
       1.43706456e-01, 1.57222559e+03, 1.30089996e+02, 1.45066068e-01,
       1.52215955e+03, 1.71238907e+02, 2.11767435e-01, 1.59577161e+03,
       6.30354065e+02, 2.10782930e-01, 1.58697058e+03, 6.24567566e+02,
       2.24163875e-01, 1.58991919e+03, 5.50926331e+02, 4.81759220e-01 ]
