%YAML:1.0
---
pose_0: !!opencv-matrix
   rows: 1
   cols: 25
   dt: "3f"
   data: [ 7.83415039e+02, 4.53755981e+02, 7.72951126e-01,
       8.68742615e+02, 4.33234863e+02, 7.54772782e-01, 8.80525696e+02,
       4.80209839e+02, 6.88502371e-01, 9.10009155e+02, 5.47928467e+02,
       8.02437425e-01, 7.92312866e+02, 5.06835541e+02, 8.76240492e-01,
       8.54022461e+02, 3.85997925e+02, 6.94762409e-01, 9.21710632e+02,
       3.41866058e+02, 8.31687450e-01, 8.01118835e+02, 4.06623810e+02,
       7.42887855e-01, 1.12195032e+03, 4.56802124e+02, 5.99703789e-01,
       1.11894397e+03, 5.03872986e+02, 6.49512649e-01, 1.30733801e+03,
       5.03656891e+02, 7.42576361e-01, 1.54572559e+03, 5.15576416e+02,
       5.75002670e-01, 1.13074255e+03, 4.09653320e+02, 5.94540596e-01,
       1.33375879e+03, 4.12638702e+02, 7.12008059e-01, 1.54567419e+03,
       4.30105499e+02, 6.42097414e-01, 7.65702148e+02, 4.59531555e+02,
       7.82891333e-01, 7.65853699e+02, 4.36127686e+02, 8.01427603e-01,
       0., 0., 0., 7.80458008e+02, 4.06606110e+02, 5.50818980e-01,
       1.61337036e+03, 3.91987213e+02, 5.33800900e-01, 1.60752380e+03,
       3.89121063e+02, 5.81933200e-01, 1.56341870e+03, 4.39062500e+02,
       4.50425625e-01, 1.62809692e+03, 5.00814911e+02, 4.07810241e-01,
       1.61630054e+03, 5.12584778e+02, 3.56006473e-01, 1.56927014e+03,
       5.15552734e+02, 2.38195896e-01 ]
