%YAML:1.0
---
pose_0: !!opencv-matrix
   rows: 2
   cols: 25
   dt: "3f"
   data: [ 7.09826965e+02, 5.42096924e+02, 2.53596723e-01,
       7.77504150e+02, 4.80185120e+02, 3.21319103e-01, 7.59865295e+02,
       5.03758636e+02, 1.31180599e-01, 0., 0., 0., 0., 0., 0.,
       8.06980591e+02, 4.42050598e+02, 3.82457465e-01, 9.51245483e+02,
       4.36019836e+02, 7.31949091e-01, 1.09247839e+03, 5.27432861e+02,
       8.00161242e-01, 1.06892358e+03, 4.80185181e+02, 2.06564069e-01,
       1.07773401e+03, 5.12638733e+02, 1.59560233e-01, 0., 0., 0., 0.,
       0., 0., 1.06299597e+03, 4.30159485e+02, 2.66622782e-01,
       1.36912683e+03, 5.21390747e+02, 5.24106622e-01, 1.66050537e+03,
       4.09657959e+02, 3.47829551e-01, 0., 0., 0., 7.01027771e+02,
       5.27383606e+02, 2.39640802e-01, 0., 0., 0., 7.15749634e+02,
       4.83213898e+02, 2.57674962e-01, 1.72808044e+03, 3.56638977e+02,
       3.74354839e-01, 1.72811584e+03, 3.59507599e+02, 3.38592321e-01,
       1.69874341e+03, 4.24313629e+02, 1.35133028e-01, 0., 0., 0., 0.,
       0., 0., 0., 0., 0., 0., 0., 0., 0., 0., 0., 0., 0., 0., 0., 0.,
       0., 0., 0., 0., 0., 0., 0., 0., 0., 0., 0., 0., 0.,
       1.09834497e+03, 4.15524475e+02, 1.40025079e-01, 1.11890149e+03,
       3.91996155e+02, 1.06092960e-01, 1.37490576e+03, 5.06659424e+02,
       4.08398569e-01, 1.58984448e+03, 4.27266052e+02, 2.19488189e-01,
       0., 0., 0., 0., 0., 0., 0., 0., 0., 0., 0., 0., 0., 0., 0., 0.,
       0., 0., 0., 0., 0., 0., 0., 0., 0., 0., 0., 0., 0., 0., 0., 0.,
       0., 0., 0., 0., 0., 0., 0. ]
