%YAML:1.0
---
pose_0: !!opencv-matrix
   rows: 2
   cols: 25
   dt: "3f"
   data: [ 0., 0., 0., 7.65731140e+02, 5.53809387e+02, 3.47536802e-01,
       0., 0., 0., 0., 0., 0., 0., 0., 0., 7.68728760e+02,
       5.80323059e+02, 3.68014306e-01, 9.15874207e+02, 6.36220276e+02,
       3.43743503e-01, 0., 0., 0., 1.10718652e+03, 5.50823669e+02,
       3.98421168e-01, 1.10127551e+03, 5.77371033e+02, 3.06450903e-01,
       1.33969067e+03, 5.09630463e+02, 7.75081277e-01, 1.63986499e+03,
       6.45103882e+02, 4.82215881e-01, 1.11595850e+03, 5.09750122e+02,
       3.50710124e-01, 1.36907544e+03, 5.06684753e+02, 4.80428785e-01,
       1.56637305e+03, 5.74413757e+02, 3.67017895e-01, 0., 0., 0., 0.,
       0., 0., 0., 0., 0., 6.77459656e+02, 5.71447266e+02,
       1.81906790e-01, 1.62516455e+03, 5.27261780e+02, 1.33738309e-01,
       1.61343958e+03, 5.27319153e+02, 1.46581024e-01, 1.58696765e+03,
       5.68475037e+02, 2.21172750e-01, 1.75179138e+03, 6.30353882e+02,
       5.68741322e-01, 1.74586414e+03, 6.45065918e+02, 4.51781094e-01,
       1.65462097e+03, 6.77433960e+02, 3.40353936e-01, 0., 0., 0., 0.,
       0., 0., 7.74535889e+02, 5.71463562e+02, 1.91525981e-01,
       9.18739380e+02, 6.39216980e+02, 3.26293737e-01, 1.09536292e+03,
       6.21529602e+02, 3.48296911e-01, 0., 0., 0., 0., 0., 0., 0., 0.,
       0., 0., 0., 0., 0., 0., 0., 0., 0., 0., 0., 0., 0., 0., 0., 0.,
       0., 0., 0., 0., 0., 0., 0., 0., 0., 0., 0., 0., 7.12708008e+02,
       5.03835571e+02, 9.99715328e-02, 0., 0., 0., 0., 0., 0., 0., 0.,
       0., 0., 0., 0., 0., 0., 0., 0., 0., 0., 0., 0., 0. ]
