%YAML:1.0
---
pose_0: !!opencv-matrix
   rows: 1
   cols: 25
   dt: "3f"
   data: [ 7.39151611e+02, 4.80354645e+02, 8.47558558e-01,
       8.33443909e+02, 4.53809875e+02, 6.31006777e-01, 8.33489380e+02,
       5.12609558e+02, 4.54040885e-01, 9.74745850e+02, 5.47932800e+02,
       2.28947341e-01, 1.09250659e+03, 5.97848083e+02, 3.67193013e-01,
       8.36441162e+02, 3.88936676e+02, 6.47976875e-01, 9.71699707e+02,
       3.59556061e+02, 7.49293208e-01, 1.11589709e+03, 3.21339844e+02,
       8.08289289e-01, 1.11009009e+03, 4.71387787e+02, 5.12340069e-01,
       1.11300085e+03, 5.15531982e+02, 5.32513440e-01, 1.31617493e+03,
       5.24328796e+02, 6.51889682e-01, 1.58985022e+03, 5.21466614e+02,
       5.69762230e-01, 1.10715417e+03, 4.15533600e+02, 5.31457186e-01,
       1.33379333e+03, 4.12510254e+02, 6.05633259e-01, 1.55450623e+03,
       4.27226288e+02, 5.56249082e-01, 7.21583130e+02, 4.94932709e+02,
       7.54622698e-01, 7.18743591e+02, 4.59686035e+02, 8.03965926e-01,
       7.39182617e+02, 5.06712463e+02, 1.21329106e-01, 7.36250549e+02,
       4.33072998e+02, 6.05711460e-01, 1.63100720e+03, 3.91951141e+02,
       4.18998837e-01, 1.62514648e+03, 3.91922455e+02, 4.37745452e-01,
       1.58399792e+03, 4.44903412e+02, 3.17853838e-01, 1.66349548e+03,
       5.74479675e+02, 3.07054579e-01, 1.66058801e+03, 5.71486389e+02,
       3.22597921e-01, 1.61932104e+03, 5.03846802e+02, 4.15693074e-01 ]
