%YAML:1.0
---
pose_0: !!opencv-matrix
   rows: 1
   cols: 25
   dt: "3f"
   data: [ 8.01090332e+02, 4.62695099e+02, 8.37058663e-01,
       8.77545715e+02, 4.94954132e+02, 7.27163434e-01, 8.65837646e+02,
       5.50840454e+02, 6.18845224e-01, 9.57027588e+02, 5.36162415e+02,
       4.92560565e-01, 9.51205811e+02, 3.83166046e+02, 5.26343048e-01,
       8.83457825e+02, 4.33181335e+02, 7.02238917e-01, 1.02474548e+03,
       3.65448090e+02, 7.27922082e-01, 1.13368103e+03, 3.03700989e+02,
       7.55940676e-01, 1.12483484e+03, 4.53709412e+02, 5.63094437e-01,
       1.12774927e+03, 5.00885406e+02, 5.76279283e-01, 1.33677161e+03,
       5.12587036e+02, 6.85408950e-01, 1.53101660e+03, 5.27334900e+02,
       6.17730200e-01, 1.11898340e+03, 4.00763062e+02, 5.97354412e-01,
       1.25138269e+03, 3.21376892e+02, 4.12570804e-01, 1.45155737e+03,
       3.24252869e+02, 4.10166681e-01, 7.86322144e+02, 4.80281616e+02,
       8.66794825e-01, 7.89285461e+02, 4.56662415e+02, 8.42116892e-01,
       7.92330566e+02, 5.06795502e+02, 7.56997406e-01, 8.12803772e+02,
       4.47811310e+02, 1.47178084e-01, 0., 0., 0., 0., 0., 0.,
       1.46913818e+03, 3.35998688e+02, 2.16824457e-01, 1.59280774e+03,
       5.06817352e+02, 4.43662912e-01, 1.58695227e+03, 5.24396729e+02,
       3.77902389e-01, 1.56044775e+03, 5.15600037e+02, 2.89551318e-01 ]
