%YAML:1.0
---
pose_0: !!opencv-matrix
   rows: 1
   cols: 25
   dt: "3f"
   data: [ 7.86208618e+02, 3.89038513e+02, 9.21030879e-01,
       8.86397583e+02, 4.09713684e+02, 6.89601421e-01, 8.92284363e+02,
       4.94936401e+02, 5.51431656e-01, 9.95347473e+02, 5.24398438e+02,
       2.91636080e-01, 0., 0., 0., 8.86494995e+02, 3.44810577e+02,
       6.09920919e-01, 1.04823315e+03, 2.71356476e+02, 7.49391913e-01,
       1.16613513e+03, 2.21214081e+02, 8.55934381e-01, 1.15135315e+03,
       3.86023163e+02, 5.66284716e-01, 1.16306189e+03, 4.30238434e+02,
       5.56234896e-01, 1.36904626e+03, 4.56662476e+02, 7.46738791e-01,
       1.55748132e+03, 5.30298462e+02, 5.82427382e-01, 1.15135449e+03,
       3.35975037e+02, 5.42124927e-01, 1.36031970e+03, 3.12378296e+02,
       5.60037315e-01, 1.56928076e+03, 2.91875488e+02, 5.56447029e-01,
       7.65857544e+02, 4.00741150e+02, 8.18803489e-01, 7.77519104e+02,
       3.68449280e+02, 8.27917814e-01, 7.86231079e+02, 4.27258087e+02,
       5.50185680e-01, 8.03955627e+02, 3.53638885e+02, 6.51972890e-01,
       1.64281079e+03, 2.68255890e+02, 4.02797669e-01, 1.63706213e+03,
       2.65386566e+02, 4.49617088e-01, 1.61928235e+03, 2.94863831e+02,
       2.30643809e-01, 1.61632495e+03, 5.53816589e+02, 3.91925514e-01,
       1.61037427e+03, 5.59741272e+02, 3.49673539e-01, 1.58393481e+03,
       5.30266174e+02, 3.91940445e-01 ]
