%YAML:1.0
---
pose_0: !!opencv-matrix
   rows: 1
   cols: 25
   dt: "3f"
   data: [ 7.45121521e+02, 5.15591858e+02, 6.98933244e-01,
       8.09846802e+02, 4.44949982e+02, 4.83723253e-01, 7.98123108e+02,
       4.41962524e+02, 3.15634847e-01, 9.27536377e+02, 5.27410828e+02,
       7.46254846e-02, 0., 0., 0., 8.12878723e+02, 4.53788910e+02,
       7.56148160e-01, 9.27521729e+02, 5.33210754e+02, 8.40841591e-01,
       8.09755798e+02, 5.56762146e+02, 8.33278954e-01, 1.12774878e+03,
       4.41957245e+02, 3.25843185e-01, 1.12484473e+03, 4.39052429e+02,
       2.28075057e-01, 1.32788635e+03, 4.62647247e+02, 6.70377731e-01,
       1.54864673e+03, 3.91983337e+02, 6.66164875e-01, 1.13656665e+03,
       4.36129486e+02, 3.55333954e-01, 1.32785413e+03, 5.03822693e+02,
       7.30634868e-01, 1.62521814e+03, 4.33092407e+02, 4.82761264e-01,
       0., 0., 0., 7.39268799e+02, 5.03671082e+02, 7.43748069e-01, 0.,
       0., 0., 7.42287964e+02, 4.56786621e+02, 7.06447601e-01,
       1.67818518e+03, 3.83108826e+02, 2.41734624e-01, 1.68104248e+03,
       3.88956665e+02, 2.20834106e-01, 1.65166907e+03, 4.41971344e+02,
       1.89180389e-01, 1.66053638e+03, 3.65527710e+02, 3.44432384e-01,
       1.65754236e+03, 3.80156403e+02, 2.61475414e-01, 1.57220691e+03,
       3.68458130e+02, 2.89410919e-01 ]
