%YAML:1.0
---
pose_0: !!opencv-matrix
   rows: 1
   cols: 25
   dt: "3f"
   data: [ 7.77469666e+02, 5.53736206e+02, 8.39012623e-01,
       8.74577576e+02, 5.45001099e+02, 6.30149424e-01, 8.80597412e+02,
       6.06829834e+02, 5.96972525e-01, 9.83540710e+02, 6.59795837e+02,
       4.28522199e-01, 1.04821692e+03, 7.18668274e+02, 5.95705211e-01,
       8.68799866e+02, 4.83231873e+02, 4.90516692e-01, 1.01298669e+03,
       4.06711700e+02, 2.33877480e-01, 9.98265198e+02, 3.41879211e+02,
       9.70941335e-02, 1.12185193e+03, 5.53939697e+02, 5.73269784e-01,
       1.11896716e+03, 6.00895203e+02, 5.91184616e-01, 1.32498059e+03,
       6.24576599e+02, 6.81684732e-01, 1.51918237e+03, 6.44964111e+02,
       6.32585764e-01, 1.12193677e+03, 5.06703339e+02, 5.41051030e-01,
       1.33385339e+03, 4.86079285e+02, 6.95119262e-01, 1.53978064e+03,
       4.42027740e+02, 5.59539318e-01, 7.62714600e+02, 5.68538452e+02,
       7.99544454e-01, 7.62784058e+02, 5.30373779e+02, 8.23098779e-01,
       7.80435547e+02, 5.77564575e+02, 1.67373896e-01, 7.83384399e+02,
       5.03893463e+02, 5.87005734e-01, 1.61926941e+03, 4.30148224e+02,
       4.45307642e-01, 1.61343762e+03, 4.21353943e+02, 4.51225758e-01,
       1.56336353e+03, 4.36088440e+02, 1.58410370e-01, 1.58388940e+03,
       6.95085999e+02, 5.62183499e-01, 1.57217505e+03, 6.92231934e+02,
       5.17091393e-01, 1.54569434e+03, 6.24414001e+02, 5.16760051e-01 ]
