%YAML:1.0
---
pose_0: !!opencv-matrix
   rows: 1
   cols: 25
   dt: "3f"
   data: [ 7.15598633e+02, 5.50866760e+02, 5.78505158e-01,
       7.68664429e+02, 4.83269562e+02, 5.71840286e-01, 7.65847778e+02,
       4.83168274e+02, 3.84914786e-01, 0., 0., 0., 0., 0., 0.,
       7.83328064e+02, 4.89097626e+02, 6.47615612e-01, 9.33576904e+02,
       4.83305573e+02, 7.37963200e-01, 1.00124121e+03, 6.21547668e+02,
       6.53355837e-01, 1.13955640e+03, 4.33107544e+02, 2.89303273e-01,
       1.13363550e+03, 4.24338989e+02, 2.11686611e-01, 1.36612024e+03,
       5.03874969e+02, 6.09407961e-01, 1.58981897e+03, 4.15580383e+02,
       2.73594886e-01, 1.14545361e+03, 4.36072662e+02, 2.87657619e-01,
       1.35734314e+03, 5.27320374e+02, 6.64078116e-01, 1.66348486e+03,
       4.09651093e+02, 4.39583361e-01, 7.06911255e+02, 5.44962219e+02,
       5.38095124e-02, 7.01025146e+02, 5.33232056e+02, 5.02715886e-01,
       0., 0., 0., 7.12720154e+02, 5.00803772e+02, 5.33709645e-01,
       1.72823120e+03, 3.59547974e+02, 4.15178746e-01, 1.72825415e+03,
       3.59593170e+02, 3.61459792e-01, 1.70760352e+03, 4.27215973e+02,
       1.53230488e-01, 0., 0., 0., 0., 0., 0., 0., 0., 0. ]
