%YAML:1.0
---
pose_0: !!opencv-matrix
   rows: 1
   cols: 25
   dt: "3f"
   data: [ 7.36346802e+02, 4.68523163e+02, 8.20696592e-01,
       8.59937866e+02, 4.68448669e+02, 7.24195123e-01, 8.80458191e+02,
       5.71474976e+02, 6.22362733e-01, 9.77763855e+02, 6.24408142e+02,
       8.80797565e-01, 8.83590027e+02, 6.06828125e+02, 7.46667624e-01,
       8.62837280e+02, 3.83128845e+02, 6.90946817e-01, 9.80639282e+02,
       3.62360809e+02, 7.45461404e-01, 1.05715381e+03, 3.42082275e+02,
       8.17905843e-01, 1.13960547e+03, 4.86094116e+02, 6.14142358e-01,
       1.13361621e+03, 5.33186401e+02, 6.16796315e-01, 1.32792798e+03,
       5.53755798e+02, 7.41517067e-01, 1.49274463e+03, 5.74310730e+02,
       6.37343407e-01, 1.14539502e+03, 4.33183044e+02, 5.92099190e-01,
       1.33097595e+03, 4.53700592e+02, 6.71144605e-01, 1.56333081e+03,
       4.59677521e+02, 5.83907962e-01, 7.18609558e+02, 4.83332489e+02,
       8.28159988e-01, 7.18813660e+02, 4.53662964e+02, 8.36656988e-01,
       7.42289246e+02, 5.03839447e+02, 3.18058610e-01, 7.45103333e+02,
       4.12605957e+02, 6.00340486e-01, 1.62522192e+03, 4.33156372e+02,
       4.16542143e-01, 1.61924158e+03, 4.30204529e+02, 4.70838606e-01,
       1.60458704e+03, 4.68457825e+02, 2.94336826e-01, 1.49565051e+03,
       6.51058594e+02, 2.29950204e-01, 1.48977026e+03, 6.45056824e+02,
       2.23471627e-01, 1.52216089e+03, 5.56786560e+02, 3.72738808e-01 ]
