%YAML:1.0
---
pose_0: !!opencv-matrix
   rows: 1
   cols: 25
   dt: "3f"
   data: [ 7.48092102e+02, 5.71507996e+02, 8.54195654e-01,
       8.62844482e+02, 5.74380249e+02, 7.76061416e-01, 8.56904175e+02,
       6.42057861e+02, 6.72807217e-01, 1.00412451e+03, 6.95222717e+02,
       7.76109040e-01, 1.12772522e+03, 7.36329712e+02, 8.08132708e-01,
       8.74697510e+02, 5.00786072e+02, 6.43707514e-01, 1.00421295e+03,
       4.59618317e+02, 8.18347931e-01, 1.13659985e+03, 4.09626556e+02,
       8.18205357e-01, 1.12185559e+03, 5.83255127e+02, 5.61495125e-01,
       1.11901794e+03, 6.36212585e+02, 5.83492696e-01, 1.32493152e+03,
       6.45187622e+02, 7.24596143e-01, 1.55453247e+03, 6.62709839e+02,
       6.14421189e-01, 1.11902417e+03, 5.30211792e+02, 6.18171871e-01,
       1.31910474e+03, 5.06667664e+02, 5.48848510e-01, 1.53976160e+03,
       4.53738678e+02, 5.90790570e-01, 7.36333191e+02, 5.80309937e+02,
       8.51614833e-01, 7.42192017e+02, 5.50792480e+02, 9.12390172e-01,
       7.54005493e+02, 6.00992859e+02, 4.55593497e-01, 7.65717407e+02,
       5.27333374e+02, 6.19675636e-01, 1.63388318e+03, 4.53702484e+02,
       4.54166412e-01, 1.62810339e+03, 4.41982574e+02, 4.59358275e-01,
       1.54573816e+03, 4.33072235e+02, 2.33618677e-01, 1.63099792e+03,
       6.71558228e+02, 4.59504575e-01, 1.61638220e+03, 6.83329651e+02,
       4.63357449e-01, 1.58105066e+03, 6.45097290e+02, 3.36453885e-01 ]
