%YAML:1.0
---
pose_0: !!opencv-matrix
   rows: 1
   cols: 25
   dt: "3f"
   data: [ 7.56878601e+02, 3.65440735e+02, 8.69847178e-01,
       8.68806335e+02, 3.59615387e+02, 7.05077767e-01, 8.60032593e+02,
       4.30146942e+02, 6.55546606e-01, 9.62938660e+02, 4.62635223e+02,
       3.66934091e-01, 1.02467566e+03, 5.00812286e+02, 5.50424397e-01,
       8.83556702e+02, 2.71256897e+02, 7.46186137e-01, 1.01884198e+03,
       2.24323212e+02, 8.02293122e-01, 1.11905310e+03, 1.53696945e+02,
       8.30919087e-01, 1.13961243e+03, 3.83078918e+02, 6.15622640e-01,
       1.13362744e+03, 4.30197388e+02, 6.01813555e-01, 1.33382935e+03,
       4.71452057e+02, 5.71189046e-01, 1.53687964e+03, 4.80290283e+02,
       6.30723238e-01, 1.14250073e+03, 3.24251434e+02, 5.75176775e-01,
       1.35733142e+03, 3.27223877e+02, 5.42158782e-01, 1.57217847e+03,
       3.09570221e+02, 5.54260612e-01, 7.39276978e+02, 3.86015289e+02,
       8.37610126e-01, 7.42168884e+02, 3.44915192e+02, 8.22597384e-01,
       7.59900269e+02, 4.06694946e+02, 2.82685310e-01, 7.62917053e+02,
       3.18388702e+02, 5.23882329e-01, 1.63997888e+03, 2.68388519e+02,
       4.46392715e-01, 1.63688318e+03, 2.68392426e+02, 4.82928216e-01,
       1.60751294e+03, 3.18362030e+02, 3.02683830e-01, 1.60162158e+03,
       4.68459381e+02, 3.74806136e-01, 1.58990198e+03, 4.80309631e+02,
       3.28173041e-01, 1.56334070e+03, 4.68478760e+02, 2.79408574e-01 ]
