%YAML:1.0
---
pose_0: !!opencv-matrix
   rows: 2
   cols: 25
   dt: "3f"
   data: [ 0., 0., 0., 7.86391785e+02, 4.65563934e+02, 2.54340142e-01,
       8.03978516e+02, 4.50853912e+02, 2.91894317e-01, 9.33490417e+02,
       4.33008820e+02, 2.04922438e-01, 1.11012378e+03, 4.41953827e+02,
       1.07003883e-01, 6.89164673e+02, 5.12643555e+02, 7.80402720e-02,
       0., 0., 0., 0., 0., 0., 1.12186682e+03, 4.94934113e+02,
       2.08975255e-01, 1.13070276e+03, 4.97900116e+02, 1.96434245e-01,
       1.33386023e+03, 5.24364929e+02, 4.03089762e-01, 1.54869287e+03,
       4.59749176e+02, 3.44043136e-01, 1.12187598e+03, 4.91989960e+02,
       1.90257117e-01, 1.34261853e+03, 5.27293274e+02, 3.96347463e-01,
       1.58988098e+03, 4.74375885e+02, 3.00541878e-01, 0., 0., 0., 0.,
       0., 0., 7.36345520e+02, 4.47885834e+02, 1.07179776e-01, 0., 0.,
       0., 1.66047571e+03, 4.15562317e+02, 1.99299544e-01,
       1.65761487e+03, 4.15555939e+02, 1.86831027e-01, 1.63696362e+03,
       5.03817627e+02, 1.53337598e-01, 0., 0., 0., 0., 0., 0.,
       1.65460327e+03, 5.00862457e+02, 6.42671734e-02, 0., 0., 0., 0.,
       0., 0., 0., 0., 0., 0., 0., 0., 0., 0., 0., 7.95153564e+02,
       4.59667084e+02, 2.12901697e-01, 9.36475037e+02, 4.30104858e+02,
       2.94583678e-01, 1.10421802e+03, 4.39140533e+02, 5.41524708e-01,
       0., 0., 0., 0., 0., 0., 0., 0., 0., 0., 0., 0., 0., 0., 0., 0.,
       0., 0., 0., 0., 0., 0., 0., 0., 0., 0., 0., 0., 0., 0.,
       7.12780151e+02, 4.97910461e+02, 1.25002295e-01, 0., 0., 0., 0.,
       0., 0., 0., 0., 0., 0., 0., 0., 0., 0., 0., 0., 0., 0. ]
