%YAML:1.0
---
pose_0: !!opencv-matrix
   rows: 1
   cols: 25
   dt: "3f"
   data: [ 7.86325378e+02, 4.89152283e+02, 8.21378052e-01,
       8.83460327e+02, 5.15568237e+02, 7.60341108e-01, 8.80594360e+02,
       5.83306030e+02, 6.72050536e-01, 9.77750671e+02, 6.62754028e+02,
       8.17485213e-01, 8.80562988e+02, 7.00982361e+02, 7.43373275e-01,
       8.95293640e+02, 4.47854797e+02, 6.91190004e-01, 9.77780090e+02,
       3.56588531e+02, 8.43711257e-01, 9.39448486e+02, 2.30095490e+02,
       7.77269900e-01, 1.13945947e+03, 5.24443787e+02, 6.04232430e-01,
       1.13655847e+03, 5.71517883e+02, 5.90046167e-01, 1.33081946e+03,
       6.18587158e+02, 6.99351490e-01, 1.52802771e+03, 6.44929932e+02,
       6.64950609e-01, 1.13947034e+03, 4.74326660e+02, 5.52783728e-01,
       1.34555457e+03, 4.56807861e+02, 6.74370646e-01, 1.55158057e+03,
       4.33232605e+02, 6.84726298e-01, 7.71603394e+02, 5.06842468e+02,
       8.29961896e-01, 7.68755737e+02, 4.80212891e+02, 8.36190701e-01,
       7.89343262e+02, 5.33336121e+02, 7.44900823e-01, 7.89402832e+02,
       4.59789368e+02, 3.68448377e-01, 1.61927893e+03, 4.36034790e+02,
       5.10282636e-01, 1.61629419e+03, 4.27248383e+02, 5.35494506e-01,
       1.56924243e+03, 4.18460480e+02, 2.79387504e-01, 1.57511438e+03,
       6.92246277e+02, 5.46056032e-01, 1.56928040e+03, 6.92094666e+02,
       4.74148512e-01, 1.55750647e+03, 6.21566040e+02, 5.16842246e-01 ]
