%YAML:1.0
---
pose_0: !!opencv-matrix
   rows: 1
   cols: 25
   dt: "3f"
   data: [ 7.51082520e+02, 3.41897003e+02, 8.46763194e-01,
       8.77633118e+02, 3.39024963e+02, 6.86505437e-01, 8.83552612e+02,
       4.18469330e+02, 5.87445021e-01, 1.01001910e+03, 4.68435852e+02,
       5.15277565e-01, 1.02482690e+03, 4.59579742e+02, 5.54839492e-01,
       8.89403503e+02, 2.47815796e+02, 6.78996921e-01, 1.02488745e+03,
       2.18337631e+02, 8.38611305e-01, 1.13958325e+03, 1.50603287e+02,
       8.98326039e-01, 1.14240222e+03, 3.74308899e+02, 6.12672985e-01,
       1.13065857e+03, 4.24371429e+02, 6.15116894e-01, 1.34855481e+03,
       4.62697784e+02, 6.73092484e-01, 1.51927368e+03, 4.80206482e+02,
       5.88271737e-01, 1.14836511e+03, 3.18408966e+02, 5.77836573e-01,
       1.35443372e+03, 3.18318756e+02, 7.54980743e-01, 1.58098865e+03,
       2.94865356e+02, 6.19043231e-01, 7.39250793e+02, 3.62423248e+02,
       8.08119297e-01, 7.39336670e+02, 3.24227051e+02, 8.30421925e-01,
       7.59842041e+02, 3.83135132e+02, 3.07589322e-01, 7.62841187e+02,
       2.97752289e+02, 6.29129589e-01, 1.64282324e+03, 2.74249054e+02,
       3.86996180e-01, 1.63694299e+03, 2.68394928e+02, 4.36231107e-01,
       1.60753796e+03, 2.94820465e+02, 3.13113719e-01, 1.59284741e+03,
       4.65550812e+02, 2.90543854e-01, 1.58682397e+03, 4.83231171e+02,
       2.66106009e-01, 1.54576221e+03, 4.71395233e+02, 3.16723377e-01 ]
