%YAML:1.0
---
pose_0: !!opencv-matrix
   rows: 1
   cols: 25
   dt: "3f"
   data: [ 7.62764832e+02, 4.33124115e+02, 8.78184438e-01,
       8.54000488e+02, 4.38999481e+02, 7.22186267e-01, 8.56937744e+02,
       4.83225006e+02, 6.52771533e-01, 9.24594543e+02, 5.56726563e+02,
       8.22957695e-01, 7.92228638e+02, 5.09627014e+02, 8.17847192e-01,
       8.39307617e+02, 3.83130157e+02, 5.67683101e-01, 9.24657166e+02,
       3.44925720e+02, 7.80754805e-01, 7.95208313e+02, 3.89057251e+02,
       8.09938192e-01, 1.12478894e+03, 4.53807251e+02, 6.10472143e-01,
       1.12189417e+03, 5.00837677e+02, 6.04215443e-01, 1.31319910e+03,
       5.03865936e+02, 7.69818544e-01, 1.55743311e+03, 5.06674103e+02,
       6.09639883e-01, 1.12779675e+03, 4.06646606e+02, 5.75757146e-01,
       1.34259729e+03, 3.77223663e+02, 4.82299805e-01, 1.54282178e+03,
       3.85963379e+02, 4.65163350e-01, 7.45165344e+02, 4.39139954e+02,
       8.32745075e-01, 7.51041565e+02, 4.12576965e+02, 8.00568998e-01,
       7.62699463e+02, 4.62548859e+02, 5.34679651e-01, 7.65810669e+02,
       3.92036743e+02, 5.70119858e-01, 1.61341833e+03, 3.50770508e+02,
       3.18820685e-01, 1.61040613e+03, 3.44940704e+02, 3.57826591e-01,
       1.58392175e+03, 3.86032227e+02, 1.92554727e-01, 1.61931543e+03,
       4.86175171e+02, 3.29299450e-01, 1.61925671e+03, 5.12636841e+02,
       2.95521200e-01, 1.58686096e+03, 4.86183838e+02, 3.93884331e-01 ]
