%YAML:1.0
---
pose_0: !!opencv-matrix
   rows: 1
   cols: 25
   dt: "3f"
   data: [ 7.86285156e+02, 4.83087524e+02, 8.60451818e-01,
       8.42298706e+02, 5.30428650e+02, 7.25952983e-01, 8.21636169e+02,
       5.74441162e+02, 5.83857715e-01, 7.39313843e+02, 5.42010254e+02,
       6.77104235e-01, 7.39336487e+02, 4.83281464e+02, 4.24831957e-01,
       8.74674316e+02, 4.97956482e+02, 5.88113129e-01, 9.45267029e+02,
       4.15486145e+02, 6.29334986e-01, 9.60045410e+02, 2.94747711e+02,
       7.97388017e-01, 1.14247156e+03, 5.24342041e+02, 4.58085209e-01,
       1.15422644e+03, 5.74335571e+02, 4.04061258e-01, 1.37205444e+03,
       6.21373291e+02, 5.17250657e-01, 1.54281287e+03, 6.95237122e+02,
       5.90923309e-01, 1.13948450e+03, 4.59589569e+02, 4.93086845e-01,
       1.31032031e+03, 3.65390594e+02, 7.08647847e-01, 1.48684290e+03,
       3.44896729e+02, 1.94714189e-01, 7.65773743e+02, 4.86238464e+02,
       8.03608537e-01, 7.68715942e+02, 4.68447754e+02, 4.47235554e-01,
       7.71703064e+02, 5.24337769e+02, 6.73123240e-01, 0., 0., 0., 0.,
       0., 0., 0., 0., 0., 1.53393164e+03, 3.47767670e+02,
       1.34376049e-01, 1.61341333e+03, 6.74497437e+02, 6.15994513e-01,
       1.61038245e+03, 6.92119751e+02, 5.26453733e-01, 1.56039526e+03,
       7.24517334e+02, 4.08556104e-01 ]
