%YAML:1.0
---
pose_0: !!opencv-matrix
   rows: 1
   cols: 25
   dt: "3f"
   data: [ 7.83298523e+02, 4.74306854e+02, 8.32022607e-01,
       9.01122192e+02, 4.89143036e+02, 6.52499795e-01, 8.74660339e+02,
       5.42040283e+02, 7.71765113e-01, 9.30539490e+02, 4.33054626e+02,
       5.67030489e-01, 1.00114154e+03, 2.65443146e+02, 7.96446741e-01,
       9.33529358e+02, 4.41975952e+02, 4.36259627e-01, 1.04540039e+03,
       4.09533051e+02, 8.04712951e-01, 1.17196472e+03, 3.62380981e+02,
       7.94442594e-01, 1.14241235e+03, 4.91998657e+02, 6.16236210e-01,
       1.14240747e+03, 5.36159973e+02, 6.08565748e-01, 1.35442346e+03,
       5.83267700e+02, 7.03990877e-01, 1.53391675e+03, 6.53961609e+02,
       6.31875277e-01, 1.13961108e+03, 4.47839233e+02, 6.32947087e-01,
       1.29850122e+03, 3.85943848e+02, 6.33940518e-01, 1.50452490e+03,
       3.65463165e+02, 6.10047698e-01, 7.65829956e+02, 4.86164612e+02,
       8.01174879e-01, 7.65813965e+02, 4.59661743e+02, 8.64853680e-01,
       7.86399292e+02, 5.06837494e+02, 5.13253450e-01, 7.83394348e+02,
       4.47818939e+02, 2.63008803e-01, 1.59869629e+03, 2.94929230e+02,
       4.09712821e-01, 1.59279211e+03, 2.97717285e+02, 4.07114208e-01,
       1.53686560e+03, 3.77254395e+02, 2.94032812e-01, 1.60166345e+03,
       6.30369202e+02, 6.03993714e-01, 1.58990540e+03, 6.47920471e+02,
       5.85597694e-01, 1.54277075e+03, 6.74520447e+02, 5.08825660e-01 ]
