%YAML:1.0
---
pose_0: !!opencv-matrix
   rows: 1
   cols: 25
   dt: "3f"
   data: [ 6.62692932e+02, 5.18468567e+02, 5.39325655e-01,
       7.56917664e+02, 4.42007324e+02, 3.10736239e-01, 0., 0., 0., 0.,
       0., 0., 0., 0., 0., 7.45188416e+02, 4.03684448e+02,
       4.71119046e-01, 8.95272522e+02, 3.44843231e+02, 4.20999438e-01,
       1.09250635e+03, 3.39097290e+02, 6.58655524e-01, 1.06302625e+03,
       4.53757721e+02, 2.05725312e-01, 1.06006250e+03, 4.47876923e+02,
       1.25771627e-01, 1.23372058e+03, 4.56606293e+02, 1.37423694e-01,
       0., 0., 0., 1.07773059e+03, 4.33184021e+02, 1.68128550e-01,
       1.36029395e+03, 4.56628143e+02, 2.35204995e-01, 1.39854602e+03,
       4.33255646e+02, 5.04140742e-02, 6.33271179e+02, 5.15523254e+02,
       9.71458033e-02, 6.42114624e+02, 5.03844604e+02, 4.69999403e-01,
       0., 0., 0., 6.47977966e+02, 4.56592743e+02, 4.35275495e-01, 0.,
       0., 0., 0., 0., 0., 0., 0., 0., 0., 0., 0., 0., 0., 0., 0., 0.,
       0. ]
