%YAML:1.0
---
pose_0: !!opencv-matrix
   rows: 1
   cols: 25
   dt: "3f"
   data: [ 6.71581299e+02, 5.27296875e+02, 8.01911235e-01,
       7.89282471e+02, 4.74365997e+02, 7.30540991e-01, 7.92270752e+02,
       5.59766357e+02, 6.30612075e-01, 9.18838623e+02, 6.03888062e+02,
       6.65140867e-01, 9.95347473e+02, 6.62655945e+02, 7.82047331e-01,
       7.89399414e+02, 3.83099121e+02, 6.20765865e-01, 9.54226563e+02,
       3.24242523e+02, 7.82973647e-01, 1.04831763e+03, 2.59498932e+02,
       7.90779054e-01, 1.10420972e+03, 5.24331360e+02, 5.58724642e-01,
       1.09237781e+03, 5.74438721e+02, 5.91450095e-01, 1.32793298e+03,
       6.30361572e+02, 7.02048182e-01, 1.49865356e+03, 6.18572205e+02,
       6.66510701e-01, 1.11600610e+03, 4.59643616e+02, 5.35634041e-01,
       1.34559949e+03, 4.80337128e+02, 6.69090748e-01, 1.61634631e+03,
       4.89046387e+02, 5.98928154e-01, 6.48176697e+02, 5.30241394e+02,
       4.90327060e-01, 6.53926575e+02, 5.06721466e+02, 7.34787822e-01,
       0., 0., 0., 6.68714661e+02, 4.56622955e+02, 5.85209668e-01,
       1.69874817e+03, 4.59585541e+02, 4.76023436e-01, 1.68997644e+03,
       4.56696930e+02, 4.69539583e-01, 1.65163989e+03, 5.09712189e+02,
       3.05966645e-01, 1.59282080e+03, 6.45037231e+02, 4.24587369e-01,
       1.58691333e+03, 6.45113159e+02, 4.52752978e-01, 1.52511816e+03,
       5.94966003e+02, 4.75797087e-01 ]
