%YAML:1.0
---
pose_0: !!opencv-matrix
   rows: 1
   cols: 25
   dt: "3f"
   data: [ 7.89423889e+02, 4.86231323e+02, 8.58164728e-01,
       8.68800293e+02, 5.06817261e+02, 6.78530991e-01, 8.68742310e+02,
       5.56841370e+02, 6.35122836e-01, 9.30551270e+02, 5.27389526e+02,
       8.02969933e-01, 9.33625061e+02, 3.68490662e+02, 7.04450130e-01,
       8.59980408e+02, 4.56710052e+02, 5.65599918e-01, 1.00132928e+03,
       3.68368317e+02, 7.18319058e-01, 1.11298438e+03, 2.97853333e+02,
       7.89403498e-01, 1.10131335e+03, 4.62602356e+02, 5.85291922e-01,
       1.10424414e+03, 5.06840637e+02, 6.10684574e-01, 1.33383582e+03,
       5.30159424e+02, 5.81425250e-01, 1.52510278e+03, 5.30264587e+02,
       5.80728114e-01, 1.09838147e+03, 4.12634308e+02, 6.02005661e-01,
       1.19841614e+03, 3.86031189e+02, 6.99662209e-01, 1.37495898e+03,
       3.89121246e+02, 6.51220381e-01, 7.80388794e+02, 5.03902679e+02,
       8.44159603e-01, 7.86249695e+02, 4.80123169e+02, 8.61856461e-01,
       7.86475647e+02, 5.33280029e+02, 7.21623182e-01, 8.06938232e+02,
       4.62589813e+02, 2.45656654e-01, 1.44869238e+03, 3.83091797e+02,
       4.15513486e-01, 1.44569470e+03, 3.71301300e+02, 4.35963750e-01,
       1.39561401e+03, 4.00764465e+02, 2.96881676e-01, 1.58685547e+03,
       5.06695251e+02, 2.74643600e-01, 1.57517297e+03, 5.21472168e+02,
       2.32984990e-01, 1.55745459e+03, 5.24409851e+02, 3.32230926e-01 ]
