%YAML:1.0
---
pose_0: !!opencv-matrix
   rows: 1
   cols: 25
   dt: "3f"
   data: [ 4.56759308e+02, 5.21425110e+02, 6.73531234e-01,
       5.50802063e+02, 5.62636719e+02, 4.48044598e-01, 5.53828613e+02,
       6.45055298e+02, 1.99813396e-01, 8.09775513e+02, 7.80412048e+02,
       7.39354134e-01, 6.03915100e+02, 7.15831116e+02, 7.66621113e-01,
       5.45006226e+02, 4.83261292e+02, 4.34228063e-01, 8.30469116e+02,
       4.36031158e+02, 7.89871514e-01, 5.95028931e+02, 4.77236633e+02,
       4.67170894e-01, 1.04534973e+03, 5.56785706e+02, 3.86426955e-01,
       1.04233813e+03, 6.39185974e+02, 3.90619159e-01, 1.19546680e+03,
       6.77469116e+02, 2.53884166e-01, 1.78116162e+03, 6.68602356e+02,
       2.53359973e-01, 1.03654968e+03, 4.83245758e+02, 3.48287284e-01,
       1.31905347e+03, 4.09575012e+02, 2.74159551e-01, 1.54865051e+03,
       3.80145660e+02, 1.98850885e-01, 4.21351013e+02, 5.33255981e+02,
       6.63901448e-01, 4.42007477e+02, 4.91986816e+02, 6.12363756e-01,
       4.33122528e+02, 5.77455017e+02, 3.22732061e-01, 4.80182007e+02,
       4.74296478e+02, 2.22159252e-01, 1.66343225e+03, 4.36051453e+02,
       1.04352750e-01, 0., 0., 0., 0., 0., 0., 0., 0., 0., 0., 0., 0.,
       1.79295508e+03, 6.74534668e+02, 1.75659925e-01 ]
