%YAML:1.0
---
pose_0: !!opencv-matrix
   rows: 1
   cols: 25
   dt: "3f"
   data: [ 7.39216064e+02, 5.50930908e+02, 8.79460394e-01,
       8.42332886e+02, 5.89132874e+02, 6.99882388e-01, 8.33441956e+02,
       6.53899719e+02, 5.45488238e-01, 9.48181396e+02, 7.18579041e+02,
       1.78115666e-01, 9.51060425e+02, 7.15616821e+02, 5.28917238e-02,
       8.62830872e+02, 5.18457642e+02, 7.09959924e-01, 9.74773438e+02,
       4.56591705e+02, 8.14619005e-01, 1.03066870e+03, 3.80133148e+02,
       6.54557705e-01, 1.11013525e+03, 6.03848938e+02, 5.96843123e-01,
       1.10713977e+03, 6.48122131e+02, 6.18666768e-01, 1.28670215e+03,
       6.68470642e+02, 5.27351916e-01, 1.52509912e+03, 6.92085022e+02,
       5.74104130e-01, 1.11298975e+03, 5.53750305e+02, 6.05541229e-01,
       1.30729089e+03, 5.77494141e+02, 7.33183742e-01, 1.51917175e+03,
       6.00907898e+02, 5.60321927e-01, 7.21573242e+02, 5.65618347e+02,
       7.60394752e-01, 7.27444580e+02, 5.36199707e+02, 6.16529226e-01,
       7.39360596e+02, 5.97973755e+02, 6.71568513e-01, 0., 0., 0.,
       1.59282776e+03, 5.56817810e+02, 4.88220990e-01, 1.58984204e+03,
       5.56745544e+02, 5.21700621e-01, 1.53982471e+03, 6.24430420e+02,
       3.39749634e-01, 1.59578076e+03, 6.83373230e+02, 3.13632935e-01,
       1.58682312e+03, 6.98123901e+02, 2.91058809e-01, 1.54578235e+03,
       6.80394653e+02, 3.33906800e-01 ]
