%YAML:1.0
---
pose_0: !!opencv-matrix
   rows: 1
   cols: 25
   dt: "3f"
   data: [ 6.95103333e+02, 6.03860107e+02, 8.26901913e-01,
       8.12935913e+02, 6.12714722e+02, 7.59729385e-01, 7.89337097e+02,
       6.92248413e+02, 8.00360858e-01, 9.30523010e+02, 7.68769531e+02,
       8.55417013e-01, 9.80546204e+02, 7.18573914e+02, 8.29372346e-01,
       8.42313354e+02, 5.30290649e+02, 5.59046149e-01, 1.01297076e+03,
       5.15520020e+02, 5.79168022e-01, 1.07194226e+03, 5.06801239e+02,
       4.65614289e-01, 1.09832483e+03, 6.68571289e+02, 6.04905665e-01,
       1.08944006e+03, 7.18593811e+02, 5.65416038e-01, 1.32794421e+03,
       7.56957275e+02, 5.27051687e-01, 1.56631982e+03, 7.62793457e+02,
       4.48364198e-01, 1.11298193e+03, 6.15572327e+02, 5.51202416e-01,
       1.34257898e+03, 5.80300964e+02, 5.63500762e-01, 1.56635132e+03,
       5.71505554e+02, 6.47276998e-01, 6.74519470e+02, 6.18539490e+02,
       7.28230596e-01, 6.83363342e+02, 5.80340149e+02, 7.58533180e-01,
       6.92174438e+02, 6.39227966e+02, 2.20385134e-01, 7.15689514e+02,
       5.53769226e+02, 5.45228899e-01, 1.66058704e+03, 5.09773895e+02,
       4.55969930e-01, 1.65753516e+03, 5.09760040e+02, 4.03051257e-01,
       1.58698193e+03, 5.77415588e+02, 3.65997106e-01, 1.65748730e+03,
       7.77506042e+02, 1.46759808e-01, 1.65751501e+03, 7.74563538e+02,
       1.21729113e-01, 1.59572668e+03, 7.48082520e+02, 2.78777897e-01 ]
