%YAML:1.0
---
pose_0: !!opencv-matrix
   rows: 1
   cols: 25
   dt: "3f"
   data: [ 6.77457642e+02, 5.97996521e+02, 7.42436528e-01,
       7.95232300e+02, 6.06790527e+02, 6.72941089e-01, 7.86344727e+02,
       6.83362366e+02, 6.30374491e-01, 9.07078369e+02, 7.68781555e+02,
       8.28808486e-01, 8.36318848e+02, 7.42191284e+02, 7.27765441e-01,
       7.98099243e+02, 5.27256775e+02, 5.02947927e-01, 9.74684692e+02,
       4.80126953e+02, 8.35490584e-01, 8.59907166e+02, 4.59748779e+02,
       8.65446031e-01, 1.08066003e+03, 6.68658630e+02, 5.81209838e-01,
       1.06298230e+03, 7.21559692e+02, 5.57935178e-01, 1.30437097e+03,
       7.45113647e+02, 4.70599085e-01, 1.56927100e+03, 7.62809326e+02,
       5.23503363e-01, 1.09536951e+03, 6.12657288e+02, 5.29165030e-01,
       1.35150110e+03, 5.97982788e+02, 6.00922227e-01, 1.62221033e+03,
       5.36200500e+02, 4.83134866e-01, 6.68513977e+02, 6.09710205e+02,
       6.80504262e-01, 6.68515686e+02, 5.77408447e+02, 6.69401705e-01,
       6.80356628e+02, 6.30423584e+02, 4.11882520e-01, 6.77473755e+02,
       5.47943604e+02, 3.93554509e-01, 1.70752625e+03, 4.92023468e+02,
       4.60115969e-01, 1.70455957e+03, 4.92025757e+02, 4.26377177e-01,
       0., 0., 0., 1.64576880e+03, 7.74552307e+02, 5.46972267e-02, 0.,
       0., 0., 1.60164441e+03, 7.56932312e+02, 3.15529674e-01 ]
