%YAML:1.0
---
pose_0: !!opencv-matrix
   rows: 1
   cols: 25
   dt: "3f"
   data: [ 7.65834839e+02, 4.71429169e+02, 8.24088216e-01,
       8.83489990e+02, 4.94917725e+02, 7.84116149e-01, 8.62883179e+02,
       5.56843811e+02, 7.53724992e-01, 9.71832947e+02, 6.27421997e+02,
       7.97505200e-01, 1.07177954e+03, 7.03918091e+02, 7.83159494e-01,
       9.01173584e+02, 4.33185944e+02, 7.04241037e-01, 1.03942981e+03,
       3.68380371e+02, 7.93112814e-01, 1.12192834e+03, 2.94711151e+02,
       8.52881908e-01, 1.13949988e+03, 4.77318970e+02, 5.98347247e-01,
       1.13949744e+03, 5.27212219e+02, 5.93920231e-01, 1.34849780e+03,
       5.50863342e+02, 7.46668339e-01, 1.55453198e+03, 5.62634705e+02,
       5.93708038e-01, 1.13946912e+03, 4.21415253e+02, 5.78018486e-01,
       1.33673914e+03, 4.21432678e+02, 6.52635932e-01, 1.57512231e+03,
       4.27239166e+02, 6.62757993e-01, 7.56856750e+02, 4.86104797e+02,
       8.20764840e-01, 7.59904602e+02, 4.56616455e+02, 8.94337118e-01,
       7.65881470e+02, 5.15573059e+02, 6.10798419e-01, 7.83446533e+02,
       4.35990662e+02, 6.68530643e-01, 1.63993079e+03, 4.59740662e+02,
       2.49299273e-01, 1.63988342e+03, 4.39100586e+02, 2.64456540e-01,
       1.60750256e+03, 4.12570343e+02, 2.73107648e-01, 1.61333057e+03,
       5.83247620e+02, 3.00084442e-01, 1.61048230e+03, 5.86166138e+02,
       3.40461612e-01, 1.58696802e+03, 5.45017639e+02, 3.96963120e-01 ]
