%YAML:1.0
---
pose_0: !!opencv-matrix
   rows: 1
   cols: 25
   dt: "3f"
   data: [ 7.86207703e+02, 5.50820740e+02, 8.60496640e-01,
       8.80573792e+02, 5.15539063e+02, 7.72560477e-01, 8.80613892e+02,
       5.97882263e+02, 7.53928781e-01, 9.60007935e+02, 6.74461365e+02,
       6.98575854e-01, 1.00716064e+03, 7.18801086e+02, 7.23807693e-01,
       8.83434082e+02, 4.44900299e+02, 6.82951868e-01, 9.24588806e+02,
       3.56613007e+02, 7.35029757e-01, 8.54028015e+02, 3.12526062e+02,
       7.22548366e-01, 1.13362415e+03, 5.36213623e+02, 5.28570831e-01,
       1.12775208e+03, 5.86167297e+02, 5.46467900e-01, 1.33097107e+03,
       6.18475403e+02, 6.92936361e-01, 1.51625745e+03, 6.24515198e+02,
       6.44868672e-01, 1.13654285e+03, 4.83264801e+02, 4.96151149e-01,
       1.34855103e+03, 4.59628052e+02, 6.21067584e-01, 1.54283545e+03,
       4.36058167e+02, 6.77687168e-01, 7.65870728e+02, 5.56853333e+02,
       7.81977117e-01, 7.65851868e+02, 5.30293518e+02, 8.31665099e-01,
       7.89347229e+02, 5.71488892e+02, 8.85486454e-02, 7.80424500e+02,
       5.03680634e+02, 5.39345145e-01, 1.61339575e+03, 4.24328369e+02,
       4.11696851e-01, 1.61034180e+03, 4.21357025e+02, 4.55030352e-01,
       1.57805066e+03, 4.33209625e+02, 2.62583315e-01, 1.58097974e+03,
       6.53905945e+02, 3.05695862e-01, 1.57513745e+03, 6.50994629e+02,
       3.46782416e-01, 1.54575549e+03, 6.06868286e+02, 4.03612912e-01 ]
