%YAML:1.0
---
pose_0: !!opencv-matrix
   rows: 1
   cols: 25
   dt: "3f"
   data: [ 7.36220032e+02, 4.83116638e+02, 8.86652589e-01,
       8.54056946e+02, 4.83303772e+02, 6.85802162e-01, 8.59961304e+02,
       5.53932312e+02, 6.00917995e-01, 9.83557495e+02, 6.21528198e+02,
       8.35287452e-01, 1.08649976e+03, 6.68669800e+02, 8.31006646e-01,
       8.51085205e+02, 4.24326691e+02, 5.71191311e-01, 1.00117871e+03,
       3.74247559e+02, 7.27995455e-01, 1.13962622e+03, 3.35954285e+02,
       8.30305338e-01, 1.11306458e+03, 5.06708984e+02, 6.29365563e-01,
       1.10423938e+03, 5.50998657e+02, 6.04511976e-01, 1.30725415e+03,
       5.53849548e+02, 7.51269400e-01, 1.51922034e+03, 5.65605469e+02,
       4.19649005e-01, 1.11894458e+03, 4.56637207e+02, 6.03947878e-01,
       1.29844604e+03, 4.53786072e+02, 6.37214720e-01, 1.57808313e+03,
       4.53783539e+02, 4.23647940e-01, 7.18679077e+02, 4.94986908e+02,
       7.68073678e-01, 7.21562256e+02, 4.59748291e+02, 8.39378715e-01,
       7.39128784e+02, 5.09662292e+02, 3.51490647e-01, 7.45138855e+02,
       4.39102692e+02, 6.61381066e-01, 1.68401831e+03, 4.33156219e+02,
       4.86153454e-01, 1.68112146e+03, 4.27264587e+02, 4.78639811e-01,
       1.58105835e+03, 4.53782959e+02, 2.05651909e-01, 1.49567358e+03,
       6.53887573e+02, 3.32665920e-01, 1.48679492e+03, 6.48013489e+02,
       2.92460471e-01, 1.55163342e+03, 5.56769043e+02, 2.43208185e-01 ]
