%YAML:1.0
---
pose_0: !!opencv-matrix
   rows: 1
   cols: 25
   dt: "3f"
   data: [ 6.68643188e+02, 5.27382690e+02, 8.54890704e-01,
       7.68649292e+02, 5.09712921e+02, 6.55407488e-01, 7.68668030e+02,
       5.83272644e+02, 4.66721416e-01, 9.33532349e+02, 6.03919739e+02,
       2.85671145e-01, 9.59977417e+02, 6.03923401e+02, 1.79363057e-01,
       7.71625244e+02, 4.33130188e+02, 6.41315103e-01, 9.07039429e+02,
       3.68383331e+02, 8.12546730e-01, 1.02475244e+03, 3.24239258e+02,
       8.50177407e-01, 1.08946716e+03, 5.03829163e+02, 5.11853099e-01,
       1.08068213e+03, 5.56723938e+02, 5.16863048e-01, 1.27195703e+03,
       5.33264038e+02, 6.37061238e-01, 1.54280713e+03, 5.30357117e+02,
       4.14605439e-01, 1.09239539e+03, 4.39077789e+02, 4.78337198e-01,
       1.31904639e+03, 4.83160187e+02, 5.79688430e-01, 1.53684766e+03,
       5.42058167e+02, 3.18613738e-01, 6.50914001e+02, 5.44966614e+02,
       7.99678564e-01, 6.51048767e+02, 5.06699707e+02, 7.89115310e-01,
       6.71534424e+02, 5.59674255e+02, 2.38507271e-01, 6.71681702e+02,
       4.77290039e+02, 6.05066299e-01, 0., 0., 0., 0., 0., 0.,
       1.58395544e+03, 5.33268677e+02, 1.63182393e-01, 1.68117566e+03,
       5.86179626e+02, 9.70371142e-02, 0., 0., 0., 1.60159753e+03,
       5.27349609e+02, 2.33649403e-01 ]
