%YAML:1.0
---
pose_0: !!opencv-matrix
   rows: 1
   cols: 25
   dt: "3f"
   data: [ 5.53912476e+02, 5.06759827e+02, 7.32554078e-01,
       7.15630981e+02, 5.18466492e+02, 4.16361839e-01, 7.18589661e+02,
       6.21549500e+02, 2.26684228e-01, 0., 0., 0., 0., 0., 0.,
       7.24541931e+02, 4.18454865e+02, 4.91458356e-01, 9.09975464e+02,
       3.88972046e+02, 6.92763984e-01, 1.07774426e+03, 3.30116608e+02,
       7.47574091e-01, 1.04829053e+03, 5.74415894e+02, 4.46027040e-01,
       1.03360510e+03, 6.33311768e+02, 3.98814708e-01, 1.28371118e+03,
       6.47915405e+02, 5.22430778e-01, 1.68110095e+03, 6.71615173e+02,
       3.96730006e-01, 1.05713757e+03, 5.06806976e+02, 4.31584716e-01,
       1.30142786e+03, 4.59667053e+02, 1.39788955e-01, 1.51924548e+03,
       4.59597290e+02, 2.64257073e-01, 5.47942932e+02, 5.30418823e+02,
       6.75260246e-01, 5.30387512e+02, 4.86189667e+02, 6.51417732e-01,
       5.62681824e+02, 5.59683228e+02, 3.77738237e-01, 5.65641174e+02,
       4.59548035e+02, 2.80942917e-01, 1.64867090e+03, 4.56659271e+02,
       1.56919613e-01, 0., 0., 0., 1.55745239e+03, 4.77342377e+02,
       2.16646209e-01, 1.76057910e+03, 6.45042664e+02, 7.03594685e-02,
       0., 0., 0., 1.69875671e+03, 6.68645996e+02, 1.73008442e-01 ]
