%YAML:1.0
---
pose_0: !!opencv-matrix
   rows: 1
   cols: 25
   dt: "3f"
   data: [ 7.42121948e+02, 5.06857208e+02, 8.76734614e-01,
       8.59850830e+02, 5.30266418e+02, 7.89961278e-01, 8.56959961e+02,
       6.03893677e+02, 7.30848014e-01, 9.74589294e+02, 6.47898010e+02,
       8.24487567e-01, 1.09534180e+03, 6.92068665e+02, 8.81786823e-01,
       8.60009521e+02, 4.62577026e+02, 7.27582812e-01, 1.00421619e+03,
       4.33281830e+02, 8.03035617e-01, 1.13950928e+03, 4.12462128e+02,
       7.21064150e-01, 1.11891418e+03, 5.33188782e+02, 6.02578521e-01,
       1.11597522e+03, 5.77473022e+02, 6.22554541e-01, 1.30429675e+03,
       5.74304321e+02, 6.70921504e-01, 1.52515027e+03, 5.62653015e+02,
       5.42838097e-01, 1.11893274e+03, 4.80269257e+02, 6.34760201e-01,
       1.30737744e+03, 4.80306396e+02, 7.57355928e-01, 1.53684644e+03,
       4.80142120e+02, 5.34402728e-01, 7.24552734e+02, 5.27283569e+02,
       8.22965086e-01, 7.36210083e+02, 4.89144196e+02, 8.17516327e-01,
       7.42170715e+02, 5.53818604e+02, 7.11221039e-01, 7.62711548e+02,
       4.74318939e+02, 7.10181057e-01, 1.61051196e+03, 4.36150757e+02,
       5.55542171e-01, 1.60747290e+03, 4.36096558e+02, 5.66250682e-01,
       1.54870081e+03, 4.91989319e+02, 3.29527169e-01, 1.60749304e+03,
       5.59732971e+02, 3.00294280e-01, 1.59284204e+03, 5.74426758e+02,
       2.81003565e-01, 1.55452588e+03, 5.50936951e+02, 3.09256911e-01 ]
