%YAML:1.0
---
pose_0: !!opencv-matrix
   rows: 1
   cols: 25
   dt: "3f"
   data: [ 7.62837341e+02, 3.86068542e+02, 8.79680514e-01,
       8.80455383e+02, 4.09573334e+02, 7.60330498e-01, 8.62969482e+02,
       4.86251068e+02, 7.35626101e-01, 9.98323669e+02, 5.36247070e+02,
       6.93081379e-01, 1.00710986e+03, 5.27450073e+02, 4.72373605e-01,
       8.83575317e+02, 3.21409882e+02, 6.63217783e-01, 1.01890710e+03,
       2.91953033e+02, 7.83875346e-01, 1.09830518e+03, 2.68197815e+02,
       8.46389055e-01, 1.11891467e+03, 3.85980072e+02, 6.40113294e-01,
       1.11895642e+03, 4.33086487e+02, 6.42733455e-01, 1.34550488e+03,
       4.47859650e+02, 6.91046298e-01, 1.51923730e+03, 5.33241882e+02,
       6.38579965e-01, 1.11896851e+03, 3.35999786e+02, 6.24337137e-01,
       1.32791357e+03, 2.97783386e+02, 4.94056284e-01, 1.56338574e+03,
       2.91912292e+02, 6.20985746e-01, 7.45123779e+02, 4.03741211e+02,
       8.04903984e-01, 7.48099487e+02, 3.65540802e+02, 8.19425523e-01,
       7.65656738e+02, 4.33167938e+02, 6.14412665e-01, 7.71645325e+02,
       3.41992615e+02, 4.62867945e-01, 1.63699976e+03, 2.68274933e+02,
       5.42292058e-01, 1.63398767e+03, 2.65352509e+02, 5.43083906e-01,
       1.59572485e+03, 2.91864471e+02, 2.69036323e-01, 1.61643701e+03,
       5.50872925e+02, 5.46093762e-01, 1.60754724e+03, 5.56851196e+02,
       4.74318355e-01, 1.53987134e+03, 5.47893921e+02, 3.64020020e-01 ]
