%YAML:1.0
---
pose_0: !!opencv-matrix
   rows: 1
   cols: 25
   dt: "3f"
   data: [ 7.45166992e+02, 5.06767822e+02, 8.89052987e-01,
       8.59962585e+02, 5.27437805e+02, 8.07651520e-01, 8.57093140e+02,
       6.18613342e+02, 7.48911381e-01, 9.77629028e+02, 6.68532532e+02,
       7.19196022e-01, 1.07188220e+03, 6.56861755e+02, 4.99439001e-01,
       8.71736450e+02, 4.44972198e+02, 6.33882344e-01, 1.00108740e+03,
       3.92051788e+02, 8.44422221e-01, 9.24590576e+02, 4.36083923e+02,
       8.15422118e-01, 1.12780835e+03, 5.30214844e+02, 5.23913562e-01,
       1.12778491e+03, 5.77325745e+02, 5.85683405e-01, 1.34558752e+03,
       5.65560974e+02, 7.05772519e-01, 1.58101526e+03, 5.86178772e+02,
       6.22519433e-01, 1.12777332e+03, 4.74297241e+02, 5.35139620e-01,
       1.34261572e+03, 4.62577026e+02, 5.57726383e-01, 1.53684851e+03,
       4.83105713e+02, 5.77964008e-01, 7.36269043e+02, 5.24364868e+02,
       8.11076164e-01, 7.39260071e+02, 4.86247742e+02, 8.60702038e-01,
       7.42364685e+02, 5.50771484e+02, 7.06585050e-01, 7.62815063e+02,
       4.65488892e+02, 6.05495095e-01, 1.61051538e+03, 4.53800568e+02,
       5.68760574e-01, 1.60455542e+03, 4.47910706e+02, 5.83332539e-01,
       1.55454834e+03, 5.06734589e+02, 3.74271929e-01, 1.65460181e+03,
       5.80384521e+02, 5.49138784e-01, 1.63998633e+03, 5.97946228e+02,
       5.27965307e-01, 1.60159644e+03, 5.74490906e+02, 3.51888776e-01 ]
