%YAML:1.0
---
pose_0: !!opencv-matrix
   rows: 1
   cols: 25
   dt: "3f"
   data: [ 7.33408936e+02, 5.33315308e+02, 7.42508352e-01,
       8.06902100e+02, 4.56593384e+02, 5.77976108e-01, 8.06904419e+02,
       4.39082977e+02, 4.66823727e-01, 9.59966553e+02, 5.06861237e+02,
       1.90185398e-01, 9.27651611e+02, 6.15656189e+02, 1.95984498e-01,
       8.04034729e+02, 4.68436432e+02, 7.20522165e-01, 9.51078979e+02,
       5.24360718e+02, 7.80071497e-01, 9.24581543e+02, 6.24409241e+02,
       7.87653685e-01, 1.11011646e+03, 4.44951721e+02, 3.81972462e-01,
       1.10125659e+03, 4.39026550e+02, 2.47542739e-01, 1.32778467e+03,
       4.92027191e+02, 6.36143804e-01, 1.42798730e+03, 4.42033447e+02,
       2.62948692e-01, 1.11889417e+03, 4.56618744e+02, 3.62164617e-01,
       1.32796277e+03, 5.44985962e+02, 7.42874086e-01, 1.61046021e+03,
       4.33057281e+02, 3.88578236e-01, 0., 0., 0., 7.18722473e+02,
       5.24373047e+02, 7.99044609e-01, 0., 0., 0., 7.36245361e+02,
       4.80208862e+02, 6.97563291e-01, 1.66059924e+03, 3.68461426e+02,
       3.52750331e-01, 1.66343384e+03, 3.71411407e+02, 3.14453632e-01,
       1.65463037e+03, 4.21397552e+02, 1.63406074e-01, 0., 0., 0., 0.,
       0., 0., 1.42803699e+03, 4.30134918e+02, 1.17718369e-01 ]
