%YAML:1.0
---
pose_0: !!opencv-matrix
   rows: 1
   cols: 25
   dt: "3f"
   data: [ 7.71702637e+02, 4.36011993e+02, 8.52511227e-01,
       8.59955261e+02, 4.30230530e+02, 7.60230899e-01, 8.62831543e+02,
       4.83212799e+02, 6.48318529e-01, 9.77605835e+02, 5.33218628e+02,
       8.40984285e-01, 8.74680176e+02, 4.86132904e+02, 7.18198061e-01,
       8.57050537e+02, 3.65532135e+02, 6.54243648e-01, 9.86450806e+02,
       3.21336975e+02, 8.24591458e-01, 8.80632507e+02, 3.71388977e+02,
       8.57241154e-01, 1.12484436e+03, 4.56757080e+02, 6.38562381e-01,
       1.11604980e+03, 5.03763397e+02, 6.66499078e-01, 1.30428955e+03,
       5.30218201e+02, 7.38937259e-01, 1.50741785e+03, 5.42052429e+02,
       5.78267097e-01, 1.13661621e+03, 4.09617218e+02, 6.10759616e-01,
       1.34852100e+03, 4.12666534e+02, 5.58178782e-01, 1.55161731e+03,
       4.24337616e+02, 5.64098120e-01, 7.62697021e+02, 4.50833099e+02,
       7.94510961e-01, 7.62746521e+02, 4.18398773e+02, 8.13004434e-01,
       7.74568176e+02, 4.65608551e+02, 2.43971035e-01, 7.80503113e+02,
       3.92009430e+02, 6.54584765e-01, 1.61343799e+03, 4.15478607e+02,
       4.79853421e-01, 1.61049231e+03, 4.09586731e+02, 5.58263183e-01,
       1.58098584e+03, 4.30242889e+02, 3.49386692e-01, 1.51335657e+03,
       6.09733459e+02, 1.08343594e-01, 1.49868665e+03, 5.97954651e+02,
       1.39905781e-01, 1.53102563e+03, 5.30293823e+02, 3.79029542e-01 ]
