%YAML:1.0
---
pose_0: !!opencv-matrix
   rows: 1
   cols: 25
   dt: "3f"
   data: [ 6.51060791e+02, 4.86202667e+02, 8.21497619e-01,
       7.92208130e+02, 5.09717285e+02, 7.44128048e-01, 7.86370850e+02,
       6.03890625e+02, 7.49303162e-01, 8.80521423e+02, 7.15725037e+02,
       8.34123135e-01, 9.06979736e+02, 6.77491943e+02, 8.27296674e-01,
       8.09989014e+02, 4.12639008e+02, 6.88233435e-01, 9.74741455e+02,
       4.06605072e+02, 5.99610150e-01, 9.60010498e+02, 3.77235291e+02,
       4.60978359e-01, 1.10422461e+03, 5.12672119e+02, 4.94161427e-01,
       1.10126001e+03, 5.71464905e+02, 5.07787228e-01, 1.33375940e+03,
       5.50812561e+02, 6.38735771e-01, 1.59285046e+03, 5.68501221e+02,
       4.73292619e-01, 1.10124268e+03, 4.53786072e+02, 4.93368268e-01,
       1.35145691e+03, 4.33058228e+02, 5.18804848e-01, 1.52215027e+03,
       4.77345825e+02, 3.71635467e-01, 6.42099182e+02, 5.06882202e+02,
       8.37034166e-01, 6.45051819e+02, 4.71425354e+02, 8.52070451e-01,
       6.59832947e+02, 5.39153687e+02, 5.08263826e-01, 6.68688171e+02,
       4.50751923e+02, 5.27364552e-01, 1.63699170e+03, 4.56625183e+02,
       1.07158542e-01, 1.63989771e+03, 4.53684753e+02, 1.59646958e-01,
       1.54277979e+03, 4.92049225e+02, 2.31331557e-01, 1.71644458e+03,
       5.50862427e+02, 3.80882442e-01, 1.70763684e+03, 5.59691711e+02,
       3.20371479e-01, 1.62226624e+03, 5.53761841e+02, 2.62508988e-01 ]
