%YAML:1.0
---
pose_0: !!opencv-matrix
   rows: 2
   cols: 25
   dt: "3f"
   data: [ 7.86279053e+02, 4.30233307e+02, 2.60238320e-01,
       8.42285645e+02, 5.00861023e+02, 3.54029059e-01, 8.57005127e+02,
       5.06773438e+02, 6.13183737e-01, 9.89457275e+02, 5.27233521e+02,
       6.80108726e-01, 1.15423694e+03, 5.00768066e+02, 6.26998603e-01,
       7.36315918e+02, 5.06714294e+02, 1.17299415e-01, 0., 0., 0., 0.,
       0., 0., 1.15717603e+03, 5.36161377e+02, 2.61839807e-01,
       1.16309961e+03, 5.56813538e+02, 2.57153928e-01, 1.37786963e+03,
       4.80304443e+02, 8.16215754e-01, 1.61036804e+03, 6.47984619e+02,
       5.20912588e-01, 1.13072363e+03, 4.86117828e+02, 2.38896996e-01,
       1.35733716e+03, 4.18430115e+02, 5.15768468e-01, 1.56341309e+03,
       5.06658234e+02, 6.48836672e-01, 7.77496094e+02, 4.36006561e+02,
       1.88939184e-01, 0., 0., 0., 7.86365295e+02, 4.56695892e+02,
       2.19510555e-01, 7.39280090e+02, 5.12587646e+02, 5.35890646e-02,
       1.61630579e+03, 4.12589844e+02, 2.81191051e-01, 1.61051172e+03,
       4.15538574e+02, 2.70139247e-01, 1.58105493e+03, 5.30274780e+02,
       4.80123997e-01, 1.66351685e+03, 5.77434937e+02, 3.62167954e-01,
       1.66043274e+03, 5.95038391e+02, 2.93160528e-01, 1.62226135e+03,
       6.74589294e+02, 3.94486964e-01, 0., 0., 0., 0., 0., 0., 0., 0.,
       0., 0., 0., 0., 0., 0., 0., 8.36374512e+02, 5.03762543e+02,
       2.09594592e-01, 1.04530872e+03, 4.77302216e+02, 2.09708661e-01,
       1.14542676e+03, 4.47828949e+02, 4.47080433e-01, 0., 0., 0., 0.,
       0., 0., 0., 0., 0., 0., 0., 0., 0., 0., 0., 0., 0., 0., 0., 0.,
       0., 0., 0., 0., 0., 0., 0., 0., 0., 0., 0., 0., 0., 0., 0., 0.,
       0., 0., 0., 0., 0., 0., 0., 0., 0., 0., 0., 0., 0., 0., 0. ]
