%YAML:1.0
---
pose_0: !!opencv-matrix
   rows: 1
   cols: 25
   dt: "3f"
   data: [ 7.68707092e+02, 4.36162842e+02, 8.48750353e-01,
       8.77611206e+02, 4.33152100e+02, 7.69536853e-01, 8.77593872e+02,
       5.00864532e+02, 7.81974673e-01, 9.77599304e+02, 5.18513550e+02,
       8.28245580e-01, 8.95217712e+02, 4.50742126e+02, 7.57471919e-01,
       8.65809204e+02, 3.62440948e+02, 6.55019462e-01, 1.01301935e+03,
       3.00783569e+02, 7.31013060e-01, 9.12870483e+02, 3.15414490e+02,
       7.78726280e-01, 1.12484265e+03, 4.59594116e+02, 6.34080350e-01,
       1.11602856e+03, 5.06726501e+02, 6.71077490e-01, 1.31024695e+03,
       5.56791504e+02, 6.60542130e-01, 1.50454724e+03, 5.83279846e+02,
       5.51875174e-01, 1.13662781e+03, 4.09582245e+02, 6.04922473e-01,
       1.33084778e+03, 4.21345398e+02, 6.00867689e-01, 1.55451599e+03,
       4.27243896e+02, 6.16511405e-01, 7.59885803e+02, 4.53742096e+02,
       7.85003901e-01, 7.59871338e+02, 4.21335480e+02, 7.99389422e-01,
       7.80466125e+02, 4.65485291e+02, 1.81186855e-01, 7.71648560e+02,
       3.91917053e+02, 5.71315348e-01, 1.61340881e+03, 4.03709930e+02,
       5.59959829e-01, 1.61033313e+03, 3.94915497e+02, 5.89816630e-01,
       1.58685217e+03, 4.33091064e+02, 3.71891886e-01, 1.56925952e+03,
       5.89103760e+02, 3.21552753e-01, 1.55743823e+03, 6.00891235e+02,
       3.06191087e-01, 1.54568079e+03, 5.74414490e+02, 2.82740921e-01 ]
