%YAML:1.0
---
pose_0: !!opencv-matrix
   rows: 1
   cols: 25
   dt: "3f"
   data: [ 6.48025391e+02, 5.15542908e+02, 7.09295034e-01,
       7.48088867e+02, 4.33141815e+02, 6.37348652e-01, 7.45146667e+02,
       4.97873932e+02, 4.01611388e-01, 9.51184387e+02, 5.50808594e+02,
       2.27855325e-01, 1.07774463e+03, 6.21494446e+02, 4.71616954e-01,
       7.51078125e+02, 3.68480927e+02, 6.13994956e-01, 9.09934082e+02,
       3.18340454e+02, 7.50725925e-01, 1.09550842e+03, 2.94883698e+02,
       7.86137044e-01, 1.08947620e+03, 4.59633759e+02, 2.75073618e-01,
       1.06300793e+03, 5.00815857e+02, 1.68028221e-01, 1.31609729e+03,
       5.97892029e+02, 4.46721882e-01, 1.51916553e+03, 5.18514160e+02,
       3.90647560e-01, 1.10716003e+03, 4.12566620e+02, 1.54078573e-01,
       1.34851208e+03, 4.36218567e+02, 3.26220900e-01, 1.63104138e+03,
       4.30174622e+02, 4.30638433e-01, 0., 0., 0., 6.27385437e+02,
       5.00787720e+02, 7.16570139e-01, 0., 0., 0., 6.42107483e+02,
       4.36195435e+02, 6.15750372e-01, 1.72809216e+03, 4.21350555e+02,
       1.46366283e-01, 1.72226709e+03, 4.15517059e+02, 1.57102346e-01,
       1.64287439e+03, 4.15581879e+02, 2.26626933e-01, 1.53985876e+03,
       5.53844604e+02, 6.67921677e-02, 0., 0., 0., 1.54866003e+03,
       5.06728882e+02, 2.09034607e-01 ]
