%YAML:1.0
---
pose_0: !!opencv-matrix
   rows: 1
   cols: 25
   dt: "3f"
   data: [ 0., 0., 0., 8.33428406e+02, 4.59644531e+02, 1.73214406e-01,
       8.30489868e+02, 4.56716461e+02, 9.47303325e-02, 0., 0., 0., 0.,
       0., 0., 8.36381714e+02, 4.36124268e+02, 1.67394668e-01,
       9.27597778e+02, 4.12657867e+02, 5.78154504e-01, 1.07196411e+03,
       5.03765747e+02, 8.12101603e-01, 1.11007288e+03, 4.12494904e+02,
       2.45049492e-01, 1.13656287e+03, 3.86102112e+02, 2.55410492e-01,
       1.32796326e+03, 4.59683441e+02, 7.89022386e-01, 1.52507715e+03,
       4.03758423e+02, 6.35371208e-01, 1.08945874e+03, 4.36159302e+02,
       2.85896957e-01, 1.32203760e+03, 5.27349487e+02, 7.48854578e-01,
       1.59278918e+03, 4.33150970e+02, 5.15462160e-01, 0., 0., 0., 0.,
       0., 0., 0., 0., 0., 0., 0., 0., 1.64871423e+03, 5.00816711e+02,
       1.77007243e-01, 1.64869983e+03, 4.91985474e+02, 1.42259836e-01,
       1.60751733e+03, 4.09630157e+02, 3.19147855e-01, 1.61338354e+03,
       3.62469543e+02, 2.31191769e-01, 1.61040698e+03, 3.65469177e+02,
       1.60283208e-01, 1.56040161e+03, 3.83070923e+02, 3.96372914e-01 ]
