%YAML:1.0
---
pose_0: !!opencv-matrix
   rows: 1
   cols: 25
   dt: "3f"
   data: [ 7.80410339e+02, 4.62556122e+02, 8.07963908e-01,
       8.86459351e+02, 4.59651184e+02, 6.75809026e-01, 8.92298340e+02,
       5.36137573e+02, 5.35885751e-01, 9.98240295e+02, 6.15612732e+02,
       8.42719853e-01, 9.06970154e+02, 5.74558350e+02, 8.77353072e-01,
       8.83495789e+02, 3.94945770e+02, 5.46213210e-01, 9.74765625e+02,
       3.62633636e+02, 6.80142999e-01, 1.06008936e+03, 3.39088348e+02,
       8.08075309e-01, 1.16597388e+03, 4.83128326e+02, 5.37528157e-01,
       1.16309985e+03, 5.30318604e+02, 5.24500847e-01, 1.34558313e+03,
       5.00849854e+02, 2.00938627e-01, 1.51630078e+03, 4.83148132e+02,
       2.64274180e-01, 1.16896387e+03, 4.33038910e+02, 5.50303519e-01,
       1.32204871e+03, 4.41943176e+02, 3.39767218e-01, 1.37795764e+03,
       4.50861633e+02, 6.48104995e-02, 7.62833435e+02, 4.77254700e+02,
       7.49182701e-01, 7.65778748e+02, 4.44966583e+02, 7.86274076e-01,
       7.86255676e+02, 4.94928131e+02, 1.91392422e-01, 7.92238953e+02,
       4.18464966e+02, 5.53264856e-01, 0., 0., 0., 0., 0., 0., 0., 0.,
       0., 1.53095215e+03, 5.06806580e+02, 7.26409331e-02, 0., 0., 0.,
       0., 0., 0. ]
