%YAML:1.0
---
pose_0: !!opencv-matrix
   rows: 1
   cols: 25
   dt: "3f"
   data: [ 7.45194824e+02, 5.65605835e+02, 8.50584984e-01,
       8.62917480e+02, 5.77356140e+02, 7.37236261e-01, 8.59967773e+02,
       6.45133057e+02, 6.23369217e-01, 9.86524597e+02, 6.95153809e+02,
       7.35064089e-01, 1.09537439e+03, 7.39113281e+02, 8.66100967e-01,
       8.80420410e+02, 5.03852631e+02, 6.71893358e-01, 1.01594977e+03,
       4.62675293e+02, 7.62552321e-01, 1.13660938e+03, 4.30124542e+02,
       7.88758278e-01, 1.12186438e+03, 5.77385986e+02, 5.58479667e-01,
       1.12185120e+03, 6.27481750e+02, 5.66837609e-01, 1.32783911e+03,
       6.45077271e+02, 7.79604554e-01, 1.56330078e+03, 6.59803406e+02,
       6.35892212e-01, 1.11902686e+03, 5.27270264e+02, 5.76285124e-01,
       1.30723242e+03, 4.89128021e+02, 6.93020999e-01, 1.54280750e+03,
       4.50781281e+02, 5.69050789e-01, 7.33407837e+02, 5.77270508e+02,
       8.67717028e-01, 7.42207031e+02, 5.45042908e+02, 8.97400260e-01,
       7.42244995e+02, 6.01006348e+02, 6.11768603e-01, 7.74571594e+02,
       5.27273438e+02, 5.85111022e-01, 1.63393433e+03, 4.44891510e+02,
       5.17399967e-01, 1.63098608e+03, 4.36085297e+02, 5.31988084e-01,
       1.55456470e+03, 4.36139771e+02, 2.50741661e-01, 1.63397583e+03,
       6.83311279e+02, 4.96601135e-01, 1.62808179e+03, 6.89173950e+02,
       4.93524849e-01, 1.58689429e+03, 6.42162659e+02, 3.81884784e-01 ]
