%YAML:1.0
---
pose_0: !!opencv-matrix
   rows: 1
   cols: 25
   dt: "3f"
   data: [ 7.36195740e+02, 4.62682770e+02, 8.58979642e-01,
       8.56878845e+02, 5.03726990e+02, 7.36198783e-01, 8.59899475e+02,
       5.80290222e+02, 6.88516855e-01, 9.89427734e+02, 6.21542847e+02,
       8.12760770e-01, 1.09543201e+03, 6.48092468e+02, 8.37233543e-01,
       8.59846680e+02, 4.30130798e+02, 6.74390078e-01, 1.00421820e+03,
       3.89052002e+02, 7.94613719e-01, 1.13956616e+03, 3.62353302e+02,
       8.58002186e-01, 1.11605127e+03, 5.12609436e+02, 6.02121830e-01,
       1.11305627e+03, 5.56824280e+02, 6.14913940e-01, 1.30722388e+03,
       5.56727966e+02, 6.69267595e-01, 1.53100574e+03, 5.53940674e+02,
       4.03327554e-01, 1.11889819e+03, 4.59651337e+02, 5.83845139e-01,
       1.31615588e+03, 4.56762512e+02, 6.44879878e-01, 1.58692908e+03,
       4.50800903e+02, 5.00511885e-01, 7.18705994e+02, 4.83077881e+02,
       8.62015128e-01, 7.24583313e+02, 4.53720734e+02, 8.04301143e-01,
       7.39234924e+02, 5.06869293e+02, 6.96764112e-01, 7.56886475e+02,
       4.36204346e+02, 4.85012859e-01, 1.68410742e+03, 4.33154510e+02,
       3.51152658e-01, 1.68114856e+03, 4.24297729e+02, 3.53920668e-01,
       1.61928674e+03, 4.50836853e+02, 2.18813062e-01, 1.61039771e+03,
       5.36219849e+02, 1.76906884e-01, 1.59576794e+03, 5.50836487e+02,
       1.52280152e-01, 1.55750610e+03, 5.53874207e+02, 2.57959783e-01 ]
