%YAML:1.0
---
pose_0: !!opencv-matrix
   rows: 1
   cols: 25
   dt: "3f"
   data: [ 7.89308350e+02, 5.53855103e+02, 8.91968548e-01,
       8.95262146e+02, 5.56781311e+02, 6.54782295e-01, 8.86458740e+02,
       6.12690796e+02, 5.43615937e-01, 1.01882861e+03, 6.74586182e+02,
       5.42978466e-01, 9.36485657e+02, 7.15701904e+02, 4.59608078e-01,
       9.07097046e+02, 4.97922760e+02, 5.84329247e-01, 1.04525793e+03,
       4.68511658e+02, 6.98751390e-01, 9.83505188e+02, 4.36043030e+02,
       7.55244374e-01, 1.16310376e+03, 5.56827576e+02, 6.15759969e-01,
       1.16019348e+03, 6.01054260e+02, 6.43052161e-01, 1.33680798e+03,
       6.42100525e+02, 7.13773608e-01, 1.51932874e+03, 6.36220825e+02,
       6.86350226e-01, 1.16599878e+03, 5.06835388e+02, 5.98900735e-01,
       1.35449512e+03, 5.06803925e+02, 7.79185355e-01, 1.55158081e+03,
       4.56816925e+02, 6.93517923e-01, 7.77471191e+02, 5.71467163e+02,
       8.00555229e-01, 7.83330933e+02, 5.33341125e+02, 7.90231347e-01,
       7.89267273e+02, 5.92010254e+02, 3.58614177e-01, 8.09752869e+02,
       5.09770721e+02, 5.99169016e-01, 1.61346436e+03, 4.36111694e+02,
       3.86955529e-01, 1.61039282e+03, 4.36031158e+02, 4.61871117e-01,
       1.56632129e+03, 4.36198364e+02, 2.65636414e-01, 1.56338647e+03,
       7.00968628e+02, 5.92045784e-01, 1.56340015e+03, 6.95096436e+02,
       5.18617809e-01, 1.54864502e+03, 6.15664795e+02, 5.26510596e-01 ]
