%YAML:1.0
---
pose_0: !!opencv-matrix
   rows: 1
   cols: 25
   dt: "3f"
   data: [ 7.39115356e+02, 5.30225708e+02, 9.13663685e-01,
       8.59820557e+02, 5.50802917e+02, 7.66196191e-01, 8.56979126e+02,
       6.36226501e+02, 6.72004044e-01, 9.60012695e+02, 6.98001038e+02,
       6.99620068e-01, 1.02471082e+03, 6.80443359e+02, 6.91267967e-01,
       8.74624817e+02, 4.59767822e+02, 6.96870804e-01, 1.00117029e+03,
       4.59571167e+02, 5.35510302e-01, 1.02169568e+03, 4.77358185e+02,
       7.00623631e-01, 1.12480042e+03, 5.53748108e+02, 5.67634881e-01,
       1.12479541e+03, 5.98077454e+02, 5.78109741e-01, 1.36031360e+03,
       5.97958191e+02, 7.33314812e-01, 1.58981543e+03, 6.36197449e+02,
       6.11646056e-01, 1.12773877e+03, 5.00861481e+02, 5.53381979e-01,
       1.37499561e+03, 4.83179016e+02, 6.08377993e-01, 1.55161438e+03,
       4.92002563e+02, 5.75301826e-01, 7.18667542e+02, 5.47909607e+02,
       8.42233479e-01, 7.24524170e+02, 5.09697571e+02, 8.32754016e-01,
       7.39315979e+02, 5.74305664e+02, 5.54885387e-01, 7.45088379e+02,
       4.89095032e+02, 5.94784677e-01, 1.61339465e+03, 4.50796417e+02,
       5.60079515e-01, 1.60751855e+03, 4.50762421e+02, 5.96442342e-01,
       1.58099854e+03, 4.89063263e+02, 2.25614220e-01, 1.66349243e+03,
       6.21530945e+02, 5.75222433e-01, 1.65758252e+03, 6.36237793e+02,
       5.08141160e-01, 1.60753796e+03, 6.36230774e+02, 2.91185349e-01 ]
