%YAML:1.0
---
pose_0: !!opencv-matrix
   rows: 1
   cols: 25
   dt: "3f"
   data: [ 6.98156494e+02, 3.65637665e+02, 8.38857353e-01,
       8.15835327e+02, 3.62506622e+02, 7.36407757e-01, 8.30475586e+02,
       4.47885986e+02, 6.37841403e-01, 9.51267639e+02, 4.94986053e+02,
       7.41274118e-01, 1.03362671e+03, 5.27289124e+02, 7.66535699e-01,
       8.27546082e+02, 2.74258667e+02, 6.51407063e-01, 9.71823975e+02,
       2.41795181e+02, 7.62154698e-01, 1.06895178e+03, 2.21294678e+02,
       8.08812499e-01, 1.08658337e+03, 3.68455109e+02, 5.28813601e-01,
       1.07482813e+03, 4.21335327e+02, 5.52890599e-01, 1.31321033e+03,
       4.36163605e+02, 6.82727337e-01, 1.53984424e+03, 4.59549866e+02,
       5.90705454e-01, 1.09242175e+03, 3.15414154e+02, 5.53069830e-01,
       1.34847302e+03, 3.15497986e+02, 6.34395063e-01, 1.56330457e+03,
       3.12423370e+02, 5.75167954e-01, 6.83371033e+02, 3.85964081e+02,
       7.42582440e-01, 6.92026062e+02, 3.47823273e+02, 8.19760919e-01,
       7.01023560e+02, 4.03754456e+02, 2.17813745e-01, 7.12766663e+02,
       3.18357880e+02, 4.76918399e-01, 1.63989087e+03, 2.71257874e+02,
       4.27758694e-01, 1.63695679e+03, 2.71252380e+02, 4.51798022e-01,
       1.59281128e+03, 3.12515656e+02, 2.60180891e-01, 1.62807263e+03,
       4.41994049e+02, 2.59703636e-01, 1.61336951e+03, 4.59582245e+02,
       2.39093587e-01, 1.56927600e+03, 4.53769501e+02, 2.91776836e-01 ]
