%YAML:1.0
---
pose_0: !!opencv-matrix
   rows: 1
   cols: 25
   dt: "3f"
   data: [ 6.24437256e+02, 5.30329956e+02, 9.08310294e-01,
       7.62771057e+02, 5.53738770e+02, 6.95943594e-01, 7.65636230e+02,
       6.48070923e+02, 6.77009463e-01, 9.12905701e+02, 7.01015015e+02,
       6.98431611e-01, 1.05709302e+03, 7.71668884e+02, 7.21012473e-01,
       7.68669739e+02, 4.56777557e+02, 6.46294177e-01, 9.27544373e+02,
       4.06588470e+02, 7.71537781e-01, 1.07187610e+03, 3.47749817e+02,
       8.47863436e-01, 1.07183289e+03, 5.74353394e+02, 5.62358975e-01,
       1.05714526e+03, 6.24458923e+02, 5.21249771e-01, 1.34846252e+03,
       6.47899170e+02, 5.88693798e-01, 1.62225781e+03, 6.62760498e+02,
       5.51212549e-01, 1.07480981e+03, 5.09666260e+02, 5.10073304e-01,
       1.31025000e+03, 5.03869385e+02, 6.48825765e-01, 1.57224231e+03,
       5.00834137e+02, 4.98307705e-01, 6.06843933e+02, 5.50778198e+02,
       8.24907780e-01, 6.18579468e+02, 5.09626465e+02, 8.47998857e-01,
       6.24527832e+02, 5.77267700e+02, 4.85504329e-01, 6.45079590e+02,
       4.83250458e+02, 6.44105613e-01, 1.69289832e+03, 5.12645508e+02,
       3.39677155e-01, 1.69284912e+03, 5.03765656e+02, 3.62298608e-01,
       1.58399390e+03, 4.94979553e+02, 2.32661828e-01, 1.74870984e+03,
       6.45073303e+02, 3.58718932e-01, 1.73702185e+03, 6.53873840e+02,
       2.73226440e-01, 1.63991785e+03, 6.47983459e+02, 3.16691637e-01 ]
