%YAML:1.0
---
pose_0: !!opencv-matrix
   rows: 1
   cols: 25
   dt: "3f"
   data: [ 7.42329163e+02, 3.56610291e+02, 8.23173761e-01,
       8.39365295e+02, 3.38988617e+02, 5.77311933e-01, 8.36312622e+02,
       3.94958679e+02, 4.84868079e-01, 9.59990173e+02, 4.62669159e+02,
       3.13936442e-01, 9.98234192e+02, 4.71425049e+02, 4.35251862e-01,
       8.56976013e+02, 2.71241791e+02, 5.79349279e-01, 1.00121942e+03,
       2.47612656e+02, 8.68416131e-01, 9.06939270e+02, 3.56659882e+02,
       8.32216501e-01, 1.11901404e+03, 3.65426819e+02, 6.28832996e-01,
       1.11012024e+03, 4.12513184e+02, 6.25846505e-01, 1.30136462e+03,
       4.36000366e+02, 7.51549244e-01, 1.53098035e+03, 4.86162018e+02,
       5.57054758e-01, 1.13363440e+03, 3.12463318e+02, 5.62363327e-01,
       1.34257922e+03, 3.09475311e+02, 6.55595541e-01, 1.57222034e+03,
       2.94908081e+02, 5.77957213e-01, 7.30465698e+02, 3.65602600e+02,
       7.96453655e-01, 7.33346619e+02, 3.36066528e+02, 8.16301763e-01,
       7.42319336e+02, 3.86136444e+02, 2.30939478e-01, 7.51073792e+02,
       3.03659912e+02, 5.78572929e-01, 1.64289990e+03, 2.68349701e+02,
       3.96432757e-01, 1.63697107e+03, 2.65370819e+02, 4.54700023e-01,
       1.60754016e+03, 3.00670715e+02, 2.41218135e-01, 1.59866650e+03,
       5.00824341e+02, 2.78028548e-01, 1.58696704e+03, 5.12589050e+02,
       2.61600584e-01, 1.56044971e+03, 4.80269928e+02, 3.08662504e-01 ]
