%YAML:1.0
---
pose_0: !!opencv-matrix
   rows: 1
   cols: 25
   dt: "3f"
   data: [ 7.21699158e+02, 5.30425293e+02, 7.59000123e-01,
       7.92316162e+02, 4.65558563e+02, 5.46180904e-01, 7.92282959e+02,
       4.59575867e+02, 4.70752627e-01, 9.45309326e+02, 5.15619019e+02,
       6.45075515e-02, 9.15855164e+02, 5.97981506e+02, 9.56838429e-02,
       7.92216919e+02, 4.80125183e+02, 7.72472441e-01, 9.45237244e+02,
       5.12613831e+02, 7.48443484e-01, 8.92349487e+02, 6.18596313e+02,
       6.57303512e-01, 1.10718884e+03, 4.53747894e+02, 3.74122113e-01,
       1.09835010e+03, 4.56723846e+02, 2.57338285e-01, 1.33086707e+03,
       4.89042877e+02, 6.45047128e-01, 1.59866113e+03, 4.33095001e+02,
       3.73028219e-01, 1.11889294e+03, 4.44914398e+02, 3.39485645e-01,
       1.34260522e+03, 5.27338440e+02, 6.67444229e-01, 1.62518042e+03,
       4.27292297e+02, 3.39858800e-01, 0., 0., 0., 7.15665894e+02,
       5.18469727e+02, 7.47921824e-01, 0., 0., 0., 7.21648010e+02,
       4.77259003e+02, 6.52760267e-01, 1.66642529e+03, 3.71310455e+02,
       2.48150915e-01, 1.66929346e+03, 3.71390961e+02, 2.05598682e-01,
       1.66050134e+03, 4.15490601e+02, 2.09030807e-01, 0., 0., 0., 0.,
       0., 0., 0., 0., 0. ]
