%YAML:1.0
---
pose_0: !!opencv-matrix
   rows: 2
   cols: 25
   dt: "3f"
   data: [ 0., 0., 0., 9.92337219e+02, 5.30221436e+02, 3.23099941e-01,
       9.80614685e+02, 5.56745667e+02, 2.80314684e-01, 9.04160461e+02,
       5.47980469e+02, 2.71901190e-01, 8.95261108e+02, 4.39006439e+02,
       2.66285330e-01, 9.92343140e+02, 5.06766846e+02, 1.54717505e-01,
       0., 0., 0., 0., 0., 0., 1.16598364e+03, 5.44988586e+02,
       5.48176229e-01, 1.16306409e+03, 5.92086487e+02, 5.42720675e-01,
       1.34854236e+03, 6.39110229e+02, 6.91948235e-01, 1.53098828e+03,
       6.45083252e+02, 6.40227199e-01, 1.16603943e+03, 4.94962585e+02,
       5.17747700e-01, 1.35441125e+03, 4.80153534e+02, 6.73366666e-01,
       1.56328845e+03, 4.36104004e+02, 6.85288846e-01, 0., 0., 0., 0.,
       0., 0., 0., 0., 0., 0., 0., 0., 1.62224182e+03, 4.59583588e+02,
       3.84164900e-01, 1.61927698e+03, 4.41994904e+02, 3.77569705e-01,
       1.58395776e+03, 4.18423523e+02, 2.97271580e-01, 1.58681091e+03,
       6.95078918e+02, 5.56637943e-01, 1.58401599e+03, 6.92165833e+02,
       5.19822776e-01, 1.56040771e+03, 6.24461792e+02, 5.31302691e-01,
       0., 0., 0., 0., 0., 0., 8.74632751e+02, 4.56721008e+02,
       6.81921691e-02, 7.83407471e+02, 4.86134155e+02, 4.99854296e-01,
       6.95135498e+02, 5.56732483e+02, 4.40794438e-01, 0., 0., 0., 0.,
       0., 0., 0., 0., 0., 0., 0., 0., 0., 0., 0., 0., 0., 0., 0., 0.,
       0., 0., 0., 0., 0., 0., 0., 0., 0., 0., 0., 0., 0., 0., 0., 0.,
       0., 0., 0., 0., 0., 0., 0., 0., 0., 0., 0., 0., 0., 0., 0., 0.,
       0., 0., 0., 0., 0., 0., 0., 0. ]
