%YAML:1.0
---
pose_0: !!opencv-matrix
   rows: 1
   cols: 25
   dt: "3f"
   data: [ 7.45157166e+02, 5.50879639e+02, 7.43407130e-01,
       8.12913452e+02, 4.80167633e+02, 6.50586724e-01, 8.09822266e+02,
       4.56726532e+02, 4.55965877e-01, 8.86453796e+02, 4.33211029e+02,
       8.77564698e-02, 0., 0., 0., 8.27552490e+02, 4.92016327e+02,
       6.99510157e-01, 9.74687744e+02, 4.47900146e+02, 6.91022098e-01,
       1.06593420e+03, 5.50843872e+02, 8.42293561e-01, 1.05130945e+03,
       4.80225494e+02, 1.92204356e-01, 1.04829919e+03, 5.12642639e+02,
       1.20437227e-01, 0., 0., 0., 0., 0., 0., 1.06890076e+03,
       4.47879974e+02, 3.13867986e-01, 1.32488660e+03, 5.33302856e+02,
       6.90217555e-01, 1.59869397e+03, 4.44915436e+02, 2.89067507e-01,
       0., 0., 0., 7.39179138e+02, 5.30390747e+02, 7.08162427e-01, 0.,
       0., 0., 7.45154602e+02, 4.92036224e+02, 6.38560474e-01,
       1.67224548e+03, 5.47955627e+02, 1.97221488e-01, 1.67811938e+03,
       5.33241333e+02, 1.86606124e-01, 1.63402185e+03, 4.27274750e+02,
       2.48266131e-01, 0., 0., 0., 0., 0., 0., 0., 0., 0. ]
