%YAML:1.0
---
pose_0: !!opencv-matrix
   rows: 1
   cols: 25
   dt: "3f"
   data: [ 5.56839233e+02, 5.80272217e+02, 5.85982382e-01,
       6.33282410e+02, 5.21453125e+02, 4.56942111e-01, 6.18520081e+02,
       5.56757202e+02, 3.47863883e-01, 7.36284973e+02, 6.45044434e+02,
       1.96734339e-01, 0., 0., 0., 6.47958191e+02, 4.83104828e+02,
       5.31094491e-01, 7.48148743e+02, 4.36090454e+02, 7.92525172e-01,
       6.45047302e+02, 5.12623901e+02, 6.81701958e-01, 1.04834998e+03,
       5.50901001e+02, 3.39729309e-01, 1.05125647e+03, 6.15652832e+02,
       3.35203409e-01, 1.18961169e+03, 6.68635742e+02, 2.54982948e-01,
       0., 0., 0., 1.04828796e+03, 4.83264709e+02, 3.29931021e-01,
       1.32495056e+03, 5.47985474e+02, 3.47848892e-01, 1.70755762e+03,
       6.21436768e+02, 7.43792951e-02, 5.39138855e+02, 5.77502014e+02,
       1.55370221e-01, 5.50889099e+02, 5.56840393e+02, 6.34332120e-01,
       0., 0., 0., 5.68496948e+02, 5.09648346e+02, 7.02889204e-01, 0.,
       0., 0., 0., 0., 0., 1.73405469e+03, 6.27393250e+02,
       1.07443176e-01, 0., 0., 0., 0., 0., 0., 0., 0., 0. ]
