%YAML:1.0
---
pose_0: !!opencv-matrix
   rows: 1
   cols: 25
   dt: "3f"
   data: [ 7.24539124e+02, 3.41962646e+02, 8.69027376e-01,
       8.42228943e+02, 3.47845123e+02, 7.22594738e-01, 8.36383789e+02,
       4.15497803e+02, 6.80185497e-01, 9.54066650e+02, 5.06755798e+02,
       7.73334563e-01, 8.36520569e+02, 4.59586487e+02, 8.04719865e-01,
       8.48180237e+02, 2.91773193e+02, 5.96099436e-01, 9.51135620e+02,
       2.00606140e+02, 7.99394965e-01, 8.15809998e+02, 1.62394302e+02,
       7.44337797e-01, 1.11606091e+03, 3.80129089e+02, 5.80031395e-01,
       1.10425781e+03, 4.27247437e+02, 5.28835714e-01, 1.30741016e+03,
       4.35984680e+02, 7.51163781e-01, 1.53976501e+03, 4.36133698e+02,
       6.52623713e-01, 1.12479688e+03, 3.21337616e+02, 5.03122628e-01,
       1.28674658e+03, 3.15290497e+02, 4.27471608e-01, 1.57514697e+03,
       2.91954224e+02, 5.23665428e-01, 7.12746277e+02, 3.59490906e+02,
       7.22857714e-01, 7.15795166e+02, 3.27153107e+02, 7.88811743e-01,
       7.24604187e+02, 3.80185883e+02, 3.38347465e-01, 7.42175110e+02,
       3.06624329e+02, 4.08620507e-01, 1.63693311e+03, 2.62419861e+02,
       4.87376541e-01, 1.63390125e+03, 2.59538544e+02, 5.28174818e-01,
       1.61341821e+03, 2.94946686e+02, 2.59102345e-01, 1.60752893e+03,
       4.39031799e+02, 4.59531903e-01, 1.59575439e+03, 4.50829651e+02,
       4.30231601e-01, 1.56624573e+03, 4.18477997e+02, 3.57931495e-01 ]
