%YAML:1.0
---
pose_0: !!opencv-matrix
   rows: 1
   cols: 25
   dt: "3f"
   data: [ 6.89258972e+02, 5.33253418e+02, 7.79910386e-01,
       7.65844177e+02, 4.56741852e+02, 3.64147455e-01, 7.56887939e+02,
       4.77308990e+02, 2.19747499e-01, 0., 0., 0., 0., 0., 0.,
       7.80490662e+02, 4.50840118e+02, 6.15355253e-01, 9.24704590e+02,
       5.12590271e+02, 7.80353546e-01, 7.80418152e+02, 5.71420898e+02,
       7.75624931e-01, 1.04830554e+03, 4.53710693e+02, 2.57842660e-01,
       1.06301697e+03, 4.12628235e+02, 1.71428397e-01, 1.32782275e+03,
       4.83202148e+02, 3.31677735e-01, 1.60457410e+03, 4.27275208e+02,
       2.10332766e-01, 1.10420593e+03, 4.59620392e+02, 1.95966870e-01,
       1.32491785e+03, 4.92031219e+02, 4.95684147e-01, 1.64282666e+03,
       4.21379761e+02, 3.21960837e-01, 0., 0., 0., 6.74483337e+02,
       5.18507935e+02, 7.63165593e-01, 0., 0., 0., 6.92112732e+02,
       4.68462585e+02, 6.62563145e-01, 0., 0., 0., 0., 0., 0.,
       1.67227246e+03, 4.50826508e+02, 1.15768671e-01, 0., 0., 0., 0.,
       0., 0., 0., 0., 0. ]
