%YAML:1.0
---
pose_0: !!opencv-matrix
   rows: 1
   cols: 25
   dt: "3f"
   data: [ 0., 0., 0., 9.42329956e+02, 4.83191650e+02, 2.02729762e-01,
       0., 0., 0., 0., 0., 0., 0., 0., 0., 9.62945801e+02,
       4.59557922e+02, 2.65109181e-01, 9.51063354e+02, 4.15595367e+02,
       4.23616052e-01, 8.15835266e+02, 3.92056366e+02, 5.83026946e-01,
       1.17188232e+03, 4.92028381e+02, 3.83637577e-01, 1.16601880e+03,
       5.21434570e+02, 3.39886159e-01, 1.33375708e+03, 5.00903870e+02,
       7.21850693e-01, 1.59277136e+03, 6.45071167e+02, 4.83507216e-01,
       1.17484766e+03, 4.59722656e+02, 3.06914657e-01, 1.35433850e+03,
       4.36029144e+02, 6.79489136e-01, 1.58100391e+03, 5.15617188e+02,
       5.23514807e-01, 0., 0., 0., 0., 0., 0., 0., 0., 0., 0., 0., 0.,
       1.68997485e+03, 5.30278564e+02, 4.08961982e-01, 1.68702319e+03,
       5.27369080e+02, 4.02876377e-01, 1.60165076e+03, 5.65594971e+02,
       2.66054302e-01, 1.64875671e+03, 6.65616394e+02, 3.40371341e-01,
       1.63107068e+03, 6.77413330e+02, 3.83798391e-01, 1.62516138e+03,
       6.68663574e+02, 2.62126565e-01 ]
