%YAML:1.0
---
pose_0: !!opencv-matrix
   rows: 1
   cols: 25
   dt: "3f"
   data: [ 5.18478394e+02, 6.65684448e+02, 7.42508590e-01,
       6.42146179e+02, 5.77300842e+02, 4.37636197e-01, 6.53924561e+02,
       6.59795288e+02, 4.03338015e-01, 7.62907104e+02, 7.77491699e+02,
       7.28107810e-01, 6.59795349e+02, 6.89265076e+02, 7.08332241e-01,
       6.00968384e+02, 5.21482178e+02, 3.43118727e-01, 7.65769531e+02,
       4.59636627e+02, 7.84536302e-01, 5.92122986e+02, 5.50888428e+02,
       6.94373906e-01, 1.04241382e+03, 6.21488586e+02, 3.91759872e-01,
       1.04241077e+03, 6.92074646e+02, 4.16348994e-01, 1.25136853e+03,
       7.56907349e+02, 1.49871886e-01, 0., 0., 0., 1.05121509e+03,
       5.47932922e+02, 3.37778360e-01, 1.33082898e+03, 6.21526367e+02,
       1.78352311e-01, 0., 0., 0., 4.97967499e+02, 6.65641357e+02,
       7.10124969e-02, 5.03636841e+02, 6.36288879e+02, 7.75625467e-01,
       0., 0., 0., 5.21403687e+02, 5.59744995e+02, 4.65797484e-01, 0.,
       0., 0., 0., 0., 0., 0., 0., 0., 0., 0., 0., 0., 0., 0., 0., 0.,
       0. ]
