%YAML:1.0
---
pose_0: !!opencv-matrix
   rows: 1
   cols: 25
   dt: "3f"
   data: [ 7.65797791e+02, 4.92009705e+02, 8.20648313e-01,
       8.80510803e+02, 4.74401947e+02, 7.29253173e-01, 8.95278076e+02,
       5.33264526e+02, 5.97562969e-01, 1.01887091e+03, 6.01010315e+02,
       8.16239178e-01, 9.21775574e+02, 5.50970154e+02, 8.13454509e-01,
       8.62869629e+02, 4.12513000e+02, 6.38068378e-01, 9.51242981e+02,
       3.56603790e+02, 6.81938529e-01, 1.03066565e+03, 3.56632233e+02,
       7.56458938e-01, 1.16312073e+03, 5.09750275e+02, 5.16677678e-01,
       1.15722034e+03, 5.62666870e+02, 4.68560636e-01, 1.34556519e+03,
       5.56783508e+02, 3.02902102e-01, 1.51327832e+03, 5.74458923e+02,
       5.10536551e-01, 1.16600220e+03, 4.59567444e+02, 5.10279775e-01,
       1.35142822e+03, 4.83177765e+02, 6.02177203e-01, 1.57511328e+03,
       4.65573273e+02, 5.18459558e-01, 7.51002625e+02, 5.03841736e+02,
       7.57731676e-01, 7.59880310e+02, 4.74329773e+02, 7.81660974e-01,
       7.68753479e+02, 5.21446350e+02, 8.67914110e-02, 7.86255859e+02,
       4.39094330e+02, 6.02797866e-01, 1.63391382e+03, 4.33191895e+02,
       4.34837162e-01, 1.63095117e+03, 4.33207062e+02, 4.46621299e-01,
       1.61341895e+03, 4.80188782e+02, 3.13620239e-01, 1.56624597e+03,
       5.80277527e+02, 1.77847460e-01, 1.56033423e+03, 5.89185303e+02,
       1.47604197e-01, 1.54571301e+03, 5.68584045e+02, 3.20310175e-01 ]
