%YAML:1.0
---
pose_0: !!opencv-matrix
   rows: 1
   cols: 25
   dt: "3f"
   data: [ 7.62690186e+02, 4.36052185e+02, 8.90271187e-01,
       8.62830261e+02, 4.27210754e+02, 7.44157195e-01, 8.57090332e+02,
       4.97896301e+02, 7.97672331e-01, 9.48279175e+02, 5.06800201e+02,
       8.78122270e-01, 8.53987610e+02, 3.97863831e+02, 6.84193373e-01,
       8.74667053e+02, 3.47862762e+02, 6.11336827e-01, 9.98168396e+02,
       2.62428528e+02, 8.36560488e-01, 9.27669739e+02, 2.15363571e+02,
       8.44385147e-01, 1.13368921e+03, 4.71431519e+02, 6.14192009e-01,
       1.11892346e+03, 5.18515503e+02, 6.38784707e-01, 1.32203772e+03,
       5.77354126e+02, 7.97275364e-01, 1.51329211e+03, 6.45022888e+02,
       6.91128969e-01, 1.14246606e+03, 4.15526489e+02, 6.09175444e-01,
       1.35140747e+03, 4.30221069e+02, 6.63637877e-01, 1.56927319e+03,
       4.27249908e+02, 6.28551781e-01, 7.45223816e+02, 4.50809570e+02,
       7.81419158e-01, 7.45200195e+02, 4.15452698e+02, 8.14480901e-01,
       7.65649048e+02, 4.62606018e+02, 2.44017810e-01, 7.65815857e+02,
       3.86174591e+02, 6.23233497e-01, 1.63393628e+03, 4.09640656e+02,
       4.95132923e-01, 1.62806873e+03, 4.03757355e+02, 5.21707535e-01,
       1.59867944e+03, 4.30224152e+02, 3.07884246e-01, 1.58401514e+03,
       6.47977234e+02, 5.43295383e-01, 1.57219397e+03, 6.53917175e+02,
       5.22628844e-01, 1.53980603e+03, 6.45122803e+02, 3.75815541e-01 ]
