%YAML:1.0
---
pose_0: !!opencv-matrix
   rows: 1
   cols: 25
   dt: "3f"
   data: [ 7.62798584e+02, 4.33236389e+02, 8.96564662e-01,
       8.83528809e+02, 4.44942627e+02, 7.32199073e-01, 8.80507446e+02,
       5.27330811e+02, 8.05702388e-01, 9.80721985e+02, 5.80320557e+02,
       8.13912511e-01, 1.03362048e+03, 6.44993896e+02, 8.23439538e-01,
       8.89373047e+02, 3.68391968e+02, 6.29163384e-01, 1.03358728e+03,
       3.41982574e+02, 8.27165663e-01, 1.08649670e+03, 2.71187622e+02,
       8.58670771e-01, 1.14242603e+03, 4.47841095e+02, 5.78902483e-01,
       1.13952197e+03, 4.91993103e+02, 5.97682655e-01, 1.35739709e+03,
       5.12598633e+02, 7.25228429e-01, 1.54868494e+03, 5.74442627e+02,
       6.29497409e-01, 1.13959216e+03, 3.91909912e+02, 6.08830333e-01,
       1.33375476e+03, 3.47846283e+02, 6.73969686e-01, 1.56929761e+03,
       3.00749969e+02, 6.04113936e-01, 7.45110779e+02, 4.44918304e+02,
       8.16896558e-01, 7.51015625e+02, 4.12496155e+02, 8.43380213e-01,
       7.62905762e+02, 4.62714478e+02, 4.60683644e-01, 7.68743652e+02,
       3.89006226e+02, 6.09639943e-01, 1.63989417e+03, 2.71354004e+02,
       4.70765680e-01, 1.63688599e+03, 2.71238312e+02, 5.04900753e-01,
       1.59868481e+03, 3.00747833e+02, 2.94164270e-01, 1.56336560e+03,
       6.45096130e+02, 4.16562378e-01, 1.54864001e+03, 6.42071289e+02,
       3.34593862e-01, 1.58686536e+03, 5.62683105e+02, 4.91437376e-01 ]
