%YAML:1.0
---
pose_0: !!opencv-matrix
   rows: 1
   cols: 25
   dt: "3f"
   data: [ 7.74562073e+02, 3.59584778e+02, 1.73938632e-01,
       8.83412109e+02, 3.38901489e+02, 4.05234575e-01, 8.83382080e+02,
       4.09537903e+02, 5.10478139e-01, 8.56837891e+02, 5.53908325e+02,
       5.75195551e-01, 8.12735718e+02, 7.09832947e+02, 5.66921353e-01,
       9.07031128e+02, 2.65357697e+02, 1.97101563e-01, 1.06300476e+03,
       2.00616425e+02, 2.57872432e-01, 1.18955811e+03, 1.53535965e+02,
       2.54205853e-01, 1.16605530e+03, 3.38992126e+02, 4.57874298e-01,
       1.16599170e+03, 3.89061737e+02, 4.74944890e-01, 1.34264941e+03,
       5.03765656e+02, 3.04704607e-01, 1.47210083e+03, 6.27446289e+02,
       3.53373855e-01, 1.16900293e+03, 2.74276337e+02, 4.42770272e-01,
       1.36029846e+03, 2.18290146e+02, 2.42473707e-01, 1.42497168e+03,
       1.94724030e+02, 8.42178464e-02, 7.62850708e+02, 3.77198334e+02,
       1.33994907e-01, 7.65730164e+02, 3.47846161e+02, 1.54672801e-01,
       7.92261475e+02, 3.86101776e+02, 6.22274652e-02, 7.65721313e+02,
       3.24254700e+02, 2.12500378e-01, 0., 0., 0., 0., 0., 0.,
       1.54863184e+03, 2.00633942e+02, 1.11722782e-01, 1.52217175e+03,
       6.33308899e+02, 1.53374195e-01, 0., 0., 0., 1.48687341e+03,
       6.53864014e+02, 2.37842187e-01 ]
