%YAML:1.0
---
pose_0: !!opencv-matrix
   rows: 1
   cols: 25
   dt: "3f"
   data: [ 7.92192932e+02, 3.94939728e+02, 6.48752987e-01,
       8.77534668e+02, 4.56673370e+02, 4.97138649e-01, 8.77572510e+02,
       5.27260864e+02, 3.97863984e-01, 9.95233032e+02, 5.83304382e+02,
       4.54286277e-01, 9.86475647e+02, 5.80304260e+02, 2.16420084e-01,
       8.86453552e+02, 3.91942200e+02, 5.03237784e-01, 1.04529761e+03,
       3.44981812e+02, 6.27979577e-01, 1.15722571e+03, 3.12510132e+02,
       7.29657888e-01, 1.13070374e+03, 4.33210083e+02, 5.97366214e-01,
       1.13361548e+03, 4.80248749e+02, 5.91201186e-01, 1.34558716e+03,
       5.00834747e+02, 7.09030330e-01, 1.53681885e+03, 5.27245850e+02,
       6.31872773e-01, 1.13359473e+03, 3.85960693e+02, 6.07016802e-01,
       1.33378064e+03, 3.06561218e+02, 4.90346730e-01, 1.54571033e+03,
       2.62458801e+02, 3.51200849e-01, 7.80458923e+02, 4.09598816e+02,
       6.76546216e-01, 7.86253357e+02, 3.86165863e+02, 4.07046318e-01,
       7.89213745e+02, 4.39117493e+02, 5.51279247e-01, 0., 0., 0.,
       1.63991528e+03, 2.44767441e+02, 3.31710428e-01, 1.63984875e+03,
       2.41802475e+02, 3.27229828e-01, 1.60744238e+03, 2.68243713e+02,
       1.88288778e-01, 1.59575793e+03, 5.00880615e+02, 5.16581297e-01,
       1.58977515e+03, 5.12618896e+02, 4.68466222e-01, 1.55162805e+03,
       5.27397888e+02, 3.30969065e-01 ]
