%YAML:1.0
---
pose_0: !!opencv-matrix
   rows: 1
   cols: 25
   dt: "3f"
   data: [ 0., 0., 0., 7.80418579e+02, 5.06703888e+02, 2.20208183e-01,
       7.95166626e+02, 5.80320313e+02, 8.33367407e-02, 0., 0., 0., 0.,
       0., 0., 7.68732605e+02, 4.53737701e+02, 1.92572936e-01,
       7.48131653e+02, 4.15520294e+02, 4.87917125e-01, 5.97919006e+02,
       4.89125153e+02, 4.78783518e-01, 1.09244824e+03, 5.36185059e+02,
       4.77651030e-01, 1.08362683e+03, 5.97875305e+02, 5.01444697e-01,
       1.33089758e+03, 5.95005493e+02, 6.02503181e-01, 1.64581946e+03,
       5.86229492e+02, 4.83341753e-01, 1.09545361e+03, 4.77338715e+02,
       4.56778169e-01, 1.37493994e+03, 5.00906738e+02, 5.33472836e-01,
       1.60747961e+03, 5.03769379e+02, 5.43229938e-01, 0., 0., 0., 0.,
       0., 0., 0., 0., 0., 7.15704224e+02, 5.59710632e+02,
       5.56624196e-02, 1.68706140e+03, 4.62591248e+02, 5.30714512e-01,
       1.68118713e+03, 4.62556091e+02, 5.99447906e-01, 1.62814343e+03,
       5.24348999e+02, 2.77241290e-01, 1.72813672e+03, 5.47857605e+02,
       1.47934720e-01, 1.71935254e+03, 5.53912231e+02, 7.53911883e-02,
       1.68698279e+03, 5.74454590e+02, 2.15345398e-01 ]
