%YAML:1.0
---
pose_0: !!opencv-matrix
   rows: 1
   cols: 25
   dt: "3f"
   data: [ 6.18502197e+02, 4.62596771e+02, 8.36466253e-01,
       7.51075806e+02, 4.59739532e+02, 6.12568021e-01, 7.45145813e+02,
       5.36190552e+02, 5.65288663e-01, 9.27563843e+02, 6.12729126e+02,
       5.71529865e-01, 1.09242065e+03, 6.80426453e+02, 6.90882802e-01,
       7.62863464e+02, 3.86033356e+02, 4.27959979e-01, 9.48198486e+02,
       3.15386444e+02, 7.70476699e-01, 1.09542822e+03, 2.50758759e+02,
       8.43181014e-01, 1.07772986e+03, 4.97947418e+02, 5.44596970e-01,
       1.06882776e+03, 5.50949951e+02, 5.68099856e-01, 1.31907166e+03,
       5.77396912e+02, 5.30130565e-01, 1.63994873e+03, 6.03900208e+02,
       5.78672111e-01, 1.08946741e+03, 4.33217529e+02, 5.37610531e-01,
       1.31618018e+03, 4.39023041e+02, 4.99345452e-01, 1.63990991e+03,
       4.36002106e+02, 4.93688554e-01, 6.00891541e+02, 4.83078339e+02,
       8.09702039e-01, 6.01042664e+02, 4.42042114e+02, 8.03129137e-01,
       6.21556458e+02, 5.03659088e+02, 1.99978217e-01, 6.33333557e+02,
       4.12633575e+02, 6.15615010e-01, 1.72806738e+03, 4.09598145e+02,
       1.55251890e-01, 1.72226965e+03, 4.09565491e+02, 1.68799207e-01,
       1.71345544e+03, 4.77345825e+02, 1.99695662e-01, 1.70756580e+03,
       5.62675903e+02, 1.47440284e-01, 1.66057629e+03, 6.18467041e+02,
       6.42719716e-02, 1.66350720e+03, 6.00917908e+02, 3.50236595e-01 ]
