%YAML:1.0
---
pose_0: !!opencv-matrix
   rows: 1
   cols: 25
   dt: "3f"
   data: [ 7.42235291e+02, 3.38933044e+02, 8.42002392e-01,
       8.45256897e+02, 3.47868134e+02, 6.96070313e-01, 8.39378052e+02,
       4.12594208e+02, 6.64906800e-01, 7.86421509e+02, 5.30185852e+02,
       9.01100516e-01, 7.09769165e+02, 5.06749817e+02, 6.90663040e-01,
       8.51103333e+02, 2.80112335e+02, 6.51659131e-01, 9.04094421e+02,
       1.47634018e+02, 4.68522578e-01, 9.21759521e+02, 5.63728714e+01,
       7.42410868e-02, 1.12777478e+03, 3.62514832e+02, 5.47943473e-01,
       1.13068982e+03, 4.09577301e+02, 5.32414854e-01, 1.33378040e+03,
       4.27316376e+02, 6.32710874e-01, 1.53976453e+03, 4.53706879e+02,
       6.58700228e-01, 1.12781226e+03, 3.12429626e+02, 5.04750669e-01,
       1.35739331e+03, 2.94914734e+02, 6.39696062e-01, 1.57217651e+03,
       2.94791718e+02, 6.29667878e-01, 7.33347290e+02, 3.53652130e+02,
       7.10614443e-01, 7.33409058e+02, 3.18456512e+02, 7.52638698e-01,
       7.45168762e+02, 3.77252716e+02, 5.46792805e-01, 7.56920471e+02,
       2.97860077e+02, 3.63235056e-01, 1.64001416e+03, 2.71298187e+02,
       5.68548679e-01, 1.63693359e+03, 2.68343231e+02, 6.34001911e-01,
       1.61046851e+03, 3.03630646e+02, 2.66834587e-01, 1.61032703e+03,
       4.53792816e+02, 5.10398448e-01, 1.59571252e+03, 4.62651825e+02,
       4.75243688e-01, 1.56341003e+03, 4.36112244e+02, 3.50944251e-01 ]
