%YAML:1.0
---
pose_0: !!opencv-matrix
   rows: 1
   cols: 25
   dt: "3f"
   data: [ 4.59544830e+02, 4.94927765e+02, 5.76535463e-01,
       5.74432495e+02, 5.53806213e+02, 2.80239701e-01, 4.89083832e+02,
       6.18605591e+02, 1.56403884e-01, 4.15578094e+02, 6.00866333e+02,
       1.18676186e-01, 4.24341736e+02, 5.74465820e+02, 9.19696838e-02,
       6.00908813e+02, 4.77333344e+02, 3.89179319e-01, 8.06966980e+02,
       4.62615295e+02, 7.09846735e-01, 5.77418457e+02, 5.18502380e+02,
       6.67736888e-01, 1.03062573e+03, 5.56766235e+02, 2.02438891e-01,
       1.03357361e+03, 6.39160095e+02, 2.08364293e-01, 1.20136670e+03,
       6.71559204e+02, 2.87103504e-01, 1.77821704e+03, 6.68514648e+02,
       1.25157043e-01, 1.02767822e+03, 4.77315857e+02, 2.47329965e-01,
       1.32496729e+03, 3.47797974e+02, 1.92628086e-01, 0., 0., 0.,
       4.18439728e+02, 5.03799011e+02, 7.02718735e-01, 4.56736053e+02,
       4.74377136e+02, 4.99877334e-01, 4.27286957e+02, 5.59734741e+02,
       2.14725196e-01, 4.91973297e+02, 4.62605896e+02, 5.53516448e-02,
       0., 0., 0., 0., 0., 0., 0., 0., 0., 0., 0., 0., 0., 0., 0.,
       1.78998364e+03, 6.71513245e+02, 1.40632048e-01 ]
