%YAML:1.0
---
pose_0: !!opencv-matrix
   rows: 1
   cols: 25
   dt: "3f"
   data: [ 7.30406921e+02, 4.83200439e+02, 8.57252061e-01,
       8.54045044e+02, 5.09772430e+02, 6.82389081e-01, 8.59919373e+02,
       6.00968567e+02, 7.21388400e-01, 9.98218323e+02, 6.42162476e+02,
       7.80086040e-01, 1.14243188e+03, 6.74504456e+02, 8.25014710e-01,
       8.56983459e+02, 4.33090393e+02, 6.00054383e-01, 9.21755859e+02,
       3.09501160e+02, 7.58944392e-01, 8.15778320e+02, 3.97779266e+02,
       7.64357269e-01, 1.13658167e+03, 5.21433105e+02, 5.39808452e-01,
       1.13365332e+03, 5.68559204e+02, 5.43652296e-01, 1.33085889e+03,
       5.68479065e+02, 2.88748801e-01, 1.54272925e+03, 5.56875122e+02,
       5.17894804e-01, 1.12777209e+03, 4.59639008e+02, 5.38253427e-01,
       1.35435986e+03, 4.62662354e+02, 5.06311238e-01, 1.60453162e+03,
       4.53806549e+02, 5.81648052e-01, 7.15606506e+02, 5.03889740e+02,
       8.82979751e-01, 7.18643921e+02, 4.65567474e+02, 8.47208679e-01,
       7.36324341e+02, 5.39100159e+02, 5.63678622e-01, 7.42339355e+02,
       4.50859528e+02, 4.27405447e-01, 1.70762390e+03, 4.12489960e+02,
       3.87722492e-01, 1.70467981e+03, 4.09650452e+02, 3.56001735e-01,
       1.61635168e+03, 4.74387299e+02, 2.97709405e-01, 1.61034570e+03,
       5.80353455e+02, 3.20480436e-01, 1.59276721e+03, 5.92052673e+02,
       2.94857472e-01, 1.58392419e+03, 5.44966797e+02, 3.22239578e-01 ]
