%YAML:1.0
---
pose_0: !!opencv-matrix
   rows: 1
   cols: 25
   dt: "3f"
   data: [ 7.42102966e+02, 5.53847900e+02, 7.87982941e-01,
       8.36315063e+02, 4.80233459e+02, 5.17543435e-01, 8.15826904e+02,
       4.83182129e+02, 2.94286072e-01, 0., 0., 0., 0., 0., 0.,
       8.56902649e+02, 4.80273804e+02, 6.25687778e-01, 1.00413519e+03,
       4.94990570e+02, 7.41961122e-01, 1.10713599e+03, 6.06797180e+02,
       6.33530438e-01, 1.10718640e+03, 4.41989716e+02, 2.85978079e-01,
       1.09248254e+03, 4.77278961e+02, 1.94002375e-01, 1.37791553e+03,
       5.36236389e+02, 4.35767591e-01, 1.59577466e+03, 4.30221497e+02,
       1.68357581e-01, 1.10716772e+03, 4.15467041e+02, 2.23760307e-01,
       1.37794910e+03, 5.53730103e+02, 7.08969891e-01, 1.64872961e+03,
       4.15520874e+02, 4.02561307e-01, 0., 0., 0., 7.30466309e+02,
       5.33269592e+02, 7.12750793e-01, 0., 0., 0., 7.48146851e+02,
       4.89141235e+02, 6.50247276e-01, 1.73112756e+03, 3.62492371e+02,
       3.90006274e-01, 1.73110547e+03, 3.62557739e+02, 3.57751340e-01,
       1.66932849e+03, 4.36109894e+02, 1.48273274e-01, 0., 0., 0., 0.,
       0., 0., 0., 0., 0. ]
