%YAML:1.0
---
pose_0: !!opencv-matrix
   rows: 1
   cols: 25
   dt: "3f"
   data: [ 7.59828613e+02, 5.09643127e+02, 8.60749006e-01,
       8.36404419e+02, 5.15584595e+02, 8.19630504e-01, 8.36343872e+02,
       5.71421692e+02, 6.72995389e-01, 8.59861877e+02, 6.71537842e+02,
       8.67112041e-01, 8.03935669e+02, 5.77424988e+02, 8.03779900e-01,
       8.56853149e+02, 4.53794861e+02, 7.07765400e-01, 8.30511719e+02,
       3.83150421e+02, 7.26693571e-01, 7.15618774e+02, 3.86024414e+02,
       8.46741319e-01, 1.09838306e+03, 5.27435791e+02, 5.90740800e-01,
       1.09545190e+03, 5.74443115e+02, 5.91909349e-01, 1.31023230e+03,
       6.06879639e+02, 7.39976168e-01, 1.51917822e+03, 6.47996094e+02,
       7.39781976e-01, 1.10716516e+03, 4.80205353e+02, 5.49101949e-01,
       1.33379846e+03, 4.59597351e+02, 6.96092963e-01, 1.53683813e+03,
       4.33267914e+02, 5.90919852e-01, 7.42159973e+02, 5.18508484e+02,
       8.29530895e-01, 7.48159790e+02, 4.91999664e+02, 7.95473337e-01,
       7.53930969e+02, 5.36220215e+02, 2.91642308e-01, 7.71681702e+02,
       4.71370087e+02, 6.18355632e-01, 1.61051953e+03, 4.30153137e+02,
       4.08857197e-01, 1.61036267e+03, 4.21404358e+02, 4.29655939e-01,
       1.56040930e+03, 4.27245026e+02, 2.30336040e-01, 1.58681750e+03,
       6.77442261e+02, 5.99653065e-01, 1.57804065e+03, 6.80391968e+02,
       5.71967125e-01, 1.54283728e+03, 6.30339294e+02, 4.39032197e-01 ]
