%YAML:1.0
---
pose_0: !!opencv-matrix
   rows: 1
   cols: 25
   dt: "3f"
   data: [ 7.36305481e+02, 5.53936096e+02, 9.01530564e-01,
       8.48192322e+02, 5.56813721e+02, 6.72175109e-01, 8.42303345e+02,
       6.21412354e+02, 5.33157587e-01, 9.80578735e+02, 6.48085510e+02,
       1.69142678e-01, 0., 0., 0., 8.54058960e+02, 4.92005890e+02,
       6.42659903e-01, 9.86538452e+02, 4.68466919e+02, 6.91875458e-01,
       1.13069409e+03, 4.39132111e+02, 7.55790472e-01, 1.11895142e+03,
       6.00964844e+02, 5.82831502e-01, 1.11602429e+03, 6.48129211e+02,
       5.46319008e-01, 1.32198474e+03, 6.48034973e+02, 7.25915968e-01,
       1.55746411e+03, 6.65721497e+02, 5.22901177e-01, 1.12187451e+03,
       5.50859863e+02, 5.87574005e-01, 1.31905310e+03, 5.24364319e+02,
       6.22954965e-01, 1.51917810e+03, 4.62586273e+02, 5.57869256e-01,
       7.18756592e+02, 5.74338867e+02, 8.15189242e-01, 7.27464478e+02,
       5.41998779e+02, 8.07073653e-01, 7.39280334e+02, 5.97831360e+02,
       5.03319502e-01, 7.56928711e+02, 5.21383972e+02, 6.02160931e-01,
       1.61043848e+03, 4.33159576e+02, 1.98702842e-01, 1.61926843e+03,
       4.33134857e+02, 1.66459128e-01, 1.53686255e+03, 4.59666290e+02,
       1.82743832e-01, 1.62808984e+03, 6.86303833e+02, 3.47626805e-01,
       1.62513733e+03, 6.92067200e+02, 3.62238407e-01, 1.58690771e+03,
       6.47977112e+02, 3.04472357e-01 ]
