%YAML:1.0
---
pose_0: !!opencv-matrix
   rows: 1
   cols: 25
   dt: "3f"
   data: [ 7.65652222e+02, 4.36188293e+02, 8.89751911e-01,
       8.80636475e+02, 4.36077972e+02, 7.42880523e-01, 8.83387878e+02,
       5.09638580e+02, 7.09738910e-01, 1.00119702e+03, 5.47941589e+02,
       7.09867060e-01, 1.13071289e+03, 5.97934326e+02, 7.17105210e-01,
       8.83555176e+02, 3.65553650e+02, 5.74457645e-01, 1.02169922e+03,
       3.38945374e+02, 7.43844450e-01, 1.10124878e+03, 3.35913330e+02,
       7.47270823e-01, 1.13657031e+03, 4.53809326e+02, 6.12207413e-01,
       1.12483752e+03, 5.00806366e+02, 6.33576155e-01, 1.30731885e+03,
       5.44944336e+02, 7.21138418e-01, 1.49564648e+03, 5.77391296e+02,
       6.55913830e-01, 1.14242957e+03, 4.06626709e+02, 5.94145954e-01,
       1.35144836e+03, 4.09571411e+02, 6.87844455e-01, 1.56039746e+03,
       4.12660797e+02, 6.75105572e-01, 7.51031067e+02, 4.53675720e+02,
       7.51885712e-01, 7.51073242e+02, 4.15594757e+02, 7.79737711e-01,
       7.65725708e+02, 4.65531219e+02, 2.49551818e-01, 7.74558472e+02,
       3.89134949e+02, 6.29319668e-01, 1.62517395e+03, 4.27250397e+02,
       3.21190864e-01, 1.61629980e+03, 4.09588379e+02, 3.56479168e-01,
       1.58990161e+03, 4.12514313e+02, 3.09328228e-01, 1.56925696e+03,
       6.15651306e+02, 2.44411752e-01, 1.55156860e+03, 6.21489319e+02,
       2.29299694e-01, 1.52507458e+03, 5.65596741e+02, 4.35452521e-01 ]
