%YAML:1.0
---
pose_0: !!opencv-matrix
   rows: 1
   cols: 25
   dt: "3f"
   data: [ 6.45127258e+02, 4.53798828e+02, 5.92428446e-01,
       7.89257751e+02, 4.83097809e+02, 5.82549632e-01, 8.15782898e+02,
       5.71487061e+02, 2.75979578e-01, 9.03932617e+02, 6.92181274e+02,
       8.18378568e-01, 7.92259705e+02, 6.59733093e+02, 6.46227598e-01,
       7.92246582e+02, 3.85969299e+02, 6.54349446e-01, 9.51253235e+02,
       3.56623566e+02, 7.51749754e-01, 1.06592664e+03, 3.62349060e+02,
       7.40659535e-01, 1.06885376e+03, 5.30265930e+02, 4.78194505e-01,
       1.04830188e+03, 5.92047180e+02, 4.78638768e-01, 1.27196851e+03,
       6.45008484e+02, 2.17601821e-01, 1.42798694e+03, 6.59748474e+02,
       2.08860949e-01, 1.07478918e+03, 4.59639740e+02, 4.54408437e-01,
       1.30729810e+03, 5.50833740e+02, 5.55308878e-01, 1.68699426e+03,
       5.53758179e+02, 4.34976846e-01, 6.39182922e+02, 4.71368927e+02,
       5.91075003e-01, 6.36233337e+02, 4.44981415e+02, 3.50781500e-01,
       6.65599915e+02, 5.03892426e+02, 4.72579509e-01, 6.39175049e+02,
       4.33176117e+02, 5.72664291e-02, 1.76349939e+03, 5.09714447e+02,
       1.43972099e-01, 1.76055664e+03, 5.09732178e+02, 1.43208489e-01,
       1.70763904e+03, 5.74435730e+02, 2.40081370e-01, 1.47217578e+03,
       6.65658936e+02, 7.21665248e-02, 0., 0., 0., 1.46619519e+03,
       6.56814514e+02, 7.12688789e-02 ]
