%YAML:1.0
---
pose_0: !!opencv-matrix
   rows: 1
   cols: 25
   dt: "3f"
   data: [ 6.71646973e+02, 5.09775024e+02, 8.59128773e-01,
       8.06973694e+02, 5.24393311e+02, 7.08711028e-01, 7.92277039e+02,
       6.09773499e+02, 7.05701828e-01, 8.83482361e+02, 7.12776062e+02,
       6.02168739e-01, 9.12907043e+02, 7.09764771e+02, 5.22100925e-01,
       8.15838684e+02, 4.33169067e+02, 6.23309433e-01, 9.68844299e+02,
       4.12533691e+02, 4.01560307e-01, 9.74717468e+02, 4.09597107e+02,
       5.04825950e-01, 1.09547034e+03, 5.33204041e+02, 5.24712682e-01,
       1.09242334e+03, 5.92116821e+02, 5.40416896e-01, 1.30434106e+03,
       5.74516724e+02, 4.52190220e-01, 1.49565247e+03, 5.97937500e+02,
       1.01462521e-01, 1.09829639e+03, 4.71401337e+02, 5.20039439e-01,
       1.32793713e+03, 4.53756104e+02, 4.60276484e-01, 1.52805493e+03,
       4.97951324e+02, 4.65225130e-01, 6.56895081e+02, 5.30273499e+02,
       8.14813673e-01, 6.62750732e+02, 4.89138763e+02, 8.03121448e-01,
       6.71575256e+02, 5.53834351e+02, 3.79884690e-01, 6.92121033e+02,
       4.59560028e+02, 5.38488269e-01, 1.62812793e+03, 4.74351776e+02,
       2.26453200e-01, 1.62518872e+03, 4.62636353e+02, 2.50968069e-01,
       1.54569360e+03, 5.12591187e+02, 3.12861621e-01, 0., 0., 0., 0.,
       0., 0., 0., 0., 0. ]
