%YAML:1.0
---
pose_0: !!opencv-matrix
   rows: 1
   cols: 25
   dt: "3f"
   data: [ 7.89210083e+02, 4.12666321e+02, 7.39635825e-01,
       8.83535583e+02, 4.65566742e+02, 6.29338503e-01, 8.80632690e+02,
       5.44937439e+02, 7.11106300e-01, 9.95206909e+02, 6.21563416e+02,
       8.61793280e-01, 8.89313904e+02, 6.42045227e+02, 8.11314106e-01,
       8.83543518e+02, 3.85940369e+02, 7.48472452e-01, 9.86515991e+02,
       4.12558350e+02, 8.35788906e-01, 8.83468262e+02, 5.06764984e+02,
       8.23755980e-01, 1.13367615e+03, 4.36060486e+02, 5.08738637e-01,
       1.14245117e+03, 4.83118652e+02, 5.59232354e-01, 1.35146472e+03,
       4.83097107e+02, 7.10577667e-01, 1.56332996e+03, 4.97919830e+02,
       6.29931509e-01, 1.12187122e+03, 3.86048218e+02, 5.49322724e-01,
       1.33383655e+03, 2.80137085e+02, 4.26483780e-01, 1.52224622e+03,
       1.77008621e+02, 4.83020186e-01, 7.74579956e+02, 4.33130585e+02,
       6.25586808e-01, 7.77555725e+02, 4.03663666e+02, 6.11982167e-01,
       7.89251221e+02, 4.68465759e+02, 4.63105381e-01, 7.92281128e+02,
       3.86070923e+02, 3.47060353e-01, 1.59286719e+03, 1.30002914e+02,
       1.81255415e-01, 1.59276709e+03, 1.30084671e+02, 1.65637717e-01,
       1.52512976e+03, 1.68194931e+02, 2.89514959e-01, 1.63395532e+03,
       5.18509460e+02, 4.19760019e-01, 1.63100818e+03, 5.21485291e+02,
       4.63123709e-01, 1.58693103e+03, 4.80302826e+02, 4.30834681e-01 ]
