%YAML:1.0
---
pose_0: !!opencv-matrix
   rows: 1
   cols: 25
   dt: "3f"
   data: [ 7.92233887e+02, 4.30267273e+02, 6.52218521e-01,
       8.95253174e+02, 3.86015259e+02, 6.55092776e-01, 8.74644409e+02,
       4.44894196e+02, 7.59399951e-01, 9.30493469e+02, 3.65440399e+02,
       6.30148113e-01, 8.45178284e+02, 2.47643814e+02, 6.39522851e-01,
       9.21779297e+02, 3.12468506e+02, 5.05300343e-01, 9.68772400e+02,
       2.00535400e+02, 8.23245883e-01, 8.57085205e+02, 1.74151413e+02,
       8.61464322e-01, 1.13074670e+03, 4.36048187e+02, 6.66673005e-01,
       1.11309290e+03, 4.83099121e+02, 6.85443819e-01, 1.31022461e+03,
       5.98032898e+02, 8.08954597e-01, 1.50158533e+03, 6.98081360e+02,
       6.40282810e-01, 1.14550232e+03, 3.86153717e+02, 6.25159025e-01,
       1.37494299e+03, 3.86127869e+02, 5.86740732e-01, 1.56036890e+03,
       3.86100983e+02, 5.89907646e-01, 7.86369751e+02, 4.36078766e+02,
       3.83757293e-01, 7.83364258e+02, 4.18431915e+02, 5.13885200e-01,
       8.06925354e+02, 4.36187683e+02, 1.42200664e-01, 7.86338440e+02,
       4.06697266e+02, 3.84051681e-01, 1.62809277e+03, 3.59529938e+02,
       4.19394046e-01, 1.61639575e+03, 3.53644958e+02, 4.32588220e-01,
       1.58688306e+03, 3.91931610e+02, 2.81032622e-01, 1.56920532e+03,
       7.42231750e+02, 5.06377757e-01, 1.56325989e+03, 7.45152100e+02,
       4.94596720e-01, 1.52223938e+03, 6.98011292e+02, 4.05642152e-01 ]
