%YAML:1.0
---
pose_0: !!opencv-matrix
   rows: 1
   cols: 25
   dt: "3f"
   data: [ 6.95182129e+02, 4.62677582e+02, 8.04612160e-01,
       7.83422119e+02, 4.33268097e+02, 6.66419685e-01, 7.71605286e+02,
       4.92047974e+02, 4.60040510e-01, 8.51086975e+02, 5.30186768e+02,
       9.62490365e-02, 0., 0., 0., 7.89349670e+02, 3.77183411e+02,
       6.86736286e-01, 9.07055847e+02, 3.21277344e+02, 8.24306071e-01,
       1.02470483e+03, 2.94892792e+02, 8.69114697e-01, 1.09251172e+03,
       4.80175262e+02, 6.17621779e-01, 1.08066064e+03, 5.27361328e+02,
       6.15301788e-01, 1.31031494e+03, 5.77415649e+02, 7.24833488e-01,
       1.57216992e+03, 6.03912842e+02, 5.15842378e-01, 1.10131287e+03,
       4.24296997e+02, 5.28996229e-01, 1.28670984e+03, 4.27237640e+02,
       4.06446815e-01, 1.58991199e+03, 4.44935303e+02, 5.07935941e-01,
       6.83356384e+02, 4.80145996e+02, 6.77736998e-01, 6.83305664e+02,
       4.50772430e+02, 7.05705285e-01, 7.03939819e+02, 4.83162079e+02,
       7.09404722e-02, 6.92236755e+02, 4.12624207e+02, 6.51790440e-01,
       1.67811426e+03, 4.47881683e+02, 3.05540174e-01, 1.67222754e+03,
       4.39059784e+02, 3.34599793e-01, 1.60458374e+03, 4.36044067e+02,
       2.20645055e-01, 1.62519714e+03, 5.56758362e+02, 1.73296332e-01,
       1.61046863e+03, 5.77342590e+02, 1.14399098e-01, 1.60752881e+03,
       5.92122681e+02, 2.99822271e-01 ]
