%YAML:1.0
---
pose_0: !!opencv-matrix
   rows: 1
   cols: 25
   dt: "3f"
   data: [ 7.48133301e+02, 4.21366638e+02, 7.81490564e-01,
       8.77623779e+02, 4.33214661e+02, 7.69721389e-01, 8.80612488e+02,
       5.09702423e+02, 7.56303728e-01, 9.83502502e+02, 5.97833313e+02,
       8.33809257e-01, 9.80666870e+02, 6.48159912e+02, 8.49095881e-01,
       8.71685730e+02, 3.56666748e+02, 6.06944263e-01, 1.00419812e+03,
       2.91758881e+02, 7.90695250e-01, 1.11891260e+03, 2.44636810e+02,
       8.69912922e-01, 1.12773572e+03, 4.59722778e+02, 6.04573607e-01,
       1.11894434e+03, 5.09665527e+02, 6.01911843e-01, 1.32496033e+03,
       5.39088440e+02, 7.27198541e-01, 1.55156677e+03, 5.77523193e+02,
       6.28443480e-01, 1.13953247e+03, 4.09572571e+02, 6.17691696e-01,
       1.33088611e+03, 3.68458191e+02, 6.57490611e-01, 1.57219543e+03,
       3.09546448e+02, 4.82407421e-01, 7.39297424e+02, 4.36223083e+02,
       8.25824201e-01, 7.39355103e+02, 4.06694977e+02, 8.58905017e-01,
       7.62677429e+02, 4.59683167e+02, 4.67438489e-01, 7.62910095e+02,
       3.83004578e+02, 5.48161507e-01, 1.65451965e+03, 2.68272400e+02,
       2.10972995e-01, 1.64580701e+03, 2.68260529e+02, 2.14393154e-01,
       1.59868823e+03, 2.94901001e+02, 2.15663627e-01, 1.60754358e+03,
       5.62631226e+02, 2.66612172e-01, 1.61330591e+03, 5.92093689e+02,
       2.63768226e-01, 1.58691492e+03, 5.74385315e+02, 3.87739509e-01 ]
