%YAML:1.0
---
pose_0: !!opencv-matrix
   rows: 1
   cols: 25
   dt: "3f"
   data: [ 7.59786377e+02, 4.74315979e+02, 8.10165882e-01,
       8.65876709e+02, 4.80210510e+02, 7.04945803e-01, 8.65792358e+02,
       5.56746948e+02, 6.91742182e-01, 9.92369995e+02, 5.97817505e+02,
       7.49251425e-01, 1.12182178e+03, 6.42175049e+02, 8.27167869e-01,
       8.60013062e+02, 4.09496063e+02, 6.30208552e-01, 1.03063806e+03,
       3.41814362e+02, 7.38716602e-01, 1.16308105e+03, 2.80075653e+02,
       7.29668677e-01, 1.13652710e+03, 4.59743378e+02, 5.42344809e-01,
       1.12777319e+03, 5.09655884e+02, 5.82547128e-01, 1.34558618e+03,
       5.80335815e+02, 7.23417222e-01, 1.54570935e+03, 6.50986145e+02,
       6.25465870e-01, 1.13363806e+03, 4.09551605e+02, 5.43543339e-01,
       1.35444385e+03, 4.12528076e+02, 6.43166661e-01, 1.57217456e+03,
       4.47895966e+02, 5.99462748e-01, 7.42213379e+02, 4.83296936e+02,
       7.99283624e-01, 7.42289856e+02, 4.56558929e+02, 8.60597849e-01,
       7.62774475e+02, 5.06731415e+02, 5.18022776e-01, 7.68691833e+02,
       4.27254730e+02, 5.35590649e-01, 1.63697229e+03, 4.15520752e+02,
       4.38274592e-01, 1.63403564e+03, 4.15492096e+02, 4.36390221e-01,
       1.60745337e+03, 4.62634766e+02, 2.87571341e-01, 1.62222729e+03,
       6.83296387e+02, 3.57059211e-01, 0., 0., 0., 1.58105249e+03,
       6.47974670e+02, 3.07194859e-01 ]
