%YAML:1.0
---
pose_0: !!opencv-matrix
   rows: 1
   cols: 25
   dt: "3f"
   data: [ 7.65873779e+02, 3.68509308e+02, 8.22232008e-01,
       8.80411743e+02, 3.86140198e+02, 6.60398126e-01, 8.80538086e+02,
       4.74295319e+02, 6.19388998e-01, 9.74648132e+02, 4.97852295e+02,
       4.00734097e-01, 1.00705212e+03, 5.00769897e+02, 6.51986539e-01,
       8.77512512e+02, 3.18368622e+02, 6.16985917e-01, 1.02474097e+03,
       2.62473175e+02, 7.36153722e-01, 1.14840442e+03, 2.00797897e+02,
       7.62540936e-01, 1.14250916e+03, 3.88986877e+02, 6.03045285e-01,
       1.13660522e+03, 4.36145966e+02, 5.92878938e-01, 1.35730786e+03,
       4.83084808e+02, 6.89114988e-01, 1.54274023e+03, 5.27296387e+02,
       6.37877703e-01, 1.14841699e+03, 3.38923187e+02, 5.44923007e-01,
       1.35738550e+03, 3.36054657e+02, 4.95765924e-01, 1.56339075e+03,
       2.94841064e+02, 5.25585115e-01, 7.59806519e+02, 3.86032074e+02,
       7.65902638e-01, 7.59885559e+02, 3.59532745e+02, 7.61979222e-01,
       7.71692749e+02, 4.06682495e+02, 5.66910446e-01, 7.77563721e+02,
       3.36067017e+02, 3.75523359e-01, 1.64289026e+03, 2.59542297e+02,
       4.30708915e-01, 1.63698682e+03, 2.59528351e+02, 4.76607054e-01,
       1.63107629e+03, 2.97728668e+02, 1.76880389e-01, 1.61352844e+03,
       5.53816345e+02, 4.35532272e-01, 1.61036121e+03, 5.56746521e+02,
       4.33974594e-01, 1.56924768e+03, 5.09763458e+02, 3.79975170e-01 ]
