%YAML:1.0
---
pose_0: !!opencv-matrix
   rows: 1
   cols: 25
   dt: "3f"
   data: [ 7.65659790e+02, 5.30169495e+02, 8.16196918e-01,
       8.48179749e+02, 5.06839020e+02, 6.55920148e-01, 8.77563416e+02,
       6.03866882e+02, 5.64141870e-01, 1.01295709e+03, 6.39157898e+02,
       6.20583534e-01, 1.12484851e+03, 6.89180420e+02, 7.40457416e-01,
       8.18700378e+02, 4.39023132e+02, 3.62906069e-01, 7.92308167e+02,
       3.18442108e+02, 6.73006952e-01, 6.68676270e+02, 3.18534576e+02,
       8.00158381e-01, 1.11601929e+03, 5.33215271e+02, 6.19200826e-01,
       1.11010242e+03, 5.77493225e+02, 6.18016064e-01, 1.34265344e+03,
       6.45030334e+02, 7.02835321e-01, 1.53397070e+03, 6.92216248e+02,
       6.52908623e-01, 1.12186536e+03, 4.83207031e+02, 5.80122709e-01,
       1.31023474e+03, 4.62684662e+02, 6.30573153e-01, 1.42505237e+03,
       4.12517120e+02, 2.59119868e-01, 7.59770813e+02, 5.45029663e+02,
       7.42600739e-01, 7.48064209e+02, 5.12693176e+02, 7.15867877e-01,
       7.77518250e+02, 5.59731689e+02, 4.62299883e-01, 7.53998474e+02,
       4.83225006e+02, 5.05947113e-01, 1.53392249e+03, 4.27285889e+02,
       9.94422808e-02, 0., 0., 0., 1.49568933e+03, 3.80164124e+02,
       1.50457025e-01, 1.59284863e+03, 6.71517700e+02, 4.14262116e-01,
       1.58696912e+03, 6.89224304e+02, 3.83559912e-01, 1.55746460e+03,
       7.06882996e+02, 3.32874656e-01 ]
