%YAML:1.0
---
pose_0: !!opencv-matrix
   rows: 1
   cols: 25
   dt: "3f"
   data: [ 7.30453857e+02, 3.71326935e+02, 7.79938996e-01,
       8.12943115e+02, 3.35984711e+02, 6.85371041e-01, 8.27538086e+02,
       3.94929199e+02, 4.15793031e-01, 9.04000305e+02, 4.53742859e+02,
       2.56482005e-01, 8.56977600e+02, 4.71419983e+02, 4.23728347e-01,
       8.24643616e+02, 2.68322937e+02, 7.36566365e-01, 8.62959351e+02,
       3.18490234e+02, 7.68373728e-01, 7.98111450e+02, 4.80145447e+02,
       6.52155638e-01, 1.11591882e+03, 3.77195190e+02, 5.14412880e-01,
       1.10127246e+03, 4.27261719e+02, 5.61207831e-01, 1.31617810e+03,
       4.62609528e+02, 7.31500983e-01, 1.56341919e+03, 5.27404419e+02,
       6.06730103e-01, 1.11890857e+03, 3.15513611e+02, 4.49788272e-01,
       1.36028052e+03, 3.09515594e+02, 3.37504148e-01, 1.56634985e+03,
       3.00764740e+02, 5.04293740e-01, 7.15683472e+02, 3.86024994e+02,
       8.08868289e-01, 7.15769836e+02, 3.50755341e+02, 8.00734937e-01,
       0., 0., 0., 7.33411072e+02, 3.12523590e+02, 5.89959264e-01,
       1.64286829e+03, 2.65329987e+02, 4.64304119e-01, 1.63704993e+03,
       2.65321777e+02, 5.13460040e-01, 1.60162073e+03, 3.12508698e+02,
       2.34108984e-01, 1.61345410e+03, 5.80356506e+02, 1.56177774e-01,
       1.61042554e+03, 5.74493408e+02, 1.52379677e-01, 1.59573730e+03,
       5.21436890e+02, 3.68703306e-01 ]
