%YAML:1.0
---
pose_0: !!opencv-matrix
   rows: 1
   cols: 25
   dt: "3f"
   data: [ 0., 0., 0., 8.68777466e+02, 5.03834534e+02, 1.34072304e-01,
       0., 0., 0., 0., 0., 0., 0., 0., 0., 9.01161438e+02,
       4.80209351e+02, 7.17130229e-02, 9.15858459e+02, 4.59758118e+02,
       7.89653435e-02, 8.15799500e+02, 3.62404999e+02, 8.97425115e-02,
       1.05122266e+03, 5.36163208e+02, 2.80910283e-01, 1.05416492e+03,
       5.30277039e+02, 2.07632735e-01, 1.33086963e+03, 5.12645569e+02,
       3.84228766e-01, 1.64874902e+03, 7.18588928e+02, 2.99785644e-01,
       0., 0., 0., 0., 0., 0., 0., 0., 0., 0., 0., 0., 0., 0., 0., 0.,
       0., 0., 0., 0., 0., 0., 0., 0., 0., 0., 0., 0., 0., 0.,
       1.70771252e+03, 6.56843933e+02, 6.14032298e-02, 0., 0., 0.,
       1.66933923e+03, 7.45181824e+02, 1.83639333e-01 ]
