%YAML:1.0
---
pose_0: !!opencv-matrix
   rows: 1
   cols: 25
   dt: "3f"
   data: [ 7.83411865e+02, 4.83111389e+02, 7.94895291e-01,
       9.04037292e+02, 4.77226044e+02, 6.97937667e-01, 9.07044617e+02,
       5.47920410e+02, 7.19849169e-01, 1.02182397e+03, 6.09783997e+02,
       8.41928661e-01, 9.18764343e+02, 5.53971680e+02, 7.66526103e-01,
       9.01066467e+02, 4.09535309e+02, 5.16837716e-01, 1.09535010e+03,
       3.65530518e+02, 3.43277812e-01, 1.04538342e+03, 3.94913544e+02,
       1.62393644e-01, 1.18956165e+03, 5.06775513e+02, 5.49672604e-01,
       1.18662976e+03, 5.56855774e+02, 5.52856743e-01, 1.35437903e+03,
       5.27255615e+02, 2.47773051e-01, 1.52516052e+03, 5.30362976e+02,
       4.13056642e-01, 1.18954553e+03, 4.53790863e+02, 5.65689325e-01,
       1.37798779e+03, 4.83127380e+02, 4.39296514e-01, 1.58393335e+03,
       4.71422974e+02, 4.27905113e-01, 7.65674683e+02, 4.94975342e+02,
       6.71525121e-01, 7.65808716e+02, 4.62574860e+02, 7.72985458e-01,
       7.86434265e+02, 5.06829346e+02, 2.34821111e-01, 7.92242981e+02,
       4.33267792e+02, 4.63892639e-01, 1.63395032e+03, 4.36014069e+02,
       4.30529326e-01, 1.63102234e+03, 4.36015717e+02, 4.14356232e-01,
       1.61039783e+03, 4.86110809e+02, 3.23732823e-01, 0., 0., 0., 0.,
       0., 0., 1.56037305e+03, 5.33192749e+02, 2.40224063e-01 ]
