%YAML:1.0
---
pose_0: !!opencv-matrix
   rows: 1
   cols: 25
   dt: "3f"
   data: [ 7.80452637e+02, 5.30227905e+02, 7.40692019e-01,
       8.59893738e+02, 5.86213623e+02, 6.38146222e-01, 8.45261841e+02,
       6.27410095e+02, 7.10405052e-01, 9.27501404e+02, 4.86167450e+02,
       6.58983827e-01, 9.98113647e+02, 3.44942261e+02, 7.99949110e-01,
       8.56998535e+02, 5.36224060e+02, 3.83198082e-01, 9.09994263e+02,
       5.06685699e+02, 3.02716225e-01, 0., 0., 0., 1.12773706e+03,
       5.74330078e+02, 5.79753876e-01, 1.12779419e+03, 6.15641663e+02,
       5.75476050e-01, 1.33379785e+03, 6.47883667e+02, 7.33715117e-01,
       1.54869897e+03, 7.15610107e+02, 6.51947498e-01, 1.12483716e+03,
       5.24434631e+02, 5.86132169e-01, 1.24548474e+03, 5.03697693e+02,
       7.14814305e-01, 1.47220557e+03, 5.24415588e+02, 5.85800409e-01,
       7.59786194e+02, 5.44938049e+02, 7.27480710e-01, 7.56947205e+02,
       5.21463196e+02, 3.56746495e-01, 7.71660889e+02, 6.00881714e+02,
       4.74449366e-01, 0., 0., 0., 1.61632715e+03, 4.80297516e+02,
       1.21980771e-01, 1.61041956e+03, 4.80175720e+02, 1.43239766e-01,
       1.49270935e+03, 5.30282654e+02, 3.41923267e-01, 1.62808398e+03,
       6.95093262e+02, 5.96357822e-01, 1.61335596e+03, 7.12743774e+02,
       5.45140326e-01, 1.56626270e+03, 7.30408386e+02, 3.96577507e-01 ]
