%YAML:1.0
---
pose_0: !!opencv-matrix
   rows: 1
   cols: 25
   dt: "3f"
   data: [ 5.24433167e+02, 5.71402405e+02, 7.03736901e-01,
       6.77465088e+02, 4.80281158e+02, 4.99237478e-01, 6.68602478e+02,
       5.92097046e+02, 6.65801287e-01, 8.42264771e+02, 6.03839783e+02,
       6.50900245e-01, 7.15738281e+02, 4.86087280e+02, 6.47588313e-01,
       6.77425598e+02, 3.80160400e+02, 3.26168537e-01, 8.86371948e+02,
       2.94788086e+02, 7.50308514e-01, 6.95102783e+02, 2.94831635e+02,
       6.48996711e-01, 1.02181250e+03, 5.42056091e+02, 4.18405086e-01,
       9.98223328e+02, 6.12706543e+02, 4.23265398e-01, 1.30728931e+03,
       7.27509338e+02, 3.74754161e-01, 1.58693237e+03, 7.92259155e+02,
       3.53879511e-01, 1.03946277e+03, 4.68474884e+02, 3.65538418e-01,
       1.37506372e+03, 5.03825958e+02, 5.60191035e-01, 1.72526208e+03,
       4.97859833e+02, 4.05546576e-01, 5.00828430e+02, 5.71469666e+02,
       5.41536152e-01, 5.09768707e+02, 5.47871704e+02, 6.44833028e-01,
       0., 0., 0., 5.36201233e+02, 4.80197937e+02, 4.51419890e-01,
       1.85766455e+03, 5.09665131e+02, 1.23030387e-01, 0., 0., 0.,
       1.73115649e+03, 5.06783539e+02, 2.14233831e-01, 1.66637744e+03,
       7.56919189e+02, 1.09386161e-01, 1.67520435e+03, 7.65754272e+02,
       6.01734407e-02, 1.61047888e+03, 8.06897522e+02, 2.07775801e-01 ]
