%YAML:1.0
---
pose_0: !!opencv-matrix
   rows: 2
   cols: 25
   dt: "3f"
   data: [ 0., 0., 0., 0., 0., 0., 0., 0., 0., 0., 0., 0., 0., 0., 0.,
       0., 0., 0., 0., 0., 0., 0., 0., 0., 1.16599194e+03,
       6.03860840e+02, 2.72937000e-01, 1.16898645e+03, 6.21488281e+02,
       2.51749396e-01, 1.36619019e+03, 5.33205017e+02, 6.05377436e-01,
       1.63692896e+03, 7.15803345e+02, 5.37986159e-01, 1.16016321e+03,
       5.83285156e+02, 1.77935302e-01, 1.36033484e+03, 5.03729004e+02,
       5.90670347e-01, 1.54281677e+03, 6.00929138e+02, 2.92242974e-01,
       0., 0., 0., 0., 0., 0., 0., 0., 0., 0., 0., 0., 1.61640771e+03,
       5.30329773e+02, 2.21143037e-01, 1.61341675e+03, 5.33195984e+02,
       2.21802413e-01, 1.57218445e+03, 6.00939819e+02, 1.43361419e-01,
       1.69581067e+03, 7.39193115e+02, 3.94562662e-01, 1.67525452e+03,
       7.48087402e+02, 4.39864635e-01, 1.65459387e+03, 7.39214539e+02,
       3.22629452e-01, 7.36296570e+02, 4.39114899e+02, 1.86238885e-01,
       8.12810974e+02, 5.24346436e+02, 5.43415248e-01, 8.12833618e+02,
       5.27267639e+02, 5.00489354e-01, 9.45254150e+02, 5.65632629e+02,
       1.85993940e-01, 0., 0., 0., 8.12930420e+02, 5.30308533e+02,
       5.73737085e-01, 9.54167786e+02, 5.65630554e+02, 3.69118333e-01,
       1.11886267e+03, 5.53775818e+02, 5.03487527e-01, 1.04831384e+03,
       5.74419922e+02, 1.74097568e-01, 0., 0., 0., 0., 0., 0., 0., 0.,
       0., 1.06008423e+03, 5.50911804e+02, 1.13099694e-01, 0., 0., 0.,
       0., 0., 0., 7.30377136e+02, 4.53778473e+02, 1.43613234e-01,
       7.33379272e+02, 4.36187317e+02, 5.60828298e-02, 7.39329041e+02,
       4.74317505e+02, 2.42249742e-01, 7.12716370e+02, 5.30377380e+02,
       1.37181222e-01, 0., 0., 0., 0., 0., 0., 0., 0., 0., 0., 0., 0.,
       0., 0., 0., 0., 0., 0. ]
