%YAML:1.0
---
pose_0: !!opencv-matrix
   rows: 1
   cols: 25
   dt: "3f"
   data: [ 7.42224792e+02, 5.97829346e+02, 5.82652874e-02,
       8.01061340e+02, 5.36193054e+02, 3.96745145e-01, 8.01034302e+02,
       5.27377380e+02, 3.93709183e-01, 9.04098816e+02, 4.33176239e+02,
       4.36037064e-01, 7.39263794e+02, 4.00769592e+02, 4.07836199e-01,
       7.95167297e+02, 5.53802673e+02, 3.02693576e-01, 8.80628845e+02,
       4.56669556e+02, 3.69877368e-01, 7.39210876e+02, 3.97811066e+02,
       3.35201651e-01, 1.16603735e+03, 5.53776001e+02, 3.00947279e-01,
       1.16304578e+03, 5.56770264e+02, 2.62566358e-01, 1.32496948e+03,
       5.27438110e+02, 7.50886440e-01, 1.50451782e+03, 6.45097046e+02,
       5.26769757e-02, 1.18073425e+03, 5.39135803e+02, 2.82317489e-01,
       1.35145251e+03, 5.09699036e+02, 4.79093462e-01, 1.56043640e+03,
       5.74302917e+02, 6.23295426e-01, 0., 0., 0., 0., 0., 0.,
       7.42302673e+02, 5.00876160e+02, 7.43084997e-02, 7.24534546e+02,
       5.65587830e+02, 2.30874643e-01, 1.61050964e+03, 4.83169495e+02,
       4.55719799e-01, 1.61040381e+03, 4.83235168e+02, 4.20158118e-01,
       1.57222595e+03, 5.97951172e+02, 5.39426684e-01, 0., 0., 0., 0.,
       0., 0., 0., 0., 0. ]
