%YAML:1.0
---
pose_0: !!opencv-matrix
   rows: 1
   cols: 25
   dt: "3f"
   data: [ 7.42122070e+02, 3.68364838e+02, 8.72548461e-01,
       8.42276306e+02, 3.41869415e+02, 5.94719410e-01, 8.24573486e+02,
       4.06632568e+02, 5.36280334e-01, 9.74698364e+02, 4.62564209e+02,
       6.05081856e-01, 1.01888538e+03, 4.77352509e+02, 4.33604747e-01,
       8.59951172e+02, 2.68289459e+02, 6.69921100e-01, 1.02177124e+03,
       2.44906891e+02, 8.92164230e-01, 9.30565918e+02, 3.15301971e+02,
       8.89995217e-01, 1.13658167e+03, 3.71318481e+02, 5.68845570e-01,
       1.12184009e+03, 4.21427216e+02, 5.83780825e-01, 1.33092078e+03,
       4.59775909e+02, 7.61667728e-01, 1.51926501e+03, 5.27220520e+02,
       6.17224574e-01, 1.14247278e+03, 3.15526672e+02, 5.67022979e-01,
       1.35135681e+03, 3.21340332e+02, 7.06754148e-01, 1.56925793e+03,
       3.15403870e+02, 6.29952192e-01, 7.30376953e+02, 3.80197693e+02,
       7.24300504e-01, 7.33331604e+02, 3.50757538e+02, 7.65445888e-01,
       7.42239319e+02, 3.91928528e+02, 1.26428723e-01, 7.45239502e+02,
       3.18491333e+02, 5.25615573e-01, 1.63706152e+03, 2.88927185e+02,
       4.29420918e-01, 1.63397083e+03, 2.85960785e+02, 4.69429046e-01,
       1.60159814e+03, 3.12448639e+02, 2.52662867e-01, 1.58984534e+03,
       5.53857544e+02, 2.91058809e-01, 1.57218359e+03, 5.65583252e+02,
       2.70006418e-01, 1.54574353e+03, 5.15560791e+02, 3.73570591e-01 ]
