%YAML:1.0
---
pose_0: !!opencv-matrix
   rows: 1
   cols: 25
   dt: "3f"
   data: [ 6.98160095e+02, 5.06851715e+02, 8.11977863e-01,
       8.24554016e+02, 5.33220703e+02, 7.25522280e-01, 8.09808472e+02,
       6.18474609e+02, 7.46679544e-01, 9.27501038e+02, 6.68718750e+02,
       8.41255724e-01, 1.04530225e+03, 6.71485168e+02, 8.34158480e-01,
       8.33468811e+02, 4.62547638e+02, 6.27003312e-01, 1.00704413e+03,
       4.36196533e+02, 7.90525854e-01, 1.11909692e+03, 4.09609009e+02,
       8.50120544e-01, 1.07185474e+03, 5.53922058e+02, 6.52269840e-01,
       1.06297717e+03, 6.00937805e+02, 6.24735296e-01, 1.28379175e+03,
       6.18509888e+02, 7.18659222e-01, 1.52214319e+03, 6.42119934e+02,
       5.80495596e-01, 1.08652966e+03, 5.06667511e+02, 6.06993437e-01,
       1.31612891e+03, 4.80238770e+02, 5.80799699e-01, 1.51035437e+03,
       5.06775269e+02, 5.47613442e-01, 6.92095764e+02, 5.27412170e+02,
       7.83151507e-01, 6.92174133e+02, 4.97862671e+02, 7.57451534e-01,
       7.09825134e+02, 5.53727783e+02, 6.70765996e-01, 7.15756042e+02,
       4.77193115e+02, 4.54899698e-01, 1.59872388e+03, 4.74342621e+02,
       3.72562855e-01, 1.59572046e+03, 4.65525208e+02, 3.80279213e-01,
       1.52514539e+03, 5.42052612e+02, 1.76509514e-01, 1.63103638e+03,
       6.18586853e+02, 3.66017789e-01, 1.61925146e+03, 6.30334900e+02,
       2.89670229e-01, 1.54281445e+03, 6.48114624e+02, 3.35793227e-01 ]
