%YAML:1.0
---
pose_0: !!opencv-matrix
   rows: 1
   cols: 25
   dt: "3f"
   data: [ 7.42320496e+02, 5.06756012e+02, 4.68893319e-01,
       8.18731140e+02, 5.00893799e+02, 6.42193198e-01, 8.03985657e+02,
       5.53905212e+02, 5.29514194e-01, 7.39099792e+02, 5.83324646e+02,
       7.97848582e-01, 6.92278931e+02, 4.92035614e+02, 6.81414723e-01,
       8.39284729e+02, 4.39044312e+02, 5.76758623e-01, 8.68750977e+02,
       4.74400146e+02, 5.81973433e-01, 8.56923096e+02, 5.77501770e+02,
       5.69557905e-01, 1.09532666e+03, 5.24407654e+02, 5.72938561e-01,
       1.09243408e+03, 5.71433289e+02, 5.53990841e-01, 1.28968457e+03,
       6.06817261e+02, 5.98991156e-01, 1.49268542e+03, 6.45119080e+02,
       6.18957520e-01, 1.09841113e+03, 4.77274414e+02, 5.35568237e-01,
       1.30738525e+03, 4.59634949e+02, 6.29090130e-01, 1.51916394e+03,
       4.42001526e+02, 5.89040041e-01, 7.36305115e+02, 5.06748688e+02,
       3.59815001e-01, 7.39363037e+02, 4.86203735e+02, 4.90650445e-01,
       7.39135071e+02, 5.27270691e+02, 1.64256275e-01, 7.65729919e+02,
       4.68502380e+02, 3.86230767e-01, 1.60744849e+03, 4.15492615e+02,
       3.38118255e-01, 1.60454309e+03, 4.12623383e+02, 3.46983463e-01,
       1.53984351e+03, 4.33129425e+02, 1.93300545e-01, 1.57220227e+03,
       6.45025146e+02, 3.12531024e-01, 1.56630835e+03, 6.56872009e+02,
       3.05321246e-01, 1.51928442e+03, 6.48054810e+02, 2.88357079e-01 ]
