%YAML:1.0
---
pose_0: !!opencv-matrix
   rows: 1
   cols: 25
   dt: "3f"
   data: [ 7.15793518e+02, 3.65520233e+02, 9.00820673e-01,
       8.06890625e+02, 3.42009705e+02, 6.04469359e-01, 7.89231628e+02,
       4.06638702e+02, 5.32835960e-01, 9.51217529e+02, 4.86242310e+02,
       5.97924352e-01, 9.01052185e+02, 4.56801788e+02, 5.34431815e-01,
       8.24649292e+02, 2.80151764e+02, 5.71941137e-01, 9.30671021e+02,
       2.88931335e+02, 8.35052252e-01, 8.33442566e+02, 4.00820099e+02,
       7.66440690e-01, 1.11602515e+03, 3.80205505e+02, 5.73117733e-01,
       1.10714429e+03, 4.30234314e+02, 5.75692177e-01, 1.30740063e+03,
       4.74344269e+02, 7.12043166e-01, 1.55748755e+03, 5.24348511e+02,
       5.83138943e-01, 1.12480505e+03, 3.21317108e+02, 5.38217306e-01,
       1.35147620e+03, 3.15527466e+02, 6.37455940e-01, 1.57806775e+03,
       3.15389404e+02, 6.56349063e-01, 7.06873657e+02, 3.83069122e+02,
       7.69963264e-01, 7.03916870e+02, 3.44972870e+02, 7.87795842e-01,
       7.18673035e+02, 3.97804016e+02, 2.50634402e-01, 7.18778076e+02,
       3.18341827e+02, 5.84879816e-01, 1.63998108e+03, 2.88901337e+02,
       4.90035892e-01, 1.63692786e+03, 2.83041107e+02, 5.20768404e-01,
       1.60163550e+03, 3.18445160e+02, 2.75023252e-01, 1.61345947e+03,
       5.12601074e+02, 2.68810153e-01, 1.60750854e+03, 5.30309326e+02,
       2.55554676e-01, 1.58989124e+03, 5.18533630e+02, 2.72974133e-01 ]
