%YAML:1.0
---
pose_0: !!opencv-matrix
   rows: 1
   cols: 25
   dt: "3f"
   data: [ 7.86451599e+02, 5.33300476e+02, 7.87395537e-01,
       8.86390320e+02, 4.65588898e+02, 5.84181011e-01, 8.77526672e+02,
       4.74346069e+02, 3.72889847e-01, 0., 0., 0., 0., 0., 0.,
       9.01057129e+02, 4.62673218e+02, 6.82169735e-01, 1.02480542e+03,
       4.65509521e+02, 7.51113117e-01, 1.16896289e+03, 5.30266418e+02,
       8.52084875e-01, 1.18658899e+03, 4.06699432e+02, 3.85360867e-01,
       1.18953479e+03, 3.86115631e+02, 2.91535258e-01, 1.37495654e+03,
       5.30193604e+02, 5.38657308e-01, 1.59575952e+03, 4.33124512e+02,
       2.47095019e-01, 1.18660120e+03, 4.27221680e+02, 4.14020956e-01,
       1.36616284e+03, 5.50779236e+02, 6.24103010e-01, 1.63693201e+03,
       4.12490509e+02, 5.68701148e-01, 0., 0., 0., 7.77559753e+02,
       5.18511292e+02, 7.14941442e-01, 0., 0., 0., 8.01053772e+02,
       4.68502716e+02, 6.55502200e-01, 1.66936511e+03, 4.80147888e+02,
       1.33395895e-01, 1.68108130e+03, 4.50800903e+02, 1.15383983e-01,
       1.65751282e+03, 3.88999054e+02, 3.37013662e-01, 0., 0., 0., 0.,
       0., 0., 0., 0., 0. ]
