%YAML:1.0
---
pose_0: !!opencv-matrix
   rows: 1
   cols: 25
   dt: "3f"
   data: [ 7.77513062e+02, 4.36216949e+02, 8.26661646e-01,
       8.62961975e+02, 4.27275635e+02, 6.68086529e-01, 8.59908752e+02,
       4.94914978e+02, 5.47355056e-01, 9.48178101e+02, 5.15596802e+02,
       1.70608386e-01, 9.45270264e+02, 5.06687836e+02, 7.64866769e-02,
       8.77584595e+02, 3.62552643e+02, 6.48004770e-01, 1.00423260e+03,
       2.94947296e+02, 7.80233920e-01, 9.62900208e+02, 4.33212952e+02,
       7.84212708e-01, 1.13365735e+03, 4.36141327e+02, 4.48690921e-01,
       1.13367737e+03, 4.83268646e+02, 4.59485412e-01, 1.34257495e+03,
       5.98004822e+02, 8.28775287e-01, 1.53394495e+03, 5.74425537e+02,
       5.16379952e-01, 1.12192627e+03, 3.80194458e+02, 4.02341694e-01,
       1.39561145e+03, 3.41876343e+02, 5.33422649e-01, 1.58686475e+03,
       1.62394806e+02, 2.48771966e-01, 7.62758667e+02, 4.56764313e+02,
       8.16905200e-01, 7.62834473e+02, 4.24327637e+02, 7.78097689e-01,
       7.77468628e+02, 4.80206573e+02, 2.79260278e-01, 7.83410278e+02,
       3.88969269e+02, 5.17665982e-01, 1.68099622e+03, 1.21168198e+02,
       9.81404632e-02, 1.67813538e+03, 1.18260735e+02, 9.72954184e-02,
       0., 0., 0., 1.49279614e+03, 6.59762817e+02, 5.90628386e-01,
       1.49273645e+03, 6.48107910e+02, 5.13951719e-01, 1.56634229e+03,
       5.39162903e+02, 3.90804827e-01 ]
