%YAML:1.0
---
pose_0: !!opencv-matrix
   rows: 1
   cols: 25
   dt: "3f"
   data: [ 0., 0., 0., 9.60002747e+02, 4.97903534e+02, 1.35475680e-01,
       9.21742554e+02, 5.21449707e+02, 9.37831849e-02, 0., 0., 0., 0.,
       0., 0., 1.01885474e+03, 4.65505463e+02, 1.15432091e-01,
       1.08657153e+03, 4.77326782e+02, 7.14554638e-02, 1.10715869e+03,
       4.56620087e+02, 1.75866246e-01, 1.16303333e+03, 5.56859131e+02,
       5.01967192e-01, 1.14549207e+03, 5.98000610e+02, 4.55774814e-01,
       1.38091565e+03, 5.00742859e+02, 7.69558191e-01, 1.61642700e+03,
       7.12712646e+02, 5.67698300e-01, 1.16895178e+03, 5.21406494e+02,
       4.18095589e-01, 1.38090808e+03, 4.39155579e+02, 7.40019500e-01,
       1.54865332e+03, 5.65571289e+02, 4.07586008e-01, 0., 0., 0., 0.,
       0., 0., 0., 0., 0., 0., 0., 0., 1.59278577e+03, 5.18478882e+02,
       1.81641221e-01, 1.58987598e+03, 5.18488098e+02, 1.84410796e-01,
       1.57223669e+03, 5.83262146e+02, 2.00754344e-01, 1.68103125e+03,
       7.39183594e+02, 2.88204670e-01, 1.66041565e+03, 7.42290466e+02,
       3.56696397e-01, 1.62517883e+03, 7.30463806e+02, 3.37316841e-01 ]
