%YAML:1.0
---
pose_0: !!opencv-matrix
   rows: 1
   cols: 25
   dt: "3f"
   data: [ 8.15819336e+02, 5.56741333e+02, 8.61004531e-01,
       8.86483337e+02, 6.18528687e+02, 6.82937145e-01, 8.65858398e+02,
       6.65632202e+02, 4.43674624e-01, 9.12921265e+02, 7.59890503e+02,
       2.58635730e-01, 9.68823547e+02, 7.86385742e+02, 2.65405238e-01,
       9.07029968e+02, 5.71414612e+02, 5.97141504e-01, 1.00130457e+03,
       5.03818298e+02, 5.76488733e-01, 1.05709509e+03, 4.06560486e+02,
       7.38490820e-01, 1.15425391e+03, 6.21448669e+02, 5.72530270e-01,
       1.15714587e+03, 6.65681213e+02, 5.54101825e-01, 1.36323035e+03,
       6.65713806e+02, 7.60041237e-01, 1.54870520e+03, 7.15798706e+02,
       5.73359489e-01, 1.15721765e+03, 5.71474670e+02, 5.83686888e-01,
       1.31025220e+03, 5.56736023e+02, 5.26973844e-01, 1.51331580e+03,
       6.00858215e+02, 4.45763707e-01, 7.95239380e+02, 5.71444336e+02,
       8.45902383e-01, 8.09950012e+02, 5.47929932e+02, 8.19621325e-01,
       7.98081177e+02, 6.01078003e+02, 7.11740851e-01, 0., 0., 0.,
       1.61048242e+03, 5.86170349e+02, 2.64538974e-01, 1.61035205e+03,
       5.77384155e+02, 2.89407223e-01, 1.52513733e+03, 6.21582214e+02,
       2.61291414e-01, 1.60744189e+03, 6.98028870e+02, 2.51023978e-01,
       1.59279224e+03, 7.15619751e+02, 2.23111957e-01, 1.57519092e+03,
       7.18748230e+02, 3.42911452e-01 ]
