%YAML:1.0
---
pose_0: !!opencv-matrix
   rows: 1
   cols: 25
   dt: "3f"
   data: [ 6.98083557e+02, 4.33186890e+02, 8.98484588e-01,
       7.98157227e+02, 4.83200043e+02, 7.26182878e-01, 8.09863770e+02,
       5.68488342e+02, 5.86794794e-01, 9.15892212e+02, 6.15656494e+02,
       6.40599966e-01, 9.98130188e+02, 6.18550720e+02, 7.94202447e-01,
       8.06871643e+02, 4.15597626e+02, 6.76648259e-01, 9.54145813e+02,
       3.65392548e+02, 8.87903750e-01, 8.42308899e+02, 3.89171326e+02,
       7.90435910e-01, 1.08949133e+03, 4.83147308e+02, 5.30621171e-01,
       1.08065662e+03, 5.30186340e+02, 5.87041557e-01, 1.29254749e+03,
       5.53954041e+02, 7.76528418e-01, 1.51621741e+03, 5.97893188e+02,
       5.80108047e-01, 1.08951099e+03, 4.30199097e+02, 5.44957519e-01,
       1.31615869e+03, 4.30227478e+02, 6.80846691e-01, 1.55747388e+03,
       4.47884460e+02, 6.36768579e-01, 6.77499084e+02, 4.50773956e+02,
       8.08566391e-01, 6.92265381e+02, 4.15440521e+02, 8.42158496e-01,
       6.92169067e+02, 4.83308899e+02, 7.70262122e-01, 7.33288330e+02,
       4.06610962e+02, 6.18396699e-02, 1.61934705e+03, 4.56699982e+02,
       5.32191217e-01, 1.61927991e+03, 4.42005829e+02, 5.51232040e-01,
       1.57216418e+03, 4.44974487e+02, 3.40520859e-01, 1.48978894e+03,
       6.62751953e+02, 2.69219756e-01, 1.48679614e+03, 6.50956909e+02,
       2.71539599e-01, 1.54573132e+03, 5.77430542e+02, 3.50981116e-01 ]
