%YAML:1.0
---
pose_0: !!opencv-matrix
   rows: 1
   cols: 25
   dt: "3f"
   data: [ 7.86317322e+02, 4.59539001e+02, 9.06850457e-01,
       8.98216309e+02, 4.74346527e+02, 6.86671555e-01, 9.07026367e+02,
       5.47878540e+02, 6.81887567e-01, 1.01876331e+03, 6.06873535e+02,
       7.88882554e-01, 9.30663269e+02, 5.62705872e+02, 7.13541746e-01,
       8.83435730e+02, 4.12524139e+02, 5.84185779e-01, 9.68814514e+02,
       3.65559570e+02, 5.88389218e-01, 1.05128442e+03, 3.41981567e+02,
       8.17863166e-01, 1.17189661e+03, 4.80234772e+02, 5.99876642e-01,
       1.16606421e+03, 5.27412109e+02, 5.96759617e-01, 1.31613611e+03,
       5.71496643e+02, 1.82727352e-01, 1.49270593e+03, 6.36221619e+02,
       5.02866507e-02, 1.18074878e+03, 4.30244873e+02, 5.85234225e-01,
       1.34847510e+03, 4.56623291e+02, 5.36196649e-01, 1.56335632e+03,
       4.50816101e+02, 4.67168212e-01, 7.68711609e+02, 4.68527802e+02,
       8.00623178e-01, 7.77519287e+02, 4.36211578e+02, 8.25422466e-01,
       7.86408203e+02, 4.89083618e+02, 4.50458258e-01, 8.03955994e+02,
       4.15512177e+02, 6.40995562e-01, 1.63685889e+03, 4.03753937e+02,
       3.76056671e-01, 1.63396240e+03, 4.03672913e+02, 3.60293508e-01,
       1.60160730e+03, 4.62597809e+02, 2.05030367e-01, 1.49273877e+03,
       6.56835571e+02, 5.82279339e-02, 1.47515527e+03, 6.56884705e+02,
       5.84980547e-02, 0., 0., 0. ]
