%YAML:1.0
---
pose_0: !!opencv-matrix
   rows: 1
   cols: 25
   dt: "3f"
   data: [ 0., 0., 0., 0., 0., 0., 0., 0., 0., 0., 0., 0., 0., 0., 0.,
       0., 0., 0., 0., 0., 0., 0., 0., 0., 1.05418982e+03,
       5.47927002e+02, 1.96405694e-01, 1.04828040e+03, 6.21495239e+02,
       1.81696966e-01, 1.21312268e+03, 6.89158447e+02, 8.38777348e-02,
       0., 0., 0., 1.05122656e+03, 4.71417511e+02, 2.83693463e-01,
       1.27783838e+03, 3.68424011e+02, 1.18921921e-01, 1.37790686e+03,
       3.15403748e+02, 1.80221349e-01, 0., 0., 0., 0., 0., 0., 0., 0.,
       0., 0., 0., 0., 0., 0., 0., 0., 0., 0., 1.38087341e+03,
       3.00721710e+02, 8.36231187e-02, 0., 0., 0., 0., 0., 0., 0., 0.,
       0. ]
