%YAML:1.0
---
pose_0: !!opencv-matrix
   rows: 1
   cols: 25
   dt: "3f"
   data: [ 7.33380371e+02, 5.71462463e+02, 8.44733775e-01,
       8.56901611e+02, 5.74499390e+02, 7.62047887e-01, 8.57026917e+02,
       6.45037354e+02, 6.30228519e-01, 9.86532410e+02, 7.03923096e+02,
       6.34650350e-01, 1.14257324e+03, 7.42233826e+02, 7.43084073e-01,
       8.54053772e+02, 4.97870880e+02, 6.66685998e-01, 9.95336853e+02,
       4.65571747e+02, 7.62355566e-01, 1.13652942e+03, 4.50761017e+02,
       7.64138103e-01, 1.11902588e+03, 6.00902405e+02, 5.98628998e-01,
       1.11894116e+03, 6.48095581e+02, 5.74434936e-01, 1.32493958e+03,
       6.48031189e+02, 7.85734773e-01, 1.55453845e+03, 6.68489746e+02,
       6.27246261e-01, 1.12188708e+03, 5.50761902e+02, 5.93728483e-01,
       1.31028198e+03, 5.24358337e+02, 6.72522426e-01, 1.53684998e+03,
       4.59704132e+02, 6.71226144e-01, 7.18541626e+02, 5.80308472e+02,
       8.57217371e-01, 7.21671387e+02, 5.50888977e+02, 8.70198131e-01,
       7.39128174e+02, 6.00971008e+02, 5.80609560e-01, 7.53979248e+02,
       5.27429810e+02, 5.82587302e-01, 1.61353442e+03, 4.41998322e+02,
       4.12764579e-01, 1.61051025e+03, 4.36164429e+02, 4.30672050e-01,
       1.56330603e+03, 4.53764923e+02, 2.40209371e-01, 1.63384741e+03,
       6.68589783e+02, 4.44485188e-01, 1.62222876e+03, 6.77447510e+02,
       4.37918037e-01, 1.57514136e+03, 6.50992493e+02, 3.10355335e-01 ]
