%YAML:1.0
---
pose_0: !!opencv-matrix
   rows: 2
   cols: 25
   dt: "3f"
   data: [ 7.77557800e+02, 4.33032104e+02, 7.76197672e-01,
       8.65787109e+02, 3.65554413e+02, 4.89697009e-01, 8.51133789e+02,
       3.94866425e+02, 3.10003817e-01, 0., 0., 0., 0., 0., 0.,
       8.80443542e+02, 3.44920013e+02, 6.30822957e-01, 9.95369263e+02,
       3.35963837e+02, 6.37689710e-01, 9.77655334e+02, 4.80244446e+02,
       7.93945432e-01, 1.15426221e+03, 3.91945801e+02, 2.99367487e-01,
       1.14838708e+03, 4.36073700e+02, 2.97060579e-01, 1.34846118e+03,
       5.33206665e+02, 6.04118526e-01, 1.54569177e+03, 5.27432434e+02,
       6.08056545e-01, 1.16305823e+03, 3.50744476e+02, 2.63494551e-01,
       1.39845117e+03, 3.21379120e+02, 2.97301650e-01, 1.56630652e+03,
       1.47693954e+02, 2.54849851e-01, 7.62709229e+02, 4.33184570e+02,
       2.90081203e-01, 7.65741211e+02, 4.12515106e+02, 8.10821176e-01,
       0., 0., 0., 7.86355835e+02, 3.71390808e+02, 6.04421556e-01, 0.,
       0., 0., 0., 0., 0., 0., 0., 0., 1.58683472e+03, 6.03846130e+02,
       4.24865603e-01, 1.57808508e+03, 6.00847229e+02, 3.68002027e-01,
       1.57511169e+03, 5.06726746e+02, 4.73262340e-01, 0., 0., 0., 0.,
       0., 0., 0., 0., 0., 0., 0., 0., 0., 0., 0., 0., 0., 0., 0., 0.,
       0., 0., 0., 0., 0., 0., 0., 1.16305334e+03, 3.44881348e+02,
       1.14178516e-01, 1.37788306e+03, 3.38934235e+02, 3.89003068e-01,
       1.56340625e+03, 1.53547318e+02, 1.10202767e-01, 0., 0., 0., 0.,
       0., 0., 0., 0., 0., 0., 0., 0., 0., 0., 0., 0., 0., 0., 0., 0.,
       0., 0., 0., 0., 0., 0., 0., 0., 0., 0., 0., 0., 0., 0., 0., 0.,
       0., 0., 0. ]
