%YAML:1.0
---
pose_0: !!opencv-matrix
   rows: 1
   cols: 25
   dt: "3f"
   data: [ 7.83454102e+02, 3.89037842e+02, 8.74034286e-01,
       8.80514648e+02, 3.83149048e+02, 6.62080467e-01, 8.89388000e+02,
       4.53786438e+02, 6.81517601e-01, 9.98309937e+02, 4.44965576e+02,
       7.99035430e-01, 9.18763123e+02, 3.38961426e+02, 7.91916132e-01,
       8.59885559e+02, 3.18444916e+02, 4.81107712e-01, 8.80593445e+02,
       2.77166077e+02, 2.50580996e-01, 9.07053589e+02, 2.68259979e+02,
       2.15355903e-01, 1.13654199e+03, 4.18491150e+02, 6.29725993e-01,
       1.11884631e+03, 4.62668549e+02, 6.74803078e-01, 1.28961670e+03,
       5.53735107e+02, 7.38587856e-01, 1.48387463e+03, 6.42089294e+02,
       5.28442264e-01, 1.14548047e+03, 3.68408081e+02, 6.09781921e-01,
       1.34555432e+03, 3.68364868e+02, 5.94021201e-01, 1.55159241e+03,
       3.94866516e+02, 6.04501128e-01, 7.68720703e+02, 4.06604858e+02,
       7.72685170e-01, 7.68725342e+02, 3.71404022e+02, 7.78711081e-01,
       7.89246216e+02, 4.15580872e+02, 3.24875027e-01, 7.89186646e+02,
       3.44970490e+02, 6.27970695e-01, 1.62224609e+03, 3.65562866e+02,
       5.06287336e-01, 1.61347974e+03, 3.65465088e+02, 5.37101150e-01,
       1.56925964e+03, 4.12558807e+02, 3.47330123e-01, 1.53101086e+03,
       6.51019165e+02, 2.14961454e-01, 1.51334387e+03, 6.68622437e+02,
       2.34072983e-01, 1.51632300e+03, 6.48011108e+02, 3.05359215e-01 ]
