%YAML:1.0
---
pose_0: !!opencv-matrix
   rows: 1
   cols: 25
   dt: "3f"
   data: [ 7.45159363e+02, 3.68379761e+02, 8.44509482e-01,
       8.60041260e+02, 3.62430847e+02, 7.23910689e-01, 8.62923035e+02,
       4.30184906e+02, 5.81281781e-01, 1.02172699e+03, 4.80170319e+02,
       7.42575526e-01, 9.83543823e+02, 5.24400513e+02, 7.84375966e-01,
       8.77608582e+02, 2.71246674e+02, 6.86775506e-01, 1.01587506e+03,
       2.27217850e+02, 7.59248137e-01, 1.14249097e+03, 1.77241074e+02,
       8.57778847e-01, 1.14243176e+03, 3.86142914e+02, 6.17605150e-01,
       1.12778613e+03, 4.36124939e+02, 6.04357123e-01, 1.33083167e+03,
       4.89103424e+02, 6.60021663e-01, 1.53100403e+03, 5.03731781e+02,
       5.29773414e-01, 1.14835254e+03, 3.35930664e+02, 5.58106303e-01,
       1.33091345e+03, 3.38947052e+02, 6.74023867e-01, 1.57220703e+03,
       3.15349976e+02, 6.21769190e-01, 7.36283813e+02, 3.88926697e+02,
       8.40369165e-01, 7.39144592e+02, 3.53713531e+02, 8.17980886e-01,
       7.56873108e+02, 4.09613129e+02, 2.58168131e-01, 7.59813049e+02,
       3.21424347e+02, 5.11947393e-01, 1.64582056e+03, 2.62487061e+02,
       5.06486058e-01, 1.63705994e+03, 2.65408112e+02, 5.17991602e-01,
       1.60753979e+03, 3.15472443e+02, 2.65599012e-01, 1.59871191e+03,
       4.86163757e+02, 2.60969907e-01, 1.58991113e+03, 5.06744965e+02,
       2.22962171e-01, 1.56930798e+03, 4.86139435e+02, 2.97860473e-01 ]
