%YAML:1.0
---
pose_0: !!opencv-matrix
   rows: 2
   cols: 25
   dt: "3f"
   data: [ 7.86424561e+02, 3.85992889e+02, 7.20669568e-01,
       8.56864197e+02, 2.71223602e+02, 4.64578092e-01, 8.59913330e+02,
       2.56550568e+02, 3.18423778e-01, 9.04148499e+02, 4.21394592e+02,
       6.14849105e-02, 0., 0., 0., 8.39396545e+02, 2.88964966e+02,
       6.52298272e-01, 9.09905762e+02, 4.30165863e+02, 7.73079216e-01,
       9.68843445e+02, 5.65615540e+02, 7.54662156e-01, 1.13955017e+03,
       3.12451935e+02, 5.47477901e-01, 1.13951941e+03, 3.62379272e+02,
       5.93520463e-01, 1.32497290e+03, 4.71449341e+02, 7.76946306e-01,
       1.53692126e+03, 5.18523254e+02, 6.79317772e-01, 1.13952148e+03,
       2.62401306e+02, 4.32450265e-01, 1.36030371e+03, 2.41852722e+02,
       3.86215955e-01, 1.56334119e+03, 1.38795258e+02, 4.89022195e-01,
       0., 0., 0., 7.71694458e+02, 3.68350311e+02, 7.45639622e-01, 0.,
       0., 0., 7.71621521e+02, 3.18337921e+02, 6.67575777e-01,
       1.62812256e+03, 8.87544708e+01, 3.63229007e-01, 1.62224292e+03,
       8.59098053e+01, 3.69568199e-01, 1.58392114e+03, 1.21155441e+02,
       1.37432232e-01, 1.58683276e+03, 6.00882690e+02, 3.91891599e-01,
       1.55749133e+03, 5.83317871e+02, 3.76166046e-01, 1.56341650e+03,
       5.03772400e+02, 5.39450288e-01, 0., 0., 0., 0., 0., 0.,
       9.36445984e+02, 3.44870422e+02, 6.75607100e-02, 1.04536804e+03,
       4.00740387e+02, 5.34097850e-01, 1.12775439e+03, 4.65603027e+02,
       6.36676133e-01, 0., 0., 0., 0., 0., 0., 0., 0., 0., 0., 0., 0.,
       0., 0., 0., 0., 0., 0., 0., 0., 0., 0., 0., 0., 0., 0., 0., 0.,
       0., 0., 0., 0., 0., 0., 0., 0., 0., 0., 0., 0., 0., 0., 0., 0.,
       0., 0., 0., 0., 0., 0., 0., 0., 0., 0., 0., 0., 0., 0., 0., 0. ]
