%YAML:1.0
---
pose_0: !!opencv-matrix
   rows: 2
   cols: 25
   dt: "3f"
   data: [ 0., 0., 0., 0., 0., 0., 9.71678772e+02, 3.56628418e+02,
       1.03872672e-01, 1.06295667e+03, 4.06562195e+02, 6.84744895e-01,
       1.13954114e+03, 4.68514618e+02, 8.24046552e-01, 0., 0., 0., 0.,
       0., 0., 0., 0., 0., 0., 0., 0., 0., 0., 0., 0., 0., 0., 0., 0.,
       0., 0., 0., 0., 0., 0., 0., 0., 0., 0., 0., 0., 0., 0., 0., 0.,
       0., 0., 0., 0., 0., 0., 0., 0., 0., 0., 0., 0., 0., 0., 0., 0.,
       0., 0., 0., 0., 0., 0., 0., 0., 7.86292358e+02, 3.83002869e+02,
       7.44023442e-01, 8.60017700e+02, 2.77175232e+02, 5.28799176e-01,
       8.71723877e+02, 2.68342377e+02, 3.90583545e-01, 0., 0., 0., 0.,
       0., 0., 8.54012634e+02, 2.91750580e+02, 7.30685234e-01,
       9.27531433e+02, 4.12670868e+02, 8.47857356e-01, 9.92415894e+02,
       5.59712402e+02, 7.61741221e-01, 1.16601758e+03, 3.03686646e+02,
       5.58708668e-01, 1.16595190e+03, 3.53655304e+02, 6.10666931e-01,
       1.34550525e+03, 4.59800018e+02, 7.84761190e-01, 1.54285254e+03,
       5.18495056e+02, 6.26218319e-01, 1.16309949e+03, 2.59455933e+02,
       5.07509410e-01, 1.39844214e+03, 2.35946060e+02, 5.17384529e-01,
       1.54863684e+03, 1.50528824e+02, 5.05594969e-01, 0., 0., 0.,
       7.71596863e+02, 3.65386475e+02, 7.69846857e-01, 0., 0., 0.,
       7.83387207e+02, 3.15536285e+02, 6.81669235e-01, 1.61640906e+03,
       8.58884201e+01, 3.31337422e-01, 1.61634558e+03, 8.87693863e+01,
       3.30952227e-01, 1.56633618e+03, 1.44711777e+02, 1.51207462e-01,
       1.58989331e+03, 5.95001892e+02, 3.22078258e-01, 1.58401135e+03,
       5.86237183e+02, 2.92934954e-01, 1.57517346e+03, 5.00897369e+02,
       4.86080825e-01 ]
