%YAML:1.0
---
pose_0: !!opencv-matrix
   rows: 2
   cols: 25
   dt: "3f"
   data: [ 0., 0., 0., 8.30500549e+02, 4.91990906e+02, 1.46765321e-01,
       0., 0., 0., 0., 0., 0., 0., 0., 0., 0., 0., 0., 0., 0., 0., 0.,
       0., 0., 1.09246973e+03, 5.27237732e+02, 5.32458842e-01,
       1.08364099e+03, 5.74482910e+02, 5.62755346e-01, 1.31027551e+03,
       5.94918091e+02, 5.55871010e-01, 1.66640283e+03, 6.03815125e+02,
       5.57444155e-01, 1.09546326e+03, 4.65515564e+02, 4.50840533e-01,
       1.37499060e+03, 4.65588440e+02, 5.29375136e-01, 1.59578699e+03,
       4.56608429e+02, 4.38838005e-01, 0., 0., 0., 0., 0., 0., 0., 0.,
       0., 0., 0., 0., 1.67813501e+03, 4.30160889e+02, 2.71467865e-01,
       1.67224158e+03, 4.27264496e+02, 3.26229334e-01, 1.66051184e+03,
       4.68505341e+02, 1.86068669e-01, 1.75469568e+03, 6.48127014e+02,
       3.13607991e-01, 1.75470203e+03, 6.47966187e+02, 3.21532875e-01,
       1.70762451e+03, 5.77318054e+02, 3.18148166e-01, 0., 0., 0.,
       7.71647217e+02, 4.71403259e+02, 1.24908917e-01, 7.42226257e+02,
       4.71393158e+02, 8.09167996e-02, 6.09757446e+02, 5.06729889e+02,
       3.17805111e-01, 7.21586731e+02, 4.97893646e+02, 5.29747307e-01,
       8.15810120e+02, 4.47861603e+02, 1.02298155e-01, 0., 0., 0., 0.,
       0., 0., 0., 0., 0., 0., 0., 0., 0., 0., 0., 0., 0., 0., 0., 0.,
       0., 0., 0., 0., 0., 0., 0., 0., 0., 0., 0., 0., 0., 0., 0., 0.,
       0., 0., 0., 0., 0., 0., 0., 0., 0., 0., 0., 0., 0., 0., 0., 0.,
       0., 0., 0., 0., 0. ]
