%YAML:1.0
---
pose_0: !!opencv-matrix
   rows: 1
   cols: 25
   dt: "3f"
   data: [ 6.30429871e+02, 5.03760437e+02, 8.06132257e-01,
       7.77507751e+02, 5.06730469e+02, 5.00156939e-01, 7.65871216e+02,
       5.95050232e+02, 5.86697638e-01, 9.15818481e+02, 6.68643616e+02,
       5.60321808e-01, 1.04522083e+03, 7.39215515e+02, 5.69453895e-01,
       7.83412231e+02, 4.21370239e+02, 3.07879955e-01, 9.62937134e+02,
       4.09475739e+02, 1.88940734e-01, 1.07183911e+03, 4.21406799e+02,
       8.65315571e-02, 1.07186719e+03, 5.50807312e+02, 5.26266217e-01,
       1.06009680e+03, 6.00993225e+02, 4.77761209e-01, 1.28081287e+03,
       6.21445313e+02, 2.72812277e-01, 1.58691418e+03, 6.24514526e+02,
       4.03086871e-01, 1.08654907e+03, 4.86177185e+02, 5.06775022e-01,
       1.29845801e+03, 4.80123138e+02, 5.09795010e-01, 1.52512561e+03,
       5.06705902e+02, 2.79463202e-01, 6.15613281e+02, 5.21422546e+02,
       7.33313859e-01, 6.21454834e+02, 4.80141724e+02, 8.43140483e-01,
       6.24551453e+02, 5.50766235e+02, 2.86022305e-01, 6.59761353e+02,
       4.53740936e+02, 3.29769731e-01, 1.70460400e+03, 4.77311462e+02,
       1.17931798e-01, 1.70171765e+03, 4.71417694e+02, 1.16924979e-01,
       1.57512036e+03, 5.24354004e+02, 2.35667571e-01, 1.70463379e+03,
       6.18524536e+02, 2.26359054e-01, 1.69871191e+03, 6.21576477e+02,
       1.58900246e-01, 1.61043054e+03, 6.21584534e+02, 2.27722883e-01 ]
