%YAML:1.0
---
pose_0: !!opencv-matrix
   rows: 1
   cols: 25
   dt: "3f"
   data: [ 6.95211853e+02, 5.30441345e+02, 7.69848704e-01,
       7.83322937e+02, 4.59643616e+02, 5.25451601e-01, 7.71652161e+02,
       4.47899475e+02, 3.55313241e-01, 9.45250183e+02, 5.24382324e+02,
       3.28393966e-01, 8.83494080e+02, 5.83232483e+02, 2.01794490e-01,
       7.89380127e+02, 4.74302338e+02, 5.68880796e-01, 9.30493958e+02,
       5.27370117e+02, 7.44515300e-01, 8.56974487e+02, 5.98095215e+02,
       7.94502854e-01, 1.07181458e+03, 4.33148590e+02, 3.85804981e-01,
       1.06302271e+03, 4.09542267e+02, 2.23957181e-01, 1.37505847e+03,
       4.83174438e+02, 2.72789180e-01, 1.59576257e+03, 4.12576508e+02,
       2.15886161e-01, 1.07184570e+03, 4.56656799e+02, 2.71348029e-01,
       1.37502991e+03, 4.86140442e+02, 5.28052866e-01, 1.63694080e+03,
       4.12509583e+02, 3.54836613e-01, 6.92180664e+02, 5.30265869e+02,
       5.26125282e-02, 6.89153564e+02, 5.15565613e+02, 6.74041510e-01,
       0., 0., 0., 6.98083191e+02, 4.77195770e+02, 5.78495562e-01,
       1.72524768e+03, 3.59528748e+02, 2.23419830e-01, 1.72815527e+03,
       3.62440094e+02, 1.97577000e-01, 0., 0., 0., 0., 0., 0., 0., 0.,
       0., 0., 0., 0. ]
