%YAML:1.0
---
pose_0: !!opencv-matrix
   rows: 1
   cols: 25
   dt: "3f"
   data: [ 7.36268860e+02, 3.88880981e+02, 8.80066335e-01,
       8.57064819e+02, 4.09513519e+02, 7.77015090e-01, 8.56977173e+02,
       4.83301575e+02, 7.70233691e-01, 9.77545227e+02, 5.50881348e+02,
       8.97337556e-01, 9.89423767e+02, 6.18482788e+02, 8.03402901e-01,
       8.59999084e+02, 3.21361664e+02, 6.73695743e-01, 9.86463196e+02,
       2.77127991e+02, 7.36477435e-01, 1.06304211e+03, 2.41812912e+02,
       8.26739907e-01, 1.12192114e+03, 4.39058533e+02, 5.94434142e-01,
       1.11891064e+03, 4.86229797e+02, 6.04313374e-01, 1.33382227e+03,
       5.03795929e+02, 7.52143621e-01, 1.54863000e+03, 5.42030823e+02,
       6.27439499e-01, 1.13074805e+03, 3.86111725e+02, 6.05532229e-01,
       1.36029517e+03, 3.39046295e+02, 5.32237709e-01, 1.56928955e+03,
       2.97842957e+02, 5.76706707e-01, 7.18708984e+02, 4.00837952e+02,
       7.89919674e-01, 7.21565674e+02, 3.65625793e+02, 8.20439935e-01,
       7.39151123e+02, 4.27220184e+02, 5.52434504e-01, 7.42324768e+02,
       3.44876801e+02, 5.90471029e-01, 1.63710095e+03, 2.53638855e+02,
       5.46667457e-01, 1.63688855e+03, 2.53643677e+02, 5.02431273e-01,
       1.59574927e+03, 3.09560333e+02, 2.47871935e-01, 1.61349023e+03,
       5.30232300e+02, 3.74032944e-01, 1.61330896e+03, 5.44949829e+02,
       3.52007926e-01, 1.57808875e+03, 5.33278809e+02, 3.41661632e-01 ]
