%YAML:1.0
---
pose_0: !!opencv-matrix
   rows: 1
   cols: 25
   dt: "3f"
   data: [ 7.48127869e+02, 4.77198456e+02, 7.89300203e-01,
       8.59990845e+02, 4.59742004e+02, 7.22957492e-01, 8.62853882e+02,
       5.27373718e+02, 6.76754415e-01, 9.95356995e+02, 5.77368103e+02,
       7.60351002e-01, 1.11309204e+03, 6.45003174e+02, 8.22130859e-01,
       8.59960022e+02, 3.94929535e+02, 5.63712716e-01, 1.00419879e+03,
       3.41923584e+02, 8.05408776e-01, 1.13662280e+03, 2.91784912e+02,
       8.47724199e-01, 1.12193140e+03, 4.80255402e+02, 6.22448921e-01,
       1.11897888e+03, 5.27274780e+02, 6.44676864e-01, 1.32202356e+03,
       5.92059937e+02, 7.17709422e-01, 1.55162085e+03, 6.62751526e+02,
       5.90328634e-01, 1.12775024e+03, 4.33148407e+02, 5.92228055e-01,
       1.33092310e+03, 4.33277618e+02, 5.80560923e-01, 1.57811194e+03,
       4.50817169e+02, 6.38446867e-01, 7.39159607e+02, 4.86179199e+02,
       8.09147000e-01, 7.39249512e+02, 4.56612732e+02, 8.79535675e-01,
       7.59788086e+02, 5.03823853e+02, 1.81278050e-01, 7.62663269e+02,
       4.24323364e+02, 6.25183403e-01, 1.63697107e+03, 4.33090790e+02,
       5.44165194e-01, 1.63393225e+03, 4.27226257e+02, 5.85078001e-01,
       1.61038525e+03, 4.56703278e+02, 3.51406723e-01, 1.63110229e+03,
       6.59747498e+02, 5.47025263e-01, 1.62224023e+03, 6.71577393e+02,
       5.09403229e-01, 1.58099158e+03, 6.83323059e+02, 2.14682072e-01 ]
