%YAML:1.0
---
pose_0: !!opencv-matrix
   rows: 1
   cols: 25
   dt: "3f"
   data: [ 7.15633362e+02, 4.65544434e+02, 8.49953890e-01,
       8.33397095e+02, 4.59744080e+02, 7.73110151e-01, 8.33456055e+02,
       5.45003235e+02, 7.27662802e-01, 9.54026245e+02, 6.01010864e+02,
       8.31110239e-01, 1.06593579e+03, 6.56882935e+02, 7.78288245e-01,
       8.33404419e+02, 3.86031677e+02, 6.44439816e-01, 9.71696350e+02,
       3.39087219e+02, 8.01281214e-01, 1.09248096e+03, 2.94860962e+02,
       8.96099091e-01, 1.08363818e+03, 4.86180969e+02, 5.70050776e-01,
       1.07772156e+03, 5.33261475e+02, 5.76321363e-01, 1.28084949e+03,
       5.50789978e+02, 6.84492350e-01, 1.50744446e+03, 5.74446655e+02,
       5.28123677e-01, 1.08659558e+03, 4.33202271e+02, 5.76934695e-01,
       1.31023767e+03, 4.33006622e+02, 5.28892994e-01, 1.51336877e+03,
       4.27229492e+02, 5.30736268e-01, 6.95193237e+02, 4.80335724e+02,
       8.12280416e-01, 7.00987488e+02, 4.47888245e+02, 7.98735917e-01,
       7.18585999e+02, 5.00902222e+02, 2.40638703e-01, 7.21695679e+02,
       4.15464386e+02, 6.16860211e-01, 1.63103613e+03, 4.21377106e+02,
       2.52284348e-01, 1.62515454e+03, 4.09598755e+02, 2.84871668e-01,
       1.53686096e+03, 4.36081970e+02, 1.90071985e-01, 1.60458118e+03,
       5.36149902e+02, 4.21444952e-01, 1.59283569e+03, 5.47987793e+02,
       3.47754717e-01, 1.53394189e+03, 5.77423401e+02, 3.00457418e-01 ]
