%YAML:1.0
---
pose_0: !!opencv-matrix
   rows: 1
   cols: 25
   dt: "3f"
   data: [ 6.89222900e+02, 5.33207764e+02, 8.51550281e-01,
       8.21670105e+02, 5.71473999e+02, 6.71400428e-01, 8.27516357e+02,
       6.47910278e+02, 7.21766472e-01, 9.77584229e+02, 6.74465759e+02,
       8.02416027e-01, 1.11013208e+03, 6.47924988e+02, 7.68097222e-01,
       8.15814514e+02, 4.94965759e+02, 4.66740459e-01, 9.09964600e+02,
       4.50799957e+02, 1.56678915e-01, 9.36473511e+02, 4.59623169e+02,
       7.10657686e-02, 1.09246375e+03, 5.65577820e+02, 4.93229240e-01,
       1.08363013e+03, 6.18480896e+02, 5.39406180e-01, 1.16896118e+03,
       6.48081116e+02, 5.40431440e-02, 0., 0., 0., 1.10126831e+03,
       5.06849335e+02, 4.37910736e-01, 1.29263318e+03, 5.06763031e+02,
       5.40690064e-01, 1.58992944e+03, 4.89112640e+02, 4.67651546e-01,
       6.74536560e+02, 5.53847717e+02, 7.88618505e-01, 6.80376709e+02,
       5.24439026e+02, 7.95886695e-01, 6.92282288e+02, 5.83276062e+02,
       6.66824162e-01, 7.12747498e+02, 5.06697754e+02, 4.03097749e-01,
       1.69582727e+03, 4.62567413e+02, 2.61440486e-01, 1.68404651e+03,
       4.56771790e+02, 2.39978015e-01, 1.62220288e+03, 5.00835052e+02,
       2.12264910e-01, 0., 0., 0., 0., 0., 0., 0., 0., 0. ]
