%YAML:1.0
---
pose_0: !!opencv-matrix
   rows: 1
   cols: 25
   dt: "3f"
   data: [ 7.42184326e+02, 5.94916809e+02, 8.65569711e-01,
       8.51079285e+02, 5.74336609e+02, 6.74397349e-01, 8.59861145e+02,
       6.42145630e+02, 4.97437984e-01, 9.98215149e+02, 6.98036743e+02,
       6.82932496e-01, 1.13363293e+03, 7.56851379e+02, 7.56357551e-01,
       8.51092651e+02, 4.97883911e+02, 6.13580346e-01, 9.98293884e+02,
       4.59816315e+02, 7.91729510e-01, 1.13364673e+03, 4.36215942e+02,
       7.98973858e-01, 1.11593555e+03, 5.92105408e+02, 5.60162246e-01,
       1.11305408e+03, 6.44953491e+02, 5.76718092e-01, 1.31906580e+03,
       6.45170654e+02, 7.22702265e-01, 1.55450049e+03, 6.71530884e+02,
       6.64863348e-01, 1.11593958e+03, 5.33247803e+02, 5.79507053e-01,
       1.33078076e+03, 4.86109100e+02, 6.34824216e-01, 1.55746204e+03,
       4.74330719e+02, 5.49411893e-01, 7.27481506e+02, 6.00940002e+02,
       8.05776358e-01, 7.36192871e+02, 5.71457581e+02, 7.96119690e-01,
       7.42318970e+02, 6.21399048e+02, 1.43979967e-01, 7.54008179e+02,
       5.33186096e+02, 6.03096604e-01, 1.63685510e+03, 4.62569031e+02,
       5.64366281e-01, 1.63107593e+03, 4.56654633e+02, 5.53356290e-01,
       1.58691394e+03, 4.71423645e+02, 2.34305233e-01, 1.63101099e+03,
       6.68509033e+02, 5.10068476e-01, 1.61350366e+03, 6.77439392e+02,
       4.61586744e-01, 1.56928149e+03, 6.68605042e+02, 3.57314497e-01 ]
