%YAML:1.0
---
pose_0: !!opencv-matrix
   rows: 1
   cols: 25
   dt: "3f"
   data: [ 7.21579102e+02, 6.03821655e+02, 8.55635643e-01,
       8.33355957e+02, 5.83236511e+02, 6.63280427e-01, 8.09916687e+02,
       6.45106689e+02, 3.95121515e-01, 9.62910706e+02, 6.71485596e+02,
       8.80621225e-02, 0., 0., 0., 8.42314209e+02, 5.27294922e+02,
       7.04895496e-01, 9.83577209e+02, 4.86202484e+02, 7.17839777e-01,
       1.12185962e+03, 4.80313599e+02, 8.54977965e-01, 1.10424512e+03,
       6.24549561e+02, 5.27514994e-01, 1.09535571e+03, 6.77458862e+02,
       5.23248553e-01, 1.27787219e+03, 6.98059998e+02, 2.38376260e-01,
       1.49576440e+03, 6.45072693e+02, 3.15569222e-01, 1.11012488e+03,
       5.71468323e+02, 5.20807505e-01, 1.32206189e+03, 6.51048218e+02,
       6.85182631e-01, 1.59285535e+03, 6.77497803e+02, 5.47862232e-01,
       7.03958191e+02, 6.18490234e+02, 7.89625525e-01, 7.12818481e+02,
       5.83335449e+02, 7.87660122e-01, 7.12752319e+02, 6.33271484e+02,
       1.22597329e-01, 7.39205200e+02, 5.56769226e+02, 5.54766953e-01,
       1.61639172e+03, 7.59819092e+02, 4.73134547e-01, 1.63392969e+03,
       7.45138855e+02, 4.54755545e-01, 1.63700354e+03, 6.65698669e+02,
       4.52966601e-01, 0., 0., 0., 0., 0., 0., 0., 0., 0. ]
