%YAML:1.0
---
pose_0: !!opencv-matrix
   rows: 1
   cols: 25
   dt: "3f"
   data: [ 7.62845947e+02, 5.06736847e+02, 8.91910374e-01,
       8.65832520e+02, 5.15535034e+02, 7.08810687e-01, 8.80392883e+02,
       5.92059631e+02, 6.20761216e-01, 9.86526611e+02, 6.21540588e+02,
       6.90113187e-01, 1.08069702e+03, 6.39216248e+02, 7.65357077e-01,
       8.68792664e+02, 4.56658447e+02, 6.15425825e-01, 1.00123462e+03,
       3.59622620e+02, 8.17882001e-01, 9.48185852e+02, 4.36184570e+02,
       8.00271392e-01, 1.13947400e+03, 5.21484192e+02, 5.93345523e-01,
       1.12779077e+03, 5.65591431e+02, 5.88839829e-01, 1.29552722e+03,
       5.74385498e+02, 6.96876228e-01, 1.51923364e+03, 6.09759949e+02,
       5.27063847e-01, 1.13960828e+03, 4.68485199e+02, 5.61269522e-01,
       1.36318811e+03, 4.62675995e+02, 5.65953135e-01, 1.54274255e+03,
       4.80166473e+02, 6.60208344e-01, 7.48146973e+02, 5.18564392e+02,
       7.09148467e-01, 7.53998962e+02, 4.89071533e+02, 7.70736039e-01,
       7.65692749e+02, 5.36205444e+02, 4.75040525e-01, 7.83340393e+02,
       4.68477051e+02, 6.61279082e-01, 1.60457446e+03, 4.59671082e+02,
       5.12330353e-01, 1.59574280e+03, 4.56632263e+02, 5.64300776e-01,
       1.56633069e+03, 4.83203400e+02, 3.23342592e-01, 1.61633057e+03,
       5.97974670e+02, 3.57759178e-01, 1.60751868e+03, 6.06858398e+02,
       2.73321718e-01, 1.54866614e+03, 5.97958984e+02, 2.75236249e-01 ]
