%YAML:1.0
---
pose_0: !!opencv-matrix
   rows: 1
   cols: 25
   dt: "3f"
   data: [ 5.97862427e+02, 6.50911926e+02, 8.75503659e-01,
       7.39231689e+02, 6.71549927e+02, 6.27970099e-01, 7.42242981e+02,
       7.56896484e+02, 5.11657178e-01, 9.07096069e+02, 8.42337708e+02,
       7.82010078e-01, 7.71680359e+02, 7.98120789e+02, 7.49457002e-01,
       7.27497192e+02, 5.86254639e+02, 5.54753542e-01, 9.27597534e+02,
       5.09629883e+02, 7.67760634e-01, 7.68703857e+02, 5.09638275e+02,
       8.06809545e-01, 1.08361841e+03, 6.24435120e+02, 4.80327636e-01,
       1.07481152e+03, 6.83336365e+02, 5.19016564e-01, 1.34261707e+03,
       7.21546814e+02, 7.19320118e-01, 1.63695703e+03, 8.09833252e+02,
       4.43624228e-01, 1.07477747e+03, 5.56735718e+02, 4.55624014e-01,
       1.32793518e+03, 5.21458496e+02, 3.46533865e-01, 1.61047217e+03,
       5.09692352e+02, 3.85342926e-01, 5.71415222e+02, 6.68629456e+02,
       8.82746577e-01, 5.83220154e+02, 6.21587036e+02, 8.58891070e-01,
       5.80350220e+02, 6.98037048e+02, 2.83490747e-01, 6.06800415e+02,
       5.97878601e+02, 4.46097374e-01, 1.70473157e+03, 4.97941742e+02,
       3.52435708e-01, 1.70459363e+03, 4.89137024e+02, 3.65137219e-01,
       1.61636731e+03, 5.09704132e+02, 1.71917781e-01, 1.75768408e+03,
       8.01068970e+02, 1.48906738e-01, 1.75476392e+03, 8.18753235e+02,
       1.38097838e-01, 1.70460144e+03, 8.36419983e+02, 1.68183833e-01 ]
