%YAML:1.0
---
pose_0: !!opencv-matrix
   rows: 1
   cols: 25
   dt: "3f"
   data: [ 6.89244751e+02, 5.03702728e+02, 8.90626013e-01,
       8.09882629e+02, 5.09679688e+02, 6.95097566e-01, 8.12835693e+02,
       5.98046387e+02, 7.44976401e-01, 9.18790283e+02, 6.48036682e+02,
       4.27327156e-01, 9.92344849e+02, 6.62744019e+02, 5.14161766e-01,
       7.95186340e+02, 4.27292542e+02, 6.11107945e-01, 9.71709839e+02,
       4.15454498e+02, 7.87409186e-01, 8.65790771e+02, 4.09539246e+02,
       8.09908152e-01, 1.11593616e+03, 5.00835968e+02, 5.40686131e-01,
       1.10719897e+03, 5.50849365e+02, 5.77981532e-01, 1.30443958e+03,
       5.65554504e+02, 6.30749166e-01, 1.58100598e+03, 5.92113037e+02,
       4.09774274e-01, 1.11598425e+03, 4.41969757e+02, 5.22269189e-01,
       1.33377209e+03, 4.42023346e+02, 4.54489708e-01, 1.57809485e+03,
       4.77221680e+02, 4.74295646e-01, 6.71500732e+02, 5.12681519e+02,
       8.52174282e-01, 6.74496094e+02, 4.80164948e+02, 8.58810782e-01,
       6.89224121e+02, 5.39119202e+02, 3.80409867e-01, 7.00966736e+02,
       4.44946442e+02, 5.19216180e-01, 1.63700916e+03, 4.36103882e+02,
       5.13776898e-01, 1.63395630e+03, 4.36080658e+02, 5.53636372e-01,
       1.61048010e+03, 4.86120911e+02, 2.65009403e-01, 1.69876660e+03,
       5.86173218e+02, 3.39010268e-01, 1.68109937e+03, 6.00905151e+02,
       2.80478209e-01, 1.60752380e+03, 5.80297119e+02, 2.14528486e-01 ]
