%YAML:1.0
---
pose_0: !!opencv-matrix
   rows: 1
   cols: 25
   dt: "3f"
   data: [ 7.39320313e+02, 4.39118408e+02, 7.52639949e-01,
       8.33442749e+02, 5.30305603e+02, 5.76782823e-01, 8.30489075e+02,
       6.03861328e+02, 7.24010527e-01, 9.48206238e+02, 6.44918518e+02,
       7.84577250e-01, 1.07180676e+03, 6.24519531e+02, 7.82711923e-01,
       8.18751038e+02, 4.65531677e+02, 3.27444971e-01, 0., 0., 0., 0.,
       0., 0., 1.11600842e+03, 4.89041595e+02, 5.08406758e-01,
       1.11894458e+03, 5.44945618e+02, 5.09418488e-01, 1.33964868e+03,
       5.50778931e+02, 6.47999108e-01, 1.56038599e+03, 5.62657410e+02,
       5.43694258e-01, 1.10718689e+03, 4.36028198e+02, 5.44744849e-01,
       1.32202356e+03, 4.33244965e+02, 6.00205779e-01, 1.54866321e+03,
       4.18435059e+02, 3.32755178e-01, 7.18604004e+02, 4.56678558e+02,
       8.53160620e-01, 7.18737732e+02, 4.36046112e+02, 3.46495599e-01,
       7.36247559e+02, 4.97915161e+02, 6.30288124e-01, 0., 0., 0.,
       1.59577502e+03, 4.80221252e+02, 5.35312518e-02, 0., 0., 0.,
       1.57220117e+03, 4.15523926e+02, 2.14388832e-01, 1.63109692e+03,
       5.74413513e+02, 3.25933307e-01, 1.61641797e+03, 5.83257324e+02,
       3.19806218e-01, 1.58989258e+03, 5.53832153e+02, 2.93088734e-01 ]
