%YAML:1.0
---
pose_0: !!opencv-matrix
   rows: 1
   cols: 25
   dt: "3f"
   data: [ 6.44985413e+02, 6.39231079e+02, 7.54891410e-02,
       7.42143127e+02, 5.83246094e+02, 4.18030113e-01, 7.33376831e+02,
       6.92069641e+02, 3.59306067e-01, 8.77634277e+02, 7.53952393e+02,
       6.74201131e-01, 1.01596045e+03, 7.65831238e+02, 7.25391150e-01,
       7.62753784e+02, 4.80188416e+02, 2.82080680e-01, 8.83413818e+02,
       3.88954407e+02, 6.89811885e-01, 9.92391357e+02, 2.68234375e+02,
       4.21152949e-01, 1.07477661e+03, 5.44978516e+02, 4.08297211e-01,
       1.07179700e+03, 6.06782532e+02, 4.07786459e-01, 1.33671448e+03,
       6.27377625e+02, 6.06696427e-01, 1.66638757e+03, 5.98046509e+02,
       4.02380079e-01, 1.07187805e+03, 4.77305817e+02, 4.33488607e-01,
       1.31317017e+03, 3.92008423e+02, 2.11382776e-01, 1.53098901e+03,
       2.91857025e+02, 2.57610381e-01, 6.21514282e+02, 6.24530334e+02,
       1.39570311e-01, 0., 0., 0., 0., 0., 0., 0., 0., 0., 0., 0., 0.,
       0., 0., 0., 1.55450134e+03, 2.80140289e+02, 2.10376441e-01,
       1.77526831e+03, 6.03917603e+02, 6.74662143e-02, 0., 0., 0.,
       1.69284900e+03, 5.74412048e+02, 1.79016739e-01 ]
