%YAML:1.0
---
pose_0: !!opencv-matrix
   rows: 1
   cols: 25
   dt: "3f"
   data: [ 6.68643005e+02, 4.30126556e+02, 8.38209212e-01,
       7.86418030e+02, 4.80294586e+02, 7.65111566e-01, 7.77466797e+02,
       5.77357605e+02, 6.21759176e-01, 8.77494507e+02, 6.92111145e+02,
       8.10422540e-01, 9.51061462e+02, 6.56808594e+02, 6.14458919e-01,
       8.15760132e+02, 3.89117584e+02, 6.99687243e-01, 9.83568176e+02,
       3.83107788e+02, 5.10211289e-01, 9.89456482e+02, 3.88994476e+02,
       3.02444130e-01, 1.09541870e+03, 5.09692719e+02, 5.09519517e-01,
       1.09239551e+03, 5.65562744e+02, 5.10523319e-01, 1.30739844e+03,
       5.50820190e+02, 5.77293277e-01, 1.61045154e+03, 5.59754639e+02,
       4.63069320e-01, 1.09830859e+03, 4.47899963e+02, 4.90086526e-01,
       1.34848730e+03, 4.33224701e+02, 6.19179249e-01, 1.54273291e+03,
       4.56751556e+02, 3.35811049e-01, 6.48011841e+02, 4.42043915e+02,
       8.30931544e-01, 6.56881470e+02, 4.12456268e+02, 7.74310708e-01,
       6.65658752e+02, 4.80249542e+02, 7.34596968e-01, 6.86242554e+02,
       4.00757599e+02, 1.20059453e-01, 1.63406616e+03, 4.44972198e+02,
       2.77039200e-01, 1.63399072e+03, 4.36177673e+02, 3.42082828e-01,
       1.57220508e+03, 4.56670471e+02, 1.48315281e-01, 1.72223157e+03,
       5.56826355e+02, 4.24500704e-01, 1.70465820e+03, 5.74358215e+02,
       3.92053306e-01, 1.61927112e+03, 5.50928589e+02, 2.85570264e-01 ]
