%YAML:1.0
---
pose_0: !!opencv-matrix
   rows: 1
   cols: 25
   dt: "3f"
   data: [ 7.65637146e+02, 5.09664673e+02, 6.41012013e-01,
       8.33508972e+02, 4.33025360e+02, 4.80304807e-01, 8.30509644e+02,
       4.30203369e+02, 3.27743888e-01, 9.45256592e+02, 5.21485657e+02,
       5.72493970e-02, 8.56909363e+02, 5.27332703e+02, 1.13884874e-01,
       8.33519531e+02, 4.33174377e+02, 7.96209574e-01, 9.51057861e+02,
       5.27292725e+02, 8.53074670e-01, 8.33383179e+02, 5.42080994e+02,
       7.85485804e-01, 1.09250500e+03, 4.24319702e+02, 4.38104987e-01,
       1.10127747e+03, 3.92008057e+02, 3.51556420e-01, 1.21608984e+03,
       4.27233582e+02, 1.81756184e-01, 0., 0., 0., 1.08364551e+03,
       4.56652893e+02, 3.06256056e-01, 1.33085742e+03, 4.77301849e+02,
       5.42113841e-01, 1.61338293e+03, 4.30217743e+02, 4.06520009e-01,
       0., 0., 0., 7.51062683e+02, 4.89153107e+02, 6.17204666e-01, 0.,
       0., 0., 7.62722595e+02, 4.47909851e+02, 5.92396021e-01,
       1.66636658e+03, 3.80176941e+02, 2.59874523e-01, 1.67227551e+03,
       3.83090179e+02, 2.52461106e-01, 1.66637708e+03, 4.24335052e+02,
       1.45368800e-01, 0., 0., 0., 0., 0., 0., 0., 0., 0. ]
