%YAML:1.0
---
pose_0: !!opencv-matrix
   rows: 1
   cols: 25
   dt: "3f"
   data: [ 6.86244812e+02, 3.41995758e+02, 3.55168074e-01,
       7.86399475e+02, 2.74228821e+02, 5.18415093e-01, 7.92217102e+02,
       3.62457306e+02, 4.72819805e-01, 9.06937927e+02, 4.77274780e+02,
       4.55906928e-01, 9.98361023e+02, 5.80278320e+02, 5.15992820e-01,
       7.95203857e+02, 2.03578369e+02, 3.32577378e-01, 9.57067749e+02,
       1.41728409e+02, 4.43640262e-01, 1.06297913e+03, 1.03623489e+02,
       3.60082388e-01, 1.08652356e+03, 3.09518524e+02, 4.32201862e-01,
       1.07183618e+03, 3.62613495e+02, 4.38272864e-01, 1.30441748e+03,
       4.12564636e+02, 4.13042516e-01, 1.44564526e+03, 4.33181915e+02,
       2.31675312e-01, 1.09536499e+03, 2.44883087e+02, 4.48080778e-01,
       1.31613110e+03, 2.21129883e+02, 3.76159370e-01, 1.57510620e+03,
       1.71229904e+02, 3.45927328e-01, 6.71608887e+02, 3.47782257e+02,
       8.91659707e-02, 6.68662537e+02, 3.39042267e+02, 4.17924941e-01,
       0., 0., 0., 6.71616882e+02, 3.06569672e+02, 6.64327741e-01,
       1.66349976e+03, 1.27103607e+02, 3.21953446e-01, 1.66634338e+03,
       1.27056305e+02, 2.86873788e-01, 1.58689392e+03, 1.83016495e+02,
       1.76296398e-01, 1.48098303e+03, 4.12571594e+02, 1.04103521e-01,
       0., 0., 0., 1.47213599e+03, 4.33104614e+02, 1.69188663e-01 ]
