%YAML:1.0
---
pose_0: !!opencv-matrix
   rows: 1
   cols: 25
   dt: "3f"
   data: [ 7.03946411e+02, 4.39124725e+02, 7.90164173e-01,
       8.09848083e+02, 4.30174896e+02, 6.20836973e-01, 8.12911499e+02,
       4.94981873e+02, 5.49008369e-01, 9.42354736e+02, 5.27376587e+02,
       3.88254315e-01, 1.07484253e+03, 5.71444153e+02, 4.43608195e-01,
       8.09887756e+02, 3.62430145e+02, 5.43478012e-01, 9.83547241e+02,
       3.21430756e+02, 7.10803568e-01, 1.14244080e+03, 3.30151611e+02,
       7.92770207e-01, 1.12184216e+03, 4.59584137e+02, 6.07611120e-01,
       1.11007397e+03, 5.06859222e+02, 5.93177617e-01, 1.31031433e+03,
       5.50976257e+02, 7.75444806e-01, 1.62223157e+03, 6.53906128e+02,
       5.27016401e-01, 1.13656897e+03, 4.06574432e+02, 5.54900706e-01,
       1.33081226e+03, 4.15475952e+02, 5.48763335e-01, 1.61046985e+03,
       4.15579834e+02, 5.84269762e-01, 6.92193909e+02, 4.59591644e+02,
       7.99959302e-01, 6.92177429e+02, 4.24289734e+02, 8.10395360e-01,
       7.12823303e+02, 4.80172028e+02, 1.76383615e-01, 7.12726074e+02,
       3.92023010e+02, 6.31386042e-01, 1.67807031e+03, 3.86047852e+02,
       1.80053145e-01, 1.66347998e+03, 3.86026337e+02, 2.29099333e-01,
       1.65745447e+03, 4.33149750e+02, 2.57077932e-01, 1.68116077e+03,
       6.00977478e+02, 5.62843800e-01, 1.67813525e+03, 6.15639282e+02,
       4.24567580e-01, 1.65758459e+03, 6.89150879e+02, 2.64620811e-01 ]
