%YAML:1.0
---
pose_0: !!opencv-matrix
   rows: 1
   cols: 25
   dt: "3f"
   data: [ 7.89440125e+02, 5.06620850e+02, 5.63278258e-01,
       9.04060669e+02, 5.03844025e+02, 2.65868425e-01, 9.01153076e+02,
       5.39142273e+02, 1.95093691e-01, 8.56968933e+02, 5.77320801e+02,
       2.60574639e-01, 8.62871399e+02, 4.56656555e+02, 3.92991275e-01,
       9.18759583e+02, 4.71427704e+02, 1.61591008e-01, 0., 0., 0., 0.,
       0., 0., 1.12185986e+03, 5.33222656e+02, 5.13745189e-01,
       1.12186279e+03, 5.77473572e+02, 5.20018518e-01, 1.31322607e+03,
       6.21368530e+02, 6.67056739e-01, 1.52221960e+03, 6.45142090e+02,
       6.75915658e-01, 1.12185254e+03, 4.83253174e+02, 4.91044074e-01,
       1.33972241e+03, 4.59714661e+02, 7.63469458e-01, 1.53987463e+03,
       4.33201996e+02, 6.56769991e-01, 7.74570557e+02, 5.06666504e+02,
       3.41667861e-01, 7.95203918e+02, 4.86220276e+02, 2.81485707e-01,
       0., 0., 0., 8.27518677e+02, 4.68477905e+02, 8.75279009e-02,
       1.61344653e+03, 4.33162415e+02, 5.25783420e-01, 1.61051697e+03,
       4.24332275e+02, 5.20710766e-01, 1.56335632e+03, 4.21369202e+02,
       2.56588966e-01, 1.58690625e+03, 6.92093140e+02, 6.79579914e-01,
       1.58685742e+03, 6.89159729e+02, 6.43713415e-01, 1.55744812e+03,
       6.24408325e+02, 4.62955147e-01 ]
