%YAML:1.0
---
pose_0: !!opencv-matrix
   rows: 1
   cols: 25
   dt: "3f"
   data: [ 6.48042847e+02, 4.30184998e+02, 8.36291194e-01,
       7.71664307e+02, 4.15479279e+02, 5.62548578e-01, 7.83393982e+02,
       5.03798004e+02, 4.71077144e-01, 9.27650940e+02, 5.50843140e+02,
       6.45339429e-01, 1.09540015e+03, 5.80428589e+02, 7.57549286e-01,
       7.86306091e+02, 3.36048828e+02, 6.29155159e-01, 9.54116760e+02,
       2.94959656e+02, 6.72738791e-01, 1.09536719e+03, 2.59525513e+02,
       7.78415561e-01, 1.09536755e+03, 3.89083801e+02, 5.18624902e-01,
       1.08954297e+03, 4.42012085e+02, 5.24121523e-01, 1.32794910e+03,
       4.36173950e+02, 6.00990891e-01, 1.65463379e+03, 4.33032593e+02,
       4.47270989e-01, 1.09248242e+03, 3.35982697e+02, 5.22703230e-01,
       1.35148279e+03, 3.36035065e+02, 6.11078918e-01, 1.51920593e+03,
       3.24237762e+02, 4.30004507e-01, 6.30411133e+02, 4.44911621e+02,
       7.88369834e-01, 6.36226013e+02, 4.06674103e+02, 7.79025495e-01,
       6.48013428e+02, 4.62707520e+02, 2.65813142e-01, 6.56863892e+02,
       3.74337189e+02, 5.34871638e-01, 1.63105542e+03, 3.09578156e+02,
       2.46592999e-01, 1.62518286e+03, 2.97858429e+02, 2.64421493e-01,
       1.53688110e+03, 3.15414307e+02, 1.93212658e-01, 1.76942004e+03,
       4.21420837e+02, 1.93717241e-01, 1.75172278e+03, 4.36151611e+02,
       1.51264653e-01, 1.66934460e+03, 4.21405090e+02, 2.47409597e-01 ]
