%YAML:1.0
---
pose_0: !!opencv-matrix
   rows: 1
   cols: 25
   dt: "3f"
   data: [ 6.50966309e+02, 4.59710968e+02, 8.45598459e-01,
       7.80434937e+02, 4.56696075e+02, 6.71467185e-01, 7.95222778e+02,
       5.42025208e+02, 4.22473758e-01, 9.45249023e+02, 5.74330811e+02,
       1.22122854e-01, 0., 0., 0., 7.71700500e+02, 3.68399536e+02,
       6.60038471e-01, 8.80460938e+02, 3.06588196e+02, 7.84814715e-01,
       9.57057678e+02, 2.35940628e+02, 8.15457582e-01, 1.10419055e+03,
       4.53711517e+02, 4.99306768e-01, 1.09535864e+03, 5.03795380e+02,
       5.24269164e-01, 1.28082397e+03, 4.56809265e+02, 6.68571115e-01,
       1.54866992e+03, 4.59618591e+02, 4.28437084e-01, 1.10425806e+03,
       3.92021698e+02, 5.07682979e-01, 1.31908289e+03, 4.30250061e+02,
       4.88505423e-01, 1.51622949e+03, 4.68504669e+02, 1.18620090e-01,
       6.42037354e+02, 4.83097290e+02, 8.15582633e-01, 6.39228394e+02,
       4.38991302e+02, 8.16157937e-01, 6.56890686e+02, 5.03869934e+02,
       2.22973645e-01, 6.68557068e+02, 4.09619537e+02, 5.18673062e-01,
       0., 0., 0., 0., 0., 0., 0., 0., 0., 1.58692798e+03,
       4.09589966e+02, 1.10484153e-01, 1.58393445e+03, 4.30192169e+02,
       9.89884064e-02, 1.58394617e+03, 4.62600555e+02, 2.91662633e-01 ]
