%YAML:1.0
---
pose_0: !!opencv-matrix
   rows: 1
   cols: 25
   dt: "3f"
   data: [ 7.00945862e+02, 6.00828491e+02, 8.74543130e-01,
       8.06858643e+02, 5.80426880e+02, 7.01291382e-01, 7.80484436e+02,
       6.44950134e+02, 5.83760023e-01, 9.68803345e+02, 6.48009094e+02,
       4.57340539e-01, 1.04842224e+03, 7.24518066e+02, 7.82777309e-01,
       8.30486755e+02, 5.24362366e+02, 7.18426645e-01, 9.74662720e+02,
       5.03639557e+02, 7.64579058e-01, 1.11586914e+03, 4.94937775e+02,
       7.63562024e-01, 1.11596765e+03, 6.30377319e+02, 5.80758154e-01,
       1.10427075e+03, 6.74464172e+02, 6.08774483e-01, 1.29257947e+03,
       7.54018677e+02, 6.93873286e-01, 1.42213416e+03, 6.42132507e+02,
       3.22157621e-01, 1.12194421e+03, 5.77478821e+02, 5.30436039e-01,
       1.31613586e+03, 6.65713745e+02, 5.98131657e-01, 1.58398621e+03,
       6.71673401e+02, 5.29403865e-01, 6.89174622e+02, 6.09764282e+02,
       8.18166316e-01, 6.92212646e+02, 5.77421936e+02, 8.76890540e-01,
       6.98100220e+02, 6.24624084e+02, 2.10242033e-01, 7.12788940e+02,
       5.50946655e+02, 6.15963697e-01, 1.63707483e+03, 6.33297241e+02,
       4.53912377e-01, 1.63687341e+03, 6.33337646e+02, 4.64140356e-01,
       1.62805444e+03, 6.86289856e+02, 1.80446491e-01, 0., 0., 0., 0.,
       0., 0., 1.41914307e+03, 6.33294800e+02, 1.18596859e-01 ]
