%YAML:1.0
---
pose_0: !!opencv-matrix
   rows: 1
   cols: 25
   dt: "3f"
   data: [ 0., 0., 0., 7.36310669e+02, 6.48059143e+02, 2.38083452e-01,
       7.65745178e+02, 7.39198730e+02, 2.54707783e-01, 9.18789063e+02,
       7.83394348e+02, 4.64215219e-01, 1.04842700e+03, 8.36460815e+02,
       7.86358714e-01, 6.86257141e+02, 5.68534546e+02, 6.69897646e-02,
       9.07126099e+02, 4.09600159e+02, 3.66817236e-01, 9.86471619e+02,
       3.12455322e+02, 2.79638410e-01, 1.10131677e+03, 5.30317932e+02,
       2.90932745e-01, 1.09248083e+03, 6.06789978e+02, 3.10324997e-01,
       1.13072388e+03, 6.68661499e+02, 1.40093073e-01, 1.65758704e+03,
       6.03871216e+02, 3.28011304e-01, 1.10124109e+03, 4.62561890e+02,
       3.96572500e-01, 1.34854443e+03, 3.65524353e+02, 2.22678915e-01,
       1.54573523e+03, 2.27150726e+02, 1.15636863e-01, 0., 0., 0., 0.,
       0., 0., 0., 0., 0., 0., 0., 0., 0., 0., 0., 0., 0., 0., 0., 0.,
       0., 1.72817407e+03, 5.53932922e+02, 1.83151543e-01,
       1.72520300e+03, 5.68497620e+02, 1.26715362e-01, 1.67815088e+03,
       5.98025696e+02, 1.88367903e-01 ]
