%YAML:1.0
---
pose_0: !!opencv-matrix
   rows: 1
   cols: 25
   dt: "3f"
   data: [ 7.83414490e+02, 3.91919983e+02, 4.99328643e-01,
       8.42260376e+02, 4.53718506e+02, 5.92411101e-01, 8.56911316e+02,
       4.83180908e+02, 7.70971894e-01, 9.57115295e+02, 5.47827637e+02,
       8.07710350e-01, 1.09243762e+03, 5.12682983e+02, 7.44974077e-01,
       8.30524658e+02, 4.15473938e+02, 3.55309874e-01, 0., 0., 0., 0.,
       0., 0., 1.09833777e+03, 4.56615906e+02, 5.04983902e-01,
       1.09532104e+03, 4.86105103e+02, 4.54904646e-01, 1.34257581e+03,
       3.91983856e+02, 7.45974958e-01, 1.49866284e+03, 5.71435669e+02,
       5.22556305e-01, 1.10425464e+03, 4.12664124e+02, 4.41107213e-01,
       1.35441199e+03, 4.03680237e+02, 4.00376260e-01, 1.53687402e+03,
       4.97902832e+02, 2.62251645e-01, 7.68749695e+02, 4.00803589e+02,
       3.81718665e-01, 7.68676819e+02, 3.88952881e+02, 9.41041335e-02,
       7.83378113e+02, 4.30232208e+02, 4.84124392e-01, 0., 0., 0.,
       1.62808508e+03, 5.09727936e+02, 2.75058746e-01, 1.62519348e+03,
       5.06760742e+02, 2.44752720e-01, 0., 0., 0., 1.61340991e+03,
       5.24414612e+02, 2.99604535e-01, 1.57220813e+03, 5.74420105e+02,
       2.20719814e-01, 1.49864954e+03, 5.97896790e+02, 4.59981024e-01 ]
