%YAML:1.0
---
pose_0: !!opencv-matrix
   rows: 1
   cols: 25
   dt: "3f"
   data: [ 6.24521851e+02, 5.47971069e+02, 8.70090008e-01,
       7.68773071e+02, 5.71464905e+02, 6.46708846e-01, 7.68712036e+02,
       6.65664490e+02, 6.36619210e-01, 8.98175781e+02, 7.15836975e+02,
       8.01973701e-01, 1.02469702e+03, 7.86363220e+02, 8.81804943e-01,
       7.83380615e+02, 4.71439392e+02, 5.21807730e-01, 9.59963318e+02,
       4.36102386e+02, 6.97103560e-01, 1.11602747e+03, 4.18458618e+02,
       7.34871328e-01, 1.07775256e+03, 5.92035034e+02, 5.44162512e-01,
       1.06888525e+03, 6.45033264e+02, 5.66527367e-01, 1.32790771e+03,
       6.50915405e+02, 4.35513854e-01, 1.63395129e+03, 6.53894836e+02,
       6.28485978e-01, 1.08945569e+03, 5.27388550e+02, 5.31703174e-01,
       1.34845630e+03, 5.36192383e+02, 4.10334259e-01, 1.64873059e+03,
       5.12619629e+02, 4.96145546e-01, 6.09763428e+02, 5.59739685e+02,
       7.76438355e-01, 6.18577209e+02, 5.24391357e+02, 8.35803151e-01,
       6.24512512e+02, 5.83335449e+02, 5.07445455e-01, 6.45116882e+02,
       4.92013885e+02, 5.89078069e-01, 1.77237463e+03, 4.68475616e+02,
       4.01633620e-01, 1.76942554e+03, 4.62609161e+02, 3.97759557e-01,
       1.66046460e+03, 5.27345093e+02, 2.83068448e-01, 1.74870862e+03,
       6.45087891e+02, 3.22584003e-01, 1.73407764e+03, 6.56882446e+02,
       2.57957071e-01, 1.64576489e+03, 6.45094238e+02, 3.37321341e-01 ]
