%YAML:1.0
---
pose_0: !!opencv-matrix
   rows: 1
   cols: 25
   dt: "3f"
   data: [ 8.30540710e+02, 5.03910309e+02, 8.31787825e-01,
       9.07054382e+02, 5.27378113e+02, 7.16101289e-01, 8.98174194e+02,
       5.83230408e+02, 6.01752758e-01, 7.74579712e+02, 6.18499268e+02,
       8.06380272e-01, 7.42172791e+02, 5.39165710e+02, 6.47934616e-01,
       9.10038330e+02, 4.74303467e+02, 5.41010141e-01, 9.06936829e+02,
       4.03733063e+02, 2.49589384e-01, 8.62906372e+02, 3.39035217e+02,
       1.49989858e-01, 1.18371155e+03, 5.30247131e+02, 5.76171994e-01,
       1.18363306e+03, 5.77261230e+02, 5.99137306e-01, 1.37804675e+03,
       6.50913635e+02, 7.32238233e-01, 1.53971777e+03, 6.47931091e+02,
       7.11106062e-01, 1.18367603e+03, 4.80229523e+02, 5.42370200e-01,
       1.37785999e+03, 4.89140961e+02, 7.76352704e-01, 1.56330579e+03,
       4.44980835e+02, 6.24969244e-01, 8.12957764e+02, 5.27233704e+02,
       8.14847112e-01, 8.15863464e+02, 4.86198486e+02, 7.58088589e-01,
       8.33371643e+02, 5.56884827e+02, 6.30068302e-01, 8.51043701e+02,
       4.71431427e+02, 1.56058103e-01, 1.61933569e+03, 4.24325531e+02,
       2.46718615e-01, 1.61050378e+03, 4.18435486e+02, 3.34841192e-01,
       1.58988098e+03, 4.30205322e+02, 2.26481706e-01, 1.58685437e+03,
       6.80364319e+02, 3.29710454e-01, 1.58097949e+03, 6.80373230e+02,
       3.50707352e-01, 1.56337537e+03, 6.27367920e+02, 4.79341060e-01 ]
