%YAML:1.0
---
pose_0: !!opencv-matrix
   rows: 1
   cols: 25
   dt: "3f"
   data: [ 7.77553833e+02, 4.12706482e+02, 8.70149851e-01,
       8.83598511e+02, 4.06618011e+02, 7.12345958e-01, 9.01096069e+02,
       4.86107574e+02, 5.33298969e-01, 1.04239111e+03, 5.09796326e+02,
       7.43404269e-01, 1.13954626e+03, 5.59780640e+02, 7.79026210e-01,
       8.95213135e+02, 3.21379608e+02, 6.64438128e-01, 9.74561584e+02,
       2.18276062e+02, 8.24352264e-01, 1.07483459e+03, 1.33004547e+02,
       8.07980478e-01, 1.16895520e+03, 3.59542725e+02, 5.44518352e-01,
       1.16900146e+03, 4.06682190e+02, 5.86561024e-01, 1.37790552e+03,
       4.83237030e+02, 7.27899194e-01, 1.55157715e+03, 5.74395325e+02,
       5.88727117e-01, 1.16314185e+03, 3.03637177e+02, 5.69097519e-01,
       1.34852026e+03, 2.91809296e+02, 6.95755899e-01, 1.58687964e+03,
       2.91966461e+02, 5.60949266e-01, 7.62841980e+02, 4.33161255e+02,
       8.41232896e-01, 7.65723022e+02, 3.97851898e+02, 8.39437664e-01,
       7.83426941e+02, 4.56654236e+02, 3.33819270e-01, 7.89297852e+02,
       3.68350067e+02, 4.85896736e-01, 1.64874109e+03, 2.74192169e+02,
       2.54476905e-01, 1.63989771e+03, 2.68356964e+02, 3.02965641e-01,
       1.62809204e+03, 3.00711212e+02, 2.74698228e-01, 1.61054163e+03,
       6.00970154e+02, 4.00901020e-01, 1.61047668e+03, 6.03888306e+02,
       4.15013582e-01, 1.58393054e+03, 5.71499878e+02, 3.74397635e-01 ]
