%YAML:1.0
---
pose_0: !!opencv-matrix
   rows: 1
   cols: 25
   dt: "3f"
   data: [ 7.21620789e+02, 5.30351257e+02, 8.00724506e-01,
       7.98141724e+02, 4.62618378e+02, 5.22512376e-01, 7.89296326e+02,
       4.65504089e+02, 3.67839456e-01, 0., 0., 0., 0., 0., 0.,
       8.09775635e+02, 4.59727722e+02, 7.53702104e-01, 9.39406921e+02,
       5.18496643e+02, 7.98777819e-01, 8.12965942e+02, 5.77373840e+02,
       8.53012204e-01, 1.09243213e+03, 4.56713989e+02, 3.28211874e-01,
       1.07773413e+03, 4.39036926e+02, 1.97410777e-01, 1.32490320e+03,
       5.27244507e+02, 2.04451010e-01, 1.59576587e+03, 4.27231598e+02,
       9.75229070e-02, 1.12187109e+03, 4.62598450e+02, 2.94462293e-01,
       1.33096924e+03, 5.27343079e+02, 6.99329734e-01, 1.61338586e+03,
       4.30184357e+02, 5.86277246e-01, 0., 0., 0., 7.15751709e+02,
       5.15568604e+02, 7.71847010e-01, 0., 0., 0., 7.30438477e+02,
       4.68505737e+02, 6.28357708e-01, 1.65746777e+03, 5.03764679e+02,
       1.41679287e-01, 1.65459875e+03, 4.97947998e+02, 1.12041794e-01,
       1.65162366e+03, 4.12484161e+02, 2.51364142e-01, 0., 0., 0., 0.,
       0., 0., 0., 0., 0. ]
