%YAML:1.0
---
pose_0: !!opencv-matrix
   rows: 1
   cols: 25
   dt: "3f"
   data: [ 7.45106812e+02, 4.56652435e+02, 6.21747255e-01,
       8.59909119e+02, 4.56765686e+02, 6.96803808e-01, 8.77532593e+02,
       5.47938171e+02, 5.33549726e-01, 9.95316467e+02, 5.77276001e+02,
       3.67912769e-01, 1.03061353e+03, 5.62655945e+02, 2.76048809e-01,
       8.57082886e+02, 3.85995178e+02, 7.14583993e-01, 9.65869934e+02,
       3.38899811e+02, 4.04481471e-01, 9.74629456e+02, 3.47821198e+02,
       4.34130341e-01, 1.14245837e+03, 4.83160156e+02, 5.75693965e-01,
       1.13654907e+03, 5.27438904e+02, 5.58633089e-01, 1.35737134e+03,
       5.53825867e+02, 6.91306770e-01, 1.50743115e+03, 5.65570740e+02,
       6.37338817e-01, 1.14834924e+03, 4.33110870e+02, 5.18581271e-01,
       1.33676477e+03, 4.53752197e+02, 6.57321930e-01, 1.56046875e+03,
       4.59647919e+02, 6.99587286e-01, 7.36276611e+02, 4.59719147e+02,
       5.75179160e-01, 7.36349548e+02, 4.36242065e+02, 5.70286393e-01,
       7.59814575e+02, 4.83187561e+02, 3.36770952e-01, 7.56876648e+02,
       4.21415100e+02, 4.53284979e-01, 1.61636377e+03, 4.36200287e+02,
       6.27719223e-01, 1.61055786e+03, 4.33240784e+02, 6.94424391e-01,
       1.58104443e+03, 4.77308685e+02, 3.56274784e-01, 1.49278271e+03,
       6.48047729e+02, 4.61054683e-01, 1.48681042e+03, 6.42163147e+02,
       3.87460917e-01, 1.53977844e+03, 5.53831665e+02, 5.28897464e-01 ]
