%YAML:1.0
---
pose_0: !!opencv-matrix
   rows: 1
   cols: 25
   dt: "3f"
   data: [ 5.53788147e+02, 5.50901001e+02, 8.63651872e-01,
       6.59808472e+02, 5.42093384e+02, 4.81427670e-01, 6.45120483e+02,
       6.00890564e+02, 4.37949002e-01, 7.56914246e+02, 6.83343018e+02,
       1.76443920e-01, 8.51108887e+02, 7.18589355e+02, 2.93123245e-01,
       6.68572571e+02, 4.86091187e+02, 4.01777655e-01, 7.89269287e+02,
       4.44905334e+02, 7.19535351e-02, 0., 0., 0., 1.06298145e+03,
       5.36200928e+02, 4.29467559e-01, 1.06008936e+03, 5.95023926e+02,
       4.16257441e-01, 1.33969873e+03, 5.98073669e+02, 6.29613042e-01,
       1.65455872e+03, 5.80270752e+02, 5.12403965e-01, 1.06008435e+03,
       4.77280884e+02, 4.26076591e-01, 1.30438184e+03, 4.18446930e+02,
       1.88418344e-01, 1.44565271e+03, 3.68428040e+02, 2.94281363e-01,
       5.36219666e+02, 5.71412720e+02, 7.97702610e-01, 5.45031799e+02,
       5.27357178e+02, 8.22005332e-01, 5.53849792e+02, 5.92073425e+02,
       1.61538258e-01, 5.74379700e+02, 4.97847626e+02, 5.21161079e-01,
       1.53971826e+03, 3.62553650e+02, 1.64771408e-01, 1.52806311e+03,
       3.47845795e+02, 1.86217785e-01, 1.54569800e+03, 3.62529236e+02,
       1.23470910e-01, 1.75465222e+03, 6.06788330e+02, 1.07594728e-01,
       0., 0., 0., 1.67225012e+03, 5.65634888e+02, 3.05488527e-01 ]
