%YAML:1.0
---
pose_0: !!opencv-matrix
   rows: 1
   cols: 25
   dt: "3f"
   data: [ 6.47925476e+02, 4.33286163e+02, 8.77160192e-01,
       7.68791199e+02, 4.30195129e+02, 6.33500040e-01, 7.86372986e+02,
       5.06677185e+02, 4.97093409e-01, 9.51054504e+02, 5.47973511e+02,
       6.64305210e-01, 1.09842090e+03, 5.94971619e+02, 7.89846778e-01,
       7.86316040e+02, 3.38959717e+02, 6.72801256e-01, 9.48147949e+02,
       2.97746338e+02, 7.06463158e-01, 1.09552441e+03, 2.59533661e+02,
       8.00981164e-01, 1.10130627e+03, 4.00771057e+02, 4.90321666e-01,
       1.09538196e+03, 4.59604248e+02, 5.46786249e-01, 1.34259546e+03,
       4.39116913e+02, 5.60177267e-01, 1.65169373e+03, 4.33072021e+02,
       5.75266004e-01, 1.10426208e+03, 3.36072845e+02, 5.21627724e-01,
       1.36028943e+03, 3.39020081e+02, 5.93669772e-01, 1.51622498e+03,
       3.56652588e+02, 4.85232860e-01, 6.30320862e+02, 4.53766296e+02,
       8.13669920e-01, 6.36281860e+02, 4.12597595e+02, 8.10247660e-01,
       6.45152405e+02, 4.77351929e+02, 3.00468683e-01, 6.62679260e+02,
       3.86166779e+02, 6.09967649e-01, 1.60166748e+03, 3.24263458e+02,
       3.13821077e-01, 1.59575757e+03, 3.18399780e+02, 3.22275847e-01,
       1.54275610e+03, 3.74301331e+02, 1.93844289e-01, 1.75471936e+03,
       4.30213867e+02, 3.16110820e-01, 1.74581189e+03, 4.36147308e+02,
       2.86901504e-01, 1.66639026e+03, 4.18442078e+02, 3.14059258e-01 ]
