%YAML:1.0
---
pose_0: !!opencv-matrix
   rows: 1
   cols: 25
   dt: "3f"
   data: [ 7.45094910e+02, 4.18398682e+02, 7.21074343e-01,
       8.36477905e+02, 4.68458496e+02, 6.14192903e-01, 8.42233887e+02,
       5.09771759e+02, 7.16471493e-01, 9.80575500e+02, 5.74311401e+02,
       8.51242542e-01, 1.08950696e+03, 5.21478271e+02, 8.20426285e-01,
       8.30435303e+02, 4.24303528e+02, 4.06465381e-01, 1.00414764e+03,
       4.36054779e+02, 2.23097816e-01, 1.14241345e+03, 4.12594604e+02,
       3.94893348e-01, 1.11892407e+03, 5.06685944e+02, 5.14751136e-01,
       1.11603699e+03, 5.53930969e+02, 5.23875773e-01, 1.32201855e+03,
       5.09703888e+02, 7.71341741e-01, 1.53985291e+03, 6.30322815e+02,
       4.79194194e-01, 1.12776819e+03, 4.56680145e+02, 5.48150778e-01,
       1.36904846e+03, 4.50807343e+02, 6.05729997e-01, 1.54571777e+03,
       5.18473755e+02, 5.93676805e-01, 7.33307983e+02, 4.39057739e+02,
       7.06175268e-01, 7.36365051e+02, 4.12528259e+02, 4.47959930e-01,
       7.59899353e+02, 4.83247986e+02, 4.13390964e-01, 0., 0., 0.,
       1.61039966e+03, 4.53759521e+02, 3.81192923e-01, 1.60162793e+03,
       4.59660492e+02, 3.78612071e-01, 1.56341077e+03, 5.50831543e+02,
       3.99158955e-01, 1.63109766e+03, 6.24498108e+02, 2.74232090e-01,
       1.61335205e+03, 6.47973633e+02, 2.40777835e-01, 1.57808606e+03,
       6.59754761e+02, 2.93553889e-01 ]
