%YAML:1.0
---
pose_0: !!opencv-matrix
   rows: 1
   cols: 25
   dt: "3f"
   data: [ 6.89187378e+02, 4.86136414e+02, 8.67205501e-01,
       8.12821777e+02, 5.03871246e+02, 7.56087065e-01, 8.12767700e+02,
       5.92045654e+02, 7.03445792e-01, 9.39409424e+02, 6.24482788e+02,
       6.47147477e-01, 1.03061975e+03, 6.21583984e+02, 7.07892418e-01,
       8.15739258e+02, 4.18473877e+02, 6.16747141e-01, 9.54262939e+02,
       3.59595947e+02, 8.61519635e-01, 8.71734680e+02, 3.97835052e+02,
       7.88946927e-01, 1.09542273e+03, 5.06746399e+02, 5.77968955e-01,
       1.08952124e+03, 5.53778320e+02, 5.74630439e-01, 1.30145044e+03,
       5.74350342e+02, 6.15522802e-01, 1.49565869e+03, 5.71477966e+02,
       4.72718477e-01, 1.10123926e+03, 4.56615112e+02, 5.42798340e-01,
       1.33382080e+03, 4.59578613e+02, 6.90448821e-01, 1.54269421e+03,
       4.71441010e+02, 5.82199574e-01, 6.71505188e+02, 5.03763733e+02,
       8.50801468e-01, 6.74512085e+02, 4.65577209e+02, 8.12658787e-01,
       6.89192505e+02, 5.24406921e+02, 4.25609529e-01, 7.03919128e+02,
       4.39128601e+02, 5.91491699e-01, 1.62229602e+03, 4.59704224e+02,
       5.20394564e-01, 1.61638855e+03, 4.56665466e+02, 5.17692149e-01,
       1.55450171e+03, 4.83248230e+02, 3.14915597e-01, 1.56331946e+03,
       5.68548462e+02, 3.40451032e-01, 1.54868652e+03, 5.74494507e+02,
       3.19730252e-01, 1.52511401e+03, 5.59710938e+02, 2.75701880e-01 ]
