%YAML:1.0
---
pose_0: !!opencv-matrix
   rows: 1
   cols: 25
   dt: "3f"
   data: [ 7.36212585e+02, 3.56679596e+02, 8.04424405e-01,
       8.33371704e+02, 3.62623199e+02, 8.41573358e-01, 8.27581238e+02,
       4.33054443e+02, 6.26532257e-01, 7.86321533e+02, 5.06863678e+02,
       8.41656625e-01, 6.53941101e+02, 5.09749390e+02, 7.84986913e-01,
       8.30409668e+02, 2.91901337e+02, 5.98265529e-01, 8.62890381e+02,
       2.94824890e+02, 7.40145862e-01, 8.59790100e+02, 4.42051758e+02,
       8.47601593e-01, 1.09540625e+03, 3.77221283e+02, 5.57890296e-01,
       1.09540625e+03, 4.27214539e+02, 5.37097216e-01, 1.31323364e+03,
       4.41945770e+02, 6.71234190e-01, 1.52515759e+03, 4.71394196e+02,
       5.79865038e-01, 1.09538257e+03, 3.21277954e+02, 5.66889346e-01,
       1.30435034e+03, 3.12484558e+02, 4.48200345e-01, 1.56341003e+03,
       2.88884277e+02, 5.37756741e-01, 7.18713867e+02, 3.68534058e+02,
       7.72390604e-01, 7.18717957e+02, 3.41848877e+02, 8.28544855e-01,
       7.42155884e+02, 4.03655609e+02, 4.73751873e-01, 7.42225098e+02,
       3.21257233e+02, 4.44645166e-01, 1.63986841e+03, 2.71232147e+02,
       5.31397045e-01, 1.63689929e+03, 2.68274139e+02, 5.89332938e-01,
       1.62221106e+03, 2.94873077e+02, 2.24868432e-01, 1.60747473e+03,
       4.77291290e+02, 5.10058224e-01, 1.58992053e+03, 4.86162506e+02,
       4.52161610e-01, 1.55746436e+03, 4.59605621e+02, 3.42588305e-01 ]
