%YAML:1.0
---
pose_0: !!opencv-matrix
   rows: 2
   cols: 25
   dt: "3f"
   data: [ 0., 0., 0., 0., 0., 0., 7.42163940e+02, 6.65671143e+02,
       1.09293237e-01, 8.27514404e+02, 6.15582825e+02, 5.03760457e-01,
       6.42119995e+02, 5.27203796e+02, 6.38227940e-01, 0., 0., 0., 0.,
       0., 0., 0., 0., 0., 0., 0., 0., 0., 0., 0., 0., 0., 0., 0., 0.,
       0., 0., 0., 0., 0., 0., 0., 0., 0., 0., 0., 0., 0., 0., 0., 0.,
       0., 0., 0., 0., 0., 0., 0., 0., 0., 0., 0., 0., 0., 0., 0., 0.,
       0., 0., 0., 0., 0., 0., 0., 0., 0., 0., 0., 7.68730469e+02,
       5.09718323e+02, 2.00277254e-01, 0., 0., 0., 0., 0., 0., 0., 0.,
       0., 7.59872681e+02, 4.33082031e+02, 2.62895018e-01,
       8.77635925e+02, 3.24208771e+02, 5.91916680e-01, 7.42113342e+02,
       2.83104004e+02, 6.48218155e-01, 1.11012512e+03, 6.21546448e+02,
       3.98169816e-01, 1.08068066e+03, 6.89249146e+02, 3.58678460e-01,
       1.36910632e+03, 8.33453430e+02, 3.65791380e-01, 1.60743860e+03,
       9.74602722e+02, 1.82676435e-01, 1.13955750e+03, 5.50898438e+02,
       3.39412749e-01, 1.42501184e+03, 5.92104553e+02, 3.52502942e-01,
       1.72229651e+03, 5.47993408e+02, 3.34666729e-01, 0., 0., 0., 0.,
       0., 0., 0., 0., 0., 0., 0., 0., 1.83117749e+03, 5.03737366e+02,
       1.14790626e-01, 1.83411353e+03, 5.06700684e+02, 1.14420764e-01,
       1.72816858e+03, 5.50886230e+02, 1.25658736e-01, 0., 0., 0., 0.,
       0., 0., 1.62224829e+03, 9.77651306e+02, 1.51374459e-01 ]
