%YAML:1.0
---
pose_0: !!opencv-matrix
   rows: 1
   cols: 25
   dt: "3f"
   data: [ 5.97936523e+02, 4.74359497e+02, 1.02048516e-01,
       6.74548279e+02, 4.80155457e+02, 4.80307013e-01, 6.68691406e+02,
       5.95062012e+02, 7.08115935e-01, 8.12938171e+02, 5.97876770e+02,
       6.07635915e-01, 6.95141541e+02, 4.30250427e+02, 7.48420715e-01,
       6.83338379e+02, 3.41995514e+02, 3.59503508e-01, 8.83381836e+02,
       2.71377625e+02, 7.96919644e-01, 7.12704163e+02, 2.27145432e+02,
       6.24320805e-01, 1.04830237e+03, 5.39104187e+02, 4.33402300e-01,
       1.02178101e+03, 6.12710266e+02, 4.31182921e-01, 1.32793359e+03,
       7.62776672e+02, 4.68304932e-01, 1.58694275e+03, 8.62846069e+02,
       3.35039437e-01, 1.07479895e+03, 4.65506165e+02, 3.89875621e-01,
       1.36322278e+03, 5.06716492e+02, 4.14431781e-01, 1.73114746e+03,
       4.92001007e+02, 3.58318210e-01, 5.45003662e+02, 5.24391418e+02,
       1.22918494e-01, 5.77394165e+02, 4.59711609e+02, 1.47298813e-01,
       5.74376953e+02, 5.53887878e+02, 1.76380247e-01, 5.92114868e+02,
       4.03689362e+02, 1.59589708e-01, 1.82537634e+03, 5.09729401e+02,
       6.00251518e-02, 0., 0., 0., 1.74291748e+03, 5.00871948e+02,
       1.80357918e-01, 1.62513293e+03, 8.59966675e+02, 9.19165537e-02,
       0., 0., 0., 1.61931433e+03, 8.74617981e+02, 2.77129054e-01 ]
