%YAML:1.0
---
pose_0: !!opencv-matrix
   rows: 1
   cols: 25
   dt: "3f"
   data: [ 6.01024719e+02, 4.86133545e+02, 8.83552909e-01,
       7.50992798e+02, 5.06863129e+02, 7.13610709e-01, 7.45213806e+02,
       6.03829407e+02, 6.84707940e-01, 9.04078735e+02, 6.71493958e+02,
       8.68171334e-01, 9.54039246e+02, 6.48075012e+02, 8.09922874e-01,
       7.62672852e+02, 4.12520081e+02, 6.29625797e-01, 9.07065247e+02,
       3.18514374e+02, 5.90801001e-01, 8.39319641e+02, 3.44868195e+02,
       6.18464589e-01, 1.06296631e+03, 5.15555603e+02, 4.86799896e-01,
       1.05122754e+03, 5.74340393e+02, 4.92860824e-01, 1.28072668e+03,
       5.74389099e+02, 5.52354872e-01, 1.51334875e+03, 5.74465576e+02,
       2.03860074e-01, 1.06008606e+03, 4.56580353e+02, 4.89580989e-01,
       1.27789832e+03, 4.77354858e+02, 5.76531589e-01, 1.59279492e+03,
       4.77342285e+02, 1.41822860e-01, 5.89132874e+02, 5.06625366e+02,
       8.34920108e-01, 5.97863159e+02, 4.65497681e+02, 8.58787775e-01,
       6.03986206e+02, 5.30323792e+02, 3.46707642e-01, 6.21495422e+02,
       4.36075775e+02, 5.26450872e-01, 1.72231348e+03, 5.74464172e+02,
       5.49936369e-02, 0., 0., 0., 0., 0., 0., 0., 0., 0., 0., 0., 0.,
       0., 0., 0. ]
