%YAML:1.0
---
pose_0: !!opencv-matrix
   rows: 1
   cols: 25
   dt: "3f"
   data: [ 7.65761902e+02, 4.36013245e+02, 8.88913333e-01,
       8.83536499e+02, 4.39000885e+02, 7.10601568e-01, 8.86439697e+02,
       5.18495361e+02, 6.81661308e-01, 1.01004968e+03, 5.50902710e+02,
       6.69872224e-01, 1.14245996e+03, 5.80305908e+02, 6.43891096e-01,
       8.83519409e+02, 3.65570129e+02, 6.03105962e-01, 1.02769092e+03,
       3.33118378e+02, 7.55749226e-01, 1.11006445e+03, 3.15327972e+02,
       8.08072925e-01, 1.13652087e+03, 4.53779205e+02, 6.05768919e-01,
       1.12193213e+03, 5.00822540e+02, 6.50421917e-01, 1.30731213e+03,
       5.50822632e+02, 7.50852585e-01, 1.48973633e+03, 5.97908203e+02,
       7.13795841e-01, 1.13953931e+03, 4.03689941e+02, 5.98991692e-01,
       1.33677563e+03, 4.12449524e+02, 7.24474609e-01, 1.56337427e+03,
       4.15487549e+02, 6.94889784e-01, 7.53938782e+02, 4.53651917e+02,
       7.55254626e-01, 7.56844177e+02, 4.12716309e+02, 8.21917653e-01,
       7.68748230e+02, 4.65504639e+02, 2.71145582e-01, 7.71700684e+02,
       3.88911194e+02, 6.12029672e-01, 1.61639197e+03, 4.09621124e+02,
       4.81766641e-01, 1.61339160e+03, 4.00797882e+02, 5.43738723e-01,
       1.58699390e+03, 4.18457703e+02, 3.25865299e-01, 1.48978979e+03,
       6.65618103e+02, 5.88317275e-01, 1.47517542e+03, 6.56849304e+02,
       5.49168587e-01, 1.51335681e+03, 5.83235596e+02, 4.72258240e-01 ]
