%YAML:1.0
---
pose_0: !!opencv-matrix
   rows: 1
   cols: 25
   dt: "3f"
   data: [ 7.33410400e+02, 4.56732513e+02, 8.87068868e-01,
       8.33445435e+02, 4.86145538e+02, 6.20344996e-01, 8.54011475e+02,
       5.97915039e+02, 5.11566043e-01, 9.57087585e+02, 6.24499451e+02,
       1.73570797e-01, 0., 0., 0., 8.24605835e+02, 4.09532501e+02,
       6.52404785e-01, 9.59996582e+02, 3.53718445e+02, 7.11428583e-01,
       9.92411865e+02, 2.83086823e+02, 7.56386936e-01, 1.11598120e+03,
       4.62550964e+02, 5.75220466e-01, 1.11013367e+03, 5.09654480e+02,
       6.06691241e-01, 1.29843774e+03, 5.65611389e+02, 6.34547234e-01,
       1.53683044e+03, 5.94961609e+02, 5.60722589e-01, 1.11600037e+03,
       4.09593903e+02, 5.70674419e-01, 1.33677185e+03, 4.12475311e+02,
       7.29443014e-01, 1.58105139e+03, 4.39114410e+02, 6.05092585e-01,
       7.12821960e+02, 4.65563263e+02, 8.48902941e-01, 7.24549438e+02,
       4.33184692e+02, 8.52735281e-01, 7.21545959e+02, 4.97956360e+02,
       6.76597416e-01, 7.56936157e+02, 4.12508545e+02, 6.18450642e-01,
       1.63989343e+03, 4.12505310e+02, 3.76391500e-01, 1.63408179e+03,
       4.09602661e+02, 4.07580614e-01, 1.61924231e+03, 4.53763580e+02,
       2.83190191e-01, 1.58691760e+03, 6.62743652e+02, 1.33006692e-01,
       1.57514941e+03, 6.51036133e+02, 1.42882943e-01, 1.57510413e+03,
       5.74371826e+02, 3.89132857e-01 ]
