%YAML:1.0
---
pose_0: !!opencv-matrix
   rows: 1
   cols: 25
   dt: "3f"
   data: [ 6.92268738e+02, 4.94986694e+02, 8.76585066e-01,
       8.21633972e+02, 4.95004242e+02, 6.83464527e-01, 8.33474121e+02,
       5.80371460e+02, 6.28647268e-01, 9.39458191e+02, 6.74587341e+02,
       7.68396795e-01, 1.04230029e+03, 8.06963074e+02, 7.66881049e-01,
       8.12735168e+02, 4.15492798e+02, 6.21661484e-01, 9.04014221e+02,
       3.18342834e+02, 7.61324584e-01, 9.65834717e+02, 1.80023499e+02,
       7.45674551e-01, 1.09243079e+03, 4.74325897e+02, 4.54094559e-01,
       1.09535815e+03, 5.27323669e+02, 4.97802705e-01, 1.33377954e+03,
       5.50912842e+02, 3.08676720e-01, 1.60749048e+03, 4.33148315e+02,
       1.55257493e-01, 1.08951099e+03, 4.12593781e+02, 3.77876043e-01,
       1.34558057e+03, 4.50775269e+02, 6.03571594e-01, 1.59868921e+03,
       4.30170258e+02, 3.67080688e-01, 6.71644958e+02, 5.06652374e+02,
       8.70679617e-01, 6.89106323e+02, 4.71412079e+02, 8.42866361e-01,
       6.92178650e+02, 5.27404785e+02, 2.33168125e-01, 7.15691162e+02,
       4.39025024e+02, 6.48839355e-01, 0., 0., 0., 0., 0., 0.,
       1.65754272e+03, 4.68462585e+02, 1.03841938e-01, 0., 0., 0., 0.,
       0., 0., 1.67516040e+03, 3.97875275e+02, 1.02003649e-01 ]
