%YAML:1.0
---
pose_0: !!opencv-matrix
   rows: 2
   cols: 25
   dt: "3f"
   data: [ 0., 0., 0., 8.56903259e+02, 3.77230438e+02, 3.25852811e-01,
       0., 0., 0., 0., 0., 0., 0., 0., 0., 8.77552185e+02,
       3.59519501e+02, 1.83079034e-01, 0., 0., 0., 0., 0., 0.,
       1.10425769e+03, 3.77239868e+02, 4.81629670e-01, 1.10719458e+03,
       4.24340790e+02, 4.77706790e-01, 1.32203406e+03, 4.33234863e+02,
       6.88740194e-01, 1.53390344e+03, 4.53678467e+02, 5.96691132e-01,
       1.11009705e+03, 3.21337982e+02, 4.73838717e-01, 1.30734265e+03,
       3.03656006e+02, 4.96872038e-01, 1.54867639e+03, 2.77205139e+02,
       4.98248994e-01, 0., 0., 0., 0., 0., 0., 0., 0., 0., 0., 0., 0.,
       1.63111023e+03, 2.71316528e+02, 3.00649762e-01, 1.62813696e+03,
       2.68267090e+02, 3.43241751e-01, 1.58104065e+03, 2.71316681e+02,
       2.03122631e-01, 1.60753674e+03, 4.59634857e+02, 4.70808446e-01,
       1.59278870e+03, 4.71371124e+02, 4.29472208e-01, 1.56038269e+03,
       4.36099243e+02, 3.26602012e-01, 7.42127747e+02, 3.59538208e+02,
       3.45059961e-01, 7.86325928e+02, 3.62572540e+02, 1.90277636e-01,
       8.30462524e+02, 4.12600800e+02, 5.42032301e-01, 8.56975830e+02,
       3.44912048e+02, 5.05376637e-01, 8.80384033e+02, 2.53580826e+02,
       6.38847470e-01, 7.39315491e+02, 2.94929688e+02, 1.46705836e-01,
       8.12908325e+02, 2.74334290e+02, 1.07058756e-01, 0., 0., 0., 0.,
       0., 0., 0., 0., 0., 0., 0., 0., 0., 0., 0., 0., 0., 0., 0., 0.,
       0., 0., 0., 0., 7.24600647e+02, 3.62521362e+02, 2.40503877e-01,
       7.27469849e+02, 3.41883179e+02, 1.56283095e-01, 7.39235474e+02,
       3.68441071e+02, 2.42527440e-01, 7.15695557e+02, 3.47810089e+02,
       1.77716836e-01, 0., 0., 0., 0., 0., 0., 0., 0., 0., 0., 0., 0.,
       0., 0., 0., 0., 0., 0. ]
