%YAML:1.0
---
pose_0: !!opencv-matrix
   rows: 1
   cols: 25
   dt: "3f"
   data: [ 7.09853699e+02, 5.97839783e+02, 8.59496832e-01,
       8.18690186e+02, 5.80308350e+02, 6.26371682e-01, 7.92308716e+02,
       6.39129822e+02, 4.19466734e-01, 9.86474609e+02, 6.59779236e+02,
       5.27051270e-01, 1.06008069e+03, 7.33325562e+02, 8.04349124e-01,
       8.39324951e+02, 5.24305786e+02, 6.78402007e-01, 9.83577698e+02,
       5.00785400e+02, 7.49714315e-01, 1.11900745e+03, 4.91981720e+02,
       8.08823586e-01, 1.13361731e+03, 6.33322937e+02, 5.78039348e-01,
       1.12191406e+03, 6.74503235e+02, 6.27272487e-01, 1.29851331e+03,
       7.80409790e+02, 7.50103116e-01, 1.38085693e+03, 6.74520996e+02,
       3.51493835e-01, 1.13951331e+03, 5.83320374e+02, 5.74886978e-01,
       1.31319055e+03, 6.71476746e+02, 7.59051502e-01, 1.57216431e+03,
       6.80430664e+02, 5.66692114e-01, 6.92247009e+02, 6.03878601e+02,
       8.39323699e-01, 6.95200012e+02, 5.74419983e+02, 8.76217842e-01,
       7.12797974e+02, 6.24466797e+02, 2.52313614e-01, 7.18611633e+02,
       5.50763855e+02, 6.03778422e-01, 1.63991089e+03, 6.36287354e+02,
       5.07639050e-01, 1.63691028e+03, 6.36285522e+02, 5.13513625e-01,
       1.59868579e+03, 6.92139526e+02, 2.89555252e-01, 0., 0., 0., 0.,
       0., 0., 0., 0., 0. ]
