%YAML:1.0
---
pose_0: !!opencv-matrix
   rows: 1
   cols: 25
   dt: "3f"
   data: [ 6.21610168e+02, 3.86162506e+02, 8.76532316e-01,
       7.71696777e+02, 3.89054413e+02, 6.76739395e-01, 7.89230103e+02,
       4.83184662e+02, 6.48238361e-01, 9.48242065e+02, 5.15517273e+02,
       7.01496601e-01, 1.10418274e+03, 5.56738831e+02, 7.85102487e-01,
       7.80440796e+02, 2.91895386e+02, 6.77225888e-01, 9.33537170e+02,
       2.47740829e+02, 7.48397529e-01, 1.10123499e+03, 2.00640335e+02,
       8.22115541e-01, 1.10716345e+03, 3.56605682e+02, 4.36826736e-01,
       1.09542334e+03, 4.15476318e+02, 4.73676354e-01, 1.32788220e+03,
       4.09672760e+02, 5.70018888e-01, 1.63698596e+03, 3.59605865e+02,
       5.22615969e-01, 1.10716943e+03, 2.91845367e+02, 4.33849931e-01,
       1.36025977e+03, 2.86028168e+02, 5.09802461e-01, 1.53098364e+03,
       3.09550537e+02, 5.67355692e-01, 6.03929626e+02, 4.06618011e+02,
       8.13875616e-01, 6.09710449e+02, 3.62659027e+02, 8.28237593e-01,
       6.24552063e+02, 4.27286285e+02, 2.76730627e-01, 6.42046509e+02,
       3.38871246e+02, 4.64366019e-01, 1.61339807e+03, 2.74285004e+02,
       3.75458419e-01, 1.61044226e+03, 2.71289978e+02, 3.91934186e-01,
       1.54282056e+03, 3.24308350e+02, 3.40712100e-01, 1.77519446e+03,
       3.18348083e+02, 3.04516077e-01, 1.76942041e+03, 3.24301453e+02,
       2.07413450e-01, 1.65749670e+03, 3.56603577e+02, 2.54528224e-01 ]
