%YAML:1.0
---
pose_0: !!opencv-matrix
   rows: 1
   cols: 25
   dt: "3f"
   data: [ 7.39215515e+02, 5.39128723e+02, 3.79258186e-01,
       8.12790039e+02, 4.83146179e+02, 5.06253541e-01, 8.12762451e+02,
       4.80230591e+02, 4.09504771e-01, 9.51089172e+02, 5.53760803e+02,
       2.08067700e-01, 8.83577209e+02, 6.12737915e+02, 1.87164038e-01,
       8.10004272e+02, 4.94983459e+02, 7.01628566e-01, 9.51147156e+02,
       5.53723694e+02, 7.83010900e-01, 8.65835510e+02, 6.24405090e+02,
       7.49455929e-01, 1.09242029e+03, 4.47850830e+02, 2.92385936e-01,
       1.09539539e+03, 4.27271729e+02, 2.44836286e-01, 1.33385217e+03,
       5.15604187e+02, 5.41903496e-01, 1.60454492e+03, 4.33059937e+02,
       4.51699585e-01, 1.10420251e+03, 4.62560394e+02, 2.73065090e-01,
       1.33092273e+03, 5.27443726e+02, 4.98067141e-01, 1.61637146e+03,
       4.30232697e+02, 2.80589849e-01, 7.30387756e+02, 5.30355652e+02,
       6.47835508e-02, 7.33399963e+02, 5.27331543e+02, 3.56018782e-01,
       0., 0., 0., 7.45134277e+02, 4.86111481e+02, 4.43306923e-01,
       1.65763794e+03, 3.65531219e+02, 1.66806400e-01, 1.65763318e+03,
       3.71365082e+02, 1.21023238e-01, 1.65763562e+03, 4.24302216e+02,
       1.71462327e-01, 1.66042310e+03, 3.68445770e+02, 3.82685155e-01,
       1.65753711e+03, 3.83046356e+02, 2.81803459e-01, 1.64869104e+03,
       4.15479279e+02, 1.27643049e-01 ]
