%YAML:1.0
---
pose_0: !!opencv-matrix
   rows: 1
   cols: 25
   dt: "3f"
   data: [ 7.86226746e+02, 5.09701385e+02, 8.35859179e-01,
       8.86425171e+02, 5.06714111e+02, 7.30889440e-01, 8.80578003e+02,
       5.71533630e+02, 7.29890585e-01, 1.00413269e+03, 6.18500183e+02,
       5.62951744e-01, 1.01300543e+03, 6.80413269e+02, 6.31480396e-01,
       9.01181091e+02, 4.39044312e+02, 6.51051641e-01, 1.02765051e+03,
       3.94933685e+02, 8.18814635e-01, 1.00416052e+03, 2.94922302e+02,
       8.26017678e-01, 1.13661609e+03, 5.24382996e+02, 6.05228364e-01,
       1.13652002e+03, 5.68499512e+02, 6.13597810e-01, 1.33381873e+03,
       6.06815186e+02, 7.48833776e-01, 1.51622925e+03, 6.33287292e+02,
       6.23706996e-01, 1.13948083e+03, 4.74359100e+02, 5.78987181e-01,
       1.32795227e+03, 4.80329498e+02, 7.97110677e-01, 1.55162085e+03,
       4.36229858e+02, 6.71037436e-01, 7.68648560e+02, 5.27436096e+02,
       8.27206492e-01, 7.68643494e+02, 4.94972961e+02, 7.76333392e-01,
       7.89333923e+02, 5.50751343e+02, 3.18439394e-01, 7.92186401e+02,
       4.59772583e+02, 5.33015728e-01, 1.61334717e+03, 4.50810333e+02,
       3.44903857e-01, 1.61046167e+03, 4.36128052e+02, 4.54050004e-01,
       1.57810168e+03, 4.21379639e+02, 3.06687176e-01, 1.56920703e+03,
       6.77450928e+02, 3.48051637e-01, 1.57220605e+03, 6.71642395e+02,
       3.45872521e-01, 1.54575146e+03, 6.18518311e+02, 4.69201982e-01 ]
