%YAML:1.0
---
pose_0: !!opencv-matrix
   rows: 1
   cols: 25
   dt: "3f"
   data: [ 7.92339478e+02, 4.09526642e+02, 7.81572938e-01,
       8.80609680e+02, 3.68435486e+02, 7.26902366e-01, 8.77601135e+02,
       4.33219910e+02, 8.06789041e-01, 9.80608093e+02, 3.74253113e+02,
       7.19600320e-01, 9.27511475e+02, 2.56509338e+02, 7.59162188e-01,
       8.80493286e+02, 3.09545746e+02, 5.15534878e-01, 1.02180975e+03,
       2.24224289e+02, 8.02144587e-01, 9.30489380e+02, 1.74264633e+02,
       8.03025842e-01, 1.12781006e+03, 4.33169617e+02, 6.48403764e-01,
       1.11296802e+03, 4.80255615e+02, 6.34812593e-01, 1.29260864e+03,
       5.80302063e+02, 7.75928497e-01, 1.48099829e+03, 6.48052063e+02,
       6.08751178e-01, 1.15127405e+03, 3.86086151e+02, 6.11947834e-01,
       1.36616602e+03, 3.77266876e+02, 4.35329676e-01, 1.56929907e+03,
       3.92060455e+02, 5.77199101e-01, 7.86362305e+02, 4.12666199e+02,
       6.20258451e-01, 7.86234497e+02, 3.89089874e+02, 7.12897837e-01,
       8.12931580e+02, 4.15497559e+02, 9.42917988e-02, 7.89209473e+02,
       3.56678650e+02, 4.90232587e-01, 1.63100745e+03, 3.59567352e+02,
       3.30728710e-01, 1.61928369e+03, 3.59572388e+02, 3.78423482e-01,
       1.61037451e+03, 3.94958008e+02, 3.11865032e-01, 1.53389233e+03,
       6.18533203e+02, 2.59058058e-01, 1.51622119e+03, 6.33340820e+02,
       2.55287290e-01, 1.51040649e+03, 6.62722107e+02, 3.64358872e-01 ]
