%YAML:1.0
---
pose_0: !!opencv-matrix
   rows: 1
   cols: 25
   dt: "3f"
   data: [ 5.74472107e+02, 5.27397644e+02, 6.91881299e-01,
       6.51006958e+02, 5.50848572e+02, 4.40935612e-01, 6.50953430e+02,
       6.03856995e+02, 3.32925558e-01, 7.65789551e+02, 6.71524780e+02,
       4.91150200e-01, 8.33354187e+02, 6.24482300e+02, 6.81608438e-01,
       6.48056580e+02, 4.83258423e+02, 3.50235462e-01, 7.24566284e+02,
       4.71413300e+02, 1.83270648e-01, 7.77486572e+02, 4.36067780e+02,
       4.57581550e-01, 1.03356067e+03, 5.39158936e+02, 4.19641078e-01,
       1.03361035e+03, 5.95018860e+02, 4.21655357e-01, 1.32791577e+03,
       6.15585754e+02, 3.08417976e-01, 1.67230518e+03, 6.01012573e+02,
       4.26754802e-01, 1.03358643e+03, 4.80298279e+02, 4.05314654e-01,
       1.29846375e+03, 4.36222473e+02, 1.13139495e-01, 1.40442529e+03,
       4.15600739e+02, 2.54980654e-01, 5.59687988e+02, 5.50850647e+02,
       6.84668899e-01, 5.53880676e+02, 5.12650818e+02, 5.50169170e-01,
       5.77312195e+02, 5.77443604e+02, 5.25217116e-01, 5.71505188e+02,
       4.92045410e+02, 1.36110500e-01, 1.50158936e+03, 4.09659912e+02,
       9.56578851e-02, 0., 0., 0., 1.43974426e+03, 4.15526581e+02,
       8.83897990e-02, 1.77829456e+03, 6.15657715e+02, 1.29628003e-01,
       0., 0., 0., 1.70168225e+03, 5.77374878e+02, 1.52682364e-01 ]
