%YAML:1.0
---
pose_0: !!opencv-matrix
   rows: 1
   cols: 25
   dt: "3f"
   data: [ 7.89342773e+02, 5.12699158e+02, 8.06071401e-01,
       8.92291077e+02, 5.03788208e+02, 7.61383355e-01, 8.83559021e+02,
       5.71500122e+02, 6.73398614e-01, 9.54114990e+02, 6.92060303e+02,
       8.65081668e-01, 8.56949890e+02, 7.03954163e+02, 7.77152777e-01,
       9.03948547e+02, 4.36037598e+02, 7.31424391e-01, 9.54084839e+02,
       3.21268402e+02, 8.19646418e-01, 9.48125366e+02, 1.80040833e+02,
       8.03915322e-01, 1.13954871e+03, 5.24323242e+02, 5.80524862e-01,
       1.13654395e+03, 5.68496399e+02, 5.93918979e-01, 1.34259839e+03,
       6.24405334e+02, 7.39512265e-01, 1.51927002e+03, 6.33287170e+02,
       6.26931190e-01, 1.14247156e+03, 4.71444183e+02, 5.32523751e-01,
       1.35735522e+03, 4.62662750e+02, 6.51252329e-01, 1.54870386e+03,
       4.36212341e+02, 6.75377250e-01, 7.74565857e+02, 5.30224304e+02,
       7.88292468e-01, 7.71643005e+02, 5.00788544e+02, 7.60516763e-01,
       7.98168640e+02, 5.47963440e+02, 4.12907571e-01, 7.89292725e+02,
       4.62585266e+02, 3.53536636e-01, 1.61337781e+03, 4.36068176e+02,
       3.83939713e-01, 1.61035730e+03, 4.30164063e+02, 4.54205632e-01,
       1.57510596e+03, 4.27310852e+02, 2.92619258e-01, 1.57515198e+03,
       6.80383728e+02, 5.02765477e-01, 1.57516724e+03, 6.74569885e+02,
       5.05032897e-01, 1.54869250e+03, 6.12680359e+02, 4.73932594e-01 ]
