%YAML:1.0
---
pose_0: !!opencv-matrix
   rows: 1
   cols: 25
   dt: "3f"
   data: [ 7.77487183e+02, 5.53755676e+02, 8.53190482e-01,
       8.89375122e+02, 5.53824280e+02, 6.84062004e-01, 9.03966187e+02,
       6.30385498e+02, 6.23050928e-01, 1.03360120e+03, 6.77426331e+02,
       6.99775875e-01, 1.13963318e+03, 7.18600342e+02, 8.50078344e-01,
       8.80567932e+02, 4.89091034e+02, 5.27529359e-01, 1.02182208e+03,
       4.18420685e+02, 7.50518441e-01, 1.04529724e+03, 3.36062347e+02,
       6.26900792e-01, 1.13954639e+03, 5.65621399e+02, 6.11986101e-01,
       1.13655127e+03, 6.06807251e+02, 6.04672074e-01, 1.34555151e+03,
       6.24402649e+02, 6.71111822e-01, 1.51930396e+03, 6.36260071e+02,
       5.80113411e-01, 1.14244238e+03, 5.12676697e+02, 5.68733454e-01,
       1.33386426e+03, 5.09734436e+02, 6.50889456e-01, 1.52214905e+03,
       4.56665680e+02, 5.72629571e-01, 7.62841431e+02, 5.68528076e+02,
       8.08328152e-01, 7.65636780e+02, 5.33321472e+02, 8.06182563e-01,
       7.80453796e+02, 5.86254700e+02, 3.41278881e-01, 7.86296204e+02,
       5.09646729e+02, 6.28404975e-01, 1.61336621e+03, 4.24325806e+02,
       3.47963005e-01, 1.61036389e+03, 4.21385590e+02, 3.79034817e-01,
       1.58685974e+03, 4.56749847e+02, 1.50856555e-01, 1.56635718e+03,
       6.00927551e+02, 3.62578571e-01, 1.56334790e+03, 6.15672668e+02,
       2.95178652e-01, 1.55747839e+03, 6.42090576e+02, 3.03908259e-01 ]
