%YAML:1.0
---
pose_0: !!opencv-matrix
   rows: 1
   cols: 25
   dt: "3f"
   data: [ 7.36223206e+02, 3.91975128e+02, 8.19230258e-01,
       8.60061279e+02, 3.86090485e+02, 7.46788085e-01, 8.77628723e+02,
       4.77197968e+02, 7.14751482e-01, 9.98176270e+02, 5.09650482e+02,
       8.04319024e-01, 1.09243774e+03, 5.80418396e+02, 8.16962183e-01,
       8.59898315e+02, 2.97729706e+02, 6.92457199e-01, 9.92426147e+02,
       2.27202759e+02, 7.97028661e-01, 1.09539929e+03, 2.97772552e+02,
       8.54960859e-01, 1.14240674e+03, 4.00767120e+02, 6.14489377e-01,
       1.13945349e+03, 4.47871765e+02, 6.16427660e-01, 1.34553723e+03,
       4.83174377e+02, 7.61126876e-01, 1.54867053e+03, 5.47972290e+02,
       6.13983631e-01, 1.14545874e+03, 3.44871399e+02, 5.99446058e-01,
       1.36615967e+03, 3.18440125e+02, 3.70432913e-01, 1.56037280e+03,
       3.00741821e+02, 5.75043797e-01, 7.18730103e+02, 4.12535217e+02,
       8.11810732e-01, 7.18648499e+02, 3.77213013e+02, 7.82316804e-01,
       7.42335266e+02, 4.33112518e+02, 1.88725889e-01, 7.39288147e+02,
       3.41959381e+02, 3.99551660e-01, 1.63988342e+03, 2.68362793e+02,
       3.28445196e-01, 1.63692175e+03, 2.68291626e+02, 3.47442567e-01,
       1.58101648e+03, 2.94835175e+02, 2.56052762e-01, 1.61348145e+03,
       5.39135620e+02, 5.71236193e-01, 1.60750452e+03, 5.50965820e+02,
       5.41736364e-01, 1.56930188e+03, 5.53885559e+02, 3.31306636e-01 ]
