%YAML:1.0
---
pose_0: !!opencv-matrix
   rows: 2
   cols: 25
   dt: "3f"
   data: [ 7.42135986e+02, 4.39129761e+02, 5.61048865e-01,
       8.30502808e+02, 5.27373657e+02, 6.64165616e-01, 8.33389465e+02,
       4.71386597e+02, 4.42122161e-01, 1.00115790e+03, 4.27233521e+02,
       6.28372550e-01, 1.09830786e+03, 3.59601807e+02, 8.02957714e-01,
       8.21646240e+02, 5.92097046e+02, 5.70666432e-01, 9.54066650e+02,
       6.30403748e+02, 5.21611810e-01, 1.07487561e+03, 6.45168884e+02,
       1.94396675e-01, 1.11299561e+03, 5.06805328e+02, 5.30779243e-01,
       1.11887756e+03, 5.53881409e+02, 5.54022849e-01, 1.31322705e+03,
       5.50911011e+02, 8.08418453e-01, 1.54567664e+03, 5.77411926e+02,
       5.96925378e-01, 1.11008240e+03, 4.59598480e+02, 5.74457884e-01,
       1.31322339e+03, 4.36039734e+02, 7.94828534e-01, 1.52220142e+03,
       4.89129639e+02, 6.33939207e-01, 7.21552795e+02, 4.53719360e+02,
       4.98471022e-01, 7.30414429e+02, 4.30153564e+02, 9.76361781e-02,
       7.45147827e+02, 4.86091278e+02, 4.20479238e-01, 7.33351257e+02,
       5.56721558e+02, 2.28229985e-01, 1.60744873e+03, 4.36134735e+02,
       4.80627149e-01, 1.59574658e+03, 4.36134094e+02, 4.86050576e-01,
       1.54571887e+03, 5.09718079e+02, 4.44310039e-01, 1.61932251e+03,
       5.36217163e+02, 5.83340347e-01, 1.61346094e+03, 5.50939026e+02,
       4.84249771e-01, 1.57806506e+03, 5.83249817e+02, 2.38536194e-01,
       0., 0., 0., 0., 0., 0., 8.21674866e+02, 5.92096619e+02,
       2.57585257e-01, 9.54244324e+02, 6.30367981e+02, 4.80830938e-01,
       1.09830176e+03, 6.47939941e+02, 7.33465493e-01, 0., 0., 0., 0.,
       0., 0., 0., 0., 0., 0., 0., 0., 0., 0., 0., 0., 0., 0., 0., 0.,
       0., 0., 0., 0., 0., 0., 0., 0., 0., 0., 0., 0., 0., 0., 0., 0.,
       0., 0., 0., 0., 0., 0., 0., 0., 0., 0., 0., 0., 0., 0., 0., 0.,
       0., 0., 0., 0., 0., 0., 0., 0. ]
