%YAML:1.0
---
pose_0: !!opencv-matrix
   rows: 1
   cols: 25
   dt: "3f"
   data: [ 7.65784363e+02, 5.00848236e+02, 8.21371377e-01,
       8.60011230e+02, 5.15566223e+02, 7.41562009e-01, 8.59804749e+02,
       5.94991516e+02, 7.80440688e-01, 9.83512024e+02, 6.30325745e+02,
       7.54883409e-01, 1.11592175e+03, 6.74482605e+02, 8.45138311e-01,
       8.74587097e+02, 4.36106018e+02, 5.05057454e-01, 9.57021057e+02,
       4.33227448e+02, 5.91697432e-02, 0., 0., 0., 1.13657471e+03,
       5.09680328e+02, 5.44871271e-01, 1.13366174e+03, 5.56722839e+02,
       5.80352724e-01, 1.32786401e+03, 6.18555420e+02, 7.43723273e-01,
       1.55450928e+03, 6.71648132e+02, 6.07385397e-01, 1.13366235e+03,
       4.56751953e+02, 5.23877859e-01, 1.33676453e+03, 4.56754730e+02,
       6.32610500e-01, 1.57807458e+03, 4.62643036e+02, 6.46635890e-01,
       7.53950256e+02, 5.06832184e+02, 7.31855392e-01, 7.59791016e+02,
       4.80349670e+02, 7.82218933e-01, 7.65744385e+02, 5.33338135e+02,
       5.86312711e-01, 7.83400940e+02, 4.56769592e+02, 4.44431216e-01,
       1.64583252e+03, 4.39113373e+02, 4.09135878e-01, 1.63988806e+03,
       4.36195801e+02, 4.65519816e-01, 1.61925989e+03, 4.74384064e+02,
       2.93048441e-01, 1.62811804e+03, 6.59751770e+02, 5.81561863e-01,
       1.61348462e+03, 6.71585938e+02, 5.37616134e-01, 1.57223523e+03,
       6.86255188e+02, 2.62140483e-01 ]
