%YAML:1.0
---
pose_0: !!opencv-matrix
   rows: 1
   cols: 25
   dt: "3f"
   data: [ 7.15806274e+02, 4.09464081e+02, 8.28170061e-01,
       8.03995422e+02, 3.65572083e+02, 6.88981414e-01, 7.89328308e+02,
       4.30229645e+02, 4.83592868e-01, 7.65660217e+02, 5.09779755e+02,
       5.47713697e-01, 7.92269287e+02, 5.27197205e+02, 6.41289651e-01,
       8.12767700e+02, 3.12422424e+02, 7.43069351e-01, 8.18677795e+02,
       3.86080048e+02, 8.31501245e-01, 7.74542969e+02, 4.83299103e+02,
       6.53336227e-01, 1.11300952e+03, 4.15503632e+02, 4.90493983e-01,
       1.10126831e+03, 4.68480499e+02, 5.20081341e-01, 1.33673315e+03,
       4.94960907e+02, 6.26335919e-01, 1.64282495e+03, 5.56750488e+02,
       5.02972424e-01, 1.11595093e+03, 3.62447571e+02, 4.44758594e-01,
       1.37495886e+03, 3.41984619e+02, 7.00050175e-01, 1.55748596e+03,
       3.00722595e+02, 6.19894028e-01, 6.98129150e+02, 4.15498474e+02,
       7.40963280e-01, 6.98156982e+02, 3.86042603e+02, 8.08000803e-01,
       7.27501343e+02, 4.36066589e+02, 9.64732021e-02, 7.15693665e+02,
       3.53685974e+02, 6.47035003e-01, 1.63397058e+03, 2.80106323e+02,
       6.02744579e-01, 1.62808521e+03, 2.74203735e+02, 5.68734169e-01,
       1.57811060e+03, 2.97719513e+02, 2.84051836e-01, 1.73996094e+03,
       5.36205627e+02, 4.20367301e-01, 1.73120227e+03, 5.53786987e+02,
       3.47051769e-01, 1.66637280e+03, 5.74460083e+02, 2.70062208e-01 ]
