%YAML:1.0
---
pose_0: !!opencv-matrix
   rows: 1
   cols: 25
   dt: "3f"
   data: [ 6.95051514e+02, 5.27286926e+02, 6.52956724e-01,
       8.27549255e+02, 4.42007935e+02, 3.81281972e-01, 8.33483704e+02,
       5.09655762e+02, 3.57172221e-01, 9.07078369e+02, 6.15594055e+02,
       7.61263132e-01, 8.54083618e+02, 5.50904114e+02, 7.89247036e-01,
       7.92289063e+02, 3.89054260e+02, 3.80351633e-01, 9.07050720e+02,
       3.27172638e+02, 4.30962741e-01, 8.36377136e+02, 3.62394043e+02,
       5.15629113e-01, 1.10132275e+03, 5.12584839e+02, 4.79635417e-01,
       1.09539063e+03, 5.65564636e+02, 5.17587245e-01, 1.30731763e+03,
       5.92124756e+02, 5.23852944e-01, 1.61044006e+03, 6.21411438e+02,
       5.01129389e-01, 1.10716345e+03, 4.56710144e+02, 4.31101859e-01,
       1.37499500e+03, 4.59586517e+02, 6.56123877e-01, 1.58688257e+03,
       4.56635101e+02, 6.09567404e-01, 6.77419434e+02, 5.27361267e+02,
       2.01350629e-01, 6.89136719e+02, 5.09653046e+02, 6.17621362e-01,
       0., 0., 0., 6.95156921e+02, 4.62599121e+02, 5.26624739e-01,
       1.66931482e+03, 4.33136047e+02, 4.69832689e-01, 1.66346204e+03,
       4.30220978e+02, 4.89790380e-01, 1.60455811e+03, 4.56729553e+02,
       2.60816634e-01, 1.70760132e+03, 5.83236206e+02, 1.61283195e-01,
       1.70759949e+03, 6.00965759e+02, 1.17096715e-01, 1.63401648e+03,
       6.15626648e+02, 2.34198213e-01 ]
