%YAML:1.0
---
pose_0: !!opencv-matrix
   rows: 1
   cols: 25
   dt: "3f"
   data: [ 7.45123962e+02, 3.18385162e+02, 8.24618399e-01,
       8.27527222e+02, 2.44690689e+02, 4.51159835e-01, 8.21690247e+02,
       2.30115250e+02, 3.26883256e-01, 9.12954041e+02, 3.89124756e+02,
       9.19505060e-02, 0., 0., 0., 8.27491943e+02, 2.50670776e+02,
       6.78111792e-01, 9.15811523e+02, 3.94943176e+02, 7.17031896e-01,
       9.80663513e+02, 5.30219543e+02, 8.34620774e-01, 1.12189124e+03,
       2.50658722e+02, 4.57068712e-01, 1.11890613e+03, 2.94883118e+02,
       4.94648188e-01, 1.28375806e+03, 4.33279236e+02, 8.47783148e-01,
       1.48684570e+03, 3.74324249e+02, 4.42449063e-01, 1.12193335e+03,
       2.03575699e+02, 4.01884288e-01, 1.36612585e+03, 2.21269882e+02,
       5.14421403e-01, 1.56637427e+03, 1.21207077e+02, 3.47688258e-01,
       7.36232178e+02, 3.21319641e+02, 2.92836905e-01, 7.36337952e+02,
       3.03610535e+02, 7.48762846e-01, 0., 0., 0., 7.42086853e+02,
       2.62389130e+02, 6.34530246e-01, 1.61640332e+03, 7.69429245e+01,
       2.53081948e-01, 1.61930286e+03, 7.70582428e+01, 2.46100411e-01,
       0., 0., 0., 1.53689563e+03, 4.15512482e+02, 9.35132280e-02, 0.,
       0., 0., 1.51920203e+03, 3.65472809e+02, 2.98871964e-01 ]
