%YAML:1.0
---
pose_0: !!opencv-matrix
   rows: 1
   cols: 25
   dt: "3f"
   data: [ 0., 0., 0., 9.21726624e+02, 4.83155670e+02, 1.97053447e-01,
       9.24683167e+02, 5.15568665e+02, 9.27974358e-02, 0., 0., 0., 0.,
       0., 0., 9.42357361e+02, 4.44936951e+02, 1.80423111e-01,
       9.09987610e+02, 4.09528961e+02, 5.14342904e-01, 7.80412415e+02,
       3.86090729e+02, 6.29933655e-01, 1.15716089e+03, 5.06678406e+02,
       2.81776309e-01, 1.15129272e+03, 5.18486450e+02, 2.18271971e-01,
       1.32791418e+03, 4.83184448e+02, 6.94805801e-01, 1.56045056e+03,
       6.24423523e+02, 5.34909964e-01, 1.16309570e+03, 4.86143768e+02,
       2.23537460e-01, 1.34846960e+03, 4.56560547e+02, 5.40506959e-01,
       1.56629431e+03, 5.09698364e+02, 5.42620182e-01, 0., 0., 0., 0.,
       0., 0., 0., 0., 0., 0., 0., 0., 1.68108704e+03, 5.47957581e+02,
       2.86090076e-01, 1.68110742e+03, 5.39149658e+02, 2.99366504e-01,
       1.58687573e+03, 5.50855652e+02, 2.40988284e-01, 1.63109009e+03,
       6.65586609e+02, 4.57432568e-01, 1.61041028e+03, 6.71606201e+02,
       4.98134255e-01, 1.59573547e+03, 6.21470581e+02, 2.73900539e-01 ]
