%YAML:1.0
---
pose_0: !!opencv-matrix
   rows: 2
   cols: 25
   dt: "3f"
   data: [ 7.45108093e+02, 5.53920776e+02, 6.65029228e-01,
       8.33521545e+02, 4.74387695e+02, 4.58981991e-01, 8.33392700e+02,
       4.62561890e+02, 3.08487773e-01, 1.09839807e+03, 5.42044434e+02,
       9.42880884e-02, 1.16612402e+03, 6.06876465e+02, 1.51135564e-01,
       8.36458374e+02, 4.80329498e+02, 6.00400209e-01, 1.09240906e+03,
       5.36137268e+02, 4.28371787e-01, 1.18067126e+03, 6.18545715e+02,
       4.02682960e-01, 1.15133911e+03, 4.33142761e+02, 2.58955121e-01,
       0., 0., 0., 0., 0., 0., 0., 0., 0., 1.16014685e+03,
       4.27258392e+02, 2.61860460e-01, 1.37502649e+03, 5.50833862e+02,
       7.54920781e-01, 1.65757483e+03, 4.12579468e+02, 3.27289671e-01,
       7.39170776e+02, 5.50957458e+02, 5.72364926e-02, 7.33327637e+02,
       5.36245789e+02, 6.08248711e-01, 0., 0., 0., 7.42130981e+02,
       4.94956238e+02, 5.52640080e-01, 1.72823718e+03, 3.62563446e+02,
       3.70388925e-01, 1.72814441e+03, 3.65398102e+02, 3.41116905e-01,
       1.72228296e+03, 4.03751099e+02, 1.14552572e-01, 0., 0., 0., 0.,
       0., 0., 0., 0., 0., 0., 0., 0., 0., 0., 0., 0., 0., 0., 0., 0.,
       0., 0., 0., 0., 0., 0., 0., 0., 0., 0., 0., 0., 0., 0., 0., 0.,
       1.15425330e+03, 4.18430450e+02, 1.38884112e-01, 1.37787341e+03,
       5.27402771e+02, 3.98782074e-01, 1.58692041e+03, 4.33174988e+02,
       2.71944314e-01, 0., 0., 0., 0., 0., 0., 0., 0., 0., 0., 0., 0.,
       0., 0., 0., 0., 0., 0., 0., 0., 0., 0., 0., 0., 0., 0., 0., 0.,
       0., 0., 0., 0., 0., 0., 0., 0., 0., 0., 0. ]
