%YAML:1.0
---
pose_0: !!opencv-matrix
   rows: 2
   cols: 25
   dt: "3f"
   data: [ 0., 0., 0., 8.48117432e+02, 4.59741699e+02, 3.36163014e-01,
       8.45237976e+02, 4.62580750e+02, 2.18911439e-01, 9.77645752e+02,
       4.09609619e+02, 1.77997500e-01, 1.06009143e+03, 5.24436584e+02,
       1.94022998e-01, 0., 0., 0., 0., 0., 0., 0., 0., 0.,
       1.13655579e+03, 4.12570160e+02, 2.85149217e-01, 1.15423047e+03,
       3.86097107e+02, 2.76075572e-01, 1.33081372e+03, 4.56660645e+02,
       8.38136435e-01, 1.54577185e+03, 3.91928650e+02, 6.96907461e-01,
       1.11597974e+03, 4.47865479e+02, 3.07019353e-01, 1.32790417e+03,
       5.24323608e+02, 7.52355516e-01, 1.58097778e+03, 4.44916443e+02,
       6.25562012e-01, 0., 0., 0., 0., 0., 0., 7.89334961e+02,
       4.53753326e+02, 1.18771367e-01, 0., 0., 0., 1.63691296e+03,
       5.09706451e+02, 2.59151042e-01, 1.63693396e+03, 4.97936981e+02,
       2.25966543e-01, 1.59871301e+03, 4.30237305e+02, 4.37967092e-01,
       1.61054590e+03, 4.06551849e+02, 8.09437931e-02, 0., 0., 0.,
       1.56928589e+03, 3.83134430e+02, 4.66738731e-01, 0., 0., 0., 0.,
       0., 0., 0., 0., 0., 0., 0., 0., 0., 0., 0., 8.39326904e+02,
       4.65506042e+02, 2.57282913e-01, 9.77594971e+02, 4.09707672e+02,
       6.09570742e-01, 1.06586255e+03, 5.27371948e+02, 7.09908605e-01,
       0., 0., 0., 0., 0., 0., 0., 0., 0., 0., 0., 0., 0., 0., 0., 0.,
       0., 0., 0., 0., 0., 0., 0., 0., 7.71612976e+02, 4.59671082e+02,
       6.71849251e-02, 0., 0., 0., 7.68746277e+02, 4.65556915e+02,
       1.47266671e-01, 0., 0., 0., 0., 0., 0., 0., 0., 0., 0., 0., 0.,
       0., 0., 0., 0., 0., 0. ]
