%YAML:1.0
---
pose_0: !!opencv-matrix
   rows: 1
   cols: 25
   dt: "3f"
   data: [ 0., 0., 0., 6.53883728e+02, 5.89129517e+02, 2.18237981e-01,
       7.18715637e+02, 6.45052551e+02, 1.94604293e-01, 6.68594971e+02,
       7.01026978e+02, 4.67933178e-01, 4.65530090e+02, 6.33280090e+02,
       5.30773580e-01, 6.03871704e+02, 5.39124207e+02, 7.96363428e-02,
       6.68657410e+02, 4.00739502e+02, 4.23341304e-01, 4.56586578e+02,
       4.59671387e+02, 6.47634089e-01, 1.00415179e+03, 5.80317444e+02,
       1.86848238e-01, 9.92361023e+02, 6.48055115e+02, 1.51494309e-01,
       1.09242578e+03, 7.18604492e+02, 7.72851408e-02, 0., 0., 0.,
       1.02182098e+03, 5.27330811e+02, 1.38310581e-01, 1.37500146e+03,
       5.30238281e+02, 6.98782206e-02, 1.71642053e+03, 5.36185547e+02,
       2.54457653e-01, 0., 0., 0., 0., 0., 0., 0., 0., 0., 0., 0., 0.,
       1.77526392e+03, 5.03762421e+02, 9.72488672e-02, 1.77229370e+03,
       5.06712280e+02, 1.06504008e-01, 1.73699402e+03, 5.53810730e+02,
       1.84777305e-01, 0., 0., 0., 0., 0., 0., 0., 0., 0. ]
