%YAML:1.0
---
pose_0: !!opencv-matrix
   rows: 1
   cols: 25
   dt: "3f"
   data: [ 4.74360321e+02, 4.77232452e+02, 5.43979049e-01,
       5.77360291e+02, 5.62653992e+02, 2.96715140e-01, 5.24384583e+02,
       6.36201233e+02, 2.36220807e-01, 0., 0., 0., 0., 0., 0.,
       6.21460815e+02, 4.77224792e+02, 4.38281000e-01, 7.42114746e+02,
       4.89062744e+02, 6.60778105e-01, 4.80158661e+02, 6.00989380e+02,
       7.22462416e-01, 1.01887714e+03, 5.50871765e+02, 1.28475994e-01,
       1.03062708e+03, 6.00916382e+02, 1.01370901e-01, 1.37504407e+03,
       6.45034607e+02, 1.47658080e-01, 1.49566919e+03, 6.48005859e+02,
       1.06896453e-01, 1.01297076e+03, 4.74349121e+02, 2.04994455e-01,
       1.13662561e+03, 3.88984192e+02, 1.30639523e-01, 1.40148267e+03,
       2.91833527e+02, 1.93322346e-01, 4.44929352e+02, 4.89088745e+02,
       4.51805502e-01, 4.59569672e+02, 4.56780823e+02, 4.30691957e-01,
       4.62615417e+02, 5.53757446e+02, 2.23979771e-01, 5.03779114e+02,
       4.39139374e+02, 5.31561226e-02, 0., 0., 0., 0., 0., 0., 0., 0.,
       0., 0., 0., 0., 0., 0., 0., 0., 0., 0. ]
