%YAML:1.0
---
pose_0: !!opencv-matrix
   rows: 1
   cols: 25
   dt: "3f"
   data: [ 7.39330444e+02, 4.39096161e+02, 8.50936830e-01,
       8.51060608e+02, 4.36021332e+02, 6.97224677e-01, 8.56946899e+02,
       5.06701080e+02, 7.23594666e-01, 9.74688843e+02, 5.47873535e+02,
       5.22529483e-01, 1.09830396e+03, 5.89147888e+02, 3.41325372e-01,
       8.45245239e+02, 3.65573700e+02, 6.25549614e-01, 9.98333923e+02,
       3.33013611e+02, 7.68830001e-01, 1.11906567e+03, 3.18388947e+02,
       8.62629414e-01, 1.11308276e+03, 4.36206329e+02, 6.03965163e-01,
       1.10131921e+03, 4.86107727e+02, 6.32442534e-01, 1.30146680e+03,
       5.27469910e+02, 8.21078420e-01, 1.58691528e+03, 5.77504333e+02,
       5.66021144e-01, 1.11892383e+03, 3.85993774e+02, 5.77747345e-01,
       1.32782922e+03, 4.09566681e+02, 7.66365051e-01, 1.56922180e+03,
       4.00760925e+02, 5.81391275e-01, 7.27482361e+02, 4.56676514e+02,
       7.95136869e-01, 7.24541321e+02, 4.24356659e+02, 7.69361615e-01,
       7.42260132e+02, 4.68439148e+02, 2.35906094e-01, 7.42326904e+02,
       3.92002625e+02, 6.55554116e-01, 1.62516748e+03, 3.56601135e+02,
       3.14750969e-01, 1.61930383e+03, 3.59561737e+02, 3.74230295e-01,
       1.61345374e+03, 4.18450684e+02, 2.86003560e-01, 1.69584229e+03,
       5.89180420e+02, 3.70787293e-01, 1.68409253e+03, 6.00955444e+02,
       3.81234586e-01, 1.61932458e+03, 5.56862915e+02, 2.53447443e-01 ]
