%YAML:1.0
---
pose_0: !!opencv-matrix
   rows: 1
   cols: 25
   dt: "3f"
   data: [ 7.15761292e+02, 5.27458679e+02, 9.16176319e-01,
       8.39305908e+02, 5.39168640e+02, 6.82332277e-01, 8.39302429e+02,
       6.24536499e+02, 4.88183230e-01, 8.83555176e+02, 6.86270325e+02,
       2.24534675e-01, 9.04106995e+02, 6.98130127e+02, 4.38513845e-01,
       8.54038757e+02, 4.50767090e+02, 6.35215342e-01, 9.95353210e+02,
       4.15563904e+02, 7.09228277e-01, 1.07479065e+03, 4.36134064e+02,
       7.97650158e-01, 1.11887451e+03, 5.68549744e+02, 5.96373677e-01,
       1.11300232e+03, 6.21415344e+02, 5.99872887e-01, 1.32490649e+03,
       6.24458313e+02, 5.48288286e-01, 1.58393774e+03, 6.42106445e+02,
       5.18654287e-01, 1.12194470e+03, 5.09657227e+02, 5.85488498e-01,
       1.32200366e+03, 5.03790436e+02, 6.02673292e-01, 1.51929089e+03,
       5.30293335e+02, 5.09734213e-01, 6.98142395e+02, 5.47961975e+02,
       7.77106345e-01, 7.03938293e+02, 5.09624084e+02, 8.28873515e-01,
       7.18595459e+02, 5.74507813e+02, 6.07130289e-01, 7.30448120e+02,
       4.89064789e+02, 5.18036962e-01, 1.63103748e+03, 5.06658569e+02,
       2.10302934e-01, 1.62807617e+03, 5.03713959e+02, 2.38065317e-01,
       1.54867188e+03, 5.53809326e+02, 2.81747162e-01, 1.66927551e+03,
       6.24416870e+02, 5.25954962e-01, 1.65750708e+03, 6.39221619e+02,
       4.51224059e-01, 1.60456921e+03, 6.39178589e+02, 2.55007356e-01 ]
