%YAML:1.0
---
pose_0: !!opencv-matrix
   rows: 1
   cols: 25
   dt: "3f"
   data: [ 7.68707764e+02, 4.62651245e+02, 8.58199596e-01,
       8.86407837e+02, 4.59768799e+02, 7.95945525e-01, 8.74691284e+02,
       5.39102844e+02, 7.27457166e-01, 9.98146912e+02, 5.98084229e+02,
       8.01181853e-01, 1.11006470e+03, 6.53929993e+02, 7.68300951e-01,
       9.04047119e+02, 3.89013947e+02, 7.13850319e-01, 1.02487231e+03,
       3.62433563e+02, 8.23846936e-01, 1.14547363e+03, 3.09574066e+02,
       7.96689034e-01, 1.13954626e+03, 4.59674286e+02, 6.05287075e-01,
       1.13943982e+03, 5.06745972e+02, 6.38558090e-01, 1.35446106e+03,
       5.42096497e+02, 6.90233231e-01, 1.54572717e+03, 5.62648865e+02,
       6.09033406e-01, 1.13949011e+03, 4.09663055e+02, 6.16035581e-01,
       1.35435583e+03, 4.15449646e+02, 7.29500234e-01, 1.57224622e+03,
       4.30186371e+02, 6.90663040e-01, 7.59894592e+02, 4.80274200e+02,
       8.28896165e-01, 7.59893555e+02, 4.50809814e+02, 8.32105279e-01,
       7.80483276e+02, 4.97857513e+02, 3.00712049e-01, 7.83335693e+02,
       4.15505371e+02, 7.05832541e-01, 1.64283179e+03, 4.30154327e+02,
       2.42978081e-01, 1.63699438e+03, 4.15577423e+02, 3.24078411e-01,
       1.59575208e+03, 4.15499359e+02, 2.88104475e-01, 1.61927869e+03,
       6.00954712e+02, 4.43253011e-01, 1.61638635e+03, 6.00850159e+02,
       4.49400306e-01, 1.58099268e+03, 5.42074097e+02, 4.22707379e-01 ]
