%YAML:1.0
---
pose_0: !!opencv-matrix
   rows: 1
   cols: 25
   dt: "3f"
   data: [ 7.65789673e+02, 4.44957703e+02, 6.17761910e-01,
       8.30456665e+02, 4.86236664e+02, 6.14149630e-01, 8.36370300e+02,
       5.30342346e+02, 7.53332615e-01, 9.65838257e+02, 6.12674805e+02,
       7.40636587e-01, 1.05718311e+03, 5.53850464e+02, 7.58322954e-01,
       8.15752625e+02, 4.39108826e+02, 4.48496163e-01, 8.77635010e+02,
       4.44909790e+02, 1.44109577e-01, 0., 0., 0., 1.16597363e+03,
       5.39164673e+02, 5.64610004e-01, 1.15134460e+03, 5.77459778e+02,
       4.92320269e-01, 1.32500696e+03, 5.50883972e+02, 7.99551129e-01,
       1.60755957e+03, 6.95170288e+02, 5.83513379e-01, 1.16902271e+03,
       5.03764679e+02, 5.35345793e-01, 1.35435083e+03, 4.39009857e+02,
       8.19554508e-01, 1.53982703e+03, 5.53853088e+02, 6.66204751e-01,
       7.51032654e+02, 4.59680115e+02, 5.52852809e-01, 7.59808655e+02,
       4.39006409e+02, 2.75819033e-01, 7.65678284e+02, 5.00825806e+02,
       3.99821639e-01, 0., 0., 0., 1.59288257e+03, 4.86105560e+02,
       4.22364086e-01, 1.58987842e+03, 4.89046387e+02, 4.00253356e-01,
       1.55747705e+03, 5.92099670e+02, 4.52752113e-01, 1.67521423e+03,
       6.27465515e+02, 4.57872540e-01, 1.67227283e+03, 6.45035400e+02,
       3.68015438e-01, 1.63695166e+03, 7.36249268e+02, 4.28295791e-01 ]
