%YAML:1.0
---
pose_0: !!opencv-matrix
   rows: 1
   cols: 25
   dt: "3f"
   data: [ 6.45019653e+02, 5.06860016e+02, 8.45364690e-01,
       7.89318420e+02, 5.03792908e+02, 7.32223809e-01, 7.89426941e+02,
       6.03906555e+02, 6.40590012e-01, 8.65854187e+02, 7.62657776e+02,
       7.91203916e-01, 8.36514160e+02, 6.95084595e+02, 6.73902035e-01,
       7.92271118e+02, 4.00810730e+02, 6.34138227e-01, 9.45285400e+02,
       3.74285889e+02, 7.03280210e-01, 1.02182782e+03, 3.65567596e+02,
       8.77369523e-01, 1.09236084e+03, 5.33311768e+02, 5.03227413e-01,
       1.07773499e+03, 5.92095093e+02, 5.02340257e-01, 1.26612769e+03,
       5.97884521e+02, 2.57972568e-01, 1.51630322e+03, 5.83261719e+02,
       3.39940041e-01, 1.09241699e+03, 4.77228729e+02, 4.73080337e-01,
       1.26323145e+03, 4.80215454e+02, 5.90352893e-01, 1.59572559e+03,
       5.09649231e+02, 2.24345431e-01, 6.30318909e+02, 5.30305603e+02,
       7.95161009e-01, 6.24574890e+02, 4.92056519e+02, 8.05340052e-01,
       6.50938354e+02, 5.50952026e+02, 2.55624652e-01, 6.53947449e+02,
       4.56766235e+02, 5.54868519e-01, 1.71055908e+03, 4.65581207e+02,
       5.86699098e-02, 1.71053699e+03, 4.59757843e+02, 7.06068948e-02,
       1.61635645e+03, 5.06767883e+02, 1.12004876e-01, 0., 0., 0., 0.,
       0., 0., 1.53985950e+03, 5.92090332e+02, 2.05813244e-01 ]
