%YAML:1.0
---
pose_0: !!opencv-matrix
   rows: 1
   cols: 25
   dt: "3f"
   data: [ 7.30395020e+02, 3.89017456e+02, 8.52386892e-01,
       8.51148682e+02, 3.89011536e+02, 7.52498627e-01, 8.60049438e+02,
       4.74360138e+02, 7.08675861e-01, 9.92385681e+02, 5.24354736e+02,
       7.59113252e-01, 1.07777869e+03, 5.97902039e+02, 8.24730575e-01,
       8.42237305e+02, 3.09545715e+02, 6.44184291e-01, 9.80579834e+02,
       2.30056747e+02, 8.23870182e-01, 1.06306079e+03, 3.35956360e+02,
       8.07271242e-01, 1.11598523e+03, 4.21427094e+02, 5.88761628e-01,
       1.11300305e+03, 4.71421967e+02, 5.71910620e-01, 1.32489124e+03,
       5.03731262e+02, 7.42312372e-01, 1.53985095e+03, 5.47942078e+02,
       5.89416325e-01, 1.11901428e+03, 3.65531738e+02, 5.93019187e-01,
       1.35146460e+03, 3.41978149e+02, 5.40632188e-01, 1.56627588e+03,
       2.94836884e+02, 6.23262882e-01, 7.15691528e+02, 4.09578156e+02,
       7.91652322e-01, 7.15769348e+02, 3.71423523e+02, 8.27138364e-01,
       7.36289368e+02, 4.33024811e+02, 3.03991169e-01, 7.39341187e+02,
       3.44904449e+02, 5.09958327e-01, 1.63410876e+03, 2.50692657e+02,
       4.87387598e-01, 1.63109875e+03, 2.50752640e+02, 4.81561363e-01,
       1.60454785e+03, 2.97801819e+02, 2.81191230e-01, 1.61631799e+03,
       5.33245117e+02, 5.25646985e-01, 1.60752881e+03, 5.47970947e+02,
       4.75945950e-01, 1.56626025e+03, 5.47974609e+02, 2.89432645e-01 ]
