%YAML:1.0
---
pose_0: !!opencv-matrix
   rows: 1
   cols: 25
   dt: "3f"
   data: [ 7.01046936e+02, 3.85972656e+02, 8.42080235e-01,
       7.89407227e+02, 4.09477264e+02, 7.83658981e-01, 7.77466797e+02,
       4.77330872e+02, 5.88544607e-01, 9.03976135e+02, 5.92123474e+02,
       7.93278158e-01, 8.18744263e+02, 5.30304565e+02, 8.23310852e-01,
       8.06992737e+02, 3.27201965e+02, 6.92974627e-01, 8.83421814e+02,
       3.47835846e+02, 8.31447005e-01, 7.68735229e+02, 4.41981903e+02,
       6.74548030e-01, 1.09830652e+03, 4.33141998e+02, 4.99171227e-01,
       1.09533167e+03, 4.86103577e+02, 5.28262019e-01, 1.32496912e+03,
       5.03894806e+02, 7.28390336e-01, 1.61929907e+03, 5.33250732e+02,
       6.55184031e-01, 1.10130151e+03, 3.65534576e+02, 4.53501344e-01,
       1.37493750e+03, 3.65409943e+02, 6.95601106e-01, 1.52511060e+03,
       3.18292908e+02, 5.62857866e-01, 6.86305847e+02, 3.97839233e+02,
       8.31248939e-01, 6.95048035e+02, 3.62463959e+02, 8.82507026e-01,
       6.98114319e+02, 4.33036011e+02, 7.39283204e-01, 7.15702881e+02,
       3.41894104e+02, 4.41677988e-01, 1.61638855e+03, 3.06565155e+02,
       3.61225724e-01, 1.61335889e+03, 2.94905853e+02, 3.84838372e-01,
       1.53686060e+03, 2.94776611e+02, 2.51473367e-01, 1.73121094e+03,
       5.24353394e+02, 4.19417679e-01, 1.72522437e+03, 5.33250916e+02,
       3.64550680e-01, 1.63989880e+03, 5.30350830e+02, 3.51297677e-01 ]
