%YAML:1.0
---
pose_0: !!opencv-matrix
   rows: 1
   cols: 25
   dt: "3f"
   data: [ 8.03955566e+02, 3.89017731e+02, 7.26785481e-01,
       9.06969604e+02, 4.30158722e+02, 6.53356791e-01, 9.01170837e+02,
       4.83084534e+02, 7.65971184e-01, 1.01878912e+03, 5.30232849e+02,
       6.56026542e-01, 1.01592462e+03, 4.83169128e+02, 2.68876642e-01,
       9.07022949e+02, 3.77282501e+02, 4.92631227e-01, 9.98273010e+02,
       3.47848785e+02, 6.90876842e-01, 1.01003900e+03, 4.74313782e+02,
       5.52721024e-01, 1.16601587e+03, 3.86111969e+02, 4.87708330e-01,
       1.16607776e+03, 4.36066254e+02, 5.31353772e-01, 1.38673926e+03,
       5.00856842e+02, 7.57193565e-01, 1.51623108e+03, 6.51010742e+02,
       6.20157480e-01, 1.16012671e+03, 3.33046783e+02, 5.00863075e-01,
       1.35137622e+03, 2.50673004e+02, 3.79136682e-01, 1.55747375e+03,
       2.56570862e+02, 3.66828293e-01, 7.86423035e+02, 4.09569153e+02,
       7.10427582e-01, 7.89325928e+02, 3.80161713e+02, 5.63884437e-01,
       8.09950073e+02, 4.39048553e+02, 4.22076613e-01, 8.15840393e+02,
       3.65351105e+02, 8.86101201e-02, 1.63688879e+03, 2.18300919e+02,
       1.18951872e-01, 1.63108472e+03, 2.21252396e+02, 1.32495090e-01,
       1.58100110e+03, 2.56570526e+02, 2.37843305e-01, 1.61047595e+03,
       6.89163696e+02, 5.83731830e-01, 1.58697791e+03, 6.95166626e+02,
       5.49184561e-01, 1.51038269e+03, 6.71631165e+02, 4.18945998e-01 ]
