%YAML:1.0
---
pose_0: !!opencv-matrix
   rows: 1
   cols: 25
   dt: "3f"
   data: [ 0., 0., 0., 8.59950989e+02, 3.59543518e+02, 2.02848911e-01,
       9.04079712e+02, 3.21302277e+02, 8.66343454e-02, 0., 0., 0., 0.,
       0., 0., 8.01057617e+02, 4.03743561e+02, 1.88372806e-01,
       6.98064941e+02, 4.80326660e+02, 2.03903019e-01, 6.24433411e+02,
       5.30234314e+02, 3.24329615e-01, 1.08948840e+03, 4.80178131e+02,
       2.75033146e-01, 1.09830347e+03, 4.44918091e+02, 2.37927839e-01,
       1.16901184e+03, 3.77255737e+02, 2.61829823e-01, 1.38092236e+03,
       2.91911682e+02, 1.37136772e-01, 1.06892200e+03, 5.12645630e+02,
       2.41295636e-01, 1.32488953e+03, 5.97934082e+02, 4.60179031e-01,
       1.49857837e+03, 6.68581726e+02, 3.40987504e-01, 0., 0., 0., 0.,
       0., 0., 0., 0., 0., 0., 0., 0., 1.58684668e+03, 6.45142761e+02,
       9.99888182e-02, 1.59572314e+03, 6.48045593e+02, 7.23270550e-02,
       1.53390613e+03, 6.92186340e+02, 2.51479745e-01, 0., 0., 0., 0.,
       0., 0., 1.49863123e+03, 2.30048355e+02, 1.71265572e-01 ]
