%YAML:1.0
---
pose_0: !!opencv-matrix
   rows: 1
   cols: 25
   dt: "3f"
   data: [ 4.83311951e+02, 5.30400635e+02, 8.16987693e-01,
       6.06827576e+02, 5.33312317e+02, 6.21603727e-01, 6.00925903e+02,
       6.15667480e+02, 5.31980991e-01, 7.68786255e+02, 7.39253113e+02,
       7.68542290e-01, 5.71447815e+02, 6.48038635e+02, 7.67219245e-01,
       6.12717102e+02, 4.56770935e+02, 4.98721480e-01, 8.01041931e+02,
       4.12541199e+02, 7.63665378e-01, 5.89107117e+02, 4.83336548e+02,
       7.17500031e-01, 1.01298291e+03, 5.53838745e+02, 4.34379667e-01,
       1.00118707e+03, 6.21420471e+02, 4.69274938e-01, 1.07183655e+03,
       6.71546021e+02, 7.11500123e-02, 1.70467908e+03, 6.00915771e+02,
       5.70214130e-02, 1.01006110e+03, 4.86136292e+02, 3.90278697e-01,
       1.26608740e+03, 4.59724030e+02, 5.52643500e-02, 1.39854675e+03,
       4.56645752e+02, 5.87460026e-02, 4.59692139e+02, 5.50929504e+02,
       8.62278461e-01, 4.71387329e+02, 5.03891632e+02, 7.83697486e-01,
       4.80148895e+02, 5.77505920e+02, 3.18854630e-01, 5.06851685e+02,
       4.59777130e+02, 5.76991141e-01, 0., 0., 0., 0., 0., 0.,
       1.68990625e+03, 4.53789795e+02, 7.43365437e-02, 0., 0., 0., 0.,
       0., 0., 1.70761035e+03, 6.03928528e+02, 5.78560568e-02 ]
