%YAML:1.0
---
pose_0: !!opencv-matrix
   rows: 1
   cols: 25
   dt: "3f"
   data: [ 7.48033997e+02, 4.86151489e+02, 8.54059160e-01,
       8.77484741e+02, 5.24337952e+02, 7.08369255e-01, 8.77560608e+02,
       5.97989014e+02, 7.12027252e-01, 9.98255676e+02, 6.39210876e+02,
       6.37278378e-01, 1.11901587e+03, 6.44985535e+02, 7.40424097e-01,
       8.65818176e+02, 4.56626923e+02, 6.23016238e-01, 1.02189063e+03,
       4.12607269e+02, 7.68047452e-01, 1.16606091e+03, 3.89090546e+02,
       8.05405080e-01, 1.13072681e+03, 5.30266235e+02, 5.95632315e-01,
       1.11902893e+03, 5.77414551e+02, 6.10882580e-01, 1.32490857e+03,
       5.77425354e+02, 6.95755780e-01, 1.55456226e+03, 5.97955505e+02,
       5.07977128e-01, 1.13943811e+03, 4.80158173e+02, 6.02726340e-01,
       1.35145447e+03, 4.53758545e+02, 5.10801315e-01, 1.60161414e+03,
       4.18397888e+02, 5.65557361e-01, 7.36267151e+02, 5.03839203e+02,
       8.40570807e-01, 7.39346863e+02, 4.74342743e+02, 8.76594305e-01,
       7.48062439e+02, 5.30286743e+02, 6.03891134e-01, 7.65793030e+02,
       4.56610992e+02, 5.37068903e-01, 1.70461401e+03, 3.65540924e+02,
       1.82982519e-01, 1.70465967e+03, 3.68367920e+02, 1.67045683e-01,
       1.61334058e+03, 4.15482025e+02, 2.43982300e-01, 1.62218469e+03,
       5.68494263e+02, 5.37345052e-01, 1.61349780e+03, 5.77352722e+02,
       4.54319388e-01, 1.58693970e+03, 6.18540649e+02, 2.21232489e-01 ]
