%YAML:1.0
---
pose_0: !!opencv-matrix
   rows: 1
   cols: 25
   dt: "3f"
   data: [ 6.92038818e+02, 5.06729370e+02, 8.67664099e-01,
       8.15772034e+02, 4.83158447e+02, 7.86460400e-01, 8.18727661e+02,
       5.59720703e+02, 5.86047292e-01, 9.57154602e+02, 6.24460327e+02,
       7.98050165e-01, 8.09950073e+02, 6.18595703e+02, 8.01425815e-01,
       8.15753235e+02, 3.97878876e+02, 6.29942417e-01, 9.51184937e+02,
       3.18343018e+02, 8.45191658e-01, 1.04544080e+03, 3.42036438e+02,
       8.20524395e-01, 1.09842200e+03, 5.12624939e+02, 5.43248355e-01,
       1.09246741e+03, 5.68582336e+02, 5.90972543e-01, 1.37507190e+03,
       6.39129272e+02, 5.31528056e-01, 1.58698474e+03, 5.50924805e+02,
       4.98586446e-01, 1.11013220e+03, 4.56613708e+02, 5.38702130e-01,
       1.34556885e+03, 5.09679199e+02, 5.42316735e-01, 1.68106628e+03,
       4.77246979e+02, 4.67404008e-01, 6.71584473e+02, 5.24360107e+02,
       8.17882836e-01, 6.74459717e+02, 4.83163116e+02, 8.38509440e-01,
       6.95074280e+02, 5.36151855e+02, 1.94838151e-01, 6.98137451e+02,
       4.47896606e+02, 6.09372735e-01, 1.75176880e+03, 4.33067719e+02,
       1.68523133e-01, 1.74880420e+03, 4.33162506e+02, 1.79020420e-01,
       1.72816602e+03, 5.03805145e+02, 1.56784445e-01, 1.69578174e+03,
       5.56742188e+02, 1.78877592e-01, 1.67810303e+03, 5.71423828e+02,
       1.85012519e-01, 1.60458606e+03, 5.30234558e+02, 3.09368640e-01 ]
