%YAML:1.0
---
pose_0: !!opencv-matrix
   rows: 1
   cols: 25
   dt: "3f"
   data: [ 7.77512817e+02, 3.94957581e+02, 6.84176743e-01,
       8.33386780e+02, 2.97798248e+02, 4.01253313e-01, 8.36459595e+02,
       2.91868103e+02, 2.62609929e-01, 1.03068152e+03, 4.06684418e+02,
       3.81484628e-01, 1.11898792e+03, 4.74317780e+02, 4.95383322e-01,
       8.15806213e+02, 3.03625854e+02, 6.66208148e-01, 8.98244934e+02,
       4.36227478e+02, 7.81960309e-01, 9.48225342e+02, 5.80326599e+02,
       8.27895761e-01, 1.11894922e+03, 3.21342590e+02, 4.42732722e-01,
       1.11887524e+03, 3.74317474e+02, 4.43537712e-01, 1.31611633e+03,
       4.97908264e+02, 5.54941654e-01, 1.51620630e+03, 5.36182678e+02,
       4.96033758e-01, 1.12480127e+03, 2.83032532e+02, 3.69552642e-01,
       1.36324292e+03, 2.44721222e+02, 3.88192356e-01, 1.53979236e+03,
       1.50613373e+02, 3.48014742e-01, 7.65664001e+02, 4.03749786e+02,
       8.20127577e-02, 7.62893005e+02, 3.85975464e+02, 8.02513063e-01,
       0., 0., 0., 7.62817749e+02, 3.38945374e+02, 6.84228003e-01,
       1.58106348e+03, 1.03401672e+02, 1.85603797e-01, 1.58392761e+03,
       1.03500717e+02, 1.63475662e-01, 1.56040833e+03, 1.53560684e+02,
       1.94262967e-01, 1.58102246e+03, 5.74476379e+02, 1.34457663e-01,
       0., 0., 0., 1.55160168e+03, 5.27343994e+02, 3.00195754e-01 ]
