%YAML:1.0
---
pose_0: !!opencv-matrix
   rows: 1
   cols: 25
   dt: "3f"
   data: [ 7.65738708e+02, 5.47967712e+02, 5.10027170e-01,
       8.39387634e+02, 4.77255768e+02, 5.63884854e-01, 8.33472412e+02,
       4.68502045e+02, 3.63940299e-01, 0., 0., 0., 0., 0., 0.,
       8.51039124e+02, 4.83176605e+02, 6.13654971e-01, 9.92332886e+02,
       4.59753143e+02, 8.05233777e-01, 1.11004993e+03, 5.56767334e+02,
       7.08164513e-01, 1.11305896e+03, 4.30220520e+02, 3.06498826e-01,
       1.13067664e+03, 4.06619812e+02, 2.31154069e-01, 1.34260535e+03,
       5.03901154e+02, 3.97275507e-01, 1.59279370e+03, 4.36010406e+02,
       2.83229679e-01, 0., 0., 0., 0., 0., 0., 0., 0., 0.,
       7.53994568e+02, 5.42080566e+02, 7.02180192e-02, 7.56916870e+02,
       5.30304138e+02, 4.94189680e-01, 0., 0., 0., 7.65832397e+02,
       4.89058746e+02, 5.07617295e-01, 0., 0., 0., 0., 0., 0., 0., 0.,
       0., 0., 0., 0., 0., 0., 0., 1.61047583e+03, 3.91926666e+02,
       1.11141250e-01 ]
