%YAML:1.0
---
pose_0: !!opencv-matrix
   rows: 1
   cols: 25
   dt: "3f"
   data: [ 7.48046753e+02, 4.24360291e+02, 7.85833836e-01,
       8.77574646e+02, 4.36063354e+02, 7.69597352e-01, 8.80544922e+02,
       5.12605225e+02, 7.48614311e-01, 9.95335632e+02, 5.83277649e+02,
       8.23845506e-01, 9.77742554e+02, 6.39211060e+02, 8.49392295e-01,
       8.68764465e+02, 3.62453278e+02, 6.41075134e-01, 1.00410242e+03,
       2.94926819e+02, 8.18461299e-01, 1.11594824e+03, 2.50752884e+02,
       8.39114308e-01, 1.13653735e+03, 4.62648560e+02, 5.60060740e-01,
       1.12776038e+03, 5.12679138e+02, 5.53193510e-01, 1.33383289e+03,
       5.45029358e+02, 7.60666847e-01, 1.54577173e+03, 5.77386902e+02,
       6.50333881e-01, 1.13958228e+03, 4.09693329e+02, 5.79701424e-01,
       1.35434937e+03, 3.65362152e+02, 4.86779660e-01, 1.56635095e+03,
       3.09519623e+02, 5.09740114e-01, 7.39221497e+02, 4.39031128e+02,
       8.25460076e-01, 7.39298157e+02, 4.09511169e+02, 8.81906629e-01,
       7.62703918e+02, 4.59771729e+02, 4.87747788e-01, 7.62826538e+02,
       3.83016022e+02, 5.42891920e-01, 1.64574597e+03, 2.65335724e+02,
       3.05098712e-01, 1.63997266e+03, 2.65354248e+02, 3.11720908e-01,
       1.62811389e+03, 3.00757996e+02, 1.58704787e-01, 1.60459277e+03,
       5.56740540e+02, 3.16869795e-01, 1.61046912e+03, 5.89137024e+02,
       3.31950247e-01, 1.57807544e+03, 5.68565186e+02, 3.53206456e-01 ]
