%YAML:1.0
---
pose_0: !!opencv-matrix
   rows: 1
   cols: 25
   dt: "3f"
   data: [ 5.24338257e+02, 4.56738708e+02, 7.82905519e-01,
       6.89239380e+02, 5.27273621e+02, 4.61959034e-01, 6.80379211e+02,
       6.30324402e+02, 2.95349032e-01, 8.12834412e+02, 7.21670532e+02,
       1.50421843e-01, 9.21669495e+02, 7.83367676e+02, 1.12654567e-01,
       7.15634338e+02, 4.12490906e+02, 5.17423570e-01, 8.65862610e+02,
       4.30164032e+02, 2.14489639e-01, 0., 0., 0., 9.89426575e+02,
       5.65626343e+02, 3.01095665e-01, 9.77696472e+02, 6.24536621e+02,
       2.98287153e-01, 1.35439221e+03, 5.77435059e+02, 2.08921015e-01,
       1.71937061e+03, 5.98074402e+02, 3.82454574e-01, 1.00416223e+03,
       4.92046631e+02, 2.54827052e-01, 1.33084106e+03, 3.86112305e+02,
       2.39402145e-01, 1.53099011e+03, 4.09640289e+02, 5.23133799e-02,
       5.06799500e+02, 4.86205078e+02, 6.89409435e-01, 5.06640015e+02,
       4.41954803e+02, 6.38713896e-01, 5.47938049e+02, 5.74387268e+02,
       4.40369546e-01, 5.50802368e+02, 4.12454987e+02, 9.28184092e-02,
       0., 0., 0., 0., 0., 0., 0., 0., 0., 1.84884790e+03,
       5.77390930e+02, 1.42187148e-01, 1.84581860e+03, 5.89147766e+02,
       8.87267664e-02, 0., 0., 0. ]
