%YAML:1.0
---
pose_0: !!opencv-matrix
   rows: 1
   cols: 25
   dt: "3f"
   data: [ 7.77467163e+02, 4.94978394e+02, 7.63884664e-01,
       8.77588989e+02, 4.44919434e+02, 4.92664963e-01, 8.57042542e+02,
       4.71425507e+02, 3.17301989e-01, 1.04531982e+03, 5.06744202e+02,
       1.04561515e-01, 0., 0., 0., 8.95226685e+02, 4.36120361e+02,
       3.85894477e-01, 1.04828723e+03, 4.36209991e+02, 8.25699687e-01,
       1.19250134e+03, 4.89096497e+02, 7.03036666e-01, 1.18362146e+03,
       3.71392822e+02, 3.05011779e-01, 1.18961658e+03, 3.50750244e+02,
       2.17207968e-01, 1.35732703e+03, 5.30298950e+02, 4.14350241e-01,
       1.57512012e+03, 4.06639282e+02, 3.07760537e-01, 1.16899878e+03,
       3.89029999e+02, 3.86809170e-01, 1.36904663e+03, 5.33176697e+02,
       6.36995316e-01, 1.63693359e+03, 4.12581024e+02, 5.11882782e-01,
       7.62645386e+02, 4.97874847e+02, 4.68667030e-01, 7.65628601e+02,
       4.77259338e+02, 7.89003193e-01, 0., 0., 0., 7.86287292e+02,
       4.36181519e+02, 6.03974938e-01, 1.67228931e+03, 4.97885223e+02,
       2.20619410e-01, 1.67819751e+03, 4.83178650e+02, 2.10681319e-01,
       1.66344299e+03, 3.91950073e+02, 2.77015060e-01, 0., 0., 0., 0.,
       0., 0., 1.59284790e+03, 3.65354187e+02, 2.05956981e-01 ]
