%YAML:1.0
---
pose_0: !!opencv-matrix
   rows: 1
   cols: 25
   dt: "3f"
   data: [ 0., 0., 0., 6.92116943e+02, 5.74383545e+02, 2.53376901e-01,
       7.45155273e+02, 6.48014343e+02, 7.97072351e-02, 0., 0., 0., 0.,
       0., 0., 6.42151489e+02, 4.62622589e+02, 3.03295225e-01,
       8.33344849e+02, 3.89019165e+02, 5.32357037e-01, 9.86477112e+02,
       3.33125488e+02, 2.98313558e-01, 1.07179382e+03, 7.15713684e+02,
       3.50501388e-01, 1.04832959e+03, 7.80448975e+02, 3.00090700e-01,
       1.33969421e+03, 8.65781799e+02, 2.04152033e-01, 1.58398901e+03,
       9.24631897e+02, 1.18924886e-01, 1.09243591e+03, 6.42058105e+02,
       2.80310243e-01, 1.37796851e+03, 7.33335083e+02, 4.35349286e-01,
       1.63688208e+03, 7.27493530e+02, 7.56459460e-02, 0., 0., 0., 0.,
       0., 0., 0., 0., 0., 0., 0., 0., 0., 0., 0., 0., 0., 0.,
       1.64575769e+03, 7.39246094e+02, 6.35007694e-02, 1.61342432e+03,
       9.27635986e+02, 9.29459780e-02, 0., 0., 0., 1.60751819e+03,
       9.30558472e+02, 1.09992370e-01 ]
