%YAML:1.0
---
pose_0: !!opencv-matrix
   rows: 1
   cols: 25
   dt: "3f"
   data: [ 7.48103760e+02, 4.36136078e+02, 7.12865174e-01,
       8.21633911e+02, 4.36072388e+02, 4.47773606e-01, 8.09830750e+02,
       4.68433777e+02, 3.73104930e-01, 8.59928589e+02, 4.18413483e+02,
       7.02109933e-02, 8.30495361e+02, 4.09710907e+02, 5.03586642e-02,
       8.21679443e+02, 4.12528717e+02, 3.49078834e-01, 1.03654089e+03,
       3.30125183e+02, 4.80491847e-01, 1.04818835e+03, 2.41888641e+02,
       4.23861533e-01, 1.13368921e+03, 4.65493469e+02, 5.24530470e-01,
       1.12484546e+03, 5.12645508e+02, 5.49816489e-01, 1.33671411e+03,
       5.30449829e+02, 6.79515421e-01, 1.55453979e+03, 5.71404724e+02,
       5.40691853e-01, 1.13951563e+03, 4.09613403e+02, 5.30682147e-01,
       1.33965076e+03, 3.97877502e+02, 5.60842395e-01, 1.54573669e+03,
       3.85931671e+02, 5.80522776e-01, 7.39281006e+02, 4.47863098e+02,
       6.12389803e-01, 7.42228210e+02, 4.27242096e+02, 6.83432698e-01,
       7.42297058e+02, 4.65506561e+02, 2.32312828e-01, 7.59846313e+02,
       4.09558655e+02, 4.51296598e-01, 1.61932495e+03, 3.65398346e+02,
       4.89129663e-01, 1.61342786e+03, 3.59571350e+02, 5.10461152e-01,
       1.57809143e+03, 3.85997681e+02, 2.41095454e-01, 1.63388257e+03,
       5.56752441e+02, 4.86977816e-01, 1.62515576e+03, 5.71431335e+02,
       4.33313847e-01, 1.58686877e+03, 5.62660034e+02, 2.69461393e-01 ]
