%YAML:1.0
---
pose_0: !!opencv-matrix
   rows: 1
   cols: 25
   dt: "3f"
   data: [ 6.92237915e+02, 4.62695435e+02, 8.64236116e-01,
       8.33426514e+02, 4.59781219e+02, 7.79489815e-01, 8.21645386e+02,
       5.50976135e+02, 7.25970745e-01, 9.01058777e+02, 6.42047974e+02,
       7.75538087e-01, 9.33549805e+02, 6.21550171e+02, 7.78969049e-01,
       8.54087341e+02, 3.71362366e+02, 7.00649619e-01, 1.00418164e+03,
       3.65486298e+02, 4.60263073e-01, 9.92340515e+02, 3.53668976e+02,
       4.53964949e-01, 1.11898328e+03, 4.80329987e+02, 5.71266770e-01,
       1.11593054e+03, 5.30184387e+02, 6.10697985e-01, 1.31616028e+03,
       5.53748596e+02, 7.23638117e-01, 1.56042505e+03, 5.62660522e+02,
       4.63242322e-01, 1.12189868e+03, 4.27220825e+02, 4.96758789e-01,
       1.35435828e+03, 4.33169189e+02, 5.43344498e-01, 1.57809143e+03,
       4.59587433e+02, 5.67759573e-01, 6.77484192e+02, 4.83182648e+02,
       7.63788223e-01, 6.80409180e+02, 4.47910522e+02, 7.76040912e-01,
       6.98014221e+02, 5.03767853e+02, 2.78363466e-01, 7.12712463e+02,
       4.12675049e+02, 6.09316170e-01, 1.63997461e+03, 4.21391174e+02,
       3.81838500e-01, 1.63688293e+03, 4.18466736e+02, 4.25249279e-01,
       1.61045190e+03, 4.77311279e+02, 3.07962805e-01, 1.66639148e+03,
       5.42101929e+02, 2.72658378e-01, 1.66044678e+03, 5.56818481e+02,
       2.13543758e-01, 1.60458228e+03, 5.47962463e+02, 2.24728435e-01 ]
