%YAML:1.0
---
pose_0: !!opencv-matrix
   rows: 1
   cols: 25
   dt: "3f"
   data: [ 7.68645752e+02, 5.03694916e+02, 8.36779237e-01,
       8.36348389e+02, 4.62542206e+02, 5.02441347e-01, 8.33468994e+02,
       5.06780212e+02, 3.34408879e-01, 0., 0., 0., 0., 0., 0.,
       8.45173279e+02, 4.09664642e+02, 5.86998999e-01, 9.21750916e+02,
       4.09700653e+02, 5.60867965e-01, 1.07176929e+03, 4.24291443e+02,
       7.46946514e-01, 1.10425378e+03, 5.12588745e+02, 5.11142313e-01,
       1.10717615e+03, 5.53952820e+02, 5.30975044e-01, 1.32200342e+03,
       5.92023254e+02, 7.29254663e-01, 1.55453516e+03, 6.50985046e+02,
       6.54075623e-01, 1.10128528e+03, 4.68445160e+02, 4.66378063e-01,
       1.36619531e+03, 4.36077637e+02, 5.49333036e-01, 1.56634192e+03,
       4.33068390e+02, 4.15010512e-01, 7.59760498e+02, 5.09674805e+02,
       7.62372732e-01, 7.59786743e+02, 4.83187134e+02, 8.08343887e-01,
       7.77482605e+02, 5.15616150e+02, 5.08480519e-02, 7.62673584e+02,
       4.50765442e+02, 6.14630520e-01, 1.63409351e+03, 4.12610260e+02,
       1.34523571e-01, 1.63103992e+03, 4.12594208e+02, 1.62679300e-01,
       1.58692798e+03, 4.15492523e+02, 2.07959160e-01, 1.62516565e+03,
       6.65667480e+02, 4.43244457e-01, 0., 0., 0., 1.57809412e+03,
       6.50974121e+02, 2.96554595e-01 ]
