%YAML:1.0
---
pose_0: !!opencv-matrix
   rows: 1
   cols: 25
   dt: "3f"
   data: [ 7.18619995e+02, 4.95024323e+02, 8.49049687e-01,
       8.12855530e+02, 4.59716522e+02, 5.21560669e-01, 7.98102966e+02,
       4.62559998e+02, 3.22162718e-01, 9.95344482e+02, 5.03864899e+02,
       1.08849742e-01, 9.98266724e+02, 5.65603149e+02, 9.12675634e-02,
       8.33418762e+02, 4.59704895e+02, 6.57764792e-01, 9.74639709e+02,
       5.06630615e+02, 7.47580826e-01, 9.95326172e+02, 6.03846619e+02,
       5.30348301e-01, 1.13071533e+03, 4.30204895e+02, 3.57812941e-01,
       1.11896570e+03, 4.50775299e+02, 2.06387639e-01, 1.33670435e+03,
       4.77320679e+02, 6.71793580e-01, 1.54277954e+03, 4.06588196e+02,
       5.45521498e-01, 1.14245789e+03, 4.09583710e+02, 3.88208628e-01,
       1.34850684e+03, 5.18550110e+02, 6.92211628e-01, 1.62814453e+03,
       4.15560791e+02, 4.75899071e-01, 6.98156921e+02, 4.89153198e+02,
       6.28624678e-01, 7.18533447e+02, 4.74379852e+02, 8.03506255e-01,
       0., 0., 0., 7.42333923e+02, 4.39036987e+02, 6.83221579e-01,
       1.68993262e+03, 3.62529297e+02, 3.96468401e-01, 1.68996118e+03,
       3.65391846e+02, 3.49613100e-01, 1.66342883e+03, 4.44894684e+02,
       1.45379946e-01, 1.68114978e+03, 3.59526123e+02, 1.22094706e-01,
       1.69873730e+03, 3.65461975e+02, 6.00638948e-02, 1.57805298e+03,
       3.68433197e+02, 2.96348244e-01 ]
