%YAML:1.0
---
pose_0: !!opencv-matrix
   rows: 2
   cols: 25
   dt: "3f"
   data: [ 0., 0., 0., 7.92239746e+02, 5.30346436e+02, 4.49612111e-01,
       7.83422363e+02, 5.50974915e+02, 5.99293351e-01, 9.21711853e+02,
       5.03906982e+02, 8.41382444e-01, 8.36280029e+02, 3.91923492e+02,
       7.57311463e-01, 0., 0., 0., 0., 0., 0., 0., 0., 0.,
       1.09248596e+03, 5.59730469e+02, 3.69184256e-01, 1.08652283e+03,
       5.71495728e+02, 2.72845685e-01, 1.36613965e+03, 5.12667908e+02,
       7.29210317e-01, 1.63699597e+03, 7.15765991e+02, 5.92653573e-01,
       1.11300195e+03, 5.45015930e+02, 3.11159909e-01, 1.35730762e+03,
       5.06698120e+02, 1.56820178e-01, 0., 0., 0., 0., 0., 0., 0., 0.,
       0., 7.15784607e+02, 5.09660736e+02, 9.17260647e-02, 0., 0., 0.,
       0., 0., 0., 0., 0., 0., 0., 0., 0., 1.68105579e+03,
       6.89158630e+02, 1.89090535e-01, 1.67517920e+03, 7.12749695e+02,
       2.21496731e-01, 1.65464258e+03, 7.42270142e+02, 4.18681443e-01,
       0., 0., 0., 0., 0., 0., 0., 0., 0., 0., 0., 0., 0., 0., 0.,
       7.62885742e+02, 5.59707947e+02, 3.94981295e-01, 9.62909424e+02,
       4.53783691e+02, 5.96241057e-01, 9.01177124e+02, 4.03740112e+02,
       7.27940679e-01, 0., 0., 0., 0., 0., 0., 0., 0., 0., 0., 0., 0.,
       0., 0., 0., 0., 0., 0., 0., 0., 0., 0., 0., 0., 0., 0., 0., 0.,
       0., 0., 6.89211914e+02, 5.74343628e+02, 2.38460824e-01, 0., 0.,
       0., 0., 0., 0., 0., 0., 0., 0., 0., 0., 0., 0., 0., 0., 0., 0. ]
