%YAML:1.0
---
pose_0: !!opencv-matrix
   rows: 1
   cols: 25
   dt: "3f"
   data: [ 0., 0., 0., 8.42269653e+02, 5.27318481e+02, 3.15473616e-01,
       8.45224182e+02, 5.27357544e+02, 2.85044521e-01, 9.95247681e+02,
       5.50789795e+02, 3.49637628e-01, 1.17484961e+03, 4.86104218e+02,
       2.39094988e-01, 8.36420288e+02, 5.47896545e+02, 3.61933202e-01,
       9.89387146e+02, 5.47844727e+02, 3.34845155e-01, 1.17193298e+03,
       4.86160248e+02, 3.89418751e-01, 1.17484949e+03, 5.80367432e+02,
       1.81863397e-01, 1.18072852e+03, 6.09738525e+02, 1.24929033e-01,
       1.40444629e+03, 4.80224792e+02, 6.11867547e-01, 1.64578357e+03,
       7.15780640e+02, 5.69178104e-01, 1.16895520e+03, 5.36199158e+02,
       1.77647799e-01, 1.39260620e+03, 4.53717987e+02, 5.10812700e-01,
       1.63402490e+03, 6.53919922e+02, 1.01341225e-01, 0., 0., 0., 0.,
       0., 0., 7.89275208e+02, 4.80234406e+02, 1.20319791e-01,
       7.56949280e+02, 5.30276733e+02, 1.11536019e-01, 1.71060852e+03,
       6.42104004e+02, 9.90448222e-02, 1.70466736e+03, 6.39214478e+02,
       8.77720043e-02, 0., 0., 0., 1.70163330e+03, 7.24549561e+02,
       2.72709936e-01, 1.68403088e+03, 7.39286926e+02, 3.19116384e-01,
       1.65462537e+03, 7.39301697e+02, 4.00356948e-01 ]
