%YAML:1.0
---
pose_0: !!opencv-matrix
   rows: 1
   cols: 25
   dt: "3f"
   data: [ 7.15612610e+02, 4.80181152e+02, 7.85401940e-01,
       8.33441833e+02, 4.39007507e+02, 7.21947551e-01, 8.36316956e+02,
       5.30378418e+02, 6.98108017e-01, 9.71780273e+02, 5.74404175e+02,
       3.08113217e-01, 1.06887952e+03, 5.95077881e+02, 1.85881004e-01,
       8.30406067e+02, 3.59608337e+02, 6.70142114e-01, 9.98250549e+02,
       3.38872284e+02, 7.66550303e-01, 1.14539307e+03, 3.12492828e+02,
       8.20951819e-01, 1.11901050e+03, 4.80205597e+02, 5.95478296e-01,
       1.10423047e+03, 5.30175903e+02, 5.93256295e-01, 1.32198584e+03,
       5.80392700e+02, 5.86605251e-01, 1.49267358e+03, 5.89182251e+02,
       6.25965714e-01, 1.13660266e+03, 4.24306335e+02, 5.17892241e-01,
       1.33379504e+03, 4.47827942e+02, 7.33667135e-01, 1.58688452e+03,
       4.56640259e+02, 6.09498024e-01, 6.92142395e+02, 4.83330597e+02,
       5.55426359e-01, 6.92243774e+02, 4.56657379e+02, 7.78509378e-01,
       0., 0., 0., 7.06922913e+02, 4.12523651e+02, 5.87013006e-01,
       1.66059180e+03, 4.27243530e+02, 4.21816707e-01, 1.65750317e+03,
       4.21357666e+02, 4.36297208e-01, 1.60748352e+03, 4.71435516e+02,
       2.47904062e-01, 1.56639282e+03, 5.98021851e+02, 2.75846779e-01,
       1.55448486e+03, 6.06841125e+02, 2.24970326e-01, 1.51631616e+03,
       5.74450195e+02, 4.11144674e-01 ]
