%YAML:1.0
---
pose_0: !!opencv-matrix
   rows: 1
   cols: 25
   dt: "3f"
   data: [ 7.15571472e+02, 5.09734467e+02, 8.92635286e-01,
       8.39294495e+02, 5.09667908e+02, 6.30887568e-01, 8.45227051e+02,
       5.77326843e+02, 4.86559749e-01, 9.92396240e+02, 6.21508850e+02,
       1.92613751e-01, 1.11009363e+03, 6.71473267e+02, 2.35460907e-01,
       8.39408813e+02, 4.50798676e+02, 5.43833971e-01, 1.00708356e+03,
       3.92045959e+02, 7.52827346e-01, 1.14542126e+03, 3.62399414e+02,
       8.74504805e-01, 1.10421484e+03, 5.42049011e+02, 5.12156129e-01,
       1.09535449e+03, 5.94980286e+02, 5.37621260e-01, 1.23369849e+03,
       6.18595825e+02, 2.37671226e-01, 1.28667883e+03, 5.59756042e+02,
       9.92295668e-02, 1.11594653e+03, 4.86173767e+02, 5.24682820e-01,
       1.26015576e+03, 5.56738159e+02, 5.89634120e-01, 1.49273962e+03,
       5.12596191e+02, 2.61781156e-01, 6.95208069e+02, 5.27257568e+02,
       8.46164227e-01, 7.03984436e+02, 4.91978180e+02, 8.23183775e-01,
       7.15633362e+02, 5.47879761e+02, 3.09642702e-01, 7.33315186e+02,
       4.68472412e+02, 6.17681205e-01, 0., 0., 0., 0., 0., 0., 0., 0.,
       0., 0., 0., 0., 0., 0., 0., 0., 0., 0. ]
