%YAML:1.0
---
pose_0: !!opencv-matrix
   rows: 1
   cols: 25
   dt: "3f"
   data: [ 7.45094849e+02, 4.92066254e+02, 7.98177063e-01,
       8.54040039e+02, 5.00854370e+02, 7.10770011e-01, 8.56896240e+02,
       5.65604370e+02, 6.39838994e-01, 9.98238159e+02, 6.00875610e+02,
       7.70976663e-01, 1.11905420e+03, 6.53945190e+02, 7.81799793e-01,
       8.51043457e+02, 4.33158478e+02, 6.30467474e-01, 1.00125110e+03,
       3.88930023e+02, 8.30141902e-01, 1.14247656e+03, 3.62515961e+02,
       8.86868119e-01, 1.12186267e+03, 5.03784637e+02, 6.07918739e-01,
       1.11896509e+03, 5.50941040e+02, 6.27619028e-01, 1.33381653e+03,
       6.21643311e+02, 7.50626326e-01, 1.54276025e+03, 6.68609863e+02,
       6.36187196e-01, 1.12193689e+03, 4.53727631e+02, 5.48439741e-01,
       1.33090723e+03, 4.59516357e+02, 7.37731874e-01, 1.57218591e+03,
       4.68456390e+02, 6.67950928e-01, 7.33352905e+02, 5.06811035e+02,
       8.36478651e-01, 7.33392578e+02, 4.77268158e+02, 8.00996006e-01,
       7.45184937e+02, 5.30330933e+02, 4.29513544e-01, 7.54016968e+02,
       4.50745270e+02, 5.87424576e-01, 1.64288135e+03, 4.56648743e+02,
       3.81751001e-01, 1.63701721e+03, 4.50774536e+02, 4.15777832e-01,
       1.59870422e+03, 4.77293091e+02, 3.57429534e-01, 1.61928540e+03,
       6.56839417e+02, 4.97968286e-01, 1.61043054e+03, 6.71520325e+02,
       4.55401123e-01, 1.56341895e+03, 6.71631531e+02, 2.85294652e-01 ]
