%YAML:1.0
---
pose_0: !!opencv-matrix
   rows: 1
   cols: 25
   dt: "3f"
   data: [ 0., 0., 0., 7.65786255e+02, 5.59693298e+02, 8.94749239e-02,
       0., 0., 0., 0., 0., 0., 0., 0., 0., 7.62805725e+02,
       5.62671387e+02, 6.04286715e-02, 0., 0., 0., 0., 0., 0.,
       1.02473767e+03, 5.50883850e+02, 2.02602237e-01, 1.02771204e+03,
       6.21517273e+02, 2.24965125e-01, 1.34851819e+03, 6.18578308e+02,
       1.49408102e-01, 1.70459644e+03, 6.01018921e+02, 3.14580560e-01,
       1.02478589e+03, 4.86137939e+02, 2.30754197e-01, 1.34850903e+03,
       4.83114807e+02, 4.23723161e-01, 1.71642676e+03, 4.89037262e+02,
       2.92034835e-01, 0., 0., 0., 0., 0., 0., 0., 0., 0., 0., 0., 0.,
       1.81646863e+03, 4.44935120e+02, 6.61712587e-02, 0., 0., 0.,
       1.72526331e+03, 5.03795776e+02, 1.46275997e-01, 1.82829175e+03,
       5.77396423e+02, 1.93024114e-01, 1.82230835e+03, 5.92079041e+02,
       1.53216198e-01, 1.71351782e+03, 5.95028625e+02, 1.57056034e-01 ]
