%YAML:1.0
---
pose_0: !!opencv-matrix
   rows: 1
   cols: 25
   dt: "3f"
   data: [ 7.83326843e+02, 3.18415344e+02, 7.57993281e-01,
       8.95262451e+02, 3.21292206e+02, 5.65764844e-01, 8.80604004e+02,
       3.86027100e+02, 6.49702907e-01, 7.80503296e+02, 5.03666443e+02,
       7.26205766e-01, 6.74505981e+02, 6.06793884e+02, 7.41182923e-01,
       9.04059692e+02, 2.65350403e+02, 3.65520656e-01, 1.06890295e+03,
       1.94711502e+02, 2.14582056e-01, 1.19257629e+03, 1.71127411e+02,
       2.32961252e-01, 1.15130750e+03, 3.18410187e+02, 5.46363473e-01,
       1.14549231e+03, 3.65495331e+02, 5.43518841e-01, 1.33088135e+03,
       4.56645905e+02, 5.95586598e-01, 1.51040149e+03, 5.92053589e+02,
       4.81664360e-01, 1.15128345e+03, 2.68319824e+02, 5.03771603e-01,
       1.23962805e+03, 2.18234253e+02, 1.96580261e-01, 1.40155359e+03,
       1.74126297e+02, 4.23390329e-01, 7.65683655e+02, 3.33043671e+02,
       7.24120736e-01, 7.65807495e+02, 2.97814056e+02, 6.87961936e-01,
       7.83357605e+02, 3.47849518e+02, 2.86880225e-01, 7.92317322e+02,
       2.74291626e+02, 4.33710337e-01, 1.52216211e+03, 1.56461746e+02,
       1.23827778e-01, 1.51924829e+03, 1.47671310e+02, 1.22521609e-01,
       1.42210730e+03, 1.53585892e+02, 1.67205721e-01, 1.54278870e+03,
       5.77367737e+02, 8.35866481e-02, 0., 0., 0., 1.54273035e+03,
       6.06828918e+02, 2.82996207e-01 ]
