%YAML:1.0
---
pose_0: !!opencv-matrix
   rows: 1
   cols: 25
   dt: "3f"
   data: [ 9.89441711e+02, 3.88968231e+02, 2.02454895e-01,
       9.27633301e+02, 5.06785065e+02, 4.09906149e-01, 8.80523987e+02,
       5.56742859e+02, 3.07946801e-01, 6.51005371e+02, 5.27301331e+02,
       3.27086747e-01, 7.09818787e+02, 4.83146057e+02, 6.87832236e-02,
       9.92334167e+02, 4.68451294e+02, 2.31113940e-01, 0., 0., 0., 0.,
       0., 0., 1.14249829e+03, 5.56811707e+02, 2.36136764e-01,
       1.11895789e+03, 5.80294800e+02, 1.61884323e-01, 1.37507690e+03,
       5.09650940e+02, 7.57434309e-01, 1.65456177e+03, 7.27493286e+02,
       4.13958490e-01, 1.16015039e+03, 5.42035461e+02, 2.11259410e-01,
       1.37496643e+03, 4.97915833e+02, 1.58637285e-01, 1.64579370e+03,
       7.18734985e+02, 1.53812245e-01, 9.74729797e+02, 3.85926697e+02,
       2.25656867e-01, 0., 0., 0., 9.71722290e+02, 4.12549286e+02,
       1.75463244e-01, 0., 0., 0., 0., 0., 0., 0., 0., 0.,
       1.66641931e+03, 7.59904602e+02, 1.35683328e-01, 1.69290125e+03,
       6.92169617e+02, 1.98893905e-01, 1.68412659e+03, 7.12744690e+02,
       2.05231249e-01, 1.66640552e+03, 7.53987732e+02, 3.06024134e-01 ]
