%YAML:1.0
---
pose_0: !!opencv-matrix
   rows: 1
   cols: 25
   dt: "3f"
   data: [ 7.18649414e+02, 4.83125183e+02, 9.21881080e-01,
       8.30537292e+02, 4.36039032e+02, 5.90013862e-01, 8.01076782e+02,
       4.62577606e+02, 3.80349964e-01, 8.62854614e+02, 5.36138306e+02,
       5.59294447e-02, 8.18744995e+02, 5.50783386e+02, 1.25635326e-01,
       8.56892761e+02, 4.12480896e+02, 6.83962941e-01, 9.48131592e+02,
       5.30155457e+02, 8.57114971e-01, 8.09788330e+02, 5.42005005e+02,
       7.64135063e-01, 1.09538416e+03, 4.47892029e+02, 3.05154443e-01,
       1.06890771e+03, 4.74372437e+02, 1.68547064e-01, 1.23365247e+03,
       4.33226227e+02, 8.55000764e-02, 0., 0., 0., 1.11597449e+03,
       4.33140991e+02, 3.00240695e-01, 1.34257349e+03, 4.83195618e+02,
       5.96794665e-01, 1.61046509e+03, 4.12599213e+02, 4.64674830e-01,
       7.06911682e+02, 4.86077972e+02, 4.83858585e-01, 7.12705200e+02,
       4.59721222e+02, 8.34440887e-01, 0., 0., 0., 7.36234741e+02,
       4.15516693e+02, 6.01008296e-01, 1.68116455e+03, 3.59605774e+02,
       2.58403867e-01, 1.68696851e+03, 3.62456207e+02, 2.22052395e-01,
       1.63701038e+03, 4.24301056e+02, 1.92482620e-01, 0., 0., 0., 0.,
       0., 0., 0., 0., 0. ]
