%YAML:1.0
---
pose_0: !!opencv-matrix
   rows: 2
   cols: 25
   dt: "3f"
   data: [ 7.71630249e+02, 4.89081970e+02, 7.52562642e-01,
       8.59990295e+02, 4.47889954e+02, 6.38001323e-01, 8.48121399e+02,
       4.83188751e+02, 5.85057855e-01, 9.62944763e+02, 4.97867981e+02,
       2.82261252e-01, 1.08657239e+03, 5.18477356e+02, 1.53917342e-01,
       8.83417236e+02, 4.12503113e+02, 6.54012084e-01, 1.01586761e+03,
       4.36141052e+02, 6.77610159e-01, 1.14241919e+03, 5.06753510e+02,
       5.92596769e-01, 1.06303577e+03, 4.12508942e+02, 1.77523658e-01,
       1.02774561e+03, 4.59664246e+02, 1.19428597e-01, 1.16313953e+03,
       5.45029541e+02, 9.90361422e-02, 1.17778052e+03, 5.30274658e+02,
       2.39807740e-01, 1.11305103e+03, 3.68447815e+02, 2.58109182e-01,
       1.35736121e+03, 5.09725464e+02, 6.64721191e-01, 1.63995215e+03,
       4.06693939e+02, 5.00694096e-01, 7.62688049e+02, 4.92018707e+02,
       5.81602097e-01, 7.65712158e+02, 4.71440216e+02, 7.48599052e-01,
       0., 0., 0., 7.89257141e+02, 4.33076385e+02, 6.38788819e-01,
       1.69877612e+03, 3.56627014e+02, 3.58177036e-01, 1.69576343e+03,
       3.59492859e+02, 3.54224384e-01, 1.67812317e+03, 3.94923248e+02,
       1.88832447e-01, 1.18961426e+03, 5.80314819e+02, 3.96012336e-01,
       1.16896863e+03, 5.77486755e+02, 3.89022201e-01, 1.19843384e+03,
       5.24419312e+02, 2.31886104e-01, 0., 0., 0., 0., 0., 0., 0., 0.,
       0., 0., 0., 0., 0., 0., 0., 0., 0., 0., 0., 0., 0., 0., 0., 0.,
       1.16897510e+03, 3.62487518e+02, 2.13447496e-01, 1.19248840e+03,
       3.41931488e+02, 1.74555421e-01, 1.36914075e+03, 5.00799713e+02,
       2.85227865e-01, 1.59276758e+03, 4.06601288e+02, 2.09144562e-01,
       0., 0., 0., 0., 0., 0., 0., 0., 0., 0., 0., 0., 0., 0., 0., 0.,
       0., 0., 0., 0., 0., 0., 0., 0., 0., 0., 0., 0., 0., 0., 0., 0.,
       0., 0., 0., 0., 0., 0., 0. ]
