%YAML:1.0
---
pose_0: !!opencv-matrix
   rows: 1
   cols: 25
   dt: "3f"
   data: [ 0., 0., 0., 7.68714661e+02, 4.86150696e+02, 8.17938074e-02,
       0., 0., 0., 0., 0., 0., 0., 0., 0., 0., 0., 0., 0., 0., 0., 0.,
       0., 0., 1.13661023e+03, 5.06748871e+02, 3.74868125e-01,
       1.12776440e+03, 5.27381104e+02, 3.17007273e-01, 1.35736646e+03,
       4.35996735e+02, 7.39725292e-01, 1.57218286e+03, 6.21601868e+02,
       5.25831580e-01, 1.14249512e+03, 4.83246033e+02, 3.12575847e-01,
       1.36909399e+03, 4.21416138e+02, 3.49130660e-01, 1.54868176e+03,
       5.03712433e+02, 2.84716547e-01, 0., 0., 0., 0., 0., 0., 0., 0.,
       0., 0., 0., 0., 1.68116968e+03, 5.30266846e+02, 1.06896602e-01,
       1.68108093e+03, 5.27352905e+02, 1.11770734e-01, 1.56632092e+03,
       5.27346985e+02, 1.90391079e-01, 1.62225476e+03, 6.68558594e+02,
       4.58207041e-01, 1.60458374e+03, 6.71614197e+02, 4.87797648e-01,
       1.59283801e+03, 6.27382080e+02, 3.12548518e-01 ]
