%YAML:1.0
---
pose_0: !!opencv-matrix
   rows: 1
   cols: 25
   dt: "3f"
   data: [ 0., 0., 0., 9.92352722e+02, 4.59662018e+02, 1.75676525e-01,
       9.51173828e+02, 5.03873627e+02, 2.41074756e-01, 8.57063599e+02,
       5.03658173e+02, 5.17015457e-01, 9.80613159e+02, 4.56555969e+02,
       1.16805911e-01, 1.03060254e+03, 4.06655640e+02, 8.32760707e-02,
       0., 0., 0., 0., 0., 0., 1.16605225e+03, 4.94934387e+02,
       5.23204386e-01, 1.16310217e+03, 5.36182129e+02, 4.75247413e-01,
       1.39264990e+03, 4.41967438e+02, 7.81653285e-01, 1.58988000e+03,
       6.39180054e+02, 5.83137870e-01, 1.16898730e+03, 4.50771942e+02,
       4.76722538e-01, 1.37200354e+03, 3.74295868e+02, 6.72753096e-01,
       1.56635742e+03, 5.09693298e+02, 4.25037235e-01, 0., 0., 0., 0.,
       0., 0., 0., 0., 0., 0., 0., 0., 1.69286670e+03, 5.27396362e+02,
       4.10307407e-01, 1.69283997e+03, 5.27328979e+02, 3.63771796e-01,
       1.58397180e+03, 5.33195984e+02, 1.65818155e-01, 1.63702368e+03,
       6.68586060e+02, 4.49396610e-01, 1.61930432e+03, 6.74518860e+02,
       4.97454911e-01, 1.60749292e+03, 6.56820740e+02, 3.62825811e-01 ]
