%YAML:1.0
---
pose_0: !!opencv-matrix
   rows: 1
   cols: 25
   dt: "3f"
   data: [ 7.30400085e+02, 5.30325989e+02, 8.59578073e-01,
       8.33367371e+02, 5.30406616e+02, 6.52942061e-01, 8.15798889e+02,
       5.83246155e+02, 4.91634369e-01, 0., 0., 0., 0., 0., 0.,
       8.36486511e+02, 4.77326965e+02, 6.07103229e-01, 9.71798279e+02,
       4.59574341e+02, 8.13814878e-01, 1.10716431e+03, 4.36151764e+02,
       7.93771088e-01, 1.09534595e+03, 5.77317139e+02, 5.82479477e-01,
       1.08948926e+03, 6.24530029e+02, 5.33581257e-01, 1.31903320e+03,
       6.42169861e+02, 7.01064706e-01, 1.55163464e+03, 6.68688293e+02,
       6.18464470e-01, 1.09834253e+03, 5.27283081e+02, 5.41577220e-01,
       1.32782996e+03, 5.06693848e+02, 7.13039160e-01, 1.53393494e+03,
       4.41969238e+02, 5.49230456e-01, 7.15742126e+02, 5.50748718e+02,
       8.21226299e-01, 7.18678528e+02, 5.18472839e+02, 8.23455215e-01,
       7.33342468e+02, 5.74356079e+02, 4.53574449e-01, 7.42215454e+02,
       4.92042084e+02, 6.36685729e-01, 1.63404810e+03, 4.33160950e+02,
       4.48999137e-01, 1.63396069e+03, 4.30181885e+02, 4.33889210e-01,
       1.54864001e+03, 4.30176788e+02, 2.00233132e-01, 1.63108447e+03,
       6.50976807e+02, 5.48052788e-01, 1.61933740e+03, 6.68545288e+02,
       4.56016570e-01, 1.57222632e+03, 6.74476013e+02, 2.43273884e-01 ]
