%YAML:1.0
---
pose_0: !!opencv-matrix
   rows: 1
   cols: 25
   dt: "3f"
   data: [ 7.77552673e+02, 4.59653046e+02, 6.21273756e-01,
       8.59833496e+02, 4.56815857e+02, 8.32016587e-01, 8.56888367e+02,
       5.03762726e+02, 7.74903238e-01, 8.80536743e+02, 5.71443481e+02,
       8.26843202e-01, 7.56876282e+02, 5.30308655e+02, 8.49035501e-01,
       8.59885925e+02, 4.12482269e+02, 6.59393549e-01, 8.68710938e+02,
       3.74291809e+02, 7.57812619e-01, 7.51072327e+02, 4.33140289e+02,
       6.88468695e-01, 1.10133118e+03, 4.59675995e+02, 5.98146439e-01,
       1.10129517e+03, 5.06683655e+02, 6.08351231e-01, 1.30734241e+03,
       5.00836914e+02, 7.36663818e-01, 1.53980774e+03, 5.09748505e+02,
       5.80584228e-01, 1.10717859e+03, 4.09721191e+02, 6.05175138e-01,
       1.32793481e+03, 4.09627441e+02, 5.24824858e-01, 1.54863037e+03,
       4.18454163e+02, 5.45223892e-01, 7.65783020e+02, 4.68439758e+02,
       6.23922288e-01, 7.68694336e+02, 4.47916504e+02, 4.52094108e-01,
       7.83382874e+02, 4.83272552e+02, 3.07299465e-01, 7.89265625e+02,
       4.33129089e+02, 9.67704430e-02, 1.61633057e+03, 3.89119171e+02,
       5.39622307e-01, 1.61054736e+03, 3.89009033e+02, 5.92578471e-01,
       1.56338599e+03, 4.36194092e+02, 3.77433479e-01, 1.61932935e+03,
       4.97913696e+02, 4.94607449e-01, 1.61048413e+03, 5.09654175e+02,
       4.41274673e-01, 1.56338684e+03, 5.15575378e+02, 2.31982335e-01 ]
