%YAML:1.0
---
pose_0: !!opencv-matrix
   rows: 1
   cols: 25
   dt: "3f"
   data: [ 5.24434814e+02, 5.53725220e+02, 6.54211521e-01,
       6.47973999e+02, 5.53788147e+02, 4.04695451e-01, 6.65702881e+02,
       6.09765137e+02, 2.74578899e-01, 6.98022217e+02, 7.18579529e+02,
       6.15739167e-01, 4.80298187e+02, 6.50997009e+02, 7.94147789e-01,
       6.30368347e+02, 5.00829407e+02, 3.08897346e-01, 6.95037537e+02,
       4.09583221e+02, 4.95374024e-01, 4.83226715e+02, 4.65569580e+02,
       6.03552818e-01, 1.04532043e+03, 5.89137939e+02, 3.18514794e-01,
       1.03358972e+03, 6.62722046e+02, 3.18681031e-01, 1.33082983e+03,
       6.71560730e+02, 1.58088446e-01, 1.70467078e+03, 6.51016418e+02,
       1.11158840e-01, 1.05418433e+03, 5.15554626e+02, 3.21419716e-01,
       1.34264111e+03, 5.33218811e+02, 4.54465151e-01, 1.70463757e+03,
       5.39146484e+02, 2.57155240e-01, 5.03866211e+02, 5.74487427e+02,
       5.50425410e-01, 5.03872986e+02, 5.30292175e+02, 5.55082500e-01,
       5.24401306e+02, 5.98067139e+02, 1.97303712e-01, 5.42036072e+02,
       5.03768433e+02, 2.77070731e-01, 1.84001868e+03, 5.50893066e+02,
       1.06844209e-01, 0., 0., 0., 1.70459875e+03, 5.50933533e+02,
       1.31791726e-01, 0., 0., 0., 0., 0., 0., 1.70465051e+03,
       6.50973145e+02, 8.90490413e-02 ]
