%YAML:1.0
---
pose_0: !!opencv-matrix
   rows: 1
   cols: 25
   dt: "3f"
   data: [ 7.42203552e+02, 3.86069946e+02, 6.01813972e-01,
       8.09940491e+02, 3.44882568e+02, 3.17034155e-01, 8.09925110e+02,
       3.97820099e+02, 1.95831776e-01, 0., 0., 0., 0., 0., 0.,
       8.27539368e+02, 2.94849701e+02, 4.75276768e-01, 9.51071594e+02,
       3.12392853e+02, 6.58778071e-01, 9.24728210e+02, 4.44963226e+02,
       7.13152766e-01, 1.14544775e+03, 3.86029846e+02, 3.26500505e-01,
       1.14839453e+03, 4.36183228e+02, 3.31347018e-01, 1.32789697e+03,
       5.27231384e+02, 8.15150678e-01, 1.55450378e+03, 5.71434143e+02,
       6.24188662e-01, 1.14834814e+03, 3.24231567e+02, 2.95275420e-01,
       1.36911108e+03, 2.71334137e+02, 3.75476211e-01, 1.54276465e+03,
       1.59418076e+02, 3.14562827e-01, 7.30405396e+02, 4.00737518e+02,
       5.38830936e-01, 7.21575928e+02, 3.65529266e+02, 5.59206188e-01,
       0., 0., 0., 7.36298645e+02, 3.36079346e+02, 4.72194791e-01,
       1.61042639e+03, 1.35864029e+02, 1.43707544e-01, 1.60166040e+03,
       1.35866379e+02, 1.49956137e-01, 1.55157666e+03, 1.50555893e+02,
       1.90450266e-01, 1.61038745e+03, 6.47997681e+02, 4.84048963e-01,
       1.61046338e+03, 6.45046387e+02, 4.30191278e-01, 1.58692798e+03,
       5.50971436e+02, 5.19943357e-01 ]
