%YAML:1.0
---
pose_0: !!opencv-matrix
   rows: 1
   cols: 25
   dt: "3f"
   data: [ 7.39327576e+02, 3.74293243e+02, 7.74357796e-01,
       8.42249634e+02, 3.77268158e+02, 4.68924463e-01, 8.15815552e+02,
       4.24341949e+02, 4.13665593e-01, 9.30545898e+02, 4.59602112e+02,
       1.19768612e-01, 1.00117468e+03, 4.89045593e+02, 3.04911733e-01,
       8.57008728e+02, 3.38928955e+02, 3.16901535e-01, 9.24684021e+02,
       3.00782349e+02, 9.90016535e-02, 0., 0., 0., 1.13951624e+03,
       3.97864319e+02, 5.06146908e-01, 1.13073804e+03, 4.50753448e+02,
       4.83923823e-01, 1.34843018e+03, 4.62589325e+02, 6.13923132e-01,
       1.54568604e+03, 4.77299561e+02, 6.02566123e-01, 1.14250977e+03,
       3.41882263e+02, 4.92551386e-01, 1.35436060e+03, 3.41832397e+02,
       7.70426869e-01, 1.56929163e+03, 3.03675201e+02, 5.94857812e-01,
       7.21640076e+02, 3.86183167e+02, 6.85104847e-01, 7.36206360e+02,
       3.59588684e+02, 7.34598994e-01, 7.39235779e+02, 4.12444794e+02,
       2.68989027e-01, 7.65663452e+02, 3.38946564e+02, 4.48961645e-01,
       1.63994836e+03, 2.68240570e+02, 4.46561992e-01, 1.63404980e+03,
       2.65407593e+02, 4.73554134e-01, 1.60457068e+03, 3.00741638e+02,
       2.59164661e-01, 1.61048792e+03, 4.80235077e+02, 3.35344136e-01,
       1.60454529e+03, 4.91997986e+02, 3.09038490e-01, 1.57805176e+03,
       4.62633423e+02, 3.70344847e-01 ]
