%YAML:1.0
---
pose_0: !!opencv-matrix
   rows: 1
   cols: 25
   dt: "3f"
   data: [ 7.71633057e+02, 5.06646393e+02, 5.93309343e-01,
       8.27527527e+02, 4.33090515e+02, 5.45007646e-01, 8.15760315e+02,
       4.39089172e+02, 3.02345574e-01, 0., 0., 0., 0., 0., 0.,
       8.24618225e+02, 4.18466736e+02, 6.63537800e-01, 9.51139954e+02,
       4.06585266e+02, 7.89195955e-01, 1.09249707e+03, 4.53710541e+02,
       7.79668391e-01, 1.06887915e+03, 4.50839050e+02, 3.04194033e-01,
       1.06891943e+03, 4.83198517e+02, 2.09859356e-01, 1.32202771e+03,
       4.56754791e+02, 2.36248165e-01, 1.47511145e+03, 4.12625824e+02,
       2.38349378e-01, 1.05122437e+03, 3.94878265e+02, 2.56594241e-01,
       1.33675098e+03, 4.56590729e+02, 3.66505921e-01, 1.49859814e+03,
       4.12517792e+02, 2.77446240e-01, 7.62685974e+02, 5.03720123e+02,
       5.53736165e-02, 7.62784668e+02, 4.97883118e+02, 5.54474831e-01,
       0., 0., 0., 7.56950562e+02, 4.53731689e+02, 6.00551188e-01,
       1.62516321e+03, 3.77271149e+02, 8.96734893e-02, 1.62809387e+03,
       3.83088013e+02, 9.40146670e-02, 1.56927222e+03, 4.12537384e+02,
       1.95126906e-01, 0., 0., 0., 0., 0., 0., 1.48976526e+03,
       3.91967865e+02, 9.83296111e-02 ]
