%YAML:1.0
---
pose_0: !!opencv-matrix
   rows: 1
   cols: 25
   dt: "3f"
   data: [ 7.65824341e+02, 3.38913239e+02, 8.62514257e-01,
       8.56966858e+02, 3.62409058e+02, 7.43706167e-01, 8.39371948e+02,
       4.24279846e+02, 6.00989461e-01, 7.95161438e+02, 4.59640991e+02,
       4.58827585e-01, 7.30387512e+02, 4.83233032e+02, 5.83852649e-01,
       8.71649963e+02, 2.88855255e+02, 6.53612256e-01, 8.95277649e+02,
       1.74175125e+02, 6.09475672e-01, 9.01121216e+02, 6.34823942e+00,
       3.93446803e-01, 1.13071826e+03, 3.47848877e+02, 5.14889300e-01,
       1.12779675e+03, 3.97853943e+02, 5.38866043e-01, 1.35135034e+03,
       4.24330383e+02, 6.41433597e-01, 1.54864221e+03, 4.56580627e+02,
       6.48809791e-01, 1.12779089e+03, 2.94837158e+02, 5.45380414e-01,
       1.33678625e+03, 2.94960388e+02, 6.44728005e-01, 1.56628088e+03,
       2.91986145e+02, 5.88410974e-01, 7.53934082e+02, 3.50802917e+02,
       7.38486230e-01, 7.59819336e+02, 3.18380402e+02, 7.55745947e-01,
       7.65659912e+02, 3.86040741e+02, 5.86172223e-01, 7.83439026e+02,
       3.06587708e+02, 1.27891392e-01, 1.64282056e+03, 2.71316742e+02,
       3.38729143e-01, 1.63690063e+03, 2.68332611e+02, 4.03547138e-01,
       1.61042590e+03, 2.97726929e+02, 2.43865624e-01, 1.61035291e+03,
       4.53693451e+02, 4.71506238e-01, 1.60157385e+03, 4.62557617e+02,
       4.56122488e-01, 1.57516492e+03, 4.42036499e+02, 3.46891731e-01 ]
