%YAML:1.0
---
pose_0: !!opencv-matrix
   rows: 1
   cols: 25
   dt: "3f"
   data: [ 7.45119995e+02, 4.89094849e+02, 7.94621408e-01,
       8.59999756e+02, 4.80319977e+02, 6.61543250e-01, 8.83559204e+02,
       5.42041748e+02, 5.03825545e-01, 1.00132111e+03, 6.03920654e+02,
       8.39116335e-01, 9.09997986e+02, 5.59688538e+02, 7.85008252e-01,
       8.45185120e+02, 4.30182037e+02, 5.56564450e-01, 9.51164368e+02,
       3.62368652e+02, 6.40872300e-01, 1.04242993e+03, 3.56620239e+02,
       7.22555637e-01, 1.14249060e+03, 5.06686035e+02, 5.75934470e-01,
       1.13364734e+03, 5.53913269e+02, 5.46502173e-01, 1.21306433e+03,
       5.97965088e+02, 2.30619609e-01, 0., 0., 0., 1.14542285e+03,
       4.53783875e+02, 5.60938060e-01, 1.35449072e+03, 4.83108185e+02,
       6.51340544e-01, 1.56922522e+03, 4.65602936e+02, 5.96171141e-01,
       7.33369385e+02, 5.03888306e+02, 7.17553437e-01, 7.39123718e+02,
       4.77211548e+02, 8.11009943e-01, 7.53920532e+02, 5.21463623e+02,
       2.02711403e-01, 7.62826111e+02, 4.50853760e+02, 6.36346936e-01,
       1.63409131e+03, 4.39071564e+02, 4.52570826e-01, 1.63095642e+03,
       4.36200562e+02, 4.92624402e-01, 1.60750684e+03, 4.74387177e+02,
       2.82295734e-01, 0., 0., 0., 0., 0., 0., 0., 0., 0. ]
