%YAML:1.0
---
pose_0: !!opencv-matrix
   rows: 1
   cols: 25
   dt: "3f"
   data: [ 7.45124390e+02, 4.15553925e+02, 8.69821012e-01,
       8.71715088e+02, 4.39148895e+02, 6.85613751e-01, 8.80630066e+02,
       5.27413574e+02, 7.40528703e-01, 1.00130756e+03, 5.77273560e+02,
       8.88070881e-01, 1.08947791e+03, 6.27521240e+02, 8.13227892e-01,
       8.62856384e+02, 3.56642242e+02, 6.76653147e-01, 9.86442444e+02,
       2.71240234e+02, 8.10241997e-01, 1.09235974e+03, 3.47766052e+02,
       7.03022838e-01, 1.14258716e+03, 4.27302490e+02, 5.98107874e-01,
       1.14251099e+03, 4.77335358e+02, 6.34803712e-01, 1.32493506e+03,
       5.06783722e+02, 7.61557758e-01, 1.54275378e+03, 5.83276611e+02,
       6.25006497e-01, 1.14546289e+03, 3.74246674e+02, 5.76549053e-01,
       1.32499438e+03, 3.56650665e+02, 7.06661463e-01, 1.54574390e+03,
       3.18360504e+02, 5.24944544e-01, 7.36239685e+02, 4.36069214e+02,
       8.58282268e-01, 7.39234253e+02, 4.06574249e+02, 8.65450621e-01,
       7.42346558e+02, 4.62574921e+02, 6.14560187e-01, 7.62746765e+02,
       3.83042877e+02, 4.37614024e-01, 1.63406482e+03, 2.91889435e+02,
       3.31344843e-01, 1.63389514e+03, 2.88976898e+02, 3.18883717e-01,
       1.56925305e+03, 3.06623566e+02, 2.72461683e-01, 1.60461108e+03,
       5.80330566e+02, 3.87704074e-01, 1.59869263e+03, 5.95031494e+02,
       3.67352098e-01, 1.56932385e+03, 5.89131653e+02, 3.50061804e-01 ]
