%YAML:1.0
---
pose_0: !!opencv-matrix
   rows: 1
   cols: 25
   dt: "3f"
   data: [ 6.98086304e+02, 5.27408875e+02, 8.91667783e-01,
       8.33415466e+02, 5.30410217e+02, 6.94905043e-01, 8.36341187e+02,
       6.01010864e+02, 5.55789590e-01, 9.48243408e+02, 6.42099792e+02,
       1.23325735e-01, 1.02772119e+03, 6.62680359e+02, 6.42745495e-02,
       8.33335693e+02, 4.59698944e+02, 6.04301274e-01, 9.83554871e+02,
       4.12644104e+02, 7.17442811e-01, 1.13660339e+03, 3.68527710e+02,
       7.85753191e-01, 1.09833643e+03, 5.56858459e+02, 5.62565804e-01,
       1.09239551e+03, 6.12711792e+02, 5.35786092e-01, 1.24841797e+03,
       6.21452454e+02, 1.74082279e-01, 1.57513196e+03, 5.42033264e+02,
       2.22516373e-01, 1.11301172e+03, 5.06803680e+02, 5.81236422e-01,
       1.26010193e+03, 5.97835632e+02, 7.59313703e-01, 1.58988452e+03,
       5.30343628e+02, 3.30333650e-01, 6.86305969e+02, 5.36224792e+02,
       8.05145323e-01, 6.92194702e+02, 5.06656464e+02, 9.18844700e-01,
       6.98162415e+02, 5.53993774e+02, 2.93048501e-01, 7.15749329e+02,
       4.80226654e+02, 6.61721945e-01, 1.63401953e+03, 4.77355896e+02,
       1.28245860e-01, 1.62815479e+03, 4.80223511e+02, 1.45528764e-01,
       1.64573340e+03, 5.36169373e+02, 1.60458431e-01, 0., 0., 0., 0.,
       0., 0., 0., 0., 0. ]
