%YAML:1.0
---
pose_0: !!opencv-matrix
   rows: 1
   cols: 25
   dt: "3f"
   data: [ 7.92211182e+02, 4.59556732e+02, 7.97029972e-01,
       8.56891846e+02, 5.06780640e+02, 5.44018447e-01, 8.36376282e+02,
       5.71426575e+02, 5.42906880e-01, 9.54108276e+02, 6.45053345e+02,
       3.57219011e-01, 9.80661682e+02, 6.53894714e+02, 3.46326053e-01,
       8.68785767e+02, 4.62552673e+02, 3.12265217e-01, 9.62941772e+02,
       4.33166565e+02, 7.14453682e-02, 0., 0., 0., 1.14253687e+03,
       4.77333862e+02, 5.61576188e-01, 1.14248169e+03, 5.27316711e+02,
       5.57673156e-01, 1.34850586e+03, 6.03968018e+02, 7.15639710e-01,
       1.53978406e+03, 7.30416382e+02, 5.45767546e-01, 1.14247083e+03,
       4.21370026e+02, 5.68785131e-01, 1.33088989e+03, 3.15352386e+02,
       6.38249874e-01, 1.53689685e+03, 2.47790543e+02, 4.09694731e-01,
       7.65686890e+02, 4.71401825e+02, 7.32006252e-01, 7.80404480e+02,
       4.39102020e+02, 5.18834531e-01, 7.62729980e+02, 5.27247559e+02,
       6.05217457e-01, 0., 0., 0., 1.55453552e+03, 2.47782608e+02,
       7.15348944e-02, 1.55449768e+03, 2.44796158e+02, 9.57976505e-02,
       1.54572327e+03, 2.41850037e+02, 3.02506924e-01, 1.61926294e+03,
       6.95115967e+02, 4.49982673e-01, 1.61053821e+03, 7.09826111e+02,
       3.48562717e-01, 1.56043518e+03, 7.53963745e+02, 3.67868036e-01 ]
