%YAML:1.0
---
pose_0: !!opencv-matrix
   rows: 1
   cols: 25
   dt: "3f"
   data: [ 6.71510986e+02, 3.65567047e+02, 8.67043972e-01,
       8.06932129e+02, 3.65518799e+02, 5.92666328e-01, 8.21632141e+02,
       4.59557922e+02, 6.00987196e-01, 9.71712158e+02, 4.97901886e+02,
       6.40676916e-01, 1.11593555e+03, 5.47980469e+02, 8.15839291e-01,
       8.18706909e+02, 2.65378540e+02, 6.19749665e-01, 9.98156494e+02,
       2.12457108e+02, 7.74743497e-01, 1.13071021e+03, 1.68279877e+02,
       7.78195262e-01, 1.12185046e+03, 3.36009918e+02, 4.30718035e-01,
       1.11596863e+03, 3.89101715e+02, 4.71883327e-01, 1.33675598e+03,
       3.88904999e+02, 6.95044398e-01, 1.65164954e+03, 3.62409668e+02,
       5.22959113e-01, 1.12190442e+03, 2.71257172e+02, 4.13133293e-01,
       1.36029736e+03, 2.91949097e+02, 6.48019433e-01, 1.54863245e+03,
       2.97795990e+02, 5.19978464e-01, 6.53877808e+02, 3.85939606e+02,
       7.72482872e-01, 6.59820923e+02, 3.42005005e+02, 8.18434000e-01,
       6.68679443e+02, 4.06602509e+02, 1.74861789e-01, 6.92129639e+02,
       3.18351471e+02, 5.83427131e-01, 1.63107629e+03, 2.68286560e+02,
       3.92399251e-01, 1.62520227e+03, 2.68227325e+02, 4.13061261e-01,
       1.57221484e+03, 3.12492767e+02, 2.65687406e-01, 1.76646423e+03,
       3.12485077e+02, 3.94184470e-01, 1.76055774e+03, 3.24256775e+02,
       3.10712427e-01, 1.66048328e+03, 3.59515015e+02, 2.24239439e-01 ]
