%YAML:1.0
---
pose_0: !!opencv-matrix
   rows: 1
   cols: 25
   dt: "3f"
   data: [ 6.74545593e+02, 4.92060272e+02, 7.57002532e-01,
       7.89293884e+02, 4.83119873e+02, 6.31693423e-01, 8.09817444e+02,
       5.68554321e+02, 4.45323169e-01, 9.42346375e+02, 6.06828918e+02,
       4.35208112e-01, 1.09532153e+03, 6.53927551e+02, 4.13501799e-01,
       7.89420776e+02, 4.03691772e+02, 6.28965378e-01, 9.18767578e+02,
       3.83095978e+02, 6.69749558e-01, 1.03654211e+03, 3.88937286e+02,
       7.86138892e-01, 1.08953467e+03, 5.18476990e+02, 5.13194203e-01,
       1.08361792e+03, 5.71470520e+02, 5.70694447e-01, 1.30439392e+03,
       6.24401733e+02, 7.46727288e-01, 1.62518884e+03, 6.68650330e+02,
       4.87960428e-01, 1.08952869e+03, 4.56686279e+02, 5.21491885e-01,
       1.34263147e+03, 4.77225922e+02, 5.14556229e-01, 1.59277136e+03,
       4.83272980e+02, 5.02087116e-01, 6.56839966e+02, 5.06706116e+02,
       7.71066487e-01, 6.62777527e+02, 4.65608032e+02, 7.52314687e-01,
       6.71652649e+02, 5.30182739e+02, 9.03240144e-02, 6.86267151e+02,
       4.33031555e+02, 5.64000010e-01, 1.68395313e+03, 4.65498169e+02,
       3.91257942e-01, 1.68103638e+03, 4.59746490e+02, 4.07641381e-01,
       1.61634583e+03, 4.86164032e+02, 1.87045008e-01, 1.74578796e+03,
       6.68654297e+02, 2.12412447e-01, 0., 0., 0., 1.68407324e+03,
       6.71541321e+02, 1.86116681e-01 ]
