%YAML:1.0
---
pose_0: !!opencv-matrix
   rows: 1
   cols: 25
   dt: "3f"
   data: [ 6.95009705e+02, 5.39159302e+02, 8.39004397e-01,
       8.24610840e+02, 5.30246765e+02, 6.61722004e-01, 8.36477173e+02,
       6.09792114e+02, 5.72044671e-01, 9.77662903e+02, 6.24458374e+02,
       5.92099488e-01, 1.11005042e+03, 6.77506897e+02, 6.48367345e-01,
       8.21707214e+02, 4.50836853e+02, 6.20286465e-01, 9.77643127e+02,
       4.12445038e+02, 8.10904264e-01, 1.11903235e+03, 3.65487579e+02,
       8.73222828e-01, 1.11306042e+03, 5.45040100e+02, 5.38916469e-01,
       1.10130676e+03, 5.97911621e+02, 5.18166482e-01, 1.24846802e+03,
       6.15636353e+02, 3.05298597e-01, 1.57514319e+03, 5.62676270e+02,
       2.14266568e-01, 1.11886401e+03, 4.97854950e+02, 5.50783753e-01,
       1.25719507e+03, 5.94999573e+02, 7.11000800e-01, 1.60163025e+03,
       5.50904358e+02, 3.28936338e-01, 6.74599487e+02, 5.53943298e+02,
       8.00062418e-01, 6.83295959e+02, 5.21472168e+02, 7.96827435e-01,
       6.92121460e+02, 5.77397400e+02, 2.03863919e-01, 7.09766846e+02,
       4.89088837e+02, 5.35228670e-01, 1.68394226e+03, 5.74426941e+02,
       1.97213322e-01, 1.68109045e+03, 5.59694580e+02, 1.86481059e-01,
       1.66346875e+03, 5.74405823e+02, 1.32017493e-01, 0., 0., 0., 0.,
       0., 0., 0., 0., 0. ]
