%YAML:1.0
---
pose_0: !!opencv-matrix
   rows: 1
   cols: 25
   dt: "3f"
   data: [ 0., 0., 0., 8.48160889e+02, 4.09516968e+02, 2.23529890e-01,
       8.68749023e+02, 4.59687256e+02, 1.20107047e-01, 0., 0., 0., 0.,
       0., 0., 8.30453674e+02, 3.65427765e+02, 3.45899612e-01,
       6.74552856e+02, 4.62588928e+02, 5.32691061e-01, 5.50891541e+02,
       5.03880493e+02, 6.32838845e-01, 1.09241284e+03, 4.65526031e+02,
       2.78100878e-01, 1.09239136e+03, 5.24420166e+02, 2.15528339e-01,
       1.32497852e+03, 6.30413147e+02, 6.07354283e-01, 1.52221436e+03,
       6.74560547e+02, 6.16327941e-01, 1.09835413e+03, 4.36070282e+02,
       2.37563744e-01, 1.33083130e+03, 3.62449829e+02, 3.55013967e-01,
       1.52217053e+03, 2.35968201e+02, 3.27242255e-01, 0., 0., 0., 0.,
       0., 0., 0., 0., 0., 0., 0., 0., 0., 0., 0., 0., 0., 0.,
       1.54277002e+03, 2.33060715e+02, 2.73071080e-01, 1.58698193e+03,
       7.18666748e+02, 3.87592524e-01, 1.58697522e+03, 7.15789185e+02,
       4.21157539e-01, 1.55457898e+03, 6.59765869e+02, 4.15182084e-01 ]
