%YAML:1.0
---
pose_0: !!opencv-matrix
   rows: 1
   cols: 25
   dt: "3f"
   data: [ 5.77459106e+02, 4.83301361e+02, 8.06972325e-01,
       7.36255676e+02, 5.06793549e+02, 6.03591681e-01, 7.53947021e+02,
       6.24482483e+02, 5.35673738e-01, 9.07116455e+02, 6.71497131e+02,
       7.92598784e-01, 1.05130469e+03, 7.15767639e+02, 8.53736520e-01,
       7.15753174e+02, 4.09687469e+02, 4.48369890e-01, 9.06982178e+02,
       3.59577393e+02, 6.22611284e-01, 1.03648059e+03, 3.27195526e+02,
       6.35489166e-01, 1.07182288e+03, 5.06693604e+02, 4.57324654e-01,
       1.05420715e+03, 5.68533325e+02, 4.07990932e-01, 1.36911780e+03,
       5.77353394e+02, 3.46833318e-01, 1.51629065e+03, 5.92122192e+02,
       8.96535665e-02, 1.07185498e+03, 4.39033875e+02, 4.40139621e-01,
       1.24841638e+03, 4.15514221e+02, 3.93242121e-01, 1.51039490e+03,
       3.15460175e+02, 3.23644102e-01, 5.65548645e+02, 5.06736603e+02,
       7.79285312e-01, 5.65559570e+02, 4.59785736e+02, 7.74272561e-01,
       5.83281677e+02, 5.45043701e+02, 2.43908137e-01, 5.98030518e+02,
       4.30201508e+02, 5.50326169e-01, 1.56334521e+03, 2.47784439e+02,
       1.97127447e-01, 1.56044519e+03, 2.50652512e+02, 1.99358463e-01,
       1.54274890e+03, 3.00697388e+02, 1.97345734e-01, 0., 0., 0., 0.,
       0., 0., 0., 0., 0. ]
