%YAML:1.0
---
pose_0: !!opencv-matrix
   rows: 1
   cols: 25
   dt: "3f"
   data: [ 7.42189697e+02, 5.27222900e+02, 7.18957067e-01,
       8.12822754e+02, 4.56721741e+02, 5.15249133e-01, 8.06919922e+02,
       4.59667542e+02, 3.27272266e-01, 0., 0., 0., 0., 0., 0.,
       8.18794678e+02, 4.56634094e+02, 7.35255897e-01, 9.51229858e+02,
       5.24296387e+02, 8.61132860e-01, 8.18691101e+02, 5.65653625e+02,
       7.85644770e-01, 1.11303943e+03, 4.36153198e+02, 3.65247935e-01,
       1.08655200e+03, 4.56668640e+02, 2.08158165e-01, 1.24551257e+03,
       4.33097717e+02, 1.02672070e-01, 0., 0., 0., 1.12776086e+03,
       4.33106323e+02, 3.16515803e-01, 1.34260791e+03, 4.92014923e+02,
       5.88237822e-01, 1.62222913e+03, 4.24276093e+02, 4.71827447e-01,
       0., 0., 0., 7.36270203e+02, 5.06640686e+02, 7.41538465e-01, 0.,
       0., 0., 7.54006592e+02, 4.59781342e+02, 6.47941709e-01,
       1.68109009e+03, 3.74250275e+02, 1.94340199e-01, 1.68102148e+03,
       3.77214264e+02, 1.94806814e-01, 1.66342126e+03, 4.18430206e+02,
       2.17915714e-01, 0., 0., 0., 0., 0., 0., 0., 0., 0. ]
