%YAML:1.0
---
pose_0: !!opencv-matrix
   rows: 1
   cols: 25
   dt: "3f"
   data: [ 7.56922729e+02, 3.68476166e+02, 6.52061462e-01,
       8.80499390e+02, 3.62598145e+02, 5.88924050e-01, 8.92282288e+02,
       4.59615906e+02, 4.78516668e-01, 1.03067139e+03, 4.89110352e+02,
       3.90993625e-01, 1.16299780e+03, 5.27385803e+02, 5.50239444e-01,
       8.77568787e+02, 2.71344086e+02, 6.26163006e-01, 1.04234387e+03,
       2.41789871e+02, 6.95159733e-01, 1.18659033e+03, 2.18330139e+02,
       7.58675158e-01, 1.16305151e+03, 3.59607330e+02, 5.42123020e-01,
       1.14841455e+03, 4.12457123e+02, 5.37133217e-01, 1.35138977e+03,
       4.12565857e+02, 7.64634490e-01, 1.65169568e+03, 4.36212372e+02,
       5.93767703e-01, 1.17191406e+03, 2.97773407e+02, 5.24873674e-01,
       1.39269446e+03, 3.15305542e+02, 6.08880103e-01, 1.59279175e+03,
       3.00693726e+02, 5.22566795e-01, 7.42157471e+02, 3.89007751e+02,
       5.09751856e-01, 7.39245789e+02, 3.62524017e+02, 6.51818156e-01,
       7.62871277e+02, 4.09569702e+02, 1.96032017e-01, 7.45154419e+02,
       3.41806824e+02, 4.40682054e-01, 1.64870410e+03, 2.71286804e+02,
       4.68232274e-01, 1.63984314e+03, 2.68399170e+02, 5.55050373e-01,
       1.63103455e+03, 3.09518829e+02, 3.59848589e-01, 1.76940063e+03,
       4.12518036e+02, 2.81475216e-01, 1.76056409e+03, 4.27236572e+02,
       2.09951147e-01, 1.68107690e+03, 4.36182190e+02, 2.77685314e-01 ]
