%YAML:1.0
---
pose_0: !!opencv-matrix
   rows: 1
   cols: 25
   dt: "3f"
   data: [ 6.92026794e+02, 5.33216064e+02, 8.52013946e-01,
       8.03963013e+02, 5.03868683e+02, 7.08919764e-01, 7.89362610e+02,
       5.74455139e+02, 6.78479791e-01, 9.33510864e+02, 6.21556824e+02,
       5.10276020e-01, 1.07185718e+03, 6.95203796e+02, 6.27940714e-01,
       8.12774902e+02, 4.36025879e+02, 5.83027184e-01, 9.33496887e+02,
       3.62473114e+02, 8.33700180e-01, 1.04836194e+03, 3.21402161e+02,
       8.66662204e-01, 1.09251404e+03, 5.21410583e+02, 5.95380902e-01,
       1.08651978e+03, 5.71439575e+02, 5.86931407e-01, 1.28674268e+03,
       6.03968628e+02, 6.13389969e-01, 1.57808179e+03, 6.36239441e+02,
       5.14023840e-01, 1.10125293e+03, 4.59764282e+02, 5.48229575e-01,
       1.34553540e+03, 4.77325287e+02, 6.03539109e-01, 1.59870251e+03,
       4.65506378e+02, 5.99147856e-01, 6.74491943e+02, 5.47867065e+02,
       7.61690915e-01, 6.74508240e+02, 5.15535522e+02, 7.55294263e-01,
       6.92034973e+02, 5.56728516e+02, 9.62774009e-02, 6.94996033e+02,
       4.83091522e+02, 6.59877002e-01, 1.67231140e+03, 5.03796722e+02,
       2.77460426e-01, 1.67805432e+03, 4.86131561e+02, 2.65581399e-01,
       1.61634204e+03, 4.50802338e+02, 2.08285391e-01, 1.70171558e+03,
       6.53925354e+02, 3.90678436e-01, 1.68406677e+03, 6.68669067e+02,
       3.64379913e-01, 1.61342212e+03, 6.18583740e+02, 2.62236893e-01 ]
