%YAML:1.0
---
pose_0: !!opencv-matrix
   rows: 1
   cols: 25
   dt: "3f"
   data: [ 0., 0., 0., 7.42191040e+02, 4.89079926e+02, 1.22239359e-01,
       7.77531189e+02, 4.71437897e+02, 6.66375682e-02, 0., 0., 0., 0.,
       0., 0., 7.15684509e+02, 5.18506409e+02, 8.04693624e-02, 0., 0.,
       0., 0., 0., 0., 1.02766992e+03, 4.80282562e+02, 2.79892415e-01,
       1.01881171e+03, 5.53858826e+02, 2.50047535e-01, 1.28375452e+03,
       6.30394165e+02, 3.08494091e-01, 1.54571191e+03, 6.65670959e+02,
       7.51270428e-02, 1.03946558e+03, 4.15519836e+02, 2.56035209e-01,
       1.33672083e+03, 4.33125458e+02, 3.69268894e-01, 1.73407983e+03,
       4.30187286e+02, 3.34696531e-01, 0., 0., 0., 0., 0., 0., 0., 0.,
       0., 0., 0., 0., 1.84579602e+03, 3.89024567e+02, 5.45916334e-02,
       1.84295422e+03, 3.91936768e+02, 6.30468577e-02, 1.75764966e+03,
       4.50782440e+02, 1.73936442e-01, 0., 0., 0., 0., 0., 0., 0., 0.,
       0. ]
