%YAML:1.0
---
pose_0: !!opencv-matrix
   rows: 1
   cols: 25
   dt: "3f"
   data: [ 4.71434021e+02, 6.09764709e+02, 7.35437632e-01,
       5.94984619e+02, 5.68505493e+02, 5.56494296e-01, 5.77336609e+02,
       6.42151062e+02, 2.22526640e-01, 6.62743164e+02, 7.45145874e+02,
       5.06419279e-02, 0., 0., 0., 6.21483154e+02, 4.86195526e+02,
       6.61574900e-01, 6.03884033e+02, 6.24580139e+02, 7.88571000e-01,
       5.30195923e+02, 8.01019043e+02, 7.05240726e-01, 9.83562317e+02,
       6.45040100e+02, 2.40197986e-01, 9.83542542e+02, 7.15728333e+02,
       1.99290559e-01, 0., 0., 0., 0., 0., 0., 9.74721069e+02,
       5.71482910e+02, 2.15167329e-01, 1.34851465e+03, 6.50928040e+02,
       1.95388079e-01, 1.40146838e+03, 6.48062317e+02, 6.12199642e-02,
       4.47840179e+02, 6.24570496e+02, 7.45747745e-01, 4.56681366e+02,
       5.77503601e+02, 7.87455797e-01, 0., 0., 0., 4.80340546e+02,
       5.33189087e+02, 5.82739413e-01, 0., 0., 0., 0., 0., 0., 0., 0.,
       0., 0., 0., 0., 0., 0., 0., 0., 0., 0. ]
