%YAML:1.0
---
pose_0: !!opencv-matrix
   rows: 1
   cols: 25
   dt: "3f"
   data: [ 7.71681702e+02, 5.39087341e+02, 5.80214798e-01,
       8.33392883e+02, 5.77349854e+02, 5.81349969e-01, 8.48122192e+02,
       6.24474731e+02, 6.38768315e-01, 9.27632019e+02, 5.27340698e+02,
       5.70988536e-01, 9.98135498e+02, 3.74332367e+02, 7.60020018e-01,
       8.12878052e+02, 5.24360840e+02, 4.19111043e-01, 9.30568909e+02,
       4.86099945e+02, 1.57991290e-01, 9.98257996e+02, 3.74318054e+02,
       5.21669015e-02, 1.12776990e+03, 5.71436768e+02, 5.52091777e-01,
       1.13073047e+03, 6.18544861e+02, 5.59848189e-01, 1.33670605e+03,
       6.47906555e+02, 7.15894878e-01, 1.55450879e+03, 7.15610535e+02,
       6.15151048e-01, 1.12775769e+03, 5.21390381e+02, 5.70666015e-01,
       1.28963757e+03, 5.00856628e+02, 5.77788472e-01, 1.49858923e+03,
       5.06847015e+02, 3.70351642e-01, 7.62715149e+02, 5.53865723e+02,
       5.99254549e-01, 7.59859741e+02, 5.30269226e+02, 4.86216366e-01,
       7.71650635e+02, 6.00962280e+02, 3.74975950e-01, 7.62797241e+02,
       5.18468140e+02, 1.28453478e-01, 1.59282471e+03, 4.77252502e+02,
       1.25390917e-01, 1.58987048e+03, 4.77253021e+02, 1.05711468e-01,
       1.53097620e+03, 5.12633301e+02, 2.33094245e-01, 1.63101501e+03,
       7.06839294e+02, 6.17890835e-01, 1.61336304e+03, 7.18680359e+02,
       6.12447619e-01, 1.56635449e+03, 7.30422546e+02, 3.56428027e-01 ]
