%YAML:1.0
---
pose_0: !!opencv-matrix
   rows: 1
   cols: 25
   dt: "3f"
   data: [ 7.36217407e+02, 5.71416992e+02, 8.48286927e-01,
       8.42283936e+02, 5.74422363e+02, 7.22235799e-01, 8.36454895e+02,
       6.39156006e+02, 6.26273513e-01, 9.77666870e+02, 7.00979858e+02,
       6.59877956e-01, 1.14544043e+03, 7.56871948e+02, 6.66763067e-01,
       8.48194946e+02, 5.00835205e+02, 6.35991335e-01, 9.98188660e+02,
       4.68538849e+02, 7.13236332e-01, 1.13365857e+03, 4.56546661e+02,
       7.93229938e-01, 1.12189893e+03, 5.95084473e+02, 5.97805798e-01,
       1.11900732e+03, 6.45030029e+02, 5.77448070e-01, 1.32787231e+03,
       6.47998474e+02, 7.69463360e-01, 1.55158276e+03, 6.68510437e+02,
       6.02784634e-01, 1.12481042e+03, 5.42066040e+02, 5.65382421e-01,
       1.30729211e+03, 5.21453125e+02, 6.09683096e-01, 1.53099475e+03,
       4.59628876e+02, 6.68173075e-01, 7.18586853e+02, 5.80284363e+02,
       8.68268907e-01, 7.24512573e+02, 5.50886475e+02, 8.67842674e-01,
       7.39113953e+02, 6.01098755e+02, 6.35621548e-01, 7.54004150e+02,
       5.30171021e+02, 5.74638784e-01, 1.63109045e+03, 4.36048553e+02,
       4.65948582e-01, 1.62811304e+03, 4.33131714e+02, 4.47309613e-01,
       1.55450171e+03, 4.59654388e+02, 2.24207506e-01, 1.63103076e+03,
       6.83343384e+02, 2.93586522e-01, 0., 0., 0., 1.58394556e+03,
       6.50939087e+02, 3.22426647e-01 ]
