%YAML:1.0
---
pose_0: !!opencv-matrix
   rows: 1
   cols: 25
   dt: "3f"
   data: [ 7.42279114e+02, 3.62448853e+02, 8.70787978e-01,
       8.59903381e+02, 3.71393890e+02, 7.50466347e-01, 8.56906677e+02,
       4.42008301e+02, 6.82803869e-01, 8.33432251e+02, 5.94920166e+02,
       8.66591334e-01, 7.39293701e+02, 5.65617004e+02, 7.13254273e-01,
       8.74643982e+02, 2.91948242e+02, 6.61061704e-01, 9.27631592e+02,
       1.74102066e+02, 8.43039036e-01, 8.80429626e+02, 3.57482300e+01,
       8.71727824e-01, 1.11007971e+03, 3.85973846e+02, 5.64048707e-01,
       1.11008960e+03, 4.33050415e+02, 5.45969605e-01, 1.33088257e+03,
       4.42057068e+02, 6.39326036e-01, 1.54281677e+03, 4.62690674e+02,
       6.33996308e-01, 1.10719385e+03, 3.33111176e+02, 5.28443873e-01,
       1.31904138e+03, 3.18315247e+02, 7.54341662e-01, 1.56630566e+03,
       2.94784088e+02, 5.14648974e-01, 7.33332214e+02, 3.83049866e+02,
       7.54940510e-01, 7.36279419e+02, 3.42006470e+02, 7.90428400e-01,
       7.48086792e+02, 4.12437225e+02, 5.56010127e-01, 7.56945313e+02,
       3.24311188e+02, 2.37173408e-01, 1.63998938e+03, 2.65337830e+02,
       5.19399285e-01, 1.63688770e+03, 2.62417908e+02, 5.66170514e-01,
       1.60455518e+03, 3.00675262e+02, 2.27316454e-01, 1.60749573e+03,
       4.83202179e+02, 3.75887305e-01, 0., 0., 0., 1.57515063e+03,
       4.53795593e+02, 4.52364832e-01 ]
