%YAML:1.0
---
pose_0: !!opencv-matrix
   rows: 1
   cols: 25
   dt: "3f"
   data: [ 7.48072205e+02, 3.88900909e+02, 8.57981682e-01,
       8.59877747e+02, 4.09633301e+02, 7.61080623e-01, 8.62898071e+02,
       5.03671417e+02, 6.28279686e-01, 9.80669128e+02, 5.42025146e+02,
       6.45928085e-01, 1.08948303e+03, 5.77247864e+02, 7.75715351e-01,
       8.71690186e+02, 3.18313385e+02, 6.56685710e-01, 9.54239014e+02,
       2.24177094e+02, 8.05199265e-01, 1.05416748e+03, 1.29946869e+02,
       7.86933005e-01, 1.13661011e+03, 3.80217346e+02, 5.73132157e-01,
       1.13953833e+03, 4.27282288e+02, 5.84568262e-01, 1.34852063e+03,
       4.83291290e+02, 7.42840528e-01, 1.54277637e+03, 5.74309509e+02,
       6.64288402e-01, 1.13369092e+03, 3.35971558e+02, 5.33751965e-01,
       1.33083691e+03, 3.21321899e+02, 6.55529082e-01, 1.57806677e+03,
       3.15488708e+02, 6.36968493e-01, 7.36288147e+02, 4.06666321e+02,
       8.41934264e-01, 7.39273254e+02, 3.68366089e+02, 8.59521568e-01,
       7.45140320e+02, 4.33206512e+02, 6.81451082e-01, 7.62727478e+02,
       3.53673370e+02, 3.69772375e-01, 1.64291089e+03, 2.88965759e+02,
       5.22349536e-01, 1.63700806e+03, 2.85964661e+02, 5.70264995e-01,
       1.61042053e+03, 3.18464447e+02, 2.55237669e-01, 1.61047729e+03,
       5.98011658e+02, 5.31473339e-01, 1.59871191e+03, 6.03841309e+02,
       4.84943807e-01, 1.56930566e+03, 5.59772705e+02, 4.24195707e-01 ]
