%YAML:1.0
---
pose_0: !!opencv-matrix
   rows: 1
   cols: 25
   dt: "3f"
   data: [ 7.33379700e+02, 5.27256531e+02, 6.25811160e-01,
       7.89426636e+02, 4.59707428e+02, 5.39921463e-01, 7.89276123e+02,
       4.59591553e+02, 3.76148432e-01, 0., 0., 0., 0., 0., 0.,
       8.01086670e+02, 4.68487640e+02, 6.95833564e-01, 9.30591553e+02,
       5.24328064e+02, 8.25852334e-01, 8.36418884e+02, 5.74526184e+02,
       8.44449222e-01, 1.09536670e+03, 4.33172333e+02, 3.42623949e-01,
       1.08657471e+03, 4.36140747e+02, 2.20532387e-01, 1.33676074e+03,
       4.62612823e+02, 5.56160510e-01, 1.55457214e+03, 3.88987183e+02,
       5.99203050e-01, 1.10128271e+03, 4.30217743e+02, 2.78772503e-01,
       1.34552637e+03, 4.92040894e+02, 5.33713400e-01, 1.63396326e+03,
       4.21373749e+02, 5.07066488e-01, 0., 0., 0., 7.18756287e+02,
       5.06868744e+02, 6.30808055e-01, 0., 0., 0., 7.36225159e+02,
       4.74383850e+02, 6.07312262e-01, 1.68411279e+03, 3.65521637e+02,
       2.14368835e-01, 1.68117383e+03, 3.71398834e+02, 2.12214589e-01,
       1.66344702e+03, 4.27272369e+02, 1.95318803e-01, 1.65756067e+03,
       3.65438202e+02, 1.56914413e-01, 1.65458020e+03, 3.74251404e+02,
       1.00603610e-01, 1.57805286e+03, 3.59587341e+02, 2.90216476e-01 ]
