%YAML:1.0
---
pose_0: !!opencv-matrix
   rows: 1
   cols: 25
   dt: "3f"
   data: [ 7.18721252e+02, 5.53779663e+02, 8.63234282e-01,
       8.33507690e+02, 5.74483704e+02, 7.89811611e-01, 8.27579346e+02,
       6.48025208e+02, 6.32331550e-01, 9.57047546e+02, 7.15811707e+02,
       7.83066809e-01, 1.06588989e+03, 7.62778381e+02, 8.17805290e-01,
       8.45215149e+02, 5.03744598e+02, 6.47022665e-01, 9.62904236e+02,
       4.09609436e+02, 7.76594996e-01, 1.02178247e+03, 2.77182404e+02,
       6.66353583e-01, 1.09543152e+03, 5.95068054e+02, 6.09653831e-01,
       1.09831519e+03, 6.42185364e+02, 5.76047719e-01, 1.30738965e+03,
       6.65654724e+02, 5.97227693e-01, 1.52804089e+03, 6.92240234e+02,
       5.80866218e-01, 1.09836719e+03, 5.36169556e+02, 6.01875067e-01,
       1.32204431e+03, 5.03828522e+02, 6.68733001e-01, 1.52510217e+03,
       4.65587128e+02, 5.80031753e-01, 7.06835083e+02, 5.62651367e+02,
       6.83466911e-01, 7.15625488e+02, 5.33180298e+02, 7.77680755e-01,
       7.18707153e+02, 5.89148132e+02, 4.05277967e-01, 7.42104248e+02,
       5.09752991e+02, 5.87667584e-01, 1.61338440e+03, 4.27229584e+02,
       4.65171784e-01, 1.61335803e+03, 4.21401733e+02, 4.21627581e-01,
       1.54865710e+03, 4.62623413e+02, 2.33061552e-01, 1.59284241e+03,
       7.30387451e+02, 3.67635787e-01, 1.58990894e+03, 7.27500488e+02,
       3.78454953e-01, 1.56044275e+03, 6.77416321e+02, 4.34695154e-01 ]
