%YAML:1.0
---
pose_0: !!opencv-matrix
   rows: 1
   cols: 25
   dt: "3f"
   data: [ 7.00990967e+02, 5.03825775e+02, 8.36281061e-01,
       8.21641663e+02, 5.30209412e+02, 7.52260923e-01, 8.06859375e+02,
       6.09726990e+02, 7.29800940e-01, 9.21667969e+02, 6.68547485e+02,
       7.85700977e-01, 1.02471545e+03, 6.68632507e+02, 8.27351391e-01,
       8.36474060e+02, 4.56758148e+02, 6.20359838e-01, 9.98286194e+02,
       4.35984894e+02, 7.36788452e-01, 1.11300891e+03, 4.09629974e+02,
       8.22574496e-01, 1.07479211e+03, 5.56857605e+02, 5.53894043e-01,
       1.05716064e+03, 6.06836182e+02, 4.99436289e-01, 1.28074170e+03,
       6.06871277e+02, 6.20954156e-01, 1.52217346e+03, 6.45136353e+02,
       5.30522168e-01, 1.08947534e+03, 5.06650085e+02, 5.91653228e-01,
       1.32796167e+03, 4.86201447e+02, 6.15100801e-01, 1.52809802e+03,
       5.30359131e+02, 4.59856004e-01, 6.92152649e+02, 5.21460754e+02,
       7.76865959e-01, 6.92120117e+02, 4.86236877e+02, 7.91469336e-01,
       7.09862305e+02, 5.50941223e+02, 7.31974244e-01, 7.12765381e+02,
       4.71377075e+02, 3.70738089e-01, 1.61331079e+03, 4.74353882e+02,
       4.54618484e-01, 1.60755212e+03, 4.74341370e+02, 4.46407020e-01,
       1.56923706e+03, 5.44973877e+02, 2.27631584e-01, 1.62518188e+03,
       6.12707825e+02, 3.44910413e-01, 1.61637146e+03, 6.24412354e+02,
       2.40005523e-01, 1.55750342e+03, 6.50959778e+02, 2.53399760e-01 ]
