%YAML:1.0
---
pose_0: !!opencv-matrix
   rows: 2
   cols: 25
   dt: "3f"
   data: [ 0., 0., 0., 7.74593811e+02, 5.24395386e+02, 2.74661750e-01,
       0., 0., 0., 0., 0., 0., 0., 0., 0., 7.56886414e+02,
       5.42087341e+02, 2.72096872e-01, 8.74581970e+02, 4.53686371e+02,
       2.45326594e-01, 7.62746582e+02, 3.56625244e+02, 2.59250909e-01,
       1.04827893e+03, 5.44983765e+02, 3.08655769e-01, 1.02772327e+03,
       5.53852783e+02, 2.28401601e-01, 1.31910815e+03, 5.51010315e+02,
       7.44583607e-01, 1.60456421e+03, 6.74586487e+02, 5.47994673e-01,
       1.06597412e+03, 5.30294373e+02, 2.36713484e-01, 1.33379492e+03,
       5.03661072e+02, 5.97882748e-01, 1.56324329e+03, 5.74465820e+02,
       6.87264383e-01, 0., 0., 0., 0., 0., 0., 0., 0., 0., 0., 0., 0.,
       1.62221753e+03, 4.94999359e+02, 4.72535968e-01, 1.61347620e+03,
       5.00863586e+02, 4.63112235e-01, 1.57809485e+03, 5.98018372e+02,
       6.00421011e-01, 1.68115332e+03, 7.12759827e+02, 9.25501809e-02,
       1.65755457e+03, 7.18608582e+02, 1.26760677e-01, 1.63401477e+03,
       7.12733704e+02, 2.76656121e-01, 0., 0., 0., 0., 0., 0.,
       7.62776306e+02, 5.30268738e+02, 3.74967605e-01, 8.80432129e+02,
       4.36172668e+02, 4.83679414e-01, 7.62796814e+02, 3.56589691e+02,
       4.44721609e-01, 0., 0., 0., 0., 0., 0., 0., 0., 0., 0., 0., 0.,
       0., 0., 0., 0., 0., 0., 0., 0., 0., 0., 0., 0., 0., 0., 0., 0.,
       0., 0., 0., 0., 0., 0., 0., 0., 7.36240479e+02, 5.47847534e+02,
       5.45112640e-02, 0., 0., 0., 0., 0., 0., 0., 0., 0., 0., 0., 0.,
       0., 0., 0., 0., 0., 0., 0., 0., 0. ]
