%YAML:1.0
---
pose_0: !!opencv-matrix
   rows: 1
   cols: 25
   dt: "3f"
   data: [ 6.71654663e+02, 5.03718140e+02, 8.53304505e-01,
       8.12907166e+02, 4.80260742e+02, 7.76694000e-01, 8.12828857e+02,
       5.74339172e+02, 7.28283882e-01, 9.09973694e+02, 6.95032166e+02,
       7.91769922e-01, 8.59998657e+02, 6.86268372e+02, 4.94678378e-01,
       8.33465149e+02, 3.86064911e+02, 6.66172147e-01, 9.83599670e+02,
       3.62602997e+02, 8.12036216e-01, 1.08363171e+03, 3.62470215e+02,
       7.96293020e-01, 1.10130896e+03, 5.18506775e+02, 5.31650722e-01,
       1.09531799e+03, 5.74387024e+02, 5.78017890e-01, 1.31319690e+03,
       5.74273071e+02, 4.81868088e-01, 1.58987866e+03, 5.71451111e+02,
       4.86937612e-01, 1.11300806e+03, 4.56740051e+02, 5.48494995e-01,
       1.32495056e+03, 4.59559875e+02, 5.52084863e-01, 1.58983264e+03,
       5.03860504e+02, 2.60487169e-01, 6.62688232e+02, 5.18546570e+02,
       7.54940093e-01, 6.62749512e+02, 4.80173370e+02, 8.31616759e-01,
       6.83358826e+02, 5.30379578e+02, 1.88292339e-01, 6.89232056e+02,
       4.36111206e+02, 5.70654809e-01, 1.69284863e+03, 5.33230713e+02,
       1.26579270e-01, 1.69580286e+03, 5.24406616e+02, 1.54913753e-01,
       1.61337671e+03, 5.21427612e+02, 2.17190698e-01, 1.68697803e+03,
       5.71528503e+02, 4.33794945e-01, 1.67223608e+03, 5.83250427e+02,
       4.05121207e-01, 1.61640076e+03, 5.53880798e+02, 2.12340251e-01 ]
