%YAML:1.0
---
pose_0: !!opencv-matrix
   rows: 1
   cols: 25
   dt: "3f"
   data: [ 0., 0., 0., 7.86307434e+02, 5.24363220e+02, 4.37311947e-01,
       7.89240173e+02, 5.18521423e+02, 4.16306823e-01, 9.30541382e+02,
       5.44952271e+02, 5.62288642e-01, 1.11305457e+03, 4.80361420e+02,
       5.60972512e-01, 7.80435059e+02, 5.30395508e+02, 5.48585832e-01,
       9.27625610e+02, 5.39142212e+02, 3.15396339e-01, 0., 0., 0.,
       1.08946338e+03, 5.92124756e+02, 3.31814826e-01, 1.07774976e+03,
       6.03926453e+02, 3.37257415e-01, 1.36611340e+03, 5.24396301e+02,
       6.82468414e-01, 1.64871228e+03, 7.21647766e+02, 5.49033940e-01,
       1.10422241e+03, 5.71476807e+02, 2.09733427e-01, 1.36024866e+03,
       5.03795929e+02, 4.20715272e-01, 1.54868518e+03, 6.48012878e+02,
       1.83467805e-01, 0., 0., 0., 0., 0., 0., 7.30432312e+02,
       4.77291718e+02, 1.02955982e-01, 7.09774536e+02, 5.53770813e+02,
       2.41807222e-01, 0., 0., 0., 0., 0., 0., 1.53977527e+03,
       6.74499512e+02, 7.06682056e-02, 1.70464014e+03, 6.68589172e+02,
       1.75933436e-01, 1.68996875e+03, 7.15712097e+02, 1.47849634e-01,
       1.66052332e+03, 7.48107483e+02, 4.22320724e-01 ]
