%YAML:1.0
---
pose_0: !!opencv-matrix
   rows: 1
   cols: 25
   dt: "3f"
   data: [ 7.51076782e+02, 6.12643372e+02, 7.96968043e-01,
       8.68729614e+02, 6.00836365e+02, 6.32828057e-01, 8.57058350e+02,
       6.62731262e+02, 4.91328895e-01, 1.00119373e+03, 6.95028625e+02,
       6.17466152e-01, 1.11595593e+03, 7.39336304e+02, 8.58932972e-01,
       8.80534668e+02, 5.33225220e+02, 6.89650476e-01, 1.02468103e+03,
       5.03832581e+02, 8.10358763e-01, 1.16299097e+03, 4.86084045e+02,
       8.29684138e-01, 1.12481836e+03, 6.24490417e+02, 6.06488585e-01,
       1.11891895e+03, 6.71532349e+02, 6.55905843e-01, 1.25727881e+03,
       6.92228577e+02, 4.63877261e-01, 1.36908667e+03, 6.71580505e+02,
       9.42147449e-02, 1.13365967e+03, 5.74538513e+02, 6.04664505e-01,
       1.30738550e+03, 6.42111023e+02, 6.25515044e-01, 1.56335144e+03,
       6.62699158e+02, 5.03886938e-01, 7.36298889e+02, 6.24374023e+02,
       8.57192159e-01, 7.39350525e+02, 5.92138489e+02, 8.59643996e-01,
       7.53947449e+02, 6.42111328e+02, 1.31594136e-01, 7.62838745e+02,
       5.56842102e+02, 6.29030585e-01, 1.66039075e+03, 6.59780640e+02,
       5.09143472e-01, 1.65753833e+03, 6.50968201e+02, 5.09894490e-01,
       1.58103882e+03, 6.39174927e+02, 2.45893791e-01, 0., 0., 0., 0.,
       0., 0., 0., 0., 0. ]
