%YAML:1.0
---
pose_0: !!opencv-matrix
   rows: 1
   cols: 25
   dt: "3f"
   data: [ 7.65623413e+02, 4.80307526e+02, 9.04899716e-01,
       8.51137756e+02, 5.06679535e+02, 7.64570355e-01, 8.45253113e+02,
       5.62657654e+02, 7.05725789e-01, 9.57104248e+02, 6.42130676e+02,
       7.72323370e-01, 9.83624023e+02, 5.06665985e+02, 7.14783967e-01,
       8.53956116e+02, 4.50821381e+02, 5.90610266e-01, 9.74641602e+02,
       4.36100342e+02, 3.44497681e-01, 9.68820679e+02, 4.41984863e+02,
       1.13684997e-01, 1.13366138e+03, 4.71459320e+02, 5.44614255e-01,
       1.13947485e+03, 5.18513062e+02, 5.41923106e-01, 1.36027063e+03,
       5.86219604e+02, 5.77647865e-01, 1.55161389e+03, 6.98040894e+02,
       5.48021019e-01, 1.12480359e+03, 4.15530212e+02, 5.63506782e-01,
       1.32198181e+03, 3.68434296e+02, 4.63623881e-01, 1.56335876e+03,
       3.50767426e+02, 2.98180759e-01, 7.45211060e+02, 4.92049652e+02,
       8.15080166e-01, 7.59766724e+02, 4.59700806e+02, 8.44484150e-01,
       7.56919556e+02, 5.27199097e+02, 7.53822863e-01, 7.83442322e+02,
       4.41981659e+02, 5.89358270e-01, 1.63984155e+03, 3.27190125e+02,
       1.86442271e-01, 1.63697546e+03, 3.24248840e+02, 1.84240252e-01,
       1.56924536e+03, 3.56616150e+02, 2.15911567e-01, 1.63101001e+03,
       6.89218140e+02, 5.58957577e-01, 1.61634729e+03, 6.98104919e+02,
       4.78776991e-01, 1.56334265e+03, 7.24542664e+02, 3.35048795e-01 ]
