%YAML:1.0
---
pose_0: !!opencv-matrix
   rows: 1
   cols: 25
   dt: "3f"
   data: [ 7.39148560e+02, 4.56723175e+02, 8.41027021e-01,
       8.59822510e+02, 4.80318848e+02, 7.49994159e-01, 8.56927063e+02,
       5.59775024e+02, 6.30470455e-01, 9.27657104e+02, 6.71489014e+02,
       7.82438278e-01, 9.04028809e+02, 6.45155396e+02, 1.69007301e-01,
       8.62905029e+02, 3.91963989e+02, 6.39903188e-01, 9.89423523e+02,
       3.68486053e+02, 2.67025292e-01, 1.00409888e+03, 3.62598602e+02,
       5.47905982e-01, 1.13066003e+03, 4.97913879e+02, 5.53894520e-01,
       1.11902356e+03, 5.45044006e+02, 6.06845319e-01, 1.33084070e+03,
       5.80334045e+02, 7.30611920e-01, 1.51630725e+03, 5.89174683e+02,
       4.81357157e-01, 1.13654492e+03, 4.39076508e+02, 5.58618069e-01,
       1.34555957e+03, 4.56785004e+02, 6.55123591e-01, 1.57806775e+03,
       4.77278534e+02, 6.50637269e-01, 7.21584656e+02, 4.77351349e+02,
       7.77181864e-01, 7.21676819e+02, 4.36209229e+02, 7.75803506e-01,
       7.42125244e+02, 5.06830750e+02, 5.95513940e-01, 7.53956787e+02,
       4.15548309e+02, 4.76449996e-01, 1.63703784e+03, 4.36190948e+02,
       5.31217039e-01, 1.63390503e+03, 4.36143158e+02, 5.60867310e-01,
       1.60459314e+03, 4.86191956e+02, 3.27760905e-01, 1.58992102e+03,
       5.74440552e+02, 4.15577382e-01, 1.57809265e+03, 5.83306458e+02,
       3.68219882e-01, 1.55160071e+03, 5.77335388e+02, 2.30464920e-01 ]
