%YAML:1.0
---
pose_0: !!opencv-matrix
   rows: 1
   cols: 25
   dt: "3f"
   data: [ 7.42243408e+02, 5.53799255e+02, 8.83931100e-01,
       8.62883362e+02, 5.53958862e+02, 6.48909032e-01, 8.62958069e+02,
       6.30354858e+02, 5.53628504e-01, 1.00125641e+03, 6.68676514e+02,
       5.77947140e-01, 1.12193005e+03, 6.95082336e+02, 6.28752291e-01,
       8.68772888e+02, 4.89082092e+02, 5.07386386e-01, 1.02483716e+03,
       4.56605591e+02, 7.63794363e-01, 1.16005505e+03, 4.36222351e+02,
       7.98126101e-01, 1.11299536e+03, 5.59736938e+02, 5.96912920e-01,
       1.10130493e+03, 6.06837830e+02, 6.09999239e-01, 1.31020605e+03,
       6.27429626e+02, 2.67689168e-01, 1.50449609e+03, 6.39165405e+02,
       4.38914448e-01, 1.11888208e+03, 5.06833527e+02, 6.27579391e-01,
       1.30145081e+03, 5.30443848e+02, 6.45353675e-01, 1.54861816e+03,
       5.33311340e+02, 6.31681085e-01, 7.30380859e+02, 5.65631958e+02,
       7.78904736e-01, 7.36316528e+02, 5.33215149e+02, 8.10043514e-01,
       7.42135010e+02, 5.80445557e+02, 3.89913768e-01, 7.59861023e+02,
       5.06883514e+02, 6.33520544e-01, 1.62227148e+03, 5.03758698e+02,
       4.64225918e-01, 1.61635876e+03, 5.03700256e+02, 4.83635485e-01,
       1.57514966e+03, 5.53899292e+02, 3.24841946e-01, 1.57512878e+03,
       6.36253723e+02, 1.93914160e-01, 1.56329626e+03, 6.48046997e+02,
       1.90533072e-01, 1.53976489e+03, 6.30385925e+02, 2.53204972e-01 ]
