%YAML:1.0
---
pose_0: !!opencv-matrix
   rows: 1
   cols: 25
   dt: "3f"
   data: [ 7.48153992e+02, 4.59737701e+02, 7.56767869e-01,
       8.39409485e+02, 4.80182281e+02, 7.39717543e-01, 8.48122620e+02,
       5.45012695e+02, 5.51939905e-01, 9.33521667e+02, 5.86226746e+02,
       3.51998508e-01, 0., 0., 0., 8.48184631e+02, 4.12552032e+02,
       6.52619421e-01, 9.48269653e+02, 3.15316345e+02, 7.49843359e-01,
       9.68796936e+02, 3.59486176e+02, 8.00194561e-01, 1.12185425e+03,
       5.00894653e+02, 4.75447774e-01, 1.11595007e+03, 5.50859985e+02,
       4.66533035e-01, 1.31323669e+03, 5.59729492e+02, 3.86223376e-01,
       1.48683569e+03, 5.74447876e+02, 5.43204904e-01, 1.12480823e+03,
       4.44904114e+02, 4.25865263e-01, 1.33094153e+03, 4.77337067e+02,
       6.95574284e-01, 1.56041626e+03, 4.65539581e+02, 5.76302707e-01,
       7.39342102e+02, 4.77317261e+02, 6.66830778e-01, 7.42126770e+02,
       4.53816956e+02, 6.82770848e-01, 7.54022034e+02, 5.00895325e+02,
       5.06278217e-01, 7.59891907e+02, 4.39145020e+02, 5.13759494e-01,
       1.63385913e+03, 4.44911011e+02, 3.77023876e-01, 1.62517810e+03,
       4.39050049e+02, 4.00756955e-01, 1.60158032e+03, 4.80146027e+02,
       2.68683225e-01, 1.55453613e+03, 5.71538208e+02, 2.48941243e-01,
       1.53684082e+03, 5.86213989e+02, 2.34631553e-01, 1.50747400e+03,
       5.68511719e+02, 3.16159308e-01 ]
