%YAML:1.0
---
pose_0: !!opencv-matrix
   rows: 1
   cols: 25
   dt: "3f"
   data: [ 7.18652466e+02, 4.53771210e+02, 1.50551334e-01,
       7.89226868e+02, 5.30227051e+02, 5.76889157e-01, 8.09882751e+02,
       5.74472351e+02, 6.81217790e-01, 9.27483093e+02, 6.27467896e+02,
       8.23891878e-01, 1.04531177e+03, 5.68590149e+02, 7.94821918e-01,
       7.68698853e+02, 4.77253448e+02, 3.79554480e-01, 0., 0., 0., 0.,
       0., 0., 1.09239575e+03, 5.56745422e+02, 4.89031523e-01,
       1.07771130e+03, 6.00858398e+02, 5.02346098e-01, 1.32499194e+03,
       5.03761749e+02, 8.36933255e-01, 1.59572864e+03, 6.24437927e+02,
       4.01886404e-01, 1.09546240e+03, 5.12656860e+02, 4.35498536e-01,
       1.33083057e+03, 4.83334930e+02, 4.67683345e-01, 1.51038159e+03,
       6.33307190e+02, 2.45209932e-01, 7.03991577e+02, 4.59664581e+02,
       1.18816651e-01, 0., 0., 0., 7.15727112e+02, 5.00793884e+02,
       2.17264131e-01, 0., 0., 0., 0., 0., 0., 0., 0., 0.,
       1.49267114e+03, 6.56902283e+02, 1.76737010e-01, 1.66055811e+03,
       6.12704346e+02, 5.23922890e-02, 0., 0., 0., 1.63107031e+03,
       6.56864685e+02, 2.51540631e-01 ]
