%YAML:1.0
---
pose_0: !!opencv-matrix
   rows: 2
   cols: 25
   dt: "3f"
   data: [ 7.68679749e+02, 4.83170837e+02, 8.58604372e-01,
       8.09870178e+02, 4.62591736e+02, 3.29065204e-01, 8.24612549e+02,
       4.86097656e+02, 3.30542028e-01, 0., 0., 0., 0., 0., 0.,
       8.04019104e+02, 4.41997650e+02, 2.30540499e-01, 8.36352783e+02,
       3.71390045e+02, 3.05546075e-01, 1.07479724e+03, 4.06677826e+02,
       3.83370310e-01, 1.11598535e+03, 5.00827911e+02, 5.31682789e-01,
       1.11592017e+03, 5.47897644e+02, 5.65996587e-01, 1.33077515e+03,
       5.83234253e+02, 8.04111123e-01, 1.54567383e+03, 6.51017822e+02,
       6.34187758e-01, 1.11600720e+03, 4.56625305e+02, 5.06806314e-01,
       1.37196460e+03, 4.33100433e+02, 6.57324612e-01, 1.56635864e+03,
       4.30204071e+02, 6.17986381e-01, 7.59868469e+02, 4.89058594e+02,
       7.99119830e-01, 7.62741394e+02, 4.68487061e+02, 7.59917855e-01,
       7.62823914e+02, 5.03806213e+02, 1.29125386e-01, 7.62782166e+02,
       4.39088226e+02, 5.41270733e-01, 0., 0., 0., 0., 0., 0.,
       1.58985461e+03, 4.18465820e+02, 2.84794480e-01, 1.60744397e+03,
       6.18596008e+02, 2.51291722e-01, 1.58988892e+03, 6.27442688e+02,
       1.65705174e-01, 1.56924768e+03, 6.71605896e+02, 2.91782588e-01,
       0., 0., 0., 0., 0., 0., 0., 0., 0., 0., 0., 0., 0., 0., 0., 0.,
       0., 0., 0., 0., 0., 0., 0., 0., 8.86439148e+02, 4.41964325e+02,
       1.20129757e-01, 8.86480835e+02, 4.59594391e+02, 1.14696741e-01,
       8.57039978e+02, 3.68383942e+02, 2.99971193e-01, 1.07193091e+03,
       4.00806183e+02, 9.49352607e-02, 8.68739868e+02, 4.33204468e+02,
       8.12941045e-02, 8.51117798e+02, 3.65578949e+02, 4.01173115e-01,
       1.06897766e+03, 3.94853302e+02, 2.42808968e-01, 0., 0., 0., 0.,
       0., 0., 0., 0., 0., 0., 0., 0., 0., 0., 0., 0., 0., 0.,
       1.09239148e+03, 4.09625885e+02, 1.46539867e-01, 0., 0., 0., 0.,
       0., 0., 0., 0., 0. ]
