%YAML:1.0
---
pose_0: !!opencv-matrix
   rows: 1
   cols: 25
   dt: "3f"
   data: [ 0., 0., 0., 8.33429565e+02, 5.06771637e+02, 2.33864516e-01,
       7.65809875e+02, 5.71495667e+02, 1.85033083e-01, 7.12777100e+02,
       6.36232605e+02, 3.45085442e-01, 8.09887695e+02, 6.62667175e+02,
       5.08570135e-01, 9.07018738e+02, 4.56695038e+02, 2.10032940e-01,
       1.02770764e+03, 4.56622253e+02, 1.93932950e-01, 0., 0., 0.,
       1.06885132e+03, 5.50879761e+02, 3.98788810e-01, 1.05421606e+03,
       6.03872742e+02, 3.87477666e-01, 1.30140198e+03, 6.03935974e+02,
       2.51541317e-01, 1.49867493e+03, 6.03895569e+02, 1.30247548e-01,
       1.06889978e+03, 4.83237183e+02, 3.45992267e-01, 1.26017688e+03,
       4.80344055e+02, 3.04001927e-01, 1.51333508e+03, 5.06749878e+02,
       9.33206230e-02, 0., 0., 0., 0., 0., 0., 0., 0., 0.,
       7.62749451e+02, 4.74312958e+02, 7.88356662e-02, 0., 0., 0., 0.,
       0., 0., 0., 0., 0., 0., 0., 0., 0., 0., 0., 0., 0., 0. ]
