%YAML:1.0
---
pose_0: !!opencv-matrix
   rows: 1
   cols: 25
   dt: "3f"
   data: [ 7.15604797e+02, 4.91978241e+02, 8.65636706e-01,
       8.39273132e+02, 5.03846619e+02, 7.16349900e-01, 8.54020081e+02,
       5.80292236e+02, 6.74796045e-01, 9.86466492e+02, 6.06824951e+02,
       7.12237656e-01, 1.11892078e+03, 6.62742004e+02, 7.96368599e-01,
       8.33460388e+02, 4.33080322e+02, 6.12214327e-01, 1.00119427e+03,
       3.89102173e+02, 7.78859794e-01, 1.14245007e+03, 3.65394470e+02,
       8.73986423e-01, 1.12482336e+03, 5.03791199e+02, 5.77342808e-01,
       1.12195483e+03, 5.50928345e+02, 6.23369217e-01, 1.33968542e+03,
       6.24576721e+02, 7.33817101e-01, 1.54283667e+03, 6.71609070e+02,
       6.38486207e-01, 1.12779529e+03, 4.53748016e+02, 5.55012226e-01,
       1.32788049e+03, 4.56823059e+02, 7.57391572e-01, 1.56630005e+03,
       4.68469452e+02, 6.71725750e-01, 6.98053955e+02, 5.06681183e+02,
       8.08351099e-01, 7.06826599e+02, 4.77311523e+02, 8.55381012e-01,
       7.18525452e+02, 5.27442017e+02, 5.37679970e-01, 7.39129395e+02,
       4.47893402e+02, 5.74258983e-01, 1.64279333e+03, 4.39087402e+02,
       3.92990142e-01, 1.63696240e+03, 4.39029083e+02, 4.26879168e-01,
       1.60162097e+03, 4.77240448e+02, 3.05977285e-01, 1.62521167e+03,
       6.59775757e+02, 4.35278535e-01, 1.61631738e+03, 6.71601807e+02,
       3.75795573e-01, 1.56924194e+03, 6.71524658e+02, 2.73414254e-01 ]
