%YAML:1.0
---
pose_0: !!opencv-matrix
   rows: 1
   cols: 25
   dt: "3f"
   data: [ 7.68751038e+02, 4.18447784e+02, 8.29453111e-01,
       8.83566040e+02, 4.41964874e+02, 7.21491694e-01, 8.83408936e+02,
       5.24348267e+02, 7.73871779e-01, 1.00419159e+03, 5.71513428e+02,
       7.43719935e-01, 1.06589221e+03, 6.12706360e+02, 7.48649776e-01,
       8.92256348e+02, 3.65506653e+02, 6.45613730e-01, 1.03655762e+03,
       3.18462433e+02, 7.84412742e-01, 1.13067981e+03, 2.47892334e+02,
       7.79156446e-01, 1.14545276e+03, 4.27313477e+02, 5.28128386e-01,
       1.14542554e+03, 4.77324188e+02, 5.76673508e-01, 1.35436023e+03,
       4.86238678e+02, 7.50392020e-01, 1.53689954e+03, 5.77295044e+02,
       5.74566245e-01, 1.14244617e+03, 3.71309479e+02, 5.24590373e-01,
       1.34556445e+03, 3.30133759e+02, 5.57857037e-01, 1.57220276e+03,
       3.09556030e+02, 5.51031232e-01, 7.56965088e+02, 4.36096832e+02,
       8.62462401e-01, 7.62715454e+02, 4.06574341e+02, 8.69173229e-01,
       7.71644897e+02, 4.62630585e+02, 5.50851464e-01, 7.83373718e+02,
       3.83137421e+02, 4.71375078e-01, 1.63986755e+03, 2.71299255e+02,
       5.44806302e-01, 1.63705945e+03, 2.71223328e+02, 4.97543931e-01,
       1.60159705e+03, 3.18434723e+02, 2.38962442e-01, 1.61331848e+03,
       5.95065430e+02, 4.46962148e-01, 1.59865088e+03, 6.03869019e+02,
       3.88236284e-01, 1.56627527e+03, 5.68569397e+02, 3.35167617e-01 ]
