%YAML:1.0
---
pose_0: !!opencv-matrix
   rows: 1
   cols: 25
   dt: "3f"
   data: [ 7.62788757e+02, 5.77269043e+02, 8.44414473e-01,
       8.53974121e+02, 5.77282410e+02, 7.29260385e-01, 8.39310547e+02,
       6.33266235e+02, 6.69188738e-01, 9.77726746e+02, 6.59761475e+02,
       3.78576130e-01, 9.77570923e+02, 7.12724670e+02, 6.13218307e-01,
       8.59964355e+02, 5.15528076e+02, 6.67081952e-01, 1.00110193e+03,
       4.65551086e+02, 7.97882557e-01, 1.05717615e+03, 4.30114563e+02,
       7.95480490e-01, 1.13364185e+03, 5.77468445e+02, 5.68638563e-01,
       1.13362610e+03, 6.24479858e+02, 5.98927617e-01, 1.33678113e+03,
       6.47983887e+02, 6.94379807e-01, 1.51336035e+03, 6.42110901e+02,
       5.73366344e-01, 1.13660803e+03, 5.30250183e+02, 6.02267325e-01,
       1.33378076e+03, 5.24421021e+02, 6.74965143e-01, 1.51628101e+03,
       4.65536652e+02, 5.11428773e-01, 7.45111816e+02, 5.86211365e+02,
       7.38567293e-01, 7.48134155e+02, 5.53857117e+02, 8.15260112e-01,
       7.62752625e+02, 6.06815308e+02, 4.35550272e-01, 7.83334839e+02,
       5.30415649e+02, 6.31294370e-01, 1.61041797e+03, 4.39051025e+02,
       4.56276506e-01, 1.60748694e+03, 4.36058594e+02, 4.56356734e-01,
       0., 0., 0., 1.58679004e+03, 6.65637146e+02, 1.81202352e-01,
       1.58389185e+03, 6.68515564e+02, 2.44100392e-01, 1.54574133e+03,
       6.27435730e+02, 3.03356081e-01 ]
