%YAML:1.0
---
pose_0: !!opencv-matrix
   rows: 1
   cols: 25
   dt: "3f"
   data: [ 7.33333801e+02, 4.36242615e+02, 8.68222654e-01,
       8.39320435e+02, 4.83203522e+02, 6.78424895e-01, 8.39376343e+02,
       5.77271179e+02, 6.93689287e-01, 9.98296387e+02, 5.95038574e+02,
       6.95856929e-01, 1.13952307e+03, 6.00866394e+02, 3.86277348e-01,
       8.30454346e+02, 4.12474243e+02, 6.59831822e-01, 9.77777161e+02,
       3.65516418e+02, 8.26129735e-01, 9.62966064e+02, 3.03704590e+02,
       7.90511489e-01, 1.11603186e+03, 4.68447479e+02, 5.86675882e-01,
       1.11301550e+03, 5.15531189e+02, 5.85236549e-01, 1.31325598e+03,
       5.42039978e+02, 5.92548728e-01, 1.49569983e+03, 5.21446838e+02,
       4.86683339e-01, 1.11891675e+03, 4.12602112e+02, 5.93299329e-01,
       1.33386169e+03, 4.30259094e+02, 6.65187120e-01, 1.57216309e+03,
       4.39074310e+02, 5.62998474e-01, 7.12785645e+02, 4.53757324e+02,
       8.64981174e-01, 7.24510010e+02, 4.15494843e+02, 8.64105344e-01,
       7.18679993e+02, 4.83238464e+02, 7.40802884e-01, 7.56889282e+02,
       4.06720703e+02, 5.90007484e-01, 1.64874561e+03, 4.21395203e+02,
       3.12501252e-01, 1.63994763e+03, 4.15501831e+02, 3.46218795e-01,
       1.59278149e+03, 4.39102020e+02, 2.17956170e-01, 1.55743787e+03,
       5.27430847e+02, 1.74765706e-01, 1.53975659e+03, 5.36254578e+02,
       1.69462532e-01, 1.52513391e+03, 5.03835266e+02, 2.90517122e-01 ]
