%YAML:1.0
---
pose_0: !!opencv-matrix
   rows: 1
   cols: 25
   dt: "3f"
   data: [ 0., 0., 0., 8.86386230e+02, 5.27262329e+02, 8.00428838e-02,
       8.30510254e+02, 5.53805847e+02, 1.17269836e-01, 7.68738525e+02,
       5.27425720e+02, 2.25609496e-01, 0., 0., 0., 0., 0., 0., 0., 0.,
       0., 0., 0., 0., 1.11013574e+03, 5.74329346e+02, 4.81195360e-01,
       1.08945752e+03, 6.00982666e+02, 3.80078554e-01, 1.37505334e+03,
       5.15618530e+02, 7.60078371e-01, 1.63406714e+03, 7.15685120e+02,
       5.31943798e-01, 1.12480981e+03, 5.36145691e+02, 3.84059072e-01,
       1.38090881e+03, 5.06655731e+02, 3.95849913e-01, 1.60457422e+03,
       6.50944092e+02, 2.74549097e-01, 0., 0., 0., 0., 0., 0., 0., 0.,
       0., 0., 0., 0., 1.69879614e+03, 5.98049194e+02, 1.94762319e-01,
       1.69286365e+03, 6.00912476e+02, 1.81345329e-01, 1.65158862e+03,
       6.62747192e+02, 7.44071826e-02, 1.68406775e+03, 7.21640381e+02,
       3.51236254e-01, 1.66933081e+03, 7.39183411e+02, 4.05951917e-01,
       1.64871497e+03, 7.39222412e+02, 3.26212883e-01 ]
