%YAML:1.0
---
pose_0: !!opencv-matrix
   rows: 1
   cols: 25
   dt: "3f"
   data: [ 7.33308838e+02, 5.03645203e+02, 7.42018044e-01,
       7.98122559e+02, 4.15505066e+02, 5.34316480e-01, 7.95152344e+02,
       4.03703491e+02, 4.01148140e-01, 0., 0., 0., 0., 0., 0.,
       7.98096069e+02, 4.33271790e+02, 7.27321267e-01, 9.51290649e+02,
       4.92078644e+02, 8.22600186e-01, 9.01182617e+02, 5.59767517e+02,
       7.47968435e-01, 1.11305310e+03, 4.15537231e+02, 3.83962363e-01,
       1.09536633e+03, 4.41958221e+02, 2.44640067e-01, 1.33380334e+03,
       4.50819427e+02, 4.46932137e-01, 1.57225598e+03, 3.94890442e+02,
       2.29538947e-01, 1.11891223e+03, 3.94869965e+02, 3.26176971e-01,
       1.33675928e+03, 4.65589386e+02, 5.98726630e-01, 1.63690710e+03,
       4.09501923e+02, 5.04597127e-01, 7.15744995e+02, 5.03879913e+02,
       6.23420514e-02, 7.18645752e+02, 4.83231964e+02, 8.02175224e-01,
       0., 0., 0., 7.21682922e+02, 4.39045868e+02, 6.53464854e-01,
       1.65755847e+03, 4.80212402e+02, 2.62961626e-01, 1.66935266e+03,
       4.62603241e+02, 2.73465425e-01, 1.66930273e+03, 3.86075439e+02,
       2.98561513e-01, 0., 0., 0., 0., 0., 0., 1.58989551e+03,
       3.65327271e+02, 1.73168689e-01 ]
