%YAML:1.0
---
pose_0: !!opencv-matrix
   rows: 2
   cols: 25
   dt: "3f"
   data: [ 7.77522034e+02, 4.27256744e+02, 6.66535854e-01,
       8.54020630e+02, 3.47814667e+02, 3.52086663e-01, 8.53978943e+02,
       3.83098480e+02, 1.69462323e-01, 0., 0., 0., 0., 0., 0.,
       8.53985962e+02, 3.33116028e+02, 6.64473891e-01, 9.51196777e+02,
       4.36097443e+02, 7.15126991e-01, 9.77636108e+02, 5.56819824e+02,
       7.76561618e-01, 1.16013000e+03, 3.59507843e+02, 4.90189642e-01,
       1.16308838e+03, 4.06657837e+02, 5.01526833e-01, 1.34552576e+03,
       5.03644806e+02, 7.29123592e-01, 1.56632520e+03, 5.50852173e+02,
       7.27770805e-01, 1.16008813e+03, 3.00695129e+02, 3.84831995e-01,
       1.38091296e+03, 2.50707169e+02, 3.62806112e-01, 1.42805444e+03,
       2.00679199e+02, 7.48197436e-02, 7.62910522e+02, 4.30107208e+02,
       1.55306414e-01, 7.65744751e+02, 4.09637390e+02, 7.03609586e-01,
       0., 0., 0., 7.62874512e+02, 3.68416016e+02, 6.60644650e-01, 0.,
       0., 0., 0., 0., 0., 0., 0., 0., 1.58393103e+03, 6.24446899e+02,
       6.24167919e-01, 1.56627246e+03, 6.15680786e+02, 5.80197275e-01,
       1.59276062e+03, 5.33287048e+02, 5.51752806e-01, 0., 0., 0., 0.,
       0., 0., 9.39372314e+02, 3.59582642e+02, 6.32794127e-02,
       1.04535913e+03, 4.21386322e+02, 4.35099989e-01, 1.13940564e+03,
       4.86214111e+02, 6.77041769e-01, 0., 0., 0., 0., 0., 0., 0., 0.,
       0., 0., 0., 0., 0., 0., 0., 0., 0., 0., 0., 0., 0., 0., 0., 0.,
       0., 0., 0., 0., 0., 0., 0., 0., 0., 0., 0., 0., 0., 0., 0., 0.,
       0., 0., 0., 0., 0., 0., 0., 0., 0., 0., 0., 0., 0., 0., 0., 0.,
       0., 0., 0., 0. ]
