%YAML:1.0
---
pose_0: !!opencv-matrix
   rows: 1
   cols: 25
   dt: "3f"
   data: [ 6.92230103e+02, 4.71367737e+02, 7.56608427e-01,
       7.98129395e+02, 5.45027222e+02, 6.43989861e-01, 7.92314392e+02,
       6.21550171e+02, 7.09044397e-01, 9.30647644e+02, 6.62666870e+02,
       7.61707246e-01, 1.09237146e+03, 6.71707581e+02, 8.03849399e-01,
       7.92233215e+02, 4.71372925e+02, 5.36153376e-01, 9.74765747e+02,
       4.36179718e+02, 8.20699930e-01, 1.11600476e+03, 4.09727692e+02,
       8.39871049e-01, 1.07485815e+03, 5.36140503e+02, 5.84084392e-01,
       1.06897754e+03, 5.86243469e+02, 5.75564981e-01, 1.31024866e+03,
       5.89120605e+02, 7.14618742e-01, 1.57218494e+03, 6.01000732e+02,
       5.42966247e-01, 1.08360608e+03, 4.83246063e+02, 5.92220724e-01,
       1.31323206e+03, 4.59686401e+02, 7.35333502e-01, 1.50449500e+03,
       5.09778625e+02, 5.54751098e-01, 6.71518982e+02, 4.83137665e+02,
       8.05343449e-01, 6.71696472e+02, 4.56820068e+02, 4.55670357e-01,
       6.92042297e+02, 5.27402954e+02, 6.58913374e-01, 0., 0., 0.,
       1.60460706e+03, 4.80318939e+02, 1.64346188e-01, 1.59870117e+03,
       4.80307129e+02, 1.68613628e-01, 1.52512708e+03, 5.36132141e+02,
       4.35913235e-01, 1.65454163e+03, 5.71466553e+02, 4.08158690e-01,
       1.64575366e+03, 5.80306396e+02, 3.37472409e-01, 1.60166272e+03,
       6.06772705e+02, 2.64186233e-01 ]
