%YAML:1.0
---
pose_0: !!opencv-matrix
   rows: 1
   cols: 25
   dt: "3f"
   data: [ 7.15637451e+02, 3.86001404e+02, 8.85900021e-01,
       8.15741943e+02, 3.88896912e+02, 8.36772621e-01, 8.09905090e+02,
       4.53802002e+02, 7.22668409e-01, 8.39350830e+02, 5.53870605e+02,
       8.36685061e-01, 7.92290955e+02, 4.36209198e+02, 7.88071275e-01,
       8.27595398e+02, 3.21299164e+02, 7.24538803e-01, 8.33325989e+02,
       2.33050369e+02, 7.89346516e-01, 6.95195618e+02, 2.06481461e+02,
       7.25813866e-01, 1.09539185e+03, 3.94941864e+02, 5.18686473e-01,
       1.09540198e+03, 4.44948578e+02, 5.07054031e-01, 1.31022241e+03,
       4.56809784e+02, 7.68785596e-01, 1.52806567e+03, 4.80117920e+02,
       5.97850382e-01, 1.09541138e+03, 3.41911194e+02, 5.08624077e-01,
       1.33674695e+03, 3.18310486e+02, 7.20963895e-01, 1.57223633e+03,
       2.97722321e+02, 6.20071650e-01, 6.98014343e+02, 3.94911865e+02,
       7.80877948e-01, 7.03977783e+02, 3.62597321e+02, 8.70897889e-01,
       7.18718872e+02, 4.21436646e+02, 5.54295182e-01, 7.39271606e+02,
       3.41832947e+02, 6.10832870e-01, 1.63990833e+03, 2.68388580e+02,
       5.43623507e-01, 1.63686047e+03, 2.68315887e+02, 5.60989916e-01,
       1.61040222e+03, 3.12490875e+02, 2.37724066e-01, 1.60755408e+03,
       4.71372070e+02, 4.22115237e-01, 1.59575378e+03, 4.83150543e+02,
       3.78424346e-01, 1.56332629e+03, 4.74340271e+02, 3.07797283e-01 ]
