%YAML:1.0
---
pose_0: !!opencv-matrix
   rows: 1
   cols: 25
   dt: "3f"
   data: [ 7.01010864e+02, 3.85974152e+02, 8.41191292e-01,
       7.92313660e+02, 3.91914764e+02, 7.21555412e-01, 7.71645996e+02,
       4.59658508e+02, 4.75675225e-01, 8.80435364e+02, 5.50831726e+02,
       4.99727041e-01, 8.12885620e+02, 5.12605347e+02, 4.51039135e-01,
       8.09820923e+02, 3.18374878e+02, 7.78139949e-01, 8.60038208e+02,
       3.59620117e+02, 8.40836644e-01, 7.51014343e+02, 4.56773285e+02,
       7.70765424e-01, 1.11891174e+03, 4.33202515e+02, 5.78928292e-01,
       1.11303149e+03, 4.83184662e+02, 5.55369496e-01, 1.34553357e+03,
       5.06663849e+02, 6.80972457e-01, 1.63693640e+03, 5.39139771e+02,
       5.18036664e-01, 1.12480286e+03, 3.77198547e+02, 5.03158689e-01,
       1.38085278e+03, 3.62582794e+02, 6.93739355e-01, 1.54868066e+03,
       3.15475403e+02, 6.20795608e-01, 6.86316101e+02, 3.97898193e+02,
       8.10875416e-01, 6.92272705e+02, 3.62451324e+02, 8.91717076e-01,
       6.98115051e+02, 4.33005157e+02, 6.70578539e-01, 7.15721802e+02,
       3.38830933e+02, 5.49116910e-01, 1.63111304e+03, 3.15333344e+02,
       5.84142029e-01, 1.62810547e+03, 3.03611938e+02, 5.33745587e-01,
       1.56045837e+03, 2.97779877e+02, 2.69412160e-01, 1.73413428e+03,
       5.21410461e+02, 4.65507507e-01, 1.73110132e+03, 5.33199158e+02,
       4.17231947e-01, 1.68104736e+03, 5.50912109e+02, 2.48848692e-01 ]
