%YAML:1.0
---
pose_0: !!opencv-matrix
   rows: 1
   cols: 25
   dt: "3f"
   data: [ 7.42227112e+02, 5.47835083e+02, 8.38922620e-01,
       8.59848572e+02, 5.53760071e+02, 6.69623971e-01, 8.57076355e+02,
       6.27435425e+02, 6.35528564e-01, 9.98244873e+02, 6.65678955e+02,
       6.28808320e-01, 1.11592053e+03, 6.92196350e+02, 7.28422999e-01,
       8.71729614e+02, 4.74373383e+02, 5.89118242e-01, 1.00119543e+03,
       4.59545685e+02, 7.03330815e-01, 1.12774097e+03, 4.77284393e+02,
       4.30484295e-01, 1.10132605e+03, 5.62697144e+02, 5.82071304e-01,
       1.09838440e+03, 6.03952759e+02, 6.19173169e-01, 1.26314246e+03,
       6.42077576e+02, 2.49053240e-01, 1.50744885e+03, 6.24557678e+02,
       1.59294575e-01, 1.11008789e+03, 5.12659790e+02, 5.89880943e-01,
       1.31320093e+03, 5.30286072e+02, 6.78594053e-01, 1.56922192e+03,
       5.42025696e+02, 6.15355432e-01, 7.33324524e+02, 5.56783081e+02,
       7.88977742e-01, 7.33410095e+02, 5.27279724e+02, 8.17685068e-01,
       7.42247742e+02, 5.83213257e+02, 5.82627892e-01, 7.56934753e+02,
       5.00800812e+02, 5.46126366e-01, 1.62518396e+03, 5.00860229e+02,
       3.75361681e-01, 1.61929517e+03, 5.00866547e+02, 3.88085186e-01,
       1.59284143e+03, 5.50963257e+02, 4.21880603e-01, 1.48975391e+03,
       6.62759766e+02, 1.56396315e-01, 1.48391650e+03, 6.56875305e+02,
       1.79689080e-01, 1.53389526e+03, 6.27400696e+02, 1.05861939e-01 ]
