%YAML:1.0
---
pose_0: !!opencv-matrix
   rows: 1
   cols: 25
   dt: "3f"
   data: [ 7.36311829e+02, 5.00795288e+02, 7.80284107e-01,
       8.57002258e+02, 5.09694336e+02, 6.64130330e-01, 8.59994629e+02,
       5.77356445e+02, 5.63781500e-01, 9.98309204e+02, 6.50939392e+02,
       8.19873691e-01, 9.04120972e+02, 5.97884338e+02, 7.41410255e-01,
       8.62892090e+02, 4.39036835e+02, 5.10991812e-01, 9.74603699e+02,
       3.39038239e+02, 6.11561000e-01, 9.57075012e+02, 3.89108215e+02,
       7.43006110e-01, 1.12480603e+03, 5.53762695e+02, 5.17231047e-01,
       1.12184546e+03, 6.00933899e+02, 5.70740402e-01, 1.28670325e+03,
       6.45087524e+02, 1.71968699e-01, 0., 0., 0., 1.12190955e+03,
       4.97911133e+02, 4.98075843e-01, 1.36325476e+03, 5.39154724e+02,
       6.30698323e-01, 1.63398901e+03, 5.06701355e+02, 4.88814831e-01,
       7.18632324e+02, 5.09645813e+02, 7.35972881e-01, 7.21646667e+02,
       4.83164154e+02, 7.57612348e-01, 7.39146545e+02, 5.27428101e+02,
       5.29619694e-01, 7.45140198e+02, 4.80181183e+02, 3.87247801e-01,
       1.71058752e+03, 4.62626373e+02, 1.48429200e-01, 1.71056433e+03,
       4.68467346e+02, 1.70457587e-01, 1.68404700e+03, 5.47929871e+02,
       1.78029314e-01, 0., 0., 0., 0., 0., 0., 0., 0., 0. ]
