%YAML:1.0
---
pose_0: !!opencv-matrix
   rows: 1
   cols: 25
   dt: "3f"
   data: [ 7.06907898e+02, 5.33211182e+02, 2.08535597e-01,
       8.36368835e+02, 5.03830627e+02, 3.38926107e-01, 8.12826965e+02,
       5.50870483e+02, 1.70785710e-01, 0., 0., 0., 0., 0., 0.,
       8.36312439e+02, 4.53733246e+02, 3.53513002e-01, 8.59944580e+02,
       4.15474762e+02, 2.30765760e-01, 9.30632996e+02, 3.88996216e+02,
       4.95569229e-01, 1.11594946e+03, 5.47922607e+02, 4.85637903e-01,
       1.10423425e+03, 5.98064758e+02, 5.04565179e-01, 1.29259473e+03,
       6.24550842e+02, 2.65597850e-01, 1.61046790e+03, 6.21443054e+02,
       2.07542479e-01, 1.12185095e+03, 4.80325867e+02, 4.57791150e-01,
       1.34853223e+03, 5.06813721e+02, 5.30778110e-01, 1.63396179e+03,
       4.68522522e+02, 4.68418032e-01, 7.00995605e+02, 5.30283020e+02,
       9.66827795e-02, 6.98106812e+02, 5.24340149e+02, 2.09887207e-01,
       0., 0., 0., 7.30411987e+02, 4.94969269e+02, 2.79924005e-01,
       1.77533130e+03, 5.50972900e+02, 6.30125329e-02, 1.77820166e+03,
       5.42034546e+02, 6.46797270e-02, 1.65458130e+03, 4.62575623e+02,
       2.23670691e-01, 0., 0., 0., 0., 0., 0., 0., 0., 0. ]
