%YAML:1.0
---
pose_0: !!opencv-matrix
   rows: 1
   cols: 25
   dt: "3f"
   data: [ 7.48116821e+02, 3.09578552e+02, 6.88075006e-01,
       8.53959167e+02, 2.65425659e+02, 6.40940666e-01, 8.51087463e+02,
       3.38951385e+02, 6.01130486e-01, 8.62846619e+02, 4.80250397e+02,
       6.79626703e-01, 8.83380859e+02, 6.18563416e+02, 6.46282375e-01,
       8.48180481e+02, 1.91765717e+02, 3.73526454e-01, 1.00127277e+03,
       1.09355476e+02, 3.89649540e-01, 1.14836182e+03, 9.46893158e+01,
       5.04890084e-01, 1.13070691e+03, 2.80114685e+02, 3.70459795e-01,
       1.13068579e+03, 3.41934021e+02, 3.64287198e-01, 1.33965173e+03,
       4.30210266e+02, 2.30429739e-01, 1.35446289e+03, 4.33113647e+02,
       7.32898936e-02, 1.14543945e+03, 2.18233780e+02, 3.82941723e-01,
       1.33089124e+03, 1.91796051e+02, 2.16914847e-01, 1.41909509e+03,
       1.56471512e+02, 2.77011812e-01, 7.36308472e+02, 3.18374298e+02,
       6.98511839e-01, 7.39135071e+02, 2.91897614e+02, 6.91016495e-01,
       7.62695129e+02, 3.30105896e+02, 7.08856285e-02, 7.42317383e+02,
       2.47744690e+02, 5.02966046e-01, 1.53976868e+03, 1.29957458e+02,
       1.10658221e-01, 1.53689539e+03, 1.27057999e+02, 1.27043501e-01,
       1.43384192e+03, 1.71206360e+02, 8.19542482e-02, 0., 0., 0., 0.,
       0., 0., 0., 0., 0. ]
