%YAML:1.0
---
pose_0: !!opencv-matrix
   rows: 1
   cols: 25
   dt: "3f"
   data: [ 9.24688843e+02, 4.59664246e+02, 1.82285130e-01,
       1.00416840e+03, 4.53674194e+02, 4.07474697e-01, 9.98303894e+02,
       4.56713745e+02, 2.68535793e-01, 9.42327698e+02, 5.47931519e+02,
       3.16934288e-01, 8.59974976e+02, 5.77376526e+02, 3.95981491e-01,
       1.00709442e+03, 4.56680725e+02, 3.56900722e-01, 9.51130310e+02,
       5.50824097e+02, 4.75579679e-01, 8.57021667e+02, 5.77338684e+02,
       5.98120809e-01, 1.16897705e+03, 4.33170197e+02, 4.18720812e-01,
       1.16898022e+03, 4.21415314e+02, 3.33514065e-01, 1.33675464e+03,
       4.77286865e+02, 6.95555091e-01, 1.55744629e+03, 3.86182495e+02,
       7.54128695e-01, 1.16896802e+03, 4.39098053e+02, 4.05009627e-01,
       1.34556140e+03, 5.06866272e+02, 6.93756044e-01, 1.62226953e+03,
       4.36030182e+02, 6.19530559e-01, 0., 0., 0., 9.24660400e+02,
       4.47850372e+02, 1.64655402e-01, 0., 0., 0., 9.48208984e+02,
       4.36079529e+02, 2.43213326e-01, 1.69578699e+03, 3.88980377e+02,
       2.71893650e-01, 1.68411975e+03, 3.89015656e+02, 2.92302758e-01,
       1.64871777e+03, 4.39027405e+02, 2.42458582e-01, 1.58683459e+03,
       3.27208893e+02, 4.04475063e-01, 1.58397595e+03, 3.38920959e+02,
       3.47772956e-01, 1.57807959e+03, 3.71340729e+02, 3.96535158e-01 ]
