%YAML:1.0
---
pose_0: !!opencv-matrix
   rows: 1
   cols: 25
   dt: "3f"
   data: [ 7.18638489e+02, 5.53800049e+02, 8.80250633e-01,
       8.24568970e+02, 5.50781677e+02, 6.64708197e-01, 8.09916687e+02,
       6.18489685e+02, 5.98889351e-01, 9.95319153e+02, 6.50999634e+02,
       5.70629478e-01, 1.16308105e+03, 6.92133606e+02, 7.03304172e-01,
       8.36353821e+02, 4.77321198e+02, 6.24538481e-01, 9.86500610e+02,
       4.15489136e+02, 7.51028419e-01, 1.11901111e+03, 3.62407074e+02,
       8.44677389e-01, 1.11601135e+03, 5.39111572e+02, 5.74998438e-01,
       1.10712415e+03, 5.92124695e+02, 6.07319891e-01, 1.28071545e+03,
       6.56803528e+02, 6.71202421e-01, 1.49861938e+03, 6.80440369e+02,
       5.84106147e-01, 1.12184570e+03, 4.83105438e+02, 5.72802961e-01,
       1.36027527e+03, 5.62662537e+02, 6.49937510e-01, 1.61044299e+03,
       6.00983704e+02, 4.79807824e-01, 7.06828247e+02, 5.71417419e+02,
       7.54316092e-01, 7.06851135e+02, 5.33242310e+02, 7.85778821e-01,
       7.18731873e+02, 5.92084900e+02, 3.63735288e-01, 7.30458557e+02,
       5.06836273e+02, 5.40518641e-01, 1.70161084e+03, 5.92083618e+02,
       2.09571138e-01, 1.69289136e+03, 5.80376221e+02, 2.39332095e-01,
       1.62516638e+03, 6.15605896e+02, 2.57276118e-01, 1.57805554e+03,
       7.12678955e+02, 3.76803070e-01, 1.55162134e+03, 7.18652222e+02,
       3.87364209e-01, 1.52509399e+03, 6.65670837e+02, 4.31647539e-01 ]
