%YAML:1.0
---
pose_0: !!opencv-matrix
   rows: 1
   cols: 25
   dt: "3f"
   data: [ 6.89237671e+02, 5.47898621e+02, 4.59543079e-01,
       7.62760010e+02, 4.80239258e+02, 3.78307283e-01, 7.62746338e+02,
       4.77339081e+02, 3.20033193e-01, 9.21700134e+02, 5.12664551e+02,
       1.20686598e-01, 8.57031189e+02, 5.89178345e+02, 1.34783760e-01,
       7.56898010e+02, 4.83134552e+02, 6.46914065e-01, 9.09910706e+02,
       5.09754181e+02, 7.42620349e-01, 8.57019287e+02, 5.95092712e+02,
       7.06046104e-01, 1.12186963e+03, 4.53756775e+02, 3.06260109e-01,
       1.11896289e+03, 4.50835663e+02, 1.85030237e-01, 1.34841760e+03,
       5.03756927e+02, 3.56459737e-01, 1.41324207e+03, 4.53660767e+02,
       7.84537196e-02, 1.13068372e+03, 4.36164246e+02, 3.23252618e-01,
       1.35152502e+03, 5.15557617e+02, 6.60577357e-01, 1.66052002e+03,
       4.12473846e+02, 5.04714549e-01, 6.74486938e+02, 5.33351135e+02,
       7.47189969e-02, 6.77493164e+02, 5.27457703e+02, 4.49307680e-01,
       0., 0., 0., 6.92150269e+02, 4.86169159e+02, 5.50277770e-01,
       1.72813562e+03, 3.62511139e+02, 3.54356438e-01, 1.72818127e+03,
       3.62550446e+02, 3.34211737e-01, 1.70467993e+03, 4.18439392e+02,
       1.50095463e-01, 0., 0., 0., 0., 0., 0., 0., 0., 0. ]
