%YAML:1.0
---
pose_0: !!opencv-matrix
   rows: 1
   cols: 25
   dt: "3f"
   data: [ 7.18530273e+02, 6.01037048e+02, 8.79679859e-01,
       8.27486938e+02, 5.92119812e+02, 6.97982728e-01, 8.09839783e+02,
       6.48016663e+02, 5.68430841e-01, 9.54129700e+02, 6.80371460e+02,
       8.55539814e-02, 1.06303186e+03, 7.15807800e+02, 1.28717944e-01,
       8.42244690e+02, 5.27406860e+02, 6.98185086e-01, 9.80579224e+02,
       4.97921143e+02, 7.58421421e-01, 1.12192493e+03, 4.86235718e+02,
       7.90077269e-01, 1.11599182e+03, 6.24529480e+02, 5.18888056e-01,
       1.10419360e+03, 6.74536926e+02, 4.53144491e-01, 1.30442261e+03,
       6.68631897e+02, 3.90278667e-01, 1.49863721e+03, 6.42064392e+02,
       4.00643319e-01, 1.13067078e+03, 5.77443970e+02, 4.63458210e-01,
       1.32778906e+03, 6.59767761e+02, 5.78616560e-01, 1.55157373e+03,
       6.71668213e+02, 5.70343316e-01, 6.98067261e+02, 6.06880005e+02,
       8.10938239e-01, 7.12814270e+02, 5.77480164e+02, 8.54557991e-01,
       7.18535583e+02, 6.24515015e+02, 1.64210707e-01, 7.39322327e+02,
       5.53809448e+02, 6.09520257e-01, 1.63406201e+03, 6.45053101e+02,
       5.24776936e-01, 1.63394458e+03, 6.42151794e+02, 4.89353448e-01,
       1.57223706e+03, 6.92134644e+02, 3.25721800e-01, 0., 0., 0., 0.,
       0., 0., 1.51620215e+03, 6.18571167e+02, 2.37440169e-01 ]
