%YAML:1.0
---
pose_0: !!opencv-matrix
   rows: 1
   cols: 25
   dt: "3f"
   data: [ 7.86227600e+02, 5.09695618e+02, 8.35453868e-01,
       8.83477417e+02, 5.06690186e+02, 8.07339311e-01, 8.80604492e+02,
       5.74373352e+02, 7.03459978e-01, 9.89397095e+02, 6.45121521e+02,
       8.00344825e-01, 9.27499451e+02, 7.18666199e+02, 8.58676195e-01,
       8.89416870e+02, 4.36170532e+02, 6.98862612e-01, 9.77794495e+02,
       3.39049500e+02, 8.13459575e-01, 9.77647888e+02, 2.18219208e+02,
       8.22072029e-01, 1.13656409e+03, 5.30190735e+02, 5.92806339e-01,
       1.12780066e+03, 5.74385925e+02, 5.90604782e-01, 1.33964832e+03,
       6.18555359e+02, 7.55551755e-01, 1.51926123e+03, 6.27469971e+02,
       6.81344748e-01, 1.13953027e+03, 4.80193451e+02, 5.47107220e-01,
       1.36909045e+03, 4.62653595e+02, 6.94982767e-01, 1.54572571e+03,
       4.42050293e+02, 6.33482337e-01, 7.68705139e+02, 5.27418152e+02,
       7.88507462e-01, 7.65795410e+02, 4.94956818e+02, 7.89882302e-01,
       7.92281677e+02, 5.47957520e+02, 4.37810391e-01, 7.89233826e+02,
       4.62553986e+02, 4.93058175e-01, 1.61334937e+03, 4.21415863e+02,
       4.09825623e-01, 1.61035693e+03, 4.18493866e+02, 4.37514961e-01,
       1.58394507e+03, 4.42014221e+02, 2.46378526e-01, 1.57217102e+03,
       6.80386047e+02, 5.49453020e-01, 1.57216418e+03, 6.74541748e+02,
       5.39633512e-01, 1.54865320e+03, 6.09721741e+02, 5.04212260e-01 ]
