%YAML:1.0
---
pose_0: !!opencv-matrix
   rows: 1
   cols: 25
   dt: "3f"
   data: [ 7.62765625e+02, 3.86096710e+02, 8.75142455e-01,
       8.80458801e+02, 4.09486786e+02, 7.50099897e-01, 8.65843018e+02,
       4.86197144e+02, 7.28112102e-01, 9.98162476e+02, 5.44926880e+02,
       6.09580040e-01, 1.01876862e+03, 5.50773315e+02, 5.16498983e-01,
       8.83483032e+02, 3.27251892e+02, 6.28212333e-01, 1.02467151e+03,
       2.91912903e+02, 8.19352448e-01, 1.09534937e+03, 2.50627228e+02,
       8.80142093e-01, 1.11895544e+03, 3.86005371e+02, 6.00201666e-01,
       1.12480151e+03, 4.33161652e+02, 6.05765343e-01, 1.34844067e+03,
       4.36186920e+02, 8.25569749e-01, 1.52216833e+03, 5.33291809e+02,
       6.08774483e-01, 1.11891650e+03, 3.36009186e+02, 6.00722253e-01,
       1.33081360e+03, 2.94950439e+02, 7.14338481e-01, 1.54573706e+03,
       2.91840057e+02, 5.39352775e-01, 7.45110962e+02, 4.06660767e+02,
       8.06376219e-01, 7.45203796e+02, 3.65531982e+02, 8.13400924e-01,
       7.65682678e+02, 4.33136505e+02, 5.16779780e-01, 7.74602539e+02,
       3.41983521e+02, 3.68986696e-01, 1.63408167e+03, 2.68289795e+02,
       4.19989347e-01, 1.63391797e+03, 2.65377350e+02, 4.29725528e-01,
       1.57512378e+03, 2.83092896e+02, 2.64529347e-01, 1.61641284e+03,
       5.39069336e+02, 5.40574849e-01, 1.61035083e+03, 5.50908142e+02,
       4.92542505e-01, 1.54277307e+03, 5.53768921e+02, 3.54540795e-01 ]
