%YAML:1.0
---
pose_0: !!opencv-matrix
   rows: 1
   cols: 25
   dt: "3f"
   data: [ 7.45174744e+02, 5.56728149e+02, 8.92441213e-01,
       8.59906067e+02, 5.80314270e+02, 7.44573593e-01, 8.56937195e+02,
       6.53958008e+02, 6.63302362e-01, 9.74704346e+02, 7.03901123e+02,
       7.33062148e-01, 1.06880798e+03, 7.33366882e+02, 8.38842273e-01,
       8.68768799e+02, 5.18478210e+02, 6.46559894e-01, 9.95286926e+02,
       4.77350403e+02, 6.76216424e-01, 1.10417712e+03, 4.56801971e+02,
       6.66435778e-01, 1.11886267e+03, 5.71445374e+02, 5.68754673e-01,
       1.11604700e+03, 6.21411072e+02, 5.89127064e-01, 1.32792090e+03,
       6.30411987e+02, 7.26347804e-01, 1.55457397e+03, 6.59798523e+02,
       5.76744556e-01, 1.11595972e+03, 5.09769226e+02, 6.17935419e-01,
       1.31911279e+03, 4.71450745e+02, 6.30935013e-01, 1.55156592e+03,
       4.39039673e+02, 5.74932754e-01, 7.33304993e+02, 5.74297974e+02,
       8.40078592e-01, 7.42161133e+02, 5.36187561e+02, 9.03114796e-01,
       7.39300537e+02, 6.00796875e+02, 7.45484531e-01, 7.68647583e+02,
       5.24335632e+02, 6.44101143e-01, 1.63391333e+03, 4.36061523e+02,
       4.61685121e-01, 1.63098511e+03, 4.30238525e+02, 4.59985375e-01,
       1.60744238e+03, 4.53720856e+02, 2.02212766e-01, 1.63099524e+03,
       6.95166138e+02, 3.61779779e-01, 1.62809778e+03, 6.95091675e+02,
       3.99302870e-01, 1.58696448e+03, 6.45060364e+02, 4.13344741e-01 ]
