%YAML:1.0
---
pose_0: !!opencv-matrix
   rows: 1
   cols: 25
   dt: "3f"
   data: [ 6.92224670e+02, 5.00778534e+02, 8.66682410e-01,
       8.36410339e+02, 4.80239441e+02, 7.54994214e-01, 8.36431030e+02,
       5.50764282e+02, 5.93288541e-01, 9.80600403e+02, 6.21508484e+02,
       8.48943710e-01, 8.39299438e+02, 6.03835999e+02, 8.19274783e-01,
       8.33430725e+02, 4.06674500e+02, 6.19031370e-01, 9.57111694e+02,
       3.06641998e+02, 6.91813469e-01, 1.00130511e+03, 3.36020416e+02,
       8.16401124e-01, 1.11601257e+03, 5.09706726e+02, 5.56845069e-01,
       1.11005920e+03, 5.65591675e+02, 5.63563645e-01, 1.26902942e+03,
       6.24503052e+02, 2.69135207e-01, 1.48981543e+03, 6.21417542e+02,
       2.27655962e-01, 1.11892737e+03, 4.56609863e+02, 5.23741841e-01,
       1.33381567e+03, 5.24381409e+02, 5.09534717e-01, 1.66343311e+03,
       4.80189728e+02, 4.20005262e-01, 6.71676758e+02, 5.09756989e+02,
       8.03221941e-01, 6.77459106e+02, 4.77202209e+02, 8.11544299e-01,
       6.95076660e+02, 5.30388184e+02, 1.45897359e-01, 7.09760132e+02,
       4.33239349e+02, 5.63075662e-01, 1.73995300e+03, 4.27310059e+02,
       2.05623299e-01, 1.73701587e+03, 4.30142853e+02, 2.09081039e-01,
       1.69580725e+03, 4.97924500e+02, 1.68197721e-01, 0., 0., 0., 0.,
       0., 0., 1.51627954e+03, 6.15626892e+02, 6.55894130e-02 ]
