%YAML:1.0
---
pose_0: !!opencv-matrix
   rows: 1
   cols: 25
   dt: "3f"
   data: [ 7.24506470e+02, 4.83147034e+02, 8.62078786e-01,
       8.39399597e+02, 4.89067413e+02, 6.08828902e-01, 8.62839905e+02,
       5.62661316e+02, 4.41665381e-01, 9.71826355e+02, 6.68453064e+02,
       7.72672296e-01, 9.04140015e+02, 6.27381348e+02, 3.79940987e-01,
       8.24632019e+02, 4.33149933e+02, 5.32941937e-01, 9.74734436e+02,
       3.62499512e+02, 6.86508596e-01, 1.05120850e+03, 3.59523010e+02,
       8.10064971e-01, 1.13074829e+03, 4.86161255e+02, 5.26095688e-01,
       1.11902002e+03, 5.36144348e+02, 5.76212585e-01, 1.35135742e+03,
       5.94919312e+02, 6.43262744e-01, 1.51918701e+03, 5.77416870e+02,
       5.07246375e-01, 1.13367566e+03, 4.33180969e+02, 5.52620173e-01,
       1.37198535e+03, 4.56682343e+02, 7.01212049e-01, 1.56632996e+03,
       4.74364349e+02, 5.70280552e-01, 7.12669006e+02, 5.00902069e+02,
       7.66189516e-01, 7.15668518e+02, 4.62678070e+02, 8.19680154e-01,
       7.24583984e+02, 5.27255554e+02, 3.76221418e-01, 7.39162659e+02,
       4.39114014e+02, 5.55015147e-01, 1.63103406e+03, 4.39077362e+02,
       4.80909735e-01, 1.62520105e+03, 4.39098785e+02, 4.69425559e-01,
       1.59863647e+03, 4.86163361e+02, 2.81377971e-01, 1.58974817e+03,
       5.94983704e+02, 4.92103308e-01, 1.58097473e+03, 6.00852966e+02,
       4.36396569e-01, 1.55452527e+03, 5.68534851e+02, 3.05608779e-01 ]
