%YAML:1.0
---
pose_0: !!opencv-matrix
   rows: 1
   cols: 25
   dt: "3f"
   data: [ 7.89190979e+02, 5.12633850e+02, 8.29551518e-01,
       8.80635132e+02, 5.03741272e+02, 7.19040275e-01, 8.62888855e+02,
       5.53982056e+02, 7.05851793e-01, 9.42297180e+02, 5.97980225e+02,
       5.52412152e-01, 1.00416278e+03, 6.24607178e+02, 6.90163255e-01,
       9.01064270e+02, 4.47899506e+02, 6.11259937e-01, 1.03945288e+03,
       4.15467804e+02, 7.94004142e-01, 1.01009442e+03, 3.39033325e+02,
       8.27880263e-01, 1.12194543e+03, 5.24417847e+02, 6.21230006e-01,
       1.11893335e+03, 5.71405029e+02, 6.31747246e-01, 1.34845203e+03,
       6.09797913e+02, 6.55487537e-01, 1.52515332e+03, 6.36200195e+02,
       5.89464545e-01, 1.13075269e+03, 4.77231110e+02, 5.67758679e-01,
       1.33385120e+03, 4.80272675e+02, 6.90250397e-01, 1.54568823e+03,
       4.44937042e+02, 5.82321167e-01, 7.74590210e+02, 5.27426575e+02,
       8.09911489e-01, 7.74628662e+02, 5.00803802e+02, 7.74657369e-01,
       7.92265442e+02, 5.47896179e+02, 2.90450931e-01, 7.92302185e+02,
       4.65520233e+02, 4.92968917e-01, 1.61353113e+03, 4.18409821e+02,
       3.94175947e-01, 1.61042554e+03, 4.15544891e+02, 4.43931609e-01,
       1.58398096e+03, 4.39037109e+02, 2.13575423e-01, 1.56923181e+03,
       6.92164368e+02, 4.80873466e-01, 1.57221655e+03, 6.89226318e+02,
       4.32538450e-01, 1.56044360e+03, 6.21519592e+02, 5.06312013e-01 ]
