%YAML:1.0
---
pose_0: !!opencv-matrix
   rows: 1
   cols: 25
   dt: "3f"
   data: [ 6.71521545e+02, 4.15500092e+02, 8.62996876e-01,
       7.89215820e+02, 4.80172668e+02, 7.13920712e-01, 7.80457214e+02,
       5.77327881e+02, 6.00674570e-01, 8.83399170e+02, 6.74611267e+02,
       7.71629214e-01, 9.36520264e+02, 6.62672974e+02, 6.01872265e-01,
       8.18718567e+02, 3.91977478e+02, 6.26962364e-01, 9.71758179e+02,
       3.89112854e+02, 4.55362350e-01, 1.07189612e+03, 4.18462646e+02,
       1.61326125e-01, 1.09536108e+03, 5.03732697e+02, 5.47012568e-01,
       1.09246216e+03, 5.50919006e+02, 5.61807036e-01, 1.28671021e+03,
       5.39123718e+02, 3.69901061e-01, 1.61046606e+03, 5.53972778e+02,
       4.09352273e-01, 1.09543835e+03, 4.42033752e+02, 4.84024316e-01,
       1.35148145e+03, 4.30138245e+02, 5.62522292e-01, 1.55159521e+03,
       4.47897461e+02, 3.99036974e-01, 6.48100830e+02, 4.36045807e+02,
       8.40520442e-01, 6.59842651e+02, 4.06719604e+02, 7.40454316e-01,
       6.68498352e+02, 4.74304077e+02, 6.55926824e-01, 0., 0., 0.,
       1.63697888e+03, 4.39091370e+02, 3.82574260e-01, 1.63689282e+03,
       4.33105255e+02, 4.36771452e-01, 1.56634570e+03, 4.56645142e+02,
       2.16083437e-01, 1.71059521e+03, 5.62677673e+02, 2.74695635e-01,
       1.70463550e+03, 5.74402283e+02, 2.56001651e-01, 1.62517700e+03,
       5.47907227e+02, 2.53609896e-01 ]
