%YAML:1.0
---
pose_0: !!opencv-matrix
   rows: 1
   cols: 25
   dt: "3f"
   data: [ 0., 0., 0., 8.54029602e+02, 5.50927856e+02, 3.25367630e-01,
       8.56923828e+02, 5.44985474e+02, 3.05083096e-01, 9.95362305e+02,
       5.65616943e+02, 5.13362467e-01, 1.13662244e+03, 5.03884949e+02,
       4.70320165e-01, 8.36493713e+02, 5.59685791e+02, 3.81455898e-01,
       9.80601501e+02, 5.62624817e+02, 1.37002945e-01, 0., 0., 0.,
       1.16016187e+03, 6.06778320e+02, 2.60100275e-01, 1.15719849e+03,
       6.24452148e+02, 2.40485132e-01, 1.39263721e+03, 4.89071411e+02,
       7.14658439e-01, 1.64281006e+03, 7.18646301e+02, 5.18808842e-01,
       1.16895483e+03, 5.77404724e+02, 1.87922925e-01, 1.39553796e+03,
       4.77321045e+02, 4.97285515e-01, 1.54570398e+03, 6.24557922e+02,
       1.58004358e-01, 0., 0., 0., 0., 0., 0., 0., 0., 0., 0., 0., 0.,
       0., 0., 0., 0., 0., 0., 0., 0., 0., 1.68703357e+03,
       7.15589172e+02, 1.27391845e-01, 1.67816455e+03, 7.33314575e+02,
       1.50145561e-01, 1.65759961e+03, 7.42209534e+02, 3.73237252e-01 ]
