%YAML:1.0
---
pose_0: !!opencv-matrix
   rows: 1
   cols: 25
   dt: "3f"
   data: [ 7.42240906e+02, 5.47888489e+02, 3.67267191e-01,
       8.12851135e+02, 4.83141602e+02, 6.28678918e-01, 8.06954834e+02,
       4.92017700e+02, 3.40257049e-01, 0., 0., 0., 0., 0., 0.,
       8.24578125e+02, 4.77273682e+02, 4.81795132e-01, 9.71691772e+02,
       4.36256256e+02, 7.98210025e-01, 1.06305237e+03, 5.50950256e+02,
       8.21184874e-01, 1.07189539e+03, 4.83269409e+02, 2.40049496e-01,
       1.06885461e+03, 5.24395691e+02, 1.63914397e-01, 0., 0., 0., 0.,
       0., 0., 1.09539758e+03, 4.41966125e+02, 2.89712757e-01,
       1.31023914e+03, 5.71411560e+02, 7.79375374e-01, 1.58102173e+03,
       4.56768524e+02, 4.56946552e-01, 7.39163879e+02, 5.39123901e+02,
       8.63372013e-02, 7.39254517e+02, 5.30361267e+02, 3.63765478e-01,
       7.62725830e+02, 4.56598999e+02, 5.63078448e-02, 7.42274475e+02,
       4.92025970e+02, 4.42851603e-01, 1.63107532e+03, 5.30272766e+02,
       2.95041263e-01, 1.63699670e+03, 5.15574280e+02, 2.94321626e-01,
       1.61334814e+03, 4.30238708e+02, 2.71311224e-01, 0., 0., 0., 0.,
       0., 0., 0., 0., 0. ]
