%YAML:1.0
---
pose_0: !!opencv-matrix
   rows: 1
   cols: 25
   dt: "3f"
   data: [ 6.71473267e+02, 5.21410400e+02, 8.48516107e-01,
       8.09930542e+02, 5.30419922e+02, 7.45766938e-01, 8.12747314e+02,
       6.24366150e+02, 7.66400397e-01, 9.51148010e+02, 6.74504089e+02,
       8.05609226e-01, 1.02774841e+03, 6.68468140e+02, 8.24491382e-01,
       8.06966797e+02, 4.50767456e+02, 6.45647049e-01, 9.54273254e+02,
       3.94961090e+02, 8.12362731e-01, 8.56899414e+02, 4.09553772e+02,
       8.53016019e-01, 1.07770154e+03, 5.36137451e+02, 5.58304071e-01,
       1.07186780e+03, 5.89101685e+02, 5.37293136e-01, 1.31025500e+03,
       6.01029419e+02, 4.75417376e-01, 1.58691724e+03, 6.06877075e+02,
       5.32571852e-01, 1.08361182e+03, 4.80288879e+02, 5.79212725e-01,
       1.33674817e+03, 4.80301392e+02, 6.30345106e-01, 1.58400110e+03,
       4.59669617e+02, 5.43902636e-01, 6.53898376e+02, 5.33231689e+02,
       8.05492580e-01, 6.62774963e+02, 4.97928406e+02, 7.97318399e-01,
       6.74554016e+02, 5.53993042e+02, 4.09375072e-01, 6.89224915e+02,
       4.59766846e+02, 5.88091016e-01, 1.70752515e+03, 4.56668335e+02,
       1.72352552e-01, 0., 0., 0., 1.61346362e+03, 4.56721741e+02,
       2.77864039e-01, 1.66052454e+03, 6.36215088e+02, 3.71245444e-01,
       1.65166211e+03, 6.44972595e+02, 3.66922557e-01, 1.61346216e+03,
       5.94985718e+02, 3.50282878e-01 ]
