%YAML:1.0
---
pose_0: !!opencv-matrix
   rows: 1
   cols: 25
   dt: "3f"
   data: [ 7.62688965e+02, 5.15578125e+02, 4.25136775e-01,
       8.62883972e+02, 4.53714355e+02, 4.14446175e-01, 8.56951660e+02,
       4.42004974e+02, 2.43326783e-01, 0., 0., 0., 0., 0., 0.,
       8.80486389e+02, 4.59546692e+02, 5.87980688e-01, 1.04234375e+03,
       4.83243835e+02, 5.96851885e-01, 1.11896802e+03, 5.77400269e+02,
       7.84020007e-01, 1.13948291e+03, 3.97867035e+02, 5.19813061e-01,
       1.15129480e+03, 3.71322754e+02, 4.64940667e-01, 1.25427332e+03,
       4.18480865e+02, 1.38445258e-01, 0., 0., 0., 1.12192700e+03,
       4.24331085e+02, 4.27942067e-01, 1.34550659e+03, 4.80316772e+02,
       6.94384098e-01, 1.63105164e+03, 4.24368011e+02, 5.49300253e-01,
       7.39318420e+02, 5.06718658e+02, 1.15224458e-01, 7.48064453e+02,
       5.03648224e+02, 4.61293638e-01, 0., 0., 0., 7.68710327e+02,
       4.56781403e+02, 4.39435422e-01, 1.68105762e+03, 3.68386871e+02,
       3.89933735e-01, 1.68102991e+03, 3.71329987e+02, 3.71717811e-01,
       1.66931030e+03, 4.30176086e+02, 1.92933917e-01, 0., 0., 0., 0.,
       0., 0., 0., 0., 0. ]
