%YAML:1.0
---
pose_0: !!opencv-matrix
   rows: 1
   cols: 25
   dt: "3f"
   data: [ 6.51071106e+02, 5.30224487e+02, 8.27925801e-01,
       8.04021484e+02, 4.97855713e+02, 6.14523411e-01, 8.12952698e+02,
       5.92119934e+02, 4.30587858e-01, 9.48177124e+02, 6.71706604e+02,
       7.78921306e-01, 7.89304565e+02, 6.27368042e+02, 8.27520013e-01,
       7.86235107e+02, 4.09623138e+02, 6.71983242e-01, 9.24709412e+02,
       3.33100616e+02, 7.87322104e-01, 1.02486401e+03, 3.62373413e+02,
       8.59927356e-01, 1.08658215e+03, 5.39074280e+02, 4.91038293e-01,
       1.07179419e+03, 5.97891968e+02, 5.18805027e-01, 1.30725439e+03,
       6.68532654e+02, 3.69492084e-01, 1.47211340e+03, 6.47972656e+02,
       7.01705441e-02, 1.09832825e+03, 4.80168182e+02, 4.87275153e-01,
       1.32786255e+03, 5.56825500e+02, 6.90409124e-01, 1.71935046e+03,
       5.50801880e+02, 3.27555478e-01, 6.39109619e+02, 5.44991760e+02,
       7.45353580e-01, 6.42122070e+02, 5.06661560e+02, 8.31702411e-01,
       6.53859802e+02, 5.59780884e+02, 6.42220378e-02, 6.68645874e+02,
       4.65544159e+02, 6.00859821e-01, 1.79884351e+03, 5.03827728e+02,
       1.13954991e-01, 1.79294934e+03, 5.03845734e+02, 1.06627010e-01,
       1.76938660e+03, 5.89143250e+02, 1.29786551e-01, 0., 0., 0., 0.,
       0., 0., 0., 0., 0. ]
