%YAML:1.0
---
pose_0: !!opencv-matrix
   rows: 1
   cols: 25
   dt: "3f"
   data: [ 7.45259399e+02, 5.56857788e+02, 8.68391514e-01,
       8.59920715e+02, 5.77424194e+02, 7.45086193e-01, 8.57061584e+02,
       6.48048157e+02, 6.31218791e-01, 9.77678406e+02, 6.95211609e+02,
       7.41954982e-01, 1.07772766e+03, 7.36308289e+02, 8.14580619e-01,
       8.71694763e+02, 5.09694366e+02, 6.58396780e-01, 1.01292999e+03,
       4.71372467e+02, 7.03635216e-01, 1.12196252e+03, 4.39002930e+02,
       7.82137454e-01, 1.11887988e+03, 5.71509460e+02, 5.92005074e-01,
       1.11596838e+03, 6.21544800e+02, 6.14145935e-01, 1.32494043e+03,
       6.42061096e+02, 6.70693874e-01, 1.56336511e+03, 6.62692017e+02,
       6.23399436e-01, 1.11890881e+03, 5.15613464e+02, 6.22674942e-01,
       1.30737402e+03, 4.80311798e+02, 6.42468214e-01, 1.55745581e+03,
       4.42018463e+02, 5.56079805e-01, 7.33400146e+02, 5.74384705e+02,
       8.62148523e-01, 7.42205505e+02, 5.39130127e+02, 8.86071920e-01,
       7.42141479e+02, 6.00840942e+02, 6.91028774e-01, 7.68735657e+02,
       5.24416260e+02, 6.44220412e-01, 1.63406458e+03, 4.44914825e+02,
       4.75922227e-01, 1.63394653e+03, 4.36071320e+02, 5.22093654e-01,
       1.58394043e+03, 4.39040619e+02, 2.30604440e-01, 1.63396472e+03,
       7.03928162e+02, 4.28738236e-01, 1.63395215e+03, 6.98016724e+02,
       4.55082357e-01, 1.59282495e+03, 6.44996277e+02, 4.34452057e-01 ]
