%YAML:1.0
---
pose_0: !!opencv-matrix
   rows: 1
   cols: 25
   dt: "3f"
   data: [ 7.65767395e+02, 4.33289154e+02, 9.07202125e-01,
       8.86426025e+02, 4.12611938e+02, 6.82333648e-01, 9.15811401e+02,
       4.94946533e+02, 5.57823539e-01, 1.04233313e+03, 5.18525208e+02,
       7.49264359e-01, 1.12188477e+03, 5.94960083e+02, 8.18318248e-01,
       8.74580017e+02, 3.44871460e+02, 6.34148777e-01, 9.77608215e+02,
       2.24117142e+02, 8.91501844e-01, 1.09549683e+03, 2.71351044e+02,
       8.37182343e-01, 1.15127698e+03, 3.85997375e+02, 5.66477180e-01,
       1.15127563e+03, 4.33204681e+02, 5.95038891e-01, 1.33380505e+03,
       4.97834686e+02, 6.58625722e-01, 1.54283496e+03, 5.74382813e+02,
       6.37651324e-01, 1.15132861e+03, 3.33107239e+02, 5.54022729e-01,
       1.34558276e+03, 3.18341064e+02, 6.52622938e-01, 1.56041663e+03,
       2.97790283e+02, 5.54789007e-01, 7.54015930e+02, 4.47907593e+02,
       7.68825293e-01, 7.59820618e+02, 4.15465057e+02, 8.63400161e-01,
       7.65829163e+02, 4.62550568e+02, 2.64170766e-01, 7.77465271e+02,
       3.91973297e+02, 5.60251534e-01, 1.64583472e+03, 2.83050323e+02,
       3.01497877e-01, 1.63995447e+03, 2.77139404e+02, 3.01992446e-01,
       1.57218604e+03, 2.94802124e+02, 2.58107334e-01, 1.61056531e+03,
       5.97915100e+02, 5.14084458e-01, 1.60741687e+03, 6.00877258e+02,
       5.42556405e-01, 1.56628809e+03, 5.65581970e+02, 4.29347843e-01 ]
