%YAML:1.0
---
pose_0: !!opencv-matrix
   rows: 1
   cols: 25
   dt: "3f"
   data: [ 6.92277405e+02, 5.44946411e+02, 7.48996735e-01,
       7.89390015e+02, 4.74309235e+02, 5.43737829e-01, 7.65803955e+02,
       4.47898407e+02, 2.73343474e-01, 9.39355896e+02, 5.53815613e+02,
       1.77836418e-01, 8.77597290e+02, 6.27522705e+02, 2.85986781e-01,
       8.18701965e+02, 4.86227722e+02, 5.80756307e-01, 9.54234802e+02,
       5.39131409e+02, 6.75525784e-01, 8.68766357e+02, 6.36265747e+02,
       5.40556490e-01, 1.13074365e+03, 4.50840973e+02, 3.98782581e-01,
       1.11899316e+03, 4.62581543e+02, 2.48455554e-01, 1.35732593e+03,
       5.06773315e+02, 5.83087742e-01, 1.57225757e+03, 4.30202240e+02,
       3.38635117e-01, 1.13953369e+03, 4.33221375e+02, 3.83744717e-01,
       1.35451233e+03, 5.27424072e+02, 6.79361463e-01, 1.65454468e+03,
       4.15479736e+02, 3.49806875e-01, 0., 0., 0., 6.83349731e+02,
       5.27201538e+02, 7.46284246e-01, 0., 0., 0., 7.12728027e+02,
       4.80348145e+02, 7.11599708e-01, 1.71933191e+03, 3.62509613e+02,
       3.83020282e-01, 1.72229297e+03, 3.62587952e+02, 3.25996399e-01,
       1.68109082e+03, 4.33117432e+02, 1.27550602e-01, 0., 0., 0., 0.,
       0., 0., 0., 0., 0. ]
