%YAML:1.0
---
pose_0: !!opencv-matrix
   rows: 1
   cols: 25
   dt: "3f"
   data: [ 7.62804016e+02, 4.06702484e+02, 5.96734941e-01,
       8.39351807e+02, 4.65591797e+02, 5.33969641e-01, 8.48188232e+02,
       4.89053406e+02, 6.92082167e-01, 9.95236145e+02, 5.42084351e+02,
       7.63396263e-01, 1.14259167e+03, 4.89031525e+02, 7.49991536e-01,
       8.42254272e+02, 4.44921021e+02, 2.76945174e-01, 1.04234937e+03,
       4.59611542e+02, 3.66788745e-01, 1.16606262e+03, 4.12700897e+02,
       5.32303989e-01, 1.11013818e+03, 5.18533752e+02, 4.72409934e-01,
       1.10126404e+03, 5.59766602e+02, 4.87135738e-01, 1.36318506e+03,
       5.03685577e+02, 6.27530932e-01, 1.61332263e+03, 6.59770813e+02,
       4.75430638e-01, 1.11600940e+03, 4.74361420e+02, 4.72953439e-01,
       1.37793237e+03, 4.56730255e+02, 4.58881259e-01, 1.53396057e+03,
       5.06845795e+02, 4.98791516e-01, 7.45131226e+02, 4.12705811e+02,
       5.33940434e-01, 7.48157959e+02, 4.00797119e+02, 1.14523105e-01,
       7.62751831e+02, 4.44901215e+02, 4.48709697e-01, 0., 0., 0.,
       1.61330298e+03, 4.36094543e+02, 4.89611238e-01, 1.61035022e+03,
       4.36180481e+02, 4.79867578e-01, 1.56044922e+03, 5.30361694e+02,
       3.23753506e-01, 1.65453479e+03, 6.74545593e+02, 2.69921631e-01,
       1.63690442e+03, 6.89176880e+02, 3.03923756e-01, 1.63403723e+03,
       6.71591553e+02, 3.03092480e-01 ]
