%YAML:1.0
---
pose_0: !!opencv-matrix
   rows: 1
   cols: 25
   dt: "3f"
   data: [ 8.36296021e+02, 5.30228394e+02, 6.58049524e-01,
       9.27480042e+02, 5.03880188e+02, 7.99084663e-01, 9.21761414e+02,
       5.71472534e+02, 6.56915367e-01, 8.59905151e+02, 6.94986633e+02,
       8.83567750e-01, 8.01091492e+02, 6.45072876e+02, 6.47612393e-01,
       9.24698914e+02, 4.36177948e+02, 6.74871981e-01, 9.30608887e+02,
       3.18281616e+02, 8.81624222e-01, 9.01063538e+02, 1.77033997e+02,
       8.37832153e-01, 1.16605042e+03, 5.24354187e+02, 5.68835855e-01,
       1.16599060e+03, 5.71410461e+02, 5.83889663e-01, 1.34849683e+03,
       6.44950989e+02, 7.34981596e-01, 1.51929700e+03, 6.36220581e+02,
       6.76394880e-01, 1.16895508e+03, 4.74337189e+02, 5.31863570e-01,
       1.37490015e+03, 4.80152679e+02, 7.08272874e-01, 1.54866101e+03,
       4.36242737e+02, 7.00242996e-01, 8.21625122e+02, 5.42014648e+02,
       5.35203993e-01, 8.18758545e+02, 5.15530457e+02, 5.38917303e-01,
       8.39349548e+02, 5.56716553e+02, 1.51598528e-01, 8.33451355e+02,
       4.89066772e+02, 4.35944140e-01, 1.61636951e+03, 4.33181732e+02,
       3.67556810e-01, 1.61054102e+03, 4.27265411e+02, 4.27139401e-01,
       1.58389563e+03, 4.36091431e+02, 2.99164683e-01, 1.56922754e+03,
       6.95160461e+02, 5.79590738e-01, 1.56629224e+03, 6.92143799e+02,
       5.40380597e-01, 1.54575623e+03, 6.12704163e+02, 5.35903037e-01 ]
