%YAML:1.0
---
pose_0: !!opencv-matrix
   rows: 1
   cols: 25
   dt: "3f"
   data: [ 8.95258423e+02, 4.39111481e+02, 2.01695770e-01,
       9.24598938e+02, 5.06813446e+02, 6.59087181e-01, 9.01075378e+02,
       5.50973755e+02, 4.90482032e-01, 8.09867004e+02, 5.59741638e+02,
       6.36377156e-01, 0., 0., 0., 9.51059448e+02, 4.65595001e+02,
       6.65630460e-01, 9.80569946e+02, 4.30106934e+02, 7.07651854e-01,
       9.01085876e+02, 3.88890533e+02, 5.69803536e-01, 1.12480457e+03,
       5.53891968e+02, 4.70734596e-01, 1.11592712e+03, 5.77434753e+02,
       3.78481150e-01, 1.35151746e+03, 5.06695160e+02, 7.88343787e-01,
       1.61044165e+03, 7.01024170e+02, 5.80328465e-01, 1.13954736e+03,
       5.30286072e+02, 4.01274890e-01, 1.36909595e+03, 5.00883484e+02,
       2.95663595e-01, 1.56931396e+03, 5.77331604e+02, 2.98804700e-01,
       8.80430664e+02, 4.39076935e+02, 1.72034249e-01, 8.89375122e+02,
       4.30185181e+02, 1.45319462e-01, 8.59825378e+02, 4.77304443e+02,
       2.28325099e-01, 0., 0., 0., 0., 0., 0., 0., 0., 0.,
       1.61634753e+03, 6.39149780e+02, 1.50289461e-01, 1.67222559e+03,
       6.95146301e+02, 2.07961902e-01, 1.65751453e+03, 7.15798035e+02,
       2.60217547e-01, 1.62517859e+03, 7.33371338e+02, 4.24693584e-01 ]
