%YAML:1.0
---
pose_0: !!opencv-matrix
   rows: 1
   cols: 25
   dt: "3f"
   data: [ 7.86307434e+02, 5.24410889e+02, 8.92202616e-01,
       9.09920837e+02, 5.42031677e+02, 7.52368569e-01, 9.04059753e+02,
       6.27410461e+02, 6.11150026e-01, 1.02766003e+03, 6.71460815e+02,
       8.03681016e-01, 1.12191882e+03, 7.15819397e+02, 8.59939337e-01,
       9.27612549e+02, 4.62649048e+02, 7.01666653e-01, 1.06296497e+03,
       4.53713501e+02, 7.67556429e-01, 1.10716870e+03, 4.24357422e+02,
       7.25161433e-01, 1.16597192e+03, 5.59699097e+02, 6.35878444e-01,
       1.16012024e+03, 6.03859802e+02, 6.36264384e-01, 1.35138220e+03,
       6.42151001e+02, 6.08533204e-01, 1.52810120e+03, 6.74554565e+02,
       6.45371258e-01, 1.16901392e+03, 5.09719177e+02, 6.28412724e-01,
       1.37496399e+03, 5.00839813e+02, 5.91279626e-01, 1.54867334e+03,
       4.89067413e+02, 6.25707209e-01, 7.68631042e+02, 5.30422913e+02,
       8.34075451e-01, 7.77558594e+02, 5.03790344e+02, 8.63350511e-01,
       7.86437866e+02, 5.53868225e+02, 4.97665048e-01, 8.03981873e+02,
       4.80124847e+02, 6.60382926e-01, 1.61636157e+03, 4.53777130e+02,
       4.58179355e-01, 1.61047437e+03, 4.53727692e+02, 4.92965937e-01,
       1.58398254e+03, 4.86231567e+02, 3.04390788e-01, 1.57810657e+03,
       6.92156860e+02, 3.31884146e-01, 1.57517822e+03, 6.98020569e+02,
       3.79166842e-01, 1.56332898e+03, 6.68607666e+02, 4.62366104e-01 ]
