%YAML:1.0
---
pose_0: !!opencv-matrix
   rows: 1
   cols: 25
   dt: "3f"
   data: [ 7.42221008e+02, 5.53735962e+02, 8.01020205e-01,
       8.36289795e+02, 6.03825500e+02, 7.07954228e-01, 8.33501648e+02,
       6.71631226e+02, 5.58074296e-01, 9.51260864e+02, 6.68680054e+02,
       8.20754528e-01, 9.74822998e+02, 5.27442871e+02, 8.20866644e-01,
       8.53957581e+02, 5.39089844e+02, 4.76565808e-01, 9.21695190e+02,
       5.18553650e+02, 1.60669684e-01, 9.68817688e+02, 5.09700562e+02,
       1.11597620e-01, 1.10424976e+03, 6.03851990e+02, 5.70198834e-01,
       1.10128833e+03, 6.48141113e+02, 5.77705443e-01, 1.30740503e+03,
       6.47893616e+02, 7.60058343e-01, 1.53979651e+03, 7.09808533e+02,
       5.49809694e-01, 1.10424475e+03, 5.53790039e+02, 5.84143460e-01,
       1.30737537e+03, 5.77422058e+02, 6.52356863e-01, 1.50160571e+03,
       6.24506409e+02, 4.87900525e-01, 7.24563721e+02, 5.68498230e+02,
       7.10705638e-01, 7.39271973e+02, 5.39083923e+02, 6.08544707e-01,
       7.42116516e+02, 6.00983704e+02, 6.56230986e-01, 7.65877563e+02,
       5.30401611e+02, 1.32210925e-01, 1.58679919e+03, 5.95000366e+02,
       4.58328366e-01, 1.58102515e+03, 5.89129517e+02, 4.59365249e-01,
       1.52217932e+03, 6.42048340e+02, 2.34483570e-01, 1.59865515e+03,
       6.89190674e+02, 2.82059908e-01, 1.58993579e+03, 6.98136902e+02,
       2.46904641e-01, 1.56634680e+03, 7.18707214e+02, 3.05788994e-01 ]
