%YAML:1.0
---
pose_0: !!opencv-matrix
   rows: 1
   cols: 25
   dt: "3f"
   data: [ 7.21674438e+02, 5.15588745e+02, 7.38785386e-01,
       8.24586243e+02, 4.41963745e+02, 5.55251420e-01, 8.09864075e+02,
       4.80214661e+02, 4.23340738e-01, 1.04831287e+03, 4.83132172e+02,
       3.51490468e-01, 1.14842346e+03, 5.53816040e+02, 5.36581933e-01,
       8.36382263e+02, 4.12634155e+02, 5.84624052e-01, 9.68849854e+02,
       4.03737396e+02, 5.22528470e-01, 1.11900098e+03, 3.91953156e+02,
       4.19129610e-01, 1.14545093e+03, 4.21408447e+02, 2.75331169e-01,
       1.13069800e+03, 4.56632568e+02, 1.79548457e-01, 1.33968359e+03,
       4.92056366e+02, 3.95938098e-01, 1.55454224e+03, 4.18434082e+02,
       4.58330572e-01, 1.16011877e+03, 3.89079346e+02, 2.79115885e-01,
       1.34849548e+03, 5.00797241e+02, 4.56946880e-01, 1.56334863e+03,
       4.24286133e+02, 2.26499110e-01, 7.09870850e+02, 5.06838348e+02,
       1.47292763e-01, 7.18669617e+02, 5.00839325e+02, 7.90133238e-01,
       0., 0., 0., 7.39358093e+02, 4.56648834e+02, 6.81151330e-01,
       1.66642542e+03, 3.86069824e+02, 1.97921038e-01, 1.67524585e+03,
       3.86094452e+02, 1.64087772e-01, 0., 0., 0., 1.67519910e+03,
       3.77276611e+02, 3.70254844e-01, 1.66929517e+03, 3.86039551e+02,
       2.92039126e-01, 1.58101685e+03, 3.91970520e+02, 1.46337256e-01 ]
