%YAML:1.0
---
pose_0: !!opencv-matrix
   rows: 1
   cols: 25
   dt: "3f"
   data: [ 0., 0., 0., 1.00119446e+03, 5.50924438e+02, 2.30024844e-01,
       9.68805298e+02, 5.71484741e+02, 2.08664566e-01, 0., 0., 0., 0.,
       0., 0., 1.05124207e+03, 5.24403198e+02, 1.11899622e-01, 0., 0.,
       0., 0., 0., 0., 1.18368616e+03, 5.80346619e+02, 2.64171481e-01,
       1.18074390e+03, 5.97974487e+02, 1.94561467e-01, 1.38970630e+03,
       4.97931427e+02, 7.23923385e-01, 1.63991589e+03, 7.18680786e+02,
       5.83743393e-01, 1.18661951e+03, 5.56791199e+02, 2.27735385e-01,
       1.37503589e+03, 4.80293793e+02, 2.50085980e-01, 1.49576904e+03,
       6.45071594e+02, 1.94913864e-01, 0., 0., 0., 0., 0., 0., 0., 0.,
       0., 0., 0., 0., 0., 0., 0., 0., 0., 0., 1.49270215e+03,
       6.62763184e+02, 1.77569658e-01, 1.69290930e+03, 7.18670959e+02,
       3.60051632e-01, 1.67817126e+03, 7.39203796e+02, 3.91270161e-01,
       1.65749854e+03, 751., 3.95975471e-01 ]
