%YAML:1.0
---
pose_0: !!opencv-matrix
   rows: 1
   cols: 25
   dt: "3f"
   data: [ 7.42174622e+02, 5.30390259e+02, 9.40058708e-01,
       8.56861328e+02, 5.74420654e+02, 7.06855655e-01, 8.51059326e+02,
       6.36194397e+02, 5.58343351e-01, 1.01299384e+03, 7.12758545e+02,
       5.14493942e-01, 1.07181946e+03, 7.18756226e+02, 4.40655947e-01,
       8.59907959e+02, 5.09777679e+02, 6.28725111e-01, 9.24690491e+02,
       5.03692261e+02, 1.54887795e-01, 0., 0., 0., 1.11603979e+03,
       5.27364685e+02, 5.33008039e-01, 1.11897485e+03, 5.77334595e+02,
       5.81630290e-01, 1.33095581e+03, 6.06833862e+02, 7.00572908e-01,
       1.55745850e+03, 6.65583801e+02, 6.26970410e-01, 1.11011169e+03,
       4.77232117e+02, 5.50000191e-01, 1.31904785e+03, 4.53647797e+02,
       6.74529374e-01, 1.56929370e+03, 4.33055359e+02, 6.12897038e-01,
       7.21691833e+02, 5.47878357e+02, 8.50009859e-01, 7.39186951e+02,
       5.12609802e+02, 9.06995714e-01, 7.39086731e+02, 5.77253235e+02,
       7.94866502e-01, 7.62807068e+02, 5.00874542e+02, 6.56370521e-01,
       1.63989001e+03, 4.44942169e+02, 3.87710899e-01, 1.63697070e+03,
       4.33078888e+02, 4.50550973e-01, 1.58397620e+03, 4.12537354e+02,
       2.53569961e-01, 1.63386865e+03, 6.86286682e+02, 2.80909956e-01,
       1.62813928e+03, 6.92157532e+02, 3.34414750e-01, 1.58983557e+03,
       6.50940125e+02, 3.28532636e-01 ]
