%YAML:1.0
---
pose_0: !!opencv-matrix
   rows: 1
   cols: 25
   dt: "3f"
   data: [ 7.36362488e+02, 4.27255310e+02, 8.44686747e-01,
       8.56967468e+02, 4.36157288e+02, 7.30479836e-01, 8.65772827e+02,
       5.21417908e+02, 6.78361952e-01, 9.89455750e+02, 5.74272522e+02,
       8.22896719e-01, 1.06883899e+03, 6.27422852e+02, 8.89374673e-01,
       8.53994568e+02, 3.59519348e+02, 6.34901583e-01, 9.86504761e+02,
       3.30190430e+02, 6.92013741e-01, 1.06880908e+03, 3.44890778e+02,
       8.09888661e-01, 1.12777588e+03, 4.59593353e+02, 6.01319075e-01,
       1.11900671e+03, 5.06796448e+02, 5.94125867e-01, 1.32785681e+03,
       5.30415039e+02, 7.54667938e-01, 1.53981531e+03, 5.86176392e+02,
       6.26211345e-01, 1.13662280e+03, 4.06681274e+02, 6.12242043e-01,
       1.35442090e+03, 3.62576965e+02, 6.60466433e-01, 1.56636780e+03,
       3.15427765e+02, 6.05459511e-01, 7.18777466e+02, 4.39126495e+02,
       7.94404328e-01, 7.21634460e+02, 4.09572937e+02, 8.65542293e-01,
       7.39361755e+02, 4.65596313e+02, 4.19602275e-01, 7.48122742e+02,
       3.86011353e+02, 5.45742989e-01, 1.63707483e+03, 2.71360992e+02,
       5.52900851e-01, 1.63403223e+03, 2.71328949e+02, 5.23444355e-01,
       1.60162158e+03, 3.15393616e+02, 2.24445000e-01, 1.61335498e+03,
       5.92114685e+02, 4.92236137e-01, 1.60449646e+03, 6.00917053e+02,
       4.46166664e-01, 1.56637317e+03, 5.77389648e+02, 3.56116265e-01 ]
