%YAML:1.0
---
pose_0: !!opencv-matrix
   rows: 1
   cols: 25
   dt: "3f"
   data: [ 7.89288940e+02, 4.47865082e+02, 8.20254564e-01,
       8.80502014e+02, 3.97839752e+02, 5.91347098e-01, 8.80630554e+02,
       4.68483093e+02, 5.31069458e-01, 1.00114746e+03, 4.68440796e+02,
       6.94992602e-01, 9.98266357e+02, 3.35957184e+02, 4.74113643e-01,
       8.80576721e+02, 3.41925293e+02, 5.03933072e-01, 1.02188019e+03,
       2.85999390e+02, 7.50891268e-01, 9.68774780e+02, 1.97711319e+02,
       8.16850245e-01, 1.13663647e+03, 4.44973328e+02, 5.91046989e-01,
       1.11900134e+03, 4.92051178e+02, 6.20856106e-01, 1.28970007e+03,
       5.62666016e+02, 6.32545352e-01, 1.50744189e+03, 6.03933594e+02,
       5.28918147e-01, 1.14547290e+03, 3.91935669e+02, 5.82352817e-01,
       1.37501965e+03, 3.86024231e+02, 6.84647858e-01, 1.56637573e+03,
       3.85906799e+02, 6.52288496e-01, 7.77559937e+02, 4.56702820e+02,
       5.93213022e-01, 7.80475708e+02, 4.33062225e+02, 7.76323974e-01,
       0., 0., 0., 7.86414795e+02, 3.88920380e+02, 6.54398978e-01,
       1.63102698e+03, 3.62473663e+02, 5.11793613e-01, 1.61932947e+03,
       3.56649902e+02, 5.35318255e-01, 1.60157495e+03, 3.88947266e+02,
       3.01128536e-01, 1.57518469e+03, 5.83253967e+02, 3.37585837e-01,
       1.56340320e+03, 5.95076050e+02, 3.08213383e-01, 1.54275342e+03,
       6.03862061e+02, 2.51254827e-01 ]
