%YAML:1.0
---
pose_0: !!opencv-matrix
   rows: 1
   cols: 25
   dt: "3f"
   data: [ 6.92129517e+02, 5.33309143e+02, 7.64223814e-01,
       7.65772583e+02, 4.56786163e+02, 4.19594467e-01, 7.53976379e+02,
       4.77292236e+02, 2.42517889e-01, 0., 0., 0., 0., 0., 0.,
       7.80503662e+02, 4.50771851e+02, 6.12338603e-01, 9.21715149e+02,
       5.03860870e+02, 8.31130266e-01, 7.83392639e+02, 5.56830811e+02,
       7.94589162e-01, 1.09247559e+03, 4.56705231e+02, 3.06360602e-01,
       1.07189343e+03, 4.89080505e+02, 1.86394811e-01, 1.35151611e+03,
       4.94982330e+02, 2.75605679e-01, 1.62224609e+03, 4.15562500e+02,
       2.12413102e-01, 1.10422986e+03, 4.21402405e+02, 2.28992924e-01,
       1.35739893e+03, 5.03838715e+02, 5.36410689e-01, 1.63988135e+03,
       4.15481049e+02, 3.51240277e-01, 0., 0., 0., 6.74616272e+02,
       5.18555359e+02, 7.15000033e-01, 0., 0., 0., 6.92251465e+02,
       4.65598511e+02, 6.12564981e-01, 1.71344189e+03, 3.59501495e+02,
       3.50572318e-01, 1.71932239e+03, 3.62430359e+02, 2.98128575e-01,
       1.68107214e+03, 4.36062958e+02, 1.27695546e-01, 0., 0., 0., 0.,
       0., 0., 0., 0., 0. ]
