%YAML:1.0
---
pose_0: !!opencv-matrix
   rows: 1
   cols: 25
   dt: "3f"
   data: [ 7.42263123e+02, 5.03674408e+02, 8.66183639e-01,
       8.53981812e+02, 4.59615082e+02, 5.85612416e-01, 8.27568909e+02,
       4.80170990e+02, 4.05890763e-01, 9.09963989e+02, 5.06720398e+02,
       2.41813362e-01, 9.54029480e+02, 5.53750427e+02, 1.55379936e-01,
       8.80482422e+02, 4.50839752e+02, 5.87669075e-01, 1.00414740e+03,
       4.65572357e+02, 7.40611732e-01, 1.13655200e+03, 5.44997681e+02,
       5.56818068e-01, 1.16012000e+03, 4.18429199e+02, 4.09611315e-01,
       1.14539978e+03, 4.50765839e+02, 2.28509232e-01, 1.35445886e+03,
       5.06763885e+02, 6.12122416e-01, 1.56930762e+03, 3.92016327e+02,
       5.22968233e-01, 1.16596460e+03, 3.91973999e+02, 4.26357239e-01,
       1.35438757e+03, 5.30380676e+02, 7.68575847e-01, 1.63690259e+03,
       4.12631836e+02, 5.67979872e-01, 7.30452209e+02, 5.00816101e+02,
       4.14622128e-01, 7.39283691e+02, 4.80292114e+02, 8.22894096e-01,
       0., 0., 0., 7.65752014e+02, 4.39143768e+02, 6.33081377e-01,
       1.69579956e+03, 3.65417175e+02, 3.52557868e-01, 1.69290015e+03,
       3.65505005e+02, 3.34859639e-01, 0., 0., 0., 0., 0., 0., 0., 0.,
       0., 1.58991870e+03, 3.62562683e+02, 3.34656179e-01 ]
