%YAML:1.0
---
pose_0: !!opencv-matrix
   rows: 1
   cols: 25
   dt: "3f"
   data: [ 7.04000183e+02, 4.56599213e+02, 8.65445733e-01,
       8.09769836e+02, 4.59585480e+02, 7.11758316e-01, 7.92306030e+02,
       5.18527405e+02, 4.20737237e-01, 9.42373047e+02, 5.97997864e+02,
       1.50858268e-01, 0., 0., 0., 8.12774414e+02, 3.91933380e+02,
       7.24109888e-01, 9.57041199e+02, 3.33022614e+02, 7.41675377e-01,
       1.09829358e+03, 2.65324219e+02, 8.56122553e-01, 1.09839038e+03,
       4.27227234e+02, 5.23653865e-01, 1.09250452e+03, 4.77291290e+02,
       5.52398324e-01, 1.30137939e+03, 5.33182495e+02, 6.66232765e-01,
       1.51632788e+03, 5.53909546e+02, 5.68227947e-01, 1.10424353e+03,
       3.65544922e+02, 4.91284192e-01, 1.33964526e+03, 3.80167267e+02,
       4.77662772e-01, 1.58687048e+03, 4.06662750e+02, 5.11755168e-01,
       6.89113647e+02, 4.65545990e+02, 7.96768904e-01, 6.95085876e+02,
       4.33073273e+02, 8.84271979e-01, 7.00979736e+02, 4.97897461e+02,
       3.79743755e-01, 7.18616516e+02, 4.09514496e+02, 5.33922553e-01,
       1.66044678e+03, 3.71317352e+02, 4.42272663e-01, 1.65464453e+03,
       3.68460693e+02, 4.43613112e-01, 1.61632007e+03, 4.12603363e+02,
       2.29153886e-01, 1.49569849e+03, 6.48040344e+02, 1.95444450e-01,
       1.49267700e+03, 6.39159180e+02, 1.58791050e-01, 1.55162708e+03,
       5.33238159e+02, 2.51716614e-01 ]
