%YAML:1.0
---
pose_0: !!opencv-matrix
   rows: 1
   cols: 25
   dt: "3f"
   data: [ 6.42155579e+02, 4.71404938e+02, 7.98042297e-01,
       7.83314514e+02, 4.77350616e+02, 6.63141072e-01, 7.98158386e+02,
       5.71421387e+02, 6.02817476e-01, 9.65830139e+02, 6.39204468e+02,
       7.22927570e-01, 1.09544519e+03, 7.24499390e+02, 7.74410605e-01,
       7.71648743e+02, 3.77234894e+02, 5.99140644e-01, 9.42317017e+02,
       3.21347839e+02, 6.69692755e-01, 1.07193433e+03, 2.83042053e+02,
       6.89548016e-01, 1.09830859e+03, 4.83299377e+02, 5.98962426e-01,
       1.08361060e+03, 5.36142090e+02, 5.83080769e-01, 1.32202820e+03,
       6.24484314e+02, 6.95182323e-01, 1.53682031e+03, 6.24548523e+02,
       5.56012750e-01, 1.11592139e+03, 4.30140076e+02, 5.28234422e-01,
       1.35150366e+03, 4.53802856e+02, 6.49132729e-01, 1.63400122e+03,
       4.59550446e+02, 5.90279698e-01, 6.21635376e+02, 4.86109741e+02,
       8.35732639e-01, 6.24492432e+02, 4.47839325e+02, 7.95055151e-01,
       6.45151611e+02, 5.06874817e+02, 2.06772834e-01, 6.50967041e+02,
       4.12448090e+02, 5.47565937e-01, 1.72517102e+03, 4.15484009e+02,
       4.96174634e-01, 1.71641223e+03, 4.12664398e+02, 4.97502387e-01,
       1.65754773e+03, 4.77226349e+02, 2.64992356e-01, 1.65751196e+03,
       6.50968567e+02, 1.54706895e-01, 0., 0., 0., 1.56628235e+03,
       6.01016479e+02, 3.36326748e-01 ]
