%YAML:1.0
---
pose_0: !!opencv-matrix
   rows: 1
   cols: 25
   dt: "3f"
   data: [ 7.24519531e+02, 4.89119537e+02, 7.69606292e-01,
       8.24591980e+02, 4.59753143e+02, 5.76744556e-01, 8.12894897e+02,
       5.24396484e+02, 3.52671474e-01, 9.07036438e+02, 5.74327271e+02,
       5.69110401e-02, 0., 0., 0., 8.36474365e+02, 3.92017120e+02,
       6.28107846e-01, 9.77581360e+02, 3.65399292e+02, 8.16660225e-01,
       1.12781531e+03, 3.30135132e+02, 7.74794757e-01, 1.11599097e+03,
       4.89088959e+02, 5.17908156e-01, 1.11305042e+03, 5.39161194e+02,
       5.29338777e-01, 1.31032629e+03, 5.30268677e+02, 7.30664551e-01,
       1.59277002e+03, 5.27410217e+02, 5.80301166e-01, 1.11605127e+03,
       4.36002014e+02, 5.07436037e-01, 1.34844580e+03, 4.33008331e+02,
       6.84018791e-01, 1.54866772e+03, 4.24346558e+02, 5.70574582e-01,
       7.12762390e+02, 5.06707275e+02, 7.47454107e-01, 7.12802490e+02,
       4.74333557e+02, 7.65463948e-01, 7.30419128e+02, 5.21418030e+02,
       8.60271454e-02, 7.27501892e+02, 4.36216370e+02, 5.78199387e-01,
       1.62815234e+03, 3.94907776e+02, 5.64524710e-01, 1.61926428e+03,
       3.92039032e+02, 5.90683281e-01, 1.57216357e+03, 4.39081757e+02,
       3.41809899e-01, 1.67514917e+03, 5.74414063e+02, 2.86554456e-01,
       1.67223401e+03, 5.71472229e+02, 2.99609959e-01, 1.62517859e+03,
       5.09689850e+02, 2.94690609e-01 ]
