%YAML:1.0
---
pose_0: !!opencv-matrix
   rows: 1
   cols: 25
   dt: "3f"
   data: [ 5.50893372e+02, 5.68498840e+02, 4.18927222e-01,
       6.80376404e+02, 5.77342712e+02, 3.43330920e-01, 6.98069641e+02,
       6.53863098e+02, 1.97211966e-01, 0., 0., 0., 0., 0., 0.,
       6.62739624e+02, 5.06672943e+02, 3.12874854e-01, 7.42111084e+02,
       4.33052124e+02, 7.79384434e-01, 6.21450928e+02, 5.27451721e+02,
       6.27152622e-01, 1.06597217e+03, 5.77369507e+02, 3.19724947e-01,
       1.06892114e+03, 6.42152771e+02, 2.89441377e-01, 1.33674634e+03,
       6.03848450e+02, 1.59624383e-01, 1.73705090e+03, 6.42141968e+02,
       1.30998775e-01, 1.06592041e+03, 5.15547607e+02, 2.81007916e-01,
       1.37793250e+03, 5.97909302e+02, 3.29667509e-01, 1.61635315e+03,
       5.53815247e+02, 2.25259587e-01, 5.30251282e+02, 5.77312561e+02,
       3.65544796e-01, 5.33201111e+02, 5.45036987e+02, 4.05819595e-01,
       5.59700256e+02, 6.01016296e+02, 1.36618197e-01, 5.53880127e+02,
       5.06836090e+02, 2.43453652e-01, 1.72823572e+03, 5.42073853e+02,
       2.39713833e-01, 1.73104443e+03, 5.33221375e+02, 2.45464787e-01,
       0., 0., 0., 0., 0., 0., 0., 0., 0., 1.76058557e+03,
       6.50961304e+02, 1.44347638e-01 ]
