%YAML:1.0
---
pose_0: !!opencv-matrix
   rows: 1
   cols: 25
   dt: "3f"
   data: [ 7.68733459e+02, 4.59667450e+02, 8.70157778e-01,
       8.83533020e+02, 4.80169647e+02, 8.02150071e-01, 8.71700623e+02,
       5.50782593e+02, 7.39787042e-01, 9.86518982e+02, 6.15659790e+02,
       7.21057057e-01, 1.08945874e+03, 6.74555115e+02, 7.63420224e-01,
       9.01108704e+02, 4.09627228e+02, 6.92056179e-01, 1.02480920e+03,
       3.62395874e+02, 7.99620867e-01, 1.13074670e+03, 2.91934540e+02,
       8.14853728e-01, 1.13959888e+03, 4.62538605e+02, 5.88524699e-01,
       1.13948669e+03, 5.06834747e+02, 6.28722847e-01, 1.34560144e+03,
       5.33181946e+02, 6.96041167e-01, 1.54271240e+03, 5.56848389e+02,
       5.87615013e-01, 1.13663318e+03, 4.12458984e+02, 5.87135315e-01,
       1.34852136e+03, 4.15457184e+02, 7.32898116e-01, 1.56928125e+03,
       4.30145203e+02, 6.93194389e-01, 7.59877625e+02, 4.80206787e+02,
       8.31824362e-01, 7.62683655e+02, 4.44920471e+02, 8.29665720e-01,
       7.77481995e+02, 5.06615540e+02, 5.62426150e-01, 7.83426941e+02,
       4.21415100e+02, 5.71657300e-01, 1.63999316e+03, 4.18415497e+02,
       3.68555814e-01, 1.63699023e+03, 4.12537109e+02, 4.39494371e-01,
       1.58986694e+03, 4.18490631e+02, 2.99460113e-01, 1.59280188e+03,
       5.33316223e+02, 2.37996295e-01, 0., 0., 0., 1.58099963e+03,
       5.42059021e+02, 3.45622748e-01 ]
