%YAML:1.0
---
pose_0: !!opencv-matrix
   rows: 1
   cols: 25
   dt: "3f"
   data: [ 7.15819824e+02, 5.27361633e+02, 8.69163513e-01,
       7.95163757e+02, 5.30420959e+02, 7.26649702e-01, 7.89263611e+02,
       5.83284546e+02, 6.46050930e-01, 8.15765564e+02, 6.83285461e+02,
       3.71615350e-01, 7.21645996e+02, 7.01002747e+02, 1.57797143e-01,
       7.92258179e+02, 4.83124451e+02, 6.71578228e-01, 8.60045837e+02,
       4.56574768e+02, 7.93702483e-01, 8.33313782e+02, 6.21518066e+02,
       4.90183681e-01, 1.06004919e+03, 5.47902222e+02, 5.75790763e-01,
       1.05711353e+03, 5.92129150e+02, 5.77702403e-01, 1.25424207e+03,
       6.12728943e+02, 7.54611671e-01, 1.49265625e+03, 6.50941650e+02,
       6.81040406e-01, 1.06588477e+03, 4.94941681e+02, 5.70904672e-01,
       1.27491833e+03, 4.83137970e+02, 7.36608088e-01, 1.49565088e+03,
       4.59676392e+02, 6.93800628e-01, 7.01039795e+02, 5.36167175e+02,
       7.71158576e-01, 7.09835632e+02, 5.06767883e+02, 8.19676042e-01,
       7.15768982e+02, 5.59784912e+02, 4.64853048e-01, 7.30385315e+02,
       4.83294983e+02, 5.97446620e-01, 1.58693176e+03, 4.39010376e+02,
       4.06364769e-01, 1.58397070e+03, 4.33216370e+02, 3.97002846e-01,
       1.51922778e+03, 4.59626526e+02, 2.18524218e-01, 1.56922192e+03,
       6.71501282e+02, 5.50264716e-01, 1.56042383e+03, 6.77431885e+02,
       4.97049749e-01, 1.51621069e+03, 6.39186035e+02, 4.15342569e-01 ]
