%YAML:1.0
---
pose_0: !!opencv-matrix
   rows: 1
   cols: 25
   dt: "3f"
   data: [ 7.42273132e+02, 4.59557373e+02, 5.84883690e-01,
       8.12876038e+02, 5.09678741e+02, 5.06186843e-01, 8.27586243e+02,
       5.42089111e+02, 6.88549995e-01, 9.42384827e+02, 6.15609070e+02,
       7.58678377e-01, 1.07174390e+03, 5.30324951e+02, 7.99030840e-01,
       7.95215088e+02, 4.65574982e+02, 2.92027563e-01, 8.77564209e+02,
       4.77309296e+02, 8.22079927e-02, 0., 0., 0., 1.16307532e+03,
       5.71516602e+02, 5.69325209e-01, 1.15425940e+03, 6.15608337e+02,
       4.96748179e-01, 1.34262000e+03, 5.53874268e+02, 6.91866100e-01,
       1.65460339e+03, 7.24554504e+02, 4.82959211e-01, 1.16897949e+03,
       5.30266357e+02, 5.56227267e-01, 1.36028223e+03, 4.83340149e+02,
       6.64335907e-01, 1.56921997e+03, 6.12708618e+02, 5.05610347e-01,
       7.30414551e+02, 4.74355591e+02, 4.19662952e-01, 7.39164368e+02,
       4.53786682e+02, 1.52624756e-01, 7.45228943e+02, 5.03735504e+02,
       3.82076889e-01, 0., 0., 0., 1.62518652e+03, 5.30371155e+02,
       4.26751316e-01, 1.61933557e+03, 5.33271179e+02, 4.03392911e-01,
       1.59278394e+03, 6.30340149e+02, 3.79616082e-01, 1.70464392e+03,
       7.03929932e+02, 2.54259616e-01, 1.68407593e+03, 7.33345947e+02,
       2.62155592e-01, 1.68114331e+03, 7.48045837e+02, 3.59097421e-01 ]
