%YAML:1.0
---
pose_0: !!opencv-matrix
   rows: 1
   cols: 25
   dt: "3f"
   data: [ 7.89419189e+02, 4.36224609e+02, 8.69437039e-01,
       8.80463379e+02, 3.94882446e+02, 7.13586032e-01, 8.80548706e+02,
       4.62646759e+02, 7.67735362e-01, 9.77764587e+02, 4.27260834e+02,
       6.77331984e-01, 9.33526794e+02, 2.94937927e+02, 6.57655120e-01,
       8.77595825e+02, 3.27218750e+02, 6.01949573e-01, 1.00705542e+03,
       2.47608093e+02, 7.82678008e-01, 9.15815369e+02, 1.83011398e+02,
       7.48714566e-01, 1.13656897e+03, 4.41941101e+02, 6.38797343e-01,
       1.11597449e+03, 4.86138000e+02, 6.52518988e-01, 1.29847595e+03,
       5.89199158e+02, 7.76414573e-01, 1.49266968e+03, 6.45129395e+02,
       6.81531608e-01, 1.15136096e+03, 3.91913788e+02, 5.98408043e-01,
       1.36613708e+03, 3.86027771e+02, 5.08166134e-01, 1.55451563e+03,
       3.86013031e+02, 6.23794436e-01, 7.80441589e+02, 4.50779755e+02,
       7.61523008e-01, 7.83327026e+02, 4.21431274e+02, 7.51410067e-01,
       0., 0., 0., 7.86278625e+02, 3.86064301e+02, 6.50213778e-01,
       1.62515771e+03, 3.56621063e+02, 4.15349782e-01, 1.61632458e+03,
       3.47832520e+02, 4.52343017e-01, 1.57809875e+03, 3.89058411e+02,
       3.04412603e-01, 1.54278198e+03, 6.00943848e+02, 5.85702658e-01,
       1.53686035e+03, 6.15640930e+02, 4.89547074e-01, 1.51040784e+03,
       6.62705505e+02, 4.28202957e-01 ]
