%YAML:1.0
---
pose_0: !!opencv-matrix
   rows: 1
   cols: 25
   dt: "3f"
   data: [ 0., 0., 0., 8.12892822e+02, 5.53796631e+02, 5.90094149e-01,
       8.24611023e+02, 5.47925476e+02, 5.40430665e-01, 9.30516907e+02,
       4.77321259e+02, 4.73903239e-01, 8.09875793e+02, 4.12509003e+02,
       7.40864038e-01, 8.12751892e+02, 5.65617432e+02, 4.92215335e-01,
       9.30686584e+02, 4.83258423e+02, 4.19541359e-01, 8.01099487e+02,
       4.12686523e+02, 7.75383487e-02, 1.08065674e+03, 5.50885498e+02,
       3.42842638e-01, 1.08068018e+03, 5.36176208e+02, 2.79498488e-01,
       1.33376685e+03, 5.24404175e+02, 6.40559196e-01, 1.60457495e+03,
       6.92189331e+02, 4.75818783e-01, 1.07479492e+03, 5.71501953e+02,
       2.56584734e-01, 1.35434265e+03, 5.03816223e+02, 4.40798163e-01,
       1.59572205e+03, 5.95057251e+02, 5.31607747e-01, 0., 0., 0., 0.,
       0., 0., 7.68738464e+02, 5.27387512e+02, 6.91755638e-02,
       7.39217712e+02, 5.80321289e+02, 1.95396617e-01, 1.70752393e+03,
       5.74487427e+02, 3.67371678e-01, 1.70464624e+03, 5.74378174e+02,
       3.25826287e-01, 1.61049719e+03, 6.21406799e+02, 3.23625982e-01,
       1.68114624e+03, 6.24527405e+02, 1.55830979e-01, 1.68112964e+03,
       6.53905762e+02, 1.06042653e-01, 1.63699170e+03, 7.39183044e+02,
       2.99772412e-01 ]
