%YAML:1.0
---
pose_0: !!opencv-matrix
   rows: 1
   cols: 25
   dt: "3f"
   data: [ 7.56945496e+02, 5.53978943e+02, 7.88761973e-01,
       8.56913147e+02, 5.65637024e+02, 6.62077785e-01, 8.56998474e+02,
       6.06864075e+02, 6.75476909e-01, 9.24673767e+02, 6.95005493e+02,
       8.24507236e-01, 8.21716797e+02, 6.95163391e+02, 8.00583541e-01,
       8.54056030e+02, 5.06754272e+02, 5.18704414e-01, 9.51247070e+02,
       4.33177826e+02, 8.73927593e-01, 8.59992310e+02, 5.24409302e+02,
       8.20705295e-01, 1.12186816e+03, 5.53777405e+02, 5.99312067e-01,
       1.11600696e+03, 6.00844604e+02, 5.99548161e-01, 1.30739819e+03,
       6.24387024e+02, 5.77744186e-01, 1.51039917e+03, 6.30329834e+02,
       6.42298281e-01, 1.12485388e+03, 5.03721649e+02, 5.71838081e-01,
       1.31910925e+03, 4.92068268e+02, 5.69131434e-01, 1.52218616e+03,
       4.59592804e+02, 6.42458081e-01, 7.39256409e+02, 5.68573730e+02,
       7.61881411e-01, 7.45140320e+02, 5.33263855e+02, 7.42033124e-01,
       7.56900696e+02, 5.80325867e+02, 1.07869938e-01, 7.80453979e+02,
       5.09632904e+02, 4.96553570e-01, 1.60451563e+03, 4.30238647e+02,
       4.47446525e-01, 1.59866223e+03, 4.30186340e+02, 4.38054055e-01,
       1.56339893e+03, 4.71418945e+02, 1.99618623e-01, 1.57803931e+03,
       6.77419250e+02, 5.24053752e-01, 1.56932617e+03, 6.74505066e+02,
       5.36861539e-01, 1.53691370e+03, 6.09800964e+02, 4.43459541e-01 ]
