%YAML:1.0
---
pose_0: !!opencv-matrix
   rows: 1
   cols: 25
   dt: "3f"
   data: [ 8.01112244e+02, 4.12499786e+02, 8.10270011e-01,
       8.98142578e+02, 4.65508911e+02, 6.72638774e-01, 8.89403503e+02,
       5.33278442e+02, 6.34759426e-01, 9.95262756e+02, 5.97957031e+02,
       8.28438342e-01, 9.74644653e+02, 4.62646484e+02, 8.27740073e-01,
       9.04138794e+02, 3.97891785e+02, 6.64068460e-01, 1.04823792e+03,
       3.39007874e+02, 7.68695831e-01, 1.16612463e+03, 2.59496796e+02,
       7.82171845e-01, 1.16307727e+03, 4.24333801e+02, 5.28030992e-01,
       1.15133655e+03, 4.80273804e+02, 5.86062729e-01, 1.34847620e+03,
       5.53901978e+02, 4.96310830e-01, 1.53683691e+03, 6.86291016e+02,
       5.66148043e-01, 1.16011023e+03, 3.65504242e+02, 5.71581960e-01,
       1.35150439e+03, 3.06601196e+02, 6.12273157e-01, 1.56041956e+03,
       2.97814117e+02, 4.67811376e-01, 7.83454712e+02, 4.30254120e+02,
       7.92143464e-01, 7.86467163e+02, 4.00760437e+02, 5.54940224e-01,
       7.95229187e+02, 4.68533813e+02, 6.71296418e-01, 0., 0., 0.,
       1.64874097e+03, 2.65410400e+02, 3.98321807e-01, 1.64577490e+03,
       2.62428101e+02, 3.79630506e-01, 1.58983276e+03, 3.00727112e+02,
       3.19352895e-01, 1.61039636e+03, 6.95019897e+02, 6.10363126e-01,
       1.59282422e+03, 7.09766663e+02, 5.20847678e-01, 1.54870544e+03,
       6.98079163e+02, 2.81322390e-01 ]
