%YAML:1.0
---
pose_0: !!opencv-matrix
   rows: 1
   cols: 25
   dt: "3f"
   data: [ 7.56938538e+02, 4.33129425e+02, 8.50082636e-01,
       8.80485291e+02, 4.36186646e+02, 7.63247609e-01, 8.80530090e+02,
       5.15545959e+02, 7.31838465e-01, 1.00116193e+03, 5.77304260e+02,
       8.86328697e-01, 9.77756470e+02, 6.24556702e+02, 8.66511881e-01,
       8.77557739e+02, 3.65430725e+02, 6.28113091e-01, 1.00708051e+03,
       3.12436798e+02, 7.55135894e-01, 1.11307166e+03, 2.68292694e+02,
       8.55927289e-01, 1.13664368e+03, 4.62562775e+02, 5.81864119e-01,
       1.13074219e+03, 5.12638184e+02, 5.79763770e-01, 1.32795288e+03,
       5.30396729e+02, 8.17473888e-01, 1.54282434e+03, 5.77409302e+02,
       5.82653642e-01, 1.14245117e+03, 4.09651764e+02, 5.97018838e-01,
       1.34846521e+03, 3.68468109e+02, 6.28599405e-01, 1.56635022e+03,
       3.12378876e+02, 5.47397494e-01, 7.42148560e+02, 4.42067505e+02,
       8.12889874e-01, 7.42247437e+02, 4.12445862e+02, 8.84270847e-01,
       7.65668945e+02, 4.62599396e+02, 3.97996575e-01, 7.65652771e+02,
       3.88911957e+02, 5.88241875e-01, 1.63699707e+03, 2.68389313e+02,
       3.40744734e-01, 1.63703223e+03, 2.68371155e+02, 2.97314227e-01,
       1.57809973e+03, 3.03653564e+02, 2.20902860e-01, 1.61047815e+03,
       5.80308716e+02, 3.67663324e-01, 1.61036584e+03, 5.95057312e+02,
       3.60394835e-01, 1.57517139e+03, 5.71500610e+02, 3.35116237e-01 ]
