%YAML:1.0
---
pose_0: !!opencv-matrix
   rows: 1
   cols: 25
   dt: "3f"
   data: [ 6.95012756e+02, 3.71302887e+02, 8.55752409e-01,
       8.12730164e+02, 3.65526184e+02, 7.42040932e-01, 8.15777649e+02,
       4.53669739e+02, 6.74410045e-01, 9.48139954e+02, 5.03916412e+02,
       8.10194016e-01, 1.02186145e+03, 5.24325012e+02, 8.28233898e-01,
       8.15747559e+02, 2.80086334e+02, 6.47483110e-01, 9.54153687e+02,
       2.44892395e+02, 8.15366924e-01, 1.05122339e+03, 2.38874802e+02,
       7.60353804e-01, 1.09236926e+03, 3.80128967e+02, 5.71674526e-01,
       1.08069861e+03, 4.30217163e+02, 6.01999760e-01, 1.29849683e+03,
       4.36121216e+02, 7.36411631e-01, 1.53098303e+03, 4.68497528e+02,
       5.54282188e-01, 1.09544348e+03, 3.18351166e+02, 5.73442221e-01,
       1.35148438e+03, 3.15423950e+02, 5.86371958e-01, 1.55746191e+03,
       3.09541046e+02, 6.25571370e-01, 6.80410278e+02, 3.88954102e+02,
       7.69464612e-01, 6.83345520e+02, 3.50800995e+02, 7.80624688e-01,
       6.95217468e+02, 4.12449890e+02, 2.42804393e-01, 7.09766968e+02,
       3.18443970e+02, 5.35087287e-01, 1.63983447e+03, 2.71244293e+02,
       5.42688370e-01, 1.63408630e+03, 2.71209930e+02, 5.37743807e-01,
       1.58688989e+03, 3.15365631e+02, 2.42670804e-01, 1.61340649e+03,
       4.50791565e+02, 4.84120995e-01, 1.60452576e+03, 4.59711273e+02,
       4.06086206e-01, 1.55451062e+03, 4.77287201e+02, 3.06332141e-01 ]
