%YAML:1.0
---
pose_0: !!opencv-matrix
   rows: 1
   cols: 25
   dt: "3f"
   data: [ 7.83383118e+02, 4.27233063e+02, 8.25862229e-01,
       8.65880737e+02, 4.39145355e+02, 7.42047668e-01, 8.56928650e+02,
       5.03828003e+02, 8.42545033e-01, 9.48278687e+02, 5.62686707e+02,
       7.99666047e-01, 9.57173401e+02, 4.36213776e+02, 8.11950803e-01,
       8.80609619e+02, 3.74308777e+02, 5.70502400e-01, 1.01881604e+03,
       3.21276855e+02, 4.12162036e-01, 9.83566895e+02, 3.80191895e+02,
       5.10944188e-01, 1.14834399e+03, 4.62596283e+02, 5.85568905e-01,
       1.13958838e+03, 5.09725861e+02, 5.44541001e-01, 1.38093323e+03,
       5.83241211e+02, 6.79514468e-01, 1.54282556e+03, 6.95097656e+02,
       5.61078787e-01, 1.15715540e+03, 4.09644745e+02, 5.86880207e-01,
       1.35731860e+03, 3.42013519e+02, 5.21078944e-01, 1.55161121e+03,
       3.47826691e+02, 4.14082527e-01, 7.62879089e+02, 4.39068115e+02,
       8.84292185e-01, 7.65783875e+02, 4.09594086e+02, 8.99927020e-01,
       7.83324585e+02, 4.71419708e+02, 6.67532921e-01, 7.89284729e+02,
       3.88993347e+02, 6.28561556e-01, 1.64280762e+03, 3.38889984e+02,
       2.91987658e-01, 1.63989001e+03, 3.24316376e+02, 2.99823910e-01,
       1.60162415e+03, 3.59574677e+02, 2.71836758e-01, 1.62513928e+03,
       6.95088074e+02, 3.04245651e-01, 0., 0., 0., 1.56043762e+03,
       7.15771790e+02, 3.22856069e-01 ]
