%YAML:1.0
---
pose_0: !!opencv-matrix
   rows: 1
   cols: 25
   dt: "3f"
   data: [ 6.92127747e+02, 5.30370850e+02, 8.68032157e-01,
       8.21657898e+02, 5.30362732e+02, 6.31885827e-01, 8.36333984e+02,
       5.92084900e+02, 4.45031822e-01, 9.92358215e+02, 6.50950806e+02,
       7.87232161e-01, 8.80454407e+02, 6.01075806e+02, 8.41437697e-01,
       8.12770630e+02, 4.74353180e+02, 5.61048150e-01, 9.30626648e+02,
       3.65460236e+02, 8.86997700e-01, 1.00135828e+03, 3.80125000e+02,
       8.27432811e-01, 1.11887964e+03, 5.56805908e+02, 4.91139293e-01,
       1.11599854e+03, 6.15652161e+02, 5.58898389e-01, 1.29257495e+03,
       6.53927307e+02, 3.60920578e-01, 1.49863757e+03, 6.42059631e+02,
       8.95560384e-02, 1.11889734e+03, 4.97910645e+02, 4.87781167e-01,
       1.35147583e+03, 5.50979370e+02, 5.93541443e-01, 1.70461646e+03,
       5.56789307e+02, 4.11062479e-01, 6.74478821e+02, 5.50751465e+02,
       7.80033648e-01, 6.74532776e+02, 5.12626282e+02, 7.79535890e-01,
       6.92195129e+02, 5.74374390e+02, 4.65647280e-01, 6.98018616e+02,
       4.91994171e+02, 5.26823461e-01, 1.80185938e+03, 6.24381348e+02,
       1.58840239e-01, 1.80761926e+03, 6.18611084e+02, 1.29643723e-01,
       1.74292480e+03, 5.97955994e+02, 1.93400472e-01, 0., 0., 0., 0.,
       0., 0., 0., 0., 0. ]
