%YAML:1.0
---
pose_0: !!opencv-matrix
   rows: 1
   cols: 25
   dt: "3f"
   data: [ 7.59754211e+02, 4.36049896e+02, 8.65762591e-01,
       8.59989258e+02, 4.12498047e+02, 7.17195332e-01, 8.59887939e+02,
       4.83106049e+02, 5.42877018e-01, 1.01005579e+03, 4.83149475e+02,
       5.86686194e-01, 1.09539856e+03, 5.53834167e+02, 8.80644739e-01,
       8.59936951e+02, 3.44818024e+02, 6.37111843e-01, 9.74796143e+02,
       2.44881653e+02, 8.86448145e-01, 9.54133606e+02, 3.80116852e+02,
       8.44136477e-01, 1.14835303e+03, 4.33126038e+02, 5.94813704e-01,
       1.14249841e+03, 4.80153717e+02, 6.21111929e-01, 1.32500928e+03,
       5.74364502e+02, 8.08122516e-01, 1.55744604e+03, 5.74296631e+02,
       5.92718303e-01, 1.15133606e+03, 3.83106812e+02, 5.10698080e-01,
       1.37798462e+03, 3.42058411e+02, 7.71943927e-01, 1.53390894e+03,
       1.77115570e+02, 6.14454448e-01, 7.39338196e+02, 4.53694794e+02,
       8.39715719e-01, 7.42250671e+02, 4.12597168e+02, 8.48253310e-01,
       7.62829041e+02, 4.62575073e+02, 1.54339910e-01, 7.62880554e+02,
       3.83082672e+02, 6.37903988e-01, 1.62222156e+03, 1.38840714e+02,
       1.66019768e-01, 1.61635046e+03, 1.35866821e+02, 1.46850720e-01,
       1.53977002e+03, 1.65274826e+02, 2.97736704e-01, 1.60457727e+03,
       5.27318298e+02, 3.09675992e-01, 1.59572656e+03, 5.39094177e+02,
       2.45416999e-01, 1.58692859e+03, 5.56813232e+02, 3.52020830e-01 ]
