%YAML:1.0
---
pose_0: !!opencv-matrix
   rows: 1
   cols: 25
   dt: "3f"
   data: [ 6.53867798e+02, 4.86115936e+02, 7.92741776e-01,
       8.01066467e+02, 4.97929626e+02, 6.51779175e-01, 8.09985229e+02,
       5.98008850e+02, 7.27507710e-01, 9.59996094e+02, 6.42134827e+02,
       7.80938983e-01, 1.09235632e+03, 7.18781982e+02, 8.29616845e-01,
       7.95214966e+02, 3.97851715e+02, 6.35749340e-01, 9.54108521e+02,
       3.65345306e+02, 6.75340116e-01, 1.09247046e+03, 3.24233765e+02,
       7.20969558e-01, 1.11011072e+03, 5.03711090e+02, 5.44538140e-01,
       1.09831299e+03, 5.53769287e+02, 5.92776537e-01, 1.33387329e+03,
       6.27366211e+02, 7.07316637e-01, 1.51928711e+03, 6.18512695e+02,
       5.27681172e-01, 1.11593860e+03, 4.36128662e+02, 5.38420022e-01,
       1.34847009e+03, 4.59614716e+02, 5.98698497e-01, 1.63106799e+03,
       4.71417023e+02, 5.81509173e-01, 6.42147522e+02, 5.06762878e+02,
       8.54241788e-01, 6.42075378e+02, 4.62546478e+02, 7.99021184e-01,
       6.65729248e+02, 5.30332092e+02, 2.74219632e-01, 6.68633789e+02,
       4.27209930e+02, 5.06064415e-01, 1.70768127e+03, 4.44922272e+02,
       5.06706297e-01, 1.70464246e+03, 4.41971924e+02, 5.27500927e-01,
       1.66046765e+03, 4.94925751e+02, 2.81715006e-01, 1.63106348e+03,
       6.27419250e+02, 1.81293651e-01, 1.60751172e+03, 6.42174500e+02,
       1.82467133e-01, 1.56329224e+03, 5.95036072e+02, 2.82183200e-01 ]
