%YAML:1.0
---
pose_0: !!opencv-matrix
   rows: 1
   cols: 25
   dt: "3f"
   data: [ 5.53830017e+02, 4.53746185e+02, 3.30696255e-01,
       6.89195374e+02, 5.33294617e+02, 4.14669186e-01, 6.80411316e+02,
       6.27445435e+02, 2.67936438e-01, 7.89385254e+02, 7.42190308e+02,
       2.69689053e-01, 8.83535522e+02, 8.33423340e+02, 3.24843019e-01,
       7.12782593e+02, 4.18432495e+02, 4.57833678e-01, 8.45187927e+02,
       4.33103088e+02, 2.15580165e-01, 8.45242615e+02, 4.33166779e+02,
       2.74352878e-01, 1.03946179e+03, 5.12616272e+02, 1.19807050e-01,
       1.06299377e+03, 5.83237366e+02, 1.22832961e-01, 1.34265271e+03,
       5.77320374e+02, 1.95997417e-01, 1.70754199e+03, 5.97981689e+02,
       3.34624499e-01, 1.05711084e+03, 4.59681274e+02, 1.55103564e-01,
       1.31907397e+03, 3.65534515e+02, 1.56134829e-01, 1.51920508e+03,
       3.62492462e+02, 1.69506460e-01, 5.45029053e+02, 5.27298340e+02,
       2.93615311e-01, 5.30360718e+02, 4.59615967e+02, 3.43251884e-01,
       5.53895447e+02, 5.74495239e+02, 2.33606339e-01, 0., 0., 0., 0.,
       0., 0., 0., 0., 0., 0., 0., 0., 1.80763538e+03, 5.97932739e+02,
       6.22702464e-02, 0., 0., 0., 1.72233374e+03, 5.80378113e+02,
       1.51236668e-01 ]
