%YAML:1.0
---
pose_0: !!opencv-matrix
   rows: 1
   cols: 25
   dt: "3f"
   data: [ 7.62881348e+02, 3.65373962e+02, 9.22133386e-01,
       8.62928162e+02, 3.85949493e+02, 7.13689029e-01, 8.60031067e+02,
       4.74314270e+02, 5.76176822e-01, 9.95272888e+02, 5.27253235e+02,
       7.26038992e-01, 1.09544421e+03, 5.30201965e+02, 7.97476470e-01,
       8.89325562e+02, 3.06593262e+02, 6.18401349e-01, 9.80653503e+02,
       2.21155075e+02, 8.44286382e-01, 1.02170935e+03, 1.03606827e+02,
       8.96448493e-01, 1.13364355e+03, 3.77248352e+02, 5.50121725e-01,
       1.13365051e+03, 4.24333160e+02, 5.61552525e-01, 1.35138440e+03,
       4.80083710e+02, 7.28590310e-01, 1.54277747e+03, 5.68565979e+02,
       6.31956100e-01, 1.13361426e+03, 3.21387787e+02, 5.18783987e-01,
       1.35441492e+03, 3.18314697e+02, 6.67791069e-01, 1.56926208e+03,
       3.15499176e+02, 6.87722683e-01, 7.45224182e+02, 3.80215546e+02,
       7.71392941e-01, 7.53923523e+02, 3.44908264e+02, 8.00166547e-01,
       7.62769043e+02, 4.09546478e+02, 7.35446513e-01, 7.74530396e+02,
       3.27251221e+02, 4.82365221e-01, 1.63984229e+03, 2.91831268e+02,
       5.33366561e-01, 1.63408728e+03, 2.86031708e+02, 5.45407653e-01,
       1.59276868e+03, 3.18415771e+02, 2.89733410e-01, 1.61333020e+03,
       5.97969849e+02, 6.18114412e-01, 1.59573267e+03, 6.03935974e+02,
       5.66829324e-01, 1.56635828e+03, 5.59706909e+02, 3.95339787e-01 ]
