%YAML:1.0
---
pose_0: !!opencv-matrix
   rows: 1
   cols: 25
   dt: "3f"
   data: [ 0., 0., 0., 8.12775024e+02, 5.27282227e+02, 5.30547023e-01,
       8.18724854e+02, 5.12608887e+02, 3.84284168e-01, 9.77607544e+02,
       5.33267212e+02, 3.01173329e-01, 0., 0., 0., 8.06957825e+02,
       5.39152344e+02, 4.30225641e-01, 9.68811035e+02, 5.30358276e+02,
       2.59504199e-01, 0., 0., 0., 1.14251221e+03, 5.74432251e+02,
       3.14228177e-01, 1.15427808e+03, 5.65632446e+02, 3.18848521e-01,
       1.40438831e+03, 4.80171936e+02, 8.12952638e-01, 1.63697461e+03,
       7.09854370e+02, 6.04443908e-01, 0., 0., 0., 0., 0., 0., 0., 0.,
       0., 0., 0., 0., 0., 0., 0., 7.65688049e+02, 4.83169189e+02,
       2.14948297e-01, 7.24539001e+02, 5.39088867e+02, 1.40542075e-01,
       0., 0., 0., 0., 0., 0., 0., 0., 0., 1.69284875e+03,
       7.15581970e+02, 2.72365212e-01, 1.68112695e+03, 7.27452881e+02,
       3.42655718e-01, 1.64282019e+03, 7.36342651e+02, 4.37836230e-01 ]
