%YAML:1.0
---
pose_0: !!opencv-matrix
   rows: 1
   cols: 25
   dt: "3f"
   data: [ 7.62725464e+02, 4.59812836e+02, 8.92377973e-01,
       8.57042053e+02, 4.68447815e+02, 7.29119003e-01, 8.39417847e+02,
       5.21395081e+02, 6.69923365e-01, 9.86533447e+02, 6.00803284e+02,
       7.67272353e-01, 8.98179016e+02, 5.83280945e+02, 7.51225114e-01,
       8.71690125e+02, 4.12483551e+02, 6.58874512e-01, 9.65914307e+02,
       4.12489197e+02, 8.36579502e-01, 8.74605591e+02, 4.94924805e+02,
       6.37539685e-01, 1.11306030e+03, 4.65544800e+02, 5.25273919e-01,
       1.11888708e+03, 5.06805420e+02, 5.77252746e-01, 1.32496851e+03,
       5.00848816e+02, 7.48508334e-01, 1.56044067e+03, 5.03806732e+02,
       6.51761472e-01, 1.11009192e+03, 4.12616547e+02, 5.33106387e-01,
       1.30731824e+03, 3.44897064e+02, 4.70616162e-01, 1.42799097e+03,
       3.12471863e+02, 1.38907537e-01, 7.45168396e+02, 4.77285431e+02,
       8.23923349e-01, 7.50980225e+02, 4.47844910e+02, 7.83096075e-01,
       7.62846191e+02, 4.91988251e+02, 3.35181594e-01, 7.65759277e+02,
       4.24311554e+02, 7.23816633e-01, 0., 0., 0., 0., 0., 0.,
       1.55156665e+03, 2.94865448e+02, 1.64820150e-01, 1.61934192e+03,
       5.09680908e+02, 3.97694290e-01, 0., 0., 0., 1.58990576e+03,
       4.86113678e+02, 3.44420701e-01 ]
