%YAML:1.0
---
pose_0: !!opencv-matrix
   rows: 1
   cols: 25
   dt: "3f"
   data: [ 7.65658081e+02, 4.33189178e+02, 8.97157907e-01,
       8.62959229e+02, 4.59557922e+02, 7.35011041e-01, 8.62831909e+02,
       5.12607544e+02, 6.33829594e-01, 9.92350159e+02, 5.86243958e+02,
       7.76234031e-01, 8.83491577e+02, 5.71478577e+02, 8.32450151e-01,
       8.74611633e+02, 3.88995270e+02, 6.58826351e-01, 9.86522217e+02,
       3.86083252e+02, 8.26275110e-01, 8.80636353e+02, 4.56834137e+02,
       8.24010253e-01, 1.13946533e+03, 4.47906128e+02, 5.09216964e-01,
       1.13657642e+03, 4.97889435e+02, 5.28129816e-01, 1.33094458e+03,
       5.00767242e+02, 7.08740711e-01, 1.56623792e+03, 5.03688995e+02,
       6.01998389e-01, 1.13656274e+03, 3.88973511e+02, 5.70639312e-01,
       1.33081860e+03, 3.15410339e+02, 3.96441281e-01, 1.40148254e+03,
       2.86029144e+02, 2.00616434e-01, 7.51050903e+02, 4.47860229e+02,
       7.57737041e-01, 7.56911743e+02, 4.12710297e+02, 8.22240114e-01,
       7.65779114e+02, 4.80256409e+02, 6.08409166e-01, 7.77494385e+02,
       3.94896881e+02, 3.81640851e-01, 1.51631995e+03, 2.41883606e+02,
       8.55289996e-02, 0., 0., 0., 0., 0., 0., 1.63389246e+03,
       5.06762207e+02, 4.11971211e-01, 1.62224939e+03, 5.21425964e+02,
       4.13945079e-01, 1.59277087e+03, 4.86127167e+02, 3.49524587e-01 ]
