%YAML:1.0
---
pose_0: !!opencv-matrix
   rows: 1
   cols: 25
   dt: "3f"
   data: [ 7.36323181e+02, 4.83152649e+02, 7.97937155e-01,
       8.68758179e+02, 4.47875275e+02, 6.74920261e-01, 8.71691040e+02,
       5.42053284e+02, 5.71898699e-01, 1.00421423e+03, 5.95063171e+02,
       6.54972553e-01, 1.11904663e+03, 6.48139221e+02, 7.28524148e-01,
       8.77500244e+02, 3.59547211e+02, 6.12965286e-01, 1.02486804e+03,
       3.21417206e+02, 7.45020449e-01, 1.16296777e+03, 2.77179199e+02,
       7.94508100e-01, 1.14550793e+03, 4.92014618e+02, 5.85480273e-01,
       1.13942383e+03, 5.42083679e+02, 6.17052674e-01, 1.22488367e+03,
       5.95077576e+02, 1.62265435e-01, 0., 0., 0., 1.16012781e+03,
       4.36054932e+02, 5.96500039e-01, 1.35447559e+03, 4.80338440e+02,
       7.49838829e-01, 1.60164783e+03, 4.59679993e+02, 6.38601959e-01,
       7.15784973e+02, 4.94953949e+02, 5.52498937e-01, 7.15749146e+02,
       4.59658569e+02, 7.82004833e-01, 0., 0., 0., 7.30443298e+02,
       4.21425964e+02, 5.34853816e-01, 1.67514758e+03, 4.30219757e+02,
       4.79073972e-01, 1.66346960e+03, 4.30158539e+02, 4.98565525e-01,
       1.63990063e+03, 4.74348572e+02, 2.66029805e-01, 0., 0., 0., 0.,
       0., 0., 0., 0., 0. ]
