%YAML:1.0
---
pose_0: !!opencv-matrix
   rows: 2
   cols: 25
   dt: "3f"
   data: [ 0., 0., 0., 6.92129883e+02, 4.89134003e+02, 1.77545711e-01,
       6.00945068e+02, 5.21464844e+02, 5.59726618e-02, 5.65557617e+02,
       5.30386719e+02, 2.14203447e-01, 0., 0., 0., 7.24612976e+02,
       4.36032837e+02, 2.45420426e-01, 8.09818604e+02, 4.21373199e+02,
       7.33998239e-01, 7.18553589e+02, 4.86172211e+02, 7.84896851e-01,
       1.06888989e+03, 5.39146301e+02, 4.37613040e-01, 1.05711023e+03,
       5.97957703e+02, 4.92748439e-01, 1.33085046e+03, 6.03819153e+02,
       5.41107416e-01, 1.66641418e+03, 6.00935242e+02, 5.26621699e-01,
       1.06885803e+03, 4.77303650e+02, 4.16384637e-01, 1.35732092e+03,
       4.77340485e+02, 6.04898930e-01, 1.56629358e+03, 4.53703979e+02,
       4.97277766e-01, 0., 0., 0., 0., 0., 0., 0., 0., 0.,
       6.48034180e+02, 5.00820343e+02, 5.16648889e-02, 1.66053552e+03,
       4.50843079e+02, 3.85519743e-01, 1.65765369e+03, 4.41988678e+02,
       4.38762993e-01, 1.65757898e+03, 4.77283752e+02, 1.19149148e-01,
       1.76057556e+03, 6.45129578e+02, 2.52239347e-01, 1.75766016e+03,
       6.45014404e+02, 2.83983827e-01, 1.70759436e+03, 5.74324951e+02,
       2.54819810e-01, 0., 0., 0., 0., 0., 0., 6.77459656e+02,
       5.50877991e+02, 8.55495781e-02, 7.59814026e+02, 6.18579407e+02,
       3.98013771e-01, 7.59836853e+02, 5.45020630e+02, 4.95471716e-01,
       0., 0., 0., 0., 0., 0., 0., 0., 0., 0., 0., 0., 0., 0., 0., 0.,
       0., 0., 0., 0., 0., 0., 0., 0., 0., 0., 0., 0., 0., 0., 0., 0.,
       0., 0., 0., 0., 0., 0., 0., 0., 0., 0., 0., 0., 0., 0., 0., 0.,
       0., 0., 0., 0., 0., 0., 0., 0., 0., 0., 0., 0. ]
