%YAML:1.0
---
pose_0: !!opencv-matrix
   rows: 1
   cols: 25
   dt: "3f"
   data: [ 7.62769348e+02, 4.56643097e+02, 8.99280190e-01,
       8.59914307e+02, 4.71381653e+02, 7.33536541e-01, 8.59982666e+02,
       5.27375366e+02, 6.93822920e-01, 9.89440369e+02, 5.97922913e+02,
       8.31089497e-01, 8.95243591e+02, 5.77481873e+02, 8.02058458e-01,
       8.59954895e+02, 4.03685547e+02, 6.43848479e-01, 9.77634888e+02,
       4.06644196e+02, 7.63626993e-01, 8.71714844e+02, 4.83060486e+02,
       8.07595491e-01, 1.11898413e+03, 4.59733154e+02, 5.95786512e-01,
       1.12184534e+03, 5.06737518e+02, 6.24819160e-01, 1.31911804e+03,
       5.03848114e+02, 7.59614825e-01, 1.56043872e+03, 5.03874054e+02,
       6.67222738e-01, 1.11901086e+03, 4.09684174e+02, 5.94259918e-01,
       1.32205371e+03, 3.35979340e+02, 5.37369668e-01, 1.41915857e+03,
       3.06593170e+02, 1.30070254e-01, 7.45171875e+02, 4.65561401e+02,
       8.22834373e-01, 7.53912964e+02, 4.36022369e+02, 8.55043948e-01,
       7.62860596e+02, 4.86208313e+02, 5.43483853e-01, 7.68766846e+02,
       4.15471741e+02, 6.70042753e-01, 0., 0., 0., 0., 0., 0.,
       1.56040674e+03, 2.91891449e+02, 1.12551220e-01, 1.63390991e+03,
       5.03801941e+02, 3.92923862e-01, 1.62223853e+03, 5.12608215e+02,
       3.84646386e-01, 1.58392407e+03, 4.94955353e+02, 3.43320489e-01 ]
