%YAML:1.0
---
pose_0: !!opencv-matrix
   rows: 1
   cols: 25
   dt: "3f"
   data: [ 7.95127136e+02, 4.65510925e+02, 8.23073745e-01,
       8.80440186e+02, 5.03739258e+02, 7.21442819e-01, 8.59903259e+02,
       5.39173096e+02, 7.41829276e-01, 9.33512695e+02, 5.80374023e+02,
       4.14077550e-01, 1.00117139e+03, 6.09805542e+02, 6.48546934e-01,
       8.98220093e+02, 4.59595551e+02, 5.48922181e-01, 1.05711292e+03,
       4.33086884e+02, 7.64177322e-01, 1.16300793e+03, 3.94937836e+02,
       7.60078490e-01, 1.14834949e+03, 5.15525696e+02, 5.66781998e-01,
       1.14833704e+03, 5.59714783e+02, 5.45238972e-01, 1.35434912e+03,
       6.01033997e+02, 6.57560706e-01, 1.53989636e+03, 6.89159241e+02,
       6.69849634e-01, 1.14835144e+03, 4.65521851e+02, 6.14425242e-01,
       1.30733032e+03, 4.03712341e+02, 5.89735091e-01, 1.50450220e+03,
       4.42002411e+02, 3.41632277e-01, 7.83354126e+02, 4.83127960e+02,
       8.56952548e-01, 7.86297974e+02, 4.53755798e+02, 8.21580350e-01,
       7.95131470e+02, 5.06711151e+02, 7.08862722e-01, 8.06928772e+02,
       4.36126434e+02, 2.64366448e-01, 0., 0., 0., 0., 0., 0.,
       1.51624597e+03, 4.53720551e+02, 2.26522386e-01, 1.60754968e+03,
       6.68656799e+02, 5.77964783e-01, 1.59286389e+03, 6.86214722e+02,
       5.03300250e-01, 1.55454688e+03, 7.03960083e+02, 4.27537620e-01 ]
