%YAML:1.0
---
pose_0: !!opencv-matrix
   rows: 1
   cols: 25
   dt: "3f"
   data: [ 7.48094055e+02, 4.36171234e+02, 6.62200511e-01,
       8.42237549e+02, 5.18480835e+02, 6.67426705e-01, 8.33277100e+02,
       5.97991333e+02, 7.64838994e-01, 9.60025940e+02, 6.44923218e+02,
       8.01348448e-01, 1.06897192e+03, 6.03849121e+02, 8.63164902e-01,
       8.48192261e+02, 4.47832336e+02, 3.73899043e-01, 0., 0., 0., 0.,
       0., 0., 1.11306543e+03, 4.97879333e+02, 5.37820458e-01,
       1.11599670e+03, 5.45026306e+02, 5.30957878e-01, 1.33096912e+03,
       5.50751160e+02, 7.65693903e-01, 1.56041345e+03, 5.68506836e+02,
       5.86986423e-01, 1.10713953e+03, 4.36182739e+02, 5.63309729e-01,
       1.33085229e+03, 4.18411591e+02, 4.40940440e-01, 1.52212695e+03,
       4.06692230e+02, 6.10653102e-01, 7.21663757e+02, 4.53769806e+02,
       6.74646735e-01, 7.24541138e+02, 4.33066193e+02, 2.20698327e-01,
       7.42183044e+02, 5.15544922e+02, 5.34070551e-01, 0., 0., 0.,
       1.61048340e+03, 4.09655884e+02, 3.50365698e-01, 1.60749792e+03,
       4.00754181e+02, 3.35723519e-01, 1.53984338e+03, 3.88991150e+02,
       2.92123169e-01, 1.62222632e+03, 5.47976257e+02, 4.16709691e-01,
       1.61925708e+03, 5.65600708e+02, 3.70093733e-01, 1.59279639e+03,
       5.62689758e+02, 2.46628806e-01 ]
