%YAML:1.0
---
pose_0: !!opencv-matrix
   rows: 1
   cols: 25
   dt: "3f"
   data: [ 7.48052612e+02, 5.30167358e+02, 8.34080815e-01,
       8.39320801e+02, 5.36126526e+02, 7.12523460e-01, 7.89330627e+02,
       5.94972656e+02, 6.50899589e-01, 7.42246216e+02, 6.95134644e+02,
       6.60040259e-01, 7.59899475e+02, 7.68684509e+02, 3.62027198e-01,
       8.86446533e+02, 4.80282654e+02, 6.09755397e-01, 1.01882458e+03,
       4.74366241e+02, 5.53312719e-01, 1.11015210e+03, 4.36151978e+02,
       7.63837099e-01, 1.13068640e+03, 5.65644836e+02, 5.53231657e-01,
       1.12484875e+03, 6.12645508e+02, 5.30119896e-01, 1.34263318e+03,
       6.24396729e+02, 7.61784017e-01, 1.52509094e+03, 6.56891968e+02,
       6.43159270e-01, 1.13658728e+03, 5.09769012e+02, 5.52449346e-01,
       1.33969214e+03, 4.83195496e+02, 6.05734110e-01, 1.52214600e+03,
       4.80332001e+02, 6.44505739e-01, 7.36246460e+02, 5.33182739e+02,
       7.22947657e-01, 7.42340210e+02, 5.06867218e+02, 8.36609423e-01,
       7.42142883e+02, 5.56796753e+02, 3.39974880e-01, 7.83366882e+02,
       4.89122253e+02, 6.21120155e-01, 1.60462024e+03, 4.56668152e+02,
       5.56792915e-01, 1.59577502e+03, 4.53661835e+02, 5.44027627e-01,
       1.54861975e+03, 4.83275848e+02, 3.04940999e-01, 1.58692725e+03,
       6.65616760e+02, 3.86695236e-01, 1.56930103e+03, 6.74522217e+02,
       3.89951319e-01, 1.54867468e+03, 6.51013367e+02, 3.97561908e-01 ]
