%YAML:1.0
---
pose_0: !!opencv-matrix
   rows: 1
   cols: 25
   dt: "3f"
   data: [ 7.15553894e+02, 4.86088409e+02, 8.86359870e-01,
       8.42243652e+02, 5.03859375e+02, 6.99233413e-01, 8.53938171e+02,
       5.77439636e+02, 7.03751624e-01, 9.92329041e+02, 6.18545349e+02,
       7.43126154e-01, 1.11608972e+03, 6.65723633e+02, 8.40969384e-01,
       8.36303467e+02, 4.33191833e+02, 5.91670394e-01, 1.00112256e+03,
       3.88978760e+02, 7.96370327e-01, 1.14538489e+03, 3.65378754e+02,
       8.40119243e-01, 1.12480151e+03, 5.03840668e+02, 5.83639562e-01,
       1.12189111e+03, 5.50984131e+02, 6.09460890e-01, 1.33384912e+03,
       6.24523743e+02, 7.92731345e-01, 1.54575952e+03, 6.71645874e+02,
       6.65407240e-01, 1.12481177e+03, 4.53795135e+02, 5.52571654e-01,
       1.33676208e+03, 4.56783081e+02, 7.48389363e-01, 1.57514441e+03,
       4.71403931e+02, 6.69234037e-01, 6.95253235e+02, 5.03861145e+02,
       8.04111063e-01, 7.01047485e+02, 4.77205292e+02, 8.36744308e-01,
       7.18559631e+02, 5.27352905e+02, 5.46628952e-01, 7.36216064e+02,
       4.50845459e+02, 5.55873871e-01, 1.65161096e+03, 4.39047668e+02,
       4.26438212e-01, 1.63993689e+03, 4.36166931e+02, 4.59481537e-01,
       1.60459058e+03, 4.80153137e+02, 3.23323965e-01, 1.62810437e+03,
       6.68548828e+02, 4.74497616e-01, 1.61349072e+03, 6.77481445e+02,
       4.18211937e-01, 1.57221313e+03, 6.68661682e+02, 3.05120289e-01 ]
