%YAML:1.0
---
pose_0: !!opencv-matrix
   rows: 1
   cols: 25
   dt: "3f"
   data: [ 7.42185547e+02, 4.30193359e+02, 8.73877704e-01,
       8.60069641e+02, 4.36193024e+02, 6.93063796e-01, 8.80481995e+02,
       5.30267517e+02, 6.27881527e-01, 1.01593542e+03, 5.53700806e+02,
       8.12108457e-01, 1.16603931e+03, 5.77535156e+02, 5.32368660e-01,
       8.71686340e+02, 3.62487366e+02, 6.33541942e-01, 1.01298029e+03,
       3.21351471e+02, 7.86407471e-01, 1.11590979e+03, 2.94762238e+02,
       8.86851430e-01, 1.14257410e+03, 4.50770416e+02, 5.75594008e-01,
       1.13943518e+03, 5.00840759e+02, 6.06030524e-01, 1.30433350e+03,
       5.06770477e+02, 2.85377741e-01, 1.50452148e+03, 5.00821106e+02,
       3.27391148e-01, 1.14836060e+03, 3.89013550e+02, 5.55321336e-01,
       1.35431177e+03, 4.30124237e+02, 6.92994773e-01, 1.57807886e+03,
       4.12515015e+02, 4.53601599e-01, 7.21647034e+02, 4.38998260e+02,
       7.99290299e-01, 7.39101563e+02, 4.06592621e+02, 8.58774126e-01,
       7.42171692e+02, 4.65545593e+02, 3.44428599e-01, 7.62848389e+02,
       3.74264618e+02, 5.95970750e-01, 1.65751831e+03, 3.71386078e+02,
       4.44147825e-01, 1.65166479e+03, 3.71313660e+02, 4.59789366e-01,
       1.58397791e+03, 4.33154510e+02, 1.72097176e-01, 1.57809448e+03,
       4.80242737e+02, 1.05853021e-01, 0., 0., 0., 1.52806189e+03,
       4.94996765e+02, 2.04716012e-01 ]
