%YAML:1.0
---
pose_0: !!opencv-matrix
   rows: 1
   cols: 25
   dt: "3f"
   data: [ 6.74523315e+02, 5.12705505e+02, 7.88485706e-01,
       8.09776917e+02, 5.03896576e+02, 7.74440646e-01, 8.01112000e+02,
       5.83306641e+02, 6.29224420e-01, 8.83565186e+02, 7.33391663e+02,
       8.47423315e-01, 8.15871460e+02, 6.68541199e+02, 7.25995302e-01,
       8.03962280e+02, 4.33118805e+02, 6.15974784e-01, 9.54118286e+02,
       3.65533722e+02, 6.68920577e-01, 1.01007593e+03, 3.65517120e+02,
       7.29533553e-01, 1.09539905e+03, 5.33268616e+02, 5.45788109e-01,
       1.08948071e+03, 5.92069092e+02, 5.66758394e-01, 1.27491980e+03,
       5.86230713e+02, 2.74818510e-01, 1.58990344e+03, 5.86185608e+02,
       3.89130116e-01, 1.10127283e+03, 4.77282318e+02, 5.44599712e-01,
       1.28079468e+03, 4.74382660e+02, 4.43978012e-01, 1.52511865e+03,
       4.59766510e+02, 2.54882187e-01, 6.62741455e+02, 5.30280090e+02,
       7.89580762e-01, 6.65683594e+02, 4.94944916e+02, 7.99617767e-01,
       6.92075684e+02, 5.47972229e+02, 1.22837462e-01, 6.89254211e+02,
       4.59701080e+02, 6.14319146e-01, 1.67224707e+03, 4.42001251e+02,
       1.38940111e-01, 1.66932446e+03, 4.36193298e+02, 1.50614679e-01,
       1.54274963e+03, 4.59610901e+02, 1.79618731e-01, 1.68994690e+03,
       5.80314880e+02, 3.21953237e-01, 1.68101404e+03, 5.95016357e+02,
       2.70483226e-01, 1.60164819e+03, 5.80319397e+02, 2.41386145e-01 ]
