%YAML:1.0
---
pose_0: !!opencv-matrix
   rows: 1
   cols: 25
   dt: "3f"
   data: [ 7.80403259e+02, 4.24298187e+02, 6.61650658e-01,
       8.36375061e+02, 4.80292755e+02, 6.68936312e-01, 8.33369263e+02,
       5.36193542e+02, 4.08228755e-01, 9.59993347e+02, 5.92072815e+02,
       1.94136620e-01, 9.95329468e+02, 6.00884460e+02, 1.32023528e-01,
       8.51102173e+02, 4.18514832e+02, 5.50041974e-01, 1.02177960e+03,
       3.59558594e+02, 6.81333184e-01, 1.13954150e+03, 3.06631897e+02,
       7.94266403e-01, 1.10718604e+03, 4.65532410e+02, 5.58287024e-01,
       1.09833215e+03, 5.18489746e+02, 5.65257668e-01, 1.35147205e+03,
       6.00868408e+02, 5.98699808e-01, 1.53097656e+03, 6.92102966e+02,
       5.85618138e-01, 1.11302148e+03, 4.12483276e+02, 5.56910932e-01,
       1.33080005e+03, 3.06624329e+02, 5.98169208e-01, 1.53684766e+03,
       2.24243317e+02, 4.46226716e-01, 7.56931335e+02, 4.33230804e+02,
       7.24467099e-01, 7.62817627e+02, 4.09522400e+02, 3.44245791e-01,
       7.56921875e+02, 4.80211273e+02, 7.01567709e-01, 0., 0., 0.,
       1.58103394e+03, 1.83032654e+02, 1.38914764e-01, 0., 0., 0.,
       1.54862048e+03, 2.21181320e+02, 3.29120725e-01, 1.61334888e+03,
       6.95049072e+02, 5.00466228e-01, 1.60744897e+03, 7.03953552e+02,
       4.47645038e-01, 1.54570520e+03, 7.01026550e+02, 3.73109877e-01 ]
