%YAML:1.0
---
pose_0: !!opencv-matrix
   rows: 1
   cols: 25
   dt: "3f"
   data: [ 7.42324768e+02, 5.06784943e+02, 8.98560822e-01,
       8.57079773e+02, 5.24308411e+02, 7.73083091e-01, 8.57006714e+02,
       6.09781250e+02, 6.29821301e-01, 9.71739319e+02, 6.53900513e+02,
       2.84186333e-01, 1.04533069e+03, 6.47906494e+02, 1.47450253e-01,
       8.77498047e+02, 4.36101349e+02, 6.76023781e-01, 9.89406677e+02,
       3.89022644e+02, 8.48069131e-01, 9.04160217e+02, 4.47851593e+02,
       8.26848745e-01, 1.11594531e+03, 5.21450745e+02, 5.23401439e-01,
       1.11598254e+03, 5.65575500e+02, 5.58402240e-01, 1.33375476e+03,
       5.53968384e+02, 7.63444483e-01, 1.56625269e+03, 5.89113708e+02,
       5.39953709e-01, 1.11008508e+03, 4.65534790e+02, 5.41587949e-01,
       1.29260486e+03, 4.56811462e+02, 3.75781149e-01, 1.55747253e+03,
       4.80216309e+02, 4.69160557e-01, 7.33313843e+02, 5.21479858e+02,
       7.81880856e-01, 7.39200745e+02, 4.86187653e+02, 8.61645877e-01,
       7.42250610e+02, 5.44951172e+02, 5.91902435e-01, 7.62825195e+02,
       4.62650482e+02, 6.36038005e-01, 1.61927954e+03, 4.44955872e+02,
       3.94075274e-01, 1.61341589e+03, 4.42009430e+02, 4.78369325e-01,
       1.58691162e+03, 4.89120850e+02, 3.32911134e-01, 1.66041943e+03,
       5.86246643e+02, 4.89550859e-01, 1.64578833e+03, 6.00954773e+02,
       4.40146536e-01, 1.58688269e+03, 5.74486755e+02, 2.97155350e-01 ]
