%YAML:1.0
---
pose_0: !!opencv-matrix
   rows: 1
   cols: 25
   dt: "3f"
   data: [ 7.42163086e+02, 4.12467896e+02, 8.64603996e-01,
       8.30526733e+02, 3.86087860e+02, 6.89303637e-01, 8.09963196e+02,
       4.50831238e+02, 4.73825097e-01, 8.80518433e+02, 5.24399658e+02,
       1.84815198e-01, 9.21762024e+02, 5.12688293e+02, 1.88954815e-01,
       8.39405518e+02, 3.27201782e+02, 6.58485532e-01, 9.45277527e+02,
       2.91970642e+02, 8.35224986e-01, 9.45329895e+02, 4.59613586e+02,
       6.97368801e-01, 1.13656921e+03, 3.91981873e+02, 5.55562496e-01,
       1.13072375e+03, 4.36169800e+02, 5.59490204e-01, 1.33081006e+03,
       5.09696838e+02, 7.95796275e-01, 1.56040674e+03, 5.65609070e+02,
       6.72130942e-01, 1.13656787e+03, 3.41914825e+02, 4.97047842e-01,
       1.36320789e+03, 2.88842529e+02, 5.97277701e-01, 1.51922424e+03,
       1.77151855e+02, 4.93238568e-01, 7.21663025e+02, 4.21384033e+02,
       7.74326980e-01, 7.27479797e+02, 3.88954712e+02, 8.08133721e-01,
       7.39169495e+02, 4.36218628e+02, 1.63479835e-01, 7.45101624e+02,
       3.53707489e+02, 6.35625482e-01, 1.60754932e+03, 1.35860809e+02,
       2.17492193e-01, 0., 0., 0., 0., 0., 0., 1.57807080e+03,
       6.27506226e+02, 4.01752830e-01, 1.56037964e+03, 6.24432434e+02,
       4.42569554e-01, 1.58694470e+03, 5.50854553e+02, 5.53369939e-01 ]
