%YAML:1.0
---
pose_0: !!opencv-matrix
   rows: 1
   cols: 25
   dt: "3f"
   data: [ 7.15780396e+02, 4.80197540e+02, 8.81335139e-01,
       8.36483093e+02, 5.06773041e+02, 7.35791862e-01, 8.36306396e+02,
       6.12734436e+02, 6.84437931e-01, 9.42383118e+02, 6.74502075e+02,
       1.91315934e-01, 0., 0., 0., 8.36295349e+02, 4.21393463e+02,
       5.91879547e-01, 9.86542419e+02, 3.62552887e+02, 7.53790021e-01,
       1.11586365e+03, 2.88847290e+02, 7.68686056e-01, 1.10713757e+03,
       5.00886261e+02, 5.04062831e-01, 1.09833521e+03, 5.50936890e+02,
       5.14757454e-01, 1.34264221e+03, 5.74276978e+02, 6.43592179e-01,
       1.60745459e+03, 6.12743835e+02, 5.79971611e-01, 1.10715234e+03,
       4.41960236e+02, 4.66751337e-01, 1.37505188e+03, 4.36128479e+02,
       5.83834350e-01, 1.58393860e+03, 4.44898102e+02, 6.27032697e-01,
       6.98007446e+02, 4.92021393e+02, 7.89153814e-01, 7.09746338e+02,
       4.59545959e+02, 8.21800053e-01, 7.12717834e+02, 5.27428894e+02,
       6.04025304e-01, 7.36262878e+02, 4.36188904e+02, 4.72419858e-01,
       1.63996509e+03, 4.12473297e+02, 5.48156083e-01, 1.63408972e+03,
       4.09612915e+02, 5.41337609e-01, 1.60749377e+03, 4.56620331e+02,
       3.97499084e-01, 1.70167688e+03, 6.24479004e+02, 3.75248462e-01,
       1.68408716e+03, 6.39149597e+02, 3.44461083e-01, 1.62810193e+03,
       6.00910095e+02, 3.62037152e-01 ]
