%YAML:1.0
---
pose_0: !!opencv-matrix
   rows: 1
   cols: 25
   dt: "3f"
   data: [ 6.71490479e+02, 6.03943848e+02, 7.94058204e-01,
       7.83354370e+02, 5.86189392e+02, 5.59206009e-01, 8.04001282e+02,
       6.71611511e+02, 5.82049191e-01, 9.30472961e+02, 7.59878967e+02,
       8.49087775e-01, 8.30466431e+02, 7.24550781e+02, 8.12024891e-01,
       7.53977722e+02, 5.15540710e+02, 4.00120497e-01, 9.65874451e+02,
       4.42000854e+02, 7.60375917e-01, 8.33310608e+02, 4.62613251e+02,
       8.24074030e-01, 1.12188477e+03, 6.44982117e+02, 5.75576305e-01,
       1.11006506e+03, 6.92257874e+02, 5.56672633e-01, 1.35138330e+03,
       7.59762939e+02, 6.32151484e-01, 1.56046313e+03, 7.39160583e+02,
       6.12234414e-01, 1.13945691e+03, 5.80377930e+02, 5.15282154e-01,
       1.35436646e+03, 5.83270569e+02, 7.03694761e-01, 1.62518701e+03,
       5.27316589e+02, 5.52889884e-01, 6.53873291e+02, 6.21507507e+02,
       7.60814786e-01, 6.56800903e+02, 5.86160950e+02, 7.22366035e-01,
       6.77429871e+02, 6.30426636e+02, 9.20181125e-02, 6.71544800e+02,
       5.53717590e+02, 6.00275397e-01, 1.72227100e+03, 4.83188324e+02,
       4.43411410e-01, 1.71347717e+03, 4.83242340e+02, 4.38311756e-01,
       1.64282825e+03, 5.27332764e+02, 1.97654635e-01, 1.66052979e+03,
       7.65757141e+02, 3.98467183e-01, 1.65463110e+03, 7.65804749e+02,
       4.06078398e-01, 1.58685669e+03, 7.15711731e+02, 4.08075601e-01 ]
