%YAML:1.0
---
pose_0: !!opencv-matrix
   rows: 1
   cols: 25
   dt: "3f"
   data: [ 7.09809265e+02, 3.56683838e+02, 8.03899944e-01,
       8.12824890e+02, 3.59624084e+02, 8.20368767e-01, 8.06932373e+02,
       4.33048615e+02, 7.45345354e-01, 8.74601013e+02, 5.24319763e+02,
       7.65380323e-01, 7.98153992e+02, 4.12656921e+02, 7.46127486e-01,
       8.18775024e+02, 2.91810364e+02, 6.61643267e-01, 8.42237549e+02,
       2.00632629e+02, 7.99674451e-01, 7.12706543e+02, 1.65329498e+02,
       6.88869596e-01, 1.08361804e+03, 3.77249725e+02, 5.54761827e-01,
       1.07480640e+03, 4.24344391e+02, 5.29648304e-01, 1.29256665e+03,
       4.33124878e+02, 7.02382088e-01, 1.51913586e+03, 4.39059875e+02,
       6.53031349e-01, 1.09237915e+03, 3.21330200e+02, 5.23070335e-01,
       1.30726855e+03, 3.12402954e+02, 7.02156663e-01, 1.54575208e+03,
       2.80128754e+02, 5.97142816e-01, 6.92113586e+02, 3.65566498e+02,
       8.24236512e-01, 6.95134766e+02, 3.35975739e+02, 8.48706007e-01,
       7.12803162e+02, 3.89036194e+02, 3.55050385e-01, 7.18583496e+02,
       2.97840851e+02, 5.89441419e-01, 1.63110339e+03, 2.68310638e+02,
       5.24896801e-01, 1.62808899e+03, 2.65329498e+02, 5.06366730e-01,
       1.57808240e+03, 2.88956573e+02, 2.43708044e-01, 1.60458459e+03,
       4.30192810e+02, 5.73079944e-01, 1.58992285e+03, 4.39107300e+02,
       5.01090169e-01, 1.53984619e+03, 4.39035034e+02, 3.60695124e-01 ]
