%YAML:1.0
---
pose_0: !!opencv-matrix
   rows: 1
   cols: 25
   dt: "3f"
   data: [ 6.98008789e+02, 4.97966736e+02, 8.23577404e-01,
       8.12900818e+02, 4.56743988e+02, 7.44645000e-01, 8.27561218e+02,
       5.30211121e+02, 5.43070734e-01, 9.54152344e+02, 6.48017517e+02,
       7.83583283e-01, 1.00116187e+03, 7.86261780e+02, 8.00958633e-01,
       8.09949036e+02, 3.83152374e+02, 6.66426420e-01, 8.56857422e+02,
       3.09526855e+02, 7.65670300e-01, 8.80600891e+02, 1.80071899e+02,
       8.33147585e-01, 1.10717285e+03, 4.50809052e+02, 3.82669419e-01,
       1.10422168e+03, 4.97927551e+02, 3.54761541e-01, 1.34555981e+03,
       5.30273193e+02, 2.24884838e-01, 0., 0., 0., 1.11304578e+03,
       4.03693848e+02, 3.35971147e-01, 1.35437854e+03, 4.53763031e+02,
       1.93933815e-01, 0., 0., 0., 6.77486389e+02, 5.03848572e+02,
       7.65574872e-01, 6.86302429e+02, 4.74296051e+02, 7.89208889e-01,
       0., 0., 0., 7.12799133e+02, 4.27203491e+02, 6.63868785e-01, 0.,
       0., 0., 0., 0., 0., 0., 0., 0., 0., 0., 0., 0., 0., 0., 0., 0.,
       0. ]
