%YAML:1.0
---
pose_0: !!opencv-matrix
   rows: 1
   cols: 25
   dt: "3f"
   data: [ 7.12788147e+02, 5.56814758e+02, 6.87088132e-01,
       8.06933899e+02, 5.06886627e+02, 6.90232456e-01, 8.03966064e+02,
       5.77447205e+02, 5.77971876e-01, 9.30660950e+02, 6.39131531e+02,
       7.16341019e-01, 8.12751099e+02, 6.12707886e+02, 7.81747937e-01,
       8.01072021e+02, 4.56654907e+02, 5.43078065e-01, 9.51144226e+02,
       3.62399689e+02, 7.77776599e-01, 1.02765430e+03, 3.71399811e+02,
       6.47784472e-01, 1.09539197e+03, 5.39129761e+02, 5.25713384e-01,
       1.08953223e+03, 5.97876038e+02, 5.75857043e-01, 1.28081079e+03,
       6.36255432e+02, 3.47043067e-01, 1.49566223e+03, 6.24358521e+02,
       1.16721869e-01, 1.09533606e+03, 4.77241394e+02, 5.18131435e-01,
       1.31908447e+03, 5.30233337e+02, 5.49147248e-01, 1.67230334e+03,
       5.06745239e+02, 4.61492062e-01, 6.95143188e+02, 5.65635376e+02,
       2.23069787e-01, 6.95209229e+02, 5.47847717e+02, 6.73687696e-01,
       0., 0., 0., 7.06878052e+02, 5.03908203e+02, 6.71212792e-01,
       1.78703198e+03, 5.06697327e+02, 9.06302780e-02, 1.78703088e+03,
       5.03766968e+02, 9.58277136e-02, 1.68112537e+03, 5.21463684e+02,
       2.07659885e-01, 0., 0., 0., 0., 0., 0., 0., 0., 0. ]
