%YAML:1.0
---
pose_0: !!opencv-matrix
   rows: 1
   cols: 25
   dt: "3f"
   data: [ 0., 0., 0., 8.01049927e+02, 5.21398438e+02, 4.55949485e-01,
       8.09836487e+02, 5.06736450e+02, 4.07434165e-01, 9.48169678e+02,
       5.50855774e+02, 6.62643194e-01, 1.13664331e+03, 4.89053223e+02,
       7.50365436e-01, 7.86408020e+02, 5.30260620e+02, 5.27349889e-01,
       9.36423035e+02, 5.50794495e+02, 3.04178268e-01, 1.18966284e+03,
       4.62674652e+02, 2.35085517e-01, 1.10717822e+03, 6.00924683e+02,
       3.29121023e-01, 1.10419397e+03, 6.21563904e+02, 2.99570650e-01,
       1.36023901e+03, 5.27275146e+02, 6.75332844e-01, 1.65457874e+03,
       7.27474304e+02, 4.50114757e-01, 1.11890149e+03, 5.71473572e+02,
       2.35193223e-01, 1.35444678e+03, 4.97854767e+02, 5.60670257e-01,
       1.55455835e+03, 6.68564209e+02, 2.88477093e-01, 0., 0., 0.,
       7.21662231e+02, 5.59684265e+02, 5.92538156e-02, 7.50988831e+02,
       4.80332458e+02, 9.26298127e-02, 7.18675720e+02, 5.50802368e+02,
       2.52774477e-01, 0., 0., 0., 0., 0., 0., 1.54570166e+03,
       6.92145996e+02, 1.43089548e-01, 1.68701306e+03, 6.48060852e+02,
       1.23114690e-01, 1.67812061e+03, 7.39174438e+02, 8.05367455e-02,
       1.67227869e+03, 7.50993652e+02, 3.43146622e-01 ]
