%YAML:1.0
---
pose_0: !!opencv-matrix
   rows: 2
   cols: 25
   dt: "3f"
   data: [ 7.74588318e+02, 5.39088745e+02, 7.74786353e-01,
       8.51052063e+02, 5.03717194e+02, 6.12111688e-01, 8.36383911e+02,
       5.47988831e+02, 3.69577169e-01, 0., 0., 0., 0., 0., 0.,
       8.59869324e+02, 4.56659943e+02, 7.61345148e-01, 9.62960938e+02,
       4.39133453e+02, 7.38050520e-01, 1.07771948e+03, 4.33137543e+02,
       8.46217334e-01, 1.11305920e+03, 5.33255798e+02, 3.76981020e-01,
       1.10131567e+03, 5.68546265e+02, 2.42635205e-01, 1.35146887e+03,
       6.21440369e+02, 3.82326543e-01, 1.56039868e+03, 6.56883606e+02,
       5.41145146e-01, 1.12185779e+03, 5.21434875e+02, 3.09146583e-01,
       1.37803430e+03, 4.80231628e+02, 5.37161112e-01, 1.57216699e+03,
       4.36176544e+02, 5.20217717e-01, 7.59883728e+02, 5.50762390e+02,
       7.55648136e-01, 7.62783997e+02, 5.24302734e+02, 7.84522414e-01,
       0., 0., 0., 7.68773254e+02, 4.83154480e+02, 6.31350696e-01,
       1.63407825e+03, 4.77361450e+02, 8.62599909e-02, 0., 0., 0.,
       1.60454590e+03, 4.18426147e+02, 3.31378311e-01, 1.62516663e+03,
       6.89175354e+02, 2.59016901e-01, 1.62516675e+03, 6.89214905e+02,
       2.83923507e-01, 1.60163831e+03, 6.47970093e+02, 3.67623776e-01,
       0., 0., 0., 0., 0., 0., 0., 0., 0., 0., 0., 0., 0., 0., 0., 0.,
       0., 0., 0., 0., 0., 0., 0., 0., 0., 0., 0., 1.11011096e+03,
       5.30265137e+02, 2.59174794e-01, 1.37201099e+03, 4.83135681e+02,
       2.35114738e-01, 1.54571204e+03, 4.38994141e+02, 1.37560502e-01,
       0., 0., 0., 0., 0., 0., 0., 0., 0., 0., 0., 0., 0., 0., 0., 0.,
       0., 0., 0., 0., 0., 0., 0., 0., 0., 0., 0., 0., 0., 0., 0., 0.,
       0., 0., 0., 0., 0., 0., 0. ]
