%YAML:1.0
---
pose_0: !!opencv-matrix
   rows: 1
   cols: 25
   dt: "3f"
   data: [ 7.15681030e+02, 6.01091492e+02, 8.83233488e-01,
       8.21665894e+02, 5.86163696e+02, 6.64709628e-01, 8.06920715e+02,
       6.47972168e+02, 4.92281258e-01, 9.57097473e+02, 6.68543579e+02,
       2.12529659e-01, 0., 0., 0., 8.33511169e+02, 5.30199585e+02,
       7.57268310e-01, 9.68786499e+02, 4.86153381e+02, 7.29294360e-01,
       1.11901807e+03, 4.80164612e+02, 8.42688024e-01, 1.10716565e+03,
       6.36235229e+02, 5.68063617e-01, 1.09252441e+03, 6.83322937e+02,
       5.79233825e-01, 1.28372900e+03, 7.15689941e+02, 3.86730015e-01,
       1.35445471e+03, 7.15711243e+02, 7.99040049e-02, 1.11597021e+03,
       5.77435364e+02, 5.71682572e-01, 1.32489478e+03, 6.53872803e+02,
       6.49147034e-01, 1.58397644e+03, 6.74473022e+02, 5.76155424e-01,
       6.95227844e+02, 6.21393250e+02, 8.27780962e-01, 6.98134216e+02,
       5.80426880e+02, 7.85725296e-01, 7.18534302e+02, 6.30353516e+02,
       1.22500658e-01, 7.18636719e+02, 5.53923035e+02, 5.86199045e-01,
       1.66044751e+03, 6.59798401e+02, 3.84375036e-01, 1.65751453e+03,
       6.53907654e+02, 4.20465410e-01, 1.61038184e+03, 6.74525513e+02,
       2.60750443e-01, 0., 0., 0., 0., 0., 0., 0., 0., 0. ]
