%YAML:1.0
---
pose_0: !!opencv-matrix
   rows: 1
   cols: 25
   dt: "3f"
   data: [ 7.86306458e+02, 3.89156952e+02, 6.10333920e-01,
       8.54044067e+02, 4.56597107e+02, 6.10347331e-01, 8.59940552e+02,
       4.83272888e+02, 7.43921638e-01, 9.74686401e+02, 5.44935547e+02,
       7.50647366e-01, 1.11900256e+03, 5.30405640e+02, 7.32917607e-01,
       8.42277100e+02, 4.15472900e+02, 3.04942727e-01, 1.04237524e+03,
       4.15510406e+02, 6.15433380e-02, 1.11602612e+03, 3.83150726e+02,
       1.95786342e-01, 1.12479041e+03, 4.56661682e+02, 4.78147924e-01,
       1.11897449e+03, 4.97844574e+02, 4.45789069e-01, 1.35435632e+03,
       3.89115265e+02, 8.22307646e-01, 1.52805225e+03, 5.47969238e+02,
       2.48708934e-01, 1.13068896e+03, 4.12475861e+02, 4.58425969e-01,
       1.36025513e+03, 3.86078705e+02, 4.11947131e-01, 1.53682288e+03,
       4.74351746e+02, 2.01136023e-01, 7.65765991e+02, 4.03688080e+02,
       5.11873841e-01, 7.65722656e+02, 3.86073578e+02, 1.03526190e-01,
       7.86323303e+02, 4.36063721e+02, 5.29693663e-01, 0., 0., 0.,
       1.60165125e+03, 4.06617706e+02, 1.89016089e-01, 1.59864551e+03,
       4.06649719e+02, 1.69596881e-01, 1.56629016e+03, 4.83174255e+02,
       1.07580647e-01, 1.62224097e+03, 5.18522888e+02, 1.68661952e-01,
       0., 0., 0., 1.49574133e+03, 6.39167419e+02, 7.17202276e-02 ]
