%YAML:1.0
---
pose_0: !!opencv-matrix
   rows: 1
   cols: 25
   dt: "3f"
   data: [ 5.47860413e+02, 5.06703247e+02, 7.56650150e-01,
       6.95175964e+02, 5.47896118e+02, 3.79696518e-01, 7.00998291e+02,
       6.53877075e+02, 2.05281600e-01, 0., 0., 0., 0., 0., 0.,
       6.95156189e+02, 4.56633972e+02, 4.09683585e-01, 9.27530579e+02,
       4.15570282e+02, 6.24913752e-01, 1.14538257e+03, 3.68450775e+02,
       7.32557237e-01, 1.07184949e+03, 5.65572510e+02, 3.86102617e-01,
       1.06597925e+03, 6.27399597e+02, 3.71819466e-01, 1.32497937e+03,
       6.24593201e+02, 3.79744232e-01, 1.69289868e+03, 6.65669312e+02,
       3.40598762e-01, 1.06896130e+03, 4.97864563e+02, 4.18006003e-01,
       1.26318042e+03, 4.12560913e+02, 2.99291104e-01, 1.51330896e+03,
       4.06704193e+02, 2.58440018e-01, 5.27255310e+02, 5.30354065e+02,
       8.54556799e-01, 5.27344116e+02, 4.80235901e+02, 7.77643800e-01,
       5.50916626e+02, 5.86160889e+02, 2.49580905e-01, 5.53872742e+02,
       4.53734406e+02, 3.27599019e-01, 1.62807031e+03, 3.74314911e+02,
       2.24046364e-01, 1.62514270e+03, 3.68404144e+02, 2.31763229e-01,
       1.56040332e+03, 4.18429230e+02, 1.62631840e-01, 1.81935950e+03,
       6.71536987e+02, 8.78111422e-02, 0., 0., 0., 1.70758423e+03,
       6.50927368e+02, 1.62612945e-01 ]
