%YAML:1.0
---
pose_0: !!opencv-matrix
   rows: 1
   cols: 25
   dt: "3f"
   data: [ 7.30404358e+02, 3.00769470e+02, 7.45368242e-01,
       8.15844604e+02, 2.68384064e+02, 5.44921219e-01, 8.09958435e+02,
       3.09531921e+02, 4.11342502e-01, 9.07126953e+02, 3.89004425e+02,
       3.18847895e-01, 9.48157715e+02, 5.21492737e+02, 2.72443891e-01,
       8.30452881e+02, 2.41782669e+02, 7.13855982e-01, 9.07089050e+02,
       3.71350830e+02, 6.02004588e-01, 9.51196960e+02, 5.27264099e+02,
       7.46278942e-01, 1.11893982e+03, 2.91963593e+02, 5.98763347e-01,
       1.11590222e+03, 3.41815186e+02, 5.92430890e-01, 1.27494897e+03,
       4.59661957e+02, 7.91347146e-01, 1.45740796e+03, 4.18459381e+02,
       4.74642485e-01, 1.12775061e+03, 2.44724350e+02, 5.14215410e-01,
       1.34854431e+03, 2.06533035e+02, 3.98056686e-01, 1.54574817e+03,
       1.44707428e+02, 3.29495132e-01, 7.15676514e+02, 3.15488647e+02,
       7.52225041e-01, 7.18550232e+02, 2.85971100e+02, 7.84427762e-01,
       7.30395508e+02, 3.30108307e+02, 1.01303913e-01, 7.39218384e+02,
       2.50646667e+02, 6.49374366e-01, 1.65745776e+03, 1.09367897e+02,
       2.06371605e-01, 1.65454443e+03, 1.06516296e+02, 2.10756928e-01,
       1.62220972e+03, 1.29991974e+02, 1.64589405e-01, 1.53684644e+03,
       4.09630524e+02, 1.53648853e-01, 0., 0., 0., 1.49566211e+03,
       4.06684937e+02, 3.26396108e-01 ]
