%YAML:1.0
---
pose_0: !!opencv-matrix
   rows: 1
   cols: 25
   dt: "3f"
   data: [ 6.95186707e+02, 4.97843933e+02, 8.54012609e-01,
       8.10004639e+02, 4.74364624e+02, 7.16293454e-01, 8.06991150e+02,
       5.36195740e+02, 6.06379807e-01, 9.36450439e+02, 6.65680359e+02,
       7.19283462e-01, 9.98349731e+02, 8.06896423e+02, 8.31123471e-01,
       8.15876831e+02, 3.91916168e+02, 6.73022330e-01, 8.57076355e+02,
       3.06546875e+02, 7.78945804e-01, 8.86493591e+02, 1.74044006e+02,
       8.08630466e-01, 1.08945520e+03, 4.56636902e+02, 4.54438299e-01,
       1.09244189e+03, 5.06710419e+02, 4.84767258e-01, 1.33378320e+03,
       5.27240479e+02, 2.15466455e-01, 0., 0., 0., 1.08360303e+03,
       3.94917664e+02, 3.70366395e-01, 1.36029956e+03, 4.59652985e+02,
       3.40080827e-01, 1.60751733e+03, 4.36077515e+02, 1.33878663e-01,
       6.77482178e+02, 5.03821289e+02, 8.03137779e-01, 6.91996765e+02,
       4.71405426e+02, 8.46266150e-01, 0., 0., 0., 7.15806213e+02,
       4.33025452e+02, 6.77790105e-01, 0., 0., 0., 0., 0., 0., 0., 0.,
       0., 0., 0., 0., 0., 0., 0., 0., 0., 0. ]
