%YAML:1.0
---
pose_0: !!opencv-matrix
   rows: 1
   cols: 25
   dt: "3f"
   data: [ 7.18755371e+02, 4.92075317e+02, 7.54378259e-01,
       7.83363403e+02, 4.36211884e+02, 4.99233693e-01, 7.77513367e+02,
       4.36026581e+02, 3.89578670e-01, 0., 0., 0., 0., 0., 0.,
       7.83428223e+02, 4.36083435e+02, 7.95500636e-01, 9.27577148e+02,
       4.62637970e+02, 8.05151939e-01, 9.04174133e+02, 5.53728699e+02,
       6.68742359e-01, 1.12483154e+03, 4.09533203e+02, 3.94169390e-01,
       1.11891809e+03, 4.18419586e+02, 2.12234348e-01, 1.32792566e+03,
       4.36224731e+02, 5.80722153e-01, 1.42507544e+03, 3.94907257e+02,
       3.10618669e-01, 1.13361072e+03, 3.86063080e+02, 4.04319406e-01,
       1.33380945e+03, 4.80089539e+02, 6.24419570e-01, 1.63104712e+03,
       4.09489227e+02, 5.30177891e-01, 7.06843811e+02, 4.89107788e+02,
       2.42397860e-01, 7.15659607e+02, 4.80177277e+02, 8.16588283e-01,
       0., 0., 0., 7.18679016e+02, 4.36107422e+02, 6.63037062e-01,
       1.69285059e+03, 3.65411316e+02, 3.56234461e-01, 1.69282544e+03,
       3.65489014e+02, 3.38570625e-01, 1.65166553e+03, 3.92008575e+02,
       2.36774579e-01, 1.46329688e+03, 4.30244812e+02, 6.44295365e-02,
       0., 0., 0., 1.42804089e+03, 3.83050446e+02, 1.07295021e-01 ]
