%YAML:1.0
---
pose_0: !!opencv-matrix
   rows: 1
   cols: 25
   dt: "3f"
   data: [ 7.74547974e+02, 4.77351440e+02, 8.23940158e-01,
       8.53968994e+02, 4.33028442e+02, 6.57292545e-01, 8.45239929e+02,
       4.83180176e+02, 3.79977435e-01, 0., 0., 0., 0., 0., 0.,
       8.57068176e+02, 3.68479950e+02, 7.25570798e-01, 9.71755737e+02,
       3.68354645e+02, 7.51806796e-01, 1.09541870e+03, 3.74270020e+02,
       7.73056030e-01, 1.10124792e+03, 4.80315430e+02, 5.88448405e-01,
       1.09545471e+03, 5.27295410e+02, 5.66688120e-01, 1.31323230e+03,
       5.77401550e+02, 6.96669042e-01, 1.52508740e+03, 6.21390381e+02,
       5.89199305e-01, 1.11006226e+03, 4.33213837e+02, 5.43656230e-01,
       1.34850696e+03, 4.30156921e+02, 4.24997181e-01, 1.56640503e+03,
       4.33074982e+02, 6.32706881e-01, 7.62700806e+02, 4.83279694e+02,
       8.45020175e-01, 7.62732849e+02, 4.59627167e+02, 8.42736542e-01,
       0., 0., 0., 7.65667236e+02, 4.18452454e+02, 6.44327998e-01,
       1.64000745e+03, 4.33202332e+02, 2.69155562e-01, 1.63698596e+03,
       4.24296051e+02, 2.95710027e-01, 1.59280322e+03, 4.21414917e+02,
       2.50233471e-01, 1.60455139e+03, 5.95035583e+02, 3.09702754e-01,
       1.59577234e+03, 6.06807678e+02, 2.21483752e-01, 1.56039368e+03,
       6.06796753e+02, 2.78739572e-01 ]
