%YAML:1.0
---
pose_0: !!opencv-matrix
   rows: 1
   cols: 25
   dt: "3f"
   data: [ 5.33253784e+02, 5.77341675e+02, 8.23456466e-01,
       6.47986267e+02, 5.77344421e+02, 7.12460399e-01, 6.42112610e+02,
       6.56849915e+02, 3.20853770e-01, 7.18626404e+02, 7.39300781e+02,
       1.84424907e-01, 7.27449158e+02, 7.92261230e+02, 4.05859560e-01,
       6.68634338e+02, 4.89083832e+02, 7.11127222e-01, 6.95154297e+02,
       5.53811646e+02, 7.40099609e-01, 5.56815063e+02, 6.95087585e+02,
       7.33262420e-01, 1.03655432e+03, 5.83255676e+02, 3.58407110e-01,
       1.03652563e+03, 6.51012634e+02, 3.87064040e-01, 1.16602026e+03,
       7.74562073e+02, 1.16749160e-01, 0., 0., 0., 1.04242065e+03,
       5.21466492e+02, 3.57906550e-01, 1.30433276e+03, 5.98030029e+02,
       4.52172101e-01, 1.58689209e+03, 5.92069519e+02, 7.48018473e-02,
       5.18536987e+02, 6.00981506e+02, 7.68412352e-01, 5.21459900e+02,
       5.56724731e+02, 8.06329250e-01, 5.30382507e+02, 6.33329956e+02,
       4.07909721e-01, 5.47964783e+02, 5.27205322e+02, 4.99072015e-01,
       0., 0., 0., 0., 0., 0., 0., 0., 0., 0., 0., 0., 0., 0., 0., 0.,
       0., 0. ]
