%YAML:1.0
---
pose_0: !!opencv-matrix
   rows: 1
   cols: 25
   dt: "3f"
   data: [ 5.06674561e+02, 5.98016174e+02, 7.96479404e-01,
       6.18624146e+02, 5.71506531e+02, 5.61206758e-01, 5.77338867e+02,
       6.53885193e+02, 3.04881752e-01, 5.00819489e+02, 7.83377808e+02,
       6.73701227e-01, 5.98020203e+02, 8.09832703e+02, 5.09988248e-01,
       6.47946350e+02, 5.00783051e+02, 6.86393440e-01, 6.18635254e+02,
       6.21478149e+02, 8.05745304e-01, 5.12671265e+02, 7.48140503e+02,
       5.27521908e-01, 1.04236169e+03, 6.24443176e+02, 2.15537444e-01,
       1.03065881e+03, 6.80414124e+02, 1.67158574e-01, 0., 0., 0., 0.,
       0., 0., 1.04538306e+03, 5.74409180e+02, 2.34935492e-01,
       1.33968359e+03, 6.30309814e+02, 2.94016331e-01, 1.61930774e+03,
       6.45142029e+02, 1.34350717e-01, 4.83146667e+02, 6.21476074e+02,
       8.05109560e-01, 4.86233459e+02, 5.74405945e+02, 7.90672004e-01,
       5.03703278e+02, 6.47991943e+02, 1.53913260e-01, 5.27263184e+02,
       5.30266846e+02, 5.51311195e-01, 0., 0., 0., 0., 0., 0.,
       1.62516821e+03, 6.59781738e+02, 5.57150915e-02, 0., 0., 0., 0.,
       0., 0., 0., 0., 0. ]
