%YAML:1.0
---
pose_0: !!opencv-matrix
   rows: 1
   cols: 25
   dt: "3f"
   data: [ 7.45210510e+02, 3.94934601e+02, 8.36793900e-01,
       8.65808472e+02, 3.86065643e+02, 7.32942045e-01, 8.86386169e+02,
       4.65579132e+02, 6.51014924e-01, 1.01589758e+03, 5.03909760e+02,
       8.01218033e-01, 1.08956238e+03, 5.80387634e+02, 8.17210615e-01,
       8.59956116e+02, 3.00674561e+02, 6.36490166e-01, 9.59973206e+02,
       1.77141464e+02, 8.12506855e-01, 1.09549438e+03, 2.35938736e+02,
       7.42261231e-01, 1.14254089e+03, 3.94864410e+02, 6.18778110e-01,
       1.13945068e+03, 4.44908173e+02, 6.21129811e-01, 1.33082593e+03,
       4.86164154e+02, 6.72474265e-01, 1.53980505e+03, 5.44964966e+02,
       6.08102441e-01, 1.15131812e+03, 3.41859619e+02, 5.93028128e-01,
       1.33969727e+03, 3.36037384e+02, 4.63645339e-01, 1.57805725e+03,
       2.91985046e+02, 5.83617449e-01, 7.36256775e+02, 4.12562317e+02,
       8.36704016e-01, 7.39137329e+02, 3.80194977e+02, 8.60360384e-01,
       7.51007202e+02, 4.33067841e+02, 2.84990609e-01, 7.56933960e+02,
       3.50766479e+02, 5.20849347e-01, 1.63996924e+03, 2.65377197e+02,
       4.41244781e-01, 1.63695203e+03, 2.65354767e+02, 4.91237909e-01,
       1.63095898e+03, 2.97719574e+02, 2.61305034e-01, 1.61046899e+03,
       5.30325073e+02, 5.46948552e-01, 1.59865320e+03, 5.47919067e+02,
       4.59581405e-01, 1.56343677e+03, 5.50833313e+02, 3.07141781e-01 ]
