%YAML:1.0
---
pose_0: !!opencv-matrix
   rows: 1
   cols: 25
   dt: "3f"
   data: [ 6.95097290e+02, 4.62561340e+02, 5.54981887e-01,
       7.98166016e+02, 5.50783264e+02, 6.80862665e-01, 7.89264771e+02,
       6.18558960e+02, 7.42519498e-01, 9.30630493e+02, 6.68542358e+02,
       8.04305077e-01, 1.08659949e+03, 6.83358765e+02, 7.75218487e-01,
       8.06883240e+02, 4.71446289e+02, 4.72855091e-01, 9.92352722e+02,
       4.42042236e+02, 5.82368910e-01, 1.11304248e+03, 4.06607666e+02,
       6.93443060e-01, 1.08950061e+03, 5.39158752e+02, 5.44920385e-01,
       1.08067273e+03, 5.94959106e+02, 4.98871565e-01, 1.30743030e+03,
       5.74426941e+02, 7.35631585e-01, 1.57511548e+03, 6.01012756e+02,
       5.28317094e-01, 1.09249707e+03, 4.83199982e+02, 5.46549678e-01,
       1.32486755e+03, 4.59743805e+02, 7.87802994e-01, 1.52218091e+03,
       5.53784119e+02, 2.54367203e-01, 6.71577454e+02, 4.80251984e+02,
       4.56776977e-01, 6.83370361e+02, 4.56675079e+02, 1.95456743e-01,
       7.12784912e+02, 5.71457031e+02, 3.47068399e-01, 0., 0., 0.,
       1.58986841e+03, 5.09727875e+02, 7.77379349e-02, 1.58393701e+03,
       5.09690186e+02, 8.95352960e-02, 0., 0., 0., 1.66051123e+03,
       5.74380493e+02, 5.52912295e-01, 1.65460388e+03, 5.86236145e+02,
       4.36054379e-01, 1.59867725e+03, 6.18611450e+02, 3.13775748e-01 ]
