%YAML:1.0
---
pose_0: !!opencv-matrix
   rows: 1
   cols: 25
   dt: "3f"
   data: [ 7.09801331e+02, 4.59768646e+02, 8.64860058e-01,
       7.95209045e+02, 4.59707245e+02, 6.62827611e-01, 7.68761108e+02,
       5.21444824e+02, 5.10814726e-01, 6.74536743e+02, 5.03845093e+02,
       3.14689487e-01, 6.53906311e+02, 4.59636688e+02, 7.28466883e-02,
       8.15774780e+02, 4.00726166e+02, 6.36020482e-01, 9.60028259e+02,
       3.35951416e+02, 7.63769746e-01, 1.09550293e+03, 2.59450104e+02,
       8.24743748e-01, 1.11012048e+03, 4.27299011e+02, 5.37939191e-01,
       1.09835925e+03, 4.80144684e+02, 5.69672585e-01, 1.30428662e+03,
       5.33338928e+02, 6.20814502e-01, 1.52807361e+03, 5.77355774e+02,
       5.35469890e-01, 1.11598767e+03, 3.65525238e+02, 5.01374841e-01,
       1.35437988e+03, 3.80177277e+02, 4.26531047e-01, 1.58104187e+03,
       4.00789581e+02, 4.42185938e-01, 6.89166565e+02, 4.74382416e+02,
       7.82955527e-01, 6.95181702e+02, 4.38986755e+02, 8.34322691e-01,
       7.09761475e+02, 4.89129303e+02, 1.54246688e-01, 7.15689575e+02,
       4.12492920e+02, 6.41542196e-01, 1.65760718e+03, 3.74274017e+02,
       2.53310442e-01, 1.65455627e+03, 3.71367493e+02, 2.82788247e-01,
       1.63397278e+03, 4.06695831e+02, 1.92466617e-01, 1.49564526e+03,
       6.62690552e+02, 3.76130462e-01, 1.48979626e+03, 6.50962708e+02,
       3.26632619e-01, 1.56334790e+03, 5.68506897e+02, 3.61142308e-01 ]
