%YAML:1.0
---
pose_0: !!opencv-matrix
   rows: 1
   cols: 25
   dt: "3f"
   data: [ 0., 0., 0., 8.77594055e+02, 5.15527954e+02, 2.66302735e-01,
       8.53995728e+02, 5.39123718e+02, 1.22290291e-01, 8.83544312e+02,
       5.21434631e+02, 6.89329922e-01, 9.04073242e+02, 4.36090363e+02,
       6.73094571e-01, 9.15841309e+02, 4.83120453e+02, 1.87740967e-01,
       1.00411981e+03, 4.77292023e+02, 3.74591619e-01, 9.86441162e+02,
       4.33248383e+02, 6.05927229e-01, 1.12185120e+03, 5.71445007e+02,
       4.20019507e-01, 1.09541443e+03, 6.09771545e+02, 3.30385923e-01,
       1.36914392e+03, 5.27386963e+02, 7.78325081e-01, 1.63104773e+03,
       7.12676819e+02, 3.63786161e-01, 1.14248425e+03, 5.30331787e+02,
       3.67880583e-01, 1.38383887e+03, 5.12647705e+02, 4.37939018e-01,
       1.52214221e+03, 6.44970215e+02, 2.49289691e-01, 0., 0., 0., 0.,
       0., 0., 0., 0., 0., 0., 0., 0., 0., 0., 0., 0., 0., 0.,
       1.49867249e+03, 6.68576721e+02, 1.31438687e-01, 1.67809180e+03,
       7.36317810e+02, 3.20198357e-01, 1.66040442e+03, 7.45151062e+02,
       3.01451027e-01, 1.64871289e+03, 7.18638000e+02, 2.26553768e-01 ]
