%YAML:1.0
---
pose_0: !!opencv-matrix
   rows: 1
   cols: 25
   dt: "3f"
   data: [ 6.65673828e+02, 5.18517883e+02, 3.17079514e-01,
       7.56855957e+02, 5.77479736e+02, 4.88279521e-01, 7.39195190e+02,
       6.53854797e+02, 6.09344363e-01, 8.77577759e+02, 7.18600830e+02,
       7.69600749e-01, 1.06007080e+03, 7.59875732e+02, 7.83414483e-01,
       7.48084106e+02, 5.09662262e+02, 2.51944631e-01, 7.86346802e+02,
       5.03768250e+02, 7.51435086e-02, 7.45167419e+02, 5.06781891e+02,
       1.36011690e-01, 1.07183215e+03, 5.74455078e+02, 5.18839836e-01,
       1.06595923e+03, 6.27365417e+02, 4.60151464e-01, 1.32495837e+03,
       6.21565613e+02, 7.32580602e-01, 1.62812183e+03, 6.56874084e+02,
       6.11277342e-01, 1.07771558e+03, 5.12644165e+02, 4.89085346e-01,
       1.32781958e+03, 4.59538544e+02, 7.94002593e-01, 1.53678662e+03,
       5.50819397e+02, 6.42215848e-01, 6.56832153e+02, 5.59733521e+02,
       3.69953454e-01, 6.45060730e+02, 5.06807587e+02, 2.73696929e-01,
       6.56803711e+02, 6.00896545e+02, 4.58202720e-01, 6.50991211e+02,
       4.97878357e+02, 1.23862341e-01, 1.61347156e+03, 4.83260040e+02,
       3.72477323e-01, 1.61050012e+03, 4.83234528e+02, 3.71966600e-01,
       1.55745398e+03, 5.74336914e+02, 3.97858799e-01, 1.73704431e+03,
       6.48043030e+02, 4.22878981e-01, 1.71933936e+03, 6.68522461e+02,
       3.74224961e-01, 1.64283020e+03, 6.59776672e+02, 2.94224858e-01 ]
