%YAML:1.0
---
pose_0: !!opencv-matrix
   rows: 1
   cols: 25
   dt: "3f"
   data: [ 7.36262573e+02, 5.00873230e+02, 8.21638048e-01,
       8.42235413e+02, 5.03690063e+02, 6.95796967e-01, 8.51100647e+02,
       5.68491699e+02, 6.06519282e-01, 9.92371582e+02, 6.01051697e+02,
       7.53040433e-01, 1.11605310e+03, 6.50980591e+02, 8.41104627e-01,
       8.36429749e+02, 4.36073730e+02, 5.83862722e-01, 9.98296814e+02,
       3.89073151e+02, 7.90811777e-01, 1.14244336e+03, 3.65478699e+02,
       8.63496721e-01, 1.13068945e+03, 5.03817169e+02, 5.97682118e-01,
       1.12193530e+03, 5.50944397e+02, 6.36089504e-01, 1.33376184e+03,
       6.24363586e+02, 7.48260617e-01, 1.54864783e+03, 6.71692017e+02,
       6.18571222e-01, 1.13363611e+03, 4.53751312e+02, 5.53809643e-01,
       1.33090906e+03, 4.59583740e+02, 8.07452261e-01, 1.56046729e+03,
       4.68422791e+02, 6.53118908e-01, 7.15719360e+02, 5.09701416e+02,
       8.17057490e-01, 7.21538696e+02, 4.80133453e+02, 8.51657748e-01,
       7.33383606e+02, 5.33191956e+02, 2.45454088e-01, 7.48080933e+02,
       4.50763062e+02, 5.70289791e-01, 1.63705579e+03, 4.56653656e+02,
       2.95798838e-01, 1.63402502e+03, 4.50796631e+02, 3.22450310e-01,
       1.58396265e+03, 4.65540619e+02, 3.13251227e-01, 1.61929138e+03,
       6.48086487e+02, 4.07490522e-01, 1.61343506e+03, 6.68534119e+02,
       3.18322897e-01, 1.58688672e+03, 6.89225159e+02, 2.48989776e-01 ]
