%YAML:1.0
---
pose_0: !!opencv-matrix
   rows: 1
   cols: 25
   dt: "3f"
   data: [ 7.48084167e+02, 3.91918091e+02, 8.62874985e-01,
       8.80412109e+02, 3.86135681e+02, 7.53073931e-01, 8.92340027e+02,
       4.71420563e+02, 6.65599167e-01, 1.01883490e+03, 5.03921417e+02,
       8.30482721e-01, 1.09252576e+03, 5.80272156e+02, 8.56766939e-01,
       8.68742615e+02, 3.03684174e+02, 6.28954411e-01, 9.57019287e+02,
       1.76985535e+02, 8.63007009e-01, 1.09531689e+03, 2.00537216e+02,
       7.86656916e-01, 1.14547668e+03, 3.83146729e+02, 6.00547433e-01,
       1.14542163e+03, 4.33032440e+02, 6.15773797e-01, 1.33673010e+03,
       4.80258942e+02, 5.84032416e-01, 1.54864978e+03, 5.36148926e+02,
       5.91353595e-01, 1.15129736e+03, 3.30095703e+02, 5.57079375e-01,
       1.31614221e+03, 3.15422913e+02, 3.93794537e-01, 1.38975183e+03,
       3.15436737e+02, 4.11933541e-01, 7.36284241e+02, 4.09634155e+02,
       8.60509992e-01, 7.39258545e+02, 3.77256439e+02, 8.57931614e-01,
       7.45175049e+02, 4.33043152e+02, 2.87825137e-01, 7.59869385e+02,
       3.53692047e+02, 5.34999728e-01, 1.51620728e+03, 2.71238037e+02,
       8.62214044e-02, 1.50745129e+03, 2.71197510e+02, 1.50432333e-01,
       1.40152368e+03, 3.24230682e+02, 1.48381144e-01, 1.61629492e+03,
       5.59707520e+02, 4.38145936e-01, 1.61345642e+03, 5.56833557e+02,
       4.89429623e-01, 1.58100671e+03, 5.27342712e+02, 4.13580596e-01 ]
