%YAML:1.0
---
pose_0: !!opencv-matrix
   rows: 1
   cols: 25
   dt: "3f"
   data: [ 7.18701721e+02, 5.15566345e+02, 8.20219994e-01,
       8.53979248e+02, 4.80174469e+02, 7.55809307e-01, 8.42268616e+02,
       5.53985046e+02, 7.30778754e-01, 9.54172729e+02, 6.18487366e+02,
       7.79538989e-01, 1.03065674e+03, 6.68595093e+02, 8.28008115e-01,
       8.56976990e+02, 3.97811798e+02, 6.82237864e-01, 1.00123108e+03,
       3.62497589e+02, 8.13172281e-01, 1.13362537e+03, 3.30115814e+02,
       7.38044858e-01, 1.11589844e+03, 5.12612183e+02, 6.08668208e-01,
       1.10422900e+03, 5.56850464e+02, 5.89177191e-01, 1.30731323e+03,
       5.53825439e+02, 3.03057730e-01, 1.54869250e+03, 4.97914276e+02,
       2.05965683e-01, 1.12187207e+03, 4.59572632e+02, 6.05079412e-01,
       1.28668787e+03, 4.97852844e+02, 5.25819778e-01, 1.57514734e+03,
       4.86180908e+02, 3.69446456e-01, 6.98167603e+02, 5.21428650e+02,
       3.84952843e-01, 7.09850891e+02, 4.94961273e+02, 7.40001678e-01,
       0., 0., 0., 7.33340210e+02, 4.53682953e+02, 6.25577450e-01,
       1.68996838e+03, 4.68496796e+02, 2.80121475e-01, 1.68700610e+03,
       4.65555573e+02, 2.91977704e-01, 1.58986914e+03, 4.83198608e+02,
       2.33478069e-01, 0., 0., 0., 0., 0., 0., 0., 0., 0. ]
