%YAML:1.0
---
pose_0: !!opencv-matrix
   rows: 2
   cols: 25
   dt: "3f"
   data: [ 6.95157837e+02, 3.86060425e+02, 9.08894956e-01,
       7.62899109e+02, 4.27315033e+02, 7.10881770e-01, 7.33397827e+02,
       4.65608124e+02, 4.11347538e-01, 6.45138184e+02, 4.39071655e+02,
       4.37523484e-01, 6.44970825e+02, 3.86017273e+02, 1.84607476e-01,
       7.89358459e+02, 3.68396606e+02, 6.80401504e-01, 9.33586670e+02,
       3.15493286e+02, 8.51188779e-01, 8.33313416e+02, 4.09735657e+02,
       8.27291846e-01, 1.11300903e+03, 4.39091278e+02, 5.11974692e-01,
       1.10425232e+03, 4.94938049e+02, 5.10013938e-01, 1.37504297e+03,
       5.27304993e+02, 4.35262203e-01, 1.61931726e+03, 5.30340515e+02,
       5.69552720e-01, 1.10718274e+03, 3.80198364e+02, 4.86060739e-01,
       1.31907214e+03, 3.15512970e+02, 1.14878297e-01, 1.41917883e+03,
       2.91930847e+02, 2.14540422e-01, 6.71704285e+02, 3.97792114e+02,
       8.58684778e-01, 6.89219055e+02, 3.65512085e+02, 8.64254951e-01,
       6.83343689e+02, 4.33134705e+02, 7.41023421e-01, 7.15685852e+02,
       3.56645264e+02, 5.26396409e-02, 1.59572290e+03, 2.50721481e+02,
       9.79512483e-02, 1.58984338e+03, 2.47804077e+02, 1.08859293e-01,
       1.53981592e+03, 2.86015869e+02, 1.95954725e-01, 1.72526440e+03,
       5.30302063e+02, 3.94417226e-01, 1.70762915e+03, 5.44984802e+02,
       3.41435909e-01, 1.64284729e+03, 5.15619507e+02, 2.69373029e-01,
       0., 0., 0., 8.12748352e+02, 5.15530151e+02, 1.82266146e-01,
       8.36331665e+02, 5.56795044e+02, 4.34802175e-01, 9.48141968e+02,
       6.45154968e+02, 6.51285291e-01, 9.30620239e+02, 6.18606628e+02,
       1.87934220e-01, 7.92247742e+02, 5.00856140e+02, 8.08943287e-02,
       0., 0., 0., 0., 0., 0., 0., 0., 0., 0., 0., 0., 0., 0., 0., 0.,
       0., 0., 0., 0., 0., 0., 0., 0., 0., 0., 0., 0., 0., 0., 0., 0.,
       0., 0., 0., 0., 0., 0., 0., 0., 0., 0., 0., 0., 0., 0., 0., 0.,
       0., 0., 0., 0., 0., 0., 0., 0., 0. ]
