%YAML:1.0
---
pose_0: !!opencv-matrix
   rows: 1
   cols: 25
   dt: "3f"
   data: [ 7.15736023e+02, 5.27230286e+02, 8.73326004e-01,
       8.10015320e+02, 5.09790802e+02, 8.38935494e-01, 7.92236938e+02,
       5.80376404e+02, 6.38046145e-01, 7.86219116e+02, 6.80449768e+02,
       7.35775054e-01, 6.53892395e+02, 6.92263611e+02, 7.11589813e-01,
       8.33364502e+02, 4.42016327e+02, 7.72905469e-01, 8.42327942e+02,
       5.06818298e+02, 6.40005529e-01, 8.36342529e+02, 6.39126404e+02,
       7.29138672e-01, 1.04540271e+03, 5.42096313e+02, 6.08358920e-01,
       1.04526880e+03, 5.83253235e+02, 5.99375308e-01, 1.25435596e+03,
       6.12676636e+02, 7.45976686e-01, 1.48972144e+03, 6.62704407e+02,
       6.28747404e-01, 1.05119727e+03, 4.91999908e+02, 6.04198515e-01,
       1.27790271e+03, 4.80259888e+02, 7.18735278e-01, 1.49859534e+03,
       4.59706207e+02, 5.72826266e-01, 6.98142273e+02, 5.36131104e+02,
       7.63054132e-01, 7.03982056e+02, 5.03922302e+02, 8.37780237e-01,
       7.18549622e+02, 5.56803772e+02, 3.80336583e-01, 7.30385254e+02,
       4.77312103e+02, 5.80738306e-01, 1.59576733e+03, 4.33132477e+02,
       3.20241541e-01, 1.58990686e+03, 4.30208893e+02, 3.62648576e-01,
       1.53392322e+03, 4.68467529e+02, 1.97969586e-01, 1.56332935e+03,
       6.74581970e+02, 5.37843704e-01, 1.54862512e+03, 6.89148438e+02,
       5.05692899e-01, 1.51036292e+03, 6.50988037e+02, 3.47672850e-01 ]
