%YAML:1.0
---
pose_0: !!opencv-matrix
   rows: 1
   cols: 25
   dt: "3f"
   data: [ 6.33356506e+02, 5.12670654e+02, 7.28275955e-01,
       7.65692932e+02, 4.36099823e+02, 6.07633412e-01, 7.83419861e+02,
       5.18482117e+02, 3.86973441e-01, 9.33545532e+02, 5.53872253e+02,
       4.03029889e-01, 1.07474622e+03, 6.24532715e+02, 6.45213425e-01,
       7.53986267e+02, 3.62524017e+02, 5.92493176e-01, 9.18795532e+02,
       3.15456818e+02, 7.42570639e-01, 1.09553320e+03, 2.86033691e+02,
       7.70318568e-01, 1.08364661e+03, 4.77257538e+02, 4.75928485e-01,
       1.07184595e+03, 5.30363403e+02, 5.02873480e-01, 1.32487805e+03,
       5.77462341e+02, 6.59914136e-01, 1.52804968e+03, 5.50783203e+02,
       3.68753254e-01, 1.09247168e+03, 4.12528412e+02, 4.08799231e-01,
       1.31617175e+03, 4.33029358e+02, 5.66084385e-01, 1.64577844e+03,
       4.39111877e+02, 3.49338055e-01, 0., 0., 0., 6.21426819e+02,
       5.00759064e+02, 7.65334487e-01, 0., 0., 0., 6.36222717e+02,
       4.39078888e+02, 5.50393701e-01, 1.72817102e+03, 4.39048889e+02,
       1.79896221e-01, 1.72527112e+03, 4.36049774e+02, 2.10549012e-01,
       1.71055505e+03, 4.83154236e+02, 1.57981977e-01, 1.53987048e+03,
       5.71503296e+02, 6.83505610e-02, 0., 0., 0., 1.55161023e+03,
       5.45025513e+02, 2.09520951e-01 ]
