%YAML:1.0
---
pose_0: !!opencv-matrix
   rows: 1
   cols: 25
   dt: "3f"
   data: [ 6.77506897e+02, 5.27436035e+02, 8.33752394e-01,
       8.01021057e+02, 5.09637238e+02, 7.24905729e-01, 8.09766846e+02,
       6.00889832e+02, 6.05391741e-01, 8.95286865e+02, 7.12755859e+02,
       8.09466541e-01, 8.06873657e+02, 6.39183777e+02, 6.64340138e-01,
       7.98172058e+02, 4.33084900e+02, 5.76722503e-01, 9.39419922e+02,
       3.65410828e+02, 5.44813931e-01, 1.02174835e+03, 3.65413910e+02,
       8.38581681e-01, 1.08359521e+03, 5.39087036e+02, 5.16102374e-01,
       1.07182324e+03, 5.94988708e+02, 5.56966007e-01, 1.25730286e+03,
       6.03960632e+02, 2.93794662e-01, 1.57220740e+03, 5.97962585e+02,
       3.66502225e-01, 1.08948584e+03, 4.80236023e+02, 5.31500697e-01,
       1.28372876e+03, 4.97942780e+02, 5.65844953e-01, 1.59280554e+03,
       4.92000763e+02, 4.18389261e-01, 6.65702759e+02, 5.45011902e+02,
       7.97943354e-01, 6.65700073e+02, 5.06670563e+02, 8.27852488e-01,
       6.92065796e+02, 5.53902405e+02, 9.42276493e-02, 6.83370483e+02,
       4.71428925e+02, 6.13875926e-01, 1.68399768e+03, 5.97986511e+02,
       1.63842037e-01, 0., 0., 0., 1.61632642e+03, 4.77332764e+02,
       2.57494509e-01, 1.67225085e+03, 6.06833862e+02, 1.64047733e-01,
       0., 0., 0., 1.60165845e+03, 5.80418884e+02, 2.07547456e-01 ]
