%YAML:1.0
---
pose_0: !!opencv-matrix
   rows: 1
   cols: 25
   dt: "3f"
   data: [ 7.48148438e+02, 4.33234894e+02, 8.53204846e-01,
       8.48124817e+02, 4.30253876e+02, 6.45048857e-01, 8.36317017e+02,
       5.06716125e+02, 5.65627098e-01, 9.98224426e+02, 4.94952057e+02,
       4.92725044e-01, 1.08948682e+03, 5.71405457e+02, 8.10256898e-01,
       8.59948608e+02, 3.50736267e+02, 6.62243783e-01, 9.68773376e+02,
       2.47895294e+02, 8.19156408e-01, 9.48188965e+02, 3.80132477e+02,
       8.49787772e-01, 1.13659827e+03, 4.33092712e+02, 5.40572822e-01,
       1.13656470e+03, 4.80161469e+02, 5.98661423e-01, 1.32800354e+03,
       5.74308716e+02, 8.18271875e-01, 1.56037610e+03, 5.71432434e+02,
       6.33604109e-01, 1.13070374e+03, 3.80160187e+02, 4.53614801e-01,
       1.37203918e+03, 3.41882080e+02, 7.15886593e-01, 1.51920447e+03,
       2.00644104e+02, 5.49653232e-01, 7.36281738e+02, 4.47894897e+02,
       7.97719538e-01, 7.39196533e+02, 4.12456818e+02, 8.82507622e-01,
       7.51061096e+02, 4.68483185e+02, 2.74694383e-01, 7.59828857e+02,
       3.85942078e+02, 5.84136963e-01, 1.58103796e+03, 1.41732712e+02,
       1.14822924e-01, 1.58395959e+03, 1.47676071e+02, 1.04741037e-01,
       0., 0., 0., 1.60753845e+03, 6.50967957e+02, 5.12344956e-01,
       1.60459204e+03, 6.47968933e+02, 4.35226828e-01, 1.58992786e+03,
       5.50860291e+02, 4.68069583e-01 ]
