%YAML:1.0
---
pose_0: !!opencv-matrix
   rows: 2
   cols: 25
   dt: "3f"
   data: [ 0., 0., 0., 7.59861267e+02, 5.30369141e+02, 7.51182884e-02,
       8.09857483e+02, 5.71524719e+02, 2.05596611e-01, 9.15851563e+02,
       6.42155640e+02, 6.34212434e-01, 1.06893677e+03, 7.12761292e+02,
       8.50610316e-01, 0., 0., 0., 0., 0., 0., 0., 0., 0., 0., 0., 0.,
       0., 0., 0., 0., 0., 0., 0., 0., 0., 0., 0., 0., 0., 0., 0., 0.,
       0., 0., 0., 0., 0., 0., 0., 0., 0., 0., 0., 0., 0., 0., 0., 0.,
       0., 0., 0., 0., 0., 0., 0., 0., 0., 0., 0., 0., 0., 0., 0., 0.,
       6.48081055e+02, 3.91968292e+02, 7.75837004e-01, 7.27492859e+02,
       4.36166107e+02, 5.88168442e-01, 6.92133118e+02, 4.86093384e+02,
       3.98482382e-01, 5.95018616e+02, 4.74358063e+02, 4.26174343e-01,
       5.92093323e+02, 4.09595032e+02, 2.95462579e-01, 7.56912842e+02,
       3.83139221e+02, 5.68878055e-01, 9.48260742e+02, 3.18506531e+02,
       7.69700944e-01, 1.11010999e+03, 2.44683502e+02, 7.90254593e-01,
       1.08362280e+03, 4.47868988e+02, 4.11435157e-01, 1.08364368e+03,
       5.03686127e+02, 4.55208361e-01, 1.37203674e+03, 5.33323364e+02,
       6.03570879e-01, 1.63692517e+03, 5.50915405e+02, 5.42503297e-01,
       1.06894470e+03, 3.89074768e+02, 4.17075038e-01, 1.14244226e+03,
       3.21395508e+02, 3.72614473e-01, 1.37791003e+03, 2.50712509e+02,
       2.55701303e-01, 6.27479919e+02, 4.09498657e+02, 7.52606273e-01,
       6.39174988e+02, 3.83051910e+02, 6.04441643e-01, 6.42091797e+02,
       4.44943207e+02, 6.18653178e-01, 0., 0., 0., 0., 0., 0., 0., 0.,
       0., 0., 0., 0., 1.72232275e+03, 5.77352234e+02, 1.62662208e-01,
       0., 0., 0., 1.65463953e+03, 5.42032715e+02, 3.61928344e-01 ]
