%YAML:1.0
---
pose_0: !!opencv-matrix
   rows: 1
   cols: 25
   dt: "3f"
   data: [ 7.59760254e+02, 4.83281189e+02, 8.85469437e-01,
       8.80421631e+02, 5.09773590e+02, 7.73592055e-01, 8.57038086e+02,
       5.80388245e+02, 7.85596669e-01, 9.51295227e+02, 6.48048279e+02,
       8.79034638e-01, 1.04819556e+03, 7.33373657e+02, 8.34438205e-01,
       8.92335205e+02, 4.47877686e+02, 6.36236012e-01, 1.02186206e+03,
       4.09712189e+02, 7.83661604e-01, 1.11593408e+03, 3.41936676e+02,
       8.37113976e-01, 1.13364404e+03, 5.03837158e+02, 5.89531600e-01,
       1.13367163e+03, 5.50976440e+02, 6.19290590e-01, 1.33385925e+03,
       5.68521179e+02, 6.50325358e-01, 1.55452686e+03, 5.59731384e+02,
       6.07665896e-01, 1.13074158e+03, 4.53800079e+02, 6.14618719e-01,
       1.31911255e+03, 4.36115417e+02, 6.58649564e-01, 1.56639661e+03,
       4.30232788e+02, 6.40660584e-01, 7.39328735e+02, 5.03789368e+02,
       8.82695377e-01, 7.45173279e+02, 4.65580048e+02, 8.32248807e-01,
       7.56949219e+02, 5.30304443e+02, 7.00689554e-01, 7.68741150e+02,
       4.47921204e+02, 5.85171819e-01, 1.63995142e+03, 4.36081238e+02,
       2.18389511e-01, 1.63691638e+03, 4.24289368e+02, 2.78501928e-01,
       1.59868286e+03, 4.12614410e+02, 2.38903537e-01, 1.61043896e+03,
       5.92059570e+02, 3.59964162e-01, 1.61040967e+03, 5.92041077e+02,
       3.57025802e-01, 1.58693579e+03, 5.42058594e+02, 4.26000923e-01 ]
