%YAML:1.0
---
pose_0: !!opencv-matrix
   rows: 1
   cols: 25
   dt: "3f"
   data: [ 6.71553101e+02, 5.53819458e+02, 3.73205483e-01,
       7.95161804e+02, 4.86231476e+02, 5.57758331e-01, 8.12780518e+02,
       5.27402710e+02, 3.92179489e-01, 8.36353394e+02, 6.01013611e+02,
       7.35831499e-01, 7.36254395e+02, 5.50900452e+02, 7.83729792e-01,
       7.86352234e+02, 4.42054413e+02, 4.97525066e-01, 8.15790405e+02,
       3.88918518e+02, 8.15205693e-01, 6.59776855e+02, 4.80131531e+02,
       7.26723194e-01, 1.09242065e+03, 5.30243713e+02, 4.84720081e-01,
       1.08067261e+03, 5.83277161e+02, 4.82045025e-01, 1.32788428e+03,
       6.00963806e+02, 4.54318076e-01, 1.62815100e+03, 6.09725159e+02,
       5.26079237e-01, 1.09544739e+03, 4.65539459e+02, 4.50014442e-01,
       1.39260120e+03, 4.83312836e+02, 5.36734223e-01, 1.61343274e+03,
       4.97850220e+02, 5.97002923e-01, 6.42129517e+02, 5.53878784e+02,
       1.40713811e-01, 6.47955750e+02, 5.50778748e+02, 3.07907104e-01,
       0., 0., 0., 6.98042175e+02, 5.03726685e+02, 2.94401526e-01,
       1.69577393e+03, 4.62625702e+02, 4.81823385e-01, 1.68696716e+03,
       4.59732697e+02, 5.39201915e-01, 1.63107019e+03, 5.12631226e+02,
       3.04168820e-01, 1.71348914e+03, 5.65584167e+02, 2.41484717e-01,
       0., 0., 0., 1.71055859e+03, 6.24482544e+02, 1.61574900e-01 ]
