%YAML:1.0
---
pose_0: !!opencv-matrix
   rows: 1
   cols: 25
   dt: "3f"
   data: [ 5.12693909e+02, 4.83301849e+02, 7.58324623e-01,
       6.62751526e+02, 5.00850647e+02, 4.46925223e-01, 6.80391357e+02,
       6.18525818e+02, 2.57842422e-01, 7.59869202e+02, 6.50976135e+02,
       7.42913336e-02, 0., 0., 0., 6.89222168e+02, 3.94892639e+02,
       3.36784393e-01, 8.80481995e+02, 3.80196106e+02, 2.11808324e-01,
       1.10714001e+03, 3.36026367e+02, 9.10067484e-02, 1.04826038e+03,
       5.47886719e+02, 4.81319636e-01, 1.03945337e+03, 6.00983887e+02,
       4.47568625e-01, 1.14836462e+03, 6.53856995e+02, 1.11698397e-01,
       0., 0., 0., 1.05416052e+03, 4.80274109e+02, 4.28446770e-01,
       1.35145398e+03, 4.18414825e+02, 4.34066772e-01, 1.57221228e+03,
       4.47867859e+02, 3.90305847e-01, 5.03703979e+02, 5.09793121e+02,
       7.99409688e-01, 4.97947876e+02, 4.68507385e+02, 7.28727818e-01,
       5.12650940e+02, 5.50901001e+02, 2.02223569e-01, 5.30380737e+02,
       4.36054596e+02, 3.54081303e-01, 1.68990894e+03, 4.12483887e+02,
       8.53952393e-02, 1.67813330e+03, 4.09476105e+02, 8.79776999e-02,
       1.58102332e+03, 4.62636871e+02, 2.16161281e-01, 0., 0., 0., 0.,
       0., 0., 0., 0., 0. ]
