%YAML:1.0
---
pose_0: !!opencv-matrix
   rows: 1
   cols: 25
   dt: "3f"
   data: [ 7.12791199e+02, 5.27357483e+02, 2.92159975e-01,
       7.86421692e+02, 4.77296387e+02, 3.33149314e-01, 7.86342834e+02,
       4.94944336e+02, 2.17867866e-01, 0., 0., 0., 0., 0., 0.,
       7.86348816e+02, 4.65521210e+02, 2.68241346e-01, 0., 0., 0., 0.,
       0., 0., 9.27577576e+02, 4.39044800e+02, 1.53049573e-01,
       9.24677429e+02, 4.30169861e+02, 1.27956033e-01, 1.31021228e+03,
       5.39088379e+02, 2.69440681e-01, 1.58690991e+03, 4.30177460e+02,
       2.55032510e-01, 9.24649536e+02, 4.41992279e+02, 1.74658149e-01,
       0., 0., 0., 0., 0., 0., 6.98104675e+02, 5.24303101e+02,
       1.16873011e-01, 7.09832947e+02, 5.09644958e+02, 2.51578182e-01,
       0., 0., 0., 7.18588867e+02, 4.71455139e+02, 2.96113461e-01, 0.,
       0., 0., 0., 0., 0., 0., 0., 0., 0., 0., 0., 0., 0., 0., 0., 0.,
       0. ]
