%YAML:1.0
---
pose_0: !!opencv-matrix
   rows: 1
   cols: 25
   dt: "3f"
   data: [ 7.65819763e+02, 5.00806854e+02, 8.56075168e-01,
       8.36454712e+02, 5.30352661e+02, 6.66763425e-01, 8.33551697e+02,
       5.86225891e+02, 7.56154001e-01, 9.51140015e+02, 5.97937622e+02,
       8.85354757e-01, 9.71700195e+02, 4.47897736e+02, 6.25066221e-01,
       8.36496948e+02, 4.83217804e+02, 4.37584370e-01, 9.24671692e+02,
       4.80268005e+02, 8.69933590e-02, 0., 0., 0., 1.13660205e+03,
       5.03721924e+02, 5.42003214e-01, 1.13950720e+03, 5.50826172e+02,
       5.47183573e-01, 1.35146216e+03, 6.15596313e+02, 5.13821483e-01,
       1.56041162e+03, 7.09845398e+02, 5.86355269e-01, 1.13069128e+03,
       4.50801636e+02, 5.33253610e-01, 1.32780774e+03, 3.91915253e+02,
       5.42446017e-01, 1.54865027e+03, 3.59603729e+02, 4.14527893e-01,
       7.42289368e+02, 5.09810059e+02, 8.88489306e-01, 7.56963867e+02,
       4.80151062e+02, 8.42462420e-01, 7.48111023e+02, 5.50897583e+02,
       7.29686975e-01, 7.68791199e+02, 4.59716675e+02, 1.85910657e-01,
       1.63711438e+03, 3.36061737e+02, 2.06686914e-01, 1.63990002e+03,
       3.30160126e+02, 2.09878847e-01, 1.56626526e+03, 3.56623383e+02,
       2.90611744e-01, 1.62808057e+03, 6.92233215e+02, 5.60560107e-01,
       1.61631531e+03, 7.06906494e+02, 5.27877033e-01, 1.57217334e+03,
       7.21676453e+02, 3.66503298e-01 ]
