%YAML:1.0
---
pose_0: !!opencv-matrix
   rows: 1
   cols: 25
   dt: "3f"
   data: [ 7.48094543e+02, 5.77537781e+02, 8.62332344e-01,
       8.56935303e+02, 5.80326660e+02, 7.36169159e-01, 8.51135742e+02,
       6.39196533e+02, 6.01875901e-01, 9.74764893e+02, 7.06886597e+02,
       3.44100744e-01, 9.74661621e+02, 7.06852905e+02, 2.17072234e-01,
       8.62964539e+02, 5.18466125e+02, 6.61215007e-01, 9.98272400e+02,
       4.68475769e+02, 8.04647803e-01, 1.08066382e+03, 4.59639740e+02,
       8.35171819e-01, 1.10713708e+03, 5.83280945e+02, 6.06818259e-01,
       1.10124487e+03, 6.27420349e+02, 6.35764718e-01, 1.30136511e+03,
       6.33299194e+02, 4.84753102e-01, 1.49572192e+03, 6.24543274e+02,
       4.88324553e-01, 1.11300684e+03, 5.33242432e+02, 6.28106475e-01,
       1.28071265e+03, 5.74277649e+02, 7.28574276e-01, 1.49567065e+03,
       5.53952087e+02, 4.22062308e-01, 7.39113770e+02, 5.94997253e+02,
       8.03084135e-01, 7.42085144e+02, 5.62638977e+02, 8.26641798e-01,
       7.50991638e+02, 6.12689209e+02, 3.48336130e-01, 7.62851990e+02,
       5.36144409e+02, 6.72232807e-01, 1.60756201e+03, 5.30215393e+02,
       2.35862046e-01, 1.60751782e+03, 5.21483459e+02, 2.47504056e-01,
       1.51332068e+03, 5.53844543e+02, 2.76154935e-01, 1.56327905e+03,
       6.24453918e+02, 8.58566239e-02, 1.48983069e+03, 6.65704773e+02,
       1.33518770e-01, 1.53396460e+03, 6.24493286e+02, 2.67887294e-01 ]
