%YAML:1.0
---
pose_0: !!opencv-matrix
   rows: 1
   cols: 25
   dt: "3f"
   data: [ 7.62817139e+02, 4.53791321e+02, 8.37155402e-01,
       8.54020020e+02, 4.59757172e+02, 6.98588073e-01, 8.33406799e+02,
       5.06857391e+02, 8.04467082e-01, 9.09991882e+02, 4.24268127e+02,
       7.86621034e-01, 9.30570251e+02, 2.88978424e+02, 7.68428445e-01,
       8.39327759e+02, 4.18478455e+02, 3.58605981e-01, 1.00124139e+03,
       3.86063477e+02, 6.97756886e-01, 1.11597400e+03, 3.12525452e+02,
       7.52864122e-01, 1.11306189e+03, 4.95006683e+02, 5.84655523e-01,
       1.09841016e+03, 5.42086243e+02, 5.47836006e-01, 1.33377271e+03,
       6.06825989e+02, 4.67001915e-01, 1.52805566e+03, 6.77473877e+02,
       5.56869805e-01, 1.11894800e+03, 4.47854156e+02, 5.69643974e-01,
       1.31616919e+03, 3.83103149e+02, 6.16445184e-01, 1.50154236e+03,
       3.18432526e+02, 4.87011224e-01, 7.45212463e+02, 4.62649445e+02,
       7.92528629e-01, 7.50998901e+02, 4.36061615e+02, 8.18395615e-01,
       7.62907471e+02, 4.86152100e+02, 5.84444702e-01, 7.65659119e+02,
       4.15450012e+02, 4.20231223e-01, 0., 0., 0., 0., 0., 0.,
       1.53979700e+03, 3.06604767e+02, 2.73055255e-01, 1.59576514e+03,
       6.56824036e+02, 4.86740500e-01, 1.58985168e+03, 6.68676025e+02,
       4.29615408e-01, 1.54572986e+03, 6.92235901e+02, 3.26824307e-01 ]
