%YAML:1.0
---
pose_0: !!opencv-matrix
   rows: 1
   cols: 25
   dt: "3f"
   data: [ 7.30386841e+02, 5.06698303e+02, 8.36972833e-01,
       8.09970215e+02, 5.06666107e+02, 8.10354888e-01, 8.04032776e+02,
       5.56813721e+02, 5.71390212e-01, 7.42356018e+02, 6.18581970e+02,
       8.34798813e-01, 6.80369019e+02, 5.30292053e+02, 5.61892390e-01,
       8.12933411e+02, 4.42006134e+02, 7.43782401e-01, 8.59951965e+02,
       4.83321838e+02, 8.62729788e-01, 8.68783875e+02, 6.09750183e+02,
       8.01034153e-01, 1.07187573e+03, 5.27348206e+02, 5.65909743e-01,
       1.07178906e+03, 5.74407654e+02, 5.67802846e-01, 1.27494153e+03,
       6.00950134e+02, 7.49212325e-01, 1.49267322e+03, 6.42084900e+02,
       6.74743772e-01, 1.07772034e+03, 4.77308228e+02, 5.58771431e-01,
       1.28089795e+03, 4.62622498e+02, 7.51196682e-01, 1.51630420e+03,
       4.42016571e+02, 5.90140641e-01, 7.15672363e+02, 5.21458801e+02,
       7.66351461e-01, 7.18757141e+02, 4.86146820e+02, 8.18822503e-01,
       7.27435974e+02, 5.50996521e+02, 4.06052530e-01, 7.53943176e+02,
       4.62609833e+02, 5.06577253e-01, 1.59279724e+03, 4.15485260e+02,
       4.52912420e-01, 1.58694507e+03, 4.09662292e+02, 4.94134396e-01,
       1.54571509e+03, 4.59622345e+02, 2.00439423e-01, 1.56933374e+03,
       6.48067383e+02, 4.55032080e-01, 1.56334558e+03, 6.59819702e+02,
       4.45098281e-01, 1.51625732e+03, 6.33317566e+02, 3.09211671e-01 ]
