%YAML:1.0
---
pose_0: !!opencv-matrix
   rows: 1
   cols: 25
   dt: "3f"
   data: [ 6.68580139e+02, 5.09662537e+02, 7.60810196e-01,
       8.01052795e+02, 4.74333771e+02, 6.66965663e-01, 8.09790100e+02,
       5.59711792e+02, 5.65626264e-01, 9.42386292e+02, 6.24387329e+02,
       7.69849122e-01, 1.03651404e+03, 6.92090088e+02, 8.32397223e-01,
       8.06869690e+02, 3.71386871e+02, 6.24217987e-01, 9.54075012e+02,
       3.15347137e+02, 7.48794198e-01, 1.07475720e+03, 2.47656616e+02,
       8.51721048e-01, 1.10719629e+03, 5.27246521e+02, 5.41672170e-01,
       1.09539429e+03, 5.77379272e+02, 5.59598088e-01, 1.30727075e+03,
       6.18550964e+02, 5.70924342e-01, 1.50450635e+03, 6.18567444e+02,
       6.14564657e-01, 1.11592566e+03, 4.62607147e+02, 4.98320073e-01,
       1.35734229e+03, 4.80318970e+02, 5.78972578e-01, 1.60160803e+03,
       4.83283386e+02, 5.99796057e-01, 6.45158569e+02, 5.18483276e+02,
       4.52560067e-01, 6.47976685e+02, 4.86245361e+02, 6.83589756e-01,
       0., 0., 0., 6.68674316e+02, 4.42023651e+02, 5.11389077e-01,
       1.68693628e+03, 4.59722229e+02, 4.96513575e-01, 1.68399622e+03,
       4.59566010e+02, 5.09978116e-01, 1.62808411e+03, 5.00825195e+02,
       2.76970357e-01, 1.58691235e+03, 6.09777405e+02, 1.97480470e-01,
       1.56630908e+03, 6.27402466e+02, 2.06876054e-01, 1.53976453e+03,
       6.03880676e+02, 3.30058962e-01 ]
