%YAML:1.0
---
pose_0: !!opencv-matrix
   rows: 1
   cols: 25
   dt: "3f"
   data: [ 6.86254517e+02, 5.06811646e+02, 7.99199879e-01,
       8.01066528e+02, 4.44931610e+02, 7.26563394e-01, 8.09981873e+02,
       5.27349915e+02, 7.52549171e-01, 9.36417297e+02, 5.77394226e+02,
       7.97279894e-01, 1.02173944e+03, 6.65560486e+02, 8.28287661e-01,
       7.92291992e+02, 3.71312256e+02, 6.74614191e-01, 8.80503418e+02,
       2.91864105e+02, 8.34275842e-01, 9.57117065e+02, 2.03532898e+02,
       8.33045006e-01, 1.07483252e+03, 5.00780060e+02, 5.86583257e-01,
       1.06595837e+03, 5.47992310e+02, 5.98814487e-01, 1.28079028e+03,
       5.71473999e+02, 5.41855097e-01, 1.52215344e+03, 5.56784668e+02,
       4.15965855e-01, 1.08947253e+03, 4.39026611e+02, 5.52119792e-01,
       1.33080884e+03, 4.59555084e+02, 5.40888429e-01, 1.56334387e+03,
       4.62624451e+02, 5.14840722e-01, 6.68497314e+02, 5.09760620e+02,
       1.16553612e-01, 6.71456787e+02, 4.89025024e+02, 8.02193046e-01,
       0., 0., 0., 6.92132202e+02, 4.36075409e+02, 6.99673533e-01,
       1.66344397e+03, 4.50776917e+02, 4.17461753e-01, 1.66044946e+03,
       4.39072235e+02, 4.64161605e-01, 1.57220166e+03, 4.80212402e+02,
       2.34084249e-01, 1.61339856e+03, 5.44952576e+02, 1.47856504e-01,
       0., 0., 0., 1.54865967e+03, 5.53817078e+02, 1.94407374e-01 ]
