%YAML:1.0
---
pose_0: !!opencv-matrix
   rows: 1
   cols: 25
   dt: "3f"
   data: [ 7.42229126e+02, 4.03763367e+02, 6.26364708e-01,
       8.33454712e+02, 4.83115143e+02, 7.27023959e-01, 8.15817200e+02,
       5.39100586e+02, 7.41194308e-01, 9.48258850e+02, 6.00928833e+02,
       8.01677525e-01, 1.10134192e+03, 6.21617065e+02, 7.45649278e-01,
       8.39327820e+02, 4.24334961e+02, 4.91302550e-01, 1.00114520e+03,
       3.80213593e+02, 7.38893688e-01, 1.11599878e+03, 3.15269318e+02,
       8.22449744e-01, 1.09836487e+03, 4.71461334e+02, 5.39507568e-01,
       1.10126013e+03, 5.15577942e+02, 4.90983903e-01, 1.31025134e+03,
       5.00768646e+02, 6.70125663e-01, 1.54271582e+03, 5.36174683e+02,
       5.50942123e-01, 1.09837256e+03, 4.24306305e+02, 5.85480630e-01,
       1.30444312e+03, 4.09590393e+02, 7.98459172e-01, 1.51619141e+03,
       4.56766998e+02, 6.94212735e-01, 7.21565369e+02, 4.12551086e+02,
       6.11599088e-01, 7.33367859e+02, 3.91945618e+02, 1.26630858e-01,
       7.39232178e+02, 4.80154968e+02, 5.42590916e-01, 0., 0., 0.,
       1.60164465e+03, 4.06602905e+02, 4.74073619e-01, 1.59570044e+03,
       4.03725311e+02, 4.51646149e-01, 1.53973633e+03, 4.74328461e+02,
       5.15791297e-01, 1.61642883e+03, 5.24423950e+02, 5.01226246e-01,
       1.61050623e+03, 5.33261108e+02, 4.23714697e-01, 1.56922485e+03,
       5.33269043e+02, 2.54415125e-01 ]
