%YAML:1.0
---
pose_0: !!opencv-matrix
   rows: 1
   cols: 25
   dt: "3f"
   data: [ 0., 0., 0., 8.30512634e+02, 5.24343933e+02, 2.76919305e-01,
       8.09967896e+02, 5.50950012e+02, 6.08574331e-01, 9.51149475e+02,
       6.18524414e+02, 7.63890624e-01, 1.09539185e+03, 5.56727539e+02,
       8.17461371e-01, 9.01143188e+02, 4.89097809e+02, 1.41549289e-01,
       1.02769067e+03, 5.09640961e+02, 3.37326139e-01, 1.14841821e+03,
       4.97915070e+02, 5.29577494e-01, 1.11600696e+03, 5.83299500e+02,
       4.39631373e-01, 1.11009375e+03, 6.24423157e+02, 4.24858004e-01,
       1.35148157e+03, 5.47897156e+02, 7.98590243e-01, 1.61930383e+03,
       6.98085938e+02, 4.48163599e-01, 1.12777417e+03, 5.33221313e+02,
       3.72728795e-01, 1.37505151e+03, 4.97841431e+02, 6.74439073e-01,
       1.56344653e+03, 5.77399597e+02, 4.48016524e-01, 0., 0., 0., 0.,
       0., 0., 7.42211853e+02, 4.80232208e+02, 9.23695713e-02, 0., 0.,
       0., 1.62808899e+03, 5.09666260e+02, 3.35394382e-01,
       1.62223608e+03, 5.09673950e+02, 3.54822457e-01, 1.58687427e+03,
       6.00893616e+02, 3.59097123e-01, 1.71049280e+03, 7.39225708e+02,
       2.72923052e-01, 1.68994885e+03, 7.48065857e+02, 2.78625309e-01,
       1.65462891e+03, 7.42212341e+02, 2.85677791e-01 ]
