%YAML:1.0
---
pose_0: !!opencv-matrix
   rows: 2
   cols: 25
   dt: "3f"
   data: [ 7.62666504e+02, 3.15427612e+02, 7.19960213e-01,
       8.92321350e+02, 2.30059586e+02, 2.01252341e-01, 8.83510010e+02,
       2.00595688e+02, 1.02402210e-01, 0., 0., 0., 0., 0., 0.,
       9.04056885e+02, 2.27127213e+02, 1.62451997e-01, 9.89395813e+02,
       3.12469055e+02, 1.91925675e-01, 9.68856689e+02, 4.33158691e+02,
       1.93731725e-01, 1.16012207e+03, 1.91792297e+02, 1.77932158e-01,
       0., 0., 0., 0., 0., 0., 0., 0., 0., 1.14543811e+03,
       1.77131241e+02, 1.65965706e-01, 1.36911523e+03, 1.74161316e+02,
       6.49863407e-02, 0., 0., 0., 7.42224060e+02, 3.09557831e+02,
       5.33558242e-02, 7.42276733e+02, 2.94853241e+02, 7.43386507e-01,
       0., 0., 0., 7.56864258e+02, 2.47807266e+02, 4.82117921e-01, 0.,
       0., 0., 0., 0., 0., 0., 0., 0., 0., 0., 0., 0., 0., 0., 0., 0.,
       0., 0., 0., 0., 0., 0., 0., 9.92373413e+02, 2.59521362e+02,
       1.08459681e-01, 9.86441284e+02, 3.18340912e+02, 3.17735255e-01,
       9.68873901e+02, 4.39123199e+02, 5.45343935e-01, 0., 0., 0., 0.,
       0., 0., 0., 0., 0., 0., 0., 0., 0., 0., 0., 0., 0., 0., 0., 0.,
       0., 0., 0., 0., 0., 0., 0., 0., 0., 0., 0., 0., 0., 0., 0., 0.,
       0., 0., 0., 0., 0., 0., 0., 0., 0., 0., 0., 0., 0., 0., 0., 0.,
       0., 0., 0., 0., 0., 0., 0., 0. ]
