%YAML:1.0
---
pose_0: !!opencv-matrix
   rows: 1
   cols: 25
   dt: "3f"
   data: [ 7.42291687e+02, 4.59622345e+02, 8.51740241e-01,
       8.45196960e+02, 4.53772858e+02, 6.93672299e-01, 8.60000122e+02,
       5.27423645e+02, 5.79581857e-01, 9.95316895e+02, 5.53896118e+02,
       7.00581551e-01, 1.11602856e+03, 5.98045105e+02, 8.02987099e-01,
       8.36346008e+02, 3.71320465e+02, 6.53122723e-01, 9.54249817e+02,
       3.38861572e+02, 7.97251105e-01, 1.05710510e+03, 3.24208221e+02,
       7.80586362e-01, 1.11302051e+03, 4.59622864e+02, 5.86145520e-01,
       1.11006335e+03, 5.06623138e+02, 6.22839391e-01, 1.30733362e+03,
       5.12588196e+02, 6.62663102e-01, 1.56338684e+03, 5.36206177e+02,
       6.03823960e-01, 1.11595508e+03, 4.09566681e+02, 5.68662405e-01,
       1.34557202e+03, 4.06643097e+02, 5.12668252e-01, 1.55745630e+03,
       4.15580750e+02, 5.09080350e-01, 7.30469116e+02, 4.74306915e+02,
       7.37534940e-01, 7.33364990e+02, 4.39085297e+02, 7.68948913e-01,
       7.42225464e+02, 4.89071533e+02, 2.27666810e-01, 7.42324768e+02,
       4.09629608e+02, 5.68652689e-01, 1.63108032e+03, 4.00807343e+02,
       1.95150614e-01, 1.62220386e+03, 3.94948792e+02, 2.24748164e-01,
       1.57515515e+03, 4.09651611e+02, 3.01004827e-01, 1.63989880e+03,
       5.12593201e+02, 3.64146650e-01, 1.63400549e+03, 5.27382019e+02,
       2.94106722e-01, 1.58983496e+03, 5.30355652e+02, 3.18197280e-01 ]
