%YAML:1.0
---
pose_0: !!opencv-matrix
   rows: 1
   cols: 25
   dt: "3f"
   data: [ 7.48070435e+02, 3.86019165e+02, 8.61822724e-01,
       8.80510620e+02, 4.12668030e+02, 7.61650383e-01, 8.80458435e+02,
       5.03751190e+02, 7.66301632e-01, 9.89377319e+02, 5.92108276e+02,
       7.79719353e-01, 1.09244885e+03, 5.77373352e+02, 7.95346916e-01,
       8.80591431e+02, 3.33128815e+02, 5.96552253e-01, 1.02171747e+03,
       2.53682449e+02, 7.79454827e-01, 1.14238098e+03, 1.80044113e+02,
       8.54542494e-01, 1.13956396e+03, 4.06589661e+02, 5.40897369e-01,
       1.14247412e+03, 4.53756073e+02, 5.77294648e-01, 1.33670874e+03,
       4.74366547e+02, 7.21795857e-01, 1.53689111e+03, 5.30392456e+02,
       6.00801885e-01, 1.13946423e+03, 3.50731720e+02, 5.61530650e-01,
       1.36617395e+03, 3.18263458e+02, 4.66673136e-01, 1.56340027e+03,
       2.94786163e+02, 5.31634867e-01, 7.36284058e+02, 3.92004822e+02,
       8.17101896e-01, 7.42115662e+02, 3.65377014e+02, 8.97856653e-01,
       7.45246887e+02, 4.18429718e+02, 5.80785751e-01, 7.62847046e+02,
       3.42027191e+02, 6.67239368e-01, 1.63685034e+03, 2.65398804e+02,
       4.17925149e-01, 1.63388904e+03, 2.65319977e+02, 4.28756416e-01,
       1.59277979e+03, 2.94901215e+02, 2.59575993e-01, 1.61345374e+03,
       5.36191345e+02, 5.15716672e-01, 1.60743921e+03, 5.50840332e+02,
       4.66582417e-01, 1.56334460e+03, 5.30345032e+02, 3.40297878e-01 ]
