%YAML:1.0
---
pose_0: !!opencv-matrix
   rows: 1
   cols: 25
   dt: "3f"
   data: [ 7.36364868e+02, 5.33218384e+02, 6.27239347e-01,
       8.12904724e+02, 4.65500244e+02, 4.37513649e-01, 8.09919983e+02,
       4.56712219e+02, 3.15121502e-01, 0., 0., 0., 0., 0., 0.,
       8.21633484e+02, 4.74404327e+02, 5.30324161e-01, 9.48180603e+02,
       5.30243896e+02, 7.82247961e-01, 8.18767212e+02, 5.53991272e+02,
       7.54047811e-01, 1.07775452e+03, 4.53741882e+02, 3.64462256e-01,
       1.09537244e+03, 4.18502808e+02, 3.17356050e-01, 1.21904224e+03,
       4.59703064e+02, 1.39927328e-01, 0., 0., 0., 1.06595239e+03,
       4.80191162e+02, 2.77662575e-01, 1.31021204e+03, 5.18457275e+02,
       6.06331587e-01, 1.58397681e+03, 4.56769165e+02, 3.55502486e-01,
       7.36253540e+02, 5.27267456e+02, 5.08573391e-02, 7.27482483e+02,
       5.18520325e+02, 5.79937935e-01, 0., 0., 0., 7.48108765e+02,
       4.74355286e+02, 4.90029365e-01, 1.67515356e+03, 5.09727234e+02,
       7.14520738e-02, 1.67230566e+03, 5.06736176e+02, 6.94654658e-02,
       1.63108618e+03, 4.74343597e+02, 1.64770812e-01, 0., 0., 0., 0.,
       0., 0., 0., 0., 0. ]
