%YAML:1.0
---
pose_0: !!opencv-matrix
   rows: 1
   cols: 25
   dt: "3f"
   data: [ 7.39292969e+02, 5.27312317e+02, 8.67942274e-01,
       8.42284363e+02, 5.30274963e+02, 6.11270428e-01, 8.39303467e+02,
       5.92117859e+02, 5.91757774e-01, 9.57060913e+02, 6.36266785e+02,
       3.59655440e-01, 1.02474658e+03, 6.50965759e+02, 1.64661169e-01,
       8.56998108e+02, 4.62659515e+02, 4.63923723e-01, 1.00118781e+03,
       4.56651428e+02, 1.44812256e-01, 0., 0., 0., 1.11888342e+03,
       5.36127563e+02, 5.52580953e-01, 1.11303296e+03, 5.83299866e+02,
       5.99041224e-01, 1.21018896e+03, 6.53878296e+02, 1.42954111e-01,
       0., 0., 0., 1.11899121e+03, 4.83186554e+02, 5.59245110e-01,
       1.30736011e+03, 5.27185974e+02, 7.10825264e-01, 1.58697351e+03,
       5.30293335e+02, 5.75639486e-01, 7.24587646e+02, 5.39143127e+02,
       7.61508822e-01, 7.24594299e+02, 5.06639832e+02, 8.09371471e-01,
       7.42103271e+02, 5.59743103e+02, 4.39212441e-01, 7.53959900e+02,
       4.83100555e+02, 6.61718845e-01, 1.66054248e+03, 4.94986877e+02,
       3.49368393e-01, 1.66042725e+03, 4.92033569e+02, 3.63151670e-01,
       1.61339771e+03, 5.47959717e+02, 3.16193372e-01, 0., 0., 0., 0.,
       0., 0., 0., 0., 0. ]
