%YAML:1.0
---
pose_0: !!opencv-matrix
   rows: 1
   cols: 25
   dt: "3f"
   data: [ 5.59715942e+02, 5.30429443e+02, 8.12246799e-01,
       6.47978516e+02, 5.92042908e+02, 5.94408154e-01, 6.21476929e+02,
       6.42093262e+02, 6.47019863e-01, 0., 0., 0., 0., 0., 0.,
       6.71586121e+02, 5.39100952e+02, 4.30054843e-01, 8.27505310e+02,
       4.62583252e+02, 7.38018632e-01, 6.92134827e+02, 5.77387329e+02,
       3.21443975e-01, 1.03946973e+03, 5.77338623e+02, 5.11790156e-01,
       1.03062585e+03, 6.36270386e+02, 5.25424361e-01, 1.26314856e+03,
       6.62753235e+02, 2.35254690e-01, 0., 0., 0., 1.03949084e+03,
       5.12603333e+02, 4.90509421e-01, 1.28080042e+03, 5.09747101e+02,
       3.41678321e-01, 1.47510840e+03, 4.56622437e+02, 4.60053265e-01,
       5.44933655e+02, 5.53785950e+02, 7.87391245e-01, 5.50874207e+02,
       5.24290527e+02, 7.45902121e-01, 5.53789673e+02, 6.00880981e+02,
       5.49460530e-01, 5.77477966e+02, 5.03774445e+02, 8.27913582e-02,
       1.51629126e+03, 5.09689117e+02, 1.12240903e-01, 1.51933655e+03,
       5.00841583e+02, 7.87345096e-02, 1.50156702e+03, 4.36144440e+02,
       2.22429276e-01, 0., 0., 0., 0., 0., 0., 0., 0., 0. ]
