%YAML:1.0
---
pose_0: !!opencv-matrix
   rows: 1
   cols: 25
   dt: "3f"
   data: [ 7.62669556e+02, 5.74425842e+02, 9.11600828e-01,
       8.59883789e+02, 5.53948853e+02, 7.47715712e-01, 8.56949768e+02,
       6.18584106e+02, 6.42464399e-01, 9.89401794e+02, 6.74497559e+02,
       4.22190934e-01, 1.15133606e+03, 7.36341980e+02, 4.67294693e-01,
       8.68712036e+02, 4.86213806e+02, 6.47333145e-01, 1.00130304e+03,
       4.47896790e+02, 6.96902394e-01, 1.13659314e+03, 4.00789246e+02,
       7.77670264e-01, 1.11308691e+03, 5.98026611e+02, 6.13947749e-01,
       1.10423242e+03, 6.47969849e+02, 5.95763266e-01, 1.30433582e+03,
       6.48117920e+02, 6.45159125e-01, 1.55156494e+03, 6.65729004e+02,
       6.10904336e-01, 1.11603687e+03, 5.47949219e+02, 6.02183223e-01,
       1.33079883e+03, 5.27445068e+02, 7.36117601e-01, 1.52808728e+03,
       4.56701752e+02, 5.71965158e-01, 7.42235168e+02, 5.83269104e+02,
       8.57717514e-01, 7.50980713e+02, 5.51016113e+02, 8.59775543e-01,
       7.62706726e+02, 6.00994934e+02, 2.12271437e-01, 7.68772034e+02,
       5.27213623e+02, 6.48187757e-01, 1.62814844e+03, 4.30201508e+02,
       3.54859948e-01, 1.62222229e+03, 4.24310120e+02, 3.74211013e-01,
       1.53983521e+03, 4.36089783e+02, 1.60541937e-01, 1.63104480e+03,
       6.59775391e+02, 3.67258161e-01, 1.61931653e+03, 6.74477844e+02,
       3.82725447e-01, 1.57516809e+03, 6.53934021e+02, 2.97015131e-01 ]
