%YAML:1.0
---
pose_0: !!opencv-matrix
   rows: 2
   cols: 25
   dt: "3f"
   data: [ 0., 0., 0., 0., 0., 0., 8.12823181e+02, 5.74514771e+02,
       5.92963576e-01, 9.48263489e+02, 6.48054138e+02, 6.79572821e-01,
       1.08950256e+03, 7.36196777e+02, 8.18611383e-01, 0., 0., 0., 0.,
       0., 0., 0., 0., 0., 0., 0., 0., 0., 0., 0., 0., 0., 0., 0., 0.,
       0., 0., 0., 0., 0., 0., 0., 0., 0., 0., 0., 0., 0., 0., 0., 0.,
       0., 0., 0., 0., 0., 0., 0., 0., 0., 0., 0., 0., 0., 0., 0., 0.,
       0., 0., 0., 0., 0., 0., 0., 0., 6.74520386e+02, 4.09727570e+02,
       8.66930366e-01, 7.92223999e+02, 4.59699371e+02, 6.07458055e-01,
       7.15672180e+02, 4.83318359e+02, 9.55843404e-02, 6.24590027e+02,
       4.62678284e+02, 2.71391749e-01, 6.24378479e+02, 4.12612518e+02,
       1.94896325e-01, 8.15765198e+02, 3.68381622e+02, 6.41988218e-01,
       9.57018982e+02, 3.12381958e+02, 7.37705588e-01, 1.07478967e+03,
       2.21154358e+02, 7.90103793e-01, 1.09835278e+03, 4.33087250e+02,
       4.18528378e-01, 1.09836743e+03, 4.86218811e+02, 4.17253077e-01,
       1.36026660e+03, 5.09696259e+02, 5.93648076e-01, 1.61931335e+03,
       5.30400024e+02, 5.75995624e-01, 1.08945215e+03, 3.68440125e+02,
       4.59139436e-01, 1.34853955e+03, 2.62472504e+02, 2.28671432e-01,
       1.58985925e+03, 1.47588440e+02, 3.41047466e-01, 6.53877441e+02,
       4.24350586e+02, 7.96750069e-01, 6.68703796e+02, 3.89035522e+02,
       8.44397962e-01, 6.68585876e+02, 4.59621246e+02, 5.72914720e-01,
       6.95047974e+02, 3.71374878e+02, 2.15898082e-01, 1.68401526e+03,
       1.12312080e+02, 2.42995322e-01, 1.68399585e+03, 1.06563942e+02,
       2.19910651e-01, 0., 0., 0., 1.72525415e+03, 5.30324280e+02,
       4.87497836e-01, 1.70461438e+03, 5.47960754e+02, 4.24476713e-01,
       1.63392371e+03, 5.27398315e+02, 3.94474447e-01 ]
