%YAML:1.0
---
pose_0: !!opencv-matrix
   rows: 1
   cols: 25
   dt: "3f"
   data: [ 7.27540100e+02, 4.89122650e+02, 6.60406470e-01,
       7.92290649e+02, 4.27299286e+02, 4.40164506e-01, 7.89246216e+02,
       4.36075134e+02, 2.90722519e-01, 9.21751282e+02, 4.92005127e+02,
       5.61283939e-02, 0., 0., 0., 8.01112793e+02, 4.18467804e+02,
       6.83768213e-01, 9.39388672e+02, 4.83259766e+02, 8.10896754e-01,
       8.12828613e+02, 5.36228394e+02, 8.09671342e-01, 1.09831311e+03,
       4.12517395e+02, 3.77799094e-01, 1.08950513e+03, 4.15476105e+02,
       2.20368475e-01, 1.21318408e+03, 3.89118011e+02, 6.75353259e-02,
       0., 0., 0., 1.10130518e+03, 4.12527100e+02, 3.13029021e-01,
       1.33093420e+03, 4.77334961e+02, 5.31009316e-01, 1.62514111e+03,
       4.09523529e+02, 3.01142216e-01, 7.15705750e+02, 4.86121735e+02,
       9.00325775e-02, 7.15809937e+02, 4.80117340e+02, 7.16848791e-01,
       0., 0., 0., 7.21677795e+02, 4.36069733e+02, 6.29534364e-01,
       1.68997339e+03, 3.65464691e+02, 2.03450769e-01, 1.69874500e+03,
       3.65387604e+02, 1.72368914e-01, 1.67222913e+03, 4.09598938e+02,
       1.09487474e-01, 0., 0., 0., 0., 0., 0., 0., 0., 0. ]
