%YAML:1.0
---
pose_0: !!opencv-matrix
   rows: 1
   cols: 25
   dt: "3f"
   data: [ 7.42227722e+02, 5.77502625e+02, 8.85662854e-01,
       8.33548218e+02, 5.80359192e+02, 7.62001932e-01, 8.30462341e+02,
       6.44935059e+02, 6.69466615e-01, 9.45295837e+02, 6.71449585e+02,
       4.25518781e-01, 9.74787842e+02, 6.95036255e+02, 6.07844830e-01,
       8.53938599e+02, 5.09776520e+02, 6.89873099e-01, 9.74771545e+02,
       4.77333740e+02, 8.08379769e-01, 1.05423059e+03, 4.39160706e+02,
       7.97176242e-01, 1.11298169e+03, 5.94979858e+02, 5.98093152e-01,
       1.11008484e+03, 6.36257263e+02, 5.94053328e-01, 1.30728528e+03,
       6.45093506e+02, 7.14175642e-01, 1.50452307e+03, 6.45059082e+02,
       5.01683593e-01, 1.11304553e+03, 5.45003662e+02, 5.94546974e-01,
       1.30721814e+03, 5.39100708e+02, 7.32503474e-01, 1.52511841e+03,
       4.86118988e+02, 5.30431569e-01, 7.30425598e+02, 5.97848877e+02,
       7.95690536e-01, 7.36314392e+02, 5.59716675e+02, 8.17500412e-01,
       7.45210632e+02, 6.21488098e+02, 5.42966783e-01, 7.62728455e+02,
       5.39065125e+02, 6.16677463e-01, 1.61049805e+03, 4.83216827e+02,
       3.59362930e-01, 1.60747778e+03, 4.74347809e+02, 3.77613932e-01,
       1.56335144e+03, 4.65555511e+02, 1.69245809e-01, 1.57803442e+03,
       6.77418152e+02, 1.79687157e-01, 1.57512305e+03, 6.71665833e+02,
       2.09940374e-01, 1.54277905e+03, 6.30381226e+02, 3.25979710e-01 ]
