%YAML:1.0
---
pose_0: !!opencv-matrix
   rows: 1
   cols: 25
   dt: "3f"
   data: [ 7.03921143e+02, 4.59631714e+02, 6.99217260e-01,
       7.89413879e+02, 5.06776031e+02, 7.08503842e-01, 7.89259155e+02,
       5.47930481e+02, 8.05287302e-01, 8.95294495e+02, 6.42159485e+02,
       8.15676272e-01, 9.68822021e+02, 5.30219116e+02, 8.09321821e-01,
       7.89276184e+02, 4.71462494e+02, 4.69122350e-01, 8.74673706e+02,
       4.83105713e+02, 8.89365524e-02, 0., 0., 0., 1.07179773e+03,
       5.68521423e+02, 4.58201975e-01, 1.04825256e+03, 5.97913574e+02,
       3.88148516e-01, 1.31317322e+03, 5.30284607e+02, 7.70561755e-01,
       1.56334570e+03, 6.74464722e+02, 5.40640652e-01, 1.08362354e+03,
       5.33314697e+02, 3.57868850e-01, 1.33967029e+03, 5.27327271e+02,
       2.73820043e-01, 1.54867236e+03, 6.09786438e+02, 5.30430973e-01,
       6.92193115e+02, 4.74339111e+02, 8.04504871e-01, 6.92095337e+02,
       4.50845612e+02, 9.97905433e-02, 7.03906921e+02, 5.03696442e+02,
       7.12817252e-01, 0., 0., 0., 1.61345752e+03, 5.53913330e+02,
       3.95208001e-01, 1.61043347e+03, 5.59685730e+02, 3.83046865e-01,
       1.57223975e+03, 6.18593933e+02, 2.25867599e-01, 1.63985645e+03,
       6.77436340e+02, 2.91350871e-01, 1.62522620e+03, 6.95076721e+02,
       2.78395057e-01, 1.58986963e+03, 7.06879272e+02, 3.06920499e-01 ]
