%YAML:1.0
---
pose_0: !!opencv-matrix
   rows: 2
   cols: 25
   dt: "3f"
   data: [ 0., 0., 0., 7.80440491e+02, 5.53856567e+02, 2.17599601e-01,
       7.24573181e+02, 5.92101135e+02, 1.36244923e-01, 6.47958069e+02,
       4.97881134e+02, 3.01297873e-01, 9.77628662e+02, 3.91946838e+02,
       1.49027005e-01, 8.21667236e+02, 5.24389832e+02, 7.12210685e-02,
       0., 0., 0., 0., 0., 0., 1.08951050e+03, 7.12687378e+02,
       3.83948356e-01, 1.06596912e+03, 7.68694031e+02, 3.56530011e-01,
       1.23670349e+03, 8.53999512e+02, 1.09191634e-01, 0., 0., 0.,
       1.11012805e+03, 6.44993835e+02, 3.34701329e-01, 1.36913904e+03,
       7.39254761e+02, 4.09389734e-01, 1.78709045e+03, 7.21642456e+02,
       2.65353620e-01, 0., 0., 0., 0., 0., 0., 0., 0., 0., 0., 0., 0.,
       1.85181763e+03, 6.65652588e+02, 1.68908805e-01, 1.85180139e+03,
       6.68528076e+02, 1.61733657e-01, 1.80471863e+03, 7.53939453e+02,
       1.77151248e-01, 0., 0., 0., 0., 0., 0., 0., 0., 0., 0., 0., 0.,
       0., 0., 0., 0., 0., 0., 0., 0., 0., 0., 0., 0., 7.18689331e+02,
       5.86241211e+02, 7.38931894e-02, 6.33331909e+02, 4.89078735e+02,
       3.66247505e-01, 8.42276917e+02, 4.21385559e+02, 2.19617814e-01,
       0., 0., 0., 0., 0., 0., 0., 0., 0., 0., 0., 0., 0., 0., 0., 0.,
       0., 0., 0., 0., 0., 0., 0., 0., 0., 0., 0., 0., 0., 0., 0., 0.,
       0., 0., 0., 0., 0., 0., 0., 0., 0., 0., 0., 0., 0., 0., 0., 0.,
       0., 0., 0. ]
