%YAML:1.0
---
pose_0: !!opencv-matrix
   rows: 1
   cols: 25
   dt: "3f"
   data: [ 7.39159607e+02, 4.27226471e+02, 8.52496207e-01,
       8.59886047e+02, 4.36221222e+02, 7.52748430e-01, 8.71742188e+02,
       5.27322083e+02, 6.92858577e-01, 1.00122540e+03, 5.74481628e+02,
       8.76465440e-01, 1.08072876e+03, 6.27432007e+02, 8.16583991e-01,
       8.56866272e+02, 3.56625092e+02, 6.76889896e-01, 9.98178589e+02,
       3.03605194e+02, 8.22592795e-01, 1.07188403e+03, 3.94879791e+02,
       8.42527330e-01, 1.13652673e+03, 4.41985382e+02, 5.74246407e-01,
       1.12774426e+03, 4.89137390e+02, 6.02985382e-01, 1.33376941e+03,
       5.36242798e+02, 7.71325409e-01, 1.54569250e+03, 5.89174988e+02,
       5.99252880e-01, 1.13659583e+03, 3.89109222e+02, 5.89032948e-01,
       1.33084973e+03, 3.65368958e+02, 4.64292228e-01, 1.56333838e+03,
       3.18460815e+02, 6.45681202e-01, 7.21610962e+02, 4.39059174e+02,
       8.24212253e-01, 7.27451904e+02, 4.09619232e+02, 8.65548372e-01,
       7.42275269e+02, 4.59790771e+02, 5.27501345e-01, 7.51027222e+02,
       3.86114014e+02, 5.21174312e-01, 1.63995923e+03, 2.74287079e+02,
       2.79392302e-01, 1.63694373e+03, 2.77162323e+02, 2.84138292e-01,
       1.58394775e+03, 3.06632263e+02, 2.52250254e-01, 1.61333691e+03,
       5.89130066e+02, 5.17319024e-01, 1.60460840e+03, 5.98057983e+02,
       5.00717044e-01, 1.56641602e+03, 5.83291321e+02, 3.09752703e-01 ]
