%YAML:1.0
---
pose_0: !!opencv-matrix
   rows: 1
   cols: 25
   dt: "3f"
   data: [ 6.68574097e+02, 5.06622406e+02, 8.78971457e-01,
       8.01065796e+02, 4.83089386e+02, 7.38811195e-01, 8.09827759e+02,
       5.74473328e+02, 7.02702701e-01, 9.09933716e+02, 6.95138916e+02,
       8.63334417e-01, 8.33411682e+02, 6.74530396e+02, 7.27091074e-01,
       8.09898926e+02, 3.91987396e+02, 6.70787871e-01, 9.71668518e+02,
       3.44901581e+02, 7.73044884e-01, 1.07177368e+03, 3.53689056e+02,
       8.03289831e-01, 1.08066333e+03, 5.27290527e+02, 5.45030236e-01,
       1.07185913e+03, 5.77333801e+02, 5.62015414e-01, 1.26316821e+03,
       5.86164368e+02, 2.86132246e-01, 1.52214258e+03, 5.77375122e+02,
       2.47951075e-01, 1.08652466e+03, 4.59756104e+02, 5.08715808e-01,
       1.28667737e+03, 4.80248352e+02, 4.82905090e-01, 1.59281958e+03,
       4.86194702e+02, 1.82459146e-01, 6.50933655e+02, 5.24416748e+02,
       7.98575282e-01, 6.50964661e+02, 4.83182129e+02, 8.37128341e-01,
       6.71710876e+02, 5.33334900e+02, 1.58721790e-01, 6.71665100e+02,
       4.50738220e+02, 5.90305448e-01, 1.73106042e+03, 4.80304199e+02,
       1.24258868e-01, 1.73112708e+03, 4.71436401e+02, 1.20389886e-01,
       1.60752454e+03, 4.94966309e+02, 1.44174531e-01, 0., 0., 0., 0.,
       0., 0., 0., 0., 0. ]
