%YAML:1.0
---
pose_0: !!opencv-matrix
   rows: 1
   cols: 25
   dt: "3f"
   data: [ 5.95039307e+02, 4.56830963e+02, 8.42840612e-01,
       7.45115112e+02, 5.03888611e+02, 5.95966339e-01, 7.62853394e+02,
       6.24507080e+02, 5.45678616e-01, 9.21743530e+02, 6.71590393e+02,
       5.79858661e-01, 1.08650867e+03, 7.27515198e+02, 7.60800183e-01,
       7.45154968e+02, 4.00755920e+02, 4.46506470e-01, 9.30569519e+02,
       3.36063019e+02, 5.96360803e-01, 1.11603394e+03, 2.50624542e+02,
       5.73397815e-01, 1.08067896e+03, 4.91990906e+02, 3.77669841e-01,
       1.07479968e+03, 5.50934509e+02, 3.93544495e-01, 1.35733704e+03,
       5.56857666e+02, 4.03822005e-01, 1.51626282e+03, 5.80303833e+02,
       5.58706485e-02, 1.07477563e+03, 4.30131378e+02, 3.81664664e-01,
       1.22780774e+03, 3.80134521e+02, 2.30209947e-01, 0., 0., 0.,
       5.74398987e+02, 4.83083344e+02, 8.46678317e-01, 5.80313965e+02,
       4.36081696e+02, 8.32723498e-01, 5.97991272e+02, 5.39101868e+02,
       3.75435263e-01, 6.15608032e+02, 4.09672089e+02, 3.94582987e-01,
       0., 0., 0., 0., 0., 0., 0., 0., 0., 0., 0., 0., 0., 0., 0., 0.,
       0., 0. ]
