%YAML:1.0
---
pose_0: !!opencv-matrix
   rows: 1
   cols: 25
   dt: "3f"
   data: [ 7.68712524e+02, 4.35978851e+02, 8.62124205e-01,
       8.83456177e+02, 4.36089813e+02, 7.50357449e-01, 8.83361694e+02,
       5.12651611e+02, 7.34403729e-01, 1.00413177e+03, 5.50815674e+02,
       7.67738163e-01, 1.11593640e+03, 5.47883423e+02, 7.51985550e-01,
       8.86381042e+02, 3.65404816e+02, 5.94228387e-01, 1.02467676e+03,
       3.24273773e+02, 7.44070590e-01, 1.09531299e+03, 2.94828278e+02,
       8.72139215e-01, 1.13660217e+03, 4.50812317e+02, 5.93164146e-01,
       1.12485645e+03, 4.89125214e+02, 6.08287692e-01, 1.32491956e+03,
       5.53966675e+02, 7.82782614e-01, 1.49262598e+03, 6.15595825e+02,
       6.83201969e-01, 1.13958875e+03, 4.03755096e+02, 5.78947961e-01,
       1.33676965e+03, 4.15564484e+02, 5.82219422e-01, 1.53392310e+03,
       4.18487427e+02, 6.51801884e-01, 7.59802429e+02, 4.50789368e+02,
       7.61307001e-01, 7.59856628e+02, 4.15459656e+02, 8.29586387e-01,
       7.71694824e+02, 4.68461578e+02, 3.27813327e-01, 7.80461609e+02,
       3.89026001e+02, 6.35926008e-01, 1.61344067e+03, 4.09622742e+02,
       3.95112842e-01, 1.61046704e+03, 4.03727203e+02, 4.05439645e-01,
       1.55457581e+03, 4.15484894e+02, 2.99260616e-01, 1.48974561e+03,
       6.68649902e+02, 3.72664601e-01, 1.48100281e+03, 6.65731140e+02,
       4.03039455e-01, 1.51337732e+03, 6.01015320e+02, 4.54050899e-01 ]
