%YAML:1.0
---
pose_0: !!opencv-matrix
   rows: 1
   cols: 25
   dt: "3f"
   data: [ 6.98151855e+02, 4.59752747e+02, 7.99830198e-01,
       7.89321838e+02, 4.36152191e+02, 6.14377260e-01, 7.77543274e+02,
       5.00791229e+02, 4.21612054e-01, 8.59875427e+02, 5.30251038e+02,
       1.66967988e-01, 9.54131897e+02, 5.44981934e+02, 5.76989800e-02,
       7.95220825e+02, 3.74260620e+02, 6.39043570e-01, 9.01053711e+02,
       3.21418640e+02, 7.93248534e-01, 1.00110828e+03, 2.92005188e+02,
       8.61387730e-01, 1.09250598e+03, 4.74341217e+02, 5.46711326e-01,
       1.08363940e+03, 5.24378723e+02, 5.59049129e-01, 1.30726563e+03,
       5.68482178e+02, 6.30791664e-01, 1.58104675e+03, 6.21577698e+02,
       6.26252413e-01, 1.09835791e+03, 4.15498688e+02, 4.89372045e-01,
       1.33087109e+03, 4.33056061e+02, 5.48548222e-01, 1.58984058e+03,
       4.42055359e+02, 5.66531241e-01, 6.89227539e+02, 4.77319489e+02,
       7.24616170e-01, 6.89205444e+02, 4.42040100e+02, 7.35979199e-01,
       7.00956909e+02, 4.89096283e+02, 8.96878093e-02, 6.95234863e+02,
       4.09682556e+02, 6.03724778e-01, 1.67524744e+03, 4.47848724e+02,
       4.13317680e-01, 1.66928845e+03, 4.36129669e+02, 4.29014832e-01,
       1.60750000e+03, 4.39049774e+02, 2.36480996e-01, 1.63688440e+03,
       5.74334412e+02, 5.13764918e-01, 1.62807874e+03, 5.83291504e+02,
       4.02267754e-01, 1.61043555e+03, 6.27471069e+02, 3.41319203e-01 ]
