%YAML:1.0
---
pose_0: !!opencv-matrix
   rows: 1
   cols: 25
   dt: "3f"
   data: [ 7.21581604e+02, 3.41868256e+02, 7.66608298e-01,
       8.33359070e+02, 3.56674988e+02, 6.18427575e-01, 8.12790161e+02,
       4.09615784e+02, 5.59536099e-01, 7.09781677e+02, 4.00750488e+02,
       7.25603580e-01, 6.47976318e+02, 3.09483398e+02, 7.38680482e-01,
       8.45201233e+02, 2.91954712e+02, 5.07656753e-01, 8.56961792e+02,
       3.12466278e+02, 4.52551544e-01, 8.54075500e+02, 3.91967712e+02,
       2.83906758e-01, 1.11894971e+03, 3.59601166e+02, 5.33028364e-01,
       1.11893787e+03, 4.09573303e+02, 5.32639742e-01, 1.33383691e+03,
       4.30153961e+02, 5.78778565e-01, 1.53984229e+03, 4.50808502e+02,
       6.34146571e-01, 1.11897253e+03, 3.03671021e+02, 4.86332268e-01,
       1.30731958e+03, 2.94750488e+02, 5.12236714e-01, 1.56923669e+03,
       2.88925995e+02, 5.28173923e-01, 7.12757019e+02, 3.41955017e+02,
       4.79693055e-01, 7.21562683e+02, 3.21292816e+02, 7.23110080e-01,
       7.39171875e+02, 3.65606140e+02, 1.37899563e-01, 7.62865784e+02,
       2.94944305e+02, 3.97978753e-01, 1.63986401e+03, 2.74203918e+02,
       4.85574245e-01, 1.63685913e+03, 2.68373627e+02, 5.38988352e-01,
       1.61046582e+03, 2.97814362e+02, 2.35740021e-01, 1.61034167e+03,
       4.62654175e+02, 4.70853448e-01, 1.59573511e+03, 4.77217468e+02,
       4.26281393e-01, 1.56628625e+03, 4.33166107e+02, 4.19566572e-01 ]
