%YAML:1.0
---
pose_0: !!opencv-matrix
   rows: 1
   cols: 25
   dt: "3f"
   data: [ 7.56897827e+02, 5.03839203e+02, 8.01624537e-01,
       8.68759644e+02, 4.56720825e+02, 6.36046410e-01, 8.56989502e+02,
       4.83225952e+02, 5.34380615e-01, 1.03064551e+03, 5.03717377e+02,
       5.79956353e-01, 1.11594263e+03, 5.80411438e+02, 7.48181224e-01,
       8.80620728e+02, 4.33089294e+02, 6.08699322e-01, 9.80672058e+02,
       4.03690552e+02, 6.17275774e-01, 1.11608423e+03, 4.06649567e+02,
       7.36477196e-01, 1.13652319e+03, 4.33147919e+02, 4.40507144e-01,
       1.12189246e+03, 4.47846252e+02, 3.59705925e-01, 1.33094421e+03,
       4.80349243e+02, 5.56037664e-01, 1.56042615e+03, 4.06630615e+02,
       4.24741745e-01, 1.13950537e+03, 4.27259247e+02, 3.56471777e-01,
       1.33674353e+03, 4.94920105e+02, 5.92191637e-01, 1.61038745e+03,
       4.09639587e+02, 4.79066819e-01, 0., 0., 0., 7.45166870e+02,
       4.83198822e+02, 8.14912915e-01, 0., 0., 0., 7.80447449e+02,
       4.47838348e+02, 6.31730735e-01, 1.66340454e+03, 4.80174316e+02,
       9.91175920e-02, 1.66635791e+03, 4.68490784e+02, 6.93277493e-02,
       1.63106030e+03, 3.88948242e+02, 2.81312257e-01, 0., 0., 0., 0.,
       0., 0., 1.57512231e+03, 3.65458801e+02, 2.15690747e-01 ]
