%YAML:1.0
---
pose_0: !!opencv-matrix
   rows: 1
   cols: 25
   dt: "3f"
   data: [ 7.42094055e+02, 5.06806732e+02, 8.94541919e-01,
       8.59880737e+02, 5.27437805e+02, 7.93278158e-01, 8.56857910e+02,
       6.01053040e+02, 7.34805942e-01, 9.71692139e+02, 6.44990173e+02,
       8.06997657e-01, 1.08943042e+03, 6.92246887e+02, 8.60074639e-01,
       8.71651123e+02, 4.56735840e+02, 7.06599116e-01, 1.01589526e+03,
       4.33265594e+02, 6.73350990e-01, 1.11898132e+03, 4.15524689e+02,
       5.17984688e-01, 1.11607544e+03, 5.30276611e+02, 6.24332070e-01,
       1.11305872e+03, 5.77313232e+02, 6.24738812e-01, 1.32201404e+03,
       5.59765808e+02, 6.93608284e-01, 1.53984717e+03, 5.59718811e+02,
       6.18570745e-01, 1.11889270e+03, 4.80236664e+02, 6.52190685e-01,
       1.31027991e+03, 4.80112335e+02, 5.71411490e-01, 1.54281091e+03,
       4.62664642e+02, 5.59399545e-01, 7.24506531e+02, 5.27241577e+02,
       8.20205688e-01, 7.36218384e+02, 4.86225647e+02, 8.25960338e-01,
       7.42086548e+02, 5.53749084e+02, 6.66636825e-01, 7.62682373e+02,
       4.68431000e+02, 6.85654461e-01, 1.61933716e+03, 4.47893463e+02,
       4.76694047e-01, 1.61348193e+03, 4.39068878e+02, 5.49813211e-01,
       1.56630383e+03, 4.83200562e+02, 3.38034034e-01, 1.61041187e+03,
       5.53818115e+02, 2.65555948e-01, 1.60744153e+03, 5.74398132e+02,
       2.51478851e-01, 1.56633679e+03, 5.47947327e+02, 3.56968910e-01 ]
