%YAML:1.0
---
pose_0: !!opencv-matrix
   rows: 2
   cols: 25
   dt: "3f"
   data: [ 7.65658875e+02, 5.33334717e+02, 7.54561663e-01,
       8.59982239e+02, 4.74343231e+02, 6.03821099e-01, 8.45198242e+02,
       4.86112976e+02, 3.85731399e-01, 0., 0., 0., 0., 0., 0.,
       8.77616028e+02, 4.59736603e+02, 7.21548796e-01, 1.01877429e+03,
       4.65572784e+02, 7.76677668e-01, 1.12186719e+03, 5.59734985e+02,
       6.00444198e-01, 1.13952991e+03, 4.33157349e+02, 2.85669476e-01,
       1.11599133e+03, 4.77305634e+02, 1.65705562e-01, 0., 0., 0., 0.,
       0., 0., 1.13365906e+03, 4.18494080e+02, 3.28788906e-01,
       1.36907910e+03, 5.47885376e+02, 6.94994569e-01, 1.61927002e+03,
       4.30194275e+02, 5.21731913e-01, 7.59893250e+02, 5.30246399e+02,
       6.55517727e-02, 7.62652832e+02, 5.21417725e+02, 7.14297116e-01,
       0., 0., 0., 7.80484192e+02, 4.80334259e+02, 6.91911221e-01,
       1.66640479e+03, 5.06677826e+02, 1.31395966e-01, 1.67521948e+03,
       4.97931519e+02, 9.25712213e-02, 1.65167493e+03, 4.06684479e+02,
       2.43588448e-01, 0., 0., 0., 0., 0., 0., 0., 0., 0., 0., 0., 0.,
       0., 0., 0., 0., 0., 0., 0., 0., 0., 0., 0., 0., 0., 0., 0., 0.,
       0., 0., 0., 0., 0., 0., 0., 0., 1.16899036e+03, 3.88977631e+02,
       1.80965215e-01, 1.36914124e+03, 5.24435852e+02, 4.77768779e-01,
       1.58103467e+03, 4.36069489e+02, 2.24430010e-01, 0., 0., 0., 0.,
       0., 0., 0., 0., 0., 0., 0., 0., 0., 0., 0., 0., 0., 0., 0., 0.,
       0., 0., 0., 0., 0., 0., 0., 0., 0., 0., 0., 0., 0., 0., 0., 0.,
       0., 0., 0. ]
