%YAML:1.0
---
pose_0: !!opencv-matrix
   rows: 1
   cols: 25
   dt: "3f"
   data: [ 6.77446167e+02, 5.30389648e+02, 8.35346758e-01,
       8.09762817e+02, 5.65559875e+02, 6.65358305e-01, 8.12824463e+02,
       6.48132813e+02, 6.40005887e-01, 9.74746521e+02, 6.95128113e+02,
       7.14663386e-01, 1.09832800e+03, 7.18713501e+02, 7.09234476e-01,
       8.15790955e+02, 4.83163696e+02, 5.86840749e-01, 9.77614746e+02,
       4.47829803e+02, 7.06998050e-01, 1.13366565e+03, 4.33081757e+02,
       7.36056924e-01, 1.09531116e+03, 5.71501038e+02, 6.28577650e-01,
       1.08658130e+03, 6.21555786e+02, 6.00067079e-01, 1.31315540e+03,
       6.24551147e+02, 7.42077589e-01, 1.56340161e+03, 6.50983093e+02,
       6.30569160e-01, 1.09839160e+03, 5.15532715e+02, 5.52746415e-01,
       1.35138354e+03, 4.83289886e+02, 5.18061757e-01, 1.59277661e+03,
       4.62574829e+02, 5.63361585e-01, 6.68640381e+02, 5.53771240e+02,
       7.95515001e-01, 6.68716797e+02, 5.21492371e+02, 8.06350052e-01,
       6.83352722e+02, 5.77519287e+02, 6.18973732e-01, 6.95157166e+02,
       5.03775665e+02, 4.65742052e-01, 1.68701611e+03, 4.39112244e+02,
       2.73707956e-01, 1.68111023e+03, 4.36049713e+02, 2.62483209e-01,
       1.61336865e+03, 4.56746552e+02, 3.03298920e-01, 1.65743530e+03,
       6.39138123e+02, 6.21269882e-01, 1.63997156e+03, 6.50950134e+02,
       5.49915135e-01, 1.57807861e+03, 6.56887939e+02, 3.38163286e-01 ]
