%YAML:1.0
---
pose_0: !!opencv-matrix
   rows: 1
   cols: 25
   dt: "3f"
   data: [ 6.47945618e+02, 5.03804535e+02, 8.49270642e-01,
       7.89335327e+02, 5.06754639e+02, 7.34956264e-01, 7.77498230e+02,
       5.97943665e+02, 6.42684937e-01, 9.33573853e+02, 6.74539917e+02,
       6.80274725e-01, 1.04820154e+03, 7.33397949e+02, 8.28281283e-01,
       8.06923401e+02, 4.15586670e+02, 5.30575514e-01, 9.71685242e+02,
       4.09633575e+02, 6.94546163e-01, 1.10419214e+03, 4.12498505e+02,
       4.03793335e-01, 1.08357581e+03, 5.42052429e+02, 5.08026123e-01,
       1.06891614e+03, 5.98011414e+02, 5.01359105e-01, 1.29549756e+03,
       6.12666504e+02, 4.67642367e-01, 1.61046411e+03, 6.30345398e+02,
       5.43412924e-01, 1.09241370e+03, 4.80206116e+02, 5.06034493e-01,
       1.32786011e+03, 4.74338531e+02, 5.21736145e-01, 1.55454468e+03,
       5.03820099e+02, 4.95580226e-01, 6.27510193e+02, 5.21393005e+02,
       7.19587624e-01, 6.30349854e+02, 4.80313965e+02, 7.90494204e-01,
       6.47912292e+02, 5.45020569e+02, 3.91619444e-01, 6.68522644e+02,
       4.53712219e+02, 5.50285101e-01, 1.64872754e+03, 4.62644379e+02,
       4.11175877e-01, 1.64286230e+03, 4.59733154e+02, 4.61643308e-01,
       1.57514282e+03, 5.18486328e+02, 2.41262317e-01, 1.70458142e+03,
       6.24474426e+02, 4.03863966e-01, 1.68703589e+03, 6.42092224e+02,
       3.32050830e-01, 1.61932520e+03, 6.27423157e+02, 2.64572710e-01 ]
