%YAML:1.0
---
pose_0: !!opencv-matrix
   rows: 1
   cols: 25
   dt: "3f"
   data: [ 7.09791077e+02, 5.27289978e+02, 8.14470172e-01,
       8.39301025e+02, 4.71469971e+02, 7.22993135e-01, 8.39351440e+02,
       5.50972595e+02, 7.51195550e-01, 9.59945557e+02, 6.21476196e+02,
       8.38353992e-01, 1.03943762e+03, 6.83370117e+02, 7.71630168e-01,
       8.39374512e+02, 3.91940948e+02, 6.49860203e-01, 9.95326965e+02,
       3.39102448e+02, 7.54403830e-01, 1.12478149e+03, 2.97718201e+02,
       7.64319241e-01, 1.09840710e+03, 5.15539856e+02, 6.34801090e-01,
       1.09246582e+03, 5.56793335e+02, 6.30841970e-01, 1.28072156e+03,
       5.53957153e+02, 5.06043315e-01, 1.51328455e+03, 5.39098755e+02,
       2.53557652e-01, 1.11592920e+03, 4.62633606e+02, 6.14597619e-01,
       1.27198926e+03, 5.03813934e+02, 5.73687792e-01, 1.58988147e+03,
       5.09656250e+02, 4.95335549e-01, 6.92190552e+02, 5.24404297e+02,
       1.10031329e-01, 6.95102112e+02, 5.03897003e+02, 8.25076342e-01,
       0., 0., 0., 7.18543945e+02, 4.56761078e+02, 6.62312865e-01,
       1.70756921e+03, 5.12645813e+02, 3.44353914e-01, 1.70749817e+03,
       5.03878784e+02, 3.47734690e-01, 1.66343689e+03, 5.12611023e+02,
       1.36900350e-01, 0., 0., 0., 0., 0., 0., 0., 0., 0. ]
