%YAML:1.0
---
pose_0: !!opencv-matrix
   rows: 1
   cols: 25
   dt: "3f"
   data: [ 7.62714722e+02, 4.62552399e+02, 2.60888845e-01,
       8.62916382e+02, 4.36043701e+02, 2.93507487e-01, 8.86427002e+02,
       4.86131775e+02, 1.73519462e-01, 9.98255432e+02, 5.33246033e+02,
       2.28844941e-01, 1.07185876e+03, 5.94979492e+02, 3.46821189e-01,
       8.12852478e+02, 3.89021332e+02, 2.01290503e-01, 6.95219604e+02,
       4.56588165e+02, 4.73457217e-01, 7.65686157e+02, 3.86115051e+02,
       5.54457456e-02, 1.11302222e+03, 4.59706207e+02, 5.32614112e-01,
       1.09840173e+03, 5.12634094e+02, 5.06313384e-01, 1.30731702e+03,
       6.06770386e+02, 7.13220477e-01, 1.50153784e+03, 6.59802551e+02,
       6.36492312e-01, 1.11605774e+03, 4.06699127e+02, 4.97650802e-01,
       1.19842444e+03, 3.68410828e+02, 1.85298890e-01, 0., 0., 0.,
       7.48051575e+02, 4.62558014e+02, 1.08237527e-01, 7.62863098e+02,
       4.53695801e+02, 1.74756929e-01, 0., 0., 0., 7.74582092e+02,
       4.12608826e+02, 8.73130113e-02, 0., 0., 0., 0., 0., 0., 0., 0.,
       0., 1.54578699e+03, 6.18554626e+02, 2.94885933e-01,
       1.54269946e+03, 6.33343994e+02, 2.60605156e-01, 1.52508325e+03,
       6.71558105e+02, 4.48111773e-01 ]
