%YAML:1.0
---
pose_0: !!opencv-matrix
   rows: 1
   cols: 25
   dt: "3f"
   data: [ 4.86164581e+02, 5.68517517e+02, 1.74584955e-01,
       6.18576416e+02, 5.50881775e+02, 3.97366673e-01, 6.45074280e+02,
       6.00996277e+02, 2.83555746e-01, 7.39302856e+02, 6.98133179e+02,
       7.43217945e-01, 5.47972534e+02, 6.24441956e+02, 6.96509302e-01,
       5.97978027e+02, 4.89114014e+02, 2.34500661e-01, 7.18739624e+02,
       3.92027222e+02, 7.23452985e-01, 5.06803894e+02, 4.59606628e+02,
       6.94493651e-01, 1.01002454e+03, 5.80287964e+02, 3.75873834e-01,
       1.00125262e+03, 6.45141541e+02, 4.39730614e-01, 1.28965002e+03,
       6.71488159e+02, 2.36820191e-01, 1.57809827e+03, 7.03954895e+02,
       2.01057449e-01, 1.01594196e+03, 5.06684174e+02, 3.49032313e-01,
       1.29257434e+03, 5.06773895e+02, 3.12990516e-01, 1.53688538e+03,
       5.21450195e+02, 6.25019595e-02, 4.62614838e+02, 5.77445007e+02,
       2.13205829e-01, 4.71398376e+02, 5.50819580e+02, 1.83793679e-01,
       0., 0., 0., 4.80297913e+02, 5.18501709e+02, 9.84763876e-02, 0.,
       0., 0., 0., 0., 0., 1.56332507e+03, 5.30301758e+02,
       6.74894676e-02, 0., 0., 0., 0., 0., 0., 1.61344202e+03,
       7.06899048e+02, 1.64376721e-01 ]
