%YAML:1.0
---
pose_0: !!opencv-matrix
   rows: 1
   cols: 25
   dt: "3f"
   data: [ 7.06927063e+02, 5.77266479e+02, 8.89074802e-01,
       8.33392212e+02, 5.83288940e+02, 6.46205664e-01, 8.36502075e+02,
       6.44966919e+02, 6.41126394e-01, 9.65836914e+02, 6.68657227e+02,
       6.69387162e-01, 1.06299048e+03, 7.24510315e+02, 7.52319753e-01,
       8.24563660e+02, 5.27239685e+02, 6.02504611e-01, 9.98339783e+02,
       4.80122864e+02, 7.31023788e-01, 1.15718164e+03, 4.53777405e+02,
       7.55332649e-01, 1.09542932e+03, 5.86191162e+02, 5.47824919e-01,
       1.09237158e+03, 6.36266785e+02, 5.49731672e-01, 1.29844971e+03,
       7.36287048e+02, 3.47414762e-01, 1.47511560e+03, 6.42127563e+02,
       2.35294059e-01, 1.10713843e+03, 5.33316711e+02, 5.20025313e-01,
       1.31028455e+03, 6.65651062e+02, 5.60329020e-01, 1.49274939e+03,
       6.47976746e+02, 3.26992214e-01, 6.92187805e+02, 5.89127075e+02,
       8.07626784e-01, 6.95218689e+02, 5.53905151e+02, 8.73161077e-01,
       7.09866943e+02, 6.03906555e+02, 2.52189487e-01, 7.21674561e+02,
       5.30374939e+02, 6.83439195e-01, 0., 0., 0., 0., 0., 0.,
       1.53394336e+03, 6.77430786e+02, 2.02309132e-01, 0., 0., 0., 0.,
       0., 0., 1.50743726e+03, 6.36224670e+02, 7.25659207e-02 ]
