%YAML:1.0
---
pose_0: !!opencv-matrix
   rows: 1
   cols: 25
   dt: "3f"
   data: [ 0., 0., 0., 7.65720276e+02, 5.36137085e+02, 4.88097638e-01,
       7.68675049e+02, 5.27290222e+02, 3.58400494e-01, 9.18744751e+02,
       5.09757935e+02, 7.16416299e-01, 9.06948059e+02, 3.89014099e+02,
       8.38925660e-01, 7.48091370e+02, 5.50888550e+02, 4.19031799e-01,
       9.15813721e+02, 5.12580139e+02, 2.18999729e-01, 9.65884827e+02,
       4.53692078e+02, 3.00825924e-01, 1.10424622e+03, 5.74394348e+02,
       4.65990722e-01, 1.09240833e+03, 6.00904541e+02, 3.85235220e-01,
       1.37792639e+03, 5.27378601e+02, 7.94867516e-01, 1.63986792e+03,
       7.15718201e+02, 3.98748696e-01, 1.11601965e+03, 5.42055969e+02,
       3.74098837e-01, 1.38094275e+03, 5.09778076e+02, 3.03554714e-01,
       1.54867529e+03, 5.95006287e+02, 2.54005045e-01, 0., 0., 0., 0.,
       0., 0., 7.09762024e+02, 5.06715027e+02, 6.92925900e-02,
       6.80433105e+02, 5.68535828e+02, 1.49758324e-01, 1.61052698e+03,
       5.09708344e+02, 1.91696152e-01, 1.60460693e+03, 5.12620483e+02,
       1.32393792e-01, 0., 0., 0., 1.68698962e+03, 7.36305969e+02,
       3.61987025e-01, 1.66932166e+03, 7.42268250e+02, 3.84102613e-01,
       1.65166858e+03, 7.36244507e+02, 2.39348143e-01 ]
