%YAML:1.0
---
pose_0: !!opencv-matrix
   rows: 1
   cols: 25
   dt: "3f"
   data: [ 7.12774170e+02, 4.42014496e+02, 8.21821928e-01,
       8.12840637e+02, 4.97946350e+02, 7.25785553e-01, 8.09996277e+02,
       5.83235474e+02, 7.18149662e-01, 8.98164124e+02, 6.68536499e+02,
       8.14582527e-01, 9.77656311e+02, 6.56852173e+02, 8.03232133e-01,
       8.27556091e+02, 4.24328094e+02, 6.46249652e-01, 9.95270691e+02,
       4.18403259e+02, 7.84618258e-01, 8.60036316e+02, 4.09659241e+02,
       8.37800145e-01, 1.11896924e+03, 4.83279083e+02, 5.55376649e-01,
       1.11601831e+03, 5.30366943e+02, 6.23128593e-01, 1.31031738e+03,
       5.53796814e+02, 6.00606322e-01, 1.58984473e+03, 5.97851746e+02,
       4.17121470e-01, 1.11898022e+03, 4.33164337e+02, 5.39214432e-01,
       1.32497314e+03, 4.36246185e+02, 6.98304236e-01, 1.56336707e+03,
       4.62698914e+02, 5.93917787e-01, 6.95066223e+02, 4.59713074e+02,
       8.71440887e-01, 6.98099304e+02, 4.33060486e+02, 8.39157641e-01,
       7.12726440e+02, 4.94933197e+02, 7.12220907e-01, 7.27494873e+02,
       4.15483734e+02, 2.18480498e-01, 1.63409912e+03, 4.41950806e+02,
       3.76728207e-01, 1.63099841e+03, 4.36185883e+02, 4.16387558e-01,
       1.60747021e+03, 4.77296692e+02, 2.81346679e-01, 1.68704492e+03,
       5.68504944e+02, 3.91539812e-01, 1.68408142e+03, 5.74491272e+02,
       3.03046674e-01, 1.62809277e+03, 5.98004700e+02, 1.66152373e-01 ]
