%YAML:1.0
---
pose_0: !!opencv-matrix
   rows: 1
   cols: 25
   dt: "3f"
   data: [ 6.48112305e+02, 4.33254303e+02, 8.79769802e-01,
       7.89268372e+02, 4.33075928e+02, 6.03789508e-01, 8.27509033e+02,
       5.18524536e+02, 4.73334789e-01, 9.98235535e+02, 5.33241455e+02,
       6.20558202e-01, 1.15722217e+03, 5.77427979e+02, 7.86717355e-01,
       7.83433594e+02, 3.33081818e+02, 6.01584733e-01, 9.30686035e+02,
       2.68450775e+02, 7.51877606e-01, 1.08944006e+03, 2.03581512e+02,
       7.96828032e-01, 1.13661255e+03, 3.89031067e+02, 4.51360285e-01,
       1.13366870e+03, 4.44929535e+02, 4.62403119e-01, 1.33971948e+03,
       4.21399597e+02, 5.32615602e-01, 1.65165686e+03, 3.56678070e+02,
       4.29646850e-01, 1.13362378e+03, 3.33067596e+02, 4.63006467e-01,
       1.38085669e+03, 2.91772034e+02, 7.52875924e-01, 1.61045154e+03,
       4.33180481e+02, 2.75128722e-01, 6.36244324e+02, 4.53686462e+02,
       8.13035786e-01, 6.42049194e+02, 4.12462341e+02, 8.57597411e-01,
       6.47931030e+02, 4.77250488e+02, 2.66658574e-01, 6.65694641e+02,
       3.83113190e+02, 5.26551843e-01, 1.66634338e+03, 4.56625854e+02,
       6.10388592e-02, 0., 0., 0., 1.63107385e+03, 4.47901855e+02,
       2.28743315e-01, 1.76640869e+03, 3.18320740e+02, 2.77639300e-01,
       1.75471191e+03, 3.30111664e+02, 2.23762751e-01, 1.66929285e+03,
       3.36063446e+02, 2.13621452e-01 ]
