%YAML:1.0
---
pose_0: !!opencv-matrix
   rows: 1
   cols: 25
   dt: "3f"
   data: [ 7.77478577e+02, 4.83162262e+02, 8.15171659e-01,
       8.77509888e+02, 4.86095642e+02, 7.14005709e-01, 8.45168152e+02,
       5.53840149e+02, 6.93673432e-01, 9.71792480e+02, 6.00907043e+02,
       2.13386148e-01, 1.01006946e+03, 6.00956299e+02, 1.08142167e-01,
       9.04156860e+02, 4.30192535e+02, 6.00565374e-01, 1.03650415e+03,
       3.89149109e+02, 6.99514687e-01, 1.14263171e+03, 3.44951569e+02,
       8.15442502e-01, 1.12187097e+03, 5.03825531e+02, 6.11846030e-01,
       1.11603198e+03, 5.53808716e+02, 5.72610497e-01, 1.35730530e+03,
       6.21404846e+02, 5.26329219e-01, 1.54285876e+03, 6.95202515e+02,
       6.19307876e-01, 1.12775037e+03, 4.53670654e+02, 5.71753621e-01,
       1.32488501e+03, 3.50772766e+02, 5.58594465e-01, 1.53098901e+03,
       2.97739105e+02, 2.97361314e-01, 7.62870850e+02, 4.92041138e+02,
       7.30142891e-01, 7.62893372e+02, 4.59739532e+02, 7.86761940e-01,
       7.77521057e+02, 5.15566895e+02, 4.95284677e-01, 7.86347229e+02,
       4.35991150e+02, 5.87683082e-01, 1.54275610e+03, 3.56601257e+02,
       8.26282278e-02, 0., 0., 0., 1.54863770e+03, 2.91843689e+02,
       2.64451355e-01, 1.61342664e+03, 6.86258362e+02, 4.97051328e-01,
       1.61036169e+03, 6.95196167e+02, 4.48302418e-01, 1.56339587e+03,
       7.18608398e+02, 3.93489540e-01 ]
