%YAML:1.0
---
pose_0: !!opencv-matrix
   rows: 2
   cols: 25
   dt: "3f"
   data: [ 0., 0., 0., 7.86309753e+02, 5.33294006e+02, 3.01629364e-01,
       8.09898010e+02, 5.56836182e+02, 3.42254966e-01, 9.39422424e+02,
       6.24512695e+02, 6.29302800e-01, 1.11297974e+03, 6.56856689e+02,
       7.37226248e-01, 0., 0., 0., 0., 0., 0., 0., 0., 0.,
       1.13950342e+03, 5.53890625e+02, 3.80118787e-01, 1.13364709e+03,
       5.65613464e+02, 2.70557612e-01, 1.35134814e+03, 4.97956085e+02,
       7.52392769e-01, 1.56333008e+03, 6.18564941e+02, 6.56853199e-01,
       1.14543652e+03, 5.39093445e+02, 3.52225810e-01, 1.34854492e+03,
       5.21436096e+02, 3.23143154e-01, 1.50742749e+03, 6.33279907e+02,
       3.46981257e-01, 0., 0., 0., 0., 0., 0., 7.45131714e+02,
       4.97876373e+02, 9.56039354e-02, 0., 0., 0., 0., 0., 0., 0., 0.,
       0., 1.49565369e+03, 6.59826172e+02, 2.83523858e-01,
       1.63108984e+03, 5.45027283e+02, 5.27588725e-01, 1.63394348e+03,
       5.53822388e+02, 4.19549257e-01, 1.57511060e+03, 6.42066162e+02,
       4.69973862e-01, 0., 0., 0., 0., 0., 0., 0., 0., 0., 0., 0., 0.,
       0., 0., 0., 9.21734192e+02, 5.00791718e+02, 6.29866570e-02,
       1.03951074e+03, 4.80267395e+02, 5.21819174e-01, 1.11896558e+03,
       3.94951111e+02, 7.01422215e-01, 0., 0., 0., 0., 0., 0., 0., 0.,
       0., 0., 0., 0., 0., 0., 0., 0., 0., 0., 0., 0., 0., 0., 0., 0.,
       0., 0., 0., 0., 0., 0., 0., 0., 0., 0., 0., 0., 0., 0., 0., 0.,
       0., 0., 0., 0., 0., 0., 0., 0., 0., 0., 0. ]
