%YAML:1.0
---
pose_0: !!opencv-matrix
   rows: 1
   cols: 25
   dt: "3f"
   data: [ 7.18587463e+02, 5.03826385e+02, 8.74020100e-01,
       8.33451721e+02, 5.24355774e+02, 6.97524905e-01, 8.48181580e+02,
       6.03844849e+02, 4.02470559e-01, 9.48224060e+02, 6.92017822e+02,
       6.84774458e-01, 8.95224609e+02, 6.48016174e+02, 3.04707944e-01,
       8.33442505e+02, 4.33111755e+02, 6.73881948e-01, 9.60019470e+02,
       3.86181641e+02, 7.70937324e-01, 1.05128796e+03, 4.03748993e+02,
       7.73658574e-01, 1.09252527e+03, 5.56830994e+02, 5.27367115e-01,
       1.08949170e+03, 6.12681763e+02, 5.41869223e-01, 1.27788892e+03,
       6.39220581e+02, 2.67834067e-01, 1.51919177e+03, 6.06815125e+02,
       2.46140659e-01, 1.09538086e+03, 5.03679321e+02, 5.49870014e-01,
       1.28672156e+03, 5.44969177e+02, 6.02853239e-01, 1.61932300e+03,
       5.21444092e+02, 4.06131923e-01, 6.98113159e+02, 5.27298828e+02,
       8.38945031e-01, 7.03962830e+02, 4.83328064e+02, 8.11763942e-01,
       7.18544678e+02, 5.59733765e+02, 4.98199224e-01, 7.33404846e+02,
       4.65534515e+02, 2.98001885e-01, 1.75163818e+03, 4.89102600e+02,
       2.93973207e-01, 1.74883142e+03, 4.86159088e+02, 2.99169242e-01,
       1.64281677e+03, 5.47964172e+02, 1.90862209e-01, 0., 0., 0., 0.,
       0., 0., 1.56338843e+03, 5.95079895e+02, 1.16918653e-01 ]
