%YAML:1.0
---
pose_0: !!opencv-matrix
   rows: 1
   cols: 25
   dt: "3f"
   data: [ 6.71448242e+02, 4.83343170e+02, 8.49846005e-01,
       7.86387268e+02, 4.83088745e+02, 6.71794593e-01, 8.06924927e+02,
       5.59682739e+02, 4.91236925e-01, 9.51091370e+02, 5.95071838e+02,
       2.75085837e-01, 1.06884973e+03, 6.47980225e+02, 2.02840567e-01,
       7.83424438e+02, 4.03709930e+02, 6.26354098e-01, 9.27559509e+02,
       3.85986542e+02, 7.39479661e-01, 1.05133398e+03, 3.89047638e+02,
       7.60001421e-01, 1.08069604e+03, 5.18525085e+02, 5.04056931e-01,
       1.07191956e+03, 5.71488647e+02, 5.70763528e-01, 1.28373242e+03,
       6.27380188e+02, 7.42159605e-01, 1.59571338e+03, 6.68668335e+02,
       5.45607507e-01, 1.08658936e+03, 4.56666748e+02, 4.86226737e-01,
       1.35148364e+03, 4.74377899e+02, 5.04744411e-01, 1.58991150e+03,
       4.83213043e+02, 5.94968617e-01, 6.51019104e+02, 5.03702240e+02,
       7.61413813e-01, 6.53950012e+02, 4.62630341e+02, 7.69919395e-01,
       6.71582031e+02, 5.21421082e+02, 1.64037153e-01, 6.80352783e+02,
       4.33192017e+02, 5.53850830e-01, 1.68408105e+03, 4.65566650e+02,
       2.06307262e-01, 1.68104700e+03, 4.59766602e+02, 2.15752915e-01,
       1.63396179e+03, 5.00856079e+02, 3.06078941e-01, 1.65164734e+03,
       6.21546753e+02, 1.53173506e-01, 0., 0., 0., 1.63103687e+03,
       6.56861023e+02, 3.00371736e-01 ]
