%YAML:1.0
---
pose_0: !!opencv-matrix
   rows: 1
   cols: 25
   dt: "3f"
   data: [ 6.47974121e+02, 5.36205566e+02, 6.29664719e-01,
       7.74598938e+02, 4.80157715e+02, 4.33669478e-01, 8.06931580e+02,
       5.68528931e+02, 1.28401756e-01, 0., 0., 0., 0., 0., 0.,
       7.68722900e+02, 3.85981873e+02, 6.28851533e-01, 9.21685181e+02,
       3.24218506e+02, 7.23000526e-01, 1.02470190e+03, 2.71252533e+02,
       8.56111467e-01, 1.06301221e+03, 5.45009766e+02, 3.91910881e-01,
       1.04826697e+03, 6.06810974e+02, 3.62823576e-01, 1.35442444e+03,
       6.50991394e+02, 4.97375250e-01, 1.67812195e+03, 6.95169128e+02,
       5.02244055e-01, 1.08950122e+03, 4.83226410e+02, 3.35345089e-01,
       1.39855005e+03, 5.24357788e+02, 3.86205673e-01, 1.62514734e+03,
       4.83148743e+02, 5.71588874e-01, 6.24588562e+02, 5.50864502e+02,
       3.48719507e-01, 6.24496765e+02, 5.21494446e+02, 5.78477800e-01,
       0., 0., 0., 6.30387390e+02, 4.80296875e+02, 4.75665510e-01,
       1.70470691e+03, 4.56747070e+02, 4.73211646e-01, 1.70170569e+03,
       4.56620361e+02, 5.05214870e-01, 1.65753137e+03, 4.80306183e+02,
       2.11168066e-01, 1.74288696e+03, 6.33348816e+02, 2.34573096e-01,
       0., 0., 0., 1.70170581e+03, 7.00992371e+02, 1.93391502e-01 ]
