%YAML:1.0
---
pose_0: !!opencv-matrix
   rows: 1
   cols: 25
   dt: "3f"
   data: [ 6.95095764e+02, 4.50801270e+02, 8.33452106e-01,
       8.12900330e+02, 5.15583679e+02, 5.82748532e-01, 8.15779846e+02,
       6.09720886e+02, 6.70037270e-01, 9.39355347e+02, 6.48013794e+02,
       8.05168569e-01, 1.02465698e+03, 6.95147583e+02, 8.82814586e-01,
       8.06907654e+02, 4.42037567e+02, 3.67252976e-01, 8.83509644e+02,
       4.36027527e+02, 7.95245171e-02, 0., 0., 0., 1.11008923e+03,
       4.74332764e+02, 4.73432362e-01, 1.11009094e+03, 5.27272888e+02,
       5.20784438e-01, 1.34854065e+03, 5.45040405e+02, 4.15697247e-01,
       1.56339441e+03, 5.53856140e+02, 4.94683951e-01, 1.10713525e+03,
       4.12580933e+02, 5.11275113e-01, 1.33082910e+03, 4.33218567e+02,
       6.08597338e-01, 1.61347534e+03, 4.53782837e+02, 5.46042919e-01,
       6.71619629e+02, 4.62570831e+02, 8.05478692e-01, 6.92116028e+02,
       4.33075531e+02, 8.37452412e-01, 6.89253784e+02, 5.03732788e+02,
       5.89326739e-01, 7.18700684e+02, 4.24272308e+02, 1.73885778e-01,
       1.71351257e+03, 4.21348083e+02, 3.73477995e-01, 1.71344202e+03,
       4.18446472e+02, 3.50022614e-01, 1.63107141e+03, 4.62646484e+02,
       2.72885144e-01, 1.63993066e+03, 5.56760620e+02, 3.75273943e-01,
       1.63392932e+03, 5.68586426e+02, 3.39262158e-01, 1.58991907e+03,
       5.50877380e+02, 2.51141965e-01 ]
