%YAML:1.0
---
pose_0: !!opencv-matrix
   rows: 1
   cols: 25
   dt: "3f"
   data: [ 7.39220154e+02, 5.80296814e+02, 8.04936051e-01,
       8.33457214e+02, 6.12642334e+02, 7.08389997e-01, 8.15780640e+02,
       6.86261719e+02, 4.47251171e-01, 9.48160217e+02, 7.42292053e+02,
       4.94064987e-01, 1.03070862e+03, 6.95179626e+02, 7.15396881e-01,
       8.51027161e+02, 5.33301575e+02, 6.22228086e-01, 9.77619324e+02,
       4.86183167e+02, 5.10124922e-01, 1.03650134e+03, 4.09551880e+02,
       2.57785141e-01, 1.09248254e+03, 6.18621643e+02, 5.59914649e-01,
       1.08948828e+03, 6.68647339e+02, 5.29216588e-01, 1.28074329e+03,
       6.68672668e+02, 4.72310066e-01, 1.51924036e+03, 7.12756470e+02,
       4.50131744e-01, 1.09533118e+03, 5.56845459e+02, 5.47075510e-01,
       1.30727002e+03, 5.98057129e+02, 7.45858312e-01, 1.53977405e+03,
       6.18569153e+02, 5.60955226e-01, 7.18663635e+02, 5.97849182e+02,
       7.49522805e-01, 7.30461792e+02, 5.59779602e+02, 7.40655661e-01,
       7.36239624e+02, 6.21569214e+02, 5.71291745e-01, 7.59885803e+02,
       5.47936951e+02, 6.20958149e-01, 1.61352832e+03, 5.86197083e+02,
       5.69737792e-01, 1.61044128e+03, 5.80328308e+02, 6.06958628e-01,
       1.54867419e+03, 6.36256470e+02, 3.24742287e-01, 1.58686096e+03,
       7.00991577e+02, 3.25584501e-01, 1.56926672e+03, 7.15761169e+02,
       2.87947536e-01, 1.54570007e+03, 7.09858582e+02, 3.00833344e-01 ]
