%YAML:1.0
---
pose_0: !!opencv-matrix
   rows: 2
   cols: 25
   dt: "3f"
   data: [ 0., 0., 0., 7.18683960e+02, 5.74388367e+02, 5.35475373e-01,
       7.18600037e+02, 5.24366150e+02, 3.15514535e-01, 0., 0., 0., 0.,
       0., 0., 7.18762207e+02, 6.30339905e+02, 5.63592255e-01,
       8.80588318e+02, 6.95092834e+02, 5.85498035e-01, 1.06596777e+03,
       7.27516479e+02, 4.12717521e-01, 1.11013000e+03, 5.50865417e+02,
       4.52988446e-01, 1.11592749e+03, 5.95074829e+02, 4.07625020e-01,
       1.32201501e+03, 5.77524902e+02, 7.03217745e-01, 1.63695068e+03,
       6.56830322e+02, 5.22563040e-01, 1.11011743e+03, 5.03741882e+02,
       4.30250704e-01, 1.31910266e+03, 4.80348267e+02, 7.78429270e-01,
       1.53395972e+03, 5.50959900e+02, 6.41255021e-01, 0., 0., 0., 0.,
       0., 0., 6.68642639e+02, 5.33274780e+02, 2.14756921e-01,
       6.36271912e+02, 6.01007996e+02, 2.59780616e-01, 1.62221289e+03,
       4.94976959e+02, 4.52061445e-01, 1.61342285e+03, 4.94964630e+02,
       4.66874450e-01, 1.55162170e+03, 5.77392334e+02, 4.99907494e-01,
       1.74292139e+03, 6.42125000e+02, 4.14179027e-01, 1.73116943e+03,
       6.53869263e+02, 3.45486015e-01, 1.66046777e+03, 6.80388855e+02,
       2.83307791e-01, 0., 0., 0., 0., 0., 0., 7.21636902e+02,
       6.21516602e+02, 1.51714250e-01, 8.89394348e+02, 7.01002869e+02,
       2.72087365e-01, 1.06889063e+03, 7.33342712e+02, 4.56812054e-01,
       0., 0., 0., 0., 0., 0., 0., 0., 0., 0., 0., 0., 0., 0., 0., 0.,
       0., 0., 0., 0., 0., 0., 0., 0., 0., 0., 0., 0., 0., 0., 0., 0.,
       0., 0., 0., 0., 0., 0., 0., 0., 0., 0., 0., 0., 0., 0., 0., 0.,
       0., 0., 0., 0., 0., 0., 0., 0., 0., 0., 0., 0. ]
