%YAML:1.0
---
pose_0: !!opencv-matrix
   rows: 1
   cols: 25
   dt: "3f"
   data: [ 7.48137085e+02, 3.94892548e+02, 8.36787820e-01,
       8.71688843e+02, 4.09601959e+02, 7.09576666e-01, 8.59986389e+02,
       4.89103790e+02, 6.47999227e-01, 9.77693237e+02, 5.27235107e+02,
       5.01704574e-01, 1.04523242e+03, 5.53737854e+02, 8.88435602e-01,
       8.80581909e+02, 3.35948273e+02, 6.77936733e-01, 1.01888916e+03,
       2.91987946e+02, 7.44482756e-01, 1.16312671e+03, 2.44726196e+02,
       8.07273209e-01, 1.13366223e+03, 3.88992462e+02, 5.24219513e-01,
       1.13655371e+03, 4.36105499e+02, 5.73634803e-01, 1.33076416e+03,
       4.89122864e+02, 7.56225526e-01, 1.53686475e+03, 5.56844360e+02,
       6.09658957e-01, 1.12485596e+03, 3.38984894e+02, 5.17643631e-01,
       1.33375696e+03, 3.18304596e+02, 6.29321456e-01, 1.55749231e+03,
       3.00709442e+02, 5.16512930e-01, 7.36368591e+02, 4.09678070e+02,
       8.61151159e-01, 7.42112122e+02, 3.80201447e+02, 8.80935431e-01,
       7.48105774e+02, 4.33290405e+02, 5.39351046e-01, 7.65803650e+02,
       3.59468597e+02, 5.90967894e-01, 1.63987976e+03, 2.91806305e+02,
       3.12258363e-01, 1.63703552e+03, 2.88868134e+02, 3.20203394e-01,
       1.57810437e+03, 2.94882202e+02, 2.12308690e-01, 1.61031750e+03,
       6.01006531e+02, 4.68915492e-01, 1.60458289e+03, 6.00952942e+02,
       4.47728127e-01, 1.56638171e+03, 5.45003662e+02, 4.58478212e-01 ]
