%YAML:1.0
---
pose_0: !!opencv-matrix
   rows: 1
   cols: 25
   dt: "3f"
   data: [ 7.15791504e+02, 4.68486053e+02, 8.76475215e-01,
       8.39392822e+02, 4.59713440e+02, 6.17707551e-01, 8.48128906e+02,
       5.33277283e+02, 4.44072396e-01, 9.42365356e+02, 5.71516052e+02,
       1.01105526e-01, 0., 0., 0., 8.48176514e+02, 3.89102875e+02,
       5.82692683e-01, 9.89389343e+02, 3.62583801e+02, 7.33872294e-01,
       1.12478491e+03, 3.39011139e+02, 8.56302977e-01, 1.12185706e+03,
       4.86093170e+02, 5.57589054e-01, 1.11605554e+03, 5.33219299e+02,
       5.74442863e-01, 1.31906873e+03, 5.27404846e+02, 6.83084369e-01,
       1.57222485e+03, 5.15582336e+02, 6.18228197e-01, 1.12193884e+03,
       4.36026093e+02, 5.42839050e-01, 1.33382043e+03, 4.24368958e+02,
       6.69431210e-01, 1.55449670e+03, 4.27243683e+02, 6.29409373e-01,
       7.00950562e+02, 4.83136810e+02, 8.36311579e-01, 7.12642029e+02,
       4.53640564e+02, 8.48178983e-01, 7.15859436e+02, 5.03871094e+02,
       2.45090753e-01, 7.36257263e+02, 4.18486176e+02, 5.98160088e-01,
       1.61353857e+03, 4.03664429e+02, 5.27404547e-01, 1.61050964e+03,
       3.97787445e+02, 6.08012497e-01, 1.56929224e+03, 4.39000946e+02,
       5.20171106e-01, 1.66342920e+03, 5.15583374e+02, 3.75078529e-01,
       1.65757983e+03, 5.27397034e+02, 4.32665169e-01, 1.59866809e+03,
       5.00843323e+02, 2.92792916e-01 ]
