%YAML:1.0
---
pose_0: !!opencv-matrix
   rows: 1
   cols: 25
   dt: "3f"
   data: [ 7.24484985e+02, 5.53942688e+02, 8.52627873e-01,
       8.39370239e+02, 5.53851990e+02, 6.64999127e-01, 8.30495300e+02,
       6.21570923e+02, 5.57372570e-01, 1.00118665e+03, 6.65611633e+02,
       4.39778596e-01, 1.14255334e+03, 6.95219543e+02, 5.75070381e-01,
       8.56891479e+02, 4.80150879e+02, 6.68563843e-01, 1.00707385e+03,
       4.30266205e+02, 7.01901376e-01, 1.14541650e+03, 3.88924713e+02,
       7.74074197e-01, 1.12190283e+03, 5.53803650e+02, 5.70229590e-01,
       1.11890991e+03, 6.03943359e+02, 6.55435979e-01, 1.34555835e+03,
       7.01039917e+02, 6.81547761e-01, 1.47805603e+03, 6.71672974e+02,
       4.47240382e-01, 1.12194299e+03, 4.97899902e+02, 5.65682292e-01,
       1.33082263e+03, 5.74407166e+02, 7.19541609e-01, 1.62517944e+03,
       6.03868896e+02, 5.32325923e-01, 7.09819397e+02, 5.74468201e+02,
       8.39984894e-01, 7.15647095e+02, 5.36204407e+02, 8.46325815e-01,
       7.18781799e+02, 6.00821716e+02, 3.52550954e-01, 7.39193115e+02,
       5.12698364e+02, 6.38852119e-01, 1.69582544e+03, 5.74495300e+02,
       3.86066258e-01, 1.68996655e+03, 5.74403625e+02, 4.36468124e-01,
       1.66637048e+03, 6.36225342e+02, 2.97792315e-01, 1.54571606e+03,
       7.00978088e+02, 2.56018966e-01, 1.51626880e+03, 7.12794922e+02,
       2.64812380e-01, 1.50452490e+03, 6.45001953e+02, 3.16049427e-01 ]
