%YAML:1.0
---
pose_0: !!opencv-matrix
   rows: 1
   cols: 25
   dt: "3f"
   data: [ 7.18704163e+02, 5.53857788e+02, 7.67295539e-01,
       8.01038147e+02, 4.77337830e+02, 4.90256846e-01, 8.06900940e+02,
       5.09726929e+02, 3.77775103e-01, 1.08357922e+03, 5.39122192e+02,
       1.78162530e-01, 1.14255725e+03, 5.86254089e+02, 3.44919264e-01,
       7.89310852e+02, 4.39035461e+02, 3.12567979e-01, 0., 0., 0., 0.,
       0., 0., 1.15721106e+03, 4.30204407e+02, 2.62026876e-01,
       1.14251489e+03, 4.27286865e+02, 1.94032699e-01, 1.37497839e+03,
       5.27381836e+02, 5.70744455e-01, 1.59571399e+03, 4.18420105e+02,
       3.54746878e-01, 1.14837756e+03, 4.33176300e+02, 2.73006260e-01,
       1.36912842e+03, 5.50884460e+02, 7.16170430e-01, 1.67228931e+03,
       4.03741486e+02, 3.19087505e-01, 7.15547302e+02, 5.50963379e+02,
       5.36751300e-02, 7.09803101e+02, 5.36157349e+02, 6.50507092e-01,
       0., 0., 0., 7.21605957e+02, 4.89067932e+02, 5.68152010e-01,
       1.72818616e+03, 3.50791107e+02, 3.05616856e-01, 1.72816650e+03,
       3.53666595e+02, 2.86059380e-01, 1.70759509e+03, 3.94867767e+02,
       1.35020688e-01, 0., 0., 0., 0., 0., 0., 1.60459412e+03,
       3.83149963e+02, 1.58032462e-01 ]
