%YAML:1.0
---
pose_0: !!opencv-matrix
   rows: 1
   cols: 25
   dt: "3f"
   data: [ 5.06669342e+02, 6.03834656e+02, 2.38111302e-01,
       6.65659302e+02, 5.03750885e+02, 2.30318964e-01, 5.47933411e+02,
       5.77378113e+02, 1.73604548e-01, 5.45040405e+02, 6.18575745e+02,
       4.04233396e-01, 6.48010071e+02, 6.39218567e+02, 5.29172003e-01,
       6.98029846e+02, 4.30119476e+02, 6.47076547e-01, 7.01053406e+02,
       4.86159332e+02, 7.33808994e-01, 5.47951477e+02, 5.77474243e+02,
       5.79368949e-01, 1.04537537e+03, 6.00897827e+02, 3.80265445e-01,
       1.03650378e+03, 6.71565491e+02, 3.61329824e-01, 1.18369714e+03,
       7.59845947e+02, 9.81908366e-02, 0., 0., 0., 1.05128467e+03,
       5.33198914e+02, 3.54230285e-01, 1.31030066e+03, 6.03920349e+02,
       4.64017123e-01, 1.36615857e+03, 6.15647156e+02, 6.69090524e-02,
       0., 0., 0., 5.00779907e+02, 5.97848450e+02, 2.13420883e-01, 0.,
       0., 0., 5.06795929e+02, 5.62661316e+02, 5.06033838e-01, 0., 0.,
       0., 0., 0., 0., 0., 0., 0., 0., 0., 0., 0., 0., 0., 0., 0., 0. ]
