%YAML:1.0
---
pose_0: !!opencv-matrix
   rows: 1
   cols: 25
   dt: "3f"
   data: [ 6.71530029e+02, 5.06744476e+02, 8.56851459e-01,
       8.01034546e+02, 5.47847290e+02, 6.97964132e-01, 7.86370300e+02,
       6.15677917e+02, 7.65260160e-01, 9.15864502e+02, 6.68652039e+02,
       8.15758705e-01, 9.89428345e+02, 6.12642151e+02, 7.88109183e-01,
       8.12925232e+02, 4.77236115e+02, 4.36369985e-01, 1.00120380e+03,
       4.59613159e+02, 1.98667049e-01, 1.10128992e+03, 4.56826324e+02,
       2.96923161e-01, 1.08064880e+03, 5.71509460e+02, 5.69226980e-01,
       1.07179749e+03, 6.21619080e+02, 5.60849130e-01, 1.29848401e+03,
       6.21565796e+02, 6.51320934e-01, 1.55745361e+03, 6.56840759e+02,
       4.93363529e-01, 1.09539233e+03, 5.12598755e+02, 5.39605200e-01,
       1.33091577e+03, 5.09651093e+02, 7.09484041e-01, 1.52808521e+03,
       5.68518311e+02, 5.40210485e-01, 6.56885803e+02, 5.30311279e+02,
       7.62433350e-01, 6.56888611e+02, 4.97943146e+02, 6.99848831e-01,
       6.74492676e+02, 5.68557617e+02, 6.07166529e-01, 6.92098877e+02,
       4.83273071e+02, 2.68570572e-01, 1.62810962e+03, 5.09739197e+02,
       5.05712628e-01, 1.61636646e+03, 5.09695099e+02, 5.16699016e-01,
       1.54273608e+03, 5.92111877e+02, 3.85048181e-01, 1.64582202e+03,
       6.30329346e+02, 5.36196530e-01, 1.63993848e+03, 6.42154602e+02,
       4.52060550e-01, 1.58102466e+03, 6.65655212e+02, 2.03538343e-01 ]
