%YAML:1.0
---
pose_0: !!opencv-matrix
   rows: 1
   cols: 25
   dt: "3f"
   data: [ 6.12722473e+02, 4.80334167e+02, 6.29341483e-01,
       7.18718567e+02, 5.65589539e+02, 3.69937956e-01, 7.30425842e+02,
       6.92095703e+02, 4.23098475e-01, 8.15774719e+02, 8.80483948e+02,
       8.05572450e-01, 6.71550415e+02, 9.51127014e+02, 6.69115603e-01,
       7.36314758e+02, 4.62573517e+02, 4.89827335e-01, 7.89406555e+02,
       4.89080933e+02, 6.43202066e-01, 5.83234009e+02, 6.24347351e+02,
       6.74691558e-01, 1.09538977e+03, 5.24401184e+02, 2.60962814e-01,
       1.09540283e+03, 5.92096680e+02, 2.60132968e-01, 1.37203442e+03,
       6.47964600e+02, 3.08493972e-01, 1.54278369e+03, 6.68631470e+02,
       5.12817800e-02, 1.08654224e+03, 4.53740692e+02, 2.40396619e-01,
       1.18959570e+03, 3.94923553e+02, 1.48803174e-01, 1.42214917e+03,
       3.15520874e+02, 1.78280532e-01, 5.80401733e+02, 4.97953735e+02,
       5.52760720e-01, 5.98013306e+02, 4.59696899e+02, 5.81790388e-01,
       6.09764893e+02, 5.74458008e+02, 3.65306377e-01, 0., 0., 0., 0.,
       0., 0., 0., 0., 0., 0., 0., 0., 0., 0., 0., 0., 0., 0., 0., 0.,
       0. ]
