%YAML:1.0
---
pose_0: !!opencv-matrix
   rows: 1
   cols: 25
   dt: "3f"
   data: [ 6.98038940e+02, 4.59768768e+02, 8.12018275e-01,
       8.15780090e+02, 4.80255737e+02, 6.78194821e-01, 8.33414551e+02,
       5.83286560e+02, 6.25292242e-01, 9.77615112e+02, 6.21466553e+02,
       7.14679897e-01, 1.11599487e+03, 6.48173950e+02, 8.32086921e-01,
       8.33332703e+02, 3.89072388e+02, 6.26022995e-01, 8.30456116e+02,
       2.71401642e+02, 8.21800172e-01, 7.21568298e+02, 3.85983124e+02,
       8.15974712e-01, 1.08950330e+03, 4.80307434e+02, 4.90684569e-01,
       1.08358740e+03, 5.33237000e+02, 5.16015887e-01, 1.19248926e+03,
       5.89170471e+02, 5.13677262e-02, 0., 0., 0., 1.08655176e+03,
       4.24326569e+02, 5.07434249e-01, 1.31026599e+03, 4.56665131e+02,
       6.67603076e-01, 1.60457446e+03, 4.53764923e+02, 4.72699404e-01,
       6.86264954e+02, 4.83274078e+02, 8.21850061e-01, 6.86312439e+02,
       4.53714294e+02, 7.70065486e-01, 7.00976990e+02, 5.27200623e+02,
       4.67740178e-01, 7.09839050e+02, 4.33093628e+02, 3.18980157e-01,
       1.71056006e+03, 4.09587708e+02, 3.31681788e-01, 1.70760400e+03,
       4.09584351e+02, 3.20008755e-01, 1.63395764e+03, 4.62594879e+02,
       2.33035818e-01, 0., 0., 0., 0., 0., 0., 0., 0., 0. ]
