%YAML:1.0
---
pose_0: !!opencv-matrix
   rows: 1
   cols: 25
   dt: "3f"
   data: [ 7.36271545e+02, 4.12573395e+02, 7.72170007e-01,
       8.36505127e+02, 4.89033081e+02, 6.99178994e-01, 8.33413818e+02,
       5.68490723e+02, 7.33084261e-01, 9.60029724e+02, 6.06805969e+02,
       7.72227943e-01, 1.05418091e+03, 5.53939575e+02, 8.39381456e-01,
       8.36472412e+02, 4.15474243e+02, 5.43036222e-01, 9.95255859e+02,
       3.83039825e+02, 7.62763262e-01, 1.09839636e+03, 3.21360504e+02,
       8.02904487e-01, 1.11593506e+03, 4.80203339e+02, 5.65462232e-01,
       1.11592688e+03, 5.27381897e+02, 5.88051438e-01, 1.32196216e+03,
       5.50762451e+02, 7.73608387e-01, 1.55451147e+03, 5.74332764e+02,
       6.46435618e-01, 1.11595239e+03, 4.30148529e+02, 5.69910944e-01,
       1.32491760e+03, 4.06667236e+02, 6.20675325e-01, 1.52516736e+03,
       3.88919098e+02, 5.86733818e-01, 7.15663147e+02, 4.33125366e+02,
       8.47764730e-01, 7.15618042e+02, 4.06715271e+02, 2.52624571e-01,
       7.27509155e+02, 4.68525848e+02, 6.29715145e-01, 0., 0., 0.,
       1.61354712e+03, 3.65405945e+02, 5.05368888e-01, 1.61050903e+03,
       3.62422821e+02, 5.19126117e-01, 1.58388721e+03, 3.89099823e+02,
       2.70989627e-01, 1.63102393e+03, 5.53832703e+02, 4.96740162e-01,
       1.61933167e+03, 5.68508484e+02, 4.23951358e-01, 1.58105640e+03,
       5.62675659e+02, 2.61896342e-01 ]
