%YAML:1.0
---
pose_0: !!opencv-matrix
   rows: 1
   cols: 25
   dt: "3f"
   data: [ 7.36342468e+02, 3.94900635e+02, 7.97664881e-01,
       8.59824890e+02, 3.86082031e+02, 8.00130606e-01, 8.68743469e+02,
       4.62653107e+02, 6.75465345e-01, 9.98198914e+02, 5.18511047e+02,
       7.85673022e-01, 1.08356201e+03, 5.98056885e+02, 7.73502350e-01,
       8.56951599e+02, 3.00696136e+02, 6.64229751e-01, 1.00123431e+03,
       2.47883545e+02, 8.64614010e-01, 1.08954614e+03, 3.30152710e+02,
       8.35291564e-01, 1.11896338e+03, 4.21426727e+02, 6.13630533e-01,
       1.11604272e+03, 4.65541138e+02, 6.23556674e-01, 1.33080920e+03,
       4.94999756e+02, 6.86001539e-01, 1.54268945e+03, 5.50821533e+02,
       6.75585330e-01, 1.12485913e+03, 3.68449524e+02, 6.18460596e-01,
       1.35144177e+03, 3.38867889e+02, 4.69075173e-01, 1.54282715e+03,
       3.12393372e+02, 5.72289288e-01, 7.21609009e+02, 4.12586212e+02,
       7.39672542e-01, 7.18730835e+02, 3.85902710e+02, 8.20206940e-01,
       7.45183838e+02, 4.30143463e+02, 1.78746387e-01, 7.42178467e+02,
       3.50720490e+02, 5.06042361e-01, 1.63704785e+03, 2.71247192e+02,
       2.78455287e-01, 1.63401990e+03, 2.68303436e+02, 3.02850604e-01,
       1.57218225e+03, 3.03674133e+02, 2.47975782e-01, 1.61335291e+03,
       5.42007568e+02, 5.71013987e-01, 1.60167249e+03, 5.53768555e+02,
       5.13614714e-01, 1.56625159e+03, 5.53874817e+02, 3.22965294e-01 ]
