%YAML:1.0
---
pose_0: !!opencv-matrix
   rows: 1
   cols: 25
   dt: "3f"
   data: [ 5.74507507e+02, 4.89065643e+02, 5.37215412e-01,
       6.95184631e+02, 5.53773071e+02, 4.72965062e-01, 7.09830078e+02,
       6.71598999e+02, 4.21820879e-01, 8.12753479e+02, 8.59966431e+02,
       8.32360804e-01, 6.24448669e+02, 8.80548950e+02, 7.82813370e-01,
       7.00953857e+02, 4.56713837e+02, 7.13078856e-01, 7.42339172e+02,
       5.06708649e+02, 8.01267505e-01, 5.36244873e+02, 6.18609375e+02,
       7.66479135e-01, 1.08359143e+03, 5.39142761e+02, 2.70141304e-01,
       1.07479248e+03, 6.03939636e+02, 2.36423194e-01, 1.37499878e+03,
       6.65692322e+02, 3.14294904e-01, 1.70752197e+03, 6.65602173e+02,
       3.04119021e-01, 1.07188867e+03, 4.71397400e+02, 2.93004513e-01,
       1.16313745e+03, 4.06624329e+02, 2.65525401e-01, 1.63699963e+03,
       2.27135437e+02, 1.30766943e-01, 5.47995789e+02, 5.06680786e+02,
       6.52022123e-01, 5.74430237e+02, 4.71400208e+02, 5.07846057e-01,
       5.68513977e+02, 5.74331421e+02, 2.10471421e-01, 6.06778809e+02,
       4.56682343e+02, 1.26283780e-01, 1.66340247e+03, 1.97727615e+02,
       1.09763891e-01, 1.65752271e+03, 2.00589615e+02, 1.07854024e-01,
       0., 0., 0., 1.78995435e+03, 6.68651245e+02, 1.15194820e-01, 0.,
       0., 0., 1.72816687e+03, 6.45069336e+02, 1.64501801e-01 ]
