%YAML:1.0
---
pose_0: !!opencv-matrix
   rows: 1
   cols: 25
   dt: "3f"
   data: [ 0., 0., 0., 6.36260681e+02, 5.71491516e+02, 1.56483382e-01,
       6.95128967e+02, 6.42114624e+02, 7.57042617e-02, 7.51056885e+02,
       7.21570618e+02, 5.95084876e-02, 8.71663147e+02, 8.12880676e+02,
       2.67971992e-01, 6.24550415e+02, 4.83228424e+02, 4.17979836e-01,
       8.59855835e+02, 4.65538727e+02, 5.42862296e-01, 7.59857849e+02,
       6.09741699e+02, 4.46934372e-01, 1.06889954e+03, 6.53904053e+02,
       2.08850175e-01, 1.03945972e+03, 7.21606201e+02, 1.62101954e-01,
       1.34260400e+03, 8.18732605e+02, 2.29308337e-01, 1.53978210e+03,
       7.83366272e+02, 1.50685862e-01, 1.08951843e+03, 5.92104675e+02,
       2.47266695e-01, 1.38972070e+03, 6.92113770e+02, 4.73454863e-01,
       1.73114807e+03, 6.68559692e+02, 1.58378392e-01, 0., 0., 0., 0.,
       0., 0., 0., 0., 0., 0., 0., 0., 1.82240198e+03, 6.24391296e+02,
       1.07471652e-01, 1.82239172e+03, 6.24501465e+02, 1.14522405e-01,
       1.77234729e+03, 6.92178040e+02, 1.40696213e-01, 0., 0., 0., 0.,
       0., 0., 1.56930969e+03, 7.89310242e+02, 9.54474509e-02 ]
