%YAML:1.0
---
pose_0: !!opencv-matrix
   rows: 1
   cols: 25
   dt: "3f"
   data: [ 0., 0., 0., 8.09855896e+02, 5.42019897e+02, 6.54004455e-01,
       8.27529846e+02, 4.91992096e+02, 4.36132103e-01, 1.02185089e+03,
       4.53717804e+02, 4.26222354e-01, 1.09539990e+03, 3.92032806e+02,
       4.95084375e-01, 7.83341125e+02, 5.98065674e+02, 7.08420873e-01,
       9.27562317e+02, 6.68518738e+02, 7.64736295e-01, 1.08364917e+03,
       6.86294556e+02, 5.85809708e-01, 1.13362634e+03, 5.36155212e+02,
       4.02461469e-01, 1.13661841e+03, 5.71483398e+02, 3.43459427e-01,
       1.32780969e+03, 5.30430786e+02, 7.37014115e-01, 1.58693201e+03,
       6.00865662e+02, 4.86313909e-01, 1.12778113e+03, 5.00852325e+02,
       3.45073253e-01, 1.33674878e+03, 5.09782349e+02, 4.79250848e-01,
       1.49858740e+03, 6.36259155e+02, 4.25618082e-01, 0., 0., 0., 0.,
       0., 0., 7.42120728e+02, 4.97903748e+02, 1.98915169e-01,
       7.03895630e+02, 5.74376038e+02, 3.66315275e-01, 1.53680579e+03,
       6.62699951e+02, 9.56731141e-02, 0., 0., 0., 1.49267151e+03,
       6.62688354e+02, 3.63229305e-01, 1.65463989e+03, 5.56757629e+02,
       4.50536847e-01, 1.65751660e+03, 5.74363770e+02, 3.75450373e-01,
       1.61339172e+03, 6.24426392e+02, 2.90676296e-01 ]
