%YAML:1.0
---
pose_0: !!opencv-matrix
   rows: 1
   cols: 25
   dt: "3f"
   data: [ 7.51086182e+02, 4.77208130e+02, 7.33381867e-01,
       8.36319885e+02, 4.74369690e+02, 6.81331098e-01, 8.36326294e+02,
       5.15581848e+02, 5.71121454e-01, 9.51170288e+02, 5.92082092e+02,
       8.41894925e-01, 8.42342224e+02, 5.53840393e+02, 8.11725080e-01,
       8.36400024e+02, 4.27290588e+02, 6.27680123e-01, 9.30574463e+02,
       3.94939667e+02, 8.25430810e-01, 8.30405090e+02, 4.59618317e+02,
       8.13533604e-01, 1.11300012e+03, 4.62643707e+02, 5.61756194e-01,
       1.11597424e+03, 5.06772766e+02, 6.12028360e-01, 1.32489612e+03,
       4.94951385e+02, 7.53816962e-01, 1.54283496e+03, 5.03807281e+02,
       5.99477708e-01, 1.10717065e+03, 4.12545746e+02, 5.68912148e-01,
       1.33079773e+03, 3.62612549e+02, 4.90992486e-01, 1.41914063e+03,
       3.47821838e+02, 9.02759805e-02, 7.39186279e+02, 4.83081116e+02,
       7.58647680e-01, 7.42270386e+02, 4.56684753e+02, 8.47587228e-01,
       7.56887573e+02, 5.03897186e+02, 2.42504045e-01, 7.62781433e+02,
       4.30216980e+02, 5.19138575e-01, 1.60454309e+03, 3.09544891e+02,
       2.14285016e-01, 1.59870264e+03, 3.06599640e+02, 2.17588499e-01,
       1.54282129e+03, 3.77254059e+02, 2.20848262e-01, 1.61928979e+03,
       5.00876251e+02, 4.62540686e-01, 1.61044421e+03, 5.12631287e+02,
       4.36551481e-01, 1.56931482e+03, 4.89070313e+02, 2.53059894e-01 ]
