%YAML:1.0
---
pose_0: !!opencv-matrix
   rows: 1
   cols: 25
   dt: "3f"
   data: [ 7.65740845e+02, 5.12637451e+02, 8.50338221e-01,
       8.36398682e+02, 5.50820557e+02, 6.93458796e-01, 8.36445313e+02,
       5.98012878e+02, 8.00703049e-01, 9.51192139e+02, 5.53823242e+02,
       8.11331570e-01, 9.68876099e+02, 3.88917145e+02, 7.35755920e-01,
       8.36339111e+02, 5.00857758e+02, 5.19639969e-01, 0., 0., 0., 0.,
       0., 0., 1.13955627e+03, 5.15572876e+02, 5.00436962e-01,
       1.14249658e+03, 5.68536560e+02, 5.54466128e-01, 1.34551868e+03,
       6.12712646e+02, 6.88991308e-01, 1.55742847e+03, 7.12773193e+02,
       5.76241612e-01, 1.13652576e+03, 4.59755341e+02, 5.44202328e-01,
       1.28668140e+03, 4.06603455e+02, 5.02255380e-01, 1.53684265e+03,
       3.80192078e+02, 4.03492570e-01, 7.45143921e+02, 5.27250366e+02,
       8.59218121e-01, 7.59810791e+02, 4.97941803e+02, 8.16945732e-01,
       7.51068542e+02, 5.56799622e+02, 5.23820937e-01, 7.68716614e+02,
       4.80298065e+02, 4.72348273e-01, 1.62807715e+03, 3.44858307e+02,
       1.00588888e-01, 1.62517920e+03, 3.41892426e+02, 1.14220276e-01,
       1.55162646e+03, 3.65533478e+02, 2.77141929e-01, 1.62519043e+03,
       6.95127136e+02, 5.33845663e-01, 1.61351233e+03, 7.12680969e+02,
       4.74717826e-01, 1.57221191e+03, 7.33333374e+02, 3.60142767e-01 ]
