%YAML:1.0
---
pose_0: !!opencv-matrix
   rows: 1
   cols: 25
   dt: "3f"
   data: [ 7.65864258e+02, 5.18513000e+02, 8.41943085e-01,
       8.86377747e+02, 5.27210693e+02, 7.77756333e-01, 8.80412964e+02,
       6.00899231e+02, 7.32356369e-01, 1.00112134e+03, 6.45177612e+02,
       7.58234322e-01, 1.10720129e+03, 6.74526733e+02, 7.98503876e-01,
       9.07040222e+02, 4.50782440e+02, 6.88563108e-01, 1.04833215e+03,
       4.36039520e+02, 9.02108967e-01, 1.02181219e+03, 4.62662567e+02,
       7.95674205e-01, 1.14838660e+03, 5.50878235e+02, 6.38827145e-01,
       1.14252698e+03, 5.95075195e+02, 6.51450574e-01, 1.33089819e+03,
       6.21579102e+02, 7.34739304e-01, 1.49567151e+03, 6.68603516e+02,
       5.90078235e-01, 1.16007275e+03, 5.00894440e+02, 6.10231817e-01,
       1.36618994e+03, 4.83188904e+02, 6.43975675e-01, 1.56329321e+03,
       4.83172180e+02, 6.84324741e-01, 7.53959595e+02, 5.30270752e+02,
       8.10542047e-01, 7.62736694e+02, 5.00849274e+02, 9.01709855e-01,
       7.68762329e+02, 5.53708618e+02, 5.47730327e-01, 7.86341003e+02,
       4.74318573e+02, 6.63881838e-01, 1.61640100e+03, 4.39055603e+02,
       4.33880091e-01, 1.61050720e+03, 4.39040741e+02, 4.91235852e-01,
       1.59275916e+03, 4.86160980e+02, 3.02902043e-01, 1.57516736e+03,
       6.71624634e+02, 4.97651249e-01, 1.56335547e+03, 6.86242554e+02,
       4.96221900e-01, 1.51634167e+03, 6.68579834e+02, 2.87195086e-01 ]
