%YAML:1.0
---
pose_0: !!opencv-matrix
   rows: 1
   cols: 25
   dt: "3f"
   data: [ 0., 0., 0., 7.65768066e+02, 5.42050049e+02, 5.72685301e-01,
       7.80499329e+02, 5.27383057e+02, 4.77636844e-01, 9.30473145e+02,
       5.12688171e+02, 7.55848289e-01, 8.89362671e+02, 3.86113007e+02,
       8.36459935e-01, 7.62766113e+02, 5.53873413e+02, 5.07448614e-01,
       9.24699524e+02, 5.12669189e+02, 2.14522764e-01, 0., 0., 0.,
       1.09540393e+03, 5.68567200e+02, 4.29332972e-01, 1.08656384e+03,
       5.95029541e+02, 3.50446075e-01, 1.37498889e+03, 5.30195068e+02,
       6.20015085e-01, 1.61928479e+03, 6.95152405e+02, 3.01905096e-01,
       1.10715869e+03, 5.36162292e+02, 3.23278069e-01, 1.38089978e+03,
       5.24346436e+02, 2.40216851e-01, 1.53396130e+03, 6.74500732e+02,
       1.15817606e-01, 0., 0., 0., 0., 0., 0., 7.18604370e+02,
       5.00896606e+02, 1.19788967e-01, 6.83348511e+02, 5.62635376e+02,
       1.57120347e-01, 0., 0., 0., 0., 0., 0., 1.53100549e+03,
       6.95138916e+02, 7.37641677e-02, 1.68396814e+03, 7.36327637e+02,
       1.36250436e-01, 1.66055042e+03, 7.42253723e+02, 1.64983779e-01,
       1.66047485e+03, 7.36263855e+02, 2.12087631e-01 ]
