%YAML:1.0
---
pose_0: !!opencv-matrix
   rows: 1
   cols: 25
   dt: "3f"
   data: [ 5.09698425e+02, 5.30303528e+02, 7.75196552e-01,
       6.24517944e+02, 5.27432007e+02, 5.61200500e-01, 6.18623047e+02,
       5.83231628e+02, 4.94188070e-01, 7.36231506e+02, 6.92067871e+02,
       6.76472902e-01, 5.03686707e+02, 6.21586060e+02, 6.46710396e-01,
       6.24501404e+02, 4.59706299e+02, 2.96840250e-01, 7.18551514e+02,
       3.68378784e+02, 6.85420871e-01, 4.92060425e+02, 3.35940918e+02,
       6.23246312e-01, 1.01590424e+03, 5.21425598e+02, 4.15950090e-01,
       9.98262512e+02, 5.89181946e+02, 4.07520354e-01, 1.32202649e+03,
       6.45036865e+02, 4.45524007e-01, 1.70753809e+03, 6.80414307e+02,
       2.45358244e-01, 1.01887903e+03, 4.50833282e+02, 3.89128506e-01,
       1.32789148e+03, 4.59681824e+02, 3.77007991e-01, 1.72525281e+03,
       4.80311615e+02, 2.12802455e-01, 4.89098083e+02, 5.50783752e+02,
       7.61755466e-01, 4.92079803e+02, 5.03803955e+02, 7.42963493e-01,
       5.03756592e+02, 5.77332275e+02, 1.77307203e-01, 5.21477905e+02,
       4.74387939e+02, 4.95381057e-01, 1.82825073e+03, 4.59636597e+02,
       1.15092836e-01, 1.82830945e+03, 4.59685730e+02, 1.22929513e-01,
       1.77823364e+03, 5.06837585e+02, 1.36365935e-01, 0., 0., 0., 0.,
       0., 0., 1.71644360e+03, 6.83329224e+02, 1.58481777e-01 ]
