%YAML:1.0
---
pose_0: !!opencv-matrix
   rows: 1
   cols: 25
   dt: "3f"
   data: [ 6.47981750e+02, 4.36241760e+02, 8.85961533e-01,
       7.68673706e+02, 4.33203186e+02, 6.34474158e-01, 7.86312561e+02,
       5.03795197e+02, 3.16494435e-01, 0., 0., 0., 0., 0., 0.,
       7.71624146e+02, 3.44854736e+02, 6.09314859e-01, 9.01091492e+02,
       2.85982147e+02, 7.44247496e-01, 1.02483533e+03, 2.18277344e+02,
       8.38716626e-01, 1.11303760e+03, 4.12625305e+02, 4.35408622e-01,
       1.11306274e+03, 4.71420654e+02, 4.12654102e-01, 1.30432251e+03,
       4.33108978e+02, 4.07836914e-01, 1.63406677e+03, 3.65431488e+02,
       3.77408534e-01, 1.10421973e+03, 3.59574005e+02, 4.56337601e-01,
       1.30140247e+03, 3.38949066e+02, 3.44341457e-01, 1.49564172e+03,
       3.83132141e+02, 1.14116788e-01, 6.30402832e+02, 4.56796539e+02,
       8.14260244e-01, 6.39126221e+02, 4.15591919e+02, 8.20228875e-01,
       6.45121033e+02, 4.83192993e+02, 2.50288129e-01, 6.65617798e+02,
       3.88980377e+02, 5.22460401e-01, 0., 0., 0., 0., 0., 0., 0., 0.,
       0., 1.75173157e+03, 3.27213135e+02, 2.26740897e-01,
       1.74290198e+03, 3.41964630e+02, 2.05776617e-01, 1.65751050e+03,
       3.56669556e+02, 1.98765934e-01 ]
