%YAML:1.0
---
pose_0: !!opencv-matrix
   rows: 1
   cols: 25
   dt: "3f"
   data: [ 6.68730835e+02, 4.56696625e+02, 9.15852189e-01,
       8.01011658e+02, 4.86108398e+02, 7.05042303e-01, 7.98174316e+02,
       5.77396362e+02, 7.12036252e-01, 9.30616394e+02, 6.30429138e+02,
       8.15288603e-01, 9.89421692e+02, 6.00983337e+02, 8.50925922e-01,
       8.04018250e+02, 3.97803528e+02, 6.28049731e-01, 9.62917053e+02,
       3.47772888e+02, 8.05581689e-01, 8.51132080e+02, 3.62540527e+02,
       8.41111302e-01, 1.08652808e+03, 4.83191681e+02, 5.37397504e-01,
       1.07773462e+03, 5.30264282e+02, 5.85965574e-01, 1.28388074e+03,
       5.65621887e+02, 7.03621924e-01, 1.52213855e+03, 5.71515930e+02,
       5.15034437e-01, 1.08654114e+03, 4.33071869e+02, 5.02725244e-01,
       1.32790967e+03, 4.33273041e+02, 5.03750980e-01, 1.57512146e+03,
       4.53806244e+02, 5.92450619e-01, 6.53876465e+02, 4.68484009e+02,
       8.00580740e-01, 6.65612000e+02, 4.36044769e+02, 8.86186123e-01,
       6.68621582e+02, 5.03701172e+02, 6.93182588e-01, 6.92064758e+02,
       4.12575012e+02, 5.76179326e-01, 1.63989417e+03, 4.30218903e+02,
       4.82950926e-01, 1.63405530e+03, 4.27236664e+02, 5.25648534e-01,
       1.60751904e+03, 4.62631256e+02, 3.16797048e-01, 1.61047668e+03,
       5.74382629e+02, 3.25089931e-01, 1.59276440e+03, 5.86232544e+02,
       2.80647159e-01, 1.55747302e+03, 5.50925110e+02, 2.39051417e-01 ]
