%YAML:1.0
---
pose_0: !!opencv-matrix
   rows: 1
   cols: 25
   dt: "3f"
   data: [ 7.83376221e+02, 4.36200195e+02, 5.10263801e-01,
       8.42258057e+02, 4.89138275e+02, 4.13732111e-01, 8.71683655e+02,
       5.30368713e+02, 6.41971707e-01, 1.00419879e+03, 5.80264221e+02,
       7.84334302e-01, 1.13964209e+03, 4.94939117e+02, 7.83598304e-01,
       8.36353027e+02, 4.42051239e+02, 1.99985549e-01, 9.39368530e+02,
       4.56772919e+02, 7.03648329e-02, 0., 0., 0., 1.14540039e+03,
       5.53814392e+02, 5.15492737e-01, 1.13959033e+03, 5.92099731e+02,
       4.77245957e-01, 1.37499500e+03, 5.30393066e+02, 8.01930428e-01,
       1.59284375e+03, 6.92174011e+02, 5.34760416e-01, 1.15715881e+03,
       5.09708069e+02, 4.11149204e-01, 1.37492224e+03, 4.33252930e+02,
       8.12611699e-01, 1.56339941e+03, 5.74399719e+02, 5.64747036e-01,
       7.62838135e+02, 4.50839630e+02, 4.44971144e-01, 0., 0., 0.,
       7.80441833e+02, 4.74358948e+02, 3.69639516e-01, 0., 0., 0.,
       1.68413745e+03, 6.27393921e+02, 1.51329130e-01, 1.68117175e+03,
       6.24447876e+02, 1.66409656e-01, 1.57808923e+03, 5.98002991e+02,
       3.02672505e-01, 1.66638501e+03, 7.27516174e+02, 3.65514338e-01,
       1.64575024e+03, 7.39281860e+02, 4.01885271e-01, 1.61637109e+03,
       7.09825806e+02, 2.87218004e-01 ]
