%YAML:1.0
---
pose_0: !!opencv-matrix
   rows: 1
   cols: 25
   dt: "3f"
   data: [ 7.18541443e+02, 4.80109039e+02, 8.69220316e-01,
       8.39337891e+02, 4.71421417e+02, 5.93913198e-01, 8.54074524e+02,
       5.47958618e+02, 4.51973557e-01, 9.92375122e+02, 5.71506653e+02,
       1.44014940e-01, 1.06003027e+03, 5.77303589e+02, 5.98782152e-02,
       8.51064880e+02, 3.92010956e+02, 5.27281284e-01, 9.95227905e+02,
       3.65392548e+02, 7.61796594e-01, 1.12778210e+03, 3.38949493e+02,
       8.38666797e-01, 1.11901001e+03, 4.89128113e+02, 5.21630645e-01,
       1.11891504e+03, 5.42045105e+02, 5.49140275e-01, 1.31617603e+03,
       5.30292358e+02, 7.34844208e-01, 1.56925220e+03, 5.15533020e+02,
       6.17692530e-01, 1.12187341e+03, 4.39001984e+02, 5.16701400e-01,
       1.35445923e+03, 4.18505615e+02, 6.59957528e-01, 1.54573145e+03,
       4.21425964e+02, 5.66122413e-01, 7.01029236e+02, 4.86228790e+02,
       7.79605269e-01, 7.09809265e+02, 4.56761749e+02, 8.59531522e-01,
       7.18654602e+02, 5.06754944e+02, 2.92016774e-01, 7.33377930e+02,
       4.30206604e+02, 6.31330431e-01, 1.61052393e+03, 3.94853027e+02,
       4.73979115e-01, 1.61035046e+03, 3.92018738e+02, 5.37979901e-01,
       1.57511670e+03, 4.33162048e+02, 3.47681016e-01, 1.66927515e+03,
       5.39106873e+02, 2.43339077e-01, 1.66341370e+03, 5.36190491e+02,
       2.93505698e-01, 1.60163318e+03, 4.97908112e+02, 3.14230412e-01 ]
