%YAML:1.0
---
pose_0: !!opencv-matrix
   rows: 1
   cols: 25
   dt: "3f"
   data: [ 6.92151428e+02, 4.83278687e+02, 9.13517892e-01,
       8.12932983e+02, 5.03873535e+02, 7.43463993e-01, 8.27583496e+02,
       5.86239441e+02, 6.80937052e-01, 9.60019897e+02, 6.36260437e+02,
       7.48914599e-01, 1.01594153e+03, 6.06792969e+02, 8.16664815e-01,
       8.06942200e+02, 4.36070862e+02, 6.15257859e-01, 9.71729248e+02,
       3.62368469e+02, 8.47748220e-01, 8.57049683e+02, 3.68415253e+02,
       8.62568200e-01, 1.09534045e+03, 4.89063141e+02, 5.69544733e-01,
       1.08651575e+03, 5.33302185e+02, 6.05562568e-01, 1.29554712e+03,
       5.77344482e+02, 7.31998026e-01, 1.49866284e+03, 5.86260193e+02,
       5.73440135e-01, 1.09544470e+03, 4.33171356e+02, 5.46744466e-01,
       1.34846484e+03, 4.36255585e+02, 6.50641441e-01, 1.56632483e+03,
       4.65545563e+02, 6.35012686e-01, 6.74483521e+02, 5.03642548e+02,
       8.23282599e-01, 6.86207886e+02, 4.62570740e+02, 8.32586706e-01,
       6.92223694e+02, 5.24360046e+02, 3.86813641e-01, 7.12815735e+02,
       4.36260895e+02, 6.36900961e-01, 1.63412256e+03, 4.50770813e+02,
       3.97017777e-01, 1.63101135e+03, 4.41988098e+02, 4.42659616e-01,
       1.59576404e+03, 4.74323608e+02, 3.37656379e-01, 1.58991833e+03,
       5.74424133e+02, 3.54350120e-01, 1.58394177e+03, 5.83319519e+02,
       2.49079615e-01, 1.53097546e+03, 5.62675964e+02, 2.36234367e-01 ]
