%YAML:1.0
---
pose_0: !!opencv-matrix
   rows: 1
   cols: 25
   dt: "3f"
   data: [ 5.53992188e+02, 5.24306763e+02, 7.48181164e-01,
       6.50944824e+02, 5.06681641e+02, 6.42439187e-01, 6.33316589e+02,
       5.65643982e+02, 4.54588592e-01, 7.59830200e+02, 5.33193604e+02,
       1.02271713e-01, 7.92260742e+02, 4.77311279e+02, 6.34100512e-02,
       6.71580994e+02, 4.36096680e+02, 5.87735176e-01, 8.12880676e+02,
       4.21409668e+02, 7.62294412e-01, 7.36286072e+02, 5.24346802e+02,
       3.73264849e-01, 1.05125256e+03, 5.50818054e+02, 4.20442641e-01,
       1.04240613e+03, 6.03913940e+02, 4.31017578e-01, 1.30731604e+03,
       6.15621582e+02, 2.31390014e-01, 1.50160168e+03, 6.12704834e+02,
       2.08204821e-01, 1.05418445e+03, 4.80219147e+02, 4.06632721e-01,
       1.33081787e+03, 5.21458313e+02, 4.53838408e-01, 1.60161548e+03,
       5.59752441e+02, 3.41511488e-01, 5.39118958e+02, 5.39162598e+02,
       6.52553678e-01, 5.42094788e+02, 4.97870850e+02, 7.10604012e-01,
       5.53821472e+02, 5.59769836e+02, 1.70731783e-01, 5.71468140e+02,
       4.59703552e+02, 5.30293643e-01, 1.66051257e+03, 5.09659851e+02,
       6.73753172e-02, 1.66342261e+03, 5.18488342e+02, 6.56644255e-02,
       1.62221960e+03, 5.74452698e+02, 1.33634597e-01, 1.49281506e+03,
       6.68559631e+02, 1.83812380e-01, 1.48095996e+03, 6.65596741e+02,
       1.87982529e-01, 1.53978284e+03, 6.03840454e+02, 1.06315091e-01 ]
