%YAML:1.0
---
pose_0: !!opencv-matrix
   rows: 1
   cols: 25
   dt: "3f"
   data: [ 7.12685364e+02, 4.80346924e+02, 8.10374320e-01,
       8.12846924e+02, 4.36059814e+02, 5.55072546e-01, 8.09862671e+02,
       4.97879608e+02, 2.91506886e-01, 0., 0., 0., 0., 0., 0.,
       8.24578491e+02, 3.71378265e+02, 5.74250996e-01, 8.86470520e+02,
       3.15340088e+02, 6.53268814e-01, 9.30459412e+02, 2.44842957e+02,
       7.11637199e-01, 1.11602490e+03, 4.62628479e+02, 5.62095404e-01,
       1.11299231e+03, 5.09738068e+02, 5.70527554e-01, 1.33081116e+03,
       5.77536682e+02, 7.28690505e-01, 1.59278223e+03, 6.03886841e+02,
       5.66003144e-01, 1.11893079e+03, 4.12502502e+02, 5.35871267e-01,
       1.33091443e+03, 4.24316284e+02, 6.94245756e-01, 1.61041406e+03,
       4.56686218e+02, 6.06718898e-01, 6.92206543e+02, 4.86122803e+02,
       6.36229873e-01, 6.95085571e+02, 4.59616699e+02, 8.05323184e-01,
       0., 0., 0., 7.15722595e+02, 4.18423706e+02, 6.00251496e-01,
       1.67230603e+03, 4.33126801e+02, 4.11449611e-01, 1.66345313e+03,
       4.27283051e+02, 4.81606960e-01, 1.65168115e+03, 4.62551910e+02,
       2.68348843e-01, 1.64581653e+03, 5.65603088e+02, 1.77652046e-01,
       1.63402502e+03, 5.77399780e+02, 1.39875636e-01, 1.63105212e+03,
       5.97906616e+02, 3.21174204e-01 ]
