%YAML:1.0
---
pose_0: !!opencv-matrix
   rows: 1
   cols: 25
   dt: "3f"
   data: [ 7.68695862e+02, 4.18439697e+02, 8.41421187e-01,
       8.80604736e+02, 4.50849243e+02, 6.98991120e-01, 8.80547241e+02,
       5.24378784e+02, 8.00851583e-01, 1.00410498e+03, 5.62699707e+02,
       6.02660239e-01, 1.04526538e+03, 5.94981384e+02, 7.31701970e-01,
       8.77560242e+02, 3.83157288e+02, 5.71013749e-01, 1.02773523e+03,
       3.21416382e+02, 7.52395749e-01, 1.11899243e+03, 2.68451965e+02,
       8.46573353e-01, 1.13959497e+03, 4.24368134e+02, 5.32139599e-01,
       1.13959753e+03, 4.77255005e+02, 5.87571025e-01, 1.34560474e+03,
       4.86232391e+02, 7.62646496e-01, 1.53391772e+03, 5.77466614e+02,
       5.84795594e-01, 1.13946704e+03, 3.68428345e+02, 5.58101356e-01,
       1.33672473e+03, 3.36065796e+02, 6.27931893e-01, 1.57220532e+03,
       3.06623657e+02, 5.79307675e-01, 7.56872070e+02, 4.36052124e+02,
       8.45820487e-01, 7.62731506e+02, 4.06589142e+02, 8.70424986e-01,
       7.68735779e+02, 4.62692810e+02, 6.12564743e-01, 7.83417542e+02,
       3.86048553e+02, 5.32874346e-01, 1.63994836e+03, 2.74203491e+02,
       4.91194844e-01, 1.63698645e+03, 2.71318695e+02, 5.10658324e-01,
       1.60750635e+03, 3.12437439e+02, 2.56863415e-01, 1.61339502e+03,
       5.95066467e+02, 5.64928234e-01, 1.60160022e+03, 6.03892578e+02,
       5.07748902e-01, 1.55162207e+03, 5.83305664e+02, 2.64294893e-01 ]
