%YAML:1.0
---
pose_0: !!opencv-matrix
   rows: 1
   cols: 25
   dt: "3f"
   data: [ 7.33346802e+02, 4.83210632e+02, 8.81354749e-01,
       8.59941833e+02, 4.94990326e+02, 7.23164797e-01, 8.60044861e+02,
       5.74427185e+02, 7.31568694e-01, 9.60023071e+02, 6.68690125e+02,
       7.31090903e-01, 9.30634094e+02, 6.48046021e+02, 1.74988657e-01,
       8.68782532e+02, 4.12585297e+02, 5.93708038e-01, 1.02467444e+03,
       3.83047424e+02, 5.19748330e-01, 1.00708203e+03, 3.89047516e+02,
       4.27401692e-01, 1.13655029e+03, 4.86217804e+02, 5.76002419e-01,
       1.12195923e+03, 5.33179321e+02, 6.48368716e-01, 1.30141296e+03,
       5.89119812e+02, 7.01251447e-01, 1.53980652e+03, 6.01038513e+02,
       5.68204165e-01, 1.13657104e+03, 4.36013367e+02, 5.73810935e-01,
       1.35140344e+03, 4.50840302e+02, 6.29270554e-01, 1.54575244e+03,
       4.68478699e+02, 5.42574465e-01, 7.15800415e+02, 5.03715179e+02,
       8.02967727e-01, 7.18723389e+02, 4.62663910e+02, 8.18244576e-01,
       7.39150269e+02, 5.24365967e+02, 2.58702219e-01, 7.48071106e+02,
       4.36238892e+02, 6.09778523e-01, 1.63396619e+03, 4.36187958e+02,
       4.80577826e-01, 1.63097546e+03, 4.36131348e+02, 4.81768876e-01,
       1.58981787e+03, 4.77344421e+02, 3.11303675e-01, 1.63687720e+03,
       5.83270630e+02, 3.62163574e-01, 1.62515808e+03, 5.98032837e+02,
       3.07300925e-01, 1.56637280e+03, 5.89127747e+02, 2.92635381e-01 ]
