%YAML:1.0
---
pose_0: !!opencv-matrix
   rows: 1
   cols: 25
   dt: "3f"
   data: [ 8.33339844e+02, 3.94883636e+02, 7.31909990e-01,
       9.21696350e+02, 2.85941437e+02, 4.55286711e-01, 9.27619324e+02,
       2.74244080e+02, 3.52442831e-01, 1.06599561e+03, 4.27215240e+02,
       6.39458597e-01, 1.16894617e+03, 5.21479126e+02, 7.01223731e-01,
       9.09929321e+02, 2.91761993e+02, 7.41506219e-01, 9.92337036e+02,
       4.21396973e+02, 7.10708201e-01, 1.04537524e+03, 5.53970520e+02,
       7.36337960e-01, 1.19550842e+03, 3.09528259e+02, 5.37087917e-01,
       1.19247192e+03, 3.56604034e+02, 6.01094306e-01, 1.34561035e+03,
       5.03912384e+02, 8.08091402e-01, 1.56041516e+03, 5.47889160e+02,
       6.63084209e-01, 1.19839136e+03, 2.65336395e+02, 4.67455387e-01,
       1.42215771e+03, 2.44691605e+02, 6.75922394e-01, 1.57511462e+03,
       1.35893234e+02, 4.12615061e-01, 8.12970154e+02, 4.00794067e+02,
       9.84207094e-02, 8.15868652e+02, 3.85922516e+02, 7.56521225e-01,
       0., 0., 0., 8.21721863e+02, 3.36002350e+02, 5.82265615e-01,
       1.65170972e+03, 1.24090561e+02, 3.01060379e-01, 1.64574341e+03,
       1.18266602e+02, 3.07647735e-01, 1.58396228e+03, 1.06374512e+02,
       1.87824681e-01, 1.58698816e+03, 6.18613403e+02, 4.52874631e-01,
       1.58686084e+03, 6.09733154e+02, 4.06428099e-01, 1.58688110e+03,
       5.30200134e+02, 5.70275784e-01 ]
