%YAML:1.0
---
pose_0: !!opencv-matrix
   rows: 1
   cols: 25
   dt: "3f"
   data: [ 7.45123352e+02, 4.83194031e+02, 8.57656360e-01,
       8.56850159e+02, 5.06693054e+02, 7.72439122e-01, 8.39392822e+02,
       5.74510254e+02, 7.37030923e-01, 9.68804199e+02, 6.21377197e+02,
       6.31900728e-01, 1.06591443e+03, 5.50858887e+02, 7.48550653e-01,
       8.59973511e+02, 4.44891205e+02, 6.76812828e-01, 9.54149292e+02,
       4.36071106e+02, 4.42805767e-01, 9.01120117e+02, 4.62603027e+02,
       1.98158696e-01, 1.11597388e+03, 5.27302368e+02, 4.93009061e-01,
       1.11010693e+03, 5.80282898e+02, 5.00364959e-01, 1.32490015e+03,
       5.86229004e+02, 5.45245588e-01, 1.54863867e+03, 5.97919373e+02,
       4.66166377e-01, 1.11595520e+03, 4.65550598e+02, 5.35261989e-01,
       1.32492432e+03, 4.53713531e+02, 6.36634469e-01, 1.53395007e+03,
       4.59597351e+02, 4.13487732e-01, 7.36322632e+02, 5.00748077e+02,
       7.64064789e-01, 7.39115906e+02, 4.62694672e+02, 7.79934883e-01,
       7.45200439e+02, 5.27201172e+02, 5.62529504e-01, 7.62693848e+02,
       4.42004700e+02, 7.03396022e-01, 1.63398987e+03, 4.15463440e+02,
       4.28157002e-01, 1.63102808e+03, 4.12494812e+02, 4.62558061e-01,
       1.55746875e+03, 4.77326324e+02, 1.90640837e-01, 1.61643359e+03,
       5.71525940e+02, 3.52560759e-01, 1.61334448e+03, 5.80343933e+02,
       2.89034873e-01, 1.57808044e+03, 5.95040833e+02, 2.17260718e-01 ]
