%YAML:1.0
---
pose_0: !!opencv-matrix
   rows: 1
   cols: 25
   dt: "3f"
   data: [ 6.86219666e+02, 5.27468872e+02, 8.80952358e-01,
       8.12901855e+02, 5.33237854e+02, 6.70912087e-01, 8.36281921e+02,
       6.15602234e+02, 5.98194420e-01, 9.77615906e+02, 6.74516785e+02,
       8.41822803e-01, 8.57071960e+02, 6.95057190e+02, 7.86834896e-01,
       7.98113403e+02, 4.59656891e+02, 5.87905824e-01, 9.39366943e+02,
       3.62497742e+02, 8.01834047e-01, 1.00109198e+03, 3.89086792e+02,
       8.29470158e-01, 1.11593811e+03, 5.56756775e+02, 5.67493260e-01,
       1.10127429e+03, 6.06876282e+02, 5.85218430e-01, 1.26906543e+03,
       6.80430969e+02, 4.52322334e-01, 1.44854614e+03, 6.98107849e+02,
       2.43355304e-01, 1.11891479e+03, 4.97915924e+02, 5.32445431e-01,
       1.33965796e+03, 5.92053955e+02, 6.60518289e-01, 1.74585510e+03,
       5.98007080e+02, 3.98123115e-01, 6.68600403e+02, 5.47863708e+02,
       8.36974740e-01, 6.71597412e+02, 5.06759338e+02, 8.62880707e-01,
       6.83340271e+02, 5.74360413e+02, 4.53116834e-01, 6.95177490e+02,
       4.83279175e+02, 6.17385089e-01, 1.82237183e+03, 6.48027405e+02,
       1.26705974e-01, 1.82538672e+03, 6.42133179e+02, 1.06709450e-01,
       1.78118250e+03, 6.21593506e+02, 2.88588405e-01, 0., 0., 0., 0.,
       0., 0., 1.49862439e+03, 6.77448792e+02, 9.59370732e-02 ]
