%YAML:1.0
---
pose_0: !!opencv-matrix
   rows: 1
   cols: 25
   dt: "3f"
   data: [ 0., 0., 0., 8.18716614e+02, 5.80315552e+02, 1.77563578e-01,
       8.59969543e+02, 6.12656921e+02, 1.69465333e-01, 9.27623779e+02,
       6.48161377e+02, 4.39172238e-01, 1.08955127e+03, 6.42146606e+02,
       6.92435861e-01, 7.65708435e+02, 5.80378906e+02, 1.51364014e-01,
       9.04072876e+02, 6.68629578e+02, 7.80953392e-02, 0., 0., 0.,
       1.09536560e+03, 5.42063843e+02, 4.94716644e-01, 1.09239771e+03,
       5.74442139e+02, 4.01879847e-01, 1.34847400e+03, 5.27244019e+02,
       7.02063859e-01, 1.64575171e+03, 6.45158386e+02, 4.67294753e-01,
       1.10129285e+03, 5.03843903e+02, 4.26007986e-01, 1.37796057e+03,
       5.21460571e+02, 2.54947394e-01, 1.58106812e+03, 5.97996704e+02,
       1.66206062e-01, 0., 0., 0., 0., 0., 0., 0., 0., 0., 0., 0., 0.,
       1.62813171e+03, 5.30304688e+02, 8.01517591e-02, 0., 0., 0., 0.,
       0., 0., 1.75163562e+03, 6.30330933e+02, 4.78142381e-01,
       1.73994299e+03, 6.45100586e+02, 4.16192055e-01, 1.65753625e+03,
       6.71667664e+02, 3.04303885e-01 ]
