%YAML:1.0
---
pose_0: !!opencv-matrix
   rows: 1
   cols: 25
   dt: "3f"
   data: [ 5.18534424e+02, 5.50873962e+02, 8.06271434e-01,
       6.53856873e+02, 5.56766479e+02, 5.88581443e-01, 6.50934998e+02,
       6.24465820e+02, 4.44948435e-01, 7.03984619e+02, 7.00979980e+02,
       5.27996480e-01, 4.62606873e+02, 6.44995361e+02, 8.07887197e-01,
       6.59742981e+02, 4.83160645e+02, 4.64605719e-01, 7.30415161e+02,
       3.91923004e+02, 4.99229491e-01, 5.00810730e+02, 4.18502563e+02,
       7.51981616e-01, 1.04535791e+03, 5.53792603e+02, 4.71647888e-01,
       1.02774927e+03, 6.24453186e+02, 4.46420133e-01, 1.33672754e+03,
       6.62764709e+02, 2.20889807e-01, 1.75467847e+03, 6.68694580e+02,
       6.32960349e-02, 1.04830762e+03, 4.83153046e+02, 4.29223150e-01,
       1.33381189e+03, 5.00788483e+02, 4.38886166e-01, 1.71936279e+03,
       4.92005310e+02, 1.54046312e-01, 5.00880829e+02, 5.71427795e+02,
       8.03963840e-01, 5.03867249e+02, 5.27243408e+02, 8.49703372e-01,
       5.06861694e+02, 6.00896545e+02, 3.30493569e-01, 5.47882751e+02,
       4.97884216e+02, 5.62878847e-01, 1.84299670e+03, 4.53753632e+02,
       1.36621505e-01, 1.84300891e+03, 4.56719086e+02, 1.38862878e-01,
       1.73111279e+03, 5.09678802e+02, 8.26660246e-02, 0., 0., 0., 0.,
       0., 0., 1.75471777e+03, 6.71586182e+02, 6.09178916e-02 ]
