%YAML:1.0
---
pose_0: !!opencv-matrix
   rows: 1
   cols: 25
   dt: "3f"
   data: [ 7.01043884e+02, 2.88828430e+02, 6.65256798e-01,
       7.71662476e+02, 2.35955002e+02, 5.32851338e-01, 7.95230042e+02,
       3.21287109e+02, 2.79701799e-01, 8.80541504e+02, 3.88946381e+02,
       1.98447809e-01, 0., 0., 0., 7.59869019e+02, 1.56495300e+02,
       5.17670512e-01, 9.42385376e+02, 1.03385864e+02, 8.10776830e-01,
       1.01889545e+03, 1.74148041e+02, 8.07448745e-01, 1.06303687e+03,
       2.85960846e+02, 5.28937161e-01, 1.05715015e+03, 3.33112579e+02,
       5.16640663e-01, 1.28080640e+03, 3.09487732e+02, 3.75101298e-01,
       1.41324988e+03, 2.68348114e+02, 1.96499676e-01, 1.06895557e+03,
       2.27131058e+02, 5.44833422e-01, 1.33078442e+03, 1.77241074e+02,
       5.70410192e-01, 1.53395715e+03, 1.47672958e+02, 3.08268815e-01,
       6.92124146e+02, 2.94803802e+02, 6.85235143e-01, 6.89165161e+02,
       2.68438293e+02, 7.18176842e-01, 7.18763672e+02, 2.97840302e+02,
       7.05811679e-02, 6.92062683e+02, 2.27129044e+02, 5.48974097e-01,
       1.64868225e+03, 1.27120987e+02, 1.29055455e-01, 1.65168604e+03,
       1.27112587e+02, 1.33315161e-01, 0., 0., 0., 1.51335181e+03,
       2.06530518e+02, 5.80527410e-02, 1.51330884e+03, 2.21156433e+02,
       5.89208417e-02, 1.44861841e+03, 2.65378479e+02, 8.59339982e-02 ]
