%YAML:1.0
---
pose_0: !!opencv-matrix
   rows: 1
   cols: 25
   dt: "3f"
   data: [ 6.80351257e+02, 6.01025818e+02, 7.46254146e-01,
       7.83361206e+02, 5.74495850e+02, 5.67319810e-01, 7.95161072e+02,
       6.56810547e+02, 5.16408741e-01, 9.36450562e+02, 7.56854797e+02,
       7.70141542e-01, 8.30444641e+02, 7.21558777e+02, 7.95528054e-01,
       7.62807312e+02, 5.06695129e+02, 3.51495743e-01, 9.68817078e+02,
       4.36212616e+02, 8.30808401e-01, 8.30493408e+02, 4.62560883e+02,
       8.29187453e-01, 1.11888477e+03, 6.24405762e+02, 6.12837791e-01,
       1.09838000e+03, 6.71665283e+02, 6.15527391e-01, 1.35440149e+03,
       7.62820435e+02, 7.93351769e-01, 1.56341125e+03, 7.36229309e+02,
       5.78810513e-01, 1.13072131e+03, 5.68515076e+02, 5.12246966e-01,
       1.38970300e+03, 5.71434265e+02, 4.53393996e-01, 1.62810120e+03,
       5.27247742e+02, 5.78835249e-01, 6.65704285e+02, 6.21506165e+02,
       7.84997523e-01, 6.65681152e+02, 5.89118774e+02, 7.04658568e-01,
       6.95196594e+02, 6.27512634e+02, 9.69460085e-02, 6.68557678e+02,
       5.53715027e+02, 5.84659994e-01, 1.71344495e+03, 4.89079071e+02,
       4.78742719e-01, 1.70755139e+03, 4.86187286e+02, 5.22980154e-01,
       1.67817029e+03, 5.36140198e+02, 1.98179036e-01, 1.66046350e+03,
       7.68696228e+02, 3.37382734e-01, 1.65747156e+03, 7.68723022e+02,
       3.57925206e-01, 1.58991345e+03, 7.12740356e+02, 4.20380771e-01 ]
