%YAML:1.0
---
pose_0: !!opencv-matrix
   rows: 1
   cols: 25
   dt: "3f"
   data: [ 6.62673279e+02, 5.30194275e+02, 8.76836240e-01,
       7.83453918e+02, 5.33279297e+02, 6.77096188e-01, 7.80503052e+02,
       6.03831726e+02, 6.22628629e-01, 9.36426208e+02, 6.68497925e+02,
       6.63143456e-01, 1.05133350e+03, 7.36334534e+02, 7.97378600e-01,
       7.83428833e+02, 4.68522430e+02, 5.51454127e-01, 9.30689697e+02,
       4.06557068e+02, 7.54700541e-01, 1.08358093e+03, 3.65509094e+02,
       7.79734969e-01, 1.06006177e+03, 5.27402344e+02, 5.20283043e-01,
       1.05130054e+03, 5.80353760e+02, 5.57034433e-01, 1.30132397e+03,
       6.24525940e+02, 7.71006465e-01, 1.53974036e+03, 6.48097046e+02,
       5.91551542e-01, 1.06300549e+03, 4.68450409e+02, 4.84339803e-01,
       1.33971790e+03, 4.74374176e+02, 6.19720101e-01, 1.54280469e+03,
       4.50798584e+02, 4.82976168e-01, 6.47962097e+02, 5.47871216e+02,
       7.17209578e-01, 6.48048096e+02, 5.09760529e+02, 8.18332255e-01,
       6.68553223e+02, 5.65608337e+02, 3.87749940e-01, 6.77445496e+02,
       4.86093781e+02, 6.15608573e-01, 0., 0., 0., 0., 0., 0.,
       1.58099585e+03, 4.44929413e+02, 2.07091466e-01, 1.65164111e+03,
       6.44981262e+02, 4.67157543e-01, 1.63696204e+03, 6.48102722e+02,
       4.08703297e-01, 1.56039453e+03, 6.42160095e+02, 2.92422920e-01 ]
