%YAML:1.0
---
pose_0: !!opencv-matrix
   rows: 1
   cols: 25
   dt: "3f"
   data: [ 7.42073120e+02, 3.47873444e+02, 8.73134673e-01,
       8.83574341e+02, 3.62419922e+02, 6.03734493e-01, 8.92335876e+02,
       4.39008728e+02, 4.19024050e-01, 9.98292175e+02, 4.56797211e+02,
       3.23670596e-01, 0., 0., 0., 8.77574524e+02, 2.91913574e+02,
       5.13262987e-01, 1.02480444e+03, 2.44811310e+02, 8.57239604e-01,
       9.48168640e+02, 1.76998093e+02, 7.78527737e-01, 1.16306970e+03,
       3.65574951e+02, 6.23132169e-01, 1.15135645e+03, 4.12624603e+02,
       5.83890676e-01, 1.34853772e+03, 4.33130981e+02, 6.20709300e-01,
       1.54270251e+03, 4.33088715e+02, 6.12792075e-01, 1.16900159e+03,
       3.18298126e+02, 5.64334810e-01, 1.35445337e+03, 3.18406097e+02,
       6.27469659e-01, 1.56636157e+03, 2.91980927e+02, 6.06958866e-01,
       7.21638550e+02, 3.62567566e+02, 8.25278580e-01, 7.36309753e+02,
       3.33057678e+02, 8.50993216e-01, 7.39304565e+02, 3.85917938e+02,
       2.94692844e-01, 7.62815063e+02, 3.00747681e+02, 6.04520023e-01,
       1.58981555e+03, 3.65541351e+02, 1.09027065e-01, 1.58985278e+03,
       3.59541199e+02, 1.49777338e-01, 1.59574915e+03, 2.77216461e+02,
       2.60357231e-01, 1.61035669e+03, 4.42013611e+02, 3.65149498e-01,
       0., 0., 0., 1.56924585e+03, 4.12641846e+02, 3.87115538e-01 ]
