%YAML:1.0
---
pose_0: !!opencv-matrix
   rows: 1
   cols: 25
   dt: "3f"
   data: [ 7.45198242e+02, 5.89099365e+02, 7.72142768e-01,
       8.53996460e+02, 5.47969604e+02, 5.80933094e-01, 8.39367249e+02,
       6.00858215e+02, 3.25030684e-01, 0., 0., 0., 0., 0., 0.,
       8.59841003e+02, 4.83299652e+02, 6.11721277e-01, 9.98326538e+02,
       4.59744507e+02, 7.81183541e-01, 1.13365222e+03, 4.56690948e+02,
       7.95840144e-01, 1.11009497e+03, 5.94993896e+02, 5.55848002e-01,
       1.11010437e+03, 6.45031738e+02, 5.40913224e-01, 1.31024048e+03,
       6.45161682e+02, 7.74537742e-01, 1.54866626e+03, 6.71574036e+02,
       6.26872063e-01, 1.11305444e+03, 5.36216064e+02, 5.61243653e-01,
       1.32786780e+03, 5.03665955e+02, 7.63689518e-01, 1.52806226e+03,
       4.59591492e+02, 6.38161719e-01, 7.36265686e+02, 5.97916626e+02,
       6.05684042e-01, 7.39153381e+02, 5.71415710e+02, 7.98322439e-01,
       0., 0., 0., 7.56890991e+02, 5.30316650e+02, 5.78318894e-01,
       1.62220081e+03, 4.39061554e+02, 3.72052878e-01, 1.61635950e+03,
       4.36025269e+02, 3.64840358e-01, 1.55454883e+03, 4.53763062e+02,
       2.63995647e-01, 1.62811450e+03, 6.68576355e+02, 4.95839059e-01,
       1.61638428e+03, 6.77459106e+02, 4.46817279e-01, 1.56930823e+03,
       6.68532898e+02, 3.34016681e-01 ]
