%YAML:1.0
---
pose_0: !!opencv-matrix
   rows: 2
   cols: 25
   dt: "3f"
   data: [ 8.56947510e+02, 3.18404602e+02, 2.26617455e-01,
       8.92330322e+02, 3.56620758e+02, 4.01766390e-01, 8.59924927e+02,
       4.00756073e+02, 3.72513086e-01, 7.15548157e+02, 3.94924591e+02,
       7.42880762e-01, 6.62741394e+02, 3.15502441e+02, 7.06619263e-01,
       9.27622498e+02, 3.18430298e+02, 2.57517129e-01, 0., 0., 0., 0.,
       0., 0., 1.14240540e+03, 3.59503998e+02, 5.73854744e-01,
       1.13947144e+03, 4.09506744e+02, 5.71698308e-01, 1.33678564e+03,
       4.30222595e+02, 5.92309415e-01, 1.53986438e+03, 4.50792419e+02,
       6.45143628e-01, 1.14542505e+03, 2.97811279e+02, 5.58985949e-01,
       1.34261438e+03, 2.91964539e+02, 5.80255032e-01, 1.55455078e+03,
       2.91817596e+02, 5.71693420e-01, 8.48146240e+02, 3.15412689e+02,
       2.40296185e-01, 8.59840759e+02, 3.06572998e+02, 2.51647204e-01,
       0., 0., 0., 8.80580933e+02, 2.91845306e+02, 1.43817782e-01,
       1.63701868e+03, 2.71349274e+02, 4.31454599e-01, 1.63686047e+03,
       2.68383728e+02, 4.76347536e-01, 1.59571338e+03, 2.94845886e+02,
       2.31444314e-01, 1.60751440e+03, 4.59709839e+02, 5.17819285e-01,
       1.59277625e+03, 4.74354736e+02, 4.79262412e-01, 1.56629163e+03,
       4.36066681e+02, 3.89628202e-01, 7.48113831e+02, 3.38966736e+02,
       3.00821245e-01, 0., 0., 0., 0., 0., 0., 0., 0., 0., 0., 0., 0.,
       0., 0., 0., 0., 0., 0., 0., 0., 0., 0., 0., 0., 0., 0., 0., 0.,
       0., 0., 0., 0., 0., 0., 0., 0., 0., 0., 0., 0., 0., 0.,
       7.21640259e+02, 3.38786346e+02, 1.87272817e-01, 7.42143311e+02,
       3.21288605e+02, 2.53580391e-01, 0., 0., 0., 0., 0., 0., 0., 0.,
       0., 0., 0., 0., 0., 0., 0., 0., 0., 0., 0., 0., 0., 0., 0., 0. ]
