%YAML:1.0
---
pose_0: !!opencv-matrix
   rows: 1
   cols: 25
   dt: "3f"
   data: [ 7.71674438e+02, 4.89070129e+02, 7.83859909e-01,
       8.33399902e+02, 4.53781433e+02, 3.80818039e-01, 8.21680420e+02,
       4.92022858e+02, 2.90742755e-01, 0., 0., 0., 0., 0., 0.,
       8.42234131e+02, 4.09607330e+02, 3.72653455e-01, 9.27558167e+02,
       4.03762726e+02, 2.62131780e-01, 1.06897632e+03, 4.12712280e+02,
       6.02377832e-01, 1.10717761e+03, 5.06737335e+02, 5.15834272e-01,
       1.11304492e+03, 5.50912170e+02, 5.35891652e-01, 1.32798010e+03,
       5.86223877e+02, 7.14342415e-01, 1.54272681e+03, 6.53937927e+02,
       6.12262428e-01, 1.11008447e+03, 4.59604004e+02, 4.72443014e-01,
       1.23076965e+03, 4.27258392e+02, 2.94244409e-01, 1.35440247e+03,
       4.36071930e+02, 1.19991787e-01, 7.62670532e+02, 4.97956177e+02,
       7.89166689e-01, 7.65645813e+02, 4.77278809e+02, 7.91431308e-01,
       7.65681213e+02, 5.06732788e+02, 6.33249804e-02, 7.65769226e+02,
       4.36220428e+02, 5.36231756e-01, 1.38090161e+03, 4.09582001e+02,
       5.78802489e-02, 1.38380957e+03, 4.09610931e+02, 6.77935928e-02,
       1.38674402e+03, 4.30195801e+02, 7.65651539e-02, 1.61047595e+03,
       6.36238098e+02, 3.79820019e-01, 1.60751318e+03, 6.56805054e+02,
       2.98671395e-01, 1.56339136e+03, 6.74509094e+02, 3.26300621e-01 ]
