%YAML:1.0
---
pose_0: !!opencv-matrix
   rows: 1
   cols: 25
   dt: "3f"
   data: [ 7.30442200e+02, 5.36125183e+02, 8.15702498e-01,
       8.36394653e+02, 5.33231079e+02, 6.71731949e-01, 8.24651794e+02,
       5.89159424e+02, 4.43545908e-01, 0., 0., 0., 0., 0., 0.,
       8.53998962e+02, 4.80120300e+02, 6.51378155e-01, 9.77793640e+02,
       4.59712463e+02, 8.20349991e-01, 1.11303760e+03, 4.38995026e+02,
       8.00816655e-01, 1.09838806e+03, 5.80390076e+02, 5.49124122e-01,
       1.09835510e+03, 6.30412170e+02, 5.17034352e-01, 1.33082764e+03,
       6.44971924e+02, 4.57481205e-01, 1.54282825e+03, 6.68661377e+02,
       3.32051456e-01, 1.10422656e+03, 5.33189392e+02, 5.19319236e-01,
       1.34265881e+03, 5.03838226e+02, 5.91412365e-01, 1.51620764e+03,
       4.56628815e+02, 2.66327679e-01, 7.15695740e+02, 5.53753052e+02,
       8.38354230e-01, 7.18668762e+02, 5.24304626e+02, 8.59434485e-01,
       7.36272766e+02, 5.74566711e+02, 3.74899387e-01, 7.45136353e+02,
       4.97833344e+02, 5.51142454e-01, 0., 0., 0., 0., 0., 0., 0., 0.,
       0., 1.63390942e+03, 6.68617981e+02, 1.68284208e-01, 0., 0., 0.,
       1.60748267e+03, 6.68609009e+02, 8.84558558e-02 ]
