%YAML:1.0
---
pose_0: !!opencv-matrix
   rows: 1
   cols: 25
   dt: "3f"
   data: [ 7.62641235e+02, 3.44937775e+02, 8.53013575e-01,
       8.83600281e+02, 3.65495270e+02, 7.18472540e-01, 8.98162781e+02,
       4.33129425e+02, 6.20518923e-01, 1.01887891e+03, 4.77220703e+02,
       8.19227099e-01, 9.06936401e+02, 5.27309631e+02, 8.80436361e-01,
       8.77577271e+02, 3.06636017e+02, 5.92719793e-01, 1.02190131e+03,
       2.59463043e+02, 7.56619871e-01, 9.07147217e+02, 2.47791306e+02,
       7.66363204e-01, 1.14542810e+03, 3.71317627e+02, 5.68595171e-01,
       1.14243176e+03, 4.15596497e+02, 6.01001740e-01, 1.35736243e+03,
       4.36081726e+02, 7.69088984e-01, 1.54274426e+03, 4.50856293e+02,
       6.22864842e-01, 1.14547266e+03, 3.18367371e+02, 5.32510519e-01,
       1.37491711e+03, 2.97724762e+02, 5.57670176e-01, 1.56927100e+03,
       2.83091919e+02, 5.91236830e-01, 7.45152344e+02, 3.65405670e+02,
       7.85066009e-01, 7.48048828e+02, 3.38816406e+02, 8.19779217e-01,
       7.62771545e+02, 3.89002747e+02, 4.78969246e-01, 7.77504089e+02,
       3.15454254e+02, 4.61614728e-01, 1.63708557e+03, 2.68279358e+02,
       2.23242521e-01, 1.63394006e+03, 2.65338348e+02, 2.88396835e-01,
       1.61041272e+03, 2.83043640e+02, 2.53684342e-01, 1.60743518e+03,
       4.59597961e+02, 4.77197737e-01, 1.59288330e+03, 4.65537567e+02,
       4.32473063e-01, 1.56922571e+03, 4.33173096e+02, 3.82950306e-01 ]
