%YAML:1.0
---
pose_0: !!opencv-matrix
   rows: 1
   cols: 25
   dt: "3f"
   data: [ 5.53829224e+02, 5.77402710e+02, 1.60166070e-01,
       6.83347412e+02, 5.18526917e+02, 2.66155452e-01, 6.65651428e+02,
       6.00866028e+02, 1.81997284e-01, 6.98061279e+02, 6.68657471e+02,
       9.55089107e-02, 0., 0., 0., 7.03968872e+02, 4.15554688e+02,
       6.37989163e-01, 6.98101257e+02, 4.77274536e+02, 7.09722936e-01,
       5.95046204e+02, 5.77368347e+02, 6.31578922e-01, 1.04238354e+03,
       5.77400635e+02, 3.87425095e-01, 1.03063940e+03, 6.47959595e+02,
       4.15132523e-01, 1.16312866e+03, 7.21601013e+02, 2.96510607e-01,
       0., 0., 0., 1.04538037e+03, 5.06758118e+02, 3.44538808e-01,
       1.35146936e+03, 5.80343262e+02, 3.54054809e-01, 1.72823840e+03,
       6.50998230e+02, 2.12879375e-01, 5.33228638e+02, 5.74513306e+02,
       1.14835218e-01, 5.33297485e+02, 5.47967712e+02, 1.57591239e-01,
       0., 0., 0., 5.50900391e+02, 5.15567993e+02, 4.53752309e-01, 0.,
       0., 0., 0., 0., 0., 1.78117358e+03, 6.77444397e+02,
       1.22837983e-01, 0., 0., 0., 0., 0., 0., 0., 0., 0. ]
