%YAML:1.0
---
pose_0: !!opencv-matrix
   rows: 1
   cols: 25
   dt: "3f"
   data: [ 7.68692627e+02, 5.27306030e+02, 8.45280409e-01,
       8.56912964e+02, 5.06640472e+02, 7.23148584e-01, 8.57063477e+02,
       5.56829956e+02, 6.48722172e-01, 8.59797729e+02, 6.71554138e+02,
       8.80771697e-01, 8.33351685e+02, 5.53838196e+02, 8.27246308e-01,
       8.53974487e+02, 4.41959076e+02, 6.21852458e-01, 7.71661621e+02,
       4.33171417e+02, 6.59141481e-01, 6.77442810e+02, 4.36022827e+02,
       8.14627409e-01, 1.10714185e+03, 5.24429993e+02, 4.77093458e-01,
       1.11006921e+03, 5.74384338e+02, 5.01677096e-01, 1.31907202e+03,
       6.03896545e+02, 7.32636094e-01, 1.51915833e+03, 6.33251648e+02,
       6.46291435e-01, 1.10425293e+03, 4.71437317e+02, 4.63538468e-01,
       1.33670935e+03, 4.59648224e+02, 6.63198829e-01, 1.52218005e+03,
       4.39016693e+02, 6.09532773e-01, 7.51061279e+02, 5.30309631e+02,
       7.96011746e-01, 7.62832397e+02, 5.03785339e+02, 8.32433879e-01,
       0., 0., 0., 7.80440979e+02, 4.59755341e+02, 5.47066629e-01,
       1.61051282e+03, 4.21411102e+02, 4.53156054e-01, 1.61045862e+03,
       4.18450104e+02, 4.29900646e-01, 1.54275659e+03, 4.39031097e+02,
       1.73116356e-01, 1.57805835e+03, 6.74470764e+02, 5.18866658e-01,
       1.57806506e+03, 6.71546143e+02, 5.38331628e-01, 1.54862927e+03,
       6.09812134e+02, 4.46496069e-01 ]
