%YAML:1.0
---
pose_0: !!opencv-matrix
   rows: 1
   cols: 25
   dt: "3f"
   data: [ 6.65664551e+02, 5.30181946e+02, 8.71841609e-01,
       7.86372375e+02, 5.36227783e+02, 6.83529377e-01, 7.74597839e+02,
       6.00940186e+02, 5.99474192e-01, 9.48145020e+02, 6.89166077e+02,
       6.57793999e-01, 1.06899353e+03, 7.39191528e+02, 8.27256083e-01,
       7.98119629e+02, 4.77227295e+02, 5.29536486e-01, 9.62936401e+02,
       4.18497223e+02, 7.18840003e-01, 1.11896057e+03, 3.92055298e+02,
       7.55643010e-01, 1.07189148e+03, 5.53806030e+02, 5.85263908e-01,
       1.06883252e+03, 6.03866028e+02, 5.80583394e-01, 1.30730017e+03,
       6.24487671e+02, 5.68507373e-01, 1.56332214e+03, 6.48155090e+02,
       6.10737741e-01, 1.07775732e+03, 5.00791229e+02, 5.30009866e-01,
       1.28086389e+03, 4.86224091e+02, 5.63871264e-01, 1.56334290e+03,
       4.56671173e+02, 6.05740249e-01, 6.50974915e+02, 5.50871521e+02,
       7.72326589e-01, 6.48124512e+02, 5.12595520e+02, 8.00575078e-01,
       6.68640686e+02, 5.74557861e+02, 4.87656623e-01, 6.77507568e+02,
       4.89121979e+02, 4.66767848e-01, 1.66351563e+03, 4.68488586e+02,
       1.45868748e-01, 1.66052991e+03, 4.56765015e+02, 1.46796763e-01,
       1.58394812e+03, 4.36040558e+02, 2.81760335e-01, 1.65459497e+03,
       6.39211304e+02, 5.62491536e-01, 1.63993713e+03, 6.50975220e+02,
       4.81501132e-01, 1.57810669e+03, 6.50944702e+02, 2.59696633e-01 ]
