%YAML:1.0
---
pose_0: !!opencv-matrix
   rows: 1
   cols: 25
   dt: "3f"
   data: [ 7.71693481e+02, 3.65372772e+02, 8.26666594e-01,
       8.57030518e+02, 3.47777527e+02, 7.50125289e-01, 8.51101379e+02,
       4.12489075e+02, 7.19152927e-01, 9.77743896e+02, 4.42064850e+02,
       6.35290682e-01, 1.11296729e+03, 5.06633850e+02, 7.24897146e-01,
       8.65870911e+02, 2.71357788e+02, 6.95392370e-01, 1.01002472e+03,
       2.50682297e+02, 7.72189438e-01, 1.02178589e+03, 2.00719955e+02,
       8.49201083e-01, 1.12777344e+03, 3.68443054e+02, 5.81151903e-01,
       1.11886865e+03, 4.15560669e+02, 6.05849624e-01, 1.34841174e+03,
       4.62695862e+02, 7.54884601e-01, 1.54575732e+03, 5.30338684e+02,
       6.16947234e-01, 1.13946472e+03, 3.18349060e+02, 5.61334014e-01,
       1.35445959e+03, 3.15366486e+02, 5.43248177e-01, 1.57218860e+03,
       3.00779297e+02, 5.49982667e-01, 7.62820251e+02, 3.80136688e+02,
       7.79573023e-01, 7.62677795e+02, 3.44874451e+02, 7.90315330e-01,
       7.83401550e+02, 3.92033508e+02, 3.75802636e-01, 7.77479370e+02,
       3.18414978e+02, 5.63613415e-01, 1.63698560e+03, 2.53638336e+02,
       4.09353256e-01, 1.63404712e+03, 2.53685577e+02, 4.34525281e-01,
       1.61043884e+03, 3.09545502e+02, 2.84504861e-01, 1.61341760e+03,
       5.39100769e+02, 3.61178726e-01, 1.61040088e+03, 5.50955017e+02,
       3.70209992e-01, 1.58100378e+03, 5.36156555e+02, 3.21367443e-01 ]
