%YAML:1.0
---
pose_0: !!opencv-matrix
   rows: 3
   cols: 25
   dt: "3f"
   data: [ 0., 0., 0., 9.74782349e+02, 4.74353485e+02, 9.79022980e-02,
       9.74661621e+02, 4.65582550e+02, 1.55545756e-01, 9.48176819e+02,
       5.15577332e+02, 1.54829711e-01, 8.33403137e+02, 5.56797058e+02,
       2.89519250e-01, 0., 0., 0., 0., 0., 0., 0., 0., 0.,
       1.11897046e+03, 4.24329742e+02, 2.98702359e-01, 1.12777917e+03,
       4.00753296e+02, 2.48356313e-01, 1.35734070e+03, 4.83221954e+02,
       2.85614103e-01, 1.65167590e+03, 4.12554077e+02, 2.84431189e-01,
       1.13070325e+03, 4.44957672e+02, 2.82158434e-01, 1.35729468e+03,
       5.09705414e+02, 4.68279272e-01, 1.63690491e+03, 4.12629181e+02,
       2.72769719e-01, 0., 0., 0., 0., 0., 0., 0., 0., 0., 0., 0., 0.,
       0., 0., 0., 0., 0., 0., 1.64282251e+03, 4.18459625e+02,
       6.73357472e-02, 1.72224792e+03, 3.56606506e+02, 3.32951486e-01,
       1.71351367e+03, 3.65404877e+02, 2.71468252e-01, 1.72818652e+03,
       3.97861725e+02, 8.44769403e-02, 7.21674316e+02, 5.33260254e+02,
       6.35828376e-01, 8.09796875e+02, 4.80187408e+02, 1.33160174e-01,
       8.06896790e+02, 4.83173523e+02, 7.90463910e-02, 0., 0., 0., 0.,
       0., 0., 8.18754150e+02, 4.74370850e+02, 1.13769144e-01, 0., 0.,
       0., 0., 0., 0., 0., 0., 0., 0., 0., 0., 0., 0., 0., 0., 0., 0.,
       0., 0., 0., 0., 0., 0., 0., 0., 0., 0., 0., 0., 7.09817322e+02,
       5.18460510e+02, 5.88724732e-01, 0., 0., 0., 7.21617004e+02,
       4.62637817e+02, 3.95010263e-01, 0., 0., 0., 0., 0., 0., 0., 0.,
       0., 0., 0., 0., 0., 0., 0., 0., 0., 0., 0., 0., 0., 0., 0., 0.,
       0., 0., 0., 0., 0., 0., 0., 0., 0., 9.60029175e+02,
       4.59619965e+02, 9.76315811e-02, 9.54140930e+02, 5.06863007e+02,
       4.66280788e-01, 8.24629822e+02, 5.53971130e+02, 4.48840201e-01,
       0., 0., 0., 0., 0., 0., 0., 0., 0., 0., 0., 0., 0., 0., 0., 0.,
       0., 0., 0., 0., 0., 0., 0., 0., 0., 0., 0., 0., 0., 0., 0., 0.,
       0., 0., 0., 0., 0., 0., 0., 0., 0., 0., 0., 0., 0., 0., 0., 0.,
       0., 0., 0. ]
