%YAML:1.0
---
pose_0: !!opencv-matrix
   rows: 1
   cols: 25
   dt: "3f"
   data: [ 6.92089539e+02, 5.39066101e+02, 8.04370165e-01,
       7.80483521e+02, 4.74325897e+02, 4.66370463e-01, 7.59793091e+02,
       4.91996368e+02, 2.90520787e-01, 0., 0., 0., 0., 0., 0.,
       7.98102600e+02, 4.59569855e+02, 7.13326037e-01, 9.33502502e+02,
       5.21494263e+02, 7.78060615e-01, 8.09908081e+02, 5.74389343e+02,
       7.85744429e-01, 1.04536096e+03, 4.62578217e+02, 2.51664162e-01,
       1.02180591e+03, 4.77318146e+02, 1.57043368e-01, 1.33966345e+03,
       4.77347839e+02, 3.44660819e-01, 1.60162756e+03, 4.18464722e+02,
       2.83751518e-01, 1.04536084e+03, 4.68488037e+02, 2.12138504e-01,
       1.33089832e+03, 5.06675568e+02, 4.39770192e-01, 1.64575623e+03,
       4.18416931e+02, 2.88011909e-01, 0., 0., 0., 6.74560547e+02,
       5.24311890e+02, 8.04074943e-01, 0., 0., 0., 6.92104004e+02,
       4.74321289e+02, 6.76745653e-01, 1.71646094e+03, 4.92059387e+02,
       6.96179196e-02, 1.72230981e+03, 4.86118591e+02, 6.99707344e-02,
       1.69875110e+03, 4.24315247e+02, 1.12955920e-01, 0., 0., 0., 0.,
       0., 0., 0., 0., 0. ]
