%YAML:1.0
---
pose_0: !!opencv-matrix
   rows: 1
   cols: 25
   dt: "3f"
   data: [ 7.53923401e+02, 4.09686462e+02, 7.81319082e-01,
       8.60030640e+02, 4.33052612e+02, 6.52251482e-01, 8.45184875e+02,
       5.06665833e+02, 5.71584761e-01, 9.04043457e+02, 5.50856140e+02,
       1.85400724e-01, 9.04083191e+02, 5.94984192e+02, 2.39194244e-01,
       8.83510437e+02, 3.44960815e+02, 4.98781204e-01, 1.03358850e+03,
       3.21414459e+02, 7.92102098e-01, 1.08943958e+03, 2.50771988e+02,
       8.23100924e-01, 1.14251099e+03, 4.56703369e+02, 5.70550919e-01,
       1.13660779e+03, 5.03863739e+02, 5.97324669e-01, 1.33970532e+03,
       5.27414978e+02, 6.99202180e-01, 1.56625732e+03, 5.56878845e+02,
       6.03244901e-01, 1.14839624e+03, 4.09560944e+02, 5.30166209e-01,
       1.37497217e+03, 3.97887421e+02, 6.92563057e-01, 1.55752124e+03,
       4.00732300e+02, 6.82657897e-01, 7.30440735e+02, 4.27257050e+02,
       6.68714166e-01, 7.42173645e+02, 3.88940338e+02, 7.43438900e-01,
       7.42263428e+02, 4.56619476e+02, 3.16939414e-01, 7.80481140e+02,
       3.65419037e+02, 3.84240150e-01, 1.61341553e+03, 3.65469574e+02,
       5.14324009e-01, 1.60756274e+03, 3.62616882e+02, 5.75570047e-01,
       1.58680249e+03, 4.06688965e+02, 3.71531278e-01, 1.63993115e+03,
       5.39117004e+02, 4.40721095e-01, 1.63408081e+03, 5.53910522e+02,
       4.02372956e-01, 1.59278088e+03, 5.68572571e+02, 3.06303144e-01 ]
