%YAML:1.0
---
pose_0: !!opencv-matrix
   rows: 1
   cols: 25
   dt: "3f"
   data: [ 6.89123169e+02, 5.03918854e+02, 8.83657098e-01,
       8.15858093e+02, 5.18496216e+02, 6.79521263e-01, 8.12829102e+02,
       6.06858704e+02, 7.56647944e-01, 9.33576721e+02, 6.92067627e+02,
       5.54351926e-01, 1.01300385e+03, 6.68568054e+02, 1.98396415e-01,
       8.36475281e+02, 4.21431305e+02, 5.59915304e-01, 9.83580139e+02,
       4.36072449e+02, 4.34406161e-01, 9.04033630e+02, 4.30211700e+02,
       1.26988441e-01, 1.11597949e+03, 5.21431458e+02, 5.55135846e-01,
       1.11301746e+03, 5.68581116e+02, 5.48353851e-01, 1.32198767e+03,
       5.50980286e+02, 7.89811015e-01, 1.62220630e+03, 5.92081726e+02,
       4.93907422e-01, 1.11593030e+03, 4.59661835e+02, 5.60999632e-01,
       1.35739404e+03, 4.56675598e+02, 6.55230641e-01, 1.58397131e+03,
       4.77221283e+02, 5.39403617e-01, 6.71603088e+02, 5.24442566e+02,
       8.18336844e-01, 6.71627991e+02, 4.83242432e+02, 8.56345117e-01,
       6.89229858e+02, 5.50822266e+02, 5.33711076e-01, 6.98046143e+02,
       4.56773651e+02, 4.96952713e-01, 1.63690674e+03, 4.36132050e+02,
       5.58480561e-01, 1.63108069e+03, 4.36072205e+02, 6.07353032e-01,
       1.61339612e+03, 4.83229889e+02, 3.85093898e-01, 1.70460242e+03,
       5.80329956e+02, 4.63674128e-01, 1.70165503e+03, 5.95043701e+02,
       3.99939060e-01, 1.63993164e+03, 5.74442566e+02, 2.21895009e-01 ]
