%YAML:1.0
---
pose_0: !!opencv-matrix
   rows: 1
   cols: 25
   dt: "3f"
   data: [ 5.50980408e+02, 5.27300354e+02, 7.74431586e-01,
       6.48013367e+02, 5.09731873e+02, 6.09351456e-01, 6.27411072e+02,
       5.80356445e+02, 4.39113528e-01, 7.53932983e+02, 6.62744690e+02,
       2.30818450e-01, 7.80408997e+02, 6.45100830e+02, 4.12654370e-01,
       6.68490540e+02, 4.36207764e+02, 6.57953918e-01, 7.86429749e+02,
       4.33204956e+02, 8.10864627e-01, 6.92129333e+02, 5.39071472e+02,
       7.76628911e-01, 1.04538513e+03, 5.50867676e+02, 3.16022277e-01,
       1.04536804e+03, 6.12708313e+02, 2.90070653e-01, 1.16311475e+03,
       6.89183838e+02, 1.37848467e-01, 0., 0., 0., 1.05420068e+03,
       4.80211029e+02, 3.35691512e-01, 1.32495642e+03, 5.50790771e+02,
       4.66477484e-01, 1.68994092e+03, 5.94978577e+02, 1.99309215e-01,
       5.30268494e+02, 5.42032410e+02, 7.03086972e-01, 5.33254089e+02,
       5.00880127e+02, 7.40582585e-01, 5.45014771e+02, 5.68525391e+02,
       2.28157416e-01, 5.59777771e+02, 4.59728485e+02, 5.22985041e-01,
       1.75174902e+03, 5.50839111e+02, 2.29746655e-01, 1.75176416e+03,
       5.47921509e+02, 2.29486361e-01, 1.73412073e+03, 6.36224060e+02,
       1.46875501e-01, 0., 0., 0., 0., 0., 0., 0., 0., 0. ]
