%YAML:1.0
---
pose_0: !!opencv-matrix
   rows: 1
   cols: 25
   dt: "3f"
   data: [ 6.95167480e+02, 4.36264893e+02, 8.95598531e-01,
       8.15862305e+02, 4.65541840e+02, 7.28487372e-01, 8.15811462e+02,
       5.50973999e+02, 6.72231317e-01, 9.33544861e+02, 5.97903625e+02,
       6.91976786e-01, 1.02172491e+03, 5.97939209e+02, 8.43784571e-01,
       8.30485657e+02, 3.89035217e+02, 7.49477506e-01, 9.77550537e+02,
       3.44836670e+02, 8.62850845e-01, 8.86459534e+02, 3.62572174e+02,
       8.60418379e-01, 1.09238184e+03, 4.83129395e+02, 6.01275861e-01,
       1.07776965e+03, 5.30239990e+02, 5.76934040e-01, 1.29841321e+03,
       5.51008057e+02, 6.94678664e-01, 1.49575037e+03, 5.65618958e+02,
       5.53298414e-01, 1.09544055e+03, 4.30146637e+02, 5.56919217e-01,
       1.33090137e+03, 4.33167267e+02, 6.09165668e-01, 1.54280945e+03,
       4.47919983e+02, 6.47170126e-01, 6.80385742e+02, 4.56650421e+02,
       7.90562391e-01, 6.91998840e+02, 4.18449158e+02, 8.49796593e-01,
       6.98014160e+02, 4.83101379e+02, 6.28855646e-01, 7.15786499e+02,
       4.03680603e+02, 5.78582644e-01, 1.61355615e+03, 4.56753937e+02,
       6.14413321e-01, 1.61343018e+03, 4.44890472e+02, 6.05535269e-01,
       1.56039526e+03, 4.50808685e+02, 3.19840938e-01, 1.57808618e+03,
       5.59733643e+02, 4.18581605e-01, 1.56327832e+03, 5.74504272e+02,
       3.77067447e-01, 1.52513000e+03, 5.50886353e+02, 2.76651114e-01 ]
