%YAML:1.0
---
pose_0: !!opencv-matrix
   rows: 1
   cols: 25
   dt: "3f"
   data: [ 7.42227295e+02, 3.74351044e+02, 8.34328413e-01,
       8.59877686e+02, 3.59619293e+02, 7.37538457e-01, 8.59837952e+02,
       4.30159851e+02, 6.35889232e-01, 1.01876990e+03, 4.80193542e+02,
       8.09590638e-01, 9.74667175e+02, 5.27376953e+02, 8.97639573e-01,
       8.71653442e+02, 2.71320068e+02, 7.09976017e-01, 1.01002032e+03,
       2.38876984e+02, 7.39340484e-01, 1.13950476e+03, 1.97648178e+02,
       8.63087952e-01, 1.13654858e+03, 3.94949249e+02, 5.76209545e-01,
       1.12183105e+03, 4.47851288e+02, 6.06646061e-01, 1.32490796e+03,
       5.00784851e+02, 7.38244772e-01, 1.51931824e+03, 5.15582275e+02,
       5.66273808e-01, 1.14244531e+03, 3.39058502e+02, 5.70958853e-01,
       1.32791748e+03, 3.41917145e+02, 7.48455524e-01, 1.57514209e+03,
       3.09561279e+02, 5.49842298e-01, 7.30406250e+02, 3.89096741e+02,
       8.20051372e-01, 7.36259766e+02, 3.59496735e+02, 8.35896492e-01,
       7.48123840e+02, 4.09652191e+02, 2.52730161e-01, 7.59902771e+02,
       3.21333862e+02, 6.08401120e-01, 1.63992725e+03, 2.65302338e+02,
       5.71583152e-01, 1.63690405e+03, 2.65337585e+02, 5.46239197e-01,
       1.61631543e+03, 3.12476563e+02, 2.76336044e-01, 1.58989819e+03,
       5.59690369e+02, 2.44445413e-01, 1.58102319e+03, 5.59706970e+02,
       2.25778684e-01, 1.56036719e+03, 5.03776489e+02, 3.62057418e-01 ]
