%YAML:1.0
---
pose_0: !!opencv-matrix
   rows: 1
   cols: 25
   dt: "3f"
   data: [ 7.50985046e+02, 5.27358215e+02, 2.66650438e-01,
       7.95190186e+02, 5.53804260e+02, 6.52161479e-01, 7.89296753e+02,
       6.15665283e+02, 7.39075780e-01, 9.27549500e+02, 6.68491516e+02,
       7.78482378e-01, 1.08654773e+03, 6.89192871e+02, 8.12751710e-01,
       7.89354309e+02, 4.92010651e+02, 3.93452048e-01, 1.00111255e+03,
       4.56577515e+02, 7.22618520e-01, 1.09554260e+03, 3.94937866e+02,
       8.01230967e-01, 1.10126428e+03, 5.39134766e+02, 5.09424686e-01,
       1.10712524e+03, 5.80341064e+02, 4.61427748e-01, 1.32494604e+03,
       5.53836426e+02, 7.84252048e-01, 1.56927502e+03, 5.97964417e+02,
       4.99089658e-01, 1.09831470e+03, 4.94936340e+02, 5.38730204e-01,
       1.31025745e+03, 4.86090820e+02, 7.12176979e-01, 1.50742407e+03,
       6.36249268e+02, 3.15697223e-01, 7.21647461e+02, 5.42037964e+02,
       2.89051414e-01, 7.39284241e+02, 5.15571350e+02, 2.43636593e-01,
       7.15658447e+02, 5.74323364e+02, 3.60962331e-01, 7.39209412e+02,
       4.91991974e+02, 1.17357142e-01, 0., 0., 0., 0., 0., 0.,
       1.49572900e+03, 6.65606873e+02, 3.09777409e-01, 1.66053174e+03,
       5.65581116e+02, 4.75257754e-01, 1.65757678e+03, 5.77414001e+02,
       4.12497461e-01, 1.60163330e+03, 6.24532898e+02, 2.95195609e-01 ]
