%YAML:1.0
---
pose_0: !!opencv-matrix
   rows: 1
   cols: 25
   dt: "3f"
   data: [ 7.12817505e+02, 4.77220245e+02, 8.53948295e-01,
       8.12945068e+02, 4.83102051e+02, 6.82021677e-01, 7.89265076e+02,
       5.42086792e+02, 4.86588657e-01, 6.71494934e+02, 5.12660278e+02,
       3.68624181e-01, 6.59767700e+02, 4.68490112e+02, 1.26703382e-01,
       8.33528198e+02, 4.15562103e+02, 6.83329999e-01, 9.77758667e+02,
       3.41816772e+02, 7.82734156e-01, 1.11909558e+03, 2.47817215e+02,
       8.49679530e-01, 1.13658838e+03, 4.50831238e+02, 4.91670936e-01,
       1.12190833e+03, 5.06694885e+02, 5.23873210e-01, 1.35139880e+03,
       5.50972046e+02, 6.81355357e-01, 1.60459204e+03, 6.06852844e+02,
       4.97413248e-01, 1.13658142e+03, 3.88962952e+02, 4.80009973e-01,
       1.35152234e+03, 3.88904205e+02, 4.82138306e-01, 1.59278271e+03,
       4.09490570e+02, 5.05216479e-01, 6.92175110e+02, 4.83347565e+02,
       8.06385756e-01, 6.98069641e+02, 4.56544342e+02, 8.42176378e-01,
       7.12819336e+02, 5.06802979e+02, 2.58563608e-01, 7.24498779e+02,
       4.30128540e+02, 5.54386854e-01, 1.66042236e+03, 3.74286621e+02,
       2.99560845e-01, 1.65455005e+03, 3.71326721e+02, 3.25980097e-01,
       1.62517810e+03, 4.09645477e+02, 2.99946249e-01, 1.72523645e+03,
       6.03937683e+02, 3.41166347e-01, 1.70765344e+03, 6.21495728e+02,
       2.83531278e-01, 1.62222498e+03, 6.01011536e+02, 3.42243701e-01 ]
