%YAML:1.0
---
pose_0: !!opencv-matrix
   rows: 1
   cols: 25
   dt: "3f"
   data: [ 7.15796265e+02, 4.83251801e+02, 8.18691313e-01,
       7.80412048e+02, 4.44900635e+02, 4.82889384e-01, 7.71599915e+02,
       4.71381897e+02, 3.94287795e-01, 9.09927795e+02, 5.12583923e+02,
       1.66545197e-01, 8.51089966e+02, 5.36223450e+02, 1.44291550e-01,
       7.83302185e+02, 4.30244141e+02, 7.48269677e-01, 9.24638550e+02,
       4.91993225e+02, 7.34156430e-01, 8.36407532e+02, 5.53748840e+02,
       8.14570844e-01, 1.13068237e+03, 4.18461670e+02, 3.70843172e-01,
       1.11601660e+03, 4.36054932e+02, 2.42089182e-01, 1.33379797e+03,
       4.36030121e+02, 7.08787918e-01, 1.54863220e+03, 3.91926392e+02,
       4.93873745e-01, 1.13950549e+03, 4.00796844e+02, 3.31428319e-01,
       1.35143811e+03, 4.80098206e+02, 7.01048017e-01, 1.62814160e+03,
       4.09613770e+02, 4.76679176e-01, 6.98092041e+02, 4.83206085e+02,
       4.27776605e-01, 7.09855225e+02, 4.68494507e+02, 7.22243369e-01,
       0., 0., 0., 7.18620667e+02, 4.33094666e+02, 6.75596356e-01,
       1.68707129e+03, 3.62563568e+02, 2.33624190e-01, 1.68989404e+03,
       3.65449585e+02, 2.22347468e-01, 1.66344336e+03, 4.06629547e+02,
       1.80226818e-01, 1.68699841e+03, 3.59527557e+02, 2.15276197e-01,
       1.68992883e+03, 3.65407959e+02, 1.48580909e-01, 1.57222266e+03,
       3.65380615e+02, 2.92341322e-01 ]
