%YAML:1.0
---
pose_0: !!opencv-matrix
   rows: 1
   cols: 25
   dt: "3f"
   data: [ 7.39307983e+02, 5.33338684e+02, 8.46671999e-01,
       8.39330872e+02, 5.33249939e+02, 6.88165486e-01, 7.74629028e+02,
       5.98050598e+02, 4.46672916e-01, 7.50999756e+02, 6.98028015e+02,
       4.54176098e-01, 7.65856995e+02, 7.89296692e+02, 2.90053695e-01,
       8.77596802e+02, 4.80242218e+02, 6.81402981e-01, 1.01590027e+03,
       4.59659241e+02, 7.69127667e-01, 1.11590137e+03, 4.21405731e+02,
       7.71714509e-01, 1.11594592e+03, 5.59684143e+02, 5.50566077e-01,
       1.11008923e+03, 6.06773621e+02, 5.17400920e-01, 1.31613745e+03,
       6.24463501e+02, 4.44839418e-01, 1.51919958e+03, 6.62721497e+02,
       5.53553522e-01, 1.11602563e+03, 5.06741333e+02, 5.45332074e-01,
       1.33091016e+03, 4.80318726e+02, 5.50246298e-01, 1.53395740e+03,
       4.77270325e+02, 4.31664616e-01, 7.21611267e+02, 5.47934265e+02,
       7.25345373e-01, 7.33403503e+02, 5.18484985e+02, 7.72786498e-01,
       7.36221863e+02, 5.68523010e+02, 2.63607621e-01, 7.62772888e+02,
       4.94929260e+02, 6.82848811e-01, 1.60168958e+03, 4.50833435e+02,
       4.75155860e-01, 1.59576965e+03, 4.47911011e+02, 5.21845162e-01,
       1.58689099e+03, 4.80159088e+02, 2.97691107e-01, 1.58105835e+03,
       6.62719543e+02, 2.82095194e-01, 1.56339929e+03, 6.74527039e+02,
       2.67632514e-01, 1.54865674e+03, 6.53914307e+02, 3.15028161e-01 ]
