%YAML:1.0
---
pose_0: !!opencv-matrix
   rows: 1
   cols: 25
   dt: "3f"
   data: [ 0., 0., 0., 7.77506958e+02, 5.68541687e+02, 5.62624745e-02,
       0., 0., 0., 0., 0., 0., 0., 0., 0., 0., 0., 0., 0., 0., 0., 0.,
       0., 0., 9.98284485e+02, 5.50936829e+02, 1.99029014e-01,
       1.00414099e+03, 6.21498047e+02, 1.83340892e-01, 1.36617676e+03,
       6.09738403e+02, 1.43760726e-01, 1.69583337e+03, 6.06801575e+02,
       2.22797811e-01, 1.01884503e+03, 4.83200348e+02, 1.82403088e-01,
       1.33082996e+03, 4.80317200e+02, 1.17715374e-01, 1.73108826e+03,
       4.83271210e+02, 3.31530452e-01, 0., 0., 0., 0., 0., 0., 0., 0.,
       0., 0., 0., 0., 1.84300330e+03, 4.59644440e+02, 8.45361575e-02,
       1.84298816e+03, 4.59694427e+02, 9.80205834e-02, 1.73703943e+03,
       5.00847717e+02, 1.68509483e-01, 0., 0., 0., 0., 0., 0.,
       1.70170081e+03, 6.06829895e+02, 2.00218260e-01 ]
