%YAML:1.0
---
pose_0: !!opencv-matrix
   rows: 1
   cols: 25
   dt: "3f"
   data: [ 7.92269409e+02, 5.06718079e+02, 8.44313979e-01,
       8.65797302e+02, 5.59708862e+02, 7.16048419e-01, 8.36411621e+02,
       5.98042725e+02, 6.22463107e-01, 7.48067688e+02, 5.62635071e+02,
       5.64337075e-01, 7.53936707e+02, 5.15532837e+02, 2.60237664e-01,
       9.04085571e+02, 5.24383667e+02, 6.26100302e-01, 9.51209106e+02,
       4.06685699e+02, 6.55886531e-01, 9.77525635e+02, 2.91904053e+02,
       8.32874656e-01, 1.14840845e+03, 5.50823120e+02, 5.40360808e-01,
       1.16015503e+03, 5.97887207e+02, 4.75156665e-01, 1.36325232e+03,
       6.21478638e+02, 7.21895516e-01, 1.55454016e+03, 7.01045715e+02,
       5.92891812e-01, 1.14539502e+03, 4.97886017e+02, 5.78380942e-01,
       1.28070752e+03, 4.00817810e+02, 7.39066720e-01, 1.48683289e+03,
       4.44949158e+02, 3.56872171e-01, 7.83370300e+02, 5.15599854e+02,
       7.82929063e-01, 7.83439880e+02, 5.00731293e+02, 4.58994567e-01,
       7.89210022e+02, 5.47946594e+02, 7.46404946e-01, 0., 0., 0.,
       1.50158618e+03, 4.94948700e+02, 8.73954222e-02, 0., 0., 0.,
       1.50743542e+03, 4.50823761e+02, 2.09840342e-01, 1.61052283e+03,
       6.74473145e+02, 6.62863135e-01, 1.60747620e+03, 6.92096069e+02,
       6.05364084e-01, 1.56928003e+03, 7.27522949e+02, 4.16064382e-01 ]
