%YAML:1.0
---
pose_0: !!opencv-matrix
   rows: 1
   cols: 25
   dt: "3f"
   data: [ 6.77457886e+02, 4.92069183e+02, 7.91472435e-01,
       8.15779114e+02, 5.30221252e+02, 6.77817285e-01, 8.24618469e+02,
       6.21531128e+02, 6.25392437e-01, 9.57030029e+02, 6.65553772e+02,
       7.26599038e-01, 1.08948901e+03, 6.47916260e+02, 8.32979381e-01,
       8.15842529e+02, 4.53720398e+02, 5.90914130e-01, 9.98275085e+02,
       4.12545563e+02, 8.03812504e-01, 1.13958813e+03, 3.94912598e+02,
       7.67394006e-01, 1.09832788e+03, 5.39092957e+02, 5.76857328e-01,
       1.08358936e+03, 5.94958313e+02, 5.77297568e-01, 1.30444678e+03,
       5.98072266e+02, 6.49712563e-01, 1.56629651e+03, 6.06873840e+02,
       4.73941058e-01, 1.10715283e+03, 4.83175507e+02, 5.64453781e-01,
       1.32496948e+03, 4.77223297e+02, 4.82330143e-01, 1.60746875e+03,
       4.68448792e+02, 5.31200647e-01, 6.65677368e+02, 5.06858246e+02,
       8.46022129e-01, 6.71495117e+02, 4.80089539e+02, 8.65580022e-01,
       6.83295959e+02, 5.36194214e+02, 4.82991725e-01, 6.98047852e+02,
       4.59586914e+02, 4.55345273e-01, 1.71939917e+03, 4.27293488e+02,
       3.89393538e-01, 1.71058496e+03, 4.24334564e+02, 3.76503766e-01,
       1.61344336e+03, 4.83145111e+02, 2.69852459e-01, 1.65464270e+03,
       5.77343262e+02, 3.84147972e-01, 1.64286072e+03, 5.89136414e+02,
       2.87261695e-01, 1.58983765e+03, 6.06825684e+02, 2.26420954e-01 ]
