%YAML:1.0
---
pose_0: !!opencv-matrix
   rows: 1
   cols: 25
   dt: "3f"
   data: [ 7.24521179e+02, 5.77336426e+02, 8.63175750e-01,
       8.27576477e+02, 6.00998901e+02, 7.71189809e-01, 8.12920227e+02,
       6.80373108e+02, 5.51739335e-01, 9.42360046e+02, 7.39338867e+02,
       5.44734955e-01, 1.05125391e+03, 7.39196350e+02, 7.79908299e-01,
       8.36359802e+02, 5.30253723e+02, 7.22775638e-01, 9.48213562e+02,
       4.39046234e+02, 7.60590494e-01, 9.30703918e+02, 2.94878693e+02,
       6.27438128e-01, 1.07181177e+03, 6.21533325e+02, 6.01741791e-01,
       1.06589990e+03, 6.68612427e+02, 5.89992762e-01, 1.25729285e+03,
       6.74516663e+02, 3.58470768e-01, 1.51920020e+03, 6.65652466e+02,
       2.84230709e-01, 1.07475989e+03, 5.62676208e+02, 5.52488685e-01,
       1.28075073e+03, 5.89135742e+02, 6.78532362e-01, 1.53689063e+03,
       5.97992554e+02, 4.08671945e-01, 7.12717529e+02, 5.95041504e+02,
       8.28414679e-01, 7.18574341e+02, 5.56871582e+02, 8.32992315e-01,
       7.18786255e+02, 6.21638733e+02, 7.12126493e-01, 7.42161316e+02,
       5.45038696e+02, 5.71894705e-01, 1.61341760e+03, 5.74486267e+02,
       5.39141655e-01, 1.61051233e+03, 5.71472839e+02, 5.28837442e-01,
       1.54571851e+03, 6.15633972e+02, 2.04281837e-01, 0., 0., 0., 0.,
       0., 0., 1.53983740e+03, 6.77469910e+02, 2.06379935e-01 ]
