%YAML:1.0
---
pose_0: !!opencv-matrix
   rows: 1
   cols: 25
   dt: "3f"
   data: [ 6.92164673e+02, 6.01071960e+02, 8.16043139e-01,
       8.03977905e+02, 6.18529541e+02, 7.12838888e-01, 7.86347290e+02,
       6.95152893e+02, 7.96616912e-01, 9.24641541e+02, 7.77557007e+02,
       8.10693741e-01, 9.51113159e+02, 7.36239075e+02, 7.65642703e-01,
       8.09950928e+02, 5.36235962e+02, 5.07753789e-01, 9.04037964e+02,
       5.12591614e+02, 4.41861421e-01, 9.80627502e+02, 5.09638245e+02,
       7.56140172e-01, 1.09241956e+03, 6.71527344e+02, 5.73860765e-01,
       1.07774048e+03, 7.21556824e+02, 5.46650469e-01, 1.31905884e+03,
       7.54001343e+02, 5.11392832e-01, 1.57218909e+03, 7.62864868e+02,
       4.87921596e-01, 1.09543091e+03, 6.15579529e+02, 5.17212868e-01,
       1.35141443e+03, 5.80319092e+02, 4.61234123e-01, 1.57221228e+03,
       5.56842957e+02, 4.85102981e-01, 6.71571228e+02, 6.18527100e+02,
       7.21461117e-01, 6.80339783e+02, 5.80356079e+02, 7.37094939e-01,
       6.89265076e+02, 6.39200073e+02, 4.45619524e-01, 7.09780212e+02,
       5.53869080e+02, 5.68375528e-01, 1.68110828e+03, 5.03793640e+02,
       3.78783673e-01, 1.67811243e+03, 5.03778534e+02, 3.56927127e-01,
       1.58696094e+03, 5.71499023e+02, 2.71611869e-01, 1.66049731e+03,
       7.80446777e+02, 1.64577276e-01, 1.66045483e+03, 7.74555420e+02,
       1.62547216e-01, 1.60164575e+03, 7.51027039e+02, 3.00259888e-01 ]
