%YAML:1.0
---
pose_0: !!opencv-matrix
   rows: 1
   cols: 25
   dt: "3f"
   data: [ 7.45137451e+02, 4.80130127e+02, 8.62717152e-01,
       8.42307739e+02, 4.83177307e+02, 7.11242080e-01, 8.33521179e+02,
       5.50855164e+02, 7.50971735e-01, 9.24700623e+02, 4.68443268e+02,
       5.86321235e-01, 9.33487183e+02, 3.44912415e+02, 7.90181041e-01,
       8.33438354e+02, 4.27285309e+02, 5.37059963e-01, 1.00125824e+03,
       3.89007996e+02, 8.28505695e-01, 1.12192285e+03, 3.18238556e+02,
       7.87098587e-01, 1.11598145e+03, 5.24336975e+02, 5.75051606e-01,
       1.11011035e+03, 5.71457642e+02, 5.44054389e-01, 1.34258167e+03,
       6.27414673e+02, 6.87966645e-01, 1.54276868e+03, 6.92256165e+02,
       6.77633643e-01, 1.11897754e+03, 4.80185638e+02, 5.83223522e-01,
       1.32791516e+03, 4.09481232e+02, 4.74393845e-01, 1.51920984e+03,
       3.65560181e+02, 4.73814219e-01, 7.33393005e+02, 4.86122253e+02,
       8.14264655e-01, 7.39323181e+02, 4.56809021e+02, 8.90026450e-01,
       7.45175049e+02, 5.12572449e+02, 4.78400201e-01, 7.62816406e+02,
       4.36158142e+02, 6.86223626e-01, 1.58687268e+03, 3.18291382e+02,
       1.77916870e-01, 1.58390881e+03, 3.18309723e+02, 1.85406938e-01,
       1.55452441e+03, 3.62433563e+02, 2.98728406e-01, 1.61041113e+03,
       6.83286682e+02, 5.52763224e-01, 1.59867834e+03, 6.95078247e+02,
       5.13477564e-01, 1.56041394e+03, 7.15622803e+02, 3.95483255e-01 ]
