%YAML:1.0
---
pose_0: !!opencv-matrix
   rows: 1
   cols: 25
   dt: "3f"
   data: [ 7.80484985e+02, 4.09483612e+02, 6.85760498e-01,
       8.36314575e+02, 3.00657593e+02, 4.62926149e-01, 8.36467102e+02,
       2.91851410e+02, 2.92621911e-01, 1.04244714e+03, 4.24362762e+02,
       5.30164719e-01, 1.12480127e+03, 4.83180664e+02, 6.62551761e-01,
       8.30447693e+02, 3.15378845e+02, 6.92175925e-01, 8.98224548e+02,
       4.47921875e+02, 7.63145804e-01, 9.45279114e+02, 5.83295593e+02,
       7.98208296e-01, 1.12190503e+03, 3.36008331e+02, 3.82719517e-01,
       1.11894421e+03, 3.88965363e+02, 4.22253668e-01, 1.31906628e+03,
       5.06674561e+02, 7.50675559e-01, 1.51618250e+03, 5.50766235e+02,
       6.41803980e-01, 1.12485327e+03, 2.91861206e+02, 3.94071549e-01,
       1.33670215e+03, 2.68273895e+02, 3.22926044e-01, 1.51631458e+03,
       1.59436447e+02, 2.02001885e-01, 7.68749695e+02, 4.12502625e+02,
       8.03192705e-02, 7.65787292e+02, 3.91942200e+02, 7.38774478e-01,
       0., 0., 0., 7.62740417e+02, 3.41987122e+02, 6.26647472e-01, 0.,
       0., 0., 0., 0., 0., 0., 0., 0., 1.56922742e+03, 5.98014282e+02,
       4.05845881e-01, 1.55455847e+03, 5.98044983e+02, 3.77008259e-01,
       1.54283569e+03, 5.30253235e+02, 4.46550041e-01 ]
