%YAML:1.0
---
pose_0: !!opencv-matrix
   rows: 1
   cols: 25
   dt: "3f"
   data: [ 7.18813416e+02, 4.83140747e+02, 8.68377805e-01,
       8.27495544e+02, 4.39013397e+02, 4.74358797e-01, 8.06988953e+02,
       4.59710754e+02, 3.05264443e-01, 9.30529358e+02, 5.27361267e+02,
       8.05763453e-02, 8.12766724e+02, 5.50789307e+02, 1.83511227e-01,
       8.36508850e+02, 4.15573029e+02, 6.51097119e-01, 9.48133179e+02,
       5.27372192e+02, 8.14040303e-01, 7.95198730e+02, 5.30291504e+02,
       7.99202025e-01, 1.11012085e+03, 4.12582642e+02, 3.72283459e-01,
       1.12184717e+03, 3.86140778e+02, 3.60222578e-01, 1.23370032e+03,
       4.47922424e+02, 1.03386305e-01, 0., 0., 0., 1.09838916e+03,
       4.47855896e+02, 2.86902905e-01, 1.35147192e+03, 4.83181946e+02,
       4.04538095e-01, 1.63699854e+03, 4.12500122e+02, 3.72445256e-01,
       7.09770325e+02, 4.83230560e+02, 4.32376802e-01, 7.15557373e+02,
       4.59669739e+02, 8.19857895e-01, 0., 0., 0., 7.36341980e+02,
       4.18437897e+02, 6.45782351e-01, 1.68396887e+03, 5.00857422e+02,
       2.07356513e-01, 1.68414941e+03, 4.89062378e+02, 1.83280364e-01,
       1.67815784e+03, 3.97850800e+02, 2.35445127e-01, 0., 0., 0., 0.,
       0., 0., 0., 0., 0. ]
