%YAML:1.0
---
pose_0: !!opencv-matrix
   rows: 1
   cols: 25
   dt: "3f"
   data: [ 7.15824890e+02, 4.59748199e+02, 8.65454376e-01,
       8.30515564e+02, 4.53791321e+02, 7.42855549e-01, 8.30507385e+02,
       5.30225708e+02, 6.96861148e-01, 9.54066956e+02, 5.97963623e+02,
       8.30297410e-01, 1.06591284e+03, 6.48132568e+02, 8.19661856e-01,
       8.33330383e+02, 3.77266876e+02, 6.05051041e-01, 9.71756714e+02,
       3.36016449e+02, 7.71358967e-01, 1.09241309e+03, 2.92005280e+02,
       8.91484737e-01, 1.08951196e+03, 4.83117096e+02, 5.79054117e-01,
       1.08070764e+03, 5.30227051e+02, 5.83991766e-01, 1.28385168e+03,
       5.50812561e+02, 7.32700527e-01, 1.50741174e+03, 5.68497803e+02,
       4.95508194e-01, 1.09248816e+03, 4.30167603e+02, 5.57543397e-01,
       1.31319470e+03, 4.30230133e+02, 5.98961234e-01, 1.55453772e+03,
       4.15520660e+02, 5.05750239e-01, 7.00956665e+02, 4.77329376e+02,
       7.73178637e-01, 7.03933655e+02, 4.39131104e+02, 7.90232122e-01,
       7.18721375e+02, 4.89142303e+02, 2.31455162e-01, 7.21590637e+02,
       4.12487579e+02, 5.92734277e-01, 1.63708667e+03, 3.83108582e+02,
       1.78017706e-01, 1.63393652e+03, 3.86057251e+02, 2.32219875e-01,
       1.63095227e+03, 4.30212921e+02, 1.98094517e-01, 1.58992603e+03,
       5.33302063e+02, 3.67606461e-01, 1.58397815e+03, 5.44958801e+02,
       2.84144104e-01, 1.53097998e+03, 5.59742798e+02, 2.07205847e-01 ]
