%YAML:1.0
---
pose_0: !!opencv-matrix
   rows: 1
   cols: 25
   dt: "3f"
   data: [ 6.42110413e+02, 5.65603882e+02, 2.71600276e-01,
       8.15780029e+02, 5.30286072e+02, 3.07239175e-01, 8.54038513e+02,
       5.97919678e+02, 2.18865484e-01, 0., 0., 0., 0., 0., 0.,
       8.06953247e+02, 4.80294952e+02, 2.02695221e-01, 7.95212463e+02,
       4.12676697e+02, 6.81701958e-01, 7.15591125e+02, 4.83251678e+02,
       6.86231196e-01, 1.07479407e+03, 5.30263733e+02, 4.71672773e-01,
       1.07181592e+03, 5.83258484e+02, 4.87435579e-01, 1.34848901e+03,
       6.00892212e+02, 4.68767196e-01, 1.66932654e+03, 6.00987610e+02,
       5.04449308e-01, 1.07480334e+03, 4.77268890e+02, 4.14220452e-01,
       1.36619312e+03, 4.74363678e+02, 5.19485056e-01, 1.60748547e+03,
       4.53706390e+02, 3.97820264e-01, 6.24532959e+02, 5.62668396e+02,
       1.32785454e-01, 6.27377441e+02, 5.53744629e+02, 2.69016922e-01,
       0., 0., 0., 6.27469788e+02, 5.24427856e+02, 2.13736475e-01,
       1.68101843e+03, 4.65509186e+02, 3.13495845e-01, 1.67226270e+03,
       4.39049225e+02, 3.59175950e-01, 1.65758191e+03, 4.62588074e+02,
       1.75078854e-01, 1.77524146e+03, 6.48017212e+02, 1.23993829e-01,
       1.76644214e+03, 6.45085144e+02, 1.52357548e-01, 1.70465845e+03,
       5.74506409e+02, 2.26109654e-01 ]
