%YAML:1.0
---
pose_0: !!opencv-matrix
   rows: 1
   cols: 25
   dt: "3f"
   data: [ 7.74605103e+02, 4.65568604e+02, 7.71495223e-01,
       8.59830811e+02, 4.30206055e+02, 6.69059873e-01, 8.48172241e+02,
       4.83123901e+02, 3.76193345e-01, 0., 0., 0., 0., 0., 0.,
       8.65882996e+02, 3.65422302e+02, 7.04351485e-01, 9.95270935e+02,
       3.62416626e+02, 7.18295157e-01, 1.11889087e+03, 3.59603760e+02,
       7.58786082e-01, 1.11303076e+03, 4.74324829e+02, 5.59571624e-01,
       1.10715686e+03, 5.18485535e+02, 5.67719460e-01, 1.30739417e+03,
       5.74371887e+02, 7.75870264e-01, 1.52805872e+03, 5.92123840e+02,
       5.57773530e-01, 1.11592126e+03, 4.21402405e+02, 5.50472677e-01,
       1.33080750e+03, 4.30270721e+02, 7.62349367e-01, 1.56637109e+03,
       4.30164734e+02, 5.80272436e-01, 7.62742737e+02, 4.80144043e+02,
       7.90264070e-01, 7.62834961e+02, 4.56650635e+02, 8.29317272e-01,
       7.83324219e+02, 4.83276123e+02, 5.55464961e-02, 7.71618042e+02,
       4.12684113e+02, 6.14485323e-01, 1.63410413e+03, 4.06684509e+02,
       2.04076663e-01, 1.62814795e+03, 4.03734711e+02, 2.44744092e-01,
       1.58983521e+03, 4.15587921e+02, 2.70223618e-01, 1.61334668e+03,
       5.95034058e+02, 2.76349336e-01, 1.60746301e+03, 6.03915222e+02,
       2.30631560e-01, 1.56632214e+03, 5.77423035e+02, 2.74574608e-01 ]
