%YAML:1.0
---
pose_0: !!opencv-matrix
   rows: 1
   cols: 25
   dt: "3f"
   data: [ 6.18578430e+02, 4.89134552e+02, 8.30188572e-01,
       7.56923157e+02, 5.06722839e+02, 7.09928632e-01, 7.59809814e+02,
       5.98033081e+02, 6.95295095e-01, 8.98114014e+02, 6.68558533e+02,
       8.15911651e-01, 9.68805725e+02, 6.42138123e+02, 8.11209679e-01,
       7.51041992e+02, 4.27256073e+02, 5.66612244e-01, 9.27743469e+02,
       3.77194519e+02, 8.48294616e-01, 7.86261353e+02, 3.80162079e+02,
       8.17913473e-01, 1.04532971e+03, 5.00772766e+02, 5.58985353e-01,
       1.03648340e+03, 5.50782166e+02, 5.62596738e-01, 1.29553979e+03,
       5.53714233e+02, 5.39991081e-01, 1.57222681e+03, 5.56726624e+02,
       5.15306532e-01, 1.04535791e+03, 4.39005005e+02, 5.48239648e-01,
       1.30137463e+03, 4.33214508e+02, 4.76596206e-01, 1.52514294e+03,
       4.39132874e+02, 4.73532349e-01, 6.00850403e+02, 5.06706604e+02,
       8.38153005e-01, 6.03894348e+02, 4.68472198e+02, 8.16585183e-01,
       6.24477478e+02, 5.27390320e+02, 3.08361351e-01, 6.39171387e+02,
       4.36024689e+02, 5.60089767e-01, 0., 0., 0., 0., 0., 0.,
       1.56332886e+03, 4.42006104e+02, 2.71004587e-01, 1.68994092e+03,
       5.50904297e+02, 3.58525723e-01, 1.68396851e+03, 5.59716553e+02,
       3.00136864e-01, 1.60161914e+03, 5.45020691e+02, 3.02995652e-01 ]
