%YAML:1.0
---
pose_0: !!opencv-matrix
   rows: 2
   cols: 25
   dt: "3f"
   data: [ 7.56948914e+02, 5.33220154e+02, 7.09811330e-01,
       8.48159546e+02, 4.74341400e+02, 5.28274059e-01, 8.36326538e+02,
       4.74337891e+02, 3.34596366e-01, 0., 0., 0., 0., 0., 0.,
       8.59926331e+02, 4.74334229e+02, 6.69699192e-01, 1.00129376e+03,
       4.77330811e+02, 6.50431395e-01, 1.12774500e+03, 5.47891724e+02,
       4.16004449e-01, 1.16895300e+03, 4.27290009e+02, 3.43162656e-01,
       0., 0., 0., 0., 0., 0., 0., 0., 0., 1.16899341e+03,
       4.36157501e+02, 3.55129331e-01, 1.35739014e+03, 5.45032166e+02,
       6.81499898e-01, 1.63696094e+03, 4.12593536e+02, 3.97914410e-01,
       7.42194336e+02, 5.30436462e+02, 5.74943833e-02, 7.42321411e+02,
       5.15621155e+02, 7.03720570e-01, 0., 0., 0., 7.62671082e+02,
       4.80156128e+02, 6.69548750e-01, 1.67226367e+03, 4.94956024e+02,
       2.08036095e-01, 1.67816895e+03, 4.83217865e+02, 1.76859573e-01,
       1.67225122e+03, 3.86152405e+02, 3.10488135e-01, 0., 0., 0., 0.,
       0., 0., 0., 0., 0., 0., 0., 0., 0., 0., 0., 0., 0., 0., 0., 0.,
       0., 0., 0., 0., 0., 0., 0., 0., 0., 0., 0., 0., 0., 0., 0., 0.,
       1.18363611e+03, 4.09613129e+02, 2.24629119e-01, 1.36611670e+03,
       5.15558411e+02, 5.98171473e-01, 1.58395471e+03, 4.33121277e+02,
       3.30059409e-01, 0., 0., 0., 0., 0., 0., 0., 0., 0., 0., 0., 0.,
       0., 0., 0., 0., 0., 0., 0., 0., 0., 0., 0., 0., 0., 0., 0., 0.,
       0., 0., 0., 0., 0., 0., 0., 0., 0., 0., 0. ]
