%YAML:1.0
---
pose_0: !!opencv-matrix
   rows: 1
   cols: 25
   dt: "3f"
   data: [ 7.24514832e+02, 5.65548828e+02, 8.01262438e-01,
       8.36495605e+02, 5.71399475e+02, 6.86979532e-01, 8.33356079e+02,
       6.24558044e+02, 5.44063687e-01, 9.74685791e+02, 6.68587158e+02,
       3.27908158e-01, 1.01295325e+03, 6.74502319e+02, 1.02447435e-01,
       8.56978821e+02, 5.03800812e+02, 6.23292804e-01, 1.01297382e+03,
       4.65531311e+02, 6.87572360e-01, 1.13364978e+03, 4.56727966e+02,
       6.57859683e-01, 1.11604272e+03, 5.80304810e+02, 5.93916059e-01,
       1.11307166e+03, 6.27423828e+02, 6.26878023e-01, 1.33675562e+03,
       6.56836121e+02, 2.72154629e-01, 1.54282349e+03, 6.44997070e+02,
       3.18732142e-01, 1.11895044e+03, 5.27401428e+02, 6.12206638e-01,
       1.30733545e+03, 5.80356018e+02, 5.77387571e-01, 1.59573730e+03,
       6.01003052e+02, 4.28334028e-01, 7.12678223e+02, 5.77325500e+02,
       8.36992323e-01, 7.18533569e+02, 5.47918091e+02, 8.77075732e-01,
       7.30385681e+02, 6.00889038e+02, 3.85091990e-01, 7.45112000e+02,
       5.24382629e+02, 6.35241926e-01, 1.68110547e+03, 5.62630493e+02,
       4.34682310e-01, 1.67814209e+03, 5.59716736e+02, 4.09336388e-01,
       1.62811145e+03, 6.42128540e+02, 2.30981722e-01, 1.66059900e+03,
       5.94849121e+02, 5.20714819e-02, 0., 0., 0., 1.57220703e+03,
       6.65583679e+02, 1.37868285e-01 ]
