%YAML:1.0
---
pose_0: !!opencv-matrix
   rows: 1
   cols: 25
   dt: "3f"
   data: [ 7.15835510e+02, 4.77326019e+02, 8.73698592e-01,
       8.10008911e+02, 4.68490906e+02, 7.35765398e-01, 8.01104797e+02,
       5.27325562e+02, 6.69102132e-01, 8.77572021e+02, 5.56785950e+02,
       5.46564341e-01, 9.51188477e+02, 5.97974609e+02, 5.65653920e-01,
       8.21624634e+02, 4.12464630e+02, 6.73687696e-01, 9.51241821e+02,
       3.47822144e+02, 7.95439065e-01, 1.07190649e+03, 3.18407745e+02,
       8.88244450e-01, 1.07479041e+03, 4.83300537e+02, 5.61008930e-01,
       1.06896362e+03, 5.33269714e+02, 5.78467846e-01, 1.28083667e+03,
       5.74557495e+02, 7.25400746e-01, 1.50156665e+03, 5.77305603e+02,
       6.20624304e-01, 1.08065015e+03, 4.33166199e+02, 5.08881986e-01,
       1.34555432e+03, 4.36029175e+02, 6.69658959e-01, 1.56928882e+03,
       4.06662598e+02, 5.96745074e-01, 7.01012451e+02, 4.86213348e+02,
       7.71939099e-01, 7.09770142e+02, 4.56625092e+02, 8.48325491e-01,
       7.18698486e+02, 5.09717987e+02, 3.26845855e-01, 7.36307617e+02,
       4.24324402e+02, 6.56230211e-01, 1.65749963e+03, 4.56813843e+02,
       1.02879763e-01, 1.65746252e+03, 4.53694977e+02, 9.98751521e-02,
       1.58395227e+03, 3.85997986e+02, 2.63296098e-01, 1.59284973e+03,
       5.86212158e+02, 2.49340296e-01, 1.58397375e+03, 5.97969055e+02,
       2.38861054e-01, 1.53101074e+03, 5.53875305e+02, 4.02548403e-01 ]
