%YAML:1.0
---
pose_0: !!opencv-matrix
   rows: 1
   cols: 25
   dt: "3f"
   data: [ 7.42190002e+02, 5.06885406e+02, 8.66332054e-01,
       8.59951599e+02, 5.30294922e+02, 7.90044904e-01, 8.57040527e+02,
       6.06825378e+02, 7.14653194e-01, 9.77640503e+02, 6.47927002e+02,
       8.08188736e-01, 1.11003235e+03, 6.89252930e+02, 8.25243115e-01,
       8.65810181e+02, 4.62580292e+02, 7.01305091e-01, 1.01002405e+03,
       4.33169281e+02, 7.63399720e-01, 1.14260107e+03, 4.06662781e+02,
       8.03729117e-01, 1.11897595e+03, 5.30291687e+02, 6.19576871e-01,
       1.11603271e+03, 5.77384033e+02, 6.31481588e-01, 1.30729175e+03,
       5.71403992e+02, 6.21551812e-01, 1.53683691e+03, 5.68529602e+02,
       5.64147353e-01, 1.12185498e+03, 4.80237366e+02, 6.26344383e-01,
       1.30138647e+03, 4.83135712e+02, 7.25558877e-01, 1.53983813e+03,
       4.80351959e+02, 5.53813875e-01, 7.24606934e+02, 5.27358398e+02,
       8.28384638e-01, 7.36227661e+02, 4.92037781e+02, 8.16074908e-01,
       7.42194031e+02, 5.53853943e+02, 6.98283613e-01, 7.59910583e+02,
       4.77193787e+02, 6.30001426e-01, 1.61048657e+03, 4.53705688e+02,
       4.89653617e-01, 1.60457190e+03, 4.47867401e+02, 5.33792734e-01,
       1.56633313e+03, 5.00833893e+02, 2.95232713e-01, 1.60747632e+03,
       5.56828125e+02, 3.11000258e-01, 1.59868408e+03, 5.74389465e+02,
       2.73556769e-01, 1.56634485e+03, 5.50927002e+02, 3.38316172e-01 ]
