%YAML:1.0
---
pose_0: !!opencv-matrix
   rows: 1
   cols: 25
   dt: "3f"
   data: [ 0., 0., 0., 9.12915039e+02, 5.27342712e+02, 3.42815906e-01,
       8.57025757e+02, 5.65584412e+02, 2.97635883e-01, 7.98097595e+02,
       5.65563171e+02, 1.80649504e-01, 0., 0., 0., 9.68811462e+02,
       4.86194946e+02, 3.30804259e-01, 9.92318054e+02, 4.56629120e+02,
       5.23657560e-01, 9.07082275e+02, 3.91918457e+02, 5.33352017e-01,
       1.14255652e+03, 5.74396667e+02, 4.92886007e-01, 1.13653308e+03,
       6.09734863e+02, 4.09068584e-01, 1.37803577e+03, 5.27255005e+02,
       8.38656664e-01, 1.64279932e+03, 7.18727600e+02, 6.08174443e-01,
       1.16010718e+03, 5.30301208e+02, 3.93104762e-01, 1.38085242e+03,
       5.00899414e+02, 2.91946024e-01, 1.52510388e+03, 6.56828552e+02,
       1.28875569e-01, 0., 0., 0., 0., 0., 0., 0., 0., 0., 0., 0., 0.,
       0., 0., 0., 0., 0., 0., 0., 0., 0., 1.68989026e+03,
       7.12712830e+02, 3.44554633e-01, 1.68107922e+03, 7.24532715e+02,
       3.72304082e-01, 1.65747449e+03, 7.42310669e+02, 4.09323245e-01 ]
