%YAML:1.0
---
pose_0: !!opencv-matrix
   rows: 1
   cols: 25
   dt: "3f"
   data: [ 7.39143127e+02, 4.33163269e+02, 6.89014554e-01,
       8.33449585e+02, 4.94938110e+02, 6.30364060e-01, 8.21685730e+02,
       5.33268860e+02, 7.18146682e-01, 9.30671814e+02, 6.03942383e+02,
       7.74691105e-01, 1.05708826e+03, 6.03883118e+02, 7.29685485e-01,
       8.21697205e+02, 4.42010986e+02, 4.04621750e-01, 1.03362097e+03,
       4.83099670e+02, 6.47920430e-01, 1.14547046e+03, 4.36023041e+02,
       8.23538721e-01, 1.11598096e+03, 5.77479980e+02, 5.37104011e-01,
       1.09534363e+03, 6.21529358e+02, 4.57152724e-01, 1.34849658e+03,
       5.53798401e+02, 7.90289581e-01, 1.59870300e+03, 6.89190430e+02,
       2.65669107e-01, 1.13663403e+03, 5.36217041e+02, 4.80046630e-01,
       1.37503906e+03, 5.21413208e+02, 6.40018582e-01, 1.56338330e+03,
       6.06829834e+02, 3.88295382e-01, 7.18596680e+02, 4.47904999e+02,
       5.71556866e-01, 7.18752991e+02, 4.30156708e+02, 1.74295336e-01,
       7.42119202e+02, 4.97887451e+02, 5.07393599e-01, 0., 0., 0.,
       1.61930359e+03, 5.53808228e+02, 2.26902217e-01, 1.61346814e+03,
       5.53820129e+02, 2.33274758e-01, 1.58986133e+03, 6.24498962e+02,
       2.12401360e-01, 0., 0., 0., 0., 0., 0., 0., 0., 0. ]
