%YAML:1.0
---
pose_0: !!opencv-matrix
   rows: 1
   cols: 25
   dt: "3f"
   data: [ 7.36334961e+02, 4.83194641e+02, 8.81478608e-01,
       8.59984497e+02, 4.83111725e+02, 7.05331028e-01, 8.59863647e+02,
       5.62709839e+02, 7.16129303e-01, 9.68848755e+02, 6.53944275e+02,
       6.68517649e-01, 9.27690491e+02, 6.53880371e+02, 3.19158942e-01,
       8.62941528e+02, 4.09553711e+02, 5.22451520e-01, 1.02484082e+03,
       3.71374512e+02, 7.38062859e-01, 9.89403015e+02, 3.74288666e+02,
       2.40007877e-01, 1.13952405e+03, 5.03730316e+02, 5.95627189e-01,
       1.13366553e+03, 5.50779358e+02, 6.02175951e-01, 1.33088367e+03,
       5.77389099e+02, 7.28291214e-01, 1.51916016e+03, 5.77353394e+02,
       5.81658125e-01, 1.14244763e+03, 4.53676117e+02, 5.58111131e-01,
       1.35732727e+03, 4.59527161e+02, 7.95920730e-01, 1.56923889e+03,
       4.80290863e+02, 6.37283087e-01, 7.18750610e+02, 5.03733917e+02,
       8.00936460e-01, 7.21552063e+02, 4.62622498e+02, 7.89352536e-01,
       7.42185852e+02, 5.21504883e+02, 2.26780519e-01, 7.42184814e+02,
       4.33181274e+02, 5.29550493e-01, 1.63104102e+03, 4.53714874e+02,
       4.86638635e-01, 1.61931335e+03, 4.50757751e+02, 5.26313543e-01,
       1.58987256e+03, 4.97888947e+02, 3.39952171e-01, 1.59571973e+03,
       5.71493958e+02, 4.13655788e-01, 1.58394165e+03, 5.80314026e+02,
       3.68522078e-01, 1.54576575e+03, 5.68507690e+02, 2.71233767e-01 ]
