%YAML:1.0
---
pose_0: !!opencv-matrix
   rows: 1
   cols: 25
   dt: "3f"
   data: [ 6.30438416e+02, 6.21520447e+02, 8.11984777e-01,
       7.45156677e+02, 5.97959595e+02, 5.16099155e-01, 7.83433167e+02,
       6.71573730e+02, 3.31296355e-01, 9.48163818e+02, 7.56911499e+02,
       7.96802640e-01, 8.15808289e+02, 7.33353210e+02, 7.91637421e-01,
       7.33368713e+02, 5.30331238e+02, 5.38471222e-01, 9.24653259e+02,
       4.53678894e+02, 7.76383877e-01, 7.80482361e+02, 4.65578918e+02,
       7.96754420e-01, 1.09547571e+03, 5.92126160e+02, 5.63409626e-01,
       1.08655200e+03, 6.45144165e+02, 5.83383918e-01, 1.32204138e+03,
       7.45236328e+02, 7.47038066e-01, 1.56335242e+03, 7.42140503e+02,
       5.59626102e-01, 1.11010144e+03, 5.30291565e+02, 4.80313540e-01,
       1.36618726e+03, 5.33297852e+02, 5.29045701e-01, 1.64285254e+03,
       5.24351685e+02, 5.32826126e-01, 6.21482788e+02, 6.42105774e+02,
       7.66341507e-01, 6.18560303e+02, 6.01057495e+02, 7.69007981e-01,
       6.42037720e+02, 6.62669983e+02, 2.09988937e-01, 6.24598267e+02,
       5.74322266e+02, 4.98016864e-01, 1.71937573e+03, 4.92043213e+02,
       4.42058265e-01, 1.71056421e+03, 4.89081116e+02, 4.96245384e-01,
       1.68696582e+03, 5.36169189e+02, 2.45863974e-01, 1.66348755e+03,
       7.89274231e+02, 1.72713935e-01, 0., 0., 0., 1.59572864e+03,
       7.18730469e+02, 3.66275728e-01 ]
