%YAML:1.0
---
pose_0: !!opencv-matrix
   rows: 1
   cols: 25
   dt: "3f"
   data: [ 7.80399475e+02, 4.56647705e+02, 5.88143766e-01,
       8.62971497e+02, 4.39096252e+02, 7.36649990e-01, 8.62904480e+02,
       4.89133606e+02, 6.94729328e-01, 8.62887756e+02, 5.53858215e+02,
       8.45869482e-01, 7.42191650e+02, 5.27241821e+02, 8.96928668e-01,
       8.59953308e+02, 3.94880035e+02, 6.57606721e-01, 8.65830933e+02,
       3.62517731e+02, 8.00728559e-01, 7.39368042e+02, 4.27268768e+02,
       7.95403242e-01, 1.12192456e+03, 4.59756500e+02, 5.84081769e-01,
       1.11892151e+03, 5.06750793e+02, 6.26068473e-01, 1.30738000e+03,
       5.00860626e+02, 7.49704063e-01, 1.55456555e+03, 5.06814117e+02,
       6.28482282e-01, 1.12778870e+03, 4.12543579e+02, 5.78095853e-01,
       1.32492920e+03, 4.21338531e+02, 5.97298980e-01, 1.54277588e+03,
       4.30141510e+02, 6.33779407e-01, 7.65715881e+02, 4.59652283e+02,
       5.88746488e-01, 7.68636902e+02, 4.39134613e+02, 5.53108633e-01,
       7.86247070e+02, 4.80345673e+02, 8.75945836e-02, 7.86279419e+02,
       4.33025360e+02, 2.13709161e-01, 1.61349792e+03, 3.91963470e+02,
       3.75643492e-01, 1.61045557e+03, 3.91921600e+02, 4.37104136e-01,
       1.56634448e+03, 4.36127441e+02, 4.09175992e-01, 1.62812036e+03,
       4.97872009e+02, 5.15075505e-01, 1.61629993e+03, 5.06827606e+02,
       5.02577424e-01, 1.57224963e+03, 5.12616577e+02, 2.70787507e-01 ]
