%YAML:1.0
---
pose_0: !!opencv-matrix
   rows: 1
   cols: 25
   dt: "3f"
   data: [ 7.48139099e+02, 4.47862610e+02, 6.12903178e-01,
       8.24562622e+02, 5.03745850e+02, 6.11653507e-01, 8.27555969e+02,
       5.42064392e+02, 7.13500619e-01, 9.30706055e+02, 6.27356323e+02,
       8.31910193e-01, 1.02486926e+03, 5.59746155e+02, 8.24268401e-01,
       8.15780579e+02, 4.53734283e+02, 4.77727115e-01, 9.74690918e+02,
       4.62689972e+02, 3.72390449e-01, 1.08655273e+03, 4.53672485e+02,
       7.19605684e-01, 1.09831335e+03, 5.27399536e+02, 5.72474480e-01,
       1.09251404e+03, 5.68493347e+02, 5.50876856e-01, 1.28665686e+03,
       4.89063232e+02, 7.82538235e-01, 1.49276050e+03, 6.24555054e+02,
       5.30869544e-01, 1.10712061e+03, 4.83267090e+02, 5.32099664e-01,
       1.32491931e+03, 4.80235321e+02, 4.39196825e-01, 1.52507190e+03,
       5.33180847e+02, 5.76344073e-01, 7.33386658e+02, 4.59695557e+02,
       6.21342659e-01, 7.39134033e+02, 4.38998230e+02, 2.63073772e-01,
       7.45200134e+02, 5.03718323e+02, 4.84599948e-01, 0., 0., 0.,
       1.58991113e+03, 4.80267792e+02, 3.59948933e-01, 1.58693665e+03,
       4.83145203e+02, 3.58170718e-01, 1.54861560e+03, 5.53887207e+02,
       3.55012774e-01, 1.56043298e+03, 6.30357910e+02, 2.56845146e-01,
       1.53688916e+03, 6.50905884e+02, 2.67251402e-01, 1.52215149e+03,
       6.50960876e+02, 2.91825473e-01 ]
