%YAML:1.0
---
pose_0: !!opencv-matrix
   rows: 1
   cols: 25
   dt: "3f"
   data: [ 7.53948486e+02, 4.68510040e+02, 7.86201358e-01,
       8.62879517e+02, 4.59777161e+02, 7.20202148e-01, 8.59969849e+02,
       5.30243958e+02, 7.14893937e-01, 9.92332275e+02, 5.80387268e+02,
       6.98305428e-01, 1.11597473e+03, 6.45160767e+02, 8.46908927e-01,
       8.68724792e+02, 3.94893646e+02, 5.40853620e-01, 1.01009033e+03,
       3.39098846e+02, 7.89498329e-01, 1.14259412e+03, 2.80074158e+02,
       7.78272331e-01, 1.12193103e+03, 4.77311768e+02, 6.06811225e-01,
       1.11896802e+03, 5.24409302e+02, 6.31169260e-01, 1.31616687e+03,
       5.89108887e+02, 7.48794079e-01, 1.54569897e+03, 6.53920105e+02,
       6.10789537e-01, 1.12777429e+03, 4.27307404e+02, 5.50171137e-01,
       1.32499097e+03, 4.33190125e+02, 6.35444343e-01, 1.57516528e+03,
       4.47892700e+02, 6.30666733e-01, 7.39239319e+02, 4.83204620e+02,
       8.19613993e-01, 7.39353210e+02, 4.53725922e+02, 8.65605891e-01,
       7.56966370e+02, 5.03792816e+02, 1.81958348e-01, 7.62740601e+02,
       4.21362366e+02, 6.50443137e-01, 1.63988135e+03, 4.30186432e+02,
       3.45402777e-01, 1.63404578e+03, 4.24360565e+02, 4.04789388e-01,
       1.61342432e+03, 4.47832703e+02, 2.97431111e-01, 1.63102954e+03,
       6.68647095e+02, 4.83268082e-01, 1.61631433e+03, 6.80350281e+02,
       4.98996109e-01, 1.56927368e+03, 6.48079651e+02, 3.28201294e-01 ]
