%YAML:1.0
---
pose_0: !!opencv-matrix
   rows: 3
   cols: 25
   dt: "3f"
   data: [ 5.53923645e+02, 5.33178772e+02, 7.29803920e-01,
       6.30348755e+02, 5.97946533e+02, 2.14705110e-01, 0., 0., 0., 0.,
       0., 0., 0., 0., 0., 6.68636047e+02, 5.30304260e+02,
       2.56073505e-01, 8.09869995e+02, 5.24369507e+02, 5.34183443e-01,
       5.97897888e+02, 6.42168701e+02, 7.08656132e-01, 0., 0., 0., 0.,
       0., 0., 0., 0., 0., 0., 0., 0., 0., 0., 0., 0., 0., 0., 0., 0.,
       0., 5.27286804e+02, 5.53912048e+02, 7.22800672e-01,
       5.47888184e+02, 5.12619263e+02, 6.87015653e-01, 5.30320557e+02,
       6.15632996e+02, 3.13295901e-01, 5.74403809e+02, 5.03750702e+02,
       1.21729575e-01, 0., 0., 0., 0., 0., 0., 0., 0., 0., 0., 0., 0.,
       0., 0., 0., 0., 0., 0., 0., 0., 0., 6.98060974e+02,
       6.36236694e+02, 1.88711137e-01, 6.86309387e+02, 7.56927795e+02,
       2.81234562e-01, 8.51096069e+02, 8.80638428e+02, 3.74979794e-01,
       6.80441772e+02, 9.27559692e+02, 4.16470706e-01, 0., 0., 0., 0.,
       0., 0., 0., 0., 0., 1.08363733e+03, 5.47949463e+02,
       2.15900302e-01, 1.09537744e+03, 6.15671936e+02, 1.94151938e-01,
       1.23074170e+03, 6.50927490e+02, 1.76635846e-01, 1.75477075e+03,
       6.74534851e+02, 1.45479679e-01, 1.07182996e+03, 4.74382843e+02,
       2.59919018e-01, 1.34846582e+03, 3.50760040e+02, 2.27867737e-01,
       1.41326514e+03, 3.09566010e+02, 6.98746890e-02, 0., 0., 0., 0.,
       0., 0., 0., 0., 0., 0., 0., 0., 0., 0., 0., 0., 0., 0.,
       1.43094543e+03, 3.18459869e+02, 1.02612965e-01, 0., 0., 0., 0.,
       0., 0., 0., 0., 0., 0., 0., 0., 0., 0., 0., 0., 0., 0., 0., 0.,
       0., 0., 0., 0., 6.83378174e+02, 7.62818726e+02, 1.55234128e-01,
       8.59874634e+02, 8.83430542e+02, 3.18182886e-01, 6.77451843e+02,
       9.27640076e+02, 2.17269719e-01, 0., 0., 0., 0., 0., 0., 0., 0.,
       0., 0., 0., 0., 0., 0., 0., 0., 0., 0., 0., 0., 0., 0., 0., 0.,
       0., 0., 0., 0., 0., 0., 0., 0., 0., 0., 0., 0., 0., 0., 0., 0.,
       0., 0., 0., 0., 0., 0., 0., 0., 0., 0., 0. ]
