%YAML:1.0
---
pose_0: !!opencv-matrix
   rows: 1
   cols: 25
   dt: "3f"
   data: [ 7.42342163e+02, 5.36182617e+02, 4.75079566e-01,
       8.68777161e+02, 4.80212952e+02, 2.20881283e-01, 8.33445374e+02,
       4.94965179e+02, 1.35663018e-01, 7.00972839e+02, 5.06729797e+02,
       2.86264509e-01, 7.45154480e+02, 4.12580536e+02, 2.54767507e-01,
       8.59932007e+02, 4.83198059e+02, 1.19362220e-01, 0., 0., 0., 0.,
       0., 0., 1.12188623e+03, 5.27349060e+02, 2.67033696e-01,
       1.13954553e+03, 5.86195740e+02, 2.41088048e-01, 1.33971729e+03,
       6.45101257e+02, 3.74335229e-01, 1.53099280e+03, 6.92166565e+02,
       3.73718381e-01, 1.13362878e+03, 4.80214508e+02, 2.89266378e-01,
       1.32199292e+03, 4.33177917e+02, 2.58422136e-01, 1.47217798e+03,
       3.38928375e+02, 2.81787336e-01, 7.36216980e+02, 5.27330933e+02,
       2.88501769e-01, 7.56901794e+02, 5.24409302e+02, 3.93954039e-01,
       0., 0., 0., 7.89226440e+02, 4.92066620e+02, 1.95515230e-01,
       1.52223230e+03, 3.06620758e+02, 2.25277603e-01, 1.51919385e+03,
       3.00744110e+02, 2.28164569e-01, 1.49859558e+03, 3.27162567e+02,
       1.87436134e-01, 1.59285352e+03, 6.95046448e+02, 1.12795763e-01,
       0., 0., 0., 1.56631372e+03, 6.89229858e+02, 1.88278332e-01 ]
