%YAML:1.0
---
pose_0: !!opencv-matrix
   rows: 1
   cols: 25
   dt: "3f"
   data: [ 7.83374329e+02, 5.50853149e+02, 8.52022052e-01,
       8.71697998e+02, 5.24451965e+02, 7.79995680e-01, 8.80459412e+02,
       5.94957092e+02, 7.58239508e-01, 9.51267334e+02, 6.83301697e+02,
       7.28947282e-01, 9.80688599e+02, 7.45142029e+02, 6.09913111e-01,
       8.60037292e+02, 4.62618683e+02, 6.95739925e-01, 8.80634399e+02,
       3.86135559e+02, 6.87111735e-01, 8.71692200e+02, 3.38975067e+02,
       6.59594834e-01, 1.13365894e+03, 5.30345947e+02, 5.21401942e-01,
       1.13070728e+03, 5.80286499e+02, 5.37971914e-01, 1.32795056e+03,
       6.18565063e+02, 7.12916851e-01, 1.51625830e+03, 6.24572754e+02,
       6.14569247e-01, 1.13654565e+03, 4.80289124e+02, 5.08172870e-01,
       1.33673340e+03, 4.59732300e+02, 7.17614770e-01, 1.54280676e+03,
       4.36151672e+02, 6.43235445e-01, 7.65723450e+02, 5.56756409e+02,
       7.86821961e-01, 7.65829529e+02, 5.30265991e+02, 8.28133106e-01,
       0., 0., 0., 7.80432861e+02, 5.03712921e+02, 5.50192058e-01,
       1.61355457e+03, 4.21390808e+02, 2.19883323e-01, 1.61051587e+03,
       4.21382233e+02, 2.65752494e-01, 1.57806470e+03, 4.36087250e+02,
       2.25441962e-01, 1.58101318e+03, 6.74558655e+02, 4.30891722e-01,
       1.58391272e+03, 6.71528015e+02, 4.43199396e-01, 1.54870776e+03,
       6.03910828e+02, 4.19740051e-01 ]
