%YAML:1.0
---
pose_0: !!opencv-matrix
   rows: 1
   cols: 25
   dt: "3f"
   data: [ 5.27405457e+02, 5.50845093e+02, 8.88550639e-01,
       6.30349670e+02, 5.77288147e+02, 7.30253398e-01, 6.06853210e+02,
       6.68686401e+02, 5.10261595e-01, 7.45121338e+02, 8.15823486e+02,
       7.24528015e-01, 6.24390320e+02, 7.62757202e+02, 8.74716043e-01,
       6.50966797e+02, 4.80180115e+02, 6.51810467e-01, 7.18585327e+02,
       5.18495544e+02, 6.78076565e-01, 5.27366699e+02, 6.65681641e+02,
       5.74702263e-01, 1.03947595e+03, 5.97930237e+02, 3.31035733e-01,
       1.04538257e+03, 6.62754883e+02, 3.63331437e-01, 1.16602771e+03,
       7.36333252e+02, 1.18183985e-01, 0., 0., 0., 1.03651208e+03,
       5.30213440e+02, 3.06189656e-01, 1.31023987e+03, 5.97873962e+02,
       4.18673307e-01, 1.61041199e+03, 5.98039734e+02, 4.49862838e-01,
       5.03850525e+02, 5.68562439e+02, 8.29052627e-01, 5.21379700e+02,
       5.27419434e+02, 8.45740080e-01, 5.15607544e+02, 6.03833496e+02,
       6.32137656e-01, 5.47884521e+02, 5.03817444e+02, 5.12480497e-01,
       1.70164868e+03, 5.47877808e+02, 2.53380120e-01, 1.70170813e+03,
       5.42068970e+02, 2.42600277e-01, 1.64869458e+03, 6.21521790e+02,
       1.35406971e-01, 0., 0., 0., 0., 0., 0., 0., 0., 0. ]
