%YAML:1.0
---
pose_0: !!opencv-matrix
   rows: 1
   cols: 25
   dt: "3f"
   data: [ 7.39318115e+02, 4.62651917e+02, 8.24362516e-01,
       8.56967102e+02, 4.80350677e+02, 7.72558808e-01, 8.56936829e+02,
       5.59698730e+02, 6.61930084e-01, 9.30478882e+02, 6.68721802e+02,
       8.31262887e-01, 8.86440247e+02, 6.30339966e+02, 3.26744586e-01,
       8.57056641e+02, 3.97886658e+02, 6.35335445e-01, 9.71790588e+02,
       3.77216736e+02, 6.21079385e-01, 1.02486426e+03, 3.53711639e+02,
       7.43851602e-01, 1.13654260e+03, 5.00852234e+02, 5.48866212e-01,
       1.12776990e+03, 5.47991821e+02, 5.89965463e-01, 1.34552893e+03,
       5.74449219e+02, 5.77788711e-01, 1.50742505e+03, 5.71511475e+02,
       5.58229327e-01, 1.13948035e+03, 4.39097351e+02, 5.62317133e-01,
       1.35145715e+03, 4.56807281e+02, 7.75457203e-01, 1.56920972e+03,
       4.77205872e+02, 6.45717740e-01, 7.24591187e+02, 4.83215607e+02,
       7.80263901e-01, 7.24530457e+02, 4.50864655e+02, 7.71238804e-01,
       7.42191284e+02, 5.06854248e+02, 5.28821528e-01, 7.50995605e+02,
       4.21344818e+02, 5.49075305e-01, 1.63692810e+03, 4.42023926e+02,
       5.36981523e-01, 1.63107446e+03, 4.39101471e+02, 5.57673752e-01,
       1.58692419e+03, 4.89135620e+02, 3.50666165e-01, 1.57217078e+03,
       5.71464050e+02, 3.49880576e-01, 1.56326941e+03, 5.77414490e+02,
       3.32796186e-01, 1.53684924e+03, 5.53883606e+02, 3.58549565e-01 ]
