%YAML:1.0
---
pose_0: !!opencv-matrix
   rows: 1
   cols: 25
   dt: "3f"
   data: [ 8.09902283e+02, 4.09620270e+02, 8.10248673e-01,
       8.83519348e+02, 4.83093994e+02, 6.65125787e-01, 8.80411621e+02,
       5.27301453e+02, 6.13672435e-01, 1.00125354e+03, 6.27471313e+02,
       8.25549185e-01, 1.00706512e+03, 4.86198761e+02, 8.07769477e-01,
       8.92287781e+02, 4.44924561e+02, 3.97048920e-01, 0., 0., 0., 0.,
       0., 0., 1.16312878e+03, 4.06618011e+02, 4.72568959e-01,
       1.16611072e+03, 4.56696075e+02, 5.47010660e-01, 1.38676367e+03,
       5.33276245e+02, 7.71872997e-01, 1.53684680e+03, 6.74542053e+02,
       6.07273579e-01, 1.15427246e+03, 3.50708588e+02, 5.17866015e-01,
       1.34853027e+03, 2.94936157e+02, 4.15851742e-01, 1.54275012e+03,
       2.97798798e+02, 4.16708320e-01, 7.89314819e+02, 4.21371979e+02,
       8.03257942e-01, 7.92208557e+02, 4.00739899e+02, 4.41730469e-01,
       8.03936829e+02, 4.59633087e+02, 6.94511592e-01, 0., 0., 0.,
       1.63985449e+03, 2.68325073e+02, 2.91444600e-01, 1.63692664e+03,
       2.68259613e+02, 2.98120677e-01, 1.57221179e+03, 3.00721008e+02,
       2.71103054e-01, 1.61044678e+03, 7.12763306e+02, 6.29618526e-01,
       1.58987415e+03, 7.18644958e+02, 6.16105855e-01, 1.54274548e+03,
       6.92103882e+02, 3.26450318e-01 ]
