%YAML:1.0
---
pose_0: !!opencv-matrix
   rows: 1
   cols: 25
   dt: "3f"
   data: [ 7.80392395e+02, 3.59595978e+02, 8.11816216e-01,
       8.62975586e+02, 3.44905457e+02, 6.86125934e-01, 8.65844360e+02,
       4.12624207e+02, 6.45022571e-01, 1.01880914e+03, 4.33076202e+02,
       5.99116206e-01, 1.11887622e+03, 4.89133118e+02, 7.12366700e-01,
       8.74611084e+02, 2.68350616e+02, 6.60930932e-01, 1.01879388e+03,
       2.47781967e+02, 5.51864088e-01, 1.02189716e+03, 2.27092010e+02,
       6.39217079e-01, 1.13945618e+03, 3.65480896e+02, 6.28339767e-01,
       1.12479187e+03, 4.12536316e+02, 6.37076616e-01, 1.35141089e+03,
       4.74308075e+02, 6.59029722e-01, 1.54280945e+03, 5.30362610e+02,
       6.37336433e-01, 1.14252356e+03, 3.15448975e+02, 5.87138712e-01,
       1.35147363e+03, 3.15449890e+02, 6.26403451e-01, 1.56639490e+03,
       2.97854950e+02, 6.08504415e-01, 7.62894775e+02, 3.74262909e+02,
       7.86460578e-01, 7.62848572e+02, 3.41814270e+02, 8.42732847e-01,
       7.83397400e+02, 3.91946075e+02, 3.37483436e-01, 7.83397949e+02,
       3.12534027e+02, 5.83783746e-01, 1.63702795e+03, 2.71323212e+02,
       4.73222166e-01, 1.63401892e+03, 2.68399109e+02, 4.93676245e-01,
       1.59574988e+03, 3.09494232e+02, 3.25605273e-01, 1.61346277e+03,
       5.53888794e+02, 5.66488385e-01, 1.60165613e+03, 5.62652893e+02,
       5.24478734e-01, 1.56925378e+03, 5.24439758e+02, 3.94212157e-01 ]
