%YAML:1.0
---
pose_0: !!opencv-matrix
   rows: 1
   cols: 25
   dt: "3f"
   data: [ 7.62862488e+02, 3.74345551e+02, 2.46547580e-01,
       8.36488220e+02, 3.65474030e+02, 6.00680172e-01, 8.30406799e+02,
       4.36047455e+02, 5.44113696e-01, 7.39238098e+02, 4.62566071e+02,
       8.30730021e-01, 6.42059387e+02, 3.89080872e+02, 7.53837526e-01,
       8.39373352e+02, 2.91858154e+02, 6.19294047e-01, 8.62849426e+02,
       3.38878784e+02, 6.99158370e-01, 8.59949463e+02, 4.56664185e+02,
       8.49156201e-01, 1.11299548e+03, 3.80163330e+02, 5.21982193e-01,
       1.11299475e+03, 4.30153564e+02, 5.34254551e-01, 1.31902942e+03,
       4.56573761e+02, 7.68992484e-01, 1.53687097e+03, 4.74314240e+02,
       5.85651398e-01, 1.11011877e+03, 3.21342560e+02, 5.09490550e-01,
       1.33381030e+03, 3.15324249e+02, 5.75335264e-01, 1.56334534e+03,
       2.91786499e+02, 5.51845193e-01, 7.48088501e+02, 3.74335754e+02,
       2.01014161e-01, 7.59828796e+02, 3.62402100e+02, 2.50369519e-01,
       7.65818909e+02, 4.03737091e+02, 1.54947937e-01, 7.83410522e+02,
       3.39041748e+02, 1.64645284e-01, 1.64282629e+03, 2.71267090e+02,
       4.42063332e-01, 1.63702271e+03, 2.68327789e+02, 4.94051605e-01,
       1.60745178e+03, 3.00726440e+02, 1.82407483e-01, 1.60743323e+03,
       4.71430084e+02, 4.30541128e-01, 1.59283459e+03, 4.83181976e+02,
       3.91710997e-01, 1.56632690e+03, 4.59664520e+02, 3.16072464e-01 ]
