%YAML:1.0
---
pose_0: !!opencv-matrix
   rows: 1
   cols: 25
   dt: "3f"
   data: [ 7.62767456e+02, 4.59524994e+02, 8.76096964e-01,
       8.77629822e+02, 4.44917236e+02, 7.18263507e-01, 8.80557434e+02,
       5.21470764e+02, 5.78052640e-01, 1.00422205e+03, 6.00898193e+02,
       8.60394001e-01, 8.86370728e+02, 5.74452454e+02, 8.63191843e-01,
       8.71717041e+02, 3.68436005e+02, 6.13625884e-01, 9.48255615e+02,
       3.06564178e+02, 7.84790635e-01, 1.02767029e+03, 3.03694702e+02,
       7.77671695e-01, 1.16900269e+03, 4.83314362e+02, 5.78953445e-01,
       1.16601282e+03, 5.33315918e+02, 5.85670888e-01, 1.34263916e+03,
       5.39147034e+02, 2.86426455e-01, 1.53388733e+03, 5.36155823e+02,
       3.42111588e-01, 1.17776331e+03, 4.33204590e+02, 5.63580215e-01,
       1.35439014e+03, 4.47914520e+02, 5.54399550e-01, 1.57219653e+03,
       4.36118378e+02, 4.50778872e-01, 7.42192810e+02, 4.74341614e+02,
       8.22679758e-01, 7.45176758e+02, 4.36068634e+02, 8.60577285e-01,
       7.65721008e+02, 4.86184235e+02, 2.03087017e-01, 7.65723633e+02,
       4.09557495e+02, 6.17282748e-01, 1.63995032e+03, 4.33119263e+02,
       2.41802335e-01, 1.63696082e+03, 4.24357635e+02, 3.02016109e-01,
       1.60161108e+03, 4.21424622e+02, 2.00875521e-01, 1.58678235e+03,
       5.45021362e+02, 1.39531955e-01, 0., 0., 0., 1.56341492e+03,
       5.33200073e+02, 2.73907185e-01 ]
