%YAML:1.0
---
pose_0: !!opencv-matrix
   rows: 1
   cols: 25
   dt: "3f"
   data: [ 8.12768860e+02, 5.06647644e+02, 8.60444725e-01,
       9.01137207e+02, 5.24410706e+02, 7.60986626e-01, 8.89322693e+02,
       5.92111511e+02, 6.54737532e-01, 8.33311646e+02, 7.03971680e+02,
       8.27158689e-01, 8.12757385e+02, 6.24470581e+02, 4.75879103e-01,
       9.09948853e+02, 4.53755524e+02, 6.39676154e-01, 9.21704468e+02,
       3.21361145e+02, 7.02958822e-01, 9.03923340e+02, 1.80141052e+02,
       7.66983151e-01, 1.16312976e+03, 5.27326843e+02, 5.67395926e-01,
       1.16307813e+03, 5.74413635e+02, 5.75719237e-01, 1.35142310e+03,
       6.44980347e+02, 8.11711550e-01, 1.52802795e+03, 6.45119141e+02,
       7.18960643e-01, 1.16307239e+03, 4.77324219e+02, 5.25999010e-01,
       1.37209485e+03, 4.65543396e+02, 6.86431706e-01, 1.55749060e+03,
       4.36238342e+02, 6.66077912e-01, 7.92293884e+02, 5.21482727e+02,
       7.90334105e-01, 7.98090759e+02, 4.83325684e+02, 7.44518280e-01,
       8.09939575e+02, 5.50913818e+02, 5.93292832e-01, 8.18719910e+02,
       4.65529572e+02, 2.83992767e-01, 1.61642126e+03, 4.15502808e+02,
       4.14017022e-01, 1.61339197e+03, 4.12599976e+02, 4.83931035e-01,
       1.58987305e+03, 4.36103027e+02, 2.47396410e-01, 1.58396289e+03,
       6.92091919e+02, 5.91982067e-01, 1.57811877e+03, 6.89229187e+02,
       5.30308783e-01, 1.55164307e+03, 6.24497375e+02, 4.96343791e-01 ]
