%YAML:1.0
---
pose_0: !!opencv-matrix
   rows: 1
   cols: 25
   dt: "3f"
   data: [ 7.15633850e+02, 4.80342163e+02, 8.85232329e-01,
       8.39336731e+02, 5.03761841e+02, 7.18762577e-01, 8.56965210e+02,
       5.97972595e+02, 6.87425733e-01, 9.98199158e+02, 6.24532593e+02,
       7.89942682e-01, 1.13360938e+03, 6.65670898e+02, 8.15348625e-01,
       8.54077393e+02, 4.06615845e+02, 6.98335767e-01, 8.60002075e+02,
       2.77169434e+02, 8.01413596e-01, 7.62752014e+02, 3.86158325e+02,
       8.66091847e-01, 1.11605725e+03, 5.00854248e+02, 5.56098104e-01,
       1.11298511e+03, 5.50837219e+02, 5.79807699e-01, 1.34263245e+03,
       5.53949036e+02, 2.35890329e-01, 1.53980579e+03, 5.65641052e+02,
       5.83905697e-01, 1.11304199e+03, 4.39022522e+02, 5.15111089e-01,
       1.31021301e+03, 4.59524719e+02, 6.30221426e-01, 1.61039539e+03,
       4.56603973e+02, 5.78560293e-01, 6.95072693e+02, 5.00796448e+02,
       8.60055566e-01, 7.06867432e+02, 4.59781738e+02, 8.24507594e-01,
       7.12758667e+02, 5.30265259e+02, 6.61008596e-01, 7.36238953e+02,
       4.41950226e+02, 5.50585151e-01, 1.70760815e+03, 4.24294037e+02,
       3.05174172e-01, 1.70471094e+03, 4.18413025e+02, 2.91633904e-01,
       1.63101270e+03, 4.65565277e+02, 2.80906707e-01, 1.61047766e+03,
       5.80319519e+02, 2.36313432e-01, 1.59279480e+03, 5.95018555e+02,
       2.23402128e-01, 1.57220471e+03, 5.50839783e+02, 3.42763424e-01 ]
