%YAML:1.0
---
pose_0: !!opencv-matrix
   rows: 1
   cols: 25
   dt: "3f"
   data: [ 7.83445313e+02, 5.00823395e+02, 8.73311579e-01,
       8.68782898e+02, 5.03826050e+02, 6.06867731e-01, 8.65775513e+02,
       5.59735596e+02, 6.03480875e-01, 9.33456787e+02, 5.24340088e+02,
       6.89176083e-01, 9.48123047e+02, 3.89005432e+02, 5.22773743e-01,
       8.60010620e+02, 4.50850128e+02, 5.39300799e-01, 9.95213379e+02,
       3.68475464e+02, 6.66707993e-01, 1.10717480e+03, 3.00688019e+02,
       7.79984295e-01, 1.11305762e+03, 4.74348328e+02, 5.92498124e-01,
       1.11303528e+03, 5.15576233e+02, 6.10830963e-01, 1.32789954e+03,
       5.42066833e+02, 6.17006421e-01, 1.52217383e+03, 5.33244690e+02,
       5.78066885e-01, 1.11013477e+03, 4.24339050e+02, 5.80183983e-01,
       1.19838428e+03, 4.30220062e+02, 6.45658910e-01, 1.40442786e+03,
       4.30172058e+02, 3.04324806e-01, 7.68691467e+02, 5.09667664e+02,
       8.12631905e-01, 7.71629089e+02, 4.83125885e+02, 8.47359836e-01,
       7.86295410e+02, 5.33296814e+02, 6.89919114e-01, 7.89424194e+02,
       4.62685211e+02, 4.69711602e-01, 1.53686890e+03, 4.65494080e+02,
       6.93387017e-02, 0., 0., 0., 1.45154944e+03, 4.24290955e+02,
       1.79349750e-01, 1.58680640e+03, 5.24331604e+02, 3.98197621e-01,
       1.57512354e+03, 5.30231384e+02, 3.44505072e-01, 1.55450757e+03,
       5.30251587e+02, 3.20757300e-01 ]
