%YAML:1.0
---
pose_0: !!opencv-matrix
   rows: 1
   cols: 25
   dt: "3f"
   data: [ 8.09870178e+02, 5.06667542e+02, 8.64199162e-01,
       8.98131592e+02, 5.06717621e+02, 7.25187719e-01, 8.95254822e+02,
       5.53910767e+02, 6.65795684e-01, 9.03991333e+02, 6.24390808e+02,
       6.35448039e-01, 8.56850098e+02, 6.71634033e+02, 7.87811756e-01,
       8.95241882e+02, 4.53716553e+02, 5.32812953e-01, 8.45219543e+02,
       4.12442993e+02, 4.28016722e-01, 7.83307495e+02, 3.97789063e+02,
       6.80341244e-01, 1.12778748e+03, 5.30264893e+02, 5.37995934e-01,
       1.13363513e+03, 5.77404846e+02, 5.26903450e-01, 1.34554480e+03,
       6.27358521e+02, 7.13996828e-01, 1.52511475e+03, 6.45119141e+02,
       6.55190587e-01, 1.12773438e+03, 4.83146667e+02, 5.03058553e-01,
       1.36910034e+03, 4.65587311e+02, 5.71499050e-01, 1.55452551e+03,
       4.36193146e+02, 6.46294892e-01, 7.92207947e+02, 5.12622986e+02,
       7.50787199e-01, 8.03962097e+02, 4.83209106e+02, 7.49836206e-01,
       8.06942993e+02, 5.36194397e+02, 1.95630327e-01, 8.30527344e+02,
       4.56643677e+02, 4.20537472e-01, 1.62512292e+03, 4.24333160e+02,
       3.63335937e-01, 1.61633777e+03, 4.21343597e+02, 4.25595313e-01,
       1.57513879e+03, 4.21381744e+02, 2.46793330e-01, 1.57217944e+03,
       6.95047180e+02, 5.16518533e-01, 1.57811694e+03, 6.89236877e+02,
       4.90971029e-01, 1.55743420e+03, 6.24458618e+02, 4.74806607e-01 ]
