%YAML:1.0
---
pose_0: !!opencv-matrix
   rows: 2
   cols: 25
   dt: "3f"
   data: [ 4.74318237e+02, 5.50925537e+02, 1.89748526e-01,
       6.24498169e+02, 5.62674072e+02, 1.33297563e-01, 6.80404297e+02,
       6.18573608e+02, 7.19401091e-02, 0., 0., 0., 0., 0., 0.,
       6.30362366e+02, 5.33257385e+02, 9.46399420e-02, 7.83371704e+02,
       4.09498505e+02, 3.43149513e-01, 5.27403564e+02, 4.39083984e+02,
       6.30078852e-01, 1.05122241e+03, 5.47924866e+02, 2.00515598e-01,
       1.03943909e+03, 6.18572449e+02, 1.33617640e-01, 1.36615076e+03,
       6.53939392e+02, 2.36017749e-01, 1.57222717e+03, 6.80362549e+02,
       7.48737082e-02, 1.04242139e+03, 4.80240448e+02, 2.83015579e-01,
       1.36324146e+03, 4.47886627e+02, 2.26533860e-01, 1.70757507e+03,
       4.33242004e+02, 1.54654890e-01, 4.15548859e+02, 5.74337341e+02,
       1.14809498e-01, 0., 0., 0., 0., 0., 0., 0., 0., 0., 0., 0., 0.,
       0., 0., 0., 1.72228394e+03, 4.53746216e+02, 9.87967625e-02, 0.,
       0., 0., 0., 0., 0., 0., 0., 0., 0., 0., 0., 0., 0., 0., 0., 0.,
       0., 0., 0., 0., 0., 0., 0., 5.65619019e+02, 6.12652588e+02,
       1.09422229e-01, 7.45227905e+02, 7.33329163e+02, 2.64503330e-01,
       4.89080383e+02, 6.45042969e+02, 5.43502808e-01, 0., 0., 0., 0.,
       0., 0., 0., 0., 0., 0., 0., 0., 0., 0., 0., 0., 0., 0., 0., 0.,
       0., 0., 0., 0., 0., 0., 0., 0., 0., 0., 0., 0., 0., 0., 0., 0.,
       0., 0., 0., 0., 0., 0., 0., 0., 0., 0., 0., 0., 0., 0., 0. ]
