%YAML:1.0
---
pose_0: !!opencv-matrix
   rows: 1
   cols: 25
   dt: "3f"
   data: [ 7.30387390e+02, 3.18392120e+02, 7.69799650e-01,
       8.12959473e+02, 2.50638351e+02, 7.15456605e-01, 8.18698730e+02,
       3.18386200e+02, 6.38344526e-01, 8.83459412e+02, 4.59660004e+02,
       7.14588046e-01, 9.30676697e+02, 5.80301941e+02, 6.76337063e-01,
       8.09966797e+02, 1.77134232e+02, 4.57760781e-01, 1.02176611e+03,
       9.18080673e+01, 1.61381423e-01, 0., 0., 0., 1.10128992e+03,
       2.80125854e+02, 5.25530159e-01, 1.09236182e+03, 3.36028412e+02,
       5.29585600e-01, 1.32199084e+03, 4.06699341e+02, 3.44853878e-01,
       1.46915356e+03, 4.50794891e+02, 1.92702964e-01, 1.11888062e+03,
       2.24151245e+02, 5.08624077e-01, 1.31320203e+03, 1.94690659e+02,
       3.63885939e-01, 1.40737024e+03, 1.53680710e+02, 2.72444189e-01,
       7.15823059e+02, 3.30146332e+02, 3.29716921e-01, 7.18533386e+02,
       3.09505707e+02, 7.60259092e-01, 0., 0., 0., 7.18702148e+02,
       2.59481903e+02, 6.21990561e-01, 1.51915674e+03, 1.35889572e+02,
       1.26215935e-01, 0., 0., 0., 1.42206689e+03, 1.29959503e+02,
       8.92687216e-02, 0., 0., 0., 0., 0., 0., 1.49274646e+03,
       4.47885559e+02, 1.42708212e-01 ]
