%YAML:1.0
---
pose_0: !!opencv-matrix
   rows: 1
   cols: 25
   dt: "3f"
   data: [ 7.18673706e+02, 4.92021606e+02, 7.65095651e-01,
       7.86342041e+02, 4.33221558e+02, 4.67566788e-01, 7.83360229e+02,
       4.30219971e+02, 3.25690120e-01, 0., 0., 0., 0., 0., 0.,
       7.86430664e+02, 4.33220520e+02, 8.03678513e-01, 9.36449890e+02,
       4.59689636e+02, 7.67454326e-01, 9.33498779e+02, 5.77329468e+02,
       7.75941491e-01, 1.11601355e+03, 4.06596313e+02, 3.37020069e-01,
       1.10716296e+03, 4.12560516e+02, 1.66758642e-01, 1.32490186e+03,
       4.59582794e+02, 4.03093964e-01, 1.40151318e+03, 4.00741333e+02,
       3.06771249e-01, 1.13366125e+03, 3.86083862e+02, 3.69315565e-01,
       1.33079736e+03, 4.80254883e+02, 6.39076054e-01, 1.62812170e+03,
       4.09525360e+02, 4.52620000e-01, 6.98092773e+02, 4.92075745e+02,
       3.58699501e-01, 7.06866333e+02, 4.77198029e+02, 7.43667960e-01,
       0., 0., 0., 7.15744324e+02, 4.33120026e+02, 6.84878290e-01,
       1.69284973e+03, 3.62524078e+02, 3.44602406e-01, 1.68988086e+03,
       3.62531860e+02, 3.16554517e-01, 1.66634229e+03, 4.12518036e+02,
       2.17196569e-01, 1.43386719e+03, 4.30263947e+02, 9.83950347e-02,
       0., 0., 0., 1.41915454e+03, 3.86046539e+02, 1.73244834e-01 ]
