%YAML:1.0
---
pose_0: !!opencv-matrix
   rows: 1
   cols: 25
   dt: "3f"
   data: [ 7.18659241e+02, 5.33347290e+02, 7.50878453e-01,
       7.86341492e+02, 4.59582123e+02, 5.49879134e-01, 7.68716370e+02,
       4.59612335e+02, 3.68384272e-01, 9.04052917e+02, 5.44991760e+02,
       6.79972991e-02, 8.12872070e+02, 5.56762085e+02, 7.21552670e-02,
       7.95241272e+02, 4.59649536e+02, 6.93770766e-01, 9.07164978e+02,
       5.47838196e+02, 7.95356393e-01, 7.92233826e+02, 5.80376282e+02,
       7.94754684e-01, 1.10129236e+03, 4.71421448e+02, 2.92707562e-01,
       1.08950439e+03, 4.74350616e+02, 1.78037480e-01, 1.31905896e+03,
       5.06640991e+02, 4.38060105e-01, 1.56929041e+03, 4.53780365e+02,
       3.84772778e-01, 1.13365442e+03, 4.62596375e+02, 3.05976838e-01,
       1.32781836e+03, 5.21483765e+02, 5.65164685e-01, 1.59868750e+03,
       4.44947327e+02, 2.61172771e-01, 0., 0., 0., 7.12683289e+02,
       5.21424927e+02, 7.21284688e-01, 0., 0., 0., 7.24578308e+02,
       4.71445496e+02, 6.46258950e-01, 1.67815283e+03, 3.91982819e+02,
       2.27630332e-01, 1.68106946e+03, 3.97783813e+02, 2.18956724e-01,
       1.63106885e+03, 4.59710571e+02, 1.29763976e-01, 0., 0., 0., 0.,
       0., 0., 0., 0., 0. ]
