%YAML:1.0
---
pose_0: !!opencv-matrix
   rows: 1
   cols: 25
   dt: "3f"
   data: [ 7.36292114e+02, 4.09697754e+02, 7.63674140e-01,
       8.33363342e+02, 4.83128143e+02, 7.46675730e-01, 8.12967163e+02,
       5.50803223e+02, 7.72781372e-01, 9.36464722e+02, 6.00861206e+02,
       8.32711875e-01, 1.09251721e+03, 6.24391785e+02, 8.34472537e-01,
       8.56944946e+02, 4.09514832e+02, 4.60073948e-01, 1.00114856e+03,
       3.77216156e+02, 8.00422728e-01, 1.11885205e+03, 3.15454285e+02,
       8.51209402e-01, 1.09543823e+03, 4.83198761e+02, 5.54483533e-01,
       1.09545117e+03, 5.30345703e+02, 5.22023857e-01, 1.31316345e+03,
       5.09693146e+02, 6.75881743e-01, 1.53981860e+03, 5.33328979e+02,
       5.97879827e-01, 1.09829639e+03, 4.33161285e+02, 6.07974648e-01,
       1.30730334e+03, 4.06612701e+02, 7.02767968e-01, 1.51338062e+03,
       4.59541199e+02, 6.71458185e-01, 7.15670410e+02, 4.15567322e+02,
       7.72261679e-01, 7.18648254e+02, 3.94926147e+02, 2.33297199e-01,
       7.21568726e+02, 4.59594421e+02, 5.61769962e-01, 0., 0., 0.,
       1.59864905e+03, 4.03702362e+02, 4.78790015e-01, 1.59276184e+03,
       4.03653992e+02, 4.56477463e-01, 1.53976465e+03, 4.77341248e+02,
       4.95262355e-01, 1.62224683e+03, 5.27397705e+02, 5.62585831e-01,
       1.61053857e+03, 5.39116577e+02, 4.82947290e-01, 1.56333643e+03,
       5.27350769e+02, 2.95797586e-01 ]
