%YAML:1.0
---
pose_0: !!opencv-matrix
   rows: 1
   cols: 25
   dt: "3f"
   data: [ 7.09753967e+02, 5.77555176e+02, 8.53287876e-01,
       8.24603943e+02, 5.77307617e+02, 5.08238196e-01, 8.39336731e+02,
       6.44970276e+02, 3.38415414e-01, 9.77643127e+02, 6.48058533e+02,
       4.54701811e-01, 1.07184705e+03, 7.12783936e+02, 7.76336491e-01,
       8.27578613e+02, 5.09762268e+02, 5.87980270e-01, 9.98309692e+02,
       4.56708923e+02, 7.88460970e-01, 1.14261597e+03, 4.12494659e+02,
       8.59826148e-01, 1.11593140e+03, 5.89169617e+02, 5.86558938e-01,
       1.10132935e+03, 6.33307861e+02, 5.62061250e-01, 1.31023718e+03,
       7.30406555e+02, 5.51543236e-01, 1.37797925e+03, 7.09830139e+02,
       5.11359572e-02, 1.12188770e+03, 5.42096313e+02, 5.34809291e-01,
       1.35140540e+03, 6.50909485e+02, 6.45037413e-01, 1.52219385e+03,
       6.21545471e+02, 1.78168565e-01, 6.92078186e+02, 5.97975525e+02,
       8.34326267e-01, 6.92275330e+02, 5.59776245e+02, 8.23170066e-01,
       7.06869324e+02, 6.18533997e+02, 1.45680368e-01, 7.12777466e+02,
       5.30421570e+02, 6.37417555e-01, 0., 0., 0., 0., 0., 0., 0., 0.,
       0., 0., 0., 0., 0., 0., 0., 0., 0., 0. ]
