%YAML:1.0
---
pose_0: !!opencv-matrix
   rows: 1
   cols: 25
   dt: "3f"
   data: [ 6.45180786e+02, 4.59669159e+02, 8.77394736e-01,
       7.89301697e+02, 4.94920349e+02, 6.30196512e-01, 8.03950317e+02,
       5.86169556e+02, 6.49108887e-01, 9.45284973e+02, 6.39120361e+02,
       7.38124728e-01, 1.06588647e+03, 7.27426575e+02, 7.34563947e-01,
       7.71640747e+02, 4.12524750e+02, 4.52040464e-01, 8.98152161e+02,
       3.62471649e+02, 1.06394917e-01, 0., 0., 0., 1.09540576e+03,
       4.80272552e+02, 5.80224335e-01, 1.08360571e+03, 5.30407715e+02,
       5.65933585e-01, 1.31612451e+03, 5.92027588e+02, 5.14301538e-01,
       1.51334851e+03, 6.00842346e+02, 5.23767829e-01, 1.10420764e+03,
       4.15469147e+02, 5.05804300e-01, 1.35442407e+03, 4.50764984e+02,
       5.84134400e-01, 1.63694995e+03, 4.56609100e+02, 5.88841438e-01,
       6.30330200e+02, 4.80249268e+02, 8.00992489e-01, 6.36191833e+02,
       4.36209595e+02, 7.82381892e-01, 6.45200989e+02, 5.06738586e+02,
       4.28178817e-01, 6.68712463e+02, 4.12488647e+02, 5.05927801e-01,
       1.72827014e+03, 4.12644257e+02, 4.92081791e-01, 1.72516614e+03,
       4.12576447e+02, 5.00096977e-01, 1.65167590e+03, 4.62619202e+02,
       2.35004574e-01, 1.57809143e+03, 5.77356445e+02, 1.20924301e-01,
       0., 0., 0., 1.55453613e+03, 5.74403076e+02, 2.18407005e-01 ]
