%YAML:1.0
---
pose_0: !!opencv-matrix
   rows: 1
   cols: 25
   dt: "3f"
   data: [ 6.36183594e+02, 4.39093475e+02, 7.79651523e-01,
       7.59794617e+02, 4.74392914e+02, 5.86750448e-01, 7.36327148e+02,
       5.27389709e+02, 2.79693872e-01, 8.57021179e+02, 7.27486389e+02,
       3.37079734e-01, 8.56933716e+02, 7.21547058e+02, 2.07962662e-01,
       7.89288330e+02, 3.89029907e+02, 6.55861437e-01, 9.51105835e+02,
       3.65327972e+02, 8.11276317e-01, 1.05121277e+03, 3.62412445e+02,
       8.19998264e-01, 1.06883801e+03, 5.27302246e+02, 5.13472319e-01,
       1.05125427e+03, 5.77446960e+02, 5.23296416e-01, 1.26024255e+03,
       6.06772156e+02, 2.66916871e-01, 1.48389502e+03, 6.00879822e+02,
       2.73445189e-01, 1.06891724e+03, 4.59664246e+02, 5.04072607e-01,
       1.28372302e+03, 5.03890808e+02, 4.72058654e-01, 1.58695544e+03,
       5.33279297e+02, 2.61862606e-01, 6.21413696e+02, 4.59633392e+02,
       8.52248490e-01, 6.24361694e+02, 4.30267853e+02, 7.10659266e-01,
       6.33308228e+02, 4.92026825e+02, 6.73014760e-01, 6.48197510e+02,
       4.12681183e+02, 1.17974140e-01, 1.67523401e+03, 4.74381012e+02,
       8.34682956e-02, 1.67814587e+03, 4.77232544e+02, 9.06175449e-02,
       1.60748083e+03, 5.56769104e+02, 1.96025029e-01, 1.49274097e+03,
       6.56802429e+02, 1.81392357e-01, 1.48092114e+03, 6.50964539e+02,
       1.96501896e-01, 1.50742297e+03, 5.98023193e+02, 2.01738134e-01 ]
