%YAML:1.0
---
pose_0: !!opencv-matrix
   rows: 1
   cols: 25
   dt: "3f"
   data: [ 6.53967346e+02, 4.83117859e+02, 8.43512118e-01,
       7.86401672e+02, 4.80124023e+02, 6.24494433e-01, 8.03986694e+02,
       5.53791382e+02, 5.27889848e-01, 9.48259460e+02, 5.94984680e+02,
       4.92160082e-01, 1.09547546e+03, 6.51012207e+02, 4.98312771e-01,
       7.86296204e+02, 3.97894928e+02, 6.00216210e-01, 9.39393677e+02,
       3.68500000e+02, 6.47321582e-01, 1.08954993e+03, 3.88980896e+02,
       7.93254435e-01, 1.08655481e+03, 5.18511719e+02, 5.56107819e-01,
       1.07189380e+03, 5.68564270e+02, 5.89756072e-01, 1.28381958e+03,
       6.39232544e+02, 7.14091718e-01, 1.55454114e+03, 6.59780334e+02,
       5.55559337e-01, 1.09246045e+03, 4.59681763e+02, 4.98681843e-01,
       1.32202197e+03, 4.77198547e+02, 6.03218317e-01, 1.58400439e+03,
       4.83267792e+02, 5.30872762e-01, 6.39215332e+02, 4.97951324e+02,
       7.96740413e-01, 6.45088501e+02, 4.56814728e+02, 8.84217143e-01,
       6.56867126e+02, 5.12668396e+02, 1.81187600e-01, 6.71511292e+02,
       4.24359833e+02, 5.84050715e-01, 1.68394714e+03, 4.71390594e+02,
       2.20529333e-01, 1.68101770e+03, 4.65499420e+02, 2.18231976e-01,
       1.60747546e+03, 4.80302307e+02, 2.96201169e-01, 1.65752344e+03,
       6.71546143e+02, 1.18275009e-01, 0., 0., 0., 1.58395581e+03,
       6.39222656e+02, 3.15106511e-01 ]
