%YAML:1.0
---
pose_0: !!opencv-matrix
   rows: 1
   cols: 25
   dt: "3f"
   data: [ 5.21402771e+02, 5.45003723e+02, 7.24196017e-01,
       6.27386292e+02, 5.42032776e+02, 5.79652369e-01, 6.42093933e+02,
       6.06828674e+02, 3.45285833e-01, 6.80419434e+02, 6.98133972e+02,
       4.63937253e-01, 4.41996399e+02, 6.33253601e+02, 6.93188131e-01,
       6.21526001e+02, 4.59626312e+02, 4.92715269e-01, 6.68621765e+02,
       3.71377747e+02, 5.27457833e-01, 4.59666199e+02, 4.03760162e+02,
       7.15641081e-01, 1.02475598e+03, 5.36163452e+02, 4.05742466e-01,
       1.01298486e+03, 6.03870544e+02, 4.11582559e-01, 1.04238867e+03,
       6.71564941e+02, 1.37066633e-01, 1.74581531e+03, 6.71687012e+02,
       3.57439220e-01, 1.02184381e+03, 4.68462677e+02, 3.87491167e-01,
       1.34260535e+03, 4.86183960e+02, 3.58991593e-01, 1.71346436e+03,
       5.03673004e+02, 3.77827913e-01, 5.00876648e+02, 5.62652405e+02,
       7.31091261e-01, 5.03746979e+02, 5.18474365e+02, 7.53971517e-01,
       5.06754181e+02, 5.98013855e+02, 4.07099217e-01, 5.30199890e+02,
       4.83218628e+02, 4.82027560e-01, 1.83120544e+03, 4.62600464e+02,
       1.02356918e-01, 1.83118274e+03, 4.62642731e+02, 1.17347747e-01,
       1.72815186e+03, 5.24442505e+02, 1.82734698e-01, 1.82232813e+03,
       6.68608337e+02, 7.78841078e-02, 0., 0., 0., 1.76057214e+03,
       6.71509644e+02, 1.65207446e-01 ]
