%YAML:1.0
---
pose_0: !!opencv-matrix
   rows: 1
   cols: 25
   dt: "3f"
   data: [ 7.74557495e+02, 5.71508118e+02, 8.04578364e-01,
       8.56960754e+02, 5.33295471e+02, 6.36963129e-01, 8.42322449e+02,
       5.92115906e+02, 4.06092972e-01, 0., 0., 0., 0., 0., 0.,
       8.65796265e+02, 4.83110077e+02, 6.68432653e-01, 1.01886292e+03,
       4.39015747e+02, 7.01494098e-01, 1.12778418e+03, 4.03665863e+02,
       7.62632847e-01, 1.11890649e+03, 5.80358398e+02, 4.15234923e-01,
       1.11601904e+03, 6.42112610e+02, 3.90649259e-01, 1.33077429e+03,
       5.30396484e+02, 4.56900388e-01, 1.53978979e+03, 4.50789001e+02,
       5.06909013e-01, 1.12775354e+03, 5.39096802e+02, 3.65326852e-01,
       1.34264270e+03, 5.30368469e+02, 4.70432729e-01, 1.53680957e+03,
       4.56590088e+02, 2.08424017e-01, 7.62706604e+02, 5.77517517e+02,
       8.03664625e-01, 7.62815125e+02, 5.50957336e+02, 8.68115664e-01,
       7.86382446e+02, 5.83287964e+02, 6.21893741e-02, 7.74560852e+02,
       5.15533875e+02, 5.69268465e-01, 0., 0., 0., 0., 0., 0.,
       1.56628320e+03, 4.39066040e+02, 7.58266747e-02, 1.62517432e+03,
       4.12630249e+02, 2.48861894e-01, 1.61927344e+03, 4.27241821e+02,
       2.03404427e-01, 1.56928455e+03, 4.30211365e+02, 2.08162382e-01 ]
