%YAML:1.0
---
pose_0: !!opencv-matrix
   rows: 1
   cols: 25
   dt: "3f"
   data: [ 7.42179626e+02, 3.86142303e+02, 9.17670667e-01,
       8.74601379e+02, 4.12475220e+02, 7.49867201e-01, 8.65778076e+02,
       4.94933167e+02, 7.11386442e-01, 9.77553650e+02, 5.86194336e+02,
       8.04229617e-01, 1.07176184e+03, 6.03840149e+02, 7.51720250e-01,
       8.74690918e+02, 3.30184052e+02, 6.04898691e-01, 1.02168781e+03,
       2.50642044e+02, 8.22784126e-01, 1.13943250e+03, 1.80075439e+02,
       8.25826228e-01, 1.14243274e+03, 4.15564850e+02, 5.95320284e-01,
       1.13952429e+03, 4.62686920e+02, 5.95489323e-01, 1.33086047e+03,
       4.86126587e+02, 7.01337278e-01, 1.54275806e+03, 5.33285339e+02,
       5.72321653e-01, 1.14249182e+03, 3.65399414e+02, 6.00538731e-01,
       1.33380688e+03, 3.33078430e+02, 4.73606914e-01, 1.56922192e+03,
       2.94713806e+02, 6.16095722e-01, 7.24545288e+02, 3.92036133e+02,
       8.16897511e-01, 7.36367615e+02, 3.65466858e+02, 8.74516904e-01,
       7.42081421e+02, 4.15520966e+02, 5.79376280e-01, 7.59894531e+02,
       3.44871399e+02, 6.74547553e-01, 1.63702136e+03, 2.71269073e+02,
       5.65802753e-01, 1.63398560e+03, 2.68297821e+02, 5.56352019e-01,
       1.59275793e+03, 2.91833313e+02, 2.97937900e-01, 1.61050562e+03,
       5.30308228e+02, 4.93361175e-01, 1.60744043e+03, 5.44999146e+02,
       4.14420664e-01, 1.57224915e+03, 5.33200134e+02, 3.22619826e-01 ]
