%YAML:1.0
---
pose_0: !!opencv-matrix
   rows: 2
   cols: 25
   dt: "3f"
   data: [ 7.36272095e+02, 3.21289948e+02, 2.59732276e-01,
       8.18751526e+02, 2.27130997e+02, 2.96792924e-01, 8.12855530e+02,
       2.06524033e+02, 1.32867172e-01, 0., 0., 0., 0., 0., 0.,
       8.36405945e+02, 2.41846619e+02, 3.27086747e-01, 8.98187012e+02,
       3.97818878e+02, 4.18141037e-01, 9.57071960e+02, 5.45045105e+02,
       5.84852278e-01, 1.11011548e+03, 2.47719223e+02, 2.77291030e-01,
       1.11603418e+03, 2.94844360e+02, 1.99028209e-01, 1.31910315e+03,
       4.18414948e+02, 5.38590074e-01, 1.51327698e+03, 2.91918091e+02,
       3.60839725e-01, 1.12185791e+03, 2.12396255e+02, 2.40479901e-01,
       1.35439636e+03, 2.15356262e+02, 2.02774033e-01, 1.38968530e+03,
       2.09438766e+02, 2.41288424e-01, 7.15741638e+02, 3.15534943e+02,
       1.79388553e-01, 7.24548157e+02, 3.09570923e+02, 2.38763243e-01,
       0., 0., 0., 7.18689514e+02, 2.88949280e+02, 1.72409892e-01,
       1.54273535e+03, 1.97725555e+02, 1.52736843e-01, 1.54272522e+03,
       1.91786377e+02, 1.30260050e-01, 0., 0., 0., 1.54569824e+03,
       2.24160553e+02, 1.23255104e-01, 1.54864978e+03, 2.91888916e+02,
       6.31093234e-02, 1.53978186e+03, 2.74230164e+02, 2.92947531e-01,
       0., 0., 0., 0., 0., 0., 8.36414185e+02, 2.62435730e+02,
       1.31828174e-01, 8.98156372e+02, 3.92023682e+02, 4.13219810e-01,
       9.54253967e+02, 5.42008179e+02, 4.69599873e-01, 0., 0., 0., 0.,
       0., 0., 0., 0., 0., 0., 0., 0., 0., 0., 0., 0., 0., 0., 0., 0.,
       0., 0., 0., 0., 0., 0., 0., 0., 0., 0., 0., 0., 0., 0., 0., 0.,
       0., 0., 0., 0., 0., 0., 0., 0., 0., 0., 0., 0., 0., 0., 0., 0.,
       0., 0., 0., 0., 0., 0., 0., 0. ]
