%YAML:1.0
---
pose_0: !!opencv-matrix
   rows: 1
   cols: 25
   dt: "3f"
   data: [ 0., 0., 0., 9.30573364e+02, 5.15583008e+02, 1.80509642e-01,
       8.83528320e+02, 5.50833313e+02, 3.22327077e-01, 7.92239319e+02,
       5.30295776e+02, 6.87925696e-01, 9.24678162e+02, 4.65493286e+02,
       6.00346327e-01, 9.74703491e+02, 4.89042847e+02, 9.08703357e-02,
       0., 0., 0., 0., 0., 0., 1.16304504e+03, 5.53854431e+02,
       3.57696831e-01, 1.16008643e+03, 5.74384094e+02, 2.62383938e-01,
       1.37795862e+03, 4.94944672e+02, 7.44929314e-01, 1.63687671e+03,
       7.09826965e+02, 5.85627377e-01, 1.16900659e+03, 5.33235229e+02,
       2.87169456e-01, 1.35444836e+03, 4.62630646e+02, 2.38444820e-01,
       1.49865430e+03, 6.27417786e+02, 9.74997655e-02, 0., 0., 0., 0.,
       0., 0., 0., 0., 0., 0., 0., 0., 0., 0., 0., 0., 0., 0.,
       1.49260999e+03, 6.48097717e+02, 9.46153179e-02, 1.66059277e+03,
       6.95191772e+02, 2.48855174e-01, 1.65750586e+03, 7.12730835e+02,
       3.01726848e-01, 1.64873450e+03, 7.27531860e+02, 4.22675252e-01 ]
