%YAML:1.0
---
pose_0: !!opencv-matrix
   rows: 1
   cols: 25
   dt: "3f"
   data: [ 7.59782410e+02, 3.12457794e+02, 6.93872809e-01,
       8.36388794e+02, 2.03598129e+02, 4.19732720e-01, 8.06899780e+02,
       1.68249649e+02, 3.05288702e-01, 8.59922607e+02, 7.40776596e+01,
       1.81565791e-01, 8.59962097e+02, 5.63795624e+01, 9.68602449e-02,
       8.62923584e+02, 2.30093796e+02, 4.20601666e-01, 9.36516113e+02,
       3.77256165e+02, 3.71351302e-01, 9.80592041e+02, 5.09639130e+02,
       5.19426405e-01, 1.13362012e+03, 2.30084976e+02, 4.57814157e-01,
       1.13071362e+03, 2.77140045e+02, 4.51227725e-01, 1.30742993e+03,
       3.89073212e+02, 7.71838963e-01, 1.51034314e+03, 2.71244781e+02,
       3.35720778e-01, 1.14243481e+03, 1.82949326e+02, 3.92959237e-01,
       1.34852368e+03, 1.77231339e+02, 3.62686276e-01, 1.48095740e+03,
       1.47631775e+02, 1.18704580e-01, 0., 0., 0., 7.39381958e+02,
       2.97710693e+02, 7.16934085e-01, 0., 0., 0., 7.42316223e+02,
       2.65306122e+02, 5.50531924e-01, 1.54579224e+03, 1.85950928e+02,
       1.05152734e-01, 0., 0., 0., 1.61049194e+03, 1.21183754e+02,
       1.31220669e-01, 1.52513782e+03, 2.71251129e+02, 1.05795868e-01,
       0., 0., 0., 1.52221228e+03, 2.56596313e+02, 2.43366808e-01 ]
