%YAML:1.0
---
pose_0: !!opencv-matrix
   rows: 1
   cols: 25
   dt: "3f"
   data: [ 0., 0., 0., 9.80621521e+02, 5.15592407e+02, 1.93283051e-01,
       9.57037659e+02, 5.36202087e+02, 2.78474569e-01, 8.33353210e+02,
       4.89064606e+02, 5.76516032e-01, 9.33613037e+02, 4.59796204e+02,
       1.16245732e-01, 9.92364929e+02, 4.89084106e+02, 6.59324676e-02,
       0., 0., 0., 0., 0., 0., 1.18660889e+03, 5.06671814e+02,
       3.67407829e-01, 1.18365918e+03, 5.42074036e+02, 2.77659237e-01,
       1.37491272e+03, 4.50742493e+02, 7.50196815e-01, 1.59284180e+03,
       6.45052795e+02, 5.62905490e-01, 1.18959485e+03, 4.62576782e+02,
       3.57632786e-01, 1.37791211e+03, 4.27273987e+02, 4.05976415e-01,
       1.55744019e+03, 5.03726807e+02, 4.64127392e-01, 0., 0., 0., 0.,
       0., 0., 0., 0., 0., 0., 0., 0., 1.61037451e+03, 4.27280670e+02,
       2.83522516e-01, 1.59868774e+03, 4.33083099e+02, 2.78571814e-01,
       1.57223462e+03, 5.27277466e+02, 3.04181457e-01, 1.63105347e+03,
       6.59762756e+02, 3.76756221e-01, 1.61346021e+03, 6.68682983e+02,
       4.13396388e-01, 1.61335400e+03, 6.59834473e+02, 3.56497496e-01 ]
