%YAML:1.0
---
pose_0: !!opencv-matrix
   rows: 1
   cols: 25
   dt: "3f"
   data: [ 9.01163696e+02, 4.83220734e+02, 1.60263851e-01,
       9.21721191e+02, 5.24407776e+02, 5.00029087e-01, 8.68808655e+02,
       5.71534851e+02, 4.94921029e-01, 7.51019348e+02, 5.45016663e+02,
       5.61836362e-01, 8.56948242e+02, 4.97908600e+02, 3.83520603e-01,
       9.71757324e+02, 4.80215454e+02, 4.04217362e-01, 1.04538135e+03,
       4.83177368e+02, 1.38668314e-01, 9.92386780e+02, 4.42045654e+02,
       3.67135704e-01, 1.11898425e+03, 5.53828491e+02, 3.83495092e-01,
       1.09543530e+03, 5.89136597e+02, 2.70838290e-01, 1.36621350e+03,
       5.06727600e+02, 7.16990173e-01, 1.63697815e+03, 7.15589844e+02,
       4.48254615e-01, 1.14250012e+03, 5.24367126e+02, 3.07763904e-01,
       1.37788330e+03, 4.97938171e+02, 2.97814190e-01, 1.52218579e+03,
       6.39135986e+02, 1.16238140e-01, 8.74613586e+02, 4.83129120e+02,
       1.61036447e-01, 8.98223206e+02, 4.62547821e+02, 1.36681497e-01,
       8.53966309e+02, 5.00796570e+02, 2.22852021e-01, 9.18746033e+02,
       4.56708313e+02, 1.08546786e-01, 0., 0., 0., 0., 0., 0.,
       1.49870398e+03, 6.68517212e+02, 7.86722302e-02, 1.68406396e+03,
       7.27510071e+02, 2.66084075e-01, 1.66636975e+03, 7.42211792e+02,
       2.91578531e-01, 1.64285315e+03, 7.24578796e+02, 2.55789965e-01 ]
