%YAML:1.0
---
pose_0: !!opencv-matrix
   rows: 1
   cols: 25
   dt: "3f"
   data: [ 7.48091309e+02, 5.83260925e+02, 7.80756772e-01,
       8.36500732e+02, 5.39134766e+02, 6.49599373e-01, 8.27525269e+02,
       5.94990845e+02, 3.89897883e-01, 0., 0., 0., 0., 0., 0.,
       8.56880920e+02, 4.80342072e+02, 6.52019858e-01, 9.95272095e+02,
       4.59751251e+02, 7.87600636e-01, 1.12781580e+03, 4.59601196e+02,
       7.90066302e-01, 1.11305750e+03, 5.95027954e+02, 5.87090433e-01,
       1.11010474e+03, 6.44930725e+02, 5.63832402e-01, 1.30732117e+03,
       6.44954041e+02, 7.64304042e-01, 1.54861182e+03, 6.74473206e+02,
       6.52236342e-01, 1.11597510e+03, 5.42067261e+02, 5.75519443e-01,
       1.33670154e+03, 4.97919220e+02, 6.70738280e-01, 1.55163806e+03,
       4.56666229e+02, 6.16652727e-01, 7.36279236e+02, 5.95066223e+02,
       7.06680715e-01, 7.39195740e+02, 5.65609375e+02, 7.81404316e-01,
       0., 0., 0., 7.53948486e+02, 5.27276489e+02, 6.07891560e-01,
       1.63707446e+03, 4.50780151e+02, 3.34979266e-01, 1.63405127e+03,
       4.39069641e+02, 3.73346835e-01, 1.57222253e+03, 4.36169495e+02,
       3.01257849e-01, 1.63105786e+03, 6.68548767e+02, 5.85910439e-01,
       1.61633569e+03, 6.77486145e+02, 5.23470461e-01, 1.56328894e+03,
       6.80425537e+02, 3.53698224e-01 ]
