%YAML:1.0
---
pose_0: !!opencv-matrix
   rows: 1
   cols: 25
   dt: "3f"
   data: [ 7.24606812e+02, 5.27245667e+02, 8.63024116e-01,
       8.39381348e+02, 5.62713501e+02, 7.46186316e-01, 8.30548462e+02,
       6.27473999e+02, 7.57218957e-01, 9.51064880e+02, 6.62722778e+02,
       7.30323017e-01, 1.08943201e+03, 6.74498474e+02, 7.95073569e-01,
       8.59896362e+02, 5.03845825e+02, 6.70254230e-01, 9.27599487e+02,
       4.92016357e+02, 8.66120905e-02, 0., 0., 0., 1.11897803e+03,
       5.27303406e+02, 5.48179984e-01, 1.11899988e+03, 5.74538757e+02,
       5.55523753e-01, 1.32797375e+03, 6.00976685e+02, 7.65236974e-01,
       1.55744482e+03, 6.65689697e+02, 6.06487632e-01, 1.11594287e+03,
       4.74382813e+02, 5.41319072e-01, 1.31610522e+03, 4.59537018e+02,
       7.15885937e-01, 1.56636633e+03, 4.42058044e+02, 6.10448241e-01,
       7.12786072e+02, 5.36220337e+02, 8.42706680e-01, 7.18773926e+02,
       5.06632416e+02, 8.90026808e-01, 7.21588806e+02, 5.74369629e+02,
       7.53902316e-01, 7.56916870e+02, 4.94914734e+02, 5.74576914e-01,
       1.63994934e+03, 4.36064789e+02, 4.34508741e-01, 1.63695813e+03,
       4.30151794e+02, 4.62517679e-01, 1.61050208e+03, 4.56594727e+02,
       2.36005247e-01, 1.63098389e+03, 6.53926025e+02, 4.98332024e-01,
       1.61925037e+03, 6.68643433e+02, 4.47826684e-01, 1.58103577e+03,
       6.68590454e+02, 2.50834167e-01 ]
