%YAML:1.0
---
pose_0: !!opencv-matrix
   rows: 1
   cols: 25
   dt: "3f"
   data: [ 6.62760742e+02, 3.86131622e+02, 8.78883004e-01,
       7.42270264e+02, 4.47856415e+02, 7.04252601e-01, 7.39252197e+02,
       5.27268188e+02, 6.10256195e-01, 8.59990967e+02, 5.98009277e+02,
       5.40498376e-01, 1.02467346e+03, 6.95059326e+02, 7.07369983e-01,
       7.45199036e+02, 3.83112915e+02, 6.63425684e-01, 8.59970825e+02,
       3.44852020e+02, 3.52632016e-01, 0., 0., 0., 1.08069031e+03,
       4.44918976e+02, 4.44295496e-01, 1.07190735e+03, 5.03807159e+02,
       4.60849822e-01, 1.32788892e+03, 5.42045288e+02, 7.26348281e-01,
       1.63405322e+03, 5.53840820e+02, 5.33736885e-01, 1.08364795e+03,
       3.83144287e+02, 4.57958996e-01, 1.33090137e+03, 2.91814636e+02,
       5.66793263e-01, 1.39849902e+03, 2.50765808e+02, 2.49659970e-01,
       6.36279297e+02, 4.03704071e+02, 8.11020970e-01, 6.48157532e+02,
       3.65621887e+02, 7.85694540e-01, 6.45143066e+02, 4.41967712e+02,
       6.42803192e-01, 0., 0., 0., 1.53678967e+03, 2.21189987e+02,
       1.31934509e-01, 1.52803760e+03, 2.18302200e+02, 1.41559899e-01,
       1.40146216e+03, 2.21258453e+02, 9.03595760e-02, 1.74579761e+03,
       5.86251770e+02, 2.04399183e-01, 1.72819385e+03, 5.92105286e+02,
       2.09711835e-01, 1.66049463e+03, 5.45043945e+02, 3.37079108e-01 ]
