%YAML:1.0
---
pose_0: !!opencv-matrix
   rows: 1
   cols: 25
   dt: "3f"
   data: [ 7.42297668e+02, 4.30098358e+02, 7.31391668e-01,
       8.51056213e+02, 4.33051544e+02, 7.06970811e-01, 8.54029053e+02,
       4.68429932e+02, 6.13240480e-01, 8.80488586e+02, 5.39114929e+02,
       7.97591209e-01, 7.62757080e+02, 4.89097992e+02, 8.43788266e-01,
       8.42250977e+02, 3.83101105e+02, 6.24213159e-01, 8.77544739e+02,
       3.41889099e+02, 8.15610111e-01, 7.48114563e+02, 3.92013092e+02,
       6.69160306e-01, 1.12192456e+03, 4.56682373e+02, 5.83266973e-01,
       1.11891541e+03, 5.03715485e+02, 6.02255344e-01, 1.32493213e+03,
       5.03883636e+02, 7.44446695e-01, 1.55451196e+03, 5.12680725e+02,
       6.21827006e-01, 1.13362537e+03, 4.09545502e+02, 5.56898355e-01,
       1.34849268e+03, 4.09601440e+02, 6.69616222e-01, 1.55742944e+03,
       4.00821014e+02, 6.48925543e-01, 7.36268616e+02, 4.36162262e+02,
       7.13036716e-01, 7.30460693e+02, 4.09633759e+02, 7.52346277e-01,
       7.53938049e+02, 4.59696686e+02, 2.71422684e-01, 7.48122559e+02,
       3.86025604e+02, 2.82690406e-01, 1.61351282e+03, 3.74289948e+02,
       6.06573284e-01, 1.61040344e+03, 3.68447205e+02, 6.50171638e-01,
       1.56929919e+03, 4.12587280e+02, 4.26926434e-01, 1.62520410e+03,
       4.97856079e+02, 4.80483294e-01, 1.61050635e+03, 5.09690277e+02,
       4.38987195e-01, 1.57811389e+03, 5.12598083e+02, 2.86831349e-01 ]
