%YAML:1.0
---
pose_0: !!opencv-matrix
   rows: 1
   cols: 25
   dt: "3f"
   data: [ 7.80423828e+02, 4.12603546e+02, 8.91875565e-01,
       8.83591858e+02, 4.06595428e+02, 6.85899258e-01, 8.92330505e+02,
       4.83147766e+02, 5.29461503e-01, 1.03355920e+03, 5.06850281e+02,
       6.76547348e-01, 1.13942188e+03, 5.53921692e+02, 7.68399894e-01,
       9.01058777e+02, 3.21298859e+02, 6.75828278e-01, 9.74653503e+02,
       2.21321716e+02, 8.74109864e-01, 1.06589502e+03, 1.30139221e+02,
       8.02593648e-01, 1.16313171e+03, 3.59522400e+02, 5.50781429e-01,
       1.16604309e+03, 4.06576996e+02, 5.91041803e-01, 1.37205774e+03,
       4.83252899e+02, 7.22342789e-01, 1.54274597e+03, 5.62633606e+02,
       5.91081500e-01, 1.15718872e+03, 3.09520844e+02, 5.56225419e-01,
       1.34852783e+03, 2.91874054e+02, 7.04606116e-01, 1.58399719e+03,
       2.91941956e+02, 6.39163077e-01, 7.65659302e+02, 4.30200714e+02,
       8.18287253e-01, 7.65791809e+02, 3.94875854e+02, 8.24542284e-01,
       7.86246643e+02, 4.50823730e+02, 2.33988315e-01, 7.89177551e+02,
       3.68402710e+02, 5.62784016e-01, 1.64292017e+03, 2.68421021e+02,
       4.23268139e-01, 1.63705127e+03, 2.65409241e+02, 4.65521961e-01,
       1.61337830e+03, 3.06591522e+02, 2.61406749e-01, 1.61038550e+03,
       6.00927612e+02, 4.63449657e-01, 1.60753064e+03, 6.00938721e+02,
       4.65996653e-01, 1.57219385e+03, 5.53861877e+02, 3.84548962e-01 ]
