%YAML:1.0
---
pose_0: !!opencv-matrix
   rows: 1
   cols: 25
   dt: "3f"
   data: [ 6.71552063e+02, 5.03899933e+02, 8.40847969e-01,
       8.09882996e+02, 4.86106964e+02, 7.66082823e-01, 8.12814453e+02,
       5.77372253e+02, 7.36815214e-01, 9.10045898e+02, 6.98145813e+02,
       7.87620485e-01, 8.53979919e+02, 6.89267822e+02, 6.51272058e-01,
       8.18695435e+02, 3.89019836e+02, 6.77528918e-01, 9.77614319e+02,
       3.59579681e+02, 8.02637398e-01, 1.08361694e+03, 3.59604401e+02,
       7.78052211e-01, 1.09538660e+03, 5.15613464e+02, 5.51335871e-01,
       1.08359949e+03, 5.74405823e+02, 5.62684417e-01, 1.26905481e+03,
       5.77502686e+02, 3.79554391e-01, 1.57219165e+03, 5.74361755e+02,
       3.52024555e-01, 1.10126855e+03, 4.56681702e+02, 5.37101269e-01,
       1.31025439e+03, 4.80160309e+02, 5.66265941e-01, 1.54572070e+03,
       4.74405029e+02, 2.20156819e-01, 6.56870605e+02, 5.24382629e+02,
       7.70141959e-01, 6.53972717e+02, 4.80360870e+02, 7.90385067e-01,
       6.86281677e+02, 5.33187012e+02, 1.32440001e-01, 6.74598328e+02,
       4.44898560e+02, 5.27250230e-01, 1.66049487e+03, 4.53762939e+02,
       1.14263430e-01, 1.65760522e+03, 4.50789856e+02, 1.37974307e-01,
       1.57221216e+03, 4.68466248e+02, 1.67481810e-01, 1.69879578e+03,
       5.59714050e+02, 2.40405619e-01, 1.68693799e+03, 5.74357239e+02,
       1.93551958e-01, 1.60457764e+03, 5.68551575e+02, 2.20129862e-01 ]
