%YAML:1.0
---
pose_0: !!opencv-matrix
   rows: 1
   cols: 25
   dt: "3f"
   data: [ 5.15571472e+02, 5.89184509e+02, 7.70104885e-01,
       6.30417603e+02, 5.71518494e+02, 6.12465382e-01, 6.03912842e+02,
       6.30349976e+02, 2.90992320e-01, 7.18658447e+02, 7.53968384e+02,
       1.54881060e-01, 6.53887024e+02, 7.86263855e+02, 2.52229095e-01,
       6.62712708e+02, 4.97928497e+02, 6.58471346e-01, 6.30322144e+02,
       6.03919983e+02, 6.75305367e-01, 5.12645935e+02, 7.42243286e+02,
       7.58630455e-01, 1.04240540e+03, 6.00962769e+02, 2.89439142e-01,
       1.03358301e+03, 6.68568970e+02, 2.92714834e-01, 1.13952979e+03,
       8.06975769e+02, 8.57971609e-02, 0., 0., 0., 1.04828540e+03,
       5.50866211e+02, 3.36503386e-01, 1.30435254e+03, 6.12647888e+02,
       3.32628310e-01, 1.56927136e+03, 6.27439270e+02, 9.56765711e-02,
       4.97891693e+02, 6.18619446e+02, 7.79633045e-01, 5.00901459e+02,
       5.68591187e+02, 8.40303898e-01, 5.18515625e+02, 6.45011536e+02,
       1.05975375e-01, 5.27286682e+02, 5.30202393e+02, 5.81344366e-01,
       1.77820471e+03, 6.74544495e+02, 5.60862757e-02, 0., 0., 0., 0.,
       0., 0., 0., 0., 0., 0., 0., 0., 0., 0., 0. ]
