%YAML:1.0
---
pose_0: !!opencv-matrix
   rows: 1
   cols: 25
   dt: "3f"
   data: [ 7.42191467e+02, 4.80146515e+02, 8.40206742e-01,
       8.62838440e+02, 4.74366913e+02, 6.82461202e-01, 8.86419189e+02,
       5.50959290e+02, 4.63700354e-01, 1.00120947e+03, 6.21631104e+02,
       8.70938301e-01, 9.03985596e+02, 5.83248230e+02, 7.86146104e-01,
       8.56888062e+02, 3.89080505e+02, 6.98068678e-01, 9.54096191e+02,
       3.41902100e+02, 8.38271081e-01, 1.04528699e+03, 3.38923309e+02,
       8.36479425e-01, 1.16901416e+03, 5.03864685e+02, 5.64403296e-01,
       1.16606421e+03, 5.53956726e+02, 5.25115728e-01, 1.21024243e+03,
       5.97897583e+02, 1.27285749e-01, 0., 0., 0., 1.18069897e+03,
       4.47911163e+02, 5.54048121e-01, 1.35440625e+03, 4.80300537e+02,
       6.76979959e-01, 1.56924536e+03, 4.65495392e+02, 4.92331326e-01,
       7.24552063e+02, 4.92041046e+02, 7.20374525e-01, 7.33372314e+02,
       4.56580902e+02, 8.16398203e-01, 7.39267212e+02, 5.15545776e+02,
       1.82345122e-01, 7.68671997e+02, 4.21417633e+02, 5.81221938e-01,
       1.63694714e+03, 4.21354828e+02, 4.74242002e-01, 1.63395593e+03,
       4.21356598e+02, 4.74183440e-01, 1.60744128e+03, 4.86142517e+02,
       2.43444875e-01, 0., 0., 0., 0., 0., 0., 0., 0., 0. ]
