%YAML:1.0
---
pose_0: !!opencv-matrix
   rows: 1
   cols: 25
   dt: "3f"
   data: [ 6.80418213e+02, 5.06767822e+02, 8.63974035e-01,
       8.18687134e+02, 5.27300964e+02, 6.53761387e-01, 8.24607727e+02,
       5.97897156e+02, 6.05314791e-01, 9.60033569e+02, 6.47944763e+02,
       5.32440662e-01, 1.08653247e+03, 7.12820984e+02, 6.57024980e-01,
       8.15732788e+02, 4.59575562e+02, 6.10892832e-01, 9.71810242e+02,
       3.94926239e+02, 7.47776449e-01, 1.11903772e+03, 3.62377319e+02,
       8.06207418e-01, 1.08944507e+03, 5.27374695e+02, 5.46313703e-01,
       1.08358411e+03, 5.77366577e+02, 5.55906057e-01, 1.32495569e+03,
       6.03951355e+02, 5.80857813e-01, 1.53980225e+03, 6.27473694e+02,
       5.93457699e-01, 1.09237402e+03, 4.71423645e+02, 5.04883587e-01,
       1.34259985e+03, 4.59630859e+02, 4.59352046e-01, 1.58980859e+03,
       4.12492889e+02, 6.62340343e-01, 6.68688843e+02, 5.27280884e+02,
       7.82464385e-01, 6.71503479e+02, 4.92022827e+02, 8.09559405e-01,
       6.92155029e+02, 5.47927246e+02, 5.71004272e-01, 6.98009644e+02,
       4.65607269e+02, 4.78627443e-01, 1.65456042e+03, 4.71406647e+02,
       2.75721848e-01, 1.65749170e+03, 4.56631012e+02, 2.58422017e-01,
       1.61050146e+03, 3.88994476e+02, 3.40996593e-01, 1.62813635e+03,
       6.06831055e+02, 5.82875669e-01, 1.61630701e+03, 6.21546753e+02,
       4.87434596e-01, 1.56329541e+03, 6.39173157e+02, 3.42975557e-01 ]
