%YAML:1.0
---
pose_0: !!opencv-matrix
   rows: 1
   cols: 25
   dt: "3f"
   data: [ 6.95216248e+02, 3.85947937e+02, 8.79900515e-01,
       7.92225098e+02, 4.30226318e+02, 7.38229513e-01, 8.12771790e+02,
       5.24425781e+02, 5.75177968e-01, 9.36451233e+02, 6.39213135e+02,
       7.40749955e-01, 8.53996033e+02, 5.56834167e+02, 5.79435110e-01,
       8.06876221e+02, 3.41999603e+02, 7.25056350e-01, 9.15900330e+02,
       3.21384338e+02, 7.67954409e-01, 8.06949463e+02, 4.30158356e+02,
       7.76968837e-01, 1.11896301e+03, 4.33241547e+02, 5.96406221e-01,
       1.11595984e+03, 4.86084412e+02, 5.77747226e-01, 1.32205725e+03,
       5.12671631e+02, 6.62302315e-01, 1.61639343e+03, 5.30424927e+02,
       5.94195664e-01, 1.12189941e+03, 3.80161743e+02, 5.37647963e-01,
       1.34845935e+03, 3.21410828e+02, 4.07342494e-01, 1.52509473e+03,
       3.00740875e+02, 5.46965420e-01, 6.71704651e+02, 3.92048950e+02,
       8.73711944e-01, 6.92154602e+02, 3.62521393e+02, 9.08570290e-01,
       6.89194519e+02, 4.33102112e+02, 7.47433901e-01, 7.18615967e+02,
       3.44829468e+02, 1.05909802e-01, 1.61033301e+03, 2.83009399e+02,
       1.75210208e-01, 0., 0., 0., 1.54866089e+03, 2.94904388e+02,
       3.01522166e-01, 1.72817395e+03, 5.30297424e+02, 2.08773836e-01,
       1.70467444e+03, 5.50914246e+02, 2.07241058e-01, 1.64284241e+03,
       5.27259583e+02, 3.84882420e-01 ]
