%YAML:1.0
---
pose_0: !!opencv-matrix
   rows: 1
   cols: 25
   dt: "3f"
   data: [ 7.65657227e+02, 4.21333801e+02, 8.37027252e-01,
       8.86496826e+02, 4.36207947e+02, 7.37859190e-01, 8.83431519e+02,
       5.21400391e+02, 7.68726647e-01, 1.00411462e+03, 5.80311584e+02,
       7.02582538e-01, 1.02489502e+03, 6.33329102e+02, 6.97707355e-01,
       8.89399475e+02, 3.62411499e+02, 6.77356184e-01, 1.04235437e+03,
       3.36023773e+02, 7.85176039e-01, 1.14237134e+03, 3.15487762e+02,
       8.91970098e-01, 1.14538477e+03, 4.62569305e+02, 5.99002242e-01,
       1.13657068e+03, 5.12590576e+02, 5.88627517e-01, 1.34559473e+03,
       5.50755371e+02, 6.36543274e-01, 1.54867029e+03, 5.89101746e+02,
       6.44461155e-01, 1.15424609e+03, 4.12479218e+02, 5.63303173e-01,
       1.35447900e+03, 3.65542511e+02, 6.76569700e-01, 1.55162122e+03,
       3.18357117e+02, 5.43420196e-01, 7.53966980e+02, 4.36252350e+02,
       7.98278213e-01, 7.53991333e+02, 4.09501068e+02, 8.37491214e-01,
       7.68770874e+02, 4.62613312e+02, 5.44421852e-01, 7.80447327e+02,
       3.85999939e+02, 4.72668707e-01, 1.63693530e+03, 2.71264038e+02,
       3.94423336e-01, 1.63401660e+03, 2.71242798e+02, 3.84613246e-01,
       1.58690088e+03, 3.15385223e+02, 2.33095318e-01, 1.61335327e+03,
       5.89169189e+02, 4.77123201e-01, 1.60742871e+03, 6.00870605e+02,
       4.74026561e-01, 1.57221497e+03, 5.80384949e+02, 3.89059365e-01 ]
