%YAML:1.0
---
pose_0: !!opencv-matrix
   rows: 1
   cols: 25
   dt: "3f"
   data: [ 7.56966736e+02, 4.56805298e+02, 8.77578378e-01,
       8.36490173e+02, 4.53699829e+02, 7.59772301e-01, 8.36369751e+02,
       4.94997528e+02, 6.61769271e-01, 9.51040955e+02, 5.74285828e+02,
       8.50222766e-01, 8.24586975e+02, 5.27393860e+02, 8.09320033e-01,
       8.36294861e+02, 4.00815613e+02, 6.64086640e-01, 9.39431885e+02,
       3.77254242e+02, 7.36187339e-01, 8.27569885e+02, 4.36156464e+02,
       7.82162547e-01, 1.12487134e+03, 4.62576385e+02, 5.56455433e-01,
       1.12776575e+03, 5.06854095e+02, 5.94115376e-01, 1.31324524e+03,
       5.06645905e+02, 7.87482083e-01, 1.55747144e+03, 5.09699097e+02,
       6.60803914e-01, 1.12480798e+03, 4.12538544e+02, 5.80781937e-01,
       1.33674207e+03, 3.68509644e+02, 4.33297366e-01, 1.51920447e+03,
       3.91913330e+02, 2.75117725e-01, 7.42157288e+02, 4.65485992e+02,
       8.30107331e-01, 7.45214905e+02, 4.36173401e+02, 8.40128422e-01,
       7.62820984e+02, 4.83280029e+02, 2.23138556e-01, 7.62797241e+02,
       4.12664215e+02, 6.94034338e-01, 1.61343970e+03, 3.44927460e+02,
       6.72921240e-02, 1.60748962e+03, 3.47858826e+02, 8.82208198e-02,
       1.54275281e+03, 3.91949677e+02, 1.38281584e-01, 1.62521741e+03,
       5.06752258e+02, 4.73870516e-01, 1.61632849e+03, 5.21482605e+02,
       4.59860206e-01, 1.58983569e+03, 4.97944733e+02, 3.21143180e-01 ]
