%YAML:1.0
---
pose_0: !!opencv-matrix
   rows: 1
   cols: 25
   dt: "3f"
   data: [ 7.62771057e+02, 3.56622711e+02, 7.97451496e-01,
       8.83405823e+02, 3.62437866e+02, 4.67205644e-01, 8.86441162e+02,
       4.33239807e+02, 4.33796227e-01, 1.02183868e+03, 4.56706512e+02,
       7.77705729e-01, 9.33585815e+02, 5.30390259e+02, 8.28790545e-01,
       8.83469055e+02, 3.03682953e+02, 4.04524207e-01, 1.02180365e+03,
       2.47769745e+02, 7.35325396e-01, 9.24719238e+02, 2.00549072e+02,
       5.45745790e-01, 1.14548767e+03, 3.68467529e+02, 5.56657016e-01,
       1.14251050e+03, 4.18405426e+02, 5.65714300e-01, 1.36026294e+03,
       4.33280182e+02, 7.59537578e-01, 1.55752051e+03, 4.50844421e+02,
       6.66517854e-01, 1.15131384e+03, 3.18301880e+02, 5.26886106e-01,
       1.38090771e+03, 2.91983521e+02, 5.04796922e-01, 1.57512915e+03,
       2.85986603e+02, 5.58525681e-01, 7.48047607e+02, 3.65625732e+02,
       7.30656922e-01, 7.45192200e+02, 3.39031219e+02, 8.12116027e-01,
       7.65667297e+02, 3.91907013e+02, 3.00622433e-01, 7.65893311e+02,
       3.18425446e+02, 3.86201054e-01, 1.63995667e+03, 2.62404816e+02,
       4.30589020e-01, 1.63696863e+03, 2.56548004e+02, 4.86116350e-01,
       1.61928040e+03, 2.91901093e+02, 2.39886135e-01, 1.60743237e+03,
       4.80185333e+02, 4.49194252e-01, 1.59872314e+03, 4.80265015e+02,
       4.35454011e-01, 1.58684680e+03, 4.36038940e+02, 4.72911239e-01 ]
