%YAML:1.0
---
pose_0: !!opencv-matrix
   rows: 1
   cols: 25
   dt: "3f"
   data: [ 7.36246521e+02, 5.06631470e+02, 8.77992034e-01,
       8.56898743e+02, 5.30385925e+02, 7.41254210e-01, 8.54006775e+02,
       6.09769165e+02, 6.67954981e-01, 9.89428955e+02, 6.48000854e+02,
       7.88954854e-01, 1.11302734e+03, 6.71649048e+02, 8.46512616e-01,
       8.59916016e+02, 4.59631744e+02, 7.36935258e-01, 1.00111261e+03,
       4.53697784e+02, 6.81841135e-01, 9.68796143e+02, 3.97836304e+02,
       7.61305749e-01, 1.11600256e+03, 5.30306580e+02, 6.24358058e-01,
       1.11300476e+03, 5.77371399e+02, 6.23908043e-01, 1.30437451e+03,
       5.68565369e+02, 4.26029742e-01, 1.54276636e+03, 5.65606323e+02,
       5.54580808e-01, 1.11598572e+03, 4.80314972e+02, 6.27186000e-01,
       1.29263501e+03, 4.83178986e+02, 7.58571446e-01, 1.57220056e+03,
       4.83296997e+02, 5.24936438e-01, 7.18591614e+02, 5.24365601e+02,
       8.47636282e-01, 7.21639832e+02, 4.83288544e+02, 8.36711466e-01,
       7.36255005e+02, 5.53719604e+02, 7.04444587e-01, 7.51023804e+02,
       4.62655426e+02, 6.18467152e-01, 1.66348169e+03, 4.36036560e+02,
       3.41552496e-01, 1.66044409e+03, 4.36023987e+02, 3.58340114e-01,
       1.58988257e+03, 5.09680481e+02, 2.76058674e-01, 1.61046973e+03,
       5.68500610e+02, 2.23553061e-01, 1.60159521e+03, 5.77384827e+02,
       2.20272809e-01, 1.56925903e+03, 5.56749512e+02, 3.00512969e-01 ]
