%YAML:1.0
---
pose_0: !!opencv-matrix
   rows: 1
   cols: 25
   dt: "3f"
   data: [ 7.54010864e+02, 3.74340637e+02, 8.06840897e-01,
       8.86477417e+02, 3.89080017e+02, 5.92509508e-01, 9.09924561e+02,
       4.68496490e+02, 2.93151200e-01, 1.00122021e+03, 5.00818329e+02,
       1.89173028e-01, 0., 0., 0., 8.77543579e+02, 3.36002106e+02,
       5.61125755e-01, 1.03067651e+03, 2.91770294e+02, 8.24207664e-01,
       9.48236572e+02, 2.09501434e+02, 7.06777334e-01, 1.16008569e+03,
       4.03755463e+02, 5.47026753e-01, 1.15428357e+03, 4.53709778e+02,
       5.63458979e-01, 1.35737634e+03, 4.68514130e+02, 7.01296091e-01,
       1.55745398e+03, 4.77350311e+02, 6.26708627e-01, 1.16303040e+03,
       3.47778656e+02, 5.59067070e-01, 1.35438440e+03, 3.47754425e+02,
       7.26146758e-01, 1.57809253e+03, 3.00777222e+02, 5.98981559e-01,
       7.39250305e+02, 3.89013641e+02, 8.27870071e-01, 7.42331543e+02,
       3.62431976e+02, 8.83043945e-01, 7.59838013e+02, 4.12646301e+02,
       4.82693583e-01, 7.71636169e+02, 3.41922150e+02, 5.22761464e-01,
       1.65453552e+03, 2.77173798e+02, 4.08218861e-01, 1.64284094e+03,
       2.74196899e+02, 4.37677860e-01, 1.59870496e+03, 2.91835022e+02,
       2.43196949e-01, 1.61035632e+03, 4.80239136e+02, 3.42119515e-01,
       1.60742261e+03, 4.89113037e+02, 3.43687654e-01, 1.58685779e+03,
       4.65521881e+02, 4.08205092e-01 ]
