%YAML:1.0
---
pose_0: !!opencv-matrix
   rows: 1
   cols: 25
   dt: "3f"
   data: [ 7.77555847e+02, 5.56746277e+02, 8.06978703e-01,
       8.92272400e+02, 5.65623291e+02, 6.77093983e-01, 9.04163940e+02,
       6.42158508e+02, 6.61668897e-01, 1.02480725e+03, 6.74532410e+02,
       7.71408200e-01, 1.11885071e+03, 7.27473083e+02, 8.30545902e-01,
       8.83420532e+02, 4.97910278e+02, 6.37192190e-01, 1.04231006e+03,
       4.36242920e+02, 7.74961114e-01, 1.07774976e+03, 3.80215027e+02,
       6.95556998e-01, 1.13958740e+03, 5.74478577e+02, 6.26853704e-01,
       1.13655029e+03, 6.21514832e+02, 6.16974235e-01, 1.33088037e+03,
       6.45021179e+02, 3.80742669e-01, 1.52214429e+03, 6.47913635e+02,
       5.71780741e-01, 1.14256970e+03, 5.27296997e+02, 6.12764895e-01,
       1.32491467e+03, 5.30252563e+02, 7.94059217e-01, 1.51628687e+03,
       4.62689423e+02, 5.29282272e-01, 7.59855652e+02, 5.74303528e+02,
       8.03523660e-01, 7.65788574e+02, 5.36133545e+02, 7.84845531e-01,
       7.80487061e+02, 5.92025330e+02, 1.60384342e-01, 7.89268188e+02,
       5.06666412e+02, 5.49810112e-01, 1.61044299e+03, 4.18470673e+02,
       4.35688019e-01, 1.60455518e+03, 4.18404388e+02, 4.43712890e-01,
       1.55745007e+03, 4.65533234e+02, 1.65238068e-01, 1.58394617e+03,
       6.83308472e+02, 3.59318346e-01, 1.58098889e+03, 6.80382507e+02,
       3.61296415e-01, 1.54578735e+03, 6.33294556e+02, 4.15207267e-01 ]
