%YAML:1.0
---
pose_0: !!opencv-matrix
   rows: 1
   cols: 25
   dt: "3f"
   data: [ 7.42311279e+02, 5.06753265e+02, 9.22089756e-01,
       8.57036621e+02, 5.47959106e+02, 7.52327085e-01, 8.39420959e+02,
       6.00921143e+02, 7.51381159e-01, 9.36458557e+02, 6.33348083e+02,
       7.52315521e-01, 1.02776013e+03, 6.77520813e+02, 7.83512056e-01,
       8.68776123e+02, 5.00801880e+02, 5.95865667e-01, 0., 0., 0., 0.,
       0., 0., 1.11893677e+03, 5.03814117e+02, 5.27710617e-01,
       1.11896082e+03, 5.53744812e+02, 5.59219360e-01, 1.32797485e+03,
       5.97841736e+02, 7.25341916e-01, 1.56628809e+03, 6.51060486e+02,
       6.36300623e-01, 1.11600708e+03, 4.53673035e+02, 5.08595109e-01,
       1.32200378e+03, 4.35991272e+02, 7.31000721e-01, 1.56920398e+03,
       4.33031586e+02, 6.40583634e-01, 7.24615417e+02, 5.24366821e+02,
       8.24479699e-01, 7.39327209e+02, 4.86190308e+02, 8.99708271e-01,
       7.39272583e+02, 5.53767029e+02, 7.96441317e-01, 7.71606262e+02,
       4.77330383e+02, 6.06500685e-01, 1.63707129e+03, 4.27285492e+02,
       3.63299578e-01, 1.63404126e+03, 4.15503174e+02, 3.77529830e-01,
       1.59572778e+03, 4.33132141e+02, 2.73336232e-01, 1.62805847e+03,
       7.00985962e+02, 5.13382137e-01, 1.62518628e+03, 6.95217896e+02,
       5.05704761e-01, 1.60163660e+03, 6.42099426e+02, 4.37587291e-01 ]
