%YAML:1.0
---
pose_0: !!opencv-matrix
   rows: 1
   cols: 25
   dt: "3f"
   data: [ 7.51071472e+02, 3.53726532e+02, 7.28702068e-01,
       8.59972107e+02, 3.65457458e+02, 6.76626444e-01, 8.62845337e+02,
       4.24327179e+02, 5.93657494e-01, 9.57109070e+02, 5.27332642e+02,
       8.23442221e-01, 8.36449890e+02, 5.33173828e+02, 8.44839990e-01,
       8.59930969e+02, 2.97836914e+02, 6.42776310e-01, 9.77603699e+02,
       2.47887833e+02, 8.73405218e-01, 8.80586243e+02, 3.30142883e+02,
       8.31207812e-01, 1.13657642e+03, 3.71318146e+02, 5.82113564e-01,
       1.12484082e+03, 4.18438477e+02, 5.87280512e-01, 1.34560400e+03,
       4.47821564e+02, 6.76245511e-01, 1.55450732e+03, 4.74384644e+02,
       6.12959683e-01, 1.13953223e+03, 3.18310120e+02, 5.84549904e-01,
       1.33385852e+03, 3.15465973e+02, 7.50501752e-01, 1.56923621e+03,
       2.91864258e+02, 6.02635682e-01, 7.39338989e+02, 3.65495239e+02,
       7.05351830e-01, 7.39361572e+02, 3.41840210e+02, 7.21178412e-01,
       7.62769958e+02, 3.88923004e+02, 5.15550613e-01, 7.62690796e+02,
       3.27202942e+02, 2.50530899e-01, 1.64292114e+03, 2.68305542e+02,
       4.26165462e-01, 1.63703589e+03, 2.65368225e+02, 4.70583081e-01,
       1.61049536e+03, 3.00674500e+02, 1.93977579e-01, 1.61028723e+03,
       4.86130585e+02, 3.67133349e-01, 0., 0., 0., 1.58690771e+03,
       4.56720886e+02, 4.39255208e-01 ]
