%YAML:1.0
---
pose_0: !!opencv-matrix
   rows: 1
   cols: 25
   dt: "3f"
   data: [ 7.27538818e+02, 5.27361694e+02, 8.75959873e-01,
       8.36481384e+02, 5.68530823e+02, 7.11015880e-01, 8.33286987e+02,
       6.39132690e+02, 7.40197003e-01, 9.51080200e+02, 6.71438538e+02,
       8.05845022e-01, 1.08062891e+03, 6.89251160e+02, 8.08804095e-01,
       8.51064819e+02, 5.06754089e+02, 5.36154985e-01, 9.07100403e+02,
       5.03750519e+02, 6.24755174e-02, 0., 0., 0., 1.12478650e+03,
       5.36147949e+02, 5.39320588e-01, 1.12194202e+03, 5.89121460e+02,
       5.63537002e-01, 1.31902600e+03, 6.01016968e+02, 7.61349678e-01,
       1.54870520e+03, 6.62748169e+02, 6.26272202e-01, 1.11897070e+03,
       4.83138763e+02, 5.76268673e-01, 1.33075940e+03, 4.59582611e+02,
       8.03182423e-01, 1.56330579e+03, 4.44903992e+02, 6.02833092e-01,
       7.15618347e+02, 5.44935547e+02, 8.56479585e-01, 7.18813110e+02,
       5.06837494e+02, 8.76284897e-01, 7.21590698e+02, 5.77328552e+02,
       7.65157640e-01, 7.56852356e+02, 5.00860931e+02, 4.84773397e-01,
       1.63997461e+03, 4.33126617e+02, 3.09628129e-01, 1.63685815e+03,
       4.27242584e+02, 3.50067645e-01, 1.56926746e+03, 4.33222504e+02,
       2.59502470e-01, 1.62514722e+03, 6.62719727e+02, 5.15002429e-01,
       1.61337744e+03, 6.71616211e+02, 5.12305200e-01, 1.56926611e+03,
       6.56867920e+02, 3.23007911e-01 ]
