%YAML:1.0
---
pose_0: !!opencv-matrix
   rows: 2
   cols: 25
   dt: "3f"
   data: [ 7.62717041e+02, 5.56736206e+02, 8.09110463e-01,
       8.65788879e+02, 4.83262054e+02, 4.97786552e-01, 8.59850037e+02,
       4.83186920e+02, 3.70089561e-01, 0., 0., 0., 0., 0., 0.,
       8.77589111e+02, 4.83146057e+02, 7.11697280e-01, 1.04543811e+03,
       5.00752533e+02, 6.86004877e-01, 1.18949133e+03, 5.30204407e+02,
       7.54134178e-01, 1.13366870e+03, 4.03720825e+02, 2.96162337e-01,
       1.11012024e+03, 4.09607574e+02, 1.45226613e-01, 0., 0., 0., 0.,
       0., 0., 1.12481116e+03, 4.03761566e+02, 3.13511640e-01,
       1.37794714e+03, 5.65619324e+02, 5.77385902e-01, 1.67816040e+03,
       4.06634369e+02, 2.63622671e-01, 0., 0., 0., 7.48081116e+02,
       5.36244690e+02, 7.22146213e-01, 0., 0., 0., 7.68725281e+02,
       4.97934662e+02, 6.46205664e-01, 1.71937024e+03, 3.50713318e+02,
       1.37684658e-01, 0., 0., 0., 1.70759851e+03, 3.91950165e+02,
       1.36519074e-01, 0., 0., 0., 0., 0., 0., 0., 0., 0., 0., 0., 0.,
       0., 0., 0., 0., 0., 0., 0., 0., 0., 0., 0., 0., 0., 0., 0., 0.,
       0., 0., 0., 0., 0., 0., 0., 0., 1.17484607e+03, 3.71361176e+02,
       1.37069166e-01, 1.38093494e+03, 5.47909302e+02, 4.37901229e-01,
       1.61638049e+03, 4.18479187e+02, 2.83893973e-01, 0., 0., 0., 0.,
       0., 0., 0., 0., 0., 0., 0., 0., 0., 0., 0., 0., 0., 0., 0., 0.,
       0., 0., 0., 0., 0., 0., 0., 0., 0., 0., 0., 0., 0., 0., 0., 0.,
       0., 0., 0. ]
