%YAML:1.0
---
pose_0: !!opencv-matrix
   rows: 1
   cols: 25
   dt: "3f"
   data: [ 6.83362000e+02, 5.39127563e+02, 7.93184817e-01,
       8.12886597e+02, 5.30385986e+02, 7.42403984e-01, 8.15848206e+02,
       6.15686401e+02, 6.11687303e-01, 9.12895813e+02, 7.62718750e+02,
       8.33035767e-01, 8.33357544e+02, 7.06928284e+02, 7.34188318e-01,
       8.15766907e+02, 4.50788971e+02, 5.74993908e-01, 9.65917542e+02,
       4.09635010e+02, 7.85092473e-01, 1.06588708e+03, 4.12657959e+02,
       8.36434245e-01, 1.09831848e+03, 5.56825134e+02, 5.36148131e-01,
       1.09534253e+03, 6.18562439e+02, 5.38979173e-01, 1.29552368e+03,
       6.12669800e+02, 3.88554722e-01, 1.61047803e+03, 6.00947327e+02,
       3.38726312e-01, 1.10419934e+03, 4.97951904e+02, 5.44086933e-01,
       1.29553650e+03, 5.00800629e+02, 4.39493060e-01, 1.52213770e+03,
       5.24447510e+02, 2.24325895e-01, 6.68619019e+02, 5.56734375e+02,
       8.32862496e-01, 6.68720276e+02, 5.24293396e+02, 8.42577577e-01,
       6.89229431e+02, 5.77376038e+02, 2.14240983e-01, 6.95062439e+02,
       4.86203766e+02, 5.33773243e-01, 0., 0., 0., 0., 0., 0.,
       1.54574121e+03, 5.30306519e+02, 1.41475797e-01, 1.69869104e+03,
       6.03904175e+02, 3.59546304e-01, 1.68113452e+03, 6.18515991e+02,
       3.43285978e-01, 1.62809167e+03, 5.95073364e+02, 2.45566696e-01 ]
