%YAML:1.0
---
pose_0: !!opencv-matrix
   rows: 1
   cols: 25
   dt: "3f"
   data: [ 0., 0., 0., 9.01100708e+02, 5.03685547e+02, 4.64297116e-01,
       8.54082520e+02, 5.39130676e+02, 4.98001218e-01, 7.65793945e+02,
       5.30425598e+02, 5.90760231e-01, 8.65818054e+02, 4.59751801e+02,
       7.35544443e-01, 9.42360291e+02, 4.65495209e+02, 3.56699824e-01,
       9.54177612e+02, 4.30245789e+02, 8.79262313e-02, 9.30543213e+02,
       4.24340179e+02, 1.71800375e-01, 1.11605652e+03, 5.56810486e+02,
       4.02166635e-01, 1.09835840e+03, 5.77387939e+02, 2.94200093e-01,
       1.35443457e+03, 5.06885620e+02, 7.63862789e-01, 1.62223376e+03,
       6.95224060e+02, 5.39517462e-01, 1.13656189e+03, 5.42059021e+02,
       2.97405213e-01, 1.34846960e+03, 5.06714294e+02, 1.26111656e-01,
       0., 0., 0., 0., 0., 0., 0., 0., 0., 0., 0., 0., 0., 0., 0., 0.,
       0., 0., 0., 0., 0., 0., 0., 0., 1.68106458e+03, 7.18573730e+02,
       4.07411426e-01, 1.66057715e+03, 7.33386902e+02, 4.08930868e-01,
       1.63991101e+03, 7.18688293e+02, 2.81050503e-01 ]
