%YAML:1.0
---
pose_0: !!opencv-matrix
   rows: 1
   cols: 25
   dt: "3f"
   data: [ 7.89318481e+02, 3.62352295e+02, 8.39262247e-01,
       9.10036072e+02, 3.80159363e+02, 6.47408664e-01, 9.07066895e+02,
       4.39104431e+02, 5.60279191e-01, 7.45119690e+02, 5.06840851e+02,
       5.79900563e-01, 6.03845032e+02, 5.53785095e+02, 5.81590950e-01,
       9.15811951e+02, 3.09557892e+02, 5.63776374e-01, 1.06006519e+03,
       2.44890244e+02, 7.07007170e-01, 1.16607605e+03, 1.85880814e+02,
       7.48163223e-01, 1.16306897e+03, 3.62565125e+02, 5.41054785e-01,
       1.16016211e+03, 4.15501190e+02, 5.36794424e-01, 1.35139929e+03,
       5.30310974e+02, 3.33516449e-01, 1.53977002e+03, 6.86256470e+02,
       4.49025810e-01, 1.16303552e+03, 3.09548950e+02, 5.45900583e-01,
       1.26018884e+03, 2.65392914e+02, 2.14583099e-01, 0., 0., 0.,
       7.83302185e+02, 3.77287537e+02, 7.55425930e-01, 7.83448242e+02,
       3.39072784e+02, 7.86991119e-01, 8.01080811e+02, 4.12575409e+02,
       5.42156398e-01, 8.09974609e+02, 3.18466492e+02, 3.31205428e-01,
       0., 0., 0., 0., 0., 0., 0., 0., 0., 1.61038513e+03,
       6.95163940e+02, 4.16175902e-01, 1.59579529e+03, 7.09794495e+02,
       3.35932285e-01, 1.54576880e+03, 7.00990234e+02, 3.12124789e-01 ]
