%YAML:1.0
---
pose_0: !!opencv-matrix
   rows: 3
   cols: 25
   dt: "3f"
   data: [ 7.42279114e+02, 4.50825531e+02, 5.29630899e-01,
       8.36424622e+02, 5.21446838e+02, 5.92426538e-01, 8.68736633e+02,
       4.59715637e+02, 3.90508503e-01, 1.00123645e+03, 4.30248688e+02,
       3.34485352e-01, 1.08938892e+03, 3.65409332e+02, 3.85231018e-01,
       8.15848877e+02, 5.83265930e+02, 5.06274819e-01, 9.54106262e+02,
       6.30393616e+02, 4.13238704e-01, 1.08656262e+03, 6.47933594e+02,
       1.08722441e-01, 1.11899109e+03, 5.09654175e+02, 5.49421191e-01,
       1.12185168e+03, 5.56778625e+02, 5.00107110e-01, 1.32501306e+03,
       5.47902832e+02, 7.53351092e-01, 1.53388879e+03, 5.83247803e+02,
       5.42551696e-01, 1.11896387e+03, 4.59735229e+02, 5.81454337e-01,
       1.31029895e+03, 4.50795044e+02, 6.87956452e-01, 1.51930566e+03,
       5.06772766e+02, 5.53133905e-01, 7.21665405e+02, 4.59764221e+02,
       4.49703932e-01, 7.36254395e+02, 4.36040314e+02, 2.21605688e-01,
       7.48098938e+02, 4.92059479e+02, 3.41523498e-01, 7.30409241e+02,
       5.53894348e+02, 1.19963132e-01, 1.60164966e+03, 4.50781860e+02,
       3.51738542e-01, 1.59575208e+03, 4.50781769e+02, 3.61050040e-01,
       1.54270020e+03, 5.27259094e+02, 2.65523881e-01, 1.61047327e+03,
       5.42026123e+02, 3.05634767e-01, 1.61042188e+03, 5.53829834e+02,
       2.13421881e-01, 1.55749390e+03, 5.92102539e+02, 3.16851556e-01,
       0., 0., 0., 0., 0., 0., 8.24595581e+02, 5.83254883e+02,
       3.01615953e-01, 9.57037781e+02, 6.30346375e+02, 5.36941528e-01,
       1.11305054e+03, 6.48100342e+02, 7.04314232e-01, 0., 0., 0., 0.,
       0., 0., 0., 0., 0., 0., 0., 0., 0., 0., 0., 0., 0., 0., 0., 0.,
       0., 0., 0., 0., 0., 0., 0., 0., 0., 0., 0., 0., 0., 0., 0., 0.,
       0., 0., 0., 0., 0., 0., 0., 0., 0., 0., 0., 0., 0., 0., 0., 0.,
       0., 0., 0., 0., 0., 0., 0., 0., 0., 0., 0., 0., 0., 0., 0., 0.,
       0., 0., 0., 0., 0., 0., 0., 8.71703918e+02, 4.56690735e+02,
       5.70245385e-02, 9.98325562e+02, 4.33142975e+02, 4.70956743e-01,
       1.08951013e+03, 3.65361664e+02, 5.86048722e-01, 0., 0., 0., 0.,
       0., 0., 0., 0., 0., 0., 0., 0., 0., 0., 0., 0., 0., 0., 0., 0.,
       0., 0., 0., 0., 0., 0., 0., 0., 0., 0., 0., 0., 0., 0., 0., 0.,
       0., 0., 0., 0., 0., 0., 0., 0., 0., 0., 0., 0., 0., 0., 0. ]
