%YAML:1.0
---
pose_0: !!opencv-matrix
   rows: 1
   cols: 25
   dt: "3f"
   data: [ 7.00996216e+02, 4.56699371e+02, 8.25040698e-01,
       8.33362366e+02, 4.36216431e+02, 7.31905282e-01, 8.36413208e+02,
       5.30326477e+02, 5.88244140e-01, 9.51148315e+02, 6.30372986e+02,
       8.35712671e-01, 8.71657410e+02, 6.01058533e+02, 7.21132815e-01,
       8.36410156e+02, 3.44924164e+02, 7.02223659e-01, 9.51177917e+02,
       3.18441956e+02, 8.08434188e-01, 1.04541748e+03, 3.12418762e+02,
       8.70568871e-01, 1.12184229e+03, 4.68482025e+02, 5.35717309e-01,
       1.11599011e+03, 5.21416748e+02, 5.57896972e-01, 1.34848669e+03,
       5.30393494e+02, 7.93199718e-01, 1.51918225e+03, 5.47854431e+02,
       5.34179986e-01, 1.12484082e+03, 4.12606201e+02, 5.09351373e-01,
       1.34849854e+03, 4.33019196e+02, 7.47742653e-01, 1.58400452e+03,
       4.36061401e+02, 6.57280385e-01, 6.86230225e+02, 4.68443146e+02,
       7.20437527e-01, 6.92085815e+02, 4.33176605e+02, 8.87521088e-01,
       7.06881042e+02, 4.83368134e+02, 1.42444491e-01, 7.15712097e+02,
       3.94931549e+02, 5.94640374e-01, 1.64288647e+03, 4.03750793e+02,
       3.68472517e-01, 1.63693359e+03, 3.97855530e+02, 4.18153524e-01,
       1.61336353e+03, 4.56620239e+02, 3.23271453e-01, 1.56930945e+03,
       5.33199768e+02, 1.60903886e-01, 1.55747412e+03, 5.50865234e+02,
       1.44319460e-01, 1.55748254e+03, 5.30362183e+02, 3.24791014e-01 ]
