%YAML:1.0
---
pose_0: !!opencv-matrix
   rows: 1
   cols: 25
   dt: "3f"
   data: [ 7.39371338e+02, 6.00929260e+02, 8.97414982e-01,
       8.54046387e+02, 5.95041687e+02, 6.36152089e-01, 8.39299988e+02,
       6.47953918e+02, 4.01676178e-01, 1.00117261e+03, 6.83344421e+02,
       2.21744984e-01, 1.08943799e+03, 7.21704285e+02, 4.55438673e-01,
       8.65830261e+02, 5.30294861e+02, 6.48512244e-01, 1.01586066e+03,
       5.00792175e+02, 7.36435652e-01, 1.14835681e+03, 4.86138916e+02,
       7.65858293e-01, 1.11890662e+03, 6.24503845e+02, 6.31510556e-01,
       1.11305688e+03, 6.71524353e+02, 6.19871140e-01, 1.27783777e+03,
       6.83341064e+02, 2.69866556e-01, 1.51335107e+03, 6.45049194e+02,
       1.57571718e-01, 1.13069910e+03, 5.77309021e+02, 5.85363328e-01,
       1.32195178e+03, 6.47964050e+02, 7.22282112e-01, 1.56035950e+03,
       6.65629395e+02, 5.06531656e-01, 7.21587097e+02, 6.06827637e+02,
       8.13206315e-01, 7.36233826e+02, 5.77433472e+02, 8.52996290e-01,
       7.39285034e+02, 6.24602600e+02, 2.01158643e-01, 7.62715698e+02,
       5.53922302e+02, 5.80855668e-01, 1.63989380e+03, 6.39210144e+02,
       4.57847565e-01, 1.63694153e+03, 6.36211182e+02, 4.58539605e-01,
       1.58982324e+03, 6.80384705e+02, 2.33551443e-01, 0., 0., 0., 0.,
       0., 0., 0., 0., 0. ]
