%YAML:1.0
---
pose_0: !!opencv-matrix
   rows: 2
   cols: 25
   dt: "3f"
   data: [ 7.18629639e+02, 5.30448303e+02, 8.22755218e-01,
       7.89423584e+02, 4.59775024e+02, 5.51863194e-01, 7.89204041e+02,
       4.59617065e+02, 3.96048188e-01, 9.33545288e+02, 5.24398865e+02,
       5.95583543e-02, 0., 0., 0., 7.98124268e+02, 4.62575623e+02,
       7.43734002e-01, 9.30581726e+02, 5.24423279e+02, 8.41676950e-01,
       8.30482361e+02, 5.83213318e+02, 7.90266216e-01, 1.09539099e+03,
       4.59611847e+02, 3.40077192e-01, 0., 0., 0., 0., 0., 0., 0., 0.,
       0., 1.12187341e+03, 4.56721466e+02, 2.99383938e-01,
       1.33090930e+03, 5.27233948e+02, 5.97330391e-01, 1.61049451e+03,
       4.33192810e+02, 5.63012600e-01, 0., 0., 0., 7.09825134e+02,
       5.18475098e+02, 7.25911498e-01, 0., 0., 0., 7.21633667e+02,
       4.77245850e+02, 6.65652514e-01, 1.66350122e+03, 3.80169800e+02,
       3.64957869e-01, 1.66345361e+03, 3.83135376e+02, 3.46295178e-01,
       1.65168457e+03, 4.30199646e+02, 2.10057855e-01, 0., 0., 0., 0.,
       0., 0., 0., 0., 0., 0., 0., 0., 0., 0., 0., 0., 0., 0., 0., 0.,
       0., 0., 0., 0., 0., 0., 0., 0., 0., 0., 0., 0., 0., 0., 0., 0.,
       1.09243628e+03, 4.42023041e+02, 1.95220217e-01, 1.32782373e+03,
       5.21402588e+02, 2.90971637e-01, 1.58989392e+03, 4.33087524e+02,
       1.52738720e-01, 0., 0., 0., 0., 0., 0., 0., 0., 0., 0., 0., 0.,
       0., 0., 0., 0., 0., 0., 0., 0., 0., 0., 0., 0., 0., 0., 0., 0.,
       0., 0., 0., 0., 0., 0., 0., 0., 0., 0., 0. ]
