%YAML:1.0
---
pose_0: !!opencv-matrix
   rows: 1
   cols: 25
   dt: "3f"
   data: [ 7.36259888e+02, 4.39156006e+02, 7.81874716e-01,
       8.36335876e+02, 5.15589172e+02, 7.25114048e-01, 8.33505249e+02,
       5.97843201e+02, 7.35114932e-01, 9.68869690e+02, 6.27476196e+02,
       7.86459327e-01, 1.08945068e+03, 6.42123657e+02, 8.19673896e-01,
       8.51049072e+02, 4.36233795e+02, 6.31835997e-01, 9.95291382e+02,
       4.12509277e+02, 8.28926921e-01, 1.11894128e+03, 3.62574738e+02,
       8.56813550e-01, 1.09539172e+03, 5.12590576e+02, 6.16980255e-01,
       1.09241052e+03, 5.56818481e+02, 6.15923405e-01, 1.31318420e+03,
       5.51015381e+02, 7.59607017e-01, 1.53987439e+03, 5.56882568e+02,
       5.74976325e-01, 1.09829138e+03, 4.59680969e+02, 6.28390849e-01,
       1.30434534e+03, 4.33113831e+02, 7.31409550e-01, 1.54567419e+03,
       4.53738159e+02, 4.89362746e-01, 7.15765259e+02, 4.56683380e+02,
       8.44493151e-01, 7.18775391e+02, 4.33185272e+02, 5.73838830e-01,
       7.36305664e+02, 5.00848175e+02, 6.78430200e-01, 0., 0., 0.,
       1.63405151e+03, 4.09633820e+02, 4.07158881e-01, 1.62812964e+03,
       4.09606628e+02, 4.31030035e-01, 1.56042236e+03, 4.74322266e+02,
       2.39337564e-01, 1.61343469e+03, 5.30230957e+02, 4.10638362e-01,
       1.60753418e+03, 5.42059448e+02, 3.15634042e-01, 1.57218188e+03,
       5.68542114e+02, 2.77963340e-01 ]
