%YAML:1.0
---
pose_0: !!opencv-matrix
   rows: 1
   cols: 25
   dt: "3f"
   data: [ 7.68715393e+02, 4.47875214e+02, 1.16322823e-01,
       8.56909180e+02, 5.21478699e+02, 3.76176268e-01, 8.56973206e+02,
       5.27272888e+02, 4.35194284e-01, 1.00414508e+03, 5.33172974e+02,
       4.50938761e-01, 1.16300183e+03, 4.50769196e+02, 4.62746471e-01,
       8.48127563e+02, 5.30242004e+02, 4.23329204e-01, 1.00123907e+03,
       5.30379150e+02, 3.79984826e-01, 1.13663062e+03, 4.68524231e+02,
       2.49051988e-01, 1.16305505e+03, 5.65627686e+02, 4.21572626e-01,
       1.15427429e+03, 5.98009277e+02, 3.46525371e-01, 1.41616052e+03,
       5.03658905e+02, 8.07933092e-01, 1.64285107e+03, 7.15773132e+02,
       6.37577713e-01, 1.17191895e+03, 5.24410522e+02, 3.24766070e-01,
       1.38094617e+03, 4.36039429e+02, 7.85798609e-01, 1.56035913e+03,
       5.80379639e+02, 1.75861567e-01, 0., 0., 0., 7.77511963e+02,
       4.50806396e+02, 8.28130767e-02, 7.83388062e+02, 4.80231689e+02,
       1.75481081e-01, 0., 0., 0., 1.60450793e+03, 5.42046021e+02,
       9.31008607e-02, 1.60744702e+03, 5.50824463e+02, 9.19834897e-02,
       1.59285095e+03, 5.77356445e+02, 5.98390587e-02, 1.70173584e+03,
       7.27515198e+02, 3.91996086e-01, 1.68410132e+03, 7.42113647e+02,
       4.79459465e-01, 1.65463086e+03, 7.39329285e+02, 4.26489234e-01 ]
