%YAML:1.0
---
pose_0: !!opencv-matrix
   rows: 1
   cols: 25
   dt: "3f"
   data: [ 7.59904785e+02, 3.62449646e+02, 8.59482586e-01,
       8.74640808e+02, 3.92008362e+02, 6.86660647e-01, 8.62870667e+02,
       4.83264069e+02, 7.58665800e-01, 9.95226501e+02, 5.09713989e+02,
       7.14996755e-01, 1.04528699e+03, 4.92011017e+02, 7.46701121e-01,
       8.80636353e+02, 3.15408142e+02, 6.60130441e-01, 1.02482813e+03,
       2.50650848e+02, 7.70853877e-01, 1.16601514e+03, 1.82946091e+02,
       7.76386917e-01, 1.12479065e+03, 3.59576538e+02, 5.83259463e-01,
       1.12484070e+03, 4.06667755e+02, 5.93385160e-01, 1.33377026e+03,
       4.53641754e+02, 7.51787245e-01, 1.53396436e+03, 5.30182861e+02,
       6.43236995e-01, 1.12193774e+03, 3.09561554e+02, 5.54086924e-01,
       1.33672021e+03, 2.91830597e+02, 6.48854613e-01, 1.56634839e+03,
       2.83040680e+02, 5.85214376e-01, 7.45090576e+02, 3.77190399e+02,
       8.16482484e-01, 7.45241943e+02, 3.41998749e+02, 8.43569934e-01,
       7.59913025e+02, 4.09474457e+02, 7.36822784e-01, 7.68730042e+02,
       3.33014709e+02, 3.46317858e-01, 1.63685083e+03, 2.71308380e+02,
       5.26303351e-01, 1.63390649e+03, 2.68292847e+02, 5.58090389e-01,
       1.58987000e+03, 2.83066040e+02, 2.68658280e-01, 1.58993481e+03,
       5.03818207e+02, 2.59581238e-01, 1.58393933e+03, 5.21498596e+02,
       1.90700978e-01, 1.56339453e+03, 5.33249695e+02, 3.46786708e-01 ]
