%YAML:1.0
---
pose_0: !!opencv-matrix
   rows: 2
   cols: 25
   dt: "3f"
   data: [ 0., 0., 0., 8.12838562e+02, 5.30345642e+02, 3.35859239e-01,
       0., 0., 0., 0., 0., 0., 0., 0., 0., 0., 0., 0., 0., 0., 0., 0.,
       0., 0., 1.13950562e+03, 5.83237793e+02, 4.42158848e-01,
       1.12484265e+03, 6.15647156e+02, 3.56367469e-01, 1.38676831e+03,
       5.00888428e+02, 7.76537418e-01, 1.63399634e+03, 7.15625977e+02,
       6.01595998e-01, 1.14545837e+03, 5.50949524e+02, 3.69027972e-01,
       1.38089783e+03, 4.83257568e+02, 3.39897990e-01, 1.50448718e+03,
       6.47961487e+02, 1.83723763e-01, 0., 0., 0., 0., 0., 0., 0., 0.,
       0., 0., 0., 0., 0., 0., 0., 0., 0., 0., 1.49271069e+03,
       6.65622681e+02, 1.78219840e-01, 1.68101257e+03, 7.21671753e+02,
       4.23837036e-01, 1.66055164e+03, 7.39287781e+02, 4.78921205e-01,
       1.63994458e+03, 7.30438171e+02, 3.41050059e-01, 0., 0., 0., 0.,
       0., 0., 7.98171509e+02, 5.47933289e+02, 3.77077252e-01,
       9.33494019e+02, 5.42060425e+02, 5.41927278e-01, 1.04545679e+03,
       4.53781403e+02, 4.89432126e-01, 0., 0., 0., 0., 0., 0., 0., 0.,
       0., 0., 0., 0., 0., 0., 0., 0., 0., 0., 0., 0., 0., 0., 0., 0.,
       0., 0., 0., 0., 0., 0., 0., 0., 0., 0., 0., 0., 7.62748291e+02,
       5.00868225e+02, 2.13127270e-01, 0., 0., 0., 0., 0., 0., 0., 0.,
       0., 0., 0., 0., 0., 0., 0., 0., 0., 0., 0., 0., 0. ]
