%YAML:1.0
---
pose_0: !!opencv-matrix
   rows: 1
   cols: 25
   dt: "3f"
   data: [ 7.51075134e+02, 4.83361267e+02, 8.19180071e-01,
       8.62948853e+02, 4.89073914e+02, 6.45147800e-01, 8.71726013e+02,
       5.47915649e+02, 4.19051170e-01, 1.01592310e+03, 6.00866455e+02,
       3.10342908e-01, 1.06882642e+03, 5.92046814e+02, 4.11340982e-01,
       8.77513550e+02, 4.30256714e+02, 5.67085087e-01, 9.54130981e+02,
       3.62401398e+02, 4.40137863e-01, 1.00412604e+03, 3.62640259e+02,
       6.85940504e-01, 1.13363721e+03, 5.03803558e+02, 4.71411079e-01,
       1.13071558e+03, 5.50937439e+02, 4.48123127e-01, 1.31023083e+03,
       5.80271057e+02, 2.99978793e-01, 1.49860693e+03, 5.71477661e+02,
       4.52414632e-01, 1.13954932e+03, 4.56697937e+02, 4.11998004e-01,
       1.36322131e+03, 5.00756287e+02, 6.05596066e-01, 1.56044360e+03,
       4.80149811e+02, 5.81806660e-01, 7.36304077e+02, 5.00776672e+02,
       7.40349293e-01, 7.45155640e+02, 4.68432526e+02, 8.06238472e-01,
       7.45210266e+02, 5.24286560e+02, 1.90451056e-01, 7.86296204e+02,
       4.44943420e+02, 6.53176904e-01, 1.61644031e+03, 4.56732697e+02,
       5.33403814e-01, 1.61334412e+03, 4.53754822e+02, 5.53133667e-01,
       1.58685400e+03, 4.80272919e+02, 3.34282398e-01, 1.49568872e+03,
       6.42059692e+02, 1.25552237e-01, 0., 0., 0., 1.52512061e+03,
       5.62631592e+02, 2.36959189e-01 ]
