%YAML:1.0
---
pose_0: !!opencv-matrix
   rows: 1
   cols: 25
   dt: "3f"
   data: [ 5.30353821e+02, 4.62652161e+02, 7.97039926e-01,
       6.27432617e+02, 5.24331482e+02, 5.70494711e-01, 6.15594727e+02,
       6.21559082e+02, 3.89750808e-01, 8.12913940e+02, 8.36309448e+02,
       7.90983081e-01, 6.48103699e+02, 8.54016296e+02, 7.43239462e-01,
       6.56815552e+02, 4.42002411e+02, 6.74309850e-01, 7.18731567e+02,
       5.06667664e+02, 8.03381503e-01, 4.97934082e+02, 6.03988708e+02,
       7.10537672e-01, 1.02478760e+03, 5.50827759e+02, 3.47062290e-01,
       1.02181049e+03, 6.18530945e+02, 3.16593468e-01, 1.16308484e+03,
       6.48000366e+02, 6.93874136e-02, 1.70761426e+03, 6.00873840e+02,
       2.45645031e-01, 1.02476196e+03, 4.77347534e+02, 3.58376145e-01,
       1.13366382e+03, 4.09555878e+02, 1.98833466e-01, 1.39557727e+03,
       2.97834290e+02, 1.25478774e-01, 5.06660400e+02, 4.80273163e+02,
       7.60596514e-01, 5.18526428e+02, 4.47821777e+02, 6.68656707e-01,
       5.15606750e+02, 5.33228088e+02, 4.71353680e-01, 0., 0., 0., 0.,
       0., 0., 0., 0., 0., 0., 0., 0., 0., 0., 0., 0., 0., 0.,
       1.70767749e+03, 5.95045410e+02, 1.27504393e-01 ]
