%YAML:1.0
---
pose_0: !!opencv-matrix
   rows: 1
   cols: 25
   dt: "3f"
   data: [ 5.03757202e+02, 4.86160034e+02, 7.68863201e-01,
       5.95056396e+02, 5.47886719e+02, 5.50635099e-01, 5.80317322e+02,
       5.97994812e+02, 3.53345871e-01, 8.42254700e+02, 7.80416809e+02,
       7.45827854e-01, 6.65601196e+02, 7.24520203e+02, 6.17518365e-01,
       6.21553162e+02, 4.74382843e+02, 2.91100562e-01, 7.89335449e+02,
       4.59552795e+02, 7.57302701e-01, 6.00960876e+02, 5.30424500e+02,
       6.51501000e-01, 1.02184106e+03, 5.36210693e+02, 3.40710998e-01,
       1.01005579e+03, 6.03831055e+02, 2.96610922e-01, 1.15130859e+03,
       6.56851074e+02, 9.35340524e-02, 0., 0., 0., 1.02768506e+03,
       4.68489838e+02, 3.20691317e-01, 1.28671521e+03, 4.09661133e+02,
       1.27718210e-01, 1.52805261e+03, 3.59537811e+02, 1.65314138e-01,
       4.83154938e+02, 5.06649567e+02, 8.12634230e-01, 4.89065643e+02,
       4.80162415e+02, 6.33772373e-01, 4.86188995e+02, 5.56805664e+02,
       6.70607626e-01, 0., 0., 0., 0., 0., 0., 0., 0., 0., 0., 0., 0.,
       0., 0., 0., 0., 0., 0., 0., 0., 0. ]
