%YAML:1.0
---
pose_0: !!opencv-matrix
   rows: 1
   cols: 25
   dt: "3f"
   data: [ 7.86214294e+02, 4.86098206e+02, 8.51795733e-01,
       8.80581665e+02, 5.09764557e+02, 6.66046023e-01, 8.60012146e+02,
       5.65559448e+02, 6.71788156e-01, 9.92358154e+02, 6.21437866e+02,
       1.68463320e-01, 1.02480249e+03, 6.27462463e+02, 1.21014573e-01,
       8.89409729e+02, 4.59558685e+02, 5.11366010e-01, 1.04241345e+03,
       4.27313599e+02, 6.17130518e-01, 1.18366907e+03, 3.83112366e+02,
       7.47859716e-01, 1.14547644e+03, 5.27369141e+02, 5.96328735e-01,
       1.14251794e+03, 5.74528625e+02, 6.10034585e-01, 1.34554419e+03,
       6.24527466e+02, 6.36882424e-01, 1.54571399e+03, 6.95229980e+02,
       6.39201880e-01, 1.15127661e+03, 4.77257843e+02, 5.75962365e-01,
       1.32194885e+03, 3.91909424e+02, 6.49517238e-01, 1.51632300e+03,
       3.62590881e+02, 3.25400889e-01, 7.65783203e+02, 5.03836517e+02,
       8.41335654e-01, 7.68688965e+02, 4.71456268e+02, 7.83559620e-01,
       7.86381531e+02, 5.30206787e+02, 6.99051201e-01, 7.92254578e+02,
       4.53810059e+02, 3.33700716e-01, 1.58389185e+03, 3.00719482e+02,
       8.10068026e-02, 0., 0., 0., 1.53978870e+03, 3.62568024e+02,
       3.01672488e-01, 1.61045911e+03, 6.95029297e+02, 5.89285016e-01,
       1.59284485e+03, 7.09814941e+02, 5.12553930e-01, 1.56639246e+03,
       7.12744507e+02, 3.42715263e-01 ]
