%YAML:1.0
---
pose_0: !!opencv-matrix
   rows: 1
   cols: 25
   dt: "3f"
   data: [ 7.39362732e+02, 5.53862305e+02, 8.36025059e-01,
       8.36352966e+02, 4.83155884e+02, 5.36133409e-01, 8.15769592e+02,
       5.06770844e+02, 3.42833072e-01, 9.83558716e+02, 5.53866150e+02,
       7.43704438e-02, 0., 0., 0., 8.60008484e+02, 4.68490997e+02,
       5.55187225e-01, 1.00132660e+03, 4.74415131e+02, 7.24942684e-01,
       1.14549744e+03, 5.53786133e+02, 7.89120317e-01, 1.08071375e+03,
       4.56694061e+02, 1.45391077e-01, 1.06008289e+03, 5.00845123e+02,
       6.71621710e-02, 0., 0., 0., 0., 0., 0., 1.15423499e+03,
       4.30192627e+02, 2.26142049e-01, 1.37500476e+03, 5.42046265e+02,
       5.63233554e-01, 1.59574731e+03, 4.33135834e+02, 3.33712876e-01,
       0., 0., 0., 7.33400024e+02, 5.33345581e+02, 7.53652871e-01, 0.,
       0., 0., 7.59899109e+02, 4.94953491e+02, 6.69803858e-01,
       1.72811951e+03, 3.62431824e+02, 3.18089545e-01, 1.72815491e+03,
       3.62496613e+02, 2.88946867e-01, 0., 0., 0., 0., 0., 0., 0., 0.,
       0., 0., 0., 0. ]
