%YAML:1.0
---
pose_0: !!opencv-matrix
   rows: 1
   cols: 25
   dt: "3f"
   data: [ 6.98055298e+02, 5.33271240e+02, 8.48993242e-01,
       8.27539124e+02, 5.27366211e+02, 7.50878930e-01, 8.36440430e+02,
       5.83303223e+02, 5.30462980e-01, 9.98186157e+02, 6.39220825e+02,
       8.30132246e-01, 8.62871216e+02, 6.00899902e+02, 8.46543491e-01,
       8.12964905e+02, 4.56606476e+02, 6.51156664e-01, 9.39373108e+02,
       3.71421265e+02, 7.56210208e-01, 1.02770691e+03, 3.85900238e+02,
       8.40950608e-01, 1.11595764e+03, 5.62674133e+02, 5.63795924e-01,
       1.10425159e+03, 6.15624634e+02, 5.73709249e-01, 1.36027051e+03,
       6.74501831e+02, 3.81062388e-01, 1.66344409e+03, 6.03839661e+02,
       2.35776097e-01, 1.12185913e+03, 5.03851074e+02, 5.57530999e-01,
       1.30741162e+03, 5.71543579e+02, 6.67630792e-01, 1.68409143e+03,
       5.53804688e+02, 3.34909856e-01, 6.83335205e+02, 5.53723755e+02,
       8.51088345e-01, 6.89248840e+02, 5.12624939e+02, 8.36356342e-01,
       6.98021912e+02, 5.77372925e+02, 1.90971091e-01, 7.09842102e+02,
       4.83286346e+02, 4.96719539e-01, 1.75175940e+03, 4.89140594e+02,
       3.55571449e-01, 1.75170398e+03, 4.89124542e+02, 3.36938947e-01,
       1.72817126e+03, 6.00938965e+02, 2.42170826e-01, 0., 0., 0., 0.,
       0., 0., 1.70171265e+03, 6.21494934e+02, 1.77342355e-01 ]
