%YAML:1.0
---
pose_0: !!opencv-matrix
   rows: 1
   cols: 25
   dt: "3f"
   data: [ 6.45161072e+02, 4.35987732e+02, 8.21295500e-01,
       7.86425476e+02, 4.83156616e+02, 7.48514354e-01, 7.68704712e+02,
       5.77410583e+02, 5.57034731e-01, 8.74613770e+02, 7.42231445e+02,
       8.19311023e-01, 8.36376465e+02, 6.98043030e+02, 7.00912833e-01,
       8.15823059e+02, 3.88893646e+02, 6.98996544e-01, 9.57078064e+02,
       3.71400940e+02, 7.69223869e-01, 1.04828735e+03, 3.62634949e+02,
       8.47773314e-01, 1.09248352e+03, 5.27369141e+02, 5.13352633e-01,
       1.08655005e+03, 5.80337097e+02, 5.07325828e-01, 1.28075989e+03,
       5.80322693e+02, 2.82776475e-01, 1.52806567e+03, 5.80331421e+02,
       3.15241516e-01, 1.09248181e+03, 4.62642059e+02, 4.62945759e-01,
       1.30433154e+03, 4.80182770e+02, 5.08019626e-01, 1.51926501e+03,
       4.89047546e+02, 2.15149507e-01, 6.30383240e+02, 4.53778198e+02,
       7.69117236e-01, 6.33333862e+02, 4.21442017e+02, 4.89169598e-01,
       6.45166626e+02, 4.83266785e+02, 7.62817204e-01, 0., 0., 0.,
       1.70459644e+03, 5.71471741e+02, 6.98595047e-02, 0., 0., 0.,
       1.54280884e+03, 5.00859222e+02, 1.44369185e-01, 1.70765625e+03,
       5.59715637e+02, 1.04145236e-01, 1.69291333e+03, 5.74474304e+02,
       9.15387422e-02, 1.56630640e+03, 5.77357117e+02, 1.83695376e-01 ]
