%YAML:1.0
---
pose_0: !!opencv-matrix
   rows: 1
   cols: 25
   dt: "3f"
   data: [ 7.56917236e+02, 3.65365051e+02, 8.40242922e-01,
       8.83401672e+02, 3.88926788e+02, 8.08500290e-01, 8.74607849e+02,
       4.65578644e+02, 7.05208242e-01, 9.74713196e+02, 5.68596130e+02,
       8.32523942e-01, 1.09249231e+03, 5.77379761e+02, 8.46714735e-01,
       8.98226807e+02, 2.97861389e+02, 6.70778155e-01, 1.03948450e+03,
       2.94735535e+02, 8.16791952e-01, 1.17196057e+03, 2.65313080e+02,
       7.50872195e-01, 1.14247888e+03, 4.44951233e+02, 6.22708917e-01,
       1.13651770e+03, 4.94978210e+02, 5.88160634e-01, 1.33080750e+03,
       5.15546570e+02, 7.16132104e-01, 1.54864722e+03, 5.50789673e+02,
       6.14695191e-01, 1.15425305e+03, 3.91949951e+02, 6.00429475e-01,
       1.35735730e+03, 3.47767487e+02, 5.29861152e-01, 1.55747754e+03,
       2.94770508e+02, 5.46967924e-01, 7.42243591e+02, 3.86003967e+02,
       7.94237494e-01, 7.42178711e+02, 3.47854462e+02, 7.66440392e-01,
       7.65723511e+02, 4.12468506e+02, 5.38006008e-01, 7.65813110e+02,
       3.24245270e+02, 4.77010071e-01, 1.63990186e+03, 2.53600250e+02,
       4.10273403e-01, 1.63694263e+03, 2.50755753e+02, 4.15156424e-01,
       0., 0., 0., 1.61330359e+03, 5.33272339e+02, 4.85390633e-01,
       1.60459558e+03, 5.50833862e+02, 4.37824011e-01, 1.57515088e+03,
       5.42050964e+02, 2.98676580e-01 ]
