%YAML:1.0
---
pose_0: !!opencv-matrix
   rows: 1
   cols: 25
   dt: "3f"
   data: [ 7.59851685e+02, 5.00739716e+02, 8.20069373e-01,
       8.45176331e+02, 4.56636444e+02, 6.34392440e-01, 8.21648926e+02,
       4.80171844e+02, 4.13868159e-01, 0., 0., 0., 0., 0., 0.,
       8.68750610e+02, 4.35981232e+02, 7.25050032e-01, 1.01592139e+03,
       4.47908630e+02, 6.77186489e-01, 1.13948230e+03, 5.44996216e+02,
       6.44047439e-01, 1.13069324e+03, 4.06703125e+02, 3.36777180e-01,
       1.11598328e+03, 4.33185944e+02, 1.85709953e-01, 1.36031592e+03,
       4.94968719e+02, 2.19666705e-01, 1.59573840e+03, 4.06634491e+02,
       3.02257419e-01, 1.12778784e+03, 3.85985931e+02, 3.52739155e-01,
       1.36032813e+03, 5.03809540e+02, 6.84005141e-01, 1.63688391e+03,
       4.09640533e+02, 4.79373932e-01, 7.42174133e+02, 4.94984955e+02,
       4.50257659e-01, 7.50995178e+02, 4.80092682e+02, 7.65438795e-01,
       0., 0., 0., 7.83297913e+02, 4.39025269e+02, 6.09608233e-01,
       1.67810095e+03, 4.71473297e+02, 2.08212018e-01, 1.68102820e+03,
       4.59654694e+02, 2.03664303e-01, 1.65753430e+03, 3.89038300e+02,
       2.58347809e-01, 0., 0., 0., 0., 0., 0., 1.60746521e+03,
       3.62496063e+02, 1.81131169e-01 ]
