%YAML:1.0
---
pose_0: !!opencv-matrix
   rows: 1
   cols: 25
   dt: "3f"
   data: [ 7.56879333e+02, 6.00941040e+02, 8.68973494e-01,
       8.59842712e+02, 6.01004395e+02, 7.19496191e-01, 8.59932373e+02,
       6.65682312e+02, 6.16545677e-01, 9.71769104e+02, 6.92174805e+02,
       3.63792688e-01, 1.04831750e+03, 7.36321289e+02, 6.07655406e-01,
       8.60067200e+02, 5.30379333e+02, 6.63581610e-01, 9.98297974e+02,
       4.86186401e+02, 8.17316175e-01, 1.11308679e+03, 4.80281677e+02,
       8.37611318e-01, 1.11013892e+03, 6.00963623e+02, 6.10333145e-01,
       1.10422986e+03, 6.48019226e+02, 6.26357138e-01, 1.28082007e+03,
       6.53947449e+02, 3.37353140e-01, 1.51334888e+03, 6.45138672e+02,
       3.93446863e-01, 1.11590771e+03, 5.50958984e+02, 6.30305529e-01,
       1.28376929e+03, 5.92108032e+02, 7.43850172e-01, 1.53984888e+03,
       5.92126038e+02, 3.21364671e-01, 7.42147766e+02, 6.18635437e+02,
       8.13180625e-01, 7.42177551e+02, 5.80428711e+02, 8.27995479e-01,
       7.59872314e+02, 6.36277344e+02, 3.46068859e-01, 7.65692383e+02,
       5.56871399e+02, 6.34203434e-01, 1.63394446e+03, 5.47899597e+02,
       1.15237735e-01, 1.63392065e+03, 5.42071106e+02, 1.30813971e-01,
       1.54273059e+03, 5.86227051e+02, 2.18277335e-01, 1.56348425e+03,
       6.53884216e+02, 8.39673653e-02, 0., 0., 0., 1.55156836e+03,
       6.50980408e+02, 1.83603674e-01 ]
