%YAML:1.0
---
pose_0: !!opencv-matrix
   rows: 1
   cols: 25
   dt: "3f"
   data: [ 7.39263733e+02, 5.65616577e+02, 8.57458532e-01,
       8.56907898e+02, 5.74310486e+02, 6.63980365e-01, 8.54015137e+02,
       6.33261353e+02, 4.64213848e-01, 9.62950867e+02, 6.74479980e+02,
       1.85753822e-01, 0., 0., 0., 8.65822632e+02, 5.06748474e+02,
       6.30726337e-01, 1.01891504e+03, 4.80176758e+02, 7.99562931e-01,
       1.14249512e+03, 4.56586731e+02, 8.28548014e-01, 1.11302319e+03,
       5.95039063e+02, 5.95050216e-01, 1.11011145e+03, 6.42087524e+02,
       5.94951630e-01, 1.30434509e+03, 6.45009644e+02, 3.01242709e-01,
       1.51919446e+03, 6.39205933e+02, 4.53791112e-01, 1.11604224e+03,
       5.36236389e+02, 6.04416192e-01, 1.29846460e+03, 5.74271057e+02,
       6.83924735e-01, 1.54280798e+03, 5.77298645e+02, 4.81012136e-01,
       7.24534180e+02, 5.77476685e+02, 8.07602227e-01, 7.30409790e+02,
       5.50789001e+02, 8.32748473e-01, 7.39332642e+02, 6.00983032e+02,
       5.76556146e-01, 7.56884277e+02, 5.27220215e+02, 5.96412539e-01,
       1.57218091e+03, 7.03906860e+02, 1.54451832e-01, 1.58685999e+03,
       6.77465637e+02, 1.47995859e-01, 1.56337463e+03, 5.74453430e+02,
       3.28255802e-01, 1.55748975e+03, 7.01031616e+02, 2.93956369e-01,
       1.54280200e+03, 6.98102051e+02, 2.56983697e-01, 1.55449780e+03,
       6.33289673e+02, 2.15673074e-01 ]
