%YAML:1.0
---
pose_0: !!opencv-matrix
   rows: 1
   cols: 25
   dt: "3f"
   data: [ 6.71647766e+02, 5.03636749e+02, 8.77927721e-01,
       7.89393860e+02, 5.27378174e+02, 7.55181074e-01, 7.89191406e+02,
       6.12710999e+02, 7.15411723e-01, 8.86395569e+02, 6.48049622e+02,
       5.54559648e-01, 9.57084717e+02, 6.68690125e+02, 6.88356221e-01,
       8.09788879e+02, 4.47913605e+02, 6.33325815e-01, 9.54148315e+02,
       4.50782440e+02, 7.88450480e-01, 8.62905273e+02, 4.36016693e+02,
       8.57969761e-01, 1.07770349e+03, 5.06674591e+02, 5.15933096e-01,
       1.07777991e+03, 5.53798950e+02, 5.73469043e-01, 1.30134644e+03,
       5.74419800e+02, 7.34772682e-01, 1.58686499e+03, 6.15644104e+02,
       5.60646892e-01, 1.07475916e+03, 4.53772736e+02, 5.01856625e-01,
       1.31022900e+03, 4.47861969e+02, 4.50204968e-01, 1.54868530e+03,
       4.62694092e+02, 6.12076163e-01, 6.53929199e+02, 5.09763123e+02,
       8.21000338e-01, 6.68561707e+02, 4.80177277e+02, 9.08676505e-01,
       6.68554626e+02, 5.44995117e+02, 6.34431183e-01, 6.92257935e+02,
       4.56778320e+02, 6.51827514e-01, 1.62522998e+03, 4.56657043e+02,
       5.51338792e-01, 1.61926050e+03, 4.47892334e+02, 5.67319334e-01,
       1.58100024e+03, 4.80269836e+02, 3.15616399e-01, 1.63401501e+03,
       5.62695557e+02, 2.23797873e-01, 0., 0., 0., 1.63398218e+03,
       6.12660461e+02, 2.97448784e-01 ]
