%YAML:1.0
---
pose_0: !!opencv-matrix
   rows: 1
   cols: 25
   dt: "3f"
   data: [ 5.06714417e+02, 5.50790649e+02, 5.43314517e-01,
       6.48059692e+02, 5.50808044e+02, 4.44839746e-01, 6.80399963e+02,
       6.15640503e+02, 2.36706033e-01, 6.48012756e+02, 6.98093445e+02,
       5.45998096e-01, 4.50805847e+02, 6.36273438e+02, 6.48472905e-01,
       6.09745667e+02, 4.89097076e+02, 3.18209559e-01, 6.50975891e+02,
       4.03755005e+02, 6.07002914e-01, 4.39113495e+02, 4.59623199e+02,
       7.50656068e-01, 1.04828076e+03, 6.00921082e+02, 4.23393905e-01,
       1.03065710e+03, 6.68535400e+02, 4.24700439e-01, 1.28673633e+03,
       6.56811890e+02, 3.00099343e-01, 1.68696497e+03, 6.65575317e+02,
       2.16481805e-01, 1.05415845e+03, 5.30315369e+02, 3.60215276e-01,
       1.28965845e+03, 5.24341003e+02, 2.39381194e-01, 1.72816724e+03,
       5.47850281e+02, 3.04331630e-01, 4.80188660e+02, 5.65583069e+02,
       3.63782555e-01, 4.83221710e+02, 5.24405579e+02, 2.80701101e-01,
       0., 0., 0., 5.24419434e+02, 4.86117493e+02, 1.33735254e-01,
       1.83708838e+03, 4.86191467e+02, 1.14833869e-01, 1.82828455e+03,
       4.89054260e+02, 1.13196105e-01, 1.72816785e+03, 5.53837463e+02,
       1.44982353e-01, 1.78413452e+03, 7.09830566e+02, 6.66824728e-02,
       1.78118945e+03, 7.01001831e+02, 6.22112788e-02, 1.71349487e+03,
       6.62702209e+02, 1.28599912e-01 ]
