%YAML:1.0
---
pose_0: !!opencv-matrix
   rows: 2
   cols: 25
   dt: "3f"
   data: [ 7.15799500e+02, 5.50918823e+02, 5.41294575e-01,
       8.09789856e+02, 4.83169769e+02, 4.37732846e-01, 8.06894653e+02,
       4.80200104e+02, 3.25153232e-01, 0., 0., 0., 0., 0., 0.,
       8.04014893e+02, 4.83307922e+02, 6.52498603e-01, 9.54126404e+02,
       4.89105835e+02, 6.87876821e-01, 1.06008459e+03, 6.18607422e+02,
       6.34381652e-01, 1.12774915e+03, 4.33128113e+02, 3.23498100e-01,
       0., 0., 0., 0., 0., 0., 0., 0., 0., 1.12774866e+03,
       4.33202759e+02, 2.62681246e-01, 1.37488464e+03, 5.33229309e+02,
       6.11661732e-01, 1.65168689e+03, 4.15459290e+02, 3.90796214e-01,
       7.09738586e+02, 5.47856567e+02, 7.01044574e-02, 7.09789185e+02,
       5.33237976e+02, 4.78574157e-01, 0., 0., 0., 7.18747498e+02,
       4.89130554e+02, 4.73261893e-01, 1.72809375e+03, 3.59583771e+02,
       4.24444795e-01, 1.72526196e+03, 3.59620789e+02, 3.76119554e-01,
       1.68402820e+03, 4.33169189e+02, 1.65233791e-01, 0., 0., 0., 0.,
       0., 0., 0., 0., 0., 0., 0., 0., 0., 0., 0., 0., 0., 0., 0., 0.,
       0., 0., 0., 0., 0., 0., 0., 0., 0., 0., 0., 0., 0., 0., 0., 0.,
       1.15129663e+03, 4.12597595e+02, 1.88245267e-01, 1.37785364e+03,
       5.09773560e+02, 6.03040397e-01, 1.58395190e+03, 4.30236542e+02,
       3.47541273e-01, 0., 0., 0., 0., 0., 0., 0., 0., 0., 0., 0., 0.,
       0., 0., 0., 0., 0., 0., 0., 0., 0., 0., 0., 0., 0., 0., 0., 0.,
       0., 0., 0., 0., 0., 0., 0., 0., 0., 0., 0. ]
