%YAML:1.0
---
pose_0: !!opencv-matrix
   rows: 1
   cols: 25
   dt: "3f"
   data: [ 7.39171936e+02, 4.77344696e+02, 8.12755942e-01,
       8.59845947e+02, 4.83089050e+02, 7.63534606e-01, 8.60040161e+02,
       5.56743347e+02, 6.26977980e-01, 9.45221436e+02, 6.68541260e+02,
       8.25207591e-01, 8.80527771e+02, 6.27368103e+02, 6.34273589e-01,
       8.54097168e+02, 4.06625427e+02, 5.89037240e-01, 9.74625122e+02,
       3.80205322e+02, 5.26613176e-01, 1.02483679e+03, 3.62440857e+02,
       7.26294756e-01, 1.13363696e+03, 5.03695679e+02, 5.56516528e-01,
       1.13070752e+03, 5.50789795e+02, 5.74123323e-01, 1.34258752e+03,
       5.56764099e+02, 4.96609122e-01, 1.50448889e+03, 5.62669739e+02,
       4.38137352e-01, 1.13364917e+03, 4.41969910e+02, 5.55525661e-01,
       1.34557959e+03, 4.56801178e+02, 5.79048038e-01, 1.57223706e+03,
       4.71446533e+02, 6.12176418e-01, 7.21594299e+02, 4.91986481e+02,
       7.54127502e-01, 7.21595703e+02, 4.56782593e+02, 8.19453835e-01,
       7.42153015e+02, 5.09744751e+02, 3.53201419e-01, 7.45235535e+02,
       4.30235107e+02, 5.75340569e-01, 1.63688818e+03, 4.36115875e+02,
       5.74897170e-01, 1.63101306e+03, 4.36020660e+02, 5.77898979e-01,
       1.59573950e+03, 4.89121643e+02, 3.53525221e-01, 1.51329321e+03,
       6.30365112e+02, 6.38996884e-02, 1.49869922e+03, 6.21472656e+02,
       8.13446268e-02, 1.53690674e+03, 5.50904114e+02, 2.85634071e-01 ]
