%YAML:1.0
---
pose_0: !!opencv-matrix
   rows: 2
   cols: 25
   dt: "3f"
   data: [ 0., 0., 0., 0., 0., 0., 0., 0., 0., 0., 0., 0., 0., 0., 0.,
       0., 0., 0., 0., 0., 0., 0., 0., 0., 1.18955420e+03,
       5.80325012e+02, 3.01003814e-01, 1.20725244e+03, 5.80296143e+02,
       3.29209477e-01, 1.39843188e+03, 4.62687897e+02, 6.84214056e-01,
       1.65464807e+03, 7.18657471e+02, 5.52383065e-01, 1.18365295e+03,
       5.56831909e+02, 2.57831186e-01, 1.39554785e+03, 4.59560120e+02,
       3.02144319e-01, 1.49866248e+03, 6.39134399e+02, 4.11072612e-01,
       0., 0., 0., 0., 0., 0., 0., 0., 0., 0., 0., 0., 0., 0., 0., 0.,
       0., 0., 1.48686792e+03, 6.51041077e+02, 3.35277557e-01,
       1.71933533e+03, 6.36217163e+02, 3.17163736e-01, 1.71933765e+03,
       6.45067749e+02, 2.55308598e-01, 1.66345398e+03, 7.48072144e+02,
       4.76229817e-01, 0., 0., 0., 8.62903564e+02, 5.30226563e+02,
       4.92975503e-01, 8.65803711e+02, 5.27362671e+02, 3.99856210e-01,
       9.98272583e+02, 5.50784241e+02, 9.13731754e-02, 0., 0., 0.,
       8.57030518e+02, 5.44975647e+02, 6.34111404e-01, 1.00115314e+03,
       5.47948669e+02, 6.43822491e-01, 1.16014539e+03, 5.30230591e+02,
       6.33241892e-01, 1.09242090e+03, 5.77359680e+02, 1.10744499e-01,
       0., 0., 0., 0., 0., 0., 0., 0., 0., 0., 0., 0., 0., 0., 0., 0.,
       0., 0., 0., 0., 0., 0., 0., 0., 0., 0., 0., 7.71673889e+02,
       5.50851074e+02, 1.75221771e-01, 0., 0., 0., 0., 0., 0., 0., 0.,
       0., 0., 0., 0., 0., 0., 0., 0., 0., 0. ]
