%YAML:1.0
---
pose_0: !!opencv-matrix
   rows: 1
   cols: 25
   dt: "3f"
   data: [ 7.33402466e+02, 4.65493591e+02, 8.16962123e-01,
       8.27490112e+02, 4.36094208e+02, 6.69638753e-01, 8.09911621e+02,
       4.89125916e+02, 6.35083735e-01, 9.45280457e+02, 5.18558411e+02,
       2.64767557e-01, 1.08953052e+03, 5.50984192e+02, 3.67202461e-01,
       8.39378052e+02, 3.86003204e+02, 6.60410881e-01, 9.54224304e+02,
       3.44967285e+02, 6.96383536e-01, 1.08945251e+03, 3.41825745e+02,
       7.12348163e-01, 1.09536987e+03, 4.39027313e+02, 4.23027724e-01,
       1.08363330e+03, 4.71411926e+02, 3.16607624e-01, 1.31028577e+03,
       4.80276581e+02, 4.11943555e-01, 1.52806860e+03, 4.00759705e+02,
       3.69178414e-01, 1.10716125e+03, 4.09616089e+02, 3.45241040e-01,
       1.31903882e+03, 4.86088959e+02, 4.49410975e-01, 1.53687463e+03,
       4.03713684e+02, 3.15586418e-01, 7.15781433e+02, 4.71469391e+02,
       7.05112457e-01, 7.24509338e+02, 4.44919159e+02, 7.74370253e-01,
       0., 0., 0., 7.48058472e+02, 4.12486511e+02, 6.30770266e-01,
       1.62811145e+03, 3.59521637e+02, 1.17937766e-01, 1.63096277e+03,
       3.59567383e+02, 1.12788484e-01, 1.58984448e+03, 4.30145233e+02,
       9.75902155e-02, 0., 0., 0., 0., 0., 0., 1.56035913e+03,
       3.65511322e+02, 1.39658108e-01 ]
