%YAML:1.0
---
pose_0: !!opencv-matrix
   rows: 1
   cols: 25
   dt: "3f"
   data: [ 7.51058777e+02, 4.56623596e+02, 6.73749626e-01,
       8.62954041e+02, 5.06666748e+02, 6.83534741e-01, 8.54068665e+02,
       5.50834167e+02, 7.41650224e-01, 9.83590637e+02, 5.97896423e+02,
       6.85549080e-01, 1.13071362e+03, 5.77507019e+02, 7.34027565e-01,
       8.80492126e+02, 4.59706512e+02, 4.49739099e-01, 1.05421533e+03,
       4.86239044e+02, 6.47883594e-01, 1.18659827e+03, 4.65501129e+02,
       7.93265641e-01, 1.13662683e+03, 5.74500244e+02, 5.70282459e-01,
       1.12773303e+03, 6.21532532e+02, 5.20568073e-01, 1.35146680e+03,
       5.74411926e+02, 8.53619993e-01, 1.61049463e+03, 6.95096741e+02,
       6.14565492e-01, 1.14544031e+03, 5.30384338e+02, 5.74666023e-01,
       1.37195618e+03, 4.83296051e+02, 7.88318038e-01, 1.57803625e+03,
       5.98048035e+02, 6.71977997e-01, 7.42169067e+02, 4.77201691e+02,
       7.03721702e-01, 7.42287598e+02, 4.50802795e+02, 2.21188396e-01,
       7.65707275e+02, 5.15566528e+02, 4.83146459e-01, 0., 0., 0.,
       1.61045068e+03, 5.30267334e+02, 1.83444396e-01, 0., 0., 0.,
       1.59280872e+03, 6.21530701e+02, 4.57607746e-01, 1.68992444e+03,
       6.24502502e+02, 3.68777722e-01, 1.68701758e+03, 6.39201599e+02,
       2.80884624e-01, 1.63396277e+03, 7.21663757e+02, 4.83980775e-01 ]
