%YAML:1.0
---
pose_0: !!opencv-matrix
   rows: 1
   cols: 25
   dt: "3f"
   data: [ 7.56906799e+02, 3.65481506e+02, 8.24894786e-01,
       8.83463562e+02, 3.59518494e+02, 7.19401121e-01, 8.89338196e+02,
       4.39143188e+02, 6.60306096e-01, 1.04530334e+03, 4.80218689e+02,
       7.89979339e-01, 1.16612659e+03, 5.18537109e+02, 7.59715676e-01,
       8.80568359e+02, 2.68337555e+02, 6.96942329e-01, 1.03950354e+03,
       2.27134293e+02, 7.67823517e-01, 1.18649207e+03, 1.94711136e+02,
       8.05360436e-01, 1.16012854e+03, 3.50754669e+02, 5.60439527e-01,
       1.14546118e+03, 4.03750214e+02, 5.95744014e-01, 1.33384924e+03,
       4.15442200e+02, 7.85992920e-01, 1.61634314e+03, 4.39042450e+02,
       5.91292918e-01, 1.16305798e+03, 2.94772339e+02, 5.84318221e-01,
       1.37792395e+03, 3.09541748e+02, 6.43894017e-01, 1.58398926e+03,
       3.06608734e+02, 6.10047340e-01, 7.42180237e+02, 3.83104767e+02,
       7.00502515e-01, 7.42127014e+02, 3.44945618e+02, 7.81149805e-01,
       7.65682556e+02, 3.97824493e+02, 2.68423110e-01, 7.62835449e+02,
       3.15397827e+02, 5.79892099e-01, 1.63709167e+03, 2.68259155e+02,
       5.43772578e-01, 1.63391675e+03, 2.68230957e+02, 6.10049307e-01,
       1.61342505e+03, 3.09542114e+02, 3.07560265e-01, 1.70460352e+03,
       4.06709320e+02, 2.74144262e-01, 1.69873364e+03, 4.15559235e+02,
       1.94477558e-01, 1.63990344e+03, 4.33188324e+02, 3.05656016e-01 ]
