%YAML:1.0
---
pose_0: !!opencv-matrix
   rows: 1
   cols: 25
   dt: "3f"
   data: [ 6.33262939e+02, 5.27295349e+02, 8.36226881e-01,
       7.56945862e+02, 5.30319153e+02, 6.13329113e-01, 7.71674377e+02,
       6.21509521e+02, 4.33203042e-01, 9.27608459e+02, 6.89207336e+02,
       2.55647242e-01, 1.06890881e+03, 7.42298279e+02, 3.60600919e-01,
       7.62773743e+02, 4.47899078e+02, 5.62499404e-01, 9.06962341e+02,
       4.00789490e+02, 7.62055635e-01, 1.04817383e+03, 3.53707031e+02,
       8.39918494e-01, 1.06595654e+03, 5.68491028e+02, 5.34056067e-01,
       1.05416504e+03, 6.21536926e+02, 5.41809440e-01, 1.32495056e+03,
       6.24630371e+02, 5.74824989e-01, 1.61342334e+03, 6.62782349e+02,
       5.13354957e-01, 1.07179480e+03, 5.03817017e+02, 5.27943969e-01,
       1.32792554e+03, 5.03656738e+02, 5.70249617e-01, 1.57805017e+03,
       4.94999939e+02, 5.01229823e-01, 6.18565186e+02, 5.42069702e+02,
       8.06908488e-01, 6.21587280e+02, 5.03747955e+02, 8.94851446e-01,
       6.33259033e+02, 5.62639160e+02, 2.21945032e-01, 6.45025818e+02,
       4.74329987e+02, 5.96251488e-01, 1.67223743e+03, 4.89051117e+02,
       3.76230091e-01, 1.67222644e+03, 4.83188080e+02, 3.98786515e-01,
       1.58989160e+03, 4.91997864e+02, 2.31123805e-01, 1.72518958e+03,
       6.47987427e+02, 1.60168916e-01, 0., 0., 0., 1.63694983e+03,
       6.50951050e+02, 2.84994781e-01 ]
