%YAML:1.0
---
pose_0: !!opencv-matrix
   rows: 1
   cols: 25
   dt: "3f"
   data: [ 7.42234985e+02, 5.30410522e+02, 7.98703492e-01,
       8.33455078e+02, 4.62638458e+02, 4.94786203e-01, 8.21693909e+02,
       4.68494232e+02, 3.29066038e-01, 8.80481628e+02, 5.95039612e+02,
       1.49751917e-01, 8.62901428e+02, 5.80309387e+02, 9.77805704e-02,
       8.36431274e+02, 4.59772003e+02, 7.37801492e-01, 9.77541016e+02,
       5.09675476e+02, 8.55456591e-01, 8.54063904e+02, 5.56893250e+02,
       7.80873418e-01, 1.10124854e+03, 4.59642303e+02, 3.48028094e-01,
       1.11597290e+03, 4.27257141e+02, 2.23884210e-01, 1.33096814e+03,
       5.18493164e+02, 4.88607258e-01, 1.58103418e+03, 4.36160339e+02,
       2.98304021e-01, 1.10420776e+03, 4.74331757e+02, 2.61890143e-01,
       1.33379773e+03, 5.33274902e+02, 4.97325659e-01, 1.61048584e+03,
       4.33077240e+02, 4.09922302e-01, 0., 0., 0., 7.36218994e+02,
       5.21401123e+02, 7.28438616e-01, 0., 0., 0., 7.51008789e+02,
       4.77201202e+02, 6.22850060e-01, 1.66043799e+03, 3.71321381e+02,
       2.62799025e-01, 1.66053711e+03, 3.71410980e+02, 2.26776585e-01,
       1.63694421e+03, 4.18420929e+02, 1.85028061e-01, 0., 0., 0., 0.,
       0., 0., 1.63098499e+03, 4.09592560e+02, 7.40420595e-02 ]
