%YAML:1.0
---
pose_0: !!opencv-matrix
   rows: 2
   cols: 25
   dt: "3f"
   data: [ 0., 0., 0., 8.98138611e+02, 4.71432495e+02, 3.29040140e-01,
       9.27652771e+02, 5.18534180e+02, 1.95262969e-01, 1.01300848e+03,
       5.68542419e+02, 2.90790021e-01, 1.09840747e+03, 6.27389771e+02,
       3.01846534e-01, 8.45205994e+02, 4.47869690e+02, 1.65618852e-01,
       0., 0., 0., 0., 0., 0., 1.10422473e+03, 4.80316864e+02,
       5.26634395e-01, 1.09835388e+03, 5.30217224e+02, 5.22500396e-01,
       1.31314685e+03, 6.18556335e+02, 6.77192211e-01, 1.52218347e+03,
       6.74487671e+02, 6.16281211e-01, 1.11304956e+03, 4.30170319e+02,
       4.99237478e-01, 1.31319836e+03, 3.71344269e+02, 5.29795945e-01,
       1.43975708e+03, 2.94903839e+02, 1.86536834e-01, 0., 0., 0., 0.,
       0., 0., 0., 0., 0., 0., 0., 0., 1.52810425e+03, 2.53603867e+02,
       2.73435146e-01, 1.52218872e+03, 2.47785751e+02, 2.90484518e-01,
       1.45450989e+03, 2.85969299e+02, 8.09133351e-02, 1.60746973e+03,
       6.65677246e+02, 4.11847860e-01, 1.59571460e+03, 6.74536377e+02,
       3.55107605e-01, 1.54862891e+03, 6.89251526e+02, 3.56261104e-01,
       0., 0., 0., 0., 0., 0., 0., 0., 0., 0., 0., 0., 0., 0., 0.,
       8.18715149e+02, 3.89036682e+02, 1.34347677e-01, 7.39247803e+02,
       3.86189240e+02, 3.62106293e-01, 6.30324036e+02, 4.36008698e+02,
       3.02962810e-01, 0., 0., 0., 0., 0., 0., 0., 0., 0., 0., 0., 0.,
       0., 0., 0., 0., 0., 0., 0., 0., 0., 0., 0., 0., 0., 0., 0., 0.,
       0., 0., 0., 0., 0., 0., 0., 0., 0., 0., 0., 0., 0., 0., 0., 0.,
       0., 0., 0., 0., 0., 0., 0. ]
