%YAML:1.0
---
pose_0: !!opencv-matrix
   rows: 1
   cols: 25
   dt: "3f"
   data: [ 7.62869202e+02, 5.18461548e+02, 7.36639678e-01,
       8.42309814e+02, 4.47878723e+02, 4.47487742e-01, 8.36340820e+02,
       4.44960632e+02, 3.32440346e-01, 0., 0., 0., 0., 0., 0.,
       8.54032288e+02, 4.47921600e+02, 6.95382118e-01, 9.74755005e+02,
       5.27374146e+02, 8.63612533e-01, 8.51141785e+02, 5.59723022e+02,
       7.84846067e-01, 1.11307703e+03, 4.24309265e+02, 4.20813322e-01,
       1.13363831e+03, 3.88984100e+02, 4.21738058e-01, 1.26021704e+03,
       4.53732452e+02, 7.53149763e-02, 0., 0., 0., 1.09838855e+03,
       4.56763550e+02, 3.28755140e-01, 1.35141272e+03, 4.97851563e+02,
       6.46482944e-01, 1.61347351e+03, 4.27275116e+02, 5.02007961e-01,
       0., 0., 0., 7.53979431e+02, 5.03724213e+02, 7.53582120e-01, 0.,
       0., 0., 7.68709351e+02, 4.56783539e+02, 6.54102683e-01,
       1.67816931e+03, 3.80198303e+02, 4.65547770e-01, 1.67519775e+03,
       3.83100006e+02, 4.40642357e-01, 1.64576392e+03, 4.36095703e+02,
       2.06680149e-01, 0., 0., 0., 0., 0., 0., 0., 0., 0. ]
