%YAML:1.0
---
pose_0: !!opencv-matrix
   rows: 1
   cols: 25
   dt: "3f"
   data: [ 7.62882935e+02, 4.35984833e+02, 9.01564002e-01,
       8.86406555e+02, 4.53747681e+02, 7.44348288e-01, 8.80538391e+02,
       5.27353149e+02, 8.22021127e-01, 1.00109760e+03, 5.80373352e+02,
       8.14921796e-01, 1.00421802e+03, 6.27360718e+02, 8.29064369e-01,
       8.95208740e+02, 3.71391602e+02, 5.70603430e-01, 1.03356030e+03,
       3.38895966e+02, 8.30101430e-01, 1.09246765e+03, 2.74169220e+02,
       8.95802915e-01, 1.14252393e+03, 4.50797546e+02, 5.56717396e-01,
       1.14243384e+03, 5.00773315e+02, 5.79351246e-01, 1.35442151e+03,
       5.27187622e+02, 7.29006410e-01, 1.55452832e+03, 5.74390625e+02,
       6.57476544e-01, 1.14249768e+03, 3.94875275e+02, 5.56548238e-01,
       1.34258752e+03, 3.44888824e+02, 6.32097781e-01, 1.57514868e+03,
       3.00764679e+02, 5.70371151e-01, 7.48036682e+02, 4.47847748e+02,
       8.07868481e-01, 7.56859802e+02, 4.12613770e+02, 8.44845176e-01,
       7.65760925e+02, 4.68428436e+02, 4.02969539e-01, 7.68775940e+02,
       3.89067230e+02, 6.00889921e-01, 1.65457629e+03, 2.68345551e+02,
       4.16010499e-01, 1.64869824e+03, 2.68300140e+02, 4.21705693e-01,
       1.58988037e+03, 2.94808319e+02, 2.48186439e-01, 1.61034680e+03,
       6.12718689e+02, 3.71538758e-01, 1.61047314e+03, 6.06852539e+02,
       3.88489932e-01, 1.58692175e+03, 5.56837891e+02, 4.67196852e-01 ]
