%YAML:1.0
---
pose_0: !!opencv-matrix
   rows: 2
   cols: 25
   dt: "3f"
   data: [ 6.36221802e+02, 4.15580170e+02, 7.98971117e-01,
       7.30454651e+02, 4.56803253e+02, 6.50793374e-01, 7.15658447e+02,
       5.06755829e+02, 3.58419895e-01, 0., 0., 0., 0., 0., 0.,
       7.39254028e+02, 3.92027588e+02, 6.94725513e-01, 9.51095093e+02,
       3.62384491e+02, 8.46943200e-01, 8.12885559e+02, 3.65406860e+02,
       8.28185141e-01, 1.06883350e+03, 4.83173492e+02, 5.51149607e-01,
       1.06005518e+03, 5.30309937e+02, 5.32196462e-01, 1.31029175e+03,
       5.27459961e+02, 6.71017766e-01, 1.60455212e+03, 5.53948669e+02,
       6.23444259e-01, 1.07178235e+03, 4.27311249e+02, 5.04244506e-01,
       1.31611841e+03, 4.09578003e+02, 4.53465968e-01, 1.54273706e+03,
       4.12579010e+02, 3.51724029e-01, 6.21567932e+02, 4.36167206e+02,
       7.80073285e-01, 6.24429932e+02, 4.09725983e+02, 8.11942875e-01,
       6.33344788e+02, 4.68448730e+02, 6.73515618e-01, 6.47980957e+02,
       3.97863037e+02, 2.36219376e-01, 1.64285645e+03, 3.92000763e+02,
       2.37171605e-01, 1.63701697e+03, 3.88948578e+02, 2.87572682e-01,
       1.58985010e+03, 4.18447876e+02, 1.84528127e-01, 1.71932764e+03,
       5.62662781e+02, 5.35860181e-01, 1.70174609e+03, 5.74428772e+02,
       5.25825441e-01, 1.61340039e+03, 5.53858032e+02, 3.53351682e-01,
       0., 0., 0., 0., 0., 0., 7.77462402e+02, 5.71419434e+02,
       2.89880872e-01, 8.86483704e+02, 6.48117859e+02, 7.09804475e-01,
       9.92348328e+02, 6.47936707e+02, 6.91232383e-01, 0., 0., 0., 0.,
       0., 0., 0., 0., 0., 0., 0., 0., 0., 0., 0., 0., 0., 0., 0., 0.,
       0., 0., 0., 0., 0., 0., 0., 0., 0., 0., 0., 0., 0., 0., 0., 0.,
       0., 0., 0., 0., 0., 0., 0., 0., 0., 0., 0., 0., 0., 0., 0., 0.,
       0., 0., 0., 0., 0., 0., 0., 0. ]
