%YAML:1.0
---
pose_0: !!opencv-matrix
   rows: 1
   cols: 25
   dt: "3f"
   data: [ 7.92354614e+02, 4.15458496e+02, 8.40070307e-01,
       8.89334961e+02, 3.80161652e+02, 7.35967100e-01, 8.83621948e+02,
       4.53695435e+02, 7.88722396e-01, 1.00705743e+03, 4.18392914e+02,
       7.57880449e-01, 9.89421509e+02, 2.88912109e+02, 7.60686278e-01,
       8.98136108e+02, 3.15312927e+02, 6.36704326e-01, 1.04235840e+03,
       2.50791412e+02, 7.66860187e-01, 9.74700439e+02, 1.77237106e+02,
       7.97197104e-01, 1.14541760e+03, 4.36113708e+02, 6.55059576e-01,
       1.12776318e+03, 4.83218903e+02, 6.40048683e-01, 1.30442480e+03,
       5.71386536e+02, 8.02161276e-01, 1.49270435e+03, 6.06859863e+02,
       6.02180541e-01, 1.16600989e+03, 3.86166473e+02, 6.22531176e-01,
       1.36612183e+03, 3.83167297e+02, 6.86627030e-01, 1.54861890e+03,
       3.91899811e+02, 6.66359186e-01, 7.86259949e+02, 4.30136810e+02,
       7.01212108e-01, 7.86263062e+02, 4.03653229e+02, 7.88008034e-01,
       0., 0., 0., 7.95160645e+02, 3.62491272e+02, 6.60433829e-01,
       1.61633093e+03, 3.71324127e+02, 4.40473795e-01, 1.61332800e+03,
       3.65532532e+02, 4.86352831e-01, 1.57223853e+03, 3.97838806e+02,
       3.33545446e-01, 1.48971741e+03, 6.68612671e+02, 6.03443205e-01,
       1.47509766e+03, 6.65648132e+02, 6.13570869e-01, 1.52510925e+03,
       6.00847717e+02, 3.64179939e-01 ]
