%YAML:1.0
---
pose_0: !!opencv-matrix
   rows: 1
   cols: 25
   dt: "3f"
   data: [ 7.71591431e+02, 4.36117249e+02, 8.44510794e-01,
       8.74656799e+02, 4.33155457e+02, 7.40460277e-01, 8.77584717e+02,
       5.03887756e+02, 7.17850327e-01, 9.98218933e+02, 5.36216736e+02,
       5.58374524e-01, 1.03355139e+03, 5.06821259e+02, 5.08988857e-01,
       8.77594604e+02, 3.65464752e+02, 6.52210474e-01, 1.01588202e+03,
       3.12464233e+02, 7.68252730e-01, 1.06294287e+03, 2.62416168e+02,
       7.93137491e-01, 1.13960767e+03, 4.59612061e+02, 6.22366786e-01,
       1.13072803e+03, 5.03905060e+02, 6.24253035e-01, 1.33671313e+03,
       5.74314697e+02, 7.49294519e-01, 1.51621057e+03, 6.44973877e+02,
       6.22741342e-01, 1.14548157e+03, 4.09708954e+02, 6.10900283e-01,
       1.33670764e+03, 4.33051208e+02, 6.66568935e-01, 1.54283777e+03,
       4.24320465e+02, 6.03164911e-01, 7.59832092e+02, 4.53745453e+02,
       7.81473398e-01, 7.59907715e+02, 4.18480652e+02, 8.02847505e-01,
       7.80476440e+02, 4.68517365e+02, 1.80439368e-01, 7.74574585e+02,
       3.89025452e+02, 6.20239437e-01, 1.61339587e+03, 4.06606995e+02,
       5.16739845e-01, 1.61033765e+03, 3.97811432e+02, 5.33478141e-01,
       1.58100049e+03, 4.33064423e+02, 3.26489985e-01, 1.58098218e+03,
       6.68548462e+02, 5.52531242e-01, 1.56635742e+03, 6.71648560e+02,
       5.56039572e-01, 1.53975061e+03, 6.42114624e+02, 4.00954723e-01 ]
