%YAML:1.0
---
pose_0: !!opencv-matrix
   rows: 1
   cols: 25
   dt: "3f"
   data: [ 7.03931824e+02, 4.41968811e+02, 8.04703653e-01,
       8.09947388e+02, 4.33225281e+02, 6.80505157e-01, 8.15803284e+02,
       5.00758484e+02, 5.76715708e-01, 9.54127319e+02, 5.30394409e+02,
       3.59761387e-01, 1.08947900e+03, 5.74497437e+02, 4.53826129e-01,
       8.09823608e+02, 3.62551544e+02, 5.65303981e-01, 9.89419800e+02,
       3.30132904e+02, 6.76229119e-01, 1.14254980e+03, 3.38862823e+02,
       8.01234126e-01, 1.11604370e+03, 4.56732117e+02, 6.05091333e-01,
       1.10130322e+03, 5.06751648e+02, 5.75802565e-01, 1.32200598e+03,
       5.62624451e+02, 7.29664624e-01, 1.61043579e+03, 6.45142761e+02,
       6.13177776e-01, 1.13362805e+03, 4.00817474e+02, 5.23417413e-01,
       1.35731885e+03, 4.27200928e+02, 6.52957141e-01, 1.60457385e+03,
       4.15560486e+02, 5.86206198e-01, 6.92204956e+02, 4.59621674e+02,
       8.17654252e-01, 6.92201050e+02, 4.27267914e+02, 8.47989082e-01,
       7.15646240e+02, 4.80250275e+02, 2.96750635e-01, 7.15619995e+02,
       3.94845764e+02, 6.62179947e-01, 1.68098096e+03, 4.09568451e+02,
       2.50932008e-01, 1.66348206e+03, 3.94877258e+02, 3.20918858e-01,
       1.63700586e+03, 4.15492615e+02, 2.12445393e-01, 1.66046497e+03,
       5.97929993e+02, 2.51180917e-01, 1.65163135e+03, 6.06830261e+02,
       1.66544825e-01, 1.63990820e+03, 6.44984802e+02, 2.99342453e-01 ]
