%YAML:1.0
---
pose_0: !!opencv-matrix
   rows: 1
   cols: 25
   dt: "3f"
   data: [ 7.68730103e+02, 4.80285583e+02, 8.65075529e-01,
       8.45247192e+02, 4.36125122e+02, 5.79320371e-01, 8.36440247e+02,
       4.86224121e+02, 3.01029921e-01, 0., 0., 0., 0., 0., 0.,
       8.56960571e+02, 3.80134033e+02, 6.90540135e-01, 9.65894043e+02,
       3.80166290e+02, 6.36236548e-01, 1.09253662e+03, 3.86186035e+02,
       7.79614270e-01, 1.11301917e+03, 4.83249390e+02, 5.86210489e-01,
       1.10424829e+03, 5.30175537e+02, 6.11645937e-01, 1.30730066e+03,
       5.77248230e+02, 7.53829658e-01, 1.53688086e+03, 6.36236511e+02,
       5.55899024e-01, 1.11605432e+03, 4.36106171e+02, 5.65708160e-01,
       1.35146155e+03, 4.30187500e+02, 5.82282245e-01, 1.57219934e+03,
       4.33106812e+02, 6.41446948e-01, 7.56907349e+02, 4.86231812e+02,
       7.89477646e-01, 7.59899719e+02, 4.59720093e+02, 8.19967985e-01,
       0., 0., 0., 7.65653748e+02, 4.27240112e+02, 6.43122852e-01,
       1.63985645e+03, 4.36065796e+02, 2.49911651e-01, 1.63404028e+03,
       4.24307831e+02, 2.98635066e-01, 1.60748694e+03, 4.30192505e+02,
       2.56547242e-01, 1.59575562e+03, 5.98072693e+02, 1.56154379e-01,
       1.58693213e+03, 6.12693604e+02, 7.59425163e-02, 1.57805908e+03,
       6.33285156e+02, 2.67875075e-01 ]
