%YAML:1.0
---
pose_0: !!opencv-matrix
   rows: 1
   cols: 25
   dt: "3f"
   data: [ 4.36134949e+02, 5.53746338e+02, 5.69675326e-01,
       5.97956482e+02, 5.62691345e+02, 5.39820671e-01, 5.83292358e+02,
       7.03910889e+02, 3.14703584e-01, 8.06932129e+02, 7.71647400e+02,
       4.71853256e-01, 0., 0., 0., 6.18521301e+02, 4.56721497e+02,
       4.81128275e-01, 7.89254822e+02, 4.39138214e+02, 7.63465047e-01,
       6.03893494e+02, 5.33255676e+02, 5.73359191e-01, 1.02183429e+03,
       5.68535950e+02, 2.68085212e-01, 1.00708282e+03, 6.56823486e+02,
       2.70675689e-01, 1.20427759e+03, 6.53922791e+02, 8.74829888e-02,
       1.79000500e+03, 6.62693542e+02, 8.45855102e-02, 1.01883264e+03,
       4.91996429e+02, 2.92719275e-01, 1.30731104e+03, 4.09569153e+02,
       2.33607009e-01, 1.43092188e+03, 3.62461090e+02, 2.85647184e-01,
       4.06707916e+02, 5.71409424e+02, 5.05504191e-01, 4.27208160e+02,
       5.27187134e+02, 6.48015797e-01, 4.50775269e+02, 5.95035461e+02,
       1.75549462e-01, 4.62626770e+02, 4.80143036e+02, 3.62939477e-01,
       1.52218530e+03, 4.09646851e+02, 1.78160340e-01, 0., 0., 0.,
       1.53975244e+03, 3.94893311e+02, 1.34619907e-01, 0., 0., 0., 0.,
       0., 0., 1.79877112e+03, 6.65677612e+02, 9.63880718e-02 ]
