%YAML:1.0
---
pose_0: !!opencv-matrix
   rows: 2
   cols: 25
   dt: "3f"
   data: [ 0., 0., 0., 7.12773010e+02, 5.92061890e+02, 1.23633943e-01,
       7.42192322e+02, 6.98059387e+02, 7.96411335e-02, 8.80485107e+02,
       7.98078552e+02, 3.59326452e-01, 1.06296350e+03, 9.30682800e+02,
       4.88177299e-01, 6.71577759e+02, 4.59720398e+02, 1.92140952e-01,
       8.51114929e+02, 3.80210846e+02, 2.37046808e-01, 0., 0., 0.,
       1.09243457e+03, 6.95131104e+02, 3.56897354e-01, 1.06008862e+03,
       7.65736267e+02, 3.10745209e-01, 1.34557971e+03, 8.62842590e+02,
       1.03293836e-01, 1.61345520e+03, 9.95254211e+02, 6.32817671e-02,
       1.12185986e+03, 6.24490845e+02, 2.93559283e-01, 1.39265820e+03,
       7.18739075e+02, 3.21596116e-01, 1.75468201e+03, 6.74564270e+02,
       1.82447910e-01, 0., 0., 0., 0., 0., 0., 0., 0., 0., 0., 0., 0.,
       1.81944153e+03, 6.24395691e+02, 2.51484364e-01, 1.81945007e+03,
       6.24389282e+02, 2.21849114e-01, 1.76058179e+03, 7.00981812e+02,
       1.38128981e-01, 0., 0., 0., 0., 0., 0., 1.63398389e+03,
       9.98201721e+02, 5.58561832e-02, 0., 0., 0., 0., 0., 0.,
       6.71557312e+02, 4.56696350e+02, 9.36402604e-02, 8.57072815e+02,
       3.77246887e+02, 3.70328605e-01, 9.95313354e+02, 2.80088593e+02,
       6.92179561e-01, 0., 0., 0., 0., 0., 0., 0., 0., 0., 0., 0., 0.,
       0., 0., 0., 0., 0., 0., 0., 0., 0., 0., 0., 0., 0., 0., 0., 0.,
       0., 0., 0., 0., 0., 0., 0., 0., 0., 0., 0., 0., 0., 0., 0., 0.,
       0., 0., 0., 0., 0., 0., 0., 0., 0., 0., 0., 0., 0., 0., 0., 0. ]
