%YAML:1.0
---
pose_0: !!opencv-matrix
   rows: 1
   cols: 25
   dt: "3f"
   data: [ 6.92101501e+02, 5.50889771e+02, 6.88781738e-01,
       7.45137024e+02, 4.74316071e+02, 4.40660685e-01, 7.36294739e+02,
       5.00790558e+02, 2.57154703e-01, 0., 0., 0., 0., 0., 0.,
       7.65749939e+02, 4.56665405e+02, 4.30414915e-01, 9.06952881e+02,
       4.09482452e+02, 8.28359187e-01, 1.02472070e+03, 5.36146606e+02,
       7.86463737e-01, 1.03358215e+03, 4.80224640e+02, 1.65837020e-01,
       1.03946838e+03, 5.09702179e+02, 1.03006132e-01, 0., 0., 0., 0.,
       0., 0., 1.08656470e+03, 4.41982605e+02, 1.88168198e-01,
       1.32200513e+03, 5.50817322e+02, 7.52577186e-01, 1.61046484e+03,
       4.36130066e+02, 4.01474983e-01, 6.77424622e+02, 5.50785706e+02,
       8.23433027e-02, 6.74545898e+02, 5.33199036e+02, 6.06989741e-01,
       0., 0., 0., 6.83329163e+02, 4.86129944e+02, 5.36562860e-01,
       1.65164575e+03, 5.18514893e+02, 1.43562108e-01, 1.66051611e+03,
       4.97884552e+02, 1.28061742e-01, 1.63698828e+03, 4.12568207e+02,
       2.70519018e-01, 0., 0., 0., 0., 0., 0., 0., 0., 0. ]
