%YAML:1.0
---
pose_0: !!opencv-matrix
   rows: 1
   cols: 25
   dt: "3f"
   data: [ 7.36367188e+02, 3.47830292e+02, 8.43084574e-01,
       8.36372009e+02, 3.65507904e+02, 7.62975276e-01, 8.36405151e+02,
       4.24358765e+02, 6.68901682e-01, 8.62949707e+02, 5.30279297e+02,
       8.36175740e-01, 7.39335205e+02, 5.42037964e+02, 8.21727931e-01,
       8.33426941e+02, 3.03675751e+02, 6.64983273e-01, 9.07133545e+02,
       2.56580811e+02, 7.89752245e-01, 9.03925781e+02, 2.91783600e+02,
       6.29150271e-02, 1.11298462e+03, 3.80184479e+02, 5.71404040e-01,
       1.10421790e+03, 4.27262085e+02, 5.66404045e-01, 1.33075500e+03,
       4.39086914e+02, 6.68572962e-01, 1.53986072e+03, 4.74378448e+02,
       6.28335416e-01, 1.11590808e+03, 3.21338531e+02, 5.51497102e-01,
       1.33966919e+03, 3.09503021e+02, 4.96098518e-01, 1.56330957e+03,
       2.88944183e+02, 5.47332048e-01, 7.21670471e+02, 3.65496307e+02,
       7.92872787e-01, 7.21653015e+02, 3.38907806e+02, 8.43055248e-01,
       7.39372070e+02, 3.91946930e+02, 5.45498908e-01, 7.45150574e+02,
       3.18308746e+02, 5.11028767e-01, 1.63996387e+03, 2.71324005e+02,
       3.01347822e-01, 1.63705200e+03, 2.71216583e+02, 3.78548056e-01,
       1.61045837e+03, 2.91822815e+02, 1.98328346e-01, 1.61035254e+03,
       4.80174835e+02, 4.98888433e-01, 1.59869849e+03, 4.86202332e+02,
       4.49755698e-01, 1.56636707e+03, 4.59595734e+02, 3.46596867e-01 ]
