%YAML:1.0
---
pose_0: !!opencv-matrix
   rows: 1
   cols: 25
   dt: "3f"
   data: [ 7.62655457e+02, 3.68469299e+02, 8.77840519e-01,
       8.59897461e+02, 3.59511871e+02, 6.81927621e-01, 8.57002441e+02,
       4.18417786e+02, 6.06895387e-01, 9.36468689e+02, 4.42049805e+02,
       3.50931406e-01, 1.01890381e+03, 4.71378448e+02, 6.05201781e-01,
       8.80396484e+02, 2.77196777e+02, 6.04291975e-01, 1.03940369e+03,
       2.47865143e+02, 7.46375024e-01, 9.74815308e+02, 2.50748077e+02,
       6.50396407e-01, 1.13950061e+03, 3.71361633e+02, 5.72031319e-01,
       1.13074329e+03, 4.18489471e+02, 5.84602356e-01, 1.35733618e+03,
       4.65487000e+02, 6.84138179e-01, 1.52809094e+03, 5.50812805e+02,
       5.57355523e-01, 1.13955786e+03, 3.18299530e+02, 5.36797762e-01,
       1.35732178e+03, 3.24293457e+02, 4.91816133e-01, 1.57805823e+03,
       3.18312744e+02, 6.31558120e-01, 7.42202881e+02, 3.83131409e+02,
       8.04061651e-01, 7.45171753e+02, 3.53661591e+02, 8.03525746e-01,
       7.62817444e+02, 3.91987122e+02, 1.42076030e-01, 7.65802551e+02,
       3.21343689e+02, 5.62715530e-01, 1.63707251e+03, 2.88856873e+02,
       4.90815580e-01, 1.63399438e+03, 2.85951660e+02, 5.40982366e-01,
       1.61039124e+03, 3.18426117e+02, 2.36385748e-01, 1.60743628e+03,
       5.92029785e+02, 4.60782111e-01, 1.58697754e+03, 5.97950134e+02,
       4.03666556e-01, 1.56046387e+03, 5.42079102e+02, 3.47904295e-01 ]
