%YAML:1.0
---
pose_0: !!opencv-matrix
   rows: 1
   cols: 25
   dt: "3f"
   data: [ 0., 0., 0., 9.33563171e+02, 5.15593994e+02, 3.58018517e-01,
       8.92326355e+02, 5.65609985e+02, 3.98994207e-01, 7.71595825e+02,
       5.24321106e+02, 4.66350019e-01, 8.86450745e+02, 4.80122040e+02,
       1.17047541e-01, 9.86488892e+02, 4.68476379e+02, 1.41094357e-01,
       0., 0., 0., 0., 0., 0., 1.14547498e+03, 5.59705872e+02,
       3.92644525e-01, 1.13662231e+03, 5.95014587e+02, 2.96943218e-01,
       1.38679395e+03, 5.03787079e+02, 7.98556268e-01, 1.63689661e+03,
       7.12818420e+02, 5.80144763e-01, 1.16016284e+03, 5.30325806e+02,
       3.49998951e-01, 1.38384241e+03, 4.89058319e+02, 2.34496936e-01,
       1.52213892e+03, 6.27444214e+02, 9.63707417e-02, 0., 0., 0., 0.,
       0., 0., 0., 0., 0., 0., 0., 0., 0., 0., 0., 0., 0., 0.,
       1.49568591e+03, 6.59839294e+02, 9.16081294e-02, 1.68108850e+03,
       7.18575806e+02, 2.98442304e-01, 1.66634412e+03, 7.33327332e+02,
       3.44340742e-01, 1.64286267e+03, 7.30402161e+02, 3.58407199e-01 ]
