%YAML:1.0
---
pose_0: !!opencv-matrix
   rows: 1
   cols: 25
   dt: "3f"
   data: [ 6.50945007e+02, 4.33127197e+02, 8.21808338e-01,
       7.89266968e+02, 4.80355225e+02, 7.67236710e-01, 7.74555420e+02,
       5.74446655e+02, 5.34088492e-01, 8.42275818e+02, 6.89181702e+02,
       3.76413316e-01, 8.59849915e+02, 6.92051025e+02, 5.22269189e-01,
       8.21650818e+02, 3.89049255e+02, 6.59680843e-01, 9.77726868e+02,
       3.83070770e+02, 5.40630937e-01, 1.06007764e+03, 3.65498810e+02,
       2.57905990e-01, 1.09239197e+03, 5.24314087e+02, 5.44831395e-01,
       1.08068494e+03, 5.74478210e+02, 5.45691252e-01, 1.30734961e+03,
       5.74325134e+02, 4.11365926e-01, 1.61341187e+03, 5.59737000e+02,
       3.10811877e-01, 1.09546045e+03, 4.59649048e+02, 4.86214221e-01,
       1.31027405e+03, 4.56718719e+02, 4.19306815e-01, 1.54273572e+03,
       4.83192474e+02, 2.93035358e-01, 6.36269897e+02, 4.53646606e+02,
       7.53149927e-01, 6.42100159e+02, 4.15490387e+02, 5.61210394e-01,
       6.48096252e+02, 4.80292023e+02, 7.80119419e-01, 0., 0., 0.,
       1.63697156e+03, 4.59665253e+02, 1.47255287e-01, 1.63687512e+03,
       4.56680908e+02, 1.89696014e-01, 1.56332556e+03, 4.94935455e+02,
       1.59475341e-01, 1.71645959e+03, 5.62635193e+02, 2.93807119e-01,
       1.70470874e+03, 5.74475525e+02, 2.60206759e-01, 0., 0., 0. ]
