%YAML:1.0
---
pose_0: !!opencv-matrix
   rows: 1
   cols: 25
   dt: "3f"
   data: [ 7.42188293e+02, 4.94931946e+02, 8.33301067e-01,
       8.48193970e+02, 5.00770905e+02, 6.85098410e-01, 8.51116821e+02,
       5.62623108e+02, 6.07019246e-01, 9.95303162e+02, 6.00879150e+02,
       7.25507975e-01, 1.11887378e+03, 6.51037659e+02, 8.03357005e-01,
       8.45194275e+02, 4.30217926e+02, 5.97735405e-01, 1.00132324e+03,
       3.88971344e+02, 8.16562057e-01, 1.14250061e+03, 3.62630402e+02,
       8.87143373e-01, 1.12189124e+03, 5.03804230e+02, 6.18146658e-01,
       1.11897229e+03, 5.50952209e+02, 6.39297068e-01, 1.33081274e+03,
       6.21469116e+02, 7.35912323e-01, 1.53986292e+03, 6.68685425e+02,
       6.39575124e-01, 1.12484924e+03, 4.53753815e+02, 5.67264199e-01,
       1.33388708e+03, 4.59526154e+02, 7.78836131e-01, 1.56629993e+03,
       4.71445343e+02, 6.89309716e-01, 7.30399414e+02, 5.06864197e+02,
       8.01502764e-01, 7.30460205e+02, 4.77323334e+02, 8.23126554e-01,
       7.42307495e+02, 5.30301880e+02, 4.63173598e-01, 7.53967712e+02,
       4.50848083e+02, 6.10965669e-01, 1.63704651e+03, 4.44930115e+02,
       3.55499357e-01, 1.63399207e+03, 4.41952332e+02, 3.91184181e-01,
       1.59279419e+03, 4.74358093e+02, 3.20464373e-01, 1.61635510e+03,
       6.65661316e+02, 2.88133562e-01, 1.61052393e+03, 6.80377991e+02,
       2.47979730e-01, 1.57221143e+03, 6.59784668e+02, 3.31863850e-01 ]
