%YAML:1.0
---
pose_0: !!opencv-matrix
   rows: 1
   cols: 25
   dt: "3f"
   data: [ 0., 0., 0., 9.27616760e+02, 4.65598907e+02, 1.86721921e-01,
       9.01122559e+02, 4.86095306e+02, 1.46838874e-01, 9.18775391e+02,
       4.83291931e+02, 7.46771157e-01, 9.18807556e+02, 3.97810486e+02,
       7.30189979e-01, 9.57066772e+02, 4.44991577e+02, 1.77402616e-01,
       1.03943140e+03, 4.27304810e+02, 6.54914528e-02, 1.03064111e+03,
       4.09607574e+02, 8.96781459e-02, 1.11008069e+03, 5.24357178e+02,
       5.36607146e-01, 1.09247058e+03, 5.50946228e+02, 4.47472632e-01,
       1.35731812e+03, 4.86192230e+02, 7.16285169e-01, 1.60753955e+03,
       6.59718262e+02, 5.65631747e-01, 1.12188623e+03, 4.89089874e+02,
       4.64240134e-01, 1.38675305e+03, 4.77317383e+02, 4.88665998e-01,
       1.56640649e+03, 5.06815643e+02, 4.85508323e-01, 0., 0., 0., 0.,
       0., 0., 0., 0., 0., 0., 0., 0., 1.69580994e+03, 5.39123718e+02,
       4.14779842e-01, 1.69577600e+03, 5.39094177e+02, 3.90846223e-01,
       1.58987000e+03, 5.15548828e+02, 2.59337425e-01, 1.66048938e+03,
       6.71538330e+02, 5.49082398e-01, 1.64282019e+03, 6.86203796e+02,
       5.33927858e-01, 1.61345154e+03, 6.74465454e+02, 3.57680649e-01 ]
