%YAML:1.0
---
pose_0: !!opencv-matrix
   rows: 1
   cols: 25
   dt: "3f"
   data: [ 7.65639893e+02, 5.09640198e+02, 8.61476541e-01,
       8.62859131e+02, 5.30295288e+02, 7.31649160e-01, 8.59843201e+02,
       6.12695190e+02, 7.14303553e-01, 9.95225586e+02, 6.45140869e+02,
       7.81978726e-01, 1.11610327e+03, 6.92194275e+02, 8.84262562e-01,
       8.71667847e+02, 4.56737854e+02, 5.17796099e-01, 9.57041260e+02,
       4.53720459e+02, 6.94009662e-02, 0., 0., 0., 1.12778296e+03,
       5.18505432e+02, 5.45223951e-01, 1.12483337e+03, 5.71396729e+02,
       5.77584088e-01, 1.32785962e+03, 6.18572083e+02, 7.61780620e-01,
       1.54865857e+03, 6.71656799e+02, 5.90199172e-01, 1.12776111e+03,
       4.59771149e+02, 5.38705051e-01, 1.32781897e+03, 4.59586914e+02,
       7.89981008e-01, 1.56924512e+03, 4.62656342e+02, 6.69514358e-01,
       7.42296265e+02, 5.27215698e+02, 8.03118646e-01, 7.54009705e+02,
       4.86235809e+02, 8.01591456e-01, 7.59770325e+02, 5.53881042e+02,
       4.61363316e-01, 7.83394897e+02, 4.65523010e+02, 5.25356293e-01,
       1.65170789e+03, 4.39005188e+02, 3.28082472e-01, 1.63994446e+03,
       4.36093536e+02, 3.62183154e-01, 1.61337292e+03, 4.74352051e+02,
       3.28587115e-01, 1.62811072e+03, 6.62670288e+02, 5.09981036e-01,
       1.61350586e+03, 6.71634521e+02, 4.41276759e-01, 1.57513745e+03,
       6.92183228e+02, 2.46552169e-01 ]
