%YAML:1.0
---
pose_0: !!opencv-matrix
   rows: 1
   cols: 25
   dt: "3f"
   data: [ 7.74602051e+02, 5.53882019e+02, 7.72656322e-01,
       8.65792908e+02, 5.74535706e+02, 6.60719931e-01, 8.60050659e+02,
       6.27468384e+02, 6.03850842e-01, 1.02171869e+03, 6.71537842e+02,
       7.18684793e-01, 9.77739502e+02, 7.30371216e+02, 7.67327547e-01,
       8.68764099e+02, 5.18542542e+02, 5.50697327e-01, 1.02189160e+03,
       4.74407074e+02, 4.61422592e-01, 1.04544678e+03, 4.36026123e+02,
       5.94146967e-01, 1.15719702e+03, 5.74347351e+02, 5.85481524e-01,
       1.15425916e+03, 6.18634583e+02, 5.98416805e-01, 1.33971387e+03,
       6.45137451e+02, 6.80513859e-01, 1.51923083e+03, 6.45020386e+02,
       6.48918748e-01, 1.16015308e+03, 5.24369568e+02, 5.84861994e-01,
       1.33676526e+03, 5.21398621e+02, 7.26165175e-01, 1.52804431e+03,
       4.59609863e+02, 6.38763726e-01, 7.62670593e+02, 5.68527527e+02,
       6.71894968e-01, 7.65851196e+02, 5.39130859e+02, 7.11265862e-01,
       7.80415466e+02, 5.98010620e+02, 5.22523999e-01, 7.95174377e+02,
       5.27316345e+02, 3.67644578e-01, 1.59866309e+03, 4.39081757e+02,
       3.22793663e-01, 1.58992224e+03, 4.36102966e+02, 3.67829144e-01,
       1.56044373e+03, 4.50757568e+02, 2.29184240e-01, 1.58401257e+03,
       6.65639526e+02, 2.96482533e-01, 1.58397473e+03, 6.65667419e+02,
       3.64224136e-01, 1.54861487e+03, 6.27411377e+02, 3.51043791e-01 ]
