%YAML:1.0
---
pose_0: !!opencv-matrix
   rows: 1
   cols: 25
   dt: "3f"
   data: [ 7.45114075e+02, 5.00761963e+02, 8.47717285e-01,
       8.48161499e+02, 5.27279419e+02, 7.40551651e-01, 8.36293762e+02,
       5.89128052e+02, 7.89576948e-01, 9.60019653e+02, 6.09804871e+02,
       6.91070139e-01, 1.09539929e+03, 6.24448120e+02, 8.36018980e-01,
       8.59856812e+02, 4.65591858e+02, 5.51542401e-01, 0., 0., 0., 0.,
       0., 0., 1.12482776e+03, 4.80249023e+02, 5.67328453e-01,
       1.12194714e+03, 5.30234314e+02, 5.85739732e-01, 1.34260339e+03,
       5.77433044e+02, 7.28046775e-01, 1.56037085e+03, 6.51051758e+02,
       6.06531084e-01, 1.12189709e+03, 4.30141571e+02, 5.45080066e-01,
       1.32795544e+03, 4.33039551e+02, 7.47181892e-01, 1.56641199e+03,
       4.39014374e+02, 6.56676888e-01, 7.30473328e+02, 5.09722321e+02,
       8.50122929e-01, 7.39265320e+02, 4.80285828e+02, 9.29195166e-01,
       7.39360535e+02, 5.47950256e+02, 6.85010672e-01, 7.62697449e+02,
       4.59755341e+02, 5.82848072e-01, 1.63693274e+03, 4.33149261e+02,
       4.40932959e-01, 1.63390527e+03, 4.27222198e+02, 4.66660678e-01,
       1.60746448e+03, 4.53729401e+02, 3.19114655e-01, 1.62518091e+03,
       6.80359253e+02, 4.13562715e-01, 0., 0., 0., 1.58982886e+03,
       6.45122375e+02, 3.61601472e-01 ]
