%YAML:1.0
---
pose_0: !!opencv-matrix
   rows: 1
   cols: 25
   dt: "3f"
   data: [ 0., 0., 0., 7.71654968e+02, 5.56768677e+02, 1.33074090e-01,
       0., 0., 0., 0., 0., 0., 0., 0., 0., 7.42169678e+02,
       4.80228394e+02, 8.91666040e-02, 8.77605652e+02, 3.68431366e+02,
       6.02439702e-01, 6.86263428e+02, 4.09569397e+02, 4.14190918e-01,
       1.06003870e+03, 5.65618286e+02, 4.17356580e-01, 1.04240747e+03,
       6.30346741e+02, 4.12324518e-01, 1.32797559e+03, 7.65678467e+02,
       5.41069210e-01, 1.58102930e+03, 8.33424500e+02, 4.59462702e-01,
       1.06887805e+03, 5.00816925e+02, 3.98413897e-01, 1.37498926e+03,
       5.12652893e+02, 3.85289341e-01, 1.71060461e+03, 5.33185974e+02,
       4.03646857e-01, 0., 0., 0., 0., 0., 0., 0., 0., 0.,
       6.59771423e+02, 5.45032410e+02, 5.37882335e-02, 1.82535400e+03,
       4.89122406e+02, 2.25223899e-01, 1.82244360e+03, 4.91986847e+02,
       2.25252941e-01, 1.73112537e+03, 5.62678223e+02, 1.66756988e-01,
       1.59571484e+03, 8.21659241e+02, 8.88319165e-02, 1.58689221e+03,
       8.39363953e+02, 1.13675475e-01, 1.60750684e+03, 8.30465454e+02,
       3.31665069e-01 ]
