%YAML:1.0
---
pose_0: !!opencv-matrix
   rows: 1
   cols: 25
   dt: "3f"
   data: [ 6.01059143e+02, 4.80244507e+02, 8.80747080e-01,
       7.45194092e+02, 5.06662506e+02, 7.29825974e-01, 7.39354431e+02,
       5.97916931e+02, 6.72033548e-01, 8.83507568e+02, 6.71513794e+02,
       7.57893741e-01, 9.60024292e+02, 6.47962891e+02, 7.92075276e-01,
       7.56892822e+02, 4.24338898e+02, 5.46261191e-01, 9.09916077e+02,
       3.38983398e+02, 8.67274940e-01, 8.06947998e+02, 3.59507019e+02,
       8.43793452e-01, 1.05122668e+03, 5.09712067e+02, 5.29624999e-01,
       1.03948230e+03, 5.68505676e+02, 5.23675323e-01, 1.28084155e+03,
       5.68517212e+02, 2.25314081e-01, 1.61047839e+03, 5.50985779e+02,
       2.85693884e-01, 1.05121667e+03, 4.50809937e+02, 4.96084839e-01,
       1.29552112e+03, 4.59711517e+02, 3.53533000e-01, 1.52215881e+03,
       4.42024414e+02, 1.98370039e-01, 5.92031677e+02, 5.00742920e+02,
       8.09020162e-01, 5.97945557e+02, 4.56834625e+02, 9.21168208e-01,
       6.03913879e+02, 5.27409790e+02, 4.92494732e-01, 6.24379517e+02,
       4.36065735e+02, 5.99228323e-01, 0., 0., 0., 0., 0., 0.,
       1.54276331e+03, 4.36142334e+02, 1.47837058e-01, 1.72232349e+03,
       5.53918213e+02, 2.55233914e-01, 1.70759265e+03, 5.74354492e+02,
       2.07865030e-01, 1.61346790e+03, 5.50857971e+02, 1.87072366e-01 ]
