%YAML:1.0
---
pose_0: !!opencv-matrix
   rows: 1
   cols: 25
   dt: "3f"
   data: [ 7.59757080e+02, 4.36121979e+02, 8.71212840e-01,
       8.74621399e+02, 4.36225098e+02, 6.97687089e-01, 8.80639343e+02,
       5.18519043e+02, 7.05630720e-01, 1.00412555e+03, 5.50885803e+02,
       7.66309500e-01, 1.12192041e+03, 6.09712402e+02, 7.34602511e-01,
       8.71671631e+02, 3.65539703e+02, 5.87092757e-01, 1.01293665e+03,
       3.39014954e+02, 7.66180813e-01, 1.10124365e+03, 3.39085785e+02,
       7.50285506e-01, 1.12192480e+03, 4.53811340e+02, 5.96404731e-01,
       1.11889880e+03, 5.03650330e+02, 6.41156316e-01, 1.30433765e+03,
       5.36162537e+02, 6.73544228e-01, 1.51626050e+03, 5.71510986e+02,
       4.21578526e-01, 1.13360474e+03, 4.03722992e+02, 5.74935079e-01,
       1.33677222e+03, 4.09489136e+02, 4.48858678e-01, 1.54569189e+03,
       4.12616791e+02, 5.79102576e-01, 7.42114441e+02, 4.53715454e+02,
       7.47999370e-01, 7.42264709e+02, 4.15576202e+02, 8.16863596e-01,
       7.62739441e+02, 4.68515839e+02, 2.46679172e-01, 7.65828796e+02,
       3.89039642e+02, 5.97215116e-01, 1.61335962e+03, 3.91923584e+02,
       4.60391164e-01, 1.61045691e+03, 3.88982880e+02, 4.53054547e-01,
       1.57510791e+03, 4.30174561e+02, 2.50351548e-01, 1.56926526e+03,
       5.74428162e+02, 1.23705715e-01, 0., 0., 0., 1.55747070e+03,
       5.59743225e+02, 2.70536900e-01 ]
