%YAML:1.0
---
pose_0: !!opencv-matrix
   rows: 1
   cols: 25
   dt: "3f"
   data: [ 0., 0., 0., 0., 0., 0., 0., 0., 0., 0., 0., 0., 0., 0., 0.,
       0., 0., 0., 0., 0., 0., 0., 0., 0., 1.06008484e+03,
       5.30269409e+02, 1.18474215e-01, 1.08947839e+03, 6.06836914e+02,
       1.13867819e-01, 1.39563037e+03, 5.97970032e+02, 2.74937809e-01,
       1.56041809e+03, 6.15619446e+02, 9.24549401e-02, 1.05420972e+03,
       4.77291199e+02, 1.94999680e-01, 1.31907520e+03, 3.71367859e+02,
       7.98987448e-02, 1.61340027e+03, 2.47708221e+02, 1.07520089e-01,
       0., 0., 0., 0., 0., 0., 0., 0., 0., 0., 0., 0., 1.65761353e+03,
       2.21252914e+02, 5.88565767e-02, 1.66051721e+03, 2.24182388e+02,
       5.75017333e-02, 1.65161633e+03, 2.44764313e+02, 1.12041607e-01,
       0., 0., 0., 0., 0., 0., 1.57806628e+03, 5.97982422e+02,
       6.39159530e-02 ]
