%YAML:1.0
---
pose_0: !!opencv-matrix
   rows: 1
   cols: 25
   dt: "3f"
   data: [ 7.15718384e+02, 4.80342865e+02, 8.56365263e-01,
       8.33333862e+02, 5.03806396e+02, 7.36603737e-01, 8.33441833e+02,
       5.92089966e+02, 7.00889945e-01, 9.18801880e+02, 6.68684998e+02,
       6.02831304e-01, 9.71804504e+02, 6.59836060e+02, 4.82300550e-01,
       8.36350159e+02, 4.18432922e+02, 6.12147093e-01, 9.98345520e+02,
       4.09506195e+02, 8.42121005e-01, 8.83389282e+02, 4.12500732e+02,
       8.54708552e-01, 1.11593066e+03, 5.06839417e+02, 5.58118105e-01,
       1.11008850e+03, 5.53869263e+02, 5.86852849e-01, 1.30720032e+03,
       5.74544800e+02, 8.14546704e-01, 1.56043787e+03, 5.86260071e+02,
       5.78774333e-01, 1.11599072e+03, 4.56688538e+02, 5.51206827e-01,
       1.35452417e+03, 4.56768738e+02, 7.66346097e-01, 1.55158191e+03,
       4.77293823e+02, 5.86001933e-01, 7.01018921e+02, 5.00815308e+02,
       6.84144020e-01, 7.01017212e+02, 4.62620850e+02, 7.03297675e-01,
       7.18785645e+02, 5.24362915e+02, 5.16003370e-01, 7.30398071e+02,
       4.50765289e+02, 3.61848563e-01, 1.62811487e+03, 4.56619781e+02,
       4.67500716e-01, 1.62224023e+03, 4.53677734e+02, 4.85998809e-01,
       1.58397070e+03, 4.97878845e+02, 2.66170919e-01, 1.66046851e+03,
       5.95002625e+02, 3.40813279e-01, 1.65166357e+03, 6.03847351e+02,
       3.18321884e-01, 1.58989209e+03, 5.68565735e+02, 2.70983428e-01 ]
