%YAML:1.0
---
pose_0: !!opencv-matrix
   rows: 1
   cols: 25
   dt: "3f"
   data: [ 7.18633118e+02, 4.89103149e+02, 7.91907966e-01,
       7.86295959e+02, 4.39082306e+02, 4.47892904e-01, 7.83384033e+02,
       4.36202087e+02, 3.74197364e-01, 0., 0., 0., 0., 0., 0.,
       7.86199463e+02, 4.36006500e+02, 7.99119115e-01, 9.27657410e+02,
       4.83105865e+02, 8.64517093e-01, 8.65775574e+02, 5.53919495e+02,
       7.47980058e-01, 1.11891638e+03, 4.12605835e+02, 4.21987772e-01,
       1.10718384e+03, 4.36127411e+02, 2.73028851e-01, 1.33375562e+03,
       4.36017151e+02, 6.64561808e-01, 1.54273218e+03, 3.89110504e+02,
       5.15838683e-01, 1.12484167e+03, 3.89001434e+02, 3.71219784e-01,
       1.34261584e+03, 4.80125092e+02, 6.95283949e-01, 1.62810913e+03,
       4.12488373e+02, 4.31848049e-01, 7.00975281e+02, 4.89036743e+02,
       2.39581212e-01, 7.15552307e+02, 4.77357758e+02, 7.83069491e-01,
       0., 0., 0., 7.18581604e+02, 4.33221161e+02, 6.98955894e-01,
       1.69289441e+03, 3.62465820e+02, 3.63034248e-01, 1.69581311e+03,
       3.62561005e+02, 2.94379592e-01, 1.66342456e+03, 4.30143494e+02,
       1.76239684e-01, 1.70162390e+03, 3.56603485e+02, 2.39912301e-01,
       1.70166882e+03, 3.65424835e+02, 1.69699818e-01, 1.57513196e+03,
       3.62584595e+02, 2.70426214e-01 ]
