%YAML:1.0
---
pose_0: !!opencv-matrix
   rows: 1
   cols: 25
   dt: "3f"
   data: [ 7.39248169e+02, 5.24301208e+02, 8.19026113e-01,
       8.30501099e+02, 5.03880859e+02, 7.17083752e-01, 8.30425049e+02,
       5.71428650e+02, 5.29285252e-01, 8.18732178e+02, 6.27483887e+02,
       1.98555246e-01, 7.89247925e+02, 6.45103455e+02, 1.73919797e-01,
       8.18717163e+02, 4.39076416e+02, 6.79319680e-01, 8.80479614e+02,
       4.77289764e+02, 7.69834697e-01, 8.80419983e+02, 6.09720886e+02,
       7.98163116e-01, 1.07191907e+03, 5.27294617e+02, 5.83948612e-01,
       1.07185425e+03, 5.71539856e+02, 5.85781336e-01, 1.27487585e+03,
       6.00880432e+02, 7.92025208e-01, 1.48978003e+03, 6.27507019e+02,
       6.38326705e-01, 1.07769519e+03, 4.80156708e+02, 5.96826494e-01,
       1.28969189e+03, 4.59606995e+02, 7.78146327e-01, 1.51034998e+03,
       4.27290924e+02, 6.13210320e-01, 7.21681030e+02, 5.36235901e+02,
       7.42287815e-01, 7.21687683e+02, 5.03902466e+02, 8.13446879e-01,
       7.45222168e+02, 5.56734131e+02, 2.52143651e-01, 7.42273682e+02,
       4.77252441e+02, 5.29097319e-01, 1.60452100e+03, 4.12547699e+02,
       4.78415012e-01, 1.59575183e+03, 4.03711792e+02, 4.60857064e-01,
       1.53978357e+03, 4.24347473e+02, 1.93839908e-01, 1.58397925e+03,
       6.59808044e+02, 5.48127353e-01, 1.56923547e+03, 6.65616882e+02,
       5.56386769e-01, 1.51628296e+03, 6.12729797e+02, 3.45527232e-01 ]
