%YAML:1.0
---
pose_0: !!opencv-matrix
   rows: 1
   cols: 25
   dt: "3f"
   data: [ 0., 0., 0., 6.80352783e+02, 5.56779419e+02, 4.56387341e-01,
       6.89219177e+02, 6.33310303e+02, 2.74595201e-01, 7.36264343e+02,
       7.42295654e+02, 7.36368299e-01, 6.36224792e+02, 6.65649414e+02,
       6.94481969e-01, 6.86276550e+02, 4.53780182e+02, 3.75580668e-01,
       7.42184875e+02, 4.71432861e+02, 7.22809434e-01, 5.42055298e+02,
       5.59763733e+02, 6.81508899e-01, 1.03946008e+03, 6.00941345e+02,
       4.04549867e-01, 1.03357434e+03, 6.71545349e+02, 4.22906816e-01,
       1.24845581e+03, 7.21570190e+02, 1.75213411e-01, 1.38676001e+03,
       7.27468628e+02, 5.91968708e-02, 1.03947034e+03, 5.27397278e+02,
       3.61922026e-01, 1.29552600e+03, 5.95040833e+02, 2.52768517e-01,
       1.39851648e+03, 6.21451416e+02, 1.89063624e-01, 0., 0., 0., 0.,
       0., 0., 0., 0., 0., 5.74405762e+02, 5.80301392e+02,
       9.31607932e-02, 0., 0., 0., 0., 0., 0., 1.41910327e+03,
       6.42031494e+02, 1.12092540e-01, 0., 0., 0., 0., 0., 0., 0., 0.,
       0. ]
