%YAML:1.0
---
pose_0: !!opencv-matrix
   rows: 1
   cols: 25
   dt: "3f"
   data: [ 7.36267212e+02, 3.65571198e+02, 8.37596595e-01,
       8.51115173e+02, 3.47804138e+02, 6.56208754e-01, 8.54074341e+02,
       4.24306793e+02, 4.50178325e-01, 9.74785950e+02, 4.83319489e+02,
       7.87413359e-01, 9.24572266e+02, 4.59583496e+02, 7.27997005e-01,
       8.36436951e+02, 2.71308105e+02, 6.63820088e-01, 9.51010864e+02,
       2.74190796e+02, 8.16305995e-01, 8.60014587e+02, 3.97817413e+02,
       7.86152005e-01, 1.12187903e+03, 3.68407471e+02, 6.07084632e-01,
       1.11306580e+03, 4.15440887e+02, 6.38587773e-01, 1.30434058e+03,
       4.44928070e+02, 6.90416396e-01, 1.54274597e+03, 5.00795532e+02,
       5.34196258e-01, 1.13361926e+03, 3.15447327e+02, 5.48567533e-01,
       1.35141125e+03, 3.09551208e+02, 6.28075957e-01, 1.57808154e+03,
       2.94860626e+02, 6.33218050e-01, 7.15761536e+02, 3.83070190e+02,
       8.21417987e-01, 7.18638184e+02, 3.44888062e+02, 8.15176189e-01,
       7.39273193e+02, 3.89213989e+02, 8.16151500e-02, 7.36304871e+02,
       3.12449951e+02, 6.11013889e-01, 1.64874048e+03, 2.68247986e+02,
       4.94919509e-01, 1.63987012e+03, 2.62479645e+02, 5.33626556e-01,
       1.60746375e+03, 3.06580627e+02, 2.84104735e-01, 1.60455249e+03,
       4.92052338e+02, 1.81570008e-01, 1.58982739e+03, 5.24422974e+02,
       1.94160596e-01, 1.58396338e+03, 4.83283081e+02, 2.96739697e-01 ]
