%YAML:1.0
---
pose_0: !!opencv-matrix
   rows: 1
   cols: 25
   dt: "3f"
   data: [ 7.15645142e+02, 4.97929504e+02, 8.20076704e-01,
       8.09954468e+02, 4.56704437e+02, 5.64355135e-01, 8.01099609e+02,
       4.56761688e+02, 3.63737643e-01, 9.62909241e+02, 5.18542114e+02,
       1.18124612e-01, 9.33546387e+02, 6.03897522e+02, 1.37571886e-01,
       8.15807251e+02, 4.56613800e+02, 7.52080560e-01, 9.51179443e+02,
       5.06861633e+02, 8.14196050e-01, 9.15852966e+02, 6.27372803e+02,
       4.91882294e-01, 1.11010559e+03, 4.30234131e+02, 2.82891393e-01,
       1.11011511e+03, 4.33149384e+02, 1.71010867e-01, 1.32792676e+03,
       4.71397522e+02, 5.98939538e-01, 1.55161389e+03, 4.03677307e+02,
       4.60269272e-01, 1.11891248e+03, 4.18447021e+02, 2.68732011e-01,
       1.33669543e+03, 5.21457947e+02, 7.36865878e-01, 1.62814795e+03,
       4.15522308e+02, 4.26361799e-01, 6.98061035e+02, 4.89129425e+02,
       2.62685090e-01, 7.12665039e+02, 4.80159088e+02, 7.13017821e-01,
       0., 0., 0., 7.36329712e+02, 4.41983368e+02, 5.99000335e-01,
       1.68701440e+03, 3.62454041e+02, 1.66554958e-01, 1.68413831e+03,
       3.65438416e+02, 1.59952015e-01, 1.67516858e+03, 4.21373260e+02,
       1.58837900e-01, 1.67810828e+03, 3.62449158e+02, 1.56784415e-01,
       1.67521838e+03, 3.62609436e+02, 9.08254534e-02, 1.58394482e+03,
       3.65483459e+02, 2.53152728e-01 ]
