%YAML:1.0
---
pose_0: !!opencv-matrix
   rows: 1
   cols: 25
   dt: "3f"
   data: [ 8.62868530e+02, 2.06526428e+02, 8.73298123e-02,
       9.04032715e+02, 2.65416962e+02, 1.35587484e-01, 8.80490112e+02,
       3.15452148e+02, 1.32431522e-01, 0., 0., 0., 0., 0., 0.,
       9.24665039e+02, 2.00639343e+02, 9.66600329e-02, 9.80578003e+02,
       2.12436401e+02, 1.11036368e-01, 0., 0., 0., 1.07480981e+03,
       2.56559967e+02, 2.45946765e-01, 1.08069604e+03, 3.24258392e+02,
       2.72188365e-01, 1.28666321e+03, 3.15430054e+02, 4.77195293e-01,
       1.32791614e+03, 2.94807373e+02, 1.17809623e-01, 1.07771558e+03,
       2.18295471e+02, 2.91074097e-01, 1.34259509e+03, 1.74126709e+02,
       6.86168194e-01, 1.56336011e+03, 1.29969070e+02, 4.95024979e-01,
       8.24599426e+02, 2.03572769e+02, 5.77547103e-02, 8.57004150e+02,
       1.83009903e+02, 6.15355708e-02, 0., 0., 0., 0., 0., 0.,
       1.66059534e+03, 1.09480194e+02, 2.05280915e-01, 1.66056116e+03,
       1.09393036e+02, 2.10959867e-01, 1.57807117e+03, 1.12359200e+02,
       2.07095221e-01, 0., 0., 0., 0., 0., 0., 0., 0., 0. ]
