%YAML:1.0
---
pose_0: !!opencv-matrix
   rows: 1
   cols: 25
   dt: "3f"
   data: [ 6.62702759e+02, 4.33100708e+02, 8.42532635e-01,
       7.86252441e+02, 4.80311920e+02, 7.31444061e-01, 7.74568726e+02,
       5.77482422e+02, 5.77439129e-01, 8.62907410e+02, 6.95193359e+02,
       7.12709248e-01, 9.27587402e+02, 6.65695190e+02, 3.13572019e-01,
       8.12797424e+02, 3.91978455e+02, 7.03265786e-01, 9.57026428e+02,
       3.86017303e+02, 6.59190536e-01, 1.02481702e+03, 3.85977203e+02,
       2.67297029e-01, 1.08363831e+03, 5.24322815e+02, 5.02992928e-01,
       1.07479004e+03, 5.74446228e+02, 5.23841441e-01, 1.32201367e+03,
       5.56743652e+02, 4.68178421e-01, 1.58986304e+03, 5.56750000e+02,
       2.56964087e-01, 1.08948816e+03, 4.56729492e+02, 4.38502729e-01,
       1.33081567e+03, 4.42020599e+02, 4.01569664e-01, 1.52214185e+03,
       4.59725464e+02, 3.25648487e-01, 6.45012024e+02, 4.47851410e+02,
       8.28193307e-01, 6.48050720e+02, 4.15571655e+02, 6.91586077e-01,
       6.56806213e+02, 4.80215363e+02, 7.46205986e-01, 0., 0., 0.,
       1.62219946e+03, 4.56701233e+02, 2.12560117e-01, 1.62223157e+03,
       4.47903778e+02, 2.10742533e-01, 1.53687622e+03, 4.56682068e+02,
       1.82393223e-01, 0., 0., 0., 0., 0., 0., 1.59575818e+03,
       5.53835693e+02, 2.13699967e-01 ]
