%YAML:1.0
---
pose_0: !!opencv-matrix
   rows: 1
   cols: 25
   dt: "3f"
   data: [ 6.65619446e+02, 5.62697021e+02, 7.76720703e-01,
       7.86319580e+02, 5.74411011e+02, 6.44789934e-01, 7.65801758e+02,
       6.53864014e+02, 7.47608423e-01, 8.80572754e+02, 6.36198486e+02,
       7.78765559e-01, 9.89439148e+02, 5.50878601e+02, 6.96516156e-01,
       7.92273499e+02, 5.03747009e+02, 3.78851920e-01, 9.42350769e+02,
       5.06754486e+02, 1.16979562e-01, 0., 0., 0., 1.09831421e+03,
       5.92121887e+02, 4.33236897e-01, 1.09535583e+03, 6.47962708e+02,
       4.05903548e-01, 1.31025110e+03, 6.80387939e+02, 1.75463811e-01,
       0., 0., 0., 1.09534998e+03, 5.27340027e+02, 4.01253343e-01,
       1.30734485e+03, 5.15575989e+02, 3.60621870e-01, 1.52804883e+03,
       4.56707458e+02, 4.82195318e-01, 6.45102478e+02, 5.77351868e+02,
       8.29946458e-01, 6.47990662e+02, 5.42072327e+02, 7.88810968e-01,
       6.68624512e+02, 5.98033020e+02, 3.64963859e-01, 6.71558960e+02,
       5.09676544e+02, 6.20366633e-01, 1.61642090e+03, 4.15554169e+02,
       1.01290695e-01, 1.61346899e+03, 4.21359009e+02, 1.24630891e-01,
       1.56335901e+03, 4.44949432e+02, 2.11855233e-01, 0., 0., 0., 0.,
       0., 0., 0., 0., 0. ]
