%YAML:1.0
---
pose_0: !!opencv-matrix
   rows: 1
   cols: 25
   dt: "3f"
   data: [ 6.86298279e+02, 5.06616302e+02, 8.00364256e-01,
       8.09800171e+02, 4.56692078e+02, 7.59544790e-01, 8.06921692e+02,
       5.50895325e+02, 7.21084356e-01, 9.51155762e+02, 6.21552002e+02,
       7.08282888e-01, 9.42360046e+02, 5.97888855e+02, 3.17893595e-01,
       8.12874573e+02, 3.65503662e+02, 6.75645113e-01, 9.42352600e+02,
       3.12486908e+02, 5.15600264e-01, 9.77706116e+02, 2.74281097e+02,
       3.94277036e-01, 1.09541052e+03, 5.03684418e+02, 5.67994475e-01,
       1.08652185e+03, 5.53757080e+02, 5.75147390e-01, 1.32798621e+03,
       6.12690369e+02, 5.93347847e-01, 1.54569897e+03, 6.03954163e+02,
       5.95717549e-01, 1.10128992e+03, 4.38997711e+02, 4.97128636e-01,
       1.34844873e+03, 4.56633972e+02, 5.97834706e-01, 1.59870044e+03,
       4.56602081e+02, 5.77598333e-01, 6.68732300e+02, 5.06865723e+02,
       4.71137971e-01, 6.71635742e+02, 4.83349457e+02, 7.56056190e-01,
       0., 0., 0., 6.89176575e+02, 4.39100067e+02, 5.01325250e-01,
       1.66930408e+03, 4.27307098e+02, 5.10097027e-01, 1.66345618e+03,
       4.27215302e+02, 5.07459700e-01, 1.63404675e+03, 4.71382843e+02,
       2.53120154e-01, 1.66635059e+03, 6.15619080e+02, 2.17708558e-01,
       0., 0., 0., 1.58397339e+03, 5.97974060e+02, 2.36878648e-01 ]
