%YAML:1.0
---
pose_0: !!opencv-matrix
   rows: 1
   cols: 25
   dt: "3f"
   data: [ 7.03962830e+02, 5.30356445e+02, 7.96397626e-01,
       8.12775696e+02, 5.27435059e+02, 7.79985011e-01, 8.18768433e+02,
       6.00878418e+02, 5.41911185e-01, 9.36508179e+02, 6.48067871e+02,
       7.14084625e-01, 1.02466589e+03, 7.03971863e+02, 7.81805694e-01,
       8.12848083e+02, 4.50808807e+02, 6.66278660e-01, 8.80483948e+02,
       3.21378082e+02, 7.56538510e-01, 7.89424133e+02, 2.44790009e+02,
       7.61615396e-01, 1.05716943e+03, 5.42078674e+02, 5.88315606e-01,
       1.05416479e+03, 5.83311157e+02, 5.82369149e-01, 1.27198181e+03,
       6.21378662e+02, 6.49734259e-01, 1.44856836e+03, 6.48136719e+02,
       4.80241507e-01, 1.06590173e+03, 4.89144257e+02, 5.67217708e-01,
       1.28378040e+03, 4.65523315e+02, 4.58644032e-01, 1.47802661e+03,
       4.44939545e+02, 2.05356181e-01, 6.86304138e+02, 5.47873718e+02,
       7.06454039e-01, 6.92213623e+02, 5.09626282e+02, 8.49403322e-01,
       7.12783875e+02, 5.59769165e+02, 1.81471884e-01, 7.18760925e+02,
       4.80342743e+02, 6.66333437e-01, 1.58097302e+03, 4.18486847e+02,
       1.59768239e-01, 1.57810938e+03, 4.15538940e+02, 1.77501574e-01,
       1.53983130e+03, 4.41964325e+02, 1.76446125e-01, 1.56329053e+03,
       6.48032227e+02, 1.72341883e-01, 1.55453442e+03, 6.62708069e+02,
       1.57992303e-01, 1.49274841e+03, 6.53928650e+02, 3.02095354e-01 ]
