%YAML:1.0
---
pose_0: !!opencv-matrix
   rows: 1
   cols: 25
   dt: "3f"
   data: [ 5.77362976e+02, 6.06812561e+02, 2.76920468e-01,
       6.95175964e+02, 5.18535339e+02, 3.61057281e-01, 6.98037903e+02,
       6.21553162e+02, 1.95055872e-01, 8.83454834e+02, 6.68540955e+02,
       7.18681574e-01, 7.15692139e+02, 5.74319031e+02, 7.60467887e-01,
       6.92083740e+02, 4.27256927e+02, 3.97205263e-01, 9.03932129e+02,
       3.65498474e+02, 8.23548973e-01, 7.65663452e+02, 3.83090485e+02,
       6.71602845e-01, 1.06887219e+03, 5.65625427e+02, 4.27138865e-01,
       1.05125342e+03, 6.36261169e+02, 4.47165608e-01, 1.33965259e+03,
       7.86408386e+02, 3.20706069e-01, 1.42506531e+03, 8.27548157e+02,
       1.38832554e-01, 1.08361426e+03, 5.00766083e+02, 3.76366466e-01,
       1.39852100e+03, 5.24413940e+02, 4.37362283e-01, 1.72232751e+03,
       5.33208435e+02, 3.20941925e-01, 5.56779419e+02, 6.15587341e+02,
       2.38079533e-01, 5.53882874e+02, 5.97975586e+02, 2.67464340e-01,
       0., 0., 0., 5.53838440e+02, 5.39145264e+02, 2.58829415e-01,
       1.81943286e+03, 5.00839874e+02, 9.20505598e-02, 1.81940710e+03,
       5.03816101e+02, 1.06664971e-01, 1.71938098e+03, 5.50945251e+02,
       1.73119783e-01, 0., 0., 0., 0., 0., 0., 1.51625549e+03,
       8.48136658e+02, 6.35391176e-02 ]
