%YAML:1.0
---
pose_0: !!opencv-matrix
   rows: 1
   cols: 25
   dt: "3f"
   data: [ 7.42116394e+02, 5.06849335e+02, 9.10324275e-01,
       8.56984619e+02, 5.21494751e+02, 7.38067091e-01, 8.59895752e+02,
       6.12741028e+02, 6.81940496e-01, 9.95317993e+02, 6.39170227e+02,
       3.36499661e-01, 1.05713306e+03, 6.44956726e+02, 2.68757164e-01,
       8.62951599e+02, 4.33218689e+02, 6.77537322e-01, 9.74822388e+02,
       3.83153717e+02, 8.35479021e-01, 9.03953003e+02, 4.50871460e+02,
       8.29138577e-01, 1.12189954e+03, 5.12616760e+02, 5.05577981e-01,
       1.11894043e+03, 5.59742981e+02, 6.00571752e-01, 1.31320728e+03,
       5.68593201e+02, 5.49603045e-01, 1.56330957e+03, 5.95085388e+02,
       5.15962958e-01, 1.11892175e+03, 4.56784607e+02, 5.19374490e-01,
       1.34261609e+03, 4.56776520e+02, 5.35424769e-01, 1.53988843e+03,
       4.77282196e+02, 5.79638958e-01, 7.24508484e+02, 5.24369385e+02,
       7.94183314e-01, 7.36296631e+02, 4.86152130e+02, 8.50219488e-01,
       7.39373596e+02, 5.47913269e+02, 5.68264365e-01, 7.62783875e+02,
       4.62543823e+02, 6.21894956e-01, 1.61052380e+03, 4.56606537e+02,
       4.43930000e-01, 1.60742175e+03, 4.50852753e+02, 4.75110173e-01,
       1.56632581e+03, 4.83141815e+02, 2.90581673e-01, 1.65759106e+03,
       5.86193054e+02, 4.91880774e-01, 1.64286682e+03, 6.00900452e+02,
       3.94236475e-01, 1.58104871e+03, 5.89167358e+02, 2.70633161e-01 ]
