%YAML:1.0
---
pose_0: !!opencv-matrix
   rows: 1
   cols: 25
   dt: "3f"
   data: [ 7.53964294e+02, 5.27236572e+02, 7.76673555e-01,
       8.33302612e+02, 4.50789948e+02, 5.46823144e-01, 8.21708374e+02,
       4.39054626e+02, 4.01462942e-01, 9.62970459e+02, 5.27369934e+02,
       1.02914825e-01, 8.83452332e+02, 5.56776672e+02, 1.51268899e-01,
       8.36272217e+02, 4.59592255e+02, 7.87879229e-01, 9.65901550e+02,
       5.27356567e+02, 8.25935006e-01, 8.57022888e+02, 5.77403625e+02,
       8.37886035e-01, 1.12186621e+03, 4.21352997e+02, 4.02450711e-01,
       1.13654761e+03, 3.89042175e+02, 4.00004864e-01, 1.34851147e+03,
       4.83117126e+02, 5.25804102e-01, 1.55748743e+03, 3.97829041e+02,
       5.13851821e-01, 1.11303015e+03, 4.53712677e+02, 3.14505965e-01,
       1.35150293e+03, 4.97939453e+02, 6.09325528e-01, 1.62515735e+03,
       4.24320953e+02, 4.30528343e-01, 0., 0., 0., 7.42105042e+02,
       5.06756287e+02, 8.28245640e-01, 0., 0., 0., 7.53981445e+02,
       4.62602448e+02, 6.58247054e-01, 1.68399548e+03, 3.68453217e+02,
       3.18675399e-01, 1.68113940e+03, 3.71396851e+02, 2.73230851e-01,
       1.64579272e+03, 4.53736206e+02, 1.86861560e-01, 0., 0., 0., 0.,
       0., 0., 1.57516260e+03, 3.65545563e+02, 2.26664916e-01 ]
