%YAML:1.0
---
pose_0: !!opencv-matrix
   rows: 2
   cols: 25
   dt: "3f"
   data: [ 0., 0., 0., 8.59928040e+02, 4.80164764e+02, 3.38787585e-01,
       9.21734924e+02, 4.59560303e+02, 1.68462306e-01, 0., 0., 0., 0.,
       0., 0., 8.30517395e+02, 4.89095306e+02, 5.62291503e-01,
       9.62994080e+02, 5.00788330e+02, 5.89189887e-01, 1.15714917e+03,
       4.59550354e+02, 3.40771288e-01, 1.13950684e+03, 5.42081970e+02,
       3.32873285e-01, 1.13069165e+03, 5.71466125e+02, 3.50317925e-01,
       1.36323206e+03, 4.65556152e+02, 6.97930038e-01, 1.60459399e+03,
       6.56796997e+02, 5.28475285e-01, 1.16014063e+03, 5.03795929e+02,
       1.93892658e-01, 1.37502722e+03, 4.36189972e+02, 4.76427734e-01,
       1.56630566e+03, 5.06865967e+02, 5.48739374e-01, 0., 0., 0., 0.,
       0., 0., 0., 0., 0., 7.65683044e+02, 5.15520691e+02,
       1.64010629e-01, 1.63108594e+03, 4.65511505e+02, 2.06730634e-01,
       1.62223462e+03, 4.65509766e+02, 2.08997890e-01, 1.57809644e+03,
       5.30246826e+02, 2.86459357e-01, 1.66060107e+03, 6.65703125e+02,
       3.50196451e-01, 1.64577942e+03, 6.77421509e+02, 3.83201241e-01,
       1.61340881e+03, 6.83360840e+02, 4.02382940e-01, 0., 0., 0., 0.,
       0., 0., 8.36442383e+02, 4.77317108e+02, 3.09278488e-01,
       9.77591064e+02, 5.03771637e+02, 2.53099024e-01, 1.15719116e+03,
       4.59581207e+02, 2.54185140e-01, 0., 0., 0., 0., 0., 0., 0., 0.,
       0., 0., 0., 0., 0., 0., 0., 0., 0., 0., 0., 0., 0., 0., 0., 0.,
       0., 0., 0., 0., 0., 0., 0., 0., 0., 0., 0., 0., 7.83429016e+02,
       4.39080902e+02, 1.02299303e-01, 0., 0., 0., 0., 0., 0., 0., 0.,
       0., 0., 0., 0., 0., 0., 0., 0., 0., 0., 0., 0., 0. ]
