%YAML:1.0
---
pose_0: !!opencv-matrix
   rows: 1
   cols: 25
   dt: "3f"
   data: [ 6.95174316e+02, 4.89117432e+02, 8.68254006e-01,
       8.18785706e+02, 4.83224792e+02, 7.31757462e-01, 8.33399658e+02,
       5.68484680e+02, 6.22492552e-01, 9.33610291e+02, 6.71549866e+02,
       8.14796567e-01, 1.01882422e+03, 8.09818787e+02, 8.17780495e-01,
       8.15777832e+02, 4.03711578e+02, 6.41286135e-01, 8.86409851e+02,
       3.12474426e+02, 7.17241764e-01, 9.30721130e+02, 1.62379044e+02,
       7.16975451e-01, 1.08953210e+03, 4.68484009e+02, 4.84184384e-01,
       1.09537524e+03, 5.24323853e+02, 5.14091134e-01, 1.34556494e+03,
       5.33309082e+02, 2.49100894e-01, 1.60748853e+03, 4.12654022e+02,
       2.11296856e-01, 1.08950488e+03, 4.12478180e+02, 4.42161024e-01,
       1.35151990e+03, 4.50796875e+02, 3.90602797e-01, 1.60459509e+03,
       4.24349182e+02, 3.61688495e-01, 6.77405457e+02, 5.03802246e+02,
       8.26375782e-01, 6.92004639e+02, 4.65590271e+02, 8.59894872e-01,
       6.95077576e+02, 5.27217957e+02, 2.21983328e-01, 7.15802185e+02,
       4.36094482e+02, 6.34235620e-01, 0., 0., 0., 0., 0., 0.,
       1.65163269e+03, 4.80244781e+02, 1.91107929e-01, 1.67813904e+03,
       3.83112762e+02, 2.43819177e-01, 1.66929346e+03, 3.89055054e+02,
       1.37746558e-01, 1.67808167e+03, 4.12523865e+02, 8.69174451e-02 ]
