%YAML:1.0
---
pose_0: !!opencv-matrix
   rows: 1
   cols: 25
   dt: "3f"
   data: [ 7.21656433e+02, 5.30270020e+02, 8.34000409e-01,
       8.12764465e+02, 5.36200623e+02, 7.43667305e-01, 8.09885254e+02,
       6.03906494e+02, 5.56056857e-01, 9.39442200e+02, 6.53929810e+02,
       6.55737579e-01, 1.03650452e+03, 7.15811218e+02, 7.98802733e-01,
       8.21649170e+02, 4.59704803e+02, 5.75955451e-01, 9.09997131e+02,
       3.42033844e+02, 5.95951736e-01, 8.62937500e+02, 2.68216278e+02,
       6.33711457e-01, 1.07777222e+03, 5.47961548e+02, 6.00686193e-01,
       1.07478955e+03, 5.94967163e+02, 5.88424802e-01, 1.26019873e+03,
       6.21623779e+02, 6.69850051e-01, 1.45151807e+03, 6.68536621e+02,
       5.19355178e-01, 1.08654968e+03, 4.97891602e+02, 5.63876510e-01,
       1.30438940e+03, 4.80147339e+02, 5.37004650e-01, 1.53390955e+03,
       4.56780029e+02, 4.21416521e-01, 7.12776001e+02, 5.44998657e+02,
       6.78132415e-01, 7.15670593e+02, 5.09716339e+02, 7.99051166e-01,
       7.27514832e+02, 5.71413757e+02, 3.33946556e-01, 7.39240417e+02,
       4.89139984e+02, 6.04627669e-01, 1.61328394e+03, 4.44956635e+02,
       4.47738230e-01, 1.61042664e+03, 4.36154053e+02, 4.44985330e-01,
       1.54865222e+03, 4.53755249e+02, 2.17428654e-01, 1.57219995e+03,
       6.77409851e+02, 3.40554535e-01, 1.56331628e+03, 6.86239136e+02,
       3.35675210e-01, 1.49276587e+03, 6.65634766e+02, 2.37185299e-01 ]
