%YAML:1.0
---
pose_0: !!opencv-matrix
   rows: 1
   cols: 25
   dt: "3f"
   data: [ 6.68533081e+02, 4.30227112e+02, 8.23674977e-01,
       8.06938965e+02, 4.36126434e+02, 7.09280431e-01, 7.89294189e+02,
       5.30266418e+02, 6.73885763e-01, 8.89338379e+02, 6.24615173e+02,
       7.54187167e-01, 9.45275024e+02, 5.98060974e+02, 6.38633370e-01,
       8.27581421e+02, 3.50778290e+02, 6.13844573e-01, 9.92395508e+02,
       3.41854950e+02, 8.42909813e-01, 9.07090698e+02, 3.36003082e+02,
       7.73630738e-01, 1.10713147e+03, 4.62605499e+02, 5.41792572e-01,
       1.09832104e+03, 5.12670837e+02, 5.60655773e-01, 1.33089551e+03,
       5.06818878e+02, 7.47008502e-01, 1.60454724e+03, 5.53726868e+02,
       6.02179646e-01, 1.11010583e+03, 4.09574829e+02, 5.14799356e-01,
       1.37209045e+03, 4.06662323e+02, 4.03250456e-01, 1.56336047e+03,
       4.09550201e+02, 5.07263303e-01, 6.53856628e+02, 4.50814880e+02,
       7.06572175e-01, 6.50950867e+02, 4.09737427e+02, 8.12469184e-01,
       6.71546692e+02, 4.74396851e+02, 3.71007800e-01, 6.83285217e+02,
       3.85958923e+02, 5.37896276e-01, 1.65457556e+03, 3.80170410e+02,
       4.76671427e-01, 1.64867749e+03, 3.77223297e+02, 4.95317817e-01,
       1.57516943e+03, 4.12581268e+02, 1.74114585e-01, 1.71641296e+03,
       5.47945068e+02, 3.23793888e-01, 1.70753162e+03, 5.56817993e+02,
       2.85738856e-01, 1.63402905e+03, 5.44985718e+02, 3.10721487e-01 ]
