%YAML:1.0
---
pose_0: !!opencv-matrix
   rows: 1
   cols: 25
   dt: "3f"
   data: [ 7.80465454e+02, 4.68427948e+02, 2.11721763e-01,
       8.89414001e+02, 4.56598450e+02, 6.93891287e-01, 9.04057251e+02,
       5.27293701e+02, 5.03770173e-01, 1.04532568e+03, 5.74548279e+02,
       8.41475487e-01, 9.95250549e+02, 5.44950989e+02, 4.86570746e-01,
       8.83514771e+02, 3.86064972e+02, 7.44693637e-01, 9.80659790e+02,
       3.33093384e+02, 7.82144487e-01, 1.03943933e+03, 3.44905090e+02,
       7.99227118e-01, 1.16896082e+03, 4.86137146e+02, 6.02612436e-01,
       1.16304126e+03, 5.33196228e+02, 6.05823934e-01, 1.35147925e+03,
       5.47929138e+02, 3.47523868e-01, 1.49870703e+03, 5.47940552e+02,
       3.74382079e-01, 1.18070325e+03, 4.35999786e+02, 6.09271169e-01,
       1.35741345e+03, 4.62587921e+02, 6.69312358e-01, 1.55454541e+03,
       4.59790680e+02, 5.78941345e-01, 7.68781372e+02, 4.62589417e+02,
       2.62998104e-01, 7.65817749e+02, 4.59538025e+02, 3.45732152e-01,
       7.80398132e+02, 4.83107758e+02, 1.12366691e-01, 7.80394958e+02,
       4.41945679e+02, 6.36390388e-01, 1.61333557e+03, 4.36200439e+02,
       4.72366959e-01, 1.60752161e+03, 4.36131226e+02, 5.24867058e-01,
       1.58390405e+03, 4.62578491e+02, 3.18820387e-01, 1.54280713e+03,
       5.71494263e+02, 1.39386445e-01, 1.53978870e+03, 5.74350403e+02,
       1.18002333e-01, 1.53102417e+03, 5.39127563e+02, 2.44303316e-01 ]
