%YAML:1.0
---
pose_0: !!opencv-matrix
   rows: 1
   cols: 25
   dt: "3f"
   data: [ 7.62874512e+02, 4.00773590e+02, 8.67123723e-01,
       8.59913330e+02, 3.85929077e+02, 7.28050649e-01, 8.59910461e+02,
       4.50756622e+02, 5.90219736e-01, 9.51183533e+02, 4.71451782e+02,
       5.23389995e-01, 1.07473328e+03, 5.24397400e+02, 7.01926112e-01,
       8.74605347e+02, 3.00691925e+02, 6.68625712e-01, 1.01300861e+03,
       2.68437592e+02, 8.33829343e-01, 9.89479187e+02, 2.38926544e+02,
       7.43261099e-01, 1.12189636e+03, 4.09712189e+02, 5.79535544e-01,
       1.11595337e+03, 4.56799774e+02, 5.81487179e-01, 1.33375720e+03,
       5.30322510e+02, 7.81158864e-01, 1.54572375e+03, 5.74471985e+02,
       6.38753235e-01, 1.12774316e+03, 3.62434448e+02, 4.74747658e-01,
       1.36908838e+03, 3.41844757e+02, 3.97485018e-01, 1.57805212e+03,
       3.06547577e+02, 5.71346760e-01, 7.48152039e+02, 4.12665436e+02,
       7.84004450e-01, 7.51009644e+02, 3.83161560e+02, 8.44743133e-01,
       7.65855469e+02, 4.33230896e+02, 2.49470502e-01, 7.74578369e+02,
       3.53713593e+02, 5.21850169e-01, 1.64281836e+03, 2.83062714e+02,
       4.50546205e-01, 1.63697302e+03, 2.80080139e+02, 5.01082659e-01,
       1.61046399e+03, 2.97800995e+02, 2.23002106e-01, 1.61055847e+03,
       6.18528137e+02, 3.30984831e-01, 1.61334668e+03, 6.06840698e+02,
       3.54529351e-01, 1.58394629e+03, 5.56836365e+02, 3.55640650e-01 ]
