%YAML:1.0
---
pose_0: !!opencv-matrix
   rows: 1
   cols: 25
   dt: "3f"
   data: [ 0., 0., 0., 6.45075378e+02, 5.15607178e+02, 3.29266280e-01,
       6.92106140e+02, 5.77363831e+02, 1.85697943e-01, 6.68595764e+02,
       6.65642090e+02, 3.75391334e-01, 4.80261230e+02, 5.92096741e+02,
       4.49833512e-01, 5.95050415e+02, 4.80286102e+02, 1.38113081e-01,
       6.74472961e+02, 3.56624817e+02, 5.90052843e-01, 4.56670074e+02,
       4.39102051e+02, 5.44564307e-01, 1.01588428e+03, 5.27311279e+02,
       4.57820773e-01, 9.92368103e+02, 5.89132690e+02, 3.80963683e-01,
       1.01007495e+03, 6.45126038e+02, 3.38716090e-01, 1.56924341e+03,
       6.47940125e+02, 2.22047180e-01, 1.02472473e+03, 4.59634888e+02,
       3.87338549e-01, 1.39560718e+03, 4.74378357e+02, 2.73410976e-01,
       1.72815381e+03, 4.86118958e+02, 4.38208789e-01, 0., 0., 0., 0.,
       0., 0., 0., 0., 0., 0., 0., 0., 1.86067517e+03, 4.42005188e+02,
       2.44516730e-01, 1.86062634e+03, 4.42035339e+02, 2.50618964e-01,
       1.74289270e+03, 5.03849365e+02, 1.96161479e-01, 1.71349756e+03,
       6.48030945e+02, 9.66162384e-02, 1.70757043e+03, 6.53880249e+02,
       6.86156601e-02, 1.65461523e+03, 6.39178467e+02, 8.49988833e-02 ]
