%YAML:1.0
---
pose_0: !!opencv-matrix
   rows: 1
   cols: 25
   dt: "3f"
   data: [ 7.39254333e+02, 4.36095245e+02, 8.81666899e-01,
       8.39332153e+02, 4.33189850e+02, 7.04209328e-01, 8.54066711e+02,
       4.97914459e+02, 6.88694656e-01, 9.83510925e+02, 5.27270081e+02,
       4.76191700e-01, 1.07187195e+03, 5.56759338e+02, 2.82982111e-01,
       8.36391663e+02, 3.77198700e+02, 6.08923912e-01, 9.95309753e+02,
       3.33130829e+02, 7.12367535e-01, 1.12486145e+03, 3.35911194e+02,
       7.64322639e-01, 1.11010156e+03, 4.36060394e+02, 5.82871556e-01,
       1.09547083e+03, 4.83215393e+02, 5.96853554e-01, 1.30441309e+03,
       5.27282532e+02, 8.17083955e-01, 1.56636877e+03, 5.86166077e+02,
       5.66560984e-01, 1.11602686e+03, 3.86065186e+02, 5.49888849e-01,
       1.35139136e+03, 4.00763977e+02, 5.71197212e-01, 1.56341248e+03,
       3.97821930e+02, 6.00265741e-01, 7.24530457e+02, 4.50840515e+02,
       7.79203176e-01, 7.24532043e+02, 4.15563904e+02, 7.85746455e-01,
       7.39252625e+02, 4.62684570e+02, 3.24555159e-01, 7.42241638e+02,
       3.91902435e+02, 6.57438695e-01, 0., 0., 0., 0., 0., 0.,
       1.61046716e+03, 4.06647247e+02, 2.56700367e-01, 1.63395862e+03,
       5.50799927e+02, 2.51718163e-01, 1.61638245e+03, 5.59769592e+02,
       1.66774824e-01, 1.59278003e+03, 5.94978943e+02, 3.09071869e-01 ]
