%YAML:1.0
---
pose_0: !!opencv-matrix
   rows: 1
   cols: 25
   dt: "3f"
   data: [ 7.27475281e+02, 3.65555817e+02, 8.00370932e-01,
       8.39328979e+02, 3.33078491e+02, 5.99526286e-01, 8.57029480e+02,
       3.91934082e+02, 3.91886234e-01, 9.68789368e+02, 4.77347473e+02,
       6.12465560e-01, 8.98184326e+02, 4.59614868e+02, 7.12698281e-01,
       8.33366394e+02, 2.68291748e+02, 6.66068673e-01, 9.18759521e+02,
       2.91958649e+02, 7.89619923e-01, 8.33552673e+02, 4.30243103e+02,
       7.85977602e-01, 1.11886865e+03, 3.68490570e+02, 5.85628688e-01,
       1.10712866e+03, 4.18474060e+02, 5.87538421e-01, 1.31025964e+03,
       4.56697784e+02, 7.48555422e-01, 1.54571094e+03, 5.03873901e+02,
       5.78535020e-01, 1.12192773e+03, 3.15481384e+02, 5.38353503e-01,
       1.34553552e+03, 3.12377289e+02, 5.37130296e-01, 1.56631018e+03,
       2.94931854e+02, 5.32814324e-01, 7.15580200e+02, 3.83100861e+02,
       7.25513518e-01, 7.15651917e+02, 3.44924774e+02, 7.92002678e-01,
       0., 0., 0., 7.30422119e+02, 3.15283112e+02, 5.31684637e-01,
       1.64285376e+03, 2.62454224e+02, 3.91167641e-01, 1.63688940e+03,
       2.59521576e+02, 4.31777954e-01, 1.61040881e+03, 2.97796143e+02,
       2.68287927e-01, 1.63992041e+03, 5.03850433e+02, 2.45845065e-01,
       1.61933704e+03, 5.27360413e+02, 2.08428174e-01, 1.57221875e+03,
       4.92003479e+02, 3.21913749e-01 ]
