%YAML:1.0
---
pose_0: !!opencv-matrix
   rows: 1
   cols: 25
   dt: "3f"
   data: [ 7.06869385e+02, 4.33175659e+02, 8.87567520e-01,
       8.01024048e+02, 4.86083954e+02, 7.07190812e-01, 8.09817993e+02,
       5.74314819e+02, 5.41606963e-01, 9.15814392e+02, 6.18571350e+02,
       5.42270482e-01, 9.77730713e+02, 6.21546204e+02, 6.83406472e-01,
       8.09947510e+02, 4.27319702e+02, 7.07709193e-01, 9.62921387e+02,
       3.86122253e+02, 8.42142522e-01, 8.51100586e+02, 4.06648407e+02,
       8.15144479e-01, 1.09542358e+03, 4.83185303e+02, 5.48018098e-01,
       1.09244519e+03, 5.30293091e+02, 5.87997675e-01, 1.30729822e+03,
       5.53978333e+02, 7.81391561e-01, 1.54568335e+03, 6.01003296e+02,
       6.47121072e-01, 1.09536523e+03, 4.30229858e+02, 5.46146810e-01,
       1.30726489e+03, 4.27305603e+02, 6.41684413e-01, 1.56045996e+03,
       4.50744690e+02, 6.63463235e-01, 6.89199036e+02, 4.50767914e+02,
       8.26335728e-01, 6.95196106e+02, 4.15493530e+02, 8.18456590e-01,
       6.95139771e+02, 4.83211182e+02, 7.94275939e-01, 7.33296631e+02,
       4.06713806e+02, 5.76369949e-02, 1.62812976e+03, 4.59587006e+02,
       4.93229866e-01, 1.62515027e+03, 4.44967590e+02, 4.89955992e-01,
       1.57515247e+03, 4.42026276e+02, 3.53745162e-01, 1.60160901e+03,
       5.56837891e+02, 2.83065200e-01, 1.58988928e+03, 5.74371765e+02,
       2.25971252e-01, 1.57219629e+03, 6.03854858e+02, 3.20786417e-01 ]
