%YAML:1.0
---
pose_0: !!opencv-matrix
   rows: 1
   cols: 25
   dt: "3f"
   data: [ 7.68723755e+02, 4.33172119e+02, 8.79753113e-01,
       8.86473389e+02, 4.12547974e+02, 7.25412250e-01, 9.12877502e+02,
       4.97860168e+02, 5.61710417e-01, 1.04236829e+03, 5.12680847e+02,
       7.51448691e-01, 1.13939368e+03, 5.83221558e+02, 7.72312999e-01,
       8.80489502e+02, 3.41846680e+02, 6.95514858e-01, 9.71824707e+02,
       2.15358521e+02, 8.28333020e-01, 1.10418774e+03, 2.00537552e+02,
       7.65796363e-01, 1.15715845e+03, 3.65483795e+02, 5.50110042e-01,
       1.16010803e+03, 4.12690338e+02, 5.95159709e-01, 1.36034973e+03,
       4.89058319e+02, 7.02528834e-01, 1.54572375e+03, 5.65623230e+02,
       6.40805185e-01, 1.14841736e+03, 3.15307159e+02, 5.59536934e-01,
       1.33386023e+03, 2.94719086e+02, 6.14805996e-01, 1.56924207e+03,
       2.94839996e+02, 5.24926722e-01, 7.54009705e+02, 4.41985657e+02,
       7.98723638e-01, 7.62754944e+02, 4.12446320e+02, 9.25518751e-01,
       7.65816650e+02, 4.59810028e+02, 2.95446843e-01, 7.83397949e+02,
       3.86025391e+02, 5.93047559e-01, 1.63993640e+03, 2.74190033e+02,
       3.17362577e-01, 1.63695520e+03, 2.71230286e+02, 3.39995444e-01,
       1.61043701e+03, 2.97830566e+02, 2.32397363e-01, 1.61055078e+03,
       6.12717224e+02, 5.20300627e-01, 1.60746472e+03, 6.09798828e+02,
       4.90339041e-01, 1.57516150e+03, 5.53851990e+02, 5.00294268e-01 ]
