%YAML:1.0
---
pose_0: !!opencv-matrix
   rows: 1
   cols: 25
   dt: "3f"
   data: [ 6.89190308e+02, 5.06821716e+02, 8.64787221e-01,
       8.09956726e+02, 4.95001740e+02, 7.15216875e-01, 7.98166199e+02,
       5.56796204e+02, 5.97070932e-01, 9.62967407e+02, 6.00935547e+02,
       4.83351409e-01, 1.11006787e+03, 6.74496277e+02, 5.90303063e-01,
       8.12976807e+02, 4.33161896e+02, 6.57922566e-01, 9.51195984e+02,
       3.59483734e+02, 7.75821388e-01, 1.07488672e+03, 3.12364136e+02,
       8.19689572e-01, 1.09540210e+03, 5.03877289e+02, 6.21539414e-01,
       1.08949622e+03, 5.53798950e+02, 6.25811994e-01, 1.26609595e+03,
       5.97987549e+02, 6.53821528e-01, 1.51626770e+03, 6.00970032e+02,
       5.15912116e-01, 1.10130798e+03, 4.53708191e+02, 5.43755651e-01,
       1.34257654e+03, 4.59730469e+02, 6.80532038e-01, 1.58393469e+03,
       4.33123260e+02, 5.52388370e-01, 6.74515564e+02, 5.24457520e+02,
       7.70442903e-01, 6.74462097e+02, 4.89101074e+02, 7.99820125e-01,
       6.95141602e+02, 5.33299500e+02, 1.85890764e-01, 7.00979919e+02,
       4.59596222e+02, 5.99063456e-01, 1.66636658e+03, 5.03831482e+02,
       1.04362383e-01, 1.66643262e+03, 4.97915070e+02, 7.99863935e-02,
       1.59868970e+03, 4.09648773e+02, 2.00513333e-01, 1.63099561e+03,
       6.24422668e+02, 2.72265792e-01, 0., 0., 0., 1.56340210e+03,
       5.74500427e+02, 2.72513896e-01 ]
