%YAML:1.0
---
pose_0: !!opencv-matrix
   rows: 2
   cols: 25
   dt: "3f"
   data: [ 7.65721924e+02, 4.18487885e+02, 8.14386010e-01,
       8.33332458e+02, 4.62609772e+02, 7.38455951e-01, 8.30543152e+02,
       5.06726227e+02, 8.24573517e-01, 9.27723694e+02, 4.59588715e+02,
       7.96593189e-01, 9.71758789e+02, 3.00694763e+02, 7.77608335e-01,
       8.18726563e+02, 4.15576569e+02, 5.63420534e-01, 8.57076233e+02,
       3.62541046e+02, 4.54796612e-01, 9.33522827e+02, 3.18423889e+02,
       1.76208586e-01, 1.13368726e+03, 5.06701538e+02, 5.97777009e-01,
       1.12188708e+03, 5.53927429e+02, 5.38634539e-01, 1.37499414e+03,
       6.24545471e+02, 5.95083117e-01, 1.56040222e+03, 7.15653564e+02,
       6.28851175e-01, 1.13959692e+03, 4.56677521e+02, 5.93754590e-01,
       1.32201233e+03, 3.89058502e+02, 5.05768597e-01, 1.57516345e+03,
       3.47859833e+02, 4.68864083e-01, 7.42252136e+02, 4.36108093e+02,
       8.89050484e-01, 7.53926880e+02, 4.09516876e+02, 8.21300983e-01,
       7.48138672e+02, 4.71431427e+02, 7.41271555e-01, 7.65751648e+02,
       3.88895050e+02, 7.25695416e-02, 1.65455579e+03, 3.15483002e+02,
       2.66781211e-01, 1.64868542e+03, 3.15366150e+02, 2.87330627e-01,
       1.61046680e+03, 3.53700745e+02, 2.36983478e-01, 1.62226917e+03,
       6.83294373e+02, 5.54592311e-01, 1.61630811e+03, 6.95145569e+02,
       4.93827313e-01, 1.57513879e+03, 7.36351868e+02, 3.84908259e-01,
       0., 0., 0., 0., 0., 0., 0., 0., 0., 0., 0., 0., 0., 0., 0.,
       9.48201965e+02, 4.36099701e+02, 1.65104404e-01, 1.04826465e+03,
       4.12534698e+02, 6.99401617e-01, 1.14839746e+03, 3.50728394e+02,
       7.94993043e-01, 0., 0., 0., 0., 0., 0., 0., 0., 0., 0., 0., 0.,
       0., 0., 0., 0., 0., 0., 0., 0., 0., 0., 0., 0., 0., 0., 0., 0.,
       0., 0., 0., 0., 0., 0., 0., 0., 0., 0., 0., 0., 0., 0., 0., 0.,
       0., 0., 0., 0., 0., 0., 0. ]
