%YAML:1.0
---
pose_0: !!opencv-matrix
   rows: 1
   cols: 25
   dt: "3f"
   data: [ 6.21602356e+02, 5.33257629e+02, 8.67979467e-01,
       7.65782288e+02, 5.53846436e+02, 6.88343406e-01, 7.62813538e+02,
       6.56813904e+02, 6.13635719e-01, 9.07029419e+02, 7.15693665e+02,
       8.23602378e-01, 1.04530811e+03, 7.86405457e+02, 8.25176239e-01,
       7.77518127e+02, 4.56659332e+02, 6.60289168e-01, 9.33563904e+02,
       4.12573578e+02, 7.85255075e-01, 1.09538721e+03, 3.62589325e+02,
       8.67400050e-01, 1.06005627e+03, 5.77412109e+02, 5.50161421e-01,
       1.04833838e+03, 6.33257202e+02, 5.59663415e-01, 1.30137524e+03,
       6.45012207e+02, 3.65551800e-01, 1.62517773e+03, 6.59741577e+02,
       4.90104139e-01, 1.06591882e+03, 5.15598755e+02, 5.28759003e-01,
       1.28373865e+03, 5.18528503e+02, 4.44489986e-01, 1.61043994e+03,
       5.06864532e+02, 5.10582447e-01, 6.06778198e+02, 5.53757385e+02,
       8.20950985e-01, 6.09717957e+02, 5.15618164e+02, 7.94821382e-01,
       6.24523865e+02, 5.77369690e+02, 5.00798285e-01, 6.33280823e+02,
       4.86202850e+02, 6.11213744e-01, 1.76353027e+03, 4.77296387e+02,
       2.62411296e-01, 0., 0., 0., 1.63104248e+03, 5.27292236e+02,
       2.52002239e-01, 1.73406653e+03, 6.33326416e+02, 2.56323576e-01,
       1.72525073e+03, 6.47990479e+02, 1.94838300e-01, 1.63698730e+03,
       6.50977844e+02, 3.07000965e-01 ]
