%YAML:1.0
---
pose_0: !!opencv-matrix
   rows: 1
   cols: 25
   dt: "3f"
   data: [ 7.18570984e+02, 5.12633423e+02, 8.35074484e-01,
       8.33519287e+02, 5.00756195e+02, 6.10605359e-01, 8.42292175e+02,
       5.71487610e+02, 4.58011568e-01, 9.62939636e+02, 6.21516357e+02,
       1.90723121e-01, 1.02185260e+03, 6.18518494e+02, 7.09948540e-02,
       8.36380981e+02, 4.18402924e+02, 5.66013277e-01, 9.98313599e+02,
       3.77209259e+02, 7.53197730e-01, 1.14254492e+03, 3.38997101e+02,
       8.92710149e-01, 1.11598840e+03, 5.12689026e+02, 5.64058185e-01,
       1.11305664e+03, 5.68481628e+02, 5.88688195e-01, 1.25133704e+03,
       5.80349609e+02, 4.05426085e-01, 1.58981958e+03, 5.30324463e+02,
       3.90585601e-01, 1.11889050e+03, 4.59599274e+02, 6.12574339e-01,
       1.28091809e+03, 4.80280731e+02, 7.39690661e-01, 1.48686157e+03,
       4.12677643e+02, 4.22134101e-01, 7.03918457e+02, 5.30207336e+02,
       7.96375155e-01, 7.01028137e+02, 4.97837219e+02, 7.59265661e-01,
       7.18717712e+02, 5.47955505e+02, 2.36788467e-01, 7.18775757e+02,
       4.62577454e+02, 6.11391485e-01, 1.58991650e+03, 4.12499939e+02,
       1.45153269e-01, 0., 0., 0., 0., 0., 0., 1.66933972e+03,
       5.71500977e+02, 1.73424035e-01, 1.66055225e+03, 5.74340698e+02,
       1.78699046e-01, 1.61342395e+03, 5.15612610e+02, 2.71631300e-01 ]
