%YAML:1.0
---
pose_0: !!opencv-matrix
   rows: 1
   cols: 25
   dt: "3f"
   data: [ 7.18572205e+02, 4.36032562e+02, 4.87978578e-01,
       8.03960449e+02, 4.89111298e+02, 5.93193352e-01, 7.89373840e+02,
       5.47841614e+02, 7.53373682e-01, 9.06921753e+02, 6.45061829e+02,
       8.91062975e-01, 9.45225525e+02, 5.71464966e+02, 7.74793625e-01,
       7.92321960e+02, 4.33110626e+02, 3.94017279e-01, 0., 0., 0., 0.,
       0., 0., 1.08362439e+03, 5.53847473e+02, 4.76695210e-01,
       1.05420081e+03, 5.92031921e+02, 3.95788699e-01, 1.30722485e+03,
       5.47894470e+02, 7.27518201e-01, 1.61636658e+03, 6.95164917e+02,
       4.67160344e-01, 1.11008057e+03, 5.18498169e+02, 3.83527726e-01,
       1.35440845e+03, 5.03867279e+02, 6.68329060e-01, 1.58687720e+03,
       5.95064331e+02, 5.91408074e-01, 6.95119019e+02, 4.47855286e+02,
       4.20910835e-01, 7.09803467e+02, 4.24302979e+02, 1.61443606e-01,
       7.18579529e+02, 4.97852386e+02, 3.38508099e-01, 0., 0., 0.,
       1.68112549e+03, 6.18529480e+02, 1.17201194e-01, 0., 0., 0.,
       1.60454260e+03, 6.15662292e+02, 3.70776832e-01, 1.68103784e+03,
       6.44995605e+02, 2.63445795e-01, 1.67515833e+03, 6.50919189e+02,
       1.86084732e-01, 1.65748755e+03, 7.39233398e+02, 3.15093040e-01 ]
