%YAML:1.0
---
pose_0: !!opencv-matrix
   rows: 1
   cols: 25
   dt: "3f"
   data: [ 7.62720215e+02, 4.80232758e+02, 4.53192055e-01,
       8.74675476e+02, 5.21454041e+02, 5.85448027e-01, 8.54064026e+02,
       5.74392944e+02, 4.81686354e-01, 9.18776855e+02, 6.21504272e+02,
       3.11878830e-01, 9.80587280e+02, 6.48146057e+02, 5.73553860e-01,
       9.01160522e+02, 4.59611359e+02, 5.12891531e-01, 1.05710828e+03,
       4.56604736e+02, 2.09199250e-01, 0., 0., 0., 1.13959412e+03,
       4.94993713e+02, 5.55995822e-01, 1.13662305e+03, 5.44976624e+02,
       5.16619205e-01, 1.34852502e+03, 6.18612854e+02, 6.23773575e-01,
       1.53984644e+03, 7.27479797e+02, 5.15331388e-01, 1.13961328e+03,
       4.39069794e+02, 5.78860641e-01, 1.22780396e+03, 3.83041412e+02,
       1.87769324e-01, 1.35733264e+03, 3.15421234e+02, 7.67062902e-02,
       7.51057190e+02, 4.83096252e+02, 5.51245153e-01, 7.48116882e+02,
       4.65490723e+02, 2.84419119e-01, 7.62751526e+02, 5.06664673e+02,
       7.47937381e-01, 7.68739014e+02, 4.53778687e+02, 1.58411533e-01,
       0., 0., 0., 0., 0., 0., 0., 0., 0., 1.61332385e+03,
       6.95122742e+02, 4.97267634e-01, 1.60751172e+03, 7.09783020e+02,
       3.97144645e-01, 1.56041199e+03, 7.51054260e+02, 3.62667948e-01 ]
