%YAML:1.0
---
pose_0: !!opencv-matrix
   rows: 1
   cols: 25
   dt: "3f"
   data: [ 0., 0., 0., 8.03983948e+02, 5.53862061e+02, 2.70724475e-01,
       8.33408691e+02, 5.74388000e+02, 2.37458140e-01, 9.48172241e+02,
       5.06710175e+02, 1.43498734e-01, 8.36339722e+02, 4.30135040e+02,
       3.40700090e-01, 7.42170715e+02, 5.53807068e+02, 1.15070291e-01,
       0., 0., 0., 0., 0., 0., 1.17192029e+03, 5.59684753e+02,
       2.57286221e-01, 1.16602783e+03, 5.68516724e+02, 2.42548287e-01,
       1.33084180e+03, 5.24448853e+02, 7.30665803e-01, 1.59276563e+03,
       6.83361938e+02, 4.47381288e-01, 1.18370410e+03, 5.45014893e+02,
       2.35839278e-01, 1.34848242e+03, 4.94963165e+02, 6.04491055e-01,
       1.58103345e+03, 5.86204590e+02, 5.23422062e-01, 0., 0., 0., 0.,
       0., 0., 0., 0., 0., 0., 0., 0., 1.70167615e+03, 5.71482117e+02,
       2.96737254e-01, 1.69877783e+03, 5.68519958e+02, 2.82366037e-01,
       1.60459753e+03, 6.21412720e+02, 3.45532596e-01, 1.66342078e+03,
       7.27478577e+02, 3.50397587e-01, 1.63994971e+03, 7.39331360e+02,
       3.85598868e-01, 1.63108240e+03, 7.24531860e+02, 1.87168092e-01 ]
