%YAML:1.0
---
pose_0: !!opencv-matrix
   rows: 2
   cols: 25
   dt: "3f"
   data: [ 0., 0., 0., 9.27634094e+02, 4.80282104e+02, 6.08916692e-02,
       0., 0., 0., 0., 0., 0., 0., 0., 0., 0., 0., 0., 0., 0., 0., 0.,
       0., 0., 1.13660571e+03, 4.53765503e+02, 3.01907957e-01,
       1.13658521e+03, 4.71404175e+02, 2.20444232e-01, 1.32779993e+03,
       4.95020294e+02, 7.53371716e-01, 1.55746167e+03, 4.36155212e+02,
       5.84118247e-01, 1.13363232e+03, 4.36085999e+02, 2.64452606e-01,
       1.31031262e+03, 5.92056641e+02, 7.31333137e-01, 1.57218323e+03,
       4.62610779e+02, 5.04530549e-01, 0., 0., 0., 0., 0., 0., 0., 0.,
       0., 0., 0., 0., 1.61635095e+03, 5.42030640e+02, 4.00403768e-01,
       1.61931311e+03, 5.27403259e+02, 3.49084944e-01, 1.60750244e+03,
       4.39076172e+02, 2.83998787e-01, 0., 0., 0., 0., 0., 0.,
       1.58692285e+03, 4.09588470e+02, 3.87165546e-01, 0., 0., 0., 0.,
       0., 0., 0., 0., 0., 0., 0., 0., 0., 0., 0., 9.07056824e+02,
       4.36125580e+02, 1.03658065e-01, 9.83586487e+02, 4.39065491e+02,
       5.14244795e-01, 1.09251709e+03, 5.27426453e+02, 7.74279594e-01,
       0., 0., 0., 0., 0., 0., 0., 0., 0., 0., 0., 0., 0., 0., 0., 0.,
       0., 0., 0., 0., 0., 0., 0., 0., 0., 0., 0., 0., 0., 0., 0., 0.,
       0., 0., 0., 0., 0., 0., 0., 0., 0., 0., 0., 0., 0., 0., 0., 0.,
       0., 0., 0. ]
