%YAML:1.0
---
pose_0: !!opencv-matrix
   rows: 1
   cols: 25
   dt: "3f"
   data: [ 7.65824524e+02, 5.21499878e+02, 8.35876226e-01,
       8.62963745e+02, 5.12638733e+02, 7.31661737e-01, 8.59848938e+02,
       5.74324951e+02, 7.21037626e-01, 8.80618286e+02, 6.95014832e+02,
       8.65739107e-01, 8.33400635e+02, 5.80394592e+02, 7.80618429e-01,
       8.74608948e+02, 4.56598267e+02, 6.75064504e-01, 8.56939697e+02,
       4.09583862e+02, 6.89518631e-01, 7.21571411e+02, 4.12697937e+02,
       7.98626482e-01, 1.11299292e+03, 5.27284607e+02, 5.70833445e-01,
       1.11007458e+03, 5.74375671e+02, 5.83072722e-01, 1.30736523e+03,
       6.03856323e+02, 7.44159639e-01, 1.51625891e+03, 6.30334534e+02,
       6.71716154e-01, 1.11305566e+03, 4.77258728e+02, 5.49627125e-01,
       1.33081494e+03, 4.59763947e+02, 7.16476738e-01, 1.54273706e+03,
       4.41994781e+02, 6.45411670e-01, 7.51049622e+02, 5.27427063e+02,
       7.94824541e-01, 7.62749573e+02, 5.00769867e+02, 8.47984493e-01,
       7.68772888e+02, 5.50910645e+02, 1.53979838e-01, 7.89357666e+02,
       4.62586731e+02, 6.59296811e-01, 1.61345483e+03, 4.27304352e+02,
       5.11273801e-01, 1.61043848e+03, 4.18477234e+02, 5.42021155e-01,
       1.58099463e+03, 4.50825256e+02, 2.61140019e-01, 1.57222302e+03,
       6.71568909e+02, 5.48672676e-01, 1.56639978e+03, 6.71541687e+02,
       5.18191457e-01, 1.54284534e+03, 6.12673706e+02, 4.56699461e-01 ]
