%YAML:1.0
---
pose_0: !!opencv-matrix
   rows: 1
   cols: 25
   dt: "3f"
   data: [ 7.48051086e+02, 3.88903442e+02, 8.69312108e-01,
       8.56961670e+02, 3.83016357e+02, 7.82850981e-01, 8.59804443e+02,
       4.47915649e+02, 7.44950712e-01, 9.15799927e+02, 5.56822083e+02,
       8.16165924e-01, 9.07072021e+02, 6.48134338e+02, 8.30182731e-01,
       8.53997620e+02, 3.09559967e+02, 6.80238783e-01, 8.09836365e+02,
       1.80022141e+02, 5.75560868e-01, 7.86248047e+02, 1.71172943e+02,
       6.08219445e-01, 1.11902002e+03, 3.71395233e+02, 5.33946872e-01,
       1.11893054e+03, 4.24368195e+02, 5.09058535e-01, 1.33382581e+03,
       4.41979431e+02, 7.29159176e-01, 1.54277783e+03, 4.77202911e+02,
       6.11519217e-01, 1.12189380e+03, 3.18324890e+02, 5.47021687e-01,
       1.33093457e+03, 3.12517181e+02, 6.81143761e-01, 1.57804395e+03,
       2.91774719e+02, 6.17338717e-01, 7.36281067e+02, 3.97826111e+02,
       7.91530311e-01, 7.39225403e+02, 3.65624207e+02, 8.37159276e-01,
       7.53992493e+02, 4.12615936e+02, 1.01307385e-01, 7.62684692e+02,
       3.39088593e+02, 6.34167910e-01, 1.64875342e+03, 2.50756409e+02,
       4.59640831e-01, 1.63987085e+03, 2.50726501e+02, 5.05313694e-01,
       1.60751257e+03, 2.94889160e+02, 2.35479832e-01, 1.60746021e+03,
       4.77318329e+02, 4.12421554e-01, 1.59572021e+03, 4.86184814e+02,
       3.96472961e-01, 1.57515344e+03, 4.59692413e+02, 3.47751528e-01 ]
