%YAML:1.0
---
pose_0: !!opencv-matrix
   rows: 1
   cols: 25
   dt: "3f"
   data: [ 7.53965149e+02, 5.18546326e+02, 7.01842546e-01,
       8.12893860e+02, 4.56681671e+02, 4.72532094e-01, 8.12884033e+02,
       4.56655396e+02, 4.10197824e-01, 9.36469788e+02, 5.36155762e+02,
       1.22425482e-01, 8.42275208e+02, 5.50815308e+02, 1.75196782e-01,
       8.12972717e+02, 4.59703796e+02, 7.44274855e-01, 9.33616699e+02,
       5.39106323e+02, 7.25485504e-01, 8.24576355e+02, 5.71484863e+02,
       7.71264434e-01, 1.12191724e+03, 4.44917358e+02, 3.66819829e-01,
       1.11600024e+03, 4.53711212e+02, 2.34228685e-01, 1.33077136e+03,
       4.65601166e+02, 7.33738661e-01, 1.55456018e+03, 3.89139069e+02,
       7.28094697e-01, 1.13661401e+03, 4.36073608e+02, 3.58930498e-01,
       1.33382922e+03, 5.06806091e+02, 7.29090035e-01, 1.61630713e+03,
       4.33201996e+02, 5.99808872e-01, 7.42235291e+02, 5.09723694e+02,
       5.61282262e-02, 7.42299561e+02, 5.03776917e+02, 7.86631107e-01,
       0., 0., 0., 7.56930359e+02, 4.59751740e+02, 6.36698484e-01,
       1.67809766e+03, 3.88957947e+02, 3.73177797e-01, 1.67227295e+03,
       3.89066467e+02, 3.49601388e-01, 1.62522656e+03, 4.36159332e+02,
       3.18653584e-01, 1.58690662e+03, 3.35947876e+02, 4.44282889e-01,
       1.58394446e+03, 3.41898132e+02, 3.85089964e-01, 1.56924707e+03,
       3.86005859e+02, 3.20791751e-01 ]
