%YAML:1.0
---
pose_0: !!opencv-matrix
   rows: 1
   cols: 25
   dt: "3f"
   data: [ 7.18630798e+02, 3.33114899e+02, 8.19047213e-01,
       8.09894043e+02, 3.44836212e+02, 8.16243649e-01, 8.09768677e+02,
       4.12605347e+02, 6.48800731e-01, 7.21604431e+02, 4.39038055e+02,
       8.02888215e-01, 6.27483643e+02, 3.59517822e+02, 6.41137362e-01,
       8.09865234e+02, 2.71400909e+02, 7.56595731e-01, 8.36497375e+02,
       3.33030334e+02, 7.69360304e-01, 8.60074951e+02, 4.39083679e+02,
       8.41172278e-01, 1.08358545e+03, 3.62513123e+02, 5.29022872e-01,
       1.08358704e+03, 4.09631104e+02, 5.37721157e-01, 1.30441052e+03,
       4.30176910e+02, 6.85455918e-01, 1.51631653e+03, 4.44985626e+02,
       6.09244466e-01, 1.08659216e+03, 3.09571228e+02, 5.05276740e-01,
       1.32200781e+03, 2.97790314e+02, 5.67638576e-01, 1.53975122e+03,
       2.80153534e+02, 5.69292188e-01, 7.06828979e+02, 3.56593414e+02,
       7.27951705e-01, 7.06822327e+02, 3.18364441e+02, 8.02701652e-01,
       7.27490112e+02, 3.85968658e+02, 6.17073357e-01, 7.33361084e+02,
       2.97812286e+02, 2.49272808e-01, 1.63399976e+03, 2.71234528e+02,
       4.13110703e-01, 1.63390027e+03, 2.65434570e+02, 4.19507861e-01,
       1.55749243e+03, 2.74251648e+02, 2.03176305e-01, 1.60743127e+03,
       4.59577911e+02, 2.78552264e-01, 0., 0., 0., 1.54868420e+03,
       4.33125549e+02, 3.72711509e-01 ]
