%YAML:1.0
---
pose_0: !!opencv-matrix
   rows: 1
   cols: 25
   dt: "3f"
   data: [ 7.39334473e+02, 5.33312439e+02, 8.52467597e-01,
       8.33455078e+02, 4.80319702e+02, 6.24257684e-01, 8.12841248e+02,
       5.03807770e+02, 4.54250783e-01, 9.74714966e+02, 5.56768677e+02,
       2.34161302e-01, 9.54067810e+02, 6.33270874e+02, 3.14827174e-01,
       8.54011353e+02, 4.59651825e+02, 5.72857261e-01, 9.68822388e+02,
       4.59573059e+02, 6.71087205e-01, 9.62910156e+02, 6.09747559e+02,
       4.39134806e-01, 1.12482751e+03, 4.77259003e+02, 2.59970039e-01,
       1.12189355e+03, 4.62635895e+02, 1.86132550e-01, 1.37198230e+03,
       4.71399597e+02, 4.34288472e-01, 1.61340808e+03, 4.21440033e+02,
       3.71042192e-01, 1.16305347e+03, 4.65546814e+02, 2.41063043e-01,
       1.37497559e+03, 5.00826660e+02, 4.37145740e-01, 1.56342371e+03,
       4.94959930e+02, 2.36322522e-01, 7.27412964e+02, 5.30306641e+02,
       5.71333021e-02, 7.30425171e+02, 5.21434753e+02, 7.62012899e-01,
       0., 0., 0., 7.48158997e+02, 4.77348236e+02, 6.64956808e-01, 0.,
       0., 0., 0., 0., 0., 1.57807739e+03, 5.00820740e+02,
       2.23426700e-01, 1.66349390e+03, 3.65461334e+02, 4.05270129e-01,
       1.66052783e+03, 3.80127899e+02, 3.22713584e-01, 1.65759644e+03,
       4.12632233e+02, 1.45509332e-01 ]
