%YAML:1.0
---
pose_0: !!opencv-matrix
   rows: 1
   cols: 25
   dt: "3f"
   data: [ 7.68664368e+02, 4.65524750e+02, 8.35347950e-01,
       8.65850830e+02, 4.97861755e+02, 6.93969905e-01, 8.56915894e+02,
       5.50958740e+02, 8.09634686e-01, 9.54153992e+02, 6.59787109e+02,
       8.21451008e-01, 9.92377502e+02, 5.33180298e+02, 7.79971838e-01,
       8.80546997e+02, 4.39057587e+02, 5.08279741e-01, 9.65913086e+02,
       4.21354126e+02, 2.29017064e-01, 9.98316223e+02, 4.24343414e+02,
       1.30322129e-01, 1.14541211e+03, 4.59631470e+02, 5.49399614e-01,
       1.14835413e+03, 5.06780853e+02, 5.49268067e-01, 1.37207581e+03,
       5.74503052e+02, 7.21153915e-01, 1.54862390e+03, 6.95109497e+02,
       6.61202312e-01, 1.13949768e+03, 4.09571899e+02, 5.65246820e-01,
       1.32785095e+03, 3.62450775e+02, 5.03932953e-01, 1.56926135e+03,
       3.44903931e+02, 4.43486959e-01, 7.53975708e+02, 4.80324097e+02,
       8.11793447e-01, 7.62879333e+02, 4.47873566e+02, 8.43367696e-01,
       7.62907471e+02, 5.09734894e+02, 6.99169457e-01, 7.95164063e+02,
       4.33003784e+02, 5.72449982e-01, 1.64870984e+03, 3.12505463e+02,
       4.93364573e-01, 1.64867883e+03, 3.12446594e+02, 4.50301528e-01,
       1.58988220e+03, 3.62510986e+02, 3.29778761e-01, 1.63105310e+03,
       6.92217896e+02, 5.50044298e-01, 1.61351538e+03, 7.09796753e+02,
       5.07898748e-01, 1.56036755e+03, 7.18640381e+02, 3.83433878e-01 ]
