%YAML:1.0
---
pose_0: !!opencv-matrix
   rows: 1
   cols: 25
   dt: "3f"
   data: [ 4.80200165e+02, 5.50815491e+02, 4.63970602e-01,
       6.15615295e+02, 5.42034607e+02, 4.93001461e-01, 6.24501648e+02,
       6.15604248e+02, 2.42672294e-01, 6.45097290e+02, 6.92096680e+02,
       5.56009412e-01, 3.97823730e+02, 6.03872559e+02, 7.43239999e-01,
       5.94997986e+02, 4.59698700e+02, 3.65092307e-01, 6.50914612e+02,
       3.86108490e+02, 5.57314873e-01, 4.00763062e+02, 4.27273224e+02,
       6.59818709e-01, 9.98233582e+02, 5.00861084e+02, 2.71118164e-01,
       9.77690308e+02, 5.62682129e+02, 2.08190948e-01, 1.02469128e+03,
       6.71550232e+02, 2.01530024e-01, 0., 0., 0., 1.01003131e+03,
       4.39108521e+02, 2.96794176e-01, 1.35736377e+03, 4.59688782e+02,
       2.41315067e-01, 1.73119495e+03, 4.36182831e+02, 3.59016180e-01,
       4.39062531e+02, 5.39138123e+02, 3.01576644e-01, 4.83186157e+02,
       5.09706146e+02, 2.10794374e-01, 4.59632690e+02, 5.74461853e+02,
       1.07763037e-01, 5.30331116e+02, 4.83251953e+02, 1.61210760e-01,
       1.84890979e+03, 3.89033752e+02, 9.07647759e-02, 1.85187061e+03,
       3.89070282e+02, 1.00400493e-01, 1.75473059e+03, 4.59651245e+02,
       2.20203578e-01, 0., 0., 0., 0., 0., 0., 0., 0., 0. ]
