%YAML:1.0
---
pose_0: !!opencv-matrix
   rows: 1
   cols: 25
   dt: "3f"
   data: [ 7.48065735e+02, 5.56740417e+02, 7.25139022e-01,
       8.56885498e+02, 4.83143219e+02, 5.25645077e-01, 8.48200134e+02,
       4.80247070e+02, 3.72610092e-01, 0., 0., 0., 0., 0., 0.,
       8.57052734e+02, 4.83132660e+02, 7.90891945e-01, 1.02470422e+03,
       4.97931885e+02, 7.20334709e-01, 1.17198474e+03, 5.53781555e+02,
       7.25567639e-01, 1.16013367e+03, 4.00787689e+02, 2.82629639e-01,
       1.18956421e+03, 3.68393341e+02, 1.61332443e-01, 1.38386426e+03,
       5.33188538e+02, 5.01425683e-01, 1.59277246e+03, 4.33164001e+02,
       2.77225912e-01, 0., 0., 0., 0., 0., 0., 0., 0., 0., 0., 0., 0.,
       7.39156860e+02, 5.39076111e+02, 7.07395613e-01, 0., 0., 0.,
       7.59794556e+02, 4.92072052e+02, 6.19993329e-01, 0., 0., 0., 0.,
       0., 0., 0., 0., 0., 0., 0., 0., 0., 0., 0., 0., 0., 0. ]
