%YAML:1.0
---
pose_0: !!opencv-matrix
   rows: 1
   cols: 25
   dt: "3f"
   data: [ 6.98000061e+02, 5.33331604e+02, 8.23566079e-01,
       8.09872559e+02, 4.74356323e+02, 6.63712323e-01, 8.09950439e+02,
       5.36154724e+02, 4.59251136e-01, 9.09945374e+02, 5.74338318e+02,
       1.49350852e-01, 9.54175537e+02, 5.77367310e+02, 6.24374971e-02,
       8.09810303e+02, 4.12478363e+02, 6.23403430e-01, 9.24579163e+02,
       3.62569092e+02, 7.81955838e-01, 1.03945227e+03, 3.39107635e+02,
       8.00353646e-01, 1.09541382e+03, 4.86219940e+02, 5.66918373e-01,
       1.09241614e+03, 5.42070251e+02, 5.68357229e-01, 1.32488477e+03,
       5.74435425e+02, 7.31682360e-01, 1.60163623e+03, 6.30375549e+02,
       6.05269372e-01, 1.10130029e+03, 4.33220459e+02, 5.48742354e-01,
       1.35141406e+03, 4.50795746e+02, 6.65176809e-01, 1.57516956e+03,
       4.33022583e+02, 6.22713804e-01, 6.89192505e+02, 5.33289856e+02,
       3.48915547e-01, 6.95032410e+02, 5.24341492e+02, 8.40516388e-01,
       0., 0., 0., 7.15635193e+02, 4.80130890e+02, 6.76757574e-01,
       1.63995703e+03, 3.80182983e+02, 4.12767231e-01, 1.63696399e+03,
       3.83131500e+02, 4.46249336e-01, 1.61046472e+03, 4.36147522e+02,
       2.69644588e-01, 1.65460327e+03, 5.83289246e+02, 4.21476722e-01,
       1.64578333e+03, 5.98002747e+02, 3.56602967e-01, 1.62518457e+03,
       6.45041992e+02, 3.28532398e-01 ]
