%YAML:1.0
---
pose_0: !!opencv-matrix
   rows: 1
   cols: 25
   dt: "3f"
   data: [ 7.39248901e+02, 5.06638977e+02, 9.20028746e-01,
       8.48127380e+02, 5.42018555e+02, 7.15891719e-01, 8.33445557e+02,
       6.01022156e+02, 8.17739666e-01, 9.51057068e+02, 6.27517273e+02,
       7.37125278e-01, 1.09238904e+03, 6.45086853e+02, 8.12910855e-01,
       8.62847961e+02, 4.86110504e+02, 5.99956095e-01, 9.30524414e+02,
       4.65554718e+02, 7.91168958e-02, 0., 0., 0., 1.11901599e+03,
       4.97921631e+02, 5.84868252e-01, 1.11899512e+03, 5.47865295e+02,
       6.00462019e-01, 1.32793384e+03, 5.83328674e+02, 7.02677488e-01,
       1.54865662e+03, 6.53974792e+02, 6.41398430e-01, 1.11893872e+03,
       4.44966064e+02, 5.62914848e-01, 1.35139929e+03, 4.36102478e+02,
       6.86654985e-01, 1.56337231e+03, 4.41951202e+02, 6.86108351e-01,
       7.18726868e+02, 5.21471985e+02, 8.61635089e-01, 7.36230896e+02,
       4.86182770e+02, 8.59860957e-01, 7.36251770e+02, 5.53737854e+02,
       7.87890732e-01, 7.62792297e+02, 4.80174835e+02, 6.55297339e-01,
       1.64283691e+03, 4.18487213e+02, 3.12848747e-01, 1.63697510e+03,
       4.15519043e+02, 3.46714735e-01, 1.58985132e+03, 4.44911499e+02,
       2.72573590e-01, 1.63104102e+03, 6.65608215e+02, 5.98619223e-01,
       1.61346631e+03, 6.74514221e+02, 5.66926241e-01, 1.56927600e+03,
       6.53934692e+02, 3.23583096e-01 ]
