%YAML:1.0
---
pose_0: !!opencv-matrix
   rows: 1
   cols: 25
   dt: "3f"
   data: [ 7.62900574e+02, 3.86099213e+02, 7.22528696e-01,
       8.62820007e+02, 3.94896729e+02, 4.66894537e-01, 8.51098206e+02,
       4.47898254e+02, 4.85670328e-01, 8.59980530e+02, 3.86098328e+02,
       4.91697669e-01, 8.68789795e+02, 2.68414063e+02, 7.56130338e-01,
       8.68761414e+02, 3.62486725e+02, 2.13032931e-01, 0., 0., 0., 0.,
       0., 0., 1.11603247e+03, 3.89085999e+02, 5.54962456e-01,
       1.11592371e+03, 4.36202820e+02, 5.36073267e-01, 1.33675049e+03,
       4.59578247e+02, 7.41598666e-01, 1.53100574e+03, 4.80197510e+02,
       5.50935566e-01, 1.11598242e+03, 3.38934998e+02, 5.27001023e-01,
       1.34557007e+03, 3.18473389e+02, 5.57224452e-01, 1.57806860e+03,
       2.91822571e+02, 4.93239105e-01, 7.39336060e+02, 3.92015564e+02,
       6.47502422e-01, 7.51044861e+02, 3.62563080e+02, 5.43528557e-01,
       7.59843750e+02, 4.18511719e+02, 2.82304078e-01, 7.83436584e+02,
       3.38948761e+02, 1.92020357e-01, 1.64579016e+03, 2.65350189e+02,
       4.53324676e-01, 1.63984851e+03, 2.59529114e+02, 5.03129900e-01,
       1.63099133e+03, 2.94734009e+02, 2.23243400e-01, 1.61045190e+03,
       4.77278625e+02, 4.65679824e-01, 1.60159485e+03, 4.83279572e+02,
       3.85965675e-01, 1.56625928e+03, 4.68465271e+02, 2.99472332e-01 ]
