%YAML:1.0
---
pose_0: !!opencv-matrix
   rows: 1
   cols: 25
   dt: "3f"
   data: [ 0., 0., 0., 9.36465637e+02, 5.30256226e+02, 4.20209318e-01,
       8.92323242e+02, 5.65610596e+02, 3.25084090e-01, 9.45220581e+02,
       4.24296417e+02, 5.19054830e-01, 1.00110101e+03, 2.71412231e+02,
       6.21163249e-01, 9.74715149e+02, 4.86194122e+02, 4.08419669e-01,
       1.05127075e+03, 4.53795319e+02, 7.24450648e-01, 1.16590002e+03,
       3.94970795e+02, 8.43314469e-01, 1.16597034e+03, 5.53787842e+02,
       5.85108101e-01, 1.16311060e+03, 5.98036255e+02, 5.37469029e-01,
       1.38092834e+03, 6.30431580e+02, 7.47615993e-01, 1.55748438e+03,
       7.24525574e+02, 6.28651798e-01, 1.16316504e+03, 5.06639435e+02,
       6.25998676e-01, 1.33083167e+03, 4.09546112e+02, 8.26921523e-01,
       1.55745007e+03, 4.09493042e+02, 6.35804653e-01, 0., 0., 0., 0.,
       0., 0., 8.06955811e+02, 5.06744019e+02, 7.61675090e-02, 0., 0.,
       0., 1.60160364e+03, 4.59649841e+02, 6.66876733e-02,
       1.60168921e+03, 4.33214996e+02, 5.89098707e-02, 1.58392761e+03,
       3.97823273e+02, 3.34592730e-01, 1.63110156e+03, 6.95217224e+02,
       6.51417017e-01, 1.61636902e+03, 7.15707520e+02, 5.87328732e-01,
       1.56629663e+03, 7.45160400e+02, 4.96015489e-01 ]
