%YAML:1.0
---
pose_0: !!opencv-matrix
   rows: 1
   cols: 25
   dt: "3f"
   data: [ 7.92201843e+02, 4.83338501e+02, 8.36522222e-01,
       8.89353149e+02, 4.36196198e+02, 4.85959202e-01, 8.71702759e+02,
       4.59702118e+02, 3.08849692e-01, 0., 0., 0., 0., 0., 0.,
       9.10029358e+02, 4.27236877e+02, 4.81886536e-01, 1.05716809e+03,
       4.39109314e+02, 7.59759367e-01, 1.19836633e+03, 4.86119385e+02,
       7.63186872e-01, 1.17485315e+03, 3.65417786e+02, 5.17974675e-01,
       1.19247974e+03, 3.41895050e+02, 4.59777385e-01, 1.37509363e+03,
       5.09730652e+02, 6.10931575e-01, 1.58694019e+03, 3.94886047e+02,
       4.03298378e-01, 1.16598438e+03, 3.88957855e+02, 4.66658562e-01,
       1.36034509e+03, 5.27437805e+02, 6.28174365e-01, 1.64285608e+03,
       4.09701294e+02, 4.68277633e-01, 7.74580078e+02, 4.91999481e+02,
       5.76689839e-01, 7.83378296e+02, 4.62573914e+02, 8.09106767e-01,
       0., 0., 0., 8.04042419e+02, 4.21347687e+02, 5.92423141e-01,
       1.69282886e+03, 4.65557983e+02, 1.84866056e-01, 1.68997180e+03,
       4.56770721e+02, 1.89047724e-01, 1.67517834e+03, 3.86093842e+02,
       2.63857782e-01, 0., 0., 0., 0., 0., 0., 1.59871094e+03,
       3.62526794e+02, 2.66037315e-01 ]
