%YAML:1.0
---
pose_0: !!opencv-matrix
   rows: 1
   cols: 25
   dt: "3f"
   data: [ 6.71474243e+02, 5.03653503e+02, 7.87055969e-01,
       8.12893860e+02, 5.18495667e+02, 6.72181129e-01, 7.95146912e+02,
       6.03892883e+02, 6.67033076e-01, 9.51246216e+02, 6.74600159e+02,
       6.00755394e-01, 1.08067505e+03, 7.24507141e+02, 7.42607236e-01,
       8.33499878e+02, 4.33163147e+02, 5.15046120e-01, 9.95304321e+02,
       3.88998688e+02, 6.90711498e-01, 1.14551721e+03, 3.59544373e+02,
       6.96913838e-01, 1.10420850e+03, 5.27389648e+02, 5.14382243e-01,
       1.10127026e+03, 5.77405701e+02, 5.03045499e-01, 1.32782764e+03,
       6.00816589e+02, 6.71784401e-01, 1.60456555e+03, 6.24412048e+02,
       6.06952488e-01, 1.10713672e+03, 4.65541077e+02, 4.79480207e-01,
       1.32793005e+03, 4.62676453e+02, 6.40628755e-01, 1.51927563e+03,
       4.83117126e+02, 5.24083078e-01, 6.51065796e+02, 5.12697327e+02,
       6.99933171e-01, 6.51001953e+02, 4.80346954e+02, 7.99894750e-01,
       6.71605408e+02, 5.42021484e+02, 4.82644826e-01, 6.80403442e+02,
       4.56796722e+02, 5.43826938e-01, 1.62519421e+03, 4.44934753e+02,
       3.00352365e-01, 1.62223828e+03, 4.41963654e+02, 3.08456063e-01,
       1.54275159e+03, 4.74379883e+02, 2.00598836e-01, 1.70456738e+03,
       6.24485718e+02, 3.08466017e-01, 1.68400928e+03, 6.42122864e+02,
       3.07005882e-01, 1.62222424e+03, 6.12704895e+02, 3.21181983e-01 ]
