%YAML:1.0
---
pose_0: !!opencv-matrix
   rows: 1
   cols: 25
   dt: "3f"
   data: [ 6.86313660e+02, 5.09682373e+02, 8.37701917e-01,
       8.09932556e+02, 5.09624817e+02, 7.48913348e-01, 8.09979187e+02,
       5.95073059e+02, 6.90010071e-01, 8.83548706e+02, 7.36232788e+02,
       8.32759619e-01, 8.33500305e+02, 6.68666382e+02, 5.39305091e-01,
       8.01072815e+02, 4.36114288e+02, 5.82387388e-01, 8.80543396e+02,
       3.89037506e+02, 6.44714475e-01, 9.74799011e+02, 3.71367645e+02,
       8.08804572e-01, 1.09247498e+03, 5.27392578e+02, 5.02906263e-01,
       1.08070789e+03, 5.80307739e+02, 4.85026330e-01, 1.33088489e+03,
       5.74533020e+02, 6.77985549e-01, 1.58694202e+03, 5.94954346e+02,
       4.99200016e-01, 1.09534448e+03, 4.65588989e+02, 4.85732466e-01,
       1.30438159e+03, 4.53812195e+02, 4.28951919e-01, 1.59866260e+03,
       5.18495544e+02, 1.89503253e-01, 6.68591003e+02, 5.27308228e+02,
       8.37870479e-01, 6.71562073e+02, 4.89111328e+02, 7.96372890e-01,
       6.92057251e+02, 5.36177124e+02, 1.05339557e-01, 6.95000916e+02,
       4.56800964e+02, 6.34569526e-01, 0., 0., 0., 0., 0., 0.,
       1.60458118e+03, 5.30283386e+02, 1.87042922e-01, 1.68706506e+03,
       5.95059021e+02, 4.23556387e-01, 1.66931970e+03, 6.09724854e+02,
       4.04068381e-01, 1.61336353e+03, 5.77355774e+02, 2.32214943e-01 ]
