%YAML:1.0
---
pose_0: !!opencv-matrix
   rows: 1
   cols: 25
   dt: "3f"
   data: [ 5.53944763e+02, 5.62626038e+02, 5.37556767e-01,
       6.68592468e+02, 4.89105225e+02, 4.44333464e-01, 6.21451294e+02,
       5.74361633e+02, 2.12992460e-01, 7.01019043e+02, 6.71504700e+02,
       1.54293135e-01, 6.95149109e+02, 6.30327576e+02, 3.07504773e-01,
       6.95149841e+02, 4.24373932e+02, 5.66856503e-01, 7.21659302e+02,
       4.56759003e+02, 6.77398324e-01, 6.24537354e+02, 5.56839233e+02,
       6.48920953e-01, 1.02182690e+03, 5.53817139e+02, 1.81322664e-01,
       1.03358801e+03, 6.21474792e+02, 1.48155764e-01, 1.07770679e+03,
       6.92086914e+02, 1.30971685e-01, 1.14245825e+03, 6.92212891e+02,
       5.43955378e-02, 1.01593549e+03, 5.00824921e+02, 1.90266043e-01,
       1.36322412e+03, 5.77395386e+02, 2.88920909e-01, 1.69582092e+03,
       6.33297424e+02, 1.80317700e-01, 5.33174744e+02, 5.71477539e+02,
       4.77126777e-01, 5.33321289e+02, 5.36177368e+02, 4.69750285e-01,
       0., 0., 0., 5.42079773e+02, 5.00783051e+02, 5.07901251e-01, 0.,
       0., 0., 0., 0., 0., 1.72819165e+03, 6.48006226e+02,
       2.02914760e-01, 0., 0., 0., 0., 0., 0., 0., 0., 0. ]
