%YAML:1.0
---
pose_0: !!opencv-matrix
   rows: 1
   cols: 25
   dt: "3f"
   data: [ 7.48060852e+02, 3.89009125e+02, 6.89030409e-01,
       8.15848389e+02, 3.09556976e+02, 3.85707855e-01, 8.12782593e+02,
       3.00734619e+02, 2.55166769e-01, 9.33585449e+02, 4.00744293e+02,
       6.88216388e-02, 0., 0., 0., 8.24604004e+02, 3.06598145e+02,
       6.12356544e-01, 9.39362061e+02, 4.06644409e+02, 7.34014273e-01,
       9.57101868e+02, 5.44975037e+02, 8.05914640e-01, 1.11899268e+03,
       3.62451111e+02, 4.39561486e-01, 1.11898291e+03, 4.09582916e+02,
       4.53813881e-01, 1.31616467e+03, 5.24387939e+02, 7.24330425e-01,
       1.53684167e+03, 5.71401367e+02, 6.56795323e-01, 1.11896741e+03,
       3.15365387e+02, 3.46514851e-01, 1.37202002e+03, 2.47711929e+02,
       5.12720346e-01, 1.56924133e+03, 1.47656616e+02, 3.68229568e-01,
       7.30484497e+02, 3.91915497e+02, 3.01542789e-01, 7.39210266e+02,
       3.68435760e+02, 6.18367732e-01, 0., 0., 0., 7.42315063e+02,
       3.33060150e+02, 5.46148896e-01, 1.68117456e+03, 1.03472824e+02,
       2.19251275e-01, 1.68400830e+03, 1.00586433e+02, 1.84362844e-01,
       1.56926575e+03, 1.44695480e+02, 1.87681973e-01, 1.58393250e+03,
       6.39221619e+02, 3.38199675e-01, 1.57804724e+03, 6.30327271e+02,
       3.10842425e-01, 1.56343738e+03, 5.50901245e+02, 5.28647840e-01 ]
