%YAML:1.0
---
pose_0: !!opencv-matrix
   rows: 1
   cols: 25
   dt: "3f"
   data: [ 7.39191040e+02, 3.62415527e+02, 8.44888568e-01,
       8.27580505e+02, 3.62546875e+02, 7.55237520e-01, 8.12939575e+02,
       4.42030884e+02, 6.53406501e-01, 7.56949585e+02, 4.97913208e+02,
       7.63675332e-01, 6.33260193e+02, 4.77320587e+02, 6.97650075e-01,
       8.24579163e+02, 2.88905609e+02, 7.01843441e-01, 8.57083069e+02,
       3.27179871e+02, 7.52566159e-01, 8.60027161e+02, 4.59731262e+02,
       8.82103801e-01, 1.09533850e+03, 3.77255005e+02, 5.38944662e-01,
       1.09535291e+03, 4.27214874e+02, 5.27694941e-01, 1.30442273e+03,
       4.44916656e+02, 7.09192932e-01, 1.53096533e+03, 4.77266022e+02,
       5.53654075e-01, 1.09250769e+03, 3.21395203e+02, 5.36775708e-01,
       1.33089783e+03, 3.12367859e+02, 6.18017256e-01, 1.56328125e+03,
       2.88952209e+02, 6.13323867e-01, 7.21643005e+02, 3.71373260e+02,
       7.32341349e-01, 7.21648865e+02, 3.41861542e+02, 7.96718836e-01,
       7.42321350e+02, 4.03671112e+02, 5.49430728e-01, 7.42271179e+02,
       3.15349915e+02, 4.29193318e-01, 1.63991516e+03, 2.86025879e+02,
       4.97399390e-01, 1.63691418e+03, 2.74280579e+02, 5.36860585e-01,
       1.57222632e+03, 2.77167023e+02, 2.49566972e-01, 1.60455566e+03,
       4.80154175e+02, 5.14265895e-01, 1.58985657e+03, 4.89067505e+02,
       4.65593159e-01, 1.55455420e+03, 4.65506714e+02, 2.96572745e-01 ]
