%YAML:1.0
---
pose_0: !!opencv-matrix
   rows: 1
   cols: 25
   dt: "3f"
   data: [ 7.09773987e+02, 5.53796509e+02, 8.73533368e-01,
       8.27597595e+02, 5.74486572e+02, 7.70661533e-01, 8.15804626e+02,
       6.50967651e+02, 6.68483496e-01, 9.33488159e+02, 7.15643005e+02,
       7.78979301e-01, 1.03944421e+03, 7.48155090e+02, 7.74172008e-01,
       8.36438477e+02, 5.00820923e+02, 6.84529424e-01, 9.57109863e+02,
       4.15548401e+02, 7.88225889e-01, 1.03648853e+03, 3.18320404e+02,
       7.31330156e-01, 1.07772595e+03, 5.83305237e+02, 5.62166750e-01,
       1.07775171e+03, 6.30340698e+02, 5.82686067e-01, 1.27789709e+03,
       6.47984192e+02, 7.34932125e-01, 1.51629407e+03, 6.92058533e+02,
       5.96079350e-01, 1.08063611e+03, 5.30291138e+02, 5.99690020e-01,
       1.29550256e+03, 5.03703766e+02, 6.88351572e-01, 1.50742969e+03,
       4.59729736e+02, 6.52681768e-01, 6.92176331e+02, 5.68510864e+02,
       7.94602931e-01, 6.98081665e+02, 5.33171204e+02, 8.06950092e-01,
       7.09787048e+02, 5.92018433e+02, 5.03005862e-01, 7.36267090e+02,
       5.09692657e+02, 6.73565686e-01, 1.59286621e+03, 4.47864441e+02,
       5.42694807e-01, 1.58991040e+03, 4.36176849e+02, 5.28556943e-01,
       1.52508789e+03, 4.56759277e+02, 2.75773078e-01, 1.56035718e+03,
       6.48133972e+02, 3.46987724e-01, 1.54863892e+03, 6.65669556e+02,
       3.02668154e-01, 1.54573376e+03, 6.98013550e+02, 3.40215892e-01 ]
