%YAML:1.0
---
pose_0: !!opencv-matrix
   rows: 1
   cols: 25
   dt: "3f"
   data: [ 7.18620239e+02, 4.44931335e+02, 7.80168355e-01,
       8.30488647e+02, 4.59692505e+02, 5.87102652e-01, 8.57027832e+02,
       5.56816467e+02, 3.42964470e-01, 9.83583618e+02, 5.97882751e+02,
       7.23331451e-01, 1.04521912e+03, 5.74301270e+02, 8.50378811e-01,
       8.36346130e+02, 3.89076874e+02, 7.01908946e-01, 9.80620361e+02,
       3.36043457e+02, 7.89961100e-01, 9.36457825e+02, 3.53662720e+02,
       8.04192603e-01, 1.12184595e+03, 4.83137970e+02, 5.70317447e-01,
       1.11303516e+03, 5.27447876e+02, 5.68888247e-01, 1.31020532e+03,
       5.53814087e+02, 5.76615453e-01, 1.49561633e+03, 5.59693298e+02,
       5.86395025e-01, 1.12779834e+03, 4.33068298e+02, 5.48134565e-01,
       1.35438940e+03, 4.36114838e+02, 6.98104143e-01, 1.54865295e+03,
       4.53811127e+02, 6.09059334e-01, 7.01053894e+02, 4.56663696e+02,
       7.25570798e-01, 7.12701172e+02, 4.33040680e+02, 7.61018872e-01,
       0., 0., 0., 7.33420044e+02, 4.09517731e+02, 5.87165475e-01,
       1.61639075e+03, 4.42045807e+02, 5.50190449e-01, 1.61338403e+03,
       4.36124359e+02, 6.20169342e-01, 1.57218970e+03, 4.56717560e+02,
       2.71058023e-01, 1.49267871e+03, 6.51063721e+02, 3.04681659e-01,
       1.48099658e+03, 6.47989014e+02, 2.48695269e-01, 1.52802563e+03,
       5.50961731e+02, 3.89438182e-01 ]
