%YAML:1.0
---
pose_0: !!opencv-matrix
   rows: 1
   cols: 25
   dt: "3f"
   data: [ 7.36294983e+02, 5.27409546e+02, 7.06013083e-01,
       8.01020935e+02, 4.59552643e+02, 4.99187261e-01, 7.92311523e+02,
       4.56638153e+02, 4.11034703e-01, 0., 0., 0., 0., 0., 0.,
       8.06945740e+02, 4.62581116e+02, 7.36172020e-01, 9.30613281e+02,
       5.24368530e+02, 8.18257451e-01, 8.30501465e+02, 5.71412292e+02,
       8.03056836e-01, 1.10126221e+03, 4.41957336e+02, 3.67238551e-01,
       1.09239807e+03, 4.62573517e+02, 2.59394139e-01, 1.33669922e+03,
       4.62626099e+02, 6.19722426e-01, 1.54569751e+03, 3.89106659e+02,
       6.16034925e-01, 1.10423889e+03, 4.27246460e+02, 2.84952790e-01,
       1.34850098e+03, 4.94931641e+02, 6.51240587e-01, 1.63689966e+03,
       4.21370331e+02, 4.91727322e-01, 0., 0., 0., 7.21645691e+02,
       5.06901154e+02, 6.95596695e-01, 0., 0., 0., 7.39126648e+02,
       4.65576935e+02, 6.21883512e-01, 1.68404236e+03, 3.68412506e+02,
       3.38423133e-01, 1.68398035e+03, 3.71334259e+02, 3.07692617e-01,
       1.67228015e+03, 4.30195374e+02, 2.09059149e-01, 1.67222461e+03,
       3.65505035e+02, 1.61027804e-01, 1.65754382e+03, 3.80193787e+02,
       8.92482549e-02, 1.56931177e+03, 3.59609650e+02, 2.91563004e-01 ]
