%YAML:1.0
---
pose_0: !!opencv-matrix
   rows: 1
   cols: 25
   dt: "3f"
   data: [ 7.80481750e+02, 5.50901978e+02, 8.30343187e-01,
       8.83376526e+02, 5.24299561e+02, 7.39885151e-01, 8.80581726e+02,
       5.97951416e+02, 7.45873988e-01, 9.71826660e+02, 6.71569397e+02,
       7.26842821e-01, 1.04840552e+03, 7.18619812e+02, 8.08423936e-01,
       8.86505066e+02, 4.53754211e+02, 6.14379048e-01, 9.57074768e+02,
       3.59545105e+02, 7.28222787e-01, 8.74682251e+02, 2.91908295e+02,
       7.23778605e-01, 1.12194922e+03, 5.39117310e+02, 5.71548522e-01,
       1.11899280e+03, 5.86159546e+02, 5.69770932e-01, 1.33379675e+03,
       6.18565552e+02, 7.89247215e-01, 1.51919226e+03, 6.24508545e+02,
       6.91227436e-01, 1.13069958e+03, 4.86156342e+02, 5.38987875e-01,
       1.34558435e+03, 4.68472290e+02, 6.39297366e-01, 1.54568518e+03,
       4.36158539e+02, 7.16359198e-01, 7.62885193e+02, 5.59786926e+02,
       7.75372267e-01, 7.62847717e+02, 5.30364380e+02, 8.27580929e-01,
       7.86236267e+02, 5.74507690e+02, 1.50771409e-01, 7.74541870e+02,
       5.03829742e+02, 5.60500503e-01, 1.61350867e+03, 4.36178528e+02,
       4.15878624e-01, 1.61045410e+03, 4.33048340e+02, 4.79527771e-01,
       1.56921375e+03, 4.27287018e+02, 2.92149574e-01, 1.57511255e+03,
       6.68614014e+02, 2.88931191e-01, 1.58097913e+03, 6.62703247e+02,
       3.06585729e-01, 1.54870801e+03, 6.06849060e+02, 4.57924068e-01 ]
