%YAML:1.0
---
pose_0: !!opencv-matrix
   rows: 1
   cols: 25
   dt: "3f"
   data: [ 0., 0., 0., 9.95349365e+02, 5.12620422e+02, 3.36130083e-01,
       9.48218079e+02, 5.50802673e+02, 3.30416739e-01, 8.24570251e+02,
       5.30223633e+02, 5.33499777e-01, 9.77698547e+02, 4.89050171e+02,
       2.89800316e-01, 1.04831116e+03, 4.83119690e+02, 2.17458338e-01,
       0., 0., 0., 0., 0., 0., 1.17781055e+03, 5.56775635e+02,
       4.83409286e-01, 1.16605359e+03, 5.98006226e+02, 4.31220621e-01,
       1.39860950e+03, 4.94923553e+02, 7.67828822e-01, 1.63699548e+03,
       7.15669495e+02, 6.59477711e-01, 1.18669409e+03, 5.12604248e+02,
       4.33208525e-01, 1.37786792e+03, 4.50835541e+02, 5.50902784e-01,
       1.54868213e+03, 6.03912842e+02, 1.66492105e-01, 0., 0., 0., 0.,
       0., 0., 0., 0., 0., 0., 0., 0., 0., 0., 0., 0., 0., 0., 0., 0.,
       0., 1.67813489e+03, 7.12698364e+02, 2.91052192e-01,
       1.66350696e+03, 7.24513977e+02, 3.39110970e-01, 1.64874011e+03,
       7.39166931e+02, 4.74305004e-01 ]
