%YAML:1.0
---
pose_0: !!opencv-matrix
   rows: 1
   cols: 25
   dt: "3f"
   data: [ 7.74537292e+02, 4.09635895e+02, 7.24046171e-01,
       8.60061340e+02, 4.41962799e+02, 6.67271137e-01, 8.42295410e+02,
       5.03821442e+02, 5.75315714e-01, 7.36225525e+02, 4.71416473e+02,
       3.72145534e-01, 5.92068787e+02, 4.09696350e+02, 3.28671873e-01,
       8.80573425e+02, 3.86085480e+02, 6.66211188e-01, 1.01885358e+03,
       3.38837677e+02, 7.27380693e-01, 1.13943140e+03, 2.74302582e+02,
       7.89546728e-01, 1.11889954e+03, 4.39065399e+02, 5.87273598e-01,
       1.11591187e+03, 4.86164520e+02, 5.63821614e-01, 1.33379309e+03,
       5.83256470e+02, 5.57272434e-01, 1.52805774e+03, 6.89128052e+02,
       5.16589999e-01, 1.11892590e+03, 3.88953156e+02, 5.47550976e-01,
       1.23377722e+03, 3.36065063e+02, 2.53740132e-01, 0., 0., 0.,
       7.59789856e+02, 4.21355011e+02, 6.67963088e-01, 7.62706543e+02,
       3.91999329e+02, 5.88680923e-01, 7.68719604e+02, 4.56679565e+02,
       6.52745128e-01, 7.86411255e+02, 3.85986786e+02, 1.10264152e-01,
       0., 0., 0., 0., 0., 0., 0., 0., 0., 1.61343616e+03,
       6.95183105e+02, 5.60329497e-01, 1.60167139e+03, 7.12709961e+02,
       4.83720362e-01, 1.54281104e+03, 6.92190552e+02, 3.20237488e-01 ]
