%YAML:1.0
---
pose_0: !!opencv-matrix
   rows: 1
   cols: 25
   dt: "3f"
   data: [ 7.59845581e+02, 3.89040863e+02, 9.09936190e-01,
       8.80576111e+02, 3.86077545e+02, 7.49957681e-01, 8.95260559e+02,
       4.80094849e+02, 6.89887524e-01, 1.02477319e+03, 5.09662048e+02,
       8.22197258e-01, 1.11301050e+03, 5.74378784e+02, 8.33994746e-01,
       8.80458801e+02, 3.03635132e+02, 6.64497972e-01, 9.71778076e+02,
       1.80082733e+02, 8.14199328e-01, 1.09544971e+03, 1.32890503e+02,
       8.54720294e-01, 1.16299402e+03, 3.56627502e+02, 5.39114833e-01,
       1.16016187e+03, 4.06648621e+02, 5.51797986e-01, 1.35434314e+03,
       4.39065186e+02, 7.29150653e-01, 1.54279199e+03, 5.30366272e+02,
       5.22577345e-01, 1.16015991e+03, 2.94790100e+02, 5.43888628e-01,
       1.35440491e+03, 2.83062103e+02, 5.49971104e-01, 1.58099695e+03,
       2.86041412e+02, 6.16073847e-01, 7.42296875e+02, 4.06716125e+02,
       8.29401016e-01, 7.45187317e+02, 3.68516541e+02, 8.37525070e-01,
       7.65715454e+02, 4.24272491e+02, 2.91653454e-01, 7.65744934e+02,
       3.47792328e+02, 5.34044802e-01, 1.63985376e+03, 2.68237366e+02,
       5.42006493e-01, 1.63686255e+03, 2.62423035e+02, 5.72395623e-01,
       1.61048804e+03, 2.97755066e+02, 3.37348133e-01, 1.61054285e+03,
       5.33281067e+02, 4.31428134e-01, 1.60452734e+03, 5.47879822e+02,
       3.55578363e-01, 1.56924011e+03, 5.33280579e+02, 3.02825838e-01 ]
