%YAML:1.0
---
pose_0: !!opencv-matrix
   rows: 1
   cols: 25
   dt: "3f"
   data: [ 7.45097351e+02, 5.53811462e+02, 9.29670990e-01,
       8.57047668e+02, 5.80368469e+02, 7.35827982e-01, 8.54071228e+02,
       6.53936462e+02, 6.59591854e-01, 9.65909485e+02, 7.00957031e+02,
       6.83215916e-01, 1.04837646e+03, 7.24557922e+02, 8.25064719e-01,
       8.62830994e+02, 5.21399475e+02, 6.63426042e-01, 9.59990540e+02,
       4.83109406e+02, 2.89657533e-01, 9.98270569e+02, 4.80109558e+02,
       3.63868386e-01, 1.11599146e+03, 5.62658508e+02, 5.41829586e-01,
       1.11302539e+03, 6.18510498e+02, 5.63184500e-01, 1.31616553e+03,
       6.24605164e+02, 7.30628908e-01, 1.56036023e+03, 6.53941711e+02,
       6.00064278e-01, 1.11306885e+03, 5.06734314e+02, 6.04383945e-01,
       1.31024731e+03, 4.65574646e+02, 5.71671188e-01, 1.56036182e+03,
       4.36163910e+02, 6.13187134e-01, 7.27535706e+02, 5.68486755e+02,
       8.22322667e-01, 7.42131287e+02, 5.30433472e+02, 9.26907539e-01,
       7.39165283e+02, 5.97960876e+02, 7.74094999e-01, 7.68650330e+02,
       5.18449890e+02, 5.87652087e-01, 1.63402466e+03, 4.36048096e+02,
       5.76920152e-01, 1.63106238e+03, 4.30168549e+02, 5.73072910e-01,
       1.57809290e+03, 4.33175049e+02, 2.54135340e-01, 1.62805200e+03,
       6.86246521e+02, 3.65173399e-01, 1.62220386e+03, 6.86292542e+02,
       3.91052991e-01, 1.58694055e+03, 6.42173035e+02, 4.23329264e-01 ]
