%YAML:1.0
---
pose_0: !!opencv-matrix
   rows: 1
   cols: 25
   dt: "3f"
   data: [ 7.62710205e+02, 4.00723877e+02, 8.14091504e-01,
       8.48199158e+02, 4.06693329e+02, 6.65068626e-01, 8.59946899e+02,
       4.71393646e+02, 5.93764007e-01, 9.57043579e+02, 4.80300781e+02,
       4.34828967e-01, 9.77594727e+02, 5.30214722e+02, 8.55887890e-01,
       8.42330811e+02, 3.42023285e+02, 6.37316227e-01, 1.00123480e+03,
       2.77193756e+02, 7.19127417e-01, 1.13360168e+03, 2.47623184e+02,
       8.09666991e-01, 1.11297058e+03, 4.06704376e+02, 5.47711015e-01,
       1.10127905e+03, 4.56624847e+02, 5.86936295e-01, 1.32797034e+03,
       5.27291504e+02, 7.26552546e-01, 1.53987195e+03, 5.74395386e+02,
       6.38558149e-01, 1.11308350e+03, 3.50719604e+02, 5.05738258e-01,
       1.34853918e+03, 3.53700592e+02, 4.75314021e-01, 1.57224805e+03,
       3.12432831e+02, 5.60142696e-01, 7.42319702e+02, 4.12532623e+02,
       8.28667581e-01, 7.45190613e+02, 3.83026306e+02, 8.16103160e-01,
       7.62699646e+02, 4.33293152e+02, 3.40601146e-01, 7.65765991e+02,
       3.47807190e+02, 6.41565382e-01, 1.64291577e+03, 2.65416290e+02,
       5.33164680e-01, 1.63699097e+03, 2.65432343e+02, 5.37212908e-01,
       1.60163855e+03, 3.15368958e+02, 2.43607536e-01, 1.60743066e+03,
       6.06793274e+02, 3.74814272e-01, 1.60742053e+03, 6.03856628e+02,
       4.19771999e-01, 1.57224207e+03, 5.53875977e+02, 3.86146963e-01 ]
