%YAML:1.0
---
pose_0: !!opencv-matrix
   rows: 1
   cols: 25
   dt: "3f"
   data: [ 6.89273376e+02, 4.36152527e+02, 8.99754345e-01,
       8.12722778e+02, 4.65596161e+02, 7.61446655e-01, 8.09984741e+02,
       5.53801086e+02, 7.33905137e-01, 9.04146729e+02, 5.97876587e+02,
       6.87457561e-01, 1.00133765e+03, 6.03828796e+02, 7.67134547e-01,
       8.21643677e+02, 3.89112823e+02, 7.00893521e-01, 9.71775574e+02,
       3.59633728e+02, 8.51827562e-01, 8.74597778e+02, 3.65596924e+02,
       8.32812309e-01, 1.09237341e+03, 4.80133820e+02, 5.78604281e-01,
       1.07778027e+03, 5.24439148e+02, 5.79420567e-01, 1.26610132e+03,
       5.50919128e+02, 6.95974350e-01, 1.51037415e+03, 5.71501953e+02,
       5.92254758e-01, 1.09536169e+03, 4.24329468e+02, 5.26266515e-01,
       1.32787305e+03, 4.30252686e+02, 5.63774645e-01, 1.54277710e+03,
       4.47917480e+02, 6.41406894e-01, 6.71681091e+02, 4.53807404e+02,
       8.03250849e-01, 6.83271301e+02, 4.18431213e+02, 8.18502069e-01,
       6.95049011e+02, 4.83121674e+02, 7.49599576e-01, 7.15560059e+02,
       4.06644867e+02, 6.54409707e-01, 1.61634668e+03, 4.53682190e+02,
       6.28119528e-01, 1.61345801e+03, 4.39055023e+02, 6.43118024e-01,
       1.55751001e+03, 4.53764374e+02, 3.12605560e-01, 1.58396423e+03,
       5.59708374e+02, 2.27748573e-01, 1.56631555e+03, 5.80347961e+02,
       1.83163598e-01, 1.54275195e+03, 5.53867554e+02, 3.00734997e-01 ]
