%YAML:1.0
---
pose_0: !!opencv-matrix
   rows: 1
   cols: 25
   dt: "3f"
   data: [ 6.48135132e+02, 5.03852905e+02, 8.37631702e-01,
       7.98078979e+02, 5.03862030e+02, 6.41510785e-01, 7.89294189e+02,
       5.92098511e+02, 5.77420712e-01, 9.10034668e+02, 6.30325623e+02,
       5.01031935e-01, 9.51084961e+02, 6.30331604e+02, 4.09435809e-01,
       8.01026550e+02, 4.33179169e+02, 5.50791025e-01, 8.33451538e+02,
       3.92034729e+02, 1.89967334e-01, 8.83537231e+02, 3.65416748e+02,
       4.24424410e-01, 1.08065674e+03, 5.00880432e+02, 4.98889595e-01,
       1.07192896e+03, 5.53931396e+02, 5.42270660e-01, 1.28076685e+03,
       5.83323853e+02, 2.49406293e-01, 1.49572925e+03, 5.92064575e+02,
       2.36837164e-01, 1.08359973e+03, 4.39027466e+02, 4.91932631e-01,
       1.33093604e+03, 4.80112885e+02, 5.83490252e-01, 1.69581128e+03,
       4.83287750e+02, 2.82172769e-01, 6.33287903e+02, 5.09704254e+02,
       7.20320404e-01, 6.45036194e+02, 4.80153809e+02, 8.30814958e-01,
       0., 0., 0., 6.80359314e+02, 4.36216095e+02, 5.76576054e-01,
       1.81647241e+03, 5.42077759e+02, 1.14617519e-01, 0., 0., 0.,
       1.72819202e+03, 4.97905457e+02, 1.33469865e-01, 1.49275146e+03,
       6.50943420e+02, 1.33477151e-01, 1.48393665e+03, 6.45055908e+02,
       1.41208738e-01, 1.52213513e+03, 5.97926514e+02, 1.21179268e-01 ]
