%YAML:1.0
---
pose_0: !!opencv-matrix
   rows: 1
   cols: 25
   dt: "3f"
   data: [ 6.62704224e+02, 5.00856720e+02, 7.84418106e-01,
       7.95144348e+02, 4.83208740e+02, 6.98716819e-01, 8.12930054e+02,
       5.89163513e+02, 6.55222952e-01, 9.92424438e+02, 6.50900574e+02,
       6.28020167e-01, 1.11891724e+03, 7.21596924e+02, 7.00443447e-01,
       7.92254272e+02, 3.86047791e+02, 7.18569398e-01, 9.48143616e+02,
       3.33092102e+02, 7.15983272e-01, 1.08064673e+03, 2.62496185e+02,
       7.93993115e-01, 1.11308215e+03, 5.03871338e+02, 5.58794439e-01,
       1.09539746e+03, 5.59726929e+02, 6.03718281e-01, 1.31031653e+03,
       6.62691833e+02, 6.54382646e-01, 1.55750610e+03, 6.74451660e+02,
       5.35447359e-01, 1.11899768e+03, 4.36198578e+02, 5.29225826e-01,
       1.36905176e+03, 4.74395935e+02, 6.31655872e-01, 1.62221973e+03,
       4.77296112e+02, 5.80599606e-01, 6.44959839e+02, 5.18508118e+02,
       7.63471901e-01, 6.44999817e+02, 4.77293854e+02, 8.06275129e-01,
       6.62713440e+02, 5.36164917e+02, 1.27065986e-01, 6.68563782e+02,
       4.33074249e+02, 4.87403214e-01, 1.70757971e+03, 4.71378601e+02,
       4.48180407e-01, 1.70474011e+03, 4.56744141e+02, 4.65609908e-01,
       1.63690906e+03, 4.80330963e+02, 2.99683094e-01, 1.63107104e+03,
       6.21572571e+02, 2.85710603e-01, 1.61344543e+03, 6.33337646e+02,
       2.10157767e-01, 1.58983997e+03, 6.74592468e+02, 2.96728045e-01 ]
