%YAML:1.0
---
pose_0: !!opencv-matrix
   rows: 1
   cols: 25
   dt: "3f"
   data: [ 6.95126770e+02, 5.39145569e+02, 7.88192153e-01,
       7.92198547e+02, 5.00756744e+02, 6.58078015e-01, 7.86258484e+02,
       5.59679016e+02, 6.23067617e-01, 8.80588196e+02, 6.03945068e+02,
       4.62721348e-01, 1.02179486e+03, 6.45016785e+02, 2.48112336e-01,
       8.01108643e+02, 4.36138916e+02, 5.24498999e-01, 9.30479492e+02,
       3.62468079e+02, 8.00929010e-01, 1.04531873e+03, 3.18442566e+02,
       8.68667543e-01, 1.09540442e+03, 5.09685516e+02, 5.85817635e-01,
       1.08946985e+03, 5.62630737e+02, 5.82698107e-01, 1.28669421e+03,
       5.98084595e+02, 6.48152888e-01, 1.58991064e+03, 6.39127563e+02,
       5.83419621e-01, 1.10422266e+03, 4.56727356e+02, 5.63802719e-01,
       1.35736560e+03, 4.74349518e+02, 6.48684025e-01, 1.59277100e+03,
       4.65561584e+02, 5.87648690e-01, 6.86287781e+02, 5.47984985e+02,
       6.94473147e-01, 6.89189636e+02, 5.24391296e+02, 7.60826409e-01,
       0., 0., 0., 7.09776428e+02, 4.83141113e+02, 6.58608496e-01,
       1.67811169e+03, 5.06782928e+02, 2.26021782e-01, 1.67225854e+03,
       5.00773956e+02, 1.98389217e-01, 1.65750122e+03, 4.94925873e+02,
       2.04293162e-01, 1.71932129e+03, 6.50977295e+02, 2.80478030e-01,
       1.70470691e+03, 6.71564026e+02, 2.61567354e-01, 1.61633936e+03,
       6.24442078e+02, 3.20699960e-01 ]
