%YAML:1.0
---
pose_0: !!opencv-matrix
   rows: 1
   cols: 25
   dt: "3f"
   data: [ 7.30449097e+02, 4.39094208e+02, 8.24092090e-01,
       8.42283569e+02, 4.33143555e+02, 7.04722822e-01, 8.39413696e+02,
       5.06757690e+02, 6.80090845e-01, 9.74615967e+02, 5.68524353e+02,
       6.40534401e-01, 1.09534314e+03, 6.18589050e+02, 3.83052707e-01,
       8.51123169e+02, 3.62449493e+02, 6.06196642e-01, 1.00112018e+03,
       3.18483795e+02, 8.28764200e-01, 1.11590259e+03, 2.97813629e+02,
       8.19563985e-01, 1.10130762e+03, 4.56673889e+02, 5.80687165e-01,
       1.09536938e+03, 5.06646088e+02, 6.09267771e-01, 1.31032629e+03,
       5.42036133e+02, 6.91401064e-01, 1.56338342e+03, 5.68572693e+02,
       6.19046211e-01, 1.11304749e+03, 4.00766357e+02, 5.35606742e-01,
       1.35141248e+03, 4.06621918e+02, 5.90118349e-01, 1.56044312e+03,
       4.03749207e+02, 6.08018875e-01, 7.15669312e+02, 4.59544220e+02,
       8.05885196e-01, 7.15824402e+02, 4.24285950e+02, 8.27542603e-01,
       7.33417847e+02, 4.77363373e+02, 1.78034857e-01, 7.42137695e+02,
       3.89149048e+02, 5.70573211e-01, 1.63708801e+03, 4.36218445e+02,
       1.06460802e-01, 1.63403552e+03, 4.24269196e+02, 8.45977589e-02,
       1.60748987e+03, 4.12502350e+02, 2.40813524e-01, 1.63995679e+03,
       5.56796143e+02, 2.86218405e-01, 1.63405591e+03, 5.74502136e+02,
       2.85820603e-01, 1.59279443e+03, 5.53892883e+02, 3.17722112e-01 ]
