%YAML:1.0
---
pose_0: !!opencv-matrix
   rows: 1
   cols: 25
   dt: "3f"
   data: [ 0., 0., 0., 0., 0., 0., 0., 0., 0., 0., 0., 0., 0., 0., 0.,
       0., 0., 0., 0., 0., 0., 0., 0., 0., 1.17485144e+03,
       4.56726349e+02, 1.80753022e-01, 1.18665527e+03, 5.21446838e+02,
       1.56639546e-01, 1.35436072e+03, 6.21469727e+02, 5.33276141e-01,
       1.53097729e+03, 6.00832581e+02, 4.46080387e-01, 1.19841626e+03,
       4.06646240e+02, 2.09347814e-01, 1.39553064e+03, 3.36020782e+02,
       2.41376147e-01, 1.54571057e+03, 1.91838394e+02, 2.81780571e-01,
       0., 0., 0., 0., 0., 0., 0., 0., 0., 0., 0., 0., 0., 0., 0., 0.,
       0., 0., 1.55157581e+03, 1.80094727e+02, 1.54142559e-01,
       1.58393787e+03, 6.53898804e+02, 2.41312847e-01, 1.58391162e+03,
       6.48057556e+02, 2.29552239e-01, 1.56343970e+03, 5.77290100e+02,
       3.80523711e-01 ]
