%YAML:1.0
---
pose_0: !!opencv-matrix
   rows: 1
   cols: 25
   dt: "3f"
   data: [ 7.21573669e+02, 3.65593262e+02, 8.51291418e-01,
       8.30467957e+02, 3.41911438e+02, 5.69176614e-01, 8.21699463e+02,
       3.94899384e+02, 3.38259101e-01, 9.77720825e+02, 4.77337372e+02,
       2.94517398e-01, 9.74688721e+02, 4.74373108e+02, 2.91079193e-01,
       8.42219177e+02, 2.71288849e+02, 6.41140759e-01, 9.77676819e+02,
       2.59536591e+02, 8.12369466e-01, 8.83505249e+02, 3.53720642e+02,
       8.11664104e-01, 1.11903101e+03, 3.77249542e+02, 6.01986825e-01,
       1.11007068e+03, 4.30110992e+02, 6.10303283e-01, 1.30427502e+03,
       4.62559723e+02, 7.41505027e-01, 1.52220862e+03, 5.09646271e+02,
       5.53657293e-01, 1.13365222e+03, 3.18464111e+02, 5.59974849e-01,
       1.35144470e+03, 3.18365570e+02, 6.14485085e-01, 1.58390845e+03,
       3.15402985e+02, 5.74060500e-01, 7.09869324e+02, 3.83091003e+02,
       7.61578500e-01, 7.12750916e+02, 3.44963684e+02, 8.02604914e-01,
       7.24526611e+02, 3.91963379e+02, 1.34884059e-01, 7.36222595e+02,
       3.18268799e+02, 5.71994305e-01, 1.63997217e+03, 2.91859955e+02,
       4.78414237e-01, 1.63686255e+03, 2.88891144e+02, 5.46351731e-01,
       1.61634131e+03, 3.18356445e+02, 2.86666453e-01, 1.61036072e+03,
       5.06743347e+02, 3.26980740e-01, 1.58993054e+03, 5.24373291e+02,
       2.83691078e-01, 1.55457361e+03, 5.03789764e+02, 2.73479700e-01 ]
