%YAML:1.0
---
pose_0: !!opencv-matrix
   rows: 1
   cols: 25
   dt: "3f"
   data: [ 7.42345154e+02, 5.06856750e+02, 8.80273163e-01,
       8.62974426e+02, 5.30196472e+02, 7.59264946e-01, 8.57093140e+02,
       6.18626953e+02, 7.39076972e-01, 9.74791687e+02, 6.71499573e+02,
       5.76093316e-01, 1.06004138e+03, 6.65714661e+02, 3.63143027e-01,
       8.80592712e+02, 4.41990967e+02, 6.22516036e-01, 1.01878650e+03,
       4.09457367e+02, 7.76851416e-01, 9.48135620e+02, 4.30259857e+02,
       7.60768414e-01, 1.12486926e+03, 5.36160522e+02, 5.60581684e-01,
       1.12194739e+03, 5.83260376e+02, 5.61705351e-01, 1.33087317e+03,
       5.71370728e+02, 6.96903408e-01, 1.56341052e+03, 5.86252075e+02,
       5.57466149e-01, 1.12780811e+03, 4.83140991e+02, 5.73183358e-01,
       1.36613000e+03, 4.62583069e+02, 5.87656975e-01, 1.51635925e+03,
       5.03668274e+02, 6.35609806e-01, 7.33310730e+02, 5.27189026e+02,
       7.93010890e-01, 7.39183044e+02, 4.89052795e+02, 8.58550787e-01,
       7.42313171e+02, 5.50862244e+02, 6.58370376e-01, 7.62900818e+02,
       4.65505402e+02, 6.21616542e-01, 1.59275452e+03, 4.56653748e+02,
       5.53391218e-01, 1.58698621e+03, 4.56581482e+02, 5.41779399e-01,
       1.53689465e+03, 5.24344299e+02, 4.43867356e-01, 1.65753821e+03,
       5.80358337e+02, 5.01464784e-01, 1.64575854e+03, 5.97921570e+02,
       4.36303854e-01, 1.58686194e+03, 5.80371460e+02, 2.77487606e-01 ]
