%YAML:1.0
---
pose_0: !!opencv-matrix
   rows: 1
   cols: 25
   dt: "3f"
   data: [ 7.33381958e+02, 4.56775970e+02, 7.15795279e-01,
       8.09842773e+02, 5.06672668e+02, 7.14111984e-01, 8.09887512e+02,
       5.47850281e+02, 7.66115963e-01, 9.21728271e+02, 6.24513062e+02,
       8.08602989e-01, 1.02171558e+03, 5.27433044e+02, 7.02605784e-01,
       8.01054871e+02, 4.62614594e+02, 5.23529828e-01, 8.86432312e+02,
       4.71437714e+02, 1.06132403e-01, 0., 0., 0., 1.11891199e+03,
       5.74409607e+02, 5.08386970e-01, 1.10423767e+03, 6.06805481e+02,
       3.99032116e-01, 1.31031616e+03, 5.53844604e+02, 7.35891640e-01,
       1.63689014e+03, 7.15637085e+02, 4.45166975e-01, 1.12778564e+03,
       5.33254028e+02, 4.32617456e-01, 1.35447559e+03, 5.06680328e+02,
       7.24954963e-01, 1.58690466e+03, 6.21452087e+02, 3.99353862e-01,
       7.15696228e+02, 4.68537659e+02, 7.51486301e-01, 7.18607666e+02,
       4.41954498e+02, 1.15780160e-01, 7.30397461e+02, 5.03884613e+02,
       6.43266022e-01, 0., 0., 0., 1.71348840e+03, 6.21489380e+02,
       8.77569094e-02, 1.70758923e+03, 6.21422302e+02, 9.74689052e-02,
       1.60458972e+03, 6.24495300e+02, 1.87004015e-01, 1.69286548e+03,
       6.68623779e+02, 1.32115513e-01, 1.68410742e+03, 6.92231323e+02,
       1.06359936e-01, 1.66049243e+03, 7.42128906e+02, 3.04541767e-01 ]
