%YAML:1.0
---
pose_0: !!opencv-matrix
   rows: 1
   cols: 25
   dt: "3f"
   data: [ 7.56860535e+02, 4.62633240e+02, 3.07818472e-01,
       8.12832275e+02, 5.44972534e+02, 5.02928972e-01, 8.30480347e+02,
       5.56787598e+02, 6.19741619e-01, 9.51223206e+02, 6.03916626e+02,
       7.19929993e-01, 1.10718115e+03, 6.15560425e+02, 7.40213335e-01,
       8.09952148e+02, 5.33216492e+02, 2.93236017e-01, 1.02769275e+03,
       5.06802948e+02, 3.39931130e-01, 1.13652502e+03, 4.24381561e+02,
       6.71652436e-01, 1.11303503e+03, 5.68570984e+02, 5.37636042e-01,
       1.10715283e+03, 6.00882629e+02, 3.84690821e-01, 1.35137000e+03,
       4.83153992e+02, 7.86914289e-01, 1.54268164e+03, 6.21623962e+02,
       6.28736317e-01, 1.12183521e+03, 5.30340515e+02, 5.39364874e-01,
       1.35448584e+03, 5.03704834e+02, 4.15039003e-01, 1.53392627e+03,
       6.18577148e+02, 3.62788796e-01, 7.42139282e+02, 4.80151886e+02,
       1.74107119e-01, 0., 0., 0., 7.42296082e+02, 4.92045227e+02,
       2.93708444e-01, 0., 0., 0., 1.63398303e+03, 5.47980408e+02,
       5.73336445e-02, 0., 0., 0., 1.53989368e+03, 6.51041809e+02,
       2.62384385e-01, 1.62814050e+03, 5.65611511e+02, 3.68751824e-01,
       1.62517712e+03, 5.77384338e+02, 3.01101118e-01, 1.55159949e+03,
       6.48162659e+02, 5.11203110e-01 ]
