%YAML:1.0
---
pose_0: !!opencv-matrix
   rows: 1
   cols: 25
   dt: "3f"
   data: [ 7.62881409e+02, 3.68426422e+02, 8.80308449e-01,
       8.68769226e+02, 3.68429993e+02, 6.94487154e-01, 8.74659424e+02,
       4.41987427e+02, 6.25285327e-01, 9.86448608e+02, 4.80188171e+02,
       6.73529208e-01, 1.09527795e+03, 5.27294373e+02, 8.11585844e-01,
       8.80515137e+02, 2.94792877e+02, 6.67683303e-01, 9.80589783e+02,
       2.47683456e+02, 6.27581358e-01, 1.00416266e+03, 2.27188675e+02,
       5.48012257e-01, 1.12482288e+03, 3.62456116e+02, 5.73281527e-01,
       1.12481897e+03, 4.09593628e+02, 5.67252457e-01, 1.35137134e+03,
       4.56826508e+02, 7.24932551e-01, 1.53101123e+03, 5.30245728e+02,
       5.08086085e-01, 1.12483350e+03, 3.06612976e+02, 5.21009088e-01,
       1.34263269e+03, 2.74236755e+02, 2.69544542e-01, 1.53976306e+03,
       2.80157074e+02, 1.63072079e-01, 7.54001465e+02, 3.86071686e+02,
       7.59544253e-01, 7.51060669e+02, 3.53635803e+02, 7.83681273e-01,
       7.68638916e+02, 4.06702301e+02, 4.21502709e-01, 7.80429626e+02,
       3.24312042e+02, 5.46344459e-01, 0., 0., 0., 0., 0., 0.,
       1.54278394e+03, 2.91864624e+02, 1.57401115e-01, 1.61332996e+03,
       5.47875793e+02, 3.21910441e-01, 1.60749524e+03, 5.50975952e+02,
       2.87604064e-01, 1.56924170e+03, 5.30341919e+02, 3.17492843e-01 ]
