%YAML:1.0
---
pose_0: !!opencv-matrix
   rows: 1
   cols: 25
   dt: "3f"
   data: [ 4.97917267e+02, 5.74512146e+02, 6.84144258e-01,
       5.97959839e+02, 5.47920898e+02, 5.16899049e-01, 5.95055298e+02,
       6.21454041e+02, 2.98418611e-01, 6.83333313e+02, 6.98062683e+02,
       2.12018818e-01, 5.45035828e+02, 7.62826477e+02, 3.70032549e-01,
       6.27419739e+02, 4.59696960e+02, 6.71858966e-01, 5.59671448e+02,
       5.98080505e+02, 7.91024327e-01, 4.21429077e+02, 7.30447144e+02,
       6.47971213e-01, 1.04538135e+03, 5.77363892e+02, 1.48566768e-01,
       1.03357349e+03, 6.68648438e+02, 5.99941351e-02, 0., 0., 0., 0.,
       0., 0., 1.04534399e+03, 5.56779114e+02, 1.68728784e-01,
       1.37205127e+03, 6.36201843e+02, 3.74887258e-01, 1.62520398e+03,
       6.15635315e+02, 9.50492173e-02, 4.62657776e+02, 5.92086426e+02,
       4.34564769e-01, 4.89111206e+02, 5.47965027e+02, 5.74895740e-01,
       4.56755096e+02, 6.24439575e+02, 1.06318019e-01, 5.24387451e+02,
       5.06666748e+02, 4.08582091e-01, 0., 0., 0., 0., 0., 0., 0., 0.,
       0., 0., 0., 0., 0., 0., 0., 0., 0., 0. ]
