%YAML:1.0
---
pose_0: !!opencv-matrix
   rows: 1
   cols: 25
   dt: "3f"
   data: [ 7.39364319e+02, 3.91993958e+02, 8.74945998e-01,
       8.65768921e+02, 3.86129395e+02, 7.32865691e-01, 8.83462158e+02,
       4.80179657e+02, 7.33837962e-01, 1.00422650e+03, 5.12668945e+02,
       7.22322226e-01, 1.11010376e+03, 5.74264954e+02, 7.96381772e-01,
       8.60001465e+02, 2.97855499e+02, 6.86213195e-01, 9.71770020e+02,
       2.00664490e+02, 8.44459414e-01, 1.12777539e+03, 2.06507813e+02,
       6.79408252e-01, 1.13662097e+03, 3.65409088e+02, 5.59247255e-01,
       1.13656116e+03, 4.12609009e+02, 5.88955283e-01, 1.33676147e+03,
       4.56718323e+02, 7.25681663e-01, 1.54274329e+03, 5.33300232e+02,
       6.36800766e-01, 1.13658362e+03, 3.12397064e+02, 5.26324391e-01,
       1.31613623e+03, 2.91910034e+02, 4.27649587e-01, 1.56630872e+03,
       2.91879639e+02, 5.34838140e-01, 7.24529663e+02, 4.09672546e+02,
       8.23460877e-01, 7.27498779e+02, 3.74300812e+02, 7.70976245e-01,
       7.42283936e+02, 4.30163300e+02, 2.29446292e-01, 7.45238281e+02,
       3.41902313e+02, 4.25589234e-01, 1.63705042e+03, 2.71231995e+02,
       4.46594864e-01, 1.63688330e+03, 2.68291473e+02, 4.52336073e-01,
       1.58690723e+03, 2.94773834e+02, 2.74486601e-01, 1.61045862e+03,
       5.39129517e+02, 5.12688875e-01, 1.60163660e+03, 5.50914551e+02,
       4.81096655e-01, 1.56639063e+03, 5.36165222e+02, 3.80457282e-01 ]
