%YAML:1.0
---
pose_0: !!opencv-matrix
   rows: 1
   cols: 25
   dt: "3f"
   data: [ 7.89202271e+02, 5.30161621e+02, 8.06565046e-01,
       8.83542419e+02, 4.53771423e+02, 5.59364259e-01, 8.80522400e+02,
       4.41955444e+02, 3.60876709e-01, 0., 0., 0., 0., 0., 0.,
       8.98201111e+02, 4.59592438e+02, 7.21743941e-01, 1.03945862e+03,
       4.77273865e+02, 7.76050329e-01, 1.16900842e+03, 5.18482788e+02,
       7.48815238e-01, 1.15129309e+03, 3.89101898e+02, 5.04826963e-01,
       1.16894177e+03, 3.59609497e+02, 4.06359017e-01, 1.38382971e+03,
       5.00825378e+02, 6.42354488e-01, 1.56930481e+03, 3.85957581e+02,
       7.43883193e-01, 1.13950073e+03, 4.21361938e+02, 4.59829986e-01,
       1.37492310e+03, 5.30334473e+02, 6.18361652e-01, 1.63394348e+03,
       4.30206024e+02, 5.94559073e-01, 0., 0., 0., 7.80420288e+02,
       5.06877350e+02, 7.28079498e-01, 0., 0., 0., 7.95222351e+02,
       4.71453705e+02, 6.18496597e-01, 1.68105920e+03, 3.85984039e+02,
       3.75125110e-01, 1.68100696e+03, 3.86125366e+02, 3.11969995e-01,
       1.64284583e+03, 4.33162994e+02, 2.77784526e-01, 1.68099219e+03,
       3.68383209e+02, 3.47804189e-01, 1.67226111e+03, 3.74296600e+02,
       2.36194387e-01, 1.58987390e+03, 3.59599457e+02, 4.49858546e-01 ]
