%YAML:1.0
---
pose_0: !!opencv-matrix
   rows: 1
   cols: 25
   dt: "3f"
   data: [ 0., 0., 0., 8.56995605e+02, 5.27403564e+02, 2.63925374e-01,
       8.59976196e+02, 5.33215393e+02, 2.75996685e-01, 9.98326294e+02,
       5.47942200e+02, 2.18889803e-01, 1.16902942e+03, 5.09726379e+02,
       1.33894309e-01, 8.59858276e+02, 5.45012024e+02, 3.69789332e-01,
       1.00114575e+03, 5.47821228e+02, 5.04376650e-01, 1.16612622e+03,
       5.12672791e+02, 5.89656115e-01, 1.18073975e+03, 5.83253296e+02,
       2.17395172e-01, 1.20426489e+03, 5.80316101e+02, 2.00087681e-01,
       1.39847083e+03, 4.77230164e+02, 5.74597239e-01, 1.65761353e+03,
       7.24506714e+02, 4.48885411e-01, 1.17779651e+03, 5.59739868e+02,
       1.64868861e-01, 1.39555896e+03, 4.59609558e+02, 4.32164788e-01,
       1.50454492e+03, 6.33333008e+02, 3.22462976e-01, 0., 0., 0., 0.,
       0., 0., 0., 0., 0., 0., 0., 0., 0., 0., 0., 0., 0., 0.,
       1.49263306e+03, 6.53859985e+02, 2.88162708e-01, 1.70461157e+03,
       7.21587158e+02, 1.89596653e-01, 1.68702942e+03, 7.39247314e+02,
       2.08350718e-01, 1.67227869e+03, 7.48091370e+02, 2.83356965e-01 ]
