%YAML:1.0
---
pose_0: !!opencv-matrix
   rows: 1
   cols: 25
   dt: "3f"
   data: [ 7.59803467e+02, 3.38983673e+02, 8.31059694e-01,
       8.59897095e+02, 3.44903687e+02, 7.62714505e-01, 8.51079834e+02,
       4.15548004e+02, 6.23363793e-01, 8.04011230e+02, 4.62592743e+02,
       5.27021289e-01, 7.42170532e+02, 5.03756805e+02, 5.64272106e-01,
       8.71738647e+02, 2.68263062e+02, 6.54225111e-01, 8.98193665e+02,
       1.53468567e+02, 6.16869867e-01, 9.04167725e+02, 6.35189676e+00,
       2.29694054e-01, 1.12775513e+03, 3.53646729e+02, 5.58321059e-01,
       1.12486560e+03, 3.97797546e+02, 5.67607641e-01, 1.33379016e+03,
       4.24334290e+02, 7.26164758e-01, 1.54273486e+03, 4.50860565e+02,
       6.54035687e-01, 1.12778467e+03, 2.97851318e+02, 5.45917273e-01,
       1.31613269e+03, 2.94867218e+02, 4.49845374e-01, 0., 0., 0.,
       7.42239258e+02, 3.53708435e+02, 7.29810715e-01, 7.45114807e+02,
       3.18477600e+02, 7.36917734e-01, 7.62876465e+02, 3.83136353e+02,
       4.96593833e-01, 7.68695190e+02, 2.97802307e+02, 2.69358933e-01,
       0., 0., 0., 0., 0., 0., 0., 0., 0., 1.61335132e+03,
       4.56682892e+02, 5.47102034e-01, 1.60743469e+03, 4.65529510e+02,
       5.19803107e-01, 1.56636584e+03, 4.36082001e+02, 3.33669037e-01 ]
