%YAML:1.0
---
pose_0: !!opencv-matrix
   rows: 1
   cols: 25
   dt: "3f"
   data: [ 6.92103455e+02, 4.80193359e+02, 8.63130629e-01,
       8.21679382e+02, 4.83240234e+02, 7.42206812e-01, 8.12764526e+02,
       5.71457703e+02, 7.70892859e-01, 8.98210205e+02, 6.71589355e+02,
       7.89611101e-01, 9.36426819e+02, 6.77476624e+02, 7.68156171e-01,
       8.36314148e+02, 4.06616425e+02, 6.21694446e-01, 1.00117169e+03,
       4.09526306e+02, 6.48780465e-01, 9.80593994e+02, 3.97858582e+02,
       2.29648545e-01, 1.09542004e+03, 5.03827362e+02, 5.55886686e-01,
       1.09541064e+03, 5.53784180e+02, 5.67554474e-01, 1.32200195e+03,
       5.42055115e+02, 5.46871066e-01, 1.58689490e+03, 5.65579834e+02,
       5.46858609e-01, 1.09544958e+03, 4.47830719e+02, 5.18669188e-01,
       1.36030774e+03, 4.36177216e+02, 5.79895914e-01, 1.55158850e+03,
       4.65586731e+02, 4.96077120e-01, 6.74539612e+02, 4.95010529e+02,
       7.47453749e-01, 6.74572205e+02, 4.56772552e+02, 8.54558706e-01,
       6.95213440e+02, 5.12682556e+02, 4.61054772e-01, 7.09870483e+02,
       4.30231567e+02, 6.16981328e-01, 1.62219958e+03, 4.36146912e+02,
       4.36123669e-01, 1.61631055e+03, 4.36108673e+02, 5.06356001e-01,
       1.60451941e+03, 4.80220032e+02, 2.84696192e-01, 1.69875952e+03,
       5.50887756e+02, 5.79142570e-01, 1.68700720e+03, 5.59747498e+02,
       4.60754633e-01, 1.61037720e+03, 5.53809753e+02, 2.77994126e-01 ]
