%YAML:1.0
---
pose_0: !!opencv-matrix
   rows: 1
   cols: 25
   dt: "3f"
   data: [ 6.77504700e+02, 3.65578033e+02, 7.93050408e-01,
       8.27542786e+02, 3.56621948e+02, 6.21335685e-01, 8.33489807e+02,
       4.39073395e+02, 5.68753600e-01, 9.89436707e+02, 4.86102875e+02,
       6.53907180e-01, 1.12182971e+03, 5.42103455e+02, 7.86618233e-01,
       8.36330505e+02, 2.59463440e+02, 6.41531348e-01, 9.98235474e+02,
       2.06601013e+02, 7.75993943e-01, 1.13654382e+03, 1.56576370e+02,
       8.09370995e-01, 1.13657947e+03, 3.39001801e+02, 4.50622141e-01,
       1.12479382e+03, 3.91979126e+02, 4.89589691e-01, 1.33387000e+03,
       3.85975403e+02, 7.22786605e-01, 1.64575806e+03, 3.62568695e+02,
       5.69383979e-01, 1.13949500e+03, 2.77160248e+02, 4.10247803e-01,
       1.37802429e+03, 2.91990570e+02, 6.81041539e-01, 1.56338501e+03,
       3.00722992e+02, 4.83950347e-01, 6.62748047e+02, 3.80172394e+02,
       7.18818903e-01, 6.68612427e+02, 3.41820953e+02, 8.23505342e-01,
       6.77393616e+02, 3.91961792e+02, 5.32879680e-02, 6.95190186e+02,
       3.06618042e+02, 4.80630577e-01, 1.62809204e+03, 2.65368042e+02,
       4.56890076e-01, 1.62220251e+03, 2.65368866e+02, 5.17072260e-01,
       1.60453906e+03, 3.09552399e+02, 3.14425349e-01, 1.76933252e+03,
       3.18293976e+02, 4.15731013e-01, 1.75764966e+03, 3.30173798e+02,
       3.28555912e-01, 1.65758228e+03, 3.65462891e+02, 2.82053918e-01 ]
