%YAML:1.0
---
pose_0: !!opencv-matrix
   rows: 2
   cols: 25
   dt: "3f"
   data: [ 0., 0., 0., 8.12857239e+02, 5.44986023e+02, 3.06447297e-01,
       8.12773621e+02, 5.33227112e+02, 3.73059750e-01, 9.15857239e+02,
       4.33099640e+02, 3.19563985e-01, 7.42227600e+02, 4.12528442e+02,
       4.24445033e-01, 8.03990234e+02, 5.53861328e+02, 2.43538439e-01,
       0., 0., 0., 0., 0., 0., 1.07773108e+03, 5.47927429e+02,
       2.35926688e-01, 1.06887463e+03, 5.50878723e+02, 1.60683885e-01,
       1.30736536e+03, 5.45027222e+02, 6.22024953e-01, 1.57224207e+03,
       6.77466980e+02, 4.97917891e-01, 1.09834387e+03, 5.44998108e+02,
       2.13179693e-01, 1.33674548e+03, 5.03890198e+02, 5.23599625e-01,
       1.56041760e+03, 5.71526917e+02, 6.16756737e-01, 0., 0., 0., 0.,
       0., 0., 7.62785828e+02, 5.53861267e+02, 6.04190156e-02, 0., 0.,
       0., 1.60749072e+03, 4.80226410e+02, 5.31905651e-01,
       1.60456689e+03, 4.83115814e+02, 4.59722966e-01, 1.57512109e+03,
       5.92135193e+02, 5.24786711e-01, 1.68110181e+03, 6.33339172e+02,
       2.20713511e-01, 1.64575354e+03, 7.12800232e+02, 1.58459410e-01,
       1.60162000e+03, 7.18685364e+02, 2.65799046e-01, 0., 0., 0., 0.,
       0., 0., 0., 0., 0., 0., 0., 0., 0., 0., 0., 8.83472717e+02,
       4.86168884e+02, 9.97431502e-02, 9.48137207e+02, 4.27258087e+02,
       3.82818311e-01, 7.36349426e+02, 4.09645020e+02, 4.16374445e-01,
       0., 0., 0., 0., 0., 0., 0., 0., 0., 0., 0., 0., 0., 0., 0., 0.,
       0., 0., 0., 0., 0., 0., 0., 0., 0., 0., 0., 0., 0., 0., 0., 0.,
       0., 0., 0., 0., 0., 0., 0., 0., 0., 0., 0., 0., 0., 0., 0., 0.,
       0., 0., 0. ]
