%YAML:1.0
---
pose_0: !!opencv-matrix
   rows: 1
   cols: 25
   dt: "3f"
   data: [ 6.71631653e+02, 4.80269257e+02, 8.87816310e-01,
       8.09937439e+02, 4.74365326e+02, 5.47256649e-01, 8.18704041e+02,
       5.56837402e+02, 3.78765464e-01, 9.33559753e+02, 5.97867310e+02,
       2.18275160e-01, 1.03361902e+03, 6.27374023e+02, 5.81311360e-02,
       8.24642700e+02, 3.88923920e+02, 6.21964514e-01, 1.00110388e+03,
       3.83100616e+02, 7.55349338e-01, 1.15714038e+03, 3.80133057e+02,
       7.30893731e-01, 1.11297961e+03, 5.24377014e+02, 5.73745906e-01,
       1.09534424e+03, 5.74515686e+02, 5.96950531e-01, 1.31028540e+03,
       6.39189270e+02, 6.86718225e-01, 1.49564465e+03, 6.15583862e+02,
       5.02690554e-01, 1.12479980e+03, 4.59738373e+02, 5.29462576e-01,
       1.33676489e+03, 4.83270538e+02, 6.13422871e-01, 1.59276941e+03,
       4.94981628e+02, 5.47657371e-01, 6.53940857e+02, 4.89146210e+02,
       7.69281685e-01, 6.62743103e+02, 4.56666809e+02, 8.21332514e-01,
       6.68532837e+02, 5.09728821e+02, 1.18103907e-01, 6.89207520e+02,
       4.15605835e+02, 5.78930199e-01, 1.68395691e+03, 4.74334534e+02,
       3.55646610e-01, 1.67813342e+03, 4.65574646e+02, 3.89541715e-01,
       1.61346008e+03, 5.03838715e+02, 2.53805816e-01, 1.48977380e+03,
       6.65614807e+02, 2.89724380e-01, 1.48095520e+03, 6.59798828e+02,
       2.87944049e-01, 1.54272998e+03, 6.00873108e+02, 2.83826351e-01 ]
