%YAML:1.0
---
pose_0: !!opencv-matrix
   rows: 1
   cols: 25
   dt: "3f"
   data: [ 7.62817749e+02, 3.86184662e+02, 9.17671680e-01,
       8.83546753e+02, 3.86108215e+02, 7.34949529e-01, 8.95231567e+02,
       4.77209564e+02, 6.92981303e-01, 1.02483472e+03, 5.12586670e+02,
       7.49191284e-01, 1.11583838e+03, 5.53906982e+02, 8.52219105e-01,
       8.83504089e+02, 3.00694916e+02, 6.66078269e-01, 9.77673462e+02,
       1.97758545e+02, 8.65416288e-01, 1.09239478e+03, 1.18196045e+02,
       7.91735530e-01, 1.15422400e+03, 3.38964417e+02, 5.46569586e-01,
       1.16301611e+03, 3.85998077e+02, 5.74145377e-01, 1.35452686e+03,
       4.33281525e+02, 7.98691213e-01, 1.55746777e+03, 5.30406616e+02,
       6.09843194e-01, 1.14544556e+03, 2.86000732e+02, 5.15451431e-01,
       1.33083643e+03, 2.71201355e+02, 6.57757342e-01, 1.56638232e+03,
       2.74231964e+02, 5.29251218e-01, 7.45240662e+02, 4.00778290e+02,
       8.11767161e-01, 7.53960205e+02, 3.65546967e+02, 8.44466090e-01,
       7.62882751e+02, 4.18493988e+02, 3.41401547e-01, 7.68740601e+02,
       3.41999603e+02, 5.65769792e-01, 1.63692407e+03, 2.65328308e+02,
       4.23644900e-01, 1.63402466e+03, 2.56592285e+02, 4.73620504e-01,
       1.60749573e+03, 2.88947083e+02, 2.49221489e-01, 1.61350085e+03,
       5.42036682e+02, 4.30942625e-01, 1.61044739e+03, 5.50955017e+02,
       4.36215103e-01, 1.58400159e+03, 5.39114685e+02, 3.42147678e-01 ]
