%YAML:1.0
---
pose_0: !!opencv-matrix
   rows: 1
   cols: 25
   dt: "3f"
   data: [ 0., 0., 0., 8.30522705e+02, 5.30337708e+02, 3.72670263e-01,
       8.36349792e+02, 5.12622253e+02, 1.95232183e-01, 9.24677734e+02,
       4.33156982e+02, 2.69426405e-01, 7.59810547e+02, 4.27236084e+02,
       3.06387842e-01, 8.06921265e+02, 5.47904968e+02, 2.79623508e-01,
       9.24662476e+02, 4.39035034e+02, 1.82986915e-01, 7.53924927e+02,
       4.30143005e+02, 2.74117440e-01, 1.15427112e+03, 5.42074524e+02,
       2.98915625e-01, 1.14540515e+03, 5.50886719e+02, 2.93805778e-01,
       1.32202051e+03, 5.53878784e+02, 7.52620220e-01, 1.57221069e+03,
       6.77462708e+02, 5.79011559e-01, 1.16311658e+03, 5.33270508e+02,
       2.51557857e-01, 1.33970142e+03, 5.03736359e+02, 6.36645079e-01,
       1.56930688e+03, 5.77296570e+02, 5.65694630e-01, 0., 0., 0., 0.,
       0., 0., 0., 0., 0., 7.51032776e+02, 5.74399902e+02,
       5.24991415e-02, 1.61036890e+03, 4.83209778e+02, 3.36941451e-01,
       1.60459473e+03, 4.89058075e+02, 3.12198997e-01, 1.59571326e+03,
       6.06802490e+02, 4.00993049e-01, 1.64283545e+03, 7.15713562e+02,
       2.58443952e-01, 1.62813550e+03, 7.21635559e+02, 3.19264144e-01,
       1.59572778e+03, 6.89215393e+02, 2.31989443e-01 ]
