%YAML:1.0
---
pose_0: !!opencv-matrix
   rows: 1
   cols: 25
   dt: "3f"
   data: [ 7.59855164e+02, 3.65554047e+02, 8.70573223e-01,
       8.57012146e+02, 3.65411652e+02, 7.45034397e-01, 8.57044739e+02,
       4.30109955e+02, 6.74546182e-01, 9.77584656e+02, 4.65500732e+02,
       6.91447198e-01, 1.08941077e+03, 5.15525818e+02, 6.94227815e-01,
       8.59891418e+02, 2.94783478e+02, 6.41366482e-01, 1.01299249e+03,
       2.47786102e+02, 5.53767145e-01, 1.00120007e+03, 2.47878479e+02,
       7.93860614e-01, 1.14242932e+03, 3.80132477e+02, 5.73519409e-01,
       1.13073804e+03, 4.30249390e+02, 5.84299982e-01, 1.35141870e+03,
       4.83206696e+02, 7.04498708e-01, 1.54272839e+03, 5.30335510e+02,
       6.09656990e-01, 1.14538428e+03, 3.18472382e+02, 5.33668637e-01,
       1.36908875e+03, 3.12395142e+02, 5.81780612e-01, 1.56929614e+03,
       2.85993896e+02, 5.90112627e-01, 7.42244263e+02, 3.85953491e+02,
       8.18756998e-01, 7.42306763e+02, 3.50698517e+02, 8.06963384e-01,
       7.62835144e+02, 4.03695404e+02, 4.06811297e-01, 7.65761963e+02,
       3.21280426e+02, 6.10300481e-01, 1.63989453e+03, 2.71202057e+02,
       5.28338432e-01, 1.63691089e+03, 2.68235779e+02, 5.48629344e-01,
       1.58692212e+03, 2.77218781e+02, 2.51816481e-01, 1.60454175e+03,
       5.27318115e+02, 2.37475574e-01, 0., 0., 0., 1.57811768e+03,
       5.27263062e+02, 3.45912069e-01 ]
