%YAML:1.0
---
pose_0: !!opencv-matrix
   rows: 1
   cols: 25
   dt: "3f"
   data: [ 7.83392456e+02, 3.94890259e+02, 5.86749256e-01,
       8.39318054e+02, 3.59570435e+02, 3.64533842e-01, 7.80462891e+02,
       4.06709045e+02, 2.67761409e-01, 7.15791870e+02, 3.89043549e+02,
       3.56688619e-01, 0., 0., 0., 8.80435791e+02, 3.15392731e+02,
       4.57981348e-01, 9.65882690e+02, 3.88985535e+02, 3.64516139e-01,
       1.02178552e+03, 5.27415649e+02, 4.45798010e-01, 1.15135095e+03,
       3.44890137e+02, 5.21108389e-01, 1.14841138e+03, 3.89078003e+02,
       5.20191491e-01, 1.33675195e+03, 5.03730438e+02, 8.22488427e-01,
       1.56329150e+03, 5.56752869e+02, 7.04886317e-01, 1.15425159e+03,
       2.94937256e+02, 4.63069528e-01, 1.37784119e+03, 2.53596725e+02,
       6.17172956e-01, 1.53688550e+03, 1.56493149e+02, 4.30111408e-01,
       7.65819763e+02, 3.89086182e+02, 3.78926307e-01, 7.83462280e+02,
       3.80214386e+02, 5.37847877e-01, 0., 0., 0., 8.09807434e+02,
       3.47767731e+02, 5.24403691e-01, 1.61045557e+03, 1.21166794e+02,
       2.87002176e-01, 1.60455444e+03, 1.15290474e+02, 2.80277669e-01,
       0., 0., 0., 1.58983154e+03, 6.39172852e+02, 5.12316823e-01,
       1.57224158e+03, 6.24578857e+02, 4.49578851e-01, 1.58977930e+03,
       5.47883545e+02, 5.42801082e-01 ]
