%YAML:1.0
---
pose_0: !!opencv-matrix
   rows: 1
   cols: 25
   dt: "3f"
   data: [ 7.62740417e+02, 3.71315369e+02, 7.94088125e-01,
       8.77510132e+02, 4.03663605e+02, 6.75874531e-01, 8.62834229e+02,
       4.80138580e+02, 7.54015267e-01, 1.00416949e+03, 5.74377197e+02,
       5.82331002e-01, 1.02185614e+03, 5.94946838e+02, 6.10978484e-01,
       8.83557434e+02, 3.15310547e+02, 6.67222857e-01, 1.02175214e+03,
       2.91799377e+02, 7.70615578e-01, 1.11602209e+03, 2.74278442e+02,
       8.48708391e-01, 1.13948145e+03, 4.27233429e+02, 5.66688359e-01,
       1.12485632e+03, 4.77280151e+02, 5.90243578e-01, 1.33097034e+03,
       4.94917664e+02, 7.11082101e-01, 1.53977490e+03, 5.45003296e+02,
       5.19856215e-01, 1.14256299e+03, 3.68488190e+02, 5.38878739e-01,
       1.34558862e+03, 3.33042297e+02, 4.92738962e-01, 1.54866431e+03,
       2.97822754e+02, 3.90210241e-01, 7.42281616e+02, 3.92033905e+02,
       7.80297041e-01, 7.45148499e+02, 3.62516602e+02, 7.41667747e-01,
       7.62819458e+02, 4.30155487e+02, 5.68916023e-01, 7.74603699e+02,
       3.38990967e+02, 2.30091259e-01, 1.63408826e+03, 2.71209808e+02,
       3.53880495e-01, 1.63394714e+03, 2.68334991e+02, 3.65950674e-01,
       1.60162402e+03, 3.00688416e+02, 1.79481521e-01, 1.61051746e+03,
       5.50836914e+02, 5.84657669e-01, 1.59577625e+03, 5.59702820e+02,
       5.02753556e-01, 1.56629126e+03, 5.36176025e+02, 3.12539369e-01 ]
