%YAML:1.0
---
pose_0: !!opencv-matrix
   rows: 1
   cols: 25
   dt: "3f"
   data: [ 7.86200195e+02, 5.18489746e+02, 8.21337879e-01,
       8.98139526e+02, 5.24427917e+02, 7.06502199e-01, 8.80555725e+02,
       5.83247803e+02, 6.42829776e-01, 9.71744934e+02, 6.27375549e+02,
       3.82003725e-01, 1.04528015e+03, 6.51031982e+02, 6.34224057e-01,
       9.21696533e+02, 4.56736816e+02, 6.28246963e-01, 1.03359729e+03,
       4.33177826e+02, 4.84288871e-01, 1.11308728e+03, 4.36131195e+02,
       3.48504364e-01, 1.16607666e+03, 5.39085815e+02, 6.01119220e-01,
       1.16311670e+03, 5.83284180e+02, 6.11122847e-01, 1.34556580e+03,
       6.06788696e+02, 6.02275014e-01, 1.53682434e+03, 6.53886047e+02,
       6.35421634e-01, 1.16896021e+03, 4.86194336e+02, 5.65391719e-01,
       1.36031030e+03, 4.83204315e+02, 6.85738683e-01, 1.54271631e+03,
       4.83154053e+02, 7.16919541e-01, 7.65703979e+02, 5.30360901e+02,
       8.36610734e-01, 7.74540344e+02, 5.00879669e+02, 7.98255324e-01,
       7.80442017e+02, 5.53933838e+02, 3.94919753e-01, 8.06904419e+02,
       4.77349945e+02, 5.88659704e-01, 1.60750745e+03, 4.62615356e+02,
       3.20464909e-01, 1.59573315e+03, 4.59672882e+02, 3.87959361e-01,
       1.56633301e+03, 4.77275360e+02, 3.54592711e-01, 1.58686743e+03,
       6.71530396e+02, 4.38062429e-01, 1.58097180e+03, 6.77452271e+02,
       4.20654297e-01, 1.56333008e+03, 6.45120667e+02, 4.50065941e-01 ]
