%YAML:1.0
---
pose_0: !!opencv-matrix
   rows: 1
   cols: 25
   dt: "3f"
   data: [ 6.95039490e+02, 4.83315582e+02, 6.25191033e-01,
       8.12747925e+02, 5.30319092e+02, 7.15137541e-01, 7.92216858e+02,
       5.95007935e+02, 7.29500949e-01, 9.30693542e+02, 6.50935486e+02,
       8.17402184e-01, 1.04829041e+03, 5.94950256e+02, 8.72104406e-01,
       8.24594421e+02, 4.68437195e+02, 4.61971939e-01, 1.00417499e+03,
       4.77325928e+02, 5.80256343e-01, 1.14834253e+03, 4.44908478e+02,
       7.62669861e-01, 1.10424719e+03, 5.80358398e+02, 5.32624364e-01,
       1.08362268e+03, 6.30369812e+02, 4.97743130e-01, 1.34259790e+03,
       5.65651184e+02, 7.42046297e-01, 1.53978516e+03, 6.65696167e+02,
       3.93683493e-01, 1.12186108e+03, 5.30249146e+02, 5.53695858e-01,
       1.36907910e+03, 5.09738159e+02, 5.55034757e-01, 1.55160229e+03,
       5.80398499e+02, 4.90067691e-01, 6.74521606e+02, 5.06857483e+02,
       6.48292542e-01, 6.71676880e+02, 4.83135376e+02, 2.87805349e-01,
       7.00984314e+02, 5.53851379e+02, 4.63518053e-01, 0., 0., 0.,
       1.63697717e+03, 4.89147888e+02, 3.12021226e-01, 1.63110156e+03,
       4.97893799e+02, 2.95656264e-01, 1.58397290e+03, 6.00969177e+02,
       3.67483437e-01, 1.59873511e+03, 6.24457153e+02, 7.47820139e-02,
       1.58689697e+03, 6.68601624e+02, 6.40390664e-02, 1.60754187e+03,
       6.77448547e+02, 2.08947927e-01 ]
