%YAML:1.0
---
pose_0: !!opencv-matrix
   rows: 1
   cols: 25
   dt: "3f"
   data: [ 7.15699524e+02, 5.21507874e+02, 8.63029659e-01,
       8.48115479e+02, 4.77315063e+02, 7.15318024e-01, 8.45264954e+02,
       5.53741821e+02, 7.42694855e-01, 9.62903625e+02, 6.21390930e+02,
       7.89289117e-01, 1.04243738e+03, 6.83340576e+02, 7.79284298e-01,
       8.48155396e+02, 4.00766357e+02, 6.33006632e-01, 9.98338501e+02,
       3.56607422e+02, 7.42328405e-01, 1.13941199e+03, 3.18305359e+02,
       8.00965726e-01, 1.11599390e+03, 5.12598755e+02, 6.19756997e-01,
       1.11007263e+03, 5.56719482e+02, 6.26649022e-01, 1.26909631e+03,
       5.68586182e+02, 4.82709885e-01, 1.52509302e+03, 5.27312805e+02,
       2.90061355e-01, 1.11901050e+03, 4.59712097e+02, 6.32531404e-01,
       1.28967810e+03, 5.06632385e+02, 4.01774168e-01, 1.58687256e+03,
       5.06795807e+02, 4.88645673e-01, 6.95242615e+02, 5.21400208e+02,
       2.38121450e-01, 7.01039917e+02, 5.00828918e+02, 7.59787738e-01,
       0., 0., 0., 7.21693054e+02, 4.56597687e+02, 6.42641485e-01,
       1.67521338e+03, 4.53782257e+02, 2.46924371e-01, 1.67223779e+03,
       4.53803223e+02, 2.49936789e-01, 1.60165417e+03, 5.15546692e+02,
       1.88836545e-01, 0., 0., 0., 0., 0., 0., 1.52804138e+03,
       5.36193481e+02, 8.15305263e-02 ]
