%YAML:1.0
---
pose_0: !!opencv-matrix
   rows: 1
   cols: 25
   dt: "3f"
   data: [ 6.86294373e+02, 4.89033630e+02, 8.07962716e-01,
       7.89415344e+02, 5.27334656e+02, 7.92480469e-01, 7.89275574e+02,
       6.00966248e+02, 7.79657423e-01, 8.83419922e+02, 6.77474548e+02,
       6.89433277e-01, 9.62987305e+02, 6.86240356e+02, 7.57539451e-01,
       7.83439636e+02, 4.56664734e+02, 7.07139730e-01, 9.54184631e+02,
       4.15459381e+02, 8.60148609e-01, 8.21698608e+02, 4.30163269e+02,
       8.05375755e-01, 1.08651929e+03, 5.27289246e+02, 5.36739588e-01,
       1.08656873e+03, 5.74420105e+02, 5.54839075e-01, 1.31021667e+03,
       5.74513977e+02, 7.26851106e-01, 1.56925354e+03, 5.89127441e+02,
       5.97689569e-01, 1.08359705e+03, 4.65575226e+02, 5.36233604e-01,
       1.31023340e+03, 4.59799042e+02, 6.71868265e-01, 1.54575146e+03,
       4.77338715e+02, 4.38995421e-01, 6.68717773e+02, 5.06655945e+02,
       8.44472051e-01, 6.71638000e+02, 4.74356232e+02, 8.24440837e-01,
       6.92152954e+02, 5.33347839e+02, 6.37707472e-01, 6.98106201e+02,
       4.56626038e+02, 5.98060012e-01, 1.61935645e+03, 4.56584625e+02,
       4.45384741e-01, 1.61635339e+03, 4.53679993e+02, 5.00386834e-01,
       1.56338110e+03, 5.00862823e+02, 2.34211504e-01, 1.66058911e+03,
       5.74445801e+02, 5.61544061e-01, 1.65747229e+03, 5.86213684e+02,
       4.93464470e-01, 1.59866724e+03, 5.74380310e+02, 2.61599422e-01 ]
