%YAML:1.0
---
pose_0: !!opencv-matrix
   rows: 1
   cols: 25
   dt: "3f"
   data: [ 7.42115723e+02, 4.50866516e+02, 8.33207011e-01,
       8.36315918e+02, 5.33295898e+02, 7.17378080e-01, 8.33363342e+02,
       6.18608154e+02, 7.56612182e-01, 9.45307617e+02, 6.45081055e+02,
       8.00787389e-01, 1.06589587e+03, 6.45021973e+02, 8.00986946e-01,
       8.27530579e+02, 4.59622711e+02, 4.90749359e-01, 0., 0., 0., 0.,
       0., 0., 1.10717175e+03, 4.86126129e+02, 5.20032167e-01,
       1.11302014e+03, 5.39142578e+02, 5.41911662e-01, 1.33673596e+03,
       5.47995605e+02, 4.71191883e-01, 1.56042957e+03, 5.50959290e+02,
       4.76943403e-01, 1.09830786e+03, 4.33128815e+02, 5.60801625e-01,
       1.30729749e+03, 4.44957977e+02, 5.51682889e-01, 1.61337524e+03,
       4.56616455e+02, 4.85433787e-01, 7.15805298e+02, 4.59732758e+02,
       9.28137898e-01, 7.33388000e+02, 4.33280029e+02, 7.14291453e-01,
       7.18705505e+02, 5.12593018e+02, 6.16382301e-01, 0., 0., 0.,
       1.69285339e+03, 4.33225433e+02, 3.69838595e-01, 1.68995654e+03,
       4.33134705e+02, 4.05393094e-01, 1.67515833e+03, 4.80206757e+02,
       2.01182783e-01, 1.61336426e+03, 5.77394714e+02, 1.40690565e-01,
       1.60752588e+03, 5.80296631e+02, 1.40030473e-01, 1.59870959e+03,
       5.42071472e+02, 2.92004317e-01 ]
