%YAML:1.0
---
pose_0: !!opencv-matrix
   rows: 1
   cols: 25
   dt: "3f"
   data: [ 6.51017944e+02, 4.56706085e+02, 8.31312478e-01,
       8.01052856e+02, 4.62650909e+02, 7.03282475e-01, 7.89172546e+02,
       5.50878174e+02, 7.36273527e-01, 8.98205811e+02, 6.45036682e+02,
       7.87801147e-01, 9.74697388e+02, 6.39122131e+02, 6.68593824e-01,
       8.18735901e+02, 3.88925140e+02, 6.40294671e-01, 9.77598694e+02,
       3.71391357e+02, 7.96906829e-01, 8.65777893e+02, 3.68350922e+02,
       7.18419075e-01, 1.09838501e+03, 4.80294464e+02, 5.30725539e-01,
       1.09537073e+03, 5.30312073e+02, 5.64970434e-01, 1.32197766e+03,
       5.33196350e+02, 6.83168352e-01, 1.61930054e+03, 5.68498047e+02,
       4.86017436e-01, 1.10418774e+03, 4.27264008e+02, 4.81733739e-01,
       1.33971460e+03, 4.27236847e+02, 4.43825305e-01, 1.57809448e+03,
       4.36032562e+02, 4.77946013e-01, 6.39164551e+02, 4.65561584e+02,
       7.01680183e-01, 6.45092407e+02, 4.33196991e+02, 8.67592752e-01,
       6.59743469e+02, 4.83309570e+02, 2.51449972e-01, 6.74532471e+02,
       4.09500183e+02, 5.54320812e-01, 1.64870715e+03, 4.18449036e+02,
       4.57573235e-01, 1.63994116e+03, 4.12637573e+02, 5.11555612e-01,
       1.61928601e+03, 4.47850342e+02, 2.25834221e-01, 1.72229761e+03,
       5.39073364e+02, 3.77006322e-01, 1.71931165e+03, 5.50845520e+02,
       3.13393563e-01, 1.69283606e+03, 5.74437378e+02, 1.64557666e-01 ]
