%YAML:1.0
---
pose_0: !!opencv-matrix
   rows: 1
   cols: 25
   dt: "3f"
   data: [ 7.89382996e+02, 4.36192261e+02, 7.55162716e-01,
       8.86385620e+02, 4.47842072e+02, 4.16252255e-01, 8.77605652e+02,
       4.86173248e+02, 2.95985043e-01, 0., 0., 0., 0., 0., 0.,
       8.89389343e+02, 4.12644501e+02, 3.16157341e-01, 9.95336609e+02,
       3.86112793e+02, 2.29443341e-01, 8.71718689e+02, 4.15583221e+02,
       2.87801623e-01, 1.16010413e+03, 4.50821960e+02, 5.00943542e-01,
       1.15721423e+03, 5.03693115e+02, 4.87436682e-01, 1.36905542e+03,
       5.68562622e+02, 5.94752669e-01, 1.53683667e+03, 6.56818542e+02,
       6.10434651e-01, 1.15423059e+03, 3.89047791e+02, 4.94311243e-01,
       1.23661877e+03, 3.21295990e+02, 4.02431101e-01, 1.35432397e+03,
       2.44735168e+02, 3.85326236e-01, 7.80392517e+02, 4.39111115e+02,
       6.58094704e-01, 7.86362671e+02, 4.18394073e+02, 6.90559268e-01,
       7.92298828e+02, 4.62600403e+02, 3.60652745e-01, 8.09849060e+02,
       3.92017181e+02, 3.38120699e-01, 0., 0., 0., 0., 0., 0.,
       1.35149805e+03, 2.21305481e+02, 1.44129038e-01, 1.61047888e+03,
       6.42028564e+02, 6.69388354e-01, 1.60160498e+03, 6.51009521e+02,
       5.63048720e-01, 1.54283459e+03, 6.74591553e+02, 4.46268886e-01 ]
