%YAML:1.0
---
pose_0: !!opencv-matrix
   rows: 1
   cols: 25
   dt: "3f"
   data: [ 0., 0., 0., 0., 0., 0., 0., 0., 0., 0., 0., 0., 0., 0., 0.,
       0., 0., 0., 0., 0., 0., 0., 0., 0., 1.17193335e+03,
       5.03834717e+02, 2.35310927e-01, 1.16899927e+03, 5.33219543e+02,
       1.91265553e-01, 1.43090369e+03, 4.62573792e+02, 8.37539658e-02,
       1.56924817e+03, 4.62577515e+02, 2.72381604e-01, 1.17779480e+03,
       4.71408936e+02, 1.73120677e-01, 1.38677698e+03, 4.86144348e+02,
       1.55283600e-01, 1.58986377e+03, 4.62572113e+02, 3.13889176e-01,
       0., 0., 0., 0., 0., 0., 0., 0., 0., 0., 0., 0., 1.65752307e+03,
       4.30219543e+02, 1.35957882e-01, 1.65748730e+03, 4.30223785e+02,
       1.40852824e-01, 1.65166553e+03, 4.97933502e+02, 1.04573168e-01,
       0., 0., 0., 0., 0., 0., 0., 0., 0. ]
