%YAML:1.0
---
pose_0: !!opencv-matrix
   rows: 1
   cols: 25
   dt: "3f"
   data: [ 7.62815613e+02, 4.80366821e+02, 9.14278328e-01,
       8.80623413e+02, 5.06806580e+02, 8.08343291e-01, 8.62820923e+02,
       5.77413757e+02, 7.68952429e-01, 9.62898560e+02, 6.45195984e+02,
       8.16426158e-01, 1.05415027e+03, 7.30405823e+02, 7.95257509e-01,
       8.95223083e+02, 4.47851776e+02, 6.33972168e-01, 1.02766833e+03,
       3.94907104e+02, 7.52883673e-01, 1.11891199e+03, 3.27213898e+02,
       8.27804267e-01, 1.14240979e+03, 4.97904297e+02, 5.92247605e-01,
       1.14243933e+03, 5.45025696e+02, 5.87239623e-01, 1.33676538e+03,
       5.59767029e+02, 7.18674600e-01, 1.54270142e+03, 5.56827332e+02,
       6.42659366e-01, 1.13954285e+03, 4.41966888e+02, 5.85693121e-01,
       1.33092615e+03, 4.33237030e+02, 7.38850117e-01, 1.57220923e+03,
       4.30152649e+02, 6.69599712e-01, 7.45128845e+02, 4.97839722e+02,
       8.23077679e-01, 7.56900757e+02, 4.59787323e+02, 8.42377841e-01,
       7.62703918e+02, 5.27433655e+02, 7.51224637e-01, 7.86224792e+02,
       4.50781433e+02, 5.57985187e-01, 1.63703442e+03, 4.62584747e+02,
       1.77783355e-01, 1.63693262e+03, 4.36120209e+02, 2.15816066e-01,
       1.60747021e+03, 4.12476318e+02, 3.36362988e-01, 1.61042285e+03,
       5.95061768e+02, 3.95004332e-01, 1.61037000e+03, 5.94984375e+02,
       3.99869204e-01, 1.57219629e+03, 5.36160950e+02, 4.43229616e-01 ]
