%YAML:1.0
---
pose_0: !!opencv-matrix
   rows: 1
   cols: 25
   dt: "3f"
   data: [ 8.21681519e+02, 4.33159760e+02, 4.48255748e-01,
       9.12947021e+02, 3.89127441e+02, 5.64075351e-01, 9.04011780e+02,
       4.33096100e+02, 4.66611803e-01, 9.01066406e+02, 3.36057648e+02,
       6.37992144e-01, 8.09737915e+02, 2.47676529e+02, 8.01370263e-01,
       9.04078735e+02, 4.36107697e+02, 2.91528463e-01, 9.04096252e+02,
       3.35995789e+02, 1.24354616e-01, 0., 0., 0., 1.16313757e+03,
       4.21389954e+02, 6.10475540e-01, 1.14552173e+03, 4.65547760e+02,
       5.87654114e-01, 1.33374438e+03, 5.86183594e+02, 7.63122380e-01,
       1.51929175e+03, 7.18579102e+02, 7.18575537e-01, 1.17487500e+03,
       3.71316101e+02, 5.84141552e-01, 1.37795764e+03, 3.65576233e+02,
       5.53514779e-01, 1.55161060e+03, 3.86084869e+02, 6.53746247e-01,
       8.12887085e+02, 4.33154297e+02, 1.61114424e-01, 8.12836426e+02,
       4.21433746e+02, 3.56431901e-01, 0., 0., 0., 8.21722900e+02,
       4.09504181e+02, 4.06786084e-01, 1.61342517e+03, 3.62430023e+02,
       5.13326705e-01, 1.61041101e+03, 3.56595276e+02, 5.20304263e-01,
       1.57509827e+03, 3.89099152e+02, 3.44926566e-01, 1.58695447e+03,
       7.48083313e+02, 6.54040396e-01, 1.56640234e+03, 7.62692810e+02,
       6.43441200e-01, 1.53685449e+03, 7.18629883e+02, 3.88234198e-01 ]
