%YAML:1.0
---
pose_0: !!opencv-matrix
   rows: 1
   cols: 25
   dt: "3f"
   data: [ 7.42294556e+02, 4.80154388e+02, 7.86474347e-01,
       8.65838928e+02, 4.86125092e+02, 6.96799397e-01, 8.77627075e+02,
       5.83271057e+02, 6.45673156e-01, 9.54162231e+02, 6.65581543e+02,
       8.46424341e-01, 8.86502319e+02, 6.15599304e+02, 7.11537778e-01,
       8.59986816e+02, 4.06595642e+02, 5.79623461e-01, 9.57091675e+02,
       3.85950623e+02, 4.54916477e-01, 1.03356726e+03, 3.62457977e+02,
       7.85899282e-01, 1.12776929e+03, 5.06681061e+02, 5.60523808e-01,
       1.12188647e+03, 5.50963013e+02, 5.77103436e-01, 1.32488342e+03,
       5.50989929e+02, 4.45997357e-01, 1.50158032e+03, 5.36189636e+02,
       5.38148463e-01, 1.13071289e+03, 4.53731323e+02, 5.30284524e-01,
       1.34266089e+03, 4.59618683e+02, 6.93702698e-01, 1.57222595e+03,
       4.68446289e+02, 5.53899467e-01, 7.33371033e+02, 4.89063629e+02,
       7.28985608e-01, 7.33376282e+02, 4.56806427e+02, 7.41781354e-01,
       7.48052917e+02, 5.09641693e+02, 4.64558274e-01, 7.56959778e+02,
       4.30140167e+02, 4.70662236e-01, 1.63995618e+03, 4.42024872e+02,
       4.35997069e-01, 1.63686902e+03, 4.39060120e+02, 4.91803765e-01,
       1.60451367e+03, 4.83127777e+02, 3.06692421e-01, 1.56639978e+03,
       5.50934875e+02, 1.86289027e-01, 1.56033313e+03, 5.56852539e+02,
       1.86433434e-01, 1.53101660e+03, 5.30214661e+02, 3.32112849e-01 ]
