%YAML:1.0
---
pose_0: !!opencv-matrix
   rows: 1
   cols: 25
   dt: "3f"
   data: [ 0., 0., 0., 9.57081665e+02, 5.53864380e+02, 2.91807353e-01,
       9.21704651e+02, 5.92034790e+02, 3.45594615e-01, 8.09792114e+02,
       5.50947021e+02, 6.44000769e-01, 0., 0., 0., 9.86513916e+02,
       5.27360718e+02, 1.55636787e-01, 0., 0., 0., 0., 0., 0.,
       1.14247803e+03, 5.83314758e+02, 4.43561345e-01, 1.13363611e+03,
       6.21472168e+02, 4.01821911e-01, 1.39849573e+03, 5.03890472e+02,
       7.92858720e-01, 1.63990173e+03, 7.15803711e+02, 5.94191849e-01,
       1.15133972e+03, 5.47914856e+02, 3.58355939e-01, 1.39557703e+03,
       5.18513367e+02, 2.71665841e-01, 1.51335425e+03, 6.48099976e+02,
       1.19236305e-01, 0., 0., 0., 0., 0., 0., 0., 0., 0., 0., 0., 0.,
       0., 0., 0., 0., 0., 0., 1.49863257e+03, 6.65561523e+02,
       1.36592001e-01, 1.68695886e+03, 7.15669128e+02, 3.43778253e-01,
       1.67525012e+03, 7.30452209e+02, 3.76679957e-01, 1.65749963e+03,
       7.42168701e+02, 3.48310500e-01 ]
