%YAML:1.0
---
pose_0: !!opencv-matrix
   rows: 1
   cols: 25
   dt: "3f"
   data: [ 0., 0., 0., 8.03990417e+02, 5.24415955e+02, 5.27423680e-01,
       8.09891602e+02, 5.09700378e+02, 4.80648518e-01, 8.89379150e+02,
       4.74405670e+02, 6.90747574e-02, 9.48215027e+02, 4.56663788e+02,
       6.38744608e-02, 8.09773499e+02, 5.30392822e+02, 5.80229700e-01,
       9.54166565e+02, 5.30402527e+02, 6.27189279e-01, 1.14258447e+03,
       5.00779602e+02, 4.67936784e-01, 1.05122400e+03, 5.77482178e+02,
       2.57645637e-01, 1.04238293e+03, 6.09771057e+02, 2.37346232e-01,
       1.08066626e+03, 6.24608887e+02, 7.56919160e-02, 0., 0., 0.,
       1.07181653e+03, 5.45025085e+02, 1.94798976e-01, 1.37506042e+03,
       4.62682648e+02, 6.00708604e-01, 1.54863562e+03, 6.03862244e+02,
       1.27090737e-01, 0., 0., 0., 0., 0., 0., 7.51048340e+02,
       4.83195465e+02, 1.53769925e-01, 7.27495117e+02, 5.33223206e+02,
       9.71116498e-02, 1.61928577e+03, 5.45006897e+02, 8.85788500e-02,
       1.61341479e+03, 5.50833679e+02, 8.81650969e-02, 0., 0., 0., 0.,
       0., 0., 0., 0., 0., 0., 0., 0. ]
