%YAML:1.0
---
pose_0: !!opencv-matrix
   rows: 1
   cols: 25
   dt: "3f"
   data: [ 7.15634338e+02, 3.92021210e+02, 6.24312997e-01,
       8.12892029e+02, 3.74319366e+02, 3.35842431e-01, 8.36420593e+02,
       4.56689117e+02, 2.48852521e-01, 9.71762634e+02, 5.06722473e+02,
       3.41728777e-01, 1.11603821e+03, 5.47835022e+02, 4.57958311e-01,
       7.92269287e+02, 3.59585876e+02, 1.52342901e-01, 0., 0., 0., 0.,
       0., 0., 1.11891064e+03, 3.68406677e+02, 4.06333327e-01,
       1.11890576e+03, 4.18470154e+02, 4.24486369e-01, 1.35729297e+03,
       4.15526703e+02, 6.54670119e-01, 1.64286597e+03, 4.33086578e+02,
       5.78205347e-01, 1.11599133e+03, 3.12518890e+02, 3.79624575e-01,
       1.37496423e+03, 3.12471283e+02, 5.79920232e-01, 1.56041345e+03,
       3.06551392e+02, 4.86360073e-01, 6.95239990e+02, 4.09571869e+02,
       4.39400971e-01, 6.95036133e+02, 3.77256958e+02, 6.34656489e-01,
       7.15786865e+02, 4.18441101e+02, 2.56331980e-01, 7.06874023e+02,
       3.62478180e+02, 4.90092039e-01, 1.63704480e+03, 2.74217865e+02,
       4.70713407e-01, 1.63687280e+03, 2.71378876e+02, 4.98534858e-01,
       1.62514685e+03, 3.09553680e+02, 1.93486392e-01, 1.76353296e+03,
       4.36155029e+02, 2.16244265e-01, 1.74880798e+03, 4.53806152e+02,
       2.38120675e-01, 1.66636487e+03, 4.12622528e+02, 3.25570732e-01 ]
