%YAML:1.0
---
pose_0: !!opencv-matrix
   rows: 1
   cols: 25
   dt: "3f"
   data: [ 7.59852112e+02, 4.80115356e+02, 8.63768697e-01,
       8.77624207e+02, 4.83294342e+02, 7.55438387e-01, 8.65790955e+02,
       5.68523071e+02, 7.15423882e-01, 9.80632629e+02, 5.95018372e+02,
       7.68355012e-01, 1.11891125e+03, 6.30332642e+02, 8.51386726e-01,
       8.80480164e+02, 4.15445740e+02, 6.38511062e-01, 1.04541333e+03,
       3.50756622e+02, 5.30874312e-01, 1.16609387e+03, 2.97802277e+02,
       7.56619871e-01, 1.13948792e+03, 4.56690155e+02, 5.86934626e-01,
       1.13657495e+03, 5.03895081e+02, 6.29609466e-01, 1.33094458e+03,
       5.74305115e+02, 7.98713148e-01, 1.54573242e+03, 6.53915649e+02,
       6.42305136e-01, 1.13947522e+03, 4.03674133e+02, 5.49061000e-01,
       1.33090234e+03, 4.12449890e+02, 7.28731394e-01, 1.56926135e+03,
       4.41975739e+02, 6.63805246e-01, 7.42289368e+02, 4.89108673e+02,
       7.81870544e-01, 7.45140259e+02, 4.56734650e+02, 8.55892301e-01,
       7.62780762e+02, 5.09795776e+02, 5.44594526e-01, 7.71650391e+02,
       4.35985168e+02, 5.79759955e-01, 1.63700269e+03, 4.18395538e+02,
       5.41152239e-01, 1.63395752e+03, 4.15458588e+02, 5.89570463e-01,
       1.59571484e+03, 4.56787781e+02, 3.24796706e-01, 1.62227576e+03,
       6.53941711e+02, 4.73061949e-01, 1.61336572e+03, 6.71571655e+02,
       4.93658870e-01, 1.56626917e+03, 6.65689758e+02, 2.87653565e-01 ]
