%YAML:1.0
---
pose_0: !!opencv-matrix
   rows: 1
   cols: 25
   dt: "3f"
   data: [ 7.86350464e+02, 3.89173431e+02, 8.94708633e-01,
       8.62890381e+02, 4.50793549e+02, 7.44773984e-01, 8.59869080e+02,
       5.24376709e+02, 6.53764546e-01, 9.74769043e+02, 6.24602051e+02,
       8.78558040e-01, 8.68742371e+02, 6.45155151e+02, 8.45952749e-01,
       8.74678711e+02, 3.86098297e+02, 7.88776875e-01, 9.51182434e+02,
       4.44951416e+02, 8.32638085e-01, 8.33422791e+02, 5.18543884e+02,
       8.13604891e-01, 1.11897791e+03, 4.36136932e+02, 5.26291728e-01,
       1.12483496e+03, 4.83181122e+02, 5.77313423e-01, 1.32797144e+03,
       4.92013794e+02, 4.61428016e-01, 1.55452625e+03, 5.03877625e+02,
       5.22884369e-01, 1.11309338e+03, 3.86116730e+02, 5.49970627e-01,
       1.33091833e+03, 2.80140137e+02, 3.82521778e-01, 1.51618811e+03,
       1.80027222e+02, 5.30687869e-01, 7.65786865e+02, 4.06623444e+02,
       8.84440422e-01, 7.77526611e+02, 3.83046082e+02, 7.85675943e-01,
       7.74570984e+02, 4.36170380e+02, 7.14618444e-01, 0., 0., 0.,
       1.58397302e+03, 1.32957596e+02, 1.56260163e-01, 1.57808337e+03,
       1.35846573e+02, 1.42938718e-01, 1.51926465e+03, 1.74077744e+02,
       3.22152257e-01, 1.62816052e+03, 5.03750336e+02, 3.50185096e-01,
       1.61643506e+03, 5.12665344e+02, 3.24155420e-01, 1.58104578e+03,
       4.94992432e+02, 2.98285127e-01 ]
