%YAML:1.0
---
pose_0: !!opencv-matrix
   rows: 1
   cols: 25
   dt: "3f"
   data: [ 7.01061279e+02, 3.65532318e+02, 7.92055488e-01,
       8.48166931e+02, 3.41999146e+02, 6.77063584e-01, 8.57005127e+02,
       4.36136536e+02, 6.11362457e-01, 1.00110559e+03, 4.80300110e+02,
       7.18881130e-01, 1.13367004e+03, 5.33224243e+02, 8.01599205e-01,
       8.56857361e+02, 2.50650467e+02, 6.76217735e-01, 1.00134155e+03,
       2.03625015e+02, 8.06744695e-01, 1.14245081e+03, 1.53503540e+02,
       8.73827279e-01, 1.13949207e+03, 3.39002899e+02, 4.81818885e-01,
       1.12483264e+03, 3.91908356e+02, 5.16244769e-01, 1.33388684e+03,
       3.83097870e+02, 7.36255884e-01, 1.63701355e+03, 3.65448853e+02,
       5.91353476e-01, 1.14246484e+03, 2.80122559e+02, 4.53121871e-01,
       1.37796082e+03, 2.94708527e+02, 7.59989977e-01, 1.57222400e+03,
       3.00727448e+02, 2.94791043e-01, 6.86251221e+02, 3.80119812e+02,
       7.12881982e-01, 6.89203979e+02, 3.41878815e+02, 7.87911594e-01,
       0., 0., 0., 7.15576355e+02, 3.00766907e+02, 5.42838812e-01,
       1.77528589e+03, 3.15364014e+02, 2.24145904e-01, 1.77537842e+03,
       3.12474792e+02, 1.69038206e-01, 0., 0., 0., 1.77815283e+03,
       3.12525085e+02, 3.82018149e-01, 1.77525806e+03, 3.21392365e+02,
       2.91983575e-01, 1.65464148e+03, 3.65517792e+02, 3.10889512e-01 ]
