%YAML:1.0
---
pose_0: !!opencv-matrix
   rows: 1
   cols: 25
   dt: "3f"
   data: [ 5.74463928e+02, 5.06869385e+02, 8.16233099e-01,
       7.06900146e+02, 5.80274292e+02, 5.71668565e-01, 7.15700378e+02,
       6.86222412e+02, 5.68618715e-01, 8.51041443e+02, 7.39328064e+02,
       6.70062542e-01, 9.74741455e+02, 7.21565002e+02, 7.87627339e-01,
       6.86299927e+02, 4.83260620e+02, 5.73714197e-01, 8.62838562e+02,
       4.09568634e+02, 5.05191624e-01, 9.57037598e+02, 2.94786102e+02,
       3.36976618e-01, 1.04834912e+03, 5.45033691e+02, 4.10544872e-01,
       1.04834814e+03, 6.03829590e+02, 4.31690454e-01, 1.35136938e+03,
       6.24489075e+02, 5.11260152e-01, 1.65753430e+03, 5.97937744e+02,
       2.65473515e-01, 1.04539502e+03, 4.80214844e+02, 3.79481971e-01,
       1.33674463e+03, 3.88932983e+02, 3.25584501e-01, 1.37791223e+03,
       3.62553741e+02, 1.41921520e-01, 5.53917358e+02, 5.33329468e+02,
       7.44658709e-01, 5.59734924e+02, 5.00826630e+02, 7.31723487e-01,
       5.80324402e+02, 5.97929565e+02, 3.66649747e-01, 5.95072937e+02,
       4.74347015e+02, 5.97593710e-02, 0., 0., 0., 0., 0., 0., 0., 0.,
       0., 0., 0., 0., 0., 0., 0., 1.66050000e+03, 5.94995544e+02,
       1.61262110e-01 ]
