%YAML:1.0
---
pose_0: !!opencv-matrix
   rows: 1
   cols: 25
   dt: "3f"
   data: [ 7.39343628e+02, 5.06774017e+02, 8.81205201e-01,
       8.59835632e+02, 5.30315796e+02, 7.80410945e-01, 8.56945862e+02,
       6.03824646e+02, 6.90688550e-01, 9.77707092e+02, 6.45024780e+02,
       8.20746303e-01, 1.11898975e+03, 6.71472717e+02, 8.80004704e-01,
       8.62929626e+02, 4.62633972e+02, 6.99756324e-01, 9.98266174e+02,
       4.33271637e+02, 8.43305469e-01, 1.05414270e+03, 3.86142334e+02,
       7.90140927e-01, 1.11307959e+03, 5.33204285e+02, 5.99555969e-01,
       1.11012244e+03, 5.77441956e+02, 6.26918733e-01, 1.28961853e+03,
       5.74349915e+02, 4.82850671e-01, 1.54276294e+03, 5.53881653e+02,
       4.52897877e-01, 1.11014795e+03, 4.83094299e+02, 6.34461403e-01,
       1.30438745e+03, 4.94911194e+02, 6.05555475e-01, 1.56929333e+03,
       4.92079803e+02, 4.55340654e-01, 7.18756531e+02, 5.27273987e+02,
       8.58199596e-01, 7.30411011e+02, 4.89038971e+02, 8.08120251e-01,
       7.39244202e+02, 5.53880798e+02, 6.50683165e-01, 7.56877625e+02,
       4.74287415e+02, 5.69825113e-01, 1.64579138e+03, 4.44905121e+02,
       4.67962801e-01, 1.63989600e+03, 4.42030304e+02, 4.60838646e-01,
       1.59866748e+03, 5.21474182e+02, 2.44924828e-01, 1.61350525e+03,
       5.71520508e+02, 2.06561700e-01, 1.61036108e+03, 5.77371216e+02,
       2.24458978e-01, 1.57516394e+03, 5.62643372e+02, 2.34901816e-01 ]
