%YAML:1.0
---
pose_0: !!opencv-matrix
   rows: 1
   cols: 25
   dt: "3f"
   data: [ 7.00983948e+02, 4.83206909e+02, 8.21708560e-01,
       8.03981384e+02, 5.21468994e+02, 6.48257673e-01, 8.09849060e+02,
       5.97905762e+02, 6.42141223e-01, 9.01165833e+02, 6.68676819e+02,
       6.32502675e-01, 9.71745422e+02, 6.71627808e+02, 6.62129879e-01,
       7.89224121e+02, 4.59577850e+02, 5.96591830e-01, 9.77545837e+02,
       4.12642609e+02, 8.01013529e-01, 8.33536255e+02, 4.15514618e+02,
       8.04385066e-01, 1.08364221e+03, 5.15582092e+02, 4.87876743e-01,
       1.08066370e+03, 5.59743896e+02, 4.88470554e-01, 1.33085742e+03,
       5.77298645e+02, 7.13668525e-01, 1.60459961e+03, 6.00918091e+02,
       5.13699234e-01, 1.08065967e+03, 4.56779755e+02, 4.94179130e-01,
       1.33380005e+03, 4.53762390e+02, 5.67918897e-01, 1.56334692e+03,
       4.62683990e+02, 5.65793753e-01, 6.89252380e+02, 4.97954163e+02,
       7.18412876e-01, 6.92233765e+02, 4.71382843e+02, 6.99549079e-01,
       6.98148315e+02, 5.27414246e+02, 5.99990606e-01, 7.15713867e+02,
       4.59694427e+02, 3.15626323e-01, 1.63400500e+03, 4.36125916e+02,
       4.31162387e-01, 1.62812964e+03, 4.36052490e+02, 4.71583784e-01,
       1.60743286e+03, 4.77243866e+02, 2.65799046e-01, 1.69584106e+03,
       6.21577637e+02, 2.72468686e-01, 1.69579504e+03, 6.21608643e+02,
       3.20960939e-01, 1.65463513e+03, 5.80378784e+02, 2.65088111e-01 ]
