%YAML:1.0
---
pose_0: !!opencv-matrix
   rows: 1
   cols: 25
   dt: "3f"
   data: [ 7.59808289e+02, 3.65497711e+02, 8.94697368e-01,
       8.65831360e+02, 3.65391388e+02, 7.32985020e-01, 8.62928894e+02,
       4.33193848e+02, 6.58899188e-01, 9.98224426e+02, 4.59736877e+02,
       7.41449296e-01, 1.06876245e+03, 5.47868469e+02, 8.19162071e-01,
       8.74640198e+02, 2.94748291e+02, 6.97045445e-01, 1.00705487e+03,
       2.47781921e+02, 8.13753247e-01, 1.09255737e+03, 2.00536057e+02,
       8.85521472e-01, 1.12774304e+03, 3.86018158e+02, 5.53676605e-01,
       1.11896057e+03, 4.33068146e+02, 5.85360646e-01, 1.35444385e+03,
       4.92074127e+02, 7.29591787e-01, 1.54566858e+03, 5.30392151e+02,
       6.94476604e-01, 1.13362366e+03, 3.33071442e+02, 4.78650600e-01,
       1.34554895e+03, 3.18262329e+02, 5.19349039e-01, 1.57223779e+03,
       2.88894836e+02, 6.10815406e-01, 7.42278870e+02, 3.83139435e+02,
       8.15817356e-01, 7.42356445e+02, 3.47782440e+02, 8.30303371e-01,
       7.62754761e+02, 4.03657776e+02, 2.87504792e-01, 7.65864014e+02,
       3.24311798e+02, 5.08494377e-01, 1.64871436e+03, 2.74250244e+02,
       3.71812731e-01, 1.63992578e+03, 2.68409302e+02, 4.20961082e-01,
       1.61043481e+03, 2.88894104e+02, 2.35506713e-01, 1.61332727e+03,
       5.59685425e+02, 3.94388229e-01, 1.61044495e+03, 5.59778625e+02,
       4.08809960e-01, 1.57808423e+03, 5.21441589e+02, 4.26920623e-01 ]
