%YAML:1.0
---
pose_0: !!opencv-matrix
   rows: 1
   cols: 25
   dt: "3f"
   data: [ 6.71454407e+02, 4.97901825e+02, 8.70541155e-01,
       7.89357239e+02, 5.30189331e+02, 7.37473607e-01, 7.86421753e+02,
       6.09778137e+02, 7.14983225e-01, 8.98220093e+02, 6.47938782e+02,
       4.45097357e-01, 9.77674744e+02, 6.68474731e+02, 3.92198205e-01,
       8.01099060e+02, 4.56641235e+02, 6.34184003e-01, 9.51216492e+02,
       4.33081726e+02, 7.52580643e-01, 8.48200684e+02, 4.36036835e+02,
       8.04129183e-01, 1.07483655e+03, 5.06821411e+02, 5.06707013e-01,
       1.07191223e+03, 5.56802368e+02, 5.67709506e-01, 1.30442126e+03,
       5.74426941e+02, 6.99300945e-01, 1.56334729e+03, 6.12711487e+02,
       5.10320544e-01, 1.07480188e+03, 4.56657318e+02, 5.08559942e-01,
       1.30733484e+03, 4.53754272e+02, 6.35086596e-01, 1.54868079e+03,
       4.62621735e+02, 5.73869944e-01, 6.51004517e+02, 5.06865601e+02,
       8.50003302e-01, 6.65713013e+02, 4.77321960e+02, 8.70688260e-01,
       6.68499573e+02, 5.39073730e+02, 6.14849865e-01, 6.92158142e+02,
       4.53786163e+02, 6.10757351e-01, 1.62810046e+03, 4.53798462e+02,
       4.99716163e-01, 1.61929700e+03, 4.44977478e+02, 5.35376608e-01,
       1.58101099e+03, 4.80202759e+02, 2.48832718e-01, 1.67517236e+03,
       5.92092529e+02, 2.56845653e-01, 1.66345203e+03, 6.03844543e+02,
       2.08663017e-01, 1.60455945e+03, 6.06789490e+02, 2.92100579e-01 ]
