%YAML:1.0
---
pose_0: !!opencv-matrix
   rows: 1
   cols: 25
   dt: "3f"
   data: [ 7.89378052e+02, 3.41909302e+02, 7.62446046e-01,
       9.04154968e+02, 3.35988190e+02, 6.88421607e-01, 9.01085449e+02,
       4.06711639e+02, 5.58139145e-01, 8.01092590e+02, 5.27378845e+02,
       5.19132555e-01, 7.09772766e+02, 6.24411194e+02, 6.60847664e-01,
       9.07126099e+02, 2.56522491e+02, 5.65183461e-01, 1.06300574e+03,
       1.85981110e+02, 6.73902512e-01, 1.20132605e+03, 1.32892029e+02,
       7.92133152e-01, 1.18659497e+03, 3.18353790e+02, 5.04649341e-01,
       1.18958911e+03, 3.77198456e+02, 5.17900050e-01, 1.35436304e+03,
       4.80179169e+02, 4.73212600e-01, 1.51038501e+03, 6.48020630e+02,
       3.44725251e-01, 1.18075916e+03, 2.50695999e+02, 5.28784811e-01,
       1.38382947e+03, 2.00621658e+02, 3.37893367e-01, 1.53985156e+03,
       1.50517899e+02, 1.68990046e-01, 7.77473999e+02, 3.59575256e+02,
       7.10720837e-01, 7.77505676e+02, 3.21301331e+02, 6.90790176e-01,
       7.98084595e+02, 3.77203491e+02, 2.97776431e-01, 7.89427795e+02,
       2.88909760e+02, 4.38269734e-01, 1.61339929e+03, 1.03477867e+02,
       1.87595621e-01, 1.60456848e+03, 1.00595276e+02, 1.87766701e-01,
       1.58986353e+03, 1.27087631e+02, 1.39619768e-01, 1.60741797e+03,
       6.95114075e+02, 3.15842092e-01, 1.58986658e+03, 7.01044006e+02,
       3.08150530e-01, 1.53395996e+03, 6.71525269e+02, 2.67763346e-01 ]
