%YAML:1.0
---
pose_0: !!opencv-matrix
   rows: 1
   cols: 25
   dt: "3f"
   data: [ 6.68552551e+02, 5.30170227e+02, 8.84653568e-01,
       8.01052979e+02, 5.50805847e+02, 6.74826264e-01, 7.95175720e+02,
       6.24445557e+02, 5.81510007e-01, 9.59969788e+02, 6.95091492e+02,
       6.77071273e-01, 1.08660242e+03, 7.33365417e+02, 7.17416584e-01,
       8.12862915e+02, 4.74302948e+02, 5.80801725e-01, 9.80558472e+02,
       4.35999695e+02, 7.26203382e-01, 1.13068909e+03, 4.12487793e+02,
       7.80958712e-01, 1.09239172e+03, 5.62640442e+02, 5.71145594e-01,
       1.08359351e+03, 6.15681641e+02, 5.61752021e-01, 1.30742212e+03,
       6.24469666e+02, 7.63337016e-01, 1.56339282e+03, 6.50916138e+02,
       6.06573582e-01, 1.09542590e+03, 5.03871155e+02, 5.96230030e-01,
       1.30429785e+03, 4.97884857e+02, 5.94738781e-01, 1.58102551e+03,
       4.56681976e+02, 4.74963546e-01, 6.56863831e+02, 5.50884094e+02,
       7.48984635e-01, 6.53854797e+02, 5.09762360e+02, 7.69595683e-01,
       6.71655518e+02, 5.77491394e+02, 4.64382678e-01, 6.89173401e+02,
       4.92030273e+02, 3.25353831e-01, 1.68398596e+03, 4.53739990e+02,
       2.87359983e-01, 1.68108435e+03, 4.39097290e+02, 2.76609272e-01,
       1.60161951e+03, 4.42029816e+02, 2.42463723e-01, 1.65752600e+03,
       6.33330139e+02, 6.09971344e-01, 1.64575439e+03, 6.48073303e+02,
       5.24595797e-01, 1.57808911e+03, 6.53895935e+02, 2.89691925e-01 ]
