%YAML:1.0
---
pose_0: !!opencv-matrix
   rows: 1
   cols: 25
   dt: "3f"
   data: [ 7.24528687e+02, 3.59580536e+02, 5.94534159e-01,
       8.21627380e+02, 3.53685791e+02, 6.37292445e-01, 8.09900085e+02,
       3.94944397e+02, 4.27113444e-01, 7.03953735e+02, 4.12439697e+02,
       6.19822681e-01, 6.36290283e+02, 3.15289398e+02, 5.81329584e-01,
       8.33527710e+02, 3.09507446e+02, 6.99986756e-01, 8.60039246e+02,
       3.91905579e+02, 7.49837279e-01, 8.45263916e+02, 4.59677429e+02,
       4.94324923e-01, 1.10131409e+03, 3.59615417e+02, 5.48911095e-01,
       1.10128772e+03, 4.09514404e+02, 5.14975786e-01, 1.32493872e+03,
       4.18437500e+02, 6.27397299e-01, 1.53985938e+03, 4.50798767e+02,
       5.98152041e-01, 1.10713196e+03, 3.06611847e+02, 5.02941310e-01,
       1.32786511e+03, 2.94887482e+02, 5.91573894e-01, 1.55451672e+03,
       2.88876801e+02, 5.44625521e-01, 7.36270142e+02, 3.42056274e+02,
       1.63010523e-01, 7.42163208e+02, 3.47771423e+02, 5.61883688e-01,
       0., 0., 0., 7.83351868e+02, 3.39053925e+02, 3.14012617e-01,
       1.63702673e+03, 2.83024048e+02, 5.76044679e-01, 1.63408484e+03,
       2.71344086e+02, 5.90915620e-01, 1.57220496e+03, 2.80094147e+02,
       1.96955547e-01, 1.61050183e+03, 4.59660797e+02, 4.37555134e-01,
       1.60167090e+03, 4.68526123e+02, 4.02073115e-01, 1.56635718e+03,
       4.36072388e+02, 3.61067533e-01 ]
