%YAML:1.0
---
pose_0: !!opencv-matrix
   rows: 1
   cols: 25
   dt: "3f"
   data: [ 7.12743225e+02, 3.83142426e+02, 8.37655544e-01,
       7.98164856e+02, 3.56625244e+02, 6.95969522e-01, 7.89251343e+02,
       4.15486420e+02, 4.07037169e-01, 8.62874084e+02, 4.47842560e+02,
       1.67437181e-01, 0., 0., 0., 8.12930725e+02, 2.88950562e+02,
       7.61405230e-01, 8.33441040e+02, 3.65369354e+02, 8.43965769e-01,
       7.62790405e+02, 4.56650757e+02, 7.86944628e-01, 1.11601904e+03,
       4.09651428e+02, 5.18849850e-01, 1.11007629e+03, 4.59722778e+02,
       5.14034629e-01, 1.32794238e+03, 4.80266663e+02, 8.15570831e-01,
       1.59575720e+03, 5.27340820e+02, 5.32195091e-01, 1.12186121e+03,
       3.47832306e+02, 4.63592678e-01, 1.37494250e+03, 3.41930389e+02,
       4.87573475e-01, 1.54578394e+03, 3.27154205e+02, 5.66904187e-01,
       6.95010254e+02, 3.91998840e+02, 8.27763617e-01, 6.95212769e+02,
       3.59577057e+02, 8.42066109e-01, 7.15813538e+02, 4.15533661e+02,
       2.31457740e-01, 7.18592102e+02, 3.18473053e+02, 5.81898868e-01,
       1.63111682e+03, 2.91890594e+02, 5.03558457e-01, 1.62520874e+03,
       2.91761902e+02, 4.92965013e-01, 1.57809863e+03, 3.24224854e+02,
       2.20900401e-01, 1.71639575e+03, 5.15592712e+02, 1.05025582e-01,
       0., 0., 0., 1.63108984e+03, 5.24370300e+02, 3.23786169e-01 ]
