%YAML:1.0
---
pose_0: !!opencv-matrix
   rows: 1
   cols: 25
   dt: "3f"
   data: [ 7.74574829e+02, 4.83346924e+02, 7.19363570e-01,
       9.01067139e+02, 4.83207764e+02, 6.62850142e-01, 9.21780457e+02,
       5.59694946e+02, 4.36527878e-01, 1.06592847e+03, 5.92061279e+02,
       5.70754170e-01, 1.06595935e+03, 5.83302612e+02, 2.49359742e-01,
       8.89348755e+02, 4.12552612e+02, 6.45194054e-01, 9.83567810e+02,
       3.41802307e+02, 8.15113604e-01, 1.04821375e+03, 3.59522644e+02,
       7.30371237e-01, 1.16018030e+03, 5.12631104e+02, 5.27907133e-01,
       1.15134961e+03, 5.59698120e+02, 5.14368296e-01, 1.31024585e+03,
       5.77469482e+02, 3.56868416e-01, 1.50446643e+03, 5.68587219e+02,
       5.60800433e-01, 1.16605396e+03, 4.59691833e+02, 5.35930455e-01,
       1.37491016e+03, 5.06768585e+02, 7.55780458e-01, 1.57219434e+03,
       4.80262268e+02, 6.71187997e-01, 7.62797974e+02, 5.03696228e+02,
       6.01682127e-01, 7.62900635e+02, 4.77252258e+02, 7.50409365e-01,
       7.86291260e+02, 5.21413818e+02, 3.38769108e-01, 7.86442444e+02,
       4.56715790e+02, 4.11412269e-01, 1.62806238e+03, 4.56651398e+02,
       3.72180015e-01, 1.61633398e+03, 4.53762756e+02, 4.58447337e-01,
       1.59866956e+03, 4.74361206e+02, 3.09484929e-01, 1.49869177e+03,
       6.42127563e+02, 3.48702252e-01, 1.49273511e+03, 6.27432434e+02,
       3.86939734e-01, 1.53393201e+03, 5.56736145e+02, 3.83667320e-01 ]
