%YAML:1.0
---
pose_0: !!opencv-matrix
   rows: 1
   cols: 25
   dt: "3f"
   data: [ 7.27499817e+02, 5.33197998e+02, 7.50162065e-01,
       8.09751404e+02, 4.59586517e+02, 6.20590150e-01, 8.06952026e+02,
       4.53782166e+02, 5.32229900e-01, 9.21716919e+02, 5.24310852e+02,
       3.40741724e-01, 8.80429443e+02, 5.53970154e+02, 6.81967735e-01,
       8.09752380e+02, 4.62601990e+02, 7.67434478e-01, 9.48271667e+02,
       5.30259033e+02, 8.50356817e-01, 8.57043457e+02, 6.06787231e+02,
       8.30643117e-01, 1.10716846e+03, 4.65504761e+02, 3.00189465e-01,
       1.07773999e+03, 4.83197876e+02, 1.56527743e-01, 1.33092688e+03,
       5.03794037e+02, 5.09659410e-01, 1.57221350e+03, 4.39100494e+02,
       3.71518731e-01, 1.13361853e+03, 4.53788574e+02, 3.01880270e-01,
       1.33089624e+03, 5.27384033e+02, 7.04630077e-01, 1.59866724e+03,
       4.36187134e+02, 4.28120583e-01, 0., 0., 0., 7.18566528e+02,
       5.24316711e+02, 8.03138912e-01, 0., 0., 0., 7.24609131e+02,
       4.80278931e+02, 7.10488796e-01, 1.66049207e+03, 3.80146210e+02,
       2.73161978e-01, 1.66339197e+03, 3.83102997e+02, 2.47816384e-01,
       1.63399109e+03, 4.41997162e+02, 1.70823842e-01, 0., 0., 0., 0.,
       0., 0., 1.58105151e+03, 3.94886414e+02, 1.13586180e-01 ]
