%YAML:1.0
---
pose_0: !!opencv-matrix
   rows: 2
   cols: 25
   dt: "3f"
   data: [ 0., 0., 0., 7.89254883e+02, 5.39095154e+02, 2.06615835e-01,
       8.06991821e+02, 5.71509094e+02, 4.38513160e-01, 9.45289551e+02,
       6.45006897e+02, 6.83040679e-01, 1.11014771e+03, 6.71667236e+02,
       7.65408278e-01, 6.77492920e+02, 5.36184204e+02, 2.03749865e-01,
       0., 0., 0., 0., 0., 0., 1.15131287e+03, 5.50826050e+02,
       4.46564317e-01, 1.14543054e+03, 5.62667664e+02, 3.57348710e-01,
       1.34846790e+03, 5.06851715e+02, 6.90153837e-01, 1.56921545e+03,
       6.15646606e+02, 5.78707814e-01, 1.16010925e+03, 5.30233276e+02,
       3.84603500e-01, 1.36027222e+03, 5.27415833e+02, 4.11953509e-01,
       1.50743347e+03, 6.21538086e+02, 3.87731135e-01, 0., 0., 0., 0.,
       0., 0., 7.53947449e+02, 5.06760162e+02, 6.03381358e-02, 0., 0.,
       0., 0., 0., 0., 0., 0., 0., 1.49565710e+03, 6.53876831e+02,
       2.76134074e-01, 1.63987756e+03, 5.53833984e+02, 5.12673557e-01,
       1.64574719e+03, 5.71528687e+02, 4.11772013e-01, 1.58693774e+03,
       6.42076660e+02, 5.07152855e-01, 0., 0., 0., 0., 0., 0., 0., 0.,
       0., 0., 0., 0., 0., 0., 0., 9.06989197e+02, 4.86101563e+02,
       2.61216432e-01, 1.03357593e+03, 4.65571411e+02, 5.99231780e-01,
       1.10419580e+03, 4.06553101e+02, 7.18890011e-01, 0., 0., 0., 0.,
       0., 0., 0., 0., 0., 0., 0., 0., 0., 0., 0., 0., 0., 0., 0., 0.,
       0., 0., 0., 0., 0., 0., 0., 0., 0., 0., 0., 0., 0., 0., 0., 0.,
       0., 0., 0., 0., 0., 0., 0., 0., 0., 0., 0., 0., 0., 0., 0. ]
