%YAML:1.0
---
pose_0: !!opencv-matrix
   rows: 1
   cols: 25
   dt: "3f"
   data: [ 7.89172119e+02, 5.36200806e+02, 7.87697792e-01,
       8.86382385e+02, 4.59711761e+02, 6.08430922e-01, 8.80437256e+02,
       4.59585114e+02, 4.15036559e-01, 0., 0., 0., 0., 0., 0.,
       9.01047119e+02, 4.59690796e+02, 7.51192629e-01, 1.02776685e+03,
       4.59821991e+02, 8.19612145e-01, 1.16594580e+03, 5.33180908e+02,
       7.94417262e-01, 1.15426135e+03, 4.00778656e+02, 3.76718968e-01,
       1.17191284e+03, 3.80170654e+02, 2.78987199e-01, 1.37798901e+03,
       5.30254822e+02, 6.06084883e-01, 1.58987048e+03, 4.36044159e+02,
       3.44355017e-01, 0., 0., 0., 0., 0., 0., 0., 0., 0., 0., 0., 0.,
       7.77465271e+02, 5.21437622e+02, 7.29871929e-01, 0., 0., 0.,
       7.92329041e+02, 4.74300476e+02, 6.62397146e-01, 0., 0., 0., 0.,
       0., 0., 0., 0., 0., 0., 0., 0., 0., 0., 0., 0., 0., 0. ]
