%YAML:1.0
---
pose_0: !!opencv-matrix
   rows: 1
   cols: 25
   dt: "3f"
   data: [ 7.36284302e+02, 3.36022308e+02, 1.76122308e-01,
       8.39365479e+02, 2.44822159e+02, 4.57820117e-01, 8.36432800e+02,
       2.44789001e+02, 2.97553420e-01, 8.80596008e+02, 3.97821350e+02,
       3.76004875e-01, 9.27565796e+02, 5.45030640e+02, 3.18428963e-01,
       8.36376770e+02, 2.50735214e+02, 6.00861847e-01, 8.83353699e+02,
       4.00829285e+02, 5.87683916e-01, 9.27709106e+02, 5.47886597e+02,
       7.67181277e-01, 1.11899829e+03, 2.94787964e+02, 5.13037920e-01,
       1.11895007e+03, 3.39043121e+02, 5.61402023e-01, 1.28668188e+03,
       4.74355469e+02, 7.85651207e-01, 1.49570142e+03, 4.12483459e+02,
       4.89430338e-01, 1.12187549e+03, 2.44744781e+02, 4.52885330e-01,
       1.33088025e+03, 2.18266296e+02, 2.69771338e-01, 1.42208899e+03,
       1.82980865e+02, 1.38468921e-01, 0., 0., 0., 7.24583069e+02,
       3.15517609e+02, 1.96948558e-01, 0., 0., 0., 7.51001282e+02,
       2.71356750e+02, 2.72679985e-01, 0., 0., 0., 0., 0., 0.,
       1.58990930e+03, 1.44723053e+02, 1.49424970e-01, 1.49859546e+03,
       4.36077637e+02, 5.66232055e-02, 0., 0., 0., 1.52803186e+03,
       4.06620026e+02, 2.63600528e-01 ]
