%YAML:1.0
---
pose_0: !!opencv-matrix
   rows: 1
   cols: 25
   dt: "3f"
   data: [ 7.71666382e+02, 4.80196930e+02, 8.28198373e-01,
       8.80567749e+02, 4.77350281e+02, 6.85877621e-01, 9.09925720e+02,
       5.53787842e+02, 4.37211066e-01, 1.04824695e+03, 5.94981689e+02,
       7.58135438e-01, 9.98242859e+02, 5.50828430e+02, 5.52248001e-01,
       8.80498596e+02, 4.12501495e+02, 6.53882205e-01, 9.54159119e+02,
       3.18523743e+02, 8.76238167e-01, 1.01884497e+03, 3.59586639e+02,
       8.36316705e-01, 1.16610315e+03, 5.06851501e+02, 5.87554395e-01,
       1.16309009e+03, 5.56850952e+02, 5.90733409e-01, 1.33089221e+03,
       5.71515259e+02, 4.27665532e-01, 1.51329773e+03, 5.74479004e+02,
       5.85440814e-01, 1.17187695e+03, 4.56703766e+02, 5.85762382e-01,
       1.37201477e+03, 4.83238922e+02, 6.81205869e-01, 1.58098999e+03,
       4.68477386e+02, 6.38562083e-01, 7.59857788e+02, 4.86240082e+02,
       7.15131998e-01, 7.62889526e+02, 4.59706665e+02, 8.33430767e-01,
       7.71593811e+02, 5.12604309e+02, 2.40611538e-01, 7.86447205e+02,
       4.41950134e+02, 5.04448116e-01, 1.63400403e+03, 4.42011810e+02,
       5.11818886e-01, 1.62810413e+03, 4.39052612e+02, 5.71043074e-01,
       1.61040613e+03, 4.74397095e+02, 3.37356448e-01, 1.56934265e+03,
       5.80382446e+02, 3.31415236e-01, 1.56337415e+03, 5.92100708e+02,
       2.94808477e-01, 1.54279041e+03, 5.56842529e+02, 3.89102519e-01 ]
