%YAML:1.0
---
pose_0: !!opencv-matrix
   rows: 1
   cols: 25
   dt: "3f"
   data: [ 7.62668823e+02, 4.83138336e+02, 8.78319919e-01,
       8.62826965e+02, 4.80278564e+02, 6.62548542e-01, 8.80419373e+02,
       5.39081421e+02, 6.55557513e-01, 1.00118878e+03, 5.74290222e+02,
       7.36697555e-01, 1.11598206e+03, 6.36216064e+02, 7.82018542e-01,
       8.54045715e+02, 4.12591766e+02, 5.96491754e-01, 9.92375549e+02,
       3.62525360e+02, 7.31787324e-01, 1.11890381e+03, 3.38868225e+02,
       8.38445544e-01, 1.12779480e+03, 4.91978180e+02, 5.80524445e-01,
       1.11897046e+03, 5.39102783e+02, 6.37294769e-01, 1.33088916e+03,
       6.18465332e+02, 7.59986401e-01, 1.53981641e+03, 6.71452332e+02,
       6.73914790e-01, 1.13069324e+03, 4.39028992e+02, 5.56929648e-01,
       1.34845007e+03, 4.39104034e+02, 6.24460042e-01, 1.57807507e+03,
       4.53672028e+02, 6.23429418e-01, 7.45114258e+02, 4.94939178e+02,
       7.68633604e-01, 7.48048462e+02, 4.62576935e+02, 7.93044329e-01,
       7.59913269e+02, 5.09643036e+02, 2.44006634e-01, 7.65745605e+02,
       4.33218750e+02, 6.33310974e-01, 1.63997302e+03, 4.27267487e+02,
       4.38078284e-01, 1.63689075e+03, 4.21344421e+02, 4.86312956e-01,
       1.61044678e+03, 4.50858856e+02, 3.02669525e-01, 1.61925659e+03,
       6.48064941e+02, 5.02368152e-01, 1.61048035e+03, 6.68611267e+02,
       4.41930979e-01, 1.55456067e+03, 6.83327820e+02, 3.28721970e-01 ]
