%YAML:1.0
---
pose_0: !!opencv-matrix
   rows: 1
   cols: 25
   dt: "3f"
   data: [ 7.21695068e+02, 3.41865906e+02, 8.42501462e-01,
       8.60014893e+02, 3.36032898e+02, 7.07615912e-01, 8.65835754e+02,
       4.24278778e+02, 6.49983764e-01, 1.00132281e+03, 4.59564789e+02,
       7.73902953e-01, 1.10122827e+03, 5.24393494e+02, 7.61819780e-01,
       8.62970215e+02, 2.47643555e+02, 6.88284814e-01, 1.00131891e+03,
       1.91804947e+02, 7.66166687e-01, 1.11608557e+03, 1.47667480e+02,
       8.62399876e-01, 1.14840295e+03, 3.38984375e+02, 4.87817705e-01,
       1.14253479e+03, 3.88969269e+02, 5.57500362e-01, 1.30727295e+03,
       4.00730560e+02, 7.52152681e-01, 1.61036047e+03, 4.03667664e+02,
       5.99474490e-01, 1.15128784e+03, 2.86011566e+02, 4.52238023e-01,
       1.36031458e+03, 2.91816589e+02, 6.86097682e-01, 1.56341162e+03,
       3.15334229e+02, 6.27089441e-01, 7.06913940e+02, 3.56661285e+02,
       7.62813449e-01, 7.12708374e+02, 3.18374786e+02, 8.29027534e-01,
       7.21680115e+02, 3.71303192e+02, 1.25522211e-01, 7.30450256e+02,
       2.85947754e+02, 4.80433613e-01, 1.63394995e+03, 2.59522614e+02,
       4.51364905e-01, 1.62810986e+03, 2.65330444e+02, 4.92844701e-01,
       1.58990161e+03, 3.33122711e+02, 4.22705114e-01, 1.68115088e+03,
       3.56580139e+02, 4.03166592e-01, 1.67815845e+03, 3.68405548e+02,
       3.82541001e-01, 1.62228650e+03, 4.06644989e+02, 3.88936073e-01 ]
