%YAML:1.0
---
pose_0: !!opencv-matrix
   rows: 1
   cols: 25
   dt: "3f"
   data: [ 0., 0., 0., 7.89216797e+02, 5.53878296e+02, 4.39929634e-01,
       7.92300354e+02, 5.50880554e+02, 4.05494958e-01, 8.80468323e+02,
       4.71393402e+02, 3.26512575e-01, 7.65743774e+02, 3.94865601e+02,
       7.23219633e-01, 7.74573242e+02, 5.65610291e+02, 3.26232523e-01,
       8.83551697e+02, 4.77253845e+02, 2.41371393e-01, 7.65786133e+02,
       3.92065460e+02, 1.00919425e-01, 1.04241809e+03, 5.59703735e+02,
       3.01032454e-01, 1.03063965e+03, 5.59712158e+02, 2.32929677e-01,
       1.32501404e+03, 5.30325439e+02, 7.27675319e-01, 1.61340869e+03,
       6.95213623e+02, 4.51874673e-01, 1.05712451e+03, 5.59696411e+02,
       2.09939763e-01, 1.33383362e+03, 5.15550842e+02, 4.24439698e-01,
       1.56636597e+03, 6.00886353e+02, 4.99279708e-01, 0., 0., 0., 0.,
       0., 0., 7.33348694e+02, 5.27394348e+02, 5.10124192e-02,
       7.15684998e+02, 5.74358398e+02, 5.25339991e-02, 1.63098499e+03,
       5.30243713e+02, 4.22622055e-01, 1.62513696e+03, 5.30371704e+02,
       4.10592824e-01, 1.58992969e+03, 6.15580444e+02, 2.42678568e-01,
       1.68113269e+03, 7.21606445e+02, 3.12499106e-01, 1.66056018e+03,
       7.39221863e+02, 3.39596123e-01, 1.63990601e+03, 7.27516052e+02,
       2.43203610e-01 ]
