%YAML:1.0
---
pose_0: !!opencv-matrix
   rows: 1
   cols: 25
   dt: "3f"
   data: [ 7.65848633e+02, 4.80102417e+02, 8.75367939e-01,
       8.83374207e+02, 5.03789063e+02, 8.34097266e-01, 8.60058838e+02,
       5.68553162e+02, 7.76065767e-01, 9.60014099e+02, 6.33254883e+02,
       7.36870229e-01, 1.06296118e+03, 7.18703247e+02, 7.74972379e-01,
       9.01117615e+02, 4.36234711e+02, 6.81093395e-01, 1.04528723e+03,
       3.80224976e+02, 7.77879357e-01, 1.11902209e+03, 3.12399414e+02,
       8.42366934e-01, 1.13958032e+03, 4.83219757e+02, 6.05099142e-01,
       1.13958838e+03, 5.30243652e+02, 6.09068394e-01, 1.34266772e+03,
       5.53763184e+02, 7.61349201e-01, 1.54271729e+03, 5.59740479e+02,
       5.94905913e-01, 1.13948279e+03, 4.33224670e+02, 6.07452750e-01,
       1.33091736e+03, 4.33061371e+02, 7.00016916e-01, 1.57223279e+03,
       4.30182556e+02, 6.54122472e-01, 7.51004150e+02, 4.89064117e+02,
       8.21792245e-01, 7.62697998e+02, 4.56789551e+02, 9.12881970e-01,
       7.62797363e+02, 5.24415222e+02, 7.02883601e-01, 7.86312012e+02,
       4.36255524e+02, 6.32034004e-01, 1.63706604e+03, 4.15574036e+02,
       3.74294132e-01, 1.63406445e+03, 4.12533356e+02, 4.26189423e-01,
       1.60754822e+03, 4.36099396e+02, 2.62644053e-01, 1.61047241e+03,
       5.95087097e+02, 2.25461751e-01, 1.61044360e+03, 5.94992004e+02,
       2.51845241e-01, 1.58101318e+03, 5.42068970e+02, 3.62717688e-01 ]
