%YAML:1.0
---
pose_0: !!opencv-matrix
   rows: 1
   cols: 25
   dt: "3f"
   data: [ 7.42169373e+02, 6.09776184e+02, 7.79740691e-01,
       8.45212952e+02, 5.80280701e+02, 5.18267214e-01, 8.33392822e+02,
       6.39164856e+02, 2.71737665e-01, 9.74723877e+02, 6.68707520e+02,
       9.41703022e-02, 0., 0., 0., 8.56964600e+02, 5.27400879e+02,
       7.40965366e-01, 1.00112170e+03, 4.92034149e+02, 7.42489338e-01,
       1.13957129e+03, 4.83166565e+02, 8.41720760e-01, 1.11599487e+03,
       6.21515930e+02, 4.78431523e-01, 1.11010352e+03, 6.71583130e+02,
       4.38986838e-01, 1.31610022e+03, 6.48051331e+02, 3.91887188e-01,
       1.56928418e+03, 6.71540527e+02, 2.47427851e-01, 1.11897400e+03,
       5.74417053e+02, 4.68908221e-01, 1.32794348e+03, 6.48110535e+02,
       5.56081474e-01, 1.56923633e+03, 6.71676453e+02, 4.17657405e-01,
       7.30469727e+02, 6.21542847e+02, 6.42893016e-01, 7.27527893e+02,
       5.97929626e+02, 7.18129098e-01, 7.45094666e+02, 6.27499146e+02,
       9.08733532e-02, 7.39227539e+02, 5.77276001e+02, 5.80675900e-01,
       1.65750537e+03, 6.56817261e+02, 2.94086933e-01, 1.65458423e+03,
       6.48127197e+02, 2.70114332e-01, 1.59572058e+03, 6.89194824e+02,
       2.02293232e-01, 1.65455310e+03, 6.53909363e+02, 3.46554101e-01,
       1.64577649e+03, 6.65696838e+02, 2.61861533e-01, 1.60744226e+03,
       6.71578308e+02, 9.53207836e-02 ]
