%YAML:1.0
---
pose_0: !!opencv-matrix
   rows: 1
   cols: 25
   dt: "3f"
   data: [ 7.65765869e+02, 4.30148621e+02, 8.72738004e-01,
       8.60045166e+02, 4.09639282e+02, 8.00248384e-01, 8.60004578e+02,
       4.62594391e+02, 7.12455630e-01, 9.74587158e+02, 5.15562012e+02,
       7.95308292e-01, 8.65824829e+02, 4.71449982e+02, 6.55711830e-01,
       8.57058350e+02, 3.56667969e+02, 6.90221906e-01, 1.00424512e+03,
       3.12530548e+02, 8.19904387e-01, 8.95228027e+02, 3.39045166e+02,
       8.26397955e-01, 1.12482678e+03, 4.53743774e+02, 6.06058955e-01,
       1.11888916e+03, 5.00792755e+02, 6.41208589e-01, 1.32494666e+03,
       5.27448975e+02, 6.92763209e-01, 1.53687634e+03, 5.39138794e+02,
       5.40578365e-01, 1.13663025e+03, 3.97869934e+02, 5.90562761e-01,
       1.34853088e+03, 4.09495514e+02, 6.00218832e-01, 1.55746106e+03,
       4.30125366e+02, 5.53322673e-01, 7.53937500e+02, 4.36248077e+02,
       7.97547221e-01, 7.59812317e+02, 4.09564453e+02, 8.58204305e-01,
       7.65781799e+02, 4.56698151e+02, 7.44631365e-02, 7.80402405e+02,
       3.80216797e+02, 6.78497136e-01, 1.63103870e+03, 4.00766907e+02,
       4.96173292e-01, 1.62225598e+03, 3.94896332e+02, 5.15177250e-01,
       1.57808606e+03, 4.39038177e+02, 3.52665275e-01, 1.59571411e+03,
       5.09753174e+02, 3.52631330e-01, 1.58683472e+03, 5.27382751e+02,
       2.77865767e-01, 1.57218628e+03, 5.30249146e+02, 2.96236366e-01 ]
