%YAML:1.0
---
pose_0: !!opencv-matrix
   rows: 1
   cols: 25
   dt: "3f"
   data: [ 7.45256775e+02, 5.71545288e+02, 8.16169262e-01,
       8.30545410e+02, 5.30187195e+02, 6.57505155e-01, 8.18730896e+02,
       5.80272522e+02, 4.37552750e-01, 0., 0., 0., 0., 0., 0.,
       8.36381592e+02, 4.74330261e+02, 6.18823946e-01, 9.74740662e+02,
       4.59528229e+02, 8.36445689e-01, 1.10712891e+03, 4.65483704e+02,
       7.68142223e-01, 1.13658655e+03, 5.83276306e+02, 4.50786084e-01,
       1.13662256e+03, 6.36225281e+02, 4.50941890e-01, 1.33076807e+03,
       6.44964600e+02, 7.12632596e-01, 1.54866321e+03, 6.71583740e+02,
       6.56293213e-01, 1.13363000e+03, 5.27412476e+02, 3.90831053e-01,
       1.35442737e+03, 4.94955200e+02, 4.59606588e-01, 1.53987500e+03,
       4.56791351e+02, 4.63990420e-01, 7.36231262e+02, 5.77365112e+02,
       7.85628200e-01, 7.39233032e+02, 5.50933716e+02, 8.49533916e-01,
       0., 0., 0., 7.51048645e+02, 5.09666534e+02, 5.93617201e-01,
       1.62808093e+03, 4.33137909e+02, 3.54494810e-01, 1.63102698e+03,
       4.30220337e+02, 3.20845455e-01, 1.54278284e+03, 4.56747406e+02,
       2.25350156e-01, 1.62807263e+03, 6.65713379e+02, 5.87340117e-01,
       1.61346582e+03, 6.74563538e+02, 5.26250064e-01, 1.56627222e+03,
       6.74514832e+02, 3.31948906e-01 ]
