%YAML:1.0
---
pose_0: !!opencv-matrix
   rows: 1
   cols: 25
   dt: "3f"
   data: [ 7.42094360e+02, 5.09709503e+02, 8.46610427e-01,
       8.33404053e+02, 4.36227234e+02, 5.81590950e-01, 8.18711243e+02,
       4.86102295e+02, 4.37324554e-01, 0., 0., 0., 0., 0., 0.,
       8.36513794e+02, 4.06651459e+02, 6.44807100e-01, 9.62943237e+02,
       3.89095795e+02, 8.04863930e-01, 1.08071936e+03, 4.44921112e+02,
       8.01344216e-01, 1.11596655e+03, 4.50815430e+02, 4.50809002e-01,
       1.10421179e+03, 4.91976074e+02, 5.55100143e-01, 1.28670093e+03,
       5.80267822e+02, 7.48249233e-01, 1.50447900e+03, 5.21450623e+02,
       6.04445040e-01, 1.11889697e+03, 3.91971222e+02, 4.56180722e-01,
       1.33672095e+03, 4.33084534e+02, 7.21769929e-01, 1.57809192e+03,
       4.12450806e+02, 6.26217484e-01, 7.27457214e+02, 5.09759766e+02,
       2.27193668e-01, 7.36284851e+02, 5.00737793e+02, 7.77199626e-01,
       0., 0., 0., 7.42191833e+02, 4.50823334e+02, 6.44812644e-01,
       1.65462354e+03, 4.56710175e+02, 2.33220875e-01, 1.65759912e+03,
       4.41952698e+02, 2.20048591e-01, 1.59283752e+03, 3.94895691e+02,
       2.44493932e-01, 1.58981055e+03, 5.68562012e+02, 2.39219487e-01,
       1.57512354e+03, 5.71436340e+02, 2.23508701e-01, 1.53983545e+03,
       5.00808746e+02, 3.83874059e-01 ]
