%YAML:1.0
---
pose_0: !!opencv-matrix
   rows: 1
   cols: 25
   dt: "3f"
   data: [ 0., 0., 0., 8.59944153e+02, 4.97900574e+02, 5.48788384e-02,
       0., 0., 0., 0., 0., 0., 0., 0., 0., 0., 0., 0., 0., 0., 0., 0.,
       0., 0., 1.07770923e+03, 5.00869843e+02, 1.76895201e-01,
       1.05712952e+03, 5.74453918e+02, 1.63361847e-01, 1.34852637e+03,
       6.48067322e+02, 2.66020358e-01, 1.55454895e+03, 6.42082520e+02,
       1.72723234e-01, 1.08657202e+03, 4.33152527e+02, 2.04020485e-01,
       1.34845447e+03, 4.36093140e+02, 3.45922291e-01, 1.74292126e+03,
       4.30215942e+02, 2.53930092e-01, 0., 0., 0., 0., 0., 0., 0., 0.,
       0., 0., 0., 0., 1.81358350e+03, 3.91989990e+02, 9.46091786e-02,
       1.81353271e+03, 3.94962799e+02, 1.04849264e-01, 1.76644995e+03,
       4.53710938e+02, 1.50364086e-01, 0., 0., 0., 0., 0., 0.,
       1.61345337e+03, 6.21484070e+02, 1.27792254e-01 ]
