%YAML:1.0
---
pose_0: !!opencv-matrix
   rows: 1
   cols: 25
   dt: "3f"
   data: [ 6.15573303e+02, 4.77187775e+02, 7.85745859e-01,
       7.62872803e+02, 4.80221130e+02, 6.33383036e-01, 7.62771240e+02,
       5.65562195e+02, 5.13325691e-01, 9.36488342e+02, 6.33296143e+02,
       6.12804115e-01, 1.08072778e+03, 6.98109558e+02, 7.57500052e-01,
       7.65815491e+02, 3.94917023e+02, 4.99116093e-01, 9.45293335e+02,
       3.39100281e+02, 7.55741656e-01, 1.09530334e+03, 2.91805817e+02,
       8.07195485e-01, 1.08365015e+03, 5.06728668e+02, 5.60990155e-01,
       1.06896948e+03, 5.65603210e+02, 5.60680211e-01, 1.28088306e+03,
       5.97918579e+02, 5.94641685e-01, 1.58693506e+03, 6.18527527e+02,
       4.68691200e-01, 1.09244983e+03, 4.44908386e+02, 5.13559878e-01,
       1.32499011e+03, 4.47881744e+02, 4.69944924e-01, 1.63103979e+03,
       4.33256836e+02, 4.12012041e-01, 6.01025879e+02, 4.89030762e+02,
       7.35679388e-01, 6.00883850e+02, 4.56646423e+02, 8.42646837e-01,
       6.21617920e+02, 5.12675415e+02, 4.17974979e-01, 6.27517883e+02,
       4.30169403e+02, 4.85171735e-01, 1.70473584e+03, 3.89041046e+02,
       2.11146578e-01, 1.70756470e+03, 3.91916168e+02, 2.03647375e-01,
       1.63400891e+03, 4.36097900e+02, 1.74653456e-01, 1.63105847e+03,
       5.83319458e+02, 5.04637435e-02, 0., 0., 0., 1.61930249e+03,
       6.03831238e+02, 2.79151291e-01 ]
