%YAML:1.0
---
pose_0: !!opencv-matrix
   rows: 1
   cols: 25
   dt: "3f"
   data: [ 7.89228394e+02, 5.33275696e+02, 8.80088091e-01,
       9.03944702e+02, 5.39069092e+02, 6.58016980e-01, 8.98159912e+02,
       5.94966675e+02, 5.85507870e-01, 1.04536633e+03, 6.45009277e+02,
       8.36599708e-01, 9.54236816e+02, 7.01056213e+02, 8.44518244e-01,
       9.07090515e+02, 4.83226746e+02, 5.94140410e-01, 1.06298022e+03,
       4.53810272e+02, 7.57115901e-01, 9.80650085e+02, 4.44891235e+02,
       6.91806912e-01, 1.17192725e+03, 5.42101257e+02, 5.69901586e-01,
       1.16900208e+03, 5.86225220e+02, 5.98061919e-01, 1.35445435e+03,
       6.24556396e+02, 7.52753556e-01, 1.52215564e+03, 6.27386230e+02,
       6.59577310e-01, 1.17196240e+03, 4.92067841e+02, 5.36279678e-01,
       1.36032983e+03, 4.80283051e+02, 6.59050286e-01, 1.56034839e+03,
       4.12563934e+02, 6.62618279e-01, 7.74578796e+02, 5.50840454e+02,
       8.27984750e-01, 7.83328613e+02, 5.15611023e+02, 8.12419713e-01,
       7.92338562e+02, 5.68488953e+02, 4.14221346e-01, 8.06982483e+02,
       4.86217163e+02, 6.45009220e-01, 1.62220764e+03, 4.33156036e+02,
       2.27253377e-01, 1.61632947e+03, 4.15491516e+02, 2.66523391e-01,
       1.57807581e+03, 3.89009064e+02, 3.34747791e-01, 1.56043799e+03,
       7.12723755e+02, 4.64084715e-01, 1.56039575e+03, 7.01017822e+02,
       3.76137823e-01, 1.55455310e+03, 6.12731506e+02, 5.09648383e-01 ]
