%YAML:1.0
---
pose_0: !!opencv-matrix
   rows: 2
   cols: 25
   dt: "3f"
   data: [ 6.71472351e+02, 4.83167328e+02, 8.35041523e-01,
       8.15741211e+02, 5.03708496e+02, 5.34813643e-01, 8.12847168e+02,
       5.92080261e+02, 2.34603688e-01, 9.48225464e+02, 6.06773132e+02,
       5.79214506e-02, 0., 0., 0., 8.30456055e+02, 4.18507874e+02,
       4.48962629e-01, 9.80656006e+02, 3.62592468e+02, 4.42576915e-01,
       1.13962988e+03, 2.94810089e+02, 6.13079548e-01, 1.11008789e+03,
       4.89106934e+02, 3.60050321e-01, 1.11011694e+03, 5.50917114e+02,
       3.24657112e-01, 1.35432800e+03, 5.77389832e+02, 6.28907621e-01,
       1.61342639e+03, 6.18613159e+02, 3.69452834e-01, 1.11011182e+03,
       4.36012360e+02, 3.87993693e-01, 1.35446570e+03, 4.24297424e+02,
       4.19121951e-01, 1.53100012e+03, 4.36111877e+02, 4.13276672e-01,
       6.53861389e+02, 5.03715485e+02, 6.43537402e-01, 6.53918213e+02,
       4.71455811e+02, 7.33621418e-01, 6.71573792e+02, 5.30311340e+02,
       5.00676751e-01, 6.86228516e+02, 4.44946564e+02, 2.94304043e-01,
       1.63407190e+03, 4.06615448e+02, 3.15755486e-01, 1.63398145e+03,
       4.00800659e+02, 3.07274222e-01, 1.55744592e+03, 4.44941772e+02,
       2.21493974e-01, 1.72233789e+03, 6.21546814e+02, 1.68725833e-01,
       0., 0., 0., 0., 0., 0., 0., 0., 0., 0., 0., 0., 8.36474915e+02,
       4.09693237e+02, 9.57239419e-02, 9.80575989e+02, 3.65374908e+02,
       3.35016280e-01, 1.13953979e+03, 2.94854767e+02, 3.17472577e-01,
       0., 0., 0., 0., 0., 0., 0., 0., 0., 0., 0., 0., 0., 0., 0., 0.,
       0., 0., 0., 0., 0., 0., 0., 0., 0., 0., 0., 0., 0., 0., 0., 0.,
       0., 0., 0., 0., 0., 0., 0., 0., 0., 0., 0., 0., 0., 0., 0., 0.,
       0., 0., 0., 0., 0., 0., 0., 0., 0., 0., 0., 0. ]
