%YAML:1.0
---
pose_0: !!opencv-matrix
   rows: 1
   cols: 25
   dt: "3f"
   data: [ 7.42115173e+02, 4.62531555e+02, 8.54599357e-01,
       8.39329773e+02, 4.53654572e+02, 7.15992093e-01, 8.57007446e+02,
       5.30230652e+02, 6.37379289e-01, 9.86452576e+02, 5.53851746e+02,
       6.80056572e-01, 1.10126648e+03, 5.97853760e+02, 7.68653572e-01,
       8.36354187e+02, 3.68392090e+02, 7.25909531e-01, 9.54205994e+02,
       3.41824158e+02, 8.41841459e-01, 1.07186365e+03, 3.24211670e+02,
       8.01234305e-01, 1.11305469e+03, 4.59563660e+02, 5.86848438e-01,
       1.11006165e+03, 5.03853149e+02, 6.25876188e-01, 1.30733154e+03,
       5.06771454e+02, 7.85432100e-01, 1.57812415e+03, 5.30416748e+02,
       6.09405160e-01, 1.11602454e+03, 4.09500732e+02, 5.75222731e-01,
       1.32797290e+03, 4.09675995e+02, 6.86202645e-01, 1.56639050e+03,
       4.15477234e+02, 6.69696391e-01, 7.27445801e+02, 4.77357330e+02,
       7.67249823e-01, 7.24612610e+02, 4.44916870e+02, 7.56342411e-01,
       7.42188599e+02, 4.92017029e+02, 2.03001574e-01, 7.39354370e+02,
       4.12570648e+02, 5.99035263e-01, 1.62809558e+03, 3.94913666e+02,
       4.51537997e-01, 1.61639771e+03, 3.91943146e+02, 5.30633450e-01,
       1.59576135e+03, 4.33119354e+02, 3.25774908e-01, 1.66344714e+03,
       5.21462219e+02, 2.80757517e-01, 1.65756531e+03, 5.45018372e+02,
       2.49561995e-01, 1.60752417e+03, 5.12695129e+02, 2.84799904e-01 ]
