%YAML:1.0
---
pose_0: !!opencv-matrix
   rows: 1
   cols: 25
   dt: "3f"
   data: [ 7.42336121e+02, 5.00818573e+02, 8.75529051e-01,
       8.45206299e+02, 5.30305908e+02, 7.52988398e-01, 8.36293030e+02,
       5.95019897e+02, 8.12176287e-01, 9.51142883e+02, 6.21415894e+02,
       7.82983124e-01, 1.08952271e+03, 6.27468872e+02, 7.98824787e-01,
       8.56916626e+02, 4.77248535e+02, 5.69451809e-01, 0., 0., 0., 0.,
       0., 0., 1.11602686e+03, 4.83126007e+02, 5.98595917e-01,
       1.11600305e+03, 5.30186768e+02, 6.20928109e-01, 1.33094812e+03,
       5.77449463e+02, 7.30992794e-01, 1.55456897e+03, 6.59787964e+02,
       5.82054853e-01, 1.11305811e+03, 4.33231171e+02, 6.03864968e-01,
       1.32787744e+03, 4.30174438e+02, 5.89262843e-01, 1.56639136e+03,
       4.36169617e+02, 6.44596696e-01, 7.27520203e+02, 5.09732910e+02,
       8.44535410e-01, 7.39251038e+02, 4.80275330e+02, 9.32881594e-01,
       7.39305603e+02, 5.48003235e+02, 7.44880140e-01, 7.62826294e+02,
       4.59784210e+02, 5.37660480e-01, 1.64280432e+03, 4.12637939e+02,
       3.07403833e-01, 1.63704004e+03, 4.12501770e+02, 3.52171749e-01,
       1.61338940e+03, 4.53740967e+02, 3.05717140e-01, 1.63391040e+03,
       6.56835327e+02, 4.71841156e-01, 1.62519824e+03, 6.71580017e+02,
       4.29299086e-01, 1.59277429e+03, 6.56899414e+02, 2.23551214e-01 ]
