%YAML:1.0
---
pose_0: !!opencv-matrix
   rows: 1
   cols: 25
   dt: "3f"
   data: [ 7.15586121e+02, 5.53790955e+02, 7.07699835e-01,
       7.89209839e+02, 4.71401520e+02, 3.38291764e-01, 7.86369934e+02,
       4.59698792e+02, 2.33262539e-01, 0., 0., 0., 0., 0., 0.,
       7.89333740e+02, 4.86131348e+02, 5.78349888e-01, 9.51275391e+02,
       5.03909912e+02, 8.47972035e-01, 1.04838171e+03, 6.24536987e+02,
       6.37067676e-01, 1.12185876e+03, 4.42010223e+02, 3.07618499e-01,
       1.11306787e+03, 4.71436249e+02, 1.86005369e-01, 1.35740112e+03,
       5.03898193e+02, 6.17993534e-01, 1.44564026e+03, 4.50794312e+02,
       2.89889395e-01, 1.13949609e+03, 4.12531372e+02, 2.87330806e-01,
       1.36911926e+03, 5.44973816e+02, 6.79557681e-01, 1.64869226e+03,
       4.18451599e+02, 2.87655205e-01, 6.98020508e+02, 5.50810669e+02,
       5.99099174e-02, 6.98145447e+02, 5.30451721e+02, 6.46980226e-01,
       0., 0., 0., 7.18662109e+02, 4.86241364e+02, 6.29853129e-01,
       1.72231238e+03, 3.65388336e+02, 3.75385880e-01, 1.72519092e+03,
       3.65405426e+02, 3.45102549e-01, 1.66931140e+03, 4.53724640e+02,
       1.47765905e-01, 1.46332361e+03, 4.80352966e+02, 1.07063495e-01,
       1.46034912e+03, 4.71367828e+02, 7.91949034e-02, 1.44858752e+03,
       4.30257355e+02, 1.44938558e-01 ]
