%YAML:1.0
---
pose_0: !!opencv-matrix
   rows: 1
   cols: 25
   dt: "3f"
   data: [ 7.12735718e+02, 4.68432404e+02, 8.18209887e-01,
       8.01036438e+02, 4.74309601e+02, 6.58422351e-01, 7.68708618e+02,
       5.30197815e+02, 5.27955711e-01, 6.68561829e+02, 5.03803101e+02,
       2.86843747e-01, 6.68559204e+02, 4.47841278e+02, 8.06734189e-02,
       8.24592163e+02, 4.09646912e+02, 6.60769343e-01, 9.62907654e+02,
       3.38830627e+02, 7.64207244e-01, 1.11007166e+03, 2.50655319e+02,
       8.19098830e-01, 1.12187048e+03, 4.36036957e+02, 5.54014325e-01,
       1.11885596e+03, 4.86135162e+02, 6.01811230e-01, 1.32783533e+03,
       5.50941223e+02, 7.45345354e-01, 1.55452258e+03, 5.98011780e+02,
       5.02607346e-01, 1.12481189e+03, 3.77207458e+02, 4.94573414e-01,
       1.33970142e+03, 3.80171600e+02, 5.80361128e-01, 1.58696643e+03,
       4.00817322e+02, 5.14491379e-01, 6.89218323e+02, 4.80238373e+02,
       8.19577336e-01, 6.98001648e+02, 4.50742218e+02, 8.02395344e-01,
       7.12751648e+02, 5.03692719e+02, 1.90233782e-01, 7.15794373e+02,
       4.12686676e+02, 5.88569582e-01, 1.65762244e+03, 3.77182495e+02,
       3.79277766e-01, 1.65169604e+03, 3.68470337e+02, 4.12217885e-01,
       1.61339014e+03, 4.09606659e+02, 2.33491197e-01, 1.67229626e+03,
       6.12714722e+02, 2.01958075e-01, 1.66042432e+03, 6.24426575e+02,
       1.85161293e-01, 1.58984985e+03, 5.94983765e+02, 3.13469499e-01 ]
