%YAML:1.0
---
pose_0: !!opencv-matrix
   rows: 1
   cols: 25
   dt: "3f"
   data: [ 7.18584473e+02, 3.18346344e+02, 7.58270085e-01,
       8.06982971e+02, 2.50753647e+02, 2.81661659e-01, 8.01030701e+02,
       3.09539124e+02, 2.26574138e-01, 0., 0., 0., 0., 0., 0.,
       8.21658691e+02, 2.18279114e+02, 1.55376092e-01, 9.86478455e+02,
       2.53628922e+02, 4.03316587e-01, 9.45241516e+02, 4.24307190e+02,
       6.13891482e-01, 1.13958337e+03, 2.44765259e+02, 1.67547539e-01,
       1.12188452e+03, 2.38923355e+02, 1.03796527e-01, 1.36028943e+03,
       2.24104614e+02, 1.04872450e-01, 1.39858557e+03, 2.09474670e+02,
       1.02628522e-01, 1.14837793e+03, 2.35962723e+02, 1.60044789e-01,
       1.35734790e+03, 2.21192566e+02, 1.93215415e-01, 1.39562122e+03,
       2.03652588e+02, 1.16458103e-01, 7.01043945e+02, 3.15496704e+02,
       2.22298861e-01, 7.03943726e+02, 3.00743469e+02, 5.78874111e-01,
       0., 0., 0., 7.15773743e+02, 2.50661652e+02, 3.00294071e-01, 0.,
       0., 0., 0., 0., 0., 0., 0., 0., 0., 0., 0., 0., 0., 0., 0., 0.,
       0. ]
