%YAML:1.0
---
pose_0: !!opencv-matrix
   rows: 1
   cols: 25
   dt: "3f"
   data: [ 7.45097351e+02, 5.18456421e+02, 5.41271269e-01,
       8.12870361e+02, 4.33194000e+02, 4.49139774e-01, 8.09894775e+02,
       4.33144592e+02, 2.97903210e-01, 9.24646729e+02, 5.27262512e+02,
       9.94030833e-02, 8.04027649e+02, 5.39095520e+02, 7.83354789e-02,
       8.15862366e+02, 4.36063599e+02, 7.25163400e-01, 9.27612000e+02,
       5.27408936e+02, 8.44457507e-01, 7.92332703e+02, 5.50749756e+02,
       7.99743891e-01, 1.11599158e+03, 4.47843933e+02, 2.87172824e-01,
       1.09832031e+03, 4.53761047e+02, 1.38144523e-01, 1.33379260e+03,
       4.77286407e+02, 3.64718169e-01, 1.61044385e+03, 4.30222931e+02,
       1.98688865e-01, 1.13661316e+03, 4.36029175e+02, 3.01159948e-01,
       1.33379431e+03, 4.83297363e+02, 5.64863980e-01, 1.61051953e+03,
       4.36101196e+02, 3.96848768e-01, 0., 0., 0., 7.42249939e+02,
       5.03700043e+02, 7.50929773e-01, 0., 0., 0., 7.59806213e+02,
       4.56636261e+02, 6.24370098e-01, 0., 0., 0., 0., 0., 0.,
       1.64872314e+03, 4.41982208e+02, 1.81519777e-01, 1.66641284e+03,
       3.83064850e+02, 2.64125407e-01, 1.66343567e+03, 3.89022095e+02,
       1.98745653e-01, 1.66341846e+03, 4.33087769e+02, 7.75125846e-02 ]
