%YAML:1.0
---
pose_0: !!opencv-matrix
   rows: 1
   cols: 25
   dt: "3f"
   data: [ 7.42360779e+02, 4.15547089e+02, 8.38565648e-01,
       8.12949829e+02, 3.97856934e+02, 7.82572687e-01, 8.09949829e+02,
       4.56588715e+02, 7.34207392e-01, 9.06991150e+02, 5.21417053e+02,
       8.24491560e-01, 7.95145020e+02, 4.68486786e+02, 7.80447721e-01,
       8.18677246e+02, 3.41890289e+02, 7.15473711e-01, 9.12944946e+02,
       3.21317017e+02, 7.94953346e-01, 7.95149597e+02, 3.68487579e+02,
       7.47596562e-01, 1.10130457e+03, 4.44969025e+02, 5.80016136e-01,
       1.09535034e+03, 4.89115417e+02, 5.99917293e-01, 1.31317480e+03,
       5.06640045e+02, 7.52087772e-01, 1.53690015e+03, 5.33223572e+02,
       6.34293020e-01, 1.11597168e+03, 3.94854797e+02, 5.58404803e-01,
       1.32202625e+03, 4.03751831e+02, 6.61184311e-01, 1.55161816e+03,
       3.97839996e+02, 6.28321648e-01, 7.33312439e+02, 4.30220459e+02,
       7.79012680e-01, 7.39177124e+02, 4.00759247e+02, 8.52915645e-01,
       7.42226318e+02, 4.50769928e+02, 2.37530574e-01, 7.51015503e+02,
       3.68367950e+02, 6.84117973e-01, 1.61634485e+03, 3.68409912e+02,
       5.50800920e-01, 1.61045764e+03, 3.65447937e+02, 6.31565034e-01,
       1.57509644e+03, 4.09626373e+02, 3.68679732e-01, 1.58984778e+03,
       5.03797455e+02, 5.16233563e-01, 1.57811438e+03, 5.18512085e+02,
       4.35912877e-01, 1.56038037e+03, 5.42030334e+02, 3.54818732e-01 ]
