%YAML:1.0
---
pose_0: !!opencv-matrix
   rows: 1
   cols: 25
   dt: "3f"
   data: [ 7.42300110e+02, 5.15523621e+02, 7.00459838e-01,
       8.12845459e+02, 4.39122437e+02, 5.15208542e-01, 8.09953613e+02,
       4.33110870e+02, 3.38604093e-01, 0., 0., 0., 0., 0., 0.,
       8.12949646e+02, 4.59585815e+02, 7.34153569e-01, 9.59965759e+02,
       4.92046906e+02, 6.14589214e-01, 1.04821545e+03, 5.50990784e+02,
       6.17601871e-01, 1.14835986e+03, 3.94880829e+02, 3.73132855e-01,
       0., 0., 0., 0., 0., 0., 0., 0., 0., 1.16015259e+03,
       3.86078033e+02, 4.53442812e-01, 1.33374329e+03, 5.06616425e+02,
       8.33227515e-01, 1.62517786e+03, 4.12485413e+02, 4.01051939e-01,
       0., 0., 0., 7.36230164e+02, 5.03660034e+02, 7.67007709e-01, 0.,
       0., 0., 7.45182922e+02, 4.59529755e+02, 7.19260335e-01,
       1.66046265e+03, 4.86206482e+02, 1.50549531e-01, 1.66062085e+03,
       4.77258148e+02, 1.33716047e-01, 1.65754614e+03, 3.89026978e+02,
       2.24420771e-01, 0., 0., 0., 0., 0., 0., 0., 0., 0. ]
