%YAML:1.0
---
pose_0: !!opencv-matrix
   rows: 1
   cols: 25
   dt: "3f"
   data: [ 9.10049866e+02, 5.06842285e+02, 3.97349536e-01,
       9.48215637e+02, 5.30364563e+02, 6.34502769e-01, 9.01174255e+02,
       5.86195068e+02, 5.87186933e-01, 7.65749878e+02, 5.33206360e+02,
       7.69481540e-01, 8.80547241e+02, 5.00901184e+02, 4.23891604e-01,
       9.89429504e+02, 4.86146118e+02, 4.66169149e-01, 1.04538159e+03,
       4.12586456e+02, 3.05026919e-01, 9.86487244e+02, 4.09533813e+02,
       2.37133220e-01, 1.13657507e+03, 5.62671814e+02, 4.24898088e-01,
       1.11604602e+03, 5.95058533e+02, 3.33900124e-01, 1.37196533e+03,
       5.06774963e+02, 7.72634745e-01, 1.63986230e+03, 7.15678101e+02,
       6.04693294e-01, 1.14544189e+03, 5.30364868e+02, 3.69434327e-01,
       1.36910718e+03, 5.06723328e+02, 2.43302420e-01, 1.60754553e+03,
       6.50993286e+02, 8.82977992e-02, 8.95225281e+02, 5.09667053e+02,
       4.17015404e-01, 9.10029785e+02, 4.89079651e+02, 3.56869578e-01,
       8.83405701e+02, 5.27340088e+02, 3.56982172e-01, 9.33546692e+02,
       4.80265533e+02, 2.47927427e-01, 0., 0., 0., 0., 0., 0., 0., 0.,
       0., 1.68410327e+03, 6.98080017e+02, 1.83617830e-01,
       1.67819055e+03, 7.15781067e+02, 2.37787172e-01, 1.65457104e+03,
       7.39278259e+02, 4.81710374e-01 ]
