%YAML:1.0
---
pose_0: !!opencv-matrix
   rows: 1
   cols: 25
   dt: "3f"
   data: [ 0., 0., 0., 8.74615601e+02, 4.36128204e+02, 1.14320382e-01,
       0., 0., 0., 0., 0., 0., 0., 0., 0., 0., 0., 0., 0., 0., 0., 0.,
       0., 0., 1.18073889e+03, 4.77290100e+02, 1.33349910e-01,
       1.17778735e+03, 4.68488098e+02, 1.37544394e-01, 1.34554602e+03,
       4.62604156e+02, 2.87710011e-01, 1.56336060e+03, 4.33192993e+02,
       3.40267450e-01, 1.20723450e+03, 4.74393890e+02, 1.47936299e-01,
       1.35447119e+03, 5.06674805e+02, 4.22931939e-01, 1.56925452e+03,
       4.36030792e+02, 1.96983799e-01, 0., 0., 0., 0., 0., 0., 0., 0.,
       0., 0., 0., 0., 0., 0., 0., 0., 0., 0., 0., 0., 0., 0., 0., 0.,
       0., 0., 0., 0., 0., 0. ]
