%YAML:1.0
---
pose_0: !!opencv-matrix
   rows: 1
   cols: 25
   dt: "3f"
   data: [ 0., 0., 0., 7.98102966e+02, 5.97957397e+02, 7.59339854e-02,
       0., 0., 0., 0., 0., 0., 0., 0., 0., 8.59962708e+02,
       5.24373230e+02, 6.14280850e-02, 0., 0., 0., 0., 0., 0.,
       1.06299414e+03, 6.86249634e+02, 2.22102195e-01, 1.04835706e+03,
       7.53942688e+02, 2.20966771e-01, 1.18074976e+03, 8.15779358e+02,
       7.76484981e-02, 0., 0., 0., 1.07183752e+03, 6.12715454e+02,
       2.03067631e-01, 1.34553857e+03, 7.12768555e+02, 2.72208631e-01,
       1.45740173e+03, 7.18648438e+02, 1.21462971e-01, 0., 0., 0., 0.,
       0., 0., 0., 0., 0., 0., 0., 0., 1.57808459e+03, 7.51029175e+02,
       6.48282990e-02, 0., 0., 0., 1.60158960e+03, 7.12755310e+02,
       5.99211641e-02, 0., 0., 0., 0., 0., 0., 0., 0., 0. ]
