%YAML:1.0
---
pose_0: !!opencv-matrix
   rows: 1
   cols: 25
   dt: "3f"
   data: [ 6.65609253e+02, 5.42007935e+02, 8.10978949e-01,
       7.86366089e+02, 5.56723816e+02, 6.70438588e-01, 7.86224915e+02,
       6.44931641e+02, 7.04737604e-01, 8.86485229e+02, 6.45006775e+02,
       7.39967585e-01, 1.04526892e+03, 5.71546875e+02, 8.09456944e-01,
       7.86394714e+02, 4.83207672e+02, 4.15154845e-01, 9.27606506e+02,
       4.62661804e+02, 1.32716224e-01, 0., 0., 0., 1.06887427e+03,
       5.36195618e+02, 3.79703969e-01, 1.07180408e+03, 5.97900574e+02,
       4.40300703e-01, 1.33383740e+03, 6.68457520e+02, 6.31191254e-01,
       1.53100085e+03, 7.15627380e+02, 4.06030506e-01, 1.06597864e+03,
       4.83105530e+02, 3.85100394e-01, 1.35142615e+03, 4.80227264e+02,
       4.77840900e-01, 1.58399792e+03, 4.36232361e+02, 4.80761379e-01,
       6.45077271e+02, 5.53914734e+02, 8.30298185e-01, 6.48165039e+02,
       5.21421204e+02, 8.27733397e-01, 6.65596741e+02, 5.77440613e+02,
       3.79814595e-01, 6.77446045e+02, 4.89124969e+02, 5.68445385e-01,
       1.66342957e+03, 3.83032776e+02, 4.56791818e-01, 1.66346094e+03,
       3.83065765e+02, 4.13672507e-01, 1.61636328e+03, 4.56747131e+02,
       2.22129375e-01, 0., 0., 0., 0., 0., 0., 1.56039441e+03,
       7.15703186e+02, 2.99898922e-01 ]
