%YAML:1.0
---
pose_0: !!opencv-matrix
   rows: 1
   cols: 25
   dt: "3f"
   data: [ 6.92141541e+02, 5.21430542e+02, 4.02866751e-01,
       7.53931335e+02, 4.39029785e+02, 3.13592762e-01, 0., 0., 0., 0.,
       0., 0., 0., 0., 0., 7.45162964e+02, 4.33051147e+02,
       4.98801231e-01, 9.04040039e+02, 3.77220642e+02, 3.09710532e-01,
       1.08657104e+03, 3.92019196e+02, 4.26203609e-01, 1.12482336e+03,
       4.80237152e+02, 1.65741980e-01, 1.13362964e+03, 4.80210358e+02,
       1.62299991e-01, 1.34850037e+03, 4.97852386e+02, 1.82924941e-01,
       1.59280029e+03, 4.21367767e+02, 3.57841730e-01, 1.12190417e+03,
       4.80272186e+02, 1.31176814e-01, 1.35142090e+03, 5.03773376e+02,
       3.32733899e-01, 1.61635535e+03, 4.21358276e+02, 2.76213080e-01,
       6.71549805e+02, 5.15621765e+02, 1.39851034e-01, 6.74468018e+02,
       5.03878967e+02, 3.94246340e-01, 0., 0., 0., 6.74513062e+02,
       4.56701294e+02, 4.33173716e-01, 1.68403955e+03, 3.77240295e+02,
       6.01987019e-02, 1.68109290e+03, 3.86039825e+02, 6.07978702e-02,
       1.70169922e+03, 4.59691559e+02, 1.03992529e-01, 0., 0., 0., 0.,
       0., 0., 1.59870801e+03, 3.89076111e+02, 1.53104454e-01 ]
