%YAML:1.0
---
pose_0: !!opencv-matrix
   rows: 1
   cols: 25
   dt: "3f"
   data: [ 7.89217529e+02, 4.62573059e+02, 7.31171727e-01,
       9.07115112e+02, 4.56594910e+02, 6.77177250e-01, 9.07130310e+02,
       5.24296570e+02, 5.58495283e-01, 1.04532935e+03, 5.77347717e+02,
       8.67109120e-01, 9.54200073e+02, 5.30319580e+02, 7.29586422e-01,
       9.01162781e+02, 3.88940765e+02, 6.84811413e-01, 9.92368347e+02,
       3.35993408e+02, 4.58222091e-01, 1.05133130e+03, 3.42035706e+02,
       4.09034520e-01, 1.18371912e+03, 4.92058258e+02, 5.83619297e-01,
       1.16906482e+03, 5.36198975e+02, 5.88043272e-01, 1.33083435e+03,
       5.50761780e+02, 3.61758471e-01, 1.50156018e+03, 5.56831848e+02,
       5.91011524e-01, 1.18668787e+03, 4.39116394e+02, 5.79165995e-01,
       1.37493774e+03, 4.77294861e+02, 6.40139163e-01, 1.56334753e+03,
       4.68440826e+02, 6.41577840e-01, 7.80392273e+02, 4.74311859e+02,
       4.89765346e-01, 7.77511719e+02, 4.53802277e+02, 6.53324962e-01,
       7.89401306e+02, 4.83352997e+02, 2.27173209e-01, 7.89411743e+02,
       4.36139587e+02, 6.59772336e-01, 1.61634485e+03, 4.36005035e+02,
       4.10744250e-01, 1.61046362e+03, 4.33212555e+02, 4.73886877e-01,
       1.58694397e+03, 4.68454987e+02, 3.41074705e-01, 1.53976465e+03,
       6.03880371e+02, 2.56713092e-01, 1.51332410e+03, 6.09781921e+02,
       2.92702466e-01, 1.53683630e+03, 5.50795288e+02, 3.63498926e-01 ]
