%YAML:1.0
---
pose_0: !!opencv-matrix
   rows: 2
   cols: 25
   dt: "3f"
   data: [ 5.53816589e+02, 4.83298035e+02, 8.38074744e-01,
       6.47965576e+02, 5.39074951e+02, 5.82699716e-01, 5.77370544e+02,
       5.94970642e+02, 2.48602465e-01, 4.97841431e+02, 5.74346313e+02,
       4.37362015e-01, 4.83246155e+02, 5.15597229e+02, 3.20692211e-01,
       6.74489502e+02, 4.62592560e+02, 6.56794965e-01, 7.68687561e+02,
       5.03742432e+02, 8.07070017e-01, 5.74512695e+02, 5.83287476e+02,
       7.15780497e-01, 1.05127332e+03, 5.74450562e+02, 3.98996860e-01,
       1.04541260e+03, 6.45116333e+02, 4.24956501e-01, 1.35142859e+03,
       6.59749390e+02, 3.47052962e-01, 1.70457532e+03, 6.62726257e+02,
       3.09046119e-01, 1.04835217e+03, 5.00880127e+02, 3.96080822e-01,
       1.23076758e+03, 4.27300293e+02, 1.17071189e-01, 1.38382520e+03,
       3.47856018e+02, 3.01316708e-01, 5.24380127e+02, 5.03677734e+02,
       8.08076441e-01, 5.47867554e+02, 4.62623444e+02, 8.05921853e-01,
       5.30186768e+02, 5.39062683e+02, 5.32818258e-01, 5.74297913e+02,
       4.56540192e+02, 1.95855722e-01, 0., 0., 0., 0., 0., 0.,
       1.40443359e+03, 3.62527466e+02, 1.16054952e-01, 0., 0., 0., 0.,
       0., 0., 1.71348645e+03, 6.48017639e+02, 1.34393841e-01, 0., 0.,
       0., 0., 0., 0., 6.92136719e+02, 6.77424255e+02, 4.10612166e-01,
       8.36344177e+02, 8.15742126e+02, 7.90666401e-01, 6.51039490e+02,
       8.03986450e+02, 7.61128068e-01, 0., 0., 0., 0., 0., 0., 0., 0.,
       0., 0., 0., 0., 0., 0., 0., 0., 0., 0., 0., 0., 0., 0., 0., 0.,
       0., 0., 0., 0., 0., 0., 0., 0., 0., 0., 0., 0., 0., 0., 0., 0.,
       0., 0., 0., 0., 0., 0., 0., 0., 0., 0., 0., 0., 0., 0., 0., 0.,
       0., 0., 0., 0. ]
