%YAML:1.0
---
pose_0: !!opencv-matrix
   rows: 1
   cols: 25
   dt: "3f"
   data: [ 5.77277222e+02, 4.62664856e+02, 4.09918875e-01,
       6.74575256e+02, 5.33285522e+02, 5.83228707e-01, 6.74537659e+02,
       6.45048157e+02, 4.34526950e-01, 7.80454956e+02, 8.74606506e+02,
       5.46104968e-01, 6.21528809e+02, 1.00416858e+03, 2.07270578e-01,
       6.98127258e+02, 4.39001312e+02, 6.62738621e-01, 7.03898804e+02,
       5.06861481e+02, 7.37913132e-01, 4.83260834e+02, 6.89183044e+02,
       6.25729144e-01, 1.05710864e+03, 5.21438843e+02, 2.11317092e-01,
       1.06302991e+03, 5.97922729e+02, 1.95840180e-01, 1.16014758e+03,
       6.24423340e+02, 1.12214550e-01, 1.71344543e+03, 6.00818298e+02,
       3.40251982e-01, 1.04834839e+03, 4.56748138e+02, 2.58115143e-01,
       1.16606543e+03, 3.85941986e+02, 1.80801943e-01, 1.60750549e+03,
       1.77047775e+02, 1.07343562e-01, 5.53776428e+02, 4.89105408e+02,
       2.71013916e-01, 5.56803833e+02, 4.56648560e+02, 3.57670426e-01,
       5.74387329e+02, 5.71432495e+02, 2.80793935e-01, 5.74370605e+02,
       4.53713806e+02, 2.57372558e-01, 0., 0., 0., 0., 0., 0., 0., 0.,
       0., 1.82243164e+03, 5.86238586e+02, 1.04776658e-01,
       1.82233618e+03, 6.00932678e+02, 7.55830705e-02, 1.73111426e+03,
       5.77464844e+02, 1.43874899e-01 ]
