%YAML:1.0
---
pose_0: !!opencv-matrix
   rows: 1
   cols: 25
   dt: "3f"
   data: [ 7.15797546e+02, 4.53760681e+02, 7.72333860e-01,
       8.21654663e+02, 4.12597656e+02, 6.49156213e-01, 8.36467102e+02,
       4.97888275e+02, 4.32524085e-01, 9.54076111e+02, 5.77343933e+02,
       5.82222044e-01, 8.98190796e+02, 5.59770569e+02, 4.73054349e-01,
       8.24614441e+02, 3.36022675e+02, 6.26431108e-01, 9.59964844e+02,
       3.00745117e+02, 7.18889952e-01, 1.05132214e+03, 3.12386261e+02,
       8.03891182e-01, 1.10423840e+03, 4.50846680e+02, 4.33411270e-01,
       1.09544470e+03, 5.00799805e+02, 4.19383794e-01, 1.18072180e+03,
       5.36127075e+02, 6.79736361e-02, 1.59574573e+03, 4.12482239e+02,
       1.23412825e-01, 1.11302124e+03, 3.91927032e+02, 3.84540766e-01,
       1.33971692e+03, 4.27292847e+02, 5.23012877e-01, 1.58396179e+03,
       4.09610718e+02, 2.75789559e-01, 6.98100220e+02, 4.56812439e+02,
       6.27006769e-01, 7.03892883e+02, 4.33118286e+02, 6.94095731e-01,
       0., 0., 0., 7.24568909e+02, 3.88988892e+02, 5.69334686e-01,
       1.65753210e+03, 3.68355133e+02, 1.24102607e-01, 1.65453137e+03,
       3.68378693e+02, 1.28148317e-01, 0., 0., 0., 0., 0., 0., 0., 0.,
       0., 1.63400696e+03, 4.15484467e+02, 1.05505958e-01 ]
