%YAML:1.0
---
pose_0: !!opencv-matrix
   rows: 1
   cols: 25
   dt: "3f"
   data: [ 7.15601807e+02, 5.33193420e+02, 7.72300601e-01,
       7.92259216e+02, 4.56704559e+02, 4.98860896e-01, 7.86249695e+02,
       4.53739685e+02, 3.33112299e-01, 9.12931763e+02, 5.27371155e+02,
       6.71561360e-02, 0., 0., 0., 8.09906860e+02, 4.59601776e+02,
       6.72931314e-01, 9.51256531e+02, 5.15598328e+02, 7.96399534e-01,
       8.33392700e+02, 5.77372559e+02, 8.50573242e-01, 1.10127832e+03,
       4.36143433e+02, 2.90683687e-01, 1.09540234e+03, 4.12561096e+02,
       1.65679887e-01, 1.35732385e+03, 4.86207367e+02, 3.08721304e-01,
       1.59284253e+03, 4.15507233e+02, 2.22624213e-01, 1.13659485e+03,
       4.41997559e+02, 2.41942570e-01, 1.35449048e+03, 5.06693604e+02,
       5.48538387e-01, 1.62223718e+03, 4.12598114e+02, 3.34869206e-01,
       0., 0., 0., 6.98052185e+02, 5.12658081e+02, 7.24586308e-01, 0.,
       0., 0., 7.18698975e+02, 4.68501068e+02, 6.22663140e-01,
       1.72816272e+03, 3.62516968e+02, 2.64459848e-01, 1.72823340e+03,
       3.62575897e+02, 2.48332947e-01, 1.66932446e+03, 4.30224884e+02,
       1.20243102e-01, 0., 0., 0., 0., 0., 0., 0., 0., 0. ]
