%YAML:1.0
---
pose_0: !!opencv-matrix
   rows: 1
   cols: 25
   dt: "3f"
   data: [ 7.95205261e+02, 3.65569458e+02, 7.27057278e-01,
       9.15838501e+02, 3.86133484e+02, 4.88451898e-01, 9.04064880e+02,
       4.42013458e+02, 3.40523064e-01, 8.33407532e+02, 4.62590668e+02,
       6.89911127e-01, 7.21658081e+02, 4.44922089e+02, 5.84972918e-01,
       9.30594116e+02, 3.33109436e+02, 4.68033284e-01, 1.07186951e+03,
       3.12480164e+02, 2.78911650e-01, 1.19839880e+03, 2.91779785e+02,
       2.34826371e-01, 1.17190027e+03, 4.09625305e+02, 4.34671640e-01,
       1.17189368e+03, 4.59740601e+02, 4.40729439e-01, 1.37506738e+03,
       5.68560242e+02, 5.18618524e-01, 1.53682214e+03, 6.74514160e+02,
       5.57486176e-01, 1.17190515e+03, 3.50720978e+02, 4.07038212e-01,
       1.25426672e+03, 2.94909027e+02, 2.78990895e-01, 1.40157922e+03,
       2.21297485e+02, 1.40055031e-01, 7.86280396e+02, 3.86083252e+02,
       7.48817801e-01, 7.86343567e+02, 3.56598145e+02, 6.45189226e-01,
       7.92308716e+02, 4.15447632e+02, 3.81920248e-01, 8.12939453e+02,
       3.35966309e+02, 2.13365853e-01, 0., 0., 0., 0., 0., 0.,
       1.46034607e+03, 1.77083740e+02, 8.76556635e-02, 1.60752795e+03,
       6.68694153e+02, 6.14821017e-01, 1.59282227e+03, 6.83368958e+02,
       5.02580762e-01, 1.54285754e+03, 6.98044800e+02, 3.50211203e-01 ]
