%YAML:1.0
---
pose_0: !!opencv-matrix
   rows: 1
   cols: 25
   dt: "3f"
   data: [ 7.39115662e+02, 5.06703339e+02, 6.13758445e-01,
       8.30433838e+02, 4.39103302e+02, 3.53369087e-01, 8.53980286e+02,
       5.00856567e+02, 2.00569987e-01, 0., 0., 0., 0., 0., 0.,
       8.06937866e+02, 3.89068115e+02, 4.00532156e-01, 6.68509888e+02,
       4.30268616e+02, 6.84704840e-01, 5.47970459e+02, 4.53747040e+02,
       3.65316659e-01, 1.10425732e+03, 5.09709473e+02, 3.41127783e-01,
       1.09836877e+03, 5.53799561e+02, 3.55518162e-01, 1.33084119e+03,
       6.42168396e+02, 6.18827939e-01, 1.53095740e+03, 6.89197998e+02,
       6.08456492e-01, 1.10126819e+03, 4.74339600e+02, 2.99094111e-01,
       1.33386560e+03, 3.83094177e+02, 2.53773212e-01, 1.53097314e+03,
       2.53648392e+02, 1.68278515e-01, 7.21648621e+02, 5.06873901e+02,
       8.14566910e-02, 7.18699158e+02, 4.92012756e+02, 4.78426456e-01,
       0., 0., 0., 7.24511230e+02, 4.59714294e+02, 5.16496837e-01, 0.,
       0., 0., 0., 0., 0., 1.53682092e+03, 2.50654907e+02,
       1.74934775e-01, 1.58687756e+03, 7.30456848e+02, 4.99290943e-01,
       1.58983459e+03, 7.24564758e+02, 5.00311494e-01, 1.56332556e+03,
       6.68540588e+02, 4.26772267e-01 ]
