%YAML:1.0
---
pose_0: !!opencv-matrix
   rows: 1
   cols: 25
   dt: "3f"
   data: [ 6.95136841e+02, 5.03663208e+02, 8.73251498e-01,
       7.95193665e+02, 4.39034454e+02, 6.01183534e-01, 7.65793030e+02,
       4.56694061e+02, 3.95837247e-01, 8.15771057e+02, 5.36213806e+02,
       1.53989047e-01, 7.77530518e+02, 5.36170654e+02, 6.75848946e-02,
       8.21637390e+02, 4.33221649e+02, 6.91398680e-01, 8.86437805e+02,
       5.50886963e+02, 8.41410816e-01, 7.65705322e+02, 5.74277466e+02,
       8.53258848e-01, 1.10127563e+03, 4.44940063e+02, 3.37909967e-01,
       1.08657874e+03, 4.74330627e+02, 1.92635968e-01, 1.33385071e+03,
       4.83174744e+02, 2.99376249e-01, 1.60161658e+03, 4.06634216e+02,
       1.25704959e-01, 1.11305334e+03, 4.18412537e+02, 3.14602882e-01,
       1.35155237e+03, 4.80296936e+02, 6.56296909e-01, 1.61925854e+03,
       4.12522736e+02, 5.08013666e-01, 6.80439819e+02, 5.00895020e+02,
       4.03779656e-01, 6.92132874e+02, 4.80199066e+02, 8.46753955e-01,
       0., 0., 0., 7.18598877e+02, 4.36190338e+02, 7.05814183e-01,
       1.68698254e+03, 3.68397552e+02, 2.98265666e-01, 1.68989966e+03,
       3.68424347e+02, 2.67406702e-01, 1.66050073e+03, 4.15480408e+02,
       1.56210870e-01, 0., 0., 0., 0., 0., 0., 0., 0., 0. ]
