%YAML:1.0
---
pose_0: !!opencv-matrix
   rows: 1
   cols: 25
   dt: "3f"
   data: [ 7.12715454e+02, 4.89095398e+02, 7.82176495e-01,
       7.98099243e+02, 4.44952179e+02, 4.78700638e-01, 7.86380432e+02,
       4.59694183e+02, 3.46484631e-01, 9.27667419e+02, 5.21436157e+02,
       1.06972247e-01, 8.62860107e+02, 5.77348511e+02, 1.19833812e-01,
       8.09936829e+02, 4.33068420e+02, 7.54681110e-01, 9.36417664e+02,
       5.21406738e+02, 7.86384523e-01, 8.45228333e+02, 5.94935120e+02,
       7.59448767e-01, 1.10718872e+03, 4.42010040e+02, 3.91486853e-01,
       1.09249316e+03, 4.74310730e+02, 2.81339675e-01, 1.33671692e+03,
       4.65576843e+02, 4.75203067e-01, 1.62810803e+03, 4.09705292e+02,
       4.24130321e-01, 1.11597021e+03, 4.12639832e+02, 3.31275254e-01,
       1.33377808e+03, 5.00763031e+02, 6.03209496e-01, 1.61927222e+03,
       4.18466675e+02, 2.81761378e-01, 6.92201843e+02, 4.95006409e+02,
       6.35277867e-01, 6.95237183e+02, 4.68535950e+02, 7.65291631e-01,
       0., 0., 0., 7.15801941e+02, 4.33017914e+02, 6.43438756e-01,
       1.68411877e+03, 3.62527618e+02, 5.69177717e-02, 0., 0., 0.,
       1.66636755e+03, 4.15490906e+02, 1.38220772e-01, 1.68994141e+03,
       3.62508087e+02, 3.84787440e-01, 1.68695386e+03, 3.68449097e+02,
       3.11466962e-01, 1.67810059e+03, 4.06615051e+02, 2.16620222e-01 ]
