%YAML:1.0
---
pose_0: !!opencv-matrix
   rows: 1
   cols: 25
   dt: "3f"
   data: [ 7.89346985e+02, 5.30321289e+02, 7.11701274e-01,
       8.77599792e+02, 4.53739899e+02, 4.90108043e-01, 8.68764893e+02,
       4.44949249e+02, 3.11259538e-01, 0., 0., 0., 0., 0., 0.,
       8.83421265e+02, 4.59772125e+02, 7.21459329e-01, 1.03943152e+03,
       4.83251495e+02, 7.88258195e-01, 1.18075671e+03, 5.09755035e+02,
       7.56387711e-01, 1.17195374e+03, 3.71333649e+02, 4.94451672e-01,
       1.18951306e+03, 3.47812897e+02, 4.41896707e-01, 1.36615417e+03,
       5.03767578e+02, 6.89077079e-01, 1.56632849e+03, 3.88905365e+02,
       7.88605511e-01, 1.16307471e+03, 3.94912262e+02, 4.73203808e-01,
       1.36028467e+03, 5.33323914e+02, 6.68049157e-01, 1.63689453e+03,
       4.24287079e+02, 6.59743428e-01, 0., 0., 0., 7.80467834e+02,
       5.09718628e+02, 6.64329410e-01, 0., 0., 0., 7.98104980e+02,
       4.68434052e+02, 6.14930809e-01, 1.68409070e+03, 3.77265564e+02,
       3.88422608e-01, 1.68112415e+03, 3.83075195e+02, 3.95715922e-01,
       0., 0., 0., 1.66047180e+03, 3.68423859e+02, 1.54454693e-01, 0.,
       0., 0., 1.58694739e+03, 3.65550323e+02, 5.17725348e-01 ]
