%YAML:1.0
---
pose_0: !!opencv-matrix
   rows: 1
   cols: 25
   dt: "3f"
   data: [ 7.53989990e+02, 3.65466827e+02, 8.11583102e-01,
       8.39327637e+02, 3.59608765e+02, 7.00786412e-01, 8.15810303e+02,
       4.33135040e+02, 5.65647721e-01, 7.39142090e+02, 4.50802856e+02,
       7.65655398e-01, 6.50948242e+02, 3.62377441e+02, 7.31847703e-01,
       8.51081360e+02, 2.91814087e+02, 7.24596262e-01, 8.62945618e+02,
       3.38950012e+02, 7.87329078e-01, 8.59853333e+02, 4.36122284e+02,
       8.53590727e-01, 1.11302271e+03, 3.83038544e+02, 5.15549421e-01,
       1.11008069e+03, 4.30125305e+02, 5.15374362e-01, 1.31321338e+03,
       4.56725403e+02, 7.01188684e-01, 1.54566895e+03, 4.68532776e+02,
       5.97570419e-01, 1.11305286e+03, 3.24249878e+02, 5.14033735e-01,
       1.34552917e+03, 3.15526031e+02, 5.44343472e-01, 1.56044397e+03,
       2.88959808e+02, 6.13706529e-01, 7.33350037e+02, 3.77203308e+02,
       7.43255615e-01, 7.42259338e+02, 3.41987427e+02, 8.04371655e-01,
       7.48087097e+02, 4.03734619e+02, 2.83610851e-01, 7.77518799e+02,
       3.15289551e+02, 4.80657429e-01, 1.63986646e+03, 2.74242706e+02,
       4.60945219e-01, 1.63692627e+03, 2.68426147e+02, 5.08659482e-01,
       1.58688562e+03, 2.80102509e+02, 2.25506127e-01, 1.61029651e+03,
       4.80259827e+02, 4.30119514e-01, 0., 0., 0., 1.57221899e+03,
       4.56632141e+02, 3.92042279e-01 ]
