%YAML:1.0
---
pose_0: !!opencv-matrix
   rows: 2
   cols: 25
   dt: "3f"
   data: [ 7.80476257e+02, 4.65535370e+02, 7.82036543e-01,
       8.89428406e+02, 4.71454681e+02, 5.95905781e-01, 8.77584351e+02,
       5.33198730e+02, 7.57817507e-01, 9.33559387e+02, 4.50841339e+02,
       5.55412769e-01, 1.00410651e+03, 2.88979706e+02, 4.20034885e-01,
       8.83430176e+02, 4.09561340e+02, 3.05190593e-01, 8.89370544e+02,
       3.47836853e+02, 1.15288645e-01, 1.00126648e+03, 2.85988129e+02,
       1.50672242e-01, 1.14543665e+03, 4.97915161e+02, 6.02554619e-01,
       1.14248340e+03, 5.47864319e+02, 5.99388659e-01, 1.34847961e+03,
       5.77454834e+02, 7.53736794e-01, 1.53973975e+03, 6.48074463e+02,
       6.86715722e-01, 1.14839746e+03, 4.44918396e+02, 5.89161277e-01,
       1.34845361e+03, 3.80207794e+02, 6.49684787e-01, 1.52509058e+03,
       3.27160553e+02, 5.30258954e-01, 7.65705139e+02, 4.83156158e+02,
       8.21231365e-01, 7.65730164e+02, 4.53724396e+02, 8.12170804e-01,
       7.86343079e+02, 5.03909149e+02, 4.06658798e-01, 7.89239197e+02,
       4.21355316e+02, 4.68237549e-01, 1.61340234e+03, 2.71326752e+02,
       3.25637221e-01, 1.61334790e+03, 2.71266998e+02, 3.28686565e-01,
       1.55456360e+03, 3.24294250e+02, 3.01825136e-01, 1.60162024e+03,
       6.27416138e+02, 6.24596775e-01, 1.58988208e+03, 6.45035034e+02,
       5.95730305e-01, 1.55157324e+03, 6.68619019e+02, 4.29499030e-01,
       0., 0., 0., 0., 0., 0., 0., 0., 0., 0., 0., 0., 0., 0., 0.,
       9.57063782e+02, 4.12520752e+02, 3.12073320e-01, 1.04834705e+03,
       3.89001129e+02, 7.39996552e-01, 1.18657910e+03, 3.38817352e+02,
       7.70177424e-01, 0., 0., 0., 0., 0., 0., 0., 0., 0., 0., 0., 0.,
       0., 0., 0., 0., 0., 0., 0., 0., 0., 0., 0., 0., 0., 0., 0., 0.,
       0., 0., 0., 0., 0., 0., 0., 0., 0., 0., 0., 0., 0., 0., 0., 0.,
       0., 0., 0., 0., 0., 0., 0. ]
