%YAML:1.0
---
pose_0: !!opencv-matrix
   rows: 1
   cols: 25
   dt: "3f"
   data: [ 8.09786987e+02, 5.27419983e+02, 8.58342767e-01,
       9.01085266e+02, 5.97986267e+02, 6.84883654e-01, 8.86396912e+02,
       6.42120728e+02, 4.37658489e-01, 8.39285950e+02, 8.04018066e+02,
       2.06540540e-01, 0., 0., 0., 9.18840088e+02, 5.44983887e+02,
       6.39305770e-01, 9.51071960e+02, 4.36167145e+02, 6.84236228e-01,
       9.95203674e+02, 3.15411438e+02, 8.05229008e-01, 1.16903564e+03,
       5.77460022e+02, 5.03665566e-01, 1.18370886e+03, 6.27466248e+02,
       4.45043296e-01, 1.36325098e+03, 6.27482910e+02, 6.07607186e-01,
       1.55450452e+03, 7.12679688e+02, 5.77039480e-01, 1.16310217e+03,
       5.27359131e+02, 5.60122490e-01, 1.25730640e+03, 4.56567383e+02,
       7.48650253e-01, 1.41911340e+03, 5.30321533e+02, 4.62407053e-01,
       7.89230591e+02, 5.47848694e+02, 8.29425573e-01, 7.89321045e+02,
       5.18542114e+02, 5.89690387e-01, 8.06843384e+02, 5.77311951e+02,
       6.98743582e-01, 0., 0., 0., 1.48392456e+03, 4.83160950e+02,
       2.30351791e-01, 1.48096448e+03, 4.80243927e+02, 1.97633743e-01,
       1.44267542e+03, 5.62641418e+02, 2.82281905e-01, 1.61052625e+03,
       6.77435608e+02, 6.48124039e-01, 1.60749988e+03, 6.92221436e+02,
       5.79443872e-01, 1.56624365e+03, 7.39263489e+02, 4.57866281e-01 ]
