%YAML:1.0
---
pose_0: !!opencv-matrix
   rows: 1
   cols: 25
   dt: "3f"
   data: [ 0., 0., 0., 8.62847717e+02, 5.27280823e+02, 5.95641732e-01,
       8.65820679e+02, 5.21474609e+02, 5.09414971e-01, 1.00706055e+03,
       5.56847168e+02, 5.22692800e-01, 1.16597913e+03, 4.83277832e+02,
       3.68041962e-01, 8.65820068e+02, 5.30405334e+02, 5.31869948e-01,
       1.00119983e+03, 5.56829163e+02, 3.19706082e-01, 1.16015503e+03,
       4.89054749e+02, 3.52224976e-01, 1.16599915e+03, 5.74436462e+02,
       3.47544014e-01, 1.16602344e+03, 6.00980652e+02, 2.96253651e-01,
       1.39861572e+03, 5.03722321e+02, 8.43525589e-01, 1.65751758e+03,
       7.21547058e+02, 5.46232998e-01, 1.17190955e+03, 5.30345459e+02,
       2.84266561e-01, 1.39562036e+03, 4.39069275e+02, 7.64436543e-01,
       1.56331445e+03, 5.68561707e+02, 3.86227936e-01, 0., 0., 0., 0.,
       0., 0., 7.92266235e+02, 4.80314301e+02, 2.04637498e-01,
       7.62775085e+02, 5.12663208e+02, 1.00883305e-01, 1.61332837e+03,
       5.30333191e+02, 9.64233652e-02, 1.61050940e+03, 5.39088562e+02,
       1.12556338e-01, 1.59282202e+03, 5.86178528e+02, 1.59996167e-01,
       1.71346948e+03, 7.15744019e+02, 1.91803336e-01, 1.70162158e+03,
       7.39254456e+02, 2.29557917e-01, 1.66345996e+03, 7.42328796e+02,
       3.30083251e-01 ]
