%YAML:1.0
---
pose_0: !!opencv-matrix
   rows: 1
   cols: 25
   dt: "3f"
   data: [ 6.92253052e+02, 4.80355774e+02, 9.04316664e-01,
       8.27522278e+02, 5.06683136e+02, 7.48674273e-01, 8.09980164e+02,
       5.92113098e+02, 7.55435169e-01, 8.89340027e+02, 7.15664917e+02,
       7.23972142e-01, 8.83606934e+02, 6.77427612e+02, 7.43626714e-01,
       8.36356934e+02, 4.24356018e+02, 5.79961956e-01, 1.00999921e+03,
       3.91976746e+02, 7.52121866e-01, 9.48148621e+02, 3.92025696e+02,
       7.51440644e-01, 1.10129236e+03, 5.12665894e+02, 5.16121089e-01,
       1.09839526e+03, 5.62628906e+02, 5.24954736e-01, 1.33090344e+03,
       5.50842224e+02, 7.14141965e-01, 1.58979114e+03, 5.80320374e+02,
       6.16604984e-01, 1.10418494e+03, 4.56760834e+02, 5.34903765e-01,
       1.35448047e+03, 4.33217529e+02, 7.23777056e-01, 1.56042151e+03,
       4.65532532e+02, 4.58550781e-01, 6.74565918e+02, 4.97916107e+02,
       8.05932760e-01, 6.86235168e+02, 4.59705444e+02, 8.40922236e-01,
       6.92225403e+02, 5.27244141e+02, 5.93666792e-01, 7.12780212e+02,
       4.36137909e+02, 6.42944813e-01, 1.63106262e+03, 4.41943237e+02,
       2.75379807e-01, 1.62513745e+03, 4.36119385e+02, 3.36566925e-01,
       1.59281848e+03, 4.71427246e+02, 2.33586937e-01, 1.68407739e+03,
       5.77359131e+02, 4.52696711e-01, 1.67806824e+03, 5.92112488e+02,
       4.10282910e-01, 1.61334241e+03, 5.74495056e+02, 3.28667521e-01 ]
