%YAML:1.0
---
pose_0: !!opencv-matrix
   rows: 1
   cols: 25
   dt: "3f"
   data: [ 7.62695129e+02, 3.86167358e+02, 8.80590320e-01,
       8.59883362e+02, 3.83047333e+02, 7.45986164e-01, 8.59914063e+02,
       4.39133453e+02, 7.25606024e-01, 9.07036377e+02, 5.50935181e+02,
       8.96360517e-01, 9.01165100e+02, 6.47938110e+02, 8.24966371e-01,
       8.56956909e+02, 3.18426208e+02, 6.00966811e-01, 8.36319092e+02,
       2.47719971e+02, 1.68095112e-01, 0., 0., 0., 1.12186047e+03,
       3.80166779e+02, 5.51630139e-01, 1.11897925e+03, 4.30129669e+02,
       5.25862217e-01, 1.34263232e+03, 4.47818665e+02, 6.51634932e-01,
       1.54279504e+03, 4.68500336e+02, 6.34788334e-01, 1.12481592e+03,
       3.21396667e+02, 5.25975466e-01, 1.34551367e+03, 3.15413391e+02,
       6.78499222e-01, 1.58099854e+03, 2.91848785e+02, 5.69364607e-01,
       7.42305176e+02, 3.94916107e+02, 7.66549289e-01, 7.45240784e+02,
       3.65504028e+02, 8.02968442e-01, 7.62854553e+02, 4.12643188e+02,
       1.81156039e-01, 7.65788635e+02, 3.39077362e+02, 5.32881737e-01,
       1.64870642e+03, 2.59481384e+02, 4.51303959e-01, 1.63706726e+03,
       2.59477905e+02, 4.93638575e-01, 1.62810693e+03, 2.94864349e+02,
       2.28591457e-01, 1.60459961e+03, 5.00820374e+02, 4.75323468e-01,
       1.59287671e+03, 5.03702606e+02, 4.45024133e-01, 1.57512573e+03,
       4.53736633e+02, 4.44524348e-01 ]
