%YAML:1.0
---
pose_0: !!opencv-matrix
   rows: 1
   cols: 25
   dt: "3f"
   data: [ 0., 0., 0., 8.30487549e+02, 5.00837891e+02, 2.78400600e-01,
       8.51059326e+02, 5.09667297e+02, 5.17091215e-01, 9.80644287e+02,
       5.27453125e+02, 6.87286973e-01, 1.13946094e+03, 4.71469330e+02,
       7.22039163e-01, 7.21597290e+02, 5.03683960e+02, 2.60539711e-01,
       0., 0., 0., 0., 0., 0., 1.15426233e+03, 5.42046997e+02,
       2.82920331e-01, 1.14251367e+03, 5.68500000e+02, 3.24314415e-01,
       1.36033154e+03, 4.59674683e+02, 7.07468092e-01, 1.60456628e+03,
       6.48031372e+02, 5.10683894e-01, 1.17778186e+03, 5.09659515e+02,
       1.89500138e-01, 1.35740161e+03, 4.12664825e+02, 6.53454006e-01,
       1.55745862e+03, 5.06696228e+02, 4.39680278e-01, 0., 0., 0., 0.,
       0., 0., 7.83408936e+02, 4.53695160e+02, 1.33133367e-01, 0., 0.,
       0., 1.61346143e+03, 4.41970337e+02, 2.93386489e-01,
       1.61046936e+03, 4.41991943e+02, 2.91827083e-01, 1.56342334e+03,
       5.30222961e+02, 2.40821093e-01, 1.65765747e+03, 6.71519836e+02,
       3.15816253e-01, 1.64287463e+03, 6.77500183e+02, 3.41639280e-01,
       1.61348804e+03, 6.74551880e+02, 3.69513720e-01 ]
