%YAML:1.0
---
pose_0: !!opencv-matrix
   rows: 1
   cols: 25
   dt: "3f"
   data: [ 7.74552673e+02, 5.27424988e+02, 8.31056356e-01,
       8.86485657e+02, 5.30234863e+02, 6.41186535e-01, 8.86374512e+02,
       5.74445435e+02, 6.05930626e-01, 1.01002734e+03, 6.45120972e+02,
       8.18091452e-01, 9.04068848e+02, 6.98146667e+02, 7.95864105e-01,
       8.95213196e+02, 4.83174988e+02, 6.51989520e-01, 1.01005853e+03,
       4.33243347e+02, 8.20404172e-01, 9.30552917e+02, 5.06786499e+02,
       8.82213414e-01, 1.15717871e+03, 5.42083130e+02, 5.79206109e-01,
       1.14542822e+03, 5.89185364e+02, 5.89699030e-01, 1.32494910e+03,
       6.15639771e+02, 5.19704640e-01, 1.51930615e+03, 6.21440308e+02,
       6.31914794e-01, 1.16307349e+03, 4.86211334e+02, 5.67715168e-01,
       1.34263525e+03, 4.62619019e+02, 4.94722158e-01, 1.51922314e+03,
       4.18426666e+02, 6.35403752e-01, 7.59899841e+02, 5.36182434e+02,
       7.28436708e-01, 7.65694641e+02, 5.06826874e+02, 8.22516203e-01,
       7.74592529e+02, 5.53929260e+02, 2.20012143e-01, 7.89431519e+02,
       4.86154144e+02, 5.36349893e-01, 1.60461389e+03, 3.88945374e+02,
       4.48616624e-01, 1.59578577e+03, 3.86044525e+02, 4.51550066e-01,
       1.53685083e+03, 4.03756226e+02, 1.97172850e-01, 1.56039868e+03,
       6.95130981e+02, 3.02688122e-01, 1.55454565e+03, 6.92121338e+02,
       2.64450401e-01, 1.55452563e+03, 6.06775269e+02, 4.68835473e-01 ]
