%YAML:1.0
---
pose_0: !!opencv-matrix
   rows: 1
   cols: 25
   dt: "3f"
   data: [ 7.74616638e+02, 3.86020630e+02, 7.13459134e-01,
       8.74649719e+02, 4.24281555e+02, 6.90352023e-01, 8.57034119e+02,
       4.89090637e+02, 8.00098181e-01, 9.54266174e+02, 5.53990845e+02,
       8.56651604e-01, 9.74841980e+02, 4.15518005e+02, 8.04727077e-01,
       8.86396790e+02, 3.59516205e+02, 4.48041230e-01, 1.06598340e+03,
       3.47864838e+02, 6.49117529e-01, 1.14550427e+03, 2.97706757e+02,
       8.00123632e-01, 1.13361035e+03, 4.56628082e+02, 6.17474973e-01,
       1.12190100e+03, 5.03778198e+02, 6.10664546e-01, 1.34848865e+03,
       5.59740295e+02, 6.58817410e-01, 1.53684692e+03, 6.45013733e+02,
       6.07765436e-01, 1.13945544e+03, 4.03724609e+02, 6.06890023e-01,
       1.32794202e+03, 3.47793518e+02, 7.25219846e-01, 1.56342419e+03,
       2.80083008e+02, 5.76514900e-01, 7.65770630e+02, 4.03767059e+02,
       6.61932409e-01, 7.62892090e+02, 3.71367096e+02, 5.34806728e-01,
       7.80474548e+02, 4.36173676e+02, 6.49882078e-01, 7.71668396e+02,
       3.47882507e+02, 7.47583508e-02, 1.63706226e+03, 2.30052948e+02,
       4.46669191e-01, 1.63701318e+03, 2.30046844e+02, 3.97733152e-01,
       1.59573132e+03, 2.83043152e+02, 2.39324942e-01, 1.60459851e+03,
       6.30309509e+02, 5.40519536e-01, 1.58993005e+03, 6.45063782e+02,
       4.94948983e-01, 1.55160950e+03, 6.65624573e+02, 3.73317569e-01 ]
