%YAML:1.0
---
pose_0: !!opencv-matrix
   rows: 1
   cols: 25
   dt: "3f"
   data: [ 7.89426208e+02, 4.39010071e+02, 8.17029417e-01,
       8.83574402e+02, 3.89080597e+02, 7.01245725e-01, 8.80485535e+02,
       4.53784851e+02, 7.67520487e-01, 9.62949036e+02, 4.00800140e+02,
       6.20010138e-01, 9.04049744e+02, 2.68370239e+02, 6.76811814e-01,
       8.89339294e+02, 3.36065247e+02, 4.54493046e-01, 9.98260254e+02,
       2.27094742e+02, 8.08463693e-01, 8.83592041e+02, 1.77098846e+02,
       7.83710420e-01, 1.13363611e+03, 4.36148438e+02, 6.48291051e-01,
       1.11590967e+03, 4.83241455e+02, 6.71799481e-01, 1.30136975e+03,
       5.97970825e+02, 7.89423347e-01, 1.49566443e+03, 6.68632568e+02,
       6.61683381e-01, 1.14842065e+03, 3.88984802e+02, 6.23588860e-01,
       1.35437085e+03, 3.86111938e+02, 5.05750597e-01, 1.56042224e+03,
       3.83072205e+02, 6.02117836e-01, 7.83293335e+02, 4.50842407e+02,
       5.14152169e-01, 7.83326111e+02, 4.30219757e+02, 7.46816099e-01,
       0., 0., 0., 7.86242737e+02, 3.88960083e+02, 5.84804475e-01,
       1.62516675e+03, 3.62495239e+02, 3.92850518e-01, 1.61630432e+03,
       3.53700043e+02, 4.33903664e-01, 1.58980603e+03, 3.85988403e+02,
       2.85482466e-01, 1.56343372e+03, 6.95102478e+02, 2.85797685e-01,
       1.56043762e+03, 6.95030273e+02, 3.26755971e-01, 1.52214612e+03,
       6.68625488e+02, 4.00185347e-01 ]
