%YAML:1.0
---
pose_0: !!opencv-matrix
   rows: 1
   cols: 25
   dt: "3f"
   data: [ 7.45132751e+02, 5.47957886e+02, 8.45401168e-01,
       8.56933350e+02, 5.56719543e+02, 7.34929800e-01, 8.56997192e+02,
       6.30356628e+02, 5.85818589e-01, 1.00116516e+03, 6.92025208e+02,
       7.75760949e-01, 1.11009326e+03, 7.39191833e+02, 8.37653279e-01,
       8.56929749e+02, 4.92010712e+02, 5.26299238e-01, 9.36471741e+02,
       4.80320251e+02, 1.18935004e-01, 0., 0., 0., 1.11896851e+03,
       5.42088867e+02, 5.69885790e-01, 1.12188831e+03, 5.92107666e+02,
       5.84380090e-01, 1.32494385e+03, 6.24364746e+02, 7.99468338e-01,
       1.54569482e+03, 6.71652466e+02, 6.35058761e-01, 1.11888953e+03,
       4.86165070e+02, 5.65049767e-01, 1.31026184e+03, 4.71459900e+02,
       6.68540776e-01, 1.55159192e+03, 4.59757996e+02, 4.83924508e-01,
       7.33289124e+02, 5.53979065e+02, 8.31653833e-01, 7.39338196e+02,
       5.27205078e+02, 9.05973911e-01, 7.42223755e+02, 5.80364990e+02,
       5.73146045e-01, 7.65785522e+02, 5.03634613e+02, 6.16446018e-01,
       1.65456689e+03, 4.42005737e+02, 1.76429108e-01, 1.64285352e+03,
       4.36108734e+02, 2.05115676e-01, 1.56930115e+03, 4.56714142e+02,
       2.40332812e-01, 1.62517847e+03, 6.62756592e+02, 3.87250096e-01,
       1.61642053e+03, 6.80422729e+02, 3.47186357e-01, 1.57516577e+03,
       6.71578613e+02, 2.92283118e-01 ]
