%YAML:1.0
---
pose_0: !!opencv-matrix
   rows: 1
   cols: 25
   dt: "3f"
   data: [ 7.39263550e+02, 5.30312439e+02, 8.06525528e-01,
       8.15867676e+02, 4.68491913e+02, 4.36343133e-01, 8.09979004e+02,
       4.74339020e+02, 3.26924175e-01, 0., 0., 0., 0., 0., 0.,
       8.30437256e+02, 4.62596252e+02, 6.96773887e-01, 9.54096313e+02,
       5.30226257e+02, 8.51767838e-01, 8.36293762e+02, 5.71473267e+02,
       8.44447613e-01, 1.08360876e+03, 4.50790894e+02, 3.58099371e-01,
       1.09242810e+03, 4.24297638e+02, 2.85256118e-01, 1.32492993e+03,
       5.06787354e+02, 3.65419209e-01, 1.59868140e+03, 4.53701233e+02,
       3.67121696e-01, 1.08360913e+03, 4.71433350e+02, 2.40425438e-01,
       1.32204236e+03, 5.21459412e+02, 5.60895205e-01, 1.58694470e+03,
       4.56602051e+02, 2.70643651e-01, 7.21673279e+02, 5.30218567e+02,
       5.78989349e-02, 7.27507202e+02, 5.12618225e+02, 7.11890161e-01,
       0., 0., 0., 7.45207153e+02, 4.77255371e+02, 6.06865346e-01,
       1.63394141e+03, 3.80162018e+02, 2.32881963e-01, 1.63396741e+03,
       3.83153046e+02, 1.59252658e-01, 1.63987939e+03, 4.62569519e+02,
       1.37231246e-01, 1.63989355e+03, 3.80142120e+02, 3.84625643e-01,
       1.63987292e+03, 3.88976288e+02, 3.10106367e-01, 1.64574780e+03,
       4.59661255e+02, 1.37065619e-01 ]
