%YAML:1.0
---
pose_0: !!opencv-matrix
   rows: 1
   cols: 25
   dt: "3f"
   data: [ 7.56868896e+02, 4.41951752e+02, 7.71608710e-01,
       8.42247742e+02, 4.44916077e+02, 6.46222949e-01, 8.51070618e+02,
       4.80269623e+02, 5.88952482e-01, 8.98131531e+02, 5.53771484e+02,
       8.22782755e-01, 7.83304016e+02, 5.06677704e+02, 8.45647871e-01,
       8.36350098e+02, 4.06595551e+02, 5.33035040e-01, 8.89350403e+02,
       3.62466705e+02, 8.29559565e-01, 7.80406189e+02, 4.12421906e+02,
       6.93702757e-01, 1.11902173e+03, 4.59665161e+02, 5.77571213e-01,
       1.11888672e+03, 5.06654846e+02, 6.11559927e-01, 1.31324536e+03,
       5.03862000e+02, 7.52035379e-01, 1.55157324e+03, 5.09722534e+02,
       6.07514441e-01, 1.12193176e+03, 4.12458435e+02, 5.62593818e-01,
       1.33673560e+03, 4.09521454e+02, 6.14092886e-01, 1.53391821e+03,
       4.09595917e+02, 4.23896819e-01, 7.39287720e+02, 4.53812347e+02,
       8.18983316e-01, 7.42178711e+02, 4.30211029e+02, 8.16709280e-01,
       7.54016296e+02, 4.77279541e+02, 2.94705987e-01, 7.54005920e+02,
       4.06617523e+02, 4.76042926e-01, 1.61345789e+03, 3.77261932e+02,
       4.32757288e-01, 1.61045386e+03, 3.71321106e+02, 4.41019744e-01,
       1.55450537e+03, 4.00804840e+02, 2.27772743e-01, 1.63100354e+03,
       5.00801422e+02, 5.38651347e-01, 1.61634924e+03, 5.09711761e+02,
       4.70370889e-01, 1.57223059e+03, 5.15554382e+02, 2.23240256e-01 ]
