%YAML:1.0
---
pose_0: !!opencv-matrix
   rows: 1
   cols: 25
   dt: "3f"
   data: [ 7.77477051e+02, 5.65632141e+02, 7.69609213e-01,
       8.68789551e+02, 5.21458008e+02, 5.29143989e-01, 8.65825256e+02,
       5.62622314e+02, 3.30682367e-01, 0., 0., 0., 0., 0., 0.,
       8.71699524e+02, 4.80200378e+02, 6.38767600e-01, 9.98216858e+02,
       4.50785339e+02, 6.36603951e-01, 1.11898669e+03, 4.09584473e+02,
       8.43338370e-01, 1.10124341e+03, 5.59728821e+02, 4.43262905e-01,
       1.09832214e+03, 5.95021484e+02, 4.14744109e-01, 1.35141431e+03,
       5.27279602e+02, 4.88196969e-01, 1.53685229e+03, 4.44959961e+02,
       5.08288503e-01, 1.10126990e+03, 5.27339844e+02, 3.82325411e-01,
       1.35730603e+03, 5.27359802e+02, 3.72048765e-01, 1.54275806e+03,
       4.50790314e+02, 1.85208097e-01, 7.62734497e+02, 5.74552246e+02,
       8.00624490e-01, 7.62716614e+02, 5.50760132e+02, 8.17084968e-01,
       0., 0., 0., 7.68683594e+02, 5.09715027e+02, 5.91057658e-01,
       1.63697534e+03, 4.36077789e+02, 6.04565255e-02, 1.63687415e+03,
       4.27322723e+02, 5.72200492e-02, 0., 0., 0., 1.63404639e+03,
       4.15495331e+02, 2.20943853e-01, 1.63404858e+03, 4.30180176e+02,
       1.74353600e-01, 1.56040625e+03, 4.24364319e+02, 1.94536358e-01 ]
