%YAML:1.0
---
pose_0: !!opencv-matrix
   rows: 1
   cols: 25
   dt: "3f"
   data: [ 8.03957886e+02, 5.45021790e+02, 7.98374891e-01,
       9.01165833e+02, 6.21451538e+02, 7.39722013e-01, 8.80526184e+02,
       6.71604980e+02, 4.19915706e-01, 8.33379150e+02, 8.06917297e+02,
       2.55372524e-01, 8.39284058e+02, 6.74480286e+02, 8.60908926e-02,
       9.24727661e+02, 5.62709656e+02, 6.71868443e-01, 9.65928711e+02,
       4.65540527e+02, 6.58803105e-01, 9.98353577e+02, 3.42047180e+02,
       8.64401519e-01, 1.14838367e+03, 5.98053894e+02, 5.87343931e-01,
       1.15128857e+03, 6.45077271e+02, 5.24589002e-01, 1.36027380e+03,
       6.42120117e+02, 7.59851217e-01, 1.56046375e+03, 7.12679993e+02,
       6.12883329e-01, 1.15129712e+03, 5.50843018e+02, 5.89590788e-01,
       1.28371045e+03, 5.06890381e+02, 7.47780681e-01, 1.39563672e+03,
       5.95057068e+02, 5.91981173e-01, 7.83424988e+02, 5.56814941e+02,
       8.52429390e-01, 7.89199158e+02, 5.30307800e+02, 8.11081648e-01,
       7.89379944e+02, 6.01064331e+02, 6.81136906e-01, 0., 0., 0.,
       1.49572729e+03, 5.68522827e+02, 3.46322387e-01, 1.48977283e+03,
       5.59718445e+02, 3.84481430e-01, 1.39860388e+03, 6.18467346e+02,
       4.65203851e-01, 1.60751782e+03, 6.83339111e+02, 4.99783158e-01,
       1.59867407e+03, 6.95081482e+02, 4.64981258e-01, 1.58396106e+03,
       7.24515564e+02, 3.72247666e-01 ]
