%YAML:1.0
---
pose_0: !!opencv-matrix
   rows: 1
   cols: 25
   dt: "3f"
   data: [ 7.48063232e+02, 3.94884155e+02, 8.29418957e-01,
       8.60030640e+02, 4.21340698e+02, 7.12890625e-01, 8.77523804e+02,
       5.09710907e+02, 6.39328539e-01, 1.00132245e+03, 5.65589478e+02,
       7.83093810e-01, 1.09546631e+03, 6.00895996e+02, 8.27253699e-01,
       8.71660950e+02, 3.30136322e+02, 6.46986842e-01, 9.65930420e+02,
       2.33017197e+02, 7.61193156e-01, 1.08360498e+03, 1.74280914e+02,
       7.84341276e-01, 1.14253479e+03, 3.88980652e+02, 5.83490670e-01,
       1.14543689e+03, 4.36030975e+02, 6.07327104e-01, 1.33969116e+03,
       4.83322632e+02, 7.62052298e-01, 1.54273682e+03, 5.74478882e+02,
       6.53884470e-01, 1.14245642e+03, 3.38992950e+02, 5.59692383e-01,
       1.34844080e+03, 3.33078033e+02, 6.86639786e-01, 1.57512048e+03,
       3.15384399e+02, 6.50436759e-01, 7.36272156e+02, 4.12544830e+02,
       8.67514074e-01, 7.42135681e+02, 3.83115967e+02, 8.74305725e-01,
       7.45161865e+02, 4.42042664e+02, 6.61037862e-01, 7.65848938e+02,
       3.65429749e+02, 3.75106782e-01, 1.63993616e+03, 2.94761566e+02,
       4.96355444e-01, 1.63692590e+03, 2.91796692e+02, 5.44503808e-01,
       1.60158838e+03, 3.12509766e+02, 2.66144663e-01, 1.61035559e+03,
       5.89134827e+02, 3.77699763e-01, 0., 0., 0., 1.57218213e+03,
       5.71517456e+02, 4.02976513e-01 ]
