%YAML:1.0
---
pose_0: !!opencv-matrix
   rows: 1
   cols: 25
   dt: "3f"
   data: [ 6.86233215e+02, 2.83007233e+02, 6.87578738e-01,
       8.09809998e+02, 2.71237701e+02, 7.44246125e-01, 7.86417358e+02,
       3.62393005e+02, 7.74012089e-01, 8.65867371e+02, 5.00845184e+02,
       7.40286291e-01, 9.04158325e+02, 6.27476868e+02, 6.52773678e-01,
       8.24603760e+02, 1.88875885e+02, 4.17251408e-01, 9.48234070e+02,
       1.27139107e+02, 6.85277224e-01, 1.05713391e+03, 1.03613319e+02,
       8.03654075e-01, 1.05714600e+03, 2.94930359e+02, 5.73831439e-01,
       1.04837732e+03, 3.44872772e+02, 5.59131026e-01, 1.26612195e+03,
       3.65372314e+02, 5.09633183e-01, 1.41917676e+03, 3.62431000e+02,
       3.05298030e-01, 1.06884253e+03, 2.41834564e+02, 5.51390052e-01,
       1.28667358e+03, 1.97722260e+02, 6.89148188e-01, 1.53394727e+03,
       1.50508194e+02, 5.08319139e-01, 6.71544006e+02, 2.94841553e+02,
       6.25764906e-01, 6.68579712e+02, 2.68218933e+02, 7.51316130e-01,
       6.95061768e+02, 3.15411469e+02, 4.46715534e-01, 6.89192993e+02,
       2.41855667e+02, 4.46851313e-01, 1.63694177e+03, 1.18267708e+02,
       2.83897787e-01, 1.63693945e+03, 1.09463387e+02, 2.65433401e-01,
       1.54281873e+03, 1.35855499e+02, 2.45057791e-01, 1.45151453e+03,
       3.27180817e+02, 8.84707570e-02, 0., 0., 0., 1.44855310e+03,
       3.62480377e+02, 2.30346411e-01 ]
