%YAML:1.0
---
pose_0: !!opencv-matrix
   rows: 1
   cols: 25
   dt: "3f"
   data: [ 7.59817444e+02, 5.06852112e+02, 4.25163120e-01,
       8.12913452e+02, 4.33170593e+02, 3.85212570e-01, 0., 0., 0., 0.,
       0., 0., 0., 0., 0., 8.12818604e+02, 4.33044220e+02,
       5.39477766e-01, 9.36519714e+02, 4.00807190e+02, 6.85972452e-01,
       1.09252539e+03, 4.56564362e+02, 8.42083633e-01, 1.08949048e+03,
       4.47864502e+02, 1.97632194e-01, 1.09535815e+03, 4.80253906e+02,
       1.37357712e-01, 1.30144458e+03, 5.53920776e+02, 1.40197441e-01,
       0., 0., 0., 1.07183423e+03, 3.91948181e+02, 1.38759434e-01,
       1.33082947e+03, 4.47878723e+02, 3.67986292e-01, 1.57806824e+03,
       4.18420197e+02, 4.28748518e-01, 7.39258911e+02, 5.03865234e+02,
       7.68756941e-02, 7.42249756e+02, 5.00799225e+02, 3.68869185e-01,
       0., 0., 0., 7.42154724e+02, 4.56632904e+02, 5.01558781e-01, 0.,
       0., 0., 0., 0., 0., 1.59578296e+03, 4.12577850e+02,
       1.71606287e-01, 0., 0., 0., 0., 0., 0., 0., 0., 0. ]
