%YAML:1.0
---
pose_0: !!opencv-matrix
   rows: 1
   cols: 25
   dt: "3f"
   data: [ 7.62644226e+02, 4.36026825e+02, 8.96727145e-01,
       8.65797668e+02, 4.77337097e+02, 6.78760529e-01, 8.74595032e+02,
       5.53800781e+02, 6.01409316e-01, 9.98163513e+02, 5.89150818e+02,
       7.83925533e-01, 1.11011780e+03, 5.95072632e+02, 7.80482650e-01,
       8.62925110e+02, 4.09512665e+02, 6.54123187e-01, 1.00708447e+03,
       3.86015869e+02, 7.32227445e-01, 9.95334534e+02, 3.27175232e+02,
       7.81686068e-01, 1.13953271e+03, 4.80224457e+02, 5.80124319e-01,
       1.13657178e+03, 5.27305481e+02, 5.46820760e-01, 1.31321313e+03,
       5.24378113e+02, 2.92998582e-01, 1.51337244e+03, 5.06679321e+02,
       3.05626214e-01, 1.13954382e+03, 4.30184174e+02, 5.63757777e-01,
       1.33376880e+03, 4.39017365e+02, 7.13121831e-01, 1.58697363e+03,
       4.47881927e+02, 5.18132150e-01, 7.42188599e+02, 4.44928375e+02,
       8.35053563e-01, 7.53939636e+02, 4.15459747e+02, 8.15113246e-01,
       7.56937683e+02, 4.77264526e+02, 6.03292406e-01, 7.80391846e+02,
       4.03684601e+02, 6.12888873e-01, 1.65166467e+03, 4.12526703e+02,
       3.30657661e-01, 1.63989453e+03, 4.09636932e+02, 3.98254871e-01,
       1.62804114e+03, 4.59657745e+02, 2.71120459e-01, 0., 0., 0., 0.,
       0., 0., 1.53984998e+03, 5.06656036e+02, 1.80650398e-01 ]
