%YAML:1.0
---
pose_0: !!opencv-matrix
   rows: 1
   cols: 25
   dt: "3f"
   data: [ 8.39339600e+02, 5.62700195e+02, 4.64742333e-01,
       9.24671265e+02, 5.24359192e+02, 4.26949143e-01, 9.24698669e+02,
       5.71443481e+02, 2.19589993e-01, 0., 0., 0., 0., 0., 0.,
       9.04128052e+02, 4.71410583e+02, 3.79152536e-01, 8.09903748e+02,
       4.80205322e+02, 3.84477854e-01, 7.42217163e+02, 5.30387756e+02,
       6.69517875e-01, 1.16896521e+03, 5.30210083e+02, 6.00517094e-01,
       1.16610193e+03, 5.74412292e+02, 6.25911713e-01, 1.35138782e+03,
       6.42058167e+02, 7.69640267e-01, 1.52212476e+03, 6.30351318e+02,
       6.57756329e-01, 1.16899548e+03, 4.80333588e+02, 6.01859808e-01,
       1.35449573e+03, 4.83110474e+02, 7.83045173e-01, 1.54567651e+03,
       4.39053375e+02, 6.67972088e-01, 8.30417480e+02, 5.59777283e+02,
       1.52672827e-01, 8.30471191e+02, 5.50799805e+02, 4.00369853e-01,
       0., 0., 0., 8.36466125e+02, 5.12680969e+02, 3.47251981e-01,
       1.61343652e+03, 4.33140961e+02, 4.65796471e-01, 1.61041821e+03,
       4.27265991e+02, 5.10607958e-01, 1.56337720e+03, 4.24301849e+02,
       2.73615628e-01, 1.56334082e+03, 7.15649597e+02, 5.05313873e-01,
       1.56342297e+03, 7.03955566e+02, 4.29555714e-01, 1.54861829e+03,
       6.12734009e+02, 5.28624833e-01 ]
