%YAML:1.0
---
pose_0: !!opencv-matrix
   rows: 1
   cols: 25
   dt: "3f"
   data: [ 6.95189270e+02, 4.83356995e+02, 8.50090623e-01,
       8.09810486e+02, 5.21398682e+02, 7.49266922e-01, 8.06978394e+02,
       5.97959778e+02, 7.38770664e-01, 8.98167419e+02, 6.68643372e+02,
       7.09586084e-01, 9.60027283e+02, 6.71591248e+02, 7.47950196e-01,
       7.95206787e+02, 4.53699249e+02, 6.56874955e-01, 9.74664307e+02,
       4.15477081e+02, 8.34943831e-01, 8.33440613e+02, 4.32988647e+02,
       7.77673900e-01, 1.08653796e+03, 5.18531677e+02, 5.49513161e-01,
       1.08360901e+03, 5.59768066e+02, 5.55942237e-01, 1.31032690e+03,
       5.74447266e+02, 7.59117961e-01, 1.56627478e+03, 5.89183533e+02,
       6.06961131e-01, 1.08360754e+03, 4.59765076e+02, 5.42157710e-01,
       1.33966431e+03, 4.56708527e+02, 6.90882087e-01, 1.56042334e+03,
       4.71405518e+02, 5.76940536e-01, 6.86225769e+02, 5.03915741e+02,
       8.09790373e-01, 6.86268860e+02, 4.65609558e+02, 7.79373765e-01,
       6.95239319e+02, 5.30366394e+02, 6.70310616e-01, 7.15620056e+02,
       4.50846954e+02, 4.69894409e-01, 1.62521631e+03, 4.56769653e+02,
       5.08591831e-01, 1.61932483e+03, 4.53750763e+02, 5.55361450e-01,
       1.59277466e+03, 4.80287628e+02, 2.68164396e-01, 1.65755334e+03,
       5.74408203e+02, 3.95875216e-01, 1.65460376e+03, 5.92056641e+02,
       3.32151651e-01, 1.59870581e+03, 5.77329102e+02, 2.46879533e-01 ]
