%YAML:1.0
---
pose_0: !!opencv-matrix
   rows: 1
   cols: 25
   dt: "3f"
   data: [ 6.71666260e+02, 5.09644531e+02, 8.05992007e-01,
       7.89335205e+02, 5.30289001e+02, 7.19427347e-01, 7.92198608e+02,
       6.06825745e+02, 7.04198539e-01, 9.30604370e+02, 6.71557556e+02,
       8.10920596e-01, 1.02481873e+03, 6.71627380e+02, 8.17681968e-01,
       7.77506409e+02, 4.56775574e+02, 6.60430193e-01, 9.51175964e+02,
       4.33068726e+02, 8.67770851e-01, 8.07003540e+02, 4.30115753e+02,
       7.76109934e-01, 1.06010217e+03, 5.27229187e+02, 5.33681035e-01,
       1.06304517e+03, 5.74437622e+02, 5.66012263e-01, 1.31322534e+03,
       5.80419006e+02, 6.26007378e-01, 1.58691882e+03, 6.01031128e+02,
       6.06698692e-01, 1.06298621e+03, 4.68481049e+02, 5.30952990e-01,
       1.33091675e+03, 4.47858063e+02, 4.64256525e-01, 1.53391711e+03,
       4.53707977e+02, 2.81554967e-01, 6.56883118e+02, 5.27379333e+02,
       7.86167502e-01, 6.65622375e+02, 4.89112122e+02, 7.57970810e-01,
       6.80438599e+02, 5.50802246e+02, 4.96629179e-01, 6.92168274e+02,
       4.62615540e+02, 6.03634775e-01, 1.63986292e+03, 4.33146790e+02,
       2.01650128e-01, 1.63696814e+03, 4.30202179e+02, 2.28133693e-01,
       1.55456555e+03, 4.50799469e+02, 1.60619661e-01, 1.66639136e+03,
       6.48104065e+02, 5.34393549e-01, 1.66058875e+03, 6.47997192e+02,
       5.52623510e-01, 1.61931836e+03, 5.80320007e+02, 3.88661891e-01 ]
