%YAML:1.0
---
pose_0: !!opencv-matrix
   rows: 1
   cols: 25
   dt: "3f"
   data: [ 7.45202393e+02, 4.86210815e+02, 8.35907817e-01,
       8.62948853e+02, 5.24405762e+02, 7.14197040e-01, 8.71724609e+02,
       5.98060730e+02, 7.11816072e-01, 9.98221008e+02, 6.27466675e+02,
       7.96818554e-01, 1.10720068e+03, 5.97881226e+02, 8.05597365e-01,
       8.62852356e+02, 4.50857361e+02, 5.90054333e-01, 9.98248596e+02,
       4.18437042e+02, 4.18317139e-01, 1.09244031e+03, 4.33106415e+02,
       1.30878478e-01, 1.11305554e+03, 5.27261536e+02, 6.14255309e-01,
       1.10420532e+03, 5.68593445e+02, 5.97800970e-01, 1.32490869e+03,
       5.95083191e+02, 6.84777260e-01, 1.52217847e+03, 6.00864868e+02,
       5.09719729e-01, 1.11607190e+03, 4.77323547e+02, 5.76272309e-01,
       1.33376611e+03, 4.50798004e+02, 5.56291163e-01, 1.58988208e+03,
       4.30197693e+02, 4.64075208e-01, 7.36282654e+02, 5.03874207e+02,
       8.08187604e-01, 7.39287354e+02, 4.77198792e+02, 8.72846663e-01,
       7.51045166e+02, 5.30438171e+02, 6.24426365e-01, 7.65678955e+02,
       4.53800568e+02, 6.41273797e-01, 1.70468713e+03, 3.89094635e+02,
       3.66375655e-01, 1.70461353e+03, 3.86137146e+02, 3.53702605e-01,
       1.61039661e+03, 4.36105499e+02, 2.79643953e-01, 1.60752429e+03,
       5.77340027e+02, 3.61045301e-01, 1.59279297e+03, 5.92117432e+02,
       3.02119076e-01, 1.56045813e+03, 6.00879333e+02, 2.36129671e-01 ]
