%YAML:1.0
---
pose_0: !!opencv-matrix
   rows: 1
   cols: 25
   dt: "3f"
   data: [ 7.51064087e+02, 3.09578583e+02, 7.02927470e-01,
       8.59900391e+02, 2.21292587e+02, 4.36368346e-01, 8.33458557e+02,
       1.85926712e+02, 2.74946123e-01, 0., 0., 0., 0., 0., 0.,
       8.74663574e+02, 2.44803543e+02, 4.36352909e-01, 9.65923950e+02,
       3.42019958e+02, 5.75703681e-01, 9.77550232e+02, 4.83234070e+02,
       6.64738536e-01, 1.16902869e+03, 2.44791489e+02, 5.38009584e-01,
       1.16897009e+03, 2.91942383e+02, 5.79952300e-01, 1.31320105e+03,
       3.62388763e+02, 7.07946658e-01, 1.52512817e+03, 2.30107056e+02,
       3.08611274e-01, 1.17483777e+03, 1.94710037e+02, 4.87525046e-01,
       1.36616418e+03, 1.77154755e+02, 5.83181858e-01, 1.53688513e+03,
       1.33018906e+02, 9.24330503e-02, 7.39216248e+02, 3.06586456e+02,
       8.60480592e-02, 7.39322571e+02, 2.91936920e+02, 7.73213565e-01,
       0., 0., 0., 7.51016602e+02, 2.47795685e+02, 5.80056548e-01,
       1.63690723e+03, 1.62377960e+02, 6.76860362e-02, 0., 0., 0.,
       1.60453845e+03, 1.41786514e+02, 1.02029644e-01, 1.55159229e+03,
       2.50690811e+02, 6.69312552e-02, 0., 0., 0., 1.55452820e+03,
       2.18278717e+02, 1.88897297e-01 ]
