%YAML:1.0
---
pose_0: !!opencv-matrix
   rows: 1
   cols: 25
   dt: "3f"
   data: [ 8.18709961e+02, 3.94953094e+02, 7.38034129e-01,
       8.77602661e+02, 4.77318970e+02, 6.17360830e-01, 8.86408447e+02,
       5.03722015e+02, 7.09900498e-01, 1.01006720e+03, 5.39101135e+02,
       7.39904404e-01, 1.00416968e+03, 3.89137726e+02, 7.63994157e-01,
       8.71679077e+02, 4.50828613e+02, 4.17609364e-01, 0., 0., 0., 0.,
       0., 0., 1.16012927e+03, 4.09655670e+02, 4.23852444e-01,
       1.17483435e+03, 4.50835938e+02, 4.52659577e-01, 1.38969678e+03,
       5.06712097e+02, 7.47906089e-01, 1.52808350e+03, 6.62732971e+02,
       5.79615474e-01, 1.14245496e+03, 3.62501617e+02, 3.87759089e-01,
       1.18957739e+03, 3.18316467e+02, 1.72535151e-01, 1.38385132e+03,
       2.62478851e+02, 3.48068684e-01, 8.01092590e+02, 4.06711243e+02,
       7.55294919e-01, 8.04004211e+02, 3.86176819e+02, 3.01173568e-01,
       8.06977722e+02, 4.39114319e+02, 6.19570911e-01, 0., 0., 0.,
       1.60454077e+03, 2.44821869e+02, 9.57376212e-02, 1.59284399e+03,
       2.41821274e+02, 1.08973369e-01, 1.40145776e+03, 2.47820496e+02,
       1.92933187e-01, 1.61052417e+03, 6.77457214e+02, 6.55657589e-01,
       1.58996436e+03, 6.92252686e+02, 6.28282547e-01, 1.53095825e+03,
       6.86308044e+02, 3.23267370e-01 ]
