%YAML:1.0
---
pose_0: !!opencv-matrix
   rows: 1
   cols: 25
   dt: "3f"
   data: [ 7.89304321e+02, 5.45004700e+02, 8.44024777e-01,
       8.77596985e+02, 5.12616089e+02, 7.69044280e-01, 8.80516968e+02,
       5.83265991e+02, 7.38857865e-01, 9.36506592e+02, 6.83328186e+02,
       6.08657837e-01, 9.33610413e+02, 7.42173950e+02, 4.77897674e-01,
       8.68763000e+02, 4.53778534e+02, 6.87193394e-01, 8.60036011e+02,
       3.94860901e+02, 7.14435756e-01, 8.06984680e+02, 3.62616821e+02,
       8.29609692e-01, 1.14242188e+03, 5.21476379e+02, 4.87439960e-01,
       1.13947156e+03, 5.74334595e+02, 5.21537840e-01, 1.33965308e+03,
       6.24356995e+02, 7.14581013e-01, 1.52216211e+03, 6.30332397e+02,
       6.60172522e-01, 1.14544263e+03, 4.74386444e+02, 4.72686052e-01,
       1.34845654e+03, 4.62696716e+02, 6.69941247e-01, 1.54270984e+03,
       4.36099579e+02, 6.83015049e-01, 7.77524109e+02, 5.50825867e+02,
       7.52379417e-01, 7.86226074e+02, 5.27182983e+02, 8.24576855e-01,
       0., 0., 0., 8.06892395e+02, 4.83258820e+02, 5.86139321e-01,
       1.61332385e+03, 4.39030365e+02, 2.60092288e-01, 1.60755090e+03,
       4.33121063e+02, 3.35385561e-01, 1.56926953e+03, 4.27253448e+02,
       2.63222098e-01, 1.55747876e+03, 7.09808777e+02, 5.71538210e-01,
       1.54566748e+03, 7.00973145e+02, 5.00099003e-01, 1.54863318e+03,
       6.12665833e+02, 5.21184146e-01 ]
