%YAML:1.0
---
pose_0: !!opencv-matrix
   rows: 1
   cols: 25
   dt: "3f"
   data: [ 7.21587402e+02, 4.86108215e+02, 7.38028646e-01,
       7.86308167e+02, 4.36121796e+02, 5.08697331e-01, 7.80482666e+02,
       4.59685272e+02, 3.39768440e-01, 9.12921082e+02, 5.00850739e+02,
       1.41107127e-01, 8.36397339e+02, 5.15595154e+02, 8.80498439e-02,
       7.86422791e+02, 4.27259796e+02, 7.75958002e-01, 9.27584839e+02,
       4.86098328e+02, 8.54410708e-01, 8.15778320e+02, 5.44994507e+02,
       7.95604348e-01, 1.12775903e+03, 4.24315765e+02, 3.66028428e-01,
       1.11602844e+03, 4.36097137e+02, 2.42348060e-01, 1.35152979e+03,
       4.59643768e+02, 6.04084551e-01, 1.56630493e+03, 4.06640717e+02,
       4.13539916e-01, 1.14246863e+03, 4.09530304e+02, 3.42454344e-01,
       1.35435522e+03, 4.80273163e+02, 5.95287979e-01, 1.62225085e+03,
       4.09671051e+02, 2.75930077e-01, 7.12771423e+02, 4.83262543e+02,
       1.10670164e-01, 7.15606934e+02, 4.77305756e+02, 7.53325164e-01,
       0., 0., 0., 7.18539246e+02, 4.36227020e+02, 6.76777840e-01, 0.,
       0., 0., 0., 0., 0., 1.67512512e+03, 4.12525757e+02,
       1.06095657e-01, 1.68405530e+03, 3.59576813e+02, 2.68049479e-01,
       1.68114075e+03, 3.65449493e+02, 1.86604038e-01, 1.68110339e+03,
       4.06662964e+02, 9.21729505e-02 ]
