%YAML:1.0
---
pose_0: !!opencv-matrix
   rows: 1
   cols: 25
   dt: "3f"
   data: [ 6.42098816e+02, 4.83081482e+02, 8.69168758e-01,
       7.62847839e+02, 4.83313660e+02, 7.08350897e-01, 7.65690491e+02,
       5.59766541e+02, 6.33583546e-01, 9.15858948e+02, 6.27388611e+02,
       4.59407747e-01, 9.92335388e+02, 6.27378784e+02, 2.23165527e-01,
       7.59897949e+02, 4.12521027e+02, 6.60946012e-01, 9.51013184e+02,
       3.88977264e+02, 8.83383155e-01, 8.04000916e+02, 3.86070068e+02,
       8.09927583e-01, 1.06896960e+03, 4.97848846e+02, 5.44621110e-01,
       1.06885938e+03, 5.47852112e+02, 5.41975439e-01, 1.34854919e+03,
       5.47895020e+02, 5.99687159e-01, 1.59572095e+03, 5.56839966e+02,
       5.27312338e-01, 1.06894885e+03, 4.36209564e+02, 5.21496534e-01,
       1.31030408e+03, 4.36124359e+02, 6.05590761e-01, 1.58690613e+03,
       4.47919495e+02, 3.92078668e-01, 6.24397644e+02, 4.97903809e+02,
       8.01849544e-01, 6.24548096e+02, 4.59565002e+02, 8.61789882e-01,
       6.45184570e+02, 5.09791840e+02, 2.63968170e-01, 6.53930115e+02,
       4.27282074e+02, 5.45469165e-01, 1.63404333e+03, 4.39069031e+02,
       1.15659960e-01, 1.63397949e+03, 4.36041931e+02, 1.95182085e-01,
       1.61928540e+03, 4.39071259e+02, 2.14425221e-01, 1.70166602e+03,
       5.59695679e+02, 3.81416112e-01, 1.68698547e+03, 5.74406982e+02,
       3.92479122e-01, 1.62810205e+03, 5.36210388e+02, 2.42902681e-01 ]
