%YAML:1.0
---
pose_0: !!opencv-matrix
   rows: 1
   cols: 25
   dt: "3f"
   data: [ 6.98106567e+02, 5.71548706e+02, 8.46233964e-01,
       8.36285034e+02, 5.77474792e+02, 7.26480305e-01, 8.39304932e+02,
       6.42155579e+02, 7.05601692e-01, 9.71783325e+02, 6.71483215e+02,
       7.07295358e-01, 1.05130164e+03, 7.18607605e+02, 7.40678847e-01,
       8.24623047e+02, 5.09701965e+02, 5.99478483e-01, 9.98216187e+02,
       4.59767822e+02, 7.62948632e-01, 1.15722510e+03, 4.36043060e+02,
       7.94832647e-01, 1.09835132e+03, 5.80284607e+02, 5.25939763e-01,
       1.09244397e+03, 6.33251099e+02, 5.36057234e-01, 1.25725134e+03,
       7.15720215e+02, 1.69230878e-01, 1.32795740e+03, 7.24586304e+02,
       1.25598863e-01, 1.11011060e+03, 5.30206726e+02, 4.99960154e-01,
       1.33094995e+03, 6.62699890e+02, 6.46823347e-01, 1.56629944e+03,
       6.68490845e+02, 5.69348931e-01, 6.86286255e+02, 5.77534485e+02,
       8.13693702e-01, 6.92229126e+02, 5.50825195e+02, 9.05359149e-01,
       7.00999512e+02, 6.00806335e+02, 3.67084354e-01, 7.18662415e+02,
       5.24290771e+02, 6.03681803e-01, 1.64577441e+03, 6.33305481e+02,
       1.56830087e-01, 1.64279089e+03, 6.33286621e+02, 1.71818778e-01,
       1.58986743e+03, 6.53940063e+02, 3.24199706e-01, 0., 0., 0., 0.,
       0., 0., 1.34258862e+03, 7.21715088e+02, 7.10884854e-02 ]
