%YAML:1.0
---
pose_0: !!opencv-matrix
   rows: 1
   cols: 25
   dt: "3f"
   data: [ 7.45231628e+02, 4.62613831e+02, 6.36948347e-01,
       8.18740356e+02, 5.30318420e+02, 6.08251810e-01, 8.24626831e+02,
       5.56741150e+02, 7.24499047e-01, 9.45264404e+02, 6.03890198e+02,
       7.60433137e-01, 1.09246814e+03, 5.83247437e+02, 7.25285590e-01,
       8.15792664e+02, 4.97911804e+02, 3.24579120e-01, 1.04241260e+03,
       5.06772400e+02, 3.15994829e-01, 1.13962390e+03, 4.39058441e+02,
       6.81843221e-01, 1.11298193e+03, 5.71469177e+02, 4.90535378e-01,
       1.09831299e+03, 6.00968750e+02, 3.94044161e-01, 1.34257666e+03,
       4.80113617e+02, 8.06150675e-01, 1.54269055e+03, 6.24421448e+02,
       6.27839446e-01, 1.12190637e+03, 5.39085266e+02, 4.15762693e-01,
       1.34848865e+03, 5.06827118e+02, 4.39246267e-01, 1.49870703e+03,
       6.24538452e+02, 4.47287589e-01, 7.27457153e+02, 4.80304565e+02,
       5.57322502e-01, 7.36201416e+02, 4.56801636e+02, 1.30345479e-01,
       7.45095825e+02, 5.09731842e+02, 3.63736808e-01, 0., 0., 0., 0.,
       0., 0., 0., 0., 0., 1.49273718e+03, 6.56874451e+02,
       3.35308731e-01, 1.62515942e+03, 5.71464539e+02, 4.72634673e-01,
       1.61637671e+03, 5.86185913e+02, 3.70189041e-01, 1.55450049e+03,
       6.50934814e+02, 5.11637330e-01 ]
