%YAML:1.0
---
pose_0: !!opencv-matrix
   rows: 1
   cols: 25
   dt: "3f"
   data: [ 6.77518982e+02, 2.71450378e+02, 8.06036353e-01,
       7.89393616e+02, 2.68189911e+02, 7.12154567e-01, 7.89174255e+02,
       3.59546448e+02, 7.71540642e-01, 8.89386658e+02, 4.77297760e+02,
       6.58613086e-01, 9.77605774e+02, 6.03950928e+02, 6.37232482e-01,
       7.80429749e+02, 1.77024155e+02, 4.91407365e-01, 9.33523560e+02,
       1.21105621e+02, 5.68516076e-01, 1.04530029e+03, 1.26985573e+02,
       6.94929838e-01, 1.06003699e+03, 2.88984772e+02, 5.31118274e-01,
       1.05126379e+03, 3.38904053e+02, 5.39352596e-01, 1.25134680e+03,
       3.44823761e+02, 3.84801537e-01, 1.41033362e+03, 3.24288452e+02,
       1.23287328e-01, 1063., 2.33005005e+02, 4.70694423e-01,
       1.26906738e+03, 2.00667572e+02, 6.83779299e-01, 1.52512817e+03,
       1.53651077e+02, 3.59100372e-01, 6.68653992e+02, 2.91959625e+02,
       7.42134690e-01, 6.68486328e+02, 2.59463837e+02, 7.89884508e-01,
       6.92086182e+02, 3.12405853e+02, 3.84831548e-01, 6.86328247e+02,
       2.24215408e+02, 5.52488387e-01, 1.56335242e+03, 2.00630066e+02,
       5.24715073e-02, 0., 0., 0., 1.53984241e+03, 1.47653290e+02,
       2.38784701e-01, 0., 0., 0., 0., 0., 0., 0., 0., 0. ]
