%YAML:1.0
---
pose_0: !!opencv-matrix
   rows: 1
   cols: 25
   dt: "3f"
   data: [ 5.18546021e+02, 5.50809265e+02, 7.21406817e-01,
       6.24422058e+02, 5.68495483e+02, 5.68380892e-01, 6.18556946e+02,
       6.21542297e+02, 4.59253430e-01, 7.18670898e+02, 7.24521973e+02,
       7.82203197e-01, 5.09648651e+02, 6.62779907e+02, 7.81781375e-01,
       6.30346863e+02, 5.00810089e+02, 3.96669060e-01, 7.62782288e+02,
       4.18468628e+02, 6.78259611e-01, 5.39155273e+02, 4.74347137e+02,
       6.05396628e-01, 1.03356494e+03, 5.97968201e+02, 3.97270024e-01,
       1.02185138e+03, 6.65696289e+02, 4.50854689e-01, 1.31906177e+03,
       6.68684998e+02, 2.13695392e-01, 1.70757361e+03, 6.59828064e+02,
       1.62986428e-01, 1.03948328e+03, 5.15534058e+02, 3.75907660e-01,
       1.31024902e+03, 5.12591431e+02, 3.47434223e-01, 1.71349683e+03,
       5.30219177e+02, 2.43684709e-01, 5.00791870e+02, 5.71488037e+02,
       7.23354697e-01, 5.03719971e+02, 5.27202759e+02, 7.36030936e-01,
       5.12618652e+02, 6.00837158e+02, 3.05191189e-01, 5.33220642e+02,
       5.00760101e+02, 2.74537235e-01, 1.83703040e+03, 5.33218079e+02,
       1.18401468e-01, 0., 0., 0., 1.74877417e+03, 5.59712646e+02,
       9.23055708e-02, 0., 0., 0., 0., 0., 0., 0., 0., 0. ]
