%YAML:1.0
---
pose_0: !!opencv-matrix
   rows: 1
   cols: 25
   dt: "3f"
   data: [ 7.45129211e+02, 5.36179443e+02, 7.80829549e-01,
       8.39294922e+02, 4.74308624e+02, 5.56830764e-01, 8.30533630e+02,
       4.77271149e+02, 4.16883975e-01, 9.71820557e+02, 5.47949646e+02,
       5.04651845e-01, 9.15849731e+02, 6.00878845e+02, 7.32518375e-01,
       8.53959351e+02, 4.65522156e+02, 6.55864120e-01, 9.86499207e+02,
       4.97865723e+02, 7.87900388e-01, 8.59900696e+02, 5.77337646e+02,
       8.63293290e-01, 1.11895093e+03, 4.77337830e+02, 2.37440422e-01,
       1.09831641e+03, 4.83164703e+02, 1.43812940e-01, 1.35443225e+03,
       5.03799255e+02, 4.32476968e-01, 1.57219360e+03, 4.36223969e+02,
       2.24769697e-01, 1.17190454e+03, 4.74373108e+02, 2.08110958e-01,
       1.36320105e+03, 5.42027771e+02, 3.97416860e-01, 1.63391821e+03,
       4.18463501e+02, 4.94988501e-01, 0., 0., 0., 7.39143005e+02,
       5.21481201e+02, 7.89654970e-01, 0., 0., 0., 7.56964050e+02,
       4.77360107e+02, 7.06839740e-01, 1.67224707e+03, 3.65537170e+02,
       3.01091552e-01, 1.67519971e+03, 3.68454102e+02, 2.79193252e-01,
       1.67227942e+03, 4.12529114e+02, 1.81995973e-01, 0., 0., 0., 0.,
       0., 0., 0., 0., 0. ]
