%YAML:1.0
---
pose_0: !!opencv-matrix
   rows: 1
   cols: 25
   dt: "3f"
   data: [ 7.68739563e+02, 3.65466553e+02, 8.63195717e-01,
       8.80532532e+02, 3.68425354e+02, 7.70953774e-01, 8.65817017e+02,
       4.47852417e+02, 6.21430159e-01, 1.02168555e+03, 5.03897644e+02,
       7.74906456e-01, 1.10719800e+03, 5.18545837e+02, 7.49489188e-01,
       9.03990417e+02, 2.94763031e+02, 6.96501791e-01, 1.02179468e+03,
       2.33071259e+02, 8.13196957e-01, 1.01591376e+03, 1.32942825e+02,
       7.92341769e-01, 1.12189526e+03, 3.77229309e+02, 5.82639396e-01,
       1.11896960e+03, 4.21338348e+02, 5.91020525e-01, 1.35729102e+03,
       4.62700836e+02, 7.42180586e-01, 1.55157166e+03, 5.68498840e+02,
       6.51356220e-01, 1.12478601e+03, 3.24270447e+02, 5.39317608e-01,
       1.35435596e+03, 3.21301422e+02, 5.45091510e-01, 1.57809985e+03,
       3.18323242e+02, 6.47363603e-01, 7.59828430e+02, 3.83103516e+02,
       7.73510993e-01, 7.62650330e+02, 3.44938904e+02, 8.19153428e-01,
       7.74566467e+02, 4.06598663e+02, 4.79589909e-01, 7.83408569e+02,
       3.21399506e+02, 5.80453694e-01, 1.63984119e+03, 2.85994110e+02,
       5.77627659e-01, 1.63405664e+03, 2.83005432e+02, 5.95262110e-01,
       1.61036853e+03, 3.27250366e+02, 3.32371056e-01, 1.61346094e+03,
       6.00949890e+02, 6.74878299e-01, 1.58994116e+03, 6.12660461e+02,
       6.02948248e-01, 1.57224731e+03, 5.59690369e+02, 4.11526561e-01 ]
