%YAML:1.0
---
pose_0: !!opencv-matrix
   rows: 1
   cols: 25
   dt: "3f"
   data: [ 6.92125854e+02, 5.39122559e+02, 2.65317231e-01,
       7.39346069e+02, 5.98039856e+02, 5.27157545e-01, 7.36289185e+02,
       6.68473206e+02, 6.46619499e-01, 8.83408875e+02, 7.27501343e+02,
       7.84158766e-01, 1.05132495e+03, 7.68676697e+02, 7.99367666e-01,
       7.39193848e+02, 5.33253784e+02, 2.46003941e-01, 0., 0., 0., 0.,
       0., 0., 1.06597205e+03, 5.74495850e+02, 4.22589242e-01,
       1.06892615e+03, 6.33325562e+02, 4.07739758e-01, 1.31029285e+03,
       6.27484070e+02, 5.30897021e-01, 1.62813196e+03, 6.50992981e+02,
       6.00131750e-01, 1.06884094e+03, 5.15531799e+02, 4.50688928e-01,
       1.31614209e+03, 4.77270203e+02, 4.45068419e-01, 1.56632959e+03,
       5.27231567e+02, 4.01302189e-01, 6.68598999e+02, 5.36202209e+02,
       2.20032886e-01, 6.80366760e+02, 5.27301025e+02, 1.17985196e-01,
       6.53937012e+02, 5.71486511e+02, 2.97112286e-01, 0., 0., 0.,
       1.65163037e+03, 4.62570831e+02, 2.35014439e-01, 1.64284814e+03,
       4.62570465e+02, 2.31126636e-01, 1.58694397e+03, 5.36194824e+02,
       2.86366165e-01, 1.74289929e+03, 6.42098633e+02, 3.48615915e-01,
       1.73117017e+03, 6.51001099e+02, 3.08784097e-01, 1.63995398e+03,
       6.45074951e+02, 2.90650040e-01 ]
