%YAML:1.0
---
pose_0: !!opencv-matrix
   rows: 1
   cols: 25
   dt: "3f"
   data: [ 6.80356995e+02, 5.03890320e+02, 8.19670916e-01,
       8.01073181e+02, 4.80146759e+02, 7.17722476e-01, 8.09822205e+02,
       5.53807312e+02, 5.75782597e-01, 9.51131775e+02, 6.27403320e+02,
       7.55671978e-01, 7.98165344e+02, 6.27441528e+02, 7.81560600e-01,
       8.04003601e+02, 3.89045441e+02, 6.92706525e-01, 9.51054260e+02,
       3.21444336e+02, 8.10925543e-01, 1.04546948e+03, 3.44884186e+02,
       8.58982325e-01, 1.08364844e+03, 5.24375671e+02, 5.73310435e-01,
       1.07188025e+03, 5.74334290e+02, 6.11298859e-01, 1.29549487e+03,
       6.21413513e+02, 2.57212728e-01, 1.48681189e+03, 6.00925232e+02,
       1.16999663e-01, 1.09239282e+03, 4.59666107e+02, 5.33989310e-01,
       1.34556067e+03, 5.06862152e+02, 5.51863670e-01, 1.65755872e+03,
       4.80234985e+02, 3.24583411e-01, 6.65701294e+02, 5.24291382e+02,
       7.73028135e-01, 6.65709106e+02, 4.83116547e+02, 8.44216526e-01,
       6.92216492e+02, 5.30444763e+02, 1.58613726e-01, 6.89213989e+02,
       4.42026001e+02, 5.86448848e-01, 1.79878711e+03, 4.56592468e+02,
       1.82510197e-01, 1.79587000e+03, 4.56599518e+02, 1.84909359e-01,
       1.66344482e+03, 4.80238312e+02, 1.63238645e-01, 0., 0., 0., 0.,
       0., 0., 1.63692554e+03, 5.47907532e+02, 8.07735920e-02 ]
