%YAML:1.0
---
pose_0: !!opencv-matrix
   rows: 1
   cols: 25
   dt: "3f"
   data: [ 7.65890686e+02, 4.86194214e+02, 8.42805207e-01,
       8.36318542e+02, 4.53655945e+02, 6.23653173e-01, 8.24644592e+02,
       4.97895538e+02, 3.80274385e-01, 0., 0., 0., 0., 0., 0.,
       8.48110352e+02, 3.91920166e+02, 6.87720656e-01, 9.27719482e+02,
       3.91915802e+02, 7.13450491e-01, 1.06881311e+03, 4.12497314e+02,
       8.47907662e-01, 1.11597949e+03, 5.00846039e+02, 5.52183330e-01,
       1.11596387e+03, 5.47867004e+02, 5.95327854e-01, 1.31029456e+03,
       5.80406555e+02, 7.90348172e-01, 1.54568640e+03, 6.53869080e+02,
       6.54944837e-01, 1.11596484e+03, 4.56644073e+02, 5.65728068e-01,
       1.35139160e+03, 4.33270416e+02, 7.48392105e-01, 1.56340088e+03,
       4.33173859e+02, 6.34110570e-01, 7.56912354e+02, 4.97941742e+02,
       7.62111962e-01, 7.59814514e+02, 4.74367188e+02, 7.60165334e-01,
       0., 0., 0., 7.65684814e+02, 4.36005249e+02, 6.67801321e-01,
       1.62813086e+03, 4.09648651e+02, 3.16740394e-01, 1.62218787e+03,
       4.09534851e+02, 3.44639629e-01, 1.58690857e+03, 4.33177948e+02,
       2.10216925e-01, 1.63100476e+03, 6.50965942e+02, 3.33294928e-01,
       1.61930542e+03, 6.71569641e+02, 3.42219412e-01, 1.56928088e+03,
       6.56835022e+02, 3.33239496e-01 ]
