%YAML:1.0
---
pose_0: !!opencv-matrix
   rows: 1
   cols: 25
   dt: "3f"
   data: [ 7.42323181e+02, 4.94924316e+02, 8.06842387e-01,
       8.59833496e+02, 5.03775269e+02, 7.46610999e-01, 8.60034241e+02,
       5.71430969e+02, 6.73527896e-01, 1.00409955e+03, 6.00969299e+02,
       7.88765967e-01, 1.12190894e+03, 6.59759338e+02, 7.68302619e-01,
       8.56869507e+02, 4.33125427e+02, 6.28850818e-01, 1.00418585e+03,
       3.88936859e+02, 7.92922735e-01, 1.14243396e+03, 3.62439697e+02,
       8.72364998e-01, 1.12776221e+03, 5.03867920e+02, 5.82881272e-01,
       1.12479736e+03, 5.53774048e+02, 6.13201141e-01, 1.33080103e+03,
       6.18626282e+02, 7.19328701e-01, 1.54278967e+03, 6.71524658e+02,
       5.88837683e-01, 1.13069434e+03, 4.53702026e+02, 5.28687000e-01,
       1.33094495e+03, 4.56809845e+02, 7.40324974e-01, 1.56637683e+03,
       4.68489716e+02, 6.50854230e-01, 7.33321533e+02, 5.06808838e+02,
       8.30207348e-01, 7.33406799e+02, 4.77258698e+02, 8.04310918e-01,
       7.45178772e+02, 5.30337219e+02, 4.47268009e-01, 7.56883789e+02,
       4.50743927e+02, 5.78924894e-01, 1.63707568e+03, 4.44924164e+02,
       4.30041403e-01, 1.63401721e+03, 4.42027710e+02, 4.65000451e-01,
       1.59866724e+03, 4.77293396e+02, 3.35786194e-01, 1.61351685e+03,
       6.50909851e+02, 4.05899018e-01, 1.61333936e+03, 6.65702454e+02,
       3.03717762e-01, 1.56930750e+03, 6.68626953e+02, 2.73509562e-01 ]
