%YAML:1.0
---
pose_0: !!opencv-matrix
   rows: 1
   cols: 25
   dt: "3f"
   data: [ 7.03960693e+02, 5.47838928e+02, 8.11864018e-01,
       8.15724121e+02, 5.53931091e+02, 7.85919964e-01, 8.09841064e+02,
       6.42157288e+02, 7.14180946e-01, 9.07117615e+02, 7.12669617e+02,
       7.53277123e-01, 1.00127679e+03, 7.33354126e+02, 8.30280423e-01,
       8.33350037e+02, 4.80341705e+02, 7.36460149e-01, 9.62913757e+02,
       4.36181244e+02, 7.98515141e-01, 1.05420776e+03, 3.83020355e+02,
       7.66879380e-01, 1.06894812e+03, 5.74391846e+02, 6.06240094e-01,
       1.07177722e+03, 6.21421448e+02, 6.09329581e-01, 1.28968201e+03,
       6.45162048e+02, 6.85580492e-01, 1.52221497e+03, 6.74515503e+02,
       6.20625138e-01, 1.07180066e+03, 5.24441833e+02, 6.04131639e-01,
       1.28671362e+03, 4.86111298e+02, 5.59621751e-01, 1.50154688e+03,
       4.77282867e+02, 5.41893244e-01, 6.92055359e+02, 5.53879272e+02,
       8.32478404e-01, 6.95183655e+02, 5.27260315e+02, 8.65887284e-01,
       7.06911255e+02, 5.77530701e+02, 5.45019925e-01, 7.24571472e+02,
       5.03720398e+02, 6.01513207e-01, 1.59276135e+03, 4.36138580e+02,
       5.19880772e-01, 1.58692346e+03, 4.36030090e+02, 5.16967773e-01,
       1.53099292e+03, 4.83196899e+02, 2.50695169e-01, 1.57808337e+03,
       7.18661255e+02, 2.93228418e-01, 0., 0., 0., 1.56036938e+03,
       6.65695618e+02, 4.35296088e-01 ]
