%YAML:1.0
---
pose_0: !!opencv-matrix
   rows: 2
   cols: 25
   dt: "3f"
   data: [ 0., 0., 0., 7.33362793e+02, 5.12631531e+02, 9.63679254e-02,
       6.68565125e+02, 5.97997681e+02, 5.53229041e-02, 7.86449951e+02,
       8.74625122e+02, 6.58084214e-01, 6.21412964e+02, 9.24673828e+02,
       6.98406219e-01, 0., 0., 0., 0., 0., 0., 0., 0., 0.,
       1.08360266e+03, 5.09704742e+02, 1.33091107e-01, 1.08066675e+03,
       5.65614197e+02, 1.08600229e-01, 1.10129260e+03, 6.51021545e+02,
       2.59287715e-01, 1.48682825e+03, 6.06818298e+02, 7.58331418e-02,
       1.05419946e+03, 4.56647797e+02, 1.92649469e-01, 1.16010229e+03,
       3.85951385e+02, 1.83216438e-01, 1.38676453e+03, 2.88857666e+02,
       5.18209226e-02, 0., 0., 0., 0., 0., 0., 0., 0., 0., 0., 0., 0.,
       0., 0., 0., 0., 0., 0., 1.40168384e+03, 2.94938629e+02,
       6.77762479e-02, 0., 0., 0., 0., 0., 0., 0., 0., 0., 0., 0., 0.,
       0., 0., 0., 0., 0., 0., 0., 0., 0., 0., 0., 0., 7.03953003e+02,
       4.39113922e+02, 1.61968261e-01, 6.98062500e+02, 5.06805542e+02,
       4.57678378e-01, 4.71378601e+02, 6.48095764e+02, 3.55826437e-01,
       0., 0., 0., 0., 0., 0., 0., 0., 0., 0., 0., 0., 0., 0., 0., 0.,
       0., 0., 0., 0., 0., 0., 0., 0., 0., 0., 0., 0., 0., 0., 0., 0.,
       0., 0., 0., 0., 0., 0., 0., 0., 0., 0., 0., 0., 0., 0., 0., 0.,
       0., 0., 0. ]
