%YAML:1.0
---
pose_0: !!opencv-matrix
   rows: 1
   cols: 25
   dt: "3f"
   data: [ 7.80481812e+02, 4.97959015e+02, 7.77222276e-01,
       8.80512878e+02, 5.06833832e+02, 7.21059859e-01, 8.65781433e+02,
       5.74525085e+02, 6.56634331e-01, 9.80626709e+02, 6.21603516e+02,
       2.85900593e-01, 1.02473132e+03, 6.44953003e+02, 1.33115157e-01,
       8.83469116e+02, 4.36189392e+02, 4.61797953e-01, 1.03942139e+03,
       4.15536865e+02, 6.72080219e-01, 1.16303894e+03, 3.68466675e+02,
       8.20811331e-01, 1.14548035e+03, 5.68585571e+02, 5.95184505e-01,
       1.14247278e+03, 6.18492493e+02, 5.23696065e-01, 1.34845715e+03,
       6.44919189e+02, 6.90768003e-01, 1.53980078e+03, 6.95207764e+02,
       5.87651730e-01, 1.15719324e+03, 5.15565186e+02, 5.84518254e-01,
       1.33678418e+03, 4.56552948e+02, 7.27666497e-01, 1.55745251e+03,
       4.50799622e+02, 6.19255543e-01, 7.62853943e+02, 5.09642578e+02,
       7.95809805e-01, 7.65670654e+02, 4.80239349e+02, 8.34316373e-01,
       7.86227112e+02, 5.30317261e+02, 6.06906593e-01, 7.86279053e+02,
       4.56622192e+02, 4.74795312e-01, 1.61634973e+03, 3.89000702e+02,
       1.30213648e-01, 1.61052563e+03, 3.91968353e+02, 1.25228837e-01,
       1.58686230e+03, 4.59593933e+02, 3.83849651e-01, 1.60750024e+03,
       6.89171265e+02, 4.19888467e-01, 1.59570801e+03, 6.98040100e+02,
       3.67087156e-01, 1.56333777e+03, 6.98099670e+02, 3.22401285e-01 ]
