%YAML:1.0
---
pose_0: !!opencv-matrix
   rows: 1
   cols: 25
   dt: "3f"
   data: [ 6.12672485e+02, 5.24417175e+02, 3.18560809e-01,
       6.92096313e+02, 4.42009552e+02, 4.60270345e-01, 6.56830750e+02,
       5.09741882e+02, 2.06298456e-01, 0., 0., 0., 0., 0., 0.,
       7.36236084e+02, 3.53730743e+02, 5.55494487e-01, 8.89317017e+02,
       2.71351166e+02, 7.37780333e-01, 1.02484692e+03, 1.80098587e+02,
       8.00481856e-01, 1.05122510e+03, 5.36180725e+02, 5.34394860e-01,
       1.03059448e+03, 5.97906738e+02, 5.13346493e-01, 1.32782678e+03,
       6.21609192e+02, 6.41016603e-01, 1.70459033e+03, 6.21560730e+02,
       5.71972430e-01, 1.07483521e+03, 4.77274200e+02, 4.62962776e-01,
       1.37504358e+03, 5.09744934e+02, 5.89128017e-01, 1.63694568e+03,
       4.62689819e+02, 4.65816587e-01, 5.97894775e+02, 5.27204651e+02,
       2.15034723e-01, 6.00895081e+02, 5.03834137e+02, 2.81551242e-01,
       0., 0., 0., 6.12692627e+02, 4.59624908e+02, 3.38457763e-01,
       1.72229150e+03, 4.30228607e+02, 5.09708047e-01, 1.71348425e+03,
       4.30166138e+02, 5.17171681e-01, 1.68992004e+03, 4.77282043e+02,
       2.17763647e-01, 1.83121448e+03, 5.89148499e+02, 1.29766807e-01,
       1.82236096e+03, 6.06832703e+02, 9.13430229e-02, 1.72812183e+03,
       6.12686462e+02, 2.13286534e-01 ]
