%YAML:1.0
---
pose_0: !!opencv-matrix
   rows: 1
   cols: 25
   dt: "3f"
   data: [ 7.45221619e+02, 3.56596069e+02, 8.09856117e-01,
       8.74633789e+02, 4.03745392e+02, 7.03499973e-01, 8.57079285e+02,
       4.83156036e+02, 8.09904158e-01, 9.98259521e+02, 5.27228210e+02,
       8.61852229e-01, 1.08654297e+03, 4.36031616e+02, 7.93754697e-01,
       8.83442810e+02, 3.30129272e+02, 6.37123108e-01, 1.02771851e+03,
       2.91733368e+02, 7.79085696e-01, 1.14546375e+03, 2.44621857e+02,
       8.20655644e-01, 1.14247925e+03, 3.68428314e+02, 5.66119194e-01,
       1.15422668e+03, 4.15595795e+02, 5.46419322e-01, 1.32782446e+03,
       4.59572418e+02, 7.49017060e-01, 1.54278516e+03, 5.33282532e+02,
       6.24539852e-01, 1.14246802e+03, 3.18389252e+02, 6.11936510e-01,
       1.33381030e+03, 2.94837463e+02, 3.30581933e-01, 1.56632483e+03,
       2.80129089e+02, 5.71056724e-01, 7.36299255e+02, 3.68390167e+02,
       8.34539354e-01, 7.39376770e+02, 3.38898407e+02, 8.76519084e-01,
       7.48096924e+02, 3.97812775e+02, 6.43918455e-01, 7.65842529e+02,
       3.21292206e+02, 4.10506934e-01, 1.63703748e+03, 2.50719955e+02,
       3.81016284e-01, 1.63686499e+03, 2.47784485e+02, 3.91488612e-01,
       1.58397522e+03, 2.74279053e+02, 2.81216234e-01, 1.61353760e+03,
       5.47954773e+02, 4.46914464e-01, 1.61050330e+03, 5.53885742e+02,
       4.49876398e-01, 1.56922058e+03, 5.33250916e+02, 3.58023643e-01 ]
