%YAML:1.0
---
pose_0: !!opencv-matrix
   rows: 1
   cols: 25
   dt: "3f"
   data: [ 7.39346802e+02, 5.06737793e+02, 9.16437149e-01,
       8.54063721e+02, 5.21496338e+02, 7.28904009e-01, 8.59866638e+02,
       6.09717957e+02, 6.77981555e-01, 9.74699097e+02, 6.24516785e+02,
       7.18148887e-01, 1.06007910e+03, 6.36214294e+02, 7.41516352e-01,
       8.60029053e+02, 4.36145325e+02, 6.83931530e-01, 9.74711121e+02,
       3.65456573e+02, 9.18254018e-01, 9.04186707e+02, 4.47867950e+02,
       8.63561928e-01, 1.11305945e+03, 5.12636169e+02, 5.31432748e-01,
       1.11305750e+03, 5.59675964e+02, 5.87217867e-01, 1.32202930e+03,
       5.77265381e+02, 7.45473564e-01, 1.56630786e+03, 6.03969727e+02,
       5.58996320e-01, 1.11012500e+03, 4.59622192e+02, 5.42377651e-01,
       1.35147754e+03, 4.56736237e+02, 6.17027402e-01, 1.53983667e+03,
       4.71469543e+02, 6.79373503e-01, 7.24553284e+02, 5.24288269e+02,
       7.89183438e-01, 7.33418213e+02, 4.86150055e+02, 8.32403958e-01,
       7.39362976e+02, 5.47871460e+02, 6.19525909e-01, 7.62696411e+02,
       4.62684052e+02, 6.53103828e-01, 1.60461963e+03, 4.59585175e+02,
       5.98774850e-01, 1.59867114e+03, 4.53679596e+02, 6.27690971e-01,
       1.56040967e+03, 4.83231598e+02, 4.08562720e-01, 1.65757739e+03,
       5.80292236e+02, 4.88541156e-01, 1.65455664e+03, 5.94994568e+02,
       3.94824088e-01, 1.60161792e+03, 6.06829895e+02, 2.35823184e-01 ]
