%YAML:1.0
---
pose_0: !!opencv-matrix
   rows: 1
   cols: 25
   dt: "3f"
   data: [ 7.21650940e+02, 5.30354736e+02, 7.75088608e-01,
       8.09773621e+02, 4.74338135e+02, 5.40173054e-01, 7.89304504e+02,
       4.86104919e+02, 3.35825980e-01, 0., 0., 0., 0., 0., 0.,
       8.18730957e+02, 4.62619995e+02, 6.95325494e-01, 9.51115051e+02,
       5.12626343e+02, 8.60883415e-01, 8.24570496e+02, 5.74280884e+02,
       7.91963339e-01, 1.10420337e+03, 4.56660187e+02, 2.94401079e-01,
       1.08655066e+03, 4.36053436e+02, 1.72233805e-01, 1.22489563e+03,
       4.50804413e+02, 1.00766085e-01, 0., 0., 0., 1.13656873e+03,
       4.62552765e+02, 3.10152709e-01, 1.33090576e+03, 5.27261047e+02,
       6.67150378e-01, 1.61348767e+03, 4.33043457e+02, 5.90536833e-01,
       7.15712708e+02, 5.27209106e+02, 6.22093827e-02, 7.18646179e+02,
       5.18453979e+02, 7.44877517e-01, 0., 0., 0., 7.39320251e+02,
       4.74360718e+02, 6.15942061e-01, 1.65760034e+03, 3.77213165e+02,
       3.15377980e-01, 1.66342688e+03, 3.80206604e+02, 2.79436111e-01,
       1.63992285e+03, 4.18489044e+02, 2.23896340e-01, 0., 0., 0., 0.,
       0., 0., 0., 0., 0. ]
