%YAML:1.0
---
pose_0: !!opencv-matrix
   rows: 1
   cols: 25
   dt: "3f"
   data: [ 6.92242371e+02, 4.53756561e+02, 8.53792787e-01,
       8.33474487e+02, 4.39012939e+02, 7.67418444e-01, 8.30510010e+02,
       5.30360779e+02, 6.97901487e-01, 9.30695374e+02, 6.36225525e+02,
       6.82557046e-01, 8.89368408e+02, 6.06846130e+02, 2.25990012e-01,
       8.48111694e+02, 3.44813751e+02, 6.75162077e-01, 9.68793640e+02,
       3.21264954e+02, 6.81126952e-01, 1.04835510e+03, 3.15498138e+02,
       8.90091598e-01, 1.11301697e+03, 4.68480865e+02, 5.38729548e-01,
       1.10123523e+03, 5.21423523e+02, 5.77652872e-01, 1.33075391e+03,
       5.30319031e+02, 7.08710313e-01, 1.51628284e+03, 5.50893860e+02,
       4.78669852e-01, 1.11601709e+03, 4.12487946e+02, 5.27497113e-01,
       1.33086121e+03, 4.15497040e+02, 6.02356851e-01, 1.58695422e+03,
       4.36237885e+02, 5.31392634e-01, 6.74579163e+02, 4.65567474e+02,
       7.74250031e-01, 6.77413208e+02, 4.30207001e+02, 8.13972592e-01,
       6.98000854e+02, 4.83242889e+02, 2.28050709e-01, 7.09772522e+02,
       3.89085236e+02, 5.25991321e-01, 1.64577332e+03, 4.12605011e+02,
       4.28224534e-01, 1.63703223e+03, 4.09657715e+02, 4.89272565e-01,
       1.63098083e+03, 4.50783752e+02, 2.82917589e-01, 1.58684802e+03,
       5.36218445e+02, 3.82218152e-01, 1.56924854e+03, 5.50932495e+02,
       3.33815485e-01, 1.54864038e+03, 5.42060669e+02, 2.26721898e-01 ]
