%YAML:1.0
---
pose_0: !!opencv-matrix
   rows: 1
   cols: 25
   dt: "3f"
   data: [ 7.59864685e+02, 3.65429901e+02, 8.66696179e-01,
       8.59938660e+02, 3.74322662e+02, 7.46520460e-01, 8.56895325e+02,
       4.42032104e+02, 6.69183075e-01, 7.95177856e+02, 5.77371887e+02,
       8.60776544e-01, 7.21688538e+02, 5.47915039e+02, 5.86109459e-01,
       8.74642517e+02, 2.94890259e+02, 6.72706962e-01, 9.09996582e+02,
       1.71154861e+02, 8.09015870e-01, 8.62864136e+02, 3.28279076e+01,
       8.44546437e-01, 1.11594531e+03, 3.85966705e+02, 5.84636569e-01,
       1.11304126e+03, 4.33128723e+02, 5.73393703e-01, 1.32781006e+03,
       4.53668365e+02, 6.89889908e-01, 1.53973718e+03, 4.65564728e+02,
       6.22385681e-01, 1.11594519e+03, 3.27226044e+02, 5.24659455e-01,
       1.33096326e+03, 3.15545471e+02, 7.46117234e-01, 1.56332861e+03,
       2.94788879e+02, 6.24776185e-01, 7.42178345e+02, 3.83119385e+02,
       7.86008775e-01, 7.42342468e+02, 3.44935944e+02, 7.60507643e-01,
       7.65700928e+02, 4.09692352e+02, 5.84320068e-01, 7.62838867e+02,
       3.24270599e+02, 2.97285020e-01, 1.63991821e+03, 2.71269226e+02,
       5.46230316e-01, 1.63410254e+03, 2.68337952e+02, 5.75905025e-01,
       1.59574072e+03, 3.00746460e+02, 2.40868717e-01, 1.60741711e+03,
       4.80158081e+02, 4.91941273e-01, 1.58996704e+03, 4.86129089e+02,
       4.66211319e-01, 1.56628577e+03, 4.53756165e+02, 3.42088431e-01 ]
