%YAML:1.0
---
pose_0: !!opencv-matrix
   rows: 1
   cols: 25
   dt: "3f"
   data: [ 7.62872559e+02, 6.09786926e+02, 8.37236881e-01,
       8.71663452e+02, 6.03858032e+02, 6.13001227e-01, 8.68723450e+02,
       6.68615967e+02, 4.93631393e-01, 1.00120898e+03, 6.92144958e+02,
       5.33357978e-01, 1.11889050e+03, 7.42135681e+02, 8.64936113e-01,
       8.80494568e+02, 5.36237549e+02, 6.32366300e-01, 1.02470203e+03,
       5.06653839e+02, 8.26721013e-01, 1.16317175e+03, 4.86164093e+02,
       8.30919921e-01, 1.12779932e+03, 6.21559387e+02, 6.12115562e-01,
       1.12189624e+03, 6.68635681e+02, 6.26035452e-01, 1.28961035e+03,
       6.74537415e+02, 4.06197369e-01, 1.51929956e+03, 6.45000977e+02,
       3.48277569e-01, 1.13662256e+03, 5.74377014e+02, 6.17273331e-01,
       1.30734973e+03, 6.24494751e+02, 6.50274158e-01, 1.55159875e+03,
       6.56837830e+02, 4.45471793e-01, 7.45223755e+02, 6.24430420e+02,
       8.25380981e-01, 7.48083740e+02, 5.94945251e+02, 8.16698194e-01,
       7.65688354e+02, 6.44994202e+02, 4.04385090e-01, 7.65776245e+02,
       5.68565125e+02, 5.54467440e-01, 1.63985205e+03, 6.50953308e+02,
       4.52809781e-01, 1.63700659e+03, 6.45130554e+02, 4.50479627e-01,
       1.58399390e+03, 6.77479126e+02, 2.76364326e-01, 0., 0., 0., 0.,
       0., 0., 0., 0., 0. ]
