%YAML:1.0
---
pose_0: !!opencv-matrix
   rows: 1
   cols: 25
   dt: "3f"
   data: [ 7.06893005e+02, 5.53901367e+02, 7.88837910e-01,
       8.06878662e+02, 4.83113037e+02, 5.45759618e-01, 7.98168030e+02,
       5.33259277e+02, 3.96381408e-01, 0., 0., 0., 0., 0., 0.,
       8.09782471e+02, 4.33236115e+02, 6.33470237e-01, 9.18792480e+02,
       3.85974884e+02, 7.65777349e-01, 1.06886877e+03, 4.18389709e+02,
       7.14756310e-01, 1.11008923e+03, 5.00825409e+02, 5.13232350e-01,
       1.09835608e+03, 5.47993530e+02, 5.72013915e-01, 1.29550110e+03,
       5.97824646e+02, 7.00591624e-01, 1.52513269e+03, 5.74412231e+02,
       5.00684321e-01, 1.11592151e+03, 4.42000519e+02, 5.10865748e-01,
       1.35450037e+03, 4.65530365e+02, 6.41688228e-01, 1.60165759e+03,
       4.68527710e+02, 5.21656930e-01, 0., 0., 0., 6.95047913e+02,
       5.36196106e+02, 7.62894154e-01, 0., 0., 0., 7.15690369e+02,
       4.97870758e+02, 5.74836016e-01, 1.66638123e+03, 4.24313354e+02,
       3.32427859e-01, 1.66050928e+03, 4.24350372e+02, 3.68634343e-01,
       1.64872375e+03, 5.00778351e+02, 2.27291599e-01, 1.61335388e+03,
       5.97958862e+02, 1.14520662e-01, 1.58980701e+03, 6.06865906e+02,
       1.21760674e-01, 1.56340051e+03, 5.53787598e+02, 2.80324727e-01 ]
