%YAML:1.0
---
pose_0: !!opencv-matrix
   rows: 1
   cols: 25
   dt: "3f"
   data: [ 4.56632355e+02, 5.71457153e+02, 2.96796799e-01,
       5.71444458e+02, 5.59713196e+02, 2.16483116e-01, 5.80359375e+02,
       6.44997070e+02, 1.15443408e-01, 7.50996338e+02, 7.42290588e+02,
       1.24006450e-01, 5.47951599e+02, 7.18669617e+02, 1.49151608e-01,
       5.71430237e+02, 4.86205627e+02, 2.03680530e-01, 7.62726318e+02,
       4.59651764e+02, 7.43833125e-01, 5.50873779e+02, 5.12652466e+02,
       4.61358249e-01, 1.01299054e+03, 5.56779358e+02, 1.05621681e-01,
       0., 0., 0., 0., 0., 0., 0., 0., 0., 1.03360010e+03,
       5.06712311e+02, 1.60684288e-01, 1.30727576e+03, 4.56765106e+02,
       1.67887628e-01, 1.52512219e+03, 4.36167297e+02, 2.39728585e-01,
       4.50811279e+02, 5.97960327e+02, 2.81403720e-01, 4.39030640e+02,
       5.68514648e+02, 1.90066308e-01, 4.77233490e+02, 5.97910828e+02,
       1.79534674e-01, 4.39048218e+02, 5.53898682e+02, 2.04711109e-01,
       1.52510254e+03, 4.77358612e+02, 5.54293357e-02, 0., 0., 0.,
       1.54865735e+03, 4.53725403e+02, 1.51018605e-01, 0., 0., 0., 0.,
       0., 0., 0., 0., 0. ]
