%YAML:1.0
---
pose_0: !!opencv-matrix
   rows: 1
   cols: 25
   dt: "3f"
   data: [ 7.42159546e+02, 3.24272797e+02, 7.62733519e-01,
       8.12797119e+02, 2.77202209e+02, 5.81215203e-01, 8.09801453e+02,
       3.15482971e+02, 4.23722148e-01, 9.07103882e+02, 3.91993896e+02,
       2.18293890e-01, 9.33525879e+02, 5.21498169e+02, 2.15030640e-01,
       8.21705139e+02, 2.44834091e+02, 7.40738869e-01, 9.07078369e+02,
       3.74292053e+02, 7.39277124e-01, 9.36528931e+02, 5.30197144e+02,
       6.91628873e-01, 1.11591125e+03, 3.06595245e+02, 5.33685088e-01,
       1.10718225e+03, 3.50734406e+02, 5.41196823e-01, 1.28664795e+03,
       4.80316498e+02, 7.92628884e-01, 1.48980249e+03, 4.80138397e+02,
       4.46808308e-01, 1.11888208e+03, 2.53643829e+02, 4.72148567e-01,
       1.33969617e+03, 2.21229736e+02, 1.58359975e-01, 1.39855261e+03,
       1.97683136e+02, 2.08994910e-01, 7.27488281e+02, 3.36023651e+02,
       6.62968099e-01, 7.30446533e+02, 3.09557892e+02, 6.92498684e-01,
       0., 0., 0., 7.39320740e+02, 2.71245148e+02, 6.44374728e-01,
       1.55746729e+03, 1.29958527e+02, 6.42184913e-02, 0., 0., 0.,
       1.40742566e+03, 2.15275772e+02, 6.54401705e-02, 0., 0., 0., 0.,
       0., 0., 1.52213892e+03, 4.77261475e+02, 3.14180046e-01 ]
