%YAML:1.0
---
pose_0: !!opencv-matrix
   rows: 1
   cols: 25
   dt: "3f"
   data: [ 6.92268188e+02, 4.53670959e+02, 8.03423882e-01,
       8.33354370e+02, 4.44981384e+02, 7.31868148e-01, 8.15833923e+02,
       5.30307678e+02, 7.07687080e-01, 9.07058350e+02, 6.27480164e+02,
       8.09614360e-01, 9.60041199e+02, 6.18605713e+02, 7.13880718e-01,
       8.51115723e+02, 3.62468079e+02, 6.74158037e-01, 1.00713287e+03,
       3.41952454e+02, 5.83817482e-01, 9.89420898e+02, 3.44935120e+02,
       2.00043336e-01, 1.11890601e+03, 4.71390167e+02, 5.10565817e-01,
       1.11012610e+03, 5.18489441e+02, 5.34693420e-01, 1.31021191e+03,
       5.33212891e+02, 7.11071849e-01, 1.56628992e+03, 5.62641357e+02,
       5.67331731e-01, 1.11898657e+03, 4.12589111e+02, 4.68922555e-01,
       1.36618579e+03, 4.15586639e+02, 4.70278293e-01, 1.57811060e+03,
       4.39053558e+02, 4.75830168e-01, 6.74554993e+02, 4.65579498e+02,
       6.66885078e-01, 6.74558594e+02, 4.30256134e+02, 8.04621994e-01,
       6.95214050e+02, 4.83231018e+02, 2.10448429e-01, 7.06890320e+02,
       4.00786652e+02, 4.34574902e-01, 1.64874487e+03, 4.09568207e+02,
       2.94116497e-01, 1.64287781e+03, 4.06667664e+02, 3.22515279e-01,
       1.61339124e+03, 4.59626404e+02, 2.38141105e-01, 1.66930408e+03,
       5.47910828e+02, 3.54497343e-01, 1.65454578e+03, 5.59749390e+02,
       3.12862754e-01, 1.59281702e+03, 5.53809570e+02, 2.87344038e-01 ]
