%YAML:1.0
---
pose_0: !!opencv-matrix
   rows: 1
   cols: 25
   dt: "3f"
   data: [ 7.51040344e+02, 5.74548889e+02, 8.57407451e-01,
       8.36361572e+02, 5.77499023e+02, 8.06698978e-01, 8.33313599e+02,
       6.42053528e+02, 7.51467228e-01, 9.51091187e+02, 6.65601807e+02,
       4.83196199e-01, 9.74672913e+02, 7.01007263e+02, 6.24148786e-01,
       8.51066895e+02, 5.18555725e+02, 6.87219739e-01, 9.74677795e+02,
       4.77251862e+02, 8.12575161e-01, 1.05420361e+03, 4.35977325e+02,
       8.59228730e-01, 1.11889429e+03, 5.92091187e+02, 6.12396002e-01,
       1.11604993e+03, 6.33276184e+02, 5.81887960e-01, 1.32500354e+03,
       6.45178650e+02, 7.30898380e-01, 1.51914819e+03, 6.39166443e+02,
       6.01527929e-01, 1.11899255e+03, 5.44997192e+02, 6.06018543e-01,
       1.32486365e+03, 5.30237915e+02, 7.71106005e-01, 1.53101160e+03,
       4.68475769e+02, 5.28631687e-01, 7.39182190e+02, 5.86169312e+02,
       7.73634732e-01, 7.42122986e+02, 5.53984802e+02, 8.46989512e-01,
       7.51030334e+02, 6.09741455e+02, 5.71071446e-01, 7.65720398e+02,
       5.36180664e+02, 6.49895132e-01, 1.61058337e+03, 4.68443542e+02,
       2.59128958e-01, 1.59289392e+03, 4.39061584e+02, 2.97707736e-01,
       1.56631702e+03, 4.39088165e+02, 2.56358653e-01, 1.57518945e+03,
       6.83357788e+02, 4.25710291e-01, 1.58104382e+03, 6.77425781e+02,
       4.39589500e-01, 1.54865906e+03, 6.15672058e+02, 4.24454272e-01 ]
