%YAML:1.0
---
pose_0: !!opencv-matrix
   rows: 1
   cols: 25
   dt: "3f"
   data: [ 7.59834717e+02, 4.77280518e+02, 8.08345556e-01,
       8.62907043e+02, 4.68528778e+02, 6.43045843e-01, 8.74659302e+02,
       5.30361938e+02, 6.27360880e-01, 1.00110327e+03, 5.74318115e+02,
       7.67046869e-01, 1.11299524e+03, 6.36262024e+02, 7.85154223e-01,
       8.59920532e+02, 4.09560760e+02, 5.79910696e-01, 1.00128003e+03,
       3.47845764e+02, 7.32044399e-01, 1.11901831e+03, 3.18264954e+02,
       8.19088757e-01, 1.13663843e+03, 4.86138489e+02, 5.90500534e-01,
       1.13069226e+03, 5.30426270e+02, 6.07704997e-01, 1.33087292e+03,
       6.03853516e+02, 7.93456197e-01, 1.54566309e+03, 6.65650818e+02,
       6.10560417e-01, 1.13948938e+03, 4.36130066e+02, 5.37996054e-01,
       1.34265198e+03, 4.41983185e+02, 6.47557259e-01, 1.58395300e+03,
       4.53683838e+02, 5.83885133e-01, 7.42243042e+02, 4.86237823e+02,
       7.85196900e-01, 7.42242981e+02, 4.56786987e+02, 8.41433048e-01,
       7.59834412e+02, 5.06720673e+02, 3.37161005e-01, 7.62748840e+02,
       4.30137115e+02, 6.66599035e-01, 1.63993262e+03, 4.15496002e+02,
       4.77723032e-01, 1.63686536e+03, 4.12676880e+02, 5.46952605e-01,
       1.62224268e+03, 4.59563721e+02, 3.15412819e-01, 1.61341040e+03,
       6.42161011e+02, 2.79945165e-01, 1.61040125e+03, 6.68648987e+02,
       2.36636758e-01, 1.57809631e+03, 6.71549133e+02, 2.53588945e-01 ]
