%YAML:1.0
---
pose_0: !!opencv-matrix
   rows: 1
   cols: 25
   dt: "3f"
   data: [ 7.18645630e+02, 3.85934540e+02, 6.90060318e-01,
       7.86382080e+02, 2.97810822e+02, 4.17641580e-01, 7.68703003e+02,
       3.09500702e+02, 2.09588677e-01, 0., 0., 0., 0., 0., 0.,
       8.06873657e+02, 2.94859772e+02, 5.95236897e-01, 9.09969910e+02,
       3.62568848e+02, 8.23469281e-01, 9.04143555e+02, 5.15610901e+02,
       7.95107305e-01, 1.09836865e+03, 3.47819000e+02, 3.25496346e-01,
       1.10129114e+03, 3.91987976e+02, 3.10421497e-01, 1.32196777e+03,
       5.09678619e+02, 4.89775896e-01, 1.51926611e+03, 5.65637390e+02,
       3.41539741e-01, 1.09839612e+03, 3.15459747e+02, 3.00813407e-01,
       1.32490967e+03, 5.18500122e+02, 5.08073986e-01, 1.56044678e+03,
       5.59673889e+02, 4.87977803e-01, 7.03920288e+02, 3.85989166e+02,
       1.10625498e-01, 7.06893921e+02, 3.65487030e+02, 6.29177272e-01,
       0., 0., 0., 7.15754089e+02, 3.24253204e+02, 6.09258831e-01,
       1.59278040e+03, 6.24460510e+02, 1.46669462e-01, 1.59866345e+03,
       6.15588196e+02, 1.28182992e-01, 1.58103528e+03, 5.47899719e+02,
       3.26091707e-01, 1.49276904e+03, 6.56860718e+02, 2.31797382e-01,
       1.48387878e+03, 6.50986938e+02, 2.04753458e-01, 0., 0., 0. ]
