%YAML:1.0
---
pose_0: !!opencv-matrix
   rows: 1
   cols: 25
   dt: "3f"
   data: [ 7.68764526e+02, 4.44926117e+02, 7.32838690e-01,
       8.65786804e+02, 4.41989258e+02, 5.38764298e-01, 8.56875793e+02,
       4.91988373e+02, 5.35569370e-01, 7.92215515e+02, 5.15554199e+02,
       5.63498855e-01, 6.74482117e+02, 5.06749908e+02, 4.18072879e-01,
       8.80543579e+02, 3.94883392e+02, 3.70032340e-01, 0., 0., 0., 0.,
       0., 0., 1.14546582e+03, 4.36175507e+02, 5.21169484e-01,
       1.14244910e+03, 4.89089935e+02, 5.17141759e-01, 1.28670813e+03,
       5.50945618e+02, 3.78481627e-01, 1.53687964e+03, 7.15693420e+02,
       4.49268878e-01, 1.14540698e+03, 3.83146637e+02, 5.07567585e-01,
       1.25432849e+03, 3.15412628e+02, 2.39843577e-01, 1.54273499e+03,
       2.00652466e+02, 1.39670551e-01, 7.56911011e+02, 4.59686493e+02,
       7.68767238e-01, 7.59773010e+02, 4.30192322e+02, 7.37829387e-01,
       7.65735840e+02, 4.83096527e+02, 2.38281593e-01, 7.80505188e+02,
       3.92060242e+02, 4.99367028e-01, 0., 0., 0., 0., 0., 0.,
       1.56041553e+03, 2.03591415e+02, 1.47360608e-01, 1.61348462e+03,
       6.98098877e+02, 2.91170448e-01, 1.61039404e+03, 7.12762451e+02,
       2.20733583e-01, 1.55162354e+03, 7.39237305e+02, 3.06464136e-01 ]
