%YAML:1.0
---
pose_0: !!opencv-matrix
   rows: 1
   cols: 25
   dt: "3f"
   data: [ 6.86295044e+02, 5.30273499e+02, 7.61814654e-01,
       7.62907715e+02, 4.62666840e+02, 4.32251960e-01, 7.59834900e+02,
       4.59649078e+02, 3.20829570e-01, 9.12912537e+02, 5.15546692e+02,
       6.08038977e-02, 9.89425110e+02, 5.98006348e+02, 1.22004136e-01,
       7.71618469e+02, 4.65595398e+02, 5.54607272e-01, 9.07093018e+02,
       5.12600525e+02, 6.94996357e-01, 1.00110730e+03, 6.03821899e+02,
       7.25838721e-01, 1.08065979e+03, 4.33170227e+02, 2.74563640e-01,
       1.08067615e+03, 4.24338898e+02, 1.96119085e-01, 1.36024207e+03,
       4.83126251e+02, 4.28609282e-01, 1.64576965e+03, 4.09692749e+02,
       3.21179658e-01, 1.08948779e+03, 4.30204926e+02, 2.49740064e-01,
       1.35150391e+03, 4.97950378e+02, 4.13782358e-01, 1.65461169e+03,
       4.09661621e+02, 2.21158400e-01, 0., 0., 0., 6.71615540e+02,
       5.09663757e+02, 7.52019584e-01, 0., 0., 0., 6.92228516e+02,
       4.65587982e+02, 6.22264385e-01, 1.72821826e+03, 3.59558960e+02,
       2.11274222e-01, 1.73110120e+03, 3.62535034e+02, 1.81368291e-01,
       0., 0., 0., 1.72818652e+03, 3.59614929e+02, 3.31266791e-01,
       1.72528296e+03, 3.68400818e+02, 2.56113648e-01, 1.70167871e+03,
       4.33082764e+02, 7.61857703e-02 ]
