%YAML:1.0
---
pose_0: !!opencv-matrix
   rows: 1
   cols: 25
   dt: "3f"
   data: [ 6.92111938e+02, 4.62633728e+02, 8.75208139e-01,
       7.83450073e+02, 4.47857788e+02, 7.25655675e-01, 7.68687988e+02,
       5.06688507e+02, 7.05136538e-01, 8.65840698e+02, 5.47964417e+02,
       6.54005766e-01, 9.54192261e+02, 5.97830017e+02, 5.55227876e-01,
       7.95232422e+02, 3.77205658e+02, 5.92525303e-01, 9.39387573e+02,
       3.42072174e+02, 7.34522641e-01, 1.09249780e+03, 3.38949463e+02,
       8.04787755e-01, 1.07774365e+03, 4.68480774e+02, 4.86513227e-01,
       1.06894849e+03, 5.15545105e+02, 4.47177708e-01, 1.32787524e+03,
       5.39113586e+02, 2.43999749e-01, 0., 0., 0., 1.08950073e+03,
       4.15553436e+02, 3.98116380e-01, 1.33966064e+03, 4.56718628e+02,
       3.34912151e-01, 1.57514526e+03, 4.15552856e+02, 3.43439430e-01,
       6.71619812e+02, 4.77347656e+02, 7.87049770e-01, 6.77421875e+02,
       4.39121582e+02, 7.85942852e-01, 6.92174561e+02, 4.89174072e+02,
       1.12144999e-01, 7.01020020e+02, 4.09524658e+02, 6.42290235e-01,
       1.67818835e+03, 4.44904968e+02, 4.22888190e-01, 1.68097534e+03,
       4.33104401e+02, 4.32165444e-01, 0., 0., 0., 0., 0., 0., 0., 0.,
       0., 0., 0., 0. ]
