%YAML:1.0
---
pose_0: !!opencv-matrix
   rows: 1
   cols: 25
   dt: "3f"
   data: [ 7.30459595e+02, 5.30190857e+02, 7.96504974e-01,
       8.06848389e+02, 5.06791595e+02, 7.98894584e-01, 8.01043335e+02,
       5.74376282e+02, 6.14762843e-01, 7.42155518e+02, 6.50920288e+02,
       7.92561948e-01, 6.36203247e+02, 6.24356812e+02, 7.41061926e-01,
       7.98149536e+02, 4.47832153e+02, 7.31632173e-01, 8.39274292e+02,
       5.03746155e+02, 7.96273828e-01, 8.56910889e+02, 6.27395874e+02,
       8.52715075e-01, 1.06007117e+03, 5.33305664e+02, 5.03843427e-01,
       1.05417432e+03, 5.80279175e+02, 5.26804984e-01, 1.26029321e+03,
       6.06871277e+02, 7.09906459e-01, 1.48682947e+03, 6.59772095e+02,
       6.17573380e-01, 1.06302515e+03, 4.83199036e+02, 5.38138509e-01,
       1.27201917e+03, 4.80236755e+02, 7.36265063e-01, 1.50454028e+03,
       4.56655182e+02, 6.38627172e-01, 7.18589355e+02, 5.36132996e+02,
       7.17338562e-01, 7.18690857e+02, 5.06860748e+02, 8.08317304e-01,
       7.36353149e+02, 5.53874817e+02, 1.34519875e-01, 7.39325256e+02,
       4.83136047e+02, 6.44805729e-01, 1.60450745e+03, 4.44935120e+02,
       4.36958015e-01, 1.59575635e+03, 4.36049774e+02, 4.37867075e-01,
       1.52217505e+03, 4.42035339e+02, 2.23452806e-01, 1.57215747e+03,
       6.86227295e+02, 5.54547906e-01, 1.56329761e+03, 6.89199646e+02,
       5.60941994e-01, 1.51327649e+03, 6.45056824e+02, 3.72050494e-01 ]
