%YAML:1.0
---
pose_0: !!opencv-matrix
   rows: 1
   cols: 25
   dt: "3f"
   data: [ 5.56856201e+02, 5.00857880e+02, 1.98124707e-01,
       6.42149841e+02, 5.68513062e+02, 2.35557944e-01, 6.15648010e+02,
       6.36230652e+02, 1.50175422e-01, 8.39368164e+02, 8.56998657e+02,
       7.53900170e-01, 6.74525146e+02, 8.98122009e+02, 4.18563128e-01,
       6.71618896e+02, 5.00824768e+02, 3.14027339e-01, 7.86377319e+02,
       5.03836517e+02, 6.95585608e-01, 5.50919373e+02, 6.06879944e+02,
       6.58259988e-01, 8.30462585e+02, 6.48050903e+02, 9.40828770e-02,
       7.98118530e+02, 6.95129944e+02, 8.50425735e-02, 6.50929382e+02,
       7.24561951e+02, 2.39060998e-01, 7.92226074e+02, 8.48189453e+02,
       8.90684351e-02, 8.45228455e+02, 6.03906311e+02, 8.78341720e-02,
       0., 0., 0., 0., 0., 0., 5.39145447e+02, 5.06664764e+02,
       1.42278433e-01, 5.53851746e+02, 4.86131744e+02, 1.16548218e-01,
       5.53815369e+02, 5.42072754e+02, 6.89364672e-02, 0., 0., 0., 0.,
       0., 0., 0., 0., 0., 0., 0., 0., 0., 0., 0., 0., 0., 0., 0., 0.,
       0. ]
