%YAML:1.0
---
pose_0: !!opencv-matrix
   rows: 1
   cols: 25
   dt: "3f"
   data: [ 7.12784485e+02, 5.30215515e+02, 8.96277845e-01,
       8.24644104e+02, 5.30326111e+02, 6.71475291e-01, 8.15786499e+02,
       6.03842896e+02, 4.13858920e-01, 9.04128052e+02, 6.95066650e+02,
       2.07967088e-01, 9.04078003e+02, 6.98059448e+02, 3.03588778e-01,
       8.39377502e+02, 4.50786224e+02, 6.48974419e-01, 9.89434753e+02,
       4.09572937e+02, 7.64383197e-01, 1.08364514e+03, 4.27293121e+02,
       7.68887937e-01, 1.09539148e+03, 5.68562134e+02, 5.92736065e-01,
       1.08359460e+03, 6.21512939e+02, 5.75695753e-01, 1.30734961e+03,
       6.33265198e+02, 3.25660914e-01, 1.58102820e+03, 6.45045593e+02,
       2.85298914e-01, 1.10127905e+03, 5.06710754e+02, 5.89405954e-01,
       1.32197534e+03, 5.09666901e+02, 5.83910465e-01, 1.52212939e+03,
       5.30260376e+02, 4.44465816e-01, 6.95067017e+02, 5.47988281e+02,
       8.27497125e-01, 6.98083069e+02, 5.09765839e+02, 8.07543457e-01,
       7.12794861e+02, 5.71469849e+02, 5.46946526e-01, 7.21585571e+02,
       4.86228943e+02, 6.05759025e-01, 1.62224951e+03, 5.62687256e+02,
       8.23261887e-02, 0., 0., 0., 1.54574329e+03, 5.24416809e+02,
       2.29382336e-01, 1.66056177e+03, 6.59816528e+02, 2.09064439e-01,
       1.65171045e+03, 6.68619019e+02, 1.79221541e-01, 1.59867798e+03,
       6.42082336e+02, 1.77147940e-01 ]
