%YAML:1.0
---
pose_0: !!opencv-matrix
   rows: 1
   cols: 25
   dt: "3f"
   data: [ 0., 0., 0., 9.48183289e+02, 5.36130432e+02, 2.47776061e-01,
       9.01099426e+02, 5.77313599e+02, 3.26365411e-01, 8.01056213e+02,
       5.53828430e+02, 5.29034674e-01, 0., 0., 0., 9.92376282e+02,
       4.97881805e+02, 1.47198811e-01, 1.07182471e+03, 5.12598938e+02,
       5.65575622e-02, 0., 0., 0., 1.13947388e+03, 5.89110779e+02,
       4.93604660e-01, 1.12486206e+03, 6.24447937e+02, 4.91969258e-01,
       1.38679138e+03, 5.06659149e+02, 7.00751543e-01, 1.64283313e+03,
       7.21682373e+02, 5.48198342e-01, 1.14539111e+03, 5.47983093e+02,
       4.44037139e-01, 1.38680823e+03, 5.06799438e+02, 4.33870614e-01,
       1.63396179e+03, 7.15625366e+02, 1.03328504e-01, 0., 0., 0., 0.,
       0., 0., 9.01119385e+02, 5.06707245e+02, 7.67826587e-02, 0., 0.,
       0., 0., 0., 0., 0., 0., 0., 1.66046729e+03, 7.62682129e+02,
       9.80498791e-02, 1.68106226e+03, 6.83323914e+02, 2.38168597e-01,
       1.68099365e+03, 7.12728455e+02, 2.15823740e-01, 1.66044604e+03,
       7.53959167e+02, 4.69494432e-01 ]
