%YAML:1.0
---
pose_0: !!opencv-matrix
   rows: 1
   cols: 25
   dt: "3f"
   data: [ 7.15768921e+02, 5.21381714e+02, 8.40672016e-01,
       8.51106018e+02, 5.53933716e+02, 7.06530869e-01, 8.51113586e+02,
       6.44962830e+02, 7.03897953e-01, 9.83572388e+02, 6.74609009e+02,
       7.16033995e-01, 1.11907373e+03, 7.18676514e+02, 8.47674072e-01,
       8.54030579e+02, 4.80190033e+02, 6.46231949e-01, 1.01887946e+03,
       4.36166656e+02, 8.16631019e-01, 1.15134851e+03, 4.12470703e+02,
       8.13320696e-01, 1.12184204e+03, 5.56752014e+02, 5.78465462e-01,
       1.11887573e+03, 6.06819580e+02, 5.55963993e-01, 1.33081433e+03,
       6.15672119e+02, 6.27210557e-01, 1.54577625e+03, 6.36245422e+02,
       5.72771847e-01, 1.12481567e+03, 5.03760345e+02, 5.52116871e-01,
       1.35144678e+03, 4.59673523e+02, 6.78045034e-01, 1.60166724e+03,
       4.12495453e+02, 5.49761653e-01, 7.09770752e+02, 5.33323303e+02,
       7.47834861e-01, 7.06886047e+02, 5.03915131e+02, 8.45309615e-01,
       7.18805420e+02, 5.68495605e+02, 6.67336226e-01, 7.33394043e+02,
       4.86226685e+02, 3.48846167e-01, 1.70473303e+03, 4.09655853e+02,
       2.51530111e-01, 1.70457092e+03, 4.03736420e+02, 2.32226565e-01,
       1.61345459e+03, 3.94928436e+02, 2.22970814e-01, 1.62519153e+03,
       6.06830322e+02, 5.86415470e-01, 1.61346826e+03, 6.21579224e+02,
       5.36487103e-01, 1.56637988e+03, 6.44982910e+02, 3.09761286e-01 ]
