%YAML:1.0
---
pose_0: !!opencv-matrix
   rows: 1
   cols: 25
   dt: "3f"
   data: [ 7.65642883e+02, 5.18455017e+02, 6.82081103e-01,
       8.48149231e+02, 4.47910919e+02, 4.73464400e-01, 8.39346924e+02,
       4.44949402e+02, 3.89689952e-01, 9.57046387e+02, 5.27358582e+02,
       1.67875811e-01, 8.80444946e+02, 5.39132263e+02, 2.95351148e-01,
       8.54035828e+02, 4.53709808e+02, 7.13965416e-01, 9.77535767e+02,
       5.30360474e+02, 8.43407691e-01, 8.51102783e+02, 5.71426819e+02,
       7.48108029e-01, 1.11889148e+03, 4.15519226e+02, 5.50767243e-01,
       1.13364490e+03, 3.88913086e+02, 5.53906977e-01, 1.26316113e+03,
       4.50791840e+02, 1.05774909e-01, 0., 0., 0., 1.10713904e+03,
       4.47892120e+02, 4.10188347e-01, 1.35430664e+03, 4.91975098e+02,
       6.30254805e-01, 1.63104175e+03, 4.21359131e+02, 4.28508043e-01,
       7.53982849e+02, 5.09758820e+02, 7.29509518e-02, 7.56902832e+02,
       5.03651611e+02, 6.42366350e-01, 0., 0., 0., 7.65808411e+02,
       4.56642914e+02, 6.20392382e-01, 1.68111560e+03, 3.80213165e+02,
       3.35078388e-01, 1.68104810e+03, 3.83147705e+02, 3.10034007e-01,
       1.65755042e+03, 4.30196747e+02, 1.91789106e-01, 0., 0., 0., 0.,
       0., 0., 0., 0., 0. ]
