%YAML:1.0
---
pose_0: !!opencv-matrix
   rows: 1
   cols: 25
   dt: "3f"
   data: [ 7.65819031e+02, 4.36154358e+02, 5.70194364e-01,
       8.33492615e+02, 3.86168213e+02, 6.29789710e-01, 8.15814331e+02,
       4.21368164e+02, 3.79583240e-01, 7.68671021e+02, 4.59666962e+02,
       1.51002288e-01, 0., 0., 0., 8.53987244e+02, 3.53719452e+02,
       6.30061567e-01, 9.57024048e+02, 3.47826935e+02, 7.62944102e-01,
       9.30548035e+02, 5.06829712e+02, 7.87381291e-01, 1.14539917e+03,
       4.12510223e+02, 3.86127740e-01, 1.15131152e+03, 4.56776306e+02,
       3.73913854e-01, 1.35441235e+03, 5.47843323e+02, 7.51208782e-01,
       1.56332251e+03, 5.53853455e+02, 7.55496740e-01, 1.14253601e+03,
       3.62489075e+02, 3.36425483e-01, 1.37491809e+03, 3.03638794e+02,
       4.45796877e-01, 1.56932532e+03, 1.59477280e+02, 4.04475689e-01,
       7.45202454e+02, 4.42001343e+02, 3.20054680e-01, 7.56881409e+02,
       4.21361969e+02, 5.20146728e-01, 0., 0., 0., 7.62861938e+02,
       3.88941925e+02, 6.49200380e-01, 1.65455261e+03, 1.12371864e+02,
       1.25974163e-01, 0., 0., 0., 1.58690051e+03, 1.50569656e+02,
       1.87386140e-01, 1.58680640e+03, 6.24375366e+02, 6.49815500e-01,
       1.56926099e+03, 6.21384949e+02, 5.98644674e-01, 1.58685217e+03,
       5.36127014e+02, 5.73727906e-01 ]
