%YAML:1.0
---
pose_0: !!opencv-matrix
   rows: 1
   cols: 25
   dt: "3f"
   data: [ 7.00977966e+02, 4.50838715e+02, 7.78525949e-01,
       8.09999939e+02, 4.27258545e+02, 6.62956476e-01, 7.95176880e+02,
       4.94933441e+02, 5.21246910e-01, 9.09961121e+02, 5.30234863e+02,
       3.04038465e-01, 1.05419971e+03, 5.59692139e+02, 6.89484239e-01,
       8.30510559e+02, 3.50774445e+02, 5.52891731e-01, 9.83525391e+02,
       3.38970703e+02, 7.18227386e-01, 1.14249512e+03, 3.38887085e+02,
       7.32042134e-01, 1.12484985e+03, 4.65496155e+02, 5.82838178e-01,
       1.11304504e+03, 5.12598755e+02, 5.99368215e-01, 1.30423291e+03,
       6.09780518e+02, 7.47742116e-01, 1.49278699e+03, 5.53733093e+02,
       6.53467953e-01, 1.13957568e+03, 4.09694244e+02, 5.20927787e-01,
       1.37494275e+03, 4.24322968e+02, 5.90878665e-01, 1.60455249e+03,
       4.18467590e+02, 4.92972523e-01, 6.89176331e+02, 4.62633698e+02,
       7.20587790e-01, 6.89255432e+02, 4.30137207e+02, 8.26520801e-01,
       7.12800903e+02, 4.80148590e+02, 1.52648076e-01, 7.12723450e+02,
       3.88905457e+02, 6.55986071e-01, 1.68106091e+03, 4.56793823e+02,
       1.19806431e-01, 1.65759143e+03, 3.91959503e+02, 1.71731666e-01,
       1.63697815e+03, 4.00785706e+02, 2.17393816e-01, 1.57804700e+03,
       5.62644165e+02, 1.37644172e-01, 1.54277478e+03, 5.83233826e+02,
       1.41615093e-01, 1.51917981e+03, 5.33189026e+02, 4.57901955e-01 ]
