%YAML:1.0
---
pose_0: !!opencv-matrix
   rows: 1
   cols: 25
   dt: "3f"
   data: [ 7.18628357e+02, 5.06809418e+02, 8.55550945e-01,
       8.30438354e+02, 4.86115448e+02, 5.43801129e-01, 8.36362732e+02,
       5.53795105e+02, 2.64285177e-01, 0., 0., 0., 0., 0., 0.,
       8.33439453e+02, 4.15463440e+02, 5.90702772e-01, 9.92332520e+02,
       3.68449188e+02, 7.16272414e-01, 1.13949866e+03, 3.38899323e+02,
       8.63203466e-01, 1.11607373e+03, 5.06824493e+02, 5.86124241e-01,
       1.11600256e+03, 5.53955627e+02, 6.02789819e-01, 1.33673596e+03,
       5.50916809e+02, 6.15063429e-01, 1.59867151e+03, 5.27402405e+02,
       5.71693838e-01, 1.11891711e+03, 4.56698517e+02, 5.85630059e-01,
       1.32494739e+03, 4.50784210e+02, 6.53801203e-01, 1.52509570e+03,
       4.12645721e+02, 4.80173558e-01, 7.01060852e+02, 5.24357666e+02,
       7.56212473e-01, 7.03975464e+02, 4.86083008e+02, 7.61900485e-01,
       7.18758057e+02, 5.33334229e+02, 1.59383640e-01, 7.21557190e+02,
       4.56684509e+02, 6.06655598e-01, 1.61348071e+03, 4.06711243e+02,
       4.79376763e-01, 1.61051929e+03, 4.00748352e+02, 4.98278141e-01,
       1.55744897e+03, 4.09610626e+02, 1.93821907e-01, 1.67522534e+03,
       5.77407410e+02, 3.43477368e-01, 1.67521204e+03, 5.77295044e+02,
       3.32000464e-01, 1.63396997e+03, 5.06635925e+02, 4.04709518e-01 ]
