%YAML:1.0
---
pose_0: !!opencv-matrix
   rows: 2
   cols: 25
   dt: "3f"
   data: [ 5.65608337e+02, 5.77516846e+02, 3.65547270e-01,
       7.09844604e+02, 5.33259094e+02, 9.56661329e-02, 7.09787842e+02,
       5.97980103e+02, 3.52727145e-01, 8.09786255e+02, 5.62662781e+02,
       5.25192261e-01, 6.50952209e+02, 3.68383820e+02, 6.27164245e-01,
       6.98012329e+02, 6.00880005e+02, 1.79534987e-01, 0., 0., 0., 0.,
       0., 0., 0., 0., 0., 0., 0., 0., 0., 0., 0., 0., 0., 0., 0., 0.,
       0., 0., 0., 0., 0., 0., 0., 0., 0., 0., 5.53798401e+02,
       5.68569519e+02, 3.12490880e-01, 0., 0., 0., 5.77443298e+02,
       5.42031128e+02, 4.29842114e-01, 0., 0., 0., 0., 0., 0., 0., 0.,
       0., 0., 0., 0., 0., 0., 0., 0., 0., 0., 0., 0., 0.,
       7.86387756e+02, 5.03771179e+02, 9.99659151e-02, 0., 0., 0., 0.,
       0., 0., 0., 0., 0., 0., 0., 0., 0., 0., 0., 0., 0., 0.,
       1.12483289e+03, 5.71434631e+02, 4.96053696e-01, 1.09541870e+03,
       6.33266541e+02, 4.79940891e-01, 1.37492017e+03, 7.62781799e+02,
       5.60410857e-01, 1.61337830e+03, 9.21681458e+02, 4.77559865e-01,
       1.15130945e+03, 4.97923523e+02, 4.12978828e-01, 1.41912488e+03,
       5.21395996e+02, 4.39436585e-01, 1.73997668e+03, 4.94963104e+02,
       4.69447225e-01, 0., 0., 0., 0., 0., 0., 0., 0., 0., 0., 0., 0.,
       1.85474866e+03, 5.15533325e+02, 1.24706507e-01, 0., 0., 0.,
       1.75764697e+03, 4.97904449e+02, 2.01144457e-01, 1.67521948e+03,
       9.71772644e+02, 5.22150919e-02, 0., 0., 0., 1.63702612e+03,
       9.24661804e+02, 3.44497263e-01 ]
