%YAML:1.0
---
pose_0: !!opencv-matrix
   rows: 1
   cols: 25
   dt: "3f"
   data: [ 0., 0., 0., 9.36488525e+02, 5.33288879e+02, 3.61745775e-01,
       9.01097778e+02, 5.71526672e+02, 4.22313720e-01, 8.12850952e+02,
       5.62683533e+02, 6.43227935e-01, 9.10048157e+02, 4.94995392e+02,
       6.21605754e-01, 9.77632813e+02, 5.03819397e+02, 2.66430378e-01,
       1.02169238e+03, 4.53738739e+02, 1.44168168e-01, 9.57135376e+02,
       4.56741791e+02, 1.59674585e-01, 1.15722095e+03, 5.71498474e+02,
       4.10869509e-01, 1.13656384e+03, 6.00947144e+02, 2.98381895e-01,
       1.39849780e+03, 5.27354736e+02, 8.44473720e-01, 1.63683948e+03,
       7.15678772e+02, 6.83547080e-01, 1.18369714e+03, 5.30371338e+02,
       3.34192216e-01, 1.40442786e+03, 5.03847931e+02, 3.61456305e-01,
       1.60456543e+03, 6.65627686e+02, 1.37126714e-01, 0., 0., 0., 0.,
       0., 0., 0., 0., 0., 0., 0., 0., 0., 0., 0., 0., 0., 0., 0., 0.,
       0., 1.68397119e+03, 7.21561218e+02, 4.05190289e-01,
       1.66643933e+03, 7.39142883e+02, 4.35492069e-01, 1.63990210e+03,
       7.36250000e+02, 4.37293291e-01 ]
