%YAML:1.0
---
pose_0: !!opencv-matrix
   rows: 1
   cols: 25
   dt: "3f"
   data: [ 8.33360291e+02, 5.09654175e+02, 8.44929993e-01,
       9.07093750e+02, 5.30378418e+02, 7.84485817e-01, 8.98149475e+02,
       5.86232056e+02, 6.77876115e-01, 7.86200623e+02, 6.36287048e+02,
       8.32380354e-01, 7.45184021e+02, 5.71488464e+02, 7.60758221e-01,
       9.21708862e+02, 4.80166016e+02, 6.89237237e-01, 9.09970276e+02,
       3.88941711e+02, 7.01846480e-01, 8.77644714e+02, 3.03659882e+02,
       6.24015033e-01, 1.18365503e+03, 5.30188110e+02, 5.49121022e-01,
       1.18075952e+03, 5.74461792e+02, 5.77786326e-01, 1.37505273e+03,
       6.51070435e+02, 7.64248550e-01, 1.52806995e+03, 6.45160828e+02,
       7.23901629e-01, 1.17777307e+03, 4.80145813e+02, 5.28711855e-01,
       1.37201367e+03, 4.89126251e+02, 7.47578740e-01, 1.56041040e+03,
       4.41990784e+02, 6.29518092e-01, 8.15794922e+02, 5.27356995e+02,
       8.10453892e-01, 8.18725220e+02, 4.97867737e+02, 7.56538987e-01,
       8.33434570e+02, 5.56737305e+02, 5.89347959e-01, 8.48104553e+02,
       4.83083008e+02, 3.25880259e-01, 1.62522034e+03, 4.24312805e+02,
       2.69614846e-01, 1.61350488e+03, 4.18427521e+02, 3.41710567e-01,
       1.59280298e+03, 4.30192444e+02, 2.31409237e-01, 1.58394543e+03,
       6.86304077e+02, 5.27639210e-01, 1.58104480e+03, 6.83330933e+02,
       5.13042510e-01, 1.55451196e+03, 6.24442932e+02, 5.17784119e-01 ]
