%YAML:1.0
---
pose_0: !!opencv-matrix
   rows: 1
   cols: 25
   dt: "3f"
   data: [ 7.09810364e+02, 5.47919678e+02, 7.91909158e-01,
       7.92189148e+02, 4.94919647e+02, 6.56178653e-01, 7.77513184e+02,
       5.53716614e+02, 6.73180163e-01, 8.59951843e+02, 5.95000671e+02,
       4.62123722e-01, 9.36458557e+02, 6.36268005e+02, 3.54616195e-01,
       8.06937073e+02, 4.36092010e+02, 5.24156034e-01, 9.27605225e+02,
       3.62363403e+02, 7.69147396e-01, 1.03949609e+03, 3.27180328e+02,
       7.81160772e-01, 1.09547046e+03, 5.09683685e+02, 5.85943341e-01,
       1.09240259e+03, 5.59725098e+02, 5.95077634e-01, 1.29844617e+03,
       5.94951233e+02, 7.15338588e-01, 1.60456580e+03, 6.47993408e+02,
       5.97170591e-01, 1.10712402e+03, 4.56643097e+02, 5.55345297e-01,
       1.32791418e+03, 4.71444214e+02, 6.60448670e-01, 1.58986743e+03,
       4.71404114e+02, 5.66064775e-01, 6.95012451e+02, 5.50821777e+02,
       7.01233387e-01, 6.98000977e+02, 5.27389160e+02, 8.03013623e-01,
       0., 0., 0., 7.15634155e+02, 4.83300629e+02, 6.79091811e-01,
       1.67516772e+03, 4.33168030e+02, 1.76103875e-01, 1.67223511e+03,
       4.33095856e+02, 1.97068095e-01, 1.64868835e+03, 5.00862000e+02,
       2.25822419e-01, 1.73699573e+03, 6.53924927e+02, 1.38934031e-01,
       0., 0., 0., 1.63695850e+03, 6.45044922e+02, 2.86116958e-01 ]
