%YAML:1.0
---
pose_0: !!opencv-matrix
   rows: 1
   cols: 25
   dt: "3f"
   data: [ 7.65669434e+02, 5.27295166e+02, 9.29674387e-01,
       8.80491394e+02, 4.86148712e+02, 6.46478951e-01, 8.83403015e+02,
       5.47944458e+02, 6.14736199e-01, 1.01006122e+03, 5.74354553e+02,
       4.29692775e-01, 1.09532959e+03, 6.09756042e+02, 4.24480021e-01,
       8.80539795e+02, 4.36012970e+02, 6.10404432e-01, 1.02481470e+03,
       4.06581573e+02, 4.36950445e-01, 1.15129224e+03, 4.12482239e+02,
       5.02919674e-01, 1.13660693e+03, 5.03708923e+02, 6.31543398e-01,
       1.13072803e+03, 5.42071899e+02, 6.00089610e-01, 1.32783459e+03,
       5.53882568e+02, 7.19078183e-01, 1.53982715e+03, 5.06874969e+02,
       5.61717153e-01, 1.14249207e+03, 4.59543091e+02, 6.30252838e-01,
       1.31612573e+03, 4.83267487e+02, 7.08579719e-01, 1.55751453e+03,
       4.36209137e+02, 5.25975645e-01, 7.45214294e+02, 5.27311096e+02,
       7.30608225e-01, 7.62679565e+02, 5.03725586e+02, 8.70695055e-01,
       0., 0., 0., 7.89315186e+02, 4.62565643e+02, 6.82253003e-01,
       1.63406274e+03, 3.97821075e+02, 1.86741754e-01, 1.63400293e+03,
       3.94938782e+02, 1.95923537e-01, 1.56639087e+03, 4.21400970e+02,
       2.54817098e-01, 1.58699731e+03, 5.24389648e+02, 9.01430622e-02,
       1.58103735e+03, 5.30293335e+02, 8.67717117e-02, 1.57810889e+03,
       5.06752686e+02, 3.62378597e-01 ]
