%YAML:1.0
---
pose_0: !!opencv-matrix
   rows: 1
   cols: 25
   dt: "3f"
   data: [ 0., 0., 0., 8.56881165e+02, 5.00888519e+02, 2.69390523e-01,
       8.48142029e+02, 5.06749268e+02, 1.24574229e-01, 8.71732300e+02,
       5.03852509e+02, 4.91710961e-01, 7.56969971e+02, 3.89007660e+02,
       7.71993816e-01, 8.65849670e+02, 4.83180267e+02, 1.71285003e-01,
       9.04081238e+02, 4.35972290e+02, 2.10627347e-01, 8.39358826e+02,
       4.12507568e+02, 3.06765825e-01, 1.06597424e+03, 5.74437744e+02,
       2.89430320e-01, 1.05418835e+03, 5.80336426e+02, 2.48335481e-01,
       1.32202734e+03, 5.30257996e+02, 7.25464165e-01, 1.63100220e+03,
       7.03921936e+02, 5.56982100e-01, 1.08656934e+03, 5.65608582e+02,
       2.13796496e-01, 1.31317102e+03, 5.15549988e+02, 1.43734947e-01,
       0., 0., 0., 0., 0., 0., 0., 0., 0., 0., 0., 0., 0., 0., 0., 0.,
       0., 0., 0., 0., 0., 0., 0., 0., 1.68410095e+03, 7.24546021e+02,
       2.71813393e-01, 1.66928015e+03, 7.39302734e+02, 3.19047660e-01,
       1.65166296e+03, 7.30421875e+02, 3.00978690e-01 ]
