%YAML:1.0
---
pose_0: !!opencv-matrix
   rows: 1
   cols: 25
   dt: "3f"
   data: [ 0., 0., 0., 5.77343262e+02, 5.06808105e+02, 1.33868009e-01,
       4.80189423e+02, 5.50828308e+02, 1.49225518e-01, 4.68442444e+02,
       6.03844543e+02, 1.17693774e-01, 0., 0., 0., 6.56847046e+02,
       4.59570343e+02, 1.79297656e-01, 8.18763245e+02, 4.15585724e+02,
       7.31470764e-01, 6.45101257e+02, 5.18562500e+02, 6.62273169e-01,
       1.07482239e+03, 6.51005493e+02, 3.98256630e-01, 1.06300122e+03,
       7.21582703e+02, 4.16420668e-01, 1.29554663e+03, 8.33354431e+02,
       2.96298593e-01, 1.37797595e+03, 8.36391479e+02, 6.63306043e-02,
       1.09246240e+03, 5.86182129e+02, 3.39801162e-01, 1.36613086e+03,
       6.42166138e+02, 4.78642583e-01, 1.75172644e+03, 6.68536621e+02,
       3.86642903e-01, 0., 0., 0., 0., 0., 0., 0., 0., 0., 0., 0., 0.,
       1.84590576e+03, 6.15592712e+02, 2.10413873e-01, 1.84881287e+03,
       6.15605957e+02, 1.96124867e-01, 1.77230298e+03, 6.95047546e+02,
       2.65601009e-01, 0., 0., 0., 0., 0., 0., 1.50156812e+03,
       7.71619446e+02, 7.17896819e-02 ]
