%YAML:1.0
---
pose_0: !!opencv-matrix
   rows: 1
   cols: 25
   dt: "3f"
   data: [ 7.77562927e+02, 5.56813904e+02, 8.27383459e-01,
       8.83528503e+02, 5.74341248e+02, 6.94599867e-01, 9.01070740e+02,
       6.42137756e+02, 5.90327799e-01, 1.02480481e+03, 6.83305847e+02,
       6.27692640e-01, 1.13067688e+03, 7.33292603e+02, 5.63734651e-01,
       8.80494629e+02, 5.06737885e+02, 6.40034676e-01, 1.03650952e+03,
       4.56654449e+02, 7.77631640e-01, 1.11891370e+03, 3.88920410e+02,
       8.70567143e-01, 1.14542444e+03, 5.77412170e+02, 6.22196078e-01,
       1.14244641e+03, 6.24439026e+02, 6.32671773e-01, 1.33378979e+03,
       6.47991333e+02, 5.05724132e-01, 1.52805957e+03, 6.45162964e+02,
       6.43664241e-01, 1.14836169e+03, 5.27406494e+02, 6.26737118e-01,
       1.30738599e+03, 5.42092834e+02, 6.61575198e-01, 1.51621973e+03,
       4.80288452e+02, 5.67867517e-01, 7.62788757e+02, 5.74539063e+02,
       8.49094748e-01, 7.65818359e+02, 5.42044434e+02, 8.15906048e-01,
       7.80429932e+02, 5.98087830e+02, 3.32337976e-01, 7.89316406e+02,
       5.18535400e+02, 5.32651782e-01, 1.61048962e+03, 4.39023376e+02,
       5.10860085e-01, 1.60460095e+03, 4.33233887e+02, 4.95452762e-01,
       1.52215686e+03, 4.68486115e+02, 1.87610090e-01, 1.58683948e+03,
       6.92075867e+02, 5.21784127e-01, 1.58681555e+03, 6.89153381e+02,
       4.99966562e-01, 1.55450476e+03, 6.24588379e+02, 5.08713126e-01 ]
