%YAML:1.0
---
pose_0: !!opencv-matrix
   rows: 1
   cols: 25
   dt: "3f"
   data: [ 7.53964355e+02, 5.53940857e+02, 8.58759820e-01,
       8.39337341e+02, 5.53735474e+02, 7.93189645e-01, 8.33303528e+02,
       6.09802612e+02, 7.02691734e-01, 9.92334412e+02, 6.47946106e+02,
       7.78837502e-01, 9.30654053e+02, 7.06832825e+02, 8.14788759e-01,
       8.59809082e+02, 4.92017944e+02, 7.15203285e-01, 9.74726990e+02,
       4.53704010e+02, 7.60909319e-01, 1.03653992e+03, 4.33170654e+02,
       7.85705686e-01, 1.11898743e+03, 5.62659607e+02, 5.77907503e-01,
       1.11895325e+03, 6.09731506e+02, 5.97082675e-01, 1.32791699e+03,
       6.27436462e+02, 6.27765477e-01, 1.51622998e+03, 6.24579956e+02,
       6.15154505e-01, 1.12481677e+03, 5.12610168e+02, 5.97501218e-01,
       1.32205127e+03, 5.09638367e+02, 7.19608903e-01, 1.49862134e+03,
       4.50848389e+02, 5.99858761e-01, 7.39280762e+02, 5.65645630e+02,
       7.95952082e-01, 7.42309753e+02, 5.36193237e+02, 8.11571658e-01,
       7.54010864e+02, 5.83260681e+02, 3.35010320e-01, 7.65853210e+02,
       5.15559265e+02, 6.65659308e-01, 1.56927856e+03, 3.97864746e+02,
       3.41704786e-01, 1.56631714e+03, 3.97890961e+02, 3.42503816e-01,
       1.50746289e+03, 4.33122437e+02, 2.13411659e-01, 1.57222400e+03,
       6.68570984e+02, 4.46001917e-01, 1.57518286e+03, 6.65603699e+02,
       4.52143073e-01, 1.54568298e+03, 6.06850220e+02, 4.06569630e-01 ]
