%YAML:1.0
---
pose_0: !!opencv-matrix
   rows: 1
   cols: 25
   dt: "3f"
   data: [ 7.71639526e+02, 5.30239807e+02, 7.85706341e-01,
       8.83572876e+02, 5.30209045e+02, 7.48359978e-01, 8.83530640e+02,
       6.00898193e+02, 7.14335561e-01, 1.00115979e+03, 6.89205566e+02,
       7.73862660e-01, 1.08942944e+03, 7.39202087e+02, 8.70425940e-01,
       8.92270142e+02, 4.56592621e+02, 5.73792458e-01, 1.00710699e+03,
       3.94906433e+02, 1.14077739e-01, 1.04821252e+03, 3.38893097e+02,
       1.82009101e-01, 1.14543213e+03, 5.68484070e+02, 6.09274983e-01,
       1.13947046e+03, 6.12675415e+02, 5.93291461e-01, 1.30430115e+03,
       6.45155640e+02, 5.82756877e-01, 1.51624255e+03, 6.80371155e+02,
       5.80197275e-01, 1.16009436e+03, 5.15596436e+02, 5.61728418e-01,
       1.37196973e+03, 5.00854340e+02, 6.62349761e-01, 1.55156726e+03,
       4.92048889e+02, 5.51599920e-01, 7.62761536e+02, 5.44941223e+02,
       6.21225357e-01, 7.62864075e+02, 5.09687714e+02, 7.60019541e-01,
       7.86350159e+02, 5.56767334e+02, 2.11172178e-01, 7.89273560e+02,
       4.83265686e+02, 5.35058737e-01, 1.61932568e+03, 4.44939056e+02,
       3.96705091e-01, 1.61336182e+03, 4.47864349e+02, 4.27566022e-01,
       1.58688110e+03, 4.97938568e+02, 3.02127838e-01, 1.56929077e+03,
       6.92157410e+02, 4.02689844e-01, 1.56626563e+03, 6.95191284e+02,
       3.49170178e-01, 1.53989258e+03, 6.71584717e+02, 4.22037452e-01 ]
