%YAML:1.0
---
pose_0: !!opencv-matrix
   rows: 1
   cols: 25
   dt: "3f"
   data: [ 7.27476685e+02, 4.56722229e+02, 8.12968552e-01,
       8.33431641e+02, 4.83309448e+02, 8.21552277e-01, 8.10017639e+02,
       5.53725342e+02, 8.42438102e-01, 9.39430908e+02, 6.03929016e+02,
       7.97088683e-01, 1.02766992e+03, 5.30230591e+02, 8.91611099e-01,
       8.54028748e+02, 4.21411194e+02, 6.11986697e-01, 9.54074219e+02,
       4.12577301e+02, 2.50645071e-01, 9.80588379e+02, 4.30207367e+02,
       8.46028849e-02, 1.09548755e+03, 5.09738892e+02, 5.60538352e-01,
       1.09245398e+03, 5.59781494e+02, 5.61663747e-01, 1.29552026e+03,
       5.65634888e+02, 7.04128265e-01, 1.51921667e+03, 6.15580994e+02,
       5.48753381e-01, 1.10418848e+03, 4.59696503e+02, 5.77051997e-01,
       1.32499475e+03, 4.53800842e+02, 7.32134104e-01, 1.52512695e+03,
       4.83334320e+02, 6.45492673e-01, 7.15649780e+02, 4.80226868e+02,
       8.30015659e-01, 7.15717712e+02, 4.42062744e+02, 7.49435902e-01,
       7.33297241e+02, 5.09740173e+02, 5.78342915e-01, 7.42181274e+02,
       4.30137024e+02, 2.56368756e-01, 1.61335779e+03, 4.30148987e+02,
       5.15501797e-01, 1.60752234e+03, 4.27304047e+02, 4.90001619e-01,
       1.55157336e+03, 5.09717010e+02, 3.31693739e-01, 1.61338257e+03,
       5.74412903e+02, 4.99205321e-01, 1.60749524e+03, 5.80379089e+02,
       3.63250375e-01, 1.55453467e+03, 6.18588623e+02, 2.56145447e-01 ]
