%YAML:1.0
---
pose_0: !!opencv-matrix
   rows: 1
   cols: 25
   dt: "3f"
   data: [ 7.86474304e+02, 4.53692078e+02, 8.75957608e-01,
       9.04082214e+02, 4.71377625e+02, 6.93421006e-01, 9.24606384e+02,
       5.50770142e+02, 6.32883370e-01, 1.02477795e+03, 6.06823608e+02,
       7.58257151e-01, 9.80629333e+02, 5.74327271e+02, 4.74111766e-01,
       8.98149536e+02, 3.94963562e+02, 5.95267892e-01, 9.98270569e+02,
       3.62525848e+02, 4.36549664e-01, 1.05422375e+03, 3.41811798e+02,
       5.62186182e-01, 1.16897729e+03, 4.80180115e+02, 6.20667219e-01,
       1.16310205e+03, 5.27261841e+02, 6.36477947e-01, 1.33087317e+03,
       5.18494080e+02, 1.98954210e-01, 1.39857104e+03, 4.83246796e+02,
       7.09425509e-02, 1.17485266e+03, 4.27224976e+02, 5.86861610e-01,
       1.35147070e+03, 4.59581909e+02, 5.32588363e-01, 1.57511060e+03,
       442., 4.83652353e-01, 7.71594055e+02, 4.62591339e+02,
       8.35757136e-01, 7.83343506e+02, 4.33148682e+02, 8.81067395e-01,
       7.86425659e+02, 4.89098785e+02, 4.72206771e-01, 8.06859375e+02,
       4.09611725e+02, 5.73943615e-01, 1.64578149e+03, 4.09579803e+02,
       4.21709716e-01, 1.63995239e+03, 4.06711639e+02, 3.96262765e-01,
       1.57515845e+03, 4.47882690e+02, 1.98701382e-01, 0., 0., 0., 0.,
       0., 0., 0., 0., 0. ]
