%YAML:1.0
---
pose_0: !!opencv-matrix
   rows: 1
   cols: 25
   dt: "3f"
   data: [ 7.95193665e+02, 4.15510956e+02, 8.36584806e-01,
       9.04075867e+02, 4.36090546e+02, 6.79192662e-01, 9.10066345e+02,
       5.15573730e+02, 5.74990034e-01, 1.02480725e+03, 5.44930908e+02,
       3.73387814e-01, 1.02773181e+03, 5.24348999e+02, 2.52476573e-01,
       9.01100708e+02, 3.68377441e+02, 5.79132795e-01, 1.06003601e+03,
       3.03606750e+02, 6.33991480e-01, 1.18653015e+03, 2.65377869e+02,
       7.89691031e-01, 1.16302368e+03, 4.06712372e+02, 5.91618419e-01,
       1.16017334e+03, 4.53783203e+02, 5.99652886e-01, 1.37506189e+03,
       5.30195251e+02, 7.80921221e-01, 1.54869397e+03, 5.65588013e+02,
       6.40605152e-01, 1.16299084e+03, 3.59502350e+02, 5.74968100e-01,
       1.38677258e+03, 3.42053680e+02, 5.50146639e-01, 1.58099609e+03,
       3.09556427e+02, 6.57830119e-01, 7.83445129e+02, 4.30200745e+02,
       7.83399999e-01, 7.89184204e+02, 3.97833710e+02, 8.39058578e-01,
       7.92195740e+02, 4.53638702e+02, 3.54648262e-01, 8.12863098e+02,
       3.74343719e+02, 6.65194273e-01, 1.64872070e+03, 2.65378326e+02,
       4.57523644e-01, 1.63986182e+03, 2.65437561e+02, 4.84539241e-01,
       1.61039844e+03, 3.00754242e+02, 2.70655632e-01, 1.61036206e+03,
       6.18549805e+02, 3.84275287e-01, 1.60454333e+03, 6.15639282e+02,
       3.39137286e-01, 1.58394202e+03, 5.50871094e+02, 4.87630308e-01 ]
