%YAML:1.0
---
pose_0: !!opencv-matrix
   rows: 1
   cols: 25
   dt: "3f"
   data: [ 6.95177734e+02, 5.50779297e+02, 6.99856997e-01,
       7.80415161e+02, 4.65541962e+02, 5.25954783e-01, 7.62833252e+02,
       5.03773865e+02, 3.89325887e-01, 0., 0., 0., 0., 0., 0.,
       7.95225403e+02, 4.36076569e+02, 5.36675215e-01, 9.24640442e+02,
       4.12645813e+02, 8.03619862e-01, 1.05419666e+03, 5.09767853e+02,
       7.17174470e-01, 1.05124585e+03, 4.77308502e+02, 2.83992440e-01,
       1.05711438e+03, 5.03750244e+02, 1.56618536e-01, 0., 0., 0., 0.,
       0., 0., 1.06890491e+03, 4.30215210e+02, 2.44865656e-01,
       1.31020007e+03, 5.71432434e+02, 7.84573376e-01, 1.60166064e+03,
       4.33078613e+02, 4.46881652e-01, 6.80443726e+02, 5.47968933e+02,
       8.73504728e-02, 6.86298462e+02, 5.30212158e+02, 6.63411319e-01,
       0., 0., 0., 6.95141602e+02, 4.83106079e+02, 6.01376951e-01,
       1.68114148e+03, 4.83296722e+02, 1.89921439e-01, 1.67813489e+03,
       4.80171631e+02, 1.66988775e-01, 1.63395752e+03, 3.92025665e+02,
       2.23174870e-01, 0., 0., 0., 0., 0., 0., 0., 0., 0. ]
