%YAML:1.0
---
pose_0: !!opencv-matrix
   rows: 1
   cols: 25
   dt: "3f"
   data: [ 7.65801208e+02, 3.85959595e+02, 8.72316480e-01,
       8.83463928e+02, 3.85999664e+02, 7.65172362e-01, 8.89329712e+02,
       4.71432953e+02, 6.83667421e-01, 1.01880402e+03, 5.06686279e+02,
       7.73669779e-01, 1.10713611e+03, 5.50744324e+02, 7.94018030e-01,
       8.83544250e+02, 3.00736237e+02, 6.86392248e-01, 9.83599182e+02,
       2.03639069e+02, 7.74278462e-01, 1.07777698e+03, 1.27058716e+02,
       8.07565570e-01, 1.14839685e+03, 3.41931396e+02, 5.46580017e-01,
       1.16010730e+03, 3.88949799e+02, 5.67381144e-01, 1.36319312e+03,
       4.36130676e+02, 7.78180182e-01, 1.55750195e+03, 5.30348022e+02,
       6.76227212e-01, 1.14250427e+03, 2.94759003e+02, 5.54139435e-01,
       1.33671655e+03, 2.71251556e+02, 7.33228207e-01, 1.57812231e+03,
       2.74214203e+02, 6.08295679e-01, 7.53979614e+02, 3.94889313e+02,
       8.04461539e-01, 7.59800659e+02, 3.65355896e+02, 8.62691164e-01,
       7.65813782e+02, 4.15518219e+02, 4.62184042e-01, 7.77471680e+02,
       3.38995392e+02, 5.44992387e-01, 1.63701001e+03, 2.71349335e+02,
       5.29546142e-01, 1.63685266e+03, 2.68208466e+02, 5.94020188e-01,
       1.60748169e+03, 2.88892609e+02, 2.69986212e-01, 1.61923779e+03,
       5.30318359e+02, 5.45903862e-01, 1.61043921e+03, 5.47892944e+02,
       5.32415867e-01, 1.57221863e+03, 5.47986755e+02, 3.88086230e-01 ]
