%YAML:1.0
---
pose_0: !!opencv-matrix
   rows: 1
   cols: 25
   dt: "3f"
   data: [ 7.53981323e+02, 4.30269867e+02, 8.06597114e-01,
       8.39291504e+02, 4.50831757e+02, 6.77681446e-01, 8.36335693e+02,
       5.03735077e+02, 8.28912437e-01, 9.30502991e+02, 4.36144012e+02,
       6.91560090e-01, 9.10032593e+02, 2.94772949e+02, 7.18314767e-01,
       8.42234985e+02, 3.97865814e+02, 4.79777128e-01, 1.00115094e+03,
       3.59482513e+02, 4.96510029e-01, 1.11608923e+03, 2.68422913e+02,
       4.18888927e-01, 1.12187256e+03, 4.56702057e+02, 5.69220841e-01,
       1.11897998e+03, 5.03875763e+02, 5.73925376e-01, 1.34261755e+03,
       5.83217896e+02, 6.11784279e-01, 1.51918018e+03, 6.68637878e+02,
       6.55653954e-01, 1.12485706e+03, 4.09569824e+02, 5.50968051e-01,
       1.33384741e+03, 3.35974792e+02, 5.06035924e-01, 1.54574060e+03,
       2.68297180e+02, 3.80733311e-01, 7.42107483e+02, 4.50818207e+02,
       7.95130789e-01, 7.42101196e+02, 4.15446381e+02, 8.09311509e-01,
       7.62746216e+02, 4.80348145e+02, 4.95185584e-01, 7.62765076e+02,
       3.91921600e+02, 2.28068158e-01, 0., 0., 0., 0., 0., 0.,
       1.55454272e+03, 2.68327515e+02, 2.78313220e-01, 1.60456812e+03,
       6.65703308e+02, 5.49382091e-01, 1.58993738e+03, 6.74510010e+02,
       5.29449522e-01, 1.53393420e+03, 6.83312866e+02, 4.47318196e-01 ]
