%YAML:1.0
---
pose_0: !!opencv-matrix
   rows: 1
   cols: 25
   dt: "3f"
   data: [ 7.83446838e+02, 5.15542542e+02, 8.45214009e-01,
       9.06951294e+02, 5.33328186e+02, 7.71341801e-01, 9.04140320e+02,
       6.21516846e+02, 6.66765749e-01, 1.02478198e+03, 6.62784973e+02,
       7.40231514e-01, 1.12489771e+03, 7.03990356e+02, 7.77188241e-01,
       9.15878418e+02, 4.59678009e+02, 6.93706572e-01, 1.04243689e+03,
       4.56695496e+02, 4.87068474e-01, 1.08071545e+03, 4.42011932e+02,
       5.21634877e-01, 1.15429236e+03, 5.53751587e+02, 6.28969193e-01,
       1.14546069e+03, 5.97995789e+02, 6.49153233e-01, 1.32790100e+03,
       6.27444092e+02, 4.06978905e-01, 1.51329834e+03, 6.74530457e+02,
       5.41489065e-01, 1.16300720e+03, 5.03877350e+02, 6.55956030e-01,
       1.37796619e+03, 4.89048370e+02, 5.70787668e-01, 1.54269592e+03,
       4.92057281e+02, 6.02300286e-01, 7.65719971e+02, 5.30261047e+02,
       8.32937658e-01, 7.68797485e+02, 5.00831696e+02, 8.63369942e-01,
       7.86304138e+02, 5.53818604e+02, 4.33816820e-01, 8.01018005e+02,
       4.74362640e+02, 5.82234383e-01, 1.61630322e+03, 4.56680054e+02,
       3.74243975e-01, 1.61046790e+03, 4.56592102e+02, 4.03017700e-01,
       1.56339722e+03, 4.86157837e+02, 2.77828038e-01, 1.56638000e+03,
       6.89248718e+02, 3.96019757e-01, 1.56036060e+03, 6.98052124e+02,
       3.48596066e-01, 1.53985266e+03, 6.68620911e+02, 3.64270449e-01 ]
