%YAML:1.0
---
pose_0: !!opencv-matrix
   rows: 1
   cols: 25
   dt: "3f"
   data: [ 8.01053528e+02, 5.03908203e+02, 8.69411826e-01,
       9.03958252e+02, 5.21426025e+02, 6.76160276e-01, 9.07081177e+02,
       5.92058655e+02, 6.35519385e-01, 1.00410950e+03, 6.47936951e+02,
       7.25155234e-01, 9.15895325e+02, 6.47964844e+02, 7.45931506e-01,
       9.01106018e+02, 4.56807190e+02, 6.24104142e-01, 1.02477771e+03,
       4.03672729e+02, 8.30726206e-01, 9.36419434e+02, 3.65598419e+02,
       8.32338214e-01, 1.15722900e+03, 5.27348999e+02, 6.12676322e-01,
       1.14837415e+03, 5.74312805e+02, 6.20118797e-01, 1.34262268e+03,
       6.21507019e+02, 7.07581401e-01, 1.53097034e+03, 6.47923706e+02,
       6.70984209e-01, 1.16302393e+03, 4.77342377e+02, 6.02710009e-01,
       1.37805652e+03, 4.65517975e+02, 6.62438512e-01, 1.56633032e+03,
       4.35984375e+02, 7.05015838e-01, 7.86437927e+02, 5.15599243e+02,
       7.80898988e-01, 7.86466431e+02, 4.86118896e+02, 8.21308196e-01,
       8.09756775e+02, 5.42005432e+02, 4.90204841e-01, 8.09852539e+02,
       4.65488037e+02, 6.13040209e-01, 1.63390002e+03, 4.53757629e+02,
       4.39307779e-01, 1.62808777e+03, 4.39001678e+02, 4.57825005e-01,
       1.58986353e+03, 4.15471924e+02, 3.33835900e-01, 1.57806738e+03,
       6.98026367e+02, 4.47356492e-01, 1.56632617e+03, 6.95159302e+02,
       4.12849933e-01, 1.56038428e+03, 6.27403931e+02, 5.30814528e-01 ]
