%YAML:1.0
---
pose_0: !!opencv-matrix
   rows: 1
   cols: 25
   dt: "3f"
   data: [ 7.92335327e+02, 5.15567871e+02, 6.79421604e-01,
       8.80478455e+02, 5.18460815e+02, 6.78869128e-01, 8.60005554e+02,
       5.74376282e+02, 6.19199276e-01, 7.65730713e+02, 5.95098572e+02,
       8.77641678e-01, 7.42140320e+02, 5.03832001e+02, 7.08823383e-01,
       8.86418152e+02, 4.56659882e+02, 5.39912045e-01, 9.04144409e+02,
       4.56799957e+02, 6.07155919e-01, 8.77578247e+02, 5.06657349e+02,
       4.19663042e-01, 1.16602209e+03, 5.30380066e+02, 5.51095963e-01,
       1.16306335e+03, 5.80275024e+02, 5.58864832e-01, 1.34264978e+03,
       6.36227112e+02, 5.92865229e-01, 1.52221252e+03, 6.48024353e+02,
       6.44745171e-01, 1.16900623e+03, 4.80331543e+02, 5.37495375e-01,
       1.35451782e+03, 4.86229645e+02, 7.89733469e-01, 1.56626331e+03,
       4.41980469e+02, 6.56640589e-01, 7.86216187e+02, 5.24419373e+02,
       6.11378670e-01, 7.89302673e+02, 5.00847870e+02, 7.77898490e-01,
       8.01033020e+02, 5.47962891e+02, 2.33026788e-01, 8.15863708e+02,
       4.83114380e+02, 5.54723442e-01, 1.62815747e+03, 4.15522369e+02,
       3.00249845e-01, 1.61638708e+03, 4.15473938e+02, 3.80329221e-01,
       1.59866333e+03, 4.33137238e+02, 2.69636691e-01, 1.57810706e+03,
       6.92248352e+02, 3.62689257e-01, 1.58097595e+03, 6.89260437e+02,
       3.66687417e-01, 1.55456702e+03, 6.30400146e+02, 4.30244952e-01 ]
