%YAML:1.0
---
pose_0: !!opencv-matrix
   rows: 1
   cols: 25
   dt: "3f"
   data: [ 7.59847107e+02, 3.89169342e+02, 8.94933820e-01,
       8.80532654e+02, 3.86148407e+02, 7.20090628e-01, 9.01065491e+02,
       4.80116760e+02, 6.86659515e-01, 1.02174188e+03, 5.06663330e+02,
       8.24672222e-01, 1.10714966e+03, 5.77269958e+02, 8.18207502e-01,
       8.80486389e+02, 3.00677551e+02, 6.53289735e-01, 9.65922668e+02,
       1.77027313e+02, 8.53184223e-01, 1.09533801e+03, 1.53472595e+02,
       8.41611207e-01, 1.15424146e+03, 3.56582306e+02, 5.55470347e-01,
       1.15422156e+03, 4.06628754e+02, 5.78893661e-01, 1.35740479e+03,
       4.56749298e+02, 7.13601530e-01, 1.53988184e+03, 5.30383423e+02,
       6.14667118e-01, 1.15426807e+03, 2.94892792e+02, 5.70154190e-01,
       1.35438232e+03, 2.91947784e+02, 7.04897404e-01, 1.57216003e+03,
       2.91734222e+02, 6.38601184e-01, 7.42172913e+02, 4.09584351e+02,
       8.62656236e-01, 7.45143616e+02, 3.71360992e+02, 8.30594122e-01,
       7.62908997e+02, 4.27195709e+02, 2.21876115e-01, 7.65723267e+02,
       3.47863037e+02, 5.37774980e-01, 1.63983813e+03, 2.65350739e+02,
       5.38118958e-01, 1.63407263e+03, 2.62393555e+02, 5.74681342e-01,
       1.60745313e+03, 2.94833984e+02, 2.42828146e-01, 1.61055554e+03,
       5.36209900e+02, 4.31980848e-01, 1.60162720e+03, 5.50940186e+02,
       3.99783492e-01, 1.56628406e+03, 5.33283447e+02, 3.52867961e-01 ]
