%YAML:1.0
---
pose_0: !!opencv-matrix
   rows: 1
   cols: 25
   dt: "3f"
   data: [ 7.42115723e+02, 5.36163452e+02, 9.00448382e-01,
       8.51055908e+02, 5.77291321e+02, 7.12911785e-01, 8.39347839e+02,
       6.39209412e+02, 6.76843107e-01, 9.39416443e+02, 6.68659485e+02,
       8.05757880e-01, 1.02767310e+03, 7.15729919e+02, 8.69165182e-01,
       8.56979004e+02, 5.18490417e+02, 6.07536793e-01, 9.21707520e+02,
       5.03674744e+02, 1.07720278e-01, 0., 0., 0., 1.11594153e+03,
       5.33270142e+02, 5.42214513e-01, 1.11597876e+03, 5.83271301e+02,
       5.81258178e-01, 1.32492529e+03, 6.12678406e+02, 6.69768453e-01,
       1.55451709e+03, 6.59835083e+02, 5.58304787e-01, 1.11009387e+03,
       4.80314087e+02, 5.87409914e-01, 1.32788135e+03, 4.53705414e+02,
       5.89252472e-01, 1.56341455e+03, 4.33195435e+02, 6.39190316e-01,
       7.21617188e+02, 5.50917053e+02, 8.76892924e-01, 7.39211365e+02,
       5.18541992e+02, 9.04990554e-01, 7.36351501e+02, 5.80300842e+02,
       7.39799559e-01, 7.65658569e+02, 5.03816010e+02, 6.44325137e-01,
       1.63710291e+03, 4.44938385e+02, 3.99023861e-01, 1.63690759e+03,
       4.33133484e+02, 4.51838046e-01, 1.57513879e+03, 4.15485931e+02,
       3.06909651e-01, 1.62808142e+03, 6.50985962e+02, 3.16153437e-01,
       1.62220251e+03, 6.68624817e+02, 3.07816625e-01, 1.58396497e+03,
       6.59821106e+02, 2.91147798e-01 ]
