%YAML:1.0
---
pose_0: !!opencv-matrix
   rows: 1
   cols: 25
   dt: "3f"
   data: [ 6.77436279e+02, 5.21414856e+02, 3.11741590e-01,
       7.74592529e+02, 5.00824951e+02, 5.64960897e-01, 7.65776917e+02,
       6.15582825e+02, 5.38791180e-01, 9.04014893e+02, 6.50912720e+02,
       6.46143138e-01, 1.08659314e+03, 7.27477417e+02, 7.75225818e-01,
       7.95190186e+02, 3.83061005e+02, 4.68801558e-01, 9.51195374e+02,
       3.21302612e+02, 6.18048728e-01, 1.12487195e+03, 2.33002151e+02,
       1.32235780e-01, 1.09247241e+03, 4.80280487e+02, 3.91834706e-01,
       1.08949158e+03, 5.42028687e+02, 3.39093268e-01, 1.37794373e+03,
       5.50925964e+02, 5.65668464e-01, 1.64578674e+03, 5.47948792e+02,
       5.70082009e-01, 1.09237280e+03, 4.18488342e+02, 3.89120966e-01,
       1.21310583e+03, 3.44830841e+02, 3.62861842e-01, 1.47506702e+03,
       2.47763733e+02, 1.02882564e-01, 6.42088257e+02, 5.27264221e+02,
       3.77055436e-01, 6.56838745e+02, 4.86116608e+02, 2.39549175e-01,
       6.47976379e+02, 5.50905212e+02, 1.76078886e-01, 6.47991882e+02,
       4.30253967e+02, 2.53864229e-01, 0., 0., 0., 0., 0., 0., 0., 0.,
       0., 1.74871594e+03, 5.77349792e+02, 4.55908239e-01,
       1.73117371e+03, 5.80334717e+02, 4.61853415e-01, 1.66048254e+03,
       5.27411011e+02, 4.47786033e-01 ]
