%YAML:1.0
---
pose_0: !!opencv-matrix
   rows: 1
   cols: 25
   dt: "3f"
   data: [ 7.42135864e+02, 5.27435181e+02, 9.22956228e-01,
       8.57033203e+02, 5.45038635e+02, 7.53035843e-01, 8.59837158e+02,
       6.21426575e+02, 7.30203271e-01, 9.83580383e+02, 6.53889832e+02,
       5.69495261e-01, 1.10717651e+03, 6.62728455e+02, 4.01039571e-01,
       8.62910828e+02, 4.68434875e+02, 6.58520401e-01, 1.00715497e+03,
       4.59748138e+02, 8.09596181e-01, 9.39419495e+02, 5.03734253e+02,
       8.64859104e-01, 1.13947449e+03, 5.30232544e+02, 5.85015416e-01,
       1.13073474e+03, 5.77267883e+02, 6.17206991e-01, 1.32494006e+03,
       5.98102661e+02, 6.98698103e-01, 1.58103857e+03, 6.36215149e+02,
       4.56784695e-01, 1.13951221e+03, 4.80186401e+02, 5.66450357e-01,
       1.35435669e+03, 4.80148987e+02, 6.48024499e-01, 1.54286511e+03,
       4.83077515e+02, 6.92375481e-01, 7.24547729e+02, 5.36255920e+02,
       8.00215602e-01, 7.36317810e+02, 5.06665527e+02, 8.88508499e-01,
       7.42178162e+02, 5.59771912e+02, 4.96381998e-01, 7.62736084e+02,
       4.83198181e+02, 7.00567782e-01, 1.61342322e+03, 4.59662292e+02,
       4.99423742e-01, 1.61036511e+03, 4.56616638e+02, 5.17901540e-01,
       1.56920630e+03, 4.80288574e+02, 2.72955954e-01, 1.67516138e+03,
       6.21429626e+02, 3.83134842e-01, 1.66637878e+03, 6.30334351e+02,
       3.15088034e-01, 1.61344470e+03, 6.33297852e+02, 2.11003840e-01 ]
