%YAML:1.0
---
pose_0: !!opencv-matrix
   rows: 1
   cols: 25
   dt: "3f"
   data: [ 7.01062195e+02, 5.27346008e+02, 7.48961568e-01,
       8.15858337e+02, 5.27279297e+02, 6.83248699e-01, 8.27550598e+02,
       5.80283264e+02, 5.73307395e-01, 9.48163635e+02, 6.48172913e+02,
       7.98798501e-01, 8.18787231e+02, 5.89106934e+02, 7.18967676e-01,
       8.06891357e+02, 4.68496185e+02, 5.54785073e-01, 8.39341919e+02,
       4.18458008e+02, 5.85871756e-01, 9.10062439e+02, 3.77242126e+02,
       7.17526674e-01, 1.11307568e+03, 5.42067444e+02, 5.03271282e-01,
       1.11006128e+03, 5.97930481e+02, 5.51223755e-01, 1.35729956e+03,
       6.27369385e+02, 5.43612659e-01, 1.59572400e+03, 5.97883057e+02,
       3.99871886e-01, 1.11594775e+03, 4.77222107e+02, 5.19143999e-01,
       1.31029956e+03, 5.18548218e+02, 5.45462191e-01, 1.66050342e+03,
       5.06639160e+02, 6.06828690e-01, 6.92195618e+02, 5.36239197e+02,
       6.96123481e-01, 6.95080200e+02, 5.06694672e+02, 7.59738088e-01,
       7.15597534e+02, 5.53973633e+02, 2.73591846e-01, 7.15725952e+02,
       4.83138641e+02, 4.67016488e-01, 1.74291443e+03, 4.59678467e+02,
       2.33314976e-01, 1.72820105e+03, 4.59547974e+02, 2.32487544e-01,
       1.68108887e+03, 5.24392517e+02, 3.46989542e-01, 1.68996655e+03,
       5.97976990e+02, 1.22175120e-01, 1.67816614e+03, 6.15600464e+02,
       1.46237552e-01, 1.69578955e+03, 5.95011597e+02, 2.12732747e-01 ]
