%YAML:1.0
---
pose_0: !!opencv-matrix
   rows: 1
   cols: 25
   dt: "3f"
   data: [ 7.65811218e+02, 4.80138855e+02, 7.15211332e-01,
       8.59921326e+02, 4.80267914e+02, 7.00498998e-01, 8.77598267e+02,
       5.47919495e+02, 4.72341061e-01, 1.04522485e+03, 5.92030029e+02,
       7.14257836e-01, 1.02173987e+03, 5.56742493e+02, 6.06660068e-01,
       8.59866028e+02, 4.18429413e+02, 6.01858318e-01, 9.51218689e+02,
       3.18365723e+02, 8.47668469e-01, 9.86460693e+02, 3.44869476e+02,
       8.12586069e-01, 1.14541345e+03, 5.03798218e+02, 5.27707219e-01,
       1.14245178e+03, 5.53778381e+02, 5.02198339e-01, 1.32495703e+03,
       5.62633972e+02, 2.35524267e-01, 1.50449316e+03, 5.74521240e+02,
       5.49620986e-01, 1.15421716e+03, 4.50761292e+02, 5.06991446e-01,
       1.34846252e+03, 4.83224640e+02, 7.19985247e-01, 1.56932495e+03,
       4.74316071e+02, 5.97868860e-01, 7.59810547e+02, 4.83325165e+02,
       6.32423878e-01, 7.59833069e+02, 4.62608490e+02, 6.38761401e-01,
       7.65810486e+02, 5.06787506e+02, 3.38579208e-01, 7.71655823e+02,
       4.53643433e+02, 6.22135758e-01, 1.63392065e+03, 4.36020294e+02,
       5.34263730e-01, 1.62805237e+03, 4.33221130e+02, 5.35108089e-01,
       1.60453943e+03, 4.83202911e+02, 3.51513684e-01, 1.56640002e+03,
       5.71467407e+02, 3.62411976e-01, 1.56042334e+03, 5.77445801e+02,
       3.18462938e-01, 1.53392310e+03, 5.68529541e+02, 3.29474092e-01 ]
