%YAML:1.0
---
pose_0: !!opencv-matrix
   rows: 1
   cols: 25
   dt: "3f"
   data: [ 6.33290222e+02, 5.30297729e+02, 8.23193729e-01,
       7.68725342e+02, 5.53954468e+02, 6.40491784e-01, 7.65840759e+02,
       6.42145691e+02, 5.65196872e-01, 9.27721924e+02, 6.89272827e+02,
       7.58878648e-01, 1.08357410e+03, 6.56866089e+02, 7.68717766e-01,
       7.74554626e+02, 4.97945740e+02, 4.78749216e-01, 8.71723511e+02,
       4.65584747e+02, 2.59692758e-01, 7.62708496e+02, 5.30183167e+02,
       2.26058170e-01, 1.08952502e+03, 5.50954956e+02, 5.63512087e-01,
       1.07186450e+03, 6.06795532e+02, 5.58479905e-01, 1.36028870e+03,
       6.24387390e+02, 7.44514704e-01, 1.60161499e+03, 6.71669434e+02,
       5.35218358e-01, 1.09832629e+03, 4.89105042e+02, 5.14495254e-01,
       1.32794690e+03, 4.56562164e+02, 5.79843819e-01, 1.65753186e+03,
       4.15548889e+02, 5.10316908e-01, 6.21420410e+02, 5.51004333e+02,
       8.28200221e-01, 6.21606934e+02, 5.09704376e+02, 7.94169068e-01,
       6.42166809e+02, 5.80406860e+02, 5.05195498e-01, 6.56879517e+02,
       4.86193085e+02, 5.69789112e-01, 1.76055688e+03, 3.97827911e+02,
       1.55215338e-01, 1.75761719e+03, 3.89064941e+02, 1.54813558e-01,
       1.68111511e+03, 4.33170685e+02, 2.72304714e-01, 1.71936499e+03,
       6.27489502e+02, 3.80416274e-01, 1.71352246e+03, 6.42084351e+02,
       2.90709078e-01, 1.63107190e+03, 6.83330933e+02, 2.58548886e-01 ]
