%YAML:1.0
---
pose_0: !!opencv-matrix
   rows: 1
   cols: 25
   dt: "3f"
   data: [ 4.71397308e+02, 5.27237976e+02, 2.84339488e-01,
       6.39186462e+02, 4.80259155e+02, 2.24136487e-01, 6.50971436e+02,
       5.56750488e+02, 2.08430141e-01, 7.21559998e+02, 6.59782776e+02,
       5.71054459e-01, 4.97929688e+02, 6.00860657e+02, 4.65019584e-01,
       6.24439209e+02, 4.12581390e+02, 5.72641864e-02, 0., 0., 0., 0.,
       0., 0., 1.03360730e+03, 5.33274780e+02, 4.30366218e-01,
       1.00126013e+03, 6.06769958e+02, 3.42886120e-01, 1.03066626e+03,
       6.86262451e+02, 3.74610990e-01, 1.33677246e+03, 6.27461426e+02,
       5.33020273e-02, 1.04826624e+03, 4.68448059e+02, 3.64518225e-01,
       1.35737817e+03, 4.92045288e+02, 3.49861056e-01, 1.73405103e+03,
       4.86196594e+02, 4.45639282e-01, 4.50824310e+02, 5.30311462e+02,
       7.65000731e-02, 4.94966400e+02, 5.06699524e+02, 7.08388016e-02,
       0., 0., 0., 0., 0., 0., 1.86351941e+03, 5.27248596e+02,
       7.41695464e-02, 0., 0., 0., 1.73997546e+03, 4.83234131e+02,
       1.49576545e-01, 0., 0., 0., 0., 0., 0., 0., 0., 0. ]
