%YAML:1.0
---
pose_0: !!opencv-matrix
   rows: 1
   cols: 25
   dt: "3f"
   data: [ 7.42166565e+02, 3.65570709e+02, 8.56216550e-01,
       8.56907410e+02, 3.65464600e+02, 8.03108811e-01, 8.54008484e+02,
       4.44974670e+02, 7.13953674e-01, 9.27701904e+02, 5.50883179e+02,
       9.01976943e-01, 9.09958923e+02, 6.71658752e+02, 8.10653329e-01,
       8.54035461e+02, 2.94778564e+02, 6.79418147e-01, 8.36348206e+02,
       2.12408173e+02, 7.52016425e-01, 8.12789001e+02, 1.53492020e+02,
       8.09774041e-01, 1.10127197e+03, 3.65451569e+02, 5.64665496e-01,
       1.09546521e+03, 4.12553558e+02, 5.69066584e-01, 1.30744104e+03,
       4.30183472e+02, 7.33353853e-01, 1.53690723e+03, 4.53690552e+02,
       6.00487173e-01, 1.10716003e+03, 3.15304169e+02, 5.28592169e-01,
       1.31610437e+03, 2.94886780e+02, 6.94275618e-01, 1.56332202e+03,
       2.74277710e+02, 5.99608898e-01, 7.24582886e+02, 3.83066956e+02,
       7.65253127e-01, 7.30388733e+02, 3.47773468e+02, 7.57223487e-01,
       7.42290649e+02, 4.03664734e+02, 2.89138854e-01, 7.42265625e+02,
       3.18461517e+02, 5.22379518e-01, 1.63690222e+03, 2.74265381e+02,
       5.35726666e-01, 1.63402734e+03, 2.68359741e+02, 5.61016738e-01,
       1.58397620e+03, 2.68340393e+02, 2.24130541e-01, 1.61048193e+03,
       4.68477631e+02, 4.08509105e-01, 1.60159912e+03, 4.77303345e+02,
       3.91204059e-01, 1.56633105e+03, 4.36109894e+02, 3.96541327e-01 ]
