%YAML:1.0
---
pose_0: !!opencv-matrix
   rows: 1
   cols: 25
   dt: "3f"
   data: [ 6.68573486e+02, 4.80309052e+02, 8.85627508e-01,
       8.09826965e+02, 4.80129150e+02, 6.16594672e-01, 8.12842896e+02,
       5.62682251e+02, 5.60257196e-01, 9.51123535e+02, 6.00950134e+02,
       4.56912398e-01, 1.08656055e+03, 6.48000183e+02, 3.35243106e-01,
       8.12775208e+02, 3.88981567e+02, 6.73435032e-01, 9.77754150e+02,
       3.68503265e+02, 7.06950545e-01, 1.14835522e+03, 3.88876617e+02,
       7.07562804e-01, 1.10418298e+03, 5.27277771e+02, 5.67720056e-01,
       1.09239990e+03, 5.74530762e+02, 5.88621795e-01, 1.28678406e+03,
       6.44958923e+02, 7.54405022e-01, 1.48977148e+03, 6.24434326e+02,
       5.38250566e-01, 1.11888660e+03, 4.68448120e+02, 4.97828066e-01,
       1.34849683e+03, 4.80325989e+02, 5.49379885e-01, 1.60753613e+03,
       4.86178955e+02, 5.38866520e-01, 6.48008545e+02, 4.92068420e+02,
       8.25711787e-01, 6.50930237e+02, 4.56701019e+02, 8.51487875e-01,
       6.68539124e+02, 5.06919861e+02, 1.27544567e-01, 6.71673584e+02,
       4.18490906e+02, 5.14968216e-01, 1.68116614e+03, 5.24337524e+02,
       2.06355259e-01, 1.68109937e+03, 4.94987946e+02, 2.22358763e-01,
       1.62809814e+03, 4.68518585e+02, 2.56233811e-01, 1.60161450e+03,
       6.12732727e+02, 3.90943408e-01, 1.58978394e+03, 6.24447937e+02,
       3.12163234e-01, 1.52214685e+03, 6.00964478e+02, 2.51728415e-01 ]
