%YAML:1.0
---
pose_0: !!opencv-matrix
   rows: 1
   cols: 25
   dt: "3f"
   data: [ 7.36237061e+02, 4.71396027e+02, 7.95734227e-01,
       8.62907959e+02, 4.71431122e+02, 7.16120958e-01, 8.62864563e+02,
       5.53826233e+02, 7.56476700e-01, 1.00113220e+03, 5.95021973e+02,
       7.38957465e-01, 1.11308984e+03, 6.33308838e+02, 7.39951313e-01,
       8.65836914e+02, 3.89128784e+02, 6.78108037e-01, 1.01002979e+03,
       3.65525757e+02, 7.87468135e-01, 1.16019556e+03, 3.41842346e+02,
       8.46249998e-01, 1.12779395e+03, 4.94977966e+02, 5.65284371e-01,
       1.12188013e+03, 5.47873108e+02, 5.93302429e-01, 1.33673901e+03,
       5.97895325e+02, 7.38787830e-01, 1.54284619e+03, 6.56815369e+02,
       6.41899467e-01, 1.13070203e+03, 4.39019104e+02, 5.64050317e-01,
       1.31616284e+03, 4.39147644e+02, 6.91604197e-01, 1.57218176e+03,
       4.39010437e+02, 5.65120459e-01, 7.18662109e+02, 4.86202515e+02,
       8.06048691e-01, 7.18660706e+02, 4.56697968e+02, 8.80896449e-01,
       7.42078003e+02, 5.06894714e+02, 4.17147279e-01, 7.42230835e+02,
       4.30214844e+02, 5.94370723e-01, 1.63998267e+03, 4.71429932e+02,
       2.35177323e-01, 1.63992480e+03, 4.53791504e+02, 2.61449516e-01,
       1.61043750e+03, 4.30181946e+02, 3.06934148e-01, 1.62813843e+03,
       6.65700562e+02, 5.75269699e-01, 1.61335583e+03, 6.74507751e+02,
       5.56329012e-01, 1.56623669e+03, 6.51000244e+02, 3.42110515e-01 ]
