%YAML:1.0
---
pose_0: !!opencv-matrix
   rows: 1
   cols: 25
   dt: "3f"
   data: [ 7.09855774e+02, 4.36191711e+02, 4.94796932e-01,
       7.86351624e+02, 5.03835815e+02, 5.92156410e-01, 7.89235657e+02,
       5.56804382e+02, 7.09753811e-01, 9.06929260e+02, 6.45073059e+02,
       9.07456517e-01, 9.86443420e+02, 5.68531677e+02, 7.28343487e-01,
       7.74543335e+02, 4.44933258e+02, 3.59059542e-01, 0., 0., 0., 0.,
       0., 0., 1.09834912e+03, 5.56740112e+02, 4.23931003e-01,
       1.06894543e+03, 5.97918518e+02, 3.78598154e-01, 1.31319568e+03,
       5.03911926e+02, 8.19330692e-01, 1.55748901e+03, 6.62663391e+02,
       5.81357360e-01, 1.12480334e+03, 5.15585693e+02, 3.39951634e-01,
       1.33967786e+03, 5.03797058e+02, 2.79925644e-01, 1.58099731e+03,
       5.97894897e+02, 6.82802081e-01, 6.92187988e+02, 4.50786011e+02,
       3.02989602e-01, 6.95212158e+02, 4.33038971e+02, 1.01813585e-01,
       7.06919312e+02, 4.89045319e+02, 3.36622983e-01, 0., 0., 0.,
       1.61931543e+03, 5.30258057e+02, 2.70826191e-01, 1.61344727e+03,
       5.33249084e+02, 2.91899055e-01, 1.58989575e+03, 6.18478455e+02,
       6.11279666e-01, 1.61037939e+03, 6.92169861e+02, 3.62125069e-01,
       1.58686438e+03, 7.01014160e+02, 4.14312035e-01, 1.57811670e+03,
       6.59813110e+02, 3.42349350e-01 ]
