%YAML:1.0
---
pose_0: !!opencv-matrix
   rows: 1
   cols: 25
   dt: "3f"
   data: [ 5.18513550e+02, 7.18761230e+02, 5.29362708e-02,
       6.68601868e+02, 6.01025513e+02, 4.29325640e-01, 7.12742371e+02,
       6.83330994e+02, 1.07539691e-01, 9.27587524e+02, 8.18767212e+02,
       7.56045505e-02, 1.06887158e+03, 9.12875671e+02, 1.52403265e-01,
       6.50941101e+02, 4.89072845e+02, 5.26617467e-01, 8.68731140e+02,
       3.85977783e+02, 5.57148933e-01, 1.06590564e+03, 2.94875427e+02,
       5.13569891e-01, 1.08948376e+03, 7.15636780e+02, 3.97752583e-01,
       1.06885596e+03, 7.83342285e+02, 3.65317911e-01, 1.23959619e+03,
       8.65802429e+02, 1.83079630e-01, 0., 0., 0., 1.11011035e+03,
       6.44991272e+02, 3.21119517e-01, 1.41028967e+03, 7.65840027e+02,
       4.31848258e-01, 1.63695679e+03, 7.39226379e+02, 5.13046645e-02,
       0., 0., 0., 5.03843201e+02, 7.00960205e+02, 5.54399304e-02, 0.,
       0., 0., 5.09700714e+02, 6.65667664e+02, 1.56191632e-01, 0., 0.,
       0., 0., 0., 0., 1.79878027e+03, 7.27458618e+02, 1.19512007e-01,
       0., 0., 0., 0., 0., 0., 0., 0., 0. ]
