%YAML:1.0
---
pose_0: !!opencv-matrix
   rows: 1
   cols: 25
   dt: "3f"
   data: [ 7.00996094e+02, 5.06852112e+02, 7.70918906e-01,
       8.15766357e+02, 4.53800964e+02, 6.30019426e-01, 7.92236572e+02,
       4.97875061e+02, 4.75048274e-01, 9.74738220e+02, 5.36151428e+02,
       1.37944281e-01, 1.05417993e+03, 5.56857483e+02, 2.57893473e-01,
       8.36432739e+02, 4.12609467e+02, 5.89710176e-01, 9.71745422e+02,
       4.00769440e+02, 5.35735071e-01, 1.11905017e+03, 3.89122284e+02,
       6.05738759e-01, 1.11302405e+03, 4.68447754e+02, 4.51439261e-01,
       1.11297498e+03, 5.09723999e+02, 4.36146915e-01, 1.35139868e+03,
       5.12656433e+02, 3.72228593e-01, 1.58688879e+03, 4.21435181e+02,
       2.55567402e-01, 1.11601831e+03, 4.30155518e+02, 3.76460612e-01,
       1.35444800e+03, 5.06733459e+02, 6.15550697e-01, 1.63100220e+03,
       4.27260742e+02, 4.08979446e-01, 6.86294373e+02, 5.06827148e+02,
       1.66638613e-01, 6.92169983e+02, 4.86121643e+02, 7.93999910e-01,
       0., 0., 0., 7.15774719e+02, 4.44892456e+02, 5.98163784e-01,
       1.68994043e+03, 3.77262207e+02, 1.83705002e-01, 1.68990125e+03,
       3.77245819e+02, 1.69655427e-01, 0., 0., 0., 0., 0., 0., 0., 0.,
       0., 0., 0., 0. ]
