%YAML:1.0
---
pose_0: !!opencv-matrix
   rows: 1
   cols: 25
   dt: "3f"
   data: [ 6.98048584e+02, 5.00896271e+02, 8.29169095e-01,
       8.06931946e+02, 4.50804626e+02, 7.07303286e-01, 8.15836609e+02,
       5.12602112e+02, 4.76080060e-01, 9.80693359e+02, 5.77461670e+02,
       7.68244982e-01, 1.03358752e+03, 7.12792480e+02, 6.32325351e-01,
       7.95178345e+02, 3.86007111e+02, 7.21217692e-01, 8.74603394e+02,
       3.18457245e+02, 7.79197752e-01, 9.21778381e+02, 2.38899979e+02,
       7.81092763e-01, 1.11593079e+03, 4.33174561e+02, 4.54363853e-01,
       1.11593262e+03, 4.83273193e+02, 4.32848960e-01, 1.32786816e+03,
       5.50963257e+02, 4.69442785e-01, 1.51037634e+03, 4.77254883e+02,
       1.52057305e-01, 1.11602063e+03, 3.83115601e+02, 4.31376159e-01,
       1.33378467e+03, 4.53718079e+02, 7.11481690e-01, 1.56630310e+03,
       4.12647339e+02, 4.47844744e-01, 6.83376099e+02, 5.03851654e+02,
       5.29275537e-01, 6.89110291e+02, 4.80109131e+02, 7.91664004e-01,
       0., 0., 0., 7.06842041e+02, 4.27235596e+02, 6.30311430e-01,
       1.66046802e+03, 5.00748932e+02, 5.17667942e-02, 0., 0., 0.,
       1.61046301e+03, 4.50802856e+02, 1.18608311e-01, 0., 0., 0., 0.,
       0., 0., 1.52221741e+03, 4.80260376e+02, 1.03165723e-01 ]
