%YAML:1.0
---
pose_0: !!opencv-matrix
   rows: 1
   cols: 25
   dt: "3f"
   data: [ 0., 0., 0., 7.39204956e+02, 5.97940796e+02, 2.53881127e-01,
       7.65773743e+02, 7.09823425e+02, 9.91221219e-02, 8.83447693e+02,
       8.03989014e+02, 1.30141616e-01, 1.06592236e+03, 9.27622314e+02,
       4.16992009e-01, 6.92127808e+02, 4.83238617e+02, 1.54830948e-01,
       8.59921143e+02, 3.77234985e+02, 3.02498519e-01, 1.03356189e+03,
       2.59516754e+02, 8.08613151e-02, 1.10713318e+03, 6.95140747e+02,
       4.19558287e-01, 1.08362854e+03, 7.68664001e+02, 4.10405248e-01,
       1.35443970e+03, 8.80533081e+02, 2.56400049e-01, 1.62225793e+03,
       9.95356628e+02, 1.67547792e-01, 1.13661316e+03, 6.24450439e+02,
       3.57528061e-01, 1.41329041e+03, 7.36345154e+02, 6.11562490e-01,
       1.76350464e+03, 6.83337524e+02, 3.06742549e-01, 0., 0., 0., 0.,
       0., 0., 0., 0., 0., 0., 0., 0., 0., 0., 0., 0., 0., 0., 0., 0.,
       0., 0., 0., 0., 0., 0., 0., 1.64580835e+03, 9.98223511e+02,
       8.96566436e-02 ]
