%YAML:1.0
---
pose_0: !!opencv-matrix
   rows: 1
   cols: 25
   dt: "3f"
   data: [ 7.42263489e+02, 3.89092285e+02, 8.54914486e-01,
       8.36442322e+02, 3.94867004e+02, 5.00763535e-01, 8.27591919e+02,
       4.53734009e+02, 5.12853861e-01, 8.39343628e+02, 4.50816772e+02,
       2.91895121e-01, 8.54095459e+02, 3.15395691e+02, 4.20247167e-01,
       8.39328369e+02, 3.56642883e+02, 2.44114771e-01, 8.48134460e+02,
       3.03639343e+02, 1.07244641e-01, 0., 0., 0., 1.10125879e+03,
       3.92027771e+02, 5.45724154e-01, 1.10127087e+03, 4.39067780e+02,
       5.46217918e-01, 1.32197339e+03, 4.56735382e+02, 7.14696288e-01,
       1.52509839e+03, 4.77329926e+02, 5.40527344e-01, 1.10421008e+03,
       3.41868073e+02, 5.28115451e-01, 1.31322742e+03, 3.18390198e+02,
       5.28617442e-01, 1.56923962e+03, 2.91817413e+02, 5.02731681e-01,
       7.30389038e+02, 4.03666718e+02, 7.10934341e-01, 7.36235352e+02,
       3.68451294e+02, 7.85189152e-01, 7.45128540e+02, 4.21347229e+02,
       1.79444134e-01, 7.62676636e+02, 3.44972229e+02, 4.68210518e-01,
       1.64580493e+03, 2.68366028e+02, 4.39718574e-01, 1.63997949e+03,
       2.65430237e+02, 4.75566566e-01, 1.60746899e+03, 2.88948456e+02,
       1.88643396e-01, 1.59867908e+03, 4.68455444e+02, 3.73913646e-01,
       1.58697363e+03, 4.83155792e+02, 3.24489594e-01, 1.55456104e+03,
       4.68451355e+02, 3.17818433e-01 ]
