%YAML:1.0
---
pose_0: !!opencv-matrix
   rows: 1
   cols: 25
   dt: "3f"
   data: [ 5.80364136e+02, 5.21429321e+02, 7.03012347e-01,
       7.27472656e+02, 5.09676666e+02, 2.22440973e-01, 7.65713135e+02,
       6.12666016e+02, 2.87176669e-01, 8.89349548e+02, 6.68726746e+02,
       2.14882761e-01, 0., 0., 0., 6.83368591e+02, 4.42003906e+02,
       3.18140268e-01, 7.92240723e+02, 3.80158661e+02, 2.25354418e-01,
       8.51094116e+02, 3.41872711e+02, 3.02175254e-01, 1.08361780e+03,
       5.27255188e+02, 4.91365701e-01, 1.06890247e+03, 5.89111389e+02,
       5.19835055e-01, 1.34558569e+03, 6.80339172e+02, 4.64278102e-01,
       1.56038489e+03, 6.27454224e+02, 3.70605588e-01, 1.09536499e+03,
       4.56671661e+02, 4.42329943e-01, 1.34556177e+03, 4.59546997e+02,
       5.04259348e-01, 1.73408875e+03, 4.83299194e+02, 4.19219464e-01,
       5.68493469e+02, 5.30375183e+02, 6.58244610e-01, 5.71508789e+02,
       5.00763428e+02, 7.32898355e-01, 5.77474915e+02, 5.53848206e+02,
       1.52437702e-01, 6.00905945e+02, 4.62574097e+02, 5.18111706e-01,
       1.84884692e+03, 5.21408691e+02, 1.96857184e-01, 0., 0., 0.,
       1.73996753e+03, 4.97932770e+02, 1.73576504e-01, 1.56926257e+03,
       6.47999634e+02, 5.06171137e-02, 0., 0., 0., 1.58686768e+03,
       6.18553223e+02, 2.35025853e-01 ]
