%YAML:1.0
---
pose_0: !!opencv-matrix
   rows: 1
   cols: 25
   dt: "3f"
   data: [ 0., 0., 0., 7.65751465e+02, 5.47925720e+02, 2.68043190e-01,
       7.86378052e+02, 5.44971008e+02, 2.67297000e-01, 9.24725586e+02,
       5.74322510e+02, 5.62052965e-01, 1.09833545e+03, 5.03793945e+02,
       7.50606120e-01, 7.62782959e+02, 5.47923706e+02, 1.83437318e-01,
       0., 0., 0., 0., 0., 0., 1.11304102e+03, 5.80315613e+02,
       3.89726430e-01, 1.09834570e+03, 6.15593628e+02, 3.75362515e-01,
       1.35734802e+03, 5.27401245e+02, 7.29112744e-01, 1.57803503e+03,
       5.97989258e+02, 3.53704214e-01, 1.11897998e+03, 5.47891541e+02,
       2.89503694e-01, 1.34557507e+03, 4.94946960e+02, 4.24881935e-01,
       1.52515710e+03, 6.45025574e+02, 1.75146684e-01, 0., 0., 0., 0.,
       0., 0., 7.39280518e+02, 5.03795380e+02, 9.64720100e-02, 0., 0.,
       0., 0., 0., 0., 0., 0., 0., 1.54279968e+03, 6.68608154e+02,
       6.99878484e-02, 1.63106433e+03, 4.86134857e+02, 2.47448221e-01,
       1.63403357e+03, 4.97930176e+02, 1.77577123e-01, 1.60458411e+03,
       6.21447815e+02, 2.85421371e-01 ]
