%YAML:1.0
---
pose_0: !!opencv-matrix
   rows: 1
   cols: 25
   dt: "3f"
   data: [ 7.56927551e+02, 3.89061554e+02, 5.92919111e-01,
       8.39300964e+02, 4.36083069e+02, 4.57805276e-01, 8.18787415e+02,
       4.77246399e+02, 7.31362224e-01, 9.12865356e+02, 5.77340393e+02,
       8.49027753e-01, 9.18772339e+02, 5.18471130e+02, 7.62767255e-01,
       8.95240356e+02, 3.97832184e+02, 2.58235931e-01, 9.74690796e+02,
       4.03679016e+02, 5.33205979e-02, 0., 0., 0., 1.10127344e+03,
       4.65594055e+02, 4.65915024e-01, 1.07477747e+03, 5.00841431e+02,
       4.12385821e-01, 1.29847888e+03, 4.56708527e+02, 8.03039312e-01,
       1.53687732e+03, 6.00993225e+02, 5.46710193e-01, 1.11602917e+03,
       4.36098877e+02, 3.97698045e-01, 1.35136230e+03, 4.27232269e+02,
       6.10018134e-01, 1.53981519e+03, 4.74400360e+02, 6.07907712e-01,
       7.39307922e+02, 4.06684662e+02, 4.32621956e-01, 7.39334167e+02,
       3.86043549e+02, 1.89419329e-01, 7.62678162e+02, 4.36061981e+02,
       3.58002633e-01, 0., 0., 0., 1.59280859e+03, 4.21394989e+02,
       4.06010211e-01, 1.58985791e+03, 4.27211700e+02, 4.31924164e-01,
       1.56627563e+03, 4.97891144e+02, 3.41692656e-01, 1.62809558e+03,
       5.74380005e+02, 2.16926277e-01, 1.61344617e+03, 5.92104858e+02,
       1.66668564e-01, 1.56631055e+03, 6.33312134e+02, 3.47060084e-01 ]
