%YAML:1.0
---
pose_0: !!opencv-matrix
   rows: 1
   cols: 25
   dt: "3f"
   data: [ 0., 0., 0., 1.01296350e+03, 5.24381592e+02, 6.17582977e-01,
       9.77649780e+02, 5.65591187e+02, 5.59654474e-01, 8.39392944e+02,
       5.36169617e+02, 4.80188578e-01, 9.57048706e+02, 4.83298065e+02,
       5.44143915e-01, 1.04824036e+03, 4.80319611e+02, 5.02764940e-01,
       0., 0., 0., 0., 0., 0., 1.17193262e+03, 5.50812866e+02,
       4.77402419e-01, 1.16898376e+03, 5.89159668e+02, 4.26920682e-01,
       1.38094727e+03, 4.97857605e+02, 7.80305803e-01, 1.61043433e+03,
       7.03919922e+02, 6.14826620e-01, 1.18362524e+03, 5.03744354e+02,
       4.77269530e-01, 1.36615771e+03, 4.41972717e+02, 5.87938964e-01,
       1.56636292e+03, 5.77340088e+02, 2.64537096e-01, 0., 0., 0., 0.,
       0., 0., 9.54167908e+02, 4.92037598e+02, 1.67445928e-01, 0., 0.,
       0., 1.58692981e+03, 5.24272827e+02, 1.02421217e-01,
       1.58978760e+03, 5.24413208e+02, 1.09784603e-01, 1.58689063e+03,
       5.97960327e+02, 1.70976147e-01, 1.67229382e+03, 7.12727905e+02,
       2.43049592e-01, 1.65464490e+03, 7.27464539e+02, 3.08915734e-01,
       1.61339551e+03, 7.24571167e+02, 4.06544238e-01 ]
