%YAML:1.0
---
pose_0: !!opencv-matrix
   rows: 1
   cols: 25
   dt: "3f"
   data: [ 8.80520386e+02, 4.59702393e+02, 1.45176321e-01,
       8.86401550e+02, 5.27348267e+02, 4.35079247e-01, 8.39328369e+02,
       5.74464417e+02, 4.01008695e-01, 7.50995728e+02, 5.47889648e+02,
       5.45109153e-01, 0., 0., 0., 9.36487610e+02, 4.83222076e+02,
       3.65346640e-01, 9.83579224e+02, 4.77307556e+02, 3.06601316e-01,
       9.60049194e+02, 4.39092621e+02, 4.67142403e-01, 1.11898596e+03,
       5.74494263e+02, 4.45165128e-01, 1.11303308e+03, 6.03912476e+02,
       3.78470033e-01, 1.36023914e+03, 5.27252197e+02, 8.17136347e-01,
       1.63695825e+03, 7.15629211e+02, 5.35847068e-01, 1.13360999e+03,
       5.42032776e+02, 3.20834458e-01, 1.36024731e+03, 5.06827332e+02,
       2.30084136e-01, 0., 0., 0., 8.57024353e+02, 4.56704529e+02,
       1.36252433e-01, 8.77579407e+02, 4.39069672e+02, 1.56994224e-01,
       8.30526184e+02, 5.00797760e+02, 1.08705960e-01, 0., 0., 0., 0.,
       0., 0., 0., 0., 0., 0., 0., 0., 1.68091809e+03, 7.15672119e+02,
       6.66562542e-02, 1.66342468e+03, 7.33388733e+02, 8.30695853e-02,
       1.65754858e+03, 7.39202881e+02, 3.86500776e-01 ]
