%YAML:1.0
---
pose_0: !!opencv-matrix
   rows: 1
   cols: 25
   dt: "3f"
   data: [ 7.83291870e+02, 4.18450623e+02, 8.25015128e-01,
       8.57089722e+02, 4.56637970e+02, 7.66913116e-01, 8.54008179e+02,
       5.06730927e+02, 8.00429046e-01, 9.39442139e+02, 5.36174805e+02,
       7.79258668e-01, 9.57158752e+02, 3.91963623e+02, 7.82436848e-01,
       8.59836792e+02, 4.03687927e+02, 5.70220768e-01, 9.36497498e+02,
       3.80170288e+02, 9.60091949e-02, 9.71757507e+02, 3.68394501e+02,
       7.75820538e-02, 1.14837744e+03, 4.74320709e+02, 5.75932026e-01,
       1.14251660e+03, 5.24319214e+02, 5.69937706e-01, 1.36615100e+03,
       5.97896912e+02, 6.06314957e-01, 1.50743286e+03, 6.92117676e+02,
       3.63088518e-01, 1.15720300e+03, 4.15570557e+02, 6.04757309e-01,
       1.35440710e+03, 3.56655121e+02, 4.79208469e-01, 1.56926331e+03,
       3.50722290e+02, 4.51955378e-01, 7.62697021e+02, 4.36156830e+02,
       8.83118451e-01, 7.65708984e+02, 4.06692474e+02, 8.73576283e-01,
       7.65851196e+02, 4.74370361e+02, 7.00881779e-01, 7.86249756e+02,
       3.88957703e+02, 2.61275470e-01, 1.64282910e+03, 3.24242737e+02,
       2.67109603e-01, 1.63701074e+03, 3.21271942e+02, 2.92294949e-01,
       1.61043396e+03, 3.62403870e+02, 3.21132451e-01, 1.58398242e+03,
       7.30429016e+02, 1.62296265e-01, 1.53982239e+03, 7.21633362e+02,
       1.83731571e-01, 1.53980396e+03, 6.98035583e+02, 2.16973454e-01 ]
