%YAML:1.0
---
pose_0: !!opencv-matrix
   rows: 1
   cols: 25
   dt: "3f"
   data: [ 7.86450439e+02, 3.65567841e+02, 7.98374712e-01,
       8.83397095e+02, 4.09642731e+02, 7.15940952e-01, 8.80492554e+02,
       4.62599518e+02, 5.53835571e-01, 7.18724548e+02, 5.00854187e+02,
       6.28213167e-01, 5.74389343e+02, 5.03830963e+02, 6.33668303e-01,
       8.86387268e+02, 3.42014099e+02, 6.31031990e-01, 1.03066821e+03,
       2.85931519e+02, 6.65277541e-01, 1.15134326e+03, 2.21102173e+02,
       7.38469124e-01, 1.14546240e+03, 3.89093231e+02, 5.52690685e-01,
       1.14252759e+03, 4.42047272e+02, 5.67844152e-01, 1.35149939e+03,
       5.62677307e+02, 4.64420378e-01, 1.53975024e+03, 6.92064575e+02,
       5.49767792e-01, 1.14539893e+03, 3.38954315e+02, 5.58212698e-01,
       1.35145850e+03, 2.56528961e+02, 4.07639384e-01, 1.47208777e+03,
       1.77103043e+02, 5.25645241e-02, 7.74541687e+02, 3.88942993e+02,
       7.45824814e-01, 7.71706604e+02, 3.59532837e+02, 6.44735277e-01,
       7.89390625e+02, 4.33219849e+02, 6.39050245e-01, 0., 0., 0.,
       1.59869043e+03, 1.03393707e+02, 7.28553012e-02, 1.58989465e+03,
       1.03503006e+02, 7.98592567e-02, 0., 0., 0., 1.61337402e+03,
       6.95112915e+02, 6.14017010e-01, 1.60163721e+03, 7.09762268e+02,
       5.00052392e-01, 1.54865735e+03, 7.01010071e+02, 3.49531382e-01 ]
