%YAML:1.0
---
pose_0: !!opencv-matrix
   rows: 1
   cols: 25
   dt: "3f"
   data: [ 7.39339111e+02, 3.97873260e+02, 8.07885766e-01,
       8.57030273e+02, 3.86078979e+02, 7.99044609e-01, 8.59945374e+02,
       4.59685669e+02, 7.65084267e-01, 9.89407593e+02, 5.21440979e+02,
       7.43657112e-01, 1.07176990e+03, 6.09740784e+02, 7.94361591e-01,
       8.57039490e+02, 3.00723267e+02, 6.43491387e-01, 1.00128094e+03,
       2.68264069e+02, 8.59699249e-01, 1.07184814e+03, 3.30145691e+02,
       7.32377946e-01, 1.11900708e+03, 4.33141541e+02, 6.24945402e-01,
       1.11303564e+03, 4.80326447e+02, 5.77560544e-01, 1.32498096e+03,
       5.03816956e+02, 7.72729039e-01, 1.54271155e+03, 5.53841553e+02,
       6.34026885e-01, 1.13362402e+03, 3.80170502e+02, 5.80319345e-01,
       1.32797205e+03, 3.41871368e+02, 5.74799716e-01, 1.57217810e+03,
       2.97723755e+02, 5.82046688e-01, 7.27497070e+02, 4.12727386e+02,
       7.66804099e-01, 7.24527161e+02, 3.86033539e+02, 7.89519429e-01,
       7.56853027e+02, 4.30236816e+02, 2.82014936e-01, 7.42177795e+02,
       3.59607574e+02, 5.49469888e-01, 1.64579199e+03, 2.62400208e+02,
       5.10623217e-01, 1.63991907e+03, 2.59526459e+02, 4.93412048e-01,
       1.61345667e+03, 3.06578857e+02, 2.30854377e-01, 1.61631873e+03,
       5.30377869e+02, 5.90513170e-01, 1.61041748e+03, 5.47993225e+02,
       5.24481118e-01, 1.56624927e+03, 5.71528809e+02, 3.45562488e-01 ]
