%YAML:1.0
---
pose_0: !!opencv-matrix
   rows: 2
   cols: 25
   dt: "3f"
   data: [ 7.86277161e+02, 4.44985016e+02, 4.64525312e-01,
       8.36405396e+02, 5.09705475e+02, 3.30408543e-01, 8.77588806e+02,
       5.09729584e+02, 4.10009712e-01, 9.36532166e+02, 4.06654114e+02,
       5.68712711e-01, 1.00119775e+03, 2.47765152e+02, 7.74334848e-01,
       7.21601196e+02, 5.21465332e+02, 3.20287138e-01, 8.56946350e+02,
       4.12541412e+02, 1.77376598e-01, 9.06939697e+02, 3.59521484e+02,
       1.86065823e-01, 1.13955713e+03, 5.53754517e+02, 5.67197442e-01,
       1.13366650e+03, 6.00912048e+02, 4.86706793e-01, 1.35146912e+03,
       6.36211243e+02, 7.54908919e-01, 1.54279541e+03, 7.18724731e+02,
       4.85606074e-01, 1.14240332e+03, 5.06711060e+02, 5.98145604e-01,
       1.35149890e+03, 4.30115112e+02, 7.32829452e-01, 1.56333276e+03,
       4.09567596e+02, 5.72628975e-01, 7.65785889e+02, 4.47875305e+02,
       3.38334292e-01, 0., 0., 0., 7.77527893e+02, 4.77316010e+02,
       1.24860659e-01, 0., 0., 0., 1.62807678e+03, 3.35978119e+02,
       1.70406729e-01, 1.62516296e+03, 3.38888855e+02, 1.67268068e-01,
       1.58985059e+03, 4.06685272e+02, 2.75707543e-01, 1.61933435e+03,
       7.12726318e+02, 4.37150538e-01, 1.61042639e+03, 7.18736755e+02,
       3.75461191e-01, 1.56628516e+03, 7.33389832e+02, 3.21465671e-01,
       0., 0., 0., 0., 0., 0., 0., 0., 0., 0., 0., 0., 0., 0., 0.,
       9.48233948e+02, 4.77239777e+02, 2.31084049e-01, 1.04236353e+03,
       4.36123627e+02, 6.57415152e-01, 1.13956177e+03, 3.83062653e+02,
       8.15349102e-01, 0., 0., 0., 0., 0., 0., 0., 0., 0., 0., 0., 0.,
       0., 0., 0., 0., 0., 0., 0., 0., 0., 0., 0., 0., 0., 0., 0., 0.,
       0., 0., 0., 0., 0., 0., 0., 0., 0., 0., 0., 0., 0., 0., 0., 0.,
       0., 0., 0., 0., 0., 0., 0. ]
