%YAML:1.0
---
pose_0: !!opencv-matrix
   rows: 1
   cols: 25
   dt: "3f"
   data: [ 7.39191589e+02, 4.83250519e+02, 8.78772914e-01,
       8.56937500e+02, 4.83323090e+02, 7.48642504e-01, 8.62859741e+02,
       5.56859619e+02, 6.20113373e-01, 9.83519653e+02, 6.48151306e+02,
       8.03582489e-01, 9.09958130e+02, 6.27484497e+02, 7.30801523e-01,
       8.42254639e+02, 4.15569061e+02, 6.20928466e-01, 9.36462158e+02,
       3.71410278e+02, 5.73933005e-01, 1.01298926e+03, 3.65352570e+02,
       8.24157894e-01, 1.13955212e+03, 5.06669922e+02, 5.85857093e-01,
       1.13947388e+03, 5.53766907e+02, 5.94685614e-01, 1.33671411e+03,
       5.71530823e+02, 6.67722940e-01, 1.49573132e+03, 5.68583557e+02,
       5.76592565e-01, 1.13950122e+03, 4.53758362e+02, 5.75264931e-01,
       1.32792798e+03, 4.62582733e+02, 6.30870283e-01, 1.57217798e+03,
       4.80198181e+02, 6.21797979e-01, 7.21620911e+02, 5.03806122e+02,
       8.02200556e-01, 7.24495911e+02, 4.65547394e+02, 7.67820120e-01,
       7.45134277e+02, 5.24407288e+02, 2.53493249e-01, 7.45212524e+02,
       4.36243134e+02, 6.00555003e-01, 1.63387134e+03, 4.47879486e+02,
       4.93654728e-01, 1.62517310e+03, 4.44933136e+02, 5.44229448e-01,
       1.60745337e+03, 4.89073151e+02, 3.36753815e-01, 1.56034497e+03,
       5.71446472e+02, 2.09567055e-01, 1.53985413e+03, 5.80346130e+02,
       1.89431444e-01, 1.52510449e+03, 5.53815186e+02, 3.95560205e-01 ]
