%YAML:1.0
---
pose_0: !!opencv-matrix
   rows: 1
   cols: 25
   dt: "3f"
   data: [ 7.65785156e+02, 4.97948456e+02, 7.80269504e-01,
       8.65861084e+02, 4.47849701e+02, 4.50569868e-01, 8.51080505e+02,
       4.80274536e+02, 2.83292234e-01, 1.03947107e+03, 4.59701477e+02,
       1.00721829e-01, 1.17783655e+03, 5.15565247e+02, 7.62313381e-02,
       9.04035461e+02, 4.33067383e+02, 3.54265213e-01, 1.03061682e+03,
       4.50742249e+02, 7.00101793e-01, 1.17778992e+03, 5.12678040e+02,
       6.55447245e-01, 1.15130859e+03, 4.09662750e+02, 2.49138832e-01,
       1.16014307e+03, 4.12536438e+02, 1.32430404e-01, 1.36033020e+03,
       5.27326782e+02, 4.37689781e-01, 1.58102209e+03, 4.09562195e+02,
       3.35722327e-01, 1.16306580e+03, 3.88984802e+02, 2.63384759e-01,
       1.36318311e+03, 5.33320374e+02, 6.11168087e-01, 1.63688135e+03,
       4.15456238e+02, 4.07110900e-01, 7.48060730e+02, 5.00744019e+02,
       4.46816802e-01, 7.59831909e+02, 4.77320953e+02, 6.86179638e-01,
       0., 0., 0., 7.80427917e+02, 4.33240173e+02, 5.20165265e-01,
       1.67517432e+03, 5.15539307e+02, 9.20128897e-02, 1.67809729e+03,
       4.94947632e+02, 8.02738816e-02, 1.67812683e+03, 3.97852081e+02,
       1.96254969e-01, 0., 0., 0., 0., 0., 0., 1.60163708e+03,
       3.65464539e+02, 1.83786884e-01 ]
