%YAML:1.0
---
pose_0: !!opencv-matrix
   rows: 1
   cols: 25
   dt: "3f"
   data: [ 5.44932007e+02, 5.03801575e+02, 8.26694369e-01,
       6.48052856e+02, 5.53895447e+02, 5.20355403e-01, 6.48007751e+02,
       6.39202759e+02, 2.69941360e-01, 8.45236877e+02, 7.86289185e+02,
       7.72109151e-01, 6.65625977e+02, 7.51011169e+02, 7.51552701e-01,
       6.68567017e+02, 4.80290588e+02, 5.13529181e-01, 8.33385193e+02,
       4.68492218e+02, 6.20627940e-01, 6.50993774e+02, 5.50883606e+02,
       6.21980369e-01, 1.06889807e+03, 5.89143372e+02, 2.82094151e-01,
       1.07180847e+03, 6.59784973e+02, 3.13942611e-01, 1.23374500e+03,
       6.89221130e+02, 6.68217838e-02, 0., 0., 0., 1.06597998e+03,
       5.00864258e+02, 2.97569335e-01, 1.26317236e+03, 4.30182220e+02,
       2.09213346e-01, 1.38679175e+03, 3.80205048e+02, 1.68607354e-01,
       5.06823700e+02, 5.21445740e+02, 8.18137527e-01, 5.33187134e+02,
       4.83117035e+02, 8.34005475e-01, 5.21438232e+02, 5.62644958e+02,
       4.33232576e-01, 5.65585083e+02, 4.62555786e+02, 7.29315579e-02,
       0., 0., 0., 0., 0., 0., 1.40148047e+03, 3.59523254e+02,
       9.56493914e-02, 0., 0., 0., 0., 0., 0., 0., 0., 0. ]
