%YAML:1.0
---
pose_0: !!opencv-matrix
   rows: 1
   cols: 25
   dt: "3f"
   data: [ 7.39347839e+02, 5.30262268e+02, 7.26763308e-01,
       8.12839966e+02, 4.71404266e+02, 5.09019315e-01, 7.95203003e+02,
       4.56718506e+02, 2.48877168e-01, 0., 0., 0., 0., 0., 0.,
       8.36440063e+02, 4.83188263e+02, 6.09775543e-01, 9.74804138e+02,
       5.12593750e+02, 6.42177045e-01, 9.54157471e+02, 6.12665283e+02,
       5.63376009e-01, 1.12779187e+03, 4.18413483e+02, 3.16731751e-01,
       1.13070117e+03, 4.18432007e+02, 1.81469306e-01, 1.35440686e+03,
       5.03752716e+02, 5.47468781e-01, 1.56929370e+03, 3.94906525e+02,
       5.19042611e-01, 1.14541882e+03, 4.15521606e+02, 3.33108425e-01,
       1.36025134e+03, 5.18506042e+02, 5.61001658e-01, 1.64279407e+03,
       4.12533478e+02, 4.67923582e-01, 7.33349426e+02, 5.24376587e+02,
       6.06672689e-02, 7.33358154e+02, 5.09785797e+02, 6.53284132e-01,
       0., 0., 0., 7.53934814e+02, 4.80347992e+02, 6.56755090e-01,
       1.70453821e+03, 3.62590546e+02, 3.66072088e-01, 1.70171362e+03,
       3.65468384e+02, 3.52679819e-01, 1.67816882e+03, 4.12503174e+02,
       1.57324851e-01, 1.69286914e+03, 3.59594147e+02, 1.47616729e-01,
       1.70165442e+03, 3.65430542e+02, 7.50244483e-02, 1.59276855e+03,
       3.65572784e+02, 2.53765464e-01 ]
