%YAML:1.0
---
pose_0: !!opencv-matrix
   rows: 1
   cols: 25
   dt: "3f"
   data: [ 7.15830811e+02, 4.91988373e+02, 8.46489131e-01,
       8.45230225e+02, 4.80333038e+02, 6.21397197e-01, 8.48180847e+02,
       5.36186462e+02, 3.57280850e-01, 0., 0., 0., 0., 0., 0.,
       8.56880005e+02, 4.15541656e+02, 6.61684275e-01, 9.77780640e+02,
       4.00755402e+02, 7.00916708e-01, 1.12190283e+03, 3.89158203e+02,
       8.13806832e-01, 1.11606323e+03, 5.27386292e+02, 5.88095307e-01,
       1.11304041e+03, 5.77273376e+02, 5.90111375e-01, 1.31908276e+03,
       6.03849609e+02, 7.83389390e-01, 1.54578394e+03, 6.65625732e+02,
       6.45362020e-01, 1.11902222e+03, 4.80200165e+02, 5.64428926e-01,
       1.33968823e+03, 4.62557220e+02, 5.45393944e-01, 1.56342920e+03,
       4.39014160e+02, 6.14943027e-01, 7.06876831e+02, 5.06839417e+02,
       7.77845204e-01, 7.09746094e+02, 4.80124390e+02, 8.42374563e-01,
       7.18805603e+02, 5.30159363e+02, 3.93033504e-01, 7.30446716e+02,
       4.53748474e+02, 5.33730268e-01, 1.63695264e+03, 4.15545166e+02,
       3.35394442e-01, 1.63108594e+03, 4.12643860e+02, 3.97426277e-01,
       1.61045447e+03, 4.50815063e+02, 3.00720096e-01, 1.62519617e+03,
       6.50955444e+02, 4.28078085e-01, 1.61346631e+03, 6.68659607e+02,
       3.88216972e-01, 1.56931885e+03, 6.59792847e+02, 2.98047245e-01 ]
