%YAML:1.0
---
pose_0: !!opencv-matrix
   rows: 1
   cols: 25
   dt: "3f"
   data: [ 5.80390869e+02, 5.06689606e+02, 6.72443092e-01,
       7.39295898e+02, 5.83285278e+02, 5.54934859e-01, 7.45173706e+02,
       6.98066833e+02, 4.87408727e-01, 8.98177612e+02, 7.62672668e+02,
       6.93421662e-01, 1.00715729e+03, 7.83454895e+02, 7.65621066e-01,
       7.27499023e+02, 4.83138367e+02, 4.66412425e-01, 9.21715515e+02,
       3.89055603e+02, 7.81469584e-01, 9.68771606e+02, 2.80092712e+02,
       7.34634280e-01, 1.08655151e+03, 5.33214905e+02, 4.00099158e-01,
       1.08065845e+03, 5.97974121e+02, 4.39961195e-01, 1.34263220e+03,
       6.15620972e+02, 4.78364497e-01, 1.53394373e+03, 6.03869263e+02,
       7.78097659e-02, 1.08067102e+03, 4.62549713e+02, 4.28253531e-01,
       1.29550769e+03, 3.91959778e+02, 7.21863955e-02, 1.45445056e+03,
       3.21355469e+02, 1.62967756e-01, 5.62675537e+02, 5.30422546e+02,
       6.30564332e-01, 5.68538147e+02, 5.03700684e+02, 4.68464196e-01,
       6.06792053e+02, 6.09717651e+02, 3.04847449e-01, 0., 0., 0.,
       1.54278979e+03, 2.94781189e+02, 5.86698875e-02, 1.53987317e+03,
       2.88955750e+02, 6.23641424e-02, 1.49272656e+03, 3.21309570e+02,
       1.18323147e-01, 0., 0., 0., 0., 0., 0., 0., 0., 0. ]
