%YAML:1.0
---
pose_0: !!opencv-matrix
   rows: 1
   cols: 25
   dt: "3f"
   data: [ 7.86288757e+02, 5.47948914e+02, 8.63572419e-01,
       8.68790894e+02, 5.21420715e+02, 7.60568917e-01, 8.80563965e+02,
       5.89179199e+02, 7.36098349e-01, 9.39392151e+02, 6.71562012e+02,
       7.93774247e-01, 9.57026245e+02, 7.42089783e+02, 7.86235690e-01,
       8.57051270e+02, 4.59568146e+02, 7.21547067e-01, 8.80488953e+02,
       3.91932861e+02, 6.88415110e-01, 8.36469421e+02, 3.44904724e+02,
       7.35072136e-01, 1.14246582e+03, 5.24380920e+02, 3.92900437e-01,
       1.13956018e+03, 5.74376587e+02, 4.68688250e-01, 1.33679504e+03,
       6.21632202e+02, 6.55892074e-01, 1.52213428e+03, 6.24421204e+02,
       5.88823259e-01, 1.14838855e+03, 4.77263580e+02, 3.73767197e-01,
       1.34853088e+03, 4.59793030e+02, 5.25426507e-01, 1.53981140e+03,
       4.38999115e+02, 4.92169082e-01, 7.65869324e+02, 5.51005554e+02,
       7.49123216e-01, 7.68787170e+02, 5.27378662e+02, 8.17228377e-01,
       0., 0., 0., 7.86265503e+02, 4.97856323e+02, 5.30007005e-01,
       1.60750989e+03, 4.41974335e+02, 1.61930755e-01, 1.61034814e+03,
       4.33152222e+02, 1.81353003e-01, 1.58097876e+03, 4.44949921e+02,
       1.65522024e-01, 1.56624329e+03, 6.92118896e+02, 4.26736355e-01,
       1.56344006e+03, 6.86327576e+02, 3.74572545e-01, 1.55452637e+03,
       6.00863770e+02, 4.83158112e-01 ]
