%YAML:1.0
---
pose_0: !!opencv-matrix
   rows: 1
   cols: 25
   dt: "3f"
   data: [ 7.39180969e+02, 4.83254944e+02, 8.77337813e-01,
       8.57067444e+02, 4.86107361e+02, 7.34883130e-01, 8.60071960e+02,
       5.68575012e+02, 6.89103723e-01, 9.74798340e+02, 6.59778259e+02,
       7.56719649e-01, 9.27719666e+02, 6.50916321e+02, 6.80457413e-01,
       8.53964844e+02, 4.12573883e+02, 5.90085208e-01, 9.42341797e+02,
       3.85959229e+02, 4.58215863e-01, 1.00126569e+03, 3.71328735e+02,
       7.70044684e-01, 1.12778467e+03, 5.00875305e+02, 5.70368171e-01,
       1.12193030e+03, 5.47981445e+02, 5.93271971e-01, 1.32785583e+03,
       5.74496338e+02, 6.80184126e-01, 1.51329736e+03, 5.77325684e+02,
       5.12501657e-01, 1.13072351e+03, 4.47916901e+02, 5.66356838e-01,
       1.35134741e+03, 4.59580688e+02, 7.65213549e-01, 1.56923779e+03,
       4.80171509e+02, 6.95122659e-01, 7.21620544e+02, 5.03807373e+02,
       8.16573560e-01, 7.21674866e+02, 4.65528076e+02, 7.67444313e-01,
       7.42259277e+02, 5.21509460e+02, 1.98712319e-01, 7.42343811e+02,
       4.36129822e+02, 5.84171891e-01, 1.63392322e+03, 4.50838379e+02,
       5.49825370e-01, 1.62513708e+03, 4.47863647e+02, 5.62296927e-01,
       1.58985730e+03, 4.94966431e+02, 3.75695467e-01, 1.57807959e+03,
       5.56842957e+02, 4.21300203e-01, 1.56330872e+03, 5.74327271e+02,
       4.25751179e-01, 1.54271130e+03, 5.68509155e+02, 2.50677466e-01 ]
