%YAML:1.0
---
pose_0: !!opencv-matrix
   rows: 1
   cols: 25
   dt: "3f"
   data: [ 7.71633667e+02, 5.15611572e+02, 8.11196208e-01,
       9.01101440e+02, 5.27200134e+02, 7.74487853e-01, 8.86408691e+02,
       5.98018982e+02, 6.74573898e-01, 1.01295551e+03, 6.51040100e+02,
       7.04608858e-01, 1.11885144e+03, 6.92030762e+02, 7.95878828e-01,
       9.10041382e+02, 4.56601410e+02, 7.07320333e-01, 1.03359900e+03,
       4.44968567e+02, 4.57807094e-01, 1.04838794e+03, 4.47869110e+02,
       6.11874700e-01, 1.15134424e+03, 5.50932495e+02, 6.46660447e-01,
       1.14255322e+03, 5.97943176e+02, 6.45662189e-01, 1.35136304e+03,
       6.27492554e+02, 6.69528127e-01, 1.51630737e+03, 6.77431213e+02,
       5.41099846e-01, 1.16015405e+03, 5.00885010e+02, 6.36049807e-01,
       1.37794495e+03, 4.86117004e+02, 5.92699170e-01, 1.54577283e+03,
       4.83306335e+02, 7.04882264e-01, 7.59848328e+02, 5.30290344e+02,
       8.47842216e-01, 7.62931030e+02, 5.00812714e+02, 8.82479012e-01,
       7.83409302e+02, 5.50992737e+02, 4.14289474e-01, 7.89193115e+02,
       4.74328186e+02, 6.28418446e-01, 1.61051697e+03, 4.56652740e+02,
       4.59726423e-01, 1.60457605e+03, 4.53743317e+02, 4.95785654e-01,
       1.57804089e+03, 4.83260620e+02, 3.33153754e-01, 1.58105786e+03,
       6.68608337e+02, 3.84236425e-01, 1.56630994e+03, 6.83353333e+02,
       3.43728006e-01, 1.55156445e+03, 6.92201538e+02, 2.75230974e-01 ]
