%YAML:1.0
---
pose_0: !!opencv-matrix
   rows: 1
   cols: 25
   dt: "3f"
   data: [ 7.62711365e+02, 3.68463196e+02, 8.76296401e-01,
       8.77510132e+02, 3.80208557e+02, 7.02169299e-01, 8.80566467e+02,
       4.53701050e+02, 6.62109017e-01, 1.00129810e+03, 4.92062714e+02,
       6.86098993e-01, 1.11008875e+03, 5.33206238e+02, 7.85237610e-01,
       8.80581055e+02, 3.03621277e+02, 6.39174104e-01, 9.80651306e+02,
       2.41761780e+02, 4.24393892e-01, 1.00417175e+03, 2.21159836e+02,
       3.58311743e-01, 1.14247949e+03, 3.56667969e+02, 5.80449343e-01,
       1.14252795e+03, 4.03730591e+02, 5.74814141e-01, 1.35150476e+03,
       4.53671082e+02, 7.11755633e-01, 1.54270483e+03, 5.30272217e+02,
       6.00320876e-01, 1.14241650e+03, 3.00749237e+02, 5.53272545e-01,
       1.32787463e+03, 2.74260773e+02, 5.53255320e-01, 1.56638940e+03,
       2.74205353e+02, 6.03601754e-01, 7.48150696e+02, 3.86143463e+02,
       7.72889376e-01, 7.48094299e+02, 3.53696106e+02, 8.06297123e-01,
       7.65696594e+02, 4.09556549e+02, 5.12851179e-01, 7.83317566e+02,
       3.30155518e+02, 5.06599545e-01, 1.63706531e+03, 2.80080963e+02,
       3.41860205e-01, 1.63688928e+03, 2.68403076e+02, 4.07184780e-01,
       1.59868274e+03, 2.71286713e+02, 2.82404035e-01, 1.61054248e+03,
       5.45018799e+02, 5.10777354e-01, 1.60455823e+03, 5.53773560e+02,
       4.84007567e-01, 1.56625842e+03, 5.33237000e+02, 3.45492601e-01 ]
