%YAML:1.0
---
pose_0: !!opencv-matrix
   rows: 1
   cols: 25
   dt: "3f"
   data: [ 7.18755981e+02, 4.36140869e+02, 8.61364603e-01,
       8.45202576e+02, 4.56619476e+02, 6.98105991e-01, 8.60030396e+02,
       5.30308533e+02, 6.24164283e-01, 9.92399719e+02, 5.74415527e+02,
       5.56143224e-01, 1.01302026e+03, 5.74390503e+02, 5.96871018e-01,
       8.33467712e+02, 3.83068451e+02, 6.06482327e-01, 9.09983704e+02,
       3.18356506e+02, 4.61197317e-01, 9.54101135e+02, 3.18396088e+02,
       7.16950238e-01, 1.13662317e+03, 4.71396759e+02, 5.51089883e-01,
       1.13069458e+03, 5.21404602e+02, 5.62479258e-01, 1.33676770e+03,
       5.30360779e+02, 5.56749582e-01, 1.51334387e+03, 5.36147461e+02,
       4.30238307e-01, 1.13948315e+03, 4.12594360e+02, 5.43683469e-01,
       1.34558838e+03, 4.36083618e+02, 6.52171850e-01, 1.57810388e+03,
       4.39007874e+02, 4.58913237e-01, 7.09846436e+02, 4.53658661e+02,
       6.87513590e-01, 7.15593994e+02, 4.21437256e+02, 7.31112361e-01,
       7.30373413e+02, 4.74302429e+02, 4.51541036e-01, 7.39235291e+02,
       4.06676575e+02, 4.92768705e-01, 1.64575891e+03, 4.15486847e+02,
       2.28269175e-01, 1.63703491e+03, 4.12573883e+02, 2.77331710e-01,
       1.62223279e+03, 4.56652191e+02, 2.10430786e-01, 1.53393811e+03,
       5.50893677e+02, 6.80735111e-02, 0., 0., 0., 1.54575354e+03,
       5.27388977e+02, 3.00424814e-01 ]
