%YAML:1.0
---
pose_0: !!opencv-matrix
   rows: 1
   cols: 25
   dt: "3f"
   data: [ 7.62719910e+02, 4.62606567e+02, 7.36323059e-01,
       8.36373901e+02, 5.44968018e+02, 6.43014252e-01, 8.51099304e+02,
       5.53929810e+02, 7.15230703e-01, 9.86494507e+02, 5.53956787e+02,
       6.57808244e-01, 0., 0., 0., 8.33464661e+02, 5.30328308e+02,
       3.65181416e-01, 0., 0., 0., 0., 0., 0., 1.14241614e+03,
       5.71494690e+02, 5.42795241e-01, 1.12774146e+03, 6.01002075e+02,
       4.62168872e-01, 1.37498975e+03, 5.06883820e+02, 8.25574696e-01,
       1.63101086e+03, 7.18649780e+02, 5.31238556e-01, 1.15715369e+03,
       5.33190430e+02, 4.34794128e-01, 1.36034814e+03, 4.62625519e+02,
       6.49586141e-01, 1.57805457e+03, 5.83298584e+02, 4.60960299e-01,
       7.42184021e+02, 4.80190582e+02, 7.31080055e-01, 7.45232910e+02,
       4.56578278e+02, 1.23815894e-01, 7.59861572e+02, 5.09731964e+02,
       4.74565774e-01, 0., 0., 0., 1.61337573e+03, 5.24435242e+02,
       1.56509459e-01, 1.60754639e+03, 5.27271240e+02, 1.67384639e-01,
       1.58993005e+03, 6.01008179e+02, 2.41738617e-01, 1.66932434e+03,
       7.21581604e+02, 2.47268811e-01, 1.65760498e+03, 7.39168335e+02,
       3.27132523e-01, 1.64578662e+03, 7.42149841e+02, 3.49241793e-01 ]
