%YAML:1.0
---
pose_0: !!opencv-matrix
   rows: 1
   cols: 25
   dt: "3f"
   data: [ 7.45087219e+02, 4.94899017e+02, 8.36992741e-01,
       8.62899780e+02, 5.24406677e+02, 7.67885089e-01, 8.54070557e+02,
       5.92038696e+02, 7.40865946e-01, 9.54118408e+02, 6.47899048e+02,
       8.47124696e-01, 1.04531689e+03, 7.24580139e+02, 8.10545146e-01,
       8.80461731e+02, 4.56590454e+02, 7.12742746e-01, 1.02178290e+03,
       4.24294128e+02, 7.36093640e-01, 1.11293970e+03, 3.62542023e+02,
       8.32167268e-01, 1.12191089e+03, 5.09717316e+02, 5.69529176e-01,
       1.12189771e+03, 5.56790466e+02, 5.72413802e-01, 1.33077380e+03,
       5.71396362e+02, 7.05286920e-01, 1.54286047e+03, 5.56772095e+02,
       6.47283077e-01, 1.11899524e+03, 4.59673340e+02, 5.95152438e-01,
       1.34262366e+03, 4.41970001e+02, 6.36602998e-01, 1.56632483e+03,
       4.33151337e+02, 6.51895881e-01, 7.33330933e+02, 5.06820007e+02,
       8.56870890e-01, 7.39205078e+02, 4.80086182e+02, 9.04501915e-01,
       7.42278259e+02, 5.39103271e+02, 6.13162816e-01, 7.62775513e+02,
       4.56787018e+02, 6.55367076e-01, 1.63984058e+03, 4.24298889e+02,
       3.57229710e-01, 1.63686646e+03, 4.15563751e+02, 4.14435267e-01,
       1.60743066e+03, 4.30215607e+02, 2.34801233e-01, 1.61052795e+03,
       5.92119629e+02, 3.42581540e-01, 1.61037073e+03, 5.92120789e+02,
       3.47274423e-01, 1.57516992e+03, 5.39161926e+02, 4.19343591e-01 ]
