%YAML:1.0
---
pose_0: !!opencv-matrix
   rows: 1
   cols: 25
   dt: "3f"
   data: [ 7.15732788e+02, 4.80226563e+02, 8.82643938e-01,
       8.12762390e+02, 4.77299713e+02, 7.72446513e-01, 8.04056152e+02,
       5.33260132e+02, 6.75252497e-01, 9.33508118e+02, 5.80281738e+02,
       4.78014708e-01, 1.07174573e+03, 6.27488037e+02, 7.61987925e-01,
       8.24619629e+02, 4.09646271e+02, 6.95684493e-01, 9.60044861e+02,
       3.62431976e+02, 7.61491179e-01, 1.08654919e+03, 3.21327606e+02,
       8.03653002e-01, 1.07180090e+03, 4.97926270e+02, 6.10901773e-01,
       1.06884033e+03, 5.44995850e+02, 6.22137547e-01, 1.28965210e+03,
       5.77445984e+02, 7.34309137e-01, 1.50155103e+03, 5.77477661e+02,
       5.87001562e-01, 1.07480554e+03, 4.47859802e+02, 5.53212643e-01,
       1.28378101e+03, 4.38995514e+02, 3.47319305e-01, 0., 0., 0.,
       7.00947693e+02, 4.89119690e+02, 7.62169659e-01, 7.06864990e+02,
       4.59541382e+02, 8.51250768e-01, 7.18674194e+02, 5.09688721e+02,
       4.59161282e-01, 7.33368225e+02, 4.33251556e+02, 6.49896383e-01,
       0., 0., 0., 0., 0., 0., 0., 0., 0., 1.59867798e+03,
       5.71449890e+02, 2.57010520e-01, 1.58687000e+03, 5.80298035e+02,
       2.23118216e-01, 1.53101733e+03, 5.74459106e+02, 3.66526186e-01 ]
