%YAML:1.0
---
pose_0: !!opencv-matrix
   rows: 1
   cols: 25
   dt: "3f"
   data: [ 7.65762329e+02, 5.21409851e+02, 8.47637296e-01,
       8.83359375e+02, 5.24394043e+02, 8.06992412e-01, 8.77534302e+02,
       6.00865234e+02, 7.10050046e-01, 9.98319336e+02, 6.42162476e+02,
       7.05728352e-01, 1.11302087e+03, 6.68622620e+02, 7.82318830e-01,
       9.04052612e+02, 4.41958038e+02, 7.17840195e-01, 1.04241895e+03,
       4.18511108e+02, 8.08893085e-01, 9.98361572e+02, 4.77206360e+02,
       8.60919952e-01, 1.13950122e+03, 5.47888916e+02, 6.38186932e-01,
       1.13652002e+03, 5.92065735e+02, 6.26384854e-01, 1.30739075e+03,
       6.09712158e+02, 6.69210553e-01, 1.50155713e+03, 6.65676697e+02,
       5.92231035e-01, 1.14253918e+03, 4.95004486e+02, 6.18594706e-01,
       1.36615771e+03, 4.80339783e+02, 6.17074847e-01, 1.54277515e+03,
       4.86134247e+02, 6.94057107e-01, 7.51080566e+02, 5.30380737e+02,
       8.09607744e-01, 7.59816284e+02, 5.03697601e+02, 8.73256385e-01,
       7.71614441e+02, 5.53712463e+02, 5.64571083e-01, 7.80505066e+02,
       4.74353882e+02, 6.43231273e-01, 1.61332874e+03, 4.56688049e+02,
       4.69365060e-01, 1.60748999e+03, 4.53759155e+02, 4.86675799e-01,
       1.56636292e+03, 4.86170013e+02, 2.95420647e-01, 1.57511243e+03,
       6.68604736e+02, 5.64970136e-01, 1.56329395e+03, 6.80440002e+02,
       5.08657873e-01, 1.51924329e+03, 6.68557190e+02, 3.01497340e-01 ]
