%YAML:1.0
---
pose_0: !!opencv-matrix
   rows: 1
   cols: 25
   dt: "3f"
   data: [ 7.92202759e+02, 3.89091339e+02, 5.24630010e-01,
       8.62909790e+02, 4.39042938e+02, 4.85720217e-01, 8.80586853e+02,
       4.80128387e+02, 6.95339680e-01, 9.95373718e+02, 5.50819824e+02,
       8.40798378e-01, 1.11012061e+03, 4.83333679e+02, 7.60161877e-01,
       8.51086548e+02, 3.89065918e+02, 3.38028759e-01, 9.39426941e+02,
       3.97848602e+02, 7.09444731e-02, 0., 0., 0., 1.18370398e+03,
       4.86096405e+02, 5.86262763e-01, 1.17775842e+03, 5.27356018e+02,
       5.11196613e-01, 1.35450110e+03, 5.03808044e+02, 7.83195913e-01,
       1.58986316e+03, 6.39212158e+02, 5.96376181e-01, 1.18953601e+03,
       4.44958069e+02, 5.51876247e-01, 1.37506689e+03, 3.80098511e+02,
       8.00490856e-01, 1.54868347e+03, 4.91999329e+02, 5.69217384e-01,
       7.83360657e+02, 4.09551056e+02, 3.10394347e-01, 7.86312744e+02,
       3.88946472e+02, 1.47739291e-01, 7.89383789e+02, 4.30230835e+02,
       2.89917588e-01, 0., 0., 0., 1.59283081e+03, 4.39041199e+02,
       2.77176797e-01, 1.58991943e+03, 4.39055511e+02, 2.79082626e-01,
       1.56333533e+03, 5.24395813e+02, 3.59479606e-01, 1.65461890e+03,
       6.71651489e+02, 4.64089811e-01, 1.63396277e+03, 6.83335815e+02,
       4.60263193e-01, 1.61338831e+03, 6.53882874e+02, 2.94627398e-01 ]
