%YAML:1.0
---
pose_0: !!opencv-matrix
   rows: 1
   cols: 25
   dt: "3f"
   data: [ 6.98158630e+02, 5.51004150e+02, 8.61809850e-01,
       7.89354065e+02, 4.92004242e+02, 6.44032776e-01, 7.89199646e+02,
       5.50944153e+02, 6.78749323e-01, 9.06990479e+02, 5.92095215e+02,
       3.63302559e-01, 9.83535095e+02, 6.15594177e+02, 3.41428965e-01,
       7.92279785e+02, 4.36120819e+02, 4.83215570e-01, 9.15802612e+02,
       3.68502808e+02, 7.43863583e-01, 1.04825427e+03, 3.77216614e+02,
       7.76577115e-01, 1.11300220e+03, 5.00822754e+02, 5.35969496e-01,
       1.10424377e+03, 5.50887207e+02, 5.71420491e-01, 1.30728699e+03,
       5.80351257e+02, 6.99410617e-01, 1.58979333e+03, 6.21591492e+02,
       5.77865064e-01, 1.11597644e+03, 4.39027771e+02, 5.13614476e-01,
       1.33084802e+03, 4.62695526e+02, 6.73552573e-01, 1.60747217e+03,
       4.74370270e+02, 5.60689390e-01, 6.92248962e+02, 5.56789795e+02,
       1.11299746e-01, 6.92282715e+02, 5.36239502e+02, 8.30572128e-01,
       0., 0., 0., 7.12676514e+02, 4.97948822e+02, 6.83033347e-01,
       1.67810645e+03, 4.36047150e+02, 3.28514367e-01, 1.67223108e+03,
       4.33184906e+02, 3.80530268e-01, 1.64868384e+03, 5.00886841e+02,
       2.96251535e-01, 1.69582764e+03, 6.36246094e+02, 2.20691234e-01,
       1.68110974e+03, 6.50985474e+02, 2.30949014e-01, 1.61932727e+03,
       6.15667236e+02, 3.43395114e-01 ]
