%YAML:1.0
---
pose_0: !!opencv-matrix
   rows: 1
   cols: 25
   dt: "3f"
   data: [ 6.89261536e+02, 5.50726135e+02, 7.43498981e-01,
       7.65859253e+02, 4.80252075e+02, 4.77951169e-01, 7.62739319e+02,
       4.80278259e+02, 3.31015289e-01, 0., 0., 0., 0., 0., 0.,
       7.71611633e+02, 4.80292542e+02, 7.57810235e-01, 9.30560974e+02,
       5.06651825e+02, 8.54463577e-01, 9.54142090e+02, 6.45033264e+02,
       6.64983392e-01, 1.07481335e+03, 4.36122742e+02, 2.26272002e-01,
       0., 0., 0., 0., 0., 0., 0., 0., 0., 1.09833655e+03,
       4.18467896e+02, 2.13406354e-01, 1.35735083e+03, 5.30262451e+02,
       5.65046549e-01, 1.66348669e+03, 4.09607635e+02, 3.76226783e-01,
       0., 0., 0., 6.74538757e+02, 5.30149719e+02, 7.54003286e-01, 0.,
       0., 0., 6.95025696e+02, 4.83272034e+02, 6.58110082e-01,
       1.72523657e+03, 3.62490417e+02, 3.87080967e-01, 1.72525476e+03,
       3.62554230e+02, 3.51090640e-01, 1.69579810e+03, 4.24304016e+02,
       1.31892920e-01, 0., 0., 0., 0., 0., 0., 0., 0., 0. ]
