%YAML:1.0
---
pose_0: !!opencv-matrix
   rows: 1
   cols: 25
   dt: "3f"
   data: [ 8.15863464e+02, 3.86058990e+02, 7.58329332e-01,
       9.30501282e+02, 4.30250824e+02, 6.70077562e-01, 9.09999878e+02,
       4.83117401e+02, 7.45138347e-01, 1.03068970e+03, 5.50859070e+02,
       7.79059172e-01, 1.03950220e+03, 4.21377930e+02, 6.74060524e-01,
       9.48193726e+02, 3.80177032e+02, 3.64196271e-01, 1.02179395e+03,
       3.65350525e+02, 1.10180058e-01, 1.02180573e+03, 3.62475037e+02,
       5.28614298e-02, 1.18369556e+03, 3.62591095e+02, 5.01736760e-01,
       1.18667224e+03, 4.12604523e+02, 5.47384322e-01, 1.40152844e+03,
       4.83183044e+02, 8.42211783e-01, 1.51922339e+03, 6.45154724e+02,
       6.11382127e-01, 1.17193286e+03, 3.15327301e+02, 5.57374120e-01,
       1.35451355e+03, 2.47733490e+02, 7.26936221e-01, 1.56331897e+03,
       2.62417633e+02, 5.51155269e-01, 8.06946411e+02, 4.06594147e+02,
       6.54834032e-01, 8.04018433e+02, 3.74303314e+02, 4.89134789e-01,
       8.33339294e+02, 4.44908691e+02, 5.16287029e-01, 0., 0., 0.,
       1.64581897e+03, 2.06536942e+02, 3.98604155e-01, 1.64577112e+03,
       2.06509644e+02, 3.58065963e-01, 1.59870215e+03, 2.71222351e+02,
       3.62180650e-01, 1.61336011e+03, 6.80401794e+02, 6.03960335e-01,
       1.58984485e+03, 6.92203796e+02, 5.97752750e-01, 1.51622131e+03,
       6.68564087e+02, 3.86267304e-01 ]
