%YAML:1.0
---
pose_0: !!opencv-matrix
   rows: 2
   cols: 25
   dt: "3f"
   data: [ 0., 0., 0., 0., 0., 0., 8.51093750e+02, 4.33146088e+02,
       3.21174502e-01, 7.59882202e+02, 3.39031799e+02, 7.71518409e-01,
       6.42165283e+02, 3.56556213e+02, 7.59652376e-01, 0., 0., 0., 0.,
       0., 0., 0., 0., 0., 0., 0., 0., 0., 0., 0., 0., 0., 0., 0., 0.,
       0., 0., 0., 0., 0., 0., 0., 0., 0., 0., 0., 0., 0., 0., 0., 0.,
       0., 0., 0., 0., 0., 0., 0., 0., 0., 0., 0., 0., 0., 0., 0., 0.,
       0., 0., 0., 0., 0., 0., 0., 0., 7.68692932e+02, 5.30362000e+02,
       7.62617961e-02, 8.56954895e+02, 5.03890900e+02, 5.43640196e-01,
       8.74622314e+02, 5.86243530e+02, 2.10216373e-01, 9.98301758e+02,
       6.00875549e+02, 1.43750444e-01, 1.09247009e+03, 6.47964294e+02,
       6.53448999e-02, 8.39333496e+02, 4.44962067e+02, 5.67893982e-02,
       0., 0., 0., 0., 0., 0., 1.10716553e+03, 5.15609741e+02,
       5.22285819e-01, 1.09834399e+03, 5.71410522e+02, 5.17126501e-01,
       1.31615588e+03, 6.36260437e+02, 6.84994221e-01, 1.53975586e+03,
       6.95059509e+02, 6.43483698e-01, 1.11600720e+03, 4.62547455e+02,
       5.18595159e-01, 1.31610925e+03, 4.36030945e+02, 6.56910658e-01,
       1.39854407e+03, 3.83102722e+02, 2.95305401e-01, 7.62693848e+02,
       5.27338684e+02, 6.73577487e-02, 0., 0., 0., 0., 0., 0., 0., 0.,
       0., 1.47503271e+03, 3.71345306e+02, 2.32409418e-01,
       1.46922571e+03, 3.62488159e+02, 2.33111411e-01, 1.40153455e+03,
       3.53669098e+02, 1.48259461e-01, 1.61346899e+03, 6.92064758e+02,
       2.94000536e-01, 1.60751367e+03, 7.00994873e+02, 2.71270305e-01,
       1.56629504e+03, 6.95145081e+02, 3.49118680e-01 ]
