%YAML:1.0
---
pose_0: !!opencv-matrix
   rows: 1
   cols: 25
   dt: "3f"
   data: [ 0., 0., 0., 8.45182556e+02, 5.59728394e+02, 5.29976226e-02,
       0., 0., 0., 0., 0., 0., 0., 0., 0., 0., 0., 0., 0., 0., 0., 0.,
       0., 0., 1.08652942e+03, 5.27401794e+02, 2.81057686e-01,
       1.08359119e+03, 5.92090393e+02, 2.45672643e-01, 1.18958801e+03,
       6.48065186e+02, 1.85243219e-01, 0., 0., 0., 1.07477966e+03,
       4.62572784e+02, 3.11872751e-01, 1.32495361e+03, 5.24344116e+02,
       4.11168307e-01, 1.66637695e+03, 5.62662048e+02, 2.80784935e-01,
       0., 0., 0., 0., 0., 0., 0., 0., 0., 0., 0., 0., 1.73113367e+03,
       5.27282227e+02, 8.14775378e-02, 1.73114697e+03, 5.27314514e+02,
       7.41703808e-02, 1.71934253e+03, 6.18537354e+02, 2.04725578e-01,
       0., 0., 0., 0., 0., 0., 0., 0., 0. ]
