%YAML:1.0
---
pose_0: !!opencv-matrix
   rows: 1
   cols: 25
   dt: "3f"
   data: [ 6.44946289e+02, 4.80120300e+02, 8.69397461e-01,
       7.80483643e+02, 4.83193024e+02, 6.85637891e-01, 7.74613586e+02,
       5.56795776e+02, 6.37466848e-01, 9.30677734e+02, 6.33337769e+02,
       6.20770693e-01, 9.86507629e+02, 6.24399780e+02, 3.91849220e-01,
       7.77559387e+02, 4.09619110e+02, 6.13083065e-01, 9.54227417e+02,
       3.89087555e+02, 8.59080315e-01, 8.18729431e+02, 3.85908417e+02,
       7.69811749e-01, 1.07480615e+03, 4.97909637e+02, 5.33669472e-01,
       1.07184167e+03, 5.47938721e+02, 5.66080213e-01, 1.31906909e+03,
       5.39085754e+02, 6.72389209e-01, 1.59279553e+03, 5.56801697e+02,
       5.86206853e-01, 1.07191528e+03, 4.36201477e+02, 4.99048829e-01,
       1.32497644e+03, 4.36050171e+02, 6.08540535e-01, 1.54279968e+03,
       4.44918976e+02, 3.91423076e-01, 6.24401917e+02, 4.89093140e+02,
       8.18302989e-01, 6.27434937e+02, 4.56641205e+02, 8.59574616e-01,
       6.45054688e+02, 5.09691284e+02, 2.65767992e-01, 6.56874939e+02,
       4.18469879e+02, 5.12560427e-01, 1.63702527e+03, 4.30211884e+02,
       3.54952902e-01, 1.63691357e+03, 4.30160919e+02, 4.13984627e-01,
       1.62220190e+03, 4.68476379e+02, 1.65089667e-01, 1.69871533e+03,
       5.53927185e+02, 4.45703506e-01, 1.68405286e+03, 5.71474060e+02,
       4.29224223e-01, 1.62221277e+03, 5.36197754e+02, 2.60864705e-01 ]
