%YAML:1.0
---
pose_0: !!opencv-matrix
   rows: 1
   cols: 25
   dt: "3f"
   data: [ 0., 0., 0., 0., 0., 0., 0., 0., 0., 0., 0., 0., 0., 0., 0.,
       0., 0., 0., 0., 0., 0., 0., 0., 0., 1.09247522e+03,
       2.24209702e+02, 1.43152907e-01, 1.07480701e+03, 2.27149063e+02,
       1.23969041e-01, 1.14838684e+03, 1.94724350e+02, 8.38235766e-02,
       1.34850098e+03, 1.56523270e+02, 7.12101832e-02, 1.10419275e+03,
       2.21255020e+02, 1.33184254e-01, 1.18372522e+03, 1.91774658e+02,
       1.43689528e-01, 1.35434229e+03, 1.53576508e+02, 4.07220125e-01,
       0., 0., 0., 0., 0., 0., 0., 0., 0., 0., 0., 0., 1.51627844e+03,
       1.21160873e+02, 5.17657697e-02, 1.51038318e+03, 1.24083412e+02,
       5.45455888e-02, 1.37209143e+03, 1.65278442e+02, 1.69213250e-01,
       0., 0., 0., 0., 0., 0., 0., 0., 0. ]
