%YAML:1.0
---
pose_0: !!opencv-matrix
   rows: 1
   cols: 25
   dt: "3f"
   data: [ 6.42132202e+02, 5.21393921e+02, 7.86922157e-01,
       7.83384644e+02, 5.03752869e+02, 6.79994047e-01, 7.89354004e+02,
       5.98058777e+02, 5.54437518e-01, 8.62879395e+02, 7.42272705e+02,
       5.14495194e-01, 8.54020020e+02, 7.03919128e+02, 1.67051718e-01,
       7.89344177e+02, 4.03691498e+02, 6.33187711e-01, 9.30679749e+02,
       3.65579834e+02, 7.51705527e-01, 1.02470996e+03, 3.65398682e+02,
       8.84679854e-01, 1.07180664e+03, 5.42068237e+02, 5.19576192e-01,
       1.06008289e+03, 5.97930603e+02, 5.64661026e-01, 1.21015771e+03,
       6.18546021e+02, 4.08691227e-01, 1.49267053e+03, 5.97970337e+02,
       2.95510530e-01, 1.07181897e+03, 4.80208282e+02, 5.01010239e-01,
       1.25434106e+03, 4.83178925e+02, 6.03266478e-01, 1.63402637e+03,
       5.12660950e+02, 3.19802344e-01, 6.24440491e+02, 5.33335083e+02,
       8.15691888e-01, 6.24416504e+02, 5.00882904e+02, 8.74603152e-01,
       6.45033691e+02, 5.56731445e+02, 2.09170595e-01, 6.48115601e+02,
       4.62629211e+02, 6.08243883e-01, 1.70461890e+03, 4.77210144e+02,
       8.43519568e-02, 1.70461658e+03, 4.77235199e+02, 9.73459706e-02,
       1.64873792e+03, 5.30314636e+02, 1.88813105e-01, 1.49567432e+03,
       6.59785278e+02, 1.44887805e-01, 1.48980310e+03, 6.50965149e+02,
       1.49050117e-01, 1.51037854e+03, 6.03870422e+02, 1.47432670e-01 ]
