%YAML:1.0
---
pose_0: !!opencv-matrix
   rows: 1
   cols: 25
   dt: "3f"
   data: [ 7.12788086e+02, 5.56725952e+02, 8.05040359e-01,
       7.95218323e+02, 4.77344574e+02, 5.53397238e-01, 7.89253662e+02,
       5.27253296e+02, 4.06688511e-01, 0., 0., 0., 0., 0., 0.,
       8.03945374e+02, 4.36048065e+02, 6.42853677e-01, 9.09962524e+02,
       3.88973175e+02, 7.62093902e-01, 1.07193982e+03, 4.30188629e+02,
       8.18427205e-01, 1.10718945e+03, 5.03757935e+02, 5.54916978e-01,
       1.09837402e+03, 5.47948242e+02, 5.95632255e-01, 1.30444604e+03,
       6.03846375e+02, 7.75714040e-01, 1.49858740e+03, 5.56802185e+02,
       5.95352173e-01, 1.11305688e+03, 4.53792480e+02, 5.36258280e-01,
       1.36619470e+03, 4.59764587e+02, 6.71970129e-01, 1.60164978e+03,
       4.68450317e+02, 5.65360665e-01, 6.95123169e+02, 5.56783264e+02,
       5.22068292e-02, 6.98047668e+02, 5.42083191e+02, 7.49295592e-01,
       0., 0., 0., 7.15745605e+02, 4.94994049e+02, 5.99997282e-01,
       1.68102893e+03, 5.12611145e+02, 1.95947140e-01, 1.68099170e+03,
       5.00833771e+02, 1.81645915e-01, 1.64283362e+03, 4.83184509e+02,
       2.06933379e-01, 1.50745801e+03, 5.77429504e+02, 5.21934181e-02,
       0., 0., 0., 1.52513989e+03, 5.44965271e+02, 3.31858456e-01 ]
