%YAML:1.0
---
pose_0: !!opencv-matrix
   rows: 1
   cols: 25
   dt: "3f"
   data: [ 7.45109680e+02, 4.86154968e+02, 7.83631265e-01,
       8.27574097e+02, 4.24319916e+02, 4.98048604e-01, 8.12834167e+02,
       4.53761230e+02, 3.69929969e-01, 0., 0., 0., 0., 0., 0.,
       8.36277954e+02, 4.09584351e+02, 7.88784742e-01, 9.65895874e+02,
       5.00849121e+02, 7.98079848e-01, 8.27584534e+02, 5.33199585e+02,
       7.60177612e-01, 1.09834351e+03, 4.21352692e+02, 2.96445817e-01,
       1.06893176e+03, 4.39048340e+02, 1.69149175e-01, 1.32200623e+03,
       4.59656982e+02, 2.37935424e-01, 1.58985315e+03, 4.03733459e+02,
       1.83846086e-01, 1.11895715e+03, 4.12525574e+02, 2.64467359e-01,
       1.33087512e+03, 4.77335175e+02, 6.18314624e-01, 1.57809094e+03,
       4.06698120e+02, 3.30414832e-01, 7.36250000e+02, 4.86085846e+02,
       1.55558363e-01, 7.39231262e+02, 4.77214417e+02, 8.05617213e-01,
       0., 0., 0., 7.45179321e+02, 4.30237762e+02, 6.32566333e-01,
       1.68399744e+03, 3.65419189e+02, 2.66246855e-01, 1.68405750e+03,
       3.62586914e+02, 2.33401418e-01, 1.67226306e+03, 4.09546478e+02,
       1.31936818e-01, 1.68411096e+03, 3.62493073e+02, 2.23096982e-01,
       1.68114331e+03, 3.71389862e+02, 1.49005815e-01, 1.67224707e+03,
       3.92006836e+02, 7.22523481e-02 ]
