%YAML:1.0
---
pose_0: !!opencv-matrix
   rows: 1
   cols: 25
   dt: "3f"
   data: [ 7.68714844e+02, 4.09488556e+02, 8.27925861e-01,
       8.48189758e+02, 4.09639862e+02, 6.46258175e-01, 8.62916748e+02,
       4.74307678e+02, 4.85161573e-01, 9.51135803e+02, 5.03787262e+02,
       2.83987284e-01, 9.80704956e+02, 5.09663025e+02, 6.88175559e-01,
       8.45211975e+02, 3.59501923e+02, 6.15893483e-01, 1.00711761e+03,
       2.91837463e+02, 6.88448191e-01, 1.14242688e+03, 2.50632568e+02,
       8.23805273e-01, 1.11297705e+03, 4.06608307e+02, 5.24914265e-01,
       1.10130737e+03, 4.56593475e+02, 5.52011013e-01, 1.33965576e+03,
       5.27389648e+02, 7.71931887e-01, 1.53980652e+03, 5.65608643e+02,
       5.96393704e-01, 1.11302051e+03, 3.44895081e+02, 4.82834727e-01,
       1.35435315e+03, 3.56568329e+02, 4.38967705e-01, 1.56928540e+03,
       3.15470520e+02, 5.15723348e-01, 7.59764465e+02, 4.15562958e+02,
       8.09453011e-01, 7.62675110e+02, 3.86194611e+02, 8.42409253e-01,
       7.65839783e+02, 4.39018280e+02, 3.84374529e-01, 7.77503540e+02,
       3.62637604e+02, 6.62283540e-01, 1.63695325e+03, 2.65304169e+02,
       4.79080766e-01, 1.63407532e+03, 2.65337433e+02, 4.25428957e-01,
       1.60749561e+03, 3.24238525e+02, 2.28504062e-01, 1.59281482e+03,
       6.21502014e+02, 3.43932837e-01, 1.59870142e+03, 6.15618225e+02,
       3.22720438e-01, 1.57220239e+03, 5.50870667e+02, 4.43764150e-01 ]
