%YAML:1.0
---
pose_0: !!opencv-matrix
   rows: 1
   cols: 25
   dt: "3f"
   data: [ 7.39313477e+02, 3.92000641e+02, 8.69529665e-01,
       8.60036377e+02, 3.89000397e+02, 7.36855209e-01, 8.80625244e+02,
       4.80113251e+02, 7.38755167e-01, 1.00120740e+03, 5.09791382e+02,
       7.57410347e-01, 1.10419617e+03, 5.74532227e+02, 8.12637031e-01,
       8.56965576e+02, 3.06563446e+02, 6.63594544e-01, 9.74718201e+02,
       2.09509247e+02, 7.95508862e-01, 1.11602002e+03, 2.44776840e+02,
       7.46889234e-01, 1.13955200e+03, 3.71385986e+02, 5.61575592e-01,
       1.13947217e+03, 4.24283447e+02, 5.81538200e-01, 1.34264258e+03,
       4.65497009e+02, 7.21061885e-01, 1.53985669e+03, 5.36185303e+02,
       5.97009361e-01, 1.14242175e+03, 3.18411194e+02, 5.86495757e-01,
       1.37202539e+03, 2.97739227e+02, 4.40991700e-01, 1.56924805e+03,
       2.94857422e+02, 6.50036871e-01, 7.24532898e+02, 4.09734802e+02,
       8.04668009e-01, 7.24548828e+02, 3.74334045e+02, 7.58592308e-01,
       7.45185669e+02, 4.30248230e+02, 2.40163654e-01, 7.42242615e+02,
       3.41996552e+02, 4.12602961e-01, 1.63993408e+03, 2.68318115e+02,
       4.87503886e-01, 1.63689832e+03, 2.65399231e+02, 5.06015539e-01,
       1.59868018e+03, 3.00749298e+02, 2.70444244e-01, 1.61630237e+03,
       5.44953552e+02, 5.75556815e-01, 1.60755139e+03, 5.53798523e+02,
       5.46343386e-01, 1.56335938e+03, 5.39127197e+02, 3.13548535e-01 ]
