%YAML:1.0
---
pose_0: !!opencv-matrix
   rows: 1
   cols: 25
   dt: "3f"
   data: [ 7.65678162e+02, 5.94968201e+02, 8.74342263e-01,
       8.65854431e+02, 5.89096436e+02, 6.67974710e-01, 8.59940735e+02,
       6.45131958e+02, 6.02817237e-01, 9.30549561e+02, 6.71586792e+02,
       3.15501422e-01, 1.02172058e+03, 7.09847900e+02, 6.17550731e-01,
       8.83421326e+02, 5.27342407e+02, 7.18778014e-01, 1.01291852e+03,
       4.86084534e+02, 7.66139984e-01, 1.12488220e+03, 4.80210876e+02,
       8.15727234e-01, 1.11893774e+03, 6.00830627e+02, 6.27498150e-01,
       1.11597888e+03, 6.45096863e+02, 5.94604015e-01, 1.29549658e+03,
       6.51036621e+02, 5.10247707e-01, 1.50154419e+03, 6.36195313e+02,
       3.81444782e-01, 1.12482166e+03, 5.50874451e+02, 6.05898559e-01,
       1.28970081e+03, 5.97954773e+02, 7.59827971e-01, 1.54280676e+03,
       6.18631836e+02, 4.89759803e-01, 7.51035461e+02, 6.01011902e+02,
       8.00820231e-01, 7.56948486e+02, 5.74462280e+02, 8.54885757e-01,
       7.65822937e+02, 6.21609802e+02, 4.77069169e-01, 7.74551025e+02,
       5.51007080e+02, 6.62319601e-01, 1.64282764e+03, 6.06798950e+02,
       1.78545833e-01, 1.63988855e+03, 6.03845459e+02, 2.07274199e-01,
       1.58687122e+03, 6.45076904e+02, 2.43559629e-01, 0., 0., 0., 0.,
       0., 0., 1.50155225e+03, 6.45037659e+02, 9.40116495e-02 ]
