%YAML:1.0
---
pose_0: !!opencv-matrix
   rows: 1
   cols: 25
   dt: "3f"
   data: [ 7.21605103e+02, 4.50836700e+02, 8.08373809e-01,
       8.39409729e+02, 4.50756897e+02, 6.67533875e-01, 8.42300537e+02,
       5.27342896e+02, 7.20340133e-01, 9.74592651e+02, 5.77439514e+02,
       7.47063994e-01, 1.07768445e+03, 6.39189636e+02, 7.38660395e-01,
       8.39403809e+02, 3.71373749e+02, 5.57840228e-01, 9.86469849e+02,
       3.18504578e+02, 7.73769915e-01, 1.09836230e+03, 2.94785553e+02,
       8.69114280e-01, 1.10132349e+03, 4.65561371e+02, 5.52702010e-01,
       1.09534241e+03, 5.18467041e+02, 5.77601016e-01, 1.29262988e+03,
       5.44931519e+02, 6.83878481e-01, 1.53979102e+03, 5.68515015e+02,
       5.33163130e-01, 1.11305957e+03, 4.12538635e+02, 5.70533514e-01,
       1.34259314e+03, 4.09632141e+02, 5.10809958e-01, 1.56044482e+03,
       4.06677704e+02, 5.74226022e-01, 7.06918701e+02, 4.62551361e+02,
       7.83539653e-01, 7.12826843e+02, 4.30195587e+02, 8.68725598e-01,
       7.24557373e+02, 4.83179749e+02, 2.76967496e-01, 7.39231689e+02,
       3.92029480e+02, 5.78452468e-01, 1.61348413e+03, 3.62436829e+02,
       2.91258812e-01, 1.61337305e+03, 3.65372864e+02, 3.55414242e-01,
       1.61342700e+03, 4.09578156e+02, 2.13177443e-01, 1.60744934e+03,
       5.30361023e+02, 2.10532308e-01, 1.59280811e+03, 5.45037537e+02,
       1.41415611e-01, 1.58104980e+03, 5.59706482e+02, 2.02068031e-01 ]
