%YAML:1.0
---
pose_0: !!opencv-matrix
   rows: 1
   cols: 25
   dt: "3f"
   data: [ 7.83309143e+02, 4.65608398e+02, 7.76619971e-01,
       8.59977112e+02, 4.21353851e+02, 6.91347599e-01, 8.56906738e+02,
       4.74329315e+02, 4.45872217e-01, 0., 0., 0., 0., 0., 0.,
       8.80401855e+02, 3.62523743e+02, 7.47032225e-01, 9.98257751e+02,
       3.59623322e+02, 7.54819036e-01, 1.12198914e+03, 3.44816986e+02,
       7.62040555e-01, 1.11590979e+03, 4.68526520e+02, 5.47930121e-01,
       1.11008508e+03, 5.15575623e+02, 5.55853665e-01, 1.31613879e+03,
       5.68516846e+02, 7.08954155e-01, 1.52220898e+03, 5.83251831e+02,
       5.47672927e-01, 1.11601672e+03, 4.15562103e+02, 5.46250582e-01,
       1.33376318e+03, 4.27287445e+02, 6.87281370e-01, 1.56633765e+03,
       4.33175079e+02, 5.53560793e-01, 7.65651611e+02, 4.80176697e+02,
       7.71699667e-01, 7.65772461e+02, 4.56601685e+02, 8.34820747e-01,
       0., 0., 0., 7.74562012e+02, 4.12495117e+02, 6.56612098e-01,
       1.63104053e+03, 4.06647034e+02, 1.95779547e-01, 1.62512183e+03,
       4.06659698e+02, 2.55175054e-01, 1.60746838e+03, 4.33111389e+02,
       2.48799324e-01, 1.61640149e+03, 5.77375916e+02, 2.09132060e-01,
       1.61343420e+03, 5.97908752e+02, 1.78994700e-01, 1.56631909e+03,
       5.71506287e+02, 2.62680173e-01 ]
