%YAML:1.0
---
pose_0: !!opencv-matrix
   rows: 1
   cols: 25
   dt: "3f"
   data: [ 7.18531250e+02, 4.92040710e+02, 8.79400253e-01,
       8.56970642e+02, 5.03884613e+02, 6.69731677e-01, 8.59958984e+02,
       5.77381104e+02, 6.51922762e-01, 9.71798462e+02, 5.97916626e+02,
       1.43621653e-01, 0., 0., 0., 8.45191040e+02, 4.36046936e+02,
       5.26072562e-01, 1.00710675e+03, 3.77247192e+02, 6.70314431e-01,
       1.14547607e+03, 3.39100311e+02, 8.48376632e-01, 1.12772595e+03,
       5.18525391e+02, 5.50724804e-01, 1.12479260e+03, 5.68528137e+02,
       5.65342009e-01, 1.33674011e+03, 5.53827271e+02, 5.64564705e-01,
       1.57513745e+03, 5.09710938e+02, 6.14622951e-01, 1.13363452e+03,
       4.65528839e+02, 5.70376158e-01, 1.29844971e+03, 4.56812256e+02,
       6.47104025e-01, 1.49274500e+03, 4.18448669e+02, 5.34962833e-01,
       7.03902161e+02, 5.06653046e+02, 8.10172379e-01, 7.12738892e+02,
       4.77220123e+02, 8.69113326e-01, 7.18678650e+02, 5.27281372e+02,
       3.40403855e-01, 7.39207214e+02, 4.47915283e+02, 6.51081800e-01,
       1.59273389e+03, 4.09610443e+02, 1.69440851e-01, 1.58689209e+03,
       4.03722260e+02, 2.32638001e-01, 1.56043298e+03, 4.21357391e+02,
       1.41230255e-01, 1.65751770e+03, 5.44986023e+02, 4.90499347e-01,
       1.65462280e+03, 5.44965027e+02, 4.97928828e-01, 1.60458899e+03,
       4.86101868e+02, 4.17595267e-01 ]
