%YAML:1.0
---
pose_0: !!opencv-matrix
   rows: 1
   cols: 25
   dt: "3f"
   data: [ 7.65790894e+02, 5.74489258e+02, 8.03512096e-01,
       8.68778015e+02, 5.71431213e+02, 5.67465961e-01, 8.62858459e+02,
       6.21565308e+02, 4.05772030e-01, 9.51176514e+02, 6.83350647e+02,
       9.33618248e-02, 0., 0., 0., 8.80521484e+02, 5.12615417e+02,
       5.17294288e-01, 1.04231555e+03, 4.62641449e+02, 7.54170299e-01,
       1.16019153e+03, 4.30166809e+02, 8.31114948e-01, 1.12184216e+03,
       5.83261108e+02, 5.68383396e-01, 1.11892896e+03, 6.27496338e+02,
       5.81876099e-01, 1.32199438e+03, 6.53885132e+02, 4.37011272e-01,
       1.51928052e+03, 6.33326965e+02, 3.19616139e-01, 1.12480444e+03,
       5.30297852e+02, 5.94693303e-01, 1.28371521e+03, 5.53871765e+02,
       7.87688136e-01, 1.51924597e+03, 5.50948059e+02, 4.20305222e-01,
       7.54002075e+02, 5.83258667e+02, 6.20659709e-01, 7.56963196e+02,
       5.53951599e+02, 7.17837691e-01, 7.65740051e+02, 6.00868164e+02,
       2.05982566e-01, 7.77525757e+02, 5.30414734e+02, 5.56523442e-01,
       1.59870789e+03, 5.09664185e+02, 3.20090324e-01, 1.59868164e+03,
       5.06804657e+02, 3.33273739e-01, 1.55747534e+03, 5.74468079e+02,
       2.74621785e-01, 1.56628284e+03, 6.89141174e+02, 1.20544262e-01,
       1.56328503e+03, 6.80413452e+02, 1.09462760e-01, 1.55160535e+03,
       6.21554077e+02, 2.74926186e-01 ]
