%YAML:1.0
---
pose_0: !!opencv-matrix
   rows: 1
   cols: 25
   dt: "3f"
   data: [ 6.89210693e+02, 4.83346985e+02, 9.00133848e-01,
       8.12835510e+02, 5.03875153e+02, 7.82810211e-01, 8.18703674e+02,
       5.86182068e+02, 6.84396923e-01, 9.54134033e+02, 6.30429199e+02,
       7.77018070e-01, 1.01587610e+03, 6.15595886e+02, 8.05253565e-01,
       8.03998901e+02, 4.33115631e+02, 6.52490258e-01, 9.68784912e+02,
       3.65392334e+02, 8.87107015e-01, 8.45199768e+02, 3.71334869e+02,
       7.89885938e-01, 1.10125525e+03, 4.86190338e+02, 5.33780456e-01,
       1.09537683e+03, 5.33310364e+02, 6.02443039e-01, 1.28087378e+03,
       5.77374634e+02, 7.14559913e-01, 1.51039648e+03, 5.98012634e+02,
       5.97584128e-01, 1.10422363e+03, 4.33132050e+02, 5.45111179e-01,
       1.33377124e+03, 4.33275726e+02, 7.40364730e-01, 1.56333081e+03,
       4.65507996e+02, 6.09575748e-01, 6.71578552e+02, 5.03735352e+02,
       8.47818255e-01, 6.77416016e+02, 4.65507904e+02, 8.27683151e-01,
       6.92092346e+02, 5.27237854e+02, 4.82751966e-01, 7.06919067e+02,
       4.39073639e+02, 6.15277946e-01, 1.63407935e+03, 4.50807190e+02,
       4.80131030e-01, 1.63108374e+03, 4.42048676e+02, 4.97695357e-01,
       1.59277576e+03, 4.77304626e+02, 3.02391827e-01, 1.60160510e+03,
       5.92093445e+02, 2.32284859e-01, 1.58400842e+03, 6.03832947e+02,
       2.00698286e-01, 1.53986816e+03, 5.80326355e+02, 2.97649920e-01 ]
