%YAML:1.0
---
pose_0: !!opencv-matrix
   rows: 1
   cols: 25
   dt: "3f"
   data: [ 7.68687195e+02, 3.39007690e+02, 8.64603162e-01,
       8.57078247e+02, 3.59508118e+02, 7.70019054e-01, 8.39359863e+02,
       4.12537476e+02, 6.65315509e-01, 7.03898865e+02, 4.12668335e+02,
       6.11357033e-01, 7.21617737e+02, 3.62457825e+02, 2.66614884e-01,
       8.77493164e+02, 2.94862518e+02, 7.12797523e-01, 8.83434448e+02,
       2.09492279e+02, 5.81803918e-01, 8.62840393e+02, 1.00557228e+02,
       5.30095816e-01, 1.14255872e+03, 3.50788788e+02, 5.46634018e-01,
       1.14256677e+03, 3.97871216e+02, 5.50691366e-01, 1.36909399e+03,
       4.30231598e+02, 6.17333293e-01, 1.56036853e+03, 4.53747253e+02,
       6.54614627e-01, 1.14543420e+03, 2.97781097e+02, 5.28642833e-01,
       1.36321814e+03, 2.91937195e+02, 5.89977145e-01, 1.57517334e+03,
       2.94867523e+02, 6.13224506e-01, 7.56950012e+02, 3.59512085e+02,
       7.41379619e-01, 7.62768494e+02, 3.21304565e+02, 8.05026174e-01,
       7.74548950e+02, 3.86015961e+02, 6.07420027e-01, 7.86455444e+02,
       3.12448944e+02, 4.10684288e-01, 1.63986328e+03, 2.71256622e+02,
       5.34399509e-01, 1.63408545e+03, 2.68368378e+02, 5.94747543e-01,
       1.61047595e+03, 3.03661133e+02, 2.86479831e-01, 1.60458398e+03,
       4.74349609e+02, 4.30328459e-01, 0., 0., 0., 1.58693396e+03,
       4.36148193e+02, 4.85434353e-01 ]
