%YAML:1.0
---
pose_0: !!opencv-matrix
   rows: 1
   cols: 25
   dt: "3f"
   data: [ 7.62838379e+02, 4.15612579e+02, 2.61777580e-01,
       8.33463928e+02, 4.80334625e+02, 4.75668609e-01, 8.33454224e+02,
       4.83139587e+02, 3.53272974e-01, 9.65921936e+02, 5.06687927e+02,
       1.14197485e-01, 0., 0., 0., 8.33346619e+02, 4.94924530e+02,
       5.87508142e-01, 9.62917419e+02, 5.03837769e+02, 6.70719743e-01,
       1.14239368e+03, 4.83279755e+02, 3.52185994e-01, 1.18368945e+03,
       5.45036072e+02, 3.29441309e-01, 1.18958069e+03, 5.74370483e+02,
       3.30571115e-01, 1.35439307e+03, 4.83086670e+02, 8.21907580e-01,
       1.59577319e+03, 6.48064087e+02, 5.22537529e-01, 1.18071936e+03,
       5.03777069e+02, 2.59232879e-01, 1.36030200e+03, 4.33018738e+02,
       6.72957003e-01, 1.56044128e+03, 5.06696472e+02, 6.84264958e-01,
       0., 0., 0., 7.62774780e+02, 4.18520935e+02, 8.94011632e-02,
       7.71627014e+02, 4.39119659e+02, 1.48762003e-01, 7.59871948e+02,
       5.15552185e+02, 1.54836595e-01, 1.61336914e+03, 4.18457001e+02,
       3.44650656e-01, 1.61043140e+03, 4.24319000e+02, 3.19665223e-01,
       1.57216553e+03, 5.30365234e+02, 5.24153113e-01, 1.64286816e+03,
       6.68603210e+02, 3.97797227e-01, 1.62227197e+03, 6.77460205e+02,
       4.22970504e-01, 1.61636829e+03, 6.71585815e+02, 3.48207027e-01 ]
