%YAML:1.0
---
pose_0: !!opencv-matrix
   rows: 1
   cols: 25
   dt: "3f"
   data: [ 7.24552795e+02, 4.80343201e+02, 8.17795753e-01,
       8.56884277e+02, 5.00907135e+02, 7.11749434e-01, 8.48114929e+02,
       5.74466858e+02, 6.73332989e-01, 9.27552063e+02, 6.59802673e+02,
       4.60681200e-01, 9.42343140e+02, 6.65607239e+02, 4.72960889e-01,
       8.59986694e+02, 4.30147003e+02, 5.09707630e-01, 1.02483582e+03,
       3.94903778e+02, 8.04179192e-01, 9.30687927e+02, 3.97842560e+02,
       7.79075146e-01, 1.13660828e+03, 4.91987000e+02, 5.37949324e-01,
       1.12484399e+03, 5.36237244e+02, 5.92230976e-01, 1.30728015e+03,
       5.95005798e+02, 6.78718925e-01, 1.57809033e+03, 6.12739929e+02,
       5.61019123e-01, 1.13660522e+03, 4.36101959e+02, 5.72739780e-01,
       1.35141016e+03, 4.53771698e+02, 6.28972232e-01, 1.56332239e+03,
       4.65562714e+02, 5.81151247e-01, 7.15647583e+02, 4.91994720e+02,
       6.29581332e-01, 7.15815247e+02, 4.62564941e+02, 7.58306563e-01,
       7.33331543e+02, 5.12599792e+02, 4.32219565e-01, 7.42139587e+02,
       4.41999451e+02, 4.18546200e-01, 1.63392505e+03, 4.36163788e+02,
       4.59080428e-01, 1.62516589e+03, 4.36110931e+02, 4.96537060e-01,
       1.60161279e+03, 4.77253082e+02, 3.50415707e-01, 1.70163562e+03,
       5.89146240e+02, 2.35411555e-01, 1.68115918e+03, 6.03898560e+02,
       1.98408380e-01, 1.60750330e+03, 6.15599365e+02, 2.81547070e-01 ]
