%YAML:1.0
---
pose_0: !!opencv-matrix
   rows: 2
   cols: 25
   dt: "3f"
   data: [ 7.36275085e+02, 5.24441895e+02, 1.66051269e-01,
       7.95195679e+02, 4.53752686e+02, 3.24066132e-01, 8.09838379e+02,
       4.80240967e+02, 1.71946332e-01, 0., 0., 0., 0., 0., 0.,
       8.01072449e+02, 4.33183533e+02, 3.87906134e-01, 9.45307495e+02,
       4.33207275e+02, 7.33768225e-01, 1.08952515e+03, 5.06861542e+02,
       7.52344191e-01, 1.09831055e+03, 4.74308533e+02, 1.25871971e-01,
       1.08067371e+03, 5.03732056e+02, 6.95539415e-02, 0., 0., 0., 0.,
       0., 0., 0., 0., 0., 0., 0., 0., 0., 0., 0., 0., 0., 0.,
       7.33358521e+02, 5.06824951e+02, 1.88322365e-01, 0., 0., 0.,
       7.36327576e+02, 4.68470001e+02, 3.04600716e-01, 0., 0., 0., 0.,
       0., 0., 0., 0., 0., 0., 0., 0., 0., 0., 0., 0., 0., 0., 0., 0.,
       0., 0., 0., 0., 0., 0., 0., 0., 0., 0., 0., 0., 0., 0., 0., 0.,
       0., 0., 0., 0., 0., 0., 1.14252808e+03, 4.12494934e+02,
       3.12001675e-01, 1.16300867e+03, 3.89025177e+02, 3.32882673e-01,
       1.32486023e+03, 4.56638763e+02, 7.91901112e-01, 1.53393347e+03,
       4.09526825e+02, 5.53491473e-01, 1.12482117e+03, 4.41964813e+02,
       3.20051789e-01, 1.30731787e+03, 5.50986816e+02, 7.73664534e-01,
       1.58100049e+03, 4.27260345e+02, 4.89737570e-01, 0., 0., 0., 0.,
       0., 0., 0., 0., 0., 0., 0., 0., 1.65456189e+03, 4.83252502e+02,
       1.24763601e-01, 1.65453833e+03, 4.77262787e+02, 1.07096761e-01,
       1.60748315e+03, 4.06643341e+02, 2.78693289e-01, 0., 0., 0., 0.,
       0., 0., 1.56925916e+03, 3.80179840e+02, 2.78290808e-01 ]
