%YAML:1.0
---
pose_0: !!opencv-matrix
   rows: 1
   cols: 25
   dt: "3f"
   data: [ 8.06838989e+02, 4.18500427e+02, 8.30899477e-01,
       9.24608459e+02, 4.53714966e+02, 6.90253854e-01, 9.27578857e+02,
       5.33263000e+02, 6.94980681e-01, 1.04834033e+03, 5.95051575e+02,
       8.35397303e-01, 1.07485486e+03, 5.03676331e+02, 8.07550311e-01,
       9.21715332e+02, 3.74347565e+02, 6.15310431e-01, 1.06590662e+03,
       2.97832581e+02, 7.45459855e-01, 1.18649304e+03, 2.30114655e+02,
       7.92856395e-01, 1.18665503e+03, 3.94916626e+02, 5.38027883e-01,
       1.18956152e+03, 4.39077271e+02, 5.92506707e-01, 1.37502246e+03,
       4.89123108e+02, 7.32800245e-01, 1.56039893e+03, 5.74310364e+02,
       6.79592729e-01, 1.18072498e+03, 3.42030182e+02, 5.83464265e-01,
       1.35436267e+03, 3.30173370e+02, 7.36073256e-01, 1.57803650e+03,
       3.09476227e+02, 6.55094981e-01, 7.89193726e+02, 4.33242371e+02,
       8.53061080e-01, 7.92231689e+02, 4.06570343e+02, 8.60344946e-01,
       8.06940674e+02, 4.56838318e+02, 6.14311695e-01, 8.15886353e+02,
       3.83119324e+02, 6.26115799e-01, 1.64874512e+03, 2.68302368e+02,
       4.09041166e-01, 1.63996814e+03, 2.68283112e+02, 4.41052496e-01,
       1.61041980e+03, 3.09510468e+02, 3.18063617e-01, 1.61042053e+03,
       6.06859253e+02, 3.77269030e-01, 1.60748853e+03, 6.09751160e+02,
       3.67395937e-01, 1.58695044e+03, 5.65635986e+02, 5.05583286e-01 ]
