%YAML:1.0
---
pose_0: !!opencv-matrix
   rows: 1
   cols: 25
   dt: "3f"
   data: [ 6.92093079e+02, 5.27390869e+02, 8.59616101e-01,
       8.06982666e+02, 5.24405457e+02, 6.90470695e-01, 8.12839783e+02,
       5.80307556e+02, 6.01754248e-01, 9.33571411e+02, 6.65686829e+02,
       8.04176509e-01, 8.36393372e+02, 5.95031677e+02, 7.64302790e-01,
       7.92190857e+02, 4.65542175e+02, 4.91552830e-01, 8.15839294e+02,
       4.33086700e+02, 2.95789510e-01, 8.80483215e+02, 3.89077881e+02,
       5.90782881e-01, 1.09247229e+03, 5.36150574e+02, 4.83551770e-01,
       1.08657922e+03, 5.92118469e+02, 4.84825402e-01, 1.33085339e+03,
       6.01065308e+02, 5.38044572e-01, 1.58098828e+03, 5.97869507e+02,
       3.39514852e-01, 1.09247705e+03, 4.71432922e+02, 4.63667750e-01,
       1.31025024e+03, 5.00838165e+02, 7.00293303e-01, 1.66930603e+03,
       5.00861877e+02, 4.11419719e-01, 6.71506897e+02, 5.36155579e+02,
       7.69772410e-01, 6.74594299e+02, 5.03759735e+02, 8.06648433e-01,
       6.92149414e+02, 5.53898621e+02, 1.08895555e-01, 7.03980530e+02,
       4.77210999e+02, 5.17213821e-01, 0., 0., 0., 0., 0., 0.,
       1.69580176e+03, 5.06745819e+02, 1.55180037e-01, 1.68103589e+03,
       5.86248596e+02, 6.16397895e-02, 0., 0., 0., 1.60162830e+03,
       5.92100159e+02, 1.81058779e-01 ]
