%YAML:1.0
---
pose_0: !!opencv-matrix
   rows: 1
   cols: 25
   dt: "3f"
   data: [ 5.94959106e+02, 6.47955750e+02, 8.86636078e-01,
       7.21611389e+02, 6.45168335e+02, 5.34936428e-01, 7.45167969e+02,
       7.30410583e+02, 3.73096466e-01, 9.04157166e+02, 8.12906250e+02,
       8.01587701e-01, 7.68647095e+02, 7.77483154e+02, 7.49697566e-01,
       7.18622009e+02, 5.65567810e+02, 5.48501551e-01, 9.01137451e+02,
       4.83331299e+02, 7.72494495e-01, 7.45172424e+02, 4.95016327e+02,
       7.76592791e-01, 1.08361243e+03, 5.86185120e+02, 4.95731801e-01,
       1.07191345e+03, 6.44996094e+02, 5.31769156e-01, 1.33377905e+03,
       7.33345459e+02, 7.05560386e-01, 1.61051001e+03, 8.01080994e+02,
       4.88490999e-01, 1.08068152e+03, 5.27326233e+02, 4.86717254e-01,
       1.33967871e+03, 5.06772369e+02, 5.24373353e-01, 1.63699597e+03,
       5.06687622e+02, 5.49168646e-01, 5.68557983e+02, 6.68469299e+02,
       8.35177779e-01, 5.77501221e+02, 6.21436646e+02, 8.74907911e-01,
       5.77384338e+02, 6.95112305e+02, 2.39943460e-01, 6.03939575e+02,
       5.89095276e+02, 5.28536797e-01, 1.71061084e+03, 5.27303284e+02,
       4.62675750e-01, 1.71059717e+03, 5.09704071e+02, 4.38022435e-01,
       1.66342261e+03, 5.06788940e+02, 2.10624784e-01, 1.69577283e+03,
       7.83357178e+02, 1.30112976e-01, 0., 0., 0., 1.63702783e+03,
       8.01078674e+02, 2.71665990e-01 ]
