%YAML:1.0
---
pose_0: !!opencv-matrix
   rows: 1
   cols: 25
   dt: "3f"
   data: [ 7.51019653e+02, 4.86222595e+02, 8.18577588e-01,
       8.74595032e+02, 5.18458313e+02, 7.31526375e-01, 8.56900818e+02,
       5.83288757e+02, 7.63382852e-01, 9.54056763e+02, 6.48142456e+02,
       8.56234908e-01, 1.04818079e+03, 7.33386902e+02, 8.43176425e-01,
       8.83549866e+02, 4.53725922e+02, 6.89674973e-01, 1.02470068e+03,
       4.18397705e+02, 7.70120919e-01, 1.11004846e+03, 3.56608887e+02,
       7.70596981e-01, 1.13073572e+03, 5.06658600e+02, 5.56853175e-01,
       1.13073743e+03, 5.53808777e+02, 5.75278461e-01, 1.33083569e+03,
       5.71422424e+02, 7.23864079e-01, 1.54569128e+03, 5.56795837e+02,
       6.90086424e-01, 1.12780530e+03, 4.56683380e+02, 5.99097550e-01,
       1.34261072e+03, 4.39061737e+02, 5.87410867e-01, 1.56929041e+03,
       4.33065247e+02, 6.34551704e-01, 7.39120667e+02, 5.06635284e+02,
       8.72204065e-01, 7.42155334e+02, 4.74342560e+02, 8.61772776e-01,
       7.51070068e+02, 5.30422302e+02, 6.42051578e-01, 7.65849976e+02,
       4.56590454e+02, 5.80861151e-01, 1.63409851e+03, 4.12543274e+02,
       3.93043458e-01, 1.63389355e+03, 4.09615112e+02, 4.35082048e-01,
       1.60158606e+03, 4.36064301e+02, 2.27351353e-01, 1.60747253e+03,
       5.53812988e+02, 2.91731238e-01, 1.60456396e+03, 5.77340637e+02,
       3.16452384e-01, 1.57513416e+03, 5.42100952e+02, 3.85946125e-01 ]
