%YAML:1.0
---
pose_0: !!opencv-matrix
   rows: 1
   cols: 25
   dt: "3f"
   data: [ 6.95094727e+02, 5.30226868e+02, 8.90310884e-01,
       8.06898254e+02, 4.77247681e+02, 4.97761250e-01, 8.09830750e+02,
       5.33230286e+02, 3.36187303e-01, 8.71711060e+02, 5.74343384e+02,
       9.81169268e-02, 0., 0., 0., 8.03978271e+02, 4.21434601e+02,
       4.15537298e-01, 9.21750244e+02, 3.62581848e+02, 7.56691694e-01,
       1.04544543e+03, 3.18320129e+02, 8.62239599e-01, 1.09831738e+03,
       4.91984467e+02, 5.39528906e-01, 1.09530029e+03, 5.45001465e+02,
       6.04086578e-01, 1.31020496e+03, 5.77303528e+02, 7.34702229e-01,
       1.58691382e+03, 6.24396912e+02, 5.95617950e-01, 1.10419922e+03,
       4.36069061e+02, 5.16298771e-01, 1.34849243e+03, 4.53676392e+02,
       6.12559855e-01, 1.56931860e+03, 4.33058441e+02, 5.99700928e-01,
       6.83330322e+02, 5.33185303e+02, 5.89507163e-01, 6.89211670e+02,
       5.12609009e+02, 7.96953797e-01, 0., 0., 0., 6.98028625e+02,
       4.77307556e+02, 6.15198910e-01, 1.64581726e+03, 3.80117798e+02,
       3.81937742e-01, 1.64284167e+03, 3.80198547e+02, 3.78551573e-01,
       1.61046216e+03, 4.39022827e+02, 2.50839382e-01, 1.64279700e+03,
       5.80329651e+02, 3.07249904e-01, 1.63394922e+03, 6.00903137e+02,
       2.75788993e-01, 1.61634131e+03, 6.30364563e+02, 3.57216597e-01 ]
