%YAML:1.0
---
pose_0: !!opencv-matrix
   rows: 1
   cols: 25
   dt: "3f"
   data: [ 7.68744324e+02, 3.65330322e+02, 7.76813209e-01,
       8.83537415e+02, 3.62495789e+02, 7.86062002e-01, 8.83383606e+02,
       4.24331635e+02, 7.02619433e-01, 9.12949646e+02, 4.89061066e+02,
       6.71403885e-01, 8.77627563e+02, 5.47929565e+02, 6.13326550e-01,
       8.86504028e+02, 2.91923584e+02, 5.33143282e-01, 8.68750610e+02,
       2.68189087e+02, 3.84109050e-01, 7.45246277e+02, 2.47708359e+02,
       7.73171425e-01, 1.14545569e+03, 3.68427917e+02, 5.64377069e-01,
       1.14240808e+03, 4.15533722e+02, 5.96906304e-01, 1.35148584e+03,
       4.36175568e+02, 7.57192194e-01, 1.55451331e+03, 4.53745117e+02,
       6.44822955e-01, 1.15423621e+03, 3.18303955e+02, 5.52605569e-01,
       1.37202563e+03, 3.06606567e+02, 6.56221151e-01, 1.56338379e+03,
       2.85970215e+02, 6.37674928e-01, 7.48133728e+02, 3.65441986e+02,
       6.29153728e-01, 7.68732117e+02, 3.41870483e+02, 6.63857281e-01,
       7.59876404e+02, 3.89019043e+02, 1.06379174e-01, 8.06990234e+02,
       3.21310699e+02, 3.65268230e-01, 1.63694592e+03, 2.56552246e+02,
       4.40268517e-01, 1.63110486e+03, 2.53582596e+02, 4.76297587e-01,
       1.58689294e+03, 2.74297791e+02, 2.52476811e-01, 1.60756848e+03,
       4.74400238e+02, 3.58820915e-01, 1.60452954e+03, 4.80252197e+02,
       3.57649624e-01, 1.58690662e+03, 4.36087128e+02, 4.57432032e-01 ]
