%YAML:1.0
---
pose_0: !!opencv-matrix
   rows: 1
   cols: 25
   dt: "3f"
   data: [ 5.71478638e+02, 5.33191406e+02, 7.94100165e-01,
       7.12761597e+02, 5.71433716e+02, 3.12584192e-01, 7.33328186e+02,
       6.68575500e+02, 2.48640463e-01, 8.83567932e+02, 7.50997925e+02,
       2.35436544e-01, 9.33507019e+02, 7.42216675e+02, 1.52271971e-01,
       6.80434143e+02, 4.94991577e+02, 2.49060467e-01, 8.06919556e+02,
       4.59668213e+02, 5.32877892e-02, 0., 0., 0., 1.07188867e+03,
       5.33257568e+02, 4.36887294e-01, 1.07189075e+03, 5.97899048e+02,
       4.51946735e-01, 1.33671606e+03, 6.03830078e+02, 5.36743939e-01,
       1.54275574e+03, 6.00931396e+02, 5.97699471e-02, 1.07180493e+03,
       4.74305603e+02, 4.32985544e-01, 1.33082422e+03, 3.94891388e+02,
       1.86604127e-01, 1.52216833e+03, 3.15345184e+02, 1.64388105e-01,
       5.50988403e+02, 5.59690002e+02, 8.20192635e-01, 5.53896729e+02,
       5.15570068e+02, 8.21722150e-01, 5.77442139e+02, 6.09735535e+02,
       1.76320836e-01, 5.92118591e+02, 4.86146606e+02, 4.56459463e-01,
       1.53986243e+03, 3.41880920e+02, 6.95220828e-02, 0., 0., 0.,
       1.56042163e+03, 2.94853607e+02, 1.53412834e-01, 0., 0., 0., 0.,
       0., 0., 0., 0., 0. ]
