%YAML:1.0
---
pose_0: !!opencv-matrix
   rows: 1
   cols: 25
   dt: "3f"
   data: [ 7.53966675e+02, 4.83256653e+02, 8.65344286e-01,
       8.59824707e+02, 5.18494995e+02, 7.60147631e-01, 8.54044617e+02,
       5.80382202e+02, 7.56516159e-01, 9.68826233e+02, 6.00939087e+02,
       8.04868698e-01, 1.10418042e+03, 6.21395508e+02, 7.90718019e-01,
       8.62956848e+02, 4.59569092e+02, 6.16306901e-01, 9.27572571e+02,
       4.44922729e+02, 6.71097115e-02, 0., 0., 0., 1.12777417e+03,
       4.62544647e+02, 5.64231157e-01, 1.12482129e+03, 5.09718750e+02,
       5.86131871e-01, 1.33669360e+03, 5.71547363e+02, 7.38164365e-01,
       1.56037158e+03, 6.62661743e+02, 6.19516909e-01, 1.12775269e+03,
       4.12460632e+02, 5.76608956e-01, 1.33383679e+03, 4.12563873e+02,
       6.54381096e-01, 1.56630298e+03, 4.36257294e+02, 6.57269657e-01,
       7.39104553e+02, 5.03786774e+02, 8.70665729e-01, 7.42190308e+02,
       4.65572693e+02, 8.62614572e-01, 7.48044373e+02, 5.33185486e+02,
       5.88713408e-01, 7.65760803e+02, 4.50815063e+02, 4.52670544e-01,
       1.63987585e+03, 4.15586395e+02, 3.80833179e-01, 1.63693530e+03,
       4.12672028e+02, 4.07731652e-01, 1.59278625e+03, 4.50796906e+02,
       2.37931922e-01, 1.63106470e+03, 6.48038452e+02, 6.40428364e-01,
       1.61642322e+03, 6.65700073e+02, 5.57696104e-01, 1.57218115e+03,
       6.74564758e+02, 3.04537624e-01 ]
