%YAML:1.0
---
pose_0: !!opencv-matrix
   rows: 1
   cols: 25
   dt: "3f"
   data: [ 5.27419250e+02, 5.83241882e+02, 6.13238573e-01,
       6.65624084e+02, 5.15597473e+02, 4.85174865e-01, 6.68660217e+02,
       5.97854553e+02, 6.79479957e-01, 8.06962463e+02, 5.74469727e+02,
       7.58634806e-01, 6.65652649e+02, 4.00753876e+02, 6.64566755e-01,
       6.39203735e+02, 4.50809937e+02, 2.69497246e-01, 0., 0., 0., 0.,
       0., 0., 1.04827930e+03, 5.33255127e+02, 3.34591210e-01,
       1.01886853e+03, 6.12705078e+02, 2.96747059e-01, 1.32787207e+03,
       7.62705811e+02, 2.97922641e-01, 1.55451306e+03, 8.80519226e+02,
       1.92110926e-01, 1.07774072e+03, 4.68463531e+02, 3.02439779e-01,
       1.36616956e+03, 5.15553284e+02, 4.02184099e-01, 1.50741479e+03,
       4.92000427e+02, 9.70542431e-02, 0., 0., 0., 5.06815796e+02,
       5.68570984e+02, 5.79853773e-01, 0., 0., 0., 5.33195496e+02,
       5.21468079e+02, 5.49728632e-01, 0., 0., 0., 0., 0., 0.,
       1.53098669e+03, 5.09710754e+02, 8.65469947e-02, 0., 0., 0., 0.,
       0., 0., 1.58399121e+03, 8.92263794e+02, 1.43359154e-01 ]
