%YAML:1.0
---
pose_0: !!opencv-matrix
   rows: 1
   cols: 25
   dt: "3f"
   data: [ 6.68690796e+02, 5.15586060e+02, 6.42832518e-01,
       8.04004639e+02, 4.80212952e+02, 6.11128688e-01, 8.21694275e+02,
       5.77432251e+02, 3.05080920e-01, 0., 0., 0., 0., 0., 0.,
       7.86303650e+02, 3.83117096e+02, 6.67458653e-01, 9.33542603e+02,
       3.15457886e+02, 7.56146133e-01, 1.05424048e+03, 2.44906464e+02,
       8.05862665e-01, 1.08658704e+03, 5.30310974e+02, 3.36383224e-01,
       1.08067761e+03, 5.94982605e+02, 2.98873425e-01, 1.32204578e+03,
       6.50982056e+02, 5.70222497e-01, 1.63988013e+03, 7.18714478e+02,
       6.09740794e-01, 1.11305310e+03, 4.71432953e+02, 2.75178790e-01,
       1.39561194e+03, 5.03758148e+02, 4.40087706e-01, 1.63102148e+03,
       4.80336853e+02, 5.54507673e-01, 6.47971802e+02, 5.30406372e+02,
       6.01781905e-01, 6.45001221e+02, 4.97932831e+02, 6.06692195e-01,
       6.71662659e+02, 5.50772034e+02, 7.73161799e-02, 6.56871704e+02,
       4.56664917e+02, 4.98252153e-01, 1.70750696e+03, 4.53787048e+02,
       4.35640246e-01, 1.70461511e+03, 4.50834625e+02, 4.48588103e-01,
       1.65458691e+03, 4.83190643e+02, 2.33430728e-01, 1.68403198e+03,
       7.42300659e+02, 9.28749144e-02, 1.67816919e+03, 7.39339417e+02,
       1.08518519e-01, 1.66639380e+03, 7.30416443e+02, 3.81028205e-01 ]
