%YAML:1.0
---
pose_0: !!opencv-matrix
   rows: 1
   cols: 25
   dt: "3f"
   data: [ 7.89294067e+02, 4.59549957e+02, 7.35240817e-01,
       8.59875793e+02, 5.30275024e+02, 5.11119604e-01, 8.86391479e+02,
       5.50984558e+02, 6.73203349e-01, 1.02183636e+03, 5.62646179e+02,
       5.80853403e-01, 1.19253540e+03, 5.44979797e+02, 1.51869535e-01,
       8.59961670e+02, 4.97917267e+02, 2.35981032e-01, 1.02475476e+03,
       5.62651001e+02, 1.28222927e-01, 1.18960913e+03, 5.47909180e+02,
       2.81086594e-01, 1.19544470e+03, 5.97960327e+02, 3.33554566e-01,
       1.21012207e+03, 6.09744751e+02, 3.08661222e-01, 1.37790063e+03,
       5.09658386e+02, 6.46818340e-01, 1.62219739e+03, 7.12735962e+02,
       4.79446948e-01, 1.19546912e+03, 5.59706360e+02, 2.66232073e-01,
       1.37201062e+03, 4.59714203e+02, 7.00191557e-01, 1.60457678e+03,
       6.00966736e+02, 4.60399091e-01, 7.65879639e+02, 4.71443634e+02,
       6.13997638e-01, 0., 0., 0., 7.80421570e+02, 5.03855621e+02,
       4.82744843e-01, 0., 0., 0., 1.70763171e+03, 5.77326782e+02,
       4.74905401e-01, 1.70470691e+03, 5.74452026e+02, 3.72613549e-01,
       1.62227429e+03, 6.27427246e+02, 1.85818493e-01, 1.68104492e+03,
       7.21623901e+02, 2.03383029e-01, 1.66042310e+03, 7.39324646e+02,
       2.30315715e-01, 1.63692896e+03, 7.39206360e+02, 3.30136776e-01 ]
