%YAML:1.0
---
pose_0: !!opencv-matrix
   rows: 1
   cols: 25
   dt: "3f"
   data: [ 7.39182007e+02, 4.36182831e+02, 9.22665417e-01,
       8.54069519e+02, 4.86190186e+02, 6.90607429e-01, 8.48176331e+02,
       5.71519226e+02, 7.01902449e-01, 9.98180481e+02, 5.95001221e+02,
       7.41629183e-01, 1.14240125e+03, 5.98070679e+02, 8.19266796e-01,
       8.51070007e+02, 4.12657623e+02, 6.47643507e-01, 9.92382202e+02,
       3.74265411e+02, 7.63517082e-01, 9.65918884e+02, 3.12475037e+02,
       8.28292131e-01, 1.13068481e+03, 4.71443451e+02, 5.79814017e-01,
       1.12483289e+03, 5.18522705e+02, 5.93791008e-01, 1.32791321e+03,
       5.30197327e+02, 5.81637323e-01, 1.51037988e+03, 5.06845673e+02,
       5.52224040e-01, 1.13653345e+03, 4.15558838e+02, 5.79470336e-01,
       1.33089221e+03, 4.33220612e+02, 6.70694113e-01, 1.58690576e+03,
       4.39032074e+02, 6.16255105e-01, 7.18645752e+02, 4.47874268e+02,
       8.62427473e-01, 7.36278381e+02, 4.15465088e+02, 8.57020855e-01,
       7.30439819e+02, 4.80140045e+02, 6.04979336e-01, 7.62840637e+02,
       4.06552002e+02, 6.99751496e-01, 1.65464685e+03, 4.21411407e+02,
       3.45975429e-01, 1.64283167e+03, 4.15501068e+02, 4.02259886e-01,
       1.62804016e+03, 4.47894531e+02, 2.55268455e-01, 1.50748596e+03,
       6.01009094e+02, 1.87284142e-01, 1.49275415e+03, 5.86182739e+02,
       1.83654383e-01, 1.53983582e+03, 5.03673645e+02, 3.76307786e-01 ]
