%YAML:1.0
---
pose_0: !!opencv-matrix
   rows: 1
   cols: 25
   dt: "3f"
   data: [ 7.53965088e+02, 4.15457642e+02, 7.63385355e-01,
       8.39348206e+02, 3.86079590e+02, 4.54700053e-01, 8.33448120e+02,
       4.18422638e+02, 3.02046955e-01, 0., 0., 0., 0., 0., 0.,
       8.51146118e+02, 3.62435516e+02, 5.68005741e-01, 9.80597412e+02,
       3.36027985e+02, 7.00582862e-01, 9.57038391e+02, 4.77246490e+02,
       7.68609107e-01, 1.14252405e+03, 4.27242096e+02, 4.29098606e-01,
       1.14247449e+03, 4.68476227e+02, 4.44510162e-01, 1.33085046e+03,
       5.74444214e+02, 7.74746478e-01, 1.56044507e+03, 5.56789612e+02,
       6.13317370e-01, 1.14252905e+03, 3.80158569e+02, 3.30411881e-01,
       1.37791858e+03, 3.15467621e+02, 4.25568044e-01, 1.58106738e+03,
       1.50673981e+02, 2.98304647e-01, 7.39128052e+02, 4.30233734e+02,
       7.24750876e-01, 7.39314148e+02, 3.92050812e+02, 7.67802894e-01,
       7.53928528e+02, 4.41992035e+02, 8.20852220e-02, 7.62684021e+02,
       3.62537140e+02, 5.83333969e-01, 0., 0., 0., 0., 0., 0.,
       1.58984436e+03, 1.27101639e+02, 1.57991588e-01, 1.59277405e+03,
       6.39192566e+02, 4.52903509e-01, 1.58691113e+03, 6.30328003e+02,
       4.14856255e-01, 1.58685327e+03, 5.36224243e+02, 4.92611647e-01 ]
