%YAML:1.0
---
pose_0: !!opencv-matrix
   rows: 1
   cols: 25
   dt: "3f"
   data: [ 6.59767090e+02, 4.83125092e+02, 8.45948696e-01,
       7.92285706e+02, 5.03768402e+02, 6.87484682e-01, 8.09913330e+02,
       5.98004028e+02, 7.22156048e-01, 9.54055786e+02, 6.42130249e+02,
       7.87561417e-01, 1.07186743e+03, 7.12753357e+02, 8.34601521e-01,
       7.95141418e+02, 4.09638824e+02, 6.25923574e-01, 9.39409241e+02,
       3.83044098e+02, 5.80917597e-01, 1.07176099e+03, 3.62445740e+02,
       7.13153422e-01, 1.10711633e+03, 4.97925140e+02, 5.20623505e-01,
       1.09546191e+03, 5.50884033e+02, 6.01276696e-01, 1.34260645e+03,
       6.03817017e+02, 4.32145476e-01, 1.48681628e+03, 6.03946045e+02,
       4.79351938e-01, 1.10129626e+03, 4.33086334e+02, 5.45883060e-01,
       1.33967322e+03, 4.56671204e+02, 5.23563683e-01, 1.61929028e+03,
       4.71449402e+02, 4.33623374e-01, 6.45132141e+02, 5.03809052e+02,
       8.39915276e-01, 6.45073975e+02, 4.59709442e+02, 8.37843597e-01,
       6.65732422e+02, 5.30252869e+02, 4.36656654e-01, 6.74460754e+02,
       4.33186707e+02, 5.69369733e-01, 1.71051062e+03, 4.39106323e+02,
       2.82512784e-01, 1.70767932e+03, 4.39075470e+02, 2.66718209e-01,
       1.69577600e+03, 4.89094360e+02, 1.38547868e-01, 1.49263684e+03,
       6.62745667e+02, 1.78607777e-01, 1.47512573e+03, 6.56825256e+02,
       2.11381495e-01, 1.52220850e+03, 5.95002380e+02, 2.80731499e-01 ]
