%YAML:1.0
---
pose_0: !!opencv-matrix
   rows: 1
   cols: 25
   dt: "3f"
   data: [ 7.68654541e+02, 2.71300751e+02, 7.26605594e-01,
       8.42266602e+02, 2.21184143e+02, 4.21158731e-01, 8.33446594e+02,
       2.62403320e+02, 2.74188817e-01, 0., 0., 0., 0., 0., 0.,
       8.56952942e+02, 1.82980850e+02, 4.55744237e-01, 9.95260864e+02,
       2.47761017e+02, 7.09278762e-01, 1.02171051e+03, 4.39024658e+02,
       7.97378898e-01, 1.10129004e+03, 2.41814194e+02, 1.53790131e-01,
       1.13952417e+03, 2.91832977e+02, 1.38022229e-01, 1.34851184e+03,
       3.06621918e+02, 2.35577688e-01, 1.43091333e+03, 2.68369568e+02,
       7.36202225e-02, 1.15129114e+03, 2.00645111e+02, 1.37712598e-01,
       1.37498303e+03, 1.97630676e+02, 3.98333579e-01, 1.54574500e+03,
       2.18321136e+02, 1.09786831e-01, 7.59790588e+02, 2.88919647e+02,
       5.96495271e-01, 7.56873108e+02, 2.59531525e+02, 6.64610386e-01,
       0., 0., 0., 7.62779053e+02, 2.21270828e+02, 6.39493823e-01,
       1.61634619e+03, 2.47777008e+02, 7.71358609e-02, 0., 0., 0.,
       1.56335034e+03, 2.12418915e+02, 9.58701298e-02, 0., 0., 0., 0.,
       0., 0., 0., 0., 0. ]
