%YAML:1.0
---
pose_0: !!opencv-matrix
   rows: 1
   cols: 25
   dt: "3f"
   data: [ 7.45209839e+02, 4.59622009e+02, 8.40406537e-01,
       8.53999329e+02, 4.39116455e+02, 7.15334415e-01, 8.62972290e+02,
       5.27332886e+02, 6.92194462e-01, 1.00111664e+03, 5.53723755e+02,
       7.80578732e-01, 1.11904260e+03, 6.00867737e+02, 7.57569492e-01,
       8.45227783e+02, 3.65536224e+02, 6.73334956e-01, 9.71731750e+02,
       3.36022095e+02, 7.51078904e-01, 1.04839844e+03, 3.18377991e+02,
       8.53601515e-01, 1.11601843e+03, 4.56649597e+02, 6.32493973e-01,
       1.11009497e+03, 5.03685028e+02, 6.44430041e-01, 1.28371582e+03,
       5.24376526e+02, 7.39624321e-01, 1.55160303e+03, 5.39103577e+02,
       5.77600181e-01, 1.11901550e+03, 4.06626709e+02, 5.93921483e-01,
       1.33376538e+03, 4.09626465e+02, 7.48640954e-01, 1.55159644e+03,
       4.18434204e+02, 5.80141604e-01, 7.33330994e+02, 4.71432068e+02,
       7.36893415e-01, 7.39128906e+02, 4.39047668e+02, 8.17403197e-01,
       7.53913818e+02, 4.83289795e+02, 8.49449784e-02, 7.56950806e+02,
       4.09506378e+02, 5.68749964e-01, 1.62810803e+03, 4.00745972e+02,
       3.81520301e-01, 1.61641443e+03, 3.94871277e+02, 4.12896335e-01,
       1.58393713e+03, 4.15578552e+02, 3.02453339e-01, 1.61338281e+03,
       5.06775818e+02, 3.63439560e-01, 1.60457031e+03, 5.21426270e+02,
       2.55147398e-01, 1.58399280e+03, 5.30248230e+02, 2.90763229e-01 ]
