%YAML:1.0
---
pose_0: !!opencv-matrix
   rows: 1
   cols: 25
   dt: "3f"
   data: [ 7.42367615e+02, 4.27266754e+02, 8.24341178e-01,
       8.71666138e+02, 4.36149811e+02, 6.94127619e-01, 8.80390686e+02,
       5.18516052e+02, 7.00807810e-01, 9.95346313e+02, 5.74379761e+02,
       8.52666616e-01, 1.06902759e+03, 6.39119690e+02, 8.73577654e-01,
       8.60054443e+02, 3.62421906e+02, 6.11323953e-01, 1.00420508e+03,
       3.24304230e+02, 7.43752122e-01, 1.08657629e+03, 2.91801422e+02,
       8.25396359e-01, 1.14242249e+03, 4.50843262e+02, 5.85245073e-01,
       1.13953748e+03, 5.00786072e+02, 5.71914732e-01, 1.35135498e+03,
       5.18548584e+02, 7.13732004e-01, 1.53980945e+03, 5.80339905e+02,
       6.22452199e-01, 1.14249194e+03, 4.00752838e+02, 5.70722699e-01,
       1.34554578e+03, 3.53709106e+02, 5.27271271e-01, 1.55750879e+03,
       3.12534546e+02, 5.87166190e-01, 7.33376038e+02, 4.39065277e+02,
       7.87403524e-01, 7.36357239e+02, 4.09517120e+02, 8.67690742e-01,
       7.53958801e+02, 4.59809448e+02, 4.56262261e-01, 7.59777649e+02,
       3.83087494e+02, 5.33406496e-01, 1.63996802e+03, 2.74194214e+02,
       5.90097427e-01, 1.63694177e+03, 2.71311157e+02, 5.69316924e-01,
       1.56931287e+03, 3.03676270e+02, 2.43585020e-01, 1.61353137e+03,
       5.86229126e+02, 5.26185870e-01, 1.60748877e+03, 5.98062622e+02,
       4.99326915e-01, 1.56337573e+03, 5.92086060e+02, 2.89549708e-01 ]
