%YAML:1.0
---
pose_0: !!opencv-matrix
   rows: 1
   cols: 25
   dt: "3f"
   data: [ 7.71599976e+02, 3.86134155e+02, 8.68610144e-01,
       8.98207336e+02, 4.21371582e+02, 7.18473792e-01, 8.89361023e+02,
       5.03789948e+02, 7.44781733e-01, 1.02485339e+03, 5.71380127e+02,
       8.34309042e-01, 1.09538159e+03, 4.68524719e+02, 8.13054621e-01,
       8.95192810e+02, 3.47817902e+02, 6.64565086e-01, 1.04237122e+03,
       2.71186676e+02, 8.16990912e-01, 1.16310620e+03, 1.97529388e+02,
       8.56137156e-01, 1.16308508e+03, 3.83049103e+02, 5.92515826e-01,
       1.16315662e+03, 4.24329559e+02, 5.83989501e-01, 1.36024878e+03,
       4.33259918e+02, 8.05014372e-01, 1.55161169e+03, 5.27410950e+02,
       6.32038295e-01, 1.16303552e+03, 3.27222260e+02, 5.97575009e-01,
       1.35154309e+03, 3.15330048e+02, 7.10485578e-01, 1.56930823e+03,
       2.91777496e+02, 6.23951018e-01, 7.59787476e+02, 3.94923584e+02,
       7.97283590e-01, 7.65720581e+02, 3.65552155e+02, 8.75384510e-01,
       7.65862854e+02, 4.21373779e+02, 6.88673258e-01, 7.89434448e+02,
       3.53660736e+02, 5.95162749e-01, 1.64279126e+03, 2.74207397e+02,
       4.14899707e-01, 1.63697119e+03, 2.68338409e+02, 4.86666799e-01,
       1.61042102e+03, 2.88951202e+02, 2.12427154e-01, 1.61337476e+03,
       5.24409668e+02, 5.57507038e-01, 1.60164514e+03, 5.42079590e+02,
       5.21050036e-01, 1.56634119e+03, 5.47907043e+02, 3.50510716e-01 ]
