%YAML:1.0
---
pose_0: !!opencv-matrix
   rows: 1
   cols: 25
   dt: "3f"
   data: [ 0., 0., 0., 8.77566833e+02, 4.44935638e+02, 5.48076108e-02,
       0., 0., 0., 0., 0., 0., 0., 0., 0., 0., 0., 0., 0., 0., 0., 0.,
       0., 0., 1.20424768e+03, 4.83152161e+02, 1.68727919e-01,
       1.21017383e+03, 4.56706635e+02, 1.55807763e-01, 1.33075000e+03,
       4.53722351e+02, 4.83027577e-01, 1.56337988e+03, 4.03696075e+02,
       3.29697996e-01, 1.20425952e+03, 5.00886932e+02, 1.91541269e-01,
       1.35432568e+03, 5.21407104e+02, 5.86925983e-01, 1.58981433e+03,
       4.12505463e+02, 4.60055172e-01, 0., 0., 0., 0., 0., 0., 0., 0.,
       0., 0., 0., 0., 1.67521997e+03, 5.00760956e+02, 1.17725514e-01,
       1.67806018e+03, 4.92021790e+02, 8.06788430e-02, 1.62809131e+03,
       3.91985565e+02, 1.58637270e-01, 0., 0., 0., 0., 0., 0.,
       1.56929260e+03, 3.65364105e+02, 1.59814581e-01 ]
