%YAML:1.0
---
pose_0: !!opencv-matrix
   rows: 1
   cols: 25
   dt: "3f"
   data: [ 7.18676636e+02, 5.39086243e+02, 7.69229889e-01,
       7.89234009e+02, 4.80221832e+02, 5.65361381e-01, 7.83334839e+02,
       4.71449310e+02, 3.90224636e-01, 9.07053223e+02, 5.53814758e+02,
       8.79913196e-02, 8.39351013e+02, 5.71550781e+02, 1.42250672e-01,
       7.98139832e+02, 4.86181244e+02, 6.66812539e-01, 9.15885071e+02,
       5.53789185e+02, 7.90810287e-01, 7.92278198e+02, 5.98115051e+02,
       7.70984948e-01, 1.08067261e+03, 4.74338470e+02, 3.28755111e-01,
       1.06299402e+03, 4.97916107e+02, 1.92898959e-01, 1.32197180e+03,
       5.12608276e+02, 4.77079749e-01, 1.58099768e+03, 4.44930084e+02,
       3.66813362e-01, 1.09538464e+03, 4.53765442e+02, 2.93703347e-01,
       1.32781567e+03, 5.27409180e+02, 6.17797017e-01, 1.60456812e+03,
       4.39038544e+02, 3.75334263e-01, 0., 0., 0., 7.12812439e+02,
       5.24381653e+02, 7.74826169e-01, 0., 0., 0., 7.27527283e+02,
       4.80292572e+02, 6.79385543e-01, 1.65165564e+03, 3.71330933e+02,
       2.98483402e-01, 1.65165186e+03, 3.77214020e+02, 2.50656962e-01,
       1.63691016e+03, 4.50781921e+02, 1.43687829e-01, 0., 0., 0., 0.,
       0., 0., 0., 0., 0. ]
