%YAML:1.0
---
pose_0: !!opencv-matrix
   rows: 3
   cols: 25
   dt: "3f"
   data: [ 0., 0., 0., 7.92260864e+02, 5.53861694e+02, 4.03446883e-01,
       0., 0., 0., 0., 0., 0., 0., 0., 0., 7.86432373e+02,
       5.77323547e+02, 5.96641421e-01, 9.33540955e+02, 6.53916016e+02,
       4.81323630e-01, 1.09532886e+03, 6.77398376e+02, 2.76784927e-01,
       1.09543762e+03, 5.56824829e+02, 5.04551172e-01, 1.08657385e+03,
       5.86239502e+02, 3.84628356e-01, 1.34261633e+03, 5.27339539e+02,
       7.42442489e-01, 1.57511707e+03, 6.06828186e+02, 5.04281163e-01,
       1.11012866e+03, 5.27345947e+02, 4.03650761e-01, 1.35439331e+03,
       5.09683960e+02, 2.94507295e-01, 1.51330042e+03, 6.27473694e+02,
       3.46521735e-01, 0., 0., 0., 0., 0., 0., 0., 0., 0.,
       7.09810791e+02, 5.80330261e+02, 2.12593466e-01, 0., 0., 0., 0.,
       0., 0., 1.49568115e+03, 6.59779968e+02, 2.82215774e-01,
       1.64868274e+03, 5.53807922e+02, 4.87353474e-01, 1.65453259e+03,
       5.71448853e+02, 3.92205209e-01, 1.59576477e+03, 6.42075867e+02,
       3.77078474e-01, 0., 0., 0., 0., 0., 0., 0., 0., 0., 0., 0., 0.,
       0., 0., 0., 9.01150452e+02, 4.80142365e+02, 3.71224582e-01,
       1.02771851e+03, 4.59704803e+02, 7.42878437e-01, 1.09552234e+03,
       3.94893463e+02, 8.45164657e-01, 0., 0., 0., 0., 0., 0., 0., 0.,
       0., 0., 0., 0., 0., 0., 0., 0., 0., 0., 0., 0., 0., 0., 0., 0.,
       0., 0., 0., 0., 0., 0., 0., 0., 0., 0., 0., 0., 0., 0., 0., 0.,
       0., 0., 0., 0., 0., 0., 0., 0., 0., 0., 0., 0., 0., 0., 0., 0.,
       0., 7.89363953e+02, 5.74333374e+02, 3.78589362e-01,
       9.39406006e+02, 6.51059265e+02, 4.50809240e-01, 1.09552881e+03,
       6.77501465e+02, 5.97730219e-01, 0., 0., 0., 0., 0., 0., 0., 0.,
       0., 0., 0., 0., 0., 0., 0., 0., 0., 0., 0., 0., 0., 0., 0., 0.,
       0., 0., 0., 0., 0., 0., 0., 0., 0., 0., 0., 0., 0., 0., 0., 0.,
       0., 0., 0., 0., 0., 0., 0., 0., 0., 0., 0., 0., 0., 0., 0., 0.,
       0., 0., 0., 0. ]
