%YAML:1.0
---
pose_0: !!opencv-matrix
   rows: 1
   cols: 25
   dt: "3f"
   data: [ 7.18568115e+02, 3.18280945e+02, 6.71645701e-01,
       8.09895142e+02, 2.27150421e+02, 1.19072601e-01, 0., 0., 0., 0.,
       0., 0., 0., 0., 0., 7.89316589e+02, 1.83009140e+02,
       1.14347853e-01, 0., 0., 0., 0., 0., 0., 1.13658325e+03,
       2.24216125e+02, 5.06572835e-02, 0., 0., 0., 0., 0., 0., 0., 0.,
       0., 0., 0., 0., 0., 0., 0., 0., 0., 0., 7.06921265e+02,
       3.15356995e+02, 1.31240264e-01, 7.03904724e+02, 2.97855774e+02,
       6.42184913e-01, 0., 0., 0., 7.12717896e+02, 2.44689133e+02,
       3.55929315e-01, 0., 0., 0., 0., 0., 0., 0., 0., 0., 0., 0., 0.,
       0., 0., 0., 0., 0., 0. ]
