%YAML:1.0
---
pose_0: !!opencv-matrix
   rows: 1
   cols: 25
   dt: "3f"
   data: [ 6.62673279e+02, 5.06649811e+02, 8.62852037e-01,
       7.89334595e+02, 4.80246490e+02, 7.56770730e-01, 7.89256104e+02,
       5.56734863e+02, 6.34883165e-01, 9.12985291e+02, 6.80355835e+02,
       7.88062930e-01, 8.09931335e+02, 6.65629272e+02, 7.97489285e-01,
       8.01057617e+02, 3.88971832e+02, 6.95506334e-01, 9.54027161e+02,
       3.39062012e+02, 8.50474834e-01, 1.06878320e+03, 3.50749023e+02,
       7.79232264e-01, 1.07475061e+03, 5.24433960e+02, 5.77048600e-01,
       1.06593457e+03, 5.77320251e+02, 5.69751859e-01, 1.26025061e+03,
       5.97965271e+02, 3.96546394e-01, 1.47804614e+03, 6.00916016e+02,
       2.07704067e-01, 1.08365454e+03, 4.62566650e+02, 5.33356309e-01,
       1.30429993e+03, 5.03786316e+02, 6.30587101e-01, 1.65169751e+03,
       4.86091949e+02, 5.08498609e-01, 6.45050476e+02, 5.24393494e+02,
       8.18829477e-01, 6.45137634e+02, 4.83252350e+02, 8.52584958e-01,
       6.68471863e+02, 5.36173767e+02, 1.14842013e-01, 6.68504883e+02,
       4.50807068e+02, 6.03109658e-01, 1.68400586e+03, 5.56868591e+02,
       7.17854574e-02, 0., 0., 0., 1.66052136e+03, 4.74361481e+02,
       2.14601398e-01, 1.49263647e+03, 6.50932251e+02, 1.87583983e-01,
       1.47799963e+03, 6.48042908e+02, 1.94251895e-01, 1.49563611e+03,
       6.09757507e+02, 7.71048218e-02 ]
