%YAML:1.0
---
pose_0: !!opencv-matrix
   rows: 1
   cols: 25
   dt: "3f"
   data: [ 6.59745789e+02, 4.86143250e+02, 6.75076246e-01,
       7.92327881e+02, 5.00823120e+02, 5.90620339e-01, 7.89297913e+02,
       5.97913757e+02, 3.92338037e-01, 9.39413086e+02, 6.71628296e+02,
       4.97179389e-01, 1.09252246e+03, 7.36239929e+02, 6.67280853e-01,
       8.21689331e+02, 4.15518555e+02, 5.35383523e-01, 9.77574707e+02,
       3.68409698e+02, 5.17749429e-01, 1.13365100e+03, 3.15409973e+02,
       2.48410463e-01, 1.11307825e+03, 5.06708374e+02, 4.82049763e-01,
       1.10713086e+03, 5.62659485e+02, 4.56170440e-01, 1.34259595e+03,
       5.94984619e+02, 5.24142563e-01, 1.60749292e+03, 6.18633545e+02,
       4.48503047e-01, 1.11602856e+03, 4.50824951e+02, 4.59678829e-01,
       1.35139771e+03, 4.33141327e+02, 3.76178145e-01, 1.51921240e+03,
       4.56669098e+02, 3.77117157e-01, 6.44967896e+02, 5.06718689e+02,
       6.37565732e-01, 6.45021118e+02, 4.80133545e+02, 6.72351599e-01,
       6.68522766e+02, 5.27441895e+02, 3.27314913e-01, 6.68519653e+02,
       4.56751404e+02, 4.51497257e-01, 1.61928650e+03, 4.15464417e+02,
       2.86443651e-01, 1.61929932e+03, 4.12518799e+02, 2.68465310e-01,
       1.53983960e+03, 4.56685760e+02, 2.12144703e-01, 1.73107507e+03,
       6.03821350e+02, 3.85336816e-01, 1.72227539e+03, 6.15652405e+02,
       2.92302847e-01, 1.62813232e+03, 6.03929504e+02, 2.56102800e-01 ]
