%YAML:1.0
---
pose_0: !!opencv-matrix
   rows: 1
   cols: 25
   dt: "3f"
   data: [ 0., 0., 0., 1.02185242e+03, 4.50833191e+02, 2.12575674e-01,
       0., 0., 0., 0., 0., 0., 0., 0., 0., 1.01007281e+03,
       4.59601837e+02, 3.55300367e-01, 9.74784912e+02, 5.68584167e+02,
       2.95362890e-01, 9.33504578e+02, 6.03890381e+02, 2.79621392e-01,
       1.17191528e+03, 4.27230164e+02, 3.91978055e-01, 1.17190759e+03,
       4.18471405e+02, 2.88065076e-01, 1.34552441e+03, 4.80297424e+02,
       7.38303542e-01, 1.56035791e+03, 3.86179626e+02, 7.75830626e-01,
       1.17776306e+03, 4.24359894e+02, 4.37097102e-01, 1.35146899e+03,
       5.24402588e+02, 7.94667661e-01, 1.63396436e+03, 4.30264130e+02,
       6.58473730e-01, 0., 0., 0., 0., 0., 0., 0., 0., 0.,
       9.51159729e+02, 4.53711639e+02, 6.82826489e-02, 1.69581250e+03,
       3.80200409e+02, 2.50298500e-01, 1.68409790e+03, 3.86010834e+02,
       2.90940225e-01, 1.65753796e+03, 4.33117645e+02, 2.38357976e-01,
       1.59282996e+03, 3.27192322e+02, 3.69546652e-01, 1.59280481e+03,
       3.39034302e+02, 3.41625035e-01, 1.57516907e+03, 3.68388733e+02,
       4.96029943e-01 ]
