%YAML:1.0
---
pose_0: !!opencv-matrix
   rows: 1
   cols: 25
   dt: "3f"
   data: [ 7.09814453e+02, 6.01089172e+02, 8.51409674e-01,
       8.15757751e+02, 5.80402527e+02, 6.62538946e-01, 7.98121155e+02,
       6.44969971e+02, 3.99965346e-01, 9.48224243e+02, 6.68642517e+02,
       7.12978691e-02, 0., 0., 0., 8.33431152e+02, 5.27246216e+02,
       7.41157413e-01, 9.71810181e+02, 4.83353638e+02, 7.36677527e-01,
       1.12195386e+03, 4.71440918e+02, 7.64615774e-01, 1.11301624e+03,
       6.36241333e+02, 5.90742826e-01, 1.09830127e+03, 6.83300354e+02,
       5.94556332e-01, 1.30725232e+03, 7.24535278e+02, 6.42251611e-01,
       1.56337964e+03, 6.71576355e+02, 8.05632472e-02, 1.11898279e+03,
       5.80289612e+02, 5.71477175e-01, 1.31029285e+03, 6.50925537e+02,
       6.30909741e-01, 1.58684497e+03, 6.74530762e+02, 5.91823041e-01,
       6.92160034e+02, 6.21475464e+02, 8.68202806e-01, 6.95077576e+02,
       5.80409790e+02, 8.18462610e-01, 7.12712158e+02, 6.33307068e+02,
       9.07239243e-02, 7.15692993e+02, 5.53880981e+02, 6.23883247e-01,
       1.63694189e+03, 7.42155884e+02, 2.60605156e-01, 1.64573828e+03,
       7.24531677e+02, 2.33615950e-01, 1.61342090e+03, 6.65680481e+02,
       2.82072634e-01, 0., 0., 0., 0., 0., 0., 0., 0., 0. ]
