%YAML:1.0
---
pose_0: !!opencv-matrix
   rows: 1
   cols: 25
   dt: "3f"
   data: [ 7.15613953e+02, 5.47921875e+02, 6.91831231e-01,
       8.09893799e+02, 4.83188080e+02, 5.55326462e-01, 7.95179932e+02,
       4.83216278e+02, 3.10222477e-01, 1.04242065e+03, 5.12638855e+02,
       1.06441252e-01, 1.08071497e+03, 5.74426392e+02, 2.08737761e-01,
       8.27534363e+02, 4.83210663e+02, 5.72953820e-01, 9.89385071e+02,
       5.12624084e+02, 6.26939952e-01, 9.98327454e+02, 6.27438293e+02,
       4.50559318e-01, 1.14251367e+03, 4.33139832e+02, 3.92263740e-01,
       1.13954919e+03, 4.30224701e+02, 2.51701325e-01, 1.37497412e+03,
       5.18547485e+02, 6.42791629e-01, 1.58692786e+03, 4.27260590e+02,
       3.47050101e-01, 1.14253577e+03, 4.36079010e+02, 3.65101814e-01,
       1.37200403e+03, 5.42094482e+02, 6.15102887e-01, 1.66045898e+03,
       4.12647919e+02, 3.10849130e-01, 0., 0., 0., 6.98143677e+02,
       5.27428589e+02, 6.88792825e-01, 0., 0., 0., 7.18775391e+02,
       4.86191071e+02, 6.30521536e-01, 1.72814880e+03, 3.59529083e+02,
       3.60437542e-01, 1.72818213e+03, 3.59619934e+02, 3.12494993e-01,
       1.69876245e+03, 4.30182312e+02, 1.14945382e-01, 0., 0., 0., 0.,
       0., 0., 1.59870044e+03, 3.89025177e+02, 1.42859235e-01 ]
