%YAML:1.0
---
pose_0: !!opencv-matrix
   rows: 1
   cols: 25
   dt: "3f"
   data: [ 6.83275024e+02, 4.86184113e+02, 7.86218464e-01,
       8.12783508e+02, 5.30241699e+02, 7.67840803e-01, 7.89181946e+02,
       5.94992920e+02, 7.85286605e-01, 9.12939636e+02, 6.65679626e+02,
       8.31738114e-01, 9.62931519e+02, 6.21406189e+02, 8.26034307e-01,
       8.42256409e+02, 4.65501190e+02, 4.92630273e-01, 9.86504578e+02,
       4.59631287e+02, 5.91888309e-01, 1.11893469e+03, 4.36041412e+02,
       8.60340416e-01, 1.09537415e+03, 5.74399353e+02, 5.83637714e-01,
       1.07770337e+03, 6.24368042e+02, 5.07948935e-01, 1.30731848e+03,
       5.89166687e+02, 7.45250762e-01, 1.53978284e+03, 6.74464966e+02,
       5.94922364e-01, 1.11300879e+03, 5.24327209e+02, 5.73554933e-01,
       1.33964807e+03, 5.24351563e+02, 6.68639362e-01, 1.53984619e+03,
       5.97865417e+02, 7.10987568e-01, 6.68546021e+02, 5.09668365e+02,
       8.33732784e-01, 6.68687195e+02, 4.80159912e+02, 7.90941358e-01,
       6.89122131e+02, 5.47948547e+02, 6.37231112e-01, 6.95175720e+02,
       4.62585602e+02, 2.85007983e-01, 1.61040283e+03, 5.45016296e+02,
       5.48953056e-01, 1.59870569e+03, 5.47877502e+02, 5.51639438e-01,
       1.54869031e+03, 6.21409607e+02, 5.76413512e-01, 1.63407678e+03,
       6.50926880e+02, 6.00115061e-01, 1.62226685e+03, 6.65694275e+02,
       4.73498821e-01, 1.55450012e+03, 6.86253418e+02, 3.76324594e-01 ]
