%YAML:1.0
---
pose_0: !!opencv-matrix
   rows: 1
   cols: 25
   dt: "3f"
   data: [ 7.56913391e+02, 4.62694275e+02, 6.53975308e-01,
       7.95201416e+02, 5.44931458e+02, 6.16580427e-01, 8.15771729e+02,
       5.50925354e+02, 7.24630177e-01, 9.48237122e+02, 5.30393188e+02,
       7.84524441e-01, 9.71730225e+02, 4.33152710e+02, 6.71917558e-01,
       7.83412781e+02, 5.44990723e+02, 2.74103135e-01, 0., 0., 0., 0.,
       0., 0., 1.13652173e+03, 5.62632690e+02, 4.24173385e-01,
       1.12189722e+03, 5.89120361e+02, 3.78588140e-01, 1.35443164e+03,
       5.18460510e+02, 7.88746178e-01, 1.59579175e+03, 6.92083984e+02,
       5.84792554e-01, 1.14244067e+03, 5.33297668e+02, 3.42981070e-01,
       1.37789099e+03, 5.06724365e+02, 5.01223505e-01, 1.57224805e+03,
       5.77520264e+02, 5.84497333e-01, 7.39170532e+02, 4.80091858e+02,
       6.64591372e-01, 7.39246521e+02, 4.56701111e+02, 9.77406800e-02,
       7.48036682e+02, 5.06821259e+02, 5.35864115e-01, 0., 0., 0.,
       1.68703821e+03, 5.77387817e+02, 2.83219546e-01, 1.68699133e+03,
       5.74390808e+02, 2.65044570e-01, 1.58988794e+03, 6.06810059e+02,
       3.64196569e-01, 1.64876831e+03, 7.15749817e+02, 5.25178313e-01,
       1.63110645e+03, 7.24528259e+02, 5.56775630e-01, 1.61346204e+03,
       7.09793152e+02, 3.26981902e-01 ]
