%YAML:1.0
---
pose_0: !!opencv-matrix
   rows: 1
   cols: 25
   dt: "3f"
   data: [ 6.98045349e+02, 4.86244019e+02, 8.48820210e-01,
       8.12937927e+02, 4.80172974e+02, 7.16650903e-01, 8.12803955e+02,
       5.45036316e+02, 5.77617764e-01, 9.42332581e+02, 6.77429932e+02,
       7.10555732e-01, 1.00710529e+03, 8.12863892e+02, 8.08047593e-01,
       8.21631104e+02, 3.94913025e+02, 6.43786132e-01, 8.71754517e+02,
       3.12505524e+02, 7.39468992e-01, 9.07018494e+02, 1.71253891e+02,
       8.09018850e-01, 1.08655579e+03, 4.59646820e+02, 4.54440534e-01,
       1.09239038e+03, 5.06839294e+02, 4.75904524e-01, 1.33675256e+03,
       5.24436584e+02, 2.10409626e-01, 0., 0., 0., 1.08362244e+03,
       4.06633423e+02, 3.37291300e-01, 1.36615588e+03, 4.59688507e+02,
       2.62477487e-01, 1.60754138e+03, 4.39018524e+02, 2.79033601e-01,
       6.83288940e+02, 5.03757446e+02, 8.14953208e-01, 6.92067810e+02,
       4.65530945e+02, 8.63026559e-01, 6.98029236e+02, 5.24428284e+02,
       2.28820741e-01, 7.18607117e+02, 4.33264587e+02, 6.64155483e-01,
       0., 0., 0., 0., 0., 0., 0., 0., 0., 0., 0., 0., 0., 0., 0., 0.,
       0., 0. ]
