%YAML:1.0
---
pose_0: !!opencv-matrix
   rows: 1
   cols: 25
   dt: "3f"
   data: [ 7.65705566e+02, 4.27289490e+02, 8.51400793e-01,
       8.62916687e+02, 4.56636261e+02, 6.46359563e-01, 8.65794617e+02,
       5.21398132e+02, 5.76532245e-01, 9.95374695e+02, 6.00788330e+02,
       8.85249615e-01, 8.98129150e+02, 5.92111267e+02, 7.60061145e-01,
       8.80546814e+02, 3.80127075e+02, 6.84045315e-01, 9.89431152e+02,
       3.92015411e+02, 7.96138823e-01, 8.89384277e+02, 4.80203827e+02,
       8.08672428e-01, 1.13074084e+03, 4.50766968e+02, 5.17618954e-01,
       1.13658643e+03, 4.94933868e+02, 5.46355605e-01, 1.33387671e+03,
       4.92073517e+02, 6.39942527e-01, 1.56045898e+03, 5.03689880e+02,
       6.04238153e-01, 1.12480774e+03, 3.91963379e+02, 5.42617798e-01,
       1.31909033e+03, 3.00764343e+02, 1.94897249e-01, 1.37792078e+03,
       2.74273926e+02, 1.86042488e-01, 7.51013733e+02, 4.39154388e+02,
       8.10403049e-01, 7.59850403e+02, 4.09732452e+02, 8.97888958e-01,
       7.65801208e+02, 4.80229889e+02, 5.61309874e-01, 7.80510864e+02,
       3.94875885e+02, 3.34312201e-01, 1.54274939e+03, 1.97682846e+02,
       1.21954359e-01, 1.53396582e+03, 1.97683945e+02, 1.44532263e-01,
       1.53692310e+03, 2.03633713e+02, 2.45706156e-01, 1.63099792e+03,
       5.12678101e+02, 3.74301195e-01, 0., 0., 0., 1.58980286e+03,
       4.83257935e+02, 4.02451843e-01 ]
