%YAML:1.0
---
pose_0: !!opencv-matrix
   rows: 1
   cols: 25
   dt: "3f"
   data: [ 7.06936951e+02, 4.50821655e+02, 8.14752579e-01,
       8.15753845e+02, 4.56757843e+02, 6.87083125e-01, 8.18694763e+02,
       5.27367065e+02, 4.01490629e-01, 9.07053162e+02, 5.80374146e+02,
       6.58034831e-02, 0., 0., 0., 8.15780212e+02, 3.89001740e+02,
       7.15607047e-01, 9.57066589e+02, 3.30131378e+02, 7.31115401e-01,
       1.09545850e+03, 2.68370331e+02, 8.83270919e-01, 1.11005798e+03,
       4.33150299e+02, 5.39044023e-01, 1.09838281e+03, 4.83081787e+02,
       5.62474310e-01, 1.29843811e+03, 5.27329346e+02, 6.52864397e-01,
       1.49867920e+03, 5.36190857e+02, 4.86978859e-01, 1.11307874e+03,
       3.77214050e+02, 4.93695676e-01, 1.33093115e+03, 3.83098816e+02,
       6.55918300e-01, 1.58390820e+03, 4.09547150e+02, 5.67468941e-01,
       6.89228699e+02, 4.59638123e+02, 8.67809474e-01, 6.95237061e+02,
       4.27278870e+02, 8.43700588e-01, 7.06911926e+02, 4.83343262e+02,
       4.76589829e-01, 7.18752014e+02, 3.94949829e+02, 5.79599380e-01,
       1.65751086e+03, 3.74330566e+02, 4.72152799e-01, 1.65160986e+03,
       3.71363892e+02, 4.77744728e-01, 1.60459595e+03, 4.15475342e+02,
       2.96288133e-01, 1.60747729e+03, 5.36203918e+02, 9.44377556e-02,
       0., 0., 0., 1.53393762e+03, 5.27358215e+02, 3.23830068e-01 ]
