%YAML:1.0
---
pose_0: !!opencv-matrix
   rows: 1
   cols: 25
   dt: "3f"
   data: [ 7.09849243e+02, 5.98062683e+02, 8.86518121e-01,
       8.09906250e+02, 5.83221741e+02, 7.44019628e-01, 7.86421875e+02,
       6.44950806e+02, 6.55161023e-01, 9.71758667e+02, 6.56860474e+02,
       2.58587211e-01, 1.04839270e+03, 7.18558777e+02, 6.26780152e-01,
       8.33313232e+02, 5.24447388e+02, 7.55391598e-01, 9.74604858e+02,
       5.03644501e+02, 7.87958741e-01, 1.11589307e+03, 4.89073700e+02,
       7.97286212e-01, 1.10420044e+03, 6.33320801e+02, 5.23620546e-01,
       1.09540308e+03, 6.83326233e+02, 5.60596406e-01, 1.30726624e+03,
       7.21648315e+02, 6.49022043e-01, 1.53390295e+03, 6.68679871e+02,
       2.09346220e-01, 1.11592847e+03, 5.77375000e+02, 4.84030455e-01,
       1.30732385e+03, 6.48168152e+02, 6.52154922e-01, 1.56337610e+03,
       6.71622437e+02, 5.66269279e-01, 6.92210266e+02, 6.06829834e+02,
       8.45215738e-01, 6.95204163e+02, 5.77342468e+02, 8.64033222e-01,
       7.12754517e+02, 6.24565552e+02, 2.47250006e-01, 7.15722839e+02,
       5.50841797e+02, 5.81276953e-01, 1.64280798e+03, 6.39202026e+02,
       5.37776232e-01, 1.63695605e+03, 6.36264771e+02, 5.28569460e-01,
       1.58694202e+03, 7.01005127e+02, 2.97102630e-01, 0., 0., 0., 0.,
       0., 0., 0., 0., 0. ]
