%YAML:1.0
---
pose_0: !!opencv-matrix
   rows: 1
   cols: 25
   dt: "3f"
   data: [ 7.48068481e+02, 5.56727539e+02, 8.44825089e-01,
       8.60044922e+02, 5.77374451e+02, 7.92342186e-01, 8.56989014e+02,
       6.68580811e+02, 6.26314640e-01, 1.00132574e+03, 7.21655090e+02,
       7.20584333e-01, 1.11884998e+03, 7.68748230e+02, 8.26725185e-01,
       8.74664734e+02, 4.91988373e+02, 6.99118853e-01, 8.68744873e+02,
       3.80110229e+02, 7.11699545e-01, 7.68742065e+02, 2.68234558e+02,
       8.30440640e-01, 1.13363232e+03, 6.15655518e+02, 5.86716473e-01,
       1.12482983e+03, 6.62775635e+02, 5.93794227e-01, 1.33674756e+03,
       6.95015503e+02, 6.71500862e-01, 1.53979883e+03, 6.92147034e+02,
       6.21973634e-01, 1.13367322e+03, 5.56747742e+02, 5.63003182e-01,
       1.32494629e+03, 5.53854431e+02, 6.57822013e-01, 1.51034595e+03,
       5.21416992e+02, 6.13069236e-01, 7.36224487e+02, 5.74472778e+02,
       8.12676191e-01, 7.39259216e+02, 5.44979065e+02, 8.17317188e-01,
       7.51046631e+02, 6.01038635e+02, 5.88461697e-01, 7.62852417e+02,
       5.27241150e+02, 2.37180248e-01, 1.61332349e+03, 5.06783630e+02,
       1.01503938e-01, 1.61037292e+03, 5.03773254e+02, 1.00845292e-01,
       1.53101428e+03, 5.06807037e+02, 3.03328574e-01, 1.61036768e+03,
       7.06882507e+02, 2.54507869e-01, 0., 0., 0., 1.55750793e+03,
       6.74499451e+02, 4.00738597e-01 ]
