%YAML:1.0
---
pose_0: !!opencv-matrix
   rows: 1
   cols: 25
   dt: "3f"
   data: [ 6.95122620e+02, 5.30344360e+02, 9.16438699e-01,
       8.24586670e+02, 5.39104919e+02, 6.39335573e-01, 8.33447266e+02,
       6.12640076e+02, 5.89418769e-01, 9.59998535e+02, 6.45006897e+02,
       2.54773080e-01, 1.05420129e+03, 6.86245728e+02, 2.83332974e-01,
       8.15807129e+02, 4.71392975e+02, 5.86452425e-01, 9.77714478e+02,
       4.21382507e+02, 7.30341911e-01, 1.12782361e+03, 3.85926453e+02,
       7.99889028e-01, 1.09548352e+03, 5.71441101e+02, 6.14757657e-01,
       1.08949707e+03, 6.18580505e+02, 5.87385416e-01, 1.24840491e+03,
       6.27394653e+02, 3.03163707e-01, 1.58105640e+03, 5.18533264e+02,
       3.98359478e-01, 1.11299805e+03, 5.21388733e+02, 5.81908047e-01,
       1.27782446e+03, 6.03955505e+02, 6.12953305e-01, 1.53691321e+03,
       6.00963440e+02, 3.16311389e-01, 6.83276001e+02, 5.45023926e+02,
       8.03897858e-01, 6.92022583e+02, 5.09690857e+02, 8.73765290e-01,
       6.94969910e+02, 5.62646667e+02, 3.39737952e-01, 7.15646301e+02,
       4.86139465e+02, 6.79363966e-01, 0., 0., 0., 0., 0., 0., 0., 0.,
       0., 0., 0., 0., 0., 0., 0., 1.61044763e+03, 4.92096832e+02,
       1.60663515e-01 ]
