%YAML:1.0
---
pose_0: !!opencv-matrix
   rows: 1
   cols: 25
   dt: "3f"
   data: [ 7.42144165e+02, 5.06763916e+02, 9.30724621e-01,
       8.54084473e+02, 5.18469238e+02, 7.20241547e-01, 8.57067078e+02,
       6.15616516e+02, 7.16491699e-01, 9.77728271e+02, 6.36207275e+02,
       6.30249202e-01, 1.05708923e+03, 6.36233337e+02, 6.74758792e-01,
       8.65839478e+02, 4.30182343e+02, 6.40506506e-01, 9.74657410e+02,
       3.68480438e+02, 8.57066631e-01, 9.03948303e+02, 4.47873657e+02,
       8.45929444e-01, 1.12191248e+03, 5.06762207e+02, 4.57286984e-01,
       1.11899744e+03, 5.53929749e+02, 5.63681066e-01, 1.33086853e+03,
       5.74527283e+02, 6.53362334e-01, 1.55455908e+03, 6.01058838e+02,
       5.23636997e-01, 1.11900513e+03, 4.56629608e+02, 4.79965597e-01,
       1.33091687e+03, 4.56814331e+02, 7.21131742e-01, 1.53983362e+03,
       4.71391998e+02, 6.39384151e-01, 7.24580994e+02, 5.24322815e+02,
       7.92524278e-01, 7.36317261e+02, 4.86138214e+02, 8.57262671e-01,
       7.42102966e+02, 5.47836365e+02, 5.65236330e-01, 7.62669373e+02,
       4.59803619e+02, 6.25676155e-01, 1.61044421e+03, 4.59722809e+02,
       5.07812798e-01, 1.60744470e+03, 4.56637024e+02, 5.07911444e-01,
       1.56338757e+03, 4.77268921e+02, 3.52309674e-01, 1.65758472e+03,
       5.89103271e+02, 4.74117011e-01, 1.64867651e+03, 5.98042053e+02,
       3.82139683e-01, 1.57517041e+03, 5.97911377e+02, 3.56987894e-01 ]
