%YAML:1.0
---
pose_0: !!opencv-matrix
   rows: 1
   cols: 25
   dt: "3f"
   data: [ 7.53947937e+02, 4.86180206e+02, 7.69132912e-01,
       8.65834412e+02, 4.80151642e+02, 7.65670538e-01, 8.83458984e+02,
       5.53940552e+02, 6.28795862e-01, 1.00414117e+03, 6.24491577e+02,
       8.49068224e-01, 9.07082275e+02, 5.89161560e+02, 7.96876192e-01,
       8.59934082e+02, 4.06635437e+02, 7.08547831e-01, 9.60019897e+02,
       3.65527802e+02, 8.44189942e-01, 1.03059143e+03, 3.56631073e+02,
       8.36014986e-01, 1.15128418e+03, 5.18497559e+02, 5.41642249e-01,
       1.14253857e+03, 5.65552612e+02, 5.68015337e-01, 1.31612939e+03,
       5.74489563e+02, 4.56496060e-01, 1.49571704e+03, 5.77387024e+02,
       5.00844479e-01, 1.15130737e+03, 4.59710480e+02, 5.62427044e-01,
       1.34842090e+03, 4.86113159e+02, 6.92496300e-01, 1.56038989e+03,
       4.80165039e+02, 5.52976370e-01, 7.39306091e+02, 5.03752930e+02,
       6.52889609e-01, 7.42098328e+02, 4.74359375e+02, 7.76326895e-01,
       7.62844849e+02, 5.12621338e+02, 1.90419674e-01, 7.65845581e+02,
       4.44969604e+02, 5.09565711e-01, 1.63389502e+03, 4.53690002e+02,
       3.56886894e-01, 1.62520068e+03, 4.50783813e+02, 3.85626316e-01,
       1.58689856e+03, 4.83188995e+02, 2.26757169e-01, 1.49576868e+03,
       6.47987183e+02, 6.39637113e-02, 0., 0., 0., 1.53390759e+03,
       5.71449707e+02, 2.87805498e-01 ]
