%YAML:1.0
---
pose_0: !!opencv-matrix
   rows: 1
   cols: 25
   dt: "3f"
   data: [ 7.48051331e+02, 5.53785767e+02, 6.95757508e-01,
       8.21648254e+02, 4.74325195e+02, 4.91714895e-01, 8.09921509e+02,
       5.06696228e+02, 3.80863279e-01, 0., 0., 0., 0., 0., 0.,
       8.42246094e+02, 4.44919891e+02, 5.25651276e-01, 9.89430237e+02,
       4.56561768e+02, 7.09329069e-01, 1.13073718e+03, 5.36141174e+02,
       7.19054997e-01, 1.09833655e+03, 4.74330444e+02, 2.02826798e-01,
       1.07773560e+03, 5.06756775e+02, 1.32430419e-01, 1.27781519e+03,
       4.39028137e+02, 7.23031685e-02, 0., 0., 0., 1.11010828e+03,
       4.30213409e+02, 2.26271108e-01, 1.37804858e+03, 5.27388672e+02,
       5.85005045e-01, 1.61336414e+03, 4.27257294e+02, 3.95474285e-01,
       7.36256897e+02, 5.50974731e+02, 1.07736580e-01, 7.39331238e+02,
       5.33311768e+02, 6.73072636e-01, 0., 0., 0., 7.54003540e+02,
       4.83291260e+02, 5.82604051e-01, 1.72525977e+03, 3.56627991e+02,
       4.19865906e-01, 1.72524426e+03, 3.59498474e+02, 3.63727331e-01,
       1.65750403e+03, 4.44900757e+02, 1.42826557e-01, 0., 0., 0., 0.,
       0., 0., 0., 0., 0. ]
