%YAML:1.0
---
pose_0: !!opencv-matrix
   rows: 1
   cols: 25
   dt: "3f"
   data: [ 7.18752930e+02, 3.44954163e+02, 8.19609344e-01,
       8.60005859e+02, 3.38970490e+02, 7.45537281e-01, 8.62832275e+02,
       4.30255737e+02, 7.08369195e-01, 1.00707996e+03, 4.65600250e+02,
       6.92612827e-01, 1.13955371e+03, 5.27312805e+02, 8.53154898e-01,
       8.62835449e+02, 2.47727646e+02, 6.91395819e-01, 1.00418079e+03,
       1.97754745e+02, 8.30195248e-01, 1.13953442e+03, 1.47704971e+02,
       8.65472913e-01, 1.14539343e+03, 3.41826111e+02, 5.65137625e-01,
       1.13661243e+03, 3.89036957e+02, 5.94139159e-01, 1.33094861e+03,
       3.86072327e+02, 7.16981471e-01, 1.63397473e+03, 3.88929077e+02,
       5.20373821e-01, 1.15131128e+03, 2.85995056e+02, 4.86973882e-01,
       1.37490186e+03, 2.94727051e+02, 6.71399951e-01, 1.57218250e+03,
       3.12506073e+02, 5.95133364e-01, 7.01045898e+02, 3.62494080e+02,
       7.55106032e-01, 7.09779724e+02, 3.21426453e+02, 7.73793161e-01,
       7.21545105e+02, 3.74244629e+02, 7.50135407e-02, 7.36323730e+02,
       2.91839417e+02, 5.85217118e-01, 1.63403784e+03, 2.65404388e+02,
       5.90448856e-01, 1.62812366e+03, 2.65364197e+02, 6.16132975e-01,
       1.60749829e+03, 3.18418427e+02, 4.61132050e-01, 1.74876001e+03,
       3.30126495e+02, 3.11097890e-01, 1.73998035e+03, 3.41886017e+02,
       2.60317832e-01, 1.65751611e+03, 3.88982391e+02, 2.69886017e-01 ]
