%YAML:1.0
---
pose_0: !!opencv-matrix
   rows: 2
   cols: 25
   dt: "3f"
   data: [ 7.36256714e+02, 4.21437927e+02, 7.33031452e-01,
       8.15782959e+02, 5.06713837e+02, 4.46103513e-01, 7.53949646e+02,
       5.21431030e+02, 1.15549140e-01, 0., 0., 0., 0., 0., 0.,
       8.01078308e+02, 4.41993469e+02, 5.11162162e-01, 9.92360840e+02,
       3.88906219e+02, 7.62251854e-01, 1.12187732e+03, 3.38952515e+02,
       7.83496678e-01, 1.11306042e+03, 4.80150116e+02, 4.75931108e-01,
       1.12480469e+03, 5.27400757e+02, 4.95416611e-01, 1.33673315e+03,
       5.39137939e+02, 7.04517365e-01, 1.56636804e+03, 5.53965332e+02,
       6.41869068e-01, 1.10717175e+03, 4.24341156e+02, 4.81078655e-01,
       1.32795996e+03, 4.06630188e+02, 5.65445900e-01, 1.54867151e+03,
       4.00782379e+02, 5.47363997e-01, 7.12745239e+02, 4.33185455e+02,
       8.34220052e-01, 7.12778625e+02, 4.09576172e+02, 1.62324175e-01,
       7.18678467e+02, 4.74407684e+02, 6.49607003e-01, 0., 0., 0.,
       1.63992078e+03, 3.68426575e+02, 4.72966701e-01, 1.63694983e+03,
       3.65452881e+02, 4.89346474e-01, 1.57810278e+03, 4.00766174e+02,
       2.57211596e-01, 1.63998975e+03, 5.50794006e+02, 5.95302582e-01,
       1.63391650e+03, 5.62642700e+02, 5.57011664e-01, 1.58689050e+03,
       5.53872620e+02, 3.29203904e-01, 0., 0., 0., 0., 0., 0.,
       8.33423096e+02, 5.95044312e+02, 5.54394901e-01, 9.54070740e+02,
       6.45108887e+02, 7.66397655e-01, 1.03946594e+03, 6.47963989e+02,
       7.99280882e-01, 0., 0., 0., 0., 0., 0., 0., 0., 0., 0., 0., 0.,
       0., 0., 0., 0., 0., 0., 0., 0., 0., 0., 0., 0., 0., 0., 0., 0.,
       0., 0., 0., 0., 0., 0., 0., 0., 0., 0., 0., 0., 0., 0., 0., 0.,
       0., 0., 0., 0., 0., 0., 0., 0., 0., 0., 0., 0., 0., 0., 0., 0. ]
