%YAML:1.0
---
pose_0: !!opencv-matrix
   rows: 1
   cols: 25
   dt: "3f"
   data: [ 7.36274109e+02, 3.36057709e+02, 8.31815600e-01,
       8.33336487e+02, 3.44925720e+02, 7.56728590e-01, 8.27580383e+02,
       4.15512299e+02, 4.39759135e-01, 8.12916443e+02, 4.83120239e+02,
       5.08230150e-01, 6.86240173e+02, 4.83304047e+02, 7.13678956e-01,
       8.21653503e+02, 2.68361969e+02, 6.39748514e-01, 8.77646118e+02,
       2.91803131e+02, 7.45859802e-01, 8.57088196e+02, 4.36032745e+02,
       8.19864929e-01, 1.09835193e+03, 3.68436707e+02, 6.00894153e-01,
       1.09247876e+03, 4.12636017e+02, 6.06505394e-01, 1.29844214e+03,
       4.33203644e+02, 7.04460263e-01, 1.52512085e+03, 4.53748962e+02,
       5.74538529e-01, 1.11007996e+03, 3.18389069e+02, 5.61011076e-01,
       1.33376086e+03, 3.00709473e+02, 5.47857046e-01, 1.55457141e+03,
       2.77231018e+02, 5.02077937e-01, 7.18748047e+02, 3.53645813e+02,
       7.52189040e-01, 7.18780640e+02, 3.18523926e+02, 7.73984611e-01,
       7.39311462e+02, 3.83084961e+02, 6.84840798e-01, 7.42156799e+02,
       3.00735870e+02, 4.68094230e-01, 1.63699072e+03, 2.53664810e+02,
       4.27656412e-01, 1.63407153e+03, 2.50765564e+02, 4.70224380e-01,
       1.61336584e+03, 2.91829742e+02, 2.04904065e-01, 1.61330811e+03,
       4.62576660e+02, 4.83315915e-01, 1.59867725e+03, 4.77306427e+02,
       4.05352175e-01, 1.55750415e+03, 4.36134583e+02, 2.66252220e-01 ]
