%YAML:1.0
---
pose_0: !!opencv-matrix
   rows: 1
   cols: 25
   dt: "3f"
   data: [ 7.74524109e+02, 4.65506653e+02, 8.02549899e-01,
       8.83409973e+02, 4.53788391e+02, 7.90781975e-01, 8.80469482e+02,
       5.30331848e+02, 7.60033965e-01, 9.98244629e+02, 5.77292053e+02,
       7.67614782e-01, 1.11594775e+03, 6.24520081e+02, 8.13409328e-01,
       8.92251892e+02, 3.71324219e+02, 7.03528285e-01, 1.01591833e+03,
       3.62517029e+02, 8.06674540e-01, 1.13965002e+03, 3.21420776e+02,
       8.09916556e-01, 1.12778870e+03, 4.59704407e+02, 6.04096174e-01,
       1.12195313e+03, 5.06754700e+02, 6.43557608e-01, 1.33094519e+03,
       5.45033752e+02, 6.76731467e-01, 1.52513647e+03, 5.71461426e+02,
       5.33200800e-01, 1.13364954e+03, 4.09663696e+02, 6.21325850e-01,
       1.35139929e+03, 4.15586395e+02, 5.97337842e-01, 1.57219397e+03,
       4.30238983e+02, 6.38969302e-01, 7.62733643e+02, 4.80302948e+02,
       8.66861105e-01, 7.62738159e+02, 4.53678070e+02, 8.50013077e-01,
       7.80493774e+02, 4.92026703e+02, 1.74690202e-01, 7.80485535e+02,
       4.12642731e+02, 7.23236084e-01, 1.63708508e+03, 4.15519440e+02,
       3.94374877e-01, 1.63408997e+03, 4.12501221e+02, 4.45194900e-01,
       1.60748730e+03, 4.30229218e+02, 2.52469391e-01, 1.61336011e+03,
       5.68561401e+02, 2.96717644e-01, 1.60748535e+03, 5.80334473e+02,
       2.45077282e-01, 1.56624878e+03, 5.53804077e+02, 2.72433370e-01 ]
