%YAML:1.0
---
pose_0: !!opencv-matrix
   rows: 1
   cols: 25
   dt: "3f"
   data: [ 0., 0., 0., 9.04131165e+02, 4.80184509e+02, 4.22823429e-01,
       8.77582642e+02, 5.18524597e+02, 3.18106681e-01, 8.01087097e+02,
       5.06831390e+02, 2.03383669e-01, 0., 0., 0., 9.24701904e+02,
       4.44929871e+02, 3.63356292e-01, 9.42304443e+02, 3.92008453e+02,
       5.05060017e-01, 7.86346680e+02, 3.65527130e+02, 7.50051796e-01,
       1.13655579e+03, 5.00820251e+02, 3.73748720e-01, 1.12484009e+03,
       5.18496033e+02, 2.85880506e-01, 1.31615796e+03, 4.80102509e+02,
       7.27633297e-01, 1.57225574e+03, 6.27428772e+02, 5.74518085e-01,
       1.13954688e+03, 4.74396088e+02, 2.78127700e-01, 1.34259705e+03,
       4.47900146e+02, 5.63575327e-01, 1.56635022e+03, 5.06746277e+02,
       6.48596644e-01, 0., 0., 0., 0., 0., 0., 0., 0., 0., 0., 0., 0.,
       1.68695935e+03, 5.36176819e+02, 2.79361546e-01, 1.68407239e+03,
       5.33283386e+02, 2.68837661e-01, 1.58393018e+03, 5.36202942e+02,
       3.93269956e-01, 1.63693018e+03, 6.68517639e+02, 4.74670202e-01,
       1.61635400e+03, 6.74522095e+02, 5.02326131e-01, 1.60452991e+03,
       6.30356201e+02, 2.86630124e-01 ]
