%YAML:1.0
---
pose_0: !!opencv-matrix
   rows: 2
   cols: 25
   dt: "3f"
   data: [ 7.62715088e+02, 4.53695801e+02, 7.13715374e-01,
       8.24638855e+02, 5.09701141e+02, 5.17860532e-01, 8.39322815e+02,
       5.44971497e+02, 6.60417438e-01, 9.74611389e+02, 5.74415894e+02,
       7.70123839e-01, 1.14836218e+03, 5.24398987e+02, 7.14446664e-01,
       8.09955872e+02, 4.71412872e+02, 2.74093866e-01, 7.86342529e+02,
       4.56714081e+02, 8.34366381e-02, 0., 0., 0., 1.11901428e+03,
       5.97995361e+02, 4.72526073e-01, 1.11007629e+03, 6.24526672e+02,
       4.65662599e-01, 1.34258484e+03, 5.56787781e+02, 7.39397764e-01,
       1.60158911e+03, 6.95079590e+02, 5.63428044e-01, 1.13954480e+03,
       5.59705444e+02, 3.44353586e-01, 1.35141174e+03, 4.80336456e+02,
       8.23822081e-01, 1.56931018e+03, 5.97894470e+02, 6.36018813e-01,
       7.42317993e+02, 4.59659363e+02, 7.18178749e-01, 7.48075134e+02,
       4.41947845e+02, 1.83244124e-01, 7.59898926e+02, 4.94986877e+02,
       5.50281405e-01, 0., 0., 0., 1.61338220e+03, 5.30273132e+02,
       1.71482369e-01, 1.61036377e+03, 5.36159485e+02, 1.75103262e-01,
       1.58685510e+03, 6.18587158e+02, 3.75497609e-01, 1.70760815e+03,
       6.03849731e+02, 3.78672928e-01, 1.66344360e+03, 7.36213806e+02,
       7.34153464e-02, 1.61639001e+03, 7.27459900e+02, 4.33521658e-01,
       0., 0., 0., 0., 0., 0., 0., 0., 0., 0., 0., 0., 0., 0., 0.,
       9.39383911e+02, 4.80217224e+02, 1.05932608e-01, 1.07477441e+03,
       5.03786255e+02, 5.87264955e-01, 1.18967810e+03, 4.74360321e+02,
       7.18346000e-01, 0., 0., 0., 0., 0., 0., 0., 0., 0., 0., 0., 0.,
       0., 0., 0., 0., 0., 0., 0., 0., 0., 0., 0., 0., 0., 0., 0., 0.,
       0., 0., 0., 0., 0., 0., 0., 0., 0., 0., 0., 0., 0., 0., 0., 0.,
       0., 0., 0., 0., 0., 0., 0. ]
