%YAML:1.0
---
pose_0: !!opencv-matrix
   rows: 1
   cols: 25
   dt: "3f"
   data: [ 7.39112976e+02, 3.53684937e+02, 6.75093770e-01,
       8.39379761e+02, 3.42004089e+02, 3.69374394e-01, 8.33470154e+02,
       3.86037354e+02, 2.43489623e-01, 9.57073608e+02, 4.09615967e+02,
       1.19208813e-01, 1.01588123e+03, 4.56645569e+02, 4.08056140e-01,
       8.51095337e+02, 3.12474762e+02, 2.66824365e-01, 1.02179291e+03,
       2.62450226e+02, 4.66931194e-01, 1.02470117e+03, 2.00590454e+02,
       6.20712399e-01, 1.13658765e+03, 3.56594208e+02, 4.19966757e-01,
       1.13070740e+03, 4.09595154e+02, 4.18264747e-01, 1.38380920e+03,
       4.33078857e+02, 2.48708189e-01, 1.53687463e+03, 4.30144226e+02,
       4.23726141e-01, 1.14542810e+03, 3.09549500e+02, 3.90621185e-01,
       1.35434363e+03, 3.18268402e+02, 5.96323133e-01, 1.56928882e+03,
       2.91893646e+02, 5.28790891e-01, 7.18645630e+02, 3.62482941e+02,
       5.64354420e-01, 7.30399963e+02, 3.36062042e+02, 6.30203366e-01,
       7.39307068e+02, 3.80202972e+02, 1.35480240e-01, 7.62781067e+02,
       3.15409546e+02, 4.49203908e-01, 1.63693970e+03, 2.65410492e+02,
       2.24094003e-01, 1.63406726e+03, 2.65412018e+02, 2.54716367e-01,
       1.61338831e+03, 2.88952423e+02, 1.98524743e-01, 1.60745154e+03,
       4.33183624e+02, 2.53053188e-01, 0., 0., 0., 1.56333154e+03,
       4.12568787e+02, 3.09534937e-01 ]
