%YAML:1.0
---
pose_0: !!opencv-matrix
   rows: 1
   cols: 25
   dt: "3f"
   data: [ 8.09754456e+02, 5.33272827e+02, 8.29235673e-01,
       9.04048035e+02, 6.01035889e+02, 7.66885042e-01, 8.83555908e+02,
       6.59799988e+02, 4.66707796e-01, 8.33453003e+02, 8.06875977e+02,
       1.80417493e-01, 8.48156250e+02, 7.95159973e+02, 5.93734942e-02,
       9.24671631e+02, 5.50842346e+02, 7.27364182e-01, 9.54007019e+02,
       4.50822998e+02, 7.30200708e-01, 9.98325195e+02, 3.21273621e+02,
       8.65544558e-01, 1.14545020e+03, 5.97877075e+02, 5.78804791e-01,
       1.14255249e+03, 6.42078064e+02, 5.36019623e-01, 1.36612793e+03,
       6.33345215e+02, 5.86486697e-01, 1.53977820e+03, 7.01036377e+02,
       4.69746411e-01, 1.14833777e+03, 5.47890930e+02, 5.71119905e-01,
       1.26029810e+03, 4.80360718e+02, 8.10014606e-01, 1.40140344e+03,
       5.74492859e+02, 7.34142661e-01, 7.89178284e+02, 5.53771179e+02,
       8.70022893e-01, 7.89296204e+02, 5.27416504e+02, 8.12511206e-01,
       8.06950623e+02, 5.95011169e+02, 6.92864895e-01, 0., 0., 0.,
       1.48686316e+03, 5.27337524e+02, 4.89601076e-01, 1.47506897e+03,
       5.24425964e+02, 4.40983891e-01, 1.40743591e+03, 6.03835693e+02,
       5.03694832e-01, 1.60453809e+03, 6.89184753e+02, 3.34644854e-01,
       1.58994617e+03, 6.95197205e+02, 2.89016336e-01, 1.56044092e+03,
       7.18711914e+02, 3.36749166e-01 ]
