%YAML:1.0
---
pose_0: !!opencv-matrix
   rows: 1
   cols: 25
   dt: "3f"
   data: [ 7.27459717e+02, 3.89175293e+02, 8.40901971e-01,
       8.56964172e+02, 3.97842743e+02, 7.30889738e-01, 8.57106445e+02,
       4.80272858e+02, 8.11441541e-01, 9.77661438e+02, 5.27404602e+02,
       8.47605824e-01, 1.06293884e+03, 5.92091064e+02, 8.02624166e-01,
       8.56971436e+02, 3.12443115e+02, 6.68186367e-01, 9.98203491e+02,
       2.71350647e+02, 7.59824514e-01, 1.05122168e+03, 3.24307709e+02,
       5.56668043e-01, 1.12193323e+03, 4.33058868e+02, 5.83031535e-01,
       1.11602881e+03, 4.80301392e+02, 5.84705949e-01, 1.32789929e+03,
       4.83231110e+02, 8.06739151e-01, 1.53975464e+03, 5.44960022e+02,
       5.73551178e-01, 1.13362708e+03, 3.68462769e+02, 5.77263296e-01,
       1.35738599e+03, 3.30153870e+02, 6.23308361e-01, 1.56633801e+03,
       2.94838409e+02, 6.27806902e-01, 7.15629822e+02, 4.09665802e+02,
       7.81441331e-01, 7.15728943e+02, 3.77213287e+02, 8.23409915e-01,
       7.39148376e+02, 4.30272705e+02, 3.29705179e-01, 7.39261292e+02,
       3.44889252e+02, 4.21013534e-01, 1.63696008e+03, 2.65366577e+02,
       5.04485905e-01, 1.63394958e+03, 2.62462067e+02, 5.09618640e-01,
       1.59573547e+03, 2.97822113e+02, 2.75736034e-01, 1.61047510e+03,
       5.36171631e+02, 4.58392620e-01, 1.60458728e+03, 5.50829163e+02,
       3.96890163e-01, 1.56633618e+03, 5.33258301e+02, 2.92891800e-01 ]
