%YAML:1.0
---
pose_0: !!opencv-matrix
   rows: 1
   cols: 25
   dt: "3f"
   data: [ 6.24618774e+02, 4.53709930e+02, 8.36107850e-01,
       7.45173706e+02, 4.71415497e+02, 6.82286620e-01, 6.98073181e+02,
       5.30407104e+02, 5.55478513e-01, 6.00932007e+02, 5.15550903e+02,
       3.92167896e-01, 5.80291199e+02, 4.77306793e+02, 1.72725365e-01,
       7.89323730e+02, 3.91913147e+02, 6.50282264e-01, 9.51187195e+02,
       3.62466034e+02, 8.13355923e-01, 1.05415906e+03, 3.59528778e+02,
       7.66697049e-01, 1.05716528e+03, 5.30280945e+02, 5.15542805e-01,
       1.04532373e+03, 5.89113525e+02, 5.04366815e-01, 1.29553076e+03,
       6.24369873e+02, 2.75491297e-01, 1.49866248e+03, 6.12731567e+02,
       2.25135744e-01, 1.06593958e+03, 4.62639984e+02, 4.86875832e-01,
       1.28673633e+03, 5.24372070e+02, 6.37207270e-01, 1.64872961e+03,
       5.44955811e+02, 2.72190392e-01, 6.15557007e+02, 4.65578613e+02,
       7.47057319e-01, 6.21558838e+02, 4.36080658e+02, 8.10427964e-01,
       6.30327026e+02, 4.97840881e+02, 5.44857562e-01, 6.51012512e+02,
       4.27203796e+02, 2.63459682e-01, 0., 0., 0., 0., 0., 0.,
       1.75170105e+03, 5.74389832e+02, 1.20810956e-01, 1.49563416e+03,
       6.65633118e+02, 1.41910076e-01, 1.48684766e+03, 6.53932129e+02,
       1.52228013e-01, 1.52213245e+03, 6.09771057e+02, 1.59893155e-01 ]
