%YAML:1.0
---
pose_0: !!opencv-matrix
   rows: 1
   cols: 25
   dt: "3f"
   data: [ 7.83433350e+02, 4.62641113e+02, 8.82930160e-01,
       8.86487305e+02, 4.59536041e+02, 8.14950943e-01, 8.83407715e+02,
       5.27205627e+02, 7.70506740e-01, 1.00424109e+03, 5.86220703e+02,
       7.79779911e-01, 8.92308594e+02, 5.50764282e+02, 8.30186725e-01,
       8.89419800e+02, 3.91955475e+02, 6.92141891e-01, 9.74663513e+02,
       3.41842041e+02, 8.36894512e-01, 1.06303308e+03, 3.38897095e+02,
       8.09316695e-01, 1.16899402e+03, 4.89089935e+02, 5.82760155e-01,
       1.16304883e+03, 5.36162292e+02, 6.30473793e-01, 1.32493225e+03,
       5.53917175e+02, 2.72980481e-01, 1.49574170e+03, 5.77465393e+02,
       4.24454153e-01, 1.17780627e+03, 4.36128448e+02, 5.72239220e-01,
       1.36906519e+03, 4.74293762e+02, 6.38373435e-01, 1.56334924e+03,
       4.62600372e+02, 6.75866604e-01, 7.62910095e+02, 4.80199524e+02,
       7.83508301e-01, 7.68704712e+02, 4.47848175e+02, 8.23441684e-01,
       7.83439453e+02, 5.03650604e+02, 2.07698345e-01, 8.04043274e+02,
       4.18470184e+02, 5.59249759e-01, 1.61924902e+03, 4.39069000e+02,
       4.17946041e-01, 1.61341284e+03, 4.39023132e+02, 5.14976442e-01,
       1.59281287e+03, 4.59712128e+02, 3.17433119e-01, 1.54869177e+03,
       5.77298279e+02, 1.98189825e-01, 1.54271362e+03, 5.80417175e+02,
       1.52643576e-01, 1.52515222e+03, 5.71471863e+02, 3.15641612e-01 ]
