%YAML:1.0
---
pose_0: !!opencv-matrix
   rows: 1
   cols: 25
   dt: "3f"
   data: [ 6.89190247e+02, 5.03713959e+02, 6.80165887e-01,
       8.15839294e+02, 4.56570770e+02, 7.35567451e-01, 8.12892456e+02,
       5.50819580e+02, 7.45153964e-01, 9.42383911e+02, 6.03967163e+02,
       7.43191957e-01, 1.03357092e+03, 6.59791016e+02, 7.67951846e-01,
       8.21705872e+02, 3.62577484e+02, 6.42619967e-01, 9.62951477e+02,
       2.88894867e+02, 7.40628242e-01, 1.06302380e+03, 2.21265839e+02,
       8.22376728e-01, 1.11014075e+03, 5.03883057e+02, 6.03789687e-01,
       1.09534045e+03, 5.53862305e+02, 6.17996216e-01, 1.32787170e+03,
       6.00831726e+02, 6.83025002e-01, 1.51035388e+03, 6.18561218e+02,
       5.14323533e-01, 1.12185352e+03, 4.50766998e+02, 5.16913354e-01,
       1.33678296e+03, 4.59704285e+02, 5.20631671e-01, 1.60165576e+03,
       4.56607971e+02, 5.55974185e-01, 6.71565613e+02, 5.09660767e+02,
       1.17838971e-01, 6.71512634e+02, 4.83303406e+02, 6.44251049e-01,
       0., 0., 0., 6.74564758e+02, 4.56771393e+02, 5.84853470e-01,
       1.67525586e+03, 4.33209564e+02, 4.26985085e-01, 1.66926990e+03,
       4.33091187e+02, 4.74085689e-01, 1.64578284e+03, 4.65539764e+02,
       2.22719908e-01, 1.58691650e+03, 6.06789001e+02, 3.75548720e-01,
       1.57513074e+03, 6.21510986e+02, 2.94075787e-01, 1.54274597e+03,
       6.03882751e+02, 2.47512788e-01 ]
