%YAML:1.0
---
pose_0: !!opencv-matrix
   rows: 1
   cols: 25
   dt: "3f"
   data: [ 7.89291260e+02, 4.74368164e+02, 8.67416859e-01,
       9.04143311e+02, 4.59536774e+02, 8.13665509e-01, 8.98138855e+02,
       5.24364807e+02, 6.68516994e-01, 1.02473962e+03, 5.83335754e+02,
       7.92367339e-01, 9.07072571e+02, 5.30450928e+02, 8.01019073e-01,
       9.04089966e+02, 3.94951782e+02, 6.80141509e-01, 9.77716064e+02,
       3.39073029e+02, 8.36853266e-01, 1.06889453e+03, 3.38916809e+02,
       7.84344077e-01, 1.18652637e+03, 4.92075287e+02, 5.73761046e-01,
       1.17777490e+03, 5.39148621e+02, 5.77120423e-01, 1.33084802e+03,
       5.53766907e+02, 3.73098373e-01, 1.49861609e+03, 5.62687744e+02,
       6.28505230e-01, 1.18952332e+03, 4.39107635e+02, 5.75801730e-01,
       1.37207312e+03, 4.80143555e+02, 7.21188545e-01, 1.56639563e+03,
       4.59730652e+02, 6.83860481e-01, 7.74549500e+02, 4.86172394e+02,
       7.90009856e-01, 7.83294189e+02, 4.53764862e+02, 8.60745907e-01,
       7.92254639e+02, 5.03848724e+02, 2.38766849e-01, 8.06856140e+02,
       4.18498901e+02, 6.41282618e-01, 1.61051953e+03, 5.06715027e+02,
       1.53432101e-01, 1.61353625e+03, 4.65506927e+02, 2.10779756e-01,
       1.59865234e+03, 4.41984680e+02, 3.57693523e-01, 1.54860901e+03,
       5.74416626e+02, 2.77760535e-01, 1.53684497e+03, 5.80377075e+02,
       2.11365715e-01, 1.53097156e+03, 5.53763916e+02, 4.16634440e-01 ]
