%YAML:1.0
---
pose_0: !!opencv-matrix
   rows: 1
   cols: 25
   dt: "3f"
   data: [ 6.44958618e+02, 5.03883545e+02, 6.93179727e-01,
       7.77534912e+02, 4.50842804e+02, 4.18598980e-01, 8.06924194e+02,
       5.50862915e+02, 2.03863397e-01, 0., 0., 0., 0., 0., 0.,
       7.74609680e+02, 3.59585876e+02, 4.31759149e-01, 9.07124084e+02,
       2.47756165e+02, 7.74538457e-01, 1.01588446e+03, 1.50590836e+02,
       7.95263648e-01, 1.09542993e+03, 5.27319214e+02, 5.68144083e-01,
       1.07184473e+03, 5.83260681e+02, 5.61227381e-01, 1.30429712e+03,
       6.36245728e+02, 6.32247388e-01, 1.66345239e+03, 6.83304504e+02,
       5.87983906e-01, 1.11597913e+03, 4.59732330e+02, 4.81506884e-01,
       1.38087683e+03, 5.00891418e+02, 6.16750836e-01, 1.63689880e+03,
       4.68470306e+02, 6.29275322e-01, 6.21597412e+02, 5.15529297e+02,
       5.53760707e-01, 6.21513123e+02, 4.86121063e+02, 6.34335458e-01,
       0., 0., 0., 6.27403015e+02, 4.39028625e+02, 4.92253035e-01,
       1.71643689e+03, 4.21402649e+02, 4.76561725e-01, 1.71056616e+03,
       4.21395782e+02, 4.41664517e-01, 1.66049353e+03, 4.80190979e+02,
       2.87817955e-01, 1.72821887e+03, 6.24466125e+02, 3.60628337e-01,
       1.72525635e+03, 6.36267334e+02, 2.65741467e-01, 1.68992224e+03,
       6.92095459e+02, 4.08666521e-01 ]
