%YAML:1.0
---
pose_0: !!opencv-matrix
   rows: 1
   cols: 25
   dt: "3f"
   data: [ 7.68714417e+02, 4.59681671e+02, 6.55761719e-01,
       8.42281738e+02, 5.18522888e+02, 3.75271350e-01, 8.51109924e+02,
       5.44992676e+02, 4.46082115e-01, 1.00123834e+03, 5.39069763e+02,
       6.67142332e-01, 1.11885229e+03, 4.71423035e+02, 7.04279125e-01,
       8.39382996e+02, 4.92029755e+02, 2.19524339e-01, 8.59990417e+02,
       4.83249786e+02, 9.25380737e-02, 0., 0., 0., 1.16596692e+03,
       5.77458252e+02, 5.11651099e-01, 1.15129297e+03, 6.15608032e+02,
       4.03730989e-01, 1.40446667e+03, 5.03779724e+02, 7.88362861e-01,
       1.64869934e+03, 7.18690796e+02, 6.45296454e-01, 1.18069763e+03,
       5.39119324e+02, 3.88399184e-01, 1.38678833e+03, 4.65574127e+02,
       6.33587360e-01, 1.49575549e+03, 6.42135376e+02, 4.31341112e-01,
       7.45205872e+02, 4.77270050e+02, 5.34895062e-01, 7.51084473e+02,
       4.56687317e+02, 1.08183607e-01, 7.65747437e+02, 5.06830200e+02,
       3.22102547e-01, 0., 0., 0., 0., 0., 0., 0., 0., 0.,
       1.48393750e+03, 6.56842957e+02, 3.26163679e-01, 1.69879871e+03,
       7.33311523e+02, 3.90714526e-01, 1.68395044e+03, 7.42306213e+02,
       4.72323984e-01, 1.65757483e+03, 7.39238159e+02, 3.87107104e-01 ]
