%YAML:1.0
---
pose_0: !!opencv-matrix
   rows: 1
   cols: 25
   dt: "3f"
   data: [ 7.59809631e+02, 3.59626678e+02, 8.16324115e-01,
       8.68710205e+02, 3.97831665e+02, 6.81904495e-01, 8.60042114e+02,
       4.83287109e+02, 7.78658569e-01, 9.98155457e+02, 5.09796356e+02,
       7.67267823e-01, 1.04830798e+03, 4.65524719e+02, 7.80132174e-01,
       8.83375427e+02, 3.18479858e+02, 6.39828086e-01, 1.02775598e+03,
       2.56524109e+02, 7.37561643e-01, 1.15427686e+03, 2.03584579e+02,
       7.72477865e-01, 1.13657202e+03, 3.62466400e+02, 5.63130975e-01,
       1.13951819e+03, 4.09592102e+02, 6.12898111e-01, 1.34553821e+03,
       4.53753143e+02, 7.24012733e-01, 1.53982263e+03, 5.30318665e+02,
       6.71112597e-01, 1.13365076e+03, 3.12418610e+02, 5.71475625e-01,
       1.34843433e+03, 2.88937073e+02, 6.83091044e-01, 1.56628174e+03,
       2.83001129e+02, 6.03061974e-01, 7.42203003e+02, 3.74321808e+02,
       8.08918834e-01, 7.42344604e+02, 3.41824585e+02, 8.43681633e-01,
       7.59878418e+02, 4.06569855e+02, 6.71508968e-01, 7.68662231e+02,
       3.21387360e+02, 3.92941624e-01, 1.63703430e+03, 2.65382019e+02,
       5.16726732e-01, 1.63406274e+03, 2.59527588e+02, 5.37285984e-01,
       1.58986511e+03, 2.88950012e+02, 2.72441864e-01, 1.60755017e+03,
       5.27300964e+02, 2.09921688e-01, 1.60746301e+03, 5.47912842e+02,
       2.09022298e-01, 1.56922375e+03, 5.33227295e+02, 3.90585244e-01 ]
