%YAML:1.0
---
pose_0: !!opencv-matrix
   rows: 1
   cols: 25
   dt: "3f"
   data: [ 7.42125549e+02, 4.83347961e+02, 8.65022123e-01,
       8.59880737e+02, 5.03753845e+02, 7.36405194e-01, 8.80460876e+02,
       5.77463745e+02, 6.23508751e-01, 1.01880786e+03, 6.09740356e+02,
       7.35667288e-01, 1.08653149e+03, 5.92076904e+02, 7.93101966e-01,
       8.59960144e+02, 4.21363647e+02, 5.62307835e-01, 9.57104797e+02,
       3.62532135e+02, 4.02018994e-01, 9.92364807e+02, 3.89115234e+02,
       4.97023970e-01, 1.14541467e+03, 5.12648193e+02, 5.18775940e-01,
       1.14244336e+03, 5.59672607e+02, 5.48610926e-01, 1.34258215e+03,
       5.74529541e+02, 5.67205489e-01, 1.49562646e+03, 5.68583313e+02,
       4.61033374e-01, 1.14836328e+03, 4.59621155e+02, 5.01644194e-01,
       1.35150867e+03, 4.83183990e+02, 6.88817680e-01, 1.56040784e+03,
       4.77282349e+02, 6.01126850e-01, 7.24496704e+02, 5.00901611e+02,
       7.30171800e-01, 7.33386353e+02, 4.68428589e+02, 7.73470461e-01,
       7.39297791e+02, 5.24443542e+02, 3.46322060e-01, 7.62725647e+02,
       4.42023285e+02, 6.13191068e-01, 1.61927661e+03, 4.56681305e+02,
       4.64570165e-01, 1.61337915e+03, 4.53669464e+02, 5.12818456e-01,
       1.58396594e+03, 4.80172028e+02, 3.08696836e-01, 1.54866785e+03,
       5.80402344e+02, 2.47729048e-01, 1.53685083e+03, 5.92127991e+02,
       2.32189760e-01, 1.52514990e+03, 5.56781311e+02, 2.86429912e-01 ]
