%YAML:1.0
---
pose_0: !!opencv-matrix
   rows: 1
   cols: 25
   dt: "3f"
   data: [ 9.54039246e+02, 4.36234283e+02, 7.89298937e-02,
       9.54205017e+02, 5.00858002e+02, 5.79985082e-01, 9.07001038e+02,
       5.30343018e+02, 5.41309953e-01, 7.83435303e+02, 5.33301819e+02,
       7.16080666e-01, 8.86379883e+02, 4.59641724e+02, 7.76558876e-01,
       1.00120557e+03, 4.68438232e+02, 3.98713529e-01, 0., 0., 0., 0.,
       0., 0., 1.16018018e+03, 5.47918579e+02, 3.46391588e-01,
       1.14836572e+03, 5.68525391e+02, 2.37922251e-01, 1.37487659e+03,
       5.03835846e+02, 8.15476656e-01, 1.63393811e+03, 7.06900085e+02,
       5.00287890e-01, 1.17487537e+03, 5.15575500e+02, 3.01856875e-01,
       1.35734473e+03, 4.80233978e+02, 2.86237866e-01, 1.50159094e+03,
       6.39151672e+02, 9.55658630e-02, 9.42292969e+02, 4.33043304e+02,
       6.28935695e-02, 9.54108154e+02, 4.27245544e+02, 6.35182709e-02,
       9.10045715e+02, 4.39039001e+02, 7.75427520e-02, 9.65875427e+02,
       4.24308594e+02, 5.64734340e-02, 0., 0., 0., 0., 0., 0.,
       1.49559644e+03, 6.53890564e+02, 8.07029381e-02, 1.66640259e+03,
       7.03902161e+02, 2.56835878e-01, 1.65750586e+03, 7.18624939e+02,
       3.03106546e-01, 1.64870032e+03, 7.21631958e+02, 2.80852288e-01 ]
