%YAML:1.0
---
pose_0: !!opencv-matrix
   rows: 1
   cols: 25
   dt: "3f"
   data: [ 6.30394043e+02, 5.27239563e+02, 7.74579585e-01,
       7.56950562e+02, 4.80336548e+02, 6.35110140e-01, 7.48090271e+02,
       5.53793945e+02, 3.80888671e-01, 8.06931763e+02, 6.45035583e+02,
       1.37633622e-01, 0., 0., 0., 7.71659790e+02, 3.91931885e+02,
       6.60509586e-01, 9.27574097e+02, 3.62474457e+02, 8.16089511e-01,
       1.02485925e+03, 3.65415680e+02, 8.70419621e-01, 1.06006531e+03,
       5.33232239e+02, 5.43074369e-01, 1.04821948e+03, 5.92099243e+02,
       5.65611959e-01, 1.27784460e+03, 6.27417969e+02, 2.97106087e-01,
       1.48682703e+03, 6.21502075e+02, 3.32451791e-01, 1.06889441e+03,
       4.71390961e+02, 5.06529927e-01, 1.30734534e+03, 5.24320618e+02,
       5.72263837e-01, 1.63986914e+03, 5.44986877e+02, 3.51326704e-01,
       6.18613953e+02, 5.44998230e+02, 7.44557917e-01, 6.18593079e+02,
       5.03824493e+02, 8.56460035e-01, 6.44967468e+02, 5.50997986e+02,
       1.66492492e-01, 6.42099792e+02, 4.65582794e+02, 5.69137990e-01,
       1.70463831e+03, 5.03664795e+02, 1.90437138e-01, 1.70460693e+03,
       5.03732788e+02, 1.85363442e-01, 1.66343762e+03, 5.71499084e+02,
       2.32639000e-01, 1.49267651e+03, 6.65660645e+02, 2.16069728e-01,
       1.47510730e+03, 6.62718201e+02, 2.14073643e-01, 1.50748499e+03,
       6.21437866e+02, 1.66151002e-01 ]
