%YAML:1.0
---
pose_0: !!opencv-matrix
   rows: 1
   cols: 25
   dt: "3f"
   data: [ 7.00947449e+02, 4.59698425e+02, 8.46806884e-01,
       8.27519409e+02, 4.80170197e+02, 7.40144551e-01, 8.33303955e+02,
       5.68494263e+02, 6.55462027e-01, 9.71743408e+02, 6.03879456e+02,
       6.38735652e-01, 9.89391174e+02, 5.95039612e+02, 7.09065378e-01,
       8.27523010e+02, 3.89085419e+02, 6.80407584e-01, 9.51087952e+02,
       3.21340424e+02, 4.48527992e-01, 9.33472351e+02, 3.47849457e+02,
       5.73933780e-01, 1.13364160e+03, 4.92031586e+02, 5.38718164e-01,
       1.12772693e+03, 5.42041016e+02, 5.65797567e-01, 1.33081433e+03,
       5.74321167e+02, 5.31129003e-01, 1.47805835e+03, 5.53903687e+02,
       4.88123059e-01, 1.13951685e+03, 4.36131348e+02, 5.78231573e-01,
       1.35738318e+03, 4.59785797e+02, 6.51434124e-01, 1.56339246e+03,
       4.53684113e+02, 5.98827660e-01, 6.89195190e+02, 4.77269531e+02,
       7.37928569e-01, 6.92126404e+02, 4.39009613e+02, 8.32922459e-01,
       7.03945557e+02, 5.00905396e+02, 3.67620349e-01, 7.21605774e+02,
       4.12523773e+02, 5.84730685e-01, 1.63985242e+03, 4.36069794e+02,
       4.93911654e-01, 1.63690039e+03, 4.33080048e+02, 5.31360805e-01,
       1.60451172e+03, 4.53742920e+02, 1.97299093e-01, 1.50156006e+03,
       6.12686646e+02, 1.81356877e-01, 1.48977783e+03, 6.03896240e+02,
       2.14556083e-01, 1.50453125e+03, 5.36177734e+02, 3.30018580e-01 ]
