%YAML:1.0
---
pose_0: !!opencv-matrix
   rows: 1
   cols: 25
   dt: "3f"
   data: [ 7.59828247e+02, 3.86099304e+02, 8.32433581e-01,
       8.71747498e+02, 3.94937256e+02, 6.94923639e-01, 8.59965820e+02,
       4.80305511e+02, 7.90026665e-01, 9.77606934e+02, 5.36199829e+02,
       4.73517209e-01, 9.98199341e+02, 5.50828064e+02, 5.08741379e-01,
       8.80549500e+02, 3.18307892e+02, 6.72079206e-01, 1.01876666e+03,
       2.91933105e+02, 7.18867302e-01, 1.10132141e+03, 2.74250916e+02,
       7.87130058e-01, 1.12480188e+03, 4.09637421e+02, 6.10933423e-01,
       1.11604663e+03, 4.59602051e+02, 5.97468972e-01, 1.32790466e+03,
       4.83091766e+02, 7.97771931e-01, 1.54571277e+03, 5.47936218e+02,
       6.10608280e-01, 1.13658337e+03, 3.59554718e+02, 5.47578156e-01,
       1.33087891e+03, 3.30113831e+02, 6.37935817e-01, 1.54867981e+03,
       2.94919312e+02, 5.90282261e-01, 7.42211487e+02, 4.03757965e+02,
       7.98650086e-01, 7.42331970e+02, 3.68362061e+02, 7.75276124e-01,
       7.62756836e+02, 4.27310822e+02, 4.95182246e-01, 7.65829346e+02,
       3.44813812e+02, 4.70948577e-01, 1.63704358e+03, 2.65345062e+02,
       4.94508624e-01, 1.63409265e+03, 2.62467773e+02, 4.80886161e-01,
       1.56925684e+03, 2.91863403e+02, 2.92807370e-01, 1.61351697e+03,
       5.47942993e+02, 5.65808535e-01, 1.60752161e+03, 5.56734558e+02,
       5.00094056e-01, 1.56923474e+03, 5.45029663e+02, 3.21279675e-01 ]
