%YAML:1.0
---
pose_0: !!opencv-matrix
   rows: 1
   cols: 25
   dt: "3f"
   data: [ 7.45141235e+02, 3.06627869e+02, 2.79088706e-01,
       8.56906311e+02, 2.38845047e+02, 4.72833544e-01, 8.45218445e+02,
       2.15328568e+02, 2.91060507e-01, 9.33618652e+02, 3.71369324e+02,
       2.71572232e-01, 9.65872742e+02, 5.30251038e+02, 3.64903152e-01,
       8.59890503e+02, 2.47776199e+02, 4.84414399e-01, 9.33574585e+02,
       3.71335449e+02, 4.42035168e-01, 9.71669495e+02, 5.30294739e+02,
       7.13519275e-01, 1.14246521e+03, 2.53600098e+02, 3.38484645e-01,
       1.14833972e+03, 3.06608337e+02, 2.93593466e-01, 1.32799780e+03,
       3.68437775e+02, 6.10179901e-01, 1.53690027e+03, 2.47791489e+02,
       3.46419275e-01, 1.15422729e+03, 2.03606155e+02, 2.91966259e-01,
       1.36914856e+03, 2.21348358e+02, 4.99454260e-01, 1.59277051e+03,
       1.59417145e+02, 1.24358319e-01, 7.21570679e+02, 3.12504822e+02,
       2.04287529e-01, 7.39288513e+02, 2.91840393e+02, 1.70329273e-01,
       0., 0., 0., 7.68676941e+02, 2.44824722e+02, 1.81785807e-01,
       1.65745166e+03, 1.56473175e+02, 7.03949407e-02, 1.65455957e+03,
       1.53602997e+02, 7.91354030e-02, 0., 0., 0., 1.59283252e+03,
       2.27175964e+02, 7.77558610e-02, 1.58398328e+03, 2.47798691e+02,
       7.69278407e-02, 1.56040527e+03, 2.38923325e+02, 2.30861753e-01 ]
