%YAML:1.0
---
pose_0: !!opencv-matrix
   rows: 1
   cols: 25
   dt: "3f"
   data: [ 7.45191650e+02, 4.89120728e+02, 7.48442531e-01,
       8.33378357e+02, 4.27243164e+02, 6.10775769e-01, 8.12942200e+02,
       4.53738403e+02, 4.74831015e-01, 9.51170410e+02, 5.03700592e+02,
       9.91855040e-02, 8.51117554e+02, 5.30260437e+02, 6.76395744e-02,
       8.39343994e+02, 4.09569824e+02, 7.63835907e-01, 9.74579956e+02,
       5.03706635e+02, 8.77061307e-01, 8.36443054e+02, 5.33259521e+02,
       7.94151723e-01, 1.11887561e+03, 3.94895203e+02, 3.70444268e-01,
       1.12485144e+03, 3.65445770e+02, 2.67926276e-01, 1.35432141e+03,
       4.56793213e+02, 5.36790252e-01, 1.63406226e+03, 4.09476746e+02,
       3.79392028e-01, 1.11890820e+03, 4.12609772e+02, 3.94649118e-01,
       1.35136572e+03, 4.77325287e+02, 5.46747208e-01, 1.59279834e+03,
       4.06674408e+02, 2.75974751e-01, 7.39170227e+02, 4.89186493e+02,
       6.68511912e-02, 7.39121521e+02, 4.80153137e+02, 8.17757547e-01,
       0., 0., 0., 7.42218079e+02, 4.33188599e+02, 6.62098765e-01, 0.,
       0., 0., 0., 0., 0., 0., 0., 0., 1.68701855e+03, 3.59555939e+02,
       3.94740194e-01, 1.68407471e+03, 3.65509399e+02, 3.16975713e-01,
       1.68109412e+03, 3.97853180e+02, 1.40327275e-01 ]
