%YAML:1.0
---
pose_0: !!opencv-matrix
   rows: 1
   cols: 25
   dt: "3f"
   data: [ 6.65711609e+02, 4.86155243e+02, 8.55909824e-01,
       7.92193481e+02, 4.97947235e+02, 6.75508022e-01, 8.03956787e+02,
       5.80358704e+02, 5.77491999e-01, 9.39417847e+02, 6.45024658e+02,
       7.58384466e-01, 1.02479602e+03, 6.47892029e+02, 7.84160614e-01,
       7.89350037e+02, 4.18488922e+02, 5.37842929e-01, 9.57069397e+02,
       3.62607605e+02, 7.83064783e-01, 1.09532837e+03, 3.18442200e+02,
       8.36012065e-01, 1.04829236e+03, 5.15550049e+02, 6.00210965e-01,
       1.03360229e+03, 5.65557800e+02, 6.07560456e-01, 1.18666064e+03,
       6.18550110e+02, 1.37555256e-01, 0., 0., 0., 1.05422693e+03,
       4.59635925e+02, 5.50812900e-01, 1.26312537e+03, 4.62634369e+02,
       5.19087136e-01, 1.50746899e+03, 4.56635193e+02, 3.50405097e-01,
       6.47955627e+02, 5.03837585e+02, 8.34243178e-01, 6.53859680e+02,
       4.65568939e+02, 8.04495811e-01, 6.71469238e+02, 5.27269348e+02,
       4.05355304e-01, 6.86295105e+02, 4.36169495e+02, 6.58415139e-01,
       1.63402734e+03, 4.47847748e+02, 1.15903229e-01, 0., 0., 0.,
       1.55745654e+03, 4.56671204e+02, 2.18255341e-01, 0., 0., 0., 0.,
       0., 0., 0., 0., 0. ]
