%YAML:1.0
---
pose_0: !!opencv-matrix
   rows: 1
   cols: 25
   dt: "3f"
   data: [ 7.89198975e+02, 5.36133850e+02, 8.79558384e-01,
       8.77607361e+02, 5.50825867e+02, 7.46942222e-01, 8.62878235e+02,
       5.92086426e+02, 6.70234025e-01, 1.04819385e+03, 6.45059448e+02,
       8.51373911e-01, 9.65846069e+02, 7.01072021e+02, 8.15968513e-01,
       8.83467773e+02, 5.03693451e+02, 6.53633714e-01, 9.36436279e+02,
       4.59659943e+02, 1.22832440e-01, 0., 0., 0., 1.16607336e+03,
       5.47943542e+02, 6.10142529e-01, 1.16314832e+03, 5.94921997e+02,
       6.33646607e-01, 1.33678870e+03, 6.27444946e+02, 7.63608098e-01,
       1.51632068e+03, 6.27495361e+02, 6.40512407e-01, 1.17191003e+03,
       5.00804382e+02, 5.72314322e-01, 1.35445630e+03, 4.83147705e+02,
       7.45900691e-01, 1.55746277e+03, 4.15490509e+02, 5.82449317e-01,
       7.71679810e+02, 5.47953857e+02, 7.85895109e-01, 7.86278503e+02,
       5.24288635e+02, 8.72874856e-01, 7.86432312e+02, 5.68570557e+02,
       4.03168410e-01, 8.09919800e+02, 5.03656250e+02, 6.71533108e-01,
       1.62520496e+03, 4.12535217e+02, 3.04721951e-01, 1.61350513e+03,
       4.03693878e+02, 3.68891507e-01, 1.58395996e+03, 3.92000275e+02,
       2.20238790e-01, 1.56335413e+03, 7.09777161e+02, 4.05439198e-01,
       1.56637878e+03, 6.98051941e+02, 3.48636419e-01, 1.54570178e+03,
       6.06846558e+02, 4.96758163e-01 ]
