%YAML:1.0
---
pose_0: !!opencv-matrix
   rows: 1
   cols: 25
   dt: "3f"
   data: [ 7.59825195e+02, 4.56565765e+02, 7.07097054e-01,
       8.77595947e+02, 4.59770874e+02, 7.08914459e-01, 8.86374756e+02,
       5.47937134e+02, 6.73072338e-01, 1.03647913e+03, 5.77454529e+02,
       7.62680471e-01, 1.02180841e+03, 5.47953979e+02, 7.35837877e-01,
       8.74641907e+02, 3.86016327e+02, 7.04138339e-01, 9.71796875e+02,
       3.38919830e+02, 7.93020368e-01, 1.01001343e+03, 3.47847137e+02,
       7.14630485e-01, 1.14541724e+03, 4.83183594e+02, 6.28830552e-01,
       1.13954077e+03, 5.30205811e+02, 6.08187258e-01, 1.33971143e+03,
       5.47851501e+02, 4.43948299e-01, 1.49574194e+03, 5.62657837e+02,
       5.97857833e-01, 1.15427771e+03, 4.33169281e+02, 5.92634916e-01,
       1.34259607e+03, 4.56627991e+02, 5.53327203e-01, 1.56328809e+03,
       4.62648651e+02, 6.44126952e-01, 7.45131348e+02, 4.59735931e+02,
       6.21730328e-01, 7.45139465e+02, 4.36190002e+02, 6.86389267e-01,
       7.65719666e+02, 4.83204620e+02, 4.09760445e-01, 7.65831482e+02,
       4.21425659e+02, 5.16860425e-01, 1.61642065e+03, 4.36190277e+02,
       5.57350218e-01, 1.61052930e+03, 4.36058563e+02, 6.24588966e-01,
       1.58399109e+03, 4.77246490e+02, 3.65148365e-01, 1.49576379e+03,
       6.45155701e+02, 2.62301087e-01, 1.48972388e+03, 6.33268311e+02,
       2.50246108e-01, 1.52807104e+03, 5.53835266e+02, 3.96916330e-01 ]
