%YAML:1.0
---
pose_0: !!opencv-matrix
   rows: 1
   cols: 25
   dt: "3f"
   data: [ 7.83341125e+02, 4.68444305e+02, 8.17607641e-01,
       9.01151306e+02, 4.83158661e+02, 6.50186419e-01, 8.77577454e+02,
       5.39088196e+02, 7.62136102e-01, 9.30709839e+02, 4.33119659e+02,
       4.68436182e-01, 1.00124969e+03, 2.77155518e+02, 6.12451553e-01,
       9.39414795e+02, 4.30255188e+02, 4.07609224e-01, 1.04525684e+03,
       4.03741364e+02, 7.05219865e-01, 1.16616479e+03, 3.47844025e+02,
       7.98185945e-01, 1.14542847e+03, 4.94953064e+02, 5.96228242e-01,
       1.14257520e+03, 5.39105774e+02, 6.02001488e-01, 1.34552893e+03,
       5.77521851e+02, 7.79827833e-01, 1.53681372e+03, 6.53900574e+02,
       6.38159156e-01, 1.14832690e+03, 4.44888397e+02, 5.90770721e-01,
       1.33097852e+03, 3.83167603e+02, 8.01816344e-01, 1.51329700e+03,
       3.47840851e+02, 5.12872338e-01, 7.65828247e+02, 4.83292236e+02,
       8.04533124e-01, 7.65801514e+02, 4.56787964e+02, 8.57683957e-01,
       7.86408569e+02, 5.03906219e+02, 4.92087543e-01, 7.86332153e+02,
       4.36063690e+02, 2.32801616e-01, 1.54271497e+03, 4.12493134e+02,
       6.37168884e-02, 0., 0., 0., 1.53394458e+03, 3.44825531e+02,
       3.04496795e-01, 1.61035364e+03, 6.33321777e+02, 6.21097207e-01,
       1.59286157e+03, 6.48043213e+02, 5.90062022e-01, 1.54278052e+03,
       6.71673218e+02, 4.92962688e-01 ]
