%YAML:1.0
---
pose_0: !!opencv-matrix
   rows: 1
   cols: 25
   dt: "3f"
   data: [ 6.47947327e+02, 4.56796814e+02, 8.67837667e-01,
       7.86255798e+02, 4.80155609e+02, 7.14484572e-01, 7.68776550e+02,
       5.53908142e+02, 7.30061710e-01, 8.95261719e+02, 6.45072144e+02,
       7.27111340e-01, 9.80661987e+02, 6.42167969e+02, 7.00111389e-01,
       7.92314758e+02, 3.97880859e+02, 6.04565442e-01, 9.57138245e+02,
       3.85949982e+02, 8.06018949e-01, 8.51031921e+02, 3.71411469e+02,
       7.32292295e-01, 1.07191614e+03, 4.83301086e+02, 5.18196404e-01,
       1.07181848e+03, 5.33294800e+02, 5.41419506e-01, 1.30723975e+03,
       5.33296021e+02, 7.05180585e-01, 1.60459253e+03, 5.59792664e+02,
       5.91879427e-01, 1.07476965e+03, 4.33100952e+02, 4.97068822e-01,
       1.32493933e+03, 4.30250702e+02, 6.10098779e-01, 1.59867798e+03,
       4.36127045e+02, 4.46119934e-01, 6.30414856e+02, 4.71424774e+02,
       7.54155874e-01, 6.36257568e+02, 4.36113983e+02, 7.93453336e-01,
       6.48132446e+02, 4.92047943e+02, 4.17666465e-01, 6.65626465e+02,
       4.12563965e+02, 6.16753995e-01, 1.63987244e+03, 4.09660553e+02,
       5.07345259e-01, 1.63690112e+03, 4.09568268e+02, 5.55420876e-01,
       1.63105725e+03, 4.47912231e+02, 3.49641740e-01, 1.71057910e+03,
       5.42061768e+02, 4.82128382e-01, 1.70461926e+03, 5.53790283e+02,
       4.24484938e-01, 1.61642468e+03, 5.56811035e+02, 3.30993116e-01 ]
