%YAML:1.0
---
pose_0: !!opencv-matrix
   rows: 1
   cols: 25
   dt: "3f"
   data: [ 6.62732117e+02, 6.18638672e+02, 7.60716915e-01,
       7.83395508e+02, 5.89145264e+02, 5.35057366e-01, 8.12882751e+02,
       6.68571594e+02, 4.93595541e-01, 9.54201233e+02, 7.48150269e+02,
       8.00492942e-01, 8.36281616e+02, 7.18693604e+02, 8.21747363e-01,
       7.42161560e+02, 5.27396851e+02, 4.74285185e-01, 9.54065125e+02,
       4.36215759e+02, 8.43630433e-01, 8.06995056e+02, 4.62668091e+02,
       8.25049281e-01, 1.11888745e+03, 5.98032593e+02, 5.92593789e-01,
       1.10712720e+03, 6.48056763e+02, 5.84513247e-01, 1.33092859e+03,
       7.62805725e+02, 8.24120402e-01, 1.54281628e+03, 7.21564941e+02,
       6.19613826e-01, 1.12481445e+03, 5.44954529e+02, 5.08523703e-01,
       1.38971509e+03, 5.45020020e+02, 4.28698391e-01, 1.62813318e+03,
       5.27205200e+02, 5.12705147e-01, 6.47999695e+02, 6.36293274e+02,
       7.18552351e-01, 6.44981384e+02, 6.00829041e+02, 7.49409676e-01,
       6.71559387e+02, 6.45141541e+02, 1.66059494e-01, 6.48138794e+02,
       5.59791382e+02, 5.43336093e-01, 1.71640002e+03, 4.89091522e+02,
       4.44773793e-01, 1.70769263e+03, 4.89043640e+02, 4.77903694e-01,
       1.68108032e+03, 5.36189270e+02, 1.91549778e-01, 1.64871777e+03,
       7.86273010e+02, 3.54614615e-01, 1.63991565e+03, 7.83398743e+02,
       3.58165264e-01, 1.56637195e+03, 6.98121338e+02, 4.57522780e-01 ]
