%YAML:1.0
---
pose_0: !!opencv-matrix
   rows: 1
   cols: 25
   dt: "3f"
   data: [ 7.71605896e+02, 3.85977081e+02, 8.57790709e-01,
       8.65862244e+02, 3.91963287e+02, 6.66960120e-01, 8.65848999e+02,
       4.59689758e+02, 5.28020024e-01, 9.09959473e+02, 4.86231140e+02,
       3.92672479e-01, 9.92414551e+02, 5.00864990e+02, 6.65416718e-01,
       8.68772034e+02, 3.38881012e+02, 6.10337853e-01, 1.03949109e+03,
       2.68249939e+02, 7.05900431e-01, 1.16298975e+03, 2.09467911e+02,
       7.81534612e-01, 1.14538818e+03, 3.86053650e+02, 5.97853303e-01,
       1.14250891e+03, 4.35999786e+02, 5.84755898e-01, 1.37200330e+03,
       4.80226196e+02, 6.65943325e-01, 1.54866748e+03, 5.30246582e+02,
       6.30745471e-01, 1.15129456e+03, 3.30164459e+02, 5.35110831e-01,
       1.36913416e+03, 3.21342224e+02, 5.00375271e-01, 1.56933179e+03,
       2.94746002e+02, 6.74139261e-01, 7.62685059e+02, 3.91968903e+02,
       8.43421638e-01, 7.65632568e+02, 3.65430389e+02, 8.98541033e-01,
       7.71603577e+02, 4.15596191e+02, 5.56271851e-01, 7.86279297e+02,
       3.44801697e+02, 6.47057176e-01, 1.64575098e+03, 2.68304413e+02,
       4.68603909e-01, 1.63984900e+03, 2.65409821e+02, 5.00865519e-01,
       1.60751062e+03, 2.91884399e+02, 2.33212754e-01, 1.61342786e+03,
       5.62640625e+02, 3.76248389e-01, 1.61038171e+03, 5.65646790e+02,
       3.43859941e-01, 1.58399646e+03, 5.21489136e+02, 4.01092410e-01 ]
