%YAML:1.0
---
pose_0: !!opencv-matrix
   rows: 2
   cols: 25
   dt: "3f"
   data: [ 0., 0., 0., 0., 0., 0., 0., 0., 0., 0., 0., 0., 0., 0., 0.,
       0., 0., 0., 0., 0., 0., 0., 0., 0., 1.21010767e+03,
       6.00891724e+02, 2.73405224e-01, 1.21320190e+03, 6.21567810e+02,
       3.23412389e-01, 1.39550549e+03, 5.06859680e+02, 7.18787611e-01,
       1.64573914e+03, 7.15779053e+02, 5.61874688e-01, 1.19250952e+03,
       5.62704651e+02, 1.96750313e-01, 1.38379480e+03, 4.89057434e+02,
       4.09627050e-01, 1.50452637e+03, 6.39181274e+02, 1.66403413e-01,
       0., 0., 0., 0., 0., 0., 0., 0., 0., 0., 0., 0., 0., 0., 0., 0.,
       0., 0., 1.49562915e+03, 6.56879395e+02, 1.53970346e-01,
       1.70474353e+03, 7.39170410e+02, 3.05837631e-01, 1.68699377e+03,
       7.48062317e+02, 3.26363504e-01, 1.65753369e+03, 7.42242493e+02,
       3.60839665e-01, 0., 0., 0., 8.39414307e+02, 5.47973999e+02,
       4.57404733e-01, 8.42276917e+02, 5.47868103e+02, 3.72486830e-01,
       9.92378784e+02, 5.53867065e+02, 7.56096542e-02, 0., 0., 0.,
       8.39337524e+02, 5.53849121e+02, 6.32411480e-01, 9.98309937e+02,
       5.53717957e+02, 6.23966813e-01, 1.16611365e+03, 5.24408630e+02,
       5.29340386e-01, 1.07187891e+03, 5.92121460e+02, 1.30520642e-01,
       1.04829138e+03, 6.27387573e+02, 1.02419987e-01, 1.08069324e+03,
       6.53879639e+02, 2.51807094e-01, 0., 0., 0., 1.07774390e+03,
       5.74415039e+02, 8.71450603e-02, 0., 0., 0., 0., 0., 0., 0., 0.,
       0., 0., 0., 0., 7.86387085e+02, 5.03869659e+02, 9.16613936e-02,
       7.59895264e+02, 5.53841370e+02, 1.85394675e-01, 0., 0., 0., 0.,
       0., 0., 0., 0., 0., 0., 0., 0., 0., 0., 0., 0., 0., 0. ]
