%YAML:1.0
---
pose_0: !!opencv-matrix
   rows: 1
   cols: 25
   dt: "3f"
   data: [ 7.62821960e+02, 3.62589050e+02, 8.92206728e-01,
       8.62865723e+02, 3.65531891e+02, 7.60779858e-01, 8.68731506e+02,
       4.56617859e+02, 6.41435862e-01, 1.00127185e+03, 4.89051178e+02,
       7.24182129e-01, 1.10417578e+03, 5.27256409e+02, 7.86987305e-01,
       8.77574280e+02, 2.88853058e+02, 7.23646522e-01, 9.80708984e+02,
       2.21234970e+02, 8.41622472e-01, 1.02780762e+03, 1.09341599e+02,
       8.33405256e-01, 1.13363916e+03, 3.62504120e+02, 5.55503726e-01,
       1.13366370e+03, 4.12471100e+02, 5.64858913e-01, 1.34851013e+03,
       4.44907501e+02, 7.29993820e-01, 1.55161316e+03, 5.27441956e+02,
       6.23345971e-01, 1.13360803e+03, 3.06609406e+02, 5.05100489e-01,
       1.31911414e+03, 2.88986725e+02, 6.83036089e-01, 1.56633752e+03,
       2.88915619e+02, 5.68907797e-01, 7.48105591e+02, 3.77191101e+02,
       7.65633225e-01, 7.50993774e+02, 3.44850769e+02, 8.22658718e-01,
       7.62872192e+02, 4.00836426e+02, 6.96462333e-01, 7.71597290e+02,
       3.27188843e+02, 4.61130738e-01, 1.63994263e+03, 2.65392242e+02,
       4.35305625e-01, 1.63700818e+03, 2.59475555e+02, 4.51987416e-01,
       1.59280811e+03, 2.94847137e+02, 2.39435509e-01, 1.61051697e+03,
       5.42060852e+02, 5.49311459e-01, 1.59864441e+03, 5.53781738e+02,
       5.52743673e-01, 1.57225867e+03, 5.30309875e+02, 3.83382559e-01 ]
