%YAML:1.0
---
pose_0: !!opencv-matrix
   rows: 1
   cols: 25
   dt: "3f"
   data: [ 7.65708191e+02, 4.33214417e+02, 8.60320032e-01,
       8.45188171e+02, 4.06663330e+02, 7.07017839e-01, 8.30459595e+02,
       4.62682861e+02, 7.16749847e-01, 8.98190613e+02, 5.06742981e+02,
       4.87353295e-01, 9.95267151e+02, 5.27231689e+02, 4.31419611e-01,
       8.62864014e+02, 3.47816711e+02, 6.30766749e-01, 9.77542603e+02,
       2.71202271e+02, 8.72284591e-01, 9.71668091e+02, 4.12454071e+02,
       7.85072148e-01, 1.12775403e+03, 4.15465057e+02, 3.76437426e-01,
       1.12481921e+03, 4.56740509e+02, 3.24029535e-01, 1.33969958e+03,
       5.33306335e+02, 7.43282259e-01, 1.54577490e+03, 5.27392029e+02,
       7.21698761e-01, 1.13662366e+03, 3.77220978e+02, 3.12996358e-01,
       1.37197314e+03, 3.56569489e+02, 6.95363641e-01, 1.53978967e+03,
       1.94738266e+02, 4.73252296e-01, 7.51034424e+02, 4.39154327e+02,
       7.49289751e-01, 7.53992371e+02, 4.12528076e+02, 7.69469619e-01,
       7.59904297e+02, 4.59510132e+02, 9.65576693e-02, 7.68683289e+02,
       3.83118866e+02, 6.23953819e-01, 0., 0., 0., 0., 0., 0., 0., 0.,
       0., 1.58686011e+03, 6.12697876e+02, 6.04713500e-01,
       1.56929199e+03, 6.01021240e+02, 4.79510009e-01, 1.57218286e+03,
       5.06738861e+02, 5.89443445e-01 ]
