%YAML:1.0
---
pose_0: !!opencv-matrix
   rows: 1
   cols: 25
   dt: "3f"
   data: [ 7.51008240e+02, 3.83127502e+02, 7.14465618e-01,
       8.80499146e+02, 3.89013885e+02, 2.88266301e-01, 8.68765076e+02,
       4.24347443e+02, 1.67117417e-01, 0., 0., 0., 0., 0., 0.,
       8.80536377e+02, 3.53692596e+02, 2.66107678e-01, 1.02480957e+03,
       2.77228333e+02, 7.68138543e-02, 0., 0., 0., 1.14541479e+03,
       4.00789032e+02, 4.59970176e-01, 1.14834302e+03, 4.50827667e+02,
       4.45496649e-01, 1.37494421e+03, 4.68453552e+02, 5.73612452e-01,
       1.55456714e+03, 4.80117340e+02, 5.67779541e-01, 1.14540771e+03,
       3.44923859e+02, 4.45696712e-01, 1.37501746e+03, 3.41992432e+02,
       7.42116511e-01, 1.56631677e+03, 3.03656769e+02, 5.82147002e-01,
       7.36219482e+02, 3.89057831e+02, 6.81888223e-01, 7.42229736e+02,
       3.62523438e+02, 7.82611132e-01, 7.45218811e+02, 4.12605347e+02,
       2.34741777e-01, 7.71670105e+02, 3.41916931e+02, 3.83697063e-01,
       1.63987781e+03, 2.68320587e+02, 4.05669004e-01, 1.63687073e+03,
       2.68260223e+02, 4.34801042e-01, 1.59575610e+03, 2.97819611e+02,
       2.35938996e-01, 1.61045911e+03, 4.68454498e+02, 3.85165006e-01,
       1.60751135e+03, 4.80316833e+02, 3.64769131e-01, 1.58692346e+03,
       4.71420166e+02, 3.16323012e-01 ]
