%YAML:1.0
---
pose_0: !!opencv-matrix
   rows: 1
   cols: 25
   dt: "3f"
   data: [ 5.27381165e+02, 7.18671448e+02, 9.49601233e-02,
       6.86230957e+02, 6.01003235e+02, 4.29654777e-01, 7.21636841e+02,
       7.15749634e+02, 1.19265690e-01, 8.89363647e+02, 8.06932678e+02,
       1.44697845e-01, 1.06875854e+03, 9.27650757e+02, 3.55268717e-01,
       6.71564026e+02, 4.83240723e+02, 5.38711250e-01, 8.77629822e+02,
       3.77281677e+02, 5.02531111e-01, 1.03940332e+03, 2.68239319e+02,
       1.16384141e-01, 1.10130945e+03, 6.95148926e+02, 4.32173371e-01,
       1.08357959e+03, 7.65798279e+02, 4.15753573e-01, 1.26017871e+03,
       8.68761230e+02, 1.18510284e-01, 0., 0., 0., 1.12483215e+03,
       6.27393250e+02, 3.41103911e-01, 1.42506079e+03, 7.42201233e+02,
       5.62716782e-01, 1.76644873e+03, 6.86276062e+02, 2.99774945e-01,
       0., 0., 0., 5.06692780e+02, 7.06885071e+02, 8.01446438e-02, 0.,
       0., 0., 5.50839111e+02, 5.80300659e+02, 1.30616993e-01,
       1.82234558e+03, 6.24394043e+02, 2.57064819e-01, 1.82241309e+03,
       6.24382324e+02, 2.32959211e-01, 1.77816809e+03, 7.09777161e+02,
       1.91688985e-01, 0., 0., 0., 0., 0., 0., 0., 0., 0. ]
