%YAML:1.0
---
pose_0: !!opencv-matrix
   rows: 1
   cols: 25
   dt: "3f"
   data: [ 6.71595520e+02, 4.56582764e+02, 9.05702531e-01,
       8.09923706e+02, 4.86116791e+02, 7.58898199e-01, 8.09777100e+02,
       5.77263245e+02, 7.42553174e-01, 9.45255310e+02, 6.27510803e+02,
       7.61047423e-01, 9.86500793e+02, 5.95066711e+02, 8.18448901e-01,
       8.12841492e+02, 4.03719269e+02, 6.44579291e-01, 9.60058105e+02,
       3.39020233e+02, 8.63761306e-01, 8.62929993e+02, 3.56600403e+02,
       7.56331146e-01, 1.08363574e+03, 4.83220734e+02, 5.71555197e-01,
       1.07477783e+03, 5.30273499e+02, 6.28019691e-01, 1.25726514e+03,
       5.65640442e+02, 3.78687143e-01, 1.38089648e+03, 5.71392273e+02,
       5.28319441e-02, 1.08659631e+03, 4.33130280e+02, 5.42519987e-01,
       1.32785840e+03, 4.36211517e+02, 5.94891667e-01, 1.57216418e+03,
       4.56643005e+02, 5.62718034e-01, 6.56903931e+02, 4.62687531e+02,
       7.93640256e-01, 6.68622009e+02, 4.33221802e+02, 9.32184458e-01,
       6.71629272e+02, 4.94991058e+02, 6.13339126e-01, 6.95121887e+02,
       4.12563110e+02, 5.77722013e-01, 1.63708203e+03, 4.27213043e+02,
       5.34538984e-01, 1.63404163e+03, 4.21417572e+02, 5.60469747e-01,
       1.61043689e+03, 4.62560638e+02, 2.85597235e-01, 1.57804541e+03,
       5.65584595e+02, 1.14576973e-01, 1.55745935e+03, 5.77474548e+02,
       8.79652053e-02, 0., 0., 0. ]
