%YAML:1.0
---
pose_0: !!opencv-matrix
   rows: 1
   cols: 25
   dt: "3f"
   data: [ 4.56626648e+02, 5.18492798e+02, 1.17625505e-01,
       5.80306519e+02, 5.56810303e+02, 3.40009958e-01, 5.18521484e+02,
       6.27454041e+02, 1.11168742e-01, 0., 0., 0., 0., 0., 0.,
       6.24432922e+02, 4.74363373e+02, 4.41713512e-01, 7.89366455e+02,
       4.77317810e+02, 6.61898971e-01, 5.36171997e+02, 5.53974548e+02,
       6.59978747e-01, 1.02473755e+03, 5.53862305e+02, 1.56913742e-01,
       1.02180670e+03, 6.42132568e+02, 1.23438463e-01, 1.20716406e+03,
       6.71492126e+02, 2.27652848e-01, 1.42797546e+03, 6.62714417e+02,
       6.05105683e-02, 1.02768237e+03, 4.80268646e+02, 2.30438381e-01,
       1.28965735e+03, 3.65480164e+02, 9.64401290e-02, 1.41328308e+03,
       3.12453888e+02, 1.52842730e-01, 0., 0., 0., 4.56639313e+02,
       5.00811798e+02, 1.89889103e-01, 0., 0., 0., 4.83326874e+02,
       4.80376343e+02, 6.63412333e-01, 0., 0., 0., 0., 0., 0.,
       1.40739868e+03, 3.12510010e+02, 9.59031284e-02, 0., 0., 0., 0.,
       0., 0., 0., 0., 0. ]
