%YAML:1.0
---
pose_0: !!opencv-matrix
   rows: 1
   cols: 25
   dt: "3f"
   data: [ 7.45240417e+02, 4.09623108e+02, 8.36653233e-01,
       8.39306458e+02, 3.89125336e+02, 6.97053730e-01, 8.48152344e+02,
       4.53761536e+02, 5.91420531e-01, 9.48207275e+02, 5.03777374e+02,
       6.77008986e-01, 9.04022888e+02, 4.47865417e+02, 1.86810777e-01,
       8.36464417e+02, 3.33087036e+02, 6.43468618e-01, 9.74688232e+02,
       3.15318787e+02, 8.28210652e-01, 8.56973328e+02, 3.44876831e+02,
       7.93369532e-01, 1.11599402e+03, 4.33114136e+02, 6.29597902e-01,
       1.10418103e+03, 4.80129333e+02, 6.18577838e-01, 1.29556665e+03,
       5.09645203e+02, 7.34044611e-01, 1.51036865e+03, 5.47868591e+02,
       5.50029457e-01, 1.12195227e+03, 3.83120056e+02, 5.64825892e-01,
       1.33085461e+03, 3.86033966e+02, 6.71013713e-01, 1.56334302e+03,
       3.86075867e+02, 5.89467883e-01, 7.33390564e+02, 4.18449310e+02,
       7.64555156e-01, 7.39172485e+02, 3.86184784e+02, 8.76179457e-01,
       7.51014404e+02, 4.36047516e+02, 1.36811301e-01, 7.59789001e+02,
       3.59491821e+02, 6.56047940e-01, 1.63103223e+03, 3.71374603e+02,
       4.34610218e-01, 1.62222656e+03, 3.65399414e+02, 4.85150486e-01,
       1.60159143e+03, 3.88963257e+02, 2.84983873e-01, 1.56638440e+03,
       5.15553162e+02, 3.52195442e-01, 1.55748962e+03, 5.30315979e+02,
       2.96060830e-01, 1.53983154e+03, 5.45003357e+02, 2.52193928e-01 ]
