%YAML:1.0
---
pose_0: !!opencv-matrix
   rows: 1
   cols: 25
   dt: "3f"
   data: [ 7.50989258e+02, 4.83309448e+02, 8.42510879e-01,
       8.57032166e+02, 5.15587830e+02, 7.31331944e-01, 8.57032776e+02,
       5.89188904e+02, 7.26801991e-01, 9.92379395e+02, 6.24513000e+02,
       7.65653789e-01, 1.08947119e+03, 5.80390381e+02, 7.92393208e-01,
       8.59852173e+02, 4.53747498e+02, 5.67616642e-01, 9.74692871e+02,
       4.15591431e+02, 2.81295836e-01, 9.86511169e+02, 4.18424561e+02,
       1.31229281e-01, 1.11300513e+03, 5.12661499e+02, 5.84816515e-01,
       1.10126428e+03, 5.56793335e+02, 5.43952525e-01, 1.32202356e+03,
       5.97984131e+02, 4.79103088e-01, 1.52509851e+03, 5.97940857e+02,
       3.84503841e-01, 1.11891211e+03, 4.65494476e+02, 6.08729124e-01,
       1.30438074e+03, 4.53682495e+02, 6.41350687e-01, 1.53396399e+03,
       4.41992371e+02, 4.18780029e-01, 7.39186401e+02, 5.03774261e+02,
       7.97245622e-01, 7.42117798e+02, 4.68509735e+02, 8.20881724e-01,
       7.48129883e+02, 5.30362000e+02, 5.81563890e-01, 7.71618225e+02,
       4.50837189e+02, 6.12945139e-01, 1.52211792e+03, 5.06847015e+02,
       1.14684179e-01, 1.52510986e+03, 5.03782623e+02, 9.35361385e-02,
       1.56631226e+03, 4.33168762e+02, 2.84053743e-01, 1.60748645e+03,
       5.80305603e+02, 2.25947306e-01, 0., 0., 0., 1.55746082e+03,
       5.92077637e+02, 2.62433201e-01 ]
