%YAML:1.0
---
pose_0: !!opencv-matrix
   rows: 1
   cols: 25
   dt: "3f"
   data: [ 7.86295837e+02, 5.00823975e+02, 2.98415154e-01,
       8.71709961e+02, 5.03827820e+02, 2.69933045e-01, 8.59948120e+02,
       5.47955566e+02, 2.13711053e-01, 8.39364258e+02, 6.00954651e+02,
       3.52211475e-01, 8.33539307e+02, 5.03734711e+02, 4.08916622e-01,
       8.80496704e+02, 4.68469238e+02, 1.64390355e-01, 0., 0., 0., 0.,
       0., 0., 1.10421899e+03, 5.30299255e+02, 4.71565813e-01,
       1.09839868e+03, 5.77455688e+02, 4.80739266e-01, 1.31319263e+03,
       6.18593262e+02, 5.66017270e-01, 1.51633826e+03, 6.45143250e+02,
       6.50750279e-01, 1.10421313e+03, 4.80286011e+02, 4.15179461e-01,
       1.32791467e+03, 4.59771851e+02, 7.03376651e-01, 1.53397144e+03,
       4.33119263e+02, 6.20044947e-01, 7.65838745e+02, 5.03680603e+02,
       2.44868979e-01, 7.86375977e+02, 4.83132660e+02, 2.25697622e-01,
       7.86290344e+02, 5.18529541e+02, 1.03677593e-01, 8.06922241e+02,
       4.62611786e+02, 1.17027558e-01, 1.61633411e+03, 4.36149414e+02,
       4.59767789e-01, 1.61345715e+03, 4.30153992e+02, 4.82009649e-01,
       1.55450916e+03, 4.18480072e+02, 2.28771105e-01, 1.58680713e+03,
       6.77442444e+02, 4.67320800e-01, 1.58101111e+03, 6.74594360e+02,
       4.91007179e-01, 1.54573035e+03, 6.27397461e+02, 4.01908398e-01 ]
