%YAML:1.0
---
pose_0: !!opencv-matrix
   rows: 1
   cols: 25
   dt: "3f"
   data: [ 6.59741272e+02, 5.27414734e+02, 8.58968019e-01,
       7.92237122e+02, 5.21488647e+02, 7.11149991e-01, 7.89356506e+02,
       6.09744324e+02, 7.11472750e-01, 8.92347412e+02, 7.56893311e+02,
       6.29338562e-01, 8.62843933e+02, 7.15761536e+02, 5.02547979e-01,
       8.03982544e+02, 4.33097656e+02, 6.30472422e-01, 9.30574463e+02,
       3.91918091e+02, 4.36684191e-01, 9.77593994e+02, 3.91900909e+02,
       7.00671792e-01, 1.09243372e+03, 5.53752930e+02, 5.51466882e-01,
       1.08069641e+03, 6.03875000e+02, 5.54495156e-01, 1.30137793e+03,
       6.03854614e+02, 3.21648359e-01, 1.52218713e+03, 6.03844177e+02,
       2.56703556e-01, 1.09249756e+03, 4.86194214e+02, 4.96957153e-01,
       1.28667554e+03, 4.92056091e+02, 3.97109449e-01, 1.54865454e+03,
       5.30297913e+02, 1.58670351e-01, 6.44980530e+02, 5.47912292e+02,
       8.28620315e-01, 6.45103821e+02, 5.03827728e+02, 8.66953254e-01,
       6.59743896e+02, 5.68535645e+02, 2.39475727e-01, 6.71486633e+02,
       4.71443420e+02, 5.11845410e-01, 0., 0., 0., 0., 0., 0.,
       1.54866235e+03, 5.27309448e+02, 1.18246242e-01, 0., 0., 0., 0.,
       0., 0., 0., 0., 0. ]
