%YAML:1.0
---
pose_0: !!opencv-matrix
   rows: 1
   cols: 25
   dt: "3f"
   data: [ 0., 0., 0., 9.01083008e+02, 5.15558167e+02, 3.27587843e-01,
       8.83484436e+02, 5.53877930e+02, 2.12213665e-01, 0., 0., 0., 0.,
       0., 0., 9.07025391e+02, 4.77298096e+02, 2.05501407e-01,
       9.48145691e+02, 4.24279633e+02, 2.00014859e-01, 0., 0., 0.,
       1.18663208e+03, 5.39097534e+02, 2.60550350e-01, 1.17484875e+03,
       5.50890442e+02, 1.98888600e-01, 1.32778845e+03, 5.15583740e+02,
       6.92475021e-01, 1.60161121e+03, 6.92217834e+02, 4.90567565e-01,
       1.20425720e+03, 5.24417847e+02, 2.47003525e-01, 1.35137671e+03,
       5.06746887e+02, 4.12135988e-01, 1.56044824e+03, 5.74376770e+02,
       6.24839723e-01, 0., 0., 0., 0., 0., 0., 0., 0., 0.,
       8.42244751e+02, 5.03757874e+02, 6.50452822e-02, 1.60751208e+03,
       4.83169006e+02, 3.68087679e-01, 1.60157947e+03, 4.86136505e+02,
       3.34389150e-01, 1.57511438e+03, 5.97889832e+02, 5.65642715e-01,
       1.68100122e+03, 6.42126160e+02, 2.55644888e-01, 1.65167017e+03,
       7.03915894e+02, 1.94425285e-01, 1.63100671e+03, 7.27471802e+02,
       3.45975101e-01 ]
