%YAML:1.0
---
pose_0: !!opencv-matrix
   rows: 1
   cols: 25
   dt: "3f"
   data: [ 4.68532227e+02, 5.92052002e+02, 6.82613730e-01,
       5.77452820e+02, 5.33264526e+02, 4.22427595e-01, 5.77338928e+02,
       6.21493408e+02, 1.98976099e-01, 6.71549927e+02, 7.01021790e+02,
       1.47091553e-01, 5.33206238e+02, 7.71652893e+02, 2.39275366e-01,
       6.21401917e+02, 4.59655640e+02, 6.69594049e-01, 5.53881348e+02,
       6.01059692e+02, 8.09235930e-01, 4.15480286e+02, 7.45151917e+02,
       6.96421981e-01, 1.02475012e+03, 6.00916748e+02, 1.69750780e-01,
       1.00121942e+03, 6.83333496e+02, 1.14390396e-01, 1.14836230e+03,
       7.42139587e+02, 8.57251883e-02, 0., 0., 0., 1.02472083e+03,
       5.47949158e+02, 1.67326182e-01, 1.36322424e+03, 6.33280151e+02,
       3.00481170e-01, 1.63992664e+03, 6.21488953e+02, 1.80754676e-01,
       4.39077545e+02, 6.00990173e+02, 6.58509433e-01, 4.56669586e+02,
       5.50846008e+02, 7.12335467e-01, 4.53739349e+02, 6.33277161e+02,
       7.50281811e-02, 4.92020905e+02, 5.06643433e+02, 5.06269217e-01,
       0., 0., 0., 0., 0., 0., 0., 0., 0., 0., 0., 0., 0., 0., 0., 0.,
       0., 0. ]
