%YAML:1.0
---
pose_0: !!opencv-matrix
   rows: 1
   cols: 25
   dt: "3f"
   data: [ 7.15745239e+02, 5.06760956e+02, 9.21435893e-01,
       8.42254700e+02, 5.09659241e+02, 6.75407231e-01, 8.54093018e+02,
       5.77314392e+02, 5.78263283e-01, 9.74681763e+02, 5.98086731e+02,
       2.20872700e-01, 1.05120996e+03, 6.27413940e+02, 8.34423676e-02,
       8.36486511e+02, 4.50806335e+02, 6.04647279e-01, 1.01883679e+03,
       3.88917328e+02, 7.80529976e-01, 1.15132617e+03, 3.47858948e+02,
       7.77434945e-01, 1.11011670e+03, 5.33231384e+02, 5.23442328e-01,
       1.09829456e+03, 5.83307434e+02, 5.59611619e-01, 1.14545789e+03,
       6.21426941e+02, 8.92140195e-02, 0., 0., 0., 1.11598267e+03,
       4.80292542e+02, 5.40179849e-01, 1.26024377e+03, 5.30374817e+02,
       5.05632758e-01, 1.49859082e+03, 4.62632538e+02, 2.17638731e-01,
       7.01003052e+02, 5.18567871e+02, 7.95626163e-01, 7.09823730e+02,
       4.86110992e+02, 8.48210156e-01, 7.15824341e+02, 5.33287537e+02,
       3.16464335e-01, 7.36240540e+02, 4.62596588e+02, 6.89675093e-01,
       0., 0., 0., 0., 0., 0., 0., 0., 0., 0., 0., 0., 0., 0., 0., 0.,
       0., 0. ]
