%YAML:1.0
---
pose_0: !!opencv-matrix
   rows: 1
   cols: 25
   dt: "3f"
   data: [ 6.62776978e+02, 5.53928406e+02, 8.57087493e-01,
       7.80464294e+02, 5.56812561e+02, 6.27251565e-01, 7.65863037e+02,
       6.42138245e+02, 6.81935310e-01, 8.83414368e+02, 6.39200867e+02,
       7.55460024e-01, 1.00705237e+03, 5.56839478e+02, 7.88442552e-01,
       7.86297119e+02, 4.92014435e+02, 3.97949398e-01, 9.04107727e+02,
       4.83247192e+02, 5.74430376e-02, 0., 0., 0., 1.07181348e+03,
       5.53771484e+02, 4.55111384e-01, 1.05711987e+03, 6.01023254e+02,
       4.99238133e-01, 1.33670959e+03, 6.71625977e+02, 7.19410062e-01,
       1.58099341e+03, 7.39187988e+02, 4.28410023e-01, 1.07187305e+03,
       4.97880096e+02, 4.09729362e-01, 1.35153125e+03, 4.89041077e+02,
       6.22469962e-01, 1.61041003e+03, 4.53666168e+02, 4.89076942e-01,
       6.45090515e+02, 5.71506897e+02, 8.19540024e-01, 6.48048523e+02,
       5.30393311e+02, 8.28093588e-01, 6.68515320e+02, 5.89093933e+02,
       1.57176286e-01, 6.71624634e+02, 5.03825012e+02, 6.47585452e-01,
       0., 0., 0., 0., 0., 0., 1.65163306e+03, 4.53774475e+02,
       1.95077270e-01, 1.63996057e+03, 7.30433228e+02, 2.04832152e-01,
       1.63693884e+03, 7.56888062e+02, 1.64935142e-01, 1.61337097e+03,
       7.42182983e+02, 2.30849758e-01 ]
