%YAML:1.0
---
pose_0: !!opencv-matrix
   rows: 1
   cols: 25
   dt: "3f"
   data: [ 6.00853699e+02, 5.06781708e+02, 6.42769516e-01,
       7.45188110e+02, 4.83211182e+02, 6.49195313e-01, 7.59775391e+02,
       6.00923218e+02, 6.39185727e-01, 9.21744141e+02, 6.53962402e+02,
       7.28606343e-01, 1.07178394e+03, 6.92085449e+02, 8.58097136e-01,
       7.59870728e+02, 3.59536957e+02, 5.27249336e-01, 9.12875977e+02,
       3.41813568e+02, 6.39370143e-01, 1.09253284e+03, 3.18413727e+02,
       7.35230684e-01, 1.07772388e+03, 5.09675903e+02, 4.62443680e-01,
       1.06886304e+03, 5.74447083e+02, 5.01626074e-01, 1.33380518e+03,
       6.24422913e+02, 3.63530040e-01, 1.55746887e+03, 6.15622437e+02,
       3.16534311e-01, 1.08360168e+03, 4.36139771e+02, 3.72703373e-01,
       1.35145166e+03, 4.53750671e+02, 4.41614091e-01, 1.74878918e+03,
       4.30162323e+02, 2.73096085e-01, 5.77395264e+02, 5.24422058e+02,
       5.11833787e-01, 5.80340881e+02, 4.83232422e+02, 5.75800359e-01,
       6.00852295e+02, 5.44994202e+02, 1.28440917e-01, 6.12667908e+02,
       4.47831848e+02, 3.43547165e-01, 1.84302454e+03, 3.86054718e+02,
       8.91424716e-02, 1.84594275e+03, 3.88985138e+02, 9.70760137e-02,
       1.75471594e+03, 4.44898102e+02, 1.65870383e-01, 1.70161328e+03,
       6.21453430e+02, 1.14564821e-01, 0., 0., 0., 1.58981555e+03,
       6.06780090e+02, 1.89215392e-01 ]
