%YAML:1.0
---
pose_0: !!opencv-matrix
   rows: 1
   cols: 25
   dt: "3f"
   data: [ 6.56867249e+02, 4.80371521e+02, 8.43164802e-01,
       7.71630493e+02, 4.62552185e+02, 5.22124350e-01, 7.62774902e+02,
       5.24435791e+02, 3.14430952e-01, 9.30588623e+02, 5.92078796e+02,
       1.88879058e-01, 1.07186621e+03, 6.45186523e+02, 1.89133421e-01,
       7.92268677e+02, 3.94868134e+02, 5.61694562e-01, 9.74722168e+02,
       3.80132965e+02, 6.32558823e-01, 1.11008643e+03, 3.88930298e+02,
       7.78272212e-01, 1.08067920e+03, 5.12617615e+02, 5.50141096e-01,
       1.06889941e+03, 5.62619324e+02, 5.69233596e-01, 1.28087183e+03,
       6.45043823e+02, 7.51216888e-01, 1.51629541e+03, 6.36265625e+02,
       5.38390458e-01, 1.09250085e+03, 4.59638489e+02, 5.48495531e-01,
       1.31029114e+03, 4.71378296e+02, 5.45844793e-01, 1.60747559e+03,
       4.83191498e+02, 4.83249664e-01, 6.39169556e+02, 4.94970886e+02,
       7.98364401e-01, 6.45159729e+02, 4.56729889e+02, 8.77800703e-01,
       6.56841614e+02, 5.09768738e+02, 1.73528045e-01, 6.71480835e+02,
       4.21375977e+02, 6.29136384e-01, 1.68699548e+03, 4.83199219e+02,
       1.74826965e-01, 1.68404578e+03, 4.77314575e+02, 2.03185886e-01,
       1.62221033e+03, 4.71447784e+02, 2.44853839e-01, 1.62515735e+03,
       6.53903748e+02, 8.02481696e-02, 0., 0., 0., 1.55156763e+03,
       6.12707703e+02, 3.25890422e-01 ]
