%YAML:1.0
---
pose_0: !!opencv-matrix
   rows: 1
   cols: 25
   dt: "3f"
   data: [ 7.27457947e+02, 3.38896088e+02, 6.03483200e-01,
       8.33488586e+02, 3.12466522e+02, 6.00193679e-01, 8.36446655e+02,
       3.83068542e+02, 5.43347001e-01, 8.83570984e+02, 5.30206421e+02,
       6.80806696e-01, 9.27594482e+02, 6.65642578e+02, 7.52720773e-01,
       8.27526367e+02, 2.44816635e+02, 3.94326478e-01, 1.00420850e+03,
       1.59489288e+02, 6.45361662e-01, 1.12479187e+03, 1.09383591e+02,
       7.84075260e-01, 1.12773840e+03, 3.15363495e+02, 4.36976969e-01,
       1.11598853e+03, 3.68411316e+02, 4.33216065e-01, 1.31317297e+03,
       4.53743225e+02, 2.41371185e-01, 1.47506323e+03, 5.74443298e+02,
       2.16038436e-01, 1.13958777e+03, 2.47726318e+02, 4.34363902e-01,
       1.37505078e+03, 2.03685181e+02, 4.03320760e-01, 1.55743713e+03,
       1.80109604e+02, 2.04598367e-01, 7.15675110e+02, 3.44889252e+02,
       4.69930112e-01, 7.15794006e+02, 3.18385925e+02, 5.72215378e-01,
       7.33376404e+02, 3.59599976e+02, 8.24154913e-02, 7.33316223e+02,
       2.91927582e+02, 5.08211732e-01, 1.56630347e+03, 1.80056046e+02,
       7.67262354e-02, 0., 0., 0., 1.56629004e+03, 1.91768097e+02,
       1.97118238e-01, 1.49858411e+03, 6.50978516e+02, 1.01898223e-01,
       1.48685059e+03, 6.50935608e+02, 1.12334609e-01, 1.49568298e+03,
       5.83282532e+02, 1.67757899e-01 ]
