%YAML:1.0
---
pose_0: !!opencv-matrix
   rows: 1
   cols: 25
   dt: "3f"
   data: [ 7.12676392e+02, 4.71385498e+02, 7.99097419e-01,
       8.36379639e+02, 4.62635223e+02, 7.67653883e-01, 8.33479919e+02,
       5.53811096e+02, 7.72117376e-01, 9.15879639e+02, 6.48032166e+02,
       8.08985412e-01, 9.74626831e+02, 6.24583252e+02, 7.45601654e-01,
       8.42295776e+02, 3.85950317e+02, 6.27868176e-01, 9.83546814e+02,
       3.62439850e+02, 3.99928778e-01, 1.00129578e+03, 3.53700653e+02,
       6.05037928e-01, 1.11007263e+03, 4.83291382e+02, 5.59499741e-01,
       1.10128552e+03, 5.30370483e+02, 5.76526463e-01, 1.31617261e+03,
       5.50977295e+02, 7.39198804e-01, 1.58103455e+03, 5.77374573e+02,
       5.83713472e-01, 1.11592578e+03, 4.33136383e+02, 5.40779710e-01,
       1.36613892e+03, 4.33188110e+02, 5.75599968e-01, 1.58398743e+03,
       4.41962799e+02, 6.13164306e-01, 6.92206177e+02, 4.86100800e+02,
       8.24773133e-01, 6.95091675e+02, 4.50757843e+02, 8.29868913e-01,
       7.15812317e+02, 5.03809448e+02, 2.09945858e-01, 7.18682190e+02,
       4.12698975e+02, 5.31830549e-01, 1.64285925e+03, 4.15502411e+02,
       4.91539180e-01, 1.63697888e+03, 4.12624969e+02, 5.49154758e-01,
       1.61051245e+03, 4.53734192e+02, 3.35739315e-01, 1.68411633e+03,
       5.74399048e+02, 4.29870158e-01, 1.67520898e+03, 5.86171997e+02,
       3.79755616e-01, 1.61041113e+03, 5.68531982e+02, 2.91937381e-01 ]
