%YAML:1.0
---
pose_0: !!opencv-matrix
   rows: 1
   cols: 25
   dt: "3f"
   data: [ 8.06943542e+02, 4.24292969e+02, 8.65331233e-01,
       9.24664246e+02, 4.56583099e+02, 7.18388498e-01, 9.27618530e+02,
       5.30300903e+02, 7.41575181e-01, 1.05422900e+03, 5.77433777e+02,
       8.18784952e-01, 1.06874646e+03, 4.80264557e+02, 8.17960382e-01,
       9.10026855e+02, 3.85938232e+02, 6.53591990e-01, 1.07188818e+03,
       2.97732971e+02, 7.60019243e-01, 1.19846191e+03, 2.44708832e+02,
       7.41049886e-01, 1.18371387e+03, 4.03685211e+02, 5.36952138e-01,
       1.18953003e+03, 4.50746155e+02, 5.94213009e-01, 1.38089905e+03,
       5.03694458e+02, 7.15904534e-01, 1.55746204e+03, 5.65623413e+02,
       6.51082039e-01, 1.17191504e+03, 3.50759613e+02, 5.77938735e-01,
       1.37201599e+03, 3.33018951e+02, 5.73251307e-01, 1.56925354e+03,
       3.03651703e+02, 5.69041193e-01, 7.89298096e+02, 4.33264130e+02,
       8.88335347e-01, 7.98083435e+02, 4.06716309e+02, 8.63079309e-01,
       8.09734375e+02, 4.59514893e+02, 6.27466500e-01, 8.18787415e+02,
       3.86113434e+02, 6.98023379e-01, 1.64287817e+03, 2.68288605e+02,
       3.98040831e-01, 1.63988367e+03, 2.68249817e+02, 4.18870330e-01,
       1.60452856e+03, 3.06593414e+02, 2.85148323e-01, 1.61052185e+03,
       6.18571350e+02, 5.38416147e-01, 1.61042432e+03, 6.15645752e+02,
       5.06958723e-01, 1.58692041e+03, 5.53828796e+02, 5.20596564e-01 ]
