%YAML:1.0
---
pose_0: !!opencv-matrix
   rows: 1
   cols: 25
   dt: "3f"
   data: [ 7.51009583e+02, 3.53640533e+02, 7.83900261e-01,
       8.59996948e+02, 3.38891663e+02, 6.69432163e-01, 8.59999207e+02,
       4.09613342e+02, 5.64273000e-01, 1.00707611e+03, 4.71449677e+02,
       6.17210567e-01, 0., 0., 0., 8.83365906e+02, 2.50733078e+02,
       6.41736269e-01, 1.02764099e+03, 2.27079498e+02, 8.44285250e-01,
       9.71679138e+02, 2.97746216e+02, 7.92914271e-01, 1.14244434e+03,
       3.65486267e+02, 6.27546310e-01, 1.13073865e+03, 4.12560303e+02,
       6.08515441e-01, 1.33679272e+03, 4.36104675e+02, 7.29056597e-01,
       1.52512817e+03, 5.09769196e+02, 5.48255444e-01, 1.14836218e+03,
       3.15329407e+02, 5.59037864e-01, 1.38972559e+03, 3.09539825e+02,
       5.98684490e-01, 1.58391162e+03, 2.97754822e+02, 6.20723188e-01,
       7.39159241e+02, 3.65465424e+02, 7.74210989e-01, 7.39315491e+02,
       3.35971466e+02, 8.70954514e-01, 7.59799927e+02, 3.85927185e+02,
       1.94477245e-01, 7.59902405e+02, 3.06555420e+02, 5.21260738e-01,
       1.64874060e+03, 2.68288788e+02, 4.24789011e-01, 1.63992017e+03,
       2.65360352e+02, 4.67628628e-01, 1.61047510e+03, 3.00713745e+02,
       2.89685547e-01, 1.59871753e+03, 5.33213318e+02, 3.90589714e-01,
       1.58688416e+03, 5.44992126e+02, 3.68561894e-01, 1.56337207e+03,
       5.09668060e+02, 2.82646477e-01 ]
