%YAML:1.0
---
pose_0: !!opencv-matrix
   rows: 1
   cols: 25
   dt: "3f"
   data: [ 5.00870911e+02, 5.68578308e+02, 9.48374644e-02,
       6.36204041e+02, 5.53908203e+02, 3.49478662e-01, 6.48045166e+02,
       6.18618958e+02, 2.28514254e-01, 7.18570984e+02, 7.21554260e+02,
       6.79993093e-01, 4.47846039e+02, 6.24521545e+02, 7.48112798e-01,
       6.09763062e+02, 5.03827545e+02, 1.93223193e-01, 7.33388184e+02,
       4.06577667e+02, 4.47382689e-01, 5.00824432e+02, 4.36064087e+02,
       5.68312883e-01, 1.03065979e+03, 5.44961853e+02, 2.81027347e-01,
       1.02180585e+03, 6.18574585e+02, 2.43380725e-01, 1.19248132e+03,
       6.74507019e+02, 1.14609964e-01, 1.77815723e+03, 6.65621216e+02,
       2.02620193e-01, 1.03359387e+03, 4.71423431e+02, 2.82729894e-01,
       1.35142981e+03, 4.71375702e+02, 3.40563476e-01, 1.72522693e+03,
       4.39023132e+02, 1.41501576e-01, 4.68482483e+02, 5.80276672e+02,
       5.37825935e-02, 0., 0., 0., 0., 0., 0., 5.18513916e+02,
       5.18519409e+02, 6.30602762e-02, 0., 0., 0., 0., 0., 0.,
       1.74289307e+03, 4.59636475e+02, 7.31679052e-02, 0., 0., 0., 0.,
       0., 0., 1.78409790e+03, 6.74475830e+02, 1.79916635e-01 ]
