%YAML:1.0
---
pose_0: !!opencv-matrix
   rows: 1
   cols: 25
   dt: "3f"
   data: [ 7.12752197e+02, 6.00973877e+02, 8.93462360e-01,
       8.12825012e+02, 5.86203979e+02, 7.43556798e-01, 7.92192749e+02,
       6.45025269e+02, 6.01042330e-01, 9.74739685e+02, 6.68673279e+02,
       1.59816638e-01, 1.04839380e+03, 7.15785461e+02, 3.53816539e-01,
       8.36276001e+02, 5.27230408e+02, 7.45051742e-01, 9.74782043e+02,
       5.00807037e+02, 7.77790785e-01, 1.11608130e+03, 4.89108307e+02,
       8.06698561e-01, 1.09831396e+03, 6.30358521e+02, 5.36422253e-01,
       1.08952039e+03, 6.77464844e+02, 5.29964805e-01, 1.28374158e+03,
       7.03899231e+02, 3.17992896e-01, 1.34852148e+03, 6.95041443e+02,
       1.06567919e-01, 1.11010718e+03, 5.77445190e+02, 4.47948128e-01,
       1.30725818e+03, 6.48168152e+02, 6.13340914e-01, 1.55455298e+03,
       6.68654175e+02, 5.92598975e-01, 6.92270630e+02, 6.06856445e+02,
       8.47874939e-01, 7.03911865e+02, 5.77418762e+02, 8.49376023e-01,
       7.12671936e+02, 6.24436829e+02, 1.00571297e-01, 7.33314819e+02,
       5.50975281e+02, 6.24461412e-01, 1.63701611e+03, 6.44951904e+02,
       5.63365221e-01, 1.63403149e+03, 6.39128418e+02, 5.30636191e-01,
       1.57806506e+03, 6.86255981e+02, 2.78303683e-01, 0., 0., 0., 0.,
       0., 0., 0., 0., 0. ]
