%YAML:1.0
---
pose_0: !!opencv-matrix
   rows: 1
   cols: 25
   dt: "3f"
   data: [ 6.92086060e+02, 4.59624146e+02, 8.75147998e-01,
       7.86395081e+02, 4.36099731e+02, 7.47940838e-01, 7.68738831e+02,
       5.03689178e+02, 6.38830304e-01, 8.65780640e+02, 5.39122620e+02,
       6.08746648e-01, 9.48141296e+02, 5.97867004e+02, 6.48405194e-01,
       8.01028931e+02, 3.65455475e+02, 6.33658528e-01, 9.51124329e+02,
       3.42053253e+02, 7.79388547e-01, 1.09834924e+03, 3.38806427e+02,
       8.10055733e-01, 1.08947021e+03, 4.59727722e+02, 4.21744645e-01,
       1.07185852e+03, 5.12608765e+02, 3.89250427e-01, 1.32492639e+03,
       5.74521362e+02, 3.79164726e-01, 1.53099451e+03, 4.83239227e+02,
       2.23122627e-01, 1.10128418e+03, 4.09607300e+02, 3.66401643e-01,
       1.36911682e+03, 4.36165344e+02, 3.60431492e-01, 1.58983923e+03,
       4.12648987e+02, 2.18315050e-01, 6.71638672e+02, 4.74301605e+02,
       7.41468668e-01, 6.74577576e+02, 4.36040497e+02, 8.20021570e-01,
       6.92263794e+02, 4.86105377e+02, 7.79965147e-02, 6.98152649e+02,
       4.00803284e+02, 6.20254636e-01, 1.67232385e+03, 3.89087067e+02,
       1.76001981e-01, 1.67225122e+03, 3.89093628e+02, 2.05072090e-01,
       1.67514148e+03, 4.33179443e+02, 1.29446179e-01, 1.53983057e+03,
       4.86144989e+02, 5.09697162e-02, 1.53980164e+03, 4.86156769e+02,
       5.14692180e-02, 1.54574084e+03, 4.83232178e+02, 1.88383535e-01 ]
