%YAML:1.0
---
pose_0: !!opencv-matrix
   rows: 1
   cols: 25
   dt: "3f"
   data: [ 0., 0., 0., 8.59878662e+02, 2.94902222e+02, 1.42778695e-01,
       7.92287598e+02, 3.38971222e+02, 1.64404660e-01, 6.71488403e+02,
       4.62559937e+02, 6.21228516e-01, 7.39136597e+02, 4.30127563e+02,
       5.61627567e-01, 9.09951111e+02, 2.80096985e+02, 6.85335696e-02,
       0., 0., 0., 0., 0., 0., 1.10714380e+03, 4.94955719e+02,
       3.36113602e-01, 1.11307239e+03, 5.39124573e+02, 3.66480112e-01,
       1.33081323e+03, 6.15626526e+02, 5.91898024e-01, 1.51336902e+03,
       6.71668274e+02, 4.87731189e-01, 1.09838818e+03, 4.36187988e+02,
       3.46378058e-01, 1.30438928e+03, 3.68381378e+02, 1.50218323e-01,
       1.46920642e+03, 2.68398773e+02, 1.21170186e-01, 0., 0., 0., 0.,
       0., 0., 0., 0., 0., 0., 0., 0., 0., 0., 0., 0., 0., 0.,
       1.47209949e+03, 2.71213287e+02, 1.32241905e-01, 1.58691431e+03,
       7.09844666e+02, 6.55716062e-02, 1.58693408e+03, 7.15792053e+02,
       5.67100570e-02, 1.54280139e+03, 6.74555481e+02, 3.09102237e-01 ]
