%YAML:1.0
---
pose_0: !!opencv-matrix
   rows: 1
   cols: 25
   dt: "3f"
   data: [ 7.59852478e+02, 5.30369385e+02, 8.71570408e-01,
       8.59833496e+02, 5.50785400e+02, 7.46445358e-01, 8.56939453e+02,
       6.27408691e+02, 6.94726884e-01, 9.74646057e+02, 6.74560852e+02,
       6.57018185e-01, 1.10129956e+03, 7.18795044e+02, 8.02611589e-01,
       8.65880615e+02, 4.77299347e+02, 5.62460542e-01, 9.95275146e+02,
       4.47864532e+02, 2.60422617e-01, 1.02478577e+03, 4.47881592e+02,
       7.00221956e-02, 1.11900830e+03, 5.30214172e+02, 5.68293571e-01,
       1.12487073e+03, 5.77310913e+02, 5.85391521e-01, 1.33082043e+03,
       6.24394897e+02, 7.75911391e-01, 1.55157312e+03, 6.74523926e+02,
       6.22725725e-01, 1.11892957e+03, 4.80168976e+02, 5.71149170e-01,
       1.35153503e+03, 4.59700714e+02, 6.97791398e-01, 1.56632129e+03,
       4.62636017e+02, 6.52207017e-01, 7.42129456e+02, 5.50771484e+02,
       8.47163320e-01, 7.45214417e+02, 5.12581970e+02, 8.17967713e-01,
       7.53932556e+02, 5.74430481e+02, 5.37714422e-01, 7.71660767e+02,
       4.89140533e+02, 5.84925115e-01, 1.64872314e+03, 4.44925720e+02,
       2.35249624e-01, 1.63989380e+03, 4.39009308e+02, 2.80145198e-01,
       1.58988171e+03, 4.59672241e+02, 2.96841174e-01, 1.62512292e+03,
       6.62706116e+02, 4.86345083e-01, 1.61341284e+03, 6.74478088e+02,
       4.26461160e-01, 1.57222559e+03, 6.89210632e+02, 2.51044661e-01 ]
