%YAML:1.0
---
pose_0: !!opencv-matrix
   rows: 1
   cols: 25
   dt: "3f"
   data: [ 7.86364441e+02, 3.30172119e+02, 7.93273687e-01,
       8.80409546e+02, 3.86121094e+02, 7.13715553e-01, 8.60012390e+02,
       4.59617828e+02, 7.46718705e-01, 9.27746094e+02, 5.53965881e+02,
       8.32781255e-01, 9.92330261e+02, 5.94964172e+02, 7.98596919e-01,
       8.83490540e+02, 3.15352631e+02, 4.52210367e-01, 1.06886951e+03,
       3.36046692e+02, 6.09652877e-01, 1.16892212e+03, 2.71310822e+02,
       8.00987303e-01, 1.14241479e+03, 4.09518646e+02, 6.46840215e-01,
       1.13955249e+03, 4.53787354e+02, 6.20198727e-01, 1.35147473e+03,
       5.03751770e+02, 7.91511536e-01, 1.51337634e+03, 5.53739746e+02,
       6.06429756e-01, 1.14258167e+03, 3.62475067e+02, 6.65111303e-01,
       1.32495972e+03, 3.15417725e+02, 6.60809278e-01, 1.55751147e+03,
       2.71179718e+02, 5.91494501e-01, 7.65796997e+02, 3.42023285e+02,
       8.18439901e-01, 7.74527893e+02, 3.18313354e+02, 4.99061465e-01,
       7.83384216e+02, 3.85974884e+02, 6.75091982e-01, 0., 0., 0.,
       1.63410413e+03, 2.44745056e+02, 4.99977052e-01, 1.63393457e+03,
       2.41775253e+02, 4.50916439e-01, 1.58392676e+03, 2.68388306e+02,
       3.26705068e-01, 1.57812073e+03, 5.06736572e+02, 5.77414274e-01,
       1.56921619e+03, 5.21430481e+02, 4.62790728e-01, 1.53392554e+03,
       5.77334351e+02, 3.23124975e-01 ]
