%YAML:1.0
---
pose_0: !!opencv-matrix
   rows: 1
   cols: 25
   dt: "3f"
   data: [ 7.95159485e+02, 4.94994385e+02, 8.11503649e-01,
       8.83490417e+02, 5.06698578e+02, 7.10697353e-01, 8.71740173e+02,
       5.53826782e+02, 5.59877276e-01, 1.01880493e+03, 6.15596436e+02,
       4.20762748e-01, 9.74623108e+02, 6.62696411e+02, 5.26814342e-01,
       9.01087769e+02, 4.56798401e+02, 5.84877312e-01, 1.04520520e+03,
       4.27280823e+02, 7.44700909e-01, 9.83514526e+02, 3.44917633e+02,
       7.95239925e-01, 1.14252527e+03, 5.24442810e+02, 6.38912439e-01,
       1.13951013e+03, 5.71493225e+02, 6.20876074e-01, 1.35435754e+03,
       6.21476379e+02, 6.70347333e-01, 1.53690173e+03, 6.44956421e+02,
       6.79800689e-01, 1.14836768e+03, 4.77242737e+02, 5.82465529e-01,
       1.36024561e+03, 4.68432800e+02, 6.78533435e-01, 1.55748145e+03,
       4.36083710e+02, 6.96347773e-01, 7.83410339e+02, 5.06840912e+02,
       8.39074016e-01, 7.86393860e+02, 4.80337219e+02, 8.74626279e-01,
       7.98146484e+02, 5.30306946e+02, 5.93756557e-01, 8.07007141e+02,
       4.59745453e+02, 5.33312380e-01, 1.63095154e+03, 4.36124481e+02,
       2.55797744e-01, 1.61640808e+03, 4.27257141e+02, 3.33332747e-01,
       1.58103357e+03, 4.18454376e+02, 3.20856124e-01, 1.58101758e+03,
       6.95063538e+02, 5.27245641e-01, 1.58099438e+03, 6.92134583e+02,
       4.71585065e-01, 1.56344055e+03, 6.21613037e+02, 5.48695147e-01 ]
