%YAML:1.0
---
pose_0: !!opencv-matrix
   rows: 1
   cols: 25
   dt: "3f"
   data: [ 6.97999390e+02, 4.36249481e+02, 8.34412813e-01,
       8.12936279e+02, 4.21349670e+02, 7.11341977e-01, 8.24654236e+02,
       5.03873535e+02, 6.02103174e-01, 9.39438416e+02, 5.94973511e+02,
       7.83900380e-01, 8.60023987e+02, 5.71515259e+02, 7.66694009e-01,
       8.15865051e+02, 3.30148254e+02, 6.31642520e-01, 9.51245422e+02,
       2.94990723e+02, 8.16006720e-01, 1.04834985e+03, 3.00735016e+02,
       8.35572600e-01, 1.11007532e+03, 4.56631897e+02, 5.61935782e-01,
       1.09543469e+03, 5.03801849e+02, 5.77017128e-01, 1.30428430e+03,
       5.06779358e+02, 4.53981459e-01, 1.49569348e+03, 5.06799438e+02,
       4.68186170e-01, 1.11304846e+03, 3.91990051e+02, 5.01491606e-01,
       1.33091394e+03, 4.12587585e+02, 6.06148481e-01, 1.58392725e+03,
       4.09481689e+02, 5.12178421e-01, 6.83357666e+02, 4.56597015e+02,
       7.52110004e-01, 6.86323792e+02, 4.15563141e+02, 7.89373755e-01,
       7.06874512e+02, 4.65581299e+02, 1.09283924e-01, 7.06914368e+02,
       3.85986816e+02, 6.14203930e-01, 1.65753320e+03, 3.68444305e+02,
       4.38470662e-01, 1.65161230e+03, 3.68362366e+02, 4.17837769e-01,
       1.61039172e+03, 4.18446350e+02, 2.52980083e-01, 1.56338831e+03,
       4.92051788e+02, 1.85276553e-01, 1.55447607e+03, 5.06707520e+02,
       1.61463827e-01, 1.52802271e+03, 5.03754028e+02, 2.72350013e-01 ]
