%YAML:1.0
---
pose_0: !!opencv-matrix
   rows: 1
   cols: 25
   dt: "3f"
   data: [ 7.56873474e+02, 3.15272949e+02, 7.78496504e-01,
       8.36329346e+02, 2.24117050e+02, 4.63126272e-01, 8.09865051e+02,
       1.97691376e+02, 2.20338494e-01, 9.42359314e+02, 3.62534332e+02,
       7.41180629e-02, 0., 0., 0., 8.62935608e+02, 2.47684021e+02,
       4.64680612e-01, 9.45332214e+02, 3.68396118e+02, 6.88273251e-01,
       9.95224060e+02, 5.12657104e+02, 7.79056609e-01, 1.16302295e+03,
       2.50667175e+02, 4.45606530e-01, 1.16010242e+03, 3.00750122e+02,
       4.20971662e-01, 1.30428931e+03, 3.94927277e+02, 7.42540240e-01,
       1.52512439e+03, 2.68356781e+02, 2.55727172e-01, 1.17780969e+03,
       2.00616302e+02, 3.64607930e-01, 1.37203284e+03, 2.21298340e+02,
       4.93092775e-01, 1.47213245e+03, 1.56547943e+02, 9.35926363e-02,
       7.36342468e+02, 2.97864319e+02, 6.90092802e-01, 7.62809998e+02,
       2.91960144e+02, 8.17101598e-01, 0., 0., 0., 7.89253357e+02,
       2.47843307e+02, 4.25554693e-01, 1.58683411e+03, 1.00546417e+02,
       1.00600451e-01, 1.58104297e+03, 1.00601089e+02, 1.25130966e-01,
       1.58391357e+03, 1.09378853e+02, 8.28029588e-02, 0., 0., 0., 0.,
       0., 0., 1.54282275e+03, 2.44790207e+02, 2.16798007e-01 ]
