%YAML:1.0
---
pose_0: !!opencv-matrix
   rows: 1
   cols: 25
   dt: "3f"
   data: [ 7.62783997e+02, 4.36080017e+02, 8.96468937e-01,
       8.62967957e+02, 4.27262390e+02, 6.82787955e-01, 8.59908203e+02,
       4.97938202e+02, 7.55382776e-01, 9.62999084e+02, 5.06665985e+02,
       8.55287850e-01, 8.65778992e+02, 4.21416138e+02, 8.23252082e-01,
       8.71754089e+02, 3.62579498e+02, 6.45421267e-01, 1.00122577e+03,
       2.88849304e+02, 8.18001449e-01, 9.06903870e+02, 2.65377838e+02,
       8.29295576e-01, 1.11894019e+03, 4.56802155e+02, 6.60209358e-01,
       1.11007654e+03, 5.03908234e+02, 6.44523799e-01, 1.30736328e+03,
       5.74339539e+02, 8.14547539e-01, 1.48978125e+03, 6.15649414e+02,
       6.49901927e-01, 1.13362061e+03, 4.09630676e+02, 6.17418945e-01,
       1.32794067e+03, 4.32994263e+02, 7.71593928e-01, 1.56043628e+03,
       4.24309235e+02, 6.09414339e-01, 7.50981934e+02, 4.53750214e+02,
       7.75610685e-01, 7.48068176e+02, 4.15608673e+02, 7.96021342e-01,
       7.65809509e+02, 4.65590149e+02, 2.16854334e-01, 7.65729309e+02,
       3.89110443e+02, 5.71163595e-01, 1.61356238e+03, 4.06660034e+02,
       5.34733593e-01, 1.61046973e+03, 3.97867065e+02, 5.90913713e-01,
       1.58983618e+03, 4.30197174e+02, 3.59068334e-01, 1.49264880e+03,
       6.62770508e+02, 5.04880071e-01, 1.48389978e+03, 6.59790161e+02,
       4.74444181e-01, 1.51928479e+03, 6.03919678e+02, 4.32777226e-01 ]
