%YAML:1.0
---
pose_0: !!opencv-matrix
   rows: 1
   cols: 25
   dt: "3f"
   data: [ 6.98137878e+02, 4.80177551e+02, 7.17366040e-01,
       8.09915039e+02, 4.36133331e+02, 5.58965981e-01, 8.27535950e+02,
       5.24402588e+02, 3.37338030e-01, 9.54097229e+02, 5.47981628e+02,
       8.70190561e-02, 0., 0., 0., 8.09955505e+02, 3.65481171e+02,
       6.43926322e-01, 9.57046570e+02, 3.21371796e+02, 7.78145492e-01,
       1.09548596e+03, 3.15290924e+02, 8.67335558e-01, 1.09544995e+03,
       4.83183136e+02, 5.80277145e-01, 1.08651636e+03, 5.33219666e+02,
       5.63156903e-01, 1.30426868e+03, 5.94994751e+02, 7.05949247e-01,
       1.49566211e+03, 5.77458252e+02, 6.06844962e-01, 1.11014111e+03,
       4.30208344e+02, 5.11813462e-01, 1.35441064e+03, 4.36000977e+02,
       4.97090638e-01, 1.58983411e+03, 4.39100739e+02, 4.92220402e-01,
       6.86294189e+02, 4.86159180e+02, 3.75579983e-01, 6.89128906e+02,
       4.59609619e+02, 7.06589282e-01, 0., 0., 0., 6.92082886e+02,
       4.24357635e+02, 6.00201845e-01, 1.66929358e+03, 4.36152954e+02,
       3.86526644e-01, 1.66341479e+03, 4.33141144e+02, 3.95614684e-01,
       1.61338147e+03, 4.39087952e+02, 2.16125622e-01, 1.58984473e+03,
       5.80325928e+02, 2.93131113e-01, 1.56925696e+03, 5.97944336e+02,
       2.58778960e-01, 1.52515027e+03, 5.59722473e+02, 3.04875284e-01 ]
