%YAML:1.0
---
pose_0: !!opencv-matrix
   rows: 1
   cols: 25
   dt: "3f"
   data: [ 8.12724670e+02, 5.30185181e+02, 7.88700104e-01,
       8.65862976e+02, 5.94990723e+02, 6.06262147e-01, 8.39330994e+02,
       6.15587708e+02, 4.01075810e-01, 7.59915283e+02, 5.77437683e+02,
       1.81241795e-01, 0., 0., 0., 9.09930664e+02, 5.62624084e+02,
       4.24798518e-01, 9.54206543e+02, 4.83290710e+02, 4.70750839e-01,
       9.98280029e+02, 3.50749817e+02, 6.88908339e-01, 1.14546716e+03,
       5.83291992e+02, 5.05590141e-01, 1.15133569e+03, 6.27444580e+02,
       5.08262575e-01, 1.35444543e+03, 6.45189819e+02, 7.57981598e-01,
       1.54284033e+03, 7.06848755e+02, 3.86734784e-01, 1.14248560e+03,
       5.36140015e+02, 5.41732252e-01, 1.27785913e+03, 4.80236206e+02,
       6.11747265e-01, 1.47800928e+03, 5.06771973e+02, 3.41637641e-01,
       7.92255188e+02, 5.33247681e+02, 7.63824642e-01, 8.01084595e+02,
       5.15534424e+02, 2.22893953e-01, 7.98124084e+02, 5.68542053e+02,
       6.41320348e-01, 0., 0., 0., 1.49272278e+03, 5.50876160e+02,
       8.05740058e-02, 1.51332141e+03, 5.30280334e+02, 8.85956064e-02,
       1.50158350e+03, 5.03846130e+02, 2.10368693e-01, 1.59871228e+03,
       7.21648254e+02, 2.77286470e-01, 1.57219177e+03, 7.42143555e+02,
       2.55342394e-01, 1.56636841e+03, 7.15654907e+02, 2.47816429e-01 ]
