%YAML:1.0
---
pose_0: !!opencv-matrix
   rows: 1
   cols: 25
   dt: "3f"
   data: [ 6.48121399e+02, 5.03730927e+02, 8.63627911e-01,
       7.92324158e+02, 5.03909943e+02, 7.77828217e-01, 7.89282593e+02,
       6.03832947e+02, 7.26522923e-01, 8.77490540e+02, 7.45206482e+02,
       7.55034149e-01, 8.65799194e+02, 6.92184570e+02, 8.09825838e-01,
       8.09881897e+02, 4.09568085e+02, 6.91066384e-01, 9.48178894e+02,
       3.88953156e+02, 5.66548586e-01, 9.77793823e+02, 3.85902191e+02,
       7.35133350e-01, 1.09532410e+03, 5.18553406e+02, 5.63830256e-01,
       1.08364587e+03, 5.74301270e+02, 5.68992972e-01, 1.29262427e+03,
       5.71417664e+02, 3.12250763e-01, 1.61040015e+03, 5.71429932e+02,
       4.67634708e-01, 1.09546570e+03, 4.56760162e+02, 5.56925535e-01,
       1.30144434e+03, 4.39146606e+02, 5.16407907e-01, 1.51928601e+03,
       4.86135376e+02, 1.82162002e-01, 6.39172668e+02, 5.21451721e+02,
       7.72978067e-01, 6.42056885e+02, 4.83134430e+02, 8.63935709e-01,
       6.56863281e+02, 5.47909851e+02, 4.16571617e-01, 6.65689636e+02,
       4.56624054e+02, 5.79522252e-01, 1.65453479e+03, 4.56644897e+02,
       2.12478578e-01, 1.65163538e+03, 4.53673981e+02, 2.28951916e-01,
       1.55750269e+03, 4.97890503e+02, 7.82249197e-02, 1.71349390e+03,
       5.53854248e+02, 3.64190847e-01, 1.70466943e+03, 5.68500366e+02,
       3.14732015e-01, 1.62226001e+03, 5.65609314e+02, 2.52537817e-01 ]
