%YAML:1.0
---
pose_0: !!opencv-matrix
   rows: 2
   cols: 25
   dt: "3f"
   data: [ 5.30310425e+02, 6.92162109e+02, 6.00109249e-02,
       6.80400330e+02, 5.92081360e+02, 3.15098196e-01, 7.00979004e+02,
       6.83349731e+02, 6.12919144e-02, 0., 0., 0., 0., 0., 0.,
       6.50967102e+02, 4.89092285e+02, 4.16579515e-01, 8.80582092e+02,
       4.09494659e+02, 2.16852129e-01, 9.95354736e+02, 3.41939392e+02,
       1.08480610e-01, 1.06298499e+03, 6.65669250e+02, 2.21278504e-01,
       1.05125562e+03, 7.36269165e+02, 2.00215265e-01, 1.18954028e+03,
       8.15859924e+02, 8.44864622e-02, 0., 0., 0., 1.08066516e+03,
       6.00878662e+02, 2.07106784e-01, 1.42204712e+03, 7.21583862e+02,
       3.19012165e-01, 1.77233521e+03, 6.77453613e+02, 1.64286003e-01,
       4.86111908e+02, 6.89258972e+02, 5.27483933e-02, 4.94934814e+02,
       6.77463379e+02, 5.26973233e-02, 0., 0., 0., 4.92025299e+02,
       6.21510010e+02, 1.51544705e-01, 0., 0., 0., 0., 0., 0., 0., 0.,
       0., 0., 0., 0., 0., 0., 0., 0., 0., 0., 0., 0., 0., 0., 0., 0.,
       6.62709351e+02, 4.83227417e+02, 1.18255720e-01, 8.83572876e+02,
       4.06583191e+02, 3.35585415e-01, 1.01588708e+03, 3.33122070e+02,
       3.72544944e-01, 0., 0., 0., 0., 0., 0., 0., 0., 0., 0., 0., 0.,
       0., 0., 0., 0., 0., 0., 0., 0., 0., 0., 0., 0., 0., 0., 0., 0.,
       0., 0., 0., 0., 0., 0., 0., 0., 0., 0., 0., 0., 0., 0., 0., 0.,
       0., 0., 0., 0., 0., 0., 0., 0., 0., 0., 0., 0., 0., 0., 0., 0. ]
