%YAML:1.0
---
pose_0: !!opencv-matrix
   rows: 1
   cols: 25
   dt: "3f"
   data: [ 7.36194580e+02, 5.30351746e+02, 8.79510880e-01,
       8.56837219e+02, 5.50826843e+02, 7.80448914e-01, 8.42278870e+02,
       6.30369751e+02, 6.55632973e-01, 9.51196289e+02, 7.12666321e+02,
       7.80232191e-01, 1.00134515e+03, 6.92013428e+02, 8.07945371e-01,
       8.71672974e+02, 4.62565430e+02, 6.88743412e-01, 9.95304138e+02,
       4.56731659e+02, 6.47556782e-01, 1.04543799e+03, 4.74331085e+02,
       6.46417201e-01, 1.13071619e+03, 5.53919556e+02, 5.56844771e-01,
       1.12483215e+03, 6.03817322e+02, 5.67879081e-01, 1.32780811e+03,
       5.97881409e+02, 7.15867758e-01, 1.57510974e+03, 6.33301819e+02,
       5.34127772e-01, 1.13364392e+03, 5.03761780e+02, 5.74075222e-01,
       1.37788330e+03, 4.83294739e+02, 6.80323243e-01, 1.53980359e+03,
       5.06660767e+02, 4.45563942e-01, 7.15746643e+02, 5.50800171e+02,
       8.53946805e-01, 7.21552979e+02, 5.09769073e+02, 8.15966547e-01,
       7.39137390e+02, 5.74337158e+02, 5.62468708e-01, 7.45135193e+02,
       4.89070221e+02, 6.21799827e-01, 1.61043652e+03, 4.53710480e+02,
       3.95491421e-01, 1.60451599e+03, 4.53708099e+02, 4.32579041e-01,
       1.56339075e+03, 5.27317749e+02, 2.29054868e-01, 1.66643933e+03,
       6.24500610e+02, 6.03595257e-01, 1.65464917e+03, 6.42122375e+02,
       5.20675123e-01, 1.58693945e+03, 6.27412903e+02, 3.14471096e-01 ]
