%YAML:1.0
---
pose_0: !!opencv-matrix
   rows: 2
   cols: 25
   dt: "3f"
   data: [ 0., 0., 0., 8.89358093e+02, 5.12675354e+02, 1.35279238e-01,
       8.18756958e+02, 5.47923584e+02, 1.47862703e-01, 7.80476807e+02,
       5.59718933e+02, 3.91466260e-01, 0., 0., 0., 9.18814758e+02,
       4.89093262e+02, 1.69606909e-01, 1.00714111e+03, 4.59770660e+02,
       2.10644916e-01, 9.80618164e+02, 4.36030396e+02, 3.71669114e-01,
       1.10422302e+03, 5.74457703e+02, 4.17988509e-01, 1.09241467e+03,
       5.95027405e+02, 3.23999435e-01, 1.36905432e+03, 5.24350769e+02,
       7.22861230e-01, 1.64576953e+03, 7.21611877e+02, 5.19328892e-01,
       1.12188318e+03, 5.53782898e+02, 3.24867010e-01, 1.37208752e+03,
       5.06729370e+02, 3.53511631e-01, 1.54280005e+03, 6.48034546e+02,
       1.11156866e-01, 0., 0., 0., 0., 0., 0., 0., 0., 0., 0., 0., 0.,
       0., 0., 0., 0., 0., 0., 0., 0., 0., 1.68397900e+03,
       7.12703796e+02, 2.20927253e-01, 1.68098511e+03, 7.21572205e+02,
       2.49078274e-01, 1.66346265e+03, 7.45121521e+02, 3.73674810e-01,
       0., 0., 0., 0., 0., 0., 9.01057312e+02, 5.27420349e+02,
       1.35280862e-01, 9.36405518e+02, 5.09740845e+02, 7.06028283e-01,
       9.15869324e+02, 4.15533356e+02, 6.37959063e-01, 0., 0., 0., 0.,
       0., 0., 0., 0., 0., 0., 0., 0., 0., 0., 0., 0., 0., 0., 0., 0.,
       0., 0., 0., 0., 0., 0., 0., 0., 0., 0., 0., 0., 0., 0., 0., 0.,
       0., 0., 0., 0., 0., 0., 0., 0., 0., 0., 0., 0., 0., 0., 0., 0.,
       0., 0., 0., 0., 0., 0., 0., 0. ]
