%YAML:1.0
---
pose_0: !!opencv-matrix
   rows: 1
   cols: 25
   dt: "3f"
   data: [ 7.51034912e+02, 5.03817566e+02, 7.73688495e-01,
       8.59989746e+02, 5.09780975e+02, 7.05414593e-01, 8.59958496e+02,
       5.86190063e+02, 7.59763777e-01, 9.95314514e+02, 6.27409607e+02,
       7.83640325e-01, 1.11600720e+03, 6.71638550e+02, 8.52111340e-01,
       8.59876038e+02, 4.44890564e+02, 4.39026833e-01, 9.42367676e+02,
       4.36106445e+02, 5.75681366e-02, 0., 0., 0., 1.12483179e+03,
       5.03844971e+02, 5.35375655e-01, 1.12486584e+03, 5.53864014e+02,
       5.55080593e-01, 1.33380676e+03, 6.21565674e+02, 7.74513841e-01,
       1.55751331e+03, 6.74475159e+02, 5.89466989e-01, 1.12480823e+03,
       4.53699524e+02, 4.73493755e-01, 1.34261877e+03, 4.56745941e+02,
       6.66461170e-01, 1.58391284e+03, 4.65506042e+02, 6.60714149e-01,
       7.39222595e+02, 5.09804749e+02, 7.15414464e-01, 7.42115662e+02,
       4.83151489e+02, 8.16824734e-01, 7.56895996e+02, 5.30386169e+02,
       3.90636891e-01, 7.68767090e+02, 4.56811005e+02, 5.11505961e-01,
       1.65165186e+03, 4.50825897e+02, 4.24379259e-01, 1.63997656e+03,
       4.44961121e+02, 4.77394491e-01, 1.62803613e+03, 4.80173706e+02,
       3.25874805e-01, 1.62812256e+03, 6.56812195e+02, 5.52707791e-01,
       1.61636963e+03, 6.71479370e+02, 4.83468622e-01, 1.58984070e+03,
       6.92110413e+02, 2.49364614e-01 ]
