%YAML:1.0
---
pose_0: !!opencv-matrix
   rows: 1
   cols: 25
   dt: "3f"
   data: [ 7.45134583e+02, 5.36212708e+02, 7.56268203e-01,
       8.33525635e+02, 4.77245819e+02, 5.61904252e-01, 8.12930176e+02,
       5.03786682e+02, 4.57555801e-01, 0., 0., 0., 0., 0., 0.,
       8.54003540e+02, 4.53743530e+02, 5.52944779e-01, 9.80637024e+02,
       4.50759644e+02, 6.69938684e-01, 9.98257385e+02, 6.06843262e+02,
       6.24105573e-01, 1.04836768e+03, 4.56700226e+02, 2.03664824e-01,
       1.06595520e+03, 5.03793396e+02, 1.32264122e-01, 0., 0., 0., 0.,
       0., 0., 1.05712170e+03, 4.33188751e+02, 2.00252354e-01,
       1.37208191e+03, 5.03696167e+02, 3.54150712e-01, 1.60751929e+03,
       4.30249756e+02, 3.58143121e-01, 7.33378601e+02, 5.30465759e+02,
       7.80818090e-02, 7.39107422e+02, 5.21494019e+02, 7.71215916e-01,
       0., 0., 0., 7.59846130e+02, 4.71440277e+02, 6.81107104e-01,
       1.66641479e+03, 3.65395081e+02, 2.30497181e-01, 1.67229907e+03,
       3.65467438e+02, 1.79989129e-01, 1.65749109e+03, 4.33150879e+02,
       1.47206143e-01, 0., 0., 0., 0., 0., 0., 0., 0., 0. ]
