%YAML:1.0
---
pose_0: !!opencv-matrix
   rows: 1
   cols: 25
   dt: "3f"
   data: [ 7.62688965e+02, 4.36057251e+02, 8.10782373e-01,
       8.33417175e+02, 4.83253693e+02, 6.44836247e-01, 8.01068420e+02,
       5.15538147e+02, 5.20759344e-01, 7.18564453e+02, 4.97953247e+02,
       4.68079954e-01, 7.15758667e+02, 4.53705627e+02, 1.49753079e-01,
       9.01109680e+02, 4.50785248e+02, 4.05940115e-01, 1.04237573e+03,
       4.24280914e+02, 7.22341180e-01, 1.13952734e+03, 3.62528320e+02,
       8.83370876e-01, 1.12478357e+03, 5.39127747e+02, 5.76471865e-01,
       1.11601050e+03, 5.86258667e+02, 5.15093863e-01, 1.33679102e+03,
       6.27411438e+02, 7.29814887e-01, 1.54862439e+03, 7.18576294e+02,
       5.67857742e-01, 1.13367114e+03, 4.86153107e+02, 5.97070754e-01,
       1.34847827e+03, 4.12575470e+02, 6.32533371e-01, 1.58101208e+03,
       3.62531128e+02, 3.55483443e-01, 7.42171021e+02, 4.42011139e+02,
       8.21117222e-01, 7.53976746e+02, 4.27255493e+02, 6.47592604e-01,
       7.45097229e+02, 4.80247131e+02, 6.34063244e-01, 7.80390930e+02,
       4.15582214e+02, 1.18612997e-01, 1.65748230e+03, 3.03660187e+02,
       4.15411413e-01, 1.65461438e+03, 3.06564056e+02, 3.76486391e-01,
       1.63106311e+03, 3.62565948e+02, 2.09684238e-01, 1.62223840e+03,
       6.95190613e+02, 5.66984475e-01, 1.61334790e+03, 7.12811707e+02,
       5.06141424e-01, 1.56628052e+03, 7.39310913e+02, 3.77217323e-01 ]
