%YAML:1.0
---
pose_0: !!opencv-matrix
   rows: 1
   cols: 25
   dt: "3f"
   data: [ 7.65752563e+02, 3.86014923e+02, 9.06185091e-01,
       8.89339233e+02, 4.15525513e+02, 7.21553564e-01, 8.86393799e+02,
       5.03790771e+02, 7.46135592e-01, 1.02172272e+03, 5.77505981e+02,
       8.78230810e-01, 1.10713074e+03, 5.06740112e+02, 7.12020040e-01,
       8.89341553e+02, 3.41827057e+02, 6.11782551e-01, 1.03657495e+03,
       2.65372650e+02, 7.73845196e-01, 1.16018286e+03, 1.83049774e+02,
       7.88046122e-01, 1.15429126e+03, 3.88971558e+02, 5.61602592e-01,
       1.16007874e+03, 4.36029724e+02, 5.85270345e-01, 1.36034180e+03,
       4.53670654e+02, 6.73187852e-01, 1.54571350e+03, 5.27284241e+02,
       6.34467602e-01, 1.15426172e+03, 3.38910095e+02, 5.71600080e-01,
       1.34846692e+03, 3.15392181e+02, 6.33970857e-01, 1.56340234e+03,
       2.91864929e+02, 5.56318641e-01, 7.48087341e+02, 3.91953125e+02,
       8.14022541e-01, 7.62707642e+02, 3.65419708e+02, 9.09377456e-01,
       7.62766785e+02, 4.21364258e+02, 6.56312585e-01, 7.86447021e+02,
       3.47801758e+02, 6.26119256e-01, 1.63985693e+03, 2.71220764e+02,
       4.59334999e-01, 1.63409436e+03, 2.68263885e+02, 5.13513446e-01,
       1.60746338e+03, 2.97738403e+02, 2.55152494e-01, 1.61052954e+03,
       5.47864380e+02, 5.71696758e-01, 1.59578918e+03, 5.53794434e+02,
       5.48814893e-01, 1.56642065e+03, 5.21434631e+02, 4.12152112e-01 ]
