%YAML:1.0
---
pose_0: !!opencv-matrix
   rows: 1
   cols: 25
   dt: "3f"
   data: [ 0., 0., 0., 8.95272888e+02, 5.44989563e+02, 2.20810696e-01,
       8.56989685e+02, 5.80329041e+02, 1.31116346e-01, 0., 0., 0., 0.,
       0., 0., 9.04034363e+02, 5.21478455e+02, 1.44655854e-01,
       9.03997192e+02, 4.74348663e+02, 2.72757977e-01, 7.68755005e+02,
       3.94872894e+02, 2.61679828e-01, 1.06004651e+03, 5.65622131e+02,
       2.69581735e-01, 1.06008215e+03, 5.47951233e+02, 1.79269597e-01,
       1.32794177e+03, 5.36158508e+02, 7.31509387e-01, 1.63695679e+03,
       7.15673889e+02, 4.67941731e-01, 1.05420068e+03, 5.80308472e+02,
       2.08218858e-01, 1.33380115e+03, 5.30260193e+02, 1.06668994e-01,
       1.58684363e+03, 6.09774536e+02, 1.08352020e-01, 0., 0., 0., 0.,
       0., 0., 0., 0., 0., 0., 0., 0., 1.61639465e+03, 5.39098999e+02,
       1.07783884e-01, 0., 0., 0., 0., 0., 0., 1.69876489e+03,
       6.92095093e+02, 1.76507249e-01, 1.68405603e+03, 7.15706604e+02,
       1.81009248e-01, 1.66047388e+03, 7.48095032e+02, 2.80375779e-01 ]
