%YAML:1.0
---
pose_0: !!opencv-matrix
   rows: 1
   cols: 25
   dt: "3f"
   data: [ 4.89156860e+02, 6.03872681e+02, 7.32243299e-01,
       6.00978760e+02, 5.74494202e+02, 6.25186563e-01, 5.65636841e+02,
       6.48044617e+02, 2.76649833e-01, 5.00899689e+02, 8.01039063e+02,
       4.08691972e-01, 5.71521545e+02, 7.95158447e+02, 3.54829341e-01,
       6.36226501e+02, 5.00777344e+02, 6.58847511e-01, 6.00900391e+02,
       6.27461609e+02, 8.37181985e-01, 5.06828949e+02, 7.68757263e+02,
       6.42333567e-01, 1.03653162e+03, 6.06805176e+02, 2.14298189e-01,
       1.03655090e+03, 6.80400818e+02, 1.97359517e-01, 1.26017847e+03,
       6.42105286e+02, 9.09441710e-02, 1.39851013e+03, 6.45100952e+02,
       9.23853517e-02, 1.03359595e+03, 5.53825928e+02, 2.31400192e-01,
       1.25728943e+03, 6.18572144e+02, 8.46433714e-02, 1.41325574e+03,
       6.42123047e+02, 1.59536317e-01, 4.65600494e+02, 6.24405212e+02,
       7.30486512e-01, 4.77317841e+02, 5.77395630e+02, 7.95925319e-01,
       4.83192627e+02, 6.50937195e+02, 9.68183726e-02, 5.00865906e+02,
       5.36179993e+02, 5.47756433e-01, 0., 0., 0., 0., 0., 0.,
       1.43384314e+03, 6.62700317e+02, 1.02794550e-01, 0., 0., 0., 0.,
       0., 0., 0., 0., 0. ]
