%YAML:1.0
---
pose_0: !!opencv-matrix
   rows: 1
   cols: 25
   dt: "3f"
   data: [ 7.18714722e+02, 5.27446289e+02, 7.84268022e-01,
       8.24607971e+02, 4.59601532e+02, 5.25442183e-01, 8.09815552e+02,
       4.59658691e+02, 3.20879877e-01, 9.45246948e+02, 5.45019043e+02,
       9.22793597e-02, 9.07057373e+02, 5.80280334e+02, 3.17513406e-01,
       8.39381897e+02, 4.59672150e+02, 5.97326994e-01, 9.68754700e+02,
       5.39124451e+02, 7.13208377e-01, 9.01091980e+02, 6.03824280e+02,
       6.93079293e-01, 1.12775940e+03, 4.30220703e+02, 3.68610114e-01,
       1.11596643e+03, 4.50783844e+02, 1.77724585e-01, 1.34266125e+03,
       4.86166046e+02, 5.43491244e-01, 1.57514563e+03, 3.97885315e+02,
       4.47435796e-01, 1.13953918e+03, 4.12496429e+02, 4.17399317e-01,
       1.34853369e+03, 5.21393250e+02, 6.66751802e-01, 1.63697461e+03,
       4.12539368e+02, 5.44438899e-01, 0., 0., 0., 7.15671631e+02,
       5.09712830e+02, 7.65944600e-01, 0., 0., 0., 7.39299194e+02,
       4.80338531e+02, 7.19734967e-01, 1.68113916e+03, 4.65582642e+02,
       9.10423547e-02, 1.68118555e+03, 4.50765869e+02, 9.18418542e-02,
       1.65460693e+03, 3.88999634e+02, 2.55023509e-01, 0., 0., 0., 0.,
       0., 0., 1.59575818e+03, 3.65498505e+02, 2.55604148e-01 ]
