%YAML:1.0
---
pose_0: !!opencv-matrix
   rows: 1
   cols: 25
   dt: "3f"
   data: [ 6.18542358e+02, 4.33161713e+02, 8.56309056e-01,
       7.33338257e+02, 4.80341431e+02, 6.45541251e-01, 7.39270447e+02,
       5.89097046e+02, 5.83977759e-01, 8.86484680e+02, 6.68717896e+02,
       7.20873713e-01, 1.03070215e+03, 6.68551697e+02, 7.90784001e-01,
       7.24552734e+02, 3.86039642e+02, 6.77998066e-01, 9.30675049e+02,
       3.65545563e+02, 8.97313297e-01, 7.92286621e+02, 3.62540619e+02,
       8.42081904e-01, 1.06009412e+03, 5.09635345e+02, 5.01346707e-01,
       1.05714905e+03, 5.59769409e+02, 4.68950808e-01, 1.29548669e+03,
       5.53909302e+02, 5.74307799e-01, 1.59279211e+03, 5.53872559e+02,
       3.61644447e-01, 1.05715454e+03, 4.50807190e+02, 4.59168106e-01,
       1.28964636e+03, 4.36101105e+02, 3.44482988e-01, 1.51921289e+03,
       4.44956055e+02, 1.92539737e-01, 5.98010803e+02, 4.53720276e+02,
       8.21305871e-01, 6.00963440e+02, 4.21439209e+02, 6.67431355e-01,
       6.15635742e+02, 4.83242920e+02, 7.63916969e-01, 6.33282532e+02,
       4.09726440e+02, 6.21863231e-02, 1.66349194e+03, 4.33173065e+02,
       7.98766613e-02, 1.66638647e+03, 4.30234894e+02, 8.24212059e-02,
       1.53689685e+03, 4.39101288e+02, 1.69549659e-01, 1.71640002e+03,
       5.62649780e+02, 2.86054075e-01, 1.70462878e+03, 5.74380005e+02,
       2.71066725e-01, 1.61049951e+03, 5.50829651e+02, 2.34547615e-01 ]
