%YAML:1.0
---
pose_0: !!opencv-matrix
   rows: 1
   cols: 25
   dt: "3f"
   data: [ 5.74489136e+02, 5.12652283e+02, 4.14907426e-01,
       7.39137390e+02, 5.03704590e+02, 5.52471280e-01, 7.45102051e+02,
       6.21496948e+02, 5.39877176e-01, 8.86396790e+02, 6.51034180e+02,
       4.54833180e-01, 1.01594159e+03, 6.68657227e+02, 2.74995506e-01,
       7.27488953e+02, 3.74272980e+02, 3.96828830e-01, 8.45191589e+02,
       3.30121735e+02, 1.47734433e-01, 1.01003326e+03, 3.65497528e+02,
       7.72926733e-02, 1.06892505e+03, 4.94990509e+02, 3.40499520e-01,
       1.05122339e+03, 5.65633240e+02, 3.25271845e-01, 1.33380127e+03,
       6.39154236e+02, 3.57332021e-01, 1.58989673e+03, 6.24525208e+02,
       4.22483236e-01, 1.07771570e+03, 4.27224670e+02, 3.12885046e-01,
       1.35444531e+03, 4.41987549e+02, 4.54003274e-01, 1.73413513e+03,
       4.30123566e+02, 2.53245443e-01, 5.53850037e+02, 5.24357117e+02,
       3.36831421e-01, 5.74444214e+02, 4.91992523e+02, 3.32159489e-01,
       0., 0., 0., 6.21525879e+02, 4.53788940e+02, 2.46409416e-01,
       1.80472473e+03, 3.89044647e+02, 6.14748709e-02, 0., 0., 0.,
       1.76644873e+03, 4.50770477e+02, 1.35459363e-01, 1.74284924e+03,
       6.45063721e+02, 2.37395644e-01, 1.72520923e+03, 6.53927490e+02,
       2.10646033e-01, 1.61338477e+03, 6.09752075e+02, 2.54678518e-01 ]
