%YAML:1.0
---
pose_0: !!opencv-matrix
   rows: 1
   cols: 25
   dt: "3f"
   data: [ 7.59880127e+02, 5.18475708e+02, 5.17385006e-01,
       8.12915527e+02, 4.36174469e+02, 6.17082179e-01, 8.12872803e+02,
       4.27268585e+02, 4.05463278e-01, 9.71681091e+02, 5.12642273e+02,
       1.24657780e-01, 9.27584839e+02, 5.74324219e+02, 3.39948863e-01,
       8.18690186e+02, 4.56635468e+02, 7.40391552e-01, 9.57102234e+02,
       5.18520874e+02, 7.27835476e-01, 9.21738586e+02, 5.86258728e+02,
       5.90757608e-01, 1.13361633e+03, 4.21349579e+02, 3.88281912e-01,
       1.13955554e+03, 3.89074219e+02, 2.77059734e-01, 1.34557178e+03,
       4.53790253e+02, 7.25805640e-01, 1.56046497e+03, 3.86053162e+02,
       7.69286871e-01, 1.13073132e+03, 4.39012756e+02, 3.43376100e-01,
       1.35735022e+03, 5.03887939e+02, 7.35875249e-01, 1.63401135e+03,
       4.30131195e+02, 6.22079790e-01, 0., 0., 0., 7.42303223e+02,
       5.03823273e+02, 5.64639568e-01, 0., 0., 0., 7.45193665e+02,
       4.62575623e+02, 6.02365315e-01, 1.68694275e+03, 3.83086456e+02,
       3.81010771e-01, 1.68116870e+03, 3.85982788e+02, 3.94469231e-01,
       1.66634241e+03, 4.30225220e+02, 2.62878120e-01, 1.64581982e+03,
       3.89037445e+02, 1.44555300e-01, 1.63700427e+03, 3.89080872e+02,
       1.01318762e-01, 1.58396948e+03, 3.62592224e+02, 4.35341656e-01 ]
