%YAML:1.0
---
pose_0: !!opencv-matrix
   rows: 1
   cols: 25
   dt: "3f"
   data: [ 6.98042786e+02, 3.83124573e+02, 8.59018326e-01,
       7.92237305e+02, 4.18454742e+02, 7.29527295e-01, 7.89270203e+02,
       5.00848175e+02, 6.35105729e-01, 9.18839417e+02, 6.18541626e+02,
       7.87441909e-01, 8.33309448e+02, 5.36153748e+02, 7.74729609e-01,
       8.01093201e+02, 3.41892365e+02, 6.93905115e-01, 9.04119080e+02,
       3.39056183e+02, 8.40393782e-01, 7.92278259e+02, 4.27253998e+02,
       7.51082480e-01, 1.11591101e+03, 4.36025726e+02, 5.50125360e-01,
       1.11006567e+03, 4.83303070e+02, 5.59494317e-01, 1.32788770e+03,
       5.06810974e+02, 6.94940329e-01, 1.61349524e+03, 5.30439880e+02,
       7.06851661e-01, 1.11595276e+03, 3.74323853e+02, 5.08747518e-01,
       1.35434070e+03, 3.47778992e+02, 3.98905963e-01, 1.52214197e+03,
       3.15310028e+02, 4.36208963e-01, 6.80381226e+02, 3.94899384e+02,
       8.26779783e-01, 6.92205933e+02, 3.62417908e+02, 8.94466341e-01,
       6.92149719e+02, 4.33147949e+02, 7.57329404e-01, 7.15627747e+02,
       3.42043488e+02, 2.48258933e-01, 1.62815039e+03, 2.94888123e+02,
       2.41215259e-01, 1.62515576e+03, 2.91828125e+02, 2.49326944e-01,
       1.54278479e+03, 2.94883087e+02, 2.13739440e-01, 1.72808447e+03,
       5.33268372e+02, 3.44538510e-01, 1.70765796e+03, 5.50895020e+02,
       3.68558258e-01, 1.63695862e+03, 5.24421082e+02, 3.95364046e-01 ]
