%YAML:1.0
---
pose_0: !!opencv-matrix
   rows: 1
   cols: 25
   dt: "3f"
   data: [ 0., 0., 0., 6.98070557e+02, 5.18489624e+02, 1.62987471e-01,
       6.95191589e+02, 6.59773499e+02, 1.30556256e-01, 7.89247009e+02,
       8.45189087e+02, 5.77080190e-01, 7.65654114e+02, 1.02473132e+03,
       4.00769264e-01, 7.18659790e+02, 4.36075897e+02, 4.63298678e-01,
       7.65680237e+02, 4.94946960e+02, 5.45112014e-01, 6.21457214e+02,
       6.53950500e+02, 6.30771935e-01, 1.07476941e+03, 5.18505981e+02,
       2.08782300e-01, 1.09243689e+03, 5.89173096e+02, 2.35939965e-01,
       1.37206836e+03, 5.74470276e+02, 1.80613980e-01, 1.71643542e+03,
       6.00816406e+02, 3.06910753e-01, 1.06006946e+03, 4.59619202e+02,
       2.84933388e-01, 1.18959277e+03, 3.89037262e+02, 1.68700397e-01,
       1.42500452e+03, 2.94891602e+02, 1.65688857e-01, 0., 0., 0.,
       5.86215942e+02, 5.33257080e+02, 7.29306638e-02, 0., 0., 0.,
       6.03840576e+02, 4.80253510e+02, 7.73518085e-02, 1.58990210e+03,
       2.06502457e+02, 9.79935899e-02, 1.58984204e+03, 2.09488159e+02,
       8.93843099e-02, 1.56634460e+03, 2.44776398e+02, 9.63773727e-02,
       1.83122632e+03, 5.86181213e+02, 9.83822718e-02, 1.82241602e+03,
       5.98010315e+02, 6.15998134e-02, 1.72226465e+03, 5.92087158e+02,
       1.10677652e-01 ]
