%YAML:1.0
---
pose_0: !!opencv-matrix
   rows: 1
   cols: 25
   dt: "3f"
   data: [ 7.53944946e+02, 5.33285767e+02, 8.35530639e-01,
       8.59956787e+02, 5.53814575e+02, 7.74318337e-01, 8.57094238e+02,
       6.36236572e+02, 6.25775814e-01, 1.00129889e+03, 6.89238525e+02,
       6.97132170e-01, 1.11303186e+03, 7.30479187e+02, 8.03425550e-01,
       8.62826111e+02, 4.83285461e+02, 5.81576645e-01, 9.33540894e+02,
       4.80169922e+02, 9.39842761e-02, 0., 0., 0., 1.13069128e+03,
       5.33280884e+02, 5.46766579e-01, 1.13067590e+03, 5.83265259e+02,
       5.68050504e-01, 1.32785059e+03, 6.24428040e+02, 7.78578043e-01,
       1.55748035e+03, 6.74525208e+02, 6.14084959e-01, 1.12774487e+03,
       4.80284454e+02, 5.61490893e-01, 1.32493213e+03, 4.65567657e+02,
       6.78229570e-01, 1.56627527e+03, 4.62582947e+02, 6.25815451e-01,
       7.39213562e+02, 5.50994629e+02, 8.71846974e-01, 7.42231262e+02,
       5.18495544e+02, 8.60589921e-01, 7.53986877e+02, 5.74553345e+02,
       5.26398182e-01, 7.71610107e+02, 4.97872742e+02, 5.78893363e-01,
       1.64867896e+03, 4.36116669e+02, 1.71701536e-01, 1.63698291e+03,
       4.36066772e+02, 2.20359713e-01, 1.59280518e+03, 4.56736511e+02,
       2.43035227e-01, 1.62805615e+03, 6.62677917e+02, 5.12704611e-01,
       1.61350293e+03, 6.71632813e+02, 4.50538486e-01, 1.58687915e+03,
       6.83349365e+02, 2.82875389e-01 ]
