%YAML:1.0
---
pose_0: !!opencv-matrix
   rows: 2
   cols: 25
   dt: "3f"
   data: [ 7.18666016e+02, 4.44955200e+02, 7.72639453e-01,
       8.15815247e+02, 4.71458954e+02, 7.04471707e-01, 8.06960388e+02,
       5.21404846e+02, 4.49638247e-01, 0., 0., 0., 0., 0., 0.,
       8.30398010e+02, 4.09542175e+02, 7.16814339e-01, 9.54129089e+02,
       3.12380341e+02, 7.76187003e-01, 9.18790833e+02, 3.59478424e+02,
       7.82484591e-01, 1.11009705e+03, 4.94961365e+02, 4.88943815e-01,
       1.10424280e+03, 5.44975159e+02, 5.30472338e-01, 1.33674170e+03,
       5.65584473e+02, 6.52803957e-01, 1.49565698e+03, 5.74531128e+02,
       5.97871661e-01, 1.10423633e+03, 4.36130096e+02, 4.89922196e-01,
       1.32782751e+03, 4.53808472e+02, 7.21481204e-01, 1.52806238e+03,
       4.56732880e+02, 5.74564815e-01, 7.09846191e+02, 4.59554443e+02,
       7.11379647e-01, 7.15622498e+02, 4.33222382e+02, 6.92788303e-01,
       7.21664124e+02, 4.83207123e+02, 5.93187451e-01, 7.39278992e+02,
       4.24320496e+02, 2.79571891e-01, 1.62515405e+03, 4.44926575e+02,
       4.03401703e-01, 1.61930310e+03, 4.39061401e+02, 4.16876286e-01,
       1.55745898e+03, 4.53733337e+02, 2.22558424e-01, 1.49569763e+03,
       6.50989441e+02, 1.40509740e-01, 1.48975977e+03, 6.44958374e+02,
       1.42713591e-01, 1.52808240e+03, 5.71466980e+02, 3.50085378e-01,
       0., 0., 0., 0., 0., 0., 8.56942078e+02, 5.74451294e+02,
       2.69344896e-01, 9.89396851e+02, 6.03828247e+02, 7.02001452e-01,
       1.03651563e+03, 5.77432739e+02, 7.68941283e-01, 0., 0., 0., 0.,
       0., 0., 0., 0., 0., 0., 0., 0., 0., 0., 0., 0., 0., 0., 0., 0.,
       0., 0., 0., 0., 0., 0., 0., 0., 0., 0., 0., 0., 0., 0., 0., 0.,
       0., 0., 0., 0., 0., 0., 0., 0., 0., 0., 0., 0., 0., 0., 0., 0.,
       0., 0., 0., 0., 0., 0., 0., 0. ]
