%YAML:1.0
---
pose_0: !!opencv-matrix
   rows: 1
   cols: 25
   dt: "3f"
   data: [ 7.65827393e+02, 4.30161224e+02, 8.51438582e-01,
       8.59871399e+02, 4.09556976e+02, 7.71300852e-01, 8.57026306e+02,
       4.56589874e+02, 6.31288230e-01, 9.30491089e+02, 5.21480896e+02,
       8.16489220e-01, 8.15879700e+02, 4.86156952e+02, 8.26624870e-01,
       8.62930237e+02, 3.56619904e+02, 5.75959444e-01, 9.54071350e+02,
       3.09542877e+02, 7.86401689e-01, 7.98172302e+02, 3.62637634e+02,
       5.68236947e-01, 1.13072534e+03, 4.53723999e+02, 5.81602275e-01,
       1.12192761e+03, 4.97861938e+02, 6.06965661e-01, 1.32795203e+03,
       5.03753845e+02, 7.24273682e-01, 1.53982788e+03, 5.18494690e+02,
       5.70571780e-01, 1.13655298e+03, 4.00730255e+02, 5.83325446e-01,
       1.33670679e+03, 4.12471985e+02, 6.65808201e-01, 1.56638818e+03,
       4.27288086e+02, 5.86249232e-01, 7.56925110e+02, 4.36157227e+02,
       8.06414962e-01, 7.59863464e+02, 4.09647095e+02, 8.28422248e-01,
       7.74557312e+02, 4.56624573e+02, 1.85211062e-01, 7.71673645e+02,
       3.85905273e+02, 6.29469395e-01, 1.63394312e+03, 3.91939697e+02,
       4.36318845e-01, 1.62809424e+03, 3.89091217e+02, 4.75711942e-01,
       1.58687073e+03, 4.41957581e+02, 3.68454099e-01, 1.61638928e+03,
       5.06704895e+02, 3.25773239e-01, 1.60454834e+03, 5.24385620e+02,
       2.67168492e-01, 1.56925916e+03, 5.06689941e+02, 3.36713850e-01 ]
