%YAML:1.0
---
pose_0: !!opencv-matrix
   rows: 2
   cols: 25
   dt: "3f"
   data: [ 7.36225830e+02, 3.89042023e+02, 7.95205534e-01,
       8.09871155e+02, 3.38911377e+02, 5.01932502e-01, 7.95143127e+02,
       3.62529327e+02, 2.81047016e-01, 8.27547241e+02, 4.33162292e+02,
       1.71008751e-01, 8.59843933e+02, 5.12622070e+02, 3.10714364e-01,
       8.15738403e+02, 3.15537079e+02, 7.02969849e-01, 9.12879761e+02,
       4.21346161e+02, 6.29843771e-01, 9.54112488e+02, 5.74343506e+02,
       6.95360720e-01, 1.15133374e+03, 3.56613251e+02, 4.86335069e-01,
       1.15129590e+03, 4.06657471e+02, 5.19326210e-01, 1.33386694e+03,
       5.06644470e+02, 7.99077272e-01, 1.56638098e+03, 5.59709229e+02,
       6.66070938e-01, 1.15428455e+03, 2.94900238e+02, 4.51279521e-01,
       1.36617017e+03, 2.65441437e+02, 5.13298452e-01, 1.53983325e+03,
       1.74154083e+02, 2.97952324e-01, 7.15791809e+02, 3.94873169e+02,
       6.50471509e-01, 7.21632263e+02, 3.68475342e+02, 7.43057191e-01,
       0., 0., 0., 7.39311401e+02, 3.36028259e+02, 6.11574888e-01,
       1.60749121e+03, 1.32911484e+02, 1.85012743e-01, 1.59866675e+03,
       1.30042084e+02, 1.84940740e-01, 0., 0., 0., 1.59279077e+03,
       6.50927002e+02, 4.17673856e-01, 1.58694629e+03, 6.45050049e+02,
       3.73378217e-01, 1.59871106e+03, 5.47917908e+02, 4.60284621e-01,
       0., 0., 0., 0., 0., 0., 9.04006958e+02, 3.65423859e+02,
       1.13317609e-01, 9.98218567e+02, 4.33258026e+02, 6.52822912e-01,
       1.11303394e+03, 5.06853821e+02, 7.84200430e-01, 0., 0., 0., 0.,
       0., 0., 0., 0., 0., 0., 0., 0., 0., 0., 0., 0., 0., 0., 0., 0.,
       0., 0., 0., 0., 0., 0., 0., 0., 0., 0., 0., 0., 0., 0., 0., 0.,
       0., 0., 0., 0., 0., 0., 0., 0., 0., 0., 0., 0., 0., 0., 0., 0.,
       0., 0., 0., 0., 0., 0., 0., 0. ]
