%YAML:1.0
---
pose_0: !!opencv-matrix
   rows: 1
   cols: 25
   dt: "3f"
   data: [ 7.65843811e+02, 4.36028107e+02, 8.77826273e-01,
       8.57044556e+02, 4.09472382e+02, 7.49585629e-01, 8.39380981e+02,
       4.59698273e+02, 6.18981361e-01, 9.09931091e+02, 5.03700165e+02,
       3.25869888e-01, 9.54090271e+02, 4.97849945e+02, 2.61018902e-01,
       8.74665344e+02, 3.56571350e+02, 6.25014424e-01, 9.86438904e+02,
       2.77122803e+02, 7.39529669e-01, 9.83527283e+02, 4.12627380e+02,
       7.64795899e-01, 1.11303125e+03, 4.12648590e+02, 3.84633005e-01,
       1.11600500e+03, 4.56735077e+02, 3.17746282e-01, 1.33971045e+03,
       5.50727417e+02, 7.58475840e-01, 1.54268494e+03, 5.27350281e+02,
       7.11917400e-01, 1.11596594e+03, 3.62538757e+02, 3.41537356e-01,
       1.38097632e+03, 3.62404297e+02, 7.27303505e-01, 1.53983325e+03,
       1.97608963e+02, 5.04452705e-01, 7.53978088e+02, 4.42049744e+02,
       7.70765007e-01, 7.59893616e+02, 4.15440216e+02, 8.25641751e-01,
       7.65743103e+02, 4.59587280e+02, 8.89193788e-02, 7.80495544e+02,
       3.86013641e+02, 6.54464424e-01, 0., 0., 0., 0., 0., 0., 0., 0.,
       0., 1.56929370e+03, 5.95002075e+02, 3.29211414e-01,
       1.56927100e+03, 5.89108032e+02, 3.00543845e-01, 1.56340820e+03,
       5.06842163e+02, 5.45556962e-01 ]
