%YAML:1.0
---
pose_0: !!opencv-matrix
   rows: 1
   cols: 25
   dt: "3f"
   data: [ 8.09812378e+02, 3.86100922e+02, 3.90073180e-01,
       8.83472900e+02, 4.36181122e+02, 6.47909164e-01, 8.83448120e+02,
       4.89076294e+02, 7.03630745e-01, 1.00127008e+03, 5.03774902e+02,
       7.05586672e-01, 9.74815735e+02, 3.65437958e+02, 8.25450063e-01,
       8.77528015e+02, 3.89089417e+02, 4.17361349e-01, 1.07486218e+03,
       3.09486267e+02, 4.38432753e-01, 1.16293823e+03, 2.36006134e+02,
       5.93894899e-01, 1.17489111e+03, 3.89060974e+02, 4.63743746e-01,
       1.17488647e+03, 4.50802765e+02, 4.85214859e-01, 1.37498987e+03,
       5.06780121e+02, 7.29220986e-01, 1.51923560e+03, 6.59763550e+02,
       5.84016800e-01, 1.16904749e+03, 3.36030121e+02, 5.45928717e-01,
       1.32793616e+03, 2.74174774e+02, 3.43239188e-01, 1.55747192e+03,
       2.50707275e+02, 2.81450152e-01, 7.92280090e+02, 3.92055939e+02,
       2.82633036e-01, 7.98148193e+02, 3.77248779e+02, 8.12933519e-02,
       8.12778442e+02, 4.30163361e+02, 4.09182906e-01, 0., 0., 0.,
       1.65744189e+03, 2.12446884e+02, 2.01211914e-01, 1.65743726e+03,
       2.06595108e+02, 1.90655932e-01, 1.58694006e+03, 2.68282135e+02,
       1.83581501e-01, 1.61346631e+03, 6.83275452e+02, 5.90803146e-01,
       1.59282507e+03, 6.92253662e+02, 5.66497564e-01, 1.51928931e+03,
       6.77500305e+02, 4.00262088e-01 ]
