%YAML:1.0
---
pose_0: !!opencv-matrix
   rows: 1
   cols: 25
   dt: "3f"
   data: [ 8.09953857e+02, 4.09550079e+02, 8.07020545e-01,
       9.01108887e+02, 4.65593567e+02, 6.22090518e-01, 8.86412842e+02,
       5.33254211e+02, 6.68167591e-01, 1.00411676e+03, 6.24595459e+02,
       8.02130938e-01, 1.00126514e+03, 4.80249512e+02, 8.31854582e-01,
       9.04166504e+02, 4.09646912e+02, 4.34651673e-01, 9.77677795e+02,
       3.91943237e+02, 5.64393476e-02, 0., 0., 0., 1.16608887e+03,
       4.15498505e+02, 4.79513526e-01, 1.16604749e+03, 4.71384460e+02,
       5.16517520e-01, 1.38092297e+03, 5.45035950e+02, 7.46304095e-01,
       1.53988879e+03, 6.86220337e+02, 6.41904354e-01, 1.16008850e+03,
       3.62430389e+02, 5.24329245e-01, 1.35436365e+03, 2.91912781e+02,
       4.55903471e-01, 1.55162512e+03, 2.94865601e+02, 4.64952856e-01,
       7.89353271e+02, 4.27279694e+02, 8.27524185e-01, 7.89294067e+02,
       4.00778931e+02, 5.36071956e-01, 8.09770752e+02, 4.65574432e+02,
       6.88344359e-01, 0., 0., 0., 1.64869446e+03, 2.68383789e+02,
       2.89174259e-01, 1.64286475e+03, 2.68325073e+02, 3.06562483e-01,
       1.58688538e+03, 2.97825409e+02, 2.47908860e-01, 1.61336890e+03,
       7.01018982e+02, 6.27790809e-01, 1.59287256e+03, 7.15666077e+02,
       5.93596816e-01, 1.54570386e+03, 7.03909668e+02, 3.49823833e-01 ]
