%YAML:1.0
---
pose_0: !!opencv-matrix
   rows: 1
   cols: 25
   dt: "3f"
   data: [ 0., 0., 0., 6.74492798e+02, 5.97941895e+02, 3.46306652e-01,
       6.95121094e+02, 6.74524780e+02, 5.59655204e-02, 0., 0., 0., 0.,
       0., 0., 6.56821594e+02, 4.86143158e+02, 4.61290359e-01,
       8.62929443e+02, 3.80170471e+02, 4.88413513e-01, 1.06596155e+03,
       2.83045685e+02, 6.00167751e-01, 1.10423254e+03, 7.30417480e+02,
       3.51532787e-01, 1.08655469e+03, 7.98116882e+02, 3.27113211e-01,
       1.28375000e+03, 8.80465698e+02, 6.50566295e-02, 0., 0., 0.,
       1.12774414e+03, 6.56855713e+02, 3.44681174e-01, 1.43096118e+03,
       7.68721130e+02, 5.73647439e-01, 1.79294092e+03, 7.27511719e+02,
       3.86034101e-01, 0., 0., 0., 0., 0., 0., 0., 0., 0.,
       5.03759094e+02, 6.62707886e+02, 1.33400515e-01, 1.86356836e+03,
       6.68652222e+02, 2.08887786e-01, 1.86065332e+03, 6.68672302e+02,
       2.13403851e-01, 1.81355627e+03, 7.45143738e+02, 1.89369053e-01,
       0., 0., 0., 0., 0., 0., 0., 0., 0. ]
