%YAML:1.0
---
pose_0: !!opencv-matrix
   rows: 1
   cols: 25
   dt: "3f"
   data: [ 7.45118713e+02, 5.30443542e+02, 8.09713721e-01,
       8.36320435e+02, 4.68495422e+02, 4.70658779e-01, 8.24572510e+02,
       4.83144531e+02, 3.01865697e-01, 9.24694519e+02, 5.53815552e+02,
       7.82335103e-02, 8.92307129e+02, 5.95010437e+02, 3.74021083e-01,
       8.39417480e+02, 4.56808319e+02, 7.40672708e-01, 9.89387939e+02,
       5.06729034e+02, 8.47713590e-01, 8.56961121e+02, 5.65571899e+02,
       7.96555638e-01, 1.10128284e+03, 4.59661072e+02, 3.03547949e-01,
       1.11011694e+03, 4.30217377e+02, 1.98226929e-01, 1.35431763e+03,
       5.12638489e+02, 4.13003951e-01, 1.60164844e+03, 4.33097107e+02,
       2.35411555e-01, 1.09242358e+03, 4.83203613e+02, 2.55241215e-01,
       1.35151489e+03, 5.50857910e+02, 5.65109015e-01, 1.61344885e+03,
       4.27274445e+02, 3.55277508e-01, 0., 0., 0., 7.36364502e+02,
       5.18447144e+02, 7.69927263e-01, 0., 0., 0., 7.59852844e+02,
       4.68523468e+02, 6.73220873e-01, 1.67228540e+03, 3.80186035e+02,
       2.18301639e-01, 1.67815674e+03, 3.83083038e+02, 1.93186432e-01,
       1.66342310e+03, 4.77214813e+02, 1.17552921e-01, 0., 0., 0., 0.,
       0., 0., 1.67520044e+03, 4.53709503e+02, 5.16833067e-02 ]
