%YAML:1.0
---
pose_0: !!opencv-matrix
   rows: 1
   cols: 25
   dt: "3f"
   data: [ 7.51012329e+02, 4.15556488e+02, 8.41878295e-01,
       8.74604980e+02, 4.39139343e+02, 6.89211488e-01, 8.77623657e+02,
       5.21457703e+02, 7.36146808e-01, 9.98114929e+02, 5.74479736e+02,
       8.76693249e-01, 1.07187305e+03, 6.42034546e+02, 8.74530256e-01,
       8.68732666e+02, 3.65592560e+02, 6.26975358e-01, 1.01885333e+03,
       3.21363312e+02, 7.73963690e-01, 1.10721167e+03, 2.65308014e+02,
       8.01203370e-01, 1.13074805e+03, 4.39001495e+02, 5.64661920e-01,
       1.12775635e+03, 4.86127258e+02, 5.58542252e-01, 1.35143420e+03,
       5.06703064e+02, 8.14840913e-01, 1.53985645e+03, 5.83297363e+02,
       5.88330448e-01, 1.13364368e+03, 3.88958984e+02, 5.76514363e-01,
       1.33968091e+03, 3.42042999e+02, 5.79875767e-01, 1.55747534e+03,
       3.12444611e+02, 4.96756852e-01, 7.39139709e+02, 4.36063263e+02,
       8.41871500e-01, 7.39377563e+02, 4.06577911e+02, 8.75086129e-01,
       7.59834045e+02, 4.62648163e+02, 4.70670879e-01, 7.62923645e+02,
       3.85956268e+02, 5.23151994e-01, 1.63988464e+03, 2.68322693e+02,
       5.35434484e-01, 1.63690869e+03, 2.68263275e+02, 5.14902771e-01,
       1.57515344e+03, 3.12491028e+02, 2.36800238e-01, 1.61350854e+03,
       5.89158569e+02, 5.59071064e-01, 1.60748621e+03, 6.00874390e+02,
       5.18912792e-01, 1.56635815e+03, 5.92092529e+02, 2.65953183e-01 ]
