%YAML:1.0
---
pose_0: !!opencv-matrix
   rows: 2
   cols: 25
   dt: "3f"
   data: [ 8.04041748e+02, 5.30204773e+02, 2.55406529e-01,
       8.77533325e+02, 5.12600220e+02, 2.54681110e-01, 8.92308533e+02,
       5.74383545e+02, 1.18212186e-01, 8.80557861e+02, 5.65598083e+02,
       1.03535436e-01, 8.83492310e+02, 4.33188965e+02, 5.50916553e-01,
       0., 0., 0., 0., 0., 0., 0., 0., 0., 1.12185608e+03,
       5.30282227e+02, 5.39570570e-01, 1.12480774e+03, 5.74541687e+02,
       5.42965412e-01, 1.32790552e+03, 6.21358032e+02, 7.32554793e-01,
       1.51635803e+03, 6.36258850e+02, 5.76114476e-01, 1.11903638e+03,
       4.83125031e+02, 5.45387030e-01, 1.34851331e+03, 4.59764465e+02,
       6.58885241e-01, 1.53988147e+03, 4.39127747e+02, 6.27348363e-01,
       8.04005920e+02, 5.27342957e+02, 2.05316827e-01, 8.09821716e+02,
       5.27240234e+02, 1.86337203e-01, 8.04032959e+02, 5.27379578e+02,
       6.80191442e-02, 0., 0., 0., 1.61331921e+03, 4.27263733e+02,
       5.23692608e-01, 1.61036694e+03, 4.21376801e+02, 5.49277604e-01,
       1.56630518e+03, 4.42014008e+02, 2.46701017e-01, 1.56630188e+03,
       6.86281494e+02, 3.63436222e-01, 1.56925427e+03, 6.77497559e+02,
       3.47129196e-01, 1.55159619e+03, 6.21504211e+02, 3.81713688e-01,
       0., 0., 0., 0., 0., 0., 0., 0., 0., 0., 0., 0., 0., 0., 0.,
       7.59849365e+02, 5.06751556e+02, 1.50017083e-01, 6.77434814e+02,
       5.53845886e+02, 2.36357704e-01, 6.24523254e+02, 5.92112183e+02,
       2.13277772e-01, 0., 0., 0., 0., 0., 0., 0., 0., 0., 0., 0., 0.,
       0., 0., 0., 0., 0., 0., 0., 0., 0., 0., 0., 0., 0., 0., 0., 0.,
       0., 0., 0., 0., 0., 0., 0., 0., 0., 0., 0., 0., 0., 0., 0., 0.,
       0., 0., 0., 0., 0., 0., 0. ]
