%YAML:1.0
---
pose_0: !!opencv-matrix
   rows: 1
   cols: 25
   dt: "3f"
   data: [ 6.42063660e+02, 4.56698364e+02, 8.78797948e-01,
       7.68788025e+02, 4.83220917e+02, 6.96047664e-01, 7.65813171e+02,
       5.65629089e+02, 6.72295809e-01, 9.04006592e+02, 6.48017639e+02,
       7.20619619e-01, 1.01592914e+03, 6.39112915e+02, 4.23702508e-01,
       7.62746521e+02, 4.09585968e+02, 6.75584793e-01, 9.54072266e+02,
       3.86088623e+02, 8.55004013e-01, 8.12759705e+02, 3.85951660e+02,
       8.38104486e-01, 1.07774939e+03, 4.86147461e+02, 5.14655232e-01,
       1.07481018e+03, 5.36165588e+02, 5.34968853e-01, 1.31317688e+03,
       5.33340515e+02, 6.11611843e-01, 1.61639209e+03, 5.56879700e+02,
       5.31049967e-01, 1.07771863e+03, 4.33087463e+02, 4.81558800e-01,
       1.34264612e+03, 4.15525177e+02, 4.90888089e-01, 1.58100159e+03,
       4.33224213e+02, 4.72348541e-01, 6.24369019e+02, 4.68542908e+02,
       8.05891991e-01, 6.27359802e+02, 4.36037811e+02, 8.54095638e-01,
       6.42091736e+02, 4.94974915e+02, 5.50157487e-01, 6.50981628e+02,
       4.12510529e+02, 6.34831011e-01, 1.63704749e+03, 4.09528290e+02,
       4.81067568e-01, 1.63410181e+03, 4.06702850e+02, 5.23123562e-01,
       1.63099268e+03, 4.47852509e+02, 2.99794704e-01, 1.72809058e+03,
       5.33257507e+02, 3.92556399e-01, 1.72520422e+03, 5.50811035e+02,
       3.18924576e-01, 1.71346228e+03, 5.86184814e+02, 1.59282580e-01 ]
