%YAML:1.0
---
pose_0: !!opencv-matrix
   rows: 1
   cols: 25
   dt: "3f"
   data: [ 7.01026245e+02, 3.03695618e+02, 7.23928690e-01,
       8.15849548e+02, 2.91913849e+02, 7.04231977e-01, 8.09857666e+02,
       3.62574585e+02, 7.46768296e-01, 8.09880676e+02, 4.97947723e+02,
       6.36346519e-01, 8.03979797e+02, 6.33337219e+02, 6.87204182e-01,
       8.18730164e+02, 2.24277161e+02, 4.11081910e-01, 9.48224792e+02,
       1.53463013e+02, 6.80553675e-01, 1.09828821e+03, 1.06605118e+02,
       8.50063682e-01, 1.07475830e+03, 2.97837128e+02, 5.78950167e-01,
       1.06884570e+03, 3.47787384e+02, 5.77369273e-01, 1.29847522e+03,
       4.09523254e+02, 6.09517336e-01, 1.46624622e+03, 4.59712891e+02,
       3.09130639e-01, 1.08068066e+03, 2.47644379e+02, 5.44239879e-01,
       1.28379297e+03, 1.97666855e+02, 3.25810641e-01, 1.43089929e+03,
       1.56567993e+02, 1.23421527e-01, 6.92095825e+02, 3.15325317e+02,
       7.46950209e-01, 6.92264893e+02, 2.88919281e+02, 7.66183853e-01,
       7.12777771e+02, 3.24286804e+02, 1.81484744e-01, 7.15593872e+02,
       2.56611481e+02, 5.72759330e-01, 0., 0., 0., 0., 0., 0.,
       1.45448132e+03, 1.53545975e+02, 6.05117865e-02, 0., 0., 0., 0.,
       0., 0., 1.48980554e+03, 4.65526886e+02, 2.19508126e-01 ]
