%YAML:1.0
---
pose_0: !!opencv-matrix
   rows: 1
   cols: 25
   dt: "3f"
   data: [ 6.18541260e+02, 5.06607544e+02, 8.98913741e-01,
       7.62741272e+02, 5.36221985e+02, 6.56627297e-01, 7.62686340e+02,
       6.27505005e+02, 6.67259753e-01, 9.04129822e+02, 6.95095215e+02,
       7.82127261e-01, 9.86548523e+02, 6.92040894e+02, 8.15430522e-01,
       7.62827454e+02, 4.53785034e+02, 4.52250361e-01, 9.21687195e+02,
       3.62608826e+02, 8.61383438e-01, 8.09833801e+02, 3.86084961e+02,
       8.86875689e-01, 1.06880640e+03, 5.33233765e+02, 5.65117717e-01,
       1.06008691e+03, 5.86185364e+02, 5.63716650e-01, 1.27783801e+03,
       5.97963684e+02, 3.48169535e-01, 1.57808691e+03, 5.95040955e+02,
       2.53265023e-01, 1.06589941e+03, 4.74358795e+02, 5.56197405e-01,
       1.26320251e+03, 4.86087585e+02, 5.49636602e-01, 1.54279321e+03,
       4.86215240e+02, 2.56233424e-01, 6.00871460e+02, 5.24377747e+02,
       8.45478654e-01, 6.03964478e+02, 4.83340790e+02, 8.41234803e-01,
       6.21474304e+02, 5.53735962e+02, 5.94666243e-01, 6.30389404e+02,
       4.65579926e+02, 5.48840642e-01, 1.69283606e+03, 6.03878540e+02,
       1.00677937e-01, 0., 0., 0., 1.58689319e+03, 4.92037323e+02,
       1.62851542e-01, 0., 0., 0., 0., 0., 0., 1.68108093e+03,
       6.00914917e+02, 1.32992491e-01 ]
