%YAML:1.0
---
pose_0: !!opencv-matrix
   rows: 1
   cols: 25
   dt: "3f"
   data: [ 7.42182556e+02, 5.18538879e+02, 1.24536827e-01,
       7.86392212e+02, 4.36172943e+02, 3.02685678e-01, 7.95156128e+02,
       4.15517914e+02, 1.85544625e-01, 9.18762939e+02, 3.89031250e+02,
       3.05699319e-01, 1.03069666e+03, 4.47902405e+02, 5.43588579e-01,
       7.77518250e+02, 4.36048737e+02, 2.43409157e-01, 9.12885193e+02,
       3.89138153e+02, 3.58854353e-01, 1.04245911e+03, 4.56565765e+02,
       4.72824186e-01, 1.11602100e+03, 4.62561157e+02, 5.27860224e-01,
       1.10423730e+03, 5.06836670e+02, 5.32202899e-01, 1.30727222e+03,
       5.92018127e+02, 7.44238615e-01, 1.54278906e+03, 5.56807312e+02,
       4.64716971e-01, 1.12485535e+03, 4.12610596e+02, 4.52650309e-01,
       1.35140942e+03, 4.36222443e+02, 6.69025660e-01, 1.58980969e+03,
       4.27264282e+02, 6.11334145e-01, 0., 0., 0., 0., 0., 0., 0., 0.,
       0., 7.36329834e+02, 4.80210022e+02, 1.63250446e-01,
       1.65462048e+03, 3.86118591e+02, 4.47151721e-01, 1.65162048e+03,
       3.86149658e+02, 4.79109555e-01, 1.60751099e+03, 4.18475983e+02,
       2.20825970e-01, 1.64283167e+03, 6.06778320e+02, 1.26232266e-01,
       1.63688635e+03, 6.03852661e+02, 1.30673215e-01, 1.59278149e+03,
       5.47951111e+02, 2.73282856e-01 ]
