%YAML:1.0
---
pose_0: !!opencv-matrix
   rows: 1
   cols: 25
   dt: "3f"
   data: [ 0., 0., 0., 9.45278870e+02, 4.00804962e+02, 2.21278250e-01,
       1.01005841e+03, 4.50794769e+02, 1.86984360e-01, 1.10716675e+03,
       5.09744720e+02, 4.48084146e-01, 1.17482251e+03, 6.00939148e+02,
       5.27838171e-01, 8.83584473e+02, 4.06690399e+02, 3.74678552e-01,
       8.30507568e+02, 4.95002502e+02, 4.26801920e-01, 7.39207886e+02,
       5.71419006e+02, 5.87518215e-01, 1.20722449e+03, 4.27277863e+02,
       4.60493803e-01, 1.20429541e+03, 4.80123749e+02, 5.08952200e-01,
       1.36616833e+03, 6.06787659e+02, 7.18385458e-01, 1.54567273e+03,
       5.83233765e+02, 6.71469688e-01, 1.21015649e+03, 3.68460510e+02,
       3.86431545e-01, 1.40444373e+03, 3.21350464e+02, 4.41716939e-01,
       1.58689014e+03, 1.50628052e+02, 3.01087499e-01, 0., 0., 0., 0.,
       0., 0., 0., 0., 0., 8.59869568e+02, 3.89009918e+02,
       9.32747349e-02, 1.64571484e+03, 1.77045486e+02, 5.69672659e-02,
       0., 0., 0., 0., 0., 0., 1.58993738e+03, 6.68579651e+02,
       6.30866528e-01, 1.58689941e+03, 6.62739929e+02, 5.15338480e-01,
       1.56639563e+03, 5.65563232e+02, 5.72417378e-01 ]
