%YAML:1.0
---
pose_0: !!opencv-matrix
   rows: 1
   cols: 25
   dt: "3f"
   data: [ 6.71543457e+02, 5.03664063e+02, 8.71960044e-01,
       8.09815063e+02, 5.33214355e+02, 7.25741744e-01, 7.86348022e+02,
       6.00958923e+02, 7.82075524e-01, 9.07049561e+02, 6.68525391e+02,
       8.52064133e-01, 9.77643372e+02, 6.12669800e+02, 7.73679793e-01,
       8.39317566e+02, 4.62648773e+02, 4.69761491e-01, 9.98274475e+02,
       4.56742401e+02, 3.77333701e-01, 1.11899121e+03, 4.44897491e+02,
       6.12537205e-01, 1.07484021e+03, 5.71409607e+02, 5.50605595e-01,
       1.06888245e+03, 6.21532349e+02, 5.20669580e-01, 1.30427417e+03,
       6.01036743e+02, 6.77312613e-01, 1.53974756e+03, 6.65638184e+02,
       5.64219356e-01, 1.09239612e+03, 5.12583984e+02, 5.59622705e-01,
       1.33384973e+03, 5.24294312e+02, 6.32969081e-01, 1.53688538e+03,
       5.77418823e+02, 5.99473536e-01, 6.62687378e+02, 5.21452637e+02,
       7.29152858e-01, 6.65618286e+02, 4.86130402e+02, 7.93398082e-01,
       6.77492371e+02, 5.53817932e+02, 6.42962337e-01, 6.92225403e+02,
       4.77290619e+02, 3.18261176e-01, 1.61636829e+03, 5.21399231e+02,
       5.13500392e-01, 1.61046448e+03, 5.18553345e+02, 5.01389384e-01,
       1.54866956e+03, 5.98030701e+02, 4.38695312e-01, 1.64575256e+03,
       6.45015015e+02, 5.78624010e-01, 1.63688745e+03, 6.51038025e+02,
       4.56254244e-01, 1.55453931e+03, 6.68642212e+02, 3.05829912e-01 ]
