%YAML:1.0
---
pose_0: !!opencv-matrix
   rows: 1
   cols: 25
   dt: "3f"
   data: [ 7.62696594e+02, 3.65454193e+02, 8.94820929e-01,
       8.65833984e+02, 3.89133881e+02, 7.14670002e-01, 8.68758789e+02,
       4.80135620e+02, 6.96142793e-01, 9.89390076e+02, 5.03738617e+02,
       6.40666604e-01, 1.04520593e+03, 5.06650177e+02, 8.45673919e-01,
       8.68738892e+02, 3.18437592e+02, 6.42934740e-01, 1.02189355e+03,
       2.47799179e+02, 8.36142123e-01, 1.15715283e+03, 1.77197128e+02,
       8.08736444e-01, 1.13946179e+03, 3.65425568e+02, 5.65797031e-01,
       1.13948059e+03, 4.12616608e+02, 6.07986093e-01, 1.34259875e+03,
       4.56827118e+02, 7.84765720e-01, 1.54283960e+03, 5.33213684e+02,
       6.62604630e-01, 1.13653528e+03, 3.15321167e+02, 5.49174607e-01,
       1.33674609e+03, 2.91951385e+02, 7.02584147e-01, 1.56638416e+03,
       2.80120728e+02, 6.07489824e-01, 7.45148865e+02, 3.83098480e+02,
       8.21801543e-01, 7.48058411e+02, 3.44958771e+02, 8.06983173e-01,
       7.62787292e+02, 4.09587494e+02, 6.75231576e-01, 7.68672546e+02,
       3.30131805e+02, 5.34418225e-01, 1.63699170e+03, 2.65309906e+02,
       5.15468299e-01, 1.63395300e+03, 2.56607239e+02, 5.53833306e-01,
       1.59281421e+03, 2.80100433e+02, 2.37847611e-01, 1.61926428e+03,
       5.45001221e+02, 2.92142957e-01, 0., 0., 0., 1.57515161e+03,
       5.33223328e+02, 3.60507578e-01 ]
