%YAML:1.0
---
pose_0: !!opencv-matrix
   rows: 1
   cols: 25
   dt: "3f"
   data: [ 7.24571350e+02, 5.68544922e+02, 8.31354186e-02,
       8.12896423e+02, 5.27265320e+02, 4.66668874e-01, 8.12776917e+02,
       5.21455811e+02, 2.96475500e-01, 9.74748047e+02, 5.45026611e+02,
       6.36418089e-02, 0., 0., 0., 8.15842407e+02, 5.42058960e+02,
       5.38318157e-01, 9.74753845e+02, 5.47840027e+02, 6.65040016e-01,
       1.14838379e+03, 5.18503845e+02, 4.42123175e-01, 1.19837842e+03,
       5.80351074e+02, 2.13726580e-01, 1.21010291e+03, 5.97921997e+02,
       2.40011826e-01, 1.38972583e+03, 4.89112488e+02, 6.15066826e-01,
       1.65751050e+03, 7.24502319e+02, 5.28074622e-01, 1.18370874e+03,
       5.50904114e+02, 1.70504034e-01, 1.38085327e+03, 4.62583221e+02,
       4.76622939e-01, 1.63099829e+03, 6.65629517e+02, 1.31688327e-01,
       0., 0., 0., 7.15754211e+02, 5.50897583e+02, 8.14889744e-02,
       7.56909485e+02, 4.80190582e+02, 7.54302144e-02, 7.36280151e+02,
       5.30263672e+02, 1.90543741e-01, 1.70470691e+03, 6.39158447e+02,
       2.12127477e-01, 1.70167065e+03, 6.36210571e+02, 1.95595995e-01,
       0., 0., 0., 1.70766174e+03, 7.24533569e+02, 2.20917419e-01,
       1.69874695e+03, 7.39356995e+02, 2.36693412e-01, 1.66343713e+03,
       7.45231323e+02, 3.37488353e-01 ]
