%YAML:1.0
---
pose_0: !!opencv-matrix
   rows: 1
   cols: 25
   dt: "3f"
   data: [ 7.53989136e+02, 5.42006104e+02, 7.77864575e-01,
       8.12945374e+02, 4.94949951e+02, 6.14691496e-01, 8.06976929e+02,
       5.39097900e+02, 3.44252884e-01, 0., 0., 0., 0., 0., 0.,
       8.33449829e+02, 4.39102539e+02, 6.43866301e-01, 9.68873291e+02,
       4.36179871e+02, 8.17478538e-01, 1.07196973e+03, 4.62606842e+02,
       8.35878789e-01, 1.10419775e+03, 5.39107361e+02, 3.35411757e-01,
       1.11009082e+03, 5.09730652e+02, 3.39302450e-01, 1.35139941e+03,
       4.80119751e+02, 4.57051277e-01, 1.54866138e+03, 4.50804108e+02,
       3.95275027e-01, 1.10128662e+03, 5.89159607e+02, 3.21557850e-01,
       1.31904712e+03, 6.21551392e+02, 5.28552890e-01, 1.53691882e+03,
       6.71599060e+02, 3.41940463e-01, 7.39268738e+02, 5.47920105e+02,
       7.74274528e-01, 7.45091248e+02, 5.24434326e+02, 7.95216918e-01,
       0., 0., 0., 7.53954407e+02, 4.83169495e+02, 6.19735003e-01,
       1.61343848e+03, 6.68612610e+02, 7.72053599e-02, 0., 0., 0.,
       1.53980469e+03, 6.95156067e+02, 1.09567299e-01, 0., 0., 0., 0.,
       0., 0., 1.56922949e+03, 4.36073120e+02, 1.78317294e-01 ]
