%YAML:1.0
---
pose_0: !!opencv-matrix
   rows: 1
   cols: 25
   dt: "3f"
   data: [ 6.83333862e+02, 4.83273987e+02, 8.57450664e-01,
       8.09800293e+02, 5.30292114e+02, 6.60741508e-01, 8.12866943e+02,
       6.21540955e+02, 5.78589618e-01, 9.65915649e+02, 6.65556091e+02,
       7.27285862e-01, 1.09536096e+03, 6.51005310e+02, 7.93959081e-01,
       8.15740479e+02, 4.53780731e+02, 5.88515759e-01, 9.95324646e+02,
       4.24366089e+02, 7.16932297e-01, 1.12188623e+03, 4.09609039e+02,
       7.87029147e-01, 1.09535107e+03, 5.44999878e+02, 5.84918439e-01,
       1.07776355e+03, 5.97971069e+02, 5.87633491e-01, 1.30445044e+03,
       5.98084473e+02, 7.09186852e-01, 1.56922644e+03, 6.03836792e+02,
       5.55514455e-01, 1.09836230e+03, 4.83189758e+02, 5.65171421e-01,
       1.34847437e+03, 4.77221405e+02, 5.99413812e-01, 1.59867712e+03,
       4.71435120e+02, 5.65073311e-01, 6.68523682e+02, 5.03873840e+02,
       8.78497601e-01, 6.71658936e+02, 4.77202881e+02, 7.63944149e-01,
       6.83382935e+02, 5.39088623e+02, 5.93235672e-01, 7.06887268e+02,
       4.59720764e+02, 2.05582708e-01, 1.71350110e+03, 4.30195984e+02,
       3.33933413e-01, 1.71055261e+03, 4.30183960e+02, 3.30179930e-01,
       1.61348572e+03, 4.83136841e+02, 3.05179834e-01, 1.65455005e+03,
       5.71439453e+02, 3.22965115e-01, 1.64281909e+03, 5.80358582e+02,
       2.54648000e-01, 1.59872290e+03, 6.03874390e+02, 2.53561169e-01 ]
