%YAML:1.0
---
pose_0: !!opencv-matrix
   rows: 1
   cols: 25
   dt: "3f"
   data: [ 6.89269958e+02, 5.33214111e+02, 8.05506229e-01,
       7.65781006e+02, 4.59559937e+02, 4.56650376e-01, 7.45144592e+02,
       4.71444489e+02, 2.54003465e-01, 0., 0., 0., 0., 0., 0.,
       7.89240112e+02, 4.53812622e+02, 6.47017300e-01, 9.30548157e+02,
       5.12693298e+02, 7.90913641e-01, 7.95249756e+02, 5.65617310e+02,
       7.66864419e-01, 1.06301819e+03, 4.39041565e+02, 2.28239819e-01,
       1.06891016e+03, 4.09664734e+02, 1.49947107e-01, 1.33965710e+03,
       4.74373566e+02, 2.82511443e-01, 1.59281665e+03, 4.27224548e+02,
       3.03220451e-01, 1.06889966e+03, 4.59638306e+02, 1.99554026e-01,
       1.33088293e+03, 5.03743469e+02, 3.99991900e-01, 1.61339966e+03,
       4.24335754e+02, 2.86368042e-01, 0., 0., 0., 6.74471741e+02,
       5.15555298e+02, 7.63037622e-01, 0., 0., 0., 6.89224731e+02,
       4.68430603e+02, 6.37941778e-01, 0., 0., 0., 0., 0., 0.,
       1.65752454e+03, 4.53710205e+02, 1.04542382e-01, 0., 0., 0., 0.,
       0., 0., 1.70464392e+03, 4.21403778e+02, 5.11272587e-02 ]
