%YAML:1.0
---
pose_0: !!opencv-matrix
   rows: 1
   cols: 25
   dt: "3f"
   data: [ 0., 0., 0., 1.00415674e+03, 5.27310608e+02, 4.44795281e-01,
       9.51224854e+02, 5.59765564e+02, 4.34285522e-01, 8.51128113e+02,
       5.42079163e+02, 4.88861084e-01, 0., 0., 0., 1.05122571e+03,
       4.92018799e+02, 2.59358972e-01, 0., 0., 0., 0., 0., 0.,
       1.17195471e+03, 5.53874878e+02, 4.89894688e-01, 1.15721216e+03,
       5.97915833e+02, 4.39853966e-01, 1.39269788e+03, 5.00810059e+02,
       7.87186682e-01, 1.61340979e+03, 7.06850525e+02, 6.01269364e-01,
       1.18666919e+03, 5.09748718e+02, 4.16589618e-01, 1.37499634e+03,
       4.36244446e+02, 7.84772635e-01, 1.56329529e+03, 5.71475098e+02,
       4.46824789e-01, 0., 0., 0., 0., 0., 0., 0., 0., 0., 0., 0., 0.,
       1.59575342e+03, 5.06747223e+02, 1.39876515e-01, 1.59282764e+03,
       5.09685242e+02, 1.41220599e-01, 1.58397705e+03, 5.94998169e+02,
       2.72294521e-01, 1.66339075e+03, 7.21672913e+02, 4.95788038e-01,
       1.64869409e+03, 7.36343018e+02, 5.29841423e-01, 1.62221484e+03,
       7.21651917e+02, 3.53333205e-01 ]
