%YAML:1.0
---
pose_0: !!opencv-matrix
   rows: 2
   cols: 25
   dt: "3f"
   data: [ 7.03968262e+02, 4.36171021e+02, 8.75287175e-01,
       8.06893311e+02, 4.59775635e+02, 7.20736802e-01, 7.74564331e+02,
       5.12652222e+02, 5.61407268e-01, 6.86285583e+02, 5.00774261e+02,
       4.18807447e-01, 6.65657959e+02, 4.56684265e+02, 1.22809052e-01,
       8.33332703e+02, 4.03673187e+02, 6.78498805e-01, 9.54120667e+02,
       3.12490936e+02, 8.34051609e-01, 9.04141357e+02, 3.59622070e+02,
       8.72178614e-01, 1.09535229e+03, 4.89129517e+02, 5.13012290e-01,
       1.08950354e+03, 5.39089600e+02, 5.30683637e-01, 1.32796765e+03,
       5.68530457e+02, 6.95836842e-01, 1.47218274e+03, 5.62689941e+02,
       6.11260235e-01, 1.09535779e+03, 4.36066681e+02, 5.10750055e-01,
       1.31024561e+03, 4.39106873e+02, 5.60257375e-01, 1.54577759e+03,
       4.56690125e+02, 6.12184167e-01, 6.92150269e+02, 4.56673767e+02,
       8.34421813e-01, 6.95190979e+02, 4.24359619e+02, 7.88611412e-01,
       7.06833740e+02, 4.83067627e+02, 6.56665683e-01, 7.24551392e+02,
       4.12587372e+02, 3.52097183e-01, 1.62514807e+03, 4.50793671e+02,
       5.57250440e-01, 1.61928882e+03, 4.39129944e+02, 5.48949301e-01,
       1.56922437e+03, 4.65507782e+02, 2.62600183e-01, 1.54571606e+03,
       5.62699829e+02, 5.06397247e-01, 1.53391968e+03, 5.74422241e+02,
       4.86880451e-01, 1.49268860e+03, 5.53836609e+02, 3.88287634e-01,
       0., 0., 0., 0., 0., 0., 8.53994202e+02, 5.71432312e+02,
       6.63584173e-02, 9.71738464e+02, 6.03958252e+02, 4.04557347e-01,
       1.02479541e+03, 5.86182434e+02, 5.85618138e-01, 0., 0., 0., 0.,
       0., 0., 0., 0., 0., 0., 0., 0., 0., 0., 0., 0., 0., 0., 0., 0.,
       0., 0., 0., 0., 0., 0., 0., 0., 0., 0., 0., 0., 0., 0., 0., 0.,
       0., 0., 0., 0., 0., 0., 0., 0., 0., 0., 0., 0., 0., 0., 0., 0.,
       0., 0., 0., 0., 0., 0., 0., 0. ]
