%YAML:1.0
---
pose_0: !!opencv-matrix
   rows: 1
   cols: 25
   dt: "3f"
   data: [ 8.33442566e+02, 5.09766541e+02, 6.35950267e-01,
       9.24718201e+02, 5.03843903e+02, 5.33887625e-01, 9.15865479e+02,
       5.65626831e+02, 4.40943778e-01, 7.68771973e+02, 5.98094238e+02,
       8.82243812e-01, 7.42143982e+02, 5.21479187e+02, 6.72164321e-01,
       9.10015991e+02, 4.53664795e+02, 4.81574178e-01, 9.95287109e+02,
       4.12613770e+02, 1.40429944e-01, 0., 0., 0., 1.18661450e+03,
       5.30400940e+02, 5.98792493e-01, 1.18362561e+03, 5.77388977e+02,
       6.24036610e-01, 1.37804065e+03, 6.47910339e+02, 7.37875521e-01,
       1.53398022e+03, 6.47961853e+02, 6.98122919e-01, 1.18669958e+03,
       4.83124847e+02, 5.82908869e-01, 1.37785974e+03, 4.86125732e+02,
       7.35842645e-01, 1.56331433e+03, 4.47827484e+02, 5.99987745e-01,
       8.12861023e+02, 5.18533997e+02, 3.50504577e-01, 8.24623840e+02,
       4.91992645e+02, 5.04270613e-01, 8.33491455e+02, 5.36221130e+02,
       1.23258866e-01, 8.60014832e+02, 4.65528351e+02, 2.81791836e-01,
       1.62224255e+03, 4.09653717e+02, 4.21046883e-01, 1.61344946e+03,
       4.09671417e+02, 4.74597305e-01, 1.60454480e+03, 4.42005737e+02,
       2.15587184e-01, 1.58692493e+03, 6.92079956e+02, 4.69221771e-01,
       1.58691431e+03, 6.89173157e+02, 4.63479966e-01, 1.56039526e+03,
       6.24561096e+02, 4.89451051e-01 ]
