%YAML:1.0
---
pose_0: !!opencv-matrix
   rows: 1
   cols: 25
   dt: "3f"
   data: [ 7.74537842e+02, 4.39138123e+02, 8.37292790e-01,
       8.74642334e+02, 4.86106720e+02, 6.53852046e-01, 8.80487061e+02,
       5.68526245e+02, 6.80361509e-01, 9.98184753e+02, 6.30342834e+02,
       8.05136681e-01, 9.04161438e+02, 6.48120789e+02, 8.41134846e-01,
       8.77535461e+02, 4.15484131e+02, 7.32296646e-01, 9.71806580e+02,
       4.44980377e+02, 7.89143503e-01, 8.57031616e+02, 5.44919678e+02,
       7.77399540e-01, 1.11306555e+03, 4.59653748e+02, 5.22812486e-01,
       1.11898877e+03, 5.03896881e+02, 5.83292961e-01, 1.33094214e+03,
       4.97935028e+02, 7.26465583e-01, 1.55157336e+03, 5.00863312e+02,
       6.06049359e-01, 1.10720850e+03, 4.09557922e+02, 5.37417650e-01,
       1.35145056e+03, 2.94898041e+02, 6.78187966e-01, 1.52214185e+03,
       2.24218643e+02, 5.04027009e-01, 7.59815674e+02, 4.56748993e+02,
       8.81250262e-01, 7.65638550e+02, 4.27247620e+02, 8.56168747e-01,
       7.74573792e+02, 4.86190521e+02, 5.04795432e-01, 7.83440430e+02,
       4.06675415e+02, 5.72765708e-01, 1.58693164e+03, 1.82941711e+02,
       1.07260756e-01, 1.58098022e+03, 1.88840942e+02, 1.11109115e-01,
       1.53391968e+03, 2.15373993e+02, 2.94411361e-01, 1.62810815e+03,
       5.03756134e+02, 3.70021462e-01, 1.62222119e+03, 5.09726227e+02,
       3.76455992e-01, 1.57512463e+03, 4.83152802e+02, 3.05080265e-01 ]
