%YAML:1.0
---
pose_0: !!opencv-matrix
   rows: 1
   cols: 25
   dt: "3f"
   data: [ 7.36336365e+02, 5.74455261e+02, 9.12306428e-01,
       8.36453979e+02, 5.74535522e+02, 7.41954088e-01, 8.33405640e+02,
       6.42084656e+02, 6.49871528e-01, 9.80601196e+02, 6.98036621e+02,
       7.78685629e-01, 1.09841589e+03, 7.62659668e+02, 8.29354286e-01,
       8.48125854e+02, 5.06727051e+02, 6.27557516e-01, 1.00117810e+03,
       4.77287537e+02, 7.24446058e-01, 1.13947925e+03, 4.44906738e+02,
       7.30124176e-01, 1.11591785e+03, 5.77367126e+02, 5.74836016e-01,
       1.11602295e+03, 6.24496155e+02, 5.87202549e-01, 1.32488245e+03,
       6.33349182e+02, 6.89028263e-01, 1.54573779e+03, 6.71497803e+02,
       6.63834810e-01, 1.11301660e+03, 5.27327332e+02, 5.76569200e-01,
       1.35144592e+03, 4.83102142e+02, 7.02967167e-01, 1.56922070e+03,
       4.65569000e+02, 5.57952464e-01, 7.18650940e+02, 5.83294006e+02,
       8.39244008e-01, 7.24554138e+02, 5.51019714e+02, 8.63174856e-01,
       7.36256531e+02, 6.03924988e+02, 4.72934633e-01, 7.51002136e+02,
       5.30282410e+02, 6.80452466e-01, 1.64871313e+03, 4.56654572e+02,
       3.92459780e-01, 1.63995557e+03, 4.50812683e+02, 4.35397774e-01,
       1.62807214e+03, 4.77329163e+02, 2.32541770e-01, 1.62223950e+03,
       6.59793213e+02, 5.04556239e-01, 1.61337866e+03, 6.71568298e+02,
       4.69167769e-01, 1.56632397e+03, 6.71655945e+02, 3.26187313e-01 ]
