%YAML:1.0
---
pose_0: !!opencv-matrix
   rows: 1
   cols: 25
   dt: "3f"
   data: [ 6.71586487e+02, 4.59675903e+02, 8.49659264e-01,
       7.65719299e+02, 5.09747467e+02, 6.78311229e-01, 7.48102173e+02,
       5.59722534e+02, 3.98828596e-01, 8.56961182e+02, 6.36204285e+02,
       1.62157342e-01, 9.30569763e+02, 6.86259155e+02, 3.88736844e-01,
       7.86280640e+02, 4.59554443e+02, 6.22527540e-01, 9.07097351e+02,
       3.80194366e+02, 8.06724370e-01, 7.71644714e+02, 4.09605225e+02,
       8.47004354e-01, 1.05124512e+03, 5.21412903e+02, 4.93310452e-01,
       1.05120837e+03, 5.74331055e+02, 5.05665302e-01, 1.30445117e+03,
       5.94954285e+02, 6.95577621e-01, 1.58696899e+03, 6.01065796e+02,
       5.95779777e-01, 1.05420898e+03, 4.59654053e+02, 5.17909646e-01,
       1.28379407e+03, 4.36125671e+02, 4.63431567e-01, 1.52218420e+03,
       4.65544708e+02, 3.31403196e-01, 6.48033997e+02, 4.80148285e+02,
       8.81937325e-01, 6.56843140e+02, 4.50836426e+02, 6.79697335e-01,
       6.65634460e+02, 5.12639587e+02, 7.01900601e-01, 0., 0., 0.,
       1.61339478e+03, 4.47841461e+02, 1.85654551e-01, 1.61046973e+03,
       4.39066254e+02, 2.26181120e-01, 1.54866272e+03, 4.77290497e+02,
       1.78241000e-01, 1.68700537e+03, 5.71509644e+02, 5.33662021e-01,
       1.68114893e+03, 5.83288818e+02, 4.24806982e-01, 1.61339172e+03,
       6.03912292e+02, 2.40985796e-01 ]
