%YAML:1.0
---
pose_0: !!opencv-matrix
   rows: 1
   cols: 25
   dt: "3f"
   data: [ 7.39319519e+02, 3.94912048e+02, 8.11202049e-01,
       8.59834717e+02, 3.85919678e+02, 8.08846474e-01, 8.62934204e+02,
       4.59652283e+02, 7.06452429e-01, 9.92366150e+02, 5.15599731e+02,
       7.52820849e-01, 1.07479626e+03, 6.01008423e+02, 8.20565760e-01,
       8.56990845e+02, 2.97798187e+02, 6.83727086e-01, 1.00129315e+03,
       2.62384918e+02, 8.37789476e-01, 1.08358228e+03, 3.33052826e+02,
       7.75264740e-01, 1.11893884e+03, 4.30169220e+02, 5.97493887e-01,
       1.11593091e+03, 4.80131561e+02, 5.84635019e-01, 1.32205957e+03,
       5.00855865e+02, 7.32882082e-01, 1.53688391e+03, 5.53754333e+02,
       6.32355094e-01, 1.12483496e+03, 3.74321899e+02, 5.79030454e-01,
       1.35434021e+03, 3.38917297e+02, 5.85443318e-01, 1.55750232e+03,
       2.97869171e+02, 6.06156528e-01, 7.30403381e+02, 4.12651398e+02,
       7.60872722e-01, 7.21661804e+02, 3.85959839e+02, 7.86344945e-01,
       7.51035278e+02, 4.30236053e+02, 2.61589527e-01, 7.42155579e+02,
       3.56613281e+02, 5.53050578e-01, 1.63989453e+03, 2.62468842e+02,
       3.38633031e-01, 1.63693616e+03, 2.59515167e+02, 3.49008024e-01,
       1.57221802e+03, 2.88966400e+02, 2.67292798e-01, 1.61337000e+03,
       5.36205688e+02, 5.22968769e-01, 1.60453540e+03, 5.50940613e+02,
       4.35606360e-01, 1.56633105e+03, 5.59725159e+02, 2.56855816e-01 ]
