%YAML:1.0
---
pose_0: !!opencv-matrix
   rows: 2
   cols: 25
   dt: "3f"
   data: [ 0., 0., 0., 7.33354980e+02, 5.50887878e+02, 1.44545168e-01,
       7.65768921e+02, 5.92086365e+02, 1.08278118e-01, 9.15823914e+02,
       6.65647217e+02, 7.72273466e-02, 0., 0., 0., 6.39170166e+02,
       5.47904602e+02, 1.51071817e-01, 0., 0., 0., 0., 0., 0.,
       1.09542981e+03, 5.50862976e+02, 3.35233122e-01, 1.09538928e+03,
       5.42059204e+02, 2.56229639e-01, 1.35442639e+03, 5.44988403e+02,
       5.72627544e-01, 1.63691174e+03, 6.47970886e+02, 3.34908456e-01,
       1.11009985e+03, 5.39137268e+02, 3.05145323e-01, 1.37503271e+03,
       5.30411316e+02, 4.23116446e-01, 1.63101355e+03, 6.45151428e+02,
       3.01023126e-01, 0., 0., 0., 0., 0., 0., 0., 0., 0., 0., 0., 0.,
       1.74288293e+03, 6.45102356e+02, 1.80990785e-01, 1.74867261e+03,
       6.42069397e+02, 1.54811174e-01, 1.64285767e+03, 6.71545410e+02,
       1.94892183e-01, 1.75163086e+03, 6.42090759e+02, 3.92952144e-01,
       1.73705444e+03, 6.51021179e+02, 3.04996431e-01, 1.66048218e+03,
       6.74553345e+02, 2.15340585e-01, 0., 0., 0., 0., 0., 0.,
       8.89337036e+02, 6.53952026e+02, 9.21371356e-02, 1.01594598e+03,
       6.68762268e+02, 2.28980958e-01, 1.11304102e+03, 6.65689087e+02,
       2.75146067e-01, 0., 0., 0., 0., 0., 0., 0., 0., 0., 0., 0., 0.,
       0., 0., 0., 0., 0., 0., 0., 0., 0., 0., 0., 0., 0., 0., 0., 0.,
       0., 0., 0., 0., 0., 0., 0., 0., 0., 0., 0., 0., 0., 0., 0., 0.,
       0., 0., 0., 0., 0., 0., 0., 0., 0., 0., 0., 0., 0., 0., 0., 0. ]
