%YAML:1.0
---
pose_0: !!opencv-matrix
   rows: 1
   cols: 25
   dt: "3f"
   data: [ 6.44943237e+02, 3.68376068e+02, 8.76020789e-01,
       7.86251282e+02, 3.80196503e+02, 6.33388758e-01, 8.06878662e+02,
       4.71422119e+02, 5.70797145e-01, 9.54239685e+02, 5.06755920e+02,
       7.51685977e-01, 1.09837732e+03, 5.53748047e+02, 8.35050225e-01,
       7.92273621e+02, 2.77167114e+02, 5.82363367e-01, 9.62960205e+02,
       2.27115692e+02, 7.53925979e-01, 1.11588940e+03, 1.80073654e+02,
       8.03825021e-01, 1.11303320e+03, 3.38915710e+02, 4.46700931e-01,
       1.10716028e+03, 4.00753876e+02, 4.62013990e-01, 1.33377319e+03,
       3.91971527e+02, 6.39384985e-01, 1.64576050e+03, 3.62537750e+02,
       5.16230941e-01, 1.11303284e+03, 2.71378418e+02, 4.17201042e-01,
       1.37788477e+03, 2.91756073e+02, 6.35139465e-01, 1.54574731e+03,
       3.00694550e+02, 3.42404097e-01, 6.24504150e+02, 3.88906128e+02,
       8.33866656e-01, 6.27427185e+02, 3.47820892e+02, 8.18715990e-01,
       6.45179871e+02, 4.09648926e+02, 2.89685160e-01, 6.53912170e+02,
       3.21321503e+02, 5.00264764e-01, 1.61335938e+03, 2.71278320e+02,
       2.24716082e-01, 1.60753369e+03, 2.71217743e+02, 2.70145297e-01,
       1.58394922e+03, 2.94804504e+02, 2.08886787e-01, 1.76938318e+03,
       3.18411652e+02, 2.43328020e-01, 1.75763245e+03, 3.35999084e+02,
       1.77193373e-01, 1.66049695e+03, 3.65441376e+02, 2.51778245e-01 ]
