%YAML:1.0
---
pose_0: !!opencv-matrix
   rows: 1
   cols: 25
   dt: "3f"
   data: [ 7.89382996e+02, 4.39058716e+02, 5.72258420e-02,
       8.59851990e+02, 4.15464996e+02, 4.78019178e-01, 8.77622986e+02,
       4.71429810e+02, 4.35358047e-01, 1.00122498e+03, 5.12591858e+02,
       4.62984562e-01, 1.08949377e+03, 5.94976929e+02, 5.36021054e-01,
       8.36355042e+02, 3.50742004e+02, 3.80722255e-01, 7.86228455e+02,
       4.12551636e+02, 2.68664032e-01, 7.03923096e+02, 5.03712524e+02,
       3.67651105e-01, 1.12480359e+03, 4.50832489e+02, 5.10538578e-01,
       1.11897290e+03, 5.03782898e+02, 5.03712058e-01, 1.30430603e+03,
       5.97820129e+02, 6.41104698e-01, 1.48680322e+03, 6.42089417e+02,
       5.54109037e-01, 1.13944934e+03, 3.91960266e+02, 4.68675137e-01,
       1.33383618e+03, 3.18269470e+02, 4.17330772e-01, 1.53680762e+03,
       1.97783173e+02, 4.21805292e-01, 0., 0., 0., 0., 0., 0., 0., 0.,
       0., 7.98114868e+02, 3.71332642e+02, 1.24755420e-01,
       1.59572522e+03, 1.50559982e+02, 1.27278462e-01, 1.59570190e+03,
       1.50652969e+02, 1.17679760e-01, 1.54280676e+03, 1.97687180e+02,
       2.70783573e-01, 1.55162122e+03, 6.00914185e+02, 3.09018910e-01,
       1.54272461e+03, 6.15678711e+02, 2.39669576e-01, 1.50153845e+03,
       6.50993164e+02, 3.79817665e-01 ]
