%YAML:1.0
---
pose_0: !!opencv-matrix
   rows: 1
   cols: 25
   dt: "3f"
   data: [ 7.39225525e+02, 5.27374390e+02, 9.10730362e-01,
       8.53997986e+02, 5.30370728e+02, 6.97585404e-01, 8.56880371e+02,
       6.18484924e+02, 6.14356279e-01, 9.77662354e+02, 6.36214294e+02,
       2.65394300e-01, 1.08360803e+03, 6.51023438e+02, 1.51889175e-01,
       8.60035156e+02, 4.56757263e+02, 7.03955531e-01, 1.00710638e+03,
       4.36260437e+02, 8.25649440e-01, 9.27704834e+02, 5.00850708e+02,
       8.81854892e-01, 1.12781091e+03, 5.30327271e+02, 5.96229732e-01,
       1.12186096e+03, 5.77325012e+02, 6.60880148e-01, 1.32204065e+03,
       6.00834961e+02, 7.25509524e-01, 1.53985522e+03, 6.47928162e+02,
       6.37918413e-01, 1.13656287e+03, 4.80232391e+02, 5.76960385e-01,
       1.35446643e+03, 4.80290741e+02, 7.03580260e-01, 1.54866174e+03,
       4.83186157e+02, 7.11305976e-01, 7.21572998e+02, 5.36212219e+02,
       8.17585230e-01, 7.30371887e+02, 5.06620941e+02, 8.55753422e-01,
       7.39300354e+02, 5.56866638e+02, 5.59698820e-01, 7.56927185e+02,
       4.83076935e+02, 6.81104422e-01, 1.61343396e+03, 4.50774902e+02,
       4.87210810e-01, 1.61034851e+03, 4.44945007e+02, 4.92332548e-01,
       1.57510986e+03, 4.92034088e+02, 3.61135483e-01, 1.64281226e+03,
       6.39197815e+02, 4.01311100e-01, 1.62514246e+03, 6.50976807e+02,
       3.79563421e-01, 1.56039856e+03, 6.48118225e+02, 3.90772879e-01 ]
