%YAML:1.0
---
pose_0: !!opencv-matrix
   rows: 1
   cols: 25
   dt: "3f"
   data: [ 7.62730530e+02, 5.30339417e+02, 8.84905040e-01,
       8.54085327e+02, 5.30342651e+02, 7.10925817e-01, 8.09829285e+02,
       5.86218079e+02, 6.69786036e-01, 7.51011841e+02, 6.77478333e+02,
       6.20666742e-01, 7.39138855e+02, 7.53986755e+02, 4.36088383e-01,
       8.98235962e+02, 4.80248932e+02, 6.35922849e-01, 1.02467957e+03,
       4.83154053e+02, 6.82155013e-01, 1.12196680e+03, 4.39065491e+02,
       7.46412814e-01, 1.14252087e+03, 5.53822266e+02, 5.68977714e-01,
       1.14247229e+03, 6.00815369e+02, 5.43580055e-01, 1.34854285e+03,
       6.21568054e+02, 5.61204255e-01, 1.53103284e+03, 6.59771240e+02,
       6.39519870e-01, 1.14541113e+03, 5.03786530e+02, 5.46492279e-01,
       1.37204797e+03, 4.83213501e+02, 6.79103851e-01, 1.54271155e+03,
       4.80271515e+02, 6.89672589e-01, 7.42260254e+02, 5.36164795e+02,
       7.56753445e-01, 7.59837463e+02, 5.06860748e+02, 8.37716699e-01,
       7.56899353e+02, 5.56739258e+02, 1.86318606e-01, 7.89230286e+02,
       4.86120331e+02, 6.77547157e-01, 1.60750403e+03, 4.59600433e+02,
       5.86666942e-01, 1.59867896e+03, 4.56587433e+02, 5.81051648e-01,
       1.56343555e+03, 4.80310577e+02, 3.19922596e-01, 1.58996631e+03,
       6.53911072e+02, 5.15463471e-01, 1.58679346e+03, 6.68631287e+02,
       5.18267393e-01, 1.54862500e+03, 6.53905701e+02, 3.69161189e-01 ]
