%YAML:1.0
---
pose_0: !!opencv-matrix
   rows: 1
   cols: 25
   dt: "3f"
   data: [ 7.83365173e+02, 5.56764343e+02, 8.56637061e-01,
       8.98212952e+02, 5.45008301e+02, 6.66306019e-01, 9.27652832e+02,
       6.42171936e+02, 6.22986257e-01, 1.06298975e+03, 6.89105469e+02,
       7.19258845e-01, 1.17484314e+03, 7.39238647e+02, 7.68047929e-01,
       8.62870789e+02, 4.56709961e+02, 4.95208591e-01, 8.48125854e+02,
       3.18365051e+02, 5.96138656e-01, 7.42183044e+02, 2.88928375e+02,
       7.86316037e-01, 1.16305493e+03, 5.77428528e+02, 6.10486686e-01,
       1.16006531e+03, 6.24507263e+02, 6.38385773e-01, 1.36029700e+03,
       6.80405212e+02, 7.62334049e-01, 1.54279163e+03, 6.89253113e+02,
       6.79506302e-01, 1.16601501e+03, 5.27401123e+02, 6.12518013e-01,
       1.35142615e+03, 5.03869537e+02, 3.67748201e-01, 1.51627881e+03,
       4.56652924e+02, 1.67045400e-01, 7.62791138e+02, 5.65637390e+02,
       7.69851327e-01, 7.71611572e+02, 5.33288330e+02, 7.76628971e-01,
       0., 0., 0., 8.03988770e+02, 5.03863373e+02, 5.97586393e-01, 0.,
       0., 0., 0., 0., 0., 0., 0., 0., 1.59869958e+03, 7.36254456e+02,
       2.49814421e-01, 1.60457642e+03, 7.21589783e+02, 3.16188633e-01,
       1.56927637e+03, 6.74521973e+02, 4.31481630e-01 ]
