%YAML:1.0
---
pose_0: !!opencv-matrix
   rows: 1
   cols: 25
   dt: "3f"
   data: [ 7.21667480e+02, 5.06863922e+02, 8.52827728e-01,
       8.51054016e+02, 5.24372070e+02, 6.60630882e-01, 8.45168274e+02,
       5.94999023e+02, 6.50094390e-01, 1.00116876e+03, 6.21578369e+02,
       6.51352882e-01, 1.13956372e+03, 6.68491333e+02, 7.16107488e-01,
       8.56986145e+02, 4.41986755e+02, 6.20864451e-01, 1.02179852e+03,
       4.06653992e+02, 5.72988391e-01, 1.18071814e+03, 3.91992096e+02,
       5.65580845e-01, 1.12193933e+03, 5.27252197e+02, 5.53513408e-01,
       1.11898315e+03, 5.74428772e+02, 5.89119911e-01, 1.34261230e+03,
       6.39131042e+02, 3.48849028e-01, 1.46913232e+03, 6.36223999e+02,
       4.50408638e-01, 1.12777002e+03, 4.68511139e+02, 5.07696867e-01,
       1.34555713e+03, 5.03777161e+02, 6.26805782e-01, 1.61048474e+03,
       5.27209717e+02, 5.83421111e-01, 7.12733643e+02, 5.27422729e+02,
       7.97224879e-01, 7.12797974e+02, 4.89038208e+02, 7.99302459e-01,
       7.27456116e+02, 5.50986145e+02, 3.78017932e-01, 7.39321594e+02,
       4.62571320e+02, 6.00295246e-01, 1.70162927e+03, 5.03735748e+02,
       5.13012290e-01, 1.69579004e+03, 5.00784149e+02, 4.92385954e-01,
       1.63697852e+03, 5.44997009e+02, 2.82269478e-01, 1.55156250e+03,
       6.48055908e+02, 2.59401351e-01, 0., 0., 0., 1.49572351e+03,
       6.15589172e+02, 3.39789718e-01 ]
