%YAML:1.0
---
pose_0: !!opencv-matrix
   rows: 1
   cols: 25
   dt: "3f"
   data: [ 7.68758118e+02, 4.36032654e+02, 8.76158714e-01,
       8.74615662e+02, 4.33085144e+02, 7.50041902e-01, 8.59843811e+02,
       5.00895874e+02, 8.55375648e-01, 9.45260559e+02, 5.06871765e+02,
       8.50527942e-01, 8.57096985e+02, 4.00731110e+02, 7.97286689e-01,
       8.89399048e+02, 3.62579681e+02, 5.38704515e-01, 9.95226196e+02,
       2.71172272e+02, 8.50420058e-01, 9.27461914e+02, 2.21310196e+02,
       8.66559505e-01, 1.12485986e+03, 4.68502625e+02, 6.20211899e-01,
       1.11595605e+03, 5.12678894e+02, 6.41260505e-01, 1.31910022e+03,
       5.77285156e+02, 7.85046041e-01, 1.50453027e+03, 6.45140442e+02,
       6.55664265e-01, 1.13953699e+03, 4.15565033e+02, 5.97165227e-01,
       1.34844519e+03, 4.33173706e+02, 6.64608002e-01, 1.55751843e+03,
       4.27315338e+02, 6.35564685e-01, 7.62712891e+02, 4.50838470e+02,
       7.81466365e-01, 7.62678040e+02, 4.15594574e+02, 8.24789524e-01,
       7.74583984e+02, 4.71443420e+02, 3.61340702e-01, 7.83370483e+02,
       3.89093048e+02, 6.24611914e-01, 1.61352148e+03, 3.97813354e+02,
       5.44884741e-01, 1.61043311e+03, 3.92032837e+02, 6.01870954e-01,
       1.58978723e+03, 4.33192902e+02, 3.87438953e-01, 1.58387927e+03,
       6.62747803e+02, 4.89605010e-01, 1.56925867e+03, 6.68644775e+02,
       5.19012034e-01, 1.53100964e+03, 6.42162415e+02, 3.39085907e-01 ]
