%YAML:1.0
---
pose_0: !!opencv-matrix
   rows: 1
   cols: 25
   dt: "3f"
   data: [ 9.24619141e+02, 5.42062866e+02, 6.72799572e-02,
       9.51243591e+02, 5.36186340e+02, 3.84186506e-01, 9.45312744e+02,
       5.50856567e+02, 2.42061168e-01, 1.03358704e+03, 4.59729645e+02,
       1.28262118e-01, 0., 0., 0., 9.68830322e+02, 5.06785797e+02,
       2.11976886e-01, 1.03946350e+03, 4.56652649e+02, 1.12111501e-01,
       1.08358850e+03, 4.09554474e+02, 1.56472087e-01, 1.16304944e+03,
       5.62657532e+02, 4.52230424e-01, 1.15716663e+03, 6.00930237e+02,
       3.64036262e-01, 1.36024158e+03, 5.09647003e+02, 7.66757905e-01,
       1.59867786e+03, 6.95076538e+02, 6.39850855e-01, 1.16608960e+03,
       5.24352539e+02, 4.24710989e-01, 1.36031384e+03, 4.83181580e+02,
       4.08897251e-01, 1.56345679e+03, 5.77294189e+02, 6.96996927e-01,
       9.18816895e+02, 5.36208740e+02, 5.43745682e-02, 0., 0., 0., 0.,
       0., 0., 0., 0., 0., 1.61047705e+03, 5.12649963e+02,
       2.29166120e-01, 1.59871533e+03, 5.24419006e+02, 2.41200000e-01,
       1.58396765e+03, 6.00853149e+02, 5.26196182e-01, 1.65457324e+03,
       7.18717957e+02, 5.74886978e-01, 1.63400928e+03, 7.33361694e+02,
       5.89687884e-01, 1.61047314e+03, 7.09863831e+02, 3.77518922e-01 ]
