%YAML:1.0
---
pose_0: !!opencv-matrix
   rows: 1
   cols: 25
   dt: "3f"
   data: [ 6.50990906e+02, 3.89050781e+02, 8.64803731e-01,
       7.42164246e+02, 4.47897980e+02, 6.39522672e-01, 7.62736023e+02,
       5.50831604e+02, 3.33985239e-01, 9.04104980e+02, 6.27430725e+02,
       6.55139387e-01, 1.06588940e+03, 7.12810364e+02, 8.03820074e-01,
       7.59905579e+02, 3.83038483e+02, 6.26691401e-01, 9.42369202e+02,
       3.24270782e+02, 7.18194366e-01, 1.08951868e+03, 2.59503601e+02,
       7.63259649e-01, 1.06895166e+03, 4.42018372e+02, 4.27853405e-01,
       1.06885120e+03, 5.03798004e+02, 4.43962574e-01, 1.34558594e+03,
       5.42104858e+02, 6.43208146e-01, 1.62517236e+03, 5.50935669e+02,
       4.75985229e-01, 1.06009424e+03, 3.83089111e+02, 4.61198837e-01,
       1.18363342e+03, 3.21393646e+02, 3.59270513e-01, 1.40144482e+03,
       2.44689316e+02, 1.44895017e-01, 6.27359802e+02, 4.09455322e+02,
       8.29314947e-01, 6.44954773e+02, 3.71403351e+02, 7.71120429e-01,
       6.42104187e+02, 4.50805450e+02, 6.05778813e-01, 0., 0., 0.,
       1.56338196e+03, 1.85907425e+02, 1.03457786e-01, 1.56332898e+03,
       1.80037506e+02, 1.07108369e-01, 1.42797546e+03, 2.44837769e+02,
       7.08408505e-02, 1.71351465e+03, 5.86239990e+02, 1.75843686e-01,
       1.70758997e+03, 5.86182800e+02, 2.10577667e-01, 1.64871655e+03,
       5.36229492e+02, 3.25339615e-01 ]
