%YAML:1.0
---
pose_0: !!opencv-matrix
   rows: 2
   cols: 25
   dt: "3f"
   data: [ 7.45128113e+02, 4.47894043e+02, 9.47538018e-02,
       7.98089233e+02, 5.15555359e+02, 4.26332861e-01, 8.06985168e+02,
       5.21498596e+02, 6.57801867e-01, 9.07059998e+02, 4.86223907e+02,
       6.02809548e-01, 8.12925171e+02, 3.89150726e+02, 8.12901616e-01,
       7.86372559e+02, 5.30354736e+02, 2.87753254e-01, 0., 0., 0., 0.,
       0., 0., 1.11888733e+03, 5.06662323e+02, 4.94261950e-01,
       1.10716064e+03, 5.30348694e+02, 4.12468821e-01, 1.34854065e+03,
       4.80217224e+02, 7.65617490e-01, 1.58993433e+03, 6.44995178e+02,
       6.16008222e-01, 1.12484241e+03, 4.77309143e+02, 3.68893027e-01,
       1.37790808e+03, 4.59693939e+02, 4.25959527e-01, 1.56337451e+03,
       5.06660980e+02, 6.78869367e-01, 7.42245056e+02, 4.56692657e+02,
       1.11949205e-01, 0., 0., 0., 7.42272583e+02, 4.65508942e+02,
       1.95469990e-01, 7.15640137e+02, 5.30259277e+02, 1.11948691e-01,
       1.61049451e+03, 4.36152863e+02, 2.93870121e-01, 1.60456311e+03,
       4.44915344e+02, 3.13230813e-01, 1.57809399e+03, 5.30268188e+02,
       4.61537033e-01, 1.63997180e+03, 6.71503662e+02, 5.28425455e-01,
       1.62515295e+03, 6.77521423e+02, 5.46238303e-01, 1.61044910e+03,
       6.53903687e+02, 3.27445000e-01, 0., 0., 0., 0., 0., 0., 0., 0.,
       0., 0., 0., 0., 0., 0., 0., 8.95252747e+02, 4.59638916e+02,
       2.58118629e-01, 9.74842590e+02, 4.12613861e+02, 7.17882156e-01,
       9.01022766e+02, 3.68408875e+02, 7.19056189e-01, 0., 0., 0., 0.,
       0., 0., 0., 0., 0., 0., 0., 0., 0., 0., 0., 0., 0., 0., 0., 0.,
       0., 0., 0., 0., 0., 0., 0., 0., 0., 0., 0., 0., 0., 0., 0., 0.,
       0., 0., 0., 0., 0., 0., 0., 0., 0., 0., 0., 0., 0., 0., 0. ]
