%YAML:1.0
---
pose_0: !!opencv-matrix
   rows: 1
   cols: 25
   dt: "3f"
   data: [ 7.48075256e+02, 2.71419312e+02, 8.04885030e-01,
       8.39420227e+02, 2.44813736e+02, 5.59506118e-01, 8.33489746e+02,
       2.59514832e+02, 3.70858043e-01, 9.27710510e+02, 3.74281128e+02,
       5.05437255e-01, 9.98306702e+02, 5.06630402e+02, 6.49031043e-01,
       8.54031799e+02, 2.41752197e+02, 6.29514813e-01, 9.30619995e+02,
       3.83052856e+02, 3.81883085e-01, 9.95360291e+02, 5.00771912e+02,
       3.69166136e-01, 1.13957251e+03, 2.65306671e+02, 5.70077538e-01,
       1.13654639e+03, 3.12492249e+02, 5.76414824e-01, 1.30433362e+03,
       4.00768677e+02, 6.49298906e-01, 1.44859924e+03, 3.15470490e+02,
       2.89512753e-01, 1.14546204e+03, 2.12371735e+02, 5.01020432e-01,
       1.39849976e+03, 1.91763977e+02, 4.30504769e-01, 1.58398975e+03,
       1.41779068e+02, 3.87788117e-01, 7.39197388e+02, 2.88892639e+02,
       7.07960546e-01, 7.39347778e+02, 2.59473877e+02, 7.69246936e-01,
       7.45160278e+02, 3.00730865e+02, 1.48757383e-01, 7.62811890e+02,
       2.27112976e+02, 6.05028152e-01, 1.65743982e+03, 1.18203979e+02,
       2.47664273e-01, 1.65451343e+03, 1.15317528e+02, 2.72624224e-01,
       1.60456897e+03, 1.18253708e+02, 1.64363250e-01, 1.49862109e+03,
       2.94883545e+02, 1.56993508e-01, 1.49268909e+03, 3.12498657e+02,
       1.46242380e-01, 1.49564368e+03, 2.88864075e+02, 2.25627661e-01 ]
