%YAML:1.0
---
pose_0: !!opencv-matrix
   rows: 1
   cols: 25
   dt: "3f"
   data: [ 7.42208130e+02, 6.12652649e+02, 7.99338400e-01,
       8.56989746e+02, 5.86244812e+02, 6.44465804e-01, 8.39373352e+02,
       6.45126160e+02, 3.86363029e-01, 9.83554077e+02, 6.86274353e+02,
       2.83624709e-01, 1.09841650e+03, 7.36319824e+02, 5.76761067e-01,
       8.71748169e+02, 5.27447815e+02, 7.15102196e-01, 1.01299097e+03,
       5.00908264e+02, 7.25362420e-01, 1.14260669e+03, 4.83319763e+02,
       8.27993810e-01, 1.11901172e+03, 5.95066650e+02, 5.17999589e-01,
       1.12194543e+03, 6.42116089e+02, 4.45253521e-01, 1.33376880e+03,
       6.45015198e+02, 6.89574420e-01, 1.58393982e+03, 6.71525879e+02,
       4.21408445e-01, 1.11601587e+03, 5.50875000e+02, 5.25448084e-01,
       1.18660669e+03, 4.89135010e+02, 1.93687588e-01, 0., 0., 0.,
       7.24570984e+02, 6.21613708e+02, 6.67205751e-01, 7.33315857e+02,
       5.95011353e+02, 7.73803651e-01, 7.42297729e+02, 6.33260559e+02,
       5.44989072e-02, 7.53997314e+02, 5.65612488e+02, 5.35982966e-01,
       0., 0., 0., 0., 0., 0., 0., 0., 0., 1.65454028e+03,
       6.51037720e+02, 3.35769087e-01, 1.64579968e+03, 6.65616577e+02,
       2.64299333e-01, 1.61340613e+03, 6.62761536e+02, 2.66221851e-01 ]
