%YAML:1.0
---
pose_0: !!opencv-matrix
   rows: 1
   cols: 25
   dt: "3f"
   data: [ 6.89153137e+02, 5.47937134e+02, 7.92678773e-01,
       7.65850464e+02, 4.77348755e+02, 4.07422721e-01, 7.65735046e+02,
       4.77263397e+02, 2.89265960e-01, 9.51051208e+02, 5.27310059e+02,
       1.37525573e-01, 9.57026917e+02, 5.77384155e+02, 5.54832257e-02,
       7.65702087e+02, 4.77316864e+02, 7.53223777e-01, 9.27734863e+02,
       5.18487366e+02, 7.12555826e-01, 9.04093933e+02, 6.48137268e+02,
       6.46145284e-01, 1.11305786e+03, 4.33177063e+02, 2.95613647e-01,
       1.08950708e+03, 4.27245728e+02, 2.13480115e-01, 1.35434155e+03,
       5.03752533e+02, 5.89828670e-01, 1.60165723e+03, 4.12573029e+02,
       2.43580058e-01, 1.12188489e+03, 4.41961578e+02, 2.68960774e-01,
       1.35140417e+03, 5.24305603e+02, 5.17926872e-01, 1.67521069e+03,
       4.09517120e+02, 4.75302726e-01, 0., 0., 0., 6.71638733e+02,
       5.27350891e+02, 8.19891214e-01, 0., 0., 0., 6.92136047e+02,
       4.80344543e+02, 7.14564562e-01, 1.72819299e+03, 3.53649597e+02,
       1.88063219e-01, 1.72815234e+03, 3.56626801e+02, 1.82592213e-01,
       1.70758301e+03, 3.97821838e+02, 1.68456182e-01, 0., 0., 0., 0.,
       0., 0., 0., 0., 0. ]
