%YAML:1.0
---
pose_0: !!opencv-matrix
   rows: 1
   cols: 25
   dt: "3f"
   data: [ 7.42181641e+02, 3.89171509e+02, 8.45215321e-01,
       8.59817688e+02, 3.86129730e+02, 7.79649079e-01, 8.59991150e+02,
       4.62581024e+02, 7.53201246e-01, 9.83593506e+02, 5.27397217e+02,
       7.94603646e-01, 1.07172729e+03, 6.18632935e+02, 8.23163688e-01,
       8.57028748e+02, 3.00688263e+02, 6.49590611e-01, 9.98370544e+02,
       2.71273895e+02, 8.38762522e-01, 1.06005054e+03, 3.15384521e+02,
       7.44533718e-01, 1.12484192e+03, 4.33125336e+02, 6.27611518e-01,
       1.11887695e+03, 4.83111664e+02, 5.98028421e-01, 1.32488489e+03,
       5.03792969e+02, 7.74277568e-01, 1.53682251e+03, 5.53738159e+02,
       6.51535988e-01, 1.13953186e+03, 3.77275177e+02, 6.04010642e-01,
       1.33085754e+03, 3.41935028e+02, 5.89450181e-01, 1.55160327e+03,
       3.00743286e+02, 5.42393088e-01, 7.33324585e+02, 4.12451965e+02,
       7.64531016e-01, 7.27507813e+02, 3.83016113e+02, 7.37201869e-01,
       7.59772095e+02, 4.30211670e+02, 3.83345187e-01, 7.45222778e+02,
       3.50721588e+02, 3.94440353e-01, 1.63695593e+03, 2.65406952e+02,
       4.17639285e-01, 1.63398767e+03, 2.65325165e+02, 3.94144893e-01,
       1.58687622e+03, 3.00765198e+02, 2.60110438e-01, 1.61045642e+03,
       5.36208862e+02, 5.68982601e-01, 1.59866309e+03, 5.50955017e+02,
       5.06143332e-01, 1.56044092e+03, 5.68530151e+02, 2.92842478e-01 ]
