%YAML:1.0
---
pose_0: !!opencv-matrix
   rows: 1
   cols: 25
   dt: "3f"
   data: [ 0., 0., 0., 7.33347351e+02, 5.50856812e+02, 1.29986987e-01,
       0., 0., 0., 0., 0., 0., 0., 0., 0., 0., 0., 0., 0., 0., 0., 0.,
       0., 0., 1.00418323e+03, 5.33250916e+02, 2.50233710e-01,
       1.01887158e+03, 6.21533508e+02, 2.24834159e-01, 1.31613818e+03,
       6.12653503e+02, 2.22072572e-01, 1.70756616e+03, 6.03859192e+02,
       3.70312124e-01, 1.02471631e+03, 4.74324463e+02, 2.83490181e-01,
       1.28079382e+03, 4.74329865e+02, 2.73169667e-01, 1.73404834e+03,
       4.86127625e+02, 3.27778041e-01, 0., 0., 0., 0., 0., 0., 0., 0.,
       0., 0., 0., 0., 1.85181323e+03, 4.47860901e+02, 1.36211947e-01,
       1.84891968e+03, 4.47846741e+02, 1.41230330e-01, 1.73996033e+03,
       5.09668427e+02, 1.34335384e-01, 1.81942603e+03, 5.92105164e+02,
       1.22046880e-01, 0., 0., 0., 1.72521667e+03, 5.97991211e+02,
       1.86959654e-01 ]
