%YAML:1.0
---
pose_0: !!opencv-matrix
   rows: 1
   cols: 25
   dt: "3f"
   data: [ 0., 0., 0., 9.21708618e+02, 5.06807068e+02, 4.56081271e-01,
       9.01108826e+02, 5.50864319e+02, 3.13948095e-01, 8.12914001e+02,
       5.53921448e+02, 4.81063128e-01, 8.74687988e+02, 4.80146942e+02,
       1.13390774e-01, 9.33541443e+02, 4.62659973e+02, 4.13645685e-01,
       1.00118854e+03, 4.33173523e+02, 7.58506119e-01, 9.27576965e+02,
       3.68515961e+02, 6.68218315e-01, 1.13950793e+03, 5.50860168e+02,
       5.30066133e-01, 1.12481482e+03, 5.94976624e+02, 4.57178891e-01,
       1.36613489e+03, 5.03823578e+02, 7.71405458e-01, 1.61637549e+03,
       7.12819153e+02, 6.22373104e-01, 1.14835742e+03, 5.06846191e+02,
       5.00741184e-01, 1.37206775e+03, 4.83264709e+02, 3.86325896e-01,
       1.55456323e+03, 5.59699341e+02, 3.29173416e-01, 0., 0., 0., 0.,
       0., 0., 0., 0., 0., 0., 0., 0., 1.60158557e+03, 4.97923126e+02,
       1.97333768e-01, 1.59284949e+03, 4.97938477e+02, 1.91601187e-01,
       1.56931091e+03, 5.77335510e+02, 2.37974480e-01, 1.67520654e+03,
       6.92165527e+02, 2.05653757e-01, 1.65763806e+03, 7.15780579e+02,
       2.32531399e-01, 1.62812378e+03, 7.39187622e+02, 4.48520839e-01 ]
