%YAML:1.0
---
pose_0: !!opencv-matrix
   rows: 1
   cols: 25
   dt: "3f"
   data: [ 7.15712219e+02, 5.06719360e+02, 8.91486883e-01,
       8.36304688e+02, 5.27237427e+02, 7.44524539e-01, 8.45179443e+02,
       6.18559631e+02, 6.44945204e-01, 9.48224731e+02, 6.98171875e+02,
       8.19540620e-01, 8.80461060e+02, 6.12733093e+02, 6.40813828e-01,
       8.36521606e+02, 4.33100983e+02, 6.94173276e-01, 9.68856018e+02,
       3.97801758e+02, 6.86361015e-01, 1.05133582e+03, 3.92056458e+02,
       7.71949232e-01, 1.10424475e+03, 5.68499390e+02, 5.21402001e-01,
       1.09829419e+03, 6.18606628e+02, 5.78932166e-01, 1.28372681e+03,
       6.24484131e+02, 3.63138318e-01, 1.56044397e+03, 5.95077759e+02,
       3.87593627e-01, 1.10421216e+03, 5.03784790e+02, 5.52672982e-01,
       1.28675757e+03, 5.36201050e+02, 6.21673942e-01, 1.62225427e+03,
       5.33229309e+02, 4.29249734e-01, 6.95065491e+02, 5.27372864e+02,
       8.80114496e-01, 7.00964783e+02, 4.86182404e+02, 8.16057742e-01,
       7.15643616e+02, 5.56756470e+02, 5.05824506e-01, 7.24526855e+02,
       4.68497162e+02, 3.88242692e-01, 1.73993689e+03, 5.03762329e+02,
       2.34191358e-01, 1.73993958e+03, 5.03820343e+02, 2.46859133e-01,
       1.63106335e+03, 5.53855957e+02, 2.09866524e-01, 1.63403760e+03,
       5.94991638e+02, 5.16295806e-02, 1.62516321e+03, 6.12715881e+02,
       6.08262457e-02, 1.58981018e+03, 5.95031738e+02, 1.46249235e-01 ]
