%YAML:1.0
---
pose_0: !!opencv-matrix
   rows: 1
   cols: 25
   dt: "3f"
   data: [ 7.18638672e+02, 4.86155914e+02, 8.83086264e-01,
       8.57018066e+02, 4.97911835e+02, 6.08827412e-01, 8.59965698e+02,
       5.68479126e+02, 5.99316478e-01, 9.95283447e+02, 5.74512573e+02,
       1.49177402e-01, 1.06589526e+03, 6.00902832e+02, 1.02062501e-01,
       8.51066162e+02, 4.33069489e+02, 4.94799972e-01, 1.01006055e+03,
       3.71414948e+02, 6.64673805e-01, 1.14244031e+03, 3.39009705e+02,
       8.94909084e-01, 1.12481421e+03, 5.09634064e+02, 5.84048510e-01,
       1.11897620e+03, 5.56768860e+02, 5.81456423e-01, 1.33081555e+03,
       5.50924438e+02, 7.03359663e-01, 1.57811133e+03, 5.12646240e+02,
       6.20729804e-01, 1.13361035e+03, 4.59558960e+02, 6.00904763e-01,
       1.32785474e+03, 4.33050720e+02, 5.68253040e-01, 1.53097986e+03,
       4.24361176e+02, 4.60813880e-01, 7.06893494e+02, 5.03651276e+02,
       7.93835759e-01, 7.12753479e+02, 4.68433563e+02, 8.20459425e-01,
       7.18745544e+02, 5.21391663e+02, 3.38380009e-01, 7.36343262e+02,
       4.39137268e+02, 6.54654384e-01, 1.59873132e+03, 4.03721161e+02,
       3.19552630e-01, 1.59277612e+03, 3.97887360e+02, 3.96382511e-01,
       1.56637866e+03, 4.36089996e+02, 2.46426895e-01, 1.66059607e+03,
       5.30290100e+02, 4.58730549e-01, 1.65756934e+03, 5.33261963e+02,
       4.97814804e-01, 1.60745984e+03, 4.86206207e+02, 3.67125928e-01 ]
