%YAML:1.0
---
pose_0: !!opencv-matrix
   rows: 1
   cols: 25
   dt: "3f"
   data: [ 8.83423218e+02, 4.68508240e+02, 1.10234000e-01,
       9.10034119e+02, 5.30401611e+02, 5.40739357e-01, 8.77576965e+02,
       5.77306091e+02, 4.99137312e-01, 7.80421997e+02, 5.59752258e+02,
       6.62127614e-01, 8.80584717e+02, 4.92055176e+02, 4.14081573e-01,
       9.51236755e+02, 4.92048340e+02, 4.53305304e-01, 9.09970276e+02,
       4.53723511e+02, 2.81938434e-01, 8.06891968e+02, 3.83057220e+02,
       5.38310349e-01, 1.09239771e+03, 5.77377686e+02, 3.13657463e-01,
       1.06301672e+03, 6.09757141e+02, 2.23018229e-01, 1.34850598e+03,
       5.33210999e+02, 5.73914289e-01, 1.64869348e+03, 7.18679504e+02,
       3.83221865e-01, 1.12186560e+03, 5.53775452e+02, 2.57816613e-01,
       1.35444006e+03, 5.30354919e+02, 4.05706733e-01, 1.63402576e+03,
       7.12739197e+02, 2.64169514e-01, 8.71738708e+02, 4.71378113e+02,
       7.80625865e-02, 8.89366150e+02, 4.47890259e+02, 8.30397084e-02,
       0., 0., 0., 0., 0., 0., 1.66639380e+03, 7.39095825e+02,
       5.49476035e-02, 0., 0., 0., 1.65761487e+03, 7.42274231e+02,
       1.56217054e-01, 1.68694312e+03, 7.12792725e+02, 2.42858976e-01,
       1.68101770e+03, 7.24576111e+02, 2.14213654e-01, 1.66637769e+03,
       7.42157288e+02, 2.39995793e-01 ]
