%YAML:1.0
---
pose_0: !!opencv-matrix
   rows: 1
   cols: 25
   dt: "3f"
   data: [ 7.59818542e+02, 5.03730896e+02, 2.41785705e-01,
       8.18708557e+02, 4.36172058e+02, 4.24402177e-01, 8.12834717e+02,
       4.36104950e+02, 2.57924825e-01, 0., 0., 0., 0., 0., 0.,
       8.30443726e+02, 4.33044220e+02, 6.09533668e-01, 9.51164917e+02,
       4.09456787e+02, 7.29108155e-01, 1.10715662e+03, 4.44892975e+02,
       7.43425906e-01, 1.07186072e+03, 4.62564301e+02, 1.89461499e-01,
       1.07775281e+03, 4.77341248e+02, 1.67131692e-01, 1.33964551e+03,
       4.80142029e+02, 2.73150802e-01, 1.56336133e+03, 4.15457916e+02,
       2.57070839e-01, 1.06888623e+03, 4.00770966e+02, 1.84219941e-01,
       1.35134387e+03, 4.80322540e+02, 5.28604031e-01, 1.58400183e+03,
       4.21348846e+02, 3.77342284e-01, 7.45154480e+02, 4.97833282e+02,
       9.86220241e-02, 7.53977112e+02, 4.86205750e+02, 2.32324228e-01,
       0., 0., 0., 7.62773560e+02, 4.53740936e+02, 3.67002428e-01,
       1.63694409e+03, 3.65470245e+02, 2.58749157e-01, 1.63694458e+03,
       3.65533997e+02, 2.43042469e-01, 1.62813538e+03, 4.47825562e+02,
       1.96316645e-01, 0., 0., 0., 0., 0., 0., 1.63701123e+03,
       4.50809753e+02, 7.49636814e-02 ]
