%YAML:1.0
---
pose_0: !!opencv-matrix
   rows: 1
   cols: 25
   dt: "3f"
   data: [ 5.12644043e+02, 5.94998474e+02, 5.18572509e-01,
       6.48068176e+02, 5.36201660e+02, 2.60309756e-01, 6.24526184e+02,
       6.15624817e+02, 1.39043286e-01, 7.18689148e+02, 6.95124939e+02,
       5.51823117e-02, 0., 0., 0., 6.53880127e+02, 4.83240265e+02,
       2.16293961e-01, 7.59860046e+02, 3.91937531e+02, 5.80904067e-01,
       5.21471497e+02, 4.50870026e+02, 6.24723434e-01, 1.04239246e+03,
       5.80320496e+02, 2.78336912e-01, 1.02474084e+03, 6.53944275e+02,
       2.43073583e-01, 1.32788416e+03, 6.92146240e+02, 2.89498210e-01,
       1.70465320e+03, 6.95010193e+02, 1.59049258e-01, 1.05714319e+03,
       5.21458496e+02, 2.92734355e-01, 1.35737158e+03, 5.47906921e+02,
       3.60861391e-01, 1.72232202e+03, 5.47928101e+02, 3.78538728e-01,
       4.86200623e+02, 6.00906006e+02, 2.71448225e-01, 4.86210510e+02,
       5.74354004e+02, 4.22750771e-01, 0., 0., 0., 4.97906189e+02,
       5.27303833e+02, 4.32580262e-01, 1.83123425e+03, 4.97873505e+02,
       2.33196616e-01, 1.83120544e+03, 4.97911987e+02, 2.30253726e-01,
       1.74585107e+03, 5.74443970e+02, 1.78971455e-01, 0., 0., 0., 0.,
       0., 0., 1.71938977e+03, 7.03951782e+02, 1.50429755e-01 ]
