%YAML:1.0
---
pose_0: !!opencv-matrix
   rows: 1
   cols: 25
   dt: "3f"
   data: [ 7.36220520e+02, 4.59572021e+02, 8.63092303e-01,
       8.36416443e+02, 4.71369141e+02, 7.07411170e-01, 8.42230286e+02,
       5.39134338e+02, 6.40519142e-01, 9.51082397e+02, 6.45028503e+02,
       8.86916637e-01, 8.77567810e+02, 6.09783997e+02, 7.26654410e-01,
       8.33442871e+02, 3.94926605e+02, 6.23132586e-01, 9.54140381e+02,
       3.42081787e+02, 7.39735484e-01, 1.04530103e+03, 3.36045044e+02,
       8.55278850e-01, 1.12480017e+03, 4.80170898e+02, 5.26624978e-01,
       1.11893237e+03, 5.27314453e+02, 5.47224998e-01, 1.30427405e+03,
       5.27360046e+02, 4.51548398e-01, 1.50452490e+03, 5.09690002e+02,
       4.37863231e-01, 1.12193542e+03, 4.24288239e+02, 5.16568124e-01,
       1.31321277e+03, 4.42053131e+02, 6.06414139e-01, 1.57512683e+03,
       4.39107178e+02, 4.77552295e-01, 7.15767029e+02, 4.71479218e+02,
       7.79766500e-01, 7.18768921e+02, 4.36211304e+02, 8.25471938e-01,
       7.36304260e+02, 4.97845245e+02, 3.09835494e-01, 7.42286743e+02,
       4.12489563e+02, 6.03014469e-01, 1.64287659e+03, 4.06599731e+02,
       4.43152189e-01, 1.63693359e+03, 4.03683289e+02, 4.72608864e-01,
       1.62222363e+03, 4.56687012e+02, 2.68596888e-01, 1.53981897e+03,
       5.06743713e+02, 7.11610988e-02, 1.53389563e+03, 5.15585754e+02,
       8.36601853e-02, 1.53394531e+03, 5.06672882e+02, 2.58551747e-01 ]
