%YAML:1.0
---
pose_0: !!opencv-matrix
   rows: 1
   cols: 25
   dt: "3f"
   data: [ 7.36357910e+02, 5.30170593e+02, 7.44547665e-01,
       8.33468079e+02, 5.59713074e+02, 7.06220686e-01, 8.33360596e+02,
       6.39140015e+02, 7.55038917e-01, 9.57020081e+02, 6.21508911e+02,
       8.17967236e-01, 9.74562378e+02, 4.77265106e+02, 7.11467862e-01,
       8.30437012e+02, 4.95001282e+02, 5.80520928e-01, 9.83567078e+02,
       4.47823944e+02, 5.65193057e-01, 1.13069495e+03, 4.33208649e+02,
       7.52588511e-01, 1.11305249e+03, 5.59688843e+02, 5.97041905e-01,
       1.10420532e+03, 6.03971863e+02, 5.87420583e-01, 1.33671716e+03,
       6.47974670e+02, 7.18037248e-01, 1.56039563e+03, 7.12807861e+02,
       6.42446995e-01, 1.11600977e+03, 5.06817963e+02, 6.26956344e-01,
       1.31905933e+03, 5.00861603e+02, 6.97620332e-01, 1.53687292e+03,
       4.77205963e+02, 5.29165149e-01, 7.24496643e+02, 5.33312317e+02,
       6.24892592e-01, 7.21557434e+02, 5.12624756e+02, 6.68894649e-01,
       7.42122620e+02, 5.71534729e+02, 6.27799332e-01, 7.39338684e+02,
       5.00869873e+02, 5.81617594e-01, 1.63688806e+03, 4.59627960e+02,
       5.45383811e-01, 1.63399634e+03, 4.53778839e+02, 5.40414512e-01,
       1.56629089e+03, 4.74400024e+02, 2.16413081e-01, 1.62807874e+03,
       6.95045959e+02, 5.48931718e-01, 1.61349060e+03, 7.09857178e+02,
       4.84204531e-01, 1.57809497e+03, 7.30405273e+02, 3.33572894e-01 ]
