%YAML:1.0
---
pose_0: !!opencv-matrix
   rows: 1
   cols: 25
   dt: "3f"
   data: [ 0., 0., 0., 8.33461243e+02, 5.53872131e+02, 1.47755444e-01,
       0., 0., 0., 0., 0., 0., 0., 0., 0., 7.95206543e+02,
       5.77451782e+02, 1.66936725e-01, 0., 0., 0., 0., 0., 0.,
       1.02483203e+03, 5.65578857e+02, 2.88207054e-01, 1.03064478e+03,
       5.39143311e+02, 1.94961205e-01, 1.32794788e+03, 5.39096130e+02,
       5.40505826e-01, 1.63687341e+03, 7.12794617e+02, 4.56486285e-01,
       1.01888159e+03, 5.86206543e+02, 2.34051228e-01, 1.33087439e+03,
       5.27354980e+02, 2.01244205e-01, 1.60457031e+03, 6.89148865e+02,
       2.06138909e-01, 0., 0., 0., 0., 0., 0., 0., 0., 0., 0., 0., 0.,
       1.70754529e+03, 6.12716858e+02, 1.19429752e-01, 1.70457739e+03,
       6.15607239e+02, 1.16509497e-01, 1.62227612e+03, 7.39193115e+02,
       7.37327710e-02, 1.68700830e+03, 7.09814880e+02, 2.02844724e-01,
       1.67812427e+03, 7.24575378e+02, 1.98630854e-01, 1.65753210e+03,
       7.39314209e+02, 2.54920602e-01 ]
