%YAML:1.0
---
pose_0: !!opencv-matrix
   rows: 1
   cols: 25
   dt: "3f"
   data: [ 6.68594910e+02, 3.18308472e+02, 4.01082277e-01,
       7.74554932e+02, 2.88965668e+02, 5.47318816e-01, 7.86310059e+02,
       3.65535004e+02, 4.10899580e-01, 9.12925903e+02, 4.06646606e+02,
       1.92268416e-01, 1.00709265e+03, 4.53744476e+02, 1.53170541e-01,
       7.45187378e+02, 2.18299057e+02, 4.03789997e-01, 8.48143494e+02,
       1.56484772e+02, 2.73527682e-01, 9.10046448e+02, 1.30038132e+02,
       6.60303414e-01, 1.05710742e+03, 3.03641083e+02, 4.88551676e-01,
       1.05126489e+03, 3.59525330e+02, 5.04570901e-01, 1.28380042e+03,
       3.65528748e+02, 3.79717082e-01, 1.33967981e+03, 3.62514313e+02,
       1.00071371e-01, 1.05710583e+03, 2.44858826e+02, 5.05960822e-01,
       1.26612109e+03, 2.24207230e+02, 1.99535802e-01, 0., 0., 0.,
       6.53904968e+02, 3.21363800e+02, 3.27190965e-01, 6.50996033e+02,
       3.06600433e+02, 3.60472977e-01, 6.68691772e+02, 3.38874695e+02,
       6.65691048e-02, 6.65649780e+02, 2.85935394e+02, 4.25565481e-01,
       0., 0., 0., 0., 0., 0., 0., 0., 0., 0., 0., 0., 0., 0., 0.,
       1.36618884e+03, 3.53712982e+02, 5.58410734e-02 ]
