%YAML:1.0
---
pose_0: !!opencv-matrix
   rows: 1
   cols: 25
   dt: "3f"
   data: [ 7.39256653e+02, 4.27317139e+02, 8.42777789e-01, 860.,
       4.56725464e+02, 6.10764265e-01, 8.54074707e+02, 5.30232605e+02,
       6.09039843e-01, 9.83539673e+02, 5.68497986e+02, 6.68251157e-01,
       1.06294897e+03, 5.12618896e+02, 6.76758528e-01, 8.62931702e+02,
       3.89077911e+02, 5.41131139e-01, 1.02180243e+03, 3.56633789e+02,
       7.99527407e-01, 1.08649500e+03, 2.83035583e+02, 7.75937200e-01,
       1.12482983e+03, 4.62588165e+02, 5.57839334e-01, 1.11904456e+03,
       5.12595764e+02, 5.77494979e-01, 1.31617200e+03, 5.27467041e+02,
       7.84090459e-01, 1.56330542e+03, 5.71416321e+02, 6.49708152e-01,
       1.12776758e+03, 4.12601288e+02, 5.85163593e-01, 1.31910876e+03,
       4.03674561e+02, 6.35495126e-01, 1.53986487e+03, 3.88931763e+02,
       5.66891670e-01, 7.24523926e+02, 4.42025269e+02, 7.47142017e-01,
       7.27534119e+02, 4.12579681e+02, 7.94981599e-01, 7.45226501e+02,
       4.80326538e+02, 5.71076989e-01, 7.56939148e+02, 3.94868530e+02,
       1.67626485e-01, 1.61931458e+03, 3.53702972e+02, 3.44535112e-01,
       1.61337305e+03, 3.50760193e+02, 3.89588267e-01, 1.58392456e+03,
       3.86066406e+02, 2.36953303e-01, 1.63386694e+03, 5.65625305e+02,
       4.02332187e-01, 0., 0., 0., 1.58987451e+03, 5.50958252e+02,
       3.68818849e-01 ]
