%YAML:1.0
---
pose_0: !!opencv-matrix
   rows: 1
   cols: 25
   dt: "3f"
   data: [ 0., 0., 0., 8.54027527e+02, 5.03804047e+02, 2.46587515e-01,
       8.36325012e+02, 5.42028503e+02, 5.55068552e-01, 9.45273315e+02,
       6.21529785e+02, 8.27097058e-01, 1.05121594e+03, 5.74409546e+02,
       7.53159165e-01, 8.98187195e+02, 4.62685883e+02, 1.82129055e-01,
       1.01294434e+03, 4.71402161e+02, 3.08613300e-01, 1.10132080e+03,
       4.36187805e+02, 5.39635003e-01, 1.11013428e+03, 5.24402832e+02,
       5.30629098e-01, 1.11008350e+03, 5.56812073e+02, 4.92936105e-01,
       1.29847778e+03, 4.80356750e+02, 8.21405411e-01, 1.49269946e+03,
       6.18620239e+02, 6.13354504e-01, 1.11306616e+03, 4.83187958e+02,
       5.28387129e-01, 1.31319482e+03, 4.68451965e+02, 4.29804027e-01,
       1.53103479e+03, 5.36204895e+02, 6.00641072e-01, 0., 0., 0., 0.,
       0., 0., 7.36308777e+02, 4.80206665e+02, 2.08510190e-01, 0., 0.,
       0., 1.59276416e+03, 4.80173615e+02, 4.38264370e-01,
       1.58694580e+03, 4.80307587e+02, 4.23662037e-01, 1.54282983e+03,
       5.71513367e+02, 3.79224539e-01, 1.52510925e+03, 6.36295532e+02,
       1.68041661e-01, 1.50450647e+03, 6.48104919e+02, 2.25786805e-01,
       1.51335229e+03, 6.27449524e+02, 4.84707505e-01 ]
