%YAML:1.0
---
pose_0: !!opencv-matrix
   rows: 1
   cols: 25
   dt: "3f"
   data: [ 7.15837219e+02, 5.92121399e+02, 8.49063277e-01,
       8.36370361e+02, 5.77397461e+02, 5.73682427e-01, 8.42264404e+02,
       6.45003540e+02, 3.64475846e-01, 9.95327637e+02, 6.51015808e+02,
       5.41770160e-01, 1.07479590e+03, 7.15601196e+02, 8.03644538e-01,
       8.39403625e+02, 5.12603577e+02, 5.84658027e-01, 1.00132690e+03,
       4.62553741e+02, 7.69069374e-01, 1.15715442e+03, 4.15566101e+02,
       7.72475481e-01, 1.12779663e+03, 5.97911377e+02, 5.93290687e-01,
       1.11900757e+03, 6.44978333e+02, 6.35047317e-01, 1.30439746e+03,
       7.56863342e+02, 6.87860131e-01, 1.50158252e+03, 6.42151123e+02,
       3.12232137e-01, 1.13951978e+03, 5.47854858e+02, 5.74000239e-01,
       1.31023779e+03, 6.48102356e+02, 7.32719064e-01, 1.51629199e+03,
       6.48038940e+02, 3.17818761e-01, 7.00964233e+02, 6.03828186e+02,
       7.75482953e-01, 7.06901367e+02, 5.71455933e+02, 7.76403069e-01,
       7.15599121e+02, 6.24528198e+02, 2.31275529e-01, 7.36256592e+02,
       5.42034241e+02, 5.72008550e-01, 0., 0., 0., 0., 0., 0.,
       1.60161414e+03, 6.80395569e+02, 1.42433226e-01, 0., 0., 0., 0.,
       0., 0., 1.53980359e+03, 5.97922791e+02, 1.67443261e-01 ]
