%YAML:1.0
---
pose_0: !!opencv-matrix
   rows: 1
   cols: 25
   dt: "3f"
   data: [ 6.86300903e+02, 4.83166382e+02, 7.45276511e-01,
       8.18742371e+02, 4.86173828e+02, 5.38824439e-01, 7.98123474e+02,
       5.65570862e+02, 2.35050648e-01, 6.80396667e+02, 5.39146851e+02,
       8.95485729e-02, 0., 0., 0., 8.33450745e+02, 4.15548950e+02,
       5.22023797e-01, 9.80689697e+02, 3.59605560e+02, 5.52695036e-01,
       1.14238574e+03, 2.74308502e+02, 7.67869532e-01, 1.13658508e+03,
       4.86122498e+02, 4.83402193e-01, 1.13362805e+03, 5.44995544e+02,
       5.04679739e-01, 1.33970911e+03, 5.59749390e+02, 6.70498848e-01,
       1.61046899e+03, 6.09786133e+02, 5.03126323e-01, 1.13955786e+03,
       4.30205933e+02, 4.82016504e-01, 1.37503674e+03, 4.24291260e+02,
       6.69616103e-01, 1.55162390e+03, 4.21436401e+02, 4.60649014e-01,
       6.68627319e+02, 5.03723114e+02, 6.58154249e-01, 6.71462585e+02,
       4.65596741e+02, 7.24256754e-01, 6.92038147e+02, 5.27308289e+02,
       2.96598792e-01, 6.92136658e+02, 4.39030151e+02, 4.49316531e-01,
       1.64579102e+03, 3.91977295e+02, 4.44401830e-01, 1.63994153e+03,
       3.89064789e+02, 4.61118311e-01, 1.57221594e+03, 4.12612427e+02,
       2.08040804e-01, 1.72824707e+03, 6.15645813e+02, 2.39557430e-01,
       1.71641992e+03, 6.24552612e+02, 2.17563733e-01, 1.63398352e+03,
       6.01020081e+02, 3.27017009e-01 ]
