%YAML:1.0
---
pose_0: !!opencv-matrix
   rows: 1
   cols: 25
   dt: "3f"
   data: [ 7.06843628e+02, 5.50850525e+02, 8.49176824e-01,
       8.15889404e+02, 5.59750183e+02, 7.46181965e-01, 8.09896851e+02,
       6.42157104e+02, 7.11860180e-01, 9.18776733e+02, 7.12718445e+02,
       7.43493080e-01, 1.01296619e+03, 7.39254700e+02, 8.32111001e-01,
       8.33515625e+02, 4.86101105e+02, 6.90123141e-01, 9.62978638e+02,
       4.24349152e+02, 7.49651134e-01, 1.05413550e+03, 3.42025330e+02,
       7.85190642e-01, 1.07182422e+03, 5.80310669e+02, 5.94192386e-01,
       1.07187500e+03, 6.24520569e+02, 6.11652017e-01, 1.28379016e+03,
       6.45160706e+02, 6.58217132e-01, 1.51914539e+03, 6.74609924e+02,
       6.60445511e-01, 1.07182642e+03, 5.30247253e+02, 6.06122196e-01,
       1.28378125e+03, 4.94994965e+02, 4.94992882e-01, 1.51628296e+03,
       4.68466522e+02, 5.05007029e-01, 6.92144958e+02, 5.59733521e+02,
       8.12920392e-01, 6.95115417e+02, 5.30192444e+02, 8.78940642e-01,
       7.12714111e+02, 5.83249084e+02, 6.01135015e-01, 7.18654663e+02,
       5.03786896e+02, 6.60476804e-01, 1.59578674e+03, 4.33112762e+02,
       5.05864322e-01, 1.58988293e+03, 4.30190125e+02, 4.80877519e-01,
       1.53686609e+03, 4.74345703e+02, 2.14001894e-01, 1.58697852e+03,
       7.15631592e+02, 4.41623509e-01, 1.58391833e+03, 7.12814697e+02,
       4.53692317e-01, 1.54277893e+03, 6.68535034e+02, 4.10238266e-01 ]
