%YAML:1.0
---
pose_0: !!opencv-matrix
   rows: 1
   cols: 25
   dt: "3f"
   data: [ 6.71524475e+02, 5.12619324e+02, 7.79320955e-01,
       8.06935608e+02, 4.62635437e+02, 7.07252979e-01, 8.09865723e+02,
       5.53901917e+02, 5.87798893e-01, 9.39440063e+02, 6.24407654e+02,
       6.95221484e-01, 1.05718762e+03, 6.95254150e+02, 7.77885795e-01,
       8.12833374e+02, 3.68359985e+02, 6.46627486e-01, 9.65932739e+02,
       3.15318787e+02, 7.21776426e-01, 1.08944507e+03, 2.50796890e+02,
       7.86696851e-01, 1.09543396e+03, 5.30228210e+02, 5.59999108e-01,
       1.07772632e+03, 5.83229248e+02, 5.64540327e-01, 1.17487598e+03,
       6.36219177e+02, 1.27166495e-01, 1.37207410e+03, 6.09725891e+02,
       7.08785579e-02, 1.11009473e+03, 4.68447754e+02, 4.74101186e-01,
       1.36324536e+03, 4.83221191e+02, 5.95270991e-01, 1.61044690e+03,
       4.83259277e+02, 4.78992820e-01, 6.51023987e+02, 5.21447327e+02,
       3.67379457e-01, 6.56830505e+02, 4.94960052e+02, 6.68854892e-01,
       0., 0., 0., 6.74508179e+02, 4.50819672e+02, 5.54380774e-01,
       1.69879077e+03, 4.59645264e+02, 4.48420912e-01, 1.69580298e+03,
       4.56786041e+02, 4.42755401e-01, 1.65164526e+03, 5.06696014e+02,
       2.45931968e-01, 1.51036536e+03, 6.00926453e+02, 8.44580755e-02,
       0., 0., 0., 0., 0., 0. ]
