%YAML:1.0
---
pose_0: !!opencv-matrix
   rows: 1
   cols: 25
   dt: "3f"
   data: [ 6.36276855e+02, 5.18476746e+02, 7.42048860e-01,
       7.68764771e+02, 5.50909729e+02, 6.15534544e-01, 7.89195618e+02,
       6.36277832e+02, 5.04740834e-01, 9.10025696e+02, 6.92203247e+02,
       3.25536191e-01, 9.39404846e+02, 6.92059204e+02, 4.26955730e-01,
       7.53961121e+02, 4.86127777e+02, 5.40264606e-01, 7.86378845e+02,
       4.30201080e+02, 6.04789376e-01, 8.65776123e+02, 3.97858887e+02,
       6.71798825e-01, 1.09240564e+03, 5.53801575e+02, 4.93784308e-01,
       1.08364624e+03, 6.03913269e+02, 4.83933508e-01, 1.32492651e+03,
       6.24440247e+02, 3.95495504e-01, 1.55159375e+03, 6.21489014e+02,
       2.80374587e-01, 1.08951868e+03, 4.86123779e+02, 4.54368949e-01,
       1.32784070e+03, 5.27360474e+02, 7.04980493e-01, 1.65754077e+03,
       5.39130554e+02, 5.26395023e-01, 6.18615723e+02, 5.30285034e+02,
       7.70823538e-01, 6.24547546e+02, 5.00774841e+02, 8.06321681e-01,
       6.42093445e+02, 5.56782288e+02, 4.37301904e-01, 6.65686646e+02,
       4.80185242e+02, 5.35802066e-01, 1.71641980e+03, 5.06655762e+02,
       2.78588414e-01, 1.71344202e+03, 5.06649261e+02, 3.01822931e-01,
       1.68104968e+03, 5.62666016e+02, 2.49624401e-01, 0., 0., 0., 0.,
       0., 0., 1.58987952e+03, 6.00966187e+02, 1.29439041e-01 ]
