%YAML:1.0
---
pose_0: !!opencv-matrix
   rows: 2
   cols: 25
   dt: "3f"
   data: [ 8.01087463e+02, 4.09636566e+02, 2.50299096e-01,
       8.56924011e+02, 3.44871582e+02, 3.80968541e-01, 8.51102722e+02,
       3.68414459e+02, 3.30727547e-01, 8.24638428e+02, 4.89108185e+02,
       3.49141061e-01, 7.86340210e+02, 6.00900940e+02, 3.63447994e-01,
       8.42249329e+02, 3.56594849e+02, 2.82678038e-01, 8.27578552e+02,
       4.94989014e+02, 1.98701039e-01, 7.86391968e+02, 5.89162109e+02,
       2.23446190e-01, 1.16305835e+03, 3.56641785e+02, 3.66359800e-01,
       1.15719739e+03, 4.09552246e+02, 4.51214343e-01, 1.29257800e+03,
       5.80325928e+02, 7.59501696e-01, 1.52216772e+03, 5.86225708e+02,
       5.82933545e-01, 1.16307214e+03, 3.21373169e+02, 3.12174141e-01,
       1.42795020e+03, 2.80065338e+02, 3.52849603e-01, 1.59573779e+03,
       1.56512314e+02, 2.72958040e-01, 0., 0., 0., 7.89395386e+02,
       3.97874695e+02, 2.82989889e-01, 0., 0., 0., 7.92199341e+02,
       3.62514252e+02, 3.99212599e-01, 1.65754822e+03, 1.27040977e+02,
       9.75176394e-02, 1.65461865e+03, 1.29991959e+02, 1.10670790e-01,
       0., 0., 0., 1.59283142e+03, 6.47974182e+02, 2.59066612e-01,
       1.58983789e+03, 6.45002136e+02, 2.65420705e-01, 1.55452673e+03,
       5.68534729e+02, 4.56339985e-01, 0., 0., 0., 0., 0., 0.,
       9.57050354e+02, 4.06626190e+02, 5.64119481e-02, 1.04828967e+03,
       4.62656372e+02, 4.42290843e-01, 1.14538940e+03, 5.53885376e+02,
       6.14756048e-01, 0., 0., 0., 0., 0., 0., 0., 0., 0., 0., 0., 0.,
       0., 0., 0., 0., 0., 0., 0., 0., 0., 0., 0., 0., 0., 0., 0., 0.,
       0., 0., 0., 0., 0., 0., 0., 0., 0., 0., 0., 0., 0., 0., 0., 0.,
       0., 0., 0., 0., 0., 0., 0., 0., 0., 0., 0., 0., 0., 0., 0., 0. ]
