%YAML:1.0
---
pose_0: !!opencv-matrix
   rows: 1
   cols: 25
   dt: "3f"
   data: [ 5.65580078e+02, 5.62654724e+02, 3.36877674e-01,
       6.50999084e+02, 5.30311584e+02, 3.57768983e-01, 6.53878418e+02,
       5.77368347e+02, 2.32559606e-01, 7.56944275e+02, 6.33331665e+02,
       3.32404435e-01, 6.56825928e+02, 5.83272522e+02, 1.76369920e-01,
       6.50956909e+02, 4.83245972e+02, 3.29990566e-01, 7.89404663e+02,
       4.12564331e+02, 8.03911805e-01, 6.18522888e+02, 5.00882416e+02,
       6.79424882e-01, 1.05123267e+03, 5.36195374e+02, 3.83096337e-01,
       1.06003967e+03, 5.97992798e+02, 3.96852970e-01, 1.33674316e+03,
       6.00957825e+02, 4.47666705e-01, 1.66637170e+03, 5.86189392e+02,
       4.76963401e-01, 1.05710193e+03, 4.77293671e+02, 3.70991528e-01,
       1.35733984e+03, 4.83135620e+02, 4.81825918e-01, 1.57512732e+03,
       4.71462341e+02, 3.53632629e-01, 5.42076233e+02, 5.74397827e+02,
       3.53868067e-01, 5.44996887e+02, 5.42045776e+02, 2.90588200e-01,
       5.62705994e+02, 5.80415894e+02, 1.05671987e-01, 5.53839050e+02,
       5.00819183e+02, 3.61127287e-01, 1.68398560e+03, 4.65502716e+02,
       2.61463732e-01, 1.68114368e+03, 4.62612152e+02, 3.02115291e-01,
       1.68401880e+03, 5.00840668e+02, 1.40547290e-01, 1.76940527e+03,
       6.30324768e+02, 3.08673650e-01, 1.76645850e+03, 6.27421997e+02,
       3.03988189e-01, 1.70463953e+03, 5.59717163e+02, 2.66248912e-01 ]
