%YAML:1.0
---
pose_0: !!opencv-matrix
   rows: 1
   cols: 25
   dt: "3f"
   data: [ 6.65584106e+02, 4.59602325e+02, 9.05455649e-01,
       7.92226196e+02, 4.97872009e+02, 6.95750594e-01, 7.95195313e+02,
       5.80408997e+02, 6.76755309e-01, 9.27644775e+02, 6.45149658e+02,
       8.72517109e-01, 9.83610535e+02, 6.24456055e+02, 7.95446813e-01,
       7.98142883e+02, 4.21343750e+02, 6.20450914e-01, 9.57094360e+02,
       4.06584229e+02, 7.71779239e-01, 8.42281128e+02, 3.83016968e+02,
       7.81669855e-01, 1.09249805e+03, 4.77274689e+02, 5.43298841e-01,
       1.08944934e+03, 5.27311890e+02, 5.83580375e-01, 1.30437915e+03,
       5.53824219e+02, 6.47304595e-01, 1.56338501e+03, 5.83291443e+02,
       5.19786179e-01, 1.09534387e+03, 4.15574371e+02, 5.04315436e-01,
       1.32498169e+03, 4.30207001e+02, 5.24449348e-01, 1.56044971e+03,
       4.47834412e+02, 4.43833858e-01, 6.47932129e+02, 4.77305664e+02,
       8.61731291e-01, 6.53895752e+02, 4.39099030e+02, 8.44681561e-01,
       6.65698669e+02, 5.06695038e+02, 6.86308503e-01, 6.83369019e+02,
       4.24306976e+02, 5.55165529e-01, 1.63701050e+03, 4.18438660e+02,
       2.08095074e-01, 1.63688782e+03, 4.15542877e+02, 1.95825711e-01,
       1.62514136e+03, 4.56746216e+02, 1.37695402e-01, 1.64577380e+03,
       5.53803833e+02, 2.21887335e-01, 1.64283179e+03, 5.71486755e+02,
       1.60436898e-01, 1.58989661e+03, 5.77425110e+02, 2.72517562e-01 ]
