%YAML:1.0
---
pose_0: !!opencv-matrix
   rows: 1
   cols: 25
   dt: "3f"
   data: [ 6.86285828e+02, 5.30297791e+02, 8.53317678e-01,
       8.12730591e+02, 5.47993408e+02, 7.42305219e-01, 8.12774231e+02,
       6.30389893e+02, 7.12233543e-01, 9.06898560e+02, 7.59802917e+02,
       8.16793680e-01, 8.42236511e+02, 7.18720276e+02, 5.80617189e-01,
       8.09970215e+02, 4.71426788e+02, 5.74266672e-01, 9.51239380e+02,
       4.33184601e+02, 6.10064983e-01, 1.02778259e+03, 4.30173462e+02,
       6.94056511e-01, 1.10419568e+03, 5.50822693e+02, 5.26107967e-01,
       1.09539648e+03, 6.00935059e+02, 5.58909476e-01, 1.30438928e+03,
       5.97857483e+02, 3.40970457e-01, 1.58990613e+03, 6.00950684e+02,
       5.11483967e-01, 1.11300122e+03, 4.83289856e+02, 5.17214119e-01,
       1.33670825e+03, 4.77222870e+02, 3.91970575e-01, 1.51919641e+03,
       5.03841156e+02, 5.34142613e-01, 6.71473755e+02, 5.50838928e+02,
       8.17475855e-01, 6.71641235e+02, 5.06871765e+02, 8.13919187e-01,
       6.92119141e+02, 5.77303406e+02, 5.41056037e-01, 7.03980530e+02,
       4.83287964e+02, 6.03736639e-01, 1.63399780e+03, 5.06733734e+02,
       1.70349777e-01, 1.63698633e+03, 4.97912842e+02, 1.94250345e-01,
       1.53688843e+03, 5.06719452e+02, 2.58075595e-01, 1.70174377e+03,
       5.95064453e+02, 3.80539775e-01, 1.68704456e+03, 6.03847046e+02,
       3.32598031e-01, 1.61337708e+03, 5.92065735e+02, 2.87553549e-01 ]
