%YAML:1.0
---
pose_0: !!opencv-matrix
   rows: 1
   cols: 25
   dt: "3f"
   data: [ 6.94982849e+02, 5.53844360e+02, 8.83339524e-01,
       8.24584412e+02, 5.50821472e+02, 6.38530612e-01, 8.36380188e+02,
       6.24433289e+02, 6.54645562e-01, 9.68775818e+02, 6.30397705e+02,
       6.03525043e-01, 1.08359851e+03, 6.89221252e+02, 7.38920212e-01,
       8.18734680e+02, 4.65534637e+02, 6.08619630e-01, 9.68831055e+02,
       4.24291077e+02, 7.35717237e-01, 1.11602209e+03, 3.77248230e+02,
       8.15535545e-01, 1.11007239e+03, 5.53842346e+02, 5.09030461e-01,
       1.10131067e+03, 6.09770691e+02, 4.59987819e-01, 1.30730652e+03,
       5.80405334e+02, 4.73717600e-01, 1.59869934e+03, 5.30372314e+02,
       5.65341175e-01, 1.11306714e+03, 5.06836060e+02, 4.99013901e-01,
       1.29847485e+03, 6.06829590e+02, 6.06210768e-01, 1.54276147e+03,
       6.50957397e+02, 5.03075719e-01, 6.80442932e+02, 5.71463989e+02,
       7.66891479e-01, 6.80370789e+02, 5.33242981e+02, 7.78443098e-01,
       6.92266357e+02, 5.83341736e+02, 2.57851392e-01, 6.95237549e+02,
       5.06771301e+02, 5.67646503e-01, 0., 0., 0., 0., 0., 0.,
       1.58103455e+03, 6.62710083e+02, 2.86628008e-01, 1.63991467e+03,
       4.80287872e+02, 2.18747705e-01, 1.63690112e+03, 4.92040710e+02,
       1.64594278e-01, 1.63399146e+03, 5.15606140e+02, 3.50365698e-01 ]
