%YAML:1.0
---
pose_0: !!opencv-matrix
   rows: 1
   cols: 25
   dt: "3f"
   data: [ 6.92152100e+02, 5.47952332e+02, 1.44440636e-01,
       7.53953735e+02, 6.00897156e+02, 3.97055596e-01, 7.42157349e+02,
       6.65646484e+02, 5.51740885e-01, 8.83610352e+02, 7.27441833e+02,
       7.60185778e-01, 1.05715796e+03, 7.65748230e+02, 8.02497745e-01,
       7.59805420e+02, 5.36166931e+02, 1.45974621e-01, 8.33456299e+02,
       5.00867126e+02, 1.24841481e-01, 7.03968628e+02, 5.03794861e+02,
       3.55434090e-01, 1.07475220e+03, 5.74444580e+02, 5.10813236e-01,
       1.06894055e+03, 6.27401062e+02, 4.75091875e-01, 1.33379553e+03,
       6.24579590e+02, 7.10112929e-01, 1.62808337e+03, 6.53949280e+02,
       6.26464427e-01, 1.07774768e+03, 5.09679413e+02, 4.98571783e-01,
       1.33094092e+03, 4.65488434e+02, 6.87575519e-01, 1.54269800e+03,
       5.33307068e+02, 6.11157835e-01, 6.71607849e+02, 5.42057678e+02,
       1.30442485e-01, 6.83354553e+02, 5.30311279e+02, 7.96406493e-02,
       6.71532898e+02, 5.74422180e+02, 2.06387639e-01, 0., 0., 0.,
       1.63105859e+03, 4.80243134e+02, 4.03211206e-01, 1.61930042e+03,
       4.80309052e+02, 3.90350819e-01, 1.56341736e+03, 5.53901245e+02,
       4.05588120e-01, 1.73700964e+03, 6.42110413e+02, 4.25315857e-01,
       1.72820789e+03, 6.50992615e+02, 3.81191999e-01, 1.63986023e+03,
       6.48065186e+02, 3.19194019e-01 ]
