%YAML:1.0
---
pose_0: !!opencv-matrix
   rows: 1
   cols: 25
   dt: "3f"
   data: [ 7.18714294e+02, 3.53678589e+02, 8.37106466e-01,
       8.33396240e+02, 3.53661896e+02, 7.88876414e-01, 8.15859070e+02,
       4.24276672e+02, 7.29542315e-01, 9.07071716e+02, 5.21476135e+02,
       8.01323056e-01, 8.15807556e+02, 4.39104126e+02, 7.45302022e-01,
       8.39331848e+02, 2.83075684e+02, 6.34985685e-01, 8.89376953e+02,
       1.97673172e+02, 7.74278879e-01, 7.68641174e+02, 1.65346115e+02,
       7.43245542e-01, 1.09537476e+03, 3.80143066e+02, 5.13231158e-01,
       1.09240894e+03, 4.30113800e+02, 4.93004918e-01, 1.30442297e+03,
       4.33199463e+02, 7.05265999e-01, 1.52221204e+03, 4.39060150e+02,
       6.03224397e-01, 1.10128821e+03, 3.21271271e+02, 4.41728681e-01,
       1.36318994e+03, 2.94879211e+02, 4.47125643e-01, 1.55745178e+03,
       2.91753082e+02, 5.36135733e-01, 7.09791809e+02, 3.65482849e+02,
       7.67934859e-01, 7.12777161e+02, 3.38956268e+02, 8.46943498e-01,
       7.21626160e+02, 3.88905365e+02, 2.75587589e-01, 7.27519836e+02,
       3.15516510e+02, 4.89126146e-01, 1.63409045e+03, 2.68384521e+02,
       5.28426766e-01, 1.63109131e+03, 2.68232147e+02, 5.37844121e-01,
       1.58693604e+03, 2.97792114e+02, 2.10077018e-01, 1.60165234e+03,
       4.24342987e+02, 4.46439058e-01, 1.58982043e+03, 4.36128632e+02,
       3.95298123e-01, 1.54574023e+03, 4.44945801e+02, 2.91485190e-01 ]
