%YAML:1.0
---
pose_0: !!opencv-matrix
   rows: 1
   cols: 25
   dt: "3f"
   data: [ 7.65735657e+02, 4.33036407e+02, 8.53376985e-01,
       8.56953735e+02, 4.00753387e+02, 7.11228251e-01, 8.51071716e+02,
       4.50834625e+02, 6.44610286e-01, 9.51061523e+02, 5.24296143e+02,
       8.24936807e-01, 8.45173828e+02, 4.80298645e+02, 8.45731854e-01,
       8.59979004e+02, 3.41971954e+02, 6.18098199e-01, 9.74733276e+02,
       3.15292450e+02, 8.29155326e-01, 8.65826965e+02, 3.44805511e+02,
       7.24534512e-01, 1.12484680e+03, 4.53757050e+02, 5.92855930e-01,
       1.11898267e+03, 5.00796844e+02, 6.20224953e-01, 1.33079456e+03,
       5.12622559e+02, 6.35633290e-01, 1.53396326e+03, 5.27436096e+02,
       6.11253977e-01, 1.13653540e+03, 3.97850189e+02, 5.93982220e-01,
       1.35144690e+03, 4.09562958e+02, 6.33309245e-01, 1.56921411e+03,
       4.27252075e+02, 6.37220025e-01, 7.53984131e+02, 4.39115112e+02,
       7.72601008e-01, 7.53934875e+02, 4.12475708e+02, 7.83793092e-01,
       7.71712769e+02, 4.56701599e+02, 1.64550781e-01, 7.62870483e+02,
       3.85956512e+02, 6.64200127e-01, 1.63396545e+03, 3.94932678e+02,
       4.71868932e-01, 1.62808215e+03, 3.91948364e+02, 5.07480979e-01,
       1.58986890e+03, 4.36146912e+02, 3.64810467e-01, 1.60456323e+03,
       5.06813873e+02, 3.79497558e-01, 1.58986914e+03, 5.24378418e+02,
       2.98969597e-01, 1.56333728e+03, 5.15555664e+02, 3.30185890e-01 ]
