%YAML:1.0
---
pose_0: !!opencv-matrix
   rows: 2
   cols: 25
   dt: "3f"
   data: [ 0., 0., 0., 0., 0., 0., 0., 0., 0., 0., 0., 0., 0., 0., 0.,
       0., 0., 0., 0., 0., 0., 0., 0., 0., 1.10714563e+03,
       5.77340027e+02, 4.24181879e-01, 1.09538733e+03, 6.00880005e+02,
       3.66894215e-01, 1.38091382e+03, 5.30248108e+02, 7.81665444e-01,
       1.64578784e+03, 7.18610352e+02, 2.84188390e-01, 1.11889661e+03,
       5.50893005e+02, 3.05692941e-01, 1.39260669e+03, 5.21440002e+02,
       2.67967284e-01, 1.56637183e+03, 5.77483765e+02, 2.12184072e-01,
       0., 0., 0., 0., 0., 0., 0., 0., 0., 0., 0., 0., 1.61927002e+03,
       5.03701874e+02, 3.28784108e-01, 1.61632544e+03, 5.03760040e+02,
       2.61646569e-01, 1.59870386e+03, 5.92076782e+02, 1.40120447e-01,
       1.70469226e+03, 7.36281311e+02, 3.22063029e-01, 1.68700159e+03,
       7.45092896e+02, 2.93764979e-01, 1.65759766e+03, 7.39299866e+02,
       1.93319470e-01, 0., 0., 0., 0., 0., 0., 8.83534363e+02,
       5.30328674e+02, 5.48655502e-02, 9.27615601e+02, 5.30324219e+02,
       3.54700774e-01, 1.05122693e+03, 4.80194397e+02, 4.34776783e-01,
       0., 0., 0., 0., 0., 0., 0., 0., 0., 0., 0., 0., 0., 0., 0., 0.,
       0., 0., 0., 0., 0., 0., 0., 0., 0., 0., 0., 0., 0., 0., 0., 0.,
       0., 0., 0., 0., 0., 0., 0., 0., 0., 0., 0., 0., 0., 0., 0., 0.,
       0., 0., 0., 0., 0., 0., 0., 0., 0., 0., 0., 0. ]
