%YAML:1.0
---
pose_0: !!opencv-matrix
   rows: 1
   cols: 25
   dt: "3f"
   data: [ 7.65854248e+02, 5.53897949e+02, 6.18046463e-01,
       8.65781250e+02, 5.59728149e+02, 6.13850892e-01, 8.83430786e+02,
       6.15676392e+02, 4.58023548e-01, 9.71740540e+02, 6.92078003e+02,
       8.50996852e-01, 8.62868347e+02, 6.95187622e+02, 8.27068031e-01,
       8.51051331e+02, 5.03817474e+02, 6.23602986e-01, 9.89413330e+02,
       4.36142456e+02, 8.36008549e-01, 8.83476868e+02, 4.95011261e+02,
       7.89413571e-01, 1.14838318e+03, 5.56731812e+02, 5.88769197e-01,
       1.14540442e+03, 6.01071472e+02, 6.29850864e-01, 1.31028516e+03,
       6.24514526e+02, 7.01143205e-01, 1.51922839e+03, 6.33291077e+02,
       6.51385725e-01, 1.15134863e+03, 5.06648193e+02, 5.84330440e-01,
       1.34262268e+03, 5.00758636e+02, 5.58800101e-01, 1.54270020e+03,
       4.56811157e+02, 6.54559076e-01, 7.59891113e+02, 5.59780212e+02,
       5.31547070e-01, 7.62746887e+02, 5.42047180e+02, 5.46274841e-01,
       7.65824951e+02, 5.77419861e+02, 2.33859047e-01, 7.74608337e+02,
       5.21504456e+02, 4.44537640e-01, 1.61050659e+03, 4.30160370e+02,
       3.28791261e-01, 1.60745605e+03, 4.30167480e+02, 3.83125901e-01,
       1.58398083e+03, 4.56607422e+02, 2.35886574e-01, 1.57804724e+03,
       6.80370117e+02, 5.05924404e-01, 1.56931213e+03, 6.77489014e+02,
       4.96460438e-01, 1.54575122e+03, 6.15606445e+02, 4.83264327e-01 ]
