%YAML:1.0
---
pose_0: !!opencv-matrix
   rows: 1
   cols: 25
   dt: "3f"
   data: [ 6.95016724e+02, 5.53713013e+02, 7.88794696e-01,
       7.86301331e+02, 4.77230011e+02, 5.93297899e-01, 7.68712585e+02,
       5.06725067e+02, 4.55310583e-01, 9.04078430e+02, 5.47918518e+02,
       7.43384287e-02, 0., 0., 0., 7.98148193e+02, 4.41999237e+02,
       5.64607799e-01, 9.10040588e+02, 4.09676453e+02, 8.47501040e-01,
       1.03066797e+03, 5.27204102e+02, 7.46634722e-01, 1.01883063e+03,
       4.71426575e+02, 2.96001941e-01, 1.01299402e+03, 5.03828400e+02,
       1.96635172e-01, 1.32786084e+03, 4.83186340e+02, 6.46995723e-01,
       1.51626160e+03, 4.30249695e+02, 4.00175482e-01, 1.01592554e+03,
       4.24313629e+02, 2.81669766e-01, 1.31325049e+03, 5.59733582e+02,
       6.82716966e-01, 1.60753003e+03, 4.30255066e+02, 4.46228981e-01,
       6.80392273e+02, 5.51007996e+02, 5.93950190e-02, 6.77421753e+02,
       5.30352600e+02, 7.36444175e-01, 0., 0., 0., 6.92089417e+02,
       4.83109528e+02, 6.96646154e-01, 1.70471716e+03, 4.77308197e+02,
       1.17632881e-01, 1.70760620e+03, 4.71404968e+02, 9.15000886e-02,
       1.63106348e+03, 4.06660095e+02, 2.67012805e-01, 0., 0., 0., 0.,
       0., 0., 1.56928052e+03, 3.89020508e+02, 1.86969519e-01 ]
