%YAML:1.0
---
pose_0: !!opencv-matrix
   rows: 1
   cols: 25
   dt: "3f"
   data: [ 7.24589905e+02, 5.30379211e+02, 6.55562162e-01,
       8.33428589e+02, 5.68506348e+02, 3.18202615e-01, 8.56954712e+02,
       5.71497559e+02, 1.22636601e-01, 0., 0., 0., 0., 0., 0.,
       8.06941528e+02, 5.50811707e+02, 4.24825788e-01, 7.62763672e+02,
       7.06898499e+02, 4.49146539e-01, 6.45152710e+02, 7.62894653e+02,
       5.15202284e-01, 1.08067493e+03, 6.18575134e+02, 2.14983523e-01,
       1.04835144e+03, 6.71536865e+02, 1.19062111e-01, 1.32792212e+03,
       8.12844543e+02, 5.94919063e-02, 0., 0., 0., 1.08950513e+03,
       5.95010742e+02, 2.84709930e-01, 1.37501453e+03, 7.00965759e+02,
       2.23160982e-01, 1.60453906e+03, 6.71565735e+02, 1.39525622e-01,
       7.27490601e+02, 5.09728699e+02, 5.97469658e-02, 7.42259705e+02,
       5.09682831e+02, 6.64830804e-01, 0., 0., 0., 7.92192932e+02,
       5.09642242e+02, 4.03075188e-01, 1.80471997e+03, 6.77452393e+02,
       7.45734870e-02, 1.80180908e+03, 6.80366394e+02, 8.40210617e-02,
       1.61635205e+03, 6.80395935e+02, 6.72347248e-02, 0., 0., 0., 0.,
       0., 0., 0., 0., 0. ]
