%YAML:1.0
---
pose_0: !!opencv-matrix
   rows: 1
   cols: 25
   dt: "3f"
   data: [ 7.42325623e+02, 3.41951721e+02, 8.76897693e-01,
       8.68810120e+02, 3.44943726e+02, 6.75967336e-01, 8.77498718e+02,
       4.33075867e+02, 7.17989683e-01, 1.00132953e+03, 4.68437836e+02,
       7.11404264e-01, 9.86505127e+02, 5.09754730e+02, 6.50324345e-01,
       8.83417847e+02, 2.50712082e+02, 6.84877455e-01, 1.02189984e+03,
       2.18253113e+02, 7.87771881e-01, 1.14250378e+03, 1.53573090e+02,
       8.81713331e-01, 1.12484033e+03, 3.83059601e+02, 5.81678510e-01,
       1.11592334e+03, 4.33031677e+02, 6.16803646e-01, 1.33674341e+03,
       4.83178925e+02, 6.93284154e-01, 1.53975317e+03, 5.24351868e+02,
       5.47426581e-01, 1.13658447e+03, 3.21407684e+02, 5.62569261e-01,
       1.38093420e+03, 3.24295898e+02, 5.95107019e-01, 1.57218152e+03,
       2.97806580e+02, 6.55334294e-01, 7.36224976e+02, 3.62499725e+02,
       7.84564257e-01, 7.36293396e+02, 3.24272858e+02, 8.30127597e-01,
       7.48161865e+02, 3.86163239e+02, 4.93247896e-01, 7.62761353e+02,
       2.97768097e+02, 4.91788238e-01, 1.63995703e+03, 2.83035126e+02,
       3.19878250e-01, 1.63689795e+03, 2.74226715e+02, 3.75747919e-01,
       1.60158691e+03, 2.94764465e+02, 3.15022498e-01, 1.60165356e+03,
       5.30273743e+02, 2.19516143e-01, 0., 0., 0., 1.56927258e+03,
       5.09687317e+02, 3.18586230e-01 ]
