%YAML:1.0
---
pose_0: !!opencv-matrix
   rows: 1
   cols: 25
   dt: "3f"
   data: [ 7.42173096e+02, 4.65563660e+02, 8.71333957e-01,
       8.59990234e+02, 5.00784668e+02, 7.65172064e-01, 8.51120117e+02,
       5.59720459e+02, 7.54561424e-01, 9.74733093e+02, 6.06832336e+02,
       7.55597115e-01, 1.10133997e+03, 6.51045471e+02, 7.82382071e-01,
       8.71697510e+02, 4.33210571e+02, 5.44728160e-01, 9.27618469e+02,
       4.09715179e+02, 1.46969050e-01, 8.57056641e+02, 4.59840759e+02,
       8.04574713e-02, 1.13948865e+03, 4.68431854e+02, 5.48847377e-01,
       1.13663403e+03, 5.15590576e+02, 5.86076677e-01, 1.35731140e+03,
       5.77403870e+02, 7.59609163e-01, 1.55744165e+03, 6.48100769e+02,
       6.78062856e-01, 1.13365833e+03, 4.12504333e+02, 5.65883517e-01,
       1.34850635e+03, 4.12615112e+02, 6.25810623e-01, 1.57224622e+03,
       4.33131104e+02, 6.83727145e-01, 7.27502563e+02, 4.83076294e+02,
       8.24366212e-01, 7.39116577e+02, 4.53687042e+02, 9.02729034e-01,
       7.42161865e+02, 5.06821320e+02, 6.88946605e-01, 7.65672546e+02,
       4.33031097e+02, 6.21804476e-01, 1.64283044e+03, 4.33193359e+02,
       3.49060357e-01, 1.63702759e+03, 4.21425690e+02, 3.98901999e-01,
       1.60455408e+03, 4.33192993e+02, 2.58703470e-01, 1.63097241e+03,
       6.65699036e+02, 5.15121758e-01, 1.61346558e+03, 6.74574402e+02,
       5.23031771e-01, 1.57811768e+03, 6.45060486e+02, 3.67855012e-01 ]
