%YAML:1.0
---
pose_0: !!opencv-matrix
   rows: 1
   cols: 25
   dt: "3f"
   data: [ 0., 0., 0., 1.01298425e+03, 5.30246948e+02, 3.81852031e-01,
       9.51171570e+02, 5.74469177e+02, 3.36434543e-01, 8.36510925e+02,
       5.53734314e+02, 6.30318582e-01, 0., 0., 0., 1.05712463e+03,
       5.00862915e+02, 2.69052535e-01, 1.11300928e+03, 5.03844330e+02,
       1.91811800e-01, 1.12479712e+03, 4.50812469e+02, 2.20564350e-01,
       1.18371021e+03, 5.74376404e+02, 4.18095261e-01, 1.16897327e+03,
       6.06827087e+02, 3.18172604e-01, 1.41617712e+03, 5.06731812e+02,
       7.65102565e-01, 1.64574622e+03, 7.18584229e+02, 6.82695448e-01,
       1.19255884e+03, 5.33220581e+02, 3.56490284e-01, 1.37802747e+03,
       4.65593506e+02, 6.19345903e-01, 1.50159412e+03, 6.42071289e+02,
       9.68131647e-02, 0., 0., 0., 0., 0., 0., 0., 0., 0., 0., 0., 0.,
       0., 0., 0., 0., 0., 0., 1.48982886e+03, 6.56842529e+02,
       7.89925829e-02, 1.69283423e+03, 7.15664246e+02, 4.04275149e-01,
       1.68404700e+03, 7.24589905e+02, 4.86125052e-01, 1.65169019e+03,
       7.42094727e+02, 5.28123260e-01 ]
