%YAML:1.0
---
pose_0: !!opencv-matrix
   rows: 1
   cols: 25
   dt: "3f"
   data: [ 7.65902832e+02, 4.36174103e+02, 8.71371329e-01,
       8.80501099e+02, 4.36094879e+02, 7.67808080e-01, 8.80581726e+02,
       5.09677032e+02, 7.41283655e-01, 9.95317078e+02, 5.30330872e+02,
       7.93565929e-01, 9.92351868e+02, 4.50820801e+02, 6.94750309e-01,
       8.80477112e+02, 3.68372406e+02, 6.45874918e-01, 1.00423425e+03,
       2.97842896e+02, 7.05157578e-01, 1.02186603e+03, 2.38843567e+02,
       7.42796898e-01, 1.13945068e+03, 4.65556976e+02, 6.18903100e-01,
       1.12188208e+03, 5.09712524e+02, 6.40174747e-01, 1.34258545e+03,
       5.74493713e+02, 7.81687975e-01, 1.51635254e+03, 6.44956604e+02,
       6.62866950e-01, 1.14835303e+03, 4.15578033e+02, 5.86537361e-01,
       1.33090381e+03, 4.33256561e+02, 7.30452538e-01, 1.55158960e+03,
       4.27306946e+02, 6.06465876e-01, 7.56923523e+02, 4.53786163e+02,
       7.69396424e-01, 7.59798340e+02, 4.18497375e+02, 8.03902268e-01,
       7.74630188e+02, 4.68468231e+02, 2.18065307e-01, 7.74600525e+02,
       3.89161163e+02, 6.19838536e-01, 1.61348804e+03, 3.97875244e+02,
       5.65628052e-01, 1.61038220e+03, 3.92015808e+02, 6.10828400e-01,
       1.58683350e+03, 4.33192871e+02, 3.62292051e-01, 1.58389441e+03,
       6.71546326e+02, 5.89876056e-01, 1.56640662e+03, 6.74585205e+02,
       5.96743643e-01, 1.53989539e+03, 6.33298889e+02, 4.04521704e-01 ]
