%YAML:1.0
---
pose_0: !!opencv-matrix
   rows: 1
   cols: 25
   dt: "3f"
   data: [ 7.65780396e+02, 4.03690125e+02, 3.19344729e-01,
       8.92288452e+02, 3.71347076e+02, 3.84980440e-01, 8.86453003e+02,
       4.21404236e+02, 3.41395020e-01, 8.36364746e+02, 4.44962463e+02,
       1.16381623e-01, 0., 0., 0., 8.83448853e+02, 3.27205536e+02,
       3.86242300e-01, 8.86461975e+02, 3.09586517e+02, 2.60295391e-01,
       8.59909485e+02, 3.44847626e+02, 1.00481384e-01, 1.13949158e+03,
       3.86081207e+02, 5.43623805e-01, 1.13364685e+03, 4.36026031e+02,
       5.27489126e-01, 1.35431677e+03, 4.56684723e+02, 7.63461590e-01,
       1.54284277e+03, 4.62600464e+02, 6.99560165e-01, 1.13948816e+03,
       3.30149078e+02, 5.04535973e-01, 1.35439746e+03, 3.33043976e+02,
       5.27593613e-01, 1.55163660e+03, 2.97746674e+02, 5.41591883e-01,
       0., 0., 0., 7.65692932e+02, 3.86167450e+02, 3.76699269e-01, 0.,
       0., 0., 7.89325256e+02, 3.56615204e+02, 4.56314832e-01,
       1.63389282e+03, 2.77206116e+02, 3.69738072e-01, 1.62810803e+03,
       2.74182739e+02, 3.83447826e-01, 1.58398901e+03, 2.94808563e+02,
       2.67397523e-01, 1.60746802e+03, 4.83220612e+02, 5.94247341e-01,
       1.59284290e+03, 4.89101624e+02, 5.65697670e-01, 1.56636206e+03,
       4.53704315e+02, 4.65326488e-01 ]
