%YAML:1.0
---
pose_0: !!opencv-matrix
   rows: 2
   cols: 25
   dt: "3f"
   data: [ 8.04010620e+02, 3.77183105e+02, 4.12298948e-01,
       8.98193115e+02, 4.09644196e+02, 3.09118569e-01, 8.89397522e+02,
       4.47843658e+02, 1.85995251e-01, 8.98179565e+02, 4.47848755e+02,
       5.93366474e-02, 0., 0., 0., 0., 0., 0., 0., 0., 0., 0., 0., 0.,
       1.16900366e+03, 3.88943481e+02, 5.57621837e-01, 1.16903894e+03,
       4.36011139e+02, 5.64863324e-01, 1.36914465e+03, 4.62539886e+02,
       7.35527694e-01, 1.55745898e+03, 4.65576904e+02, 6.09387100e-01,
       1.16607117e+03, 3.38889923e+02, 5.49153805e-01, 1.36914307e+03,
       3.38899750e+02, 7.34757662e-01, 1.56631714e+03, 2.94796082e+02,
       6.12051487e-01, 7.98104065e+02, 3.86160004e+02, 3.31970006e-01,
       7.89322571e+02, 3.68422699e+02, 2.96232343e-01, 8.15839478e+02,
       4.09702606e+02, 3.45080018e-01, 0., 0., 0., 1.64287170e+03,
       2.62471344e+02, 4.32546705e-01, 1.63694897e+03, 2.62433136e+02,
       4.65160996e-01, 1.60750293e+03, 2.94730438e+02, 2.37238660e-01,
       1.61046448e+03, 4.83200928e+02, 4.67328519e-01, 1.60743201e+03,
       4.89049500e+02, 4.51791406e-01, 1.58979797e+03, 4.53784454e+02,
       4.05122489e-01, 0., 0., 0., 8.18785339e+02, 3.65496613e+02,
       8.65242854e-02, 0., 0., 0., 0., 0., 0., 0., 0., 0.,
       8.24630676e+02, 3.15495239e+02, 2.18484968e-01, 7.59825378e+02,
       3.38914612e+02, 7.28300571e-01, 6.89260925e+02, 4.12538910e+02,
       8.30190837e-01, 0., 0., 0., 0., 0., 0., 0., 0., 0., 0., 0., 0.,
       0., 0., 0., 0., 0., 0., 0., 0., 0., 0., 0., 0., 0., 0., 0., 0.,
       0., 0., 0., 0., 0., 0., 0., 0., 0., 0., 0., 0., 0., 0., 0., 0.,
       0., 0., 0., 0., 0., 0., 0. ]
