%YAML:1.0
---
pose_0: !!opencv-matrix
   rows: 1
   cols: 25
   dt: "3f"
   data: [ 7.95219299e+02, 4.09723663e+02, 8.34649324e-01,
       8.83433838e+02, 3.71333405e+02, 7.78708100e-01, 8.83474243e+02,
       4.39154724e+02, 7.99198329e-01, 9.98257507e+02, 3.97795471e+02,
       7.41202235e-01, 9.57054382e+02, 2.74264526e+02, 7.17015743e-01,
       8.83542786e+02, 3.03682587e+02, 6.14237368e-01, 1.03067249e+03,
       2.47635437e+02, 8.19845676e-01, 9.51166199e+02, 1.77065887e+02,
       8.49246323e-01, 1.13952039e+03, 4.36007904e+02, 6.78327262e-01,
       1.11897766e+03, 4.80312256e+02, 6.64288223e-01, 1.30137292e+03,
       5.74512817e+02, 8.32359672e-01, 1.49564099e+03, 6.24407166e+02,
       5.92073321e-01, 1.16014319e+03, 3.86145630e+02, 6.30200267e-01,
       1.35430933e+03, 3.83004852e+02, 6.94137990e-01, 1.55455688e+03,
       3.91912933e+02, 6.11197174e-01, 7.86394409e+02, 4.15613251e+02,
       6.71700835e-01, 7.86381104e+02, 3.91973877e+02, 7.73983300e-01,
       8.12825439e+02, 4.21432404e+02, 7.30113387e-02, 7.92297424e+02,
       3.59518738e+02, 5.65438449e-01, 1.62515576e+03, 3.65535736e+02,
       4.00831103e-01, 1.61633179e+03, 3.62611115e+02, 4.44849133e-01,
       1.58391724e+03, 3.92004242e+02, 2.92281479e-01, 1.47802112e+03,
       6.68558960e+02, 4.18463886e-01, 1.47502722e+03, 6.65639343e+02,
       4.48904335e-01, 1.53983813e+03, 6.21522705e+02, 4.14477944e-01 ]
