%YAML:1.0
---
pose_0: !!opencv-matrix
   rows: 1
   cols: 25
   dt: "3f"
   data: [ 6.48124451e+02, 5.27431274e+02, 8.61238241e-01,
       7.89341248e+02, 5.30210938e+02, 7.45996177e-01, 7.92315674e+02,
       6.24380737e+02, 6.92345619e-01, 9.03963867e+02, 7.45119080e+02,
       7.22397566e-01, 8.36372803e+02, 6.95091492e+02, 1.60731927e-01,
       7.86341553e+02, 4.42024872e+02, 5.38226664e-01, 9.36416077e+02,
       3.86167145e+02, 6.13029957e-01, 9.98227905e+02, 3.91901123e+02,
       7.76267171e-01, 1.07774133e+03, 5.53823547e+02, 5.64576149e-01,
       1.06886792e+03, 6.09730835e+02, 5.73704720e-01, 1.31022461e+03,
       6.30386963e+02, 3.39378774e-01, 1.50159619e+03, 6.24440796e+02,
       1.17810190e-01, 1.08655127e+03, 4.94939087e+02, 5.38045168e-01,
       1.30727271e+03, 5.30412292e+02, 6.21433079e-01, 1.61925891e+03,
       5.59677307e+02, 3.94452780e-01, 6.39141296e+02, 5.47905884e+02,
       7.95470119e-01, 6.39169128e+02, 5.03930237e+02, 8.10904860e-01,
       6.48040771e+02, 5.74341736e+02, 3.74008596e-01, 6.65717896e+02,
       4.80189545e+02, 5.48549414e-01, 1.69878430e+03, 6.18582886e+02,
       2.64637828e-01, 1.70467224e+03, 6.03926636e+02, 2.33797848e-01,
       1.63699207e+03, 5.59737671e+02, 1.66893274e-01, 1.49574231e+03,
       6.62725464e+02, 9.77890417e-02, 1.49267957e+03, 6.59759888e+02,
       1.02543294e-01, 0., 0., 0. ]
