%YAML:1.0
---
pose_0: !!opencv-matrix
   rows: 1
   cols: 25
   dt: "3f"
   data: [ 0., 0., 0., 7.98136780e+02, 6.68629700e+02, 7.88193718e-02,
       0., 0., 0., 0., 0., 0., 0., 0., 0., 7.18675598e+02,
       6.95088684e+02, 7.02850744e-02, 0., 0., 0., 0., 0., 0.,
       1.06892017e+03, 5.53869385e+02, 3.15208077e-01, 1.06884912e+03,
       6.15619751e+02, 2.73368359e-01, 1.09249292e+03, 6.86224121e+02,
       3.63663316e-01, 1.42209131e+03, 6.45163086e+02, 1.86916232e-01,
       1.06884973e+03, 5.00808716e+02, 3.44368607e-01, 1.17486377e+03,
       4.41951630e+02, 2.39777476e-01, 1.41030945e+03, 3.59584229e+02,
       4.23780471e-01, 0., 0., 0., 0., 0., 0., 0., 0., 0., 0., 0., 0.,
       1.53395093e+03, 3.03629242e+02, 2.45428130e-01, 1.53390308e+03,
       2.97806183e+02, 2.42705092e-01, 1.43681628e+03, 3.44883698e+02,
       1.43879473e-01, 0., 0., 0., 0., 0., 0., 0., 0., 0. ]
