%YAML:1.0
---
pose_0: !!opencv-matrix
   rows: 1
   cols: 25
   dt: "3f"
   data: [ 7.59789490e+02, 3.91974518e+02, 8.76386523e-01,
       8.77587646e+02, 4.36094116e+02, 7.55748928e-01, 8.62832764e+02,
       5.21439087e+02, 7.44724691e-01, 1.00113184e+03, 5.51004700e+02,
       8.96234989e-01, 1.04535754e+03, 4.80328247e+02, 8.71130168e-01,
       8.83489624e+02, 3.62410065e+02, 6.20458603e-01, 1.02768262e+03,
       2.94896362e+02, 8.18079054e-01, 1.13961353e+03, 2.44853180e+02,
       8.64849806e-01, 1.14244287e+03, 3.88938110e+02, 5.15059650e-01,
       1.14543384e+03, 4.36105621e+02, 5.50939739e-01, 1.35151929e+03,
       4.80291229e+02, 7.81453013e-01, 1.54865454e+03, 5.68490479e+02,
       6.34671450e-01, 1.13365833e+03, 3.39069641e+02, 5.52717328e-01,
       1.35432312e+03, 3.15446960e+02, 6.72487855e-01, 1.57215979e+03,
       2.94922211e+02, 6.90896511e-01, 7.42128296e+02, 4.12441559e+02,
       8.74773145e-01, 7.45194885e+02, 3.83039032e+02, 8.57788444e-01,
       7.56882996e+02, 4.41942108e+02, 6.74670577e-01, 7.74627014e+02,
       3.65473419e+02, 5.44900417e-01, 1.63989343e+03, 2.94922485e+02,
       5.80609560e-01, 1.63695435e+03, 2.91778595e+02, 5.87476730e-01,
       1.58985046e+03, 2.88954437e+02, 3.08453470e-01, 1.61049402e+03,
       6.06865295e+02, 5.70399761e-01, 1.60460620e+03, 6.06818909e+02,
       5.46275020e-01, 1.57804810e+03, 5.53905090e+02, 4.62968856e-01 ]
