%YAML:1.0
---
pose_0: !!opencv-matrix
   rows: 1
   cols: 25
   dt: "3f"
   data: [ 7.59885376e+02, 3.68381012e+02, 8.76647294e-01,
       8.59909668e+02, 3.68360626e+02, 7.37010598e-01, 8.59892578e+02,
       4.33147705e+02, 7.07099795e-01, 9.80606323e+02, 4.77320526e+02,
       7.07409024e-01, 1.09231177e+03, 5.24289246e+02, 7.65216351e-01,
       8.65785278e+02, 2.97762909e+02, 6.23005331e-01, 9.98311462e+02,
       2.36005753e+02, 5.72443128e-01, 1.00115161e+03, 2.44722702e+02,
       7.02941895e-01, 1.12194470e+03, 3.68367737e+02, 5.50766766e-01,
       1.11601953e+03, 4.18471619e+02, 5.41493654e-01, 1.35141638e+03,
       4.77349548e+02, 6.90867186e-01, 1.55159570e+03, 5.36203308e+02,
       5.49070239e-01, 1.12485425e+03, 3.15335388e+02, 5.05536020e-01,
       1.33080884e+03, 2.97767242e+02, 5.67840755e-01, 1.57805823e+03,
       2.88946991e+02, 5.56630671e-01, 7.42308411e+02, 3.86047455e+02,
       8.12455416e-01, 7.45122375e+02, 3.53638580e+02, 8.19304287e-01,
       7.65721802e+02, 4.06630219e+02, 3.80670369e-01, 7.68648254e+02,
       3.24206848e+02, 5.83973765e-01, 1.64290320e+03, 2.68377258e+02,
       3.91074657e-01, 1.63705981e+03, 2.65421204e+02, 4.60677475e-01,
       1.63099524e+03, 2.91903564e+02, 2.79971123e-01, 1.61054187e+03,
       5.33247070e+02, 2.66316473e-01, 1.61040662e+03, 5.50836487e+02,
       2.57014513e-01, 1.58982764e+03, 5.47949219e+02, 3.21745306e-01 ]
