%YAML:1.0
---
pose_0: !!opencv-matrix
   rows: 1
   cols: 25
   dt: "3f"
   data: [ 6.71513733e+02, 5.12676086e+02, 6.25854015e-01,
       7.48095764e+02, 4.30141998e+02, 6.30958200e-01, 7.39218811e+02,
       4.77250397e+02, 5.27119517e-01, 8.21643616e+02, 5.24362549e+02,
       2.71357983e-01, 8.74614868e+02, 5.53791870e+02, 3.97185475e-01,
       7.59811523e+02, 3.86083160e+02, 6.69859171e-01, 9.27652161e+02,
       3.35925720e+02, 7.05722690e-01, 1.09832813e+03, 3.21381744e+02,
       7.74142027e-01, 1.07773718e+03, 4.80170868e+02, 4.60448146e-01,
       1.07177112e+03, 5.30295227e+02, 4.78284359e-01, 1.31612268e+03,
       5.98020630e+02, 6.24835372e-01, 1.51335608e+03, 4.91995880e+02,
       1.75870731e-01, 1.08656567e+03, 4.18472168e+02, 3.48743469e-01,
       1.34846228e+03, 4.47882324e+02, 5.84599733e-01, 1.63399072e+03,
       4.18470367e+02, 2.89920151e-01, 0., 0., 0., 6.48113281e+02,
       5.03793091e+02, 6.45417690e-01, 0., 0., 0., 6.59749390e+02,
       4.50794586e+02, 5.10224581e-01, 1.72807690e+03, 4.89119415e+02,
       1.14438429e-01, 1.72826550e+03, 4.83187500e+02, 9.96552706e-02,
       1.72225952e+03, 4.80230560e+02, 5.34220412e-02, 1.53974927e+03,
       4.92029388e+02, 7.95898885e-02, 0., 0., 0., 1.53392273e+03,
       4.89082794e+02, 1.24705620e-01 ]
