%YAML:1.0
---
pose_0: !!opencv-matrix
   rows: 2
   cols: 25
   dt: "3f"
   data: [ 7.42123657e+02, 5.53902527e+02, 8.01629186e-01,
       8.39295959e+02, 4.80241150e+02, 5.08870840e-01, 8.18757507e+02,
       5.00825012e+02, 2.98899412e-01, 0., 0., 0., 0., 0., 0.,
       8.60019653e+02, 4.74313293e+02, 5.50810039e-01, 1.01007343e+03,
       4.83240265e+02, 7.67249286e-01, 1.14542163e+03, 5.83244019e+02,
       7.31036484e-01, 1.17781482e+03, 4.36111511e+02, 2.82551676e-01,
       0., 0., 0., 0., 0., 0., 0., 0., 0., 1.18960291e+03,
       4.30233978e+02, 3.69021744e-01, 1.38097375e+03, 5.50879761e+02,
       6.63169265e-01, 1.65166284e+03, 4.18422852e+02, 4.23187315e-01,
       0., 0., 0., 7.33357849e+02, 5.33294434e+02, 7.27371573e-01, 0.,
       0., 0., 7.59765686e+02, 4.86155548e+02, 6.58876121e-01,
       1.72521484e+03, 3.62593048e+02, 3.79564613e-01, 1.72230737e+03,
       3.62588226e+02, 3.49014550e-01, 1.68108606e+03, 4.24310883e+02,
       1.73988849e-01, 0., 0., 0., 0., 0., 0., 0., 0., 0., 0., 0., 0.,
       0., 0., 0., 0., 0., 0., 0., 0., 0., 0., 0., 0., 0., 0., 0., 0.,
       0., 0., 0., 0., 0., 0., 0., 0., 1.19250415e+03, 4.15525696e+02,
       1.50262952e-01, 1.37785034e+03, 5.39107605e+02, 4.62548316e-01,
       1.60164746e+03, 4.27271027e+02, 1.74961612e-01, 0., 0., 0., 0.,
       0., 0., 0., 0., 0., 0., 0., 0., 0., 0., 0., 0., 0., 0., 0., 0.,
       0., 0., 0., 0., 0., 0., 0., 0., 0., 0., 0., 0., 0., 0., 0., 0.,
       0., 0., 0. ]
