%YAML:1.0
---
pose_0: !!opencv-matrix
   rows: 1
   cols: 25
   dt: "3f"
   data: [ 7.56849792e+02, 5.06691437e+02, 7.74860561e-01,
       8.33397400e+02, 4.42002563e+02, 5.43897867e-01, 8.27489868e+02,
       4.42016022e+02, 4.11858529e-01, 9.15869324e+02, 5.09680359e+02,
       3.51207823e-01, 8.36405151e+02, 5.44999634e+02, 5.94721556e-01,
       8.33552002e+02, 4.39042999e+02, 7.72439957e-01, 9.68841736e+02,
       5.30168091e+02, 8.65815580e-01, 8.48103027e+02, 5.71398621e+02,
       7.86258817e-01, 1.13068506e+03, 4.18476105e+02, 3.92511129e-01,
       1.13956055e+03, 3.89073334e+02, 3.48261237e-01, 1.34559949e+03,
       4.65576508e+02, 3.71861964e-01, 1.61049487e+03, 4.15464233e+02,
       2.99175590e-01, 1.11896545e+03, 4.53717041e+02, 2.97813743e-01,
       1.34558545e+03, 4.77342102e+02, 6.02611661e-01, 1.62807910e+03,
       4.24292969e+02, 3.04203629e-01, 7.39263245e+02, 5.06761078e+02,
       6.49305508e-02, 7.42142700e+02, 4.89089142e+02, 7.66096592e-01,
       0., 0., 0., 7.51031982e+02, 4.50837463e+02, 6.52862310e-01,
       1.67815564e+03, 3.74286407e+02, 2.39348799e-01, 1.68102966e+03,
       3.80122620e+02, 1.73981756e-01, 1.65456555e+03, 4.42012573e+02,
       1.42619193e-01, 1.68115015e+03, 3.68400940e+02, 4.08991188e-01,
       1.68108496e+03, 3.83075409e+02, 3.01747888e-01, 0., 0., 0. ]
