%YAML:1.0
---
pose_0: !!opencv-matrix
   rows: 1
   cols: 25
   dt: "3f"
   data: [ 7.42115356e+02, 5.21412476e+02, 8.56734991e-01,
       8.68813843e+02, 5.06781158e+02, 7.13176847e-01, 8.83486206e+02,
       5.83302795e+02, 5.38753211e-01, 1.00123291e+03, 6.53881409e+02,
       8.35482121e-01, 8.83563538e+02, 6.45044861e+02, 8.21116447e-01,
       8.62884949e+02, 4.30192535e+02, 6.61612988e-01, 9.71719177e+02,
       3.41793762e+02, 8.67216110e-01, 1.04523279e+03, 3.86166534e+02,
       8.98500323e-01, 1.13952112e+03, 5.53866089e+02, 5.91896296e-01,
       1.12486768e+03, 6.01012085e+02, 5.98831892e-01, 1.38681726e+03,
       6.95142273e+02, 6.86121404e-01, 1.58691345e+03, 6.18604736e+02,
       4.63375807e-01, 1.14539087e+03, 5.00868927e+02, 5.43015182e-01,
       1.33970935e+03, 5.68572449e+02, 6.85893655e-01, 1.64876257e+03,
       4.83179565e+02, 6.54571772e-01, 7.30380188e+02, 5.36164795e+02,
       7.85489261e-01, 7.27537537e+02, 5.03750122e+02, 8.23935390e-01,
       7.45238342e+02, 5.65593872e+02, 2.60111928e-01, 7.59872131e+02,
       4.74395386e+02, 4.17621434e-01, 1.71935498e+03, 4.27271027e+02,
       2.76347548e-01, 1.71051794e+03, 4.30199280e+02, 2.74311960e-01,
       1.67811694e+03, 4.83231873e+02, 2.31323987e-01, 1.66637061e+03,
       6.30392212e+02, 3.31486583e-01, 1.66040100e+03, 6.44976624e+02,
       3.71485859e-01, 1.65760706e+03, 6.21461914e+02, 2.33028889e-01 ]
