%YAML:1.0
---
pose_0: !!opencv-matrix
   rows: 1
   cols: 25
   dt: "3f"
   data: [ 5.36148315e+02, 5.27233215e+02, 8.56593013e-01,
       6.30385803e+02, 5.74495422e+02, 6.77697897e-01, 6.21523010e+02,
       6.36288574e+02, 5.12722075e-01, 7.86245361e+02, 7.42117371e+02,
       7.83545256e-01, 5.56771423e+02, 6.71650513e+02, 7.80547619e-01,
       6.39205872e+02, 5.06755066e+02, 5.51341712e-01, 8.33415100e+02,
       4.30149078e+02, 7.42369115e-01, 6.00938354e+02, 4.56621674e+02,
       5.64313412e-01, 1.06298181e+03, 5.59731934e+02, 4.41858441e-01,
       1.04828271e+03, 6.24562439e+02, 4.58416760e-01, 1.23667993e+03,
       6.92188782e+02, 6.69813007e-02, 0., 0., 0., 1.06009241e+03,
       4.89067413e+02, 4.22377855e-01, 1.26021851e+03, 4.39020233e+02,
       2.64535159e-01, 1.55161169e+03, 4.33140625e+02, 1.17545590e-01,
       5.06793823e+02, 5.44971558e+02, 8.61450434e-01, 5.27365784e+02,
       5.03779968e+02, 8.70873690e-01, 5.12657166e+02, 5.92080017e+02,
       5.61006844e-01, 5.59678040e+02, 4.80319733e+02, 9.65563804e-02,
       0., 0., 0., 0., 0., 0., 0., 0., 0., 0., 0., 0., 0., 0., 0., 0.,
       0., 0. ]
