%YAML:1.0
---
pose_0: !!opencv-matrix
   rows: 1
   cols: 25
   dt: "3f"
   data: [ 6.95119019e+02, 5.47963867e+02, 6.55502617e-01,
       7.68721680e+02, 4.62640930e+02, 4.61950541e-01, 7.56889038e+02,
       4.92012848e+02, 2.64279932e-01, 0., 0., 0., 0., 0., 0.,
       7.89344116e+02, 4.42048126e+02, 4.75322545e-01, 9.30568970e+02,
       4.12696503e+02, 8.26592803e-01, 1.08357788e+03, 5.03743591e+02,
       7.09043145e-01, 1.08068591e+03, 4.59695038e+02, 3.49440813e-01,
       1.07772351e+03, 4.91987000e+02, 2.27365717e-01, 1.32782837e+03,
       4.86212189e+02, 4.09927279e-01, 1.49274243e+03, 4.30255981e+02,
       3.44297826e-01, 1.08654358e+03, 4.12567749e+02, 3.17570180e-01,
       1.32786206e+03, 5.53935303e+02, 5.78079164e-01, 1.59574573e+03,
       4.33058777e+02, 3.93611610e-01, 6.86208679e+02, 5.42019653e+02,
       5.80091141e-02, 6.89217407e+02, 5.30154663e+02, 6.18590415e-01,
       0., 0., 0., 7.01038147e+02, 4.83173126e+02, 5.50719917e-01, 0.,
       0., 0., 0., 0., 0., 1.63102527e+03, 3.91999695e+02,
       2.12492421e-01, 0., 0., 0., 0., 0., 0., 1.51627795e+03,
       4.09582275e+02, 1.48982495e-01 ]
