%YAML:1.0
---
pose_0: !!opencv-matrix
   rows: 1
   cols: 25
   dt: "3f"
   data: [ 7.42260132e+02, 4.80154510e+02, 8.88017893e-01,
       8.59911438e+02, 5.06844360e+02, 7.80623376e-01, 8.51142761e+02,
       5.68567810e+02, 7.51257062e-01, 9.65870544e+02, 6.12651123e+02,
       6.89751923e-01, 1.08943323e+03, 6.53860413e+02, 7.87442625e-01,
       8.71737244e+02, 4.50850189e+02, 5.18407702e-01, 9.36494812e+02,
       4.39026337e+02, 9.14277658e-02, 0., 0., 0., 1.13364392e+03,
       4.77279816e+02, 5.29288471e-01, 1.13361633e+03, 5.27314087e+02,
       5.49964666e-01, 1.35142615e+03, 5.77396301e+02, 7.52438664e-01,
       1.55747595e+03, 6.50939392e+02, 6.56014025e-01, 1.13068445e+03,
       4.18444092e+02, 5.31479061e-01, 1.33083252e+03, 4.18463715e+02,
       6.76603019e-01, 1.56922913e+03, 4.30110168e+02, 6.64422870e-01,
       7.27460388e+02, 4.86250092e+02, 8.18865716e-01, 7.39269958e+02,
       4.56768066e+02, 9.20644641e-01, 7.42114929e+02, 5.21471191e+02,
       7.05740392e-01, 7.65867249e+02, 4.36202087e+02, 6.67026341e-01,
       1.63684814e+03, 4.41992950e+02, 2.67599344e-01, 1.63393188e+03,
       4.24359070e+02, 3.01671356e-01, 1.58986890e+03, 4.18502380e+02,
       2.94032902e-01, 1.63096130e+03, 6.68534241e+02, 5.06353974e-01,
       1.61347119e+03, 6.77419617e+02, 5.03061175e-01, 1.58685889e+03,
       6.48051208e+02, 3.68127763e-01 ]
