%YAML:1.0
---
pose_0: !!opencv-matrix
   rows: 2
   cols: 25
   dt: "3f"
   data: [ 7.33386902e+02, 5.44955750e+02, 2.99465984e-01,
       7.98138367e+02, 4.77231079e+02, 4.67784762e-01, 7.89384949e+02,
       4.83219696e+02, 2.67096281e-01, 0., 0., 0., 0., 0., 0.,
       7.98088806e+02, 4.56797943e+02, 6.17313981e-01, 9.51064697e+02,
       4.30165192e+02, 6.28744006e-01, 1.10129712e+03, 4.39119202e+02,
       7.12952793e-01, 1.00418195e+03, 4.83206909e+02, 8.78294185e-02,
       0., 0., 0., 0., 0., 0., 0., 0., 0., 0., 0., 0., 0., 0., 0., 0.,
       0., 0., 7.15645386e+02, 5.39079285e+02, 9.06022564e-02,
       7.21655396e+02, 5.30262939e+02, 3.14204514e-01, 0., 0., 0.,
       7.30445190e+02, 4.83310974e+02, 4.62718517e-01, 0., 0., 0., 0.,
       0., 0., 0., 0., 0., 0., 0., 0., 0., 0., 0., 0., 0., 0., 0., 0.,
       0., 0., 0., 0., 0., 0., 0., 0., 0., 0., 0., 0., 0., 0., 0., 0.,
       0., 0., 0., 0., 0., 0., 1.11300903e+03, 5.03817078e+02,
       2.39181414e-01, 1.11596497e+03, 5.06767883e+02, 2.21471116e-01,
       1.30728064e+03, 5.44990601e+02, 1.17768362e-01, 1.52508740e+03,
       4.56689484e+02, 3.22104484e-01, 1.11601831e+03, 4.97931702e+02,
       1.99319333e-01, 1.36324121e+03, 5.27303406e+02, 2.85775155e-01,
       1.56337952e+03, 4.59759918e+02, 3.08893114e-01, 0., 0., 0., 0.,
       0., 0., 0., 0., 0., 0., 0., 0., 1.64281946e+03, 4.21362732e+02,
       1.44776165e-01, 1.63990601e+03, 4.21399109e+02, 1.35221973e-01,
       1.58396375e+03, 4.68489288e+02, 1.93314388e-01, 0., 0., 0., 0.,
       0., 0., 1.53396362e+03, 4.15640472e+02, 1.32710814e-01 ]
