%YAML:1.0
---
pose_0: !!opencv-matrix
   rows: 1
   cols: 25
   dt: "3f"
   data: [ 7.15761841e+02, 4.91991211e+02, 8.42076778e-01,
       8.12771118e+02, 4.39021210e+02, 5.34805954e-01, 7.86332397e+02,
       4.74325226e+02, 4.00017858e-01, 8.59928223e+02, 5.30221130e+02,
       6.18507229e-02, 0., 0., 0., 8.36376099e+02, 4.12631073e+02,
       6.15406930e-01, 9.39434937e+02, 5.27332703e+02, 8.20561051e-01,
       8.15771667e+02, 5.53696350e+02, 7.79720068e-01, 1.09245203e+03,
       4.47905029e+02, 3.20954263e-01, 1.06597095e+03, 4.77307098e+02,
       1.90333754e-01, 1.22783313e+03, 4.27284088e+02, 6.74178749e-02,
       0., 0., 0., 1.11010266e+03, 4.24327179e+02, 2.78619766e-01,
       1.33382593e+03, 4.80233612e+02, 5.69631577e-01, 1.59573889e+03,
       4.09648346e+02, 3.52151692e-01, 6.98018127e+02, 4.97857849e+02,
       5.73025525e-01, 6.98164185e+02, 4.68457642e+02, 7.55733788e-01,
       0., 0., 0., 7.18745911e+02, 4.27243622e+02, 6.41351938e-01,
       1.68402014e+03, 3.65518127e+02, 3.00439328e-01, 1.68408655e+03,
       3.65514984e+02, 2.66167432e-01, 1.63691101e+03, 4.15471436e+02,
       1.87263995e-01, 0., 0., 0., 0., 0., 0., 0., 0., 0. ]
