%YAML:1.0
---
pose_0: !!opencv-matrix
   rows: 1
   cols: 25
   dt: "3f"
   data: [ 7.92267395e+02, 4.15496979e+02, 8.43519866e-01,
       8.98138611e+02, 3.86052338e+02, 6.76107347e-01, 8.98151733e+02,
       4.53756653e+02, 6.68063939e-01, 1.02186890e+03, 4.41995270e+02,
       8.18816185e-01, 1.01596771e+03, 3.12460327e+02, 7.45669723e-01,
       8.95204224e+02, 3.24293427e+02, 5.16539276e-01, 1.04818140e+03,
       2.71296234e+02, 8.65111411e-01, 9.98311218e+02, 1.91780014e+02,
       8.06331396e-01, 1.14540942e+03, 4.39140411e+02, 6.35094464e-01,
       1.13067981e+03, 4.86219849e+02, 6.32094502e-01, 1.30736523e+03,
       5.53732361e+02, 6.74054086e-01, 1.49577100e+03, 6.00945801e+02,
       6.51356816e-01, 1.16594873e+03, 3.89093689e+02, 6.12683773e-01,
       1.37203650e+03, 3.86105652e+02, 6.34755492e-01, 1.56037463e+03,
       3.91963135e+02, 6.53562307e-01, 7.86273560e+02, 4.30205170e+02,
       6.65797114e-01, 7.86212830e+02, 4.06574036e+02, 8.04258466e-01,
       8.09910400e+02, 4.33254456e+02, 5.95426597e-02, 7.92301697e+02,
       3.65562958e+02, 6.33745432e-01, 1.62228113e+03, 3.80174988e+02,
       4.63182569e-01, 1.61631653e+03, 3.68470459e+02, 5.11902690e-01,
       1.58395776e+03, 3.94943115e+02, 3.30373943e-01, 1.48975391e+03,
       6.68516541e+02, 5.06598055e-01, 1.47800208e+03, 6.59817505e+02,
       4.56568927e-01, 1.52512207e+03, 6.01006592e+02, 4.43769813e-01 ]
