%YAML:1.0
---
pose_0: !!opencv-matrix
   rows: 2
   cols: 25
   dt: "3f"
   data: [ 0., 0., 0., 8.12829834e+02, 5.74467468e+02, 1.23626806e-01,
       8.80480530e+02, 5.42055786e+02, 5.47621250e-02, 0., 0., 0., 0.,
       0., 0., 7.74615601e+02, 6.42120667e+02, 2.33049527e-01,
       6.98012329e+02, 7.42265747e+02, 6.12539709e-01, 4.83191498e+02,
       7.03917969e+02, 7.49496460e-01, 0., 0., 0., 0., 0., 0., 0., 0.,
       0., 0., 0., 0., 0., 0., 0., 0., 0., 0., 0., 0., 0., 0., 0., 0.,
       0., 0., 0., 0., 0., 0., 0., 0., 0., 0., 0., 0., 0., 0., 0., 0.,
       0., 0., 0., 0., 0., 0., 0., 0., 0., 0., 0., 0., 0., 0., 0., 0.,
       0., 0., 0., 0., 0., 0., 0., 0., 0., 0., 0., 0., 0., 0., 0., 0.,
       0., 0., 0., 1.04533289e+03, 5.98033569e+02, 1.45643264e-01,
       1.06302319e+03, 6.50973389e+02, 1.88968912e-01, 1.44565576e+03,
       6.71531677e+02, 6.98272064e-02, 1.73405884e+03, 6.80370483e+02,
       2.36750752e-01, 1.02180359e+03, 5.27373474e+02, 1.44188479e-01,
       1.30726733e+03, 4.83149017e+02, 1.49120659e-01, 1.53098523e+03,
       4.59732758e+02, 1.87582344e-01, 0., 0., 0., 0., 0., 0., 0., 0.,
       0., 0., 0., 0., 1.64285791e+03, 4.33079681e+02, 1.00249141e-01,
       1.64286572e+03, 4.33144379e+02, 1.20297693e-01, 1.64872083e+03,
       4.65554321e+02, 1.08846627e-01, 0., 0., 0., 0., 0., 0.,
       1.75173633e+03, 6.71533813e+02, 9.20717120e-02 ]
