%YAML:1.0
---
pose_0: !!opencv-matrix
   rows: 1
   cols: 25
   dt: "3f"
   data: [ 5.53841553e+02, 5.50994629e+02, 8.11442256e-01,
       7.01024658e+02, 5.30227722e+02, 4.54905480e-01, 6.95085327e+02,
       6.12713623e+02, 3.16237301e-01, 8.53954102e+02, 7.18597412e+02,
       5.93035519e-01, 8.12823669e+02, 6.95109863e+02, 9.99923050e-02,
       7.12723816e+02, 4.33174622e+02, 3.66221964e-01, 8.95248047e+02,
       3.88979095e+02, 7.63477087e-01, 7.86290649e+02, 4.00826477e+02,
       6.21272564e-01, 1.06595203e+03, 5.30261963e+02, 4.20620799e-01,
       1.06596057e+03, 5.94994263e+02, 4.39131260e-01, 1.33091418e+03,
       6.00871277e+02, 4.99605447e-01, 1.66640564e+03, 5.86181396e+02,
       4.87740099e-01, 1.06005579e+03, 4.68437561e+02, 4.37179655e-01,
       1.31610522e+03, 4.33102966e+02, 1.78482026e-01, 1.50447913e+03,
       3.88950775e+02, 2.25093231e-01, 5.39151917e+02, 5.74429932e+02,
       7.72918105e-01, 5.36193970e+02, 5.27414673e+02, 7.57768869e-01,
       5.56825195e+02, 5.94967163e+02, 1.35850519e-01, 5.62638611e+02,
       4.86198669e+02, 4.58030134e-01, 1.52511096e+03, 3.94922821e+02,
       1.24321982e-01, 1.51625293e+03, 3.83077515e+02, 1.58667833e-01,
       1.52803442e+03, 3.85987701e+02, 1.88767344e-01, 1.77516028e+03,
       6.39177795e+02, 2.96644360e-01, 1.76941357e+03, 6.36210388e+02,
       2.86011457e-01, 1.69874658e+03, 5.62712158e+02, 2.68278390e-01 ]
