%YAML:1.0
---
pose_0: !!opencv-matrix
   rows: 1
   cols: 25
   dt: "3f"
   data: [ 7.39304199e+02, 5.03813385e+02, 9.30540800e-01,
       8.51120056e+02, 5.33323181e+02, 7.38500059e-01, 8.33509338e+02,
       5.97967224e+02, 8.36150885e-01, 9.48265747e+02, 6.21650146e+02,
       8.14066648e-01, 1.08656006e+03, 6.36269348e+02, 7.82270074e-01,
       8.68732117e+02, 4.80311310e+02, 5.99378526e-01, 0., 0., 0., 0.,
       0., 0., 1.11897375e+03, 4.89119995e+02, 5.79941154e-01,
       1.11893237e+03, 5.36233154e+02, 5.81801951e-01, 1.32494409e+03,
       5.77396545e+02, 7.67157137e-01, 1.55457703e+03, 6.59778320e+02,
       6.18487716e-01, 1.11888892e+03, 4.36213409e+02, 5.82256973e-01,
       1.33092615e+03, 4.35996185e+02, 7.01137960e-01, 1.56343933e+03,
       4.39113831e+02, 6.72979116e-01, 7.21544922e+02, 5.15540833e+02,
       8.62867951e-01, 7.36269165e+02, 4.83250793e+02, 8.84132087e-01,
       7.36281555e+02, 5.50825500e+02, 7.71025479e-01, 7.59878906e+02,
       4.77178131e+02, 6.25380933e-01, 1.63994873e+03, 4.27293060e+02,
       3.84766400e-01, 1.63691943e+03, 4.21382690e+02, 4.21504468e-01,
       1.60743713e+03, 4.53757141e+02, 3.01012605e-01, 1.63389575e+03,
       6.65611328e+02, 5.54325104e-01, 1.61635876e+03, 6.74512756e+02,
       5.17970502e-01, 1.57510925e+03, 6.56861328e+02, 3.05481374e-01 ]
