%YAML:1.0
---
pose_0: !!opencv-matrix
   rows: 1
   cols: 25
   dt: "3f"
   data: [ 7.59853027e+02, 4.36196198e+02, 8.47734392e-01,
       8.53967346e+02, 4.53682556e+02, 6.64775372e-01, 8.33314697e+02,
       5.06683838e+02, 8.06075394e-01, 9.21696533e+02, 4.21410706e+02,
       7.73451805e-01, 9.15842957e+02, 2.91817322e+02, 7.76115000e-01,
       8.71692566e+02, 4.00782349e+02, 3.40072662e-01, 9.98285706e+02,
       3.68422302e+02, 5.07643938e-01, 1.10124573e+03, 2.94826691e+02,
       2.60307789e-01, 1.11297729e+03, 4.80207550e+02, 5.91569185e-01,
       1.09838232e+03, 5.30187134e+02, 5.46008527e-01, 1.32201111e+03,
       5.94929443e+02, 5.94715595e-01, 1.53097656e+03, 6.77446228e+02,
       5.28763294e-01, 1.11600476e+03, 4.30176239e+02, 5.60419679e-01,
       1.33673767e+03, 3.53733826e+02, 6.37172818e-01, 1.56331873e+03,
       2.71366974e+02, 4.50849563e-01, 7.42243347e+02, 4.56729767e+02,
       8.27572763e-01, 7.42313843e+02, 4.24359222e+02, 7.90321469e-01,
       7.62774292e+02, 4.83216431e+02, 5.51751673e-01, 7.65761353e+02,
       4.03686218e+02, 3.81342232e-01, 1.65746167e+03, 2.06580460e+02,
       3.85419786e-01, 1.65456677e+03, 2.06529831e+02, 3.31534743e-01,
       1.56628625e+03, 2.85976196e+02, 1.70752421e-01, 1.60460046e+03,
       6.65593262e+02, 3.85601789e-01, 1.59573157e+03, 6.74499146e+02,
       3.06821316e-01, 1.55160400e+03, 6.92131836e+02, 2.99216658e-01 ]
