%YAML:1.0
---
pose_0: !!opencv-matrix
   rows: 1
   cols: 25
   dt: "3f"
   data: [ 7.51038513e+02, 4.59777710e+02, 8.40644777e-01,
       8.30536682e+02, 4.77308899e+02, 6.70993149e-01, 8.24636414e+02,
       5.27371643e+02, 5.97563982e-01, 9.24653748e+02, 5.03708832e+02,
       6.90186262e-01, 9.24699890e+02, 3.44922119e+02, 7.41443336e-01,
       8.27539551e+02, 4.15565277e+02, 5.35628915e-01, 9.98249146e+02,
       3.83017212e+02, 5.27867138e-01, 1.11885193e+03, 2.97751343e+02,
       2.30813429e-01, 1.12187061e+03, 5.06709442e+02, 6.08963966e-01,
       1.11603674e+03, 5.53800781e+02, 6.09305441e-01, 1.33968323e+03,
       6.21417419e+02, 5.51733732e-01, 1.53101953e+03, 6.92113708e+02,
       5.78318596e-01, 1.13074719e+03, 4.59560547e+02, 5.97560644e-01,
       1.32790552e+03, 3.89122589e+02, 4.49518412e-01, 1.54569409e+03,
       3.39009766e+02, 4.64640468e-01, 7.39238220e+02, 4.80214386e+02,
       8.45519841e-01, 7.42126221e+02, 4.47886688e+02, 8.23429585e-01,
       7.53927612e+02, 5.06659180e+02, 5.82132280e-01, 7.62764282e+02,
       4.27254913e+02, 5.79602003e-01, 1.63396436e+03, 2.85967926e+02,
       1.60320669e-01, 1.63108276e+03, 2.85990265e+02, 1.42623529e-01,
       1.56925879e+03, 3.24254700e+02, 3.59682202e-01, 1.61033569e+03,
       6.89195862e+02, 3.68475020e-01, 1.59864746e+03, 6.98055542e+02,
       3.27627003e-01, 1.54280151e+03, 6.98046875e+02, 4.10998285e-01 ]
