%YAML:1.0
---
pose_0: !!opencv-matrix
   rows: 1
   cols: 25
   dt: "3f"
   data: [ 7.65901367e+02, 4.18417725e+02, 8.60471547e-01,
       8.98165344e+02, 4.42015991e+02, 7.02829182e-01, 9.01122009e+02,
       5.30351318e+02, 7.20924139e-01, 9.86468750e+02, 6.24412476e+02,
       8.30529749e-01, 1.07776245e+03, 6.21549622e+02, 7.73074985e-01,
       8.86372620e+02, 3.65516541e+02, 6.35615349e-01, 1.02475745e+03,
       2.91812683e+02, 8.27835083e-01, 1.14247424e+03, 2.12372025e+02,
       8.32708359e-01, 1.15129944e+03, 4.21375183e+02, 5.50867081e-01,
       1.14841284e+03, 4.74364929e+02, 5.73496461e-01, 1.35147742e+03,
       5.15538940e+02, 7.20834315e-01, 1.54569714e+03, 5.68599609e+02,
       6.28411710e-01, 1.14839514e+03, 3.65444763e+02, 5.88799179e-01,
       1.34853564e+03, 3.24260010e+02, 3.51961076e-01, 1.56633838e+03,
       3.00713928e+02, 5.03679454e-01, 7.56927917e+02, 4.33193817e+02,
       8.27363908e-01, 7.62762146e+02, 4.03700592e+02, 8.56995225e-01,
       7.68743835e+02, 4.56721558e+02, 5.95821977e-01, 7.86238831e+02,
       3.74317719e+02, 5.74850917e-01, 1.63997791e+03, 2.53659164e+02,
       2.90420979e-01, 1.63990222e+03, 2.53602936e+02, 3.07612777e-01,
       1.58983728e+03, 2.97753906e+02, 2.12347314e-01, 1.60745996e+03,
       6.03956116e+02, 5.54878414e-01, 1.59869360e+03, 6.03936096e+02,
       5.26396334e-01, 1.57224878e+03, 5.53821167e+02, 4.58614320e-01 ]
