%YAML:1.0
---
pose_0: !!opencv-matrix
   rows: 1
   cols: 25
   dt: "3f"
   data: [ 7.45142761e+02, 4.39143921e+02, 8.50588262e-01,
       8.57068176e+02, 4.41965637e+02, 6.74509704e-01, 8.74588623e+02,
       5.18467285e+02, 6.59066141e-01, 9.95317261e+02, 5.47994934e+02,
       7.32769728e-01, 1.10420496e+03, 6.09779053e+02, 6.73631728e-01,
       8.42303040e+02, 3.86028900e+02, 5.88135481e-01, 9.98136780e+02,
       3.39070679e+02, 8.02665412e-01, 1.09545813e+03, 3.41960876e+02,
       8.59077811e-01, 1.07482483e+03, 4.24334961e+02, 3.82131517e-01,
       1.07776587e+03, 4.00788849e+02, 2.50898749e-01, 1.32491455e+03,
       4.09491150e+02, 6.14155412e-01, 1.54282288e+03, 4.12469116e+02,
       5.39178789e-01, 0., 0., 0., 0., 0., 0., 0., 0., 0.,
       7.33385498e+02, 4.56668793e+02, 8.09398413e-01, 7.39178894e+02,
       4.24310944e+02, 8.49946082e-01, 7.45190857e+02, 4.77260101e+02,
       2.77853400e-01, 7.59838745e+02, 3.97790771e+02, 6.84773326e-01,
       0., 0., 0., 0., 0., 0., 0., 0., 0., 1.61341492e+03,
       3.89023407e+02, 4.44065630e-01, 1.61042456e+03, 4.03727753e+02,
       3.82563889e-01, 1.56926331e+03, 4.12493683e+02, 2.80473799e-01 ]
