%YAML:1.0
---
pose_0: !!opencv-matrix
   rows: 1
   cols: 25
   dt: "3f"
   data: [ 6.24406128e+02, 5.24314758e+02, 2.24266648e-01,
       6.74514709e+02, 4.94942719e+02, 2.58854389e-01, 6.24511780e+02,
       5.47911499e+02, 1.94995403e-01, 5.33201721e+02, 5.12687866e+02,
       1.92102015e-01, 0., 0., 0., 7.24558838e+02, 4.44935913e+02,
       1.30655378e-01, 0., 0., 0., 0., 0., 0., 1.06884265e+03,
       5.68522888e+02, 4.68343914e-01, 1.04829004e+03, 6.27497986e+02,
       4.85309303e-01, 1.33086768e+03, 6.51030762e+02, 5.18695533e-01,
       1.68406067e+03, 6.80353882e+02, 5.60602546e-01, 1.07776367e+03,
       5.03735168e+02, 4.57159638e-01, 1.38380957e+03, 5.18490540e+02,
       4.04798150e-01, 1.60456250e+03, 4.83190247e+02, 4.55009699e-01,
       6.12716797e+02, 5.24368958e+02, 1.92160696e-01, 6.21475891e+02,
       5.09686279e+02, 1.92477494e-01, 0., 0., 0., 6.21527893e+02,
       4.83239471e+02, 1.46631509e-01, 1.70753357e+03, 4.41996979e+02,
       4.81607020e-01, 1.70464941e+03, 4.42014038e+02, 4.95769799e-01,
       1.70166125e+03, 4.97859711e+02, 1.84388548e-01, 1.79883435e+03,
       6.62715759e+02, 1.28753304e-01, 0., 0., 0., 1.71053650e+03,
       6.59810486e+02, 2.31283784e-01 ]
