%YAML:1.0
---
pose_0: !!opencv-matrix
   rows: 1
   cols: 25
   dt: "3f"
   data: [ 7.30392334e+02, 5.53759766e+02, 8.26343000e-01,
       8.56946472e+02, 5.71538452e+02, 7.81751752e-01, 8.42226074e+02,
       6.44971313e+02, 6.32424653e-01, 9.77792664e+02, 7.15832275e+02,
       8.04722905e-01, 1.09550586e+03, 7.65874146e+02, 7.63784528e-01,
       8.77502808e+02, 4.94966339e+02, 6.29214883e-01, 9.74579956e+02,
       3.89140198e+02, 7.35417902e-01, 9.98168945e+02, 2.62468506e+02,
       5.76268733e-01, 1.11602441e+03, 5.97888855e+02, 6.23028398e-01,
       1.11008557e+03, 6.44940308e+02, 5.78600466e-01, 1.31028857e+03,
       6.68536926e+02, 5.69689155e-01, 1.53388477e+03, 6.95004822e+02,
       5.79276800e-01, 1.11904333e+03, 5.44969971e+02, 5.88419735e-01,
       1.32789307e+03, 5.09742249e+02, 5.73947310e-01, 1.53396387e+03,
       4.74379272e+02, 6.06622636e-01, 7.15676941e+02, 5.62693420e+02,
       6.81510866e-01, 7.21593872e+02, 5.33212341e+02, 7.52489626e-01,
       7.33315430e+02, 5.94946289e+02, 3.17801237e-01, 7.56895569e+02,
       5.15532471e+02, 5.14201880e-01, 1.61631628e+03, 4.09652008e+02,
       5.23174047e-01, 1.61344031e+03, 4.09699219e+02, 4.50496316e-01,
       1.56333435e+03, 4.77330322e+02, 2.83437073e-01, 1.58695239e+03,
       6.71510315e+02, 2.62832373e-01, 0., 0., 0., 1.56044165e+03,
       6.98020569e+02, 3.34659666e-01 ]
