%YAML:1.0
---
pose_0: !!opencv-matrix
   rows: 1
   cols: 25
   dt: "3f"
   data: [ 7.71623962e+02, 4.36048004e+02, 8.56859326e-01,
       8.83399353e+02, 4.33040039e+02, 8.06489944e-01, 8.62868469e+02,
       5.03842285e+02, 8.24096441e-01, 9.51036804e+02, 5.15562073e+02,
       8.28555763e-01, 8.71667297e+02, 3.94944336e+02, 7.63710022e-01,
       9.04038391e+02, 3.53680542e+02, 6.15011454e-01, 9.95370972e+02,
       2.68314636e+02, 8.57988358e-01, 9.42329041e+02, 2.21146927e+02,
       8.12314868e-01, 1.13661682e+03, 4.77298096e+02, 6.53404832e-01,
       1.11900476e+03, 5.24316956e+02, 6.38388157e-01, 1.32486450e+03,
       5.77273376e+02, 8.00183892e-01, 1.51620422e+03, 6.47943237e+02,
       6.83889627e-01, 1.14549304e+03, 4.24352692e+02, 5.89375854e-01,
       1.33673132e+03, 4.33167145e+02, 6.02770925e-01, 1.55747729e+03,
       4.27318634e+02, 6.05288088e-01, 7.62671326e+02, 4.50830994e+02,
       7.71848261e-01, 7.62698792e+02, 4.15582184e+02, 8.30462098e-01,
       7.83305969e+02, 4.68506622e+02, 3.36535752e-01, 7.83458435e+02,
       3.88968964e+02, 5.51083207e-01, 1.61354944e+03, 4.00772858e+02,
       5.84879875e-01, 1.61045068e+03, 3.94884552e+02, 6.39608562e-01,
       1.58398132e+03, 4.33257721e+02, 3.21001381e-01, 1.58686279e+03,
       6.74463806e+02, 5.66142261e-01, 1.57516638e+03, 6.74564087e+02,
       5.71921289e-01, 1.53987048e+03, 6.39222534e+02, 3.71454418e-01 ]
