%YAML:1.0
---
pose_0: !!opencv-matrix
   rows: 1
   cols: 25
   dt: "3f"
   data: [ 0., 0., 0., 8.15766968e+02, 5.12657654e+02, 3.45919281e-01,
       8.33419067e+02, 5.03781250e+02, 4.01728392e-01, 9.74704834e+02,
       5.18529175e+02, 6.48504734e-01, 1.08948682e+03, 4.18440826e+02,
       7.50122726e-01, 8.12834534e+02, 5.21409241e+02, 2.48478889e-01,
       0., 0., 0., 0., 0., 0., 1.14247498e+03, 5.24358337e+02,
       5.47451735e-01, 1.13661853e+03, 5.59711853e+02, 4.78142500e-01,
       1.37491272e+03, 4.59667145e+02, 8.17139149e-01, 1.60757300e+03,
       6.53858643e+02, 6.03047013e-01, 1.15128394e+03, 4.83200897e+02,
       4.81202751e-01, 1.35140295e+03, 4.15519257e+02, 4.62615192e-01,
       1.56628125e+03, 5.09742981e+02, 5.11841416e-01, 0., 0., 0., 0.,
       0., 0., 7.86395630e+02, 4.62633698e+02, 1.02971882e-01,
       7.50996521e+02, 5.27349060e+02, 1.08915240e-01, 1.61336963e+03,
       4.42001068e+02, 1.89562947e-01, 1.60755579e+03, 4.41981659e+02,
       1.84588060e-01, 1.58391321e+03, 5.33203613e+02, 2.90428370e-01,
       1.66343079e+03, 6.65654968e+02, 2.39998773e-01, 1.64876257e+03,
       6.74547424e+02, 2.87698567e-01, 1.61932153e+03, 6.80358582e+02,
       4.57363605e-01 ]
