%YAML:1.0
---
pose_0: !!opencv-matrix
   rows: 1
   cols: 25
   dt: "3f"
   data: [ 7.65737793e+02, 4.77340790e+02, 8.73297215e-01,
       8.83438782e+02, 5.03821167e+02, 8.26919913e-01, 8.68719910e+02,
       5.68588440e+02, 7.26138651e-01, 9.68845642e+02, 6.30343994e+02,
       7.41227508e-01, 1.06881482e+03, 7.15680908e+02, 8.23632360e-01,
       8.98134644e+02, 4.36184753e+02, 6.73148870e-01, 1.03650452e+03,
       3.80147644e+02, 7.39697814e-01, 1.11901978e+03, 3.00732819e+02,
       8.26956868e-01, 1.13959143e+03, 4.83196991e+02, 5.97875535e-01,
       1.13959644e+03, 5.30314270e+02, 6.01674736e-01, 1.35146497e+03,
       5.50966064e+02, 7.51956224e-01, 1.55456677e+03, 5.62648865e+02,
       5.91941059e-01, 1.13945471e+03, 4.30251282e+02, 5.93739152e-01,
       1.32795251e+03, 4.32993683e+02, 7.40992010e-01, 1.57223499e+03,
       4.27222015e+02, 6.95768237e-01, 7.51034241e+02, 4.89056030e+02,
       8.12264323e-01, 7.59872314e+02, 4.56770264e+02, 9.02600527e-01,
       7.65731323e+02, 5.24416260e+02, 6.51772499e-01, 7.86260071e+02,
       4.36159332e+02, 6.94347918e-01, 1.63401282e+03, 4.65524719e+02,
       1.59642279e-01, 1.63406299e+03, 4.39040833e+02, 1.85632825e-01,
       1.59572937e+03, 4.12504272e+02, 3.33669603e-01, 1.61330701e+03,
       5.95051208e+02, 1.74681932e-01, 1.61345337e+03, 5.89157654e+02,
       2.21704692e-01, 1.58983521e+03, 5.45030151e+02, 4.00311321e-01 ]
