%YAML:1.0
---
pose_0: !!opencv-matrix
   rows: 1
   cols: 25
   dt: "3f"
   data: [ 6.59756348e+02, 4.86207275e+02, 7.95443833e-01,
       7.77562744e+02, 4.86218781e+02, 6.55906618e-01, 7.80462402e+02,
       5.59697693e+02, 4.33976084e-01, 9.12898682e+02, 5.80378662e+02,
       1.72103062e-01, 0., 0., 0., 7.80462769e+02, 3.97821991e+02,
       6.02404237e-01, 9.27632629e+02, 3.38834106e+02, 7.75264025e-01,
       1.07181384e+03, 2.91920288e+02, 8.24586868e-01, 1.09546191e+03,
       4.65536316e+02, 4.65797991e-01, 1.09534082e+03, 5.27286499e+02,
       4.71790373e-01, 1.31907983e+03, 4.86131104e+02, 5.78414321e-01,
       1.63688660e+03, 4.50797668e+02, 3.65619183e-01, 1.09542236e+03,
       3.91928070e+02, 4.18349177e-01, 1.28962561e+03, 4.09526672e+02,
       3.10629398e-01, 1.43384375e+03, 4.27267975e+02, 2.22766861e-01,
       6.44980774e+02, 5.06788849e+02, 8.48874927e-01, 6.45090698e+02,
       4.74286255e+02, 8.05847645e-01, 6.62682312e+02, 5.30401855e+02,
       3.23077947e-01, 6.71542297e+02, 4.44941986e+02, 5.85451484e-01,
       0., 0., 0., 0., 0., 0., 1.46622302e+03, 4.15551086e+02,
       1.21025041e-01, 1.75462476e+03, 4.18500244e+02, 2.29391307e-01,
       1.74871826e+03, 4.33106232e+02, 1.76620036e-01, 1.66044727e+03,
       4.15607361e+02, 1.71404928e-01 ]
