%YAML:1.0
---
pose_0: !!opencv-matrix
   rows: 1
   cols: 25
   dt: "3f"
   data: [ 5.77431580e+02, 5.06783447e+02, 7.30122387e-01,
       6.71539551e+02, 5.65620850e+02, 2.84452975e-01, 6.09749146e+02,
       6.33304749e+02, 1.05469584e-01, 0., 0., 0., 0., 0., 0.,
       7.18706848e+02, 5.00854156e+02, 4.71051812e-01, 7.80420471e+02,
       5.33267395e+02, 5.93380928e-01, 5.62667236e+02, 6.50927002e+02,
       7.30143785e-01, 1.09833948e+03, 5.18499756e+02, 2.39232600e-01,
       1.10712683e+03, 5.86216919e+02, 2.04955876e-01, 1.17193201e+03,
       6.48056213e+02, 1.92439765e-01, 1.75765417e+03, 6.71651917e+02,
       2.94681489e-01, 1.09246057e+03, 4.44968292e+02, 3.08023602e-01,
       1.35143896e+03, 3.44861359e+02, 1.62166432e-01, 1.63691589e+03,
       2.21297440e+02, 2.73739576e-01, 5.53747742e+02, 5.24420471e+02,
       6.64381266e-01, 5.71498047e+02, 4.86242706e+02, 5.65589964e-01,
       5.71449402e+02, 5.89134827e+02, 2.55112052e-01, 5.98035400e+02,
       4.74374512e+02, 1.09288439e-01, 0., 0., 0., 0., 0., 0.,
       1.66340186e+03, 2.27151627e+02, 2.06656560e-01, 0., 0., 0., 0.,
       0., 0., 1.77828271e+03, 6.71521973e+02, 1.83175519e-01 ]
