%YAML:1.0
---
pose_0: !!opencv-matrix
   rows: 1
   cols: 25
   dt: "3f"
   data: [ 7.65710449e+02, 4.74330719e+02, 6.04981303e-01,
       8.74586670e+02, 4.39076080e+02, 6.62716150e-01, 8.95231628e+02,
       5.24349915e+02, 4.99580890e-01, 1.02766553e+03, 5.80305481e+02,
       8.60975504e-01, 9.30502625e+02, 5.77385315e+02, 7.95146823e-01,
       8.59987366e+02, 3.68407135e+02, 6.49710000e-01, 9.51214111e+02,
       2.94810730e+02, 8.74872863e-01, 1.00999426e+03, 3.12495483e+02,
       8.11059713e-01, 1.16598755e+03, 4.80233521e+02, 5.46915829e-01,
       1.15719373e+03, 5.30286255e+02, 4.98218417e-01, 1.36911108e+03,
       5.30364563e+02, 4.22024667e-01, 1.51922351e+03, 5.45029419e+02,
       4.99732554e-01, 1.17192444e+03, 4.27285492e+02, 5.41026473e-01,
       1.36027100e+03, 4.56722626e+02, 6.70746565e-01, 1.58398816e+03,
       4.47847748e+02, 5.88087082e-01, 7.56877625e+02, 4.77337830e+02,
       3.66145432e-01, 7.56869141e+02, 4.59604401e+02, 6.09233916e-01,
       7.62846130e+02, 4.86146484e+02, 5.65973222e-02, 7.62782166e+02,
       4.33191223e+02, 6.89743996e-01, 1.63983923e+03, 4.12649872e+02,
       3.32000285e-01, 1.63691931e+03, 4.15554291e+02, 3.73612046e-01,
       1.62804456e+03, 4.50847534e+02, 2.82362700e-01, 1.57222266e+03,
       5.42089233e+02, 2.20878959e-01, 1.56627209e+03, 5.50929016e+02,
       1.90226540e-01, 1.54866895e+03, 5.30370056e+02, 3.70441496e-01 ]
