%YAML:1.0
---
pose_0: !!opencv-matrix
   rows: 1
   cols: 25
   dt: "3f"
   data: [ 7.42215698e+02, 3.62395142e+02, 8.67993116e-01,
       8.62864929e+02, 3.65478088e+02, 7.39813387e-01, 8.71668396e+02,
       4.53669159e+02, 6.78222835e-01, 9.95269592e+02, 4.80332062e+02,
       7.28157818e-01, 9.83492432e+02, 5.30176392e+02, 8.24487090e-01,
       8.68758362e+02, 2.83080322e+02, 5.81894934e-01, 1.01584595e+03,
       2.27201431e+02, 7.57441223e-01, 1.13366272e+03, 1.74168671e+02,
       8.14792871e-01, 1.12195532e+03, 3.89067444e+02, 5.91482401e-01,
       1.11603394e+03, 4.36188568e+02, 6.47455037e-01, 1.34263342e+03,
       4.89139069e+02, 6.57117903e-01, 1.55161279e+03, 5.39102661e+02,
       5.29565275e-01, 1.13071716e+03, 3.38904419e+02, 5.84287405e-01,
       1.35734045e+03, 3.41806458e+02, 6.15225136e-01, 1.56920935e+03,
       2.97862793e+02, 6.68891668e-01, 7.27469727e+02, 3.68518768e+02,
       7.49352574e-01, 7.39113403e+02, 3.38904236e+02, 8.83320749e-01,
       7.42248047e+02, 3.91997192e+02, 4.76073384e-01, 7.65798523e+02,
       3.12441559e+02, 5.43795884e-01, 1.63686951e+03, 2.68259552e+02,
       5.04080653e-01, 1.63104480e+03, 2.65423431e+02, 5.24999797e-01,
       1.59575183e+03, 2.94906921e+02, 2.92558312e-01, 1.61345593e+03,
       5.30291504e+02, 4.64227945e-01, 1.61040491e+03, 5.45036133e+02,
       4.16607380e-01, 1.58993396e+03, 5.56787354e+02, 2.96399742e-01 ]
