%YAML:1.0
---
pose_0: !!opencv-matrix
   rows: 1
   cols: 25
   dt: "3f"
   data: [ 7.39233154e+02, 3.33087189e+02, 8.34644854e-01,
       8.57007996e+02, 3.41987427e+02, 7.69911766e-01, 8.42296387e+02,
       4.15508881e+02, 5.89226365e-01, 9.71788513e+02, 5.06680176e+02,
       8.54474425e-01, 8.74640015e+02, 5.39106812e+02, 6.69221878e-01,
       8.77544434e+02, 2.56578003e+02, 6.23823702e-01, 9.98248291e+02,
       1.94793915e+02, 8.09686780e-01, 1.00134967e+03, 7.11376038e+01,
       4.94468570e-01, 1.13069788e+03, 3.65590454e+02, 5.94573915e-01,
       1.12193408e+03, 4.12658051e+02, 6.00005031e-01, 1.33375500e+03,
       4.27293427e+02, 7.42973089e-01, 1.53975427e+03, 4.53653229e+02,
       6.64591134e-01, 1.13659094e+03, 3.15454315e+02, 5.79865336e-01,
       1.35737451e+03, 3.09577148e+02, 6.05832219e-01, 1.57803857e+03,
       2.91909363e+02, 6.42983198e-01, 7.21609314e+02, 3.47763336e+02,
       7.91282415e-01, 7.24529602e+02, 3.15456055e+02, 8.26440096e-01,
       7.42101929e+02, 3.74250824e+02, 5.48786640e-01, 7.48124146e+02,
       2.94843933e+02, 4.70061779e-01, 1.64868262e+03, 2.65348724e+02,
       4.30720448e-01, 1.63705164e+03, 2.62395935e+02, 4.80825245e-01,
       1.60158630e+03, 2.86009125e+02, 2.38866031e-01, 1.60458716e+03,
       4.56626251e+02, 5.27489960e-01, 1.58987805e+03, 4.65534424e+02,
       4.91435945e-01, 1.56042834e+03, 4.39018829e+02, 3.71081680e-01 ]
