%YAML:1.0
---
pose_0: !!opencv-matrix
   rows: 3
   cols: 25
   dt: "3f"
   data: [ 7.71600159e+02, 4.59725281e+02, 1.88396499e-01,
       8.42282104e+02, 5.30241699e+02, 3.96246463e-01, 8.39297791e+02,
       5.50950562e+02, 5.94176710e-01, 9.74746826e+02, 6.00981934e+02,
       7.39851117e-01, 1.11906274e+03, 6.24557922e+02, 7.59252906e-01,
       8.71704285e+02, 4.86130676e+02, 1.74742714e-01, 0., 0., 0., 0.,
       0., 0., 1.12186890e+03, 5.09714905e+02, 5.22953153e-01,
       1.11603748e+03, 5.50898987e+02, 4.50165957e-01, 1.34558301e+03,
       4.80281219e+02, 7.49271512e-01, 1.52222046e+03, 5.50849976e+02,
       4.45479155e-01, 1.12482397e+03, 4.71435394e+02, 4.95771110e-01,
       1.34853735e+03, 4.86133759e+02, 4.09896642e-01, 1.51037744e+03,
       5.80292908e+02, 3.98781776e-01, 7.65733154e+02, 4.71403931e+02,
       1.28123075e-01, 7.65808167e+02, 4.56668854e+02, 6.42826259e-02,
       7.77469482e+02, 4.86172394e+02, 2.37944648e-01, 0., 0., 0.,
       1.59287903e+03, 4.59724701e+02, 1.33070618e-01, 1.58989978e+03,
       4.62560669e+02, 8.51411521e-02, 1.52217773e+03, 6.06866882e+02,
       3.91977876e-01, 1.59577478e+03, 4.68476898e+02, 4.11400050e-01,
       1.59572791e+03, 4.83179962e+02, 3.28628957e-01, 1.54271887e+03,
       5.97932129e+02, 2.68796384e-01, 0., 0., 0., 0., 0., 0., 0., 0.,
       0., 0., 0., 0., 0., 0., 0., 8.98191406e+02, 4.80289612e+02,
       1.76972941e-01, 1.04538269e+03, 4.50762299e+02, 5.63237190e-01,
       1.12186072e+03, 3.77204224e+02, 7.61746168e-01, 0., 0., 0., 0.,
       0., 0., 0., 0., 0., 0., 0., 0., 0., 0., 0., 0., 0., 0., 0., 0.,
       0., 0., 0., 0., 0., 0., 0., 0., 0., 0., 0., 0., 0., 0., 0., 0.,
       0., 0., 0., 0., 0., 0., 0., 0., 0., 0., 0., 0., 0., 0., 0., 0.,
       0., 0., 0., 0., 0., 0., 0., 0., 0., 0., 0., 0., 0., 0.,
       8.36289185e+02, 5.50917358e+02, 3.34567696e-01, 9.62927795e+02,
       6.06789368e+02, 1.88120604e-01, 0., 0., 0., 0., 0., 0., 0., 0.,
       0., 0., 0., 0., 0., 0., 0., 0., 0., 0., 0., 0., 0., 0., 0., 0.,
       0., 0., 0., 0., 0., 0., 0., 0., 0., 7.42290405e+02,
       5.50832825e+02, 2.22165957e-01, 0., 0., 0., 0., 0., 0., 0., 0.,
       0., 0., 0., 0., 0., 0., 0., 0., 0., 0. ]
