%YAML:1.0
---
pose_0: !!opencv-matrix
   rows: 1
   cols: 25
   dt: "3f"
   data: [ 7.48032471e+02, 3.41941315e+02, 8.58332813e-01,
       8.77599854e+02, 3.42048370e+02, 6.96052551e-01, 8.80596191e+02,
       4.30207367e+02, 6.77402377e-01, 9.98352844e+02, 4.83230560e+02,
       5.47730803e-01, 1.01886572e+03, 4.68452393e+02, 4.82246906e-01,
       8.86372620e+02, 2.47816956e+02, 6.77332997e-01, 1.02766394e+03,
       2.15293365e+02, 7.75496483e-01, 1.14541382e+03, 1.50543365e+02,
       8.52490246e-01, 1.13958667e+03, 3.80197601e+02, 6.38224244e-01,
       1.12481689e+03, 4.27303864e+02, 6.31508946e-01, 1.33079736e+03,
       4.77336121e+02, 7.56121099e-01, 1.51922375e+03, 5.00876068e+02,
       5.69683194e-01, 1.14839490e+03, 3.24230072e+02, 5.75744092e-01,
       1.33094189e+03, 3.24232788e+02, 6.96055651e-01, 1.57510950e+03,
       2.94978668e+02, 6.02078080e-01, 7.36317993e+02, 3.62543304e+02,
       8.29131007e-01, 7.39164368e+02, 3.24317596e+02, 8.25926900e-01,
       7.48108459e+02, 3.88905060e+02, 3.05509299e-01, 7.62809387e+02,
       2.97833984e+02, 5.38047135e-01, 1.63991528e+03, 2.71327545e+02,
       5.49826503e-01, 1.63406189e+03, 2.68414886e+02, 5.96022785e-01,
       1.60450171e+03, 2.94889648e+02, 2.60535479e-01, 1.56924854e+03,
       4.65564606e+02, 2.86430180e-01, 1.56043933e+03, 4.83177765e+02,
       2.24519596e-01, 1.55162915e+03, 5.00822906e+02, 2.65795588e-01 ]
