%YAML:1.0
---
pose_0: !!opencv-matrix
   rows: 1
   cols: 25
   dt: "3f"
   data: [ 6.83303406e+02, 5.06842590e+02, 8.26692581e-01,
       7.95137268e+02, 4.47856049e+02, 7.38659024e-01, 8.06945862e+02,
       5.27383240e+02, 6.88674092e-01, 9.30485962e+02, 5.80432861e+02,
       7.78110981e-01, 1.01876617e+03, 6.65676453e+02, 8.20140004e-01,
       7.92189453e+02, 3.68381348e+02, 6.89045131e-01, 8.86474365e+02,
       2.88853394e+02, 7.83446074e-01, 9.77736389e+02, 2.03608383e+02,
       8.57138276e-01, 1.05709338e+03, 5.03719849e+02, 5.93041837e-01,
       1.04831372e+03, 5.50951416e+02, 6.10266268e-01, 1.26906567e+03,
       5.56785217e+02, 4.71688867e-01, 1.51040955e+03, 5.47892883e+02,
       4.10177827e-01, 1.06592749e+03, 4.47855194e+02, 5.54327369e-01,
       1.30730688e+03, 4.59725708e+02, 5.17259955e-01, 1.55747729e+03,
       4.68484680e+02, 4.29249287e-01, 6.65695496e+02, 5.09762329e+02,
       1.31075338e-01, 6.68690613e+02, 4.89105743e+02, 8.10248256e-01,
       0., 0., 0., 6.92122864e+02, 4.36106384e+02, 6.71741724e-01,
       1.67514490e+03, 4.74381897e+02, 2.58413166e-01, 1.67223303e+03,
       4.59657440e+02, 2.71540076e-01, 1.57511853e+03, 4.80255981e+02,
       1.43471941e-01, 0., 0., 0., 0., 0., 0., 1.53688464e+03,
       5.50805115e+02, 2.31360793e-01 ]
