%YAML:1.0
---
pose_0: !!opencv-matrix
   rows: 1
   cols: 25
   dt: "3f"
   data: [ 7.21626099e+02, 4.59815430e+02, 8.42391849e-01,
       8.39432800e+02, 4.59692474e+02, 7.61039436e-01, 8.36484375e+02,
       5.45044373e+02, 7.25160956e-01, 9.30544800e+02, 6.56868591e+02,
       7.30506003e-01, 8.86434937e+02, 6.27420227e+02, 2.02493340e-01,
       8.53939697e+02, 3.74338409e+02, 6.55634165e-01, 9.77605164e+02,
       3.39008118e+02, 6.06134534e-01, 1.02774841e+03, 3.30127655e+02,
       7.87871480e-01, 1.11604236e+03, 4.80199341e+02, 5.70186377e-01,
       1.11013379e+03, 5.27340698e+02, 5.95626891e-01, 1.30729395e+03,
       5.50836914e+02, 7.24614799e-01, 1.52215234e+03, 5.50891052e+02,
       6.04041815e-01, 1.11604114e+03, 4.24286957e+02, 5.35906672e-01,
       1.33969043e+03, 4.33015686e+02, 6.63204670e-01, 1.58104443e+03,
       4.42030975e+02, 6.36329114e-01, 7.09859070e+02, 4.80316376e+02,
       8.23032379e-01, 7.12725830e+02, 4.41960571e+02, 8.20279479e-01,
       7.27481140e+02, 5.03641663e+02, 2.41109326e-01, 7.36208191e+02,
       4.12622772e+02, 5.79773366e-01, 1.63999097e+03, 4.15472198e+02,
       5.92092693e-01, 1.63686462e+03, 4.12532318e+02, 6.42882288e-01,
       1.59573096e+03, 4.59710693e+02, 3.80282879e-01, 1.59284937e+03,
       5.33199646e+02, 2.49114811e-01, 1.58104041e+03, 5.53765869e+02,
       2.08855271e-01, 1.54866614e+03, 5.30256470e+02, 2.81847596e-01 ]
