%YAML:1.0
---
pose_0: !!opencv-matrix
   rows: 1
   cols: 25
   dt: "3f"
   data: [ 7.12799377e+02, 3.86155060e+02, 8.89455795e-01,
       8.15830200e+02, 3.94854034e+02, 7.11056769e-01, 8.09912109e+02,
       4.50766327e+02, 6.50536060e-01, 8.27533813e+02, 5.30274963e+02,
       7.87414134e-01, 7.98151245e+02, 4.12643066e+02, 7.58677006e-01,
       8.21701477e+02, 3.38921112e+02, 6.85332119e-01, 8.06861511e+02,
       2.62485870e+02, 5.30674160e-01, 7.03922058e+02, 2.33023941e+02,
       3.32693517e-01, 1.08364246e+03, 3.97820007e+02, 5.01873434e-01,
       1.08655615e+03, 4.44936371e+02, 4.90845591e-01, 1.30736865e+03,
       4.56788788e+02, 7.43287683e-01, 1.52515833e+03, 4.77299347e+02,
       5.93148172e-01, 1.08066821e+03, 3.42017090e+02, 4.91512775e-01,
       1.32782910e+03, 3.18311646e+02, 6.81200922e-01, 1.55747070e+03,
       2.91754364e+02, 5.45406580e-01, 6.95144775e+02, 3.97803192e+02,
       7.97227025e-01, 7.03917053e+02, 3.65337524e+02, 8.61144125e-01,
       7.15737854e+02, 4.24301575e+02, 5.00453651e-01, 7.39327026e+02,
       3.41889984e+02, 6.11327052e-01, 1.63988245e+03, 2.83041382e+02,
       4.33132470e-01, 1.63696814e+03, 2.71378632e+02, 4.58422720e-01,
       1.56637048e+03, 2.71361267e+02, 2.47271389e-01, 1.61048547e+03,
       4.83132904e+02, 5.29326379e-01, 1.59579248e+03, 4.89136078e+02,
       4.61177051e-01, 1.56044360e+03, 4.59597565e+02, 3.37512583e-01 ]
