%YAML:1.0
---
pose_0: !!opencv-matrix
   rows: 1
   cols: 25
   dt: "3f"
   data: [ 6.68573608e+02, 4.83142090e+02, 8.52792382e-01,
       7.86345886e+02, 4.83179016e+02, 7.26898730e-01, 7.89332214e+02,
       5.74362671e+02, 6.67571366e-01, 9.18825500e+02, 6.24399292e+02,
       7.75697410e-01, 9.95272034e+02, 6.48155273e+02, 7.81693220e-01,
       7.83406189e+02, 3.94961304e+02, 6.14306271e-01, 9.30621948e+02,
       3.36020721e+02, 7.55730987e-01, 1.07194507e+03, 2.91757416e+02,
       8.77900124e-01, 1.04244910e+03, 5.12583862e+02, 5.60817063e-01,
       1.03062231e+03, 5.62687500e+02, 5.59208930e-01, 1.28378833e+03,
       5.77498535e+02, 6.45106792e-01, 1.54569263e+03, 6.21493225e+02,
       5.38460672e-01, 1.04540991e+03, 4.53764374e+02, 5.49358845e-01,
       1.32788831e+03, 4.53730774e+02, 5.97519755e-01, 1.56044617e+03,
       4.33166687e+02, 4.43012655e-01, 6.50987976e+02, 5.00787109e+02,
       7.95308352e-01, 6.51045166e+02, 4.59626801e+02, 8.14586997e-01,
       6.71578674e+02, 5.18454163e+02, 3.93803924e-01, 6.71613831e+02,
       4.27301208e+02, 5.61604738e-01, 1.68418518e+03, 4.53804535e+02,
       2.95481026e-01, 1.68399634e+03, 4.41964325e+02, 2.67403036e-01,
       1.66047070e+03, 4.33170776e+02, 1.59263670e-01, 1.64575635e+03,
       5.74368896e+02, 5.10523200e-01, 1.63405542e+03, 5.86236145e+02,
       4.08280641e-01, 1.56928210e+03, 6.30376953e+02, 2.43780270e-01 ]
