%YAML:1.0
---
pose_0: !!opencv-matrix
   rows: 1
   cols: 25
   dt: "3f"
   data: [ 6.98033569e+02, 5.39074585e+02, 1.23573974e-01,
       7.36328918e+02, 5.89153137e+02, 2.99057096e-01, 7.33317688e+02,
       6.39196472e+02, 4.94531691e-01, 8.74621155e+02, 7.01018433e+02,
       6.50891364e-01, 1.06299890e+03, 7.42107483e+02, 8.15379739e-01,
       7.42138855e+02, 5.53856995e+02, 1.47053331e-01, 0., 0., 0., 0.,
       0., 0., 1.08657324e+03, 5.59727112e+02, 4.99319494e-01,
       1.08361035e+03, 6.12694946e+02, 4.01195854e-01, 1.33089661e+03,
       6.01090454e+02, 7.19235122e-01, 1.63108582e+03, 6.53967712e+02,
       6.11801028e-01, 1.08949915e+03, 5.06719177e+02, 5.25854468e-01,
       1.32785913e+03, 4.71385712e+02, 7.50869691e-01, 1.52225464e+03,
       5.53912903e+02, 6.77386284e-01, 6.86231079e+02, 5.36168457e+02,
       1.12762779e-01, 6.86304260e+02, 5.27249573e+02, 7.06678107e-02,
       6.77432190e+02, 5.53881042e+02, 2.05174848e-01, 0., 0., 0.,
       1.60746741e+03, 5.00879303e+02, 4.14294630e-01, 1.59283569e+03,
       5.00872986e+02, 3.81982386e-01, 1.54276233e+03, 5.83266479e+02,
       5.34009755e-01, 1.74578296e+03, 6.47942627e+02, 3.84588212e-01,
       1.73118555e+03, 6.59789429e+02, 3.19639742e-01, 1.65168445e+03,
       6.65692322e+02, 3.11454713e-01 ]
