%YAML:1.0
---
pose_0: !!opencv-matrix
   rows: 1
   cols: 25
   dt: "3f"
   data: [ 7.21555908e+02, 5.24340271e+02, 8.11406851e-01,
       8.33516602e+02, 5.09777985e+02, 5.95850408e-01, 8.30516663e+02,
       5.65590576e+02, 4.35748577e-01, 9.71750000e+02, 5.92070862e+02,
       9.63979736e-02, 0., 0., 0., 8.36325378e+02, 4.59685669e+02,
       5.77485085e-01, 9.57066772e+02, 4.36189148e+02, 8.10226858e-01,
       1.11298315e+03, 4.33162018e+02, 8.12104762e-01, 1.11605469e+03,
       5.53940063e+02, 5.90389788e-01, 1.11302197e+03, 6.01010864e+02,
       5.56670249e-01, 1.32202808e+03, 6.24355957e+02, 7.92783201e-01,
       1.55748828e+03, 6.68529297e+02, 6.49805427e-01, 1.12484033e+03,
       5.06801544e+02, 5.36781907e-01, 1.35439185e+03, 4.80310394e+02,
       6.41386986e-01, 1.56923657e+03, 4.36158051e+02, 6.31273150e-01,
       7.12704163e+02, 5.33344604e+02, 7.73701072e-01, 7.12802612e+02,
       5.03870148e+02, 8.71893287e-01, 7.33329346e+02, 5.53806030e+02,
       3.13291222e-01, 7.36355713e+02, 4.77362183e+02, 6.57003284e-01,
       1.63706079e+03, 4.53796295e+02, 4.21112359e-01, 1.63408057e+03,
       4.36161865e+02, 4.39447075e-01, 1.59282239e+03, 4.15484406e+02,
       2.68632263e-01, 1.62810303e+03, 6.89191650e+02, 2.51478732e-01,
       1.62515112e+03, 6.92138184e+02, 3.27008843e-01, 1.58983032e+03,
       6.50958130e+02, 4.00683314e-01 ]
