%YAML:1.0
---
pose_0: !!opencv-matrix
   rows: 1
   cols: 25
   dt: "3f"
   data: [ 7.30394897e+02, 4.56630157e+02, 8.39322448e-01,
       8.36439453e+02, 4.53773529e+02, 7.15097249e-01, 8.53999878e+02,
       5.21470398e+02, 6.61887944e-01, 9.62894653e+02, 5.44966980e+02,
       7.00639963e-01, 1.05417822e+03, 5.98009094e+02, 8.16603303e-01,
       8.33517456e+02, 3.86121460e+02, 6.40652537e-01, 9.74699890e+02,
       3.44919556e+02, 7.79221535e-01, 1.09834448e+03, 3.44816345e+02,
       8.23746026e-01, 1.10128845e+03, 4.59749756e+02, 5.66437006e-01,
       1.10127026e+03, 5.06767517e+02, 6.09632790e-01, 1.30446033e+03,
       5.15605896e+02, 7.36029029e-01, 1.56631140e+03, 5.24367676e+02,
       5.75652242e-01, 1.11013660e+03, 4.12497955e+02, 5.37369490e-01,
       1.34559058e+03, 4.12481995e+02, 5.43168306e-01, 1.54277930e+03,
       4.18468933e+02, 5.93786478e-01, 7.15747070e+02, 4.65554260e+02,
       7.87002802e-01, 7.15828979e+02, 4.36033508e+02, 8.83002639e-01,
       7.36304382e+02, 4.83298523e+02, 3.25431287e-01, 7.39197144e+02,
       4.09588562e+02, 6.31036758e-01, 1.61346313e+03, 3.91911499e+02,
       4.40682858e-01, 1.61044092e+03, 3.89045349e+02, 4.87866163e-01,
       1.56634363e+03, 4.36148865e+02, 3.50756198e-01, 1.66056116e+03,
       5.24420837e+02, 4.26146150e-01, 1.65752759e+03, 5.33288818e+02,
       4.12212551e-01, 1.59578491e+03, 5.03801636e+02, 2.42554426e-01 ]
