%YAML:1.0
---
pose_0: !!opencv-matrix
   rows: 1
   cols: 25
   dt: "3f"
   data: [ 6.77423523e+02, 4.56706055e+02, 8.57591629e-01,
       7.65732849e+02, 5.12623047e+02, 6.92234993e-01, 7.65780945e+02,
       5.80300903e+02, 4.27525073e-01, 8.83520691e+02, 6.50952393e+02,
       2.64556736e-01, 0., 0., 0., 7.74581116e+02, 4.59630981e+02,
       6.34683073e-01, 9.12967285e+02, 3.88952332e+02, 8.57767105e-01,
       7.80415527e+02, 4.09642365e+02, 8.26479495e-01, 1.07180859e+03,
       5.24384766e+02, 5.28271258e-01, 1.06892065e+03, 5.74429810e+02,
       5.59946001e-01, 1.30726660e+03, 5.94934448e+02, 7.27696538e-01,
       1.56928308e+03, 6.06844055e+02, 5.86900055e-01, 1.07185388e+03,
       4.62566010e+02, 5.21698773e-01, 1.32792200e+03, 4.39063751e+02,
       4.37251478e-01, 1.52214795e+03, 4.59738800e+02, 3.02078635e-01,
       6.53852417e+02, 4.68495483e+02, 8.17075312e-01, 6.68565552e+02,
       4.39157104e+02, 7.19707608e-01, 6.65696289e+02, 5.06788696e+02,
       7.18073964e-01, 0., 0., 0., 1.61634558e+03, 4.47910126e+02,
       2.95286417e-01, 1.61342236e+03, 4.39138214e+02, 3.52115154e-01,
       1.54284253e+03, 4.77249573e+02, 1.67911157e-01, 1.68694287e+03,
       5.77394409e+02, 4.75407839e-01, 1.67818628e+03, 5.92096191e+02,
       3.95338386e-01, 1.59286755e+03, 6.21487305e+02, 2.57770747e-01 ]
