%YAML:1.0
---
pose_0: !!opencv-matrix
   rows: 2
   cols: 25
   dt: "3f"
   data: [ 6.86243103e+02, 4.89079590e+02, 4.74994689e-01,
       7.45144470e+02, 5.33247925e+02, 5.16850054e-01, 7.56885986e+02,
       5.50894836e+02, 7.27953076e-01, 8.59957336e+02, 5.06867493e+02,
       8.42624545e-01, 7.86273682e+02, 4.00789795e+02, 7.99853444e-01,
       7.45169617e+02, 5.27335144e+02, 2.03358561e-01, 0., 0., 0., 0.,
       0., 0., 1.07478357e+03, 5.71499939e+02, 4.42945302e-01,
       1.06596716e+03, 5.92086670e+02, 3.43598068e-01, 1.35133472e+03,
       5.27442017e+02, 8.03187370e-01, 1.64285425e+03, 7.18576233e+02,
       5.14353395e-01, 1.09241626e+03, 5.47915283e+02, 3.34123939e-01,
       1.34260876e+03, 5.15562622e+02, 1.88804328e-01, 1.53394299e+03,
       6.24438904e+02, 5.38464710e-02, 6.71541260e+02, 5.09688843e+02,
       4.17337328e-01, 6.68686829e+02, 4.89072845e+02, 2.18602255e-01,
       6.89254578e+02, 5.42054138e+02, 3.42238635e-01, 0., 0., 0., 0.,
       0., 0., 0., 0., 0., 0., 0., 0., 1.66637744e+03, 6.30417908e+02,
       1.20852947e-01, 1.68105566e+03, 7.15643066e+02, 9.33759362e-02,
       1.66054553e+03, 7.42237122e+02, 3.54161888e-01, 0., 0., 0., 0.,
       0., 0., 0., 0., 0., 0., 0., 0., 0., 0., 0., 8.36376221e+02,
       4.80324829e+02, 1.71816528e-01, 9.27717773e+02, 4.47856995e+02,
       6.01822913e-01, 8.71684204e+02, 4.06621094e+02, 7.01527178e-01,
       0., 0., 0., 0., 0., 0., 0., 0., 0., 0., 0., 0., 0., 0., 0., 0.,
       0., 0., 0., 0., 0., 0., 0., 0., 0., 0., 0., 0., 0., 0., 0., 0.,
       0., 0., 0., 0., 0., 0., 0., 0., 0., 0., 0., 0., 0., 0., 0., 0.,
       0., 0., 0. ]
