%YAML:1.0
---
pose_0: !!opencv-matrix
   rows: 1
   cols: 25
   dt: "3f"
   data: [ 7.65868164e+02, 4.35963623e+02, 8.92216504e-01,
       8.83600098e+02, 4.12488708e+02, 7.02262104e-01, 9.09916748e+02,
       4.97931976e+02, 5.68122089e-01, 1.03354749e+03, 5.12680847e+02,
       7.46318281e-01, 1.13661255e+03, 5.92039368e+02, 7.41907716e-01,
       8.80418823e+02, 3.41849121e+02, 6.73810363e-01, 9.74650208e+02,
       2.21212219e+02, 8.69817376e-01, 1.09837195e+03, 2.33042816e+02,
       7.34016120e-01, 1.15424719e+03, 3.71394196e+02, 5.64782023e-01,
       1.15129211e+03, 4.18502350e+02, 5.91208100e-01, 1.34263733e+03,
       4.86170471e+02, 6.77156448e-01, 1.54568750e+03, 5.68533813e+02,
       6.06442332e-01, 1.15423706e+03, 3.18371399e+02, 5.93671024e-01,
       1.33967908e+03, 3.09576935e+02, 5.83527803e-01, 1.57222681e+03,
       2.94816254e+02, 6.00974441e-01, 7.56861694e+02, 4.47854980e+02,
       7.82855928e-01, 7.59884094e+02, 4.12697906e+02, 8.67367864e-01,
       7.65827209e+02, 4.62545898e+02, 2.52620965e-01, 7.80430603e+02,
       3.89132446e+02, 5.74720621e-01, 1.65170715e+03, 2.68318359e+02,
       2.85695076e-01, 1.64282117e+03, 2.65367279e+02, 3.22969973e-01,
       1.61928027e+03, 3.00729706e+02, 2.02105954e-01, 1.60750525e+03,
       6.06813660e+02, 3.97075236e-01, 1.60166150e+03, 6.06784058e+02,
       3.93951982e-01, 1.57806433e+03, 5.56734375e+02, 4.46891725e-01 ]
