%YAML:1.0
---
pose_0: !!opencv-matrix
   rows: 1
   cols: 25
   dt: "3f"
   data: [ 7.68746216e+02, 3.62363953e+02, 8.27770710e-01,
       8.74588989e+02, 3.42009155e+02, 6.85527802e-01, 8.74624817e+02,
       4.12671753e+02, 5.57635844e-01, 9.95297852e+02, 4.36021362e+02,
       4.37312812e-01, 1.06889648e+03, 4.83166534e+02, 5.59161544e-01,
       8.83406250e+02, 2.62446014e+02, 6.34509444e-01, 1.04533374e+03,
       2.30072632e+02, 7.89371848e-01, 1.01003796e+03, 2.50638947e+02,
       7.58174062e-01, 1.13960303e+03, 3.65555603e+02, 6.00766301e-01,
       1.13067395e+03, 4.15544586e+02, 6.08068943e-01, 1.36614746e+03,
       4.59630249e+02, 7.07698464e-01, 1.54568652e+03, 5.27342041e+02,
       6.51314616e-01, 1.14538867e+03, 3.15395538e+02, 5.51539302e-01,
       1.36028931e+03, 3.15480438e+02, 5.65283179e-01, 1.57805872e+03,
       2.97840607e+02, 5.95328212e-01, 7.59789490e+02, 3.71366913e+02,
       7.70907998e-01, 7.59764160e+02, 3.38967285e+02, 8.16760421e-01,
       7.77527954e+02, 3.88923370e+02, 2.35122472e-01, 7.68763550e+02,
       3.06584473e+02, 5.45341253e-01, 1.65164124e+03, 2.59512665e+02,
       2.40976453e-01, 1.64281982e+03, 2.56540100e+02, 2.69833416e-01,
       1.61043542e+03, 2.94848419e+02, 2.75687456e-01, 1.61045105e+03,
       5.53895142e+02, 5.68293869e-01, 1.59277271e+03, 5.62687622e+02,
       4.94364500e-01, 1.56921680e+03, 5.18555786e+02, 4.11441892e-01 ]
