%YAML:1.0
---
pose_0: !!opencv-matrix
   rows: 1
   cols: 25
   dt: "3f"
   data: [ 0., 0., 0., 8.39372437e+02, 4.83121216e+02, 3.16240579e-01,
       8.42261658e+02, 4.80242859e+02, 2.21181288e-01, 9.77701050e+02,
       5.12688477e+02, 3.38124573e-01, 1.14833594e+03, 5.06838531e+02,
       1.70454189e-01, 8.36355042e+02, 5.00884277e+02, 4.18790519e-01,
       9.74770569e+02, 5.09732056e+02, 3.56736660e-01, 1.14543640e+03,
       5.09747406e+02, 3.08168352e-01, 1.18069568e+03, 5.50890625e+02,
       2.54566610e-01, 1.18960156e+03, 5.53898010e+02, 2.69291908e-01,
       1.37205469e+03, 5.00892334e+02, 6.81568742e-01, 1.61041919e+03,
       6.62742981e+02, 4.86575186e-01, 1.16305457e+03, 5.39122375e+02,
       1.67665765e-01, 1.35152441e+03, 4.33144623e+02, 4.58590597e-01,
       1.56332788e+03, 5.06706024e+02, 6.09429538e-01, 0., 0., 0., 0.,
       0., 0., 0., 0., 0., 7.62803833e+02, 5.09691132e+02,
       2.37611040e-01, 1.61051404e+03, 4.30239014e+02, 3.70068014e-01,
       1.60751868e+03, 4.33180847e+02, 3.34699601e-01, 1.57517188e+03,
       5.33222229e+02, 4.25795048e-01, 1.67516614e+03, 6.68627014e+02,
       3.10593903e-01, 1.65763464e+03, 6.83342712e+02, 3.46653879e-01,
       1.62809729e+03, 6.92072266e+02, 3.96998048e-01 ]
