%YAML:1.0
---
pose_0: !!opencv-matrix
   rows: 1
   cols: 25
   dt: "3f"
   data: [ 8.36497009e+02, 5.27337952e+02, 8.44375491e-01,
       9.24730347e+02, 5.06781219e+02, 7.85552621e-01, 9.07144104e+02,
       5.80341125e+02, 7.05513060e-01, 8.12733459e+02, 6.59820984e+02,
       8.52222085e-01, 7.65809875e+02, 6.00911255e+02, 6.79408669e-01,
       9.30568787e+02, 4.33145325e+02, 7.34721184e-01, 9.21744446e+02,
       3.36048126e+02, 7.32789695e-01, 8.80382996e+02, 2.06510284e+02,
       7.85857797e-01, 1.16610913e+03, 5.15564331e+02, 6.28527880e-01,
       1.16313220e+03, 5.56732239e+02, 6.80640221e-01, 1.34853870e+03,
       6.45043274e+02, 8.01633835e-01, 1.52219080e+03, 6.39115234e+02,
       6.80603564e-01, 1.17192029e+03, 4.68501190e+02, 5.90658188e-01,
       1.37494043e+03, 4.83165710e+02, 7.84860134e-01, 1.54575281e+03,
       4.36075500e+02, 7.40051925e-01, 8.27483765e+02, 5.36172241e+02,
       7.28246570e-01, 8.30431335e+02, 5.06792847e+02, 7.96076953e-01,
       8.42256531e+02, 5.59718079e+02, 3.39756727e-01, 8.45188110e+02,
       4.77328430e+02, 4.62543339e-01, 1.61047437e+03, 4.42032013e+02,
       4.88969207e-01, 1.60754224e+03, 4.33161377e+02, 5.53717375e-01,
       1.56041785e+03, 4.15557526e+02, 3.14041585e-01, 1.56343323e+03,
       7.03930420e+02, 6.15649223e-01, 1.56334961e+03, 6.95099915e+02,
       5.44519246e-01, 1.54578308e+03, 6.15652527e+02, 5.54088116e-01 ]
