%YAML:1.0
---
pose_0: !!opencv-matrix
   rows: 1
   cols: 25
   dt: "3f"
   data: [ 7.48124817e+02, 5.77522156e+02, 8.06146085e-01,
       8.33477356e+02, 5.30375549e+02, 6.20545805e-01, 8.24595764e+02,
       5.86174377e+02, 3.75685215e-01, 0., 0., 0., 0., 0., 0.,
       8.42307068e+02, 4.80186554e+02, 6.24904633e-01, 9.74773682e+02,
       4.59609467e+02, 8.42228770e-01, 1.11894653e+03, 4.62584259e+02,
       8.13488305e-01, 1.11898914e+03, 5.77380676e+02, 3.33374321e-01,
       0., 0., 0., 0., 0., 0., 0., 0., 0., 0., 0., 0., 0., 0., 0., 0.,
       0., 0., 7.36349182e+02, 5.89127075e+02, 5.94154477e-01,
       7.39324097e+02, 5.59761230e+02, 7.96250403e-01, 0., 0., 0.,
       7.51076050e+02, 5.24435669e+02, 5.97511768e-01, 0., 0., 0., 0.,
       0., 0., 0., 0., 0., 0., 0., 0., 0., 0., 0., 0., 0., 0. ]
