%YAML:1.0
---
pose_0: !!opencv-matrix
   rows: 1
   cols: 25
   dt: "3f"
   data: [ 7.09841003e+02, 3.86048706e+02, 8.64982963e-01,
       8.03963806e+02, 3.62536835e+02, 7.42521763e-01, 7.86316711e+02,
       4.24346893e+02, 4.12804931e-01, 8.33447693e+02, 4.97884277e+02,
       2.05077559e-01, 7.62756653e+02, 4.94999756e+02, 3.73954177e-01,
       8.12826050e+02, 2.94847290e+02, 8.19871008e-01, 8.36305054e+02,
       3.65556793e+02, 8.36745799e-01, 7.45151855e+02, 4.59640228e+02,
       7.72064924e-01, 1.11007703e+03, 4.18408722e+02, 5.05376816e-01,
       1.10128259e+03, 4.71383331e+02, 5.09236515e-01, 1.32788611e+03,
       4.83093964e+02, 7.76457131e-01, 1.61046057e+03, 5.30405212e+02,
       5.65816104e-01, 1.11304443e+03, 3.62450897e+02, 4.91512239e-01,
       1.37788354e+03, 3.50698395e+02, 4.72150922e-01, 1.56928723e+03,
       3.18392242e+02, 6.34709895e-01, 6.92145325e+02, 3.97880096e+02,
       8.26370537e-01, 6.95185608e+02, 3.62427612e+02, 8.68990421e-01,
       7.12820618e+02, 4.21385406e+02, 3.57264817e-01, 7.18725891e+02,
       3.24226440e+02, 5.69004357e-01, 1.63704688e+03, 2.91840973e+02,
       5.72342098e-01, 1.63405200e+03, 2.88923676e+02, 5.76305926e-01,
       1.61046130e+03, 3.18360016e+02, 2.44964689e-01, 1.72819397e+03,
       5.09746521e+02, 2.09053084e-01, 1.72516541e+03, 5.24382019e+02,
       1.68044388e-01, 1.63996436e+03, 5.30271362e+02, 3.40272993e-01 ]
