%YAML:1.0
---
pose_0: !!opencv-matrix
   rows: 2
   cols: 25
   dt: "3f"
   data: [ 7.21617676e+02, 3.88895172e+02, 8.71370196e-01,
       8.03970520e+02, 3.68373260e+02, 5.62846780e-01, 7.89225891e+02,
       4.15481934e+02, 4.54538047e-01, 8.56991455e+02, 5.03823395e+02,
       1.82631224e-01, 8.80519409e+02, 5.39161987e+02, 3.29305202e-01,
       8.09993286e+02, 3.18452148e+02, 6.57913983e-01, 9.07072205e+02,
       3.97813660e+02, 6.85355723e-01, 9.30548157e+02, 5.56852356e+02,
       7.05098331e-01, 1.11594897e+03, 3.53674408e+02, 4.67085272e-01,
       1.11593420e+03, 4.03678223e+02, 4.63979185e-01, 1.35135425e+03,
       5.06813721e+02, 7.78199792e-01, 1.56628516e+03, 5.56776367e+02,
       5.84199429e-01, 1.11008447e+03, 3.03616516e+02, 3.95244002e-01,
       1.35438953e+03, 2.74266479e+02, 4.09042716e-01, 1.58691675e+03,
       1.59450256e+02, 3.03034335e-01, 7.09752014e+02, 3.97818298e+02,
       7.77999759e-01, 7.15591858e+02, 3.65541901e+02, 8.07657301e-01,
       7.15741272e+02, 4.15523804e+02, 2.45792165e-01, 7.33412415e+02,
       3.38840210e+02, 6.46128476e-01, 0., 0., 0., 0., 0., 0., 0., 0.,
       0., 1.58988000e+03, 6.33316162e+02, 1.93984717e-01,
       1.58685352e+03, 6.24469421e+02, 2.04462841e-01, 1.59865857e+03,
       5.42043457e+02, 3.83570611e-01, 0., 0., 0., 0., 0., 0.,
       9.04042908e+02, 3.65529175e+02, 1.79677919e-01, 9.89450989e+02,
       4.41974884e+02, 5.74119627e-01, 1.09549182e+03, 5.06876831e+02,
       7.94882119e-01, 0., 0., 0., 0., 0., 0., 0., 0., 0., 0., 0., 0.,
       0., 0., 0., 0., 0., 0., 0., 0., 0., 0., 0., 0., 0., 0., 0., 0.,
       0., 0., 0., 0., 0., 0., 0., 0., 0., 0., 0., 0., 0., 0., 0., 0.,
       0., 0., 0., 0., 0., 0., 0., 0., 0., 0., 0., 0., 0., 0., 0., 0. ]
