%YAML:1.0
---
pose_0: !!opencv-matrix
   rows: 1
   cols: 25
   dt: "3f"
   data: [ 6.92157715e+02, 5.12680115e+02, 7.99424529e-01,
       8.09955322e+02, 4.59555634e+02, 7.73912966e-01, 8.12773254e+02,
       5.44992859e+02, 7.26737261e-01, 9.33600342e+02, 6.00836609e+02,
       7.90925741e-01, 1.02777185e+03, 6.80375427e+02, 7.78624296e-01,
       8.06962891e+02, 3.85973175e+02, 6.44286096e-01, 9.27609741e+02,
       2.97820709e+02, 7.38334119e-01, 1.02765063e+03, 2.33047028e+02,
       7.78536320e-01, 1.07474451e+03, 5.03819153e+02, 6.13483548e-01,
       1.06889624e+03, 5.50889099e+02, 5.89759111e-01, 1.28377344e+03,
       5.53925354e+02, 2.45446548e-01, 1.52509888e+03, 5.27348328e+02,
       2.82302886e-01, 1.07776843e+03, 4.53767426e+02, 5.78842640e-01,
       1.26017712e+03, 4.83330353e+02, 7.08834052e-01, 1.52510986e+03,
       4.97920685e+02, 3.35731566e-01, 6.71521729e+02, 5.15537598e+02,
       1.35264203e-01, 6.71701294e+02, 4.97840790e+02, 7.44121909e-01,
       0., 0., 0., 6.98059143e+02, 4.42006592e+02, 6.28787577e-01,
       1.65457031e+03, 4.71422943e+02, 1.89520791e-01, 1.65164771e+03,
       4.62619598e+02, 2.08415240e-01, 1.54278210e+03, 4.86158875e+02,
       2.09338665e-01, 0., 0., 0., 0., 0., 0., 1.54281409e+03,
       5.27380371e+02, 1.00455761e-01 ]
