%YAML:1.0
---
pose_0: !!opencv-matrix
   rows: 1
   cols: 25
   dt: "3f"
   data: [ 4.83322601e+02, 6.15591187e+02, 7.03070641e-01,
       6.00920105e+02, 5.68489502e+02, 5.37034690e-01, 5.77423462e+02,
       6.36223572e+02, 2.13337347e-01, 0., 0., 0., 0., 0., 0.,
       6.36199158e+02, 4.89115906e+02, 6.40617788e-01, 5.97883118e+02,
       6.30402100e+02, 7.77849078e-01, 5.18501343e+02, 7.86422791e+02,
       6.84617400e-01, 1.03355847e+03, 5.95026733e+02, 2.39835814e-01,
       1.02184210e+03, 6.48021301e+02, 1.57046333e-01, 1.37203467e+03,
       6.45081909e+02, 1.61738068e-01, 1.40739539e+03, 6.48055237e+02,
       6.34259060e-02, 1.02771765e+03, 5.42075012e+02, 2.14839518e-01,
       1.36322400e+03, 6.48071899e+02, 2.37787858e-01, 1.58984131e+03,
       6.45061035e+02, 1.33105427e-01, 4.62554779e+02, 6.27376953e+02,
       6.57625258e-01, 4.62669434e+02, 5.83282532e+02, 6.81927562e-01,
       0., 0., 0., 4.80164764e+02, 5.44930969e+02, 5.53693056e-01, 0.,
       0., 0., 0., 0., 0., 1.61932556e+03, 6.68609009e+02,
       8.30283538e-02, 0., 0., 0., 0., 0., 0., 0., 0., 0. ]
