%YAML:1.0
---
pose_0: !!opencv-matrix
   rows: 1
   cols: 25
   dt: "3f"
   data: [ 7.39159363e+02, 4.80362457e+02, 7.89106607e-01,
       8.03947998e+02, 5.30288208e+02, 6.30509794e-01, 7.92211914e+02,
       5.56799622e+02, 7.46116757e-01, 9.01131348e+02, 5.06828461e+02,
       8.32179904e-01, 8.42287170e+02, 4.36112457e+02, 8.01866651e-01,
       8.09947754e+02, 5.03803528e+02, 2.94056386e-01, 9.77693970e+02,
       4.56805542e+02, 6.32029772e-01, 9.10029114e+02, 3.97794189e+02,
       7.18855739e-01, 1.12185071e+03, 5.53907776e+02, 4.63905036e-01,
       1.10715002e+03, 5.83296143e+02, 3.49122584e-01, 1.36034485e+03,
       5.27299255e+02, 7.86047637e-01, 1.60460425e+03, 7.00996582e+02,
       5.75661778e-01, 1.13952246e+03, 5.27345154e+02, 3.83496523e-01,
       1.37796826e+03, 5.18477783e+02, 3.78163636e-01, 1.56345740e+03,
       5.77491089e+02, 5.95640898e-01, 7.18580688e+02, 4.89060547e+02,
       7.51507938e-01, 7.18628418e+02, 4.62594727e+02, 1.61016464e-01,
       7.30463562e+02, 5.27225342e+02, 5.95579624e-01, 0., 0., 0.,
       1.61037939e+03, 4.86210815e+02, 3.55856240e-01, 1.60165320e+03,
       4.92065216e+02, 3.22910428e-01, 1.58107886e+03, 6.00977112e+02,
       3.62763971e-01, 1.66641809e+03, 7.18617310e+02, 2.43781954e-01,
       1.65450122e+03, 7.36251038e+02, 2.92757183e-01, 1.61636035e+03,
       7.24614136e+02, 3.54834169e-01 ]
