%YAML:1.0
---
pose_0: !!opencv-matrix
   rows: 1
   cols: 25
   dt: "3f"
   data: [ 7.77511963e+02, 5.09744934e+02, 7.97827542e-01,
       8.57042114e+02, 5.12659241e+02, 8.13974202e-01, 8.54085327e+02,
       5.77346069e+02, 6.91656828e-01, 8.83616699e+02, 6.83293335e+02,
       7.95255303e-01, 8.09954407e+02, 6.06859924e+02, 8.45988870e-01,
       8.62980164e+02, 4.47895508e+02, 6.98893726e-01, 8.77610291e+02,
       3.65425385e+02, 8.13724756e-01, 7.62747681e+02, 3.80181183e+02,
       7.68833637e-01, 1.11591284e+03, 5.27348206e+02, 6.09605551e-01,
       1.10712793e+03, 5.71533630e+02, 5.98855495e-01, 1.29552502e+03,
       6.03922729e+02, 6.76094830e-01, 1.51622632e+03, 6.48112366e+02,
       6.07001662e-01, 1.11891504e+03, 4.80146271e+02, 5.64815998e-01,
       1.35146277e+03, 4.59644043e+02, 7.12737083e-01, 1.55163843e+03,
       4.36117157e+02, 6.15324736e-01, 7.62714905e+02, 5.24346252e+02,
       7.99245834e-01, 7.65802551e+02, 4.89089111e+02, 7.79429793e-01,
       7.80433228e+02, 5.45024780e+02, 2.73918480e-01, 7.89300354e+02,
       4.59753937e+02, 5.53473353e-01, 1.62810913e+03, 4.44963257e+02,
       4.28335637e-01, 1.61932629e+03, 4.33215851e+02, 4.57348824e-01,
       1.57514014e+03, 4.18481720e+02, 2.26358265e-01, 1.58103967e+03,
       6.83324280e+02, 3.48965526e-01, 0., 0., 0., 1.54573645e+03,
       6.39168640e+02, 3.82227600e-01 ]
