%YAML:1.0
---
pose_0: !!opencv-matrix
   rows: 1
   cols: 25
   dt: "3f"
   data: [ 7.65862244e+02, 4.21368408e+02, 4.06063288e-01,
       8.27515137e+02, 5.03817261e+02, 4.91141558e-01, 8.39368347e+02,
       5.15564209e+02, 6.22802436e-01, 9.74623352e+02, 5.27285400e+02,
       6.96305215e-01, 1.11595984e+03, 4.47902039e+02, 7.82773495e-01,
       8.24585632e+02, 5.00799591e+02, 2.22808093e-01, 0., 0., 0., 0.,
       0., 0., 1.13653796e+03, 5.27409729e+02, 5.15570045e-01,
       1.12190491e+03, 5.56834839e+02, 4.78366464e-01, 1.37503308e+03,
       4.59547089e+02, 8.13950598e-01, 1.60452698e+03, 6.50964722e+02,
       5.72603524e-01, 1.14250354e+03, 4.94953949e+02, 3.85340095e-01,
       1.36323096e+03, 4.18472656e+02, 4.02206182e-01, 1.55742468e+03,
       5.03809265e+02, 5.33407927e-01, 7.59860413e+02, 4.33171753e+02,
       3.07745218e-01, 7.62744629e+02, 4.15495361e+02, 6.36742264e-02,
       7.68753113e+02, 4.56783020e+02, 3.69255394e-01, 0., 0., 0.,
       1.61039624e+03, 4.50769928e+02, 2.57549435e-01, 1.60162219e+03,
       4.50778015e+02, 2.71647394e-01, 1.56639526e+03, 5.24322632e+02,
       3.79714578e-01, 1.63992078e+03, 6.65610962e+02, 3.70924681e-01,
       1.63101746e+03, 6.71546875e+02, 4.34576720e-01, 1.61336536e+03,
       6.71583374e+02, 4.04690295e-01 ]
