%YAML:1.0
---
pose_0: !!opencv-matrix
   rows: 1
   cols: 25
   dt: "3f"
   data: [ 7.15647583e+02, 4.36255615e+02, 8.27608347e-01,
       8.24558044e+02, 4.44898590e+02, 6.32954717e-01, 8.36349426e+02,
       5.06790192e+02, 5.91888070e-01, 9.80607605e+02, 5.50892517e+02,
       6.45430565e-01, 1.08363074e+03, 6.30408630e+02, 6.77637160e-01,
       8.12818420e+02, 3.85999512e+02, 6.12929702e-01, 9.95262390e+02,
       3.15367767e+02, 7.43793607e-01, 1.13963574e+03, 2.91803162e+02,
       8.19447935e-01, 1.11012842e+03, 4.56779938e+02, 5.63463986e-01,
       1.09832629e+03, 5.09632172e+02, 5.86586058e-01, 1.30432947e+03,
       5.59715698e+02, 7.24772274e-01, 1.63994421e+03, 6.44961243e+02,
       4.97335523e-01, 1.11595959e+03, 4.00774170e+02, 5.13782740e-01,
       1.36616602e+03, 4.12544556e+02, 6.59339607e-01, 1.61047559e+03,
       4.12576782e+02, 6.16323173e-01, 7.01047424e+02, 4.56811310e+02,
       7.63674259e-01, 6.98080200e+02, 4.21360901e+02, 7.71781087e-01,
       7.15794067e+02, 4.83074463e+02, 3.82406265e-01, 7.27466736e+02,
       3.91896301e+02, 5.40674865e-01, 1.66060864e+03, 3.74246124e+02,
       2.84697115e-01, 1.65756934e+03, 3.74295227e+02, 3.49880427e-01,
       1.64872620e+03, 4.18475525e+02, 2.32970282e-01, 1.69583545e+03,
       5.92040283e+02, 3.04971397e-01, 1.68700903e+03, 5.97971252e+02,
       2.29353249e-01, 1.70458228e+03, 6.50940063e+02, 1.94409549e-01 ]
