%YAML:1.0
---
pose_0: !!opencv-matrix
   rows: 1
   cols: 25
   dt: "3f"
   data: [ 6.00827637e+02, 5.06875122e+02, 8.22324038e-01,
       7.51012634e+02, 5.27259705e+02, 5.04427433e-01, 7.65772644e+02,
       6.21431824e+02, 5.53842902e-01, 9.06982178e+02, 6.74466003e+02,
       5.75398386e-01, 8.89337708e+02, 6.24447083e+02, 9.92729366e-02,
       7.27482422e+02, 4.39064331e+02, 3.56333345e-01, 9.24580505e+02,
       3.62646484e+02, 7.29413748e-01, 8.56906555e+02, 3.89094971e+02,
       6.35072351e-01, 1.06893848e+03, 5.06801514e+02, 4.58311707e-01,
       1.06886401e+03, 5.68493225e+02, 3.95745367e-01, 1.33378516e+03,
       5.53922485e+02, 2.47718796e-01, 1.49864148e+03, 5.77432068e+02,
       2.90712655e-01, 1.07179834e+03, 4.39083405e+02, 4.50571299e-01,
       1.23670410e+03, 4.27255615e+02, 2.65730441e-01, 1.45154773e+03,
       4.36113129e+02, 1.22244678e-01, 5.83260559e+02, 5.30266113e+02,
       6.91234946e-01, 5.83278931e+02, 4.83231567e+02, 7.78286338e-01,
       6.00989624e+02, 5.56783630e+02, 2.66658276e-01, 6.21518616e+02,
       4.56649811e+02, 4.88819122e-01, 0., 0., 0., 0., 0., 0.,
       1.47799561e+03, 4.50814392e+02, 9.32886675e-02, 1.49571692e+03,
       6.59744873e+02, 1.83012053e-01, 0., 0., 0., 1.52214417e+03,
       5.77327209e+02, 2.02813610e-01 ]
