%YAML:1.0
---
pose_0: !!opencv-matrix
   rows: 1
   cols: 25
   dt: "3f"
   data: [ 6.92141052e+02, 4.30245483e+02, 8.40565503e-01,
       8.24624573e+02, 4.21349701e+02, 6.77022278e-01, 8.15810486e+02,
       5.06859100e+02, 6.45682275e-01, 9.27738281e+02, 6.24455261e+02,
       8.29855144e-01, 8.71659668e+02, 6.00992004e+02, 5.54419577e-01,
       8.36308289e+02, 3.33030731e+02, 6.27494872e-01, 9.68800964e+02,
       2.94842377e+02, 7.82739401e-01, 1.05129419e+03, 2.91983582e+02,
       8.62652063e-01, 1.11886670e+03, 4.44978058e+02, 5.32873392e-01,
       1.11007849e+03, 5.00743347e+02, 5.72534323e-01, 1.33968604e+03,
       5.27317261e+02, 6.51226521e-01, 1.52213879e+03, 5.33222046e+02,
       5.35079539e-01, 1.12186426e+03, 3.86094696e+02, 5.02995372e-01,
       1.33086145e+03, 4.09491547e+02, 6.57653689e-01, 1.59277356e+03,
       4.09614014e+02, 5.60471356e-01, 6.74470520e+02, 4.42014954e+02,
       7.43034482e-01, 6.74487610e+02, 4.09645111e+02, 8.39658499e-01,
       6.92189941e+02, 4.62544403e+02, 3.79783839e-01, 7.03966736e+02,
       3.83040070e+02, 5.60489595e-01, 1.65764441e+03, 3.71359802e+02,
       5.27272284e-01, 1.65451501e+03, 3.68459564e+02, 5.41637778e-01,
       1.62221863e+03, 4.21352905e+02, 2.81036109e-01, 1.60160352e+03,
       5.30246460e+02, 2.30894685e-01, 1.58686694e+03, 5.42100769e+02,
       1.94964916e-01, 1.56335632e+03, 5.27265930e+02, 3.12445760e-01 ]
