%YAML:1.0
---
pose_0: !!opencv-matrix
   rows: 1
   cols: 25
   dt: "3f"
   data: [ 8.12809082e+02, 3.65404083e+02, 8.27717125e-01,
       9.15853271e+02, 3.74292389e+02, 3.48607123e-01, 9.18812134e+02,
       4.12562500e+02, 2.39819929e-01, 8.59988708e+02, 4.59563934e+02,
       4.91195977e-01, 6.42087830e+02, 4.56789459e+02, 3.02957803e-01,
       9.04089783e+02, 3.41861664e+02, 3.71090800e-01, 9.83602112e+02,
       3.39055573e+02, 7.15572685e-02, 0., 0., 0., 1.18664941e+03,
       3.80170868e+02, 3.57684642e-01, 1.18952747e+03, 4.36101532e+02,
       3.83554578e-01, 1.35442505e+03, 5.12615784e+02, 2.89948314e-01,
       1.52216101e+03, 6.42032715e+02, 5.42291820e-01, 1.18370386e+03,
       3.18307678e+02, 3.75593156e-01, 1.28083789e+03, 2.56533447e+02,
       2.31456444e-01, 0., 0., 0., 7.98091858e+02, 3.80212860e+02,
       7.64938235e-01, 8.04010071e+02, 3.42022308e+02, 7.44680166e-01,
       8.09964844e+02, 4.09492065e+02, 3.09285372e-01, 8.33453552e+02,
       3.18523102e+02, 4.48562413e-01, 0., 0., 0., 0., 0., 0., 0., 0.,
       0., 1.60748743e+03, 6.51026794e+02, 6.23124242e-01,
       1.58980603e+03, 6.68536011e+02, 5.83005428e-01, 1.51925293e+03,
       6.62685364e+02, 3.67807478e-01 ]
