%YAML:1.0
---
pose_0: !!opencv-matrix
   rows: 1
   cols: 25
   dt: "3f"
   data: [ 6.74578369e+02, 5.06621002e+02, 8.69598627e-01,
       7.98114746e+02, 5.27371643e+02, 6.86259866e-01, 7.89219788e+02,
       6.18506714e+02, 7.24830985e-01, 8.89339233e+02, 6.92244629e+02,
       4.68719184e-01, 9.27653748e+02, 6.80381165e+02, 1.20763719e-01,
       8.30425781e+02, 4.44914581e+02, 5.69454372e-01, 9.65855652e+02,
       4.59761230e+02, 7.58883476e-01, 8.89433899e+02, 4.36249512e+02,
       7.79838920e-01, 1.09536047e+03, 5.12598267e+02, 5.38263798e-01,
       1.09246130e+03, 5.62639648e+02, 5.77869594e-01, 1.30443726e+03,
       5.74349548e+02, 7.75117040e-01, 1.60454346e+03, 6.03822754e+02,
       5.75246930e-01, 1.09532581e+03, 4.59556213e+02, 5.28611660e-01,
       1.34843188e+03, 4.56675323e+02, 5.99981606e-01, 1.55456055e+03,
       4.65569946e+02, 6.11000299e-01, 6.62708862e+02, 5.21411804e+02,
       7.76636422e-01, 6.68661438e+02, 4.83227844e+02, 9.04850245e-01,
       6.71556152e+02, 5.47928162e+02, 6.12016201e-01, 6.95054688e+02,
       4.62553833e+02, 6.25914574e-01, 1.63105432e+03, 4.59689178e+02,
       4.51212585e-01, 1.62518396e+03, 4.53785156e+02, 4.94931757e-01,
       1.58398584e+03, 4.77304688e+02, 2.57968843e-01, 1.70457458e+03,
       5.80308228e+02, 3.98089498e-01, 1.69869629e+03, 5.95054871e+02,
       3.18153679e-01, 1.62811230e+03, 6.03917542e+02, 2.98837125e-01 ]
