%YAML:1.0
---
pose_0: !!opencv-matrix
   rows: 1
   cols: 25
   dt: "3f"
   data: [ 7.18620667e+02, 5.03645660e+02, 8.26418161e-01,
       8.53945923e+02, 4.80260284e+02, 7.52822936e-01, 8.39304260e+02,
       5.65607727e+02, 7.19170988e-01, 9.51130249e+02, 6.18526794e+02,
       8.09428215e-01, 1.04520032e+03, 6.50966614e+02, 8.45465779e-01,
       8.59913940e+02, 3.94866211e+02, 7.08884239e-01, 1.00132910e+03,
       3.68447998e+02, 7.80101717e-01, 1.13365784e+03, 3.39106384e+02,
       8.35052252e-01, 1.11890747e+03, 5.03867676e+02, 5.96342683e-01,
       1.11308862e+03, 5.53723083e+02, 5.83812833e-01, 1.32198132e+03,
       5.53810913e+02, 3.09463412e-01, 1.53097803e+03, 5.27320618e+02,
       2.88561136e-01, 1.12190662e+03, 4.53767700e+02, 5.47916949e-01,
       1.31907056e+03, 4.68481750e+02, 5.45297921e-01, 1.58988635e+03,
       4.62616089e+02, 3.80023569e-01, 6.98060547e+02, 5.06641663e+02,
       6.88173115e-01, 7.01048279e+02, 4.80107330e+02, 7.58936405e-01,
       0., 0., 0., 7.18717163e+02, 4.36137787e+02, 5.95796525e-01,
       1.69880664e+03, 4.56750061e+02, 2.52365589e-01, 1.69878662e+03,
       4.53775330e+02, 2.64200747e-01, 1.67225793e+03, 5.06726837e+02,
       1.30649775e-01, 0., 0., 0., 0., 0., 0., 1.54280981e+03,
       5.27306824e+02, 1.48024142e-01 ]
