%YAML:1.0
---
pose_0: !!opencv-matrix
   rows: 2
   cols: 25
   dt: "3f"
   data: [ 7.56925049e+02, 4.77339172e+02, 3.90214384e-01,
       8.06890137e+02, 5.50878967e+02, 5.76588273e-01, 8.12878052e+02,
       5.65577637e+02, 5.97604752e-01, 9.54122253e+02, 5.30271912e+02,
       8.16484511e-01, 9.07036499e+02, 4.18392914e+02, 8.12748075e-01,
       7.92249023e+02, 5.62614319e+02, 3.10693681e-01, 0., 0., 0., 0.,
       0., 0., 1.11299268e+03, 5.59778992e+02, 5.35171032e-01,
       1.09536902e+03, 5.92097656e+02, 4.78416532e-01, 1.35450024e+03,
       5.21483948e+02, 7.41394699e-01, 1.59576892e+03, 6.89186401e+02,
       5.45235813e-01, 1.12184241e+03, 5.30334473e+02, 4.47511911e-01,
       1.38384827e+03, 5.06823395e+02, 3.26527596e-01, 1.57518372e+03,
       5.80332825e+02, 5.32263041e-01, 7.42181396e+02, 4.83260834e+02,
       2.86639363e-01, 0., 0., 0., 7.45207031e+02, 5.12629578e+02,
       3.26278150e-01, 7.12756531e+02, 5.74533508e+02, 9.95270610e-02,
       1.61040662e+03, 4.92040222e+02, 1.63440600e-01, 1.60162109e+03,
       5.00803894e+02, 1.57132983e-01, 1.58993311e+03, 6.03833801e+02,
       2.47809783e-01, 1.65743701e+03, 7.18686340e+02, 3.56000900e-01,
       1.63407874e+03, 7.33326904e+02, 3.91236186e-01, 1.61635767e+03,
       7.12796387e+02, 3.17646384e-01, 0., 0., 0., 0., 0., 0., 0., 0.,
       0., 0., 0., 0., 0., 0., 0., 9.27564819e+02, 5.03755096e+02,
       8.78604278e-02, 1.01875848e+03, 4.80252838e+02, 6.29337609e-01,
       9.95332275e+02, 4.09526215e+02, 8.06206048e-01, 0., 0., 0., 0.,
       0., 0., 0., 0., 0., 0., 0., 0., 0., 0., 0., 0., 0., 0., 0., 0.,
       0., 0., 0., 0., 0., 0., 0., 0., 0., 0., 0., 0., 0., 0., 0., 0.,
       0., 0., 0., 0., 0., 0., 0., 0., 0., 0., 0., 0., 0., 0., 0. ]
