%YAML:1.0
---
pose_0: !!opencv-matrix
   rows: 1
   cols: 25
   dt: "3f"
   data: [ 7.45242371e+02, 4.80304657e+02, 8.27204823e-01,
       8.27544312e+02, 4.59583649e+02, 7.48036504e-01, 8.27567139e+02,
       5.06807343e+02, 6.94276989e-01, 9.30525330e+02, 5.80407349e+02,
       8.32595587e-01, 8.15846191e+02, 5.47926392e+02, 8.38185310e-01,
       8.18725159e+02, 4.12608063e+02, 7.04150021e-01, 9.09952209e+02,
       3.89054504e+02, 8.46673191e-01, 8.06960144e+02, 4.53685059e+02,
       7.81550765e-01, 1.10132397e+03, 4.59710144e+02, 5.27643085e-01,
       1.11012317e+03, 5.06713715e+02, 5.50718248e-01, 1.32202832e+03,
       4.97955017e+02, 7.42052972e-01, 1.55748450e+03, 5.06737549e+02,
       5.56556761e-01, 1.09548376e+03, 4.12532990e+02, 5.74381471e-01,
       1.30436511e+03, 3.83048584e+02, 4.86559629e-01, 1.53394824e+03,
       4.15512024e+02, 2.93571502e-01, 7.36262695e+02, 4.86107819e+02,
       7.38821268e-01, 7.39286560e+02, 4.59688324e+02, 8.68309975e-01,
       7.45219299e+02, 5.06721710e+02, 8.99339169e-02, 7.48063049e+02,
       4.33173645e+02, 6.48863137e-01, 0., 0., 0., 0., 0., 0.,
       1.54570422e+03, 4.09604279e+02, 2.26797849e-01, 1.63095789e+03,
       5.09703766e+02, 3.92042696e-01, 1.61634583e+03, 5.24334839e+02,
       3.86704743e-01, 1.59574500e+03, 4.86201569e+02, 2.45756820e-01 ]
