%YAML:1.0
---
pose_0: !!opencv-matrix
   rows: 1
   cols: 25
   dt: "3f"
   data: [ 6.94990540e+02, 4.83291382e+02, 8.68113339e-01,
       8.36476257e+02, 4.77205261e+02, 7.28958309e-01, 8.36439026e+02,
       5.65564758e+02, 6.47358239e-01, 9.80638916e+02, 6.03922363e+02,
       6.10253632e-01, 1.11887488e+03, 6.62746399e+02, 7.32901812e-01,
       8.45240295e+02, 3.83141022e+02, 6.59471869e-01, 1.02175848e+03,
       3.65611542e+02, 7.95642436e-01, 1.17778772e+03, 3.62410248e+02,
       7.97175050e-01, 1.13945715e+03, 5.27233643e+02, 5.85690081e-01,
       1.12187354e+03, 5.74522705e+02, 6.01440787e-01, 1.36024255e+03,
       6.21581970e+02, 4.05449361e-01, 1.50453003e+03, 5.94999146e+02,
       4.74969745e-01, 1.14251709e+03, 4.62627808e+02, 5.56156933e-01,
       1.35139966e+03, 5.00878448e+02, 6.73500240e-01, 1.60749768e+03,
       4.97874969e+02, 5.77575922e-01, 6.74556274e+02, 5.00828430e+02,
       7.36835480e-01, 6.77436523e+02, 4.59640991e+02, 7.87168622e-01,
       6.95180786e+02, 5.09767853e+02, 7.53699094e-02, 7.01039612e+02,
       4.24313385e+02, 5.20152926e-01, 1.68409460e+03, 4.62560547e+02,
       2.37413257e-01, 1.67818860e+03, 4.59730408e+02, 2.56553173e-01,
       1.63695410e+03, 4.89114960e+02, 2.72609055e-01, 1.49563818e+03,
       6.56845886e+02, 2.62589216e-01, 1.48095032e+03, 6.50921509e+02,
       2.73416787e-01, 1.54268579e+03, 5.77337097e+02, 2.77999848e-01 ]
