%YAML:1.0
---
pose_0: !!opencv-matrix
   rows: 1
   cols: 25
   dt: "3f"
   data: [ 7.59854797e+02, 4.59683289e+02, 8.43031824e-01,
       8.65857422e+02, 4.65580505e+02, 6.38608754e-01, 8.80526855e+02,
       5.47946838e+02, 6.12729847e-01, 9.77572449e+02, 6.21570618e+02,
       8.80301476e-01, 8.86495361e+02, 5.83271912e+02, 8.25925350e-01,
       8.56951599e+02, 4.09541443e+02, 5.35302639e-01, 9.51155640e+02,
       3.62471222e+02, 5.73386192e-01, 1.04544250e+03, 3.41866119e+02,
       8.40937674e-01, 1.14248413e+03, 4.83111420e+02, 5.39332211e-01,
       1.13656592e+03, 5.30246521e+02, 4.99657899e-01, 1.35441431e+03,
       5.06704559e+02, 3.10707182e-01, 1.56045020e+03, 4.80282471e+02,
       1.99212536e-01, 1.14539709e+03, 4.33066956e+02, 5.14413059e-01,
       1.33673096e+03, 4.50768951e+02, 4.81427789e-01, 1.58979651e+03,
       4.39142395e+02, 4.98610884e-01, 7.42242676e+02, 4.71448395e+02,
       7.27115989e-01, 7.45249084e+02, 4.39097839e+02, 7.53758788e-01,
       7.65750061e+02, 4.92033600e+02, 3.25176209e-01, 7.77491516e+02,
       4.15484314e+02, 5.53323269e-01, 1.64874866e+03, 4.09601227e+02,
       4.30574179e-01, 1.63991553e+03, 4.09566101e+02, 4.46367800e-01,
       1.63105542e+03, 4.56659515e+02, 2.95910299e-01, 0., 0., 0., 0.,
       0., 0., 1.61633643e+03, 4.50828125e+02, 6.67973459e-02 ]
