%YAML:1.0
---
pose_0: !!opencv-matrix
   rows: 1
   cols: 25
   dt: "3f"
   data: [ 8.09733704e+02, 4.15484772e+02, 8.76488984e-01,
       9.24712402e+02, 4.44897583e+02, 6.61447406e-01, 9.27574097e+02,
       5.24400696e+02, 7.32570052e-01, 1.04530969e+03, 5.47927612e+02,
       8.06243479e-01, 1.04234680e+03, 4.33043579e+02, 7.89591193e-01,
       9.07145508e+02, 3.74262878e+02, 5.74972451e-01, 1.08361218e+03,
       2.94859833e+02, 5.90663075e-01, 1.18955859e+03, 2.59453552e+02,
       7.80993640e-01, 1.17782019e+03, 4.09567322e+02, 5.76580405e-01,
       1.17196594e+03, 4.56667664e+02, 5.93435526e-01, 1.37801794e+03,
       5.21505066e+02, 6.92237675e-01, 1.55159448e+03, 5.68543152e+02,
       5.77945948e-01, 1.17784460e+03, 3.56673462e+02, 5.60672283e-01,
       1.37802319e+03, 3.41955048e+02, 7.23029137e-01, 1.57804651e+03,
       3.12395782e+02, 6.18842602e-01, 7.92231201e+02, 4.33066620e+02,
       7.83248544e-01, 7.95191650e+02, 4.00804565e+02, 7.97348678e-01,
       8.09755188e+02, 4.56642548e+02, 6.90274119e-01, 8.24643738e+02,
       3.80226166e+02, 6.63717568e-01, 1.64279248e+03, 2.68277130e+02,
       5.32167792e-01, 1.63687280e+03, 2.68218750e+02, 5.45482397e-01,
       1.60748132e+03, 3.12462402e+02, 3.00347149e-01, 1.61043433e+03,
       6.06819946e+02, 3.78067285e-01, 1.60164783e+03, 6.09729553e+02,
       3.39864999e-01, 1.58101904e+03, 5.53923157e+02, 4.21613902e-01 ]
