%YAML:1.0
---
pose_0: !!opencv-matrix
   rows: 1
   cols: 25
   dt: "3f"
   data: [ 7.36244019e+02, 3.15510925e+02, 8.51254463e-01,
       8.03965332e+02, 2.65411194e+02, 5.10681808e-01, 7.92300476e+02,
       2.44749924e+02, 3.62805545e-01, 0., 0., 0., 0., 0., 0.,
       8.09863220e+02, 2.85935364e+02, 6.11744404e-01, 9.01123901e+02,
       4.09732635e+02, 8.22709084e-01, 9.71680542e+02, 5.42060608e+02,
       7.86588252e-01, 1.09248254e+03, 2.91803314e+02, 4.78497326e-01,
       1.09534570e+03, 3.36019257e+02, 4.98966634e-01, 1.28385657e+03,
       4.65536560e+02, 7.64218032e-01, 1.51332104e+03, 4.71378204e+02,
       3.69967729e-01, 1.08948083e+03, 2.38897736e+02, 4.27258819e-01,
       1.22195471e+03, 2.41757156e+02, 4.10379440e-01, 1.41917468e+03,
       1.77139282e+02, 3.90220523e-01, 7.18552979e+02, 3.18250946e+02,
       6.55759990e-01, 7.27464539e+02, 2.97747437e+02, 7.71759272e-01,
       0., 0., 0., 7.39340210e+02, 2.68396179e+02, 6.44976735e-01,
       1.53979309e+03, 1.27127289e+02, 1.66647881e-01, 1.53686169e+03,
       1.26946899e+02, 1.59514189e-01, 1.44263696e+03, 1.85946884e+02,
       1.68541074e-01, 1.52218005e+03, 4.77280975e+02, 5.62991276e-02,
       1.51925977e+03, 4.80288452e+02, 8.42443854e-02, 1.54865588e+03,
       4.62628357e+02, 2.38307089e-01 ]
