%YAML:1.0
---
pose_0: !!opencv-matrix
   rows: 1
   cols: 25
   dt: "3f"
   data: [ 6.89207825e+02, 4.33039948e+02, 8.46990883e-01,
       8.18710938e+02, 4.18436462e+02, 7.17804134e-01, 8.10007324e+02,
       5.06820251e+02, 7.06451833e-01, 9.21730408e+02, 6.30405945e+02,
       7.03491569e-01, 8.74666260e+02, 6.06793213e+02, 4.53501672e-01,
       8.36512573e+02, 3.24322479e+02, 6.72180235e-01, 9.83591858e+02,
       2.94874603e+02, 7.88122296e-01, 1.06003076e+03, 2.94710388e+02,
       7.64376521e-01, 1.11893555e+03, 4.53748016e+02, 5.68008900e-01,
       1.11301892e+03, 5.03769684e+02, 6.08648002e-01, 1.32500293e+03,
       5.27213257e+02, 7.39954114e-01, 1.54868994e+03, 5.47952759e+02,
       4.81135488e-01, 1.12193774e+03, 3.91963623e+02, 5.12466133e-01,
       1.33380786e+03, 4.09523743e+02, 4.80162621e-01, 1.57219739e+03,
       4.06678589e+02, 4.11244661e-01, 6.71692627e+02, 4.44984924e+02,
       7.35695541e-01, 6.71596436e+02, 4.09727112e+02, 8.44779909e-01,
       6.95053589e+02, 4.62571838e+02, 3.93860370e-01, 6.98058838e+02,
       3.80164459e+02, 5.78880787e-01, 1.65457813e+03, 3.83133392e+02,
       2.74679482e-01, 1.64871155e+03, 3.80158691e+02, 3.01162601e-01,
       1.59870679e+03, 3.97851990e+02, 2.16558635e-01, 1.65168506e+03,
       5.44995850e+02, 2.02009648e-01, 1.63397803e+03, 5.56802856e+02,
       1.52356967e-01, 1.58396021e+03, 5.33248047e+02, 2.96751827e-01 ]
