%YAML:1.0
---
pose_0: !!opencv-matrix
   rows: 1
   cols: 25
   dt: "3f"
   data: [ 7.01038940e+02, 4.83192993e+02, 8.41448069e-01,
       8.18756226e+02, 5.09750793e+02, 7.16355920e-01, 8.21725769e+02,
       5.83291992e+02, 6.72556877e-01, 9.10047974e+02, 6.71514893e+02,
       8.36183548e-01, 9.77674316e+02, 6.71466125e+02, 8.32636356e-01,
       8.12848877e+02, 4.39134644e+02, 6.67905211e-01, 9.86521118e+02,
       4.12525024e+02, 7.84879625e-01, 8.59910217e+02, 4.12644226e+02,
       8.27652514e-01, 1.11299792e+03, 5.03809479e+02, 5.65777481e-01,
       1.11010876e+03, 5.50825134e+02, 6.11658871e-01, 1.31906995e+03,
       5.77342651e+02, 7.51713037e-01, 1.59578455e+03, 6.03845154e+02,
       5.65183520e-01, 1.11298254e+03, 4.53718018e+02, 5.46142578e-01,
       1.33092908e+03, 4.53702087e+02, 7.11489916e-01, 1.56338257e+03,
       4.65568848e+02, 5.57857156e-01, 6.89247131e+02, 5.00847107e+02,
       7.21842468e-01, 6.92210449e+02, 4.65513123e+02, 7.99228251e-01,
       7.06919861e+02, 5.27317749e+02, 5.10143459e-01, 7.18715149e+02,
       4.47890656e+02, 4.94423747e-01, 1.63685046e+03, 4.33223816e+02,
       5.08248687e-01, 1.63098181e+03, 4.33196289e+02, 5.44345379e-01,
       1.59866870e+03, 4.80218964e+02, 2.74952292e-01, 1.70461316e+03,
       5.89141663e+02, 4.35775459e-01, 1.69869702e+03, 6.00920837e+02,
       4.24521983e-01, 1.61930249e+03, 5.97928467e+02, 2.17775851e-01 ]
