%YAML:1.0
---
pose_0: !!opencv-matrix
   rows: 1
   cols: 25
   dt: "3f"
   data: [ 7.74550171e+02, 5.12573853e+02, 8.13405335e-01,
       8.95240173e+02, 5.27314026e+02, 6.99375689e-01, 8.80632263e+02,
       5.80301086e+02, 6.26519322e-01, 9.62971130e+02, 6.27363342e+02,
       4.97278571e-01, 1.04242786e+03, 6.68491882e+02, 7.22225428e-01,
       9.12874634e+02, 4.59760010e+02, 6.35495961e-01, 1.03653809e+03,
       4.42039337e+02, 6.40528023e-01, 1.12192212e+03, 4.36121704e+02,
       7.89987862e-01, 1.16597205e+03, 5.47927185e+02, 5.86684048e-01,
       1.16302466e+03, 5.95030518e+02, 6.11691594e-01, 1.34850940e+03,
       6.21543396e+02, 6.15177810e-01, 1.53691235e+03, 6.62763916e+02,
       6.54584289e-01, 1.16608435e+03, 5.00788055e+02, 5.65615475e-01,
       1.36324402e+03, 4.83344818e+02, 6.96156740e-01, 1.53987878e+03,
       4.83174377e+02, 7.05984533e-01, 7.62700012e+02, 5.30281372e+02,
       8.21157277e-01, 7.65651123e+02, 5.00850830e+02, 8.34966779e-01,
       7.74624146e+02, 5.53915527e+02, 4.69317794e-01, 7.89439148e+02,
       4.80297638e+02, 4.51913476e-01, 1.60458569e+03, 4.59604706e+02,
       5.53961098e-01, 1.59287097e+03, 4.56675842e+02, 5.66392779e-01,
       1.56632288e+03, 4.83239197e+02, 3.06644738e-01, 1.59276221e+03,
       6.47953674e+02, 5.98020613e-01, 1.58392419e+03, 6.62684631e+02,
       5.44210255e-01, 1.54868604e+03, 6.68611450e+02, 3.79564673e-01 ]
