%YAML:1.0
---
pose_0: !!opencv-matrix
   rows: 1
   cols: 25
   dt: "3f"
   data: [ 7.36314148e+02, 4.89116974e+02, 5.48423052e-01,
       7.89299194e+02, 5.59721924e+02, 5.65991640e-01, 8.12804443e+02,
       5.71437195e+02, 7.01351285e-01, 9.27595886e+02, 5.09665131e+02,
       5.84110618e-01, 8.06879089e+02, 4.32995575e+02, 7.56024837e-01,
       7.03968262e+02, 5.74508972e+02, 2.13281363e-01, 0., 0., 0., 0.,
       0., 0., 1.06008301e+03, 5.47929260e+02, 2.43059948e-01,
       1.06594702e+03, 5.27295837e+02, 1.78730130e-01, 1.32779492e+03,
       5.30377136e+02, 6.64308012e-01, 1.58396985e+03, 6.86247681e+02,
       5.77813983e-01, 1.05128333e+03, 5.71448792e+02, 1.88799694e-01,
       1.35140137e+03, 5.06859619e+02, 3.88152450e-01, 1.56332275e+03,
       5.74421387e+02, 5.56979716e-01, 7.21645813e+02, 5.03649841e+02,
       4.51928437e-01, 7.30430176e+02, 4.83292725e+02, 1.11439064e-01,
       7.39212036e+02, 5.30188965e+02, 4.25106764e-01, 0., 0., 0.,
       1.60161584e+03, 4.94994507e+02, 4.26476806e-01, 1.59285962e+03,
       5.00859314e+02, 4.34000760e-01, 1.58105566e+03, 6.00883972e+02,
       4.22970742e-01, 1.65748035e+03, 7.21584412e+02, 5.16525626e-01,
       1.63400281e+03, 7.36221069e+02, 5.36842227e-01, 1.60162598e+03,
       6.92157532e+02, 2.62647748e-01 ]
