%YAML:1.0
---
pose_0: !!opencv-matrix
   rows: 1
   cols: 25
   dt: "3f"
   data: [ 0., 0., 0., 7.53992004e+02, 6.01001953e+02, 3.14796269e-01,
       7.77543579e+02, 7.18684082e+02, 2.76754618e-01, 9.15854187e+02,
       7.65806641e+02, 4.96810764e-01, 1.07772632e+03, 8.36483521e+02,
       6.76860690e-01, 7.48085815e+02, 5.06719177e+02, 2.41242751e-01,
       9.21735535e+02, 3.85952332e+02, 6.31607413e-01, 1.05128906e+03,
       2.38925507e+02, 6.79795146e-01, 1.11008069e+03, 5.33277283e+02,
       3.04020613e-01, 1.09540051e+03, 6.00930786e+02, 2.86337495e-01,
       1.19548511e+03, 6.48080261e+02, 1.57217264e-01, 1.63399243e+03,
       6.01015259e+02, 8.77028555e-02, 1.09834058e+03, 4.71425720e+02,
       3.59304339e-01, 1.19547620e+03, 4.09615540e+02, 2.98956573e-01,
       1.53392651e+03, 2.38850266e+02, 1.85889095e-01, 0., 0., 0., 0.,
       0., 0., 0., 0., 0., 0., 0., 0., 0., 0., 0., 0., 0., 0.,
       1.53984082e+03, 2.41811005e+02, 1.48718536e-01, 0., 0., 0., 0.,
       0., 0., 1.66047156e+03, 6.03886902e+02, 1.02726251e-01 ]
