%YAML:1.0
---
pose_0: !!opencv-matrix
   rows: 1
   cols: 25
   dt: "3f"
   data: [ 0., 0., 0., 8.39364990e+02, 4.47902405e+02, 2.73280233e-01,
       8.01047485e+02, 4.41988953e+02, 1.34258062e-01, 0., 0., 0., 0.,
       0., 0., 8.80511230e+02, 4.33115051e+02, 3.53571892e-01,
       1.01887274e+03, 4.56682831e+02, 7.08637595e-01, 1.13947314e+03,
       5.53762146e+02, 7.97449291e-01, 1.14839343e+03, 4.12549194e+02,
       2.43373558e-01, 1.16303357e+03, 3.88955383e+02, 1.70905575e-01,
       1.36911060e+03, 5.06641846e+02, 4.44629908e-01, 1.56339563e+03,
       3.86130219e+02, 7.57620335e-01, 1.14254517e+03, 4.18453522e+02,
       3.98732454e-01, 1.36617322e+03, 5.24296204e+02, 5.37026763e-01,
       1.62814453e+03, 4.33137543e+02, 6.59203708e-01, 0., 0., 0.,
       8.06962402e+02, 4.77275269e+02, 5.91370612e-02, 0., 0., 0.,
       8.15744690e+02, 4.62550690e+02, 1.85521379e-01, 1.68116833e+03,
       3.83083435e+02, 1.93998635e-01, 1.67813904e+03, 3.86105865e+02,
       2.10496321e-01, 1.63698120e+03, 4.12583771e+02, 3.29702109e-01,
       0., 0., 0., 0., 0., 0., 1.58395544e+03, 3.65418488e+02,
       5.38312614e-01 ]
