%YAML:1.0
---
pose_0: !!opencv-matrix
   rows: 1
   cols: 25
   dt: "3f"
   data: [ 7.24611816e+02, 5.30401184e+02, 8.52558911e-01,
       8.45206665e+02, 5.39065796e+02, 7.05344260e-01, 8.36274475e+02,
       6.21451599e+02, 6.47791266e-01, 9.30580017e+02, 7.09789307e+02,
       4.86965656e-01, 9.59992432e+02, 6.98104370e+02, 4.62130606e-01,
       8.65879944e+02, 4.59588989e+02, 6.96240366e-01, 9.98311707e+02,
       4.44969238e+02, 5.90067983e-01, 1.05125793e+03, 4.59728577e+02,
       5.47173858e-01, 1.12187390e+03, 5.62696594e+02, 5.42977452e-01,
       1.11604382e+03, 6.18519958e+02, 5.30616045e-01, 1.34265308e+03,
       6.03946045e+02, 5.20076632e-01, 1.57512305e+03, 6.36213196e+02,
       6.25560403e-01, 1.13362354e+03, 5.06705536e+02, 5.43653548e-01,
       1.35151086e+03, 4.86136505e+02, 5.79555511e-01, 1.50453711e+03,
       5.12623718e+02, 6.09820664e-01, 7.12789307e+02, 5.50890747e+02,
       8.41706514e-01, 7.15775513e+02, 5.09771271e+02, 8.40701520e-01,
       7.36283142e+02, 5.74362793e+02, 5.40216565e-01, 7.39315491e+02,
       4.86152008e+02, 6.45130992e-01, 1.59286462e+03, 4.62572571e+02,
       2.63812900e-01, 1.58698438e+03, 4.59757721e+02, 2.98600852e-01,
       1.52215039e+03, 5.33258240e+02, 3.46278250e-01, 1.66339954e+03,
       6.27385437e+02, 5.56435704e-01, 1.64576758e+03, 6.45075745e+02,
       5.02717257e-01, 1.58991150e+03, 6.36234924e+02, 3.88354421e-01 ]
