%YAML:1.0
---
pose_0: !!opencv-matrix
   rows: 1
   cols: 25
   dt: "3f"
   data: [ 7.45202332e+02, 3.65448792e+02, 8.69863331e-01,
       8.56965393e+02, 3.65473907e+02, 6.32194579e-01, 8.68800293e+02,
       4.39020599e+02, 3.92019093e-01, 1.00129120e+03, 4.62669769e+02,
       7.17401087e-01, 9.51196533e+02, 5.77450928e+02, 8.84719133e-01,
       8.45237244e+02, 3.09579010e+02, 5.57385206e-01, 9.74674622e+02,
       1.97609558e+02, 7.63390422e-01, 8.83426025e+02, 1.12299255e+02,
       7.85682321e-01, 1.11902783e+03, 3.68380920e+02, 5.71189225e-01,
       1.11890674e+03, 4.15450989e+02, 5.42642057e-01, 1.33375916e+03,
       4.33064972e+02, 6.83604300e-01, 1.54566309e+03, 4.53780365e+02,
       6.14743948e-01, 1.12479749e+03, 3.15510712e+02, 5.13472378e-01,
       1.34264429e+03, 2.97732300e+02, 5.44773102e-01, 1.56631482e+03,
       2.77140350e+02, 5.35700500e-01, 7.36242737e+02, 3.80118713e+02,
       7.72191942e-01, 7.39282410e+02, 3.47788574e+02, 8.11318576e-01,
       7.42223938e+02, 4.03758423e+02, 3.69727045e-01, 7.59904419e+02,
       3.24292206e+02, 5.44292390e-01, 1.63992041e+03, 2.80111450e+02,
       3.81125152e-01, 1.63697156e+03, 2.68350311e+02, 4.45893884e-01,
       1.57808569e+03, 2.68317169e+02, 1.92925185e-01, 1.60746912e+03,
       4.47888550e+02, 3.07441056e-01, 1.60452039e+03, 4.68448730e+02,
       3.12303752e-01, 1.57805457e+03, 4.36187134e+02, 3.38827074e-01 ]
