%YAML:1.0
---
pose_0: !!opencv-matrix
   rows: 1
   cols: 25
   dt: "3f"
   data: [ 7.65749329e+02, 5.00803101e+02, 7.90147856e-02,
       8.33455444e+02, 4.68428314e+02, 3.98275077e-01, 8.33468628e+02,
       4.68522217e+02, 3.41030449e-01, 8.39333862e+02, 4.12596161e+02,
       1.13584757e-01, 0., 0., 0., 8.39388428e+02, 4.56756531e+02,
       4.14258510e-01, 9.74664551e+02, 4.12430756e+02, 8.13148975e-01,
       1.05415417e+03, 5.27216553e+02, 8.23027134e-01, 1.14250867e+03,
       4.12647583e+02, 2.86227673e-01, 1.16599268e+03, 3.86141846e+02,
       2.76342392e-01, 1.33379614e+03, 4.56598328e+02, 7.70641148e-01,
       1.56327637e+03, 3.86158630e+02, 7.62484908e-01, 1.11892566e+03,
       4.41993439e+02, 3.10976416e-01, 1.33092236e+03, 5.09628662e+02,
       7.74307549e-01, 1.60159241e+03, 4.41965729e+02, 5.89080751e-01,
       0., 0., 0., 7.65748230e+02, 4.86113159e+02, 1.03497766e-01,
       7.89206421e+02, 4.56639191e+02, 1.09448619e-01, 7.71615417e+02,
       4.74326813e+02, 1.86376199e-01, 1.68103882e+03, 3.88988464e+02,
       6.22107424e-02, 1.66045410e+03, 4.09451721e+02, 7.64564946e-02,
       1.62225391e+03, 4.36154388e+02, 3.06447774e-01, 1.58989197e+03,
       3.27225769e+02, 4.83258456e-01, 1.58987878e+03, 3.39008423e+02,
       4.40634608e-01, 1.57807251e+03, 3.83160370e+02, 4.20841187e-01 ]
