%YAML:1.0
---
pose_0: !!opencv-matrix
   rows: 1
   cols: 25
   dt: "3f"
   data: [ 7.56965210e+02, 3.85996155e+02, 8.36806417e-01,
       8.68801270e+02, 4.03768433e+02, 6.92026913e-01, 8.59902527e+02,
       4.83259644e+02, 7.91857719e-01, 9.74717773e+02, 5.33232056e+02,
       4.79635388e-01, 9.95275085e+02, 5.33178589e+02, 4.65086609e-01,
       8.80488342e+02, 3.21289307e+02, 6.85436904e-01, 1.01007471e+03,
       2.94711090e+02, 7.54004478e-01, 1.09837524e+03, 2.71403748e+02,
       8.29803109e-01, 1.12780188e+03, 3.94876251e+02, 5.63676953e-01,
       1.12190564e+03, 4.47918701e+02, 5.69124520e-01, 1.33675732e+03,
       4.77339539e+02, 7.14730203e-01, 1.53095410e+03, 5.42080811e+02,
       5.90702474e-01, 1.13655566e+03, 3.42012177e+02, 5.84114075e-01,
       1.33967981e+03, 3.15514313e+02, 6.49488926e-01, 1.54867578e+03,
       2.94904785e+02, 5.47838211e-01, 7.42156128e+02, 4.03675690e+02,
       7.97559142e-01, 7.42275757e+02, 3.65567200e+02, 8.23963106e-01,
       7.62702759e+02, 4.30185760e+02, 5.64776599e-01, 7.65842285e+02,
       3.47783569e+02, 4.13712174e-01, 1.63702832e+03, 2.71339294e+02,
       5.36016643e-01, 1.63686572e+03, 2.68363281e+02, 5.43662786e-01,
       1.58102808e+03, 2.97777710e+02, 2.34966800e-01, 1.61353284e+03,
       5.47883057e+02, 5.62588751e-01, 1.60750635e+03, 5.53943420e+02,
       5.02463877e-01, 1.54572729e+03, 5.50885986e+02, 3.72761577e-01 ]
