%YAML:1.0
---
pose_0: !!opencv-matrix
   rows: 1
   cols: 25
   dt: "3f"
   data: [ 7.30397278e+02, 5.03807587e+02, 7.46830523e-01,
       8.15773804e+02, 4.39112701e+02, 5.10431945e-01, 8.12807190e+02,
       4.39054047e+02, 3.13709229e-01, 0., 0., 0., 0., 0., 0.,
       8.24586792e+02, 4.36035156e+02, 7.20687509e-01, 9.77704041e+02,
       4.56590149e+02, 7.54426539e-01, 1.06875757e+03, 5.74312500e+02,
       6.41874492e-01, 1.13071289e+03, 4.09629486e+02, 3.30845952e-01,
       1.12190039e+03, 4.24333893e+02, 1.79033965e-01, 1.34851721e+03,
       4.83108856e+02, 2.71626860e-01, 1.58688647e+03, 3.97869629e+02,
       2.65757084e-01, 1.13661182e+03, 3.88993652e+02, 2.94713378e-01,
       1.35140100e+03, 4.97837799e+02, 7.09357738e-01, 1.61931433e+03,
       4.06621521e+02, 4.84280050e-01, 7.15785522e+02, 5.00814240e+02,
       1.47065461e-01, 7.18634949e+02, 4.83353180e+02, 7.59429395e-01,
       0., 0., 0., 7.36319702e+02, 4.53716949e+02, 5.59730709e-01,
       1.70164929e+03, 3.65427277e+02, 4.17165220e-01, 1.69584180e+03,
       3.65410889e+02, 4.08492088e-01, 0., 0., 0., 0., 0., 0., 0., 0.,
       0., 1.59287683e+03, 3.59527588e+02, 1.61812216e-01 ]
