%YAML:1.0
---
pose_0: !!opencv-matrix
   rows: 1
   cols: 25
   dt: "3f"
   data: [ 7.65788391e+02, 4.33036346e+02, 8.77908111e-01,
       8.80440125e+02, 4.09704132e+02, 7.91164875e-01, 8.80453491e+02,
       4.83232361e+02, 7.02185810e-01, 9.86543579e+02, 5.12593018e+02,
       7.49615550e-01, 9.07107239e+02, 4.59572693e+02, 7.91058064e-01,
       8.80429321e+02, 3.41850739e+02, 6.77884996e-01, 1.02466528e+03,
       2.94956390e+02, 8.24924052e-01, 9.15820129e+02, 3.03680511e+02,
       6.37514889e-01, 1.13359949e+03, 4.53714081e+02, 5.97129524e-01,
       1.11892017e+03, 5.00856384e+02, 6.43418193e-01, 1.30723389e+03,
       5.44983643e+02, 6.79301381e-01, 1.51625562e+03, 5.74488586e+02,
       4.65838432e-01, 1.13960144e+03, 3.91947296e+02, 6.15438163e-01,
       1.33673865e+03, 4.09610535e+02, 5.83083034e-01, 1.57516528e+03,
       4.21400818e+02, 5.97582161e-01, 7.53999939e+02, 4.39134888e+02,
       7.65370667e-01, 7.56851501e+02, 4.09740906e+02, 8.35482836e-01,
       7.77529175e+02, 4.56528778e+02, 8.55624527e-02, 7.68678833e+02,
       3.80176575e+02, 6.23890877e-01, 1.63399548e+03, 3.91907806e+02,
       4.39113259e-01, 1.62812341e+03, 3.89077698e+02, 4.97839272e-01,
       1.61051025e+03, 4.33062592e+02, 3.23631197e-01, 1.56333643e+03,
       5.42081360e+02, 1.79192528e-01, 1.56042847e+03, 5.86182068e+02,
       1.24895580e-01, 1.56629578e+03, 5.71469666e+02, 2.60619342e-01 ]
