%YAML:1.0
---
pose_0: !!opencv-matrix
   rows: 1
   cols: 25
   dt: "3f"
   data: [ 7.33387573e+02, 5.53749451e+02, 9.06335771e-01,
       8.51085205e+02, 5.83256836e+02, 6.44717872e-01, 8.54060242e+02,
       6.65606567e+02, 5.48822939e-01, 9.86523926e+02, 7.12699524e+02,
       7.67624259e-01, 1.11905713e+03, 7.54020325e+02, 7.83398986e-01,
       8.56926819e+02, 5.09701233e+02, 5.73487759e-01, 9.62950317e+02,
       4.80274536e+02, 2.00476319e-01, 1.00117493e+03, 4.86181580e+02,
       3.17653269e-01, 1.11897778e+03, 5.77310059e+02, 6.06547058e-01,
       1.11887341e+03, 6.24543640e+02, 6.04955196e-01, 1.32205750e+03,
       6.42046692e+02, 6.82371676e-01, 1.56340308e+03, 6.68502991e+02,
       6.24038875e-01, 1.11894116e+03, 5.24389954e+02, 5.95929921e-01,
       1.34849561e+03, 4.83204712e+02, 6.59651399e-01, 1.52215796e+03,
       4.41944489e+02, 5.60638070e-01, 7.15807861e+02, 5.71440002e+02,
       8.55613470e-01, 7.24513611e+02, 5.33226563e+02, 8.39391053e-01,
       7.30431091e+02, 5.98060303e+02, 7.27476120e-01, 7.59816284e+02,
       5.24297974e+02, 5.04623771e-01, 1.61931982e+03, 4.36012024e+02,
       4.43579704e-01, 1.61635437e+03, 4.30205872e+02, 4.23990726e-01,
       1.55455005e+03, 4.36089874e+02, 2.59017497e-01, 1.63100781e+03,
       6.77460083e+02, 4.07361507e-01, 0., 0., 0., 1.59277209e+03,
       6.50939575e+02, 3.96559387e-01 ]
