%YAML:1.0
---
pose_0: !!opencv-matrix
   rows: 1
   cols: 25
   dt: "3f"
   data: [ 7.62718933e+02, 4.30129425e+02, 8.81522477e-01,
       8.83417297e+02, 4.33229706e+02, 7.40834475e-01, 9.04170349e+02,
       5.27213867e+02, 6.89611793e-01, 1.02770117e+03, 5.56874817e+02,
       6.16460443e-01, 1.10424243e+03, 5.74469360e+02, 4.04390156e-01,
       8.80553223e+02, 3.44954254e+02, 6.49261653e-01, 1.00126001e+03,
       3.18284698e+02, 8.10515523e-01, 1.09547522e+03, 3.15288208e+02,
       8.42432201e-01, 1.16893713e+03, 4.53691650e+02, 5.88405132e-01,
       1.16012793e+03, 5.03652740e+02, 6.23151004e-01, 1.30143848e+03,
       5.24385681e+02, 2.00226858e-01, 1.40445508e+03, 4.65532532e+02,
       7.83498138e-02, 1.17193713e+03, 3.91937347e+02, 5.61876774e-01,
       1.37798486e+03, 4.36224457e+02, 6.61213279e-01, 1.59285010e+03,
       4.12494080e+02, 6.13681972e-01, 7.42321899e+02, 4.39126434e+02,
       8.22810113e-01, 7.48146851e+02, 4.09608246e+02, 8.84317040e-01,
       7.65621155e+02, 4.59803833e+02, 4.59128648e-01, 7.68794861e+02,
       3.86098328e+02, 6.19894326e-01, 1.65458313e+03, 3.62502594e+02,
       4.26457375e-01, 1.64867773e+03, 3.65410553e+02, 4.28327888e-01,
       1.63695862e+03, 4.18486664e+02, 2.59914190e-01, 0., 0., 0., 0.,
       0., 0., 0., 0., 0. ]
