%YAML:1.0
---
pose_0: !!opencv-matrix
   rows: 1
   cols: 25
   dt: "3f"
   data: [ 6.21422363e+02, 5.06630493e+02, 7.67408133e-01,
       7.83354004e+02, 4.89057068e+02, 6.45589292e-01, 7.68731201e+02,
       5.97996704e+02, 6.76795125e-01, 9.09925415e+02, 6.48119873e+02,
       7.76923537e-01, 1.06886914e+03, 7.15642944e+02, 8.70992541e-01,
       7.86319214e+02, 3.89039612e+02, 4.80751276e-01, 9.65929016e+02,
       3.59611481e+02, 6.29967213e-01, 1.12482043e+03, 3.41987549e+02,
       6.55466378e-01, 1.09536084e+03, 5.33282227e+02, 4.91818935e-01,
       1.07192041e+03, 6.00885254e+02, 4.73888308e-01, 1.30439648e+03,
       6.45108704e+02, 3.26448947e-01, 1.55743115e+03, 6.21446655e+02,
       3.58732998e-01, 1.11299304e+03, 4.71384308e+02, 4.51367855e-01,
       1.32793567e+03, 4.83330719e+02, 4.50371921e-01, 1.72822803e+03,
       4.94929169e+02, 3.72323573e-01, 5.98020386e+02, 5.27276550e+02,
       6.08782768e-01, 5.97876160e+02, 4.80284210e+02, 7.67237961e-01,
       6.24378235e+02, 5.39136841e+02, 1.16209291e-01, 6.21577881e+02,
       4.33220795e+02, 4.25696015e-01, 1.82532666e+03, 4.62621613e+02,
       1.60825133e-01, 1.82242456e+03, 4.62578491e+02, 1.81698650e-01,
       1.73409692e+03, 5.12650940e+02, 2.07536697e-01, 1.68116956e+03,
       6.30374329e+02, 1.22333102e-01, 0., 0., 0., 1.58101587e+03,
       6.06820801e+02, 2.32924819e-01 ]
