%YAML:1.0
---
pose_0: !!opencv-matrix
   rows: 1
   cols: 25
   dt: "3f"
   data: [ 6.80438232e+02, 4.77352722e+02, 8.22507977e-01,
       8.06860229e+02, 5.36227844e+02, 6.46007597e-01, 8.09748901e+02,
       6.24597290e+02, 7.06329525e-01, 9.48268127e+02, 6.56810486e+02,
       7.60299206e-01, 1.08946643e+03, 6.68644165e+02, 8.35892200e-01,
       8.09811768e+02, 4.59670502e+02, 6.53993130e-01, 9.77755676e+02,
       4.35992310e+02, 8.49422753e-01, 1.11605811e+03, 4.09703308e+02,
       8.36469471e-01, 1.08945178e+03, 5.42006287e+02, 5.67122102e-01,
       1.07775684e+03, 5.89169250e+02, 5.75774133e-01, 1.30427844e+03,
       5.97863525e+02, 5.97737551e-01, 1.55454431e+03, 6.03905823e+02,
       5.09417832e-01, 1.09237549e+03, 4.83289276e+02, 5.95148206e-01,
       1.30435083e+03, 4.74378906e+02, 5.92343569e-01, 1.51926270e+03,
       4.97945221e+02, 2.86020666e-01, 6.68488403e+02, 4.92008087e+02,
       8.12451780e-01, 6.71509338e+02, 4.62557648e+02, 7.27075219e-01,
       6.80348511e+02, 5.30320068e+02, 7.36292243e-01, 0., 0., 0., 0.,
       0., 0., 0., 0., 0., 1.55158533e+03, 5.03784821e+02,
       1.99691877e-01, 1.63694348e+03, 5.80318481e+02, 2.18007177e-01,
       1.61638782e+03, 6.00855835e+02, 1.98152170e-01, 1.58100879e+03,
       6.01003723e+02, 2.86514163e-01 ]
