%YAML:1.0
---
pose_0: !!opencv-matrix
   rows: 1
   cols: 25
   dt: "3f"
   data: [ 7.92231506e+02, 4.83249939e+02, 7.56303191e-01,
       8.83467224e+02, 5.47909058e+02, 5.97036242e-01, 8.60010254e+02,
       5.77370361e+02, 4.06750858e-01, 9.42328064e+02, 3.83116730e+02,
       2.90032536e-01, 9.54195496e+02, 2.91833862e+02, 2.09212035e-01,
       9.09917786e+02, 5.09663788e+02, 4.89679396e-01, 1.05415662e+03,
       4.56722321e+02, 7.00673342e-01, 1.16602966e+03, 4.03655396e+02,
       8.28665793e-01, 1.16307324e+03, 5.50791016e+02, 5.74449420e-01,
       1.16311438e+03, 5.94974854e+02, 5.31887174e-01, 1.38089038e+03,
       6.27390503e+02, 7.76110053e-01, 1.56332141e+03, 7.27463684e+02,
       6.72280967e-01, 1.16298145e+03, 5.03768890e+02, 6.29443526e-01,
       1.33674438e+03, 3.89138275e+02, 7.49624372e-01, 1.54870239e+03,
       3.91960480e+02, 6.30660176e-01, 7.71685669e+02, 5.00792664e+02,
       7.43347943e-01, 7.83291138e+02, 4.77218140e+02, 1.90584689e-01,
       7.86247498e+02, 5.44971375e+02, 4.48360443e-01, 0., 0., 0.,
       1.62223962e+03, 3.15403809e+02, 1.69171900e-01, 1.61631726e+03,
       3.18370636e+02, 1.51993111e-01, 1.58099548e+03, 4.00764587e+02,
       3.47318709e-01, 1.62805994e+03, 6.89244690e+02, 6.60538077e-01,
       1.61924988e+03, 7.06850220e+02, 5.72983682e-01, 1.56924231e+03,
       7.48049011e+02, 5.31096518e-01 ]
