%YAML:1.0
---
pose_0: !!opencv-matrix
   rows: 1
   cols: 25
   dt: "3f"
   data: [ 7.83300842e+02, 5.06728546e+02, 8.91390443e-01,
       8.89424255e+02, 5.09756134e+02, 7.22349823e-01, 8.83455322e+02,
       5.80373108e+02, 6.60131514e-01, 1.02177612e+03, 6.33306274e+02,
       7.65456796e-01, 1.09839514e+03, 6.45192627e+02, 8.17238331e-01,
       9.04140686e+02, 4.42042084e+02, 6.42530799e-01, 9.74687927e+02,
       3.94903442e+02, 4.11121249e-01, 1.02485046e+03, 3.89130096e+02,
       7.00375199e-01, 1.16013721e+03, 5.24377563e+02, 6.10928535e-01,
       1.15135120e+03, 5.71409119e+02, 6.28143370e-01, 1.33084949e+03,
       5.77448364e+02, 6.72703028e-01, 1.52220215e+03, 6.45018127e+02,
       5.35139799e-01, 1.16299329e+03, 4.71415253e+02, 6.07897162e-01,
       1.37200171e+03, 4.68491150e+02, 5.45366108e-01, 1.54270032e+03,
       4.83077057e+02, 6.67548239e-01, 7.65706665e+02, 5.24414673e+02,
       8.24287713e-01, 7.68680969e+02, 4.89035828e+02, 8.05603862e-01,
       7.86226746e+02, 5.45018982e+02, 5.35671830e-01, 7.95223877e+02,
       4.65563385e+02, 5.68871796e-01, 1.60748621e+03, 4.59621948e+02,
       4.95168030e-01, 1.59578296e+03, 4.56644440e+02, 5.15889823e-01,
       1.56340051e+03, 4.86125671e+02, 3.15834075e-01, 1.58978992e+03,
       6.24464050e+02, 5.12621880e-01, 1.57805078e+03, 6.42084717e+02,
       4.20094013e-01, 1.55156824e+03, 6.65630127e+02, 2.93300241e-01 ]
