%YAML:1.0
---
pose_0: !!opencv-matrix
   rows: 1
   cols: 25
   dt: "3f"
   data: [ 7.71586243e+02, 4.12535278e+02, 8.55180204e-01,
       8.57087585e+02, 4.12588013e+02, 7.36579716e-01, 8.59883057e+02,
       4.59656952e+02, 6.61028504e-01, 9.39387573e+02, 4.62671326e+02,
       1.96500868e-01, 9.95352417e+02, 4.80236664e+02, 6.75948918e-01,
       8.59935364e+02, 3.65395966e+02, 6.40309811e-01, 1.02469226e+03,
       2.97809082e+02, 7.05815911e-01, 1.14834900e+03, 2.59503479e+02,
       7.56626070e-01, 1.13655164e+03, 4.09592377e+02, 5.78876555e-01,
       1.13068542e+03, 4.56786407e+02, 5.67606926e-01, 1.34854358e+03,
       5.27431152e+02, 7.34141052e-01, 1.54272180e+03, 5.71495178e+02,
       6.62311554e-01, 1.13661780e+03, 3.56647278e+02, 5.31203508e-01,
       1.36906799e+03, 3.47856415e+02, 5.18024743e-01, 1.57806091e+03,
       3.12393738e+02, 5.84547222e-01, 7.59844421e+02, 4.21402496e+02,
       7.76103795e-01, 7.65698181e+02, 3.91898926e+02, 8.35303247e-01,
       7.74563354e+02, 4.41943848e+02, 2.92338878e-01, 7.89287048e+02,
       3.68468872e+02, 6.86890423e-01, 1.63985547e+03, 2.65374207e+02,
       5.49530566e-01, 1.63404138e+03, 2.65408478e+02, 5.41544437e-01,
       1.60751331e+03, 3.15489075e+02, 3.15546811e-01, 1.60756873e+03,
       6.18626099e+02, 4.40848142e-01, 1.61045154e+03, 6.15601257e+02,
       4.34542865e-01, 1.57808386e+03, 5.50903503e+02, 4.56512213e-01 ]
