%YAML:1.0
---
pose_0: !!opencv-matrix
   rows: 1
   cols: 25
   dt: "3f"
   data: [ 8.09769714e+02, 4.47851318e+02, 3.82246315e-01,
       8.53965759e+02, 5.06789795e+02, 5.63093007e-01, 8.54005615e+02,
       5.56791504e+02, 5.80190659e-01, 9.65841370e+02, 5.83274658e+02,
       7.86338687e-01, 9.51265686e+02, 4.59607269e+02, 8.61100495e-01,
       8.42255920e+02, 4.62577209e+02, 3.27802449e-01, 8.98152283e+02,
       4.56776917e+02, 6.57844245e-02, 0., 0., 0., 1.06301111e+03,
       4.83198242e+02, 2.68980473e-01, 1.11600940e+03, 5.06790100e+02,
       1.97107196e-01, 1.36322449e+03, 5.77422546e+02, 3.09326351e-01,
       1.53391064e+03, 6.92121704e+02, 4.44837034e-01, 1.03656519e+03,
       4.56684448e+02, 2.27821469e-01, 1.15720972e+03, 3.80184113e+02,
       2.58553773e-01, 1.37796179e+03, 3.24213593e+02, 2.54875034e-01,
       7.89325928e+02, 4.50837738e+02, 3.26473951e-01, 7.95156677e+02,
       4.36078766e+02, 2.02873826e-01, 7.86406982e+02, 4.83253693e+02,
       3.13560128e-01, 0., 0., 0., 0., 0., 0., 0., 0., 0.,
       1.39267969e+03, 3.15398529e+02, 1.31561831e-01, 1.59574414e+03,
       7.09847900e+02, 2.80789912e-01, 1.58686353e+03, 7.21587402e+02,
       2.54363447e-01, 1.54870654e+03, 6.95094238e+02, 2.56217182e-01 ]
