%YAML:1.0
---
pose_0: !!opencv-matrix
   rows: 1
   cols: 25
   dt: "3f"
   data: [ 7.95188049e+02, 3.94873505e+02, 7.43592262e-01,
       8.68790955e+02, 4.56585327e+02, 5.95966160e-01, 8.54065979e+02,
       5.24304626e+02, 5.31880260e-01, 9.36487610e+02, 5.83235291e+02,
       2.72504985e-01, 9.83587402e+02, 6.18517700e+02, 1.99280858e-01,
       9.04010010e+02, 3.83151978e+02, 4.39150035e-01, 1.03943054e+03,
       3.65400665e+02, 3.64789099e-01, 1.11596387e+03, 3.39074646e+02,
       2.32735112e-01, 1.13363208e+03, 4.53755493e+02, 5.56389809e-01,
       1.12777856e+03, 5.03771545e+02, 5.44295847e-01, 1.37500940e+03,
       5.97983215e+02, 5.17864823e-01, 1.54274597e+03, 6.83338196e+02,
       6.24089837e-01, 1.13657629e+03, 3.94890411e+02, 5.36775768e-01,
       1.23963086e+03, 3.38882324e+02, 3.52836490e-01, 1.52800903e+03,
       2.03564438e+02, 1.77492529e-01, 7.74548340e+02, 4.09609802e+02,
       7.48149037e-01, 7.86443420e+02, 3.83112823e+02, 6.22718036e-01,
       7.68697693e+02, 4.59661194e+02, 6.16934657e-01, 0., 0., 0., 0.,
       0., 0., 0., 0., 0., 1.54275134e+03, 2.00655197e+02,
       1.96284011e-01, 1.61052588e+03, 6.68500549e+02, 6.80686831e-01,
       1.60453809e+03, 6.77451782e+02, 5.69212258e-01, 1.55456750e+03,
       7.03957397e+02, 3.97699028e-01 ]
