%YAML:1.0
---
pose_0: !!opencv-matrix
   rows: 1
   cols: 25
   dt: "3f"
   data: [ 6.77496155e+02, 5.30396362e+02, 8.07836354e-01,
       7.89362854e+02, 5.06826080e+02, 6.92763507e-01, 7.77520874e+02,
       5.77315125e+02, 6.16825819e-01, 9.48237305e+02, 6.33336853e+02,
       6.25739813e-01, 1.06886487e+03, 7.15789307e+02, 8.28191638e-01,
       8.12756653e+02, 4.33134430e+02, 5.38527250e-01, 9.30706604e+02,
       3.65416779e+02, 8.18763554e-01, 1.06300024e+03, 3.38817902e+02,
       8.34250569e-01, 1.09242004e+03, 5.27314209e+02, 6.16122961e-01,
       1.08070459e+03, 5.77287048e+02, 6.13901556e-01, 1.27783655e+03,
       6.12643127e+02, 6.48706317e-01, 1.54272681e+03, 6.36287109e+02,
       5.89652896e-01, 1.09838611e+03, 4.71374451e+02, 5.54023802e-01,
       1.34852136e+03, 4.71395905e+02, 5.62555373e-01, 1.58993848e+03,
       4.71438171e+02, 5.80690682e-01, 6.68514771e+02, 5.47908081e+02,
       7.48445749e-01, 6.68494385e+02, 5.12679932e+02, 7.66231656e-01,
       6.89226563e+02, 5.56863159e+02, 1.32838577e-01, 6.86311646e+02,
       4.83183563e+02, 6.14899158e-01, 1.65753821e+03, 4.33119720e+02,
       2.82673836e-01, 1.65463452e+03, 4.33159088e+02, 3.20468515e-01,
       1.63398901e+03, 4.89067810e+02, 2.04327822e-01, 1.66051685e+03,
       6.53913147e+02, 2.38716394e-01, 1.65167310e+03, 6.65691345e+02,
       2.32255787e-01, 1.58104150e+03, 6.21572388e+02, 2.99075186e-01 ]
