%YAML:1.0
---
pose_0: !!opencv-matrix
   rows: 1
   cols: 25
   dt: "3f"
   data: [ 6.18622498e+02, 4.92040649e+02, 8.32962513e-01,
       7.65718933e+02, 5.06852203e+02, 7.73107111e-01, 7.56941040e+02,
       6.00883606e+02, 6.98792338e-01, 8.98176025e+02, 6.71520996e+02,
       8.31010461e-01, 9.54147156e+02, 6.42159607e+02, 8.51745903e-01,
       7.77494568e+02, 4.27307098e+02, 5.77592671e-01, 9.30559631e+02,
       3.68381805e+02, 9.01413202e-01, 8.09784302e+02, 3.68431458e+02,
       8.50203097e-01, 1.04829517e+03, 4.97942688e+02, 5.80266237e-01,
       1.04527014e+03, 5.50832031e+02, 5.99319160e-01, 1.28085388e+03,
       5.53892090e+02, 4.81295407e-01, 1.58983191e+03, 5.53823914e+02,
       3.07106614e-01, 1.05124292e+03, 4.36174469e+02, 5.62483907e-01,
       1.29257776e+03, 4.42007996e+02, 4.01851475e-01, 1.57513806e+03,
       4.47843933e+02, 2.56829381e-01, 6.00924011e+02, 5.06801331e+02,
       8.24596345e-01, 6.03887512e+02, 4.71414886e+02, 8.22474062e-01,
       6.24564514e+02, 5.27450012e+02, 3.85303378e-01, 6.33308899e+02,
       4.36026459e+02, 5.75363398e-01, 1.72805518e+03, 4.33085754e+02,
       5.90115115e-02, 1.72815186e+03, 4.30236603e+02, 6.37680739e-02,
       1.58986353e+03, 4.44928284e+02, 2.02543423e-01, 0., 0., 0., 0.,
       0., 0., 1.67516199e+03, 5.94967468e+02, 6.23543188e-02 ]
