%YAML:1.0
---
pose_0: !!opencv-matrix
   rows: 1
   cols: 25
   dt: "3f"
   data: [ 6.71539978e+02, 5.36153381e+02, 5.54023921e-01,
       7.62862549e+02, 4.77235199e+02, 5.95274568e-01, 7.68670654e+02,
       5.39132568e+02, 4.79978621e-01, 8.77551941e+02, 6.06889160e+02,
       7.76449203e-01, 7.65781372e+02, 5.50836548e+02, 8.09507668e-01,
       7.59900879e+02, 4.09681488e+02, 4.36673284e-01, 8.62929810e+02,
       3.80181030e+02, 7.16808617e-01, 7.15773682e+02, 4.47832062e+02,
       7.42817223e-01, 1.09834229e+03, 5.24433777e+02, 5.48683524e-01,
       1.08948621e+03, 5.74526855e+02, 5.71396649e-01, 1.29554077e+03,
       6.06831787e+02, 4.22107011e-01, 1.61345801e+03, 6.15666138e+02,
       4.61817920e-01, 1.11010291e+03, 4.62615784e+02, 4.99867558e-01,
       1.40440002e+03, 4.83137390e+02, 4.91375804e-01, 1.61049988e+03,
       4.92007904e+02, 5.70611298e-01, 6.53960571e+02, 5.45028442e+02,
       3.05801272e-01, 6.51028687e+02, 5.27342163e+02, 4.44272935e-01,
       0., 0., 0., 6.50990723e+02, 4.83144806e+02, 3.39414537e-01,
       1.68989758e+03, 4.59624512e+02, 4.22439247e-01, 1.68395483e+03,
       4.56707275e+02, 4.61085975e-01, 1.63403149e+03, 5.09645782e+02,
       3.45105320e-01, 1.72519568e+03, 5.74393127e+02, 1.50511712e-01,
       0., 0., 0., 1.64579175e+03, 6.03877441e+02, 1.95615366e-01 ]
