%YAML:1.0
---
pose_0: !!opencv-matrix
   rows: 1
   cols: 25
   dt: "3f"
   data: [ 7.39290344e+02, 5.03843964e+02, 8.80656779e-01,
       8.36281189e+02, 5.53802002e+02, 7.62474239e-01, 8.33371887e+02,
       6.36282532e+02, 7.30336130e-01, 9.57036255e+02, 6.65681763e+02,
       8.07906985e-01, 9.68777283e+02, 5.30221252e+02, 7.25514829e-01,
       8.33417786e+02, 4.80296387e+02, 6.56729221e-01, 1.00413068e+03,
       4.50748627e+02, 6.23302102e-01, 1.12195630e+03, 4.12481506e+02,
       7.80388653e-01, 1.11590308e+03, 5.53852600e+02, 6.09088480e-01,
       1.11007678e+03, 6.00953003e+02, 5.95027685e-01, 1.32797729e+03,
       6.36194946e+02, 6.84790075e-01, 1.55157178e+03, 7.03951477e+02,
       5.73033035e-01, 1.11602405e+03, 5.03761475e+02, 6.12612009e-01,
       1.35448267e+03, 4.83261261e+02, 6.17246389e-01, 1.56623853e+03,
       4.71432922e+02, 6.51373088e-01, 7.15741333e+02, 5.12665710e+02,
       8.72064173e-01, 7.33307373e+02, 4.86217377e+02, 7.32223511e-01,
       7.18555542e+02, 5.53923157e+02, 7.74733424e-01, 0., 0., 0.,
       1.63704932e+03, 4.59692657e+02, 4.26102936e-01, 1.63407703e+03,
       4.56605103e+02, 4.47457939e-01, 1.58690466e+03, 4.62570496e+02,
       2.89869815e-01, 1.62512292e+03, 7.00977539e+02, 4.71890062e-01,
       1.61054565e+03, 7.15718628e+02, 4.08136785e-01, 1.56929431e+03,
       7.09824097e+02, 2.78433472e-01 ]
