%YAML:1.0
---
pose_0: !!opencv-matrix
   rows: 1
   cols: 25
   dt: "3f"
   data: [ 6.95211548e+02, 5.00778076e+02, 8.34290624e-01,
       8.12735596e+02, 4.53676575e+02, 7.46965945e-01, 8.18775696e+02,
       5.21450928e+02, 5.49950898e-01, 9.60058594e+02, 6.21486450e+02,
       7.71966636e-01, 1.00128552e+03, 7.62829529e+02, 7.72050917e-01,
       8.09813660e+02, 3.83125610e+02, 6.95976913e-01, 8.56988831e+02,
       3.06581726e+02, 7.68570662e-01, 8.86461975e+02, 1.94638214e+02,
       8.23492169e-01, 1.10419861e+03, 4.33204224e+02, 3.96890819e-01,
       1.09833606e+03, 4.83182190e+02, 3.91064554e-01, 1.34560217e+03,
       5.50968079e+02, 4.29669321e-01, 0., 0., 0., 1.11303357e+03,
       3.91926453e+02, 3.57552767e-01, 1.34841235e+03, 4.41971466e+02,
       4.95989323e-01, 0., 0., 0., 6.77397644e+02, 5.03862213e+02,
       6.45698547e-01, 6.86202332e+02, 4.74384155e+02, 7.75084913e-01,
       0., 0., 0., 7.12767395e+02, 4.24374268e+02, 6.41461074e-01, 0.,
       0., 0., 0., 0., 0., 0., 0., 0., 0., 0., 0., 0., 0., 0., 0., 0.,
       0. ]
