%YAML:1.0
---
pose_0: !!opencv-matrix
   rows: 1
   cols: 25
   dt: "3f"
   data: [ 7.53926636e+02, 4.21339417e+02, 7.82473028e-01,
       8.80430115e+02, 4.33255463e+02, 7.75277972e-01, 8.80641052e+02,
       5.09672729e+02, 7.63963044e-01, 9.74744812e+02, 5.97893616e+02,
       8.59678268e-01, 9.95273743e+02, 6.62737549e+02, 8.17483664e-01,
       8.71677612e+02, 3.59604065e+02, 6.06077313e-01, 1.01003516e+03,
       2.85937469e+02, 7.55770564e-01, 1.12191003e+03, 2.24322784e+02,
       8.57798576e-01, 1.12779932e+03, 4.59757843e+02, 5.84383965e-01,
       1.12190186e+03, 5.09677582e+02, 5.98460674e-01, 1.32786694e+03,
       5.36205933e+02, 7.57839680e-01, 1.55450110e+03, 5.80285767e+02,
       6.27084136e-01, 1.13944470e+03, 4.09603882e+02, 5.78771591e-01,
       1.35737671e+03, 3.62417999e+02, 5.29992938e-01, 1.56627222e+03,
       2.97859467e+02, 5.33069551e-01, 7.39337585e+02, 4.36164734e+02,
       8.24484468e-01, 7.42118042e+02, 4.06666229e+02, 8.62302065e-01,
       7.62790771e+02, 4.59544220e+02, 4.78898019e-01, 7.62819702e+02,
       3.80213928e+02, 5.88466108e-01, 1.63986768e+03, 2.68319550e+02,
       2.55512267e-01, 1.63693127e+03, 2.68314087e+02, 2.54012465e-01,
       1.56930359e+03, 2.91862823e+02, 2.44270265e-01, 1.61344238e+03,
       6.18606750e+02, 3.00621003e-01, 1.61343396e+03, 6.15606323e+02,
       3.31294179e-01, 1.58693677e+03, 5.62710815e+02, 4.05482441e-01 ]
