%YAML:1.0
---
pose_0: !!opencv-matrix
   rows: 1
   cols: 25
   dt: "3f"
   data: [ 6.30373291e+02, 4.24343903e+02, 5.12064338e-01,
       7.80495728e+02, 4.83221893e+02, 3.94641370e-01, 7.92238647e+02,
       6.09712952e+02, 3.42016041e-01, 9.30556702e+02, 6.62727173e+02,
       5.91037810e-01, 1.08361792e+03, 7.21708862e+02, 7.76811361e-01,
       7.89288147e+02, 3.85947937e+02, 4.26577926e-01, 9.51257813e+02,
       3.18402924e+02, 7.36244023e-01, 1.13074939e+03, 2.24149002e+02,
       7.88201630e-01, 1.10130933e+03, 4.59605927e+02, 3.72546941e-01,
       1.09534583e+03, 5.21489685e+02, 3.83245885e-01, 1.35732922e+03,
       5.47909790e+02, 4.52767104e-01, 1.54276453e+03, 5.68562927e+02,
       8.18934590e-02, 1.09545264e+03, 3.91910828e+02, 3.94314229e-01,
       1.31611890e+03, 3.15507568e+02, 1.28693029e-01, 1.53099451e+03,
       2.09460144e+02, 2.01320678e-01, 6.15618591e+02, 4.36105225e+02,
       3.83490562e-01, 6.21545471e+02, 4.12596527e+02, 4.33420688e-01,
       6.27406067e+02, 4.74332825e+02, 1.76802784e-01, 6.24580017e+02,
       4.00769196e+02, 8.80884379e-02, 0., 0., 0., 0., 0., 0.,
       1.52511829e+03, 2.09487488e+02, 1.03778951e-01, 0., 0., 0., 0.,
       0., 0., 0., 0., 0. ]
