%YAML:1.0
---
pose_0: !!opencv-matrix
   rows: 1
   cols: 25
   dt: "3f"
   data: [ 7.42138062e+02, 5.06670013e+02, 8.95924747e-01,
       8.57080200e+02, 5.06806549e+02, 8.09181333e-01, 8.57000366e+02,
       5.77374634e+02, 7.44300008e-01, 9.98182739e+02, 6.45158508e+02,
       8.66413713e-01, 8.80563782e+02, 5.89148743e+02, 6.40118182e-01,
       8.59895752e+02, 4.36032593e+02, 6.57107890e-01, 9.51193542e+02,
       3.62393646e+02, 7.08371997e-01, 9.89417908e+02, 3.97887695e+02,
       6.75467253e-01, 1.11598633e+03, 5.53745239e+02, 5.65532744e-01,
       1.11300464e+03, 6.00898132e+02, 5.83828688e-01, 1.31908386e+03,
       6.48013611e+02, 3.14204216e-01, 1.61046521e+03, 6.01045776e+02,
       3.04097414e-01, 1.11303162e+03, 4.97945221e+02, 5.14097214e-01,
       1.32781262e+03, 5.53861694e+02, 7.63382912e-01, 1.60747522e+03,
       5.03852875e+02, 5.84035814e-01, 7.21685669e+02, 5.24443359e+02,
       8.37183475e-01, 7.33386658e+02, 4.83302521e+02, 8.24542701e-01,
       7.42146790e+02, 5.50889954e+02, 5.52169085e-01, 7.59895874e+02,
       4.59788940e+02, 5.24196208e-01, 1.68991040e+03, 4.59578888e+02,
       3.78535300e-01, 1.68403101e+03, 4.56791870e+02, 3.71576607e-01,
       1.63407373e+03, 5.09665375e+02, 2.94952989e-01, 1.66047693e+03,
       5.71465820e+02, 2.01827556e-01, 1.65464941e+03, 5.83255554e+02,
       1.85099795e-01, 1.65461707e+03, 6.00969116e+02, 2.66292632e-01 ]
