%YAML:1.0
---
pose_0: !!opencv-matrix
   rows: 1
   cols: 25
   dt: "3f"
   data: [ 7.01007080e+02, 3.86028137e+02, 8.32756519e-01,
       8.04033203e+02, 3.68400238e+02, 7.21697152e-01, 7.89237488e+02,
       4.33163849e+02, 3.66214603e-01, 8.62915161e+02, 5.03762146e+02,
       2.39179552e-01, 8.27548157e+02, 5.03808105e+02, 3.01961303e-01,
       8.12810791e+02, 3.00707458e+02, 8.01689327e-01, 8.42293823e+02,
       3.65498871e+02, 8.25768650e-01, 7.42331482e+02, 4.59718567e+02,
       7.59890616e-01, 1.11013098e+03, 4.33050385e+02, 5.45665383e-01,
       1.10128735e+03, 4.80229797e+02, 5.49661160e-01, 1.32798889e+03,
       4.89131989e+02, 6.99390233e-01, 1.61046741e+03, 5.33177979e+02,
       4.85224545e-01, 1.11888733e+03, 3.68450073e+02, 4.87388313e-01,
       1.37207104e+03, 3.62556763e+02, 6.93573952e-01, 1.53987012e+03,
       3.18429138e+02, 5.82978308e-01, 6.89177307e+02, 4.00798279e+02,
       7.97983766e-01, 6.92215820e+02, 3.62446320e+02, 8.76333892e-01,
       7.06858093e+02, 4.27248291e+02, 4.00963008e-01, 7.18628479e+02,
       3.24312042e+02, 5.49901426e-01, 1.63394922e+03, 2.88928711e+02,
       5.50956845e-01, 1.63101172e+03, 2.86021210e+02, 5.12523770e-01,
       1.55159155e+03, 3.09584106e+02, 2.28308633e-01, 1.71932129e+03,
       5.06843689e+02, 1.79052547e-01, 1.71054346e+03, 5.21472290e+02,
       1.27887100e-01, 1.63992126e+03, 5.30226929e+02, 3.20022941e-01 ]
