%YAML:1.0
---
pose_0: !!opencv-matrix
   rows: 1
   cols: 25
   dt: "3f"
   data: [ 7.68724182e+02, 3.47762665e+02, 6.39908612e-01,
       8.80421082e+02, 3.65562286e+02, 6.23236060e-01, 8.86384521e+02,
       4.18461578e+02, 5.84863007e-01, 9.98208374e+02, 4.92029114e+02,
       8.11799526e-01, 8.77583008e+02, 5.27305664e+02, 8.53383183e-01,
       8.51102539e+02, 3.15359009e+02, 5.75311363e-01, 9.98136047e+02,
       2.50666046e+02, 8.17505836e-01, 8.86371460e+02, 2.94861481e+02,
       7.00301707e-01, 1.14246179e+03, 3.68490021e+02, 5.38656771e-01,
       1.13946545e+03, 4.18404388e+02, 5.45057595e-01, 1.35144226e+03,
       4.36025330e+02, 7.51491129e-01, 1.54570422e+03, 4.47902557e+02,
       6.51936054e-01, 1.14251794e+03, 3.15500427e+02, 5.13693213e-01,
       1.35138489e+03, 3.00736877e+02, 5.65561712e-01, 1.56625464e+03,
       2.91759033e+02, 5.78353405e-01, 7.62679443e+02, 3.62544434e+02,
       6.38920784e-01, 7.62776123e+02, 3.39064972e+02, 5.76062441e-01,
       7.77478638e+02, 3.85997131e+02, 4.08831298e-01, 7.74599792e+02,
       3.30150085e+02, 3.65843385e-01, 1.63690674e+03, 2.47794205e+02,
       4.56388384e-01, 1.63106885e+03, 2.50642334e+02, 4.81904149e-01,
       1.61050452e+03, 2.97775238e+02, 2.05610514e-01, 1.60755054e+03,
       4.65536255e+02, 5.18686533e-01, 1.59285657e+03, 4.77331543e+02,
       4.94811416e-01, 1.56638599e+03, 4.30247864e+02, 4.37325239e-01 ]
