%YAML:1.0
---
pose_0: !!opencv-matrix
   rows: 1
   cols: 25
   dt: "3f"
   data: [ 0., 0., 0., 7.86398071e+02, 4.39079559e+02, 2.62906045e-01,
       7.86347778e+02, 4.36133972e+02, 1.94352761e-01, 9.09936768e+02,
       4.12653534e+02, 2.00468883e-01, 1.06596484e+03, 4.92027039e+02,
       1.61101386e-01, 7.62816956e+02, 4.44918640e+02, 3.45832944e-01,
       9.09921204e+02, 4.15482605e+02, 5.62585771e-01, 1.06880701e+03,
       4.74289032e+02, 6.48174584e-01, 1.08360730e+03, 4.44908478e+02,
       2.12390512e-01, 1.08362134e+03, 4.86179260e+02, 1.82474896e-01,
       1.30435425e+03, 5.97939392e+02, 7.64218569e-01, 1.49865515e+03,
       4.97947998e+02, 5.05993307e-01, 1.09246008e+03, 4.06658417e+02,
       2.09258497e-01, 1.34847949e+03, 4.39131866e+02, 6.58309340e-01,
       1.57223901e+03, 4.12632416e+02, 5.43037415e-01, 0., 0., 0., 0.,
       0., 0., 0., 0., 0., 7.24541382e+02, 4.83186188e+02,
       1.70715973e-01, 1.66051843e+03, 4.80211151e+02, 1.19740300e-01,
       1.64577148e+03, 3.83100739e+02, 1.44300655e-01, 1.59576831e+03,
       3.97852692e+02, 2.10020006e-01, 1.54863611e+03, 5.44962524e+02,
       9.36904475e-02, 0., 0., 0., 1.51926697e+03, 4.74376709e+02,
       2.86285639e-01 ]
