%YAML:1.0
---
pose_0: !!opencv-matrix
   rows: 1
   cols: 25
   dt: "3f"
   data: [ 6.77411438e+02, 4.59527924e+02, 8.28446090e-01,
       7.95163208e+02, 4.65512512e+02, 6.39061213e-01, 8.12765381e+02,
       5.71440186e+02, 6.14042819e-01, 9.51194031e+02, 6.01018677e+02,
       4.50320661e-01, 1.09541150e+03, 6.42031128e+02, 6.59525275e-01,
       8.06922852e+02, 3.68492188e+02, 6.60132587e-01, 7.86386292e+02,
       2.71254181e+02, 8.43159676e-01, 6.92019409e+02, 3.83010468e+02,
       8.17917407e-01, 1.08653442e+03, 4.86193573e+02, 4.47799653e-01,
       1.07187793e+03, 5.45037781e+02, 4.83447611e-01, 1.34552295e+03,
       5.71480896e+02, 5.92869103e-01, 1.54284424e+03, 5.71398376e+02,
       5.32863498e-01, 1.08361096e+03, 4.27309906e+02, 4.44925368e-01,
       1.33089563e+03, 4.39131256e+02, 5.35039485e-01, 1.61633032e+03,
       4.53801483e+02, 6.34205997e-01, 6.65583557e+02, 4.80155914e+02,
       8.38214159e-01, 6.68641052e+02, 4.39109772e+02, 8.04055929e-01,
       6.89163818e+02, 5.06761993e+02, 5.05359828e-01, 6.92052856e+02,
       4.21326416e+02, 4.64235842e-01, 1.71345764e+03, 4.09656555e+02,
       4.60916281e-01, 1.70760852e+03, 4.09662384e+02, 4.42784131e-01,
       1.63403223e+03, 4.77295624e+02, 3.13847661e-01, 1.61348914e+03,
       5.77337585e+02, 2.04012185e-01, 1.60744348e+03, 5.86269226e+02,
       1.80714697e-01, 1.57810559e+03, 5.53785706e+02, 3.05530161e-01 ]
