%YAML:1.0
---
pose_0: !!opencv-matrix
   rows: 1
   cols: 25
   dt: "3f"
   data: [ 7.65883789e+02, 5.53820190e+02, 8.72569323e-01,
       8.83530945e+02, 5.56841858e+02, 6.30231380e-01, 8.86448120e+02,
       6.39147156e+02, 6.16149306e-01, 1.01882227e+03, 6.71551270e+02,
       5.18963814e-01, 1.13951563e+03, 6.95145325e+02, 5.30695856e-01,
       8.86457642e+02, 4.89088501e+02, 5.60706496e-01, 1.04230359e+03,
       4.44920166e+02, 7.56538212e-01, 1.16313879e+03, 4.06695618e+02,
       8.41759443e-01, 1.12188843e+03, 5.65641785e+02, 5.88242054e-01,
       1.11898059e+03, 6.15679993e+02, 6.28438652e-01, 1.21315173e+03,
       6.65625427e+02, 7.11375475e-02, 0., 0., 0., 1.12482300e+03,
       5.09779694e+02, 5.98352849e-01, 1.27497314e+03, 5.39170715e+02,
       7.09190965e-01, 1.51627991e+03, 5.27374817e+02, 5.44331908e-01,
       7.56876099e+02, 5.71492188e+02, 7.54746199e-01, 7.59787476e+02,
       5.33285461e+02, 7.81868398e-01, 7.65862488e+02, 5.92044861e+02,
       3.89162898e-01, 7.83386108e+02, 5.09669006e+02, 5.22440135e-01,
       1.60159741e+03, 4.86136322e+02, 4.39192712e-01, 1.59572791e+03,
       4.83291290e+02, 4.64213669e-01, 1.54275281e+03, 5.50884338e+02,
       2.77856350e-01, 0., 0., 0., 0., 0., 0., 0., 0., 0. ]
