%YAML:1.0
---
pose_0: !!opencv-matrix
   rows: 1
   cols: 25
   dt: "3f"
   data: [ 7.71697327e+02, 3.38814362e+02, 7.91268349e-01,
       8.62825684e+02, 3.59493164e+02, 7.22529352e-01, 8.57010925e+02,
       4.12638794e+02, 6.41394734e-01, 8.09846252e+02, 4.44951721e+02,
       7.30461419e-01, 7.30422913e+02, 4.62551239e+02, 8.12580049e-01,
       8.74660950e+02, 2.91819824e+02, 6.93338692e-01, 8.92330750e+02,
       1.85940201e+02, 6.97902739e-01, 8.89440247e+02, 3.28254967e+01,
       7.36332119e-01, 1.15129053e+03, 3.47868408e+02, 5.44030786e-01,
       1.14546814e+03, 4.00748932e+02, 5.51692367e-01, 1.35440979e+03,
       4.30179291e+02, 7.17678308e-01, 1.54576880e+03, 4.50860657e+02,
       6.55271232e-01, 1.15427307e+03, 2.94808136e+02, 5.55758178e-01,
       1.37490100e+03, 2.94881104e+02, 6.89395130e-01, 1.58684058e+03,
       2.94792694e+02, 6.33292019e-01, 7.62700256e+02, 3.44894012e+02,
       7.76269972e-01, 7.62871460e+02, 3.18460724e+02, 6.76083505e-01,
       7.68768311e+02, 3.80163605e+02, 6.39089286e-01, 7.86488892e+02,
       3.15323883e+02, 7.90164024e-02, 1.64288171e+03, 2.59483856e+02,
       4.03677493e-01, 1.63702905e+03, 2.62394653e+02, 4.77163970e-01,
       1.63388696e+03, 3.00672455e+02, 3.11903894e-01, 1.60755029e+03,
       4.50846466e+02, 4.74418491e-01, 1.59871521e+03, 4.59706940e+02,
       4.68787104e-01, 1.57222363e+03, 4.36141632e+02, 3.41003358e-01 ]
