%YAML:1.0
---
pose_0: !!opencv-matrix
   rows: 1
   cols: 25
   dt: "3f"
   data: [ 7.18592285e+02, 5.30453369e+02, 8.46134067e-01,
       7.92227600e+02, 4.59629913e+02, 5.82951486e-01, 7.92226379e+02,
       4.53772583e+02, 4.71071243e-01, 9.30573853e+02, 5.27422363e+02,
       5.90409487e-02, 8.59989746e+02, 5.74478638e+02, 1.19319223e-01,
       7.89365295e+02, 4.71378357e+02, 7.81053543e-01, 9.30510620e+02,
       5.27382385e+02, 8.77505779e-01, 8.30426575e+02, 5.97930603e+02,
       7.76931047e-01, 1.09249231e+03, 4.56661285e+02, 4.11929965e-01,
       1.09242773e+03, 4.24349854e+02, 2.55500168e-01, 1.34265161e+03,
       4.97940979e+02, 5.62143087e-01, 1.59281970e+03, 4.33174561e+02,
       4.22958851e-01, 1.09837842e+03, 4.77223846e+02, 3.67235363e-01,
       1.33965918e+03, 5.27306213e+02, 6.70169234e-01, 1.61050598e+03,
       4.33140961e+02, 2.74191201e-01, 0., 0., 0., 7.06909729e+02,
       5.15596802e+02, 7.40870118e-01, 0., 0., 0., 7.18697937e+02,
       4.74309296e+02, 6.95100248e-01, 1.66345789e+03, 3.74347168e+02,
       2.19588012e-01, 1.66635217e+03, 3.80214172e+02, 1.76031426e-01,
       1.63993994e+03, 4.39041382e+02, 1.63001403e-01, 1.66047498e+03,
       3.74334259e+02, 3.48023325e-01, 1.65760706e+03, 3.88995087e+02,
       2.79431939e-01, 0., 0., 0. ]
