%YAML:1.0
---
pose_0: !!opencv-matrix
   rows: 1
   cols: 25
   dt: "3f"
   data: [ 7.86374695e+02, 4.33104584e+02, 8.79077375e-01,
       8.80622620e+02, 4.39051666e+02, 8.02611172e-01, 8.60064392e+02,
       5.06644806e+02, 8.03975105e-01, 9.54021057e+02, 6.24404053e+02,
       8.31752777e-01, 9.74590454e+02, 5.06733551e+02, 8.32306623e-01,
       9.03972656e+02, 3.65479187e+02, 5.33516228e-01, 9.71790222e+02,
       3.39030548e+02, 1.41018689e-01, 1.04240979e+03, 3.80162781e+02,
       1.16238959e-01, 1.16894080e+03, 4.50794128e+02, 5.34043312e-01,
       1.16597876e+03, 5.00855469e+02, 5.11213839e-01, 1.38682385e+03,
       5.56833496e+02, 7.54949272e-01, 1.54575537e+03, 6.86259094e+02,
       5.67716539e-01, 1.16608752e+03, 3.89118927e+02, 5.77379465e-01,
       1.34848804e+03, 3.24245728e+02, 4.83998269e-01, 1.55158582e+03,
       3.41932343e+02, 4.03795958e-01, 7.68752808e+02, 4.44924103e+02,
       7.97470510e-01, 7.74568298e+02, 4.12520264e+02, 8.46379101e-01,
       7.89185181e+02, 4.71451996e+02, 6.83690369e-01, 8.03986816e+02,
       3.89034668e+02, 6.31644726e-01, 1.64867615e+03, 3.15488525e+02,
       2.49879390e-01, 1.64577002e+03, 3.12526459e+02, 2.59707212e-01,
       1.58982727e+03, 3.50773590e+02, 2.85472035e-01, 1.62220557e+03,
       6.95024231e+02, 5.62379897e-01, 1.61033801e+03, 7.03958191e+02,
       4.80922580e-01, 1.56337415e+03, 7.06888062e+02, 2.72105217e-01 ]
