%YAML:1.0
---
pose_0: !!opencv-matrix
   rows: 1
   cols: 25
   dt: "3f"
   data: [ 7.18759888e+02, 4.47883179e+02, 8.30781937e-01,
       7.98110901e+02, 4.30190826e+02, 7.08786011e-01, 7.86392761e+02,
       4.86152679e+02, 7.36286104e-01, 8.59927551e+02, 5.18488037e+02,
       6.28087461e-01, 9.51162842e+02, 5.42042542e+02, 6.90407157e-01,
       8.12771118e+02, 3.65458832e+02, 5.69800556e-01, 9.45270752e+02,
       3.36083313e+02, 7.25739121e-01, 1.07777209e+03, 3.18268829e+02,
       8.07668447e-01, 1.04240271e+03, 4.53703156e+02, 3.66728008e-01,
       1.04244080e+03, 5.03769958e+02, 3.50899011e-01, 1.13949219e+03,
       5.56816589e+02, 1.46867946e-01, 0., 0., 0., 1.03945374e+03,
       3.94942993e+02, 2.79810488e-01, 1.18669055e+03, 3.92013947e+02,
       1.91923827e-01, 1.31909961e+03, 4.33103180e+02, 1.67915806e-01,
       7.06917358e+02, 4.56731201e+02, 8.06710005e-01, 7.15625305e+02,
       4.30233734e+02, 8.73024285e-01, 7.21623779e+02, 4.77302704e+02,
       1.99692845e-01, 7.36266479e+02, 3.97867065e+02, 6.34846985e-01,
       0., 0., 0., 0., 0., 0., 1.32498511e+03, 4.33210785e+02,
       1.07375562e-01, 0., 0., 0., 0., 0., 0., 0., 0., 0. ]
