%YAML:1.0
---
pose_0: !!opencv-matrix
   rows: 1
   cols: 25
   dt: "3f"
   data: [ 0., 0., 0., 9.51173645e+02, 5.36211426e+02, 1.27002865e-01,
       9.51167542e+02, 5.30243042e+02, 1.37616470e-01, 9.54073242e+02,
       4.71436401e+02, 1.30550489e-01, 8.45237671e+02, 4.21427368e+02,
       2.29528308e-01, 0., 0., 0., 0., 0., 0., 0., 0., 0.,
       1.11008716e+03, 5.62661865e+02, 1.98882699e-01, 1.09539429e+03,
       5.71480713e+02, 1.53759629e-01, 1.32793262e+03, 5.06773315e+02,
       7.38793433e-01, 1.59873999e+03, 6.98032837e+02, 4.52928096e-01,
       1.12186719e+03, 5.50914856e+02, 1.69254661e-01, 1.34849768e+03,
       4.89130920e+02, 3.66766959e-01, 1.56631360e+03, 5.77374634e+02,
       6.12265646e-01, 0., 0., 0., 0., 0., 0., 0., 0., 0., 0., 0., 0.,
       1.61044153e+03, 5.09706360e+02, 2.34081939e-01, 1.60459558e+03,
       5.15608826e+02, 2.31835365e-01, 1.58983386e+03, 6.15596069e+02,
       3.68899494e-01, 1.67226038e+03, 7.36258972e+02, 4.36215878e-01,
       1.65452722e+03, 7.45111328e+02, 4.66543257e-01, 1.62221704e+03,
       7.36329041e+02, 1.97142825e-01 ]
