%YAML:1.0
---
pose_0: !!opencv-matrix
   rows: 1
   cols: 25
   dt: "3f"
   data: [ 6.95045471e+02, 2.77154144e+02, 6.87956750e-01,
       7.98138489e+02, 2.56603912e+02, 6.38693571e-01, 8.01042480e+02,
       3.50784241e+02, 6.95776641e-01, 9.12951477e+02, 4.39052246e+02,
       7.01810002e-01, 1.00411523e+03, 5.47926208e+02, 5.54542124e-01,
       7.80440613e+02, 1.71188141e+02, 4.22403753e-01, 9.33463257e+02,
       1.06324562e+02, 8.28775108e-01, 1.02482520e+03, 1.32934875e+02,
       7.89858639e-01, 1.06007031e+03, 2.91962341e+02, 5.54897308e-01,
       1.05715735e+03, 3.39009125e+02, 5.33220530e-01, 1.27782837e+03,
       3.18462708e+02, 5.64804673e-01, 1.53682629e+03, 2.35950195e+02,
       1.72224030e-01, 1.06592957e+03, 2.44718170e+02, 5.24244249e-01,
       1.28964307e+03, 1.97758881e+02, 4.94554758e-01, 1.55157031e+03,
       1.53621109e+02, 3.18528146e-01, 6.83318176e+02, 2.94810272e+02,
       6.89803302e-01, 6.74467346e+02, 2.65352295e+02, 6.73701286e-01,
       6.98054688e+02, 3.15301056e+02, 2.54376948e-01, 6.86283630e+02,
       2.24171417e+02, 4.42489922e-01, 1.64872180e+03, 1.24061417e+02,
       2.30802387e-01, 1.65453528e+03, 1.21204247e+02, 1.97665423e-01,
       1.60455200e+03, 1.94717224e+02, 1.07963666e-01, 0., 0., 0., 0.,
       0., 0., 1.56043176e+03, 2.44747070e+02, 1.27707779e-01 ]
