%YAML:1.0
---
pose_0: !!opencv-matrix
   rows: 1
   cols: 25
   dt: "3f"
   data: [ 7.21708313e+02, 4.68481659e+02, 8.21181178e-01,
       8.33483337e+02, 4.62679535e+02, 7.03265786e-01, 8.18786865e+02,
       5.27208618e+02, 6.25293553e-01, 9.21733093e+02, 5.68489380e+02,
       3.32294077e-01, 9.77596252e+02, 5.97963318e+02, 4.29028124e-01,
       8.36506470e+02, 4.09634857e+02, 6.00111902e-01, 9.71704346e+02,
       3.41900452e+02, 7.91025579e-01, 1.07474512e+03, 3.21302887e+02,
       8.34118485e-01, 1.11605603e+03, 4.74316376e+02, 5.67424178e-01,
       1.11306152e+03, 5.24412354e+02, 5.91100216e-01, 1.28674829e+03,
       5.65608521e+02, 6.79959357e-01, 1.52217590e+03, 5.89148315e+02,
       6.04804516e-01, 1.11901257e+03, 4.15454895e+02, 5.50829709e-01,
       1.32794714e+03, 4.36168579e+02, 6.64102972e-01, 1.58391650e+03,
       4.12671387e+02, 5.97979128e-01, 7.09821594e+02, 4.83098480e+02,
       8.19519639e-01, 7.15708069e+02, 4.53644745e+02, 8.85038912e-01,
       7.27494141e+02, 5.03854767e+02, 2.98159987e-01, 7.39285950e+02,
       4.15586273e+02, 6.26979232e-01, 1.63701538e+03, 3.65404724e+02,
       4.97780979e-01, 1.63403979e+03, 3.65474426e+02, 4.92714465e-01,
       1.63390112e+03, 4.50758301e+02, 2.55915999e-01, 1.49279712e+03,
       6.62752014e+02, 3.77075046e-01, 1.48973914e+03, 6.50957642e+02,
       3.50307107e-01, 1.55456750e+03, 5.74436279e+02, 3.58789235e-01 ]
