%YAML:1.0
---
pose_0: !!opencv-matrix
   rows: 1
   cols: 25
   dt: "3f"
   data: [ 7.62657166e+02, 3.38896698e+02, 6.93412542e-01,
       8.54051636e+02, 3.12402802e+02, 5.54522097e-01, 8.68776489e+02,
       3.83071533e+02, 5.14924645e-01, 8.56916016e+02, 5.03863342e+02,
       7.34896243e-01, 8.36273621e+02, 6.27417542e+02, 6.65248334e-01,
       8.74604370e+02, 2.06547287e+02, 2.84119546e-01, 1.02775830e+03,
       1.38799622e+02, 6.37541294e-01, 1.16607690e+03, 1.21100052e+02,
       7.48402476e-01, 1.16013159e+03, 2.91902771e+02, 4.53554660e-01,
       1.16304187e+03, 3.53637390e+02, 4.73282516e-01, 1.34850903e+03,
       4.59719727e+02, 4.28514063e-01, 1.49565442e+03, 5.97885376e+02,
       3.16309571e-01, 1.16012964e+03, 2.27109436e+02, 4.70158160e-01,
       1.28371387e+03, 1.94725250e+02, 1.65210426e-01, 0., 0., 0.,
       7.45239502e+02, 3.50722870e+02, 5.02605677e-01, 7.42291565e+02,
       3.24233704e+02, 6.16398871e-01, 7.68694641e+02, 3.62411591e+02,
       9.92968082e-02, 7.48156067e+02, 2.94854370e+02, 4.37734991e-01,
       0., 0., 0., 0., 0., 0., 0., 0., 0., 1.49276746e+03,
       6.65615601e+02, 2.37194270e-01, 1.48972290e+03, 6.56825256e+02,
       2.42000461e-01, 1.51622241e+03, 6.00877808e+02, 2.46488199e-01 ]
