%YAML:1.0
---
pose_0: !!opencv-matrix
   rows: 1
   cols: 25
   dt: "3f"
   data: [ 7.30417480e+02, 4.15586578e+02, 8.26685131e-01,
       8.56964966e+02, 4.36140839e+02, 7.58435607e-01, 8.68785034e+02,
       5.24353394e+02, 6.64463758e-01, 9.98198303e+02, 5.74396240e+02,
       8.77161026e-01, 1.07773926e+03, 6.24633484e+02, 8.53188396e-01,
       8.48121460e+02, 3.56627960e+02, 6.67087078e-01, 9.98262329e+02,
       3.15259064e+02, 8.95488501e-01, 1.07171558e+03, 4.00831482e+02,
       8.51072311e-01, 1.13067590e+03, 4.56726227e+02, 5.92673779e-01,
       1.12486340e+03, 5.03895752e+02, 6.34049833e-01, 1.32492041e+03,
       5.33269226e+02, 7.77678549e-01, 1.54279810e+03, 5.89200867e+02,
       6.27484977e-01, 1.13364880e+03, 4.03770691e+02, 5.95334232e-01,
       1.35146655e+03, 3.65457855e+02, 6.97694421e-01, 1.56340051e+03,
       3.18366730e+02, 5.84600389e-01, 7.18633423e+02, 4.36180054e+02,
       8.20424795e-01, 7.18609619e+02, 4.06713318e+02, 8.52799773e-01,
       7.39257629e+02, 4.59738586e+02, 4.73795474e-01, 7.42084717e+02,
       3.86023865e+02, 4.64092970e-01, 1.63999890e+03, 2.77190643e+02,
       3.42052341e-01, 1.63700964e+03, 2.80079437e+02, 3.64525735e-01,
       1.62515076e+03, 3.18367432e+02, 1.64119378e-01, 1.61338367e+03,
       5.80338440e+02, 6.12261832e-01, 1.60460083e+03, 5.95075378e+02,
       5.69155872e-01, 1.56635376e+03, 5.92058411e+02, 2.64430910e-01 ]
