%YAML:1.0
---
pose_0: !!opencv-matrix
   rows: 1
   cols: 25
   dt: "3f"
   data: [ 0., 0., 0., 7.53994385e+02, 5.33233765e+02, 5.92392504e-01,
       7.62724854e+02, 5.30319702e+02, 5.66533208e-01, 8.83514343e+02,
       5.09673889e+02, 7.98119843e-01, 8.18753906e+02, 3.71369202e+02,
       7.91797340e-01, 7.39265198e+02, 5.56826050e+02, 5.65076649e-01,
       8.56894531e+02, 5.03773926e+02, 1.39885768e-01, 0., 0., 0.,
       1.05416675e+03, 5.50876099e+02, 4.33062524e-01, 1.02774133e+03,
       5.77413696e+02, 3.45919520e-01, 1.32494934e+03, 5.27263550e+02,
       7.04309106e-01, 1.61335315e+03, 6.95200073e+02, 5.20913780e-01,
       1.07772595e+03, 5.21481812e+02, 3.22689891e-01, 1.33674377e+03,
       5.06797607e+02, 3.82092446e-01, 1.56932349e+03, 5.74489807e+02,
       6.44135416e-01, 0., 0., 0., 0., 0., 0., 6.92116760e+02,
       4.89098541e+02, 1.57820165e-01, 6.65667419e+02, 5.59706421e+02,
       1.65249199e-01, 1.62514648e+03, 5.00871399e+02, 3.58710259e-01,
       1.61639392e+03, 5.03869080e+02, 3.44861835e-01, 1.58988062e+03,
       6.03851929e+02, 4.71541196e-01, 1.68414063e+03, 7.21578064e+02,
       4.32337373e-01, 1.66934827e+03, 7.36304871e+02, 4.62419331e-01,
       1.63404102e+03, 7.30397949e+02, 2.68682927e-01 ]
