%YAML:1.0
---
pose_0: !!opencv-matrix
   rows: 1
   cols: 25
   dt: "3f"
   data: [ 7.83414673e+02, 3.27200165e+02, 7.64505565e-01,
       8.71677979e+02, 3.86094452e+02, 6.65570378e-01, 8.62818787e+02,
       4.56748535e+02, 7.06323028e-01, 9.30627747e+02, 5.56856567e+02,
       7.89099693e-01, 9.89470276e+02, 5.77453186e+02, 7.19717383e-01,
       8.80495972e+02, 3.18394470e+02, 3.52913201e-01, 1.05417761e+03,
       3.39025574e+02, 5.75587630e-01, 1.16595215e+03, 2.71333038e+02,
       7.73708820e-01, 1.13655908e+03, 4.12515778e+02, 6.15388274e-01,
       1.13362549e+03, 4.59686768e+02, 5.86965799e-01, 1.35729468e+03,
       5.09728363e+02, 7.52611578e-01, 1.51630701e+03, 5.65620605e+02,
       5.40327191e-01, 1.13953357e+03, 3.62530731e+02, 6.34216130e-01,
       1.32494971e+03, 3.15407532e+02, 6.98512435e-01, 1.56634460e+03,
       2.68351227e+02, 5.75080037e-01, 7.65734253e+02, 3.41920959e+02,
       7.73348749e-01, 7.65850525e+02, 3.18383850e+02, 4.51979160e-01,
       7.80432617e+02, 3.80134888e+02, 6.40602350e-01, 0., 0., 0.,
       1.63986401e+03, 2.30130966e+02, 4.51057166e-01, 1.63696777e+03,
       2.30100922e+02, 4.31661159e-01, 1.60452405e+03, 2.68289215e+02,
       3.15794617e-01, 1.57513525e+03, 5.27274536e+02, 3.17779899e-01,
       0., 0., 0., 1.54865027e+03, 5.74423340e+02, 2.79922873e-01 ]
