%YAML:1.0
---
pose_0: !!opencv-matrix
   rows: 1
   cols: 25
   dt: "3f"
   data: [ 7.42226135e+02, 5.27245422e+02, 9.09545422e-01,
       8.56889587e+02, 5.56815369e+02, 7.48404026e-01, 8.39419800e+02,
       6.18572693e+02, 7.04462409e-01, 9.27544556e+02, 6.51041199e+02,
       4.63864714e-01, 0., 0., 0., 8.62916077e+02, 5.03896393e+02,
       6.66625738e-01, 9.27527222e+02, 4.89080780e+02, 1.17207870e-01,
       0., 0., 0., 1.11600146e+03, 5.15538452e+02, 5.32818794e-01,
       1.11596106e+03, 5.65617249e+02, 5.46997309e-01, 1.32789502e+03,
       6.00915161e+02, 7.57868946e-01, 1.55745850e+03, 6.59754517e+02,
       5.62316179e-01, 1.11308569e+03, 4.59654205e+02, 5.83337307e-01,
       1.32201892e+03, 4.36213898e+02, 6.90518498e-01, 1.56344470e+03,
       4.33020142e+02, 6.60490990e-01, 7.21708191e+02, 5.33310669e+02,
       8.57347310e-01, 7.39274536e+02, 5.03865448e+02, 9.45684493e-01,
       7.39112854e+02, 5.71436768e+02, 7.26574063e-01, 7.65765198e+02,
       4.86165344e+02, 7.18089461e-01, 1.63409583e+03, 4.30264893e+02,
       4.95250583e-01, 1.63390564e+03, 4.21354218e+02, 5.16786039e-01,
       1.57512158e+03, 4.24355133e+02, 2.43689299e-01, 1.63105017e+03,
       6.56847595e+02, 5.00075459e-01, 1.61925635e+03, 6.68660950e+02,
       4.55100536e-01, 1.57220508e+03, 6.53915100e+02, 2.80866534e-01 ]
