%YAML:1.0
---
pose_0: !!opencv-matrix
   rows: 1
   cols: 25
   dt: "3f"
   data: [ 7.74576172e+02, 4.80318298e+02, 6.70608759e-01,
       8.83555664e+02, 4.83279480e+02, 6.81185365e-01, 8.83601563e+02,
       5.62694275e+02, 6.41357005e-01, 9.83528564e+02, 6.30427124e+02,
       7.61041880e-01, 9.01091553e+02, 5.92038025e+02, 7.73347020e-01,
       8.80561646e+02, 4.12640106e+02, 4.77214694e-01, 9.86517090e+02,
       3.86000275e+02, 1.85891449e-01, 0., 0., 0., 1.15129492e+03,
       5.06679047e+02, 5.21702707e-01, 1.14252197e+03, 5.53873901e+02,
       5.39786398e-01, 1.21614966e+03, 5.98038452e+02, 3.02689314e-01,
       0., 0., 0., 1.15133398e+03, 4.53679443e+02, 5.18074393e-01,
       1.35136133e+03, 4.59735046e+02, 4.81092960e-01, 1.57514673e+03,
       4.68455719e+02, 4.18493569e-01, 7.62888489e+02, 4.89095642e+02,
       5.64285159e-01, 7.62756958e+02, 4.62580170e+02, 6.12418354e-01,
       7.80504272e+02, 5.06861969e+02, 5.36503196e-01, 7.86296326e+02,
       4.39044128e+02, 4.57602113e-01, 1.63703149e+03, 4.36076843e+02,
       3.85685414e-01, 1.63687720e+03, 4.36051514e+02, 3.97774816e-01,
       1.59866467e+03, 4.91990936e+02, 2.04084009e-01, 0., 0., 0., 0.,
       0., 0., 0., 0., 0. ]
