%YAML:1.0
---
pose_0: !!opencv-matrix
   rows: 1
   cols: 25
   dt: "3f"
   data: [ 6.01029968e+02, 5.00738647e+02, 8.57920229e-01,
       7.45122620e+02, 5.03836823e+02, 7.40152180e-01, 7.39347961e+02,
       5.95069824e+02, 7.00676441e-01, 8.33474121e+02, 6.48130310e+02,
       4.21940267e-01, 9.01158936e+02, 6.56869751e+02, 5.25642335e-01,
       7.59768494e+02, 4.15464600e+02, 6.46167219e-01, 8.33380859e+02,
       3.65380615e+02, 2.44038731e-01, 8.68792419e+02, 3.53669464e+02,
       3.60747486e-01, 1.05711328e+03, 5.15573669e+02, 5.14935374e-01,
       1.04540393e+03, 5.71525574e+02, 5.22138238e-01, 1.25432776e+03,
       5.92099609e+02, 3.17806810e-01, 1.51040100e+03, 5.94984558e+02,
       9.87510607e-02, 1.06297095e+03, 4.56626831e+02, 5.03303230e-01,
       1.30434863e+03, 4.83082825e+02, 5.39405465e-01, 1.66636560e+03,
       4.94938904e+02, 4.22910124e-01, 5.86219299e+02, 5.09727875e+02,
       7.90612459e-01, 5.97902344e+02, 4.74293976e+02, 8.65996242e-01,
       6.06836243e+02, 5.33296509e+02, 2.23412037e-01, 6.21554077e+02,
       4.39082031e+02, 5.82538366e-01, 1.72521570e+03, 5.80283447e+02,
       2.02336892e-01, 1.73115051e+03, 5.68526245e+02, 1.74769714e-01,
       1.68697485e+03, 4.83243378e+02, 2.25182176e-01, 0., 0., 0., 0.,
       0., 0., 0., 0., 0. ]
