%YAML:1.0
---
pose_0: !!opencv-matrix
   rows: 1
   cols: 25
   dt: "3f"
   data: [ 6.21372437e+02, 4.62537842e+02, 8.26469600e-01,
       7.59851501e+02, 4.56618195e+02, 5.96652269e-01, 7.62865417e+02,
       5.33255676e+02, 5.56633711e-01, 9.42365356e+02, 6.03932678e+02,
       5.94492197e-01, 1.09238220e+03, 6.68491699e+02, 7.90186644e-01,
       7.62722961e+02, 3.65394928e+02, 4.77360815e-01, 9.42373535e+02,
       2.97766541e+02, 7.58144319e-01, 1.09242981e+03, 2.38901215e+02,
       8.21827412e-01, 1.09242432e+03, 4.86201538e+02, 5.01434445e-01,
       1.07476855e+03, 5.50781006e+02, 4.91029292e-01, 1.31324463e+03,
       5.53851563e+02, 7.64612138e-01, 1.63108276e+03, 6.00864685e+02,
       5.08770943e-01, 1.09534741e+03, 4.27269196e+02, 4.89687353e-01,
       1.33376624e+03, 4.36003540e+02, 5.94106853e-01, 1.66048145e+03,
       4.36227509e+02, 4.98570532e-01, 6.00926880e+02, 4.80206512e+02,
       8.20457757e-01, 6.01055115e+02, 4.39106445e+02, 7.85675108e-01,
       6.24355408e+02, 4.92029114e+02, 2.26426721e-01, 6.30354309e+02,
       4.06584503e+02, 5.63194573e-01, 1.73706641e+03, 5.03739166e+02,
       2.39151388e-01, 1.74580432e+03, 4.89095306e+02, 2.09185287e-01,
       1.71052368e+03, 4.36106262e+02, 1.73835292e-01, 1.65756372e+03,
       5.97975220e+02, 7.69037828e-02, 0., 0., 0., 1.66344531e+03,
       5.95002075e+02, 3.09300840e-01 ]
