%YAML:1.0
---
pose_0: !!opencv-matrix
   rows: 1
   cols: 25
   dt: "3f"
   data: [ 6.68502747e+02, 4.74383942e+02, 8.39242041e-01,
       7.50992615e+02, 5.09787598e+02, 6.99836552e-01, 7.18551941e+02,
       5.56748657e+02, 6.39763117e-01, 6.47947510e+02, 5.47864563e+02,
       1.71728194e-01, 0., 0., 0., 7.86352356e+02, 4.62635406e+02,
       6.47598326e-01, 9.07088806e+02, 3.65573822e+02, 8.84897947e-01,
       7.74578369e+02, 4.06582031e+02, 8.08732986e-01, 1.06007837e+03,
       5.15609497e+02, 5.22267044e-01, 1.05418628e+03, 5.74322021e+02,
       5.34421444e-01, 1.30736499e+03, 5.97975586e+02, 6.52695656e-01,
       1.58980054e+03, 6.03865295e+02, 5.57392359e-01, 1.06589868e+03,
       4.56744507e+02, 5.78477740e-01, 1.27788574e+03, 4.53766663e+02,
       4.56786573e-01, 1.58689771e+03, 4.68491821e+02, 2.76934355e-01,
       6.45186584e+02, 4.86113647e+02, 8.95173073e-01, 6.51043091e+02,
       4.59522064e+02, 8.41787040e-01, 6.53883606e+02, 5.27199463e+02,
       6.86526477e-01, 0., 0., 0., 1.67815161e+03, 4.50784149e+02,
       4.84324396e-01, 1.67518518e+03, 4.42002228e+02, 4.61709768e-01,
       0., 0., 0., 1.68412695e+03, 5.71517029e+02, 6.22939467e-01,
       1.68109863e+03, 5.80350952e+02, 4.86818582e-01, 1.60461121e+03,
       6.03892578e+02, 2.09067211e-01 ]
