%YAML:1.0
---
pose_0: !!opencv-matrix
   rows: 1
   cols: 25
   dt: "3f"
   data: [ 7.12725220e+02, 6.01022705e+02, 8.96430850e-01,
       8.15797363e+02, 5.86236938e+02, 6.85717940e-01, 7.95142639e+02,
       6.45079407e+02, 5.74752569e-01, 8.83496643e+02, 6.68696167e+02,
       1.00391090e-01, 0., 0., 0., 8.36437317e+02, 5.33175964e+02,
       7.13209212e-01, 9.92387207e+02, 4.80375061e+02, 7.25563765e-01,
       1.14262488e+03, 4.56607025e+02, 8.26459169e-01, 1.11589502e+03,
       6.18561584e+02, 5.56864619e-01, 1.10417029e+03, 6.65650757e+02,
       5.97434282e-01, 1.30722729e+03, 7.77465393e+02, 7.37814426e-01,
       1.39267346e+03, 6.92069763e+02, 2.10679233e-01, 1.11895105e+03,
       5.59748047e+02, 5.53150892e-01, 1.30444800e+03, 6.50960815e+02,
       7.34004080e-01, 1.59580176e+03, 6.83331299e+02, 5.52481592e-01,
       6.92264160e+02, 6.18576294e+02, 8.60008955e-01, 6.98082397e+02,
       5.80288330e+02, 8.41801822e-01, 7.09782959e+02, 6.33342712e+02,
       1.43627077e-01, 7.21548340e+02, 5.53921265e+02, 6.80723548e-01,
       1.64874622e+03, 7.42281433e+02, 1.46605477e-01, 1.64874316e+03,
       7.33320129e+02, 1.24290667e-01, 1.62225964e+03, 6.71512756e+02,
       2.86785990e-01, 1.41616370e+03, 6.95121765e+02, 7.24078640e-02,
       0., 0., 0., 1.40447339e+03, 6.89158325e+02, 1.07962884e-01 ]
