%YAML:1.0
---
pose_0: !!opencv-matrix
   rows: 1
   cols: 25
   dt: "3f"
   data: [ 7.36248291e+02, 4.83079315e+02, 8.29622388e-01,
       8.60046082e+02, 4.94952606e+02, 7.02043891e-01, 8.56893555e+02,
       5.77263062e+02, 7.44131207e-01, 9.42346741e+02, 6.48027649e+02,
       3.63449901e-01, 9.51170288e+02, 6.47948486e+02, 3.10177565e-01,
       8.80474976e+02, 4.18456482e+02, 5.59072912e-01, 1.02477222e+03,
       3.88893768e+02, 8.66640627e-01, 9.51044556e+02, 3.89144562e+02,
       6.85082674e-01, 1.13653247e+03, 5.00829529e+02, 5.50706804e-01,
       1.12779785e+03, 5.47861633e+02, 5.80077589e-01, 1.30726135e+03,
       5.77313599e+02, 7.72610307e-01, 1.54277515e+03, 5.89183655e+02,
       5.59720993e-01, 1.13072522e+03, 4.47823853e+02, 5.29032648e-01,
       1.35444263e+03, 4.56749969e+02, 7.07035661e-01, 1.57511133e+03,
       4.80245361e+02, 5.94748974e-01, 7.18773254e+02, 5.03650848e+02,
       7.58283198e-01, 7.18727234e+02, 4.65534058e+02, 7.41284490e-01,
       7.39350830e+02, 5.21427429e+02, 4.05268341e-01, 7.42268494e+02,
       4.38995422e+02, 4.61480469e-01, 1.63106799e+03, 4.53695740e+02,
       3.74161512e-01, 1.62224231e+03, 4.50790863e+02, 4.51194227e-01,
       1.60751331e+03, 4.80230652e+02, 3.11409503e-01, 1.62810913e+03,
       5.65571533e+02, 3.50870818e-01, 1.61631836e+03, 5.77417786e+02,
       2.65775084e-01, 1.57806934e+03, 5.80389160e+02, 2.56137222e-01 ]
