%YAML:1.0
---
pose_0: !!opencv-matrix
   rows: 1
   cols: 25
   dt: "3f"
   data: [ 7.59877747e+02, 4.83170837e+02, 8.93406868e-01,
       8.80532532e+02, 5.12634705e+02, 7.67845631e-01, 8.59875244e+02,
       5.80344421e+02, 7.81748116e-01, 9.54218262e+02, 6.45191406e+02,
       8.53348792e-01, 1.04827563e+03, 7.33387573e+02, 8.37280869e-01,
       8.92339600e+02, 4.53789032e+02, 6.75280929e-01, 1.02470496e+03,
       4.03766052e+02, 7.77522385e-01, 1.11610608e+03, 3.38855286e+02,
       8.62549543e-01, 1.13951282e+03, 5.00849274e+02, 6.03230894e-01,
       1.13956116e+03, 5.47963684e+02, 6.28843248e-01, 1.33380054e+03,
       5.65565186e+02, 7.37713337e-01, 1.55159009e+03, 5.56875061e+02,
       6.51489258e-01, 1.13943982e+03, 4.44901550e+02, 6.03318930e-01,
       1.32794373e+03, 4.33255157e+02, 7.54778922e-01, 1.56639941e+03,
       4.30239014e+02, 6.20244384e-01, 7.42140564e+02, 5.00904724e+02,
       8.64397407e-01, 7.48089844e+02, 4.62589600e+02, 8.38107407e-01,
       7.59803467e+02, 5.30261230e+02, 7.28090942e-01, 7.80398376e+02,
       4.53652374e+02, 5.46258867e-01, 1.63692786e+03, 4.12499664e+02,
       3.68996978e-01, 1.63391492e+03, 4.09629578e+02, 4.21900988e-01,
       1.61338171e+03, 4.36066010e+02, 2.30953500e-01, 1.61043774e+03,
       5.95062439e+02, 3.42015982e-01, 1.61045007e+03, 5.92105164e+02,
       3.65494400e-01, 1.58397632e+03, 5.39127930e+02, 4.27826494e-01 ]
