%YAML:1.0
---
pose_0: !!opencv-matrix
   rows: 1
   cols: 25
   dt: "3f"
   data: [ 7.45166870e+02, 4.80278564e+02, 3.34382921e-01,
       8.54043701e+02, 4.74398987e+02, 5.69322884e-01, 8.54084412e+02,
       5.06832733e+02, 5.23015618e-01, 9.06967102e+02, 5.77373840e+02,
       8.79646719e-01, 7.89394775e+02, 5.39066467e+02, 8.35649848e-01,
       8.56963257e+02, 4.27306061e+02, 4.43155676e-01, 8.86508972e+02,
       3.86103821e+02, 8.44361424e-01, 7.86265747e+02, 4.47918976e+02,
       7.74694324e-01, 1.11012488e+03, 4.59568146e+02, 5.84639490e-01,
       1.11590491e+03, 5.03808716e+02, 6.13298833e-01, 1.32788281e+03,
       5.03635223e+02, 7.59358346e-01, 1.55157019e+03, 5.06782928e+02,
       5.72999477e-01, 1.10715527e+03, 4.09705750e+02, 6.06492162e-01,
       1.32498645e+03, 3.88960968e+02, 4.97934103e-01, 1.53983923e+03,
       4.39076691e+02, 3.51992249e-01, 7.36265320e+02, 4.83144623e+02,
       3.84804368e-01, 7.39185120e+02, 4.65487488e+02, 3.25161517e-01,
       7.48085388e+02, 5.00850281e+02, 1.31265283e-01, 7.45139587e+02,
       4.42009644e+02, 1.09448060e-01, 1.60459009e+03, 4.92051666e+02,
       1.06651105e-01, 0., 0., 0., 1.56629297e+03, 4.30161011e+02,
       2.54093349e-01, 1.62221240e+03, 4.97882690e+02, 5.93585134e-01,
       1.61051404e+03, 5.09673950e+02, 5.37965119e-01, 1.57517786e+03,
       5.21456299e+02, 2.16911182e-01 ]
