%YAML:1.0
---
pose_0: !!opencv-matrix
   rows: 1
   cols: 25
   dt: "3f"
   data: [ 0., 0., 0., 0., 0., 0., 0., 0., 0., 0., 0., 0., 0., 0., 0.,
       0., 0., 0., 0., 0., 0., 0., 0., 0., 1.11597351e+03,
       4.06644714e+02, 1.09085135e-01, 1.12483008e+03, 4.03694031e+02,
       1.06163330e-01, 1.33094482e+03, 4.62604767e+02, 5.80165207e-01,
       1.53981726e+03, 3.91977692e+02, 5.45754731e-01, 1.11305432e+03,
       3.97868591e+02, 9.62281823e-02, 1.33387097e+03, 5.50906494e+02,
       7.10145891e-01, 1.56625305e+03, 4.15528198e+02, 5.57894588e-01,
       0., 0., 0., 0., 0., 0., 0., 0., 0., 0., 0., 0., 1.61341284e+03,
       4.83173035e+02, 4.69360620e-01, 1.61347424e+03, 4.74345947e+02,
       4.04356211e-01, 1.58986841e+03, 3.89006104e+02, 3.50400478e-01,
       0., 0., 0., 0., 0., 0., 1.56922949e+03, 3.62527008e+02,
       3.76668990e-01 ]
