%YAML:1.0
---
pose_0: !!opencv-matrix
   rows: 1
   cols: 25
   dt: "3f"
   data: [ 8.09841980e+02, 4.06664856e+02, 5.22695899e-01,
       8.80567749e+02, 3.18436249e+02, 3.99505407e-01, 8.86446594e+02,
       3.18351837e+02, 2.54100502e-01, 1.06003064e+03, 4.44944092e+02,
       4.80732322e-01, 1.14840149e+03, 5.30435242e+02, 6.08927011e-01,
       8.59968567e+02, 3.35972961e+02, 6.26319706e-01, 8.77517517e+02,
       5.06698273e+02, 4.66888279e-01, 8.60015442e+02, 6.42159302e+02,
       4.01661634e-01, 1.17783826e+03, 3.41990326e+02, 4.36610490e-01,
       1.16901672e+03, 3.91933990e+02, 4.78229582e-01, 1.30443115e+03,
       5.68498901e+02, 8.02659988e-01, 1.53979846e+03, 5.74521667e+02,
       6.00375235e-01, 1.18662598e+03, 3.00733185e+02, 3.11747223e-01,
       1.42796558e+03, 2.71392120e+02, 4.01029408e-01, 1.59279309e+03,
       1.53525208e+02, 3.65220279e-01, 0., 0., 0., 7.92320923e+02,
       3.89157867e+02, 6.07269824e-01, 0., 0., 0., 8.06859070e+02,
       3.44886444e+02, 5.83952844e-01, 1.68404187e+03, 1.56483841e+02,
       2.41592273e-01, 1.68403809e+03, 1.50642792e+02, 2.28358671e-01,
       0., 0., 0., 1.59867517e+03, 6.42076233e+02, 3.15135926e-01,
       1.59277539e+03, 6.36191833e+02, 2.92953968e-01, 1.56633765e+03,
       5.53885132e+02, 4.94184107e-01 ]
