%YAML:1.0
---
pose_0: !!opencv-matrix
   rows: 1
   cols: 25
   dt: "3f"
   data: [ 7.62736206e+02, 3.86141541e+02, 8.64963174e-01,
       8.77497742e+02, 4.09561218e+02, 7.39453316e-01, 8.60083435e+02,
       4.86100342e+02, 7.61398852e-01, 9.92417236e+02, 5.39096008e+02,
       6.42202735e-01, 1.00421039e+03, 5.27296265e+02, 5.36932468e-01,
       8.83410278e+02, 3.24288116e+02, 6.47011757e-01, 1.01590784e+03,
       2.91950287e+02, 7.61716127e-01, 1.09837891e+03, 2.68439728e+02,
       8.38047266e-01, 1.12485120e+03, 3.91941193e+02, 5.72331607e-01,
       1.12483765e+03, 4.42018188e+02, 5.79543293e-01, 1.34846948e+03,
       4.59642395e+02, 7.70332336e-01, 1.53103369e+03, 5.36170105e+02,
       5.81532419e-01, 1.12777148e+03, 3.39068359e+02, 5.96178234e-01,
       1.35146277e+03, 3.06591461e+02, 5.10338426e-01, 1.55750842e+03,
       2.91964294e+02, 5.05868196e-01, 7.45145813e+02, 4.06567810e+02,
       7.74135411e-01, 7.45213379e+02, 3.68483765e+02, 7.90350556e-01,
       7.65666382e+02, 4.33011169e+02, 6.45300984e-01, 7.68783752e+02,
       3.47815826e+02, 5.01506388e-01, 1.63703528e+03, 2.68383209e+02,
       5.71201026e-01, 1.63685950e+03, 2.68227844e+02, 5.71493149e-01,
       1.58687122e+03, 2.97767609e+02, 2.36483514e-01, 1.61639685e+03,
       5.50824402e+02, 6.02838576e-01, 1.61035046e+03, 5.56807800e+02,
       5.40849626e-01, 1.54862659e+03, 5.42031677e+02, 3.24517667e-01 ]
