%YAML:1.0
---
pose_0: !!opencv-matrix
   rows: 1
   cols: 25
   dt: "3f"
   data: [ 7.03966553e+02, 5.09686249e+02, 7.43525982e-01,
       8.01088196e+02, 4.56799164e+02, 5.53073287e-01, 7.77542542e+02,
       4.62623016e+02, 3.50377083e-01, 8.77618713e+02, 5.47920044e+02,
       7.58940876e-02, 0., 0., 0., 8.21699646e+02, 4.56669800e+02,
       6.24527216e-01, 8.98177124e+02, 5.56881714e+02, 7.67996311e-01,
       7.83414856e+02, 5.77338745e+02, 8.20061803e-01, 1.10715027e+03,
       4.36082367e+02, 3.58716756e-01, 1.09538037e+03, 4.41987244e+02,
       2.16173440e-01, 1.33972021e+03, 4.80203552e+02, 5.49173176e-01,
       1.57219019e+03, 3.97842804e+02, 4.32792664e-01, 1.11598413e+03,
       4.33118530e+02, 3.04186195e-01, 1.34264697e+03, 4.89088501e+02,
       4.95127290e-01, 1.63403796e+03, 4.12602234e+02, 4.59185988e-01,
       6.95014221e+02, 5.06726105e+02, 3.23787868e-01, 6.95211182e+02,
       4.89065643e+02, 7.57828116e-01, 0., 0., 0., 7.18627747e+02,
       4.50759644e+02, 6.46942317e-01, 1.69292493e+03, 3.65464813e+02,
       2.35895008e-01, 1.69581238e+03, 3.65557800e+02, 2.17011362e-01,
       1.67811816e+03, 4.24335083e+02, 1.78699672e-01, 0., 0., 0., 0.,
       0., 0., 1.58988550e+03, 3.65408722e+02, 2.40266427e-01 ]
