%YAML:1.0
---
pose_0: !!opencv-matrix
   rows: 1
   cols: 25
   dt: "3f"
   data: [ 0., 0., 0., 8.15785645e+02, 5.30215820e+02, 5.09253025e-01,
       8.09990967e+02, 5.53851807e+02, 7.64048994e-01, 9.24637268e+02,
       6.21520874e+02, 8.47144246e-01, 1.04822534e+03, 5.39157654e+02,
       7.76602685e-01, 8.24602844e+02, 5.06748779e+02, 2.44866222e-01,
       1.00415900e+03, 5.06804382e+02, 1.96098745e-01, 1.11603528e+03,
       4.86096710e+02, 3.68994206e-01, 1.08948828e+03, 5.74438110e+02,
       4.91065741e-01, 1.07179077e+03, 6.03936646e+02, 4.87166554e-01,
       1.32494543e+03, 4.86141968e+02, 7.90956199e-01, 1.53975574e+03,
       6.27388184e+02, 5.03805578e-01, 1.10712854e+03, 5.33245728e+02,
       4.04257208e-01, 1.32798352e+03, 4.89089447e+02, 2.95058101e-01,
       1.50152722e+03, 6.27404480e+02, 3.84077102e-01, 0., 0., 0., 0.,
       0., 0., 7.42263428e+02, 5.00875214e+02, 1.19488716e-01, 0., 0.,
       0., 1.63110913e+03, 5.30306152e+02, 7.15356246e-02,
       1.62812329e+03, 5.30382202e+02, 5.12776077e-02, 1.49563013e+03,
       6.65732422e+02, 2.50370353e-01, 1.63393542e+03, 5.53845947e+02,
       4.24296737e-01, 1.63401807e+03, 5.65625427e+02, 3.22874367e-01,
       1.55747717e+03, 6.65663818e+02, 4.19965208e-01 ]
