%YAML:1.0
---
pose_0: !!opencv-matrix
   rows: 1
   cols: 25
   dt: "3f"
   data: [ 6.95206665e+02, 4.97876862e+02, 8.26475918e-01,
       7.92238953e+02, 4.36092102e+02, 5.38083136e-01, 7.62821960e+02,
       4.50801849e+02, 3.06784511e-01, 0., 0., 0., 0., 0., 0.,
       8.15849976e+02, 4.33060028e+02, 6.60574436e-01, 8.98188354e+02,
       5.33347229e+02, 8.00069213e-01, 7.62734985e+02, 5.59668274e+02,
       7.95474470e-01, 1.09537476e+03, 4.50829803e+02, 2.92293996e-01,
       1.06890784e+03, 4.77301300e+02, 1.65169835e-01, 1.33384802e+03,
       4.74360809e+02, 2.33989850e-01, 1.56634338e+03, 3.91953156e+02,
       2.57030100e-01, 1.11011523e+03, 4.27281891e+02, 2.62162238e-01,
       1.34846997e+03, 4.77215576e+02, 5.97489059e-01, 1.61342700e+03,
       4.12647644e+02, 4.53546882e-01, 6.83289185e+02, 4.97866272e+02,
       3.34262967e-01, 6.92059631e+02, 4.74383118e+02, 7.84948707e-01,
       0., 0., 0., 7.15688538e+02, 4.35991791e+02, 6.88179374e-01,
       1.68406177e+03, 3.65463562e+02, 2.28211150e-01, 1.68408313e+03,
       3.65544800e+02, 2.08046421e-01, 1.64579358e+03, 4.12559937e+02,
       1.77742913e-01, 0., 0., 0., 0., 0., 0., 1.58105554e+03,
       3.62507843e+02, 1.81344539e-01 ]
