%YAML:1.0
---
pose_0: !!opencv-matrix
   rows: 1
   cols: 25
   dt: "3f"
   data: [ 6.65627319e+02, 5.09741669e+02, 8.10857356e-01,
       7.68693542e+02, 5.06662750e+02, 6.81452930e-01, 7.68772339e+02,
       5.77444397e+02, 4.79991138e-01, 9.30611389e+02, 6.00867737e+02,
       3.02962482e-01, 9.54042236e+02, 6.03944336e+02, 1.74123749e-01,
       7.68651855e+02, 4.15540680e+02, 6.66580081e-01, 9.06945557e+02,
       3.62537964e+02, 8.11388612e-01, 1.02474121e+03, 3.18311890e+02,
       8.87057126e-01, 1.09538782e+03, 4.94945282e+02, 5.11237502e-01,
       1.09248889e+03, 5.50762695e+02, 5.39044321e-01, 1.29261572e+03,
       5.27407166e+02, 7.17727900e-01, 1.61046643e+03, 4.86205811e+02,
       3.13506544e-01, 1.09832043e+03, 4.33116211e+02, 5.08060157e-01,
       1.30733374e+03, 4.71436584e+02, 5.99420965e-01, 1.56337000e+03,
       5.24378235e+02, 1.52377605e-01, 6.48037170e+02, 5.30351440e+02,
       8.25059772e-01, 6.47932922e+02, 4.92044830e+02, 7.70446599e-01,
       6.71594360e+02, 5.53741760e+02, 2.62588888e-01, 6.71504639e+02,
       4.59762115e+02, 5.86964667e-01, 0., 0., 0., 0., 0., 0., 0., 0.,
       0., 1.66342285e+03, 4.33064972e+02, 1.31393701e-01,
       1.66052893e+03, 4.39093079e+02, 9.88304690e-02, 1.63107861e+03,
       4.83116333e+02, 2.30228737e-01 ]
