%YAML:1.0
---
pose_0: !!opencv-matrix
   rows: 1
   cols: 25
   dt: "3f"
   data: [ 7.39118652e+02, 5.06769897e+02, 9.13366854e-01,
       8.39332825e+02, 5.50747131e+02, 7.50568271e-01, 8.33297241e+02,
       6.03970276e+02, 7.85563588e-01, 9.54169678e+02, 6.42121704e+02,
       7.15478301e-01, 1.09244751e+03, 6.48065125e+02, 8.21664512e-01,
       8.56893799e+02, 4.94985718e+02, 5.44373810e-01, 9.15829529e+02,
       4.80175171e+02, 6.30425960e-02, 0., 0., 0., 1.11899524e+03,
       5.03840820e+02, 5.62041223e-01, 1.11900574e+03, 5.53781433e+02,
       5.80516994e-01, 1.34555273e+03, 5.97872070e+02, 6.77224278e-01,
       1.54867151e+03, 6.56865906e+02, 6.58707798e-01, 1.11599731e+03,
       4.56631683e+02, 5.57762146e-01, 1.33384290e+03, 4.39105927e+02,
       6.54726624e-01, 1.56330652e+03, 4.39063934e+02, 6.75692737e-01,
       7.18637695e+02, 5.27212769e+02, 8.97027493e-01, 7.33293579e+02,
       4.89055878e+02, 8.30197752e-01, 7.36272827e+02, 5.56836243e+02,
       7.67542303e-01, 7.62678711e+02, 4.80233246e+02, 6.25579357e-01,
       1.64583167e+03, 4.36034729e+02, 3.35508436e-01, 1.63990820e+03,
       4.27305237e+02, 3.66652906e-01, 1.58102356e+03, 4.30200989e+02,
       2.83340812e-01, 1.62813086e+03, 6.62741516e+02, 5.85488200e-01,
       1.61340222e+03, 6.71640320e+02, 5.90649366e-01, 1.56632886e+03,
       6.59784973e+02, 3.71180147e-01 ]
