%YAML:1.0
---
pose_0: !!opencv-matrix
   rows: 1
   cols: 25
   dt: "3f"
   data: [ 7.21701477e+02, 4.83245483e+02, 8.44282031e-01,
       8.21716553e+02, 4.86233337e+02, 7.17515051e-01, 8.12899109e+02,
       5.47933899e+02, 7.13155627e-01, 9.27651489e+02, 5.94957886e+02,
       6.75840974e-01, 1.05716907e+03, 6.50909851e+02, 5.54926455e-01,
       8.30444458e+02, 4.33178619e+02, 6.88150167e-01, 9.74751953e+02,
       3.80223419e+02, 7.37349033e-01, 1.11301721e+03, 3.41894409e+02,
       7.99098969e-01, 1.08951917e+03, 5.09634552e+02, 5.63093364e-01,
       1.07775134e+03, 5.56779968e+02, 5.60552120e-01, 1.30436963e+03,
       5.74453857e+02, 4.02331114e-01, 1.53687317e+03, 5.94980591e+02,
       4.18954283e-01, 1.09832629e+03, 4.56699951e+02, 5.32520652e-01,
       1.33083032e+03, 4.53721924e+02, 5.20855606e-01, 1.56629968e+03,
       3.97811951e+02, 5.94834030e-01, 7.09859436e+02, 4.97921173e+02,
       7.61683702e-01, 7.15655762e+02, 4.62641296e+02, 8.06075513e-01,
       7.21666138e+02, 5.18475403e+02, 3.33952218e-01, 7.39316528e+02,
       4.39104919e+02, 6.57736778e-01, 1.65747583e+03, 4.42006592e+02,
       1.92593917e-01, 1.65744519e+03, 4.33102905e+02, 1.83333099e-01,
       1.58986157e+03, 3.74250732e+02, 2.80336231e-01, 1.61630542e+03,
       5.65590820e+02, 3.36212635e-01, 1.61046680e+03, 5.77341797e+02,
       2.59553790e-01, 1.57808691e+03, 5.97973694e+02, 2.34989539e-01 ]
