%YAML:1.0
---
pose_0: !!opencv-matrix
   rows: 1
   cols: 25
   dt: "3f"
   data: [ 6.30354492e+02, 5.00826050e+02, 7.71000147e-01,
       7.92330811e+02, 4.86120605e+02, 5.95214486e-01, 7.80460022e+02,
       5.80371338e+02, 6.29741728e-01, 9.30559998e+02, 6.71442566e+02,
       8.16979408e-01, 1.09538257e+03, 7.45179321e+02, 7.96827018e-01,
       8.12821594e+02, 3.94924927e+02, 3.33122522e-01, 9.77655518e+02,
       3.97863373e+02, 9.93919149e-02, 0., 0., 0., 1.09245532e+03,
       5.53919861e+02, 3.73892277e-01, 1.07182068e+03, 6.21502563e+02,
       2.90155619e-01, 1.15424744e+03, 6.74539856e+02, 1.37416512e-01,
       1.49861902e+03, 6.27427551e+02, 7.62133524e-02, 1.10716016e+03,
       4.92042725e+02, 3.54693502e-01, 1.32786487e+03, 5.12596619e+02,
       4.88627076e-01, 1.58689136e+03, 5.21464294e+02, 8.42201039e-02,
       6.15600708e+02, 5.15587524e+02, 7.01091111e-01, 6.15619263e+02,
       4.77223785e+02, 7.75112450e-01, 6.30375793e+02, 5.36202515e+02,
       1.10386878e-01, 6.45058777e+02, 4.36100006e+02, 4.87121254e-01,
       0., 0., 0., 0., 0., 0., 0., 0., 0., 0., 0., 0., 0., 0., 0., 0.,
       0., 0. ]
