%YAML:1.0
---
pose_0: !!opencv-matrix
   rows: 1
   cols: 25
   dt: "3f"
   data: [ 7.86442139e+02, 4.92029419e+02, 8.65254641e-01,
       8.59933655e+02, 5.03787384e+02, 6.25000656e-01, 8.59897461e+02,
       5.53952393e+02, 6.43861413e-01, 9.30533203e+02, 5.27275391e+02,
       8.20354819e-01, 9.39390137e+02, 3.83038818e+02, 6.55131400e-01,
       8.57004150e+02, 4.53741882e+02, 6.04286969e-01, 9.30487244e+02,
       3.91931824e+02, 2.34601498e-01, 9.36463379e+02, 3.44888306e+02,
       5.64727038e-02, 1.11301648e+03, 4.65568848e+02, 5.57780147e-01,
       1.11304053e+03, 5.09706726e+02, 6.02739692e-01, 1.32196985e+03,
       5.30451965e+02, 5.80172360e-01, 1.51923267e+03, 5.33229980e+02,
       5.73734522e-01, 1.10713904e+03, 4.15488586e+02, 5.74335575e-01,
       1.19250000e+03, 4.09474213e+02, 7.10958183e-01, 1.37793140e+03,
       4.09676727e+02, 6.22205913e-01, 7.74564148e+02, 5.06749939e+02,
       8.30739319e-01, 7.80413757e+02, 4.80251068e+02, 8.45623851e-01,
       7.86409485e+02, 5.33306824e+02, 7.09798455e-01, 7.92288086e+02,
       4.62585205e+02, 3.96705121e-01, 1.45156567e+03, 4.09554260e+02,
       3.49369019e-01, 1.44864526e+03, 3.92043091e+02, 3.78018916e-01,
       1.40441101e+03, 4.24353821e+02, 2.81314343e-01, 1.57517798e+03,
       5.15556213e+02, 2.89300054e-01, 1.56633752e+03, 5.27299133e+02,
       2.58835882e-01, 1.54867883e+03, 5.30310486e+02, 3.49796444e-01 ]
