%YAML:1.0
---
pose_0: !!opencv-matrix
   rows: 1
   cols: 25
   dt: "3f"
   data: [ 7.45158203e+02, 4.74407410e+02, 7.15313196e-01,
       7.92218933e+02, 5.50804932e+02, 6.05667830e-01, 8.33385376e+02,
       5.74298279e+02, 7.28048325e-01, 9.68778687e+02, 5.30185486e+02,
       7.76798189e-01, 8.68726807e+02, 4.27308655e+02, 6.99658751e-01,
       7.06914307e+02, 5.50959778e+02, 2.77968198e-01, 9.80710144e+02,
       4.65552429e+02, 3.21496248e-01, 9.27558960e+02, 4.12663300e+02,
       6.75798655e-01, 1.09247522e+03, 5.53862976e+02, 2.91346550e-01,
       1.07774182e+03, 5.74426575e+02, 2.14583427e-01, 1.33678760e+03,
       5.06822876e+02, 6.96163654e-01, 1.60459521e+03, 6.98047180e+02,
       5.04855037e-01, 1.11305261e+03, 5.36154175e+02, 2.29321107e-01,
       1.35437610e+03, 4.92047943e+02, 4.46581066e-01, 1.56926953e+03,
       5.77383179e+02, 6.01336181e-01, 7.33380676e+02, 4.83185577e+02,
       6.78389668e-01, 7.36287170e+02, 4.65551697e+02, 1.08632751e-01,
       7.39350342e+02, 5.12669128e+02, 5.25066018e-01, 0., 0., 0.,
       1.61347021e+03, 4.92028534e+02, 2.43134975e-01, 1.61046631e+03,
       4.97906982e+02, 2.42525011e-01, 1.58984875e+03, 6.06793457e+02,
       4.08703148e-01, 1.66062842e+03, 7.27482544e+02, 3.84946406e-01,
       1.63996545e+03, 7.42102234e+02, 4.24376845e-01, 1.62517212e+03,
       7.18614563e+02, 2.49238983e-01 ]
