%YAML:1.0
---
pose_0: !!opencv-matrix
   rows: 1
   cols: 25
   dt: "3f"
   data: [ 7.89376770e+02, 3.77226776e+02, 7.03855574e-01,
       8.80535828e+02, 4.36162567e+02, 7.08674490e-01, 8.77517334e+02,
       5.06772217e+02, 5.79412639e-01, 9.98159729e+02, 5.92120789e+02,
       7.90610850e-01, 1.00118427e+03, 5.03743683e+02, 5.82630396e-01,
       8.80598389e+02, 3.74286285e+02, 5.34786522e-01, 1.03360071e+03,
       3.41986084e+02, 7.32842565e-01, 1.16305029e+03, 3.06652527e+02,
       7.61403143e-01, 1.13074487e+03, 4.27258759e+02, 5.84388494e-01,
       1.13366235e+03, 4.71392639e+02, 5.76419175e-01, 1.35735681e+03,
       4.94912628e+02, 6.85037851e-01, 1.53972961e+03, 5.27396790e+02,
       6.60057306e-01, 1.13656055e+03, 3.77187378e+02, 6.04703307e-01,
       1.33086731e+03, 3.15488861e+02, 5.30305862e-01, 1.56334790e+03,
       2.68266327e+02, 5.61471999e-01, 7.74549072e+02, 3.89017883e+02,
       7.29589045e-01, 7.80455139e+02, 3.65410950e+02, 4.48154479e-01,
       7.86304565e+02, 4.30196045e+02, 7.27251112e-01, 0., 0., 0.,
       1.64286511e+03, 2.24237045e+02, 5.15130758e-01, 1.63701648e+03,
       2.24242874e+02, 5.10053694e-01, 1.60452283e+03, 2.71370087e+02,
       2.41806164e-01, 1.60159204e+03, 5.03832428e+02, 6.50420785e-01,
       1.58988647e+03, 5.21391418e+02, 5.83030701e-01, 1.55455750e+03,
       5.36203674e+02, 3.46126795e-01 ]
