%YAML:1.0
---
pose_0: !!opencv-matrix
   rows: 1
   cols: 25
   dt: "3f"
   data: [ 4.62544220e+02, 6.00942200e+02, 6.54255569e-01,
       5.09664429e+02, 5.89185242e+02, 5.00128567e-01, 4.89063538e+02,
       6.36214539e+02, 4.12017912e-01, 5.30392090e+02, 6.86287292e+02,
       1.89660102e-01, 5.59702759e+02, 7.53997498e+02, 3.25339615e-01,
       5.27330566e+02, 5.47951111e+02, 3.72855186e-01, 8.06907959e+02,
       4.74293091e+02, 7.08022654e-01, 5.86242920e+02, 5.56809998e+02,
       5.30631363e-01, 1.04238330e+03, 5.74447266e+02, 2.66229033e-01,
       1.04238367e+03, 6.39200195e+02, 2.27608725e-01, 1.19838550e+03,
       6.86272339e+02, 2.22766772e-01, 1.74583240e+03, 6.80426392e+02,
       1.84418708e-01, 1.03650928e+03, 5.06698669e+02, 2.83439785e-01,
       1.19842847e+03, 4.33070038e+02, 1.11310884e-01, 1.38090466e+03,
       3.86056732e+02, 1.21600509e-01, 4.44956635e+02, 6.03927612e+02,
       6.33566141e-01, 4.56639282e+02, 5.83238586e+02, 6.22384846e-01,
       4.44895630e+02, 6.24425659e+02, 1.72949031e-01, 4.62619781e+02,
       5.53787598e+02, 5.75082064e-01, 0., 0., 0., 0., 0., 0.,
       1.52218774e+03, 3.83080383e+02, 1.09977946e-01, 0., 0., 0., 0.,
       0., 0., 1.75464502e+03, 6.77441406e+02, 9.30741355e-02 ]
