%YAML:1.0
---
pose_0: !!opencv-matrix
   rows: 1
   cols: 25
   dt: "3f"
   data: [ 4.33184082e+02, 6.00872314e+02, 7.84423590e-01,
       5.50890747e+02, 5.68510071e+02, 5.09466052e-01, 5.27338501e+02,
       6.50927917e+02, 3.46697092e-01, 7.18744202e+02, 8.09807190e+02,
       4.35786813e-01, 5.97890808e+02, 8.54052795e+02, 4.71577317e-01,
       5.83305237e+02, 4.80257416e+02, 5.72382689e-01, 6.98061279e+02,
       5.53739380e+02, 7.55776644e-01, 5.03814148e+02, 7.59878235e+02,
       5.02322495e-01, 1.00120172e+03, 6.27425659e+02, 2.72560745e-01,
       9.98219116e+02, 7.09786011e+02, 2.72514850e-01, 1.14243811e+03,
       7.77493225e+02, 1.00663491e-01, 0., 0., 0., 1.01299670e+03,
       5.65584900e+02, 2.52148300e-01, 1.35732458e+03, 6.59766907e+02,
       2.53571898e-01, 1.73703918e+03, 6.51019531e+02, 3.49593163e-01,
       4.12481110e+02, 6.21401245e+02, 7.67714620e-01, 4.12690613e+02,
       5.68576355e+02, 7.57965565e-01, 4.36234894e+02, 6.42117798e+02,
       9.04841796e-02, 4.50802338e+02, 5.24370789e+02, 5.27970016e-01,
       1.81652136e+03, 6.06865906e+02, 2.26449534e-01, 1.81940039e+03,
       6.06787598e+02, 2.12677851e-01, 1.76054211e+03, 6.83322754e+02,
       2.38227487e-01, 0., 0., 0., 0., 0., 0., 0., 0., 0. ]
