%YAML:1.0
---
pose_0: !!opencv-matrix
   rows: 1
   cols: 25
   dt: "3f"
   data: [ 7.36366516e+02, 5.68486084e+02, 8.46551776e-01,
       8.48178711e+02, 5.74281250e+02, 7.09396780e-01, 8.42322388e+02,
       6.30339355e+02, 5.90181351e-01, 9.89465088e+02, 6.98053894e+02,
       5.88892221e-01, 1.15127722e+03, 7.39101379e+02, 7.45778739e-01,
       8.53971619e+02, 5.00833313e+02, 6.21262968e-01, 9.95338501e+02,
       4.62669037e+02, 7.32185364e-01, 1.13663477e+03, 4.41992279e+02,
       7.52168775e-01, 1.11607202e+03, 6.03897766e+02, 6.19412601e-01,
       1.11592725e+03, 6.50906982e+02, 6.03154838e-01, 1.32492798e+03,
       6.48074524e+02, 7.95522749e-01, 1.54567737e+03, 6.65645325e+02,
       6.33873105e-01, 1.11903394e+03, 5.53750732e+02, 6.10460520e-01,
       1.34260315e+03, 5.09771606e+02, 5.28966486e-01, 1.53394116e+03,
       4.65517487e+02, 5.86272836e-01, 7.18732056e+02, 5.77505127e+02,
       8.33146453e-01, 7.24580627e+02, 5.50818787e+02, 8.64480197e-01,
       7.39365173e+02, 6.00852722e+02, 5.59043825e-01, 7.54014221e+02,
       5.27220154e+02, 6.20502174e-01, 1.62516675e+03, 4.36159332e+02,
       3.71495485e-01, 1.61929968e+03, 4.36023071e+02, 4.04119194e-01,
       1.56335376e+03, 4.56720062e+02, 1.91647157e-01, 1.63100098e+03,
       6.62740967e+02, 4.00948316e-01, 1.61930505e+03, 6.74469543e+02,
       3.75097960e-01, 1.56629114e+03, 6.51012390e+02, 3.53301823e-01 ]
