%YAML:1.0
---
pose_0: !!opencv-matrix
   rows: 1
   cols: 25
   dt: "3f"
   data: [ 7.92267334e+02, 3.85937988e+02, 2.19533801e-01,
       9.15851196e+02, 3.89069641e+02, 2.23349437e-01, 9.06986694e+02,
       4.39025574e+02, 1.67098910e-01, 0., 0., 0., 0., 0., 0.,
       9.21724670e+02, 3.65421722e+02, 1.27943546e-01, 0., 0., 0., 0.,
       0., 0., 1.16903882e+03, 3.91957886e+02, 5.22811115e-01,
       1.17189075e+03, 4.39050415e+02, 5.23842216e-01, 1.37197778e+03,
       4.59774780e+02, 7.74938047e-01, 1.55451416e+03, 4.77302582e+02,
       5.95637381e-01, 1.16902380e+03, 3.41822540e+02, 5.46959639e-01,
       1.36025854e+03, 3.35966492e+02, 7.01410413e-01, 1.56927100e+03,
       2.94851746e+02, 5.58584869e-01, 8.01028625e+02, 3.86005493e+02,
       1.27982780e-01, 8.09875366e+02, 3.91973907e+02, 1.21919073e-01,
       0., 0., 0., 0., 0., 0., 1.64285144e+03, 2.65433197e+02,
       4.56922054e-01, 1.63694727e+03, 2.65350525e+02, 4.93281662e-01,
       1.61334937e+03, 3.06579773e+02, 2.01742753e-01, 1.61032263e+03,
       4.71380127e+02, 4.27092940e-01, 1.60458484e+03, 4.83145325e+02,
       4.05934840e-01, 1.58692224e+03, 4.62553162e+02, 3.55085909e-01 ]
