%YAML:1.0
---
pose_0: !!opencv-matrix
   rows: 1
   cols: 25
   dt: "3f"
   data: [ 7.36278809e+02, 5.53805359e+02, 9.04179752e-01,
       8.45219360e+02, 5.44953064e+02, 5.98460495e-01, 8.36338867e+02,
       5.97931824e+02, 3.95722717e-01, 0., 0., 0., 0., 0., 0.,
       8.59841858e+02, 4.83149567e+02, 6.63381636e-01, 9.89396179e+02,
       4.62627258e+02, 7.37217784e-01, 1.11902466e+03, 4.38997192e+02,
       8.31869841e-01, 1.10716248e+03, 6.00856201e+02, 5.57473660e-01,
       1.09835669e+03, 6.48030762e+02, 5.38383782e-01, 1.31614465e+03,
       6.47919678e+02, 4.89403278e-01, 1.55450378e+03, 6.68575256e+02,
       4.80588228e-01, 1.11307642e+03, 5.50818542e+02, 5.60750902e-01,
       1.32785132e+03, 5.18527832e+02, 5.04647017e-01, 1.53100330e+03,
       4.53717590e+02, 5.65598607e-01, 7.18708008e+02, 5.71415588e+02,
       7.97777057e-01, 7.24489136e+02, 5.33243469e+02, 8.16835999e-01,
       7.39186829e+02, 5.89091675e+02, 2.47458860e-01, 7.48074036e+02,
       5.09625580e+02, 6.44499719e-01, 1.63391345e+03, 4.27293396e+02,
       3.06480229e-01, 1.63104968e+03, 4.27258057e+02, 2.98823386e-01,
       0., 0., 0., 1.61935852e+03, 6.65667664e+02, 2.95090199e-01,
       1.61640112e+03, 6.74505310e+02, 2.64083743e-01, 1.58103918e+03,
       6.59780090e+02, 2.29297146e-01 ]
