%YAML:1.0
---
pose_0: !!opencv-matrix
   rows: 1
   cols: 25
   dt: "3f"
   data: [ 7.33372314e+02, 5.74554077e+02, 8.61154914e-01,
       8.21641663e+02, 6.03827148e+02, 7.57468045e-01, 8.06996521e+02,
       6.80388977e+02, 6.12625718e-01, 9.30635986e+02, 7.45181519e+02,
       6.80665612e-01, 1.03071252e+03, 7.30442688e+02, 7.86328912e-01,
       8.36355530e+02, 5.30311523e+02, 7.50160038e-01, 9.71700317e+02,
       4.65583221e+02, 7.29899406e-01, 9.95317383e+02, 3.53687622e+02,
       4.77302313e-01, 1.07187769e+03, 6.21537231e+02, 5.99598289e-01,
       1.06303442e+03, 6.71454895e+02, 5.83689213e-01, 1.27790527e+03,
       6.68583069e+02, 6.76507235e-01, 1.52508655e+03, 7.09839478e+02,
       5.11106014e-01, 1.07475232e+03, 5.62619446e+02, 5.70726097e-01,
       1.28671118e+03, 5.97831970e+02, 6.67402685e-01, 1.52808386e+03,
       6.01050476e+02, 5.18642306e-01, 7.15710144e+02, 5.92039307e+02,
       8.26294959e-01, 7.18786499e+02, 5.56732910e+02, 8.22500050e-01,
       7.21670837e+02, 6.21382080e+02, 7.24342227e-01, 7.42162720e+02,
       5.36227844e+02, 5.06424189e-01, 1.61344470e+03, 5.80306335e+02,
       5.42778134e-01, 1.61045349e+03, 5.77316162e+02, 5.73461652e-01,
       1.54574841e+03, 6.27389343e+02, 2.69296020e-01, 1.60159448e+03,
       6.98088013e+02, 2.92417526e-01, 1.58686511e+03, 7.18582092e+02,
       2.60685414e-01, 1.55746887e+03, 7.03916687e+02, 3.07207316e-01 ]
